p,Neg,Pos,$\frac{\text{Pos}}{\text{Neg}+\text{Pos}}$,TN,FP,FN,TP,Prec,Rec,$\frac{\text{FP}}{\text{P}}$
0.0,"30,281",980,0.03,"30,281","575,329",980,"106,976",0.16,0.99,5.33
0.05,"20,087",932,0.04,"50,368","555,242","1,912","106,044",0.16,0.98,5.14
0.1,"25,103","1,357",0.05,"75,471","530,139","3,269","104,687",0.16,0.97,4.91
0.15,"30,825","1,910",0.06,"106,296","499,314","5,179","102,777",0.17,0.95,4.63
0.2,"36,282","2,676",0.07,"142,578","463,032","7,855","100,101",0.18,0.93,4.29
0.25,"42,344","3,644",0.08,"184,922","420,688","11,499","96,457",0.19,0.89,3.90
0.3,"48,133","4,818",0.09,"233,055","372,555","16,317","91,639",0.20,0.85,3.45
0.35,"53,360","6,349",0.11,"286,415","319,195","22,666","85,290",0.21,0.79,2.96
0.4,"54,703","7,686",0.12,"341,118","264,492","30,352","77,604",0.23,0.72,2.45
0.45,"53,376","8,706",0.14,"394,494","211,116","39,058","68,898",0.25,0.64,1.96
0.5,"48,721","9,373",0.16,"443,215","162,395","48,431","59,525",0.27,0.55,1.50
0.55,"41,314","9,343",0.18,"484,529","121,081","57,774","50,182",0.29,0.46,1.12
0.6,"32,594","8,818",0.21,"517,123","88,487","66,592","41,364",0.32,0.38,0.82
0.65,"25,149","7,636",0.23,"542,272","63,338","74,228","33,728",0.35,0.31,0.59
0.7,"17,924","6,435",0.26,"560,196","45,414","80,663","27,293",0.38,0.25,0.42
0.75,"12,596","5,282",0.30,"572,792","32,818","85,945","22,011",0.40,0.20,0.30
0.8,"8,782","4,385",0.33,"581,574","24,036","90,330","17,626",0.42,0.16,0.22
0.85,"6,660","3,678",0.36,"588,234","17,376","94,008","13,948",0.45,0.13,0.16
0.9,"4,918","3,232",0.40,"593,152","12,458","97,240","10,716",0.46,0.10,0.12
0.95,"3,957","2,804",0.41,"597,109","8,501","100,044","7,912",0.48,0.07,0.08
1.0,"8,501","7,912",0.48,"605,610",0,"107,956",0,nan,0.00,0.00
