p,Neg,Pos,$\frac{\text{Pos}}{\text{Neg}+\text{Pos}}$,TN,FP,FN,TP,Prec,Rec,$\frac{\text{FP}}{\text{P}}$
0.0,"60,561","1,202",0.02,"60,561","545,049","1,202","106,754",0.16,0.99,5.05
0.05,"22,701",744,0.03,"83,262","522,348","1,946","106,010",0.17,0.98,4.84
0.1,"27,324","1,038",0.04,"110,586","495,024","2,984","104,972",0.17,0.97,4.59
0.15,"31,930","1,532",0.05,"142,516","463,094","4,516","103,440",0.18,0.96,4.29
0.2,"36,307","2,088",0.05,"178,823","426,787","6,604","101,352",0.19,0.94,3.95
0.25,"39,964","2,822",0.07,"218,787","386,823","9,426","98,530",0.20,0.91,3.58
0.3,"42,046","3,683",0.08,"260,833","344,777","13,109","94,847",0.22,0.88,3.19
0.35,"43,570","4,436",0.09,"304,403","301,207","17,545","90,411",0.23,0.84,2.79
0.4,"42,565","5,533",0.12,"346,968","258,642","23,078","84,878",0.25,0.79,2.40
0.45,"41,221","6,212",0.13,"388,189","217,421","29,290","78,666",0.27,0.73,2.01
0.5,"38,720","6,892",0.15,"426,909","178,701","36,182","71,774",0.29,0.66,1.66
0.55,"34,516","7,365",0.18,"461,425","144,185","43,547","64,409",0.31,0.60,1.34
0.6,"30,188","7,532",0.20,"491,613","113,997","51,079","56,877",0.33,0.53,1.06
0.65,"25,547","7,578",0.23,"517,160","88,450","58,657","49,299",0.36,0.46,0.82
0.7,"21,041","7,244",0.26,"538,201","67,409","65,901","42,055",0.38,0.39,0.62
0.75,"17,009","6,831",0.29,"555,210","50,400","72,732","35,224",0.41,0.33,0.47
0.8,"13,101","6,247",0.32,"568,311","37,299","78,979","28,977",0.44,0.27,0.35
0.85,"9,929","5,584",0.36,"578,240","27,370","84,563","23,393",0.46,0.22,0.25
0.9,"7,824","4,989",0.39,"586,064","19,546","89,552","18,404",0.48,0.17,0.18
0.95,"5,736","4,273",0.43,"591,800","13,810","93,825","14,131",0.51,0.13,0.13
1.0,"13,810","14,131",0.51,"605,610",0,"107,956",0,nan,0.00,0.00
