p,Neg,Pos,mPrec,TN,FP,FN,TP,Prec,Rec,FP/P,$\hat{p}$
0.0,"15,143",686,0.04,"15,143","590,467",686,"107,270",0.15,0.99,5.47,0.98
0.01,"4,157",253,0.06,"19,300","586,310",939,"107,017",0.15,0.99,5.43,0.97
0.02,"4,913",265,0.05,"24,213","581,397","1,204","106,752",0.16,0.99,5.39,0.96
0.03,"6,900",350,0.05,"31,113","574,497","1,554","106,402",0.16,0.99,5.32,0.95
0.04,"7,208",387,0.05,"38,321","567,289","1,941","106,015",0.16,0.98,5.25,0.94
0.05,"6,506",380,0.06,"44,827","560,783","2,321","105,635",0.16,0.98,5.19,0.93
0.06,"7,314",421,0.05,"52,141","553,469","2,742","105,214",0.16,0.97,5.13,0.92
0.07,"8,453",516,0.06,"60,594","545,016","3,258","104,698",0.16,0.97,5.05,0.91
0.08,"7,589",475,0.06,"68,183","537,427","3,733","104,223",0.16,0.97,4.98,0.90
0.09,"7,405",541,0.07,"75,588","530,022","4,274","103,682",0.16,0.96,4.91,0.89
0.1,"6,991",466,0.06,"82,579","523,031","4,740","103,216",0.16,0.96,4.84,0.88
0.11,"6,051",385,0.06,"88,630","516,980","5,125","102,831",0.17,0.95,4.79,0.87
0.12,"5,209",378,0.07,"93,839","511,771","5,503","102,453",0.17,0.95,4.74,0.86
0.13,"4,881",335,0.06,"98,720","506,890","5,838","102,118",0.17,0.95,4.70,0.85
0.14,"3,852",324,0.08,"102,572","503,038","6,162","101,794",0.17,0.94,4.66,0.85
0.15,"3,951",312,0.07,"106,523","499,087","6,474","101,482",0.17,0.94,4.62,0.84
0.16,"3,310",269,0.08,"109,833","495,777","6,743","101,213",0.17,0.94,4.59,0.84
0.17,"2,875",187,0.06,"112,708","492,902","6,930","101,026",0.17,0.94,4.57,0.83
0.18,"2,754",203,0.07,"115,462","490,148","7,133","100,823",0.17,0.93,4.54,0.83
0.19,"2,580",247,0.09,"118,042","487,568","7,380","100,576",0.17,0.93,4.52,0.82
0.2,"2,852",284,0.09,"120,894","484,716","7,664","100,292",0.17,0.93,4.49,0.82
0.21,"2,965",272,0.08,"123,859","481,751","7,936","100,020",0.17,0.93,4.46,0.82
0.22,"2,868",262,0.08,"126,727","478,883","8,198","99,758",0.17,0.92,4.44,0.81
0.23,"3,347",316,0.09,"130,074","475,536","8,514","99,442",0.17,0.92,4.40,0.81
0.24,"3,668",386,0.10,"133,742","471,868","8,900","99,056",0.17,0.92,4.37,0.80
0.25,"4,388",445,0.09,"138,130","467,480","9,345","98,611",0.17,0.91,4.33,0.79
0.26,"4,431",508,0.10,"142,561","463,049","9,853","98,103",0.17,0.91,4.29,0.79
0.27,"5,577",577,0.09,"148,138","457,472","10,430","97,526",0.18,0.90,4.24,0.78
0.28,"5,914",586,0.09,"154,052","451,558","11,016","96,940",0.18,0.90,4.18,0.77
0.29,"6,675",730,0.10,"160,727","444,883","11,746","96,210",0.18,0.89,4.12,0.76
0.3,"7,038",754,0.10,"167,765","437,845","12,500","95,456",0.18,0.88,4.06,0.75
0.31,"7,025",723,0.09,"174,790","430,820","13,223","94,733",0.18,0.88,3.99,0.74
0.32,"7,759",870,0.10,"182,549","423,061","14,093","93,863",0.18,0.87,3.92,0.72
0.33,"8,064","1,042",0.11,"190,613","414,997","15,135","92,821",0.18,0.86,3.84,0.71
0.34,"8,220",960,0.10,"198,833","406,777","16,095","91,861",0.18,0.85,3.77,0.70
0.35,"8,364",970,0.10,"207,197","398,413","17,065","90,891",0.19,0.84,3.69,0.69
0.36,"8,281","1,082",0.12,"215,478","390,132","18,147","89,809",0.19,0.83,3.61,0.67
0.37,"8,926","1,156",0.11,"224,404","381,206","19,303","88,653",0.19,0.82,3.53,0.66
0.38,"9,083","1,189",0.12,"233,487","372,123","20,492","87,464",0.19,0.81,3.45,0.64
0.39,"9,869","1,283",0.12,"243,356","362,254","21,775","86,181",0.19,0.80,3.36,0.63
0.4,"9,307","1,374",0.13,"252,663","352,947","23,149","84,807",0.19,0.79,3.27,0.61
0.41,"10,179","1,526",0.13,"262,842","342,768","24,675","83,281",0.20,0.77,3.18,0.60
0.42,"10,686","1,548",0.13,"273,528","332,082","26,223","81,733",0.20,0.76,3.08,0.58
0.43,"10,575","1,575",0.13,"284,103","321,507","27,798","80,158",0.20,0.74,2.98,0.56
0.44,"10,227","1,526",0.13,"294,330","311,280","29,324","78,632",0.20,0.73,2.88,0.55
0.45,"10,405","1,560",0.13,"304,735","300,875","30,884","77,072",0.20,0.71,2.79,0.53
0.46,"10,771","1,732",0.14,"315,506","290,104","32,616","75,340",0.21,0.70,2.69,0.51
0.47,"9,772","1,596",0.14,"325,278","280,332","34,212","73,744",0.21,0.68,2.60,0.50
0.48,"9,763","1,636",0.14,"335,041","270,569","35,848","72,108",0.21,0.67,2.51,0.48
0.49,"9,653","1,721",0.15,"344,694","260,916","37,569","70,387",0.21,0.65,2.42,0.46
0.5,"10,208","1,681",0.14,"354,902","250,708","39,250","68,706",0.22,0.64,2.32,0.45
0.51,"10,005","1,792",0.15,"364,907","240,703","41,042","66,914",0.22,0.62,2.23,0.43
0.52,"10,035","1,754",0.15,"374,942","230,668","42,796","65,160",0.22,0.60,2.14,0.41
0.53,"10,442","1,934",0.16,"385,384","220,226","44,730","63,226",0.22,0.59,2.04,0.40
0.54,"10,818","1,969",0.15,"396,202","209,408","46,699","61,257",0.23,0.57,1.94,0.38
0.55,"9,968","2,005",0.17,"406,170","199,440","48,704","59,252",0.23,0.55,1.85,0.36
0.56,"9,196","1,872",0.17,"415,366","190,244","50,576","57,380",0.23,0.53,1.76,0.35
0.57,"8,986","1,913",0.18,"424,352","181,258","52,489","55,467",0.23,0.51,1.68,0.33
0.58,"8,501","1,745",0.17,"432,853","172,757","54,234","53,722",0.24,0.50,1.60,0.32
0.59,"8,191","1,724",0.17,"441,044","164,566","55,958","51,998",0.24,0.48,1.52,0.30
0.6,"7,131","1,472",0.17,"448,175","157,435","57,430","50,526",0.24,0.47,1.46,0.29
0.61,"6,164","1,335",0.18,"454,339","151,271","58,765","49,191",0.25,0.46,1.40,0.28
0.62,"5,299","1,230",0.19,"459,638","145,972","59,995","47,961",0.25,0.44,1.35,0.27
0.63,"5,711","1,399",0.20,"465,349","140,261","61,394","46,562",0.25,0.43,1.30,0.26
0.64,"5,189","1,191",0.19,"470,538","135,072","62,585","45,371",0.25,0.42,1.25,0.25
0.65,"5,165","1,245",0.19,"475,703","129,907","63,830","44,126",0.25,0.41,1.20,0.24
0.66,"5,327","1,271",0.19,"481,030","124,580","65,101","42,855",0.26,0.40,1.15,0.23
0.67,"5,166","1,353",0.21,"486,196","119,414","66,454","41,502",0.26,0.38,1.11,0.23
0.68,"6,317","1,715",0.21,"492,513","113,097","68,169","39,787",0.26,0.37,1.05,0.21
0.69,"6,244","1,788",0.22,"498,757","106,853","69,957","37,999",0.26,0.35,0.99,0.20
0.7,"6,448","1,825",0.22,"505,205","100,405","71,782","36,174",0.26,0.34,0.93,0.19
0.71,"6,746","1,916",0.22,"511,951","93,659","73,698","34,258",0.27,0.32,0.87,0.18
0.72,"7,623","2,254",0.23,"519,574","86,036","75,952","32,004",0.27,0.30,0.80,0.17
0.73,"6,929","2,201",0.24,"526,503","79,107","78,153","29,803",0.27,0.28,0.73,0.15
0.74,"6,856","2,179",0.24,"533,359","72,251","80,332","27,624",0.28,0.26,0.67,0.14
0.75,"6,538","2,230",0.25,"539,897","65,713","82,562","25,394",0.28,0.24,0.61,0.13
0.76,"6,404","2,033",0.24,"546,301","59,309","84,595","23,361",0.28,0.22,0.55,0.12
0.77,"5,525","1,836",0.25,"551,826","53,784","86,431","21,525",0.29,0.20,0.50,0.11
0.78,"5,357","1,811",0.25,"557,183","48,427","88,242","19,714",0.29,0.18,0.45,0.10
0.79,"4,655","1,700",0.27,"561,838","43,772","89,942","18,014",0.29,0.17,0.41,0.09
0.8,"4,274","1,627",0.28,"566,112","39,498","91,569","16,387",0.29,0.15,0.37,0.08
0.81,"3,627","1,306",0.26,"569,739","35,871","92,875","15,081",0.30,0.14,0.33,0.07
0.82,"3,367","1,210",0.26,"573,106","32,504","94,085","13,871",0.30,0.13,0.30,0.06
0.83,"3,229","1,288",0.29,"576,335","29,275","95,373","12,583",0.30,0.12,0.27,0.06
0.84,"2,531","1,000",0.28,"578,866","26,744","96,373","11,583",0.30,0.11,0.25,0.05
0.85,"2,577","1,012",0.28,"581,443","24,167","97,385","10,571",0.30,0.10,0.22,0.05
0.86,"2,579",937,0.27,"584,022","21,588","98,322","9,634",0.31,0.09,0.20,0.04
0.87,"1,972",776,0.28,"585,994","19,616","99,098","8,858",0.31,0.08,0.18,0.04
0.88,"1,763",667,0.27,"587,757","17,853","99,765","8,191",0.31,0.08,0.17,0.04
0.89,"1,906",704,0.27,"589,663","15,947","100,469","7,487",0.32,0.07,0.15,0.03
0.9,"1,532",661,0.30,"591,195","14,415","101,130","6,826",0.32,0.06,0.13,0.03
0.91,"1,332",584,0.30,"592,527","13,083","101,714","6,242",0.32,0.06,0.12,0.03
0.92,"1,156",549,0.32,"593,683","11,927","102,263","5,693",0.32,0.05,0.11,0.02
0.93,"1,047",465,0.31,"594,730","10,880","102,728","5,228",0.32,0.05,0.10,0.02
0.94,891,375,0.30,"595,621","9,989","103,103","4,853",0.33,0.04,0.09,0.02
0.95,965,425,0.31,"596,586","9,024","103,528","4,428",0.33,0.04,0.08,0.02
0.96,824,404,0.33,"597,410","8,200","103,932","4,024",0.33,0.04,0.08,0.02
0.97,684,329,0.32,"598,094","7,516","104,261","3,695",0.33,0.03,0.07,0.02
0.98,849,349,0.29,"598,943","6,667","104,610","3,346",0.33,0.03,0.06,0.01
0.99,690,327,0.32,"599,633","5,977","104,937","3,019",0.34,0.03,0.06,0.01
1.0,"5,977","3,019",0.34,"605,610",0,"107,956",0,nan,0.00,0.00,0.00
