p,Neg,Pos,$\frac{\text{Pos}}{\text{Neg}+\text{Pos}}$,TN,FP,FN,TP,Prec,Rec,$\frac{\text{FP}}{\text{P}}$
0.0,"60,581","3,257",0.05,"60,581","545,029","3,257","104,699",0.16,0.97,5.05
0.1,"45,161","3,160",0.07,"105,742","499,868","6,417","101,539",0.17,0.94,4.63
0.2,"22,800","1,948",0.08,"128,542","477,068","8,365","99,591",0.17,0.92,4.42
0.3,"41,373","4,365",0.10,"169,915","435,695","12,730","95,226",0.18,0.88,4.04
0.4,"64,901","7,928",0.11,"234,816","370,794","20,658","87,298",0.19,0.81,3.43
0.5,"79,567","11,790",0.13,"314,383","291,227","32,448","75,508",0.21,0.70,2.70
0.6,"78,880","13,719",0.15,"393,263","212,347","46,167","61,789",0.23,0.57,1.97
0.7,"63,465","13,124",0.17,"456,728","148,882","59,291","48,665",0.25,0.45,1.38
0.8,"43,576","11,129",0.20,"500,304","105,306","70,420","37,536",0.26,0.35,0.98
0.9,"51,683","16,054",0.24,"551,987","53,623","86,474","21,482",0.29,0.20,0.50
1.0,"53,623","21,482",0.29,"605,610",0,"107,956",0,nan,0.00,0.00
