p,Neg,Pos,mPrec,TN,FP,FN,TP,Prec,Rec,FP/P,$\hat{p}$
0.0,"6,057",54,0.01,"6,057","599,553",54,"107,902",0.15,1.00,5.55,0.99
0.05,"8,422",114,0.01,"14,479","591,131",168,"107,788",0.15,1.00,5.48,0.98
0.1,"15,347",276,0.02,"29,826","575,784",444,"107,512",0.16,1.00,5.33,0.96
0.15,"25,188",610,0.02,"55,014","550,596","1,054","106,902",0.16,0.99,5.10,0.92
0.2,"36,256","1,185",0.03,"91,270","514,340","2,239","105,717",0.17,0.98,4.76,0.87
0.25,"48,128","2,122",0.04,"139,398","466,212","4,361","103,595",0.18,0.96,4.32,0.80
0.3,"59,205","3,551",0.06,"198,603","407,007","7,912","100,044",0.20,0.93,3.77,0.71
0.35,"66,494","5,594",0.08,"265,097","340,513","13,506","94,450",0.22,0.87,3.15,0.61
0.4,"68,951","7,760",0.10,"334,048","271,562","21,266","86,690",0.24,0.80,2.52,0.50
0.45,"65,509","9,873",0.13,"399,557","206,053","31,139","76,817",0.27,0.71,1.91,0.40
0.5,"57,854","11,477",0.17,"457,411","148,199","42,616","65,340",0.31,0.61,1.37,0.30
0.55,"46,855","12,019",0.20,"504,266","101,344","54,635","53,321",0.34,0.49,0.94,0.22
0.6,"35,175","11,752",0.25,"539,441","66,169","66,387","41,569",0.39,0.39,0.61,0.15
0.65,"24,801","10,593",0.30,"564,242","41,368","76,980","30,976",0.43,0.29,0.38,0.10
0.7,"16,226","8,888",0.35,"580,468","25,142","85,868","22,088",0.47,0.20,0.23,0.07
0.75,"10,583","7,377",0.41,"591,051","14,559","93,245","14,711",0.50,0.14,0.13,0.04
0.8,"6,383","5,238",0.45,"597,434","8,176","98,483","9,473",0.54,0.09,0.08,0.02
0.85,"3,791","3,614",0.49,"601,225","4,385","102,097","5,859",0.57,0.05,0.04,0.01
0.9,"2,091","2,369",0.53,"603,316","2,294","104,466","3,490",0.60,0.03,0.02,0.01
0.95,"1,165","1,456",0.56,"604,481","1,129","105,922","2,034",0.64,0.02,0.01,0.00
1.0,"1,129","2,034",0.64,"605,610",0,"107,956",0,nan,0.00,0.00,0.00
