p,Neg,Pos,mPrec,TN,FP,FN,TP,Prec,Rec,FP/P,$\hat{p}$
0.0,1,0,0.00,1,"605,609",0,"107,956",0.15,1.00,5.61,1.00
0.1,"3,796",162,0.04,"3,797","601,813",162,"107,794",0.15,1.00,5.57,0.99
0.2,"78,631","4,570",0.05,"82,428","523,182","4,732","103,224",0.16,0.96,4.85,0.88
0.3,"50,675","4,093",0.07,"133,103","472,507","8,825","99,131",0.17,0.92,4.38,0.80
0.4,"96,891","11,228",0.10,"229,994","375,616","20,053","87,903",0.19,0.81,3.48,0.65
0.5,"139,788","21,857",0.14,"369,782","235,828","41,910","66,046",0.22,0.61,2.18,0.42
0.6,"107,589","22,274",0.17,"477,371","128,239","64,184","43,772",0.25,0.41,1.19,0.24
0.7,"85,237","26,060",0.23,"562,608","43,002","90,244","17,712",0.29,0.16,0.40,0.09
0.8,"32,113","12,478",0.28,"594,721","10,889","102,722","5,234",0.32,0.05,0.10,0.02
0.9,"9,461","4,411",0.32,"604,182","1,428","107,133",823,0.37,0.01,0.01,0.00
1.0,"1,428",823,0.37,"605,610",0,"107,956",0,nan,0.00,0.00,0.00
