p,Neg,Pos,$\frac{\text{Pos}}{\text{Neg}+\text{Pos}}$,TN,FP,FN,TP,Prec,Rec,$\frac{\text{FP}}{\text{P}}$
0.0,"60,562","2,415",0.04,"60,562","545,048","2,415","105,541",0.16,0.98,5.05
0.01,"4,122",247,0.06,"64,684","540,926","2,662","105,294",0.16,0.98,5.01
0.02,"4,295",239,0.05,"68,979","536,631","2,901","105,055",0.16,0.97,4.97
0.03,"4,274",250,0.06,"73,253","532,357","3,151","104,805",0.16,0.97,4.93
0.04,"4,636",278,0.06,"77,889","527,721","3,429","104,527",0.17,0.97,4.89
0.05,"4,913",259,0.05,"82,802","522,808","3,688","104,268",0.17,0.97,4.84
0.06,"4,951",278,0.05,"87,753","517,857","3,966","103,990",0.17,0.96,4.80
0.07,"4,989",277,0.05,"92,742","512,868","4,243","103,713",0.17,0.96,4.75
0.08,"5,234",329,0.06,"97,976","507,634","4,572","103,384",0.17,0.96,4.70
0.09,"5,442",379,0.07,"103,418","502,192","4,951","103,005",0.17,0.95,4.65
0.1,"5,567",428,0.07,"108,985","496,625","5,379","102,577",0.17,0.95,4.60
0.11,"5,803",388,0.06,"114,788","490,822","5,767","102,189",0.17,0.95,4.55
0.12,"5,761",430,0.07,"120,549","485,061","6,197","101,759",0.17,0.94,4.49
0.13,"5,954",417,0.07,"126,503","479,107","6,614","101,342",0.17,0.94,4.44
0.14,"6,229",458,0.07,"132,732","472,878","7,072","100,884",0.18,0.93,4.38
0.15,"6,167",497,0.07,"138,899","466,711","7,569","100,387",0.18,0.93,4.32
0.16,"6,578",518,0.07,"145,477","460,133","8,087","99,869",0.18,0.93,4.26
0.17,"6,643",522,0.07,"152,120","453,490","8,609","99,347",0.18,0.92,4.20
0.18,"6,866",574,0.08,"158,986","446,624","9,183","98,773",0.18,0.91,4.14
0.19,"6,906",583,0.08,"165,892","439,718","9,766","98,190",0.18,0.91,4.07
0.2,"7,268",649,0.08,"173,160","432,450","10,415","97,541",0.18,0.90,4.01
0.21,"7,286",699,0.09,"180,446","425,164","11,114","96,842",0.19,0.90,3.94
0.22,"7,431",652,0.08,"187,877","417,733","11,766","96,190",0.19,0.89,3.87
0.23,"7,656",702,0.08,"195,533","410,077","12,468","95,488",0.19,0.88,3.80
0.24,"7,728",755,0.09,"203,261","402,349","13,223","94,733",0.19,0.88,3.73
0.25,"7,996",766,0.09,"211,257","394,353","13,989","93,967",0.19,0.87,3.65
0.26,"7,954",845,0.10,"219,211","386,399","14,834","93,122",0.19,0.86,3.58
0.27,"8,337",920,0.10,"227,548","378,062","15,754","92,202",0.20,0.85,3.50
0.28,"8,459",879,0.09,"236,007","369,603","16,633","91,323",0.20,0.85,3.42
0.29,"8,498",958,0.10,"244,505","361,105","17,591","90,365",0.20,0.84,3.34
0.3,"8,658","1,018",0.11,"253,163","352,447","18,609","89,347",0.20,0.83,3.26
0.31,"9,029","1,029",0.10,"262,192","343,418","19,638","88,318",0.20,0.82,3.18
0.32,"8,989","1,082",0.11,"271,181","334,429","20,720","87,236",0.21,0.81,3.10
0.33,"8,960","1,122",0.11,"280,141","325,469","21,842","86,114",0.21,0.80,3.01
0.34,"9,066","1,178",0.11,"289,207","316,403","23,020","84,936",0.21,0.79,2.93
0.35,"9,052","1,192",0.12,"298,259","307,351","24,212","83,744",0.21,0.78,2.85
0.36,"9,043","1,168",0.11,"307,302","298,308","25,380","82,576",0.22,0.76,2.76
0.37,"9,027","1,278",0.12,"316,329","289,281","26,658","81,298",0.22,0.75,2.68
0.38,"9,113","1,340",0.13,"325,442","280,168","27,998","79,958",0.22,0.74,2.60
0.39,"9,082","1,323",0.13,"334,524","271,086","29,321","78,635",0.22,0.73,2.51
0.4,"8,983","1,381",0.13,"343,507","262,103","30,702","77,254",0.23,0.72,2.43
0.41,"8,889","1,381",0.13,"352,396","253,214","32,083","75,873",0.23,0.70,2.35
0.42,"8,911","1,423",0.14,"361,307","244,303","33,506","74,450",0.23,0.69,2.26
0.43,"8,987","1,395",0.13,"370,294","235,316","34,901","73,055",0.24,0.68,2.18
0.44,"8,833","1,499",0.15,"379,127","226,483","36,400","71,556",0.24,0.66,2.10
0.45,"8,719","1,517",0.15,"387,846","217,764","37,917","70,039",0.24,0.65,2.02
0.46,"8,576","1,486",0.15,"396,422","209,188","39,403","68,553",0.25,0.64,1.94
0.47,"8,464","1,543",0.15,"404,886","200,724","40,946","67,010",0.25,0.62,1.86
0.48,"8,320","1,572",0.16,"413,206","192,404","42,518","65,438",0.25,0.61,1.78
0.49,"8,083","1,579",0.16,"421,289","184,321","44,097","63,859",0.26,0.59,1.71
0.5,"7,813","1,560",0.17,"429,102","176,508","45,657","62,299",0.26,0.58,1.63
0.51,"7,834","1,505",0.16,"436,936","168,674","47,162","60,794",0.26,0.56,1.56
0.52,"7,703","1,577",0.17,"444,639","160,971","48,739","59,217",0.27,0.55,1.49
0.53,"7,455","1,532",0.17,"452,094","153,516","50,271","57,685",0.27,0.53,1.42
0.54,"7,103","1,662",0.19,"459,197","146,413","51,933","56,023",0.28,0.52,1.36
0.55,"6,911","1,601",0.19,"466,108","139,502","53,534","54,422",0.28,0.50,1.29
0.56,"6,653","1,543",0.19,"472,761","132,849","55,077","52,879",0.28,0.49,1.23
0.57,"6,408","1,460",0.19,"479,169","126,441","56,537","51,419",0.29,0.48,1.17
0.58,"6,181","1,441",0.19,"485,350","120,260","57,978","49,978",0.29,0.46,1.11
0.59,"5,866","1,513",0.21,"491,216","114,394","59,491","48,465",0.30,0.45,1.06
0.6,"5,737","1,482",0.21,"496,953","108,657","60,973","46,983",0.30,0.44,1.01
0.61,"5,518","1,482",0.21,"502,471","103,139","62,455","45,501",0.31,0.42,0.96
0.62,"5,210","1,441",0.22,"507,681","97,929","63,896","44,060",0.31,0.41,0.91
0.63,"5,142","1,399",0.21,"512,823","92,787","65,295","42,661",0.31,0.40,0.86
0.64,"4,780","1,430",0.23,"517,603","88,007","66,725","41,231",0.32,0.38,0.82
0.65,"4,717","1,331",0.22,"522,320","83,290","68,056","39,900",0.32,0.37,0.77
0.66,"4,389","1,314",0.23,"526,709","78,901","69,370","38,586",0.33,0.36,0.73
0.67,"4,308","1,242",0.22,"531,017","74,593","70,612","37,344",0.33,0.35,0.69
0.68,"4,008","1,185",0.23,"535,025","70,585","71,797","36,159",0.34,0.33,0.65
0.69,"3,782","1,273",0.25,"538,807","66,803","73,070","34,886",0.34,0.32,0.62
0.7,"3,674","1,210",0.25,"542,481","63,129","74,280","33,676",0.35,0.31,0.58
0.71,"3,413","1,164",0.25,"545,894","59,716","75,444","32,512",0.35,0.30,0.55
0.72,"3,235","1,153",0.26,"549,129","56,481","76,597","31,359",0.36,0.29,0.52
0.73,"3,043","1,073",0.26,"552,172","53,438","77,670","30,286",0.36,0.28,0.49
0.74,"2,865","1,050",0.27,"555,037","50,573","78,720","29,236",0.37,0.27,0.47
0.75,"2,704",964,0.26,"557,741","47,869","79,684","28,272",0.37,0.26,0.44
0.76,"2,498","1,004",0.29,"560,239","45,371","80,688","27,268",0.38,0.25,0.42
0.77,"2,466",958,0.28,"562,705","42,905","81,646","26,310",0.38,0.24,0.40
0.78,"2,275",923,0.29,"564,980","40,630","82,569","25,387",0.38,0.24,0.38
0.79,"2,107",911,0.30,"567,087","38,523","83,480","24,476",0.39,0.23,0.36
0.8,"1,987",851,0.30,"569,074","36,536","84,331","23,625",0.39,0.22,0.34
0.81,"1,857",829,0.31,"570,931","34,679","85,160","22,796",0.40,0.21,0.32
0.82,"1,808",765,0.30,"572,739","32,871","85,925","22,031",0.40,0.20,0.30
0.83,"1,723",850,0.33,"574,462","31,148","86,775","21,181",0.40,0.20,0.29
0.84,"1,603",781,0.33,"576,065","29,545","87,556","20,400",0.41,0.19,0.27
0.85,"1,497",709,0.32,"577,562","28,048","88,265","19,691",0.41,0.18,0.26
0.86,"1,359",666,0.33,"578,921","26,689","88,931","19,025",0.42,0.18,0.25
0.87,"1,290",666,0.34,"580,211","25,399","89,597","18,359",0.42,0.17,0.24
0.88,"1,270",680,0.35,"581,481","24,129","90,277","17,679",0.42,0.16,0.22
0.89,"1,192",641,0.35,"582,673","22,937","90,918","17,038",0.43,0.16,0.21
0.9,"1,202",626,0.34,"583,875","21,735","91,544","16,412",0.43,0.15,0.20
0.91,"1,113",614,0.36,"584,988","20,622","92,158","15,798",0.43,0.15,0.19
0.92,"1,123",627,0.36,"586,111","19,499","92,785","15,171",0.44,0.14,0.18
0.93,"1,020",581,0.36,"587,131","18,479","93,366","14,590",0.44,0.14,0.17
0.94,"1,011",577,0.36,"588,142","17,468","93,943","14,013",0.45,0.13,0.16
0.95,875,582,0.40,"589,017","16,593","94,525","13,431",0.45,0.12,0.15
0.96,865,577,0.40,"589,882","15,728","95,102","12,854",0.45,0.12,0.15
0.97,800,540,0.40,"590,682","14,928","95,642","12,314",0.45,0.11,0.14
0.98,811,451,0.36,"591,493","14,117","96,093","11,863",0.46,0.11,0.13
0.99,797,515,0.39,"592,290","13,320","96,608","11,348",0.46,0.11,0.12
1.0,"13,320","11,348",0.46,"605,610",0,"107,956",0,nan,0.00,0.00
