p,Neg,Pos,$\frac{\text{Pos}}{\text{Neg}+\text{Pos}}$,TN,FP,FN,TP,Prec,Rec,$\frac{\text{FP}}{\text{P}}$
0.0,"30,281","2,048",0.06,"30,281","575,329","2,048","105,908",0.16,0.98,5.33
0.05,"11,129",810,0.07,"41,410","564,200","2,858","105,098",0.16,0.97,5.23
0.1,"19,213","1,469",0.07,"60,623","544,987","4,327","103,629",0.16,0.96,5.05
0.15,"19,865","1,485",0.07,"80,488","525,122","5,812","102,144",0.16,0.95,4.86
0.2,"25,263","2,033",0.07,"105,751","499,859","7,845","100,111",0.17,0.93,4.63
0.25,"31,259","2,719",0.08,"137,010","468,600","10,564","97,392",0.17,0.90,4.34
0.3,"35,058","3,276",0.09,"172,068","433,542","13,840","94,116",0.18,0.87,4.02
0.35,"34,381","3,660",0.10,"206,449","399,161","17,500","90,456",0.18,0.84,3.70
0.4,"37,174","4,589",0.11,"243,623","361,987","22,089","85,867",0.19,0.80,3.35
0.45,"42,038","5,813",0.12,"285,661","319,949","27,902","80,054",0.20,0.74,2.96
0.5,"45,783","6,850",0.13,"331,444","274,166","34,752","73,204",0.21,0.68,2.54
0.55,"45,144","7,576",0.14,"376,588","229,022","42,328","65,628",0.22,0.61,2.12
0.6,"42,956","7,925",0.16,"419,544","186,066","50,253","57,703",0.24,0.53,1.72
0.65,"38,636","8,265",0.18,"458,180","147,430","58,518","49,438",0.25,0.46,1.37
0.7,"35,069","8,540",0.20,"493,249","112,361","67,058","40,898",0.27,0.38,1.04
0.75,"30,593","8,458",0.22,"523,842","81,768","75,516","32,440",0.28,0.30,0.76
0.8,"25,653","8,129",0.24,"549,495","56,115","83,645","24,311",0.30,0.23,0.52
0.85,"18,943","6,758",0.26,"568,438","37,172","90,403","17,553",0.32,0.16,0.34
0.9,"13,868","5,256",0.27,"582,306","23,304","95,659","12,297",0.35,0.11,0.22
0.95,"8,856","3,967",0.31,"591,162","14,448","99,626","8,330",0.37,0.08,0.13
1.0,"14,448","8,330",0.37,"605,610",0,"107,956",0,nan,0.00,0.00
