p,Neg,Pos,$\frac{\text{Pos}}{\text{Neg}+\text{Pos}}$,TN,FP,FN,TP,Prec,Rec,$\frac{\text{FP}}{\text{P}}$
0.0,"60,594","4,327",0.07,"60,594","545,016","4,327","103,629",0.16,0.96,5.05
0.1,"35,214","2,704",0.07,"95,808","509,802","7,031","100,925",0.17,0.93,4.72
0.2,"51,189","4,435",0.08,"146,997","458,613","11,466","96,490",0.17,0.89,4.25
0.3,"56,631","5,672",0.09,"203,628","401,982","17,138","90,818",0.18,0.84,3.72
0.4,"60,951","7,814",0.11,"264,579","341,031","24,952","83,004",0.20,0.77,3.16
0.5,"73,912","10,917",0.13,"338,491","267,119","35,869","72,087",0.21,0.67,2.47
0.6,"72,395","12,713",0.15,"410,886","194,724","48,582","59,374",0.23,0.55,1.80
0.7,"62,183","13,444",0.18,"473,069","132,541","62,026","45,930",0.26,0.43,1.23
0.8,"52,134","13,917",0.21,"525,203","80,407","75,943","32,013",0.28,0.30,0.74
0.9,"37,989","12,493",0.25,"563,192","42,418","88,436","19,520",0.32,0.18,0.39
1.0,"42,418","19,520",0.32,"605,610",0,"107,956",0,nan,0.00,0.00
