p,Neg,Pos,$\frac{\text{Pos}}{\text{Neg}+\text{Pos}}$,TN,FP,FN,TP,Prec,Rec,$\frac{\text{FP}}{\text{P}}$
0.0,"27,692","1,870",0.06,"27,692","577,918","1,870","106,086",0.16,0.98,5.35
0.1,"29,054","2,219",0.07,"56,746","548,864","4,089","103,867",0.16,0.96,5.08
0.2,"53,785","4,227",0.07,"110,531","495,079","8,316","99,640",0.17,0.92,4.59
0.3,"77,996","7,181",0.08,"188,527","417,083","15,497","92,459",0.18,0.86,3.86
0.4,"88,451","11,134",0.11,"276,978","328,632","26,631","81,325",0.20,0.75,3.04
0.5,"107,511","17,147",0.14,"384,489","221,121","43,778","64,178",0.22,0.59,2.05
0.6,"92,830","19,317",0.17,"477,319","128,291","63,095","44,861",0.26,0.42,1.19
0.7,"69,705","19,809",0.22,"547,024","58,586","82,904","25,052",0.30,0.23,0.54
0.8,"38,332","14,020",0.27,"585,356","20,254","96,924","11,032",0.35,0.10,0.19
0.9,"15,025","7,323",0.33,"600,381","5,229","104,247","3,709",0.41,0.03,0.05
1.0,"5,229","3,709",0.41,"605,610",0,"107,956",0,nan,0.00,0.00
