p,Neg,Pos,$\frac{\text{Pos}}{\text{Neg}+\text{Pos}}$,TN,FP,FN,TP,Prec,Rec,$\frac{\text{FP}}{\text{P}}$
0.0,"75,584","2,063",0.03,"75,584","530,026","2,063","105,893",0.17,0.98,4.91
0.05,232,3,0.01,"75,816","529,794","2,066","105,890",0.17,0.98,4.91
0.1,"95,945","4,715",0.05,"171,761","433,849","6,781","101,175",0.19,0.94,4.02
0.15,442,34,0.07,"172,203","433,407","6,815","101,141",0.19,0.94,4.01
0.2,"99,937","7,358",0.07,"272,140","333,470","14,173","93,783",0.22,0.87,3.09
0.25,538,66,0.11,"272,678","332,932","14,239","93,717",0.22,0.87,3.08
0.3,"92,453","9,960",0.10,"365,131","240,479","24,199","83,757",0.26,0.78,2.23
0.35,599,89,0.13,"365,730","239,880","24,288","83,668",0.26,0.78,2.22
0.4,"77,588","11,944",0.13,"443,318","162,292","36,232","71,724",0.31,0.66,1.50
0.45,550,101,0.16,"443,868","161,742","36,333","71,623",0.31,0.66,1.50
0.5,"60,436","13,736",0.19,"504,304","101,306","50,069","57,887",0.36,0.54,0.94
0.55,452,133,0.23,"504,756","100,854","50,202","57,754",0.36,0.53,0.93
0.6,"43,145","14,008",0.25,"547,901","57,709","64,210","43,746",0.43,0.41,0.53
0.65,346,130,0.27,"548,247","57,363","64,340","43,616",0.43,0.40,0.53
0.7,"28,115","13,718",0.33,"576,362","29,248","78,058","29,898",0.51,0.28,0.27
0.75,219,155,0.41,"576,581","29,029","78,213","29,743",0.51,0.28,0.27
0.8,"16,955","12,470",0.42,"593,536","12,074","90,683","17,273",0.59,0.16,0.11
0.85,143,113,0.44,"593,679","11,931","90,796","17,160",0.59,0.16,0.11
0.9,"8,650","10,550",0.55,"602,329","3,281","101,346","6,610",0.67,0.06,0.03
0.95,36,60,0.62,"602,365","3,245","101,406","6,550",0.67,0.06,0.03
1.0,"3,245","6,550",0.67,"605,610",0,"107,956",0,nan,0.00,0.00
