p,Neg,Pos,$\frac{\text{Pos}}{\text{Neg}+\text{Pos}}$,TN,FP,FN,TP,Prec,Rec,$\frac{\text{FP}}{\text{P}}$
0.0,"60,594","4,327",0.07,"60,594","545,016","4,327","103,629",0.16,0.96,5.05
0.01,"2,458",164,0.06,"63,052","542,558","4,491","103,465",0.16,0.96,5.03
0.02,"3,137",213,0.06,"66,189","539,421","4,704","103,252",0.16,0.96,5.00
0.03,"2,248",165,0.07,"68,437","537,173","4,869","103,087",0.16,0.95,4.98
0.04,"3,881",274,0.07,"72,318","533,292","5,143","102,813",0.16,0.95,4.94
0.05,"3,102",260,0.08,"75,420","530,190","5,403","102,553",0.16,0.95,4.91
0.06,"4,656",367,0.07,"80,076","525,534","5,770","102,186",0.16,0.95,4.87
0.07,"3,076",237,0.07,"83,152","522,458","6,007","101,949",0.16,0.94,4.84
0.08,"4,344",363,0.08,"87,496","518,114","6,370","101,586",0.16,0.94,4.80
0.09,"3,771",284,0.07,"91,267","514,343","6,654","101,302",0.16,0.94,4.76
0.1,"4,541",377,0.08,"95,808","509,802","7,031","100,925",0.17,0.93,4.72
0.11,"4,495",388,0.08,"100,303","505,307","7,419","100,537",0.17,0.93,4.68
0.12,"4,244",346,0.08,"104,547","501,063","7,765","100,191",0.17,0.93,4.64
0.13,"7,132",628,0.08,"111,679","493,931","8,393","99,563",0.17,0.92,4.58
0.14,"4,417",350,0.07,"116,096","489,514","8,743","99,213",0.17,0.92,4.53
0.15,"4,431",385,0.08,"120,527","485,083","9,128","98,828",0.17,0.92,4.49
0.16,"4,681",395,0.08,"125,208","480,402","9,523","98,433",0.17,0.91,4.45
0.17,"4,914",434,0.08,"130,122","475,488","9,957","97,999",0.17,0.91,4.40
0.18,"5,289",470,0.08,"135,411","470,199","10,427","97,529",0.17,0.90,4.36
0.19,"5,047",438,0.08,"140,458","465,152","10,865","97,091",0.17,0.90,4.31
0.2,"6,539",601,0.08,"146,997","458,613","11,466","96,490",0.17,0.89,4.25
0.21,"4,691",427,0.08,"151,688","453,922","11,893","96,063",0.17,0.89,4.20
0.22,"5,760",534,0.08,"157,448","448,162","12,427","95,529",0.18,0.88,4.15
0.23,"6,202",604,0.09,"163,650","441,960","13,031","94,925",0.18,0.88,4.09
0.24,"5,548",520,0.09,"169,198","436,412","13,551","94,405",0.18,0.87,4.04
0.25,"5,875",578,0.09,"175,073","430,537","14,129","93,827",0.18,0.87,3.99
0.26,"5,330",522,0.09,"180,403","425,207","14,651","93,305",0.18,0.86,3.94
0.27,"5,186",499,0.09,"185,589","420,021","15,150","92,806",0.18,0.86,3.89
0.28,"7,362",821,0.10,"192,951","412,659","15,971","91,985",0.18,0.85,3.82
0.29,"5,394",603,0.10,"198,345","407,265","16,574","91,382",0.18,0.85,3.77
0.3,"5,283",564,0.10,"203,628","401,982","17,138","90,818",0.18,0.84,3.72
0.31,"4,947",658,0.12,"208,575","397,035","17,796","90,160",0.19,0.84,3.68
0.32,"5,850",666,0.10,"214,425","391,185","18,462","89,494",0.19,0.83,3.62
0.33,"5,764",709,0.11,"220,189","385,421","19,171","88,785",0.19,0.82,3.57
0.34,"5,949",755,0.11,"226,138","379,472","19,926","88,030",0.19,0.82,3.52
0.35,"7,207",889,0.11,"233,345","372,265","20,815","87,141",0.19,0.81,3.45
0.36,"6,103",750,0.11,"239,448","366,162","21,565","86,391",0.19,0.80,3.39
0.37,"5,996",758,0.11,"245,444","360,166","22,323","85,633",0.19,0.79,3.34
0.38,"6,191",828,0.12,"251,635","353,975","23,151","84,805",0.19,0.79,3.28
0.39,"6,540",892,0.12,"258,175","347,435","24,043","83,913",0.19,0.78,3.22
0.4,"6,404",909,0.12,"264,579","341,031","24,952","83,004",0.20,0.77,3.16
0.41,"6,357",866,0.12,"270,936","334,674","25,818","82,138",0.20,0.76,3.10
0.42,"8,809","1,203",0.12,"279,745","325,865","27,021","80,935",0.20,0.75,3.02
0.43,"6,277",929,0.13,"286,022","319,588","27,950","80,006",0.20,0.74,2.96
0.44,"7,304","1,066",0.13,"293,326","312,284","29,016","78,940",0.20,0.73,2.89
0.45,"6,482",908,0.12,"299,808","305,802","29,924","78,032",0.20,0.72,2.83
0.46,"8,566","1,285",0.13,"308,374","297,236","31,209","76,747",0.21,0.71,2.75
0.47,"7,448","1,109",0.13,"315,822","289,788","32,318","75,638",0.21,0.70,2.68
0.48,"7,399","1,080",0.13,"323,221","282,389","33,398","74,558",0.21,0.69,2.62
0.49,"7,965","1,307",0.14,"331,186","274,424","34,705","73,251",0.21,0.68,2.54
0.5,"7,305","1,164",0.14,"338,491","267,119","35,869","72,087",0.21,0.67,2.47
0.51,"6,847","1,183",0.15,"345,338","260,272","37,052","70,904",0.21,0.66,2.41
0.52,"8,404","1,373",0.14,"353,742","251,868","38,425","69,531",0.22,0.64,2.33
0.53,"7,633","1,276",0.14,"361,375","244,235","39,701","68,255",0.22,0.63,2.26
0.54,"6,634","1,104",0.14,"368,009","237,601","40,805","67,151",0.22,0.62,2.20
0.55,"7,348","1,277",0.15,"375,357","230,253","42,082","65,874",0.22,0.61,2.13
0.56,"6,978","1,262",0.15,"382,335","223,275","43,344","64,612",0.22,0.60,2.07
0.57,"8,089","1,391",0.15,"390,424","215,186","44,735","63,221",0.23,0.59,1.99
0.58,"6,811","1,277",0.16,"397,235","208,375","46,012","61,944",0.23,0.57,1.93
0.59,"6,857","1,266",0.16,"404,092","201,518","47,278","60,678",0.23,0.56,1.87
0.6,"6,794","1,304",0.16,"410,886","194,724","48,582","59,374",0.23,0.55,1.80
0.61,"6,644","1,314",0.17,"417,530","188,080","49,896","58,060",0.24,0.54,1.74
0.62,"6,738","1,330",0.16,"424,268","181,342","51,226","56,730",0.24,0.53,1.68
0.63,"6,541","1,299",0.17,"430,809","174,801","52,525","55,431",0.24,0.51,1.62
0.64,"7,255","1,545",0.18,"438,064","167,546","54,070","53,886",0.24,0.50,1.55
0.65,"5,734","1,290",0.18,"443,798","161,812","55,360","52,596",0.25,0.49,1.50
0.66,"5,941","1,260",0.17,"449,739","155,871","56,620","51,336",0.25,0.48,1.44
0.67,"5,931","1,321",0.18,"455,670","149,940","57,941","50,015",0.25,0.46,1.39
0.68,"5,914","1,382",0.19,"461,584","144,026","59,323","48,633",0.25,0.45,1.33
0.69,"5,937","1,363",0.19,"467,521","138,089","60,686","47,270",0.26,0.44,1.28
0.7,"5,548","1,340",0.19,"473,069","132,541","62,026","45,930",0.26,0.43,1.23
0.71,"6,120","1,552",0.20,"479,189","126,421","63,578","44,378",0.26,0.41,1.17
0.72,"5,377","1,289",0.19,"484,566","121,044","64,867","43,089",0.26,0.40,1.12
0.73,"4,830","1,219",0.20,"489,396","116,214","66,086","41,870",0.26,0.39,1.08
0.74,"6,041","1,558",0.21,"495,437","110,173","67,644","40,312",0.27,0.37,1.02
0.75,"5,164","1,380",0.21,"500,601","105,009","69,024","38,932",0.27,0.36,0.97
0.76,"5,447","1,461",0.21,"506,048","99,562","70,485","37,471",0.27,0.35,0.92
0.77,"4,991","1,336",0.21,"511,039","94,571","71,821","36,135",0.28,0.33,0.88
0.78,"4,914","1,377",0.22,"515,953","89,657","73,198","34,758",0.28,0.32,0.83
0.79,"4,721","1,356",0.22,"520,674","84,936","74,554","33,402",0.28,0.31,0.79
0.8,"4,529","1,389",0.23,"525,203","80,407","75,943","32,013",0.28,0.30,0.74
0.81,"4,663","1,418",0.23,"529,866","75,744","77,361","30,595",0.29,0.28,0.70
0.82,"4,083","1,341",0.25,"533,949","71,661","78,702","29,254",0.29,0.27,0.66
0.83,"4,105","1,342",0.25,"538,054","67,556","80,044","27,912",0.29,0.26,0.63
0.84,"3,638","1,187",0.25,"541,692","63,918","81,231","26,725",0.29,0.25,0.59
0.85,"4,078","1,252",0.23,"545,770","59,840","82,483","25,473",0.30,0.24,0.55
0.86,"4,472","1,387",0.24,"550,242","55,368","83,870","24,086",0.30,0.22,0.51
0.87,"3,482","1,136",0.25,"553,724","51,886","85,006","22,950",0.31,0.21,0.48
0.88,"3,392","1,225",0.27,"557,116","48,494","86,231","21,725",0.31,0.20,0.45
0.89,"3,102","1,150",0.27,"560,218","45,392","87,381","20,575",0.31,0.19,0.42
0.9,"2,974","1,055",0.26,"563,192","42,418","88,436","19,520",0.32,0.18,0.39
0.91,"2,525",982,0.28,"565,717","39,893","89,418","18,538",0.32,0.17,0.37
0.92,"2,827","1,014",0.26,"568,544","37,066","90,432","17,524",0.32,0.16,0.34
0.93,"2,602",993,0.28,"571,146","34,464","91,425","16,531",0.32,0.15,0.32
0.94,"2,334",901,0.28,"573,480","32,130","92,326","15,630",0.33,0.14,0.30
0.95,"2,651",905,0.25,"576,131","29,479","93,231","14,725",0.33,0.14,0.27
0.96,"2,288",866,0.27,"578,419","27,191","94,097","13,859",0.34,0.13,0.25
0.97,"1,886",771,0.29,"580,305","25,305","94,868","13,088",0.34,0.12,0.23
0.98,"1,880",760,0.29,"582,185","23,425","95,628","12,328",0.34,0.11,0.22
0.99,"1,463",591,0.29,"583,648","21,962","96,219","11,737",0.35,0.11,0.20
1.0,"21,962","11,737",0.35,"605,610",0,"107,956",0,nan,0.00,0.00
