,y_proba,y_test,Neg,Pos,TN,FP,FN,TP,FP/P,Prec
0,0.0,2674,54817,2674,54817,550793,2674,105282,5.102013783393234,0.16047250695423543
1,0.01,0,1,0,54818,550792,2674,105282,5.102004520360147,0.1604727515493679
2,0.0111111111111111,0,5,0,54823,550787,2674,105282,5.101958205194709,0.16047397453621495
3,0.0125,0,3,0,54826,550784,2674,105282,5.101930416095446,0.16047470833727095
4,0.0142857142857142,0,5,0,54831,550779,2674,105282,5.101884100930008,0.16047593135394422
5,0.0166666666666666,0,29,0,54860,550750,2674,105282,5.10161547297047,0.16048302521828203
6,0.02,1,47,1,54907,550703,2675,105281,5.1011801104153545,0.16049324373765214
7,0.025,12,195,12,55102,550508,2687,105269,5.099373818963281,0.16052560550309022
8,0.0285714285714285,2,10,2,55112,550498,2689,105267,5.099281188632406,0.16052549312634862
9,0.0333333333333333,52,840,52,55952,549658,2741,105215,5.09150024083886,0.16066473957545968
10,0.0375,0,7,0,55959,549651,2741,105215,5.0914353996072474,0.16066645695455253
11,0.04,7,123,7,56082,549528,2748,105208,5.090296046537478,0.1606876664793138
12,0.0416666666666666,0,1,0,56083,549527,2748,105208,5.090286783504391,0.16068791190328913
13,0.0428571428571428,1,15,1,56098,549512,2749,105207,5.090147838008077,0.16069031141604262
14,0.0444444444444444,1,3,1,56101,549509,2750,105206,5.0901200489088145,0.16068976577594832
15,0.0476190476190476,1,1,1,56102,549508,2751,105205,5.090110785875727,0.16068872925999636
16,0.05,277,3950,277,60052,545558,3028,104928,5.053521805179888,0.16130708424162857
17,0.0533333333333333,1,2,1,60054,545556,3029,104927,5.053503279113713,0.16130629086386578
18,0.0535714285714285,0,1,0,60055,545555,3029,104927,5.053494016080625,0.16130653884350374
19,0.0571428571428571,0,13,0,60068,545542,3029,104927,5.053373596650487,0.16130976264818153
20,0.0583333333333333,3,15,3,60083,545527,3032,104924,5.053234651154174,0.16130961440600444
21,0.06,18,203,18,60286,545324,3050,104906,5.0513542554374,0.16133675776263784
22,0.0615384615384615,0,1,0,60287,545323,3050,104906,5.051344992404313,0.16133700588561875
23,0.0619047619047619,1,0,1,60287,545323,3051,104905,5.051344992404313,0.16133571608728015
24,0.0622222222222222,0,1,0,60288,545322,3051,104905,5.0513357293712255,0.16133596420942226
25,0.0642857142857142,1,3,1,60291,545319,3052,104904,5.051307940271963,0.1613354187717137
26,0.065,0,7,0,60298,545312,3052,104904,5.05124309904035,0.16133715565289072
27,0.0666666666666666,119,1889,119,62187,543423,3171,104785,5.03374522953796,0.1616533581813245
28,0.0685714285714285,0,1,0,62188,543422,3171,104785,5.033735966504873,0.16165360756671865
29,0.0699999999999999,3,17,3,62205,543405,3174,104782,5.033578494942384,0.16165396714219815
30,0.0714285714285714,2,21,2,62226,543384,3176,104780,5.033383971247545,0.16165661776957685
31,0.0733333333333333,2,8,2,62234,543376,3178,104778,5.033309866982845,0.1616560261913064
32,0.075,58,694,58,62928,542682,3236,104720,5.026881322020082,0.1617542114482192
33,0.0761904761904761,0,1,0,62929,542681,3236,104720,5.026872058986995,0.16175446129987442
34,0.0777777777777777,0,4,0,62933,542677,3236,104720,5.026835006854644,0.161755460714214
35,0.0785714285714285,1,0,1,62933,542677,3237,104719,5.026835006854644,0.161754165920086
36,0.08,13,256,13,63189,542421,3250,104706,5.024463670384231,0.16180131566137712
37,0.0818181818181818,1,0,1,63189,542421,3251,104705,5.024463670384231,0.16180002039788233
38,0.0821428571428571,0,1,0,63190,542420,3251,104705,5.0244544073511435,0.16180027042688816
39,0.0833333333333333,11,202,11,63392,542218,3262,104694,5.022583274667457,0.16183654036406805
40,0.0849999999999999,2,5,2,63397,542213,3264,104692,5.02253695950202,0.16183519991343395
41,0.0857142857142857,2,41,2,63438,542172,3266,104690,5.02215717514543,0.16184286602088235
42,0.0866666666666666,1,13,1,63451,542159,3267,104689,5.022036755715291,0.16184482289502325
43,0.0888888888888888,0,4,0,63455,542155,3267,104689,5.021999703582941,0.1618458237225668
44,0.09,0,29,0,63484,542126,3267,104689,5.021731075623402,0.16185308009245303
45,0.0916666666666666,1,25,1,63509,542101,3268,104688,5.021499499796214,0.16185804025733277
46,0.0928571428571428,1,4,1,63513,542097,3269,104687,5.021462447663863,0.161857745398773
47,0.0933333333333333,1,6,1,63519,542091,3270,104686,5.021406869465338,0.1618579510403122
48,0.095,0,2,0,63521,542089,3270,104686,5.021388343399162,0.1618584515480654
49,0.0966666666666666,0,1,0,63522,542088,3270,104686,5.021379080366075,0.16185870180310277
50,0.1,5367,74513,5367,138035,467575,8637,99319,4.33116269591315,0.1751985379982854
51,0.1023809523809523,0,2,0,138037,467573,8637,99319,4.331144169846975,0.1751991561002801
52,0.1033333333333333,0,6,0,138043,467567,8637,99319,4.33108859164845,0.17520101043243264
53,0.1035714285714285,1,1,1,138044,467566,8638,99318,4.3310793286153615,0.17519986452254782
54,0.1041666666666666,0,2,0,138046,467564,8638,99318,4.331060802549187,0.17520048264012617
55,0.105,0,4,0,138050,467560,8638,99318,4.331023750416836,0.17520171888836752
56,0.1055555555555555,0,4,0,138054,467556,8638,99318,4.3309866982844865,0.1752029551540554
57,0.1066666666666666,0,11,0,138065,467545,8638,99318,4.330884804920523,0.17520635497465878
58,0.1071428571428571,0,1,0,138066,467544,8638,99318,4.330875541887436,0.17520666405580193
59,0.1083333333333333,2,37,2,138103,467507,8640,99316,4.330532809663196,0.1752151906327019
60,0.1086544011544011,1,4,1,138107,467503,8641,99315,4.330495757530846,0.17521497200159486
61,0.11,3,39,3,138146,467464,8644,99312,4.330134499240431,0.1752226629215069
62,0.1111111111111111,0,2,0,138148,467462,8644,99312,4.330115973174256,0.1752232812373186
63,0.1116666666666666,0,2,0,138150,467460,8644,99312,4.330097447108081,0.175223899557494
64,0.1125,0,2,0,138152,467458,8644,99312,4.330078921041906,0.17522451788203328
65,0.1133333333333333,1,5,1,138157,467453,8645,99311,4.330032605876468,0.1752246084790142
66,0.1136363636363636,0,2,0,138159,467451,8645,99311,4.330014079810293,0.17522522681478292
67,0.1142857142857142,0,4,0,138163,467447,8645,99311,4.329977027677943,0.17522646349941245
68,0.1149999999999999,0,1,0,138164,467446,8645,99311,4.329967764644855,0.17522677267329737
69,0.1154761904761904,1,4,1,138168,467442,8646,99310,4.329930712512505,0.17522655411890914
70,0.1166666666666666,23,292,23,138460,467150,8669,99287,4.3272259068509396,0.17528339426979522
71,0.1171428571428571,0,2,0,138462,467148,8669,99287,4.327207380784764,0.17528401317009012
72,0.1181818181818182,0,1,0,138463,467147,8669,99287,4.327198117751677,0.17528432262187651
73,0.12,5,62,5,138525,467085,8674,99282,4.326623809700248,0.1752962301829026
74,0.1208333333333333,0,1,0,138526,467084,8674,99282,4.326614546667161,0.1752965396934138
75,0.1214285714285714,0,3,0,138529,467081,8674,99282,4.326586757567898,0.17529746823150524
76,0.1227272727272727,0,1,0,138530,467080,8674,99282,4.326577494534811,0.17529777774638836
77,0.1233333333333333,0,3,0,138533,467077,8674,99282,4.326549705435548,0.1752987062975957
78,0.125,34,402,34,138935,466675,8708,99248,4.322825966134351,0.17537368157858932
79,0.1261904761904762,0,1,0,138936,466674,8708,99248,4.322816703101264,0.175373991468789
80,0.1266666666666666,3,18,3,138954,466656,8711,99245,4.322649968505687,0.1753751981353629
81,0.1271428571428571,1,1,1,138955,466655,8712,99244,4.3226407054726,0.17537405084652916
82,0.1272727272727272,0,1,0,138956,466654,8712,99244,4.322631442439512,0.17537436075052396
83,0.1283333333333333,0,1,0,138957,466653,8712,99244,4.322622179406425,0.17537467065561402
84,0.1285714285714285,1,13,1,138970,466640,8713,99243,4.322501759976286,0.17537724229213458
85,0.1291666666666666,0,1,0,138971,466639,8713,99243,4.322492496943199,0.17537755221053153
86,0.13,4,34,4,139005,466605,8717,99239,4.322177553818222,0.17538226083514183
87,0.1333333333333333,102,1376,102,140381,465229,8819,99137,4.309431620289748,0.17566083002874022
88,0.1342857142857142,0,1,0,140382,465228,8819,99137,4.30942235725666,0.17566114128268054
89,0.135,2,3,2,140385,465225,8821,99135,4.309394568157398,0.17565915373166063
90,0.1352272727272727,0,1,0,140386,465224,8821,99135,4.30938530512431,0.1756594649859398
91,0.1357142857142857,0,7,0,140393,465217,8821,99135,4.309320463892697,0.17566164379677932
92,0.1366666666666666,1,7,1,140400,465210,8822,99134,4.309255622661084,0.17566236196362503
93,0.1375,0,9,0,140409,465201,8822,99134,4.309172255363296,0.17566516342243527
94,0.1380952380952381,0,1,0,140410,465200,8822,99134,4.309162992330209,0.17566547470115215
95,0.1383333333333333,1,4,1,140414,465196,8823,99133,4.309125940197858,0.17566525909531497
96,0.1392857142857143,0,1,0,140415,465195,8823,99133,4.309116677164771,0.17566557037751096
97,0.1399999999999999,15,149,15,140564,465046,8838,99118,4.3077364852347255,0.17569004757481868
98,0.140079365079365,0,1,0,140565,465045,8838,99118,4.307727222201637,0.17569035899199345
99,0.1416666666666666,1,62,1,140627,464983,8839,99117,4.307152914150209,0.17570820776458074
100,0.1425,0,2,0,140629,464981,8839,99117,4.307134388084034,0.17570883073508503
101,0.1428571428571428,3,18,3,140647,464963,8842,99114,4.306967653488458,0.17571005376925491
102,0.1433333333333333,0,3,0,140650,464960,8842,99114,4.306939864389196,0.1757109882745881
103,0.1435714285714285,0,3,0,140653,464957,8842,99114,4.306912075289933,0.17571192278986156
104,0.1442857142857143,0,1,0,140654,464956,8842,99114,4.306902812256846,0.1757122342971617
105,0.1444444444444444,1,4,1,140658,464952,8843,99113,4.306865760124495,0.1757120190049019
106,0.145,0,4,0,140662,464948,8843,99113,4.306828707992145,0.17571326505466608
107,0.1452380952380952,0,1,0,140663,464947,8843,99113,4.306819444959057,0.17571357656986844
108,0.1455555555555555,0,1,0,140664,464946,8843,99113,4.30681018192597,0.17571388808617538
109,0.1464285714285714,0,2,0,140666,464944,8843,99113,4.3067916558597945,0.1757145111221029
110,0.1466666666666666,3,16,3,140682,464928,8846,99110,4.306643447330394,0.175715111393204
111,0.1476190476190476,0,1,0,140683,464927,8846,99110,4.306634184297306,0.1757154229243826
112,0.1477777777777777,2,3,2,140686,464924,8848,99108,4.306606395198044,0.17571343469874048
113,0.1485714285714285,0,4,0,140690,464920,8848,99108,4.306569343065694,0.1757146808314481
114,0.1499999999999999,3,4,3,140694,464916,8851,99105,4.306532290933343,0.17571154265532665
115,0.15,527,6449,527,147143,458467,9378,98578,4.246794990551706,0.1769659542765845
116,0.1504761904761904,0,1,0,147144,458466,9378,98578,4.246785727518619,0.17696627196415363
117,0.1514285714285714,0,1,0,147145,458465,9378,98578,4.2467764644855315,0.1769665896528634
118,0.1523809523809523,0,6,0,147151,458459,9378,98578,4.246720886287005,0.17696849580907553
119,0.1527777777777777,0,2,0,147153,458457,9378,98578,4.246702360220831,0.1769691312036048
120,0.1533333333333333,0,9,0,147162,458448,9378,98578,4.246618992923043,0.17697199053545076
121,0.1538461538461538,1,0,1,147162,458448,9379,98577,4.246618992923043,0.17697051299313316
122,0.1545454545454545,0,3,0,147165,458445,9379,98577,4.24659120382378,0.17697146611803483
123,0.155,1,7,1,147172,458438,9380,98576,4.246526362592167,0.17697221254762
124,0.1552380952380952,0,4,0,147176,458434,9380,98576,4.246489310459817,0.1769734834204054
125,0.1566666666666666,0,4,0,147180,458430,9380,98576,4.246452258327467,0.1769747543114437
126,0.1571428571428571,2,17,2,147197,458413,9382,98574,4.246294786764978,0.17697720054507557
127,0.1583333333333333,4,50,4,147247,458363,9386,98570,4.2458316351106005,0.1769871779908894
128,0.1599999999999999,0,2,0,147249,458361,9386,98570,4.245813109044425,0.17698781357116053
129,0.16,12,287,12,147536,458074,9398,98558,4.243154618548298,0.17706132597479124
130,0.1611111111111111,0,1,0,147537,458073,9398,98558,4.24314535551521,0.17706164406941044
131,0.1615384615384615,0,1,0,147538,458072,9398,98558,4.243136092482122,0.17706196216517256
132,0.1619047619047619,0,1,0,147539,458071,9398,98558,4.243126829449035,0.17706228026207763
133,0.1625,0,7,0,147546,458064,9398,98558,4.243061988217422,0.17706450697241574
134,0.1633333333333333,0,2,0,147548,458062,9398,98558,4.243043462151247,0.17706514318565628
135,0.1642857142857142,0,1,0,147549,458061,9398,98558,4.243034199118159,0.17706546129399103
136,0.1649999999999999,0,12,0,147561,458049,9398,98558,4.242923042721109,0.17706927868316424
137,0.1657142857142857,0,2,0,147563,458047,9398,98558,4.242904516654933,0.1770699149306959
138,0.1661904761904761,0,2,0,147565,458045,9398,98558,4.242885990588759,0.17707055118279996
139,0.1666666666666666,281,3155,281,150720,454890,9679,98277,4.213661121197525,0.17766244190271654
140,0.1678571428571428,0,2,0,150722,454888,9679,98277,4.21364259513135,0.17766308425153435
141,0.1683333333333333,4,13,4,150735,454875,9683,98273,4.213522175701212,0.17766131306630414
142,0.1688888888888889,1,1,1,150736,454874,9684,98272,4.213512912668124,0.1776601475921366
143,0.169047619047619,0,1,0,150737,454873,9684,98272,4.213503649635037,0.17766046877401043
144,0.1699999999999999,2,14,2,150751,454859,9686,98270,4.213373967171811,0.17766199204887106
145,0.1700396825396825,1,7,1,150758,454852,9687,98269,4.213309125940198,0.17766275371934892
146,0.1708333333333333,0,1,0,150759,454851,9687,98269,4.21329986290711,0.17766307492045125
147,0.1714285714285714,3,30,3,150789,454821,9690,98266,4.2130219719144835,0.1776682511069687
148,0.1721428571428571,1,1,1,150790,454820,9691,98265,4.213012708881396,0.177667085529349
149,0.1733333333333333,0,14,0,150804,454806,9691,98265,4.2128830264181705,0.17767158285283444
150,0.175,111,1226,111,152030,453580,9802,98154,4.201526547852829,0.17790094502060777
151,0.1761904761904761,0,2,0,152032,453578,9802,98154,4.201508021786654,0.1779015899023439
152,0.1766666666666666,0,3,0,152035,453575,9802,98154,4.201480232687391,0.17790255723371437
153,0.1766666666666667,0,1,0,152036,453574,9802,98154,4.201470969654304,0.17790287967984225
154,0.1770454545454545,1,1,1,152037,453573,9803,98153,4.201461706621216,0.17790171208172173
155,0.1777777777777777,2,6,2,152043,453567,9805,98151,4.201406128422691,0.1779006666449164
156,0.1783333333333333,0,2,0,152045,453565,9805,98151,4.201387602356515,0.17790131154434527
157,0.1785714285714285,0,5,0,152050,453560,9805,98151,4.201341287191078,0.1779029238133733
158,0.18,36,454,36,152504,453106,9841,98115,4.197135870169328,0.1779957585070235
159,0.1818181818181818,0,1,0,152505,453105,9841,98115,4.197126607136241,0.17799608141939696
160,0.1819444444444444,1,0,1,152505,453105,9842,98114,4.197126607136241,0.1779945901719643
161,0.1826190476190476,0,1,0,152506,453104,9842,98114,4.1971173441031535,0.17799491308338988
162,0.1828571428571428,0,2,0,152508,453102,9842,98114,4.197098818036978,0.17799555890975588
163,0.1833333333333333,35,391,35,152899,452711,9877,98079,4.193476972099744,0.17806968172987891
164,0.185,1,8,1,152907,452703,9878,98078,4.193402867835044,0.17807077586191244
165,0.1852380952380952,1,4,1,152911,452699,9879,98077,4.193365815702694,0.1780705767862071
166,0.1857142857142857,1,48,1,152959,452651,9880,98076,4.192921190114491,0.17808460453182792
167,0.1866666666666666,1,9,1,152968,452642,9881,98075,4.192837822816703,0.17808602240352123
168,0.1869047619047619,0,1,0,152969,452641,9881,98075,4.1928285597836155,0.17808634577531796
169,0.1875,3,24,3,152993,452617,9884,98072,4.192606246989515,0.17808962953681662
170,0.1883333333333333,2,1,2,152994,452616,9886,98070,4.1925969839564265,0.17808696789095782
171,0.1888888888888888,1,10,1,153004,452606,9887,98069,4.1925043536255515,0.17808870931129978
172,0.1892551892551892,0,1,0,153005,452605,9887,98069,4.192495090592463,0.17808903271263943
173,0.1896969696969697,0,1,0,153006,452604,9887,98069,4.192485827559376,0.17808935611515364
174,0.19,4,36,4,153042,452568,9891,98065,4.192152358368224,0.17809502881229422
175,0.1904761904761904,0,4,0,153046,452564,9891,98065,4.192115306235874,0.17809632256927985
176,0.1909090909090909,0,1,0,153047,452563,9891,98065,4.192106043202786,0.17809664601146327
177,0.1909523809523809,0,5,0,153052,452558,9891,98065,4.192059728037348,0.1780982632400027
178,0.1916666666666666,6,61,6,153113,452497,9897,98059,4.191494683019008,0.17810903886253168
179,0.1928571428571428,0,13,0,153126,452484,9897,98059,4.1913742635888696,0.1781132445603704
180,0.1933333333333333,2,13,2,153139,452471,9899,98057,4.191253844158731,0.17811446465938155
181,0.1944444444444444,0,7,0,153146,452464,9899,98057,4.191189002927119,0.17811672942539886
182,0.195,1,0,1,153146,452464,9900,98056,4.191189002927119,0.17811523650366926
183,0.1952380952380952,0,2,0,153148,452462,9900,98056,4.191170476860943,0.17811588358600444
184,0.1965079365079365,0,6,0,153154,452456,9900,98056,4.191114898662418,0.1781178248612201
185,0.1966666666666666,1,11,1,153165,452445,9901,98055,4.191013005298455,0.17811989100817438
186,0.1976190476190476,0,3,0,153168,452442,9901,98055,4.190985216199192,0.17812086169406918
187,0.1983333333333333,1,2,1,153170,452440,9902,98054,4.190966690133017,0.17812001584031797
188,0.1999999999999999,2,41,2,153211,452399,9904,98052,4.190586905776428,0.1781302967929934
189,0.2,7484,80594,7484,233805,371805,17388,90568,3.444042017118085,0.1958764893278803
190,0.2005555555555555,0,3,0,233808,371802,17388,90568,3.4440142280188226,0.1958777602353094
191,0.2016666666666666,1,2,1,233810,371800,17389,90567,3.4439957019526473,0.19587686837512192
192,0.2021428571428571,0,1,0,233811,371799,17389,90567,3.44398643891956,0.19587729201541637
193,0.2022222222222222,0,3,0,233814,371796,17389,90567,3.443958649820297,0.19587856294729467
194,0.2033333333333333,3,13,3,233827,371783,17392,90564,3.443838230390159,0.19587885289620133
195,0.2035714285714285,0,2,0,233829,371781,17392,90564,3.443819704323984,0.1958797002238588
196,0.2041666666666666,0,1,0,233830,371780,17392,90564,3.4438104412908963,0.19588012389043655
197,0.205,0,5,0,233835,371775,17392,90564,3.4437641261254583,0.19588224225081596
198,0.2055555555555555,1,1,1,233836,371774,17393,90563,3.443754863092371,0.19588092668335003
199,0.2058333333333333,0,8,0,233844,371766,17393,90563,3.4436807588276706,0.1958843161471593
200,0.2066666666666666,2,14,2,233858,371752,17395,90561,3.443551076364445,0.19588676935323038
201,0.2066666666666667,0,4,0,233862,371748,17395,90561,3.4435140242320945,0.19588846420900308
202,0.2071428571428571,0,5,0,233867,371743,17395,90561,3.443467709066657,0.19589058281996263
203,0.2075,1,1,1,233868,371742,17396,90560,3.4434584460335693,0.19588926718898036
204,0.2083333333333333,12,90,12,233958,371652,17408,90548,3.442624773055689,0.19590653396797922
205,0.2095238095238095,1,5,1,233963,371647,17409,90547,3.4425784578902516,0.19590691354712522
206,0.21,9,70,9,234033,371577,17418,90538,3.441930045574123,0.19592092877314088
207,0.2102380952380952,0,3,0,234036,371574,17418,90538,3.4419022564748603,0.19592220067862337
208,0.2116666666666666,0,2,0,234038,371572,17418,90538,3.441883730408685,0.1959230486247863
209,0.2119047619047619,1,9,1,234047,371563,17419,90537,3.441800363110897,0.19592512443194113
210,0.2125,0,1,0,234048,371562,17419,90537,3.4417911000778094,0.19592554842144216
211,0.2130952380952381,0,3,0,234051,371559,17419,90537,3.441763310978547,0.19592682040095566
212,0.2133333333333333,2,18,2,234069,371541,17421,90535,3.441596576382971,0.1959309723941516
213,0.2136363636363636,0,1,0,234070,371540,17421,90535,3.441587313349883,0.19593139641833035
214,0.2138095238095238,0,3,0,234073,371537,17421,90535,3.4415595242506205,0.1959326685018785
215,0.2138888888888888,0,1,0,234074,371536,17421,90535,3.4415502612175333,0.19593309253339855
216,0.2142857142857142,0,7,0,234081,371529,17421,90535,3.4414854199859204,0.19593606080542955
217,0.215,0,9,0,234090,371520,17421,90535,3.441402052688132,0.19593987728733592
218,0.2154761904761904,0,1,0,234091,371519,17421,90535,3.4413927896550445,0.19594030135005866
219,0.2166666666666666,63,513,63,234604,371006,17484,90472,3.4366408536811295,0.19604834900038573
220,0.2166666666666667,0,12,0,234616,370994,17484,90472,3.4365296972840786,0.19605344705785474
221,0.2171428571428571,1,3,1,234619,370991,17485,90471,3.436501908184816,0.19605297944359448
222,0.2178571428571428,0,3,0,234622,370988,17485,90471,3.4364741190855534,0.1960542540073983
223,0.2183333333333333,1,3,1,234625,370985,17486,90470,3.436446329986291,0.19605378639303941
224,0.219047619047619,0,2,0,234627,370983,17486,90470,3.4364278039201155,0.1960546361167876
225,0.2194444444444444,0,1,0,234628,370982,17486,90470,3.4364185408870283,0.19605506098142386
226,0.22,7,68,7,234696,370914,17493,90463,3.4357886546370744,0.19607175910372646
227,0.2208333333333333,0,1,0,234697,370913,17493,90463,3.4357793916039867,0.19607218407546123
228,0.2214285714285714,0,5,0,234702,370908,17493,90463,3.435733076438549,0.1960743089617683
229,0.2216666666666666,0,1,0,234703,370907,17493,90463,3.4357238134054615,0.19607473394455643
230,0.2222222222222222,0,1,0,234704,370906,17493,90463,3.435714550372374,0.19607515892918684
231,0.2225,1,1,1,234705,370905,17494,90462,3.4357052873392866,0.19607384143209203
232,0.2228535353535354,0,3,0,234708,370902,17494,90462,3.4356774982400236,0.19607511639399694
233,0.2233333333333333,0,10,0,234718,370892,17494,90462,3.435584867909148,0.1960793663867659
234,0.2238095238095238,0,4,0,234722,370888,17494,90462,3.435547815776798,0.19608106643546114
235,0.225,51,507,51,235229,370381,17545,90411,3.430851458001408,0.19620783346933107
236,0.2261904761904762,0,1,0,235230,370380,17545,90411,3.4308421949683203,0.19620825927589733
237,0.2266666666666666,3,39,3,235269,370341,17548,90408,3.4304809366779057,0.1962196336834155
238,0.2285714285714285,1,4,1,235273,370337,17549,90407,3.4304438845455554,0.19621959265883007
239,0.2291666666666666,4,10,4,235283,370327,17553,90403,3.43035125421468,0.19621687322292883
240,0.2299999999999999,8,72,8,235355,370255,17561,90395,3.429684315832376,0.19623358298057092
241,0.2305555555555555,1,2,1,235357,370253,17562,90394,3.429665789766201,0.19623269010760952
242,0.2307692307692307,0,1,0,235358,370252,17562,90394,3.4296565267331136,0.19623311610216956
243,0.2314285714285714,0,3,0,235361,370249,17562,90394,3.429628737633851,0.1962343940969471
244,0.2316666666666666,1,0,1,235361,370249,17563,90393,3.429628737633851,0.1962326492156599
245,0.2321428571428571,0,2,0,235363,370247,17563,90393,3.4296102115676756,0.1962335012156999
246,0.2333333333333333,163,1539,163,236902,368708,17726,90230,3.41535440364593,0.19660607750938036
247,0.2342857142857143,0,1,0,236903,368707,17726,90230,3.415345140612842,0.19660650590386045
248,0.2349999999999999,0,2,0,236905,368705,17726,90230,3.415326614546667,0.19660736269842136
249,0.235,0,18,0,236923,368687,17726,90230,3.415159879951091,0.1966150741855281
250,0.2352380952380952,0,2,0,236925,368685,17726,90230,3.4151413538849162,0.1966159310547705
251,0.2357142857142857,1,20,1,236945,368665,17727,90229,3.414956093223165,0.19662274948027214
252,0.2366666666666666,0,3,0,236948,368662,17727,90229,3.4149283041239022,0.19662403490153435
253,0.2369047619047619,1,5,1,236953,368657,17728,90228,3.4148819889584647,0.19662442659925689
254,0.2375,0,5,0,236958,368652,17728,90228,3.4148356737930268,0.1966265690376569
255,0.2378571428571428,0,5,0,236963,368647,17728,90228,3.414789358627589,0.19662871152274586
256,0.238095238095238,0,4,0,236967,368643,17728,90228,3.414752306495239,0.19663042554443405
257,0.2383333333333333,3,2,3,236969,368641,17731,90225,3.4147337804290636,0.19662603025719927
258,0.2388888888888888,0,2,0,236971,368639,17731,90225,3.4147152543628887,0.1966268872694306
259,0.24,10,148,10,237119,368491,17741,90215,3.4133443254659306,0.19667281439527715
260,0.2409090909090909,0,2,0,237121,368489,17741,90215,3.4133257993997557,0.1966736719104259
261,0.2416666666666666,7,125,7,237246,368364,17748,90208,3.412167920263811,0.1967150196697574
262,0.2425,0,1,0,237247,368363,17748,90208,3.4121586572307234,0.19671544864372148
263,0.2428571428571428,0,13,0,237260,368350,17748,90208,3.4120382378005853,0.19672102547551237
264,0.2433333333333333,0,7,0,237267,368343,17748,90208,3.4119733965689725,0.19672402851591209
265,0.2444444444444444,1,4,1,237271,368339,17749,90207,3.411936344436622,0.19672399279461603
266,0.245,0,10,0,237281,368329,17749,90207,3.4118437141057467,0.19672828305738263
267,0.2452380952380952,0,2,0,237283,368327,17749,90207,3.411825188039572,0.19672914113239148
268,0.2458333333333333,0,1,0,237284,368326,17749,90207,3.411815925006484,0.19672957017270296
269,0.2464285714285714,0,2,0,237286,368324,17749,90207,3.411797398940309,0.19673042825893997
270,0.2466666666666666,6,38,6,237324,368286,17755,90201,3.4114454036829818,0.19673622152863657
271,0.2483333333333333,3,4,3,237328,368282,17758,90198,3.411408351550632,0.19673268190542662
272,0.2484848484848484,0,2,0,237330,368280,17758,90198,3.4113898254844566,0.1967335401044325
273,0.2485714285714285,0,2,0,237332,368278,17758,90198,3.4113712994182817,0.19673439831092576
274,0.2492307692307692,0,1,0,237333,368277,17758,90198,3.411362036385194,0.1967348274169802
275,0.2499999999999999,0,2,0,237335,368275,17758,90198,3.411343510319019,0.19673568563470478
276,0.25,878,7477,878,244812,360798,18636,89320,3.3420838119233762,0.19843685433597413
277,0.2512820512820513,0,1,0,244813,360797,18636,89320,3.3420745488902885,0.19843729519213893
278,0.2514285714285714,1,0,1,244813,360797,18637,89319,3.3420745488902885,0.19843551440073226
279,0.2514705882352941,0,3,0,244816,360794,18637,89319,3.342046759791026,0.19843683697204925
280,0.2516666666666666,0,3,0,244819,360791,18637,89319,3.3420189706917633,0.1984381595609962
281,0.2523809523809524,0,4,0,244823,360787,18637,89319,3.341981918559413,0.1984399230403505
282,0.2533333333333333,0,4,0,244827,360783,18637,89319,3.341944866427063,0.19844168655104844
283,0.2541666666666666,0,1,0,244828,360782,18637,89319,3.341935603393975,0.19844212743362044
284,0.2545454545454545,1,1,1,244829,360781,18638,89318,3.341926340360888,0.19844078747120078
285,0.255,2,18,2,244847,360763,18640,89316,3.341759605765312,0.19844516184936423
286,0.2552380952380952,0,2,0,244849,360761,18640,89316,3.3417410796991365,0.19844604367697083
287,0.2557142857142857,0,4,0,244853,360757,18640,89316,3.3417040275667866,0.19844780735569564
288,0.2558333333333333,0,3,0,244856,360754,18640,89316,3.3416762384675236,0.1984491301353123
289,0.2566666666666666,0,12,0,244868,360742,18640,89316,3.341565082070473,0.1984544214301268
290,0.2566666666666667,0,1,0,244869,360741,18640,89316,3.3415558190373855,0.198454862384098
291,0.2571428571428571,3,17,3,244886,360724,18643,89313,3.341398347474897,0.19845701575648225
292,0.2583333333333333,6,62,6,244948,360662,18649,89307,3.340824039423469,0.19847367263078122
293,0.2585714285714285,0,1,0,244949,360661,18649,89307,3.3408147763903813,0.19847411371475304
294,0.2587121212121211,0,1,0,244950,360660,18649,89307,3.3408055133572936,0.19847455480068538
295,0.2587412587412587,0,1,0,244951,360659,18649,89307,3.3407962503242064,0.19847499588857825
296,0.2595238095238095,0,1,0,244952,360658,18649,89307,3.3407869872911187,0.19847543697843165
297,0.2599999999999999,0,4,0,244956,360654,18649,89307,3.3407499351587684,0.19847720135745098
298,0.26,31,286,31,245242,360368,18680,89276,3.338100707695728,0.1985481847861864
299,0.2603571428571428,0,1,0,245243,360367,18680,89276,3.3380914446626404,0.19854862635468584
300,0.2607142857142857,2,1,2,245244,360366,18682,89274,3.3380821816295527,0.19854550306912197
301,0.261031746031746,0,3,0,245247,360363,18682,89274,3.33805439253029,0.1985468277744047
302,0.2616666666666666,0,8,0,245255,360355,18682,89274,3.3379802882655896,0.1985503604082477
303,0.2619047619047618,0,1,0,245256,360354,18682,89274,3.3379710252325023,0.19855080199631694
304,0.2619047619047619,0,1,0,245257,360353,18682,89274,3.3379617621994147,0.19855124358635046
305,0.2619696969696969,0,2,0,245259,360351,18682,89274,3.3379432361332393,0.19855212677231027
306,0.2625,0,6,0,245265,360345,18682,89274,3.337887657934714,0.19855477637733282
307,0.2633333333333333,0,10,0,245275,360335,18682,89274,3.3377950276038386,0.1985591925428539
308,0.2638095238095237,0,1,0,245276,360334,18682,89274,3.337785764570751,0.1985596341702105
309,0.2642857142857143,0,4,0,245280,360330,18682,89274,3.3377487124384007,0.19856140069928205
310,0.2647619047619048,0,2,0,245282,360328,18682,89274,3.3377301863722257,0.1985622839756051
311,0.265,2,22,2,245304,360306,18684,89272,3.3375263996442994,0.19856843528820362
312,0.2657142857142857,0,2,0,245306,360304,18684,89272,3.3375078735781245,0.19856931864690286
313,0.2659090909090909,1,0,1,245306,360304,18685,89271,3.3375078735781245,0.19856753600622812
314,0.2661111111111111,0,4,0,245310,360300,18685,89271,3.3374708214457742,0.1985693027352743
315,0.2666666666666666,454,3887,454,249197,356413,19139,88817,3.301465411834451,0.1994856590975451
316,0.2666666666666667,0,9,0,249206,356404,19139,88817,3.301382044536663,0.1994896916362885
317,0.2674999999999999,1,1,1,249207,356403,19140,88816,3.3013727815035754,0.19948834169251536
318,0.2683333333333333,0,4,0,249211,356399,19140,88816,3.301335729371225,0.19949013398021181
319,0.2690476190476191,0,2,0,249213,356397,19140,88816,3.30131720330505,0.1994910301361371
320,0.27,5,16,5,249229,356381,19145,88811,3.3011689947756495,0.19948920915020935
321,0.2704761904761905,1,0,1,249229,356381,19146,88810,3.3011689947756495,0.1994874110213369
322,0.2714285714285714,4,39,4,249268,356342,19150,88806,3.300807736485235,0.1994976951485798
323,0.2716666666666666,0,2,0,249270,356340,19150,88806,3.3007892104190595,0.1994985914733593
324,0.2718253968253968,0,7,0,249277,356333,19150,88806,3.3007243691874466,0.19950172867351545
325,0.2720238095238095,1,3,1,249280,356330,19151,88805,3.300696580088184,0.19950127489413325
326,0.2722222222222222,0,2,0,249282,356328,19151,88805,3.300678054022009,0.19950217126117362
327,0.2728571428571428,0,1,0,249283,356327,19151,88805,3.3006687909889214,0.19950261944771439
328,0.2733333333333333,3,21,3,249304,356306,19154,88802,3.3004742672940828,0.19950663659156878
329,0.2738095238095238,0,2,0,249306,356304,19154,88802,3.300455741227908,0.1995075330370743
330,0.2746031746031746,0,1,0,249307,356303,19154,88802,3.30044647819482,0.1995079812628481
331,0.2749999999999999,0,8,0,249315,356295,19154,88802,3.3003723739301196,0.19951156714154442
332,0.275,154,1662,154,250977,354633,19308,88648,3.2849772129386046,0.19998150157574993
333,0.2754761904761905,0,4,0,250981,354629,19308,88648,3.2849401608062543,0.199983306149428
334,0.2757539682539682,0,4,0,250985,354625,19308,88648,3.284903108673904,0.19998511075567427
335,0.2761904761904762,0,1,0,250986,354624,19308,88648,3.2848938456408168,0.19998556191232472
336,0.2763492063492063,1,8,1,250994,354616,19309,88647,3.284819741376116,0.1999873664167774
337,0.2766666666666666,1,11,1,251005,354605,19310,88646,3.284717848012153,0.19999052455606417
338,0.2766666666666667,0,1,0,251006,354604,19310,88646,3.2847085849790654,0.19999097574732091
339,0.2766919191919191,0,6,0,251012,354598,19310,88646,3.28465300678054,0.1999936829376145
340,0.2777777777777778,0,1,0,251013,354597,19310,88646,3.2846437437474525,0.1999941341431224
341,0.2783333333333333,0,1,0,251014,354596,19310,88646,3.2846344807143653,0.19999458535066622
342,0.2783333333333334,0,3,0,251017,354593,19310,88646,3.2846066916151027,0.19999593898551346
343,0.2785714285714286,0,3,0,251020,354590,19310,88646,3.2845789025158396,0.19999729263868457
344,0.2788888888888888,0,1,0,251021,354589,19310,88646,3.2845696394827524,0.19999774386048033
345,0.2791666666666667,0,4,0,251025,354585,19310,88646,3.284532587350402,0.1999995487680239
346,0.2798412698412698,0,10,0,251035,354575,19310,88646,3.2844399570195266,0.20000406117941164
347,0.2799999999999999,71,521,71,251556,354054,19381,88575,3.2796139167809106,0.20011115403645038
348,0.28,0,5,0,251561,354049,19381,88575,3.279567601615473,0.20011341454598033
349,0.2811111111111111,0,2,0,251563,354047,19381,88575,3.2795490755492978,0.20011431876409216
350,0.2816666666666666,0,4,0,251567,354043,19381,88575,3.2795120234169475,0.20011612722483044
351,0.2833333333333333,64,515,64,252082,353528,19445,88511,3.274741561376857,0.20023346356316976
352,0.2845238095238095,1,3,1,252085,353525,19446,88510,3.2747137722775945,0.20023301322293482
353,0.2846153846153846,0,1,0,252086,353524,19446,88510,3.274704509244507,0.20023346620395716
354,0.285,0,11,0,252097,353513,19446,88510,3.274602615880544,0.20023844913047512
355,0.2857142857142857,2,60,2,252157,353453,19448,88508,3.274046833895291,0.2002620140691147
356,0.2858974358974359,0,1,0,252158,353452,19448,88508,3.274037570862203,0.20026246719160104
357,0.2866666666666666,0,1,0,252159,353451,19448,88508,3.2740283078291155,0.20026292031613793
358,0.2866666666666667,2,20,2,252179,353431,19450,88506,3.2738430471673645,0.20026836404283868
359,0.2871428571428571,0,1,0,252180,353430,19450,88506,3.273833784134277,0.20026881720430106
360,0.2875,5,18,5,252198,353412,19455,88501,3.273667049538701,0.20026792603974086
361,0.288095238095238,1,2,1,252200,353410,19456,88500,3.273648523472526,0.20026702269692923
362,0.2883333333333333,0,1,0,252201,353409,19456,88500,3.273639260439438,0.2002674758830438
363,0.2886904761904761,0,6,0,252207,353403,19456,88500,3.273583682240913,0.20027019504280352
364,0.2888888888888888,2,9,2,252216,353394,19458,88498,3.2735003149431248,0.20027065436803562
365,0.2892857142857142,0,2,0,252218,353392,19458,88498,3.27348178887695,0.20027156079567313
366,0.29,5,43,5,252261,353349,19463,88493,3.273083478454185,0.20028200125836837
367,0.2904761904761904,1,4,1,252265,353345,19464,88492,3.2730464263218346,0.20028200444960473
368,0.2909090909090909,0,1,0,252266,353344,19464,88492,3.2730371632887474,0.20028245774450248
369,0.2911904761904761,0,5,0,252271,353339,19464,88492,3.2729908481233094,0.2002847242497697
370,0.2916666666666666,5,87,5,252358,353252,19469,88487,3.2721849642446923,0.20031511820328293
371,0.2916666666666667,0,1,0,252359,353251,19469,88487,3.2721757012116046,0.20031557167370703
372,0.2917063492063492,1,2,1,252361,353249,19470,88486,3.2721571751454297,0.20031466829660316
373,0.2923076923076923,1,1,1,252362,353248,19471,88485,3.272147912112342,0.20031331143473546
374,0.2928571428571428,0,4,0,252366,353244,19471,88485,3.2721108599799917,0.20031512533702792
375,0.2933333333333333,2,22,2,252388,353222,19473,88483,3.271907073252066,0.20032148153179158
376,0.2938095238095238,0,1,0,252389,353221,19473,88483,3.271897810218978,0.20032193505152773
377,0.2944444444444444,2,2,2,252391,353219,19475,88481,3.271879284152803,0.20031922119085352
378,0.295,1,8,1,252399,353211,19476,88480,3.2718051798881027,0.2003210389163465
379,0.2952380952380952,1,3,1,252402,353208,19477,88479,3.27177739078884,0.20032058901439254
380,0.2961904761904761,0,1,0,252403,353207,19477,88479,3.2717681277557524,0.20032104255059024
381,0.2964285714285714,0,4,0,252407,353203,19477,88479,3.271731075623402,0.2003228567159178
382,0.2966666666666666,0,3,0,252410,353200,19477,88479,3.2717032865241396,0.20032421736147746
383,0.2966666666666667,0,10,0,252420,353190,19477,88479,3.271610656193264,0.20032875298017294
384,0.2971428571428571,0,1,0,252421,353189,19477,88479,3.2716013931601764,0.20032920655333872
385,0.2980952380952381,0,1,0,252422,353188,19477,88479,3.2715921301270887,0.2003296601285584
386,0.2983333333333333,1,8,1,252430,353180,19478,88478,3.2715180258623886,0.20033147820259115
387,0.2999999999999999,4,51,4,252481,353129,19482,88474,3.271045611174923,0.20034737082854961
388,0.3,9234,74388,9234,326869,278741,28716,79240,2.581987105857942,0.22135252988287088
389,0.3016666666666666,0,5,0,326874,278736,28716,79240,2.5819407906925043,0.2213556216059177
390,0.3020238095238096,0,4,0,326878,278732,28716,79240,2.581903738560154,0.22135809504653994
391,0.3023809523809523,0,3,0,326881,278729,28716,79240,2.5818759494608914,0.2213599501632823
392,0.303030303030303,0,2,0,326883,278727,28716,79240,2.5818574233947165,0.22136118692505174
393,0.3033333333333333,2,19,2,326902,278708,28718,79238,2.5816814257660528,0.22136858632307665
394,0.3035714285714285,1,2,1,326904,278706,28719,79237,2.581662899699878,0.22136764792159647
395,0.3038095238095238,0,1,0,326905,278705,28719,79237,2.58165363666679,0.2213682663671768
396,0.3041558441558441,0,1,0,326906,278704,28719,79237,2.5816443736337025,0.22136888481621272
397,0.3047619047619048,0,1,0,326907,278703,28719,79237,2.5816351106006152,0.22136950326870425
398,0.305,1,19,1,326926,278684,28720,79236,2.5814591129719515,0.22137907912382657
399,0.3056421356421356,0,5,0,326931,278679,28720,79236,2.5814127978065136,0.221382171744688
400,0.3066666666666666,3,19,3,326950,278660,28723,79233,2.5812368001778503,0.22138739790943104
401,0.3066666666666667,0,9,0,326959,278651,28723,79233,2.581153432880062,0.22139296531837133
402,0.3071428571428571,0,10,0,326969,278641,28723,79233,2.5810608025491866,0.22139915165672835
403,0.3083333333333333,11,126,11,327095,278515,28734,79222,2.5798936603801548,0.22145319047233022
404,0.3091666666666667,0,1,0,327096,278514,28734,79222,2.5798843973470675,0.22145380951316054
405,0.3095238095238095,0,3,0,327099,278511,28734,79222,2.5798566082478045,0.22145566665641694
406,0.3099999999999999,0,2,0,327101,278509,28734,79222,2.5798380821816296,0.22145690476922603
407,0.31,9,79,9,327180,278430,28743,79213,2.5791063025677126,0.22148623068255216
408,0.3107142857142857,0,2,0,327182,278428,28743,79213,2.5790877765015376,0.22148746927785126
409,0.3111111111111111,0,3,0,327185,278425,28743,79213,2.579059987402275,0.2214893271967744
410,0.3116666666666666,2,4,2,327189,278421,28745,79211,2.5790229352699248,0.22148745078740156
411,0.3116666666666667,1,4,1,327193,278417,28746,79210,2.5789858831375745,0.22148775120446723
412,0.3119047619047618,0,1,0,327194,278416,28746,79210,2.578976620104487,0.22148837053234385
413,0.3119047619047619,0,2,0,327196,278414,28746,79210,2.578958094038312,0.22148960919848779
414,0.3123809523809523,1,0,1,327196,278414,28747,79209,2.578958094038312,0.22148743229602122
415,0.3124206349206349,3,5,3,327201,278409,28750,79206,2.578911778872874,0.22148399815443984
416,0.3125,2,2,2,327203,278407,28752,79204,2.578893252806699,0.22148088285874876
417,0.3128571428571428,0,2,0,327205,278405,28752,79204,2.578874726740524,0.22148212153497254
418,0.3133333333333333,5,25,5,327230,278380,28757,79199,2.578643150913335,0.22148672041702672
419,0.3142857142857142,0,2,0,327232,278378,28757,79199,2.57862462484716,0.2214879592367518
420,0.315,0,15,0,327247,278363,28757,79199,2.578485679350847,0.2214972508264301
421,0.3153968253968253,0,7,0,327254,278356,28757,79199,2.578420838119234,0.22150158716840765
422,0.3154761904761904,0,1,0,327255,278355,28757,79199,2.5784115750861463,0.22150220665969336
423,0.3161904761904761,0,2,0,327257,278353,28757,79199,2.578393049019971,0.2215034456526603
424,0.3166666666666666,92,729,92,327986,277624,28849,79107,2.571640297899144,0.2217553282445316
425,0.3166666666666667,3,23,3,328009,277601,28852,79104,2.5714272481381304,0.22176308153796553
426,0.3168309468309468,2,4,2,328013,277597,28854,79102,2.57139019600578,0.22176120482535697
427,0.3171428571428571,0,2,0,328015,277595,28854,79102,2.571371669939605,0.2217624482403833
428,0.3175,0,1,0,328016,277594,28854,79102,2.5713624069065175,0.22176306995312536
429,0.3178571428571428,0,1,0,328017,277593,28854,79102,2.57135314387343,0.22176369166935336
430,0.3178571428571429,0,1,0,328018,277592,28854,79102,2.571343880840342,0.22176431338906738
431,0.3181818181818182,0,1,0,328019,277591,28854,79102,2.571334617807255,0.22176493511226741
432,0.3183333333333333,1,7,1,328026,277584,28855,79101,2.571269776575642,0.22176710542916017
433,0.3190476190476191,0,1,0,328027,277583,28855,79101,2.5712605135425544,0.22176772717587556
434,0.3199999999999999,1,1,1,328028,277582,28856,79100,2.5712512505094667,0.22176616706197677
435,0.32,14,63,14,328091,277519,28870,79086,2.570667679424951,0.22177479283801405
436,0.3207142857142857,0,6,0,328097,277513,28870,79086,2.5706121012264256,0.22177852433686018
437,0.3208333333333333,0,1,0,328098,277512,28870,79086,2.570602838193338,0.2217791462655427
438,0.320952380952381,0,4,0,328102,277508,28870,79086,2.5705657860609876,0.2217816340151545
439,0.3214285714285714,1,17,1,328119,277491,28871,79085,2.5704083144984993,0.22179002512788298
440,0.3216666666666666,1,6,1,328125,277485,28872,79084,2.570352736299974,0.22179157470223154
441,0.3216666666666667,0,1,0,328126,277484,28872,79084,2.5703434732668864,0.22179219671984027
442,0.3219047619047618,0,1,0,328127,277483,28872,79084,2.570334210233799,0.2217928187409379
443,0.3220238095238095,1,4,1,328131,277479,28873,79083,2.570297158101449,0.22179312433742238
444,0.3222222222222222,0,1,0,328132,277478,28873,79083,2.570287895068361,0.22179374637158858
445,0.3225,0,1,0,328133,277477,28873,79083,2.5702786320352735,0.22179436840924388
446,0.3228571428571428,0,1,0,328134,277476,28873,79083,2.5702693690021863,0.2217949904503883
447,0.3233333333333333,2,8,2,328142,277468,28875,79081,2.5701952647374857,0.2217956017265509
448,0.3238095238095237,0,2,0,328144,277466,28875,79081,2.5701767386713104,0.22179684585762888
449,0.3238095238095238,0,1,0,328145,277465,28875,79081,2.570167475638223,0.22179746792840194
450,0.3241666666666666,0,1,0,328146,277464,28875,79081,2.5701582126051354,0.22179809000266446
451,0.3249999999999999,3,3,3,328149,277461,28878,79078,2.570130423505873,0.22179340829474475
452,0.325,71,551,71,328700,276910,28949,79007,2.5650264922746304,0.22198152940151777
453,0.3257142857142857,0,1,0,328701,276909,28949,79007,2.5650172292415427,0.22198215309230268
454,0.3261904761904762,0,1,0,328702,276908,28949,79007,2.5650079662084555,0.2219827767865923
455,0.3266666666666666,6,51,6,328753,276857,28955,79001,2.56453555152099,0.22200147249745686
456,0.3275,0,1,0,328754,276856,28955,79001,2.5645262884879023,0.22200209634769022
457,0.3277777777777778,0,2,0,328756,276854,28955,79001,2.5645077624217274,0.22200334405867558
458,0.3283333333333333,1,9,1,328765,276845,28956,79000,2.5644243951239396,0.22200677261167082
459,0.3285714285714285,0,7,0,328772,276838,28956,79000,2.5643595538923263,0.22201113990074134
460,0.3291666666666666,0,1,0,328773,276837,28956,79000,2.564350290859239,0.22201176381320661
461,0.3295238095238095,1,0,1,328773,276837,28957,78999,2.564350290859239,0.22200957744578964
462,0.3299999999999999,12,77,12,328850,276760,28969,78987,2.5636370373114974,0.22203138747480652
463,0.33,1,1,1,328851,276759,28970,78986,2.5636277742784097,0.22202982473400892
464,0.3316666666666666,0,8,0,328859,276751,28970,78986,2.563553670013709,0.22203481785701235
465,0.3321428571428571,2,7,2,328866,276744,28972,78984,2.5634888287820963,0.2220348131156389
466,0.3333333333333333,222,1551,222,330417,275193,29194,78762,2.5491218644633,0.2225198118404882
467,0.3345238095238095,0,3,0,330420,275190,29194,78762,2.549094075364037,0.22252169785733658
468,0.3349999999999999,0,4,0,330424,275186,29194,78762,2.549057023231687,0.22252421259620056
469,0.335,3,19,3,330443,275167,29197,78759,2.5488810256030234,0.22252956832784254
470,0.3357142857142857,2,15,2,330458,275152,29199,78757,2.54874208010671,0.22253460635361066
471,0.3366666666666666,2,15,2,330473,275137,29201,78755,2.548603134610397,0.22253964486340466
472,0.3366666666666667,3,2,3,330475,275135,29204,78752,2.5485846085442216,0.2225343118000944
473,0.3369047619047619,1,1,1,330476,275134,29205,78751,2.548575345511134,0.22253274368792123
474,0.3371428571428571,0,7,0,330483,275127,29205,78751,2.548510504279521,0.2225371455699422
475,0.3375,0,15,0,330498,275112,29205,78751,2.548371558783208,0.22254657876070683
476,0.3377777777777778,0,1,0,330499,275111,29205,78751,2.5483622957501204,0.22254720766852615
477,0.3380952380952381,0,5,0,330504,275106,29205,78751,2.5483159805846824,0.22255035226094155
478,0.3383333333333332,0,1,0,330505,275105,29205,78751,2.548306717551595,0.22255098119008862
479,0.3383333333333333,0,3,0,330508,275102,29205,78751,2.5482789284523326,0.2225528679988583
480,0.3383333333333334,1,0,1,330508,275102,29206,78750,2.5482789284523326,0.222550670901959
481,0.3388095238095238,0,1,0,330509,275101,29206,78750,2.548269665419245,0.22255129984089347
482,0.3388888888888889,1,4,1,330513,275097,29207,78749,2.5482326132868947,0.2225516185007037
483,0.3391666666666666,0,3,0,330516,275094,29207,78749,2.548204824187632,0.2225535053682
484,0.3399999999999999,15,123,15,330639,274971,29222,78734,2.547065471117863,0.22259792765157405
485,0.34,0,3,0,330642,274968,29222,78734,2.5470376820186003,0.22259981566403356
486,0.3404761904761905,0,2,0,330644,274966,29222,78734,2.547019155952425,0.22260107435679954
487,0.3408333333333333,0,1,0,330645,274965,29222,78734,2.5470098929193377,0.22260170370852053
488,0.3416666666666667,19,170,19,330815,274795,29241,78715,2.5454351772944532,0.22266696840259115
489,0.3417460317460317,0,1,0,330816,274794,29241,78715,2.5454259142613656,0.22266759827896884
490,0.3419047619047619,0,1,0,330817,274793,29241,78715,2.5454166512282783,0.22266822815891013
491,0.3423809523809523,2,1,2,330818,274792,29243,78713,2.5454073881951906,0.22266446019151073
492,0.3424999999999999,0,1,0,330819,274791,29243,78713,2.545398125162103,0.22266509006970217
493,0.3428571428571428,4,26,4,330845,274765,29247,78709,2.545157286301827,0.22267267182310438
494,0.3428787878787879,0,3,0,330848,274762,29247,78709,2.545129497202564,0.222674561703789
495,0.3430555555555555,0,7,0,330855,274755,29247,78709,2.5450646559709513,0.2226789715501437
496,0.3433333333333333,1,3,1,330858,274752,29248,78708,2.5450368668716883,0.2226786623663215
497,0.3433333333333334,3,7,3,330865,274745,29251,78705,2.5449720256400754,0.22267647474890367
498,0.344047619047619,0,1,0,330866,274744,29251,78705,2.544962762606988,0.22267710475910243
499,0.3442105263157894,0,1,0,330867,274743,29251,78705,2.5449534995739005,0.22267773477286618
500,0.3442857142857143,0,2,0,330869,274741,29251,78705,2.5449349735077256,0.22267899481108855
501,0.3444444444444444,1,3,1,330872,274738,29252,78704,2.5449071844084625,0.22267868561178356
502,0.345,4,14,4,330886,274724,29256,78700,2.5447775019452368,0.22267870885961338
503,0.3452380952380952,0,2,0,330888,274722,29256,78700,2.544758975879062,0.2226799689889141
504,0.3457142857142857,2,1,2,330889,274721,29258,78698,2.544749712845974,0.2226762002042901
505,0.3464285714285714,0,7,0,330896,274714,29258,78698,2.5446848716143613,0.22268061073195025
506,0.3465873015873015,0,1,0,330897,274713,29258,78698,2.544675608581274,0.222681240821593
507,0.3466666666666666,1,13,1,330910,274700,29259,78697,2.5445551891511355,0.22268723277220803
508,0.3466666666666667,7,49,7,330959,274651,29266,78690,2.5441013005298454,0.2227027149410909
509,0.3475,0,1,0,330960,274650,29266,78690,2.5440920374967577,0.2227033452199015
510,0.3483333333333333,1,14,1,330974,274636,29267,78689,2.543962355033532,0.2227099695747541
511,0.3485714285714286,0,1,0,330975,274635,29267,78689,2.5439530920004447,0.22271059990263894
512,0.3488095238095238,0,5,0,330980,274630,29267,78689,2.5439067768350068,0.2227137515955836
513,0.3488888888888889,0,1,0,330981,274629,29267,78689,2.543897513801919,0.22271438194487686
514,0.3491666666666667,0,2,0,330983,274627,29267,78689,2.543878987735744,0.22271564265416793
515,0.35,997,7485,997,338468,267142,30264,77692,2.474545185075401,0.22530260937146568
516,0.3514285714285714,0,1,0,338469,267141,30264,77692,2.4745359220423135,0.225303262738775
517,0.3516666666666667,0,7,0,338476,267134,30264,77692,2.4744710808107007,0.2253078364160475
518,0.3523809523809523,0,5,0,338481,267129,30264,77692,2.4744247656452627,0.22531110344207575
519,0.3533333333333333,1,7,1,338488,267122,30265,77691,2.47435992441365,0.22531343075812107
520,0.3533333333333334,2,1,2,338489,267121,30267,77689,2.4743506613805626,0.22530959078913024
521,0.3535714285714285,0,1,0,338490,267120,30267,77689,2.474341398347475,0.22531024422216359
522,0.3541666666666666,1,7,1,338497,267113,30268,77688,2.474276557115862,0.22531257159927032
523,0.3547619047619048,0,1,0,338498,267112,30268,77688,2.4742672940827743,0.22531322505800463
524,0.355,4,33,4,338531,267079,30272,77684,2.4739616139908853,0.22532580352299986
525,0.3555555555555555,0,3,0,338534,267076,30272,77684,2.4739338248916227,0.22532776424179138
526,0.3566666666666666,2,26,2,338560,267050,30274,77682,2.473692986031346,0.22534026432126986
527,0.3566666666666667,1,0,1,338560,267050,30275,77681,2.473692986031346,0.22533801717861174
528,0.3569047619047619,0,2,0,338562,267048,30275,77681,2.473674459965171,0.22533932451287822
529,0.3571428571428571,2,26,2,338588,267022,30277,77679,2.4734336211048946,0.22535182665556525
530,0.3576190476190476,0,3,0,338591,267019,30277,77679,2.473405832005632,0.22535378795351294
531,0.3577777777777777,0,1,0,338592,267018,30277,77679,2.4733965689725443,0.22535444172708205
532,0.3583333333333333,9,84,9,338676,266934,30286,77670,2.47261847419319,0.22538914231988022
533,0.3595238095238095,0,1,0,338677,266933,30286,77670,2.472609211160102,0.22538979637437864
534,0.3597619047619048,0,5,0,338682,266928,30286,77670,2.4725628959946646,0.2253930667038114
535,0.36,51,304,51,338986,266624,30337,77619,2.469746933936048,0.2254773517544293
536,0.3601298701298701,0,2,0,338988,266622,30337,77619,2.469728407869873,0.2254786617515055
537,0.3607142857142857,1,2,1,338990,266620,30338,77618,2.469709881803698,0.2254777218087486
538,0.3609523809523809,0,5,0,338995,266615,30338,77618,2.46966356663826,0.22548099688292522
539,0.361111111111111,0,1,0,338996,266614,30338,77618,2.4696543036051724,0.22548165190917754
540,0.3611111111111111,0,1,0,338997,266613,30338,77618,2.469645040572085,0.22548230693923557
541,0.3611904761904762,0,6,0,339003,266607,30338,77618,2.4695894623735595,0.22548623719950614
542,0.3614285714285714,0,1,0,339004,266606,30338,77618,2.4695801993404722,0.22548689225620527
543,0.3616666666666666,0,5,0,339009,266601,30338,77618,2.4695338841750343,0.22549016759679158
544,0.3616666666666667,1,4,1,339013,266597,30339,77617,2.469496832042684,0.22549053786307355
545,0.3619047619047618,0,1,0,339014,266596,30339,77617,2.4694875690095963,0.2254911929532005
546,0.3619047619047619,1,2,1,339016,266594,30340,77616,2.4694690429434214,0.22549025304320036
547,0.3625,2,7,2,339023,266587,30342,77614,2.4694042017118085,0.2254903384940776
548,0.3626190476190476,0,3,0,339026,266584,30342,77614,2.469376412612546,0.22549230384836635
549,0.3628571428571428,1,1,1,339027,266583,30343,77613,2.4693671495794582,0.22549070878220548
550,0.3633333333333333,0,16,0,339043,266567,30343,77613,2.4692189410500576,0.22550119123714335
551,0.3636363636363636,0,1,0,339044,266566,30343,77613,2.46920967801697,0.2255018464229369
552,0.365,2,17,2,339061,266549,30345,77611,2.4690522064544815,0.22550848442584845
553,0.3654761904761905,0,1,0,339062,266548,30345,77611,2.469042943421394,0.2255091396709079
554,0.3657142857142857,0,2,0,339064,266546,30345,77611,2.469024417355219,0.22551045017245036
555,0.3659090909090909,1,2,1,339066,266544,30346,77610,2.4690058912890436,0.2255095102773758
556,0.3666666666666666,535,3676,535,342742,262868,30881,77075,2.4349549816591947,0.22672918695193017
557,0.3666666666666667,3,22,3,342764,262846,30884,77072,2.4347511949312683,0.22673703657941033
558,0.3671428571428571,0,5,0,342769,262841,30884,77072,2.4347048797658304,0.22674037180101966
559,0.3675,0,1,0,342770,262840,30884,77072,2.434695616732743,0.22674103885711597
560,0.3678571428571428,1,0,1,342770,262840,30885,77071,2.434695616732743,0.22673876397056877
561,0.3682828282828282,0,1,0,342771,262839,30885,77071,2.4346863536996555,0.22673943102585978
562,0.3683333333333333,2,2,2,342773,262837,30887,77069,2.43466782763348,0.22673621530658475
563,0.3685714285714285,0,1,0,342774,262836,30887,77069,2.434658564600393,0.22673688236418998
564,0.369047619047619,0,2,0,342776,262834,30887,77069,2.4346400385342175,0.22673821649117543
565,0.3691666666666667,0,2,0,342778,262832,30887,77069,2.4346215124680426,0.22673955063386103
566,0.3692307692307692,0,2,0,342780,262830,30887,77069,2.4346029864018672,0.2267408847922471
567,0.3699600399600399,0,5,0,342785,262825,30887,77069,2.4345566712364297,0.22674422025690363
568,0.37,3,22,3,342807,262803,30890,77066,2.4343528845085034,0.2267520721219058
569,0.3702380952380952,0,1,0,342808,262802,30890,77066,2.4343436214754157,0.2267527392987866
570,0.3703968253968254,1,2,1,342810,262800,30891,77065,2.434325095409241,0.2267517985082312
571,0.3708333333333333,0,1,0,342811,262799,30891,77065,2.434315832376153,0.2267524656921592
572,0.3714285714285714,5,42,5,342853,262757,30896,77060,2.433926784986476,0.2267691139642808
573,0.3716666666666667,0,1,0,342854,262756,30896,77060,2.4339175219533886,0.22676978129340583
574,0.3721428571428571,0,1,0,342855,262755,30896,77060,2.433908258920301,0.2267704486264585
575,0.3722222222222222,0,1,0,342856,262754,30896,77060,2.4338989958872133,0.22677111596343882
576,0.3727272727272727,0,1,0,342857,262753,30896,77060,2.4338897328541256,0.2267717833043468
577,0.3733333333333333,2,27,2,342884,262726,30898,77058,2.4336396309607617,0.22678525180703035
578,0.3738095238095238,0,1,0,342885,262725,30898,77058,2.433630367927674,0.22678591924846153
579,0.3749999999999999,2,12,2,342897,262713,30900,77056,2.4335192115306237,0.2267893774888233
580,0.375,243,1584,243,344481,261129,31143,76813,2.418846567119938,0.22729639997396003
581,0.3753968253968254,0,1,0,344482,261128,31143,76813,2.4188373040868503,0.22729707256592127
582,0.3755555555555555,0,2,0,344484,261126,31143,76813,2.418818778020675,0.22729841776178542
583,0.3761904761904761,0,3,0,344487,261123,31143,76813,2.4187909889214123,0.2273004355854363
584,0.3766666666666666,1,14,1,344501,261109,31144,76812,2.4186613064581866,0.22730756596956092
585,0.3766666666666667,0,11,0,344512,261098,31144,76812,2.4185594130942234,0.22731496552336422
586,0.3777777777777777,0,9,0,344521,261089,31144,76812,2.4184760457964356,0.22732102006208918
587,0.3778571428571428,0,1,0,344522,261088,31144,76812,2.418466782763348,0.22732169280852324
588,0.3783333333333333,0,4,0,344526,261084,31144,76812,2.4184297306309976,0.22732438383407913
589,0.3785714285714285,0,1,0,344527,261083,31144,76812,2.4184204675979104,0.2273250566004232
590,0.3791666666666666,1,2,1,344529,261081,31145,76811,2.418401941531735,0.2273241153978194
591,0.38,78,509,78,345038,260572,31223,76733,2.41368705769017,0.22748847482249004
592,0.3803030303030302,0,2,0,345040,260570,31223,76733,2.413668531623995,0.2274898236896796
593,0.3805555555555555,0,1,0,345041,260569,31223,76733,2.4136592685909073,0.22749049812927288
594,0.3806227106227106,1,7,1,345048,260562,31224,76732,2.4135944273592944,0.22749292901741508
595,0.3809523809523809,0,3,0,345051,260559,31224,76732,2.413566638260032,0.22749495242980097
596,0.3814285714285714,0,2,0,345053,260557,31224,76732,2.413548112193857,0.2274963013913884
597,0.3816666666666666,0,2,0,345055,260555,31224,76732,2.4135295861276815,0.2274976503689736
598,0.3816666666666667,0,2,0,345057,260553,31224,76732,2.4135110600615066,0.22749899936255688
599,0.3821428571428572,0,3,0,345060,260550,31224,76732,2.413483270962244,0.22750102288292884
600,0.3828571428571428,0,1,0,345061,260549,31224,76732,2.4134740079291563,0.2275016973977188
601,0.3833333333333333,83,528,83,345589,260021,31307,76649,2.408583126458928,0.22766804289066445
602,0.384065934065934,0,1,0,345590,260020,31307,76649,2.4085738634258402,0.2276687191276892
603,0.3842857142857143,0,1,0,345591,260019,31307,76649,2.4085646003927526,0.2276693953687312
604,0.3846153846153846,0,1,0,345592,260018,31307,76649,2.408555337359665,0.2276700716137905
605,0.3849999999999999,0,1,0,345593,260017,31307,76649,2.4085460743265776,0.22767074786286706
606,0.385,0,16,0,345609,260001,31307,76649,2.4083978657971765,0.22768156839447498
607,0.3857142857142857,10,68,10,345677,259933,31317,76639,2.407767979547223,0.227704621893681
608,0.3858333333333333,0,1,0,345678,259932,31317,76639,2.4077587165141354,0.22770529843628834
609,0.3863636363636363,0,1,0,345679,259931,31317,76639,2.4077494534810477,0.2277059749829159
610,0.3866666666666666,2,11,2,345690,259920,31319,76637,2.4076475601170846,0.227708827925136
611,0.3866666666666667,0,1,0,345691,259919,31319,76637,2.4076382970839973,0.2277095045103935
612,0.3875,4,17,4,345708,259902,31323,76633,2.4074808255215085,0.2277118278930869
613,0.3876190476190476,0,2,0,345710,259900,31323,76633,2.4074622994553336,0.22771318117391162
614,0.3880952380952381,0,4,0,345714,259896,31323,76633,2.4074252473229834,0.22771588778381655
615,0.3883333333333333,1,3,1,345717,259893,31324,76632,2.4073974582237208,0.22771562291063072
616,0.3888095238095237,1,4,1,345721,259889,31325,76631,2.4073604060913705,0.2277160347081897
617,0.3888888888888889,3,8,3,345729,259881,31328,76628,2.40728630182667,0.2277145633549177
618,0.3891666666666666,0,2,0,345731,259879,31328,76628,2.407267775760495,0.22771591675656078
619,0.3893939393939394,0,1,0,345732,259878,31328,76628,2.4072585127274073,0.22771659346341522
620,0.39,5,53,5,345785,259825,31333,76623,2.406767571973767,0.22774098820620126
621,0.3904761904761904,0,1,0,345786,259824,31333,76623,2.4067583089406797,0.22774166510624258
622,0.3904761904761905,0,1,0,345787,259823,31333,76623,2.406749045907592,0.22774234201030774
623,0.3905952380952381,2,4,2,345791,259819,31335,76621,2.4067119937752417,0.22774045892283915
624,0.3909090909090909,0,2,0,345793,259817,31335,76621,2.406693467709067,0.2277418127559907
625,0.3916666666666666,11,119,11,345912,259698,31346,76610,2.405591166771648,0.22779713833747636
626,0.3916666666666667,0,6,0,345918,259692,31346,76610,2.405535588573122,0.22780120249061855
627,0.3928571428571429,0,4,0,345922,259688,31346,76610,2.4054985364407724,0.22780391200661318
628,0.3933333333333333,5,24,5,345946,259664,31351,76605,2.4052762236466707,0.22780868887705974
629,0.39375,1,0,1,345946,259664,31352,76604,2.4052762236466707,0.2278063925202517
630,0.3938888888888889,0,1,0,345947,259663,31352,76604,2.4052669606135835,0.22780706997713127
631,0.394047619047619,0,3,0,345950,259660,31352,76604,2.4052391715143204,0.22780910237194585
632,0.3944047619047618,0,3,0,345953,259657,31352,76604,2.405211382415058,0.22781113480302503
633,0.3944444444444445,1,2,1,345955,259655,31353,76603,2.405192856348883,0.22781019336342928
634,0.395,0,7,0,345962,259648,31353,76603,2.40512801511727,0.22781493586636173
635,0.3952380952380952,0,2,0,345964,259646,31353,76603,2.4051094890510947,0.22781629090346736
636,0.3952380952380953,0,1,0,345965,259645,31353,76603,2.4051002260180074,0.227816968428065
637,0.3957142857142857,0,2,0,345967,259643,31353,76603,2.405081699951832,0.22781832348935005
638,0.3964285714285714,0,3,0,345970,259640,31353,76603,2.4050539108525695,0.2278203561115027
639,0.396547619047619,1,0,1,345970,259640,31354,76602,2.4050539108525695,0.2278180596118272
640,0.3966666666666666,3,30,3,346000,259610,31357,76599,2.404776019859943,0.2278314976696043
641,0.396969696969697,0,2,0,346002,259608,31357,76599,2.4047574937937677,0.22783285297450678
642,0.3971428571428571,0,1,0,346003,259607,31357,76599,2.4047482307606804,0.22783353063300477
643,0.3977380952380952,1,6,1,346009,259601,31358,76598,2.404692652562155,0.22783529992653162
644,0.3983333333333333,1,4,1,346013,259597,31359,76597,2.4046556004298045,0.22783571390328203
645,0.3985714285714286,0,1,0,346014,259596,31359,76597,2.4046463373967173,0.2278363915964937
646,0.3991596638655462,0,1,0,346015,259595,31359,76597,2.4046370743636296,0.2278370692937369
647,0.3999999999999999,6,60,6,346075,259535,31365,76591,2.4040812923783763,0.22786395577848784
648,0.4,10304,62951,10304,409026,196584,41669,66287,1.8209640964837526,0.2521655108399177
649,0.4011904761904761,0,4,0,409030,196580,41669,66287,1.8209270443514025,0.2521693479972762
650,0.4016666666666666,2,8,2,409038,196572,41671,66285,1.820852940086702,0.25217133270181125
651,0.4021428571428571,0,3,0,409041,196569,41671,66285,1.8208251509874394,0.25217421077860713
652,0.4028571428571428,0,1,0,409042,196568,41671,66285,1.8208158879543517,0.25217517015213825
653,0.403095238095238,0,1,0,409043,196567,41671,66285,1.8208066249212642,0.25217612953296914
654,0.4033333333333333,5,8,5,409051,196559,41676,66280,1.8207325206565639,0.25216957909594845
655,0.4035714285714286,0,1,0,409052,196558,41676,66280,1.8207232576234762,0.25217053850660864
656,0.4038461538461538,2,1,2,409053,196557,41678,66278,1.8207139945903887,0.2521658074457359
657,0.4041666666666666,0,3,0,409056,196554,41678,66278,1.820686205491126,0.2521686857003713
658,0.4045454545454545,0,2,0,409058,196552,41678,66278,1.820667679424951,0.2521706045732983
659,0.4047619047619047,1,6,1,409064,196546,41679,66277,1.8206121012264256,0.2521735160164826
660,0.4049999999999999,1,7,1,409071,196539,41680,66276,1.8205472599948127,0.25217738713543747
661,0.4055555555555555,0,1,0,409072,196538,41680,66276,1.8205379969617252,0.25217834666341976
662,0.406060606060606,1,0,1,409072,196538,41681,66275,1.8205379969617252,0.2521755012118883
663,0.4066666666666666,5,23,5,409095,196515,41686,66270,1.8203249472007115,0.252183343798162
664,0.4066666666666667,0,1,0,409096,196514,41686,66270,1.8203156841676238,0.25218430345835363
665,0.4071428571428571,0,11,0,409107,196503,41686,66270,1.8202137908036609,0.25219486020253223
666,0.4083333333333333,9,75,9,409182,196428,41695,66261,1.8195190633220941,0.25224124344757487
667,0.4083333333333334,7,36,7,409218,196392,41702,66254,1.8191855941309423,0.2522558881536365
668,0.4086247086247086,0,1,0,409219,196391,41702,66254,1.8191763310978546,0.25225684859791736
669,0.409047619047619,1,1,1,409220,196390,41703,66253,1.8191670680647671,0.2522549620587642
670,0.4095238095238095,1,2,1,409222,196388,41704,66252,1.819148541998592,0.2522540359427353
671,0.41,17,84,17,409306,196304,41721,66235,1.8183704472192375,0.2522863269838005
672,0.4108333333333333,1,4,1,409310,196300,41722,66234,1.8183333950868872,0.2522873227848583
673,0.4108730158730158,1,1,1,409311,196299,41723,66233,1.8183241320537997,0.2522854356802218
674,0.4116666666666666,0,2,0,409313,196297,41723,66233,1.8183056059876246,0.25228735763531784
675,0.4116666666666667,0,3,0,409316,196294,41723,66233,1.818277816888362,0.25229024062286926
676,0.4119047619047619,0,1,0,409317,196293,41723,66233,1.8182685538552743,0.25229120163336205
677,0.4121428571428571,1,3,1,409320,196290,41724,66232,1.8182407647560117,0.2522912365439849
678,0.4131372549019607,0,1,0,409321,196289,41724,66232,1.8182315017229242,0.25229219757657484
679,0.4133333333333333,4,30,4,409351,196259,41728,66228,1.8179536107302976,0.2523096381916057
680,0.4133333333333334,3,4,3,409355,196255,41731,66225,1.8179165585979473,0.2523049375190491
681,0.4135714285714286,0,2,0,409357,196253,41731,66225,1.8178980325317722,0.25230686000350505
682,0.4136904761904761,0,2,0,409359,196251,41731,66225,1.817879506465597,0.25230878251725875
683,0.4142857142857142,3,2,3,409361,196249,41734,66222,1.817860980399422,0.2523021590956715
684,0.4142857142857143,0,1,0,409362,196248,41734,66222,1.8178517173663344,0.2523031203566122
685,0.4149999999999999,0,2,0,409364,196246,41734,66222,1.8178331913001593,0.25230504290046785
686,0.415,0,8,0,409372,196238,41734,66222,1.817759087035459,0.2523127333688943
687,0.4154761904761905,0,1,0,409373,196237,41734,66222,1.8177498240023713,0.25231369471041193
688,0.4155555555555555,0,1,0,409374,196236,41734,66222,1.8177405609692838,0.2523146560592552
689,0.4161904761904761,0,2,0,409376,196234,41734,66222,1.8177220349031087,0.2523165787789191
690,0.4166666666666666,71,590,71,409966,195644,41805,66151,1.8122568453814516,0.2526824423690292
691,0.4166666666666667,33,171,33,410137,195473,41838,66118,1.81067286672348,0.2527533439606103
692,0.4171428571428571,0,1,0,410138,195472,41838,66118,1.8106636036903925,0.25275431018005273
693,0.4172222222222222,0,2,0,410140,195470,41838,66118,1.8106450776242173,0.25275624264109975
694,0.4178571428571428,1,0,1,410140,195470,41839,66117,1.8106450776242173,0.25275338606276304
695,0.4183333333333333,1,3,1,410143,195467,41840,66116,1.8106172885249545,0.25275342816620344
696,0.419047619047619,0,3,0,410146,195464,41840,66116,1.810589499425692,0.2527563269363101
697,0.4199999999999999,1,2,1,410148,195462,41841,66115,1.8105709733595168,0.2527554028068217
698,0.42,6,48,6,410196,195414,41847,66109,1.8101263477713143,0.2527846499160686
699,0.420580808080808,0,3,0,410199,195411,41847,66109,1.8100985586720515,0.25278754970939127
700,0.4208333333333334,0,1,0,410200,195410,41847,66109,1.810089295638964,0.2527885163219498
701,0.4214285714285714,4,4,4,410204,195406,41851,66105,1.8100522435066138,0.2527809537648512
702,0.4216666666666667,4,8,4,410212,195398,41855,66101,1.8099781392419134,0.2527772572744064
703,0.4219047619047619,0,6,0,410218,195392,41855,66101,1.809922561043388,0.2527830572902525
704,0.4222222222222222,0,3,0,410221,195389,41855,66101,1.8098947719441254,0.2527859573979884
705,0.4224664224664224,0,1,0,410222,195388,41855,66101,1.8098855089110377,0.25278692411535475
706,0.4228571428571429,0,2,0,410224,195386,41855,66101,1.8098669828448628,0.2527888575722694
707,0.4231529581529581,3,6,3,410230,195380,41858,66098,1.8098114046463374,0.25278608525382634
708,0.4233333333333332,1,2,1,410232,195378,41859,66097,1.8097928785801622,0.25278516110526816
709,0.4233333333333333,1,10,1,410242,195368,41860,66096,1.8097002482492868,0.25279197136125814
710,0.4233333333333334,0,2,0,410244,195366,41860,66096,1.8096817221831116,0.2527939050416504
711,0.4235714285714286,0,3,0,410247,195363,41860,66096,1.809653933083849,0.2527968056177068
712,0.4238095238095237,1,0,1,410247,195363,41861,66095,1.809653933083849,0.2527939477851127
713,0.4238095238095238,0,2,0,410249,195361,41861,66095,1.809635407017674,0.2527958815249985
714,0.4239682539682539,1,5,1,410254,195356,41862,66094,1.8095890918522362,0.2527978580990629
715,0.424047619047619,0,1,0,410255,195355,41862,66094,1.8095798288191485,0.25279882500984896
716,0.4244047619047618,0,2,0,410257,195353,41862,66094,1.8095613027529733,0.25280075885361086
717,0.425,78,575,78,410832,194778,41940,66016,1.8042350587276297,0.2531346580059357
718,0.425079365079365,0,9,0,410841,194769,41940,66016,1.8041516914298419,0.2531433939835497
719,0.4258333333333334,0,1,0,410842,194768,41940,66016,1.8041424283967542,0.25314436468495
720,0.4264285714285714,0,1,0,410843,194767,41940,66016,1.8041331653636667,0.25314533539379486
721,0.4266666666666666,10,45,10,410888,194722,41950,66006,1.8037163288747267,0.25316038170046945
722,0.4273809523809523,2,0,2,410888,194722,41952,66004,1.8037163288747267,0.2531546527772451
723,0.4277777777777777,0,1,0,410889,194721,41952,66004,1.8037070658416392,0.2531556237414901
724,0.4283333333333333,1,17,1,410906,194704,41953,66003,1.8035495942791508,0.2531692666479995
725,0.4283333333333334,0,1,0,410907,194703,41953,66003,1.8035403312460632,0.2531702377390624
726,0.4285714285714285,0,10,0,410917,194693,41953,66003,1.8034477009151877,0.25317994905944086
727,0.4291666666666667,1,0,1,410917,194693,41954,66002,1.8034477009151877,0.25317708433226566
728,0.4297619047619047,0,1,0,410918,194692,41954,66002,1.8034384378821,0.2531780554980168
729,0.43,15,111,15,411029,194581,41969,65987,1.8024102412093816,0.25324291547695804
730,0.4301587301587301,0,1,0,411030,194580,41969,65987,1.802400978176294,0.2532438873686998
731,0.4307142857142857,0,1,0,411031,194579,41969,65987,1.8023917151432065,0.2532448592679014
732,0.4307692307692307,0,2,0,411033,194577,41969,65987,1.8023731890770314,0.2532468030886845
733,0.4308333333333333,0,1,0,411034,194576,41969,65987,1.802363926043944,0.25324777501026624
734,0.4309523809523809,1,3,1,411037,194573,41970,65986,1.802336136944681,0.2532478248688397
735,0.4311904761904762,0,1,0,411038,194572,41970,65986,1.8023268739115936,0.25324879681299367
736,0.4314285714285714,0,1,0,411039,194571,41970,65986,1.802317610878506,0.25324976876460814
737,0.4314285714285715,0,1,0,411040,194570,41970,65986,1.8023083478454185,0.2532507407236832
738,0.4316666666666666,1,18,1,411058,194552,41971,65985,1.8021416132498425,0.25326537113730485
739,0.4319696969696969,0,2,0,411060,194550,41971,65985,1.8021230871836673,0.25326731533191316
740,0.4321428571428571,0,3,0,411063,194547,41971,65985,1.8020952980844047,0.2532702316797937
741,0.4324999999999999,0,4,0,411067,194543,41971,65985,1.8020582459520544,0.2532741202481115
742,0.4325757575757576,0,1,0,411068,194542,41971,65985,1.802048982918967,0.2532750924088482
743,0.4333333333333333,149,879,149,411947,193663,42120,65836,1.7939067768350068,0.2537042531955807
744,0.4333333333333334,82,421,82,412368,193242,42202,65754,1.7900070399051466,0.2538803688087847
745,0.4349999999999999,4,24,4,412392,193218,42206,65750,1.7897847271110452,0.25389237280281735
746,0.4357142857142856,0,1,0,412393,193217,42206,65750,1.7897754640779577,0.2538933532071654
747,0.4357142857142858,1,9,1,412402,193208,42207,65749,1.7896920967801697,0.2538992960221195
748,0.4366666666666666,2,1,2,412403,193207,42209,65747,1.789682833747082,0.25389451408358243
749,0.4366666666666667,4,28,4,412431,193179,42213,65743,1.7894234688206305,0.2539104440719599
750,0.4375,0,10,0,412441,193169,42213,65743,1.789330838489755,0.25392025089605735
751,0.438095238095238,0,3,0,412444,193166,42213,65743,1.7893030493904925,0.2539231930910088
752,0.4380952380952381,1,1,1,412445,193165,42214,65742,1.7892937863574048,0.2539212922014468
753,0.4383333333333333,0,3,0,412448,193162,42214,65742,1.7892659972581422,0.25392423446528445
754,0.4385714285714285,0,1,0,412449,193161,42214,65742,1.7892567342250547,0.2539252152350494
755,0.4388888888888888,0,1,0,412450,193160,42214,65742,1.789247471191967,0.2539261960123908
756,0.4388888888888889,0,5,0,412455,193155,42214,65742,1.7892011560265293,0.2539311000127464
757,0.4399999999999999,0,7,0,412462,193148,42214,65742,1.7891363147949164,0.25393796593147666
758,0.44,20,97,20,412559,193051,42234,65722,1.7882378005854236,0.25397549203355835
759,0.4404761904761904,0,2,0,412561,193049,42234,65722,1.7882192745192487,0.2539774549698382
760,0.4404761904761905,0,1,0,412562,193048,42234,65722,1.788210011486161,0.2539784364493566
761,0.4409090909090909,0,1,0,412563,193047,42234,65722,1.7882007484530735,0.2539794179364607
762,0.4410714285714285,0,1,0,412564,193046,42234,65722,1.7881914854199858,0.2539803994311507
763,0.4411904761904762,0,3,0,412567,193043,42234,65722,1.7881636963207233,0.2539833439607366
764,0.4414285714285714,1,0,1,412567,193043,42235,65721,1.7881636963207233,0.25398046096056637
765,0.4416666666666666,34,164,34,412731,192879,42269,65687,1.7866445588943645,0.2540434550559625
766,0.4416666666666667,5,43,5,412774,192836,42274,65682,1.7862462484715995,0.25407128323753086
767,0.4428571428571429,4,6,4,412780,192830,42278,65678,1.7861906702730743,0.254065638200752
768,0.4433333333333332,0,1,0,412781,192829,42278,65678,1.7861814072399866,0.2540666210199337
769,0.4433333333333333,0,14,0,412795,192815,42278,65678,1.7860517247767609,0.25408038128692073
770,0.4438095238095237,1,10,1,412805,192805,42279,65677,1.7859590944458854,0.2540873252296098
771,0.4449999999999999,0,1,0,412806,192804,42279,65677,1.7859498314127977,0.2540883082315528
772,0.445,1,4,1,412810,192800,42280,65676,1.7859127792804477,0.25408935452421116
773,0.4452380952380952,1,0,1,412810,192800,42281,65675,1.7859127792804477,0.25408646871070706
774,0.4453571428571428,0,3,0,412813,192797,42281,65675,1.7858849901811849,0.25408941780927913
775,0.4454545454545455,1,1,1,412814,192796,42282,65674,1.7858757271480974,0.2540875149920687
776,0.4455555555555556,1,2,1,412816,192794,42283,65673,1.7858572010819223,0.2540865951939706
777,0.4457142857142857,0,1,0,412817,192793,42283,65673,1.7858479380488348,0.25408757825013734
778,0.446031746031746,0,1,0,412818,192792,42283,65673,1.7858386750157471,0.254088561313911
779,0.4461904761904762,0,2,0,412820,192790,42283,65673,1.785820148949572,0.25409052746427924
780,0.4464285714285714,2,4,2,412824,192786,42285,65671,1.785783096817222,0.2540886878668405
781,0.4466666666666666,11,69,11,412893,192717,42296,65660,1.7851439475341806,0.2541247866489664
782,0.4471428571428572,0,4,0,412897,192713,42296,65660,1.7851068954018303,0.2541287208802777
783,0.4474999999999999,1,2,1,412899,192711,42297,65659,1.7850883693356552,0.25412780121531137
784,0.4476767676767676,0,4,0,412903,192707,42297,65659,1.7850513172033051,0.25413173559988544
785,0.4483333333333333,1,4,1,412907,192703,42298,65658,1.7850142650709548,0.2541327831987026
786,0.4488095238095238,1,0,1,412907,192703,42299,65657,1.7850142650709548,0.25412989626877225
787,0.4492063492063492,0,1,0,412908,192702,42299,65657,1.7850050020378674,0.2541308798996745
788,0.4499999999999999,8,15,8,412923,192687,42307,65649,1.784866056541554,0.2541225380899294
789,0.45,1129,6352,1129,419275,186335,43436,64520,1.7260272703694097,0.25720037471846285
790,0.4508333333333333,1,3,1,419278,186332,43437,64519,1.7259994812701471,0.2572004895336275
791,0.4511904761904762,1,0,1,419278,186332,43438,64518,1.7259994812701471,0.25719752840342835
792,0.4513736263736264,1,0,1,419278,186332,43439,64517,1.7259994812701471,0.2571945672496203
793,0.4514285714285714,0,4,0,419282,186328,43439,64517,1.7259624291377968,0.2571986685004684
794,0.4516666666666666,0,6,0,419288,186322,43439,64517,1.7259068509392717,0.25720482062199257
795,0.4516666666666667,0,2,0,419290,186320,43439,64517,1.7258883248730965,0.257206871394571
796,0.4523809523809524,1,9,1,419299,186311,43440,64516,1.7258049575753085,0.2572131389363984
797,0.4525,0,3,0,419302,186308,43440,64516,1.725777168476046,0.2572162153541926
798,0.4527380952380953,1,3,1,419305,186305,43441,64515,1.725749379376783,0.25721633043616937
799,0.4533333333333333,2,14,2,419319,186291,43443,64513,1.7256196969135573,0.25722476515526066
800,0.4533333333333334,0,1,0,419320,186290,43443,64513,1.7256104338804699,0.2572257907600786
801,0.4535714285714285,0,6,0,419326,186284,43443,64513,1.7255548556819444,0.25723194456074033
802,0.4547619047619047,0,2,0,419328,186282,43443,64513,1.7255363296157693,0.25723399589306006
803,0.4549999999999999,6,35,6,419363,186247,43449,64507,1.725212123457705,0.25725212758320903
804,0.4552380952380952,0,3,0,419366,186244,43449,64507,1.7251843343584423,0.25725520536308927
805,0.4555555555555555,2,2,2,419368,186242,43451,64505,1.7251658082922672,0.25725133301694536
806,0.456103896103896,0,6,0,419374,186236,43451,64505,1.725110230093742,0.25725748880318733
807,0.4561904761904761,0,1,0,419375,186235,43451,64505,1.7251009670606543,0.25725851479620326
808,0.4566666666666666,5,29,5,419404,186206,43456,64500,1.7248323391011153,0.2572734597496669
809,0.4566666666666667,1,0,1,419404,186206,43457,64499,1.7248323391011153,0.2572704971979019
810,0.4569444444444445,0,2,0,419406,186204,43457,64499,1.7248138130349402,0.25727254959055135
811,0.4571428571428571,0,21,0,419427,186183,43457,64499,1.7246192893401016,0.2572941016905881
812,0.4578571428571428,0,1,0,419428,186182,43457,64499,1.7246100263070139,0.25729512807113425
813,0.4583333333333333,11,91,11,419519,186091,43468,64488,1.7237670902960465,0.2573559635883294
814,0.4595238095238095,1,1,1,419520,186090,43469,64487,1.723757827262959,0.2573540269059012
815,0.4599999999999999,33,233,33,419753,185857,43502,64454,1.721599540553559,0.2574956753798275
816,0.4600000000000001,1,3,1,419756,185854,43503,64453,1.721571751454296,0.25749579516353915
817,0.4603174603174603,0,1,0,419757,185853,43503,64453,1.7215624884212086,0.2574968238875616
818,0.4607142857142857,0,2,0,419759,185851,43503,64453,1.7215439623550335,0.25749888136026594
819,0.4614285714285714,0,2,0,419761,185849,43503,64453,1.7215254362888583,0.25750093886585007
820,0.4616666666666667,0,1,0,419762,185848,43503,64453,1.7215161732557709,0.25750196763097233
821,0.4624386724386724,1,4,1,419766,185844,43504,64452,1.7214791211234206,0.2575031163102886
822,0.4625,1,4,1,419770,185840,43505,64451,1.7214420689910703,0.25750426503549867
823,0.4626190476190476,0,1,0,419771,185839,43505,64451,1.7214328059579829,0.2575052938591234
824,0.4633333333333332,3,19,3,419790,185820,43508,64448,1.7212568083293194,0.2575159429092013
825,0.4633333333333334,0,8,0,419798,185812,43508,64448,1.7211827040646188,0.25752417485814755
826,0.4638888888888888,0,1,0,419799,185811,43508,64448,1.7211734410315314,0.25752520388877126
827,0.4638888888888889,1,3,1,419802,185808,43509,64447,1.7211456519322688,0.25752532416934726
828,0.4640476190476191,0,6,0,419808,185802,43509,64447,1.7210900737337433,0.25753149862736713
829,0.4642857142857143,0,1,0,419809,185801,43509,64447,1.7210808107006559,0.25753252773248936
830,0.4647222222222222,0,1,0,419810,185800,43509,64447,1.7210715476675682,0.2575335568458363
831,0.465,1,4,1,419814,185796,43510,64446,1.7210344955352181,0.25753470640420073
832,0.4657142857142856,0,1,0,419815,185795,43510,64446,1.7210252325021305,0.2575357355509289
833,0.4657142857142857,0,2,0,419817,185793,43510,64446,1.7210067064359553,0.25753779386906117
834,0.4666666666666666,476,2530,476,422347,183263,43986,63970,1.6975712327244432,0.2587437761140301
835,0.4666666666666667,139,674,139,423021,182589,44125,63831,1.6913279484234318,0.2590333576820063
836,0.4673015873015872,1,1,1,423022,182588,44126,63830,1.6913186853903441,0.2590314019268073
837,0.4673809523809523,1,1,1,423023,182587,44127,63829,1.6913094223572567,0.25902944613986106
838,0.4674999999999999,0,2,0,423025,182585,44127,63829,1.6912908962910815,0.2590315485321451
839,0.4678571428571428,0,1,0,423026,182584,44127,63829,1.691281633257994,0.2590325997410851
840,0.4679761904761904,0,4,0,423030,182580,44127,63829,1.6912445811256438,0.2590368046621674
841,0.4683333333333332,1,9,1,423039,182571,44128,63828,1.6911612138278558,0.25904325910413595
842,0.4683333333333334,1,11,1,423050,182560,44129,63827,1.6910593204638926,0.25905181685722056
843,0.4685714285714285,0,1,0,423051,182559,44129,63827,1.6910500574308052,0.2590528682636189
844,0.4685714285714286,1,1,1,423052,182558,44130,63826,1.6910407943977175,0.2590509123969089
845,0.469047619047619,2,7,2,423059,182551,44132,63824,1.6909759531661046,0.25905225773718926
846,0.4695238095238094,0,1,0,423060,182550,44132,63824,1.6909666901330171,0.2590533091965873
847,0.4697619047619047,0,1,0,423061,182549,44132,63824,1.6909574270999297,0.25905436066452087
848,0.4699999999999999,0,6,0,423067,182543,44132,63824,1.6909018489014043,0.25906066965137375
849,0.47,4,13,4,423080,182530,44136,63820,1.690781429471266,0.25906230972194033
850,0.4703174603174603,0,6,0,423086,182524,44136,63820,1.6907258512727408,0.2590686194914429
851,0.4704761904761905,0,1,0,423087,182523,44136,63820,1.690716588239653,0.259069671149576
852,0.4708333333333333,0,1,0,423088,182522,44136,63820,1.6907073252065656,0.2590707228162473
853,0.4708333333333334,0,4,0,423092,182518,44136,63820,1.6906702730742154,0.2590749295683167
854,0.4714285714285714,3,26,3,423118,182492,44139,63817,1.690429434213939,0.2590932527841045
855,0.471547619047619,0,1,0,423119,182491,44139,63817,1.6904201711808515,0.2590943046916868
856,0.4716666666666667,0,9,0,423128,182482,44139,63817,1.6903368038830635,0.2591037722443047
857,0.4719047619047619,0,5,0,423133,182477,44139,63817,1.6902904887176258,0.2591090322947372
858,0.4723809523809524,0,1,0,423134,182476,44139,63817,1.690281225684538,0.25911008433045196
859,0.4725,0,1,0,423135,182475,44139,63817,1.6902719626514506,0.25911113637470967
860,0.4727272727272728,0,1,0,423136,182474,44139,63817,1.690262699618363,0.25911218842751055
861,0.4733333333333333,4,32,4,423168,182442,44143,63813,1.6899662825595614,0.2591338246939148
862,0.4733333333333334,0,3,0,423171,182439,44143,63813,1.6899384934602986,0.2591369816285756
863,0.4735714285714286,0,3,0,423174,182436,44143,63813,1.689910704361036,0.2591401386401569
864,0.4738095238095238,0,1,0,423175,182435,44143,63813,1.6899014413279485,0.2591411909944446
865,0.4742857142857142,1,0,1,423175,182435,44144,63812,1.6899014413279485,0.25913818239410025
866,0.4747619047619048,0,1,0,423176,182434,44144,63812,1.6898921782948608,0.25913923474899087
867,0.4749999999999999,1,8,1,423184,182426,44145,63811,1.6898180740301605,0.25914464519954356
868,0.475,236,1347,236,424531,181079,44381,63575,1.677340768461225,0.2598567773263466
869,0.4750000000000001,0,1,0,424532,181078,44381,63575,1.6773315054281375,0.25985783947059715
870,0.4753571428571429,0,5,0,424537,181073,44381,63575,1.6772851902626995,0.2598631503220954
871,0.4754761904761905,0,1,0,424538,181072,44381,63575,1.677275927229612,0.25986421251844494
872,0.4761904761904761,0,1,0,424539,181071,44381,63575,1.6772666641965246,0.259865274723478
873,0.4766666666666665,2,14,2,424553,181057,44383,63573,1.6771369817332988,0.259874095572906
874,0.4766666666666667,2,26,2,424579,181031,44385,63571,1.6768961428730222,0.2598956672472016
875,0.4769230769230769,0,1,0,424580,181030,44385,63571,1.6768868798399348,0.25989672977624784
876,0.4771428571428571,0,4,0,424584,181026,44385,63571,1.6768498277075845,0.2599009799793129
877,0.4777777777777777,0,5,0,424589,181021,44385,63571,1.6768035125421468,0.25990629292863215
878,0.4777777777777778,0,1,0,424590,181020,44385,63571,1.6767942495090593,0.2599073555445621
879,0.4778571428571428,1,1,1,424591,181019,44386,63570,1.6767849864759716,0.25990539231118326
880,0.4780952380952381,1,3,1,424594,181016,44387,63569,1.676757197376709,0.2599055543062739
881,0.4783333333333333,0,3,0,424597,181013,44387,63569,1.6767294082774464,0.25990874226230876
882,0.4783653846153846,1,0,1,424597,181013,44388,63568,1.6767294082774464,0.25990571630666326
883,0.4785714285714285,0,1,0,424598,181012,44388,63568,1.6767201452443588,0.25990677896802683
884,0.4788888888888888,0,1,0,424599,181011,44388,63568,1.6767108822112713,0.2599078416380801
885,0.4789610389610389,0,1,0,424600,181010,44388,63568,1.6767016191781836,0.2599089043168233
886,0.479047619047619,1,4,1,424604,181006,44389,63567,1.6766645670458336,0.2599101290821145
887,0.4791666666666666,0,1,0,424605,181005,44389,63567,1.6766553040127459,0.25991119179628086
888,0.4794047619047619,0,3,0,424608,181002,44389,63567,1.6766275149134833,0.2599143799909228
889,0.4795238095238096,0,3,0,424611,180999,44389,63567,1.6765997258142207,0.25991756826378154
890,0.48,92,475,92,425086,180524,44481,63475,1.6721997850976325,0.26014450878897044
891,0.4800000000000001,0,4,0,425090,180520,44481,63475,1.6721627329652822,0.2601487735404414
892,0.4804761904761904,0,1,0,425091,180519,44481,63475,1.6721534699321945,0.26014983975015776
893,0.4816666666666666,0,9,0,425100,180510,44481,63475,1.6720701026344067,0.2601594360309035
894,0.4816666666666667,0,5,0,425105,180505,44481,63475,1.6720237874689687,0.26016476760390195
895,0.4821428571428571,0,5,0,425110,180500,44481,63475,1.671977472303531,0.26017009939542984
896,0.4828571428571429,0,1,0,425111,180499,44481,63475,1.6719682092704435,0.26017116577996013
897,0.4833333333333332,0,1,0,425112,180498,44481,63475,1.6719589462373559,0.26017223217323227
898,0.4833333333333333,38,310,38,425422,180188,44519,63437,1.669087405980214,0.2603878912262699
899,0.4833333333333334,51,219,51,425641,179969,44570,63386,1.6670588017340398,0.26046721867231
900,0.4839285714285714,1,0,1,425641,179969,44571,63385,1.6670588017340398,0.2604641797545962
901,0.4845238095238094,0,1,0,425642,179968,44571,63385,1.6670495387009523,0.26046525006883003
902,0.485,4,16,4,425658,179952,44575,63381,1.6669013301715514,0.2604702198222189
903,0.4857142857142856,3,16,3,425674,179936,44578,63378,1.6667531216421505,0.2604782297771604
904,0.4857142857142857,6,32,6,425706,179904,44584,63372,1.6664567045833487,0.26049425344053667
905,0.4858974358974359,1,0,1,425706,179904,44585,63371,1.6664567045833487,0.2604912136471072
906,0.4865842490842491,1,10,1,425716,179894,44586,63370,1.6663640742524732,0.26049888187319126
907,0.4866666666666666,2,7,2,425723,179887,44588,63368,1.6662992330208604,0.2605002980411502
908,0.4866666666666667,2,11,2,425734,179876,44590,63366,1.6661973396568972,0.2605059981417683
909,0.4869047619047618,0,3,0,425737,179873,44590,63366,1.6661695505576346,0.26050921110512704
910,0.4875,9,22,9,425759,179851,44599,63357,1.6659657638297083,0.2605054110062169
911,0.488095238095238,1,0,1,425759,179851,44600,63356,1.6659657638297083,0.26050237040874646
912,0.4880952380952381,0,2,0,425761,179849,44600,63356,1.6659472377635334,0.26050451265393393
913,0.4883333333333333,0,5,0,425766,179844,44600,63356,1.6659009225980954,0.2605098684210526
914,0.4883333333333334,0,3,0,425769,179841,44600,63356,1.6658731334988328,0.2605130819870311
915,0.4888888888888889,2,9,2,425778,179832,44602,63354,1.6657897662010448,0.2605166415829859
916,0.489047619047619,0,1,0,425779,179831,44602,63354,1.6657805031679573,0.2605177128523552
917,0.4894444444444444,1,1,1,425780,179830,44603,63353,1.6657712401348697,0.26051574328797655
918,0.4899999999999999,0,1,0,425781,179829,44603,63353,1.6657619771017822,0.2605168145668676
919,0.49,9,43,9,425824,179786,44612,63344,1.6653636666790175,0.26053551597910585
920,0.4904761904761904,0,2,0,425826,179784,44612,63344,1.6653451406128423,0.26053765917541377
921,0.4904761904761905,0,2,0,425828,179782,44612,63344,1.6653266145466672,0.2605398024069824
922,0.4909090909090909,1,1,1,425829,179781,44613,63343,1.6653173515135795,0.26053783254635493
923,0.491111111111111,1,0,1,425829,179781,44614,63342,1.6653173515135795,0.2605347910317
924,0.4911111111111111,0,1,0,425830,179780,44614,63342,1.665308088480492,0.2605358626533181
925,0.4914285714285714,0,4,0,425834,179776,44614,63342,1.6652710363481418,0.26054014922794694
926,0.4916666666666666,21,103,21,425937,179673,44635,63321,1.6643169439401237,0.26058668115262107
927,0.4916666666666667,6,41,6,425978,179632,44641,63315,1.663937159583534,0.260612396942543
928,0.4921428571428571,1,7,1,425985,179625,44642,63314,1.663872318351921,0.26061686266922973
929,0.4925,1,3,1,425988,179622,44643,63313,1.6638445292526585,0.2606170374791611
930,0.4928571428571429,0,4,0,425992,179618,44643,63313,1.6638074771203082,0.26062132869003957
931,0.4933333333333333,6,40,6,426032,179578,44649,63307,1.663436955796806,0.2606459847252815
932,0.4945238095238095,0,2,0,426034,179576,44649,63307,1.663418429730631,0.2606481309931119
933,0.4949999999999999,1,2,1,426036,179574,44650,63306,1.6633999036644558,0.260647233201581
934,0.495,0,9,0,426045,179565,44650,63306,1.663316536366668,0.26065689193028396
935,0.4950757575757576,0,1,0,426046,179564,44650,63306,1.6633072733335803,0.26065796516655
936,0.4952380952380951,0,3,0,426049,179561,44650,63306,1.6632794842343177,0.2606611849283764
937,0.4952380952380952,0,1,0,426050,179560,44650,63306,1.66327022120123,0.26066225819999506
938,0.4955555555555556,0,1,0,426051,179559,44650,63306,1.6632609581681426,0.2606633314804521
939,0.4958333333333333,0,3,0,426054,179556,44650,63306,1.66323316906888,0.26066655137485484
940,0.4960289710289711,0,3,0,426057,179553,44650,63306,1.6632053799696171,0.2606697713488073
941,0.4960317460317459,0,1,0,426058,179552,44650,63306,1.6631961169365297,0.2606708446911364
942,0.4964285714285714,0,4,0,426062,179548,44650,63306,1.6631590648041794,0.26067513814884663
943,0.4966666666666666,1,6,1,426068,179542,44651,63305,1.6631034866056542,0.2606785342211351
944,0.4966666666666667,3,27,3,426095,179515,44654,63302,1.6628533847122902,0.26069838602733747
945,0.4969047619047619,1,2,1,426097,179513,44655,63301,1.662834858646115,0.26069748861268294
946,0.4971428571428571,1,1,1,426098,179512,44656,63300,1.6628255956130276,0.2606955175197272
947,0.4973809523809523,0,4,0,426102,179508,44656,63300,1.6627885434806773,0.2606998121972917
948,0.4974999999999999,0,2,0,426104,179506,44656,63300,1.6627700174145021,0.260701959589137
949,0.4976190476190476,0,1,0,426105,179505,44656,63300,1.6627607543814147,0.26070303329832584
950,0.4983333333333332,0,2,0,426107,179503,44656,63300,1.6627422283152395,0.2607051807432363
951,0.4983333333333333,0,3,0,426110,179500,44656,63300,1.662714439215977,0.26070840197693573
952,0.4999999999999999,7,29,7,426139,179471,44663,63293,1.6624458112564378,0.2607182284028933
953,0.5,10609,49184,10609,475323,130287,55272,52684,1.2068527918781726,0.28793633963852194
954,0.5000000000000001,2,11,2,475334,130276,55274,52682,1.2067508985142095,0.28794586735753563
955,0.5007936507936507,2,5,2,475339,130271,55276,52680,1.2067045833487717,0.2879459527414444
956,0.5011111111111111,2,0,2,475339,130271,55278,52678,1.2067045833487717,0.28793816856063714
957,0.5011904761904763,0,1,0,475340,130270,55278,52678,1.2066953203156843,0.2879397424404749
958,0.5014285714285714,1,0,1,475340,130270,55279,52677,1.2066953203156843,0.2879358502735765
959,0.5014682539682539,1,5,1,475345,130265,55280,52676,1.2066490051502463,0.287939827594689
960,0.5016666666666666,0,1,0,475346,130264,55280,52676,1.2066397421171589,0.28794140155242154
961,0.5016666666666667,2,7,2,475353,130257,55282,52674,1.206574900885546,0.28794463486232513
962,0.5019047619047619,0,3,0,475356,130254,55282,52674,1.2065471117862834,0.2879493571241144
963,0.5023809523809523,0,1,0,475357,130253,55282,52674,1.2065378487531957,0.2879509312457975
964,0.5023809523809524,1,3,1,475360,130250,55283,52673,1.206510059653933,0.2879517611235329
965,0.5028571428571429,0,2,0,475362,130248,55283,52673,1.206491533587758,0.2879549094964493
966,0.503095238095238,0,4,0,475366,130244,55283,52673,1.2064544814554077,0.2879612064488265
967,0.5033333333333333,3,10,3,475376,130234,55286,52670,1.2063618511245322,0.28796527139920397
968,0.5033333333333334,0,2,0,475378,130232,55286,52670,1.206343325058357,0.28796842024690816
969,0.5036904761904762,0,3,0,475381,130229,55286,52670,1.2063155359590945,0.2879731436475869
970,0.5041666666666667,0,6,0,475387,130223,55286,52670,1.206259957760569,0.287982590913813
971,0.5047619047619047,0,1,0,475388,130222,55286,52670,1.2062506947274816,0.287984165518448
972,0.5047619047619049,0,1,0,475389,130221,55286,52670,1.206241431694394,0.28798574014030215
973,0.505,5,21,5,475410,130200,55291,52665,1.2060469079995553,0.287999343778197
974,0.5052380952380953,1,2,1,475412,130198,55292,52664,1.2060283819333804,0.2879986000371865
975,0.5053571428571428,0,2,0,475414,130196,55292,52664,1.2060098558672052,0.28800174997265665
976,0.5055555555555555,1,6,1,475420,130190,55293,52663,1.2059542776686798,0.28800730641553596
977,0.5059523809523809,0,1,0,475421,130189,55293,52663,1.2059450146355923,0.2880088814997922
978,0.5064285714285715,0,1,0,475422,130188,55293,52663,1.2059357516025047,0.28801045660127644
979,0.5066666666666666,4,25,4,475447,130163,55297,52659,1.205704175775316,0.2880342628348886
980,0.5071428571428571,0,3,0,475450,130160,55297,52659,1.2056763866760531,0.2880389893829416
981,0.5072727272727273,1,6,1,475456,130154,55298,52658,1.205620808477528,0.28804454849791045
982,0.5073809523809524,0,1,0,475457,130153,55298,52658,1.2056115454444403,0.2880461241391382
983,0.5083333333333333,14,91,14,475548,130062,55312,52644,1.2047686094334729,0.2881350366162031
984,0.5083333333333334,8,27,8,475575,130035,55320,52636,1.204518507540109,0.2881464490805875
985,0.509047619047619,0,4,0,475579,130031,55320,52636,1.2044814554077587,0.2881527588453306
986,0.5090476190476191,0,2,0,475581,130029,55320,52636,1.2044629293415836,0.2881559138313306
987,0.5091666666666667,0,2,0,475583,130027,55320,52636,1.2044444032754085,0.28815906888641923
988,0.5095238095238095,0,3,0,475586,130024,55320,52636,1.2044166141761459,0.2881638015985985
989,0.5099999999999999,0,5,0,475591,130019,55320,52636,1.2043702990107081,0.2881716897977061
990,0.51,17,73,17,475664,129946,55337,52619,1.2036940975953165,0.28822063374688467
991,0.5107142857142857,0,2,0,475666,129944,55337,52619,1.2036755715291414,0.2882237912391887
992,0.5107142857142858,1,1,1,475667,129943,55338,52618,1.203666308496054,0.28822147117949615
993,0.5107570207570207,2,5,2,475672,129938,55340,52616,1.2036199933306162,0.28822156731706783
994,0.5111111111111111,1,2,1,475674,129936,55341,52615,1.203601467264441,0.2882208259609643
995,0.5111111111111112,0,1,0,475675,129935,55341,52615,1.2035922042313536,0.2882224048205971
996,0.5111904761904762,0,1,0,475676,129934,55341,52615,1.203582941198266,0.2882239836975278
997,0.5115079365079366,0,5,0,475681,129929,55341,52615,1.2035366260328282,0.2882318783416601
998,0.5116666666666666,1,3,1,475684,129926,55342,52614,1.2035088369335656,0.28823271611701545
999,0.5116666666666667,1,1,1,475685,129925,55343,52613,1.203499573900478,0.28823039586277927
1000,0.5125,0,7,0,475692,129918,55343,52613,1.203434732668865,0.2882414493976366
1001,0.5130952380952382,1,2,1,475694,129916,55344,52612,1.2034162066026899,0.2882407082748948
1002,0.5133333333333333,5,28,5,475722,129888,55349,52607,1.2031568416762384,0.28826543192964194
1003,0.5133333333333334,1,4,1,475726,129884,55350,52606,1.2031197895438883,0.28826785029316676
1004,0.5138095238095238,1,1,1,475727,129883,55351,52605,1.2031105265108006,0.28826552978826003
1005,0.513888888888889,0,3,0,475730,129880,55351,52605,1.203082737411538,0.2882702687892156
1006,0.5141269841269841,0,2,0,475732,129878,55351,52605,1.203064211345363,0.28827342820975105
1007,0.5141269841269842,0,3,0,475735,129875,55351,52605,1.2030364222461003,0.28827816747040774
1008,0.5142857142857143,0,1,0,475736,129874,55351,52605,1.2030271592130126,0.2882797472585887
1009,0.5147619047619048,0,1,0,475737,129873,55351,52605,1.2030178961799252,0.28828132706408444
1010,0.5149999999999999,1,4,1,475741,129869,55352,52604,1.2029808440475749,0.2882837460884624
1011,0.515,3,14,3,475755,129855,55355,52601,1.2028511615843491,0.2882941640724339
1012,0.5166666666666666,83,499,83,476254,129356,55438,52518,1.1982289080736597,0.28876035057237426
1013,0.5166666666666667,47,278,47,476532,129078,55485,52471,1.1956537848753195,0.2890183917289547
1014,0.5178346653346654,1,9,1,476541,129069,55486,52470,1.1955704175775317,0.28902880372812456
1015,0.5178571428571428,0,1,0,476542,129068,55486,52470,1.195561154544444,0.2890303958399894
1016,0.5183333333333333,2,15,2,476557,129053,55488,52468,1.1954222090481308,0.28904644641666805
1017,0.519047619047619,1,2,1,476559,129051,55489,52467,1.1954036829819557,0.28904571447459754
1018,0.5190476190476191,0,2,0,476561,129049,55489,52467,1.1953851569157805,0.2890488992705877
1019,0.5195088245088245,0,4,0,476565,129045,55489,52467,1.1953481047834302,0.2890552690731191
1020,0.5197619047619046,0,4,0,476569,129041,55489,52467,1.1953110526510802,0.2890616391564008
1021,0.5199999999999999,4,7,4,476576,129034,55493,52463,1.1952462114194673,0.2890571194014226
1022,0.52,10,28,10,476604,129006,55503,52453,1.1949868464930156,0.2890625430538028
1023,0.5200000000000001,0,3,0,476607,129003,55503,52453,1.194959057393753,0.2890673221056344
1024,0.521031746031746,0,1,0,476608,129002,55503,52453,1.1949497943606655,0.2890689151580282
1025,0.5214285714285715,1,4,1,476612,128998,55504,52452,1.1949127422283152,0.28907136952328466
1026,0.5216666666666666,0,1,0,476613,128997,55504,52452,1.1949034791952278,0.2890729626506622
1027,0.5216666666666667,0,14,0,476627,128983,55504,52452,1.194773796732002,0.28909526827789567
1028,0.5222222222222223,0,1,0,476628,128982,55504,52452,1.1947645336989143,0.28909686166870596
1029,0.5225,0,1,0,476629,128981,55504,52452,1.1947552706658269,0.2890984550770808
1030,0.5230952380952381,1,2,1,476631,128979,55505,52451,1.1947367445996517,0.2890977236399713
1031,0.5233333333333333,4,15,4,476646,128964,55509,52447,1.1945977991033383,0.2891059527812536
1032,0.5236363636363637,0,1,0,476647,128963,55509,52447,1.1945885360702508,0.28910754644176173
1033,0.5238095238095238,2,10,2,476657,128953,55511,52445,1.1944959057393754,0.2891156462585034
1034,0.5248484848484848,0,1,0,476658,128952,55511,52445,1.1944866427062877,0.28911724008666073
1035,0.5249999999999999,1,6,1,476664,128946,55512,52444,1.1944310645077625,0.2891228843927449
1036,0.525,66,436,66,477100,128510,55578,52378,1.1903923820815887,0.2895603909601521
1037,0.5250000000000001,0,2,0,477102,128508,55578,52378,1.1903738560154138,0.2895635925389472
1038,0.5253571428571429,0,5,0,477107,128503,55578,52378,1.1903275408499758,0.28957159679568334
1039,0.5253968253968254,1,5,1,477112,128498,55579,52377,1.190281225684538,0.28957567380787835
1040,0.5257142857142857,0,1,0,477113,128497,55579,52377,1.1902719626514506,0.28957727478797396
1041,0.5258333333333333,0,2,0,477115,128495,55579,52377,1.1902534365852755,0.28958047680127386
1042,0.5266666666666666,13,52,13,477167,128443,55592,52364,1.1897717588647228,0.28961268092496417
1043,0.5270238095238096,2,3,2,477170,128440,55594,52362,1.18974396976546,0.2896096282120773
1044,0.5271428571428571,0,1,0,477171,128439,55594,52362,1.1897347067323725,0.2896112300263826
1045,0.5273809523809523,0,1,0,477172,128438,55594,52362,1.1897254436992848,0.2896128318584071
1046,0.5277777777777778,1,2,1,477174,128436,55595,52361,1.1897069176331099,0.2896121063955707
1047,0.5280952380952382,1,0,1,477174,128436,55596,52360,1.1897069176331099,0.28960817717206133
1048,0.5283333333333333,1,2,1,477176,128434,55597,52359,1.1896883915669347,0.2896074516159365
1049,0.5285714285714285,0,1,0,477177,128433,55597,52359,1.189679128533847,0.28960905349794236
1050,0.5285714285714286,1,6,1,477183,128427,55598,52358,1.1896235503353219,0.2896147357358188
1051,0.5291666666666666,0,1,0,477184,128426,55598,52358,1.1896142873022342,0.2896163377290026
1052,0.5291666666666667,0,1,0,477185,128425,55598,52358,1.1896050242691467,0.2896179397399092
1053,0.5299999999999999,0,1,0,477186,128424,55598,52358,1.189595761236059,0.2896195417685389
1054,0.53,16,93,16,477279,128331,55614,52342,1.1887342991589165,0.2897057114234003
1055,0.5302808302808303,0,1,0,477280,128330,55614,52342,1.188725036125829,0.2897073149132129
1056,0.5307692307692308,0,1,0,477281,128329,55614,52342,1.1887157730927416,0.2897089184207759
1057,0.5308333333333333,0,1,0,477282,128328,55614,52342,1.1887065100596539,0.28971052194608954
1058,0.530952380952381,0,3,0,477285,128325,55614,52342,1.1886787209603913,0.2897153326285376
1059,0.5311111111111111,0,2,0,477287,128323,55614,52342,1.1886601948942161,0.2897185398389284
1060,0.5314285714285715,0,1,0,477288,128322,55614,52342,1.1886509318611287,0.2897201434707523
1061,0.5316666666666666,1,8,1,477296,128314,55615,52341,1.1885768275964281,0.2897290415432731
1062,0.5316666666666667,1,6,1,477302,128308,55616,52340,1.188521249397903,0.28973473273991407
1063,0.5317460317460317,0,3,0,477305,128305,55616,52340,1.1884934602986401,0.2897395444103075
1064,0.5319047619047619,0,2,0,477307,128303,55616,52340,1.188474934232465,0.28974275227935764
1065,0.5323809523809524,1,0,1,477307,128303,55617,52339,1.188474934232465,0.2897388204293575
1066,0.5332756132756133,0,4,0,477311,128299,55617,52339,1.188437882100115,0.2897452363290116
1067,0.5333333333333332,0,2,0,477313,128297,55617,52339,1.1884193560339398,0.2897484443853938
1068,0.5333333333333333,150,746,150,478059,127551,55767,52189,1.1815091333506242,0.29035829531545565
1069,0.5333333333333334,59,283,59,478342,127268,55826,52130,1.1788876949868465,0.2905829496426939
1070,0.5338095238095237,0,4,0,478346,127264,55826,52130,1.1788506428544963,0.29058942885492267
1071,0.5338095238095238,0,1,0,478347,127263,55826,52130,1.1788413798214088,0.29059104870312663
1072,0.5339285714285714,0,1,0,478348,127262,55826,52130,1.1788321167883211,0.2905926685693899
1073,0.5345238095238095,0,3,0,478351,127259,55826,52130,1.1788043276890585,0.2905975282765387
1074,0.5349999999999999,3,17,3,478368,127242,55829,52127,1.1786468561265702,0.29061320518038236
1075,0.535,0,2,0,478370,127240,55829,52127,1.178628330060395,0.2906164456115116
1076,0.5352380952380952,2,3,2,478373,127237,55831,52125,1.1786005409611322,0.29061339637158373
1077,0.5357142857142857,0,4,0,478377,127233,55831,52125,1.1785634888287821,0.29061987756330915
1078,0.5357142857142858,4,12,4,478389,127221,55835,52121,1.1784523324317315,0.29062350146647187
1079,0.5358333333333334,1,5,1,478394,127216,55836,52120,1.1784060172662936,0.29062764865949947
1080,0.5361904761904761,3,4,3,478398,127212,55839,52117,1.1783689651339435,0.2906222641067535
1081,0.5366666666666665,0,2,0,478400,127210,55839,52117,1.1783504390677684,0.2906255053617135
1082,0.5366666666666666,1,4,1,478404,127206,55840,52116,1.178313386935418,0.29062803225482653
1083,0.5366666666666667,1,0,1,478404,127206,55841,52115,1.178313386935418,0.2906240763769999
1084,0.5369444444444444,1,8,1,478412,127198,55842,52114,1.1782392826707178,0.29063308646381725
1085,0.5371428571428571,2,2,2,478414,127196,55844,52112,1.1782207566045426,0.2906284159100542
1086,0.5375,2,2,2,478416,127194,55846,52110,1.1782022305383675,0.29062374514790523
1087,0.5380952380952381,0,3,0,478419,127191,55846,52110,1.1781744414391049,0.2906286077601352
1088,0.5380952380952382,2,3,2,478422,127188,55848,52108,1.178146652339842,0.29062555773692667
1089,0.5383333333333333,0,9,0,478431,127179,55848,52108,1.1780632850420543,0.2906401468037281
1090,0.5384615384615385,1,0,1,478431,127179,55849,52107,1.1780632850420543,0.2906361902212108
1091,0.5385714285714285,0,1,0,478432,127178,55849,52107,1.1780540220089666,0.2906378113060211
1092,0.5388095238095238,0,4,0,478436,127174,55849,52107,1.1780169698766163,0.2906442958261054
1093,0.538888888888889,1,1,1,478437,127173,55850,52106,1.1780077068435288,0.29064196029652106
1094,0.5393939393939394,0,1,0,478438,127172,55850,52106,1.1779984438104414,0.2906435814768126
1095,0.5399999999999999,2,4,2,478442,127168,55852,52104,1.177961391678091,0.29064215270650184
1096,0.54,21,72,21,478514,127096,55873,52083,1.1772944532957872,0.2906758046422851
1097,0.5404761904761904,0,2,0,478516,127094,55873,52083,1.177275927229612,0.2906790492083247
1098,0.5407142857142857,0,1,0,478517,127093,55873,52083,1.1772666641965246,0.29068067151850696
1099,0.5409090909090909,1,1,1,478518,127092,55874,52082,1.177257401163437,0.2906783350262873
1100,0.5416666666666666,28,142,28,478660,126950,55902,52054,1.1759420504650042,0.29079797099506155
1101,0.5416666666666667,12,94,12,478754,126856,55914,52042,1.1750713253547742,0.29090319623472594
1102,0.5428571428571429,0,5,0,478759,126851,55914,52042,1.1750250101893365,0.2909113268825499
1103,0.5433333333333332,4,6,4,478765,126845,55918,52038,1.174969431990811,0.29090522855721335
1104,0.5433333333333333,3,18,3,478783,126827,55921,52035,1.174802697395235,0.29092261072782366
1105,0.5435714285714285,1,0,1,478783,126827,55922,52034,1.174802697395235,0.2909186463231224
1106,0.5444444444444445,1,0,1,478783,126827,55923,52033,1.174802697395235,0.2909146818740915
1107,0.5449999999999999,0,1,0,478784,126826,55923,52033,1.1747934343621476,0.2909163083769897
1108,0.545,0,9,0,478793,126817,55923,52033,1.1747100670643595,0.29093094772155437
1109,0.5452380952380952,0,1,0,478794,126816,55923,52033,1.174700804031272,0.2909325744063428
1110,0.5452380952380953,0,4,0,478798,126812,55923,52033,1.1746637518989218,0.2909390813274064
1111,0.5457142857142857,0,1,0,478799,126811,55923,52033,1.1746544888658341,0.29094070810315137
1112,0.5458333333333333,2,8,2,478807,126803,55925,52031,1.1745803846011338,0.29094579330552356
1113,0.5464285714285715,1,7,1,478814,126796,55926,52030,1.174515543369521,0.2909532170937112
1114,0.5466666666666666,16,66,16,478880,126730,55942,52014,1.1739041831857424,0.290997180324934
1115,0.5471428571428572,0,1,0,478881,126729,55942,52014,1.1738949201526547,0.2909988083449422
1116,0.5475,0,1,0,478882,126728,55942,52014,1.1738856571195673,0.2910004363831668
1117,0.5483333333333332,0,2,0,478884,126726,55942,52014,1.1738671310533921,0.29100369251426655
1118,0.5483333333333333,1,5,1,478889,126721,55943,52013,1.1738208158879544,0.2910078664383945
1119,0.548611111111111,1,0,1,478889,126721,55944,52012,1.1738208158879544,0.29100389967157714
1120,0.5488095238095239,0,3,0,478892,126718,55944,52012,1.1737930267886918,0.2910087841996307
1121,0.549047619047619,1,0,1,478892,126718,55945,52011,1.1737930267886918,0.2910048173491711
1122,0.5492063492063493,1,1,1,478893,126717,55946,52010,1.1737837637556041,0.2910024786406083
1123,0.5499999999999999,5,19,5,478912,126698,55951,52005,1.1736077661269406,0.2910135811933767
1124,0.55,1112,5032,1112,483944,121666,57063,50893,1.126996183630368,0.2949310091041325
1125,0.5516666666666665,2,4,2,483948,121662,57065,50891,1.1269591314980176,0.2949296737813889
1126,0.5516666666666666,1,11,1,483959,121651,57066,50890,1.1268572381340547,0.29494439002903655
1127,0.5523809523809523,1,2,1,483961,121649,57067,50889,1.1268387120678796,0.2949437225422805
1128,0.5523809523809524,0,5,0,483966,121644,57067,50889,1.1267923969024418,0.29495227000052165
1129,0.5525,0,2,0,483968,121642,57067,50889,1.1267738708362667,0.2949556891225345
1130,0.5528571428571428,1,3,1,483971,121639,57068,50888,1.1267460817370039,0.2949567314101561
1131,0.5528571428571429,0,3,0,483974,121636,57068,50888,1.1267182926377413,0.29496186037884586
1132,0.553095238095238,1,2,1,483976,121634,57069,50887,1.1266997665715661,0.2949611931301117
1133,0.5533333333333332,0,1,0,483977,121633,57069,50887,1.1266905035384787,0.2949629028518433
1134,0.5533333333333333,0,5,0,483982,121628,57069,50887,1.126644188373041,0.29497145175781814
1135,0.5533333333333335,3,3,3,483985,121625,57072,50884,1.126616399273778,0.2949643207021083
1136,0.5538636363636364,0,4,0,483989,121621,57072,50884,1.126579347141428,0.29497116025622444
1137,0.5541666666666666,0,1,0,483990,121620,57072,50884,1.1265700841083404,0.29497287019431434
1138,0.5541666666666667,0,3,0,483993,121617,57072,50884,1.1265422950090778,0.2949780001275355
1139,0.5543939393939394,1,0,1,483993,121617,57073,50883,1.1265422950090778,0.29497391304347825
1140,0.5545021645021644,0,1,0,483994,121616,57073,50883,1.1265330319759903,0.29497562304709013
1141,0.5547619047619048,0,6,0,484000,121610,57073,50883,1.1264774537774649,0.29498588348512694
1142,0.5549999999999999,7,35,7,484035,121575,57080,50876,1.1261532476194005,0.2950171353022018
1143,0.5561904761904762,0,2,0,484037,121573,57080,50876,1.1261347215532254,0.295020556802301
1144,0.5566666666666665,0,2,0,484039,121571,57080,50876,1.1261161954870502,0.2950239783817637
1145,0.5566666666666666,2,6,2,484045,121565,57082,50874,1.126060617288525,0.29502606718897695
1146,0.5566666666666668,0,3,0,484048,121562,57082,50874,1.1260328281892622,0.2950311999814424
1147,0.5571428571428572,2,17,2,484065,121545,57084,50872,1.1258753566267738,0.29505211203071624
1148,0.5583333333333332,3,3,3,484068,121542,57087,50869,1.1258475675275113,0.2950449797286716
1149,0.5583333333333333,24,134,24,484202,121408,57111,50845,1.124606321093779,0.29517628140003366
1150,0.558974358974359,0,1,0,484203,121407,57111,50845,1.1245970580606914,0.29517799503053666
1151,0.5595238095238095,2,0,2,484203,121407,57113,50843,1.1245970580606914,0.2951698113207547
1152,0.5599999999999999,39,166,39,484369,121241,57152,50804,1.1230593945681573,0.29529483565346276
1153,0.56,1,1,1,484370,121240,57153,50803,1.1230501315350698,0.2952924559557785
1154,0.5607142857142857,0,8,0,484378,121232,57153,50803,1.1229760272703695,0.2953061876943645
1155,0.5608333333333333,0,1,0,484379,121231,57153,50803,1.1229667642372818,0.2953079042514852
1156,0.5608730158730159,0,4,0,484383,121227,57153,50803,1.1229297121049315,0.29531477067953266
1157,0.5611111111111111,1,1,1,484384,121226,57154,50802,1.122920449071844,0.2953123910061153
1158,0.5616666666666666,1,3,1,484387,121223,57155,50801,1.1228926599725815,0.29531344463563225
1159,0.5616666666666668,0,2,0,484389,121221,57155,50801,1.1228741339064063,0.29531687807373475
1160,0.5619047619047619,0,6,0,484395,121215,57155,50801,1.122818555707881,0.29532717886708215
1161,0.5623809523809524,0,1,0,484396,121214,57155,50801,1.1228092926747935,0.295328895735837
1162,0.5625,1,3,1,484399,121211,57156,50800,1.1227815035755309,0.29532994982879
1163,0.5626190476190477,3,1,3,484400,121210,57159,50797,1.1227722405424432,0.2953193765370014
1164,0.5628787878787879,0,1,0,484401,121209,57159,50797,1.1227629775093557,0.2953210934502285
1165,0.5630952380952381,1,1,1,484402,121208,57160,50796,1.122753714476268,0.29531871351829025
1166,0.5633333333333332,0,19,0,484421,121189,57160,50796,1.1225777168476045,0.2953513387795447
1167,0.5633333333333334,0,2,0,484423,121187,57160,50796,1.1225591907814294,0.29535477343690947
1168,0.5635714285714285,0,4,0,484427,121183,57160,50796,1.1225221386490793,0.29536164299129547
1169,0.5638095238095238,1,2,1,484429,121181,57161,50795,1.1225036125829042,0.29536098060194443
1170,0.5642857142857143,0,1,0,484430,121180,57161,50795,1.1224943495498165,0.29536269806657944
1171,0.5642857142857144,0,1,0,484431,121179,57161,50795,1.122485086516729,0.295364415551188
1172,0.5649025974025974,1,4,1,484435,121175,57162,50794,1.1224480343843788,0.2953671882723049
1173,0.565,0,3,0,484438,121172,57162,50794,1.1224202452851162,0.2953723410441599
1174,0.5650000000000001,2,7,2,484445,121165,57164,50792,1.1223554040535033,0.2953761696238013
1175,0.5651515151515152,0,3,0,484448,121162,57164,50792,1.1223276149542407,0.2953813229119416
1176,0.565515873015873,0,4,0,484452,121158,57164,50792,1.1222905628218904,0.29538819424251234
1177,0.5657142857142857,1,1,1,484453,121157,57165,50791,1.1222812997888028,0.295385814315956
1178,0.5659090909090909,0,1,0,484454,121156,57165,50791,1.1222720367557153,0.295387532204691
1179,0.5660714285714286,0,1,0,484455,121155,57165,50791,1.1222627737226278,0.2953892501134077
1180,0.5666666666666667,574,2650,574,487105,118505,57739,50217,1.0977157360406091,0.2976316070222022
1181,0.5675,0,2,0,487107,118503,57739,50217,1.097697209974434,0.2976351351351351
1182,0.5678571428571428,1,3,1,487110,118500,57740,50216,1.0976694208751714,0.29763626449180874
1183,0.5683333333333332,0,1,0,487111,118499,57740,50216,1.0976601578420837,0.2976380286281599
1184,0.5683333333333334,0,9,0,487120,118490,57740,50216,1.097576790544296,0.29765390679643877
1185,0.5688095238095239,0,3,0,487123,118487,57740,50216,1.097549001445033,0.29765919989567463
1186,0.5689285714285715,1,3,1,487126,118484,57741,50215,1.0975212123457705,0.29766032993675123
1187,0.569047619047619,1,3,1,487129,118481,57742,50214,1.097493423246508,0.29766146003141764
1188,0.57,0,2,0,487131,118479,57742,50214,1.0974748971803328,0.2976649890629724
1189,0.5700000000000001,6,16,6,487147,118463,57748,50208,1.0973266886509319,0.297668241725015
1190,0.5702380952380952,0,1,0,487148,118462,57748,50208,1.0973174256178444,0.29767000652161024
1191,0.570595238095238,0,5,0,487153,118457,57748,50208,1.0972711104524064,0.29767883081848634
1192,0.5707142857142857,0,1,0,487154,118456,57748,50208,1.097261847419319,0.2976805957406441
1193,0.5712698412698411,0,6,0,487160,118450,57748,50208,1.0972062692207936,0.2976911857130999
1194,0.5714285714285714,7,35,7,487195,118415,57755,50201,1.0968820630627292,0.2977238221758315
1195,0.5716666666666665,0,5,0,487200,118410,57755,50201,1.0968357478972914,0.2977326508946629
1196,0.5716666666666667,2,5,2,487205,118405,57757,50199,1.0967894327318537,0.2977331498659581
1197,0.5721428571428572,1,1,1,487206,118404,57758,50198,1.0967801696987662,0.29773075052490483
1198,0.5722222222222222,0,1,0,487207,118403,57758,50198,1.0967709066656786,0.2977325164144934
1199,0.5725,0,2,0,487209,118401,57758,50198,1.0967523805995034,0.29773604825651395
1200,0.5733333333333333,0,2,0,487211,118399,57758,50198,1.0967338545333285,0.29773958018232827
1201,0.5733333333333334,6,16,6,487227,118383,57764,50192,1.0965856460039276,0.29774284443126203
1202,0.5733333333333335,0,1,0,487228,118382,57764,50192,1.09657638297084,0.2977446106754304
1203,0.5742424242424242,0,1,0,487229,118381,57764,50192,1.0965671199377525,0.29774637694055395
1204,0.575,206,1090,206,488319,117291,57970,49986,1.0864704138723182,0.29882171488010906
1205,0.5750000000000001,0,3,0,488322,117288,57970,49986,1.0864426247730556,0.2988270741418272
1206,0.5752380952380951,0,1,0,488323,117287,57970,49986,1.0864333617399682,0.2988288606051186
1207,0.5755952380952382,1,0,1,488323,117287,57971,49985,1.0864333617399682,0.2988246688029078
1208,0.5757142857142857,0,1,0,488324,117286,57971,49985,1.0864240987068805,0.29882645527317947
1209,0.5761904761904761,0,3,0,488327,117283,57971,49985,1.086396309607618,0.29883181481215776
1210,0.5763888888888888,0,6,0,488333,117277,57971,49985,1.0863407314090925,0.2988425344668843
1211,0.576388888888889,0,1,0,488334,117276,57971,49985,1.086331468376005,0.2988443211507763
1212,0.5764285714285714,0,1,0,488335,117275,57971,49985,1.0863222053429176,0.29884610785603255
1213,0.5766666666666665,2,14,2,488349,117261,57973,49983,1.0861925228796918,0.29886273947047426
1214,0.5766666666666667,4,16,4,488365,117245,57977,49979,1.086044314350291,0.29887456345979047
1215,0.5766666666666668,0,3,0,488368,117242,57977,49979,1.086016525251028,0.2988799253682253
1216,0.5773809523809523,1,0,1,488368,117242,57978,49978,1.086016525251028,0.29887573256787464
1217,0.5779761904761905,1,2,1,488370,117240,57979,49977,1.0859979991848532,0.29887511437234254
1218,0.5780555555555555,0,1,0,488371,117239,57979,49977,1.0859887361517655,0.2988769017318917
1219,0.5783333333333334,0,1,0,488372,117238,57979,49977,1.085979473118678,0.29887868911281884
1220,0.5785714285714285,1,5,1,488377,117233,57980,49976,1.0859331579532403,0.2988834333080157
1221,0.5788095238095238,0,1,0,488378,117232,57980,49976,1.0859238949201526,0.2988852208028324
1222,0.5791666666666666,0,2,0,488380,117230,57980,49976,1.0859053688539775,0.298888795856608
1223,0.5797979797979798,1,0,1,488380,117230,57981,49975,1.0859053688539775,0.29888460273317186
1224,0.58,93,363,93,488743,116867,58074,49882,1.0825428878431953,0.2991442227539595
1225,0.5800000000000001,2,3,2,488746,116864,58076,49880,1.0825150987439327,0.29914119848390347
1226,0.5805555555555555,0,1,0,488747,116863,58076,49880,1.0825058357108452,0.29914299250943066
1227,0.5808333333333333,0,2,0,488749,116861,58076,49880,1.08248730964467,0.29914658062504124
1228,0.5814285714285714,3,0,3,488749,116861,58079,49877,1.08248730964467,0.2991339706605573
1229,0.5816666666666666,0,1,0,488750,116860,58079,49877,1.0824780466115824,0.2991357647072935
1230,0.5816666666666667,1,1,1,488751,116859,58080,49876,1.082468783578495,0.299133355324317
1231,0.5816666666666668,1,5,1,488756,116854,58081,49875,1.0824224684130572,0.299138122342244
1232,0.5823809523809523,0,2,0,488758,116852,58081,49875,1.082403942346882,0.2991417107007263
1233,0.5825,1,3,1,488761,116849,58082,49874,1.0823761532476195,0.2991428897032803
1234,0.5833333333333333,69,308,69,489069,116541,58151,49805,1.0795231390566526,0.299406057254157
1235,0.5833333333333334,45,163,45,489232,116378,58196,49760,1.0780132646633813,0.2995100458654853
1236,0.5840259740259741,0,2,0,489234,116376,58196,49760,1.0779947385972062,0.2995136514662686
1237,0.5847222222222223,0,1,0,489235,116375,58196,49760,1.0779854755641187,0.2995154542992145
1238,0.5847619047619047,0,5,0,489240,116370,58196,49760,1.077939160398681,0.2995244687895022
1239,0.5847619047619048,1,3,1,489243,116367,58197,49759,1.0779113712994184,0.299525661245079
1240,0.585,4,18,4,489261,116349,58201,49755,1.0777446367038424,0.29954125126426817
1241,0.5850000000000001,0,2,0,489263,116347,58201,49755,1.0777261106376672,0.2995448579788323
1242,0.5857142857142856,5,14,5,489277,116333,58206,49750,1.0775964281744415,0.2995490206703877
1243,0.5857142857142857,6,27,6,489304,116306,58212,49744,1.0773463262810774,0.29957241794640166
1244,0.5861904761904763,0,4,0,489308,116302,58212,49744,1.0773092741487273,0.2995796345590981
1245,0.5866666666666667,4,15,4,489323,116287,58216,49740,1.077170328652414,0.2995898257512332
1246,0.5871428571428572,0,1,0,489324,116286,58216,49740,1.0771610656193265,0.299591630226591
1247,0.5873015873015872,0,3,0,489327,116283,58216,49740,1.0771332765200636,0.2995970437830903
1248,0.5873809523809524,0,3,0,489330,116280,58216,49740,1.077105487420801,0.29960245753523673
1249,0.5875,7,16,7,489346,116264,58223,49733,1.0769572788914001,0.29960180003253073
1250,0.5875000000000001,0,1,0,489347,116263,58223,49733,1.0769480158583127,0.2996036049061423
1251,0.5877777777777777,0,1,0,489348,116262,58223,49733,1.076938752825225,0.2996054098015
1252,0.5879761904761904,0,3,0,489351,116259,58223,49733,1.0769109637259624,0.2996108246180539
1253,0.5883333333333333,0,3,0,489354,116256,58223,49733,1.0768831746266998,0.29961623963033696
1254,0.5883333333333334,0,1,0,489355,116255,58223,49733,1.0768739115936121,0.2996180446779285
1255,0.5885714285714286,0,1,0,489356,116254,58223,49733,1.0768646485605247,0.29961984974726935
1256,0.5888888888888889,2,4,2,489360,116250,58225,49731,1.0768275964281744,0.299618631048132
1257,0.589047619047619,0,1,0,489361,116249,58225,49731,1.076818333395087,0.2996204361971322
1258,0.5892857142857143,1,0,1,489361,116249,58226,49730,1.076818333395087,0.29961621650931747
1259,0.5895238095238096,0,4,0,489365,116245,58226,49730,1.0767812812627366,0.2996234372646483
1260,0.5898809523809524,0,1,0,489366,116244,58226,49730,1.0767720182296492,0.29962524250786265
1261,0.59,1,5,1,489371,116239,58227,49729,1.0767257030642114,0.2996300491661043
1262,0.5900000000000001,7,35,7,489406,116204,58234,49722,1.076401496906147,0.29966370550727434
1263,0.5904761904761904,0,1,0,489407,116203,58234,49722,1.0763922338730594,0.299665511526292
1264,0.5904761904761905,0,4,0,489411,116199,58234,49722,1.076355181740709,0.29967273582005893
1265,0.5905772005772005,1,2,1,489413,116197,58235,49721,1.076336655674534,0.29967212719536157
1266,0.5909090909090909,0,2,0,489415,116195,58235,49721,1.076318129608359,0.2996757395308469
1267,0.5914285714285714,0,1,0,489416,116194,58235,49721,1.0763088665752714,0.29967754573124794
1268,0.5916666666666666,13,80,13,489496,116114,58248,49708,1.075567823928267,0.2997672202723402
1269,0.5916666666666667,7,55,7,489551,116059,58255,49701,1.0750583571084515,0.2998371138996139
1270,0.5916666666666668,0,2,0,489553,116057,58255,49701,1.0750398310422764,0.2998407316690597
1271,0.5919047619047618,0,3,0,489556,116054,58255,49701,1.0750120419430138,0.2998461584869235
1272,0.5923076923076923,0,1,0,489557,116053,58255,49701,1.0750027789099263,0.299847967469865
1273,0.5925,2,1,2,489558,116052,58257,49699,1.0749935158768387,0.2998413282574464
1274,0.5928571428571429,1,4,1,489562,116048,58258,49698,1.0749564637444884,0.29984434013490524
1275,0.5930952380952381,0,4,0,489566,116044,58258,49698,1.0749194116121383,0.299851576546681
1276,0.5933333333333333,4,12,4,489578,116032,58262,49694,1.0748082552150877,0.29985638946212423
1277,0.5933333333333334,6,27,6,489605,116005,58268,49688,1.0745581533217237,0.29987989836625567
1278,0.5942857142857142,0,1,0,489606,116004,58268,49688,1.0745488902886362,0.29988170822972743
1279,0.5944444444444443,0,2,0,489608,116002,58268,49688,1.074530364222461,0.29988532802221013
1280,0.5944444444444444,0,2,0,489610,116000,58268,49688,1.074511838156286,0.29988894790208104
1281,0.5947150072150073,1,13,1,489623,115987,58269,49687,1.0743914187261476,0.2999082535581926
1282,0.5948809523809524,0,2,0,489625,115985,58269,49687,1.0743728926599725,0.29991187406441644
1283,0.595,2,6,2,489631,115979,58271,49685,1.0743173144614473,0.2999142843345567
1284,0.5952380952380951,2,4,2,489635,115975,58273,49683,1.074280262329097,0.29991307392338434
1285,0.5964285714285714,1,3,1,489638,115972,58274,49682,1.0742524732298344,0.2999142791601772
1286,0.5966666666666666,1,8,1,489646,115964,58275,49681,1.0741783689651339,0.29992453741435
1287,0.5966666666666667,1,37,1,489683,115927,58276,49680,1.0738356367408943,0.2999873193765964
1288,0.598015873015873,0,1,0,489684,115926,58276,49680,1.0738263737078069,0.2999891308285932
1289,0.5983333333333333,0,1,0,489685,115925,58276,49680,1.0738171106747194,0.2999909423024667
1290,0.5983333333333334,2,3,2,489688,115922,58278,49678,1.0737893215754566,0.299987922705314
1291,0.599047619047619,1,2,1,489690,115920,58279,49677,1.0737707955092815,0.2999873186108444
1292,0.5999999999999999,4,34,4,489724,115886,58283,49673,1.0734558523843047,0.3000320127567816
1293,0.6,10332,36227,10332,525951,79659,68615,39341,0.7378839527214791,0.3305966386554622
1294,0.6000000000000001,6,13,6,525964,79646,68621,39335,0.7377635332913409,0.33059900320219193
1295,0.6004761904761904,0,1,0,525965,79645,68621,39335,0.7377542702582534,0.33060178181206923
1296,0.6016666666666666,0,3,0,525968,79642,68621,39335,0.7377264811589908,0.3306101179219513
1297,0.6016666666666667,2,11,2,525979,79631,68623,39333,0.7376245877950276,0.33062943411452206
1298,0.6016666666666668,0,2,0,525981,79629,68623,39333,0.7376060617288525,0.3306349926867403
1299,0.6019047619047618,0,1,0,525982,79628,68623,39333,0.7375967986957649,0.3306377720429384
1300,0.6023809523809524,2,5,2,525987,79623,68625,39331,0.7375504835303272,0.3306404156228458
1301,0.6023809523809525,0,1,0,525988,79622,68625,39331,0.7375412204972396,0.33064319521155416
1302,0.6025,0,1,0,525989,79621,68625,39331,0.737531957464152,0.3306459748469971
1303,0.6029761904761904,0,1,0,525990,79620,68625,39331,0.7375226944310646,0.33064875452917586
1304,0.6033333333333333,1,2,1,525992,79618,68626,39330,0.7375041683648894,0.3306486868211319
1305,0.6038095238095238,0,2,0,525994,79616,68626,39330,0.7374856422987143,0.33065424646478236
1306,0.6047619047619047,0,2,0,525996,79614,68626,39330,0.7374671162325391,0.33065980629539954
1307,0.605,4,11,4,526007,79603,68630,39326,0.7373652228685761,0.3306678774731142
1308,0.6052181152181152,2,1,2,526008,79602,68632,39324,0.7373559598354885,0.33065940164472024
1309,0.6055555555555555,0,1,0,526009,79601,68632,39324,0.737346696802401,0.3306621820475089
1310,0.6066666666666666,0,3,0,526012,79598,68632,39324,0.7373189077031383,0.33067052353643567
1311,0.6066666666666667,2,33,2,526045,79565,68634,39322,0.737013227611249,0.3307510493157368
1312,0.6071428571428571,1,3,1,526048,79562,68635,39321,0.7369854385119864,0.33075376630805076
1313,0.6071428571428572,0,1,0,526049,79561,68635,39321,0.7369761754788988,0.3307565485102875
1314,0.6075,0,3,0,526052,79558,68635,39321,0.7369483863796361,0.3307648953978415
1315,0.6078571428571429,0,5,0,526057,79553,68635,39321,0.7369020712141984,0.3307788078133149
1316,0.6082142857142856,1,1,1,526058,79552,68636,39320,0.7368928081811108,0.33077596069722054
1317,0.6083333333333333,13,102,13,526160,79450,68649,39307,0.7359479788061803,0.33098680498833755
1318,0.6083333333333334,3,23,3,526183,79427,68652,39304,0.7357349290451666,0.33103401807447086
1319,0.6090476190476191,0,1,0,526184,79426,68652,39304,0.735725666012079,0.33103680619893877
1320,0.6095238095238095,0,1,0,526185,79425,68652,39304,0.7357164029789914,0.3310395943703729
1321,0.6095238095238096,0,1,0,526186,79424,68652,39304,0.7357071399459039,0.33104238258877433
1322,0.6097619047619047,0,2,0,526188,79422,68652,39304,0.7356886138797287,0.33104795916648416
1323,0.6097619047619048,0,1,0,526189,79421,68652,39304,0.7356793508466413,0.3310507475257949
1324,0.6099999999999999,0,1,0,526190,79420,68652,39304,0.7356700878135537,0.33105353593207776
1325,0.61,11,64,11,526254,79356,68663,39293,0.7350772536959502,0.33117008992911867
1326,0.6100000000000001,3,5,3,526259,79351,68666,39290,0.7350309385305124,0.3311671344644769
1327,0.6106196581196581,1,7,1,526266,79344,68667,39289,0.7349660972988995,0.33118103731676685
1328,0.6107142857142857,1,3,1,526269,79341,68668,39288,0.7349383081996369,0.3311837746250917
1329,0.6107142857142858,1,5,1,526274,79336,68669,39287,0.7348919930341992,0.3311920959678983
1330,0.611111111111111,1,0,1,526274,79336,68670,39286,0.7348919930341992,0.3311864578240124
1331,0.6114285714285714,2,2,2,526276,79334,68672,39284,0.734873466968024,0.3311807651452562
1332,0.6115842490842491,1,2,1,526278,79332,68673,39283,0.7348549409018489,0.3311807107026936
1333,0.6116666666666666,0,3,0,526281,79329,68673,39283,0.7348271518025863,0.3311890871075439
1334,0.6121428571428571,0,2,0,526283,79327,68673,39283,0.7348086257364111,0.3311946716128488
1335,0.6122863247863247,0,4,0,526287,79323,68673,39283,0.7347715736040609,0.33120584118847274
1336,0.6125,0,5,0,526292,79318,68673,39283,0.7347252584386231,0.33121980421750236
1337,0.6128571428571429,0,2,0,526294,79316,68673,39283,0.734706732372448,0.3312253897587669
1338,0.6133333333333333,3,24,3,526318,79292,68676,39280,0.7344844195783468,0.33127551192524374
1339,0.6133333333333334,1,5,1,526323,79287,68677,39279,0.7344381044129089,0.3312838419108345
1340,0.6138095238095238,4,6,4,526329,79281,68681,39275,0.7343825262143836,0.33127804581801007
1341,0.6138888888888889,1,0,1,526329,79281,68682,39274,0.7343825262143836,0.33127240521277046
1342,0.6144444444444445,0,1,0,526330,79280,68682,39274,0.734373263181296,0.33127519948715356
1343,0.615,3,9,3,526339,79271,68685,39271,0.7342898958835081,0.33128342697103136
1344,0.6153571428571428,0,2,0,526341,79269,68685,39271,0.734271369817333,0.33128901636578373
1345,0.6158333333333333,0,3,0,526344,79266,68685,39271,0.7342435807180703,0.33129740081156095
1346,0.6161904761904762,0,1,0,526345,79265,68685,39271,0.7342343176849828,0.3313001957211311
1347,0.6166666666666666,100,400,100,526745,78865,68785,39171,0.7305291044499611,0.33185638279846824
1348,0.6166666666666667,56,321,56,527066,78544,68841,39115,0.7275556708288562,0.3324437569586687
1349,0.6166666666666668,0,3,0,527069,78541,68841,39115,0.7275278817295935,0.3324522336302441
1350,0.6171428571428572,0,1,0,527070,78540,68841,39115,0.727518618696506,0.3324550592834984
1351,0.6173809523809524,0,1,0,527071,78539,68841,39115,0.7275093556634185,0.3324578849847859
1352,0.6180952380952381,0,1,0,527072,78538,68841,39115,0.7275000926303309,0.33246071073410793
1353,0.6183333333333333,2,11,2,527083,78527,68843,39113,0.7273981992663677,0.3324804488269296
1354,0.6183333333333334,0,5,0,527088,78522,68843,39113,0.72735188410093,0.3324945806945212
1355,0.619047619047619,1,1,1,527089,78521,68844,39112,0.7273426210678424,0.33249173276206506
1356,0.6190476190476191,0,1,0,527090,78520,68844,39112,0.7273333580347549,0.33249455930359084
1357,0.6199999999999999,0,2,0,527092,78518,68844,39112,0.7273148319685798,0.33250021253081696
1358,0.62,3,23,3,527115,78495,68847,39109,0.727101782207566,0.3325482126458284
1359,0.6201587301587301,0,3,0,527118,78492,68847,39109,0.7270739931083033,0.33255669594646303
1360,0.6214285714285713,0,1,0,527119,78491,68847,39109,0.7270647300752159,0.3325595238095238
1361,0.6214285714285714,0,9,0,527128,78482,68847,39109,0.7269813627774279,0.3325849767414173
1362,0.6214285714285716,0,3,0,527131,78479,68847,39109,0.7269535736781652,0.3325934619178828
1363,0.6216666666666666,0,6,0,527137,78473,68847,39109,0.7268979954796398,0.33261043356976405
1364,0.6216666666666667,1,13,1,527150,78460,68848,39108,0.7267775760495017,0.332641535111595
1365,0.6216666666666668,0,1,0,527151,78459,68848,39108,0.7267683130164141,0.3326443644900355
1366,0.6222222222222221,0,2,0,527153,78457,68848,39108,0.726749786950239,0.33265002339131544
1367,0.6225396825396825,2,9,2,527162,78448,68850,39106,0.726666419652451,0.3326641373326301
1368,0.6230952380952381,0,1,0,527163,78447,68850,39106,0.7266571566193635,0.33266696724030864
1369,0.6233333333333333,0,7,0,527170,78440,68850,39106,0.7265923153877506,0.3326867779422524
1370,0.6238095238095238,1,0,1,527170,78440,68851,39105,0.7265923153877506,0.3326811008549917
1371,0.6244047619047619,0,3,0,527173,78437,68851,39105,0.7265645262884879,0.3326895918054823
1372,0.6249999999999999,1,5,1,527178,78432,68852,39104,0.7265182111230502,0.33269806697522464
1373,0.625,83,335,83,527513,78097,68935,39021,0.7234150950387195,0.33317679605184514
1374,0.6250000000000001,6,5,6,527518,78092,68941,39015,0.7233687798732817,0.3331568565499927
1375,0.6257142857142857,0,1,0,527519,78091,68941,39015,0.7233595168401942,0.33315970146704693
1376,0.6261904761904762,0,1,0,527520,78090,68941,39015,0.7233502538071066,0.3331625464326886
1377,0.6266358641358643,0,3,0,527523,78087,68941,39015,0.7233224647078439,0.3331710816211508
1378,0.6266666666666666,1,7,1,527530,78080,68942,39014,0.723257623476231,0.3331853041146429
1379,0.6266666666666667,11,33,11,527563,78047,68953,39003,0.7229519433843418,0.33321657411362665
1380,0.627142857142857,0,1,0,527564,78046,68953,39003,0.7229426803512542,0.33321942092627876
1381,0.6271428571428571,0,1,0,527565,78045,68953,39003,0.7229334173181666,0.33322226778757436
1382,0.6273809523809523,0,1,0,527566,78044,68953,39003,0.7229241542850791,0.33322511469751465
1383,0.6273809523809524,0,1,0,527567,78043,68953,39003,0.7229148912519916,0.333227961656101
1384,0.6277380952380952,1,2,1,527569,78041,68954,39002,0.7228963651858165,0.33322795895525575
1385,0.6278571428571429,0,1,0,527570,78040,68954,39002,0.7228871021527289,0.33323080603544025
1386,0.6283333333333333,0,1,0,527571,78039,68954,39002,0.7228778391196413,0.3332336531642758
1387,0.6285714285714286,0,3,0,527574,78036,68954,39002,0.7228500500203787,0.3332421948427007
1388,0.628611111111111,0,1,0,527575,78035,68954,39002,0.7228407869872912,0.3332450421661526
1389,0.6288095238095238,1,1,1,527576,78034,68955,39001,0.7228315239542036,0.33324219250651516
1390,0.6291666666666667,0,2,0,527578,78032,68955,39001,0.7228129978880284,0.33324788734801297
1391,0.6297619047619046,0,1,0,527579,78031,68955,39001,0.7228037348549409,0.33325073484175266
1392,0.6299999999999999,0,5,0,527584,78026,68955,39001,0.7227574196895031,0.3332649730404095
1393,0.63,19,108,19,527692,77918,68974,38982,0.7217570121160473,0.333464499572284
1394,0.6300000000000001,1,0,1,527692,77918,68975,38981,0.7217570121160473,0.3334587977655925
1395,0.6307326007326006,1,2,1,527694,77916,68976,38980,0.7217384860498721,0.33345880098549135
1396,0.6313347763347763,1,3,1,527697,77913,68977,38979,0.7217106969506095,0.33346165691407453
1397,0.6314285714285715,1,5,1,527702,77908,68978,38978,0.7216643817851718,0.33347021884571293
1398,0.6316666666666666,5,14,5,527716,77894,68983,38973,0.721534699321946,0.33348165008086117
1399,0.6321428571428571,0,1,0,527717,77893,68983,38973,0.7215254362888585,0.3334845036195301
1400,0.6323809523809525,0,1,0,527718,77892,68983,38973,0.7215161732557709,0.33348735720703376
1401,0.6333333333333332,0,2,0,527720,77890,68983,38973,0.7214976471895957,0.33349306452855054
1402,0.6333333333333333,152,584,152,528304,77306,69135,38821,0.7160880358664641,0.3342977946558509
1403,0.6333333333333334,58,192,58,528496,77114,69193,38763,0.7143095335136537,0.33451849806260087
1404,0.6338095238095238,1,3,1,528499,77111,69194,38762,0.7142817444143911,0.33452141568786514
1405,0.6342712842712843,1,5,1,528504,77106,69195,38761,0.7142354292489532,0.3345301077960075
1406,0.6345238095238094,1,4,1,528508,77102,69196,38760,0.7141983771166031,0.33453591341423417
1407,0.6345238095238095,0,3,0,528511,77099,69196,38760,0.7141705880173403,0.33454457573429774
1408,0.6345238095238096,1,1,1,528512,77098,69197,38759,0.7141613249842529,0.33454171953356293
1409,0.6347619047619047,0,1,0,528513,77097,69197,38759,0.7141520619511653,0.33454460709846706
1410,0.635,6,14,6,528527,77083,69203,38753,0.7140223794879396,0.33455057149763456
1411,0.6357142857142857,2,3,2,528530,77080,69205,38751,0.7139945903886769,0.3345477462855367
1412,0.6357142857142858,1,5,1,528535,77075,69206,38750,0.7139482752232391,0.3345564429095618
1413,0.6366666666666666,2,5,2,528540,77070,69208,38748,0.7139019600578014,0.33455939491270786
1414,0.6366666666666667,2,5,2,528545,77065,69210,38746,0.7138556448923635,0.33456234727271156
1415,0.6369047619047619,0,4,0,528549,77061,69210,38746,0.7138185927600134,0.334573903131935
1416,0.6375,1,9,1,528558,77052,69211,38745,0.7137352254622253,0.3345941604704785
1417,0.638095238095238,0,2,0,528560,77050,69211,38745,0.7137166993960502,0.3345999395483397
1418,0.6380952380952382,0,4,0,528564,77046,69211,38745,0.7136796472637,0.33461149830297693
1419,0.6383333333333333,3,14,3,528578,77032,69214,38742,0.7135499648004743,0.3346347193670427
1420,0.6383333333333334,0,9,0,528587,77023,69214,38742,0.7134665975026863,0.33466073510992095
1421,0.6384698634698636,0,3,0,528590,77020,69214,38742,0.7134388084034237,0.3346694079231527
1422,0.6388095238095237,0,1,0,528591,77019,69214,38742,0.7134295453703361,0.3346722989607899
1423,0.638888888888889,0,1,0,528592,77018,69214,38742,0.7134202823372485,0.3346751900483759
1424,0.6391666666666667,2,0,2,528592,77018,69216,38740,0.7134202823372485,0.3346636949498091
1425,0.6397222222222222,1,1,1,528593,77017,69217,38739,0.713411019304161,0.33466083831507654
1426,0.6399999999999999,3,4,3,528597,77013,69220,38736,0.7133739671718108,0.3346551590078532
1427,0.64,15,49,15,528646,76964,69235,38721,0.7129200785505205,0.3347106366426071
1428,0.6403571428571428,0,1,0,528647,76963,69235,38721,0.7129108155174331,0.33471352996092807
1429,0.6404761904761904,0,3,0,528650,76960,69235,38721,0.7128830264181704,0.3347222102160251
1430,0.6407142857142858,0,1,0,528651,76959,69235,38721,0.7128737633850828,0.3347251037344398
1431,0.6412301587301587,1,6,1,528657,76953,69236,38720,0.7128181851865575,0.33473671470438215
1432,0.6416666666666666,23,109,23,528766,76844,69259,38697,0.711808514580014,0.3349200716628729
1433,0.6416666666666667,13,87,13,528853,76757,69272,38684,0.7110026307013969,0.3350975823147755
1434,0.6421428571428571,0,2,0,528855,76755,69272,38684,0.7109841046352218,0.3351033879364859
1435,0.6422619047619047,1,2,1,528857,76753,69273,38683,0.7109655785690466,0.33510343393741987
1436,0.6423015873015873,3,2,3,528859,76751,69276,38680,0.7109470525028715,0.33509195969886774
1437,0.6423076923076924,1,2,1,528861,76749,69277,38679,0.7109285264366965,0.33509200540596734
1438,0.6423809523809523,0,1,0,528862,76748,69277,38679,0.7109192634036089,0.33509490847028855
1439,0.6425,0,2,0,528864,76746,69277,38679,0.7109007373374338,0.33510071474983755
1440,0.6428571428571428,0,1,0,528865,76745,69277,38679,0.7108914743043462,0.33510361796506793
1441,0.6428571428571429,1,4,1,528869,76741,69278,38678,0.710854422171996,0.33510947071106145
1442,0.6433333333333333,3,13,3,528882,76728,69281,38675,0.7107340027418578,0.33512993596353646
1443,0.6439285714285715,0,3,0,528885,76725,69281,38675,0.7107062136425951,0.33513864818024264
1444,0.645,0,7,0,528892,76718,69281,38675,0.7106413724109822,0.33515897844756615
1445,0.6450000000000001,1,1,1,528893,76717,69282,38674,0.7106321093778947,0.3351561213612847
1446,0.6452380952380953,1,2,1,528895,76715,69283,38673,0.7106135833117196,0.33515616875238324
1447,0.6455555555555554,1,2,1,528897,76713,69284,38672,0.7105950572455445,0.3351562161459462
1448,0.6457142857142857,0,1,0,528898,76712,69284,38672,0.7105857942124569,0.3351591208486445
1449,0.6458333333333333,0,3,0,528901,76709,69284,38672,0.7105580051131942,0.3351678352588381
1450,0.6461111111111111,0,2,0,528903,76707,69284,38672,0.7105394790470192,0.3351736451173957
1451,0.6464285714285715,0,7,0,528910,76700,69284,38672,0.7104746378154063,0.33519398120861216
1452,0.6466666666666666,1,10,1,528920,76690,69285,38671,0.7103820074845307,0.3352172744688413
1453,0.6466666666666667,5,42,5,528962,76648,69290,38666,0.7099929600948535,0.3353105433858855
1454,0.647142857142857,0,2,0,528964,76646,69290,38666,0.7099744340286783,0.335316359095324
1455,0.6483333333333333,0,8,0,528972,76638,69290,38666,0.7099003297639779,0.33533962395060013
1456,0.6488095238095238,1,0,1,528972,76638,69291,38665,0.7099003297639779,0.3353338594832745
1457,0.6490476190476191,0,5,0,528977,76633,69291,38665,0.7098540145985401,0.3353484015334178
1458,0.6499999999999999,8,20,8,528997,76613,69299,38657,0.7096687539367891,0.3353604580550013
1459,0.65,1063,3515,1063,532512,73098,70362,37594,0.6771091926340361,0.3396270733205652
1460,0.6500000000000001,8,12,8,532524,73086,70370,37586,0.6769980362369854,0.33961616307647824
1461,0.6502380952380952,0,4,0,532528,73082,70370,37586,0.6769609841046352,0.33962843821158784
1462,0.6508333333333333,1,0,1,532528,73082,70371,37585,0.6769609841046352,0.33962247101665355
1463,0.6508333333333334,1,1,1,532529,73081,70372,37584,0.6769517210715477,0.33961957258392445
1464,0.6511111111111111,0,1,0,532530,73080,70372,37584,0.6769424580384601,0.33962264150943394
1465,0.6512820512820514,0,1,0,532531,73079,70372,37584,0.6769331950053725,0.3396257104904078
1466,0.6516666666666666,2,5,2,532536,73074,70374,37582,0.6768868798399348,0.3396291208791209
1467,0.6521428571428571,1,2,1,532538,73072,70375,37581,0.6768683537737596,0.33962929156913957
1468,0.6522222222222223,1,0,1,532538,73072,70376,37580,0.6768683537737596,0.3396233235730037
1469,0.6523809523809523,0,6,0,532544,73066,70376,37580,0.6768127755752343,0.33964174032500044
1470,0.6523809523809524,1,5,1,532549,73061,70377,37579,0.6767664604097966,0.33965112075198844
1471,0.6523809523809525,1,0,1,532549,73061,70378,37578,0.6767664604097966,0.3396451522519184
1472,0.6532828282828282,2,2,2,532551,73059,70380,37576,0.6767479343436215,0.3396393546346093
1473,0.6533333333333333,0,7,0,532558,73052,70380,37576,0.6766830931120086,0.3396608453556062
1474,0.6535714285714286,0,1,0,532559,73051,70380,37576,0.676673830078921,0.3396639156806205
1475,0.654126984126984,2,1,2,532560,73050,70382,37574,0.6766645670458334,0.339655047729245
1476,0.6547619047619048,0,3,0,532563,73047,70382,37574,0.6766367779465708,0.3396642590466548
1477,0.6548809523809525,0,3,0,532566,73044,70382,37574,0.6766089888473081,0.3396734708636931
1478,0.655,7,47,7,532613,72997,70389,37567,0.6761736262921931,0.3397760573061756
1479,0.6555555555555556,0,1,0,532614,72996,70389,37567,0.6761643632591056,0.3397791304505124
1480,0.6555555555555557,1,5,1,532619,72991,70390,37566,0.6761180480936678,0.33978852537605037
1481,0.656060606060606,1,0,1,532619,72991,70391,37565,0.6761180480936678,0.3397825536379753
1482,0.6564285714285714,0,1,0,532620,72990,70391,37565,0.6761087850605803,0.33978562706345256
1483,0.6564285714285715,0,2,0,532622,72988,70391,37565,0.6760902589944051,0.3397917740812099
1484,0.6566666666666666,0,4,0,532626,72984,70391,37565,0.676053206862055,0.3398040687839781
1485,0.6566666666666667,0,7,0,532633,72977,70391,37565,0.6759883656304421,0.33982558665484613
1486,0.6571428571428571,2,9,2,532642,72968,70393,37563,0.675904998332654,0.3398413114872751
1487,0.6571428571428573,0,1,0,532643,72967,70393,37563,0.6758957352995665,0.3398443861395096
1488,0.6575,1,1,1,532644,72966,70394,37562,0.6758864722664789,0.3398414881297047
1489,0.6583333333333333,15,63,15,532707,72903,70409,37547,0.675302901181963,0.3399456767768221
1490,0.6583333333333334,6,19,6,532726,72884,70415,37541,0.6751269035532995,0.33996830427892233
1491,0.6589285714285714,0,1,0,532727,72883,70415,37541,0.675117640520212,0.33997138303267405
1492,0.6591666666666666,0,2,0,532729,72881,70415,37541,0.6750991144540368,0.3399775407074677
1493,0.6595238095238096,0,1,0,532730,72880,70415,37541,0.6750898514209492,0.33998061962851267
1494,0.6598809523809523,0,2,0,532732,72878,70415,37541,0.6750713253547742,0.3399867776379065
1495,0.6599999999999999,32,126,32,532858,72752,70447,37509,0.6739041831857423,0.3401837458394174
1496,0.66,0,8,0,532866,72744,70447,37509,0.6738300789210419,0.34020842970259313
1497,0.6602777777777777,0,2,0,532868,72742,70447,37509,0.6738115528548668,0.34021460122810676
1498,0.6607142857142857,1,2,1,532870,72740,70448,37508,0.6737930267886917,0.34021478847688846
1499,0.6607142857142858,0,1,0,532871,72739,70448,37508,0.6737837637556041,0.340217874409281
1500,0.6611111111111111,0,2,0,532873,72737,70448,37508,0.673765237689429,0.34022404644201554
1501,0.6614285714285714,1,0,1,532873,72737,70449,37507,0.673765237689429,0.34021806175392766
1502,0.6614285714285715,1,1,1,532874,72736,70450,37506,0.6737559746563415,0.3402151630050253
1503,0.6616666666666666,0,1,0,532875,72735,70450,37506,0.673746711623254,0.3402182491087708
1504,0.6616666666666667,0,1,0,532876,72734,70450,37506,0.6737374485901664,0.34022133526850507
1505,0.6625,1,4,1,532880,72730,70451,37505,0.6737003964578161,0.34022769537805597
1506,0.6630952380952382,0,4,0,532884,72726,70451,37505,0.6736633443254659,0.34024004136767333
1507,0.6633333333333333,3,22,3,532906,72704,70454,37502,0.6734595575975397,0.3402900023592182
1508,0.6637029637029638,0,1,0,532907,72703,70454,37502,0.6734502945644522,0.34029309015017467
1509,0.6638095238095238,1,3,1,532910,72700,70455,37501,0.6734225054651896,0.340296367546574
1510,0.6638888888888889,0,1,0,532911,72699,70455,37501,0.673413242432102,0.3402994555353902
1511,0.6641666666666667,2,2,2,532913,72697,70457,37499,0.6733947163659268,0.340293658571999
1512,0.6642857142857144,0,1,0,532914,72696,70457,37499,0.6733854533328393,0.34029674667634646
1513,0.6644230769230769,1,0,1,532914,72696,70458,37498,0.6733854533328393,0.3402907599324827
1514,0.6647619047619047,0,1,0,532915,72695,70458,37498,0.6733761902997517,0.3402938480665741
1515,0.6647619047619048,0,2,0,532917,72693,70458,37498,0.6733576642335767,0.3403000245029086
1516,0.6649999999999999,1,1,1,532918,72692,70459,37497,0.6733484012004891,0.3402971258474076
1517,0.665,0,16,0,532934,72676,70459,37497,0.6732001926710882,0.3403465458869233
1518,0.6657142857142857,1,0,1,532934,72676,70460,37496,0.6732001926710882,0.3403405583995934
1519,0.665873015873016,0,1,0,532935,72675,70460,37496,0.6731909296380006,0.3403436476023636
1520,0.6661111111111111,1,3,1,532938,72672,70461,37495,0.673163140538738,0.34034692784590664
1521,0.6666666666666666,339,1128,339,534066,71544,70800,37156,0.6627144392159768,0.34182152713891445
1522,0.6666666666666667,249,807,249,534873,70737,71049,36907,0.6552391715143207,0.3428616550852811
1523,0.667142857142857,0,1,0,534874,70736,71049,36907,0.6552299084812331,0.3428648402590043
1524,0.6671428571428571,1,3,1,534877,70733,71050,36906,0.6552021193819705,0.3428682912327316
1525,0.6672619047619048,1,3,1,534880,70730,71051,36905,0.6551743302827078,0.3428717424629535
1526,0.6675,0,1,0,534881,70729,71051,36905,0.6551650672496202,0.34287492799672964
1527,0.6678571428571429,3,3,3,534884,70726,71054,36902,0.6551372781503576,0.34286616865499686
1528,0.6680952380952381,1,3,1,534887,70723,71055,36901,0.6551094890510949,0.34286962015907235
1529,0.6683333333333332,1,2,1,534889,70721,71056,36900,0.6550909629849198,0.34286988598879403
1530,0.6683333333333333,2,9,2,534898,70712,71058,36898,0.6550075956871318,0.34288634885233715
1531,0.6688888888888889,2,0,2,534898,70712,71060,36896,0.6550075956871318,0.3428741357519887
1532,0.669047619047619,1,0,1,534898,70712,71061,36895,0.6550075956871318,0.3428680290315686
1533,0.6690476190476191,0,2,0,534900,70710,71061,36895,0.6549890696209567,0.3428744017471307
1534,0.6692307692307693,0,1,0,534901,70709,71061,36895,0.6549798065878691,0.3428775881937474
1535,0.6695238095238095,1,3,1,534904,70706,71062,36894,0.6549520174886064,0.3428810408921933
1536,0.6699999999999999,0,1,0,534905,70705,71062,36894,0.6549427544555189,0.34288422754858316
1537,0.67,3,10,3,534915,70695,71065,36891,0.6548501241246434,0.3428977748034131
1538,0.6704761904761904,0,3,0,534918,70692,71065,36891,0.6548223350253807,0.34290733666099665
1539,0.6707142857142856,2,1,2,534919,70691,71067,36889,0.6548130719922931,0.34289830823573153
1540,0.6708333333333333,0,2,0,534921,70689,71067,36889,0.6547945459261181,0.34290468311364775
1541,0.6713852813852814,5,3,5,534924,70686,71072,36884,0.6547667568268554,0.34288370363484244
1542,0.6714285714285715,5,22,5,534946,70664,71077,36879,0.6545629700989292,0.3429232957979599
1543,0.6716666666666666,1,7,1,534953,70657,71078,36878,0.6544981288673163,0.3429395080671409
1544,0.6719047619047619,1,0,1,534953,70657,71079,36877,0.6544981288673163,0.34293339780906507
1545,0.6723809523809524,0,2,0,534955,70655,71079,36877,0.6544796028011413,0.3429397760666592
1546,0.6725,0,2,0,534957,70653,71079,36877,0.6544610767349661,0.3429461545615177
1547,0.6727272727272727,0,3,0,534960,70650,71079,36877,0.6544332876357034,0.34295572274870495
1548,0.6733333333333332,1,4,1,534964,70646,71080,36876,0.6543962355033532,0.3429623704916203
1549,0.6733333333333333,0,9,0,534973,70637,71080,36876,0.6543128682055652,0.34299108014844715
1550,0.6738095238095239,1,12,1,534985,70625,71081,36875,0.6542017118085146,0.3430232558139535
1551,0.6741666666666667,0,2,0,534987,70623,71081,36875,0.6541831857423395,0.3430296377607025
1552,0.6747619047619049,1,3,1,534990,70620,71082,36874,0.6541553966430768,0.34303309952183375
1553,0.6749999999999999,1,3,1,534993,70617,71083,36873,0.6541276075438142,0.3430365615406084
1554,0.675,233,800,233,535793,69817,71316,36640,0.6467171810737707,0.3441765219760091
1555,0.6752380952380952,0,3,0,535796,69814,71316,36640,0.6466893919745081,0.3441862212786744
1556,0.675595238095238,0,5,0,535801,69809,71316,36640,0.6466430768090704,0.34420238799800845
1557,0.6757142857142856,0,1,0,535802,69808,71316,36640,0.6466338137759828,0.3442056215241244
1558,0.6761904761904762,0,2,0,535804,69806,71316,36640,0.6466152877098077,0.3442120887586194
1559,0.6766666666666665,0,3,0,535807,69803,71316,36640,0.646587498610545,0.34422179006604475
1560,0.6766666666666666,1,21,1,535828,69782,71317,36639,0.6463929749157064,0.344283553058137
1561,0.6773809523809524,1,0,1,535828,69782,71318,36638,0.6463929749157064,0.3442773914677692
1562,0.6775,0,2,0,535830,69780,71318,36638,0.6463744488495313,0.34428386175271103
1563,0.6777777777777777,0,1,0,535831,69779,71318,36638,0.6463651858164438,0.34428709698638377
1564,0.6777777777777778,3,0,3,535831,69779,71321,36635,0.6463651858164438,0.34426861127295283
1565,0.6783333333333333,1,8,1,535839,69771,71322,36634,0.6462910815517433,0.3442883323152108
1566,0.678611111111111,1,1,1,535840,69770,71323,36633,0.6462818185186557,0.3442854054866874
1567,0.6788095238095238,0,1,0,535841,69769,71323,36633,0.6462725554855682,0.34428864119095504
1568,0.679047619047619,1,3,1,535844,69766,71324,36632,0.6462447663863056,0.3442921859433448
1569,0.6791666666666667,1,2,1,535846,69764,71325,36631,0.6462262403201304,0.34429249494807085
1570,0.6794444444444445,1,1,1,535847,69763,71326,36630,0.6462169772870429,0.34428956792270166
1571,0.6797619047619048,0,1,0,535848,69762,71326,36630,0.6462077142539553,0.3442928039702233
1572,0.6799999999999999,103,268,103,536116,69494,71429,36527,0.6437252213864908,0.34452608445496646
1573,0.68,2,7,2,536123,69487,71431,36525,0.6436603801548779,0.34453646756970907
1574,0.6808333333333334,1,1,1,536124,69486,71432,36524,0.6436511171217904,0.34453353457221014
1575,0.6814285714285714,0,1,0,536125,69485,71432,36524,0.6436418540887028,0.3445367846126272
1576,0.6816666666666666,1,6,1,536131,69479,71433,36523,0.6435862758901775,0.34455010282824855
1577,0.6816666666666668,0,2,0,536133,69477,71433,36523,0.6435677498240023,0.3445566037735849
1578,0.6821031746031745,0,2,0,536135,69475,71433,36523,0.6435492237578273,0.3445631049642446
1579,0.6821428571428572,0,2,0,536137,69473,71433,36523,0.6435306976916522,0.34456960640024153
1580,0.6833333333333333,101,370,101,536507,69103,71534,36422,0.6401033754492571,0.34515043828476666
1581,0.6849999999999999,1,14,1,536521,69089,71535,36421,0.6399736929860314,0.3451900293811013
1582,0.685,0,1,0,536522,69088,71535,36421,0.6399644299529438,0.34519330104540846
1583,0.6852380952380953,0,4,0,536526,69084,71535,36421,0.6399273778205936,0.3452063883228283
1584,0.6857142857142857,9,32,9,536558,69052,71544,36412,0.6396309607617918,0.3452552529773193
1585,0.6861904761904762,0,1,0,536559,69051,71544,36412,0.6396216977287043,0.34525852668708457
1586,0.6864285714285713,0,1,0,536560,69050,71544,36412,0.6396124346956167,0.34526180045893307
1587,0.6866666666666666,0,6,0,536566,69044,71544,36412,0.6395568564970914,0.34528144439387043
1588,0.6866666666666668,1,0,1,536566,69044,71545,36411,0.6395568564970914,0.34527523588260395
1589,0.687142857142857,0,4,0,536570,69040,71545,36411,0.6395198043647412,0.34528833296981537
1590,0.6875,4,7,4,536577,69033,71549,36407,0.6394549631331283,0.34528641881638844
1591,0.6876190476190475,0,1,0,536578,69032,71549,36407,0.6394457001000408,0.3452896935668965
1592,0.6877380952380954,0,5,0,536583,69027,71549,36407,0.639399384934603,0.3453060682512283
1593,0.6880952380952381,0,1,0,536584,69026,71549,36407,0.6393901219015155,0.3453093433744653
1594,0.6883333333333332,2,3,2,536587,69023,71551,36405,0.6393623328022527,0.3453067496300793
1595,0.6883333333333334,0,5,0,536592,69018,71551,36405,0.639316017636815,0.34532312683190575
1596,0.6888888888888889,1,2,1,536594,69016,71552,36404,0.6392974915706399,0.34532346803263136
1597,0.6889285714285713,0,2,0,536596,69014,71552,36404,0.6392789655044648,0.3453300195412548
1598,0.6891666666666667,0,1,0,536597,69013,71552,36404,0.6392697024713773,0.34533329538878926
1599,0.69,1,4,1,536601,69009,71553,36403,0.639232650339027,0.34534018897279245
1600,0.6900000000000001,3,24,3,536625,68985,71556,36400,0.6390103375449258,0.34540019926934573
1601,0.6904761904761905,0,1,0,536626,68984,71556,36400,0.6390010745118382,0.3454034768086237
1602,0.6909090909090909,1,3,1,536629,68981,71557,36399,0.6389732854125755,0.3454070981210856
1603,0.6911111111111111,0,4,0,536633,68977,71557,36399,0.6389362332802253,0.34542020953537805
1604,0.6916666666666667,28,117,28,536750,68860,71585,36371,0.6378524584089814,0.34563008999249273
1605,0.6923076923076923,0,1,0,536751,68859,71585,36371,0.6378431953758938,0.3456333745129716
1606,0.6928571428571428,1,0,1,536751,68859,71586,36370,0.6378431953758938,0.34562715601212596
1607,0.6933333333333332,1,16,1,536767,68843,71587,36369,0.6376949868464931,0.3456734973196974
1608,0.6933333333333334,6,12,6,536779,68831,71593,36363,0.6375838304494423,0.3456756088750309
1609,0.694047619047619,0,1,0,536780,68830,71593,36363,0.6375745674163548,0.3456788949835065
1610,0.6945238095238095,0,3,0,536783,68827,71593,36363,0.6375467783170922,0.34568875368381025
1611,0.6947619047619048,0,6,0,536789,68821,71593,36363,0.6374912001185669,0.34570847277152417
1612,0.695,0,3,0,536792,68818,71593,36363,0.6374634110193041,0.3457183331590306
1613,0.6950000000000001,0,7,0,536799,68811,71593,36363,0.6373985697876913,0.34574134291745107
1614,0.6957142857142856,0,3,0,536802,68808,71593,36363,0.6373707806884287,0.3457512051801352
1615,0.6958333333333333,0,2,0,536804,68806,71593,36363,0.6373522546222535,0.3457577803345092
1616,0.6964285714285714,3,3,3,536807,68803,71596,36360,0.6373244655229908,0.34574898015461714
1617,0.6966666666666665,3,11,3,536818,68792,71599,36357,0.6372225721590278,0.34576648375162866
1618,0.6966666666666667,6,24,6,536842,68768,71605,36351,0.6370002593649264,0.34580808417127257
1619,0.696969696969697,2,3,2,536845,68765,71607,36349,0.6369724702656638,0.34580550640257246
1620,0.6971428571428571,0,1,0,536846,68764,71607,36349,0.6369632072325763,0.34580879624784755
1621,0.6971428571428572,1,0,1,536846,68764,71608,36348,0.6369632072325763,0.3458025724941015
1622,0.6972222222222222,1,1,1,536847,68763,71609,36347,0.6369539441994887,0.34579963847397965
1623,0.6975,0,2,0,536849,68761,71609,36347,0.6369354181333136,0.3458062183658713
1624,0.6975396825396825,1,1,1,536850,68760,71610,36346,0.636926155100226,0.3458032843034651
1625,0.6980952380952381,0,1,0,536851,68759,71610,36346,0.6369168920671384,0.34580657437800294
1626,0.6983333333333333,1,0,1,536851,68759,71611,36345,0.6369168920671384,0.34580035012939564
1627,0.6983333333333334,1,4,1,536855,68755,71612,36344,0.6368798399347882,0.34580728646323944
1628,0.6983333333333335,0,1,0,536856,68754,71612,36344,0.6368705769017007,0.34581057679499133
1629,0.6988095238095238,0,1,0,536857,68753,71612,36344,0.6368613138686131,0.3458138671893584
1630,0.6989236906883965,0,4,0,536861,68749,71612,36344,0.6368242617362629,0.3458270293930138
1631,0.6990476190476189,1,0,1,536861,68749,71613,36343,0.6368242617362629,0.34582080462832565
1632,0.699047619047619,0,2,0,536863,68747,71613,36343,0.6368057356700878,0.3458273860500523
1633,0.6990476190476191,0,1,0,536864,68746,71613,36343,0.6367964726370002,0.34583067685485636
1634,0.7,10082,24819,10082,561683,43927,81695,26261,0.4068972544369929,0.3741522767424631
1635,0.7000000000000001,6,19,6,561702,43908,81701,26255,0.4067212568083293,0.3742000769636418
1636,0.7001515151515152,0,1,0,561703,43907,81701,26255,0.40671199377524175,0.37420541033607935
1637,0.7007142857142857,0,1,0,561704,43906,81701,26255,0.4067027307421542,0.3742107438605493
1638,0.7014285714285714,0,2,0,561706,43904,81701,26255,0.4066842046759791,0.3742214113656124
1639,0.7016666666666665,0,1,0,561707,43903,81701,26255,0.40667494164289153,0.3742267453462185
1640,0.7016666666666667,1,9,1,561716,43894,81702,26254,0.40659157434510357,0.37426583794263557
1641,0.7019047619047619,0,6,0,561722,43888,81702,26254,0.40653599614657826,0.3742978529269197
1642,0.7022222222222221,0,2,0,561724,43886,81702,26254,0.4065174700804031,0.3743085258055318
1643,0.7023809523809523,1,1,1,561725,43885,81703,26253,0.40650820704731555,0.37430494168638967
1644,0.7023809523809524,0,2,0,561727,43883,81703,26253,0.40648968098114047,0.37431561537584124
1645,0.7028571428571428,0,1,0,561728,43882,81703,26253,0.4064804179480529,0.37432095244884867
1646,0.7033333333333334,1,3,1,561731,43879,81704,26252,0.40645262884879024,0.37432804323337754
1647,0.7038888888888889,1,4,1,561735,43875,81705,26251,0.40641557671644,0.3743404728631321
1648,0.7041666666666666,0,2,0,561737,43873,81705,26251,0.40639705065026493,0.3743511493925047
1649,0.7041666666666667,1,3,1,561740,43870,81706,26250,0.4063692615510023,0.37435824301197945
1650,0.7047619047619047,2,1,2,561741,43869,81708,26248,0.4063599985179147,0.3743457364119971
1651,0.705,7,15,7,561756,43854,81715,26241,0.4062210530216014,0.37436336400599185
1652,0.7050000000000001,0,4,0,561760,43850,81715,26241,0.40618400088925116,0.37438472842447673
1653,0.7057142857142857,0,1,0,561761,43849,81715,26241,0.40617473785616365,0.3743900699101156
1654,0.7064285714285714,0,1,0,561762,43848,81715,26241,0.4061654748230761,0.37439541154817446
1655,0.7066666666666667,1,20,1,561782,43828,81716,26240,0.40598021416132496,0.37449334931780554
1656,0.7066666666666668,4,7,4,561789,43821,81720,26236,0.4059153729297121,0.3744950540274348
1657,0.7069264069264068,0,3,0,561792,43818,81720,26236,0.4058875838304494,0.3745110914437434
1658,0.7071428571428571,2,6,2,561798,43812,81722,26234,0.4058320056319241,0.3745253119378694
1659,0.7073809523809524,0,2,0,561800,43810,81722,26234,0.40581347956574904,0.374536005939124
1660,0.7074999999999999,3,3,3,561803,43807,81725,26231,0.4057856904664863,0.3745252577172392
1661,0.7075,0,5,0,561808,43802,81725,26231,0.4057393753010486,0.3745519969157397
1662,0.7078571428571429,0,2,0,561810,43800,81725,26231,0.40572084923487345,0.3745626936642344
1663,0.7080952380952381,0,1,0,561811,43799,81725,26231,0.40571158620178593,0.3745680422675996
1664,0.7082142857142857,0,1,0,561812,43798,81725,26231,0.40570232316869836,0.3745733910237187
1665,0.7083333333333333,13,54,13,561866,43744,81738,26218,0.4052021193819704,0.37474629084360084
1666,0.7083333333333334,9,15,9,561881,43729,81747,26209,0.4050631738856571,0.3747462037804913
1667,0.7084126984126985,0,1,0,561882,43728,81747,26209,0.4050539108525696,0.3747515621201939
1668,0.7088095238095238,0,1,0,561883,43727,81747,26209,0.405044647819482,0.374756920613132
1669,0.7091666666666667,0,3,0,561886,43724,81747,26209,0.40501685872021936,0.37477299701142525
1670,0.7095238095238094,0,1,0,561887,43723,81747,26209,0.4050075956871318,0.37477835611737115
1671,0.71,11,31,11,561918,43692,81758,26198,0.40472044166141763,0.3748461868650737
1672,0.7100000000000001,0,1,0,561919,43691,81758,26198,0.40471117862833006,0.37485155031550027
1673,0.7107142857142856,0,13,0,561932,43678,81758,26198,0.4045907591981919,0.3749212891407636
1674,0.7107142857142857,1,1,1,561933,43677,81759,26197,0.4045814961651043,0.3749177090190915
1675,0.7113095238095238,0,1,0,561934,43676,81759,26197,0.40457223313201673,0.37492307472128006
1676,0.7114285714285715,1,0,1,561934,43676,81760,26196,0.40457223313201673,0.3749141286924662
1677,0.7119047619047618,1,5,1,561939,43671,81761,26195,0.404525917966579,0.37493201271004495
1678,0.7119047619047619,0,1,0,561940,43670,81761,26195,0.4045166549334914,0.37493737923137477
1679,0.7123809523809524,0,1,0,561941,43669,81761,26195,0.40450739190040386,0.3749427459063323
1680,0.7125,0,2,0,561943,43667,81761,26195,0.4044888658342288,0.3749534797171567
1681,0.7130952380952381,0,1,0,561944,43666,81761,26195,0.4044796028011412,0.37495884685303676
1682,0.7133333333333333,7,25,7,561969,43641,81768,26188,0.40424802697395235,0.37503043148262183
1683,0.7133333333333334,4,11,4,561980,43630,81772,26184,0.40414613360998924,0.3750537141547541
1684,0.7135714285714285,1,3,1,561983,43627,81773,26183,0.4041183445107266,0.37506087953015327
1685,0.7138888888888888,1,4,1,561987,43623,81774,26182,0.40408129237837637,0.37507341880954087
1686,0.7138888888888889,1,0,1,561987,43623,81775,26181,0.40408129237837637,0.37506446621970085
1687,0.7144444444444444,0,1,0,561988,43622,81775,26181,0.4040720293452888,0.3750698394051832
1688,0.7146031746031746,1,1,1,561989,43621,81776,26180,0.4040627663122013,0.37506625979570496
1689,0.7147619047619047,0,3,0,561992,43618,81776,26180,0.40403497721293863,0.37508238058397086
1690,0.715,0,1,0,561993,43617,81776,26180,0.40402571417985106,0.37508775448801523
1691,0.7150000000000001,2,8,2,562001,43609,81778,26178,0.4039516099151506,0.375112843366243
1692,0.7154761904761904,0,1,0,562002,43608,81778,26178,0.40394234688206304,0.3751182185538647
1693,0.7166666666666666,67,293,67,562295,43315,81845,26111,0.4012282781874097,0.3760982917062772
1694,0.7166666666666667,84,302,84,562597,43013,81929,26027,0.3984308421949683,0.3769843568945539
1695,0.7166666666666668,0,2,0,562599,43011,81929,26027,0.3984123161287932,0.37699527796286103
1696,0.7168253968253968,0,1,0,562600,43010,81929,26027,0.3984030530957057,0.3770007387343019
1697,0.7171428571428571,1,2,1,562602,43008,81930,26026,0.39838452702953053,0.3770026363820726
1698,0.7171428571428572,0,2,0,562604,43006,81930,26026,0.39836600096335545,0.37701355892919225
1699,0.7175,0,4,0,562608,43002,81930,26026,0.3983289488310052,0.37703540592223445
1700,0.7178571428571429,0,1,0,562609,43001,81930,26026,0.39831968579791766,0.37704086806611903
1701,0.7182539682539683,0,1,0,562610,43000,81930,26026,0.39831042276483014,0.377046330368267
1702,0.7183333333333333,1,2,1,562612,42998,81931,26025,0.398291896698655,0.3770482303000449
1703,0.7183333333333334,1,2,1,562614,42996,81932,26024,0.3982733706324799,0.37705013039698637
1704,0.7185714285714285,1,0,1,562614,42996,81933,26023,0.3982733706324799,0.3770411046233646
1705,0.7187301587301587,1,9,1,562623,42987,81934,26022,0.3981900033346919,0.3770812502717037
1706,0.7190476190476189,0,1,0,562624,42986,81934,26022,0.39818074030160433,0.3770867145838164
1707,0.72,2,15,2,562639,42971,81936,26020,0.39804179480529106,0.3771506428374716
1708,0.7208333333333333,1,2,1,562641,42969,81937,26019,0.3980232687391159,0.3771525482692642
1709,0.7208333333333334,0,1,0,562642,42968,81937,26019,0.3980140057060284,0.37715801527824083
1710,0.7211111111111111,0,1,0,562643,42967,81937,26019,0.39800474267294084,0.3771634824457136
1711,0.7214285714285714,0,7,0,562650,42960,81937,26019,0.39793990144132796,0.37720175705649545
1712,0.7216666666666666,1,4,1,562654,42956,81938,26018,0.39790284930897774,0.37721460260387973
1713,0.7216666666666667,5,11,5,562665,42945,81943,26013,0.39780095594501463,0.3772296180283651
1714,0.7223809523809523,1,2,1,562667,42943,81944,26012,0.39778242987883955,0.37723152780799074
1715,0.7224999999999999,3,0,3,562667,42943,81947,26009,0.39778242987883955,0.3772044320686855
1716,0.7226587301587301,0,3,0,562670,42940,81947,26009,0.39775464077957684,0.3772208443922319
1717,0.7228571428571429,0,1,0,562671,42939,81947,26009,0.3977453777464893,0.377226315484133
1718,0.7233333333333333,0,3,0,562674,42936,81947,26009,0.39771758864722667,0.37724272971208933
1719,0.7233333333333334,3,5,3,562679,42931,81950,26006,0.3976712734817889,0.37724298997635525
1720,0.7238095238095238,0,1,0,562680,42930,81950,26006,0.3976620104487013,0.3772484623418823
1721,0.7241666666666667,0,1,0,562681,42929,81950,26006,0.3976527474156138,0.3772539348661783
1722,0.7243328893328894,2,0,2,562681,42929,81952,26004,0.3976527474156138,0.37723586671115433
1723,0.7249999999999999,0,7,0,562688,42922,81952,26004,0.3975879061840009,0.3772741781040536
1724,0.725,63,264,63,562952,42658,82015,25941,0.3951424654488866,0.37815420049854953
1725,0.7250000000000001,0,2,0,562954,42656,82015,25941,0.39512393938271145,0.3781652258845139
1726,0.7252380952380952,0,3,0,562957,42653,82015,25941,0.3950961502834488,0.37818176516896523
1727,0.7257142857142856,0,1,0,562958,42652,82015,25941,0.3950868872503613,0.3781872785852784
1728,0.7261904761904762,0,1,0,562959,42651,82015,25941,0.3950776242172737,0.3781927921623513
1729,0.7264285714285714,1,2,1,562961,42649,82016,25940,0.3950590981510986,0.37819475426088733
1730,0.7266666666666666,2,0,2,562961,42649,82018,25938,0.3950590981510986,0.3781766223919985
1731,0.7266666666666667,4,22,4,562983,42627,82022,25934,0.39485531142317243,0.3782616939659573
1732,0.7268253968253968,1,3,1,562986,42624,82023,25933,0.3948275223239097,0.3782691774727599
1733,0.7268939393939394,0,4,0,562990,42620,82023,25933,0.39479047019155955,0.3782912491065307
1734,0.7273809523809524,1,3,1,562993,42617,82024,25932,0.39476268109229684,0.3782987352113087
1735,0.7277777777777777,1,1,1,562994,42616,82025,25931,0.3947534180592093,0.37829518432608283
1736,0.7280952380952381,0,2,0,562996,42614,82025,25931,0.3947348919930342,0.3783062221898023
1737,0.7282539682539683,0,1,0,562997,42613,82025,25931,0.3947256289599466,0.37831174136321194
1738,0.7283333333333333,1,3,1,563000,42610,82026,25930,0.39469783986068396,0.3783192296469215
1739,0.7285714285714285,1,1,1,563001,42609,82027,25929,0.39468857682759645,0.37831567889346057
1740,0.7286111111111111,1,1,1,563002,42608,82028,25928,0.3946793137945089,0.37831212793276525
1741,0.7288095238095238,0,1,0,563003,42607,82028,25928,0.3946700507614213,0.37831764791712263
1742,0.7291666666666667,1,0,1,563003,42607,82029,25927,0.3946700507614213,0.37830857676481744
1743,0.7297619047619047,1,0,1,563003,42607,82030,25926,0.3946700507614213,0.37829950534778867
1744,0.7297619047619048,1,1,1,563004,42606,82031,25925,0.39466078772833374,0.3782959536560097
1745,0.7299999999999999,1,1,1,563005,42605,82032,25924,0.3946515246952462,0.3782924017569204
1746,0.73,19,72,19,563077,42533,82051,25905,0.3939845863129423,0.3785177825184839
1747,0.7300000000000001,0,4,0,563081,42529,82051,25905,0.3939475341805921,0.37853990706374024
1748,0.7301587301587301,0,1,0,563082,42528,82051,25905,0.3939382711475045,0.3785454386041822
1749,0.7307142857142858,1,0,1,563082,42528,82052,25904,0.3939382711475045,0.37853635725976154
1750,0.7314285714285714,0,2,0,563084,42526,82052,25904,0.39391974508132943,0.3785474207219056
1751,0.7316666666666666,0,2,0,563086,42524,82052,25904,0.39390121901515435,0.37855848483077104
1752,0.7316666666666667,0,7,0,563093,42517,82052,25904,0.39383637778354147,0.3785972143055495
1753,0.7321428571428571,0,1,0,563094,42516,82052,25904,0.3938271147504539,0.3786027477345805
1754,0.7323809523809524,2,0,2,563094,42516,82054,25902,0.3938271147504539,0.3785845830044725
1755,0.7323809523809525,1,1,1,563095,42515,82055,25901,0.39381785171736633,0.378581033676333
1756,0.7333333333333332,2,1,2,563096,42514,82057,25899,0.39380858868427876,0.37856840074254894
1757,0.7333333333333333,148,382,148,563478,42132,82205,25751,0.3902701100448331,0.3793438710722861
1758,0.7333333333333334,42,125,42,563603,42007,82247,25709,0.3891122309088888,0.37965916474688405
1759,0.7342424242424243,1,0,1,563603,42007,82248,25708,0.3891122309088888,0.3796500036919442
1760,0.7347619047619047,2,4,2,563607,42003,82250,25706,0.3890751787765386,0.37965410802109023
1761,0.7349999999999999,0,3,0,563610,42000,82250,25706,0.3890473896772759,0.3796709301982099
1762,0.735,4,14,4,563624,41986,82254,25702,0.38891770721405017,0.37971279990544854
1763,0.7350000000000001,1,1,1,563625,41985,82255,25701,0.3889084441809626,0.3797092456342523
1764,0.7352777777777778,1,3,1,563628,41982,82256,25700,0.38888065508169994,0.3797169114387873
1765,0.7357142857142857,1,1,1,563629,41981,82257,25699,0.3888713920486124,0.3797133569739953
1766,0.7357142857142858,1,2,1,563631,41979,82258,25698,0.3888528659824373,0.37971541291723926
1767,0.7358333333333333,1,3,1,563634,41976,82259,25697,0.38882507688317464,0.3797230801058029
1768,0.7366666666666666,0,2,0,563636,41974,82259,25697,0.3888065508169995,0.37973430272938186
1769,0.7366666666666667,1,1,1,563637,41973,82260,25696,0.388797287783912,0.37973074820080094
1770,0.7374999999999999,0,1,0,563638,41972,82260,25696,0.3887880247508244,0.3797363598746823
1771,0.7375,1,0,1,563638,41972,82261,25695,0.3887880247508244,0.37972719346210115
1772,0.738095238095238,0,1,0,563639,41971,82261,25695,0.38877876171773684,0.3797328052493128
1773,0.7380952380952381,1,6,1,563645,41965,82262,25694,0.38872318351921153,0.3797573124048538
1774,0.7383333333333333,0,4,0,563649,41961,82262,25694,0.3886861313868613,0.37977976498411053
1775,0.7383333333333334,0,6,0,563655,41955,82262,25694,0.388630553188336,0.37981344883146834
1776,0.7390476190476191,0,3,0,563658,41952,82262,25694,0.38860276408907335,0.3798302929958904
1777,0.74,14,28,14,563686,41924,82276,25680,0.3883433991626218,0.37985917993018165
1778,0.7400000000000001,0,2,0,563688,41922,82276,25680,0.3883248730964467,0.3798704180349694
1779,0.7402777777777778,0,3,0,563691,41919,82276,25680,0.38829708399718404,0.37988727643900055
1780,0.7404761904761904,0,2,0,563693,41917,82276,25680,0.3882785579310089,0.3798985162063405
1781,0.740909090909091,0,1,0,563694,41916,82276,25680,0.3882692948979214,0.3799041363394284
1782,0.7414285714285714,1,0,1,563694,41916,82277,25679,0.3882692948979214,0.3798949626451661
1783,0.7416666666666666,22,73,22,563767,41843,82299,25657,0.3875930934825299,0.3801037037037037
1784,0.7416666666666667,26,74,26,563841,41769,82325,25631,0.3869076290340509,0.38028189910979227
1785,0.7423809523809523,0,1,0,563842,41768,82325,25631,0.38689836600096333,0.3802875413581804
1786,0.7424999999999999,1,0,1,563842,41768,82326,25630,0.38689836600096333,0.380278346538473
1787,0.7428571428571429,0,3,0,563845,41765,82326,25630,0.3868705769017007,0.38029527413012837
1788,0.7430952380952381,2,4,2,563849,41761,82328,25628,0.38683352476935046,0.38029945540073307
1789,0.7431349206349206,0,2,0,563851,41759,82328,25628,0.3868149987031754,0.3803107424280648
1790,0.7433333333333333,0,5,0,563856,41754,82328,25628,0.3867686835377376,0.38033896292778485
1791,0.7433333333333334,3,8,3,563864,41746,82331,25625,0.3866945792730372,0.3803565332264624
1792,0.7439285714285714,0,3,0,563867,41743,82331,25625,0.3866667901737745,0.3803734710841943
1793,0.744047619047619,1,3,1,563870,41740,82332,25624,0.3866390010745118,0.3803812125170714
1794,0.7440476190476191,0,2,0,563872,41738,82332,25624,0.38662047500833674,0.38039250616074344
1795,0.7441666666666666,0,1,0,563873,41737,82332,25624,0.38661121197524917,0.38039815323406717
1796,0.745,2,1,2,563874,41736,82334,25622,0.3866019489421616,0.3803854033670833
1797,0.7452380952380951,0,1,0,563875,41735,82334,25622,0.3865926859090741,0.38039105067030893
1798,0.7458333333333333,0,3,0,563878,41732,82334,25622,0.38656489680981143,0.38040799358612704
1799,0.7464285714285714,2,2,2,563880,41730,82336,25620,0.3865463707436363,0.3804008908685969
1800,0.7466666666666666,0,6,0,563886,41724,82336,25620,0.386490792545111,0.3804347826086957
1801,0.7466666666666667,12,28,12,563914,41696,82348,25608,0.3862314276186595,0.3804825864733151
1802,0.7466666666666668,2,0,2,563914,41696,82350,25606,0.3862314276186595,0.38046417639891833
1803,0.7470238095238095,0,5,0,563919,41691,82350,25606,0.3861851124532217,0.38049244394252346
1804,0.7471428571428571,0,3,0,563922,41688,82350,25606,0.386157323353959,0.3805094064849764
1805,0.7480952380952381,3,2,3,563924,41686,82353,25603,0.3861387972877839,0.3804930969400645
1806,0.7483333333333333,2,8,2,563932,41678,82355,25601,0.3860646930230835,0.38051992449352695
1807,0.7483516483516484,1,0,1,563932,41678,82356,25600,0.3860646930230835,0.38051071672760783
1808,0.7487942612942613,0,4,0,563936,41674,82356,25600,0.38602764089073327,0.38053334126111127
1809,0.7488095238095237,1,5,1,563941,41669,82357,25599,0.3859813257252955,0.3805524171968841
1810,0.7490476190476191,1,0,1,563941,41669,82358,25598,0.3859813257252955,0.38054320840828343
1811,0.7499999999999999,6,24,6,563965,41645,82364,25592,0.3857590129311942,0.3806237637015334
1812,0.75,901,2235,901,566200,39410,83265,24691,0.36505613398051057,0.38518899861156614
1813,0.7500000000000001,3,14,3,566214,39396,83268,24688,0.3649264515172848,0.3852443667686162
1814,0.7503174603174604,1,1,1,566215,39395,83269,24687,0.36491718848419724,0.38524078524390626
1815,0.7504761904761905,0,2,0,566217,39393,83269,24687,0.36489866241802216,0.385252808988764
1816,0.7514285714285714,0,1,0,566218,39392,83269,24687,0.3648893993849346,0.38525882114265203
1817,0.7516666666666667,3,4,3,566222,39388,83272,24684,0.36485234725258436,0.3852540891497066
1818,0.7523809523809523,1,6,1,566228,39382,83273,24683,0.36479676905405906,0.3852805744166081
1819,0.7523809523809525,1,1,1,566229,39381,83274,24682,0.3647875060209715,0.38527699296005496
1820,0.7533333333333333,1,4,1,566233,39377,83275,24681,0.3647504538886213,0.3852914546192513
1821,0.7541666666666667,0,1,0,566234,39376,83275,24681,0.36474119085553375,0.38529746944127885
1822,0.7544444444444445,1,2,1,566236,39374,83276,24680,0.3647226647893586,0.38529990320666935
1823,0.7545238095238095,1,2,1,566238,39372,83277,24679,0.3647041387231835,0.3853023372000437
1824,0.7547619047619047,0,4,0,566242,39368,83277,24679,0.3646670865908333,0.3853264009243212
1825,0.7547619047619049,1,0,1,566242,39368,83278,24678,0.3646670865908333,0.3853168035474503
1826,0.755,13,33,13,566275,39335,83291,24665,0.364361406498944,0.385390625
1827,0.7551984126984127,0,2,0,566277,39333,83291,24665,0.3643428804327689,0.385402668833401
1828,0.7554761904761905,0,5,0,566282,39328,83291,24665,0.3642965652673311,0.3854327817104996
1829,0.7555555555555555,2,3,2,566285,39325,83293,24663,0.36426877616806846,0.38543164343314373
1830,0.7555952380952381,0,1,0,566286,39324,83293,24663,0.3642595131349809,0.3854376670261147
1831,0.7564285714285715,0,1,0,566287,39323,83293,24663,0.3642502501018934,0.3854436908073641
1832,0.7566666666666666,3,15,3,566302,39308,83296,24660,0.36411130460558006,0.38550525262631313
1833,0.7566666666666667,0,3,0,566305,39305,83296,24660,0.3640835155063174,0.3855233330727742
1834,0.7568181818181817,0,1,0,566306,39304,83296,24660,0.36407425247322983,0.38552936026514917
1835,0.7571428571428571,1,7,1,566313,39297,83297,24659,0.36400941124161695,0.38556194883982736
1836,0.7575757575757576,0,1,0,566314,39296,83297,24659,0.3640001482085294,0.38556797748416854
1837,0.7578571428571429,0,3,0,566317,39293,83297,24659,0.36397235910926673,0.3855860645484113
1838,0.7578754578754578,0,5,0,566322,39288,83297,24659,0.363926043943829,0.385616213426744
1839,0.7583333333333333,11,26,11,566348,39262,83308,24648,0.36368520508355257,0.3856673447034893
1840,0.7583333333333334,8,11,8,566359,39251,83316,24640,0.36358331171958946,0.3856568217745848
1841,0.7585714285714286,0,1,0,566360,39250,83316,24640,0.3635740486865019,0.38566285803725153
1842,0.7587626262626264,4,0,4,566360,39250,83320,24636,0.3635740486865019,0.3856243934508343
1843,0.7591666666666667,1,1,1,566361,39249,83321,24635,0.3635647856534144,0.38562081272306054
1844,0.7595238095238095,0,1,0,566362,39248,83321,24635,0.3635555226203268,0.3856268490834807
1845,0.7597619047619047,0,1,0,566363,39247,83321,24635,0.36354625958723924,0.3856328856328856
1846,0.76,32,81,32,566444,39166,83353,24603,0.36279595390714736,0.3858144239363954
1847,0.7602380952380953,1,0,1,566444,39166,83354,24602,0.36279595390714736,0.38580479237234977
1848,0.7607142857142857,0,1,0,566445,39165,83354,24602,0.3627866908740598,0.3858108425988364
1849,0.7607142857142858,0,1,0,566446,39164,83354,24602,0.3627774278409722,0.3858168930150864
1850,0.761333503098209,3,4,3,566450,39160,83357,24599,0.36274037570862205,0.3858121990620932
1851,0.7613863260922084,2,1,2,566451,39159,83359,24597,0.3627311126755345,0.3857989836250706
1852,0.761547619047619,0,2,0,566453,39157,83359,24597,0.36271258660935934,0.3858110863632086
1853,0.7616666666666666,0,1,0,566454,39156,83359,24597,0.36270332357627183,0.3858171380170345
1854,0.7621031746031746,0,2,0,566456,39154,83359,24597,0.3626847975100967,0.3858292418942448
1855,0.7625,1,1,1,566457,39153,83360,24596,0.3626755344770092,0.3858256600103531
1856,0.763095238095238,0,1,0,566458,39152,83360,24596,0.3626662714439216,0.38583171236744684
1857,0.7633333333333333,3,17,3,566475,39135,83363,24593,0.3625087998814332,0.3859057243283957
1858,0.7633333333333334,1,12,1,566487,39123,83364,24592,0.3623976434843825,0.38596876716628736
1859,0.7634126984126984,0,1,0,566488,39122,83364,24592,0.36238838045129496,0.38597482499921526
1860,0.7649999999999999,1,8,1,566496,39114,83365,24591,0.36231427618659456,0.38601365669884624
1861,0.765,1,9,1,566505,39105,83366,24590,0.36223090888880655,0.3860585603265562
1862,0.7650000000000001,2,1,2,566506,39104,83368,24588,0.362221645855719,0.3860453432142184
1863,0.7654761904761905,0,4,0,566510,39100,83368,24588,0.36218459372336875,0.38606958924758195
1864,0.7657142857142857,1,1,1,566511,39099,83369,24587,0.36217533069028124,0.3860660113682756
1865,0.7657142857142858,0,1,0,566512,39098,83369,24587,0.36216606765719367,0.3860720734866923
1866,0.766547619047619,0,1,0,566513,39097,83369,24587,0.3621568046241061,0.3860781357954902
1867,0.7666666666666666,243,662,243,567175,38435,83612,24344,0.35602467672014526,0.3877729814109814
1868,0.7666666666666667,231,674,231,567849,37761,83843,24113,0.3497813924191337,0.38971134887028475
1869,0.7666666666666668,2,2,2,567851,37759,83845,24111,0.3497628663529586,0.3897042185227089
1870,0.768095238095238,0,1,0,567852,37758,83845,24111,0.34975360331987104,0.3897105173835039
1871,0.7680952380952382,1,4,1,567856,37754,83846,24110,0.3497165511875208,0.38972585025216605
1872,0.7682051282051282,2,1,2,567857,37753,83848,24108,0.3497072881544333,0.38971241977982896
1873,0.7683333333333333,3,20,3,567877,37733,83851,24105,0.3495220274926822,0.38980885539635823
1874,0.7688888888888888,0,1,0,567878,37732,83851,24105,0.34951276445959467,0.3898151592088879
1875,0.769047619047619,0,2,0,567880,37730,83851,24105,0.34949423839341953,0.3898277674456214
1876,0.7698809523809523,0,2,0,567882,37728,83851,24105,0.34947571232724445,0.38984037649798653
1877,0.77,1,4,1,567886,37724,83852,24104,0.3494386601948942,0.38985572879601477
1878,0.7700000000000001,0,1,0,567887,37723,83852,24104,0.34942939716180665,0.38986203438627137
1879,0.7706998556998557,0,2,0,567889,37721,83852,24104,0.34941087109563157,0.3898746461787303
1880,0.7708333333333334,0,2,0,567891,37719,83852,24104,0.34939234502945643,0.3898872587871828
1881,0.7714285714285715,5,8,5,567899,37711,83857,24099,0.34931824076475604,0.3898883675780618
1882,0.7716666666666666,1,3,1,567902,37708,83858,24098,0.34929045166549333,0.3898974209623661
1883,0.7716666666666667,3,10,3,567912,37698,83861,24095,0.3491978213346178,0.3899308983218164
1884,0.7722222222222223,0,2,0,567914,37696,83861,24095,0.3491792952684427,0.38994351928274346
1885,0.7730952380952381,1,0,1,567914,37696,83862,24094,0.3491792952684427,0.38993364622107135
1886,0.7733333333333332,0,1,0,567915,37695,83862,24094,0.34917003223535514,0.38993995695026623
1887,0.7733333333333333,1,4,1,567919,37691,83863,24093,0.3491329801030049,0.38995532824032114
1888,0.7738888888888888,0,1,0,567920,37690,83863,24093,0.34912371706991735,0.389961639933315
1889,0.7741666666666667,1,2,1,567922,37688,83864,24092,0.34910519100374227,0.38996438977015213
1890,0.7742424242424242,0,1,0,567923,37687,83864,24092,0.3490959279706547,0.38997070201848527
1891,0.7746428571428571,2,1,2,567924,37686,83866,24090,0.3490866649375672,0.38995726495726496
1892,0.7749999999999999,1,2,1,567926,37684,83867,24089,0.34906813887139204,0.38996001489323817
1893,0.775,185,535,185,568461,37149,84052,23904,0.3441124161695506,0.3915286718097391
1894,0.7750000000000001,1,3,1,568464,37146,84053,23903,0.3440846270702879,0.39153794492948285
1895,0.7750757575757576,0,1,0,568465,37145,84053,23903,0.34407536403720035,0.3915443585375442
1896,0.7754761904761904,0,1,0,568466,37144,84053,23903,0.3440661010041128,0.39155077235572594
1897,0.7761111111111111,0,4,0,568470,37140,84053,23903,0.34402904887176255,0.39157642972986256
1898,0.7766666666666666,8,16,8,568486,37124,84061,23895,0.3438808403423617,0.39159933791114243
1899,0.777564935064935,1,0,1,568486,37124,84062,23894,0.3438808403423617,0.39158936707201153
1900,0.7777777777777777,0,2,0,568488,37122,84062,23894,0.3438623142761866,0.3916022027009309
1901,0.7777777777777778,0,3,0,568491,37119,84062,23894,0.3438345251769239,0.3916214577221248
1902,0.7783333333333333,0,1,0,568492,37118,84062,23894,0.34382526214383635,0.39162787648331476
1903,0.7788095238095238,1,1,1,568493,37117,84063,23893,0.34381599911074884,0.39162432388133095
1904,0.778888888888889,0,1,0,568494,37116,84063,23893,0.34380673607766127,0.3916307430051304
1905,0.7791666666666667,0,1,0,568495,37115,84063,23893,0.3437974730445737,0.39163716233936535
1906,0.7797619047619049,1,1,1,568496,37114,84064,23892,0.3437882100114862,0.39163360980887124
1907,0.78,73,207,73,568703,36907,84137,23819,0.34187076216236245,0.39223726245759644
1908,0.7811111111111111,2,0,2,568703,36907,84139,23817,0.34187076216236245,0.39221724524076146
1909,0.7814285714285714,0,3,0,568706,36904,84139,23817,0.3418429730630998,0.3922366232440177
1910,0.7816666666666666,1,5,1,568711,36899,84140,23816,0.341796657897662,0.3922589146010047
1911,0.7816666666666667,0,1,0,568712,36898,84140,23816,0.34178739486457443,0.3922653753664723
1912,0.7818253968253968,0,2,0,568714,36896,84140,23816,0.34176886879839935,0.39227829753590726
1913,0.7820093795093795,1,4,1,568718,36892,84141,23815,0.3417318166660491,0.39229413411962377
1914,0.7821428571428571,0,2,0,568720,36890,84141,23815,0.34171329059987404,0.3923070587266288
1915,0.7823809523809524,3,0,3,568720,36890,84144,23812,0.34171329059987404,0.3922770254686831
1916,0.7826839826839826,1,0,1,568720,36890,84145,23811,0.34171329059987404,0.39226701372300293
1917,0.7833333333333332,0,1,0,568721,36889,84145,23811,0.3417040275667865,0.39227347611202634
1918,0.7833333333333333,47,178,47,568899,36711,84192,23764,0.3400552076772018,0.3929557668458041
1919,0.7833333333333334,29,67,29,568966,36644,84221,23735,0.3394345844603357,0.39310025008695076
1920,0.7841666666666666,2,0,2,568966,36644,84223,23733,0.3394345844603357,0.3930801464133693
1921,0.7845238095238095,1,4,1,568970,36640,84224,23732,0.3393975323279855,0.3930961372821838
1922,0.7847619047619048,1,3,1,568973,36637,84225,23731,0.3393697432287228,0.393105618870925
1923,0.7849999999999999,3,5,3,568978,36632,84228,23728,0.339323428063285,0.39310801855533467
1924,0.785,0,1,0,568979,36631,84228,23728,0.3393141650301975,0.39311453138719993
1925,0.7857142857142857,5,10,5,568989,36621,84233,23723,0.3392215346993219,0.39312939148879755
1926,0.7857142857142858,3,14,3,569003,36607,84236,23720,0.33909185223609617,0.39319044540587134
1927,0.7866666666666666,1,0,1,569003,36607,84237,23719,0.33909185223609617,0.393180386566323
1928,0.7866666666666667,0,1,0,569004,36606,84237,23719,0.33908258920300866,0.39318690426854536
1929,0.786904761904762,0,1,0,569005,36605,84237,23719,0.3390733261699211,0.39319342218685766
1930,0.7875,0,6,0,569011,36599,84237,23719,0.3390177479713958,0.39323253423522
1931,0.7880952380952381,1,1,1,569012,36598,84238,23718,0.3390084849383082,0.39322899396511707
1932,0.7880952380952382,0,4,0,569016,36594,84238,23718,0.338971432805958,0.3932550736171906
1933,0.7883333333333333,3,7,3,569023,36587,84241,23715,0.3389065915743451,0.39327053829060393
1934,0.7887985625485625,2,5,2,569028,36582,84243,23713,0.3388602764089073,0.39328302512646157
1935,0.7895238095238095,0,2,0,569030,36580,84243,23713,0.33884175034273223,0.3932960708539963
1936,0.7897619047619048,0,1,0,569031,36579,84243,23713,0.33883248730964466,0.3933025940423273
1937,0.7899999999999999,0,3,0,569034,36576,84243,23713,0.338804698210382,0.3933221649057042
1938,0.79,3,9,3,569043,36567,84246,23710,0.33872133091259404,0.3933506976126881
1939,0.7907142857142857,1,3,1,569046,36564,84247,23709,0.33869354181333133,0.39336021103976904
1940,0.7909090909090909,3,0,3,569046,36564,84250,23706,0.33869354181333133,0.3933300149328024
1941,0.7911111111111111,0,1,0,569047,36563,84250,23706,0.3386842787802438,0.39333654117373773
1942,0.7916666666666666,11,35,11,569082,36528,84261,23695,0.33836007262217943,0.39345432808063363
1943,0.7916666666666667,15,44,15,569126,36484,84276,23680,0.337952499166327,0.3935908516720963
1944,0.792142857142857,0,1,0,569127,36483,84276,23680,0.33794323613323946,0.3935973937469874
1945,0.7923076923076924,0,1,0,569128,36482,84276,23680,0.33793397310015194,0.3936039360393604
1946,0.7925000000000001,0,1,0,569129,36481,84276,23680,0.33792471006706437,0.39361047854922626
1947,0.7928571428571429,0,1,0,569130,36480,84276,23680,0.3379154470339768,0.39361702127659576
1948,0.7929365079365078,0,1,0,569131,36479,84276,23680,0.33790618400088923,0.39362356422147976
1949,0.793008658008658,0,2,0,569133,36477,84276,23680,0.33788765793471415,0.39363665076383464
1950,0.7933333333333332,1,10,1,569143,36467,84277,23679,0.3377950276038386,0.39369201609417087
1951,0.7933333333333333,0,6,0,569149,36461,84277,23679,0.33773944940531325,0.3937312936481543
1952,0.7942424242424242,0,1,0,569150,36460,84277,23679,0.33773018637222574,0.39373784066911655
1953,0.7944444444444445,0,1,0,569151,36459,84277,23679,0.33772092333913817,0.393744387907812
1954,0.7944832944832945,2,3,2,569154,36456,84279,23677,0.3376931342398755,0.39374386775979914
1955,0.7947619047619048,0,3,0,569157,36453,84279,23677,0.33766534514061286,0.39376351238982205
1956,0.7948809523809522,1,0,1,569157,36453,84280,23676,0.33766534514061286,0.39375343012523073
1957,0.795,1,3,1,569160,36450,84281,23675,0.3376375560413502,0.3937629937629938
1958,0.7957142857142856,1,0,1,569160,36450,84282,23674,0.3376375560413502,0.3937529106513206
1959,0.7964285714285714,0,1,0,569161,36449,84282,23674,0.33762829300826264,0.3937594597741297
1960,0.7964285714285715,0,2,0,569163,36447,84282,23674,0.3376097669420875,0.3937725586733421
1961,0.7966666666666666,7,33,7,569196,36414,84289,23667,0.33730408685019825,0.3939182104159385
1962,0.7972222222222222,1,1,1,569197,36413,84290,23666,0.3372948238171107,0.3939146790059755
1963,0.7972222222222223,0,1,0,569198,36412,84290,23666,0.3372855607840231,0.39392123572688836
1964,0.7978571428571428,0,1,0,569199,36411,84290,23666,0.33727629775093554,0.3939277926660785
1965,0.7983333333333333,2,0,2,569199,36411,84292,23664,0.33727629775093554,0.3939076154806492
1966,0.7983333333333335,0,1,0,569200,36410,84292,23664,0.337267034717848,0.393914172520558
1967,0.7984920634920635,1,0,1,569200,36410,84293,23663,0.337267034717848,0.39390408336523897
1968,0.7988095238095237,1,2,1,569202,36408,84294,23662,0.3372485086516729,0.3939071083735642
1969,0.7988095238095239,0,1,0,569203,36407,84294,23662,0.33723924561858537,0.3939136659508232
1970,0.799047619047619,0,1,0,569204,36406,84294,23662,0.3372299825854978,0.3939202237464207
1971,0.7990476190476191,1,1,1,569205,36405,84295,23661,0.33722071955241023,0.3939166916391969
1972,0.7992063492063493,0,1,0,569206,36404,84295,23661,0.33721145651932266,0.3939232498127029
1973,0.7992424242424242,0,1,0,569207,36403,84295,23661,0.33720219348623515,0.3939298082045818
1974,0.7999999999999999,5,12,5,569219,36391,84300,23656,0.3370910370891845,0.39395806618149115
1975,0.8,9033,16453,9033,585672,19938,93333,14623,0.18468635369965541,0.4231069702844246
1976,0.8014285714285713,1,1,1,585673,19937,93334,14622,0.18467709066656787,0.4231025203275558
1977,0.8014285714285714,0,2,0,585675,19935,93334,14622,0.18465856460039276,0.42312700755273897
1978,0.8014285714285716,0,1,0,585676,19934,93334,14622,0.1846493015673052,0.42313925222826715
1979,0.8016666666666665,3,5,3,585681,19929,93337,14619,0.18460298640186742,0.4231503994442515
1980,0.8016666666666667,0,2,0,585683,19927,93337,14619,0.1845844603356923,0.42317489723846463
1981,0.8018650793650794,0,2,0,585685,19925,93337,14619,0.1845659342695172,0.423199397869384
1982,0.8019244644244644,1,6,1,585691,19919,93338,14618,0.1845103560709919,0.42325621796913454
1983,0.8022222222222222,1,0,1,585691,19919,93339,14617,0.1845103560709919,0.423239518183924
1984,0.8023809523809522,0,1,0,585692,19918,93339,14617,0.18450109303790432,0.423251773563052
1985,0.8023809523809524,0,3,0,585695,19915,93339,14617,0.18447330393864167,0.4232885439592262
1986,0.8024188311688312,1,0,1,585695,19915,93340,14616,0.18447330393864167,0.4232718426920738
1987,0.8028571428571428,1,1,1,585696,19914,93341,14615,0.18446404090555413,0.4232673984187205
1988,0.8030952380952382,0,2,0,585698,19912,93341,14615,0.18444551483937902,0.4232919164711675
1989,0.8033333333333333,1,2,1,585700,19910,93342,14614,0.1844269887732039,0.42329973351871164
1990,0.8036507936507936,0,1,0,585701,19909,93342,14614,0.18441772574011633,0.42331199490194943
1991,0.8038095238095238,0,2,0,585703,19907,93342,14614,0.18439919967394122,0.4233365197995423
1992,0.8041666666666666,0,1,0,585704,19906,93342,14614,0.18438993664085368,0.42334878331402087
1993,0.8047619047619048,1,2,1,585706,19904,93343,14613,0.18437141057467857,0.4233566068893589
1994,0.8048809523809524,0,1,0,585707,19903,93343,14613,0.18436214754159103,0.42336887240699966
1995,0.805,4,13,4,585720,19890,93347,14609,0.1842417281114528,0.4234615496101336
1996,0.8055555555555557,1,0,1,585720,19890,93348,14608,0.1842417281114528,0.4234448373818772
1997,0.8058333333333332,0,1,0,585721,19889,93348,14608,0.18423246507836527,0.4234571122126562
1998,0.8058730158730159,0,1,0,585722,19888,93348,14608,0.1842232020452777,0.42346938775510207
1999,0.8066666666666666,4,9,4,585731,19879,93352,14604,0.1841398347474897,0.4235130354087521
2000,0.8071428571428572,1,3,1,585734,19876,93353,14603,0.18411204564822706,0.42353316511499756
2001,0.8072222222222221,0,2,0,585736,19874,93353,14603,0.18409351958205195,0.42355773414160164
2002,0.8083333333333332,10,36,10,585772,19838,93363,14593,0.1837600503909,0.4238331735935639
2003,0.8083333333333333,9,18,9,585790,19820,93372,14584,0.183593315795324,0.4239041971863737
2004,0.8084090909090909,0,1,0,585791,19819,93372,14584,0.18358405276223647,0.42391651890823473
2005,0.8086111111111112,1,5,1,585796,19814,93373,14583,0.1835377375967987,0.4239613919818589
2006,0.8091131091131091,0,1,0,585797,19813,93373,14583,0.18352847456371113,0.42397371787417143
2007,0.8099999999999999,5,20,5,585817,19793,93378,14578,0.18334321390196007,0.42413662680748304
2008,0.8100000000000002,0,1,0,585818,19792,93378,14578,0.1833339508688725,0.42414896712249056
2009,0.8102380952380951,0,1,0,585819,19791,93378,14578,0.18332468783578496,0.4241613081556053
2010,0.8107142857142857,1,1,1,585820,19790,93379,14577,0.18331542480269739,0.4241568946954928
2011,0.8115079365079364,0,1,0,585821,19789,93379,14577,0.18330616176960984,0.424169237036606
2012,0.8116666666666668,0,1,0,585822,19788,93379,14577,0.18329689873652227,0.4241815800960279
2013,0.8123809523809523,0,1,0,585823,19787,93379,14577,0.18328763570343473,0.42419392387382143
2014,0.8125757575757575,0,1,0,585824,19786,93379,14577,0.1832783726703472,0.42420626837004916
2015,0.8126984126984127,1,0,1,585824,19786,93380,14576,0.1832783726703472,0.4241895116698679
2016,0.8130952380952381,0,1,0,585825,19785,93380,14576,0.18326910963725962,0.42420185675620614
2017,0.8133333333333332,13,22,13,585847,19763,93393,14563,0.18306532290933344,0.42425566625881256
2018,0.8133333333333335,0,1,0,585848,19762,93393,14563,0.18305605987624587,0.4242680262199563
2019,0.8142857142857143,2,0,2,585848,19762,93395,14561,0.18305605987624587,0.4242344783381406
2020,0.8147619047619047,1,2,1,585850,19760,93396,14560,0.18303753381007076,0.42424242424242425
2021,0.8148809523809524,1,1,1,585851,19759,93397,14559,0.18302827077698322,0.4242380092079958
2022,0.8149999999999998,0,3,0,585854,19756,93397,14559,0.18300048167772054,0.42427509835348975
2023,0.8150000000000001,1,6,1,585860,19750,93398,14558,0.18294490347919523,0.4243325171971552
2024,0.8154761904761905,0,1,0,585861,19749,93398,14558,0.18293564044610766,0.4243448858833474
2025,0.8157142857142856,0,2,0,585863,19747,93398,14558,0.18291711437993258,0.4243696254190351
2026,0.8157142857142858,1,0,1,585863,19747,93399,14557,0.18291711437993258,0.42435284514925375
2027,0.8166666666666667,79,205,79,586068,19542,93478,14478,0.18101819259698396,0.4255731922398589
2028,0.8166666666666668,53,171,53,586239,19371,93531,14425,0.17943421393901218,0.42682565984140136
2029,0.8172619047619047,0,3,0,586242,19368,93531,14425,0.17940642483974953,0.42686355162311723
2030,0.8175000000000001,0,1,0,586243,19367,93531,14425,0.179397161806662,0.4268761837121212
2031,0.8183333333333334,0,1,0,586244,19366,93531,14425,0.17938789877357442,0.4268888165487852
2032,0.8185897435897435,0,1,0,586245,19365,93531,14425,0.17937863574048687,0.4269014501331755
2033,0.819047619047619,1,1,1,586246,19364,93532,14424,0.1793693727073993,0.4268971232390198
2034,0.8190476190476191,1,4,1,586250,19360,93533,14423,0.17933232057504908,0.4269307047923512
2035,0.82,0,5,0,586255,19355,93533,14423,0.17928600540961132,0.42699390135591214
2036,0.8207142857142857,0,4,0,586259,19351,93533,14423,0.17924895327726112,0.4270444720791141
2037,0.8208333333333332,0,1,0,586260,19350,93533,14423,0.17923969024417355,0.4270571166316288
2038,0.8208333333333334,2,0,2,586260,19350,93535,14421,0.17923969024417355,0.427023185573421
2039,0.8214285714285714,1,3,1,586263,19347,93536,14420,0.1792119011449109,0.4270441555364705
2040,0.8214285714285715,3,1,3,586264,19346,93539,14417,0.17920263811182333,0.4270058940260048
2041,0.8216666666666665,3,2,3,586266,19344,93542,14414,0.17918411204564821,0.426980271343089
2042,0.8216666666666667,8,6,8,586272,19338,93550,14406,0.1791285338471229,0.4269203413940256
2043,0.8218253968253968,0,2,0,586274,19336,93550,14406,0.1791100077809478,0.42694564637543714
2044,0.8222222222222222,0,2,0,586276,19334,93550,14406,0.17909148171477268,0.42697095435684645
2045,0.8222619047619049,0,2,0,586278,19332,93550,14406,0.17907295564859757,0.42699626533878715
2046,0.8230952380952381,0,5,0,586283,19327,93550,14406,0.1790266404831598,0.42705955592446565
2047,0.8233333333333333,0,3,0,586286,19324,93550,14406,0.17899885138389715,0.4270975392825378
2048,0.8233333333333335,1,7,1,586293,19317,93551,14405,0.17893401015228427,0.42716920704584543
2049,0.8238095238095238,2,4,2,586297,19313,93553,14403,0.17889695801993405,0.4271859058013999
2050,0.824047619047619,0,1,0,586298,19312,93553,14403,0.17888769498684648,0.42719857630134955
2051,0.825,58,150,58,586448,19162,93611,14345,0.17749824002371337,0.4281194974184499
2052,0.8255952380952382,0,2,0,586450,19160,93611,14345,0.17747971395753825,0.4281450529771676
2053,0.825873015873016,0,1,0,586451,19159,93611,14345,0.1774704509244507,0.4281578319006686
2054,0.8261904761904763,1,6,1,586457,19153,93612,14344,0.17741487272592538,0.428217452309162
2055,0.8264285714285714,0,2,0,586459,19151,93612,14344,0.17739634665975026,0.42824302134646963
2056,0.8264285714285716,0,2,0,586461,19149,93612,14344,0.17737782059357515,0.4282685934374347
2057,0.8266666666666665,8,24,8,586485,19125,93620,14336,0.17715550779947387,0.4284390783299961
2058,0.8268253968253967,0,1,0,586486,19124,93620,14336,0.1771462447663863,0.42845188284518826
2059,0.8273809523809523,1,3,1,586489,19121,93621,14335,0.17711845566712364,0.42847321855571496
2060,0.8283333333333334,1,1,1,586490,19120,93622,14334,0.1771091926340361,0.42846894242840916
2061,0.8285714285714285,0,1,0,586491,19119,93622,14334,0.17709992960094853,0.4284817505156488
2062,0.8285714285714286,0,2,0,586493,19117,93622,14334,0.17708140353477342,0.4285073689874742
2063,0.8297619047619047,1,0,1,586493,19117,93623,14333,0.17708140353477342,0.42849028400597905
2064,0.8300000000000001,17,53,17,586546,19064,93640,14316,0.17659046278113305,0.4288795686039545
2065,0.8308333333333333,0,1,0,586547,19063,93640,14316,0.1765811997480455,0.4288924173881782
2066,0.830952380952381,1,0,1,586547,19063,93641,14315,0.1765811997480455,0.4288753070885014
2067,0.8314285714285713,0,3,0,586550,19060,93641,14315,0.17655341064878283,0.42891385767790263
2068,0.8316666666666667,1,0,1,586550,19060,93642,14314,0.17655341064878283,0.4288967459699167
2069,0.8330122655122654,0,1,0,586551,19059,93642,14314,0.17654414761569528,0.42890959757888114
2070,0.8333333333333333,78,179,78,586730,18880,93720,14236,0.1748860646930231,0.4298828360913154
2071,0.8333333333333334,44,86,44,586816,18794,93764,14192,0.17408944384749342,0.43024313345055476
2072,0.8346428571428571,2,0,2,586816,18794,93766,14190,0.17408944384749342,0.43020858598108175
2073,0.835,2,18,2,586834,18776,93768,14188,0.17392270925191744,0.4304089309549812
2074,0.8350000000000002,0,1,0,586835,18775,93768,14188,0.1739134462188299,0.4304219882899008
2075,0.8357142857142856,0,1,0,586836,18774,93768,14188,0.17390418318574233,0.43043504641708635
2076,0.8357142857142857,0,4,0,586840,18770,93768,14188,0.17386713105339213,0.4304872868499302
2077,0.8365476190476191,1,1,1,586841,18769,93769,14187,0.17385786802030456,0.4304830683335356
2078,0.8366666666666667,1,5,1,586846,18764,93770,14186,0.1738115528548668,0.4305311077389985
2079,0.837112332112332,0,6,0,586852,18758,93770,14186,0.17375597465634146,0.4306095191840699
2080,0.8375,2,1,2,586853,18757,93772,14184,0.17374671162325392,0.4305880210072554
2081,0.8380952380952381,2,5,2,586858,18752,93774,14182,0.17370039645781615,0.43061881338434443
2082,0.8381962481962482,0,3,0,586861,18749,93774,14182,0.17367260735855347,0.4306580425738666
2083,0.8383333333333333,0,3,0,586864,18746,93774,14182,0.17364481825929082,0.4306972789115646
2084,0.8383333333333335,0,1,0,586865,18745,93774,14182,0.17363555522620328,0.43071035927961854
2085,0.8385714285714286,0,1,0,586866,18744,93774,14182,0.1736262921931157,0.43072344044220373
2086,0.8386596066472227,1,3,1,586869,18741,93775,14181,0.17359850309385305,0.4307453982139603
2087,0.8399999999999999,1,1,1,586870,18740,93776,14180,0.1735892400607655,0.4307411907654921
2088,0.8400000000000001,2,15,2,586885,18725,93778,14178,0.17345029456445218,0.4309029571771571
2089,0.8407142857142859,1,3,1,586888,18722,93779,14177,0.17342250546518953,0.43092495212620446
2090,0.840909090909091,0,2,0,586890,18720,93779,14177,0.17340397939901442,0.43095115056084143
2091,0.8416666666666666,17,53,17,586943,18667,93796,14160,0.17291303864537405,0.431352240533707
2092,0.8416666666666668,18,45,18,586988,18622,93814,14142,0.1724962021564341,0.43163227933097303
2093,0.8425324675324676,0,1,0,586989,18621,93814,14142,0.17248693912334656,0.4316454537130299
2094,0.843095238095238,2,0,2,586989,18621,93816,14140,0.17248693912334656,0.43161075669240867
2095,0.8433333333333334,3,7,3,586996,18614,93819,14137,0.17242209789173366,0.4316509419559708
2096,0.8440476190476189,2,2,2,586998,18612,93821,14135,0.17240357182555857,0.4316425932146456
2097,0.8444444444444444,2,1,2,586999,18611,93823,14133,0.172394308792471,0.4316210603469338
2098,0.844920634920635,0,1,0,587000,18610,93823,14133,0.17238504575938346,0.43163424243349724
2099,0.845,0,2,0,587002,18608,93823,14133,0.17236651969320835,0.4316606090223267
2100,0.8457142857142858,0,2,0,587004,18606,93823,14133,0.17234799362703324,0.431686978832585
2101,0.8464285714285713,0,4,0,587008,18602,93823,14133,0.172310941494683,0.4317397281197495
2102,0.8464285714285715,1,1,1,587009,18601,93824,14132,0.17230167846159547,0.4317355573885681
2103,0.8466666666666665,4,4,4,587013,18597,93828,14128,0.17226462632924525,0.4317188693659282
2104,0.8466666666666667,15,41,15,587054,18556,93843,14113,0.17188484197265552,0.43199975511953226
2105,0.8472619047619047,0,1,0,587055,18555,93843,14113,0.17187557893956798,0.4320129790620791
2106,0.8474999999999999,0,3,0,587058,18552,93843,14113,0.1718477898403053,0.4320526557477422
2107,0.8478787878787879,0,1,0,587059,18551,93843,14113,0.17183852680721776,0.4320658829292187
2108,0.8483333333333333,0,1,0,587060,18550,93843,14113,0.17182926377413021,0.4320791109206135
2109,0.8483333333333334,1,0,1,587060,18550,93844,14112,0.17182926377413021,0.4320617231033005
2110,0.849047619047619,0,2,0,587062,18548,93844,14112,0.1718107377079551,0.43208818126148196
2111,0.85,554,1334,554,588396,17214,94398,13558,0.1594538515691578,0.4405953464188223
2112,0.8514285714285712,0,1,0,588397,17213,94398,13558,0.15944458853607024,0.4406096649442657
2113,0.8514285714285714,0,1,0,588398,17212,94398,13558,0.1594353255029827,0.44062398440038997
2114,0.8516666666666666,1,5,1,588403,17207,94399,13557,0.15938901033754493,0.4406774151605773
2115,0.8516666666666668,0,1,0,588404,17206,94399,13557,0.15937974730445736,0.44069174007736567
2116,0.8522619047619047,0,1,0,588405,17205,94399,13557,0.15937048427136982,0.4407060659254925
2117,0.8523809523809524,0,3,0,588408,17202,94399,13557,0.15934269517210717,0.44074904905881207
2118,0.8523809523809526,0,1,0,588409,17201,94399,13557,0.1593334321390196,0.44076337863320114
2119,0.8532142857142857,0,1,0,588410,17200,94399,13557,0.15932416910593206,0.4407777091393829
2120,0.8533333333333333,0,1,0,588411,17199,94399,13557,0.1593149060728445,0.4407920405774483
2121,0.8541666666666666,1,3,1,588414,17196,94400,13556,0.15928711697358183,0.4408168574401665
2122,0.8545454545454545,1,0,1,588414,17196,94401,13555,0.15928711697358183,0.4407986732138792
2123,0.8550000000000001,7,30,7,588444,17166,94408,13548,0.1590092259809552,0.44110177769095527
2124,0.8555555555555555,0,1,0,588445,17165,94408,13548,0.15899996294786764,0.4411161397453847
2125,0.8555701754385965,1,4,1,588449,17161,94409,13547,0.15896291081551744,0.44115539924449654
2126,0.8566666666666667,0,4,0,588453,17157,94409,13547,0.15892585868316722,0.4412128712871287
2127,0.8571428571428571,0,2,0,588455,17155,94409,13547,0.1589073326169921,0.44124161292423947
2128,0.8575641025641026,0,2,0,588457,17153,94409,13547,0.158888806550817,0.44127035830618894
2129,0.8583152958152958,2,0,2,588457,17153,94411,13545,0.158888806550817,0.4412339566095511
2130,0.8583333333333332,3,15,3,588472,17138,94414,13542,0.1587498610545037,0.4413950456323338
2131,0.8583333333333334,5,8,5,588480,17130,94419,13537,0.15867575678980325,0.44141911500961944
2132,0.8591666666666669,1,4,1,588484,17126,94420,13536,0.15863870465745303,0.4414584828126019
2133,0.8593253968253969,1,0,1,588484,17126,94421,13535,0.15863870465745303,0.44144026613613385
2134,0.86,19,58,19,588542,17068,94440,13516,0.1581014487383749,0.4419304211352341
2135,0.8600000000000001,1,2,1,588544,17066,94441,13515,0.15808292267219978,0.44194107452339687
2136,0.8605555555555556,0,1,0,588545,17065,94441,13515,0.15807365963911224,0.4419555264879006
2137,0.8607142857142858,1,4,1,588549,17061,94442,13514,0.15803660750676202,0.4419950940310711
2138,0.8608333333333335,0,1,0,588550,17060,94442,13514,0.15802734447367445,0.4420095505985478
2139,0.8608974358974357,0,1,0,588551,17059,94442,13514,0.1580180814405869,0.4420240081117326
2140,0.860897435897436,0,2,0,588553,17057,94442,13514,0.1579995553744118,0.4420529259755978
2141,0.861111111111111,0,2,0,588555,17055,94442,13514,0.15798102930823668,0.44208184762340935
2142,0.8614285714285714,0,3,0,588558,17052,94442,13514,0.15795324020897403,0.44212523719165087
2143,0.861547619047619,0,1,0,588559,17051,94442,13514,0.15794397717588649,0.44213970227384264
2144,0.8616666666666667,1,2,1,588561,17049,94443,13513,0.15792545110971137,0.44215038282834895
2145,0.8621031746031745,0,3,0,588564,17046,94443,13513,0.1578976620104487,0.44219378906377826
2146,0.8625,3,10,3,588574,17036,94446,13510,0.15780503167957316,0.44228376874222486
2147,0.8630952380952381,0,2,0,588576,17034,94446,13510,0.15778650561339805,0.4423127291775799
2148,0.8633333333333333,5,18,5,588594,17016,94451,13505,0.15761977101782207,0.4424822253530356
2149,0.8633333333333335,0,2,0,588596,17014,94451,13505,0.15760124495164696,0.4425112225171205
2150,0.8638888888888889,0,2,0,588598,17012,94451,13505,0.15758271888547185,0.4425402234819936
2151,0.864047619047619,1,2,1,588600,17010,94452,13504,0.15756419281929676,0.4425509602149833
2152,0.8646825396825395,0,1,0,588601,17009,94452,13504,0.1575549297862092,0.4425654639006325
2153,0.8647619047619047,1,0,1,588601,17009,94453,13503,0.1575549297862092,0.44254719454640795
2154,0.8648809523809524,1,0,1,588601,17009,94454,13502,0.1575549297862092,0.4425289239946249
2155,0.8649999999999999,1,4,1,588605,17005,94455,13501,0.15751787765385897,0.4425686750147512
2156,0.8655555555555555,0,1,0,588606,17004,94455,13501,0.15750861462077143,0.4425831830847402
2157,0.8657142857142857,1,2,1,588608,17002,94456,13500,0.1574900885545963,0.4425939282669989
2158,0.8658730158730158,1,1,1,588609,17001,94457,13499,0.15748082552150877,0.44259016393442624
2159,0.8662698412698411,0,3,0,588612,16998,94457,13499,0.1574530364222461,0.44263370167557464
2160,0.8666666666666666,182,384,182,588996,16614,94639,13317,0.1538960317166253,0.4449233236443821
2161,0.8666666666666668,135,317,135,589313,16297,94774,13182,0.1509596502278706,0.4471657790291394
2162,0.8675,0,2,0,589315,16295,94774,13182,0.1509411241616955,0.4471961190080402
2163,0.868095238095238,1,1,1,589316,16294,94775,13181,0.15093186112860796,0.44719253604749787
2164,0.8683333333333334,2,3,2,589319,16291,94777,13179,0.15090407202934528,0.4472005429250085
2165,0.869047619047619,0,2,0,589321,16289,94777,13179,0.1508855459631702,0.4472308945296593
2166,0.8690476190476192,0,3,0,589324,16286,94777,13179,0.1508577568639075,0.44727642966231124
2167,0.8699999999999999,0,2,0,589326,16284,94777,13179,0.1508392307977324,0.44730679156908665
2168,0.8700000000000001,0,1,0,589327,16283,94777,13179,0.15082996776464486,0.4473219740682914
2169,0.8701515151515151,1,6,1,589333,16277,94778,13178,0.15077438956611952,0.4473943303344084
2170,0.8714285714285713,1,0,1,589333,16277,94779,13177,0.15077438956611952,0.4473755686833707
2171,0.8714285714285716,3,5,3,589338,16272,94782,13174,0.15072807440068176,0.4473952319500102
2172,0.8716666666666665,2,2,2,589340,16270,94784,13172,0.15070954833450664,0.4473880850485701
2173,0.8716666666666667,1,6,1,589346,16264,94785,13171,0.15065397013598134,0.4474605062001019
2174,0.8722222222222221,0,1,0,589347,16263,94785,13171,0.15064470710289377,0.4474757083644765
2175,0.8730952380952379,1,1,1,589348,16262,94786,13170,0.15063544406980622,0.44747213916825224
2176,0.8730952380952381,2,2,2,589350,16260,94788,13168,0.1506169180036311,0.44746499932037515
2177,0.8733333333333333,2,4,2,589354,16256,94790,13166,0.1505798658712809,0.4474882740806199
2178,0.8733333333333334,0,1,0,589355,16255,94790,13166,0.15057060283819335,0.4475034839060535
2179,0.8738888888888889,0,1,0,589356,16254,94790,13166,0.15056133980510578,0.4475186947654657
2180,0.8739097014097013,1,1,1,589357,16253,94791,13165,0.15055207677201823,0.44751512679311983
2181,0.8742424242424243,1,0,1,589357,16253,94792,13164,0.15055207677201823,0.4474963456504742
2182,0.874496336996337,1,3,1,589360,16250,94793,13163,0.15052428767275558,0.44752320402543094
2183,0.8749999999999998,1,0,1,589360,16250,94794,13162,0.15052428767275558,0.4475044199646403
2184,0.875,149,332,149,589692,15918,94943,13013,0.14744896068768756,0.4497943382530849
2185,0.8761655011655012,2,4,2,589696,15914,94945,13011,0.14741190855533737,0.44981849611063096
2186,0.8766666666666666,5,5,5,589701,15909,94950,13006,0.1473655933898996,0.4498011412761542
2187,0.8766666666666667,0,1,0,589702,15908,94950,13006,0.14735633035681203,0.44981669779345645
2188,0.8773809523809522,1,0,1,589702,15908,94951,13005,0.14735633035681203,0.449797668868675
2189,0.8773809523809524,1,1,1,589703,15907,94952,13004,0.1473470673237245,0.4497941959807686
2190,0.8777777777777779,1,1,1,589704,15906,94953,13003,0.14733780429063692,0.44979072261233527
2191,0.8783333333333333,0,2,0,589706,15904,94953,13003,0.1473192782244618,0.4498218424603037
2192,0.8791666666666668,0,1,0,589707,15903,94953,13003,0.14731001519137427,0.4498374039991697
2193,0.8797619047619047,0,2,0,589709,15901,94953,13003,0.14729148912519915,0.4498685303072239
2194,0.8799999999999999,1,4,1,589713,15897,94954,13002,0.14725443699284893,0.44991176165265234
2195,0.8800000000000001,48,92,48,589805,15805,95002,12954,0.14640223794879395,0.45043290795924756
2196,0.8812723387723388,3,1,3,589806,15804,95005,12951,0.1463929749157064,0.4503912363067293
2197,0.8814285714285715,0,1,0,589807,15803,95005,12951,0.14638371188261884,0.4504068999095778
2198,0.8816666666666666,0,6,0,589813,15797,95005,12951,0.14632813368409353,0.45050090441074164
2199,0.8833333333333332,26,59,26,589872,15738,95031,12925,0.14578161473192783,0.4509297700868716
2200,0.8833333333333334,12,41,12,589913,15697,95043,12913,0.1454018303753381,0.45134568332750785
2201,0.8839285714285715,1,0,1,589913,15697,95044,12912,0.1454018303753381,0.4513265056450767
2202,0.8841666666666667,1,0,1,589913,15697,95045,12911,0.1454018303753381,0.4513073266219239
2203,0.8845238095238095,0,1,0,589914,15696,95045,12911,0.14539256734225053,0.4513231027370923
2204,0.8847619047619049,0,3,0,589917,15693,95045,12911,0.14536477824298788,0.4513704377010208
2205,0.885,2,2,2,589919,15691,95047,12909,0.14534625217681277,0.45136363636363636
2206,0.8857142857142858,4,18,4,589937,15673,95051,12905,0.1451795175812368,0.4515711386381132
2207,0.8866666666666667,0,2,0,589939,15671,95051,12905,0.1451609915150617,0.45160274356103025
2208,0.8871428571428572,0,1,0,589940,15670,95051,12905,0.14515172848197413,0.4516185476815398
2209,0.8875,5,11,5,589951,15659,95056,12900,0.14504983511801103,0.4516964879722679
2210,0.8876984126984127,0,2,0,589953,15657,95056,12900,0.14503130905183592,0.4517281227019645
2211,0.8877777777777778,1,0,1,589953,15657,95057,12899,0.14503130905183592,0.45170892281832187
2212,0.8880952380952379,0,2,0,589955,15655,95057,12899,0.14501278298566084,0.451740561742663
2213,0.8883333333333333,3,4,3,589959,15651,95060,12896,0.1449757308533106,0.4517462430377973
2214,0.8883333333333334,0,1,0,589960,15650,95060,12896,0.14496646782022304,0.4517620682407342
2215,0.8899999999999999,2,1,2,589961,15649,95062,12894,0.1449572047871355,0.45173948078337944
2216,0.89,3,4,3,589965,15645,95065,12891,0.14492015265478528,0.4517451640033642
2217,0.8904761904761905,1,0,1,589965,15645,95066,12890,0.14492015265478528,0.45172595058699844
2218,0.8907142857142857,0,1,0,589966,15644,95066,12890,0.14491088962169774,0.45174178173407165
2219,0.8916666666666666,10,19,10,589985,15625,95076,12880,0.1447348919930342,0.45185055253464307
2220,0.8916666666666668,8,17,8,590002,15608,95084,12872,0.14457742043054578,0.45196629213483147
2221,0.8921428571428571,0,2,0,590004,15606,95084,12872,0.14455889436437067,0.45199803356977314
2222,0.8928571428571429,0,2,0,590006,15604,95084,12872,0.14454036829819555,0.4520297794634078
2223,0.893095238095238,0,1,0,590007,15603,95084,12872,0.144531105265108,0.45204565408252856
2224,0.8933333333333333,2,8,2,590015,15595,95086,12870,0.14445700100040756,0.4521341998946074
2225,0.8941161616161617,3,5,3,590020,15590,95089,12867,0.1444106858349698,0.45215588431668835
2226,0.8943253968253968,0,1,0,590021,15589,95089,12867,0.14440142280188226,0.45217177396682595
2227,0.8944444444444443,1,0,1,590021,15589,95090,12866,0.14440142280188226,0.45215252152521523
2228,0.8944444444444445,1,1,1,590022,15588,95091,12865,0.1443921597687947,0.45214915826099183
2229,0.8957142857142856,0,1,0,590023,15587,95091,12865,0.14438289673570714,0.452165049908618
2230,0.8958333333333334,0,1,0,590024,15586,95091,12865,0.14437363370261957,0.4521809426733682
2231,0.8964285714285714,1,4,1,590028,15582,95092,12864,0.14433658157026938,0.4522252689306054
2232,0.8964285714285716,1,0,1,590028,15582,95093,12863,0.14433658157026938,0.4522060116013359
2233,0.8966666666666665,4,3,4,590031,15579,95097,12859,0.1443087924710067,0.4521766650256699
2234,0.8966666666666667,6,9,6,590040,15570,95103,12853,0.1442254251732187,0.45220420082327695
2235,0.898095238095238,0,2,0,590042,15568,95103,12853,0.14420689910704362,0.45223602265930124
2236,0.8988095238095237,1,0,1,590042,15568,95104,12852,0.14420689910704362,0.4522167487684729
2237,0.8990476190476191,0,1,0,590043,15567,95104,12852,0.14419763607395605,0.4522326612477568
2238,0.8999999999999998,1,3,1,590046,15564,95105,12851,0.1441698469746934,0.4522611296850255
2239,0.9,7360,9624,7360,599670,5940,102465,5491,0.05502241654007188,0.4803604234100254
2240,0.9000000000000001,0,2,0,599672,5938,102465,5491,0.055003890473896776,0.48044448333187506
2241,0.900865800865801,2,0,2,599672,5938,102467,5489,0.055003890473896776,0.4803535486129343
2242,0.9013888888888888,0,3,0,599675,5935,102467,5489,0.05497610137463411,0.4804796918767507
2243,0.9016666666666666,2,6,2,599681,5929,102469,5487,0.054920523176108786,0.48064120532585847
2244,0.9023809523809522,1,1,1,599682,5928,102470,5486,0.05491126014302123,0.4806378132118451
2245,0.9023809523809524,1,4,1,599686,5924,102471,5485,0.05487420801067101,0.4807608028749233
2246,0.9035714285714284,0,1,0,599687,5923,102471,5485,0.05486494497758346,0.4808029453015428
2247,0.9041666666666668,0,1,0,599688,5922,102471,5485,0.05485568194449591,0.4808450951170334
2248,0.9042424242424244,1,1,1,599689,5921,102472,5484,0.05484641891140835,0.4808417360806664
2249,0.905,5,7,5,599696,5914,102477,5479,0.054781577679795475,0.4809093302905293
2250,0.905595238095238,0,2,0,599698,5912,102477,5479,0.05476305161362036,0.48099376700904223
2251,0.9060606060606062,0,4,0,599702,5908,102477,5479,0.054725999481270146,0.4811627294282954
2252,0.9065476190476188,1,1,1,599703,5907,102478,5478,0.05471673644818259,0.4811594202898551
2253,0.9066666666666666,4,4,4,599707,5903,102482,5474,0.05467968431583237,0.4811461721016085
2254,0.9071428571428573,0,2,0,599709,5901,102482,5474,0.05466115824965727,0.48123076923076924
2255,0.9075,0,1,0,599710,5900,102482,5474,0.05465189521656971,0.4812730789519958
2256,0.9083333333333332,9,19,9,599729,5881,102491,5465,0.054475897587906184,0.48166754803454964
2257,0.9083333333333334,2,5,2,599734,5876,102493,5463,0.05442958242246841,0.4817885175059529
2258,0.9091666666666668,1,0,1,599734,5876,102494,5462,0.05442958242246841,0.4817428117833833
2259,0.91,5,9,5,599743,5867,102499,5457,0.05434621512468042,0.4818968562345461
2260,0.9107142857142856,0,1,0,599744,5866,102499,5457,0.05433695209159287,0.4819394153492891
2261,0.9107142857142858,1,1,1,599745,5865,102500,5456,0.05432768905850532,0.48193622471513115
2262,0.9125,0,1,0,599746,5864,102500,5456,0.05431842602541776,0.48197879858657244
2263,0.9130952380952382,1,2,1,599748,5862,102501,5455,0.054299899959242656,0.4820182027038968
2264,0.9133333333333332,6,26,6,599774,5836,102507,5449,0.05405906109896624,0.4828533451484271
2265,0.9133333333333334,2,0,2,599774,5836,102509,5447,0.05405906109896624,0.4827616768589914
2266,0.9142857142857144,0,1,0,599775,5835,102509,5447,0.054049798065878694,0.48280446729303317
2267,0.915,1,2,1,599777,5833,102510,5446,0.05403127199970358,0.4828442237787038
2268,0.9154761904761908,2,0,2,599777,5833,102512,5444,0.05403127199970358,0.4827525050988738
2269,0.9157142857142856,1,0,1,599777,5833,102513,5443,0.05403127199970358,0.4827066335579993
2270,0.9157142857142858,1,2,1,599779,5831,102514,5442,0.05401274593352848,0.48274638516810076
2271,0.9166666666666666,39,75,39,599854,5756,102553,5403,0.05331801845196191,0.48418317053499416
2272,0.9166666666666669,34,64,34,599918,5692,102587,5369,0.052725184334358445,0.4853991501672543
2273,0.9177777777777776,0,3,0,599921,5689,102587,5369,0.05269739523509578,0.4855308374027853
2274,0.918888888888889,3,0,3,599921,5689,102590,5366,0.05269739523509578,0.48539122568973314
2275,0.919047619047619,2,2,2,599923,5687,102592,5364,0.05267886916892067,0.4853859379241698
2276,0.92,3,1,3,599924,5686,102595,5361,0.052669606135833116,0.4852901240155698
2277,0.9207142857142856,1,0,1,599924,5686,102596,5360,0.052669606135833116,0.4852435270686221
2278,0.9208333333333332,0,2,0,599926,5684,102596,5360,0.05265108006965801,0.48533140166606303
2279,0.9208333333333334,1,6,1,599932,5678,102597,5359,0.05259550187113268,0.4855486092235209
2280,0.9214285714285716,0,5,0,599937,5673,102597,5359,0.05254918670569491,0.48576867295141407
2281,0.9216666666666666,4,1,4,599938,5672,102601,5355,0.05253992367260736,0.48562619026027026
2282,0.9222222222222222,1,0,1,599938,5672,102602,5354,0.05253992367260736,0.48557953927081443
2283,0.9222943722943724,1,1,1,599939,5671,102603,5353,0.052530660639519805,0.4855769230769231
2284,0.9232142857142858,0,1,0,599940,5670,102603,5353,0.05252139760643225,0.48562097432640844
2285,0.9238095238095236,1,0,1,599940,5670,102604,5352,0.05252139760643225,0.48557430593358736
2286,0.925,36,73,36,600013,5597,102640,5316,0.0518451961910408,0.48712544671492713
2287,0.9250000000000002,1,1,1,600014,5596,102641,5315,0.05183593315795324,0.48712308679314453
2288,0.925595238095238,0,1,0,600015,5595,102641,5315,0.051826670124865686,0.48716773602199814
2289,0.9257142857142856,0,1,0,600016,5594,102641,5315,0.05181740709177813,0.487212393436612
2290,0.925865800865801,3,3,3,600019,5591,102644,5312,0.05178961799251547,0.4872053563239475
2291,0.9264285714285714,0,2,0,600021,5589,102644,5312,0.051771091926340364,0.48729474360150443
2292,0.9266666666666664,5,5,5,600026,5584,102649,5307,0.05172477676090259,0.4872830777706363
2293,0.9273809523809524,0,1,0,600027,5583,102649,5307,0.051715513727815035,0.48732782369146005
2294,0.9282070707070706,0,1,0,600028,5582,102649,5307,0.05170625069472748,0.4873725778308385
2295,0.9297619047619046,0,1,0,600029,5581,102649,5307,0.05169698766163993,0.487417340191036
2296,0.93,11,44,11,600073,5537,102660,5296,0.051289414205787545,0.48887658081787133
2297,0.9305555555555556,1,1,1,600074,5536,102661,5295,0.05128015117269999,0.4888745268211615
2298,0.9314285714285712,0,1,0,600075,5535,102661,5295,0.05127088813961243,0.4889196675900277
2299,0.931818181818182,2,0,2,600075,5535,102663,5293,0.05127088813961243,0.4888252678241596
2300,0.9318315018315018,2,2,2,600077,5533,102665,5291,0.05125236207343733,0.4888211382113821
2301,0.9323809523809526,0,1,0,600078,5532,102665,5291,0.05124309904034977,0.48886630324309344
2302,0.9325396825396826,0,2,0,600080,5530,102665,5291,0.05122457297417466,0.4889566583495056
2303,0.9332142857142858,0,1,0,600081,5529,102665,5291,0.05121530994108711,0.4890018484288355
2304,0.9333333333333332,56,140,56,600221,5389,102721,5235,0.04991848530882952,0.49275225903614456
2305,0.9341991341991344,0,3,0,600224,5386,102721,5235,0.04989069620956686,0.4928914414838527
2306,0.9347222222222225,3,1,3,600225,5385,102724,5232,0.049881433176479306,0.49279457473862676
2307,0.9347619047619048,1,0,1,600225,5385,102725,5231,0.049881433176479306,0.4927467972871138
2308,0.935,3,0,3,600225,5385,102728,5228,0.049881433176479306,0.49260341091114673
2309,0.9357142857142856,2,6,2,600231,5379,102730,5226,0.049825854977953984,0.4927864214992928
2310,0.9375,0,5,0,600236,5374,102730,5226,0.04977953981251621,0.4930188679245283
2311,0.938095238095238,0,2,0,600238,5372,102730,5226,0.0497610137463411,0.4931119079071523
2312,0.9383333333333332,2,1,2,600239,5371,102732,5224,0.04975175071325355,0.4930627654554035
2313,0.9399999999999998,0,3,0,600242,5368,102732,5224,0.04972396161399088,0.493202416918429
2314,0.94,3,5,3,600247,5363,102735,5221,0.04967764644855312,0.493291761148904
2315,0.9403174603174604,0,2,0,600249,5361,102735,5221,0.049659120382378005,0.49338499338499336
2316,0.9407142857142856,0,1,0,600250,5360,102735,5221,0.04964985734929045,0.49343162271996976
2317,0.9407142857142858,0,1,0,600251,5359,102735,5221,0.0496405943162029,0.4934782608695652
2318,0.9412820512820512,2,2,2,600253,5357,102737,5219,0.04962206825002779,0.49347579425113464
2319,0.9416666666666668,16,50,16,600303,5307,102753,5203,0.04915891659565008,0.4950523311132255
2320,0.9428571428571428,0,1,0,600304,5306,102753,5203,0.049149653562562526,0.4950994385764583
2321,0.9441666666666666,1,0,1,600304,5306,102754,5202,0.049149653562562526,0.4950513894175866
2322,0.9464285714285714,0,1,0,600305,5305,102754,5202,0.04914039052947497,0.4950985057580661
2323,0.9464285714285716,0,1,0,600306,5304,102754,5202,0.049131127496387414,0.49514563106796117
2324,0.9466666666666664,0,3,0,600309,5301,102754,5202,0.04910333839712475,0.4952870608397601
2325,0.9466666666666668,10,25,10,600334,5276,102764,5192,0.0488717625699359,0.49598777225831103
2326,0.949047619047619,1,0,1,600334,5276,102765,5191,0.0488717625699359,0.4959396197573326
2327,0.9492063492063494,1,1,1,600335,5275,102766,5190,0.04886249953684835,0.49593884376493075
2328,0.95,297,494,297,600829,4781,103063,4893,0.044286561191596574,0.5057887120115774
2329,0.9500000000000002,0,1,0,600830,4780,103063,4893,0.044277298158509025,0.5058410007236638
2330,0.9523809523809524,5,4,5,600834,4776,103068,4888,0.04424024602615881,0.5057947019867549
2331,0.9523809523809526,0,2,0,600836,4774,103068,4888,0.044221719959983696,0.5058993997102049
2332,0.954242424242424,0,1,0,600837,4773,103068,4888,0.04421245692689614,0.5059517648276576
2333,0.955,10,9,10,600846,4764,103078,4878,0.04412908962910816,0.5059116365899191
2334,0.9555555555555556,2,1,2,600847,4763,103080,4876,0.0441198265960206,0.5058616039008196
2335,0.9571428571428572,0,4,0,600851,4759,103080,4876,0.044082774463670385,0.5060716139076284
2336,0.9583333333333331,0,2,0,600853,4757,103080,4876,0.04406424839749527,0.5061766843143362
2337,0.9583333333333334,1,1,1,600854,4756,103081,4875,0.044054985364407724,0.5061779669816219
2338,0.96,11,29,11,600883,4727,103092,4864,0.04378635740486865,0.5071421123970389
2339,0.9607142857142856,0,1,0,600884,4726,103092,4864,0.043777094371781095,0.5071949947862356
2340,0.9625,1,1,1,600885,4725,103093,4863,0.04376783133869354,0.5071964956195244
2341,0.9632142857142858,0,1,0,600886,4724,103093,4863,0.04375856830560599,0.5072494002294774
2342,0.9633333333333332,2,5,2,600891,4719,103095,4861,0.04371225314016822,0.5074112734864301
2343,0.9638888888888888,1,2,1,600893,4717,103096,4860,0.043693727073993105,0.5074658034875222
2344,0.9666666666666666,116,139,116,601032,4578,103212,4744,0.04240616547482308,0.5089036687406137
2345,0.9666666666666668,70,98,70,601130,4480,103282,4674,0.041498388232242764,0.510596460563688
2346,0.9675,2,0,2,601130,4480,103284,4672,0.041498388232242764,0.5104895104895105
2347,0.9690476190476188,0,1,0,601131,4479,103284,4672,0.041489125199155215,0.5105452955961097
2348,0.9708333333333334,0,2,0,601133,4477,103284,4672,0.0414705991329801,0.5106569023937042
2349,0.9714285714285712,2,0,2,601133,4477,103286,4670,0.0414705991329801,0.5105499070733573
2350,0.9714285714285716,1,0,1,601133,4477,103287,4669,0.0414705991329801,0.5104963918652963
2351,0.9727272727272728,1,0,1,601133,4477,103288,4668,0.0414705991329801,0.5104428649535265
2352,0.9746031746031748,0,1,0,601134,4476,103288,4668,0.04146133609989255,0.510498687664042
2353,0.975,79,145,79,601279,4331,103367,4589,0.04011819630219719,0.5144618834080718
2354,0.978409090909091,1,0,1,601279,4331,103368,4588,0.04011819630219719,0.514407444780805
2355,0.98,34,53,34,601332,4278,103402,4554,0.03962725554855682,0.515625
2356,0.9833333333333332,2,15,2,601347,4263,103404,4552,0.03948831005224351,0.5163925127623369
2357,0.9833333333333334,7,12,7,601359,4251,103411,4545,0.039377153655192856,0.5167121418826739
2358,0.9857142857142858,4,11,4,601370,4240,103415,4541,0.03927526029122976,0.5171392779865619
2359,0.9875,1,6,1,601376,4234,103416,4540,0.03921968209270443,0.5174378846592205
2360,0.9888888888888888,3,2,3,601378,4232,103419,4537,0.03920115602652933,0.517390808530049
2361,1.0,4537,4232,4537,605610,0,107956,0,0.0,
