p,Neg,Pos,mPrec,TN,FP,FN,TP,Prec,Rec,FP/P,$\hat{p}$
0.0,"28,088","1,893",0.06,"28,088","577,522","1,893","106,063",0.16,0.98,5.35,0.96
0.01,169,14,0.08,"28,257","577,353","1,907","106,049",0.16,0.98,5.35,0.96
0.02,870,48,0.05,"29,127","576,483","1,955","106,001",0.16,0.98,5.34,0.96
0.03,"1,648",123,0.07,"30,775","574,835","2,078","105,878",0.16,0.98,5.32,0.95
0.04,"1,888",153,0.07,"32,663","572,947","2,231","105,725",0.16,0.98,5.31,0.95
0.05,"1,656",99,0.06,"34,319","571,291","2,330","105,626",0.16,0.98,5.29,0.95
0.06,"3,471",270,0.07,"37,790","567,820","2,600","105,356",0.16,0.98,5.26,0.94
0.07,"3,382",240,0.07,"41,172","564,438","2,840","105,116",0.16,0.97,5.23,0.94
0.08,"2,965",237,0.07,"44,137","561,473","3,077","104,879",0.16,0.97,5.20,0.93
0.09,"3,052",226,0.07,"47,189","558,421","3,303","104,653",0.16,0.97,5.17,0.93
0.1,"2,505",189,0.07,"49,694","555,916","3,492","104,464",0.16,0.97,5.15,0.93
0.11,"8,908",723,0.08,"58,602","547,008","4,215","103,741",0.16,0.96,5.07,0.91
0.12,"3,204",261,0.08,"61,806","543,804","4,476","103,480",0.16,0.96,5.04,0.91
0.13,"3,957",286,0.07,"65,763","539,847","4,762","103,194",0.16,0.96,5.00,0.90
0.14,"4,408",308,0.07,"70,171","535,439","5,070","102,886",0.16,0.95,4.96,0.89
0.15,"4,743",365,0.07,"74,914","530,696","5,435","102,521",0.16,0.95,4.92,0.89
0.16,"5,823",491,0.08,"80,737","524,873","5,926","102,030",0.16,0.95,4.86,0.88
0.17,"4,535",346,0.07,"85,272","520,338","6,272","101,684",0.16,0.94,4.82,0.87
0.18,"7,070",574,0.08,"92,342","513,268","6,846","101,110",0.16,0.94,4.75,0.86
0.19,"5,475",421,0.07,"97,817","507,793","7,267","100,689",0.17,0.93,4.70,0.85
0.2,"5,771",439,0.07,"103,588","502,022","7,706","100,250",0.17,0.93,4.65,0.84
0.21,"9,088",803,0.08,"112,676","492,934","8,509","99,447",0.17,0.92,4.57,0.83
0.22,"6,549",546,0.08,"119,225","486,385","9,055","98,901",0.17,0.92,4.51,0.82
0.23,"6,726",543,0.07,"125,951","479,659","9,598","98,358",0.17,0.91,4.44,0.81
0.24,"7,616",642,0.08,"133,567","472,043","10,240","97,716",0.17,0.91,4.37,0.80
0.25,"7,308",663,0.08,"140,875","464,735","10,903","97,053",0.17,0.90,4.30,0.79
0.26,"8,231",700,0.08,"149,106","456,504","11,603","96,353",0.17,0.89,4.23,0.77
0.27,"7,242",650,0.08,"156,348","449,262","12,253","95,703",0.18,0.89,4.16,0.76
0.28,"8,285",788,0.09,"164,633","440,977","13,041","94,915",0.18,0.88,4.08,0.75
0.29,"7,788",774,0.09,"172,421","433,189","13,815","94,141",0.18,0.87,4.01,0.74
0.3,"7,903",838,0.10,"180,324","425,286","14,653","93,303",0.18,0.86,3.94,0.73
0.31,"9,923","1,070",0.10,"190,247","415,363","15,723","92,233",0.18,0.85,3.85,0.71
0.32,"7,610",867,0.10,"197,857","407,753","16,590","91,366",0.18,0.85,3.78,0.70
0.33,"7,336",803,0.10,"205,193","400,417","17,393","90,563",0.18,0.84,3.71,0.69
0.34,"8,004",934,0.10,"213,197","392,413","18,327","89,629",0.19,0.83,3.63,0.68
0.35,"8,279",983,0.11,"221,476","384,134","19,310","88,646",0.19,0.82,3.56,0.66
0.36,"9,418","1,223",0.11,"230,894","374,716","20,533","87,423",0.19,0.81,3.47,0.65
0.37,"8,301","1,038",0.11,"239,195","366,415","21,571","86,385",0.19,0.80,3.39,0.63
0.38,"8,774","1,162",0.12,"247,969","357,641","22,733","85,223",0.19,0.79,3.31,0.62
0.39,"8,980","1,238",0.12,"256,949","348,661","23,971","83,985",0.19,0.78,3.23,0.61
0.4,"9,701","1,318",0.12,"266,650","338,960","25,289","82,667",0.20,0.77,3.14,0.59
0.41,"8,842","1,279",0.13,"275,492","330,118","26,568","81,388",0.20,0.75,3.06,0.58
0.42,"10,553","1,576",0.13,"286,045","319,565","28,144","79,812",0.20,0.74,2.96,0.56
0.43,"9,924","1,441",0.13,"295,969","309,641","29,585","78,371",0.20,0.73,2.87,0.54
0.44,"9,840","1,456",0.13,"305,809","299,801","31,041","76,915",0.20,0.71,2.78,0.53
0.45,"11,124","1,618",0.13,"316,933","288,677","32,659","75,297",0.21,0.70,2.67,0.51
0.46,"10,187","1,557",0.13,"327,120","278,490","34,216","73,740",0.21,0.68,2.58,0.49
0.47,"9,960","1,542",0.13,"337,080","268,530","35,758","72,198",0.21,0.67,2.49,0.48
0.48,"11,206","1,889",0.14,"348,286","257,324","37,647","70,309",0.21,0.65,2.38,0.46
0.49,"10,123","1,641",0.14,"358,409","247,201","39,288","68,668",0.22,0.64,2.29,0.44
0.5,"11,540","2,045",0.15,"369,949","235,661","41,333","66,623",0.22,0.62,2.18,0.42
0.51,"10,039","1,697",0.14,"379,988","225,622","43,030","64,926",0.22,0.60,2.09,0.41
0.52,"10,767","1,948",0.15,"390,755","214,855","44,978","62,978",0.23,0.58,1.99,0.39
0.53,"10,233","1,842",0.15,"400,988","204,622","46,820","61,136",0.23,0.57,1.90,0.37
0.54,"9,662","1,798",0.16,"410,650","194,960","48,618","59,338",0.23,0.55,1.81,0.36
0.55,"10,178","1,975",0.16,"420,828","184,782","50,593","57,363",0.24,0.53,1.71,0.34
0.56,"9,376","1,892",0.17,"430,204","175,406","52,485","55,471",0.24,0.51,1.62,0.32
0.57,"8,498","1,809",0.18,"438,702","166,908","54,294","53,662",0.24,0.50,1.55,0.31
0.58,"8,491","1,819",0.18,"447,193","158,417","56,113","51,843",0.25,0.48,1.47,0.29
0.59,"8,935","1,972",0.18,"456,128","149,482","58,085","49,871",0.25,0.46,1.38,0.28
0.6,"8,332","1,887",0.18,"464,460","141,150","59,972","47,984",0.25,0.44,1.31,0.27
0.61,"8,207","1,960",0.19,"472,667","132,943","61,932","46,024",0.26,0.43,1.23,0.25
0.62,"7,877","1,999",0.20,"480,544","125,066","63,931","44,025",0.26,0.41,1.16,0.24
0.63,"7,688","2,001",0.21,"488,232","117,378","65,932","42,024",0.26,0.39,1.09,0.22
0.64,"7,899","2,085",0.21,"496,131","109,479","68,017","39,939",0.27,0.37,1.01,0.21
0.65,"7,229","1,845",0.20,"503,360","102,250","69,862","38,094",0.27,0.35,0.95,0.20
0.66,"6,986","1,954",0.22,"510,346","95,264","71,816","36,140",0.28,0.33,0.88,0.18
0.67,"6,971","2,010",0.22,"517,317","88,293","73,826","34,130",0.28,0.32,0.82,0.17
0.68,"6,132","1,708",0.22,"523,449","82,161","75,534","32,422",0.28,0.30,0.76,0.16
0.69,"6,389","1,921",0.23,"529,838","75,772","77,455","30,501",0.29,0.28,0.70,0.15
0.7,"5,733","1,813",0.24,"535,571","70,039","79,268","28,688",0.29,0.27,0.65,0.14
0.71,"5,978","1,883",0.24,"541,549","64,061","81,151","26,805",0.29,0.25,0.59,0.13
0.72,"5,608","1,851",0.25,"547,157","58,453","83,002","24,954",0.30,0.23,0.54,0.12
0.73,"5,047","1,612",0.24,"552,204","53,406","84,614","23,342",0.30,0.22,0.49,0.11
0.74,"4,796","1,601",0.25,"557,000","48,610","86,215","21,741",0.31,0.20,0.45,0.10
0.75,"4,394","1,609",0.27,"561,394","44,216","87,824","20,132",0.31,0.19,0.41,0.09
0.76,"4,198","1,495",0.26,"565,592","40,018","89,319","18,637",0.32,0.17,0.37,0.08
0.77,"4,151","1,477",0.26,"569,743","35,867","90,796","17,160",0.32,0.16,0.33,0.07
0.78,"3,110","1,154",0.27,"572,853","32,757","91,950","16,006",0.33,0.15,0.30,0.07
0.79,"3,421","1,305",0.28,"576,274","29,336","93,255","14,701",0.33,0.14,0.27,0.06
0.8,"2,822","1,213",0.30,"579,096","26,514","94,468","13,488",0.34,0.12,0.25,0.06
0.81,"2,710","1,091",0.29,"581,806","23,804","95,559","12,397",0.34,0.11,0.22,0.05
0.82,"2,360",974,0.29,"584,166","21,444","96,533","11,423",0.35,0.11,0.20,0.05
0.83,"2,848","1,209",0.30,"587,014","18,596","97,742","10,214",0.35,0.09,0.17,0.04
0.84,"2,010",926,0.32,"589,024","16,586","98,668","9,288",0.36,0.09,0.15,0.04
0.85,"1,822",808,0.31,"590,846","14,764","99,476","8,480",0.36,0.08,0.14,0.03
0.86,"1,725",827,0.32,"592,571","13,039","100,303","7,653",0.37,0.07,0.12,0.03
0.87,"1,383",604,0.30,"593,954","11,656","100,907","7,049",0.38,0.07,0.11,0.03
0.88,"1,565",730,0.32,"595,519","10,091","101,637","6,319",0.39,0.06,0.09,0.02
0.89,"1,345",651,0.33,"596,864","8,746","102,288","5,668",0.39,0.05,0.08,0.02
0.9,"1,098",547,0.33,"597,962","7,648","102,835","5,121",0.40,0.05,0.07,0.02
0.91,905,534,0.37,"598,867","6,743","103,369","4,587",0.40,0.04,0.06,0.02
0.92,769,474,0.38,"599,636","5,974","103,843","4,113",0.41,0.04,0.06,0.01
0.93,"1,343",823,0.38,"600,979","4,631","104,666","3,290",0.42,0.03,0.04,0.01
0.94,616,317,0.34,"601,595","4,015","104,983","2,973",0.43,0.03,0.04,0.01
0.95,667,426,0.39,"602,262","3,348","105,409","2,547",0.43,0.02,0.03,0.01
0.96,539,330,0.38,"602,801","2,809","105,739","2,217",0.44,0.02,0.03,0.01
0.97,365,271,0.43,"603,166","2,444","106,010","1,946",0.44,0.02,0.02,0.01
0.98,623,366,0.37,"603,789","1,821","106,376","1,580",0.46,0.01,0.02,0.00
0.99,239,197,0.45,"604,028","1,582","106,573","1,383",0.47,0.01,0.01,0.00
1.0,"1,582","1,383",0.47,"605,610",0,"107,956",0,nan,0.00,0.00,0.00
