p,Neg,Pos,mPrec,TN,FP,FN,TP,Prec,Rec,FP/P,$\hat{p}$
0.0,"77,767","2,148",0.03,"77,767","527,843","2,148","105,808",0.17,0.98,4.89,0.89
0.05,229,12,0.05,"77,996","527,614","2,160","105,796",0.17,0.98,4.89,0.89
0.1,"96,961","4,597",0.05,"174,957","430,653","6,757","101,199",0.19,0.94,3.99,0.75
0.15,422,21,0.05,"175,379","430,231","6,778","101,178",0.19,0.94,3.99,0.74
0.2,"97,991","7,142",0.07,"273,370","332,240","13,920","94,036",0.22,0.87,3.08,0.60
0.25,597,51,0.08,"273,967","331,643","13,971","93,985",0.22,0.87,3.07,0.60
0.3,"90,144","9,646",0.10,"364,111","241,499","23,617","84,339",0.26,0.78,2.24,0.46
0.35,643,72,0.10,"364,754","240,856","23,689","84,267",0.26,0.78,2.23,0.46
0.4,"76,239","11,757",0.13,"440,993","164,617","35,446","72,510",0.31,0.67,1.52,0.33
0.45,545,125,0.19,"441,538","164,072","35,571","72,385",0.31,0.67,1.52,0.33
0.5,"59,575","13,063",0.18,"501,113","104,497","48,634","59,322",0.36,0.55,0.97,0.23
0.55,435,126,0.22,"501,548","104,062","48,760","59,196",0.36,0.55,0.96,0.23
0.6,"43,128","13,655",0.24,"544,676","60,934","62,415","45,541",0.43,0.42,0.56,0.15
0.65,356,153,0.30,"545,032","60,578","62,568","45,388",0.43,0.42,0.56,0.15
0.7,"28,678","13,252",0.32,"573,710","31,900","75,820","32,136",0.50,0.30,0.30,0.09
0.75,226,134,0.37,"573,936","31,674","75,954","32,002",0.50,0.30,0.29,0.09
0.8,"17,569","12,667",0.42,"591,505","14,105","88,621","19,335",0.58,0.18,0.13,0.05
0.85,120,133,0.53,"591,625","13,985","88,754","19,202",0.58,0.18,0.13,0.05
0.9,"9,759","11,196",0.53,"601,384","4,226","99,950","8,006",0.65,0.07,0.04,0.02
0.95,55,74,0.57,"601,439","4,171","100,024","7,932",0.66,0.07,0.04,0.02
1.0,"4,171","7,932",0.66,"605,610",0,"107,956",0,nan,0.00,0.00,0.00
