p,Neg,Pos,mPrec,TN,FP,FN,TP,Prec,Rec,FP/P,$\hat{p}$
0.0,"28,088","1,893",0.06,"28,088","577,522","1,893","106,063",0.16,0.98,5.35,0.96
0.1,"20,489","1,513",0.07,"48,577","557,033","3,406","104,550",0.16,0.97,5.16,0.93
0.2,"48,943","3,822",0.07,"97,520","508,090","7,228","100,728",0.17,0.93,4.71,0.85
0.3,"70,301","6,110",0.08,"167,821","437,789","13,338","94,618",0.18,0.88,4.06,0.75
0.4,"78,684","9,189",0.10,"246,505","359,105","22,527","85,429",0.19,0.79,3.33,0.62
0.5,"93,806","13,765",0.13,"340,311","265,299","36,292","71,664",0.21,0.66,2.46,0.47
0.6,"96,813","17,651",0.15,"437,124","168,486","53,943","54,013",0.24,0.50,1.56,0.31
0.7,"74,764","18,301",0.20,"511,888","93,722","72,244","35,712",0.28,0.33,0.87,0.18
0.8,"52,320","16,579",0.24,"564,208","41,402","88,823","19,133",0.32,0.18,0.38,0.08
0.9,"26,932","10,778",0.29,"591,140","14,470","99,601","8,355",0.37,0.08,0.13,0.03
1.0,"14,470","8,355",0.37,"605,610",0,"107,956",0,nan,0.00,0.00,0.00
