p,Neg,Pos,$\frac{\text{Pos}}{\text{Neg}+\text{Pos}}$,TN,FP,FN,TP,Prec,Rec,$\frac{\text{FP}}{\text{P}}$
0.0,"27,692","1,870",0.06,"27,692","577,918","1,870","106,086",0.16,0.98,5.35
0.05,"8,635",620,0.07,"36,327","569,283","2,490","105,466",0.16,0.98,5.27
0.1,"20,419","1,599",0.07,"56,746","548,864","4,089","103,867",0.16,0.96,5.08
0.15,"21,664","1,552",0.07,"78,410","527,200","5,641","102,315",0.16,0.95,4.88
0.2,"32,121","2,675",0.08,"110,531","495,079","8,316","99,640",0.17,0.92,4.59
0.25,"35,947","3,106",0.08,"146,478","459,132","11,422","96,534",0.17,0.89,4.25
0.3,"42,049","4,075",0.09,"188,527","417,083","15,497","92,459",0.18,0.86,3.86
0.35,"40,999","4,861",0.11,"229,526","376,084","20,358","87,598",0.19,0.81,3.48
0.4,"47,452","6,273",0.12,"276,978","328,632","26,631","81,325",0.20,0.75,3.04
0.45,"53,411","7,943",0.13,"330,389","275,221","34,574","73,382",0.21,0.68,2.55
0.5,"54,100","9,204",0.15,"384,489","221,121","43,778","64,178",0.22,0.59,2.05
0.55,"49,337","9,350",0.16,"433,826","171,784","53,128","54,828",0.24,0.51,1.59
0.6,"43,493","9,967",0.19,"477,319","128,291","63,095","44,861",0.26,0.42,1.19
0.65,"38,042","9,929",0.21,"515,361","90,249","73,024","34,932",0.28,0.32,0.84
0.7,"31,663","9,880",0.24,"547,024","58,586","82,904","25,052",0.30,0.23,0.54
0.75,"22,682","7,982",0.26,"569,706","35,904","90,886","17,070",0.32,0.16,0.33
0.8,"15,650","6,038",0.28,"585,356","20,254","96,924","11,032",0.35,0.10,0.19
0.85,"9,075","4,228",0.32,"594,431","11,179","101,152","6,804",0.38,0.06,0.10
0.9,"5,950","3,095",0.34,"600,381","5,229","104,247","3,709",0.41,0.03,0.05
0.95,"3,183","1,965",0.38,"603,564","2,046","106,212","1,744",0.46,0.02,0.02
1.0,"2,046","1,744",0.46,"605,610",0,"107,956",0,nan,0.00,0.00
