,y_proba,y_test,Neg,Pos,TN,FP,FN,TP,FP/P,Prec
0,0.0,2674,54817,2674,54817,550793,2674,105282,5.102013783393234,0.16047250695423543
1,0.01,0,1,0,54818,550792,2674,105282,5.102004520360147,0.1604727515493679
2,0.0111,0,5,0,54823,550787,2674,105282,5.101958205194709,0.16047397453621495
3,0.0125,0,3,0,54826,550784,2674,105282,5.101930416095446,0.16047470833727095
4,0.0143,0,5,0,54831,550779,2674,105282,5.101884100930008,0.16047593135394422
5,0.0167,0,29,0,54860,550750,2674,105282,5.10161547297047,0.16048302521828203
6,0.02,1,47,1,54907,550703,2675,105281,5.1011801104153545,0.16049324373765214
7,0.025,12,195,12,55102,550508,2687,105269,5.099373818963281,0.16052560550309022
8,0.0286,2,10,2,55112,550498,2689,105267,5.099281188632406,0.16052549312634862
9,0.0333,52,840,52,55952,549658,2741,105215,5.09150024083886,0.16066473957545968
10,0.0375,0,7,0,55959,549651,2741,105215,5.0914353996072474,0.16066645695455253
11,0.04,7,123,7,56082,549528,2748,105208,5.090296046537478,0.1606876664793138
12,0.0417,0,1,0,56083,549527,2748,105208,5.090286783504391,0.16068791190328913
13,0.0429,1,15,1,56098,549512,2749,105207,5.090147838008077,0.16069031141604262
14,0.0444,1,3,1,56101,549509,2750,105206,5.0901200489088145,0.16068976577594832
15,0.0476,1,1,1,56102,549508,2751,105205,5.090110785875727,0.16068872925999636
16,0.05,277,3950,277,60052,545558,3028,104928,5.053521805179888,0.16130708424162857
17,0.0533,1,2,1,60054,545556,3029,104927,5.053503279113713,0.16130629086386578
18,0.0536,0,1,0,60055,545555,3029,104927,5.053494016080625,0.16130653884350374
19,0.0571,0,13,0,60068,545542,3029,104927,5.053373596650487,0.16130976264818153
20,0.0583,3,15,3,60083,545527,3032,104924,5.053234651154174,0.16130961440600444
21,0.06,18,203,18,60286,545324,3050,104906,5.0513542554374,0.16133675776263784
22,0.0615,0,1,0,60287,545323,3050,104906,5.051344992404313,0.16133700588561875
23,0.0619,1,0,1,60287,545323,3051,104905,5.051344992404313,0.16133571608728015
24,0.0622,0,1,0,60288,545322,3051,104905,5.0513357293712255,0.16133596420942226
25,0.0643,1,3,1,60291,545319,3052,104904,5.051307940271963,0.1613354187717137
26,0.065,0,7,0,60298,545312,3052,104904,5.05124309904035,0.16133715565289072
27,0.0667,119,1889,119,62187,543423,3171,104785,5.03374522953796,0.1616533581813245
28,0.0686,0,1,0,62188,543422,3171,104785,5.033735966504873,0.16165360756671865
29,0.07,3,17,3,62205,543405,3174,104782,5.033578494942384,0.16165396714219815
30,0.0714,2,21,2,62226,543384,3176,104780,5.033383971247545,0.16165661776957685
31,0.0733,2,8,2,62234,543376,3178,104778,5.033309866982845,0.1616560261913064
32,0.075,58,694,58,62928,542682,3236,104720,5.026881322020082,0.1617542114482192
33,0.0762,0,1,0,62929,542681,3236,104720,5.026872058986995,0.16175446129987442
34,0.0778,0,4,0,62933,542677,3236,104720,5.026835006854644,0.161755460714214
35,0.0786,1,0,1,62933,542677,3237,104719,5.026835006854644,0.161754165920086
36,0.08,13,256,13,63189,542421,3250,104706,5.024463670384231,0.16180131566137712
37,0.0818,1,0,1,63189,542421,3251,104705,5.024463670384231,0.16180002039788233
38,0.0821,0,1,0,63190,542420,3251,104705,5.0244544073511435,0.16180027042688816
39,0.0833,11,202,11,63392,542218,3262,104694,5.022583274667457,0.16183654036406805
40,0.085,2,5,2,63397,542213,3264,104692,5.02253695950202,0.16183519991343395
41,0.0857,2,41,2,63438,542172,3266,104690,5.02215717514543,0.16184286602088235
42,0.0867,1,13,1,63451,542159,3267,104689,5.022036755715291,0.16184482289502325
43,0.0889,0,4,0,63455,542155,3267,104689,5.021999703582941,0.1618458237225668
44,0.09,0,29,0,63484,542126,3267,104689,5.021731075623402,0.16185308009245303
45,0.0917,1,25,1,63509,542101,3268,104688,5.021499499796214,0.16185804025733277
46,0.0929,1,4,1,63513,542097,3269,104687,5.021462447663863,0.161857745398773
47,0.0933,1,6,1,63519,542091,3270,104686,5.021406869465338,0.1618579510403122
48,0.095,0,2,0,63521,542089,3270,104686,5.021388343399162,0.1618584515480654
49,0.0967,0,1,0,63522,542088,3270,104686,5.021379080366075,0.16185870180310277
50,0.1,5367,74513,5367,138035,467575,8637,99319,4.33116269591315,0.1751985379982854
51,0.1024,0,2,0,138037,467573,8637,99319,4.331144169846975,0.1751991561002801
52,0.1033,0,6,0,138043,467567,8637,99319,4.33108859164845,0.17520101043243264
53,0.1036,1,1,1,138044,467566,8638,99318,4.3310793286153615,0.17519986452254782
54,0.1042,0,2,0,138046,467564,8638,99318,4.331060802549187,0.17520048264012617
55,0.105,0,4,0,138050,467560,8638,99318,4.331023750416836,0.17520171888836752
56,0.1056,0,4,0,138054,467556,8638,99318,4.3309866982844865,0.1752029551540554
57,0.1067,0,11,0,138065,467545,8638,99318,4.330884804920523,0.17520635497465878
58,0.1071,0,1,0,138066,467544,8638,99318,4.330875541887436,0.17520666405580193
59,0.1083,2,37,2,138103,467507,8640,99316,4.330532809663196,0.1752151906327019
60,0.1087,1,4,1,138107,467503,8641,99315,4.330495757530846,0.17521497200159486
61,0.11,3,39,3,138146,467464,8644,99312,4.330134499240431,0.1752226629215069
62,0.1111,0,2,0,138148,467462,8644,99312,4.330115973174256,0.1752232812373186
63,0.1117,0,2,0,138150,467460,8644,99312,4.330097447108081,0.175223899557494
64,0.1125,0,2,0,138152,467458,8644,99312,4.330078921041906,0.17522451788203328
65,0.1133,1,5,1,138157,467453,8645,99311,4.330032605876468,0.1752246084790142
66,0.1136,0,2,0,138159,467451,8645,99311,4.330014079810293,0.17522522681478292
67,0.1143,0,4,0,138163,467447,8645,99311,4.329977027677943,0.17522646349941245
68,0.115,0,1,0,138164,467446,8645,99311,4.329967764644855,0.17522677267329737
69,0.1155,1,4,1,138168,467442,8646,99310,4.329930712512505,0.17522655411890914
70,0.1167,23,292,23,138460,467150,8669,99287,4.3272259068509396,0.17528339426979522
71,0.1171,0,2,0,138462,467148,8669,99287,4.327207380784764,0.17528401317009012
72,0.1182,0,1,0,138463,467147,8669,99287,4.327198117751677,0.17528432262187651
73,0.12,5,62,5,138525,467085,8674,99282,4.326623809700248,0.1752962301829026
74,0.1208,0,1,0,138526,467084,8674,99282,4.326614546667161,0.1752965396934138
75,0.1214,0,3,0,138529,467081,8674,99282,4.326586757567898,0.17529746823150524
76,0.1227,0,1,0,138530,467080,8674,99282,4.326577494534811,0.17529777774638836
77,0.1233,0,3,0,138533,467077,8674,99282,4.326549705435548,0.1752987062975957
78,0.125,34,402,34,138935,466675,8708,99248,4.322825966134351,0.17537368157858932
79,0.1262,0,1,0,138936,466674,8708,99248,4.322816703101264,0.175373991468789
80,0.1267,3,18,3,138954,466656,8711,99245,4.322649968505687,0.1753751981353629
81,0.1271,1,1,1,138955,466655,8712,99244,4.3226407054726,0.17537405084652916
82,0.1273,0,1,0,138956,466654,8712,99244,4.322631442439512,0.17537436075052396
83,0.1283,0,1,0,138957,466653,8712,99244,4.322622179406425,0.17537467065561402
84,0.1286,1,13,1,138970,466640,8713,99243,4.322501759976286,0.17537724229213458
85,0.1292,0,1,0,138971,466639,8713,99243,4.322492496943199,0.17537755221053153
86,0.13,4,34,4,139005,466605,8717,99239,4.322177553818222,0.17538226083514183
87,0.1333,102,1376,102,140381,465229,8819,99137,4.309431620289748,0.17566083002874022
88,0.1343,0,1,0,140382,465228,8819,99137,4.30942235725666,0.17566114128268054
89,0.135,2,3,2,140385,465225,8821,99135,4.309394568157398,0.17565915373166063
90,0.1352,0,1,0,140386,465224,8821,99135,4.30938530512431,0.1756594649859398
91,0.1357,0,7,0,140393,465217,8821,99135,4.309320463892697,0.17566164379677932
92,0.1367,1,7,1,140400,465210,8822,99134,4.309255622661084,0.17566236196362503
93,0.1375,0,9,0,140409,465201,8822,99134,4.309172255363296,0.17566516342243527
94,0.1381,0,1,0,140410,465200,8822,99134,4.309162992330209,0.17566547470115215
95,0.1383,1,4,1,140414,465196,8823,99133,4.309125940197858,0.17566525909531497
96,0.1393,0,1,0,140415,465195,8823,99133,4.309116677164771,0.17566557037751096
97,0.14,15,149,15,140564,465046,8838,99118,4.3077364852347255,0.17569004757481868
98,0.1401,0,1,0,140565,465045,8838,99118,4.307727222201637,0.17569035899199345
99,0.1417,1,62,1,140627,464983,8839,99117,4.307152914150209,0.17570820776458074
100,0.1425,0,2,0,140629,464981,8839,99117,4.307134388084034,0.17570883073508503
101,0.1429,3,18,3,140647,464963,8842,99114,4.306967653488458,0.17571005376925491
102,0.1433,0,3,0,140650,464960,8842,99114,4.306939864389196,0.1757109882745881
103,0.1436,0,3,0,140653,464957,8842,99114,4.306912075289933,0.17571192278986156
104,0.1443,0,1,0,140654,464956,8842,99114,4.306902812256846,0.1757122342971617
105,0.1444,1,4,1,140658,464952,8843,99113,4.306865760124495,0.1757120190049019
106,0.145,0,4,0,140662,464948,8843,99113,4.306828707992145,0.17571326505466608
107,0.1452,0,1,0,140663,464947,8843,99113,4.306819444959057,0.17571357656986844
108,0.1456,0,1,0,140664,464946,8843,99113,4.30681018192597,0.17571388808617538
109,0.1464,0,2,0,140666,464944,8843,99113,4.3067916558597945,0.1757145111221029
110,0.1467,3,16,3,140682,464928,8846,99110,4.306643447330394,0.175715111393204
111,0.1476,0,1,0,140683,464927,8846,99110,4.306634184297306,0.1757154229243826
112,0.1478,2,3,2,140686,464924,8848,99108,4.306606395198044,0.17571343469874048
113,0.1486,0,4,0,140690,464920,8848,99108,4.306569343065694,0.1757146808314481
114,0.15,530,6453,530,147143,458467,9378,98578,4.246794990551706,0.1769659542765845
115,0.1505,0,1,0,147144,458466,9378,98578,4.246785727518619,0.17696627196415363
116,0.1514,0,1,0,147145,458465,9378,98578,4.2467764644855315,0.1769665896528634
117,0.1524,0,6,0,147151,458459,9378,98578,4.246720886287005,0.17696849580907553
118,0.1528,0,2,0,147153,458457,9378,98578,4.246702360220831,0.1769691312036048
119,0.1533,0,9,0,147162,458448,9378,98578,4.246618992923043,0.17697199053545076
120,0.1538,1,0,1,147162,458448,9379,98577,4.246618992923043,0.17697051299313316
121,0.1545,0,3,0,147165,458445,9379,98577,4.24659120382378,0.17697146611803483
122,0.155,1,7,1,147172,458438,9380,98576,4.246526362592167,0.17697221254762
123,0.1552,0,4,0,147176,458434,9380,98576,4.246489310459817,0.1769734834204054
124,0.1567,0,4,0,147180,458430,9380,98576,4.246452258327467,0.1769747543114437
125,0.1571,2,17,2,147197,458413,9382,98574,4.246294786764978,0.17697720054507557
126,0.1583,4,50,4,147247,458363,9386,98570,4.2458316351106005,0.1769871779908894
127,0.16,12,289,12,147536,458074,9398,98558,4.243154618548298,0.17706132597479124
128,0.1611,0,1,0,147537,458073,9398,98558,4.24314535551521,0.17706164406941044
129,0.1615,0,1,0,147538,458072,9398,98558,4.243136092482122,0.17706196216517256
130,0.1619,0,1,0,147539,458071,9398,98558,4.243126829449035,0.17706228026207763
131,0.1625,0,7,0,147546,458064,9398,98558,4.243061988217422,0.17706450697241574
132,0.1633,0,2,0,147548,458062,9398,98558,4.243043462151247,0.17706514318565628
133,0.1643,0,1,0,147549,458061,9398,98558,4.243034199118159,0.17706546129399103
134,0.165,0,12,0,147561,458049,9398,98558,4.242923042721109,0.17706927868316424
135,0.1657,0,2,0,147563,458047,9398,98558,4.242904516654933,0.1770699149306959
136,0.1662,0,2,0,147565,458045,9398,98558,4.242885990588759,0.17707055118279996
137,0.1667,281,3155,281,150720,454890,9679,98277,4.213661121197525,0.17766244190271654
138,0.1679,0,2,0,150722,454888,9679,98277,4.21364259513135,0.17766308425153435
139,0.1683,4,13,4,150735,454875,9683,98273,4.213522175701212,0.17766131306630414
140,0.1689,1,1,1,150736,454874,9684,98272,4.213512912668124,0.1776601475921366
141,0.169,0,1,0,150737,454873,9684,98272,4.213503649635037,0.17766046877401043
142,0.17,3,21,3,150758,454852,9687,98269,4.213309125940198,0.17766275371934892
143,0.1708,0,1,0,150759,454851,9687,98269,4.21329986290711,0.17766307492045125
144,0.1714,3,30,3,150789,454821,9690,98266,4.2130219719144835,0.1776682511069687
145,0.1721,1,1,1,150790,454820,9691,98265,4.213012708881396,0.177667085529349
146,0.1733,0,14,0,150804,454806,9691,98265,4.2128830264181705,0.17767158285283444
147,0.175,111,1226,111,152030,453580,9802,98154,4.201526547852829,0.17790094502060777
148,0.1762,0,2,0,152032,453578,9802,98154,4.201508021786654,0.1779015899023439
149,0.1767,0,4,0,152036,453574,9802,98154,4.201470969654304,0.17790287967984225
150,0.177,1,1,1,152037,453573,9803,98153,4.201461706621216,0.17790171208172173
151,0.1778,2,6,2,152043,453567,9805,98151,4.201406128422691,0.1779006666449164
152,0.1783,0,2,0,152045,453565,9805,98151,4.201387602356515,0.17790131154434527
153,0.1786,0,5,0,152050,453560,9805,98151,4.201341287191078,0.1779029238133733
154,0.18,36,454,36,152504,453106,9841,98115,4.197135870169328,0.1779957585070235
155,0.1818,0,1,0,152505,453105,9841,98115,4.197126607136241,0.17799608141939696
156,0.1819,1,0,1,152505,453105,9842,98114,4.197126607136241,0.1779945901719643
157,0.1826,0,1,0,152506,453104,9842,98114,4.1971173441031535,0.17799491308338988
158,0.1829,0,2,0,152508,453102,9842,98114,4.197098818036978,0.17799555890975588
159,0.1833,35,391,35,152899,452711,9877,98079,4.193476972099744,0.17806968172987891
160,0.185,1,8,1,152907,452703,9878,98078,4.193402867835044,0.17807077586191244
161,0.1852,1,4,1,152911,452699,9879,98077,4.193365815702694,0.1780705767862071
162,0.1857,1,48,1,152959,452651,9880,98076,4.192921190114491,0.17808460453182792
163,0.1867,1,9,1,152968,452642,9881,98075,4.192837822816703,0.17808602240352123
164,0.1869,0,1,0,152969,452641,9881,98075,4.1928285597836155,0.17808634577531796
165,0.1875,3,24,3,152993,452617,9884,98072,4.192606246989515,0.17808962953681662
166,0.1883,2,1,2,152994,452616,9886,98070,4.1925969839564265,0.17808696789095782
167,0.1889,1,10,1,153004,452606,9887,98069,4.1925043536255515,0.17808870931129978
168,0.1893,0,1,0,153005,452605,9887,98069,4.192495090592463,0.17808903271263943
169,0.1897,0,1,0,153006,452604,9887,98069,4.192485827559376,0.17808935611515364
170,0.19,4,36,4,153042,452568,9891,98065,4.192152358368224,0.17809502881229422
171,0.1905,0,4,0,153046,452564,9891,98065,4.192115306235874,0.17809632256927985
172,0.1909,0,1,0,153047,452563,9891,98065,4.192106043202786,0.17809664601146327
173,0.191,0,5,0,153052,452558,9891,98065,4.192059728037348,0.1780982632400027
174,0.1917,6,61,6,153113,452497,9897,98059,4.191494683019008,0.17810903886253168
175,0.1929,0,13,0,153126,452484,9897,98059,4.1913742635888696,0.1781132445603704
176,0.1933,2,13,2,153139,452471,9899,98057,4.191253844158731,0.17811446465938155
177,0.1944,0,7,0,153146,452464,9899,98057,4.191189002927119,0.17811672942539886
178,0.195,1,0,1,153146,452464,9900,98056,4.191189002927119,0.17811523650366926
179,0.1952,0,2,0,153148,452462,9900,98056,4.191170476860943,0.17811588358600444
180,0.1965,0,6,0,153154,452456,9900,98056,4.191114898662418,0.1781178248612201
181,0.1967,1,11,1,153165,452445,9901,98055,4.191013005298455,0.17811989100817438
182,0.1976,0,3,0,153168,452442,9901,98055,4.190985216199192,0.17812086169406918
183,0.1983,1,2,1,153170,452440,9902,98054,4.190966690133017,0.17812001584031797
184,0.2,7486,80635,7486,233805,371805,17388,90568,3.444042017118085,0.1958764893278803
185,0.2006,0,3,0,233808,371802,17388,90568,3.4440142280188226,0.1958777602353094
186,0.2017,1,2,1,233810,371800,17389,90567,3.4439957019526473,0.19587686837512192
187,0.2021,0,1,0,233811,371799,17389,90567,3.44398643891956,0.19587729201541637
188,0.2022,0,3,0,233814,371796,17389,90567,3.443958649820297,0.19587856294729467
189,0.2033,3,13,3,233827,371783,17392,90564,3.443838230390159,0.19587885289620133
190,0.2036,0,2,0,233829,371781,17392,90564,3.443819704323984,0.1958797002238588
191,0.2042,0,1,0,233830,371780,17392,90564,3.4438104412908963,0.19588012389043655
192,0.205,0,5,0,233835,371775,17392,90564,3.4437641261254583,0.19588224225081596
193,0.2056,1,1,1,233836,371774,17393,90563,3.443754863092371,0.19588092668335003
194,0.2058,0,8,0,233844,371766,17393,90563,3.4436807588276706,0.1958843161471593
195,0.2067,2,18,2,233862,371748,17395,90561,3.4435140242320945,0.19588846420900308
196,0.2071,0,5,0,233867,371743,17395,90561,3.443467709066657,0.19589058281996263
197,0.2075,1,1,1,233868,371742,17396,90560,3.4434584460335693,0.19588926718898036
198,0.2083,12,90,12,233958,371652,17408,90548,3.442624773055689,0.19590653396797922
199,0.2095,1,5,1,233963,371647,17409,90547,3.4425784578902516,0.19590691354712522
200,0.21,9,70,9,234033,371577,17418,90538,3.441930045574123,0.19592092877314088
201,0.2102,0,3,0,234036,371574,17418,90538,3.4419022564748603,0.19592220067862337
202,0.2117,0,2,0,234038,371572,17418,90538,3.441883730408685,0.1959230486247863
203,0.2119,1,9,1,234047,371563,17419,90537,3.441800363110897,0.19592512443194113
204,0.2125,0,1,0,234048,371562,17419,90537,3.4417911000778094,0.19592554842144216
205,0.2131,0,3,0,234051,371559,17419,90537,3.441763310978547,0.19592682040095566
206,0.2133,2,18,2,234069,371541,17421,90535,3.441596576382971,0.1959309723941516
207,0.2136,0,1,0,234070,371540,17421,90535,3.441587313349883,0.19593139641833035
208,0.2138,0,3,0,234073,371537,17421,90535,3.4415595242506205,0.1959326685018785
209,0.2139,0,1,0,234074,371536,17421,90535,3.4415502612175333,0.19593309253339855
210,0.2143,0,7,0,234081,371529,17421,90535,3.4414854199859204,0.19593606080542955
211,0.215,0,9,0,234090,371520,17421,90535,3.441402052688132,0.19593987728733592
212,0.2155,0,1,0,234091,371519,17421,90535,3.4413927896550445,0.19594030135005866
213,0.2167,63,525,63,234616,370994,17484,90472,3.4365296972840786,0.19605344705785474
214,0.2171,1,3,1,234619,370991,17485,90471,3.436501908184816,0.19605297944359448
215,0.2179,0,3,0,234622,370988,17485,90471,3.4364741190855534,0.1960542540073983
216,0.2183,1,3,1,234625,370985,17486,90470,3.436446329986291,0.19605378639303941
217,0.219,0,2,0,234627,370983,17486,90470,3.4364278039201155,0.1960546361167876
218,0.2194,0,1,0,234628,370982,17486,90470,3.4364185408870283,0.19605506098142386
219,0.22,7,68,7,234696,370914,17493,90463,3.4357886546370744,0.19607175910372646
220,0.2208,0,1,0,234697,370913,17493,90463,3.4357793916039867,0.19607218407546123
221,0.2214,0,5,0,234702,370908,17493,90463,3.435733076438549,0.1960743089617683
222,0.2217,0,1,0,234703,370907,17493,90463,3.4357238134054615,0.19607473394455643
223,0.2222,0,1,0,234704,370906,17493,90463,3.435714550372374,0.19607515892918684
224,0.2225,1,1,1,234705,370905,17494,90462,3.4357052873392866,0.19607384143209203
225,0.2229,0,3,0,234708,370902,17494,90462,3.4356774982400236,0.19607511639399694
226,0.2233,0,10,0,234718,370892,17494,90462,3.435584867909148,0.1960793663867659
227,0.2238,0,4,0,234722,370888,17494,90462,3.435547815776798,0.19608106643546114
228,0.225,51,507,51,235229,370381,17545,90411,3.430851458001408,0.19620783346933107
229,0.2262,0,1,0,235230,370380,17545,90411,3.4308421949683203,0.19620825927589733
230,0.2267,3,39,3,235269,370341,17548,90408,3.4304809366779057,0.1962196336834155
231,0.2286,1,4,1,235273,370337,17549,90407,3.4304438845455554,0.19621959265883007
232,0.2292,4,10,4,235283,370327,17553,90403,3.43035125421468,0.19621687322292883
233,0.23,8,72,8,235355,370255,17561,90395,3.429684315832376,0.19623358298057092
234,0.2306,1,2,1,235357,370253,17562,90394,3.429665789766201,0.19623269010760952
235,0.2308,0,1,0,235358,370252,17562,90394,3.4296565267331136,0.19623311610216956
236,0.2314,0,3,0,235361,370249,17562,90394,3.429628737633851,0.1962343940969471
237,0.2317,1,0,1,235361,370249,17563,90393,3.429628737633851,0.1962326492156599
238,0.2321,0,2,0,235363,370247,17563,90393,3.4296102115676756,0.1962335012156999
239,0.2333,163,1539,163,236902,368708,17726,90230,3.41535440364593,0.19660607750938036
240,0.2343,0,1,0,236903,368707,17726,90230,3.415345140612842,0.19660650590386045
241,0.235,0,20,0,236923,368687,17726,90230,3.415159879951091,0.1966150741855281
242,0.2352,0,2,0,236925,368685,17726,90230,3.4151413538849162,0.1966159310547705
243,0.2357,1,20,1,236945,368665,17727,90229,3.414956093223165,0.19662274948027214
244,0.2367,0,3,0,236948,368662,17727,90229,3.4149283041239022,0.19662403490153435
245,0.2369,1,5,1,236953,368657,17728,90228,3.4148819889584647,0.19662442659925689
246,0.2375,0,5,0,236958,368652,17728,90228,3.4148356737930268,0.1966265690376569
247,0.2379,0,5,0,236963,368647,17728,90228,3.414789358627589,0.19662871152274586
248,0.2381,0,4,0,236967,368643,17728,90228,3.414752306495239,0.19663042554443405
249,0.2383,3,2,3,236969,368641,17731,90225,3.4147337804290636,0.19662603025719927
250,0.2389,0,2,0,236971,368639,17731,90225,3.4147152543628887,0.1966268872694306
251,0.24,10,148,10,237119,368491,17741,90215,3.4133443254659306,0.19667281439527715
252,0.2409,0,2,0,237121,368489,17741,90215,3.4133257993997557,0.1966736719104259
253,0.2417,7,125,7,237246,368364,17748,90208,3.412167920263811,0.1967150196697574
254,0.2425,0,1,0,237247,368363,17748,90208,3.4121586572307234,0.19671544864372148
255,0.2429,0,13,0,237260,368350,17748,90208,3.4120382378005853,0.19672102547551237
256,0.2433,0,7,0,237267,368343,17748,90208,3.4119733965689725,0.19672402851591209
257,0.2444,1,4,1,237271,368339,17749,90207,3.411936344436622,0.19672399279461603
258,0.245,0,10,0,237281,368329,17749,90207,3.4118437141057467,0.19672828305738263
259,0.2452,0,2,0,237283,368327,17749,90207,3.411825188039572,0.19672914113239148
260,0.2458,0,1,0,237284,368326,17749,90207,3.411815925006484,0.19672957017270296
261,0.2464,0,2,0,237286,368324,17749,90207,3.411797398940309,0.19673042825893997
262,0.2467,6,38,6,237324,368286,17755,90201,3.4114454036829818,0.19673622152863657
263,0.2483,3,4,3,237328,368282,17758,90198,3.411408351550632,0.19673268190542662
264,0.2485,0,2,0,237330,368280,17758,90198,3.4113898254844566,0.1967335401044325
265,0.2486,0,2,0,237332,368278,17758,90198,3.4113712994182817,0.19673439831092576
266,0.2492,0,1,0,237333,368277,17758,90198,3.411362036385194,0.1967348274169802
267,0.25,878,7479,878,244812,360798,18636,89320,3.3420838119233762,0.19843685433597413
268,0.2513,0,1,0,244813,360797,18636,89320,3.3420745488902885,0.19843729519213893
269,0.2514,1,0,1,244813,360797,18637,89319,3.3420745488902885,0.19843551440073226
270,0.2515,0,3,0,244816,360794,18637,89319,3.342046759791026,0.19843683697204925
271,0.2517,0,3,0,244819,360791,18637,89319,3.3420189706917633,0.1984381595609962
272,0.2524,0,4,0,244823,360787,18637,89319,3.341981918559413,0.1984399230403505
273,0.2533,0,4,0,244827,360783,18637,89319,3.341944866427063,0.19844168655104844
274,0.2542,0,1,0,244828,360782,18637,89319,3.341935603393975,0.19844212743362044
275,0.2545,1,1,1,244829,360781,18638,89318,3.341926340360888,0.19844078747120078
276,0.255,2,18,2,244847,360763,18640,89316,3.341759605765312,0.19844516184936423
277,0.2552,0,2,0,244849,360761,18640,89316,3.3417410796991365,0.19844604367697083
278,0.2557,0,4,0,244853,360757,18640,89316,3.3417040275667866,0.19844780735569564
279,0.2558,0,3,0,244856,360754,18640,89316,3.3416762384675236,0.1984491301353123
280,0.2567,0,13,0,244869,360741,18640,89316,3.3415558190373855,0.198454862384098
281,0.2571,3,17,3,244886,360724,18643,89313,3.341398347474897,0.19845701575648225
282,0.2583,6,62,6,244948,360662,18649,89307,3.340824039423469,0.19847367263078122
283,0.2586,0,1,0,244949,360661,18649,89307,3.3408147763903813,0.19847411371475304
284,0.2587,0,2,0,244951,360659,18649,89307,3.3407962503242064,0.19847499588857825
285,0.2595,0,1,0,244952,360658,18649,89307,3.3407869872911187,0.19847543697843165
286,0.26,31,290,31,245242,360368,18680,89276,3.338100707695728,0.1985481847861864
287,0.2604,0,1,0,245243,360367,18680,89276,3.3380914446626404,0.19854862635468584
288,0.2607,2,1,2,245244,360366,18682,89274,3.3380821816295527,0.19854550306912197
289,0.261,0,3,0,245247,360363,18682,89274,3.33805439253029,0.1985468277744047
290,0.2617,0,8,0,245255,360355,18682,89274,3.3379802882655896,0.1985503604082477
291,0.2619,0,2,0,245257,360353,18682,89274,3.3379617621994147,0.19855124358635046
292,0.262,0,2,0,245259,360351,18682,89274,3.3379432361332393,0.19855212677231027
293,0.2625,0,6,0,245265,360345,18682,89274,3.337887657934714,0.19855477637733282
294,0.2633,0,10,0,245275,360335,18682,89274,3.3377950276038386,0.1985591925428539
295,0.2638,0,1,0,245276,360334,18682,89274,3.337785764570751,0.1985596341702105
296,0.2643,0,4,0,245280,360330,18682,89274,3.3377487124384007,0.19856140069928205
297,0.2648,0,2,0,245282,360328,18682,89274,3.3377301863722257,0.1985622839756051
298,0.265,2,22,2,245304,360306,18684,89272,3.3375263996442994,0.19856843528820362
299,0.2657,0,2,0,245306,360304,18684,89272,3.3375078735781245,0.19856931864690286
300,0.2659,1,0,1,245306,360304,18685,89271,3.3375078735781245,0.19856753600622812
301,0.2661,0,4,0,245310,360300,18685,89271,3.3374708214457742,0.1985693027352743
302,0.2667,454,3896,454,249206,356404,19139,88817,3.301382044536663,0.1994896916362885
303,0.2675,1,1,1,249207,356403,19140,88816,3.3013727815035754,0.19948834169251536
304,0.2683,0,4,0,249211,356399,19140,88816,3.301335729371225,0.19949013398021181
305,0.269,0,2,0,249213,356397,19140,88816,3.30131720330505,0.1994910301361371
306,0.27,5,16,5,249229,356381,19145,88811,3.3011689947756495,0.19948920915020935
307,0.2705,1,0,1,249229,356381,19146,88810,3.3011689947756495,0.1994874110213369
308,0.2714,4,39,4,249268,356342,19150,88806,3.300807736485235,0.1994976951485798
309,0.2717,0,2,0,249270,356340,19150,88806,3.3007892104190595,0.1994985914733593
310,0.2718,0,7,0,249277,356333,19150,88806,3.3007243691874466,0.19950172867351545
311,0.272,1,3,1,249280,356330,19151,88805,3.300696580088184,0.19950127489413325
312,0.2722,0,2,0,249282,356328,19151,88805,3.300678054022009,0.19950217126117362
313,0.2729,0,1,0,249283,356327,19151,88805,3.3006687909889214,0.19950261944771439
314,0.2733,3,21,3,249304,356306,19154,88802,3.3004742672940828,0.19950663659156878
315,0.2738,0,2,0,249306,356304,19154,88802,3.300455741227908,0.1995075330370743
316,0.2746,0,1,0,249307,356303,19154,88802,3.30044647819482,0.1995079812628481
317,0.275,154,1670,154,250977,354633,19308,88648,3.2849772129386046,0.19998150157574993
318,0.2755,0,4,0,250981,354629,19308,88648,3.2849401608062543,0.199983306149428
319,0.2758,0,4,0,250985,354625,19308,88648,3.284903108673904,0.19998511075567427
320,0.2762,0,1,0,250986,354624,19308,88648,3.2848938456408168,0.19998556191232472
321,0.2763,1,8,1,250994,354616,19309,88647,3.284819741376116,0.1999873664167774
322,0.2767,1,18,1,251012,354598,19310,88646,3.28465300678054,0.1999936829376145
323,0.2778,0,1,0,251013,354597,19310,88646,3.2846437437474525,0.1999941341431224
324,0.2783,0,4,0,251017,354593,19310,88646,3.2846066916151027,0.19999593898551346
325,0.2786,0,3,0,251020,354590,19310,88646,3.2845789025158396,0.19999729263868457
326,0.2789,0,1,0,251021,354589,19310,88646,3.2845696394827524,0.19999774386048033
327,0.2792,0,4,0,251025,354585,19310,88646,3.284532587350402,0.1999995487680239
328,0.2798,0,10,0,251035,354575,19310,88646,3.2844399570195266,0.20000406117941164
329,0.28,71,526,71,251561,354049,19381,88575,3.279567601615473,0.20011341454598033
330,0.2811,0,2,0,251563,354047,19381,88575,3.2795490755492978,0.20011431876409216
331,0.2817,0,4,0,251567,354043,19381,88575,3.2795120234169475,0.20011612722483044
332,0.2833,64,515,64,252082,353528,19445,88511,3.274741561376857,0.20023346356316976
333,0.2845,1,3,1,252085,353525,19446,88510,3.2747137722775945,0.20023301322293482
334,0.2846,0,1,0,252086,353524,19446,88510,3.274704509244507,0.20023346620395716
335,0.285,0,11,0,252097,353513,19446,88510,3.274602615880544,0.20023844913047512
336,0.2857,2,60,2,252157,353453,19448,88508,3.274046833895291,0.2002620140691147
337,0.2859,0,1,0,252158,353452,19448,88508,3.274037570862203,0.20026246719160104
338,0.2867,2,21,2,252179,353431,19450,88506,3.2738430471673645,0.20026836404283868
339,0.2871,0,1,0,252180,353430,19450,88506,3.273833784134277,0.20026881720430106
340,0.2875,5,18,5,252198,353412,19455,88501,3.273667049538701,0.20026792603974086
341,0.2881,1,2,1,252200,353410,19456,88500,3.273648523472526,0.20026702269692923
342,0.2883,0,1,0,252201,353409,19456,88500,3.273639260439438,0.2002674758830438
343,0.2887,0,6,0,252207,353403,19456,88500,3.273583682240913,0.20027019504280352
344,0.2889,2,9,2,252216,353394,19458,88498,3.2735003149431248,0.20027065436803562
345,0.2893,0,2,0,252218,353392,19458,88498,3.27348178887695,0.20027156079567313
346,0.29,5,43,5,252261,353349,19463,88493,3.273083478454185,0.20028200125836837
347,0.2905,1,4,1,252265,353345,19464,88492,3.2730464263218346,0.20028200444960473
348,0.2909,0,1,0,252266,353344,19464,88492,3.2730371632887474,0.20028245774450248
349,0.2912,0,5,0,252271,353339,19464,88492,3.2729908481233094,0.2002847242497697
350,0.2917,6,90,6,252361,353249,19470,88486,3.2721571751454297,0.20031466829660316
351,0.2923,1,1,1,252362,353248,19471,88485,3.272147912112342,0.20031331143473546
352,0.2929,0,4,0,252366,353244,19471,88485,3.2721108599799917,0.20031512533702792
353,0.2933,2,22,2,252388,353222,19473,88483,3.271907073252066,0.20032148153179158
354,0.2938,0,1,0,252389,353221,19473,88483,3.271897810218978,0.20032193505152773
355,0.2944,2,2,2,252391,353219,19475,88481,3.271879284152803,0.20031922119085352
356,0.295,1,8,1,252399,353211,19476,88480,3.2718051798881027,0.2003210389163465
357,0.2952,1,3,1,252402,353208,19477,88479,3.27177739078884,0.20032058901439254
358,0.2962,0,1,0,252403,353207,19477,88479,3.2717681277557524,0.20032104255059024
359,0.2964,0,4,0,252407,353203,19477,88479,3.271731075623402,0.2003228567159178
360,0.2967,0,13,0,252420,353190,19477,88479,3.271610656193264,0.20032875298017294
361,0.2971,0,1,0,252421,353189,19477,88479,3.2716013931601764,0.20032920655333872
362,0.2981,0,1,0,252422,353188,19477,88479,3.2715921301270887,0.2003296601285584
363,0.2983,1,8,1,252430,353180,19478,88478,3.2715180258623886,0.20033147820259115
364,0.3,9238,74439,9238,326869,278741,28716,79240,2.581987105857942,0.22135252988287088
365,0.3017,0,5,0,326874,278736,28716,79240,2.5819407906925043,0.2213556216059177
366,0.302,0,4,0,326878,278732,28716,79240,2.581903738560154,0.22135809504653994
367,0.3024,0,3,0,326881,278729,28716,79240,2.5818759494608914,0.2213599501632823
368,0.303,0,2,0,326883,278727,28716,79240,2.5818574233947165,0.22136118692505174
369,0.3033,2,19,2,326902,278708,28718,79238,2.5816814257660528,0.22136858632307665
370,0.3036,1,2,1,326904,278706,28719,79237,2.581662899699878,0.22136764792159647
371,0.3038,0,1,0,326905,278705,28719,79237,2.58165363666679,0.2213682663671768
372,0.3042,0,1,0,326906,278704,28719,79237,2.5816443736337025,0.22136888481621272
373,0.3048,0,1,0,326907,278703,28719,79237,2.5816351106006152,0.22136950326870425
374,0.305,1,19,1,326926,278684,28720,79236,2.5814591129719515,0.22137907912382657
375,0.3056,0,5,0,326931,278679,28720,79236,2.5814127978065136,0.221382171744688
376,0.3067,3,28,3,326959,278651,28723,79233,2.581153432880062,0.22139296531837133
377,0.3071,0,10,0,326969,278641,28723,79233,2.5810608025491866,0.22139915165672835
378,0.3083,11,126,11,327095,278515,28734,79222,2.5798936603801548,0.22145319047233022
379,0.3092,0,1,0,327096,278514,28734,79222,2.5798843973470675,0.22145380951316054
380,0.3095,0,3,0,327099,278511,28734,79222,2.5798566082478045,0.22145566665641694
381,0.31,9,81,9,327180,278430,28743,79213,2.5791063025677126,0.22148623068255216
382,0.3107,0,2,0,327182,278428,28743,79213,2.5790877765015376,0.22148746927785126
383,0.3111,0,3,0,327185,278425,28743,79213,2.579059987402275,0.2214893271967744
384,0.3117,3,8,3,327193,278417,28746,79210,2.5789858831375745,0.22148775120446723
385,0.3119,0,3,0,327196,278414,28746,79210,2.578958094038312,0.22148960919848779
386,0.3124,4,5,4,327201,278409,28750,79206,2.578911778872874,0.22148399815443984
387,0.3125,2,2,2,327203,278407,28752,79204,2.578893252806699,0.22148088285874876
388,0.3129,0,2,0,327205,278405,28752,79204,2.578874726740524,0.22148212153497254
389,0.3133,5,25,5,327230,278380,28757,79199,2.578643150913335,0.22148672041702672
390,0.3143,0,2,0,327232,278378,28757,79199,2.57862462484716,0.2214879592367518
391,0.315,0,15,0,327247,278363,28757,79199,2.578485679350847,0.2214972508264301
392,0.3154,0,7,0,327254,278356,28757,79199,2.578420838119234,0.22150158716840765
393,0.3155,0,1,0,327255,278355,28757,79199,2.5784115750861463,0.22150220665969336
394,0.3162,0,2,0,327257,278353,28757,79199,2.578393049019971,0.2215034456526603
395,0.3167,95,752,95,328009,277601,28852,79104,2.5714272481381304,0.22176308153796553
396,0.3168,2,4,2,328013,277597,28854,79102,2.57139019600578,0.22176120482535697
397,0.3171,0,2,0,328015,277595,28854,79102,2.571371669939605,0.2217624482403833
398,0.3175,0,1,0,328016,277594,28854,79102,2.5713624069065175,0.22176306995312536
399,0.3179,0,2,0,328018,277592,28854,79102,2.571343880840342,0.22176431338906738
400,0.3182,0,1,0,328019,277591,28854,79102,2.571334617807255,0.22176493511226741
401,0.3183,1,7,1,328026,277584,28855,79101,2.571269776575642,0.22176710542916017
402,0.319,0,1,0,328027,277583,28855,79101,2.5712605135425544,0.22176772717587556
403,0.32,15,64,15,328091,277519,28870,79086,2.570667679424951,0.22177479283801405
404,0.3207,0,6,0,328097,277513,28870,79086,2.5706121012264256,0.22177852433686018
405,0.3208,0,1,0,328098,277512,28870,79086,2.570602838193338,0.2217791462655427
406,0.321,0,4,0,328102,277508,28870,79086,2.5705657860609876,0.2217816340151545
407,0.3214,1,17,1,328119,277491,28871,79085,2.5704083144984993,0.22179002512788298
408,0.3217,1,7,1,328126,277484,28872,79084,2.5703434732668864,0.22179219671984027
409,0.3219,0,1,0,328127,277483,28872,79084,2.570334210233799,0.2217928187409379
410,0.322,1,4,1,328131,277479,28873,79083,2.570297158101449,0.22179312433742238
411,0.3222,0,1,0,328132,277478,28873,79083,2.570287895068361,0.22179374637158858
412,0.3225,0,1,0,328133,277477,28873,79083,2.5702786320352735,0.22179436840924388
413,0.3229,0,1,0,328134,277476,28873,79083,2.5702693690021863,0.2217949904503883
414,0.3233,2,8,2,328142,277468,28875,79081,2.5701952647374857,0.2217956017265509
415,0.3238,0,3,0,328145,277465,28875,79081,2.570167475638223,0.22179746792840194
416,0.3242,0,1,0,328146,277464,28875,79081,2.5701582126051354,0.22179809000266446
417,0.325,74,554,74,328700,276910,28949,79007,2.5650264922746304,0.22198152940151777
418,0.3257,0,1,0,328701,276909,28949,79007,2.5650172292415427,0.22198215309230268
419,0.3262,0,1,0,328702,276908,28949,79007,2.5650079662084555,0.2219827767865923
420,0.3267,6,51,6,328753,276857,28955,79001,2.56453555152099,0.22200147249745686
421,0.3275,0,1,0,328754,276856,28955,79001,2.5645262884879023,0.22200209634769022
422,0.3278,0,2,0,328756,276854,28955,79001,2.5645077624217274,0.22200334405867558
423,0.3283,1,9,1,328765,276845,28956,79000,2.5644243951239396,0.22200677261167082
424,0.3286,0,7,0,328772,276838,28956,79000,2.5643595538923263,0.22201113990074134
425,0.3292,0,1,0,328773,276837,28956,79000,2.564350290859239,0.22201176381320661
426,0.3295,1,0,1,328773,276837,28957,78999,2.564350290859239,0.22200957744578964
427,0.33,13,78,13,328851,276759,28970,78986,2.5636277742784097,0.22202982473400892
428,0.3317,0,8,0,328859,276751,28970,78986,2.563553670013709,0.22203481785701235
429,0.3321,2,7,2,328866,276744,28972,78984,2.5634888287820963,0.2220348131156389
430,0.3333,222,1551,222,330417,275193,29194,78762,2.5491218644633,0.2225198118404882
431,0.3345,0,3,0,330420,275190,29194,78762,2.549094075364037,0.22252169785733658
432,0.335,3,23,3,330443,275167,29197,78759,2.5488810256030234,0.22252956832784254
433,0.3357,2,15,2,330458,275152,29199,78757,2.54874208010671,0.22253460635361066
434,0.3367,5,17,5,330475,275135,29204,78752,2.5485846085442216,0.2225343118000944
435,0.3369,1,1,1,330476,275134,29205,78751,2.548575345511134,0.22253274368792123
436,0.3371,0,7,0,330483,275127,29205,78751,2.548510504279521,0.2225371455699422
437,0.3375,0,15,0,330498,275112,29205,78751,2.548371558783208,0.22254657876070683
438,0.3378,0,1,0,330499,275111,29205,78751,2.5483622957501204,0.22254720766852615
439,0.3381,0,5,0,330504,275106,29205,78751,2.5483159805846824,0.22255035226094155
440,0.3383,1,4,1,330508,275102,29206,78750,2.5482789284523326,0.222550670901959
441,0.3388,0,1,0,330509,275101,29206,78750,2.548269665419245,0.22255129984089347
442,0.3389,1,4,1,330513,275097,29207,78749,2.5482326132868947,0.2225516185007037
443,0.3392,0,3,0,330516,275094,29207,78749,2.548204824187632,0.2225535053682
444,0.34,15,126,15,330642,274968,29222,78734,2.5470376820186003,0.22259981566403356
445,0.3405,0,2,0,330644,274966,29222,78734,2.547019155952425,0.22260107435679954
446,0.3408,0,1,0,330645,274965,29222,78734,2.5470098929193377,0.22260170370852053
447,0.3417,19,171,19,330816,274794,29241,78715,2.5454259142613656,0.22266759827896884
448,0.3419,0,1,0,330817,274793,29241,78715,2.5454166512282783,0.22266822815891013
449,0.3424,2,1,2,330818,274792,29243,78713,2.5454073881951906,0.22266446019151073
450,0.3425,0,1,0,330819,274791,29243,78713,2.545398125162103,0.22266509006970217
451,0.3429,4,29,4,330848,274762,29247,78709,2.545129497202564,0.222674561703789
452,0.3431,0,7,0,330855,274755,29247,78709,2.5450646559709513,0.2226789715501437
453,0.3433,4,10,4,330865,274745,29251,78705,2.5449720256400754,0.22267647474890367
454,0.344,0,1,0,330866,274744,29251,78705,2.544962762606988,0.22267710475910243
455,0.3442,0,1,0,330867,274743,29251,78705,2.5449534995739005,0.22267773477286618
456,0.3443,0,2,0,330869,274741,29251,78705,2.5449349735077256,0.22267899481108855
457,0.3444,1,3,1,330872,274738,29252,78704,2.5449071844084625,0.22267868561178356
458,0.345,4,14,4,330886,274724,29256,78700,2.5447775019452368,0.22267870885961338
459,0.3452,0,2,0,330888,274722,29256,78700,2.544758975879062,0.2226799689889141
460,0.3457,2,1,2,330889,274721,29258,78698,2.544749712845974,0.2226762002042901
461,0.3464,0,7,0,330896,274714,29258,78698,2.5446848716143613,0.22268061073195025
462,0.3466,0,1,0,330897,274713,29258,78698,2.544675608581274,0.222681240821593
463,0.3467,8,62,8,330959,274651,29266,78690,2.5441013005298454,0.2227027149410909
464,0.3475,0,1,0,330960,274650,29266,78690,2.5440920374967577,0.2227033452199015
465,0.3483,1,14,1,330974,274636,29267,78689,2.543962355033532,0.2227099695747541
466,0.3486,0,1,0,330975,274635,29267,78689,2.5439530920004447,0.22271059990263894
467,0.3488,0,5,0,330980,274630,29267,78689,2.5439067768350068,0.2227137515955836
468,0.3489,0,1,0,330981,274629,29267,78689,2.543897513801919,0.22271438194487686
469,0.3492,0,2,0,330983,274627,29267,78689,2.543878987735744,0.22271564265416793
470,0.35,997,7485,997,338468,267142,30264,77692,2.474545185075401,0.22530260937146568
471,0.3514,0,1,0,338469,267141,30264,77692,2.4745359220423135,0.225303262738775
472,0.3517,0,7,0,338476,267134,30264,77692,2.4744710808107007,0.2253078364160475
473,0.3524,0,5,0,338481,267129,30264,77692,2.4744247656452627,0.22531110344207575
474,0.3533,3,8,3,338489,267121,30267,77689,2.4743506613805626,0.22530959078913024
475,0.3536,0,1,0,338490,267120,30267,77689,2.474341398347475,0.22531024422216359
476,0.3542,1,7,1,338497,267113,30268,77688,2.474276557115862,0.22531257159927032
477,0.3548,0,1,0,338498,267112,30268,77688,2.4742672940827743,0.22531322505800463
478,0.355,4,33,4,338531,267079,30272,77684,2.4739616139908853,0.22532580352299986
479,0.3556,0,3,0,338534,267076,30272,77684,2.4739338248916227,0.22532776424179138
480,0.3567,3,26,3,338560,267050,30275,77681,2.473692986031346,0.22533801717861174
481,0.3569,0,2,0,338562,267048,30275,77681,2.473674459965171,0.22533932451287822
482,0.3571,2,26,2,338588,267022,30277,77679,2.4734336211048946,0.22535182665556525
483,0.3576,0,3,0,338591,267019,30277,77679,2.473405832005632,0.22535378795351294
484,0.3578,0,1,0,338592,267018,30277,77679,2.4733965689725443,0.22535444172708205
485,0.3583,9,84,9,338676,266934,30286,77670,2.47261847419319,0.22538914231988022
486,0.3595,0,1,0,338677,266933,30286,77670,2.472609211160102,0.22538979637437864
487,0.3598,0,5,0,338682,266928,30286,77670,2.4725628959946646,0.2253930667038114
488,0.36,51,304,51,338986,266624,30337,77619,2.469746933936048,0.2254773517544293
489,0.3601,0,2,0,338988,266622,30337,77619,2.469728407869873,0.2254786617515055
490,0.3607,1,2,1,338990,266620,30338,77618,2.469709881803698,0.2254777218087486
491,0.361,0,5,0,338995,266615,30338,77618,2.46966356663826,0.22548099688292522
492,0.3611,0,2,0,338997,266613,30338,77618,2.469645040572085,0.22548230693923557
493,0.3612,0,6,0,339003,266607,30338,77618,2.4695894623735595,0.22548623719950614
494,0.3614,0,1,0,339004,266606,30338,77618,2.4695801993404722,0.22548689225620527
495,0.3617,1,9,1,339013,266597,30339,77617,2.469496832042684,0.22549053786307355
496,0.3619,1,3,1,339016,266594,30340,77616,2.4694690429434214,0.22549025304320036
497,0.3625,2,7,2,339023,266587,30342,77614,2.4694042017118085,0.2254903384940776
498,0.3626,0,3,0,339026,266584,30342,77614,2.469376412612546,0.22549230384836635
499,0.3629,1,1,1,339027,266583,30343,77613,2.4693671495794582,0.22549070878220548
500,0.3633,0,16,0,339043,266567,30343,77613,2.4692189410500576,0.22550119123714335
501,0.3636,0,1,0,339044,266566,30343,77613,2.46920967801697,0.2255018464229369
502,0.365,2,17,2,339061,266549,30345,77611,2.4690522064544815,0.22550848442584845
503,0.3655,0,1,0,339062,266548,30345,77611,2.469042943421394,0.2255091396709079
504,0.3657,0,2,0,339064,266546,30345,77611,2.469024417355219,0.22551045017245036
505,0.3659,1,2,1,339066,266544,30346,77610,2.4690058912890436,0.2255095102773758
506,0.3667,538,3698,538,342764,262846,30884,77072,2.4347511949312683,0.22673703657941033
507,0.3671,0,5,0,342769,262841,30884,77072,2.4347048797658304,0.22674037180101966
508,0.3675,0,1,0,342770,262840,30884,77072,2.434695616732743,0.22674103885711597
509,0.3679,1,0,1,342770,262840,30885,77071,2.434695616732743,0.22673876397056877
510,0.3683,2,3,2,342773,262837,30887,77069,2.43466782763348,0.22673621530658475
511,0.3686,0,1,0,342774,262836,30887,77069,2.434658564600393,0.22673688236418998
512,0.369,0,2,0,342776,262834,30887,77069,2.4346400385342175,0.22673821649117543
513,0.3692,0,4,0,342780,262830,30887,77069,2.4346029864018672,0.2267408847922471
514,0.37,3,27,3,342807,262803,30890,77066,2.4343528845085034,0.2267520721219058
515,0.3702,0,1,0,342808,262802,30890,77066,2.4343436214754157,0.2267527392987866
516,0.3704,1,2,1,342810,262800,30891,77065,2.434325095409241,0.2267517985082312
517,0.3708,0,1,0,342811,262799,30891,77065,2.434315832376153,0.2267524656921592
518,0.3714,5,42,5,342853,262757,30896,77060,2.433926784986476,0.2267691139642808
519,0.3717,0,1,0,342854,262756,30896,77060,2.4339175219533886,0.22676978129340583
520,0.3721,0,1,0,342855,262755,30896,77060,2.433908258920301,0.2267704486264585
521,0.3722,0,1,0,342856,262754,30896,77060,2.4338989958872133,0.22677111596343882
522,0.3727,0,1,0,342857,262753,30896,77060,2.4338897328541256,0.2267717833043468
523,0.3733,2,27,2,342884,262726,30898,77058,2.4336396309607617,0.22678525180703035
524,0.3738,0,1,0,342885,262725,30898,77058,2.433630367927674,0.22678591924846153
525,0.375,245,1596,245,344481,261129,31143,76813,2.418846567119938,0.22729639997396003
526,0.3754,0,1,0,344482,261128,31143,76813,2.4188373040868503,0.22729707256592127
527,0.3756,0,2,0,344484,261126,31143,76813,2.418818778020675,0.22729841776178542
528,0.3762,0,3,0,344487,261123,31143,76813,2.4187909889214123,0.2273004355854363
529,0.3767,1,25,1,344512,261098,31144,76812,2.4185594130942234,0.22731496552336422
530,0.3778,0,9,0,344521,261089,31144,76812,2.4184760457964356,0.22732102006208918
531,0.3779,0,1,0,344522,261088,31144,76812,2.418466782763348,0.22732169280852324
532,0.3783,0,4,0,344526,261084,31144,76812,2.4184297306309976,0.22732438383407913
533,0.3786,0,1,0,344527,261083,31144,76812,2.4184204675979104,0.2273250566004232
534,0.3792,1,2,1,344529,261081,31145,76811,2.418401941531735,0.2273241153978194
535,0.38,78,509,78,345038,260572,31223,76733,2.41368705769017,0.22748847482249004
536,0.3803,0,2,0,345040,260570,31223,76733,2.413668531623995,0.2274898236896796
537,0.3806,1,8,1,345048,260562,31224,76732,2.4135944273592944,0.22749292901741508
538,0.381,0,3,0,345051,260559,31224,76732,2.413566638260032,0.22749495242980097
539,0.3814,0,2,0,345053,260557,31224,76732,2.413548112193857,0.2274963013913884
540,0.3817,0,4,0,345057,260553,31224,76732,2.4135110600615066,0.22749899936255688
541,0.3821,0,3,0,345060,260550,31224,76732,2.413483270962244,0.22750102288292884
542,0.3829,0,1,0,345061,260549,31224,76732,2.4134740079291563,0.2275016973977188
543,0.3833,83,528,83,345589,260021,31307,76649,2.408583126458928,0.22766804289066445
544,0.3841,0,1,0,345590,260020,31307,76649,2.4085738634258402,0.2276687191276892
545,0.3843,0,1,0,345591,260019,31307,76649,2.4085646003927526,0.2276693953687312
546,0.3846,0,1,0,345592,260018,31307,76649,2.408555337359665,0.2276700716137905
547,0.385,0,17,0,345609,260001,31307,76649,2.4083978657971765,0.22768156839447498
548,0.3857,10,68,10,345677,259933,31317,76639,2.407767979547223,0.227704621893681
549,0.3858,0,1,0,345678,259932,31317,76639,2.4077587165141354,0.22770529843628834
550,0.3864,0,1,0,345679,259931,31317,76639,2.4077494534810477,0.2277059749829159
551,0.3867,2,12,2,345691,259919,31319,76637,2.4076382970839973,0.2277095045103935
552,0.3875,4,17,4,345708,259902,31323,76633,2.4074808255215085,0.2277118278930869
553,0.3876,0,2,0,345710,259900,31323,76633,2.4074622994553336,0.22771318117391162
554,0.3881,0,4,0,345714,259896,31323,76633,2.4074252473229834,0.22771588778381655
555,0.3883,1,3,1,345717,259893,31324,76632,2.4073974582237208,0.22771562291063072
556,0.3888,1,4,1,345721,259889,31325,76631,2.4073604060913705,0.2277160347081897
557,0.3889,3,8,3,345729,259881,31328,76628,2.40728630182667,0.2277145633549177
558,0.3892,0,2,0,345731,259879,31328,76628,2.407267775760495,0.22771591675656078
559,0.3894,0,1,0,345732,259878,31328,76628,2.4072585127274073,0.22771659346341522
560,0.39,5,53,5,345785,259825,31333,76623,2.406767571973767,0.22774098820620126
561,0.3905,0,2,0,345787,259823,31333,76623,2.406749045907592,0.22774234201030774
562,0.3906,2,4,2,345791,259819,31335,76621,2.4067119937752417,0.22774045892283915
563,0.3909,0,2,0,345793,259817,31335,76621,2.406693467709067,0.2277418127559907
564,0.3917,11,125,11,345918,259692,31346,76610,2.405535588573122,0.22780120249061855
565,0.3929,0,4,0,345922,259688,31346,76610,2.4054985364407724,0.22780391200661318
566,0.3933,5,24,5,345946,259664,31351,76605,2.4052762236466707,0.22780868887705974
567,0.3938,1,0,1,345946,259664,31352,76604,2.4052762236466707,0.2278063925202517
568,0.3939,0,1,0,345947,259663,31352,76604,2.4052669606135835,0.22780706997713127
569,0.394,0,3,0,345950,259660,31352,76604,2.4052391715143204,0.22780910237194585
570,0.3944,1,5,1,345955,259655,31353,76603,2.405192856348883,0.22781019336342928
571,0.395,0,7,0,345962,259648,31353,76603,2.40512801511727,0.22781493586636173
572,0.3952,0,3,0,345965,259645,31353,76603,2.4051002260180074,0.227816968428065
573,0.3957,0,2,0,345967,259643,31353,76603,2.405081699951832,0.22781832348935005
574,0.3964,0,3,0,345970,259640,31353,76603,2.4050539108525695,0.2278203561115027
575,0.3965,1,0,1,345970,259640,31354,76602,2.4050539108525695,0.2278180596118272
576,0.3967,3,30,3,346000,259610,31357,76599,2.404776019859943,0.2278314976696043
577,0.397,0,2,0,346002,259608,31357,76599,2.4047574937937677,0.22783285297450678
578,0.3971,0,1,0,346003,259607,31357,76599,2.4047482307606804,0.22783353063300477
579,0.3977,1,6,1,346009,259601,31358,76598,2.404692652562155,0.22783529992653162
580,0.3983,1,4,1,346013,259597,31359,76597,2.4046556004298045,0.22783571390328203
581,0.3986,0,1,0,346014,259596,31359,76597,2.4046463373967173,0.2278363915964937
582,0.3992,0,1,0,346015,259595,31359,76597,2.4046370743636296,0.2278370692937369
583,0.4,10310,63011,10310,409026,196584,41669,66287,1.8209640964837526,0.2521655108399177
584,0.4012,0,4,0,409030,196580,41669,66287,1.8209270443514025,0.2521693479972762
585,0.4017,2,8,2,409038,196572,41671,66285,1.820852940086702,0.25217133270181125
586,0.4021,0,3,0,409041,196569,41671,66285,1.8208251509874394,0.25217421077860713
587,0.4029,0,1,0,409042,196568,41671,66285,1.8208158879543517,0.25217517015213825
588,0.4031,0,1,0,409043,196567,41671,66285,1.8208066249212642,0.25217612953296914
589,0.4033,5,8,5,409051,196559,41676,66280,1.8207325206565639,0.25216957909594845
590,0.4036,0,1,0,409052,196558,41676,66280,1.8207232576234762,0.25217053850660864
591,0.4038,2,1,2,409053,196557,41678,66278,1.8207139945903887,0.2521658074457359
592,0.4042,0,3,0,409056,196554,41678,66278,1.820686205491126,0.2521686857003713
593,0.4045,0,2,0,409058,196552,41678,66278,1.820667679424951,0.2521706045732983
594,0.4048,1,6,1,409064,196546,41679,66277,1.8206121012264256,0.2521735160164826
595,0.405,1,7,1,409071,196539,41680,66276,1.8205472599948127,0.25217738713543747
596,0.4056,0,1,0,409072,196538,41680,66276,1.8205379969617252,0.25217834666341976
597,0.4061,1,0,1,409072,196538,41681,66275,1.8205379969617252,0.2521755012118883
598,0.4067,5,24,5,409096,196514,41686,66270,1.8203156841676238,0.25218430345835363
599,0.4071,0,11,0,409107,196503,41686,66270,1.8202137908036609,0.25219486020253223
600,0.4083,16,111,16,409218,196392,41702,66254,1.8191855941309423,0.2522558881536365
601,0.4086,0,1,0,409219,196391,41702,66254,1.8191763310978546,0.25225684859791736
602,0.409,1,1,1,409220,196390,41703,66253,1.8191670680647671,0.2522549620587642
603,0.4095,1,2,1,409222,196388,41704,66252,1.819148541998592,0.2522540359427353
604,0.41,17,84,17,409306,196304,41721,66235,1.8183704472192375,0.2522863269838005
605,0.4108,1,4,1,409310,196300,41722,66234,1.8183333950868872,0.2522873227848583
606,0.4109,1,1,1,409311,196299,41723,66233,1.8183241320537997,0.2522854356802218
607,0.4117,0,5,0,409316,196294,41723,66233,1.818277816888362,0.25229024062286926
608,0.4119,0,1,0,409317,196293,41723,66233,1.8182685538552743,0.25229120163336205
609,0.4121,1,3,1,409320,196290,41724,66232,1.8182407647560117,0.2522912365439849
610,0.4131,0,1,0,409321,196289,41724,66232,1.8182315017229242,0.25229219757657484
611,0.4133,7,34,7,409355,196255,41731,66225,1.8179165585979473,0.2523049375190491
612,0.4136,0,2,0,409357,196253,41731,66225,1.8178980325317722,0.25230686000350505
613,0.4137,0,2,0,409359,196251,41731,66225,1.817879506465597,0.25230878251725875
614,0.4143,3,3,3,409362,196248,41734,66222,1.8178517173663344,0.2523031203566122
615,0.415,0,10,0,409372,196238,41734,66222,1.817759087035459,0.2523127333688943
616,0.4155,0,1,0,409373,196237,41734,66222,1.8177498240023713,0.25231369471041193
617,0.4156,0,1,0,409374,196236,41734,66222,1.8177405609692838,0.2523146560592552
618,0.4162,0,2,0,409376,196234,41734,66222,1.8177220349031087,0.2523165787789191
619,0.4167,104,761,104,410137,195473,41838,66118,1.81067286672348,0.2527533439606103
620,0.4171,0,1,0,410138,195472,41838,66118,1.8106636036903925,0.25275431018005273
621,0.4172,0,2,0,410140,195470,41838,66118,1.8106450776242173,0.25275624264109975
622,0.4179,1,0,1,410140,195470,41839,66117,1.8106450776242173,0.25275338606276304
623,0.4183,1,3,1,410143,195467,41840,66116,1.8106172885249545,0.25275342816620344
624,0.419,0,3,0,410146,195464,41840,66116,1.810589499425692,0.2527563269363101
625,0.42,7,50,7,410196,195414,41847,66109,1.8101263477713143,0.2527846499160686
626,0.4206,0,3,0,410199,195411,41847,66109,1.8100985586720515,0.25278754970939127
627,0.4208,0,1,0,410200,195410,41847,66109,1.810089295638964,0.2527885163219498
628,0.4214,4,4,4,410204,195406,41851,66105,1.8100522435066138,0.2527809537648512
629,0.4217,4,8,4,410212,195398,41855,66101,1.8099781392419134,0.2527772572744064
630,0.4219,0,6,0,410218,195392,41855,66101,1.809922561043388,0.2527830572902525
631,0.4222,0,3,0,410221,195389,41855,66101,1.8098947719441254,0.2527859573979884
632,0.4225,0,1,0,410222,195388,41855,66101,1.8098855089110377,0.25278692411535475
633,0.4229,0,2,0,410224,195386,41855,66101,1.8098669828448628,0.2527888575722694
634,0.4232,3,6,3,410230,195380,41858,66098,1.8098114046463374,0.25278608525382634
635,0.4233,2,14,2,410244,195366,41860,66096,1.8096817221831116,0.2527939050416504
636,0.4236,0,3,0,410247,195363,41860,66096,1.809653933083849,0.2527968056177068
637,0.4238,1,2,1,410249,195361,41861,66095,1.809635407017674,0.2527958815249985
638,0.424,1,6,1,410255,195355,41862,66094,1.8095798288191485,0.25279882500984896
639,0.4244,0,2,0,410257,195353,41862,66094,1.8095613027529733,0.25280075885361086
640,0.425,78,575,78,410832,194778,41940,66016,1.8042350587276297,0.2531346580059357
641,0.4251,0,9,0,410841,194769,41940,66016,1.8041516914298419,0.2531433939835497
642,0.4258,0,1,0,410842,194768,41940,66016,1.8041424283967542,0.25314436468495
643,0.4264,0,1,0,410843,194767,41940,66016,1.8041331653636667,0.25314533539379486
644,0.4267,10,45,10,410888,194722,41950,66006,1.8037163288747267,0.25316038170046945
645,0.4274,2,0,2,410888,194722,41952,66004,1.8037163288747267,0.2531546527772451
646,0.4278,0,1,0,410889,194721,41952,66004,1.8037070658416392,0.2531556237414901
647,0.4283,1,18,1,410907,194703,41953,66003,1.8035403312460632,0.2531702377390624
648,0.4286,0,10,0,410917,194693,41953,66003,1.8034477009151877,0.25317994905944086
649,0.4292,1,0,1,410917,194693,41954,66002,1.8034477009151877,0.25317708433226566
650,0.4298,0,1,0,410918,194692,41954,66002,1.8034384378821,0.2531780554980168
651,0.43,15,111,15,411029,194581,41969,65987,1.8024102412093816,0.25324291547695804
652,0.4302,0,1,0,411030,194580,41969,65987,1.802400978176294,0.2532438873686998
653,0.4307,0,1,0,411031,194579,41969,65987,1.8023917151432065,0.2532448592679014
654,0.4308,0,3,0,411034,194576,41969,65987,1.802363926043944,0.25324777501026624
655,0.431,1,3,1,411037,194573,41970,65986,1.802336136944681,0.2532478248688397
656,0.4312,0,1,0,411038,194572,41970,65986,1.8023268739115936,0.25324879681299367
657,0.4314,0,2,0,411040,194570,41970,65986,1.8023083478454185,0.2532507407236832
658,0.4317,1,18,1,411058,194552,41971,65985,1.8021416132498425,0.25326537113730485
659,0.432,0,2,0,411060,194550,41971,65985,1.8021230871836673,0.25326731533191316
660,0.4321,0,3,0,411063,194547,41971,65985,1.8020952980844047,0.2532702316797937
661,0.4325,0,4,0,411067,194543,41971,65985,1.8020582459520544,0.2532741202481115
662,0.4326,0,1,0,411068,194542,41971,65985,1.802048982918967,0.2532750924088482
663,0.4333,231,1300,231,412368,193242,42202,65754,1.7900070399051466,0.2538803688087847
664,0.435,4,24,4,412392,193218,42206,65750,1.7897847271110452,0.25389237280281735
665,0.4357,1,10,1,412402,193208,42207,65749,1.7896920967801697,0.2538992960221195
666,0.4367,6,29,6,412431,193179,42213,65743,1.7894234688206305,0.2539104440719599
667,0.4375,0,10,0,412441,193169,42213,65743,1.789330838489755,0.25392025089605735
668,0.4381,1,4,1,412445,193165,42214,65742,1.7892937863574048,0.2539212922014468
669,0.4383,0,3,0,412448,193162,42214,65742,1.7892659972581422,0.25392423446528445
670,0.4386,0,1,0,412449,193161,42214,65742,1.7892567342250547,0.2539252152350494
671,0.4389,0,6,0,412455,193155,42214,65742,1.7892011560265293,0.2539311000127464
672,0.44,20,104,20,412559,193051,42234,65722,1.7882378005854236,0.25397549203355835
673,0.4405,0,3,0,412562,193048,42234,65722,1.788210011486161,0.2539784364493566
674,0.4409,0,1,0,412563,193047,42234,65722,1.7882007484530735,0.2539794179364607
675,0.4411,0,1,0,412564,193046,42234,65722,1.7881914854199858,0.2539803994311507
676,0.4412,0,3,0,412567,193043,42234,65722,1.7881636963207233,0.2539833439607366
677,0.4414,1,0,1,412567,193043,42235,65721,1.7881636963207233,0.25398046096056637
678,0.4417,39,207,39,412774,192836,42274,65682,1.7862462484715995,0.25407128323753086
679,0.4429,4,6,4,412780,192830,42278,65678,1.7861906702730743,0.254065638200752
680,0.4433,0,15,0,412795,192815,42278,65678,1.7860517247767609,0.25408038128692073
681,0.4438,1,10,1,412805,192805,42279,65677,1.7859590944458854,0.2540873252296098
682,0.445,1,5,1,412810,192800,42280,65676,1.7859127792804477,0.25408935452421116
683,0.4452,1,0,1,412810,192800,42281,65675,1.7859127792804477,0.25408646871070706
684,0.4454,0,3,0,412813,192797,42281,65675,1.7858849901811849,0.25408941780927913
685,0.4455,1,1,1,412814,192796,42282,65674,1.7858757271480974,0.2540875149920687
686,0.4456,1,2,1,412816,192794,42283,65673,1.7858572010819223,0.2540865951939706
687,0.4457,0,1,0,412817,192793,42283,65673,1.7858479380488348,0.25408757825013734
688,0.446,0,1,0,412818,192792,42283,65673,1.7858386750157471,0.254088561313911
689,0.4462,0,2,0,412820,192790,42283,65673,1.785820148949572,0.25409052746427924
690,0.4464,2,4,2,412824,192786,42285,65671,1.785783096817222,0.2540886878668405
691,0.4467,11,69,11,412893,192717,42296,65660,1.7851439475341806,0.2541247866489664
692,0.4471,0,4,0,412897,192713,42296,65660,1.7851068954018303,0.2541287208802777
693,0.4475,1,2,1,412899,192711,42297,65659,1.7850883693356552,0.25412780121531137
694,0.4477,0,4,0,412903,192707,42297,65659,1.7850513172033051,0.25413173559988544
695,0.4483,1,4,1,412907,192703,42298,65658,1.7850142650709548,0.2541327831987026
696,0.4488,1,0,1,412907,192703,42299,65657,1.7850142650709548,0.25412989626877225
697,0.4492,0,1,0,412908,192702,42299,65657,1.7850050020378674,0.2541308798996745
698,0.45,1137,6367,1137,419275,186335,43436,64520,1.7260272703694097,0.25720037471846285
699,0.4508,1,3,1,419278,186332,43437,64519,1.7259994812701471,0.2572004895336275
700,0.4512,1,0,1,419278,186332,43438,64518,1.7259994812701471,0.25719752840342835
701,0.4514,1,4,1,419282,186328,43439,64517,1.7259624291377968,0.2571986685004684
702,0.4517,0,8,0,419290,186320,43439,64517,1.7258883248730965,0.257206871394571
703,0.4524,1,9,1,419299,186311,43440,64516,1.7258049575753085,0.2572131389363984
704,0.4525,0,3,0,419302,186308,43440,64516,1.725777168476046,0.2572162153541926
705,0.4527,1,3,1,419305,186305,43441,64515,1.725749379376783,0.25721633043616937
706,0.4533,2,15,2,419320,186290,43443,64513,1.7256104338804699,0.2572257907600786
707,0.4536,0,6,0,419326,186284,43443,64513,1.7255548556819444,0.25723194456074033
708,0.4548,0,2,0,419328,186282,43443,64513,1.7255363296157693,0.25723399589306006
709,0.455,6,35,6,419363,186247,43449,64507,1.725212123457705,0.25725212758320903
710,0.4552,0,3,0,419366,186244,43449,64507,1.7251843343584423,0.25725520536308927
711,0.4556,2,2,2,419368,186242,43451,64505,1.7251658082922672,0.25725133301694536
712,0.4561,0,6,0,419374,186236,43451,64505,1.725110230093742,0.25725748880318733
713,0.4562,0,1,0,419375,186235,43451,64505,1.7251009670606543,0.25725851479620326
714,0.4567,6,29,6,419404,186206,43457,64499,1.7248323391011153,0.2572704971979019
715,0.4569,0,2,0,419406,186204,43457,64499,1.7248138130349402,0.25727254959055135
716,0.4571,0,21,0,419427,186183,43457,64499,1.7246192893401016,0.2572941016905881
717,0.4579,0,1,0,419428,186182,43457,64499,1.7246100263070139,0.25729512807113425
718,0.4583,11,91,11,419519,186091,43468,64488,1.7237670902960465,0.2573559635883294
719,0.4595,1,1,1,419520,186090,43469,64487,1.723757827262959,0.2573540269059012
720,0.46,34,236,34,419756,185854,43503,64453,1.721571751454296,0.25749579516353915
721,0.4603,0,1,0,419757,185853,43503,64453,1.7215624884212086,0.2574968238875616
722,0.4607,0,2,0,419759,185851,43503,64453,1.7215439623550335,0.25749888136026594
723,0.4614,0,2,0,419761,185849,43503,64453,1.7215254362888583,0.25750093886585007
724,0.4617,0,1,0,419762,185848,43503,64453,1.7215161732557709,0.25750196763097233
725,0.4624,1,4,1,419766,185844,43504,64452,1.7214791211234206,0.2575031163102886
726,0.4625,1,4,1,419770,185840,43505,64451,1.7214420689910703,0.25750426503549867
727,0.4626,0,1,0,419771,185839,43505,64451,1.7214328059579829,0.2575052938591234
728,0.4633,3,27,3,419798,185812,43508,64448,1.7211827040646188,0.25752417485814755
729,0.4639,1,4,1,419802,185808,43509,64447,1.7211456519322688,0.25752532416934726
730,0.464,0,6,0,419808,185802,43509,64447,1.7210900737337433,0.25753149862736713
731,0.4643,0,1,0,419809,185801,43509,64447,1.7210808107006559,0.25753252773248936
732,0.4647,0,1,0,419810,185800,43509,64447,1.7210715476675682,0.2575335568458363
733,0.465,1,4,1,419814,185796,43510,64446,1.7210344955352181,0.25753470640420073
734,0.4657,0,3,0,419817,185793,43510,64446,1.7210067064359553,0.25753779386906117
735,0.4667,615,3204,615,423021,182589,44125,63831,1.6913279484234318,0.2590333576820063
736,0.4673,1,1,1,423022,182588,44126,63830,1.6913186853903441,0.2590314019268073
737,0.4674,1,1,1,423023,182587,44127,63829,1.6913094223572567,0.25902944613986106
738,0.4675,0,2,0,423025,182585,44127,63829,1.6912908962910815,0.2590315485321451
739,0.4679,0,1,0,423026,182584,44127,63829,1.691281633257994,0.2590325997410851
740,0.468,0,4,0,423030,182580,44127,63829,1.6912445811256438,0.2590368046621674
741,0.4683,2,20,2,423050,182560,44129,63827,1.6910593204638926,0.25905181685722056
742,0.4686,1,2,1,423052,182558,44130,63826,1.6910407943977175,0.2590509123969089
743,0.469,2,7,2,423059,182551,44132,63824,1.6909759531661046,0.25905225773718926
744,0.4695,0,1,0,423060,182550,44132,63824,1.6909666901330171,0.2590533091965873
745,0.4698,0,1,0,423061,182549,44132,63824,1.6909574270999297,0.25905436066452087
746,0.47,4,19,4,423080,182530,44136,63820,1.690781429471266,0.25906230972194033
747,0.4703,0,6,0,423086,182524,44136,63820,1.6907258512727408,0.2590686194914429
748,0.4705,0,1,0,423087,182523,44136,63820,1.690716588239653,0.259069671149576
749,0.4708,0,5,0,423092,182518,44136,63820,1.6906702730742154,0.2590749295683167
750,0.4714,3,26,3,423118,182492,44139,63817,1.690429434213939,0.2590932527841045
751,0.4715,0,1,0,423119,182491,44139,63817,1.6904201711808515,0.2590943046916868
752,0.4717,0,9,0,423128,182482,44139,63817,1.6903368038830635,0.2591037722443047
753,0.4719,0,5,0,423133,182477,44139,63817,1.6902904887176258,0.2591090322947372
754,0.4724,0,1,0,423134,182476,44139,63817,1.690281225684538,0.25911008433045196
755,0.4725,0,1,0,423135,182475,44139,63817,1.6902719626514506,0.25911113637470967
756,0.4727,0,1,0,423136,182474,44139,63817,1.690262699618363,0.25911218842751055
757,0.4733,4,35,4,423171,182439,44143,63813,1.6899384934602986,0.2591369816285756
758,0.4736,0,3,0,423174,182436,44143,63813,1.689910704361036,0.2591401386401569
759,0.4738,0,1,0,423175,182435,44143,63813,1.6899014413279485,0.2591411909944446
760,0.4743,1,0,1,423175,182435,44144,63812,1.6899014413279485,0.25913818239410025
761,0.4748,0,1,0,423176,182434,44144,63812,1.6898921782948608,0.25913923474899087
762,0.475,237,1356,237,424532,181078,44381,63575,1.6773315054281375,0.25985783947059715
763,0.4754,0,5,0,424537,181073,44381,63575,1.6772851902626995,0.2598631503220954
764,0.4755,0,1,0,424538,181072,44381,63575,1.677275927229612,0.25986421251844494
765,0.4762,0,1,0,424539,181071,44381,63575,1.6772666641965246,0.259865274723478
766,0.4767,4,40,4,424579,181031,44385,63571,1.6768961428730222,0.2598956672472016
767,0.4769,0,1,0,424580,181030,44385,63571,1.6768868798399348,0.25989672977624784
768,0.4771,0,4,0,424584,181026,44385,63571,1.6768498277075845,0.2599009799793129
769,0.4778,0,6,0,424590,181020,44385,63571,1.6767942495090593,0.2599073555445621
770,0.4779,1,1,1,424591,181019,44386,63570,1.6767849864759716,0.25990539231118326
771,0.4781,1,3,1,424594,181016,44387,63569,1.676757197376709,0.2599055543062739
772,0.4783,0,3,0,424597,181013,44387,63569,1.6767294082774464,0.25990874226230876
773,0.4784,1,0,1,424597,181013,44388,63568,1.6767294082774464,0.25990571630666326
774,0.4786,0,1,0,424598,181012,44388,63568,1.6767201452443588,0.25990677896802683
775,0.4789,0,1,0,424599,181011,44388,63568,1.6767108822112713,0.2599078416380801
776,0.479,1,5,1,424604,181006,44389,63567,1.6766645670458336,0.2599101290821145
777,0.4792,0,1,0,424605,181005,44389,63567,1.6766553040127459,0.25991119179628086
778,0.4794,0,3,0,424608,181002,44389,63567,1.6766275149134833,0.2599143799909228
779,0.4795,0,3,0,424611,180999,44389,63567,1.6765997258142207,0.25991756826378154
780,0.48,92,479,92,425090,180520,44481,63475,1.6721627329652822,0.2601487735404414
781,0.4805,0,1,0,425091,180519,44481,63475,1.6721534699321945,0.26014983975015776
782,0.4817,0,14,0,425105,180505,44481,63475,1.6720237874689687,0.26016476760390195
783,0.4821,0,5,0,425110,180500,44481,63475,1.671977472303531,0.26017009939542984
784,0.4829,0,1,0,425111,180499,44481,63475,1.6719682092704435,0.26017116577996013
785,0.4833,89,530,89,425641,179969,44570,63386,1.6670588017340398,0.26046721867231
786,0.4839,1,0,1,425641,179969,44571,63385,1.6670588017340398,0.2604641797545962
787,0.4845,0,1,0,425642,179968,44571,63385,1.6670495387009523,0.26046525006883003
788,0.485,4,16,4,425658,179952,44575,63381,1.6669013301715514,0.2604702198222189
789,0.4857,9,48,9,425706,179904,44584,63372,1.6664567045833487,0.26049425344053667
790,0.4859,1,0,1,425706,179904,44585,63371,1.6664567045833487,0.2604912136471072
791,0.4866,1,10,1,425716,179894,44586,63370,1.6663640742524732,0.26049888187319126
792,0.4867,4,18,4,425734,179876,44590,63366,1.6661973396568972,0.2605059981417683
793,0.4869,0,3,0,425737,179873,44590,63366,1.6661695505576346,0.26050921110512704
794,0.4875,9,22,9,425759,179851,44599,63357,1.6659657638297083,0.2605054110062169
795,0.4881,1,2,1,425761,179849,44600,63356,1.6659472377635334,0.26050451265393393
796,0.4883,0,8,0,425769,179841,44600,63356,1.6658731334988328,0.2605130819870311
797,0.4889,2,9,2,425778,179832,44602,63354,1.6657897662010448,0.2605166415829859
798,0.489,0,1,0,425779,179831,44602,63354,1.6657805031679573,0.2605177128523552
799,0.4894,1,1,1,425780,179830,44603,63353,1.6657712401348697,0.26051574328797655
800,0.49,9,44,9,425824,179786,44612,63344,1.6653636666790175,0.26053551597910585
801,0.4905,0,4,0,425828,179782,44612,63344,1.6653266145466672,0.2605398024069824
802,0.4909,1,1,1,425829,179781,44613,63343,1.6653173515135795,0.26053783254635493
803,0.4911,1,1,1,425830,179780,44614,63342,1.665308088480492,0.2605358626533181
804,0.4914,0,4,0,425834,179776,44614,63342,1.6652710363481418,0.26054014922794694
805,0.4917,27,144,27,425978,179632,44641,63315,1.663937159583534,0.260612396942543
806,0.4921,1,7,1,425985,179625,44642,63314,1.663872318351921,0.26061686266922973
807,0.4925,1,3,1,425988,179622,44643,63313,1.6638445292526585,0.2606170374791611
808,0.4929,0,4,0,425992,179618,44643,63313,1.6638074771203082,0.26062132869003957
809,0.4933,6,40,6,426032,179578,44649,63307,1.663436955796806,0.2606459847252815
810,0.4945,0,2,0,426034,179576,44649,63307,1.663418429730631,0.2606481309931119
811,0.495,1,11,1,426045,179565,44650,63306,1.663316536366668,0.26065689193028396
812,0.4951,0,1,0,426046,179564,44650,63306,1.6633072733335803,0.26065796516655
813,0.4952,0,4,0,426050,179560,44650,63306,1.66327022120123,0.26066225819999506
814,0.4956,0,1,0,426051,179559,44650,63306,1.6632609581681426,0.2606633314804521
815,0.4958,0,3,0,426054,179556,44650,63306,1.66323316906888,0.26066655137485484
816,0.496,0,4,0,426058,179552,44650,63306,1.6631961169365297,0.2606708446911364
817,0.4964,0,4,0,426062,179548,44650,63306,1.6631590648041794,0.26067513814884663
818,0.4967,4,33,4,426095,179515,44654,63302,1.6628533847122902,0.26069838602733747
819,0.4969,1,2,1,426097,179513,44655,63301,1.662834858646115,0.26069748861268294
820,0.4971,1,1,1,426098,179512,44656,63300,1.6628255956130276,0.2606955175197272
821,0.4974,0,4,0,426102,179508,44656,63300,1.6627885434806773,0.2606998121972917
822,0.4975,0,2,0,426104,179506,44656,63300,1.6627700174145021,0.260701959589137
823,0.4976,0,1,0,426105,179505,44656,63300,1.6627607543814147,0.26070303329832584
824,0.4983,0,5,0,426110,179500,44656,63300,1.662714439215977,0.26070840197693573
825,0.5,10618,49224,10618,475334,130276,55274,52682,1.2067508985142095,0.28794586735753563
826,0.5008,2,5,2,475339,130271,55276,52680,1.2067045833487717,0.2879459527414444
827,0.5011,2,0,2,475339,130271,55278,52678,1.2067045833487717,0.28793816856063714
828,0.5012,0,1,0,475340,130270,55278,52678,1.2066953203156843,0.2879397424404749
829,0.5014,1,0,1,475340,130270,55279,52677,1.2066953203156843,0.2879358502735765
830,0.5015,1,5,1,475345,130265,55280,52676,1.2066490051502463,0.287939827594689
831,0.5017,2,8,2,475353,130257,55282,52674,1.206574900885546,0.28794463486232513
832,0.5019,0,3,0,475356,130254,55282,52674,1.2065471117862834,0.2879493571241144
833,0.5024,1,4,1,475360,130250,55283,52673,1.206510059653933,0.2879517611235329
834,0.5029,0,2,0,475362,130248,55283,52673,1.206491533587758,0.2879549094964493
835,0.5031,0,4,0,475366,130244,55283,52673,1.2064544814554077,0.2879612064488265
836,0.5033,3,12,3,475378,130232,55286,52670,1.206343325058357,0.28796842024690816
837,0.5037,0,3,0,475381,130229,55286,52670,1.2063155359590945,0.2879731436475869
838,0.5042,0,6,0,475387,130223,55286,52670,1.206259957760569,0.287982590913813
839,0.5048,0,2,0,475389,130221,55286,52670,1.206241431694394,0.28798574014030215
840,0.505,5,21,5,475410,130200,55291,52665,1.2060469079995553,0.287999343778197
841,0.5052,1,2,1,475412,130198,55292,52664,1.2060283819333804,0.2879986000371865
842,0.5054,0,2,0,475414,130196,55292,52664,1.2060098558672052,0.28800174997265665
843,0.5056,1,6,1,475420,130190,55293,52663,1.2059542776686798,0.28800730641553596
844,0.506,0,1,0,475421,130189,55293,52663,1.2059450146355923,0.2880088814997922
845,0.5064,0,1,0,475422,130188,55293,52663,1.2059357516025047,0.28801045660127644
846,0.5067,4,25,4,475447,130163,55297,52659,1.205704175775316,0.2880342628348886
847,0.5071,0,3,0,475450,130160,55297,52659,1.2056763866760531,0.2880389893829416
848,0.5073,1,6,1,475456,130154,55298,52658,1.205620808477528,0.28804454849791045
849,0.5074,0,1,0,475457,130153,55298,52658,1.2056115454444403,0.2880461241391382
850,0.5083,22,118,22,475575,130035,55320,52636,1.204518507540109,0.2881464490805875
851,0.509,0,6,0,475581,130029,55320,52636,1.2044629293415836,0.2881559138313306
852,0.5092,0,2,0,475583,130027,55320,52636,1.2044444032754085,0.28815906888641923
853,0.5095,0,3,0,475586,130024,55320,52636,1.2044166141761459,0.2881638015985985
854,0.51,17,78,17,475664,129946,55337,52619,1.2036940975953165,0.28822063374688467
855,0.5107,1,3,1,475667,129943,55338,52618,1.203666308496054,0.28822147117949615
856,0.5108,2,5,2,475672,129938,55340,52616,1.2036199933306162,0.28822156731706783
857,0.5111,1,3,1,475675,129935,55341,52615,1.2035922042313536,0.2882224048205971
858,0.5112,0,1,0,475676,129934,55341,52615,1.203582941198266,0.2882239836975278
859,0.5115,0,5,0,475681,129929,55341,52615,1.2035366260328282,0.2882318783416601
860,0.5117,2,4,2,475685,129925,55343,52613,1.203499573900478,0.28823039586277927
861,0.5125,0,7,0,475692,129918,55343,52613,1.203434732668865,0.2882414493976366
862,0.5131,1,2,1,475694,129916,55344,52612,1.2034162066026899,0.2882407082748948
863,0.5133,6,32,6,475726,129884,55350,52606,1.2031197895438883,0.28826785029316676
864,0.5138,1,1,1,475727,129883,55351,52605,1.2031105265108006,0.28826552978826003
865,0.5139,0,3,0,475730,129880,55351,52605,1.203082737411538,0.2882702687892156
866,0.5141,0,5,0,475735,129875,55351,52605,1.2030364222461003,0.28827816747040774
867,0.5143,0,1,0,475736,129874,55351,52605,1.2030271592130126,0.2882797472585887
868,0.5148,0,1,0,475737,129873,55351,52605,1.2030178961799252,0.28828132706408444
869,0.515,4,18,4,475755,129855,55355,52601,1.2028511615843491,0.2882941640724339
870,0.5167,130,777,130,476532,129078,55485,52471,1.1956537848753195,0.2890183917289547
871,0.5178,1,9,1,476541,129069,55486,52470,1.1955704175775317,0.28902880372812456
872,0.5179,0,1,0,476542,129068,55486,52470,1.195561154544444,0.2890303958399894
873,0.5183,2,15,2,476557,129053,55488,52468,1.1954222090481308,0.28904644641666805
874,0.519,1,4,1,476561,129049,55489,52467,1.1953851569157805,0.2890488992705877
875,0.5195,0,4,0,476565,129045,55489,52467,1.1953481047834302,0.2890552690731191
876,0.5198,0,4,0,476569,129041,55489,52467,1.1953110526510802,0.2890616391564008
877,0.52,14,38,14,476607,129003,55503,52453,1.194959057393753,0.2890673221056344
878,0.521,0,1,0,476608,129002,55503,52453,1.1949497943606655,0.2890689151580282
879,0.5214,1,4,1,476612,128998,55504,52452,1.1949127422283152,0.28907136952328466
880,0.5217,0,15,0,476627,128983,55504,52452,1.194773796732002,0.28909526827789567
881,0.5222,0,1,0,476628,128982,55504,52452,1.1947645336989143,0.28909686166870596
882,0.5225,0,1,0,476629,128981,55504,52452,1.1947552706658269,0.2890984550770808
883,0.5231,1,2,1,476631,128979,55505,52451,1.1947367445996517,0.2890977236399713
884,0.5233,4,15,4,476646,128964,55509,52447,1.1945977991033383,0.2891059527812536
885,0.5236,0,1,0,476647,128963,55509,52447,1.1945885360702508,0.28910754644176173
886,0.5238,2,10,2,476657,128953,55511,52445,1.1944959057393754,0.2891156462585034
887,0.5248,0,1,0,476658,128952,55511,52445,1.1944866427062877,0.28911724008666073
888,0.525,67,444,67,477102,128508,55578,52378,1.1903738560154138,0.2895635925389472
889,0.5254,1,10,1,477112,128498,55579,52377,1.190281225684538,0.28957567380787835
890,0.5257,0,1,0,477113,128497,55579,52377,1.1902719626514506,0.28957727478797396
891,0.5258,0,2,0,477115,128495,55579,52377,1.1902534365852755,0.28958047680127386
892,0.5267,13,52,13,477167,128443,55592,52364,1.1897717588647228,0.28961268092496417
893,0.527,2,3,2,477170,128440,55594,52362,1.18974396976546,0.2896096282120773
894,0.5271,0,1,0,477171,128439,55594,52362,1.1897347067323725,0.2896112300263826
895,0.5274,0,1,0,477172,128438,55594,52362,1.1897254436992848,0.2896128318584071
896,0.5278,1,2,1,477174,128436,55595,52361,1.1897069176331099,0.2896121063955707
897,0.5281,1,0,1,477174,128436,55596,52360,1.1897069176331099,0.28960817717206133
898,0.5283,1,2,1,477176,128434,55597,52359,1.1896883915669347,0.2896074516159365
899,0.5286,1,7,1,477183,128427,55598,52358,1.1896235503353219,0.2896147357358188
900,0.5292,0,2,0,477185,128425,55598,52358,1.1896050242691467,0.2896179397399092
901,0.53,16,94,16,477279,128331,55614,52342,1.1887342991589165,0.2897057114234003
902,0.5303,0,1,0,477280,128330,55614,52342,1.188725036125829,0.2897073149132129
903,0.5308,0,2,0,477282,128328,55614,52342,1.1887065100596539,0.28971052194608954
904,0.531,0,3,0,477285,128325,55614,52342,1.1886787209603913,0.2897153326285376
905,0.5311,0,2,0,477287,128323,55614,52342,1.1886601948942161,0.2897185398389284
906,0.5314,0,1,0,477288,128322,55614,52342,1.1886509318611287,0.2897201434707523
907,0.5317,2,17,2,477305,128305,55616,52340,1.1884934602986401,0.2897395444103075
908,0.5319,0,2,0,477307,128303,55616,52340,1.188474934232465,0.28974275227935764
909,0.5324,1,0,1,477307,128303,55617,52339,1.188474934232465,0.2897388204293575
910,0.5333,209,1035,209,478342,127268,55826,52130,1.1788876949868465,0.2905829496426939
911,0.5338,0,5,0,478347,127263,55826,52130,1.1788413798214088,0.29059104870312663
912,0.5339,0,1,0,478348,127262,55826,52130,1.1788321167883211,0.2905926685693899
913,0.5345,0,3,0,478351,127259,55826,52130,1.1788043276890585,0.2905975282765387
914,0.535,3,19,3,478370,127240,55829,52127,1.178628330060395,0.2906164456115116
915,0.5352,2,3,2,478373,127237,55831,52125,1.1786005409611322,0.29061339637158373
916,0.5357,4,16,4,478389,127221,55835,52121,1.1784523324317315,0.29062350146647187
917,0.5358,1,5,1,478394,127216,55836,52120,1.1784060172662936,0.29062764865949947
918,0.5362,3,4,3,478398,127212,55839,52117,1.1783689651339435,0.2906222641067535
919,0.5367,2,6,2,478404,127206,55841,52115,1.178313386935418,0.2906240763769999
920,0.5369,1,8,1,478412,127198,55842,52114,1.1782392826707178,0.29063308646381725
921,0.5371,2,2,2,478414,127196,55844,52112,1.1782207566045426,0.2906284159100542
922,0.5375,2,2,2,478416,127194,55846,52110,1.1782022305383675,0.29062374514790523
923,0.5381,2,6,2,478422,127188,55848,52108,1.178146652339842,0.29062555773692667
924,0.5383,0,9,0,478431,127179,55848,52108,1.1780632850420543,0.2906401468037281
925,0.5385,1,0,1,478431,127179,55849,52107,1.1780632850420543,0.2906361902212108
926,0.5386,0,1,0,478432,127178,55849,52107,1.1780540220089666,0.2906378113060211
927,0.5388,0,4,0,478436,127174,55849,52107,1.1780169698766163,0.2906442958261054
928,0.5389,1,1,1,478437,127173,55850,52106,1.1780077068435288,0.29064196029652106
929,0.5394,0,1,0,478438,127172,55850,52106,1.1779984438104414,0.2906435814768126
930,0.54,23,76,23,478514,127096,55873,52083,1.1772944532957872,0.2906758046422851
931,0.5405,0,2,0,478516,127094,55873,52083,1.177275927229612,0.2906790492083247
932,0.5407,0,1,0,478517,127093,55873,52083,1.1772666641965246,0.29068067151850696
933,0.5409,1,1,1,478518,127092,55874,52082,1.177257401163437,0.2906783350262873
934,0.5417,40,236,40,478754,126856,55914,52042,1.1750713253547742,0.29090319623472594
935,0.5429,0,5,0,478759,126851,55914,52042,1.1750250101893365,0.2909113268825499
936,0.5433,7,24,7,478783,126827,55921,52035,1.174802697395235,0.29092261072782366
937,0.5436,1,0,1,478783,126827,55922,52034,1.174802697395235,0.2909186463231224
938,0.5444,1,0,1,478783,126827,55923,52033,1.174802697395235,0.2909146818740915
939,0.545,0,10,0,478793,126817,55923,52033,1.1747100670643595,0.29093094772155437
940,0.5452,0,5,0,478798,126812,55923,52033,1.1746637518989218,0.2909390813274064
941,0.5457,0,1,0,478799,126811,55923,52033,1.1746544888658341,0.29094070810315137
942,0.5458,2,8,2,478807,126803,55925,52031,1.1745803846011338,0.29094579330552356
943,0.5464,1,7,1,478814,126796,55926,52030,1.174515543369521,0.2909532170937112
944,0.5467,16,66,16,478880,126730,55942,52014,1.1739041831857424,0.290997180324934
945,0.5471,0,1,0,478881,126729,55942,52014,1.1738949201526547,0.2909988083449422
946,0.5475,0,1,0,478882,126728,55942,52014,1.1738856571195673,0.2910004363831668
947,0.5483,1,7,1,478889,126721,55943,52013,1.1738208158879544,0.2910078664383945
948,0.5486,1,0,1,478889,126721,55944,52012,1.1738208158879544,0.29100389967157714
949,0.5488,0,3,0,478892,126718,55944,52012,1.1737930267886918,0.2910087841996307
950,0.549,1,0,1,478892,126718,55945,52011,1.1737930267886918,0.2910048173491711
951,0.5492,1,1,1,478893,126717,55946,52010,1.1737837637556041,0.2910024786406083
952,0.55,1117,5051,1117,483944,121666,57063,50893,1.126996183630368,0.2949310091041325
953,0.5517,3,15,3,483959,121651,57066,50890,1.1268572381340547,0.29494439002903655
954,0.5524,1,7,1,483966,121644,57067,50889,1.1267923969024418,0.29495227000052165
955,0.5525,0,2,0,483968,121642,57067,50889,1.1267738708362667,0.2949556891225345
956,0.5529,1,6,1,483974,121636,57068,50888,1.1267182926377413,0.29496186037884586
957,0.5531,1,2,1,483976,121634,57069,50887,1.1266997665715661,0.2949611931301117
958,0.5533,3,9,3,483985,121625,57072,50884,1.126616399273778,0.2949643207021083
959,0.5539,0,4,0,483989,121621,57072,50884,1.126579347141428,0.29497116025622444
960,0.5542,0,4,0,483993,121617,57072,50884,1.1265422950090778,0.2949780001275355
961,0.5544,1,0,1,483993,121617,57073,50883,1.1265422950090778,0.29497391304347825
962,0.5545,0,1,0,483994,121616,57073,50883,1.1265330319759903,0.29497562304709013
963,0.5548,0,6,0,484000,121610,57073,50883,1.1264774537774649,0.29498588348512694
964,0.555,7,35,7,484035,121575,57080,50876,1.1261532476194005,0.2950171353022018
965,0.5562,0,2,0,484037,121573,57080,50876,1.1261347215532254,0.295020556802301
966,0.5567,2,11,2,484048,121562,57082,50874,1.1260328281892622,0.2950311999814424
967,0.5571,2,17,2,484065,121545,57084,50872,1.1258753566267738,0.29505211203071624
968,0.5583,27,137,27,484202,121408,57111,50845,1.124606321093779,0.29517628140003366
969,0.559,0,1,0,484203,121407,57111,50845,1.1245970580606914,0.29517799503053666
970,0.5595,2,0,2,484203,121407,57113,50843,1.1245970580606914,0.2951698113207547
971,0.56,40,167,40,484370,121240,57153,50803,1.1230501315350698,0.2952924559557785
972,0.5607,0,8,0,484378,121232,57153,50803,1.1229760272703695,0.2953061876943645
973,0.5608,0,1,0,484379,121231,57153,50803,1.1229667642372818,0.2953079042514852
974,0.5609,0,4,0,484383,121227,57153,50803,1.1229297121049315,0.29531477067953266
975,0.5611,1,1,1,484384,121226,57154,50802,1.122920449071844,0.2953123910061153
976,0.5617,1,5,1,484389,121221,57155,50801,1.1228741339064063,0.29531687807373475
977,0.5619,0,6,0,484395,121215,57155,50801,1.122818555707881,0.29532717886708215
978,0.5624,0,1,0,484396,121214,57155,50801,1.1228092926747935,0.295328895735837
979,0.5625,1,3,1,484399,121211,57156,50800,1.1227815035755309,0.29532994982879
980,0.5626,3,1,3,484400,121210,57159,50797,1.1227722405424432,0.2953193765370014
981,0.5629,0,1,0,484401,121209,57159,50797,1.1227629775093557,0.2953210934502285
982,0.5631,1,1,1,484402,121208,57160,50796,1.122753714476268,0.29531871351829025
983,0.5633,0,21,0,484423,121187,57160,50796,1.1225591907814294,0.29535477343690947
984,0.5636,0,4,0,484427,121183,57160,50796,1.1225221386490793,0.29536164299129547
985,0.5638,1,2,1,484429,121181,57161,50795,1.1225036125829042,0.29536098060194443
986,0.5643,0,2,0,484431,121179,57161,50795,1.122485086516729,0.295364415551188
987,0.5649,1,4,1,484435,121175,57162,50794,1.1224480343843788,0.2953671882723049
988,0.565,2,10,2,484445,121165,57164,50792,1.1223554040535033,0.2953761696238013
989,0.5652,0,3,0,484448,121162,57164,50792,1.1223276149542407,0.2953813229119416
990,0.5655,0,4,0,484452,121158,57164,50792,1.1222905628218904,0.29538819424251234
991,0.5657,1,1,1,484453,121157,57165,50791,1.1222812997888028,0.295385814315956
992,0.5659,0,1,0,484454,121156,57165,50791,1.1222720367557153,0.295387532204691
993,0.5661,0,1,0,484455,121155,57165,50791,1.1222627737226278,0.2953892501134077
994,0.5667,574,2650,574,487105,118505,57739,50217,1.0977157360406091,0.2976316070222022
995,0.5675,0,2,0,487107,118503,57739,50217,1.097697209974434,0.2976351351351351
996,0.5679,1,3,1,487110,118500,57740,50216,1.0976694208751714,0.29763626449180874
997,0.5683,0,10,0,487120,118490,57740,50216,1.097576790544296,0.29765390679643877
998,0.5688,0,3,0,487123,118487,57740,50216,1.097549001445033,0.29765919989567463
999,0.5689,1,3,1,487126,118484,57741,50215,1.0975212123457705,0.29766032993675123
1000,0.569,1,3,1,487129,118481,57742,50214,1.097493423246508,0.29766146003141764
1001,0.57,6,18,6,487147,118463,57748,50208,1.0973266886509319,0.297668241725015
1002,0.5702,0,1,0,487148,118462,57748,50208,1.0973174256178444,0.29767000652161024
1003,0.5706,0,5,0,487153,118457,57748,50208,1.0972711104524064,0.29767883081848634
1004,0.5707,0,1,0,487154,118456,57748,50208,1.097261847419319,0.2976805957406441
1005,0.5713,0,6,0,487160,118450,57748,50208,1.0972062692207936,0.2976911857130999
1006,0.5714,7,35,7,487195,118415,57755,50201,1.0968820630627292,0.2977238221758315
1007,0.5717,2,10,2,487205,118405,57757,50199,1.0967894327318537,0.2977331498659581
1008,0.5721,1,1,1,487206,118404,57758,50198,1.0967801696987662,0.29773075052490483
1009,0.5722,0,1,0,487207,118403,57758,50198,1.0967709066656786,0.2977325164144934
1010,0.5725,0,2,0,487209,118401,57758,50198,1.0967523805995034,0.29773604825651395
1011,0.5733,6,19,6,487228,118382,57764,50192,1.09657638297084,0.2977446106754304
1012,0.5742,0,1,0,487229,118381,57764,50192,1.0965671199377525,0.29774637694055395
1013,0.575,206,1093,206,488322,117288,57970,49986,1.0864426247730556,0.2988270741418272
1014,0.5752,0,1,0,488323,117287,57970,49986,1.0864333617399682,0.2988288606051186
1015,0.5756,1,0,1,488323,117287,57971,49985,1.0864333617399682,0.2988246688029078
1016,0.5757,0,1,0,488324,117286,57971,49985,1.0864240987068805,0.29882645527317947
1017,0.5762,0,3,0,488327,117283,57971,49985,1.086396309607618,0.29883181481215776
1018,0.5764,0,8,0,488335,117275,57971,49985,1.0863222053429176,0.29884610785603255
1019,0.5767,6,33,6,488368,117242,57977,49979,1.086016525251028,0.2988799253682253
1020,0.5774,1,0,1,488368,117242,57978,49978,1.086016525251028,0.29887573256787464
1021,0.578,1,2,1,488370,117240,57979,49977,1.0859979991848532,0.29887511437234254
1022,0.5781,0,1,0,488371,117239,57979,49977,1.0859887361517655,0.2988769017318917
1023,0.5783,0,1,0,488372,117238,57979,49977,1.085979473118678,0.29887868911281884
1024,0.5786,1,5,1,488377,117233,57980,49976,1.0859331579532403,0.2988834333080157
1025,0.5788,0,1,0,488378,117232,57980,49976,1.0859238949201526,0.2988852208028324
1026,0.5792,0,2,0,488380,117230,57980,49976,1.0859053688539775,0.298888795856608
1027,0.5798,1,0,1,488380,117230,57981,49975,1.0859053688539775,0.29888460273317186
1028,0.58,95,366,95,488746,116864,58076,49880,1.0825150987439327,0.29914119848390347
1029,0.5806,0,1,0,488747,116863,58076,49880,1.0825058357108452,0.29914299250943066
1030,0.5808,0,2,0,488749,116861,58076,49880,1.08248730964467,0.29914658062504124
1031,0.5814,3,0,3,488749,116861,58079,49877,1.08248730964467,0.2991339706605573
1032,0.5817,2,7,2,488756,116854,58081,49875,1.0824224684130572,0.299138122342244
1033,0.5824,0,2,0,488758,116852,58081,49875,1.082403942346882,0.2991417107007263
1034,0.5825,1,3,1,488761,116849,58082,49874,1.0823761532476195,0.2991428897032803
1035,0.5833,114,471,114,489232,116378,58196,49760,1.0780132646633813,0.2995100458654853
1036,0.584,0,2,0,489234,116376,58196,49760,1.0779947385972062,0.2995136514662686
1037,0.5847,0,1,0,489235,116375,58196,49760,1.0779854755641187,0.2995154542992145
1038,0.5848,1,8,1,489243,116367,58197,49759,1.0779113712994184,0.299525661245079
1039,0.585,4,20,4,489263,116347,58201,49755,1.0777261106376672,0.2995448579788323
1040,0.5857,11,41,11,489304,116306,58212,49744,1.0773463262810774,0.29957241794640166
1041,0.5862,0,4,0,489308,116302,58212,49744,1.0773092741487273,0.2995796345590981
1042,0.5867,4,15,4,489323,116287,58216,49740,1.077170328652414,0.2995898257512332
1043,0.5871,0,1,0,489324,116286,58216,49740,1.0771610656193265,0.299591630226591
1044,0.5873,0,3,0,489327,116283,58216,49740,1.0771332765200636,0.2995970437830903
1045,0.5874,0,3,0,489330,116280,58216,49740,1.077105487420801,0.29960245753523673
1046,0.5875,7,17,7,489347,116263,58223,49733,1.0769480158583127,0.2996036049061423
1047,0.5878,0,1,0,489348,116262,58223,49733,1.076938752825225,0.2996054098015
1048,0.588,0,3,0,489351,116259,58223,49733,1.0769109637259624,0.2996108246180539
1049,0.5883,0,4,0,489355,116255,58223,49733,1.0768739115936121,0.2996180446779285
1050,0.5886,0,1,0,489356,116254,58223,49733,1.0768646485605247,0.29961984974726935
1051,0.5889,2,4,2,489360,116250,58225,49731,1.0768275964281744,0.299618631048132
1052,0.589,0,1,0,489361,116249,58225,49731,1.076818333395087,0.2996204361971322
1053,0.5893,1,0,1,489361,116249,58226,49730,1.076818333395087,0.29961621650931747
1054,0.5895,0,4,0,489365,116245,58226,49730,1.0767812812627366,0.2996234372646483
1055,0.5899,0,1,0,489366,116244,58226,49730,1.0767720182296492,0.29962524250786265
1056,0.59,8,40,8,489406,116204,58234,49722,1.076401496906147,0.29966370550727434
1057,0.5905,0,5,0,489411,116199,58234,49722,1.076355181740709,0.29967273582005893
1058,0.5906,1,2,1,489413,116197,58235,49721,1.076336655674534,0.29967212719536157
1059,0.5909,0,2,0,489415,116195,58235,49721,1.076318129608359,0.2996757395308469
1060,0.5914,0,1,0,489416,116194,58235,49721,1.0763088665752714,0.29967754573124794
1061,0.5917,20,137,20,489553,116057,58255,49701,1.0750398310422764,0.2998407316690597
1062,0.5919,0,3,0,489556,116054,58255,49701,1.0750120419430138,0.2998461584869235
1063,0.5923,0,1,0,489557,116053,58255,49701,1.0750027789099263,0.299847967469865
1064,0.5925,2,1,2,489558,116052,58257,49699,1.0749935158768387,0.2998413282574464
1065,0.5929,1,4,1,489562,116048,58258,49698,1.0749564637444884,0.29984434013490524
1066,0.5931,0,4,0,489566,116044,58258,49698,1.0749194116121383,0.299851576546681
1067,0.5933,10,39,10,489605,116005,58268,49688,1.0745581533217237,0.29987989836625567
1068,0.5943,0,1,0,489606,116004,58268,49688,1.0745488902886362,0.29988170822972743
1069,0.5944,0,4,0,489610,116000,58268,49688,1.074511838156286,0.29988894790208104
1070,0.5947,1,13,1,489623,115987,58269,49687,1.0743914187261476,0.2999082535581926
1071,0.5949,0,2,0,489625,115985,58269,49687,1.0743728926599725,0.29991187406441644
1072,0.595,2,6,2,489631,115979,58271,49685,1.0743173144614473,0.2999142843345567
1073,0.5952,2,4,2,489635,115975,58273,49683,1.074280262329097,0.29991307392338434
1074,0.5964,1,3,1,489638,115972,58274,49682,1.0742524732298344,0.2999142791601772
1075,0.5967,2,45,2,489683,115927,58276,49680,1.0738356367408943,0.2999873193765964
1076,0.598,0,1,0,489684,115926,58276,49680,1.0738263737078069,0.2999891308285932
1077,0.5983,2,4,2,489688,115922,58278,49678,1.0737893215754566,0.299987922705314
1078,0.599,1,2,1,489690,115920,58279,49677,1.0737707955092815,0.2999873186108444
1079,0.6,10342,36274,10342,525964,79646,68621,39335,0.7377635332913409,0.33059900320219193
1080,0.6005,0,1,0,525965,79645,68621,39335,0.7377542702582534,0.33060178181206923
1081,0.6017,2,16,2,525981,79629,68623,39333,0.7376060617288525,0.3306349926867403
1082,0.6019,0,1,0,525982,79628,68623,39333,0.7375967986957649,0.3306377720429384
1083,0.6024,2,6,2,525988,79622,68625,39331,0.7375412204972396,0.33064319521155416
1084,0.6025,0,1,0,525989,79621,68625,39331,0.737531957464152,0.3306459748469971
1085,0.603,0,1,0,525990,79620,68625,39331,0.7375226944310646,0.33064875452917586
1086,0.6033,1,2,1,525992,79618,68626,39330,0.7375041683648894,0.3306486868211319
1087,0.6038,0,2,0,525994,79616,68626,39330,0.7374856422987143,0.33065424646478236
1088,0.6048,0,2,0,525996,79614,68626,39330,0.7374671162325391,0.33065980629539954
1089,0.605,4,11,4,526007,79603,68630,39326,0.7373652228685761,0.3306678774731142
1090,0.6052,2,1,2,526008,79602,68632,39324,0.7373559598354885,0.33065940164472024
1091,0.6056,0,1,0,526009,79601,68632,39324,0.737346696802401,0.3306621820475089
1092,0.6067,2,36,2,526045,79565,68634,39322,0.737013227611249,0.3307510493157368
1093,0.6071,1,4,1,526049,79561,68635,39321,0.7369761754788988,0.3307565485102875
1094,0.6075,0,3,0,526052,79558,68635,39321,0.7369483863796361,0.3307648953978415
1095,0.6079,0,5,0,526057,79553,68635,39321,0.7369020712141984,0.3307788078133149
1096,0.6082,1,1,1,526058,79552,68636,39320,0.7368928081811108,0.33077596069722054
1097,0.6083,16,125,16,526183,79427,68652,39304,0.7357349290451666,0.33103401807447086
1098,0.609,0,1,0,526184,79426,68652,39304,0.735725666012079,0.33103680619893877
1099,0.6095,0,2,0,526186,79424,68652,39304,0.7357071399459039,0.33104238258877433
1100,0.6098,0,3,0,526189,79421,68652,39304,0.7356793508466413,0.3310507475257949
1101,0.61,14,70,14,526259,79351,68666,39290,0.7350309385305124,0.3311671344644769
1102,0.6106,1,7,1,526266,79344,68667,39289,0.7349660972988995,0.33118103731676685
1103,0.6107,2,8,2,526274,79336,68669,39287,0.7348919930341992,0.3311920959678983
1104,0.6111,1,0,1,526274,79336,68670,39286,0.7348919930341992,0.3311864578240124
1105,0.6114,2,2,2,526276,79334,68672,39284,0.734873466968024,0.3311807651452562
1106,0.6116,1,2,1,526278,79332,68673,39283,0.7348549409018489,0.3311807107026936
1107,0.6117,0,3,0,526281,79329,68673,39283,0.7348271518025863,0.3311890871075439
1108,0.6121,0,2,0,526283,79327,68673,39283,0.7348086257364111,0.3311946716128488
1109,0.6123,0,4,0,526287,79323,68673,39283,0.7347715736040609,0.33120584118847274
1110,0.6125,0,5,0,526292,79318,68673,39283,0.7347252584386231,0.33121980421750236
1111,0.6129,0,2,0,526294,79316,68673,39283,0.734706732372448,0.3312253897587669
1112,0.6133,4,29,4,526323,79287,68677,39279,0.7344381044129089,0.3312838419108345
1113,0.6138,4,6,4,526329,79281,68681,39275,0.7343825262143836,0.33127804581801007
1114,0.6139,1,0,1,526329,79281,68682,39274,0.7343825262143836,0.33127240521277046
1115,0.6144,0,1,0,526330,79280,68682,39274,0.734373263181296,0.33127519948715356
1116,0.615,3,9,3,526339,79271,68685,39271,0.7342898958835081,0.33128342697103136
1117,0.6154,0,2,0,526341,79269,68685,39271,0.734271369817333,0.33128901636578373
1118,0.6158,0,3,0,526344,79266,68685,39271,0.7342435807180703,0.33129740081156095
1119,0.6162,0,1,0,526345,79265,68685,39271,0.7342343176849828,0.3313001957211311
1120,0.6167,156,724,156,527069,78541,68841,39115,0.7275278817295935,0.3324522336302441
1121,0.6171,0,1,0,527070,78540,68841,39115,0.727518618696506,0.3324550592834984
1122,0.6174,0,1,0,527071,78539,68841,39115,0.7275093556634185,0.3324578849847859
1123,0.6181,0,1,0,527072,78538,68841,39115,0.7275000926303309,0.33246071073410793
1124,0.6183,2,16,2,527088,78522,68843,39113,0.72735188410093,0.3324945806945212
1125,0.619,1,2,1,527090,78520,68844,39112,0.7273333580347549,0.33249455930359084
1126,0.62,3,25,3,527115,78495,68847,39109,0.727101782207566,0.3325482126458284
1127,0.6202,0,3,0,527118,78492,68847,39109,0.7270739931083033,0.33255669594646303
1128,0.6214,0,13,0,527131,78479,68847,39109,0.7269535736781652,0.3325934619178828
1129,0.6217,1,20,1,527151,78459,68848,39108,0.7267683130164141,0.3326443644900355
1130,0.6222,0,2,0,527153,78457,68848,39108,0.726749786950239,0.33265002339131544
1131,0.6225,2,9,2,527162,78448,68850,39106,0.726666419652451,0.3326641373326301
1132,0.6231,0,1,0,527163,78447,68850,39106,0.7266571566193635,0.33266696724030864
1133,0.6233,0,7,0,527170,78440,68850,39106,0.7265923153877506,0.3326867779422524
1134,0.6238,1,0,1,527170,78440,68851,39105,0.7265923153877506,0.3326811008549917
1135,0.6244,0,3,0,527173,78437,68851,39105,0.7265645262884879,0.3326895918054823
1136,0.625,90,345,90,527518,78092,68941,39015,0.7233687798732817,0.3331568565499927
1137,0.6257,0,1,0,527519,78091,68941,39015,0.7233595168401942,0.33315970146704693
1138,0.6262,0,1,0,527520,78090,68941,39015,0.7233502538071066,0.3331625464326886
1139,0.6266,0,3,0,527523,78087,68941,39015,0.7233224647078439,0.3331710816211508
1140,0.6267,12,40,12,527563,78047,68953,39003,0.7229519433843418,0.33321657411362665
1141,0.6271,0,2,0,527565,78045,68953,39003,0.7229334173181666,0.33322226778757436
1142,0.6274,0,2,0,527567,78043,68953,39003,0.7229148912519916,0.333227961656101
1143,0.6277,1,2,1,527569,78041,68954,39002,0.7228963651858165,0.33322795895525575
1144,0.6279,0,1,0,527570,78040,68954,39002,0.7228871021527289,0.33323080603544025
1145,0.6283,0,1,0,527571,78039,68954,39002,0.7228778391196413,0.3332336531642758
1146,0.6286,0,4,0,527575,78035,68954,39002,0.7228407869872912,0.3332450421661526
1147,0.6288,1,1,1,527576,78034,68955,39001,0.7228315239542036,0.33324219250651516
1148,0.6292,0,2,0,527578,78032,68955,39001,0.7228129978880284,0.33324788734801297
1149,0.6298,0,1,0,527579,78031,68955,39001,0.7228037348549409,0.33325073484175266
1150,0.63,20,113,20,527692,77918,68975,38981,0.7217570121160473,0.3334587977655925
1151,0.6307,1,2,1,527694,77916,68976,38980,0.7217384860498721,0.33345880098549135
1152,0.6313,1,3,1,527697,77913,68977,38979,0.7217106969506095,0.33346165691407453
1153,0.6314,1,5,1,527702,77908,68978,38978,0.7216643817851718,0.33347021884571293
1154,0.6317,5,14,5,527716,77894,68983,38973,0.721534699321946,0.33348165008086117
1155,0.6321,0,1,0,527717,77893,68983,38973,0.7215254362888585,0.3334845036195301
1156,0.6324,0,1,0,527718,77892,68983,38973,0.7215161732557709,0.33348735720703376
1157,0.6333,210,778,210,528496,77114,69193,38763,0.7143095335136537,0.33451849806260087
1158,0.6338,1,3,1,528499,77111,69194,38762,0.7142817444143911,0.33452141568786514
1159,0.6343,1,5,1,528504,77106,69195,38761,0.7142354292489532,0.3345301077960075
1160,0.6345,2,8,2,528512,77098,69197,38759,0.7141613249842529,0.33454171953356293
1161,0.6348,0,1,0,528513,77097,69197,38759,0.7141520619511653,0.33454460709846706
1162,0.635,6,14,6,528527,77083,69203,38753,0.7140223794879396,0.33455057149763456
1163,0.6357,3,8,3,528535,77075,69206,38750,0.7139482752232391,0.3345564429095618
1164,0.6367,4,10,4,528545,77065,69210,38746,0.7138556448923635,0.33456234727271156
1165,0.6369,0,4,0,528549,77061,69210,38746,0.7138185927600134,0.334573903131935
1166,0.6375,1,9,1,528558,77052,69211,38745,0.7137352254622253,0.3345941604704785
1167,0.6381,0,6,0,528564,77046,69211,38745,0.7136796472637,0.33461149830297693
1168,0.6383,3,23,3,528587,77023,69214,38742,0.7134665975026863,0.33466073510992095
1169,0.6385,0,3,0,528590,77020,69214,38742,0.7134388084034237,0.3346694079231527
1170,0.6388,0,1,0,528591,77019,69214,38742,0.7134295453703361,0.3346722989607899
1171,0.6389,0,1,0,528592,77018,69214,38742,0.7134202823372485,0.3346751900483759
1172,0.6392,2,0,2,528592,77018,69216,38740,0.7134202823372485,0.3346636949498091
1173,0.6397,1,1,1,528593,77017,69217,38739,0.713411019304161,0.33466083831507654
1174,0.64,18,53,18,528646,76964,69235,38721,0.7129200785505205,0.3347106366426071
1175,0.6404,0,1,0,528647,76963,69235,38721,0.7129108155174331,0.33471352996092807
1176,0.6405,0,3,0,528650,76960,69235,38721,0.7128830264181704,0.3347222102160251
1177,0.6407,0,1,0,528651,76959,69235,38721,0.7128737633850828,0.3347251037344398
1178,0.6412,1,6,1,528657,76953,69236,38720,0.7128181851865575,0.33473671470438215
1179,0.6417,36,196,36,528853,76757,69272,38684,0.7110026307013969,0.3350975823147755
1180,0.6421,0,2,0,528855,76755,69272,38684,0.7109841046352218,0.3351033879364859
1181,0.6423,5,6,5,528861,76749,69277,38679,0.7109285264366965,0.33509200540596734
1182,0.6424,0,1,0,528862,76748,69277,38679,0.7109192634036089,0.33509490847028855
1183,0.6425,0,2,0,528864,76746,69277,38679,0.7109007373374338,0.33510071474983755
1184,0.6429,1,5,1,528869,76741,69278,38678,0.710854422171996,0.33510947071106145
1185,0.6433,3,13,3,528882,76728,69281,38675,0.7107340027418578,0.33512993596353646
1186,0.6439,0,3,0,528885,76725,69281,38675,0.7107062136425951,0.33513864818024264
1187,0.645,1,8,1,528893,76717,69282,38674,0.7106321093778947,0.3351561213612847
1188,0.6452,1,2,1,528895,76715,69283,38673,0.7106135833117196,0.33515616875238324
1189,0.6456,1,2,1,528897,76713,69284,38672,0.7105950572455445,0.3351562161459462
1190,0.6457,0,1,0,528898,76712,69284,38672,0.7105857942124569,0.3351591208486445
1191,0.6458,0,3,0,528901,76709,69284,38672,0.7105580051131942,0.3351678352588381
1192,0.6461,0,2,0,528903,76707,69284,38672,0.7105394790470192,0.3351736451173957
1193,0.6464,0,7,0,528910,76700,69284,38672,0.7104746378154063,0.33519398120861216
1194,0.6467,6,52,6,528962,76648,69290,38666,0.7099929600948535,0.3353105433858855
1195,0.6471,0,2,0,528964,76646,69290,38666,0.7099744340286783,0.335316359095324
1196,0.6483,0,8,0,528972,76638,69290,38666,0.7099003297639779,0.33533962395060013
1197,0.6488,1,0,1,528972,76638,69291,38665,0.7099003297639779,0.3353338594832745
1198,0.649,0,5,0,528977,76633,69291,38665,0.7098540145985401,0.3353484015334178
1199,0.65,1079,3547,1079,532524,73086,70370,37586,0.6769980362369854,0.33961616307647824
1200,0.6502,0,4,0,532528,73082,70370,37586,0.6769609841046352,0.33962843821158784
1201,0.6508,2,1,2,532529,73081,70372,37584,0.6769517210715477,0.33961957258392445
1202,0.6511,0,1,0,532530,73080,70372,37584,0.6769424580384601,0.33962264150943394
1203,0.6513,0,1,0,532531,73079,70372,37584,0.6769331950053725,0.3396257104904078
1204,0.6517,2,5,2,532536,73074,70374,37582,0.6768868798399348,0.3396291208791209
1205,0.6521,1,2,1,532538,73072,70375,37581,0.6768683537737596,0.33962929156913957
1206,0.6522,1,0,1,532538,73072,70376,37580,0.6768683537737596,0.3396233235730037
1207,0.6524,2,11,2,532549,73061,70378,37578,0.6767664604097966,0.3396451522519184
1208,0.6533,2,9,2,532558,73052,70380,37576,0.6766830931120086,0.3396608453556062
1209,0.6536,0,1,0,532559,73051,70380,37576,0.676673830078921,0.3396639156806205
1210,0.6541,2,1,2,532560,73050,70382,37574,0.6766645670458334,0.339655047729245
1211,0.6548,0,3,0,532563,73047,70382,37574,0.6766367779465708,0.3396642590466548
1212,0.6549,0,3,0,532566,73044,70382,37574,0.6766089888473081,0.3396734708636931
1213,0.655,7,47,7,532613,72997,70389,37567,0.6761736262921931,0.3397760573061756
1214,0.6556,1,6,1,532619,72991,70390,37566,0.6761180480936678,0.33978852537605037
1215,0.6561,1,0,1,532619,72991,70391,37565,0.6761180480936678,0.3397825536379753
1216,0.6564,0,3,0,532622,72988,70391,37565,0.6760902589944051,0.3397917740812099
1217,0.6567,0,11,0,532633,72977,70391,37565,0.6759883656304421,0.33982558665484613
1218,0.6571,2,10,2,532643,72967,70393,37563,0.6758957352995665,0.3398443861395096
1219,0.6575,1,1,1,532644,72966,70394,37562,0.6758864722664789,0.3398414881297047
1220,0.6583,21,82,21,532726,72884,70415,37541,0.6751269035532995,0.33996830427892233
1221,0.6589,0,1,0,532727,72883,70415,37541,0.675117640520212,0.33997138303267405
1222,0.6592,0,2,0,532729,72881,70415,37541,0.6750991144540368,0.3399775407074677
1223,0.6595,0,1,0,532730,72880,70415,37541,0.6750898514209492,0.33998061962851267
1224,0.6599,0,2,0,532732,72878,70415,37541,0.6750713253547742,0.3399867776379065
1225,0.66,32,134,32,532866,72744,70447,37509,0.6738300789210419,0.34020842970259313
1226,0.6603,0,2,0,532868,72742,70447,37509,0.6738115528548668,0.34021460122810676
1227,0.6607,1,3,1,532871,72739,70448,37508,0.6737837637556041,0.340217874409281
1228,0.6611,0,2,0,532873,72737,70448,37508,0.673765237689429,0.34022404644201554
1229,0.6614,2,1,2,532874,72736,70450,37506,0.6737559746563415,0.3402151630050253
1230,0.6617,0,2,0,532876,72734,70450,37506,0.6737374485901664,0.34022133526850507
1231,0.6625,1,4,1,532880,72730,70451,37505,0.6737003964578161,0.34022769537805597
1232,0.6631,0,4,0,532884,72726,70451,37505,0.6736633443254659,0.34024004136767333
1233,0.6633,3,22,3,532906,72704,70454,37502,0.6734595575975397,0.3402900023592182
1234,0.6637,0,1,0,532907,72703,70454,37502,0.6734502945644522,0.34029309015017467
1235,0.6638,1,3,1,532910,72700,70455,37501,0.6734225054651896,0.340296367546574
1236,0.6639,0,1,0,532911,72699,70455,37501,0.673413242432102,0.3402994555353902
1237,0.6642,2,2,2,532913,72697,70457,37499,0.6733947163659268,0.340293658571999
1238,0.6643,0,1,0,532914,72696,70457,37499,0.6733854533328393,0.34029674667634646
1239,0.6644,1,0,1,532914,72696,70458,37498,0.6733854533328393,0.3402907599324827
1240,0.6648,0,3,0,532917,72693,70458,37498,0.6733576642335767,0.3403000245029086
1241,0.665,1,17,1,532934,72676,70459,37497,0.6732001926710882,0.3403465458869233
1242,0.6657,1,0,1,532934,72676,70460,37496,0.6732001926710882,0.3403405583995934
1243,0.6659,0,1,0,532935,72675,70460,37496,0.6731909296380006,0.3403436476023636
1244,0.6661,1,3,1,532938,72672,70461,37495,0.673163140538738,0.34034692784590664
1245,0.6667,588,1935,588,534873,70737,71049,36907,0.6552391715143207,0.3428616550852811
1246,0.6671,1,4,1,534877,70733,71050,36906,0.6552021193819705,0.3428682912327316
1247,0.6673,1,3,1,534880,70730,71051,36905,0.6551743302827078,0.3428717424629535
1248,0.6675,0,1,0,534881,70729,71051,36905,0.6551650672496202,0.34287492799672964
1249,0.6679,3,3,3,534884,70726,71054,36902,0.6551372781503576,0.34286616865499686
1250,0.6681,1,3,1,534887,70723,71055,36901,0.6551094890510949,0.34286962015907235
1251,0.6683,3,11,3,534898,70712,71058,36898,0.6550075956871318,0.34288634885233715
1252,0.6689,2,0,2,534898,70712,71060,36896,0.6550075956871318,0.3428741357519887
1253,0.669,1,2,1,534900,70710,71061,36895,0.6549890696209567,0.3428744017471307
1254,0.6692,0,1,0,534901,70709,71061,36895,0.6549798065878691,0.3428775881937474
1255,0.6695,1,3,1,534904,70706,71062,36894,0.6549520174886064,0.3428810408921933
1256,0.67,3,11,3,534915,70695,71065,36891,0.6548501241246434,0.3428977748034131
1257,0.6705,0,3,0,534918,70692,71065,36891,0.6548223350253807,0.34290733666099665
1258,0.6707,2,1,2,534919,70691,71067,36889,0.6548130719922931,0.34289830823573153
1259,0.6708,0,2,0,534921,70689,71067,36889,0.6547945459261181,0.34290468311364775
1260,0.6714,10,25,10,534946,70664,71077,36879,0.6545629700989292,0.3429232957979599
1261,0.6717,1,7,1,534953,70657,71078,36878,0.6544981288673163,0.3429395080671409
1262,0.6719,1,0,1,534953,70657,71079,36877,0.6544981288673163,0.34293339780906507
1263,0.6724,0,2,0,534955,70655,71079,36877,0.6544796028011413,0.3429397760666592
1264,0.6725,0,2,0,534957,70653,71079,36877,0.6544610767349661,0.3429461545615177
1265,0.6727,0,3,0,534960,70650,71079,36877,0.6544332876357034,0.34295572274870495
1266,0.6733,1,13,1,534973,70637,71080,36876,0.6543128682055652,0.34299108014844715
1267,0.6738,1,12,1,534985,70625,71081,36875,0.6542017118085146,0.3430232558139535
1268,0.6742,0,2,0,534987,70623,71081,36875,0.6541831857423395,0.3430296377607025
1269,0.6748,1,3,1,534990,70620,71082,36874,0.6541553966430768,0.34303309952183375
1270,0.675,234,803,234,535793,69817,71316,36640,0.6467171810737707,0.3441765219760091
1271,0.6752,0,3,0,535796,69814,71316,36640,0.6466893919745081,0.3441862212786744
1272,0.6756,0,5,0,535801,69809,71316,36640,0.6466430768090704,0.34420238799800845
1273,0.6757,0,1,0,535802,69808,71316,36640,0.6466338137759828,0.3442056215241244
1274,0.6762,0,2,0,535804,69806,71316,36640,0.6466152877098077,0.3442120887586194
1275,0.6767,1,24,1,535828,69782,71317,36639,0.6463929749157064,0.344283553058137
1276,0.6774,1,0,1,535828,69782,71318,36638,0.6463929749157064,0.3442773914677692
1277,0.6775,0,2,0,535830,69780,71318,36638,0.6463744488495313,0.34428386175271103
1278,0.6778,3,1,3,535831,69779,71321,36635,0.6463651858164438,0.34426861127295283
1279,0.6783,1,8,1,535839,69771,71322,36634,0.6462910815517433,0.3442883323152108
1280,0.6786,1,1,1,535840,69770,71323,36633,0.6462818185186557,0.3442854054866874
1281,0.6788,0,1,0,535841,69769,71323,36633,0.6462725554855682,0.34428864119095504
1282,0.679,1,3,1,535844,69766,71324,36632,0.6462447663863056,0.3442921859433448
1283,0.6792,1,2,1,535846,69764,71325,36631,0.6462262403201304,0.34429249494807085
1284,0.6794,1,1,1,535847,69763,71326,36630,0.6462169772870429,0.34428956792270166
1285,0.6798,0,1,0,535848,69762,71326,36630,0.6462077142539553,0.3442928039702233
1286,0.68,105,275,105,536123,69487,71431,36525,0.6436603801548779,0.34453646756970907
1287,0.6808,1,1,1,536124,69486,71432,36524,0.6436511171217904,0.34453353457221014
1288,0.6814,0,1,0,536125,69485,71432,36524,0.6436418540887028,0.3445367846126272
1289,0.6817,1,8,1,536133,69477,71433,36523,0.6435677498240023,0.3445566037735849
1290,0.6821,0,4,0,536137,69473,71433,36523,0.6435306976916522,0.34456960640024153
1291,0.6833,101,370,101,536507,69103,71534,36422,0.6401033754492571,0.34515043828476666
1292,0.685,1,15,1,536522,69088,71535,36421,0.6399644299529438,0.34519330104540846
1293,0.6852,0,4,0,536526,69084,71535,36421,0.6399273778205936,0.3452063883228283
1294,0.6857,9,32,9,536558,69052,71544,36412,0.6396309607617918,0.3452552529773193
1295,0.6862,0,1,0,536559,69051,71544,36412,0.6396216977287043,0.34525852668708457
1296,0.6864,0,1,0,536560,69050,71544,36412,0.6396124346956167,0.34526180045893307
1297,0.6867,1,6,1,536566,69044,71545,36411,0.6395568564970914,0.34527523588260395
1298,0.6871,0,4,0,536570,69040,71545,36411,0.6395198043647412,0.34528833296981537
1299,0.6875,4,7,4,536577,69033,71549,36407,0.6394549631331283,0.34528641881638844
1300,0.6876,0,1,0,536578,69032,71549,36407,0.6394457001000408,0.3452896935668965
1301,0.6877,0,5,0,536583,69027,71549,36407,0.639399384934603,0.3453060682512283
1302,0.6881,0,1,0,536584,69026,71549,36407,0.6393901219015155,0.3453093433744653
1303,0.6883,2,8,2,536592,69018,71551,36405,0.639316017636815,0.34532312683190575
1304,0.6889,1,4,1,536596,69014,71552,36404,0.6392789655044648,0.3453300195412548
1305,0.6892,0,1,0,536597,69013,71552,36404,0.6392697024713773,0.34533329538878926
1306,0.69,4,28,4,536625,68985,71556,36400,0.6390103375449258,0.34540019926934573
1307,0.6905,0,1,0,536626,68984,71556,36400,0.6390010745118382,0.3454034768086237
1308,0.6909,1,3,1,536629,68981,71557,36399,0.6389732854125755,0.3454070981210856
1309,0.6911,0,4,0,536633,68977,71557,36399,0.6389362332802253,0.34542020953537805
1310,0.6917,28,117,28,536750,68860,71585,36371,0.6378524584089814,0.34563008999249273
1311,0.6923,0,1,0,536751,68859,71585,36371,0.6378431953758938,0.3456333745129716
1312,0.6929,1,0,1,536751,68859,71586,36370,0.6378431953758938,0.34562715601212596
1313,0.6933,7,28,7,536779,68831,71593,36363,0.6375838304494423,0.3456756088750309
1314,0.694,0,1,0,536780,68830,71593,36363,0.6375745674163548,0.3456788949835065
1315,0.6945,0,3,0,536783,68827,71593,36363,0.6375467783170922,0.34568875368381025
1316,0.6948,0,6,0,536789,68821,71593,36363,0.6374912001185669,0.34570847277152417
1317,0.695,0,10,0,536799,68811,71593,36363,0.6373985697876913,0.34574134291745107
1318,0.6957,0,3,0,536802,68808,71593,36363,0.6373707806884287,0.3457512051801352
1319,0.6958,0,2,0,536804,68806,71593,36363,0.6373522546222535,0.3457577803345092
1320,0.6964,3,3,3,536807,68803,71596,36360,0.6373244655229908,0.34574898015461714
1321,0.6967,9,35,9,536842,68768,71605,36351,0.6370002593649264,0.34580808417127257
1322,0.697,2,3,2,536845,68765,71607,36349,0.6369724702656638,0.34580550640257246
1323,0.6971,1,1,1,536846,68764,71608,36348,0.6369632072325763,0.3458025724941015
1324,0.6972,1,1,1,536847,68763,71609,36347,0.6369539441994887,0.34579963847397965
1325,0.6975,1,3,1,536850,68760,71610,36346,0.636926155100226,0.3458032843034651
1326,0.6981,0,1,0,536851,68759,71610,36346,0.6369168920671384,0.34580657437800294
1327,0.6983,2,5,2,536856,68754,71612,36344,0.6368705769017007,0.34581057679499133
1328,0.6988,0,1,0,536857,68753,71612,36344,0.6368613138686131,0.3458138671893584
1329,0.6989,0,4,0,536861,68749,71612,36344,0.6368242617362629,0.3458270293930138
1330,0.699,1,3,1,536864,68746,71613,36343,0.6367964726370002,0.34583067685485636
1331,0.7,10088,24838,10088,561702,43908,81701,26255,0.4067212568083293,0.3742000769636418
1332,0.7002,0,1,0,561703,43907,81701,26255,0.40671199377524175,0.37420541033607935
1333,0.7007,0,1,0,561704,43906,81701,26255,0.4067027307421542,0.3742107438605493
1334,0.7014,0,2,0,561706,43904,81701,26255,0.4066842046759791,0.3742214113656124
1335,0.7017,1,10,1,561716,43894,81702,26254,0.40659157434510357,0.37426583794263557
1336,0.7019,0,6,0,561722,43888,81702,26254,0.40653599614657826,0.3742978529269197
1337,0.7022,0,2,0,561724,43886,81702,26254,0.4065174700804031,0.3743085258055318
1338,0.7024,1,3,1,561727,43883,81703,26253,0.40648968098114047,0.37431561537584124
1339,0.7029,0,1,0,561728,43882,81703,26253,0.4064804179480529,0.37432095244884867
1340,0.7033,1,3,1,561731,43879,81704,26252,0.40645262884879024,0.37432804323337754
1341,0.7039,1,4,1,561735,43875,81705,26251,0.40641557671644,0.3743404728631321
1342,0.7042,1,5,1,561740,43870,81706,26250,0.4063692615510023,0.37435824301197945
1343,0.7048,2,1,2,561741,43869,81708,26248,0.4063599985179147,0.3743457364119971
1344,0.705,7,19,7,561760,43850,81715,26241,0.40618400088925116,0.37438472842447673
1345,0.7057,0,1,0,561761,43849,81715,26241,0.40617473785616365,0.3743900699101156
1346,0.7064,0,1,0,561762,43848,81715,26241,0.4061654748230761,0.37439541154817446
1347,0.7067,5,27,5,561789,43821,81720,26236,0.4059153729297121,0.3744950540274348
1348,0.7069,0,3,0,561792,43818,81720,26236,0.4058875838304494,0.3745110914437434
1349,0.7071,2,6,2,561798,43812,81722,26234,0.4058320056319241,0.3745253119378694
1350,0.7074,0,2,0,561800,43810,81722,26234,0.40581347956574904,0.374536005939124
1351,0.7075,3,8,3,561808,43802,81725,26231,0.4057393753010486,0.3745519969157397
1352,0.7079,0,2,0,561810,43800,81725,26231,0.40572084923487345,0.3745626936642344
1353,0.7081,0,1,0,561811,43799,81725,26231,0.40571158620178593,0.3745680422675996
1354,0.7082,0,1,0,561812,43798,81725,26231,0.40570232316869836,0.3745733910237187
1355,0.7083,22,69,22,561881,43729,81747,26209,0.4050631738856571,0.3747462037804913
1356,0.7084,0,1,0,561882,43728,81747,26209,0.4050539108525696,0.3747515621201939
1357,0.7088,0,1,0,561883,43727,81747,26209,0.405044647819482,0.374756920613132
1358,0.7092,0,3,0,561886,43724,81747,26209,0.40501685872021936,0.37477299701142525
1359,0.7095,0,1,0,561887,43723,81747,26209,0.4050075956871318,0.37477835611737115
1360,0.71,11,32,11,561919,43691,81758,26198,0.40471117862833006,0.37485155031550027
1361,0.7107,1,14,1,561933,43677,81759,26197,0.4045814961651043,0.3749177090190915
1362,0.7113,0,1,0,561934,43676,81759,26197,0.40457223313201673,0.37492307472128006
1363,0.7114,1,0,1,561934,43676,81760,26196,0.40457223313201673,0.3749141286924662
1364,0.7119,1,6,1,561940,43670,81761,26195,0.4045166549334914,0.37493737923137477
1365,0.7124,0,1,0,561941,43669,81761,26195,0.40450739190040386,0.3749427459063323
1366,0.7125,0,2,0,561943,43667,81761,26195,0.4044888658342288,0.3749534797171567
1367,0.7131,0,1,0,561944,43666,81761,26195,0.4044796028011412,0.37495884685303676
1368,0.7133,11,36,11,561980,43630,81772,26184,0.40414613360998924,0.3750537141547541
1369,0.7136,1,3,1,561983,43627,81773,26183,0.4041183445107266,0.37506087953015327
1370,0.7139,2,4,2,561987,43623,81775,26181,0.40408129237837637,0.37506446621970085
1371,0.7144,0,1,0,561988,43622,81775,26181,0.4040720293452888,0.3750698394051832
1372,0.7146,1,1,1,561989,43621,81776,26180,0.4040627663122013,0.37506625979570496
1373,0.7148,0,3,0,561992,43618,81776,26180,0.40403497721293863,0.37508238058397086
1374,0.715,2,9,2,562001,43609,81778,26178,0.4039516099151506,0.375112843366243
1375,0.7155,0,1,0,562002,43608,81778,26178,0.40394234688206304,0.3751182185538647
1376,0.7167,151,597,151,562599,43011,81929,26027,0.3984123161287932,0.37699527796286103
1377,0.7168,0,1,0,562600,43010,81929,26027,0.3984030530957057,0.3770007387343019
1378,0.7171,1,4,1,562604,43006,81930,26026,0.39836600096335545,0.37701355892919225
1379,0.7175,0,4,0,562608,43002,81930,26026,0.3983289488310052,0.37703540592223445
1380,0.7179,0,1,0,562609,43001,81930,26026,0.39831968579791766,0.37704086806611903
1381,0.7183,2,5,2,562614,42996,81932,26024,0.3982733706324799,0.37705013039698637
1382,0.7186,1,0,1,562614,42996,81933,26023,0.3982733706324799,0.3770411046233646
1383,0.7187,1,9,1,562623,42987,81934,26022,0.3981900033346919,0.3770812502717037
1384,0.719,0,1,0,562624,42986,81934,26022,0.39818074030160433,0.3770867145838164
1385,0.72,2,15,2,562639,42971,81936,26020,0.39804179480529106,0.3771506428374716
1386,0.7208,1,3,1,562642,42968,81937,26019,0.3980140057060284,0.37715801527824083
1387,0.7211,0,1,0,562643,42967,81937,26019,0.39800474267294084,0.3771634824457136
1388,0.7214,0,7,0,562650,42960,81937,26019,0.39793990144132796,0.37720175705649545
1389,0.7217,6,15,6,562665,42945,81943,26013,0.39780095594501463,0.3772296180283651
1390,0.7224,1,2,1,562667,42943,81944,26012,0.39778242987883955,0.37723152780799074
1391,0.7225,3,0,3,562667,42943,81947,26009,0.39778242987883955,0.3772044320686855
1392,0.7227,0,3,0,562670,42940,81947,26009,0.39775464077957684,0.3772208443922319
1393,0.7229,0,1,0,562671,42939,81947,26009,0.3977453777464893,0.377226315484133
1394,0.7233,3,8,3,562679,42931,81950,26006,0.3976712734817889,0.37724298997635525
1395,0.7238,0,1,0,562680,42930,81950,26006,0.3976620104487013,0.3772484623418823
1396,0.7242,0,1,0,562681,42929,81950,26006,0.3976527474156138,0.3772539348661783
1397,0.7243,2,0,2,562681,42929,81952,26004,0.3976527474156138,0.37723586671115433
1398,0.725,63,273,63,562954,42656,82015,25941,0.39512393938271145,0.3781652258845139
1399,0.7252,0,3,0,562957,42653,82015,25941,0.3950961502834488,0.37818176516896523
1400,0.7257,0,1,0,562958,42652,82015,25941,0.3950868872503613,0.3781872785852784
1401,0.7262,0,1,0,562959,42651,82015,25941,0.3950776242172737,0.3781927921623513
1402,0.7264,1,2,1,562961,42649,82016,25940,0.3950590981510986,0.37819475426088733
1403,0.7267,6,22,6,562983,42627,82022,25934,0.39485531142317243,0.3782616939659573
1404,0.7268,1,3,1,562986,42624,82023,25933,0.3948275223239097,0.3782691774727599
1405,0.7269,0,4,0,562990,42620,82023,25933,0.39479047019155955,0.3782912491065307
1406,0.7274,1,3,1,562993,42617,82024,25932,0.39476268109229684,0.3782987352113087
1407,0.7278,1,1,1,562994,42616,82025,25931,0.3947534180592093,0.37829518432608283
1408,0.7281,0,2,0,562996,42614,82025,25931,0.3947348919930342,0.3783062221898023
1409,0.7283,1,4,1,563000,42610,82026,25930,0.39469783986068396,0.3783192296469215
1410,0.7286,2,2,2,563002,42608,82028,25928,0.3946793137945089,0.37831212793276525
1411,0.7288,0,1,0,563003,42607,82028,25928,0.3946700507614213,0.37831764791712263
1412,0.7292,1,0,1,563003,42607,82029,25927,0.3946700507614213,0.37830857676481744
1413,0.7298,2,1,2,563004,42606,82031,25925,0.39466078772833374,0.3782959536560097
1414,0.73,20,77,20,563081,42529,82051,25905,0.3939475341805921,0.37853990706374024
1415,0.7302,0,1,0,563082,42528,82051,25905,0.3939382711475045,0.3785454386041822
1416,0.7307,1,0,1,563082,42528,82052,25904,0.3939382711475045,0.37853635725976154
1417,0.7314,0,2,0,563084,42526,82052,25904,0.39391974508132943,0.3785474207219056
1418,0.7317,0,9,0,563093,42517,82052,25904,0.39383637778354147,0.3785972143055495
1419,0.7321,0,1,0,563094,42516,82052,25904,0.3938271147504539,0.3786027477345805
1420,0.7324,3,1,3,563095,42515,82055,25901,0.39381785171736633,0.378581033676333
1421,0.7333,192,508,192,563603,42007,82247,25709,0.3891122309088888,0.37965916474688405
1422,0.7342,1,0,1,563603,42007,82248,25708,0.3891122309088888,0.3796500036919442
1423,0.7348,2,4,2,563607,42003,82250,25706,0.3890751787765386,0.37965410802109023
1424,0.735,5,18,5,563625,41985,82255,25701,0.3889084441809626,0.3797092456342523
1425,0.7353,1,3,1,563628,41982,82256,25700,0.38888065508169994,0.3797169114387873
1426,0.7357,2,3,2,563631,41979,82258,25698,0.3888528659824373,0.37971541291723926
1427,0.7358,1,3,1,563634,41976,82259,25697,0.38882507688317464,0.3797230801058029
1428,0.7367,1,3,1,563637,41973,82260,25696,0.388797287783912,0.37973074820080094
1429,0.7375,1,1,1,563638,41972,82261,25695,0.3887880247508244,0.37972719346210115
1430,0.7381,1,7,1,563645,41965,82262,25694,0.38872318351921153,0.3797573124048538
1431,0.7383,0,10,0,563655,41955,82262,25694,0.388630553188336,0.37981344883146834
1432,0.739,0,3,0,563658,41952,82262,25694,0.38860276408907335,0.3798302929958904
1433,0.74,14,30,14,563688,41922,82276,25680,0.3883248730964467,0.3798704180349694
1434,0.7403,0,3,0,563691,41919,82276,25680,0.38829708399718404,0.37988727643900055
1435,0.7405,0,2,0,563693,41917,82276,25680,0.3882785579310089,0.3798985162063405
1436,0.7409,0,1,0,563694,41916,82276,25680,0.3882692948979214,0.3799041363394284
1437,0.7414,1,0,1,563694,41916,82277,25679,0.3882692948979214,0.3798949626451661
1438,0.7417,48,147,48,563841,41769,82325,25631,0.3869076290340509,0.38028189910979227
1439,0.7424,0,1,0,563842,41768,82325,25631,0.38689836600096333,0.3802875413581804
1440,0.7425,1,0,1,563842,41768,82326,25630,0.38689836600096333,0.380278346538473
1441,0.7429,0,3,0,563845,41765,82326,25630,0.3868705769017007,0.38029527413012837
1442,0.7431,2,6,2,563851,41759,82328,25628,0.3868149987031754,0.3803107424280648
1443,0.7433,3,13,3,563864,41746,82331,25625,0.3866945792730372,0.3803565332264624
1444,0.7439,0,3,0,563867,41743,82331,25625,0.3866667901737745,0.3803734710841943
1445,0.744,1,5,1,563872,41738,82332,25624,0.38662047500833674,0.38039250616074344
1446,0.7442,0,1,0,563873,41737,82332,25624,0.38661121197524917,0.38039815323406717
1447,0.745,2,1,2,563874,41736,82334,25622,0.3866019489421616,0.3803854033670833
1448,0.7452,0,1,0,563875,41735,82334,25622,0.3865926859090741,0.38039105067030893
1449,0.7458,0,3,0,563878,41732,82334,25622,0.38656489680981143,0.38040799358612704
1450,0.7464,2,2,2,563880,41730,82336,25620,0.3865463707436363,0.3804008908685969
1451,0.7467,14,34,14,563914,41696,82350,25606,0.3862314276186595,0.38046417639891833
1452,0.747,0,5,0,563919,41691,82350,25606,0.3861851124532217,0.38049244394252346
1453,0.7471,0,3,0,563922,41688,82350,25606,0.386157323353959,0.3805094064849764
1454,0.7481,3,2,3,563924,41686,82353,25603,0.3861387972877839,0.3804930969400645
1455,0.7483,2,8,2,563932,41678,82355,25601,0.3860646930230835,0.38051992449352695
1456,0.7484,1,0,1,563932,41678,82356,25600,0.3860646930230835,0.38051071672760783
1457,0.7488,1,9,1,563941,41669,82357,25599,0.3859813257252955,0.3805524171968841
1458,0.749,1,0,1,563941,41669,82358,25598,0.3859813257252955,0.38054320840828343
1459,0.75,910,2273,910,566214,39396,83268,24688,0.3649264515172848,0.3852443667686162
1460,0.7503,1,1,1,566215,39395,83269,24687,0.36491718848419724,0.38524078524390626
1461,0.7505,0,2,0,566217,39393,83269,24687,0.36489866241802216,0.385252808988764
1462,0.7514,0,1,0,566218,39392,83269,24687,0.3648893993849346,0.38525882114265203
1463,0.7517,3,4,3,566222,39388,83272,24684,0.36485234725258436,0.3852540891497066
1464,0.7524,2,7,2,566229,39381,83274,24682,0.3647875060209715,0.38527699296005496
1465,0.7533,1,4,1,566233,39377,83275,24681,0.3647504538886213,0.3852914546192513
1466,0.7542,0,1,0,566234,39376,83275,24681,0.36474119085553375,0.38529746944127885
1467,0.7544,1,2,1,566236,39374,83276,24680,0.3647226647893586,0.38529990320666935
1468,0.7545,1,2,1,566238,39372,83277,24679,0.3647041387231835,0.3853023372000437
1469,0.7548,1,4,1,566242,39368,83278,24678,0.3646670865908333,0.3853168035474503
1470,0.755,13,33,13,566275,39335,83291,24665,0.364361406498944,0.385390625
1471,0.7552,0,2,0,566277,39333,83291,24665,0.3643428804327689,0.385402668833401
1472,0.7555,0,5,0,566282,39328,83291,24665,0.3642965652673311,0.3854327817104996
1473,0.7556,2,4,2,566286,39324,83293,24663,0.3642595131349809,0.3854376670261147
1474,0.7564,0,1,0,566287,39323,83293,24663,0.3642502501018934,0.3854436908073641
1475,0.7567,3,18,3,566305,39305,83296,24660,0.3640835155063174,0.3855233330727742
1476,0.7568,0,1,0,566306,39304,83296,24660,0.36407425247322983,0.38552936026514917
1477,0.7571,1,7,1,566313,39297,83297,24659,0.36400941124161695,0.38556194883982736
1478,0.7576,0,1,0,566314,39296,83297,24659,0.3640001482085294,0.38556797748416854
1479,0.7579,0,8,0,566322,39288,83297,24659,0.363926043943829,0.385616213426744
1480,0.7583,19,37,19,566359,39251,83316,24640,0.36358331171958946,0.3856568217745848
1481,0.7586,0,1,0,566360,39250,83316,24640,0.3635740486865019,0.38566285803725153
1482,0.7588,4,0,4,566360,39250,83320,24636,0.3635740486865019,0.3856243934508343
1483,0.7592,1,1,1,566361,39249,83321,24635,0.3635647856534144,0.38562081272306054
1484,0.7595,0,1,0,566362,39248,83321,24635,0.3635555226203268,0.3856268490834807
1485,0.7598,0,1,0,566363,39247,83321,24635,0.36354625958723924,0.3856328856328856
1486,0.76,32,81,32,566444,39166,83353,24603,0.36279595390714736,0.3858144239363954
1487,0.7602,1,0,1,566444,39166,83354,24602,0.36279595390714736,0.38580479237234977
1488,0.7607,0,2,0,566446,39164,83354,24602,0.3627774278409722,0.3858168930150864
1489,0.7613,3,4,3,566450,39160,83357,24599,0.36274037570862205,0.3858121990620932
1490,0.7614,2,1,2,566451,39159,83359,24597,0.3627311126755345,0.3857989836250706
1491,0.7615,0,2,0,566453,39157,83359,24597,0.36271258660935934,0.3858110863632086
1492,0.7617,0,1,0,566454,39156,83359,24597,0.36270332357627183,0.3858171380170345
1493,0.7621,0,2,0,566456,39154,83359,24597,0.3626847975100967,0.3858292418942448
1494,0.7625,1,1,1,566457,39153,83360,24596,0.3626755344770092,0.3858256600103531
1495,0.7631,0,1,0,566458,39152,83360,24596,0.3626662714439216,0.38583171236744684
1496,0.7633,4,29,4,566487,39123,83364,24592,0.3623976434843825,0.38596876716628736
1497,0.7634,0,1,0,566488,39122,83364,24592,0.36238838045129496,0.38597482499921526
1498,0.765,4,18,4,566506,39104,83368,24588,0.362221645855719,0.3860453432142184
1499,0.7655,0,4,0,566510,39100,83368,24588,0.36218459372336875,0.38606958924758195
1500,0.7657,1,2,1,566512,39098,83369,24587,0.36216606765719367,0.3860720734866923
1501,0.7665,0,1,0,566513,39097,83369,24587,0.3621568046241061,0.3860781357954902
1502,0.7667,476,1338,476,567851,37759,83845,24111,0.3497628663529586,0.3897042185227089
1503,0.7681,1,5,1,567856,37754,83846,24110,0.3497165511875208,0.38972585025216605
1504,0.7682,2,1,2,567857,37753,83848,24108,0.3497072881544333,0.38971241977982896
1505,0.7683,3,20,3,567877,37733,83851,24105,0.3495220274926822,0.38980885539635823
1506,0.7689,0,1,0,567878,37732,83851,24105,0.34951276445959467,0.3898151592088879
1507,0.769,0,2,0,567880,37730,83851,24105,0.34949423839341953,0.3898277674456214
1508,0.7699,0,2,0,567882,37728,83851,24105,0.34947571232724445,0.38984037649798653
1509,0.77,1,5,1,567887,37723,83852,24104,0.34942939716180665,0.38986203438627137
1510,0.7707,0,2,0,567889,37721,83852,24104,0.34941087109563157,0.3898746461787303
1511,0.7708,0,2,0,567891,37719,83852,24104,0.34939234502945643,0.3898872587871828
1512,0.7714,5,8,5,567899,37711,83857,24099,0.34931824076475604,0.3898883675780618
1513,0.7717,4,13,4,567912,37698,83861,24095,0.3491978213346178,0.3899308983218164
1514,0.7722,0,2,0,567914,37696,83861,24095,0.3491792952684427,0.38994351928274346
1515,0.7731,1,0,1,567914,37696,83862,24094,0.3491792952684427,0.38993364622107135
1516,0.7733,1,5,1,567919,37691,83863,24093,0.3491329801030049,0.38995532824032114
1517,0.7739,0,1,0,567920,37690,83863,24093,0.34912371706991735,0.389961639933315
1518,0.7742,1,3,1,567923,37687,83864,24092,0.3490959279706547,0.38997070201848527
1519,0.7746,2,1,2,567924,37686,83866,24090,0.3490866649375672,0.38995726495726496
1520,0.775,187,540,187,568464,37146,84053,23903,0.3440846270702879,0.39153794492948285
1521,0.7751,0,1,0,568465,37145,84053,23903,0.34407536403720035,0.3915443585375442
1522,0.7755,0,1,0,568466,37144,84053,23903,0.3440661010041128,0.39155077235572594
1523,0.7761,0,4,0,568470,37140,84053,23903,0.34402904887176255,0.39157642972986256
1524,0.7767,8,16,8,568486,37124,84061,23895,0.3438808403423617,0.39159933791114243
1525,0.7776,1,0,1,568486,37124,84062,23894,0.3438808403423617,0.39158936707201153
1526,0.7778,0,5,0,568491,37119,84062,23894,0.3438345251769239,0.3916214577221248
1527,0.7783,0,1,0,568492,37118,84062,23894,0.34382526214383635,0.39162787648331476
1528,0.7788,1,1,1,568493,37117,84063,23893,0.34381599911074884,0.39162432388133095
1529,0.7789,0,1,0,568494,37116,84063,23893,0.34380673607766127,0.3916307430051304
1530,0.7792,0,1,0,568495,37115,84063,23893,0.3437974730445737,0.39163716233936535
1531,0.7798,1,1,1,568496,37114,84064,23892,0.3437882100114862,0.39163360980887124
1532,0.78,73,207,73,568703,36907,84137,23819,0.34187076216236245,0.39223726245759644
1533,0.7811,2,0,2,568703,36907,84139,23817,0.34187076216236245,0.39221724524076146
1534,0.7814,0,3,0,568706,36904,84139,23817,0.3418429730630998,0.3922366232440177
1535,0.7817,1,6,1,568712,36898,84140,23816,0.34178739486457443,0.3922653753664723
1536,0.7818,0,2,0,568714,36896,84140,23816,0.34176886879839935,0.39227829753590726
1537,0.782,1,4,1,568718,36892,84141,23815,0.3417318166660491,0.39229413411962377
1538,0.7821,0,2,0,568720,36890,84141,23815,0.34171329059987404,0.3923070587266288
1539,0.7824,3,0,3,568720,36890,84144,23812,0.34171329059987404,0.3922770254686831
1540,0.7827,1,0,1,568720,36890,84145,23811,0.34171329059987404,0.39226701372300293
1541,0.7833,76,246,76,568966,36644,84221,23735,0.3394345844603357,0.39310025008695076
1542,0.7842,2,0,2,568966,36644,84223,23733,0.3394345844603357,0.3930801464133693
1543,0.7845,1,4,1,568970,36640,84224,23732,0.3393975323279855,0.3930961372821838
1544,0.7848,1,3,1,568973,36637,84225,23731,0.3393697432287228,0.393105618870925
1545,0.785,3,6,3,568979,36631,84228,23728,0.3393141650301975,0.39311453138719993
1546,0.7857,8,24,8,569003,36607,84236,23720,0.33909185223609617,0.39319044540587134
1547,0.7867,1,1,1,569004,36606,84237,23719,0.33908258920300866,0.39318690426854536
1548,0.7869,0,1,0,569005,36605,84237,23719,0.3390733261699211,0.39319342218685766
1549,0.7875,0,6,0,569011,36599,84237,23719,0.3390177479713958,0.39323253423522
1550,0.7881,1,5,1,569016,36594,84238,23718,0.338971432805958,0.3932550736171906
1551,0.7883,3,7,3,569023,36587,84241,23715,0.3389065915743451,0.39327053829060393
1552,0.7888,2,5,2,569028,36582,84243,23713,0.3388602764089073,0.39328302512646157
1553,0.7895,0,2,0,569030,36580,84243,23713,0.33884175034273223,0.3932960708539963
1554,0.7898,0,1,0,569031,36579,84243,23713,0.33883248730964466,0.3933025940423273
1555,0.79,3,12,3,569043,36567,84246,23710,0.33872133091259404,0.3933506976126881
1556,0.7907,1,3,1,569046,36564,84247,23709,0.33869354181333133,0.39336021103976904
1557,0.7909,3,0,3,569046,36564,84250,23706,0.33869354181333133,0.3933300149328024
1558,0.7911,0,1,0,569047,36563,84250,23706,0.3386842787802438,0.39333654117373773
1559,0.7917,26,79,26,569126,36484,84276,23680,0.337952499166327,0.3935908516720963
1560,0.7921,0,1,0,569127,36483,84276,23680,0.33794323613323946,0.3935973937469874
1561,0.7923,0,1,0,569128,36482,84276,23680,0.33793397310015194,0.3936039360393604
1562,0.7925,0,1,0,569129,36481,84276,23680,0.33792471006706437,0.39361047854922626
1563,0.7929,0,2,0,569131,36479,84276,23680,0.33790618400088923,0.39362356422147976
1564,0.793,0,2,0,569133,36477,84276,23680,0.33788765793471415,0.39363665076383464
1565,0.7933,1,16,1,569149,36461,84277,23679,0.33773944940531325,0.3937312936481543
1566,0.7942,0,1,0,569150,36460,84277,23679,0.33773018637222574,0.39373784066911655
1567,0.7944,0,1,0,569151,36459,84277,23679,0.33772092333913817,0.393744387907812
1568,0.7945,2,3,2,569154,36456,84279,23677,0.3376931342398755,0.39374386775979914
1569,0.7948,0,3,0,569157,36453,84279,23677,0.33766534514061286,0.39376351238982205
1570,0.7949,1,0,1,569157,36453,84280,23676,0.33766534514061286,0.39375343012523073
1571,0.795,1,3,1,569160,36450,84281,23675,0.3376375560413502,0.3937629937629938
1572,0.7957,1,0,1,569160,36450,84282,23674,0.3376375560413502,0.3937529106513206
1573,0.7964,0,3,0,569163,36447,84282,23674,0.3376097669420875,0.3937725586733421
1574,0.7967,7,33,7,569196,36414,84289,23667,0.33730408685019825,0.3939182104159385
1575,0.7972,1,2,1,569198,36412,84290,23666,0.3372855607840231,0.39392123572688836
1576,0.7979,0,1,0,569199,36411,84290,23666,0.33727629775093554,0.3939277926660785
1577,0.7983,2,1,2,569200,36410,84292,23664,0.337267034717848,0.393914172520558
1578,0.7985,1,0,1,569200,36410,84293,23663,0.337267034717848,0.39390408336523897
1579,0.7988,1,3,1,569203,36407,84294,23662,0.33723924561858537,0.3939136659508232
1580,0.799,1,2,1,569205,36405,84295,23661,0.33722071955241023,0.3939166916391969
1581,0.7992,0,2,0,569207,36403,84295,23661,0.33720219348623515,0.3939298082045818
1582,0.8,9038,16465,9038,585672,19938,93333,14623,0.18468635369965541,0.4231069702844246
1583,0.8014,1,4,1,585676,19934,93334,14622,0.1846493015673052,0.42313925222826715
1584,0.8017,3,7,3,585683,19927,93337,14619,0.1845844603356923,0.42317489723846463
1585,0.8019,1,8,1,585691,19919,93338,14618,0.1845103560709919,0.42325621796913454
1586,0.8022,1,0,1,585691,19919,93339,14617,0.1845103560709919,0.423239518183924
1587,0.8024,1,4,1,585695,19915,93340,14616,0.18447330393864167,0.4232718426920738
1588,0.8029,1,1,1,585696,19914,93341,14615,0.18446404090555413,0.4232673984187205
1589,0.8031,0,2,0,585698,19912,93341,14615,0.18444551483937902,0.4232919164711675
1590,0.8033,1,2,1,585700,19910,93342,14614,0.1844269887732039,0.42329973351871164
1591,0.8037,0,1,0,585701,19909,93342,14614,0.18441772574011633,0.42331199490194943
1592,0.8038,0,2,0,585703,19907,93342,14614,0.18439919967394122,0.4233365197995423
1593,0.8042,0,1,0,585704,19906,93342,14614,0.18438993664085368,0.42334878331402087
1594,0.8048,1,2,1,585706,19904,93343,14613,0.18437141057467857,0.4233566068893589
1595,0.8049,0,1,0,585707,19903,93343,14613,0.18436214754159103,0.42336887240699966
1596,0.805,4,13,4,585720,19890,93347,14609,0.1842417281114528,0.4234615496101336
1597,0.8056,1,0,1,585720,19890,93348,14608,0.1842417281114528,0.4234448373818772
1598,0.8058,0,1,0,585721,19889,93348,14608,0.18423246507836527,0.4234571122126562
1599,0.8059,0,1,0,585722,19888,93348,14608,0.1842232020452777,0.42346938775510207
1600,0.8067,4,9,4,585731,19879,93352,14604,0.1841398347474897,0.4235130354087521
1601,0.8071,1,3,1,585734,19876,93353,14603,0.18411204564822706,0.42353316511499756
1602,0.8072,0,2,0,585736,19874,93353,14603,0.18409351958205195,0.42355773414160164
1603,0.8083,19,54,19,585790,19820,93372,14584,0.183593315795324,0.4239041971863737
1604,0.8084,0,1,0,585791,19819,93372,14584,0.18358405276223647,0.42391651890823473
1605,0.8086,1,5,1,585796,19814,93373,14583,0.1835377375967987,0.4239613919818589
1606,0.8091,0,1,0,585797,19813,93373,14583,0.18352847456371113,0.42397371787417143
1607,0.81,5,21,5,585818,19792,93378,14578,0.1833339508688725,0.42414896712249056
1608,0.8102,0,1,0,585819,19791,93378,14578,0.18332468783578496,0.4241613081556053
1609,0.8107,1,1,1,585820,19790,93379,14577,0.18331542480269739,0.4241568946954928
1610,0.8115,0,1,0,585821,19789,93379,14577,0.18330616176960984,0.424169237036606
1611,0.8117,0,1,0,585822,19788,93379,14577,0.18329689873652227,0.4241815800960279
1612,0.8124,0,1,0,585823,19787,93379,14577,0.18328763570343473,0.42419392387382143
1613,0.8126,0,1,0,585824,19786,93379,14577,0.1832783726703472,0.42420626837004916
1614,0.8127,1,0,1,585824,19786,93380,14576,0.1832783726703472,0.4241895116698679
1615,0.8131,0,1,0,585825,19785,93380,14576,0.18326910963725962,0.42420185675620614
1616,0.8133,13,23,13,585848,19762,93393,14563,0.18305605987624587,0.4242680262199563
1617,0.8143,2,0,2,585848,19762,93395,14561,0.18305605987624587,0.4242344783381406
1618,0.8148,1,2,1,585850,19760,93396,14560,0.18303753381007076,0.42424242424242425
1619,0.8149,1,1,1,585851,19759,93397,14559,0.18302827077698322,0.4242380092079958
1620,0.815,1,9,1,585860,19750,93398,14558,0.18294490347919523,0.4243325171971552
1621,0.8155,0,1,0,585861,19749,93398,14558,0.18293564044610766,0.4243448858833474
1622,0.8157,1,2,1,585863,19747,93399,14557,0.18291711437993258,0.42435284514925375
1623,0.8167,132,376,132,586239,19371,93531,14425,0.17943421393901218,0.42682565984140136
1624,0.8173,0,3,0,586242,19368,93531,14425,0.17940642483974953,0.42686355162311723
1625,0.8175,0,1,0,586243,19367,93531,14425,0.179397161806662,0.4268761837121212
1626,0.8183,0,1,0,586244,19366,93531,14425,0.17938789877357442,0.4268888165487852
1627,0.8186,0,1,0,586245,19365,93531,14425,0.17937863574048687,0.4269014501331755
1628,0.819,2,5,2,586250,19360,93533,14423,0.17933232057504908,0.4269307047923512
1629,0.82,0,5,0,586255,19355,93533,14423,0.17928600540961132,0.42699390135591214
1630,0.8207,0,4,0,586259,19351,93533,14423,0.17924895327726112,0.4270444720791141
1631,0.8208,2,1,2,586260,19350,93535,14421,0.17923969024417355,0.427023185573421
1632,0.8214,4,4,4,586264,19346,93539,14417,0.17920263811182333,0.4270058940260048
1633,0.8217,11,8,11,586272,19338,93550,14406,0.1791285338471229,0.4269203413940256
1634,0.8218,0,2,0,586274,19336,93550,14406,0.1791100077809478,0.42694564637543714
1635,0.8222,0,2,0,586276,19334,93550,14406,0.17909148171477268,0.42697095435684645
1636,0.8223,0,2,0,586278,19332,93550,14406,0.17907295564859757,0.42699626533878715
1637,0.8231,0,5,0,586283,19327,93550,14406,0.1790266404831598,0.42705955592446565
1638,0.8233,1,10,1,586293,19317,93551,14405,0.17893401015228427,0.42716920704584543
1639,0.8238,2,4,2,586297,19313,93553,14403,0.17889695801993405,0.4271859058013999
1640,0.824,0,1,0,586298,19312,93553,14403,0.17888769498684648,0.42719857630134955
1641,0.825,58,150,58,586448,19162,93611,14345,0.17749824002371337,0.4281194974184499
1642,0.8256,0,2,0,586450,19160,93611,14345,0.17747971395753825,0.4281450529771676
1643,0.8259,0,1,0,586451,19159,93611,14345,0.1774704509244507,0.4281578319006686
1644,0.8262,1,6,1,586457,19153,93612,14344,0.17741487272592538,0.428217452309162
1645,0.8264,0,4,0,586461,19149,93612,14344,0.17737782059357515,0.4282685934374347
1646,0.8267,8,24,8,586485,19125,93620,14336,0.17715550779947387,0.4284390783299961
1647,0.8268,0,1,0,586486,19124,93620,14336,0.1771462447663863,0.42845188284518826
1648,0.8274,1,3,1,586489,19121,93621,14335,0.17711845566712364,0.42847321855571496
1649,0.8283,1,1,1,586490,19120,93622,14334,0.1771091926340361,0.42846894242840916
1650,0.8286,0,3,0,586493,19117,93622,14334,0.17708140353477342,0.4285073689874742
1651,0.8298,1,0,1,586493,19117,93623,14333,0.17708140353477342,0.42849028400597905
1652,0.83,17,53,17,586546,19064,93640,14316,0.17659046278113305,0.4288795686039545
1653,0.8308,0,1,0,586547,19063,93640,14316,0.1765811997480455,0.4288924173881782
1654,0.831,1,0,1,586547,19063,93641,14315,0.1765811997480455,0.4288753070885014
1655,0.8314,0,3,0,586550,19060,93641,14315,0.17655341064878283,0.42891385767790263
1656,0.8317,1,0,1,586550,19060,93642,14314,0.17655341064878283,0.4288967459699167
1657,0.833,0,1,0,586551,19059,93642,14314,0.17654414761569528,0.42890959757888114
1658,0.8333,122,265,122,586816,18794,93764,14192,0.17408944384749342,0.43024313345055476
1659,0.8346,2,0,2,586816,18794,93766,14190,0.17408944384749342,0.43020858598108175
1660,0.835,2,19,2,586835,18775,93768,14188,0.1739134462188299,0.4304219882899008
1661,0.8357,0,5,0,586840,18770,93768,14188,0.17386713105339213,0.4304872868499302
1662,0.8365,1,1,1,586841,18769,93769,14187,0.17385786802030456,0.4304830683335356
1663,0.8367,1,5,1,586846,18764,93770,14186,0.1738115528548668,0.4305311077389985
1664,0.8371,0,6,0,586852,18758,93770,14186,0.17375597465634146,0.4306095191840699
1665,0.8375,2,1,2,586853,18757,93772,14184,0.17374671162325392,0.4305880210072554
1666,0.8381,2,5,2,586858,18752,93774,14182,0.17370039645781615,0.43061881338434443
1667,0.8382,0,3,0,586861,18749,93774,14182,0.17367260735855347,0.4306580425738666
1668,0.8383,0,4,0,586865,18745,93774,14182,0.17363555522620328,0.43071035927961854
1669,0.8386,0,1,0,586866,18744,93774,14182,0.1736262921931157,0.43072344044220373
1670,0.8387,1,3,1,586869,18741,93775,14181,0.17359850309385305,0.4307453982139603
1671,0.84,3,16,3,586885,18725,93778,14178,0.17345029456445218,0.4309029571771571
1672,0.8407,1,3,1,586888,18722,93779,14177,0.17342250546518953,0.43092495212620446
1673,0.8409,0,2,0,586890,18720,93779,14177,0.17340397939901442,0.43095115056084143
1674,0.8417,35,98,35,586988,18622,93814,14142,0.1724962021564341,0.43163227933097303
1675,0.8425,0,1,0,586989,18621,93814,14142,0.17248693912334656,0.4316454537130299
1676,0.8431,2,0,2,586989,18621,93816,14140,0.17248693912334656,0.43161075669240867
1677,0.8433,3,7,3,586996,18614,93819,14137,0.17242209789173366,0.4316509419559708
1678,0.844,2,2,2,586998,18612,93821,14135,0.17240357182555857,0.4316425932146456
1679,0.8444,2,1,2,586999,18611,93823,14133,0.172394308792471,0.4316210603469338
1680,0.8449,0,1,0,587000,18610,93823,14133,0.17238504575938346,0.43163424243349724
1681,0.845,0,2,0,587002,18608,93823,14133,0.17236651969320835,0.4316606090223267
1682,0.8457,0,2,0,587004,18606,93823,14133,0.17234799362703324,0.431686978832585
1683,0.8464,1,5,1,587009,18601,93824,14132,0.17230167846159547,0.4317355573885681
1684,0.8467,19,45,19,587054,18556,93843,14113,0.17188484197265552,0.43199975511953226
1685,0.8473,0,1,0,587055,18555,93843,14113,0.17187557893956798,0.4320129790620791
1686,0.8475,0,3,0,587058,18552,93843,14113,0.1718477898403053,0.4320526557477422
1687,0.8479,0,1,0,587059,18551,93843,14113,0.17183852680721776,0.4320658829292187
1688,0.8483,1,1,1,587060,18550,93844,14112,0.17182926377413021,0.4320617231033005
1689,0.849,0,2,0,587062,18548,93844,14112,0.1718107377079551,0.43208818126148196
1690,0.85,554,1334,554,588396,17214,94398,13558,0.1594538515691578,0.4405953464188223
1691,0.8514,0,2,0,588398,17212,94398,13558,0.1594353255029827,0.44062398440038997
1692,0.8517,1,6,1,588404,17206,94399,13557,0.15937974730445736,0.44069174007736567
1693,0.8523,0,1,0,588405,17205,94399,13557,0.15937048427136982,0.4407060659254925
1694,0.8524,0,4,0,588409,17201,94399,13557,0.1593334321390196,0.44076337863320114
1695,0.8532,0,1,0,588410,17200,94399,13557,0.15932416910593206,0.4407777091393829
1696,0.8533,0,1,0,588411,17199,94399,13557,0.1593149060728445,0.4407920405774483
1697,0.8542,1,3,1,588414,17196,94400,13556,0.15928711697358183,0.4408168574401665
1698,0.8545,1,0,1,588414,17196,94401,13555,0.15928711697358183,0.4407986732138792
1699,0.855,7,30,7,588444,17166,94408,13548,0.1590092259809552,0.44110177769095527
1700,0.8556,1,5,1,588449,17161,94409,13547,0.15896291081551744,0.44115539924449654
1701,0.8567,0,4,0,588453,17157,94409,13547,0.15892585868316722,0.4412128712871287
1702,0.8571,0,2,0,588455,17155,94409,13547,0.1589073326169921,0.44124161292423947
1703,0.8576,0,2,0,588457,17153,94409,13547,0.158888806550817,0.44127035830618894
1704,0.8583,10,23,10,588480,17130,94419,13537,0.15867575678980325,0.44141911500961944
1705,0.8592,1,4,1,588484,17126,94420,13536,0.15863870465745303,0.4414584828126019
1706,0.8593,1,0,1,588484,17126,94421,13535,0.15863870465745303,0.44144026613613385
1707,0.86,20,60,20,588544,17066,94441,13515,0.15808292267219978,0.44194107452339687
1708,0.8606,0,1,0,588545,17065,94441,13515,0.15807365963911224,0.4419555264879006
1709,0.8607,1,4,1,588549,17061,94442,13514,0.15803660750676202,0.4419950940310711
1710,0.8608,0,1,0,588550,17060,94442,13514,0.15802734447367445,0.4420095505985478
1711,0.8609,0,3,0,588553,17057,94442,13514,0.1579995553744118,0.4420529259755978
1712,0.8611,0,2,0,588555,17055,94442,13514,0.15798102930823668,0.44208184762340935
1713,0.8614,0,3,0,588558,17052,94442,13514,0.15795324020897403,0.44212523719165087
1714,0.8615,0,1,0,588559,17051,94442,13514,0.15794397717588649,0.44213970227384264
1715,0.8617,1,2,1,588561,17049,94443,13513,0.15792545110971137,0.44215038282834895
1716,0.8621,0,3,0,588564,17046,94443,13513,0.1578976620104487,0.44219378906377826
1717,0.8625,3,10,3,588574,17036,94446,13510,0.15780503167957316,0.44228376874222486
1718,0.8631,0,2,0,588576,17034,94446,13510,0.15778650561339805,0.4423127291775799
1719,0.8633,5,20,5,588596,17014,94451,13505,0.15760124495164696,0.4425112225171205
1720,0.8639,0,2,0,588598,17012,94451,13505,0.15758271888547185,0.4425402234819936
1721,0.864,1,2,1,588600,17010,94452,13504,0.15756419281929676,0.4425509602149833
1722,0.8647,0,1,0,588601,17009,94452,13504,0.1575549297862092,0.4425654639006325
1723,0.8648,1,0,1,588601,17009,94453,13503,0.1575549297862092,0.44254719454640795
1724,0.8649,1,0,1,588601,17009,94454,13502,0.1575549297862092,0.4425289239946249
1725,0.865,1,4,1,588605,17005,94455,13501,0.15751787765385897,0.4425686750147512
1726,0.8656,0,1,0,588606,17004,94455,13501,0.15750861462077143,0.4425831830847402
1727,0.8657,1,2,1,588608,17002,94456,13500,0.1574900885545963,0.4425939282669989
1728,0.8659,1,1,1,588609,17001,94457,13499,0.15748082552150877,0.44259016393442624
1729,0.8663,0,3,0,588612,16998,94457,13499,0.1574530364222461,0.44263370167557464
1730,0.8667,317,701,317,589313,16297,94774,13182,0.1509596502278706,0.4471657790291394
1731,0.8675,0,2,0,589315,16295,94774,13182,0.1509411241616955,0.4471961190080402
1732,0.8681,1,1,1,589316,16294,94775,13181,0.15093186112860796,0.44719253604749787
1733,0.8683,2,3,2,589319,16291,94777,13179,0.15090407202934528,0.4472005429250085
1734,0.869,0,5,0,589324,16286,94777,13179,0.1508577568639075,0.44727642966231124
1735,0.87,0,3,0,589327,16283,94777,13179,0.15082996776464486,0.4473219740682914
1736,0.8702,1,6,1,589333,16277,94778,13178,0.15077438956611952,0.4473943303344084
1737,0.8714,4,5,4,589338,16272,94782,13174,0.15072807440068176,0.4473952319500102
1738,0.8717,3,8,3,589346,16264,94785,13171,0.15065397013598134,0.4474605062001019
1739,0.8722,0,1,0,589347,16263,94785,13171,0.15064470710289377,0.4474757083644765
1740,0.8731,3,3,3,589350,16260,94788,13168,0.1506169180036311,0.44746499932037515
1741,0.8733,2,5,2,589355,16255,94790,13166,0.15057060283819335,0.4475034839060535
1742,0.8739,1,2,1,589357,16253,94791,13165,0.15055207677201823,0.44751512679311983
1743,0.8742,1,0,1,589357,16253,94792,13164,0.15055207677201823,0.4474963456504742
1744,0.8745,1,3,1,589360,16250,94793,13163,0.15052428767275558,0.44752320402543094
1745,0.875,150,332,150,589692,15918,94943,13013,0.14744896068768756,0.4497943382530849
1746,0.8762,2,4,2,589696,15914,94945,13011,0.14741190855533737,0.44981849611063096
1747,0.8767,5,6,5,589702,15908,94950,13006,0.14735633035681203,0.44981669779345645
1748,0.8774,2,1,2,589703,15907,94952,13004,0.1473470673237245,0.4497941959807686
1749,0.8778,1,1,1,589704,15906,94953,13003,0.14733780429063692,0.44979072261233527
1750,0.8783,0,2,0,589706,15904,94953,13003,0.1473192782244618,0.4498218424603037
1751,0.8792,0,1,0,589707,15903,94953,13003,0.14731001519137427,0.4498374039991697
1752,0.8798,0,2,0,589709,15901,94953,13003,0.14729148912519915,0.4498685303072239
1753,0.88,49,96,49,589805,15805,95002,12954,0.14640223794879395,0.45043290795924756
1754,0.8813,3,1,3,589806,15804,95005,12951,0.1463929749157064,0.4503912363067293
1755,0.8814,0,1,0,589807,15803,95005,12951,0.14638371188261884,0.4504068999095778
1756,0.8817,0,6,0,589813,15797,95005,12951,0.14632813368409353,0.45050090441074164
1757,0.8833,38,100,38,589913,15697,95043,12913,0.1454018303753381,0.45134568332750785
1758,0.8839,1,0,1,589913,15697,95044,12912,0.1454018303753381,0.4513265056450767
1759,0.8842,1,0,1,589913,15697,95045,12911,0.1454018303753381,0.4513073266219239
1760,0.8845,0,1,0,589914,15696,95045,12911,0.14539256734225053,0.4513231027370923
1761,0.8848,0,3,0,589917,15693,95045,12911,0.14536477824298788,0.4513704377010208
1762,0.885,2,2,2,589919,15691,95047,12909,0.14534625217681277,0.45136363636363636
1763,0.8857,4,18,4,589937,15673,95051,12905,0.1451795175812368,0.4515711386381132
1764,0.8867,0,2,0,589939,15671,95051,12905,0.1451609915150617,0.45160274356103025
1765,0.8871,0,1,0,589940,15670,95051,12905,0.14515172848197413,0.4516185476815398
1766,0.8875,5,11,5,589951,15659,95056,12900,0.14504983511801103,0.4516964879722679
1767,0.8877,0,2,0,589953,15657,95056,12900,0.14503130905183592,0.4517281227019645
1768,0.8878,1,0,1,589953,15657,95057,12899,0.14503130905183592,0.45170892281832187
1769,0.8881,0,2,0,589955,15655,95057,12899,0.14501278298566084,0.451740561742663
1770,0.8883,3,5,3,589960,15650,95060,12896,0.14496646782022304,0.4517620682407342
1771,0.89,5,5,5,589965,15645,95065,12891,0.14492015265478528,0.4517451640033642
1772,0.8905,1,0,1,589965,15645,95066,12890,0.14492015265478528,0.45172595058699844
1773,0.8907,0,1,0,589966,15644,95066,12890,0.14491088962169774,0.45174178173407165
1774,0.8917,18,36,18,590002,15608,95084,12872,0.14457742043054578,0.45196629213483147
1775,0.8921,0,2,0,590004,15606,95084,12872,0.14455889436437067,0.45199803356977314
1776,0.8929,0,2,0,590006,15604,95084,12872,0.14454036829819555,0.4520297794634078
1777,0.8931,0,1,0,590007,15603,95084,12872,0.144531105265108,0.45204565408252856
1778,0.8933,2,8,2,590015,15595,95086,12870,0.14445700100040756,0.4521341998946074
1779,0.8941,3,5,3,590020,15590,95089,12867,0.1444106858349698,0.45215588431668835
1780,0.8943,0,1,0,590021,15589,95089,12867,0.14440142280188226,0.45217177396682595
1781,0.8944,2,1,2,590022,15588,95091,12865,0.1443921597687947,0.45214915826099183
1782,0.8957,0,1,0,590023,15587,95091,12865,0.14438289673570714,0.452165049908618
1783,0.8958,0,1,0,590024,15586,95091,12865,0.14437363370261957,0.4521809426733682
1784,0.8964,2,4,2,590028,15582,95093,12863,0.14433658157026938,0.4522060116013359
1785,0.8967,10,12,10,590040,15570,95103,12853,0.1442254251732187,0.45220420082327695
1786,0.8981,0,2,0,590042,15568,95103,12853,0.14420689910704362,0.45223602265930124
1787,0.8988,1,0,1,590042,15568,95104,12852,0.14420689910704362,0.4522167487684729
1788,0.899,0,1,0,590043,15567,95104,12852,0.14419763607395605,0.4522326612477568
1789,0.9,7361,9629,7361,599672,5938,102465,5491,0.055003890473896776,0.48044448333187506
1790,0.9009,2,0,2,599672,5938,102467,5489,0.055003890473896776,0.4803535486129343
1791,0.9014,0,3,0,599675,5935,102467,5489,0.05497610137463411,0.4804796918767507
1792,0.9017,2,6,2,599681,5929,102469,5487,0.054920523176108786,0.48064120532585847
1793,0.9024,2,5,2,599686,5924,102471,5485,0.05487420801067101,0.4807608028749233
1794,0.9036,0,1,0,599687,5923,102471,5485,0.05486494497758346,0.4808029453015428
1795,0.9042,1,2,1,599689,5921,102472,5484,0.05484641891140835,0.4808417360806664
1796,0.905,5,7,5,599696,5914,102477,5479,0.054781577679795475,0.4809093302905293
1797,0.9056,0,2,0,599698,5912,102477,5479,0.05476305161362036,0.48099376700904223
1798,0.9061,0,4,0,599702,5908,102477,5479,0.054725999481270146,0.4811627294282954
1799,0.9065,1,1,1,599703,5907,102478,5478,0.05471673644818259,0.4811594202898551
1800,0.9067,4,4,4,599707,5903,102482,5474,0.05467968431583237,0.4811461721016085
1801,0.9071,0,2,0,599709,5901,102482,5474,0.05466115824965727,0.48123076923076924
1802,0.9075,0,1,0,599710,5900,102482,5474,0.05465189521656971,0.4812730789519958
1803,0.9083,11,24,11,599734,5876,102493,5463,0.05442958242246841,0.4817885175059529
1804,0.9092,1,0,1,599734,5876,102494,5462,0.05442958242246841,0.4817428117833833
1805,0.91,5,9,5,599743,5867,102499,5457,0.05434621512468042,0.4818968562345461
1806,0.9107,1,2,1,599745,5865,102500,5456,0.05432768905850532,0.48193622471513115
1807,0.9125,0,1,0,599746,5864,102500,5456,0.05431842602541776,0.48197879858657244
1808,0.9131,1,2,1,599748,5862,102501,5455,0.054299899959242656,0.4820182027038968
1809,0.9133,8,26,8,599774,5836,102509,5447,0.05405906109896624,0.4827616768589914
1810,0.9143,0,1,0,599775,5835,102509,5447,0.054049798065878694,0.48280446729303317
1811,0.915,1,2,1,599777,5833,102510,5446,0.05403127199970358,0.4828442237787038
1812,0.9155,2,0,2,599777,5833,102512,5444,0.05403127199970358,0.4827525050988738
1813,0.9157,2,2,2,599779,5831,102514,5442,0.05401274593352848,0.48274638516810076
1814,0.9167,73,139,73,599918,5692,102587,5369,0.052725184334358445,0.4853991501672543
1815,0.9178,0,3,0,599921,5689,102587,5369,0.05269739523509578,0.4855308374027853
1816,0.9189,3,0,3,599921,5689,102590,5366,0.05269739523509578,0.48539122568973314
1817,0.919,2,2,2,599923,5687,102592,5364,0.05267886916892067,0.4853859379241698
1818,0.92,3,1,3,599924,5686,102595,5361,0.052669606135833116,0.4852901240155698
1819,0.9207,1,0,1,599924,5686,102596,5360,0.052669606135833116,0.4852435270686221
1820,0.9208,1,8,1,599932,5678,102597,5359,0.05259550187113268,0.4855486092235209
1821,0.9214,0,5,0,599937,5673,102597,5359,0.05254918670569491,0.48576867295141407
1822,0.9217,4,1,4,599938,5672,102601,5355,0.05253992367260736,0.48562619026027026
1823,0.9222,1,0,1,599938,5672,102602,5354,0.05253992367260736,0.48557953927081443
1824,0.9223,1,1,1,599939,5671,102603,5353,0.052530660639519805,0.4855769230769231
1825,0.9232,0,1,0,599940,5670,102603,5353,0.05252139760643225,0.48562097432640844
1826,0.9238,1,0,1,599940,5670,102604,5352,0.05252139760643225,0.48557430593358736
1827,0.925,37,74,37,600014,5596,102641,5315,0.05183593315795324,0.48712308679314453
1828,0.9256,0,1,0,600015,5595,102641,5315,0.051826670124865686,0.48716773602199814
1829,0.9257,0,1,0,600016,5594,102641,5315,0.05181740709177813,0.487212393436612
1830,0.9259,3,3,3,600019,5591,102644,5312,0.05178961799251547,0.4872053563239475
1831,0.9264,0,2,0,600021,5589,102644,5312,0.051771091926340364,0.48729474360150443
1832,0.9267,5,5,5,600026,5584,102649,5307,0.05172477676090259,0.4872830777706363
1833,0.9274,0,1,0,600027,5583,102649,5307,0.051715513727815035,0.48732782369146005
1834,0.9282,0,1,0,600028,5582,102649,5307,0.05170625069472748,0.4873725778308385
1835,0.9298,0,1,0,600029,5581,102649,5307,0.05169698766163993,0.487417340191036
1836,0.93,11,44,11,600073,5537,102660,5296,0.051289414205787545,0.48887658081787133
1837,0.9306,1,1,1,600074,5536,102661,5295,0.05128015117269999,0.4888745268211615
1838,0.9314,0,1,0,600075,5535,102661,5295,0.05127088813961243,0.4889196675900277
1839,0.9318,4,2,4,600077,5533,102665,5291,0.05125236207343733,0.4888211382113821
1840,0.9324,0,1,0,600078,5532,102665,5291,0.05124309904034977,0.48886630324309344
1841,0.9325,0,2,0,600080,5530,102665,5291,0.05122457297417466,0.4889566583495056
1842,0.9332,0,1,0,600081,5529,102665,5291,0.05121530994108711,0.4890018484288355
1843,0.9333,56,140,56,600221,5389,102721,5235,0.04991848530882952,0.49275225903614456
1844,0.9342,0,3,0,600224,5386,102721,5235,0.04989069620956686,0.4928914414838527
1845,0.9347,3,1,3,600225,5385,102724,5232,0.049881433176479306,0.49279457473862676
1846,0.9348,1,0,1,600225,5385,102725,5231,0.049881433176479306,0.4927467972871138
1847,0.935,3,0,3,600225,5385,102728,5228,0.049881433176479306,0.49260341091114673
1848,0.9357,2,6,2,600231,5379,102730,5226,0.049825854977953984,0.4927864214992928
1849,0.9375,0,5,0,600236,5374,102730,5226,0.04977953981251621,0.4930188679245283
1850,0.9381,0,2,0,600238,5372,102730,5226,0.0497610137463411,0.4931119079071523
1851,0.9383,2,1,2,600239,5371,102732,5224,0.04975175071325355,0.4930627654554035
1852,0.94,3,8,3,600247,5363,102735,5221,0.04967764644855312,0.493291761148904
1853,0.9403,0,2,0,600249,5361,102735,5221,0.049659120382378005,0.49338499338499336
1854,0.9407,0,2,0,600251,5359,102735,5221,0.0496405943162029,0.4934782608695652
1855,0.9413,2,2,2,600253,5357,102737,5219,0.04962206825002779,0.49347579425113464
1856,0.9417,16,50,16,600303,5307,102753,5203,0.04915891659565008,0.4950523311132255
1857,0.9429,0,1,0,600304,5306,102753,5203,0.049149653562562526,0.4950994385764583
1858,0.9442,1,0,1,600304,5306,102754,5202,0.049149653562562526,0.4950513894175866
1859,0.9464,0,2,0,600306,5304,102754,5202,0.049131127496387414,0.49514563106796117
1860,0.9467,10,28,10,600334,5276,102764,5192,0.0488717625699359,0.49598777225831103
1861,0.949,1,0,1,600334,5276,102765,5191,0.0488717625699359,0.4959396197573326
1862,0.9492,1,1,1,600335,5275,102766,5190,0.04886249953684835,0.49593884376493075
1863,0.95,297,495,297,600830,4780,103063,4893,0.044277298158509025,0.5058410007236638
1864,0.9524,5,6,5,600836,4774,103068,4888,0.044221719959983696,0.5058993997102049
1865,0.9542,0,1,0,600837,4773,103068,4888,0.04421245692689614,0.5059517648276576
1866,0.955,10,9,10,600846,4764,103078,4878,0.04412908962910816,0.5059116365899191
1867,0.9556,2,1,2,600847,4763,103080,4876,0.0441198265960206,0.5058616039008196
1868,0.9571,0,4,0,600851,4759,103080,4876,0.044082774463670385,0.5060716139076284
1869,0.9583,1,3,1,600854,4756,103081,4875,0.044054985364407724,0.5061779669816219
1870,0.96,11,29,11,600883,4727,103092,4864,0.04378635740486865,0.5071421123970389
1871,0.9607,0,1,0,600884,4726,103092,4864,0.043777094371781095,0.5071949947862356
1872,0.9625,1,1,1,600885,4725,103093,4863,0.04376783133869354,0.5071964956195244
1873,0.9632,0,1,0,600886,4724,103093,4863,0.04375856830560599,0.5072494002294774
1874,0.9633,2,5,2,600891,4719,103095,4861,0.04371225314016822,0.5074112734864301
1875,0.9639,1,2,1,600893,4717,103096,4860,0.043693727073993105,0.5074658034875222
1876,0.9667,186,237,186,601130,4480,103282,4674,0.041498388232242764,0.510596460563688
1877,0.9675,2,0,2,601130,4480,103284,4672,0.041498388232242764,0.5104895104895105
1878,0.969,0,1,0,601131,4479,103284,4672,0.041489125199155215,0.5105452955961097
1879,0.9708,0,2,0,601133,4477,103284,4672,0.0414705991329801,0.5106569023937042
1880,0.9714,3,0,3,601133,4477,103287,4669,0.0414705991329801,0.5104963918652963
1881,0.9727,1,0,1,601133,4477,103288,4668,0.0414705991329801,0.5104428649535265
1882,0.9746,0,1,0,601134,4476,103288,4668,0.04146133609989255,0.510498687664042
1883,0.975,79,145,79,601279,4331,103367,4589,0.04011819630219719,0.5144618834080718
1884,0.9784,1,0,1,601279,4331,103368,4588,0.04011819630219719,0.514407444780805
1885,0.98,34,53,34,601332,4278,103402,4554,0.03962725554855682,0.515625
1886,0.9833,9,27,9,601359,4251,103411,4545,0.039377153655192856,0.5167121418826739
1887,0.9857,4,11,4,601370,4240,103415,4541,0.03927526029122976,0.5171392779865619
1888,0.9875,1,6,1,601376,4234,103416,4540,0.03921968209270443,0.5174378846592205
1889,0.9889,3,2,3,601378,4232,103419,4537,0.03920115602652933,0.517390808530049
1890,1.0,4537,4232,4537,605610,0,107956,0,0.0,
