p,Neg,Pos,$\frac{\text{Pos}}{\text{Neg}+\text{Pos}}$,TN,FP,FN,TP,Prec,Rec,$\frac{\text{FP}}{\text{P}}$
0.0,"55,531","2,822",0.05,"55,531","550,079","2,822","105,134",0.16,0.97,5.10
0.1,"8,670",605,0.07,"64,201","541,409","3,427","104,529",0.16,0.97,5.02
0.2,"89,126","6,700",0.07,"153,327","452,283","10,127","97,829",0.18,0.91,4.19
0.3,"95,982","9,314",0.09,"249,309","356,301","19,441","88,515",0.20,0.82,3.30
0.4,"89,572","11,150",0.11,"338,881","266,729","30,591","77,365",0.22,0.72,2.47
0.5,"80,673","12,829",0.14,"419,554","186,056","43,420","64,536",0.26,0.60,1.72
0.6,"59,358","12,353",0.17,"478,912","126,698","55,773","52,183",0.29,0.48,1.17
0.7,"48,430","13,547",0.22,"527,342","78,268","69,320","38,636",0.33,0.36,0.72
0.8,"35,305","12,826",0.27,"562,647","42,963","82,146","25,810",0.38,0.24,0.40
0.9,"23,126","11,329",0.33,"585,773","19,837","93,475","14,481",0.42,0.13,0.18
1.0,"19,837","14,481",0.42,"605,610",0,"107,956",0,nan,0.00,0.00
