p,Neg,Pos,mPrec,TN,FP,FN,TP,Prec,Rec,FP/P,$\hat{p}$
0.0,"6,702",52,0.01,"6,702","598,908",52,"107,904",0.15,1.00,5.55,0.99
0.1,"48,173",726,0.01,"54,875","550,735",778,"107,178",0.16,0.99,5.10,0.92
0.2,"82,819","2,222",0.03,"137,694","467,916","3,000","104,956",0.18,0.97,4.33,0.80
0.3,"99,496","4,820",0.05,"237,190","368,420","7,820","100,136",0.21,0.93,3.41,0.66
0.4,"112,063","9,390",0.08,"349,253","256,357","17,210","90,746",0.26,0.84,2.37,0.49
0.5,"90,266","12,357",0.12,"439,519","166,091","29,567","78,389",0.32,0.73,1.54,0.34
0.6,"70,972","15,818",0.18,"510,491","95,119","45,385","62,571",0.40,0.58,0.88,0.22
0.7,"51,143","18,736",0.27,"561,634","43,976","64,121","43,835",0.50,0.41,0.41,0.12
0.8,"25,484","16,168",0.39,"587,118","18,492","80,289","27,667",0.60,0.26,0.17,0.06
0.9,"12,823","14,589",0.53,"599,941","5,669","94,878","13,078",0.70,0.12,0.05,0.03
1.0,"5,669","13,078",0.70,"605,610",0,"107,956",0,nan,0.00,0.00,0.00
