p,Neg,Pos,mPrec,TN,FP,FN,TP,Prec,Rec,FP/P,$\hat{p}$
0.0,"17,412",157,0.01,"17,412","588,198",157,"107,799",0.15,1.00,5.45,0.98
0.1,"53,882",919,0.02,"71,294","534,316","1,076","106,880",0.17,0.99,4.95,0.90
0.2,"87,516","2,745",0.03,"158,810","446,800","3,821","104,135",0.19,0.96,4.14,0.77
0.3,"100,793","5,520",0.05,"259,603","346,007","9,341","98,615",0.22,0.91,3.21,0.62
0.4,"100,453","9,052",0.08,"360,056","245,554","18,393","89,563",0.27,0.83,2.27,0.47
0.5,"88,046","12,710",0.13,"448,102","157,508","31,103","76,853",0.33,0.71,1.46,0.33
0.6,"62,380","14,279",0.19,"510,482","95,128","45,382","62,574",0.40,0.58,0.88,0.22
0.7,"47,443","16,984",0.26,"557,925","47,685","62,366","45,590",0.49,0.42,0.44,0.13
0.8,"27,147","16,237",0.37,"585,072","20,538","78,603","29,353",0.59,0.27,0.19,0.07
0.9,"13,843","14,646",0.51,"598,915","6,695","93,249","14,707",0.69,0.14,0.06,0.03
1.0,"6,695","14,707",0.69,"605,610",0,"107,956",0,nan,0.00,0.00,0.00
