p,Neg,Pos,$\frac{\text{Pos}}{\text{Neg}+\text{Pos}}$,TN,FP,FN,TP,Prec,Rec,$\frac{\text{FP}}{\text{P}}$
0.0,"30,300","1,701",0.05,"30,300","575,310","1,701","106,255",0.16,0.98,5.33
0.01,"2,697",151,0.05,"32,997","572,613","1,852","106,104",0.16,0.98,5.30
0.02,"3,141",182,0.05,"36,138","569,472","2,034","105,922",0.16,0.98,5.28
0.03,"2,868",154,0.05,"39,006","566,604","2,188","105,768",0.16,0.98,5.25
0.04,"3,097",217,0.07,"42,103","563,507","2,405","105,551",0.16,0.98,5.22
0.05,"3,210",209,0.06,"45,313","560,297","2,614","105,342",0.16,0.98,5.19
0.06,"3,057",195,0.06,"48,370","557,240","2,809","105,147",0.16,0.97,5.16
0.07,"3,771",265,0.07,"52,141","553,469","3,074","104,882",0.16,0.97,5.13
0.08,"3,595",272,0.07,"55,736","549,874","3,346","104,610",0.16,0.97,5.09
0.09,"4,661",335,0.07,"60,397","545,213","3,681","104,275",0.16,0.97,5.05
0.1,"5,256",320,0.06,"65,653","539,957","4,001","103,955",0.16,0.96,5.00
0.11,"4,289",291,0.06,"69,942","535,668","4,292","103,664",0.16,0.96,4.96
0.12,"5,464",369,0.06,"75,406","530,204","4,661","103,295",0.16,0.96,4.91
0.13,"5,160",375,0.07,"80,566","525,044","5,036","102,920",0.16,0.95,4.86
0.14,"4,344",340,0.07,"84,910","520,700","5,376","102,580",0.16,0.95,4.82
0.15,"4,772",358,0.07,"89,682","515,928","5,734","102,222",0.17,0.95,4.78
0.16,"5,290",376,0.07,"94,972","510,638","6,110","101,846",0.17,0.94,4.73
0.17,"5,058",421,0.08,"100,030","505,580","6,531","101,425",0.17,0.94,4.68
0.18,"6,146",489,0.07,"106,176","499,434","7,020","100,936",0.17,0.93,4.63
0.19,"5,703",437,0.07,"111,879","493,731","7,457","100,499",0.17,0.93,4.57
0.2,"5,867",469,0.07,"117,746","487,864","7,926","100,030",0.17,0.93,4.52
0.21,"6,259",538,0.08,"124,005","481,605","8,464","99,492",0.17,0.92,4.46
0.22,"5,715",492,0.08,"129,720","475,890","8,956","99,000",0.17,0.92,4.41
0.23,"6,575",572,0.08,"136,295","469,315","9,528","98,428",0.17,0.91,4.35
0.24,"5,827",494,0.08,"142,122","463,488","10,022","97,934",0.17,0.91,4.29
0.25,"6,340",572,0.08,"148,462","457,148","10,594","97,362",0.18,0.90,4.23
0.26,"6,355",586,0.08,"154,817","450,793","11,180","96,776",0.18,0.90,4.18
0.27,"6,949",683,0.09,"161,766","443,844","11,863","96,093",0.18,0.89,4.11
0.28,"6,407",627,0.09,"168,173","437,437","12,490","95,466",0.18,0.88,4.05
0.29,"6,796",638,0.09,"174,969","430,641","13,128","94,828",0.18,0.88,3.99
0.3,"6,356",698,0.10,"181,325","424,285","13,826","94,130",0.18,0.87,3.93
0.31,"5,962",659,0.10,"187,287","418,323","14,485","93,471",0.18,0.87,3.87
0.32,"6,793",730,0.10,"194,080","411,530","15,215","92,741",0.18,0.86,3.81
0.33,"6,312",727,0.10,"200,392","405,218","15,942","92,014",0.19,0.85,3.75
0.34,"7,509",775,0.09,"207,901","397,709","16,717","91,239",0.19,0.85,3.68
0.35,"7,126",902,0.11,"215,027","390,583","17,619","90,337",0.19,0.84,3.62
0.36,"7,271",865,0.11,"222,298","383,312","18,484","89,472",0.19,0.83,3.55
0.37,"8,086","1,074",0.12,"230,384","375,226","19,558","88,398",0.19,0.82,3.48
0.38,"8,179","1,007",0.11,"238,563","367,047","20,565","87,391",0.19,0.81,3.40
0.39,"8,502","1,089",0.11,"247,065","358,545","21,654","86,302",0.19,0.80,3.32
0.4,"8,220","1,096",0.12,"255,285","350,325","22,750","85,206",0.20,0.79,3.25
0.41,"7,375",999,0.12,"262,660","342,950","23,749","84,207",0.20,0.78,3.18
0.42,"8,611","1,208",0.12,"271,271","334,339","24,957","82,999",0.20,0.77,3.10
0.43,"8,327","1,148",0.12,"279,598","326,012","26,105","81,851",0.20,0.76,3.02
0.44,"8,861","1,274",0.13,"288,459","317,151","27,379","80,577",0.20,0.75,2.94
0.45,"8,987","1,303",0.13,"297,446","308,164","28,682","79,274",0.20,0.73,2.85
0.46,"9,064","1,358",0.13,"306,510","299,100","30,040","77,916",0.21,0.72,2.77
0.47,"8,799","1,248",0.12,"315,309","290,301","31,288","76,668",0.21,0.71,2.69
0.48,"8,443","1,286",0.13,"323,752","281,858","32,574","75,382",0.21,0.70,2.61
0.49,"8,177","1,337",0.14,"331,929","273,681","33,911","74,045",0.21,0.69,2.54
0.5,"8,670","1,406",0.14,"340,599","265,011","35,317","72,639",0.22,0.67,2.45
0.51,"9,260","1,497",0.14,"349,859","255,751","36,814","71,142",0.22,0.66,2.37
0.52,"9,206","1,464",0.14,"359,065","246,545","38,278","69,678",0.22,0.65,2.28
0.53,"9,436","1,492",0.14,"368,501","237,109","39,770","68,186",0.22,0.63,2.20
0.54,"8,000","1,483",0.16,"376,501","229,109","41,253","66,703",0.23,0.62,2.12
0.55,"8,345","1,460",0.15,"384,846","220,764","42,713","65,243",0.23,0.60,2.04
0.56,"8,223","1,416",0.15,"393,069","212,541","44,129","63,827",0.23,0.59,1.97
0.57,"8,034","1,521",0.16,"401,103","204,507","45,650","62,306",0.23,0.58,1.89
0.58,"8,127","1,499",0.16,"409,230","196,380","47,149","60,807",0.24,0.56,1.82
0.59,"7,390","1,412",0.16,"416,620","188,990","48,561","59,395",0.24,0.55,1.75
0.6,"8,128","1,646",0.17,"424,748","180,862","50,207","57,749",0.24,0.53,1.68
0.61,"7,680","1,580",0.17,"432,428","173,182","51,787","56,169",0.24,0.52,1.60
0.62,"7,425","1,623",0.18,"439,853","165,757","53,410","54,546",0.25,0.51,1.54
0.63,"7,511","1,725",0.19,"447,364","158,246","55,135","52,821",0.25,0.49,1.47
0.64,"7,251","1,606",0.18,"454,615","150,995","56,741","51,215",0.25,0.47,1.40
0.65,"6,738","1,547",0.19,"461,353","144,257","58,288","49,668",0.26,0.46,1.34
0.66,"6,838","1,576",0.19,"468,191","137,419","59,864","48,092",0.26,0.45,1.27
0.67,"6,362","1,501",0.19,"474,553","131,057","61,365","46,591",0.26,0.43,1.21
0.68,"6,878","1,692",0.20,"481,431","124,179","63,057","44,899",0.27,0.42,1.15
0.69,"6,817","1,733",0.20,"488,248","117,362","64,790","43,166",0.27,0.40,1.09
0.7,"6,543","1,696",0.21,"494,791","110,819","66,486","41,470",0.27,0.38,1.03
0.71,"5,987","1,598",0.21,"500,778","104,832","68,084","39,872",0.28,0.37,0.97
0.72,"5,867","1,657",0.22,"506,645","98,965","69,741","38,215",0.28,0.35,0.92
0.73,"6,096","1,744",0.22,"512,741","92,869","71,485","36,471",0.28,0.34,0.86
0.74,"5,648","1,556",0.22,"518,389","87,221","73,041","34,915",0.29,0.32,0.81
0.75,"5,776","1,691",0.23,"524,165","81,445","74,732","33,224",0.29,0.31,0.75
0.76,"5,265","1,619",0.24,"529,430","76,180","76,351","31,605",0.29,0.29,0.71
0.77,"4,772","1,484",0.24,"534,202","71,408","77,835","30,121",0.30,0.28,0.66
0.78,"4,926","1,648",0.25,"539,128","66,482","79,483","28,473",0.30,0.26,0.62
0.79,"4,885","1,656",0.25,"544,013","61,597","81,139","26,817",0.30,0.25,0.57
0.8,"4,733","1,507",0.24,"548,746","56,864","82,646","25,310",0.31,0.23,0.53
0.81,"4,480","1,499",0.25,"553,226","52,384","84,145","23,811",0.31,0.22,0.49
0.82,"4,077","1,419",0.26,"557,303","48,307","85,564","22,392",0.32,0.21,0.45
0.83,"3,836","1,363",0.26,"561,139","44,471","86,927","21,029",0.32,0.19,0.41
0.84,"3,422","1,211",0.26,"564,561","41,049","88,138","19,818",0.33,0.18,0.38
0.85,"3,591","1,405",0.28,"568,152","37,458","89,543","18,413",0.33,0.17,0.35
0.86,"2,987","1,144",0.28,"571,139","34,471","90,687","17,269",0.33,0.16,0.32
0.87,"3,099","1,205",0.28,"574,238","31,372","91,892","16,064",0.34,0.15,0.29
0.88,"2,750","1,116",0.29,"576,988","28,622","93,008","14,948",0.34,0.14,0.27
0.89,"2,477",983,0.28,"579,465","26,145","93,991","13,965",0.35,0.13,0.24
0.9,"2,634","1,095",0.29,"582,099","23,511","95,086","12,870",0.35,0.12,0.22
0.91,"2,006",796,0.28,"584,105","21,505","95,882","12,074",0.36,0.11,0.20
0.92,"2,085",932,0.31,"586,190","19,420","96,814","11,142",0.36,0.10,0.18
0.93,"1,959",846,0.30,"588,149","17,461","97,660","10,296",0.37,0.10,0.16
0.94,"1,755",855,0.33,"589,904","15,706","98,515","9,441",0.38,0.09,0.15
0.95,"1,764",854,0.33,"591,668","13,942","99,369","8,587",0.38,0.08,0.13
0.96,"1,534",725,0.32,"593,202","12,408","100,094","7,862",0.39,0.07,0.11
0.97,"1,376",650,0.32,"594,578","11,032","100,744","7,212",0.40,0.07,0.10
0.98,"1,181",621,0.34,"595,759","9,851","101,365","6,591",0.40,0.06,0.09
0.99,"1,172",606,0.34,"596,931","8,679","101,971","5,985",0.41,0.06,0.08
1.0,"8,679","5,985",0.41,"605,610",0,"107,956",0,nan,0.00,0.00
