p,Neg,Pos,mPrec,TN,FP,FN,TP,Prec,Rec,FP/P,$\hat{p}$
0.0,"17,117",169,0.01,"17,117","588,493",169,"107,787",0.15,1.00,5.45,0.98
0.05,"22,486",319,0.01,"39,603","566,007",488,"107,468",0.16,1.00,5.24,0.94
0.1,"30,839",571,0.02,"70,442","535,168","1,059","106,897",0.17,0.99,4.96,0.90
0.15,"45,830","1,233",0.03,"116,272","489,338","2,292","105,664",0.18,0.98,4.53,0.83
0.2,"42,077","1,518",0.03,"158,349","447,261","3,810","104,146",0.19,0.96,4.14,0.77
0.25,"55,030","2,592",0.04,"213,379","392,231","6,402","101,554",0.21,0.94,3.63,0.69
0.3,"45,821","2,822",0.06,"259,200","346,410","9,224","98,732",0.22,0.91,3.21,0.62
0.35,"46,552","3,576",0.07,"305,752","299,858","12,800","95,156",0.24,0.88,2.78,0.55
0.4,"54,334","5,462",0.09,"360,086","245,524","18,262","89,694",0.27,0.83,2.27,0.47
0.45,"42,299","5,343",0.11,"402,385","203,225","23,605","84,351",0.29,0.78,1.88,0.40
0.5,"46,581","7,557",0.14,"448,966","156,644","31,162","76,794",0.33,0.71,1.45,0.33
0.55,"33,213","6,932",0.17,"482,179","123,431","38,094","69,862",0.36,0.65,1.14,0.27
0.6,"29,272","7,564",0.21,"511,451","94,159","45,658","62,298",0.40,0.58,0.87,0.22
0.65,"28,768","9,264",0.24,"540,219","65,391","54,922","53,034",0.45,0.49,0.61,0.17
0.7,"18,602","7,576",0.29,"558,821","46,789","62,498","45,458",0.49,0.42,0.43,0.13
0.75,"17,112","9,191",0.35,"575,933","29,677","71,689","36,267",0.55,0.34,0.27,0.09
0.8,"9,878","7,089",0.42,"585,811","19,799","78,778","29,178",0.60,0.27,0.18,0.07
0.85,"7,228","6,963",0.49,"593,039","12,571","85,741","22,215",0.64,0.21,0.12,0.05
0.9,"6,151","7,958",0.56,"599,190","6,420","93,699","14,257",0.69,0.13,0.06,0.03
0.95,"3,297","5,968",0.64,"602,487","3,123","99,667","8,289",0.73,0.08,0.03,0.02
1.0,"3,123","8,289",0.73,"605,610",0,"107,956",0,nan,0.00,0.00,0.00
