,min,max,Neg,Pos,$\frac{\text{Pos}}{\text{Neg}+\text{Pos}}$,TN,FP,FN,TP,Prec,Rec,FP/P
0,0.0000,0.0797,"16,698",155,0.0092,"16,698","588,912",155,"107,801",0.1547,0.9986,5.4551
1,0.0800,0.1097,"16,898",216,0.0126,"33,596","572,014",371,"107,585",0.1583,0.9966,5.2986
2,0.1100,0.1297,"14,567",208,0.0141,"48,163","557,447",579,"107,377",0.1615,0.9946,5.1637
3,0.1300,0.1496,"16,551",301,0.0179,"64,714","540,896",880,"107,076",0.1652,0.9918,5.0103
4,0.1500,0.1562,"8,595",201,0.0229,"73,309","532,301","1,081","106,875",0.1672,0.9900,4.9307
5,0.1565,0.1697,"9,713",200,0.0202,"83,022","522,588","1,281","106,675",0.1695,0.9881,4.8407
6,0.1700,0.1797,"9,761",286,0.0285,"92,783","512,827","1,567","106,389",0.1718,0.9855,4.7503
7,0.1800,0.1898,"10,139",251,0.0242,"102,922","502,688","1,818","106,138",0.1743,0.9832,4.6564
8,0.1900,0.1998,"10,528",307,0.0283,"113,450","492,160","2,125","105,831",0.1770,0.9803,4.5589
9,0.2000,0.2097,"10,738",355,0.0320,"124,188","481,422","2,480","105,476",0.1797,0.9770,4.4594
10,0.2100,0.2198,"10,915",391,0.0346,"135,103","470,507","2,871","105,085",0.1826,0.9734,4.3583
11,0.2200,0.2298,"10,865",405,0.0359,"145,968","459,642","3,276","104,680",0.1855,0.9697,4.2577
12,0.2300,0.2398,"11,257",462,0.0394,"157,225","448,385","3,738","104,218",0.1886,0.9654,4.1534
13,0.2400,0.2497,"11,658",517,0.0425,"168,883","436,727","4,255","103,701",0.1919,0.9606,4.0454
14,0.2500,0.2597,"11,611",512,0.0422,"180,494","425,116","4,767","103,189",0.1953,0.9558,3.9379
15,0.2600,0.2698,"11,866",590,0.0474,"192,360","413,250","5,357","102,599",0.1989,0.9504,3.8279
16,0.2700,0.2799,"12,045",601,0.0475,"204,405","401,205","5,958","101,998",0.2027,0.9448,3.7164
17,0.2800,0.2897,"12,004",676,0.0533,"216,409","389,201","6,634","101,322",0.2066,0.9385,3.6052
18,0.2900,0.2997,"12,048",668,0.0525,"228,457","377,153","7,302","100,654",0.2107,0.9324,3.4936
19,0.3000,0.3098,"12,078",763,0.0594,"240,535","365,075","8,065","99,891",0.2148,0.9253,3.3817
20,0.3100,0.3197,"12,157",790,0.0610,"252,692","352,918","8,855","99,101",0.2192,0.9180,3.2691
21,0.3200,0.3297,"11,974",869,0.0677,"264,666","340,944","9,724","98,232",0.2237,0.9099,3.1582
22,0.3300,0.3397,"11,908",935,0.0728,"276,574","329,036","10,659","97,297",0.2282,0.9013,3.0479
23,0.3400,0.3498,"12,242",962,0.0729,"288,816","316,794","11,621","96,335",0.2332,0.8924,2.9345
24,0.3500,0.3598,"12,023",935,0.0722,"300,839","304,771","12,556","95,400",0.2384,0.8837,2.8231
25,0.3600,0.3697,"11,831","1,083",0.0839,"312,670","292,940","13,639","94,317",0.2436,0.8737,2.7135
26,0.3700,0.3798,"11,605","1,106",0.0870,"324,275","281,335","14,745","93,211",0.2489,0.8634,2.6060
27,0.3800,0.3898,"11,542","1,130",0.0892,"335,817","269,793","15,875","92,081",0.2545,0.8529,2.4991
28,0.3900,0.3998,"11,359","1,205",0.0959,"347,176","258,434","17,080","90,876",0.2602,0.8418,2.3939
29,0.4000,0.4097,"11,257","1,221",0.0979,"358,433","247,177","18,301","89,655",0.2662,0.8305,2.2896
30,0.4100,0.4197,"10,841","1,297",0.1069,"369,274","236,336","19,598","88,358",0.2721,0.8185,2.1892
31,0.4200,0.4297,"10,585","1,394",0.1164,"379,859","225,751","20,992","86,964",0.2781,0.8056,2.0911
32,0.4300,0.4397,"10,648","1,341",0.1119,"390,507","215,103","22,333","85,623",0.2847,0.7931,1.9925
33,0.4400,0.4497,"10,404","1,434",0.1211,"400,911","204,699","23,767","84,189",0.2914,0.7798,1.8961
34,0.4500,0.4598,"10,236","1,494",0.1274,"411,147","194,463","25,261","82,695",0.2984,0.7660,1.8013
35,0.4600,0.4697,"9,812","1,495",0.1322,"420,959","184,651","26,756","81,200",0.3054,0.7522,1.7104
36,0.4700,0.4798,"9,479","1,530",0.1390,"430,438","175,172","28,286","79,670",0.3126,0.7380,1.6226
37,0.4800,0.4896,"9,277","1,640",0.1502,"439,715","165,895","29,926","78,030",0.3199,0.7228,1.5367
38,0.4900,0.4997,"8,965","1,643",0.1549,"448,680","156,930","31,569","76,387",0.3274,0.7076,1.4536
39,0.5000,0.5099,"8,861","1,798",0.1687,"457,541","148,069","33,367","74,589",0.3350,0.6909,1.3716
40,0.5100,0.5198,"8,397","1,696",0.1680,"465,938","139,672","35,063","72,893",0.3429,0.6752,1.2938
41,0.5200,0.5297,"8,001","1,799",0.1836,"473,939","131,671","36,862","71,094",0.3506,0.6585,1.2197
42,0.5300,0.5398,"7,927","1,799",0.1850,"481,866","123,744","38,661","69,295",0.3590,0.6419,1.1462
43,0.5400,0.5498,"7,629","1,768",0.1881,"489,495","116,115","40,429","67,527",0.3677,0.6255,1.0756
44,0.5500,0.5598,"7,240","1,842",0.2028,"496,735","108,875","42,271","65,685",0.3763,0.6084,1.0085
45,0.5600,0.5698,"7,113","1,856",0.2069,"503,848","101,762","44,127","63,829",0.3855,0.5913,0.9426
46,0.5700,0.5798,"6,684","1,861",0.2178,"510,532","95,078","45,988","61,968",0.3946,0.5740,0.8807
47,0.5800,0.5898,"6,407","1,926",0.2311,"516,939","88,671","47,914","60,042",0.4037,0.5562,0.8214
48,0.5900,0.5998,"6,178","1,893",0.2345,"523,117","82,493","49,807","58,149",0.4135,0.5386,0.7641
49,0.6000,0.6098,"5,800","1,947",0.2513,"528,917","76,693","51,754","56,202",0.4229,0.5206,0.7104
50,0.6100,0.6198,"5,614","1,887",0.2516,"534,531","71,079","53,641","54,315",0.4332,0.5031,0.6584
51,0.6200,0.6297,"5,260","1,887",0.2640,"539,791","65,819","55,528","52,428",0.4434,0.4856,0.6097
52,0.6300,0.6398,"4,996","1,845",0.2697,"544,787","60,823","57,373","50,583",0.4540,0.4686,0.5634
53,0.6400,0.6498,"4,704","1,869",0.2843,"549,491","56,119","59,242","48,714",0.4647,0.4512,0.5198
54,0.6500,0.6599,"4,413","1,851",0.2955,"553,904","51,706","61,093","46,863",0.4754,0.4341,0.4790
55,0.6600,0.6699,"4,261","1,859",0.3038,"558,165","47,445","62,952","45,004",0.4868,0.4169,0.4395
56,0.6700,0.6797,"3,983","1,754",0.3057,"562,148","43,462","64,706","43,250",0.4988,0.4006,0.4026
57,0.6800,0.6820,"3,363","1,611",0.3239,"565,511","40,099","66,317","41,639",0.5094,0.3857,0.3714
58,0.6820,0.6898,298,200,0.4016,"565,809","39,801","66,517","41,439",0.5101,0.3839,0.3687
59,0.6900,0.6997,"3,426","1,804",0.3449,"569,235","36,375","68,321","39,635",0.5214,0.3671,0.3369
60,0.7000,0.7097,"3,090","1,778",0.3652,"572,325","33,285","70,099","37,857",0.5321,0.3507,0.3083
61,0.7100,0.7198,"2,893","1,784",0.3814,"575,218","30,392","71,883","36,073",0.5427,0.3341,0.2815
62,0.7200,0.7299,"2,767","1,679",0.3776,"577,985","27,625","73,562","34,394",0.5546,0.3186,0.2559
63,0.7300,0.7397,"2,579","1,696",0.3967,"580,564","25,046","75,258","32,698",0.5663,0.3029,0.2320
64,0.7400,0.7499,"2,410","1,705",0.4143,"582,974","22,636","76,963","30,993",0.5779,0.2871,0.2097
65,0.7500,0.7600,"2,189","1,706",0.4380,"585,163","20,447","78,669","29,287",0.5889,0.2713,0.1894
66,0.7600,0.7700,"2,016","1,644",0.4492,"587,179","18,431","80,313","27,643",0.6000,0.2561,0.1707
67,0.7700,0.7800,"1,961","1,610",0.4509,"589,140","16,470","81,923","26,033",0.6125,0.2411,0.1526
68,0.7800,0.7899,"1,756","1,544",0.4679,"590,896","14,714","83,467","24,489",0.6247,0.2268,0.1363
69,0.7900,0.8000,"1,556","1,670",0.5177,"592,452","13,158","85,137","22,819",0.6343,0.2114,0.1219
70,0.8000,0.8099,"1,488","1,583",0.5155,"593,940","11,670","86,720","21,236",0.6454,0.1967,0.1081
71,0.8100,0.8199,"1,359","1,660",0.5499,"595,299","10,311","88,380","19,576",0.6550,0.1813,0.0955
72,0.8200,0.8300,"1,246","1,533",0.5516,"596,545","9,065","89,913","18,043",0.6656,0.1671,0.0840
73,0.8300,0.8398,"1,171","1,527",0.5660,"597,716","7,894","91,440","16,516",0.6766,0.1530,0.0731
74,0.8400,0.8499,"1,073","1,539",0.5892,"598,789","6,821","92,979","14,977",0.6871,0.1387,0.0632
75,0.8500,0.8597,951,"1,525",0.6159,"599,740","5,870","94,504","13,452",0.6962,0.1246,0.0544
76,0.8600,0.8696,854,"1,417",0.6240,"600,594","5,016","95,921","12,035",0.7058,0.1115,0.0465
77,0.8700,0.8797,763,"1,429",0.6519,"601,357","4,253","97,350","10,606",0.7138,0.0982,0.0394
78,0.8800,0.8900,694,"1,380",0.6654,"602,051","3,559","98,730","9,226",0.7216,0.0855,0.0330
79,0.8900,0.8996,658,"1,314",0.6663,"602,709","2,901","100,044","7,912",0.7317,0.0733,0.0269
80,0.9000,0.9096,567,"1,256",0.6890,"603,276","2,334","101,300","6,656",0.7404,0.0617,0.0216
81,0.9100,0.9199,499,"1,183",0.7033,"603,775","1,835","102,483","5,473",0.7489,0.0507,0.0170
82,0.9200,0.9296,453,"1,086",0.7057,"604,228","1,382","103,569","4,387",0.7604,0.0406,0.0128
83,0.9300,0.9394,370,"1,060",0.7413,"604,598","1,012","104,629","3,327",0.7668,0.0308,0.0094
84,0.9400,0.9497,316,968,0.7539,"604,914",696,"105,597","2,359",0.7722,0.0219,0.0064
85,0.9500,0.9697,435,"1,299",0.7491,"605,349",261,"106,896","1,060",0.8024,0.0098,0.0024
86,0.9700,1.0000,261,"1,060",0.8024,"605,610",0,"107,956",0,nan,0.0000,0.0000
