p,Neg,Pos,$\frac{\text{Pos}}{\text{Neg}+\text{Pos}}$,TN,FP,FN,TP,Prec,Rec,$\frac{\text{FP}}{\text{P}}$
0.0,"60,561","4,293",0.07,"60,561","545,049","4,293","103,663",0.16,0.96,5.05
0.01,"1,371",125,0.08,"61,932","543,678","4,418","103,538",0.16,0.96,5.04
0.02,"1,524",144,0.09,"63,456","542,154","4,562","103,394",0.16,0.96,5.02
0.03,"1,479",133,0.08,"64,935","540,675","4,695","103,261",0.16,0.96,5.01
0.04,"1,521",116,0.07,"66,456","539,154","4,811","103,145",0.16,0.96,4.99
0.05,"1,475",147,0.09,"67,931","537,679","4,958","102,998",0.16,0.95,4.98
0.06,"1,648",118,0.07,"69,579","536,031","5,076","102,880",0.16,0.95,4.97
0.07,"1,741",149,0.08,"71,320","534,290","5,225","102,731",0.16,0.95,4.95
0.08,"1,848",153,0.08,"73,168","532,442","5,378","102,578",0.16,0.95,4.93
0.09,"1,795",166,0.08,"74,963","530,647","5,544","102,412",0.16,0.95,4.92
0.1,"1,589",158,0.09,"76,552","529,058","5,702","102,254",0.16,0.95,4.90
0.11,"1,648",153,0.08,"78,200","527,410","5,855","102,101",0.16,0.95,4.89
0.12,"1,982",166,0.08,"80,182","525,428","6,021","101,935",0.16,0.94,4.87
0.13,"1,876",149,0.07,"82,058","523,552","6,170","101,786",0.16,0.94,4.85
0.14,"2,047",174,0.08,"84,105","521,505","6,344","101,612",0.16,0.94,4.83
0.15,"1,780",162,0.08,"85,885","519,725","6,506","101,450",0.16,0.94,4.81
0.16,"1,896",155,0.08,"87,781","517,829","6,661","101,295",0.16,0.94,4.80
0.17,"1,554",148,0.09,"89,335","516,275","6,809","101,147",0.16,0.94,4.78
0.18,"2,049",217,0.10,"91,384","514,226","7,026","100,930",0.16,0.93,4.76
0.19,"1,855",191,0.09,"93,239","512,371","7,217","100,739",0.16,0.93,4.75
0.2,"1,924",162,0.08,"95,163","510,447","7,379","100,577",0.16,0.93,4.73
0.21,"1,980",199,0.09,"97,143","508,467","7,578","100,378",0.16,0.93,4.71
0.22,"1,791",198,0.10,"98,934","506,676","7,776","100,180",0.17,0.93,4.69
0.23,"1,948",197,0.09,"100,882","504,728","7,973","99,983",0.17,0.93,4.68
0.24,"2,015",213,0.10,"102,897","502,713","8,186","99,770",0.17,0.92,4.66
0.25,"2,264",237,0.09,"105,161","500,449","8,423","99,533",0.17,0.92,4.64
0.26,"1,808",207,0.10,"106,969","498,641","8,630","99,326",0.17,0.92,4.62
0.27,"2,394",253,0.10,"109,363","496,247","8,883","99,073",0.17,0.92,4.60
0.28,"2,408",265,0.10,"111,771","493,839","9,148","98,808",0.17,0.92,4.57
0.29,"2,055",229,0.10,"113,826","491,784","9,377","98,579",0.17,0.91,4.56
0.3,"2,581",276,0.10,"116,407","489,203","9,653","98,303",0.17,0.91,4.53
0.31,"2,787",287,0.09,"119,194","486,416","9,940","98,016",0.17,0.91,4.51
0.32,"2,507",240,0.09,"121,701","483,909","10,180","97,776",0.17,0.91,4.48
0.33,"2,530",209,0.08,"124,231","481,379","10,389","97,567",0.17,0.90,4.46
0.34,"3,294",319,0.09,"127,525","478,085","10,708","97,248",0.17,0.90,4.43
0.35,"2,580",265,0.09,"130,105","475,505","10,973","96,983",0.17,0.90,4.40
0.36,"3,046",312,0.09,"133,151","472,459","11,285","96,671",0.17,0.90,4.38
0.37,"3,055",295,0.09,"136,206","469,404","11,580","96,376",0.17,0.89,4.35
0.38,"3,124",289,0.08,"139,330","466,280","11,869","96,087",0.17,0.89,4.32
0.39,"3,403",359,0.10,"142,733","462,877","12,228","95,728",0.17,0.89,4.29
0.4,"3,579",348,0.09,"146,312","459,298","12,576","95,380",0.17,0.88,4.25
0.41,"3,555",318,0.08,"149,867","455,743","12,894","95,062",0.17,0.88,4.22
0.42,"2,920",369,0.11,"152,787","452,823","13,263","94,693",0.17,0.88,4.19
0.43,"3,522",364,0.09,"156,309","449,301","13,627","94,329",0.17,0.87,4.16
0.44,"3,481",369,0.10,"159,790","445,820","13,996","93,960",0.17,0.87,4.13
0.45,"3,232",313,0.09,"163,022","442,588","14,309","93,647",0.17,0.87,4.10
0.46,"3,682",356,0.09,"166,704","438,906","14,665","93,291",0.18,0.86,4.07
0.47,"3,503",390,0.10,"170,207","435,403","15,055","92,901",0.18,0.86,4.03
0.48,"3,981",418,0.10,"174,188","431,422","15,473","92,483",0.18,0.86,4.00
0.49,"3,735",420,0.10,"177,923","427,687","15,893","92,063",0.18,0.85,3.96
0.5,"4,206",440,0.09,"182,129","423,481","16,333","91,623",0.18,0.85,3.92
0.51,"4,582",462,0.09,"186,711","418,899","16,795","91,161",0.18,0.84,3.88
0.52,"4,556",492,0.10,"191,267","414,343","17,287","90,669",0.18,0.84,3.84
0.53,"4,823",565,0.10,"196,090","409,520","17,852","90,104",0.18,0.83,3.79
0.54,"4,101",471,0.10,"200,191","405,419","18,323","89,633",0.18,0.83,3.76
0.55,"5,231",561,0.10,"205,422","400,188","18,884","89,072",0.18,0.83,3.71
0.56,"4,627",567,0.11,"210,049","395,561","19,451","88,505",0.18,0.82,3.66
0.57,"4,735",586,0.11,"214,784","390,826","20,037","87,919",0.18,0.81,3.62
0.58,"4,431",571,0.11,"219,215","386,395","20,608","87,348",0.18,0.81,3.58
0.59,"5,460",676,0.11,"224,675","380,935","21,284","86,672",0.19,0.80,3.53
0.6,"5,110",613,0.11,"229,785","375,825","21,897","86,059",0.19,0.80,3.48
0.61,"5,358",660,0.11,"235,143","370,467","22,557","85,399",0.19,0.79,3.43
0.62,"5,059",657,0.11,"240,202","365,408","23,214","84,742",0.19,0.78,3.38
0.63,"5,613",740,0.12,"245,815","359,795","23,954","84,002",0.19,0.78,3.33
0.64,"6,134",832,0.12,"251,949","353,661","24,786","83,170",0.19,0.77,3.28
0.65,"5,213",706,0.12,"257,162","348,448","25,492","82,464",0.19,0.76,3.23
0.66,"5,862",792,0.12,"263,024","342,586","26,284","81,672",0.19,0.76,3.17
0.67,"6,109",840,0.12,"269,133","336,477","27,124","80,832",0.19,0.75,3.12
0.68,"6,346",865,0.12,"275,479","330,131","27,989","79,967",0.19,0.74,3.06
0.69,"6,410","1,000",0.13,"281,889","323,721","28,989","78,967",0.20,0.73,3.00
0.7,"6,504","1,004",0.13,"288,393","317,217","29,993","77,963",0.20,0.72,2.94
0.71,"7,375","1,077",0.13,"295,768","309,842","31,070","76,886",0.20,0.71,2.87
0.72,"7,609","1,081",0.12,"303,377","302,233","32,151","75,805",0.20,0.70,2.80
0.73,"7,313","1,132",0.13,"310,690","294,920","33,283","74,673",0.20,0.69,2.73
0.74,"8,326","1,331",0.14,"319,016","286,594","34,614","73,342",0.20,0.68,2.65
0.75,"8,482","1,340",0.14,"327,498","278,112","35,954","72,002",0.21,0.67,2.58
0.76,"8,972","1,463",0.14,"336,470","269,140","37,417","70,539",0.21,0.65,2.49
0.77,"9,546","1,570",0.14,"346,016","259,594","38,987","68,969",0.21,0.64,2.40
0.78,"9,410","1,505",0.14,"355,426","250,184","40,492","67,464",0.21,0.62,2.32
0.79,"10,639","1,757",0.14,"366,065","239,545","42,249","65,707",0.22,0.61,2.22
0.8,"10,043","1,768",0.15,"376,108","229,502","44,017","63,939",0.22,0.59,2.13
0.81,"10,387","1,822",0.15,"386,495","219,115","45,839","62,117",0.22,0.58,2.03
0.82,"11,447","2,085",0.15,"397,942","207,668","47,924","60,032",0.22,0.56,1.92
0.83,"10,718","1,977",0.16,"408,660","196,950","49,901","58,055",0.23,0.54,1.82
0.84,"10,888","2,067",0.16,"419,548","186,062","51,968","55,988",0.23,0.52,1.72
0.85,"12,127","2,370",0.16,"431,675","173,935","54,338","53,618",0.24,0.50,1.61
0.86,"12,320","2,379",0.16,"443,995","161,615","56,717","51,239",0.24,0.47,1.50
0.87,"12,156","2,440",0.17,"456,151","149,459","59,157","48,799",0.25,0.45,1.38
0.88,"10,585","2,320",0.18,"466,736","138,874","61,477","46,479",0.25,0.43,1.29
0.89,"11,371","2,545",0.18,"478,107","127,503","64,022","43,934",0.26,0.41,1.18
0.9,"11,629","2,720",0.19,"489,736","115,874","66,742","41,214",0.26,0.38,1.07
0.91,"11,812","3,002",0.20,"501,548","104,062","69,744","38,212",0.27,0.35,0.96
0.92,"10,936","2,825",0.21,"512,484","93,126","72,569","35,387",0.28,0.33,0.86
0.93,"11,164","3,124",0.22,"523,648","81,962","75,693","32,263",0.28,0.30,0.76
0.94,"10,677","3,185",0.23,"534,325","71,285","78,878","29,078",0.29,0.27,0.66
0.95,"10,312","3,127",0.23,"544,637","60,973","82,005","25,951",0.30,0.24,0.56
0.96,"9,567","3,240",0.25,"554,204","51,406","85,245","22,711",0.31,0.21,0.48
0.97,"9,329","3,302",0.26,"563,533","42,077","88,547","19,409",0.32,0.18,0.39
0.98,"8,758","3,126",0.26,"572,291","33,319","91,673","16,283",0.33,0.15,0.31
0.99,"7,382","2,799",0.27,"579,673","25,937","94,472","13,484",0.34,0.12,0.24
1.0,"25,937","13,484",0.34,"605,610",0,"107,956",0,nan,0.00,0.00
