p,Neg,Pos,mPrec,TN,FP,FN,TP,Prec,Rec,FP/P,$\hat{p}$
0.0,"3,667",129,0.03,"3,667","601,943",129,"107,827",0.15,1.00,5.58,0.99
0.1,"28,842","1,659",0.05,"32,509","573,101","1,788","106,168",0.16,0.98,5.31,0.95
0.2,"50,238","3,410",0.06,"82,747","522,863","5,198","102,758",0.16,0.95,4.84,0.88
0.3,"75,829","6,363",0.08,"158,576","447,034","11,561","96,395",0.18,0.89,4.14,0.76
0.4,"90,508","10,380",0.10,"249,084","356,526","21,941","86,015",0.19,0.80,3.30,0.62
0.5,"112,387","16,603",0.13,"361,471","244,139","38,544","69,412",0.22,0.64,2.26,0.44
0.6,"100,626","20,007",0.17,"462,097","143,513","58,551","49,405",0.26,0.46,1.33,0.27
0.7,"76,726","20,986",0.21,"538,823","66,787","79,537","28,419",0.30,0.26,0.62,0.13
0.8,"45,311","16,371",0.27,"584,134","21,476","95,908","12,048",0.36,0.11,0.20,0.05
0.9,"17,157","8,579",0.33,"601,291","4,319","104,487","3,469",0.45,0.03,0.04,0.01
1.0,"4,319","3,469",0.45,"605,610",0,"107,956",0,nan,0.00,0.00,0.00
