p,Neg,Pos,mPrec,TN,FP,FN,TP,Prec,Rec,FP/P,$\hat{p}$
0.0,"3,588",127,0.03,"3,588","602,022",127,"107,829",0.15,1.00,5.58,0.99
0.01,"3,116",169,0.05,"6,704","598,906",296,"107,660",0.15,1.00,5.55,0.99
0.02,"2,712",146,0.05,"9,416","596,194",442,"107,514",0.15,1.00,5.52,0.99
0.03,"2,548",148,0.05,"11,964","593,646",590,"107,366",0.15,0.99,5.50,0.98
0.04,"2,471",160,0.06,"14,435","591,175",750,"107,206",0.15,0.99,5.48,0.98
0.05,"2,543",163,0.06,"16,978","588,632",913,"107,043",0.15,0.99,5.45,0.97
0.06,"2,826",141,0.05,"19,804","585,806","1,054","106,902",0.15,0.99,5.43,0.97
0.07,"2,912",181,0.06,"22,716","582,894","1,235","106,721",0.15,0.99,5.40,0.97
0.08,"2,658",176,0.06,"25,374","580,236","1,411","106,545",0.16,0.99,5.37,0.96
0.09,"3,215",202,0.06,"28,589","577,021","1,613","106,343",0.16,0.99,5.34,0.96
0.1,"3,666",216,0.06,"32,255","573,355","1,829","106,127",0.16,0.98,5.31,0.95
0.11,"4,220",228,0.05,"36,475","569,135","2,057","105,899",0.16,0.98,5.27,0.95
0.12,"3,664",222,0.06,"40,139","565,471","2,279","105,677",0.16,0.98,5.24,0.94
0.13,"3,834",258,0.06,"43,973","561,637","2,537","105,419",0.16,0.98,5.20,0.93
0.14,"4,227",287,0.06,"48,200","557,410","2,824","105,132",0.16,0.97,5.16,0.93
0.15,"4,815",315,0.06,"53,015","552,595","3,139","104,817",0.16,0.97,5.12,0.92
0.16,"5,393",339,0.06,"58,408","547,202","3,478","104,478",0.16,0.97,5.07,0.91
0.17,"5,332",381,0.07,"63,740","541,870","3,859","104,097",0.16,0.96,5.02,0.91
0.18,"6,552",482,0.07,"70,292","535,318","4,341","103,615",0.16,0.96,4.96,0.90
0.19,"6,561",446,0.06,"76,853","528,757","4,787","103,169",0.16,0.96,4.90,0.89
0.2,"6,465",476,0.07,"83,318","522,292","5,263","102,693",0.16,0.95,4.84,0.88
0.21,"6,654",473,0.07,"89,972","515,638","5,736","102,220",0.17,0.95,4.78,0.87
0.22,"5,949",459,0.07,"95,921","509,689","6,195","101,761",0.17,0.94,4.72,0.86
0.23,"7,228",540,0.07,"103,149","502,461","6,735","101,221",0.17,0.94,4.65,0.85
0.24,"7,077",577,0.08,"110,226","495,384","7,312","100,644",0.17,0.93,4.59,0.84
0.25,"7,943",666,0.08,"118,169","487,441","7,978","99,978",0.17,0.93,4.52,0.82
0.26,"8,271",691,0.08,"126,440","479,170","8,669","99,287",0.17,0.92,4.44,0.81
0.27,"7,800",669,0.08,"134,240","471,370","9,338","98,618",0.17,0.91,4.37,0.80
0.28,"7,814",706,0.08,"142,054","463,556","10,044","97,912",0.17,0.91,4.29,0.79
0.29,"8,516",796,0.09,"150,570","455,040","10,840","97,116",0.18,0.90,4.22,0.77
0.3,"8,349",686,0.08,"158,919","446,691","11,526","96,430",0.18,0.89,4.14,0.76
0.31,"7,738",777,0.09,"166,657","438,953","12,303","95,653",0.18,0.89,4.07,0.75
0.32,"8,659",867,0.09,"175,316","430,294","13,170","94,786",0.18,0.88,3.99,0.74
0.33,"8,157",859,0.10,"183,473","422,137","14,029","93,927",0.18,0.87,3.91,0.72
0.34,"8,667",937,0.10,"192,140","413,470","14,966","92,990",0.18,0.86,3.83,0.71
0.35,"8,445",976,0.10,"200,585","405,025","15,942","92,014",0.19,0.85,3.75,0.70
0.36,"9,256","1,054",0.10,"209,841","395,769","16,996","90,960",0.19,0.84,3.67,0.68
0.37,"8,858","1,088",0.11,"218,699","386,911","18,084","89,872",0.19,0.83,3.58,0.67
0.38,"9,899","1,225",0.11,"228,598","377,012","19,309","88,647",0.19,0.82,3.49,0.65
0.39,"10,178","1,279",0.11,"238,776","366,834","20,588","87,368",0.19,0.81,3.40,0.64
0.4,"10,514","1,408",0.12,"249,290","356,320","21,996","85,960",0.19,0.80,3.30,0.62
0.41,"10,451","1,383",0.12,"259,741","345,869","23,379","84,577",0.20,0.78,3.20,0.60
0.42,"10,838","1,439",0.12,"270,579","335,031","24,818","83,138",0.20,0.77,3.10,0.59
0.43,"10,518","1,487",0.12,"281,097","324,513","26,305","81,651",0.20,0.76,3.01,0.57
0.44,"11,742","1,646",0.12,"292,839","312,771","27,951","80,005",0.20,0.74,2.90,0.55
0.45,"12,272","1,786",0.13,"305,111","300,499","29,737","78,219",0.21,0.72,2.78,0.53
0.46,"12,173","1,832",0.13,"317,284","288,326","31,569","76,387",0.21,0.71,2.67,0.51
0.47,"10,756","1,632",0.13,"328,040","277,570","33,201","74,755",0.21,0.69,2.57,0.49
0.48,"10,951","1,765",0.14,"338,991","266,619","34,966","72,990",0.21,0.68,2.47,0.48
0.49,"11,094","1,736",0.14,"350,085","255,525","36,702","71,254",0.22,0.66,2.37,0.46
0.5,"11,057","1,851",0.14,"361,142","244,468","38,553","69,403",0.22,0.64,2.26,0.44
0.51,"11,947","1,999",0.14,"373,089","232,521","40,552","67,404",0.22,0.62,2.15,0.42
0.52,"10,452","1,842",0.15,"383,541","222,069","42,394","65,562",0.23,0.61,2.06,0.40
0.53,"11,420","2,066",0.15,"394,961","210,649","44,460","63,496",0.23,0.59,1.95,0.38
0.54,"10,013","1,825",0.15,"404,974","200,636","46,285","61,671",0.24,0.57,1.86,0.37
0.55,"10,238","2,049",0.17,"415,212","190,398","48,334","59,622",0.24,0.55,1.76,0.35
0.56,"10,120","2,064",0.17,"425,332","180,278","50,398","57,558",0.24,0.53,1.67,0.33
0.57,"9,160","1,841",0.17,"434,492","171,118","52,239","55,717",0.25,0.52,1.59,0.32
0.58,"9,397","2,003",0.18,"443,889","161,721","54,242","53,714",0.25,0.50,1.50,0.30
0.59,"9,418","2,167",0.19,"453,307","152,303","56,409","51,547",0.25,0.48,1.41,0.29
0.6,"8,811","2,072",0.19,"462,118","143,492","58,481","49,475",0.26,0.46,1.33,0.27
0.61,"8,747","2,035",0.19,"470,865","134,745","60,516","47,440",0.26,0.44,1.25,0.26
0.62,"8,532","2,080",0.20,"479,397","126,213","62,596","45,360",0.26,0.42,1.17,0.24
0.63,"9,142","2,272",0.20,"488,539","117,071","64,868","43,088",0.27,0.40,1.08,0.22
0.64,"7,967","2,143",0.21,"496,506","109,104","67,011","40,945",0.27,0.38,1.01,0.21
0.65,"7,971","2,156",0.21,"504,477","101,133","69,167","38,789",0.28,0.36,0.94,0.20
0.66,"7,637","2,059",0.21,"512,114","93,496","71,226","36,730",0.28,0.34,0.87,0.18
0.67,"7,438","2,272",0.23,"519,552","86,058","73,498","34,458",0.29,0.32,0.80,0.17
0.68,"6,993","2,059",0.23,"526,545","79,065","75,557","32,399",0.29,0.30,0.73,0.16
0.69,"6,432","1,947",0.23,"532,977","72,633","77,504","30,452",0.30,0.28,0.67,0.14
0.7,"6,593","2,115",0.24,"539,570","66,040","79,619","28,337",0.30,0.26,0.61,0.13
0.71,"6,138","1,965",0.24,"545,708","59,902","81,584","26,372",0.31,0.24,0.55,0.12
0.72,"5,879","1,923",0.25,"551,587","54,023","83,507","24,449",0.31,0.23,0.50,0.11
0.73,"5,222","1,845",0.26,"556,809","48,801","85,352","22,604",0.32,0.21,0.45,0.10
0.74,"4,836","1,756",0.27,"561,645","43,965","87,108","20,848",0.32,0.19,0.41,0.09
0.75,"4,391","1,647",0.27,"566,036","39,574","88,755","19,201",0.33,0.18,0.37,0.08
0.76,"4,149","1,575",0.28,"570,185","35,425","90,330","17,626",0.33,0.16,0.33,0.07
0.77,"4,286","1,715",0.29,"574,471","31,139","92,045","15,911",0.34,0.15,0.29,0.07
0.78,"3,601","1,407",0.28,"578,072","27,538","93,452","14,504",0.34,0.13,0.26,0.06
0.79,"3,063","1,200",0.28,"581,135","24,475","94,652","13,304",0.35,0.12,0.23,0.05
0.8,"3,046","1,278",0.30,"584,181","21,429","95,930","12,026",0.36,0.11,0.20,0.05
0.81,"2,454","1,071",0.30,"586,635","18,975","97,001","10,955",0.37,0.10,0.18,0.04
0.82,"2,467","1,122",0.31,"589,102","16,508","98,123","9,833",0.37,0.09,0.15,0.04
0.83,"2,228","1,061",0.32,"591,330","14,280","99,184","8,772",0.38,0.08,0.13,0.03
0.84,"2,055",959,0.32,"593,385","12,225","100,143","7,813",0.39,0.07,0.11,0.03
0.85,"1,905",878,0.32,"595,290","10,320","101,021","6,935",0.40,0.06,0.10,0.02
0.86,"1,510",825,0.35,"596,800","8,810","101,846","6,110",0.41,0.06,0.08,0.02
0.87,"1,250",690,0.36,"598,050","7,560","102,536","5,420",0.42,0.05,0.07,0.02
0.88,"1,217",692,0.36,"599,267","6,343","103,228","4,728",0.43,0.04,0.06,0.02
0.89,"1,063",645,0.38,"600,330","5,280","103,873","4,083",0.44,0.04,0.05,0.01
0.9,982,588,0.37,"601,312","4,298","104,461","3,495",0.45,0.03,0.04,0.01
0.91,832,541,0.39,"602,144","3,466","105,002","2,954",0.46,0.03,0.03,0.01
0.92,726,478,0.40,"602,870","2,740","105,480","2,476",0.47,0.02,0.03,0.01
0.93,609,474,0.44,"603,479","2,131","105,954","2,002",0.48,0.02,0.02,0.01
0.94,562,435,0.44,"604,041","1,569","106,389","1,567",0.50,0.01,0.01,0.00
0.95,440,356,0.45,"604,481","1,129","106,745","1,211",0.52,0.01,0.01,0.00
0.96,358,304,0.46,"604,839",771,"107,049",907,0.54,0.01,0.01,0.00
0.97,263,252,0.49,"605,102",508,"107,301",655,0.56,0.01,0.00,0.00
0.98,211,249,0.54,"605,313",297,"107,550",406,0.58,0.00,0.00,0.00
0.99,144,186,0.56,"605,457",153,"107,736",220,0.59,0.00,0.00,0.00
1.0,153,220,0.59,"605,610",0,"107,956",0,nan,0.00,0.00,0.00
