p,Neg,Pos,mPrec,TN,FP,FN,TP,Prec,Rec,FP/P,$\hat{p}$
0.0,534,1,0.00,534,"605,076",1,"107,955",0.15,1.00,5.60,1.00
0.1,"30,992",357,0.01,"31,526","574,084",358,"107,598",0.16,1.00,5.32,0.96
0.2,"81,887","1,855",0.02,"113,413","492,197","2,213","105,743",0.18,0.98,4.56,0.84
0.3,"108,962","4,797",0.04,"222,375","383,235","7,010","100,946",0.21,0.94,3.55,0.68
0.4,"115,617","9,151",0.07,"337,992","267,618","16,161","91,795",0.26,0.85,2.48,0.50
0.5,"103,823","14,043",0.12,"441,815","163,795","30,204","77,752",0.32,0.72,1.52,0.34
0.6,"78,807","18,373",0.19,"520,622","84,988","48,577","59,379",0.41,0.55,0.79,0.20
0.7,"48,810","19,428",0.28,"569,432","36,178","68,005","39,951",0.52,0.37,0.34,0.11
0.8,"23,993","17,807",0.43,"593,425","12,185","85,812","22,144",0.65,0.21,0.11,0.05
0.9,"9,785","15,146",0.61,"603,210","2,400","100,958","6,998",0.74,0.06,0.02,0.01
1.0,"2,400","6,998",0.74,"605,610",0,"107,956",0,nan,0.00,0.00,0.00
