,min,max,Neg,Pos,$\frac{\text{Pos}}{\text{Neg}+\text{Pos}}$,TN,FP,FN,TP,Prec,Rec,FP/P
0,0.0000,0.0363,"13,574",694,0.0486,"13,574","592,036",694,"107,262",0.1534,0.9936,5.4840
1,0.0363,0.0926,"16,421","1,000",0.0574,"29,995","575,615","1,694","106,262",0.1558,0.9843,5.3319
2,0.0927,0.1355,"16,389","1,000",0.0575,"46,384","559,226","2,694","105,262",0.1584,0.9750,5.1801
3,0.1355,0.1666,"15,300","1,000",0.0613,"61,684","543,926","3,694","104,262",0.1609,0.9658,5.0384
4,0.1666,0.1908,"14,890","1,000",0.0629,"76,574","529,036","4,694","103,262",0.1633,0.9565,4.9005
5,0.1908,0.2126,"13,938","1,000",0.0669,"90,512","515,098","5,694","102,262",0.1656,0.9473,4.7714
6,0.2126,0.2304,"12,332","1,004",0.0753,"102,844","502,766","6,698","101,258",0.1676,0.9380,4.6571
7,0.2304,0.2472,"12,596","1,000",0.0736,"115,440","490,170","7,698","100,258",0.1698,0.9287,4.5405
8,0.2472,0.2619,"12,065","1,000",0.0765,"127,505","478,105","8,698","99,258",0.1719,0.9194,4.4287
9,0.2619,0.2767,"11,584","1,000",0.0795,"139,089","466,521","9,698","98,258",0.1740,0.9102,4.3214
10,0.2767,0.2891,"10,385","1,001",0.0879,"149,474","456,136","10,699","97,257",0.1757,0.9009,4.2252
11,0.2891,0.3022,"10,521","1,000",0.0868,"159,995","445,615","11,699","96,257",0.1776,0.8916,4.1277
12,0.3022,0.3136,"10,009","1,000",0.0908,"170,004","435,606","12,699","95,257",0.1794,0.8824,4.0350
13,0.3137,0.3253,"9,971","1,000",0.0911,"179,975","425,635","13,699","94,257",0.1813,0.8731,3.9427
14,0.3253,0.3360,"8,999","1,002",0.1002,"188,974","416,636","14,701","93,255",0.1829,0.8638,3.8593
15,0.3361,0.3467,"8,785","1,001",0.1023,"197,759","407,851","15,702","92,254",0.1845,0.8546,3.7779
16,0.3467,0.3567,"8,939","1,004",0.1010,"206,698","398,912","16,706","91,250",0.1862,0.8453,3.6951
17,0.3567,0.3663,"8,879","1,000",0.1012,"215,577","390,033","17,706","90,250",0.1879,0.8360,3.6129
18,0.3663,0.3745,"7,806","1,000",0.1136,"223,383","382,227","18,706","89,250",0.1893,0.8267,3.5406
19,0.3745,0.3835,"8,198","1,003",0.1090,"231,581","374,029","19,709","88,247",0.1909,0.8174,3.4646
20,0.3835,0.3913,"7,706","1,001",0.1150,"239,287","366,323","20,710","87,246",0.1924,0.8082,3.3933
21,0.3913,0.3989,"7,758","1,002",0.1144,"247,045","358,565","21,712","86,244",0.1939,0.7989,3.3214
22,0.3989,0.4059,"7,382","1,000",0.1193,"254,427","351,183","22,712","85,244",0.1953,0.7896,3.2530
23,0.4059,0.4124,"7,263","1,001",0.1211,"261,690","343,920","23,713","84,243",0.1968,0.7803,3.1857
24,0.4124,0.4200,"8,143","1,003",0.1097,"269,833","335,777","24,716","83,240",0.1987,0.7711,3.1103
25,0.4200,0.4264,"7,063","1,000",0.1240,"276,896","328,714","25,716","82,240",0.2001,0.7618,3.0449
26,0.4264,0.4324,"6,961","1,000",0.1256,"283,857","321,753","26,716","81,240",0.2016,0.7525,2.9804
27,0.4324,0.4384,"7,205","1,000",0.1219,"291,062","314,548","27,716","80,240",0.2032,0.7433,2.9137
28,0.4384,0.4448,"7,540","1,000",0.1171,"298,602","307,008","28,716","79,240",0.2052,0.7340,2.8438
29,0.4448,0.4507,"6,773","1,000",0.1287,"305,375","300,235","29,716","78,240",0.2067,0.7247,2.7811
30,0.4507,0.4568,"6,530","1,000",0.1328,"311,905","293,705","30,716","77,240",0.2082,0.7155,2.7206
31,0.4568,0.4623,"6,198","1,001",0.1390,"318,103","287,507","31,717","76,239",0.2096,0.7062,2.6632
32,0.4623,0.4682,"6,525","1,000",0.1329,"324,628","280,982","32,717","75,239",0.2112,0.6969,2.6027
33,0.4682,0.4736,"6,419","1,001",0.1349,"331,047","274,563","33,718","74,238",0.2128,0.6877,2.5433
34,0.4736,0.4786,"6,020","1,001",0.1426,"337,067","268,543","34,719","73,237",0.2143,0.6784,2.4875
35,0.4786,0.4835,"6,293","1,005",0.1377,"343,360","262,250","35,724","72,232",0.2160,0.6691,2.4292
36,0.4835,0.4889,"6,113","1,000",0.1406,"349,473","256,137","36,724","71,232",0.2176,0.6598,2.3726
37,0.4889,0.4941,"5,920","1,000",0.1445,"355,393","250,217","37,724","70,232",0.2192,0.6506,2.3178
38,0.4942,0.4989,"5,598","1,003",0.1519,"360,991","244,619","38,727","69,229",0.2206,0.6413,2.2659
39,0.4989,0.5043,"5,921","1,000",0.1445,"366,912","238,698","39,727","68,229",0.2223,0.6320,2.2111
40,0.5043,0.5093,"6,025","1,000",0.1423,"372,937","232,673","40,727","67,229",0.2242,0.6227,2.1553
41,0.5094,0.5143,"5,711","1,000",0.1490,"378,648","226,962","41,727","66,229",0.2259,0.6135,2.1024
42,0.5143,0.5190,"5,534","1,006",0.1538,"384,182","221,428","42,733","65,223",0.2275,0.6042,2.0511
43,0.5190,0.5247,"5,891","1,000",0.1451,"390,073","215,537","43,733","64,223",0.2296,0.5949,1.9965
44,0.5247,0.5299,"5,174","1,001",0.1621,"395,247","210,363","44,734","63,222",0.2311,0.5856,1.9486
45,0.5299,0.5349,"5,441","1,005",0.1559,"400,688","204,922","45,739","62,217",0.2329,0.5763,1.8982
46,0.5349,0.5402,"5,215","1,000",0.1609,"405,903","199,707","46,739","61,217",0.2346,0.5671,1.8499
47,0.5402,0.5457,"5,238","1,004",0.1608,"411,141","194,469","47,743","60,213",0.2364,0.5578,1.8014
48,0.5457,0.5508,"5,412","1,003",0.1564,"416,553","189,057","48,746","59,210",0.2385,0.5485,1.7512
49,0.5508,0.5559,"5,019","1,002",0.1664,"421,572","184,038","49,748","58,208",0.2403,0.5392,1.7048
50,0.5559,0.5616,"5,048","1,002",0.1656,"426,620","178,990","50,750","57,206",0.2422,0.5299,1.6580
51,0.5616,0.5665,"4,701","1,000",0.1754,"431,321","174,289","51,750","56,206",0.2438,0.5206,1.6144
52,0.5665,0.5714,"4,560","1,005",0.1806,"435,881","169,729","52,755","55,201",0.2454,0.5113,1.5722
53,0.5714,0.5758,"4,865","1,003",0.1709,"440,746","164,864","53,758","54,198",0.2474,0.5020,1.5271
54,0.5758,0.5807,"4,528","1,000",0.1809,"445,274","160,336","54,758","53,198",0.2491,0.4928,1.4852
55,0.5807,0.5854,"4,367","1,000",0.1863,"449,641","155,969","55,758","52,198",0.2508,0.4835,1.4447
56,0.5854,0.5903,"4,428","1,000",0.1842,"454,069","151,541","56,758","51,198",0.2525,0.4742,1.4037
57,0.5903,0.5953,"4,261","1,000",0.1901,"458,330","147,280","57,758","50,198",0.2542,0.4650,1.3643
58,0.5953,0.6000,"4,653","1,001",0.1770,"462,983","142,627","58,759","49,197",0.2565,0.4557,1.3212
59,0.6000,0.6048,"4,290","1,000",0.1890,"467,273","138,337","59,759","48,197",0.2584,0.4465,1.2814
60,0.6048,0.6095,"4,034","1,001",0.1988,"471,307","134,303","60,760","47,196",0.2600,0.4372,1.2441
61,0.6095,0.6136,"3,965","1,003",0.2019,"475,272","130,338","61,763","46,193",0.2617,0.4279,1.2073
62,0.6136,0.6187,"4,055","1,001",0.1980,"479,327","126,283","62,764","45,192",0.2635,0.4186,1.1698
63,0.6187,0.6235,"4,022","1,000",0.1991,"483,349","122,261","63,764","44,192",0.2655,0.4094,1.1325
64,0.6235,0.6283,"3,766","1,002",0.2102,"487,115","118,495","64,766","43,190",0.2671,0.4001,1.0976
65,0.6284,0.6329,"3,964","1,005",0.2023,"491,079","114,531","65,771","42,185",0.2692,0.3908,1.0609
66,0.6329,0.6380,"3,840","1,000",0.2066,"494,919","110,691","66,771","41,185",0.2712,0.3815,1.0253
67,0.6380,0.6427,"3,795","1,000",0.2086,"498,714","106,896","67,771","40,185",0.2732,0.3722,0.9902
68,0.6427,0.6477,"3,779","1,000",0.2092,"502,493","103,117","68,771","39,185",0.2754,0.3630,0.9552
69,0.6477,0.6529,"3,876","1,005",0.2059,"506,369","99,241","69,776","38,180",0.2778,0.3537,0.9193
70,0.6529,0.6575,"3,822","1,001",0.2075,"510,191","95,419","70,777","37,179",0.2804,0.3444,0.8839
71,0.6575,0.6627,"3,451","1,000",0.2247,"513,642","91,968","71,777","36,179",0.2823,0.3351,0.8519
72,0.6627,0.6671,"3,301","1,001",0.2327,"516,943","88,667","72,778","35,178",0.2840,0.3259,0.8213
73,0.6671,0.6718,"3,430","1,000",0.2257,"520,373","85,237","73,778","34,178",0.2862,0.3166,0.7896
74,0.6718,0.6767,"3,434","1,000",0.2255,"523,807","81,803","74,778","33,178",0.2886,0.3073,0.7577
75,0.6767,0.6815,"3,204","1,001",0.2380,"527,011","78,599","75,779","32,177",0.2905,0.2981,0.7281
76,0.6815,0.6863,"3,172","1,000",0.2397,"530,183","75,427","76,779","31,177",0.2925,0.2888,0.6987
77,0.6863,0.6911,"3,367","1,000",0.2290,"533,550","72,060","77,779","30,177",0.2952,0.2795,0.6675
78,0.6912,0.6960,"3,184","1,002",0.2394,"536,734","68,876","78,781","29,175",0.2975,0.2702,0.6380
79,0.6961,0.7008,"3,012","1,000",0.2493,"539,746","65,864","79,781","28,175",0.2996,0.2610,0.6101
80,0.7008,0.7061,"3,258","1,002",0.2352,"543,004","62,606","80,783","27,173",0.3027,0.2517,0.5799
81,0.7061,0.7113,"3,096","1,003",0.2447,"546,100","59,510","81,786","26,170",0.3054,0.2424,0.5512
82,0.7113,0.7164,"2,934","1,002",0.2546,"549,034","56,576","82,788","25,168",0.3079,0.2331,0.5241
83,0.7164,0.7213,"2,850","1,000",0.2597,"551,884","53,726","83,788","24,168",0.3103,0.2239,0.4977
84,0.7213,0.7270,"2,859","1,000",0.2591,"554,743","50,867","84,788","23,168",0.3129,0.2146,0.4712
85,0.7270,0.7324,"2,873","1,001",0.2584,"557,616","47,994","85,789","22,167",0.3159,0.2053,0.4446
86,0.7324,0.7382,"2,728","1,002",0.2686,"560,344","45,266","86,791","21,165",0.3186,0.1961,0.4193
87,0.7382,0.7441,"2,855","1,000",0.2594,"563,199","42,411","87,791","20,165",0.3222,0.1868,0.3929
88,0.7442,0.7501,"2,789","1,000",0.2639,"565,988","39,622","88,791","19,165",0.3260,0.1775,0.3670
89,0.7501,0.7564,"2,829","1,001",0.2614,"568,817","36,793","89,792","18,164",0.3305,0.1683,0.3408
90,0.7564,0.7628,"2,706","1,000",0.2698,"571,523","34,087","90,792","17,164",0.3349,0.1590,0.3157
91,0.7628,0.7704,"2,858","1,000",0.2592,"574,381","31,229","91,792","16,164",0.3411,0.1497,0.2893
92,0.7704,0.7773,"2,581","1,001",0.2795,"576,962","28,648","92,793","15,163",0.3461,0.1405,0.2654
93,0.7773,0.7846,"2,372","1,001",0.2968,"579,334","26,276","93,794","14,162",0.3502,0.1312,0.2434
94,0.7846,0.7920,"2,341","1,000",0.2993,"581,675","23,935","94,794","13,162",0.3548,0.1219,0.2217
95,0.7920,0.8000,"2,444","1,000",0.2904,"584,119","21,491","95,794","12,162",0.3614,0.1127,0.1991
96,0.8000,0.8083,"2,298","1,000",0.3032,"586,417","19,193","96,794","11,162",0.3677,0.1034,0.1778
97,0.8083,0.8181,"2,345","1,000",0.2990,"588,762","16,848","97,794","10,162",0.3762,0.0941,0.1561
98,0.8181,0.8279,"2,255","1,000",0.3072,"591,017","14,593","98,794","9,162",0.3857,0.0849,0.1352
99,0.8279,0.8381,"2,027","1,000",0.3304,"593,044","12,566","99,794","8,162",0.3938,0.0756,0.1164
100,0.8381,0.8487,"1,927","1,000",0.3416,"594,971","10,639","100,794","7,162",0.4023,0.0663,0.0985
101,0.8487,0.8614,"1,863","1,000",0.3493,"596,834","8,776","101,794","6,162",0.4125,0.0571,0.0813
102,0.8614,0.8752,"1,846","1,001",0.3516,"598,680","6,930","102,795","5,161",0.4268,0.0478,0.0642
103,0.8752,0.8900,"1,699","1,000",0.3705,"600,379","5,231","103,795","4,161",0.4430,0.0385,0.0485
104,0.8900,0.9069,"1,571","1,001",0.3892,"601,950","3,660","104,796","3,160",0.4633,0.0293,0.0339
105,0.9069,0.9271,"1,388","1,000",0.4188,"603,338","2,272","105,796","2,160",0.4874,0.0200,0.0210
106,0.9271,0.9535,"1,272","1,000",0.4401,"604,610","1,000","106,796","1,160",0.5370,0.0107,0.0093
107,0.9535,1.0000,"1,000","1,160",0.5370,"605,610",0,"107,956",0,nan,0.0000,0.0000
