p,Neg,Pos,mPrec,TN,FP,FN,TP,Prec,Rec,FP/P,$\hat{p}$
0.0,"15,142",830,0.05,"15,142","590,468",830,"107,126",0.15,0.99,5.47,0.98
0.01,"1,604",100,0.06,"16,746","588,864",930,"107,026",0.15,0.99,5.45,0.98
0.02,"1,606",102,0.06,"18,352","587,258","1,032","106,924",0.15,0.99,5.44,0.97
0.03,"1,654",109,0.06,"20,006","585,604","1,141","106,815",0.15,0.99,5.42,0.97
0.04,"1,526",100,0.06,"21,532","584,078","1,241","106,715",0.15,0.99,5.41,0.97
0.05,"1,491",123,0.08,"23,023","582,587","1,364","106,592",0.15,0.99,5.40,0.97
0.06,"1,591",92,0.05,"24,614","580,996","1,456","106,500",0.15,0.99,5.38,0.96
0.07,"1,604",109,0.06,"26,218","579,392","1,565","106,391",0.16,0.99,5.37,0.96
0.08,"1,569",98,0.06,"27,787","577,823","1,663","106,293",0.16,0.98,5.35,0.96
0.09,"1,635",123,0.07,"29,422","576,188","1,786","106,170",0.16,0.98,5.34,0.96
0.1,"1,639",124,0.07,"31,061","574,549","1,910","106,046",0.16,0.98,5.32,0.95
0.11,"1,637",118,0.07,"32,698","572,912","2,028","105,928",0.16,0.98,5.31,0.95
0.12,"1,595",139,0.08,"34,293","571,317","2,167","105,789",0.16,0.98,5.29,0.95
0.13,"1,683",149,0.08,"35,976","569,634","2,316","105,640",0.16,0.98,5.28,0.95
0.14,"1,610",151,0.09,"37,586","568,024","2,467","105,489",0.16,0.98,5.26,0.94
0.15,"1,715",116,0.06,"39,301","566,309","2,583","105,373",0.16,0.98,5.25,0.94
0.16,"1,622",141,0.08,"40,923","564,687","2,724","105,232",0.16,0.97,5.23,0.94
0.17,"1,827",141,0.07,"42,750","562,860","2,865","105,091",0.16,0.97,5.21,0.94
0.18,"1,906",181,0.09,"44,656","560,954","3,046","104,910",0.16,0.97,5.20,0.93
0.19,"1,812",141,0.07,"46,468","559,142","3,187","104,769",0.16,0.97,5.18,0.93
0.2,"1,841",140,0.07,"48,309","557,301","3,327","104,629",0.16,0.97,5.16,0.93
0.21,"2,046",151,0.07,"50,355","555,255","3,478","104,478",0.16,0.97,5.14,0.92
0.22,"1,820",150,0.08,"52,175","553,435","3,628","104,328",0.16,0.97,5.13,0.92
0.23,"1,848",135,0.07,"54,023","551,587","3,763","104,193",0.16,0.97,5.11,0.92
0.24,"1,921",133,0.06,"55,944","549,666","3,896","104,060",0.16,0.96,5.09,0.92
0.25,"1,824",145,0.07,"57,768","547,842","4,041","103,915",0.16,0.96,5.07,0.91
0.26,"2,057",176,0.08,"59,825","545,785","4,217","103,739",0.16,0.96,5.06,0.91
0.27,"1,985",182,0.08,"61,810","543,800","4,399","103,557",0.16,0.96,5.04,0.91
0.28,"2,211",185,0.08,"64,021","541,589","4,584","103,372",0.16,0.96,5.02,0.90
0.29,"2,325",184,0.07,"66,346","539,264","4,768","103,188",0.16,0.96,5.00,0.90
0.3,"2,104",178,0.08,"68,450","537,160","4,946","103,010",0.16,0.95,4.98,0.90
0.31,"2,371",205,0.08,"70,821","534,789","5,151","102,805",0.16,0.95,4.95,0.89
0.32,"2,321",210,0.08,"73,142","532,468","5,361","102,595",0.16,0.95,4.93,0.89
0.33,"2,535",221,0.08,"75,677","529,933","5,582","102,374",0.16,0.95,4.91,0.89
0.34,"2,441",223,0.08,"78,118","527,492","5,805","102,151",0.16,0.95,4.89,0.88
0.35,"2,834",234,0.08,"80,952","524,658","6,039","101,917",0.16,0.94,4.86,0.88
0.36,"2,312",221,0.09,"83,264","522,346","6,260","101,696",0.16,0.94,4.84,0.87
0.37,"2,639",248,0.09,"85,903","519,707","6,508","101,448",0.16,0.94,4.81,0.87
0.38,"2,489",256,0.09,"88,392","517,218","6,764","101,192",0.16,0.94,4.79,0.87
0.39,"2,509",250,0.09,"90,901","514,709","7,014","100,942",0.16,0.94,4.77,0.86
0.4,"2,792",248,0.08,"93,693","511,917","7,262","100,694",0.16,0.93,4.74,0.86
0.41,"2,743",262,0.09,"96,436","509,174","7,524","100,432",0.16,0.93,4.72,0.85
0.42,"2,672",280,0.09,"99,108","506,502","7,804","100,152",0.17,0.93,4.69,0.85
0.43,"3,085",283,0.08,"102,193","503,417","8,087","99,869",0.17,0.93,4.66,0.85
0.44,"2,787",316,0.10,"104,980","500,630","8,403","99,553",0.17,0.92,4.64,0.84
0.45,"3,130",336,0.10,"108,110","497,500","8,739","99,217",0.17,0.92,4.61,0.84
0.46,"3,326",322,0.09,"111,436","494,174","9,061","98,895",0.17,0.92,4.58,0.83
0.47,"3,560",371,0.09,"114,996","490,614","9,432","98,524",0.17,0.91,4.54,0.83
0.48,"3,583",358,0.09,"118,579","487,031","9,790","98,166",0.17,0.91,4.51,0.82
0.49,"3,514",405,0.10,"122,093","483,517","10,195","97,761",0.17,0.91,4.48,0.81
0.5,"4,041",396,0.09,"126,134","479,476","10,591","97,365",0.17,0.90,4.44,0.81
0.51,"4,016",395,0.09,"130,150","475,460","10,986","96,970",0.17,0.90,4.40,0.80
0.52,"4,020",418,0.09,"134,170","471,440","11,404","96,552",0.17,0.89,4.37,0.80
0.53,"4,460",417,0.09,"138,630","466,980","11,821","96,135",0.17,0.89,4.33,0.79
0.54,"4,642",419,0.08,"143,272","462,338","12,240","95,716",0.17,0.89,4.28,0.78
0.55,"4,917",506,0.09,"148,189","457,421","12,746","95,210",0.17,0.88,4.24,0.77
0.56,"4,891",523,0.10,"153,080","452,530","13,269","94,687",0.17,0.88,4.19,0.77
0.57,"4,408",423,0.09,"157,488","448,122","13,692","94,264",0.17,0.87,4.15,0.76
0.58,"5,343",582,0.10,"162,831","442,779","14,274","93,682",0.17,0.87,4.10,0.75
0.59,"4,808",530,0.10,"167,639","437,971","14,804","93,152",0.18,0.86,4.06,0.74
0.6,"5,198",545,0.09,"172,837","432,773","15,349","92,607",0.18,0.86,4.01,0.74
0.61,"5,798",589,0.09,"178,635","426,975","15,938","92,018",0.18,0.85,3.96,0.73
0.62,"6,186",674,0.10,"184,821","420,789","16,612","91,344",0.18,0.85,3.90,0.72
0.63,"6,743",700,0.09,"191,564","414,046","17,312","90,644",0.18,0.84,3.84,0.71
0.64,"6,497",741,0.10,"198,061","407,549","18,053","89,903",0.18,0.83,3.78,0.70
0.65,"6,210",738,0.11,"204,271","401,339","18,791","89,165",0.18,0.83,3.72,0.69
0.66,"7,522",816,0.10,"211,793","393,817","19,607","88,349",0.18,0.82,3.65,0.68
0.67,"6,443",778,0.11,"218,236","387,374","20,385","87,571",0.18,0.81,3.59,0.67
0.68,"7,300",947,0.11,"225,536","380,074","21,332","86,624",0.19,0.80,3.52,0.65
0.69,"7,606",942,0.11,"233,142","372,468","22,274","85,682",0.19,0.79,3.45,0.64
0.7,"7,000",904,0.11,"240,142","365,468","23,178","84,778",0.19,0.79,3.39,0.63
0.71,"8,824","1,114",0.11,"248,966","356,644","24,292","83,664",0.19,0.77,3.30,0.62
0.72,"7,729","1,077",0.12,"256,695","348,915","25,369","82,587",0.19,0.77,3.23,0.60
0.73,"7,961","1,095",0.12,"264,656","340,954","26,464","81,492",0.19,0.75,3.16,0.59
0.74,"8,595","1,275",0.13,"273,251","332,359","27,739","80,217",0.19,0.74,3.08,0.58
0.75,"9,088","1,350",0.13,"282,339","323,271","29,089","78,867",0.20,0.73,2.99,0.56
0.76,"9,465","1,383",0.13,"291,804","313,806","30,472","77,484",0.20,0.72,2.91,0.55
0.77,"10,132","1,597",0.14,"301,936","303,674","32,069","75,887",0.20,0.70,2.81,0.53
0.78,"10,831","1,627",0.13,"312,767","292,843","33,696","74,260",0.20,0.69,2.71,0.51
0.79,"11,776","1,906",0.14,"324,543","281,067","35,602","72,354",0.20,0.67,2.60,0.50
0.8,"13,847","2,119",0.13,"338,390","267,220","37,721","70,235",0.21,0.65,2.48,0.47
0.81,"12,527","2,041",0.14,"350,917","254,693","39,762","68,194",0.21,0.63,2.36,0.45
0.82,"14,573","2,406",0.14,"365,490","240,120","42,168","65,788",0.22,0.61,2.22,0.43
0.83,"14,290","2,548",0.15,"379,780","225,830","44,716","63,240",0.22,0.59,2.09,0.41
0.84,"15,221","2,716",0.15,"395,001","210,609","47,432","60,524",0.22,0.56,1.95,0.38
0.85,"16,539","3,056",0.16,"411,540","194,070","50,488","57,468",0.23,0.53,1.80,0.35
0.86,"16,499","3,023",0.15,"428,039","177,571","53,511","54,445",0.23,0.50,1.64,0.33
0.87,"16,398","3,273",0.17,"444,437","161,173","56,784","51,172",0.24,0.47,1.49,0.30
0.88,"17,046","3,558",0.17,"461,483","144,127","60,342","47,614",0.25,0.44,1.34,0.27
0.89,"16,096","3,586",0.18,"477,579","128,031","63,928","44,028",0.26,0.41,1.19,0.24
0.9,"15,648","3,663",0.19,"493,227","112,383","67,591","40,365",0.26,0.37,1.04,0.21
0.91,"16,246","4,121",0.20,"509,473","96,137","71,712","36,244",0.27,0.34,0.89,0.19
0.92,"15,524","4,364",0.22,"524,997","80,613","76,076","31,880",0.28,0.30,0.75,0.16
0.93,"15,436","4,627",0.23,"540,433","65,177","80,703","27,253",0.29,0.25,0.60,0.13
0.94,"14,063","4,500",0.24,"554,496","51,114","85,203","22,753",0.31,0.21,0.47,0.10
0.95,"12,819","4,605",0.26,"567,315","38,295","89,808","18,148",0.32,0.17,0.35,0.08
0.96,"11,687","4,382",0.27,"579,002","26,608","94,190","13,766",0.34,0.13,0.25,0.06
0.97,"8,974","3,784",0.30,"587,976","17,634","97,974","9,982",0.36,0.09,0.16,0.04
0.98,"6,568","3,009",0.31,"594,544","11,066","100,983","6,973",0.39,0.06,0.10,0.03
0.99,"4,611","2,476",0.35,"599,155","6,455","103,459","4,497",0.41,0.04,0.06,0.02
1.0,"6,455","4,497",0.41,"605,610",0,"107,956",0,nan,0.00,0.00,0.00
