p,Neg,Pos,$\frac{\text{Pos}}{\text{Neg}+\text{Pos}}$,TN,FP,FN,TP,Prec,Rec,$\frac{\text{FP}}{\text{P}}$
0.0,"64,099",892,0.01,"64,099","541,511",892,"107,064",0.17,0.99,5.02
0.01,66,2,0.03,"64,165","541,445",894,"107,062",0.17,0.99,5.02
0.02,"8,933",186,0.02,"73,098","532,512","1,080","106,876",0.17,0.99,4.93
0.03,"9,614",228,0.02,"82,712","522,898","1,308","106,648",0.17,0.99,4.84
0.04,393,8,0.02,"83,105","522,505","1,316","106,640",0.17,0.99,4.84
0.05,"9,433",228,0.02,"92,538","513,072","1,544","106,412",0.17,0.99,4.75
0.06,"9,832",288,0.03,"102,370","503,240","1,832","106,124",0.17,0.98,4.66
0.07,"10,527",297,0.03,"112,897","492,713","2,129","105,827",0.18,0.98,4.56
0.08,191,5,0.03,"113,088","492,522","2,134","105,822",0.18,0.98,4.56
0.09,"10,538",347,0.03,"123,626","481,984","2,481","105,475",0.18,0.98,4.46
0.1,"10,811",368,0.03,"134,437","471,173","2,849","105,107",0.18,0.97,4.36
0.11,"11,176",446,0.04,"145,613","459,997","3,295","104,661",0.19,0.97,4.26
0.12,204,13,0.06,"145,817","459,793","3,308","104,648",0.19,0.97,4.26
0.13,"11,137",405,0.04,"156,954","448,656","3,713","104,243",0.19,0.97,4.16
0.14,"11,447",510,0.04,"168,401","437,209","4,223","103,733",0.19,0.96,4.05
0.15,711,26,0.04,"169,112","436,498","4,249","103,707",0.19,0.96,4.04
0.16,"11,010",466,0.04,"180,122","425,488","4,715","103,241",0.20,0.96,3.94
0.17,"11,889",566,0.05,"192,011","413,599","5,281","102,675",0.20,0.95,3.83
0.18,"11,956",586,0.05,"203,967","401,643","5,867","102,089",0.20,0.95,3.72
0.19,576,18,0.03,"204,543","401,067","5,885","102,071",0.20,0.95,3.72
0.2,"11,346",632,0.05,"215,889","389,721","6,517","101,439",0.21,0.94,3.61
0.21,"12,203",725,0.06,"228,092","377,518","7,242","100,714",0.21,0.93,3.50
0.22,"11,996",801,0.06,"240,088","365,522","8,043","99,913",0.21,0.93,3.39
0.23,305,20,0.06,"240,393","365,217","8,063","99,893",0.21,0.93,3.38
0.24,"11,722",775,0.06,"252,115","353,495","8,838","99,118",0.22,0.92,3.27
0.25,"12,032",867,0.07,"264,147","341,463","9,705","98,251",0.22,0.91,3.16
0.26,881,53,0.06,"265,028","340,582","9,758","98,198",0.22,0.91,3.15
0.27,"11,501",880,0.07,"276,529","329,081","10,638","97,318",0.23,0.90,3.05
0.28,"11,886",935,0.07,"288,415","317,195","11,573","96,383",0.23,0.89,2.94
0.29,"11,704","1,006",0.08,"300,119","305,491","12,579","95,377",0.24,0.88,2.83
0.3,668,56,0.08,"300,787","304,823","12,635","95,321",0.24,0.88,2.82
0.31,"11,172",976,0.08,"311,959","293,651","13,611","94,345",0.24,0.87,2.72
0.32,"11,433","1,065",0.09,"323,392","282,218","14,676","93,280",0.25,0.86,2.61
0.33,"11,610","1,149",0.09,"335,002","270,608","15,825","92,131",0.25,0.85,2.51
0.34,336,29,0.08,"335,338","270,272","15,854","92,102",0.25,0.85,2.50
0.35,"11,097","1,199",0.10,"346,435","259,175","17,053","90,903",0.26,0.84,2.40
0.36,"11,098","1,208",0.10,"357,533","248,077","18,261","89,695",0.27,0.83,2.30
0.37,"11,077","1,320",0.11,"368,610","237,000","19,581","88,375",0.27,0.82,2.20
0.38,278,31,0.10,"368,888","236,722","19,612","88,344",0.27,0.82,2.19
0.39,"10,363","1,316",0.11,"379,251","226,359","20,928","87,028",0.28,0.81,2.10
0.4,"10,557","1,402",0.12,"389,808","215,802","22,330","85,626",0.28,0.79,2.00
0.41,801,126,0.14,"390,609","215,001","22,456","85,500",0.28,0.79,1.99
0.42,"9,674","1,317",0.12,"400,283","205,327","23,773","84,183",0.29,0.78,1.90
0.43,"10,086","1,484",0.13,"410,369","195,241","25,257","82,699",0.30,0.77,1.81
0.44,"9,827","1,535",0.14,"420,196","185,414","26,792","81,164",0.30,0.75,1.72
0.45,605,100,0.14,"420,801","184,809","26,892","81,064",0.30,0.75,1.71
0.46,"8,925","1,451",0.14,"429,726","175,884","28,343","79,613",0.31,0.74,1.63
0.47,"9,308","1,620",0.15,"439,034","166,576","29,963","77,993",0.32,0.72,1.54
0.48,"8,881","1,589",0.15,"447,915","157,695","31,552","76,404",0.33,0.71,1.46
0.49,253,47,0.16,"448,168","157,442","31,599","76,357",0.33,0.71,1.46
0.5,"8,541","1,694",0.17,"456,709","148,901","33,293","74,663",0.33,0.69,1.38
0.51,"8,626","1,673",0.16,"465,335","140,275","34,966","72,990",0.34,0.68,1.30
0.52,704,163,0.19,"466,039","139,571","35,129","72,827",0.34,0.67,1.29
0.53,"7,474","1,620",0.18,"473,513","132,097","36,749","71,207",0.35,0.66,1.22
0.54,"7,838","1,707",0.18,"481,351","124,259","38,456","69,500",0.36,0.64,1.15
0.55,"7,554","1,802",0.19,"488,905","116,705","40,258","67,698",0.37,0.63,1.08
0.56,493,103,0.17,"489,398","116,212","40,361","67,595",0.37,0.63,1.08
0.57,"6,880","1,712",0.20,"496,278","109,332","42,073","65,883",0.38,0.61,1.01
0.58,"6,901","1,773",0.20,"503,179","102,431","43,846","64,110",0.38,0.59,0.95
0.59,"6,647","1,909",0.22,"509,826","95,784","45,755","62,201",0.39,0.58,0.89
0.6,203,67,0.25,"510,029","95,581","45,822","62,134",0.39,0.58,0.89
0.61,"6,277","1,822",0.22,"516,306","89,304","47,644","60,312",0.40,0.56,0.83
0.62,"6,260","1,835",0.23,"522,566","83,044","49,479","58,477",0.41,0.54,0.77
0.63,524,166,0.24,"523,090","82,520","49,645","58,311",0.41,0.54,0.76
0.64,"5,405","1,764",0.25,"528,495","77,115","51,409","56,547",0.42,0.52,0.71
0.65,"5,488","1,872",0.25,"533,983","71,627","53,281","54,675",0.43,0.51,0.66
0.66,"5,297","1,906",0.26,"539,280","66,330","55,187","52,769",0.44,0.49,0.61
0.67,353,127,0.26,"539,633","65,977","55,314","52,642",0.44,0.49,0.61
0.68,"4,699","1,826",0.28,"544,332","61,278","57,140","50,816",0.45,0.47,0.57
0.69,"4,737","1,847",0.28,"549,069","56,541","58,987","48,969",0.46,0.45,0.52
0.7,"4,306","1,898",0.31,"553,375","52,235","60,885","47,071",0.47,0.44,0.48
0.71,134,60,0.31,"553,509","52,101","60,945","47,011",0.47,0.44,0.48
0.72,"4,063","1,784",0.31,"557,572","48,038","62,729","45,227",0.48,0.42,0.44
0.73,"3,945","1,764",0.31,"561,517","44,093","64,493","43,463",0.50,0.40,0.41
0.74,"3,690","1,824",0.33,"565,207","40,403","66,317","41,639",0.51,0.39,0.37
0.75,112,43,0.28,"565,319","40,291","66,360","41,596",0.51,0.39,0.37
0.76,"3,353","1,771",0.35,"568,672","36,938","68,131","39,825",0.52,0.37,0.34
0.77,"3,200","1,744",0.35,"571,872","33,738","69,875","38,081",0.53,0.35,0.31
0.78,246,132,0.35,"572,118","33,492","70,007","37,949",0.53,0.35,0.31
0.79,"2,781","1,602",0.37,"574,899","30,711","71,609","36,347",0.54,0.34,0.28
0.8,"2,794","1,773",0.39,"577,693","27,917","73,382","34,574",0.55,0.32,0.26
0.81,"2,562","1,728",0.40,"580,255","25,355","75,110","32,846",0.56,0.30,0.23
0.82,150,113,0.43,"580,405","25,205","75,223","32,733",0.56,0.30,0.23
0.83,"2,281","1,610",0.41,"582,686","22,924","76,833","31,123",0.58,0.29,0.21
0.84,"2,205","1,622",0.42,"584,891","20,719","78,455","29,501",0.59,0.27,0.19
0.85,"2,027","1,639",0.45,"586,918","18,692","80,094","27,862",0.60,0.26,0.17
0.86,62,50,0.45,"586,980","18,630","80,144","27,812",0.60,0.26,0.17
0.87,"1,833","1,563",0.46,"588,813","16,797","81,707","26,249",0.61,0.24,0.16
0.88,"1,820","1,657",0.48,"590,633","14,977","83,364","24,592",0.62,0.23,0.14
0.89,133,142,0.52,"590,766","14,844","83,506","24,450",0.62,0.23,0.14
0.9,"1,496","1,572",0.51,"592,262","13,348","85,078","22,878",0.63,0.21,0.12
0.91,"1,485","1,564",0.51,"593,747","11,863","86,642","21,314",0.64,0.20,0.11
0.92,"1,336","1,534",0.53,"595,083","10,527","88,176","19,780",0.65,0.18,0.10
0.93,84,97,0.54,"595,167","10,443","88,273","19,683",0.65,0.18,0.10
0.94,"1,218","1,480",0.55,"596,385","9,225","89,753","18,203",0.66,0.17,0.09
0.95,"1,125","1,561",0.58,"597,510","8,100","91,314","16,642",0.67,0.15,0.08
0.96,"1,101","1,531",0.58,"598,611","6,999","92,845","15,111",0.68,0.14,0.06
0.97,23,55,0.71,"598,634","6,976","92,900","15,056",0.68,0.14,0.06
0.98,"1,000","1,507",0.60,"599,634","5,976","94,407","13,549",0.69,0.13,0.06
0.99,847,"1,490",0.64,"600,481","5,129","95,897","12,059",0.70,0.11,0.05
1.0,"5,129","12,059",0.70,"605,610",0,"107,956",0,nan,0.00,0.00
