p,Neg,Pos,mPrec,TN,FP,FN,TP,Prec,Rec,FP/P,$\hat{p}$
0.0,"6,122",39,0.01,"6,122","599,488",39,"107,917",0.15,1.00,5.55,0.99
0.1,"45,108",642,0.01,"51,230","554,380",681,"107,275",0.16,0.99,5.14,0.93
0.2,"82,171","2,201",0.03,"133,401","472,209","2,882","105,074",0.18,0.97,4.37,0.81
0.3,"100,399","4,868",0.05,"233,800","371,810","7,750","100,206",0.21,0.93,3.44,0.66
0.4,"104,936","8,559",0.08,"338,736","266,874","16,309","91,647",0.26,0.85,2.47,0.50
0.5,"94,325","12,442",0.12,"433,061","172,549","28,751","79,205",0.31,0.73,1.60,0.35
0.6,"80,958","17,763",0.18,"514,019","91,591","46,514","61,442",0.40,0.57,0.85,0.21
0.7,"48,136","17,661",0.27,"562,155","43,455","64,175","43,781",0.50,0.41,0.40,0.12
0.8,"26,250","16,770",0.39,"588,405","17,205","80,945","27,011",0.61,0.25,0.16,0.06
0.9,"12,159","14,714",0.55,"600,564","5,046","95,659","12,297",0.71,0.11,0.05,0.02
1.0,"5,046","12,297",0.71,"605,610",0,"107,956",0,nan,0.00,0.00,0.00
