p,Neg,Pos,$\frac{\text{Pos}}{\text{Neg}+\text{Pos}}$,TN,FP,FN,TP,Prec,Rec,$\frac{\text{FP}}{\text{P}}$
0.0,"30,830",969,0.03,"30,830","574,780",969,"106,987",0.16,0.99,5.32
0.1,"53,396","2,366",0.04,"84,226","521,384","3,335","104,621",0.17,0.97,4.83
0.2,"78,876","4,964",0.06,"163,102","442,508","8,299","99,657",0.18,0.92,4.10
0.3,"88,546","7,551",0.08,"251,648","353,962","15,850","92,106",0.21,0.85,3.28
0.4,"92,279","10,490",0.10,"343,927","261,683","26,340","81,616",0.24,0.76,2.42
0.5,"81,055","12,780",0.14,"424,982","180,628","39,120","68,836",0.28,0.64,1.67
0.6,"62,953","13,465",0.18,"487,935","117,675","52,585","55,371",0.32,0.51,1.09
0.7,"46,462","13,660",0.23,"534,397","71,213","66,245","41,711",0.37,0.39,0.66
0.8,"31,909","13,004",0.29,"566,306","39,304","79,249","28,707",0.42,0.27,0.36
0.9,"22,988","13,037",0.36,"589,294","16,316","92,286","15,670",0.49,0.15,0.15
1.0,"16,316","15,670",0.49,"605,610",0,"107,956",0,nan,0.00,0.00
