p,Neg,Pos,mPrec,TN,FP,FN,TP,Prec,Rec,FP/P,$\hat{p}$
0.0,"6,748",55,0.01,"6,748","598,862",55,"107,901",0.15,1.00,5.55,0.99
0.05,"15,169",167,0.01,"21,917","583,693",222,"107,734",0.16,1.00,5.41,0.97
0.1,"32,057",501,0.02,"53,974","551,636",723,"107,233",0.16,0.99,5.11,0.92
0.15,"34,222",797,0.02,"88,196","517,414","1,520","106,436",0.17,0.99,4.79,0.87
0.2,"48,886","1,448",0.03,"137,082","468,528","2,968","104,988",0.18,0.97,4.34,0.80
0.25,"53,815","2,292",0.04,"190,897","414,713","5,260","102,696",0.20,0.95,3.84,0.73
0.3,"45,829","2,479",0.05,"236,726","368,884","7,739","100,217",0.21,0.93,3.42,0.66
0.35,"57,372","4,121",0.07,"294,098","311,512","11,860","96,096",0.24,0.89,2.89,0.57
0.4,"55,303","5,181",0.09,"349,401","256,209","17,041","90,915",0.26,0.84,2.37,0.49
0.45,"43,092","5,221",0.11,"392,493","213,117","22,262","85,694",0.29,0.79,1.97,0.42
0.5,"47,583","7,305",0.13,"440,076","165,534","29,567","78,389",0.32,0.73,1.53,0.34
0.55,"41,906","8,491",0.17,"481,982","123,628","38,058","69,898",0.36,0.65,1.15,0.27
0.6,"29,480","7,605",0.21,"511,462","94,148","45,663","62,293",0.40,0.58,0.87,0.22
0.65,"28,877","9,297",0.24,"540,339","65,271","54,960","52,996",0.45,0.49,0.60,0.17
0.7,"22,194","9,316",0.30,"562,533","43,077","64,276","43,680",0.50,0.40,0.40,0.12
0.75,"13,638","7,551",0.36,"576,171","29,439","71,827","36,129",0.55,0.33,0.27,0.09
0.8,"11,704","8,719",0.43,"587,875","17,735","80,546","27,410",0.61,0.25,0.16,0.06
0.85,"7,872","8,409",0.52,"595,747","9,863","88,955","19,001",0.66,0.18,0.09,0.04
0.9,"4,478","6,356",0.59,"600,225","5,385","95,311","12,645",0.70,0.12,0.05,0.03
0.95,"3,443","6,945",0.67,"603,668","1,942","102,256","5,700",0.75,0.05,0.02,0.01
1.0,"1,942","5,700",0.75,"605,610",0,"107,956",0,nan,0.00,0.00,0.00
