p,Neg,Pos,mPrec,TN,FP,FN,TP,Prec,Rec,FP/P,$\hat{p}$
0.0,"15,869",140,0.01,"15,869","589,741",140,"107,816",0.15,1.00,5.46,0.98
0.01,110,1,0.01,"15,979","589,631",141,"107,815",0.15,1.00,5.46,0.98
0.02,"4,448",57,0.01,"20,427","585,183",198,"107,758",0.16,1.00,5.42,0.97
0.03,"5,130",66,0.01,"25,557","580,053",264,"107,692",0.16,1.00,5.37,0.96
0.04,"5,572",75,0.01,"31,129","574,481",339,"107,617",0.16,1.00,5.32,0.96
0.05,"6,320",93,0.01,"37,449","568,161",432,"107,524",0.16,1.00,5.26,0.95
0.06,"6,556",112,0.02,"44,005","561,605",544,"107,412",0.16,0.99,5.20,0.94
0.07,"7,221",137,0.02,"51,226","554,384",681,"107,275",0.16,0.99,5.14,0.93
0.08,266,5,0.02,"51,492","554,118",686,"107,270",0.16,0.99,5.13,0.93
0.09,"7,694",141,0.02,"59,186","546,424",827,"107,129",0.16,0.99,5.06,0.92
0.1,"8,145",127,0.02,"67,331","538,279",954,"107,002",0.17,0.99,4.99,0.90
0.11,"8,621",209,0.02,"75,952","529,658","1,163","106,793",0.17,0.99,4.91,0.89
0.12,"8,703",228,0.03,"84,655","520,955","1,391","106,565",0.17,0.99,4.83,0.88
0.13,"9,105",224,0.02,"93,760","511,850","1,615","106,341",0.17,0.99,4.74,0.87
0.14,"9,285",291,0.03,"103,045","502,565","1,906","106,050",0.17,0.98,4.66,0.85
0.15,"9,867",301,0.03,"112,912","492,698","2,207","105,749",0.18,0.98,4.56,0.84
0.16,536,18,0.03,"113,448","492,162","2,225","105,731",0.18,0.98,4.56,0.84
0.17,"9,991",331,0.03,"123,439","482,171","2,556","105,400",0.18,0.98,4.47,0.82
0.18,"10,223",333,0.03,"133,662","471,948","2,889","105,067",0.18,0.97,4.37,0.81
0.19,"10,407",399,0.04,"144,069","461,541","3,288","104,668",0.18,0.97,4.28,0.79
0.2,"10,574",429,0.04,"154,643","450,967","3,717","104,239",0.19,0.97,4.18,0.78
0.21,"10,784",468,0.04,"165,427","440,183","4,185","103,771",0.19,0.96,4.08,0.76
0.22,"10,811",470,0.04,"176,238","429,372","4,655","103,301",0.19,0.96,3.98,0.75
0.23,"11,280",504,0.04,"187,518","418,092","5,159","102,797",0.20,0.95,3.87,0.73
0.24,740,25,0.03,"188,258","417,352","5,184","102,772",0.20,0.95,3.87,0.73
0.25,"11,055",558,0.05,"199,313","406,297","5,742","102,214",0.20,0.95,3.76,0.71
0.26,"11,248",604,0.05,"210,561","395,049","6,346","101,610",0.20,0.94,3.66,0.70
0.27,"11,358",698,0.06,"221,919","383,691","7,044","100,912",0.21,0.93,3.55,0.68
0.28,"11,525",681,0.06,"233,444","372,166","7,725","100,231",0.21,0.93,3.45,0.66
0.29,"11,426",731,0.06,"244,870","360,740","8,456","99,500",0.22,0.92,3.34,0.64
0.3,"11,823",798,0.06,"256,693","348,917","9,254","98,702",0.22,0.91,3.23,0.63
0.31,827,55,0.06,"257,520","348,090","9,309","98,647",0.22,0.91,3.22,0.63
0.32,"11,981",859,0.07,"269,501","336,109","10,168","97,788",0.23,0.91,3.11,0.61
0.33,"11,559",862,0.07,"281,060","324,550","11,030","96,926",0.23,0.90,3.01,0.59
0.34,"11,545",934,0.07,"292,605","313,005","11,964","95,992",0.23,0.89,2.90,0.57
0.35,"11,313",989,0.08,"303,918","301,692","12,953","95,003",0.24,0.88,2.79,0.56
0.36,"11,286","1,018",0.08,"315,204","290,406","13,971","93,985",0.24,0.87,2.69,0.54
0.37,"11,271","1,079",0.09,"326,475","279,135","15,050","92,906",0.25,0.86,2.59,0.52
0.38,"11,368","1,182",0.09,"337,843","267,767","16,232","91,724",0.26,0.85,2.48,0.50
0.39,955,82,0.08,"338,798","266,812","16,314","91,642",0.26,0.85,2.47,0.50
0.4,"11,342","1,206",0.10,"350,140","255,470","17,520","90,436",0.26,0.84,2.37,0.48
0.41,"10,850","1,160",0.10,"360,990","244,620","18,680","89,276",0.27,0.83,2.27,0.47
0.42,"10,791","1,266",0.11,"371,781","233,829","19,946","88,010",0.27,0.82,2.17,0.45
0.43,"10,448","1,293",0.11,"382,229","223,381","21,239","86,717",0.28,0.80,2.07,0.43
0.44,"10,253","1,391",0.12,"392,482","213,128","22,630","85,326",0.29,0.79,1.97,0.42
0.45,"10,218","1,366",0.12,"402,700","202,910","23,996","83,960",0.29,0.78,1.88,0.40
0.46,"10,091","1,537",0.13,"412,791","192,819","25,533","82,423",0.30,0.76,1.79,0.39
0.47,805,121,0.13,"413,596","192,014","25,654","82,302",0.30,0.76,1.78,0.38
0.48,"9,854","1,520",0.13,"423,450","182,160","27,174","80,782",0.31,0.75,1.69,0.37
0.49,"9,375","1,528",0.14,"432,825","172,785","28,702","79,254",0.31,0.73,1.60,0.35
0.5,"8,970","1,518",0.14,"441,795","163,815","30,220","77,736",0.32,0.72,1.52,0.34
0.51,"9,267","1,640",0.15,"451,062","154,548","31,860","76,096",0.33,0.70,1.43,0.32
0.52,"8,802","1,672",0.16,"459,864","145,746","33,532","74,424",0.34,0.69,1.35,0.31
0.53,"8,617","1,746",0.17,"468,481","137,129","35,278","72,678",0.35,0.67,1.27,0.29
0.54,754,137,0.15,"469,235","136,375","35,415","72,541",0.35,0.67,1.26,0.29
0.55,"8,262","1,830",0.18,"477,497","128,113","37,245","70,711",0.36,0.65,1.19,0.28
0.56,"7,941","1,822",0.19,"485,438","120,172","39,067","68,889",0.36,0.64,1.11,0.26
0.57,"7,579","1,801",0.19,"493,017","112,593","40,868","67,088",0.37,0.62,1.04,0.25
0.58,"7,182","1,881",0.21,"500,199","105,411","42,749","65,207",0.38,0.60,0.98,0.24
0.59,"6,938","1,867",0.21,"507,137","98,473","44,616","63,340",0.39,0.59,0.91,0.23
0.6,"6,882","1,898",0.22,"514,019","91,591","46,514","61,442",0.40,0.57,0.85,0.21
0.61,"6,608","1,995",0.23,"520,627","84,983","48,509","59,447",0.41,0.55,0.79,0.20
0.62,583,173,0.23,"521,210","84,400","48,682","59,274",0.41,0.55,0.78,0.20
0.63,"6,127","1,926",0.24,"527,337","78,273","50,608","57,348",0.42,0.53,0.73,0.19
0.64,"5,968","1,951",0.25,"533,305","72,305","52,559","55,397",0.43,0.51,0.67,0.18
0.65,"5,457","1,905",0.26,"538,762","66,848","54,464","53,492",0.44,0.50,0.62,0.17
0.66,"5,121","1,945",0.28,"543,883","61,727","56,409","51,547",0.46,0.48,0.57,0.16
0.67,"4,940","1,895",0.28,"548,823","56,787","58,304","49,652",0.47,0.46,0.53,0.15
0.68,"4,641","1,970",0.30,"553,464","52,146","60,274","47,682",0.48,0.44,0.48,0.14
0.69,"4,497","1,946",0.30,"557,961","47,649","62,220","45,736",0.49,0.42,0.44,0.13
0.7,359,174,0.33,"558,320","47,290","62,394","45,562",0.49,0.42,0.44,0.13
0.71,"4,052","1,874",0.32,"562,372","43,238","64,268","43,688",0.50,0.40,0.40,0.12
0.72,"3,758","1,899",0.34,"566,130","39,480","66,167","41,789",0.51,0.39,0.37,0.11
0.73,"3,653","1,973",0.35,"569,783","35,827","68,140","39,816",0.53,0.37,0.33,0.11
0.74,"3,215","1,805",0.36,"572,998","32,612","69,945","38,011",0.54,0.35,0.30,0.10
0.75,"3,042","1,829",0.38,"576,040","29,570","71,774","36,182",0.55,0.34,0.27,0.09
0.76,"2,913","1,823",0.38,"578,953","26,657","73,597","34,359",0.56,0.32,0.25,0.09
0.77,211,163,0.44,"579,164","26,446","73,760","34,196",0.56,0.32,0.24,0.08
0.78,"2,650","1,874",0.41,"581,814","23,796","75,634","32,322",0.58,0.30,0.22,0.08
0.79,"2,399","1,780",0.43,"584,213","21,397","77,414","30,542",0.59,0.28,0.20,0.07
0.8,"2,170","1,762",0.45,"586,383","19,227","79,176","28,780",0.60,0.27,0.18,0.07
0.81,"1,957","1,712",0.47,"588,340","17,270","80,888","27,068",0.61,0.25,0.16,0.06
0.82,"1,903","1,773",0.48,"590,243","15,367","82,661","25,295",0.62,0.23,0.14,0.06
0.83,"1,679","1,634",0.49,"591,922","13,688","84,295","23,661",0.63,0.22,0.13,0.05
0.84,"1,633","1,736",0.52,"593,555","12,055","86,031","21,925",0.65,0.20,0.11,0.05
0.85,128,133,0.51,"593,683","11,927","86,164","21,792",0.65,0.20,0.11,0.05
0.86,"1,399","1,642",0.54,"595,082","10,528","87,806","20,150",0.66,0.19,0.10,0.04
0.87,"1,298","1,686",0.57,"596,380","9,230","89,492","18,464",0.67,0.17,0.09,0.04
0.88,"1,208","1,551",0.56,"597,588","8,022","91,043","16,913",0.68,0.16,0.07,0.03
0.89,"1,040","1,450",0.58,"598,628","6,982","92,493","15,463",0.69,0.14,0.06,0.03
0.9,980,"1,564",0.61,"599,608","6,002","94,057","13,899",0.70,0.13,0.06,0.03
0.91,910,"1,514",0.62,"600,518","5,092","95,571","12,385",0.71,0.11,0.05,0.02
0.92,795,"1,514",0.66,"601,313","4,297","97,085","10,871",0.72,0.10,0.04,0.02
0.93,55,91,0.62,"601,368","4,242","97,176","10,780",0.72,0.10,0.04,0.02
0.94,710,"1,403",0.66,"602,078","3,532","98,579","9,377",0.73,0.09,0.03,0.02
0.95,637,"1,318",0.67,"602,715","2,895","99,897","8,059",0.74,0.07,0.03,0.02
0.96,596,"1,325",0.69,"603,311","2,299","101,222","6,734",0.75,0.06,0.02,0.01
0.97,494,"1,236",0.71,"603,805","1,805","102,458","5,498",0.75,0.05,0.02,0.01
0.98,463,"1,143",0.71,"604,268","1,342","103,601","4,355",0.76,0.04,0.01,0.01
0.99,371,996,0.73,"604,639",971,"104,597","3,359",0.78,0.03,0.01,0.01
1.0,971,"3,359",0.78,"605,610",0,"107,956",0,nan,0.00,0.00,0.00
