,min,max,Neg,Pos,$\frac{\text{Pos}}{\text{Neg}+\text{Pos}}$,TN,FP,FN,TP,Prec,Rec,FP/P
0,0.0000,0.0192,"1,179",6,0.0051,"1,179","604,431",6,"107,950",0.1515,0.9999,5.5989
1,0.0200,0.0897,"20,121",201,0.0099,"21,300","584,310",207,"107,749",0.1557,0.9981,5.4125
2,0.0900,0.1196,"19,184",249,0.0128,"40,484","565,126",456,"107,500",0.1598,0.9958,5.2348
3,0.1200,0.1396,"15,375",270,0.0173,"55,859","549,751",726,"107,230",0.1632,0.9933,5.0924
4,0.1400,0.1597,"17,672",360,0.0200,"73,531","532,079","1,086","106,870",0.1673,0.9899,4.9287
5,0.1600,0.1697,"9,411",211,0.0219,"82,942","522,668","1,297","106,659",0.1695,0.9880,4.8415
6,0.1700,0.1797,"9,802",243,0.0242,"92,744","512,866","1,540","106,416",0.1718,0.9857,4.7507
7,0.1800,0.1898,"10,283",258,0.0245,"103,027","502,583","1,798","106,158",0.1744,0.9833,4.6554
8,0.1900,0.1996,"10,485",292,0.0271,"113,512","492,098","2,090","105,866",0.1770,0.9806,4.5583
9,0.2000,0.2098,"10,629",345,0.0314,"124,141","481,469","2,435","105,521",0.1798,0.9774,4.4599
10,0.2100,0.2197,"10,954",373,0.0329,"135,095","470,515","2,808","105,148",0.1827,0.9740,4.3584
11,0.2200,0.2298,"11,230",433,0.0371,"146,325","459,285","3,241","104,715",0.1857,0.9700,4.2544
12,0.2300,0.2398,"11,416",457,0.0385,"157,741","447,869","3,698","104,258",0.1888,0.9657,4.1486
13,0.2400,0.2498,"11,561",532,0.0440,"169,302","436,308","4,230","103,726",0.1921,0.9608,4.0415
14,0.2500,0.2598,"11,555",507,0.0420,"180,857","424,753","4,737","103,219",0.1955,0.9561,3.9345
15,0.2600,0.2698,"11,804",587,0.0474,"192,661","412,949","5,324","102,632",0.1991,0.9507,3.8252
16,0.2700,0.2797,"11,765",653,0.0526,"204,426","401,184","5,977","101,979",0.2027,0.9446,3.7162
17,0.2800,0.2897,"11,845",665,0.0532,"216,271","389,339","6,642","101,314",0.2065,0.9385,3.6065
18,0.2900,0.2998,"12,195",695,0.0539,"228,466","377,144","7,337","100,619",0.2106,0.9320,3.4935
19,0.3000,0.3098,"12,121",778,0.0603,"240,587","365,023","8,115","99,841",0.2148,0.9248,3.3812
20,0.3100,0.3198,"12,221",808,0.0620,"252,808","352,802","8,923","99,033",0.2192,0.9173,3.2680
21,0.3200,0.3297,"12,074",846,0.0655,"264,882","340,728","9,769","98,187",0.2237,0.9095,3.1562
22,0.3300,0.3398,"12,086",906,0.0697,"276,968","328,642","10,675","97,281",0.2284,0.9011,3.0442
23,0.3400,0.3498,"11,938",986,0.0763,"288,906","316,704","11,661","96,295",0.2332,0.8920,2.9336
24,0.3500,0.3597,"11,899","1,011",0.0783,"300,805","304,805","12,672","95,284",0.2382,0.8826,2.8234
25,0.3600,0.3698,"11,871","1,101",0.0849,"312,676","292,934","13,773","94,183",0.2433,0.8724,2.7135
26,0.3700,0.3797,"11,650","1,113",0.0872,"324,326","281,284","14,886","93,070",0.2486,0.8621,2.6055
27,0.3800,0.3898,"11,623","1,175",0.0918,"335,949","269,661","16,061","91,895",0.2542,0.8512,2.4979
28,0.3900,0.3997,"11,584","1,213",0.0948,"347,533","258,077","17,274","90,682",0.2600,0.8400,2.3906
29,0.4000,0.4098,"11,060","1,238",0.1007,"358,593","247,017","18,512","89,444",0.2658,0.8285,2.2881
30,0.4100,0.4198,"10,933","1,240",0.1019,"369,526","236,084","19,752","88,204",0.2720,0.8170,2.1869
31,0.4200,0.4298,"10,802","1,375",0.1129,"380,328","225,282","21,127","86,829",0.2782,0.8043,2.0868
32,0.4300,0.4397,"10,486","1,372",0.1157,"390,814","214,796","22,499","85,457",0.2846,0.7916,1.9897
33,0.4400,0.4498,"10,301","1,457",0.1239,"401,115","204,495","23,956","84,000",0.2912,0.7781,1.8942
34,0.4500,0.4598,"9,851","1,429",0.1267,"410,966","194,644","25,385","82,571",0.2979,0.7649,1.8030
35,0.4600,0.4697,"9,941","1,459",0.1280,"420,907","184,703","26,844","81,112",0.3051,0.7513,1.7109
36,0.4700,0.4797,"9,500","1,589",0.1433,"430,407","175,203","28,433","79,523",0.3122,0.7366,1.6229
37,0.4800,0.4898,"9,234","1,576",0.1458,"439,641","165,969","30,009","77,947",0.3196,0.7220,1.5374
38,0.4900,0.4997,"9,007","1,591",0.1501,"448,648","156,962","31,600","76,356",0.3273,0.7073,1.4539
39,0.5000,0.5098,"8,802","1,645",0.1575,"457,450","148,160","33,245","74,711",0.3352,0.6921,1.3724
40,0.5100,0.5197,"8,291","1,752",0.1744,"465,741","139,869","34,997","72,959",0.3428,0.6758,1.2956
41,0.5200,0.5297,"8,156","1,769",0.1782,"473,897","131,713","36,766","71,190",0.3509,0.6594,1.2201
42,0.5300,0.5398,"7,674","1,784",0.1886,"481,571","124,039","38,550","69,406",0.3588,0.6429,1.1490
43,0.5400,0.5498,"7,734","1,847",0.1928,"489,305","116,305","40,397","67,559",0.3674,0.6258,1.0773
44,0.5500,0.5598,"7,426","1,875",0.2016,"496,731","108,879","42,272","65,684",0.3763,0.6084,1.0085
45,0.5600,0.5698,"7,029","1,774",0.2015,"503,760","101,850","44,046","63,910",0.3856,0.5920,0.9434
46,0.5700,0.5799,"6,669","1,818",0.2142,"510,429","95,181","45,864","62,092",0.3948,0.5752,0.8817
47,0.5800,0.5900,"6,450","1,870",0.2248,"516,879","88,731","47,734","60,222",0.4043,0.5578,0.8219
48,0.5900,0.5997,"6,105","1,951",0.2422,"522,984","82,626","49,685","58,271",0.4136,0.5398,0.7654
49,0.6000,0.6097,"5,735","1,865",0.2454,"528,719","76,891","51,550","56,406",0.4232,0.5225,0.7122
50,0.6100,0.6197,"5,438","1,893",0.2582,"534,157","71,453","53,443","54,513",0.4328,0.5050,0.6619
51,0.6200,0.6298,"5,368","1,939",0.2654,"539,525","66,085","55,382","52,574",0.4431,0.4870,0.6121
52,0.6300,0.6397,"5,019","1,874",0.2719,"544,544","61,066","57,256","50,700",0.4536,0.4696,0.5657
53,0.6400,0.6497,"4,604","1,815",0.2828,"549,148","56,462","59,071","48,885",0.4640,0.4528,0.5230
54,0.6500,0.6597,"4,483","1,865",0.2938,"553,631","51,979","60,936","47,020",0.4750,0.4355,0.4815
55,0.6600,0.6700,"4,181","1,738",0.2936,"557,812","47,798","62,674","45,282",0.4865,0.4194,0.4428
56,0.6700,0.6799,"4,018","1,873",0.3179,"561,830","43,780","64,547","43,409",0.4979,0.4021,0.4055
57,0.6800,0.6898,"3,578","1,842",0.3399,"565,408","40,202","66,389","41,567",0.5083,0.3850,0.3724
58,0.6900,0.6999,"3,466","1,792",0.3408,"568,874","36,736","68,181","39,775",0.5199,0.3684,0.3403
59,0.7000,0.7096,"3,129","1,735",0.3567,"572,003","33,607","69,916","38,040",0.5309,0.3524,0.3113
60,0.7100,0.7198,"3,023","1,784",0.3711,"575,026","30,584","71,700","36,256",0.5424,0.3358,0.2833
61,0.7200,0.7296,"2,760","1,721",0.3841,"577,786","27,824","73,421","34,535",0.5538,0.3199,0.2577
62,0.7300,0.7399,"2,665","1,683",0.3871,"580,451","25,159","75,104","32,852",0.5663,0.3043,0.2330
63,0.7400,0.7500,"2,372","1,709",0.4188,"582,823","22,787","76,813","31,143",0.5775,0.2885,0.2111
64,0.7500,0.7598,"2,228","1,731",0.4372,"585,051","20,559","78,544","29,412",0.5886,0.2724,0.1904
65,0.7600,0.7697,"2,066","1,572",0.4321,"587,117","18,493","80,116","27,840",0.6009,0.2579,0.1713
66,0.7700,0.7799,"1,852","1,627",0.4677,"588,969","16,641","81,743","26,213",0.6117,0.2428,0.1541
67,0.7800,0.7897,"1,686","1,632",0.4919,"590,655","14,955","83,375","24,581",0.6217,0.2277,0.1385
68,0.7900,0.7999,"1,708","1,684",0.4965,"592,363","13,247","85,059","22,897",0.6335,0.2121,0.1227
69,0.8000,0.8099,"1,560","1,682",0.5188,"593,923","11,687","86,741","21,215",0.6448,0.1965,0.1083
70,0.8100,0.8199,"1,353","1,626",0.5458,"595,276","10,334","88,367","19,589",0.6546,0.1815,0.0957
71,0.8200,0.8299,"1,258","1,534",0.5494,"596,534","9,076","89,901","18,055",0.6655,0.1672,0.0841
72,0.8300,0.8397,"1,204","1,512",0.5567,"597,738","7,872","91,413","16,543",0.6776,0.1532,0.0729
73,0.8400,0.8496,997,"1,524",0.6045,"598,735","6,875","92,937","15,019",0.6860,0.1391,0.0637
74,0.8500,0.8598,988,"1,551",0.6109,"599,723","5,887","94,488","13,468",0.6958,0.1248,0.0545
75,0.8600,0.8698,842,"1,492",0.6392,"600,565","5,045","95,980","11,976",0.7036,0.1109,0.0467
76,0.8700,0.8797,770,"1,426",0.6494,"601,335","4,275","97,406","10,550",0.7116,0.0977,0.0396
77,0.8800,0.8898,754,"1,334",0.6389,"602,089","3,521","98,740","9,216",0.7236,0.0854,0.0326
78,0.8900,0.9000,643,"1,328",0.6738,"602,732","2,878","100,068","7,888",0.7327,0.0731,0.0267
79,0.9000,0.9096,594,"1,277",0.6825,"603,326","2,284","101,345","6,611",0.7432,0.0612,0.0212
80,0.9100,0.9197,487,"1,185",0.7087,"603,813","1,797","102,530","5,426",0.7512,0.0503,0.0166
81,0.9200,0.9297,427,"1,077",0.7161,"604,240","1,370","103,607","4,349",0.7604,0.0403,0.0127
82,0.9300,0.9398,353,"1,045",0.7475,"604,593","1,017","104,652","3,304",0.7646,0.0306,0.0094
83,0.9400,0.9497,312,927,0.7482,"604,905",705,"105,579","2,377",0.7713,0.0220,0.0065
84,0.9500,0.9696,442,"1,361",0.7549,"605,347",263,"106,940","1,016",0.7944,0.0094,0.0024
85,0.9700,1.0000,263,"1,016",0.7944,"605,610",0,"107,956",0,nan,0.0000,0.0000
