p,Neg,Pos,mPrec,TN,FP,FN,TP,Prec,Rec,FP/P,$\hat{p}$
0.0,"6,069",257,0.04,"6,069","599,541",257,"107,699",0.15,1.00,5.55,0.99
0.05,"12,763",759,0.06,"18,832","586,778","1,016","106,940",0.15,0.99,5.44,0.97
0.1,"14,766",835,0.05,"33,598","572,012","1,851","106,105",0.16,0.98,5.30,0.95
0.15,"19,927","1,329",0.06,"53,525","552,085","3,180","104,776",0.16,0.97,5.11,0.92
0.2,"28,169","1,950",0.06,"81,694","523,916","5,130","102,826",0.16,0.95,4.85,0.88
0.25,"33,392","2,609",0.07,"115,086","490,524","7,739","100,217",0.17,0.93,4.54,0.83
0.3,"37,355","3,279",0.08,"152,441","453,169","11,018","96,938",0.18,0.90,4.20,0.77
0.35,"39,417","3,891",0.09,"191,858","413,752","14,909","93,047",0.18,0.86,3.83,0.71
0.4,"43,663","5,285",0.11,"235,521","370,089","20,194","87,762",0.19,0.81,3.43,0.64
0.45,"51,051","6,884",0.12,"286,572","319,038","27,078","80,878",0.20,0.75,2.96,0.56
0.5,"54,578","8,149",0.13,"341,150","264,460","35,227","72,729",0.22,0.67,2.45,0.47
0.55,"52,317","8,981",0.15,"393,467","212,143","44,208","63,748",0.23,0.59,1.97,0.39
0.6,"47,428","9,606",0.17,"440,895","164,715","53,814","54,142",0.25,0.50,1.53,0.31
0.65,"41,831","9,578",0.19,"482,726","122,884","63,392","44,564",0.27,0.41,1.14,0.23
0.7,"36,785","10,037",0.21,"519,511","86,099","73,429","34,527",0.29,0.32,0.80,0.17
0.75,"30,362","9,661",0.24,"549,873","55,737","83,090","24,866",0.31,0.23,0.52,0.11
0.8,"22,733","8,101",0.26,"572,606","33,004","91,191","16,765",0.34,0.16,0.31,0.07
0.85,"14,785","6,126",0.29,"587,391","18,219","97,317","10,639",0.37,0.10,0.17,0.04
0.9,"9,067","4,458",0.33,"596,458","9,152","101,775","6,181",0.40,0.06,0.08,0.02
0.95,"5,383","3,062",0.36,"601,841","3,769","104,837","3,119",0.45,0.03,0.03,0.01
1.0,"3,769","3,119",0.45,"605,610",0,"107,956",0,nan,0.00,0.00,0.00
