p,Neg,Pos,mPrec,TN,FP,FN,TP,Prec,Rec,FP/P,$\hat{p}$
0.0,"6,060",265,0.04,"6,060","599,550",265,"107,691",0.15,1.00,5.55,0.99
0.05,"9,112",568,0.06,"15,172","590,438",833,"107,123",0.15,0.99,5.47,0.98
0.1,"8,460",567,0.06,"23,632","581,978","1,400","106,556",0.15,0.99,5.39,0.96
0.15,"8,578",593,0.06,"32,210","573,400","1,993","105,963",0.16,0.98,5.31,0.95
0.2,"8,750",734,0.08,"40,960","564,650","2,727","105,229",0.16,0.97,5.23,0.94
0.25,"10,066",799,0.07,"51,026","554,584","3,526","104,430",0.16,0.97,5.14,0.92
0.3,"10,162",810,0.07,"61,188","544,422","4,336","103,620",0.16,0.96,5.04,0.91
0.35,"11,988","1,027",0.08,"73,176","532,434","5,363","102,593",0.16,0.95,4.93,0.89
0.4,"13,656","1,230",0.08,"86,832","518,778","6,593","101,363",0.16,0.94,4.81,0.87
0.45,"14,359","1,405",0.09,"101,191","504,419","7,998","99,958",0.17,0.93,4.67,0.85
0.5,"17,461","1,805",0.09,"118,652","486,958","9,803","98,153",0.17,0.91,4.51,0.82
0.55,"21,860","2,179",0.09,"140,512","465,098","11,982","95,974",0.17,0.89,4.31,0.79
0.6,"25,410","2,652",0.09,"165,922","439,688","14,634","93,322",0.18,0.86,4.07,0.75
0.65,"32,305","3,446",0.10,"198,227","407,383","18,080","89,876",0.18,0.83,3.77,0.70
0.7,"37,133","4,500",0.11,"235,360","370,250","22,580","85,376",0.19,0.79,3.43,0.64
0.75,"44,258","6,053",0.12,"279,618","325,992","28,633","79,323",0.20,0.73,3.02,0.57
0.8,"59,188","9,168",0.13,"338,806","266,804","37,801","70,155",0.21,0.65,2.47,0.47
0.85,"78,278","13,694",0.15,"417,084","188,526","51,495","56,461",0.23,0.52,1.75,0.34
0.9,"87,355","18,948",0.18,"504,439","101,171","70,443","37,513",0.27,0.35,0.94,0.19
0.95,"74,899","23,875",0.24,"579,338","26,272","94,318","13,638",0.34,0.13,0.24,0.06
1.0,"26,272","13,638",0.34,"605,610",0,"107,956",0,nan,0.00,0.00,0.00
