p,Neg,Pos,$\frac{\text{Pos}}{\text{Neg}+\text{Pos}}$,TN,FP,FN,TP,Prec,Rec,$\frac{\text{FP}}{\text{P}}$
0.0,546,0,0.00,546,"605,064",0,"107,956",0.15,1.00,5.60
0.01,799,3,0.00,"1,345","604,265",3,"107,953",0.15,1.00,5.60
0.02,"1,199",10,0.01,"2,544","603,066",13,"107,943",0.15,1.00,5.59
0.03,"1,561",15,0.01,"4,105","601,505",28,"107,928",0.15,1.00,5.57
0.04,"2,079",14,0.01,"6,184","599,426",42,"107,914",0.15,1.00,5.55
0.05,"2,609",34,0.01,"8,793","596,817",76,"107,880",0.15,1.00,5.53
0.06,"3,231",33,0.01,"12,024","593,586",109,"107,847",0.15,1.00,5.50
0.07,"3,848",35,0.01,"15,872","589,738",144,"107,812",0.15,1.00,5.46
0.08,"4,568",60,0.01,"20,440","585,170",204,"107,752",0.16,1.00,5.42
0.09,"4,909",57,0.01,"25,349","580,261",261,"107,695",0.16,1.00,5.37
0.1,"5,723",85,0.01,"31,072","574,538",346,"107,610",0.16,1.00,5.32
0.11,"6,382",91,0.01,"37,454","568,156",437,"107,519",0.16,1.00,5.26
0.12,"6,723",106,0.02,"44,177","561,433",543,"107,413",0.16,0.99,5.20
0.13,"7,304",140,0.02,"51,481","554,129",683,"107,273",0.16,0.99,5.13
0.14,"7,556",129,0.02,"59,037","546,573",812,"107,144",0.16,0.99,5.06
0.15,"7,999",158,0.02,"67,036","538,574",970,"106,986",0.17,0.99,4.99
0.16,"8,508",195,0.02,"75,544","530,066","1,165","106,791",0.17,0.99,4.91
0.17,"8,934",214,0.02,"84,478","521,132","1,379","106,577",0.17,0.99,4.83
0.18,"9,071",247,0.03,"93,549","512,061","1,626","106,330",0.17,0.98,4.74
0.19,"9,320",279,0.03,"102,869","502,741","1,905","106,051",0.17,0.98,4.66
0.2,"9,741",288,0.03,"112,610","493,000","2,193","105,763",0.18,0.98,4.57
0.21,"10,043",346,0.03,"122,653","482,957","2,539","105,417",0.18,0.98,4.47
0.22,"10,408",352,0.03,"133,061","472,549","2,891","105,065",0.18,0.97,4.38
0.23,"10,646",403,0.04,"143,707","461,903","3,294","104,662",0.18,0.97,4.28
0.24,"10,795",439,0.04,"154,502","451,108","3,733","104,223",0.19,0.97,4.18
0.25,"10,902",450,0.04,"165,404","440,206","4,183","103,773",0.19,0.96,4.08
0.26,"11,071",474,0.04,"176,475","429,135","4,657","103,299",0.19,0.96,3.98
0.27,"11,190",484,0.04,"187,665","417,945","5,141","102,815",0.20,0.95,3.87
0.28,"11,137",566,0.05,"198,802","406,808","5,707","102,249",0.20,0.95,3.77
0.29,"11,635",608,0.05,"210,437","395,173","6,315","101,641",0.20,0.94,3.66
0.3,"11,551",634,0.05,"221,988","383,622","6,949","101,007",0.21,0.94,3.55
0.31,"11,716",664,0.05,"233,704","371,906","7,613","100,343",0.21,0.93,3.44
0.32,"11,519",748,0.06,"245,223","360,387","8,361","99,595",0.22,0.92,3.34
0.33,"11,612",804,0.06,"256,835","348,775","9,165","98,791",0.22,0.92,3.23
0.34,"11,670",832,0.07,"268,505","337,105","9,997","97,959",0.23,0.91,3.12
0.35,"11,694",897,0.07,"280,199","325,411","10,894","97,062",0.23,0.90,3.01
0.36,"11,641",988,0.08,"291,840","313,770","11,882","96,074",0.23,0.89,2.91
0.37,"11,672",926,0.07,"303,512","302,098","12,808","95,148",0.24,0.88,2.80
0.38,"11,584","1,008",0.08,"315,096","290,514","13,816","94,140",0.24,0.87,2.69
0.39,"11,525","1,087",0.09,"326,621","278,989","14,903","93,053",0.25,0.86,2.58
0.4,"11,463","1,199",0.09,"338,084","267,526","16,102","91,854",0.26,0.85,2.48
0.41,"11,183","1,191",0.10,"349,267","256,343","17,293","90,663",0.26,0.84,2.37
0.42,"11,196","1,221",0.10,"360,463","245,147","18,514","89,442",0.27,0.83,2.27
0.43,"10,965","1,269",0.10,"371,428","234,182","19,783","88,173",0.27,0.82,2.17
0.44,"10,867","1,308",0.11,"382,295","223,315","21,091","86,865",0.28,0.80,2.07
0.45,"10,405","1,482",0.12,"392,700","212,910","22,573","85,383",0.29,0.79,1.97
0.46,"10,286","1,456",0.12,"402,986","202,624","24,029","83,927",0.29,0.78,1.88
0.47,"10,117","1,496",0.13,"413,103","192,507","25,525","82,431",0.30,0.76,1.78
0.48,"9,887","1,510",0.13,"422,990","182,620","27,035","80,921",0.31,0.75,1.69
0.49,"9,666","1,565",0.14,"432,656","172,954","28,600","79,356",0.31,0.74,1.60
0.5,"9,263","1,593",0.15,"441,919","163,691","30,193","77,763",0.32,0.72,1.52
0.51,"9,126","1,638",0.15,"451,045","154,565","31,831","76,125",0.33,0.71,1.43
0.52,"8,828","1,734",0.16,"459,873","145,737","33,565","74,391",0.34,0.69,1.35
0.53,"8,559","1,677",0.16,"468,432","137,178","35,242","72,714",0.35,0.67,1.27
0.54,"8,454","1,775",0.17,"476,886","128,724","37,017","70,939",0.36,0.66,1.19
0.55,"8,131","1,828",0.18,"485,017","120,593","38,845","69,111",0.36,0.64,1.12
0.56,"7,661","1,875",0.20,"492,678","112,932","40,720","67,236",0.37,0.62,1.05
0.57,"7,430","1,862",0.20,"500,108","105,502","42,582","65,374",0.38,0.61,0.98
0.58,"7,148","1,841",0.20,"507,256","98,354","44,423","63,533",0.39,0.59,0.91
0.59,"6,971","2,008",0.22,"514,227","91,383","46,431","61,525",0.40,0.57,0.85
0.6,"6,641","1,927",0.22,"520,868","84,742","48,358","59,598",0.41,0.55,0.78
0.61,"6,195","1,993",0.24,"527,063","78,547","50,351","57,605",0.42,0.53,0.73
0.62,"5,902","1,978",0.25,"532,965","72,645","52,329","55,627",0.43,0.52,0.67
0.63,"5,651","1,924",0.25,"538,616","66,994","54,253","53,703",0.44,0.50,0.62
0.64,"5,297","2,032",0.28,"543,913","61,697","56,285","51,671",0.46,0.48,0.57
0.65,"4,831","1,971",0.29,"548,744","56,866","58,256","49,700",0.47,0.46,0.53
0.66,"4,621","1,997",0.30,"553,365","52,245","60,253","47,703",0.48,0.44,0.48
0.67,"4,473","2,022",0.31,"557,838","47,772","62,275","45,681",0.49,0.42,0.44
0.68,"4,069","1,938",0.32,"561,907","43,703","64,213","43,743",0.50,0.41,0.40
0.69,"3,849","1,872",0.33,"565,756","39,854","66,085","41,871",0.51,0.39,0.37
0.7,"3,642","1,952",0.35,"569,398","36,212","68,037","39,919",0.52,0.37,0.34
0.71,"3,321","1,924",0.37,"572,719","32,891","69,961","37,995",0.54,0.35,0.30
0.72,"3,210","1,840",0.36,"575,929","29,681","71,801","36,155",0.55,0.33,0.27
0.73,"2,903","1,787",0.38,"578,832","26,778","73,588","34,368",0.56,0.32,0.25
0.74,"2,575","1,876",0.42,"581,407","24,203","75,464","32,492",0.57,0.30,0.22
0.75,"2,495","1,804",0.42,"583,902","21,708","77,268","30,688",0.59,0.28,0.20
0.76,"2,259","1,721",0.43,"586,161","19,449","78,989","28,967",0.60,0.27,0.18
0.77,"2,041","1,779",0.47,"588,202","17,408","80,768","27,188",0.61,0.25,0.16
0.78,"1,882","1,817",0.49,"590,084","15,526","82,585","25,371",0.62,0.24,0.14
0.79,"1,805","1,706",0.49,"591,889","13,721","84,291","23,665",0.63,0.22,0.13
0.8,"1,604","1,675",0.51,"593,493","12,117","85,966","21,990",0.64,0.20,0.11
0.81,"1,440","1,585",0.52,"594,933","10,677","87,551","20,405",0.66,0.19,0.10
0.82,"1,321","1,697",0.56,"596,254","9,356","89,248","18,708",0.67,0.17,0.09
0.83,"1,162","1,639",0.59,"597,416","8,194","90,887","17,069",0.68,0.16,0.08
0.84,"1,171","1,566",0.57,"598,587","7,023","92,453","15,503",0.69,0.14,0.07
0.85,970,"1,548",0.61,"599,557","6,053","94,001","13,955",0.70,0.13,0.06
0.86,938,"1,508",0.62,"600,495","5,115","95,509","12,447",0.71,0.12,0.05
0.87,784,"1,475",0.65,"601,279","4,331","96,984","10,972",0.72,0.10,0.04
0.88,764,"1,367",0.64,"602,043","3,567","98,351","9,605",0.73,0.09,0.03
0.89,695,"1,383",0.67,"602,738","2,872","99,734","8,222",0.74,0.08,0.03
0.9,559,"1,318",0.70,"603,297","2,313","101,052","6,904",0.75,0.06,0.02
0.91,505,"1,275",0.72,"603,802","1,808","102,327","5,629",0.76,0.05,0.02
0.92,425,"1,173",0.73,"604,227","1,383","103,500","4,456",0.76,0.04,0.01
0.93,385,"1,083",0.74,"604,612",998,"104,583","3,373",0.77,0.03,0.01
0.94,356,949,0.73,"604,968",642,"105,532","2,424",0.79,0.02,0.01
0.95,237,717,0.75,"605,205",405,"106,249","1,707",0.81,0.02,0.00
0.96,159,632,0.80,"605,364",246,"106,881","1,075",0.81,0.01,0.00
0.97,116,458,0.80,"605,480",130,"107,339",617,0.83,0.01,0.00
0.98,72,291,0.80,"605,552",58,"107,630",326,0.85,0.00,0.00
0.99,43,201,0.82,"605,595",15,"107,831",125,0.89,0.00,0.00
1.0,15,125,0.89,"605,610",0,"107,956",0,nan,0.00,0.00
