p,Neg,Pos,$\frac{\text{Pos}}{\text{Neg}+\text{Pos}}$,TN,FP,FN,TP,Prec,Rec,$\frac{\text{FP}}{\text{P}}$
0.0,"60,913","2,114",0.03,"60,913","544,697","2,114","105,842",0.16,0.98,5.05
0.01,"2,064",96,0.04,"62,977","542,633","2,210","105,746",0.16,0.98,5.03
0.02,"6,479",278,0.04,"69,456","536,154","2,488","105,468",0.16,0.98,4.97
0.03,"7,704",363,0.04,"77,160","528,450","2,851","105,105",0.17,0.97,4.90
0.04,"3,269",179,0.05,"80,429","525,181","3,030","104,926",0.17,0.97,4.86
0.05,"6,512",337,0.05,"86,941","518,669","3,367","104,589",0.17,0.97,4.80
0.06,"8,244",421,0.05,"95,185","510,425","3,788","104,168",0.17,0.96,4.73
0.07,"4,954",291,0.06,"100,139","505,471","4,079","103,877",0.17,0.96,4.68
0.08,"6,055",344,0.05,"106,194","499,416","4,423","103,533",0.17,0.96,4.63
0.09,"8,404",473,0.05,"114,598","491,012","4,896","103,060",0.17,0.95,4.55
0.1,"6,057",391,0.06,"120,655","484,955","5,287","102,669",0.17,0.95,4.49
0.11,"6,525",415,0.06,"127,180","478,430","5,702","102,254",0.18,0.95,4.43
0.12,"8,506",499,0.06,"135,686","469,924","6,201","101,755",0.18,0.94,4.35
0.13,"9,783",665,0.06,"145,469","460,141","6,866","101,090",0.18,0.94,4.26
0.14,"4,262",292,0.06,"149,731","455,879","7,158","100,798",0.18,0.93,4.22
0.15,"7,976",573,0.07,"157,707","447,903","7,731","100,225",0.18,0.93,4.15
0.16,"10,219",760,0.07,"167,926","437,684","8,491","99,465",0.19,0.92,4.05
0.17,"5,211",413,0.07,"173,137","432,473","8,904","99,052",0.19,0.92,4.01
0.18,"8,411",599,0.07,"181,548","424,062","9,503","98,453",0.19,0.91,3.93
0.19,"9,962",775,0.07,"191,510","414,100","10,278","97,678",0.19,0.90,3.84
0.2,"7,118",621,0.08,"198,628","406,982","10,899","97,057",0.19,0.90,3.77
0.21,"7,301",620,0.08,"205,929","399,681","11,519","96,437",0.19,0.89,3.70
0.22,"9,723",806,0.08,"215,652","389,958","12,325","95,631",0.20,0.89,3.61
0.23,"10,799",959,0.08,"226,451","379,159","13,284","94,672",0.20,0.88,3.51
0.24,"4,326",387,0.08,"230,777","374,833","13,671","94,285",0.20,0.87,3.47
0.25,"9,124",829,0.08,"239,901","365,709","14,500","93,456",0.20,0.87,3.39
0.26,"10,606","1,038",0.09,"250,507","355,103","15,538","92,418",0.21,0.86,3.29
0.27,"5,580",576,0.09,"256,087","349,523","16,114","91,842",0.21,0.85,3.24
0.28,"8,485",934,0.10,"264,572","341,038","17,048","90,908",0.21,0.84,3.16
0.29,"10,130","1,039",0.09,"274,702","330,908","18,087","89,869",0.21,0.83,3.07
0.3,"7,046",719,0.09,"281,748","323,862","18,806","89,150",0.22,0.83,3.00
0.31,"7,594",875,0.10,"289,342","316,268","19,681","88,275",0.22,0.82,2.93
0.32,"9,500","1,051",0.10,"298,842","306,768","20,732","87,224",0.22,0.81,2.84
0.33,"7,597",884,0.10,"306,439","299,171","21,616","86,340",0.22,0.80,2.77
0.34,"7,052",852,0.11,"313,491","292,119","22,468","85,488",0.23,0.79,2.71
0.35,"9,021","1,066",0.11,"322,512","283,098","23,534","84,422",0.23,0.78,2.62
0.36,"9,699","1,309",0.12,"332,211","273,399","24,843","83,113",0.23,0.77,2.53
0.37,"5,283",696,0.12,"337,494","268,116","25,539","82,417",0.24,0.76,2.48
0.38,"7,589","1,055",0.12,"345,083","260,527","26,594","81,362",0.24,0.75,2.41
0.39,"9,380","1,312",0.12,"354,463","251,147","27,906","80,050",0.24,0.74,2.33
0.4,"6,408",927,0.13,"360,871","244,739","28,833","79,123",0.24,0.73,2.27
0.41,"6,378",936,0.13,"367,249","238,361","29,769","78,187",0.25,0.72,2.21
0.42,"8,668","1,274",0.13,"375,917","229,693","31,043","76,913",0.25,0.71,2.13
0.43,"6,654","1,038",0.13,"382,571","223,039","32,081","75,875",0.25,0.70,2.07
0.44,"6,111",978,0.14,"388,682","216,928","33,059","74,897",0.26,0.69,2.01
0.45,"7,716","1,310",0.15,"396,398","209,212","34,369","73,587",0.26,0.68,1.94
0.46,"8,610","1,518",0.15,"405,008","200,602","35,887","72,069",0.26,0.67,1.86
0.47,"4,152",761,0.15,"409,160","196,450","36,648","71,308",0.27,0.66,1.82
0.48,"6,453","1,236",0.16,"415,613","189,997","37,884","70,072",0.27,0.65,1.76
0.49,"7,661","1,536",0.17,"423,274","182,336","39,420","68,536",0.27,0.63,1.69
0.5,"4,416",808,0.15,"427,690","177,920","40,228","67,728",0.28,0.63,1.65
0.51,"6,070","1,171",0.16,"433,760","171,850","41,399","66,557",0.28,0.62,1.59
0.52,"6,956","1,369",0.16,"440,716","164,894","42,768","65,188",0.28,0.60,1.53
0.53,"5,325","1,079",0.17,"446,041","159,569","43,847","64,109",0.29,0.59,1.48
0.54,"4,873","1,043",0.18,"450,914","154,696","44,890","63,066",0.29,0.58,1.43
0.55,"6,107","1,386",0.18,"457,021","148,589","46,276","61,680",0.29,0.57,1.38
0.56,"6,758","1,521",0.18,"463,779","141,831","47,797","60,159",0.30,0.56,1.31
0.57,"2,854",651,0.19,"466,633","138,977","48,448","59,508",0.30,0.55,1.29
0.58,"5,354","1,234",0.19,"471,987","133,623","49,682","58,274",0.30,0.54,1.24
0.59,"6,026","1,447",0.19,"478,013","127,597","51,129","56,827",0.31,0.53,1.18
0.6,"3,243",791,0.20,"481,256","124,354","51,920","56,036",0.31,0.52,1.15
0.61,"4,658","1,118",0.19,"485,914","119,696","53,038","54,918",0.31,0.51,1.11
0.62,"5,540","1,463",0.21,"491,454","114,156","54,501","53,455",0.32,0.50,1.06
0.63,"3,565",930,0.21,"495,019","110,591","55,431","52,525",0.32,0.49,1.02
0.64,"3,943","1,037",0.21,"498,962","106,648","56,468","51,488",0.33,0.48,0.99
0.65,"4,907","1,335",0.21,"503,869","101,741","57,803","50,153",0.33,0.46,0.94
0.66,"3,582","1,030",0.22,"507,451","98,159","58,833","49,123",0.33,0.46,0.91
0.67,"3,473","1,039",0.23,"510,924","94,686","59,872","48,084",0.34,0.45,0.88
0.68,"4,364","1,256",0.22,"515,288","90,322","61,128","46,828",0.34,0.43,0.84
0.69,"4,788","1,506",0.24,"520,076","85,534","62,634","45,322",0.35,0.42,0.79
0.7,"2,295",646,0.22,"522,371","83,239","63,280","44,676",0.35,0.41,0.77
0.71,"3,691","1,201",0.25,"526,062","79,548","64,481","43,475",0.35,0.40,0.74
0.72,"4,163","1,426",0.26,"530,225","75,385","65,907","42,049",0.36,0.39,0.70
0.73,"2,601",891,0.26,"532,826","72,784","66,798","41,158",0.36,0.38,0.67
0.74,"3,046","1,015",0.25,"535,872","69,738","67,813","40,143",0.37,0.37,0.65
0.75,"3,775","1,431",0.27,"539,647","65,963","69,244","38,712",0.37,0.36,0.61
0.76,"2,554",885,0.26,"542,201","63,409","70,129","37,827",0.37,0.35,0.59
0.77,"2,757","1,053",0.28,"544,958","60,652","71,182","36,774",0.38,0.34,0.56
0.78,"3,293","1,355",0.29,"548,251","57,359","72,537","35,419",0.38,0.33,0.53
0.79,"3,592","1,568",0.30,"551,843","53,767","74,105","33,851",0.39,0.31,0.50
0.8,"1,648",561,0.25,"553,491","52,119","74,666","33,290",0.39,0.31,0.48
0.81,"3,001","1,326",0.31,"556,492","49,118","75,992","31,964",0.39,0.30,0.45
0.82,"3,263","1,561",0.32,"559,755","45,855","77,553","30,403",0.40,0.28,0.42
0.83,"1,645",629,0.28,"561,400","44,210","78,182","29,774",0.40,0.28,0.41
0.84,"2,588","1,258",0.33,"563,988","41,622","79,440","28,516",0.41,0.26,0.39
0.85,"2,895","1,438",0.33,"566,883","38,727","80,878","27,078",0.41,0.25,0.36
0.86,"1,882",793,0.30,"568,765","36,845","81,671","26,285",0.42,0.24,0.34
0.87,"2,296","1,155",0.33,"571,061","34,549","82,826","25,130",0.42,0.23,0.32
0.88,"2,669","1,432",0.35,"573,730","31,880","84,258","23,698",0.43,0.22,0.30
0.89,"1,707",927,0.35,"575,437","30,173","85,185","22,771",0.43,0.21,0.28
0.9,"2,037","1,117",0.35,"577,474","28,136","86,302","21,654",0.43,0.20,0.26
0.91,"2,292","1,417",0.38,"579,766","25,844","87,719","20,237",0.44,0.19,0.24
0.92,"2,458","1,539",0.39,"582,224","23,386","89,258","18,698",0.44,0.17,0.22
0.93,"1,113",551,0.33,"583,337","22,273","89,809","18,147",0.45,0.17,0.21
0.94,"1,917","1,242",0.39,"585,254","20,356","91,051","16,905",0.45,0.16,0.19
0.95,"2,039","1,430",0.41,"587,293","18,317","92,481","15,475",0.46,0.14,0.17
0.96,"1,190",669,0.36,"588,483","17,127","93,150","14,806",0.46,0.14,0.16
0.97,"1,466","1,035",0.41,"589,949","15,661","94,185","13,771",0.47,0.13,0.15
0.98,"1,743","1,329",0.43,"591,692","13,918","95,514","12,442",0.47,0.12,0.13
0.99,"1,100",665,0.38,"592,792","12,818","96,179","11,777",0.48,0.11,0.12
1.0,"12,818","11,777",0.48,"605,610",0,"107,956",0,nan,0.00,0.00
