,y_proba,y_test,Neg,Pos,TN,FP,FN,TP,FP/P,Prec
0,0.0,155,3833,155,3833,601777,155,107801,5.574280262329097,0.15192269207895398
1,0.0005,0,10,0,3843,601767,155,107801,5.574187631998221,0.15192483313790928
2,0.0007,0,24,0,3867,601743,155,107801,5.57396531920412,0.1519299719256311
3,0.0008,2,18,2,3885,601725,157,107799,5.573798584608544,0.1519314357231045
4,0.001,0,27,0,3912,601698,157,107799,5.57354848271518,0.15193721749352004
5,0.0011,0,19,0,3931,601679,157,107799,5.573372485086517,0.15194128641057228
6,0.0012,3,61,3,3992,601618,160,107796,5.572807440068176,0.15195076499758955
7,0.0013,0,5,0,3997,601613,160,107796,5.572761124902738,0.15195183596486653
8,0.0014,1,37,1,4034,601576,161,107795,5.5724183926784985,0.1519585661099763
9,0.0016,0,17,0,4051,601559,161,107795,5.57226092111601,0.15196220786800385
10,0.0017,2,35,2,4086,601524,163,107793,5.571936714957946,0.1519673150368594
11,0.0018,0,13,0,4099,601511,163,107793,5.571816295527808,0.1519701002673043
12,0.0019,2,29,2,4128,601482,165,107791,5.571547667568269,0.15197392259398004
13,0.002,6,135,6,4263,601347,171,107785,5.570297158101448,0.15199567922474236
14,0.0021,0,13,0,4276,601334,171,107785,5.570176738671311,0.15199846570180744
15,0.0022,2,14,2,4290,601320,173,107783,5.570047056208085,0.15199907488756922
16,0.0023,3,27,3,4317,601293,176,107780,5.569796954314721,0.15200127490399437
17,0.0024,0,12,0,4329,601281,176,107780,5.56968579791767,0.15200384734176609
18,0.0025,2,36,2,4365,601245,178,107778,5.569352328726518,0.1520091731862013
19,0.0026,3,29,3,4394,601216,181,107775,5.56908370076698,0.1520118026886096
20,0.0027,3,29,3,4423,601187,184,107772,5.56881507280744,0.1520144324283915
21,0.0028,0,9,0,4432,601178,184,107772,5.568731705509652,0.15201636222582693
22,0.0029,7,72,7,4504,601106,191,107765,5.568064767127348,0.1520234288043946
23,0.003,0,4,0,4508,601102,191,107765,5.568027714994998,0.15202428664333364
24,0.0031,3,36,3,4544,601066,194,107762,5.567694245803846,0.1520284187419233
25,0.0032,2,4,2,4548,601062,196,107760,5.567657193671495,0.15202688404140954
26,0.0033,2,75,2,4623,600987,198,107758,5.5669624661899295,0.15204057876951513
27,0.0034,0,8,0,4631,600979,198,107758,5.566888361925229,0.15204229495567467
28,0.0035,0,11,0,4642,600968,198,107758,5.566786468561266,0.15204465477490595
29,0.0036,2,13,2,4655,600955,200,107756,5.566666049131127,0.152045050803501
30,0.0037,1,22,1,4677,600933,201,107755,5.566462262403201,0.15204857426681417
31,0.0038,3,58,3,4735,600875,204,107752,5.5659250064841235,0.1520574293669307
32,0.0039,0,20,0,4755,600855,204,107752,5.5657397458223725,0.15206172109504987
33,0.004,10,46,10,4801,600809,214,107742,5.5653136463003445,0.15205962591260191
34,0.0041,1,25,1,4826,600784,215,107741,5.565082070473156,0.152063794502664
35,0.0042,1,19,1,4845,600765,216,107740,5.564906072844492,0.15206667560567674
36,0.0043,0,27,0,4872,600738,216,107740,5.5646559709511285,0.1520724708459543
37,0.0044,1,28,1,4900,600710,217,107739,5.564396606024677,0.15207728432110146
38,0.0045,1,26,1,4926,600684,218,107738,5.5641557671644,0.1520816688358069
39,0.0046,1,12,1,4938,600672,219,107737,5.56404461076735,0.15208304806968856
40,0.0047,4,32,4,4970,600640,223,107733,5.563748193708548,0.1520851302915272
41,0.0048,0,17,0,4987,600623,223,107733,5.56359072214606,0.15208878021785655
42,0.0049,1,26,1,5013,600597,224,107732,5.563349883285783,0.15209316574642573
43,0.005,9,179,9,5192,600418,233,107723,5.561691800363111,0.15212083469252594
44,0.0051,1,12,1,5204,600406,234,107722,5.56158064396606,0.15212221519273353
45,0.0052,2,25,2,5229,600381,236,107720,5.561349068138871,0.15212519118035422
46,0.0053,0,17,0,5246,600364,236,107720,5.561191596576383,0.1521288434705487
47,0.0054,1,30,1,5276,600334,237,107719,5.560913705583756,0.15213409165698047
48,0.0055,0,12,0,5288,600322,237,107719,5.560802549186706,0.15213667005159306
49,0.0056,1,23,1,5311,600299,238,107718,5.560589499425692,0.15214041470755646
50,0.0057,0,13,0,5324,600286,238,107718,5.560469079995554,0.15214320823046198
51,0.0058,2,36,2,5360,600250,240,107716,5.5601356108044016,0.15214854950661472
52,0.0059,3,10,3,5370,600240,243,107713,5.5600429804735265,0.15214710581069646
53,0.006,4,83,4,5453,600157,247,107709,5.559274148727259,0.1521601546055327
54,0.0061,1,14,1,5467,600143,248,107708,5.5591444662640335,0.15216196628951573
55,0.0062,4,58,4,5525,600085,252,107704,5.558607210344955,0.1521696437780186
56,0.0063,0,21,0,5546,600064,252,107704,5.558412686650117,0.15217415876388873
57,0.0064,0,10,0,5556,600054,252,107704,5.558320056319241,0.15217630885133054
58,0.0065,0,4,0,5560,600050,252,107704,5.558283004186891,0.1521771689033195
59,0.0066,1,6,1,5566,600044,253,107703,5.558227425988366,0.15217726108340976
60,0.0067,2,100,2,5666,599944,255,107701,5.55730112267961,0.15219636964862326
61,0.0068,1,24,1,5690,599920,256,107700,5.557078809885509,0.15220033351233714
62,0.0069,1,9,1,5699,599911,257,107699,5.556995442587721,0.15220107121154308
63,0.007,2,55,2,5754,599856,259,107697,5.556485975767905,0.15221050578543233
64,0.0071,1,30,1,5784,599826,260,107696,5.556208084775279,0.15221576148868868
65,0.0072,0,17,0,5801,599809,260,107696,5.556050613212791,0.15221941894403573
66,0.0073,2,33,2,5834,599776,262,107694,5.555744933120901,0.1522241225776358
67,0.0074,4,39,4,5873,599737,266,107690,5.555383674830487,0.15222772102280518
68,0.0075,2,68,2,5941,599669,268,107688,5.554753788580533,0.1522399580409892
69,0.0076,2,27,2,5968,599642,270,107686,5.554503686687169,0.1522433722403185
70,0.0077,0,7,0,5975,599635,270,107686,5.5544388454555556,0.15224487891636188
71,0.0078,0,14,0,5989,599621,270,107686,5.55430916299233,0.1522478923579153
72,0.0079,2,29,2,6018,599592,272,107684,5.554040535032791,0.15225173765262784
73,0.008,0,35,0,6053,599557,272,107684,5.553716328874727,0.15225927229897587
74,0.0081,0,11,0,6064,599546,272,107684,5.553614435510764,0.15226164048470794
75,0.0082,2,42,2,6106,599504,274,107682,5.553225388121087,0.15226828585407517
76,0.0083,7,81,7,6187,599423,281,107675,5.552475082440995,0.15227733638053
77,0.0084,0,4,0,6191,599419,281,107675,5.552438030308644,0.15227819780679797
78,0.0085,0,3,0,6194,599416,281,107675,5.552410241209381,0.15227884388289484
79,0.0086,2,21,2,6215,599395,283,107673,5.552215717514543,0.1522809687328517
80,0.0087,2,29,2,6244,599366,285,107671,5.551947089555004,0.15228481677762268
81,0.0088,0,30,0,6274,599336,285,107671,5.551669198562378,0.15229127858705785
82,0.0089,0,4,0,6278,599332,285,107671,5.551632146430027,0.1522921402030826
83,0.009,3,25,3,6303,599307,288,107668,5.551400570602838,0.15229392835673114
84,0.0091,0,6,0,6309,599301,288,107668,5.551344992404313,0.15229522086541278
85,0.0092,6,39,6,6348,599262,294,107662,5.550983734113898,0.1522964279045555
86,0.0093,0,16,0,6364,599246,294,107662,5.550835525584497,0.1522998749483667
87,0.0094,2,26,2,6390,599220,296,107660,5.550594686724221,0.15230307831598008
88,0.0095,0,17,0,6407,599203,296,107660,5.5504372151617325,0.15230674119313078
89,0.0096,1,9,1,6416,599194,297,107659,5.550353847863945,0.15230748118774343
90,0.0097,1,6,1,6422,599188,298,107658,5.5502982696654195,0.1523075747758352
91,0.0098,0,3,0,6425,599185,298,107658,5.550270480566157,0.1523082212032941
92,0.0099,0,11,0,6436,599174,298,107658,5.550168587202194,0.15231059148425652
93,0.01,29,421,29,6857,598753,327,107629,5.546268850272333,0.15236656653198977
94,0.0102,2,15,2,6872,598738,329,107627,5.54612990477602,0.15236740212213232
95,0.0103,3,31,3,6903,598707,332,107624,5.545842750750306,0.1523704891899124
96,0.0104,0,27,0,6930,598680,332,107624,5.545592648856942,0.15237631388184125
97,0.0105,1,11,1,6941,598669,333,107623,5.545490755492978,0.1523774869317506
98,0.0106,0,10,0,6951,598659,333,107623,5.545398125162103,0.15237964439133378
99,0.0107,0,30,0,6981,598629,333,107623,5.5451202341694765,0.15238611713665945
100,0.0108,0,25,0,7006,598604,333,107623,5.544888658342288,0.15239151151117133
101,0.0109,2,36,2,7042,598568,335,107621,5.5445551891511355,0.15239687958889192
102,0.011,2,34,2,7076,598534,337,107619,5.544240246026159,0.15240181660348395
103,0.0111,3,30,3,7106,598504,340,107616,5.543962355033532,0.15240469042089164
104,0.0112,0,36,0,7142,598468,340,107616,5.54362888584238,0.15241246084035326
105,0.0113,0,13,0,7155,598455,340,107616,5.543508466412242,0.15241526701988894
106,0.0114,0,9,0,7164,598446,340,107616,5.5434250991144545,0.1524172098201008
107,0.0115,1,13,1,7177,598433,341,107615,5.543304679684316,0.15241881571791152
108,0.0116,2,20,2,7197,598413,343,107613,5.543119419022565,0.15242073238096046
109,0.0117,2,51,2,7248,598362,345,107611,5.542647004335099,0.15242934219863932
110,0.0118,4,53,4,7301,598309,349,107607,5.5421560635814595,0.15243598388476817
111,0.0119,0,18,0,7319,598291,349,107607,5.541989328985883,0.15243987091619468
112,0.012,0,26,0,7345,598265,349,107607,5.541748490125607,0.15244548586712606
113,0.0121,0,13,0,7358,598252,349,107607,5.541628070695468,0.15244829349770989
114,0.0122,1,11,1,7369,598241,350,107606,5.541526177331505,0.15244946851088126
115,0.0123,1,32,1,7401,598209,351,107605,5.541229760272704,0.15245517940987285
116,0.0124,2,36,2,7437,598173,353,107603,5.540896291081552,0.15246055405681122
117,0.0125,3,53,3,7490,598120,356,107600,5.540405350327911,0.1524684010655784
118,0.0126,0,20,0,7510,598100,356,107600,5.54022008966616,0.15247272211988097
119,0.0127,2,29,2,7539,598071,358,107598,5.539951461706621,0.15247658604813305
120,0.0128,1,34,1,7573,598037,359,107597,5.539636518581644,0.15248273184115277
121,0.0129,4,12,4,7585,598025,363,107593,5.539525362184594,0.15248052062163947
122,0.013,2,45,2,7630,597980,365,107591,5.539108525695654,0.15248784317949576
123,0.0131,1,15,1,7645,597965,366,107590,5.538969580199341,0.15248988385030224
124,0.0132,1,27,1,7672,597938,367,107589,5.5387194783059766,0.1524945182820785
125,0.0133,7,110,7,7782,597828,374,107582,5.537700544666346,0.15250988786663075
126,0.0134,0,20,0,7802,597808,374,107582,5.537515284004594,0.1525142119962007
127,0.0135,1,22,1,7824,597786,375,107581,5.537311497276669,0.15251776734664366
128,0.0136,0,25,0,7849,597761,375,107581,5.53707992144948,0.15252317315571737
129,0.0137,0,12,0,7861,597749,375,107581,5.536968765052428,0.15252576808018942
130,0.0138,1,8,1,7869,597741,376,107580,5.536894660787729,0.1525262965373213
131,0.0139,0,26,0,7895,597715,376,107580,5.536653821927452,0.1525319192678241
132,0.014,1,33,1,7928,597682,377,107579,5.536348141835562,0.15253785478000342
133,0.0141,2,23,2,7951,597659,379,107577,5.536135092074549,0.15254042618357544
134,0.0142,0,20,0,7971,597639,379,107577,5.535949831412798,0.15254475224612032
135,0.0143,0,12,0,7983,597627,379,107577,5.535838675015747,0.15254734800142938
136,0.0144,2,36,2,8019,597591,381,107575,5.535505205824595,0.15255273226445973
137,0.0145,0,32,0,8051,597559,381,107575,5.535208788765793,0.15255965532792348
138,0.0146,3,41,3,8092,597518,384,107572,5.534829004409204,0.15256492079025372
139,0.0147,0,19,0,8111,597499,384,107572,5.53465300678054,0.1525690320549278
140,0.0148,3,18,3,8129,597481,387,107569,5.534486272184965,0.15256932132472875
141,0.0149,1,13,1,8142,597468,388,107568,5.534365852754826,0.1525709325481252
142,0.015,5,82,5,8224,597386,393,107563,5.533606284041647,0.1525826691008853
143,0.0152,6,42,6,8266,597344,399,107557,5.53321723665197,0.1525845473335972
144,0.0153,1,30,1,8296,597314,400,107556,5.532939345659343,0.15258983926114036
145,0.0154,2,29,2,8325,597285,402,107554,5.532670717699804,0.1525937128904615
146,0.0155,4,12,4,8337,597273,406,107550,5.532559561302753,0.15259150169617053
147,0.0156,1,29,1,8366,597244,407,107549,5.532290933343214,0.15259657800233545
148,0.0157,2,27,2,8393,597217,409,107547,5.53204083144985,0.15260001929723993
149,0.0158,1,39,1,8432,597178,410,107546,5.531679573159435,0.15260726185002924
150,0.0159,3,10,3,8442,597168,413,107543,5.53158694282856,0.15260581997442924
151,0.016,6,56,6,8498,597112,419,107537,5.531068212975657,0.1526107324355814
152,0.0161,0,15,0,8513,597097,419,107537,5.530929267479343,0.15261398115901303
153,0.0162,0,20,0,8533,597077,419,107537,5.530744006817592,0.15261831300541856
154,0.0163,2,24,2,8557,597053,421,107535,5.530521694023491,0.15262110623513317
155,0.0164,4,42,4,8599,597011,425,107531,5.530132646633814,0.15262539351805854
156,0.0165,0,3,0,8602,597008,425,107531,5.5301048575345515,0.15262604341278482
157,0.0166,3,49,3,8651,596959,428,107528,5.529650968913261,0.15263305071633684
158,0.0167,6,99,6,8750,596860,434,107522,5.528733928637593,0.15264728513789394
159,0.0168,0,8,0,8758,596852,434,107522,5.528659824372893,0.15264901884510218
160,0.0169,1,37,1,8795,596815,435,107521,5.5283170921486535,0.15265583471524954
161,0.017,1,11,1,8806,596804,436,107520,5.52821519878469,0.152657015805226
162,0.0171,0,24,0,8830,596780,436,107520,5.527992885990589,0.15266221780491268
163,0.0172,0,16,0,8846,596764,436,107520,5.527844677461188,0.15266568600166977
164,0.0173,0,25,0,8871,596739,436,107520,5.527613101633999,0.1526711053745852
165,0.0174,0,21,0,8892,596718,436,107520,5.5274185779391605,0.1526756579451833
166,0.0175,4,59,4,8951,596659,440,107516,5.526872058986995,0.15268363688003692
167,0.0176,0,12,0,8963,596647,440,107516,5.5267609025899445,0.15268623883958685
168,0.0177,1,37,1,9000,596610,441,107515,5.526418170365704,0.1526930587608734
169,0.0178,3,26,3,9026,596584,444,107512,5.526177331505428,0.15269508703358634
170,0.0179,1,18,1,9044,596566,445,107511,5.5260105969098525,0.15269778731587597
171,0.018,1,24,1,9068,596542,446,107510,5.525788284115751,0.15270178907239806
172,0.0181,2,32,2,9100,596510,448,107508,5.5254918670569495,0.15270632284969987
173,0.0182,0,8,0,9108,596502,448,107508,5.525417762792249,0.15270805812417437
174,0.0183,1,48,1,9156,596454,449,107507,5.5249731372040465,0.15271726700768934
175,0.0184,0,5,0,9161,596449,449,107507,5.5249268220386085,0.152718351715164
176,0.0185,2,4,2,9165,596445,451,107505,5.524889769906258,0.15271681227359898
177,0.0186,1,8,1,9173,596437,452,107504,5.524815665641557,0.15271734420924482
178,0.0187,2,13,2,9186,596424,454,107502,5.52469524621142,0.1527177572642579
179,0.0188,0,23,0,9209,596401,454,107502,5.524482196450406,0.15272274731035385
180,0.0189,0,18,0,9227,596383,454,107502,5.52431546185483,0.15272665279129402
181,0.019,1,22,1,9249,596361,455,107501,5.524111675126903,0.15273022268569691
182,0.0191,0,7,0,9256,596354,455,107501,5.524046833895291,0.1527317416229195
183,0.0192,0,26,0,9282,596328,455,107501,5.523805995035015,0.15273738365426828
184,0.0193,0,30,0,9312,596298,455,107501,5.523528104042388,0.15274389420843168
185,0.0194,0,5,0,9317,596293,455,107501,5.52348178887695,0.15274497935475437
186,0.0195,0,22,0,9339,596271,455,107501,5.5232780021490235,0.15274975418175205
187,0.0196,0,19,0,9358,596252,455,107501,5.52310200452036,0.1527538781362211
188,0.0197,0,19,0,9377,596233,455,107501,5.522926006891697,0.15275800231337408
189,0.0198,2,13,2,9390,596220,457,107499,5.5228055874615585,0.15275841635652868
190,0.0199,1,17,1,9407,596203,458,107498,5.52264811589907,0.15276090271294201
191,0.02,9,165,9,9572,596038,467,107489,5.521119715439624,0.1527858916573209
192,0.0201,0,22,0,9594,596016,467,107489,5.520915928711697,0.1527906695759092
193,0.0202,0,8,0,9602,596008,467,107489,5.520841824446997,0.15279240707494132
194,0.0203,0,8,0,9610,596000,467,107489,5.520767720182296,0.15279414461349075
195,0.0204,3,17,3,9627,595983,470,107486,5.520610248619808,0.15279422405251689
196,0.0205,2,27,2,9654,595956,472,107484,5.5203601467264445,0.15279767997270557
197,0.0206,0,26,0,9680,595930,472,107484,5.5201193078661674,0.15280332776999037
198,0.0207,1,51,1,9731,595879,473,107483,5.519646893178702,0.15281320287419564
199,0.0208,2,35,2,9766,595844,475,107481,5.519322687020638,0.152818398322255
200,0.0209,1,30,1,9796,595814,476,107480,5.519044796028012,0.1528237124161446
201,0.021,2,40,2,9836,595774,478,107478,5.51867427470451,0.15282999550658938
202,0.0211,3,19,3,9855,595755,481,107475,5.518498277075846,0.15283051064374387
203,0.0212,2,18,2,9873,595737,483,107473,5.5183315424802695,0.1528320131966269
204,0.0213,1,32,1,9905,595705,484,107472,5.518035125421468,0.15283776346495975
205,0.0214,0,8,0,9913,595697,484,107472,5.517961021156768,0.15283950231025542
206,0.0215,1,29,1,9942,595668,485,107471,5.517692393197229,0.15284460113860843
207,0.0216,4,24,4,9966,595644,489,107467,5.517470080403127,0.15284499886931083
208,0.0217,5,67,5,10033,595577,494,107462,5.516849457186261,0.1528535401307751
209,0.0218,0,28,0,10061,595549,494,107462,5.5165900922598095,0.15285962808547804
210,0.0219,0,22,0,10083,595527,494,107462,5.516386305531883,0.1528644118186771
211,0.022,1,28,1,10111,595499,495,107461,5.516126940605432,0.15286929555024467
212,0.0221,2,39,2,10150,595460,497,107459,5.515765682315017,0.15287536686303826
213,0.0222,3,30,3,10180,595430,500,107456,5.515487791322391,0.1528782761358172
214,0.0223,2,45,2,10225,595385,502,107454,5.51507095483345,0.15288565375569654
215,0.0224,0,11,0,10236,595374,502,107454,5.514969061469488,0.15288804657754101
216,0.0225,5,29,5,10265,595345,507,107449,5.514700433509948,0.15288832858561685
217,0.0226,0,17,0,10282,595328,507,107449,5.51454296194746,0.15289202691607723
218,0.0227,0,5,0,10287,595323,507,107449,5.514496646782022,0.1528931146943817
219,0.0228,2,25,2,10312,595298,509,107447,5.514265070954833,0.1528961429821628
220,0.0229,0,32,0,10344,595266,509,107447,5.513968653896032,0.1529031055352612
221,0.023,3,28,3,10372,595238,512,107444,5.51370928896958,0.15290558175675484
222,0.0231,0,16,0,10388,595222,512,107444,5.513561080440179,0.1529090634810849
223,0.0232,0,25,0,10413,595197,512,107444,5.51332950461299,0.1529145039927929
224,0.0233,0,22,0,10435,595175,512,107444,5.513125717885064,0.15291929196335424
225,0.0234,1,15,1,10450,595160,513,107443,5.512986772388751,0.1529213510332293
226,0.0235,1,11,1,10461,595149,514,107442,5.512884879024788,0.1529225395713865
227,0.0236,1,29,1,10490,595120,515,107441,5.512616251065249,0.15292764614033513
228,0.0237,0,17,0,10507,595103,515,107441,5.512458779502761,0.15293134664875083
229,0.0238,4,20,4,10527,595083,519,107437,5.51227351884101,0.1529308774127427
230,0.0239,2,33,2,10560,595050,521,107435,5.51196783874912,0.1529356498715275
231,0.024,0,26,0,10586,595024,521,107435,5.511726999888843,0.1529413104537062
232,0.0241,0,11,0,10597,595013,521,107435,5.511625106524881,0.15294370544154157
233,0.0242,5,62,5,10659,594951,526,107430,5.511050798473452,0.1529511760711067
234,0.0243,2,32,2,10691,594919,528,107428,5.5107543814146505,0.15295573270762172
235,0.0244,1,25,1,10716,594894,529,107427,5.5105228055874615,0.152959971295177
236,0.0245,1,30,1,10746,594864,530,107426,5.510244914594835,0.15296529923535862
237,0.0246,0,11,0,10757,594853,530,107426,5.5101430212308715,0.15296769517527933
238,0.0247,1,16,1,10773,594837,531,107425,5.509994812701471,0.15296997416918473
239,0.0248,2,25,2,10798,594812,533,107423,5.509763236874282,0.15297300761141214
240,0.0249,0,19,0,10817,594793,533,107423,5.509587239245619,0.15297714663294484
241,0.025,5,24,5,10841,594769,538,107418,5.509364926451517,0.15297634390838907
242,0.0251,0,7,0,10848,594762,538,107418,5.5093000852199046,0.1529778689224985
243,0.0252,3,19,3,10867,594743,541,107415,5.509124087591241,0.152978389479291
244,0.0253,2,21,2,10888,594722,543,107413,5.508929563896403,0.15298055217301515
245,0.0254,0,8,0,10896,594714,543,107413,5.508855459631702,0.1529822952257925
246,0.0255,4,21,4,10917,594693,547,107409,5.508660935936863,0.15298204534383894
247,0.0256,2,23,2,10940,594670,549,107407,5.5084478861758495,0.15298464413447527
248,0.0257,3,23,3,10963,594647,552,107404,5.508234836414836,0.1529860366269687
249,0.0258,1,21,1,10984,594626,553,107403,5.508040312719997,0.1529894064205325
250,0.0259,1,15,1,10999,594611,554,107402,5.507901367223684,0.1529914688189535
251,0.026,0,24,0,11023,594587,554,107402,5.507679054429582,0.1529966993784803
252,0.0261,4,16,4,11039,594571,558,107398,5.507530845900182,0.15299536019396867
253,0.0262,2,35,2,11074,594536,560,107396,5.507206639742117,0.1530005755543272
254,0.0263,3,50,3,11124,594486,563,107393,5.506743488087739,0.15300785463021405
255,0.0264,4,23,4,11147,594463,567,107389,5.506530438326726,0.15300804158141604
256,0.0265,1,18,1,11165,594445,568,107388,5.50636370373115,0.1530107589697264
257,0.0266,2,35,2,11200,594410,570,107386,5.506039497573085,0.15301597615261414
258,0.0267,1,53,1,11253,594357,571,107385,5.505548556819445,0.1530263259146524
259,0.0268,1,13,1,11266,594344,572,107384,5.505428137389306,0.1530279538510648
260,0.0269,0,28,0,11294,594316,572,107384,5.505168772462855,0.1530340601396608
261,0.027,1,4,1,11298,594312,573,107383,5.505131720330505,0.15303372547901867
262,0.0271,0,1,0,11299,594311,573,107383,5.505122457297418,0.15303394357084427
263,0.0272,6,24,6,11323,594287,579,107377,5.504900144503316,0.1530319355132941
264,0.0273,5,41,5,11364,594246,584,107372,5.504520360146726,0.1530348423216052
265,0.0274,0,19,0,11383,594227,584,107372,5.504344362518063,0.15303898665762067
266,0.0275,4,57,4,11440,594170,588,107368,5.503816369632072,0.15304659191661749
267,0.0277,1,19,1,11459,594151,589,107367,5.503640372003408,0.15304952973409092
268,0.0278,1,31,1,11490,594120,590,107366,5.503353217977694,0.1530550859176092
269,0.0279,2,31,2,11521,594089,592,107364,5.50306606395198,0.15305943520093293
270,0.028,1,22,1,11543,594067,593,107363,5.502862277224054,0.1530630283848709
271,0.0281,0,29,0,11572,594038,593,107363,5.502593649264515,0.1530693569014016
272,0.0282,0,40,0,11612,593998,593,107363,5.502223127941013,0.15307808674847903
273,0.0283,3,49,3,11661,593949,596,107360,5.501769239319723,0.15308515932349365
274,0.0284,2,34,2,11695,593915,598,107358,5.501454296194746,0.15309016602664013
275,0.0285,3,16,3,11711,593899,601,107355,5.501306087665345,0.1530900358500629
276,0.0286,1,14,1,11725,593885,602,107354,5.501176405202119,0.15309188450727926
277,0.0287,6,56,6,11781,593829,608,107348,5.500657675349216,0.1530968642725018
278,0.0288,3,54,3,11835,593775,611,107345,5.500157471562488,0.15310503194888178
279,0.0289,5,39,5,11874,593736,616,107340,5.499796213272074,0.15310750902897832
280,0.029,0,22,0,11896,593714,616,107340,5.499592426544147,0.15311231374473294
281,0.0291,2,23,2,11919,593691,618,107338,5.499379376783134,0.15311492106603294
282,0.0292,0,23,0,11942,593668,618,107338,5.49916632702212,0.15311994476509475
283,0.0293,1,17,1,11959,593651,619,107337,5.499008855459632,0.15312245002767522
284,0.0294,1,19,1,11978,593632,620,107336,5.498832857830968,0.15312539231462777
285,0.0295,1,10,1,11988,593622,621,107335,5.498740227500092,0.1531263686645543
286,0.0296,1,15,1,12003,593607,622,107334,5.498601282003779,0.15312843734351395
287,0.0297,0,24,0,12027,593583,622,107334,5.498378969209678,0.15313368059270926
288,0.0298,0,27,0,12054,593556,622,107334,5.498128867316314,0.15313957967726746
289,0.0299,2,24,2,12078,593532,624,107332,5.4979065545222126,0.15314240708611085
290,0.03,0,48,0,12126,593484,624,107332,5.49746192893401,0.15315289605260154
291,0.0301,1,21,1,12147,593463,625,107331,5.497267405239172,0.15315627702291973
292,0.0302,4,22,4,12169,593441,629,107327,5.497063618511246,0.1531562514270058
293,0.0303,0,29,0,12198,593412,629,107327,5.496794990551706,0.15316258978021774
294,0.0304,2,19,2,12217,593393,631,107325,5.496618992923043,0.15316432573446093
295,0.0305,1,12,1,12229,593381,632,107324,5.496507836525992,0.15316574021877966
296,0.0306,0,1,0,12230,593380,632,107324,5.496498573492905,0.15316595880714254
297,0.0307,3,26,3,12256,593354,635,107321,5.4962577346326285,0.1531680165554644
298,0.0308,0,24,0,12280,593330,635,107321,5.496035421838527,0.15317326315098387
299,0.0309,0,5,0,12285,593325,635,107321,5.495989106673089,0.15317435623695846
300,0.031,1,14,1,12299,593311,636,107320,5.495859424209863,0.1531762083036577
301,0.0311,0,13,0,12312,593298,636,107320,5.495739004779725,0.15317905049541977
302,0.0312,0,7,0,12319,593291,636,107320,5.495674163548112,0.15318058095005646
303,0.0313,2,19,2,12338,593272,638,107318,5.495498165919448,0.1531823177607445
304,0.0314,0,22,0,12360,593250,638,107318,5.495294379191522,0.15318712815886537
305,0.0315,3,19,3,12379,593231,641,107315,5.495118381562859,0.15318765648508448
306,0.0316,0,11,0,12390,593220,641,107315,5.495016488198896,0.15319006188127646
307,0.0317,3,51,3,12441,593169,644,107312,5.49454407351143,0.1531975885141781
308,0.0318,2,5,2,12446,593164,646,107310,5.494497758345993,0.15319626424392627
309,0.0319,1,33,1,12479,593131,647,107309,5.494192078254104,0.15320227285706128
310,0.032,0,39,0,12518,593092,647,107309,5.493830819963689,0.15321080352540903
311,0.0321,0,9,0,12527,593083,647,107309,5.493747452665901,0.1532127722760968
312,0.0322,1,13,1,12540,593070,648,107308,5.493627033235763,0.1532144070773211
313,0.0323,1,36,1,12576,593034,649,107307,5.4932935640446106,0.15322107373408098
314,0.0324,0,29,0,12605,593005,649,107307,5.493024936085072,0.153227418636265
315,0.0325,3,29,3,12634,592976,652,107304,5.492756308125533,0.15323013651682185
316,0.0326,0,43,0,12677,592933,652,107304,5.492357997702768,0.15323954603941237
317,0.0327,0,14,0,12691,592919,652,107304,5.492228315239542,0.15324260985428928
318,0.0328,1,24,1,12715,592895,653,107303,5.492006002445441,0.15324665308955468
319,0.0329,0,14,0,12729,592881,653,107303,5.491876319982215,0.15324971721718864
320,0.033,0,43,0,12772,592838,653,107303,5.49147800955945,0.15325912923254031
321,0.0331,2,11,2,12783,592827,655,107301,5.491376116195487,0.15325911833264774
322,0.0332,1,24,1,12807,592803,656,107300,5.491153803401386,0.15326316270605897
323,0.0333,0,23,0,12830,592780,656,107300,5.490940753640372,0.1532681979202377
324,0.0334,1,29,1,12859,592751,657,107299,5.490672125680833,0.1532733376187415
325,0.0335,1,50,1,12909,592701,658,107298,5.490208974026455,0.15328307611868017
326,0.0336,0,24,0,12933,592677,658,107298,5.489986661232354,0.15328833172613307
327,0.0337,0,8,0,12941,592669,658,107298,5.489912556967654,0.15329008367537328
328,0.0338,1,21,1,12962,592648,659,107297,5.489718033272815,0.15329347305859747
329,0.0339,4,31,4,12993,592617,663,107293,5.4894308792471005,0.1532954236973325
330,0.034,0,9,0,13002,592608,663,107293,5.489347511949313,0.15329739491728117
331,0.0341,0,3,0,13005,592605,663,107293,5.48931972285005,0.15329805200186314
332,0.0342,4,59,4,13064,592546,667,107289,5.4887732038978845,0.15330613644644808
333,0.0343,2,14,2,13078,592532,669,107287,5.488643521434659,0.1533067836111909
334,0.0344,1,21,1,13099,592511,670,107286,5.48844899773982,0.1533101742362428
335,0.0345,0,15,0,13114,592496,670,107286,5.488310052243507,0.15331346047769162
336,0.0346,2,39,2,13153,592457,672,107284,5.487948793953092,0.15331958538945123
337,0.0347,0,2,0,13155,592455,672,107284,5.487930267886917,0.1533200236088027
338,0.0348,1,19,1,13174,592436,673,107283,5.487754270258254,0.15332297679497056
339,0.0349,0,34,0,13208,592402,673,107283,5.487439327133276,0.15333042726369722
340,0.035,4,42,4,13250,592360,677,107279,5.487050279743599,0.1533347912280476
341,0.0351,2,40,2,13290,592320,679,107277,5.486679758420097,0.15334113782649153
342,0.0352,0,34,0,13324,592286,679,107277,5.48636481529512,0.1533485904771979
343,0.0353,1,20,1,13344,592266,680,107276,5.486179554633369,0.15335176444016227
344,0.0354,1,36,1,13380,592230,681,107275,5.485846085442217,0.15335844632990472
345,0.0355,4,32,4,13412,592198,685,107271,5.485549668383415,0.15336062069941628
346,0.0356,0,17,0,13429,592181,685,107271,5.485392196820927,0.15336434808964733
347,0.0357,1,51,1,13480,592130,686,107270,5.484919782133462,0.15337432084643982
348,0.0358,2,24,2,13504,592106,688,107268,5.484697469339361,0.15337716300577373
349,0.0359,1,25,1,13529,592081,689,107267,5.484465893512172,0.15338143527971768
350,0.036,0,3,0,13532,592078,689,107267,5.484438104412909,0.15338209324439298
351,0.0361,1,10,1,13542,592068,690,107266,5.484345474082033,0.15338307589792574
352,0.0362,2,12,2,13554,592056,692,107264,5.484234317684983,0.15338328662128925
353,0.0363,5,46,5,13600,592010,697,107259,5.483808218162955,0.15338732304735372
354,0.0364,0,7,0,13607,592003,697,107259,5.483743376931343,0.15338885853943157
355,0.0365,1,40,1,13647,591963,698,107258,5.48337285560784,0.1533964225902826
356,0.0366,2,12,2,13659,591951,700,107256,5.483261699210789,0.15339663361493808
357,0.0367,0,32,0,13691,591919,700,107256,5.482965282151988,0.15340365430686165
358,0.0368,2,27,2,13718,591892,702,107254,5.482715180258624,0.15340715673121208
359,0.0369,3,29,3,13747,591863,705,107251,5.482446552299085,0.1534098873717305
360,0.037,2,31,2,13778,591832,707,107249,5.482159398273371,0.15341426816062803
361,0.0371,0,11,0,13789,591821,707,107249,5.482057504909408,0.15341668216344573
362,0.0372,2,37,2,13826,591784,709,107247,5.481714772685168,0.15342238040945252
363,0.0373,0,36,0,13862,591748,709,107247,5.481381303494016,0.15343028204779718
364,0.0374,1,14,1,13876,591734,710,107246,5.481251621030791,0.15343214398122978
365,0.0375,0,11,0,13887,591723,710,107246,5.4811497276668275,0.15343455861418748
366,0.0376,5,13,5,13900,591710,715,107241,5.481029308236689,0.15343135641840416
367,0.0377,0,11,0,13911,591699,715,107241,5.480927414872726,0.15343377113915357
368,0.0378,1,19,1,13930,591680,716,107240,5.480751417244062,0.15343673095633262
369,0.0379,6,60,6,13990,591620,722,107234,5.480195635258809,0.1534426360870797
370,0.038,2,32,2,14022,591588,724,107232,5.479899218200007,0.1534472396325234
371,0.0381,2,19,2,14041,591569,726,107230,5.479723220571344,0.15344898890811234
372,0.0382,0,14,0,14055,591555,726,107230,5.4795935381081184,0.15345206322402455
373,0.0383,0,37,0,14092,591518,726,107230,5.479250805883878,0.15346018879481588
374,0.0384,0,20,0,14112,591498,726,107230,5.479065545222127,0.1534645813535453
375,0.0385,1,38,1,14150,591460,727,107229,5.478713549964801,0.1534717163144117
376,0.0386,1,25,1,14175,591435,728,107228,5.478481974137612,0.1534759962957821
377,0.0387,1,29,1,14204,591406,729,107227,5.478213346178072,0.15348115534193202
378,0.0388,1,19,1,14223,591387,730,107226,5.478037348549409,0.15348411781630172
379,0.0389,0,12,0,14235,591375,730,107226,5.477926192152358,0.15348675424169161
380,0.039,4,41,4,14276,591334,734,107222,5.477546407795769,0.153490915545783
381,0.0391,2,28,2,14304,591306,736,107220,5.4772870428693174,0.1534946444370002
382,0.0392,0,27,0,14331,591279,736,107220,5.477036940975953,0.15350057766725508
383,0.0393,0,23,0,14354,591256,736,107220,5.47682389121494,0.1535056322622395
384,0.0394,0,8,0,14362,591248,736,107220,5.476749786950239,0.15350739046026446
385,0.0395,1,17,1,14379,591231,737,107219,5.476592315387751,0.15350991481136803
386,0.0396,3,11,3,14390,591220,740,107216,5.4764904220237876,0.15350869657348704
387,0.0397,1,24,1,14414,591196,741,107215,5.476268109229686,0.1535127596787565
388,0.0398,3,32,3,14446,591164,744,107212,5.4759716921708845,0.15351615748536604
389,0.0399,2,22,2,14468,591142,746,107210,5.475767905442958,0.15351856943203426
390,0.04,1,62,1,14530,591080,747,107209,5.47519359739153,0.15353098788610448
391,0.0401,4,20,4,14550,591060,751,107205,5.475008336729779,0.1535305364009366
392,0.0402,5,24,5,14574,591036,756,107200,5.474786023935677,0.153529752118195
393,0.0403,1,20,1,14594,591016,757,107199,5.474600763273926,0.1535329375622122
394,0.0404,0,17,0,14611,590999,757,107199,5.474443291711438,0.15353667584266928
395,0.0405,3,17,3,14628,590982,760,107196,5.47428582014895,0.15353677715425007
396,0.0406,1,14,1,14642,590968,761,107195,5.474156137685724,0.15353864355458538
397,0.0407,0,11,0,14653,590957,761,107195,5.474054244321761,0.15354106269121912
398,0.0408,0,30,0,14683,590927,761,107195,5.473776353329134,0.15354766072405682
399,0.0409,3,23,3,14706,590904,764,107192,5.47356330356812,0.1535490820746717
400,0.041,1,25,1,14731,590879,765,107191,5.4733317277409315,0.15355336857335225
401,0.0411,2,12,2,14743,590867,767,107189,5.473220571343881,0.15355358309362
402,0.0412,4,41,4,14784,590826,771,107185,5.472840786987291,0.1535577519551984
403,0.0413,0,19,0,14803,590807,771,107185,5.472664789358627,0.15356193194191337
404,0.0414,2,19,2,14822,590788,773,107183,5.4724887917299645,0.15356368674343204
405,0.0415,6,39,6,14861,590749,779,107177,5.47212753343955,0.1535649911308649
406,0.0416,3,26,3,14887,590723,782,107174,5.471886694579273,0.15356707365126945
407,0.0417,2,45,2,14932,590678,784,107172,5.471469858090333,0.1535745504048148
408,0.0418,2,32,2,14964,590646,786,107170,5.471173441031532,0.15357916700104327
409,0.0419,1,17,1,14981,590629,787,107169,5.471015969469043,0.15358169556232606
410,0.042,2,83,2,15064,590546,789,107167,5.470247137722776,0.1535975393894051
411,0.0421,1,31,1,15095,590515,790,107166,5.469959983697062,0.15360315101027547
412,0.0422,0,13,0,15108,590502,790,107166,5.469839564266923,0.15360601317532122
413,0.0423,4,36,4,15144,590466,794,107162,5.469506095075771,0.1536090867912412
414,0.0424,4,38,4,15182,590428,798,107158,5.469154099818445,0.15361260117032166
415,0.0425,1,21,1,15203,590407,799,107157,5.468959576123606,0.15361601229421243
416,0.0426,0,5,0,15208,590402,799,107157,5.4689132609581685,0.15361711339112533
417,0.0427,3,31,3,15239,590371,802,107154,5.4686261069324535,0.15362030034765778
418,0.0428,1,27,1,15266,590344,803,107153,5.46837600503909,0.15362503351268894
419,0.0429,0,24,0,15290,590320,803,107153,5.4681536922449885,0.1536303197399756
420,0.043,0,21,0,15311,590299,803,107153,5.46795916855015,0.153634945487288
421,0.0431,0,19,0,15330,590280,803,107153,5.467783170921487,0.15363913092727186
422,0.0432,1,15,1,15345,590265,804,107152,5.467644225425174,0.1536412218228119
423,0.0433,2,73,2,15418,590192,806,107150,5.466968024009781,0.1536548780942493
424,0.0434,0,22,0,15440,590170,806,107150,5.466764237281856,0.1536597258073768
425,0.0435,0,11,0,15451,590159,806,107150,5.466662343917893,0.15366214977864906
426,0.0436,1,19,1,15470,590140,807,107149,5.466486346289229,0.15366512306948768
427,0.0437,1,32,1,15502,590108,808,107148,5.466189929230427,0.15367096159803573
428,0.0438,0,10,0,15512,590098,808,107148,5.466097298899552,0.15367316556853677
429,0.0439,1,28,1,15540,590070,809,107147,5.4658379339731,0.15367812316681895
430,0.044,0,13,0,15553,590057,809,107147,5.465717514542962,0.15368098863460336
431,0.0441,1,36,1,15589,590021,810,107146,5.46538404535181,0.15368771040511098
432,0.0442,1,34,1,15623,589987,811,107145,5.465069102226833,0.15369399195561242
433,0.0443,0,20,0,15643,589967,811,107145,5.464883841565082,0.15369840140465232
434,0.0444,1,12,1,15655,589955,812,107144,5.464772685168032,0.153699833165734
435,0.0445,0,1,0,15656,589954,812,107144,5.4647634221349435,0.15370005365099312
436,0.0446,0,18,0,15674,589936,812,107144,5.464596687539368,0.15370402249383142
437,0.0447,0,26,0,15700,589910,812,107144,5.464355848679092,0.15370975562868874
438,0.0448,0,28,0,15728,589882,812,107144,5.46409648375264,0.1537159302522431
439,0.0449,3,34,3,15762,589848,815,107141,5.4637815406276635,0.15371978610853257
440,0.045,0,30,0,15792,589818,815,107141,5.463503649635037,0.1537264028443567
441,0.0451,2,14,2,15806,589804,817,107139,5.463373967171811,0.15372706232790917
442,0.0452,1,23,1,15829,589781,818,107138,5.463160917410797,0.1537309213839772
443,0.0453,2,27,2,15856,589754,820,107136,5.462910815517433,0.15373444876522838
444,0.0454,0,28,0,15884,589726,820,107136,5.462651450590982,0.15374062583409628
445,0.0455,2,20,2,15904,589706,822,107134,5.462466189929231,0.1537426094942885
446,0.0456,0,7,0,15911,589699,822,107134,5.462401348697617,0.1537441539077512
447,0.0457,1,24,1,15935,589675,823,107133,5.4621790359035165,0.15374823480786673
448,0.0458,1,20,1,15955,589655,824,107132,5.4619937752417655,0.153751433364859
449,0.0459,0,14,0,15969,589641,824,107132,5.46186409277854,0.15375452263506192
450,0.046,0,22,0,15991,589619,824,107132,5.4616603060506135,0.15375937745335133
451,0.0461,0,11,0,16002,589608,824,107132,5.46155841268665,0.1537618049774665
452,0.0462,2,46,2,16048,589562,826,107130,5.461132313164622,0.15376952799802496
453,0.0463,3,27,3,16075,589535,829,107127,5.460882211271259,0.15377184344775516
454,0.0464,4,22,4,16097,589513,833,107123,5.460678424543333,0.15377184067432634
455,0.0465,0,10,0,16107,589503,833,107123,5.460585794212457,0.15377404805447972
456,0.0466,3,27,3,16134,589476,836,107120,5.460335692319093,0.15377636391825392
457,0.0467,0,22,0,16156,589454,836,107120,5.460131905591167,0.15378122065997296
458,0.0468,4,26,4,16182,589428,840,107116,5.45989106673089,0.15378210134607434
459,0.0469,1,27,1,16209,589401,841,107115,5.459640964837527,0.15378684768189102
460,0.047,1,14,1,16223,589387,842,107114,5.459511282374301,0.15378872392143011
461,0.0471,1,15,1,16238,589372,843,107113,5.459372336877987,0.1537908210514225
462,0.0472,1,14,1,16252,589358,844,107112,5.459242654414761,0.15379269746004853
463,0.0473,1,13,1,16265,589345,845,107111,5.459122234984624,0.15379435312496412
464,0.0474,3,21,3,16286,589324,848,107108,5.4589277112897845,0.15379534541778667
465,0.0475,5,41,5,16327,589283,853,107103,5.458547926933195,0.15379832449245104
466,0.0476,2,29,2,16356,589254,855,107101,5.458279298973656,0.15380229911467572
467,0.0477,0,27,0,16383,589227,855,107101,5.458029197080292,0.1538082627727163
468,0.0478,1,27,1,16410,589200,856,107100,5.457779095186928,0.15381301163291686
469,0.0479,0,7,0,16417,589193,856,107100,5.457714253955315,0.1538145579518967
470,0.048,1,11,1,16428,589182,857,107099,5.4576123605913525,0.15381577265500568
471,0.0481,3,42,3,16470,589140,860,107096,5.457223313201675,0.15382140538553019
472,0.0482,4,14,4,16484,589126,864,107092,5.457093630738449,0.15381963695279352
473,0.0483,2,37,2,16521,589089,866,107090,5.456750898514209,0.15382538111606353
474,0.0484,3,29,3,16550,589060,869,107087,5.4564822705546705,0.1538281426193031
475,0.0485,1,13,1,16563,589047,870,107086,5.456361851124532,0.15382979976527475
476,0.0486,1,80,1,16643,588967,871,107085,5.455620808477528,0.15384626435955934
477,0.0487,1,12,1,16655,588955,872,107084,5.455509652080477,0.1538477010627278
478,0.0488,1,17,1,16672,588938,873,107083,5.4553521805179885,0.15385024302427658
479,0.0489,0,11,0,16683,588927,873,107083,5.455250287154025,0.15385267453053836
480,0.049,1,18,1,16701,588909,874,107082,5.45508355255845,0.15385543778583344
481,0.0491,2,38,2,16739,588871,876,107080,5.454731557301122,0.15386140690939448
482,0.0492,0,20,0,16759,588851,876,107080,5.454546296639371,0.1538658286525532
483,0.0493,0,13,0,16772,588838,876,107080,5.454425877209234,0.15386870292189597
484,0.0494,2,36,2,16808,588802,878,107078,5.454092408018082,0.1538742311892855
485,0.0495,1,17,1,16825,588785,879,107077,5.453934936455593,0.1538767744179162
486,0.0496,1,39,1,16864,588746,880,107076,5.453573678165179,0.15388418302381932
487,0.0497,2,55,2,16919,588691,882,107074,5.453064211345363,0.1538939153306073
488,0.0498,4,28,4,16947,588663,886,107070,5.452804846418911,0.15389524429630333
489,0.0499,1,55,1,17002,588608,887,107069,5.452295379599096,0.15390619497266692
490,0.05,1,29,1,17031,588579,888,107068,5.452026751639557,0.1539113947159982
491,0.0501,1,22,1,17053,588557,889,107067,5.4518229649116305,0.1539150460593654
492,0.0502,1,16,1,17069,588541,890,107066,5.451674756382229,0.15391737000921496
493,0.0503,2,33,2,17102,588508,892,107064,5.451369076290341,0.15392223953810677
494,0.0504,1,23,1,17125,588485,893,107063,5.451156026529326,0.15392611293541208
495,0.0505,1,21,1,17146,588464,894,107062,5.450961502834488,0.15392954397103775
496,0.0506,4,47,4,17193,588417,898,107058,5.450526140279373,0.1539350803407743
497,0.0507,4,25,4,17218,588392,902,107054,5.450294564452184,0.15393574770722673
498,0.0508,2,30,2,17248,588362,904,107052,5.450016673459557,0.15393995519215892
499,0.0509,2,17,2,17265,588345,906,107050,5.449859201897069,0.15394128516886085
500,0.051,4,35,4,17300,588310,910,107046,5.449534995739005,0.15394416672898487
501,0.0511,1,6,1,17306,588304,911,107045,5.44947941754048,0.1539442783408044
502,0.0512,0,10,0,17316,588294,911,107045,5.449386787209604,0.15394649228649623
503,0.0513,1,92,1,17408,588202,912,107044,5.448534588165549,0.15396564669196228
504,0.0514,2,39,2,17447,588163,914,107042,5.448173329875134,0.1539718500298473
505,0.0515,0,14,0,17461,588149,914,107042,5.448043647411908,0.15397495076892537
506,0.0516,3,26,3,17487,588123,917,107039,5.447802808551632,0.1539770585849054
507,0.0517,2,16,2,17503,588107,919,107037,5.447654600022231,0.15397816855212734
508,0.0518,4,9,4,17512,588098,923,107033,5.447571232724443,0.15397529386547285
509,0.0519,2,45,2,17557,588053,925,107031,5.447154396235503,0.15398282797474838
510,0.052,0,19,0,17576,588034,925,107031,5.44697839860684,0.15398703718357276
511,0.0521,3,19,3,17595,588015,928,107028,5.446802400978176,0.15398759501210715
512,0.0522,0,18,0,17613,587997,928,107028,5.4466356663826,0.15399158303658142
513,0.0523,0,15,0,17628,587982,928,107028,5.446496720886287,0.1539949065481072
514,0.0524,5,67,5,17695,587915,933,107023,5.445876097669421,0.15400366651413508
515,0.0525,3,61,3,17756,587854,936,107020,5.44531105265108,0.15401353338878704
516,0.0526,2,15,2,17771,587839,938,107018,5.445172107154767,0.15401442311151792
517,0.0527,7,51,7,17822,587788,945,107011,5.444699692467301,0.15401720497582755
518,0.0528,1,39,1,17861,587749,946,107010,5.444338434176887,0.15402463300223532
519,0.0529,1,16,1,17877,587733,947,107009,5.444190225647486,0.15402696252709638
520,0.053,1,12,1,17889,587721,948,107008,5.444079069250435,0.1540284053206358
521,0.0531,4,54,4,17943,587667,952,107004,5.443578865463707,0.15403550745604755
522,0.0532,1,33,1,17976,587634,953,107003,5.443273185371818,0.1540416073431159
523,0.0533,2,41,2,18017,587593,955,107001,5.442893401015229,0.15404826416582926
524,0.0534,0,23,0,18040,587570,955,107001,5.442680351254214,0.15405336531470504
525,0.0535,1,66,1,18106,587504,956,107000,5.442068991070436,0.15406678723232695
526,0.0536,3,23,3,18129,587481,959,106997,5.441855941309423,0.15406823542286438
527,0.0537,2,26,2,18155,587455,961,106995,5.441615102449146,0.1540715674274606
528,0.0538,1,10,1,18165,587445,962,106994,5.441522472118271,0.15407256792893256
529,0.0539,3,21,3,18186,587424,965,106991,5.441327948423432,0.1540735727194833
530,0.054,3,33,3,18219,587391,968,106988,5.441022268331542,0.15407724023912014
531,0.0541,0,6,0,18225,587385,968,106988,5.440966690133017,0.15407857160344657
532,0.0542,0,12,0,18237,587373,968,106988,5.4408555337359665,0.15408123440112564
533,0.0543,5,34,5,18271,587339,973,106983,5.44054059061099,0.1540826878595234
534,0.0544,0,18,0,18289,587321,973,106983,5.440373856015413,0.15408668249066693
535,0.0545,1,24,1,18313,587297,974,106982,5.440151543221313,0.15409079058995015
536,0.0546,0,22,0,18335,587275,974,106982,5.439947756493386,0.15409567350419226
537,0.0547,2,40,2,18375,587235,976,106980,5.439577235169884,0.15410211533890797
538,0.0548,1,32,1,18407,587203,977,106979,5.439280818111082,0.15410800049554726
539,0.0549,1,58,1,18465,587145,978,106978,5.438743562192004,0.1541196589077152
540,0.055,3,49,3,18514,587096,981,106975,5.438289673570714,0.15412688327274876
541,0.0551,3,19,3,18533,587077,984,106972,5.43811367594205,0.15412744633303987
542,0.0552,1,18,1,18551,587059,985,106971,5.437946941346475,0.1541302249182312
543,0.0553,0,36,0,18587,587023,985,106971,5.437613472155323,0.15413822021516035
544,0.0554,0,22,0,18609,587001,985,106971,5.437409685427396,0.15414310663830819
545,0.0555,0,32,0,18641,586969,985,106971,5.437113268368595,0.15415021471596968
546,0.0556,4,49,4,18690,586920,989,106967,5.436659379747304,0.15415622428435755
547,0.0557,3,30,3,18720,586890,992,106964,5.4363814887546775,0.1541592323457096
548,0.0558,3,59,3,18779,586831,995,106961,5.435834969802512,0.15416868456252017
549,0.0559,1,49,1,18828,586782,996,106960,5.435381081181222,0.15417835448913284
550,0.056,2,31,2,18859,586751,998,106958,5.435093927155508,0.1541828057586106
551,0.0561,1,23,1,18882,586728,999,106957,5.434880877394494,0.15418669857356004
552,0.0562,3,27,3,18909,586701,1002,106954,5.43463077550113,0.15418904210306275
553,0.0563,1,16,1,18925,586685,1003,106953,5.434482566971729,0.15419137936502902
554,0.0564,1,26,1,18951,586659,1004,106952,5.434241728111453,0.1541959397991093
555,0.0565,0,9,0,18960,586650,1004,106952,5.434158360813665,0.1541979406057076
556,0.0566,1,21,1,18981,586629,1005,106951,5.433963837118826,0.15420138989013524
557,0.0567,6,33,6,19014,586596,1011,106945,5.433658157026937,0.1542014098661795
558,0.0568,9,82,9,19096,586514,1020,106936,5.4328985883137575,0.15420866681087317
559,0.0569,5,67,5,19163,586447,1025,106931,5.432277965096891,0.15421746868230604
560,0.057,0,25,0,19188,586422,1025,106931,5.432046389269702,0.1542230292506126
561,0.0571,2,15,2,19203,586407,1027,106929,5.431907443773389,0.15422392606182284
562,0.0572,1,11,1,19214,586396,1028,106928,5.431805550409426,0.1542251530309062
563,0.0573,1,19,1,19233,586377,1029,106927,5.4316295527807625,0.1542281596529084
564,0.0574,1,24,1,19257,586353,1030,106926,5.431407239986661,0.15423227877953896
565,0.0575,1,22,1,19279,586331,1031,106925,5.431203453258735,0.15423595324093842
566,0.0576,1,16,1,19295,586315,1032,106924,5.431055244729334,0.15423829299851854
567,0.0577,1,13,1,19308,586302,1033,106923,5.430934825299196,0.1542399653792059
568,0.0578,3,39,3,19347,586263,1036,106920,5.430573567008781,0.15424498292658648
569,0.0579,1,21,1,19368,586242,1037,106919,5.430379043313943,0.15424843578908795
570,0.058,1,38,1,19406,586204,1038,106918,5.4300270480566155,0.1542556721616108
571,0.0582,0,16,0,19422,586188,1038,106918,5.429878839527214,0.15425923307546033
572,0.0583,3,30,3,19452,586158,1041,106915,5.429600948534588,0.1542622494311566
573,0.0584,4,42,4,19494,586116,1045,106911,5.429211901144911,0.15426671688116048
574,0.0585,1,31,1,19525,586085,1046,106910,5.428924747119197,0.1542723973477442
575,0.0586,2,23,2,19548,586062,1048,106908,5.428711697358183,0.1542750768431534
576,0.0587,0,18,0,19566,586044,1048,106908,5.428544962762607,0.15427908426557685
577,0.0588,1,10,1,19576,586034,1049,106907,5.428452332431731,0.15428009022413164
578,0.0589,0,19,0,19595,586015,1049,106907,5.428276334803068,0.1542843206017416
579,0.059,2,36,2,19631,585979,1051,106905,5.427942865611916,0.15428989556693473
580,0.0591,1,20,1,19651,585959,1052,106904,5.427757604950165,0.1542931286560258
581,0.0592,3,48,3,19699,585911,1055,106901,5.427312979361962,0.1543001564638026
582,0.0593,4,57,4,19756,585854,1059,106897,5.426784986475972,0.1543079692414735
583,0.0594,0,13,0,19769,585841,1059,106897,5.426664567045833,0.15431086500235297
584,0.0595,8,64,8,19833,585777,1067,106889,5.42607173292823,0.15431535545270014
585,0.0596,2,30,2,19863,585747,1069,106887,5.4257938419356035,0.15431959736310952
586,0.0597,4,62,4,19925,585685,1073,106883,5.425219533884175,0.15432852802901664
587,0.0598,1,96,1,20021,585589,1074,106882,5.4243302827077695,0.1543487019673026
588,0.0599,4,42,4,20063,585547,1078,106878,5.423941235318092,0.15435317904466186
589,0.06,4,45,4,20108,585502,1082,106874,5.423524398829152,0.15435832553410286
590,0.0601,2,33,2,20141,585469,1084,106872,5.423218718737263,0.15436324007967173
591,0.0602,2,34,2,20175,585435,1086,106870,5.422903775612286,0.15436837809924817
592,0.0603,0,18,0,20193,585417,1086,106870,5.422737041016711,0.1543723917970437
593,0.0604,6,41,6,20234,585376,1092,106864,5.422357256660121,0.15437420547786895
594,0.0605,3,28,3,20262,585348,1095,106861,5.422097891733669,0.15437678504613492
595,0.0606,1,15,1,20277,585333,1096,106860,5.421958946237356,0.1543789087725533
596,0.0607,1,27,1,20304,585306,1097,106859,5.421708844343992,0.1543837090867062
597,0.0608,3,22,3,20326,585284,1100,106856,5.4215050576160655,0.15438495102146965
598,0.0609,1,17,1,20343,585267,1101,106855,5.421347586053577,0.1543875212751509
599,0.061,1,39,1,20382,585228,1102,106854,5.4209863277631625,0.15439499943648297
600,0.0611,0,14,0,20396,585214,1102,106854,5.420856645299937,0.15439812272782444
601,0.0612,1,5,1,20401,585209,1103,106853,5.4208103301345,0.15439801636269582
602,0.0613,3,41,3,20442,585168,1106,106850,5.42043054577791,0.15440349817490295
603,0.0614,2,18,2,20460,585150,1108,106848,5.420263811182333,0.15440507053488595
604,0.0615,0,5,0,20465,585145,1108,106848,5.420217496016896,0.1544061861897447
605,0.0616,5,21,5,20486,585124,1113,106843,5.420022972322057,0.15440476207680423
606,0.0617,2,29,2,20515,585095,1115,106841,5.419754344362518,0.15440878925218518
607,0.0618,1,27,1,20542,585068,1116,106840,5.419504242469154,0.15441359255854825
608,0.0619,0,21,0,20563,585047,1116,106840,5.419309718774316,0.15441827928549026
609,0.062,0,15,0,20578,585032,1116,106840,5.419170773278002,0.15442162712177976
610,0.0621,7,51,7,20629,584981,1123,106833,5.418698358590537,0.15442445512811248
611,0.0622,1,50,1,20679,584931,1124,106832,5.418235206936159,0.15443439443855772
612,0.0623,6,30,6,20709,584901,1130,106826,5.417957315943532,0.15443375782642574
613,0.0624,1,11,1,20720,584890,1131,106825,5.41785542257957,0.1544349912897653
614,0.0625,5,37,5,20757,584853,1136,106820,5.41751269035533,0.15443714009365697
615,0.0626,2,42,2,20799,584811,1138,106818,5.417123642965652,0.15444407333989754
616,0.0627,1,20,1,20819,584791,1139,106817,5.4169383823039015,0.15444731697724723
617,0.0628,4,45,4,20864,584746,1143,106813,5.416521545814962,0.15445247621677977
618,0.0629,4,62,4,20926,584684,1147,106809,5.415947237763533,0.15446143344907323
619,0.063,4,43,4,20969,584641,1151,106805,5.415548927340769,0.15446614775412687
620,0.0631,1,24,1,20993,584617,1152,106804,5.415326614546667,0.15447028655479078
621,0.0632,0,13,0,21006,584604,1152,106804,5.415206195116529,0.1544731909379122
622,0.0633,1,33,1,21039,584571,1153,106803,5.41490051502464,0.15447934113808157
623,0.0634,5,32,5,21071,584539,1158,106798,5.414604097965838,0.15448037643001894
624,0.0635,0,15,0,21086,584524,1158,106798,5.414465152469525,0.154483728277127
625,0.0636,0,17,0,21103,584507,1158,106798,5.4143076809070365,0.15448752721302464
626,0.0637,1,5,1,21108,584502,1159,106797,5.4142613657415986,0.15448742150646827
627,0.0638,5,103,5,21211,584399,1164,106792,5.41330727333358,0.15450432658990063
628,0.0639,1,22,1,21233,584377,1165,106791,5.413103486605654,0.1545080212046854
629,0.064,6,46,6,21279,584331,1171,106785,5.412677387083627,0.15451096487420346
630,0.0641,0,19,0,21298,584312,1171,106785,5.412501389454963,0.15451521277042152
631,0.0642,4,26,4,21324,584286,1175,106781,5.412260550594687,0.15451613229976255
632,0.0643,3,26,3,21350,584260,1178,106778,5.41201971173441,0.15451827540598345
633,0.0644,1,14,1,21364,584246,1179,106777,5.411890029271184,0.1545201823962444
634,0.0645,1,16,1,21380,584230,1180,106776,5.411741820741784,0.1545225367073513
635,0.0646,2,22,2,21402,584208,1182,106774,5.411538034013858,0.15452500933454127
636,0.0647,5,45,5,21447,584163,1187,106769,5.411121197524918,0.15452895509254166
637,0.0648,1,27,1,21474,584136,1188,106768,5.4108710956315536,0.1545337702488334
638,0.0649,0,28,0,21502,584108,1188,106768,5.410611730705102,0.15454003323317064
639,0.065,2,47,2,21549,584061,1190,106766,5.410176368149987,0.15454809959657048
640,0.0651,3,23,3,21572,584038,1193,106763,5.409963318388973,0.15454957361092414
641,0.0652,0,6,0,21578,584032,1193,106763,5.409907740190448,0.15455091597362458
642,0.0653,1,16,1,21594,584016,1194,106762,5.409759531661047,0.15455327181815287
643,0.0654,0,25,0,21619,583991,1194,106762,5.409527955833858,0.15455886547000158
644,0.0655,0,20,0,21639,583971,1194,106762,5.409342695172107,0.15456334068301356
645,0.0656,2,34,2,21673,583937,1196,106760,5.40902775204713,0.1545685010938226
646,0.0657,0,10,0,21683,583927,1196,106760,5.4089351217162545,0.1545707389888618
647,0.0658,5,44,5,21727,583883,1201,106755,5.408527548260403,0.15457446592860513
648,0.0659,3,56,3,21783,583827,1204,106752,5.4080088184075,0.1545833279031074
649,0.066,1,16,1,21799,583811,1205,106751,5.407860609878099,0.15458568528242214
650,0.0661,0,13,0,21812,583798,1205,106751,5.40774019044796,0.1545885954508659
651,0.0662,3,38,3,21850,583760,1208,106748,5.4073881951906335,0.1545934297647529
652,0.0663,3,22,3,21872,583738,1211,106745,5.407184408462707,0.15459468227313344
653,0.0664,0,17,0,21889,583721,1211,106745,5.407026936900219,0.15459848855700353
654,0.0665,2,23,2,21912,583698,1213,106743,5.406813887139205,0.1546011896744255
655,0.0666,2,12,2,21924,583686,1215,106741,5.406702730742154,0.15460142781206412
656,0.0667,4,23,4,21947,583663,1219,106737,5.4064896809811405,0.15460168018539977
657,0.0668,4,47,4,21994,583616,1223,106733,5.406054318426025,0.15460730731847225
658,0.0669,1,24,1,22018,583592,1224,106732,5.4058320056319245,0.15461145780821758
659,0.067,4,20,4,22038,583572,1228,106728,5.405646744970173,0.1546110386788353
660,0.0671,0,8,0,22046,583564,1228,106728,5.405572640705473,0.15461283051230493
661,0.0672,0,11,0,22057,583553,1228,106728,5.40547074734151,0.15461529435114105
662,0.0673,0,23,0,22080,583530,1228,106728,5.405257697580495,0.1546204462679172
663,0.0674,0,19,0,22099,583511,1228,106728,5.4050816999518325,0.15462470245813406
664,0.0675,2,76,2,22175,583435,1230,106726,5.4043777094371785,0.15463927982021586
665,0.0676,3,38,3,22213,583397,1233,106723,5.404025714179851,0.1546441198632122
666,0.0677,1,22,1,22235,583375,1234,106722,5.403821927451925,0.1546478248709964
667,0.0678,0,19,0,22254,583356,1234,106722,5.403645929823261,0.1546520828080304
668,0.0679,1,19,1,22273,583337,1235,106721,5.403469932194597,0.1546551159467755
669,0.068,4,31,4,22304,583306,1239,106717,5.403182778168883,0.154657163601793
670,0.0681,1,11,1,22315,583295,1240,106716,5.40308088480492,0.15465840399645803
671,0.0682,2,27,2,22342,583268,1242,106714,5.402830782911557,0.1546620056755104
672,0.0683,1,25,1,22367,583243,1243,106713,5.402599207084368,0.15466638452307105
673,0.0684,2,64,2,22431,583179,1245,106711,5.402006372966764,0.1546782820449637
674,0.0685,1,37,1,22468,583142,1246,106710,5.401663640742525,0.1546853528003108
675,0.0686,1,8,1,22476,583134,1247,106709,5.401589536477824,0.15468592128933684
676,0.0687,2,25,2,22501,583109,1249,106707,5.4013579606506354,0.1546890765073585
677,0.0688,3,48,3,22549,583061,1252,106704,5.400913335062433,0.15469616463578176
678,0.0689,2,40,2,22589,583021,1254,106702,5.400542813738931,0.15470268499093115
679,0.069,2,15,2,22604,583006,1256,106700,5.400403868242617,0.154703598344802
680,0.0691,1,25,1,22629,582981,1257,106699,5.400172292415428,0.15470798051270154
681,0.0692,2,3,2,22632,582978,1259,106697,5.400144503316166,0.15470620219668685
682,0.0693,2,14,2,22646,582964,1261,106695,5.40001482085294,0.15470689137675286
683,0.0694,1,17,1,22663,582947,1262,106694,5.399857349290452,0.1547094792797992
684,0.0695,2,19,2,22682,582928,1264,106692,5.399681351661788,0.15471129027580408
685,0.0696,1,26,1,22708,582902,1265,106691,5.399440512801512,0.1547158976381721
686,0.0697,0,15,0,22723,582887,1265,106691,5.399301567305199,0.15471926308553927
687,0.0698,1,10,1,22733,582877,1266,106690,5.399208936974323,0.1547202809879243
688,0.0699,1,19,1,22752,582858,1267,106689,5.399032939345659,0.1547233183524836
689,0.07,2,24,2,22776,582834,1269,106687,5.398810626551558,0.15472625199232512
690,0.0701,1,15,1,22791,582819,1270,106686,5.398671681055244,0.15472839210738137
691,0.0702,2,36,2,22827,582783,1272,106684,5.398338211864092,0.15473401917713248
692,0.0703,4,49,4,22876,582734,1276,106680,5.397884323242803,0.1547401126173823
693,0.0704,3,35,3,22911,582699,1279,106677,5.397560117084738,0.15474429048878985
694,0.0705,0,14,0,22925,582685,1279,106677,5.397430434621512,0.1547474331338252
695,0.0706,1,3,1,22928,582682,1280,106676,5.3974026455222495,0.1547468804307776
696,0.0707,3,51,3,22979,582631,1283,106673,5.396930230834784,0.15475465106832398
697,0.0708,0,13,0,22992,582618,1283,106673,5.396809811404647,0.1547575697346984
698,0.0709,0,20,0,23012,582598,1283,106673,5.396624550742895,0.15476206020563754
699,0.071,3,25,3,23037,582573,1286,106670,5.396392974915706,0.15476399470143332
700,0.0711,0,7,0,23044,582566,1286,106670,5.396328133684094,0.1547655665113256
701,0.0712,2,29,2,23073,582537,1288,106668,5.396059505724555,0.1547696258732888
702,0.0713,3,23,3,23096,582514,1291,106665,5.39584645596354,0.15477111171408298
703,0.0714,4,50,4,23146,582464,1295,106661,5.395383304309163,0.15477743515327408
704,0.0715,1,13,1,23159,582451,1296,106660,5.395262884879025,0.1547791284713203
705,0.0716,0,23,0,23182,582428,1296,106660,5.395049835118011,0.15478429460388224
706,0.0717,2,19,2,23201,582409,1298,106658,5.394873837489348,0.15478610933334494
707,0.0718,4,22,4,23223,582387,1302,106654,5.394670050761421,0.15478614480125275
708,0.0719,2,23,2,23246,582364,1304,106652,5.394457001000408,0.1547888583138853
709,0.072,3,41,3,23287,582323,1307,106649,5.394077216643818,0.15479438932206244
710,0.0721,1,39,1,23326,582284,1308,106648,5.393715958353403,0.15480192529886838
711,0.0722,0,16,0,23342,582268,1308,106648,5.393567749824002,0.15480552055693292
712,0.0723,2,25,2,23367,582243,1310,106646,5.393336173996813,0.15480868470827666
713,0.0724,0,25,0,23392,582218,1310,106646,5.393104598169625,0.15481430296836532
714,0.0725,0,16,0,23408,582202,1310,106646,5.392956389640224,0.1548178988688361
715,0.0726,3,50,3,23458,582152,1313,106643,5.392493237985846,0.15482545605005843
716,0.0727,1,33,1,23491,582119,1314,106642,5.392187557893957,0.1548316469718814
717,0.0728,4,28,4,23519,582091,1318,106638,5.391928192967505,0.1548330330216965
718,0.0729,0,14,0,23533,582077,1318,106638,5.391798510504279,0.1548361804229616
719,0.073,1,19,1,23552,582058,1319,106637,5.391622512875616,0.15483922491088217
720,0.0731,2,16,2,23568,582042,1321,106635,5.391474304346215,0.1548403678357198
721,0.0732,0,10,0,23578,582032,1321,106635,5.3913816740153395,0.15484261624268333
722,0.0733,1,40,1,23618,581992,1322,106634,5.391011152691838,0.1548503832268895
723,0.0734,2,18,2,23636,581974,1324,106632,5.390844418096261,0.15485197631156278
724,0.0735,1,12,1,23648,581962,1325,106631,5.390733261699211,0.15485344753722446
725,0.0736,1,21,1,23669,581941,1326,106630,5.3905387380043726,0.15485694285701837
726,0.0737,3,36,3,23705,581905,1329,106627,5.3902052688132205,0.15486135720634625
727,0.0738,5,61,5,23766,581844,1334,106622,5.3896402237948795,0.1548689405141285
728,0.0739,3,25,3,23791,581819,1337,106619,5.389408647967691,0.1548708816189693
729,0.074,2,24,2,23815,581795,1339,106617,5.389186335173589,0.15487382555795076
730,0.0741,2,8,2,23823,581787,1341,106615,5.389112230908889,0.15487317003727474
731,0.0742,0,29,0,23852,581758,1341,106615,5.38884360294935,0.15487969458418618
732,0.0743,0,23,0,23875,581735,1341,106615,5.388630553188336,0.1548848696157478
733,0.0744,2,15,2,23890,581720,1343,106613,5.388491607692023,0.15488578929093913
734,0.0745,2,29,2,23919,581691,1345,106611,5.388222979732483,0.15488985939311523
735,0.0746,1,35,1,23954,581656,1346,106610,5.3878987735744195,0.1548965080361372
736,0.0747,4,26,4,23980,581630,1350,106606,5.3876579347141424,0.15489744796842944
737,0.0748,1,18,1,23998,581612,1351,106605,5.387491200118567,0.15490027128071523
738,0.0749,0,12,0,24010,581600,1351,106605,5.3873800437215165,0.15490297222484578
739,0.075,0,32,0,24042,581568,1351,106605,5.387083626662714,0.1549101752030376
740,0.0751,3,51,3,24093,581517,1354,106602,5.386611211975249,0.1549179720368134
741,0.0752,0,14,0,24107,581503,1354,106602,5.386481529512023,0.15492112395637295
742,0.0753,0,13,0,24120,581490,1354,106602,5.386361110081885,0.15492405085366492
743,0.0754,0,12,0,24132,581478,1354,106602,5.3862499536848345,0.15492675270317405
744,0.0755,2,83,2,24215,581395,1356,106600,5.385481121938567,0.1549429865042624
745,0.0756,0,27,0,24242,581368,1356,106600,5.385231020045204,0.15494906739848366
746,0.0757,2,27,2,24269,581341,1358,106598,5.3849809181518395,0.15495269202647327
747,0.0758,6,78,6,24347,581263,1364,106592,5.38425840157101,0.15496289188855208
748,0.0759,1,16,1,24363,581247,1365,106591,5.38411019304161,0.15496526798461266
749,0.076,1,23,1,24386,581224,1366,106590,5.3838971432805955,0.1549692213301852
750,0.0761,0,50,0,24436,581174,1366,106590,5.383433991626218,0.15498048749280277
751,0.0762,0,18,0,24454,581156,1366,106590,5.383267257030642,0.15498454371235892
752,0.0763,3,16,3,24470,581140,1369,106587,5.383119048501241,0.15498446331175017
753,0.0764,3,49,3,24519,581091,1372,106584,5.382665159879951,0.15499182026393282
754,0.0765,2,14,2,24533,581077,1374,106582,5.3825354774167256,0.15499251809399717
755,0.0766,3,59,3,24592,581018,1377,106579,5.38198895846456,0.15500213060848142
756,0.0767,2,48,2,24640,580970,1379,106577,5.3815443328763575,0.1550104938280583
757,0.0768,1,19,1,24659,580951,1380,106576,5.381368335247694,0.15501354855882024
758,0.0769,7,36,7,24695,580915,1387,106569,5.381034866056542,0.15501306212217303
759,0.077,3,57,3,24752,580858,1390,106566,5.3805068731705505,0.15502222791174006
760,0.0771,0,9,0,24761,580849,1390,106566,5.380423505872763,0.15502425754456914
761,0.0772,2,14,2,24775,580835,1392,106564,5.380293823409537,0.15502495639359382
762,0.0773,0,57,0,24832,580778,1392,106564,5.379765830523547,0.15503781232632372
763,0.0774,2,3,2,24835,580775,1394,106562,5.379738041424284,0.15503603036065278
764,0.0775,1,14,1,24849,580761,1395,106561,5.379608358961058,0.15503795891881825
765,0.0776,7,49,7,24898,580712,1402,106554,5.379154470339768,0.15504040648016926
766,0.0777,1,15,1,24913,580697,1403,106553,5.379015524843455,0.1550425609312477
767,0.0778,6,78,6,24991,580619,1409,106547,5.3782930082626255,0.1550527820060946
768,0.0779,3,35,3,25026,580584,1412,106544,5.3779688021045615,0.15505699083722393
769,0.078,1,47,1,25073,580537,1413,106543,5.377533439549446,0.15506636781743027
770,0.0781,1,27,1,25100,580510,1414,106542,5.377283337656082,0.1550712318718234
771,0.0782,3,47,3,25147,580463,1417,106539,5.376847975100967,0.1550781511553096
772,0.0783,3,30,3,25177,580433,1420,106536,5.376570084108341,0.155081233651009
773,0.0784,3,56,3,25233,580377,1423,106533,5.376051354255438,0.15509018648731274
774,0.0785,4,58,4,25291,580319,1427,106529,5.375514098336359,0.155098362374208
775,0.0786,1,7,1,25298,580312,1428,106528,5.375449257104746,0.15509871294624658
776,0.0787,3,37,3,25335,580275,1431,106525,5.375106524880507,0.15510337798485732
777,0.0788,2,31,2,25366,580244,1433,106523,5.374819370854793,0.15510791869731655
778,0.0789,0,16,0,25382,580228,1433,106523,5.3746711623253915,0.1551115324185913
779,0.079,2,51,2,25433,580177,1435,106521,5.3741987476379265,0.15512059158465585
780,0.0791,5,57,5,25490,580120,1440,106516,5.373670754751936,0.15512731636558527
781,0.0792,4,62,4,25552,580058,1444,106512,5.373096446700508,0.15513640269746712
782,0.0793,3,46,3,25598,580012,1447,106509,5.37267034717848,0.15514310560055702
783,0.0794,0,17,0,25615,579995,1447,106509,5.372512875615992,0.15514694743220725
784,0.0795,2,15,2,25630,579980,1449,106507,5.372373930119679,0.1551478760704864
785,0.0796,2,25,2,25655,579955,1451,106505,5.37214235429249,0.15515106488360575
786,0.0797,1,22,1,25677,579933,1452,106504,5.3719385675645634,0.1551548066319269
787,0.0798,3,21,3,25698,579912,1455,106501,5.371744043869724,0.1551558609758265
788,0.0799,4,67,4,25765,579845,1459,106497,5.371123420652858,0.1551660833811715
789,0.08,4,68,4,25833,579777,1463,106493,5.370493534402905,0.15517653401722353
790,0.0801,0,20,0,25853,579757,1463,106493,5.370308273741154,0.15518105646630237
791,0.0802,1,27,1,25880,579730,1464,106492,5.3700581718477896,0.1551859310835269
792,0.0803,0,46,0,25926,579684,1464,106492,5.3696320723257625,0.1551963344681248
793,0.0804,5,108,5,26034,579576,1469,106487,5.368631664752306,0.155214608570933
794,0.0805,1,29,1,26063,579547,1470,106486,5.3683630367927675,0.15521993839946474
795,0.0806,3,33,3,26096,579514,1473,106483,5.368057356700878,0.15522371089086395
796,0.0807,2,71,2,26167,579443,1475,106481,5.367399681351662,0.15523731492118661
797,0.0808,3,37,3,26204,579406,1478,106478,5.367056949127423,0.15524199427308408
798,0.0809,0,56,0,26260,579350,1478,106478,5.36653821927452,0.1552546702671807
799,0.081,2,23,2,26283,579327,1480,106476,5.366325169513505,0.1552574135721191
800,0.0811,3,29,3,26312,579298,1483,106473,5.3660565415539665,0.1552602836807039
801,0.0812,4,41,4,26353,579257,1487,106469,5.3656767571973765,0.15526463922907985
802,0.0813,1,34,1,26387,579223,1488,106468,5.3653618140724,0.15527110608131067
803,0.0814,5,44,5,26431,579179,1493,106463,5.364954240616547,0.1552749102301201
804,0.0815,0,20,0,26451,579159,1493,106463,5.364768979954796,0.15527943969125846
805,0.0816,4,19,4,26470,579140,1497,106459,5.3645929823261325,0.15527881458403528
806,0.0817,0,36,0,26506,579104,1497,106459,5.364259513134981,0.15528696852076324
807,0.0818,3,24,3,26530,579080,1500,106456,5.36403720034088,0.15528870839751668
808,0.0819,0,16,0,26546,579064,1500,106456,5.3638889918114785,0.1552923328276345
809,0.082,1,12,1,26558,579052,1501,106455,5.363777835414428,0.15529381902737682
810,0.0821,2,21,2,26579,579031,1503,106453,5.363583311719589,0.1552961119442613
811,0.0822,0,21,0,26600,579010,1503,106453,5.363388788024751,0.15530086963118359
812,0.0823,1,47,1,26647,578963,1504,106452,5.362953425469636,0.1553102864687817
813,0.0824,0,8,0,26655,578955,1504,106452,5.362879321204935,0.15531209923446945
814,0.0825,0,13,0,26668,578942,1504,106452,5.362758901774797,0.15531504506896762
815,0.0826,4,25,4,26693,578917,1508,106448,5.3625273259476085,0.1553157806424314
816,0.0827,3,60,3,26753,578857,1511,106445,5.361971543962355,0.1553256812325077
817,0.0828,1,38,1,26791,578819,1512,106444,5.361619548705028,0.15533306190469937
818,0.0829,0,13,0,26804,578806,1512,106444,5.36149912927489,0.15533600875592848
819,0.083,4,24,4,26828,578782,1516,106440,5.361276816480789,0.15533651867569925
820,0.0831,0,6,0,26834,578776,1516,106440,5.361221238282263,0.15533787885863728
821,0.0832,2,20,2,26854,578756,1518,106438,5.361035977620512,0.15533994751851302
822,0.0833,0,74,0,26928,578682,1518,106438,5.360350513172033,0.15535672582905186
823,0.0834,3,28,3,26956,578654,1521,106435,5.360091148245582,0.15535937666492966
824,0.0835,0,8,0,26964,578646,1521,106435,5.360017043980881,0.15536119086648148
825,0.0836,3,17,3,26981,578629,1524,106432,5.359859572418393,0.15536134738366364
826,0.0837,0,9,0,26990,578620,1524,106432,5.359776205120605,0.15536338847269987
827,0.0838,3,18,3,27008,578602,1527,106429,5.359609470525029,0.15536377185849984
828,0.0839,0,10,0,27018,578592,1527,106429,5.3595168401941535,0.15536603987323017
829,0.084,6,51,6,27069,578541,1533,106423,5.359044425506688,0.1553702092372738
830,0.0841,0,16,0,27085,578525,1533,106423,5.358896216977287,0.15537383859796655
831,0.0842,2,17,2,27102,578508,1535,106421,5.358738745414799,0.15537522867333695
832,0.0843,2,71,2,27173,578437,1537,106419,5.358081070065582,0.1553888700690364
833,0.0844,1,51,1,27224,578386,1538,106418,5.357608655378117,0.1553992091167692
834,0.0845,0,42,0,27266,578344,1538,106418,5.35721960798844,0.15540874055511258
835,0.0846,1,17,1,27283,578327,1539,106417,5.357062136425951,0.15541136541539613
836,0.0847,1,48,1,27331,578279,1540,106416,5.356617510837749,0.15542102688058188
837,0.0848,2,50,2,27381,578229,1542,106414,5.356154359183371,0.15542991018676888
838,0.0849,5,52,5,27433,578177,1547,106409,5.355672681462818,0.1554355479077866
839,0.085,3,23,3,27456,578154,1550,106406,5.355459631701804,0.15543706906626154
840,0.0851,0,15,0,27471,578139,1550,106406,5.355320686205491,0.1554404750600764
841,0.0852,0,29,0,27500,578110,1550,106406,5.355052058245952,0.15544706040472392
842,0.0853,2,27,2,27527,578083,1552,106404,5.354801956352588,0.15545072441112834
843,0.0854,0,12,0,27539,578071,1552,106404,5.354690799955537,0.15545344972424122
844,0.0855,1,15,1,27554,578056,1553,106403,5.354551854459224,0.15545562261581775
845,0.0856,2,41,2,27595,578015,1555,106401,5.354172070102634,0.15546246727136712
846,0.0857,0,17,0,27612,577998,1555,106401,5.354014598540146,0.1554663288520293
847,0.0858,4,72,4,27684,577926,1559,106397,5.3533476601578425,0.15547774954224833
848,0.0859,0,25,0,27709,577901,1559,106397,5.353116084330654,0.15548342973382942
849,0.086,1,40,1,27749,577861,1560,106396,5.352745563007151,0.1554912847073541
850,0.0861,2,35,2,27784,577826,1562,106394,5.352421356849087,0.15549677004472245
851,0.0862,0,30,0,27814,577796,1562,106394,5.35214346585646,0.1555035881845686
852,0.0863,0,32,0,27846,577764,1562,106394,5.351847048797659,0.1555108615261387
853,0.0864,2,25,2,27871,577739,1564,106392,5.35161547297047,0.15551407552062396
854,0.0865,2,32,2,27903,577707,1566,106390,5.3513190559116675,0.15551888109434772
855,0.0866,0,43,0,27946,577664,1566,106390,5.350920745488903,0.15552865709432295
856,0.0867,1,24,1,27970,577640,1567,106389,5.350698432694801,0.1555328794539413
857,0.0868,1,14,1,27984,577626,1568,106388,5.3505687502315755,0.15553482823450981
858,0.0869,1,52,1,28036,577574,1569,106387,5.350087072511023,0.15554541852532527
859,0.087,4,67,4,28103,577507,1573,106383,5.349466449294157,0.15555571802482857
860,0.0871,1,13,1,28116,577494,1574,106382,5.3493460298640185,0.1555574402377039
861,0.0872,2,30,2,28146,577464,1576,106380,5.349068138871392,0.1555617947953042
862,0.0873,0,26,0,28172,577438,1576,106380,5.3488273000111155,0.1555677095367481
863,0.0874,1,16,1,28188,577422,1577,106379,5.348679091481714,0.15557011469711218
864,0.0875,6,39,6,28227,577383,1583,106373,5.3483178331913,0.15557157816531042
865,0.0876,1,29,1,28256,577354,1584,106372,5.348049205231761,0.1555769416403647
866,0.0877,1,47,1,28303,577307,1585,106371,5.347613842676646,0.15558640178563593
867,0.0878,2,7,2,28310,577300,1587,106369,5.347549001445033,0.15558552457402633
868,0.0879,3,25,3,28335,577275,1590,106366,5.347317425617844,0.15558750864854506
869,0.088,1,22,1,28357,577253,1591,106365,5.347113638889918,0.15559128051046053
870,0.0881,5,39,5,28396,577214,1596,106360,5.346752380599503,0.15559398104667527
871,0.0882,0,14,0,28410,577200,1596,106360,5.346622698136278,0.15559716776874014
872,0.0883,4,65,4,28475,577135,1600,106356,5.346020600985587,0.15560702335509904
873,0.0884,3,48,3,28523,577087,1603,106353,5.345575975397384,0.15561424558117756
874,0.0885,3,22,3,28545,577065,1606,106350,5.345372188669458,0.15561554838568073
875,0.0886,1,21,1,28566,577044,1607,106349,5.345177664974619,0.15561909472294858
876,0.0887,1,46,1,28612,576998,1608,106348,5.344751565452592,0.15562833469428372
877,0.0888,1,27,1,28639,576971,1609,106347,5.344501463559228,0.15563324835581677
878,0.0889,3,30,3,28669,576941,1612,106344,5.344223572566602,0.15563637428013202
879,0.089,1,32,1,28701,576909,1613,106343,5.343927155507799,0.15564242768407557
880,0.0891,1,17,1,28718,576892,1614,106342,5.343769683945311,0.1556450645020593
881,0.0892,1,26,1,28744,576866,1615,106341,5.343528845085035,0.155649751832168
882,0.0893,9,111,9,28855,576755,1624,106332,5.342500648412316,0.15566391982280442
883,0.0894,5,39,5,28894,576716,1629,106327,5.342139390121901,0.15566662713767654
884,0.0895,1,19,1,28913,576697,1630,106326,5.341963392493238,0.1556697212246147
885,0.0896,2,18,2,28931,576679,1632,106324,5.341796657897662,0.15567135137034538
886,0.0897,5,34,5,28965,576645,1637,106319,5.341481714772685,0.1556729198025079
887,0.0898,8,35,8,29000,576610,1645,106311,5.341157508614621,0.15567100733466974
888,0.0899,2,15,2,29015,576595,1647,106309,5.341018563118308,0.15567195389103008
889,0.09,4,90,4,29105,576505,1651,106305,5.340184890140428,0.15568752654471962
890,0.0901,0,20,0,29125,576485,1651,106305,5.339999629478677,0.15569208687883537
891,0.0902,0,24,0,29149,576461,1651,106305,5.339777316684575,0.15569755963243628
892,0.0903,0,25,0,29174,576436,1651,106305,5.339545740857386,0.15570326082657993
893,0.0904,2,23,2,29197,576413,1653,106303,5.339332691096373,0.1557060329624617
894,0.0905,2,38,2,29235,576375,1655,106301,5.338980695839045,0.1557122265906521
895,0.0906,2,47,2,29282,576328,1657,106299,5.33854533328393,0.1557204739923853
896,0.0907,2,32,2,29314,576296,1659,106297,5.338248916225129,0.15572530043525204
897,0.0908,4,26,4,29340,576270,1663,106293,5.338008077364853,0.15572628460669566
898,0.0909,1,31,1,29371,576239,1664,106292,5.3377209233391385,0.15573212059232475
899,0.091,3,59,3,29430,576180,1667,106289,5.337174404386973,0.15574187252461283
900,0.0911,3,14,3,29444,576166,1670,106286,5.337044721923747,0.15574135616863896
901,0.0912,1,40,1,29484,576126,1671,106285,5.336674200600244,0.1557492478872703
902,0.0913,1,26,1,29510,576100,1672,106284,5.336433361739968,0.15575394499284861
903,0.0914,2,34,2,29544,576066,1674,106282,5.3361184186149915,0.15575923135995123
904,0.0915,2,61,2,29605,576005,1676,106280,5.3355533735966505,0.15577068233949157
905,0.0916,5,31,5,29636,575974,1681,106275,5.335266219570936,0.15577157313532156
906,0.0917,1,51,1,29687,575923,1682,106274,5.334793804883471,0.15578198086476486
907,0.0918,0,26,0,29713,575897,1682,106274,5.334552966023194,0.1557879182785548
908,0.0919,1,26,1,29739,575871,1683,106273,5.334312127162918,0.1557926185673406
909,0.092,0,49,0,29788,575822,1683,106273,5.333858238541628,0.15580381031967688
910,0.0921,3,23,3,29811,575799,1686,106270,5.333645188780614,0.15580535107151916
911,0.0922,0,32,0,29843,575767,1686,106270,5.333348771721813,0.15581266118993545
912,0.0923,2,44,2,29887,575723,1688,106268,5.33294119826596,0.15582023809698367
913,0.0924,2,74,2,29961,575649,1690,106266,5.332255733817481,0.1558346714766503
914,0.0925,0,3,0,29964,575646,1690,106266,5.332227944718219,0.15583535705486926
915,0.0926,4,31,4,29995,575615,1694,106262,5.331940790692505,0.15583748975255068
916,0.0927,2,12,2,30007,575603,1696,106260,5.331829634295453,0.15583775626482152
917,0.0928,0,12,0,30019,575591,1696,106260,5.331718477898403,0.1558404988773207
918,0.0929,2,41,2,30060,575550,1698,106258,5.331338693541813,0.15584739398775022
919,0.093,4,22,4,30082,575528,1702,106254,5.331134906813888,0.15584747030575755
920,0.0931,1,18,1,30100,575510,1703,106253,5.330968172218311,0.15585034682140275
921,0.0932,2,25,2,30125,575485,1705,106251,5.330736596391122,0.15585358555217857
922,0.0933,5,34,5,30159,575451,1710,106246,5.3304216532661455,0.15585516732507257
923,0.0934,3,50,3,30209,575401,1713,106243,5.329958501611768,0.15586288443821114
924,0.0935,1,64,1,30273,575337,1714,106242,5.329365667494164,0.15587628139951495
925,0.0936,1,22,1,30295,575315,1715,106241,5.329161880766238,0.15588007441794952
926,0.0937,4,71,4,30366,575244,1719,106237,5.328504205417022,0.15589136014063487
927,0.0938,1,50,1,30416,575194,1720,106236,5.328041053762644,0.15590155995480093
928,0.0939,1,20,1,30436,575174,1721,106235,5.327855793100893,0.15590489705888827
929,0.094,2,15,2,30451,575159,1723,106233,5.32771684760458,0.15590585155094278
930,0.0941,3,41,3,30492,575118,1726,106230,5.32733706324799,0.15591151658183483
931,0.0942,1,27,1,30519,575091,1727,106229,5.327086961354626,0.15591645629072975
932,0.0943,1,48,1,30567,575043,1728,106228,5.326642335766423,0.15592620264182683
933,0.0944,5,42,5,30609,575001,1733,106223,5.326253288376746,0.1559296208002067
934,0.0945,1,25,1,30634,574976,1734,106222,5.326021712549557,0.15593410432796337
935,0.0946,1,20,1,30654,574956,1735,106221,5.325836451887806,0.15593744357193504
936,0.0947,1,10,1,30664,574946,1736,106220,5.32574382155693,0.15593849370050766
937,0.0948,3,62,3,30726,574884,1739,106217,5.325169513505502,0.15594897085747927
938,0.0949,4,13,4,30739,574871,1743,106213,5.325049094075364,0.15594699038591422
939,0.095,2,48,2,30787,574823,1745,106211,5.324604468487162,0.15595550295579957
940,0.0951,4,43,4,30830,574780,1749,106207,5.3242061580643965,0.15596039278282844
941,0.0952,1,13,1,30843,574767,1750,106206,5.324085738634259,0.1559621306571626
942,0.0953,2,16,2,30859,574751,1752,106204,5.323937530104858,0.15596331622500753
943,0.0954,1,68,1,30927,574683,1753,106203,5.323307643854904,0.15597765264669858
944,0.0955,3,90,3,31017,574593,1756,106200,5.322473970877024,0.15599455341050805
945,0.0956,1,8,1,31025,574585,1757,106199,5.322399866612323,0.15599514677195703
946,0.0957,5,52,5,31077,574533,1762,106194,5.321918188891771,0.15600086378239736
947,0.0958,2,39,2,31116,574494,1764,106192,5.321556930601356,0.15600732202513345
948,0.0959,2,6,2,31122,574488,1766,106190,5.321501352402831,0.15600621733036765
949,0.096,0,18,0,31140,574470,1766,106190,5.3213346178072545,0.156010342902477
950,0.0961,1,17,1,31157,574453,1767,106189,5.321177146244766,0.1560129994916564
951,0.0962,3,65,3,31222,574388,1770,106186,5.320575049094075,0.15602417958958173
952,0.0963,2,14,2,31236,574374,1772,106184,5.3204453666308495,0.15602490897175553
953,0.0964,1,16,1,31252,574358,1773,106183,5.320297158101448,0.15602733707447458
954,0.0965,2,11,2,31263,574347,1775,106181,5.320195264737485,0.1560273787412127
955,0.0966,5,58,5,31321,574289,1780,106176,5.319658008818408,0.15603447642420992
956,0.0967,5,70,5,31391,574219,1785,106171,5.319009596502279,0.15604432751804112
957,0.0968,1,40,1,31431,574179,1786,106170,5.318639075178776,0.1560522614128925
958,0.0969,3,43,3,31474,574136,1789,106167,5.318240764756012,0.15605840338790217
959,0.097,2,19,2,31493,574117,1791,106165,5.318064767127348,0.15606028088351595
960,0.0971,1,20,1,31513,574097,1792,106164,5.317879506465597,0.15606362851905373
961,0.0972,3,21,3,31534,574076,1795,106161,5.317684982770759,0.15606472450043146
962,0.0973,0,10,0,31544,574066,1795,106161,5.317592352439883,0.15606701880401688
963,0.0974,4,31,4,31575,574035,1799,106157,5.317305198414169,0.15606916870530674
964,0.0975,1,45,1,31620,573990,1800,106156,5.316888361925229,0.15607825378668697
965,0.0976,1,15,1,31635,573975,1801,106155,5.316749416428915,0.15608045520709277
966,0.0977,1,39,1,31674,573936,1802,106154,5.316388158138501,0.15608816480171742
967,0.0978,1,16,1,31690,573920,1803,106153,5.3162399496091,0.15609059615658907
968,0.0979,4,49,4,31739,573871,1807,106149,5.31578606098781,0.156096879503544
969,0.098,0,11,0,31750,573860,1807,106149,5.315684167623846,0.15609940456670426
970,0.0981,2,31,2,31781,573829,1809,106147,5.315397013598132,0.15610403896608116
971,0.0982,1,13,1,31794,573816,1810,106146,5.315276594167995,0.15610578238195663
972,0.0983,4,46,4,31840,573770,1814,106142,5.314850494645967,0.15611137911965078
973,0.0984,1,26,1,31866,573744,1815,106141,5.314609655785691,0.1561161078711841
974,0.0985,1,33,1,31899,573711,1816,106140,5.314303975693801,0.15612244447680448
975,0.0986,0,9,0,31908,573702,1816,106140,5.314220608396013,0.1561245112835041
976,0.0987,1,13,1,31921,573689,1817,106139,5.314100188965875,0.15612625546461753
977,0.0988,2,34,2,31955,573655,1819,106137,5.313785245840898,0.15613158142490643
978,0.0989,5,31,5,31986,573624,1824,106132,5.313498091815184,0.1561324946010039
979,0.099,1,44,1,32030,573580,1825,106131,5.313090518359331,0.15614136007803317
980,0.0991,1,30,1,32060,573550,1826,106130,5.312812627366705,0.15614701035781545
981,0.0992,0,15,0,32075,573535,1826,106130,5.3126736818703915,0.15615045647488102
982,0.0993,4,29,4,32104,573506,1830,106126,5.312405053910853,0.15615215292982085
983,0.0994,3,52,3,32156,573454,1833,106123,5.3119233761902995,0.1561603762340397
984,0.0995,0,24,0,32180,573430,1833,106123,5.311701063396199,0.1561658914021423
985,0.0996,2,71,2,32251,573359,1835,106121,5.311043388046982,0.15617972567257316
986,0.0997,2,19,2,32270,573340,1837,106119,5.310867390418319,0.15618160919201896
987,0.0998,1,28,1,32298,573312,1838,106118,5.3106080254918675,0.15618680364423118
988,0.0999,2,31,2,32329,573281,1840,106116,5.3103208714661525,0.15619144623835549
989,0.1,0,59,0,32388,573222,1840,106116,5.309774352513987,0.15620501134928416
990,0.1001,2,12,2,32400,573210,1842,106114,5.3096631961169365,0.15620528643180573
991,0.1002,3,23,3,32423,573187,1845,106111,5.309450146355923,0.15620684883512095
992,0.1003,3,23,3,32446,573164,1848,106108,5.309237096594909,0.15620841135804214
993,0.1004,3,21,3,32467,573143,1851,106105,5.30904257290007,0.1562095140508327
994,0.1005,1,37,1,32504,573106,1852,106104,5.308699840675831,0.15621678126058214
995,0.1006,1,36,1,32540,573070,1853,106103,5.308366371484679,0.1562238192625443
996,0.1007,1,23,1,32563,573047,1854,106102,5.308153321723665,0.15622786752244353
997,0.1008,2,35,2,32598,573012,1856,106100,5.3078291155656006,0.15623343424943162
998,0.1009,1,32,1,32630,572980,1857,106099,5.307532698506799,0.15623955386633956
999,0.101,3,33,3,32663,572947,1860,106096,5.30722701841491,0.15624341904710012
1000,0.1011,3,67,3,32730,572880,1863,106093,5.306606395198044,0.1562551088187601
1001,0.1012,2,12,2,32742,572868,1865,106091,5.306495238800993,0.15625538508216255
1002,0.1013,2,67,2,32809,572801,1867,106089,5.305874615584127,0.1562683203464479
1003,0.1014,0,25,0,32834,572776,1867,106089,5.305643039756938,0.15627407511066266
1004,0.1015,3,35,3,32869,572741,1870,106086,5.305318833598873,0.15627840377592522
1005,0.1016,1,32,1,32901,572709,1871,106085,5.305022416540072,0.1562845281484515
1006,0.1017,1,46,1,32947,572663,1872,106084,5.304596317018045,0.15629387680534867
1007,0.1018,1,12,1,32959,572651,1873,106083,5.3044851606209935,0.15629539701856693
1008,0.1019,2,22,2,32981,572629,1875,106081,5.304281373893067,0.1562979770446877
1009,0.102,3,15,3,32996,572614,1878,106078,5.304142428396754,0.15629770205041463
1010,0.1021,4,46,4,33042,572568,1882,106074,5.303716328874727,0.15630332340173464
1011,0.1022,1,45,1,33087,572523,1883,106073,5.303299492385787,0.15631244510725084
1012,0.1023,3,74,3,33161,572449,1886,106070,5.302614027937308,0.15632576243259216
1013,0.1024,5,51,5,33212,572398,1891,106065,5.302141613249843,0.1563312958849635
1014,0.1025,3,44,3,33256,572354,1894,106062,5.30173403979399,0.1563377042994269
1015,0.1026,0,13,0,33269,572341,1894,106062,5.3016136203638515,0.1563407001443095
1016,0.1027,1,40,1,33309,572301,1895,106061,5.30124309904035,0.15634867519112214
1017,0.1028,0,24,0,33333,572277,1895,106061,5.301020786246249,0.15635420689980511
1018,0.1029,5,28,5,33361,572249,1900,106056,5.300761421319797,0.15635444232314372
1019,0.103,6,52,6,33413,572197,1906,106050,5.300279743599244,0.1563589665711754
1020,0.1031,2,17,2,33430,572180,1908,106048,5.300122272036756,0.15636039797826098
1021,0.1032,2,63,2,33493,572117,1910,106046,5.2995387009522394,0.15637243553540964
1022,0.1033,0,36,0,33529,572081,1910,106046,5.299205231761088,0.15638073694160534
1023,0.1034,2,15,2,33544,572066,1912,106044,5.299066286264774,0.15638170798248072
1024,0.1035,4,25,4,33569,572041,1916,106040,5.2988347104375855,0.156382497076308
1025,0.1036,5,99,5,33668,571942,1921,106035,5.297917670161918,0.15639911088429254
1026,0.1037,5,15,5,33683,571927,1926,106030,5.297778724665604,0.15639634962099366
1027,0.1038,2,47,2,33730,571880,1928,106028,5.29734336211049,0.15640470388312278
1028,0.1039,2,25,2,33755,571855,1930,106026,5.297111786283301,0.15640798311208015
1029,0.104,3,22,3,33777,571833,1933,106023,5.2969079995553745,0.15640932587452203
1030,0.1041,0,23,0,33800,571810,1933,106023,5.296694949794361,0.15641463310284393
1031,0.1042,3,30,3,33830,571780,1936,106020,5.296417058801734,0.15641782236647978
1032,0.1043,2,40,2,33870,571740,1938,106018,5.296046537478232,0.15642456452007944
1033,0.1044,3,41,3,33911,571699,1941,106015,5.295666753121642,0.1564302936046769
1034,0.1045,1,40,1,33951,571659,1942,106014,5.29529623179814,0.1564382821803436
1035,0.1046,1,33,1,33984,571626,1943,106013,5.294990551706251,0.1564446556352276
1036,0.1047,7,65,7,34049,571561,1950,106006,5.29438845455556,0.15645094876226262
1037,0.1048,1,18,1,34067,571543,1951,106005,5.2942217199599835,0.1564538600955209
1038,0.1049,1,88,1,34155,571455,1952,106004,5.293406573048279,0.15647293784568514
1039,0.105,0,37,0,34192,571418,1952,106004,5.29306384082404,0.15648148421515687
1040,0.1051,1,27,1,34219,571391,1953,106003,5.2928137389306755,0.15648647611286784
1041,0.1052,3,57,3,34276,571334,1956,106000,5.292285746044685,0.15649590896071952
1042,0.1053,2,69,2,34345,571265,1958,105998,5.291646596761644,0.15650936194654072
1043,0.1054,4,34,4,34379,571231,1962,105994,5.291331653636667,0.15651223743955112
1044,0.1055,2,11,2,34390,571220,1964,105992,5.291229760272704,0.1565122886186305
1045,0.1056,3,39,3,34429,571181,1967,105989,5.290868501982289,0.1565175657515838
1046,0.1057,0,32,0,34461,571149,1967,105989,5.290572084923487,0.15652496241534222
1047,0.1058,0,9,0,34470,571140,1967,105989,5.290488717625699,0.15652704285298666
1048,0.1059,3,40,3,34510,571100,1970,105986,5.290118196302197,0.15653255273333078
1049,0.106,0,19,0,34529,571081,1970,105986,5.2899421986735335,0.156536945383544
1050,0.1061,1,29,1,34558,571052,1971,105985,5.289673570713995,0.15654240462485802
1051,0.1062,3,30,3,34588,571022,1974,105982,5.289395679721368,0.15654560386644686
1052,0.1063,0,19,0,34607,571003,1974,105982,5.289219682092704,0.1565499974150092
1053,0.1064,1,36,1,34643,570967,1975,105981,5.288886212901552,0.15655707676217376
1054,0.1065,0,25,0,34668,570942,1975,105981,5.288654637074363,0.15656285870032485
1055,0.1066,2,22,2,34690,570920,1977,105979,5.288450850346438,0.15656545511221023
1056,0.1067,3,19,3,34709,570901,1980,105976,5.288274852717774,0.1565661117160134
1057,0.1068,3,110,3,34819,570791,1983,105973,5.2872559190781425,0.15658782086517603
1058,0.1069,2,18,2,34837,570773,1985,105971,5.287089184482567,0.15658949322047924
1059,0.107,0,36,0,34873,570737,1985,105971,5.286755715291415,0.15659782358121968
1060,0.1071,2,67,2,34940,570670,1987,105969,5.286135092074549,0.1566108367977607
1061,0.1072,3,20,3,34960,570650,1990,105966,5.285949831412798,0.15661172659233596
1062,0.1073,1,32,1,34992,570618,1991,105965,5.285653414353996,0.1566178872363036
1063,0.1074,0,11,0,35003,570607,1991,105965,5.285551520990033,0.15662043359760675
1064,0.1075,0,40,0,35043,570567,1991,105965,5.28518099966653,0.1566296937912767
1065,0.1076,2,92,2,35135,570475,1993,105963,5.284328800622476,0.1566485028930959
1066,0.1077,0,8,0,35143,570467,1993,105963,5.284254696357776,0.15665035554307172
1067,0.1078,3,65,3,35208,570402,1996,105960,5.283652599207084,0.15666166934274842
1068,0.1079,0,6,0,35214,570396,1996,105960,5.283597021008559,0.15666305909905434
1069,0.108,1,39,1,35253,570357,1997,105959,5.283235762718144,0.15667084617249924
1070,0.1081,2,36,2,35289,570321,1999,105957,5.282902293526993,0.15667669212956803
1071,0.1082,2,8,2,35297,570313,2001,105955,5.282828189262292,0.1566760515062076
1072,0.1083,1,26,1,35323,570287,2002,105954,5.282587350402015,0.15668082828459085
1073,0.1084,2,26,2,35349,570261,2004,105952,5.282346511541739,0.15668435833088096
1074,0.1085,2,41,2,35390,570220,2006,105950,5.281966727185149,0.15669136459766037
1075,0.1086,5,40,5,35430,570180,2011,105945,5.281596205861647,0.15669439822518025
1076,0.1087,1,10,1,35440,570170,2012,105944,5.281503575530772,0.15669546851566452
1077,0.1088,1,28,1,35468,570142,2013,105943,5.281244210604321,0.1567007107094522
1078,0.1089,0,24,0,35492,570118,2013,105943,5.281021897810219,0.156706273546322
1079,0.109,2,14,2,35506,570104,2015,105941,5.280892215346993,0.156707023940714
1080,0.1091,1,39,1,35545,570065,2016,105940,5.280530957056579,0.15671481719809766
1081,0.1092,3,41,3,35586,570024,2019,105937,5.280151172699989,0.15672058003346348
1082,0.1093,5,26,5,35612,569998,2024,105932,5.279910333839712,0.15672037045256165
1083,0.1094,2,29,2,35641,569969,2026,105930,5.279641705880174,0.15672459938541114
1084,0.1095,0,21,0,35662,569948,2026,105930,5.279447182185335,0.15672946892782424
1085,0.1096,2,112,2,35774,569836,2028,105928,5.2784097224795286,0.15675294925447344
1086,0.1097,5,23,5,35797,569813,2033,105923,5.278196672718515,0.15675204517740657
1087,0.1098,5,50,5,35847,569763,2038,105918,5.277733521064137,0.15675740475165056
1088,0.1099,2,45,2,35892,569718,2040,105916,5.277316684575197,0.15676534928674402
1089,0.11,2,39,2,35931,569679,2042,105914,5.276955426284783,0.15677190261000337
1090,0.1101,1,47,1,35978,569632,2043,105913,5.276520063729667,0.15678156155400455
1091,0.1102,5,67,5,36045,569565,2048,105908,5.275899440512801,0.15679087098966205
1092,0.1103,8,52,8,36097,569513,2056,105900,5.275417762792249,0.15679295482911937
1093,0.1104,6,32,6,36129,569481,2062,105894,5.275121345733447,0.1567928928373126
1094,0.1105,7,49,7,36178,569432,2069,105887,5.274667457112157,0.15679552922396675
1095,0.1106,0,17,0,36195,569415,2069,105887,5.274509985549669,0.15679947638241853
1096,0.1107,2,53,2,36248,569362,2071,105885,5.274019044796028,0.15680928608346278
1097,0.1108,2,25,2,36273,569337,2073,105883,5.273787468968839,0.15681259441367257
1098,0.1109,1,62,1,36335,569275,2074,105882,5.273213160917411,0.156825745715441
1099,0.111,5,109,5,36444,569166,2079,105877,5.272203490310868,0.15684482321866902
1100,0.1111,3,38,3,36482,569128,2082,105874,5.27185149505354,0.15684990562990925
1101,0.1112,5,37,5,36519,569091,2087,105869,5.271508762829301,0.15685225791157995
1102,0.1113,3,61,3,36580,569030,2090,105866,5.27094371781096,0.15686268699177355
1103,0.1114,0,36,0,36616,568994,2090,105866,5.270610248619808,0.15687105473727883
1104,0.1115,1,6,1,36622,568988,2091,105865,5.270554670421283,0.1568712000983918
1105,0.1116,0,52,0,36674,568936,2091,105865,5.2700729927007295,0.15688328855469982
1106,0.1117,3,64,3,36738,568872,2094,105862,5.269480158583127,0.15689442061612427
1107,0.1118,8,70,8,36808,568802,2102,105854,5.268831746266998,0.1569007019873832
1108,0.1119,0,58,0,36866,568744,2102,105854,5.26829449034792,0.15691419185944813
1109,0.112,0,14,0,36880,568730,2102,105854,5.268164807884694,0.15691744838300345
1110,0.1121,1,13,1,36893,568717,2103,105853,5.268044388454555,0.15691922261588864
1111,0.1122,0,23,0,36916,568694,2103,105853,5.267831338693542,0.1569245730838622
1112,0.1123,2,17,2,36933,568677,2105,105851,5.2676738671310535,0.15692602827458607
1113,0.1124,9,156,9,37089,568521,2114,105842,5.266228833969395,0.1569510782768331
1114,0.1125,2,29,2,37118,568492,2116,105840,5.265960206009856,0.15695532764276351
1115,0.1126,2,25,2,37143,568467,2118,105838,5.265728630182667,0.15695864630990428
1116,0.1127,2,32,2,37175,568435,2120,105836,5.265432213123865,0.156963594756411
1117,0.1128,4,39,4,37214,568396,2124,105832,5.26507095483345,0.1569676726567274
1118,0.1129,0,15,0,37229,568381,2124,105832,5.264932009337137,0.1569711648989266
1119,0.113,1,18,1,37247,568363,2125,105831,5.264765274741562,0.15697410537619735
1120,0.1131,2,6,2,37253,568357,2127,105829,5.264709696543036,0.15697300151590213
1121,0.1132,10,47,10,37300,568310,2137,105819,5.264274333987921,0.15697144018429707
1122,0.1133,0,41,0,37341,568269,2137,105819,5.263894549631331,0.15698098764552995
1123,0.1134,3,80,3,37421,568189,2140,105816,5.263153506984327,0.1569958679831752
1124,0.1135,2,25,2,37446,568164,2142,105814,5.2629219311571385,0.1569991898845363
1125,0.1136,2,47,2,37493,568117,2144,105812,5.262486568602023,0.15700763730303935
1126,0.1137,1,27,1,37520,568090,2145,105811,5.262236466708659,0.15701267693622653
1127,0.1138,2,23,2,37543,568067,2147,105809,5.262023416947645,0.15701553401516005
1128,0.1139,3,23,3,37566,568044,2150,105806,5.261810367186632,0.15701714031312608
1129,0.114,1,31,1,37597,568013,2151,105805,5.261523213160918,0.15702311306613953
1130,0.1141,0,11,0,37608,568002,2151,105805,5.261421319796955,0.15702567649193316
1131,0.1142,3,28,3,37636,567974,2154,105802,5.261161954870503,0.157028448623875
1132,0.1143,1,46,1,37682,567928,2155,105801,5.260735855348475,0.15703791880711682
1133,0.1144,4,17,4,37699,567911,2159,105797,5.260578383785987,0.15703687651029824
1134,0.1145,1,7,1,37706,567904,2160,105796,5.260513542554374,0.1570372569392905
1135,0.1146,2,23,2,37729,567881,2162,105794,5.26030049279336,0.15704011578283297
1136,0.1147,4,59,4,37788,567822,2166,105790,5.259753973841194,0.15704886492520917
1137,0.1148,1,18,1,37806,567804,2167,105789,5.259587239245619,0.15705181021774275
1138,0.1149,1,16,1,37822,567788,2168,105788,5.2594390307162175,0.15705428934522608
1139,0.115,3,30,3,37852,567758,2171,105785,5.259161139723591,0.1570575301057245
1140,0.1151,2,61,2,37913,567697,2173,105783,5.258596094705251,0.15706925224208587
1141,0.1152,4,10,4,37923,567687,2177,105779,5.258503464374375,0.15706657797127102
1142,0.1153,3,74,3,37997,567613,2180,105776,5.257817999925896,0.15708008298323853
1143,0.1154,1,21,1,38018,567592,2181,105775,5.257623476231057,0.15708372997191725
1144,0.1155,2,51,2,38069,567541,2183,105773,5.257151061543592,0.15709312445604873
1145,0.1156,1,55,1,38124,567486,2184,105772,5.256641594723776,0.15710470577401234
1146,0.1157,1,34,1,38158,567452,2185,105771,5.256326651598799,0.15711138805418115
1147,0.1158,6,45,6,38203,567407,2191,105765,5.2559098151098596,0.15711437790044744
1148,0.1159,1,14,1,38217,567393,2192,105764,5.255780132646634,0.15711639335251656
1149,0.116,1,21,1,38238,567372,2193,105763,5.255585608951796,0.1571200427848797
1150,0.1161,0,22,0,38260,567350,2193,105763,5.255381822223869,0.15712517809045434
1151,0.1162,3,25,3,38285,567325,2196,105760,5.25515024639668,0.1571272573300549
1152,0.1163,3,35,3,38320,567290,2199,105757,5.2548260402386155,0.15713167133944583
1153,0.1164,1,14,1,38334,567276,2200,105756,5.25469635777539,0.15713368755126056
1154,0.1165,1,30,1,38364,567246,2201,105755,5.254418466782763,0.1571394396145028
1155,0.1166,2,49,2,38413,567197,2203,105753,5.253964578161473,0.15714837655100677
1156,0.1167,1,45,1,38458,567152,2204,105752,5.253547741672533,0.15715763318393114
1157,0.1168,3,31,3,38489,567121,2207,105749,5.253260587646819,0.15716111581731984
1158,0.1169,2,29,2,38518,567092,2209,105747,5.25299195968728,0.15716538428955515
1159,0.117,4,30,4,38548,567062,2213,105743,5.252714068694654,0.15716738133634559
1160,0.1171,3,36,3,38584,567026,2216,105740,5.252380599503502,0.15717203306944763
1161,0.1172,4,38,4,38622,566988,2220,105736,5.252028604246174,0.15717589977464755
1162,0.1173,2,15,2,38637,566973,2222,105734,5.251889658749861,0.1571768987092449
1163,0.1174,3,38,3,38675,566935,2225,105731,5.251537663492534,0.15718201901092071
1164,0.1175,1,36,1,38711,566899,2226,105730,5.251204194301382,0.15718917858135764
1165,0.1176,4,102,4,38813,566797,2230,105726,5.2502593649264515,0.15720800626893058
1166,0.1177,0,24,0,38837,566773,2230,105726,5.25003705213235,0.15721361667452294
1167,0.1178,4,32,4,38869,566741,2234,105722,5.2497406350735485,0.1572160847511313
1168,0.1179,4,36,4,38905,566705,2238,105718,5.249407165882396,0.15721948832803162
1169,0.118,1,40,1,38945,566665,2239,105717,5.2490366445588945,0.15722758788902738
1170,0.1181,3,10,3,38955,566655,2242,105714,5.248944014228019,0.15722616598921127
1171,0.1182,2,37,2,38992,566618,2244,105712,5.248601282003779,0.1572323115136912
1172,0.1183,2,35,2,39027,566583,2246,105710,5.248277075845715,0.15723798998353397
1173,0.1184,1,38,1,39065,566545,2247,105709,5.247925080588388,0.15724562442172155
1174,0.1185,2,22,2,39087,566523,2249,105707,5.247721293860462,0.1572482632432352
1175,0.1186,2,24,2,39111,566499,2251,105705,5.247498981066361,0.15725137011978507
1176,0.1187,0,25,0,39136,566474,2251,105705,5.247267405239172,0.15725721868728418
1177,0.1188,4,44,4,39180,566430,2255,105701,5.246859831783319,0.1572624979356703
1178,0.1189,3,33,3,39213,566397,2258,105698,5.24655415169143,0.15726645786681942
1179,0.119,9,63,9,39276,566334,2267,105689,5.245970580606914,0.15726991486898514
1180,0.1191,1,65,1,39341,566269,2268,105688,5.245368483456223,0.1572838738193069
1181,0.1192,0,18,0,39359,566251,2268,105688,5.245201748860647,0.157288087162674
1182,0.1193,0,5,0,39364,566246,2268,105688,5.245155433695209,0.15728925757589288
1183,0.1194,2,28,2,39392,566218,2270,105686,5.244896068768758,0.1572933038053055
1184,0.1195,1,21,1,39413,566197,2271,105685,5.244701545073919,0.1572969658362629
1185,0.1196,1,17,1,39430,566180,2272,105684,5.24454407351143,0.15729969160425325
1186,0.1197,2,12,2,39442,566168,2274,105682,5.24443291711438,0.15729999255786262
1187,0.1198,7,133,7,39575,566035,2281,105675,5.2432009337137355,0.15732235637403047
1188,0.1199,1,53,1,39628,565982,2282,105674,5.242709992960095,0.15733351596650666
1189,0.12,5,53,5,39681,565929,2287,105669,5.242219052206455,0.15733965854573717
1190,0.1201,4,30,4,39711,565899,2291,105665,5.241941161213828,0.15734166810609265
1191,0.1202,1,21,1,39732,565878,2292,105664,5.24174663751899,0.1573453335755619
1192,0.1203,2,20,2,39752,565858,2294,105662,5.241561376857238,0.15734751012628068
1193,0.1204,1,29,1,39781,565829,2295,105661,5.241292748897699,0.15735305067834218
1194,0.1205,3,26,3,39807,565803,2298,105658,5.241051910037423,0.15735537879340722
1195,0.1206,4,63,4,39870,565740,2302,105654,5.2404683389529065,0.15736512390637986
1196,0.1207,2,57,2,39927,565683,2304,105652,5.239940346066916,0.15737597473690482
1197,0.1208,2,32,2,39959,565651,2306,105650,5.239643929008114,0.15738096621336778
1198,0.1209,0,31,0,39990,565620,2306,105650,5.2393567749824,0.15738823424255516
1199,0.121,1,79,1,40069,565541,2307,105649,5.238624995368483,0.15740550365768263
1200,0.1211,0,7,0,40076,565534,2307,105649,5.238560154136871,0.1574071452942044
1201,0.1212,2,44,2,40120,565490,2309,105647,5.238152580681018,0.15741495402578012
1202,0.1213,3,32,3,40152,565458,2312,105644,5.237856163622216,0.15741869343259296
1203,0.1214,2,37,2,40189,565421,2314,105642,5.237513431397977,0.15742486174919493
1204,0.1215,1,31,1,40220,565390,2315,105641,5.237226277372263,0.1574308787522484
1205,0.1216,2,44,2,40264,565346,2317,105639,5.23681870391641,0.15743869087982593
1206,0.1217,4,53,4,40317,565293,2321,105635,5.23632776316277,0.15744610450003577
1207,0.1218,4,40,4,40357,565253,2325,105631,5.235957241839268,0.15745046833729825
1208,0.1219,7,33,7,40390,565220,2332,105624,5.235651561747378,0.15744942192223527
1209,0.122,0,8,0,40398,565212,2332,105624,5.2355774574826786,0.15745129957247375
1210,0.1221,2,28,2,40426,565184,2334,105622,5.235318092556227,0.1574553596717978
1211,0.1222,1,23,1,40449,565161,2335,105621,5.235105042795213,0.1574595024911223
1212,0.1223,1,42,1,40491,565119,2336,105620,5.234715995405535,0.15746810607404668
1213,0.1224,1,44,1,40535,565075,2337,105619,5.234308421949684,0.1574771803534846
1214,0.1225,0,32,0,40567,565043,2337,105619,5.234012004890881,0.15748469422749461
1215,0.1226,4,35,4,40602,565008,2341,105615,5.233687798732817,0.15748788812790496
1216,0.1227,2,43,2,40645,564965,2343,105613,5.233289488310052,0.1574954740537268
1217,0.1228,4,16,4,40661,564949,2347,105609,5.233141279780652,0.15749420631772346
1218,0.1229,1,23,1,40684,564926,2348,105608,5.232928230019637,0.15749835205970167
1219,0.123,2,135,2,40819,564791,2350,105606,5.231677720552818,0.15752755456841244
1220,0.1231,9,122,9,40941,564669,2359,105597,5.230547630516136,0.15754491500389398
1221,0.1232,5,111,5,41052,564558,2364,105592,5.229519433843418,0.15756472431545177
1222,0.1233,4,68,4,41120,564490,2368,105588,5.228889547593464,0.15757568521873572
1223,0.1234,6,41,6,41161,564449,2374,105582,5.228509763236874,0.15757778371448486
1224,0.1235,0,9,0,41170,564440,2374,105582,5.228426395939087,0.15757990036148067
1225,0.1236,1,21,1,41191,564419,2375,105581,5.228231872244248,0.15758358208955223
1226,0.1237,1,39,1,41230,564380,2376,105580,5.227870613953833,0.1575914979998806
1227,0.1238,8,50,8,41280,564330,2384,105572,5.227407462299455,0.15759320019943215
1228,0.1239,4,17,4,41297,564313,2388,105568,5.227249990736967,0.15759216935545267
1229,0.124,0,33,0,41330,564280,2388,105568,5.226944310645077,0.15759993311915538
1230,0.1241,0,67,0,41397,564213,2388,105568,5.226323687428211,0.15761569826555247
1231,0.1242,0,22,0,41419,564191,2388,105568,5.226119900700286,0.1576208755686747
1232,0.1243,9,72,9,41491,564119,2397,105559,5.2254529623179815,0.1576265010945559
1233,0.1244,2,35,2,41526,564084,2399,105557,5.225128756159917,0.15763222383336742
1234,0.1245,3,49,3,41575,564035,2402,105554,5.224674867538627,0.15763998512520366
1235,0.1246,5,59,5,41634,563976,2407,105549,5.224128348586461,0.15764758597513162
1236,0.1247,4,46,4,41680,563930,2411,105545,5.223702249064433,0.15765338511520222
1237,0.1248,4,45,4,41725,563885,2415,105541,5.2232854125754935,0.15765894960757426
1238,0.1249,0,42,0,41767,563843,2415,105541,5.222896365185816,0.15766884180081986
1239,0.125,0,31,0,41798,563812,2415,105541,5.222609211160102,0.1576761439778413
1240,0.1251,2,39,2,41837,563773,2417,105539,5.2222479528696875,0.15768281459170014
1241,0.1252,1,18,1,41855,563755,2418,105538,5.222081218274112,0.15768579680349265
1242,0.1253,2,35,2,41890,563720,2420,105536,5.221757012116047,0.15769152611257875
1243,0.1254,3,46,3,41936,563674,2423,105533,5.22133091259402,0.15769858952461646
1244,0.1255,1,53,1,41989,563621,2424,105532,5.2208399718403795,0.15770982122175348
1245,0.1256,2,58,2,42047,563563,2426,105530,5.220302715921301,0.157720974513259
1246,0.1257,0,18,0,42065,563545,2426,105530,5.2201359813257255,0.1577252176512349
1247,0.1258,7,147,7,42212,563398,2433,105523,5.218774315461855,0.15775106477446516
1248,0.1259,1,42,1,42254,563356,2434,105522,5.218385268072177,0.15775971103848535
1249,0.126,3,33,3,42287,563323,2437,105519,5.218079587980288,0.1577637169914569
1250,0.1261,3,115,3,42402,563208,2440,105516,5.217014339175219,0.15778706910474277
1251,0.1262,3,29,3,42431,563179,2443,105513,5.2167457112156805,0.15779013357420157
1252,0.1263,3,47,3,42478,563132,2446,105510,5.216310348660565,0.15779744616700717
1253,0.1264,3,35,3,42513,563097,2449,105507,5.215986142502501,0.15780192759839906
1254,0.1265,1,30,1,42543,563067,2450,105506,5.2157082515098745,0.15780774874247092
1255,0.1266,1,34,1,42577,563033,2451,105505,5.215393308384898,0.1578145146573568
1256,0.1267,4,64,4,42641,562969,2455,105501,5.214800474267294,0.1578245844989304
1257,0.1268,3,37,3,42678,562932,2458,105498,5.214457742043055,0.15782954086441361
1258,0.1269,3,21,3,42699,562911,2461,105495,5.214263218348216,0.15783071965242682
1259,0.127,8,89,8,42788,562822,2469,105487,5.213438808403423,0.15784165707778886
1260,0.1271,3,50,3,42838,562772,2472,105484,5.2129756567490455,0.15784968634774696
1261,0.1272,3,29,3,42867,562743,2475,105481,5.212707028789507,0.1578527559620726
1262,0.1273,4,101,4,42968,562642,2479,105477,5.211771462447664,0.15787157677000654
1263,0.1274,5,75,5,43043,562567,2484,105472,5.211076734966097,0.15788299784892798
1264,0.1275,4,41,4,43084,562526,2488,105468,5.210696950609508,0.15788764569741645
1265,0.1276,2,60,2,43144,562466,2490,105466,5.210141168624254,0.15789930711509556
1266,0.1277,0,13,0,43157,562453,2490,105466,5.210020749194116,0.15790238037845908
1267,0.1278,3,39,3,43196,562414,2493,105463,5.209659490903702,0.15790781835577508
1268,0.1279,1,36,1,43232,562378,2494,105462,5.20932602171255,0.15791506947771922
1269,0.128,3,102,3,43334,562276,2497,105459,5.208381192337619,0.15793540850786614
1270,0.1281,4,38,4,43372,562238,2501,105455,5.208029197080292,0.15793935236703097
1271,0.1282,1,19,1,43391,562219,2502,105454,5.207853199451629,0.15794258566693575
1272,0.1283,4,37,4,43428,562182,2506,105450,5.207510467227389,0.15794629376662592
1273,0.1284,0,36,0,43464,562146,2506,105450,5.207176998036237,0.1579548109934751
1274,0.1285,1,34,1,43498,562112,2507,105449,5.2068620549112605,0.15796159452095015
1275,0.1286,3,18,3,43516,562094,2510,105446,5.206695320315684,0.1579620696887078
1276,0.1287,1,19,1,43535,562075,2511,105445,5.20651932268702,0.15796530441035475
1277,0.1288,3,21,3,43556,562054,2514,105442,5.206324798992182,0.15796648968682958
1278,0.1289,2,45,2,43601,562009,2516,105440,5.205907962503242,0.15797461678720023
1279,0.129,4,54,4,43655,561955,2520,105436,5.205407758716514,0.15798235217436254
1280,0.1291,4,25,4,43680,561930,2524,105432,5.205176182889326,0.1579832234978917
1281,0.1292,5,63,5,43743,561867,2529,105427,5.204592611804809,0.15799182968826334
1282,0.1293,5,77,5,43820,561790,2534,105422,5.203879358257067,0.1580037529301032
1283,0.1294,2,24,2,43844,561766,2536,105420,5.2036570454629665,0.15800691261507285
1284,0.1295,2,37,2,43881,561729,2538,105418,5.203314313238727,0.1580131515243267
1285,0.1296,2,37,2,43918,561692,2540,105416,5.202971581014487,0.15801939116305005
1286,0.1297,0,14,0,43932,561678,2540,105416,5.202841898551261,0.15802270744452807
1287,0.1298,2,35,2,43967,561643,2542,105414,5.202517692393197,0.1580284743282808
1288,0.1299,1,42,1,44009,561601,2543,105413,5.20212864500352,0.15803716263826548
1289,0.13,0,35,0,44044,561566,2543,105413,5.201804438845455,0.15804545570400266
1290,0.1301,1,28,1,44072,561538,2544,105412,5.201545073919004,0.1580508283979309
1291,0.1302,1,19,1,44091,561519,2545,105411,5.201369076290341,0.15805406864288607
1292,0.1303,7,74,7,44165,561445,2552,105404,5.200683611841861,0.15806276983245082
1293,0.1304,1,28,1,44193,561417,2553,105403,5.20042424691541,0.15806814432680483
1294,0.1305,2,25,2,44218,561392,2555,105401,5.200192671088221,0.15807154544213872
1295,0.1306,2,26,2,44244,561366,2557,105399,5.199951832227945,0.15807518391037323
1296,0.1307,4,45,4,44289,561321,2561,105395,5.199534995739005,0.15808080202065047
1297,0.1308,7,46,7,44335,561275,2568,105388,5.199108896216977,0.158082869455782
1298,0.1309,4,28,4,44363,561247,2572,105384,5.198849531290525,0.15808445751847724
1299,0.131,6,50,6,44413,561197,2578,105378,5.1983863796361485,0.15808873720136518
1300,0.1311,5,26,5,44439,561171,2583,105373,5.198145540775871,0.15808858830024725
1301,0.1312,2,29,2,44468,561142,2585,105371,5.197876912816333,0.15809294042276745
1302,0.1313,4,62,4,44530,561080,2589,105367,5.1973026047649045,0.15810259480498826
1303,0.1314,4,82,4,44612,560998,2593,105363,5.196543036051724,0.1581169966429608
1304,0.1315,3,22,3,44634,560976,2596,105360,5.196339249323799,0.15811842673966287
1305,0.1316,6,37,6,44671,560939,2602,105354,5.195996517099559,0.15811962605040125
1306,0.1317,1,54,1,44725,560885,2603,105353,5.195496313312831,0.15813117834767756
1307,0.1318,2,45,2,44770,560840,2605,105351,5.195079476823891,0.15813933241367717
1308,0.1319,0,5,0,44775,560835,2605,105351,5.195033161658453,0.1581405193144257
1309,0.132,2,28,2,44803,560807,2607,105349,5.194773796732002,0.15814463879331567
1310,0.1321,0,23,0,44826,560784,2607,105349,5.194560746970988,0.15815009915437309
1311,0.1322,1,35,1,44861,560749,2608,105348,5.194236540812923,0.15815714528064231
1312,0.1323,0,37,0,44898,560712,2608,105348,5.193893808588684,0.15816593099720747
1313,0.1324,0,21,0,44919,560691,2608,105348,5.193699284893846,0.15817091791922094
1314,0.1325,0,24,0,44943,560667,2608,105348,5.193476972099744,0.15817661764374677
1315,0.1326,3,81,3,45024,560586,2611,105345,5.192726666419652,0.15819206494366533
1316,0.1327,0,52,0,45076,560534,2611,105345,5.1922449886991,0.15820441852048195
1317,0.1328,2,23,2,45099,560511,2613,105343,5.192031938938086,0.1582073547654591
1318,0.1329,4,69,4,45168,560442,2617,105339,5.191392789655045,0.1582186935343604
1319,0.133,5,157,5,45325,560285,2622,105334,5.189938493460299,0.15824968938687148
1320,0.1331,4,28,4,45353,560257,2626,105330,5.1896791285338475,0.1582512879608526
1321,0.1332,4,43,4,45396,560214,2630,105326,5.189280818111082,0.15825645340625658
1322,0.1333,4,47,4,45443,560167,2634,105322,5.188845455555967,0.15826257083137363
1323,0.1334,0,26,0,45469,560141,2634,105322,5.188604616695691,0.1582687542357727
1324,0.1335,0,15,0,45484,560126,2634,105322,5.188465671199378,0.15827232180425818
1325,0.1336,1,32,1,45516,560094,2635,105321,5.1881692541405755,0.15827866819954464
1326,0.1337,4,34,4,45550,560060,2639,105317,5.187854311015599,0.15828169594079747
1327,0.1338,0,20,0,45570,560040,2639,105317,5.187669050353848,0.15828645373836903
1328,0.1339,2,39,2,45609,560001,2641,105315,5.187307792063433,0.15829320202730732
1329,0.134,2,39,2,45648,559962,2643,105313,5.1869465337730185,0.1582999511480215
1330,0.1341,1,9,1,45657,559953,2644,105312,5.186863166475231,0.1583008274897973
1331,0.1342,5,137,5,45794,559816,2649,105307,5.185594130942236,0.15832710641490372
1332,0.1343,4,50,4,45844,559766,2653,105303,5.185130979287858,0.15833394730471576
1333,0.1344,3,91,3,45935,559675,2656,105300,5.184288043276891,0.15835181773750892
1334,0.1345,2,22,2,45957,559653,2658,105298,5.184084256548965,0.1583545253710424
1335,0.1346,4,68,4,46025,559585,2662,105294,5.18345437029901,0.1583656575106147
1336,0.1347,8,73,8,46098,559512,2670,105286,5.182778168883619,0.15837291929277766
1337,0.1348,4,61,4,46159,559451,2674,105282,5.182213123865279,0.15838238811673258
1338,0.1349,3,24,3,46183,559427,2677,105279,5.181990811071177,0.1583843082505649
1339,0.135,1,19,1,46202,559408,2678,105278,5.1818148134425135,0.15838756946889207
1340,0.1351,4,23,4,46225,559385,2682,105274,5.1816017636815,0.15838798541808657
1341,0.1352,3,31,3,46256,559354,2685,105271,5.181314609655786,0.1583915741959752
1342,0.1353,1,48,1,46304,559306,2686,105270,5.180869984067583,0.15840174788135594
1343,0.1354,7,73,7,46377,559233,2693,105263,5.180193782652192,0.15841028388432737
1344,0.1355,6,32,6,46409,559201,2699,105257,5.17989736559339,0.1584103133681888
1345,0.1356,1,18,1,46427,559183,2700,105256,5.179730630997814,0.15841333816949335
1346,0.1357,2,35,2,46462,559148,2702,105254,5.179406424839749,0.15841914985204741
1347,0.1358,1,29,1,46491,559119,2703,105253,5.179137796880211,0.15842479815525037
1348,0.1359,3,21,3,46512,559098,2706,105250,5.1789432731853715,0.1584260056476425
1349,0.136,2,40,2,46552,559058,2708,105248,5.17857275186187,0.15843301129298848
1350,0.1361,1,19,1,46571,559039,2709,105247,5.178396754233206,0.15843627594138668
1351,0.1362,2,10,2,46581,559029,2711,105245,5.178304123902331,0.1584361272607388
1352,0.1363,0,28,0,46609,559001,2711,105245,5.178044758975879,0.15844280582796133
1353,0.1364,1,44,1,46653,558957,2712,105244,5.177637185520027,0.15845203485089604
1354,0.1365,2,14,2,46667,558943,2714,105242,5.177507503056801,0.1584528406995039
1355,0.1366,1,30,1,46697,558913,2715,105241,5.177229612064174,0.15845873095697685
1356,0.1367,4,98,4,46795,558815,2719,105237,5.176321834821594,0.1584770469782487
1357,0.1368,1,36,1,46831,558779,2720,105236,5.175988365630442,0.15848437158799122
1358,0.1369,3,35,3,46866,558744,2723,105233,5.175664159472378,0.15848892356211133
1359,0.137,1,29,1,46895,558715,2724,105232,5.175395531512838,0.1584945786335355
1360,0.1371,2,15,2,46910,558700,2726,105230,5.175256586016525,0.1584956245387315
1361,0.1372,1,25,1,46935,558675,2727,105229,5.175025010189336,0.15850032534824313
1362,0.1373,5,28,5,46963,558647,2732,105224,5.174765645262885,0.15850067257042408
1363,0.1374,2,35,2,46998,558612,2734,105222,5.174441439104821,0.15850649409340287
1364,0.1375,1,17,1,47015,558595,2735,105221,5.174283967542332,0.1585092857056775
1365,0.1376,1,3,1,47018,558592,2736,105220,5.17425617844307,0.15850873440070382
1366,0.1377,1,14,1,47032,558578,2737,105219,5.174126495979843,0.15851080978070103
1367,0.1378,0,78,0,47110,558500,2737,105219,5.173403979399015,0.15852943790971782
1368,0.1379,0,13,0,47123,558487,2737,105219,5.173283559968876,0.15853254302356767
1369,0.138,1,25,1,47148,558462,2738,105218,5.173051984141687,0.1585372468659595
1370,0.1381,0,17,0,47165,558445,2738,105218,5.172894512579199,0.15854130786257484
1371,0.1382,4,29,4,47194,558416,2742,105214,5.17262588461966,0.15854316411253258
1372,0.1383,1,27,1,47221,558389,2743,105213,5.172375782726296,0.15854834675000978
1373,0.1384,2,26,2,47247,558363,2745,105211,5.17213494386602,0.15855202283392658
1374,0.1385,1,100,1,47347,558263,2746,105210,5.171208640557264,0.1585746518697822
1375,0.1386,0,16,0,47363,558247,2746,105210,5.171060432027863,0.15857847607305373
1376,0.1387,3,50,3,47413,558197,2749,105207,5.170597280373485,0.15858662293263232
1377,0.1388,6,67,6,47480,558130,2755,105201,5.169976657156619,0.1585950302337747
1378,0.1389,5,76,5,47556,558054,2760,105196,5.169272666641965,0.15860686015831135
1379,0.139,1,62,1,47618,557992,2761,105195,5.168698358590537,0.15862041927842374
1380,0.1391,2,40,2,47658,557952,2763,105193,5.168327837267035,0.15862744950199428
1381,0.1392,1,17,1,47675,557935,2764,105192,5.168170365704547,0.15863024729802888
1382,0.1393,1,41,1,47716,557894,2765,105191,5.1677905813479565,0.15863878688252636
1383,0.1394,4,50,4,47766,557844,2769,105187,5.167327429693579,0.15864567418416334
1384,0.1395,1,91,1,47857,557753,2770,105186,5.166484493682612,0.15866618195640927
1385,0.1396,7,33,7,47890,557720,2777,105179,5.166178813590722,0.1586651963572128
1386,0.1397,3,48,3,47938,557672,2780,105176,5.16573418800252,0.1586728782465965
1387,0.1398,4,43,4,47981,557629,2784,105172,5.165335877579754,0.15867809493347174
1388,0.1399,4,64,4,48045,557565,2788,105168,5.164743043462151,0.15868834055343556
1389,0.14,3,26,3,48071,557539,2791,105165,5.164502204601875,0.15869075786474807
1390,0.1401,3,37,3,48108,557502,2794,105162,5.164159472377635,0.15869580964108507
1391,0.1402,0,12,0,48120,557490,2794,105162,5.164048315980585,0.15869868347186758
1392,0.1403,5,86,5,48206,557404,2799,105157,5.163251695135055,0.15871293360158537
1393,0.1404,0,31,0,48237,557373,2799,105157,5.162964541109341,0.15872035983276228
1394,0.1405,1,11,1,48248,557362,2800,105156,5.162862647745378,0.15872172529652023
1395,0.1406,2,33,2,48281,557329,2802,105154,5.162556967653488,0.1587270918649988
1396,0.1407,5,76,5,48357,557253,2807,105149,5.161852977138834,0.15873895308287111
1397,0.1408,4,50,4,48407,557203,2811,105145,5.161389825484457,0.15874585565291963
1398,0.1409,1,62,1,48469,557141,2812,105144,5.160815517433028,0.15875944646187065
1399,0.141,3,44,3,48513,557097,2815,105141,5.160407943977176,0.1587661837587091
1400,0.1411,3,39,3,48552,557058,2818,105138,5.160046685686761,0.1587717231756157
1401,0.1412,3,29,3,48581,557029,2821,105135,5.159778057727222,0.1587748654411898
1402,0.1413,6,81,6,48662,556948,2827,105129,5.15902775204713,0.15878666680763717
1403,0.1414,2,120,2,48782,556828,2829,105127,5.157916188076624,0.15881291024314342
1404,0.1415,5,44,5,48826,556784,2834,105122,5.157508614620771,0.15881711300396129
1405,0.1416,4,36,4,48862,556748,2838,105118,5.157175145429619,0.15882066762758626
1406,0.1417,1,17,1,48879,556731,2839,105117,5.157017673867131,0.1588234760851434
1407,0.1418,1,24,1,48903,556707,2840,105116,5.15679536107303,0.1588279645766315
1408,0.1419,1,24,1,48927,556683,2841,105115,5.156573048278928,0.158832453407233
1409,0.142,3,70,3,48997,556613,2844,105112,5.1559246359627995,0.15884544183762137
1410,0.1421,2,31,2,49028,556582,2846,105110,5.155637481937085,0.15885034124638048
1411,0.1422,4,38,4,49066,556544,2850,105106,5.155285486679759,0.1588543792035064
1412,0.1423,1,44,1,49110,556500,2851,105105,5.154877913223906,0.15886367243294716
1413,0.1424,1,7,1,49117,556493,2852,105104,5.154813071992293,0.15886408191089138
1414,0.1425,3,47,3,49164,556446,2855,105101,5.1543777094371785,0.1588715540997087
1415,0.1426,10,112,10,49276,556334,2865,105091,5.153340249731372,0.15888573912386136
1416,0.1427,11,134,11,49410,556200,2876,105080,5.15209900329764,0.15890394386644086
1417,0.1428,1,35,1,49445,556165,2877,105079,5.151774797139575,0.1589110827470646
1418,0.1429,3,58,3,49503,556107,2880,105076,5.151237541220497,0.15892120638310422
1419,0.143,2,40,2,49543,556067,2882,105074,5.150867019896995,0.15892827702411438
1420,0.1431,2,14,2,49557,556053,2884,105072,5.150737337433769,0.1589290981281906
1421,0.1432,7,107,7,49664,555946,2891,105065,5.149746192893401,0.1589459176927464
1422,0.1433,1,37,1,49701,555909,2892,105064,5.149403460669162,0.1589535427317001
1423,0.1434,1,41,1,49742,555868,2893,105063,5.149023676312572,0.1589621306914035
1424,0.1435,5,30,5,49772,555838,2898,105058,5.148745785319945,0.15896298358591973
1425,0.1436,1,38,1,49810,555800,2899,105057,5.148393790062618,0.15897085148526838
1426,0.1437,1,26,1,49836,555774,2900,105056,5.148152951202341,0.15897583342160615
1427,0.1438,0,23,0,49859,555751,2900,105056,5.147939901441328,0.15898136672281013
1428,0.1439,0,15,0,49874,555736,2900,105056,5.147800955945015,0.15898497560503153
1429,0.144,2,40,2,49914,555696,2902,105054,5.147430434621512,0.15899205448354142
1430,0.1441,1,17,1,49931,555679,2903,105053,5.147272963059024,0.15899487235369258
1431,0.1442,0,13,0,49944,555666,2903,105053,5.147152543628886,0.1589980006629142
1432,0.1443,1,39,1,49983,555627,2904,105052,5.146791285338471,0.1590061134075701
1433,0.1444,0,20,0,50003,555607,2904,105052,5.1466060246767205,0.15901092696837552
1434,0.1445,1,55,1,50058,555552,2905,105051,5.146096557856905,0.1590228927207415
1435,0.1446,1,25,1,50083,555527,2906,105050,5.145864982029716,0.1590276379589359
1436,0.1447,8,67,8,50150,555460,2914,105042,5.14524435881285,0.15903358354705965
1437,0.1448,6,50,6,50200,555410,2920,105036,5.144781207158472,0.15903798342332304
1438,0.1449,1,12,1,50212,555398,2921,105035,5.144670050761421,0.15903959977772159
1439,0.145,2,72,2,50284,555326,2923,105033,5.144003112379117,0.15905439314070074
1440,0.1451,2,68,2,50352,555258,2925,105031,5.143373226129164,0.15906822618580652
1441,0.1452,4,26,4,50378,555232,2929,105027,5.143132387268888,0.15906939549479826
1442,0.1453,6,80,6,50458,555152,2935,105021,5.142391344621883,0.15908102876064303
1443,0.1454,4,109,4,50567,555043,2939,105017,5.1413816740153395,0.15910220283004575
1444,0.1455,4,21,4,50588,555022,2943,105013,5.141187150320501,0.15910216882438052
1445,0.1456,4,128,4,50716,554894,2947,105009,5.140001482085294,0.15912793243855536
1446,0.1457,4,25,4,50741,554869,2951,105005,5.139769906258105,0.1591288639952476
1447,0.1458,6,24,6,50765,554845,2957,104999,5.139547593464004,0.15912700577712308
1448,0.1459,3,30,3,50795,554815,2960,104996,5.139269702471378,0.15913041764990277
1449,0.146,0,26,0,50821,554789,2960,104996,5.139028863611101,0.15913668846669748
1450,0.1461,1,13,1,50834,554776,2961,104995,5.138908444180963,0.15913854958765997
1451,0.1462,4,23,4,50857,554753,2965,104991,5.1386953944199485,0.1591389993694524
1452,0.1463,7,40,7,50897,554713,2972,104984,5.138324873096447,0.15913972626827164
1453,0.1464,4,42,4,50939,554671,2976,104980,5.137935825706769,0.15914475988060353
1454,0.1465,4,52,4,50991,554619,2980,104976,5.137454147986217,0.1591522070361358
1455,0.1466,1,23,1,51014,554596,2981,104975,5.137241098225203,0.15915648201634092
1456,0.1467,3,88,3,51102,554508,2984,104972,5.136425951313498,0.15917389458361134
1457,0.1468,2,26,2,51128,554482,2986,104970,5.136185112453222,0.1591776202058679
1458,0.1469,3,47,3,51175,554435,2989,104967,5.135749749898107,0.1591851404757644
1459,0.147,4,23,4,51198,554412,2993,104963,5.135536700137093,0.15918559241706162
1460,0.1471,5,38,5,51236,554374,2998,104958,5.135184704879766,0.15918839067419752
1461,0.1472,4,16,4,51252,554358,3002,104954,5.135036496350365,0.159187152668236
1462,0.1473,14,269,14,51521,554089,3016,104940,5.132544740449813,0.1592342673842881
1463,0.1474,9,99,9,51620,553990,3025,104931,5.131627700174145,0.15924670787545092
1464,0.1475,2,26,2,51646,553964,3027,104929,5.131386861313868,0.15925043975273678
1465,0.1476,5,48,5,51694,553916,3032,104924,5.130942235725666,0.1592556614656062
1466,0.1477,1,27,1,51721,553889,3033,104923,5.130692133832302,0.15926091206596116
1467,0.1478,1,24,1,51745,553865,3034,104922,5.130469821038201,0.15926543784258038
1468,0.1479,8,148,8,51893,553717,3042,104914,5.129098892141243,0.15929101424014358
1469,0.148,9,127,9,52020,553590,3051,104905,5.127922486939124,0.15931024533215893
1470,0.1481,4,27,4,52047,553563,3055,104901,5.127672385045759,0.15931167079749234
1471,0.1482,1,41,1,52088,553522,3056,104900,5.127292600689169,0.15932031432728555
1472,0.1483,0,53,0,52141,553469,3056,104900,5.12680165993553,0.15933313992609008
1473,0.1484,2,94,2,52235,553375,3058,104898,5.125930934825299,0.15935333820466585
1474,0.1485,6,71,6,52306,553304,3064,104892,5.125273259476083,0.15936286455706203
1475,0.1486,1,16,1,52322,553288,3065,104891,5.125125050946682,0.15936546137145063
1476,0.1487,0,55,0,52377,553233,3065,104891,5.124615584126866,0.15937877968285613
1477,0.1488,2,32,2,52409,553201,3067,104889,5.124319167068065,0.1593839748362686
1478,0.1489,7,23,7,52432,553178,3074,104882,5.1241061173070515,0.1593806035923776
1479,0.149,2,41,2,52473,553137,3076,104880,5.123726332950461,0.15938797933791984
1480,0.1491,2,65,2,52538,553072,3078,104878,5.123124235799771,0.15940117030169465
1481,0.1492,4,35,4,52573,553037,3082,104874,5.122800029641706,0.15940453951978306
1482,0.1493,1,22,1,52595,553015,3083,104873,5.1225962429137795,0.1594085923439856
1483,0.1494,1,66,1,52661,552949,3084,104872,5.121984882730001,0.15942330816437905
1484,0.1495,0,12,0,52673,552937,3084,104872,5.12187372633295,0.15942621642452445
1485,0.1496,1,24,1,52697,552913,3085,104871,5.121651413538849,0.15943075538474635
1486,0.1497,3,92,3,52789,552821,3088,104868,5.120799214494794,0.15944922296100436
1487,0.1498,0,22,0,52811,552799,3088,104868,5.120595427766868,0.1594545567893782
1488,0.1499,4,38,4,52849,552761,3092,104864,5.1202434325095405,0.15945865804980042
1489,0.15,0,15,0,52864,552746,3092,104864,5.1201044870132275,0.1594622952813978
1490,0.1501,4,48,4,52912,552698,3096,104860,5.119659861425025,0.15946882252211972
1491,0.1502,2,61,2,52973,552637,3098,104858,5.119094816406684,0.15948106069247675
1492,0.1503,2,49,2,53022,552588,3100,104856,5.118640927785394,0.1594903900560352
1493,0.1504,7,60,7,53082,552528,3107,104849,5.118085145800141,0.15949599696977534
1494,0.1505,1,27,1,53109,552501,3108,104848,5.117835043906777,0.1595012694930699
1495,0.1506,1,30,1,53139,552471,3109,104847,5.11755715291415,0.1595072704535704
1496,0.1507,3,50,3,53189,552421,3112,104844,5.1170940012597725,0.15951556830197866
1497,0.1508,1,21,1,53210,552400,3113,104843,5.1168994775649335,0.1595193862848292
1498,0.1509,2,34,2,53244,552366,3115,104841,5.116584534439957,0.15952508113881927
1499,0.151,10,57,10,53301,552309,3125,104831,5.1160565415539665,0.1595261283744712
1500,0.1511,1,29,1,53330,552280,3126,104830,5.115787913594428,0.15953188963796017
1501,0.1512,3,31,3,53361,552249,3129,104827,5.115500759568713,0.15953557883715125
1502,0.1513,1,33,1,53394,552216,3130,104826,5.115195079476824,0.1595423123635932
1503,0.1514,3,19,3,53413,552197,3133,104823,5.1150190818481605,0.15954308849045692
1504,0.1515,8,80,8,53493,552117,3141,104815,5.114278039201156,0.15955228242801386
1505,0.1516,4,19,4,53512,552098,3145,104811,5.114102041572493,0.1595517796224439
1506,0.1517,1,67,1,53579,552031,3146,104810,5.113481418355627,0.15956677491204113
1507,0.1518,2,12,2,53591,552019,3148,104808,5.1133702619585755,0.15956713107104306
1508,0.1519,5,46,5,53637,551973,3153,104803,5.112944162436548,0.15957190883954347
1509,0.152,4,29,4,53666,551944,3157,104799,5.112675534477009,0.15957383634085176
1510,0.1521,9,39,9,53705,551905,3166,104790,5.112314276186595,0.15957179512559103
1511,0.1522,3,43,3,53748,551862,3169,104787,5.11191596576383,0.1595784049012486
1512,0.1523,6,59,6,53807,551803,3175,104781,5.111369446811664,0.15958506451573598
1513,0.1524,1,17,1,53824,551786,3176,104780,5.111211975249176,0.15958791652324367
1514,0.1525,3,32,3,53856,551754,3179,104777,5.110915558190374,0.159591854763903
1515,0.1526,4,32,4,53888,551722,3183,104773,5.110619141131572,0.1595945132864683
1516,0.1527,9,65,9,53953,551657,3192,104764,5.110017043980881,0.15959879406661273
1517,0.1528,6,167,6,54120,551490,3198,104758,5.108470117455259,0.15963172459192257
1518,0.1529,0,20,0,54140,551470,3198,104758,5.108284856793508,0.15963658972186495
1519,0.153,4,82,4,54222,551388,3202,104754,5.107525288080329,0.15965141691889864
1520,0.1531,3,47,3,54269,551341,3205,104751,5.107089925525214,0.15965901123622905
1521,0.1532,16,161,16,54430,551180,3221,104735,5.105598577198117,0.15967770214128355
1522,0.1533,1,16,1,54446,551164,3222,104734,5.105450368668717,0.15968031614671793
1523,0.1534,1,22,1,54468,551142,3223,104733,5.105246581940791,0.1596843910806175
1524,0.1535,3,30,3,54498,551112,3226,104730,5.104968690948164,0.1596878516471955
1525,0.1536,3,26,3,54524,551086,3229,104727,5.104727852087888,0.1596903385568752
1526,0.1537,9,143,9,54667,550943,3238,104718,5.103403238356368,0.15971363250216195
1527,0.1538,1,22,1,54689,550921,3239,104717,5.103199451628441,0.15971771007781732
1528,0.1539,5,70,5,54759,550851,3244,104712,5.102551039312313,0.15972835562714796
1529,0.154,1,46,1,54805,550805,3245,104711,5.102124939790285,0.15973828251331776
1530,0.1541,7,25,7,54830,550780,3252,104704,5.101893363963096,0.15973540162688946
1531,0.1542,5,76,5,54906,550704,3257,104699,5.101189373448442,0.1597475141248972
1532,0.1543,6,80,6,54986,550624,3263,104693,5.100448330801438,0.159759322587389
1533,0.1544,0,33,0,55019,550591,3263,104693,5.100142650709548,0.15976736804194822
1534,0.1545,5,49,5,55068,550542,3268,104688,5.099688762088258,0.15977290417105444
1535,0.1546,4,23,4,55091,550519,3272,104684,5.099475712327244,0.15977338321100484
1536,0.1547,3,42,3,55133,550477,3275,104681,5.099086664937567,0.15977977831301762
1537,0.1548,0,39,0,55172,550438,3275,104681,5.098725406647152,0.15978929019002655
1538,0.1549,0,25,0,55197,550413,3275,104681,5.098493830819963,0.15979538814277036
1539,0.155,4,68,4,55265,550345,3279,104677,5.09786394457001,0.15980684618226562
1540,0.1551,1,27,1,55292,550318,3280,104676,5.097613842676646,0.15981215095100107
1541,0.1552,0,24,0,55316,550294,3280,104676,5.097391529882545,0.1598180069316152
1542,0.1553,1,45,1,55361,550249,3281,104675,5.096974693393605,0.15982770519938191
1543,0.1554,7,150,7,55511,550099,3288,104668,5.095585238430472,0.15985533785300726
1544,0.1555,3,29,3,55540,550070,3291,104665,5.095316610470933,0.15985856873391524
1545,0.1556,4,126,4,55666,549944,3295,104661,5.094149468301901,0.15988420497857486
1546,0.1557,2,39,2,55705,549905,3297,104659,5.093788210011486,0.15989116419479227
1547,0.1558,1,36,1,55741,549869,3298,104658,5.093454740820334,0.15989867492097345
1548,0.1559,1,14,1,55755,549855,3299,104657,5.093325058357109,0.15990081159703717
1549,0.156,2,30,2,55785,549825,3301,104655,5.093047167364482,0.1599055738907224
1550,0.1561,5,69,5,55854,549756,3306,104650,5.09240801808144,0.15991601543995623
1551,0.1562,4,59,4,55913,549697,3310,104646,5.0918614991292745,0.15992529911682404
1552,0.1563,1,50,1,55963,549647,3311,104645,5.091398347474898,0.15993623642043614
1553,0.1564,0,13,0,55976,549634,3311,104645,5.091277928044759,0.15993941422542982
1554,0.1565,2,13,2,55989,549621,3313,104643,5.091157508614621,0.15994002421041048
1555,0.1566,0,15,0,56004,549606,3313,104643,5.091018563118308,0.1599436911634561
1556,0.1567,3,37,3,56041,549569,3316,104640,5.090675830894068,0.15994888483649722
1557,0.1568,3,51,3,56092,549518,3319,104637,5.090203416206602,0.15995750242679488
1558,0.1569,3,30,3,56122,549488,3322,104634,5.089925525213976,0.1599609858711372
1559,0.157,5,134,5,56256,549354,3327,104629,5.088684278780244,0.15998733912043586
1560,0.1571,2,19,2,56275,549335,3329,104627,5.08850828115158,0.15998941834540845
1561,0.1572,4,51,4,56326,549284,3333,104623,5.088035866464115,0.1599967579487603
1562,0.1573,0,24,0,56350,549260,3333,104623,5.0878135536700135,0.16000263044000226
1563,0.1574,1,57,1,56407,549203,3334,104622,5.087285560784023,0.16001529461247277
1564,0.1575,5,91,5,56498,549112,3339,104617,5.086442624773055,0.16003114440387378
1565,0.1576,1,46,1,56544,549066,3340,104616,5.086016525251028,0.1600411209120031
1566,0.1577,8,46,8,56590,549020,3348,104608,5.085590425729,0.16004210345946013
1567,0.1578,1,19,1,56609,549001,3349,104607,5.0854144281003375,0.16004547067967345
1568,0.1579,4,37,4,56646,548964,3353,104603,5.085071695876097,0.16004939049860228
1569,0.158,0,44,0,56690,548920,3353,104603,5.084664122420246,0.16006016620685118
1570,0.1581,5,77,5,56767,548843,3358,104598,5.0839508688725035,0.16007260028066803
1571,0.1582,1,32,1,56799,548811,3359,104597,5.083654451813702,0.16007915421910965
1572,0.1583,2,57,2,56856,548754,3361,104595,5.083126458927711,0.16009054884908372
1573,0.1584,4,111,4,56967,548643,3365,104591,5.082098262254993,0.1601126089578926
1574,0.1585,1,13,1,56980,548630,3366,104590,5.0819778428248545,0.16011450965983895
1575,0.1586,3,102,3,57082,548528,3369,104587,5.081033013449924,0.1601356575794462
1576,0.1587,2,58,2,57140,548470,3371,104585,5.080495757530846,0.16014730765402607
1577,0.1588,8,61,8,57201,548409,3379,104577,5.079930712512505,0.16015197875605297
1578,0.1589,2,18,2,57219,548391,3381,104575,5.0797639779169295,0.16015382117905066
1579,0.159,3,68,3,57287,548323,3384,104572,5.079134091666975,0.16016664241570236
1580,0.1591,2,18,2,57305,548305,3386,104570,5.0789673570714,0.1601684855447061
1581,0.1592,5,73,5,57378,548232,3391,104565,5.078291155656008,0.16017996406233484
1582,0.1593,2,44,2,57422,548188,3393,104563,5.077883582200156,0.16018818814524988
1583,0.1594,3,32,3,57454,548156,3396,104560,5.077587165141354,0.16019218159199408
1584,0.1595,1,21,1,57475,548135,3397,104559,5.077392641446515,0.16019604899079815
1585,0.1596,2,30,2,57505,548105,3399,104557,5.077114750453888,0.16020083902540672
1586,0.1597,3,24,3,57529,548081,3402,104554,5.0768924376597875,0.16020286990431098
1587,0.1598,2,25,2,57554,548056,3404,104552,5.076660861832599,0.1602064332646857
1588,0.1599,4,62,4,57616,547994,3408,104548,5.07608655378117,0.16021650713670538
1589,0.16,2,41,2,57657,547953,3410,104546,5.07570676942458,0.16022400034329554
1590,0.1601,10,76,10,57733,547877,3420,104536,5.075002778909926,0.1602297930911861
1591,0.1602,8,85,8,57818,547792,3428,104528,5.074215421097485,0.1602403728231543
1592,0.1603,0,28,0,57846,547764,3428,104528,5.073956056171033,0.16024725123104377
1593,0.1604,8,127,8,57973,547637,3436,104520,5.072779650968913,0.16026815628751973
1594,0.1605,6,27,6,58000,547610,3442,104514,5.072529549075549,0.16026706577276714
1595,0.1606,2,31,2,58031,547579,3444,104512,5.072242395049835,0.16027210926082402
1596,0.1607,2,50,2,58081,547529,3446,104510,5.071779243395458,0.16028182363324894
1597,0.1608,8,106,8,58187,547423,3454,104502,5.070797361888177,0.16029758024312613
1598,0.1609,1,8,1,58195,547415,3455,104501,5.070723257623476,0.16029825928493854
1599,0.161,1,38,1,58233,547377,3456,104500,5.070371262366149,0.16030631545521626
1600,0.1611,0,40,0,58273,547337,3456,104500,5.070000741042647,0.16031615265779636
1601,0.1612,2,15,2,58288,547322,3458,104498,5.069861795546334,0.16031726550274616
1602,0.1613,3,85,3,58373,547237,3461,104495,5.069074437733891,0.16033430919457692
1603,0.1614,2,26,2,58399,547211,3463,104493,5.068833598873615,0.1603381289665247
1604,0.1615,4,29,4,58428,547182,3467,104489,5.0685649709140765,0.1603401102703665
1605,0.1616,4,38,4,58466,547144,3471,104485,5.068212975656749,0.1603443063460957
1606,0.1617,2,36,2,58502,547108,3473,104483,5.067879506465597,0.16035058802224095
1607,0.1618,4,49,4,58551,547059,3477,104479,5.067425617844307,0.16035749257909745
1608,0.1619,7,64,7,58615,546995,3484,104472,5.066832783726704,0.1603642241280065
1609,0.162,0,20,0,58635,546975,3484,104472,5.066647523064953,0.1603691474517497
1610,0.1621,8,45,8,58680,546930,3492,104464,5.066230686576012,0.16036991436826253
1611,0.1622,5,72,5,58752,546858,3497,104459,5.065563748193709,0.16038119686727048
1612,0.1623,7,80,7,58832,546778,3504,104452,5.064822705546704,0.16039187383873593
1613,0.1624,2,38,2,58870,546740,3506,104450,5.064470710289378,0.16039865477049708
1614,0.1625,4,75,4,58945,546665,3510,104446,5.063775982807811,0.16041197276654826
1615,0.1626,8,99,8,59044,546566,3518,104438,5.062858942532142,0.16042604960952622
1616,0.1627,12,257,12,59301,546309,3530,104426,5.060478343028641,0.1604739256379325
1617,0.1628,2,54,2,59355,546255,3532,104424,5.059978139241913,0.16048466294440117
1618,0.1629,13,324,13,59679,545931,3545,104411,5.0569769165215455,0.1605478348315194
1619,0.163,6,27,6,59706,545904,3551,104405,5.056726814628182,0.16054675546547872
1620,0.1631,2,21,2,59727,545883,3553,104403,5.056532290933343,0.16054935828235575
1621,0.1632,0,20,0,59747,545863,3553,104403,5.056347030271592,0.16055429624184564
1622,0.1633,4,65,4,59812,545798,3557,104399,5.055744933120901,0.1605651825523649
1623,0.1634,4,43,4,59855,545755,3561,104395,5.055346622698136,0.1605706375451819
1624,0.1635,7,94,7,59949,545661,3568,104388,5.054475897587906,0.16058481745222283
1625,0.1636,3,25,3,59974,545636,3571,104385,5.054244321760717,0.16058711949306254
1626,0.1637,2,32,2,60006,545604,3573,104383,5.053947904701916,0.16059244261808314
1627,0.1638,3,39,3,60045,545565,3576,104380,5.053586646411501,0.1605982044634546
1628,0.1639,2,31,2,60076,545534,3578,104378,5.053299492385787,0.16060328167505755
1629,0.164,2,37,2,60113,545497,3580,104376,5.052956760161547,0.16060984223071276
1630,0.1641,3,79,3,60192,545418,3583,104373,5.0522249805476305,0.16062549342788682
1631,0.1642,0,11,0,60203,545407,3583,104373,5.052123087183667,0.1606282126258118
1632,0.1643,3,74,3,60277,545333,3586,104370,5.051437622735189,0.16064263209497262
1633,0.1644,2,21,2,60298,545312,3588,104368,5.05124309904035,0.16064524073389977
1634,0.1645,3,38,3,60336,545274,3591,104365,5.050891103783023,0.16065076142288257
1635,0.1646,2,39,2,60375,545235,3593,104363,5.050529845492608,0.16065782222235905
1636,0.1647,4,43,4,60418,545192,3597,104359,5.050131535069843,0.16066328894882773
1637,0.1648,2,26,2,60444,545166,3599,104357,5.049890696209567,0.16066713572883484
1638,0.1649,4,43,4,60487,545123,3603,104353,5.049492385786802,0.16067260376057005
1639,0.165,7,143,7,60630,544980,3610,104346,5.048167772055282,0.16069894013176741
1640,0.1651,3,75,3,60705,544905,3613,104343,5.0474730445737155,0.1607136256099364
1641,0.1652,1,24,1,60729,544881,3614,104342,5.047250731779614,0.16071827399830257
1642,0.1653,14,143,14,60872,544738,3628,104328,5.045926118048094,0.16073558004887023
1643,0.1654,4,124,4,60996,544614,3632,104324,5.044777501945237,0.16076112047684063
1644,0.1655,9,41,9,61037,544573,3641,104315,5.044397717588647,0.1607596380269014
1645,0.1656,5,32,5,61069,544541,3646,104310,5.044101300529846,0.16076109923541768
1646,0.1657,1,28,1,61097,544513,3647,104309,5.043841935603394,0.16076674342115402
1647,0.1658,4,38,4,61135,544475,3651,104305,5.043489940346067,0.1607709855420944
1648,0.1659,3,75,3,61210,544400,3654,104302,5.0427952128645,0.16078569204349608
1649,0.166,1,40,1,61250,544360,3655,104301,5.042424691540998,0.160794313208286
1650,0.1661,10,44,10,61294,544316,3665,104291,5.042017118085146,0.16079228253780795
1651,0.1662,2,23,2,61317,544293,3667,104289,5.041804068324132,0.1607953967270137
1652,0.1663,13,161,13,61478,544132,3680,104276,5.0403127199970355,0.16081849699571873
1653,0.1664,5,46,5,61524,544086,3685,104271,5.039886620475008,0.16082343523706846
1654,0.1665,5,54,5,61578,544032,3690,104266,5.039386416688281,0.16083035887817024
1655,0.1666,5,109,5,61687,543923,3695,104261,5.038376746081737,0.16085093121706182
1656,0.1667,4,69,4,61756,543854,3699,104257,5.037737596798696,0.16086287688374368
1657,0.1668,6,36,6,61792,543818,3705,104251,5.037404127607544,0.16086404379780547
1658,0.1669,2,8,2,61800,543810,3707,104249,5.037330023342843,0.16086343990284835
1659,0.167,6,46,6,61846,543764,3713,104243,5.036903923820816,0.16086708939872563
1660,0.1671,4,135,4,61981,543629,3717,104239,5.035653414353996,0.1608954293158483
1661,0.1672,0,42,0,62023,543587,3717,104239,5.035264366964319,0.16090586052427658
1662,0.1673,3,119,3,62142,543468,3720,104236,5.0341620660269,0.16093153662784235
1663,0.1674,3,32,3,62174,543436,3723,104233,5.033865648968098,0.16093560136427712
1664,0.1675,4,41,4,62215,543395,3727,104229,5.033485864611508,0.16094060751300138
1665,0.1676,4,39,4,62254,543356,3731,104225,5.033124606321094,0.1609451172903467
1666,0.1677,3,40,3,62294,543316,3734,104222,5.032754084997592,0.1609511719775519
1667,0.1678,4,32,4,62326,543284,3738,104218,5.03245766793879,0.16095394299940385
1668,0.1679,4,27,4,62353,543257,3742,104214,5.032207566045426,0.16095547136474067
1669,0.168,1,65,1,62418,543192,3743,104213,5.0316054688947345,0.16097033541600697
1670,0.1681,4,67,4,62485,543125,3747,104209,5.030984845677869,0.16098181155323218
1671,0.1682,5,25,5,62510,543100,3752,104204,5.03075326985068,0.16098154808250836
1672,0.1683,5,123,5,62633,542977,3757,104199,5.029613916780911,0.1610056615202047
1673,0.1684,4,57,4,62690,542920,3761,104195,5.02908592389492,0.16101465736383797
1674,0.1685,6,45,6,62735,542875,3767,104189,5.02866908740598,0.1610180754917597
1675,0.1686,7,147,7,62882,542728,3774,104182,5.02730742154211,0.1610455859393115
1676,0.1687,2,43,2,62925,542685,3776,104180,5.026909111119345,0.16105369744846298
1677,0.1688,4,31,4,62956,542654,3780,104176,5.026621957093631,0.161056228066107
1678,0.1689,4,45,4,63001,542609,3784,104172,5.026205120604691,0.16106224518036244
1679,0.169,11,135,11,63136,542474,3795,104161,5.024954611137871,0.16108159935666952
1680,0.1691,5,64,5,63200,542410,3800,104156,5.0243617770202675,0.16109105644280708
1681,0.1692,2,30,2,63230,542380,3802,104154,5.024083886027641,0.16109593617659707
1682,0.1693,1,43,1,63273,542337,3803,104153,5.023685575604876,0.16110535352441646
1683,0.1694,11,115,11,63388,542222,3814,104142,5.0226203267998075,0.16111974057961148
1684,0.1695,4,91,4,63479,542131,3818,104138,5.02177739078884,0.1611372354236394
1685,0.1696,0,14,0,63493,542117,3818,104138,5.021647708325614,0.16114072618393668
1686,0.1697,2,45,2,63538,542072,3820,104136,5.021230871836674,0.1611493512924631
1687,0.1698,4,70,4,63608,542002,3824,104132,5.020582459520545,0.16116161663060605
1688,0.1699,2,63,2,63671,541939,3826,104130,5.01999888843603,0.1611747352063015
1689,0.17,5,29,5,63700,541910,3831,104125,5.01973026047649,0.1611754781087712
1690,0.1701,0,29,0,63729,541881,3831,104125,5.019461632516951,0.16118271347324947
1691,0.1702,4,49,4,63778,541832,3835,104121,5.019007743895661,0.1611897460031922
1692,0.1703,6,31,6,63809,541801,3841,104115,5.018720589869947,0.16118969030028674
1693,0.1704,5,70,5,63879,541731,3846,104110,5.018072177553818,0.16120066703724292
1694,0.1705,3,42,3,63921,541689,3849,104107,5.017683130164141,0.1612072543032165
1695,0.1706,0,27,0,63948,541662,3849,104107,5.017433028270777,0.16121399447790155
1696,0.1707,4,60,4,64008,541602,3853,104103,5.016877246285524,0.16122377866053383
1697,0.1708,9,113,9,64121,541489,3862,104094,5.01583052354663,0.16124030527445735
1698,0.1709,7,68,7,64189,541421,3869,104087,5.015200637296677,0.16124819521988884
1699,0.171,1,40,1,64229,541381,3870,104086,5.014830115973174,0.16125688842342056
1700,0.1711,2,19,2,64248,541362,3872,104084,5.01465411834451,0.16125903638724232
1701,0.1712,13,91,13,64339,541271,3885,104071,5.013811182333543,0.16126487970719403
1702,0.1713,1,48,1,64387,541223,3886,104070,5.013366556745341,0.16127557559124306
1703,0.1714,5,48,5,64435,541175,3891,104065,5.0129219311571385,0.1612810737090075
1704,0.1715,4,50,4,64485,541125,3895,104061,5.012458779502761,0.1612883726553273
1705,0.1716,3,21,3,64506,541104,3898,104058,5.012264255807922,0.16128972258130517
1706,0.1717,3,52,3,64558,541052,3901,104055,5.011782578087369,0.16129882329598036
1707,0.1718,8,73,8,64631,540979,3909,104047,5.011106376671978,0.1613066760099593
1708,0.1719,2,24,2,64655,540955,3911,104045,5.010884063877876,0.16131007751937984
1709,0.172,5,68,5,64723,540887,3916,104040,5.010254177627923,0.16132058356992343
1710,0.1721,7,52,7,64775,540835,3923,104033,5.00977249990737,0.16132448811229586
1711,0.1722,2,85,2,64860,540750,3925,104031,5.008985142094928,0.1613431537219614
1712,0.1723,5,73,5,64933,540677,3930,104026,5.0083089406795365,0.16135491846633257
1713,0.1724,6,48,6,64981,540629,3936,104020,5.007864315091333,0.16135912721496504
1714,0.1725,16,176,16,65157,540453,3952,104004,5.006234021267924,0.1613823730675592
1715,0.1726,5,48,5,65205,540405,3957,103999,5.005789395679721,0.16138788710188018
1716,0.1727,4,28,4,65233,540377,3961,103995,5.0055300307532695,0.16138969415182533
1717,0.1728,0,16,0,65249,540361,3961,103995,5.005381822223869,0.16139370161836003
1718,0.1729,10,135,10,65384,540226,3971,103985,5.004131312757049,0.16141450549587014
1719,0.173,1,14,1,65398,540212,3972,103984,5.004001630293823,0.16141671168402164
1720,0.1731,2,45,2,65443,540167,3974,103982,5.003584793804883,0.16142538449954902
1721,0.1732,1,24,1,65467,540143,3975,103981,5.003362481010782,0.16143009731045574
1722,0.1733,7,98,7,65565,540045,3982,103974,5.002454703768202,0.16144554741397382
1723,0.1734,4,28,4,65593,540017,3986,103970,5.002195338841751,0.16144735840940888
1724,0.1735,6,72,6,65665,539945,3992,103964,5.0015284004594465,0.16145759726917935
1725,0.1736,1,11,1,65676,539934,3993,103963,5.001426507095483,0.16145905323366935
1726,0.1737,4,68,4,65744,539866,3997,103959,5.00079662084553,0.1614708965945715
1727,0.1738,2,31,2,65775,539835,3999,103957,5.000509466819816,0.1614760668041852
1728,0.1739,1,25,1,65800,539810,4000,103956,5.000277890992627,0.16148103503446903
1729,0.174,6,43,6,65843,539767,4006,103950,4.9998795805698615,0.1614840061704134
1730,0.1741,4,41,4,65884,539726,4010,103946,4.999499796213272,0.16148908139549337
1731,0.1742,1,32,1,65916,539694,4011,103945,4.99920337915447,0.1614958074324272
1732,0.1743,1,82,1,65998,539612,4012,103944,4.998443810441291,0.16151508182660096
1733,0.1744,6,40,6,66038,539572,4018,103938,4.998073289117789,0.16151730353840654
1734,0.1745,4,38,4,66076,539534,4022,103934,4.997721293860462,0.16152162966922987
1735,0.1746,7,77,7,66153,539457,4029,103927,4.99700804031272,0.16153183790706638
1736,0.1747,11,106,11,66259,539351,4040,103916,4.9960261588054395,0.16154411776136504
1737,0.1748,4,61,4,66320,539290,4044,103912,4.995461113787099,0.16155422402293526
1738,0.1749,3,73,3,66393,539217,4047,103909,4.994784912371707,0.1615686506221176
1739,0.175,1,62,1,66455,539155,4048,103908,4.994210604320279,0.16158292422359863
1740,0.1751,2,33,2,66488,539122,4050,103906,4.9939049242283895,0.16158860889416946
1741,0.1752,2,62,2,66550,539060,4052,103904,4.993330616176961,0.16160158267025837
1742,0.1753,4,17,4,66567,539043,4056,103900,4.993173144614473,0.1616006395590278
1743,0.1754,1,33,1,66600,539010,4057,103899,4.9928674645225835,0.16160763031782102
1744,0.1755,6,39,6,66639,538971,4063,103893,4.992506206232169,0.1616096094974987
1745,0.1756,11,176,11,66815,538795,4074,103882,4.990875912408759,0.16163951720693287
1746,0.1757,4,46,4,66861,538749,4078,103878,4.990449812886732,0.16164586922118118
1747,0.1758,0,19,0,66880,538730,4078,103878,4.990273815258068,0.16165064860692677
1748,0.1759,4,38,4,66918,538692,4082,103874,4.989921820000741,0.16165498952636773
1749,0.176,8,114,8,67032,538578,4090,103866,4.9888658342287595,0.16167323533257374
1750,0.1761,6,28,6,67060,538550,4096,103860,4.988606469302308,0.16167245217228873
1751,0.1762,1,33,1,67093,538517,4097,103859,4.988300789210419,0.1616794525324732
1752,0.1763,4,100,4,67193,538417,4101,103855,4.987374485901664,0.16169940461362164
1753,0.1764,4,71,4,67264,538346,4105,103851,4.986716810552447,0.16171206031793983
1754,0.1765,3,29,3,67293,538317,4108,103848,4.986448182592908,0.1617154469645652
1755,0.1766,6,97,6,67390,538220,4114,103842,4.985549668383415,0.16173204456890455
1756,0.1767,2,75,2,67465,538145,4116,103840,4.984854940901849,0.16174832745313364
1757,0.1768,5,54,5,67519,538091,4121,103835,4.984354737115121,0.16175540482859396
1758,0.1769,2,44,2,67563,538047,4123,103833,4.983947163659269,0.1617638810992709
1759,0.177,6,70,6,67633,537977,4129,103827,4.98329875134314,0.16177368791718344
1760,0.1771,2,28,2,67661,537949,4131,103825,4.983039386416689,0.16177813373555178
1761,0.1772,5,25,5,67686,537924,4136,103820,4.9828078105895,0.16177790520830737
1762,0.1773,4,40,4,67726,537884,4140,103816,4.982437289265997,0.16178276453171264
1763,0.1774,4,103,4,67829,537781,4144,103812,4.98148319685798,0.16180351094852968
1764,0.1775,4,11,4,67840,537770,4148,103808,4.981381303494016,0.16180105926325403
1765,0.1776,2,39,2,67879,537731,4150,103806,4.981020045203602,0.161808282297046
1766,0.1777,2,48,2,67927,537683,4152,103804,4.980575419615399,0.1618177765098903
1767,0.1778,1,45,1,67972,537638,4153,103803,4.9801585831264585,0.16182782204442808
1768,0.1779,6,32,6,68004,537606,4159,103797,4.979862166067657,0.16182805506054695
1769,0.178,1,27,1,68031,537579,4160,103796,4.979612064174293,0.16183356070941338
1770,0.1781,7,118,7,68149,537461,4167,103789,4.978519026269962,0.1618541910331384
1771,0.1782,1,51,1,68200,537410,4168,103788,4.978046611582497,0.16186575753511395
1772,0.1783,3,49,3,68249,537361,4171,103785,4.977592722961206,0.16187420649898776
1773,0.1784,3,74,3,68323,537287,4174,103782,4.976907258512727,0.1618889698300807
1774,0.1785,5,55,5,68378,537232,4179,103777,4.976397791692912,0.16189632282854063
1775,0.1786,9,107,9,68485,537125,4188,103768,4.9754066471525435,0.16191158274470152
1776,0.1787,2,56,2,68541,537069,4190,103766,4.9748879172996405,0.16192311593467898
1777,0.1788,4,25,4,68566,537044,4194,103762,4.974656341472452,0.16192420170847338
1778,0.1789,7,88,7,68654,536956,4201,103755,4.973841194560747,0.16193728529711524
1779,0.179,0,40,0,68694,536916,4201,103755,4.9734706732372445,0.1619473957772398
1780,0.1791,1,17,1,68711,536899,4202,103754,4.973313201674756,0.16195038499780692
1781,0.1792,12,189,12,68900,536710,4214,103742,4.971562488421209,0.16198247487711803
1782,0.1793,8,120,8,69020,536590,4222,103734,4.970450924450702,0.16200236130458956
1783,0.1794,6,40,6,69060,536550,4228,103728,4.9700804031272,0.16200462923917425
1784,0.1795,4,69,4,69129,536481,4232,103724,4.969441253844159,0.16201685397646068
1785,0.1796,9,246,9,69375,536235,4241,103715,4.96716254770462,0.16206734901164155
1786,0.1797,2,34,2,69409,536201,4243,103713,4.966847604579644,0.16207334110521102
1787,0.1798,3,26,3,69435,536175,4246,103710,4.9666067657193675,0.16207599803089617
1788,0.1799,2,76,2,69511,536099,4248,103708,4.965902775204713,0.16209263105905375
1789,0.18,3,62,3,69573,536037,4251,103705,4.9653284671532845,0.16210441084062013
1790,0.1801,0,15,0,69588,536022,4251,103705,4.9651895216569715,0.16210821178408916
1791,0.1802,9,96,9,69684,535926,4260,103696,4.9643002704805665,0.16212075256948635
1792,0.1803,7,82,7,69766,535844,4267,103689,4.9635407017673865,0.16213236846261256
1793,0.1804,3,26,3,69792,535818,4270,103686,4.96329986290711,0.16213502964797719
1794,0.1805,7,135,7,69927,535683,4277,103679,4.962049353440291,0.1621600908405567
1795,0.1806,5,91,5,70018,535592,4282,103674,4.961206417429323,0.16217662131256785
1796,0.1807,5,66,5,70084,535526,4287,103669,4.960595057245545,0.16218681310085342
1797,0.1808,4,71,4,70155,535455,4291,103665,4.959937381896328,0.16219958693203154
1798,0.1809,1,78,1,70233,535377,4292,103664,4.959214865315499,0.162218073644727
1799,0.181,1,54,1,70287,535323,4293,103663,4.958714661528771,0.16223047140312932
1800,0.1811,6,116,6,70403,535207,4299,103657,4.957640149690615,0.16225205990633373
1801,0.1812,1,20,1,70423,535187,4300,103656,4.957454889028863,0.1622558281142628
1802,0.1813,4,33,4,70456,535154,4304,103652,4.957149208936975,0.16225896438042223
1803,0.1814,7,120,7,70576,535034,4311,103645,4.956037644966468,0.16228026911797633
1804,0.1815,2,72,2,70648,534962,4313,103643,4.955370706584164,0.1622959419359385
1805,0.1816,3,90,3,70738,534872,4316,103640,4.954537033606284,0.16231488210088454
1806,0.1817,3,112,3,70850,534760,4319,103637,4.953499573900478,0.16233942202109347
1807,0.1818,5,121,5,70971,534639,4324,103632,4.952378746896884,0.16236363550905494
1808,0.1819,6,79,6,71050,534560,4330,103626,4.951646967282967,0.1623758590755673
1809,0.182,1,15,1,71065,534545,4331,103625,4.951508021786654,0.1623783631320808
1810,0.1821,7,73,7,71138,534472,4338,103618,4.9508318203712625,0.16238775094422417
1811,0.1822,8,55,8,71193,534417,4346,103610,4.950322353551447,0.16239124676541902
1812,0.1823,1,34,1,71227,534383,4347,103609,4.95000741042647,0.16239858807006985
1813,0.1824,1,54,1,71281,534329,4348,103608,4.949507206639742,0.16241102177801256
1814,0.1825,4,45,4,71326,534284,4352,103604,4.949090370150802,0.16241722684860038
1815,0.1826,5,64,5,71390,534220,4357,103599,4.948497536033199,0.16242695811821223
1816,0.1827,10,124,10,71514,534096,4367,103589,4.947348919930342,0.16244540799924728
1817,0.1828,5,36,5,71550,534060,4372,103584,4.94701545073919,0.16244801174322976
1818,0.1829,0,17,0,71567,534043,4372,103584,4.946857979176702,0.16245234282738968
1819,0.183,4,126,4,71693,533917,4376,103580,4.94569083700767,0.1624791959805301
1820,0.1831,3,108,3,71801,533809,4379,103577,4.944690429434214,0.16250278481171535
1821,0.1832,6,61,6,71862,533748,4385,103571,4.944125384415873,0.16251045394849362
1822,0.1833,7,82,7,71944,533666,4392,103564,4.943365815702694,0.16252216625080426
1823,0.1834,3,67,3,72011,533599,4395,103561,4.942745192485828,0.16253531295122103
1824,0.1835,6,45,6,72056,533554,4401,103555,4.942328355996888,0.16253890621541997
1825,0.1836,2,94,2,72150,533460,4403,103553,4.941457630886657,0.16256026172150334
1826,0.1837,6,85,6,72235,533375,4409,103547,4.940670273074216,0.16257406715421982
1827,0.1838,1,39,1,72274,533336,4410,103546,4.940309014783801,0.1625827076287287
1828,0.1839,9,128,9,72402,533208,4419,103537,4.939123346548594,0.16260355401298793
1829,0.184,2,26,2,72428,533182,4421,103535,4.938882507688318,0.16260756348581867
1830,0.1841,4,38,4,72466,533144,4425,103531,4.93853051243099,0.16261200769623435
1831,0.1842,2,39,2,72505,533105,4427,103529,4.9381692541405755,0.16261933858386451
1832,0.1843,4,70,4,72575,533035,4431,103525,4.937520841824447,0.1626319592811361
1833,0.1844,3,98,3,72673,532937,4434,103522,4.936613064581866,0.16265305384950168
1834,0.1845,10,164,10,72837,532773,4444,103512,4.935093927155508,0.1626818171102572
1835,0.1846,4,44,4,72881,532729,4448,103508,4.9346863536996555,0.162687803444314
1836,0.1847,5,50,5,72931,532679,4453,103503,4.934223202045278,0.16269400894712518
1837,0.1848,3,55,3,72986,532624,4456,103500,4.933713735225462,0.16270412686834643
1838,0.1849,3,65,3,73051,532559,4459,103497,4.933111638074771,0.1627168048096394
1839,0.185,2,25,2,73076,532534,4461,103495,4.932880062247582,0.16272056777285313
1840,0.1851,3,26,3,73102,532508,4464,103492,4.932639223387306,0.16272327044025156
1841,0.1852,4,44,4,73146,532464,4468,103488,4.932231649931453,0.16272926258585554
1842,0.1853,5,79,5,73225,532385,4473,103483,4.931499870317537,0.16274289632439437
1843,0.1854,0,62,0,73287,532323,4473,103483,4.930925562266109,0.16275876603869735
1844,0.1855,8,51,8,73338,532272,4481,103475,4.9304531475786435,0.16276128711578663
1845,0.1856,7,111,7,73449,532161,4488,103468,4.929424950905925,0.16278048987695654
1846,0.1857,2,46,2,73495,532115,4490,103466,4.928998851383897,0.16278963656874576
1847,0.1858,1,14,1,73509,532101,4491,103465,4.928869168920671,0.162791905167992
1848,0.1859,7,95,7,73604,532006,4498,103458,4.927989180777354,0.1628070197524958
1849,0.186,3,24,3,73628,531982,4501,103455,4.9277668679832525,0.16280921633458548
1850,0.1861,4,60,4,73688,531922,4505,103451,4.927211085998,0.16281932030476587
1851,0.1862,4,50,4,73738,531872,4509,103447,4.926747934343622,0.16282686335525934
1852,0.1863,2,118,2,73856,531754,4511,103445,4.92565489643929,0.16285447552656726
1853,0.1864,9,99,9,73955,531655,4520,103436,4.924737856163622,0.16286799844431743
1854,0.1865,3,18,3,73973,531637,4523,103433,4.9245711215680466,0.16286866014770027
1855,0.1866,1,16,1,73989,531621,4524,103432,4.924422913038645,0.16287144537542536
1856,0.1867,2,23,2,74012,531598,4526,103430,4.924209863277632,0.1628747078868963
1857,0.1868,3,57,3,74069,531541,4529,103427,4.923681870391641,0.16288537375111817
1858,0.1869,3,52,3,74121,531489,4532,103424,4.923200192671088,0.16289475880947468
1859,0.187,2,31,2,74152,531458,4534,103422,4.922913038645374,0.1629000756048387
1860,0.1871,0,16,0,74168,531442,4534,103422,4.922764830115973,0.16290418105294993
1861,0.1872,3,25,3,74193,531417,4537,103419,4.922533254288784,0.16290664045517267
1862,0.1873,6,75,6,74268,531342,4543,103413,4.921838526807218,0.16291797622704823
1863,0.1874,1,38,1,74306,531304,4544,103412,4.921486531549891,0.16292641118232407
1864,0.1875,4,41,4,74347,531263,4548,103408,4.921106747193301,0.1629316606556783
1865,0.1876,5,119,5,74466,531144,4553,103403,4.920004446255882,0.16295562030866115
1866,0.1877,5,35,5,74501,531109,4558,103398,4.919680240097818,0.1629580130715658
1867,0.1878,2,25,2,74526,531084,4560,103396,4.919448664270629,0.16296179548606732
1868,0.1879,6,184,6,74710,530900,4566,103390,4.917744266182519,0.16300115089312459
1869,0.188,3,23,3,74733,530877,4569,103387,4.917531216421505,0.163003102808925
1870,0.1881,3,17,3,74750,530860,4572,103384,4.917373744859017,0.16300351284363745
1871,0.1882,1,63,1,74813,530797,4573,103383,4.9167901737745,0.1630183859472074
1872,0.1883,2,28,2,74841,530769,4575,103381,4.916530808848049,0.16302294409839943
1873,0.1884,6,43,6,74884,530726,4581,103375,4.916132498425284,0.16302607944160316
1874,0.1885,8,119,8,75003,530607,4589,103367,4.915030197487866,0.16304611861054238
1875,0.1886,11,138,11,75141,530469,4600,103356,4.913751898921783,0.1630670926517572
1876,0.1887,3,30,3,75171,530439,4603,103353,4.913474007929156,0.16307084974250227
1877,0.1888,6,109,6,75280,530330,4609,103347,4.912464337322613,0.16309097537073303
1878,0.1889,2,51,2,75331,530279,4611,103345,4.911991922635147,0.1631014608032524
1879,0.189,4,86,4,75417,530193,4615,103341,4.911195301789618,0.16311831724895587
1880,0.1891,6,55,6,75472,530138,4621,103335,4.910685834969803,0.16312455305908855
1881,0.1892,8,115,8,75587,530023,4629,103327,4.909620586164734,0.16314360148417148
1882,0.1893,5,107,5,75694,529916,4634,103322,4.908629441624366,0.16316456056016854
1883,0.1894,1,29,1,75723,529887,4635,103321,4.908360813664826,0.16317071167767938
1884,0.1895,6,129,6,75852,529758,4641,103315,4.907165882396532,0.16319602952582088
1885,0.1896,13,105,13,75957,529653,4654,103302,4.906193263922339,0.16320591511244875
1886,0.1897,5,61,5,76018,529592,4659,103297,4.905628218903998,0.1632150345479223
1887,0.1898,2,25,2,76043,529567,4661,103295,4.905396643076809,0.16321883759808614
1888,0.1899,1,59,1,76102,529508,4662,103294,4.904850124124644,0.1632327331455969
1889,0.19,7,74,7,76176,529434,4669,103287,4.904164659676164,0.1632425666288933
1890,0.1901,2,13,2,76189,529421,4671,103285,4.9040442402460265,0.1632432757078327
1891,0.1902,3,26,3,76215,529395,4674,103282,4.903803401385749,0.16324601652976165
1892,0.1903,3,25,3,76240,529370,4677,103279,4.9035718255585605,0.16324849956294882
1893,0.1904,5,43,5,76283,529327,4682,103274,4.903173515135796,0.16325298252769124
1894,0.1905,1,73,1,76356,529254,4683,103273,4.902497313720405,0.1632705007058987
1895,0.1906,2,82,2,76438,529172,4685,103271,4.9017377450072255,0.1632890236748608
1896,0.1907,8,121,8,76559,529051,4693,103263,4.900616918003631,0.16330968474523733
1897,0.1908,2,31,2,76590,529020,4695,103261,4.900329763977917,0.16331504505117186
1898,0.1909,4,93,4,76683,528927,4699,103257,4.899468301900774,0.1633337762423598
1899,0.191,2,58,2,76741,528869,4701,103255,4.898931045981696,0.16334611563553986
1900,0.1911,1,57,1,76798,528812,4702,103254,4.898403053095706,0.16335952258150258
1901,0.1912,3,70,3,76868,528742,4705,103251,4.897754640779577,0.16337364496125747
1902,0.1913,4,56,4,76924,528686,4709,103247,4.897235910926674,0.16338282697691053
1903,0.1914,4,102,4,77026,528584,4713,103243,4.896291081551743,0.16340390644907546
1904,0.1915,6,38,6,77064,528546,4719,103237,4.895939086294416,0.1634057896461285
1905,0.1916,8,81,8,77145,528465,4727,103229,4.895188780614324,0.16341614769176216
1906,0.1917,5,79,5,77224,528386,4732,103224,4.894457001000408,0.16342996469340257
1907,0.1918,5,80,5,77304,528306,4737,103219,4.893715958353403,0.1634440441787736
1908,0.1919,12,83,12,77387,528223,4749,103207,4.892947126607136,0.16344963020445655
1909,0.192,4,25,4,77412,528198,4753,103203,4.892715550779948,0.16345080226353775
1910,0.1921,5,115,5,77527,528083,4758,103198,4.891650301974878,0.16347395217026967
1911,0.1922,2,18,2,77545,528065,4760,103196,4.891483567379303,0.16347596319113647
1912,0.1923,2,39,2,77584,528026,4762,103194,4.891122309088888,0.16348341307309655
1913,0.1924,3,36,3,77620,527990,4765,103191,4.890788839897736,0.16348876154383607
1914,0.1925,0,22,0,77642,527968,4765,103191,4.89058505316981,0.163494460191489
1915,0.1926,5,47,5,77689,527921,4770,103186,4.890149690614695,0.1635000087148455
1916,0.1927,3,63,3,77752,527858,4773,103183,4.889566119530179,0.16351235498168898
1917,0.1928,2,15,2,77767,527843,4775,103181,4.889427174033866,0.16351359060828113
1918,0.1929,6,45,6,77812,527798,4781,103175,4.889010337544926,0.1635172978875483
1919,0.193,4,15,4,77827,527783,4785,103171,4.888871392048612,0.16351588229886807
1920,0.1931,4,142,4,77969,527641,4789,103167,4.887556041350179,0.16354738684354034
1921,0.1932,2,8,2,77977,527633,4791,103165,4.88748193708548,0.16354680896261561
1922,0.1933,8,45,8,78022,527588,4799,103157,4.88706510059654,0.1635478679973682
1923,0.1934,4,25,4,78047,527563,4803,103153,4.886833524769351,0.163549045846308
1924,0.1935,4,37,4,78084,527526,4807,103149,4.886490792545111,0.1635533357117374
1925,0.1936,3,42,3,78126,527484,4810,103146,4.886101745155433,0.163560249274535
1926,0.1937,3,37,3,78163,527447,4813,103143,4.885759012931194,0.16356586688656655
1927,0.1938,1,35,1,78198,527412,4814,103142,4.88543480677313,0.16357361938866458
1928,0.1939,1,22,1,78220,527390,4815,103141,4.885231020045204,0.1635780001300491
1929,0.194,7,152,7,78372,527238,4822,103134,4.883823039015895,0.16360815518455768
1930,0.1941,3,24,3,78396,527214,4825,103131,4.883600726221794,0.163610403826476
1931,0.1942,3,49,3,78445,527165,4828,103128,4.883146837600504,0.16361914220846496
1932,0.1943,8,59,8,78504,527106,4836,103120,4.882600318648338,0.16362384287541296
1933,0.1944,5,34,5,78538,527072,4841,103115,4.882285375523361,0.16362603481188917
1934,0.1945,3,59,3,78597,527013,4844,103112,4.881738856571196,0.16363737353699662
1935,0.1946,7,43,7,78640,526970,4851,103105,4.881340546148431,0.16363924929571877
1936,0.1947,8,134,8,78774,526836,4859,103097,4.880099299714699,0.16366343722268875
1937,0.1948,2,47,2,78821,526789,4861,103095,4.879663937159584,0.16367299375758076
1938,0.1949,1,19,1,78840,526770,4862,103094,4.87948793953092,0.16367660320323119
1939,0.195,3,63,3,78903,526707,4865,103091,4.878904368446404,0.16368899234357684
1940,0.1951,4,36,4,78939,526671,4869,103087,4.878570899255252,0.16369303764303114
1941,0.1952,11,102,11,79041,526569,4880,103076,4.877626069880321,0.16370494484987572
1942,0.1953,5,83,5,79124,526486,4885,103071,4.876857238134055,0.16371988557032963
1943,0.1954,5,55,5,79179,526431,4890,103066,4.876347771314239,0.16372754754986918
1944,0.1955,5,35,5,79214,526396,4895,103061,4.876023565156174,0.16373000856293599
1945,0.1956,2,35,2,79249,526361,4897,103059,4.87569935899811,0.16373645578469068
1946,0.1957,2,41,2,79290,526320,4899,103057,4.87531957464152,0.16374446476436222
1947,0.1958,12,164,12,79454,526156,4911,103045,4.873800437215162,0.16377119553211136
1948,0.1959,7,51,7,79505,526105,4918,103038,4.873328022527696,0.16377516717185123
1949,0.196,11,79,11,79584,526026,4929,103027,4.8725962429137795,0.16378111224332448
1950,0.1961,11,161,11,79745,525865,4940,103016,4.871104894586684,0.1638084152645731
1951,0.1962,5,110,5,79855,525755,4945,103011,4.870085960947052,0.1638304234007564
1952,0.1963,11,109,11,79964,525646,4956,103000,4.869076290340509,0.16384419848372533
1953,0.1964,5,24,5,79988,525622,4961,102995,4.868853977546408,0.163843803142454
1954,0.1965,2,44,2,80032,525578,4963,102993,4.868446404090555,0.1638526117176898
1955,0.1966,4,55,4,80087,525523,4967,102989,4.8679369372707395,0.16386162873580776
1956,0.1967,4,53,4,80140,525470,4971,102985,4.8674459965171,0.16387012594378278
1957,0.1968,2,91,2,80231,525379,4973,102983,4.866603060506132,0.16389119647591674
1958,0.1969,6,112,6,80343,525267,4979,102977,4.865565600800326,0.1639124289288875
1959,0.197,4,38,4,80381,525229,4983,102973,4.865213605542999,0.16391702032148894
1960,0.1971,3,72,3,80453,525157,4986,102970,4.864546667160695,0.1639318163365052
1961,0.1972,15,196,15,80649,524961,5001,102955,4.862731112675535,0.16396301416112982
1962,0.1973,5,51,5,80700,524910,5006,102950,4.862258697988069,0.16396967476826044
1963,0.1974,3,36,3,80736,524874,5009,102947,4.861925228796918,0.1639750820695708
1964,0.1975,2,57,2,80793,524817,5011,102945,4.8613972359109265,0.1639873072916169
1965,0.1976,1,41,1,80834,524776,5012,102944,4.8610174515543365,0.16399668642069712
1966,0.1977,4,38,4,80872,524738,5016,102940,4.86066545629701,0.16400128728424446
1967,0.1978,3,94,3,80966,524644,5019,102937,4.8597947311867795,0.16402185534616248
1968,0.1979,11,115,11,81081,524529,5030,102926,4.858729482381711,0.16403726163629265
1969,0.198,5,55,5,81136,524474,5035,102921,4.858220015561896,0.16404497963802708
1970,0.1981,4,43,4,81179,524431,5039,102917,4.857821705139131,0.16405089360291258
1971,0.1982,1,22,1,81201,524409,5040,102916,4.857617918411204,0.16405531423106046
1972,0.1983,8,169,8,81370,524240,5048,102908,4.856052465819408,0.16408885940798662
1973,0.1984,4,62,4,81432,524178,5052,102904,4.85547815776798,0.1640997509097694
1974,0.1985,5,20,5,81452,524158,5057,102899,4.855292897106229,0.16409831961049792
1975,0.1986,6,56,6,81508,524102,5063,102893,4.854774167253326,0.1641049769136915
1976,0.1987,3,56,3,81564,524046,5066,102890,4.854255437400423,0.16411563540776092
1977,0.1988,12,147,12,81711,523899,5078,102878,4.852893771536552,0.16413812249013604
1978,0.1989,9,97,9,81808,523802,5087,102869,4.851995257327059,0.1641515244841392
1979,0.199,1,47,1,81855,523755,5088,102868,4.8515598947719445,0.16416250281269598
1980,0.1991,1,22,1,81877,523733,5089,102867,4.851356108044018,0.16416693265240984
1981,0.1992,2,133,2,82010,523600,5091,102865,4.850124124643373,0.16419911726912118
1982,0.1993,9,146,9,82156,523454,5100,102856,4.84877172181259,0.16422538359598282
1983,0.1994,10,112,10,82268,523342,5110,102846,4.847734262106784,0.16424140992800884
1984,0.1995,11,67,11,82335,523275,5121,102835,4.847113638889918,0.1642443021194359
1985,0.1996,1,49,1,82384,523226,5122,102834,4.846659750268628,0.16425582212567486
1986,0.1997,1,13,1,82397,523213,5123,102833,4.84653933083849,0.16425789798193743
1987,0.1998,3,29,3,82426,523184,5126,102830,4.846270702878951,0.1642615021389298
1988,0.1999,1,25,1,82451,523159,5127,102829,4.846039127051762,0.1642667271577091
1989,0.2,4,120,4,82571,523039,5131,102825,4.844927563081256,0.16429288152058594
1990,0.2001,7,103,7,82674,522936,5138,102818,4.843973470673237,0.16431057572144964
1991,0.2002,10,84,10,82758,522852,5148,102808,4.843195375893883,0.16431927884154332
1992,0.2003,3,46,3,82804,522806,5151,102805,4.842769276371855,0.16432735357914102
1993,0.2004,10,64,10,82868,522742,5161,102795,4.842176442254252,0.1643308069706508
1994,0.2005,7,106,7,82974,522636,5168,102788,4.841194560746971,0.16434930543119547
1995,0.2006,10,160,10,83134,522476,5178,102778,4.839712475452962,0.16437799678210774
1996,0.2007,0,51,0,83185,522425,5178,102778,4.839240060765497,0.16439140567143792
1997,0.2008,5,27,5,83212,522398,5183,102773,4.8389899588721335,0.16439182239739208
1998,0.2009,1,37,1,83249,522361,5184,102772,4.838647226647893,0.16440021563411306
1999,0.201,5,61,5,83310,522300,5189,102767,4.838082181629553,0.16440957529352854
2000,0.2011,4,30,4,83340,522270,5193,102763,4.837804290636926,0.16441211904011468
2001,0.2012,6,36,6,83376,522234,5199,102757,4.837470821445774,0.16441356755537279
2002,0.2013,4,65,4,83441,522169,5203,102753,4.836868724295083,0.16442532027997095
2003,0.2014,2,31,2,83472,522138,5205,102751,4.836581570269369,0.16443080291059692
2004,0.2015,7,39,7,83511,522099,5212,102744,4.836220311978955,0.16443170524435738
2005,0.2016,5,42,5,83553,522057,5217,102739,4.835831264589277,0.1644360719338792
2006,0.2017,1,45,1,83598,522012,5218,102738,4.8354144281003375,0.1644465786314526
2007,0.2018,2,39,2,83637,521973,5220,102736,4.835053169809923,0.1644541698614875
2008,0.2019,8,142,8,83779,521831,5228,102728,4.83373781911149,0.16448085769318832
2009,0.202,1,37,1,83816,521794,5229,102727,4.833395086887251,0.16448926457236826
2010,0.2021,4,32,4,83848,521762,5233,102723,4.833098669828448,0.16449234168955218
2011,0.2022,6,146,6,83994,521616,5239,102717,4.831746266997666,0.1645227787094387
2012,0.2023,2,37,2,84031,521579,5241,102715,4.831403534773426,0.16452985292186054
2013,0.2024,4,126,4,84157,521453,5245,102711,4.8302363926043945,0.16455771239610104
2014,0.2025,5,35,5,84192,521418,5250,102706,4.82991218644633,0.16456024764309657
2015,0.2026,7,49,7,84241,521369,5257,102699,4.82945829782504,0.164563797534884
2016,0.2027,3,50,3,84291,521319,5260,102696,4.828995146170662,0.16457296699598567
2017,0.2028,5,46,5,84337,521273,5265,102691,4.828569046648635,0.1645784051644005
2018,0.2029,4,45,4,84382,521228,5269,102687,4.828152210159694,0.16458491942011333
2019,0.203,1,23,1,84405,521205,5270,102686,4.827939160398681,0.16458964787118263
2020,0.2031,11,103,11,84508,521102,5281,102675,4.8269850679906625,0.1646020933763188
2021,0.2032,2,23,2,84531,521079,5283,102673,4.826772018229649,0.16460548423091229
2022,0.2033,5,62,5,84593,521017,5288,102668,4.826197710178221,0.1646151502761811
2023,0.2034,8,59,8,84652,520958,5296,102660,4.825651191226055,0.16462000776116148
2024,0.2035,12,188,12,84840,520770,5308,102648,4.823909741005595,0.16465357111921697
2025,0.2036,3,54,3,84894,520716,5311,102645,4.823409537218867,0.16466381438684807
2026,0.2037,5,65,5,84959,520651,5316,102640,4.822807440068176,0.16467428536590453
2027,0.2038,1,66,1,85025,520585,5317,102639,4.822196079884398,0.1646903841957306
2028,0.2039,2,21,2,85046,520564,5319,102637,4.822001556189559,0.16469325305960678
2029,0.204,7,63,7,85109,520501,5326,102630,4.821417985105043,0.16470052043631275
2030,0.2041,7,71,7,85180,520430,5333,102623,4.820760309755826,0.1647099042938562
2031,0.2042,11,130,11,85310,520300,5344,102612,4.819556115454445,0.16472952840850713
2032,0.2043,3,41,3,85351,520259,5347,102609,4.819176331097855,0.16473634863245504
2033,0.2044,2,41,2,85392,520218,5349,102607,4.818796546741265,0.16474451089792477
2034,0.2045,4,34,4,85426,520184,5353,102603,4.818481603616288,0.16474814021487283
2035,0.2046,6,65,6,85491,520119,5359,102597,4.817879506465597,0.16475728903705703
2036,0.2047,5,74,5,85565,520045,5364,102592,4.817194042017118,0.16477016303239286
2037,0.2048,1,86,1,85651,519959,5365,102591,4.8163974211715885,0.1647915830053811
2038,0.2049,10,122,10,85773,519837,5375,102581,4.815267331134907,0.164810464992979
2039,0.205,0,49,0,85822,519788,5375,102581,4.814813442513617,0.16482344075620733
2040,0.2051,4,79,4,85901,519709,5379,102577,4.8140816628997,0.1648389968599647
2041,0.2052,4,27,4,85928,519682,5383,102573,4.813831561006336,0.16484078070887337
2042,0.2053,5,16,5,85944,519666,5388,102568,4.813683352476935,0.16483830841773353
2043,0.2054,4,70,4,86014,519596,5392,102564,4.813034940160806,0.16485148514851486
2044,0.2055,7,89,7,86103,519507,5399,102557,4.812210530216014,0.1648656729854163
2045,0.2056,14,230,14,86333,519277,5413,102543,4.810080032605876,0.1649078511466341
2046,0.2057,10,121,10,86454,519156,5423,102533,4.8089592056022825,0.16492651470429748
2047,0.2058,8,102,8,86556,519054,5431,102525,4.8080143762273515,0.16494283108020058
2048,0.2059,10,146,10,86702,518908,5441,102515,4.806661973396569,0.16496814569142115
2049,0.206,2,23,2,86725,518885,5443,102513,4.806448923635555,0.16497156411832675
2050,0.2061,4,4,4,86729,518881,5447,102509,4.806411871503205,0.16496725084085678
2051,0.2062,5,73,5,86802,518808,5452,102504,4.805735670087814,0.16497991347342397
2052,0.2063,5,127,5,86929,518681,5457,102499,4.804559264885694,0.16500692230915354
2053,0.2064,2,41,2,86970,518640,5459,102497,4.804179480529104,0.16501512548761385
2054,0.2065,4,78,4,87048,518562,5463,102493,4.803456963948276,0.16503047234141904
2055,0.2066,3,30,3,87078,518532,5466,102490,4.803179072955649,0.16503441101925537
2056,0.2067,1,23,1,87101,518509,5467,102489,4.802966023194635,0.1650391788701413
2057,0.2068,4,49,4,87150,518460,5471,102485,4.802512134573345,0.16504682379276747
2058,0.2069,1,49,1,87199,518411,5472,102484,4.802058245952055,0.1650585042559531
2059,0.207,6,74,6,87273,518337,5478,102478,4.801372781503575,0.1650701094528966
2060,0.2071,0,13,0,87286,518324,5478,102478,4.801252362073438,0.1650735661289751
2061,0.2072,4,26,4,87312,518298,5482,102474,4.801011523213161,0.16507510003672846
2062,0.2073,2,36,2,87348,518262,5484,102472,4.800678054022009,0.1650819835871726
2063,0.2074,0,19,0,87367,518243,5484,102472,4.800502056393346,0.16508703672377822
2064,0.2075,3,92,3,87459,518151,5487,102469,4.799649857349291,0.1651074731719893
2065,0.2076,9,58,9,87517,518093,5496,102460,4.799112601430212,0.16511079633810488
2066,0.2077,6,55,6,87572,518038,5502,102454,4.798603134610397,0.1651173584832681
2067,0.2078,6,74,6,87646,517964,5508,102448,4.797917670161918,0.16512897880763105
2068,0.2079,7,27,7,87673,517937,5515,102441,4.797667568268554,0.16512674530689353
2069,0.208,4,152,4,87825,517785,5519,102437,4.796259587239246,0.16516182915149738
2070,0.2081,8,110,8,87935,517675,5527,102429,4.795240653599615,0.1651803568433682
2071,0.2082,2,24,2,87959,517651,5529,102427,4.795018340805513,0.16518405748954162
2072,0.2083,1,61,1,88020,517590,5530,102426,4.794453295787172,0.1651989626074166
2073,0.2084,3,82,3,88102,517508,5533,102423,4.793693727073993,0.16521677412486227
2074,0.2085,6,53,6,88155,517455,5539,102417,4.793202786320353,0.16522282019513707
2075,0.2086,2,46,2,88201,517409,5541,102415,4.792776686798325,0.16523238854900746
2076,0.2087,7,64,7,88265,517345,5548,102408,4.792183852680722,0.16524002304143748
2077,0.2088,2,24,2,88289,517321,5550,102406,4.79196153988662,0.16524372828681017
2078,0.2089,3,52,3,88341,517269,5553,102403,4.791479862166067,0.16525355349281556
2079,0.209,6,44,6,88385,517225,5559,102397,4.7910722887102155,0.16525720519929893
2080,0.2091,6,108,6,88493,517117,5565,102391,4.790071881136759,0.1652779302285039
2081,0.2092,7,90,7,88583,517027,5572,102384,4.78923820815888,0.16529251175713702
2082,0.2093,2,22,2,88605,517005,5574,102382,4.789034421430953,0.16529568751039334
2083,0.2094,3,103,3,88708,516902,5577,102379,4.788080329022935,0.16531913622410505
2084,0.2095,4,47,4,88755,516855,5581,102375,4.78764496646782,0.16532629233079793
2085,0.2096,4,55,4,88810,516800,5585,102371,4.787135499648005,0.16533558580747484
2086,0.2097,3,36,3,88846,516764,5588,102368,4.786802030456853,0.1653411550364058
2087,0.2098,0,17,0,88863,516747,5588,102368,4.7866445588943645,0.1653456950647295
2088,0.2099,4,58,4,88921,516689,5592,102364,4.786107302975286,0.16535579344579543
2089,0.21,3,123,3,89044,516566,5595,102361,4.784967949905517,0.1653846091703868
2090,0.2101,3,55,3,89099,516511,5598,102358,4.784458483085702,0.16539526135579583
2091,0.2102,3,28,3,89127,516483,5601,102355,4.7841991181592505,0.16539869885171887
2092,0.2103,5,57,5,89184,516426,5606,102350,4.783671125273259,0.16540719097056122
2093,0.2104,4,34,4,89218,516392,5610,102346,4.783356182148283,0.16541088473635043
2094,0.2105,0,34,0,89252,516358,5610,102346,4.783041239023306,0.16541997465670175
2095,0.2106,4,126,4,89378,516232,5614,102342,4.781874096854274,0.16544827296329945
2096,0.2107,5,55,5,89433,516177,5619,102337,4.781364630034458,0.16545623866234233
2097,0.2108,1,19,1,89452,516158,5620,102336,4.781188632405795,0.16545997212584115
2098,0.2109,3,59,3,89511,516099,5623,102333,4.780642113453629,0.16547170909655387
2099,0.211,3,53,3,89564,516046,5626,102330,4.780151172699989,0.1654818427623323
2100,0.2111,6,56,6,89620,515990,5632,102324,4.7796324428470855,0.16548873226224864
2101,0.2112,11,101,11,89721,515889,5643,102313,4.778696876505243,0.16550092041112777
2102,0.2113,4,35,4,89756,515854,5647,102309,4.778372670347179,0.16550489110477334
2103,0.2114,2,80,2,89836,515774,5649,102307,4.777631627700174,0.16552361260093743
2104,0.2115,7,66,7,89902,515708,5656,102300,4.777020267516396,0.16553183777556277
2105,0.2116,1,31,1,89933,515677,5657,102299,4.776733113490681,0.16553879115046538
2106,0.2117,6,49,6,89982,515628,5663,102293,4.776279224869391,0.16554381547155705
2107,0.2118,4,24,4,90006,515604,5667,102289,4.77605691207529,0.16554484352468793
2108,0.2119,8,69,8,90075,515535,5675,102281,4.775417762792249,0.1655525269659575
2109,0.212,7,90,7,90165,515445,5682,102274,4.774584089814369,0.16556719155473607
2110,0.2121,5,75,5,90240,515370,5687,102269,4.7738893623328025,0.16558054138420664
2111,0.2122,3,24,3,90264,515346,5690,102266,4.773667049538701,0.16558292261160729
2112,0.2123,1,78,1,90342,515268,5691,102265,4.7729445329578715,0.16560248602098998
2113,0.2124,1,105,1,90447,515163,5692,102264,4.771971914483679,0.16562929706669777
2114,0.2125,2,47,2,90494,515116,5694,102262,4.7715365519285635,0.16563920321099876
2115,0.2126,20,150,20,90644,514966,5714,102242,4.77014709696543,0.16565242187398738
2116,0.2127,4,109,4,90753,514857,5718,102238,4.769137426358887,0.1656762735073206
2117,0.2128,5,85,5,90838,514772,5723,102233,4.768350068546445,0.16569233636680417
2118,0.2129,10,111,10,90949,514661,5733,102223,4.767321871873726,0.16570862593291447
2119,0.213,14,96,14,91045,514565,5747,102209,4.766432620697321,0.16571548087305885
2120,0.2131,3,50,3,91095,514515,5750,102206,4.765969469042943,0.1657248577557761
2121,0.2132,5,42,5,91137,514473,5755,102201,4.765580421653266,0.16572938051547495
2122,0.2133,3,48,3,91185,514425,5758,102198,4.7651357960650635,0.1657382225444072
2123,0.2134,1,23,1,91208,514402,5759,102197,4.76492274630405,0.16574305180514404
2124,0.2135,8,138,8,91346,514264,5767,102189,4.763644447737967,0.16576932872416875
2125,0.2136,6,45,6,91391,514219,5773,102183,4.763227611249027,0.1657733102747882
2126,0.2137,8,134,8,91525,514085,5781,102175,4.761986364815295,0.16579852659591732
2127,0.2138,14,175,14,91700,513910,5795,102161,4.760365334024973,0.16582666608231844
2128,0.2139,4,25,4,91725,513885,5799,102157,4.760133758197784,0.16582797926115428
2129,0.214,5,74,5,91799,513811,5804,102152,4.759448293749306,0.16584113006787746
2130,0.2141,2,32,2,91831,513779,5806,102150,4.759151876690503,0.1658470375643946
2131,0.2142,5,114,5,91945,513665,5811,102145,4.758095890918522,0.1658709666942726
2132,0.2143,15,94,15,92039,513571,5826,102130,4.7572251658082925,0.1658759690174289
2133,0.2144,6,81,6,92120,513490,5832,102124,4.7564748601282005,0.1658896646275101
2134,0.2145,2,22,2,92142,513468,5834,102122,4.756271073400274,0.16589288325021523
2135,0.2146,10,132,10,92274,513336,5844,102112,4.755048353032717,0.1659149107641913
2136,0.2147,13,191,13,92465,513145,5857,102099,4.753279113712995,0.16594879429949744
2137,0.2148,5,25,5,92490,513120,5862,102094,4.753047537885806,0.16594875929351413
2138,0.2149,1,20,1,92510,513100,5863,102093,4.752862277224054,0.16595279855264933
2139,0.215,8,45,8,92555,513055,5871,102085,4.752445440735114,0.16595409175147122
2140,0.2151,4,45,4,92600,513010,5875,102081,4.752028604246174,0.16596080905101845
2141,0.2152,2,44,2,92644,512966,5877,102079,4.751621030790322,0.1659699696770155
2142,0.2153,6,144,6,92788,512822,5883,102073,4.750287154025714,0.16600069930638564
2143,0.2154,0,58,0,92846,512764,5883,102073,4.749749898106636,0.16601635880729365
2144,0.2155,8,74,8,92920,512690,5891,102065,4.749064433658157,0.1660254898292816
2145,0.2156,6,149,6,93069,512541,5897,102059,4.747684241728112,0.16605759843800846
2146,0.2157,8,110,8,93179,512431,5905,102051,4.74666530808848,0.16607646765893874
2147,0.2158,6,78,6,93257,512353,5911,102045,4.745942791507651,0.16608940784312448
2148,0.2159,8,66,8,93323,512287,5919,102037,4.745331431323873,0.16609639213183922
2149,0.216,1,27,1,93350,512260,5920,102036,4.7450813294305085,0.16610233503066926
2150,0.2161,6,30,6,93380,512230,5926,102030,4.744803438437882,0.1661023019568261
2151,0.2162,7,97,7,93477,512133,5933,102023,4.7439049242283895,0.1661190316466826
2152,0.2163,5,116,5,93593,512017,5938,102018,4.742830412390233,0.1661436237348034
2153,0.2164,5,48,5,93641,511969,5943,102013,4.74238578680203,0.1661498219817519
2154,0.2165,8,75,8,93716,511894,5951,102005,4.7416910593204635,0.16615925420956867
2155,0.2166,3,61,3,93777,511833,5954,102002,4.741126014302123,0.16617169108962507
2156,0.2167,7,57,7,93834,511776,5961,101995,4.740598021416132,0.16617761347473242
2157,0.2168,1,41,1,93875,511735,5962,101994,4.740218237059543,0.1661873563087291
2158,0.2169,6,74,6,93949,511661,5968,101988,4.739532772611064,0.16619924419334178
2159,0.217,4,46,4,93995,511615,5972,101984,4.7391066730890365,0.16620626826314905
2160,0.2171,8,137,8,94132,511478,5980,101976,4.737837637556042,0.16623251295125632
2161,0.2172,4,54,4,94186,511424,5984,101972,4.737337433769313,0.16624171008614338
2162,0.2173,2,34,2,94220,511390,5986,101970,4.737022490644336,0.16624820659971307
2163,0.2174,4,72,4,94292,511318,5990,101966,4.736355552262033,0.16626228631433398
2164,0.2175,6,104,6,94396,511214,5996,101960,4.735392196820927,0.16628232769165033
2165,0.2176,4,79,4,94475,511135,6000,101956,4.73466041720701,0.16629831460582523
2166,0.2177,3,73,3,94548,511062,6003,101953,4.733984215791619,0.16631403799254504
2167,0.2178,5,71,5,94619,510991,6008,101948,4.733326540442403,0.1663265023109967
2168,0.2179,7,24,7,94643,510967,6015,101941,4.733104227648301,0.1663234939012054
2169,0.218,5,55,5,94698,510912,6020,101936,4.732594760828485,0.16633161893324283
2170,0.2181,7,114,7,94812,510798,6027,101929,4.731538775056505,0.16635304140343088
2171,0.2182,0,84,0,94896,510714,6027,101929,4.73076068027715,0.16637585020966533
2172,0.2183,3,82,3,94978,510632,6030,101926,4.73000111156397,0.16639403942157313
2173,0.2184,3,81,3,95059,510551,6033,101923,4.729250805883878,0.1664119619771615
2174,0.2185,7,72,7,95131,510479,6040,101916,4.728583867501575,0.16642199887327624
2175,0.2186,1,23,1,95154,510456,6041,101915,4.728370817740561,0.1664268882752449
2176,0.2187,5,97,5,95251,510359,6046,101910,4.727472303531068,0.16644644755818114
2177,0.2188,2,20,2,95271,510339,6048,101908,4.7272870428693174,0.16644916185787761
2178,0.2189,3,30,3,95301,510309,6051,101905,4.727009151876691,0.1664532336731927
2179,0.219,8,36,8,95337,510273,6059,101897,4.7266756826855385,0.16645212931048564
2180,0.2191,3,68,3,95405,510205,6062,101894,4.726045796435585,0.16646653564211017
2181,0.2192,7,66,7,95471,510139,6069,101887,4.725434436251806,0.1664749536784385
2182,0.2193,3,49,3,95520,510090,6072,101884,4.7249805476305164,0.16648419704105077
2183,0.2194,14,90,14,95610,510000,6086,101870,4.724146874652636,0.1664896138068544
2184,0.2195,2,24,2,95634,509976,6088,101868,4.723924561858535,0.16649341989134486
2185,0.2196,6,35,6,95669,509941,6094,101862,4.72360035570047,0.1664947703754313
2186,0.2197,9,56,9,95725,509885,6103,101853,4.723081625847567,0.16649774903635217
2187,0.2198,3,66,3,95791,509819,6106,101850,4.722470265663789,0.16651162638616637
2188,0.2199,1,63,1,95854,509756,6107,101849,4.721886694579273,0.1665274155705071
2189,0.22,7,64,7,95918,509692,6114,101842,4.721293860461669,0.16653530302485225
2190,0.2201,1,16,1,95934,509676,6115,101841,4.721145651932269,0.16653829738175718
2191,0.2202,1,40,1,95974,509636,6116,101840,4.720775130608766,0.16654782853292688
2192,0.2203,4,25,4,95999,509611,6120,101836,4.720543554781577,0.16654918578388642
2193,0.2204,4,77,4,96076,509534,6124,101832,4.719830301233836,0.16656470919220237
2194,0.2205,5,22,5,96098,509512,6129,101827,4.71962651450591,0.1665638868123905
2195,0.2206,6,42,6,96140,509470,6135,101821,4.7192374671162325,0.16656715050606014
2196,0.2207,6,67,6,96207,509403,6141,101815,4.718616843899366,0.16657722776488912
2197,0.2208,22,178,22,96385,509225,6163,101793,4.716968024009781,0.16659574677014424
2198,0.2209,8,70,8,96455,509155,6171,101785,4.7163196116936525,0.16660392182538383
2199,0.221,6,55,6,96510,509100,6177,101779,4.715810144873838,0.1666107363323997
2200,0.2211,6,47,6,96557,509053,6183,101773,4.715374782318722,0.1666153700071706
2201,0.2212,4,28,4,96585,509025,6187,101769,4.715115417392271,0.16661755027063135
2202,0.2213,12,128,12,96713,508897,6199,101757,4.713929749157064,0.16663609834701812
2203,0.2214,8,100,8,96813,508797,6207,101749,4.713003445848309,0.1666524717220324
2204,0.2215,4,45,4,96858,508752,6211,101745,4.712586609359368,0.16665929562307433
2205,0.2216,6,45,6,96903,508707,6217,101739,4.712169772870428,0.1666633903735957
2206,0.2217,4,30,4,96933,508677,6221,101735,4.711891881877802,0.16666612058740654
2207,0.2218,2,66,2,96999,508611,6223,101733,4.7112805216940234,0.16668141244937282
2208,0.2219,4,14,4,97013,508597,6227,101729,4.711150839230798,0.16667977441564016
2209,0.222,1,13,1,97026,508584,6228,101728,4.711030419800659,0.16668195939126218
2210,0.2221,1,21,1,97047,508563,6229,101727,4.710835896105821,0.16668632944993364
2211,0.2222,9,51,9,97098,508512,6238,101718,4.710363481418356,0.1666879701096308
2212,0.2223,6,101,6,97199,508411,6244,101712,4.709427915076513,0.1667073688420204
2213,0.2224,1,22,1,97221,508389,6245,101711,4.709224128348587,0.16671201442386493
2214,0.2225,5,44,5,97265,508345,6250,101706,4.708816554892734,0.1667172088890929
2215,0.2226,5,77,5,97342,508268,6255,101701,4.708103301344992,0.1667314240559766
2216,0.2227,9,122,9,97464,508146,6264,101692,4.706973211308311,0.16675248180664373
2217,0.2228,9,90,9,97554,508056,6273,101683,4.706139538330431,0.16676479608488223
2218,0.2229,11,113,11,97667,507943,6284,101672,4.705092815591537,0.16678067304774324
2219,0.223,0,9,0,97676,507934,6284,101672,4.705009448293749,0.16678313533659445
2220,0.2231,5,36,5,97712,507898,6289,101667,4.704675979102597,0.16678615077965434
2221,0.2232,8,122,8,97834,507776,6297,101659,4.703545889065916,0.16680860140950224
2222,0.2233,0,60,0,97894,507716,6297,101659,4.702990107080662,0.16682502564102564
2223,0.2234,6,79,6,97973,507637,6303,101653,4.702258327466746,0.16683845131218303
2224,0.2235,5,100,5,98073,507537,6308,101648,4.70133202415799,0.16685900013953067
2225,0.2236,11,98,11,98171,507439,6319,101637,4.70042424691541,0.1668708010166219
2226,0.2237,1,41,1,98212,507398,6320,101636,4.700044462558821,0.16688066676080482
2227,0.2238,9,153,9,98365,507245,6329,101627,4.698627218496425,0.16691028656269297
2228,0.2239,2,54,2,98419,507191,6331,101625,4.698127014709697,0.166922354208825
2229,0.224,6,115,6,98534,507076,6337,101619,4.697061765904627,0.1669456788703702
2230,0.2241,0,13,0,98547,507063,6337,101619,4.69694134647449,0.1669492444330537
2231,0.2242,3,44,3,98591,507019,6340,101616,4.696533773018637,0.1669572075217495
2232,0.2243,11,106,11,98697,506913,6351,101605,4.695551891511356,0.16697123174663692
2233,0.2244,4,71,4,98768,506842,6355,101601,4.69489421616214,0.16698523937328558
2234,0.2245,5,77,5,98845,506765,6360,101596,4.694180962614398,0.16699952824063344
2235,0.2246,4,30,4,98875,506735,6364,101592,4.693903071621772,0.16700228659914815
2236,0.2247,4,137,4,99012,506598,6368,101588,4.692634036088777,0.1670344269680657
2237,0.2248,3,37,3,99049,506561,6371,101585,4.692291303864537,0.16704048041095396
2238,0.2249,5,29,5,99078,506532,6376,101580,4.692022675904998,0.16704159760044202
2239,0.225,9,85,9,99163,506447,6385,101571,4.691235318092557,0.16705262015269284
2240,0.2251,3,35,3,99198,506412,6388,101568,4.690911111934492,0.16705812691206948
2241,0.2252,2,43,2,99241,506369,6390,101566,4.690512801511727,0.16706720290820565
2242,0.2253,1,46,1,99287,506323,6391,101565,4.690086701989699,0.16707847498223358
2243,0.2254,4,62,4,99349,506261,6395,101561,4.689512393938271,0.1670900362277114
2244,0.2255,8,63,8,99412,506198,6403,101553,4.688928822853756,0.16709639309519853
2245,0.2256,3,47,3,99459,506151,6406,101550,4.68849346029864,0.16710520469770496
2246,0.2257,4,41,4,99500,506110,6410,101546,4.68811367594205,0.167110997011467
2247,0.2258,4,31,4,99531,506079,6414,101542,4.687826521916336,0.1671140398373328
2248,0.2259,6,102,6,99633,505977,6420,101536,4.686881692541406,0.16713387203236804
2249,0.226,5,147,5,99780,505830,6425,101531,4.685520026677535,0.16716746712416503
2250,0.2261,4,34,4,99814,505796,6429,101527,4.6852050835525585,0.16717134045639634
2251,0.2262,4,66,4,99880,505730,6433,101523,4.6845937233687795,0.16718402379238967
2252,0.2263,1,24,1,99904,505706,6434,101522,4.684371410574679,0.1671892600472969
2253,0.2264,14,126,14,100030,505580,6448,101508,4.683204268405647,0.1672047545001713
2254,0.2265,5,28,5,100058,505552,6453,101503,4.6829449034791955,0.167205607399659
2255,0.2266,5,59,5,100117,505493,6458,101498,4.68239838452703,0.16721499989291438
2256,0.2267,3,30,3,100147,505463,6461,101495,4.682120493534403,0.16721914860665812
2257,0.2268,4,31,4,100178,505432,6465,101491,4.681833339508689,0.16722220116884678
2258,0.2269,2,76,2,100254,505356,6467,101489,4.681129348994035,0.16724039911344743
2259,0.227,8,114,8,100368,505242,6475,101481,4.6800733632220535,0.16726084226244925
2260,0.2271,3,50,3,100418,505192,6478,101478,4.679610211567676,0.16727050950269504
2261,0.2272,13,133,13,100551,505059,6491,101465,4.678378228167031,0.16728934057020003
2262,0.2273,7,60,7,100611,504999,6498,101458,4.677822446181778,0.16729627986815224
2263,0.2274,3,95,3,100706,504904,6501,101455,4.67694245803846,0.16731837080013656
2264,0.2275,13,87,13,100793,504817,6514,101442,4.676136574159843,0.16732452631631037
2265,0.2276,6,76,6,100869,504741,6520,101436,4.675432583645189,0.16733726287866416
2266,0.2277,4,54,4,100923,504687,6524,101432,4.674932379858461,0.16734667614775317
2267,0.2278,6,106,6,101029,504581,6530,101426,4.67395049835118,0.1673677036733899
2268,0.2279,3,22,3,101051,504559,6533,101423,4.673746711623254,0.16736965784462246
2269,0.228,3,26,3,101077,504533,6536,101420,4.673505872762978,0.16737271702590795
2270,0.2281,11,146,11,101223,504387,6547,101409,4.672153469932194,0.1673979359388309
2271,0.2282,5,69,5,101292,504318,6552,101404,4.671514320649154,0.16741013204077118
2272,0.2283,15,141,15,101433,504177,6567,101389,4.670208232983808,0.16742848838937457
2273,0.2284,3,13,3,101446,504164,6570,101386,4.67008781355367,0.16742795805466104
2274,0.2285,7,50,7,101496,504114,6577,101379,4.6696246618992925,0.1674321585881257
2275,0.2286,2,27,2,101523,504087,6579,101377,4.669374560005928,0.1674368748596118
2276,0.2287,19,204,19,101727,503883,6598,101358,4.667484901256067,0.16746717423307408
2277,0.2288,7,116,7,101843,503767,6605,101351,4.666410389417911,0.16748964664743074
2278,0.2289,1,27,1,101870,503740,6606,101350,4.666160287524547,0.16749574443471218
2279,0.229,11,77,11,101947,503663,6617,101339,4.665447033976806,0.16750192561346905
2280,0.2291,3,11,3,101958,503652,6620,101336,4.665345140612843,0.1675008429919271
2281,0.2292,1,28,1,101986,503624,6621,101335,4.665085775686391,0.16750721949751968
2282,0.2293,4,50,4,102036,503574,6625,101331,4.664622624032013,0.16751556029459172
2283,0.2294,11,108,11,102144,503466,6636,101320,4.663622216458557,0.16753033304342363
2284,0.2295,8,53,8,102197,503413,6644,101312,4.663131275704917,0.1675340030592418
2285,0.2296,13,83,13,102280,503330,6657,101299,4.66236244395865,0.167539102490949
2286,0.2297,5,105,5,102385,503225,6662,101294,4.661389825484457,0.16756131734486426
2287,0.2298,8,138,8,102523,503087,6670,101286,4.660111526918374,0.16758855872118708
2288,0.2299,1,32,1,102555,503055,6671,101285,4.659815109859572,0.16759605520071483
2289,0.23,10,141,10,102696,502914,6681,101275,4.658509022194227,0.16762138999551465
2290,0.2301,7,73,7,102769,502841,6688,101268,4.657832820778836,0.167632000185397
2291,0.2302,3,23,3,102792,502818,6691,101265,4.657619771017822,0.16763424893599058
2292,0.2303,5,33,5,102825,502785,6696,101260,4.657314090925933,0.1676365171469013
2293,0.2304,7,62,7,102887,502723,6703,101253,4.656739782874505,0.1676440785726585
2294,0.2305,1,35,1,102922,502688,6704,101252,4.65641557671644,0.16765241580289433
2295,0.2306,5,25,5,102947,502663,6709,101247,4.656184000889251,0.16765246477124074
2296,0.2307,10,109,10,103056,502554,6719,101237,4.6551743302827076,0.16766894504886626
2297,0.2308,4,57,4,103113,502497,6723,101233,4.654646337396717,0.16767926059662433
2298,0.2309,5,22,5,103135,502475,6728,101228,4.654442550668791,0.16767847766202917
2299,0.231,3,37,3,103172,502438,6731,101225,4.654099818444552,0.16768461873595036
2300,0.2311,10,119,10,103291,502319,6741,101215,4.652997517507132,0.1677038907501483
2301,0.2312,6,49,6,103340,502270,6747,101209,4.652543628885843,0.16770923263278423
2302,0.2313,6,37,6,103377,502233,6753,101203,4.652200896661603,0.1677112402972312
2303,0.2314,0,6,0,103383,502227,6753,101203,4.652145318463077,0.16771290787663856
2304,0.2315,6,34,6,103417,502193,6759,101197,4.6518303753381005,0.16771408210278593
2305,0.2316,16,265,16,103682,501928,6775,101181,4.649375671569899,0.16776569409509723
2306,0.2317,8,62,8,103744,501866,6783,101173,4.64880136351847,0.16777190198312214
2307,0.2318,9,140,9,103884,501726,6792,101164,4.647504538886213,0.16779843752591683
2308,0.2319,3,27,3,103911,501699,6795,101161,4.647254436992849,0.16780181136582292
2309,0.232,3,58,3,103969,501641,6798,101158,4.646717181073771,0.16781381521867156
2310,0.2321,4,65,4,104034,501576,6802,101154,4.64611508392308,0.16782638992583743
2311,0.2322,5,43,5,104077,501533,6807,101149,4.645716773500315,0.1678314600402866
2312,0.2323,12,75,12,104152,501458,6819,101137,4.645022046018749,0.1678357769314382
2313,0.2324,2,36,2,104188,501422,6821,101135,4.644688576827597,0.16784304223500848
2314,0.2325,2,40,2,104228,501382,6823,101133,4.644318055504094,0.1678514227861547
2315,0.2326,4,97,4,104325,501285,6827,101129,4.643419541294602,0.1678729246000259
2316,0.2327,7,95,7,104420,501190,6834,101122,4.642539553151284,0.1678897315676925
2317,0.2328,10,124,10,104544,501066,6844,101112,4.641390937048427,0.167910484939669
2318,0.2329,4,67,4,104611,500999,6848,101108,4.640770313831561,0.16792364147900624
2319,0.233,9,70,9,104681,500929,6857,101099,4.640121901515432,0.16793072747446963
2320,0.2331,5,64,5,104745,500865,6862,101094,4.639529067397829,0.16794167044599384
2321,0.2332,5,44,5,104789,500821,6867,101089,4.6391214939419765,0.1679470352710538
2322,0.2333,2,40,2,104829,500781,6869,101087,4.638750972618475,0.16795543208809904
2323,0.2334,1,49,1,104878,500732,6870,101086,4.638297083997184,0.16796772446154817
2324,0.2335,5,109,5,104987,500623,6875,101081,4.6372874133906405,0.16799123821679762
2325,0.2336,8,128,8,105115,500495,6883,101073,4.636101745155433,0.1680159183999149
2326,0.2337,5,45,5,105160,500450,6888,101068,4.6356849086664935,0.16802157208928079
2327,0.2338,5,69,5,105229,500381,6893,101063,4.635045759383453,0.16803393167111152
2328,0.2339,3,43,3,105272,500338,6896,101060,4.6346474489606875,0.1680417959487727
2329,0.234,6,54,6,105326,500284,6902,101054,4.63414724517396,0.16804858498880829
2330,0.2341,5,28,5,105354,500256,6907,101049,4.633887880247508,0.16804949235412978
2331,0.2342,7,127,7,105481,500129,6914,101042,4.632711475045389,0.16807530636041992
2332,0.2343,9,79,9,105560,500050,6923,101033,4.631979695431472,0.16808494001660337
2333,0.2344,10,44,10,105604,500006,6933,101023,4.63157212197562,0.16808340362944219
2334,0.2345,2,20,2,105624,499986,6935,101021,4.631386861313868,0.1680862286129779
2335,0.2346,1,15,1,105639,499971,6936,101020,4.631247915817555,0.1680890396029225
2336,0.2347,3,89,3,105728,499882,6939,101017,4.630423505872763,0.1681097821763724
2337,0.2348,9,89,9,105817,499793,6948,101008,4.62959909592797,0.16812222349829645
2338,0.2349,4,52,4,105869,499741,6952,101004,4.629117418207418,0.1681312370473329
2339,0.235,5,39,5,105908,499702,6957,100999,4.628756159917003,0.16813522867449862
2340,0.2351,5,54,5,105962,499648,6962,100994,4.628255956130276,0.16814341987406808
2341,0.2352,3,66,3,106028,499582,6965,100991,4.627644595946497,0.16815774268906528
2342,0.2353,2,31,2,106059,499551,6967,100989,4.627357441920783,0.1681636527125587
2343,0.2354,6,174,6,106233,499377,6973,100983,4.625745674163548,0.16820407755346792
2344,0.2355,13,86,13,106319,499291,6986,100970,4.624949053318018,0.16821016191290122
2345,0.2356,4,33,4,106352,499258,6990,100966,4.624643373226129,0.16821386682305273
2346,0.2357,3,45,3,106397,499213,6993,100963,4.624226536737189,0.16822232145237398
2347,0.2358,3,28,3,106425,499185,6996,100960,4.623967171810738,0.16822601204708862
2348,0.2359,12,141,12,106566,499044,7008,100948,4.622661084145393,0.16824890998546646
2349,0.236,3,27,3,106593,499017,7011,100945,4.6224109822520285,0.168252322647101
2350,0.2361,4,27,4,106620,498990,7015,100941,4.622160880358664,0.16825434925016378
2351,0.2362,2,64,2,106684,498926,7017,100939,4.6215680462410615,0.16826952731031147
2352,0.2363,4,23,4,106707,498903,7021,100935,4.621354996480047,0.16827043301691458
2353,0.2364,7,145,7,106852,498758,7028,100928,4.6200118566823525,0.16830141107179425
2354,0.2365,4,39,4,106891,498719,7032,100924,4.619650598391938,0.16830680921815147
2355,0.2366,6,152,6,107043,498567,7038,100918,4.618242617362629,0.1683411594952334
2356,0.2367,4,152,4,107195,498415,7042,100914,4.616834636333321,0.1683783030689321
2357,0.2368,1,40,1,107235,498375,7043,100913,4.616464115009819,0.16838815394267864
2358,0.2369,2,53,2,107288,498322,7045,100911,4.615973174256179,0.16840027168063174
2359,0.237,7,37,7,107325,498285,7052,100904,4.6156304420319385,0.16840095529123533
2360,0.2371,3,51,3,107376,498234,7055,100901,4.6151580273444734,0.16841112604004105
2361,0.2372,9,87,9,107463,498147,7064,100892,4.614352143465856,0.16842309098405947
2362,0.2373,4,66,4,107529,498081,7068,100888,4.613740783282078,0.16843609602500295
2363,0.2374,4,46,4,107575,498035,7072,100884,4.61331468376005,0.16844347900133408
2364,0.2375,4,78,4,107653,497957,7076,100880,4.612592167179221,0.16845986470441873
2365,0.2376,6,111,6,107764,497846,7082,100874,4.611563970506503,0.1684827632282202
2366,0.2377,11,187,11,107951,497659,7093,100863,4.60983178331913,0.16852012123196808
2367,0.2378,14,159,14,108110,497500,7107,100849,4.608358961058209,0.16854544755652637
2368,0.2379,10,159,10,108269,497341,7117,100839,4.606886138797288,0.16857634825637768
2369,0.238,7,88,7,108357,497253,7124,100832,4.606070991885583,0.16859142095187138
2370,0.2381,11,66,11,108423,497187,7135,100821,4.605459631701804,0.16859473451860177
2371,0.2382,9,54,9,108477,497133,7144,100812,4.604959427915077,0.16859744625341797
2372,0.2383,2,29,2,108506,497104,7146,100810,4.604690799955537,0.16860284254926294
2373,0.2384,2,35,2,108541,497069,7148,100808,4.604366593797473,0.16860993147419953
2374,0.2385,6,132,6,108673,496937,7154,100802,4.603143873429916,0.16863882062237867
2375,0.2386,11,110,11,108783,496827,7165,100791,4.602124939790285,0.1686545585976326
2376,0.2387,5,102,5,108885,496725,7170,100786,4.6011801104153545,0.168676392568505
2377,0.2388,16,171,16,109056,496554,7186,100770,4.599596131757383,0.16870241276091366
2378,0.2389,14,149,14,109205,496405,7200,100756,4.5982159398273375,0.16872501720641503
2379,0.239,6,75,6,109280,496330,7206,100750,4.597521212345771,0.1687378575735245
2380,0.2391,8,39,8,109319,496291,7214,100742,4.597159954055356,0.16873774146487716
2381,0.2392,5,31,5,109350,496260,7219,100737,4.596872800029642,0.1687395414047307
2382,0.2393,6,108,6,109458,496152,7225,100731,4.595872392456186,0.1687617171204407
2383,0.2394,15,272,15,109730,495880,7240,100716,4.593352847456371,0.16881775942178626
2384,0.2395,4,63,4,109793,495817,7244,100712,4.592769276371855,0.1688300149699344
2385,0.2396,5,103,5,109896,495714,7249,100707,4.5918151839638375,0.16885220339324067
2386,0.2397,1,35,1,109931,495679,7250,100706,4.591490977805773,0.16886071916631035
2387,0.2398,3,18,3,109949,495661,7253,100703,4.591324243210197,0.16886163484046657
2388,0.2399,6,153,6,110102,495508,7259,100697,4.589906999147801,0.1688966043558843
2389,0.24,6,30,6,110132,495478,7265,100691,4.589629108155174,0.16889673901192448
2390,0.2401,6,113,6,110245,495365,7271,100685,4.588582385416281,0.16892039258451472
2391,0.2402,5,39,5,110284,495326,7276,100680,4.588221127125866,0.16892447391469215
2392,0.2403,6,89,6,110373,495237,7282,100674,4.587396717181074,0.1689413351993838
2393,0.2404,3,45,3,110418,495192,7285,100671,4.586979880692134,0.1689499096268773
2394,0.2405,5,103,5,110521,495089,7290,100666,4.586025788284116,0.16897214458963836
2395,0.2406,9,83,9,110604,495006,7299,100657,4.585256956537849,0.16898313308028198
2396,0.2407,4,52,4,110656,494954,7303,100653,4.584775278817296,0.1689923053288494
2397,0.2408,8,63,8,110719,494891,7311,100645,4.58419170773278,0.16899901937078532
2398,0.2409,8,107,8,110826,494784,7319,100637,4.5832005631924115,0.16901822408010467
2399,0.241,18,105,18,110931,494679,7337,100619,4.582227944718219,0.16902290953438445
2400,0.2411,8,127,8,111058,494552,7345,100611,4.581051539516099,0.16904780707134012
2401,0.2412,1,103,1,111161,494449,7346,100610,4.580097447108081,0.16907567148803732
2402,0.2413,14,153,14,111314,494296,7360,100596,4.5786802030456855,0.1690996012721637
2403,0.2414,4,33,4,111347,494263,7364,100592,4.578374522953796,0.1691033949449866
2404,0.2415,5,25,5,111372,494238,7369,100587,4.578142947126607,0.16910351784138192
2405,0.2416,3,41,3,111413,494197,7372,100584,4.577763162770017,0.169110983706608
2406,0.2417,8,68,8,111481,494129,7380,100576,4.577133276520064,0.16911914310456444
2407,0.2418,3,49,3,111530,494080,7383,100573,4.576679387898774,0.1691288869306974
2408,0.2419,5,70,5,111600,494010,7388,100568,4.576030975582645,0.1691418115032847
2409,0.242,16,156,16,111756,493854,7404,100552,4.5745859424209865,0.16916383751173442
2410,0.2421,5,62,5,111818,493792,7409,100547,4.574011634369558,0.16917449469074047
2411,0.2422,2,50,2,111868,493742,7411,100545,4.57354848271518,0.16918593204966623
2412,0.2423,6,57,6,111925,493685,7417,100539,4.573020489829189,0.16919377204555858
2413,0.2424,3,41,3,111966,493644,7420,100536,4.5726407054726,0.1692012521458144
2414,0.2425,10,76,10,112042,493568,7430,100526,4.571936714957946,0.16920891306762903
2415,0.2426,8,64,8,112106,493504,7438,100518,4.571343880840343,0.16921595496463093
2416,0.2427,10,62,10,112168,493442,7448,100508,4.570769572788914,0.16921963128209444
2417,0.2428,5,38,5,112206,493404,7453,100503,4.570417577531587,0.16922346427976098
2418,0.2429,7,75,7,112281,493329,7460,100496,4.56972285005002,0.1692350439944428
2419,0.243,5,54,5,112335,493275,7465,100491,4.5692226462632926,0.1692434393346874
2420,0.2431,6,69,6,112404,493206,7471,100485,4.568583496980251,0.1692547133104595
2421,0.2432,11,75,11,112479,493131,7482,100474,4.567888769498684,0.16926070366657964
2422,0.2433,2,50,2,112529,493081,7484,100472,4.567425617844307,0.16927216272177883
2423,0.2434,4,115,4,112644,492966,7488,100468,4.566360369039238,0.16929936606261184
2424,0.2435,3,107,3,112751,492859,7491,100465,4.56536922449887,0.16932569725815913
2425,0.2436,5,45,5,112796,492814,7496,100460,4.56495238800993,0.1693315398955626
2426,0.2437,4,31,4,112827,492783,7500,100456,4.564665233984216,0.1693347874971133
2427,0.2438,6,48,6,112875,492735,7506,100450,4.564220608396013,0.1693400878309465
2428,0.2439,7,168,7,113043,492567,7513,100443,4.562664418837304,0.16937825669044368
2429,0.244,6,139,6,113182,492428,7519,100437,4.561376857238134,0.16940956204194885
2430,0.2441,4,68,4,113250,492360,7523,100433,4.5607469709881805,0.1694233906270823
2431,0.2442,5,111,5,113361,492249,7528,100428,4.559718774315462,0.16944811423422876
2432,0.2443,9,162,9,113523,492087,7537,100419,4.558218162955278,0.1694818280321212
2433,0.2444,7,44,7,113567,492043,7544,100412,4.557810589499426,0.16948460220607472
2434,0.2445,1,35,1,113602,492008,7545,100411,4.557486383341361,0.1694932134182057
2435,0.2446,15,117,15,113719,491891,7560,100396,4.556402608470117,0.16950566195104738
2436,0.2447,5,45,5,113764,491846,7565,100391,4.555985771981177,0.16951153001247812
2437,0.2448,5,105,5,113869,491741,7570,100386,4.555013153506985,0.16953457619733606
2438,0.2449,3,51,3,113920,491690,7573,100383,4.554540738819519,0.16954497165045526
2439,0.245,4,131,4,114051,491559,7577,100379,4.55332728148505,0.16957688136257512
2440,0.2451,8,41,8,114092,491518,7585,100371,4.55294749712846,0.169577403871334
2441,0.2452,3,28,3,114120,491490,7588,100368,4.552688132202008,0.16958121711626775
2442,0.2453,10,79,10,114199,491411,7598,100358,4.551956352588092,0.16958982305595596
2443,0.2454,1,9,1,114208,491402,7599,100357,4.551872985290303,0.16959099903845992
2444,0.2455,5,68,5,114276,491334,7604,100352,4.55124309904035,0.1696034721118972
2445,0.2456,5,27,5,114303,491307,7609,100347,4.550992997146986,0.16960419434331553
2446,0.2457,2,67,2,114370,491240,7611,100345,4.55037237393012,0.16962059551881808
2447,0.2458,12,76,12,114446,491164,7623,100333,4.549668383415465,0.16962554332481822
2448,0.2459,3,57,3,114503,491107,7626,100330,4.549140390529475,0.16963767907655422
2449,0.246,8,65,8,114568,491042,7634,100322,4.548538293378784,0.1696450916863387
2450,0.2461,9,73,9,114641,490969,7643,100313,4.547862091963393,0.16965339719457045
2451,0.2462,7,108,7,114749,490861,7650,100306,4.5468616843899365,0.1696745589655715
2452,0.2463,4,63,4,114812,490798,7654,100302,4.546278113305421,0.16968702419218407
2453,0.2464,3,63,3,114875,490735,7657,100299,4.545694542220905,0.16970089707191127
2454,0.2465,4,33,4,114908,490702,7661,100295,4.545388862129015,0.16970475315441533
2455,0.2466,12,105,12,115013,490597,7673,100283,4.5444162436548226,0.16971804765773085
2456,0.2467,5,47,5,115060,490550,7678,100278,4.543980881099707,0.16972452219596904
2457,0.2468,5,128,5,115188,490422,7683,100273,4.5427952128645,0.1697542725095015
2458,0.2469,3,49,3,115237,490373,7686,100270,4.5423413242432105,0.1697641384050941
2459,0.247,5,60,5,115297,490313,7691,100265,4.541785542257957,0.1697743566472168
2460,0.2471,3,78,3,115375,490235,7694,100262,4.541063025677127,0.16979256456849062
2461,0.2472,6,124,6,115499,490111,7700,100256,4.539914409574271,0.16981979006279144
2462,0.2473,5,111,5,115610,490000,7705,100251,4.538886212901552,0.16984469318984635
2463,0.2474,2,56,2,115666,489944,7707,100249,4.538367483048649,0.16985799560482756
2464,0.2475,8,39,8,115705,489905,7715,100241,4.5380062247582345,0.16985796735045225
2465,0.2476,8,79,8,115784,489826,7723,100233,4.537274445144318,0.16986945373259285
2466,0.2477,5,28,5,115812,489798,7728,100228,4.537015080217866,0.16987048028391968
2467,0.2478,7,44,7,115856,489754,7735,100221,4.536607506762014,0.16987329971608967
2468,0.2479,6,73,6,115929,489681,7741,100215,4.535931305346622,0.16988587818869766
2469,0.248,4,76,4,116005,489605,7745,100211,4.535227314831968,0.16990213897215403
2470,0.2481,2,112,2,116117,489493,7747,100209,4.534189855126162,0.1699315925670932
2471,0.2482,9,76,9,116193,489417,7756,100200,4.533485864611508,0.1699408259938231
2472,0.2483,3,58,3,116251,489359,7759,100197,4.53294860869243,0.16995332080413056
2473,0.2484,5,42,5,116293,489317,7764,100192,4.532559561302753,0.1699583891000816
2474,0.2485,6,131,6,116424,489186,7770,100186,4.531346103968283,0.16998771573810767
2475,0.2486,4,84,4,116508,489102,7774,100182,4.530568009188928,0.17000631274563707
2476,0.2487,0,26,0,116534,489076,7774,100182,4.530327170328652,0.17001381398300913
2477,0.2488,9,86,9,116620,488990,7783,100173,4.529530549483122,0.17002595207098883
2478,0.2489,11,101,11,116721,488889,7794,100162,4.5285949831412795,0.17003960607825128
2479,0.249,3,25,3,116746,488864,7797,100159,4.528363407314091,0.1700425959597503
2480,0.2491,6,143,6,116889,488721,7803,100153,4.52703879358257,0.17007543209583034
2481,0.2492,14,205,14,117094,488516,7817,100139,4.525139871799622,0.17011492300243777
2482,0.2493,6,42,6,117136,488474,7823,100133,4.524750824409945,0.17011860205536122
2483,0.2494,1,61,1,117197,488413,7824,100132,4.524185779391604,0.17013482401515603
2484,0.2495,6,148,6,117345,488265,7830,100126,4.522814850494646,0.17016915622434742
2485,0.2496,4,69,4,117414,488196,7834,100122,4.522175701211605,0.17018347220380814
2486,0.2497,9,49,9,117463,488147,7843,100113,4.5217218125903145,0.17018495223200625
2487,0.2498,5,42,5,117505,488105,7848,100108,4.521332765200637,0.17019005020290268
2488,0.2499,3,72,3,117577,488033,7851,100105,4.520665826818333,0.17020665218027062
2489,0.25,13,73,13,117650,487960,7864,100092,4.519989625402942,0.1702094372606504
2490,0.2501,11,126,11,117776,487834,7875,100081,4.51882248323391,0.17023039044759872
2491,0.2502,5,219,5,117995,487615,7880,100076,4.516793878987736,0.17028676634489895
2492,0.2503,7,85,7,118080,487530,7887,100069,4.516006521175294,0.1703015151489366
2493,0.2504,15,182,15,118262,487348,7902,100054,4.514320649153359,0.17033309386076315
2494,0.2505,4,102,4,118364,487246,7906,100050,4.513375819778428,0.17035702609927533
2495,0.2506,8,73,8,118437,487173,7914,100042,4.512699618363037,0.17036690139046176
2496,0.2507,10,144,10,118581,487029,7924,100032,4.511365741598429,0.17039455865744788
2497,0.2508,8,114,8,118695,486915,7932,100024,4.510309755826448,0.1704163465027882
2498,0.2509,7,97,7,118792,486818,7939,100017,4.509411241616955,0.17043461961198633
2499,0.251,9,97,9,118889,486721,7948,100008,4.508512727407462,0.17045007149808514
2500,0.2511,14,225,14,119114,486496,7962,99994,4.506428544962763,0.1704956606250746
2501,0.2512,5,129,5,119243,486367,7967,99989,4.505233613694468,0.17052609677397348
2502,0.2513,3,49,3,119292,486318,7970,99986,4.504779725073178,0.17053610413710293
2503,0.2514,10,74,10,119366,486244,7980,99976,4.504094260624699,0.17054348196922656
2504,0.2515,11,63,11,119429,486181,7991,99965,4.503510689540183,0.1705462461571008
2505,0.2516,3,46,3,119475,486135,7994,99962,4.5030845900181555,0.1705553858832241
2506,0.2517,8,60,8,119535,486075,8002,99954,4.502528808032903,0.17056152511223846
2507,0.2518,6,32,6,119567,486043,8008,99948,4.5022323909741,0.17056234652068036
2508,0.2519,2,42,2,119609,486001,8010,99946,4.501843343584423,0.17057174113017048
2509,0.252,1,57,1,119666,485944,8011,99945,4.501315350698433,0.17058692004799544
2510,0.2521,5,103,5,119769,485841,8016,99940,4.500361258290415,0.17060983541630745
2511,0.2522,4,30,4,119799,485811,8020,99936,4.500083367297788,0.17061290966919165
2512,0.2523,4,62,4,119861,485749,8024,99932,4.49950905924636,0.17062530626740496
2513,0.2524,15,239,15,120100,485510,8039,99917,4.4972951943384345,0.1706737133750237
2514,0.2525,11,168,11,120268,485342,8050,99906,4.495739004779725,0.17070711903329872
2515,0.2526,3,37,3,120305,485305,8053,99903,4.495396272555485,0.17071366078385805
2516,0.2527,6,43,6,120348,485262,8059,99897,4.494997962132721,0.17071770236807432
2517,0.2528,5,50,5,120398,485212,8064,99892,4.494534810478343,0.17072520440810524
2518,0.2529,5,40,5,120438,485172,8069,99887,4.494164289154841,0.1707297896451469
2519,0.253,7,136,7,120574,485036,8076,99880,4.492904516654933,0.17075956205677395
2520,0.2531,9,95,9,120669,484941,8085,99871,4.492024528511616,0.17077453951013316
2521,0.2532,12,105,12,120774,484836,8097,99859,4.491051910037423,0.17078818871377385
2522,0.2533,4,100,4,120874,484736,8101,99855,4.490125606728667,0.17081172991031338
2523,0.2534,0,30,0,120904,484706,8101,99855,4.48984771573604,0.17082049606456812
2524,0.2535,10,141,10,121045,484565,8111,99845,4.488541628070696,0.17084752143187146
2525,0.2536,5,74,5,121119,484491,8116,99840,4.487856163622216,0.17086206276921814
2526,0.2537,5,69,5,121188,484422,8121,99835,4.487217014339175,0.17087514569786927
2527,0.2538,9,71,9,121259,484351,8130,99826,4.4865593389899585,0.17088313987027903
2528,0.2539,5,70,5,121329,484281,8135,99821,4.48591092667383,0.17089652149795756
2529,0.254,13,119,13,121448,484162,8148,99808,4.484808625736411,0.17091288936075483
2530,0.2541,21,177,21,121625,483985,8169,99787,4.483169068879914,0.17093488553750436
2531,0.2542,16,172,16,121797,483813,8185,99771,4.481575827188855,0.1709625349564073
2532,0.2543,5,60,5,121857,483753,8190,99766,4.481020045203602,0.17097301030472015
2533,0.2544,14,73,14,121930,483680,8204,99752,4.48034384378821,0.17097450945440085
2534,0.2545,10,122,10,122052,483558,8214,99742,4.479213753751528,0.17099605691753814
2535,0.2546,7,67,7,122119,483491,8221,99735,4.478593130534662,0.17100575077242783
2536,0.2547,10,101,10,122220,483390,8231,99725,4.477657564192819,0.1710211536317879
2537,0.2548,2,64,2,122284,483326,8233,99723,4.477064730075216,0.17103708264657003
2538,0.2549,7,102,7,122386,483224,8240,99716,4.476119900700286,0.17105705561464302
2539,0.255,11,175,11,122561,483049,8251,99705,4.474498869909963,0.17109277671195736
2540,0.2551,2,27,2,122588,483022,8253,99703,4.474248768016599,0.1710978591960187
2541,0.2552,5,54,5,122642,482968,8258,99698,4.473748564229871,0.17110660309679987
2542,0.2553,6,65,6,122707,482903,8264,99692,4.4731464670791805,0.1711171568585381
2543,0.2554,3,47,3,122754,482856,8267,99689,4.472711104524065,0.17112669407513584
2544,0.2555,20,227,20,122981,482629,8287,99669,4.470608396013191,0.17116493616670503
2545,0.2556,3,47,3,123028,482582,8290,99666,4.470173033458075,0.1711744823511631
2546,0.2557,6,88,6,123116,482494,8296,99660,4.469357886546371,0.1711918152241503
2547,0.2558,4,36,4,123152,482458,8300,99656,4.469024417355219,0.17119670717419613
2548,0.2559,4,29,4,123181,482429,8304,99652,4.468755789395679,0.17119954095735818
2549,0.256,2,33,2,123214,482396,8306,99650,4.468450109303791,0.17120639949419805
2550,0.2561,10,134,10,123348,482262,8316,99640,4.467208862870058,0.1712315819502253
2551,0.2562,6,73,6,123421,482189,8322,99634,4.466532661454667,0.17124451938132387
2552,0.2563,5,74,5,123495,482115,8327,99629,4.4658471970061875,0.17125917929536016
2553,0.2564,7,21,7,123516,482094,8334,99622,4.465652673311349,0.17125538922773312
2554,0.2565,4,69,4,123585,482025,8338,99618,4.465013524028308,0.17127000582831736
2555,0.2566,3,42,3,123627,481983,8341,99615,4.4646244766386305,0.171278099305706
2556,0.2567,1,65,1,123692,481918,8342,99614,4.46402237948794,0.17129581863078902
2557,0.2568,3,46,3,123738,481872,8345,99611,4.463596279965912,0.17130509404402192
2558,0.2569,6,64,6,123802,481808,8351,99605,4.463003445848309,0.1713153988644905
2559,0.257,8,69,8,123871,481739,8359,99597,4.4623642965652675,0.17132432878748263
2560,0.2571,11,73,11,123944,481666,8370,99586,4.461688095149876,0.17133016316502997
2561,0.2572,9,87,9,124031,481579,8379,99577,4.460882211271259,0.17134297847737956
2562,0.2573,11,71,11,124102,481508,8390,99566,4.460224535922042,0.17134822759235485
2563,0.2574,9,46,9,124148,481462,8399,99557,4.459798436400015,0.1713489576072383
2564,0.2575,11,224,11,124372,481238,8410,99546,4.457723516988403,0.17139934984434832
2565,0.2576,5,66,5,124438,481172,8415,99541,4.457112156804624,0.17141169562245034
2566,0.2577,4,52,4,124490,481120,8419,99537,4.456630479084072,0.17142133824271472
2567,0.2578,5,62,5,124552,481058,8424,99532,4.4560561710326425,0.1714325083105117
2568,0.2579,7,77,7,124629,480981,8431,99525,4.455342917484901,0.17144525637977903
2569,0.258,4,94,4,124723,480887,8435,99521,4.454472192374671,0.1714673126490331
2570,0.2581,0,15,0,124738,480872,8435,99521,4.454333246878358,0.1714717441457771
2571,0.2582,9,125,9,124863,480747,8444,99512,4.453175367742413,0.17149583203362637
2572,0.2583,8,84,8,124947,480663,8452,99504,4.452397272963059,0.17150923785737554
2573,0.2584,7,102,7,125049,480561,8459,99497,4.451452443588129,0.17152939878425952
2574,0.2585,1,45,1,125094,480516,8460,99496,4.451035607099189,0.1715412784563078
2575,0.2586,5,61,5,125155,480455,8465,99491,4.450470562080848,0.1715521789959755
2576,0.2587,7,53,7,125208,480402,8472,99484,4.449979621327207,0.17155785792379882
2577,0.2588,11,132,11,125340,480270,8483,99473,4.44875690095965,0.17158120063545398
2578,0.2589,9,119,9,125459,480151,8492,99464,4.447654600022231,0.1716035644350129
2579,0.259,4,85,4,125544,480066,8496,99460,4.446867242209789,0.17162301605104863
2580,0.2591,11,81,11,125625,479985,8507,99449,4.446116936529697,0.17163128156097157
2581,0.2592,0,22,0,125647,479963,8507,99449,4.445913149801771,0.17163779831967582
2582,0.2593,7,45,7,125692,479918,8514,99442,4.445496313312831,0.17164112123722727
2583,0.2594,5,96,5,125788,479822,8519,99437,4.444607062136426,0.17166241698445772
2584,0.2595,14,168,14,125956,479654,8533,99423,4.443050872577717,0.1716921929208033
2585,0.2596,13,124,13,126080,479530,8546,99410,4.44190225647486,0.17171036722285557
2586,0.2597,3,71,3,126151,479459,8549,99407,4.441244581125644,0.17172713546831217
2587,0.2598,7,57,7,126208,479402,8556,99400,4.4407165882396535,0.17173402994460973
2588,0.2599,3,37,3,126245,479365,8559,99397,4.440373856015413,0.17174071552728065
2589,0.26,15,117,15,126362,479248,8574,99382,4.43929008114417,0.1717539705856938
2590,0.2601,3,52,3,126414,479196,8577,99379,4.438808403423617,0.17176511256103358
2591,0.2602,3,44,3,126458,479152,8580,99376,4.438400829967764,0.1717738812987444
2592,0.2603,3,22,3,126480,479130,8583,99373,4.438197043239838,0.17177611870638526
2593,0.2604,3,24,3,126504,479106,8586,99370,4.437974730445737,0.17177895020709588
2594,0.2605,0,32,0,126536,479074,8586,99370,4.437678313386935,0.17178845316054794
2595,0.2606,4,36,4,126572,479038,8590,99366,4.437344844195784,0.17179341774953147
2596,0.2607,5,77,5,126649,478961,8595,99361,4.436631590648042,0.17180913055356706
2597,0.2608,5,68,5,126717,478893,8600,99356,4.436001704398088,0.1718221734927341
2598,0.2609,5,27,5,126744,478866,8605,99351,4.435751602504724,0.17182303529643714
2599,0.261,7,95,7,126839,478771,8612,99344,4.434871614361406,0.17184124265933248
2600,0.2611,13,74,13,126913,478697,8625,99331,4.434186149912928,0.171844616523767
2601,0.2612,14,134,14,127047,478563,8639,99317,4.4329449034791955,0.1718644009136845
2602,0.2613,8,62,8,127109,478501,8647,99309,4.432370595427767,0.17187137640400824
2603,0.2614,19,149,19,127258,478352,8666,99290,4.430990403497721,0.17188847071369465
2604,0.2615,6,43,6,127301,478309,8672,99284,4.4305920930749565,0.17189266490417993
2605,0.2616,3,22,3,127323,478287,8675,99281,4.43038830634703,0.17189491107540583
2606,0.2617,11,57,11,127380,478230,8686,99270,4.42986031346104,0.1718961038961039
2607,0.2618,12,84,12,127464,478146,8698,99258,4.429082218681685,0.17190390090820293
2608,0.2619,3,87,3,127551,478059,8701,99255,4.428276334803068,0.17192550327897815
2609,0.262,7,50,7,127601,478009,8708,99248,4.42781318314869,0.1719303533781314
2610,0.2621,10,173,10,127774,477836,8718,99238,4.426210678424543,0.1719675466231367
2611,0.2622,10,76,10,127850,477760,8728,99228,4.425506687909889,0.171975846984686
2612,0.2623,5,58,5,127908,477702,8733,99223,4.424969431990811,0.17198596004679984
2613,0.2624,6,115,6,128023,477587,8739,99217,4.423904183185742,0.17201163653511417
2614,0.2625,6,151,6,128174,477436,8745,99211,4.422505465189522,0.17204806406692483
2615,0.2626,5,80,5,128254,477356,8750,99206,4.421764422542517,0.17206475626211926
2616,0.2627,3,58,3,128312,477298,8753,99203,4.4212271666234395,0.1720777587549718
2617,0.2628,11,68,11,128380,477230,8764,99192,4.420597280373485,0.17208225917817155
2618,0.2629,6,40,6,128420,477190,8770,99186,4.420226759049983,0.17208558302219384
2619,0.263,11,71,11,128491,477119,8781,99175,4.419569083700767,0.1720909813393858
2620,0.2631,2,17,2,128508,477102,8783,99173,4.419411612138279,0.17209318467745435
2621,0.2632,4,81,4,128589,477021,8787,99169,4.418661306458187,0.17211162984432218
2622,0.2633,11,91,11,128680,476930,8798,99158,4.417818370447219,0.17212300898473845
2623,0.2634,4,36,4,128716,476894,8802,99154,4.417484901256067,0.1721280171096853
2624,0.2635,3,60,3,128776,476834,8805,99151,4.416929119270814,0.17214163563287238
2625,0.2636,12,84,12,128860,476750,8817,99139,4.41615102449146,0.17214949408653404
2626,0.2637,6,52,6,128912,476698,8823,99133,4.4156693467709065,0.17215641394784234
2627,0.2638,13,130,13,129042,476568,8836,99120,4.414465152469525,0.1721765956559803
2628,0.2639,17,184,17,129226,476384,8853,99103,4.412760754381415,0.1722071914743513
2629,0.264,9,49,9,129275,476335,8862,99094,4.412306865760124,0.1722089084839311
2630,0.2641,1,36,1,129311,476299,8863,99093,4.411973396568973,0.1722182442578277
2631,0.2642,6,59,6,129370,476240,8869,99087,4.411426877616806,0.17222727249025338
2632,0.2643,5,98,5,129468,476142,8874,99082,4.410519100374226,0.17224941935663324
2633,0.2644,2,16,2,129484,476126,8876,99080,4.410370891844826,0.17225133256607197
2634,0.2645,5,39,5,129523,476087,8881,99075,4.410009633554411,0.17225581662209952
2635,0.2646,3,27,3,129550,476060,8884,99072,4.409759531661047,0.17225958562556073
2636,0.2647,4,59,4,129609,476001,8888,99068,4.409213012708881,0.17227150133288352
2637,0.2648,5,45,5,129654,475956,8893,99063,4.4087961762199415,0.17227778560360615
2638,0.2649,5,45,5,129699,475911,8898,99058,4.408379339731002,0.17228407096730433
2639,0.265,2,79,2,129778,475832,8900,99056,4.407647560117085,0.1723048663391826
2640,0.2651,3,58,3,129836,475774,8903,99053,4.407110304198007,0.17231793217785524
2641,0.2652,7,87,7,129923,475687,8910,99046,4.4063044203193895,0.17233393593198928
2642,0.2653,3,38,3,129961,475649,8913,99043,4.405952425062062,0.17234101048909678
2643,0.2654,7,66,7,130027,475583,8920,99036,4.405341064878284,0.1723507228267774
2644,0.2655,3,59,3,130086,475524,8923,99033,4.404794545926118,0.17236409964546598
2645,0.2656,3,60,3,130146,475464,8926,99030,4.404238763940865,0.17237777940239585
2646,0.2657,5,66,5,130212,475398,8931,99025,4.403627403757087,0.1723903813043698
2647,0.2658,3,112,3,130324,475286,8934,99022,4.402589944051281,0.17241967724635562
2648,0.2659,6,53,6,130377,475233,8940,99016,4.40209900329764,0.17242694371257067
2649,0.266,5,75,5,130452,475158,8945,99011,4.401404275816073,0.17244226003145416
2650,0.2661,3,34,3,130486,475124,8948,99008,4.401089332691097,0.17244814781269813
2651,0.2662,3,61,3,130547,475063,8951,99005,4.400524287672756,0.17246214734142992
2652,0.2663,5,55,5,130602,475008,8956,99000,4.40001482085294,0.17247146381235104
2653,0.2664,11,94,11,130696,474914,8967,98989,4.39914409574271,0.17248385180073986
2654,0.2665,8,74,8,130770,474840,8975,98981,4.398458631294231,0.17249455840758704
2655,0.2666,9,169,9,130939,474671,8984,98972,4.396893178702435,0.17253239384076857
2656,0.2667,13,239,13,131178,474432,8997,98959,4.394679313794509,0.17258554808150112
2657,0.2668,5,118,5,131296,474314,9002,98954,4.393586275890177,0.17261385599754392
2658,0.2669,5,52,5,131348,474262,9007,98949,4.393104598169625,0.1726222978972839
2659,0.267,0,29,0,131377,474233,9007,98949,4.392835970210085,0.17263103167929209
2660,0.2671,2,57,2,131434,474176,9009,98947,4.392307977324095,0.17264531348419102
2661,0.2672,6,57,6,131491,474119,9015,98941,4.391779984438104,0.17265382333438034
2662,0.2673,9,104,9,131595,474015,9024,98932,4.3908166289969985,0.17267216688454604
2663,0.2674,14,116,14,131711,473899,9038,98918,4.389742117158843,0.1726869139707795
2664,0.2675,5,51,5,131762,473848,9043,98913,4.389269702471378,0.1726950682745508
2665,0.2676,12,64,12,131826,473784,9055,98901,4.388676868353774,0.17269703240001047
2666,0.2677,11,81,11,131907,473703,9066,98890,4.387926562673682,0.17270556922630909
2667,0.2678,1,45,1,131952,473658,9067,98889,4.387509726184742,0.1727176982850316
2668,0.2679,6,68,6,132020,473590,9073,98883,4.386879839934788,0.17272954357672762
2669,0.268,3,64,3,132084,473526,9076,98880,4.386287005817184,0.1727445204976887
2670,0.2681,1,33,1,132117,473493,9077,98879,4.385981325725296,0.17275303473964485
2671,0.2682,10,101,10,132218,473392,9087,98869,4.385045759383453,0.17276906865923067
2672,0.2683,7,39,7,132257,473353,9094,98862,4.384684501093038,0.17277072429069493
2673,0.2684,6,126,6,132383,473227,9100,98856,4.383517358924006,0.17280010068469087
2674,0.2685,5,40,5,132423,473187,9105,98851,4.383146837600504,0.17280495351707403
2675,0.2686,10,131,10,132554,473056,9115,98841,4.381933380266035,0.17283007254802876
2676,0.2687,4,68,4,132622,472988,9119,98837,4.38130349401608,0.17284483889301797
2677,0.2688,4,65,4,132687,472923,9123,98833,4.38070139686539,0.17285870196377476
2678,0.2689,10,79,10,132766,472844,9133,98823,4.379969617251473,0.17286812077660596
2679,0.269,0,19,0,132785,472825,9133,98823,4.379793619622809,0.17287386643528885
2680,0.2691,10,99,10,132884,472726,9143,98813,4.378876579347142,0.17288933913521212
2681,0.2692,0,24,0,132908,472702,9143,98813,4.37865426655304,0.17289659938934238
2682,0.2693,2,23,2,132931,472679,9145,98811,4.378441216792027,0.17290066317870828
2683,0.2694,4,69,4,133000,472610,9149,98807,4.377802067508985,0.17291575154396877
2684,0.2695,11,135,11,133135,472475,9160,98796,4.3765515580421654,0.17294068839482488
2685,0.2696,7,134,7,133269,472341,9167,98789,4.375310311608433,0.17297112741407386
2686,0.2697,5,121,5,133390,472220,9172,98784,4.374189484604839,0.17300053940077478
2687,0.2698,10,99,10,133489,472121,9182,98774,4.373272444329171,0.1730160537401799
2688,0.2699,17,123,17,133612,471998,9199,98757,4.372133091259402,0.17302870758907063
2689,0.27,1,43,1,133655,471955,9200,98756,4.371734780836637,0.17304029535088689
2690,0.2701,13,99,13,133754,471856,9213,98743,4.37081774056097,0.17305147748243513
2691,0.2702,10,120,10,133874,471736,9223,98733,4.369706176590463,0.17307338347920745
2692,0.2703,16,153,16,134027,471583,9239,98717,4.368288932528067,0.17309661581623706
2693,0.2704,3,55,3,134082,471528,9242,98714,4.367779465708251,0.17310896075701193
2694,0.2705,6,55,6,134137,471473,9248,98708,4.367269998888436,0.17311695759767512
2695,0.2706,3,22,3,134159,471451,9251,98705,4.36706621216051,0.1731192866513726
2696,0.2707,10,84,10,134243,471367,9261,98695,4.366288117381155,0.17313029109114447
2697,0.2708,4,47,4,134290,471320,9265,98691,4.36585275482604,0.17313876398876513
2698,0.2709,2,38,2,134328,471282,9267,98689,4.365500759568713,0.17314740574520457
2699,0.271,14,114,14,134442,471168,9281,98675,4.364444773796732,0.17316173051173744
2700,0.2711,7,50,7,134492,471118,9288,98668,4.363981622142354,0.17316676787425456
2701,0.2712,10,149,10,134641,470969,9298,98658,4.362601430212309,0.17319754857125805
2702,0.2713,9,67,9,134708,470902,9307,98649,4.361980806995443,0.17320485786171913
2703,0.2714,9,141,9,134849,470761,9316,98640,4.360674719330097,0.17323467995314373
2704,0.2715,3,80,3,134929,470681,9319,98637,4.359933676683093,0.17325466610927462
2705,0.2716,8,161,8,135090,470520,9327,98629,4.358442328355997,0.17329205533173211
2706,0.2717,3,31,3,135121,470489,9330,98626,4.358155174330283,0.17329713678254835
2707,0.2718,1,57,1,135178,470432,9331,98625,4.357627181444292,0.17331304245444656
2708,0.2719,7,53,7,135231,470379,9338,98618,4.357136240690652,0.17331901574173503
2709,0.272,14,162,14,135393,470217,9352,98604,4.355635629330468,0.17334803039972152
2710,0.2721,12,76,12,135469,470141,9364,98592,4.354931638815814,0.1733537529912982
2711,0.2722,10,44,10,135513,470097,9374,98582,4.3545240653599615,0.17335262951506913
2712,0.2723,2,40,2,135553,470057,9376,98580,4.35415354403646,0.17336191630161246
2713,0.2724,3,38,3,135591,470019,9379,98577,4.353801548779132,0.17336914083109975
2714,0.2725,8,113,8,135704,469906,9387,98569,4.352754826040239,0.1733919697436123
2715,0.2726,7,32,7,135736,469874,9394,98562,4.352458408981437,0.17339155155549613
2716,0.2727,9,161,9,135897,469713,9403,98553,4.350967060654341,0.17342758496901098
2717,0.2728,11,49,11,135946,469664,9414,98542,4.35051317203305,0.1734265389665016
2718,0.2729,6,75,6,136021,469589,9420,98536,4.349818444551484,0.17344070407040704
2719,0.273,9,73,9,136094,469516,9429,98527,4.349142243136092,0.17344989727890317
2720,0.2731,8,117,8,136211,469399,9437,98519,4.348058468264848,0.173473987441849
2721,0.2732,6,137,6,136348,469262,9443,98513,4.346789432731854,0.17350711109154154
2722,0.2733,7,65,7,136413,469197,9450,98506,4.346187335581162,0.1735167860659535
2723,0.2734,3,51,3,136464,469146,9453,98503,4.345714920893697,0.17352800762442988
2724,0.2735,9,87,9,136551,469059,9462,98494,4.34490903701508,0.17354150185092845
2725,0.2736,3,81,3,136632,468978,9465,98491,4.344158731334988,0.173561903822059
2726,0.2737,2,22,2,136654,468956,9467,98489,4.343954944607062,0.17356572002572937
2727,0.2738,14,169,14,136823,468787,9481,98475,4.342389492015266,0.17359703276440164
2728,0.2739,20,122,20,136945,468665,9501,98455,4.341259401978584,0.17360523346029058
2729,0.274,4,61,4,137006,468604,9505,98451,4.340694356960243,0.17361807937501653
2730,0.2741,7,104,7,137110,468500,9512,98444,4.339731001519137,0.1736397245583338
2731,0.2742,6,39,6,137149,468461,9518,98438,4.339369743228723,0.17364292404819906
2732,0.2743,2,82,2,137231,468379,9520,98436,4.338610174515543,0.17366512883392288
2733,0.2744,2,30,2,137261,468349,9522,98434,4.3383322835229166,0.17367140510565773
2734,0.2745,7,66,7,137327,468283,9529,98427,4.3377209233391385,0.17368142436166645
2735,0.2746,5,55,5,137382,468228,9534,98422,4.337211456519323,0.1736909909114974
2736,0.2747,6,109,6,137491,468119,9540,98416,4.336201785912779,0.17371565746158665
2737,0.2748,2,31,2,137522,468088,9542,98414,4.335914631887065,0.17372224634687963
2738,0.2749,4,18,4,137540,468070,9546,98410,4.335747897291489,0.1737219319305183
2739,0.275,9,73,9,137613,467997,9555,98401,4.335071695876097,0.17373119255364602
2740,0.2751,5,48,5,137661,467949,9560,98396,4.334627070287895,0.17373862221790604
2741,0.2752,6,78,6,137739,467871,9566,98390,4.3339045537070655,0.1737537990431974
2742,0.2753,7,45,7,137784,467826,9573,98383,4.333487717218126,0.17375739347131536
2743,0.2754,7,58,7,137842,467768,9580,98376,4.332950461299048,0.17376497852136558
2744,0.2755,28,254,28,138096,467514,9608,98348,4.330597650894809,0.17380209308983463
2745,0.2756,6,104,6,138200,467410,9614,98342,4.329634295453704,0.17382528033484637
2746,0.2757,13,173,13,138373,467237,9627,98329,4.328031790729557,0.17385946114158207
2747,0.2758,6,43,6,138416,467194,9633,98323,4.327633480306791,0.17386391567362255
2748,0.2759,5,68,5,138484,467126,9638,98318,4.327003594056838,0.1738775192592016
2749,0.276,6,59,6,138543,467067,9644,98312,4.326457075104672,0.17388689710795768
2750,0.2761,2,34,2,138577,467033,9646,98310,4.3261421319796955,0.17389443222963757
2751,0.2762,18,147,18,138724,466886,9664,98292,4.324780466115825,0.17391335119201384
2752,0.2763,10,91,10,138815,466795,9674,98282,4.323937530104858,0.17392673918775672
2753,0.2764,4,46,4,138861,466749,9678,98278,4.32351143058283,0.17393505089137334
2754,0.2765,2,28,2,138889,466721,9680,98276,4.323252065656378,0.173940746588035
2755,0.2766,9,105,9,138994,466616,9689,98267,4.3222794471821855,0.17395991736341862
2756,0.2767,11,121,11,139115,466495,9700,98256,4.321158620178592,0.1739810996350604
2757,0.2768,8,69,8,139184,466426,9708,98248,4.32051947089555,0.17399065655581805
2758,0.2769,12,204,12,139388,466222,9720,98236,4.318629812145689,0.17403597787612188
2759,0.277,11,113,11,139501,466109,9731,98225,4.317583089406796,0.17405472645631842
2760,0.2771,9,107,9,139608,466002,9740,98216,4.316591944866427,0.17407455983325593
2761,0.2772,0,10,0,139618,465992,9740,98216,4.316499314535552,0.17407764512378412
2762,0.2773,6,64,6,139682,465928,9746,98210,4.315906480417948,0.17408860952461985
2763,0.2774,13,103,13,139785,465825,9759,98197,4.31495238800993,0.17410136484037855
2764,0.2775,7,85,7,139870,465740,9766,98190,4.314165030197488,0.17411735499086767
2765,0.2776,9,72,9,139942,465668,9775,98181,4.313498091815184,0.17412640618321573
2766,0.2777,10,127,10,140069,465541,9785,98171,4.312321686613065,0.17415098490009082
2767,0.2778,6,59,6,140128,465482,9791,98165,4.311775167660899,0.17416042310169308
2768,0.2779,9,85,9,140213,465397,9800,98156,4.310987809848457,0.17417350275839186
2769,0.278,19,211,19,140424,465186,9819,98137,4.309033309866983,0.17421088789202643
2770,0.2781,2,49,2,140473,465137,9821,98135,4.3085794212456925,0.17422311068187304
2771,0.2782,4,112,4,140585,465025,9825,98131,4.307541961539886,0.17425189467927182
2772,0.2783,3,23,3,140608,465002,9828,98128,4.307328911778873,0.17425461261165273
2773,0.2784,13,164,13,140772,464838,9841,98115,4.305809774352514,0.1742863080932156
2774,0.2785,12,111,12,140883,464727,9853,98103,4.304781577679796,0.17430307552902297
2775,0.2786,5,125,5,141008,464602,9858,98098,4.303623698543851,0.17433445885907234
2776,0.2787,3,48,3,141056,464554,9861,98095,4.303179072955649,0.1743449290765646
2777,0.2788,2,88,2,141144,464466,9863,98093,4.3023639260439435,0.17436926615697199
2778,0.2789,10,178,10,141322,464288,9873,98083,4.300715106154359,0.17440977575301714
2779,0.279,4,36,4,141358,464252,9877,98079,4.300381636963207,0.1744150687050865
2780,0.2791,19,180,19,141538,464072,9896,98060,4.298714291007448,0.1744430133847566
2781,0.2792,7,85,7,141623,463987,9903,98053,4.297926933195005,0.17445911323037505
2782,0.2793,12,128,12,141751,463859,9915,98041,4.296741264959798,0.17448122441715608
2783,0.2794,13,57,13,141808,463802,9928,98028,4.296213272073808,0.17447982485805313
2784,0.2795,4,39,4,141847,463763,9932,98024,4.295852013783393,0.17448605966318195
2785,0.2796,4,70,4,141917,463693,9936,98020,4.295203601467264,0.1745019253604599
2786,0.2797,2,43,2,141960,463650,9938,98018,4.2948052910445,0.17451234537128696
2787,0.2798,2,32,2,141992,463618,9940,98016,4.294508873985698,0.17451934889981732
2788,0.2799,3,28,3,142020,463590,9943,98013,4.294249509059246,0.17452364036516899
2789,0.28,6,109,6,142129,463481,9949,98007,4.293239838452703,0.17454869917077478
2790,0.2801,4,32,4,142161,463449,9953,98003,4.292943421393901,0.17455276675477155
2791,0.2802,6,32,6,142193,463417,9959,97997,4.292647004335099,0.17455389427410076
2792,0.2803,11,57,11,142250,463360,9970,97986,4.292119011449109,0.17455544352324592
2793,0.2804,4,26,4,142276,463334,9974,97982,4.291878172588833,0.1745576466731752
2794,0.2805,11,149,11,142425,463185,9985,97971,4.290497980658787,0.1745878151530056
2795,0.2806,11,47,11,142472,463138,9996,97960,4.290062618103672,0.17458625765908986
2796,0.2807,6,63,6,142535,463075,10002,97954,4.289479047019156,0.17459703509087765
2797,0.2808,9,51,9,142586,463024,10011,97945,4.289006632331691,0.17459966593519427
2798,0.2809,9,89,9,142675,462935,10020,97936,4.288182222386898,0.17461412695610934
2799,0.281,2,38,2,142713,462897,10022,97934,4.287830227129572,0.17462301477628733
2800,0.2811,3,29,3,142742,462868,10025,97931,4.287561599170032,0.17462762950718527
2801,0.2812,10,68,10,142810,462800,10035,97921,4.286931712920079,0.17463408718417894
2802,0.2813,11,167,11,142977,462633,10046,97910,4.285384786394457,0.174669918275672
2803,0.2814,13,71,13,143048,462562,10059,97897,4.284727111045241,0.1746729020320844
2804,0.2815,3,57,3,143105,462505,10062,97894,4.2841991181592505,0.1746862503323525
2805,0.2816,9,62,9,143167,462443,10071,97885,4.283624810107821,0.17469232306791735
2806,0.2817,8,50,8,143217,462393,10079,97877,4.283161658453444,0.17469612865225695
2807,0.2818,4,44,4,143261,462349,10083,97873,4.282754084997592,0.1747039566457583
2808,0.2819,3,33,3,143294,462316,10086,97870,4.282448404905702,0.17470982852124117
2809,0.282,14,107,14,143401,462209,10100,97856,4.281457260365334,0.17472257684375922
2810,0.2821,7,97,7,143498,462112,10107,97849,4.280558746155841,0.1747425267116817
2811,0.2822,12,71,12,143569,462041,10119,97837,4.279901070806625,0.17474699845323446
2812,0.2823,9,51,9,143620,461990,10128,97828,4.279428656119159,0.17474965077936044
2813,0.2824,14,125,14,143745,461865,10142,97814,4.278270776983216,0.17476803667816732
2814,0.2825,4,39,4,143784,461826,10146,97810,4.277909518692801,0.17477431759214918
2815,0.2826,7,79,7,143863,461747,10153,97803,4.277177739078884,0.1747886694665356
2816,0.2827,2,70,2,143933,461677,10155,97801,4.2765293267627555,0.17480758850213948
2817,0.2828,16,128,16,144061,461549,10171,97785,4.275343658527548,0.17482398709894267
2818,0.2829,5,43,5,144104,461506,10176,97780,4.274945348104783,0.17483005117238765
2819,0.283,2,42,2,144146,461464,10178,97778,4.274556300715106,0.17484023016869263
2820,0.2831,10,105,10,144251,461359,10188,97768,4.273583682240913,0.17485830589472517
2821,0.2832,4,64,4,144315,461295,10192,97764,4.272990848123309,0.17487241954784735
2822,0.2833,4,49,4,144364,461246,10196,97760,4.27253695950202,0.17488184384425212
2823,0.2834,12,105,12,144469,461141,10208,97748,4.271564341027826,0.17489698312187213
2824,0.2835,7,96,7,144565,461045,10215,97741,4.270675089851421,0.17491669440537164
2825,0.2836,11,72,11,144637,460973,10226,97730,4.270008151469117,0.17492299128517297
2826,0.2837,7,56,7,144693,460917,10233,97723,4.269489421616214,0.17493018759845338
2827,0.2838,13,142,13,144835,460775,10246,97710,4.268174070917781,0.1749554598601574
2828,0.2839,8,72,8,144907,460703,10254,97702,4.267507132535477,0.1749661983685676
2829,0.284,6,25,6,144932,460678,10260,97696,4.267275556708289,0.1749651667162153
2830,0.2841,13,160,13,145092,460518,10273,97683,4.26579347141428,0.17499610355409612
2831,0.2842,17,184,17,145276,460334,10290,97666,4.26408907332617,0.17502867383512544
2832,0.2843,13,131,13,145407,460203,10303,97653,4.2628756159917005,0.17505055067974531
2833,0.2844,12,117,12,145524,460086,10315,97641,4.2617918411204565,0.17506952326138056
2834,0.2845,10,96,10,145620,459990,10325,97631,4.260902589944052,0.17508486947227597
2835,0.2846,11,89,11,145709,459901,10336,97620,4.260078179999259,0.17509654344858758
2836,0.2847,17,125,17,145834,459776,10353,97603,4.2589203008633145,0.175110651818601
2837,0.2848,9,57,9,145891,459719,10362,97594,4.258392307977324,0.17511524044836563
2838,0.2849,3,58,3,145949,459661,10365,97591,4.257855052058246,0.17512902600618752
2839,0.285,9,95,9,146044,459566,10374,97582,4.256975063914928,0.17514556275890786
2840,0.2851,11,64,11,146108,459502,10385,97571,4.256382229797325,0.17514939693720571
2841,0.2852,6,32,6,146140,459470,10391,97565,4.256085812738523,0.17515057402138107
2842,0.2853,4,50,4,146190,459420,10395,97561,4.255622661084145,0.1751603735136387
2843,0.2854,6,66,6,146256,459354,10401,97555,4.2550113009003665,0.17517224537581544
2844,0.2855,6,66,6,146322,459288,10407,97549,4.2543999407165884,0.17518412030809735
2845,0.2856,7,80,7,146402,459208,10414,97542,4.253658898069584,0.17519892231701842
2846,0.2857,8,45,8,146447,459163,10422,97534,4.253242061580644,0.17520123154965808
2847,0.2858,10,118,10,146565,459045,10432,97524,4.252149023676313,0.17522355718697952
2848,0.2859,4,67,4,146632,458978,10436,97520,4.2515284004594465,0.17523872502686444
2849,0.286,7,100,7,146732,458878,10443,97513,4.250602097150691,0.17525984424622254
2850,0.2861,9,49,9,146781,458829,10452,97504,4.250148208529401,0.1752619384433424
2851,0.2862,3,37,3,146818,458792,10455,97501,4.249805476305161,0.17526914773329882
2852,0.2863,5,119,5,146937,458673,10460,97496,4.2487031753677424,0.17529923458517105
2853,0.2864,11,141,11,147078,458532,10471,97485,4.247397087702398,0.1753273730839165
2854,0.2865,10,109,10,147187,458423,10481,97475,4.246387417095854,0.17534691616087844
2855,0.2866,8,76,8,147263,458347,10489,97467,4.245683426581199,0.17535902298250855
2856,0.2867,6,122,6,147385,458225,10495,97461,4.244553336544518,0.17538861875231695
2857,0.2868,6,80,6,147465,458145,10501,97455,4.243812293897514,0.1754049676025918
2858,0.2869,5,39,5,147504,458106,10506,97450,4.243451035607099,0.17540985967211226
2859,0.287,8,72,8,147576,458034,10514,97442,4.242784097224796,0.1754207202471394
2860,0.2871,5,137,5,147713,457897,10519,97437,4.241515061691801,0.1754565720809459
2861,0.2872,14,171,14,147884,457726,10533,97423,4.239931083033829,0.17548982345280276
2862,0.2873,10,105,10,147989,457621,10543,97413,4.238958464559635,0.17550816706724273
2863,0.2874,7,47,7,148036,457574,10550,97406,4.23852310200452,0.1755126310858049
2864,0.2875,16,197,16,148233,457377,10566,97390,4.236698284486272,0.17555117734111797
2865,0.2876,8,65,8,148298,457312,10574,97382,4.236096187335582,0.1755598582281402
2866,0.2877,7,59,7,148357,457253,10581,97375,4.235549668383415,0.17556812854742276
2867,0.2878,10,77,10,148434,457176,10591,97365,4.234836414835674,0.17557763988595973
2868,0.2879,5,55,5,148489,457121,10596,97360,4.234326948015858,0.1755876215776555
2869,0.288,10,74,10,148563,457047,10606,97350,4.2336414835673795,0.1755961882910622
2870,0.2881,5,67,5,148630,456980,10611,97345,4.233020860350513,0.17560997609705498
2871,0.2882,12,179,12,148809,456801,10623,97333,4.231362777427841,0.17564885027809157
2872,0.2883,5,99,5,148908,456702,10628,97328,4.2304457371521735,0.17567279750194031
2873,0.2884,15,53,15,148961,456649,10643,97313,4.229954796398533,0.17566728403753326
2874,0.2885,5,85,5,149046,456564,10648,97308,4.2291674385860905,0.1756868012826068
2875,0.2886,11,59,11,149105,456505,10659,97297,4.228620919633925,0.175689145217966
2876,0.2887,7,123,7,149228,456382,10666,97290,4.227481566564156,0.17571775347136934
2877,0.2888,8,97,8,149325,456285,10674,97282,4.226583052354663,0.1757366316995052
2878,0.2889,8,50,8,149375,456235,10682,97274,4.226119900700286,0.1757405931972199
2879,0.289,7,38,7,149413,456197,10689,97267,4.225767905442958,0.17574223436393333
2880,0.2891,13,65,13,149478,456132,10702,97254,4.225165808292267,0.1757435135691904
2881,0.2892,8,97,8,149575,456035,10710,97246,4.224267294082774,0.17576240644446492
2882,0.2893,14,175,14,149750,455860,10724,97232,4.222646263292453,0.17579715490370498
2883,0.2894,8,132,8,149882,455728,10732,97224,4.221423542924895,0.1758271965740245
2884,0.2895,4,73,4,149955,455655,10736,97220,4.220747341509504,0.1758444494686864
2885,0.2896,2,37,2,149992,455618,10738,97218,4.220404609285264,0.17585323676461012
2886,0.2897,8,61,8,150053,455557,10746,97210,4.219839564266923,0.17586071527424757
2887,0.2898,11,135,11,150188,455422,10757,97199,4.218589054800104,0.17588727174682106
2888,0.2899,19,80,19,150268,455342,10776,97180,4.217848012153099,0.17588439917324558
2889,0.29,9,69,9,150337,455273,10785,97171,4.217208862870058,0.17589294118498888
2890,0.2901,8,41,8,150378,455232,10793,97163,4.216829078513468,0.17589406131482002
2891,0.2902,8,89,8,150467,455143,10801,97155,4.216004668568676,0.17591046862382265
2892,0.2903,6,53,6,150520,455090,10807,97149,4.215513727815035,0.1759183976502927
2893,0.2904,2,44,2,150564,455046,10809,97147,4.215106154359184,0.17592943047086798
2894,0.2905,6,47,6,150611,454999,10815,97141,4.2146707918040685,0.1759354511536929
2895,0.2906,8,85,8,150696,454914,10823,97133,4.213883433991626,0.17595059840919341
2896,0.2907,6,56,6,150752,454858,10829,97127,4.213364704138723,0.17595949165285288
2897,0.2908,5,31,5,150783,454827,10834,97122,4.213077550113009,0.17596190952424953
2898,0.2909,4,38,4,150821,454789,10838,97118,4.212725554855682,0.17596805258857018
2899,0.291,6,61,6,150882,454728,10844,97112,4.212160509837341,0.1759785445056538
2900,0.2911,5,46,5,150928,454682,10849,97107,4.211734410315314,0.17598574817548013
2901,0.2912,14,159,14,151087,454523,10863,97093,4.210261588054393,0.17601556155006381
2902,0.2913,5,67,5,151154,454456,10868,97088,4.209640964837527,0.17602947362313795
2903,0.2914,3,28,3,151182,454428,10871,97085,4.209381599911075,0.17603392848400673
2904,0.2915,21,146,21,151328,454282,10892,97064,4.208029197080292,0.17604915969282448
2905,0.2916,8,64,8,151392,454218,10900,97056,4.207436362962689,0.1760576410278736
2906,0.2917,5,77,5,151469,454141,10905,97051,4.206723109414947,0.1760747616075705
2907,0.2918,5,53,5,151522,454088,10910,97046,4.206232168661306,0.17608421908283647
2908,0.2919,10,85,10,151607,454003,10920,97036,4.2054448108488645,0.17609642874642267
2909,0.292,16,163,16,151770,453840,10936,97020,4.203934936455593,0.1761246051628363
2910,0.2921,3,37,3,151807,453803,10939,97017,4.203592204231353,0.1761319487309829
2911,0.2922,5,65,5,151872,453738,10944,97012,4.202990107080662,0.1761452564684521
2912,0.2923,1,53,1,151925,453685,10945,97011,4.202499166327022,0.17616071298865435
2913,0.2924,11,81,11,152006,453604,10956,97000,4.20174886064693,0.17617016948660016
2914,0.2925,3,62,3,152068,453542,10959,96997,4.201174552595502,0.1761855200085734
2915,0.2926,9,66,9,152134,453476,10968,96988,4.200563192411724,0.17619317521218464
2916,0.2927,15,171,15,152305,453305,10983,96973,4.198979213753751,0.17622547148895648
2917,0.2928,8,138,8,152443,453167,10991,96965,4.197700915187669,0.1762576981524434
2918,0.2929,5,77,5,152520,453090,10996,96960,4.196987661639928,0.17627488410144532
2919,0.293,7,65,7,152585,453025,11003,96953,4.196385564489236,0.1762852332275109
2920,0.2931,7,132,7,152717,452893,11010,96946,4.195162844121679,0.17631706735971803
2921,0.2932,6,59,6,152776,452834,11016,96940,4.194616325169513,0.17632699982174493
2922,0.2933,2,26,2,152802,452808,11018,96938,4.194375486309237,0.1763323425727518
2923,0.2934,2,61,2,152863,452747,11020,96936,4.193810441290896,0.1763489138285157
2924,0.2935,9,57,9,152920,452690,11029,96927,4.193282448404906,0.17635371540545508
2925,0.2936,5,61,5,152981,452629,11034,96922,4.192717403386565,0.1763657968050281
2926,0.2937,7,78,7,153059,452551,11041,96915,4.191994886805736,0.176380340184834
2927,0.2938,6,72,6,153131,452479,11047,96909,4.191327948423432,0.17639446074541126
2928,0.2939,10,62,10,153193,452417,11057,96899,4.190753640372003,0.17639937667936123
2929,0.294,7,151,7,153344,452266,11064,96892,4.189354922375783,0.17643738231984238
2930,0.2941,7,63,7,153407,452203,11071,96885,4.188771351291267,0.17644712687219535
2931,0.2942,7,68,7,153475,452135,11078,96878,4.188141465041313,0.17645848094671712
2932,0.2943,10,84,10,153559,452051,11088,96868,4.187363370261958,0.17647048107279945
2933,0.2944,8,86,8,153645,451965,11096,96860,4.1865667494164285,0.17648612945838837
2934,0.2945,5,53,5,153698,451912,11101,96855,4.186075808662789,0.17649567120471893
2935,0.2946,12,66,12,153764,451846,11113,96843,4.18546444847901,0.17649889099289398
2936,0.2947,8,22,8,153786,451824,11121,96835,4.185260661751084,0.17649396072970644
2937,0.2948,7,53,7,153839,451771,11128,96828,4.184769720997443,0.17650050401112652
2938,0.2949,4,106,4,153945,451665,11132,96824,4.183787839490162,0.1765286085956145
2939,0.295,33,265,33,154210,451400,11165,96791,4.181333135721961,0.17656437263654456
2940,0.2951,3,40,3,154250,451360,11168,96788,4.180962614398458,0.17657275042506768
2941,0.2952,2,25,2,154275,451335,11170,96786,4.1807310385712695,0.17657779942749868
2942,0.2953,1,48,1,154323,451287,11171,96785,4.180286412983067,0.1765917616663504
2943,0.2954,10,77,10,154400,451210,11181,96775,4.179573159435326,0.17660154931248118
2944,0.2955,4,67,4,154467,451143,11185,96771,4.17895253621846,0.17661713334574405
2945,0.2956,5,53,5,154520,451090,11190,96766,4.178461595464819,0.17662670482754592
2946,0.2957,15,88,15,154608,451002,11205,96751,4.177646448553114,0.17663253327686018
2947,0.2958,8,66,8,154674,450936,11213,96743,4.177035088369336,0.17664179199859772
2948,0.2959,7,80,7,154754,450856,11220,96736,4.176294045722331,0.17665707314935208
2949,0.296,1,31,1,154785,450825,11221,96735,4.176006891696617,0.17666557089634013
2950,0.2961,11,73,11,154858,450752,11232,96724,4.175330690281226,0.176672584734308
2951,0.2962,2,50,2,154908,450702,11234,96722,4.174867538626848,0.17668571345063425
2952,0.2963,5,23,5,154931,450679,11239,96717,4.174654488865834,0.176685616993913
2953,0.2964,15,206,15,155137,450473,11254,96702,4.172746304049798,0.17672956549549962
2954,0.2965,8,120,8,155257,450353,11262,96694,4.171634740079291,0.17675629333494197
2955,0.2966,9,79,9,155336,450274,11271,96685,4.170902960465375,0.1767682769640869
2956,0.2967,12,130,12,155466,450144,11283,96673,4.169698766163993,0.17679223579369333
2957,0.2968,10,110,10,155576,450034,11293,96663,4.1686798325243615,0.17681275002423646
2958,0.2969,15,212,15,155788,449822,11308,96648,4.166716069509801,0.17685874796420664
2959,0.297,3,46,3,155834,449776,11311,96645,4.166289969987773,0.1768691174021496
2960,0.2971,4,35,4,155869,449741,11315,96641,4.165965763829709,0.17687442119249902
2961,0.2972,16,110,16,155979,449631,11331,96625,4.164946830190077,0.1768859289417416
2962,0.2973,2,60,2,156039,449571,11333,96623,4.164391048204824,0.17690234605286767
2963,0.2974,12,129,12,156168,449442,11345,96611,4.16319611693653,0.1769260493029065
2964,0.2975,16,171,16,156339,449271,11361,96595,4.161612138278558,0.17695734850677639
2965,0.2976,7,101,7,156440,449170,11368,96588,4.160676571936715,0.17697954038236727
2966,0.2977,9,149,9,156589,449021,11377,96579,4.159296380006669,0.17701429618768327
2967,0.2978,0,35,0,156624,448986,11377,96579,4.158972173848605,0.17702565230540815
2968,0.2979,16,98,16,156722,448888,11393,96563,4.158064396606025,0.17703331738322967
2969,0.298,13,95,13,156817,448793,11406,96550,4.157184408462707,0.17704453894154687
2970,0.2981,4,43,4,156860,448750,11410,96546,4.156786098039942,0.1770524632493178
2971,0.2982,8,138,8,156998,448612,11418,96538,4.15550779947386,0.1770852059066312
2972,0.2983,4,62,4,157060,448550,11422,96534,4.154933491422431,0.17709930946422936
2973,0.2984,1,18,1,157078,448532,11423,96533,4.154766756826856,0.17710364818874813
2974,0.2985,4,104,4,157182,448428,11427,96529,4.153803401385749,0.17713140669814315
2975,0.2986,2,67,2,157249,448361,11429,96527,4.153182778168883,0.1771501666397498
2976,0.2987,7,94,7,157343,448267,11436,96520,4.152312053058654,0.17717016008091235
2977,0.2988,4,53,4,157396,448214,11440,96516,4.151821112305013,0.1771813559010886
2978,0.2989,11,68,11,157464,448146,11451,96505,4.15119122605506,0.17718685910794252
2979,0.299,14,141,14,157605,448005,11465,96491,4.149885138389714,0.17721158649466662
2980,0.2991,10,135,10,157740,447870,11475,96481,4.148634628922895,0.1772404202435561
2981,0.2992,7,65,7,157805,447805,11482,96474,4.148032531772204,0.1772510054585975
2982,0.2993,2,19,2,157824,447786,11484,96472,4.14785653414354,0.17725416989736487
2983,0.2994,3,51,3,157875,447735,11487,96469,4.147384119456075,0.17726624574608052
2984,0.2995,9,85,9,157960,447650,11496,96460,4.146596761643632,0.17728032934516919
2985,0.2996,7,71,7,158031,447579,11503,96453,4.145939086294416,0.1772928798305982
2986,0.2997,10,78,10,158109,447501,11513,96443,4.145216569713587,0.17730317826835115
2987,0.2998,9,78,9,158187,447423,11522,96434,4.144494053132758,0.1773149927278678
2988,0.2999,12,153,12,158340,447270,11534,96422,4.143076809070362,0.17734673307681556
2989,0.3,2,24,2,158364,447246,11536,96420,4.142854496276261,0.1773515356855128
2990,0.3001,1,47,1,158411,447199,11537,96419,4.142419133721146,0.17736535581971163
2991,0.3002,8,83,8,158494,447116,11545,96411,4.141650301974878,0.17738033253177854
2992,0.3003,17,202,17,158696,446914,11562,96394,4.1397791692911925,0.1774205423074941
2993,0.3004,9,79,9,158775,446835,11571,96385,4.139047389677276,0.17743271602665586
2994,0.3005,8,94,8,158869,446741,11579,96377,4.1381766645670455,0.17745130892365932
2995,0.3006,7,81,7,158950,446660,11586,96370,4.1374263588869535,0.17746717492587885
2996,0.3007,6,77,6,159027,446583,11592,96364,4.136713105339212,0.1774832534298928
2997,0.3008,3,64,3,159091,446519,11595,96361,4.136120271221609,0.17749963159445917
2998,0.3009,6,40,6,159131,446479,11601,96355,4.135749749898107,0.17750361989116378
2999,0.301,5,30,5,159161,446449,11606,96350,4.13547185890548,0.17750585391645896
3000,0.3011,8,49,8,159210,446400,11614,96342,4.13501797028419,0.1775097560166709
3001,0.3012,7,69,7,159279,446331,11621,96335,4.134378821001149,0.17752171685714602
3002,0.3013,7,61,7,159340,446270,11628,96328,4.133813775982808,0.17753106351295064
3003,0.3014,4,68,4,159408,446202,11632,96324,4.133183889732854,0.17754725119164796
3004,0.3015,3,58,3,159466,446144,11635,96321,4.132646633813776,0.1775616860073922
3005,0.3016,12,93,12,159559,446051,11647,96309,4.131785171736634,0.1775739361309831
3006,0.3017,5,80,5,159639,445971,11652,96304,4.131044129089629,0.17759254990549075
3007,0.3018,12,113,12,159752,445858,11664,96292,4.129997406350736,0.1776113621691414
3008,0.3019,13,68,13,159820,445790,11677,96279,4.129367520100782,0.1776139199991145
3009,0.302,9,63,9,159883,445727,11686,96270,4.128783949016266,0.1776209093408266
3010,0.3021,4,58,4,159941,445669,11690,96266,4.1282466930971875,0.17763384907784144
3011,0.3022,14,84,14,160025,445585,11704,96252,4.127468598317833,0.17764013900859485
3012,0.3023,11,116,11,160141,445469,11715,96241,4.126394086479677,0.17766147938934115
3013,0.3024,3,48,3,160189,445421,11718,96238,4.125949460891475,0.17767266859777092
3014,0.3025,4,48,4,160237,445373,11722,96234,4.125504835303271,0.17768234162409274
3015,0.3026,0,68,0,160305,445305,11722,96234,4.124874949053318,0.17770465285048723
3016,0.3027,4,54,4,160359,445251,11726,96230,4.12437474526659,0.17771630029493185
3017,0.3028,9,78,9,160437,445173,11735,96221,4.123652228685761,0.17772823488993228
3018,0.3029,0,31,0,160468,445142,11735,96221,4.123365074660047,0.17773841211904026
3019,0.303,15,73,15,160541,445069,11750,96206,4.122688873244655,0.17773959632349545
3020,0.3031,4,58,4,160599,445011,11754,96202,4.122151617325577,0.17775256691912425
3021,0.3032,5,59,5,160658,444952,11759,96197,4.121605098373411,0.17776434955991788
3022,0.3033,12,139,12,160797,444813,11771,96185,4.120317536774241,0.17779178481251318
3023,0.3034,8,163,8,160960,444650,11779,96177,4.11880766238097,0.17783320729179572
3024,0.3035,12,149,12,161109,444501,11791,96165,4.117427470450925,0.17786396777307986
3025,0.3036,9,107,9,161216,444394,11800,96156,4.1164363259105565,0.17788548700397744
3026,0.3037,3,32,3,161248,444362,11803,96153,4.116139908851754,0.1778914553712663
3027,0.3038,20,193,20,161441,444169,11823,96133,4.114352143465856,0.1779245681119078
3028,0.3039,15,227,15,161668,443942,11838,96118,4.112249434954982,0.17797652112728216
3029,0.304,6,41,6,161709,443901,11844,96112,4.111869650598392,0.17798090045980375
3030,0.3041,3,41,3,161750,443860,11847,96109,4.1114898662418025,0.17798984756532318
3031,0.3042,5,41,5,161791,443819,11852,96104,4.111110081885212,0.177995751246011
3032,0.3043,13,81,13,161872,443738,11865,96091,4.1103597762051205,0.17800266380650168
3033,0.3044,13,133,13,162005,443605,11878,96078,4.109127792804476,0.17802673050661222
3034,0.3045,4,38,4,162043,443567,11882,96074,4.108775797547149,0.17803317390635626
3035,0.3046,3,77,3,162120,443490,11885,96071,4.108062543999407,0.17805401057526396
3036,0.3047,7,82,7,162202,443408,11892,96064,4.107302975286228,0.17807040958566894
3037,0.3048,7,43,7,162245,443365,11899,96057,4.106904664863463,0.17807393840073263
3038,0.3049,0,19,0,162264,443346,11899,96057,4.106728667234799,0.17808021089982815
3039,0.305,10,35,10,162299,443311,11909,96047,4.106404461076735,0.17807652802035012
3040,0.3051,19,90,19,162389,443221,11928,96028,4.105570788098855,0.17807728897040143
3041,0.3052,0,20,0,162409,443201,11928,96028,4.105385527437104,0.17808389385585716
3042,0.3053,3,47,3,162456,443154,11931,96025,4.104950164881989,0.1780948441983089
3043,0.3054,1,30,1,162486,443124,11932,96024,4.104672273889363,0.1781032295399408
3044,0.3055,5,81,5,162567,443043,11937,96019,4.103921968209271,0.17812236811350085
3045,0.3056,3,55,3,162622,442988,11940,96016,4.103412501389455,0.17813596930635023
3046,0.3057,12,80,12,162702,442908,11952,96004,4.10267145874245,0.17814411258238821
3047,0.3058,4,89,4,162791,442819,11956,96000,4.101847048797659,0.17816743656032916
3048,0.3059,6,62,6,162853,442757,11962,95994,4.10127274074623,0.17817878760317846
3049,0.306,6,67,6,162920,442690,11968,95988,4.100652117529364,0.17819179546964978
3050,0.3061,7,73,7,162993,442617,11975,95981,4.099975916113972,0.1782052662653779
3051,0.3062,14,91,14,163084,442526,11989,95967,4.099132980103005,0.17821401578107793
3052,0.3063,10,69,10,163153,442457,11999,95957,4.098493830819963,0.17822159156336945
3053,0.3064,14,143,14,163296,442314,12013,95943,4.097169217088443,0.17824756575390566
3054,0.3065,17,117,17,163413,442197,12030,95926,4.096085442217199,0.17826036054953978
3055,0.3066,10,107,10,163520,442090,12040,95916,4.095094297676831,0.1782805396222347
3056,0.3067,13,131,13,163651,441959,12053,95903,4.093880840342361,0.1783041003082575
3057,0.3068,13,161,13,163812,441798,12066,95890,4.092389492015266,0.17833762330570888
3058,0.3069,6,85,6,163897,441713,12072,95884,4.091602134202823,0.17835665005571089
3059,0.307,14,92,14,163989,441621,12086,95870,4.090749935158768,0.17836577728743366
3060,0.3071,10,73,10,164062,441548,12096,95860,4.090073733743377,0.1783747171608908
3061,0.3072,3,50,3,164112,441498,12099,95857,4.089610582089,0.17838672758232454
3062,0.3073,5,44,5,164156,441454,12104,95852,4.089203008633147,0.17839369000160057
3063,0.3074,4,45,4,164201,441409,12108,95848,4.088786172144207,0.17840251499747792
3064,0.3075,15,137,15,164338,441272,12123,95833,4.087517136611212,0.1784250751715214
3065,0.3076,3,63,3,164401,441209,12126,95830,4.086933565526696,0.17844141673137331
3066,0.3077,4,41,4,164442,441168,12130,95826,4.086553781170107,0.17844892121699685
3067,0.3078,13,111,13,164553,441057,12143,95813,4.085525584497388,0.17846592284910687
3068,0.3079,10,98,10,164651,440959,12153,95803,4.084617807254808,0.1784832011207947
3069,0.308,8,61,8,164712,440898,12161,95795,4.084052762236467,0.17849124173410125
3070,0.3081,5,82,5,164794,440816,12166,95790,4.0832931935232875,0.17851086271864272
3071,0.3082,8,63,8,164857,440753,12174,95782,4.082709622438771,0.17851957467825957
3072,0.3083,13,93,13,164950,440660,12187,95769,4.081848160361629,0.178530616353702
3073,0.3084,6,36,6,164986,440624,12193,95763,4.081514691170477,0.17853340964639336
3074,0.3085,7,134,7,165120,440490,12200,95756,4.080273444736744,0.17856729933649854
3075,0.3086,8,101,8,165221,440389,12208,95748,4.0793378783949015,0.17858868162428632
3076,0.3087,7,100,7,165321,440289,12215,95741,4.078411575086146,0.17861127175717778
3077,0.3088,9,145,9,165466,440144,12224,95732,4.077068435288451,0.17864580611932612
3078,0.3089,6,113,6,165579,440031,12230,95726,4.076021712549557,0.17867428703684693
3079,0.309,12,85,12,165664,439946,12242,95714,4.075234354737115,0.17868424000298697
3080,0.3091,14,129,14,165793,439817,12256,95700,4.074039423468821,0.17870581139347583
3081,0.3092,1,25,1,165818,439792,12257,95699,4.073807847641632,0.17871262075366345
3082,0.3093,14,102,14,165920,439690,12271,95685,4.072863018266701,0.17872519262199393
3083,0.3094,3,27,3,165947,439663,12274,95682,4.0726129163733376,0.17872960427387946
3084,0.3095,24,122,24,166069,439541,12298,95658,4.071482826336656,0.1787335178130004
3085,0.3096,17,139,17,166208,439402,12315,95641,4.070195264737485,0.17875385716662026
3086,0.3097,8,75,8,166283,439327,12323,95633,4.069500537255919,0.17876663675788845
3087,0.3098,9,45,9,166328,439282,12332,95624,4.06908370076698,0.17876785827790304
3088,0.3099,1,74,1,166402,439208,12333,95623,4.0683982363185,0.1787910573620452
3089,0.31,11,157,11,166559,439051,12344,95612,4.066943940123754,0.17882666277636566
3090,0.3101,24,142,24,166701,438909,12368,95588,4.065628589425321,0.17883729936744266
3091,0.3102,12,151,12,166852,438758,12380,95576,4.0642298714291005,0.17886939629520113
3092,0.3103,13,77,13,166929,438681,12393,95563,4.063516617881359,0.178875195603507
3093,0.3104,5,73,5,167002,438608,12398,95558,4.062840416465968,0.17889195493535717
3094,0.3105,19,125,19,167127,438483,12417,95539,4.061682537330023,0.17890461441663452
3095,0.3106,9,73,9,167200,438410,12426,95530,4.061006335914632,0.1789152339214144
3096,0.3107,2,80,2,167280,438330,12428,95528,4.060265293267627,0.17893896878945337
3097,0.3108,9,110,9,167390,438220,12437,95519,4.059246359627997,0.17896200202720805
3098,0.3109,6,81,6,167471,438139,12443,95513,4.058496053947905,0.17897993448914273
3099,0.311,6,53,6,167524,438086,12449,95507,4.058005113194264,0.17898847998380787
3100,0.3111,2,38,2,167562,438048,12451,95505,4.057653117936937,0.17899815013691237
3101,0.3112,13,95,13,167657,437953,12464,95492,4.05677312979362,0.17901001977710918
3102,0.3113,17,201,17,167858,437752,12481,95475,4.0549112601430215,0.1790513233575944
3103,0.3114,5,53,5,167911,437699,12486,95470,4.054420319389381,0.17906142330105465
3104,0.3115,9,62,9,167973,437637,12495,95461,4.053846011337953,0.17906838892661386
3105,0.3116,18,123,18,168096,437514,12513,95443,4.052706658268184,0.17908198972900252
3106,0.3117,7,157,7,168253,437357,12520,95436,4.051252362073438,0.17912397497714871
3107,0.3118,5,28,5,168281,437329,12525,95431,4.050992997146986,0.17912568511149485
3108,0.3119,4,43,4,168324,437286,12529,95427,4.050594686724221,0.1791339802107326
3109,0.312,10,90,10,168414,437196,12539,95417,4.049761013746341,0.1791488378991876
3110,0.3121,6,65,6,168479,437131,12545,95411,4.04915891659565,0.17916145581005818
3111,0.3122,12,104,12,168583,437027,12557,95399,4.048195561154545,0.17917795148997231
3112,0.3123,3,58,3,168641,436969,12560,95396,4.047658305235466,0.17919284701285773
3113,0.3124,9,94,9,168735,436875,12569,95387,4.046787580125236,0.17921061432151836
3114,0.3125,6,29,6,168764,436846,12575,95381,4.046518952165697,0.1792111260796615
3115,0.3126,9,150,9,168914,436696,12584,95372,4.045129497202564,0.17924776532322936
3116,0.3127,18,121,18,169035,436575,12602,95354,4.04400867019897,0.17926076600448557
3117,0.3128,13,146,13,169181,436429,12615,95341,4.042656267368187,0.1792899185738195
3118,0.3129,9,69,9,169250,436360,12624,95332,4.042017118085146,0.17929929357598007
3119,0.313,21,140,21,169390,436220,12645,95311,4.040720293452888,0.17931409456833186
3120,0.3131,5,88,5,169478,436132,12650,95306,4.039905146541184,0.17933606554292317
3121,0.3132,3,18,3,169496,436114,12653,95303,4.039738411945607,0.17933750708012727
3122,0.3133,19,143,19,169639,435971,12672,95284,4.038413798214087,0.17935642958654507
3123,0.3134,14,183,14,169822,435788,12686,95270,4.036718663159065,0.1793966007479409
3124,0.3135,4,78,4,169900,435710,12690,95266,4.035996146578236,0.17941677213282708
3125,0.3136,9,104,9,170004,435606,12699,95257,4.03503279113713,0.17943800942992824
3126,0.3137,6,25,6,170029,435581,12705,95251,4.034801215309941,0.17943718539952377
3127,0.3138,7,137,7,170166,435444,12712,95244,4.033532179776946,0.17947268451519538
3128,0.3139,7,83,7,170249,435361,12719,95237,4.032763348030679,0.17948993399899735
3129,0.314,13,100,13,170349,435261,12732,95224,4.031837044721923,0.17950366174349888
3130,0.3141,7,117,7,170466,435144,12739,95217,4.03075326985068,0.17953243168332514
3131,0.3142,3,62,3,170528,435082,12742,95214,4.030178961799251,0.1795487803038303
3132,0.3143,14,122,14,170650,434960,12756,95200,4.02904887176257,0.17956843217141996
3133,0.3144,5,42,5,170692,434918,12761,95195,4.028659824372893,0.17957492081876883
3134,0.3145,6,73,6,170765,434845,12767,95189,4.0279836229575015,0.1795903659010554
3135,0.3146,3,43,3,170808,434802,12770,95186,4.027585312534736,0.17960029283681894
3136,0.3147,7,71,7,170879,434731,12777,95179,4.02692763718552,0.17961351927685834
3137,0.3148,8,100,8,170979,434631,12785,95171,4.026001333876764,0.17963503346533233
3138,0.3149,4,156,4,171135,434475,12789,95167,4.024556300715106,0.17968174729345482
3139,0.315,14,153,14,171288,434322,12803,95153,4.0231390566527105,0.17971197884697104
3140,0.3151,32,230,32,171518,434092,12835,95121,4.021008559042573,0.17974048256562103
3141,0.3152,8,92,8,171610,434000,12843,95113,4.020156359998518,0.17975933307251948
3142,0.3153,11,56,11,171666,433944,12854,95102,4.019637630145615,0.179761306200217
3143,0.3154,5,34,5,171700,433910,12859,95097,4.019322687020638,0.1797651070779782
3144,0.3155,8,90,8,171790,433820,12867,95089,4.018489014042758,0.1797832897530577
3145,0.3156,16,160,16,171950,433660,12883,95073,4.017006928748749,0.17981287341626115
3146,0.3157,14,94,14,172044,433566,12897,95059,4.01613620363852,0.17982312603452352
3147,0.3158,4,46,4,172090,433520,12901,95055,4.015710104116492,0.17983256869886013
3148,0.3159,5,61,5,172151,433459,12906,95050,4.015145059098151,0.17984556554382233
3149,0.316,5,98,5,172249,433361,12911,95045,4.0142372818555705,0.1798711596764609
3150,0.3161,2,43,2,172292,433318,12913,95043,4.013838971432806,0.17988269384000713
3151,0.3162,10,113,10,172405,433205,12923,95033,4.012792248693913,0.1799056485902188
3152,0.3163,11,75,11,172480,433130,12934,95022,4.012097521212346,0.17991411563337828
3153,0.3164,9,115,9,172595,433015,12943,95013,4.011032272407277,0.17993932139962274
3154,0.3165,16,99,16,172694,432916,12959,94997,4.010115232131609,0.17994821116358187
3155,0.3166,4,18,4,172712,432898,12963,94993,4.009948497536033,0.1799481332320498
3156,0.3167,12,79,12,172791,432819,12975,94981,4.009216717922117,0.17995642288745736
3157,0.3168,8,134,8,172925,432685,12983,94973,4.007975471488384,0.1799896902918178
3158,0.3169,5,75,5,173000,432610,12988,94968,4.007280744006818,0.18000750599911292
3159,0.317,10,75,10,173075,432535,12998,94958,4.006586016525251,0.1800175547353235
3160,0.3171,9,56,9,173131,432479,13007,94949,4.006067286672348,0.18002267608090583
3161,0.3172,18,112,18,173243,432367,13025,94931,4.005029826966542,0.18003292255991868
3162,0.3173,10,110,10,173353,432257,13035,94921,4.004010893326911,0.18005493400710956
3163,0.3174,5,77,5,173430,432180,13040,94916,4.003297639779169,0.1800734591042239
3164,0.3175,6,64,6,173494,432116,13046,94910,4.0027048056615655,0.18008599196244587
3165,0.3176,11,142,11,173636,431974,13057,94899,4.0013894549631335,0.18011740969835235
3166,0.3177,15,202,15,173838,431772,13072,94884,3.9995183222794473,0.18016314254465912
3167,0.3178,1,41,1,173879,431731,13073,94883,3.9991385379228577,0.18017561249795866
3168,0.3179,16,206,16,174085,431525,13089,94867,3.997230353106821,0.1802212039696652
3169,0.318,10,75,10,174160,431450,13099,94857,3.996535625625255,0.18023130986287472
3170,0.3181,13,104,13,174264,431346,13112,94844,3.995572270184149,0.18024667895627056
3171,0.3182,9,76,9,174340,431270,13121,94835,3.994868279669495,0.18025869360678953
3172,0.3183,14,116,14,174456,431154,13135,94821,3.9937937678313387,0.18027662911735348
3173,0.3184,9,183,9,174639,430971,13144,94812,3.992098632776316,0.18032534334506822
3174,0.3185,10,91,10,174730,430880,13154,94802,3.9912556967653487,0.18034096659197005
3175,0.3186,15,132,15,174862,430748,13169,94787,3.9900329763977918,0.18036286831514553
3176,0.3187,10,88,10,174950,430660,13179,94777,3.989217829486087,0.18037747627213158
3177,0.3188,5,87,5,175037,430573,13184,94772,3.98841194560747,0.1803995469643758
3178,0.3189,5,50,5,175087,430523,13189,94767,3.987948793953092,0.18040891697919245
3179,0.319,6,143,6,175230,430380,13195,94761,3.986624180221572,0.18044867949750637
3180,0.3191,3,36,3,175266,430344,13198,94758,3.9862907110304198,0.18045636847698163
3181,0.3192,11,63,11,175329,430281,13209,94747,3.985707139945904,0.18046085161172357
3182,0.3193,11,107,11,175436,430174,13220,94736,3.984715995405536,0.1804804633175211
3183,0.3194,9,64,9,175500,430110,13229,94727,3.984123161287932,0.1804884183089226
3184,0.3195,5,63,5,175563,430047,13234,94722,3.9835395902034163,0.18050227814524106
3185,0.3196,13,159,13,175722,429888,13247,94709,3.982066767942495,0.18053667863140657
3186,0.3197,6,83,6,175805,429805,13253,94703,3.981297936196228,0.18055587331365774
3187,0.3198,5,56,5,175861,429749,13258,94698,3.980779206343325,0.18056734045575626
3188,0.3199,7,49,7,175910,429700,13265,94691,3.980325317722035,0.18057327452225533
3189,0.32,3,30,3,175940,429670,13268,94688,3.980047426729408,0.18057891745715712
3190,0.3201,3,36,3,175976,429634,13271,94685,3.9797139575382565,0.1805866276064762
3191,0.3202,5,38,5,176014,429596,13276,94680,3.979361962280929,0.18059190197529545
3192,0.3203,1,29,1,176043,429567,13277,94679,3.9790933343213903,0.18060032885324828
3193,0.3204,17,145,17,176188,429422,13294,94662,3.977750194523695,0.18062371680875586
3194,0.3205,15,72,15,176260,429350,13309,94647,3.977083256141391,0.18062507991457966
3195,0.3206,6,46,6,176306,429304,13315,94641,3.9766571566193636,0.18063155483877125
3196,0.3207,8,97,8,176403,429207,13323,94633,3.9757586424098705,0.1806524893097129
3197,0.3208,11,92,11,176495,429115,13334,94622,3.974906443365816,0.18066701416932546
3198,0.3209,14,94,14,176589,429021,13348,94608,3.9740357182555854,0.1806775407779172
3199,0.321,3,88,3,176677,428933,13351,94605,3.9732205713438806,0.18070321543039855
3200,0.3211,22,135,22,176812,428798,13373,94583,3.971970061877061,0.18071538706984014
3201,0.3212,4,37,4,176849,428761,13377,94579,3.9716273296528217,0.18072190163182636
3202,0.3213,10,64,10,176913,428697,13387,94569,3.971034495535218,0.18072834848814942
3203,0.3214,10,122,10,177035,428575,13397,94559,3.9699044054985366,0.18075483528120903
3204,0.3215,8,140,8,177175,428435,13405,94551,3.968607580866279,0.18079069038176931
3205,0.3216,10,130,10,177305,428305,13415,94541,3.967403386564897,0.1808199737590036
3206,0.3217,2,52,2,177357,428253,13417,94539,3.966921708844344,0.1808348253224992
3207,0.3218,12,107,12,177464,428146,13429,94527,3.9659305643039757,0.18085303813282874
3208,0.3219,10,79,10,177543,428067,13439,94517,3.9651987846900587,0.18086470309079497
3209,0.322,11,110,11,177653,427957,13450,94506,3.964179851050428,0.18088553639205074
3210,0.3221,5,47,5,177700,427910,13455,94501,3.963744488495313,0.18089397045621167
3211,0.3222,10,154,10,177854,427756,13465,94491,3.9623179813998295,0.18093162813764369
3212,0.3223,10,94,10,177948,427662,13475,94481,3.9614472562895995,0.1809485141043737
3213,0.3224,7,65,7,178013,427597,13482,94474,3.9608451591389082,0.1809600609878733
3214,0.3225,10,122,10,178135,427475,13492,94464,3.9597150691022267,0.18098666702430743
3215,0.3226,4,60,4,178195,427415,13496,94460,3.9591592871169734,0.18100119760479041
3216,0.3227,7,57,7,178252,427358,13503,94453,3.958631294230983,0.18100998254157155
3217,0.3228,3,35,3,178287,427323,13506,94450,3.9583070880729188,0.18101741561943605
3218,0.3229,11,73,11,178360,427250,13517,94439,3.957630886657527,0.18102547686456874
3219,0.323,5,74,5,178434,427176,13522,94434,3.9569454222090483,0.18104330821878414
3220,0.3231,18,155,18,178589,427021,13540,94416,3.9555096520804773,0.1810688539555114
3221,0.3232,6,37,6,178626,426984,13546,94410,3.9551669198562376,0.1810722793127654
3222,0.3233,4,76,4,178702,426908,13550,94406,3.9544629293415836,0.1810923934519311
3223,0.3234,7,45,7,178747,426863,13557,94399,3.9540460928526437,0.1810970299005107
3224,0.3235,5,53,5,178800,426810,13562,94394,3.9535551520990033,0.1811075893508108
3225,0.3236,13,126,13,178926,426684,13575,94381,3.9523880099299715,0.1811309529521269
3226,0.3237,3,22,3,178948,426662,13578,94378,3.952184223202045,0.18113388607400582
3227,0.3238,4,38,4,178986,426624,13582,94374,3.9518322279447182,0.18114081052134556
3228,0.3239,15,98,15,179084,426526,13597,94359,3.950924450702138,0.18115130979006883
3229,0.324,11,69,11,179153,426457,13608,94348,3.950285301419097,0.18115801499601578
3230,0.3241,7,66,7,179219,426391,13615,94341,3.949673941235318,0.18116996842905755
3231,0.3242,12,93,12,179312,426298,13627,94329,3.9488124791581756,0.1811834576385781
3232,0.3243,6,37,6,179349,426261,13633,94323,3.9484697469339363,0.18118689779171085
3233,0.3244,14,66,14,179415,426195,13647,94309,3.9478583867501573,0.1811878487004903
3234,0.3245,4,39,4,179454,426156,13651,94305,3.9474971284597427,0.18119513277651927
3235,0.3246,2,51,2,179505,426105,13653,94303,3.9470247137722776,0.1812097431246253
3236,0.3247,8,109,8,179614,425996,13661,94295,3.946015043165734,0.18123511650211133
3237,0.3248,2,67,2,179681,425929,13663,94293,3.945394419948868,0.181255310232939
3238,0.3249,6,69,6,179750,425860,13669,94287,3.944755270665827,0.1812699102369138
3239,0.325,10,59,10,179809,425801,13679,94277,3.9442087517136613,0.18127473186714302
3240,0.3251,8,77,8,179886,425724,13687,94269,3.9434954981659196,0.18128897889010046
3241,0.3252,8,75,8,179961,425649,13695,94261,3.942800770684353,0.18130253313073416
3242,0.3253,12,132,12,180093,425517,13707,94249,3.941578050316796,0.18132967527695154
3243,0.3254,11,85,11,180178,425432,13718,94238,3.9407906925043537,0.1813420055034926
3244,0.3255,6,82,6,180260,425350,13724,94232,3.940031123791174,0.18136117109522654
3245,0.3256,9,141,9,180401,425209,13733,94223,3.9387250361258292,0.18139621740670578
3246,0.3257,3,28,3,180429,425181,13736,94220,3.9384656711993777,0.18140126799909898
3247,0.3258,8,118,8,180547,425063,13744,94212,3.937372633295046,0.1814298781955611
3248,0.3259,9,86,9,180633,424977,13753,94203,3.9365760124495166,0.18144574136137756
3249,0.326,5,72,5,180705,424905,13758,94198,3.9359090740672125,0.18146302371590994
3250,0.3261,4,41,4,180746,424864,13762,94194,3.935529289710623,0.181471049478093
3251,0.3262,21,116,21,180862,424748,13783,94173,3.9344547778724666,0.18147849094563526
3252,0.3263,20,139,20,181001,424609,13803,94153,3.9331672162732967,0.18149556058462263
3253,0.3264,7,82,7,181083,424527,13810,94146,3.932407647560117,0.18151320774360724
3254,0.3265,9,80,9,181163,424447,13819,94137,3.931666604913113,0.18152700430402788
3255,0.3266,10,43,10,181206,424404,13829,94127,3.931268294490348,0.18152627326042223
3256,0.3267,15,117,15,181323,424287,13844,94112,3.930184519619104,0.18154356007631187
3257,0.3268,14,71,14,181394,424216,13858,94098,3.929526844269888,0.18154632134188928
3258,0.3269,9,53,9,181447,424163,13867,94089,3.9290359035162474,0.1815506741893905
3259,0.327,9,89,9,181536,424074,13876,94080,3.928211493571455,0.1815676420523628
3260,0.3271,7,57,7,181593,424017,13883,94073,3.9276835006854642,0.18157656005713294
3261,0.3272,8,80,8,181673,423937,13891,94065,3.92694245803846,0.18159196296539395
3262,0.3273,10,86,10,181759,423851,13901,94055,3.9261458371929305,0.18160631465941696
3263,0.3274,11,86,11,181845,423765,13912,94044,3.9253492163474006,0.18161909120930692
3264,0.3275,15,132,15,181977,423633,13927,94029,3.9241264959798436,0.18164168897852268
3265,0.3276,12,69,12,182046,423564,13939,94017,3.9234873466968025,0.1816469306253514
3266,0.3277,6,52,6,182098,423512,13945,94011,3.92300566897625,0.1816556945295185
3267,0.3278,4,48,4,182146,423464,13949,94007,3.922561043388047,0.18166621897652235
3268,0.3279,2,23,2,182169,423441,13951,94005,3.9223479936270333,0.1816711309006157
3269,0.328,16,117,16,182286,423324,13967,93989,3.9212642187557893,0.18168690908598856
3270,0.3281,8,70,8,182356,423254,13975,93981,3.9206158064396606,0.18169884095237174
3271,0.3282,14,55,14,182411,423199,13989,93967,3.9201063396198452,0.18169601249888817
3272,0.3283,8,111,8,182522,423088,13997,93959,3.9190781429471264,0.1817223579287763
3273,0.3284,7,84,7,182606,423004,14004,93952,3.918300048167772,0.1817408057939167
3274,0.3285,12,165,12,182771,422839,14016,93940,3.9167716477083254,0.1817798323848299
3275,0.3286,11,61,11,182832,422778,14027,93929,3.916206602689985,0.1817838736459928
3276,0.3287,8,89,8,182921,422689,14035,93921,3.9153821927451924,0.1818025202764174
3277,0.3288,7,53,7,182974,422636,14042,93914,3.914891251991552,0.18181008614848515
3278,0.3289,29,174,29,183148,422462,14071,93885,3.9132794842343177,0.1818254003606102
3279,0.329,6,86,6,183234,422376,14077,93879,3.912482863388788,0.18184618066653108
3280,0.3291,11,75,11,183309,422301,14088,93868,3.9117881359072215,0.18185516759045972
3281,0.3292,13,160,13,183469,422141,14101,93855,3.9103060506132126,0.18189094489104568
3282,0.3293,10,75,10,183544,422066,14111,93845,3.9096113231316463,0.18190152952737973
3283,0.3294,11,86,11,183630,421980,14122,93834,3.9088147022861164,0.18191441100861938
3284,0.3295,5,73,5,183703,421907,14127,93829,3.908138500870725,0.18193222889230148
3285,0.3296,9,72,9,183775,421835,14136,93820,3.9074715624884213,0.1819433535988209
3286,0.3297,9,53,9,183828,421782,14145,93811,3.906980621734781,0.18194777663777437
3287,0.3298,14,96,14,183924,421686,14159,93797,3.9060913705583755,0.18195944386138826
3288,0.3299,6,36,6,183960,421650,14165,93791,3.905757901367224,0.18196263005853242
3289,0.33,16,120,16,184080,421530,14181,93775,3.9046463373967173,0.18197960431200938
3290,0.3301,5,30,5,184110,421500,14186,93770,3.9043684464040904,0.18198226172686163
3291,0.3302,7,72,7,184182,421428,14193,93763,3.9037015080217867,0.18199657990919874
3292,0.3303,11,89,11,184271,421339,14204,93752,3.9028770980769942,0.1820105573578261
3293,0.3304,10,93,10,184364,421246,14214,93742,3.902015635999852,0.18202754238933722
3294,0.3305,9,75,9,184439,421171,14223,93733,3.901320908518285,0.18203975886767243
3295,0.3306,11,109,11,184548,421062,14234,93722,3.9003112379117417,0.18206082551128241
3296,0.3307,8,66,8,184614,420996,14242,93714,3.8996998777279632,0.1820714577140526
3297,0.3308,7,66,7,184680,420930,14249,93707,3.8990885175441847,0.1820836822847949
3298,0.3309,6,40,6,184720,420890,14255,93701,3.8987179962206824,0.18208829925125003
3299,0.331,8,73,8,184793,420817,14263,93693,3.898041794805291,0.18210141688208198
3300,0.3311,9,97,9,184890,420720,14272,93684,3.8971432805957984,0.18212144540089112
3301,0.3312,6,102,6,184992,420618,14278,93678,3.896198451220868,0.18214802370619254
3302,0.3313,3,49,3,185041,420569,14281,93675,3.8957445625995777,0.18216060858269614
3303,0.3314,20,102,20,185143,420467,14301,93655,3.894799733224647,0.18216493361497854
3304,0.3315,13,78,13,185221,420389,14314,93642,3.894077216643818,0.18217189235668665
3305,0.3316,16,98,16,185319,420291,14330,93626,3.8931694394012375,0.1821811693327911
3306,0.3317,9,62,9,185381,420229,14339,93617,3.8925951313498093,0.18218882700264283
3307,0.3318,7,77,7,185458,420152,14346,93610,3.8918818778020676,0.18220498985911765
3308,0.3319,16,160,16,185618,419992,14362,93594,3.8903997925080587,0.18223627591094774
3309,0.332,4,51,4,185669,419941,14366,93590,3.8899273778205936,0.18224800450216247
3310,0.3321,13,151,13,185820,419790,14379,93577,3.888528659824373,0.1822809023564039
3311,0.3322,5,84,5,185904,419706,14384,93572,3.8877505650450184,0.182302767700934
3312,0.3323,10,109,10,186013,419597,14394,93562,3.886740894438475,0.18232555601675116
3313,0.3324,9,45,9,186058,419552,14403,93553,3.886324057949535,0.1823272039835901
3314,0.3325,7,54,7,186112,419498,14410,93546,3.885823854162807,0.1823352383031475
3315,0.3326,5,60,5,186172,419438,14415,93541,3.8852680721775537,0.18234859516666374
3316,0.3327,1,32,1,186204,419406,14416,93540,3.884971655118752,0.18235837690517132
3317,0.3328,7,70,7,186274,419336,14423,93533,3.884323242802623,0.18237210671730988
3318,0.3329,12,112,12,186386,419224,14435,93521,3.883285783096817,0.18239280734088095
3319,0.333,2,40,2,186426,419184,14437,93519,3.882915261773315,0.18240384784173294
3320,0.3331,7,71,7,186497,419113,14444,93512,3.8822575864240987,0.1824179468422336
3321,0.3332,7,35,7,186532,419078,14451,93505,3.8819333802660343,0.18241923746983416
3322,0.3333,9,92,9,186624,418986,14460,93496,3.881081181221979,0.18243762707763395
3323,0.3334,21,128,21,186752,418858,14481,93475,3.8798955129867725,0.1824496958033154
3324,0.3335,8,68,8,186820,418790,14489,93467,3.8792656267368186,0.18246114743185549
3325,0.3336,12,129,12,186949,418661,14501,93455,3.8780706954685242,0.18248795194838668
3326,0.3337,8,108,8,187057,418553,14509,93447,3.8770702878950685,0.182513671875
3327,0.3338,17,207,17,187264,418346,14526,93430,3.8751528400459447,0.182560338898268
3328,0.3339,7,75,7,187339,418271,14533,93423,3.874458112564378,0.1825759145114072
3329,0.334,3,143,3,187482,418128,14536,93420,3.873133498832858,0.1826221586244106
3330,0.3341,13,165,13,187647,417963,14549,93407,3.8716050983734114,0.18266030467176408
3331,0.3342,7,73,7,187720,417890,14556,93400,3.87092889695802,0.18267519411684172
3332,0.3343,13,112,13,187832,417778,14569,93387,3.869891437252214,0.18269443330431465
3333,0.3344,11,100,11,187932,417678,14580,93376,3.8689651339434583,0.18271259005897617
3334,0.3345,11,64,11,187996,417614,14591,93365,3.868372299825855,0.18271788077396528
3335,0.3346,6,33,6,188029,417581,14597,93359,3.8680666197339657,0.18272008455004501
3336,0.3347,4,33,4,188062,417548,14601,93355,3.8677609396420762,0.18272548800848692
3337,0.3348,6,74,6,188136,417474,14607,93349,3.867075475193597,0.1827423588992665
3338,0.3349,12,53,12,188189,417421,14619,93337,3.866584534439957,0.18274212053457803
3339,0.335,7,75,7,188264,417346,14626,93330,3.8658898069583905,0.18275775638565353
3340,0.3351,6,52,6,188316,417294,14632,93324,3.8654081292378377,0.18276676497890793
3341,0.3352,11,68,11,188384,417226,14643,93313,3.864778242987884,0.18277350016355265
3342,0.3353,3,17,3,188401,417209,14646,93310,3.8646207714253955,0.18277478409226688
3343,0.3354,13,104,13,188505,417105,14659,93297,3.86365741598429,0.18279121163318326
3344,0.3355,4,59,4,188564,417046,14663,93293,3.8631108970321244,0.18280593879754437
3345,0.3356,5,47,5,188611,416999,14668,93288,3.862675534477009,0.18281476894375126
3346,0.3357,4,69,4,188680,416930,14672,93284,3.862036385193968,0.18283308572481352
3347,0.3358,8,101,8,188781,416829,14680,93276,3.8611008188521247,0.18285647072661512
3348,0.3359,12,142,12,188923,416687,14692,93264,3.8597854681536923,0.18288815984280843
3349,0.336,9,51,9,188974,416636,14701,93255,3.8593130534662268,0.18289202986520647
3350,0.3361,15,91,15,189065,416545,14716,93240,3.8584701174552594,0.18290063458124503
3351,0.3362,9,77,9,189142,416468,14725,93231,3.8577568639075177,0.18291383738245515
3352,0.3363,7,95,7,189237,416373,14732,93224,3.8568768757642,0.18293671273575002
3353,0.3364,7,64,7,189301,416309,14739,93217,3.856284041646597,0.1829484658290254
3354,0.3365,20,103,20,189404,416206,14759,93197,3.8553299492385786,0.18295337875905718
3355,0.3366,11,61,11,189465,416145,14770,93186,3.8547649042202377,0.1829576444394706
3356,0.3367,3,74,3,189539,416071,14773,93183,3.854079439771759,0.1829794169510696
3357,0.3368,15,106,15,189645,415965,14788,93168,3.853097558264478,0.18299344179222324
3358,0.3369,5,51,5,189696,415914,14793,93163,3.8526251435770127,0.18300374992388185
3359,0.337,14,98,14,189794,415816,14807,93149,3.8517173663344324,0.1830165139056713
3360,0.3371,12,75,12,189869,415741,14819,93137,3.851022638852866,0.18302422191566545
3361,0.3372,6,97,6,189966,415644,14825,93131,3.850124124643373,0.18304948159795587
3362,0.3373,7,94,7,190060,415550,14832,93124,3.849253399533143,0.18307206580245894
3363,0.3374,20,120,20,190180,415430,14852,93104,3.8481418355626364,0.18308313701738724
3364,0.3375,16,91,16,190271,415339,14868,93088,3.847298899551669,0.18309019780617472
3365,0.3376,5,50,5,190321,415289,14873,93083,3.8468357478972917,0.18310017074111085
3366,0.3377,5,51,5,190372,415238,14878,93078,3.846363333209826,0.18311050606315757
3367,0.3378,3,77,3,190449,415161,14881,93075,3.8456500796620845,0.18313342620357473
3368,0.3379,8,93,8,190542,415068,14889,93067,3.844788617584942,0.1831540830684759
3369,0.338,6,52,6,190594,415016,14895,93061,3.844306939864389,0.18316318195864012
3370,0.3381,4,62,4,190656,414954,14899,93057,3.8437326318129608,0.18317910438947188
3371,0.3382,7,52,7,190708,414902,14906,93050,3.843250954092408,0.18318660030869058
3372,0.3383,17,134,17,190842,414768,14923,93033,3.8420097076586757,0.1832075951012306
3373,0.3384,12,112,12,190954,414656,14935,93021,3.8409722479528696,0.18322870644130027
3374,0.3385,5,52,5,191006,414604,14940,93016,3.840490570232317,0.1832394310704858
3375,0.3386,7,57,7,191063,414547,14947,93009,3.839962577346326,0.1832487449660727
3376,0.3387,13,109,13,191172,414438,14960,92996,3.8389529067397827,0.18326718351549168
3377,0.3388,14,45,14,191217,414393,14974,92982,3.838536070250843,0.1832609016999261
3378,0.3389,6,52,6,191269,414341,14980,92976,3.83805439253029,0.18327002643317689
3379,0.339,6,58,6,191327,414283,14986,92970,3.837517136611212,0.18328132115532092
3380,0.3391,8,73,8,191400,414210,14994,92962,3.8368409351958204,0.1832948191146199
3381,0.3392,6,74,6,191474,414136,15000,92956,3.8361554707473413,0.18331190395431204
3382,0.3393,10,82,10,191556,414054,15010,92946,3.835395902034162,0.18332544378698226
3383,0.3394,14,145,14,191701,413909,15024,92932,3.8340527622364666,0.18335533234288465
3384,0.3395,5,67,5,191768,413842,15029,92927,3.8334321390196004,0.1833715164108302
3385,0.3396,14,81,14,191849,413761,15043,92913,3.8326818333395085,0.18337826689350548
3386,0.3397,1,24,1,191873,413737,15044,92912,3.8324595205454073,0.18338534172573123
3387,0.3398,10,108,10,191981,413629,15054,92902,3.8314591129719515,0.1834083205174017
3388,0.3399,9,99,9,192080,413530,15063,92893,3.8305420726962836,0.18342966255482077
3389,0.34,16,124,16,192204,413406,15079,92877,3.829393456593427,0.18344878259787512
3390,0.3401,11,64,11,192268,413342,15090,92866,3.8288006224758235,0.18345423225235477
3391,0.3402,9,48,9,192316,413294,15099,92857,3.828355996887621,0.18345711062509015
3392,0.3403,8,94,8,192410,413200,15107,92849,3.8274852717773906,0.1834782797713265
3393,0.3404,2,41,2,192451,413159,15109,92847,3.827105487420801,0.1834899190918685
3394,0.3405,10,52,10,192503,413107,15119,92837,3.8266238097002483,0.1834926395016049
3395,0.3406,8,63,8,192566,413044,15127,92829,3.8260402386157324,0.18350257871046685
3396,0.3407,11,68,11,192634,412976,15138,92818,3.8254103523657785,0.1835094920066272
3397,0.3408,11,94,11,192728,412882,15149,92807,3.8245396272555485,0.1835258429588146
3398,0.3409,2,56,2,192784,412826,15151,92805,3.8240208974026455,0.1835429394162937
3399,0.341,16,119,16,192903,412707,15167,92789,3.8229185964652266,0.1835603051260544
3400,0.3411,11,103,11,193006,412604,15178,92778,3.8219645040572083,0.18357994546699327
3401,0.3412,7,60,7,193066,412544,15185,92771,3.821408722071955,0.18359043368987663
3402,0.3413,8,80,8,193146,412464,15193,92763,3.820667679424951,0.1836065768456555
3403,0.3414,9,63,9,193209,412401,15202,92754,3.820084108340435,0.18361493007096832
3404,0.3415,4,66,4,193275,412335,15206,92750,3.8194727481566564,0.1836324579031252
3405,0.3416,6,54,6,193329,412281,15212,92744,3.8189725443699283,0.18364239394089402
3406,0.3417,12,39,12,193368,412242,15224,92732,3.818611286079514,0.18363717735962642
3407,0.3418,7,74,7,193442,412168,15231,92725,3.817925821631035,0.18365277395408533
3408,0.3419,12,97,12,193539,412071,15243,92713,3.817027307421542,0.18366865827759993
3409,0.342,11,48,11,193587,412023,15254,92702,3.8165826818333395,0.1836683342414186
3410,0.3421,5,55,5,193642,411968,15259,92697,3.816073215013524,0.18368026314485847
3411,0.3422,10,118,10,193760,411850,15269,92687,3.8149801771091925,0.18370704229818627
3412,0.3423,10,48,10,193808,411802,15279,92677,3.81453555152099,0.18370834068415137
3413,0.3424,3,59,3,193867,411743,15282,92674,3.8139890325688244,0.18372497358336456
3414,0.3425,4,90,4,193957,411653,15286,92670,3.8131553595909446,0.18375128637797603
3415,0.3426,3,34,3,193991,411619,15289,92667,3.8128404164659675,0.18375881940010233
3416,0.3427,7,105,7,194096,411514,15296,92660,3.8118677979917743,0.18378575650469878
3417,0.3428,6,88,6,194184,411426,15302,92654,3.8110526510800695,0.18380812569433425
3418,0.3429,4,47,4,194231,411379,15306,92650,3.8106172885249547,0.18381878820464695
3419,0.343,29,163,29,194394,411216,15335,92621,3.809107414131683,0.18383127876674402
3420,0.3431,21,164,21,194558,411052,15356,92600,3.8075882767053244,0.18385710768546537
3421,0.3432,8,76,8,194634,410976,15364,92592,3.8068842861906704,0.1838718901915928
3422,0.3433,4,74,4,194708,410902,15368,92588,3.8061988217421914,0.18389243083278714
3423,0.3434,7,73,7,194781,410829,15375,92581,3.8055226203268,0.1839077491507916
3424,0.3435,10,83,10,194864,410746,15385,92571,3.8047537885805327,0.18392186236507013
3425,0.3436,11,92,11,194956,410654,15396,92560,3.8039015895364776,0.18393764879355504
3426,0.3437,6,70,6,195026,410584,15402,92554,3.803253177220349,0.18395350778514047
3427,0.3438,17,144,17,195170,410440,15419,92537,3.8019193004557414,0.183978591466409
3428,0.3439,6,81,6,195251,410359,15425,92531,3.8011689947756495,0.18399848873511107
3429,0.344,5,52,5,195303,410307,15430,92526,3.8006873170550963,0.18400940272416488
3430,0.3441,8,142,8,195445,410165,15438,92518,3.799371966356664,0.18404839630542508
3431,0.3442,9,101,9,195546,410064,15447,92509,3.798436400014821,0.1840707718082746
3432,0.3443,18,87,18,195633,409977,15465,92491,3.797630516136204,0.18407341363032073
3433,0.3444,5,36,5,195669,409941,15470,92486,3.7972970469450518,0.1840784830433078
3434,0.3445,13,100,13,195769,409841,15483,92473,3.796370743636296,0.18409401290826058
3435,0.3446,5,45,5,195814,409796,15488,92468,3.7959539071473563,0.1841023844034213
3436,0.3447,6,107,6,195921,409689,15494,92462,3.794962762606988,0.18413186471798323
3437,0.3448,1,30,1,195951,409659,15495,92461,3.7946848716143613,0.18414124113757668
3438,0.3449,15,72,15,196023,409587,15510,92446,3.7940179332320576,0.1841432734501517
3439,0.345,10,125,10,196148,409462,15520,92436,3.792860054096113,0.1841728797484748
3440,0.3451,5,51,5,196199,409411,15525,92431,3.792387639408648,0.1841834681035067
3441,0.3452,2,56,2,196255,409355,15527,92429,3.791868909555745,0.18420077164676435
3442,0.3453,13,133,13,196388,409222,15540,92416,3.7906369261551003,0.18422846754033786
3443,0.3454,8,69,8,196457,409153,15548,92408,3.789997776872059,0.18424080022170783
3444,0.3455,9,108,9,196565,409045,15557,92399,3.788997369298603,0.18426584025334833
3445,0.3456,20,118,20,196683,408927,15577,92379,3.7879043313942717,0.18427666933968476
3446,0.3457,5,37,5,196720,408890,15582,92374,3.7875615991700324,0.18428213476331834
3447,0.3458,7,84,7,196804,408806,15589,92367,3.786783504390678,0.18430162837982095
3448,0.3459,10,133,10,196937,408673,15599,92357,3.785551520990033,0.18433427140091413
3449,0.346,6,52,6,196989,408621,15605,92351,3.78506984326948,0.18434363597167108
3450,0.3461,6,74,6,197063,408547,15611,92345,3.784384378821001,0.18436109979796045
3451,0.3462,14,134,14,197197,408413,15625,92331,3.783143132387269,0.1843876312047673
3452,0.3463,20,121,20,197318,408292,15645,92311,3.782022305383675,0.1843996140654371
3453,0.3464,10,88,10,197406,408204,15655,92301,3.78120715847197,0.18441574010249648
3454,0.3465,13,122,13,197528,408082,15668,92288,3.7800770684352885,0.18443951475907827
3455,0.3466,25,193,25,197721,407889,15693,92263,3.7782893030493905,0.18446992114397223
3456,0.3467,20,91,20,197812,407798,15713,92243,3.777446367038423,0.18447087338838214
3457,0.3468,14,113,14,197925,407685,15727,92229,3.7763996442995293,0.18448973223394424
3458,0.3469,2,56,2,197981,407629,15729,92227,3.7758809144466263,0.18450713805576005
3459,0.347,10,99,10,198080,407530,15739,92217,3.7749638741709584,0.18452737084964993
3460,0.3471,6,82,6,198162,407448,15745,92211,3.774204305457779,0.1845478616416396
3461,0.3472,8,85,8,198247,407363,15753,92203,3.773416947645337,0.18456620346460728
3462,0.3473,8,101,8,198348,407262,15761,92195,3.772481381303494,0.18459046524525635
3463,0.3474,9,91,9,198439,407171,15770,92186,3.7716384452925267,0.1846094076983
3464,0.3475,9,99,9,198538,407072,15779,92177,3.7707214050168587,0.18463131623698795
3465,0.3476,6,101,6,198639,406971,15785,92171,3.769785838675016,0.18465887462886313
3466,0.3477,10,44,10,198683,406927,15795,92161,3.769378265219163,0.18465881768345463
3467,0.3478,14,111,14,198794,406816,15809,92147,3.768350068546445,0.1846770201397699
3468,0.3479,7,67,7,198861,406749,15816,92140,3.7677294453295787,0.18469038202886814
3469,0.348,9,54,9,198915,406695,15825,92131,3.767229241542851,0.18469566542241184
3470,0.3481,10,72,10,198987,406623,15835,92121,3.766562303160547,0.18470598142534045
3471,0.3482,7,21,7,199008,406602,15842,92114,3.766367779465708,0.18470231554632296
3472,0.3483,4,90,4,199098,406512,15846,92110,3.7655341064878285,0.18472911343663134
3473,0.3484,16,79,16,199177,406433,15862,92094,3.7648023268739115,0.18473222112342963
3474,0.3485,17,208,17,199385,406225,15879,92077,3.7628756159917005,0.1847815180352477
3475,0.3486,14,82,14,199467,406143,15893,92063,3.762116047278521,0.1847890230145763
3476,0.3487,13,127,13,199594,406016,15906,92050,3.7609396420764014,0.1848148638935402
3477,0.3488,11,155,11,199749,405861,15917,92039,3.7595038719478304,0.18485438843141194
3478,0.3489,15,163,15,199912,405698,15932,92024,3.7579939975545593,0.18489036048235763
3479,0.349,8,64,8,199976,405634,15940,92016,3.7574011634369557,0.18490103486386014
3480,0.3491,8,49,8,200025,405585,15948,92008,3.7569472748156656,0.18490613814904952
3481,0.3492,5,71,5,200096,405514,15953,92003,3.756289599466449,0.184924334243855
3482,0.3493,6,42,6,200138,405472,15959,91997,3.755900552076772,0.18493011624844966
3483,0.3494,7,93,7,200231,405379,15966,91990,3.7550390899996295,0.18495322386397223
3484,0.3495,13,56,13,200287,405323,15979,91977,3.7545203601467265,0.18495274482203902
3485,0.3496,10,101,10,200388,405222,15989,91967,3.7535847938048836,0.18497392339733984
3486,0.3497,5,94,5,200482,405128,15994,91962,3.752714068694653,0.1850007040978495
3487,0.3498,20,174,20,200656,404954,16014,91942,3.751102300937419,0.18503268289541475
3488,0.3499,18,159,18,200815,404795,16032,91924,3.7496294786764977,0.18506237933318437
3489,0.35,10,67,10,200882,404728,16042,91914,3.749008855459632,0.18507093640892233
3490,0.3501,3,53,3,200935,404675,16045,91911,3.7485179147059915,0.18508576560756848
3491,0.3502,9,38,9,200973,404637,16054,91902,3.748165919448664,0.18508515947387819
3492,0.3503,8,101,8,201074,404536,16062,91894,3.747230353106821,0.18510968313760248
3493,0.3504,7,38,7,201112,404498,16069,91887,3.746878357849494,0.18511236238000744
3494,0.3505,15,140,15,201252,404358,16084,91872,3.7455815332172366,0.18513995526268062
3495,0.3506,11,83,11,201335,404275,16095,91861,3.74481270147097,0.18515286131222083
3496,0.3507,12,62,12,201397,404213,16107,91849,3.744238393419541,0.18515629094750252
3497,0.3508,21,186,21,201583,404027,16128,91828,3.742515469265256,0.1851912353409767
3498,0.3509,7,86,7,201669,403941,16135,91821,3.7417188484197266,0.18521185568881843
3499,0.351,4,37,4,201706,403904,16139,91817,3.7413761161954873,0.18521910510145828
3500,0.3511,6,71,6,201777,403833,16145,91811,3.740718440846271,0.18523577406364244
3501,0.3512,15,137,15,201914,403696,16160,91796,3.739449405313276,0.18526232512331178
3502,0.3513,10,84,10,201998,403612,16170,91786,3.7386713105339213,0.18527729219738473
3503,0.3514,3,53,3,202051,403559,16173,91783,3.738180369780281,0.1852921819672065
3504,0.3515,21,205,21,202256,403354,16194,91762,3.736281447997332,0.18533434589065997
3505,0.3516,11,65,11,202321,403289,16205,91751,3.7356793508466413,0.18534057853910796
3506,0.3517,2,40,2,202361,403249,16207,91749,3.735308829523139,0.1853522640495517
3507,0.3518,3,102,3,202463,403147,16210,91746,3.7343640001482084,0.1853855277807526
3508,0.3519,5,35,5,202498,403112,16215,91741,3.734039793990144,0.18539040886889643
3509,0.352,5,35,5,202533,403077,16220,91736,3.7337155878320796,0.1853952907462011
3510,0.3521,7,44,7,202577,403033,16227,91729,3.7333080143762274,0.1854002530509619
3511,0.3522,12,75,12,202652,402958,16239,91717,3.7326132868946607,0.18540860160711578
3512,0.3523,12,78,12,202730,402880,16251,91705,3.7318907703138318,0.1854180777823832
3513,0.3524,14,146,14,202876,402734,16265,91691,3.7305383674830486,0.1854497648783941
3514,0.3525,8,119,8,202995,402615,16273,91683,3.7294360665456296,0.1854812279232366
3515,0.3526,3,54,3,203049,402561,16276,91680,3.728935862758902,0.18549654925431117
3516,0.3527,4,30,4,203079,402531,16280,91676,3.728657971766275,0.18550121710133607
3517,0.3528,11,147,11,203226,402384,16291,91665,3.7272963059024047,0.18553827656770888
3518,0.3529,6,46,6,203272,402338,16297,91659,3.726870206380377,0.18554566120846888
3519,0.353,2,56,2,203328,402282,16299,91657,3.726351476527474,0.18556339952909165
3520,0.3531,8,90,8,203418,402192,16307,91649,3.7255178035495944,0.1855840240077272
3521,0.3532,6,104,6,203522,402088,16313,91643,3.7245544481084885,0.18561321853397902
3522,0.3533,2,35,2,203557,402053,16315,91641,3.724230241950424,0.18562307826305363
3523,0.3534,17,155,17,203712,401898,16332,91624,3.7227944718218535,0.1856533244718574
3524,0.3535,13,82,13,203794,401816,16345,91611,3.722034903108674,0.1856627221453224
3525,0.3536,7,82,7,203876,401734,16352,91604,3.7212753343954943,0.18568202733217387
3526,0.3537,6,79,6,203955,401655,16358,91598,3.7205435547815777,0.18570186091113486
3527,0.3538,10,54,10,204009,401601,16368,91588,3.7200433509948496,0.1857056828112549
3528,0.3539,21,176,21,204185,401425,16389,91567,3.71841305717144,0.18573729391146307
3529,0.354,3,32,3,204217,401393,16392,91564,3.7181166401126386,0.185744395555799
3530,0.3541,14,102,14,204319,401291,16406,91550,3.717171810737708,0.18575970749186857
3531,0.3542,14,102,14,204421,401189,16420,91536,3.7162269813627775,0.18577502663757675
3532,0.3543,7,96,7,204517,401093,16427,91529,3.715337730186372,0.1857996597797094
3533,0.3544,11,68,11,204585,401025,16438,91518,3.7147078439364187,0.18580712749952796
3534,0.3545,5,35,5,204620,400990,16443,91513,3.7143836377783543,0.1858120661193942
3535,0.3546,17,104,17,204724,400886,16460,91496,3.7134202823372484,0.18582320231040128
3536,0.3547,12,103,12,204827,400783,16472,91484,3.7124661899292306,0.18584223602232122
3537,0.3548,16,132,16,204959,400651,16488,91468,3.711243469561673,0.1858656138047911
3538,0.3549,8,81,8,205040,400570,16496,91460,3.7104931638815812,0.18588297461536898
3539,0.355,16,98,16,205138,400472,16512,91444,3.709585386639001,0.18589352653705105
3540,0.3551,31,179,31,205317,400293,16543,91413,3.7079273037163287,0.18590987297287404
3541,0.3552,5,52,5,205369,400241,16548,91408,3.707445625995776,0.1859212568316014
3542,0.3553,10,67,10,205436,400174,16558,91398,3.70682500277891,0.18593003669859146
3543,0.3554,10,56,10,205492,400118,16568,91388,3.706306272926007,0.18593465796958736
3544,0.3555,2,46,2,205538,400072,16570,91386,3.7058801734039792,0.18594874841797265
3545,0.3556,30,200,30,205738,399872,16600,91356,3.7040275667864684,0.1859747408535344
3546,0.3557,5,48,5,205786,399824,16605,91351,3.703582941198266,0.1859846286964931
3547,0.3558,7,63,7,205849,399761,16612,91344,3.70299937011375,0.18599688457661803
3548,0.3559,5,104,5,205953,399657,16617,91339,3.7020360146726445,0.1860279920814019
3549,0.356,15,130,15,206083,399527,16632,91324,3.7008318203712625,0.18605238656944775
3550,0.3561,15,66,15,206149,399461,16647,91309,3.700220460187484,0.1860525296982293
3551,0.3562,14,126,14,206275,399335,16661,91295,3.699053318018452,0.18607708456474328
3552,0.3563,11,113,11,206388,399222,16672,91284,3.6980065952795584,0.18610169906178517
3553,0.3564,7,56,7,206444,399166,16679,91277,3.6974878654266554,0.18611133199984503
3554,0.3565,17,181,17,206625,398985,16696,91260,3.695811256437808,0.18615182204815958
3555,0.3566,7,67,7,206692,398918,16703,91253,3.6951906332209417,0.18616564423435902
3556,0.3567,10,50,10,206742,398868,16713,91243,3.6947274815665643,0.1861680313235165
3557,0.3568,4,77,4,206819,398791,16717,91239,3.6940142280188226,0.1861906413893027
3558,0.3569,13,90,13,206909,398701,16730,91226,3.6931805550409424,0.18620325068836785
3559,0.357,5,81,5,206990,398620,16735,91221,3.6924302493608505,0.18622573447302287
3560,0.3571,11,71,11,207061,398549,16746,91210,3.6917725740116345,0.1862344540886436
3561,0.3572,1,29,1,207090,398520,16747,91209,3.6915039460520953,0.18624382056198427
3562,0.3573,10,146,10,207236,398374,16757,91199,3.6901515432213126,0.18628274026549665
3563,0.3574,8,115,8,207351,398259,16765,91191,3.6890862944162435,0.18631320870364695
3564,0.3575,17,148,17,207499,398111,16782,91174,3.687715365519286,0.18634129392889626
3565,0.3576,4,42,4,207541,398069,16786,91170,3.6873263181296085,0.1863506384405168
3566,0.3577,12,72,12,207613,397997,16798,91158,3.6866593797473044,0.1863581073483865
3567,0.3578,15,99,15,207712,397898,16813,91143,3.6857423394716364,0.18637087687944365
3568,0.3579,12,111,12,207823,397787,16825,91131,3.684714142798918,0.18639321931285
3569,0.358,9,55,9,207878,397732,16834,91122,3.6842046759791027,0.18639921121643682
3570,0.3581,10,91,10,207969,397641,16844,91112,3.6833617399681353,0.18641727007302256
3571,0.3582,12,75,12,208044,397566,16856,91100,3.6826670124865686,0.18642590235457346
3572,0.3583,4,55,4,208099,397511,16860,91096,3.6821575456667532,0.18644022701271165
3573,0.3584,15,101,15,208200,397410,16875,91081,3.6812219793249104,0.1864537934168695
3574,0.3585,18,212,18,208412,397198,16893,91063,3.6792582163103487,0.18650475872535385
3575,0.3586,13,119,13,208531,397079,16906,91050,3.6781559153729297,0.1865285610975787
3576,0.3587,14,72,14,208603,397007,16920,91036,3.6774889769906256,0.1865327440409964
3577,0.3588,8,73,8,208676,396934,16928,91028,3.6768127755752342,0.18654731311044712
3578,0.3589,18,74,18,208750,396860,16946,91010,3.676127311126755,0.18654559616291225
3579,0.359,8,120,8,208870,396740,16954,91002,3.675015747156249,0.18657814992352514
3580,0.3591,7,31,7,208901,396709,16961,90995,3.6747285931305345,0.18657833439955382
3581,0.3592,8,85,8,208986,396624,16969,90987,3.6739412353180927,0.18659751318161402
3582,0.3593,3,24,3,209010,396600,16972,90984,3.6737189225239915,0.18660169324670212
3583,0.3594,9,144,9,209154,396456,16981,90975,3.6723850457593836,0.1866418016088431
3584,0.3595,7,99,7,209253,396357,16988,90968,3.6714680054837157,0.18666803467911558
3585,0.3596,18,115,18,209368,396242,17006,90950,3.670402756678647,0.1866820473242582
3586,0.3597,9,86,9,209454,396156,17015,90941,3.669606135833117,0.1866999796755061
3587,0.3598,5,117,5,209571,396039,17020,90936,3.6685223609618736,0.18673648544586477
3588,0.3599,9,96,9,209667,395943,17029,90927,3.667633109785468,0.18675827222872635
3589,0.36,11,62,11,209729,395881,17040,90916,3.66705880173404,0.18676368178111205
3590,0.3601,11,104,11,209833,395777,17051,90905,3.666095446292934,0.18678521087691757
3591,0.3602,7,55,7,209888,395722,17058,90898,3.6655859794731187,0.186794624142041
3592,0.3603,4,23,4,209911,395699,17062,90894,3.6653729297121047,0.18679676855195204
3593,0.3604,2,64,2,209975,395635,17064,90892,3.6647800955945016,0.18681799776785254
3594,0.3605,7,71,7,210046,395564,17071,90885,3.664122420245285,0.18683356323067782
3595,0.3606,7,75,7,210121,395489,17078,90878,3.6634276927637184,0.1868506703785413
3596,0.3607,22,150,22,210271,395339,17100,90856,3.6620382378005853,0.18687152274293237
3597,0.3608,11,80,11,210351,395259,17111,90845,3.661297195153581,0.18688387670128204
3598,0.3609,3,69,3,210420,395190,17114,90842,3.66065804587054,0.18690538894558384
3599,0.361,16,178,16,210598,395012,17130,90826,3.659009225980955,0.18694708935900445
3600,0.3611,6,116,6,210714,394896,17136,90820,3.657934714142799,0.1869816930057894
3601,0.3612,17,133,17,210847,394763,17153,90803,3.656702730742154,0.1870044442979945
3602,0.3613,4,69,4,210916,394694,17157,90799,3.656063581459113,0.18702432372866343
3603,0.3614,11,76,11,210992,394618,17168,90788,3.655359590944459,0.18703518291904098
3604,0.3615,8,47,8,211039,394571,17176,90780,3.6549242283893437,0.1870398948389928
3605,0.3616,9,74,9,211113,394497,17185,90771,3.6542387639408647,0.1870533395979129
3606,0.3617,14,116,14,211229,394381,17199,90757,3.6531642521027083,0.18707460557614533
3607,0.3618,11,118,11,211347,394263,17210,90746,3.652071214198377,0.18710168264918794
3608,0.3619,9,96,9,211443,394167,17219,90737,3.6511819630219717,0.1871236368435814
3609,0.362,12,135,12,211578,394032,17231,90725,3.649931453555152,0.1871556264272615
3610,0.3621,11,76,11,211654,393956,17242,90714,3.649227463040498,0.18716652567726494
3611,0.3622,19,92,19,211746,393864,17261,90695,3.648375263996443,0.18717018980144834
3612,0.3623,9,92,9,211838,393772,17270,90686,3.647523064952388,0.18719063365658117
3613,0.3624,4,40,4,211878,393732,17274,90682,3.6471525436288856,0.1871993790435454
3614,0.3625,5,107,5,211985,393625,17279,90677,3.6461613990885176,0.18723234675884057
3615,0.3626,2,26,2,212011,393599,17281,90675,3.645920560228241,0.1872390423603167
3616,0.3627,10,78,10,212089,393521,17291,90665,3.645198043647412,0.1872524195247281
3617,0.3628,16,120,16,212209,393401,17307,90649,3.6440864796769055,0.18727197603553353
3618,0.3629,3,30,3,212239,393371,17310,90646,3.6438085886842786,0.18727854600148341
3619,0.363,13,117,13,212356,393254,17323,90633,3.642724813813035,0.1873019940605968
3620,0.3631,15,60,15,212416,393194,17338,90618,3.6421690318277817,0.1873000256297901
3621,0.3632,13,137,13,212553,393057,17351,90605,3.6408999962947868,0.18733123544954947
3622,0.3633,8,56,8,212609,393001,17359,90597,3.6403812664418838,0.1873394844478265
3623,0.3634,11,109,11,212718,392892,17370,90586,3.6393715958353403,0.18736323059167118
3624,0.3635,8,68,8,212786,392824,17378,90578,3.6387417095853865,0.18737613828656066
3625,0.3636,8,99,8,212885,392725,17386,90570,3.637824669309719,0.18740106974001386
3626,0.3637,8,58,8,212943,392667,17394,90562,3.6372874133906405,0.18741010990648327
3627,0.3638,23,173,23,213116,392494,17417,90539,3.635684908666494,0.18743853939585908
3628,0.3639,12,88,12,213204,392406,17429,90527,3.634869761754789,0.187452503763462
3629,0.364,12,83,12,213287,392323,17441,90515,3.634100930008522,0.18746453261756532
3630,0.3641,16,90,16,213377,392233,17457,90499,3.633267257030642,0.1874725520578706
3631,0.3642,7,75,7,213452,392158,17464,90492,3.6325725295490754,0.18748989951310474
3632,0.3643,8,57,8,213509,392101,17472,90484,3.632044536663085,0.1874985753805029
3633,0.3644,10,95,10,213604,392006,17482,90474,3.6311645485197674,0.1875186536229481
3634,0.3645,24,183,24,213787,391823,17506,90450,3.629469413464745,0.18754937556114482
3635,0.3646,8,68,8,213855,391755,17514,90442,3.628839527214791,0.187562344850756
3636,0.3647,5,53,5,213908,391702,17519,90437,3.6283485864611507,0.18757453763333812
3637,0.3648,16,127,16,214035,391575,17535,90421,3.6271721812590316,0.18759699250616188
3638,0.3649,5,43,5,214078,391532,17540,90416,3.6267738708362667,0.18760530181679352
3639,0.365,8,84,8,214162,391448,17548,90408,3.625995776056912,0.18762451852835701
3640,0.3651,11,130,11,214292,391318,17559,90397,3.62479158175553,0.18765660193267802
3641,0.3652,9,103,9,214395,391215,17568,90388,3.623837489347512,0.18768155513981433
3642,0.3653,23,121,23,214516,391094,17591,90365,3.622716662343918,0.1876899175215335
3643,0.3654,13,70,13,214586,391024,17604,90352,3.622068250027789,0.18769527354915908
3644,0.3655,15,177,15,214763,390847,17619,90337,3.620428693171292,0.1877389938152557
3645,0.3656,14,98,14,214861,390749,17633,90323,3.6195209159287116,0.18775360029267968
3646,0.3657,7,73,7,214934,390676,17640,90316,3.6188447145133202,0.18777027476548466
3647,0.3658,5,76,5,215010,390600,17645,90311,3.6181407239986663,0.1877915040412883
3648,0.3659,12,105,12,215115,390495,17657,90299,3.617168105524473,0.1878122439131936
3649,0.366,6,57,6,215172,390438,17663,90293,3.6166401126384824,0.18782437579436317
3650,0.3661,25,191,25,215363,390247,17688,90268,3.6148708733187593,0.18785677866455783
3651,0.3662,16,178,16,215541,390069,17704,90252,3.613222053429175,0.18789934231482697
3652,0.3663,4,72,4,215613,389997,17708,90248,3.612555115046871,0.1879207487844746
3653,0.3664,4,84,4,215697,389913,17712,90244,3.6117770202675166,0.1879468590481863
3654,0.3665,13,93,13,215790,389820,17725,90231,3.610915558190374,0.18796127911409413
3655,0.3666,13,77,13,215867,389743,17738,90218,3.610202304642632,0.18796943918360035
3656,0.3667,14,123,14,215990,389620,17752,90204,3.609062951572863,0.18799393110807297
3657,0.3668,4,57,4,216047,389563,17756,90200,3.6085349586868722,0.1880094963554922
3658,0.3669,6,94,6,216141,389469,17762,90194,3.6076642335766422,0.18803618373733225
3659,0.367,11,56,11,216197,389413,17773,90183,3.607145503723739,0.18803951659313256
3660,0.3671,2,45,2,216242,389368,17775,90181,3.6067286672347993,0.18805377552658853
3661,0.3672,4,43,4,216285,389325,17779,90177,3.6063303568120344,0.18806386626124605
3662,0.3673,19,89,19,216374,389236,17798,90158,3.6055059468672424,0.1880666007501137
3663,0.3674,2,40,2,216414,389196,17800,90156,3.60513542554374,0.18807890652380713
3664,0.3675,5,38,5,216452,389158,17805,90151,3.604783430286413,0.18808534786536452
3665,0.3676,18,124,18,216576,389034,17823,90133,3.603634814183556,0.1881035213192895
3666,0.3677,12,86,12,216662,388948,17835,90121,3.6028381933380267,0.18811695183783547
3667,0.3678,7,47,7,216709,388901,17842,90114,3.6024028307829115,0.18812354519169547
3668,0.3679,8,47,8,216756,388854,17850,90106,3.6019674682277967,0.18812844496408887
3669,0.368,12,148,12,216904,388706,17862,90094,3.6005965393308386,0.18816624895572265
3670,0.3681,21,126,21,217030,388580,17883,90073,3.5994293971618068,0.18818016391832915
3671,0.3682,23,133,23,217163,388447,17906,90050,3.598197413761162,0.18819344739883426
3672,0.3683,7,45,7,217208,388402,17913,90043,3.5977805772722222,0.18819927055356414
3673,0.3684,16,114,16,217322,388288,17929,90027,3.596724591500241,0.18821696998839677
3674,0.3685,8,75,8,217397,388213,17937,90019,3.596029864018674,0.18823290787734823
3675,0.3686,11,74,11,217471,388139,17948,90008,3.5953443995701955,0.18824336448832682
3676,0.3687,18,122,18,217593,388017,17966,89990,3.5942143095335135,0.18826084136843185
3677,0.3688,2,37,2,217630,387980,17968,89988,3.593871577309274,0.18827201821042414
3678,0.3689,7,93,7,217723,387887,17975,89981,3.5930101152321314,0.18829676814517818
3679,0.369,19,118,19,217841,387769,17994,89962,3.5919170773278,0.1883109950997528
3680,0.3691,19,106,19,217947,387663,18013,89943,3.5909351958205193,0.18832049848619992
3681,0.3692,7,51,7,217998,387612,18020,89936,3.5904627811330543,0.1883287125063868
3682,0.3693,16,84,16,218082,387528,18036,89920,3.5896846863536997,0.18833464586719392
3683,0.3694,12,169,12,218251,387359,18048,89908,3.588119233761903,0.1883809272377935
3684,0.3695,14,110,14,218361,387249,18062,89894,3.587100300122272,0.1884005423950472
3685,0.3696,13,71,13,218432,387178,18075,89881,3.586442624773056,0.18840646544767
3686,0.3697,8,28,8,218460,387150,18083,89873,3.5861832598466044,0.18840391343813612
3687,0.3698,12,81,12,218541,387069,18095,89861,3.5854329541665124,0.1884154907428763
3688,0.3699,11,109,11,218650,386960,18106,89850,3.584423283559969,0.18843983976846124
3689,0.37,8,61,8,218711,386899,18114,89842,3.583858238541628,0.18845033257051522
3690,0.3701,15,76,15,218787,386823,18129,89827,3.583154248026974,0.1884548410783594
3691,0.3702,5,95,5,218882,386728,18134,89822,3.5822742598836563,0.18848389465953205
3692,0.3703,7,117,7,218999,386611,18141,89815,3.5811904850124123,0.18851825886916332
3693,0.3704,14,112,14,219111,386499,18155,89801,3.5801530253066063,0.18853873609069913
3694,0.3705,15,98,15,219209,386401,18170,89786,3.579245248064026,0.18855197642942795
3695,0.3706,14,117,14,219326,386284,18184,89772,3.5781614731927824,0.1885744534256474
3696,0.3707,7,60,7,219386,386224,18191,89765,3.577605691207529,0.18858629085966272
3697,0.3708,13,79,13,219465,386145,18204,89752,3.576873911593612,0.18859543136434984
3698,0.3709,15,102,15,219567,386043,18219,89737,3.5759290822186816,0.18861028206313843
3699,0.371,12,89,12,219656,385954,18231,89725,3.5751046722738895,0.18862510222229698
3700,0.3711,8,83,8,219739,385871,18239,89717,3.574335840527622,0.18864437286054317
3701,0.3712,7,138,7,219877,385733,18246,89710,3.57305754196154,0.18868718227000925
3702,0.3713,37,221,37,220098,385512,18283,89673,3.5710104116491905,0.18871176489156855
3703,0.3714,14,124,14,220222,385388,18297,89659,3.5698617955463336,0.18873711443288768
3704,0.3715,19,106,19,220328,385282,18316,89640,3.568879914039053,0.1887467836823731
3705,0.3716,14,83,14,220411,385199,18330,89626,3.568111082292786,0.18875585742115517
3706,0.3717,22,171,22,220582,385028,18352,89604,3.5665271036348143,0.1887862596706501
3707,0.3718,14,125,14,220707,384903,18366,89590,3.5653692244988697,0.18881205834438022
3708,0.3719,5,44,5,220751,384859,18371,89585,3.5649616510430175,0.18882101997285244
3709,0.372,14,67,14,220818,384792,18385,89571,3.5643410278261514,0.18882374890115797
3710,0.3721,13,112,13,220930,384680,18398,89558,3.5633035681203453,0.1888461068071306
3711,0.3722,6,50,6,220980,384630,18404,89552,3.5628404164659675,0.1888557558068421
3712,0.3723,12,104,12,221084,384526,18416,89540,3.561877061024862,0.18887665430551864
3713,0.3724,5,77,5,221161,384449,18421,89535,3.5611638074771204,0.18889878139346475
3714,0.3725,4,58,4,221219,384391,18425,89531,3.560626551558042,0.18891505353201582
3715,0.3726,15,128,15,221347,384263,18440,89516,3.5594408833228353,0.18894041314621374
3716,0.3727,9,67,9,221414,384196,18449,89507,3.558820260105969,0.18895172713704578
3717,0.3728,6,87,6,221501,384109,18455,89501,3.558014376227352,0.18897616182090748
3718,0.3729,13,116,13,221617,383993,18468,89488,3.5569398643891956,0.18900019219356215
3719,0.373,8,55,8,221672,383938,18476,89480,3.5564303975693803,0.18900844496829441
3720,0.3731,10,106,10,221778,383832,18486,89470,3.5554485160620994,0.18903364025505914
3721,0.3732,23,145,23,221923,383687,18509,89447,3.554105376264404,0.18905215013082974
3722,0.3733,19,115,19,222038,383572,18528,89428,3.5530401274593353,0.18906553911205073
3723,0.3734,22,148,22,222186,383424,18550,89406,3.551669198562377,0.1890869868663156
3724,0.3735,6,68,6,222254,383356,18556,89400,3.5510393123124238,0.18910389291727656
3725,0.3736,14,90,14,222344,383266,18570,89386,3.5502056393345436,0.18911588229818133
3726,0.3737,23,137,23,222481,383129,18593,89363,3.5489366038015486,0.18913124455017227
3727,0.3738,14,125,14,222606,383004,18607,89349,3.5477787246656045,0.18915726162425137
3728,0.3739,10,97,10,222703,382907,18617,89339,3.546880210456112,0.18917894487195233
3729,0.374,12,98,12,222801,382809,18629,89327,3.5459724332135316,0.1891976040801803
3730,0.3741,9,78,9,222879,382731,18638,89318,3.5452499166327023,0.18921340793010896
3731,0.3742,19,117,19,222996,382614,18657,89299,3.5441661417614583,0.18922767544017646
3732,0.3743,19,170,19,223166,382444,18676,89280,3.5425914261365743,0.18926321323485767
3733,0.3744,13,116,13,223282,382328,18689,89267,3.541516914298418,0.189287418229625
3734,0.3745,25,221,25,223503,382107,18714,89242,3.5394697839860685,0.18933316926523658
3735,0.3746,13,97,13,223600,382010,18727,89229,3.5385712697765754,0.18934977792585078
3736,0.3747,10,128,10,223728,381882,18737,89219,3.5373856015413687,0.18938401743999694
3737,0.3748,7,59,7,223787,381823,18744,89212,3.536839082589203,0.18939569246446655
3738,0.3749,6,46,6,223833,381777,18750,89206,3.5364129830671756,0.18940386383372648
3739,0.375,8,80,8,223913,381697,18758,89198,3.5356719404201713,0.1894222703575107
3740,0.3751,19,118,19,224031,381579,18777,89179,3.5345789025158396,0.1894370355894111
3741,0.3752,9,73,9,224104,381506,18786,89170,3.5339027011004482,0.18945091740390418
3742,0.3753,8,88,8,224192,381418,18794,89162,3.5330875541887434,0.18947256576990099
3743,0.3754,3,21,3,224213,381397,18797,89159,3.532893030493905,0.18947585409600556
3744,0.3755,5,70,5,224283,381327,18802,89154,3.532244618177776,0.18949543127140098
3745,0.3756,5,79,5,224362,381248,18807,89149,3.5315128385638594,0.1895186406375891
3746,0.3757,29,172,29,224534,381076,18836,89120,3.5299195968728,0.18953797990625187
3747,0.3758,16,108,16,224642,380968,18852,89104,3.5289191892993443,0.1895539406729182
3748,0.3759,17,126,17,224768,380842,18869,89087,3.5277520471303125,0.18957544650362076
3749,0.376,2,40,2,224808,380802,18871,89085,3.52738152580681,0.18958813501969624
3750,0.3761,9,49,9,224857,380753,18880,89076,3.52692763718552,0.18959238361190986
3751,0.3762,10,93,10,224950,380660,18890,89066,3.5260661751083773,0.18961266781059596
3752,0.3763,11,116,11,225066,380544,18901,89055,3.5249916632702214,0.1896405230845892
3753,0.3764,14,163,14,225229,380381,18915,89041,3.52348178887695,0.18968220492435378
3754,0.3765,10,101,10,225330,380280,18925,89031,3.522546222535107,0.18970576014625695
3755,0.3766,13,132,13,225462,380148,18938,89018,3.5213235021675495,0.1897366816862262
3756,0.3767,14,87,14,225549,380061,18952,89004,3.5205176182889324,0.18974768955262064
3757,0.3768,5,65,5,225614,379996,18957,88999,3.5199155211382416,0.18976534931076025
3758,0.3769,10,66,10,225680,379930,18967,88989,3.519304160954463,0.1897747798660323
3759,0.377,13,141,13,225821,379789,18980,88976,3.517998073289118,0.18980939276609815
3760,0.3771,20,142,20,225963,379647,19000,88956,3.516682722590685,0.18983233141913303
3761,0.3772,3,53,3,226016,379594,19003,88953,3.5161917818370445,0.18984861710778214
3762,0.3773,6,73,6,226089,379521,19009,88947,3.515515580421653,0.1898678244832091
3763,0.3774,3,20,3,226109,379501,19012,88944,3.515330319759902,0.1898707425631611
3764,0.3775,22,119,22,226228,379382,19034,88922,3.5142280188224833,0.18988093204414228
3765,0.3776,17,138,17,226366,379244,19051,88905,3.5129497202564006,0.18990748671897195
3766,0.3777,8,89,8,226455,379155,19059,88897,3.5121253103116086,0.18992975139514412
3767,0.3778,24,123,24,226578,379032,19083,88873,3.5109859572418394,0.1899381284662485
3768,0.3779,4,58,4,226636,378974,19087,88869,3.510448701322761,0.18995474977716884
3769,0.378,5,55,5,226691,378919,19092,88864,3.5099392345029456,0.18996842553064133
3770,0.3781,10,29,10,226720,378890,19102,88854,3.5096706065434065,0.1899628856810563
3771,0.3782,7,76,7,226796,378814,19109,88847,3.5089666160287525,0.18998163199411539
3772,0.3783,3,56,3,226852,378758,19112,88844,3.5084478861758495,0.18999918734308235
3773,0.3784,10,84,10,226936,378674,19122,88834,3.507669791396495,0.1900159997262079
3774,0.3785,4,76,4,227012,378598,19126,88830,3.506965800881841,0.19003996337403836
3775,0.3786,31,176,31,227188,378422,19157,88799,3.5053355070584313,0.19005780990152413
3776,0.3787,20,122,20,227310,378300,19177,88779,3.50420541702175,0.19007277141554213
3777,0.3788,18,141,18,227451,378159,19195,88761,3.5028993293564046,0.19009894628630172
3778,0.3789,10,51,10,227502,378108,19205,88751,3.502426914668939,0.1901023649538726
3779,0.379,12,65,12,227567,378043,19217,88739,3.5018248175182483,0.19010801616172004
3780,0.3791,10,150,10,227717,377893,19227,88729,3.5004353625551152,0.1901517716695741
3781,0.3792,4,89,4,227806,377804,19231,88725,3.4996109526103227,0.19018110342551053
3782,0.3793,7,43,7,227849,377761,19238,88718,3.499212642187558,0.19018648213531583
3783,0.3794,9,76,9,227925,377685,19247,88709,3.498508651672904,0.19020184650745936
3784,0.3795,19,172,19,228097,377513,19266,88690,3.4969154099818445,0.19023901605094776
3785,0.3796,22,117,22,228214,377396,19288,88668,3.4958316351106005,0.19024854955542586
3786,0.3797,6,68,6,228282,377328,19294,88662,3.495201748860647,0.19026588553402435
3787,0.3798,12,109,12,228391,377219,19306,88650,3.4941920782541036,0.19028954491498684
3788,0.3799,5,38,5,228429,377181,19311,88645,3.4938400829967766,0.1902963767587039
3789,0.38,13,107,13,228536,377074,19324,88632,3.492848938456408,0.19031749644625578
3790,0.3801,5,67,5,228603,377007,19329,88627,3.492228315239542,0.1903361867904835
3791,0.3802,10,68,10,228671,376939,19339,88617,3.4915984289895885,0.19034659632783166
3792,0.3803,11,72,11,228743,376867,19350,88606,3.4909314906072844,0.19035690577111883
3793,0.3804,13,91,13,228834,376776,19363,88593,3.490088554596317,0.19037151163915086
3794,0.3805,18,123,18,228957,376653,19381,88575,3.4889492015265477,0.19039051819752895
3795,0.3806,5,48,5,229005,376605,19386,88570,3.4885045759383453,0.1904014618154458
3796,0.3807,18,127,18,229132,376478,19404,88552,3.487328170736226,0.19042212330387287
3797,0.3808,12,98,12,229230,376380,19416,88540,3.4864203934936455,0.19044136625656027
3798,0.3809,2,68,2,229298,376312,19418,88538,3.4857905072436917,0.19046574163708724
3799,0.381,4,82,4,229380,376230,19422,88534,3.4850309385305125,0.1904923789277999
3800,0.3811,9,64,9,229444,376166,19431,88525,3.484438104412909,0.19050293635986063
3801,0.3812,4,27,4,229471,376139,19435,88521,3.484188002519545,0.190507037403693
3802,0.3813,6,59,6,229530,376080,19441,88515,3.4836414835673795,0.1905207761598812
3803,0.3814,10,87,10,229617,375993,19451,88505,3.482835599688762,0.1905390335372811
3804,0.3815,16,84,16,229701,375909,19467,88489,3.4820575049094074,0.19054560958488193
3805,0.3816,22,185,22,229886,375724,19489,88467,3.48034384378821,0.19058318666238683
3806,0.3817,5,63,5,229949,375661,19494,88462,3.479760272703694,0.1906003365487166
3807,0.3818,9,88,9,230037,375573,19503,88453,3.4789451257919892,0.1906207841801968
3808,0.3819,21,76,21,230113,375497,19524,88432,3.4782411352773352,0.190615374335297
3809,0.382,13,136,13,230249,375361,19537,88419,3.476981362777428,0.1906485833800509
3810,0.3821,21,199,21,230448,375162,19558,88398,3.4751380191930044,0.19069376132539478
3811,0.3822,11,97,11,230545,375065,19569,88387,3.4742395049835118,0.19071446449686266
3812,0.3823,9,64,9,230609,375001,19578,88378,3.473646670865908,0.19072508680799086
3813,0.3824,10,83,10,230692,374918,19588,88368,3.4728778391196413,0.19074178800999814
3814,0.3825,19,193,19,230885,374725,19607,88349,3.4710900737337433,0.19078808138656025
3815,0.3826,6,44,6,230929,374681,19613,88343,3.470682500277891,0.1907957254915512
3816,0.3827,5,64,5,230993,374617,19618,88338,3.4700896661602876,0.19081336198982624
3817,0.3828,25,132,25,231125,374485,19643,88313,3.4688669457927306,0.1908240744342024
3818,0.3829,8,56,8,231181,374429,19651,88305,3.468348215939827,0.19083317845673756
3819,0.383,11,49,11,231230,374380,19662,88294,3.467894327318537,0.19083415104371546
3820,0.3831,10,60,10,231290,374320,19672,88284,3.467338545333284,0.190841410796275
3821,0.3832,19,125,19,231415,374195,19691,88265,3.4661806661973396,0.19085975003243524
3822,0.3833,2,66,2,231481,374129,19693,88263,3.465569306013561,0.19088349279399297
3823,0.3834,16,97,16,231578,374032,19709,88247,3.4646707918040685,0.1908955414370975
3824,0.3835,10,105,10,231683,373927,19719,88237,3.4636981733298753,0.19092140452306974
3825,0.3836,15,114,15,231797,373813,19734,88222,3.462642187557894,0.1909422446351467
3826,0.3837,19,177,19,231974,373636,19753,88203,3.461002630701397,0.1909821387972865
3827,0.3838,16,138,16,232112,373498,19769,88187,3.4597243321353144,0.1910111872813715
3828,0.3839,6,49,6,232161,373449,19775,88181,3.4592704435140242,0.19102094751207677
3829,0.384,8,72,8,232233,373377,19783,88173,3.4586035051317205,0.19103672408189795
3830,0.3841,3,38,3,232271,373339,19786,88170,3.458251509874393,0.19104719517929228
3831,0.3842,10,107,10,232378,373232,19796,88160,3.457260365334025,0.19107396747234456
3832,0.3843,21,153,21,232531,373079,19817,88139,3.4558431212716294,0.1911005207949386
3833,0.3844,11,100,11,232631,372979,19828,88128,3.4549168179628738,0.19112266784065304
3834,0.3845,5,66,5,232697,372913,19833,88123,3.4543054577790953,0.19114125578045965
3835,0.3846,26,182,26,232879,372731,19859,88097,3.4526195857571604,0.19117110939439444
3836,0.3847,14,134,14,233013,372597,19873,88083,3.451378339323428,0.1912021359729096
3837,0.3848,18,125,18,233138,372472,19891,88065,3.450220460187484,0.191222420782695
3838,0.3849,24,202,24,233340,372270,19915,88041,3.4483493275037977,0.19126416705227553
3839,0.385,19,116,19,233456,372154,19934,88022,3.4472748156656414,0.1912789889085915
3840,0.3851,15,122,15,233578,372032,19949,88007,3.44614472562896,0.19130334602066346
3841,0.3852,16,75,16,233653,371957,19965,87991,3.445449998147393,0.1913064085505318
3842,0.3853,3,23,3,233676,371934,19968,87988,3.4452369483863796,0.1913107005100865
3843,0.3854,34,205,34,233881,371729,20002,87954,3.4433380266034312,0.19133620342714436
3844,0.3855,5,27,5,233908,371702,20007,87949,3.443087924710067,0.19133864605972792
3845,0.3856,9,78,9,233986,371624,20016,87940,3.4423654081292376,0.19135528457407455
3846,0.3857,13,110,13,234096,371514,20029,87927,3.441346474489607,0.191378218313124
3847,0.3858,5,28,5,234124,371486,20034,87922,3.4410871095631554,0.19138108173997842
3848,0.3859,18,102,18,234226,371384,20052,87904,3.440142280188225,0.1913918935395656
3849,0.386,16,105,16,234331,371279,20068,87888,3.4391696617140317,0.1914074835517361
3850,0.3861,9,72,9,234403,371207,20077,87879,3.4385027233317276,0.19142165084537538
3851,0.3862,6,65,6,234468,371142,20083,87873,3.4379006261810368,0.19143818829450018
3852,0.3863,8,25,8,234493,371117,20091,87865,3.437669050353848,0.1914345224867206
3853,0.3864,8,60,8,234553,371057,20099,87857,3.4371132683685945,0.19144545601136598
3854,0.3865,2,49,2,234602,371008,20101,87855,3.4366593797473044,0.19146237548026318
3855,0.3866,29,248,29,234850,370760,20130,87826,3.434362147541591,0.19151478675755473
3856,0.3867,12,56,12,234906,370704,20142,87814,3.433843417688688,0.19151701787061795
3857,0.3868,6,61,6,234967,370643,20148,87808,3.433278372670347,0.1915319194417724
3858,0.3869,9,65,9,235032,370578,20157,87799,3.4326762755196563,0.19154320570185676
3859,0.387,8,31,8,235063,370547,20165,87791,3.432389121493942,0.19154204975367523
3860,0.3871,2,37,2,235100,370510,20167,87789,3.4320463892697024,0.19155398549855007
3861,0.3872,12,103,12,235203,370407,20179,87777,3.4310922968616846,0.19157587344822166
3862,0.3873,11,113,11,235316,370294,20190,87766,3.430045574122791,0.19160372003667642
3863,0.3874,18,114,18,235430,370180,20208,87748,3.4289895883508095,0.19161964326269632
3864,0.3875,13,98,13,235528,370082,20221,87735,3.428081811108229,0.19163770676929864
3865,0.3876,9,94,9,235622,369988,20230,87726,3.427211085997999,0.19166116832782043
3866,0.3877,22,136,22,235758,369852,20252,87704,3.425951313498092,0.19167926985986414
3867,0.3878,9,60,9,235818,369792,20261,87695,3.4253955315128386,0.1916885069958272
3868,0.3879,15,78,15,235896,369714,20276,87680,3.4246730149320093,0.19169468773092782
3869,0.388,10,75,10,235971,369639,20286,87670,3.423978287450443,0.19170845095985428
3870,0.3881,4,42,4,236013,369597,20290,87666,3.4235892400607657,0.191718988853242
3871,0.3882,22,192,22,236205,369405,20312,87644,3.421810737707955,0.19176062085246878
3872,0.3883,14,152,14,236357,369253,20326,87630,3.420402756678647,0.1917996511141802
3873,0.3884,15,117,15,236474,369136,20341,87615,3.419318981807403,0.1918222401264584
3874,0.3885,10,102,10,236576,369034,20351,87605,3.4183741524324724,0.1918473892943879
3875,0.3886,23,121,23,236697,368913,20374,87582,3.4172533254288786,0.19185752308349488
3876,0.3887,20,150,20,236847,368763,20394,87562,3.415863870465745,0.19188516956116802
3877,0.3888,14,108,14,236955,368655,20408,87548,3.4148634628922894,0.19190579632312807
3878,0.3889,13,60,13,237015,368595,20421,87535,3.414307680907036,0.19190800868173546
3879,0.389,18,99,18,237114,368496,20439,87517,3.4133906406313685,0.19191777427397902
3880,0.3891,15,106,15,237220,368390,20454,87502,3.4124087591240877,0.1919358093583568
3881,0.3892,2,29,2,237249,368361,20456,87500,3.4121401311645485,0.19194447430247377
3882,0.3893,10,82,10,237331,368279,20466,87490,3.411380562451369,0.19196127863018328
3883,0.3894,2,24,2,237355,368255,20468,87488,3.4111582496572677,0.19196784152471896
3884,0.3895,24,98,24,237453,368157,20492,87464,3.4102504724146874,0.19196656870512993
3885,0.3896,30,169,30,237622,367988,20522,87434,3.4086850198228906,0.19198457694182539
3886,0.3897,7,98,7,237720,367890,20529,87427,3.4077772425803103,0.19201347632528545
3887,0.3898,13,150,13,237870,367740,20542,87414,3.4063877876171773,0.1920536785351771
3888,0.3899,4,51,4,237921,367689,20546,87410,3.4059153729297122,0.1920680994684673
3889,0.39,18,155,18,238076,367534,20564,87392,3.4044796028011413,0.19210157256344987
3890,0.3901,21,117,21,238193,367417,20585,87371,3.4033958279298973,0.19211368813601062
3891,0.3902,6,51,6,238244,367366,20591,87365,3.402923413242432,0.19212457474858763
3892,0.3903,9,57,9,238301,367309,20600,87356,3.4023954203564415,0.1921326691080246
3893,0.3904,11,113,11,238414,367196,20611,87345,3.4013486976175478,0.19216088317665514
3894,0.3905,7,45,7,238459,367151,20618,87338,3.400931861128608,0.19216746719942618
3895,0.3906,11,84,11,238543,367067,20629,87327,3.4001537663492534,0.1921834355207155
3896,0.3907,6,67,6,238610,367000,20635,87321,3.399533143132387,0.19220110890757855
3897,0.3908,14,129,14,238739,366871,20649,87307,3.398338211864093,0.19223079937821735
3898,0.3909,22,187,22,238926,366684,20671,87285,3.39660602467672,0.1922708378765951
3899,0.391,11,100,11,239026,366584,20682,87274,3.395679721367965,0.1922936248782659
3900,0.3911,7,48,7,239074,366536,20689,87267,3.3952350957797623,0.19230150527872225
3901,0.3912,14,134,14,239208,366402,20703,87253,3.39399384934603,0.1923333810935623
3902,0.3913,12,97,12,239305,366305,20715,87241,3.393095335136537,0.19235314609763948
3903,0.3914,12,113,12,239418,366192,20727,87229,3.3920486123976437,0.19237970892393602
3904,0.3915,7,95,7,239513,366097,20734,87222,3.391168624254326,0.1924075540623711
3905,0.3916,24,134,24,239647,365963,20758,87198,3.3899273778205936,0.19242167794669002
3906,0.3917,12,97,12,239744,365866,20770,87186,3.389028863611101,0.19244148574556563
3907,0.3918,9,80,9,239824,365786,20779,87177,3.3882878209640963,0.1924594282535218
3908,0.3919,6,44,6,239868,365742,20785,87171,3.387880247508244,0.19246742751919244
3909,0.392,10,60,10,239928,365682,20795,87161,3.387324465522991,0.19247509622540263
3910,0.3921,9,73,9,240001,365609,20804,87152,3.3866482641075994,0.19249007754643177
3911,0.3922,1,37,1,240038,365572,20805,87151,3.3863055318833597,0.19250402564040264
3912,0.3923,15,88,15,240126,365484,20820,87136,3.3854903849716553,0.192514692236313
3913,0.3924,16,128,16,240254,365356,20836,87120,3.384304716736448,0.19254059883839142
3914,0.3925,8,61,8,240315,365295,20844,87112,3.383739671718107,0.19255228146337258
3915,0.3926,20,121,20,240436,365174,20864,87092,3.3826188447145134,0.192568090460039
3916,0.3927,12,81,12,240517,365093,20876,87080,3.3818685390344214,0.19258115809656923
3917,0.3928,32,151,32,240668,364942,20908,87048,3.3804698210382007,0.19258833160025665
3918,0.3929,12,105,12,240773,364837,20920,87036,3.3794972025640075,0.1926116408813981
3919,0.393,5,60,5,240833,364777,20925,87031,3.3789414205787542,0.192628284581061
3920,0.3931,18,132,18,240965,364645,20943,87013,3.3777187002111972,0.19265240513840118
3921,0.3932,9,120,9,241085,364525,20952,87004,3.3766071362406906,0.19268751287292732
3922,0.3933,12,65,12,241150,364460,20964,86992,3.37600503909,0.1926937969042113
3923,0.3934,14,101,14,241251,364359,20978,86978,3.3750694727481565,0.19271187604827436
3924,0.3935,13,120,13,241371,364239,20991,86965,3.3739579087776503,0.1927398693273996
3925,0.3936,36,250,36,241621,363989,21027,86929,3.3716421505057617,0.19278227970495745
3926,0.3937,15,162,15,241783,363827,21042,86914,3.370141539145578,0.19282470420929093
3927,0.3938,14,74,14,241857,363753,21056,86900,3.3694560746970987,0.19283129148147243
3928,0.3939,25,146,25,242003,363607,21081,86875,3.368103671866316,0.19284899285654034
3929,0.394,16,100,16,242103,363507,21097,86859,3.3671773685575603,0.1928631379811087
3930,0.3941,21,93,21,242196,363414,21118,86838,3.366315906480418,0.19286532874923376
3931,0.3942,29,259,29,242455,363155,21147,86809,3.3639167809107415,0.19292432283471567
3932,0.3943,19,169,19,242624,362986,21166,86790,3.362351328318945,0.19296271922023409
3933,0.3944,9,55,9,242679,362931,21175,86781,3.3618418614991294,0.19297016757391397
3934,0.3945,12,116,12,242795,362815,21187,86769,3.360767349660973,0.1929984163137478
3935,0.3946,17,90,17,242885,362725,21204,86752,3.359933676683093,0.19300653871054582
3936,0.3947,14,111,14,242996,362614,21218,86738,3.3589054800103746,0.19302907297619684
3937,0.3948,13,81,13,243077,362533,21231,86725,3.3581551743302827,0.1930405245983377
3938,0.3949,12,57,12,243134,362476,21243,86713,3.357627181444292,0.19304346277402162
3939,0.395,4,83,4,243217,362393,21247,86709,3.356858349698025,0.1930719524740482
3940,0.3951,14,91,14,243308,362302,21261,86695,3.3560154136870577,0.19308592262309102
3941,0.3952,3,56,3,243364,362246,21264,86692,3.3554966838341547,0.19310461578213473
3942,0.3953,9,100,9,243464,362146,21273,86683,3.354570380525399,0.19313145986556127
3943,0.3954,5,52,5,243516,362094,21278,86678,3.3540887028048463,0.19314484860909326
3944,0.3955,12,115,12,243631,361979,21290,86666,3.3530234539997776,0.1931727758026948
3945,0.3956,2,44,2,243675,361935,21292,86664,3.3526158805439255,0.19318812569800645
3946,0.3957,17,74,17,243749,361861,21309,86647,3.3519304160954464,0.1931894191407957
3947,0.3958,15,187,15,243936,361674,21324,86632,3.3501982289080736,0.19324300812391537
3948,0.3959,20,119,20,244055,361555,21344,86612,3.3490959279706547,0.1932583166542829
3949,0.396,8,80,8,244135,361475,21352,86604,3.3483548853236504,0.19327841742192783
3950,0.3961,3,41,3,244176,361434,21355,86601,3.347975100967061,0.19329070273527738
3951,0.3962,21,128,21,244304,361306,21376,86580,3.3467894327318537,0.19330811858374675
3952,0.3963,12,105,12,244409,361201,21388,86568,3.3458168142576605,0.19333182958177095
3953,0.3964,19,140,19,244549,361061,21407,86549,3.344519989625403,0.19335805723732713
3954,0.3965,8,90,8,244639,360971,21415,86541,3.3436863166475232,0.1933825238205903
3955,0.3966,6,61,6,244700,360910,21421,86535,3.3431212716291823,0.19339807127132944
3956,0.3967,14,117,14,244817,360793,21435,86521,3.3420374967579383,0.19342341174208721
3957,0.3968,8,72,8,244889,360721,21443,86513,3.3413705583756346,0.19344012306756642
3958,0.3969,15,164,15,245053,360557,21458,86498,3.339851420949276,0.19348402321861963
3959,0.397,10,120,10,245173,360437,21468,86488,3.338739856978769,0.19351792806399284
3960,0.3971,18,106,18,245279,360331,21486,86470,3.3377579754714883,0.1935313484079042
3961,0.3972,5,78,5,245357,360253,21491,86465,3.337035458890659,0.19355611370036577
3962,0.3973,17,156,17,245513,360097,21508,86448,3.3355904257290008,0.1935930309375315
3963,0.3974,9,142,9,245655,359955,21517,86439,3.334275075030568,0.19363835535423862
3964,0.3975,24,176,24,245831,359779,21541,86415,3.3326447812071587,0.193671362680807
3965,0.3976,11,91,11,245922,359688,21552,86404,3.331801845196191,0.19369098750930303
3966,0.3977,5,53,5,245975,359635,21557,86399,3.331310904442551,0.1937049641955546
3967,0.3978,17,108,17,246083,359527,21574,86382,3.3303104968690946,0.19372114041205718
3968,0.3979,9,56,9,246139,359471,21583,86373,3.3297917670161916,0.19372919675940464
3969,0.398,14,83,14,246222,359388,21597,86359,3.3290229352699248,0.19373994665135155
3970,0.3981,12,69,12,246291,359319,21609,86347,3.3283837859868837,0.19374823298164995
3971,0.3982,11,56,11,246347,359263,21620,86336,3.3278650561339806,0.19375267897818443
3972,0.3983,22,145,22,246492,359118,21642,86314,3.326521916336285,0.1937759298837982
3973,0.3984,18,111,18,246603,359007,21660,86296,3.3254937196635668,0.193791642993647
3974,0.3985,11,78,11,246681,358929,21671,86285,3.3247712030827374,0.19380567547291863
3975,0.3986,19,222,19,246903,358707,21690,86266,3.3227148097373003,0.1938679425493232
3976,0.3987,6,42,6,246945,358665,21696,86260,3.322325762347623,0.19387537225375062
3977,0.3988,12,83,12,247028,358582,21708,86248,3.321556930601356,0.19388980059798125
3978,0.3989,14,128,14,247156,358454,21722,86234,3.320371262366149,0.19392023171302125
3979,0.399,12,152,12,247308,358302,21734,86222,3.318963281336841,0.1939647803043255
3980,0.3991,16,127,16,247435,358175,21750,86206,3.3177868761347216,0.19399119224269265
3981,0.3992,14,119,14,247554,358056,21764,86192,3.3166845751973026,0.19401775584808487
3982,0.3993,12,55,12,247609,358001,21776,86180,3.3161751083774873,0.19402000535817607
3983,0.3994,4,58,4,247667,357943,21780,86176,3.315637852458409,0.1940380843872926
3984,0.3995,9,112,9,247779,357831,21789,86167,3.314600392752603,0.1940706940121352
3985,0.3996,5,87,5,247866,357744,21794,86162,3.3137945088739857,0.19409965172806856
3986,0.3997,21,104,21,247970,357640,21815,86141,3.3128311534328803,0.1941070032290702
3987,0.3998,7,56,7,248026,357584,21822,86134,3.3123124235799772,0.1941187871576091
3988,0.3999,7,49,7,248075,357535,21829,86127,3.3118585349586867,0.19412751148396754
3989,0.4,13,128,13,248203,357407,21842,86114,3.31067286672348,0.19415991576498068
3990,0.4001,8,67,8,248270,357340,21850,86106,3.3100522435066138,0.19417471349386398
3991,0.4002,20,74,20,248344,357266,21870,86086,3.3093667790581347,0.19417077175697867
3992,0.4003,11,90,11,248434,357176,21881,86075,3.308533106080255,0.19419019923248904
3993,0.4004,6,65,6,248499,357111,21887,86069,3.3079310089295637,0.19420777110880455
3994,0.4005,11,87,11,248586,357024,21898,86058,3.3071251250509466,0.19422589949490163
3995,0.4006,26,163,26,248749,356861,21924,86032,3.3056152506576755,0.1942500784613891
3996,0.4007,11,62,11,248811,356799,21935,86021,3.305040942606247,0.1942572602863466
3997,0.4008,13,95,13,248906,356704,21948,86008,3.304160954462929,0.19427528506116842
3998,0.4009,5,35,5,248941,356669,21953,86003,3.3038367483048647,0.19428154480066506
3999,0.401,8,90,8,249031,356579,21961,85995,3.303003075326985,0.1943064888583604
4000,0.4011,7,48,7,249079,356531,21968,85988,3.3025584497387825,0.19431482038059383
4001,0.4012,19,202,19,249281,356329,21987,85969,3.3006873170550963,0.19436895486753275
4002,0.4013,18,135,18,249416,356194,22005,85951,3.2994368075882767,0.1943955037374617
4003,0.4014,4,44,4,249460,356150,22009,85947,3.299029234132424,0.19440756214134003
4004,0.4015,27,186,27,249646,355964,22036,85920,3.2973063099781394,0.19444016981832335
4005,0.4016,11,100,11,249746,355864,22047,85909,3.296380006669384,0.1944641252407911
4006,0.4017,12,74,12,249820,355790,22059,85897,3.2956945422209047,0.1944748204044946
4007,0.4018,35,188,35,250008,355602,22094,85862,3.2939530920004447,0.1944937752568726
4008,0.4019,25,209,25,250217,355393,22119,85837,3.2920171180851456,0.19454026244815628
4009,0.402,8,71,8,250288,355322,22127,85829,3.2913594427359296,0.1945569657554896
4010,0.4021,7,104,7,250392,355218,22134,85822,3.2903960872948237,0.19459005985851624
4011,0.4022,14,133,14,250525,355085,22148,85808,3.289164103894179,0.19462318521727495
4012,0.4023,16,135,16,250660,354950,22164,85792,3.2879135944273594,0.194653561494026
4013,0.4024,9,80,9,250740,354870,22173,85783,3.287172551780355,0.19467245202007022
4014,0.4025,14,120,14,250860,354750,22187,85769,3.2860609878098486,0.19469988808655245
4015,0.4026,21,118,21,250978,354632,22208,85748,3.284967949905517,0.1947136563876652
4016,0.4027,13,116,13,251094,354516,22221,85735,3.2838934380673606,0.19474118173496482
4017,0.4028,3,37,3,251131,354479,22224,85732,3.2835507058431213,0.19475206207932105
4018,0.4029,18,113,18,251244,354366,22242,85714,3.2825039831042275,0.19476913288493
4019,0.403,20,97,20,251341,354269,22262,85694,3.281605468894735,0.19477546975541124
4020,0.4031,29,225,29,251566,354044,22291,85665,3.279521286450035,0.19482203002440251
4021,0.4032,5,48,5,251614,353996,22296,85660,3.2790766608618327,0.19483414305729935
4022,0.4033,26,174,26,251788,353822,22322,85634,3.277464893104598,0.1948636496031457
4023,0.4034,10,71,10,251859,353751,22332,85624,3.276807217755382,0.194876813655761
4024,0.4035,9,46,9,251905,353705,22341,85615,3.2763811182333544,0.19488072475644178
4025,0.4036,28,235,28,252140,353470,22369,85587,3.274204305457779,0.19493368742555067
4026,0.4037,8,30,8,252170,353440,22377,85579,3.2739264144651523,0.19493233778036942
4027,0.4038,16,117,16,252287,353323,22393,85563,3.2728426395939088,0.1949549541338753
4028,0.4039,4,35,4,252322,353288,22397,85559,3.2725184334358444,0.1949631648387707
4029,0.404,14,75,14,252397,353213,22411,85545,3.2718237059542776,0.19497080395115302
4030,0.4041,6,59,6,252456,353154,22417,85539,3.271277187002112,0.19498601527719842
4031,0.4042,16,96,16,252552,353058,22433,85523,3.2703879358257066,0.19499932737624293
4032,0.4043,36,222,36,252774,352836,22469,85487,3.26833154248027,0.19503197413779336
4033,0.4044,15,115,15,252889,352721,22484,85472,3.267266293675201,0.19505560335286048
4034,0.4045,9,53,9,252942,352668,22493,85463,3.266775352921561,0.1950626639064572
4035,0.4046,14,134,14,253076,352534,22507,85449,3.2655341064878285,0.19509661333887388
4036,0.4047,15,137,15,253213,352397,22522,85434,3.2642650709548335,0.19513008443897303
4037,0.4048,13,105,13,253318,352292,22535,85421,3.2632924524806404,0.19515298837366038
4038,0.4049,16,68,16,253386,352224,22551,85405,3.2626625662306865,0.19515388605416917
4039,0.405,18,116,18,253502,352108,22569,85387,3.26158805439253,0.19517251625732865
4040,0.4051,24,178,24,253680,351930,22593,85363,3.2599392345029456,0.19520778974280403
4041,0.4052,10,99,10,253779,351831,22603,85353,3.2590221942272777,0.19523358585858586
4042,0.4053,7,64,7,253843,351767,22610,85346,3.258429360109674,0.1952492833660861
4043,0.4054,25,126,25,253969,351641,22635,85321,3.2572622179406423,0.1952595420196722
4044,0.4055,10,71,10,254040,351570,22645,85311,3.2566045425914263,0.1952728546217391
4045,0.4056,10,63,10,254103,351507,22655,85301,3.2560209715069104,0.19528259555685792
4046,0.4057,25,169,25,254272,351338,22680,85276,3.2544555189151136,0.19531210634565085
4047,0.4058,25,126,25,254398,351212,22705,85251,3.253288376746082,0.1953223984621835
4048,0.4059,18,71,18,254469,351141,22723,85233,3.2526307013968654,0.1953209861265795
4049,0.406,3,57,3,254526,351084,22726,85230,3.2521027085108747,0.1953409700353415
4050,0.4061,26,167,26,254693,350917,22752,85204,3.2505557819852533,0.19536779930340434
4051,0.4062,18,99,18,254792,350818,22770,85186,3.2496387417095853,0.19537894147760113
4052,0.4063,19,167,19,254959,350651,22789,85167,3.248091815183964,0.19541872983676672
4053,0.4064,19,107,19,255066,350544,22808,85148,3.2471006706435954,0.19543163519183276
4054,0.4065,22,141,22,255207,350403,22830,85126,3.24579458297825,0.19545426366556531
4055,0.4066,7,87,7,255294,350316,22837,85119,3.244988699099633,0.19548038168727824
4056,0.4067,27,134,27,255428,350182,22864,85092,3.243747452665901,0.19549065646006883
4057,0.4068,13,122,13,255550,350060,22877,85079,3.242617362629219,0.19552143108294132
4058,0.4069,18,68,18,255618,349992,22895,85061,3.2419874763792658,0.19551870691616882
4059,0.407,5,60,5,255678,349932,22900,85056,3.2414316943940125,0.19553642859113354
4060,0.4071,9,101,9,255779,349831,22909,85047,3.2404961280521696,0.19556519299665653
4061,0.4072,31,128,31,255907,349703,22940,85016,3.2393104598169624,0.19556541121966145
4062,0.4073,18,123,18,256030,349580,22958,84998,3.238171106747193,0.195587443450888
4063,0.4074,5,71,5,256101,349509,22963,84993,3.2375134313979768,0.19561014678873745
4064,0.4075,22,143,22,256244,349366,22985,84971,3.2361888176664566,0.1956338050868335
4065,0.4076,21,156,21,256400,349210,23006,84950,3.2347437845047984,0.19566519255573983
4066,0.4077,15,78,15,256478,349132,23021,84935,3.234021267923969,0.19567255746232726
4067,0.4078,2,40,2,256518,349092,23023,84933,3.2336507466004667,0.19568688439606013
4068,0.4079,21,99,21,256617,348993,23044,84912,3.232733706324799,0.1956926055242507
4069,0.408,21,128,21,256745,348865,23065,84891,3.231548038089592,0.1957114137902415
4070,0.4081,14,120,14,256865,348745,23079,84877,3.2304364741190854,0.1957396073077473
4071,0.4082,21,151,21,257016,348594,23100,84856,3.2290377561228647,0.1957688314684508
4072,0.4083,25,133,25,257149,348461,23125,84831,3.22780577272222,0.19578252079429115
4073,0.4084,12,76,12,257225,348385,23137,84819,3.227101782207566,0.19579459100100646
4074,0.4085,7,70,7,257295,348315,23144,84812,3.2264533698914373,0.195813237226033
4075,0.4086,20,226,20,257521,348089,23164,84792,3.22435992441365,0.19587831297746955
4076,0.4087,15,110,15,257631,347979,23179,84777,3.223340990774019,0.19590023015278818
4077,0.4088,13,120,13,257751,347859,23192,84764,3.2222294268035125,0.19593040591924146
4078,0.4089,11,78,11,257829,347781,23203,84753,3.221506910222683,0.19594528985004647
4079,0.409,20,150,20,257979,347631,23223,84733,3.22011745525955,0.19597607571398173
4080,0.4091,13,144,13,258123,347487,23236,84720,3.2187835784949423,0.19601718620938577
4081,0.4092,27,166,27,258289,347321,23263,84693,3.217245915002408,0.1960422578897906
4082,0.4093,16,138,16,258427,347183,23279,84677,3.215967616436326,0.1960751169360441
4083,0.4094,12,75,12,258502,347108,23291,84665,3.2152728889547593,0.19608683266438615
4084,0.4095,15,137,15,258639,346971,23306,84650,3.2140038534217643,0.19612113405047485
4085,0.4096,15,107,15,258746,346864,23321,84635,3.2130127088813962,0.19614182188139487
4086,0.4097,14,99,14,258845,346765,23335,84621,3.2120956686057283,0.19616074698761665
4087,0.4098,20,145,20,258990,346620,23355,84601,3.2107525288080327,0.19618942491205205
4088,0.4099,6,66,6,259056,346554,23361,84595,3.2101411686242542,0.19620827138645805
4089,0.41,34,189,34,259245,346365,23395,84561,3.2083904553707066,0.1962309073947731
4090,0.4101,4,80,4,259325,346285,23399,84557,3.2076494127237023,0.19625988181282233
4091,0.4102,12,104,12,259429,346181,23411,84545,3.206686057282597,0.1962848771608865
4092,0.4103,22,169,22,259598,346012,23433,84523,3.2051206046908,0.1963208566086381
4093,0.4104,29,154,29,259752,345858,23462,84494,3.2036940975953168,0.19633695207643975
4094,0.4105,24,146,24,259898,345712,23486,84470,3.2023416947645336,0.196358750482354
4095,0.4106,11,64,11,259962,345648,23497,84459,3.2017488606469304,0.19636741555008405
4096,0.4107,10,79,10,260041,345569,23507,84449,3.2010170810330134,0.19638480249663967
4097,0.4108,41,284,41,260325,345285,23548,84408,3.198386379636148,0.1964379219582353
4098,0.4109,7,48,7,260373,345237,23555,84401,3.1979417540479456,0.19644677612315484
4099,0.411,17,86,17,260459,345151,23572,84384,3.1971451332024157,0.19645430523705867
4100,0.4111,12,151,12,260610,345000,23584,84372,3.195746415206195,0.19650093625108297
4101,0.4112,8,68,8,260678,344932,23592,84364,3.1951165289562415,0.19651708844247326
4102,0.4113,5,40,5,260718,344892,23597,84359,3.194746007632739,0.19652604187293682
4103,0.4114,8,55,8,260773,344837,23605,84351,3.194236540812924,0.19653624984855123
4104,0.4115,20,195,20,260968,344642,23625,84331,3.1924302493608505,0.19658813025528413
4105,0.4116,4,33,4,261001,344609,23629,84327,3.1921245692689615,0.196595762538001
4106,0.4117,9,125,9,261126,344484,23638,84318,3.1909666901330174,0.1966362097191711
4107,0.4118,12,55,12,261181,344429,23650,84306,3.1904572233132016,0.19663894946761987
4108,0.4119,3,28,3,261209,344401,23653,84303,3.19019785838675,0.196646170784504
4109,0.412,28,237,28,261446,344164,23681,84275,3.188002519545,0.19670244772301307
4110,0.4121,8,67,8,261513,344097,23689,84267,3.1873818963281337,0.19671821161442138
4111,0.4122,13,110,13,261623,343987,23702,84254,3.1863629626885026,0.19674435656557873
4112,0.4123,11,63,11,261686,343924,23713,84243,3.1857793916039867,0.1967526689352519
4113,0.4124,27,212,27,261898,343712,23740,84216,3.1838156285894255,0.19679946159166964
4114,0.4125,16,105,16,262003,343607,23756,84200,3.1828430101152323,0.19681772388016092
4115,0.4126,6,72,6,262075,343535,23762,84194,3.182176071732928,0.19683958768285525
4116,0.4127,11,112,11,262187,343423,23773,84183,3.181138612027122,0.1968704835760022
4117,0.4128,20,187,20,262374,343236,23793,84163,3.1794064248397493,0.19691903818212023
4118,0.4129,14,112,14,262486,343124,23807,84149,3.1783689651339433,0.19694434237595168
4119,0.413,11,111,11,262597,343013,23818,84138,3.177340768461225,0.19697484027896459
4120,0.4131,15,128,15,262725,342885,23833,84123,3.176155100226018,0.1970056767086331
4121,0.4132,17,146,17,262871,342739,23850,84106,3.174802697395235,0.19704108048589067
4122,0.4133,7,108,7,262979,342631,23857,84099,3.1738022898217793,0.19707777751739977
4123,0.4134,13,152,13,263131,342479,23870,84086,3.172394308792471,0.19712353334192914
4124,0.4135,8,84,8,263215,342395,23878,84078,3.1716162140131163,0.1971472988911373
4125,0.4136,10,58,10,263273,342337,23888,84068,3.1710789580940384,0.19715528664063509
4126,0.4137,6,79,6,263352,342258,23894,84062,3.1703471784801214,0.19718052167386002
4127,0.4138,7,46,7,263398,342212,23901,84055,3.169921078958094,0.19718861652438496
4128,0.4139,9,61,9,263459,342151,23910,84046,3.1693560339397533,0.19719988643749253
4129,0.414,7,81,7,263540,342070,23917,84039,3.1686057282596614,0.1972241844222957
4130,0.4141,12,127,12,263667,341943,23929,84027,3.167429323057542,0.19726037044862313
4131,0.4142,7,40,7,263707,341903,23936,84020,3.16705880173404,0.19726570295569856
4132,0.4143,3,78,3,263785,341825,23939,84017,3.1663362851532106,0.19729618027343473
4133,0.4144,5,43,5,263828,341782,23944,84012,3.1659379747304457,0.1973066788165169
4134,0.4145,11,116,11,263944,341666,23955,84001,3.1648634628922894,0.19733970451080304
4135,0.4146,12,70,12,264014,341596,23967,83989,3.1642150505761606,0.1973495306460519
4136,0.4147,14,83,14,264097,341513,23981,83975,3.1634462188298937,0.19736161771894858
4137,0.4148,12,131,12,264228,341382,23993,83963,3.162232761495424,0.1973997578436328
4138,0.4149,19,147,19,264375,341235,24012,83944,3.1608710956315536,0.1974321403455956
4139,0.415,13,112,13,264487,341123,24025,83931,3.1598336359257475,0.1974596168957356
4140,0.4151,7,35,7,264522,341088,24032,83924,3.159509429767683,0.19746265987783873
4141,0.4152,14,82,14,264604,341006,24046,83910,3.1587498610545035,0.19747432433704543
4142,0.4153,15,69,15,264673,340937,24061,83895,3.1581107117714624,0.19747806191623984
4143,0.4154,5,36,5,264709,340901,24066,83890,3.1577772425803103,0.1974853516199731
4144,0.4155,25,132,25,264841,340769,24091,83865,3.1565545222127533,0.1974994936816176
4145,0.4156,7,62,7,264903,340707,24098,83858,3.155980214161325,0.19751510369436953
4146,0.4157,6,87,6,264990,340620,24104,83852,3.1551743302827076,0.19754424320096498
4147,0.4158,15,157,15,265147,340463,24119,83837,3.1537200340879616,0.19758897006834786
4148,0.4159,16,131,16,265278,340332,24135,83821,3.1525065767534923,0.19761972684385115
4149,0.416,16,143,16,265421,340189,24151,83805,3.1511819630219717,0.19765609890706
4150,0.4161,15,109,15,265530,340080,24166,83790,3.1501722924154283,0.1976785335126336
4151,0.4162,15,125,15,265655,339955,24181,83775,3.149014413279484,0.19770844641635005
4152,0.4163,14,169,14,265824,339786,24195,83761,3.1474489606876874,0.19776081521059055
4153,0.4164,15,115,15,265939,339671,24210,83746,3.146383711882619,0.19778610684030165
4154,0.4165,5,80,5,266019,339591,24215,83741,3.1456426692356145,0.19781400886302003
4155,0.4166,9,75,9,266094,339516,24224,83732,3.144947941754048,0.19783200393150116
4156,0.4167,8,80,8,266174,339436,24232,83724,3.1442068991070435,0.19785423953114661
4157,0.4168,13,64,13,266238,339372,24245,83711,3.14361406498944,0.1978595216541435
4158,0.4169,16,110,16,266348,339262,24261,83695,3.1425951313498093,0.19788063562016941
4159,0.417,32,193,32,266541,339069,24293,83663,3.1408073659639113,0.19791025992827607
4160,0.4171,3,32,3,266573,339037,24296,83660,3.1405109489051095,0.1979195499376622
4161,0.4172,22,135,22,266708,338902,24318,83638,3.1392604394382895,0.19794102333506888
4162,0.4173,11,146,11,266854,338756,24329,83627,3.1379080366075067,0.19798855541061075
4163,0.4174,26,196,26,267050,338560,24355,83601,3.136092482122346,0.1980310829280772
4164,0.4175,26,177,26,267227,338383,24381,83575,3.134452925265849,0.19806473630076926
4165,0.4176,11,59,11,267286,338324,24392,83564,3.1339064063136832,0.198071526092233
4166,0.4177,11,93,11,267379,338231,24403,83553,3.133044944236541,0.19809428522656147
4167,0.4178,12,116,12,267495,338115,24415,83541,3.1319704323983846,0.1981259604986055
4168,0.4179,13,95,13,267590,338020,24428,83528,3.131090444255067,0.19814588137056752
4169,0.418,4,47,4,267637,337973,24432,83524,3.1306550816999517,0.19816036650320168
4170,0.4181,26,202,26,267839,337771,24458,83498,3.128783949016266,0.19820589694470753
4171,0.4182,13,46,13,267885,337725,24471,83485,3.1283578494942383,0.1982027967047316
4172,0.4183,29,191,29,268076,337534,24500,83456,3.1265886101745157,0.19823748782631417
4173,0.4184,11,92,11,268168,337442,24511,83445,3.1257364111304606,0.19825986547458108
4174,0.4185,10,53,10,268221,337389,24521,83435,3.12524547037682,0.19826578332034295
4175,0.4186,13,100,13,268321,337289,24534,83422,3.1243191670680646,0.19828813603637652
4176,0.4187,14,100,14,268421,337189,24548,83408,3.1233928637593094,0.19830859468802678
4177,0.4188,10,105,10,268526,337084,24558,83398,3.122420245285116,0.19833904899615204
4178,0.4189,13,169,13,268695,336915,24571,83385,3.1208547926933194,0.19839400428265525
4179,0.419,12,119,12,268814,336796,24583,83373,3.1197524917559005,0.19842729949139512
4180,0.4191,14,83,14,268897,336713,24597,83359,3.1189836600096337,0.19843979127387687
4181,0.4192,17,157,17,269054,336556,24614,83342,3.1175293638148878,0.19848153599207427
4182,0.4193,17,136,17,269190,336420,24631,83325,3.11626959131498,0.19851338312546904
4183,0.4194,6,62,6,269252,336358,24637,83319,3.115695283263552,0.1985312514147785
4184,0.4195,9,92,9,269344,336266,24646,83310,3.1148430842194967,0.19855759147329685
4185,0.4196,22,119,22,269463,336147,24668,83288,3.113740783282078,0.1985718883736455
4186,0.4197,3,59,3,269522,336088,24671,83285,3.113194264329912,0.19859409165587674
4187,0.4198,17,132,17,269654,335956,24688,83268,3.111971543962355,0.19862412457302062
4188,0.4199,22,134,22,269788,335822,24710,83246,3.110730297528623,0.19864556587475063
4189,0.42,14,104,14,269892,335718,24724,83232,3.109766942087517,0.19866809881847475
4190,0.4201,30,240,30,270132,335478,24754,83202,3.107543814146504,0.19872456291200918
4191,0.4202,8,52,8,270184,335426,24762,83194,3.1070621364259514,0.19873393531126082
4192,0.4203,17,81,17,270265,335345,24779,83177,3.1063118307458595,0.1987398511906184
4193,0.4204,16,62,16,270327,335283,24795,83161,3.1057375226944313,0.19873866037032434
4194,0.4205,13,104,13,270431,335179,24808,83148,3.1047741672533253,0.19876316852605735
4195,0.4206,15,156,15,270587,335023,24823,83133,3.103329134091667,0.19880857861659285
4196,0.4207,24,164,24,270751,334859,24847,83109,3.101809996665308,0.19884058109711747
4197,0.4208,20,96,20,270847,334763,24867,83089,3.100920745488903,0.19884791744445401
4198,0.4209,7,34,7,270881,334729,24874,83082,3.1006058023639262,0.19885067650205476
4199,0.421,7,45,7,270926,334684,24881,83075,3.100188965874986,0.198858672105209
4200,0.4211,11,118,11,271044,334566,24892,83064,3.0990959279706547,0.198893757632354
4201,0.4212,11,67,11,271111,334499,24903,83053,3.0984753047537885,0.19890456757481703
4202,0.4213,11,54,11,271165,334445,24914,83042,3.097975100967061,0.19890918759146992
4203,0.4214,25,99,25,271264,334346,24939,83017,3.097058060691393,0.19890838430814423
4204,0.4215,18,104,18,271368,334242,24957,82999,3.096094705250287,0.19892340397995403
4205,0.4216,18,68,18,271436,334174,24975,82981,3.0954648190003335,0.19892126427826587
4206,0.4217,13,102,13,271538,334072,24988,82968,3.094519989625403,0.19894494532898524
4207,0.4218,19,272,19,271810,333800,25007,82949,3.092000444625588,0.19903827003784053
4208,0.4219,8,104,8,271914,333696,25015,82941,3.0910370891844825,0.19907257396726646
4209,0.422,19,104,19,272018,333592,25034,82922,3.090073733743377,0.1990857450169742
4210,0.4221,14,140,14,272158,333452,25048,82908,3.0887769091111195,0.19912575655682582
4211,0.4222,34,172,34,272330,333280,25082,82874,3.08718366742006,0.1991426250859057
4212,0.4223,13,102,13,272432,333178,25095,82861,3.0862388380451296,0.1991664243015679
4213,0.4224,13,78,13,272510,333100,25108,82848,3.0855163214643,0.19917874349678324
4214,0.4225,10,87,10,272597,333013,25118,82838,3.084710437585683,0.19920115618334452
4215,0.4226,8,59,8,272656,332954,25126,82830,3.0841639186335175,0.199214014969311
4216,0.4227,14,102,14,272758,332852,25140,82816,3.083219089258587,0.19923592867384549
4217,0.4228,29,164,29,272922,332688,25169,82787,3.081699951832228,0.19925867982429749
4218,0.4229,11,115,11,273037,332573,25180,82776,3.080634703027159,0.19929264305439523
4219,0.423,25,175,25,273212,332398,25205,82751,3.079013672236837,0.19932843388759217
4220,0.4231,13,82,13,273294,332316,25218,82738,3.078254103523658,0.1993427361259017
4221,0.4232,26,101,26,273395,332215,25244,82712,3.077318537181815,0.19934108891443555
4222,0.4233,19,134,19,273529,332081,25263,82693,3.0760772907480827,0.1993688128956974
4223,0.4234,10,129,10,273658,331952,25273,82683,3.0748823594797883,0.19941153062331932
4224,0.4235,28,150,28,273808,331802,25301,82655,3.073492904516655,0.19942961513498383
4225,0.4236,30,178,30,273986,331624,25331,82625,3.0718440846270703,0.19945733121866316
4226,0.4237,25,169,25,274155,331455,25356,82600,3.0702786320352735,0.19949040586395528
4227,0.4238,9,112,9,274267,331343,25365,82591,3.0692411723294675,0.19952697773074934
4228,0.4239,21,108,21,274375,331235,25386,82570,3.0682407647560117,0.19953842993680598
4229,0.424,10,53,10,274428,331182,25396,82560,3.0677498240023713,0.19954464376350478
4230,0.4241,11,70,11,274498,331112,25407,82549,3.0671014116862425,0.19955712527891195
4231,0.4242,17,138,17,274636,330974,25424,82532,3.06582311312016,0.19959081609456694
4232,0.4243,7,46,7,274682,330928,25431,82525,3.0653970135981328,0.1995994707983737
4233,0.4244,12,65,12,274747,330863,25443,82513,3.0647949164474415,0.19960762114878464
4234,0.4245,15,88,15,274835,330775,25458,82498,3.0639797695357367,0.1996210737212448
4235,0.4246,15,71,15,274906,330704,25473,82483,3.0633220941865202,0.19962631931788755
4236,0.4247,17,162,17,275068,330542,25490,82466,3.061821482826337,0.19967167706194552
4237,0.4248,13,93,13,275161,330449,25503,82453,3.060960020749194,0.19969145220899875
4238,0.4249,11,100,11,275261,330349,25514,82442,3.060033717440439,0.19971850161461854
4239,0.425,8,71,8,275332,330278,25522,82434,3.0593760420912224,0.1997373471088798
4240,0.4251,18,131,18,275463,330147,25540,82416,3.0581625847567526,0.199765853942307
4241,0.4252,35,311,35,275774,329836,25575,82381,3.0552817814665234,0.19984862341921852
4242,0.4253,12,99,12,275873,329737,25587,82369,3.0543647411908554,0.1998733335598123
4243,0.4254,11,54,11,275927,329683,25598,82358,3.0538645374041278,0.19987816746391743
4244,0.4255,17,170,17,276097,329513,25615,82341,3.0522898217792434,0.19992764426228712
4245,0.4256,10,73,10,276170,329440,25625,82331,3.051613620363852,0.19994365800408478
4246,0.4257,6,66,6,276236,329374,25631,82325,3.0510022601800735,0.1999640514064887
4247,0.4258,21,105,21,276341,329269,25652,82304,3.0500296417058803,0.19997424515213583
4248,0.4259,3,68,3,276409,329201,25655,82301,3.0493997554559265,0.2000014580731078
4249,0.426,17,158,17,276567,329043,25672,82284,3.047936196228093,0.20004521949689663
4250,0.4261,12,73,12,276640,328970,25684,82272,3.0472599948127015,0.20005738713458257
4251,0.4262,8,78,8,276718,328892,25692,82264,3.046537478231872,0.20007977507320823
4252,0.4263,3,37,3,276755,328855,25695,82261,3.046194746007633,0.2000919448525477
4253,0.4264,22,152,22,276907,328703,25717,82239,3.0447867649783245,0.20012313173148522
4254,0.4265,6,26,6,276933,328677,25723,82233,3.0445459261180483,0.20012411476965758
4255,0.4266,22,217,22,277150,328460,25745,82211,3.0425358479380487,0.2001870110136825
4256,0.4267,13,57,13,277207,328403,25758,82198,3.0420078550520584,0.20018947835002837
4257,0.4268,15,106,15,277313,328297,25773,82183,3.0410259735447775,0.20021194698889105
4258,0.4269,34,242,34,277555,328055,25807,82149,3.0387843195375894,0.20026377119677038
4259,0.427,13,87,13,277642,327968,25820,82136,3.0379784356589723,0.20028090435596824
4260,0.4271,25,125,25,277767,327843,25845,82111,3.0368205565230277,0.2002932036277241
4261,0.4272,12,106,12,277873,327737,25857,82099,3.0358386750157473,0.20032159205145472
4262,0.4273,13,130,13,278003,327607,25870,82086,3.0346344807143653,0.20035978159255832
4263,0.4274,25,136,25,278139,327471,25895,82061,3.0333747082144575,0.20037750407782542
4264,0.4275,19,179,19,278318,327292,25914,82042,3.0317166252917858,0.20042801233222748
4265,0.4276,17,147,17,278465,327145,25931,82025,3.030354959427915,0.2004667986411516
4266,0.4277,19,111,19,278576,327034,25950,82006,3.0293267627551965,0.20048406023860746
4267,0.4278,19,187,19,278763,326847,25969,81987,3.0275945755678237,0.2005386049105505
4268,0.4279,38,191,38,278954,326656,26007,81949,3.025825336248101,0.20055799610871133
4269,0.428,20,177,20,279131,326479,26027,81929,3.024185779391604,0.20060576678223738
4270,0.4281,6,77,6,279208,326402,26033,81923,3.023472525843862,0.20063184962958427
4271,0.4282,22,109,22,279317,326293,26055,81901,3.0224628552373187,0.20064234163167513
4272,0.4283,24,119,24,279436,326174,26079,81877,3.0213605542999,0.20065383983864762
4273,0.4284,16,97,16,279533,326077,26095,81861,3.020462040090407,0.2006701998833156
4274,0.4285,17,134,17,279667,325943,26112,81844,3.019220793656675,0.20070281789267436
4275,0.4286,20,164,20,279831,325779,26132,81824,3.017701656230316,0.20074435173440824
4276,0.4287,20,136,20,279967,325643,26152,81804,3.016441883730409,0.20077212496349217
4277,0.4288,22,175,22,280142,325468,26174,81782,3.014820852940087,0.20081522406384286
4278,0.4289,21,134,21,280276,325334,26195,81761,3.0135796065063545,0.20084009874844938
4279,0.429,13,100,13,280376,325234,26208,81748,3.012653303197599,0.2008639202716582
4280,0.4291,2,26,2,280402,325208,26210,81746,3.0124124643373227,0.20087282592135722
4281,0.4292,11,106,11,280508,325102,26221,81735,3.011430582830042,0.20090355596958978
4282,0.4293,14,76,14,280584,325026,26235,81721,3.010726592315388,0.20091359002033204
4283,0.4294,9,93,9,280677,324933,26244,81712,3.009865130238245,0.20094185345940563
4284,0.4295,23,149,23,280826,324784,26267,81689,3.0084849383081997,0.20097029815018463
4285,0.4296,13,140,13,280966,324644,26280,81676,3.007188113675942,0.20101397912974994
4286,0.4297,17,119,17,281085,324525,26297,81659,3.0060858127385233,0.2010394304059244
4287,0.4298,25,220,25,281305,324305,26322,81634,3.004047945459261,0.201099179926048
4288,0.4299,6,56,6,281361,324249,26328,81628,3.003529215606358,0.20111511615587974
4289,0.43,6,88,6,281449,324161,26334,81622,3.002714068694653,0.2011469184268439
4290,0.4301,10,88,10,281537,324073,26344,81612,3.001898921782949,0.2011708591641298
4291,0.4302,12,122,12,281659,323951,26356,81600,3.000768831746267,0.2012077395937872
4292,0.4303,16,95,16,281754,323856,26372,81584,2.999888843602949,0.20122336227308604
4293,0.4304,9,76,9,281830,323780,26381,81575,2.999184853088295,0.20124335459042075
4294,0.4305,15,83,15,281913,323697,26396,81560,2.9984160213420283,0.20125500608255995
4295,0.4306,24,88,24,282001,323609,26420,81536,2.9976008744303235,0.20125140381838602
4296,0.4307,30,156,30,282157,323453,26450,81506,2.996155841268665,0.20126975817304962
4297,0.4308,19,117,19,282274,323336,26469,81487,2.9950720663974213,0.20129044051350836
4298,0.4309,11,41,11,282315,323295,26480,81476,2.9946922820408313,0.20128912397380247
4299,0.431,14,79,14,282394,323216,26494,81462,2.9939605024269147,0.2013007872926129
4300,0.4311,10,89,10,282483,323127,26504,81452,2.993136092482122,0.20132532830423724
4301,0.4312,25,136,25,282619,322991,26529,81427,2.991876319982215,0.20134365928321687
4302,0.4313,20,118,20,282737,322873,26549,81407,2.9907832820778837,0.20136291679034332
4303,0.4314,6,74,6,282811,322799,26555,81401,2.9900978176294046,0.20138792676892628
4304,0.4315,12,101,12,282912,322698,26567,81389,2.9891622512875617,0.20141454686738253
4305,0.4316,26,188,26,283100,322510,26593,81363,2.9874208010671013,0.2014568936274522
4306,0.4317,9,68,9,283168,322442,26602,81354,2.986790914817148,0.2014730210304213
4307,0.4318,14,106,14,283274,322336,26616,81340,2.985809033309867,0.20149823125476868
4308,0.4319,13,61,13,283335,322275,26629,81327,2.985243988291526,0.20150296579303373
4309,0.432,7,72,7,283407,322203,26636,81320,2.9845770499092223,0.20152506796390787
4310,0.4321,39,170,39,283577,322033,26675,81281,2.983002334284338,0.20153280074582086
4311,0.4322,24,140,24,283717,321893,26699,81257,2.9817055096520804,0.20155525238744884
4312,0.4323,11,97,11,283814,321796,26710,81246,2.9808069954425878,0.20158196912480586
4313,0.4324,22,153,22,283967,321643,26732,81224,2.979389751380192,0.20161492502488415
4314,0.4325,21,97,21,284064,321546,26753,81203,2.978491237170699,0.20162185380969289
4315,0.4326,23,196,23,284260,321350,26776,81180,2.9766756826855385,0.20167440936079298
4316,0.4327,18,139,18,284399,321211,26794,81162,2.9753881210863686,0.20170836512390244
4317,0.4328,19,104,19,284503,321107,26813,81143,2.9744247656452627,0.2017228091982598
4318,0.4329,15,105,15,284608,321002,26828,81128,2.9734521471710695,0.20174570412553156
4319,0.433,19,96,19,284704,320906,26847,81109,2.9725628959946646,0.20175615337736155
4320,0.4331,31,199,31,284903,320707,26878,81078,2.970719552410241,0.20179449207909703
4321,0.4332,36,246,36,285149,320461,26914,81042,2.968440846270703,0.2018465615449947
4322,0.4333,32,212,32,285361,320249,26946,81010,2.9664770832561413,0.20188955263308736
4323,0.4334,11,103,11,285464,320146,26957,80999,2.965522990848123,0.20191950541574744
4324,0.4335,18,126,18,285590,320020,26975,80981,2.9643558486790913,0.20194712731389697
4325,0.4336,11,94,11,285684,319926,26986,80970,2.9634851235688613,0.20197258141762453
4326,0.4337,12,126,12,285810,319800,26998,80958,2.9623179813998295,0.2020121869058135
4327,0.4338,11,72,11,285882,319728,27009,80947,2.961651043017526,0.2020265801460036
4328,0.4339,17,157,17,286039,319571,27026,80930,2.9601967468227794,0.20207190493906382
4329,0.434,15,82,15,286121,319489,27041,80915,2.9594371781096003,0.202083395770272
4330,0.4341,10,78,10,286199,319411,27051,80905,2.958714661528771,0.20210283875738166
4331,0.4342,14,65,14,286264,319346,27065,80891,2.95811256437808,0.20210775115743923
4332,0.4343,11,51,11,286315,319295,27076,80880,2.9576401496906146,0.2021115761854189
4333,0.4344,10,81,10,286396,319214,27086,80870,2.9568898440105227,0.20213255216404555
4334,0.4345,32,208,32,286604,319006,27118,80838,2.9549631331283117,0.20217384780064224
4335,0.4346,13,92,13,286696,318914,27131,80825,2.9541109340842566,0.2021944318667931
4336,0.4347,8,57,8,286753,318857,27139,80817,2.953582941198266,0.20220729894864314
4337,0.4348,21,115,21,286868,318742,27160,80796,2.9525176923931973,0.20222356822129559
4338,0.4349,14,108,14,286976,318634,27174,80782,2.9515172848197415,0.2022502854167084
4339,0.435,11,145,11,287121,318489,27185,80771,2.950174145022046,0.2023017582527676
4340,0.4351,18,121,18,287242,318368,27203,80753,2.949053318018452,0.20232711383264723
4341,0.4352,33,235,33,287477,318133,27236,80720,2.946876505242877,0.202380325583611
4342,0.4353,11,82,11,287559,318051,27247,80709,2.9461169365296973,0.2023999398134216
4343,0.4354,15,136,15,287695,317915,27262,80694,2.94485716402979,0.20243898155836923
4344,0.4355,10,98,10,287793,317817,27272,80684,2.9439493867872097,0.20246875164679637
4345,0.4356,12,61,12,287854,317756,27284,80672,2.9433843417688688,0.20247572961739638
4346,0.4357,5,77,5,287931,317679,27289,80667,2.942671088221127,0.2025048575861186
4347,0.4358,11,64,11,287995,317615,27300,80656,2.9420782541035235,0.2025153726984892
4348,0.4359,25,173,25,288168,317442,27325,80631,2.940475749379377,0.20255330052528053
4349,0.436,18,127,18,288295,317315,27343,80613,2.9392993441772575,0.2025818741078788
4350,0.4361,13,96,13,288391,317219,27356,80600,2.938410093000852,0.20260470213840967
4351,0.4362,18,127,18,288518,317092,27374,80582,2.9372336877987326,0.20263331271342858
4352,0.4363,11,106,11,288624,316986,27385,80571,2.936251806291452,0.2026652781865242
4353,0.4364,18,162,18,288786,316824,27403,80553,2.9347511949312683,0.20271178251383448
4354,0.4365,27,141,27,288927,316683,27430,80526,2.933445107265923,0.20272954540304977
4355,0.4366,15,95,15,289022,316588,27445,80511,2.9325651191226054,0.20274792935766647
4356,0.4367,9,57,9,289079,316531,27454,80502,2.9320371262366147,0.20275896462006937
4357,0.4368,17,95,17,289174,316436,27471,80485,2.9311571380932975,0.20277334784503717
4358,0.4369,21,228,21,289402,316208,27492,80464,2.929045166549335,0.20284769280413037
4359,0.437,25,137,25,289539,316071,27517,80439,2.92777613101634,0.20286751910418402
4360,0.4371,5,32,5,289571,316039,27522,80434,2.9274797139575384,0.20287384008494905
4361,0.4372,8,78,8,289649,315961,27530,80426,2.926757197376709,0.20289767323348143
4362,0.4373,20,111,20,289760,315850,27550,80406,2.9257290007039907,0.2029142776386982
4363,0.4374,26,151,26,289911,315699,27576,80380,2.92433028270777,0.20293931261187792
4364,0.4375,21,153,21,290064,315546,27597,80359,2.922913038645374,0.2029754612849042
4365,0.4376,23,144,23,290208,315402,27620,80336,2.921579161880766,0.2030029969323138
4366,0.4377,22,126,22,290334,315276,27642,80314,2.9204120197117343,0.2030233322379231
4367,0.4378,28,262,28,290596,315014,27670,80286,2.917985105042795,0.20310144194282823
4368,0.4379,11,113,11,290709,314901,27681,80275,2.9169383823039015,0.2031373362754823
4369,0.438,8,83,8,290792,314818,27689,80267,2.9161695505576346,0.20316387612792183
4370,0.4381,5,84,5,290876,314734,27694,80262,2.91539145577828,0.2031969943999433
4371,0.4382,13,92,13,290968,314642,27707,80249,2.914539256734225,0.20321810322342115
4372,0.4383,9,70,9,291038,314572,27716,80240,2.913890844418096,0.20323597053787626
4373,0.4384,33,142,33,291180,314430,27749,80207,2.9125754937196637,0.20324247346295457
4374,0.4385,16,155,16,291335,314275,27765,80191,2.9111397235910927,0.20329001739059893
4375,0.4386,29,214,29,291549,314061,27794,80162,2.909157434510356,0.20334176341816687
4376,0.4387,14,125,14,291674,313936,27808,80148,2.907999555374412,0.20337796002882635
4377,0.4388,11,51,11,291725,313885,27819,80137,2.9075271406869465,0.20338204465740492
4378,0.4389,12,127,12,291852,313758,27831,80125,2.906350735484827,0.20342335160441044
4379,0.439,22,180,22,292032,313578,27853,80103,2.9046833895290676,0.20347184649500483
4380,0.4391,11,67,11,292099,313511,27864,80092,2.9040627663122014,0.20348422141091405
4381,0.4392,6,127,6,292226,313384,27870,80086,2.902886361110082,0.2035377538312959
4382,0.4393,27,155,27,292381,313229,27897,80059,2.901450590981511,0.20356329204043855
4383,0.4394,12,69,12,292450,313160,27909,80047,2.90081144169847,0.20357470746960252
4384,0.4395,18,166,18,292616,312994,27927,80029,2.8992737782059357,0.20362421537670825
4385,0.4396,22,147,22,292763,312847,27949,80007,2.8979121123420652,0.20365581106467034
4386,0.4397,20,107,20,292870,312740,27969,79987,2.896920967801697,0.20367074328986803
4387,0.4398,15,132,15,293002,312608,27984,79972,2.8956982474341397,0.20370879820673493
4388,0.4399,5,25,5,293027,312583,27989,79967,2.895466671606951,0.20371162909183543
4389,0.44,9,118,9,293145,312465,27998,79958,2.8943736337026196,0.20375462192583005
4390,0.4401,9,153,9,293298,312312,28007,79949,2.892956389640224,0.2038158267072179
4391,0.4402,16,128,16,293426,312184,28023,79933,2.891770721405017,0.20384987133942165
4392,0.4403,13,71,13,293497,312113,28036,79920,2.8911130460558003,0.20386038930396166
4393,0.4404,23,128,23,293625,311985,28059,79897,2.8899273778205936,0.2038802496669916
4394,0.4405,28,208,28,293833,311777,28087,79869,2.888000666938382,0.20393161171057536
4395,0.4406,32,206,32,294039,311571,28119,79837,2.886092482122346,0.2039738584801537
4396,0.4407,25,169,25,294208,311402,28144,79812,2.8845270295305494,0.2040111038970998
4397,0.4408,6,38,6,294246,311364,28150,79806,2.8841750342732224,0.20401871309149475
4398,0.4409,16,140,16,294386,311224,28166,79790,2.882878209640965,0.2040591896965326
4399,0.441,13,95,13,294481,311129,28179,79777,2.881998221497647,0.20408231134850835
4400,0.4411,10,88,10,294569,311041,28189,79767,2.8811830745859424,0.2041078995312276
4401,0.4412,20,101,20,294670,310940,28209,79747,2.8802475082440995,0.20411992208596652
4402,0.4413,10,91,10,294761,310849,28219,79737,2.879404572233132,0.20414710204666833
4403,0.4414,29,227,29,294988,310622,28248,79708,2.8773018637222574,0.204206696897497
4404,0.4415,8,38,8,295026,310584,28256,79700,2.87694986846493,0.20421026739502515
4405,0.4416,9,68,9,295094,310516,28265,79691,2.8763199822149765,0.20422749976294632
4406,0.4417,10,78,10,295172,310438,28275,79681,2.875597465634147,0.2042479346045694
4407,0.4418,12,105,12,295277,310333,28287,79669,2.874624847159954,0.20427843959774566
4408,0.4419,14,71,14,295348,310262,28301,79655,2.8739671718107376,0.20428706622178566
4409,0.442,16,100,16,295448,310162,28317,79639,2.8730408685019824,0.2043068129635378
4410,0.4421,11,130,11,295578,310032,28328,79628,2.8718366742006003,0.20435251244674846
4411,0.4422,36,186,36,295764,309846,28364,79592,2.870113750046315,0.2043765631499751
4412,0.4423,12,43,12,295807,309803,28376,79580,2.8697154396235502,0.2043746131700665
4413,0.4424,6,60,6,295867,309743,28382,79574,2.869159657638297,0.20439384871454366
4414,0.4425,9,58,9,295925,309685,28391,79565,2.868622401719219,0.20440590879897239
4415,0.4426,16,131,16,296056,309554,28407,79549,2.8674089443847492,0.20444201149824082
4416,0.4427,10,64,10,296120,309490,28417,79539,2.8668161102671457,0.2044551948569387
4417,0.4428,24,111,24,296231,309379,28441,79515,2.8657879135944273,0.20446445561001197
4418,0.4429,16,169,16,296400,309210,28457,79499,2.8642224610026306,0.2045206053886069
4419,0.443,12,106,12,296506,309104,28469,79487,2.86324057949535,0.20455182955858472
4420,0.4431,18,205,18,296711,308899,28487,79469,2.8613416577124013,0.20462293494829645
4421,0.4432,13,88,13,296799,308811,28500,79456,2.8605265108006965,0.20464268145374187
4422,0.4433,21,222,21,297021,308589,28521,79435,2.8584701174552594,0.20471671855349155
4423,0.4434,15,71,15,297092,308518,28536,79420,2.8578124421060433,0.20472343518809707
4424,0.4435,26,232,26,297324,308286,28562,79394,2.8556634184297307,0.20479261246388775
4425,0.4436,17,133,17,297457,308153,28579,79377,2.854431435029086,0.20482801331509817
4426,0.4437,13,85,13,297542,308068,28592,79364,2.853644077216644,0.20484626979702245
4427,0.4438,21,218,21,297760,307850,28613,79343,2.851624736003557,0.2049184773485058
4428,0.4439,8,61,8,297821,307789,28621,79335,2.8510596909852164,0.20493433628501462
4429,0.444,10,65,10,297886,307724,28631,79325,2.850457593834525,0.20494821069166952
4430,0.4441,15,93,15,297979,307631,28646,79310,2.849596131757383,0.20496664866219916
4431,0.4442,4,67,4,298046,307564,28650,79306,2.8489755085405166,0.2049939256080854
4432,0.4443,14,88,14,298134,307476,28664,79292,2.848160361628812,0.2050117900136516
4433,0.4444,15,160,15,298294,307316,28679,79277,2.846678276334803,0.20506579270705885
4434,0.4445,6,46,6,298340,307270,28685,79271,2.8462521768127758,0.20507785720014177
4435,0.4446,17,48,17,298388,307222,28702,79254,2.845807551224573,0.20506836129539738
4436,0.4447,9,151,9,298539,307071,28711,79245,2.844408833228352,0.2051299972043612
4437,0.4448,9,112,9,298651,306959,28720,79236,2.843371373522546,0.20517096285555225
4438,0.4449,21,125,21,298776,306834,28741,79215,2.842213494386602,0.20519415929065998
4439,0.445,17,112,17,298888,306722,28758,79198,2.841176034680796,0.20521869817578772
4440,0.4451,22,176,22,299064,306546,28780,79176,2.8395457408573863,0.2052670057709957
4441,0.4452,10,66,10,299130,306480,28790,79166,2.838934380673608,0.20528152761859322
4442,0.4453,24,196,24,299326,306284,28814,79142,2.8371188261884472,0.2053364329339484
4443,0.4454,9,55,9,299381,306229,28823,79133,2.8366093593686315,0.205347180054079
4444,0.4455,20,140,20,299521,306089,28843,79113,2.835312534736374,0.20538055357968027
4445,0.4456,13,89,13,299610,306000,28856,79100,2.834488124791582,0.20540119449493638
4446,0.4457,26,187,26,299797,305813,28882,79074,2.832755937604209,0.2054473131074835
4447,0.4458,14,132,14,299929,305681,28896,79060,2.831533217236652,0.2054888873293982
4448,0.4459,16,106,16,300035,305575,28912,79044,2.8305513357293712,0.20551246818279909
4449,0.446,38,213,38,300248,305362,28950,79006,2.8285783096817223,0.20554780835033093
4450,0.4461,29,165,29,300413,305197,28979,78977,2.827049909222276,0.2055761191543415
4451,0.4462,15,91,15,300504,305106,28994,78962,2.8262069732113084,0.20559380109772227
4452,0.4463,8,70,8,300574,305036,29002,78954,2.8255585608951796,0.2056147295502487
4453,0.4464,12,152,12,300726,304884,29014,78942,2.8241505798658713,0.205671319816792
4454,0.4465,10,58,10,300784,304826,29024,78932,2.8236133239467933,0.2056817056582534
4455,0.4466,21,95,21,300879,304731,29045,78911,2.8227333358034756,0.20568915812137356
4456,0.4467,11,92,11,300971,304639,29056,78900,2.8218811367594205,0.20571571600280544
4457,0.4468,16,119,16,301090,304520,29072,78884,2.8207788358220016,0.20574641892103368
4458,0.4469,10,92,10,301182,304428,29082,78874,2.8199266367779465,0.20577508074573053
4459,0.447,5,73,5,301255,304355,29087,78869,2.819250435362555,0.20580391624741665
4460,0.4471,10,73,10,301328,304282,29097,78859,2.8185742339471638,0.20582239958657517
4461,0.4472,18,141,18,301469,304141,29115,78841,2.8172681462818185,0.20586084985717346
4462,0.4473,29,193,29,301662,303948,29144,78812,2.8154803808959206,0.20590448322708746
4463,0.4474,24,180,24,301842,303768,29168,78788,2.8138130349401607,0.205951546963059
4464,0.4475,25,119,25,301961,303649,29193,78763,2.8127107340027417,0.2059637249877096
4465,0.4476,17,127,17,302088,303522,29210,78746,2.8115343288006223,0.2059968399133592
4466,0.4477,15,113,15,302201,303409,29225,78731,2.810487606061729,0.20602658711467
4467,0.4478,14,50,14,302251,303359,29239,78717,2.810024454407351,0.20602445586741905
4468,0.4479,17,126,17,302377,303233,29256,78700,2.8088573122383194,0.20605708331042355
4469,0.448,23,185,23,302562,303048,29279,78677,2.807143651117122,0.20610910996135962
4470,0.4481,19,134,19,302696,302914,29298,78658,2.8059024046833896,0.20614196010189426
4471,0.4482,9,70,9,302766,302844,29307,78649,2.805253992367261,0.2061610566904242
4472,0.4483,22,131,22,302897,302713,29329,78627,2.804040535032791,0.20618608066292549
4473,0.4484,14,94,14,302991,302619,29343,78613,2.803169809922561,0.20620776849792252
4474,0.4485,24,185,24,303176,302434,29367,78589,2.8014561488013636,0.20625788994365168
4475,0.4486,23,101,23,303277,302333,29390,78566,2.8005205824595207,0.20626465283447842
4476,0.4487,14,99,14,303376,302234,29404,78552,2.7996035421838528,0.20628909676301124
4477,0.4488,23,102,23,303478,302132,29427,78529,2.798658712808922,0.20629641597116594
4478,0.4489,15,137,15,303615,301995,29442,78514,2.7973896772759272,0.20633940327298433
4479,0.449,12,94,12,303709,301901,29454,78502,2.7965189521656972,0.20636535463705596
4480,0.4491,14,91,14,303800,301810,29468,78488,2.79567601615473,0.2063855187247895
4481,0.4492,14,103,14,303903,301707,29482,78474,2.7947219237467116,0.20641220892154
4482,0.4493,29,133,29,304036,301574,29511,78445,2.793489940346067,0.2064238893318492
4483,0.4494,29,150,29,304186,301424,29540,78416,2.792100485382934,0.20644481887110364
4484,0.4495,29,164,29,304350,301260,29569,78387,2.790581347956575,0.2064733818520889
4485,0.4496,7,39,7,304389,301221,29576,78380,2.7902200896661604,0.20647996185468426
4486,0.4497,11,94,11,304483,301127,29587,78369,2.7893493645559304,0.20650810548727785
4487,0.4498,19,121,19,304604,301006,29606,78350,2.788228537552336,0.20653423169793017
4488,0.4499,19,118,19,304722,300888,29625,78331,2.787135499648005,0.2065587431009522
4489,0.45,11,115,11,304837,300773,29636,78320,2.786070250842936,0.2065983808722398
4490,0.4501,14,63,14,304900,300710,29650,78306,2.78548667975842,0.20660341515925448
4491,0.4502,9,92,9,304992,300618,29659,78297,2.7846344807143653,0.20663473338347652
4492,0.4503,8,99,8,305091,300519,29667,78289,2.7837174404386973,0.20667198158433825
4493,0.4504,12,95,12,305186,300424,29679,78277,2.7828374522953796,0.20669868841117398
4494,0.4505,13,74,13,305260,300350,29692,78264,2.7821519878469005,0.20671184900716824
4495,0.4506,13,62,13,305322,300288,29705,78251,2.7815776797954723,0.20671846229846857
4496,0.4507,16,80,16,305402,300208,29721,78235,2.780836637148468,0.20672862227600985
4497,0.4508,13,100,13,305502,300108,29734,78222,2.7799103338397124,0.20675600666085164
4498,0.4509,26,166,26,305668,299942,29760,78196,2.7783726703471783,0.20679222929195162
4499,0.451,6,96,6,305764,299846,29766,78190,2.7774834191707733,0.2068321535515136
4500,0.4511,13,86,13,305850,299760,29779,78177,2.7766867983252435,0.206851935640067
4501,0.4512,21,193,21,306043,299567,29800,78156,2.7748990329393455,0.20691353187388642
4502,0.4513,29,115,29,306158,299452,29829,78127,2.773833784134277,0.20691563884644007
4503,0.4514,7,73,7,306231,299379,29836,78120,2.7731575827188855,0.20694094553892858
4504,0.4515,28,133,28,306364,299246,29864,78092,2.771925599318241,0.20695503765854487
4505,0.4516,24,175,24,306539,299071,29888,78068,2.770304568527919,0.2070006019000952
4506,0.4517,33,156,33,306695,298915,29921,78035,2.76885953536626,0.2070168457355087
4507,0.4518,23,108,23,306803,298807,29944,78012,2.7678591277928044,0.20702777726176227
4508,0.4519,7,68,7,306871,298739,29951,78005,2.767229241542851,0.2070504108890918
4509,0.452,21,118,21,306989,298621,29972,77984,2.7661362036385193,0.20707106915733992
4510,0.4521,8,84,8,307073,298537,29980,77976,2.7653581088591648,0.20710041884343966
4511,0.4522,17,109,17,307182,298428,29997,77959,2.7643484382526213,0.2071245818798205
4512,0.4523,7,61,7,307243,298367,30004,77952,2.763783393234281,0.2071434075877115
4513,0.4524,15,119,15,307362,298248,30019,77937,2.762681092296862,0.2071773196698433
4514,0.4525,9,72,9,307434,298176,30028,77928,2.7620141539145577,0.20719800906132346
4515,0.4526,19,126,19,307560,298050,30047,77909,2.760847011745526,0.20722738383706735
4516,0.4527,21,128,21,307688,297922,30068,77888,2.759661343510319,0.2072536654160347
4517,0.4528,31,151,31,307839,297771,30099,77857,2.7582626255140985,0.20727155590105104
4518,0.4529,9,54,9,307893,297717,30108,77848,2.7577624217273704,0.2072823612423948
4519,0.453,21,117,21,308010,297600,30129,77827,2.7566786468561264,0.20730261808553993
4520,0.4531,17,129,17,308139,297471,30146,77810,2.755483715587832,0.20733796808258345
4521,0.4532,20,88,20,308227,297383,30166,77790,2.754668568676127,0.20734434514210778
4522,0.4533,24,158,24,308385,297225,30190,77766,2.7532050094482936,0.20738097714345144
4523,0.4534,30,195,30,308580,297030,30220,77736,2.7513987179962207,0.2074254334704856
4524,0.4535,23,90,23,308670,296940,30243,77713,2.750565045018341,0.20742660541888094
4525,0.4536,12,89,12,308759,296851,30255,77701,2.7497406350735485,0.20745050086503342
4526,0.4537,21,118,21,308877,296733,30276,77680,2.7486475971692172,0.20747142860958354
4527,0.4538,21,131,21,309008,296602,30297,77659,2.7474341398347475,0.2074995791706857
4528,0.4539,19,86,19,309094,296516,30316,77640,2.746637518989218,0.20750702915361507
4529,0.454,28,112,28,309206,296404,30344,77612,2.7456000592834116,0.20750983915126625
4530,0.4541,11,131,11,309337,296273,30355,77601,2.7443866019489422,0.20755923118483768
4531,0.4542,15,107,15,309444,296166,30370,77586,2.7433954574085737,0.20758684903358376
4532,0.4543,8,64,8,309508,296102,30378,77578,2.7428026232909706,0.20760543780774995
4533,0.4544,10,75,10,309583,296027,30388,77568,2.742107895809404,0.20762590505761586
4534,0.4545,4,39,4,309622,295988,30392,77564,2.741746637518989,0.20763909710026984
4535,0.4546,40,242,40,309864,295746,30432,77524,2.739504983511801,0.20768880435073808
4536,0.4547,13,63,13,309927,295683,30445,77511,2.738921412427285,0.2076962652132671
4537,0.4548,5,37,5,309964,295646,30450,77506,2.738578680203046,0.20770624303232998
4538,0.4549,16,121,16,310085,295525,30466,77490,2.7374578531994516,0.20773963513531626
4539,0.455,4,72,4,310157,295453,30470,77486,2.736790914817148,0.20777124409085668
4540,0.4551,25,188,25,310345,295265,30495,77461,2.7350494645966874,0.2078229047611382
4541,0.4552,15,101,15,310446,295164,30510,77446,2.7341138982548445,0.20784734709213387
4542,0.4553,16,86,16,310532,295078,30526,77430,2.733317277409315,0.20786130767661365
4543,0.4554,23,188,23,310720,294890,30549,77407,2.7315758271888546,0.20791733481602054
4544,0.4555,10,71,10,310791,294819,30559,77397,2.730918151839638,0.20793571474627637
4545,0.4556,13,66,13,310857,294753,30572,77384,2.7303067916558597,0.20794492350935273
4546,0.4557,19,158,19,311015,294595,30591,77365,2.728843232428026,0.2079927949241854
4547,0.4558,10,55,10,311070,294540,30601,77355,2.7283337656082107,0.208002258702053
4548,0.4559,31,134,31,311204,294406,30632,77324,2.7270925191744784,0.20801119091813952
4549,0.456,11,161,11,311365,294245,30643,77313,2.725601170847382,0.2080778774780788
4550,0.4561,7,28,7,311393,294217,30650,77306,2.7253418059209307,0.20807863846921995
4551,0.4562,13,101,13,311494,294116,30663,77293,2.724406239579088,0.20810750412617895
4552,0.4563,17,112,17,311606,294004,30680,77276,2.7233687798732817,0.2081340228399052
4553,0.4564,7,67,7,311673,293937,30687,77269,2.7227481566564156,0.20815665695058808
4554,0.4565,9,88,9,311761,293849,30696,77260,2.7219330097447108,0.2081868130387568
4555,0.4566,9,61,9,311822,293788,30705,77251,2.72136796472637,0.20820183323046904
4556,0.4567,8,75,8,311897,293713,30713,77243,2.7206732372448035,0.20822685170208866
4557,0.4568,31,162,31,312059,293551,30744,77212,2.7191726258846196,0.20825163244444564
4558,0.4569,16,113,16,312172,293438,30760,77196,2.718125903145726,0.2082809456229056
4559,0.457,16,52,16,312224,293386,30776,77180,2.717644225425173,0.20827598862280944
4560,0.4571,16,90,16,312314,293296,30792,77164,2.7168105524472934,0.2082923932408357
4561,0.4572,16,76,16,312390,293220,30808,77148,2.7161065619326394,0.208300933125972
4562,0.4573,12,70,12,312460,293150,30820,77136,2.71545814961651,0.20831465407819902
4563,0.4574,20,104,20,312564,293046,30840,77116,2.7144947941754047,0.208330406686802
4564,0.4575,8,59,8,312623,292987,30848,77108,2.713948275223239,0.20834650562693363
4565,0.4576,19,88,19,312711,292899,30867,77089,2.7131331283115343,0.20835540612127962
4566,0.4577,13,85,13,312796,292814,30880,77076,2.712345770499092,0.2083754629754792
4567,0.4578,19,90,19,312886,292724,30899,77057,2.7115120975212124,0.20838550385228014
4568,0.4579,24,150,24,313036,292574,30923,77033,2.7101226425580793,0.20841867172429093
4569,0.458,11,79,11,313115,292495,30934,77022,2.7093908629441623,0.20843966583404824
4570,0.4581,13,93,13,313208,292402,30947,77009,2.70852940086702,0.20846428503753273
4571,0.4582,16,77,16,313285,292325,30963,76993,2.7078161473192783,0.20847345647924012
4572,0.4583,9,73,9,313358,292252,30972,76984,2.707139945903887,0.2084953796487883
4573,0.4584,11,89,11,313447,292163,30983,76973,2.7063155359590945,0.20852206232933118
4574,0.4585,26,198,26,313645,291965,31009,76947,2.7044814554077585,0.20857819751051743
4575,0.4586,26,171,26,313816,291794,31035,76921,2.702897476749787,0.20861912317101283
4576,0.4587,10,63,10,313879,291731,31045,76911,2.702313905665271,0.20863330819602757
4577,0.4588,21,114,21,313993,291617,31066,76890,2.70125791989329,0.20865275286493878
4578,0.4589,24,156,24,314149,291461,31090,76866,2.6998128867316313,0.20868956117797502
4579,0.459,25,142,25,314291,291319,31115,76841,2.698497536033199,0.20871631899174273
4580,0.4591,5,43,5,314334,291276,31120,76836,2.698099225610434,0.20872995175381406
4581,0.4592,29,132,29,314466,291144,31149,76807,2.696876505242877,0.20874246842650243
4582,0.4593,9,72,9,314538,291072,31158,76798,2.696209566860573,0.20876396553130183
4583,0.4594,24,97,24,314635,290975,31182,76774,2.69531105265108,0.20876739297727526
4584,0.4595,11,65,11,314700,290910,31193,76763,2.694708955500389,0.20878062843885736
4585,0.4596,19,93,19,314793,290817,31212,76744,2.6938474934232466,0.20879255416107803
4586,0.4597,8,73,8,314866,290744,31220,76736,2.693171292007855,0.20881680635680852
4587,0.4598,23,150,23,315016,290594,31243,76713,2.6917818370447217,0.2088525402456256
4588,0.4599,13,75,13,315091,290519,31256,76700,2.6910871095631554,0.20886718824461697
4589,0.46,24,143,24,315234,290376,31280,76676,2.6897624958316353,0.20889683205649337
4590,0.4601,7,64,7,315298,290312,31287,76669,2.6891696617140317,0.20891817287543496
4591,0.4602,32,180,32,315478,290132,31319,76637,2.687502315758272,0.20895168348470017
4592,0.4603,12,75,12,315553,290057,31331,76625,2.6868075882767055,0.20896853404312182
4593,0.4604,15,105,15,315658,289952,31346,76610,2.6858349698025124,0.20899602250096846
4594,0.4605,20,81,20,315739,289871,31366,76590,2.6850846641224204,0.20899904764763508
4595,0.4606,17,183,17,315922,289688,31383,76573,2.683389529067398,0.20906675840452574
4596,0.4607,31,166,31,316088,289522,31414,76542,2.6818518655748638,0.2090945845535207
4597,0.4608,13,92,13,316180,289430,31427,76529,2.6809996665308087,0.2091190543202927
4598,0.4609,21,159,21,316339,289271,31448,76508,2.679526844269888,0.20916455017920657
4599,0.461,24,192,24,316531,289079,31472,76484,2.677748341917077,0.2092224869584723
4600,0.4611,36,281,36,316812,288798,31508,76448,2.6751454296194748,0.20930550916368695
4601,0.4612,37,199,37,317011,288599,31545,76411,2.673302086035051,0.2093394701515027
4602,0.4613,27,185,27,317196,288414,31572,76384,2.6715884249138537,0.20938711286794334
4603,0.4614,9,48,9,317244,288366,31581,76375,2.6711437993256513,0.20939515985315607
4604,0.4615,19,86,19,317330,288280,31600,76356,2.6703471784801214,0.2094033501903268
4605,0.4616,9,93,9,317423,288187,31609,76347,2.669485716402979,0.20943725413815995
4606,0.4617,19,134,19,317557,288053,31628,76328,2.6682444699692467,0.20947305155867074
4607,0.4618,15,76,15,317633,287977,31643,76313,2.6675404794545927,0.2094842021466414
4608,0.4619,13,77,13,317710,287900,31656,76300,2.666827225906851,0.20950027457440967
4609,0.462,19,140,19,317850,287760,31675,76281,2.6655304012745935,0.20953958482698376
4610,0.4621,17,94,17,317944,287666,31692,76264,2.664659676164363,0.20955678289781002
4611,0.4622,6,68,6,318012,287598,31698,76258,2.6640297899144096,0.2095829119211996
4612,0.4623,20,99,20,318111,287499,31718,76238,2.6631127496387417,0.20959649417023837
4613,0.4624,13,86,13,318197,287413,31731,76225,2.6623161287932122,0.20961780671986976
4614,0.4625,16,93,16,318290,287320,31747,76209,2.6614546667160695,0.20963664521950107
4615,0.4626,16,124,16,318414,287196,31763,76193,2.6603060506132126,0.20967338031696062
4616,0.4627,9,72,9,318486,287124,31772,76184,2.659639112230909,0.20969535490547964
4617,0.4628,13,116,13,318602,287008,31785,76171,2.6585646003927526,0.20973404299257392
4618,0.4629,13,90,13,318692,286918,31798,76158,2.657730927414873,0.20975773667221187
4619,0.463,23,87,23,318779,286831,31821,76135,2.6569250435362557,0.20975793876010426
4620,0.4631,10,86,10,318865,286745,31831,76125,2.656128422690726,0.20978587372888363
4621,0.4632,35,296,35,319161,286449,31866,76090,2.65338656489681,0.20988086798937494
4622,0.4633,32,166,32,319327,286283,31898,76058,2.651848901404276,0.20990724207307482
4623,0.4634,7,57,7,319384,286226,31905,76051,2.651320908518285,0.20992500213924703
4624,0.4635,10,51,10,319435,286175,31915,76041,2.65084849383082,0.20993274731099676
4625,0.4636,19,88,19,319523,286087,31934,76022,2.6500333469191153,0.2099423101883687
4626,0.4637,9,136,9,319659,285951,31943,76013,2.648773574419208,0.21000154711518274
4627,0.4638,16,124,16,319783,285827,31959,75997,2.647624958316351,0.21003858229415406
4628,0.4639,13,66,13,319849,285761,31972,75984,2.6470135981325726,0.2100485148378001
4629,0.464,21,127,21,319976,285634,31993,75963,2.645837192930453,0.21007641103217117
4630,0.4641,31,185,31,320161,285449,32024,75932,2.6441235318092557,0.21011619315902053
4631,0.4642,20,110,20,320271,285339,32044,75912,2.6431045981696246,0.2101364425288788
4632,0.4643,8,95,8,320366,285244,32052,75904,2.642224610026307,0.21017422220253193
4633,0.4644,10,55,10,320421,285189,32062,75894,2.6417151432064916,0.21018436204418375
4634,0.4645,14,103,14,320524,285086,32076,75880,2.6407610507984733,0.21021370433780467
4635,0.4646,39,154,39,320678,284932,32115,75841,2.63933454370299,0.21021805955545453
4636,0.4647,2,78,2,320756,284854,32117,75839,2.6386120271221607,0.2102591400443036
4637,0.4648,21,128,21,320884,284726,32138,75818,2.637426358886954,0.2102877873435697
4638,0.4649,7,54,7,320938,284672,32145,75811,2.636926155100226,0.21030395330709076
4639,0.465,23,141,23,321079,284531,32168,75788,2.635620067434881,0.21033584129618477
4640,0.4651,16,77,16,321156,284454,32184,75772,2.634906813887139,0.21034572740446275
4641,0.4652,14,64,14,321220,284390,32198,75758,2.634313979769536,0.21035241067561114
4642,0.4653,24,148,24,321368,284242,32222,75734,2.6329430508725777,0.21038624797208702
4643,0.4654,18,116,18,321484,284126,32240,75716,2.6318685390344214,0.21041457083942397
4644,0.4655,23,141,23,321625,283985,32263,75693,2.630562451369076,0.21044656609522963
4645,0.4656,27,182,27,321807,283803,32290,75666,2.6288765793471414,0.21049381170559908
4646,0.4657,8,54,8,321861,283749,32298,75658,2.6283763755604137,0.21050786434320978
4647,0.4658,4,47,4,321908,283702,32302,75654,2.6279410130052985,0.21052660871113882
4648,0.4659,14,131,14,322039,283571,32316,75640,2.6267275556708287,0.2105726160947187
4649,0.466,17,100,17,322139,283471,32333,75623,2.6258012523620735,0.21059388349568636
4650,0.4661,52,302,52,322441,283169,32385,75571,2.623003816369632,0.2106567430451023
4651,0.4662,9,56,9,322497,283113,32394,75562,2.622485086516729,0.21066982644455287
4652,0.4663,9,56,9,322553,283057,32403,75553,2.621966356663826,0.2106829145868771
4653,0.4664,32,146,32,322699,282911,32435,75521,2.6206139538330433,0.2106982635478975
4654,0.4665,39,176,39,322875,282735,32474,75482,2.6189836600096337,0.2107158510065128
4655,0.4666,18,110,18,322985,282625,32492,75464,2.6179647263700025,0.21074090519396016
4656,0.4667,19,210,19,323195,282415,32511,75445,2.616019489421616,0.21082266808249037
4657,0.4668,12,125,12,323320,282290,32523,75433,2.614861610285672,0.21086986299455165
4658,0.4669,21,150,21,323470,282140,32544,75412,2.6134721553225386,0.21091197923658656
4659,0.467,8,59,8,323529,282081,32552,75404,2.612925636370373,0.21092912989356197
4660,0.4671,21,146,21,323675,281935,32573,75383,2.6115732335395903,0.21096894083141626
4661,0.4672,26,104,26,323779,281831,32599,75357,2.6106098780984848,0.2109729330212661
4662,0.4673,8,118,8,323897,281713,32607,75349,2.609516840194153,0.21102497605457876
4663,0.4674,14,119,14,324016,281594,32621,75335,2.608414539256734,0.21106438535394995
4664,0.4675,5,98,5,324114,281496,32626,75330,2.607506762014154,0.2111112979435355
4665,0.4676,17,85,17,324199,281411,32643,75313,2.6067194042017117,0.21112400623451183
4666,0.4677,12,100,12,324299,281311,32655,75301,2.6057931008929565,0.211156663264276
4667,0.4678,14,59,14,324358,281252,32669,75287,2.605246581940791,0.21116063039386995
4668,0.4679,14,119,14,324477,281133,32683,75273,2.604144281003372,0.2112001481456541
4669,0.468,24,72,24,324549,281061,32707,75249,2.603477342621068,0.21118969436726445
4670,0.4681,6,37,6,324586,281024,32713,75243,2.6031346103968285,0.21119834281592176
4671,0.4682,25,154,25,324740,280870,32738,75218,2.601708103301345,0.21123430163330412
4672,0.4683,17,153,17,324893,280717,32755,75201,2.600290859238949,0.21128743137464248
4673,0.4684,18,139,18,325032,280578,32773,75183,2.599003297639779,0.2113300783391097
4674,0.4685,6,45,6,325077,280533,32779,75177,2.5985864611508394,0.21134351016277306
4675,0.4686,21,140,21,325217,280393,32800,75156,2.597289636518582,0.21138014732146623
4676,0.4687,21,138,21,325355,280255,32821,75135,2.596011337952499,0.21141562790174176
4677,0.4688,10,123,10,325478,280132,32831,75125,2.59487198488273,0.21146662838452163
4678,0.4689,17,118,17,325596,280014,32848,75108,2.5937789469783987,0.21149914677209522
4679,0.469,13,64,13,325660,279950,32861,75095,2.593186112860795,0.21150840034361842
4680,0.4691,12,104,12,325764,279846,32873,75083,2.5922227574196897,0.21154371719414305
4681,0.4692,22,80,22,325844,279766,32895,75061,2.591481714772685,0.21154252635791526
4682,0.4693,14,89,14,325933,279677,32909,75047,2.590657304827893,0.2115644839368072
4683,0.4694,16,135,16,326068,279542,32925,75031,2.589406795361073,0.2116094570088529
4684,0.4695,37,182,37,326250,279360,32962,74994,2.587720923339138,0.21163582180531332
4685,0.4696,10,57,10,326307,279303,32972,74984,2.587192930453148,0.21164761902073742
4686,0.4697,43,213,43,326520,279090,33015,74941,2.5852199044054984,0.21167920323361514
4687,0.4698,25,200,25,326720,278890,33040,74916,2.5833672977879876,0.21174315868018068
4688,0.4699,6,90,6,326810,278800,33046,74910,2.582533624810108,0.21178366458398123
4689,0.47,22,98,22,326908,278702,33068,74888,2.5816258475675276,0.21179331994683107
4690,0.4701,19,116,19,327024,278586,33087,74869,2.5805513357293712,0.21182045804982247
4691,0.4702,25,132,25,327156,278454,33112,74844,2.5793286153618142,0.21184382589202316
4692,0.4703,20,178,20,327334,278276,33132,74824,2.5776797954722293,0.2119059756442934
4693,0.4704,22,71,22,327405,278205,33154,74802,2.5770221201230132,0.2118994807468407
4694,0.4705,5,99,5,327504,278106,33159,74797,2.5761050798473453,0.21194775901593355
4695,0.4706,12,56,12,327560,278050,33171,74785,2.5755863499944422,0.21195459634106595
4696,0.4707,7,72,7,327632,277978,33178,74778,2.574919411612138,0.2119822200047625
4697,0.4708,24,128,24,327760,277850,33202,74754,2.5737337433769314,0.21200553595534935
4698,0.4709,9,95,9,327855,277755,33211,74745,2.5728537552336137,0.21204255319148937
4699,0.471,8,58,8,327913,277697,33219,74737,2.5723164993145358,0.21205956292525693
4700,0.4711,25,106,25,328019,277591,33244,74712,2.571334617807255,0.2120674533001422
4701,0.4712,17,114,17,328133,277477,33261,74695,2.5702786320352735,0.21209806571788786
4702,0.4713,33,170,33,328303,277307,33294,74662,2.5687039164103895,0.2121266361526157
4703,0.4714,13,98,13,328401,277209,33307,74649,2.5677961391678092,0.21215660863189129
4704,0.4715,18,112,18,328513,277097,33325,74631,2.566758679462003,0.21218384660874312
4705,0.4716,27,182,27,328695,276915,33352,74604,2.5650728074400684,0.2122331936538281
4706,0.4717,13,95,13,328790,276820,33365,74591,2.5641928192967507,0.21226142607943405
4707,0.4718,7,41,7,328831,276779,33372,74584,2.5638130349401607,0.21227050087800936
4708,0.4719,23,107,23,328938,276672,33395,74561,2.5628218903997926,0.21228358383181534
4709,0.472,27,122,27,329060,276550,33422,74534,2.561691800363111,0.21229677228241675
4710,0.4721,38,192,38,329252,276358,33460,74496,2.5599132980103003,0.21232763485666403
4711,0.4722,16,113,16,329365,276245,33476,74480,2.558866575271407,0.21236011119823223
4712,0.4723,15,109,15,329474,276136,33491,74465,2.5578569046648636,0.212392434704978
4713,0.4724,26,147,26,329621,275989,33517,74439,2.556495238800993,0.2124230940449964
4714,0.4725,15,101,15,329722,275888,33532,74424,2.55555967245915,0.21245061545136906
4715,0.4726,15,114,15,329836,275774,33547,74409,2.554503686687169,0.2124860430117967
4716,0.4727,14,96,14,329932,275678,33561,74395,2.5536144355107635,0.2125128187549454
4717,0.4728,10,102,10,330034,275576,33571,74385,2.552669606135833,0.2125522558227917
4718,0.4729,13,103,13,330137,275473,33584,74372,2.551715513727815,0.21258557361117067
4719,0.473,13,94,13,330231,275379,33597,74359,2.550844788617585,0.2126134420623438
4720,0.4731,21,112,21,330343,275267,33618,74338,2.549807328911779,0.21263425866334865
4721,0.4732,14,96,14,330439,275171,33632,74324,2.5489180777353737,0.21266112533798767
4722,0.4733,30,166,30,330605,275005,33662,74294,2.5473804142428396,0.21269456826386562
4723,0.4734,30,183,30,330788,274822,33692,74264,2.545685279187817,0.2127384083005334
4724,0.4735,18,153,18,330941,274669,33710,74246,2.5442680351254214,0.21279108092228766
4725,0.4736,10,134,10,331075,274535,33720,74236,2.543026788691689,0.21285026564708648
4726,0.4737,14,88,14,331163,274447,33734,74222,2.5422116417799843,0.21287238039515988
4727,0.4738,12,94,12,331257,274353,33746,74210,2.5413409166697543,0.21290268904043172
4728,0.4739,18,163,18,331420,274190,33764,74192,2.539831042276483,0.21296163406835025
4729,0.474,10,46,10,331466,274144,33774,74182,2.5394049427544556,0.21296716294505721
4730,0.4741,24,119,24,331585,274025,33798,74158,2.5383026418170367,0.2129857000485377
4731,0.4742,20,84,20,331669,273941,33818,74138,2.537524547037682,0.21299187828050528
4732,0.4743,12,56,12,331725,273885,33830,74126,2.537005817184779,0.21299901439897015
4733,0.4744,22,162,22,331887,273723,33852,74104,2.5355052058245953,0.21304844074784304
4734,0.4745,26,118,26,332005,273605,33878,74078,2.534412167920264,0.21306189833842898
4735,0.4746,9,77,9,332082,273528,33887,74069,2.533698914372522,0.2130887205585779
4736,0.4747,16,64,16,332146,273464,33903,74053,2.533106080254919,0.21309173364180745
4737,0.4748,14,112,14,332258,273352,33917,74039,2.5320686205491127,0.21312872239062036
4738,0.4749,5,90,5,332348,273262,33922,74034,2.5312349475712326,0.21317262508062287
4739,0.475,28,153,28,332501,273109,33950,74006,2.529817703508837,0.21320311712256745
4740,0.4751,26,149,26,332650,272960,33976,73980,2.528437511578791,0.21323571799158356
4741,0.4752,21,105,21,332755,272855,33997,73959,2.527464893104598,0.21325263686010368
4742,0.4753,17,122,17,332877,272733,34014,73942,2.5263348030679165,0.21328910362731665
4743,0.4754,8,66,8,332943,272667,34022,73934,2.525723442884138,0.21331155997818818
4744,0.4755,38,169,38,333112,272498,34060,73896,2.5241579902923412,0.21332933018470296
4745,0.4756,52,216,52,333328,272282,34112,73844,2.5221571751454297,0.21334427347266602
4746,0.4757,9,91,9,333419,272191,34121,73835,2.5213142391344623,0.21337991942801987
4747,0.4758,40,172,40,333591,272019,34161,73795,2.519720997443403,0.21339506208539852
4748,0.4759,24,184,24,333775,271835,34185,73771,2.5180165993552928,0.21345404883017077
4749,0.476,18,107,18,333882,271728,34203,73753,2.5170254548149247,0.2134791783050298
4750,0.4761,30,189,30,334071,271539,34233,73723,2.515274741561377,0.21352769780630362
4751,0.4762,30,119,30,334190,271420,34263,73693,2.514172440623958,0.21353295877002604
4752,0.4763,14,87,14,334277,271333,34277,73679,2.5133665567453405,0.21355489084437643
4753,0.4764,12,111,12,334388,271222,34289,73667,2.512338360072622,0.21359625850636002
4754,0.4765,12,53,12,334441,271169,34301,73655,2.5118474193189817,0.21360172145790315
4755,0.4766,7,88,7,334529,271081,34308,73648,2.511032272407277,0.21364027975598224
4756,0.4767,36,186,36,334715,270895,34344,73612,2.509309348252992,0.21367345220851827
4757,0.4768,34,220,34,334935,270675,34378,73578,2.50727148097373,0.21373234220181087
4758,0.4769,5,72,5,335007,270603,34383,73573,2.5066045425914263,0.21376563153735298
4759,0.477,38,163,38,335170,270440,34421,73535,2.5050946681981547,0.21378007122610654
4760,0.4771,27,139,27,335309,270301,34448,73508,2.503807106598985,0.21380475787428485
4761,0.4772,10,60,10,335369,270241,34458,73498,2.5032513246137316,0.21381920585095088
4762,0.4773,16,115,16,335484,270126,34474,73482,2.502186075808663,0.21385415939093386
4763,0.4774,29,146,29,335630,269980,34503,73453,2.5008336729778797,0.2138786895842857
4764,0.4775,17,134,17,335764,269846,34520,73436,2.499592426544148,0.21392324677670255
4765,0.4776,19,53,19,335817,269793,34539,73417,2.4991014857905074,0.21391276477958102
4766,0.4777,20,146,20,335963,269647,34559,73397,2.497749082959724,0.21395797623628457
4767,0.4778,22,117,22,336080,269530,34581,73375,2.4966653080884806,0.2139805485484318
4768,0.4779,14,59,14,336139,269471,34595,73361,2.4961187891363146,0.21398527558687638
4769,0.478,0,23,0,336162,269448,34595,73361,2.495905739375301,0.21399963244838963
4770,0.4781,31,218,31,336380,269230,34626,73330,2.493886398162214,0.2140646893974778
4771,0.4782,28,163,28,336543,269067,34654,73302,2.492376523768943,0.21410232818976016
4772,0.4783,6,60,6,336603,269007,34660,73296,2.4918207417836897,0.21412608127886698
4773,0.4784,22,216,22,336819,268791,34682,73274,2.4898199266367778,0.2142107494189701
4774,0.4785,22,170,22,336989,268621,34704,73252,2.4882452110118938,0.21426670137741208
4775,0.4786,26,163,26,337152,268458,34730,73226,2.4867353366186222,0.21430912773205651
4776,0.4787,23,122,23,337274,268336,34753,73203,2.4856052465819407,0.21433277019608302
4777,0.4788,15,119,15,337393,268217,34768,73188,2.484502945644522,0.21437295880259516
4778,0.4789,7,55,7,337448,268162,34775,73181,2.4839934788247064,0.21439138930635754
4779,0.479,21,100,21,337548,268062,34796,73160,2.483067175515951,0.21440587066484576
4780,0.4791,12,47,12,337595,268015,34808,73148,2.482631812960836,0.21440777575528414
4781,0.4792,34,162,34,337757,267853,34842,73114,2.481131201600652,0.2144313086017122
4782,0.4793,29,188,29,337945,267665,34871,73085,2.479389751380192,0.21448275862068966
4783,0.4794,23,193,23,338138,267472,34894,73062,2.477601985994294,0.2145512636036343
4784,0.4795,18,194,18,338332,267278,34912,73044,2.4758049575753085,0.21463202496459236
4785,0.4796,23,148,23,338480,267130,34935,73021,2.4744340286783504,0.21467230729881728
4786,0.4797,11,51,11,338531,267079,34946,73010,2.4739616139908853,0.21467909870651505
4787,0.4798,21,159,21,338690,266920,34967,72989,2.472488791729964,0.21473100153276317
4788,0.4799,24,130,24,338820,266790,34991,72965,2.471284597428582,0.21475769304351666
4789,0.48,42,184,42,339004,266606,35033,72923,2.4695801993404722,0.2147769409976762
4790,0.4801,6,43,6,339047,266563,35039,72917,2.4691818889177073,0.21479026746789207
4791,0.4802,8,51,8,339098,266512,35047,72909,2.468709474230242,0.21480403392836625
4792,0.4803,26,143,26,339241,266369,35073,72883,2.4673848604987216,0.21483440038673315
4793,0.4804,19,94,19,339335,266275,35092,72864,2.4665141353884916,0.2148499582766948
4794,0.4805,13,115,13,339450,266160,35105,72851,2.465448886583423,0.21489273209423884
4795,0.4806,32,209,32,339659,265951,35137,72819,2.463512912668124,0.21495114679576113
4796,0.4807,17,92,17,339751,265859,35154,72802,2.4626607136240692,0.21497013237426216
4797,0.4808,29,138,29,339889,265721,35183,72773,2.4613824150579866,0.21499051681861422
4798,0.4809,12,72,12,339961,265649,35195,72761,2.4607154766756825,0.21500842173694631
4799,0.481,20,115,20,340076,265534,35215,72741,2.459650227870614,0.21503510457468036
4800,0.4811,34,125,34,340201,265409,35249,72707,2.4584923487346697,0.21503566823220432
4801,0.4812,18,96,18,340297,265313,35267,72689,2.4576030975582643,0.21505494050331064
4802,0.4813,11,91,11,340388,265222,35278,72678,2.456760161547297,0.21508730393607575
4803,0.4814,28,135,28,340523,265087,35306,72650,2.4555096520804773,0.2151082054971768
4804,0.4815,32,221,32,340744,264866,35338,72618,2.453462521768128,0.2151746453165187
4805,0.4816,46,275,46,341019,264591,35384,72572,2.4509151876690503,0.21524307234186432
4806,0.4817,14,93,14,341112,264498,35398,72558,2.450053725591908,0.21526986613500426
4807,0.4818,34,145,34,341257,264353,35432,72524,2.4487105857942124,0.21528332299325867
4808,0.4819,18,115,18,341372,264238,35450,72506,2.4476453369891438,0.21531489796403203
4809,0.482,5,90,5,341462,264148,35455,72501,2.446811664011264,0.21536080606210029
4810,0.4821,14,78,14,341540,264070,35469,72487,2.4460891474304347,0.21537807860184158
4811,0.4822,25,142,25,341682,263928,35494,72462,2.444773796732002,0.21541068402746813
4812,0.4823,14,55,14,341737,263873,35508,72448,2.4442643299121865,0.21541325103100906
4813,0.4824,36,204,36,341941,263669,35544,72412,2.4423746711623253,0.21545996352069888
4814,0.4825,18,125,18,342066,263544,35562,72394,2.441216792026381,0.2154980978632962
4815,0.4826,14,114,14,342180,263430,35576,72380,2.4401608062544,0.21553854858402072
4816,0.4827,17,100,17,342280,263330,35593,72363,2.4392345029456446,0.21556302931547575
4817,0.4828,25,158,25,342438,263172,35618,72338,2.437770943717811,0.21560609221781765
4818,0.4829,49,414,49,342852,262758,35667,72289,2.4339360480195635,0.21575778920569352
4819,0.483,11,75,11,342927,262683,35678,72278,2.433241320537997,0.21578034457742842
4820,0.4831,8,85,8,343012,262598,35686,72270,2.432453962725555,0.2158163813801259
4821,0.4832,11,120,11,343132,262478,35697,72259,2.4313423987550484,0.21586797993648746
4822,0.4833,9,77,9,343209,262401,35706,72250,2.4306291452073068,0.21589656089478293
4823,0.4834,13,113,13,343322,262288,35719,72237,2.429582422468413,0.21593901801061205
4824,0.4835,10,69,10,343391,262219,35729,72227,2.428943273185372,0.21596012510240817
4825,0.4836,11,116,11,343507,262103,35740,72216,2.4278687613472156,0.21600926061635742
4826,0.4837,24,141,24,343648,261962,35764,72192,2.4265626736818704,0.2160440994272102
4827,0.4838,10,80,10,343728,261882,35774,72182,2.425821631034866,0.21607236936634897
4828,0.4839,15,59,15,343787,261823,35789,72167,2.4252751120827005,0.2160753315967544
4829,0.484,8,72,8,343859,261751,35797,72159,2.4246081737003964,0.2161031415650924
4830,0.4841,24,105,24,343964,261646,35821,72135,2.423635555226203,0.21611475788016693
4831,0.4842,15,110,15,344074,261536,35836,72120,2.422616621586572,0.2161507660584554
4832,0.4843,17,77,17,344151,261459,35853,72103,2.4219033680388304,0.21616071375036724
4833,0.4844,27,149,27,344300,261310,35880,72076,2.420523176108785,0.21619384137306305
4834,0.4845,25,150,25,344450,261160,35905,72051,2.419133721145652,0.21623235727511997
4835,0.4846,12,111,12,344561,261049,35917,72039,2.4181055244729333,0.2162761792679412
4836,0.4847,16,63,16,344624,260986,35933,72023,2.4175219533884174,0.21627943989501786
4837,0.4848,10,103,10,344727,260883,35943,72013,2.4165678609803996,0.21632281553398058
4838,0.4849,23,103,23,344830,260780,35966,71990,2.4156137685723813,0.21633560717612765
4839,0.485,11,74,11,344904,260706,35977,71979,2.4149283041239022,0.2163578159520267
4840,0.4851,15,98,15,345002,260608,35992,71964,2.414020526881322,0.2163862261405049
4841,0.4852,10,52,10,345054,260556,36002,71954,2.413538849160769,0.2163964993534029
4842,0.4853,13,125,13,345179,260431,36015,71941,2.412380970024825,0.21644723382234363
4843,0.4854,11,74,11,345253,260357,36026,71930,2.411695505576346,0.21646949775344806
4844,0.4855,18,125,18,345378,260232,36044,71912,2.4105376264404015,0.21650850233633603
4845,0.4856,9,63,9,345441,260169,36053,71903,2.4099540553558856,0.21652834325086126
4846,0.4857,40,214,40,345655,259955,36093,71863,2.407971766275149,0.21657354332796894
4847,0.4858,33,153,33,345808,259802,36126,71830,2.4065545222127533,0.2165955034496068
4848,0.4859,20,100,20,345908,259702,36146,71810,2.405628218903998,0.21661357658244648
4849,0.486,16,86,16,345994,259616,36162,71794,2.4048315980584682,0.2166319664463957
4850,0.4861,20,117,20,346111,259499,36182,71774,2.4037478231872242,0.21666118277070573
4851,0.4862,17,101,17,346212,259398,36199,71757,2.4028122568453814,0.21668704987090637
4852,0.4863,41,232,41,346444,259166,36240,71716,2.4006632331690687,0.2167419200802703
4853,0.4864,12,80,12,346524,259086,36252,71704,2.3999221905220645,0.21676592400012093
4854,0.4865,17,102,17,346626,258984,36269,71687,2.398977361147134,0.2167925218721932
4855,0.4866,22,128,22,346754,258856,36291,71665,2.397791692911927,0.21682434701577208
4856,0.4867,13,109,13,346863,258747,36304,71652,2.3967820223053837,0.21686506315091753
4857,0.4868,20,120,20,346983,258627,36324,71632,2.395670458334877,0.21689643582763832
4858,0.4869,18,132,18,347115,258495,36342,71614,2.39444773796732,0.21694046511909704
4859,0.487,19,108,19,347223,258387,36361,71595,2.3934473303938644,0.21696637998436277
4860,0.4871,17,100,17,347323,258287,36378,71578,2.3925210270851087,0.21699179967562487
4861,0.4872,23,91,23,347414,258196,36401,71555,2.3916780910741413,0.21699706748425326
4862,0.4873,17,119,17,347533,258077,36418,71538,2.3905757901367224,0.2170350257118153
4863,0.4874,22,121,22,347654,257956,36440,71516,2.389454963133128,0.21706245143745143
4864,0.4875,16,89,16,347743,257867,36456,71500,2.388630553188336,0.21708307146739048
4865,0.4876,16,93,16,347836,257774,36472,71484,2.3877690911111933,0.2171063421389913
4866,0.4877,16,138,16,347974,257636,36488,71468,2.386490792545111,0.21715931741941757
4867,0.4878,23,144,23,348118,257492,36511,71445,2.3851569157805033,0.21719964613284612
4868,0.4879,22,159,22,348277,257333,36533,71423,2.383684093519582,0.21725230870311113
4869,0.488,7,107,7,348384,257226,36540,71416,2.382692948979214,0.21730636984925847
4870,0.4881,41,228,41,348612,256998,36581,71375,2.3805809774352515,0.21735952712311912
4871,0.4882,13,151,13,348763,256847,36594,71362,2.379182259439031,0.21742852877282462
4872,0.4883,35,137,35,348900,256710,36629,71327,2.377913223906036,0.21743583803046607
4873,0.4884,23,110,23,349010,256600,36652,71304,2.3768942902664048,0.2174538889431053
4874,0.4885,19,85,19,349095,256515,36671,71285,2.3761069324539625,0.21746491763270287
4875,0.4886,14,80,14,349175,256435,36685,71271,2.3753658898069583,0.21748457458819795
4876,0.4887,20,135,20,349310,256300,36705,71251,2.3741153803401387,0.21752643099853153
4877,0.4888,4,83,4,349393,256217,36709,71247,2.3733465485938714,0.2175720079153739
4878,0.4889,18,100,18,349493,256117,36727,71229,2.372420245285116,0.21759544946325907
4879,0.489,15,120,15,349613,255997,36742,71214,2.3713086813146096,0.21763938253909557
4880,0.4891,24,164,24,349777,255833,36766,71190,2.369789543888251,0.21769111041119432
4881,0.4892,3,42,3,349819,255791,36769,71187,2.3694004964985735,0.217711894989877
4882,0.4893,14,103,14,349922,255688,36783,71173,2.3684464040905553,0.21774699337027054
4883,0.4894,23,117,23,350039,255571,36806,71150,2.3673626292193117,0.21776990153678522
4884,0.4895,17,95,17,350134,255476,36823,71133,2.366482641075994,0.2177925286810835
4885,0.4896,12,72,12,350206,255404,36835,71121,2.36581570269369,0.21781180614041804
4886,0.4897,17,83,17,350289,255321,36852,71104,2.365046870947423,0.21782645324347094
4887,0.4898,13,77,13,350366,255244,36865,71091,2.3643336173996814,0.217846691283497
4888,0.4899,30,170,30,350536,255074,36895,71061,2.362758901774797,0.21788829779079216
4889,0.49,12,65,12,350601,255009,36907,71049,2.362156804624106,0.21790294978194064
4890,0.4901,16,60,16,350661,254949,36923,71033,2.361601022638853,0.2179046695829831
4891,0.4902,42,206,42,350867,254743,36965,70991,2.359692837822817,0.21794163335727926
4892,0.4903,19,101,19,350968,254642,36984,70972,2.358757271480974,0.21796360107366392
4893,0.4904,18,127,18,351095,254515,37002,70954,2.3575808662788544,0.21800540143608146
4894,0.4905,25,81,25,351176,254434,37027,70929,2.3568305605987625,0.21799958815230988
4895,0.4906,12,60,12,351236,254374,37039,70917,2.356274778613509,0.21801095019536354
4896,0.4907,10,70,10,351306,254304,37049,70907,2.3556263662973804,0.21803383034399204
4897,0.4908,16,97,16,351403,254207,37065,70891,2.354727852087888,0.21806040024854045
4898,0.4909,18,145,18,351548,254062,37083,70873,2.3533847122901923,0.21811439210919106
4899,0.491,29,130,29,351678,253932,37112,70844,2.3521805179888102,0.21813188166613295
4900,0.4911,14,119,14,351797,253813,37126,70830,2.3510782170513913,0.21817812181380777
4901,0.4912,34,246,34,352043,253567,37160,70796,2.348799510911853,0.21826163896621995
4902,0.4913,20,94,20,352137,253473,37180,70776,2.347928785801623,0.21827669476235856
4903,0.4914,20,91,20,352228,253382,37200,70756,2.3470858497906555,0.21828974078941685
4904,0.4915,2,62,2,352290,253320,37202,70754,2.3465115417392273,0.21832667847466936
4905,0.4916,44,177,44,352467,253143,37246,70710,2.34487198488273,0.2183398023177182
4906,0.4917,14,83,14,352550,253060,37260,70696,2.344103153136463,0.21836197630314189
4907,0.4918,14,131,14,352681,252929,37274,70682,2.3428896958019934,0.2184165556795041
4908,0.4919,7,76,7,352757,252853,37281,70675,2.3421857052873394,0.21845095324052324
4909,0.492,12,125,12,352882,252728,37293,70663,2.341027826151395,0.21850639009743622
4910,0.4921,16,108,16,352990,252620,37309,70647,2.340027418577939,0.21854071092935562
4911,0.4922,19,72,19,353062,252548,37328,70628,2.3393604801956354,0.21854345619724236
4912,0.4923,12,86,12,353148,252462,37340,70616,2.3385638593501055,0.21857260475798415
4913,0.4924,15,90,15,353238,252372,37355,70601,2.3377301863722257,0.21859722020106945
4914,0.4925,19,120,19,353358,252252,37374,70582,2.336618622401719,0.2186324860454599
4915,0.4926,27,161,27,353519,252091,37401,70555,2.335127274074623,0.21867619620264933
4916,0.4927,13,101,13,353620,251990,37414,70542,2.33419170773278,0.21871318194783773
4917,0.4928,18,93,18,353713,251897,37432,70524,2.3333302456556373,0.2187326507888754
4918,0.4929,26,145,26,353858,251752,37458,70498,2.331987105857942,0.21876803723816912
4919,0.493,17,98,17,353956,251654,37475,70481,2.331079328615362,0.21879336303102737
4920,0.4931,68,397,68,354353,251257,37543,70413,2.327401904479603,0.21889824975906985
4921,0.4932,9,40,9,354393,251217,37552,70404,2.3270313831561005,0.21890361636833416
4922,0.4933,18,119,18,354512,251098,37570,70386,2.3259290822186816,0.21894091152281295
4923,0.4934,18,87,18,354599,251011,37588,70368,2.3251231983400644,0.21895643461458278
4924,0.4935,30,137,30,354736,250874,37618,70338,2.3238541628070695,0.21897687508561323
4925,0.4936,20,128,20,354864,250746,37638,70318,2.3226684945718628,0.21901552338474573
4926,0.4937,17,105,17,354969,250641,37655,70301,2.3216958760976696,0.2190458089000505
4927,0.4938,12,97,12,355066,250544,37667,70289,2.3207973618881765,0.2190828250211169
4928,0.4939,15,67,15,355133,250477,37682,70274,2.3201767386713104,0.21909206830220326
4929,0.494,27,179,27,355312,250298,37709,70247,2.318518655748638,0.21914863747679733
4930,0.4941,15,81,15,355393,250217,37724,70232,2.3177683500685466,0.2191674806287428
4931,0.4942,15,142,15,355535,250075,37739,70217,2.3164529993701137,0.21922807937756797
4932,0.4943,31,145,31,355680,249930,37770,70186,2.315109859572418,0.21925177123292805
4933,0.4944,16,92,16,355772,249838,37786,70170,2.3142576605283636,0.21927576810579735
4934,0.4945,23,128,23,355900,249710,37809,70147,2.3130719922931564,0.21930737798453684
4935,0.4946,39,173,39,356073,249537,37848,70108,2.3114694875690094,0.21933082012858016
4936,0.4947,25,187,25,356260,249350,37873,70083,2.309737300381637,0.2193981210457279
4937,0.4948,22,103,22,356363,249247,37895,70061,2.308783207973619,0.21941511017575507
4938,0.4949,28,132,28,356495,249115,37923,70033,2.307560487606062,0.21943737701630592
4939,0.495,16,108,16,356603,249007,37939,70017,2.306560080032606,0.21947251617433172
4940,0.4951,22,167,22,356770,248840,37961,69995,2.305013153506984,0.2195336145655276
4941,0.4952,17,134,17,356904,248706,37978,69978,2.303771907073252,0.21958429039424635
4942,0.4953,25,125,25,357029,248581,38003,69953,2.3026140279373077,0.219609209691901
4943,0.4954,29,126,29,357155,248455,38032,69924,2.301446885768276,0.21962503808354195
4944,0.4955,24,56,24,357211,248399,38056,69900,2.300928155915373,0.21960483696147334
4945,0.4956,32,185,32,357396,248214,38088,69868,2.2992144947941755,0.21965405147100434
4946,0.4957,9,57,9,357453,248157,38097,69859,2.298686501908185,0.21967133729120547
4947,0.4958,21,72,21,357525,248085,38118,69838,2.298019563525881,0.21966954262510105
4948,0.4959,13,109,13,357634,247976,38131,69825,2.2970098929193377,0.21971296503157636
4949,0.496,25,94,25,357728,247882,38156,69800,2.296139167809107,0.21971657191782978
4950,0.4961,16,195,16,357923,247687,38172,69784,2.2943328763570343,0.2198122033193583
4951,0.4962,22,86,22,358009,247601,38194,69762,2.293536255511505,0.2198176851113709
4952,0.4963,20,164,20,358173,247437,38214,69742,2.2920171180851456,0.21988214856595173
4953,0.4964,20,149,20,358322,247288,38234,69722,2.2906369261551003,0.21993627961263051
4954,0.4965,10,57,10,358379,247231,38244,69712,2.2901089332691096,0.21995122151301655
4955,0.4966,12,57,12,358436,247174,38256,69700,2.289580940383119,0.21996124642602422
4956,0.4967,13,67,13,358503,247107,38269,69687,2.2889603171662527,0.21997575711661205
4957,0.4968,43,139,43,358642,246968,38312,69644,2.287672755567083,0.21996639419857744
4958,0.4969,15,64,15,358706,246904,38327,69629,2.2870799214494792,0.21997390477454168
4959,0.497,31,154,31,358860,246750,38358,69598,2.285653414353996,0.22000455194911933
4960,0.4971,9,45,9,358905,246705,38367,69589,2.285236577865056,0.22001365817878304
4961,0.4972,23,141,23,359046,246564,38390,69566,2.283930490199711,0.22005504064783477
4962,0.4973,20,113,20,359159,246451,38410,69546,2.2828837674608176,0.22008436788956856
4963,0.4974,17,86,17,359245,246365,38427,69529,2.2820871466152877,0.2201023128011295
4964,0.4975,30,179,30,359424,246186,38457,69499,2.2804290636926154,0.22015300061770435
4965,0.4976,21,102,21,359526,246084,38478,69478,2.279484234317685,0.2201722640875644
4966,0.4977,16,97,16,359623,245987,38494,69462,2.2785857201081923,0.2202004127450079
4967,0.4978,29,141,29,359764,245846,38523,69433,2.277279632442847,0.22022716387707394
4968,0.4979,19,106,19,359870,245740,38542,69414,2.276297750935566,0.2202542249186112
4969,0.498,29,210,29,360080,245530,38571,69385,2.27435251398718,0.22032929520664307
4970,0.4981,20,89,20,360169,245441,38591,69365,2.273528104042388,0.22034205193039522
4971,0.4982,30,182,30,360351,245259,38621,69335,2.271842232020453,0.22039517600462818
4972,0.4983,20,89,20,360440,245170,38641,69315,2.2710178220756605,0.22040796858355724
4973,0.4984,14,82,14,360522,245088,38655,69301,2.270258253362481,0.2204307402612687
4974,0.4985,19,107,19,360629,244981,38674,69282,2.269267108822113,0.2204586604213668
4975,0.4986,8,71,8,360700,244910,38682,69274,2.2686094334728963,0.22048863086598935
4976,0.4987,24,141,24,360841,244769,38706,69250,2.267303345807551,0.2205280572194676
4977,0.4988,17,136,17,360977,244633,38723,69233,2.266043573307644,0.22058139460789
4978,0.4989,26,130,26,361107,244503,38749,69207,2.2648393790062618,0.22060820503012335
4979,0.499,11,75,11,361182,244428,38760,69196,2.2641446515246955,0.22063362497768027
4980,0.4991,19,111,19,361293,244317,38779,69177,2.2631164548519767,0.22066451032555648
4981,0.4992,29,189,29,361482,244128,38808,69148,2.261365741598429,0.22072549445217635
4982,0.4993,12,63,12,361545,244065,38820,69136,2.260782170513913,0.2207400359513539
4983,0.4994,15,123,15,361668,243942,38835,69121,2.259642817444144,0.22078942577053182
4984,0.4995,30,98,30,361766,243844,38865,69091,2.2587350402015636,0.22078386885455445
4985,0.4996,15,84,15,361850,243760,38880,69076,2.257956945422209,0.22080578961500594
4986,0.4997,22,90,22,361940,243670,38902,69054,2.2571232724443293,0.22081452015195507
4987,0.4998,17,158,17,362098,243512,38919,69037,2.2556597132164957,0.22088376542558127
4988,0.4999,12,66,12,362164,243446,38931,69025,2.2550483530327172,0.22090049956635976
4989,0.5,18,141,18,362305,243305,38949,69007,2.253742265367372,0.2209553267245575
4990,0.5001,11,57,11,362362,243248,38960,68996,2.2532142724813813,0.22096821716350035
4991,0.5002,5,71,5,362433,243177,38965,68991,2.252556597132165,0.22100599677096947
4992,0.5003,18,123,18,362556,243054,38983,68973,2.2514172440623956,0.22104817852301242
4993,0.5004,10,36,10,362592,243018,38993,68963,2.251083774871244,0.22104871771037338
4994,0.5005,13,94,13,362686,242924,39006,68950,2.2502130497610136,0.22108287321161751
4995,0.5006,38,137,38,362823,242787,39044,68912,2.248944014228019,0.2210850852906169
4996,0.5007,12,89,12,362912,242698,39056,68900,2.2481196042832265,0.22111823567545363
4997,0.5008,20,118,20,363030,242580,39076,68880,2.2470265663788953,0.2211519938354845
4998,0.5009,14,99,14,363129,242481,39090,68866,2.2461095261032273,0.22118729263490575
4999,0.501,35,201,35,363330,242280,39125,68831,2.244247656452629,0.2212425790152068
5000,0.5011,8,78,8,363408,242202,39133,68823,2.2435251398717995,0.22127803231251508
5001,0.5012,26,133,26,363541,242069,39159,68797,2.242293156471155,0.22130757303790058
5002,0.5013,5,46,5,363587,242023,39164,68792,2.2418670569491272,0.22132779949487638
5003,0.5014,22,110,22,363697,241913,39186,68770,2.2408481233094966,0.22135102339040114
5004,0.5015,12,84,12,363781,241829,39198,68758,2.240070028530142,0.22138080473426125
5005,0.5016,11,67,11,363848,241762,39209,68747,2.239449405313276,0.22140098998740776
5006,0.5017,18,46,18,363894,241716,39227,68729,2.2390233057912483,0.22138865177406625
5007,0.5018,15,75,15,363969,241641,39242,68714,2.2383285783096816,0.2214045206296016
5008,0.5019,15,125,15,364094,241516,39257,68699,2.2371706991737375,0.2214560869074674
5009,0.502,5,50,5,364144,241466,39262,68694,2.2367075475193596,0.22147923652308485
5010,0.5021,22,127,22,364271,241339,39284,68672,2.23553114231724,0.22151472044540355
5011,0.5022,17,117,17,364388,241222,39301,68655,2.2344473674459966,0.22155564949964018
5012,0.5023,20,136,20,364524,241086,39321,68635,2.2331875949460893,0.22160266820783867
5013,0.5024,21,93,21,364617,240993,39342,68614,2.2323261328689465,0.2216164363208842
5014,0.5025,9,48,9,364665,240945,39351,68605,2.231881507280744,0.22162816992408335
5015,0.5026,11,114,11,364779,240831,39362,68594,2.2308255215087627,0.22168215237941344
5016,0.5027,17,104,17,364883,240727,39379,68577,2.229862166067657,0.22171391252618783
5017,0.5028,40,211,40,365094,240516,39419,68537,2.227907666086183,0.22176455171119516
5018,0.5029,25,168,25,365262,240348,39444,68512,2.226351476527474,0.22182218480865118
5019,0.503,29,137,29,365399,240211,39473,68483,2.225082440994479,0.22184752538112176
5020,0.5031,17,89,17,365488,240122,39490,68466,2.224258031049687,0.22186864038783102
5021,0.5032,26,72,26,365560,240050,39516,68440,2.223591092667383,0.22185484132386787
5022,0.5033,62,327,62,365887,239723,39578,68378,2.2205620808477526,0.2219337165410044
5023,0.5034,34,164,34,366051,239559,39612,68344,2.219042943421394,0.22196600877549097
5024,0.5035,14,109,14,366160,239450,39626,68330,2.2180332728148504,0.22200922737019949
5025,0.5036,5,83,5,366243,239367,39631,68325,2.2172644410685836,0.22205647205647205
5026,0.5037,10,99,10,366342,239268,39641,68315,2.2163474007929156,0.22210265196711132
5027,0.5038,7,97,7,366439,239171,39648,68308,2.215448886583423,0.2221550089599615
5028,0.5039,11,64,11,366503,239107,39659,68297,2.2148560524658194,0.2221734265006311
5029,0.504,27,138,27,366641,238969,39686,68270,2.2135777538997368,0.22220486331487865
5030,0.5041,21,116,21,366757,238853,39707,68249,2.2125032420615804,0.222235609015897
5031,0.5042,14,135,14,366892,238718,39721,68235,2.211252732594761,0.22229787622209263
5032,0.5043,19,126,19,367018,238592,39740,68216,2.210085590425729,0.22234100805715626
5033,0.5044,27,153,27,367171,238439,39767,68189,2.2086683463633334,0.22238347443808132
5034,0.5045,42,281,42,367452,238158,39809,68147,2.2060654340657306,0.22248086058014072
5035,0.5046,14,111,14,367563,238047,39823,68133,2.205037237393012,0.2225259651185577
5036,0.5047,20,142,20,367705,237905,39843,68113,2.2037218866945794,0.22257841042030208
5037,0.5048,31,175,31,367880,237730,39874,68082,2.2021008559042574,0.2226269734346592
5038,0.5049,25,134,25,368014,237596,39899,68057,2.200859609470525,0.2226609913856563
5039,0.505,13,107,13,368121,237489,39912,68044,2.1998684649301565,0.2227058942896512
5040,0.5051,26,119,26,368240,237370,39938,68018,2.1987661639927376,0.22272649874913225
5041,0.5052,16,87,16,368327,237283,39954,68002,2.1979602801141205,0.22274923432202695
5042,0.5053,21,130,21,368457,237153,39975,67981,2.1967560858127384,0.2227906427995569
5043,0.5054,18,70,18,368527,237083,39993,67963,2.1961076734966096,0.2227959061911974
5044,0.5055,10,38,10,368565,237045,40003,67953,2.1957556782392826,0.2227981822831625
5045,0.5056,12,70,12,368635,236975,40015,67941,2.195107265923154,0.22281874352280628
5046,0.5057,28,126,28,368761,236849,40043,67913,2.193940123754122,0.22283946161266824
5047,0.5058,13,101,13,368862,236748,40056,67900,2.193004557412279,0.22288017646595415
5048,0.5059,10,76,10,368938,236672,40066,67890,2.1923005668976248,0.2229102777102856
5049,0.506,22,153,22,369091,236519,40088,67868,2.190883322835229,0.22296615821306429
5050,0.5061,20,122,20,369213,236397,40108,67848,2.1897532327985476,0.2230044865158014
5051,0.5062,33,170,33,369383,236227,40141,67815,2.188178517173663,0.22304484248886666
5052,0.5063,48,276,48,369659,235951,40189,67767,2.1856219200414984,0.22312474071342495
5053,0.5064,25,140,25,369799,235811,40214,67742,2.184325095409241,0.22316366499425142
5054,0.5065,19,94,19,369893,235717,40233,67723,2.183454370299011,0.2231841550224097
5055,0.5066,20,107,20,370000,235610,40253,67703,2.1824632257586423,0.22321166583694071
5056,0.5067,9,76,9,370076,235534,40262,67694,2.1817592352439883,0.2232445552521535
5057,0.5068,27,165,27,370241,235369,40289,67667,2.180230834784542,0.22329690201824207
5058,0.5069,17,109,17,370350,235260,40306,67650,2.1792211641779984,0.22333366346439537
5059,0.507,18,105,18,370455,235155,40324,67632,2.178248545703805,0.22336493971009325
5060,0.5071,14,115,14,370570,235040,40338,67618,2.1771832968987366,0.22341388630070905
5061,0.5072,38,162,38,370732,234878,40376,67580,2.1756826855385527,0.22343598119408314
5062,0.5073,6,68,6,370800,234810,40382,67574,2.175052799288599,0.22347081856182865
5063,0.5074,22,171,22,370971,234639,40404,67552,2.173468820630627,0.2235407407897654
5064,0.5075,12,76,12,371047,234563,40416,67540,2.172764830115973,0.22356613472888387
5065,0.5076,6,82,6,371129,234481,40422,67534,2.1720052614027936,0.22361141002930318
5066,0.5077,18,64,18,371193,234417,40440,67516,2.1714124272851905,0.22361252330815115
5067,0.5078,20,109,20,371302,234308,40460,67496,2.170402756678647,0.22364183377291222
5068,0.5079,12,74,12,371376,234234,40472,67484,2.169717292230168,0.22366580714441964
5069,0.508,9,106,9,371482,234128,40481,67475,2.168735410722887,0.22372124945706773
5070,0.5081,16,85,16,371567,234043,40497,67459,2.167948052910445,0.22374312608208238
5071,0.5082,25,100,25,371667,233943,40522,67434,2.1670217496016897,0.22375297385002837
5072,0.5083,18,67,18,371734,233876,40540,67416,2.1664011263848235,0.22375635596033083
5073,0.5084,25,142,25,371876,233734,40565,67391,2.1650857756863906,0.22379742631797425
5074,0.5085,4,34,4,371910,233700,40569,67387,2.164770832561414,0.223812386453085
5075,0.5086,27,150,27,372060,233550,40596,67360,2.163381377598281,0.223854308597255
5076,0.5087,24,129,24,372189,233421,40620,67336,2.1621864463299865,0.2238883883001892
5077,0.5088,28,181,28,372370,233240,40648,67308,2.160509837341139,0.22395091632617753
5078,0.5089,3,42,3,372412,233198,40651,67305,2.1601207899514616,0.22397446947285052
5079,0.509,23,127,23,372539,233071,40674,67282,2.158944384749342,0.2240097485292306
5080,0.5091,17,101,17,372640,232970,40691,67265,2.1580088184074993,0.22404116775192764
5081,0.5092,22,160,22,372800,232810,40713,67243,2.1565267331134907,0.22410374167230457
5082,0.5093,14,137,14,372937,232673,40727,67229,2.155257697580496,0.22416989549919641
5083,0.5094,29,180,29,373117,232493,40756,67200,2.153590351624736,0.22422946148225018
5084,0.5095,16,97,16,373214,232396,40772,67184,2.1526918374152433,0.22426063155083784
5085,0.5096,21,100,21,373314,232296,40793,67163,2.1517655341064876,0.2242811202869174
5086,0.5097,16,118,16,373432,232178,40809,67147,2.1506724962021564,0.22432807149419529
5087,0.5098,23,157,23,373589,232021,40832,67124,2.1492182000074105,0.2243861672433101
5088,0.5099,21,120,21,373709,231901,40853,67103,2.148106636036904,0.22442174686626265
5089,0.51,14,137,14,373846,231764,40867,67089,2.146837600503909,0.22448829357577135
5090,0.5101,10,61,10,373907,231703,40877,67079,2.1462725554855684,0.22450816983620164
5091,0.5102,26,116,26,374023,231587,40903,67053,2.145198043647412,0.22452785963032412
5092,0.5103,20,162,20,374185,231425,40923,67033,2.143697432287228,0.22459776584980132
5093,0.5104,19,83,19,374268,231342,40942,67014,2.1429286005409613,0.22461086755419699
5094,0.5105,18,80,18,374348,231262,40960,66996,2.1421875578939567,0.22462431854300638
5095,0.5106,15,148,15,374496,231114,40975,66981,2.140816628996999,0.22469682483771952
5096,0.5107,22,69,22,374565,231045,40997,66959,2.1401774797139574,0.22469161487765266
5097,0.5108,34,133,34,374698,230912,41031,66925,2.1389454963133128,0.2247034451730309
5098,0.5109,17,76,17,374774,230836,41048,66908,2.138241505798659,0.22471653500994143
5099,0.511,39,186,39,374960,230650,41087,66869,2.1365185816443737,0.2247553937731708
5100,0.5111,13,45,13,375005,230605,41100,66856,2.136101745155434,0.2247555141682439
5101,0.5112,37,206,37,375211,230399,41137,66819,2.1341935603393973,0.22481478241560068
5102,0.5113,28,123,28,375334,230276,41165,66791,2.1330542072696286,0.22483480157674868
5103,0.5114,40,214,40,375548,230062,41205,66751,2.131071918188892,0.22489244069498304
5104,0.5115,11,59,11,375607,230003,41216,66740,2.130525399236726,0.22490842243961948
5105,0.5116,8,81,8,375688,229922,41224,66732,2.129775093556634,0.22494893040377004
5106,0.5117,26,117,26,375805,229805,41250,66706,2.1286913186853904,0.2249697313084506
5107,0.5118,14,69,14,375874,229736,41264,66692,2.1280521694023493,0.22498549394794015
5108,0.5119,33,206,33,376080,229530,41297,66659,2.126143984586313,0.22505562326757578
5109,0.512,20,135,20,376215,229395,41317,66639,2.1248934751194932,0.2251058999979732
5110,0.5121,18,95,18,376310,229300,41335,66621,2.1240134869761755,0.22513103159289136
5111,0.5122,12,120,12,376430,229180,41347,66609,2.122901923005669,0.2251909300210623
5112,0.5123,14,104,14,376534,229076,41361,66595,2.1219385675645634,0.22523345204636233
5113,0.5124,17,103,17,376637,228973,41378,66578,2.120984475156545,0.22526738194084947
5114,0.5125,15,112,15,376749,228861,41393,66563,2.119947015450739,0.22531344779029464
5115,0.5126,31,170,31,376919,228691,41424,66532,2.118372299825855,0.22536184511369373
5116,0.5127,27,103,27,377022,228588,41451,66505,2.117418207417837,0.22536962923552914
5117,0.5128,9,66,9,377088,228522,41460,66496,2.1168068472340584,0.2253964164898413
5118,0.5129,13,64,13,377152,228458,41473,66483,2.116214013116455,0.2254111839317016
5119,0.513,13,92,13,377244,228366,41486,66470,2.1153618140723998,0.22544736734998438
5120,0.5131,26,184,26,377428,228182,41512,66444,2.11365741598429,0.22551981155770368
5121,0.5132,8,58,8,377486,228124,41520,66436,2.1131201600652116,0.22554318305268875
5122,0.5133,18,110,18,377596,228014,41538,66418,2.112101226425581,0.22558009998913162
5123,0.5134,15,97,15,377693,227917,41553,66403,2.111202712216088,0.22561497689589563
5124,0.5135,34,189,34,377882,227728,41587,66369,2.10945199896254,0.22567044206503298
5125,0.5136,11,119,11,378001,227609,41598,66358,2.1083496980251213,0.22573282035058356
5126,0.5137,13,89,13,378090,227520,41611,66345,2.1075252880803292,0.2257669337961309
5127,0.5138,23,92,23,378182,227428,41634,66322,2.106673089036274,0.22577702127659574
5128,0.5139,17,122,17,378304,227306,41651,66305,2.1055429989995926,0.22582600788117613
5129,0.514,14,65,14,378369,227241,41665,66291,2.1049409018489014,0.22583909079759618
5130,0.5141,24,131,24,378500,227110,41689,66267,2.1037274445144316,0.22587660246031557
5131,0.5142,26,96,26,378596,227014,41715,66241,2.1028381933380267,0.22588191164686025
5132,0.5143,26,139,26,378735,226875,41741,66215,2.1015506317388564,0.22592036575795832
5133,0.5144,12,86,12,378821,226789,41753,66203,2.100754010893327,0.2259549748798602
5134,0.5145,17,111,17,378932,226678,41770,66186,2.0997258142206086,0.2259956840034965
5135,0.5146,11,49,11,378981,226629,41781,66175,2.0992719255993184,0.2260044261690414
5136,0.5147,10,43,10,379024,226586,41791,66165,2.0988736151765535,0.22601118356555572
5137,0.5148,18,69,18,379093,226517,41809,66147,2.0982344658935124,0.22601686575731897
5138,0.5149,35,162,35,379255,226355,41844,66112,2.0967338545333285,0.22604943463707017
5139,0.515,19,113,19,379368,226242,41863,66093,2.0956871317944348,0.22608651033916569
5140,0.5151,10,38,10,379406,226204,41873,66083,2.095335136537108,0.2260894258040898
5141,0.5152,21,153,21,379559,226051,41894,66062,2.0939178924747117,0.22615220822079127
5142,0.5153,15,130,15,379689,225921,41909,66047,2.09271369817333,0.2262131466462078
5143,0.5154,28,88,28,379777,225833,41937,66019,2.0918985512616253,0.2262071186765895
5144,0.5155,41,221,41,379998,225612,41978,65978,2.089851420949276,0.2262697623375287
5145,0.5156,28,117,28,380115,225495,42006,65950,2.088767646078032,0.22628626327437423
5146,0.5157,9,40,9,380155,225455,42015,65941,2.0883971247545294,0.2262934288734231
5147,0.5158,7,65,7,380220,225390,42022,65934,2.0877950276038386,0.22632532850022655
5148,0.5159,39,187,39,380407,225203,42061,65895,2.086062840416466,0.22636706538691437
5149,0.516,24,138,24,380545,225065,42085,65871,2.0847845418503836,0.22641061951769462
5150,0.5161,16,105,16,380650,224960,42101,65855,2.0838119233761905,0.226449804858759
5151,0.5162,32,170,32,380820,224790,42133,65823,2.082237207751306,0.22649709407356175
5152,0.5163,18,69,18,380889,224721,42151,65805,2.081598058468265,0.22650296359017782
5153,0.5164,27,200,27,381089,224521,42178,65778,2.079745451850754,0.22658707057206534
5154,0.5165,34,139,34,381228,224382,42212,65744,2.078457890251584,0.2266049923136844
5155,0.5166,28,149,28,381377,224233,42240,65716,2.0770776983215384,0.22664675511900367
5156,0.5167,31,186,31,381563,224047,42271,65685,2.0753547741672533,0.22670951085831043
5157,0.5168,37,197,37,381760,223850,42308,65648,2.073529956649005,0.2267649517440535
5158,0.5169,38,168,38,381928,223682,42346,65610,2.071973767090296,0.2267950721070752
5159,0.517,13,83,13,382011,223599,42359,65597,2.071204935344029,0.2268254056072698
5160,0.5171,19,145,19,382156,223454,42378,65578,2.0698617955463336,0.22688837222176092
5161,0.5172,40,248,40,382404,223206,42418,65538,2.0675645633406203,0.2269761449588563
5162,0.5173,37,208,37,382612,222998,42455,65501,2.065637852458409,0.22704064832113802
5163,0.5174,11,58,11,382670,222940,42466,65490,2.065100596539331,0.22705682487952017
5164,0.5175,12,89,12,382759,222851,42478,65478,2.0642761865945385,0.2270947424643376
5165,0.5176,23,196,23,382955,222655,42501,65455,2.062460632109378,0.22718753253965498
5166,0.5177,21,88,21,383043,222567,42522,65434,2.061645485197673,0.22720059999791667
5167,0.5178,22,164,22,383207,222403,42544,65412,2.0601263477713143,0.22727099004568907
5168,0.5179,24,168,24,383375,222235,42568,65388,2.0585701582126053,0.22733926007308178
5169,0.518,15,109,15,383484,222126,42583,65373,2.057560487606062,0.2273851387309173
5170,0.5181,35,109,35,383593,222017,42618,65338,2.0565508169995184,0.22737728593551532
5171,0.5182,20,100,20,383693,221917,42638,65318,2.0556245136907627,0.22740264939857607
5172,0.5183,17,76,17,383769,221841,42655,65301,2.0549205231761087,0.22741709676745303
5173,0.5184,8,46,8,383815,221795,42663,65293,2.054494423654081,0.227432006910773
5174,0.5185,14,75,14,383890,221720,42677,65279,2.053799696172515,0.22745375419426547
5175,0.5186,14,65,14,383955,221655,42691,65265,2.0531975990218236,0.2274675867837725
5176,0.5187,14,86,14,384041,221569,42705,65251,2.052400978176294,0.22749808242103062
5177,0.5188,6,54,6,384095,221515,42711,65245,2.051900774389566,0.22752475938066677
5178,0.5189,21,86,21,384181,221429,42732,65224,2.0511041535440366,0.22753642906231575
5179,0.519,7,73,7,384254,221356,42739,65217,2.050427952128645,0.2275755217693223
5180,0.5191,15,109,15,384363,221247,42754,65202,2.049418281522102,0.22762167087334917
5181,0.5192,12,97,12,384460,221150,42766,65190,2.0485197673126088,0.2276664105608717
5182,0.5193,9,59,9,384519,221091,42775,65181,2.047973248360443,0.22768905097250167
5183,0.5194,24,124,24,384643,220967,42799,65157,2.0468246322575863,0.2277229452964449
5184,0.5195,12,116,12,384759,220851,42811,65145,2.04575012041943,0.22778290605463014
5185,0.5196,27,134,27,384893,220717,42838,65118,2.044508873985698,0.22781674742421326
5186,0.5197,14,108,14,385001,220609,42852,65104,2.043508466412242,0.22786502539261427
5187,0.5198,38,179,38,385180,220430,42890,65066,2.04185038348957,0.22790511951130663
5188,0.5199,20,103,20,385283,220327,42910,65046,2.040896291081552,0.2279332662865793
5189,0.52,9,79,9,385362,220248,42919,65037,2.040164511467635,0.22797202797202798
5190,0.5201,12,102,12,385464,220146,42931,65025,2.0392196820927047,0.22802108208758956
5191,0.5202,19,151,19,385615,219995,42950,65006,2.037820964096484,0.22809042775288507
5192,0.5203,11,48,11,385663,219947,42961,64995,2.037376338508281,0.2280990517368447
5193,0.5204,12,84,12,385747,219863,42973,64983,2.0365982437289265,0.22813379861398791
5194,0.5205,10,40,10,385787,219823,42983,64973,2.0362277224054246,0.22813873790362224
5195,0.5206,21,162,21,385949,219661,43004,64952,2.0347271110452407,0.22821164177321485
5196,0.5207,19,84,19,386033,219577,43023,64933,2.033949016265886,0.22822747882323996
5197,0.5208,18,94,18,386127,219483,43041,64915,2.033078291155656,0.22825406648429314
5198,0.5209,11,85,11,386212,219398,43052,64904,2.032290933343214,0.22829244957826536
5199,0.521,6,53,6,386265,219345,43058,64898,2.0317999925895736,0.2283187272861601
5200,0.5211,28,127,28,386392,219218,43086,64870,2.030623587387454,0.2283447382501197
5201,0.5212,14,118,14,386510,219100,43100,64856,2.029530549483123,0.22840158334389835
5202,0.5213,10,90,10,386600,219010,43110,64846,2.0286968765052427,0.22844681810495462
5203,0.5214,16,134,16,386734,218876,43126,64830,2.0274556300715108,0.2285112052617851
5204,0.5215,22,143,22,386877,218733,43148,64808,2.02613101633999,0.22856659178037744
5205,0.5216,20,114,20,386991,218619,43168,64788,2.025075030568009,0.22860409234775428
5206,0.5217,25,108,25,387099,218511,43193,64763,2.0240746229945534,0.22862317049923395
5207,0.5218,6,45,6,387144,218466,43199,64757,2.0236577865056136,0.22864315398113855
5208,0.5219,17,100,17,387244,218366,43216,64740,2.022731483196858,0.22867759779022698
5209,0.522,25,140,25,387384,218226,43241,64715,2.0214346585646004,0.22872259587687893
5210,0.5221,21,82,21,387466,218144,43262,64694,2.0206750898514207,0.2287316414343193
5211,0.5222,33,165,33,387631,217979,43295,64661,2.0191466893919747,0.2287751202943674
5212,0.5223,23,158,23,387789,217821,43318,64638,2.017683130164141,0.22884029186536808
5213,0.5224,9,66,9,387855,217755,43327,64629,2.017071769980362,0.22886919938806732
5214,0.5225,11,88,11,387943,217667,43338,64618,2.0162566230686574,0.22891049825530935
5215,0.5226,7,67,7,388010,217600,43345,64611,2.0156359998517916,0.2289457179202795
5216,0.5227,26,154,26,388164,217446,43371,64585,2.0142094927563083,0.2289996489747581
5217,0.5228,21,81,21,388245,217365,43392,64564,2.0134591870762164,0.2290080126556686
5218,0.5229,27,140,27,388385,217225,43419,64537,2.012162362443959,0.22904791987563972
5219,0.523,9,53,9,388438,217172,43428,64528,2.0116714216903184,0.2290663826766063
5220,0.5231,44,184,44,388622,216988,43472,64484,2.0099670236022082,0.2290956116416553
5221,0.5232,5,18,5,388640,216970,43477,64479,2.009800289006632,0.22909656811713666
5222,0.5233,14,78,14,388718,216892,43491,64465,2.0090777724258033,0.2291217208031078
5223,0.5234,19,101,19,388819,216791,43510,64446,2.00814220608396,0.22915192524454464
5224,0.5235,33,126,33,388945,216665,43543,64413,2.006975063914928,0.22916414660699166
5225,0.5236,13,69,13,389014,216596,43556,64400,2.006335914631887,0.2291847570783926
5226,0.5237,9,79,9,389093,216517,43565,64391,2.00560413501797,0.22922451478775968
5227,0.5238,8,71,8,389164,216446,43573,64383,2.004946459668754,0.22926051084467772
5228,0.5239,7,48,7,389212,216398,43580,64376,2.004501834080551,0.22928048893416056
5229,0.524,29,128,29,389340,216270,43609,64347,2.0033161658453444,0.22930542340627974
5230,0.5241,23,143,23,389483,216127,43632,64324,2.0019915521138243,0.22935913938620295
5231,0.5242,13,86,13,389569,216041,43645,64311,2.0011949312682944,0.229393762127611
5232,0.5243,17,92,17,389661,215949,43662,64294,2.0003427322242393,0.22942232276988186
5233,0.5244,18,98,18,389759,215851,43680,64276,1.9994349549816592,0.22945306950061936
5234,0.5245,22,146,22,389905,215705,43702,64254,1.9980825521508763,0.22951217856900474
5235,0.5246,20,87,20,389992,215618,43722,64234,1.9972766682722591,0.22952846504580993
5236,0.5247,16,108,16,390100,215510,43738,64218,1.9962762606988032,0.22957301378481954
5237,0.5248,24,118,24,390218,215392,43762,64194,1.995183222794472,0.22960377129040796
5238,0.5249,35,256,35,390474,215136,43797,64159,1.992811886324058,0.22971768202080237
5239,0.525,17,87,17,390561,215049,43814,64142,1.9920060024454407,0.2297423627552464
5240,0.5251,15,83,15,390644,214966,43829,64127,1.9912371706991738,0.22976928837340957
5241,0.5252,27,172,27,390816,214794,43856,64100,1.9896439290081145,0.22983642530854015
5242,0.5253,35,136,35,390952,214658,43891,64065,1.988384156508207,0.2298518600904841
5243,0.5254,7,25,7,390977,214633,43898,64058,1.9881525806810183,0.22985313483392
5244,0.5255,12,74,12,391051,214559,43910,64046,1.9874671162325392,0.22988101433929758
5245,0.5256,38,211,38,391262,214348,43948,64008,1.9855126162510652,0.2299501357973243
5246,0.5257,13,86,13,391348,214262,43961,63995,1.9847159954055356,0.2299852294820975
5247,0.5258,12,86,12,391434,214176,43973,63983,1.9839193745600059,0.23002311627522387
5248,0.5259,16,114,16,391548,214062,43989,63967,1.9828633887880247,0.23007312186858206
5249,0.526,26,138,26,391686,213924,44015,63941,1.9815850902219423,0.23011534378205242
5250,0.5261,22,157,22,391843,213767,44037,63919,1.9801307940271962,0.23018445294325246
5251,0.5262,19,54,19,391897,213713,44056,63900,1.9796305902404683,0.23017654072395746
5252,0.5263,9,40,9,391937,213673,44065,63891,1.9792600689169662,0.2301847501837414
5253,0.5264,33,142,33,392079,213531,44098,63858,1.9779447182185335,0.23021100332024702
5254,0.5265,21,56,21,392135,213475,44119,63837,1.9774259883656304,0.23019919801523195
5255,0.5266,26,108,26,392243,213367,44145,63811,1.9764255807921747,0.2302166838637987
5256,0.5267,12,44,12,392287,213323,44157,63799,1.9760180073363223,0.23021990314735027
5257,0.5268,10,96,10,392383,213227,44167,63789,1.975128756159917,0.23027189765212117
5258,0.5269,15,99,15,392482,213128,44182,63774,1.9742117158842492,0.23031252934251106
5259,0.527,7,26,7,392508,213102,44189,63767,1.9739708770239728,0.2303146975645522
5260,0.5271,12,100,12,392608,213002,44201,63755,1.9730445737152174,0.23036454362491282
5261,0.5272,41,179,41,392787,212823,44242,63714,1.9713864907925451,0.2303995487041517
5262,0.5273,30,151,30,392938,212672,44272,63684,1.9699877727963244,0.2304418937891705
5263,0.5274,32,140,32,393078,212532,44304,63652,1.9686909481640669,0.23046954204443415
5264,0.5275,7,48,7,393126,212484,44311,63645,1.9682463225758642,0.23049009701987114
5265,0.5276,27,99,27,393225,212385,44338,63618,1.9673292823001964,0.2304974945924501
5266,0.5277,39,137,39,393362,212248,44377,63579,1.9660602467672015,0.2305031777164672
5267,0.5278,32,132,32,393494,212116,44409,63547,1.9648375263996443,0.2305242270453416
5268,0.5279,28,127,28,393621,211989,44437,63519,1.963661121197525,0.23055228886275533
5269,0.528,14,61,14,393682,211928,44451,63505,1.963096076179184,0.230564238853006
5270,0.5281,25,102,25,393784,211826,44476,63480,1.9621512468042537,0.2305797912141399
5271,0.5282,15,57,15,393841,211769,44491,63465,1.961623253918263,0.23058561078936468
5272,0.5283,12,91,12,393932,211678,44503,63453,1.9607803179072956,0.23062831887355478
5273,0.5284,10,69,10,394001,211609,44513,63443,1.9601411686242542,0.23065820281255908
5274,0.5285,12,84,12,394085,211525,44525,63431,1.9593630738448997,0.23069509303306712
5275,0.5286,8,46,8,394131,211479,44533,63423,1.9589369743228722,0.2307113080297706
5276,0.5287,11,69,11,394200,211410,44544,63412,1.958297825039831,0.23073844160947812
5277,0.5288,24,141,24,394341,211269,44568,63388,1.9569917373744858,0.2307896758502423
5278,0.5289,7,85,7,394426,211184,44575,63381,1.9562043795620438,0.2308415129386484
5279,0.529,28,98,28,394524,211086,44603,63353,1.9552966023194636,0.23084547021378157
5280,0.5291,22,107,22,394631,210979,44625,63331,1.9543054577790953,0.2308738288797346
5281,0.5292,8,88,8,394719,210891,44633,63323,1.9534903108673904,0.23092548155819906
5282,0.5293,24,106,24,394825,210785,44657,63299,1.9525084293601096,0.23094744676814408
5283,0.5294,11,48,11,394873,210737,44668,63288,1.9520638037719071,0.23095702946811422
5284,0.5295,26,141,26,395014,210596,44694,63262,1.950757716106562,0.231002928525002
5285,0.5296,15,87,15,395101,210509,44709,63247,1.9499518322279448,0.23103420564298133
5286,0.5297,6,54,6,395155,210455,44715,63241,1.9494516284412169,0.23106293113527418
5287,0.5298,15,61,15,395216,210394,44730,63226,1.948886583422876,0.23107229003727797
5288,0.5299,25,92,25,395308,210302,44755,63201,1.948034384378821,0.23107973221500314
5289,0.53,11,59,11,395367,210243,44766,63190,1.9474878654266552,0.23109866036652488
5290,0.5301,32,125,32,395492,210118,44798,63158,1.946329986290711,0.23111433129876022
5291,0.5302,20,106,20,395598,210012,44818,63138,1.9453481047834302,0.23114772103239978
5292,0.5303,21,112,21,395710,209900,44839,63117,1.9443106450776242,0.23118340616152108
5293,0.5304,10,65,10,395775,209835,44849,63107,1.9437085479269332,0.2312102937620447
5294,0.5305,29,126,29,395901,209709,44878,63078,1.9425414057579014,0.23123535945627907
5295,0.5306,16,131,16,396032,209578,44894,63062,1.9413279484234318,0.2313013497652582
5296,0.5307,31,187,31,396219,209391,44925,63031,1.939595761236059,0.23137264978599378
5297,0.5308,14,85,14,396304,209306,44939,63017,1.938808403423617,0.23140535320189629
5298,0.5309,21,133,21,396437,209173,44960,62996,1.9375764200229724,0.23145913017279704
5299,0.531,41,157,41,396594,209016,45001,62955,1.9361221238282262,0.23147688540322314
5300,0.5311,11,81,11,396675,208935,45012,62944,1.9353718181481345,0.23151475472544772
5301,0.5312,9,44,9,396719,208891,45021,62935,1.9349642446922821,0.23152678551720585
5302,0.5313,27,144,27,396863,208747,45048,62908,1.9336303679276743,0.23157313504260918
5303,0.5314,18,124,18,396987,208623,45066,62890,1.9324817518248176,0.23162795151613366
5304,0.5315,22,76,22,397063,208547,45088,62868,1.9317777613101634,0.2316305288948658
5305,0.5316,39,150,39,397213,208397,45127,62829,1.9303883063470302,0.23164814582672752
5306,0.5317,16,86,16,397299,208311,45143,62813,1.9295916855015005,0.2316762809636919
5307,0.5318,14,113,14,397412,208198,45157,62799,1.928544962762607,0.23173319261836847
5308,0.5319,14,141,14,397553,208057,45171,62785,1.9272388750972618,0.23181412040968535
5309,0.532,14,100,14,397653,207957,45185,62771,1.9263125717885063,0.2318600218669661
5310,0.5321,20,106,20,397759,207851,45205,62751,1.9253306902812257,0.23189407321453648
5311,0.5322,16,66,16,397825,207785,45221,62735,1.924719330097447,0.23190521957711074
5312,0.5323,7,61,7,397886,207724,45228,62728,1.9241542850791062,0.23193764512741633
5313,0.5324,27,91,27,397977,207633,45255,62701,1.9233113490681388,0.23193900878172927
5314,0.5325,33,190,33,398167,207443,45288,62668,1.9215513727815037,0.23200832250445189
5315,0.5326,18,91,18,398258,207352,45306,62650,1.920708436770536,0.2320353182569018
5316,0.5327,19,84,19,398342,207268,45325,62631,1.9199303419911815,0.23205347185428624
5317,0.5328,27,114,27,398456,207154,45352,62604,1.9188743562192003,0.23207467433773976
5318,0.5329,6,66,6,398522,207088,45358,62598,1.9182629960354218,0.2321143848772276
5319,0.533,17,112,17,398634,206976,45375,62581,1.9172255363296158,0.2321623997892839
5320,0.5331,22,128,22,398762,206848,45397,62559,1.9160398680944088,0.2322100019672837
5321,0.5332,35,189,35,398951,206659,45432,62524,1.9142891548408612,0.23227321190416927
5322,0.5333,19,120,19,399071,206539,45451,62505,1.9131775908703545,0.2323225940738318
5323,0.5334,23,118,23,399189,206421,45474,62482,1.912084552966023,0.23235888033975077
5324,0.5335,14,125,14,399314,206296,45488,62468,1.910926673830079,0.232426961944308
5325,0.5336,18,81,18,399395,206215,45506,62450,1.910176368149987,0.23244561070478104
5326,0.5337,47,262,47,399657,205953,45553,62403,1.9077494534810477,0.23253812100344318
5327,0.5338,23,121,23,399778,205832,45576,62380,1.9066286264774537,0.23257721503884987
5328,0.5339,9,79,9,399857,205753,45585,62371,1.9058968468635369,0.2326199817994659
5329,0.534,16,123,16,399980,205630,45601,62355,1.904757493793768,0.2326809336343452
5330,0.5341,16,96,16,400076,205534,45617,62339,1.9038682426173625,0.23271848973207454
5331,0.5342,10,77,10,400153,205457,45627,62329,1.9031549890696209,0.23275675352707012
5332,0.5343,18,96,18,400249,205361,45645,62311,1.9022657378932157,0.23278863683911652
5333,0.5344,8,46,8,400295,205315,45653,62303,1.9018396383711882,0.2328057156095629
5334,0.5345,7,25,7,400320,205290,45660,62296,1.9016080625439995,0.2328073965005643
5335,0.5346,40,196,40,400516,205094,45700,62256,1.8997925080588387,0.23286328782494856
5336,0.5347,5,37,5,400553,205057,45705,62251,1.8994497758345992,0.23288117078426385
5337,0.5348,19,77,19,400630,204980,45724,62232,1.8987365222868575,0.2328937323174109
5338,0.5349,21,72,21,400702,204908,45745,62211,1.8980695839045536,0.23289619982105353
5339,0.535,7,57,7,400759,204851,45752,62204,1.8975415910185631,0.2329258018011271
5340,0.5351,16,65,16,400824,204786,45768,62188,1.896939493867872,0.23293654063691596
5341,0.5352,10,64,10,400888,204722,45778,62178,1.8963466597502687,0.23296365680029973
5342,0.5353,26,129,26,401017,204593,45804,62152,1.895151728481974,0.23300155579298581
5343,0.5354,30,126,30,401143,204467,45834,62122,1.8939845863129423,0.233025368638616
5344,0.5355,31,163,31,401306,204304,45865,62091,1.892474711919671,0.23307869892452937
5345,0.5356,19,78,19,401384,204226,45884,62072,1.8917521953388416,0.23309225003567433
5346,0.5357,9,64,9,401448,204162,45893,62063,1.8911593612212383,0.2331223589069396
5347,0.5358,35,161,35,401609,204001,45928,62028,1.889668012894142,0.2331625499475621
5348,0.5359,12,52,12,401661,203949,45940,62016,1.8891863351735891,0.23317353787152445
5349,0.536,17,91,17,401752,203858,45957,61999,1.8883433991626217,0.23320431660629587
5350,0.5361,23,114,23,401866,203744,45980,61976,1.8872874133906405,0.2332379948818305
5351,0.5362,20,90,20,401956,203654,46000,61956,1.8864537404127608,0.23325928993637288
5352,0.5363,15,110,15,402066,203544,46015,61941,1.8854348067731297,0.23331261653200747
5353,0.5364,27,158,27,402224,203386,46042,61914,1.8839712475452963,0.23337353938937053
5354,0.5365,12,46,12,402270,203340,46054,61902,1.8835451480232688,0.2333793290655326
5355,0.5366,21,125,21,402395,203215,46075,61881,1.8823872688873244,0.2334286447173854
5356,0.5367,17,146,17,402541,203069,46092,61864,1.8810348660565415,0.233508094499364
5357,0.5368,14,52,14,402593,203017,46106,61850,1.8805531883359887,0.233513423718319
5358,0.5369,18,113,18,402706,202904,46124,61832,1.8795064655970952,0.2335609815061042
5359,0.537,15,75,15,402781,202829,46139,61817,1.8788117381155285,0.2335837307195272
5360,0.5371,13,95,13,402876,202734,46152,61804,1.8779317499722108,0.23362995108453227
5361,0.5372,9,71,9,402947,202663,46161,61795,1.8772740746229946,0.2336665935611704
5362,0.5373,8,62,8,403009,202601,46169,61787,1.8766997665715661,0.23369820112864426
5363,0.5374,21,91,21,403100,202510,46190,61766,1.8758568305605987,0.23371777989677459
5364,0.5375,20,83,20,403183,202427,46210,61746,1.8750879988143319,0.23373319756371772
5365,0.5376,8,56,8,403239,202371,46218,61738,1.8745692689614288,0.23375954624795064
5366,0.5377,11,115,11,403354,202256,46229,61727,1.87350402015636,0.2338294511388991
5367,0.5378,22,80,22,403434,202176,46251,61705,1.8727629775093557,0.2338364641637708
5368,0.5379,8,55,8,403489,202121,46259,61697,1.8722535106895402,0.23386198060784327
5369,0.538,30,172,30,403661,201949,46289,61667,1.8706602689984808,0.23392737921825685
5370,0.5381,8,76,8,403737,201873,46297,61659,1.8699562784838268,0.23397158599335185
5371,0.5382,20,104,20,403841,201769,46317,61639,1.8689929230427211,0.23400580088683715
5372,0.5383,30,169,30,404010,201600,46347,61609,1.8674274704509244,0.23406874384994433
5373,0.5384,28,132,28,404142,201468,46375,61581,1.8662047500833674,0.23410467251348607
5374,0.5385,26,153,26,404295,201315,46401,61555,1.8647875060209715,0.23416517670331344
5375,0.5386,17,90,17,404385,201225,46418,61538,1.8639538330430916,0.23419583426890392
5376,0.5387,11,82,11,404467,201143,46429,61527,1.8631942643299122,0.2342368751665588
5377,0.5388,21,58,21,404525,201085,46450,61506,1.862657008410834,0.234227372606068
5378,0.5389,4,35,4,404560,201050,46454,61502,1.8623328022527696,0.23424693013193576
5379,0.539,28,134,28,404694,200916,46482,61474,1.8610915558190373,0.234284843172377
5380,0.5391,26,97,26,404791,200819,46508,61448,1.8601930416095447,0.234295584270991
5381,0.5392,22,90,22,404881,200729,46530,61426,1.8593593686316647,0.23431176212546012
5382,0.5393,34,149,34,405030,200580,46564,61392,1.8579791767016192,0.23434565526086756
5383,0.5394,9,89,9,405119,200491,46573,61383,1.857154766756827,0.23439898577178336
5384,0.5395,17,72,17,405191,200419,46590,61366,1.856487828374523,0.23441373646312813
5385,0.5396,17,74,17,405265,200345,46607,61349,1.855802363926044,0.23443028881059558
5386,0.5397,10,44,10,405309,200301,46617,61339,1.8553947904701915,0.23444045253019416
5387,0.5398,9,79,9,405388,200222,46626,61330,1.8546630108562747,0.23448492078057137
5388,0.5399,39,180,39,405568,200042,46665,61291,1.852995664900515,0.23453218690329963
5389,0.54,33,136,33,405704,199906,46698,61258,1.8517358924006078,0.2345575959933222
5390,0.5401,20,83,20,405787,199823,46718,61238,1.8509670606543407,0.23457352879212137
5391,0.5402,28,128,28,405915,199695,46746,61210,1.8497813924191338,0.23460646595504112
5392,0.5403,15,86,15,406001,199609,46761,61195,1.848984771573604,0.23463980613794266
5393,0.5404,6,60,6,406061,199549,46767,61189,1.8484289895883508,0.2346761883576617
5394,0.5405,29,170,29,406231,199379,46796,61160,1.8468542739634666,0.2347441265990888
5395,0.5406,9,82,9,406313,199297,46805,61151,1.8460947052502872,0.23479158987590612
5396,0.5407,27,122,27,406435,199175,46832,61124,1.8449646152136054,0.23482226209090315
5397,0.5408,28,113,28,406548,199062,46860,61096,1.843917892474712,0.23484190376617287
5398,0.5409,22,79,22,406627,198983,46882,61074,1.8431861128607951,0.23484851397962755
5399,0.541,22,74,22,406701,198909,46904,61052,1.842500648412316,0.2348506122072157
5400,0.5411,23,95,23,406796,198814,46927,61029,1.8416206602689984,0.23486874766686036
5401,0.5412,26,129,26,406925,198685,46953,61003,1.840425729000704,0.23490881365330704
5402,0.5413,20,106,20,407031,198579,46973,60983,1.8394438474934232,0.23494579329794038
5403,0.5414,15,108,15,407139,198471,46988,60968,1.8384434399199674,0.23499936401234972
5404,0.5415,13,92,13,407231,198379,47001,60955,1.8375912408759123,0.2350443829193241
5405,0.5416,24,153,24,407384,198226,47025,60931,1.8361739968135167,0.23511230643972572
5406,0.5417,7,38,7,407422,198188,47032,60924,1.8358220015561895,0.23512612306647318
5407,0.5418,30,140,30,407562,198048,47062,60894,1.834525176923932,0.23516463146187178
5408,0.5419,18,102,18,407664,197946,47080,60876,1.8335803475490013,0.2352041171152375
5409,0.542,34,112,34,407776,197834,47114,60842,1.8325428878431953,0.2352054307318808
5410,0.5421,22,157,22,407933,197677,47136,60820,1.8310885916484494,0.23528319477595486
5411,0.5422,7,61,7,407994,197616,47143,60813,1.8305235466301086,0.23531801771473015
5412,0.5423,23,122,23,408116,197494,47166,60790,1.829393456593427,0.23536107540536774
5413,0.5424,36,163,36,408279,197331,47202,60754,1.8278835822001556,0.23540306488172502
5414,0.5425,22,107,22,408386,197224,47224,60732,1.8268924376597873,0.23543550062801408
5415,0.5426,36,147,36,408533,197077,47260,60696,1.8255307717959168,0.23546298487428863
5416,0.5427,9,50,9,408583,197027,47269,60687,1.8250676201415392,0.23548196838355698
5417,0.5428,9,97,9,408680,196930,47278,60678,1.8241691059320464,0.23554392720722958
5418,0.5429,13,81,13,408761,196849,47291,60665,1.8234188002519545,0.23557942480797162
5419,0.543,29,103,29,408864,196746,47320,60636,1.8224647078439364,0.23558757022635615
5420,0.5431,15,98,15,408962,196648,47335,60621,1.8215569306013562,0.23563274238248683
5421,0.5432,9,52,9,409014,196596,47344,60612,1.8210752528808032,0.23565363441261547
5422,0.5433,13,89,13,409103,196507,47357,60599,1.820250842936011,0.23569656095151417
5423,0.5434,24,106,24,409209,196401,47381,60575,1.8192689614287303,0.23572240209202416
5424,0.5435,14,47,14,409256,196354,47395,60561,1.8188335988736153,0.23572387754704863
5425,0.5436,15,42,15,409298,196312,47410,60546,1.8184445514839378,0.2357177895958078
5426,0.5437,14,71,14,409369,196241,47424,60532,1.8177868761347216,0.23574129678743483
5427,0.5438,25,128,25,409497,196113,47449,60507,1.8166012078995146,0.23578442833761984
5428,0.5439,14,53,14,409550,196060,47463,60493,1.8161102671458742,0.2357914349081866
5429,0.544,14,69,14,409619,195991,47477,60479,1.815471117862833,0.2358131555347604
5430,0.5441,22,113,22,409732,195878,47499,60457,1.8144243951239394,0.2358515224218308
5431,0.5442,5,67,5,409799,195811,47504,60452,1.8138037719070732,0.23589827638012512
5432,0.5443,14,87,14,409886,195724,47518,60438,1.812997888028456,0.2359366338488925
5433,0.5444,22,110,22,409996,195614,47540,60416,1.8119789543888252,0.23597234699058703
5434,0.5445,21,82,21,410078,195532,47561,60395,1.8112193856756456,0.2359852614222024
5435,0.5446,10,99,10,410177,195433,47571,60385,1.8103023453999778,0.2360467207155087
5436,0.5447,27,135,27,410312,195298,47598,60358,1.809051835933158,0.23609068435710487
5437,0.5448,14,102,14,410414,195196,47612,60344,1.8081070065582274,0.23614306957814823
5438,0.5449,27,166,27,410580,195030,47639,60317,1.8065693430656935,0.2362158161247244
5439,0.545,7,47,7,410627,194983,47646,60310,1.8061339805105783,0.2362383614121813
5440,0.5451,15,90,15,410717,194893,47661,60295,1.8053003075326985,0.23627678417480447
5441,0.5452,20,129,20,410846,194764,47681,60275,1.804105376264404,0.23633640345202106
5442,0.5453,10,54,10,410900,194710,47691,60265,1.803605172477676,0.2363565055397588
5443,0.5454,12,81,12,410981,194629,47703,60253,1.802854866797584,0.2363956654451864
5444,0.5455,23,69,23,411050,194560,47726,60230,1.802215717514543,0.23639075316927666
5445,0.5456,16,83,16,411133,194477,47742,60214,1.801446885768276,0.23641981852519328
5446,0.5457,26,143,26,411276,194334,47768,60188,1.8001222720367558,0.23647464659243603
5447,0.5458,18,90,18,411366,194244,47786,60170,1.7992885990588758,0.23650428042481939
5448,0.5459,13,53,13,411419,194191,47799,60157,1.7987976583052354,0.23651453913535786
5449,0.546,19,89,19,411508,194102,47818,60138,1.7979732483604431,0.23654027690371301
5450,0.5461,11,61,11,411569,194041,47829,60127,1.7974082033421024,0.23656400491013818
5451,0.5462,17,91,17,411660,193950,47846,60110,1.796565267331135,0.23659765409745728
5452,0.5463,10,73,10,411733,193877,47856,60100,1.7958890659157434,0.23663560086149532
5453,0.5464,16,162,16,411895,193715,47872,60084,1.7943884545555597,0.23673852142837443
5454,0.5465,25,120,25,412015,193595,47897,60059,1.7932768905850531,0.23677529232734354
5455,0.5466,25,187,25,412202,193408,47922,60034,1.7915447033976806,0.2368747090063999
5456,0.5467,14,122,14,412324,193286,47936,60020,1.7904146133609988,0.23694661792456553
5457,0.5468,16,89,16,412413,193197,47952,60004,1.7895902034162066,0.2369816864862303
5458,0.5469,19,119,19,412532,193078,47971,59985,1.7884879024787876,0.23703583692598285
5459,0.547,18,81,18,412613,192997,47989,59967,1.7877375967986957,0.23705744690944167
5460,0.5471,10,97,10,412710,192900,47999,59957,1.786839082589203,0.2371182130611373
5461,0.5472,33,186,33,412896,192714,48032,59924,1.785116158434918,0.2371931380077423
5462,0.5473,13,68,13,412964,192646,48045,59911,1.7844862721849641,0.2372177369861061
5463,0.5474,43,155,43,413119,192491,48088,59868,1.7830505020563934,0.23723346502403322
5464,0.5475,16,82,16,413201,192409,48104,59852,1.782290933343214,0.23726220065725578
5465,0.5476,21,99,21,413300,192310,48125,59831,1.781373893067546,0.23729183274437715
5466,0.5477,26,197,26,413497,192113,48151,59805,1.7795490755492978,0.2373986773473908
5467,0.5478,26,100,26,413597,192013,48177,59779,1.7786227722405425,0.23741421490754272
5468,0.5479,16,89,16,413686,191924,48193,59763,1.77779836229575,0.2374496894952858
5469,0.548,11,78,11,413764,191846,48204,59752,1.777075845714921,0.23748996414915857
5470,0.5481,12,84,12,413848,191762,48216,59740,1.7762977509355664,0.23753290232284435
5471,0.5482,17,59,17,413907,191703,48233,59723,1.7757512319834006,0.2375370884474955
5472,0.5483,8,58,8,413965,191645,48241,59715,1.7752139760643224,0.23756763208147677
5473,0.5484,29,89,29,414054,191556,48270,59686,1.7743895661195301,0.23756378312543286
5474,0.5485,23,133,23,414187,191423,48293,59663,1.7731575827188855,0.23761977967708275
5475,0.5486,25,138,25,414325,191285,48318,59638,1.771879284152803,0.23767450572486382
5476,0.5487,8,69,8,414394,191216,48326,59630,1.7712401348697617,0.2377155705093962
5477,0.5488,37,123,37,414517,191093,48363,59593,1.7701007817999925,0.2377196971510176
5478,0.5489,20,181,20,414698,190912,48383,59573,1.7684241728111454,0.2378306086192786
5479,0.549,13,58,13,414756,190854,48396,59560,1.7678869168920672,0.23784612681399603
5480,0.5491,21,71,21,414827,190783,48417,59539,1.7672292415428508,0.2378496496512492
5481,0.5492,28,153,28,414980,190630,48445,59511,1.765811997480455,0.23790981886216175
5482,0.5493,10,68,10,415048,190562,48455,59501,1.7651821112305013,0.2379440381023982
5483,0.5494,9,64,9,415112,190498,48464,59492,1.764589277112898,0.23797751910076403
5484,0.5495,12,77,12,415189,190421,48476,59480,1.7638760235651563,0.2380142536444432
5485,0.5496,37,153,37,415342,190268,48513,59443,1.7624587795027604,0.23804718254301974
5486,0.5497,17,70,17,415412,190198,48530,59426,1.7618103671866316,0.2380620453161555
5487,0.5498,3,35,3,415447,190163,48533,59423,1.7614861610285673,0.2380862708645517
5488,0.5499,31,177,31,415624,189986,48564,59392,1.7598466041720702,0.23816054343205897
5489,0.55,18,78,18,415702,189908,48582,59374,1.7591240875912408,0.2381800531125392
5490,0.5501,31,229,31,415931,189679,48613,59343,1.757002853014191,0.23830424621117813
5491,0.5502,23,56,23,415987,189623,48636,59320,1.756484123161288,0.23828747946317028
5492,0.5503,41,155,41,416142,189468,48677,59279,1.755048353032717,0.2383104117838607
5493,0.5504,18,75,18,416217,189393,48695,59261,1.7543536255511505,0.23832715339387261
5494,0.5505,20,126,20,416343,189267,48715,59241,1.7531864833821187,0.23838669177652227
5495,0.5506,6,66,6,416409,189201,48721,59235,1.75257512319834,0.23843162826643483
5496,0.5507,24,140,24,416549,189061,48745,59211,1.7512782985660824,0.23849245988270928
5497,0.5508,31,158,31,416707,188903,48776,59180,1.7498147393382488,0.2385491952290161
5498,0.5509,19,77,19,416784,188826,48795,59161,1.7491014857905072,0.2385649247742825
5499,0.551,20,88,20,416872,188738,48815,59141,1.7482863388788026,0.23858818213725244
5500,0.5511,16,100,16,416972,188638,48831,59125,1.7473600355700472,0.23863530874262903
5501,0.5512,16,68,16,417040,188570,48847,59109,1.7467301493200933,0.2386516418428692
5502,0.5513,8,69,8,417109,188501,48855,59101,1.7460910000370522,0.2386935485173787
5503,0.5514,23,60,23,417169,188441,48878,59078,1.745535218051799,0.23868066693869966
5504,0.5515,45,164,45,417333,188277,48923,59033,1.74401608062544,0.23870041648133922
5505,0.5516,7,77,7,417410,188200,48930,59026,1.7433028270776982,0.23875320556899354
5506,0.5517,49,196,49,417606,188004,48979,58977,1.7414872725925377,0.23879164794052984
5507,0.5518,20,103,20,417709,187901,48999,58957,1.7405331801845196,0.23882961054533375
5508,0.5519,11,53,11,417762,187848,49010,58946,1.7400422394308792,0.2388469735893093
5509,0.552,14,77,14,417839,187771,49024,58932,1.7393289858831376,0.23887832738150733
5510,0.5521,28,129,28,417968,187642,49052,58904,1.7381340546148432,0.23891687555263522
5511,0.5522,27,123,27,418091,187519,49079,58877,1.736994701545074,0.23895274273933018
5512,0.5523,26,121,26,418212,187398,49105,58851,1.73587387454148,0.23898980300427616
5513,0.5524,15,96,15,418308,187302,49120,58836,1.7349846233650748,0.2390366379835702
5514,0.5525,11,82,11,418390,187220,49131,58825,1.7342250546518951,0.23908228169643764
5515,0.5526,6,52,6,418442,187168,49137,58819,1.7337433769313424,0.23911426213580392
5516,0.5527,14,68,14,418510,187100,49151,58805,1.7331134906813888,0.2391370651267766
5517,0.5528,18,111,18,418621,186989,49169,58787,1.7320852940086702,0.23918934314172255
5518,0.5529,18,74,18,418695,186915,49187,58769,1.7313998295601911,0.23920564627733185
5519,0.553,40,203,40,418898,186712,49227,58729,1.7295194338434177,0.2392795009798689
5520,0.5531,23,119,23,419017,186593,49250,58706,1.7284171329059987,0.23932425325826848
5521,0.5532,15,52,15,419069,186541,49265,58691,1.727935455185446,0.23932847262999934
5522,0.5533,14,127,14,419196,186414,49279,58677,1.7267590499833265,0.23940903582750897
5523,0.5534,18,99,18,419295,186315,49297,58659,1.7258420097076588,0.2394499008057998
5524,0.5535,11,40,11,419335,186275,49308,58648,1.7254714883841564,0.2394548490750154
5525,0.5536,18,75,18,419410,186200,49326,58630,1.72477676090259,0.2394722868929461
5526,0.5537,19,108,19,419518,186092,49345,58611,1.7237763533291341,0.23951892702582314
5527,0.5538,8,64,8,419582,186028,49353,58603,1.7231835192115306,0.2395567201213256
5528,0.5539,15,91,15,419673,185937,49368,58588,1.7223405832005632,0.23959922298333503
5529,0.554,6,52,6,419725,185885,49374,58582,1.7218589054800104,0.23963152490929246
5530,0.5541,14,71,14,419796,185814,49388,58568,1.721201230130794,0.23965758525586991
5531,0.5542,17,89,17,419885,185725,49405,58551,1.7203768201860017,0.2396919877515597
5532,0.5543,19,92,19,419977,185633,49424,58532,1.7195246211419468,0.2397231380418979
5533,0.5544,15,82,15,420059,185551,49439,58517,1.7187650524287672,0.23975695298031696
5534,0.5545,20,111,20,420170,185440,49459,58497,1.7177368557560488,0.23980371981290252
5535,0.5546,25,127,25,420297,185313,49484,58472,1.7165604505539294,0.2398506881063232
5536,0.5547,28,139,28,420436,185174,49512,58444,1.7152728889547593,0.23990017158009672
5537,0.5548,24,131,24,420567,185043,49536,58420,1.7140594316202897,0.23995432570862923
5538,0.5549,14,61,14,420628,184982,49550,58406,1.713494386601949,0.23997074629809192
5539,0.555,15,70,15,420698,184912,49565,58391,1.7128459742858202,0.23999293062559854
5540,0.5551,9,41,9,420739,184871,49574,58382,1.7124661899292304,0.2400052620111571
5541,0.5552,20,89,20,420828,184782,49594,58362,1.7116417799844381,0.24003059915112032
5542,0.5553,38,192,38,421020,184590,49632,58324,1.7098632776316276,0.24010143507578813
5543,0.5554,30,96,30,421116,184494,49662,58294,1.7089740264552225,0.24010247623441028
5544,0.5555,6,61,6,421177,184433,49668,58288,1.7084089814368817,0.24014403368476564
5545,0.5556,14,88,14,421265,184345,49682,58274,1.7075938345251769,0.2401872895362688
5546,0.5557,13,77,13,421342,184268,49695,58261,1.7068805809774352,0.24022281871446302
5547,0.5558,30,128,30,421470,184140,49725,58231,1.7056949127422283,0.24025564114518652
5548,0.5559,34,127,34,421597,184013,49759,58197,1.704518507540109,0.24027496800297263
5549,0.556,24,92,24,421689,183921,49783,58173,1.703666308496054,0.24029096136211553
5550,0.5561,13,44,13,421733,183877,49796,58160,1.7032587350402015,0.24029383937166632
5551,0.5562,7,45,7,421778,183832,49803,58153,1.7028418985512617,0.2403165485463975
5552,0.5563,15,70,15,421848,183762,49818,58138,1.702193486235133,0.24033898305084747
5553,0.5564,13,59,13,421907,183703,49831,58125,1.701646967282967,0.2403567825065749
5554,0.5565,10,45,10,421952,183658,49841,58115,1.7012301307940272,0.2403700992253064
5555,0.5566,17,82,17,422034,183576,49858,58098,1.7004705620808478,0.2403982223987686
5556,0.5567,24,78,24,422112,183498,49882,58074,1.6997480455000185,0.24040037752719687
5557,0.5568,36,169,36,422281,183329,49918,58038,1.698182592908222,0.2404554060828531
5558,0.5569,16,114,16,422395,183215,49934,58022,1.6971266071362408,0.2405186600728744
5559,0.557,30,150,30,422545,183065,49964,57992,1.6957371521731075,0.24057380619521523
5560,0.5571,22,107,22,422652,182958,49986,57970,1.6947460076327392,0.24061130296188074
5561,0.5572,25,147,25,422799,182811,50011,57945,1.6933843417688688,0.24067936001594975
5562,0.5573,16,126,16,422925,182685,50027,57929,1.692217199599837,0.24075490204227518
5563,0.5574,20,88,20,423013,182597,50047,57909,1.6914020526881322,0.2407798558040132
5564,0.5575,9,69,9,423082,182528,50056,57900,1.690762903405091,0.24082053670953465
5565,0.5576,4,25,4,423107,182503,50060,57896,1.6905313275779021,0.2408329485563584
5566,0.5577,16,82,16,423189,182421,50076,57880,1.6897717588647228,0.24086458233631985
5567,0.5578,26,170,26,423359,182251,50102,57854,1.6881970432398385,0.24095291643239417
5568,0.5579,12,56,12,423415,182195,50114,57842,1.6876783133869355,0.2409711836091936
5569,0.558,12,70,12,423485,182125,50126,57830,1.6870299010708065,0.2410035214936134
5570,0.5581,23,111,23,423596,182014,50149,57807,1.6860017043980882,0.24104227736520153
5571,0.5582,23,104,23,423700,181910,50172,57784,1.6850383489569825,0.24107403606264655
5572,0.5583,15,80,15,423780,181830,50187,57769,1.6842973063099782,0.24110701630641196
5573,0.5584,15,68,15,423848,181762,50202,57754,1.6836674200600243,0.24112794134838592
5574,0.5585,21,119,21,423967,181643,50223,57733,1.6825651191226054,0.2411812378851681
5575,0.5586,12,66,12,424033,181577,50235,57721,1.681953758938827,0.24120970505394948
5576,0.5587,30,161,30,424194,181416,50265,57691,1.6804624106117307,0.2412769178652235
5577,0.5588,21,92,21,424286,181324,50286,57670,1.6796102115676756,0.2413031289488439
5578,0.5589,5,48,5,424334,181276,50291,57665,1.6791655859794732,0.24133572722973454
5579,0.559,3,23,3,424357,181253,50294,57662,1.6789525362184594,0.24134943389908545
5580,0.5591,22,166,22,424523,181087,50316,57640,1.6774148727259255,0.24144734361844283
5581,0.5592,20,93,20,424616,180994,50336,57620,1.676553410648783,0.2414778680211555
5582,0.5593,11,36,11,424652,180958,50347,57609,1.6762199414576309,0.24147933284989123
5583,0.5594,15,74,15,424726,180884,50362,57594,1.6755344770091518,0.2415065540636872
5584,0.5595,24,95,24,424821,180789,50386,57570,1.6746544888658341,0.2415264370130769
5585,0.5596,22,106,22,424927,180683,50408,57548,1.6736726073585535,0.24156386028686444
5586,0.5597,24,77,24,425004,180606,50432,57524,1.6729593538108118,0.24156553143241086
5587,0.5598,26,125,26,425129,180481,50458,57498,1.6718014746748675,0.24160955378415744
5588,0.5599,6,68,6,425197,180413,50464,57492,1.6711715884249139,0.24165948592925748
5589,0.56,27,153,27,425350,180260,50491,57465,1.669754344362518,0.24172888842149542
5590,0.5601,8,51,8,425401,180209,50499,57457,1.6692819296750527,0.2417552363400739
5591,0.5602,13,48,13,425449,180161,50512,57444,1.6688373040868503,0.2417625891711033
5592,0.5603,17,84,17,425533,180077,50529,57427,1.6680592093074957,0.24179382241983294
5593,0.5604,13,48,13,425581,180029,50542,57414,1.667614583719293,0.24180119018038013
5594,0.5605,20,98,20,425679,179931,50562,57394,1.6667068064767128,0.2418371431581165
5595,0.5606,42,202,42,425881,179729,50604,57352,1.6648356737930268,0.24190888346177045
5596,0.5607,30,139,30,426020,179590,50634,57322,1.6635481121938567,0.24195481866684676
5597,0.5608,12,59,12,426079,179531,50646,57310,1.663001593241691,0.24197668478008452
5598,0.5609,19,77,19,426156,179454,50665,57291,1.6622883396939494,0.24199455109928403
5599,0.561,13,127,13,426283,179327,50678,57278,1.66111193449183,0.24208279622155068
5600,0.5611,6,45,6,426328,179282,50684,57272,1.66069509800289,0.24210962401819458
5601,0.5612,8,59,8,426387,179223,50692,57264,1.6601485790507244,0.2421443884864707
5602,0.5613,22,67,22,426454,179156,50714,57242,1.6595279558338583,0.24214248851513126
5603,0.5614,21,74,21,426528,179082,50735,57221,1.6588424913853792,0.24215096719042925
5604,0.5615,14,58,14,426586,179024,50749,57207,1.658305235466301,0.2421655074905495
5605,0.5616,11,74,11,426660,178950,50760,57196,1.657619771017822,0.24220609284086964
5606,0.5617,14,75,14,426735,178875,50774,57182,1.6569250435362555,0.24223810350889827
5607,0.5618,28,85,28,426820,178790,50802,57154,1.6561376857238135,0.24223544569897942
5608,0.5619,37,211,37,427031,178579,50839,57117,1.6541831857423395,0.24233334464734235
5609,0.562,17,111,17,427142,178468,50856,57100,1.6531549890696209,0.24239285471710928
5610,0.5621,11,53,11,427195,178415,50867,57089,1.6526640483159807,0.24241201847951627
5611,0.5622,12,64,12,427259,178351,50879,57077,1.652071214198377,0.24243930203714087
5612,0.5623,13,69,13,427328,178282,50892,57064,1.6514320649153358,0.24246853568788082
5613,0.5624,21,84,21,427412,178198,50913,57043,1.6506539701359813,0.24248749155121768
5614,0.5625,20,67,20,427479,178131,50933,57023,1.6500333469191153,0.2424921540777533
5615,0.5626,13,61,13,427540,178070,50946,57010,1.6494683019007743,0.24251318700017016
5616,0.5627,13,83,13,427623,177987,50959,56997,1.6486994701545075,0.24255694004698192
5617,0.5628,13,63,13,427686,177924,50972,56984,1.6481158990699916,0.24258007390127198
5618,0.5629,23,98,23,427784,177826,50995,56961,1.6472081218274113,0.24260712901480916
5619,0.563,17,69,17,427853,177757,51012,56944,1.64656897254437,0.24262359342312134
5620,0.5631,25,119,25,427972,177638,51037,56919,1.645466671606951,0.24266596179180328
5621,0.5632,43,131,43,428103,177507,51080,56876,1.6442532142724813,0.24266265044819804
5622,0.5633,26,69,26,428172,177438,51106,56850,1.6436140649894402,0.2426500717066175
5623,0.5634,9,34,9,428206,177404,51115,56841,1.6432991218644633,0.2426561933018848
5624,0.5635,32,200,32,428406,177204,51147,56809,1.6414465152469524,0.2427600176058595
5625,0.5636,16,82,16,428488,177122,51163,56793,1.640686946533773,0.24279332236068657
5626,0.5637,26,83,26,428571,177039,51189,56767,1.639918114787506,0.24279530893133625
5627,0.5638,19,116,19,428687,176923,51208,56748,1.6388436029493498,0.24285426946433233
5628,0.5639,34,141,34,428828,176782,51242,56714,1.6375375152840046,0.2428906705039915
5629,0.564,24,122,24,428950,176660,51266,56690,1.636407425247323,0.24293979001499894
5630,0.5641,20,89,20,429039,176571,51286,56670,1.6355830153025306,0.242967574311549
5631,0.5642,9,47,9,429086,176524,51295,56661,1.6351476527474156,0.24298732765829706
5632,0.5643,22,82,22,429168,176442,51317,56639,1.6343880840342362,0.2430013600422171
5633,0.5644,25,105,25,429273,176337,51342,56614,1.633415465560043,0.24302965001223434
5634,0.5645,18,67,18,429340,176270,51360,56596,1.6327948423431768,0.2430410622418043
5635,0.5646,24,114,24,429454,176156,51384,56572,1.6317388565711957,0.24308205286858478
5636,0.5647,32,183,32,429637,175973,51416,56540,1.6300437215161732,0.24316919914155338
5637,0.5648,3,35,3,429672,175938,51419,56537,1.6297195153581088,0.24319604258522423
5638,0.5649,33,166,33,429838,175772,51452,56504,1.6281818518655748,0.24326232585372573
5639,0.565,14,116,14,429954,175656,51466,56490,1.6271073400274185,0.24333824403608073
5640,0.5651,26,72,26,430026,175584,51492,56464,1.6264404016451146,0.24332896642074053
5641,0.5652,21,97,21,430123,175487,51513,56443,1.625541887435622,0.24336222135989308
5642,0.5653,19,124,19,430247,175363,51532,56424,1.6243932713327651,0.24343039083296303
5643,0.5654,16,80,16,430327,175283,51548,56408,1.6236522286857609,0.2434621974958026
5644,0.5655,15,57,15,430384,175226,51563,56393,1.6231242357997704,0.24347311749036132
5645,0.5656,10,96,10,430480,175130,51573,56383,1.622234984623365,0.24354139940305727
5646,0.5657,6,50,6,430530,175080,51579,56377,1.6217718329689874,0.24357440042858933
5647,0.5658,19,104,19,430634,174976,51598,56358,1.6208084775278817,0.24362177630612017
5648,0.5659,30,132,30,430766,174844,51628,56328,1.6195857571603245,0.24366272731991764
5649,0.566,13,63,13,430829,174781,51641,56315,1.6190021860758086,0.24368660643195902
5650,0.5661,16,63,16,430892,174718,51657,56299,1.6184186149912927,0.2437006800365341
5651,0.5662,15,110,15,431002,174608,51672,56284,1.6173996813516618,0.24376764894409508
5652,0.5663,25,69,25,431071,174539,51697,56259,1.6167605320686205,0.24375861142644217
5653,0.5664,42,204,42,431275,174335,51739,56217,1.6148708733187596,0.2438365314549429
5654,0.5665,23,83,23,431358,174252,51762,56194,1.6141020415724925,0.2438488843373285
5655,0.5666,16,86,16,431444,174166,51778,56178,1.6133054207269628,0.24388740318827493
5656,0.5667,22,108,22,431552,174058,51800,56156,1.612305013153507,0.24392956119089196
5657,0.5668,27,123,27,431675,173935,51827,56129,1.6111656600837378,0.24397124278461646
5658,0.5669,7,50,7,431725,173885,51834,56122,1.61070250842936,0.24400126952657963
5659,0.567,15,65,15,431790,173820,51849,56107,1.610100411278669,0.24402092838161676
5660,0.5671,12,42,12,431832,173778,51861,56095,1.6097113638889917,0.24402604916627876
5661,0.5672,31,137,31,431969,173641,51892,56064,1.608442328355997,0.24406956748873554
5662,0.5673,15,38,15,432007,173603,51907,56049,1.6080903330986698,0.24406057861459948
5663,0.5674,23,125,23,432132,173478,51930,56026,1.6069324539627257,0.24411774958170665
5664,0.5675,20,55,20,432187,173423,51950,56006,1.60642298714291,0.24411037837413754
5665,0.5676,18,95,18,432282,173328,51968,55988,1.6055429989995924,0.244152174292243
5666,0.5677,20,115,20,432397,173213,51988,55968,1.6044777501945238,0.24420872585423747
5667,0.5678,19,89,19,432486,173124,52007,55949,1.6036533402497313,0.24424091883373422
5668,0.5679,14,121,14,432607,173003,52021,55935,1.6025325132461372,0.2443237907206318
5669,0.568,18,116,18,432723,172887,52039,55917,1.6014580014079811,0.24438820999632874
5670,0.5681,19,70,19,432793,172817,52058,55898,1.6008095890918523,0.24440023610169861
5671,0.5682,14,51,14,432844,172766,52072,55884,1.600337174404387,0.24440848458342446
5672,0.5683,32,100,32,432944,172666,52104,55852,1.5994108710956316,0.2444096307511881
5673,0.5684,33,99,33,433043,172567,52137,55819,1.5984938308199637,0.24440639969174993
5674,0.5685,8,46,8,433089,172521,52145,55811,1.5980677312979361,0.244429164549866
5675,0.5686,31,125,31,433214,172396,52176,55780,1.596909852161992,0.2444604165205806
5676,0.5687,35,165,35,433379,172231,52211,55745,1.5953814517025455,0.24452135312489034
5677,0.5688,12,71,12,433450,172160,52223,55733,1.594723776353329,0.24455775298056545
5678,0.5689,30,102,30,433552,172058,52253,55703,1.5937789469783985,0.24456777060163945
5679,0.569,24,100,24,433652,171958,52277,55679,1.5928526436696433,0.24459556223285317
5680,0.5691,19,71,19,433723,171887,52296,55660,1.5921949683204268,0.2446088060928072
5681,0.5692,22,97,22,433820,171790,52318,55638,1.591296454110934,0.24464006190970328
5682,0.5693,12,112,12,433932,171678,52330,55626,1.590258994405128,0.2447207264280435
5683,0.5694,12,48,12,433980,171630,52342,55614,1.5898143688169255,0.2447325341923219
5684,0.5695,18,87,18,434067,171543,52360,55596,1.5890084849383082,0.2447664205618586
5685,0.5696,17,85,17,434152,171458,52377,55579,1.5882211271258662,0.24480150812422644
5686,0.5697,21,76,21,434228,171382,52398,55558,1.587517136611212,0.2448136071208249
5687,0.5698,13,77,13,434305,171305,52411,55545,1.5868038830634703,0.24485342737491736
5688,0.5699,35,147,35,434452,171158,52446,55510,1.5854422171995999,0.24489561826106906
5689,0.57,40,171,40,434623,170987,52486,55470,1.583858238541628,0.24494716436232927
5690,0.5701,16,78,16,434701,170909,52502,55454,1.5831357219607989,0.244978198733892
5691,0.5702,27,149,27,434850,170760,52529,55427,1.5817555300307533,0.24504945023365624
5692,0.5703,16,49,16,434899,170711,52545,55411,1.5813016414094632,0.24504913276903617
5693,0.5704,5,29,5,434928,170682,52550,55406,1.581033013449924,0.24506386893598953
5694,0.5705,31,136,31,435064,170546,52581,55375,1.5797732409500167,0.2451078031701347
5695,0.5706,25,99,25,435163,170447,52606,55350,1.5788562006743487,0.24513168908355734
5696,0.5707,6,61,6,435224,170386,52612,55344,1.578291155656008,0.24517786736366456
5697,0.5708,16,84,16,435308,170302,52628,55328,1.5775130608766534,0.24521561849044896
5698,0.5709,39,181,39,435489,170121,52667,55289,1.575836451887806,0.2452819307040504
5699,0.571,22,87,22,435576,170034,52689,55267,1.575030568009189,0.24530295027540935
5700,0.5711,17,79,17,435655,169955,52706,55250,1.5742987883952722,0.2453320308163673
5701,0.5712,11,42,11,435697,169913,52717,55239,1.5739097410055949,0.24534092524161455
5702,0.5713,38,169,38,435866,169744,52755,55201,1.5723442884137981,0.24539776389784168
5703,0.5714,17,69,17,435935,169675,52772,55184,1.571705139130757,0.2454160162590779
5704,0.5715,28,102,28,436037,169573,52800,55156,1.5707603097558265,0.24543338865922956
5705,0.5716,42,214,42,436251,169359,52842,55114,1.5687780206750899,0.24552618800479345
5706,0.5717,22,77,22,436328,169282,52864,55092,1.5680647671273482,0.24553647035752807
5707,0.5718,11,43,11,436371,169239,52875,55081,1.5676664567045833,0.24554654065620543
5708,0.5719,10,91,10,436462,169148,52885,55071,1.5668235206936159,0.24561254844593902
5709,0.572,25,106,25,436568,169042,52910,55046,1.5658416391863352,0.24564456820534789
5710,0.5721,17,76,17,436644,168966,52927,55029,1.565137648671681,0.245670662291569
5711,0.5722,20,126,20,436770,168840,52947,55009,1.5639705065026492,0.2457415489906142
5712,0.5723,33,155,33,436925,168685,52980,54976,1.5625347363740782,0.2458005642467842
5713,0.5724,24,113,24,437038,168572,53004,54952,1.5614880136351847,0.24584384674576332
5714,0.5725,6,54,6,437092,168518,53010,54946,1.5609878098484569,0.24588300576379193
5715,0.5726,20,121,20,437213,168397,53030,54926,1.5598669828448628,0.24594869314848897
5716,0.5727,19,95,19,437308,168302,53049,54907,1.5589869947015451,0.24598918502390135
5717,0.5728,25,123,25,437431,168179,53074,54882,1.557847641631776,0.24604032080910604
5718,0.5729,15,85,15,437516,168094,53089,54867,1.5570602838193337,0.24608339575082638
5719,0.573,19,97,19,437613,167997,53108,54848,1.556161769609841,0.24612623123695843
5720,0.5731,35,160,35,437773,167837,53143,54813,1.5546796843158324,0.24618459465528858
5721,0.5732,17,103,17,437876,167734,53160,54796,1.5537255919078143,0.24624095627555836
5722,0.5733,15,63,15,437939,167671,53175,54781,1.5531420208232984,0.2462598672972147
5723,0.5734,18,114,18,438053,167557,53193,54763,1.5520860350513173,0.24632511694854264
5724,0.5735,11,71,11,438124,167486,53204,54752,1.5514283597021008,0.24636650797793358
5725,0.5736,39,135,39,438259,167351,53243,54713,1.550177850235281,0.24638392535485265
5726,0.5737,24,143,24,438402,167208,53267,54689,1.5488532365037608,0.24646119596028787
5727,0.5738,22,98,22,438500,167110,53289,54667,1.5479454592611805,0.2464953534406183
5728,0.5739,34,182,34,438682,166928,53323,54633,1.5462595872392457,0.24658220535202496
5729,0.574,22,98,22,438780,166830,53345,54611,1.5453518099966652,0.2466164802362706
5730,0.5741,22,100,22,438880,166730,53367,54589,1.5444255066879098,0.24665302120468643
5731,0.5742,16,80,16,438960,166650,53383,54573,1.5436844640409055,0.2466877313841689
5732,0.5743,25,129,25,439089,166521,53408,54548,1.5424895327726111,0.24674649091460132
5733,0.5744,14,56,14,439145,166465,53422,54534,1.5419708029197081,0.2467612975624324
5734,0.5745,25,110,25,439255,166355,53447,54509,1.540951869280077,0.2467989350912779
5735,0.5746,12,67,12,439322,166288,53459,54497,1.540331246063211,0.24683289172724596
5736,0.5747,42,200,42,439522,166088,53501,54455,1.5384786394457002,0.24691330035412595
5737,0.5748,24,130,24,439652,165958,53525,54431,1.537274445144318,0.24697693623547454
5738,0.5749,11,66,11,439718,165892,53536,54420,1.5366630849605394,0.24701332655506736
5739,0.575,25,111,25,439829,165781,53561,54395,1.535634888287821,0.2470523581135092
5740,0.5751,41,173,41,440002,165608,53602,54354,1.534032383563674,0.24710631836408106
5741,0.5752,14,86,14,440088,165522,53616,54340,1.5332357627181443,0.24715503361199298
5742,0.5753,27,107,27,440195,165415,53643,54313,1.5322446181777762,0.247182880652443
5743,0.5754,34,127,34,440322,165288,53677,54279,1.5310682129756568,0.24720928008307258
5744,0.5755,49,211,49,440533,165077,53726,54230,1.5291137129941827,0.2472789286251693
5745,0.5756,16,79,16,440612,164998,53742,54214,1.528381933380266,0.24731310329726475
5746,0.5757,13,89,13,440701,164909,53755,54201,1.5275575234354737,0.24736890146501758
5747,0.5758,17,117,17,440818,164792,53772,54184,1.52647374856423,0.24744264211603098
5748,0.5759,18,99,18,440917,164693,53790,54166,1.525556708288562,0.24749267793419508
5749,0.576,18,79,18,440996,164614,53808,54148,1.5248249286746451,0.24752013603825163
5750,0.5761,7,55,7,441051,164559,53815,54141,1.5243154618548298,0.24755829903978052
5751,0.5762,15,84,15,441135,164475,53830,54126,1.5235373670754753,0.24760179505125776
5752,0.5763,12,65,12,441200,164410,53842,54114,1.5229352699247842,0.24763412714392927
5753,0.5764,24,119,24,441319,164291,53866,54090,1.5218329689873653,0.24768638297287768
5754,0.5765,17,100,17,441419,164191,53883,54073,1.5209066656786099,0.24774126745592492
5755,0.5766,29,108,29,441527,164083,53912,54044,1.519906258105154,0.2477639173509011
5756,0.5767,23,114,23,441641,163969,53935,54021,1.5188502723331727,0.2478141199137575
5757,0.5768,22,107,22,441748,163862,53957,53999,1.5178591277928044,0.24785987395632994
5758,0.5769,35,109,35,441857,163753,53992,53964,1.516849457186261,0.24786305157612865
5759,0.577,25,95,25,441952,163658,54017,53939,1.5159694690429435,0.24788485135364918
5760,0.5771,31,129,31,442081,163529,54048,53908,1.5147745377746489,0.24792468623095426
5761,0.5772,20,75,20,442156,163454,54068,53888,1.5140798102930824,0.24794103302629036
5762,0.5773,24,115,24,442271,163339,54092,53864,1.5130145614880137,0.24798920825218804
5763,0.5774,39,144,39,442415,163195,54131,53825,1.5116806847234059,0.2480186157957792
5764,0.5775,17,93,17,442508,163102,54148,53808,1.5108192226462633,0.24806601816421558
5765,0.5776,17,101,17,442609,163001,54165,53791,1.5098836563044202,0.24812262445108677
5766,0.5777,11,65,11,442674,162936,54176,53780,1.5092815591537292,0.24815888074715295
5767,0.5778,12,30,12,442704,162906,54188,53768,1.5090036681611028,0.24815160102273462
5768,0.5779,25,125,25,442829,162781,54213,53743,1.5078457890251584,0.2482080508396298
5769,0.578,19,108,19,442937,162673,54232,53724,1.5068453814517024,0.24826591865876144
5770,0.5781,10,67,10,443004,162606,54242,53714,1.5062247582348365,0.2483080621301775
5771,0.5782,25,79,25,443083,162527,54267,53689,1.5054929786209197,0.24831187331187332
5772,0.5783,15,43,15,443126,162484,54282,53674,1.5050946681981547,0.2483091072271209
5773,0.5784,22,106,22,443232,162378,54304,53652,1.5041127866908741,0.24835439522288572
5774,0.5785,16,101,16,443333,162277,54320,53636,1.503177220349031,0.24841487080444438
5775,0.5786,7,28,7,443361,162249,54327,53629,1.5029178554225795,0.24842272024013562
5776,0.5787,18,60,18,443421,162189,54345,53611,1.5023620734373264,0.24842910101946247
5777,0.5788,21,76,21,443497,162113,54366,53590,1.5016580829226722,0.24844346161156775
5778,0.5789,10,39,10,443536,162074,54376,53580,1.5012968246322576,0.24845354132081945
5779,0.579,21,76,21,443612,161998,54397,53559,1.5005928341176034,0.24846792263763182
5780,0.5791,10,73,10,443685,161925,54407,53549,1.499916632702212,0.2485172224955215
5781,0.5792,29,130,29,443815,161795,54436,53520,1.49871243840083,0.2485660543854353
5782,0.5793,23,112,23,443927,161683,54459,53497,1.4976749786950239,0.24861511292871086
5783,0.5794,42,149,42,444076,161534,54501,53455,1.4962947867649783,0.24864062812515988
5784,0.5795,17,102,17,444178,161432,54518,53438,1.4953499573900477,0.24869921347791688
5785,0.5796,13,63,13,444241,161369,54531,53425,1.4947663863055318,0.24872668696518524
5786,0.5797,24,126,24,444367,161243,54555,53401,1.4935992441365,0.24878869197368667
5787,0.5798,25,102,25,444469,161141,54580,53376,1.4926544147615695,0.2488194408834731
5788,0.5799,14,82,14,444551,161059,54594,53362,1.49189484604839,0.24886554954971762
5789,0.58,23,140,23,444691,160919,54617,53339,1.4905980214161325,0.2489475305472841
5790,0.5801,24,120,24,444811,160799,54641,53315,1.489486457445626,0.24900286763126186
5791,0.5802,19,78,19,444889,160721,54660,53296,1.4887639408647968,0.2490269464575244
5792,0.5803,15,54,15,444943,160667,54675,53281,1.488263737078069,0.24903714921382766
5793,0.5804,27,113,27,445056,160554,54702,53254,1.4872170143391752,0.2490739354935269
5794,0.5805,34,89,34,445145,160465,54736,53220,1.486392604394383,0.24905819313475444
5795,0.5806,12,68,12,445213,160397,54748,53208,1.4857627181444293,0.24909529271318556
5796,0.5807,30,167,30,445380,160230,54778,53178,1.4842157916188077,0.2491846603688709
5797,0.5808,21,75,21,445455,160155,54799,53157,1.4835210641372412,0.24919835733573356
5798,0.5809,17,84,17,445539,160071,54816,53140,1.4827429693578866,0.24923667165390154
5799,0.581,15,66,15,445605,160005,54831,53125,1.482131609174108,0.24926101440435414
5800,0.5811,7,49,7,445654,159956,54838,53118,1.4816777205528178,0.24929367262077964
5801,0.5812,29,90,29,445744,159866,54867,53089,1.480844047574938,0.24929679979338357
5802,0.5813,32,105,32,445849,159761,54899,53057,1.4798714291007447,0.24930691952748357
5803,0.5814,8,58,8,445907,159703,54907,53049,1.4793341731816667,0.24934665714070844
5804,0.5815,20,70,20,445977,159633,54927,53029,1.4786857608655377,0.2493581363854379
5805,0.5816,29,107,29,446084,159526,54956,53000,1.4776946163251694,0.24938125217620433
5806,0.5817,9,67,9,446151,159459,54965,52991,1.4770739931083035,0.24942810072958344
5807,0.5818,9,58,9,446209,159401,54974,52982,1.4765367371892253,0.24946441099334693
5808,0.5819,8,50,8,446259,159351,54982,52974,1.4760735855348475,0.24949487813493465
5809,0.582,9,53,9,446312,159298,54991,52965,1.4755826447812073,0.24952535298191394
5810,0.5821,45,171,45,446483,159127,55036,52920,1.4739986661232354,0.2495673129070442
5811,0.5822,25,124,25,446607,159003,55061,52895,1.4728500500203787,0.2496248194886219
5812,0.5823,39,102,39,446709,158901,55100,52856,1.4719052206454482,0.2496068606940975
5813,0.5824,32,128,32,446837,158773,55132,52824,1.4707195524102412,0.2496443711394774
5814,0.5825,12,79,12,446916,158694,55144,52812,1.4699877727963244,0.24969504411222376
5815,0.5826,29,120,29,447036,158574,55173,52783,1.4688762088258178,0.24973386261160027
5816,0.5827,17,92,17,447128,158482,55190,52766,1.468024009781763,0.24978224645913807
5817,0.5828,17,54,17,447182,158428,55207,52749,1.467523805995035,0.24978572477116354
5818,0.5829,22,113,22,447295,158315,55229,52727,1.4664770832561413,0.24984126382426247
5819,0.583,21,65,21,447360,158250,55250,52706,1.4658749861054503,0.2498435692751095
5820,0.5831,17,86,17,447446,158164,55267,52689,1.4650783652599206,0.24988499096526964
5821,0.5832,32,117,32,447563,158047,55299,52657,1.4639945903886769,0.2499098261067659
5822,0.5833,13,64,13,447627,157983,55312,52644,1.4634017562710735,0.2499394664501702
5823,0.5834,24,71,24,447698,157912,55336,52620,1.462744080921857,0.24993825166720499
5824,0.5835,14,73,14,447771,157839,55350,52606,1.4620678795064657,0.2499750528641688
5825,0.5836,19,75,19,447846,157764,55369,52587,1.461373152024899,0.24999643453085557
5826,0.5837,28,99,28,447945,157665,55397,52559,1.4604561117492312,0.25001427049242714
5827,0.5838,13,89,13,448034,157576,55410,52546,1.459631701804439,0.2500737666688876
5828,0.5839,18,107,18,448141,157469,55428,52528,1.4586405572640706,0.250136906717715
5829,0.584,37,118,37,448259,157351,55465,52491,1.4575475193597391,0.2501453474518924
5830,0.5841,33,168,33,448427,157183,55498,52458,1.45599132980103,0.2502277703311852
5831,0.5842,26,115,26,448542,157068,55524,52432,1.4549260809959612,0.250272076372315
5832,0.5843,9,60,9,448602,157008,55533,52423,1.4543702990107081,0.25031155846078185
5833,0.5844,24,113,24,448715,156895,55557,52399,1.4533235762718144,0.2503607365715214
5834,0.5845,15,81,15,448796,156814,55572,52384,1.4525732705917225,0.25040392355567453
5835,0.5846,13,78,13,448874,156736,55585,52371,1.4518507540108934,0.2504507261832459
5836,0.5847,23,96,23,448970,156640,55608,52348,1.4509615028344882,0.2504832813367275
5837,0.5848,9,25,9,448995,156615,55617,52339,1.4507299270072993,0.2504809671028073
5838,0.5849,21,64,21,449059,156551,55638,52318,1.4501370928896957,0.25048235975659383
5839,0.585,46,245,46,449304,156306,55684,52272,1.447867649783245,0.25061128211028966
5840,0.5851,24,102,24,449406,156204,55708,52248,1.4469228204083144,0.25064763110932015
5841,0.5852,16,92,16,449498,156112,55724,52232,1.4460706213642596,0.250700764120877
5842,0.5853,28,120,28,449618,155992,55752,52204,1.444959057393753,0.25074449076831445
5843,0.5854,20,83,20,449701,155909,55772,52184,1.4441902256474861,0.25077249114578576
5844,0.5855,26,129,26,449830,155780,55798,52158,1.4429952943791915,0.25083438332579905
5845,0.5856,16,83,16,449913,155697,55814,52142,1.4422264626329244,0.25087688066243585
5846,0.5857,12,54,12,449967,155643,55826,52130,1.4417262588461965,0.2508988174594389
5847,0.5858,26,113,26,450080,155530,55852,52104,1.440679536107303,0.2509415606307252
5848,0.5859,16,82,16,450162,155448,55868,52088,1.4399199673941234,0.2509829619921363
5849,0.586,9,28,9,450190,155420,55877,52079,1.439660602467672,0.2509843420932149
5850,0.5861,14,47,14,450237,155373,55891,52065,1.439225239912557,0.25099065744945476
5851,0.5862,27,90,27,450327,155283,55918,52038,1.4383915669346772,0.2510020692549235
5852,0.5863,26,94,26,450421,155189,55944,52012,1.437520841824447,0.2510219545272465
5853,0.5864,17,59,17,450480,155130,55961,51995,1.4369743228722813,0.25103198551599276
5854,0.5865,12,51,12,450531,155079,55973,51983,1.436501908184816,0.251050410022119
5855,0.5866,23,93,23,450624,154986,55996,51960,1.4356404461076735,0.2510799918819402
5856,0.5867,21,62,21,450686,154924,56017,51939,1.435066138056245,0.25107921667963823
5857,0.5868,7,64,7,450750,154860,56024,51932,1.4344733039386417,0.2511315718209602
5858,0.5869,35,147,35,450897,154713,56059,51897,1.4331116380747713,0.25118338899375636
5859,0.587,26,117,26,451014,154596,56085,51871,1.4320278632035273,0.2512314316573593
5860,0.5871,23,105,23,451119,154491,56108,51848,1.431055244729334,0.2512758131036789
5861,0.5872,14,109,14,451228,154382,56122,51834,1.4300455741227909,0.2513577995887807
5862,0.5873,27,77,27,451305,154305,56149,51807,1.429332320575049,0.2513536329762459
5863,0.5874,30,132,30,451437,154173,56179,51777,1.428109600207492,0.2514056809905317
5864,0.5875,31,100,31,451537,154073,56210,51746,1.4271832968987366,0.25141507829695026
5865,0.5876,15,84,15,451621,153989,56225,51731,1.426405202119382,0.2514631538012833
5866,0.5877,16,83,16,451704,153906,56241,51715,1.425636370373115,0.25150641228279214
5867,0.5878,25,100,25,451804,153806,56266,51690,1.4247100670643595,0.251537742827111
5868,0.5879,31,94,31,451898,153712,56297,51659,1.4238393419541295,0.2515398960904899
5869,0.588,13,56,13,451954,153656,56310,51646,1.4233206121012265,0.2515611148454472
5870,0.5881,26,114,26,452068,153542,56336,51620,1.4222646263292453,0.25160604790360785
5871,0.5882,37,153,37,452221,153389,56373,51583,1.4208473822668495,0.2516587631481373
5872,0.5883,20,100,20,452321,153289,56393,51563,1.419921078958094,0.2517085505633335
5873,0.5884,7,53,7,452374,153236,56400,51556,1.4194301382044536,0.25174811516074846
5874,0.5885,9,55,9,452429,153181,56409,51547,1.4189206713846383,0.2517828533468798
5875,0.5886,19,117,19,452546,153064,56428,51528,1.4178368965133943,0.25185735512630014
5876,0.5887,22,101,22,452647,152963,56450,51506,1.4169013301715514,0.25190126620661324
5877,0.5888,15,71,15,452718,152892,56465,51491,1.416243654822335,0.2519338692552707
5878,0.5889,17,64,17,452782,152828,56482,51474,1.4156508207047316,0.25195054380280174
5879,0.589,17,69,17,452851,152759,56499,51457,1.4150116714216903,0.2519734007129706
5880,0.5891,29,118,29,452969,152641,56528,51428,1.413918633517359,0.2520127995922948
5881,0.5892,22,91,22,453060,152550,56550,51406,1.4130756975063914,0.2520445586302928
5882,0.5893,13,66,13,453126,152484,56563,51393,1.412464337322613,0.2520784590709104
5883,0.5894,25,108,25,453234,152376,56588,51368,1.4114639297491571,0.252120307837286
5884,0.5895,12,68,12,453302,152308,56600,51356,1.4108340434992033,0.2521604210857098
5885,0.5896,28,127,28,453429,152181,56628,51328,1.409657638297084,0.2522148897591753
5886,0.5897,13,72,13,453501,152109,56641,51315,1.40899069991478,0.25225637092968384
5887,0.5898,28,131,28,453632,151978,56669,51287,1.4077772425803106,0.2523159422428849
5888,0.5899,7,75,7,453707,151903,56676,51280,1.4070825150987438,0.252383319470625
5889,0.59,34,126,34,453833,151777,56710,51246,1.405915372929712,0.2524147510380597
5890,0.5901,11,55,11,453888,151722,56721,51235,1.4054059061098967,0.2524426356321782
5891,0.5902,22,121,22,454009,151601,56743,51213,1.4042850791063026,0.25251215399331406
5892,0.5903,18,77,18,454086,151524,56761,51195,1.403571825558561,0.25254169564766993
5893,0.5904,9,55,9,454141,151469,56770,51186,1.4030623587387454,0.2525770397966988
5894,0.5905,27,87,27,454228,151382,56797,51159,1.4022564748601283,0.2525858961889198
5895,0.5906,26,109,26,454337,151273,56823,51133,1.4012468042535848,0.2526259102991018
5896,0.5907,12,62,12,454399,151211,56835,51121,1.4006724962021564,0.2526589961054109
5897,0.5908,22,69,22,454468,151142,56857,51099,1.4000333469191153,0.2526639009894136
5898,0.5909,7,50,7,454518,151092,56864,51092,1.3995701952647375,0.2527005104261465
5899,0.591,23,92,23,454610,151000,56887,51069,1.3987179962206826,0.25273050294701316
5900,0.5911,6,66,6,454676,150934,56893,51063,1.3981066360369039,0.25279088303291636
5901,0.5912,8,51,8,454727,150883,56901,51055,1.3976342213494386,0.2528251245431766
5902,0.5913,10,45,10,454772,150838,56911,51045,1.3972173848604987,0.2528444693213396
5903,0.5914,18,53,18,454825,150785,56929,51027,1.3967264441068583,0.2528442312647414
5904,0.5915,19,77,19,454902,150708,56948,51008,1.3960131905591167,0.2528703722064685
5905,0.5916,41,170,41,455072,150538,56989,50967,1.3944384749342325,0.2529316890399742
5906,0.5917,24,71,24,455143,150467,57013,50943,1.3937807995850162,0.2529318305943101
5907,0.5918,8,60,8,455203,150407,57021,50935,1.393225017599763,0.2529775208351958
5908,0.5919,24,92,24,455295,150315,57045,50911,1.3923728185557078,0.2530040849592001
5909,0.592,37,156,37,455451,150159,57082,50874,1.3909277853940494,0.25306292996672186
5910,0.5921,8,53,8,455504,150106,57090,50866,1.390436844640409,0.25309993431920863
5911,0.5922,16,47,16,455551,150059,57106,50850,1.390001482085294,0.25309966203604617
5912,0.5923,12,98,12,455649,149961,57118,50838,1.3890937048427137,0.2531785516860144
5913,0.5924,35,127,35,455776,149834,57153,50803,1.3879172996405944,0.25320853082930866
5914,0.5925,34,143,34,455919,149691,57187,50769,1.386592685909074,0.2532624962586052
5915,0.5926,27,73,27,455992,149618,57214,50742,1.3859164844936827,0.2532541425434218
5916,0.5927,6,52,6,456044,149566,57220,50736,1.3854348067731297,0.25329752074367706
5917,0.5928,30,157,30,456201,149409,57250,50706,1.3839805105783838,0.2533843040251855
5918,0.5929,21,100,21,456301,149309,57271,50685,1.3830542072696284,0.25343260297808934
5919,0.593,22,76,22,456377,149233,57293,50663,1.3823502167549742,0.25344679233201267
5920,0.5931,19,91,19,456468,149142,57312,50644,1.3815072807440067,0.2534912356221157
5921,0.5932,25,99,25,456567,149043,57337,50619,1.380590240468339,0.2535234546383388
5922,0.5933,18,55,18,456622,148988,57355,50601,1.3800807736485234,0.25352599592161895
5923,0.5934,14,84,14,456706,148904,57369,50587,1.379302678869169,0.2535803620213443
5924,0.5935,24,69,24,456775,148835,57393,50563,1.3786635295861276,0.2535782705944894
5925,0.5936,23,79,23,456854,148756,57416,50540,1.3779317499722108,0.2535926461143224
5926,0.5937,28,130,28,456984,148626,57444,50512,1.376727555670829,0.2536532454880535
5927,0.5938,14,59,14,457043,148567,57458,50498,1.376181036718663,0.2536759349961068
5928,0.5939,36,148,36,457191,148419,57494,50462,1.3748101078217052,0.25372961720828036
5929,0.594,7,55,7,457246,148364,57501,50455,1.3743006410018896,0.25377353271065645
5930,0.5941,31,93,31,457339,148271,57532,50424,1.373439178924747,0.25377588766702736
5931,0.5942,14,60,14,457399,148211,57546,50410,1.3728833969394938,0.2537999506597993
5932,0.5943,17,92,17,457491,148119,57563,50393,1.372031197895439,0.2538536713145805
5933,0.5944,8,44,8,457535,148075,57571,50385,1.3716236244395865,0.25387987503779097
5934,0.5945,17,113,17,457648,147962,57588,50368,1.3705769017006928,0.25396057076589523
5935,0.5946,42,193,42,457841,147769,57630,50326,1.3687891363147948,0.25404982457911607
5936,0.5947,12,47,12,457888,147722,57642,50314,1.3683537737596798,0.25406491748974935
5937,0.5948,37,119,37,458007,147603,57679,50277,1.367251472822261,0.25407822922983625
5938,0.5949,29,96,29,458103,147507,57708,50248,1.3663622216458557,0.2540921847740891
5939,0.595,11,61,11,458164,147446,57719,50237,1.365797176627515,0.25412908545499613
5940,0.5951,15,71,15,458235,147375,57734,50222,1.3651395012782985,0.25416377779014865
5941,0.5952,20,76,20,458311,147299,57754,50202,1.3644355107636446,0.2541860547541531
5942,0.5953,8,32,8,458343,147267,57762,50194,1.3641390937048428,0.25419703131251237
5943,0.5954,8,50,8,458393,147217,57770,50186,1.363675942050465,0.2542311920284899
5944,0.5955,32,148,32,458541,147069,57802,50154,1.362305013153507,0.25430096895392523
5945,0.5956,16,119,16,458660,146950,57818,50138,1.3612027122160881,0.25439397629485305
5946,0.5957,21,82,21,458742,146868,57839,50117,1.3604431435029085,0.2544203873391375
5947,0.5958,21,95,21,458837,146773,57860,50096,1.359563155359591,0.2544636280978722
5948,0.5959,40,154,40,458991,146619,57900,50056,1.3581366482641075,0.25451124952332527
5949,0.596,33,116,33,459107,146503,57933,50023,1.3570621364259514,0.25453629545200124
5950,0.5961,35,134,35,459241,146369,57968,49988,1.355820889992219,0.25457712228237345
5951,0.5962,11,95,11,459336,146274,57979,49977,1.3549409018489014,0.2546585749881529
5952,0.5963,16,69,16,459405,146205,57995,49961,1.3543017525658603,0.2546873566265306
5953,0.5964,12,45,12,459450,146160,58007,49949,1.3538849160769202,0.25470019224002977
5954,0.5965,33,154,33,459604,146006,58040,49916,1.3524584089814369,0.25477485938281563
5955,0.5966,12,83,12,459687,145923,58052,49904,1.3516895772351698,0.25483717771298137
5956,0.5967,28,101,28,459788,145822,58080,49876,1.350754010893327,0.2548620834142403
5957,0.5968,34,79,34,459867,145743,58114,49842,1.3500222312794101,0.2548354935194417
5958,0.5969,16,94,16,459961,145649,58130,49826,1.3491515061691801,0.2548970456580125
5959,0.597,12,69,12,460030,145580,58142,49814,1.3485123568861388,0.2549412980951309
5960,0.5971,19,89,19,460119,145491,58161,49795,1.3476879469413465,0.2549849963643067
5961,0.5972,16,68,16,460187,145423,58177,49779,1.3470580606913929,0.2550127560168441
5962,0.5973,27,96,27,460283,145327,58204,49752,1.3461688095149875,0.25503513961010665
5963,0.5974,13,77,13,460360,145250,58217,49739,1.3454555559672459,0.2550861843488607
5964,0.5975,18,82,18,460442,145168,58235,49721,1.3446959872540665,0.2551247120155576
5965,0.5976,24,113,24,460555,145055,58259,49697,1.3436492645151727,0.25518094807755504
5966,0.5977,25,125,25,460680,144930,58284,49672,1.3424913853792286,0.25524917523972
5967,0.5978,1,19,1,460699,144911,58285,49671,1.3423153877505651,0.25527027165924904
5968,0.5979,42,211,42,460910,144700,58327,49629,1.3403608877690911,0.25538648374663586
5969,0.598,40,160,40,461070,144540,58367,49589,1.3388788024750824,0.2554435452714432
5970,0.5981,9,50,9,461120,144490,58376,49580,1.3384156508207048,0.2554748286700675
5971,0.5982,22,64,22,461184,144426,58398,49558,1.3378228167031012,0.25547467832398546
5972,0.5983,39,150,39,461334,144276,58437,49519,1.3364333617399682,0.25552258830207175
5973,0.5984,28,94,28,461428,144182,58465,49491,1.335562636629738,0.25553897548961396
5974,0.5985,12,53,12,461481,144129,58477,49479,1.3350716958760978,0.2555627866617082
5975,0.5986,8,47,8,461528,144082,58485,49471,1.3346363333209825,0.25559407500787895
5976,0.5987,5,47,5,461575,144035,58490,49466,1.3342009707658675,0.2556369217730141
5977,0.5988,20,118,20,461693,143917,58510,49446,1.3331079328615363,0.25571593324472625
5978,0.5989,29,122,29,461815,143795,58539,49417,1.3319778428248545,0.2557656874314225
5979,0.599,18,74,18,461889,143721,58557,49399,1.3312923783763755,0.2557943247721624
5980,0.5991,30,132,30,462021,143589,58587,49369,1.3300696580088185,0.25585360544781766
5981,0.5992,14,96,14,462117,143493,58601,49355,1.3291804068324131,0.2559269476478885
5982,0.5993,17,101,17,462218,143392,58618,49338,1.3282448404905702,0.25599543402687697
5983,0.5994,9,47,9,462265,143345,58627,49329,1.3278094779354552,0.2560231271474096
5984,0.5995,26,143,26,462408,143202,58653,49303,1.3264848642039349,0.25611282823822756
5985,0.5996,23,90,23,462498,143112,58676,49280,1.3256511912260551,0.25614370659902697
5986,0.5997,22,101,22,462599,143011,58698,49258,1.324715624884212,0.2561931460609875
5987,0.5998,18,126,18,462725,142885,58716,49240,1.3235484827151802,0.2562914769030579
5988,0.5999,26,190,26,462915,142695,58742,49214,1.321788506428545,0.25644446065583165
5989,0.6,19,76,19,462991,142619,58761,49195,1.3210845159138909,0.2564724159863201
5990,0.6001,6,25,6,463016,142594,58767,49189,1.320852940086702,0.25648258709061805
5991,0.6002,21,93,21,463109,142501,58788,49168,1.3199914780095594,0.25652557273215804
5992,0.6003,24,107,24,463216,142394,58812,49144,1.319000333469191,0.25657571865635015
5993,0.6004,28,94,28,463310,142300,58840,49116,1.318129608358961,0.2565929702846157
5994,0.6005,27,142,27,463452,142158,58867,49089,1.3168142576605284,0.2566785361339001
5995,0.6006,13,87,13,463539,142071,58880,49076,1.316008373781911,0.25674480896901336
5996,0.6007,48,175,48,463714,141896,58928,49028,1.314387342991589,0.25679327900106846
5997,0.6008,28,88,28,463802,141808,58956,49000,1.3135721960798843,0.25680264978407613
5998,0.6009,15,62,15,463864,141746,58971,48985,1.312997888028456,0.2568276787727218
5999,0.601,33,117,33,463981,141629,59004,48952,1.3119141131572123,0.25685666462029266
6000,0.6011,23,123,23,464104,141506,59027,48929,1.310774760087443,0.25693281172053456
6001,0.6012,35,114,35,464218,141392,59062,48894,1.309718774315462,0.25695006463954256
6002,0.6013,15,108,15,464326,141284,59077,48879,1.308718366742006,0.25703738371817864
6003,0.6014,22,124,22,464450,141160,59099,48857,1.3075697506391493,0.25711909987001164
6004,0.6015,23,128,23,464578,141032,59122,48834,1.3063840824039423,0.2572024480423035
6005,0.6016,19,52,19,464630,140980,59141,48815,1.3059024046833896,0.25719855633710054
6006,0.6017,16,61,16,464691,140919,59157,48799,1.3053373596650488,0.25721860867181817
6007,0.6018,26,98,26,464789,140821,59183,48773,1.3044295824224683,0.25724970199478886
6008,0.6019,21,104,21,464893,140717,59204,48752,1.3034662269813628,0.25730858346220226
6009,0.602,10,64,10,464957,140653,59214,48742,1.3028733928637592,0.2573563188046147
6010,0.6021,15,74,15,465031,140579,59229,48727,1.3021879284152802,0.25739807507421847
6011,0.6022,24,107,24,465138,140472,59253,48703,1.301196783874912,0.2574494515660103
6012,0.6023,14,68,14,465206,140404,59267,48689,1.3005668976249583,0.2574870566335084
6013,0.6024,12,60,12,465266,140344,59279,48677,1.3000111156397052,0.25752165103348307
6014,0.6025,20,87,20,465353,140257,59299,48657,1.2992052317610878,0.25756164180526586
6015,0.6026,13,100,13,465453,140157,59312,48644,1.2982789284523324,0.25764694042934094
6016,0.6027,13,46,13,465499,140111,59325,48631,1.2978528289303048,0.25765860274872576
6017,0.6028,15,47,15,465546,140064,59340,48616,1.2974174663751898,0.25766376934492263
6018,0.6029,18,102,18,465648,139962,59358,48598,1.2964726370002593,0.25773228680526095
6019,0.603,15,57,15,465705,139905,59373,48583,1.2959446441142688,0.2577511565723017
6020,0.6031,8,50,8,465755,139855,59381,48575,1.295481492459891,0.2577880379981956
6021,0.6032,20,76,20,465831,139779,59401,48555,1.294777501945237,0.2578132466787728
6022,0.6033,17,57,17,465888,139722,59418,48538,1.2942495090592463,0.2578242855625199
6023,0.6034,39,143,39,466031,139579,59457,48499,1.2929248953277261,0.2578664171248099
6024,0.6035,25,83,25,466114,139496,59482,48474,1.292156063581459,0.2578815768473693
6025,0.6036,20,68,20,466182,139428,59502,48454,1.2915261773315054,0.25789591339244844
6026,0.6037,17,87,17,466269,139341,59519,48437,1.2907202934528883,0.25794821544589885
6027,0.6038,11,76,11,466345,139265,59530,48426,1.290016302938234,0.2580091746540857
6028,0.6039,38,129,38,466474,139136,59568,48388,1.2888213716699397,0.2580363046863335
6029,0.604,51,143,51,466617,138993,59619,48337,1.2874967579384193,0.25803128169540385
6030,0.6041,13,68,13,466685,138925,59632,48324,1.2868668716884657,0.25807347435767347
6031,0.6042,13,58,13,466743,138867,59645,48311,1.2863296157693875,0.25810191368643753
6032,0.6043,28,76,28,466819,138791,59673,48283,1.2856256252547333,0.258095726824679
6033,0.6044,31,139,31,466958,138652,59704,48252,1.2843380636555635,0.25816461926978557
6034,0.6045,8,54,8,467012,138598,59712,48244,1.2838378598688354,0.2582074694126588
6035,0.6046,26,124,26,467136,138474,59738,48218,1.2826892437659787,0.2582756625886487
6036,0.6047,9,78,9,467214,138396,59747,48209,1.2819667271851496,0.2583478470566169
6037,0.6048,23,103,23,467317,138293,59770,48186,1.2810126347771313,0.25839906906407695
6038,0.6049,31,167,31,467484,138126,59801,48155,1.27946570825151,0.2585073088506074
6039,0.605,31,119,31,467603,138007,59832,48124,1.2783634073140908,0.2585490863961403
6040,0.6051,28,81,28,467684,137926,59860,48096,1.277613101633999,0.25855006397092817
6041,0.6052,19,50,19,467734,137876,59879,48077,1.2771499499796213,0.25854382559033734
6042,0.6053,17,61,17,467795,137815,59896,48060,1.2765849049612805,0.25856086079354407
6043,0.6054,12,43,12,467838,137772,59908,48048,1.2761865945385158,0.2585728123990959
6044,0.6055,23,94,23,467932,137678,59931,48025,1.2753158694282856,0.25861186949053055
6045,0.6056,31,146,31,468078,137532,59962,47994,1.2739634665975026,0.25869150415575176
6046,0.6057,15,87,15,468165,137445,59977,47979,1.2731575827188855,0.25875291224436964
6047,0.6058,21,79,21,468244,137366,59998,47958,1.2724258031049687,0.2587792190973646
6048,0.6059,13,48,13,468292,137318,60011,47945,1.271981177516766,0.2587942546541943
6049,0.606,15,54,15,468346,137264,60026,47930,1.271480973730038,0.2588096806592006
6050,0.6061,31,127,31,468473,137137,60057,47899,1.2703045685279188,0.2588631401457014
6051,0.6062,11,44,11,468517,137093,60068,47888,1.2698969950720664,0.25888064179564385
6052,0.6063,19,78,19,468595,137015,60087,47869,1.269174478491237,0.25891369723718655
6053,0.6064,16,89,16,468684,136926,60103,47853,1.2683500685464448,0.2589742340850421
6054,0.6065,28,124,28,468808,136802,60131,47825,1.2672014524435882,0.2590357856651519
6055,0.6066,40,124,40,468932,136678,60171,47785,1.2660528363407315,0.2590492402270374
6056,0.6067,10,52,10,468984,136626,60181,47775,1.2655711586201785,0.25908210909919144
6057,0.6068,35,94,35,469078,136532,60216,47740,1.2647004335099485,0.2590735434574976
6058,0.6069,6,41,6,469119,136491,60222,47734,1.2643206491533587,0.2591070701587732
6059,0.607,20,79,20,469198,136412,60242,47714,1.263588869539442,0.2591377643570164
6060,0.6071,29,138,29,469336,136274,60271,47685,1.2623105709733595,0.2592153686419256
6061,0.6072,22,79,22,469415,136195,60293,47663,1.2615787913594427,0.25923810767004973
6062,0.6073,36,127,36,469542,136068,60329,47627,1.2604023861573233,0.259272163096437
6063,0.6074,30,111,30,469653,135957,60359,47597,1.259374189484605,0.2593078875971104
6064,0.6075,20,59,20,469712,135898,60379,47577,1.258827670532439,0.25931053277013216
6065,0.6076,12,53,12,469765,135845,60391,47565,1.2583367297787988,0.2593370045253803
6066,0.6077,32,172,32,469937,135673,60423,47533,1.2567434880877395,0.259451109679814
6067,0.6078,18,89,18,470026,135584,60441,47515,1.2559190781429472,0.25950442110552213
6068,0.6079,15,47,15,470073,135537,60456,47500,1.255483715587832,0.2595103722198244
6069,0.608,23,97,23,470170,135440,60479,47477,1.2545852013783394,0.2595548800822231
6070,0.6081,22,87,22,470257,135353,60501,47455,1.253779317499722,0.25958929587326596
6071,0.6082,19,68,19,470325,135285,60520,47436,1.2531494312497684,0.25960891194772356
6072,0.6083,18,75,18,470400,135210,60538,47418,1.252454703768202,0.2596425520730666
6073,0.6084,17,66,17,470466,135144,60555,47401,1.2518433435844232,0.25966747925169137
6074,0.6085,22,101,22,470567,135043,60577,47379,1.2509077772425803,0.2597219633596825
6075,0.6086,19,80,19,470647,134963,60596,47360,1.250166734595576,0.2597587797480296
6076,0.6087,16,71,16,470718,134892,60612,47344,1.2495090592463596,0.25979499111042825
6077,0.6088,14,84,14,470802,134808,60626,47330,1.248730964467005,0.2598579099364218
6078,0.6089,10,54,10,470856,134754,60636,47320,1.2482307606802772,0.25989432867954787
6079,0.609,22,82,22,470938,134672,60658,47298,1.2474711919670978,0.25992196515909216
6080,0.6091,20,68,20,471006,134604,60678,47278,1.246841305717144,0.2599377618455922
6081,0.6092,11,61,11,471067,134543,60689,47267,1.2462762606988032,0.2599801991089599
6082,0.6093,24,59,24,471126,134484,60713,47243,1.2457297417466375,0.2599668733870036
6083,0.6094,29,95,29,471221,134389,60742,47214,1.2448497536033198,0.25998469188284334
6084,0.6095,23,116,23,471337,134273,60765,47191,1.2437752417651635,0.26005709121368425
6085,0.6096,18,65,18,471402,134208,60783,47173,1.2431731446144725,0.26007685479736026
6086,0.6097,28,82,28,471484,134126,60811,47145,1.242413575901293,0.26008021139619686
6087,0.6098,12,44,12,471528,134082,60823,47133,1.2420060024454407,0.26009436304941647
6088,0.6099,24,95,24,471623,133987,60847,47109,1.241126014302123,0.26013274727216507
6089,0.61,8,44,8,471667,133943,60855,47101,1.2407184408462708,0.2601632752259119
6090,0.6101,10,53,10,471720,133890,60865,47091,1.2402275000926304,0.26019858438178595
6091,0.6102,14,62,14,471782,133828,60879,47077,1.239653192041202,0.2602305077250491
6092,0.6103,47,122,47,471904,133706,60926,47030,1.2385231020045204,0.2602137924929179
6093,0.6104,10,52,10,471956,133654,60936,47020,1.2380414242839675,0.2602477390216633
6094,0.6105,23,94,23,472050,133560,60959,46997,1.2371706991737375,0.26028899461112004
6095,0.6106,14,59,14,472109,133501,60973,46983,1.2366241802215718,0.26031670397375944
6096,0.6107,37,155,37,472264,133346,61010,46946,1.2351884100930008,0.2603887027710603
6097,0.6108,13,53,13,472317,133293,61023,46933,1.2346974693393604,0.2604119272469011
6098,0.6109,38,155,38,472472,133138,61061,46895,1.2332616992107897,0.26048002310687485
6099,0.611,49,111,49,472583,133027,61110,46846,1.232233502538071,0.2604393099575812
6100,0.6111,24,85,24,472668,132942,61134,46822,1.2314461447256289,0.2604637190983734
6101,0.6112,15,63,15,472731,132879,61149,46807,1.230862573641113,0.26049330498758944
6102,0.6113,33,114,33,472845,132765,61182,46774,1.2298065878691318,0.2605227833506926
6103,0.6114,21,129,21,472974,132636,61203,46753,1.2286116566008374,0.26062356108791507
6104,0.6115,18,117,18,473091,132519,61221,46735,1.2275278817295936,0.26071942606580606
6105,0.6116,26,72,26,473163,132447,61247,46709,1.2268609433472897,0.26071691710018086
6106,0.6117,13,68,13,473231,132379,61260,46696,1.226231057097336,0.26076225045372053
6107,0.6118,15,62,15,473293,132317,61275,46681,1.2256567490459076,0.2607906233589202
6108,0.6119,24,73,24,473366,132244,61299,46657,1.2249805476305162,0.26079787144845473
6109,0.612,28,95,28,473461,132149,61327,46629,1.2241005594871985,0.2608206826343286
6110,0.6121,14,46,14,473507,132103,61341,46615,1.223674459965171,0.2608299108092078
6111,0.6122,34,181,34,473688,131922,61375,46581,1.2219978509763236,0.2609535974185308
6112,0.6123,45,159,45,473847,131763,61420,46536,1.2205250287154026,0.26099978126629986
6113,0.6124,32,121,32,473968,131642,61452,46504,1.2194042017118085,0.26104431196883454
6114,0.6125,28,100,28,474068,131542,61480,46476,1.218477898403053,0.26107472278084237
6115,0.6126,17,100,17,474168,131442,61497,46459,1.2175515950942977,0.26115086480683075
6116,0.6127,22,110,22,474278,131332,61519,46437,1.2165326614546668,0.26122102278800013
6117,0.6128,23,88,23,474366,131244,61542,46414,1.215717514542962,0.26125477040155803
6118,0.6129,31,88,31,474454,131156,61573,46383,1.2149023676312571,0.2612552734892052
6119,0.613,44,168,44,474622,130988,61617,46339,1.213346178072548,0.2613194832146261
6120,0.6131,13,82,13,474704,130906,61630,46326,1.2125866093593687,0.2613862056513496
6121,0.6132,22,118,22,474822,130788,61652,46304,1.2114935714550372,0.2614686151830687
6122,0.6133,45,179,45,475001,130609,61697,46259,1.209835488532365,0.2615453332428704
6123,0.6134,21,86,21,475087,130523,61718,46238,1.2090388676868353,0.2615848518621189
6124,0.6135,39,172,39,475259,130351,61757,46199,1.207445625995776,0.26167657887284057
6125,0.6136,26,87,26,475346,130264,61783,46173,1.2066397421171589,0.2616968096260988
6126,0.6137,7,52,7,475398,130212,61790,46166,1.2061580643966061,0.2617446620326798
6127,0.6138,13,65,13,475463,130147,61803,46153,1.205555967245915,0.2617867271695973
6128,0.6139,31,106,31,475569,130041,61834,46122,1.2045740857386342,0.26181434239880114
6129,0.614,15,48,15,475617,129993,61849,46107,1.2041294601504318,0.26182282793867123
6130,0.6141,42,91,42,475708,129902,61891,46065,1.2032865241394641,0.2617820386777066
6131,0.6142,13,54,13,475762,129848,61904,46052,1.2027863203527362,0.2618078453666856
6132,0.6143,17,83,17,475845,129765,61921,46035,1.2020174886064694,0.2618600682593857
6133,0.6144,10,34,10,475879,129731,61931,46025,1.2017025454814925,0.2618687270989326
6134,0.6145,24,109,24,475988,129622,61955,46001,1.200692874874949,0.26193038497235555
6135,0.6146,13,42,13,476030,129580,61968,45988,1.2003038274852718,0.26193839424040827
6136,0.6147,20,96,20,476126,129484,61988,45968,1.1994145763088666,0.2619975833846294
6137,0.6148,21,70,21,476196,129414,62009,45947,1.1987661639927378,0.2620137886987415
6138,0.6149,10,59,10,476255,129355,62019,45937,1.198219645040572,0.2620598772334162
6139,0.615,25,91,25,476346,129264,62044,45912,1.1973767090296046,0.26209069735580215
6140,0.6151,14,64,14,476410,129200,62058,45898,1.1967838749120012,0.26212749431746796
6141,0.6152,13,62,13,476472,129138,62071,45885,1.1962095668605728,0.2621655439570799
6142,0.6153,17,60,17,476532,129078,62088,45868,1.1956537848753195,0.2621837595600928
6143,0.6154,40,147,40,476679,128931,62128,45828,1.194292119011449,0.26223542135169003
6144,0.6155,39,148,39,476827,128783,62167,45789,1.1929211901144912,0.2622929221180945
6145,0.6156,16,56,16,476883,128727,62183,45773,1.1924024602615881,0.26230945558739255
6146,0.6157,16,64,16,476947,128663,62199,45757,1.1918096261439846,0.2623380346290563
6147,0.6158,8,33,8,476980,128630,62207,45749,1.1915039460520953,0.2623538384782571
6148,0.6159,23,78,23,477058,128552,62230,45726,1.190781429471266,0.2623739083533206
6149,0.616,13,61,13,477119,128491,62243,45713,1.1902163844529252,0.26241073683727123
6150,0.6161,25,112,25,477231,128379,62268,45688,1.1891789247471192,0.26247364520558175
6151,0.6162,23,70,23,477301,128309,62291,45665,1.1885305124309904,0.2624817501465736
6152,0.6163,14,70,14,477371,128239,62305,45651,1.1878821001148616,0.26252803496463284
6153,0.6164,30,109,30,477480,128130,62335,45621,1.1868724295083182,0.26256539530707734
6154,0.6165,24,81,24,477561,128049,62359,45597,1.1861221238282262,0.2625859507273418
6155,0.6166,6,52,6,477613,127997,62365,45591,1.1856404461076735,0.2626391225199899
6156,0.6167,12,46,12,477659,127951,62377,45579,1.185214346585646,0.2626577537025298
6157,0.6168,20,112,20,477771,127839,62397,45559,1.18417688687984,0.26274236150359287
6158,0.6169,34,117,34,477888,127722,62431,45525,1.1830931120085961,0.2627751129889695
6159,0.617,24,78,24,477966,127644,62455,45501,1.1823705954277668,0.26279130208784546
6160,0.6171,15,83,15,478049,127561,62470,45486,1.1816017636815,0.26285344443994985
6161,0.6172,14,79,14,478128,127482,62484,45472,1.1808699840675831,0.2629138383616453
6162,0.6173,16,58,16,478186,127424,62500,45456,1.180332728148505,0.2629338269319759
6163,0.6174,16,80,16,478266,127344,62516,45440,1.1795916855015005,0.2629873136401519
6164,0.6175,24,91,24,478357,127253,62540,45416,1.178748749490533,0.2630234726557749
6165,0.6176,9,73,9,478430,127180,62549,45407,1.1780725480751417,0.2630962934635865
6166,0.6177,22,47,22,478477,127133,62571,45385,1.1776371855200267,0.26307399807556314
6167,0.6178,6,25,6,478502,127108,62577,45379,1.1774056096928378,0.26308649347487056
6168,0.6179,40,133,40,478635,126975,62617,45339,1.1761736262921931,0.26311849298373896
6169,0.618,13,47,13,478682,126928,62630,45326,1.1757382637370781,0.2631346732151358
6170,0.6181,11,59,11,478741,126869,62641,45315,1.1751917447849123,0.26317776332295684
6171,0.6182,14,70,14,478811,126799,62655,45301,1.1745433324687835,0.26322486926205696
6172,0.6183,20,86,20,478897,126713,62675,45281,1.1737467116232538,0.26327081177250367
6173,0.6184,34,125,34,479022,126588,62709,45247,1.1725888324873097,0.26331655367067247
6174,0.6185,17,108,17,479130,126480,62726,45230,1.1715884249138537,0.2634092365034069
6175,0.6186,15,105,15,479235,126375,62741,45215,1.1706158064396606,0.2635060318200361
6176,0.6187,24,96,24,479331,126279,62765,45191,1.1697265552632554,0.2635504753018021
6177,0.6188,11,83,11,479414,126196,62776,45180,1.1689577235169883,0.2636308467930165
6178,0.6189,18,66,18,479480,126130,62794,45162,1.1683463633332098,0.2636550451859982
6179,0.619,9,45,9,479525,126085,62803,45153,1.16792952684427,0.2636856305259347
6180,0.6191,22,80,22,479605,126005,62825,45131,1.1671884841972655,0.26371423896783847
6181,0.6192,35,146,35,479751,125859,62860,45096,1.1658360813664825,0.2637887163288585
6182,0.6193,27,88,27,479839,125771,62887,45069,1.165020934454778,0.26380824162959493
6183,0.6194,18,37,18,479876,125734,62905,45051,1.1646782022305384,0.26378780337851687
6184,0.6195,13,79,13,479955,125655,62918,45038,1.1639464226166216,0.2638538194302051
6185,0.6196,36,118,36,480073,125537,62954,45002,1.1628533847122902,0.2638809890992676
6186,0.6197,18,79,18,480152,125458,62972,44984,1.1621216050983734,0.2639255582544209
6187,0.6198,20,76,20,480228,125382,62992,44964,1.1614176145837194,0.26395688774611675
6188,0.6199,51,174,51,480402,125208,63043,44913,1.159805846826485,0.2640062073465357
6189,0.62,18,85,18,480487,125123,63061,44895,1.1590184890140427,0.2640602759707796
6190,0.6201,9,31,9,480518,125092,63070,44886,1.1587313349883286,0.26406946781348173
6191,0.6202,27,147,27,480665,124945,63097,44859,1.1573696691244582,0.26418105580551693
6192,0.6203,30,88,30,480753,124857,63127,44829,1.1565545222127533,0.26418797072239314
6193,0.6204,36,119,36,480872,124738,63163,44793,1.1554522212753344,0.26421716382254573
6194,0.6205,19,95,19,480967,124643,63182,44774,1.1545722331320167,0.2642828051494242
6195,0.6206,19,91,19,481058,124552,63201,44755,1.1537292971210493,0.2643422894505248
6196,0.6207,13,88,13,481146,124464,63214,44742,1.1529141502093445,0.2644232474025744
6197,0.6208,19,76,19,481222,124388,63233,44723,1.1522101596946905,0.26445943788399334
6198,0.6209,28,116,28,481338,124272,63261,44695,1.1511356478565342,0.26451910728130346
6199,0.621,22,61,22,481399,124211,63283,44673,1.1505706028381932,0.26451884133488074
6200,0.6211,23,89,23,481488,124122,63306,44650,1.149746192893401,0.2645581020548432
6201,0.6212,14,88,14,481576,124034,63320,44636,1.1489310459816962,0.2646350862631173
6202,0.6213,17,63,17,481639,123971,63337,44619,1.1483474748971803,0.2646598256124325
6203,0.6214,9,53,9,481692,123918,63346,44610,1.14785653414354,0.26470378809455997
6204,0.6215,18,64,18,481756,123854,63364,44592,1.1472637000259365,0.2647257874927276
6205,0.6216,8,31,8,481787,123823,63372,44584,1.1469765460002224,0.26473958920947466
6206,0.6217,24,87,24,481874,123736,63396,44560,1.146170662121605,0.264771592907734
6207,0.6218,27,125,27,481999,123611,63423,44533,1.145012782985661,0.26485036635265014
6208,0.6219,7,77,7,482076,123534,63430,44526,1.1442995294379192,0.26494109246697606
6209,0.622,61,202,61,482278,123332,63491,44465,1.1424283967542332,0.2649928187035525
6210,0.6221,19,58,19,482336,123274,63510,44446,1.141891140835155,0.26500119246362985
6211,0.6222,33,153,33,482489,123121,63543,44413,1.1404738967727592,0.2650984277818234
6212,0.6223,15,63,15,482552,123058,63558,44398,1.1398903256882433,0.26513233326963503
6213,0.6224,20,67,20,482619,122991,63578,44378,1.1392697024713772,0.26515065513924324
6214,0.6225,13,30,13,482649,122961,63591,44365,1.1389918114787505,0.26514110180127415
6215,0.6226,21,92,21,482741,122869,63612,44344,1.1381396124346956,0.26519469180027866
6216,0.6227,11,44,11,482785,122825,63623,44333,1.1377320389788432,0.2652161428109932
6217,0.6228,12,76,12,482861,122749,63635,44321,1.137028048464189,0.2652840126892919
6218,0.6229,15,60,15,482921,122689,63650,44306,1.136472266478936,0.265313332734513
6219,0.623,35,118,35,483039,122571,63685,44271,1.1353792285746045,0.2653468551084259
6220,0.6231,12,61,12,483100,122510,63697,44259,1.1348141835562637,0.2653910498953643
6221,0.6232,37,141,37,483241,122369,63734,44222,1.1335080958909185,0.26545251544201065
6222,0.6233,14,51,14,483292,122318,63748,44208,1.1330356812034532,0.2654720584173042
6223,0.6234,12,37,12,483329,122281,63760,44196,1.1326929489792137,0.2654781140938388
6224,0.6235,44,164,44,483493,122117,63804,44152,1.131173811552855,0.26554559178199183
6225,0.6236,25,106,25,483599,122011,63829,44127,1.130191930045574,0.26560449746596204
6226,0.6237,32,117,32,483716,121894,63861,44095,1.1291081551743303,0.26565013344257754
6227,0.6238,3,22,3,483738,121872,63864,44092,1.1289043684464042,0.26567207346171456
6228,0.6239,21,79,21,483817,121793,63885,44071,1.1281725888324874,0.2657056383543144
6229,0.624,24,60,24,483877,121733,63909,44047,1.127616806847234,0.2656955000603209
6230,0.6241,24,60,24,483937,121673,63933,44023,1.1270610248619808,0.26568535148706063
6231,0.6242,15,36,15,483973,121637,63948,44008,1.126727555670829,0.2656765975429382
6232,0.6243,24,92,24,484065,121545,63972,43984,1.1258753566267738,0.26571778963202825
6233,0.6244,9,29,9,484094,121516,63981,43975,1.1256067286672349,0.26572442005909686
6234,0.6245,11,41,11,484135,121475,63992,43964,1.125226944310645,0.2657414515319846
6235,0.6246,29,91,29,484226,121384,64021,43935,1.1243840082996777,0.2657589266811437
6236,0.6247,24,98,24,484324,121286,64045,43911,1.1234762310570974,0.2658099118022724
6237,0.6248,13,68,13,484392,121218,64058,43898,1.1228463448071437,0.2658615761040723
6238,0.6249,6,49,6,484441,121169,64064,43892,1.1223924561858536,0.26591381368100275
6239,0.625,24,66,24,484507,121103,64088,43868,1.1217810960020749,0.26591340296173266
6240,0.6251,27,120,27,484627,120983,64115,43841,1.1206695320315685,0.2659867495024996
6241,0.6252,19,56,19,484683,120927,64134,43822,1.1201508021786655,0.2659925098179655
6242,0.6253,19,94,19,484777,120833,64153,43803,1.1192800770684352,0.2660596710318521
6243,0.6254,13,20,13,484797,120813,64166,43790,1.1190948164066843,0.26603403340157833
6244,0.6255,41,122,41,484919,120691,64207,43749,1.1179647263700025,0.26604840671369495
6245,0.6256,18,55,18,484974,120636,64225,43731,1.1174552595501872,0.26605705524831624
6246,0.6257,11,89,11,485063,120547,64236,43720,1.1166308496053947,0.26615205732131225
6247,0.6258,23,92,23,485155,120455,64259,43697,1.1157786505613398,0.26619840148155366
6248,0.6259,22,88,22,485243,120367,64281,43675,1.114963503649635,0.26624279148023067
6249,0.626,10,41,10,485284,120326,64291,43665,1.1145837192930452,0.2662646120823704
6250,0.6261,16,49,16,485333,120277,64307,43649,1.114129830671755,0.26627258641094154
6251,0.6262,12,47,12,485380,120230,64319,43637,1.11369446811664,0.2662952272269585
6252,0.6263,15,91,15,485471,120139,64334,43622,1.1128515321056727,0.2663759991695214
6253,0.6264,4,51,4,485522,120088,64338,43618,1.1123791174182074,0.266441058971571
6254,0.6265,34,87,34,485609,120001,64372,43584,1.1115732335395903,0.26643029617629976
6255,0.6266,17,68,17,485677,119933,64389,43567,1.1109433472896366,0.2664648318042813
6256,0.6267,31,112,31,485789,119821,64420,43536,1.1099058875838304,0.26650832226350873
6257,0.6268,14,63,14,485852,119758,64434,43522,1.1093223164993145,0.2665482606565409
6258,0.6269,16,62,16,485914,119696,64450,43506,1.1087480084478862,0.26657761547039865
6259,0.627,26,134,26,486048,119562,64476,43480,1.1075067620141539,0.26667975122974447
6260,0.6271,33,142,33,486190,119420,64509,43447,1.1061914113157212,0.26676367833876724
6261,0.6272,15,48,15,486238,119372,64524,43432,1.1057467857275187,0.26677477211862116
6262,0.6273,40,110,40,486348,119262,64564,43392,1.1047278520878876,0.2667748718137888
6263,0.6274,7,54,7,486402,119208,64571,43385,1.1042276483011597,0.26683190543258317
6264,0.6275,26,109,26,486511,119099,64597,43359,1.1032179776946163,0.2668935971143311
6265,0.6276,16,79,16,486590,119020,64613,43343,1.1024861980806995,0.26695121425447915
6266,0.6277,25,85,25,486675,118935,64638,43318,1.1016988402682575,0.2669781144262356
6267,0.6278,19,63,19,486738,118872,64657,43299,1.1011152691837416,0.26699594872079474
6268,0.6279,16,43,16,486781,118829,64673,43283,1.1007169587609766,0.2669944236083695
6269,0.628,33,107,33,486888,118722,64706,43250,1.0997258142206083,0.26702146049934555
6270,0.6281,17,48,17,486936,118674,64723,43233,1.0992811886324059,0.26702366173173486
6271,0.6282,17,81,17,487017,118593,64740,43216,1.098530882952314,0.2670803230969847
6272,0.6283,26,98,26,487115,118495,64766,43190,1.0976231057097336,0.26712434672356744
6273,0.6284,25,72,25,487187,118423,64791,43165,1.0969561673274297,0.2671299848998688
6274,0.6285,16,57,16,487244,118366,64807,43149,1.096428174441439,0.2671516577407671
6275,0.6286,33,127,33,487371,118239,64840,43116,1.0952517692393198,0.2672120479687645
6276,0.6287,23,56,23,487427,118183,64863,43093,1.0947330393864168,0.2672003273890721
6277,0.6288,25,55,25,487482,118128,64888,43068,1.0942235725666012,0.2671778456041093
6278,0.6289,46,180,46,487662,117948,64934,43022,1.0925562266108415,0.26726719264459214
6279,0.629,10,35,10,487697,117913,64944,43012,1.0922320204527771,0.2672797887214541
6280,0.6291,17,83,17,487780,117830,64961,42995,1.09146318870651,0.26734027669827454
6281,0.6292,34,107,34,487887,117723,64995,42961,1.0904720441661417,0.26736327201214805
6282,0.6293,13,56,13,487943,117667,65008,42948,1.0899533143132387,0.2673971920430844
6283,0.6294,15,50,15,487993,117617,65023,42933,1.0894901626588611,0.26741202117720336
6284,0.6295,32,134,32,488127,117483,65055,42901,1.0882489162251288,0.2674892757382282
6285,0.6296,15,57,15,488184,117426,65070,42886,1.087720923339138,0.2675158441039972
6286,0.6297,8,49,8,488233,117377,65078,42878,1.087267034717848,0.2675610745374559
6287,0.6298,16,59,16,488292,117318,65094,42862,1.0867205157656823,0.26758646522662005
6288,0.6299,9,37,9,488329,117281,65103,42853,1.0863777835414428,0.26760712902943784
6289,0.63,14,68,14,488397,117213,65117,42839,1.0857478972914891,0.26765676155249546
6290,0.6301,24,94,24,488491,117119,65141,42815,1.0848771721812591,0.26770417797341406
6291,0.6302,7,46,7,488537,117073,65148,42808,1.0844510726592316,0.2677491384217011
6292,0.6303,20,88,20,488625,116985,65168,42788,1.0836359257475268,0.26780494827035856
6293,0.6304,10,54,10,488679,116931,65178,42778,1.0831357219607989,0.2678496515537634
6294,0.6305,17,90,17,488769,116841,65195,42761,1.082302048982919,0.26792270773549204
6295,0.6306,22,80,22,488849,116761,65217,42739,1.0815610063359147,0.2679561128526646
6296,0.6307,28,68,28,488917,116693,65245,42711,1.080931120085961,0.2679418333291511
6297,0.6308,21,88,21,489005,116605,65266,42690,1.0801159731742562,0.26799334567939986
6298,0.6309,32,153,32,489158,116452,65298,42658,1.0786987291118604,0.2681038275406951
6299,0.631,11,51,11,489209,116401,65309,42647,1.078226314424395,0.268139178109753
6300,0.6311,18,95,18,489304,116306,65327,42629,1.0773463262810774,0.26821656652090475
6301,0.6312,31,116,31,489420,116190,65358,42598,1.076271814442921,0.2682696425422576
6302,0.6313,29,113,29,489533,116077,65387,42569,1.0752250917040276,0.26832696695788105
6303,0.6314,45,153,45,489686,115924,65432,42524,1.0738078476416317,0.2683782692113501
6304,0.6315,31,129,31,489815,115795,65463,42493,1.0726129163733373,0.2684537046396442
6305,0.6316,18,82,18,489897,115713,65481,42475,1.071853347660158,0.2685096214630693
6306,0.6317,21,59,21,489956,115654,65502,42454,1.071306828707992,0.26851266223088016
6307,0.6318,30,101,30,490057,115553,65532,42424,1.0703712623661492,0.26854542116890434
6308,0.6319,15,85,15,490142,115468,65547,42409,1.069583904553707,0.26862050837044027
6309,0.632,29,103,29,490245,115365,65576,42380,1.068629812145689,0.26866144727249675
6310,0.6321,4,30,4,490275,115335,65580,42376,1.0683519211530623,0.2686940035888429
6311,0.6322,25,116,25,490391,115219,65605,42351,1.067277409314906,0.2687757821920416
6312,0.6323,20,56,20,490447,115163,65625,42331,1.066758679462003,0.26877849314894536
6313,0.6324,17,83,17,490530,115080,65642,42314,1.0659898477157361,0.268841251890161
6314,0.6325,37,178,37,490708,114902,65679,42277,1.0643410278261514,0.268973590619612
6315,0.6326,42,166,42,490874,114736,65721,42235,1.0628033643336174,0.2690624382847787
6316,0.6327,15,57,15,490931,114679,65736,42220,1.0622753714476267,0.2690903065029095
6317,0.6328,29,108,29,491039,114571,65765,42191,1.061274963874171,0.2691404804735842
6318,0.6329,19,104,19,491143,114467,65784,42172,1.0603116084330653,0.2692305236882258
6319,0.633,5,43,5,491186,114424,65789,42167,1.0599132980103005,0.2692811208817876
6320,0.6331,9,61,9,491247,114363,65798,42158,1.0593482529919598,0.2693440496802346
6321,0.6332,27,87,27,491334,114276,65825,42131,1.0585423691133424,0.26936773929555585
6322,0.6333,23,72,23,491406,114204,65848,42108,1.0578754307310385,0.269384308306464
6323,0.6334,11,39,11,491445,114165,65859,42097,1.057514172440624,0.2694001100715465
6324,0.6335,26,131,26,491576,114034,65885,42071,1.0563007151061543,0.26950450017616345
6325,0.6336,20,70,20,491646,113964,65905,42051,1.0556523027900255,0.26953177579078935
6326,0.6337,28,98,28,491744,113866,65933,42023,1.0547445255474452,0.2695700145616432
6327,0.6338,5,62,5,491806,113804,65938,42018,1.0541702174960168,0.2696538357869877
6328,0.6339,18,79,18,491885,113725,65956,42000,1.0534384378821,0.26970621287526086
6329,0.634,11,37,11,491922,113688,65967,41989,1.0530957056578607,0.2697187124623419
6330,0.6341,18,73,18,491995,113615,65985,41971,1.052419504242469,0.26976077539110205
6331,0.6342,12,49,12,492044,113566,65997,41959,1.051965615621179,0.26978942292235975
6332,0.6343,47,122,47,492166,113444,66044,41912,1.0508355255844974,0.26978037539586497
6333,0.6344,18,53,18,492219,113391,66062,41894,1.050344584830857,0.2697878095115433
6334,0.6345,23,85,23,492304,113306,66085,41871,1.0495572270184148,0.26982735843585065
6335,0.6346,14,97,14,492401,113209,66099,41857,1.0486587128089222,0.2699302232597733
6336,0.6347,17,48,17,492449,113161,66116,41840,1.0482140872207195,0.2699337423629525
6337,0.6348,20,91,20,492540,113070,66136,41820,1.047371151209752,0.26999806314158437
6338,0.6349,13,60,13,492600,113010,66149,41807,1.0468153692244988,0.2700414037218135
6339,0.635,18,77,18,492677,112933,66167,41789,1.0461021156767571,0.2700908726619356
6340,0.6351,18,50,18,492727,112883,66185,41771,1.0456389640223795,0.2700932403946875
6341,0.6352,23,87,23,492814,112796,66208,41748,1.0448330801437622,0.2701366601097422
6342,0.6353,12,82,12,492896,112714,66220,41736,1.0440735114305828,0.27022337325995466
6343,0.6354,29,93,29,492989,112621,66249,41707,1.0432120493534403,0.2702490798818102
6344,0.6355,21,64,21,493053,112557,66270,41686,1.042619215235837,0.27026185953333376
6345,0.6356,33,127,33,493180,112430,66303,41653,1.0414428100337174,0.2703283295366783
6346,0.6357,31,84,31,493264,112346,66334,41622,1.0406647152543629,0.27032889951158684
6347,0.6358,16,81,16,493345,112265,66350,41606,1.039914409574271,0.27039533115401865
6348,0.6359,15,77,15,493422,112188,66365,41591,1.0392011560265293,0.27045955559601764
6349,0.636,7,30,7,493452,112158,66372,41584,1.0389232650339026,0.270479114360422
6350,0.6361,23,74,23,493526,112084,66395,41561,1.0382378005854236,0.2705001789840216
6351,0.6362,28,87,28,493613,111997,66423,41533,1.0374319167068065,0.2705204194619944
6352,0.6363,26,93,26,493706,111904,66449,41507,1.036570454629664,0.270560781169538
6353,0.6364,19,62,19,493768,111842,66468,41488,1.0359961465782357,0.2705797952129394
6354,0.6365,9,30,9,493798,111812,66477,41479,1.035718255585609,0.2705899237398151
6355,0.6366,15,59,15,493857,111753,66492,41464,1.0351717366334432,0.2706227115790023
6356,0.6367,22,66,22,493923,111687,66514,41442,1.0345603764496647,0.27063456301549677
6357,0.6368,29,75,29,493998,111612,66543,41413,1.0338656489680982,0.27062898219245224
6358,0.6369,10,47,10,494045,111565,66553,41403,1.033430286412983,0.2706644526959887
6359,0.637,22,100,22,494145,111465,66575,41381,1.0325039831042278,0.27073655836593696
6360,0.6371,26,103,26,494248,111362,66601,41355,1.0315498906962095,0.27079499990177913
6361,0.6372,25,111,25,494359,111251,66626,41330,1.0305216940234911,0.2708725201696148
6362,0.6373,21,79,21,494438,111172,66647,41309,1.0297899144095743,0.27091244155009475
6363,0.6374,19,56,19,494494,111116,66666,41290,1.0292711845566713,0.2709210923454457
6364,0.6375,43,121,43,494615,110995,66709,41247,1.0281503575530773,0.27093049224261373
6365,0.6376,20,122,20,494737,110873,66729,41227,1.0270202675163955,0.271051939513478
6366,0.6377,12,46,12,494783,110827,66741,41215,1.026594167994368,0.27107641309638125
6367,0.6378,8,62,8,494845,110765,66749,41207,1.0260198599429398,0.27114863264285527
6368,0.6379,19,61,19,494906,110704,66768,41188,1.025454814924599,0.2711663550417402
6369,0.638,13,57,13,494963,110647,66781,41175,1.0249268220386083,0.27120575410678294
6370,0.6381,35,73,35,495036,110574,66816,41140,1.024250620623217,0.271168118960676
6371,0.6382,17,47,17,495083,110527,66833,41123,1.023815258068102,0.27117045829212
6372,0.6383,12,52,12,495135,110475,66845,41111,1.023333580347549,0.2712057841753196
6373,0.6384,35,121,35,495256,110354,66880,41076,1.022212753343955,0.2712540447731625
6374,0.6385,22,84,22,495340,110270,66902,41054,1.0214346585646004,0.2712986704025799
6375,0.6386,11,55,11,495395,110215,66913,41043,1.020925191744785,0.2713443255893903
6376,0.6387,23,68,23,495463,110147,66936,41020,1.0202953054948312,0.27135552071550006
6377,0.6388,18,102,18,495565,110045,66954,41002,1.0193504761199006,0.2714519321800499
6378,0.6389,22,86,22,495651,109959,66976,40980,1.0185538552743711,0.271500407449367
6379,0.639,16,56,16,495707,109903,66992,40964,1.018035125421468,0.2715239250465642
6380,0.6391,25,127,25,495834,109776,67017,40939,1.0168587202193486,0.2716318880005308
6381,0.6392,27,109,27,495943,109667,67044,40912,1.0158490496128052,0.27169791272355376
6382,0.6393,15,62,15,496005,109605,67059,40897,1.0152747415613768,0.2717372526610942
6383,0.6394,18,49,18,496054,109556,67077,40879,1.0148208529400866,0.2717386246551667
6384,0.6395,24,84,24,496138,109472,67101,40855,1.014042758160732,0.2717741989130362
6385,0.6396,23,66,23,496204,109406,67124,40832,1.0134313979769536,0.2717821057255821
6386,0.6397,30,103,30,496307,109303,67154,40802,1.0124773055689356,0.271823057193298
6387,0.6398,32,97,32,496404,109206,67186,40770,1.0115787913594427,0.27184349495919347
6388,0.6399,18,75,18,496479,109131,67204,40752,1.0108840638778762,0.27189207581913893
6389,0.64,10,93,10,496572,109038,67214,40742,1.0100226018007337,0.2720122846842035
6390,0.6401,10,48,10,496620,108990,67224,40732,1.009577976212531,0.27205086760796676
6391,0.6402,18,94,18,496714,108896,67242,40714,1.008707251102301,0.2721342156272976
6392,0.6403,32,82,32,496796,108814,67274,40682,1.0079476823891216,0.2721276823460159
6393,0.6404,12,73,12,496869,108741,67286,40670,1.00727148097373,0.27220218056234147
6394,0.6405,15,72,15,496941,108669,67301,40655,1.006604542591426,0.2722603198414187
6395,0.6406,17,64,17,497005,108605,67318,40638,1.0060117084738227,0.2722941779513947
6396,0.6407,14,83,14,497088,108522,67332,40624,1.0052428767275556,0.2723774020087699
6397,0.6408,33,152,33,497240,108370,67365,40591,1.0038348956982475,0.2724941427621995
6398,0.6409,23,72,23,497312,108298,67388,40568,1.0031679573159435,0.27251353566294517
6399,0.641,9,42,9,497354,108256,67397,40559,1.0027789099262663,0.2725464502906293
6400,0.6411,35,99,35,497453,108157,67432,40524,1.0018618696505983,0.27255668175489806
6401,0.6412,25,121,25,497574,108036,67457,40499,1.0007410426470043,0.2726562762985155
6402,0.6413,6,30,6,497604,108006,67463,40493,1.0004631516543776,0.2726819709223631
6403,0.6414,26,95,26,497699,107911,67489,40467,0.99958316351106,0.27272911078461765
6404,0.6415,9,65,9,497764,107846,67498,40458,0.998981066360369,0.2728045096558421
6405,0.6416,38,104,38,497868,107742,67536,40420,0.9980177109192634,0.27280949231246876
6406,0.6417,22,51,22,497919,107691,67558,40398,0.9975452962317981,0.2727954135688674
6407,0.6418,19,63,19,497982,107628,67577,40379,0.9969617251472822,0.27281817751863086
6408,0.6419,25,80,25,498062,107548,67602,40354,0.9962206825002778,0.272842828359319
6409,0.642,19,61,19,498123,107487,67621,40335,0.9956556374819371,0.2728619555952429
6410,0.6421,59,178,59,498301,107309,67680,40276,0.9940068175923524,0.2729003625029644
6411,0.6422,10,72,10,498373,107237,67690,40266,0.9933398792100485,0.27298427828586536
6412,0.6423,30,103,30,498476,107134,67720,40236,0.9923857868020305,0.27302707470991383
6413,0.6424,25,115,25,498591,107019,67745,40211,0.9913205379969617,0.27311689193778443
6414,0.6425,10,50,10,498641,106969,67755,40201,0.990857386342584,0.27316029082014
6415,0.6426,7,35,7,498676,106934,67762,40194,0.9905331801845196,0.2731906910989071
6416,0.6427,10,39,10,498715,106895,67772,40184,0.990171921894105,0.2732137150782913
6417,0.6428,31,96,31,498811,106799,67803,40153,0.9892826707176998,0.27323888072295716
6418,0.6429,20,67,20,498878,106732,67823,40133,0.9886620475008336,0.2732645626936302
6419,0.643,17,64,17,498942,106668,67840,40116,0.9880692133832302,0.27329954218443425
6420,0.6431,14,79,14,499021,106589,67854,40102,0.9873374337693134,0.27337737148154967
6421,0.6432,18,64,18,499085,106525,67872,40084,0.9867445996517099,0.2734074988575053
6422,0.6433,19,75,19,499160,106450,67891,40065,0.9860498721701434,0.27345323004470534
6423,0.6434,19,72,19,499232,106378,67910,40046,0.9853829337878395,0.27349341637982844
6424,0.6435,26,122,26,499354,106256,67936,40020,0.9842528437511578,0.2735923869944489
6425,0.6436,29,99,29,499453,106157,67965,39991,0.98333580347549,0.2736335769220242
6426,0.6437,20,68,20,499521,106089,67985,39971,0.9827059172255364,0.2736615089689169
6427,0.6438,38,153,38,499674,105936,68023,39933,0.9812886731631405,0.2737593320033729
6428,0.6439,20,64,20,499738,105872,68043,39913,0.980695839045537,0.27377988133209863
6429,0.644,29,87,29,499825,105785,68072,39884,0.9798899551669199,0.273798817867906
6430,0.6441,15,75,15,499900,105710,68087,39869,0.9791952276853533,0.27386504921726346
6431,0.6442,15,52,15,499952,105658,68102,39854,0.9787135499648004,0.27388806421463524
6432,0.6443,16,82,16,500034,105576,68118,39838,0.977953981251621,0.2739626170795109
6433,0.6444,30,98,30,500132,105478,68148,39808,0.9770462040090407,0.2739974945968641
6434,0.6445,7,29,7,500161,105449,68155,39801,0.9767775760495017,0.2740172117039587
6435,0.6446,8,58,8,500219,105391,68163,39793,0.9762403201304235,0.27408667621776506
6436,0.6447,14,61,14,500280,105330,68177,39779,0.9756752751120827,0.27413185949872165
6437,0.6448,21,76,21,500356,105254,68198,39758,0.9749712845974285,0.27417041348302207
6438,0.6449,12,73,12,500429,105181,68210,39746,0.9742950831820372,0.27424841471913447
6439,0.645,9,41,9,500470,105140,68219,39737,0.9739152988254474,0.27428094176439327
6440,0.6451,21,96,21,500566,105044,68240,39716,0.9730260476490422,0.27435755733628076
6441,0.6452,20,87,20,500653,104957,68260,39696,0.972220163770425,0.2744222380455296
6442,0.6453,49,143,49,500796,104814,68309,39647,0.9708955500389047,0.2744477748319616
6443,0.6454,14,55,14,500851,104759,68323,39633,0.9703860832190893,0.2744819657598759
6444,0.6455,24,64,24,500915,104695,68347,39609,0.9697932491014858,0.2744830358132831
6445,0.6456,12,59,12,500974,104636,68359,39597,0.9692467301493201,0.2745349538593803
6446,0.6457,18,59,18,501033,104577,68377,39579,0.9687002111971544,0.27455673020894034
6447,0.6458,14,48,14,501081,104529,68391,39565,0.9682555856089518,0.27457770621955113
6448,0.6459,32,116,32,501197,104413,68423,39533,0.9671810737707955,0.27463771136398374
6449,0.646,16,56,16,501253,104357,68439,39517,0.9666623439178925,0.27466394206041395
6450,0.6461,16,74,16,501327,104283,68455,39501,0.9659768794694135,0.2747245868803205
6451,0.6462,30,101,30,501428,104182,68485,39471,0.9650413131275705,0.2747662770704406
6452,0.6463,18,59,18,501487,104123,68503,39453,0.9644947941754048,0.27478826544826435
6453,0.6464,38,126,38,501613,103997,68541,39415,0.9633276520063729,0.2748375310294815
6454,0.6465,20,114,20,501727,103883,68561,39395,0.9622716662343918,0.27495498262119794
6455,0.6466,29,81,29,501808,103802,68590,39366,0.9615213605542999,0.2749636790344211
6456,0.6467,4,32,4,501840,103770,68594,39362,0.9612249434954981,0.27500489059050387
6457,0.6468,13,75,13,501915,103695,68607,39349,0.9605302160139316,0.27508319118592883
6458,0.6469,22,81,22,501996,103614,68629,39327,0.9597799103338397,0.2751275001574076
6459,0.647,28,88,28,502084,103526,68657,39299,0.958964763422135,0.2751549098547173
6460,0.6471,24,60,24,502144,103466,68681,39275,0.9584089814368817,0.2751486958897584
6461,0.6472,2,29,2,502173,103437,68683,39273,0.9581403534773426,0.2751944502837923
6462,0.6473,15,55,15,502228,103382,68698,39258,0.9576308866575272,0.27522434099831744
6463,0.6474,20,56,20,502284,103326,68718,39238,0.9571121568046241,0.2752307735473191
6464,0.6475,21,98,21,502382,103228,68739,39217,0.9562043795620438,0.275313278809365
6465,0.6476,12,40,12,502422,103188,68751,39205,0.9558338582385416,0.2753295456939597
6466,0.6477,30,93,30,502515,103095,68781,39175,0.9549723961613991,0.2753567161031841
6467,0.6478,2,24,2,502539,103071,68783,39173,0.9547500833672978,0.2753929866989117
6468,0.6479,12,77,12,502616,102994,68795,39161,0.9540368298195561,0.27548098906123597
6469,0.648,43,104,43,502720,102890,68838,39118,0.9530734743784505,0.27546335417722945
6470,0.6481,12,43,12,502763,102847,68850,39106,0.9526751639556856,0.27548554803350406
6471,0.6482,19,65,19,502828,102782,68869,39087,0.9520730668049946,0.27551473542493427
6472,0.6483,15,51,15,502879,102731,68884,39072,0.9516006521175293,0.27553718891701867
6473,0.6484,6,53,6,502932,102678,68890,39066,0.951109711363889,0.27560954961056555
6474,0.6485,15,63,15,502995,102615,68905,39051,0.9505261402793731,0.27565541484901107
6475,0.6486,25,104,25,503099,102511,68930,39026,0.9495627848382674,0.27573002112521816
6476,0.6487,35,118,35,503217,102393,68965,38991,0.948469746933936,0.2757808521473434
6477,0.6488,10,53,10,503270,102340,68975,38981,0.9479788061802957,0.2758330325995429
6478,0.6489,28,92,28,503362,102248,69003,38953,0.9471266071362406,0.2758691510683352
6479,0.649,44,97,44,503459,102151,69047,38909,0.9462280929267479,0.2758329788742379
6480,0.6491,15,68,15,503527,102083,69062,38894,0.9455982066767943,0.27588897479730734
6481,0.6492,35,139,35,503666,101944,69097,38859,0.9443106450776242,0.2759813356249512
6482,0.6493,20,92,20,503758,101852,69117,38839,0.9434584460335692,0.27605888080971774
6483,0.6494,6,37,6,503795,101815,69123,38833,0.9431157138093297,0.2761006199874865
6484,0.6495,35,141,35,503936,101674,69158,38798,0.9418096261439846,0.2761973916510052
6485,0.6496,23,79,23,504015,101595,69181,38775,0.9410778465300678,0.2762342380850609
6486,0.6497,17,70,17,504085,101525,69198,38758,0.940429434213939,0.2762843680274873
6487,0.6498,14,79,14,504164,101446,69212,38744,0.9396976546000222,0.276367786575362
6488,0.6499,24,73,24,504237,101373,69236,38720,0.9390214531846308,0.27638782808562884
6489,0.65,48,140,48,504377,101233,69284,38672,0.9377246285523732,0.2764161395232479
6490,0.6501,12,57,12,504434,101176,69296,38660,0.9371966356663826,0.2764667181555536
6491,0.6502,19,77,19,504511,101099,69315,38641,0.9364833821186409,0.2765206812652068
6492,0.6503,17,68,17,504579,101031,69332,38624,0.9358534958686873,0.27656725502130247
6493,0.6504,39,163,39,504742,100868,69371,38585,0.9343436214754159,0.27668820319390763
6494,0.6505,15,63,15,504805,100805,69386,38570,0.9337600503909,0.2767354260089686
6495,0.6506,22,86,22,504891,100719,69408,38548,0.9329634295453704,0.27679206129233774
6496,0.6507,8,42,8,504933,100677,69416,38540,0.9325743821556931,0.2768340073410575
6497,0.6508,9,33,9,504966,100644,69425,38531,0.9322687020638037,0.27685288306089456
6498,0.6509,18,100,18,505066,100544,69443,38513,0.9313423987550483,0.2769583695894489
6499,0.651,23,126,23,505192,100418,69466,38490,0.9301752565860165,0.27708987243355315
6500,0.6511,10,36,10,505228,100382,69476,38480,0.9298417873948646,0.2771096484279357
6501,0.6512,13,51,13,505279,100331,69489,38467,0.9293693727073993,0.2771437628784276
6502,0.6513,21,77,21,505356,100254,69510,38446,0.9286561191596576,0.27718817591925016
6503,0.6514,24,77,24,505433,100177,69534,38422,0.927942865611916,0.27721700733771526
6504,0.6515,13,55,13,505488,100122,69547,38409,0.9274333987921005,0.2772592416137904
6505,0.6516,24,113,24,505601,100009,69571,38385,0.9263866760532069,0.27736029018599073
6506,0.6517,24,65,24,505666,99944,69595,38361,0.9257845789025159,0.2773652434836051
6507,0.6518,30,99,30,505765,99845,69625,38331,0.924867538626848,0.2774070750347383
6508,0.6519,18,53,18,505818,99792,69643,38313,0.9243765978732076,0.27741935483870966
6509,0.652,13,40,13,505858,99752,69656,38300,0.9240060765497055,0.27743169240576016
6510,0.6521,8,35,8,505893,99717,69664,38292,0.9236818703916411,0.2774601656413712
6511,0.6522,16,76,16,505969,99641,69680,38276,0.9229778798769869,0.27752923860002754
6512,0.6523,7,32,7,506001,99609,69687,38269,0.9226814628181852,0.27755697065521695
6513,0.6524,17,56,17,506057,99553,69704,38252,0.9221627329652822,0.27758063930916876
6514,0.6525,19,94,19,506151,99459,69723,38233,0.921292007855052,0.2776704528948668
6515,0.6526,9,49,9,506200,99410,69732,38224,0.9208381192337619,0.27772207448740865
6516,0.6527,25,92,25,506292,99318,69757,38199,0.9199859201897069,0.2777765658064094
6517,0.6528,17,66,17,506358,99252,69774,38182,0.9193745600059283,0.2778206266280542
6518,0.6529,19,103,19,506461,99149,69793,38163,0.9184204675979103,0.27792909578186903
6519,0.653,17,102,17,506563,99047,69810,38146,0.9174756382229797,0.2780462560043151
6520,0.6531,42,150,42,506713,98897,69852,38104,0.9160861832598466,0.2781293567200239
6521,0.6532,23,68,23,506781,98829,69875,38081,0.915456297009893,0.27814622744868894
6522,0.6533,17,46,17,506827,98783,69892,38064,0.9150301974878654,0.27815005078664495
6523,0.6534,38,117,38,506944,98666,69930,38026,0.9139464226166216,0.27818745793462674
6524,0.6535,37,157,37,507101,98509,69967,37989,0.9124921264218756,0.27831177013582614
6525,0.6536,25,77,25,507178,98432,69992,37964,0.911778872874134,0.2783366081116748
6526,0.6537,11,56,11,507234,98376,70003,37953,0.9112601430212308,0.2783927117487842
6527,0.6538,12,40,12,507274,98336,70015,37941,0.9108896216977287,0.2784108837147868
6528,0.6539,12,42,12,507316,98294,70027,37929,0.9105005743080514,0.27843315739632807
6529,0.654,27,90,27,507406,98204,70054,37902,0.9096669013301716,0.2784741304571437
6530,0.6541,21,73,21,507479,98131,70075,37881,0.9089906999147801,0.27851219010087347
6531,0.6542,22,89,22,507568,98042,70097,37859,0.9081662899699878,0.2785777882429121
6532,0.6543,41,113,41,507681,97929,70138,37818,0.9071195672310941,0.27859179208380297
6533,0.6544,31,123,31,507804,97806,70169,37787,0.905980214161325,0.278679577854314
6534,0.6545,21,77,21,507881,97729,70190,37766,0.9052669606135834,0.27872615225654085
6535,0.6546,27,115,27,507996,97614,70217,37739,0.9042017118085146,0.2788190878665416
6536,0.6547,17,95,17,508091,97519,70234,37722,0.9033217236651969,0.2789242907106573
6537,0.6548,28,83,28,508174,97436,70262,37694,0.90255289191893,0.27894619995559833
6538,0.6549,18,52,18,508226,97384,70280,37676,0.9020712141983771,0.27895750037020584
6539,0.655,13,49,13,508275,97335,70293,37663,0.901617325577087,0.278989318360272
6540,0.6551,32,105,32,508380,97230,70325,37631,0.9006447071028938,0.27903545131654073
6541,0.6552,29,91,29,508471,97139,70354,37602,0.8998017710919264,0.2790687318633527
6542,0.6553,17,54,17,508525,97085,70371,37585,0.8993015673051984,0.2790896264943937
6543,0.6554,15,31,15,508556,97054,70386,37570,0.8990144132794843,0.27907356786308535
6544,0.6555,26,87,26,508643,96967,70412,37544,0.898208529400867,0.2791147192422925
6545,0.6556,18,69,18,508712,96898,70430,37526,0.8975693801178258,0.27916145926322683
6546,0.6557,10,37,10,508749,96861,70440,37516,0.8972266478935863,0.2791846819024089
6547,0.6558,19,85,19,508834,96776,70459,37497,0.8964392900811442,0.2792594192428858
6548,0.6559,24,117,24,508951,96659,70483,37473,0.8953555152099003,0.27937404944383143
6549,0.656,22,70,22,509021,96589,70505,37451,0.8947071028937715,0.2794016711429424
6550,0.6561,16,62,16,509083,96527,70521,37435,0.8941327948423432,0.2794449172153297
6551,0.6562,18,84,18,509167,96443,70539,37417,0.8933547000629887,0.2795233826385776
6552,0.6563,20,100,20,509267,96343,70559,37397,0.8924283967542332,0.27962464483325855
6553,0.6564,11,35,11,509302,96308,70570,37386,0.8921041905961689,0.27963857764746364
6554,0.6565,14,47,14,509349,96261,70584,37372,0.8916688280410537,0.27966146086670207
6555,0.6566,23,63,23,509412,96198,70607,37349,0.8910852569565378,0.27966932989883714
6556,0.6567,40,149,40,509561,96049,70647,37309,0.8897050650264923,0.27976574333748255
6557,0.6568,15,44,15,509605,96005,70662,37294,0.8892974915706399,0.27977704258846653
6558,0.6569,20,108,20,509713,95897,70682,37274,0.888297083997184,0.2798957731037538
6559,0.657,9,55,9,509768,95842,70691,37265,0.8877876171773685,0.2799627367456257
6560,0.6571,28,115,28,509883,95727,70719,37237,0.8867223683722998,0.2800532474955627
6561,0.6572,16,90,16,509973,95637,70735,37221,0.88588869539442,0.28015625705640607
6562,0.6573,10,60,10,510033,95577,70745,37211,0.8853329134091666,0.28022863511763113
6563,0.6574,19,88,19,510121,95489,70764,37192,0.8845177664974619,0.2803114236401595
6564,0.6575,15,70,15,510191,95419,70779,37177,0.8838693541813332,0.28037799028628313
6565,0.6576,6,47,6,510238,95372,70785,37171,0.883433991626218,0.2804448367699539
6566,0.6577,12,63,12,510301,95309,70797,37159,0.8828504205417022,0.2805130295618565
6567,0.6578,23,69,23,510370,95240,70820,37136,0.882211271258661,0.28053423581313836
6568,0.6579,23,70,23,510440,95170,70843,37113,0.8815628589425322,0.280557592434402
6569,0.658,13,78,13,510518,95092,70856,37100,0.8808403423617029,0.28065238441055435
6570,0.6581,9,28,9,510546,95064,70865,37091,0.8805809774352514,0.28066285800764257
6571,0.6582,16,62,16,510608,95002,70881,37075,0.880006669383823,0.28070746609932085
6572,0.6583,10,44,10,510652,94958,70891,37065,0.8795990959279707,0.2807465365883217
6573,0.6584,21,71,21,510723,94887,70912,37044,0.8789414205787544,0.2807831366396071
6574,0.6585,19,69,19,510792,94818,70931,37025,0.878302271295713,0.2808264375052145
6575,0.6586,20,69,20,510861,94749,70951,37005,0.8776631220126718,0.28086433808461225
6576,0.6587,21,68,21,510929,94681,70972,36984,0.8770332357627182,0.2808946948695553
6577,0.6588,24,66,24,510995,94615,70996,36960,0.8764218755789396,0.280904427132814
6578,0.6589,17,52,17,511047,94563,71013,36943,0.8759401978583867,0.28092254345809314
6579,0.659,8,30,8,511077,94533,71021,36935,0.8756623068657601,0.2809428910457298
6580,0.6591,18,44,18,511121,94489,71039,36917,0.8752547334099078,0.28093846551907825
6581,0.6592,12,47,12,511168,94442,71051,36905,0.8748193708547927,0.2809732997327689
6582,0.6593,14,46,14,511214,94396,71065,36891,0.8743932713327652,0.2809950718654551
6583,0.6594,39,133,39,511347,94263,71104,36852,0.8731612879321204,0.281066239560691
6584,0.6595,23,96,23,511443,94167,71127,36829,0.8722720367557153,0.28114598919050965
6585,0.6596,11,68,11,511511,94099,71138,36818,0.8716421505057617,0.2812316200340674
6586,0.6597,24,65,24,511576,94034,71162,36794,0.8710400533550706,0.2812394900174275
6587,0.6598,11,58,11,511634,93976,71173,36783,0.8705027974359925,0.28130377258926725
6588,0.6599,21,62,21,511696,93914,71194,36762,0.8699284893845641,0.28132174232452783
6589,0.66,12,31,12,511727,93883,71206,36750,0.8696413353588499,0.28132248359909057
6590,0.6601,21,79,21,511806,93804,71227,36729,0.8689095557449331,0.28137712302636114
6591,0.6602,10,65,10,511871,93739,71237,36719,0.8683074585942421,0.2814622330558494
6592,0.6603,26,87,26,511958,93652,71263,36693,0.8675015747156248,0.28150677049368983
6593,0.6604,19,54,19,512012,93598,71282,36674,0.867001370928897,0.2815186686317858
6594,0.6605,25,84,25,512096,93514,71307,36649,0.8662232761495424,0.2815623487473399
6595,0.6606,30,85,30,512181,93429,71337,36619,0.8654359183371003,0.28158064714566927
6596,0.6607,20,65,20,512246,93364,71357,36599,0.8648338211864093,0.2816109200310858
6597,0.6608,25,67,25,512313,93297,71382,36574,0.8642131979695431,0.2816179131599818
6598,0.6609,33,121,33,512434,93176,71415,36541,0.863092370965949,0.2816978499348582
6599,0.661,19,59,19,512493,93117,71434,36522,0.8625458520137834,0.28172077846944205
6600,0.6611,33,80,33,512573,93037,71467,36489,0.8618048093667791,0.28171177987431095
6601,0.6612,19,87,19,512660,92950,71486,36470,0.8609989254881618,0.28179570390975117
6602,0.6613,14,50,14,512710,92900,71500,36456,0.8605357738337841,0.2818268963171403
6603,0.6614,33,63,33,512773,92837,71533,36423,0.8599522027492682,0.2817809066996751
6604,0.6615,22,82,22,512855,92755,71555,36401,0.8591926340360888,0.28183746786831426
6605,0.6616,7,69,7,512924,92686,71562,36394,0.8585534847530475,0.28194917880384257
6606,0.6617,14,69,14,512993,92617,71576,36380,0.8579143354700063,0.2820220625285859
6607,0.6618,11,38,11,513031,92579,71587,36369,0.8575623402126792,0.28204392468281786
6608,0.6619,17,51,17,513082,92528,71604,36352,0.857089925525214,0.28206083178150215
6609,0.662,23,61,23,513143,92467,71627,36329,0.8565248805068731,0.28206621323643594
6610,0.6621,17,98,17,513241,92369,71644,36312,0.8556171032642929,0.2821861813321314
6611,0.6622,32,59,32,513300,92310,71676,36280,0.8550705843121271,0.2821370246519947
6612,0.6623,40,92,40,513392,92218,71716,36240,0.8542183852680721,0.28211555527876814
6613,0.6624,13,48,13,513440,92170,71729,36227,0.8537737596798696,0.2821483367991464
6614,0.6625,18,95,18,513535,92075,71747,36209,0.8528937715365519,0.2822565557668922
6615,0.6626,15,52,15,513587,92023,71762,36194,0.8524120938159991,0.2822870602182238
6616,0.6627,19,74,19,513661,91949,71781,36175,0.8517266293675201,0.2823436670725235
6617,0.6628,4,26,4,513687,91923,71785,36171,0.8514857905072437,0.2823785657407841
6618,0.6629,12,46,12,513733,91877,71797,36159,0.8510596909852162,0.28241275891155615
6619,0.663,34,124,34,513857,91753,71831,36125,0.8499110748823595,0.2824958163249347
6620,0.6631,20,64,20,513921,91689,71851,36105,0.849318240764756,0.282525001173764
6621,0.6632,14,78,14,513999,91611,71865,36091,0.8485957241839268,0.28261890964902664
6622,0.6633,8,31,8,514030,91580,71873,36083,0.8483085701582126,0.2826425824240383
6623,0.6634,30,109,30,514139,91471,71903,36053,0.8472988995516691,0.28271541043254605
6624,0.6635,25,84,25,514223,91387,71928,36028,0.8465208047723146,0.2827610563905349
6625,0.6636,33,105,33,514328,91282,71961,35995,0.8455481862981215,0.2828083628621039
6626,0.6637,36,123,36,514451,91159,71997,35959,0.8444088332283523,0.2828788999197596
6627,0.6638,16,63,16,514514,91096,72013,35943,0.8438252621438364,0.2829288643644865
6628,0.6639,34,89,34,514603,91007,72047,35909,0.8430008521990441,0.282935169718554
6629,0.664,12,42,12,514645,90965,72059,35897,0.8426118048093668,0.2829610127540162
6630,0.6641,14,59,14,514704,90906,72073,35883,0.8420652858572011,0.28301351063578073
6631,0.6642,31,97,31,514801,90809,72104,35852,0.8411667716477084,0.28305476823963177
6632,0.6643,13,41,13,514842,90768,72117,35839,0.8407869872911186,0.2830728158790588
6633,0.6644,21,50,21,514892,90718,72138,35818,0.8403238356367408,0.28306568881583105
6634,0.6645,20,84,20,514976,90634,72158,35798,0.8395457408573863,0.283140344216654
6635,0.6646,18,64,18,515040,90570,72176,35780,0.8389529067397828,0.28318163830629206
6636,0.6647,23,72,23,515112,90498,72199,35757,0.8382859683574789,0.2832125460377807
6637,0.6648,15,32,15,515144,90466,72214,35742,0.8379895512986772,0.28319916328600403
6638,0.6649,24,104,24,515248,90362,72238,35718,0.8370261958575717,0.2832963197969543
6639,0.665,42,101,42,515349,90261,72280,35676,0.8360906295157287,0.2832844993925534
6640,0.6651,20,86,20,515435,90175,72300,35656,0.835294008670199,0.2833641948327519
6641,0.6652,27,96,27,515531,90079,72327,35629,0.8344047574937937,0.2834266713335667
6642,0.6653,28,100,28,515631,89979,72355,35601,0.8334784541850383,0.28349259436215957
6643,0.6654,38,108,38,515739,89871,72393,35563,0.8324780466115825,0.2835196198797774
6644,0.6655,12,25,12,515764,89846,72405,35551,0.8322464707843936,0.28350757992615455
6645,0.6656,20,61,20,515825,89785,72425,35531,0.8316814257660529,0.28353123304286765
6646,0.6657,31,107,31,515932,89678,72456,35500,0.8306902812256846,0.28359615906948504
6647,0.6658,13,61,13,515993,89617,72469,35487,0.8301252362073437,0.2836599948842563
6648,0.6659,30,66,30,516059,89551,72499,35457,0.8295138760235652,0.2836378471777806
6649,0.666,16,48,16,516107,89503,72515,35441,0.8290692504353625,0.2836550774747087
6650,0.6661,19,89,19,516196,89414,72534,35422,0.8282448404905702,0.2837482777403954
6651,0.6662,15,61,15,516257,89353,72549,35407,0.8276797954722295,0.2838008977236294
6652,0.6663,46,152,46,516409,89201,72595,35361,0.8262718144429212,0.28388272506864054
6653,0.6664,5,28,5,516437,89173,72600,35356,0.8260124495164697,0.2839178022789872
6654,0.6665,33,74,33,516511,89099,72633,35323,0.8253269850679906,0.28389673851891145
6655,0.6666,36,94,36,516605,89005,72669,35287,0.8244562599577606,0.28390403243973866
6656,0.6667,11,52,11,516657,88953,72680,35276,0.8239745822372078,0.2839594619613778
6657,0.6668,28,74,28,516731,88879,72708,35248,0.8232891177887287,0.28396722711416533
6658,0.6669,33,83,33,516814,88796,72741,35215,0.8225202860424617,0.28396674488553436
6659,0.667,33,99,33,516913,88697,72774,35182,0.8216032457667939,0.28400293835113294
6660,0.6671,9,44,9,516957,88653,72783,35173,0.8211956723109415,0.2840518146431283
6661,0.6672,13,64,13,517021,88589,72796,35160,0.820602838193338,0.2841235080687521
6662,0.6673,35,102,35,517123,88487,72831,35125,0.8196580088184074,0.28415526000711905
6663,0.6674,24,82,24,517205,88405,72855,35101,0.818898440105228,0.2842048159603582
6664,0.6675,17,52,17,517257,88353,72872,35084,0.8184167623846752,0.2842259614216159
6665,0.6676,16,80,16,517337,88273,72888,35068,0.817675719737671,0.28431746134699737
6666,0.6677,30,88,30,517425,88185,72918,35038,0.8168605728259661,0.28434626652491823
6667,0.6678,13,49,13,517474,88136,72931,35025,0.816406684204676,0.2843838552788626
6668,0.6679,21,74,21,517548,88062,72952,35004,0.8157212197561969,0.2844327434059773
6669,0.668,19,53,19,517601,88009,72971,34985,0.8152302790025566,0.2844447696635608
6670,0.6681,18,84,18,517685,87925,72989,34967,0.8144521842232021,0.2845343879178466
6671,0.6682,33,133,33,517818,87792,73022,34934,0.8132202008225573,0.2846503593370598
6672,0.6683,34,123,34,517941,87669,73056,34900,0.8120808477527882,0.2847375763855461
6673,0.6684,14,37,14,517978,87632,73070,34886,0.8117381155285487,0.28474183385298485
6674,0.6685,26,70,26,518048,87562,73096,34860,0.8110897032124199,0.2847527405204947
6675,0.6686,15,40,15,518088,87522,73111,34845,0.8107191818889177,0.2847581455784648
6676,0.6687,27,84,27,518172,87438,73138,34818,0.8099410871095631,0.2847958382410679
6677,0.6688,51,146,51,518318,87292,73189,34767,0.8085886842787803,0.2848376604756716
6678,0.6689,20,86,20,518404,87206,73209,34747,0.8077920634332506,0.2849212401498938
6679,0.669,4,39,4,518443,87167,73213,34743,0.8074308051428359,0.2849889262570749
6680,0.6691,9,58,9,518501,87109,73222,34734,0.8068935492237578,0.2850717726910861
6681,0.6692,17,44,17,518545,87065,73239,34717,0.8064859757679055,0.2850749700284114
6682,0.6693,23,58,23,518603,87007,73262,34694,0.8059487198488273,0.28507571835892886
6683,0.6694,13,30,13,518633,86977,73275,34681,0.8056708288562007,0.2850696213976886
6684,0.6695,13,33,13,518666,86944,73288,34668,0.8053651487643114,0.28507055224813344
6685,0.6696,24,78,24,518744,86866,73312,34644,0.8046426321834822,0.2851123364332154
6686,0.6697,15,86,15,518830,86780,73327,34629,0.8038460113379525,0.2852259717154412
6687,0.6698,15,72,15,518902,86708,73342,34614,0.8031790729556486,0.28530686932295873
6688,0.6699,16,51,16,518953,86657,73358,34598,0.8027066582681833,0.28533256360562453
6689,0.67,17,61,17,519014,86596,73375,34581,0.8021416132498426,0.28537593767794217
6690,0.6701,21,72,21,519086,86524,73396,34560,0.8014746748675387,0.28542169072709855
6691,0.6702,15,86,15,519172,86438,73411,34545,0.800678054022009,0.28553598439450173
6692,0.6703,26,124,26,519296,86314,73437,34519,0.7995294379191522,0.2856752708283333
6693,0.6704,40,115,40,519411,86199,73477,34479,0.7984641891140836,0.2857107343509173
6694,0.6705,22,71,22,519482,86128,73499,34457,0.7978065137648672,0.28574864203673755
6695,0.6706,27,64,27,519546,86064,73526,34430,0.7972136796472638,0.2857403688150447
6696,0.6707,24,65,24,519611,85999,73550,34406,0.7966115824965727,0.28575225281342137
6697,0.6708,19,58,19,519669,85941,73569,34387,0.7960743265774946,0.28577720896217007
6698,0.6709,21,103,21,519772,85838,73590,34366,0.7951202341694764,0.28589730790988654
6699,0.671,18,37,18,519809,85801,73608,34348,0.794777501945237,0.2858783676934473
6700,0.6711,26,93,26,519902,85708,73634,34322,0.7939160398680944,0.2859451803715738
6701,0.6712,21,105,21,520007,85603,73655,34301,0.7929434213939012,0.28607052308513475
6702,0.6713,32,71,32,520078,85532,73687,34269,0.7922857460446848,0.2860493651972855
6703,0.6714,26,108,26,520186,85424,73713,34243,0.7912853384712291,0.2861524062607068
6704,0.6715,27,57,27,520243,85367,73740,34216,0.7907573455852385,0.2861276268365905
6705,0.6716,9,53,9,520296,85314,73749,34207,0.790266404831598,0.28620075133240186
6706,0.6717,10,24,10,520320,85290,73759,34197,0.7900440920374967,0.28619849858143565
6707,0.6718,24,64,24,520384,85226,73783,34173,0.7894512579198932,0.286208427206258
6708,0.6719,17,57,17,520441,85169,73800,34156,0.7889232650339028,0.2862434527550807
6709,0.672,9,39,9,520480,85130,73809,34147,0.7885620067434881,0.28628318955037435
6710,0.6721,30,90,30,520570,85040,73839,34117,0.7877283337656082,0.2863197294325973
6711,0.6722,22,94,22,520664,84946,73861,34095,0.7868576086553781,0.28641392461420856
6712,0.6723,14,48,14,520712,84898,73875,34081,0.7864129830671756,0.2864455071903445
6713,0.6724,23,67,23,520779,84831,73898,34058,0.7857923598503094,0.286468891150569
6714,0.6725,25,116,25,520895,84715,73923,34033,0.784717848012153,0.2865985111328191
6715,0.6726,23,81,23,520976,84634,73946,34010,0.7839675423320612,0.28665587808907317
6716,0.6727,20,47,20,521023,84587,73966,33990,0.7835321797769461,0.28664918154448166
6717,0.6728,25,93,25,521116,84494,73991,33965,0.7826707176998037,0.2867236765463156
6718,0.6729,30,77,30,521193,84417,74021,33935,0.7819574641520619,0.28672941733135054
6719,0.673,22,75,22,521268,84342,74043,33913,0.7812627366704954,0.28677857173058224
6720,0.6731,33,106,33,521374,84236,74076,33880,0.7802808551632147,0.28683666903721766
6721,0.6732,11,57,11,521431,84179,74087,33869,0.7797528622772241,0.2869087150989428
6722,0.6733,27,107,27,521538,84072,74114,33842,0.7787617177368558,0.2870057838763845
6723,0.6734,20,70,20,521608,84002,74134,33822,0.778113305420727,0.28705526887561106
6724,0.6735,10,50,10,521658,83952,74144,33812,0.7776501537663493,0.287116606093543
6725,0.6736,10,43,10,521701,83909,74154,33802,0.7772518433435844,0.28716092803561266
6726,0.6737,41,116,41,521817,83793,74195,33761,0.7761773315054281,0.2871956717763751
6727,0.6738,22,50,22,521867,83743,74217,33739,0.7757141798510504,0.2871844197408965
6728,0.6739,16,85,16,521952,83658,74233,33723,0.7749268220386083,0.28729521813581416
6729,0.674,18,69,18,522021,83589,74251,33705,0.7742876727555671,0.2873548519105837
6730,0.6741,23,62,23,522083,83527,74274,33682,0.7737133647041388,0.28736701106570317
6731,0.6742,25,52,25,522135,83475,74299,33657,0.7732316869835859,0.287342485401086
6732,0.6743,32,113,32,522248,83362,74331,33625,0.7721849642446923,0.28742509851521963
6733,0.6744,24,57,24,522305,83305,74355,33601,0.7716569713587017,0.28741895197851264
6734,0.6745,12,52,12,522357,83253,74367,33589,0.7711752936381489,0.2874736824087229
6735,0.6746,19,65,19,522422,83188,74386,33570,0.7705731964874578,0.28751777180150395
6736,0.6747,18,56,18,522478,83132,74404,33552,0.7700544666345548,0.287545850330808
6737,0.6748,7,40,7,522518,83092,74411,33545,0.7696839453110527,0.28760170443341304
6738,0.6749,23,82,23,522600,83010,74434,33522,0.7689243765978732,0.28766347441046236
6739,0.675,16,50,16,522650,82960,74450,33506,0.7684612249434954,0.28768911098518024
6740,0.6751,36,87,36,522737,82873,74486,33470,0.7676553410648783,0.28768383142948006
6741,0.6752,16,69,16,522806,82804,74502,33454,0.767016191781837,0.28775654148531715
6742,0.6753,19,45,19,522851,82759,74521,33435,0.7665993552928971,0.2877515190113087
6743,0.6754,31,88,31,522939,82671,74552,33404,0.7657842083811923,0.28777945293990953
6744,0.6755,10,40,10,522979,82631,74562,33394,0.7654136870576902,0.28781728075845725
6745,0.6756,15,53,15,523032,82578,74577,33379,0.7649227463040498,0.28785670550290193
6746,0.6757,9,49,9,523081,82529,74586,33370,0.7644688576827596,0.28792310546251476
6747,0.6758,26,92,26,523173,82437,74612,33344,0.7636166586387046,0.2879919848679835
6748,0.6759,19,50,19,523223,82387,74631,33325,0.7631535069843269,0.287999516039823
6749,0.676,22,118,22,523341,82269,74653,33303,0.7620604690799956,0.2881580313570761
6750,0.6761,18,48,18,523389,82221,74671,33285,0.7616158434917929,0.28816684847540386
6751,0.6762,17,73,17,523462,82148,74688,33268,0.7609396420764015,0.288244264226797
6752,0.6763,28,101,28,523563,82047,74716,33240,0.7600040757345585,0.2883239220380442
6753,0.6764,11,40,11,523603,82007,74727,33229,0.7596335544110564,0.28835606928390434
6754,0.6765,29,132,29,523735,81875,74756,33200,0.7584108340434992,0.28850749511188356
6755,0.6766,14,54,14,523789,81821,74770,33186,0.7579106302567713,0.2885563487439895
6756,0.6767,38,110,38,523899,81711,74808,33148,0.7568916966171403,0.2885973236751147
6757,0.6768,19,68,19,523967,81643,74827,33129,0.7562618103671866,0.28865054194402817
6758,0.6769,17,54,17,524021,81589,74844,33112,0.7557616065804587,0.28868100539663993
6759,0.677,12,49,12,524070,81540,74856,33100,0.7553077179591685,0.2887299371946964
6760,0.6771,18,61,18,524131,81479,74874,33082,0.7547426729408278,0.28877192063616763
6761,0.6772,12,37,12,524168,81442,74886,33070,0.7543999407165882,0.2887906944250384
6762,0.6773,25,92,25,524260,81350,74911,33045,0.7535477416725332,0.2888675204335854
6763,0.6774,15,52,15,524312,81298,74926,33030,0.7530660639519804,0.28890560492617734
6764,0.6775,32,89,32,524401,81209,74958,32998,0.7522416540071881,0.2889315015717075
6765,0.6776,15,54,15,524455,81155,74973,32983,0.7517414502204602,0.28897474986419946
6766,0.6777,33,85,33,524540,81070,75006,32950,0.7509540924080181,0.28898438870373616
6767,0.6778,14,51,14,524591,81019,75020,32936,0.7504816777205529,0.28902637005835635
6768,0.6779,9,49,9,524640,80970,75029,32927,0.7500277890992627,0.28909453277961666
6769,0.678,22,80,22,524720,80890,75051,32905,0.7492867464522583,0.2891603321762819
6770,0.6781,30,80,30,524800,80810,75081,32875,0.748545703805254,0.289176232572459
6771,0.6782,19,119,19,524919,80691,75100,32856,0.7474434028678351,0.28936035298158475
6772,0.6783,32,99,32,525018,80592,75132,32824,0.7465263625921672,0.28941242858150523
6773,0.6784,29,93,29,525111,80499,75161,32795,0.7456649005150247,0.28946810952036295
6774,0.6785,39,126,39,525237,80373,75200,32756,0.7444977583459929,0.28954556302981554
6775,0.6786,20,41,20,525278,80332,75220,32736,0.744117973989403,0.28952488767821133
6776,0.6787,14,39,14,525317,80293,75234,32722,0.7437567156989885,0.2895367871521479
6777,0.6788,23,68,23,525385,80225,75257,32699,0.7431268294490347,0.2895664340618469
6778,0.6789,16,35,16,525420,80190,75273,32683,0.7428026232909704,0.28955551814871583
6779,0.679,3,19,3,525439,80171,75276,32680,0.7426266256623069,0.2895853824955029
6780,0.6791,27,50,27,525489,80121,75303,32653,0.7421634740079291,0.28954368914820794
6781,0.6792,21,53,21,525542,80068,75324,32632,0.7416725332542888,0.289547471162378
6782,0.6793,44,137,44,525679,79931,75368,32588,0.7404034977212939,0.28962219714003856
6783,0.6794,25,84,25,525763,79847,75393,32563,0.7396254029419393,0.28968063339560535
6784,0.6795,13,36,13,525799,79811,75406,32550,0.7392919337507874,0.28969126298270753
6785,0.6796,16,75,16,525874,79736,75422,32534,0.7385972062692208,0.28978355749532375
6786,0.6797,34,95,34,525969,79641,75456,32500,0.7377172181259032,0.2898137166602759
6787,0.6798,24,65,24,526034,79576,75480,32476,0.7371151209752121,0.28982972191482526
6788,0.6799,23,72,23,526106,79504,75503,32453,0.7364481825929082,0.2898702180301366
6789,0.68,22,69,22,526175,79435,75525,32431,0.735809033309867,0.28990935583644717
6790,0.6801,22,56,22,526231,79379,75547,32409,0.735290303456964,0.2899148388020181
6791,0.6802,11,40,11,526271,79339,75558,32398,0.7349197821334618,0.2899487188666243
6792,0.6803,15,71,15,526342,79268,75573,32383,0.7342621067842454,0.29003770678274265
6793,0.6804,6,29,6,526371,79239,75579,32377,0.7339934788247063,0.2900748996559633
6794,0.6805,14,44,14,526415,79195,75593,32363,0.7335859053688539,0.29010021692751753
6795,0.6806,21,59,21,526474,79136,75614,32342,0.7330393864166883,0.2901200236818027
6796,0.6807,29,83,29,526557,79053,75643,32313,0.7322705546704212,0.2901513927051344
6797,0.6808,16,63,16,526620,78990,75659,32297,0.7316869835859053,0.29021359188404755
6798,0.6809,27,72,27,526692,78918,75686,32270,0.7310200452036014,0.29022916142029714
6799,0.681,10,29,10,526721,78889,75696,32260,0.7307514172440625,0.29024102780951694
6800,0.6811,19,77,19,526798,78812,75715,32241,0.7300381636963207,0.2903208377981684
6801,0.6812,25,64,25,526862,78748,75740,32216,0.7294453295787172,0.2903283947947082
6802,0.6813,20,67,20,526929,78681,75760,32196,0.7288247063618511,0.29037582185665195
6803,0.6814,19,79,19,527008,78602,75779,32177,0.7280929267479344,0.2904611884924038
6804,0.6815,21,69,21,527077,78533,75800,32156,0.7274537774648931,0.2905076385187327
6805,0.6816,22,64,22,527141,78469,75822,32134,0.7268609433472897,0.29053461479345044
6806,0.6817,15,44,15,527185,78425,75837,32119,0.7264533698914373,0.2905539875524678
6807,0.6818,16,71,16,527256,78354,75853,32103,0.7257956945422209,0.2906379858225373
6808,0.6819,24,93,24,527349,78261,75877,32079,0.7249342324650784,0.29072865687873845
6809,0.682,14,38,14,527387,78223,75891,32065,0.7245822372077513,0.29073879297838384
6810,0.6821,35,90,35,527477,78133,75926,32030,0.7237485642298714,0.29075097809609396
6811,0.6822,18,67,18,527544,78066,75944,32012,0.7231279410130053,0.29081196969421685
6812,0.6823,12,26,12,527570,78040,75956,32000,0.7228871021527289,0.2908033442384587
6813,0.6824,6,23,6,527593,78017,75962,31994,0.7226740523917151,0.2908254629082546
6814,0.6825,20,37,20,527630,77980,75982,31974,0.7223313201674756,0.2907943321752733
6815,0.6826,24,67,24,527697,77913,76006,31950,0.7217106969506095,0.2908167444908659
6816,0.6827,29,110,29,527807,77803,76035,31921,0.7206917633109785,0.290920855965878
6817,0.6828,23,78,23,527885,77725,76058,31898,0.7199692467301493,0.29097908285669977
6818,0.6829,17,30,17,527915,77695,76075,31881,0.7196913557375227,0.2909487479010002
6819,0.683,26,66,26,527981,77629,76101,31855,0.7190799955537441,0.2909557560922144
6820,0.6831,29,57,29,528038,77572,76130,31826,0.7185520026677535,0.2909193952357447
6821,0.6832,12,30,12,528068,77542,76142,31814,0.7182741116751269,0.2909213943450748
6822,0.6833,15,60,15,528128,77482,76157,31799,0.7177183296898737,0.29098379407216257
6823,0.6834,11,23,11,528151,77459,76168,31788,0.7175052799288599,0.29097366518073725
6824,0.6835,20,67,20,528218,77392,76188,31768,0.7168846567119938,0.29102235251007696
6825,0.6836,25,69,25,528287,77323,76213,31743,0.7162455074289525,0.29104395503639996
6826,0.6837,18,44,18,528331,77279,76231,31725,0.7158379339731001,0.29104436534439104
6827,0.6838,15,84,15,528415,77195,76246,31710,0.7150598391937456,0.2911712042605941
6828,0.6839,19,42,19,528457,77153,76265,31691,0.7146707918040683,0.29115982507074345
6829,0.684,12,27,12,528484,77126,76277,31679,0.7144206899107044,0.2911538991774275
6830,0.6841,17,44,17,528528,77082,76294,31662,0.714013116454852,0.2911608916354006
6831,0.6842,24,67,24,528595,77015,76318,31638,0.7133924932379858,0.2911838605468786
6832,0.6843,18,82,18,528677,76933,76336,31620,0.7126329245248064,0.29128628411927815
6833,0.6844,8,49,8,528726,76884,76344,31612,0.7121790359035163,0.29136558029789117
6834,0.6845,23,77,23,528803,76807,76367,31589,0.7114657823557746,0.2914221927008377
6835,0.6846,31,100,31,528903,76707,76398,31558,0.7105394790470192,0.2914884773472498
6836,0.6847,20,94,20,528997,76613,76418,31538,0.7096687539367891,0.2916108034137456
6837,0.6848,36,101,36,529098,76512,76454,31502,0.7087331875949461,0.29164737904345733
6838,0.6849,19,66,19,529164,76446,76473,31483,0.7081218274111675,0.29170102567428585
6839,0.685,27,70,27,529234,76376,76500,31456,0.7074734150950387,0.291713035091624
6840,0.6851,20,99,20,529333,76277,76520,31436,0.7065563748193708,0.29184963746251613
6841,0.6852,27,129,27,529462,76148,76547,31409,0.7053614435510763,0.29202190466450345
6842,0.6853,13,54,13,529516,76094,76560,31396,0.7048612397643484,0.29208298446367104
6843,0.6854,26,90,26,529606,76004,76586,31370,0.7040275667864686,0.2921563879523907
6844,0.6855,28,79,28,529685,75925,76614,31342,0.7032957871725518,0.29218678624367234
6845,0.6856,22,57,22,529742,75868,76636,31320,0.7027677942865612,0.29219688771131097
6846,0.6857,16,54,16,529796,75814,76652,31304,0.7022675904998332,0.2922384659907765
6847,0.6858,26,89,26,529885,75725,76678,31278,0.701443180555041,0.292309561414166
6848,0.6859,31,84,31,529969,75641,76709,31247,0.7006650857756864,0.29233403188384105
6849,0.686,20,71,20,530040,75570,76729,31227,0.7000074104264701,0.29239585381611843
6850,0.6861,10,40,10,530080,75530,76739,31217,0.6996368891029678,0.29243913177887904
6851,0.6862,24,63,24,530143,75467,76763,31193,0.6990533180184519,0.2924526532908307
6852,0.6863,27,69,27,530212,75398,76790,31166,0.6984141687354107,0.2924627453924402
6853,0.6864,21,90,21,530302,75308,76811,31145,0.6975804957575309,0.29257043014288
6854,0.6865,12,52,12,530354,75256,76823,31133,0.697098818036978,0.2926336369361494
6855,0.6866,47,136,47,530490,75120,76870,31086,0.6958390455370707,0.2926953279475736
6856,0.6867,14,85,14,530575,75035,76884,31072,0.6950516877246286,0.29283647638704324
6857,0.6868,9,40,9,530615,74995,76893,31063,0.6946811664011264,0.2928869109355258
6858,0.6869,15,26,15,530641,74969,76908,31048,0.6944403275408499,0.29285869247384855
6859,0.687,27,92,27,530733,74877,76935,31021,0.693588128496795,0.2929328221496157
6860,0.6871,16,78,16,530811,74799,76951,31005,0.6928656119159657,0.2930418509697176
6861,0.6872,21,42,21,530853,74757,76972,30984,0.6924765645262885,0.29301784549039633
6862,0.6873,9,24,9,530877,74733,76981,30975,0.6922542517321872,0.2930241798160972
6863,0.6874,19,82,19,530959,74651,77000,30956,0.6914946830190077,0.29312450879203084
6864,0.6875,38,64,38,531023,74587,77038,30918,0.6909018489014043,0.29304772285673664
6865,0.6876,25,68,25,531091,74519,77063,30893,0.6902719626514506,0.29306910029218686
6866,0.6877,21,65,21,531156,74454,77084,30872,0.6896698655007596,0.29310901391869054
6867,0.6878,21,64,21,531220,74390,77105,30851,0.6890770313831561,0.2931462072766317
6868,0.6879,13,46,13,531266,74344,77118,30838,0.6886509318611286,0.29318704721340155
6869,0.688,18,71,18,531337,74273,77136,30820,0.6879932565119122,0.2932640613551806
6870,0.6881,24,65,24,531402,74208,77160,30796,0.6873911593612212,0.2932840653689383
6871,0.6882,16,70,16,531472,74138,77176,30780,0.6867427470450924,0.2933719666787396
6872,0.6883,9,55,9,531527,74083,77185,30771,0.686233280225277,0.29346519922940467
6873,0.6884,9,52,9,531579,74031,77194,30762,0.6857516025047241,0.29355014170793853
6874,0.6885,20,47,20,531626,73984,77214,30742,0.6853162399496091,0.2935469701888738
6875,0.6886,26,82,26,531708,73902,77240,30716,0.6845566712364296,0.29360148349232446
6876,0.6887,14,66,14,531774,73836,77254,30702,0.6839453110526511,0.29369224588188025
6877,0.6888,30,74,30,531848,73762,77284,30672,0.683259846604172,0.29369745485186816
6878,0.6889,19,83,19,531931,73679,77303,30653,0.6824910148579051,0.29380247670896753
6879,0.689,30,95,30,532026,73584,77333,30623,0.6816110267145874,0.2938670146919113
6880,0.6891,23,70,23,532096,73514,77356,30600,0.6809626143984586,0.2939086001882552
6881,0.6892,14,73,14,532169,73441,77370,30586,0.6802864129830671,0.29401982177703867
6882,0.6893,22,56,22,532225,73385,77392,30564,0.6797676831301641,0.2940288025858835
6883,0.6894,14,54,14,532279,73331,77406,30550,0.6792674793434362,0.29408650282534826
6884,0.6895,47,156,47,532435,73175,77453,30503,0.6778224461817778,0.29420899322903604
6885,0.6896,24,84,24,532519,73091,77477,30479,0.6770443514024233,0.29428405909047023
6886,0.6897,28,72,28,532591,73019,77505,30451,0.6763774130201193,0.2942978641152025
6887,0.6898,17,52,17,532643,72967,77522,30434,0.6758957352995665,0.29432984207115986
6888,0.6899,22,89,22,532732,72878,77544,30412,0.6750713253547742,0.2944331493852261
6889,0.69,36,100,36,532832,72778,77580,30376,0.6741450220460188,0.2944723423231285
6890,0.6901,20,69,20,532901,72709,77600,30356,0.6735058727629775,0.29453257652937465
6891,0.6902,23,80,23,532981,72629,77623,30333,0.6727648301159732,0.29460383442435073
6892,0.6903,21,87,21,533068,72542,77644,30312,0.671958946237356,0.2947090049973749
6893,0.6904,19,63,19,533131,72479,77663,30293,0.6713753751528401,0.2947592729537228
6894,0.6905,34,106,34,533237,72373,77697,30259,0.6703934936455593,0.29483007249201026
6895,0.6906,11,66,11,533303,72307,77708,30248,0.6697821334617807,0.29494417629564623
6896,0.6907,13,56,13,533359,72251,77721,30235,0.6692634036088777,0.29501590461136157
6897,0.6908,23,69,23,533428,72182,77744,30212,0.6686242543258365,0.29505635095806393
6898,0.6909,18,31,18,533459,72151,77762,30194,0.6683371003001223,0.2950217401924862
6899,0.691,12,59,12,533518,72092,77774,30182,0.6677905813479565,0.29510921641864013
6900,0.6911,5,32,5,533550,72060,77779,30177,0.6674941642891549,0.2951671117110244
6901,0.6912,27,65,27,533615,71995,77806,30150,0.6668920671384638,0.2951686328258848
6902,0.6913,28,93,28,533708,71902,77834,30122,0.6660306050613213,0.2952442562534306
6903,0.6914,27,52,27,533760,71850,77861,30095,0.6655489273407684,0.29520820050026975
6904,0.6915,15,53,15,533813,71797,77876,30080,0.6650579865871281,0.2952580072047665
6905,0.6916,18,84,18,533897,71713,77894,30062,0.6642798918077736,0.2953770572340948
6906,0.6917,10,45,10,533942,71668,77904,30052,0.6638630553188336,0.29543845851356665
6907,0.6918,14,42,14,533984,71626,77918,30038,0.6634740079291563,0.295463487566887
6908,0.6919,12,42,12,534026,71584,77930,30026,0.6630849605394791,0.295502411180002
6909,0.692,48,106,48,534132,71478,77978,29978,0.6621030790321983,0.29547784261157545
6910,0.6921,11,42,11,534174,71436,77989,29967,0.6617140316425211,0.29552380107097426
6911,0.6922,22,78,22,534252,71358,78011,29945,0.6609915150616918,0.29559835345448804
6912,0.6923,8,18,8,534270,71340,78019,29937,0.6608247804661158,0.29559524867442755
6913,0.6924,11,38,11,534308,71302,78030,29926,0.6604727852087887,0.2956296676808788
6914,0.6925,28,84,28,534392,71218,78058,29898,0.6596946904294342,0.29568020886902174
6915,0.6926,18,45,18,534437,71173,78076,29880,0.6592778539404943,0.29568642197658657
6916,0.6927,24,66,24,534503,71107,78100,29856,0.6586664937567157,0.295712290641126
6917,0.6928,11,47,11,534550,71060,78111,29845,0.6582311312016007,0.2957732520687776
6918,0.6929,18,55,18,534605,71005,78129,29827,0.6577216643817851,0.2958088701999365
6919,0.693,21,86,21,534691,70919,78150,29806,0.6569250435362555,0.2959146190121618
6920,0.6931,15,55,15,534746,70864,78165,29791,0.65641557671644,0.29597138741244844
6921,0.6932,24,77,24,534823,70787,78189,29767,0.6557023231686984,0.29602999383415873
6922,0.6933,11,54,11,534877,70733,78200,29756,0.6552021193819705,0.29611201226004835
6923,0.6934,25,85,25,534962,70648,78225,29731,0.6544147615695284,0.2961874495661443
6924,0.6935,19,57,19,535019,70591,78244,29712,0.6538867686835378,0.2962224459886544
6925,0.6936,29,78,29,535097,70513,78273,29683,0.6531642521027086,0.29624935127150787
6926,0.6937,32,69,32,535166,70444,78305,29651,0.6525251028196672,0.296228582846296
6927,0.6938,10,56,10,535222,70388,78315,29641,0.6520063729667642,0.2963240660208539
6928,0.6939,20,42,20,535264,70346,78335,29621,0.651617325577087,0.2963077815679174
6929,0.694,15,52,15,535316,70294,78350,29606,0.6511356478565341,0.2963563563563564
6930,0.6941,13,52,13,535368,70242,78363,29593,0.6506539701359814,0.2964190915009766
6931,0.6942,28,49,28,535417,70193,78391,29565,0.6502000815146912,0.2963672086449207
6932,0.6943,24,74,24,535491,70119,78415,29541,0.6495146170662122,0.29641782059000604
6933,0.6944,22,73,22,535564,70046,78437,29519,0.6488384156508207,0.2964796866368704
6934,0.6945,31,99,31,535663,69947,78468,29488,0.6479213753751528,0.29655553879418717
6935,0.6946,15,76,15,535739,69871,78483,29473,0.6472173848604987,0.29667619584474153
6936,0.6947,11,32,11,535771,69839,78494,29462,0.6469209678016969,0.29669389029314913
6937,0.6948,18,62,18,535833,69777,78512,29444,0.6463466597502686,0.2967516957095776
6938,0.6949,30,81,30,535914,69696,78542,29414,0.6455963540701768,0.2967813540510544
6939,0.695,13,59,13,535973,69637,78555,29401,0.6450498351180111,0.29686584947191985
6940,0.6951,24,52,24,536025,69585,78579,29377,0.6445681573974582,0.2968513166670035
6941,0.6952,13,70,13,536095,69515,78592,29364,0.6439197450813294,0.2969690227449711
6942,0.6953,19,61,19,536156,69454,78611,29345,0.6433547000629887,0.29701717628720936
6943,0.6954,30,90,30,536246,69364,78641,29315,0.6425210270851087,0.2970743521924624
6944,0.6955,33,120,33,536366,69244,78674,29282,0.6414094631146022,0.29720073889125714
6945,0.6956,7,39,7,536405,69205,78681,29275,0.6410482048241877,0.2972684809098294
6946,0.6957,23,97,23,536502,69108,78704,29252,0.6401496906146948,0.29739731598210656
6947,0.6958,29,83,29,536585,69025,78733,29223,0.6393808588684279,0.29744116928588876
6948,0.6959,33,86,33,536671,68939,78766,29190,0.6385842380228982,0.29746558102090104
6949,0.696,15,63,15,536734,68876,78781,29175,0.6380006669383823,0.2975492345820032
6950,0.6961,25,109,25,536843,68767,78806,29150,0.6369909963318389,0.2977011142089729
6951,0.6962,34,86,34,536929,68681,78840,29116,0.6361943754863092,0.29771874392875036
6952,0.6963,12,33,12,536962,68648,78852,29104,0.63588869539442,0.2977330387102054
6953,0.6964,31,71,31,537033,68577,78883,29073,0.6352310200452036,0.29772657450076806
6954,0.6965,32,112,32,537145,68465,78915,29041,0.6341935603393976,0.2978380817590712
6955,0.6966,25,72,25,537217,68393,78940,29016,0.6335266219570936,0.29787801948485254
6956,0.6967,19,26,19,537243,68367,78959,28997,0.6332857830968173,0.29782054968982374
6957,0.6968,21,66,21,537309,68301,78980,28976,0.6326744229130387,0.2978710280950276
6958,0.6969,27,59,27,537368,68242,79007,28949,0.6321279039608729,0.2978567974400922
6959,0.697,13,70,13,537438,68172,79020,28936,0.6314794916447442,0.29797750957696584
6960,0.6971,17,63,17,537501,68109,79037,28919,0.6308959205602283,0.29804798614832834
6961,0.6972,21,64,21,537565,68045,79058,28898,0.6303030864426248,0.2980926936447191
6962,0.6973,18,63,18,537628,67982,79076,28880,0.6297195153581089,0.2981561396626128
6963,0.6974,10,47,10,537675,67935,79086,28870,0.6292841528029938,0.29822839729352824
6964,0.6975,26,80,26,537755,67855,79112,28844,0.6285431101559895,0.2982864352268379
6965,0.6976,17,45,17,537800,67810,79129,28827,0.6281262736670495,0.2983018926498132
6966,0.6977,28,74,28,537874,67736,79157,28799,0.6274408092185705,0.29832703164655305
6967,0.6978,23,110,23,537984,67626,79180,28776,0.6264218755789396,0.2985000311196863
6968,0.6979,15,76,15,538060,67550,79195,28761,0.6257178850642855,0.2986263251342007
6969,0.698,5,37,5,538097,67513,79200,28756,0.625375152840046,0.2987046712856683
6970,0.6981,11,52,11,538149,67461,79211,28745,0.6248934751194931,0.29878593850695384
6971,0.6982,28,93,28,538242,67368,79239,28717,0.6240320130423506,0.2988707914867045
6972,0.6983,20,71,20,538313,67297,79259,28697,0.6233743376931342,0.2989457674437986
6973,0.6984,7,49,7,538362,67248,79266,28690,0.6229204490718441,0.29904730138214264
6974,0.6985,30,72,30,538434,67176,79296,28660,0.6222535106895402,0.2990525481030093
6975,0.6986,27,113,27,538547,67063,79323,28633,0.6212067879506465,0.29920790837652567
6976,0.6987,29,64,29,538611,66999,79352,28604,0.6206139538330431,0.29919563193623633
6977,0.6988,11,40,11,538651,66959,79363,28593,0.620243432509541,0.29924020428667114
6978,0.6989,37,122,37,538773,66837,79400,28556,0.6191133424728593,0.2993511054270229
6979,0.699,23,56,23,538829,66781,79423,28533,0.6185946126199563,0.2993579117443398
6980,0.6991,13,51,13,538880,66730,79436,28520,0.618122197932491,0.2994225721784777
6981,0.6992,11,27,11,538907,66703,79447,28509,0.6178720960391271,0.2994265428727471
6982,0.6993,15,30,15,538937,66673,79462,28494,0.6175942050465004,0.2994105099456744
6983,0.6994,24,60,24,538997,66613,79486,28470,0.6170384230612471,0.2994226097199289
6984,0.6995,24,45,24,539042,66568,79510,28446,0.6166215865723073,0.29938745869029826
6985,0.6996,17,48,17,539090,66520,79527,28429,0.6161769609841047,0.2994133692824569
6986,0.6997,16,33,16,539123,66487,79543,28413,0.6158712808922153,0.29939936775553216
6987,0.6998,18,43,18,539166,66444,79561,28395,0.6154729704694505,0.2994021446873122
6988,0.6999,3,19,3,539185,66425,79564,28392,0.615296972840787,0.2994399738443528
6989,0.7,24,67,24,539252,66358,79588,28368,0.6146763496239208,0.29947427316681796
6990,0.7001,42,110,42,539362,66248,79630,28326,0.6136574159842899,0.2995114936451879
6991,0.7002,15,38,15,539400,66210,79645,28311,0.6133054207269628,0.29952074142254104
6992,0.7003,28,76,28,539476,66134,79673,28283,0.6126014302123087,0.2995541057224864
6993,0.7004,23,49,23,539525,66085,79696,28260,0.6121475415910186,0.299538926281202
6994,0.7005,27,61,27,539586,66024,79723,28233,0.6115824965726777,0.2995321302396639
6995,0.7006,19,57,19,539643,65967,79742,28214,0.6110545036866871,0.29957210052983085
6996,0.7007,17,63,17,539706,65904,79759,28197,0.6104709326021712,0.29964612490834314
6997,0.7008,28,54,28,539760,65850,79787,28169,0.6099707288154433,0.29960965336793627
6998,0.7009,15,52,15,539812,65798,79802,28154,0.6094890510948905,0.29966365803814715
6999,0.701,10,43,10,539855,65755,79812,28144,0.6090907406721257,0.2997263016645545
7000,0.7011,46,161,46,540016,65594,79858,28098,0.6075993923450295,0.2998975366093156
7001,0.7012,14,48,14,540064,65546,79872,28084,0.6071547667568269,0.2999465983125067
7002,0.7013,20,59,20,540123,65487,79892,28064,0.6066082478046612,0.2999861038364101
7003,0.7014,28,102,28,540225,65385,79920,28036,0.6056634184297306,0.30010383104441185
7004,0.7015,12,49,12,540274,65336,79932,28024,0.6052095298084404,0.3001713796058269
7005,0.7016,9,74,9,540348,65262,79941,28015,0.6045240653599615,0.30034199213096474
7006,0.7017,22,93,22,540441,65169,79963,27993,0.603662603282819,0.30047658916725706
7007,0.7018,12,47,12,540488,65122,79975,27981,0.6032272407277038,0.30053811370202893
7008,0.7019,16,74,16,540562,65048,79991,27965,0.6025417762792249,0.3006568974229409
7009,0.702,22,59,22,540621,64989,80013,27943,0.6019952573270592,0.3006822192570912
7010,0.7021,11,48,11,540669,64941,80024,27932,0.6015506317388566,0.30075479418130135
7011,0.7022,27,53,27,540722,64888,80051,27905,0.6010596909852162,0.3007231148901318
7012,0.7023,19,59,19,540781,64829,80070,27886,0.6005131720330505,0.30077118049937984
7013,0.7024,11,28,11,540809,64801,80081,27875,0.600253807106599,0.3007790582243515
7014,0.7025,13,59,13,540868,64742,80094,27862,0.5997072881544333,0.3008725325039955
7015,0.7026,25,83,25,540951,64659,80119,27837,0.5989384564081663,0.3009535547483134
7016,0.7027,10,55,10,541006,64604,80129,27827,0.5984289895883508,0.3010570046845755
7017,0.7028,10,34,10,541040,64570,80139,27817,0.598114046463374,0.30109214499875525
7018,0.7029,20,52,20,541092,64518,80159,27797,0.5976323687428211,0.30111032876563937
7019,0.703,22,90,22,541182,64428,80181,27775,0.5967986957649413,0.30123748684966867
7020,0.7031,25,85,25,541267,64343,80206,27750,0.5960113379524992,0.3013258336681398
7021,0.7032,11,32,11,541299,64311,80217,27739,0.5957149208936975,0.3013470939706681
7022,0.7033,21,61,21,541360,64250,80238,27718,0.5951498758753566,0.3013874391092554
7023,0.7034,19,46,19,541406,64204,80257,27699,0.5947237763533292,0.30139386091857717
7024,0.7035,11,32,11,541438,64172,80268,27688,0.5944273592945274,0.30141519703897235
7025,0.7036,20,78,20,541516,64094,80288,27668,0.5937048427136982,0.30151914735947344
7026,0.7037,25,67,25,541583,64027,80313,27643,0.593084219496832,0.3015490345805607
7027,0.7038,10,49,10,541632,63978,80323,27633,0.5926303308755418,0.3016340832432787
7028,0.7039,14,34,14,541666,63944,80337,27619,0.592315387750565,0.3016393084542883
7029,0.704,15,33,15,541699,63911,80352,27604,0.5920097076586758,0.3016336119761788
7030,0.7041,13,44,13,541743,63867,80365,27591,0.5916021342028234,0.3016794594239979
7031,0.7042,15,49,15,541792,63818,80380,27576,0.5911482455815332,0.3017265903669825
7032,0.7043,25,65,25,541857,63753,80405,27551,0.5905461484308422,0.3017501971436082
7033,0.7044,24,64,24,541921,63689,80429,27527,0.5899533143132387,0.3017781968075776
7034,0.7045,31,96,31,542017,63593,80460,27496,0.5890640631368336,0.3018586217874826
7035,0.7046,12,24,12,542041,63569,80472,27484,0.5888417503427322,0.3018461775010159
7036,0.7047,30,96,30,542137,63473,80502,27454,0.587952499166327,0.30193451889977674
7037,0.7048,17,83,17,542220,63390,80519,27437,0.58718366742006,0.30207977803956976
7038,0.7049,16,41,16,542261,63349,80535,27421,0.5868038830634703,0.30209320259997796
7039,0.705,17,76,17,542337,63273,80552,27404,0.5860998925488162,0.3022155563152729
7040,0.7051,15,62,15,542399,63211,80567,27389,0.5855255844973878,0.30230684326710816
7041,0.7052,22,63,22,542462,63148,80589,27367,0.5849420134128719,0.3023476771805778
7042,0.7053,21,52,21,542514,63096,80610,27346,0.5844603356923191,0.3023595232303576
7043,0.7054,32,75,32,542589,63021,80642,27314,0.5837656082107525,0.3023634250290585
7044,0.7055,23,70,23,542659,62951,80665,27291,0.5831171958946237,0.3024201591276789
7045,0.7056,20,59,20,542718,62892,80685,27271,0.582570676942458,0.3024633164380067
7046,0.7057,12,45,12,542763,62847,80697,27259,0.5821538404535181,0.30252147470756663
7047,0.7058,43,69,43,542832,62778,80740,27216,0.5815146911704768,0.3024201613440896
7048,0.7059,23,83,23,542915,62695,80763,27193,0.5807458594242099,0.3025209149163403
7049,0.706,16,81,16,542996,62614,80779,27177,0.5799955537441179,0.30266953258121637
7050,0.7061,30,75,30,543071,62539,80809,27147,0.5793008262625514,0.30268938295832126
7051,0.7062,15,45,15,543116,62494,80824,27132,0.5788839897736114,0.3027246557918461
7052,0.7063,22,64,22,543180,62430,80846,27110,0.578291155656008,0.30276971186062096
7053,0.7064,19,67,19,543247,62363,80865,27091,0.5776705324391419,0.3028483913519798
7054,0.7065,32,54,32,543301,62309,80897,27059,0.5771703286524139,0.3027817563333632
7055,0.7066,17,45,17,543346,62264,80914,27042,0.576753492163474,0.30280160347569035
7056,0.7067,15,72,15,543418,62192,80929,27027,0.5760865537811701,0.30292874836077516
7057,0.7068,31,46,31,543464,62146,80960,26996,0.5756604542591426,0.30284265553835454
7058,0.7069,18,40,18,543504,62106,80978,26978,0.5752899329356405,0.3028377710924521
7059,0.707,15,52,15,543556,62054,80993,26963,0.5748082552150876,0.3028971994113484
7060,0.7071,11,61,11,543617,61993,81004,26952,0.5742432101967468,0.3030187194333577
7061,0.7072,29,87,29,543704,61906,81033,26923,0.5734373263181296,0.3030879555100249
7062,0.7073,12,53,12,543757,61853,81045,26911,0.5729463855644893,0.3031747104682078
7063,0.7074,21,50,21,543807,61803,81066,26890,0.5724832339101116,0.30318063432288905
7064,0.7075,26,104,26,543911,61699,81092,26864,0.5715198784690059,0.30333209127965405
7065,0.7076,28,89,28,544000,61610,81120,26836,0.5706954685242136,0.30341677407683787
7066,0.7077,16,56,16,544056,61554,81136,26820,0.5701767386713106,0.3034829248421481
7067,0.7078,19,65,19,544121,61489,81155,26801,0.5695746415206195,0.3035564616604372
7068,0.7079,20,60,20,544181,61429,81175,26781,0.5690188595353662,0.3036050334429203
7069,0.708,34,124,34,544305,61305,81209,26747,0.5678702434325096,0.30376368509517104
7070,0.7081,29,105,29,544410,61200,81238,26718,0.5668976249583163,0.30389681293932985
7071,0.7082,15,59,15,544469,61141,81253,26703,0.5663511060061507,0.30398205910477666
7072,0.7083,18,83,18,544552,61058,81271,26685,0.5655822742598836,0.3041268249319034
7073,0.7084,29,52,29,544604,61006,81300,26656,0.5651005965393309,0.3040770231114964
7074,0.7085,7,25,7,544629,60981,81307,26649,0.564869020712142,0.3041081821294077
7075,0.7086,17,46,17,544675,60935,81324,26632,0.5644429211901145,0.3041328354288716
7076,0.7087,20,54,20,544729,60881,81344,26612,0.5639427174033865,0.30416147577520486
7077,0.7088,12,37,12,544766,60844,81356,26600,0.5635999851791471,0.3041946845981428
7078,0.7089,17,57,17,544823,60787,81373,26583,0.5630719922931565,0.30425775437793295
7079,0.709,10,37,10,544860,60750,81383,26573,0.562729260068917,0.3043069981562704
7080,0.7091,20,54,20,544914,60696,81403,26553,0.562229056282189,0.304335866313654
7081,0.7092,25,68,25,544982,60628,81428,26528,0.5615991700322354,0.3043737665794667
7082,0.7093,34,100,34,545082,60528,81462,26494,0.5606728667234799,0.30445174783388107
7083,0.7094,11,33,11,545115,60495,81473,26483,0.5603671866315907,0.30447929361447723
7084,0.7095,29,87,29,545202,60408,81502,26454,0.5595613027529734,0.3045520480762589
7085,0.7096,22,54,22,545256,60354,81524,26432,0.5590610989662456,0.3045652524600742
7086,0.7097,22,36,22,545292,60318,81546,26410,0.5587276297750936,0.3045152661193617
7087,0.7098,8,26,8,545318,60292,81554,26402,0.5584867909148171,0.30454241354649686
7088,0.7099,18,47,18,545365,60245,81572,26384,0.5580514283597021,0.30456313705572036
7089,0.71,4,31,4,545396,60214,81576,26380,0.5577642743339879,0.3046400443448738
7090,0.7101,18,44,18,545440,60170,81594,26362,0.5573567008781355,0.304650302778163
7091,0.7102,15,51,15,545491,60119,81609,26347,0.5568842861906703,0.3047093655309601
7092,0.7103,21,62,21,545553,60057,81630,26326,0.5563099781392419,0.3047590382366901
7093,0.7104,21,61,21,545614,59996,81651,26305,0.5557449331209011,0.3048052745622878
7094,0.7105,20,51,20,545665,59945,81671,26285,0.5552725184334358,0.304824307085701
7095,0.7106,18,41,18,545706,59904,81689,26267,0.5548927340768461,0.30482412876721865
7096,0.7107,17,36,17,545742,59868,81706,26250,0.5545592648856942,0.30481432453145685
7097,0.7108,6,33,6,545775,59835,81712,26244,0.5542535847938049,0.30488272400934024
7098,0.7109,16,79,16,545854,59756,81728,26228,0.5535218051798881,0.3050334946036472
7099,0.711,15,59,15,545913,59697,81743,26213,0.5529752862277224,0.3051216389244558
7100,0.7111,11,75,11,545988,59622,81754,26202,0.5522805587461559,0.3052992170022371
7101,0.7112,19,66,19,546054,59556,81773,26183,0.5516691985623773,0.3053802820186846
7102,0.7113,27,68,27,546122,59488,81800,26156,0.5510393123124235,0.3054037644201579
7103,0.7114,23,88,23,546210,59400,81823,26133,0.5502241654007188,0.3055311984847953
7104,0.7115,22,102,22,546312,59298,81845,26111,0.5492793360257883,0.3057171960800384
7105,0.7116,35,127,35,546439,59171,81880,26076,0.5481029308236689,0.30588759721749736
7106,0.7117,31,105,31,546544,59066,81911,26045,0.5471303123494757,0.30601214884092537
7107,0.7118,7,33,7,546577,59033,81918,26038,0.5468246322575864,0.3060737501616297
7108,0.7119,11,64,11,546641,58969,81929,26027,0.5462317981399829,0.3062144100898866
7109,0.712,14,35,14,546676,58934,81943,26013,0.5459075919819185,0.306226235181937
7110,0.7121,15,40,15,546716,58894,81958,25998,0.5455370706584164,0.30624793855722565
7111,0.7122,40,69,40,546785,58825,81998,25958,0.5448979213753752,0.30616986895957915
7112,0.7123,20,56,20,546841,58769,82018,25938,0.5443791915224722,0.3062084597494894
7113,0.7124,17,52,17,546893,58717,82035,25921,0.5438975138019193,0.3062572367021905
7114,0.7125,27,72,27,546965,58645,82062,25894,0.5432305754196154,0.3062965022060824
7115,0.7126,17,54,17,547019,58591,82079,25877,0.5427303716328875,0.3063527016148127
7116,0.7127,16,65,16,547084,58526,82095,25861,0.5421282744821965,0.3064571557230379
7117,0.7128,20,55,20,547139,58471,82115,25841,0.541618807662381,0.30649255147547205
7118,0.7129,7,20,7,547159,58451,82122,25834,0.5414335470006298,0.3065076822684938
7119,0.713,33,74,33,547233,58377,82155,25801,0.5407480825521509,0.30650526265770156
7120,0.7131,17,49,17,547282,58328,82172,25784,0.5402941939308608,0.3065436560776108
7121,0.7132,22,80,22,547362,58248,82194,25762,0.5395531512838564,0.30665396976550413
7122,0.7133,22,63,22,547425,58185,82216,25740,0.5389695801993405,0.3067024128686327
7123,0.7134,20,48,20,547473,58137,82236,25720,0.5385249546111379,0.30671261790905946
7124,0.7135,28,62,28,547535,58075,82264,25692,0.5379506465597095,0.30670789212935884
7125,0.7136,20,47,20,547582,58028,82284,25672,0.5375152840045945,0.3067144563918757
7126,0.7137,8,41,8,547623,57987,82292,25664,0.5371354996480048,0.3067984841783123
7127,0.7138,22,57,22,547680,57930,82314,25642,0.5366075067620142,0.3068252524769061
7128,0.7139,16,46,16,547726,57884,82330,25626,0.5361814072399866,0.30686145371811757
7129,0.714,14,35,14,547761,57849,82344,25612,0.5358572010819223,0.30687386923233606
7130,0.7141,12,46,12,547807,57803,82356,25600,0.5354311015598948,0.3069433953215112
7131,0.7142,25,60,25,547867,57743,82381,25575,0.5348753195746415,0.30695647999231856
7132,0.7143,28,40,28,547907,57703,82409,25547,0.5345047982511394,0.3068708708708709
7133,0.7144,9,43,9,547950,57660,82418,25538,0.5341064878283746,0.30695449409841585
7134,0.7145,16,48,16,547998,57612,82434,25522,0.5336618622401719,0.3069983400293502
7135,0.7146,25,56,25,548054,57556,82459,25497,0.5331431323872688,0.3069967370233465
7136,0.7147,8,32,8,548086,57524,82467,25489,0.5328467153284672,0.3070482936407551
7137,0.7148,30,58,30,548144,57466,82497,25459,0.532309459409389,0.3070123605667772
7138,0.7149,21,84,21,548228,57382,82518,25438,0.5315313646300345,0.30714803187635836
7139,0.715,10,31,10,548259,57351,82528,25428,0.5312442106043203,0.3071793570833182
7140,0.7151,14,62,14,548321,57289,82542,25414,0.5306699025528919,0.30729235940655114
7141,0.7152,37,70,37,548391,57219,82579,25377,0.5300214902367631,0.30724248147610056
7142,0.7153,11,40,11,548431,57179,82590,25366,0.5296509689132609,0.3072990490035738
7143,0.7154,25,57,25,548488,57122,82615,25341,0.5291229760272703,0.3073014564107539
7144,0.7155,24,103,24,548591,57019,82639,25317,0.5281688836192523,0.30748396813058687
7145,0.7156,19,69,19,548660,56950,82658,25298,0.5275297343362111,0.3075819472813929
7146,0.7157,16,79,16,548739,56871,82674,25282,0.5267979547222943,0.30774287001083345
7147,0.7158,14,36,14,548775,56835,82688,25268,0.5264644855311423,0.3077597651730144
7148,0.7159,22,58,22,548833,56777,82710,25246,0.5259272296120642,0.3077917169574388
7149,0.716,29,72,29,548905,56705,82739,25217,0.5252602912297603,0.3078171919630868
7150,0.7161,12,43,12,548948,56662,82751,25205,0.5248619808069954,0.30787741092259396
7151,0.7162,6,22,6,548970,56640,82757,25199,0.5246581940790692,0.3079094319334303
7152,0.7163,28,59,28,549029,56581,82785,25171,0.5241116751269036,0.3078946080829827
7153,0.7164,18,60,18,549089,56521,82803,25153,0.5235558931416503,0.3079682640742464
7154,0.7165,18,58,18,549147,56463,82821,25135,0.5230186372225721,0.30803451064977083
7155,0.7166,9,40,9,549187,56423,82830,25126,0.52264811589907,0.30810923493850323
7156,0.7167,39,102,39,549289,56321,82869,25087,0.5217032865241394,0.3081638168238994
7157,0.7168,19,72,19,549361,56249,82888,25068,0.5210363481418355,0.30827502244303157
7158,0.7169,16,77,16,549438,56172,82904,25052,0.5203230945940939,0.3084310056141042
7159,0.717,24,55,24,549493,56117,82928,25028,0.5198136277742784,0.30843551666769364
7160,0.7171,12,32,12,549525,56085,82940,25016,0.5195172107154766,0.30845488958212597
7161,0.7172,7,28,7,549553,56057,82947,25009,0.5192578457890251,0.3085017146522587
7162,0.7173,15,58,15,549611,55999,82962,24994,0.5187205898699471,0.30859456990110257
7163,0.7174,9,40,9,549651,55959,82971,24985,0.5183500685464448,0.30867019173749755
7164,0.7175,23,61,23,549712,55898,82994,24962,0.5177850235281041,0.30870640613405886
7165,0.7176,27,73,27,549785,55825,83021,24935,0.5171088221127126,0.30875433382862805
7166,0.7177,14,47,14,549832,55778,83035,24921,0.5166734595575976,0.30881423561630256
7167,0.7178,17,44,17,549876,55734,83052,24904,0.5162658861017452,0.30883702472779584
7168,0.7179,13,44,13,549920,55690,83065,24891,0.5158583126458928,0.3088941561906653
7169,0.718,17,45,17,549965,55645,83082,24874,0.5154414761569528,0.3089208758181299
7170,0.7181,29,72,29,550037,55573,83111,24845,0.5147745377746489,0.30894824541769256
7171,0.7182,35,64,35,550101,55509,83146,24810,0.5141817036570454,0.308893288014044
7172,0.7183,28,76,28,550177,55433,83174,24782,0.5134777131423913,0.30894471108894844
7173,0.7184,10,33,10,550210,55400,83184,24772,0.5131720330505021,0.30898568078630945
7174,0.7185,26,71,26,550281,55329,83210,24746,0.5125143577012857,0.30903527942553854
7175,0.7186,13,47,13,550328,55282,83223,24733,0.5120789951461706,0.3091045428982066
7176,0.7187,5,38,5,550366,55244,83228,24728,0.5117269998888436,0.3092082228780073
7177,0.7188,26,52,26,550418,55192,83254,24702,0.5112453221682908,0.3091846696873357
7178,0.7189,4,30,4,550448,55162,83258,24698,0.5109674311756641,0.30926621587778613
7179,0.719,35,110,35,550558,55052,83293,24663,0.5099484975360332,0.30938970080913253
7180,0.7191,25,41,25,550599,55011,83318,24638,0.5095687131794435,0.309332195005587
7181,0.7192,25,85,25,550684,54926,83343,24613,0.5087813553670014,0.3094456807352368
7182,0.7193,6,30,6,550714,54896,83349,24607,0.5085034643743748,0.30951033294341096
7183,0.7194,7,25,7,550739,54871,83356,24600,0.5082718885471859,0.3095468787356394
7184,0.7195,20,50,20,550789,54821,83376,24580,0.5078087368928081,0.30956788957317916
7185,0.7196,19,51,19,550840,54770,83395,24561,0.507336322205343,0.30960154290252234
7186,0.7197,22,59,22,550899,54711,83417,24539,0.5067898032531772,0.3096403785488959
7187,0.7198,29,69,29,550968,54642,83446,24510,0.506150653970136,0.30965736810187994
7188,0.7199,11,53,11,551021,54589,83457,24499,0.5056597132164956,0.3097688650617034
7189,0.72,12,31,12,551052,54558,83469,24487,0.5053725591907814,0.30978556518438866
7190,0.7201,58,146,58,551198,54412,83527,24429,0.5040201563599985,0.3098514732182494
7191,0.7202,32,88,32,551286,54324,83559,24397,0.5032050094482937,0.30991730287979063
7192,0.7203,14,35,14,551321,54289,83573,24383,0.5028808032902293,0.3099323774659345
7193,0.7204,17,37,17,551358,54252,83590,24366,0.5025380710659898,0.3099290238876593
7194,0.7205,22,66,22,551424,54186,83612,24344,0.5019267108822113,0.3099961798038966
7195,0.7206,9,21,9,551445,54165,83621,24335,0.5017321871873727,0.31
7196,0.7207,12,43,12,551488,54122,83633,24323,0.5013338767646078,0.3100643763146153
7197,0.7208,42,113,42,551601,54009,83675,24281,0.5002871540257142,0.3101417805594584
7198,0.7209,26,82,26,551683,53927,83701,24255,0.4995275853125347,0.3102376506101149
7199,0.721,29,48,29,551731,53879,83730,24226,0.49908295972433214,0.31017220408424556
7200,0.7211,22,61,22,551792,53818,83752,24204,0.4985179147059913,0.31022019430417064
7201,0.7212,27,72,27,551864,53746,83779,24177,0.4978509763236874,0.3102678284973628
7202,0.7213,19,74,19,551938,53672,83798,24158,0.4971655118752084,0.31039444944108957
7203,0.7214,16,39,16,551977,53633,83814,24142,0.4968042535847938,0.3104082288653166
7204,0.7215,27,76,27,552053,53557,83841,24115,0.4961002630701397,0.31047224224945924
7205,0.7216,28,70,28,552123,53487,83869,24087,0.4954518507540109,0.31050351922035735
7206,0.7217,13,39,13,552162,53448,83882,24074,0.49509059246359627,0.310544103609298
7207,0.7218,16,49,16,552211,53399,83898,24058,0.4946367038423061,0.31059813832190764
7208,0.7219,7,39,7,552250,53360,83905,24051,0.4942754455518915,0.31069227887509526
7209,0.722,14,37,14,552287,53323,83919,24037,0.493932713327652,0.31071613236814893
7210,0.7221,32,76,32,552363,53247,83951,24005,0.4932287228129979,0.3107362916170455
7211,0.7222,22,45,22,552408,53202,83973,23983,0.4928118863240579,0.3107209950119842
7212,0.7223,21,51,21,552459,53151,83994,23962,0.4923394716365927,0.31073878593752025
7213,0.7224,11,68,11,552527,53083,84005,23951,0.491709585386639,0.31091466105875326
7214,0.7225,14,54,14,552581,53029,84019,23937,0.49120938159991107,0.3110074578385261
7215,0.7226,23,68,23,552649,52961,84042,23914,0.4905794953499574,0.31107642276422764
7216,0.7227,28,101,28,552750,52860,84070,23886,0.48964392900811443,0.3112344617309045
7217,0.7228,20,54,20,552804,52806,84090,23866,0.4891437252213865,0.3112739983305509
7218,0.7229,24,50,24,552854,52756,84114,23842,0.4886805735670088,0.3112613906368312
7219,0.723,11,31,11,552885,52725,84125,23831,0.4883934195412946,0.3112884685720257
7220,0.7231,13,50,13,552935,52675,84138,23818,0.4879302678869169,0.3113748970494032
7221,0.7232,11,42,11,552977,52633,84149,23807,0.48754122049723964,0.31144688644688645
7222,0.7233,17,47,17,553024,52586,84166,23790,0.4871058579421246,0.3114852833350791
7223,0.7234,13,56,13,553080,52530,84179,23777,0.48658712808922155,0.3115965769850734
7224,0.7235,19,42,19,553122,52488,84198,23758,0.48619808069954423,0.31159667392387796
7225,0.7236,17,21,17,553143,52467,84215,23741,0.4860035570047056,0.31152897333613266
7226,0.7237,7,37,7,553180,52430,84222,23734,0.4856608247804661,0.3116170369203298
7227,0.7238,23,87,23,553267,52343,84245,23711,0.4848549409018489,0.31176532463775736
7228,0.7239,11,36,11,553303,52307,84256,23700,0.4845214717106969,0.31181338560922023
7229,0.724,21,56,21,553359,52251,84277,23679,0.4840027418577939,0.31185302252074276
7230,0.7241,21,56,21,553415,52195,84298,23658,0.4834840120048909,0.3118927399048159
7231,0.7242,7,30,7,553445,52165,84305,23651,0.48320612101226423,0.31195262213780733
7232,0.7243,4,13,4,553458,52152,84309,23647,0.48308570158212605,0.3119698149052098
7233,0.7244,18,46,18,553504,52106,84327,23629,0.48265960206009856,0.31199577474087276
7234,0.7245,15,47,15,553551,52059,84342,23614,0.4822242395049835,0.3120531761658716
7235,0.7246,28,62,28,553613,51997,84370,23586,0.48164993145355517,0.31205429792413636
7236,0.7247,35,74,35,553687,51923,84405,23551,0.48096446700507617,0.31204123274240136
7237,0.7248,22,56,22,553743,51867,84427,23529,0.4804457371521731,0.31207225847525066
7238,0.7249,9,32,9,553775,51835,84436,23520,0.48014932009337136,0.31212261960055737
7239,0.725,25,65,25,553840,51770,84461,23495,0.4795472229426804,0.3121636883013353
7240,0.7251,8,49,8,553889,51721,84469,23487,0.4790933343213902,0.31229390490373365
7241,0.7252,18,45,18,553934,51676,84487,23469,0.47867649783245025,0.3123161887018431
7242,0.7253,16,51,16,553985,51625,84503,23453,0.47820408314498497,0.31238178960547697
7243,0.7254,12,39,12,554024,51586,84515,23441,0.47784282485457036,0.31243419035813774
7244,0.7255,24,48,24,554072,51538,84539,23417,0.4773981992663678,0.3124141151357481
7245,0.7256,20,39,20,554111,51499,84559,23397,0.47703694097595317,0.312393185216834
7246,0.7257,11,28,11,554139,51471,84570,23386,0.47677757604950166,0.3124089931469335
7247,0.7258,9,51,9,554190,51420,84579,23377,0.4763051613620364,0.3125392729654933
7248,0.7259,9,32,9,554222,51388,84588,23368,0.47600874430323464,0.31259029375568514
7249,0.726,21,43,21,554265,51345,84609,23347,0.4756104338804698,0.31257698280940394
7250,0.7261,14,38,14,554303,51307,84623,23333,0.47525843862314276,0.31260718113612
7251,0.7262,13,41,13,554344,51266,84636,23320,0.474878654266553,0.3126592121845923
7252,0.7263,14,30,14,554374,51236,84650,23306,0.4746007632739264,0.3126559523490113
7253,0.7264,23,53,23,554427,51183,84673,23283,0.47410982252028605,0.31266618322455886
7254,0.7265,25,63,25,554490,51120,84698,23258,0.47352625143577015,0.3126999919330985
7255,0.7266,8,18,8,554508,51102,84706,23250,0.47335951684019417,0.31270174306003873
7256,0.7267,24,66,24,554574,51036,84730,23226,0.47274815665641556,0.31275753413589724
7257,0.7268,21,76,21,554650,50960,84751,23205,0.4720441661417615,0.3128834355828221
7258,0.7269,30,72,30,554722,50888,84781,23175,0.47137722775945756,0.3129092799373506
7259,0.727,19,39,19,554761,50849,84800,23156,0.47101596946904295,0.31289777717721773
7260,0.7271,19,80,19,554841,50769,84819,23137,0.4702749268220386,0.3130598327605337
7261,0.7272,26,54,26,554895,50715,84845,23111,0.4697747230353107,0.3130468940481673
7262,0.7273,12,33,12,554928,50682,84857,23099,0.4694690429434214,0.3130751819574145
7263,0.7274,23,59,23,554987,50623,84880,23076,0.4689225239912557,0.31311143977530226
7264,0.7275,26,47,26,555034,50576,84906,23050,0.46848716143614066,0.31306875288620867
7265,0.7276,21,70,21,555104,50506,84927,23029,0.46783874912001183,0.31317059903447336
7266,0.7277,9,56,9,555160,50450,84936,23020,0.4673200192671088,0.31332516673472166
7267,0.7278,21,72,21,555232,50378,84957,22999,0.4666530808848049,0.31343609032803194
7268,0.7279,11,49,11,555281,50329,84968,22988,0.46619919226351475,0.3135425617523903
7269,0.728,28,53,28,555334,50276,84996,22960,0.4657082515098744,0.3135070184062483
7270,0.7281,22,56,22,555390,50220,85018,22938,0.46518952165697136,0.31354055605675385
7271,0.7282,7,26,7,555416,50194,85025,22931,0.46494868279669493,0.3135863247863248
7272,0.7283,15,61,15,555477,50133,85040,22916,0.4643836377783541,0.31370723760763325
7273,0.7284,29,92,29,555569,50041,85069,22887,0.46353143873429914,0.31383007898200965
7274,0.7285,17,72,17,555641,49969,85086,22870,0.4628645003519953,0.3139801479976386
7275,0.7286,21,49,21,555690,49920,85107,22849,0.4624106117307051,0.31399359617419503
7276,0.7287,23,58,23,555748,49862,85130,22826,0.461873355811627,0.31402707462029494
7277,0.7288,15,38,15,555786,49824,85145,22811,0.4615213605542999,0.3140497005575824
7278,0.7289,21,54,21,555840,49770,85166,22790,0.461021156767572,0.31408489525909594
7279,0.729,9,29,9,555869,49741,85175,22781,0.4607525288080329,0.31412536885358927
7280,0.7291,17,41,17,555910,49700,85192,22764,0.46037274445144316,0.31414219474497684
7281,0.7292,23,67,23,555977,49633,85215,22741,0.45975212123457704,0.31421504960344876
7282,0.7293,24,70,24,556047,49563,85239,22717,0.45910370891844826,0.3142916436081904
7283,0.7294,17,52,17,556099,49511,85256,22700,0.45862203119789546,0.31435653847751727
7284,0.7295,19,37,19,556136,49474,85275,22681,0.45827929897365594,0.31433719076987043
7285,0.7296,17,67,17,556203,49407,85292,22664,0.4576586757567898,0.31446767770670586
7286,0.7297,11,23,11,556226,49384,85303,22653,0.45744562599577604,0.31446340075239115
7287,0.7298,35,81,35,556307,49303,85338,22618,0.45669532031568416,0.31448394766479887
7288,0.7299,17,63,17,556370,49240,85355,22601,0.45611174923116826,0.31459751395442714
7289,0.73,11,44,11,556414,49196,85366,22590,0.45570417577531586,0.3146853146853147
7290,0.7301,13,64,13,556478,49132,85379,22577,0.4551113416577124,0.3148419305805408
7291,0.7302,19,45,19,556523,49087,85398,22558,0.45469450516877247,0.3148579803196315
7292,0.7303,17,45,17,556568,49042,85415,22541,0.45427766867983255,0.31489320089965495
7293,0.7304,12,45,12,556613,48997,85427,22529,0.45386083219089257,0.3149763722282806
7294,0.7305,13,25,13,556638,48972,85440,22516,0.4536292563637037,0.31496195165622204
7295,0.7306,8,38,8,556676,48934,85448,22508,0.45327726110637667,0.3150527700792251
7296,0.7307,22,63,22,556739,48871,85470,22486,0.4526936900218608,0.3151197499894895
7297,0.7308,21,56,21,556795,48815,85491,22465,0.4521749601689577,0.315165544332211
7298,0.7309,13,58,13,556853,48757,85504,22452,0.4516377042498796,0.3152972236655479
7299,0.731,25,58,25,556911,48699,85529,22427,0.45110044833080143,0.31531366870061583
7300,0.7311,14,63,14,556974,48636,85543,22413,0.45051687724628553,0.3154583456487776
7301,0.7312,13,37,13,557011,48599,85556,22400,0.450174145022046,0.3154974013718503
7302,0.7313,28,81,28,557092,48518,85584,22372,0.4494238393419541,0.3155875299760192
7303,0.7314,11,42,11,557134,48476,85595,22361,0.44903479195227686,0.3156683654022615
7304,0.7315,19,45,19,557179,48431,85614,22342,0.44861795546333694,0.31568536023624827
7305,0.7316,46,80,46,557259,48351,85660,22296,0.4478769128163326,0.31559726527665716
7306,0.7317,8,31,8,557290,48320,85668,22288,0.4475897587906184,0.31565828234760934
7307,0.7318,15,35,15,557325,48285,85683,22273,0.447265552632554,0.31566937838374104
7308,0.7319,19,62,19,557387,48223,85702,22254,0.44669124458112563,0.31576258921350225
7309,0.732,11,30,11,557417,48193,85713,22243,0.44641335358849904,0.31579022090976205
7310,0.7321,19,69,19,557486,48124,85732,22224,0.4457742043054578,0.31591516461022345
7311,0.7322,18,45,18,557531,48079,85750,22206,0.44535736781651786,0.31594223518531694
7312,0.7323,7,32,7,557563,48047,85757,22199,0.4450609507577161,0.31601799390712637
7313,0.7324,36,58,36,557621,47989,85793,22163,0.44452369483863796,0.3159282700421941
7314,0.7325,22,69,22,557690,47920,85815,22141,0.4438845455555967,0.3160246071280741
7315,0.7326,22,51,22,557741,47869,85837,22119,0.44341213086813147,0.31603989255300907
7316,0.7327,9,38,9,557779,47831,85846,22110,0.44306013561080443,0.3161235898829013
7317,0.7328,22,57,22,557836,47774,85868,22088,0.44253214272481384,0.31616615613638316
7318,0.7329,17,39,17,557875,47735,85885,22071,0.4421708844343992,0.3161762599203507
7319,0.733,24,38,24,557913,47697,85909,22047,0.4418188891770721,0.31611321403991743
7320,0.7331,11,60,11,557973,47637,85920,22036,0.4412631071918189,0.31627746759863934
7321,0.7332,9,39,9,558012,47598,85929,22027,0.44090184890140427,0.31636624775583483
7322,0.7333,16,55,16,558067,47543,85945,22011,0.4403923820815888,0.3164591540385887
7323,0.7334,18,54,18,558121,47489,85963,21993,0.4398921782948609,0.3165280216458939
7324,0.7335,11,39,11,558160,47450,85974,21982,0.43953092000444627,0.31659753427814263
7325,0.7336,21,50,21,558210,47400,85995,21961,0.43906776835006855,0.3166188492092098
7326,0.7337,16,38,16,558248,47362,86011,21945,0.4387157730927415,0.31663468336531664
7327,0.7338,12,44,12,558292,47318,86023,21933,0.4383081996368891,0.3167174481234928
7328,0.7339,37,62,37,558354,47256,86060,21896,0.4377338915854607,0.31663581675150393
7329,0.734,8,23,8,558377,47233,86068,21888,0.437520841824447,0.3166620853286266
7330,0.7341,9,32,9,558409,47201,86077,21879,0.43722442476564527,0.31671974522292995
7331,0.7342,11,33,11,558442,47168,86088,21868,0.43691874467375597,0.31676226896112175
7332,0.7343,18,44,18,558486,47124,86106,21850,0.4365111712179036,0.3167860353176559
7333,0.7344,14,36,14,558522,47088,86120,21836,0.43617770202675166,0.3168127212581974
7334,0.7345,16,48,16,558570,47040,86136,21820,0.435733076438549,0.31687481847226256
7335,0.7346,22,60,22,558630,46980,86158,21798,0.4351772944532958,0.31693274012038736
7336,0.7347,8,35,8,558665,46945,86166,21790,0.4348530882952314,0.3170146213719357
7337,0.7348,22,56,22,558721,46889,86188,21768,0.43433435844232837,0.3170543426016284
7338,0.7349,12,48,12,558769,46841,86200,21756,0.43388973285412574,0.31715672697056724
7339,0.735,7,17,7,558786,46824,86207,21749,0.43373226129163733,0.31716564828722676
7340,0.7351,32,68,32,558854,46756,86239,21717,0.43310237504168364,0.31716150891592304
7341,0.7352,12,32,12,558886,46724,86251,21705,0.4328059579828819,0.31719008022914263
7342,0.7353,10,40,10,558926,46684,86261,21695,0.4324354366593797,0.317275771801284
7343,0.7354,13,34,13,558960,46650,86274,21682,0.4321204935344029,0.31730375226833696
7344,0.7355,23,62,23,559022,46588,86297,21659,0.4315461854829745,0.31736193532316437
7345,0.7356,14,38,14,559060,46550,86311,21645,0.4311941902256475,0.3173986362636557
7346,0.7357,27,69,27,559129,46481,86338,21618,0.43055504094260627,0.31744959544193013
7347,0.7358,14,46,14,559175,46435,86352,21604,0.4301289414205788,0.31752377313011654
7348,0.7359,18,37,18,559212,46398,86370,21586,0.42978620919633925,0.3175158860908449
7349,0.736,18,50,18,559262,46348,86388,21568,0.42932305754196154,0.317568761411155
7350,0.7361,13,41,13,559303,46307,86401,21555,0.42894327318537184,0.3176298959653414
7351,0.7362,21,50,21,559353,46257,86422,21534,0.42848012153099413,0.3176527857680223
7352,0.7363,26,53,26,559406,46204,86448,21508,0.42798918077735376,0.31763941398865786
7353,0.7364,12,21,12,559427,46183,86460,21496,0.4277946570825151,0.317616986066579
7354,0.7365,19,73,19,559500,46110,86479,21477,0.42711845566712364,0.31776820986284343
7355,0.7366,14,33,14,559533,46077,86493,21463,0.42681277557523434,0.317782055078472
7356,0.7367,15,58,15,559591,46019,86508,21448,0.42627551965615623,0.3179035676701202
7357,0.7368,14,47,14,559638,45972,86522,21434,0.4258401571010412,0.3179835622941578
7358,0.7369,30,70,30,559708,45902,86552,21404,0.4251917447849124,0.31801028140136095
7359,0.737,15,42,15,559750,45860,86567,21389,0.4248026973952351,0.318056774078425
7360,0.7371,12,32,12,559782,45828,86579,21377,0.42450628033643334,0.31808645190090024
7361,0.7372,19,44,19,559826,45784,86598,21358,0.424098706880581,0.3181019332161687
7362,0.7373,15,40,15,559866,45744,86613,21343,0.4237281855570788,0.3181391327678984
7363,0.7374,21,76,21,559942,45668,86634,21322,0.42302419504242467,0.31828631138975966
7364,0.7375,9,41,9,559983,45627,86643,21313,0.42264441068583497,0.31838960262922017
7365,0.7376,12,36,12,560019,45591,86655,21301,0.422310941494683,0.3184386772708246
7366,0.7377,24,60,24,560079,45531,86679,21277,0.42175515950942977,0.31847982277571546
7367,0.7378,15,43,15,560122,45488,86694,21262,0.42135684908666493,0.3185318352059925
7368,0.7379,13,47,13,560169,45441,86707,21249,0.42092148653154987,0.3186234817813765
7369,0.738,39,67,39,560236,45374,86746,21210,0.42030086331468375,0.3185449957947855
7370,0.7381,30,69,30,560305,45305,86776,21180,0.41966171403164254,0.3185680980672332
7371,0.7382,18,55,18,560360,45250,86794,21162,0.41915224721182703,0.31864723242787446
7372,0.7383,23,71,23,560431,45179,86817,21139,0.4184945718626107,0.31875207334358696
7373,0.7384,10,43,10,560474,45136,86827,21129,0.41809626143984585,0.31885610805100734
7374,0.7385,14,52,14,560526,45084,86841,21115,0.41761458371929305,0.3189625220924787
7375,0.7386,13,38,13,560564,45046,86854,21102,0.417262588461966,0.3190119126806555
7376,0.7387,10,32,10,560596,45014,86864,21092,0.4169661714031643,0.3190633225425831
7377,0.7388,30,68,30,560664,44946,86894,21062,0.4163362851532106,0.31908253545024845
7378,0.7389,16,59,16,560723,44887,86910,21046,0.41578976620104485,0.31920282711237163
7379,0.739,23,46,23,560769,44841,86933,21023,0.41536366667901736,0.31918802380663186
7380,0.7391,11,27,11,560796,44814,86944,21012,0.4151135647856534,0.3192051772855711
7381,0.7392,11,54,11,560850,44760,86955,21001,0.4146133609989255,0.3193534161585134
7382,0.7393,19,42,19,560892,44718,86974,20982,0.4142243136092482,0.3193607305936073
7383,0.7394,23,49,23,560941,44669,86997,20959,0.4137704249879581,0.3193606387517523
7384,0.7395,15,52,15,560993,44617,87012,20944,0.4132887472674052,0.3194582144872714
7385,0.7396,19,50,19,561043,44567,87031,20925,0.4128255956130275,0.319504672326391
7386,0.7397,37,92,37,561135,44475,87068,20888,0.4119733965689725,0.31956917522145556
7387,0.7398,3,14,3,561149,44461,87071,20885,0.41184371410574677,0.31960640284026565
7388,0.7399,19,50,19,561199,44411,87090,20866,0.41138056245136906,0.31965317033564655
7389,0.74,13,44,13,561243,44367,87103,20853,0.4109729889955167,0.3197332106715731
7390,0.7401,8,35,8,561278,44332,87111,20845,0.4106487828374523,0.319821409392884
7391,0.7402,9,28,9,561306,44304,87120,20836,0.41038941791100075,0.31986490635554193
7392,0.7403,9,23,9,561329,44281,87129,20827,0.41017636814998704,0.31988388523683725
7393,0.7404,24,80,24,561409,44201,87153,20803,0.40943532550298267,0.3200264599101594
7394,0.7405,17,52,17,561461,44149,87170,20786,0.4089536477824299,0.32010472010472013
7395,0.7406,16,46,16,561507,44103,87186,20770,0.4085275482604024,0.32016401276339923
7396,0.7407,18,65,18,561572,44038,87204,20752,0.40792545110971135,0.32029634202809076
7397,0.7408,22,60,22,561632,43978,87226,20730,0.4073696691244581,0.3203622426902392
7398,0.7409,29,60,29,561692,43918,87255,20701,0.40681388713920486,0.32035469443971587
7399,0.741,9,26,9,561718,43892,87264,20692,0.40657304827892843,0.3203889508237334
7400,0.7411,18,66,18,561784,43826,87282,20674,0.4059616880951499,0.32052713178294573
7401,0.7412,19,63,19,561847,43763,87301,20655,0.405378117010634,0.32064019373467045
7402,0.7413,16,50,16,561897,43713,87317,20639,0.40491496535625626,0.3207204127299851
7403,0.7414,17,47,17,561944,43666,87334,20622,0.4044796028011412,0.3207752613240418
7404,0.7415,12,31,12,561975,43635,87346,20610,0.40419244877542704,0.3208031753443848
7405,0.7416,14,38,14,562013,43597,87360,20596,0.40384045351809994,0.3208449519418005
7406,0.7417,13,34,13,562047,43563,87373,20583,0.4035255103931231,0.320877373491722
7407,0.7418,11,65,11,562112,43498,87384,20572,0.4029234132424321,0.321086311846418
7408,0.7419,26,101,26,562213,43397,87410,20546,0.40198784690058914,0.3213174233301534
7409,0.742,23,43,23,562256,43354,87433,20523,0.4015895364778243,0.3212893529752493
7410,0.7421,13,36,13,562292,43318,87446,20510,0.40125606728667235,0.32133233063859123
7411,0.7422,25,71,25,562363,43247,87471,20485,0.400598391937456,0.3214240883700496
7412,0.7423,14,38,14,562401,43209,87485,20471,0.40024639668012896,0.3214667085427136
7413,0.7424,20,43,20,562444,43166,87505,20451,0.3998480862573641,0.3214706760771492
7414,0.7425,22,45,22,562489,43121,87527,20429,0.39943124976842415,0.32146341463414635
7415,0.7426,8,32,8,562521,43089,87535,20421,0.3991348327096224,0.32153991497401985
7416,0.7427,23,54,23,562575,43035,87558,20398,0.39863462892289453,0.3215676382955244
7417,0.7428,14,48,14,562623,42987,87572,20384,0.3981900033346919,0.3216613277366619
7418,0.7429,9,28,9,562651,42959,87581,20375,0.3979306384082404,0.3217071399248429
7419,0.743,20,50,20,562701,42909,87601,20355,0.3974674867538627,0.3217469650986343
7420,0.7431,16,35,16,562736,42874,87617,20339,0.3971432805957983,0.32175343679306473
7421,0.7432,22,49,22,562785,42825,87639,20317,0.39668939197450814,0.3217668113141807
7422,0.7433,10,27,10,562812,42798,87649,20307,0.39643929008114415,0.3217970049916805
7423,0.7434,13,48,13,562860,42750,87662,20294,0.3959946644929416,0.3219021635683015
7424,0.7435,28,60,28,562920,42690,87690,20266,0.3954388825076883,0.32190736387318125
7425,0.7436,22,55,22,562975,42635,87712,20244,0.3949294156878728,0.3219516849822675
7426,0.7437,14,39,14,563014,42596,87726,20230,0.3945681573974582,0.32200044567535735
7427,0.7438,15,52,15,563066,42544,87741,20215,0.3940864796769054,0.32210519606749627
7428,0.7439,16,50,16,563116,42494,87757,20199,0.3936233280225277,0.3221890801205876
7429,0.744,24,63,24,563179,42431,87781,20175,0.3930397569380118,0.32225345813500306
7430,0.7441,10,20,10,563199,42411,87791,20165,0.3928544962762607,0.32224814625415493
7431,0.7442,15,39,15,563238,42372,87806,20150,0.39249323798584607,0.3222865551325933
7432,0.7443,17,46,17,563284,42326,87823,20133,0.3920671384638186,0.3223394546822716
7433,0.7444,33,80,33,563364,42246,87856,20100,0.39132609581681427,0.3223943797517082
7434,0.7445,22,54,22,563418,42192,87878,20078,0.39082589203008633,0.3224345591777742
7435,0.7446,12,29,12,563447,42163,87890,20066,0.39055726407054725,0.3224541612431503
7436,0.7447,6,22,6,563469,42141,87896,20060,0.39035347734262105,0.32250285365187054
7437,0.7448,15,64,15,563533,42077,87911,20045,0.3897606432250176,0.3226715173368533
7438,0.7449,7,37,7,563570,42040,87918,20038,0.3894179110007781,0.3227874609362415
7439,0.745,16,57,16,563627,41983,87934,20022,0.3888899181147875,0.322909442786872
7440,0.7451,24,61,24,563688,41922,87958,19998,0.3883248730964467,0.32296511627906976
7441,0.7452,19,48,19,563736,41874,87977,19979,0.3878802475082441,0.32300777650235235
7442,0.7453,19,59,19,563795,41815,87996,19960,0.3873337285560784,0.32310805341966814
7443,0.7454,22,37,22,563832,41778,88018,19938,0.3869909963318389,0.32306047054248493
7444,0.7455,7,42,7,563874,41736,88025,19931,0.3866019489421616,0.3232036583586035
7445,0.7456,34,63,34,563937,41673,88059,19897,0.3860183778576457,0.3231606301770343
7446,0.7457,14,45,14,563982,41628,88073,19883,0.3856015413687058,0.32324299718749494
7447,0.7458,29,48,29,564030,41580,88102,19854,0.38515691578050315,0.3231760914151773
7448,0.7459,16,37,16,564067,41543,88118,19838,0.3848141835562637,0.32319447385998923
7449,0.746,21,46,21,564113,41497,88139,19817,0.3843880840342362,0.32320514075088885
7450,0.7461,16,46,16,564159,41451,88155,19801,0.3839619845122087,0.3232710768627963
7451,0.7462,17,53,17,564212,41398,88172,19784,0.38347104375856833,0.32336308064463404
7452,0.7463,34,86,34,564298,41312,88206,19750,0.38267442291303866,0.32344174773181356
7453,0.7464,12,34,12,564332,41278,88218,19738,0.3823594797880618,0.3234889209387702
7454,0.7465,10,35,10,564367,41243,88228,19728,0.3820352736299974,0.3235636614128028
7455,0.7466,14,33,14,564400,41210,88242,19714,0.3817295935381081,0.3235834810583678
7456,0.7467,16,79,16,564479,41131,88258,19698,0.38099781392419135,0.3238258067697973
7457,0.7468,13,44,13,564523,41087,88271,19685,0.38059024046833895,0.3239156190350819
7458,0.7469,15,42,15,564565,41045,88286,19670,0.3802011930786617,0.3239726591451865
7459,0.747,5,23,5,564588,41022,88291,19665,0.3799881433176479,0.32403974492065846
7460,0.7471,6,16,6,564604,41006,88297,19659,0.37983993478824707,0.3240583532514629
7461,0.7472,19,50,19,564654,40956,88316,19640,0.37937678313386936,0.32411380289127995
7462,0.7473,10,26,10,564680,40930,88326,19630,0.37913594427359293,0.32414134742404227
7463,0.7474,12,35,12,564715,40895,88338,19618,0.37881173811552854,0.32419480111711535
7464,0.7475,18,57,18,564772,40838,88356,19600,0.37828374522953795,0.3242992819087329
7465,0.7476,26,52,26,564824,40786,88382,19574,0.37780206750898515,0.3242876076872101
7466,0.7477,9,41,9,564865,40745,88391,19565,0.3774222831523954,0.32440722931520477
7467,0.7478,17,49,17,564914,40696,88408,19548,0.37696839453110526,0.32448044618551225
7468,0.7479,21,70,21,564984,40626,88429,19527,0.3763199822149765,0.3246222133559423
7469,0.748,12,41,12,565025,40585,88441,19515,0.3759401978583867,0.3247088186356073
7470,0.7481,16,75,16,565100,40510,88457,19499,0.3752454703768202,0.3249345931443617
7471,0.7482,8,25,8,565125,40485,88465,19491,0.37501389454963135,0.3249799919967987
7472,0.7483,17,36,17,565161,40449,88482,19474,0.3746804253584794,0.3249837291190361
7473,0.7484,16,61,16,565222,40388,88498,19458,0.3741153803401386,0.32513451191391235
7474,0.7485,14,56,14,565278,40332,88512,19444,0.37359665048723556,0.32528104925053536
7475,0.7486,16,43,16,565321,40289,88528,19428,0.3731983400644707,0.32533449436508866
7476,0.7487,32,75,32,565396,40214,88560,19396,0.37250361258290415,0.32538164737460157
7477,0.7488,26,56,26,565452,40158,88586,19370,0.37198488273000113,0.3253930923263002
7478,0.7489,9,25,9,565477,40133,88595,19361,0.3717533069028123,0.32542777422933405
7479,0.749,18,56,18,565533,40077,88613,19343,0.3712345770499092,0.3255301245371929
7480,0.7491,28,57,28,565590,40020,88641,19315,0.3707065841639186,0.3255245639167439
7481,0.7492,15,33,15,565623,39987,88656,19300,0.37040090407202936,0.32553510887715686
7482,0.7493,16,40,16,565663,39947,88672,19284,0.3700303827485272,0.325572757508737
7483,0.7494,13,33,13,565696,39914,88685,19271,0.36972470265663787,0.32560615020697814
7484,0.7495,15,28,15,565724,39886,88700,19256,0.36946533773018636,0.3255892597477258
7485,0.7496,8,30,8,565754,39856,88708,19248,0.36918744673755977,0.32566323768272876
7486,0.7497,27,82,27,565836,39774,88735,19221,0.3684278780243803,0.32580727180269514
7487,0.7498,13,40,13,565876,39734,88748,19208,0.36805735670087814,0.3258796783278477
7488,0.7499,15,35,15,565911,39699,88763,19193,0.36773315054281375,0.3259016504788426
7489,0.75,27,57,27,565968,39642,88790,19166,0.36720515765682316,0.3259080397224867
7490,0.7501,22,70,22,566038,39572,88812,19144,0.3665567453406944,0.3260440084474419
7491,0.7502,17,45,17,566083,39527,88829,19127,0.3661399088517544,0.32609881678998875
7492,0.7503,25,56,25,566139,39471,88854,19102,0.3656211789988514,0.32612295767674526
7493,0.7504,11,28,11,566167,39443,88865,19091,0.36536181407239987,0.326152321727543
7494,0.7505,16,58,16,566225,39385,88881,19075,0.3648245581533217,0.3262914813547725
7495,0.7506,16,42,16,566267,39343,88897,19059,0.36443551076364444,0.32634156364508066
7496,0.7507,20,41,20,566308,39302,88917,19039,0.36405572640705475,0.3263399667472275
7497,0.7508,19,70,19,566378,39232,88936,19020,0.3634073140909259,0.3265123944242258
7498,0.7509,18,50,18,566428,39182,88954,19002,0.3629441624365482,0.3265846280764471
7499,0.751,8,28,8,566456,39154,88962,18994,0.3626847975100967,0.32664923987067485
7500,0.7511,7,23,7,566479,39131,88969,18987,0.362471747749083,0.32669740872019
7501,0.7512,22,45,22,566524,39086,88991,18965,0.362054911260143,0.3266954918950578
7502,0.7513,15,46,15,566570,39040,89006,18950,0.3616288117381155,0.3267804793929988
7503,0.7514,17,70,17,566640,38970,89023,18933,0.36098039942198673,0.3269778767939485
7504,0.7515,33,90,33,566730,38880,89056,18900,0.36014672644410683,0.32710280373831774
7505,0.7516,6,22,6,566752,38858,89062,18894,0.3599429397161807,0.32715750103892505
7506,0.7517,9,28,9,566780,38830,89071,18885,0.3596835747897291,0.32721129688989
7507,0.7518,31,72,31,566852,38758,89102,18854,0.35901663640742526,0.3272582100951191
7508,0.7519,29,68,29,566920,38690,89131,18825,0.35838675015747157,0.3273059201947318
7509,0.752,17,57,17,566977,38633,89148,18808,0.357858757271481,0.32743162549398513
7510,0.7521,15,39,15,567016,38594,89163,18793,0.35749749898106636,0.3274783487549445
7511,0.7522,15,53,15,567069,38541,89178,18778,0.357006558227426,0.3276051571032293
7512,0.7523,15,16,15,567085,38525,89193,18763,0.3568583496980251,0.327520597681888
7513,0.7524,8,25,8,567110,38500,89201,18755,0.35662677387083624,0.3275696445725264
7514,0.7525,18,61,18,567171,38439,89219,18737,0.3560617288524955,0.3277074296907794
7515,0.7526,8,46,8,567217,38393,89227,18729,0.355635629330468,0.32787717516893666
7516,0.7527,13,59,13,567276,38334,89240,18716,0.35508911037830226,0.3280631025416301
7517,0.7528,14,48,14,567324,38286,89254,18702,0.3546444847900997,0.32817435249526217
7518,0.7529,14,48,14,567372,38238,89268,18688,0.35419985920189706,0.3282858447809437
7519,0.753,13,39,13,567411,38199,89281,18675,0.35383860091148245,0.32835742166895243
7520,0.7531,23,64,23,567475,38135,89304,18652,0.353245766793879,0.32845545635444734
7521,0.7532,18,36,18,567511,38099,89322,18634,0.352912297602727,0.3284508134595385
7522,0.7533,17,32,17,567543,38067,89339,18617,0.3526158805439253,0.32843483169853926
7523,0.7534,16,44,16,567587,38023,89355,18601,0.35220830708807294,0.3285002825656965
7524,0.7535,15,53,15,567640,37970,89370,18586,0.35171736633443257,0.3286300304123347
7525,0.7536,12,26,12,567666,37944,89382,18574,0.35147652747415614,0.3286386637885276
7526,0.7537,14,57,14,567723,37887,89396,18560,0.35094853458816555,0.3288040108420288
7527,0.7538,18,53,18,567776,37834,89414,18542,0.3504575938345252,0.32889882219384137
7528,0.7539,31,93,31,567869,37741,89445,18511,0.34959613175738263,0.3290727440802105
7529,0.754,11,29,11,567898,37712,89456,18500,0.34932750379784355,0.3291112218031737
7530,0.7541,12,33,12,567931,37679,89468,18488,0.3490218237059543,0.32916125126853846
7531,0.7542,20,33,20,567964,37646,89488,18468,0.348716143614065,0.32911572869515626
7532,0.7543,10,34,10,567998,37612,89498,18458,0.3484012004890881,0.3291956482967719
7533,0.7544,12,53,12,568051,37559,89510,18446,0.34791025973544776,0.32936344969199177
7534,0.7545,7,37,7,568088,37522,89517,18439,0.3475675275112083,0.3294973284966316
7535,0.7546,10,45,10,568133,37477,89527,18429,0.3471506910222683,0.3296426143884377
7536,0.7547,14,43,14,568176,37434,89541,18415,0.34675238059950353,0.3297283747247041
7537,0.7548,8,16,8,568192,37418,89549,18407,0.34660417207010263,0.3297268248992387
7538,0.7549,10,25,10,568217,37393,89559,18397,0.3463725962429138,0.32975443627890305
7539,0.755,28,51,28,568268,37342,89587,18369,0.3459001815554485,0.32971944499290984
7540,0.7551,6,22,6,568290,37320,89593,18363,0.34569639482752235,0.32977749043693766
7541,0.7552,23,56,23,568346,37264,89616,18340,0.34517766497461927,0.32983238615926913
7542,0.7553,14,36,14,568382,37228,89630,18326,0.3448441957834673,0.32987723656262374
7543,0.7554,12,33,12,568415,37195,89642,18314,0.34453851569157806,0.32992848006629555
7544,0.7555,8,43,8,568458,37152,89650,18306,0.3441402052688132,0.33008763388510226
7545,0.7556,15,21,15,568479,37131,89665,18291,0.3439456815739746,0.3300313954747212
7546,0.7557,24,75,24,568554,37056,89689,18267,0.343250954092408,0.3301881676698661
7547,0.7558,7,20,7,568574,37036,89696,18260,0.34306569343065696,0.33022280092592593
7548,0.7559,13,44,13,568618,36992,89709,18247,0.34265811997480455,0.33032821014138564
7549,0.756,20,56,20,568674,36936,89729,18227,0.34213939012190153,0.3304207530409876
7550,0.7561,5,19,5,568693,36917,89734,18222,0.341963392493238,0.3304738932516005
7551,0.7562,12,36,12,568729,36881,89746,18210,0.341629923302086,0.33054400900328545
7552,0.7563,30,69,30,568798,36812,89776,18180,0.3409907740190448,0.33059354087867326
7553,0.7564,39,56,39,568854,36756,89815,18141,0.34047204416614174,0.33045521613202905
7554,0.7565,14,49,14,568903,36707,89829,18127,0.3400181555448516,0.33057956742167266
7555,0.7566,23,43,23,568946,36664,89852,18104,0.33961984512208676,0.3305579900671925
7556,0.7567,32,78,32,569024,36586,89884,18072,0.33889732854125754,0.330637784038933
7557,0.7568,15,26,15,569050,36560,89899,18057,0.33865648968098117,0.33061134811505577
7558,0.7569,22,36,22,569086,36524,89921,18035,0.3383230204898292,0.33055957770486993
7559,0.757,24,65,24,569151,36459,89945,18011,0.33772092333913817,0.3306590783917753
7560,0.7571,13,43,13,569194,36416,89958,17998,0.33732261291637333,0.3307604660565296
7561,0.7572,25,63,25,569257,36353,89983,17973,0.33673904183185743,0.3308360637632073
7562,0.7573,17,44,17,569301,36309,90000,17956,0.336331468376005,0.33089468349765044
7563,0.7574,12,32,12,569333,36277,90012,17944,0.3360350513172033,0.3309418859851349
7564,0.7575,29,62,29,569395,36215,90041,17915,0.33546074326577496,0.3309624976907445
7565,0.7576,17,28,17,569423,36187,90058,17898,0.33520137833932345,0.33092354626976056
7566,0.7577,21,31,21,569454,36156,90079,17877,0.33491422431360923,0.3308533673865971
7567,0.7578,20,52,20,569506,36104,90099,17857,0.33443254659305643,0.3309241859861752
7568,0.7579,13,48,13,569554,36056,90112,17844,0.3339879210048538,0.33105751391465676
7569,0.758,26,53,26,569607,36003,90138,17818,0.33349698025121344,0.3310603667713346
7570,0.7581,6,42,6,569649,35961,90144,17812,0.33310793286153617,0.3312443047626132
7571,0.7582,11,37,11,569686,35924,90155,17801,0.3327652006372967,0.3313355048859935
7572,0.7583,18,65,18,569751,35859,90173,17783,0.33216310348660566,0.33151262070765447
7573,0.7584,6,27,6,569778,35832,90179,17777,0.3319130015932417,0.33160476785614357
7574,0.7585,18,49,18,569827,35783,90197,17759,0.3314591129719515,0.3316835381569609
7575,0.7586,9,55,9,569882,35728,90206,17750,0.33094964615213607,0.3319121881895359
7576,0.7587,9,46,9,569928,35682,90215,17741,0.3305235466301086,0.3320854313685117
7577,0.7588,18,63,18,569991,35619,90233,17723,0.3299399755455926,0.3322522590079112
7578,0.7589,6,18,6,570009,35601,90239,17717,0.3297732409500167,0.33228928316891104
7579,0.759,20,71,20,570080,35530,90259,17697,0.32911556560080035,0.3324816352603002
7580,0.7591,15,54,15,570134,35476,90274,17682,0.3286153618140724,0.3326310244930208
7581,0.7592,14,57,14,570191,35419,90288,17668,0.3280873689280818,0.3328121762390039
7582,0.7593,14,43,14,570234,35376,90302,17654,0.327689058505317,0.33290590231944184
7583,0.7594,14,37,14,570271,35339,90316,17640,0.32734632628107746,0.33296211706525225
7584,0.7595,5,35,5,570306,35304,90321,17635,0.32702212012301307,0.3331192504580744
7585,0.7596,12,34,12,570340,35270,90333,17623,0.32670717699803625,0.333182084585862
7586,0.7597,10,14,10,570354,35256,90343,17613,0.3265774945348105,0.33314418657436307
7587,0.7598,12,28,12,570382,35228,90355,17601,0.326318129608359,0.33316928202313123
7588,0.7599,19,46,19,570428,35182,90374,17582,0.32589203008633144,0.3332196194374953
7589,0.76,17,44,17,570472,35138,90391,17565,0.3254844566304791,0.33328273532815966
7590,0.7601,17,43,17,570515,35095,90408,17548,0.32508614620771425,0.3333396652926315
7591,0.7602,21,35,21,570550,35060,90429,17527,0.32476194004964987,0.3332953011200487
7592,0.7603,12,18,12,570568,35042,90441,17515,0.3245952054540739,0.3332572254885172
7593,0.7604,20,44,20,570612,34998,90461,17495,0.3241876319982215,0.3332825329091498
7594,0.7605,23,66,23,570678,34932,90484,17472,0.32357627181444293,0.3334096633844745
7595,0.7606,10,33,10,570711,34899,90494,17462,0.3232705917225536,0.33349248486468935
7596,0.7607,13,44,13,570755,34855,90507,17449,0.3228630182667013,0.33360737228510245
7597,0.7608,18,58,18,570813,34797,90525,17431,0.3223257623476231,0.3337481810523091
7598,0.7609,5,24,5,570837,34773,90530,17426,0.3221034495535218,0.3338378129849231
7599,0.761,20,40,20,570877,34733,90550,17406,0.32173292823001964,0.3338383935250005
7600,0.7611,12,43,12,570920,34690,90562,17394,0.3213346178072548,0.3339605253052761
7601,0.7612,7,24,7,570944,34666,90569,17387,0.3211123050131535,0.33402493612279793
7602,0.7613,13,26,13,570970,34640,90582,17374,0.3208714661528771,0.33402545468527706
7603,0.7614,11,27,11,570997,34613,90593,17363,0.32062136425951315,0.3340580267815915
7604,0.7615,11,23,11,571020,34590,90604,17352,0.3204083144984994,0.33406491856301257
7605,0.7616,19,30,19,571050,34560,90623,17333,0.3201304235058728,0.3340142215713102
7606,0.7617,18,45,18,571095,34515,90641,17315,0.3197135870169328,0.33407293073509553
7607,0.7618,18,44,18,571139,34471,90659,17297,0.31930601356108046,0.3341253283881935
7608,0.7619,7,10,7,571149,34461,90666,17290,0.3192133832302049,0.3340998241579873
7609,0.762,17,47,17,571196,34414,90683,17273,0.31877802067508987,0.33418461121752085
7610,0.7621,24,51,24,571247,34363,90707,17249,0.3183056059876246,0.33420522359141286
7611,0.7622,10,31,10,571278,34332,90717,17239,0.3180184519619104,0.3342770161524888
7612,0.7623,5,40,5,571318,34292,90722,17234,0.31764793063840824,0.33447191709040097
7613,0.7624,12,49,12,571367,34243,90734,17222,0.3171940420171181,0.3346351889633732
7614,0.7625,10,36,10,571403,34207,90744,17212,0.31686057282596614,0.3347400766253719
7615,0.7626,18,64,18,571467,34143,90762,17194,0.31626773870836267,0.3349241287959951
7616,0.7627,15,36,15,571503,34107,90777,17179,0.3159342695172107,0.33496470771750575
7617,0.7628,24,35,24,571538,34072,90801,17155,0.3156100633591463,0.3348819958225155
7618,0.7629,8,28,8,571566,34044,90809,17147,0.3153506984326948,0.3349612236525952
7619,0.763,19,49,19,571615,33995,90828,17128,0.31489680981140467,0.3350351113980009
7620,0.7631,18,46,18,571661,33949,90846,17110,0.3144707102893772,0.33510252844748234
7621,0.7632,4,29,4,571690,33920,90850,17106,0.3142020823298381,0.33524085760200684
7622,0.7633,10,46,10,571736,33874,90860,17096,0.3137759828078106,0.3354129880321758
7623,0.7634,15,39,15,571775,33835,90875,17081,0.313414724517396,0.33547411422735485
7624,0.7635,15,29,15,571804,33806,90890,17066,0.3131460965578569,0.33546941342978454
7625,0.7636,19,49,19,571853,33757,90909,17047,0.31269220793656677,0.3355444453192662
7626,0.7637,6,29,6,571882,33728,90915,17041,0.3124235799770277,0.3356575863223621
7627,0.7638,12,21,12,571903,33707,90927,17029,0.31222905628218905,0.3356393882056134
7628,0.7639,24,53,24,571956,33654,90951,17005,0.3117381155285487,0.33567579304763223
7629,0.764,21,68,21,572024,33586,90972,16984,0.311108229278595,0.33585129523432866
7630,0.7641,8,24,8,572048,33562,90980,16976,0.3108859164844937,0.33590565515057974
7631,0.7642,19,51,19,572099,33511,90999,16957,0.3104135017970284,0.335995085995086
7632,0.7643,19,71,19,572170,33440,91018,16938,0.3097558264478121,0.3362181904799714
7633,0.7644,1,11,1,572181,33429,91019,16937,0.309653933083849,0.3362784418059802
7634,0.7645,24,41,24,572222,33388,91043,16913,0.3092741487272593,0.3362358601220652
7635,0.7646,12,45,12,572267,33343,91055,16901,0.3088573122383193,0.33637847305150864
7636,0.7647,11,44,11,572311,33299,91066,16890,0.30844973878246695,0.33652792444559565
7637,0.7648,11,25,11,572336,33274,91077,16879,0.3082181629552781,0.3365501565210456
7638,0.7649,15,40,15,572376,33234,91092,16864,0.3078476416317759,0.3366202243602539
7639,0.765,17,69,17,572445,33165,91109,16847,0.30720849234873465,0.3368591538030873
7640,0.7651,6,28,6,572473,33137,91115,16841,0.30694912742228314,0.3369682660370563
7641,0.7652,12,35,12,572508,33102,91127,16829,0.30662492126421875,0.33704512226873085
7642,0.7653,11,16,11,572524,33086,91138,16818,0.3064767127348179,0.3370070535428022
7643,0.7654,8,18,8,572542,33068,91146,16810,0.30630997813924193,0.33702233449617064
7644,0.7655,18,55,18,572597,33013,91164,16792,0.3058005113194264,0.3371549041260918
7645,0.7656,11,46,11,572643,32967,91175,16781,0.30537441179739894,0.3373200932700812
7646,0.7657,12,49,12,572692,32918,91187,16769,0.3049205231761088,0.33749270432910017
7647,0.7658,14,36,14,572728,32882,91201,16755,0.30458705398495683,0.33755061748292603
7648,0.7659,31,65,31,572793,32817,91232,16724,0.3039849568342658,0.337578974990412
7649,0.766,8,20,8,572813,32797,91240,16716,0.30379969617251473,0.33760830488962495
7650,0.7661,12,35,12,572848,32762,91252,16704,0.30347549001445034,0.3376864917316945
7651,0.7662,8,25,8,572873,32737,91260,16696,0.3032439141872615,0.337750085974956
7652,0.7663,11,27,11,572900,32710,91271,16685,0.3029938122938975,0.33778722542767486
7653,0.7664,20,41,20,572941,32669,91291,16665,0.3026140279373078,0.33779948919609193
7654,0.7665,6,24,6,572965,32645,91297,16659,0.3023917151432065,0.337883336037644
7655,0.7666,5,11,5,572976,32634,91302,16654,0.3022898217792434,0.3378915760428502
7656,0.7667,18,36,18,573012,32598,91320,16636,0.30195635258809145,0.33789657553723035
7657,0.7668,7,26,7,573038,32572,91327,16629,0.301715513727815,0.33798093534684254
7658,0.7669,16,55,16,573093,32517,91343,16613,0.30120604690799957,0.3381437003867291
7659,0.767,13,44,13,573137,32473,91356,16600,0.30079847345214716,0.338271554622705
7660,0.7671,12,24,12,573161,32449,91368,16588,0.3005761606580459,0.33827517996614803
7661,0.7672,10,40,10,573201,32409,91378,16578,0.3002056393345437,0.338416314532427
7662,0.7673,9,30,9,573231,32379,91387,16569,0.2999277483419171,0.3385020838440794
7663,0.7674,14,56,14,573287,32323,91401,16555,0.299409018489014,0.33870043782478826
7664,0.7675,15,48,15,573335,32275,91416,16540,0.29896439290081145,0.3388302775786131
7665,0.7676,7,17,7,573352,32258,91423,16533,0.29880692133832304,0.3388534770756902
7666,0.7677,10,29,10,573381,32229,91433,16523,0.29853829337878396,0.3389194289465048
7667,0.7678,8,24,8,573405,32205,91441,16515,0.29831598058468267,0.3389778325123153
7668,0.7679,7,18,7,573423,32187,91448,16508,0.2981492459891067,0.33900811171578193
7669,0.768,26,44,26,573467,32143,91474,16482,0.2977416725332543,0.33896143958868896
7670,0.7681,10,24,10,573491,32119,91484,16472,0.297519359739153,0.3389928175999671
7671,0.7682,18,45,18,573536,32074,91502,16454,0.297102523250213,0.3390619848334982
7672,0.7683,8,12,8,573548,32062,91510,16446,0.2969913668531624,0.339036859899398
7673,0.7684,16,45,16,573593,32017,91526,16430,0.2965745303642225,0.3391334860775693
7674,0.7685,6,21,6,573614,31996,91532,16424,0.2963800066693838,0.3391986782321355
7675,0.7686,8,25,8,573639,31971,91540,16416,0.29614843084219494,0.33926467852935704
7676,0.7687,8,38,8,573677,31933,91548,16408,0.2957964355848679,0.3394220227136385
7677,0.7688,21,41,21,573718,31892,91569,16387,0.2954166512282782,0.3394229375090619
7678,0.7689,10,36,10,573754,31856,91579,16377,0.29508318203712625,0.33953931955300315
7679,0.769,24,57,24,573811,31799,91603,16353,0.29455518915113565,0.33961206180428644
7680,0.7691,18,62,18,573873,31737,91621,16335,0.29398088109970727,0.3398027958062906
7681,0.7692,7,32,7,573905,31705,91628,16328,0.29368446404090554,0.33993296275477275
7682,0.7693,8,32,8,573937,31673,91636,16320,0.2933880469821038,0.34004959056529077
7683,0.7694,5,30,5,573967,31643,91641,16315,0.2931101559894772,0.34019350264815046
7684,0.7695,16,44,16,574011,31599,91657,16299,0.2927025825336248,0.34028560691469373
7685,0.7696,13,45,13,574056,31554,91670,16286,0.2922857460446849,0.34042642140468227
7686,0.7697,16,69,16,574125,31485,91686,16270,0.2916465967616436,0.3406973091822846
7687,0.7698,18,38,18,574163,31447,91704,16252,0.2912946015043166,0.3407199312354557
7688,0.7699,20,44,20,574207,31403,91724,16232,0.29088702804846417,0.3407578461215493
7689,0.77,8,29,8,574236,31374,91732,16224,0.29061840008892514,0.34085465775872936
7690,0.7701,26,46,26,574282,31328,91758,16198,0.2901923005668976,0.3408239700374532
7691,0.7702,19,49,19,574331,31279,91777,16179,0.28973841194560745,0.3409119642631379
7692,0.7703,11,29,11,574360,31250,91788,16168,0.2894697839860684,0.34096756505968195
7693,0.7704,9,32,9,574392,31218,91797,16159,0.28917336692726664,0.3410726723937776
7694,0.7705,20,42,20,574434,31176,91817,16139,0.2887843195375894,0.3410969037303181
7695,0.7706,10,30,10,574464,31146,91827,16129,0.2885064285449628,0.3411739820200952
7696,0.7707,30,74,30,574538,31072,91857,16099,0.2878209640964838,0.3412901994869729
7697,0.7708,15,44,15,574582,31028,91872,16084,0.28741339064063137,0.3413992188826626
7698,0.7709,9,39,9,574621,30989,91881,16075,0.28705213235021676,0.34155617882032974
7699,0.771,28,46,28,574667,30943,91909,16047,0.28662603282818927,0.3414981911044903
7700,0.7711,20,41,20,574708,30902,91929,16027,0.2862462484715995,0.3415159070084596
7701,0.7712,6,15,6,574723,30887,91935,16021,0.28610730297528625,0.3415408885477957
7702,0.7713,9,33,9,574756,30854,91944,16012,0.28580162288339694,0.3416549310801007
7703,0.7714,12,28,12,574784,30826,91956,16000,0.28554225795694543,0.34169051381711013
7704,0.7715,16,32,16,574816,30794,91972,15984,0.2852458408981437,0.3416990893154902
7705,0.7716,25,45,25,574861,30749,91997,15959,0.2848290044092037,0.3416759441637407
7706,0.7717,8,31,8,574892,30718,92005,15951,0.28454185038348956,0.34179005335447515
7707,0.7718,10,33,10,574925,30685,92015,15941,0.28423617029160025,0.34189079054604726
7708,0.7719,12,22,12,574947,30663,92027,15929,0.2840323835636741,0.3418827266483517
7709,0.772,25,71,25,575018,30592,92052,15904,0.28337470821445776,0.3420509291121817
7710,0.7721,7,45,7,575063,30547,92059,15897,0.2829578717255178,0.3422831797433468
7711,0.7722,34,51,34,575114,30496,92093,15863,0.28248545703805256,0.34217735499040103
7712,0.7723,5,29,5,575143,30467,92098,15858,0.2822168290785135,0.34232056125202376
7713,0.7724,9,14,9,575157,30453,92107,15849,0.2820871466152877,0.3422962291045743
7714,0.7725,10,26,10,575183,30427,92117,15839,0.2818463077550113,0.3423464315047767
7715,0.7726,14,52,14,575235,30375,92131,15825,0.2813646300344585,0.3425324675324675
7716,0.7727,9,28,9,575263,30347,92140,15816,0.281105265108007,0.34261204861035893
7717,0.7728,18,29,18,575292,30318,92158,15798,0.2808366371484679,0.3425709081446786
7718,0.7729,15,39,15,575331,30279,92173,15783,0.2804753788580533,0.3426468672658591
7719,0.773,7,19,7,575350,30260,92180,15776,0.28029938122938974,0.34268833087149186
7720,0.7731,8,38,8,575388,30222,92188,15768,0.2799473859720627,0.34285714285714286
7721,0.7732,15,46,15,575434,30176,92203,15753,0.2795212864500352,0.3429859130396917
7722,0.7733,24,57,24,575491,30119,92227,15729,0.2789932935640446,0.34306839993020416
7723,0.7734,12,18,12,575509,30101,92239,15717,0.27882655896846864,0.34303112313937756
7724,0.7735,22,45,22,575554,30056,92261,15695,0.2784097224795287,0.34305261087189354
7725,0.7736,14,45,14,575599,30011,92275,15681,0.27799288599058875,0.343189179725116
7726,0.7737,7,28,7,575627,29983,92282,15674,0.27773352106413723,0.3432989464923232
7727,0.7738,7,27,7,575654,29956,92289,15667,0.2774834191707733,0.34340135457992677
7728,0.7739,19,38,19,575692,29918,92308,15648,0.2771314239134462,0.34341394899705924
7729,0.774,6,28,6,575720,29890,92314,15642,0.2768720589869947,0.3435386102082052
7730,0.7741,12,50,12,575770,29840,92326,15630,0.27640890733261697,0.34374312733670553
7731,0.7742,22,41,22,575811,29799,92348,15608,0.2760291229760273,0.3437355473825622
7732,0.7743,7,25,7,575836,29774,92355,15601,0.2757975471488384,0.3438236914600551
7733,0.7744,18,54,18,575890,29720,92373,15583,0.2752973433621105,0.34397280533298014
7734,0.7745,9,32,9,575922,29688,92382,15574,0.27500092630330875,0.34408554637444216
7735,0.7746,19,27,19,575949,29661,92401,15555,0.2747508244099448,0.3440153927813164
7736,0.7747,9,43,9,575992,29618,92410,15546,0.27435251398717997,0.3442122044105925
7737,0.7748,18,42,18,576034,29576,92428,15528,0.2739634665975027,0.34427101809152183
7738,0.7749,11,51,11,576085,29525,92439,15517,0.2734910519100374,0.34450068824652547
7739,0.775,6,31,6,576116,29494,92445,15511,0.27320389788432325,0.3446505943784024
7740,0.7751,16,50,16,576166,29444,92461,15495,0.27274074622994554,0.3448007298782794
7741,0.7752,11,17,11,576183,29427,92472,15484,0.27258327466745713,0.3447707688539556
7742,0.7753,17,32,17,576215,29395,92489,15467,0.2722868576086554,0.34476840087379074
7743,0.7754,14,18,14,576233,29377,92503,15453,0.2721201230130794,0.3447022083426277
7744,0.7755,10,25,10,576258,29352,92513,15443,0.27188854718589056,0.3447482978010939
7745,0.7756,20,57,20,576315,29295,92533,15423,0.27136055429989997,0.34489467328592516
7746,0.7757,22,42,22,576357,29253,92555,15401,0.2709715069102227,0.34489631388005554
7747,0.7758,22,45,22,576402,29208,92577,15379,0.27055467042128273,0.34492116536210105
7748,0.7759,9,20,9,576422,29188,92586,15370,0.27036940975953166,0.34494366892589434
7749,0.776,12,43,12,576465,29145,92598,15358,0.26997109933676683,0.34510033031481024
7750,0.7761,18,43,18,576508,29102,92616,15340,0.269572788914002,0.34516898429413617
7751,0.7762,14,37,14,576545,29065,92630,15326,0.2692300566897625,0.34525016332139397
7752,0.7763,17,30,17,576575,29035,92647,15309,0.26895216569713587,0.3452327259606711
7753,0.7764,7,33,7,576608,29002,92654,15302,0.26864648560524657,0.34538642109064643
7754,0.7765,5,20,5,576628,28982,92659,15297,0.2684612249434955,0.345468506515504
7755,0.7766,10,31,10,576659,28951,92669,15287,0.26817407091778134,0.3455626384556264
7756,0.7767,23,50,23,576709,28901,92692,15264,0.2677109192634036,0.345613042001585
7757,0.7768,25,81,25,576790,28820,92717,15239,0.26696061358331175,0.3458771193172791
7758,0.7769,18,41,18,576831,28779,92735,15221,0.266580829226722,0.3459318181818182
7759,0.777,13,32,13,576863,28747,92748,15208,0.26628441216792026,0.3459902172676601
7760,0.7771,19,58,19,576921,28689,92767,15189,0.2657471562488421,0.3461643648297552
7761,0.7772,24,38,24,576959,28651,92791,15165,0.26539516099151506,0.3461064451341975
7762,0.7773,20,49,20,577008,28602,92811,15145,0.2649412723702249,0.3461951676686401
7763,0.7774,12,40,12,577048,28562,92823,15133,0.26457075104672273,0.34633253232635314
7764,0.7775,13,33,13,577081,28529,92836,15120,0.2642650709548334,0.34639968842356067
7765,0.7776,7,19,7,577100,28510,92843,15113,0.26408907332616993,0.34644568232354495
7766,0.7777,2,19,2,577119,28491,92845,15111,0.2639130756975064,0.34656667125361224
7767,0.7778,18,36,18,577155,28455,92863,15093,0.2635796065063544,0.3465830807384955
7768,0.7779,17,25,17,577180,28430,92880,15076,0.26334803067916557,0.34652691582770195
7769,0.778,12,27,12,577207,28403,92892,15064,0.2630979287858016,0.3465617594957094
7770,0.7781,25,44,25,577251,28359,92917,15039,0.2626903553299492,0.3465367067606802
7771,0.7782,16,37,16,577288,28322,92933,15023,0.26234762310570975,0.34659130234167723
7772,0.7783,13,46,13,577334,28276,92946,15010,0.26192152358368226,0.3467633877004112
7773,0.7784,10,30,10,577364,28246,92956,15000,0.2616436325910556,0.34685288812838183
7774,0.7785,15,34,15,577398,28212,92971,14985,0.2613286894660788,0.34689909021459825
7775,0.7786,18,49,18,577447,28163,92989,14967,0.2608748008447886,0.34702063528866217
7776,0.7787,19,60,19,577507,28103,93008,14948,0.26031901885953534,0.3472160925414044
7777,0.7788,24,34,24,577541,28069,93032,14924,0.2600040757345585,0.347126276370572
7778,0.7789,9,23,9,577564,28046,93041,14915,0.25979102597354475,0.3471753450804218
7779,0.779,13,31,13,577595,28015,93054,14902,0.2595038719478306,0.34722837104177834
7780,0.7791,14,38,14,577633,27977,93068,14888,0.25915187669050355,0.34732299078502277
7781,0.7792,8,22,8,577655,27955,93076,14880,0.25894808996257734,0.3473794793976888
7782,0.7793,14,48,14,577703,27907,93090,14866,0.25850346437437477,0.3475557010263484
7783,0.7794,15,34,15,577737,27873,93105,14851,0.2581885212493979,0.3476032206722217
7784,0.7795,16,32,16,577769,27841,93121,14835,0.25789210419059616,0.3476192707845159
7785,0.7796,17,31,17,577800,27810,93138,14818,0.257604950164882,0.3476118982828188
7786,0.7797,15,50,15,577850,27760,93153,14803,0.2571417985105043,0.34779033432793743
7787,0.7798,15,27,15,577877,27733,93168,14788,0.25689169661714034,0.34778109639942617
7788,0.7799,9,23,9,577900,27710,93177,14779,0.25667864685612657,0.34783120337028406
7789,0.78,34,57,34,577957,27653,93211,14745,0.256150653970136,0.3477758384829473
7790,0.7801,13,35,13,577992,27618,93224,14732,0.2558264478120716,0.34786304604486423
7791,0.7802,9,22,9,578014,27596,93233,14723,0.2556226610841454,0.3479051962475484
7792,0.7803,8,15,8,578029,27581,93241,14715,0.25548371558783206,0.34790523926612443
7793,0.7804,10,25,10,578054,27556,93251,14705,0.2552521397606432,0.3479567449894702
7794,0.7805,9,27,9,578081,27529,93260,14696,0.25500203786727926,0.348040260509177
7795,0.7806,10,26,10,578107,27503,93270,14686,0.25476119900700284,0.3481002156960345
7796,0.7807,6,20,6,578127,27483,93276,14680,0.2545759383452518,0.34817256836562865
7797,0.7808,11,25,11,578152,27458,93287,14669,0.2543443625180629,0.34820898711040427
7798,0.7809,15,37,15,578189,27421,93302,14654,0.2540016302938234,0.3482828282828283
7799,0.781,17,40,17,578229,27381,93319,14637,0.25363110897032126,0.34835070683992575
7800,0.7811,16,44,16,578273,27337,93335,14621,0.25322353551446886,0.3484675151341818
7801,0.7812,5,27,5,578300,27310,93340,14616,0.2529734336211049,0.3486142250632066
7802,0.7813,21,32,21,578332,27278,93361,14595,0.2526770165623032,0.3485539607861868
7803,0.7814,14,35,14,578367,27243,93375,14581,0.25235281040423874,0.3486275822494262
7804,0.7815,13,42,13,578409,27201,93388,14568,0.25196376301456147,0.348775407598937
7805,0.7816,10,44,10,578453,27157,93398,14558,0.2515561895587091,0.34898717487714254
7806,0.7817,18,38,18,578491,27119,93416,14540,0.251204194301382,0.349024220456564
7807,0.7818,19,50,19,578541,27069,93435,14521,0.2507410426470043,0.3491464294301515
7808,0.7819,9,30,9,578571,27039,93444,14512,0.2504631516543777,0.3492575389280643
7809,0.782,10,44,10,578615,26995,93454,14502,0.2500555781985253,0.3494710460997181
7810,0.7821,15,20,15,578635,26975,93469,14487,0.24987031753677424,0.3494042737928706
7811,0.7822,19,28,19,578663,26947,93488,14468,0.24961095261032273,0.34934202583604973
7812,0.7823,12,29,12,578692,26918,93500,14456,0.24934232465078365,0.3493981727655049
7813,0.7824,14,33,14,578725,26885,93514,14442,0.24903664455889438,0.3494567716021003
7814,0.7825,12,26,12,578751,26859,93526,14430,0.24879580569861795,0.34948775702971735
7815,0.7826,13,20,13,578771,26839,93539,14417,0.24861054503686686,0.34945220089199147
7816,0.7827,3,14,3,578785,26825,93542,14414,0.2484808625736411,0.34952350929944953
7817,0.7828,9,18,9,578803,26807,93551,14405,0.24831412797806512,0.3495341162768126
7818,0.7829,16,21,16,578824,26786,93567,14389,0.2481196042832265,0.3494596235579842
7819,0.783,7,22,7,578846,26764,93574,14382,0.24791581755530032,0.34953579934866086
7820,0.7831,15,51,15,578897,26713,93589,14367,0.24744340286783503,0.34973222979552093
7821,0.7832,4,14,4,578911,26699,93593,14363,0.24731372040460928,0.34978812527397596
7822,0.7833,22,21,22,578932,26678,93615,14341,0.24711919670977064,0.3496184694897487
7823,0.7834,23,55,23,578987,26623,93638,14318,0.24660972988995516,0.3497227717935566
7824,0.7835,8,19,8,579006,26604,93646,14310,0.24643373226129164,0.3497580290365156
7825,0.7836,17,36,17,579042,26568,93663,14293,0.24610026307013969,0.34979564866253887
7826,0.7837,14,36,14,579078,26532,93677,14279,0.24576679387898773,0.3498811594913136
7827,0.7838,14,35,14,579113,26497,93691,14265,0.24544258772092334,0.3499582944899661
7828,0.7839,11,29,11,579142,26468,93702,14254,0.24517395976138426,0.35003192377584597
7829,0.784,15,23,15,579165,26445,93717,14239,0.2449609100003705,0.34999016812506145
7830,0.7841,10,29,10,579194,26416,93727,14229,0.24469228204083146,0.35007996063476443
7831,0.7842,18,37,18,579231,26379,93745,14211,0.24434954981659193,0.3501108647450111
7832,0.7843,19,50,19,579281,26329,93764,14192,0.24388639816221425,0.3502381481207275
7833,0.7844,10,23,10,579304,26306,93774,14182,0.2436733484012005,0.3502766251728907
7834,0.7845,13,16,13,579320,26290,93787,14169,0.24352513987179963,0.35020638176919844
7835,0.7846,35,40,35,579360,26250,93822,14134,0.24315461854829745,0.3499900950871632
7836,0.7847,9,38,9,579398,26212,93831,14125,0.24280262329097038,0.35017477749956616
7837,0.7848,14,23,14,579421,26189,93845,14111,0.24258957352995664,0.3501488833746898
7838,0.7849,32,48,32,579469,26141,93877,14079,0.24214494794175404,0.3500497265042268
7839,0.785,12,25,12,579494,26116,93889,14067,0.2419133721145652,0.35007341413035364
7840,0.7851,2,13,2,579507,26103,93891,14065,0.241792952684427,0.3501543517227644
7841,0.7852,28,71,28,579578,26032,93919,14037,0.24113527733521065,0.3503206967980234
7842,0.7853,6,39,6,579617,25993,93925,14031,0.24077401904479603,0.35056466120327806
7843,0.7854,11,39,11,579656,25954,93936,14020,0.24041276075438142,0.35072797318256865
7844,0.7855,8,21,8,579677,25933,93944,14012,0.2402182370595428,0.3507823256978345
7845,0.7856,17,41,17,579718,25892,93961,13995,0.23983845270295306,0.3508661970065435
7846,0.7857,8,31,8,579749,25861,93969,13987,0.23955129867723887,0.3510088335675567
7847,0.7858,12,32,12,579781,25829,93981,13975,0.23925488161843714,0.35109536729976887
7848,0.7859,14,35,14,579816,25794,93995,13961,0.23893067546037275,0.3511759527103509
7849,0.786,13,21,13,579837,25773,94008,13948,0.23873615176553412,0.35114926613126557
7850,0.7861,15,28,15,579865,25745,94023,13933,0.23847678683908258,0.35115177176268964
7851,0.7862,9,18,9,579883,25727,94032,13924,0.23831005224350663,0.35116390507175105
7852,0.7863,14,32,14,579915,25695,94046,13910,0.2380136351847049,0.35121828052013637
7853,0.7864,2,14,2,579929,25681,94048,13908,0.2378839527214791,0.35130970724191063
7854,0.7865,13,26,13,579955,25655,94061,13895,0.2376431138612027,0.3513274336283186
7855,0.7866,8,24,8,579979,25631,94069,13887,0.23742080106710142,0.351409484285642
7856,0.7867,9,33,9,580012,25598,94078,13878,0.23711512097521212,0.3515553754179755
7857,0.7868,26,54,26,580066,25544,94104,13852,0.2366149171884842,0.35160930043659255
7858,0.7869,20,46,20,580112,25498,94124,13832,0.2361888176664567,0.3516908212560386
7859,0.787,14,30,14,580142,25468,94138,13818,0.23591092667383007,0.3517283510665377
7860,0.7871,7,36,7,580178,25432,94145,13811,0.23557745748267814,0.3519353770099126
7861,0.7872,20,33,20,580211,25399,94165,13791,0.23527177739078883,0.35190099515182444
7862,0.7873,4,18,4,580229,25381,94169,13787,0.23510504279521285,0.3519965277777778
7863,0.7874,20,36,20,580265,25345,94189,13767,0.23477157360406092,0.3519891593372878
7864,0.7875,14,17,14,580282,25328,94203,13753,0.2346141020415725,0.35191013535989357
7865,0.7876,17,20,17,580302,25308,94220,13736,0.2344288413798214,0.3518082163712734
7866,0.7877,13,43,13,580345,25265,94233,13723,0.2340305309570566,0.3519800964399302
7867,0.7878,7,25,7,580370,25240,94240,13716,0.23379895512986773,0.3520895369134408
7868,0.7879,18,48,18,580418,25192,94258,13698,0.23335432954166513,0.352224222165081
7869,0.788,5,15,5,580433,25177,94263,13693,0.2332153840453518,0.3522768201697968
7870,0.7881,5,15,5,580448,25162,94268,13688,0.2330764385490385,0.3523294723294723
7871,0.7882,13,44,13,580492,25118,94281,13675,0.2326688650931861,0.3525120511432475
7872,0.7883,14,23,14,580515,25095,94295,13661,0.23245581533217236,0.352487356796367
7873,0.7884,9,20,9,580535,25075,94304,13652,0.2322705546704213,0.3525189144524492
7874,0.7885,8,17,8,580552,25058,94312,13644,0.23211308310793285,0.3525399204175495
7875,0.7886,5,15,5,580567,25043,94317,13639,0.23197413761161956,0.352592937283491
7876,0.7887,11,28,11,580595,25015,94328,13628,0.23171477268516802,0.35266413063167973
7877,0.7888,10,44,10,580639,24971,94338,13618,0.23130719922931564,0.35289849438959286
7878,0.7889,7,13,7,580652,24958,94345,13611,0.23118677979917746,0.35289999740724415
7879,0.789,13,31,13,580683,24927,94358,13598,0.23089962577346326,0.35296560674886435
7880,0.7891,22,50,22,580733,24877,94380,13576,0.23043647411908555,0.35305437807193196
7881,0.7892,19,34,19,580767,24843,94399,13557,0.2301215309941087,0.353046875
7882,0.7893,6,34,6,580801,24809,94405,13551,0.22980658786913186,0.35325860271115744
7883,0.7894,6,14,6,580815,24795,94411,13545,0.2296769054059061,0.3532863849765258
7884,0.7895,17,66,17,580881,24729,94428,13528,0.22906554522212752,0.35360848994955174
7885,0.7896,6,24,6,580905,24705,94434,13522,0.22884323242802623,0.353729039683993
7886,0.7897,7,22,7,580927,24683,94441,13515,0.22863944570010003,0.353814335829101
7887,0.7898,30,57,30,580984,24626,94471,13485,0.22811145281410944,0.3538348508304689
7888,0.7899,13,26,13,581010,24600,94484,13472,0.22787061395383304,0.35385585206976256
7889,0.79,16,37,16,581047,24563,94500,13456,0.22752788172959354,0.35392829900839057
7890,0.7901,16,36,16,581083,24527,94516,13440,0.22719441253844158,0.3539916243053178
7891,0.7902,8,31,8,581114,24496,94524,13432,0.22690725851272742,0.3541446952119806
7892,0.7903,24,56,24,581170,24440,94548,13408,0.22638852865982437,0.3542591418304798
7893,0.7904,13,31,13,581201,24409,94561,13395,0.2261013746341102,0.35432758438260503
7894,0.7905,27,58,27,581259,24351,94588,13368,0.22556411871503204,0.3544102441740237
7895,0.7906,6,17,6,581276,24334,94594,13362,0.22540664715254363,0.35446731748726656
7896,0.7907,8,16,8,581292,24318,94602,13354,0.22525843862314276,0.35448078148226797
7897,0.7908,11,15,11,581307,24303,94613,13343,0.22511949312682944,0.35443340593954203
7898,0.7909,20,41,20,581348,24262,94633,13323,0.22473970877023972,0.3544765198882533
7899,0.791,23,35,23,581383,24227,94656,13300,0.22441550261217533,0.3544114903935833
7900,0.7911,11,22,11,581405,24205,94667,13289,0.22421171588424915,0.35443004214007573
7901,0.7912,19,31,19,581436,24174,94686,13270,0.22392456185853496,0.35439589787415876
7902,0.7913,19,27,19,581463,24147,94705,13251,0.223674459965171,0.35432376062891063
7903,0.7914,12,26,12,581489,24121,94717,13239,0.2234336211048946,0.3543629550321199
7904,0.7915,12,32,12,581521,24089,94729,13227,0.22313720404609286,0.35445921320613144
7905,0.7916,13,28,13,581549,24061,94742,13214,0.22287783911964135,0.35450033534540576
7906,0.7917,22,40,22,581589,24021,94764,13192,0.22250731779613916,0.35449977158519874
7907,0.7918,12,44,12,581633,23977,94776,13180,0.2220997443402868,0.3547110907769734
7908,0.7919,7,22,7,581655,23955,94783,13173,0.22189595761236058,0.35479961215255335
7909,0.792,15,26,15,581681,23929,94798,13158,0.22165511875208418,0.3547873918084504
7910,0.7921,12,27,12,581708,23902,94810,13146,0.22140501685872022,0.3548369682573958
7911,0.7922,15,21,15,581729,23881,94825,13131,0.22121049316388158,0.3547768291364963
7912,0.7923,15,43,15,581772,23838,94840,13116,0.22081218274111675,0.35492774801104077
7913,0.7924,22,34,22,581806,23804,94862,13094,0.2204972396161399,0.3548701826657271
7914,0.7925,24,49,24,581855,23755,94886,13070,0.22004335099484976,0.35492192803801764
7915,0.7926,7,23,7,581878,23732,94893,13063,0.219830301233836,0.35502106264438105
7916,0.7927,23,67,23,581945,23665,94916,13040,0.2192096780169699,0.35526495027925353
7917,0.7928,21,38,21,581983,23627,94937,13019,0.21885768275964282,0.355263876002838
7918,0.7929,17,42,17,582025,23585,94954,13002,0.21846863536996555,0.35537212671167356
7919,0.793,14,32,14,582057,23553,94968,12988,0.21817221831116382,0.3554363591582059
7920,0.7931,18,23,18,582080,23530,94986,12970,0.21795916855015007,0.35534246575342465
7921,0.7932,17,24,17,582104,23506,95003,12953,0.21773685575604876,0.35527578924271097
7922,0.7933,13,28,13,582132,23478,95016,12940,0.21747749082959725,0.3553187983963974
7923,0.7934,17,27,17,582159,23451,95033,12923,0.21722738893623328,0.3552812448452191
7924,0.7935,13,24,13,582183,23427,95046,12910,0.217005076142132,0.3552852464430195
7925,0.7936,11,35,11,582218,23392,95057,12899,0.21668086998406758,0.3554324763715522
7926,0.7937,16,42,16,582260,23350,95073,12883,0.2162918225943903,0.3555598487566583
7927,0.7938,24,39,24,582299,23311,95097,12859,0.2159305643039757,0.35551562068012166
7928,0.7939,11,39,11,582338,23272,95108,12848,0.21556930601356109,0.355703211517165
7929,0.794,13,36,13,582374,23236,95121,12835,0.21523583682240913,0.355826009813978
7930,0.7941,9,34,9,582408,23202,95130,12826,0.21492089369743228,0.3560008881980682
7931,0.7942,21,31,21,582439,23171,95151,12805,0.21463373967171812,0.3559317322659551
7932,0.7943,20,37,20,582476,23134,95171,12785,0.21429100744747862,0.35593975333389016
7933,0.7944,15,34,15,582510,23100,95186,12770,0.21397606432250177,0.3560078059659883
7934,0.7945,7,27,7,582537,23073,95193,12763,0.2137259624291378,0.35615023998214085
7935,0.7946,7,19,7,582556,23054,95200,12756,0.21354996480047428,0.3562133482267523
7936,0.7947,14,54,14,582610,23000,95214,12742,0.21304976101374634,0.3564993564993565
7937,0.7948,25,48,25,582658,22952,95239,12717,0.21260513542554374,0.35652807760239985
7938,0.7949,14,17,14,582675,22935,95253,12703,0.21244766386305533,0.35644536730456255
7939,0.795,10,21,10,582696,22914,95263,12693,0.21225314016821667,0.35647485045075405
7940,0.7951,4,23,4,582719,22891,95267,12689,0.21204009040720292,0.3566329398538505
7941,0.7952,10,23,10,582742,22868,95277,12679,0.21182704064618918,0.35668270177511463
7942,0.7953,9,16,9,582758,22852,95286,12670,0.2116788321167883,0.3566803670964473
7943,0.7954,13,26,13,582784,22826,95299,12657,0.2114379932565119,0.35670602823887493
7944,0.7955,11,43,11,582827,22783,95310,12646,0.21103968283374708,0.3569392305738237
7945,0.7956,5,10,5,582837,22773,95315,12641,0.21094705250287155,0.35694922911842775
7946,0.7957,11,27,11,582864,22746,95326,12630,0.21069695060950758,0.35702170963364993
7947,0.7958,8,21,8,582885,22725,95334,12622,0.21050242691466894,0.3570882960364387
7948,0.7959,9,30,9,582915,22695,95343,12613,0.21022453592204232,0.3572278237226691
7949,0.796,10,38,10,582953,22657,95353,12603,0.20987254066471525,0.35743051616562677
7950,0.7961,22,67,22,583020,22590,95375,12581,0.20925191744784913,0.35770947655739105
7951,0.7962,6,19,6,583039,22571,95381,12575,0.2090759198191856,0.35779320548568827
7952,0.7963,7,33,7,583072,22538,95388,12568,0.2087702397272963,0.35800148122828007
7953,0.7964,11,43,11,583115,22495,95399,12557,0.20837192930453147,0.35823918749286776
7954,0.7965,10,32,10,583147,22463,95409,12547,0.20807551224572973,0.3583833190516995
7955,0.7966,14,10,14,583157,22453,95423,12533,0.2079828819148542,0.3582290058880695
7956,0.7967,8,10,8,583167,22443,95431,12525,0.20789025158397867,0.35818462594371997
7957,0.7968,6,51,6,583218,22392,95437,12519,0.20741783689651339,0.3585975766950245
7958,0.7969,9,23,9,583241,22369,95446,12510,0.20720478713549964,0.35866853980905417
7959,0.797,14,25,14,583266,22344,95460,12496,0.20697321130831078,0.3586681974741676
7960,0.7971,15,52,15,583318,22292,95475,12481,0.20649153358775799,0.358927903833434
7961,0.7972,6,20,6,583338,22272,95481,12475,0.2063062729260069,0.3590238006158805
7962,0.7973,15,51,15,583389,22221,95496,12460,0.20583385823854164,0.3592745307228742
7963,0.7974,5,11,5,583400,22210,95501,12455,0.20573196487457854,0.3592961200057695
7964,0.7975,5,27,5,583427,22183,95506,12450,0.20548186298121457,0.3594837293910432
7965,0.7976,14,37,14,583464,22146,95520,12436,0.20513913075697507,0.35960904516800646
7966,0.7977,13,44,13,583508,22102,95533,12423,0.2047315573011227,0.35982621288921074
7967,0.7978,8,20,8,583528,22082,95541,12415,0.2045462966393716,0.3598863669304577
7968,0.7979,19,27,19,583555,22055,95560,12396,0.20429619474600763,0.35981538997416623
7969,0.798,5,18,5,583573,22037,95565,12391,0.20412946015043165,0.35991053793423955
7970,0.7981,20,43,20,583616,21994,95585,12371,0.20373114972766682,0.3599883602502546
7971,0.7982,13,27,13,583643,21967,95598,12358,0.20348104783430288,0.36002913328477787
7972,0.7983,6,5,6,583648,21962,95604,12352,0.20343473266886508,0.35996969167103804
7973,0.7984,15,30,15,583678,21932,95619,12337,0.20315684167623846,0.3600046689427763
7974,0.7985,4,37,4,583715,21895,95623,12333,0.20281410945199896,0.36031903704569357
7975,0.7986,9,28,9,583743,21867,95632,12324,0.20255474452554745,0.3604457313328069
7976,0.7987,7,17,7,583760,21850,95639,12317,0.202397272963059,0.36049404396054674
7977,0.7988,15,45,15,583805,21805,95654,12302,0.2019804364741191,0.36068842173160937
7978,0.7989,27,36,27,583841,21769,95681,12275,0.20164696728296713,0.36056280108095407
7979,0.799,13,53,13,583894,21716,95694,12262,0.20115602652932676,0.3608805697804462
7980,0.7991,7,29,7,583923,21687,95701,12255,0.20088739856978768,0.36105709740144953
7981,0.7992,4,23,4,583946,21664,95705,12251,0.20067434880877394,0.3612265959015185
7982,0.7993,16,25,16,583971,21639,95721,12235,0.20044277298158508,0.36119147428706383
7983,0.7994,15,25,15,583996,21614,95736,12220,0.20021119715439623,0.3611751492581427
7984,0.7995,6,19,6,584015,21595,95742,12214,0.2000351995257327,0.36126475198911534
7985,0.7996,18,30,18,584045,21565,95760,12196,0.19975730853310608,0.3612452237789165
7986,0.7997,12,22,12,584067,21543,95772,12184,0.19955352180517988,0.3612535950425475
7987,0.7998,6,20,6,584087,21523,95778,12178,0.19936826114342882,0.36135426248479274
7988,0.7999,15,25,15,584112,21498,95793,12163,0.19913668531623996,0.3613380469980096
7989,0.8,20,45,20,584157,21453,95813,12143,0.1987198488273,0.361441838314085
7990,0.8001,6,16,6,584173,21437,95819,12137,0.19857164029789914,0.3614999702150474
7991,0.8002,10,28,10,584201,21409,95829,12127,0.19831227537144763,0.36161140267175573
7992,0.8003,9,34,9,584235,21375,95838,12118,0.1979973322464708,0.3618069447347207
7993,0.8004,9,21,9,584256,21354,95847,12109,0.19780280855163215,0.36186235543734874
7994,0.8005,14,27,14,584283,21327,95861,12095,0.19755270665826818,0.3618873795703429
7995,0.8006,4,16,4,584299,21311,95865,12091,0.19740449812886732,0.36198431231662775
7996,0.8007,14,21,14,584320,21290,95879,12077,0.19720997443402868,0.36194443611951926
7997,0.8008,10,19,10,584339,21271,95889,12067,0.19703397680536514,0.36195932569440276
7998,0.8009,6,19,6,584358,21252,95895,12061,0.19685797917670161,0.36205085101912166
7999,0.801,15,26,15,584384,21226,95910,12046,0.19661714031642522,0.362046164943496
8000,0.8011,3,5,3,584389,21221,95913,12043,0.19657082515098745,0.36204304954304956
8001,0.8012,22,46,22,584435,21175,95935,12021,0.19614472562895996,0.3621219424026991
8002,0.8013,33,57,33,584492,21118,95968,11988,0.19561673274296937,0.3621095873859723
8003,0.8014,10,33,10,584525,21085,95978,11978,0.19531105265108006,0.3622780751897892
8004,0.8015,23,64,23,584589,21021,96001,11955,0.1947182185334766,0.36253639010189226
8005,0.8016,6,24,6,584613,20997,96007,11949,0.1944959057393753,0.3626843926425059
8006,0.8017,18,24,18,584637,20973,96025,11931,0.194273592945274,0.362600291757841
8007,0.8018,12,31,12,584668,20942,96037,11919,0.19398643891955983,0.3627095949605916
8008,0.8019,9,19,9,584687,20923,96046,11910,0.19381044129089628,0.3627447994395882
8009,0.802,22,67,22,584754,20856,96068,11888,0.19318981807403016,0.3630588810163694
8010,0.8021,13,33,13,584787,20823,96081,11875,0.19288413798214088,0.36317205945317754
8011,0.8022,14,22,14,584809,20801,96095,11861,0.19268035125421468,0.3631437144081808
8012,0.8023,8,25,8,584834,20776,96103,11853,0.19244877542702582,0.3632658064911582
8013,0.8024,8,16,8,584850,20760,96111,11845,0.19230056689762495,0.3632878392884527
8014,0.8025,14,34,14,584884,20726,96125,11831,0.1919856237726481,0.36339343305587124
8015,0.8026,13,27,13,584911,20699,96138,11818,0.19173552187928417,0.3634406618076698
8016,0.8027,13,21,13,584932,20678,96151,11805,0.1915409981844455,0.36342086629929504
8017,0.8028,9,23,9,584955,20655,96160,11796,0.19132794842343176,0.363501895165018
8018,0.8029,2,8,2,584963,20647,96162,11794,0.19125384415873134,0.36355229493542124
8019,0.803,15,29,15,584992,20618,96177,11779,0.19098521619919226,0.3635830478130691
8020,0.8031,13,28,13,585020,20590,96190,11766,0.19072585127274075,0.3636419829397948
8021,0.8032,12,22,12,585042,20568,96202,11754,0.19052206454481455,0.3636532392797475
8022,0.8033,8,18,8,585060,20550,96210,11746,0.19035532994923857,0.36369829081000743
8023,0.8034,8,24,8,585084,20526,96218,11738,0.19013301715513728,0.3638110587651872
8024,0.8035,6,26,6,585110,20500,96224,11732,0.18989217829486088,0.36398610076942167
8025,0.8036,11,29,11,585139,20471,96235,11721,0.1896235503353218,0.3640966699801193
8026,0.8037,9,23,9,585162,20448,96244,11712,0.18941050057430805,0.3641791044776119
8027,0.8038,3,15,3,585177,20433,96247,11709,0.18927155507799473,0.3642897143923838
8028,0.8039,6,14,6,585191,20419,96253,11703,0.18914187261476897,0.3643297428553639
8029,0.804,12,16,12,585207,20403,96265,11691,0.1889936640853681,0.3642736960179473
8030,0.8041,8,40,8,585247,20363,96273,11683,0.18862314276186595,0.36456968108344256
8031,0.8042,11,21,11,585268,20342,96284,11672,0.18842861906702732,0.3645904916598988
8032,0.8043,15,39,15,585307,20303,96299,11657,0.1880673607766127,0.36473717146433043
8033,0.8044,6,15,6,585322,20288,96305,11651,0.18792841528029938,0.3647891292776856
8034,0.8045,4,12,4,585334,20276,96309,11647,0.18781725888324874,0.36484666228111395
8035,0.8046,9,37,9,585371,20239,96318,11638,0.18747452665900924,0.36509081783103803
8036,0.8047,8,20,8,585391,20219,96326,11630,0.18728926599725815,0.3651606015887469
8037,0.8048,20,56,20,585447,20163,96346,11610,0.1867705361443551,0.36540458880181287
8038,0.8049,7,22,7,585469,20141,96353,11603,0.18656674941642892,0.3655178931451613
8039,0.805,12,27,12,585496,20114,96365,11591,0.18631664752306495,0.3655890238132787
8040,0.8051,10,28,10,585524,20086,96375,11581,0.18605728259661344,0.3657119398743171
8041,0.8052,10,26,10,585550,20060,96385,11571,0.18581644373633702,0.36581201985394074
8042,0.8053,13,24,13,585574,20036,96398,11558,0.18559413094223573,0.36582895486484773
8043,0.8054,13,24,13,585598,20012,96411,11545,0.18537181814813442,0.36584592958773016
8044,0.8055,17,23,17,585621,19989,96428,11528,0.18515876838712067,0.36577085382491986
8045,0.8056,12,20,12,585641,19969,96440,11516,0.1849735077253696,0.36576147371764334
8046,0.8057,24,37,24,585678,19932,96464,11492,0.18463077550113008,0.36570773930753564
8047,0.8058,5,21,5,585699,19911,96469,11487,0.18443625180629145,0.3658513281100707
8048,0.8059,18,32,18,585731,19879,96487,11469,0.1841398347474897,0.3658606609672068
8049,0.806,26,51,26,585782,19828,96513,11443,0.18366742006002446,0.365930094976176
8050,0.8061,12,24,12,585806,19804,96525,11431,0.18344510726592314,0.3659676644789499
8051,0.8062,20,40,20,585846,19764,96545,11411,0.183074585942421,0.3660304731355253
8052,0.8063,11,14,11,585860,19750,96556,11400,0.18294490347919523,0.36597110754414125
8053,0.8064,6,20,6,585880,19730,96562,11394,0.18275964281744414,0.3660840508932014
8054,0.8065,5,34,5,585914,19696,96567,11389,0.1824446996924673,0.3663824995978768
8055,0.8066,20,52,20,585966,19644,96587,11369,0.1819630219719145,0.36658820494631283
8056,0.8067,22,24,22,585990,19620,96609,11347,0.18174070917781318,0.3664223205347628
8057,0.8068,5,17,5,586007,19603,96614,11342,0.18158323761532477,0.3665212473743739
8058,0.8069,15,29,15,586036,19574,96629,11327,0.1813146096557857,0.36655771657875147
8059,0.807,5,42,5,586078,19532,96634,11322,0.18092556226610843,0.3669540416153497
8060,0.8071,11,16,11,586094,19516,96645,11311,0.18077735373670756,0.3669186103091446
8061,0.8072,22,36,22,586130,19480,96667,11289,0.1804438845455556,0.36689525171438786
8062,0.8073,3,26,3,586156,19454,96670,11286,0.1802030456852792,0.36714378659726743
8063,0.8074,14,35,14,586191,19419,96684,11272,0.17987883952721478,0.36727379362027956
8064,0.8075,20,34,20,586225,19385,96704,11252,0.17956389640223794,0.3672683356725528
8065,0.8076,13,33,13,586258,19352,96717,11239,0.17925821631034866,0.36739563924029944
8066,0.8077,18,19,18,586277,19333,96735,11221,0.17908221868168514,0.36725142370884334
8067,0.8078,11,14,11,586291,19319,96746,11210,0.17895253621845938,0.36719185037177765
8068,0.8079,4,20,4,586311,19299,96750,11206,0.1787672755567083,0.3673496148172431
8069,0.808,18,22,18,586333,19277,96768,11188,0.1785634888287821,0.36724109634006236
8070,0.8081,12,21,12,586354,19256,96780,11176,0.17836896513394346,0.36724500525762355
8071,0.8082,7,39,7,586393,19217,96787,11169,0.17800770684352885,0.367570591719871
8072,0.8083,10,34,10,586427,19183,96797,11159,0.177692763718552,0.3677740425812405
8073,0.8084,6,31,6,586458,19152,96803,11153,0.17740560969283783,0.36802507836990594
8074,0.8085,11,25,11,586483,19127,96814,11142,0.17717403386564898,0.36809937559879746
8075,0.8086,13,20,13,586503,19107,96827,11129,0.1769887732038979,0.3680711734356396
8076,0.8087,8,24,8,586527,19083,96835,11121,0.17676646040979657,0.36819626539531186
8077,0.8088,13,29,13,586556,19054,96848,11108,0.17649783245025752,0.3682779656521451
8078,0.8089,20,44,20,586600,19010,96868,11088,0.17609025899440514,0.36839657120074426
8079,0.809,8,26,8,586626,18984,96876,11080,0.17584942013412871,0.3685470995210218
8080,0.8091,6,19,6,586645,18965,96882,11074,0.1756734225054652,0.3686540830254003
8081,0.8092,10,42,10,586687,18923,96892,11064,0.17528437511578793,0.3689598826158002
8082,0.8093,24,48,24,586735,18875,96916,11040,0.17483974952758533,0.3690456292829684
8083,0.8094,13,30,13,586765,18845,96929,11027,0.17456185853495867,0.36914167113015534
8084,0.8095,23,32,23,586797,18813,96952,11004,0.17426544147615694,0.3690512123956132
8085,0.8096,7,11,7,586808,18802,96959,10997,0.17416354811219387,0.36903922950434576
8086,0.8097,7,17,7,586825,18785,96966,10990,0.17400607654970543,0.36910159529806885
8087,0.8098,14,30,14,586855,18755,96980,10976,0.1737281855570788,0.36917695334835693
8088,0.8099,10,19,10,586874,18736,96990,10966,0.17355218792841529,0.36920072722375596
8089,0.81,7,31,7,586905,18705,96997,10959,0.1732650339027011,0.36943770226537215
8090,0.8101,2,11,2,586916,18694,96999,10957,0.173163140538738,0.3695322248828033
8091,0.8102,10,30,10,586946,18664,97009,10947,0.17288524954611137,0.3696936949106751
8092,0.8103,13,23,13,586969,18641,97022,10934,0.17267219978509762,0.3697041420118343
8093,0.8104,6,15,6,586984,18626,97028,10928,0.17253325428878433,0.3697638221560533
8094,0.8105,9,13,9,586997,18613,97037,10919,0.1724128348586461,0.36973452526073414
8095,0.8106,5,16,5,587013,18597,97042,10914,0.17226462632924525,0.36982819965436614
8096,0.8107,8,22,8,587035,18575,97050,10906,0.17206083960131904,0.3699331773006343
8097,0.8108,20,36,20,587071,18539,97070,10886,0.1717273704101671,0.3699575191163976
8098,0.8109,6,9,6,587080,18530,97076,10880,0.17164400311237912,0.3699421965317919
8099,0.811,12,16,12,587096,18514,97088,10868,0.17149579458297826,0.3698863249608604
8100,0.8111,8,13,8,587109,18501,97096,10860,0.17137537515284004,0.36987841013589456
8101,0.8112,10,47,10,587156,18454,97106,10850,0.170940012597725,0.37025662025662026
8102,0.8113,8,20,8,587176,18434,97114,10842,0.17075475193597392,0.3703374777975133
8103,0.8114,21,51,21,587227,18383,97135,10821,0.17028233724850866,0.3705314340501301
8104,0.8115,12,35,12,587262,18348,97147,10809,0.16995813109044425,0.3707171519703673
8105,0.8116,9,16,9,587278,18332,97156,10800,0.16980992256104338,0.3707263490319923
8106,0.8117,10,25,10,587303,18307,97166,10790,0.16957834673385452,0.3708286077602502
8107,0.8118,11,33,11,587336,18274,97177,10779,0.16927266664196525,0.37101159949058615
8108,0.8119,4,6,4,587342,18268,97181,10775,0.1692170884434399,0.37100161829012157
8109,0.812,13,24,13,587366,18244,97194,10762,0.16899477564933862,0.37102668413431705
8110,0.8121,9,16,9,587382,18228,97203,10753,0.16884656711993776,0.371036196128498
8111,0.8122,12,42,12,587424,18186,97215,10741,0.16845751973026046,0.37131399730355724
8112,0.8123,14,34,14,587458,18152,97229,10727,0.16814257660528364,0.37144637972228955
8113,0.8124,7,18,7,587476,18134,97236,10720,0.16797584200970767,0.3715256117002842
8114,0.8125,6,18,6,587494,18116,97242,10714,0.1678091074141317,0.37162677766215746
8115,0.8126,4,18,4,587512,18098,97246,10710,0.1676423728185557,0.37177173007497916
8116,0.8127,9,22,9,587534,18076,97255,10701,0.1674385860906295,0.3718594711053967
8117,0.8128,11,17,11,587551,18059,97266,10690,0.1672811145281411,0.37183902048766915
8118,0.8129,8,31,8,587582,18028,97274,10682,0.1669939605024269,0.37206548241031
8119,0.813,14,37,14,587619,17991,97288,10668,0.1666512282781874,0.3722390871977389
8120,0.8131,8,20,8,587639,17971,97296,10660,0.16646596761643634,0.3723237050749188
8121,0.8132,13,25,13,587664,17946,97309,10647,0.16623439178924748,0.3723638652817123
8122,0.8133,8,18,8,587682,17928,97317,10639,0.1660676571936715,0.372422725522456
8123,0.8134,6,19,6,587701,17909,97323,10633,0.16589165956500795,0.3725387148763226
8124,0.8135,10,23,10,587724,17886,97333,10623,0.1656786098039942,0.3726191728927707
8125,0.8136,20,25,20,587749,17861,97353,10603,0.16544703397680535,0.37250562113546937
8126,0.8137,4,9,4,587758,17852,97357,10599,0.1653636666790174,0.3725352360198236
8127,0.8138,9,24,9,587782,17828,97366,10590,0.16514135388491608,0.37265113660356114
8128,0.8139,7,15,7,587797,17813,97373,10583,0.16500240838860275,0.37269333708973096
8129,0.814,8,17,8,587814,17796,97381,10575,0.16484493682611434,0.3727397694829227
8130,0.8141,9,20,9,587834,17776,97390,10566,0.16465967616436325,0.3728036130124903
8131,0.8142,16,46,16,587880,17730,97406,10550,0.16423357664233576,0.37305516265912303
8132,0.8143,8,28,8,587908,17702,97414,10542,0.16397421171588425,0.37324741538025774
8133,0.8144,17,22,17,587930,17680,97431,10525,0.16377042498795805,0.3731607870944868
8134,0.8145,5,20,5,587950,17660,97436,10520,0.16358516432620698,0.37331440738112137
8135,0.8146,11,33,11,587983,17627,97447,10509,0.16327948423431768,0.37350725049758315
8136,0.8147,18,19,18,588002,17608,97465,10491,0.16310348660565416,0.3733584825082743
8137,0.8148,18,36,18,588038,17572,97483,10473,0.1627700174145022,0.37343555000891426
8138,0.8149,7,26,7,588064,17546,97490,10466,0.1625291785542258,0.3736255890332715
8139,0.815,12,30,12,588094,17516,97502,10454,0.16225128756159918,0.3737575974258134
8140,0.8151,12,34,12,588128,17482,97514,10442,0.16193634443662233,0.3739435610943991
8141,0.8152,7,10,7,588138,17472,97521,10435,0.16184371410574677,0.3739205217328986
8142,0.8153,10,31,10,588169,17441,97531,10425,0.1615565600800326,0.3741118208569583
8143,0.8154,3,20,3,588189,17421,97534,10422,0.16137129941828152,0.3743131128111195
8144,0.8155,13,40,13,588229,17381,97547,10409,0.16100077809477936,0.37455919395466
8145,0.8156,12,30,12,588259,17351,97559,10397,0.16072288710215274,0.37469367161597233
8146,0.8157,4,14,4,588273,17337,97563,10393,0.16059320463892698,0.3747926433465561
8147,0.8158,10,30,10,588303,17307,97573,10383,0.16031531364630033,0.3749729144095341
8148,0.8159,9,27,9,588330,17280,97582,10374,0.1600652117529364,0.3751356042525494
8149,0.816,9,16,9,588346,17264,97591,10365,0.15991700322353553,0.37514929964891963
8150,0.8161,9,19,9,588365,17245,97600,10356,0.15974100559487198,0.3752037969638781
8151,0.8162,10,26,10,588391,17219,97610,10346,0.15950016673459558,0.3753310357337203
8152,0.8163,8,18,8,588409,17201,97618,10338,0.1593334321390196,0.37539489451323577
8153,0.8164,9,19,9,588428,17182,97627,10329,0.15915743451035608,0.3754498200719712
8154,0.8165,10,28,10,588456,17154,97637,10319,0.15889806958390457,0.375605139591599
8155,0.8166,10,13,10,588469,17141,97647,10309,0.15877765015376635,0.37555555555555553
8156,0.8167,3,16,3,588485,17125,97650,10306,0.15862944162436549,0.3757063176697897
8157,0.8168,5,12,5,588497,17113,97655,10301,0.15851828522731484,0.37575691252644633
8158,0.8169,8,22,8,588519,17091,97663,10293,0.15831449849938864,0.3758764241893076
8159,0.817,11,19,11,588538,17072,97674,10282,0.15813850087072512,0.375886524822695
8160,0.8171,12,28,12,588566,17044,97686,10270,0.15787913594427358,0.37599765687925607
8161,0.8172,17,16,17,588582,17028,97703,10253,0.1577309274148727,0.3758293317693633
8162,0.8173,24,44,24,588626,16984,97727,10229,0.15732335395902033,0.375886524822695
8163,0.8174,11,21,11,588647,16963,97738,10218,0.1571288302641817,0.3759243589271918
8164,0.8175,10,20,10,588667,16943,97748,10208,0.1569435696024306,0.3759714191005856
8165,0.8176,9,21,9,588688,16922,97757,10199,0.15674904590759198,0.376055455182331
8166,0.8177,6,13,6,588701,16909,97763,10193,0.15662862647745376,0.37609770496642314
8167,0.8178,13,19,13,588720,16890,97776,10180,0.15645262884879024,0.37606206132249725
8168,0.8179,14,24,14,588744,16866,97790,10166,0.15623031605468896,0.3760728026043208
8169,0.818,3,17,3,588761,16849,97793,10163,0.15607284449220052,0.37624018954538724
8170,0.8181,16,31,16,588792,16818,97809,10147,0.15578569046648635,0.37630261450027813
8171,0.8182,12,15,12,588807,16803,97821,10135,0.15564674497017303,0.37623431583636496
8172,0.8183,14,33,14,588840,16770,97835,10121,0.15534106487828375,0.3763712766353055
8173,0.8184,4,21,4,588861,16749,97839,10117,0.15514654118344512,0.37657261966798183
8174,0.8185,21,36,21,588897,16713,97860,10096,0.15481307199229316,0.3765899511358126
8175,0.8186,5,12,5,588909,16701,97865,10091,0.15470191559524252,0.37664228127799343
8176,0.8187,16,23,16,588932,16678,97881,10075,0.15448886583422877,0.3765932792584009
8177,0.8188,8,33,8,588965,16645,97889,10067,0.15418318574233947,0.37687181790955376
8178,0.8189,8,19,8,588984,16626,97897,10059,0.15400718811367595,0.37695334457560425
8179,0.819,13,30,13,589014,16596,97910,10046,0.15372929712104932,0.37707379325876433
8180,0.8191,8,19,8,589033,16577,97918,10038,0.15355329949238578,0.3771557392447868
8181,0.8192,11,14,11,589047,16563,97929,10027,0.15342361702916002,0.37709665287702143
8182,0.8193,8,22,8,589069,16541,97937,10019,0.15321983030123384,0.37722138554216866
8183,0.8194,12,18,12,589087,16523,97949,10007,0.15305309570565787,0.37719562759140596
8184,0.8195,22,27,22,589114,16496,97971,9985,0.1528029938122939,0.3770627997432121
8185,0.8196,13,20,13,589134,16476,97984,9972,0.1526177331505428,0.37704174228675136
8186,0.8197,17,36,17,589170,16440,98001,9955,0.15228426395939088,0.37715476415987875
8187,0.8198,12,44,12,589214,16396,98013,9943,0.15187669050353847,0.3775010440791222
8188,0.8199,7,26,7,589240,16370,98020,9936,0.15163585164326207,0.3777085075648141
8189,0.82,14,13,14,589253,16357,98034,9922,0.15151543221312386,0.3775638342402679
8190,0.8201,6,19,6,589272,16338,98040,9916,0.15133943458446034,0.37769482745486405
8191,0.8202,13,23,13,589295,16315,98053,9903,0.1511263848234466,0.37771759859638415
8192,0.8203,15,33,15,589328,16282,98068,9888,0.15082070473155731,0.37783721818876576
8193,0.8204,6,16,6,589344,16266,98074,9882,0.15067249620215645,0.3779256539697109
8194,0.8205,8,25,8,589369,16241,98082,9874,0.1504409203749676,0.378096879188206
8195,0.8206,14,27,14,589396,16214,98096,9860,0.15019081848160362,0.3781544833934187
8196,0.8207,14,22,14,589418,16192,98110,9846,0.14998703175367742,0.3781396420616023
8197,0.8208,14,45,14,589463,16147,98124,9832,0.1495701952647375,0.3784595250009623
8198,0.8209,9,16,9,589479,16131,98133,9823,0.14942198673533663,0.3784773060029283
8199,0.821,4,15,4,589494,16116,98137,9819,0.1492830412390233,0.37860034702139966
8200,0.8211,9,22,9,589516,16094,98146,9810,0.1490792545110971,0.37870599135268684
8201,0.8212,7,13,7,589529,16081,98153,9803,0.14895883508095892,0.37872817184360996
8202,0.8213,2,6,2,589535,16075,98155,9801,0.14890325688243358,0.37876797031998766
8203,0.8214,8,25,8,589560,16050,98163,9793,0.14867168105524473,0.3789420732887049
8204,0.8215,11,30,11,589590,16020,98174,9782,0.1483937900626181,0.3791178978373769
8205,0.8216,13,17,13,589607,16003,98187,9769,0.1482363185001297,0.3790547881421698
8206,0.8217,19,24,19,589631,15979,98206,9750,0.14801400570602838,0.3789498231567492
8207,0.8218,8,19,8,589650,15960,98214,9742,0.14783800807736486,0.3790366508442923
8208,0.8219,10,12,10,589662,15948,98224,9732,0.14772685168031421,0.3789719626168224
8209,0.822,8,20,8,589682,15928,98232,9724,0.14754159101856312,0.379073756432247
8210,0.8221,6,19,6,589701,15909,98238,9718,0.1473655933898996,0.3792094275568736
8211,0.8222,2,14,2,589715,15895,98240,9716,0.14723591092667382,0.37936824020928506
8212,0.8223,6,14,6,589729,15881,98246,9710,0.14710622846344806,0.37943026845375327
8213,0.8224,13,17,13,589746,15864,98259,9697,0.14694875690095965,0.3793670044207973
8214,0.8225,13,37,13,589783,15827,98272,9684,0.14660602467672015,0.37960095645015873
8215,0.8226,11,17,11,589800,15810,98283,9673,0.14644855311423172,0.37958639092728486
8216,0.8227,10,25,10,589825,15785,98293,9663,0.14621697728704286,0.37971549827098394
8217,0.8228,9,23,9,589848,15762,98302,9654,0.14600392752602911,0.37983947119924455
8218,0.8229,4,17,4,589865,15745,98306,9650,0.1458464559635407,0.37999606221697185
8219,0.823,13,26,13,589891,15719,98319,9637,0.1456056171032643,0.3800678340432245
8220,0.8231,11,15,11,589906,15704,98330,9626,0.14546667160695098,0.3800236873272799
8221,0.8232,11,29,11,589935,15675,98341,9615,0.1451980436474119,0.38018979833926453
8222,0.8233,6,18,6,589953,15657,98347,9609,0.14503130905183592,0.38031346473521727
8223,0.8234,13,24,13,589977,15633,98360,9596,0.14480899625773463,0.38035593959332514
8224,0.8235,14,21,14,589998,15612,98374,9582,0.144614472562896,0.3803286496784949
8225,0.8236,10,25,10,590023,15587,98384,9572,0.14438289673570714,0.3804602726658452
8226,0.8237,4,25,4,590048,15562,98388,9568,0.1441513209085183,0.3807401512136888
8227,0.8238,8,6,8,590054,15556,98396,9560,0.14409574270999295,0.38063385889472845
8228,0.8239,9,21,9,590075,15535,98405,9551,0.14390121901515432,0.38073028780993384
8229,0.824,8,27,8,590102,15508,98413,9543,0.14365111712179035,0.380942876531875
8230,0.8241,18,30,18,590132,15478,98431,9525,0.14337322612916373,0.38095428548574173
8231,0.8242,11,27,11,590159,15451,98442,9514,0.14312312423579976,0.38109353094332066
8232,0.8243,7,19,7,590178,15432,98449,9507,0.14294712660713624,0.38121015277276554
8233,0.8244,11,14,11,590192,15418,98460,9496,0.14281744414391048,0.38115115999036686
8234,0.8245,14,28,14,590220,15390,98474,9482,0.14255807921745897,0.38123190736571244
8235,0.8246,5,10,5,590230,15380,98479,9477,0.1424654488865834,0.3812608118437462
8236,0.8247,8,34,8,590264,15346,98487,9469,0.1421505057616066,0.38158371952448117
8237,0.8248,8,15,8,590279,15331,98495,9461,0.14201156026529327,0.3816150371087448
8238,0.8249,13,28,13,590307,15303,98508,9448,0.14175219533884176,0.3817219506282574
8239,0.825,1,16,1,590323,15287,98509,9447,0.1416039868094409,0.38194388291420717
8240,0.8251,13,23,13,590346,15264,98522,9434,0.14139093704842715,0.38197424892703863
8241,0.8252,4,20,4,590366,15244,98526,9430,0.14120567638667605,0.3821836751236119
8242,0.8253,12,27,12,590393,15217,98538,9418,0.14095557449331209,0.3823016034097828
8243,0.8254,8,23,8,590416,15194,98546,9410,0.14074252473229834,0.3824581368883108
8244,0.8255,11,16,11,590432,15178,98557,9399,0.14059431620289747,0.3824307279163445
8245,0.8256,13,36,13,590468,15142,98570,9386,0.14026084701174552,0.3826647097195042
8246,0.8257,7,17,7,590485,15125,98577,9379,0.1401033754492571,0.3827538361083905
8247,0.8258,8,25,8,590510,15100,98585,9371,0.13987179962206825,0.38294307547709533
8248,0.8259,5,23,5,590533,15077,98590,9366,0.1396587498610545,0.3831771877429121
8249,0.826,12,19,12,590552,15058,98602,9354,0.13948275223239098,0.3831722103883336
8250,0.8261,12,34,12,590586,15024,98614,9342,0.13916780910741414,0.38340310268406796
8251,0.8262,9,19,9,590605,15005,98623,9333,0.13899181147875062,0.38347440216944695
8252,0.8263,7,17,7,590622,14988,98630,9326,0.13883433991626218,0.38356502426585504
8253,0.8264,4,26,4,590648,14962,98634,9322,0.13859350105598578,0.38387415582276396
8254,0.8265,17,26,17,590674,14936,98651,9305,0.13835266219570935,0.38385380141083286
8255,0.8266,4,14,4,590688,14922,98655,9301,0.1382229797324836,0.3839739090946621
8256,0.8267,6,15,6,590703,14907,98661,9295,0.1380840342361703,0.3840591686637468
8257,0.8268,19,51,19,590754,14856,98680,9276,0.13761161954870502,0.3843858776727996
8258,0.8269,9,22,9,590776,14834,98689,9267,0.13740783282077884,0.38450686693498193
8259,0.827,3,10,3,590786,14824,98692,9264,0.13731520248990328,0.38458983726336765
8260,0.8271,14,31,14,590817,14793,98706,9250,0.13702804846418912,0.3847273634737762
8261,0.8272,9,20,9,590837,14773,98715,9241,0.13684278780243803,0.384817189972516
8262,0.8273,27,52,27,590889,14721,98742,9214,0.1363611100818852,0.3849592646751619
8263,0.8274,8,31,8,590920,14690,98750,9206,0.13607395605617104,0.3852527619685303
8264,0.8275,13,19,13,590939,14671,98763,9193,0.13589795842750751,0.3852246061012404
8265,0.8276,3,17,3,590956,14654,98766,9190,0.13574048686501908,0.38542190907565843
8266,0.8277,7,17,7,590973,14637,98773,9183,0.13558301530253067,0.3855163727959698
8267,0.8278,11,17,11,590990,14620,98784,9172,0.13542554374004223,0.3855077336919973
8268,0.8279,19,32,19,591022,14588,98803,9153,0.1351291266812405,0.3855355713744156
8269,0.828,10,30,10,591052,14558,98813,9143,0.13485123568861387,0.3857643137420362
8270,0.8281,2,7,2,591059,14551,98815,9141,0.134786394457001,0.3858264393044066
8271,0.8282,3,9,3,591068,14542,98818,9138,0.134703027159213,0.38589527027027026
8272,0.8283,5,16,5,591084,14526,98823,9133,0.13455481862981214,0.38602645927553997
8273,0.8284,13,37,13,591121,14489,98836,9120,0.13421208640557264,0.386293362700665
8274,0.8285,9,29,9,591150,14460,98845,9111,0.13394345844603356,0.3865343006236477
8275,0.8286,17,29,17,591179,14431,98862,9094,0.1336748304864945,0.38656748140276304
8276,0.8287,13,27,13,591206,14404,98875,9081,0.13342472859313054,0.3866723440493932
8277,0.8288,4,21,4,591227,14383,98879,9077,0.1332302048982919,0.3869138959931799
8278,0.8289,10,22,10,591249,14361,98889,9067,0.1330264181703657,0.3870155369643162
8279,0.829,14,27,14,591276,14334,98903,9053,0.13277631627700173,0.38709539487749606
8280,0.8291,13,7,13,591283,14327,98916,9040,0.13271147504538885,0.3868703727478923
8281,0.8292,10,31,10,591314,14296,98926,9030,0.1324243210196747,0.3871216668095687
8282,0.8293,8,26,8,591340,14270,98934,9022,0.13218348215939826,0.38734329383479305
8283,0.8294,4,8,4,591348,14262,98938,9018,0.13210937789469784,0.38737113402061857
8284,0.8295,8,35,8,591383,14227,98946,9010,0.13178517173663346,0.38774368464087444
8285,0.8296,14,36,14,591419,14191,98960,8996,0.1314517025454815,0.38797602104627593
8286,0.8297,4,9,4,591428,14182,98964,8992,0.1313683352476935,0.38802105808233367
8287,0.8298,5,20,5,591448,14162,98969,8987,0.13118307458594242,0.38822411335262863
8288,0.8299,17,24,17,591472,14138,98986,8970,0.13096076179184113,0.388177254630431
8289,0.83,16,10,16,591482,14128,99002,8954,0.13086813146096557,0.3879213239753921
8290,0.8301,14,26,14,591508,14102,99016,8940,0.13062729260068917,0.38798715389289123
8291,0.8302,6,6,6,591514,14096,99022,8934,0.13057171440216384,0.38792878853669127
8292,0.8303,10,28,10,591542,14068,99032,8924,0.13031234947571232,0.3881350034794711
8293,0.8304,7,35,7,591577,14033,99039,8917,0.12998814331764794,0.38854030501089326
8294,0.8305,8,21,8,591598,14012,99047,8909,0.1297936196228093,0.38868286723964923
8295,0.8306,5,9,5,591607,14003,99052,8904,0.1297102523250213,0.3887021434496006
8296,0.8307,13,18,13,591625,13985,99065,8891,0.12954351772944533,0.3886606050008743
8297,0.8308,9,15,9,591640,13970,99074,8882,0.129404572233132,0.38867495186416945
8298,0.8309,6,12,6,591652,13958,99080,8876,0.12929341583608137,0.3887185775597793
8299,0.831,13,21,13,591673,13937,99093,8863,0.12909889214124273,0.3887280701754386
8300,0.8311,9,14,9,591687,13923,99102,8854,0.12896920967801698,0.3887254686745401
8301,0.8312,3,15,3,591702,13908,99105,8851,0.12883026418170365,0.38890109407267454
8302,0.8313,13,15,13,591717,13893,99118,8838,0.12869131868539035,0.3888082354493863
8303,0.8314,6,12,6,591729,13881,99124,8832,0.12858016228833968,0.3888521991810857
8304,0.8315,6,6,6,591735,13875,99130,8826,0.12852458408981438,0.3887934452226774
8305,0.8316,16,28,16,591763,13847,99146,8810,0.12826521916336286,0.3888423003928146
8306,0.8317,8,15,8,591778,13832,99154,8802,0.12812627366704954,0.388883979853318
8307,0.8318,11,21,11,591799,13811,99165,8791,0.1279317499722109,0.3889478807185205
8308,0.8319,14,20,14,591819,13791,99179,8777,0.12774648931045982,0.3889135058489897
8309,0.832,12,27,12,591846,13764,99191,8765,0.12749638741709585,0.38905410803852813
8310,0.8321,21,27,21,591873,13737,99212,8744,0.12724628552373188,0.38895066945420576
8311,0.8322,10,21,10,591894,13716,99222,8734,0.12705176182889324,0.3890423162583519
8312,0.8323,6,17,6,591911,13699,99228,8728,0.12689429026640484,0.3891737637668881
8313,0.8324,6,17,6,591928,13682,99234,8722,0.1267368187039164,0.3893054811640778
8314,0.8325,11,13,11,591941,13669,99245,8711,0.1266163992737782,0.3892314566577301
8315,0.8326,3,10,3,591951,13659,99248,8708,0.12652376894290265,0.38932355702597576
8316,0.8327,7,18,7,591969,13641,99255,8701,0.1263570343473267,0.3894458866708442
8317,0.8328,7,13,7,591982,13628,99262,8694,0.1262366149171885,0.3894812292805304
8318,0.8329,10,18,10,592000,13610,99272,8684,0.1260698803216125,0.38952184444245086
8319,0.833,14,25,14,592025,13585,99286,8670,0.12583830449442365,0.3895753763199281
8320,0.8331,21,36,21,592061,13549,99307,8649,0.1255048353032717,0.38962969636904227
8321,0.8332,6,15,6,592076,13534,99313,8643,0.1253658898069584,0.38972809667673713
8322,0.8333,14,19,14,592095,13515,99327,8629,0.12518989217829485,0.389676661849711
8323,0.8334,11,20,11,592115,13495,99338,8618,0.12500463151654378,0.38972550083661195
8324,0.8335,17,23,17,592138,13472,99355,8601,0.12479158175553003,0.38966157749286456
8325,0.8336,9,28,9,592166,13444,99364,8592,0.12453221682907852,0.38990742421492103
8326,0.8337,6,13,6,592179,13431,99370,8586,0.12441179739894032,0.38997138574737705
8327,0.8338,8,21,8,592200,13410,99378,8578,0.12421727370410167,0.3901218846643624
8328,0.8339,6,15,6,592215,13395,99384,8572,0.12407832820778836,0.39022169618063457
8329,0.834,8,25,8,592240,13370,99392,8564,0.1238467523805995,0.3904440594510805
8330,0.8341,21,21,21,592261,13349,99413,8543,0.12365222868576087,0.3902338753882697
8331,0.8342,4,3,4,592264,13346,99417,8539,0.1236244395864982,0.3901759195796207
8332,0.8343,19,31,19,592295,13315,99436,8520,0.12333728556078402,0.39019922143347835
8333,0.8344,12,21,12,592316,13294,99448,8508,0.12314276186594539,0.39023942757545177
8334,0.8345,13,24,13,592340,13270,99461,8495,0.12292044907184409,0.3903055364116701
8335,0.8346,7,18,7,592358,13252,99468,8488,0.12275371447626811,0.3904323827046918
8336,0.8347,6,14,6,592372,13238,99474,8482,0.12262403201304235,0.39051565377532227
8337,0.8348,14,25,14,592397,13213,99488,8468,0.1223924561858535,0.39057239057239057
8338,0.8349,4,6,4,592403,13207,99492,8464,0.12233687798732817,0.3905680402381062
8339,0.835,9,17,9,592420,13190,99501,8455,0.12217940642483975,0.3906213906213906
8340,0.8351,19,43,19,592463,13147,99520,8436,0.12178109600207492,0.3908631793541213
8341,0.8352,12,30,12,592493,13117,99532,8424,0.12150320500944829,0.3910681955340978
8342,0.8353,7,26,7,592519,13091,99539,8417,0.12126236614917188,0.3913427561837456
8343,0.8354,11,12,11,592531,13079,99550,8406,0.12115120975212124,0.3912497090993717
8344,0.8355,14,28,14,592559,13051,99564,8392,0.12089184482566971,0.3913631488131325
8345,0.8356,6,16,6,592575,13035,99570,8386,0.12074363629626884,0.39148499136361514
8346,0.8357,15,30,15,592605,13005,99585,8371,0.12046574530364222,0.39160741017964074
8347,0.8358,9,21,9,592626,12984,99594,8362,0.12027122160880359,0.3917361566569849
8348,0.8359,7,16,7,592642,12968,99601,8355,0.12012301307940272,0.3918304178586503
8349,0.836,9,18,9,592660,12950,99610,8346,0.11995627848382674,0.3919045830202855
8350,0.8361,14,32,14,592692,12918,99624,8332,0.11965986142502501,0.3920941176470588
8351,0.8362,8,7,8,592699,12911,99632,8324,0.11959502019341213,0.39199434895220153
8352,0.8363,5,8,5,592707,12903,99637,8319,0.1195209159287117,0.3919988690981057
8353,0.8364,21,34,21,592741,12869,99658,8298,0.11920597280373485,0.39202532243586713
8354,0.8365,13,29,13,592770,12840,99671,8285,0.11893734484419578,0.39218934911242603
8355,0.8366,12,19,12,592789,12821,99683,8273,0.11876134721553225,0.39219683322271737
8356,0.8367,10,18,10,592807,12803,99693,8263,0.11859461261995628,0.39224342542485524
8357,0.8368,10,23,10,592830,12780,99703,8253,0.11838156285894254,0.3923833975181857
8358,0.8369,5,6,5,592836,12774,99708,8248,0.1183259846604172,0.39235087051660167
8359,0.837,4,17,4,592853,12757,99712,8244,0.11816851309792878,0.3925527355840198
8360,0.8371,5,18,5,592871,12739,99717,8239,0.11800177850235281,0.392744780245972
8361,0.8372,12,12,12,592883,12727,99729,8227,0.11789062210530216,0.39262193375966403
8362,0.8373,6,17,6,592900,12710,99735,8221,0.11773315054281373,0.39276670966509003
8363,0.8374,9,37,9,592937,12673,99744,8212,0.11739041831857423,0.3932008618625808
8364,0.8375,8,18,8,592955,12655,99752,8204,0.11722368372299825,0.39330744522747974
8365,0.8376,7,14,7,592969,12641,99759,8197,0.1170940012597725,0.393367885593627
8366,0.8377,4,12,4,592981,12629,99763,8193,0.11698284486272185,0.3934780520603208
8367,0.8378,13,20,13,593001,12609,99776,8180,0.11679758420097076,0.39347731973639904
8368,0.8379,8,12,8,593013,12597,99784,8172,0.11668642780392012,0.3934710385670952
8369,0.838,10,29,10,593042,12568,99794,8162,0.11641779984438104,0.39372889532079114
8370,0.8381,8,18,8,593060,12550,99802,8154,0.11625106524880507,0.3938369397217929
8371,0.8382,15,38,15,593098,12512,99817,8139,0.115899069991478,0.3941213500556874
8372,0.8383,18,26,18,593124,12486,99835,8121,0.1156582311312016,0.3940893871014704
8373,0.8384,12,11,12,593135,12475,99847,8109,0.1155563377672385,0.3939467547609794
8374,0.8385,10,21,10,593156,12454,99857,8099,0.11536181407239987,0.39405439595192915
8375,0.8386,9,17,9,593173,12437,99866,8090,0.11520434250991145,0.39411506795927315
8376,0.8387,9,6,9,593179,12431,99875,8081,0.11514876431138613,0.3939645085803432
8377,0.8388,10,14,10,593193,12417,99885,8071,0.11501908184816036,0.3939379148770012
8378,0.8389,10,11,10,593204,12406,99895,8061,0.11491718848419727,0.3938535203009723
8379,0.839,5,10,5,593214,12396,99900,8056,0.11482455815332172,0.3938979072951301
8380,0.8391,10,29,10,593243,12367,99910,8046,0.11455593019378266,0.39416058394160586
8381,0.8392,14,28,14,593271,12339,99924,8032,0.11429656526733113,0.3942859947965245
8382,0.8393,6,23,6,593294,12316,99930,8026,0.11408351550631739,0.39455314128404284
8383,0.8394,6,17,6,593311,12299,99936,8020,0.11392604394382896,0.39470446380235247
8384,0.8395,4,11,4,593322,12288,99940,8016,0.11382415057986588,0.3947990543735225
8385,0.8396,4,17,4,593339,12271,99944,8012,0.11366667901737745,0.3950106000098605
8386,0.8397,12,37,12,593376,12234,99956,8000,0.11332394679313794,0.3953741227636651
8387,0.8398,16,14,16,593390,12220,99972,7984,0.11319426432991218,0.3951692734112057
8388,0.8399,9,15,9,593405,12205,99981,7975,0.11305531883359887,0.395193260654113
8389,0.84,16,30,16,593435,12175,99997,7959,0.11277742784097225,0.39530148008344096
8390,0.8401,13,21,13,593456,12154,100010,7946,0.11258290414613362,0.3953233830845771
8391,0.8402,10,18,10,593474,12136,100020,7936,0.11241616955055764,0.3953766440813073
8392,0.8403,9,17,9,593491,12119,100029,7927,0.11225869798806921,0.3954404868801756
8393,0.8404,4,11,4,593502,12108,100033,7923,0.11215680462410611,0.395536917777445
8394,0.8405,10,3,10,593505,12105,100043,7913,0.11212901552484346,0.3952942351883305
8395,0.8406,8,25,8,593530,12080,100051,7905,0.1118974396976546,0.3955466599949963
8396,0.8407,20,30,20,593560,12050,100071,7885,0.11161954870502798,0.39553549034361674
8397,0.8408,20,33,20,593593,12017,100091,7865,0.11131386861313869,0.3955839452771351
8398,0.8409,6,14,6,593607,12003,100097,7859,0.11118418614991293,0.3956801933340046
8399,0.841,8,23,8,593630,11980,100105,7851,0.11097113638889917,0.39589531541525896
8400,0.8411,14,21,14,593651,11959,100119,7837,0.11077661269406054,0.3958880581935745
8401,0.8412,14,32,14,593683,11927,100133,7823,0.11048019563525881,0.3961012658227848
8402,0.8413,7,20,7,593703,11907,100140,7816,0.11029493497350773,0.39628859706941133
8403,0.8414,10,26,10,593729,11881,100150,7806,0.11005409611323132,0.3965053080713161
8404,0.8415,11,22,11,593751,11859,100161,7795,0.10985030938530513,0.39661137681896813
8405,0.8416,6,10,6,593761,11849,100167,7789,0.10975767905442958,0.3966289846216519
8406,0.8417,9,17,9,593778,11832,100176,7780,0.10960020749194116,0.3966959004691005
8407,0.8418,15,31,15,593809,11801,100191,7765,0.10931305346622698,0.3968619033016457
8408,0.8419,10,12,10,593821,11789,100201,7755,0.10920189706917634,0.3967969709373721
8409,0.842,6,13,6,593834,11776,100207,7749,0.10908147763903812,0.39687580025608193
8410,0.8421,12,26,12,593860,11750,100219,7737,0.10884063877876171,0.39703392004926363
8411,0.8422,4,15,4,593875,11735,100223,7733,0.1087016932824484,0.3972159441134169
8412,0.8423,6,17,6,593892,11718,100229,7727,0.10854422171995998,0.3973772177937773
8413,0.8424,12,16,12,593908,11702,100241,7715,0.10839601319055912,0.39733223463974865
8414,0.8425,1,8,1,593916,11694,100242,7714,0.10832190892585869,0.39746496290189615
8415,0.8426,9,15,9,593931,11679,100251,7705,0.10818296342954536,0.3974927775484936
8416,0.8427,4,29,4,593960,11650,100255,7701,0.1079143354700063,0.39796392951268666
8417,0.8428,8,8,8,593968,11642,100263,7693,0.10784023120530586,0.3978794931471425
8418,0.8429,8,16,8,593984,11626,100271,7685,0.107692022675905,0.39795971208119724
8419,0.843,15,28,15,594012,11598,100286,7670,0.10743265774945349,0.3980693377620926
8420,0.8431,8,12,8,594024,11586,100294,7662,0.10732150135240283,0.3980673316708229
8421,0.8432,12,21,12,594045,11565,100306,7650,0.1071269776575642,0.3981264637002342
8422,0.8433,10,32,10,594077,11533,100316,7640,0.10683056059876246,0.3984770249830491
8423,0.8434,5,16,5,594093,11517,100321,7635,0.1066823520693616,0.39865288220551376
8424,0.8435,4,7,4,594100,11510,100325,7631,0.10661751083774872,0.39867300559009455
8425,0.8436,10,36,10,594136,11474,100335,7621,0.10628404164659676,0.3991097145849699
8426,0.8437,9,17,9,594153,11457,100344,7612,0.10612657008410833,0.39918191829671196
8427,0.8438,4,9,4,594162,11448,100348,7608,0.10604320278632036,0.3992443324937028
8428,0.8439,14,24,14,594186,11424,100362,7594,0.10582088999221906,0.3993059207066989
8429,0.844,13,19,13,594205,11405,100375,7581,0.10564489236355552,0.39929421679131993
8430,0.8441,9,16,9,594221,11389,100384,7572,0.10549668383415466,0.3993460260534782
8431,0.8442,11,22,11,594243,11367,100395,7561,0.10529289710622847,0.3994611158072697
8432,0.8443,5,18,5,594261,11349,100400,7556,0.10512616251065249,0.3996826236445385
8433,0.8444,10,6,10,594267,11343,100410,7546,0.10507058431212717,0.39949176769548417
8434,0.8445,6,11,6,594278,11332,100416,7540,0.10496869094816406,0.3995337007206443
8435,0.8446,7,16,7,594294,11316,100423,7533,0.1048204824187632,0.39964984879834475
8436,0.8447,5,19,5,594313,11297,100428,7528,0.10464448479009968,0.3998937583001328
8437,0.8448,5,9,5,594322,11288,100433,7523,0.10456111749231169,0.39992557546116636
8438,0.8449,5,14,5,594336,11274,100438,7518,0.10443143502908592,0.4000638569604087
8439,0.845,15,28,15,594364,11246,100453,7503,0.1041720701026344,0.4001813430049603
8440,0.8451,3,8,3,594372,11238,100456,7500,0.10409796583793397,0.40025616394492475
8441,0.8452,7,12,7,594384,11226,100463,7493,0.10398680944088333,0.40028847694855496
8442,0.8453,13,17,13,594401,11209,100476,7480,0.1038293378783949,0.4002354326074161
8443,0.8454,10,23,10,594424,11186,100486,7470,0.10361628811738116,0.4004073756432247
8444,0.8455,12,17,12,594441,11169,100498,7458,0.10345881655489274,0.4003865356740216
8445,0.8456,8,12,8,594453,11157,100506,7450,0.10334766015784208,0.4003869511474176
8446,0.8457,2,17,2,594470,11140,100508,7448,0.10319018859535366,0.40068861631159886
8447,0.8458,8,16,8,594486,11124,100516,7440,0.10304198006595279,0.40077569489334197
8448,0.8459,2,14,2,594500,11110,100518,7438,0.10291229760272703,0.40101358637049817
8449,0.846,10,19,10,594519,11091,100528,7428,0.10273629997406351,0.40110157135914465
8450,0.8461,11,7,11,594526,11084,100539,7417,0.10267145874245062,0.4008972487973623
8451,0.8462,8,9,8,594535,11075,100547,7409,0.10258809144466265,0.40083315299718675
8452,0.8463,10,30,10,594565,11045,100557,7399,0.10231020045203601,0.4011602689221427
8453,0.8464,5,17,5,594582,11028,100562,7394,0.10215272888954759,0.4013679296493323
8454,0.8465,8,10,8,594592,11018,100570,7386,0.10206009855867205,0.4013257987394045
8455,0.8466,10,8,10,594600,11010,100580,7376,0.10198599429397162,0.4011748069183074
8456,0.8467,8,19,8,594619,10991,100588,7368,0.10180999666530809,0.40132904842311673
8457,0.8468,9,20,9,594639,10971,100597,7359,0.10162473600355701,0.4014729950900164
8458,0.8469,10,20,10,594659,10951,100607,7349,0.10143947534180592,0.4015846994535519
8459,0.847,15,23,15,594682,10928,100622,7334,0.10122642558079217,0.40159894863651296
8460,0.8471,21,21,21,594703,10907,100643,7313,0.10103190188595354,0.4013721185510428
8461,0.8472,9,14,9,594717,10893,100652,7304,0.10090221942272778,0.4013848436555476
8462,0.8473,10,15,10,594732,10878,100662,7294,0.10076327392641446,0.401386748844376
8463,0.8474,2,10,2,594742,10868,100664,7292,0.10067064359553893,0.40154185022026434
8464,0.8475,13,17,13,594759,10851,100677,7279,0.1005131720330505,0.4014892443463872
8465,0.8476,8,15,8,594774,10836,100685,7271,0.1003742265367372,0.40155740873695256
8466,0.8477,6,7,6,594781,10829,100691,7265,0.10030938530512432,0.40151431413728306
8467,0.8478,4,9,4,594790,10820,100695,7261,0.10022601800733633,0.40158177091975
8468,0.8479,3,11,3,594801,10809,100698,7258,0.10012412464337322,0.4017269054076493
8469,0.848,9,11,9,594812,10798,100707,7249,0.10002223127941012,0.4016734083227129
8470,0.8481,13,49,13,594861,10749,100720,7236,0.09956834265811998,0.4023352793994996
8471,0.8482,15,24,15,594885,10725,100735,7221,0.09934602986401868,0.40237378803075896
8472,0.8483,13,23,13,594908,10702,100748,7208,0.09913298010300493,0.40245672808486876
8473,0.8484,18,21,18,594929,10681,100766,7190,0.09893845640816629,0.40232779363214144
8474,0.8485,14,25,14,594954,10656,100780,7176,0.09870688058097743,0.40242261103633914
8475,0.8486,7,10,7,594964,10646,100787,7169,0.0986142502501019,0.402413696323323
8476,0.8487,13,24,13,594988,10622,100800,7156,0.0983919374560006,0.40251996850039373
8477,0.8488,6,30,6,595018,10592,100806,7150,0.09811404646337396,0.40299853455078344
8478,0.8489,3,2,3,595020,10590,100809,7147,0.09809552039719886,0.4029430005074139
8479,0.849,5,10,5,595030,10580,100814,7142,0.09800289006632332,0.40300191851935446
8480,0.8491,9,16,9,595046,10564,100823,7133,0.09785468153692245,0.40306266598858564
8481,0.8492,9,20,9,595066,10544,100832,7124,0.09766942087517137,0.40321485170930493
8482,0.8493,8,16,8,595082,10528,100840,7116,0.0975212123457705,0.4033099070505554
8483,0.8494,9,16,9,595098,10512,100849,7107,0.09737300381636964,0.4033713604631364
8484,0.8495,15,14,15,595112,10498,100864,7092,0.09724332135314387,0.40318362706083
8485,0.8496,6,17,6,595129,10481,100870,7086,0.09708584979065545,0.40336995502931633
8486,0.8497,12,22,12,595151,10459,100882,7074,0.09688206306272926,0.40346774653510525
8487,0.8498,9,25,9,595176,10434,100891,7065,0.0966504872355404,0.4037373564203669
8488,0.8499,8,24,8,595200,10410,100899,7057,0.0964281744414391,0.4040190072708536
8489,0.85,8,15,8,595215,10395,100907,7049,0.09628922894512579,0.40409309791332265
8490,0.8501,13,17,13,595232,10378,100920,7036,0.09613175738263736,0.40404272424486043
8491,0.8502,13,25,13,595257,10353,100933,7023,0.09590018155544852,0.4041781767955801
8492,0.8503,15,23,15,595280,10330,100948,7008,0.09568713179443478,0.4041988695351252
8493,0.8504,8,21,8,595301,10309,100956,7000,0.09549260809959613,0.40441388872840717
8494,0.8505,9,11,9,595312,10298,100965,6991,0.09539071473563304,0.40436115449129506
8495,0.8506,8,24,8,595336,10274,100973,6983,0.09516840194153174,0.40464738946514456
8496,0.8507,18,25,18,595361,10249,100991,6965,0.09493682611434288,0.40461252468920644
8497,0.8508,4,8,4,595369,10241,100995,6961,0.09486272184964245,0.404662248575747
8498,0.8509,3,11,3,595380,10230,100998,6958,0.09476082848567935,0.40481731440539914
8499,0.851,3,12,3,595392,10218,101001,6955,0.0946496720886287,0.40499621498864496
8500,0.8511,5,12,5,595404,10206,101006,6950,0.09453851569157805,0.4051060853345768
8501,0.8512,5,17,5,595421,10189,101011,6945,0.09438104412908963,0.4053344227851056
8502,0.8513,10,8,10,595429,10181,101021,6935,0.09430693986438919,0.4051764430941809
8503,0.8514,15,20,15,595449,10161,101036,6920,0.09412167920263811,0.4051285053568292
8504,0.8515,11,11,11,595460,10150,101047,6909,0.09401978583867501,0.4050061551087403
8505,0.8516,6,11,6,595471,10139,101053,6903,0.09391789247471193,0.40505809177326607
8506,0.8517,17,21,17,595492,10118,101070,6886,0.09372336877987328,0.40496353799106094
8507,0.8518,7,11,7,595503,10107,101077,6879,0.09362147541591019,0.404980572235959
8508,0.8519,1,9,1,595512,10098,101078,6878,0.0935381081181222,0.4051602262016965
8509,0.852,23,41,23,595553,10057,101101,6855,0.09315832376153248,0.405333491012299
8510,0.8521,6,8,6,595561,10049,101107,6849,0.09308421949683204,0.4053142383714049
8511,0.8522,4,20,4,595581,10029,101111,6845,0.09289895883508095,0.4056536683655328
8512,0.8523,2,14,2,595595,10015,101113,6843,0.0927692763718552,0.4059200379641713
8513,0.8524,9,16,9,595611,9999,101122,6834,0.09262106784245433,0.40598823739083945
8514,0.8525,9,12,9,595623,9987,101131,6825,0.09250991144540369,0.40596002855103497
8515,0.8526,7,14,7,595637,9973,101138,6818,0.09238022898217793,0.40605086058007267
8516,0.8527,9,19,9,595656,9954,101147,6809,0.0922042313535144,0.4061922090317962
8517,0.8528,15,23,15,595679,9931,101162,6794,0.09199118159250065,0.40621823617339314
8518,0.8529,9,10,9,595689,9921,101171,6785,0.0918985512616251,0.40614150604573207
8519,0.853,16,22,16,595711,9899,101187,6769,0.09169476453369892,0.4061075113990881
8520,0.8531,5,9,5,595720,9890,101192,6764,0.09161139723591093,0.4061486729914735
8521,0.8532,12,16,12,595736,9874,101204,6752,0.09146318870651006,0.40611091062191745
8522,0.8533,18,19,18,595755,9855,101222,6734,0.09128719107784652,0.40593164144915306
8523,0.8534,4,8,4,595763,9847,101226,6730,0.09121308681314609,0.40598419496893284
8524,0.8535,7,12,7,595775,9835,101233,6723,0.09110193041609545,0.40602729798284815
8525,0.8536,9,16,9,595791,9819,101242,6714,0.09095372188669458,0.4060968971148612
8526,0.8537,5,12,5,595803,9807,101247,6709,0.09084256548964392,0.40621215790748366
8527,0.8538,8,10,8,595813,9797,101255,6701,0.09074993515876839,0.4061704449024124
8528,0.8539,3,17,3,595830,9780,101258,6698,0.09059246359627997,0.40648136909819155
8529,0.854,4,13,4,595843,9767,101262,6694,0.09047204416614175,0.4066581617155701
8530,0.8541,4,17,4,595860,9750,101266,6690,0.09031457260365335,0.40693430656934304
8531,0.8542,8,16,8,595876,9734,101274,6682,0.09016636407425248,0.40704191033138404
8532,0.8543,8,25,8,595901,9709,101282,6674,0.08993478824706362,0.4073734969175365
8533,0.8544,2,10,2,595911,9699,101284,6672,0.08984215791618808,0.40754993586219534
8534,0.8545,8,13,8,595924,9686,101292,6664,0.08972173848604988,0.4075840978593272
8535,0.8546,11,26,11,595950,9660,101303,6653,0.08948089962577346,0.4078342426285784
8536,0.8547,7,13,7,595963,9647,101310,6646,0.08936048019563526,0.40790523537715584
8537,0.8548,9,18,9,595981,9629,101319,6637,0.08919374560005928,0.40802901758268784
8538,0.8549,2,11,2,595992,9618,101321,6635,0.08909185223609618,0.40823232633975265
8539,0.855,7,11,7,596003,9607,101328,6628,0.0889899588721331,0.4082537727132738
8540,0.8551,8,12,8,596015,9595,101336,6620,0.08887880247508244,0.40826395312981806
8541,0.8552,3,17,3,596032,9578,101339,6617,0.08872133091259402,0.4085828959555418
8542,0.8553,8,19,8,596051,9559,101347,6609,0.0885453332839305,0.4087704106877783
8543,0.8554,4,9,4,596060,9550,101351,6605,0.0884619659861425,0.40885174868461777
8544,0.8555,3,9,3,596069,9541,101354,6602,0.08837859868835451,0.4089698321253794
8545,0.8556,8,15,8,596084,9526,101362,6594,0.0882396531920412,0.4090570719602978
8546,0.8557,14,20,14,596104,9506,101376,6580,0.08805439253029011,0.4090513489991297
8547,0.8558,7,17,7,596121,9489,101383,6573,0.0878969209678017,0.40922674635786327
8548,0.8559,5,14,5,596135,9475,101388,6568,0.08776723850457593,0.4093997382035779
8549,0.856,5,8,5,596143,9467,101393,6563,0.0876931342398755,0.4094198378041173
8550,0.8561,16,25,16,596168,9442,101409,6547,0.08746155841268664,0.4094690099443367
8551,0.8562,6,16,6,596184,9426,101415,6541,0.08731334988328578,0.4096574184255026
8552,0.8563,14,25,14,596209,9401,101429,6527,0.08708177405609693,0.40978151682571573
8553,0.8564,10,17,10,596226,9384,101439,6517,0.08692430249360851,0.4098484372052072
8554,0.8565,11,21,11,596247,9363,101450,6506,0.08672977879876986,0.4099817253765203
8555,0.8566,10,16,10,596263,9347,101460,6496,0.086581570269369,0.41002335416272173
8556,0.8567,8,7,8,596270,9340,101468,6488,0.08651672903775612,0.4099064948193076
8557,0.8568,6,8,6,596278,9332,101474,6482,0.08644262477305568,0.40988997091185025
8558,0.8569,8,20,8,596298,9312,101482,6474,0.08625736411130461,0.41011022424933485
8559,0.857,3,8,3,596306,9304,101485,6471,0.08618325984660417,0.41020602218700475
8560,0.8571,17,26,17,596332,9278,101502,6454,0.08594242098632776,0.4102466310704297
8561,0.8572,14,19,14,596351,9259,101516,6440,0.08576642335766424,0.4102172112873431
8562,0.8573,8,12,8,596363,9247,101524,6432,0.08565526696061358,0.4102302442757829
8563,0.8574,5,7,5,596370,9240,101529,6427,0.0855904257290007,0.41022531435501375
8564,0.8575,3,5,3,596375,9235,101532,6424,0.08554411056356294,0.41024331055622965
8565,0.8576,5,8,5,596383,9227,101537,6419,0.0854700062988625,0.4102646043717244
8566,0.8577,5,17,5,596400,9210,101542,6414,0.08531253473637408,0.41052227342549924
8567,0.8578,18,12,18,596412,9198,101560,6396,0.08520137833932342,0.41015775298191615
8568,0.8579,6,7,6,596419,9191,101566,6390,0.08513653710771055,0.41011488351196973
8569,0.858,5,12,5,596431,9179,101571,6385,0.0850253807106599,0.41024158314058085
8570,0.8581,11,20,11,596451,9159,101582,6374,0.08484012004890881,0.4103521534796884
8571,0.8582,5,6,5,596457,9153,101587,6369,0.08478454185038349,0.4103208349439505
8572,0.8583,4,10,4,596467,9143,101591,6365,0.08469191151950795,0.41043332473562033
8573,0.8584,10,13,10,596480,9130,101601,6355,0.08457149208936975,0.4103971585405231
8574,0.8585,9,16,9,596496,9114,101610,6346,0.08442328355996888,0.41047865459249677
8575,0.8586,13,28,13,596524,9086,101623,6333,0.08416391863351735,0.41072702509890396
8576,0.8587,5,15,5,596539,9071,101628,6328,0.08402497313720404,0.41093577505032797
8577,0.8588,7,15,7,596554,9056,101635,6321,0.08388602764089073,0.41106847889705406
8578,0.8589,5,8,5,596562,9048,101640,6316,0.0838119233761903,0.41109086175475135
8579,0.859,10,11,10,596573,9037,101650,6306,0.08371003001222721,0.4110017597601512
8580,0.8591,11,7,11,596580,9030,101661,6295,0.08364518878061432,0.41076672104404566
8581,0.8592,9,13,9,596593,9017,101670,6286,0.08352476935047612,0.41076913023590145
8582,0.8593,3,11,3,596604,9006,101673,6283,0.08342287598651302,0.4109490483354045
8583,0.8594,6,12,6,596616,8994,101679,6277,0.08331171958946237,0.4110405343461463
8584,0.8595,10,18,10,596634,8976,101689,6267,0.0831449849938864,0.41113953946073606
8585,0.8596,4,6,4,596640,8970,101693,6263,0.08308940679536107,0.411146852228714
8586,0.8597,12,13,12,596653,8957,101705,6251,0.08296898736522287,0.41103366649132034
8587,0.8598,2,7,2,596660,8950,101707,6249,0.08290414613361,0.41114547009671687
8588,0.8599,8,19,8,596679,8931,101715,6241,0.08272814850494646,0.41134985499604537
8589,0.86,4,18,4,596697,8913,101719,6237,0.08256141390937048,0.41168316831683166
8590,0.8601,2,9,2,596706,8904,101721,6235,0.08247804661158249,0.411850188255499
8591,0.8602,8,14,8,596720,8890,101729,6227,0.08234836414835674,0.41192035456770526
8592,0.8603,5,9,5,596729,8881,101734,6222,0.08226499685056875,0.4119711315632656
8593,0.8604,8,4,8,596733,8877,101742,6214,0.08222794471821854,0.41176860380359154
8594,0.8605,2,15,2,596748,8862,101744,6212,0.08208899922190523,0.4121003051612047
8595,0.8606,13,24,13,596772,8838,101757,6199,0.08186668642780393,0.4122497838664627
8596,0.8607,5,9,5,596781,8829,101762,6194,0.08178331913001594,0.4123011382546762
8597,0.8608,3,10,3,596791,8819,101765,6191,0.08169068879914039,0.4124583610926049
8598,0.8609,4,4,4,596795,8815,101769,6187,0.08165363666679018,0.4124116784428743
8599,0.861,4,5,4,596800,8810,101773,6183,0.0816073215013524,0.4123924498099113
8600,0.8611,8,12,8,596812,8798,101781,6175,0.08149616510430176,0.41240900287183596
8601,0.8612,8,12,8,596824,8786,101789,6167,0.0813850087072511,0.4124256002140039
8602,0.8613,5,9,5,596833,8777,101794,6162,0.08130164140946311,0.4124774081263806
8603,0.8614,12,18,12,596851,8759,101806,6150,0.08113490681388714,0.41250251525923937
8604,0.8615,16,25,16,596876,8734,101822,6134,0.08090333098669829,0.41256389561474305
8605,0.8616,8,15,8,596891,8719,101830,6126,0.08076438549038498,0.4126641966992253
8606,0.8617,9,14,9,596905,8705,101839,6117,0.08063470302715921,0.41269734178923223
8607,0.8618,10,7,10,596912,8698,101849,6107,0.08056986179554633,0.41249577845322527
8608,0.8619,4,6,4,596918,8692,101853,6103,0.08051428359702101,0.4125042244001352
8609,0.862,6,15,6,596933,8677,101859,6097,0.0803753381007077,0.4126844456477596
8610,0.8621,13,18,13,596951,8659,101872,6084,0.08020860350513172,0.4126704198602727
8611,0.8622,12,25,12,596976,8634,101884,6072,0.07997702767794286,0.4128926968584251
8612,0.8623,12,25,12,597001,8609,101896,6060,0.07974545185075402,0.413116095166678
8613,0.8624,13,14,13,597015,8595,101909,6047,0.07961576938752825,0.41299002868460594
8614,0.8625,5,19,5,597034,8576,101914,6042,0.07943977175886473,0.4133260363934875
8615,0.8626,4,9,4,597043,8567,101918,6038,0.07935640446107674,0.4134200616227319
8616,0.8627,6,9,6,597052,8558,101924,6032,0.07927303716328875,0.41343385880740235
8617,0.8628,4,11,4,597063,8547,101928,6028,0.07917114379932565,0.41358490566037737
8618,0.8629,13,22,13,597085,8525,101941,6015,0.07896735707139946,0.4136863823933975
8619,0.863,5,12,5,597097,8513,101946,6010,0.07885620067434881,0.41382634441919713
8620,0.8631,4,4,4,597101,8509,101950,6006,0.07881914854199859,0.4137788494660696
8621,0.8632,6,26,6,597127,8483,101956,6000,0.07857830968172218,0.41427880963888697
8622,0.8633,5,14,5,597141,8469,101961,5995,0.07844862721849642,0.41447732300884954
8623,0.8634,10,11,10,597152,8458,101971,5985,0.07834673385453333,0.4143875926054144
8624,0.8635,8,21,8,597173,8437,101979,5977,0.07815221015969469,0.4146662966560289
8625,0.8636,4,9,4,597182,8428,101983,5973,0.0780688428619067,0.4147628636900215
8626,0.8637,6,22,6,597204,8406,101989,5967,0.07786505613398051,0.41515341264871636
8627,0.8638,4,8,4,597212,8398,101993,5963,0.07779095186928008,0.41522178121300746
8628,0.8639,11,11,11,597223,8387,102004,5952,0.07768905850531697,0.41509170792942324
8629,0.864,7,13,7,597236,8374,102011,5945,0.07756863907517877,0.4151826244849501
8630,0.8641,6,20,6,597256,8354,102017,5939,0.0773833784134277,0.4155180857762541
8631,0.8642,9,9,9,597265,8345,102026,5930,0.07730001111563971,0.41541155866900176
8632,0.8643,8,14,8,597279,8331,102034,5922,0.07717032865241395,0.4154914754788466
8633,0.8644,8,16,8,597295,8315,102042,5914,0.07702212012301309,0.4156300513036756
8634,0.8645,7,18,7,597313,8297,102049,5907,0.0768553855274371,0.41586876936074346
8635,0.8646,3,27,3,597340,8270,102052,5904,0.07660528363407314,0.4165373218569211
8636,0.8647,9,14,9,597354,8256,102061,5895,0.07647560117084738,0.41657833368666525
8637,0.8648,7,6,7,597360,8250,102068,5888,0.07642002297232206,0.4164662611401896
8638,0.8649,14,32,14,597392,8218,102082,5874,0.07612360591352033,0.41683224524552936
8639,0.865,5,5,5,597397,8213,102087,5869,0.07607729074808255,0.41677318562704163
8640,0.8651,9,6,9,597403,8207,102096,5860,0.07602171254955722,0.4165778062131229
8641,0.8652,9,14,9,597417,8193,102105,5851,0.07589203008633147,0.4166191968100256
8642,0.8653,15,11,15,597428,8182,102120,5836,0.07579013672236837,0.4163218718790127
8643,0.8654,8,13,8,597441,8169,102128,5828,0.07566971729223017,0.41637493748660426
8644,0.8655,4,17,4,597458,8152,102132,5824,0.07551224572974174,0.41671436748712076
8645,0.8656,4,10,4,597468,8142,102136,5820,0.0754196153988662,0.41684572410829396
8646,0.8657,7,9,7,597477,8133,102143,5813,0.07533624810107822,0.4168220278215976
8647,0.8658,8,18,8,597495,8115,102151,5805,0.07516951350550224,0.4170258620689655
8648,0.8659,7,15,7,597510,8100,102158,5798,0.07503056800918893,0.41718232839257446
8649,0.866,8,16,8,597526,8084,102166,5790,0.07488235947978807,0.4173273749459421
8650,0.8661,4,5,4,597531,8079,102170,5786,0.07483604431435029,0.41730977280923187
8651,0.8662,2,12,2,597543,8067,102172,5784,0.07472488791729964,0.41758717782109595
8652,0.8663,11,13,11,597556,8054,102183,5773,0.07460446848716143,0.417516453315976
8653,0.8664,2,8,2,597564,8046,102185,5771,0.074530364222461,0.41767388000289496
8654,0.8665,13,22,13,597586,8024,102198,5758,0.0743265774945348,0.4177913220142214
8655,0.8666,8,17,8,597603,8007,102206,5750,0.07416910593204638,0.4179690339463546
8656,0.8667,7,9,7,597612,7998,102213,5743,0.07408573863425841,0.41794629211847756
8657,0.8668,12,31,12,597643,7967,102225,5731,0.07379858460854422,0.41838224558329684
8658,0.8669,6,12,6,597655,7955,102231,5725,0.07368742821149357,0.41849415204678364
8659,0.867,7,12,7,597667,7943,102238,5718,0.07357627181444291,0.4185637947441622
8660,0.8671,7,22,7,597689,7921,102245,5711,0.07337248508651673,0.4189407276995305
8661,0.8672,6,15,6,597704,7906,102251,5705,0.07323353959020341,0.4191462787451326
8662,0.8673,8,18,8,597722,7888,102259,5697,0.07306680499462744,0.4193595877806404
8663,0.8674,19,29,19,597751,7859,102278,5678,0.07279817703508837,0.41944300805200563
8664,0.8675,8,18,8,597769,7841,102286,5670,0.07263144243951239,0.41965805639849013
8665,0.8676,8,18,8,597787,7823,102294,5662,0.07246470784393642,0.4198739340007416
8666,0.8677,4,8,4,597795,7815,102298,5658,0.07239060357923599,0.41995101313738586
8667,0.8678,11,27,11,597822,7788,102309,5647,0.07214050168587202,0.420320059545962
8668,0.8679,5,9,5,597831,7779,102314,5642,0.07205713438808403,0.4203859622978914
8669,0.868,2,1,2,597832,7778,102316,5640,0.07204787135499648,0.42033089879266655
8670,0.8681,7,12,7,597844,7766,102323,5633,0.07193671495794583,0.4204045077990895
8671,0.8682,11,16,11,597860,7750,102334,5622,0.07178850642854497,0.42043075082261444
8672,0.8683,9,6,9,597866,7744,102343,5613,0.07173292823001964,0.42022909335928726
8673,0.8684,7,7,7,597873,7737,102350,5606,0.07166808699840675,0.420145394588923
8674,0.8685,8,9,8,597882,7728,102358,5598,0.07158471970061878,0.420081044574516
8675,0.8686,5,10,5,597892,7718,102363,5593,0.07149208936974323,0.42017879948914433
8676,0.8687,1,13,1,597905,7705,102364,5592,0.07137166993960502,0.4205459878168008
8677,0.8688,13,22,13,597927,7683,102377,5579,0.07116788321167883,0.42067561453777713
8678,0.8689,4,18,4,597945,7665,102381,5575,0.07100114861610286,0.42107250755287007
8679,0.869,8,8,8,597953,7657,102389,5567,0.07092704435140243,0.4209770114942529
8680,0.8691,2,2,2,597955,7655,102391,5565,0.07090851828522732,0.4209531013615734
8681,0.8692,5,18,5,597973,7637,102396,5560,0.07074178368965134,0.42130787300143974
8682,0.8693,13,19,13,597992,7618,102409,5547,0.0705657860609878,0.4213444739840486
8683,0.8694,4,12,4,598004,7606,102413,5543,0.07045462966393716,0.42155296980758994
8684,0.8695,9,20,9,598024,7586,102422,5534,0.07026936900218607,0.4217987804878049
8685,0.8696,6,7,6,598031,7579,102428,5528,0.07020452777057319,0.4217593652246891
8686,0.8697,6,12,6,598043,7567,102434,5522,0.07009337137352255,0.4218809687523875
8687,0.8698,10,18,10,598061,7549,102444,5512,0.06992663677794657,0.42201975346451265
8688,0.8699,6,10,6,598071,7539,102450,5506,0.06983400644707102,0.42207742430049827
8689,0.87,6,15,6,598086,7524,102456,5500,0.06969506095075771,0.4222972972972973
8690,0.8701,9,11,9,598097,7513,102465,5491,0.06959316758679462,0.4222546908643494
8691,0.8702,6,10,6,598107,7503,102471,5485,0.06950053725591908,0.42231290421927936
8692,0.8703,8,11,8,598118,7492,102479,5477,0.06939864389195598,0.42231475055902534
8693,0.8704,10,23,10,598141,7469,102489,5467,0.06918559413094223,0.4226190476190476
8694,0.8705,5,5,5,598146,7464,102494,5462,0.06913927896550447,0.422559183041931
8695,0.8706,6,8,6,598154,7456,102500,5456,0.06906517470080403,0.4225526641883519
8696,0.8707,6,9,6,598163,7447,102506,5450,0.06898180740301604,0.4225788943165077
8697,0.8708,3,14,3,598177,7433,102509,5447,0.06885212493979029,0.4229037267080745
8698,0.8709,10,14,10,598191,7419,102519,5437,0.06872244247656453,0.4229153702551338
8699,0.871,12,12,12,598203,7407,102531,5425,0.06861128607951388,0.4227711970074813
8700,0.8711,4,9,4,598212,7398,102535,5421,0.06852791878172589,0.4228879007722911
8701,0.8712,6,7,6,598219,7391,102541,5415,0.06846307755011301,0.4228486646884273
8702,0.8713,8,15,8,598234,7376,102549,5407,0.0683241320537997,0.42298365016036926
8703,0.8714,16,16,16,598250,7360,102565,5391,0.06817592352439883,0.4227903693827935
8704,0.8715,5,20,5,598270,7340,102570,5386,0.06799066286264775,0.42322803708942325
8705,0.8716,10,8,10,598278,7332,102580,5376,0.06791655859794732,0.4230406043437205
8706,0.8717,4,12,4,598290,7320,102584,5372,0.06780540220089666,0.42325874566656163
8707,0.8718,1,9,1,598299,7311,102585,5371,0.06772203490310867,0.42351364138148556
8708,0.8719,9,15,9,598314,7296,102594,5362,0.06758308940679536,0.4236056249012482
8709,0.872,5,18,5,598332,7278,102599,5357,0.06741635481121938,0.42398100514444004
8710,0.8721,6,7,6,598339,7271,102605,5351,0.0673515135796065,0.4239423229282206
8711,0.8722,6,8,6,598347,7263,102611,5345,0.06727740931490607,0.42393718274111675
8712,0.8723,5,17,5,598364,7246,102616,5340,0.06711993775241765,0.42428094708406167
8713,0.8724,5,9,5,598373,7237,102621,5335,0.06703657045462966,0.42435571110404074
8714,0.8725,5,18,5,598391,7219,102626,5330,0.06686983585905369,0.4247350386484979
8715,0.8726,9,14,9,598405,7205,102635,5321,0.06674015339582794,0.42479642343924634
8716,0.8727,8,10,8,598415,7195,102643,5313,0.06664752306495239,0.4247681483850336
8717,0.8728,6,12,6,598427,7183,102649,5307,0.06653636666790173,0.4248999199359488
8718,0.8729,5,15,5,598442,7168,102654,5302,0.06639742117158842,0.4251804330392943
8719,0.873,4,5,4,598447,7163,102658,5298,0.06635110600615066,0.42516651954096785
8720,0.8731,7,14,7,598461,7149,102665,5291,0.0662214235429249,0.42532154340836015
8721,0.8732,11,14,11,598475,7135,102676,5280,0.06609174107969913,0.42529198550140956
8722,0.8733,6,12,6,598487,7123,102682,5274,0.06598058468264849,0.4254255061708478
8723,0.8734,9,15,9,598502,7108,102691,5265,0.06584163918633518,0.42552331689970097
8724,0.8735,9,13,9,598515,7095,102700,5256,0.06572121975619696,0.4255525868350741
8725,0.8736,3,4,3,598519,7091,102703,5253,0.06568416762384675,0.42555087491898896
8726,0.8737,5,6,5,598525,7085,102708,5248,0.06562858942532143,0.42552501418957267
8727,0.8738,5,13,5,598538,7072,102713,5243,0.06550816999518322,0.4257409663012586
8728,0.8739,5,11,5,598549,7061,102718,5238,0.06540627663122013,0.4258882836002927
8729,0.874,8,28,8,598577,7033,102726,5230,0.0651469117047686,0.4264861779336215
8730,0.8741,3,2,3,598579,7031,102729,5227,0.0651283856385935,0.4264154021863273
8731,0.8742,10,4,10,598583,7027,102739,5217,0.06509133350624328,0.42608624632473047
8732,0.8743,3,1,3,598584,7026,102742,5214,0.06508207047315573,0.42598039215686273
8733,0.8744,11,23,11,598607,7003,102753,5203,0.06486902071214198,0.42626577093232837
8734,0.8745,9,9,9,598616,6994,102762,5194,0.064785653414354,0.42615687561535937
8735,0.8746,4,6,4,598622,6988,102766,5190,0.06473007521582867,0.42617835440959106
8736,0.8747,4,8,4,598630,6980,102770,5186,0.06465597095112824,0.4262699325990465
8737,0.8748,1,14,1,598644,6966,102771,5185,0.06452628848790248,0.42671385071187556
8738,0.8749,3,5,3,598649,6961,102774,5182,0.0644799733224647,0.4267479206126987
8739,0.875,5,11,5,598660,6950,102779,5177,0.06437807995850162,0.42689865589181164
8740,0.8751,10,14,10,598674,6936,102789,5167,0.06424839749527585,0.4269189457159382
8741,0.8752,10,12,10,598686,6924,102799,5157,0.0641372410982252,0.4268686367022598
8742,0.8753,2,9,2,598695,6915,102801,5155,0.06405387380043721,0.4270919635459818
8743,0.8754,3,7,3,598702,6908,102804,5152,0.06398903256882434,0.42719734660033165
8744,0.8755,11,29,11,598731,6879,102815,5141,0.06372040460928527,0.42770382695507486
8745,0.8756,5,12,5,598743,6867,102820,5136,0.06360924821223461,0.4278930267433142
8746,0.8757,7,6,7,598749,6861,102827,5129,0.06355367001370929,0.42777314428690577
8747,0.8758,8,11,8,598760,6850,102835,5121,0.06345177664974619,0.42778381087628436
8748,0.8759,2,10,2,598770,6840,102837,5119,0.06335914631887066,0.428045823229367
8749,0.876,3,6,3,598776,6834,102840,5116,0.06330356812034532,0.4281171548117155
8750,0.8761,11,16,11,598792,6818,102851,5105,0.06315535959094445,0.4281640526713076
8751,0.8762,6,19,6,598811,6799,102857,5099,0.06297936196228093,0.42855942175155487
8752,0.8763,8,19,8,598830,6780,102865,5091,0.0628033643336174,0.42886024766237046
8753,0.8764,3,19,3,598849,6761,102868,5088,0.06262736670495388,0.42940332517512025
8754,0.8765,14,22,14,598871,6739,102882,5074,0.06242357997702768,0.4295267925167189
8755,0.8766,3,18,3,598889,6721,102885,5071,0.0622568453814517,0.4300373134328358
8756,0.8767,7,10,7,598899,6711,102892,5064,0.06216421505057616,0.43006369426751595
8757,0.8768,7,7,7,598906,6704,102899,5057,0.06209937381896328,0.42998044383980955
8758,0.8769,9,19,9,598925,6685,102908,5048,0.06192337619029975,0.4302394954402114
8759,0.877,4,9,4,598934,6676,102912,5044,0.06184000889251176,0.4303754266211604
8760,0.8771,5,14,5,598948,6662,102917,5039,0.061710326429286005,0.4306469532518588
8761,0.8772,4,4,4,598952,6658,102921,5035,0.06167327429693579,0.43059950397673824
8762,0.8773,10,11,10,598963,6647,102931,5025,0.061571380932972694,0.4305174777244688
8763,0.8774,15,20,15,598983,6627,102946,5010,0.06138612027122161,0.4305233307553493
8764,0.8775,5,12,5,598995,6615,102951,5005,0.06127496387417096,0.4307228915662651
8765,0.8776,12,20,12,599015,6595,102963,4993,0.061089703212419875,0.4308767690714532
8766,0.8777,9,13,9,599028,6582,102972,4984,0.06096928378228167,0.4309182085422791
8767,0.8778,4,12,4,599040,6570,102976,4980,0.06085812738523102,0.43116883116883115
8768,0.8779,4,4,4,599044,6566,102980,4976,0.0608210752528808,0.4311211228556576
8769,0.878,2,3,2,599047,6563,102982,4974,0.06079328615361814,0.431134610383982
8770,0.8781,7,8,7,599055,6555,102989,4967,0.06071918188891771,0.4310883527165423
8771,0.8782,4,7,4,599062,6548,102993,4963,0.06065434065730483,0.43115281035531233
8772,0.8783,10,24,10,599086,6524,103003,4953,0.06043202786320353,0.43155876971333973
8773,0.8784,3,9,3,599095,6515,103006,4950,0.06034866056541554,0.4317488006977758
8774,0.8785,10,11,10,599106,6504,103016,4940,0.060246767201452445,0.4316672492135617
8775,0.8786,7,19,7,599125,6485,103023,4933,0.06007076957278892,0.4320371343492731
8776,0.8787,3,3,3,599128,6482,103026,4930,0.06004298047352625,0.4320014020329478
8777,0.8788,9,13,9,599141,6469,103035,4921,0.05992256104338805,0.43204565408252854
8778,0.8789,1,7,1,599148,6462,103036,4920,0.059857719811775165,0.43226146547179756
8779,0.879,17,17,17,599165,6445,103053,4903,0.05970024824928675,0.4320585125132182
8780,0.8791,6,7,6,599172,6438,103059,4897,0.059635407017673864,0.43202470224966916
8781,0.8792,4,14,4,599186,6424,103063,4893,0.05950572455444811,0.4323583988689582
8782,0.8793,18,19,18,599205,6405,103081,4875,0.05932972692578458,0.4321808510638298
8783,0.8794,5,7,5,599212,6398,103086,4870,0.0592648856941717,0.4321973730919418
8784,0.8795,1,5,1,599217,6393,103087,4869,0.05921857052873393,0.4323388385721897
8785,0.8796,8,7,8,599224,6386,103095,4861,0.05915372929712105,0.43220414332710944
8786,0.8797,11,25,11,599249,6361,103106,4850,0.058922153469932195,0.4326108286504326
8787,0.8798,10,16,10,599265,6345,103116,4840,0.05877394494053133,0.43272239606616003
8788,0.8799,10,8,10,599273,6337,103126,4830,0.058699840675830894,0.43252440225664907
8789,0.88,6,14,6,599287,6323,103132,4824,0.05857015821260513,0.43276217816452855
8790,0.8801,6,15,6,599302,6308,103138,4818,0.05843121271629182,0.4330397267661334
8791,0.8802,7,20,7,599322,6288,103145,4811,0.05824595205454074,0.43346247409676547
8792,0.8803,10,9,10,599331,6279,103155,4801,0.058162584756752754,0.4333032490974729
8793,0.8804,1,8,1,599339,6271,103156,4800,0.05808848049205232,0.4335651702646554
8794,0.8805,8,17,8,599356,6254,103164,4792,0.0579310089295639,0.43382219808075323
8795,0.8806,12,20,12,599376,6234,103176,4780,0.05774574826781281,0.43399309969130195
8796,0.8807,6,9,6,599385,6225,103182,4774,0.057662380970024824,0.4340394581325575
8797,0.8808,9,16,9,599401,6209,103191,4765,0.057514172440623956,0.4342081283032623
8798,0.8809,3,1,3,599402,6208,103194,4762,0.0575049094075364,0.4340929808568824
8799,0.881,8,11,8,599413,6197,103202,4754,0.057403016043573306,0.4341156058807415
8800,0.8811,6,11,6,599424,6186,103208,4748,0.05730112267961021,0.4342418145235047
8801,0.8812,12,4,12,599428,6182,103220,4736,0.057264070547259995,0.4337790804176589
8802,0.8813,7,9,7,599437,6173,103227,4729,0.057180703249472005,0.4337736195193542
8803,0.8814,3,7,3,599444,6166,103230,4726,0.05711586201785913,0.4338964377524789
8804,0.8815,8,8,8,599452,6158,103238,4718,0.057041757753158694,0.43379919087899965
8805,0.8816,4,4,4,599456,6154,103242,4714,0.05700470562080848,0.43375046006624957
8806,0.8817,8,15,8,599471,6139,103250,4706,0.056865760124495165,0.4339326878745966
8807,0.8818,15,18,15,599489,6121,103265,4691,0.056699025528919186,0.43386977432482426
8808,0.8819,5,9,5,599498,6112,103270,4686,0.056615658231131204,0.4339692535654751
8809,0.882,5,9,5,599507,6103,103275,4681,0.056532290933343214,0.43406899109792285
8810,0.8821,6,15,6,599522,6088,103281,4675,0.0563933454370299,0.4343584502462139
8811,0.8822,10,15,10,599537,6073,103291,4665,0.05625439994071659,0.4344384429130192
8812,0.8823,6,10,6,599547,6063,103297,4659,0.056161769609841046,0.4345271404588696
8813,0.8824,9,12,9,599559,6051,103306,4650,0.056050613212790396,0.43453882814690215
8814,0.8825,1,4,1,599563,6047,103307,4649,0.05601356108044018,0.43464846671652957
8815,0.8826,6,4,6,599567,6043,103313,4643,0.05597650894808996,0.4344937301141681
8816,0.8827,8,13,8,599580,6030,103321,4635,0.055856089517951756,0.4345991561181435
8817,0.8828,10,12,10,599592,6018,103331,4625,0.055744933120901105,0.4345579253969745
8818,0.8829,8,18,8,599610,6000,103339,4617,0.05557819852532513,0.4348686069511161
8819,0.883,0,7,0,599617,5993,103339,4617,0.055513357293712255,0.4351555136663525
8820,0.8831,10,20,10,599637,5973,103349,4607,0.05532809663196117,0.4354442344045369
8821,0.8832,2,5,2,599642,5968,103351,4605,0.0552817814665234,0.4355433651754469
8822,0.8833,15,14,15,599656,5954,103366,4590,0.05515209900329764,0.4353186646433991
8823,0.8834,4,6,4,599662,5948,103370,4586,0.055096520804772314,0.4353521928991836
8824,0.8835,11,11,11,599673,5937,103381,4575,0.05499462744080922,0.4352168949771689
8825,0.8836,4,19,4,599692,5918,103385,4571,0.05481862981214569,0.4357898751072552
8826,0.8837,3,7,3,599699,5911,103388,4568,0.05475378858053281,0.43591945796354614
8827,0.8838,6,9,6,599708,5902,103394,4562,0.054670421282744824,0.4359709480122324
8828,0.8839,3,6,3,599714,5896,103397,4559,0.054614843084219496,0.43605930176948826
8829,0.884,9,22,9,599736,5874,103406,4550,0.05441105635629331,0.43649270913277055
8830,0.8841,7,11,7,599747,5863,103413,4543,0.054309162992330205,0.4365750528541226
8831,0.8842,8,11,8,599758,5852,103421,4535,0.05420726962836711,0.4366034466159623
8832,0.8843,2,1,2,599759,5851,103423,4533,0.05419800659527956,0.43653697996918334
8833,0.8844,4,5,4,599764,5846,103427,4529,0.05415169142984179,0.4365301204819277
8834,0.8845,8,13,8,599777,5833,103435,4521,0.05403127199970358,0.4366428433455669
8835,0.8846,9,4,9,599781,5829,103444,4512,0.053994219867353366,0.436321438932405
8836,0.8847,14,16,14,599797,5813,103458,4498,0.0538460113379525,0.4362331490641063
8837,0.8848,2,6,2,599803,5807,103460,4496,0.05379043313942718,0.4363777540522178
8838,0.8849,7,7,7,599810,5800,103467,4489,0.05372559190781429,0.4362911847604238
8839,0.885,8,11,8,599821,5789,103475,4481,0.0536236985438512,0.43631937682570593
8840,0.8851,14,13,14,599834,5776,103489,4467,0.05350327911371299,0.43610270428585374
8841,0.8852,9,15,9,599849,5761,103498,4458,0.05336433361739968,0.4362462080438399
8842,0.8853,11,10,11,599859,5751,103509,4447,0.05327170328652414,0.4360658952735831
8843,0.8854,4,11,4,599870,5740,103513,4443,0.05316980992256105,0.4363154276735736
8844,0.8855,9,9,9,599879,5731,103522,4434,0.05308644262477306,0.43620265617314313
8845,0.8856,6,5,6,599884,5726,103528,4428,0.053040127459335284,0.4360843017530037
8846,0.8857,12,19,12,599903,5707,103540,4416,0.052864129830671756,0.4362343178899536
8847,0.8858,16,7,16,599910,5700,103556,4400,0.05279928859905888,0.43564356435643564
8848,0.8859,2,5,2,599915,5695,103558,4398,0.052752973433621106,0.4357475478054097
8849,0.886,7,16,7,599931,5679,103565,4391,0.05260476490422024,0.43604766633565045
8850,0.8861,5,18,5,599949,5661,103570,4386,0.05243803030864426,0.4365482233502538
8851,0.8862,3,4,3,599953,5657,103573,4383,0.05240097817629404,0.4365537848605578
8852,0.8863,7,10,7,599963,5647,103580,4376,0.052308347845418504,0.43659582959193854
8853,0.8864,5,4,5,599967,5643,103585,4371,0.05227129571306829,0.4364889155182744
8854,0.8865,2,7,2,599974,5636,103587,4369,0.05220645448145541,0.4366816591704148
8855,0.8866,7,8,7,599982,5628,103594,4362,0.052132350216754976,0.43663663663663665
8856,0.8867,8,14,8,599996,5614,103602,4354,0.052002667753529214,0.43679775280898875
8857,0.8868,3,8,3,600004,5606,103605,4351,0.05192856348882878,0.43697900974189013
8858,0.8869,4,6,4,600010,5600,103609,4347,0.05187298529030346,0.4370161857846587
8859,0.887,11,15,11,600025,5585,103620,4336,0.05173403979399015,0.4370527164600343
8860,0.8871,5,4,5,600029,5581,103625,4331,0.05169698766163993,0.4369451170298628
8861,0.8872,8,19,8,600048,5562,103633,4323,0.051520990032976395,0.43732928679817906
8862,0.8873,6,7,6,600055,5555,103639,4317,0.05145614880136352,0.4372974068071313
8863,0.8874,4,12,4,600067,5543,103643,4313,0.05134499240431287,0.437601461038961
8864,0.8875,9,14,9,600081,5529,103652,4304,0.05121530994108711,0.43770975287297875
8865,0.8876,8,15,8,600096,5514,103660,4296,0.05107636444477379,0.4379204892966361
8866,0.8877,2,3,2,600099,5511,103662,4294,0.05104857534551113,0.4379398266190719
8867,0.8878,5,13,5,600112,5498,103667,4289,0.05092815591537293,0.43823439256156127
8868,0.8879,1,8,1,600120,5490,103668,4288,0.0508540516506725,0.43853548782982205
8869,0.888,6,16,6,600136,5474,103674,4282,0.05070584312127163,0.43890938909389093
8870,0.8881,5,14,5,600150,5460,103679,4277,0.05057616065804587,0.4392523364485981
8871,0.8882,8,13,8,600163,5447,103687,4269,0.05045574122790766,0.43937834499794154
8872,0.8883,2,4,2,600167,5443,103689,4267,0.05041868909555745,0.4394438722966014
8873,0.8884,10,8,10,600175,5435,103699,4257,0.05034458483085701,0.43922822946760215
8874,0.8885,13,24,13,600199,5411,103712,4244,0.05012227203675571,0.4395649922320041
8875,0.8886,3,9,3,600208,5402,103715,4241,0.05003890473896773,0.4398008918386394
8876,0.8887,7,17,7,600225,5385,103722,4234,0.049881433176479306,0.440170495893544
8877,0.8888,7,14,7,600239,5371,103729,4227,0.04975175071325355,0.44040425088560115
8878,0.8889,4,8,4,600247,5363,103733,4223,0.04967764644855312,0.4405382849989568
8879,0.889,9,13,9,600260,5350,103742,4214,0.04955722701841491,0.44061062317022165
8880,0.8891,6,14,6,600274,5336,103748,4208,0.04942754455518915,0.44090528080469404
8881,0.8892,5,1,5,600275,5335,103753,4203,0.0494182815221016,0.4406584189557559
8882,0.8893,5,21,5,600296,5314,103758,4198,0.04922375782726296,0.4413372582001682
8883,0.8894,5,11,5,600307,5303,103763,4193,0.049121864463299865,0.44155433866891325
8884,0.8895,8,22,8,600329,5281,103771,4185,0.04891807773537367,0.4421085991971266
8885,0.8896,0,2,0,600331,5279,103771,4185,0.048899551669198564,0.4422020287404903
8886,0.8897,16,14,16,600345,5265,103787,4169,0.0487698692059728,0.4419122323510706
8887,0.8898,0,10,0,600355,5255,103787,4169,0.04867723887509726,0.4423811544991511
8888,0.8899,4,15,4,600370,5240,103791,4165,0.04853829337878395,0.442849548112706
8889,0.89,10,16,10,600386,5224,103801,4155,0.048390084849383085,0.44301098198102146
8890,0.8901,13,17,13,600403,5207,103814,4142,0.04823261328689466,0.4430420365814526
8891,0.8902,3,10,3,600413,5197,103817,4139,0.048139982956019116,0.443337617823479
8892,0.8903,2,7,2,600420,5190,103819,4137,0.04807514172440624,0.4435509810228369
8893,0.8904,1,5,1,600425,5185,103820,4136,0.048028826558968465,0.4437292136036906
8894,0.8905,10,15,10,600440,5170,103830,4126,0.047889881062655154,0.44384681583476765
8895,0.8906,5,6,5,600446,5164,103835,4121,0.04783430286412983,0.44383414108777597
8896,0.8907,7,13,7,600459,5151,103842,4114,0.047713883433991626,0.44403669724770645
8897,0.8908,6,8,6,600467,5143,103848,4108,0.04763977916929119,0.4440601016106367
8898,0.8909,9,9,9,600476,5134,103857,4099,0.0475564118715032,0.44395104516408535
8899,0.891,2,8,2,600484,5126,103859,4097,0.04748230760680277,0.444215548086306
8900,0.8911,7,16,7,600500,5110,103866,4090,0.0473340990774019,0.44456521739130433
8901,0.8912,6,13,6,600513,5097,103872,4084,0.0472136796472637,0.4448317176778129
8902,0.8913,9,12,9,600525,5085,103881,4075,0.04710252325021305,0.44486899563318777
8903,0.8914,12,8,12,600533,5077,103893,4063,0.04702841898551262,0.4445295404814004
8904,0.8915,11,16,11,600549,5061,103904,4052,0.04688021045611175,0.4446395259519368
8905,0.8916,10,15,10,600564,5046,103914,4042,0.04674126495979844,0.444762323943662
8906,0.8917,11,16,11,600580,5030,103925,4031,0.04659305643039757,0.44487363425670456
8907,0.8918,6,10,6,600590,5020,103931,4025,0.04650042609952203,0.44499723604201213
8908,0.8919,9,16,9,600606,5004,103940,4016,0.04635221757012116,0.4452328159645233
8909,0.892,7,15,7,600621,4989,103947,4009,0.04621327207380785,0.44554345410091134
8910,0.8921,11,23,11,600644,4966,103958,3998,0.0460002223127941,0.44600624721106646
8911,0.8922,6,10,6,600654,4956,103964,3992,0.04590759198191856,0.4461332141260617
8912,0.8923,9,13,9,600667,4943,103973,3983,0.04578717255178035,0.44622451265964597
8913,0.8924,4,10,4,600677,4933,103977,3979,0.04569454222090481,0.4464766606822262
8914,0.8925,7,5,7,600682,4928,103984,3972,0.04564822705546704,0.4462921348314607
8915,0.8926,4,8,4,600690,4920,103988,3968,0.04557412279076661,0.4464446444644464
8916,0.8927,8,7,8,600697,4913,103996,3960,0.04550928155915373,0.4462977572410684
8917,0.8928,4,9,4,600706,4904,104000,3956,0.04542591426136574,0.44650112866817154
8918,0.8929,3,0,3,600706,4904,104003,3953,0.04542591426136574,0.44631365022016484
8919,0.893,6,12,6,600718,4892,104009,3947,0.04531475786431509,0.4465437266659124
8920,0.8931,5,10,5,600728,4882,104014,3942,0.04522212753343955,0.44673617407071625
8921,0.8932,6,12,6,600740,4870,104020,3936,0.0451109711363889,0.44696797637974106
8922,0.8933,5,9,5,600749,4861,104025,3931,0.04502760383860091,0.4471110100090992
8923,0.8934,3,7,3,600756,4854,104028,3928,0.04496276260698803,0.4472785242541562
8924,0.8935,5,5,5,600761,4849,104033,3923,0.04491644744155026,0.447218422252622
8925,0.8936,4,5,4,600766,4844,104037,3919,0.04487013227611249,0.4472212712541367
8926,0.8937,10,8,10,600774,4836,104047,3909,0.044796028011412053,0.4469982847341338
8927,0.8938,11,17,11,600791,4819,104058,3898,0.04463855644892364,0.4471721922679821
8928,0.8939,7,7,7,600798,4812,104065,3891,0.04457371521731076,0.4470872113064461
8929,0.894,6,8,6,600806,4804,104071,3885,0.044499610952610326,0.4471170445390724
8930,0.8941,5,13,5,600819,4791,104076,3880,0.04437919152247212,0.44746857340560486
8931,0.8942,5,19,5,600838,4772,104081,3875,0.04420319389380859,0.4481323002197294
8932,0.8943,4,8,4,600846,4764,104085,3871,0.04412908962910816,0.4482918355529821
8933,0.8944,6,6,6,600852,4758,104091,3865,0.04407351143058283,0.4482198770729445
8934,0.8945,6,7,6,600859,4751,104097,3859,0.04400867019896995,0.44819976771196285
8935,0.8946,6,11,6,600870,4740,104103,3853,0.04390677683500686,0.44838822297218667
8936,0.8947,5,4,5,600874,4736,104108,3848,0.04386972470265664,0.4482758620689655
8937,0.8948,0,5,0,600879,4731,104108,3848,0.04382340953721887,0.44853712553910713
8938,0.8949,7,10,7,600889,4721,104115,3841,0.04373077920634332,0.44861013781826675
8939,0.895,6,11,6,600900,4710,104121,3835,0.04362888584238023,0.44880046811000585
8940,0.8951,3,11,3,600911,4699,104124,3832,0.04352699247841713,0.4491853241120619
8941,0.8952,8,12,8,600923,4687,104132,3824,0.04341583608136648,0.44930090471154976
8942,0.8953,9,16,9,600939,4671,104141,3815,0.043267627551965615,0.4495639877445204
8943,0.8954,6,10,6,600949,4661,104147,3809,0.043174997221090076,0.4497048406139315
8944,0.8955,3,11,3,600960,4650,104150,3806,0.043073103857126975,0.45009460737937557
8945,0.8956,6,8,6,600968,4642,104156,3800,0.04299899959242654,0.4501303008765695
8946,0.8957,11,14,11,600982,4628,104167,3789,0.042869317129200786,0.45016038968753713
8947,0.8958,4,11,4,600993,4617,104171,3785,0.04276742376523769,0.4504879790526065
8948,0.8959,1,7,1,601000,4610,104172,3784,0.04270258253362481,0.4507981891827496
8949,0.896,6,8,6,601008,4602,104178,3778,0.04262847826892437,0.45083532219570405
8950,0.8961,4,9,4,601017,4593,104182,3774,0.04254511097113639,0.45105772678379347
8951,0.8962,3,10,3,601027,4583,104185,3771,0.042452480640260845,0.4514005266937994
8952,0.8963,5,6,5,601033,4577,104190,3766,0.04239690244173552,0.4513963801989692
8953,0.8964,2,4,2,601037,4573,104192,3764,0.04235985030938531,0.45148134820678903
8954,0.8965,8,12,8,601049,4561,104200,3756,0.042248693912334656,0.4516051460863292
8955,0.8966,5,2,5,601051,4559,104205,3751,0.042230167846159544,0.4513838748495788
8956,0.8967,9,7,9,601058,4552,104214,3742,0.042165326614546667,0.45116952013503736
8957,0.8968,12,13,12,601071,4539,104226,3730,0.04204490718440846,0.4510823557866731
8958,0.8969,7,11,7,601082,4528,104233,3723,0.041943013820445366,0.4512180341776754
8959,0.897,14,9,14,601091,4519,104247,3709,0.041859646522657376,0.4507778317938746
8960,0.8971,10,14,10,601105,4505,104257,3699,0.04172996405943162,0.45087762067284254
8961,0.8972,8,11,8,601116,4494,104265,3691,0.041628070695468526,0.45094685400122175
8962,0.8973,2,7,2,601123,4487,104267,3689,0.04156322946385564,0.4511986301369863
8963,0.8974,6,11,6,601134,4476,104273,3683,0.04146133609989255,0.4514033582546881
8964,0.8975,2,2,2,601136,4474,104275,3681,0.04144281003371744,0.4513795217657879
8965,0.8976,1,4,1,601140,4470,104276,3680,0.041405757901367225,0.45153374233128835
8966,0.8977,8,4,8,601144,4466,104284,3672,0.04136870576901701,0.4512165151142787
8967,0.8978,2,5,2,601149,4461,104286,3670,0.041322390603579236,0.45135899643340305
8968,0.8979,1,13,1,601162,4448,104287,3669,0.04120197117344103,0.4520142909942097
8969,0.898,7,3,7,601165,4445,104294,3662,0.04117418207417837,0.4517084001480202
8970,0.8981,3,5,3,601170,4440,104297,3659,0.041127866908740596,0.4517841708852945
8971,0.8982,7,8,7,601178,4432,104304,3652,0.04105376264404016,0.4517565561603167
8972,0.8983,5,9,5,601187,4423,104309,3647,0.04097039534625218,0.4519206939281289
8973,0.8984,7,7,7,601194,4416,104316,3640,0.040905554114639295,0.45183714001986097
8974,0.8985,9,4,9,601198,4412,104325,3631,0.04086850198228908,0.4514484645032948
8975,0.8986,5,8,5,601206,4404,104330,3626,0.040794397717588644,0.45155666251556664
8976,0.8987,3,5,3,601211,4399,104333,3623,0.04074808255215088,0.4516330092246323
8977,0.8988,7,15,7,601226,4384,104340,3616,0.04060913705583756,0.452
8978,0.8989,10,3,10,601229,4381,104350,3606,0.0405813479565749,0.4514836609490422
8979,0.899,5,7,5,601236,4374,104355,3601,0.04051650672496202,0.4515360501567398
8980,0.8991,7,12,7,601248,4362,104362,3594,0.04040535032791137,0.4517345399698341
8981,0.8992,6,3,6,601251,4359,104368,3588,0.04037756122864871,0.4514911287278218
8982,0.8993,12,21,12,601272,4338,104380,3576,0.04018303753381007,0.4518574677786202
8983,0.8994,5,7,5,601279,4331,104385,3571,0.04011819630219719,0.4519109086307264
8984,0.8995,5,27,5,601306,4304,104390,3566,0.03986809440883323,0.4531130876747141
8985,0.8996,5,3,5,601309,4301,104395,3561,0.03984030530957056,0.4529381836682778
8986,0.8997,8,10,8,601319,4291,104403,3553,0.039747674978695025,0.45295767465578785
8987,0.8998,5,12,5,601331,4279,104408,3548,0.039636518581644374,0.4533026702440271
8988,0.8999,10,14,10,601345,4265,104418,3538,0.03950683611841861,0.4534153530693323
8989,0.9,2,15,2,601360,4250,104420,3536,0.0393678906221053,0.45414847161572053
8990,0.9001,9,15,9,601375,4235,104429,3527,0.03922894512579199,0.45439319762947694
8991,0.9002,2,5,2,601380,4230,104431,3525,0.039182629960354216,0.45454545454545453
8992,0.9003,9,7,9,601387,4223,104440,3516,0.03911778872874134,0.45432226385837965
8993,0.9004,4,9,4,601396,4214,104444,3512,0.03903442143095335,0.4545689878332902
8994,0.9005,6,7,6,601403,4207,104450,3506,0.03896958019934047,0.45455724102165174
8995,0.9006,2,13,2,601416,4194,104452,3504,0.038849160769202265,0.45518316445830087
8996,0.9007,6,11,6,601427,4183,104458,3498,0.03874726740523917,0.4554094518942846
8997,0.9008,11,19,11,601446,4164,104469,3487,0.03857126977657564,0.45575741733106784
8998,0.9009,4,7,4,601453,4157,104473,3483,0.038506428544962765,0.4558900523560209
8999,0.901,6,12,6,601465,4145,104479,3477,0.038395272147912114,0.4561794804513251
9000,0.9011,16,19,16,601484,4126,104495,3461,0.038219274519248586,0.45617503624621064
9001,0.9012,3,4,3,601488,4122,104498,3458,0.03818222238689837,0.4562005277044855
9002,0.9013,3,9,3,601497,4113,104501,3455,0.03809885508911038,0.4565274841437632
9003,0.9014,1,3,1,601500,4110,104502,3454,0.03807106598984772,0.4566367001586462
9004,0.9015,11,23,11,601523,4087,104513,3443,0.03785801622883397,0.45723771580345285
9005,0.9016,2,5,2,601528,4082,104515,3441,0.0378117010633962,0.45739731490097035
9006,0.9017,4,8,4,601536,4074,104519,3437,0.03773759679869577,0.4575955265610438
9007,0.9018,8,15,8,601551,4059,104527,3429,0.03759865130238245,0.4579326923076923
9008,0.9019,7,9,7,601560,4050,104534,3422,0.03751528400459447,0.4579764453961456
9009,0.902,6,8,6,601568,4042,104540,3416,0.03744117973989403,0.45803164387235185
9010,0.9021,5,2,5,601570,4040,104545,3411,0.03742265367371892,0.4577909005502617
9011,0.9022,3,5,3,601575,4035,104548,3408,0.03737633850828115,0.45787988714228134
9012,0.9023,5,3,5,601578,4032,104553,3403,0.03734854940901849,0.45770006724949563
9013,0.9024,8,12,8,601590,4020,104561,3395,0.03723739301196784,0.4578556979096426
9014,0.9025,1,2,1,601592,4018,104562,3394,0.03721886694579273,0.45790609821910416
9015,0.9026,9,21,9,601613,3997,104571,3385,0.03702434325095409,0.45854781901923597
9016,0.9027,8,13,8,601626,3984,104579,3377,0.036903923820815886,0.4587691889688901
9017,0.9028,4,12,4,601638,3972,104583,3373,0.036792767423765235,0.45922396187882913
9018,0.9029,9,8,9,601646,3964,104592,3364,0.0367186631590648,0.45906113537117904
9019,0.903,6,8,6,601654,3956,104598,3358,0.03664455889436437,0.4591194968553459
9020,0.9031,1,5,1,601659,3951,104599,3357,0.0365982437289266,0.45935960591133007
9021,0.9032,9,7,9,601666,3944,104608,3348,0.03653340249731372,0.4591332967635765
9022,0.9033,8,11,8,601677,3933,104616,3340,0.03643150913335062,0.4592327787707961
9023,0.9034,6,13,6,601690,3920,104622,3334,0.03631108970321242,0.4596084918665564
9024,0.9035,10,6,10,601696,3914,104632,3324,0.036255511504687095,0.4592428847747997
9025,0.9036,8,16,8,601712,3898,104640,3316,0.03610730297528623,0.4596617687829221
9026,0.9037,4,12,4,601724,3886,104644,3312,0.03599614657823558,0.46012781328146707
9027,0.9038,3,4,3,601728,3882,104647,3309,0.03595909444588536,0.46015853149770547
9028,0.9039,6,7,6,601735,3875,104653,3303,0.03589425321427248,0.4601560323209808
9029,0.904,5,8,5,601743,3867,104658,3298,0.03582014894957205,0.4602930914166085
9030,0.9041,8,10,8,601753,3857,104666,3290,0.035727518618696504,0.4603330068560235
9031,0.9042,3,11,3,601764,3846,104669,3287,0.03562562525473341,0.4608159259778494
9032,0.9043,3,2,3,601766,3844,104672,3284,0.035607099188558304,0.4607182940516274
9033,0.9044,9,12,9,601778,3832,104681,3275,0.035495942791507654,0.4608132826790488
9034,0.9045,4,5,4,601783,3827,104685,3271,0.03544962762606988,0.4608340377571147
9035,0.9046,0,6,0,601789,3821,104685,3271,0.03539404942754455,0.4612239142695995
9036,0.9047,9,8,9,601797,3813,104694,3262,0.03531994516284412,0.4610600706713781
9037,0.9048,1,9,1,601806,3804,104695,3261,0.035236577865056136,0.4615711252653928
9038,0.9049,3,6,3,601812,3798,104698,3258,0.03518099966653081,0.461734693877551
9039,0.905,13,13,13,601825,3785,104711,3245,0.03506058023639261,0.4615931721194879
9040,0.9051,3,5,3,601830,3780,104714,3242,0.035014265070954835,0.4616918256906864
9041,0.9052,8,4,8,601834,3776,104722,3234,0.03497721293860462,0.4613409415121255
9042,0.9053,9,13,9,601847,3763,104731,3225,0.03485679350846641,0.46150543789353177
9043,0.9054,1,6,1,601853,3757,104732,3224,0.03480121530994109,0.4618249534450652
9044,0.9055,9,3,9,601856,3754,104741,3215,0.03477342621067842,0.46132874156980913
9045,0.9056,6,6,6,601862,3748,104747,3209,0.0347178480121531,0.46126203823487133
9046,0.9057,1,9,1,601871,3739,104748,3208,0.03463448071436511,0.46178206420037426
9047,0.9058,11,12,11,601883,3727,104759,3197,0.03452332431731446,0.46172732524552285
9048,0.9059,4,7,4,601890,3720,104763,3193,0.03445848308570158,0.4618834080717489
9049,0.906,1,9,1,601899,3711,104764,3192,0.03437511578791359,0.4624076488483268
9050,0.9061,4,2,4,601901,3709,104768,3188,0.03435658972173849,0.4622299550529216
9051,0.9062,1,9,1,601910,3700,104769,3187,0.0342732224239505,0.46275591694496876
9052,0.9063,7,11,7,601921,3689,104776,3180,0.034171329059987404,0.46294948318532536
9053,0.9064,1,1,1,601922,3688,104777,3179,0.03416206602689985,0.4629386922964905
9054,0.9065,5,1,5,601923,3687,104782,3174,0.03415280299381229,0.46261477918670746
9055,0.9067,4,10,4,601933,3677,104786,3170,0.034060172662936754,0.4629764860522857
9056,0.9068,7,10,7,601943,3667,104793,3163,0.03396754233206121,0.463103953147877
9057,0.9069,4,8,4,601951,3659,104797,3159,0.033893438067360775,0.46333235552948077
9058,0.907,7,11,7,601962,3648,104804,3152,0.03379154470339768,0.46352941176470586
9059,0.9071,6,13,6,601975,3635,104810,3146,0.033671125273259474,0.4639433711841911
9060,0.9072,5,11,5,601986,3624,104815,3141,0.03356923190929638,0.46430155210643015
9061,0.9073,4,7,4,601993,3617,104819,3137,0.0335043906776835,0.4644655019247853
9062,0.9074,1,7,1,602000,3610,104820,3136,0.033439549446070624,0.4648680699673881
9063,0.9075,11,11,11,602011,3599,104831,3125,0.03333765608210752,0.4647531231409875
9064,0.9076,2,5,2,602016,3594,104833,3123,0.03329134091666976,0.4649397052255471
9065,0.9077,7,8,7,602024,3586,104840,3116,0.03321723665196932,0.46493584004774696
9066,0.9078,6,7,6,602031,3579,104846,3110,0.03315239542035644,0.4649424428165645
9067,0.9079,3,8,3,602039,3571,104849,3107,0.033078291155656005,0.46525905959868225
9068,0.908,8,10,8,602049,3561,104857,3099,0.032985660824780466,0.46531531531531534
9069,0.9081,5,6,5,602055,3555,104862,3094,0.032930082626255144,0.4653331328019251
9070,0.9082,5,6,5,602061,3549,104867,3089,0.032874504427729816,0.4653510093401627
9071,0.9083,9,10,9,602071,3539,104876,3080,0.03278187409685428,0.46532708868409123
9072,0.9084,4,12,4,602083,3527,104880,3076,0.03267071769980363,0.46584885658034225
9073,0.9085,8,9,8,602092,3518,104888,3068,0.03258735040201564,0.4658366231399939
9074,0.9086,9,12,9,602104,3506,104897,3059,0.03247619400496499,0.46595582635186594
9075,0.9087,13,15,13,602119,3491,104910,3046,0.032337248508651675,0.4659629799602264
9076,0.9088,6,7,6,602126,3484,104916,3040,0.03227240727703879,0.46597179644389947
9077,0.9089,2,8,2,602134,3476,104918,3038,0.03219830301233836,0.46638010439054345
9078,0.909,1,2,1,602136,3474,104919,3037,0.03217977694616325,0.4664414068499462
9079,0.9091,1,6,1,602142,3468,104920,3036,0.03212419874763792,0.466789667896679
9080,0.9092,7,10,7,602152,3458,104927,3029,0.032031568416762385,0.46693386773547096
9081,0.9093,10,11,10,602163,3447,104937,3019,0.03192967505279929,0.4669038045159295
9082,0.9094,6,9,6,602172,3438,104943,3013,0.0318463077550113,0.4670593706402108
9083,0.9095,5,4,5,602176,3434,104948,3008,0.031809255622661084,0.46693573424402357
9084,0.9096,7,3,7,602179,3431,104955,3001,0.03178146652339842,0.46657338308457713
9085,0.9097,4,7,4,602186,3424,104959,2997,0.031716625291785545,0.46674972745678245
9086,0.9098,5,7,5,602193,3417,104964,2992,0.03165178406017266,0.46684350132625996
9087,0.9099,4,8,4,602201,3409,104968,2988,0.03157767979547223,0.46709395028919803
9088,0.91,9,13,9,602214,3396,104977,2979,0.03145726036533403,0.4672941176470588
9089,0.9101,5,8,5,602222,3388,104982,2974,0.031383156100633594,0.46746306193021064
9090,0.9102,2,6,2,602228,3382,104984,2972,0.031327577902108265,0.46773685867170284
9091,0.9103,3,5,3,602233,3377,104987,2969,0.03128126273667049,0.4678537661519067
9092,0.9104,6,13,6,602246,3364,104993,2963,0.03116084330653229,0.46831041567883674
9093,0.9105,8,4,8,602250,3360,105001,2955,0.031123791174182073,0.4679334916864608
9094,0.9106,1,3,1,602253,3357,105002,2954,0.031096002074919412,0.4680716209792426
9095,0.9107,3,6,3,602259,3351,105005,2951,0.031040423876394087,0.4682640431609013
9096,0.9108,7,7,7,602266,3344,105012,2944,0.030975582644781206,0.4681933842239186
9097,0.9109,6,6,6,602272,3338,105018,2938,0.03092000444625588,0.4681325685149777
9098,0.911,4,18,4,602290,3320,105022,2934,0.030753269850679908,0.46913975055964185
9099,0.9111,5,12,5,602302,3308,105027,2929,0.030642113453629258,0.4696168029501363
9100,0.9112,8,6,8,602308,3302,105035,2921,0.030586535255103933,0.46938775510204084
9101,0.9113,7,7,7,602315,3295,105042,2914,0.03052169402349105,0.46931873087453696
9102,0.9114,4,11,4,602326,3284,105046,2910,0.030419800659527957,0.46980949305779784
9103,0.9115,8,9,8,602335,3275,105054,2902,0.030336433361739967,0.46980734984620365
9104,0.9116,6,8,6,602343,3267,105060,2896,0.030262329097039534,0.4699010222294337
9105,0.9117,8,7,8,602350,3260,105068,2888,0.030197487865426656,0.4697462589459987
9106,0.9118,4,9,4,602359,3251,105072,2884,0.030114120567638666,0.47008964955175225
9107,0.9119,6,2,6,602361,3249,105078,2878,0.030095594501463558,0.4697241716990371
9108,0.912,4,6,4,602367,3243,105082,2874,0.030040016302938233,0.46983815595880335
9109,0.9121,1,7,1,602374,3236,105083,2873,0.029975175071325355,0.4702897364544115
9110,0.9122,8,14,8,602388,3222,105091,2865,0.029845492608099596,0.47067520946278957
9111,0.9123,4,5,4,602393,3217,105095,2861,0.029799177442661823,0.470714050674564
9112,0.9124,14,13,14,602406,3204,105109,2847,0.02967875801252362,0.4705007436787308
9113,0.9125,8,11,8,602417,3193,105117,2839,0.029576864648560526,0.47065649867374004
9114,0.9126,4,4,4,602421,3189,105121,2835,0.02953981251621031,0.4706175298804781
9115,0.9127,8,10,8,602431,3179,105129,2827,0.029447182185334767,0.4706959706959707
9116,0.9128,6,10,6,602441,3169,105135,2821,0.029354551854459225,0.47095158597662773
9117,0.9129,2,2,2,602443,3167,105137,2819,0.029336025788284117,0.47093217507517543
9118,0.913,5,7,5,602450,3160,105142,2814,0.029271184556671236,0.4710411784399063
9119,0.9131,10,5,10,602455,3155,105152,2804,0.029224869391233466,0.47054874979023326
9120,0.9132,3,12,3,602467,3143,105155,2801,0.029113712994182816,0.4712314939434724
9121,0.9133,2,1,2,602468,3142,105157,2799,0.02910444996109526,0.47113280592492845
9122,0.9134,5,3,5,602471,3139,105162,2794,0.0290766608618326,0.4709253328838699
9123,0.9135,11,7,11,602478,3132,105173,2783,0.029011819630219718,0.47049873203719356
9124,0.9136,3,2,3,602480,3130,105176,2780,0.02899329356404461,0.4703891708967851
9125,0.9137,2,2,2,602482,3128,105178,2778,0.0289747674978695,0.4703691161530647
9126,0.9138,8,2,8,602484,3126,105186,2770,0.028956241431694393,0.4698100407055631
9127,0.9139,6,6,6,602490,3120,105192,2764,0.028900663233169067,0.4697484704282801
9128,0.914,1,8,1,602498,3112,105193,2763,0.028826558968468634,0.4702978723404255
9129,0.9141,2,6,2,602504,3106,105195,2761,0.02877098076994331,0.4705982614624169
9130,0.9142,11,9,11,602513,3097,105206,2750,0.028687613472155322,0.4703266632461091
9131,0.9143,5,6,5,602519,3091,105211,2745,0.028632035273629997,0.4703564084989719
9132,0.9144,3,12,3,602531,3079,105214,2742,0.028520878876579347,0.4710530836626009
9133,0.9145,3,6,3,602537,3073,105217,2739,0.02846530067805402,0.47126634549208535
9134,0.9146,5,6,5,602543,3067,105222,2734,0.028409722479528696,0.47129805205998965
9135,0.9147,4,10,4,602553,3057,105226,2730,0.028317092148653154,0.47174701918092277
9136,0.9148,7,8,7,602561,3049,105233,2723,0.02824298788395272,0.47176022176022175
9137,0.9149,1,4,1,602565,3045,105234,2722,0.028205935751602504,0.47199583839084447
9138,0.915,11,9,11,602574,3036,105245,2711,0.028122568453814518,0.4717243779363146
9139,0.9151,4,9,4,602583,3027,105249,2707,0.028039201156026528,0.47209626787582837
9140,0.9152,10,9,10,602592,3018,105259,2697,0.027955833858238542,0.47191601049868764
9141,0.9153,4,5,4,602597,3013,105263,2693,0.02790951869280077,0.47195934104451454
9142,0.9154,4,8,4,602605,3005,105267,2689,0.027835414428100336,0.472251492799438
9143,0.9155,5,3,5,602608,3002,105272,2684,0.027807625328837675,0.47203658107632784
9144,0.9156,3,6,3,602614,2996,105275,2681,0.02775204713031235,0.4722564734895191
9145,0.9157,6,11,6,602625,2985,105281,2675,0.027650153766349255,0.4726148409893993
9146,0.9158,6,13,6,602638,2972,105287,2669,0.02752973433621105,0.47314305974118065
9147,0.9159,2,6,2,602644,2966,105289,2667,0.027474156137685724,0.4734599680454465
9148,0.916,7,9,7,602653,2957,105296,2660,0.027390788839897737,0.4735623998575752
9149,0.9161,0,2,0,602655,2955,105296,2660,0.02737226277372263,0.47373107747105964
9150,0.9162,5,11,5,602666,2944,105301,2655,0.02727036940975953,0.4741918199678514
9151,0.9163,4,1,4,602667,2943,105305,2651,0.02726110637667198,0.47390060779406507
9152,0.9164,6,8,6,602675,2935,105311,2645,0.027187002111971545,0.47401433691756273
9153,0.9165,4,6,4,602681,2929,105315,2641,0.02713142391344622,0.4741472172351885
9154,0.9166,4,4,4,602685,2925,105319,2637,0.027094371781096003,0.4741100323624595
9155,0.9167,7,8,7,602693,2917,105326,2630,0.02702026751639557,0.4741301604470885
9156,0.9168,4,3,4,602696,2914,105330,2626,0.026992478417132905,0.4740072202166065
9157,0.9169,5,15,5,602711,2899,105335,2621,0.026853532920819594,0.47481884057971013
9158,0.917,3,7,3,602718,2892,105338,2618,0.026788691689206712,0.4751361161524501
9159,0.9171,5,12,5,602730,2880,105343,2613,0.026677535292156062,0.4756963407973785
9160,0.9172,5,6,5,602736,2874,105348,2608,0.026621957093630737,0.475738781466618
9161,0.9173,4,7,4,602743,2867,105352,2604,0.02655711586201786,0.47596417473953573
9162,0.9174,6,0,6,602743,2867,105358,2598,0.02655711586201786,0.4753888380603843
9163,0.9175,5,5,5,602748,2862,105363,2593,0.02651080069658009,0.4753437213565536
9164,0.9176,5,4,5,602752,2858,105368,2588,0.026473748564229873,0.47521116415717957
9165,0.9177,4,6,4,602758,2852,105372,2584,0.026418170365704548,0.4753495217071376
9166,0.9178,7,15,7,602773,2837,105379,2577,0.026279224869391233,0.4759881787957148
9167,0.9179,1,3,1,602776,2834,105380,2576,0.026251435770128572,0.47615526802218117
9168,0.918,4,2,4,602778,2832,105384,2572,0.026232909703953464,0.4759437453737972
9169,0.9181,8,5,8,602783,2827,105392,2564,0.02618659453851569,0.47560749397143387
9170,0.9182,2,6,2,602789,2821,105394,2562,0.026131016339990366,0.4759427828348505
9171,0.9183,9,16,9,602805,2805,105403,2553,0.0259828078105895,0.4764837625979843
9172,0.9184,3,8,3,602813,2797,105406,2550,0.025908703545889065,0.47690293622592106
9173,0.9185,1,5,1,602818,2792,105407,2549,0.025862388380451296,0.47725145103913125
9174,0.9186,1,2,1,602820,2790,105408,2548,0.025843862314276187,0.4773323342075684
9175,0.9187,4,5,4,602825,2785,105412,2544,0.025797547148838414,0.4773878776505911
9176,0.9188,5,1,5,602826,2784,105417,2539,0.025788284115750862,0.47698666165696035
9177,0.9189,1,4,1,602830,2780,105418,2538,0.025751231983400645,0.47724708537044
9178,0.919,15,12,15,602842,2768,105433,2523,0.025640075586349995,0.47684747684747686
9179,0.9191,3,4,3,602846,2764,105436,2520,0.025603023453999778,0.4769114307342922
9180,0.9192,11,12,11,602858,2752,105447,2509,0.025491867056949127,0.4769055312678198
9181,0.9193,3,5,3,602863,2747,105450,2506,0.025445551891511358,0.4770607272035028
9182,0.9194,7,5,7,602868,2742,105457,2499,0.025399236726073585,0.47681740125930167
9183,0.9195,2,4,2,602872,2738,105459,2497,0.02536218459372337,0.476981852913085
9184,0.9196,5,13,5,602885,2725,105464,2492,0.025241765163585166,0.47766915852022235
9185,0.9197,3,3,3,602888,2722,105467,2489,0.0252139760643225,0.47764344655536367
9186,0.9198,1,1,1,602889,2721,105468,2488,0.02520471303123495,0.4776348627375696
9187,0.9199,3,1,3,602890,2720,105471,2485,0.025195449998147393,0.47742555235350626
9188,0.92,10,10,10,602900,2710,105481,2475,0.02510281966727185,0.4773384763741562
9189,0.9201,1,9,1,602909,2701,105482,2474,0.025019452369483865,0.47806763285024156
9190,0.9202,0,4,0,602913,2697,105482,2474,0.024982400237133648,0.47843743956681495
9191,0.9203,0,1,0,602914,2696,105482,2474,0.024973137204046092,0.47852998065764024
9192,0.9204,4,2,4,602916,2694,105486,2470,0.024954611137870984,0.4783113865220759
9193,0.9205,7,8,7,602924,2686,105493,2463,0.02488050687317055,0.4783453097688872
9194,0.9206,2,3,2,602927,2683,105495,2461,0.02485271777390789,0.4784214618973561
9195,0.9207,9,11,9,602938,2672,105504,2452,0.02475082440994479,0.4785323965651834
9196,0.9208,6,4,6,602942,2668,105510,2446,0.024713772277594574,0.47829487680876026
9197,0.9209,1,4,1,602946,2664,105511,2445,0.024676720145244357,0.47856723429242515
9198,0.921,6,9,6,602955,2655,105517,2439,0.02459335284745637,0.4787985865724382
9199,0.9211,6,5,6,602960,2650,105523,2433,0.0245470376820186,0.47865433798937634
9200,0.9212,3,9,3,602969,2641,105526,2430,0.024463670384230612,0.47919542496549006
9201,0.9213,7,5,7,602974,2636,105533,2423,0.024417355218792843,0.478948408776438
9202,0.9214,4,4,4,602978,2632,105537,2419,0.024380303086442626,0.4789150663235003
9203,0.9215,3,4,3,602982,2628,105540,2416,0.02434325095409241,0.47898493259318004
9204,0.9216,3,7,3,602989,2621,105543,2413,0.02427840972247953,0.4793404847040127
9205,0.9217,7,10,7,602999,2611,105550,2406,0.024185779391603986,0.4795694638230018
9206,0.9218,1,3,1,603002,2608,105551,2405,0.024157990292341325,0.47975264312786753
9207,0.9219,1,0,1,603002,2608,105552,2404,0.024157990292341325,0.4796488427773344
9208,0.922,3,7,3,603009,2601,105555,2401,0.024093149060728444,0.4800079968012795
9209,0.9221,4,10,4,603019,2591,105559,2397,0.024000518729852902,0.4805533279871692
9210,0.9222,6,3,6,603022,2588,105565,2391,0.02397272963059024,0.4802169110263105
9211,0.9223,0,5,0,603027,2583,105565,2391,0.02392641446515247,0.4806996381182147
9212,0.9224,4,5,4,603032,2578,105569,2387,0.0238800992997147,0.48076535750251764
9213,0.9225,9,14,9,603046,2564,105578,2378,0.02375041683648894,0.481181707810603
9214,0.9226,7,7,7,603053,2557,105585,2371,0.02368557560487606,0.4811282467532468
9215,0.9227,3,0,3,603053,2557,105588,2368,0.02368557560487606,0.48081218274111676
9216,0.9228,4,6,4,603059,2551,105592,2364,0.023629997406350734,0.4809766022380468
9217,0.9229,5,3,5,603062,2548,105597,2359,0.023602208307088073,0.48074179743223966
9218,0.923,2,10,2,603072,2538,105599,2357,0.02350957797621253,0.481511746680286
9219,0.9231,1,4,1,603076,2534,105600,2356,0.023472525843862314,0.481799591002045
9220,0.9232,8,16,8,603092,2518,105608,2348,0.023324317314461447,0.4825318536785861
9221,0.9233,4,3,4,603095,2515,105612,2344,0.023296528215198786,0.4824037867874048
9222,0.9234,7,10,7,603105,2505,105619,2337,0.023203897884323244,0.4826517967781908
9223,0.9235,2,4,2,603109,2501,105621,2335,0.023166845751973027,0.48283705541770056
9224,0.9236,6,11,6,603120,2490,105627,2329,0.02306495238800993,0.4832952894791451
9225,0.9237,2,1,2,603121,2489,105629,2327,0.023055689354922377,0.4831810631229236
9226,0.9238,5,4,5,603125,2485,105634,2322,0.02301863722257216,0.4830455585604327
9227,0.9239,3,2,3,603127,2483,105637,2319,0.02300011115639705,0.482923781757601
9228,0.924,4,3,4,603130,2480,105641,2315,0.022972322057134387,0.48279457768508866
9229,0.9241,4,13,4,603143,2467,105645,2311,0.022851902626996184,0.4836751778987024
9230,0.9242,7,2,7,603145,2465,105652,2304,0.022833376560821076,0.4831201509750472
9231,0.9243,2,11,2,603156,2454,105654,2302,0.022731483196857978,0.4840201850294365
9232,0.9244,7,11,7,603167,2443,105661,2295,0.022629589832894884,0.484381595609962
9233,0.9245,6,3,6,603170,2440,105667,2289,0.02260180073363222,0.48403467963628677
9234,0.9246,5,7,5,603177,2433,105672,2284,0.02253695950201934,0.48420606317574727
9235,0.9247,2,1,2,603178,2432,105674,2282,0.022527696468931786,0.4840899448451421
9236,0.9248,4,5,4,603183,2427,105678,2278,0.022481381303494016,0.48416578108395325
9237,0.9249,7,7,7,603190,2420,105685,2271,0.022416540071881135,0.48411852483479
9238,0.925,10,15,10,603205,2405,105695,2261,0.022277594575567824,0.48456922417488213
9239,0.9251,3,4,3,603209,2401,105698,2258,0.022240542443217607,0.48465335908993346
9240,0.9252,6,16,6,603225,2385,105704,2252,0.02209233391381674,0.4856588311408238
9241,0.9253,4,5,4,603230,2380,105708,2248,0.02204601874837897,0.4857389801210026
9242,0.9254,4,4,4,603234,2376,105712,2244,0.022008966616028754,0.4857142857142857
9243,0.9255,7,11,7,603245,2365,105719,2237,0.021907073252065656,0.4860930030421556
9244,0.9256,8,10,8,603255,2355,105727,2229,0.021814442921190114,0.4862565445026178
9245,0.9257,4,6,4,603261,2349,105731,2225,0.02175886472266479,0.4864451246174027
9246,0.9258,6,4,6,603265,2345,105737,2219,0.02172181259031457,0.48619631901840493
9247,0.9259,2,3,2,603268,2342,105739,2217,0.02169402349105191,0.48629085325729327
9248,0.926,6,4,6,603272,2338,105745,2211,0.021656971358701694,0.4860408881072763
9249,0.9261,7,5,7,603277,2333,105752,2204,0.02161065619326392,0.48578355741679524
9250,0.9262,5,3,5,603280,2330,105757,2199,0.02158286709400126,0.4855376462795319
9251,0.9263,3,7,3,603287,2323,105760,2196,0.02151802586238838,0.4859482186324408
9252,0.9264,9,11,9,603298,2312,105769,2187,0.021416132498425285,0.48610802400533454
9253,0.9265,4,7,4,603305,2305,105773,2183,0.021351291266812403,0.48640819964349374
9254,0.9266,4,11,4,603316,2294,105777,2179,0.02124939790284931,0.4871450927788956
9255,0.9267,7,6,7,603322,2288,105784,2172,0.021193819704323984,0.48699551569506727
9256,0.9268,2,2,2,603324,2286,105786,2170,0.021175293638148875,0.486983842010772
9257,0.9269,6,5,6,603329,2281,105792,2164,0.021128978472711106,0.48683914510686166
9258,0.927,1,4,1,603333,2277,105793,2163,0.02109192634036089,0.4871621621621622
9259,0.9271,4,5,4,603338,2272,105797,2159,0.021045611174923116,0.48724892800722186
9260,0.9272,5,6,5,603344,2266,105802,2154,0.02099003297639779,0.48733031674208144
9261,0.9273,8,5,8,603349,2261,105810,2146,0.020943717810960022,0.4869525754481507
9262,0.9274,6,7,6,603356,2254,105816,2140,0.02087887657934714,0.48702776513427404
9263,0.9275,11,15,11,603371,2239,105827,2129,0.02073993108303383,0.4874084249084249
9264,0.9276,9,7,9,603378,2232,105836,2120,0.02067508985142095,0.48713235294117646
9265,0.9277,6,1,6,603379,2231,105842,2114,0.020665826818333396,0.486536248561565
9266,0.9278,3,4,3,603383,2227,105845,2111,0.02062877468598318,0.4866297833102812
9267,0.9279,8,14,8,603397,2213,105853,2103,0.02049909222275742,0.48725671918443003
9268,0.928,4,12,4,603409,2201,105857,2099,0.02038793582570677,0.4881395348837209
9269,0.9281,1,3,1,603412,2198,105858,2098,0.020360146726444105,0.4883612662942272
9270,0.9282,2,3,2,603415,2195,105860,2096,0.020332357627181444,0.4884642274528082
9271,0.9283,3,2,3,603417,2193,105863,2093,0.020313831561006336,0.4883341110592627
9272,0.9284,5,16,5,603433,2177,105868,2088,0.02016562303160547,0.4895662368112544
9273,0.9285,3,3,3,603436,2174,105871,2085,0.020137833932342808,0.48955153791969946
9274,0.9286,0,3,0,603439,2171,105871,2085,0.020110044833080144,0.48989661654135336
9275,0.9287,8,9,8,603448,2162,105879,2077,0.020026677535292157,0.48997405048360465
9276,0.9288,7,7,7,603455,2155,105886,2070,0.019961836303679276,0.48994082840236686
9277,0.9289,2,8,2,603463,2147,105888,2068,0.019887732038978843,0.4906287069988138
9278,0.929,3,4,3,603467,2143,105891,2065,0.019850679906628626,0.4907319391634981
9279,0.9291,2,4,2,603471,2139,105893,2063,0.01981362777427841,0.49095668729176584
9280,0.9292,8,7,8,603478,2132,105901,2055,0.01974878654266553,0.49080487222354907
9281,0.9293,4,2,4,603480,2130,105905,2051,0.019730260476490423,0.4905524994020569
9282,0.9294,1,4,1,603484,2126,105906,2050,0.019693208344140206,0.49090038314176243
9283,0.9295,7,3,7,603487,2123,105913,2043,0.019665419244877542,0.49039846375420065
9284,0.9296,1,0,1,603487,2123,105914,2042,0.019665419244877542,0.4902761104441777
9285,0.9297,1,3,1,603490,2120,105915,2041,0.01963763014561488,0.490507089641913
9286,0.9298,5,13,5,603503,2107,105920,2036,0.019517210715476675,0.4914313299541395
9287,0.9299,0,2,0,603505,2105,105920,2036,0.019498684649301566,0.49166867906302825
9288,0.93,15,15,15,603520,2090,105935,2021,0.019359739152988255,0.49160788129408906
9289,0.9301,1,0,1,603520,2090,105936,2020,0.019359739152988255,0.49148418491484186
9290,0.9302,4,12,4,603532,2078,105940,2016,0.019248582755937604,0.4924279433317049
9291,0.9303,5,5,5,603537,2073,105945,2011,0.01920226759049983,0.492409402546523
9292,0.9304,0,6,0,603543,2067,105945,2011,0.01914668939197451,0.4931338891613536
9293,0.9305,5,6,5,603549,2061,105950,2006,0.019091111193449185,0.4932382591590853
9294,0.9306,2,1,2,603550,2060,105952,2004,0.01908184816036163,0.49311023622047245
9295,0.9307,1,2,1,603552,2058,105953,2003,0.01906332209418652,0.4932282688992859
9296,0.9308,3,2,3,603554,2056,105956,2000,0.019044796028011412,0.4930966469428008
9297,0.9309,1,2,1,603556,2054,105957,1999,0.019026269961836303,0.49321490254132744
9298,0.931,1,3,1,603559,2051,105958,1998,0.018998480862573643,0.49345517411706596
9299,0.9311,3,3,3,603562,2048,105961,1995,0.018970691763310978,0.49344546129112044
9300,0.9312,11,9,11,603571,2039,105972,1984,0.018887324465522992,0.49316430524484217
9301,0.9313,7,4,7,603575,2035,105979,1977,0.018850272333172775,0.4927716849451645
9302,0.9314,4,6,4,603581,2029,105983,1973,0.01879469413464745,0.4930034982508746
9303,0.9315,1,0,1,603581,2029,105984,1972,0.01879469413464745,0.4928767808047988
9304,0.9316,0,6,0,603587,2023,105984,1972,0.018739115936122125,0.49361702127659574
9305,0.9317,7,4,7,603591,2019,105991,1965,0.018702063803771908,0.4932228915662651
9306,0.9318,1,8,1,603599,2011,105992,1964,0.018627959539071474,0.4940880503144654
9307,0.9319,5,8,5,603607,2003,105997,1959,0.01855385527437104,0.49444724886421
9308,0.932,6,5,6,603612,1998,106003,1953,0.018507540108933268,0.49430523917995445
9309,0.9321,0,3,0,603615,1995,106003,1953,0.018479751009670607,0.4946808510638298
9310,0.9322,5,10,5,603625,1985,106008,1948,0.018387120678795065,0.49529621154335113
9311,0.9323,2,3,2,603628,1982,106010,1946,0.0183593315795324,0.4954175152749491
9312,0.9324,1,2,1,603630,1980,106011,1945,0.018340805513357292,0.49554140127388535
9313,0.9325,5,8,5,603638,1972,106016,1940,0.01826670124865686,0.49591002044989774
9314,0.9326,1,6,1,603644,1966,106017,1939,0.018211123050131534,0.4965428937259923
9315,0.9327,9,9,9,603653,1957,106026,1930,0.018127755752343547,0.4965268844867507
9316,0.9328,2,6,2,603659,1951,106028,1928,0.018072177553818222,0.49703531838102605
9317,0.9329,5,6,5,603665,1945,106033,1923,0.018016599355292897,0.4971561530506722
9318,0.933,7,5,7,603670,1940,106040,1916,0.017970284189855128,0.49688796680497926
9319,0.9331,6,12,6,603682,1928,106046,1910,0.017859127792804477,0.49765502866076083
9320,0.9332,0,3,0,603685,1925,106046,1910,0.017831338693541813,0.4980443285528031
9321,0.9333,3,5,3,603690,1920,106049,1907,0.017785023528104044,0.4983015416775542
9322,0.9334,4,1,4,603691,1919,106053,1903,0.017775760495016488,0.4979068550497122
9323,0.9335,3,7,3,603698,1912,106056,1900,0.01771091926340361,0.49842602308499473
9324,0.9336,3,4,3,603702,1908,106059,1897,0.017673867131053393,0.4985545335085414
9325,0.9337,5,7,5,603709,1901,106064,1892,0.017609025899440512,0.498813604007382
9326,0.9338,2,2,2,603711,1899,106066,1890,0.017590499833265404,0.498812351543943
9327,0.9339,3,6,3,603717,1893,106069,1887,0.01753492163474008,0.4992063492063492
9328,0.934,2,3,2,603720,1890,106071,1885,0.017507132535477418,0.49933774834437084
9329,0.9341,1,4,1,603724,1886,106072,1884,0.0174700804031272,0.4997347480106101
9330,0.9342,2,5,2,603729,1881,106074,1882,0.017423765237689428,0.5001328727079458
9331,0.9343,6,5,6,603734,1876,106080,1876,0.01737745007225166,0.5
9332,0.9344,5,6,5,603740,1870,106085,1871,0.017321871873726333,0.500133654103181
9333,0.9345,6,7,6,603747,1863,106091,1865,0.017257030642113452,0.5002682403433476
9334,0.9346,6,7,6,603754,1856,106097,1859,0.017192189410500575,0.5004037685060565
9335,0.9347,3,13,3,603767,1843,106100,1856,0.017071769980362368,0.501757231684239
9336,0.9348,1,3,1,603770,1840,106101,1855,0.017043980881099707,0.5020297699594046
9337,0.9349,5,3,5,603773,1837,106106,1850,0.017016191781837046,0.5017629509085978
9338,0.935,4,7,4,603780,1830,106110,1846,0.016951350550224165,0.5021762785636561
9339,0.9351,2,6,2,603786,1824,106112,1844,0.01689577235169884,0.5027262813522355
9340,0.9352,9,10,9,603796,1814,106121,1835,0.016803142020823298,0.5028775006851192
9341,0.9353,2,7,2,603803,1807,106123,1833,0.01673830078921042,0.5035714285714286
9342,0.9354,1,3,1,603806,1804,106124,1832,0.016710511689947756,0.5038503850385039
9343,0.9355,4,6,4,603812,1798,106128,1828,0.01665493349142243,0.5041367898510756
9344,0.9356,8,3,8,603815,1795,106136,1820,0.01662714439215977,0.5034578146611342
9345,0.9357,3,3,3,603818,1792,106139,1817,0.016599355292897106,0.5034635633139374
9346,0.9358,1,5,1,603823,1787,106140,1816,0.016553040127459336,0.5040244240910352
9347,0.9359,2,1,2,603824,1786,106142,1814,0.01654377709437178,0.5038888888888889
9348,0.936,5,2,5,603826,1784,106147,1809,0.016525251028196672,0.5034789869190092
9349,0.9361,4,2,4,603828,1782,106151,1805,0.016506724962021564,0.5032060217451909
9350,0.9362,1,1,1,603829,1781,106152,1804,0.01649746192893401,0.503207810320781
9351,0.9363,3,5,3,603834,1776,106155,1801,0.01645114676349624,0.5034945485043333
9352,0.9364,0,4,0,603838,1772,106155,1801,0.01641409463114602,0.5040582143856703
9353,0.9365,11,9,11,603847,1763,106166,1790,0.016330727333358035,0.5037996059667886
9354,0.9366,2,1,2,603848,1762,106168,1788,0.01632146430027048,0.5036619718309859
9355,0.9367,2,3,2,603851,1759,106170,1786,0.01629367520100782,0.5038081805359661
9356,0.9368,10,10,10,603861,1749,106180,1776,0.016201044870132277,0.5038297872340426
9357,0.9369,6,4,6,603865,1745,106186,1770,0.01616399273778206,0.5035561877667141
9358,0.937,5,6,5,603871,1739,106191,1765,0.016108414539256734,0.5037100456621004
9359,0.9371,4,5,4,603876,1734,106195,1761,0.01606209937381896,0.503862660944206
9360,0.9372,6,6,6,603882,1728,106201,1755,0.016006521175293636,0.5038759689922481
9361,0.9373,1,4,1,603886,1724,106202,1754,0.01596946904294342,0.5043128234617597
9362,0.9374,9,5,9,603891,1719,106211,1745,0.01592315387750565,0.5037528868360277
9363,0.9375,2,3,2,603894,1716,106213,1743,0.01589536477824299,0.5039028620988725
9364,0.9376,1,4,1,603898,1712,106214,1742,0.015858312645892773,0.5043427909669947
9365,0.9377,2,1,2,603899,1711,106216,1740,0.015849049612805217,0.5042016806722689
9366,0.9378,8,4,8,603903,1707,106224,1732,0.015811997480455,0.5036347775516138
9367,0.9379,3,2,3,603905,1705,106227,1729,0.01579347141427989,0.5034944670937682
9368,0.938,4,9,4,603914,1696,106231,1725,0.015710104116491905,0.5042385267465653
9369,0.9381,5,2,5,603916,1694,106236,1720,0.015691578050316797,0.5038078500292912
9370,0.9382,3,7,3,603923,1687,106239,1717,0.015626736818703916,0.504406580493537
9371,0.9383,3,3,3,603926,1684,106242,1714,0.015598947719441253,0.5044143613890524
9372,0.9384,6,2,6,603928,1682,106248,1708,0.015580421653266145,0.503834808259587
9373,0.9385,2,0,2,603928,1682,106250,1706,0.015580421653266145,0.5035419126328218
9374,0.9386,2,4,2,603932,1678,106252,1704,0.015543369520915928,0.5038438793613247
9375,0.9387,5,10,5,603942,1668,106257,1699,0.015450739190040386,0.5046035046035046
9376,0.9388,6,6,6,603948,1662,106263,1693,0.015395160991515063,0.5046199701937407
9377,0.9389,2,4,2,603952,1658,106265,1691,0.015358108859164846,0.5049268438339803
9378,0.939,2,0,2,603952,1658,106267,1689,0.015358108859164846,0.5046310128473259
9379,0.9391,0,2,0,603954,1656,106267,1689,0.015339582792989737,0.5049327354260089
9380,0.9392,5,3,5,603957,1653,106272,1684,0.015311793693727075,0.5046448906203177
9381,0.9393,0,5,0,603962,1648,106272,1684,0.015265478528289304,0.5054021608643458
9382,0.9394,5,12,5,603974,1636,106277,1679,0.015154322131238653,0.5064856711915535
9383,0.9395,3,4,3,603978,1632,106280,1676,0.015117269998888436,0.5066505441354293
9384,0.9396,2,1,2,603979,1631,106282,1674,0.015108006965800882,0.5065052950075642
9385,0.9397,5,3,5,603982,1628,106287,1669,0.01508021786653822,0.5062177737336973
9386,0.9398,0,4,0,603986,1624,106287,1669,0.015043165734188003,0.5068326753720012
9387,0.9399,5,7,5,603993,1617,106292,1664,0.014978324502575123,0.5071624504724169
9388,0.94,7,9,7,604002,1608,106299,1657,0.014894957204787136,0.5075038284839204
9389,0.9401,1,2,1,604004,1606,106300,1656,0.014876431138612027,0.5076640098099325
9390,0.9402,2,2,2,604006,1604,106302,1654,0.014857905072436919,0.5076734192756293
9391,0.9403,4,7,4,604013,1597,106306,1650,0.01479306384082404,0.5081613797351401
9392,0.9404,1,7,1,604020,1590,106307,1649,0.01472822260921116,0.5091077493053412
9393,0.9405,3,6,3,604026,1584,106310,1646,0.014672644410685835,0.5095975232198142
9394,0.9406,4,7,4,604033,1577,106314,1642,0.014607803179072955,0.5100963031997515
9395,0.9407,4,1,4,604034,1576,106318,1638,0.014598540145985401,0.5096453018046049
9396,0.9408,2,3,2,604037,1573,106320,1636,0.014570751046722738,0.5098161421003428
9397,0.9409,6,5,6,604042,1568,106326,1630,0.014524435881284967,0.5096935584740463
9398,0.941,9,4,9,604046,1564,106335,1621,0.01448738374893475,0.5089481946624804
9399,0.9411,5,5,5,604051,1559,106340,1616,0.01444106858349698,0.5089763779527559
9400,0.9412,1,6,1,604057,1553,106341,1615,0.014385490384971654,0.5097853535353535
9401,0.9413,3,0,3,604057,1553,106344,1612,0.014385490384971654,0.5093206951026856
9402,0.9414,4,4,4,604061,1549,106348,1608,0.01434843825262144,0.509344314222363
9403,0.9415,4,2,4,604063,1547,106352,1604,0.01432991218644633,0.5090447476991431
9404,0.9416,6,8,6,604071,1539,106358,1598,0.014255807921745897,0.5094038890659867
9405,0.9417,5,13,5,604084,1526,106363,1593,0.014135388491607693,0.5107406219942289
9406,0.9418,4,8,4,604092,1518,106367,1589,0.014061284226907259,0.5114258126810428
9407,0.9419,1,8,1,604100,1510,106368,1588,0.013987179962206825,0.5125887669464171
9408,0.942,3,9,3,604109,1501,106371,1585,0.013903812664418837,0.5136098509397278
9409,0.9421,3,6,3,604115,1495,106374,1582,0.013848234465893512,0.5141371465713357
9410,0.9422,5,11,5,604126,1484,106379,1577,0.013746341101930416,0.5151911140150278
9411,0.9423,2,4,2,604130,1480,106381,1575,0.0137092889695802,0.5155482815057283
9412,0.9424,5,7,5,604137,1473,106386,1570,0.01364444773796732,0.5159382188629642
9413,0.9425,4,3,4,604140,1470,106390,1566,0.013616658638704657,0.5158102766798419
9414,0.9426,6,5,6,604145,1465,106396,1560,0.013570343473266886,0.515702479338843
9415,0.9427,4,2,4,604147,1463,106400,1556,0.013551817407091778,0.5154024511427625
9416,0.9428,3,2,3,604149,1461,106403,1553,0.01353329134091667,0.5152621101526211
9417,0.9429,4,5,4,604154,1456,106407,1549,0.013486976175478898,0.5154742096505823
9418,0.943,1,7,1,604161,1449,106408,1548,0.013422134943866019,0.5165165165165165
9419,0.9431,4,3,4,604164,1446,106412,1544,0.013394345844603356,0.5163879598662208
9420,0.9432,2,3,2,604167,1443,106414,1542,0.013366556745340694,0.5165829145728643
9421,0.9433,1,8,1,604175,1435,106415,1541,0.013292452480640262,0.5178091397849462
9422,0.9434,1,7,1,604182,1428,106416,1540,0.013227611249027382,0.5188679245283019
9423,0.9435,4,7,4,604189,1421,106420,1536,0.013162770017414503,0.5194453838349679
9424,0.9436,1,0,1,604189,1421,106421,1535,0.013162770017414503,0.5192828146143437
9425,0.9437,13,16,13,604205,1405,106434,1522,0.013014561488013636,0.5199863341305091
9426,0.9438,6,2,6,604207,1403,106440,1516,0.012996035421838527,0.5193559438163755
9427,0.9439,5,9,5,604216,1394,106445,1511,0.01291266812405054,0.5201376936316695
9428,0.944,3,2,3,604218,1392,106448,1508,0.012894142057875431,0.52
9429,0.9441,4,2,4,604220,1390,106452,1504,0.012875615991700323,0.5196959225984796
9430,0.9442,1,10,1,604230,1380,106453,1503,0.01278298566082478,0.5213319458896982
9431,0.9443,1,1,1,604231,1379,106454,1502,0.012773722627737226,0.5213467545990975
9432,0.9444,3,4,3,604235,1375,106457,1499,0.01273667049538701,0.5215727209464162
9433,0.9445,3,1,3,604236,1374,106460,1496,0.012727407462299455,0.5212543554006969
9434,0.9447,11,4,11,604240,1370,106471,1485,0.012690355329949238,0.5201401050788091
9435,0.9448,4,3,4,604243,1367,106475,1481,0.012662566230686576,0.5200140449438202
9436,0.9449,1,3,1,604246,1364,106476,1480,0.012634777131423913,0.5203938115330521
9437,0.945,3,8,3,604254,1356,106479,1477,0.01256067286672348,0.5213554535827745
9438,0.9451,1,5,1,604259,1351,106480,1476,0.012514357701285709,0.5221082419526
9439,0.9452,4,1,4,604260,1350,106484,1472,0.012505094668198154,0.5216158752657689
9440,0.9453,4,6,4,604266,1344,106488,1468,0.01244951646967283,0.5220483641536273
9441,0.9454,1,2,1,604268,1342,106489,1467,0.01243099040349772,0.522249911000356
9442,0.9455,1,4,1,604272,1338,106490,1466,0.012393938271147504,0.5228245363766049
9443,0.9456,3,6,3,604278,1332,106493,1463,0.012338360072622179,0.5234347048300537
9444,0.9457,4,6,4,604284,1326,106497,1459,0.012282781874096853,0.5238779174147217
9445,0.9458,5,5,5,604289,1321,106502,1454,0.012236466708659082,0.5239639639639639
9446,0.946,8,8,8,604297,1313,106510,1446,0.01216236244395865,0.5241029358463212
9447,0.9461,4,5,4,604302,1308,106514,1442,0.01211604727852088,0.5243636363636364
9448,0.9462,1,2,1,604304,1306,106515,1441,0.012097521212345771,0.5245722606479796
9449,0.9463,2,2,2,604306,1304,106517,1439,0.012078995146170663,0.5246080933284725
9450,0.9464,2,4,2,604310,1300,106519,1437,0.012041943013820446,0.5250274022652539
9451,0.9465,1,2,1,604312,1298,106520,1436,0.012023416947645338,0.5252377468910022
9452,0.9466,6,4,6,604316,1294,106526,1430,0.01198636481529512,0.5249632892804699
9453,0.9467,4,6,4,604322,1288,106530,1426,0.011930786616769795,0.5254237288135594
9454,0.9468,5,7,5,604329,1281,106535,1421,0.011865945385156916,0.5259067357512953
9455,0.9469,4,3,4,604332,1278,106539,1417,0.011838156285894253,0.5257884972170687
9456,0.947,2,3,2,604335,1275,106541,1415,0.01181036718663159,0.5260223048327137
9457,0.9471,5,3,5,604338,1272,106546,1410,0.011782578087368928,0.5257270693512305
9458,0.9472,5,8,5,604346,1264,106551,1405,0.011708473822668495,0.5264143874110153
9459,0.9473,6,5,6,604351,1259,106557,1399,0.011662158657230724,0.5263355906696765
9460,0.9474,4,7,4,604358,1252,106561,1395,0.011597317425617844,0.5270117113713638
9461,0.9475,9,7,9,604365,1245,106570,1386,0.011532476194004965,0.5267958950969214
9462,0.9476,1,3,1,604368,1242,106571,1385,0.011504687094742302,0.5272173582032736
9463,0.9477,6,3,6,604371,1239,106577,1379,0.01147689799547964,0.5267379679144385
9464,0.9478,2,1,2,604372,1238,106579,1377,0.011467634962392085,0.5265774378585086
9465,0.9479,1,2,1,604374,1236,106580,1376,0.011449108896216977,0.5267993874425727
9466,0.948,3,2,3,604376,1234,106583,1373,0.011430582830041868,0.5266589950134254
9467,0.9481,1,1,1,604377,1233,106584,1372,0.011421319796954314,0.526679462571977
9468,0.9482,6,5,6,604382,1228,106590,1366,0.011375004631516543,0.5265998457979953
9469,0.9483,0,2,0,604384,1226,106590,1366,0.011356478565341435,0.5270061728395061
9470,0.9484,0,1,0,604385,1225,106590,1366,0.01134721553225388,0.5272095715939792
9471,0.9485,9,9,9,604394,1216,106599,1357,0.011263848234465893,0.5273999222697241
9472,0.9486,3,1,3,604395,1215,106602,1354,0.011254585201378339,0.5270533281432463
9473,0.9487,3,2,3,604397,1213,106605,1351,0.01123605913520323,0.5269110764430577
9474,0.9488,1,3,1,604400,1210,106606,1350,0.011208270035940568,0.52734375
9475,0.9489,7,1,7,604401,1209,106613,1343,0.011199007002853013,0.5262539184952978
9476,0.949,2,5,2,604406,1204,106615,1341,0.011152691837415244,0.5269155206286837
9477,0.9491,11,2,11,604408,1202,106626,1330,0.011134165771240136,0.5252764612954186
9478,0.9492,4,1,4,604409,1201,106630,1326,0.011124902738152581,0.5247328848436882
9479,0.9493,3,2,3,604411,1199,106633,1323,0.011106376671977473,0.5245836637589215
9480,0.9494,6,5,6,604416,1194,106639,1317,0.011060061506539702,0.5244922341696535
9481,0.9495,1,1,1,604417,1193,106640,1316,0.011050798473452148,0.5245117576723795
9482,0.9496,8,4,8,604421,1189,106648,1308,0.011013746341101931,0.5238285943131759
9483,0.9497,4,5,4,604426,1184,106652,1304,0.01096743117566416,0.5241157556270096
9484,0.9498,2,3,2,604429,1181,106654,1302,0.010939642076401497,0.5243656866693516
9485,0.9499,2,3,2,604432,1178,106656,1300,0.010911852977138835,0.5246166263115416
9486,0.95,12,13,12,604445,1165,106668,1288,0.01079143354700063,0.525071341214839
9487,0.9501,7,6,7,604451,1159,106675,1281,0.010735855348475305,0.525
9488,0.9502,1,5,1,604456,1154,106676,1280,0.010689540183037534,0.5258833196384552
9489,0.9503,3,3,3,604459,1151,106679,1277,0.010661751083774871,0.5259472817133443
9490,0.9504,8,6,8,604465,1145,106687,1269,0.010606172885249546,0.5256835128417564
9491,0.9505,1,0,1,604465,1145,106688,1268,0.010606172885249546,0.5254869457107335
9492,0.9506,7,3,7,604468,1142,106695,1261,0.010578383785986883,0.5247607157719517
9493,0.9507,8,1,8,604469,1141,106703,1253,0.01056912075289933,0.5233918128654971
9494,0.9508,4,4,4,604473,1137,106707,1249,0.010532068620549112,0.5234702430846605
9495,0.9509,6,10,6,604483,1127,106713,1243,0.01043943828967357,0.5244725738396624
9496,0.951,1,0,1,604483,1127,106714,1242,0.01043943828967357,0.5242718446601942
9497,0.9511,3,2,3,604485,1125,106717,1239,0.010420912223498462,0.5241116751269036
9498,0.9512,5,7,5,604492,1118,106722,1234,0.010356070991885583,0.5246598639455783
9499,0.9513,2,5,2,604497,1113,106724,1232,0.010309755826447812,0.5253731343283582
9500,0.9514,2,2,2,604499,1111,106726,1230,0.010291229760272703,0.5254164886800513
9501,0.9515,6,3,6,604502,1108,106732,1224,0.01026344066101004,0.5248713550600344
9502,0.9516,4,10,4,604512,1098,106736,1220,0.010170810330134498,0.5263157894736842
9503,0.9517,2,7,2,604519,1091,106738,1218,0.01010596909852162,0.5275010827197921
9504,0.9518,5,4,5,604523,1087,106743,1213,0.010068916966171404,0.5273913043478261
9505,0.9519,4,5,4,604528,1082,106747,1209,0.010022601800733633,0.5277171540811872
9506,0.952,7,7,7,604535,1075,106754,1202,0.009957760569120754,0.5278875713658322
9507,0.9521,1,2,1,604537,1073,106755,1201,0.009939234502945645,0.5281442392260334
9508,0.9522,3,7,3,604544,1066,106758,1198,0.009874393271332766,0.5291519434628975
9509,0.9523,4,8,4,604552,1058,106762,1194,0.009800289006632332,0.5301953818827708
9510,0.9524,3,5,3,604557,1053,106765,1191,0.009753973841194561,0.5307486631016043
9511,0.9525,7,14,7,604571,1039,106772,1184,0.009624291377968802,0.5326135852451642
9512,0.9527,0,3,0,604574,1036,106772,1184,0.00959650227870614,0.5333333333333333
9513,0.9528,5,5,5,604579,1031,106777,1179,0.009550187113268369,0.5334841628959276
9514,0.9529,5,8,5,604587,1023,106782,1174,0.009476082848567935,0.5343650432407829
9515,0.953,1,4,1,604591,1019,106783,1173,0.009439030716217718,0.5351277372262774
9516,0.9531,1,3,1,604594,1016,106784,1172,0.009411241616955055,0.5356489945155393
9517,0.9532,3,7,3,604601,1009,106787,1169,0.009346400385342176,0.5367309458218549
9518,0.9533,5,3,5,604604,1006,106792,1164,0.009318611286079513,0.5364055299539171
9519,0.9534,4,4,4,604608,1002,106796,1160,0.009281559153729297,0.5365402405180388
9520,0.9535,4,9,4,604617,993,106800,1156,0.009198191855941309,0.5379246161005119
9521,0.9536,3,3,3,604620,990,106803,1153,0.009170402756678646,0.5380307979468035
9522,0.9537,0,3,0,604623,987,106803,1153,0.009142613657415984,0.538785046728972
9523,0.9538,5,4,5,604627,983,106808,1148,0.009105561525065767,0.5387142186766776
9524,0.9539,0,3,0,604630,980,106808,1148,0.009077772425803104,0.5394736842105263
9525,0.954,3,6,3,604636,974,106811,1145,0.00902219422727778,0.5403492213308164
9526,0.9541,4,5,4,604641,969,106815,1141,0.00897587906184001,0.5407582938388625
9527,0.9542,4,7,4,604648,962,106819,1137,0.00891103783022713,0.541686517389233
9528,0.9543,4,4,4,604652,958,106823,1133,0.008873985697876913,0.5418460066953611
9529,0.9544,2,0,2,604652,958,106825,1131,0.008873985697876913,0.5414073719483006
9530,0.9545,2,3,2,604655,955,106827,1129,0.00884619659861425,0.541746641074856
9531,0.9546,1,0,1,604655,955,106828,1128,0.00884619659861425,0.5415266442630821
9532,0.9547,0,1,0,604656,954,106828,1128,0.008836933565526697,0.5417867435158501
9533,0.9548,2,2,2,604658,952,106830,1126,0.008818407499351588,0.5418671799807507
9534,0.9549,2,5,2,604663,947,106832,1124,0.008772092333913817,0.5427329792370835
9535,0.955,5,8,5,604671,939,106837,1119,0.008697988069213384,0.543731778425656
9536,0.9551,6,7,6,604678,932,106843,1113,0.008633146837600504,0.5442542787286063
9537,0.9552,5,7,5,604685,925,106848,1108,0.008568305605987625,0.5450073782587309
9538,0.9553,1,1,1,604686,924,106849,1107,0.00855904257290007,0.5450516986706057
9539,0.9554,3,1,3,604687,923,106852,1104,0.008549779539812516,0.5446472619634929
9540,0.9555,4,9,4,604696,914,106856,1100,0.008466412242024528,0.5461767626613704
9541,0.9556,2,3,2,604699,911,106858,1098,0.008438623142761866,0.5465405674464908
9542,0.9557,4,2,4,604701,909,106862,1094,0.008420097076586757,0.54618072890664
9543,0.9558,3,12,3,604713,897,106865,1091,0.008308940679536107,0.5487927565392354
9544,0.9559,3,0,3,604713,897,106868,1088,0.008308940679536107,0.548110831234257
9545,0.956,0,4,0,604717,893,106868,1088,0.00827188854718589,0.5492175668854115
9546,0.9561,2,3,2,604720,890,106870,1086,0.008244099447923228,0.5495951417004049
9547,0.9562,4,2,4,604722,888,106874,1082,0.00822557338174812,0.5492385786802031
9548,0.9563,0,4,0,604726,884,106874,1082,0.008188521249397902,0.5503560528992879
9549,0.9564,3,0,3,604726,884,106877,1079,0.008188521249397902,0.5496688741721855
9550,0.9565,6,13,6,604739,871,106883,1073,0.008068101819259698,0.551954732510288
9551,0.9566,5,2,5,604741,869,106888,1068,0.00804957575308459,0.551368094992256
9552,0.9567,1,8,1,604749,861,106889,1067,0.007975471488384157,0.5534232365145229
9553,0.9568,1,7,1,604756,854,106890,1066,0.007910630256771278,0.5552083333333333
9554,0.9569,2,4,2,604760,850,106892,1064,0.007873578124421061,0.5559038662486938
9555,0.9571,2,4,2,604764,846,106894,1062,0.007836525992070844,0.5566037735849056
9556,0.9572,2,1,2,604765,845,106896,1060,0.00782726295898329,0.5564304461942258
9557,0.9573,5,4,5,604769,841,106901,1055,0.007790210826633072,0.5564345991561181
9558,0.9574,6,4,6,604773,837,106907,1049,0.007753158694282856,0.556203605514316
9559,0.9575,4,4,4,604777,833,106911,1045,0.007716106561932639,0.5564430244941427
9560,0.9576,2,1,2,604778,832,106913,1043,0.0077068435288450855,0.5562666666666667
9561,0.9577,6,8,6,604786,824,106919,1037,0.007632739264144652,0.5572272971520688
9562,0.9578,8,9,8,604795,815,106927,1029,0.007549371966356664,0.5580260303687635
9563,0.9579,5,1,5,604796,814,106932,1024,0.00754010893326911,0.5571273122959739
9564,0.958,2,0,2,604796,814,106934,1022,0.00754010893326911,0.5566448801742919
9565,0.9581,4,4,4,604800,810,106938,1018,0.007503056800918893,0.5568927789934355
9566,0.9582,1,4,1,604804,806,106939,1017,0.007466004668568676,0.557871640153593
9567,0.9583,4,6,4,604810,800,106943,1013,0.007410426470043351,0.5587424158852731
9568,0.9584,0,2,0,604812,798,106943,1013,0.0073919004038682425,0.5593594699061292
9569,0.9585,1,1,1,604813,797,106944,1012,0.007382637370780688,0.5594250967385296
9570,0.9587,2,1,2,604814,796,106946,1010,0.007373374337693134,0.5592469545957918
9571,0.9588,1,4,1,604818,792,106947,1009,0.007336322205342917,0.5602443087173792
9572,0.9589,1,4,1,604822,788,106948,1008,0.0072992700729927005,0.5612472160356348
9573,0.959,2,1,2,604823,787,106950,1006,0.007290007039905146,0.5610708310094813
9574,0.9591,0,1,0,604824,786,106950,1006,0.007280744006817592,0.5613839285714286
9575,0.9592,7,4,7,604828,782,106957,999,0.007243691874467375,0.5609208309938237
9576,0.9593,2,1,2,604829,781,106959,997,0.007234428841379821,0.5607424071991001
9577,0.9594,1,0,1,604829,781,106960,996,0.007234428841379821,0.5604952166572875
9578,0.9595,13,6,13,604835,775,106973,983,0.007178850642854497,0.5591581342434585
9579,0.9596,5,3,5,604838,772,106978,978,0.007151061543591834,0.5588571428571428
9580,0.9597,0,1,0,604839,771,106978,978,0.00714179851050428,0.5591766723842195
9581,0.9598,3,7,3,604846,764,106981,975,0.0070769572788914005,0.5606670500287522
9582,0.9599,4,0,4,604846,764,106985,971,0.0070769572788914005,0.5596541786743516
9583,0.96,17,11,17,604857,753,107002,954,0.006975063914928304,0.5588752196836555
9584,0.9601,1,4,1,604861,749,107003,953,0.006938011782578087,0.5599294947121034
9585,0.9603,5,4,5,604865,745,107008,948,0.006900959650227871,0.5599527466036621
9586,0.9604,11,3,11,604868,742,107019,937,0.006873170550965208,0.5580702799285289
9587,0.9605,2,7,2,604875,735,107021,935,0.0068083293193523286,0.5598802395209581
9588,0.9606,1,8,1,604883,727,107022,934,0.006734225054651895,0.5623118603251054
9589,0.9607,0,2,0,604885,725,107022,934,0.0067156989884767865,0.5629897528631705
9590,0.9608,2,4,2,604889,721,107024,932,0.00667864685612657,0.5638233514821537
9591,0.9609,2,2,2,604891,719,107026,930,0.006660120789951461,0.5639781685870224
9592,0.961,2,3,2,604894,716,107028,928,0.0066323316906887995,0.5644768856447688
9593,0.9611,7,11,7,604905,705,107035,921,0.006530438326725703,0.566420664206642
9594,0.9612,2,5,2,604910,700,107037,919,0.006484123161287932,0.5676343421865349
9595,0.9613,3,2,3,604912,698,107040,916,0.006465597095112824,0.5675340768277571
9596,0.9614,0,4,0,604916,694,107040,916,0.006428544962762607,0.568944099378882
9597,0.9615,7,9,7,604925,685,107047,909,0.006345177664974619,0.5702634880803011
9598,0.9616,1,0,1,604925,685,107048,908,0.006345177664974619,0.5699937225360954
9599,0.9617,5,5,5,604930,680,107053,903,0.006298862499536848,0.5704358812381554
9600,0.9618,4,1,4,604931,679,107057,899,0.006289599466449294,0.5697084917617237
9601,0.9619,5,3,5,604934,676,107062,894,0.006261810367186631,0.5694267515923567
9602,0.962,2,3,2,604937,673,107064,892,0.006234021267923969,0.5699680511182109
9603,0.9621,1,2,1,604939,671,107065,891,0.00621549520174886,0.5704225352112676
9604,0.9622,5,5,5,604944,666,107070,886,0.006169180036311089,0.5708762886597938
9605,0.9623,4,3,4,604947,663,107074,882,0.006141390937048427,0.570873786407767
9606,0.9624,2,0,2,604947,663,107076,880,0.006141390937048427,0.5703175631885936
9607,0.9625,3,9,3,604956,654,107079,877,0.00605802363926044,0.5728282168517309
9608,0.9626,4,6,4,604962,648,107083,873,0.0060024454407351146,0.5739644970414202
9609,0.9627,2,1,2,604963,647,107085,871,0.00599318240764756,0.5737812911725956
9610,0.9629,5,5,5,604968,642,107090,866,0.005946867242209789,0.5742705570291777
9611,0.963,1,0,1,604968,642,107091,865,0.005946867242209789,0.5739880557398805
9612,0.9631,1,1,1,604969,641,107092,864,0.005937604209122235,0.5740863787375415
9613,0.9632,5,4,5,604973,637,107097,859,0.005900552076772018,0.5741978609625669
9614,0.9633,5,2,5,604975,635,107102,854,0.00588202601059691,0.5735392881128274
9615,0.9634,1,2,1,604977,633,107103,853,0.0058634999444218015,0.5740242261103634
9616,0.9635,1,2,1,604979,631,107104,852,0.005844973878246693,0.5745111260957518
9617,0.9638,0,2,0,604981,629,107104,852,0.005826447812071585,0.5752869682646861
9618,0.9639,1,3,1,604984,626,107105,851,0.005798658712808922,0.5761679079214624
9619,0.964,2,2,2,604986,624,107107,849,0.005780132646633814,0.5763747454175153
9620,0.9641,4,4,4,604990,620,107111,845,0.005743080514283597,0.5767918088737202
9621,0.9642,0,5,0,604995,615,107111,845,0.005696765348845826,0.5787671232876712
9622,0.9643,2,0,2,604995,615,107113,843,0.005696765348845826,0.5781893004115226
9623,0.9644,3,4,3,604999,611,107116,840,0.005659713216495609,0.5789110957960028
9624,0.9645,2,9,2,605008,602,107118,838,0.005576345918707622,0.5819444444444445
9625,0.9646,1,0,1,605008,602,107119,837,0.005576345918707622,0.5816539263377345
9626,0.9647,4,3,4,605011,599,107123,833,0.005548556819444959,0.5817039106145251
9627,0.9648,1,1,1,605012,598,107124,832,0.005539293786357405,0.5818181818181818
9628,0.9649,5,4,5,605016,594,107129,827,0.005502241654007188,0.5819845179451091
9629,0.965,5,6,5,605022,588,107134,822,0.005446663455481863,0.5829787234042553
9630,0.9651,0,1,0,605023,587,107134,822,0.005437400422394309,0.5833924769339958
9631,0.9652,1,3,1,605026,584,107135,821,0.005409611323131646,0.5843416370106762
9632,0.9653,5,2,5,605028,582,107140,816,0.005391085256956538,0.5836909871244635
9633,0.9654,4,1,4,605029,581,107144,812,0.005381822223868984,0.5829145728643216
9634,0.9655,5,2,5,605031,579,107149,807,0.005363296157693875,0.5822510822510822
9635,0.9656,2,2,2,605033,577,107151,805,0.005344770091518767,0.5824891461649783
9636,0.9657,5,2,5,605035,575,107156,800,0.0053262440253436585,0.5818181818181818
9637,0.9658,2,2,2,605037,573,107158,798,0.00530771795916855,0.5820568927789934
9638,0.9659,2,3,2,605040,570,107160,796,0.0052799288599058875,0.582723279648609
9639,0.966,7,7,7,605047,563,107167,789,0.005215087628293008,0.5835798816568047
9640,0.9661,3,5,3,605052,558,107170,786,0.005168772462855237,0.5848214285714286
9641,0.9662,0,2,0,605054,556,107170,786,0.005150246396680129,0.5856929955290611
9642,0.9663,2,1,2,605055,555,107172,784,0.0051409833635925745,0.585511575802838
9643,0.9664,2,0,2,605055,555,107174,782,0.0051409833635925745,0.5848915482423336
9644,0.9665,4,5,4,605060,550,107178,778,0.0050946681981548034,0.5858433734939759
9645,0.9666,1,0,1,605060,550,107179,777,0.0050946681981548034,0.5855312735493594
9646,0.9667,4,0,4,605060,550,107183,773,0.0050946681981548034,0.5842781557067271
9647,0.9668,4,1,4,605061,549,107187,769,0.005085405165067249,0.5834597875569044
9648,0.9669,1,2,1,605063,547,107188,768,0.005066879098892141,0.5840304182509506
9649,0.967,2,0,2,605063,547,107190,766,0.005066879098892141,0.5833968012185834
9650,0.9671,5,2,5,605065,545,107195,761,0.005048353032717033,0.5826952526799387
9651,0.9672,0,1,0,605066,544,107195,761,0.005039089999629479,0.5831417624521072
9652,0.9673,1,1,1,605067,543,107196,760,0.005029826966541925,0.5832693783576363
9653,0.9674,2,2,2,605069,541,107198,758,0.0050113009003668165,0.5835257890685143
9654,0.9675,8,8,8,605077,533,107206,750,0.004937196635666383,0.5845674201091192
9655,0.9676,4,2,4,605079,531,107210,746,0.0049186705694912744,0.5841816758026624
9656,0.9677,2,5,2,605084,526,107212,744,0.004872355404053503,0.5858267716535434
9657,0.9678,3,1,3,605085,525,107215,741,0.004863092370965949,0.5853080568720379
9658,0.9679,3,0,3,605085,525,107218,738,0.004863092370965949,0.5843230403800475
9659,0.968,6,1,6,605086,524,107224,732,0.004853829337878395,0.5828025477707006
9660,0.9681,2,4,2,605090,520,107226,730,0.004816777205528178,0.584
9661,0.9682,1,1,1,605091,519,107227,729,0.004807514172440624,0.5841346153846154
9662,0.9683,1,4,1,605095,515,107228,728,0.004770462040090407,0.585679806918745
9663,0.9684,5,4,5,605099,511,107233,723,0.00473340990774019,0.5858995137763371
9664,0.9685,1,4,1,605103,507,107234,722,0.0046963577753899735,0.5874694873881204
9665,0.9686,5,1,5,605104,506,107239,717,0.004687094742302419,0.5862632869991823
9666,0.9687,4,0,4,605104,506,107243,713,0.004687094742302419,0.5849056603773585
9667,0.9688,5,1,5,605105,505,107248,708,0.004677831709214865,0.5836768342951361
9668,0.9689,2,3,2,605108,502,107250,706,0.0046500426099522025,0.5844370860927153
9669,0.969,3,2,3,605110,500,107253,703,0.004631516543777094,0.5843724023275145
9670,0.9691,0,2,0,605112,498,107253,703,0.004612990477601986,0.585345545378851
9671,0.9692,4,2,4,605114,496,107257,699,0.004594464411426877,0.5849372384937238
9672,0.9693,1,0,1,605114,496,107258,698,0.004594464411426877,0.5845896147403685
9673,0.9694,2,4,2,605118,492,107260,696,0.0045574122790766605,0.5858585858585859
9674,0.9696,2,0,2,605118,492,107262,694,0.0045574122790766605,0.5851602023608768
9675,0.9697,2,2,2,605120,490,107264,692,0.004538886212901552,0.5854483925549916
9676,0.9698,2,2,2,605122,488,107266,690,0.0045203601467264445,0.5857385398981324
9677,0.9699,4,1,4,605123,487,107270,686,0.00451109711363889,0.5848252344416027
9678,0.97,26,20,26,605143,467,107296,660,0.004325836451887806,0.5856255545696539
9679,0.9701,1,1,1,605144,466,107297,659,0.004316573418800252,0.5857777777777777
9680,0.9702,1,3,1,605147,463,107298,658,0.0042887843195375894,0.5869759143621767
9681,0.9703,3,1,3,605148,462,107301,655,0.004279521286450035,0.5863921217547001
9682,0.9705,2,4,2,605152,458,107303,653,0.004242469154099818,0.5877587758775877
9683,0.9706,5,3,5,605155,455,107308,648,0.004214680054837156,0.5874886672710788
9684,0.9707,2,1,2,605156,454,107310,646,0.004205417021749602,0.5872727272727273
9685,0.9708,2,3,2,605159,451,107312,644,0.004177627922486939,0.5881278538812785
9686,0.971,2,2,2,605161,449,107314,642,0.004159101856311831,0.5884509624197983
9687,0.9711,1,0,1,605161,449,107315,641,0.004159101856311831,0.5880733944954128
9688,0.9712,3,1,3,605162,448,107318,638,0.004149838823224276,0.5874769797421732
9689,0.9713,1,1,1,605163,447,107319,637,0.004140575790136722,0.5876383763837638
9690,0.9714,3,1,3,605164,446,107322,634,0.004131312757049168,0.587037037037037
9691,0.9715,2,0,2,605164,446,107324,632,0.004131312757049168,0.5862708719851577
9692,0.9716,1,2,1,605166,444,107325,631,0.00411278669087406,0.5869767441860465
9693,0.9717,12,10,12,605176,434,107337,619,0.0040201563599985175,0.5878442545109211
9694,0.9718,3,3,3,605179,431,107340,616,0.003992367260735855,0.5883476599808978
9695,0.9719,1,0,1,605179,431,107341,615,0.003992367260735855,0.5879541108986616
9696,0.972,7,3,7,605182,428,107348,608,0.003964578161473193,0.5868725868725869
9697,0.9721,1,1,1,605183,427,107349,607,0.003955315128385639,0.5870406189555126
9698,0.9722,3,2,3,605185,425,107352,604,0.0039367890622105306,0.586977648202138
9699,0.9724,1,0,1,605185,425,107353,603,0.0039367890622105306,0.5865758754863813
9700,0.9725,4,0,4,605185,425,107357,599,0.0039367890622105306,0.5849609375
9701,0.9726,1,0,1,605185,425,107358,598,0.0039367890622105306,0.5845552297165201
9702,0.9727,1,0,1,605185,425,107359,597,0.0039367890622105306,0.5841487279843445
9703,0.9728,1,3,1,605188,422,107360,596,0.003908999962947868,0.5854616895874263
9704,0.9729,1,0,1,605188,422,107361,595,0.003908999962947868,0.5850540806293019
9705,0.973,2,3,2,605191,419,107363,593,0.003881210863685205,0.5859683794466403
9706,0.9731,1,0,1,605191,419,107364,592,0.003881210863685205,0.5855588526211671
9707,0.9732,3,3,3,605194,416,107367,589,0.0038534217644225427,0.5860696517412936
9708,0.9733,7,5,7,605199,411,107374,582,0.0038071065989847717,0.5861027190332326
9709,0.9734,1,0,1,605199,411,107375,581,0.0038071065989847717,0.5856854838709677
9710,0.9735,1,4,1,605203,407,107376,580,0.003770054466634555,0.5876393110435664
9711,0.9736,1,1,1,605204,406,107377,579,0.0037607914335470007,0.5878172588832488
9712,0.9737,1,1,1,605205,405,107378,578,0.0037515284004594465,0.5879959308240081
9713,0.9738,1,0,1,605205,405,107379,577,0.0037515284004594465,0.5875763747454175
9714,0.9741,2,0,2,605205,405,107381,575,0.0037515284004594465,0.5867346938775511
9715,0.9742,5,2,5,605207,403,107386,570,0.003733002334284338,0.5858170606372045
9716,0.9743,2,2,2,605209,401,107388,568,0.0037144762681092297,0.586171310629515
9717,0.9744,6,4,6,605213,397,107394,562,0.003677424135759013,0.5860271115745568
9718,0.9745,2,1,2,605214,396,107396,560,0.0036681611026714587,0.5857740585774058
9719,0.9746,3,3,3,605217,393,107399,557,0.003640372003408796,0.5863157894736842
9720,0.9747,3,2,3,605219,391,107402,554,0.0036218459372336876,0.5862433862433862
9721,0.9748,0,1,0,605220,390,107402,554,0.0036125829041461334,0.586864406779661
9722,0.9749,3,5,3,605225,385,107405,551,0.003566267738708363,0.5886752136752137
9723,0.975,8,4,8,605229,381,107413,543,0.003529215606358146,0.5876623376623377
9724,0.9751,2,1,2,605230,380,107415,541,0.003519952573270592,0.5874049945711184
9725,0.9752,2,3,2,605233,377,107417,539,0.003492163474007929,0.5884279475982532
9726,0.9754,1,3,1,605236,374,107418,538,0.0034643743747452666,0.5899122807017544
9727,0.9755,3,2,3,605238,372,107421,535,0.003445848308570158,0.5898566703417861
9728,0.9756,4,0,4,605238,372,107425,531,0.003445848308570158,0.5880398671096345
9729,0.9758,3,6,3,605244,366,107428,528,0.003390270110044833,0.5906040268456376
9730,0.976,1,2,1,605246,364,107429,527,0.0033717440438697246,0.5914702581369248
9731,0.9761,1,0,1,605246,364,107430,526,0.0033717440438697246,0.5910112359550562
9732,0.9762,2,0,2,605246,364,107432,524,0.0033717440438697246,0.5900900900900901
9733,0.9763,0,1,0,605247,363,107432,524,0.0033624810107821704,0.5907553551296505
9734,0.9767,3,4,3,605251,359,107435,521,0.0033254288784319535,0.5920454545454545
9735,0.9769,2,0,2,605251,359,107437,519,0.0033254288784319535,0.591116173120729
9736,0.977,2,1,2,605252,358,107439,517,0.0033161658453443998,0.5908571428571429
9737,0.9771,2,3,2,605255,355,107441,515,0.003288376746081737,0.5919540229885057
9738,0.9773,1,1,1,605256,354,107442,514,0.003279113712994183,0.5921658986175116
9739,0.9774,1,2,1,605258,352,107443,513,0.0032605876468190746,0.5930635838150289
9740,0.9775,3,2,3,605260,350,107446,510,0.003242061580643966,0.5930232558139535
9741,0.9776,2,3,2,605263,347,107448,508,0.0032142724813813035,0.5941520467836258
9742,0.9777,1,1,1,605264,346,107449,507,0.0032050094482937493,0.5943728018757327
9743,0.9778,3,2,3,605266,344,107452,504,0.003186483382118641,0.5943396226415094
9744,0.9779,1,1,1,605267,343,107453,503,0.0031772203490310867,0.5945626477541371
9745,0.978,2,3,2,605270,340,107455,501,0.003149431249768424,0.5957193816884662
9746,0.9782,3,5,3,605275,335,107458,498,0.003103116084330653,0.5978391356542617
9747,0.9783,0,1,0,605276,334,107458,498,0.003093853051243099,0.5985576923076923
9748,0.9784,1,2,1,605278,332,107459,497,0.0030753269850679905,0.5995174909529554
9749,0.9786,2,2,2,605280,330,107461,495,0.0030568009188928825,0.6
9750,0.9787,0,1,0,605281,329,107461,495,0.0030475378858053283,0.6007281553398058
9751,0.9788,1,0,1,605281,329,107462,494,0.0030475378858053283,0.6002430133657352
9752,0.9789,1,1,1,605282,328,107463,493,0.003038274852717774,0.6004872107186358
9753,0.979,5,2,5,605284,326,107468,488,0.0030197487865426657,0.5995085995085995
9754,0.9792,1,2,1,605286,324,107469,487,0.0030012227203675573,0.6004932182490752
9755,0.9793,3,2,3,605288,322,107472,484,0.002982696654192449,0.6004962779156328
9756,0.9794,2,1,2,605289,321,107474,482,0.0029734336211048947,0.6002490660024906
9757,0.9795,1,1,1,605290,320,107475,481,0.0029641705880173405,0.6004993757802747
9758,0.9796,0,1,0,605291,319,107475,481,0.0029549075549297863,0.60125
9759,0.9798,2,3,2,605294,316,107477,479,0.0029271184556671236,0.6025157232704402
9760,0.9799,1,1,1,605295,315,107478,478,0.0029178554225795694,0.6027742749054225
9761,0.98,44,19,44,605314,296,107522,434,0.00274185779391604,0.5945205479452055
9762,0.9801,6,6,6,605320,290,107528,428,0.0026862795953907148,0.596100278551532
9763,0.9802,4,2,4,605322,288,107532,424,0.0026677535292156064,0.5955056179775281
9764,0.9803,0,1,0,605323,287,107532,424,0.002658490496128052,0.5963431786216596
9765,0.9804,1,0,1,605323,287,107533,423,0.002658490496128052,0.5957746478873239
9766,0.9809,1,0,1,605323,287,107534,422,0.002658490496128052,0.5952045133991537
9767,0.981,0,1,0,605324,286,107534,422,0.002649227463040498,0.596045197740113
9768,0.9811,2,1,2,605325,285,107536,420,0.0026399644299529438,0.5957446808510638
9769,0.9813,1,0,1,605325,285,107537,419,0.0026399644299529438,0.5951704545454546
9770,0.9814,3,2,3,605327,283,107540,416,0.0026214383637778354,0.5951359084406295
9771,0.9816,0,2,0,605329,281,107540,416,0.002602912297602727,0.5968436154949784
9772,0.9817,3,2,3,605331,279,107543,413,0.0025843862314276185,0.596820809248555
9773,0.9818,1,3,1,605334,276,107544,412,0.002556597132164956,0.5988372093023255
9774,0.9819,6,1,6,605335,275,107550,406,0.0025473340990774017,0.5961820851688693
9775,0.982,1,1,1,605336,274,107551,405,0.0025380710659898475,0.5964653902798233
9776,0.9821,2,2,2,605338,272,107553,403,0.0025195449998147395,0.597037037037037
9777,0.9822,1,1,1,605339,271,107554,402,0.0025102819667271853,0.5973254086181278
9778,0.9825,1,0,1,605339,271,107555,401,0.0025102819667271853,0.5967261904761905
9779,0.9826,2,2,2,605341,269,107557,399,0.002491755900552077,0.5973053892215568
9780,0.9827,1,1,1,605342,268,107558,398,0.0024824928674645227,0.5975975975975976
9781,0.9828,2,1,2,605343,267,107560,396,0.0024732298343769685,0.5972850678733032
9782,0.9829,3,2,3,605345,265,107563,393,0.00245470376820186,0.5972644376899696
9783,0.983,2,2,2,605347,263,107565,391,0.0024361777020267517,0.5978593272171254
9784,0.9831,2,1,2,605348,262,107567,389,0.0024269146689391975,0.5975422427035331
9785,0.9832,0,1,0,605349,261,107567,389,0.0024176516358516433,0.5984615384615385
9786,0.9833,7,4,7,605353,257,107574,382,0.0023805995035014265,0.5978090766823161
9787,0.9836,1,0,1,605353,257,107575,381,0.0023805995035014265,0.5971786833855799
9788,0.9838,6,4,6,605357,253,107581,375,0.0023435473711512097,0.5971337579617835
9789,0.9839,0,4,0,605361,249,107581,375,0.002306495238800993,0.6009615384615384
9790,0.984,4,0,4,605361,249,107585,371,0.002306495238800993,0.5983870967741935
9791,0.9843,1,2,1,605363,247,107586,370,0.0022879691726258844,0.5996758508914101
9792,0.9844,1,0,1,605363,247,107587,369,0.0022879691726258844,0.599025974025974
9793,0.9845,0,1,0,605364,246,107587,369,0.0022787061395383302,0.6
9794,0.9848,3,0,3,605364,246,107590,366,0.0022787061395383302,0.5980392156862745
9795,0.985,11,8,11,605372,238,107601,355,0.002204601874837897,0.5986509274873525
9796,0.9853,3,0,3,605372,238,107604,352,0.002204601874837897,0.5966101694915255
9797,0.9856,2,2,2,605374,236,107606,350,0.0021860758086627886,0.5972696245733788
9798,0.9857,1,0,1,605374,236,107607,349,0.0021860758086627886,0.5965811965811966
9799,0.9858,2,0,2,605374,236,107609,347,0.0021860758086627886,0.5951972555746141
9800,0.986,4,4,4,605378,232,107613,343,0.002149023676312572,0.5965217391304348
9801,0.9862,1,0,1,605378,232,107614,342,0.002149023676312572,0.5958188153310104
9802,0.9864,1,3,1,605381,229,107615,341,0.002121234577049909,0.5982456140350877
9803,0.9865,4,1,4,605382,228,107619,337,0.002111971543962355,0.5964601769911504
9804,0.9866,1,0,1,605382,228,107620,336,0.002111971543962355,0.5957446808510638
9805,0.9867,4,4,4,605386,224,107624,332,0.002074919411612138,0.5971223021582733
9806,0.9868,2,1,2,605387,223,107626,330,0.002065656378524584,0.596745027124774
9807,0.9869,0,1,0,605388,222,107626,330,0.00205639334543703,0.5978260869565217
9808,0.987,2,0,2,605388,222,107628,328,0.00205639334543703,0.5963636363636363
9809,0.9871,6,0,6,605388,222,107634,322,0.00205639334543703,0.5919117647058824
9810,0.9872,1,3,1,605391,219,107635,321,0.002028604246174367,0.5944444444444444
9811,0.9873,2,0,2,605391,219,107637,319,0.002028604246174367,0.5929368029739777
9812,0.9875,1,1,1,605392,218,107638,318,0.002019341213086813,0.5932835820895522
9813,0.9876,2,0,2,605392,218,107640,316,0.002019341213086813,0.5917602996254682
9814,0.9879,0,1,0,605393,217,107640,316,0.0020100781799992588,0.5928705440900562
9815,0.988,7,5,7,605398,212,107647,309,0.001963763014561488,0.5930902111324377
9816,0.9883,2,5,2,605403,207,107649,307,0.0019174478491237172,0.5972762645914397
9817,0.9884,0,2,0,605405,205,107649,307,0.0018989217829486088,0.599609375
9818,0.9885,1,1,1,605406,204,107650,306,0.0018896587498610545,0.6
9819,0.9886,2,3,2,605409,201,107652,304,0.001861869650598392,0.601980198019802
9820,0.9888,1,0,1,605409,201,107653,303,0.001861869650598392,0.6011904761904762
9821,0.9892,0,1,0,605410,200,107653,303,0.0018526066175108377,0.6023856858846919
9822,0.9894,1,0,1,605410,200,107654,302,0.0018526066175108377,0.601593625498008
9823,0.9895,0,2,0,605412,198,107654,302,0.0018340805513357293,0.604
9824,0.9896,1,2,1,605414,196,107655,301,0.001815554485160621,0.6056338028169014
9825,0.9898,1,3,1,605417,193,107656,300,0.0017877653858979585,0.6085192697768763
9826,0.9899,1,0,1,605417,193,107657,299,0.0017877653858979585,0.6077235772357723
9827,0.99,72,37,72,605454,156,107729,227,0.0014450331616584534,0.5926892950391645
9828,0.9901,0,1,0,605455,155,107729,227,0.0014357701285708992,0.5942408376963351
9829,0.9908,1,1,1,605456,154,107730,226,0.001426507095483345,0.5947368421052631
9830,0.9912,1,0,1,605456,154,107731,225,0.001426507095483345,0.5936675461741425
9831,0.9913,1,0,1,605456,154,107732,224,0.001426507095483345,0.5925925925925926
9832,0.9917,2,1,2,605457,153,107734,222,0.0014172440623957908,0.592
9833,0.9918,1,2,1,605459,151,107735,221,0.0013987179962206824,0.5940860215053764
9834,0.9919,1,1,1,605460,150,107736,220,0.0013894549631331284,0.5945945945945946
9835,0.992,2,2,2,605462,148,107738,218,0.00137092889695802,0.5956284153005464
9836,0.9922,1,2,1,605464,146,107739,217,0.0013524028307829116,0.5977961432506887
9837,0.9924,0,3,0,605467,143,107739,217,0.001324613731520249,0.6027777777777777
9838,0.9925,7,1,7,605468,142,107746,210,0.0013153506984326948,0.5965909090909091
9839,0.9927,0,1,0,605469,141,107746,210,0.0013060876653451406,0.5982905982905983
9840,0.993,4,1,4,605470,140,107750,206,0.0012968246322575864,0.5953757225433526
9841,0.9932,1,3,1,605473,137,107751,205,0.0012690355329949238,0.5994152046783626
9842,0.9933,9,2,9,605475,135,107760,196,0.0012505094668198156,0.5921450151057401
9843,0.9935,1,0,1,605475,135,107761,195,0.0012505094668198156,0.5909090909090909
9844,0.994,2,2,2,605477,133,107763,193,0.0012319834006447072,0.5920245398773006
9845,0.9942,2,3,2,605480,130,107765,191,0.0012041943013820445,0.5950155763239875
9846,0.9943,1,0,1,605480,130,107766,190,0.0012041943013820445,0.59375
9847,0.9947,1,0,1,605480,130,107767,189,0.0012041943013820445,0.5924764890282131
9848,0.995,19,9,19,605489,121,107786,170,0.001120827003594057,0.584192439862543
9849,0.9955,0,1,0,605490,120,107786,170,0.0011115639705065027,0.5862068965517241
9850,0.9956,0,1,0,605491,119,107786,170,0.0011023009374189485,0.5882352941176471
9851,0.9957,1,1,1,605492,118,107787,169,0.0010930379043313943,0.5888501742160279
9852,0.9958,1,0,1,605492,118,107788,168,0.0010930379043313943,0.5874125874125874
9853,0.996,2,2,2,605494,116,107790,166,0.001074511838156286,0.5886524822695035
9854,0.9962,3,1,3,605495,115,107793,163,0.0010652488050687317,0.5863309352517986
9855,0.9965,1,0,1,605495,115,107794,162,0.0010652488050687317,0.5848375451263538
9856,0.9967,3,2,3,605497,113,107797,159,0.0010467227388936233,0.5845588235294118
9857,0.9971,3,3,3,605500,110,107800,156,0.0010189336396309607,0.5864661654135338
9858,0.9975,7,3,7,605503,107,107807,149,0.0009911445403682983,0.58203125
9859,0.998,2,4,2,605507,103,107809,147,0.0009540924080180815,0.588
9860,0.9981,0,1,0,605508,102,107809,147,0.0009448293749305273,0.5903614457831325
9861,0.9982,0,1,0,605509,101,107809,147,0.0009355663418429731,0.592741935483871
9862,0.9985,1,0,1,605509,101,107810,146,0.0009355663418429731,0.5910931174089069
9863,1.0,146,101,146,605610,0,107956,0,0.0,
