p,Neg,Pos,mPrec,TN,FP,FN,TP,Prec,Rec,FP/P,$\hat{p}$
0.0,"6,702",52,0.01,"6,702","598,908",52,"107,904",0.15,1.00,5.55,0.99
0.01,44,0,0.00,"6,746","598,864",52,"107,904",0.15,1.00,5.55,0.99
0.02,"2,912",39,0.01,"9,658","595,952",91,"107,865",0.15,1.00,5.52,0.99
0.03,"3,618",31,0.01,"13,276","592,334",122,"107,834",0.15,1.00,5.49,0.98
0.04,"4,242",35,0.01,"17,518","588,092",157,"107,799",0.15,1.00,5.45,0.98
0.05,"4,832",64,0.01,"22,350","583,260",221,"107,735",0.16,1.00,5.40,0.97
0.06,"5,361",69,0.01,"27,711","577,899",290,"107,666",0.16,1.00,5.35,0.96
0.07,"6,103",107,0.02,"33,814","571,796",397,"107,559",0.16,1.00,5.30,0.95
0.08,"6,544",112,0.02,"40,358","565,252",509,"107,447",0.16,1.00,5.24,0.94
0.09,"7,000",132,0.02,"47,358","558,252",641,"107,315",0.16,0.99,5.17,0.93
0.1,"7,517",137,0.02,"54,875","550,735",778,"107,178",0.16,0.99,5.10,0.92
0.11,"7,876",143,0.02,"62,751","542,859",921,"107,035",0.16,0.99,5.03,0.91
0.12,"8,209",150,0.02,"70,960","534,650","1,071","106,885",0.17,0.99,4.95,0.90
0.13,"8,642",180,0.02,"79,602","526,008","1,251","106,705",0.17,0.99,4.87,0.89
0.14,"8,943",221,0.02,"88,545","517,065","1,472","106,484",0.17,0.99,4.79,0.87
0.15,441,4,0.01,"88,986","516,624","1,476","106,480",0.17,0.99,4.79,0.87
0.16,"9,262",238,0.03,"98,248","507,362","1,714","106,242",0.17,0.98,4.70,0.86
0.17,"9,521",316,0.03,"107,769","497,841","2,030","105,926",0.18,0.98,4.61,0.85
0.18,"9,789",284,0.03,"117,558","488,052","2,314","105,642",0.18,0.98,4.52,0.83
0.19,"10,124",328,0.03,"127,682","477,928","2,642","105,314",0.18,0.98,4.43,0.82
0.2,"10,012",358,0.03,"137,694","467,916","3,000","104,956",0.18,0.97,4.33,0.80
0.21,"10,574",403,0.04,"148,268","457,342","3,403","104,553",0.19,0.97,4.24,0.79
0.22,"10,288",412,0.04,"158,556","447,054","3,815","104,141",0.19,0.96,4.14,0.77
0.23,"10,550",431,0.04,"169,106","436,504","4,246","103,710",0.19,0.96,4.04,0.76
0.24,"10,745",467,0.04,"179,851","425,759","4,713","103,243",0.20,0.96,3.94,0.74
0.25,"11,056",506,0.04,"190,907","414,703","5,219","102,737",0.20,0.95,3.84,0.73
0.26,"11,246",600,0.05,"202,153","403,457","5,819","102,137",0.20,0.95,3.74,0.71
0.27,"11,153",569,0.05,"213,306","392,304","6,388","101,568",0.21,0.94,3.63,0.69
0.28,"11,393",674,0.06,"224,699","380,911","7,062","100,894",0.21,0.93,3.53,0.68
0.29,833,38,0.04,"225,532","380,078","7,100","100,856",0.21,0.93,3.52,0.67
0.3,"11,658",720,0.06,"237,190","368,420","7,820","100,136",0.21,0.93,3.41,0.66
0.31,"11,603",747,0.06,"248,793","356,817","8,567","99,389",0.22,0.92,3.31,0.64
0.32,"11,342",814,0.07,"260,135","345,475","9,381","98,575",0.22,0.91,3.20,0.62
0.33,"11,285",789,0.07,"271,420","334,190","10,170","97,786",0.23,0.91,3.10,0.61
0.34,"11,275",900,0.07,"282,695","322,915","11,070","96,886",0.23,0.90,2.99,0.59
0.35,"11,428",903,0.07,"294,123","311,487","11,973","95,983",0.24,0.89,2.89,0.57
0.36,"10,984",886,0.07,"305,107","300,503","12,859","95,097",0.24,0.88,2.78,0.55
0.37,"11,199","1,075",0.09,"316,306","289,304","13,934","94,022",0.25,0.87,2.68,0.54
0.38,"11,311","1,025",0.08,"327,617","277,993","14,959","92,997",0.25,0.86,2.58,0.52
0.39,"10,795","1,055",0.09,"338,412","267,198","16,014","91,942",0.26,0.85,2.48,0.50
0.4,"10,841","1,196",0.10,"349,253","256,357","17,210","90,746",0.26,0.84,2.37,0.49
0.41,"10,786","1,181",0.10,"360,039","245,571","18,391","89,565",0.27,0.83,2.27,0.47
0.42,"10,724","1,203",0.10,"370,763","234,847","19,594","88,362",0.27,0.82,2.18,0.45
0.43,923,91,0.09,"371,686","233,924","19,685","88,271",0.27,0.82,2.17,0.45
0.44,"10,444","1,301",0.11,"382,130","223,480","20,986","86,970",0.28,0.81,2.07,0.44
0.45,"10,196","1,363",0.12,"392,326","213,284","22,349","85,607",0.29,0.79,1.98,0.42
0.46,"9,855","1,304",0.12,"402,181","203,429","23,653","84,303",0.29,0.78,1.88,0.40
0.47,"9,823","1,415",0.13,"412,004","193,606","25,068","82,888",0.30,0.77,1.79,0.39
0.48,"9,373","1,464",0.14,"421,377","184,233","26,532","81,424",0.31,0.75,1.71,0.37
0.49,"9,273","1,532",0.14,"430,650","174,960","28,064","79,892",0.31,0.74,1.62,0.36
0.5,"8,869","1,503",0.14,"439,519","166,091","29,567","78,389",0.32,0.73,1.54,0.34
0.51,"8,831","1,587",0.15,"448,350","157,260","31,154","76,802",0.33,0.71,1.46,0.33
0.52,"8,758","1,683",0.16,"457,108","148,502","32,837","75,119",0.34,0.70,1.38,0.31
0.53,"8,318","1,577",0.16,"465,426","140,184","34,414","73,542",0.34,0.68,1.30,0.30
0.54,"8,016","1,684",0.17,"473,442","132,168","36,098","71,858",0.35,0.67,1.22,0.29
0.55,"7,793","1,750",0.18,"481,235","124,375","37,848","70,108",0.36,0.65,1.15,0.27
0.56,"7,573","1,808",0.19,"488,808","116,802","39,656","68,300",0.37,0.63,1.08,0.26
0.57,"7,231","1,859",0.20,"496,039","109,571","41,515","66,441",0.38,0.62,1.01,0.25
0.58,664,177,0.21,"496,703","108,907","41,692","66,264",0.38,0.61,1.01,0.25
0.59,"7,041","1,799",0.20,"503,744","101,866","43,491","64,465",0.39,0.60,0.94,0.23
0.6,"6,747","1,894",0.22,"510,491","95,119","45,385","62,571",0.40,0.58,0.88,0.22
0.61,"6,355","1,889",0.23,"516,846","88,764","47,274","60,682",0.41,0.56,0.82,0.21
0.62,"6,189","1,847",0.23,"523,035","82,575","49,121","58,835",0.42,0.54,0.76,0.20
0.63,"5,842","1,897",0.25,"528,877","76,733","51,018","56,938",0.43,0.53,0.71,0.19
0.64,"5,526","1,937",0.26,"534,403","71,207","52,955","55,001",0.44,0.51,0.66,0.18
0.65,"5,069","1,828",0.27,"539,472","66,138","54,783","53,173",0.45,0.49,0.61,0.17
0.66,"4,957","1,916",0.28,"544,429","61,181","56,699","51,257",0.46,0.47,0.57,0.16
0.67,"4,553","1,873",0.29,"548,982","56,628","58,572","49,384",0.47,0.46,0.52,0.15
0.68,"4,442","1,841",0.29,"553,424","52,186","60,413","47,543",0.48,0.44,0.48,0.14
0.69,"4,234","1,841",0.30,"557,658","47,952","62,254","45,702",0.49,0.42,0.44,0.13
0.7,"3,976","1,867",0.32,"561,634","43,976","64,121","43,835",0.50,0.41,0.41,0.12
0.71,"3,654","1,822",0.33,"565,288","40,322","65,943","42,013",0.51,0.39,0.37,0.12
0.72,359,166,0.32,"565,647","39,963","66,109","41,847",0.51,0.39,0.37,0.11
0.73,"3,505","1,851",0.35,"569,152","36,458","67,960","39,996",0.52,0.37,0.34,0.11
0.74,"3,110","1,846",0.37,"572,262","33,348","69,806","38,150",0.53,0.35,0.31,0.10
0.75,"2,917","1,801",0.38,"575,179","30,431","71,607","36,349",0.54,0.34,0.28,0.09
0.76,"2,798","1,776",0.39,"577,977","27,633","73,383","34,573",0.56,0.32,0.26,0.09
0.77,"2,579","1,769",0.41,"580,556","25,054","75,152","32,804",0.57,0.30,0.23,0.08
0.78,"2,369","1,755",0.43,"582,925","22,685","76,907","31,049",0.58,0.29,0.21,0.08
0.79,"2,150","1,697",0.44,"585,075","20,535","78,604","29,352",0.59,0.27,0.19,0.07
0.8,"2,043","1,685",0.45,"587,118","18,492","80,289","27,667",0.60,0.26,0.17,0.06
0.81,"1,924","1,615",0.46,"589,042","16,568","81,904","26,052",0.61,0.24,0.15,0.06
0.82,"1,734","1,683",0.49,"590,776","14,834","83,587","24,369",0.62,0.23,0.14,0.05
0.83,"1,651","1,659",0.50,"592,427","13,183","85,246","22,710",0.63,0.21,0.12,0.05
0.84,"1,514","1,661",0.52,"593,941","11,669","86,907","21,049",0.64,0.19,0.11,0.05
0.85,"1,403","1,600",0.53,"595,344","10,266","88,507","19,449",0.65,0.18,0.10,0.04
0.86,89,148,0.62,"595,433","10,177","88,655","19,301",0.65,0.18,0.09,0.04
0.87,"1,261","1,575",0.56,"596,694","8,916","90,230","17,726",0.67,0.16,0.08,0.04
0.88,"1,232","1,598",0.56,"597,926","7,684","91,828","16,128",0.68,0.15,0.07,0.03
0.89,"1,052","1,540",0.59,"598,978","6,632","93,368","14,588",0.69,0.14,0.06,0.03
0.9,963,"1,510",0.61,"599,941","5,669","94,878","13,078",0.70,0.12,0.05,0.03
0.91,841,"1,486",0.64,"600,782","4,828","96,364","11,592",0.71,0.11,0.04,0.02
0.92,815,"1,462",0.64,"601,597","4,013","97,826","10,130",0.72,0.09,0.04,0.02
0.93,690,"1,427",0.67,"602,287","3,323","99,253","8,703",0.72,0.08,0.03,0.02
0.94,636,"1,400",0.69,"602,923","2,687","100,653","7,303",0.73,0.07,0.02,0.01
0.95,573,"1,304",0.69,"603,496","2,114","101,957","5,999",0.74,0.06,0.02,0.01
0.96,507,"1,214",0.71,"604,003","1,607","103,171","4,785",0.75,0.04,0.01,0.01
0.97,448,"1,115",0.71,"604,451","1,159","104,286","3,670",0.76,0.03,0.01,0.01
0.98,370,"1,009",0.73,"604,821",789,"105,295","2,661",0.77,0.02,0.01,0.00
0.99,295,916,0.76,"605,116",494,"106,211","1,745",0.78,0.02,0.00,0.00
1.0,494,"1,745",0.78,"605,610",0,"107,956",0,nan,0.00,0.00,0.00
