p,Neg,Pos,mPrec,TN,FP,FN,TP,Prec,Rec,FP/P,$\hat{p}$
0.0,"17,412",157,0.01,"17,412","588,198",157,"107,799",0.15,1.00,5.45,0.98
0.01,114,0,0.00,"17,526","588,084",157,"107,799",0.15,1.00,5.45,0.98
0.02,"4,858",66,0.01,"22,384","583,226",223,"107,733",0.16,1.00,5.40,0.97
0.03,"5,336",68,0.01,"27,720","577,890",291,"107,665",0.16,1.00,5.35,0.96
0.04,"6,094",106,0.02,"33,814","571,796",397,"107,559",0.16,1.00,5.30,0.95
0.05,"6,543",112,0.02,"40,357","565,253",509,"107,447",0.16,1.00,5.24,0.94
0.06,"6,927",132,0.02,"47,284","558,326",641,"107,315",0.16,0.99,5.17,0.93
0.07,"7,569",137,0.02,"54,853","550,757",778,"107,178",0.16,0.99,5.10,0.92
0.08,"7,886",143,0.02,"62,739","542,871",921,"107,035",0.16,0.99,5.03,0.91
0.09,339,4,0.01,"63,078","542,532",925,"107,031",0.16,0.99,5.03,0.91
0.1,"8,216",151,0.02,"71,294","534,316","1,076","106,880",0.17,0.99,4.95,0.90
0.11,"8,682",180,0.02,"79,976","525,634","1,256","106,700",0.17,0.99,4.87,0.89
0.12,"8,870",219,0.02,"88,846","516,764","1,475","106,481",0.17,0.99,4.79,0.87
0.13,"9,092",233,0.02,"97,938","507,672","1,708","106,248",0.17,0.98,4.70,0.86
0.14,"9,375",308,0.03,"107,313","498,297","2,016","105,940",0.18,0.98,4.62,0.85
0.15,"9,777",290,0.03,"117,090","488,520","2,306","105,650",0.18,0.98,4.53,0.83
0.16,"10,047",325,0.03,"127,137","478,473","2,631","105,325",0.18,0.98,4.43,0.82
0.17,598,13,0.02,"127,735","477,875","2,644","105,312",0.18,0.98,4.43,0.82
0.18,"10,151",364,0.03,"137,886","467,724","3,008","104,948",0.18,0.97,4.33,0.80
0.19,"10,504",395,0.04,"148,390","457,220","3,403","104,553",0.19,0.97,4.24,0.79
0.2,"10,420",418,0.04,"158,810","446,800","3,821","104,135",0.19,0.96,4.14,0.77
0.21,"10,315",425,0.04,"169,125","436,485","4,246","103,710",0.19,0.96,4.04,0.76
0.22,"10,830",471,0.04,"179,955","425,655","4,717","103,239",0.20,0.96,3.94,0.74
0.23,"10,952",502,0.04,"190,907","414,703","5,219","102,737",0.20,0.95,3.84,0.73
0.24,"11,233",600,0.05,"202,140","403,470","5,819","102,137",0.20,0.95,3.74,0.71
0.25,"11,155",569,0.05,"213,295","392,315","6,388","101,568",0.21,0.94,3.63,0.69
0.26,834,36,0.04,"214,129","391,481","6,424","101,532",0.21,0.94,3.63,0.69
0.27,"11,360",674,0.06,"225,489","380,121","7,098","100,858",0.21,0.93,3.52,0.67
0.28,"11,480",709,0.06,"236,969","368,641","7,807","100,149",0.21,0.93,3.41,0.66
0.29,"11,576",750,0.06,"248,545","357,065","8,557","99,399",0.22,0.92,3.31,0.64
0.3,"11,058",784,0.07,"259,603","346,007","9,341","98,615",0.22,0.91,3.21,0.62
0.31,"11,151",786,0.07,"270,754","334,856","10,127","97,829",0.23,0.91,3.10,0.61
0.32,"11,329",910,0.07,"282,083","323,527","11,037","96,919",0.23,0.90,3.00,0.59
0.33,"11,384",893,0.07,"293,467","312,143","11,930","96,026",0.24,0.89,2.89,0.57
0.34,937,61,0.06,"294,404","311,206","11,991","95,965",0.24,0.89,2.88,0.57
0.35,"11,279",908,0.07,"305,683","299,927","12,899","95,057",0.24,0.88,2.78,0.55
0.36,"11,138","1,080",0.09,"316,821","288,789","13,979","93,977",0.25,0.87,2.68,0.54
0.37,"11,160","1,003",0.08,"327,981","277,629","14,982","92,974",0.25,0.86,2.57,0.52
0.38,"10,622","1,048",0.09,"338,603","267,007","16,030","91,926",0.26,0.85,2.47,0.50
0.39,"10,721","1,190",0.10,"349,324","256,286","17,220","90,736",0.26,0.84,2.37,0.49
0.4,"10,732","1,173",0.10,"360,056","245,554","18,393","89,563",0.27,0.83,2.27,0.47
0.41,"10,707","1,201",0.10,"370,763","234,847","19,594","88,362",0.27,0.82,2.18,0.45
0.42,923,91,0.09,"371,686","233,924","19,685","88,271",0.27,0.82,2.17,0.45
0.43,"10,433","1,300",0.11,"382,119","223,491","20,985","86,971",0.28,0.81,2.07,0.44
0.44,"10,124","1,351",0.12,"392,243","213,367","22,336","85,620",0.29,0.79,1.98,0.42
0.45,"9,712","1,287",0.12,"401,955","203,655","23,623","84,333",0.29,0.78,1.89,0.40
0.46,"9,560","1,391",0.13,"411,515","194,095","25,014","82,942",0.30,0.77,1.80,0.39
0.47,"9,502","1,459",0.13,"421,017","184,593","26,473","81,483",0.31,0.75,1.71,0.37
0.48,"9,136","1,522",0.14,"430,153","175,457","27,995","79,961",0.31,0.74,1.63,0.36
0.49,"9,123","1,528",0.14,"439,276","166,334","29,523","78,433",0.32,0.73,1.54,0.34
0.5,"8,826","1,580",0.15,"448,102","157,508","31,103","76,853",0.33,0.71,1.46,0.33
0.51,771,139,0.15,"448,873","156,737","31,242","76,714",0.33,0.71,1.45,0.33
0.52,"8,729","1,676",0.16,"457,602","148,008","32,918","75,038",0.34,0.70,1.37,0.31
0.53,"8,283","1,571",0.16,"465,885","139,725","34,489","73,467",0.34,0.68,1.29,0.30
0.54,"8,030","1,702",0.17,"473,915","131,695","36,191","71,765",0.35,0.66,1.22,0.29
0.55,"7,517","1,704",0.18,"481,432","124,178","37,895","70,061",0.36,0.65,1.15,0.27
0.56,"7,447","1,782",0.19,"488,879","116,731","39,677","68,279",0.37,0.63,1.08,0.26
0.57,"7,167","1,839",0.20,"496,046","109,564","41,516","66,440",0.38,0.62,1.01,0.25
0.58,"7,051","1,830",0.21,"503,097","102,513","43,346","64,610",0.39,0.60,0.95,0.23
0.59,656,146,0.18,"503,753","101,857","43,492","64,464",0.39,0.60,0.94,0.23
0.6,"6,729","1,890",0.22,"510,482","95,128","45,382","62,574",0.40,0.58,0.88,0.22
0.61,"6,359","1,892",0.23,"516,841","88,769","47,274","60,682",0.41,0.56,0.82,0.21
0.62,"6,166","1,837",0.23,"523,007","82,603","49,111","58,845",0.42,0.55,0.77,0.20
0.63,"5,689","1,845",0.24,"528,696","76,914","50,956","57,000",0.43,0.53,0.71,0.19
0.64,"5,417","1,895",0.26,"534,113","71,497","52,851","55,105",0.44,0.51,0.66,0.18
0.65,"5,233","1,890",0.27,"539,346","66,264","54,741","53,215",0.45,0.49,0.61,0.17
0.66,"4,967","1,907",0.28,"544,313","61,297","56,648","51,308",0.46,0.48,0.57,0.16
0.67,429,177,0.29,"544,742","60,868","56,825","51,131",0.46,0.47,0.56,0.16
0.68,"4,611","1,879",0.29,"549,353","56,257","58,704","49,252",0.47,0.46,0.52,0.15
0.69,"4,424","1,851",0.29,"553,777","51,833","60,555","47,401",0.48,0.44,0.48,0.14
0.7,"4,148","1,811",0.30,"557,925","47,685","62,366","45,590",0.49,0.42,0.44,0.13
0.71,"3,800","1,805",0.32,"561,725","43,885","64,171","43,785",0.50,0.41,0.41,0.12
0.72,"3,661","1,803",0.33,"565,386","40,224","65,974","41,982",0.51,0.39,0.37,0.12
0.73,"3,478","1,826",0.34,"568,864","36,746","67,800","40,156",0.52,0.37,0.34,0.11
0.74,"3,141","1,845",0.37,"572,005","33,605","69,645","38,311",0.53,0.35,0.31,0.10
0.75,"2,958","1,820",0.38,"574,963","30,647","71,465","36,491",0.54,0.34,0.28,0.09
0.76,243,164,0.40,"575,206","30,404","71,629","36,327",0.54,0.34,0.28,0.09
0.77,"2,787","1,767",0.39,"577,993","27,617","73,396","34,560",0.56,0.32,0.26,0.09
0.78,"2,563","1,756",0.41,"580,556","25,054","75,152","32,804",0.57,0.30,0.23,0.08
0.79,"2,368","1,755",0.43,"582,924","22,686","76,907","31,049",0.58,0.29,0.21,0.08
0.8,"2,148","1,696",0.44,"585,072","20,538","78,603","29,353",0.59,0.27,0.19,0.07
0.81,"2,025","1,654",0.45,"587,097","18,513","80,257","27,699",0.60,0.26,0.17,0.06
0.82,"1,929","1,629",0.46,"589,026","16,584","81,886","26,070",0.61,0.24,0.15,0.06
0.83,"1,739","1,681",0.49,"590,765","14,845","83,567","24,389",0.62,0.23,0.14,0.05
0.84,140,142,0.50,"590,905","14,705","83,709","24,247",0.62,0.22,0.14,0.05
0.85,"1,659","1,656",0.50,"592,564","13,046","85,365","22,591",0.63,0.21,0.12,0.05
0.86,"1,472","1,652",0.53,"594,036","11,574","87,017","20,939",0.64,0.19,0.11,0.05
0.87,"1,362","1,587",0.54,"595,398","10,212","88,604","19,352",0.65,0.18,0.09,0.04
0.88,"1,242","1,532",0.55,"596,640","8,970","90,136","17,820",0.67,0.17,0.08,0.04
0.89,"1,226","1,582",0.56,"597,866","7,744","91,718","16,238",0.68,0.15,0.07,0.03
0.9,"1,049","1,531",0.59,"598,915","6,695","93,249","14,707",0.69,0.14,0.06,0.03
0.91,973,"1,523",0.61,"599,888","5,722","94,772","13,184",0.70,0.12,0.05,0.03
0.92,66,131,0.66,"599,954","5,656","94,903","13,053",0.70,0.12,0.05,0.03
0.93,845,"1,497",0.64,"600,799","4,811","96,400","11,556",0.71,0.11,0.04,0.02
0.94,811,"1,448",0.64,"601,610","4,000","97,848","10,108",0.72,0.09,0.04,0.02
0.95,692,"1,432",0.67,"602,302","3,308","99,280","8,676",0.72,0.08,0.03,0.02
0.96,622,"1,375",0.69,"602,924","2,686","100,655","7,301",0.73,0.07,0.02,0.01
0.97,572,"1,302",0.69,"603,496","2,114","101,957","5,999",0.74,0.06,0.02,0.01
0.98,507,"1,211",0.70,"604,003","1,607","103,168","4,788",0.75,0.04,0.01,0.01
0.99,447,"1,117",0.71,"604,450","1,160","104,285","3,671",0.76,0.03,0.01,0.01
1.0,"1,160","3,671",0.76,"605,610",0,"107,956",0,nan,0.00,0.00,0.00
