p,Neg,Pos,mPrec,TN,FP,FN,TP,Prec,Rec,FP/P,$\hat{p}$
0.0,"16,296",437,0.03,"16,296","589,314",437,"107,519",0.15,1.00,5.46,0.98
0.01,"1,924",70,0.04,"18,220","587,390",507,"107,449",0.15,1.00,5.44,0.97
0.02,"3,606",125,0.03,"21,826","583,784",632,"107,324",0.16,0.99,5.41,0.97
0.03,"3,949",147,0.04,"25,775","579,835",779,"107,177",0.16,0.99,5.37,0.96
0.04,"4,103",143,0.03,"29,878","575,732",922,"107,034",0.16,0.99,5.33,0.96
0.05,"4,553",169,0.04,"34,431","571,179","1,091","106,865",0.16,0.99,5.29,0.95
0.06,"5,330",247,0.04,"39,761","565,849","1,338","106,618",0.16,0.99,5.24,0.94
0.07,"3,455",146,0.04,"43,216","562,394","1,484","106,472",0.16,0.99,5.21,0.94
0.08,"5,943",263,0.04,"49,159","556,451","1,747","106,209",0.16,0.98,5.15,0.93
0.09,"5,990",267,0.04,"55,149","550,461","2,014","105,942",0.16,0.98,5.10,0.92
0.1,"5,969",292,0.05,"61,118","544,492","2,306","105,650",0.16,0.98,5.04,0.91
0.11,"6,711",288,0.04,"67,829","537,781","2,594","105,362",0.16,0.98,4.98,0.90
0.12,"7,430",329,0.04,"75,259","530,351","2,923","105,033",0.17,0.97,4.91,0.89
0.13,"7,573",420,0.05,"82,832","522,778","3,343","104,613",0.17,0.97,4.84,0.88
0.14,"5,283",300,0.05,"88,115","517,495","3,643","104,313",0.17,0.97,4.79,0.87
0.15,"8,067",410,0.05,"96,182","509,428","4,053","103,903",0.17,0.96,4.72,0.86
0.16,"8,470",469,0.05,"104,652","500,958","4,522","103,434",0.17,0.96,4.64,0.85
0.17,"8,216",498,0.06,"112,868","492,742","5,020","102,936",0.17,0.95,4.56,0.83
0.18,"8,990",566,0.06,"121,858","483,752","5,586","102,370",0.17,0.95,4.48,0.82
0.19,"9,185",568,0.06,"131,043","474,567","6,154","101,802",0.18,0.94,4.40,0.81
0.2,"6,350",403,0.06,"137,393","468,217","6,557","101,399",0.18,0.94,4.34,0.80
0.21,"9,843",619,0.06,"147,236","458,374","7,176","100,780",0.18,0.93,4.25,0.78
0.22,"9,375",678,0.07,"156,611","448,999","7,854","100,102",0.18,0.93,4.16,0.77
0.23,"10,686",753,0.07,"167,297","438,313","8,607","99,349",0.18,0.92,4.06,0.75
0.24,"9,478",692,0.07,"176,775","428,835","9,299","98,657",0.19,0.91,3.97,0.74
0.25,"10,016",825,0.08,"186,791","418,819","10,124","97,832",0.19,0.91,3.88,0.72
0.26,"10,615",796,0.07,"197,406","408,204","10,920","97,036",0.19,0.90,3.78,0.71
0.27,"7,477",643,0.08,"204,883","400,727","11,563","96,393",0.19,0.89,3.71,0.70
0.28,"11,036",927,0.08,"215,919","389,691","12,490","95,466",0.20,0.88,3.61,0.68
0.29,"10,251",865,0.08,"226,170","379,440","13,355","94,601",0.20,0.88,3.51,0.66
0.3,"9,786",856,0.08,"235,956","369,654","14,211","93,745",0.20,0.87,3.42,0.65
0.31,"10,317",962,0.09,"246,273","359,337","15,173","92,783",0.21,0.86,3.33,0.63
0.32,"10,839","1,079",0.09,"257,112","348,498","16,252","91,704",0.21,0.85,3.23,0.62
0.33,"7,641",803,0.10,"264,753","340,857","17,055","90,901",0.21,0.84,3.16,0.61
0.34,"11,296","1,160",0.09,"276,049","329,561","18,215","89,741",0.21,0.83,3.05,0.59
0.35,"10,515","1,121",0.10,"286,564","319,046","19,336","88,620",0.22,0.82,2.96,0.57
0.36,"10,340","1,184",0.10,"296,904","308,706","20,520","87,436",0.22,0.81,2.86,0.56
0.37,"9,804","1,144",0.10,"306,708","298,902","21,664","86,292",0.22,0.80,2.77,0.54
0.38,"10,068","1,185",0.11,"316,776","288,834","22,849","85,107",0.23,0.79,2.68,0.52
0.39,"10,452","1,306",0.11,"327,228","278,382","24,155","83,801",0.23,0.78,2.58,0.51
0.4,"7,386","1,026",0.12,"334,614","270,996","25,181","82,775",0.23,0.77,2.51,0.50
0.41,"10,284","1,342",0.12,"344,898","260,712","26,523","81,433",0.24,0.75,2.41,0.48
0.42,"9,530","1,341",0.12,"354,428","251,182","27,864","80,092",0.24,0.74,2.33,0.46
0.43,"9,105","1,271",0.12,"363,533","242,077","29,135","78,821",0.25,0.73,2.24,0.45
0.44,"9,391","1,411",0.13,"372,924","232,686","30,546","77,410",0.25,0.72,2.16,0.43
0.45,"9,755","1,462",0.13,"382,679","222,931","32,008","75,948",0.25,0.70,2.07,0.42
0.46,"9,446","1,480",0.14,"392,125","213,485","33,488","74,468",0.26,0.69,1.98,0.40
0.47,"6,591","1,059",0.14,"398,716","206,894","34,547","73,409",0.26,0.68,1.92,0.39
0.48,"8,865","1,550",0.15,"407,581","198,029","36,097","71,859",0.27,0.67,1.83,0.38
0.49,"8,533","1,478",0.15,"416,114","189,496","37,575","70,381",0.27,0.65,1.76,0.36
0.5,"7,973","1,499",0.16,"424,087","181,523","39,074","68,882",0.28,0.64,1.68,0.35
0.51,"8,084","1,458",0.15,"432,171","173,439","40,532","67,424",0.28,0.62,1.61,0.34
0.52,"7,876","1,494",0.16,"440,047","165,563","42,026","65,930",0.28,0.61,1.53,0.32
0.53,"5,676","1,100",0.16,"445,723","159,887","43,126","64,830",0.29,0.60,1.48,0.31
0.54,"7,603","1,585",0.17,"453,326","152,284","44,711","63,245",0.29,0.59,1.41,0.30
0.55,"7,017","1,470",0.17,"460,343","145,267","46,181","61,775",0.30,0.57,1.35,0.29
0.56,"7,574","1,651",0.18,"467,917","137,693","47,832","60,124",0.30,0.56,1.28,0.28
0.57,"6,379","1,455",0.19,"474,296","131,314","49,287","58,669",0.31,0.54,1.22,0.27
0.58,"6,324","1,536",0.20,"480,620","124,990","50,823","57,133",0.31,0.53,1.16,0.26
0.59,"6,596","1,595",0.19,"487,216","118,394","52,418","55,538",0.32,0.51,1.10,0.24
0.6,"4,491","1,073",0.19,"491,707","113,903","53,491","54,465",0.32,0.50,1.06,0.24
0.61,"5,811","1,497",0.20,"497,518","108,092","54,988","52,968",0.33,0.49,1.00,0.23
0.62,"5,673","1,553",0.21,"503,191","102,419","56,541","51,415",0.33,0.48,0.95,0.22
0.63,"5,052","1,420",0.22,"508,243","97,367","57,961","49,995",0.34,0.46,0.90,0.21
0.64,"5,274","1,507",0.22,"513,517","92,093","59,468","48,488",0.34,0.45,0.85,0.20
0.65,"5,143","1,579",0.23,"518,660","86,950","61,047","46,909",0.35,0.43,0.81,0.19
0.66,"3,362","1,084",0.24,"522,022","83,588","62,131","45,825",0.35,0.42,0.77,0.18
0.67,"5,084","1,590",0.24,"527,106","78,504","63,721","44,235",0.36,0.41,0.73,0.17
0.68,"4,638","1,499",0.24,"531,744","73,866","65,220","42,736",0.37,0.40,0.68,0.16
0.69,"4,348","1,508",0.26,"536,092","69,518","66,728","41,228",0.37,0.38,0.64,0.16
0.7,"3,977","1,476",0.27,"540,069","65,541","68,204","39,752",0.38,0.37,0.61,0.15
0.71,"4,052","1,457",0.26,"544,121","61,489","69,661","38,295",0.38,0.35,0.57,0.14
0.72,"4,034","1,643",0.29,"548,155","57,455","71,304","36,652",0.39,0.34,0.53,0.13
0.73,"2,686",968,0.26,"550,841","54,769","72,272","35,684",0.39,0.33,0.51,0.13
0.74,"3,853","1,646",0.30,"554,694","50,916","73,918","34,038",0.40,0.32,0.47,0.12
0.75,"3,535","1,451",0.29,"558,229","47,381","75,369","32,587",0.41,0.30,0.44,0.11
0.76,"3,421","1,432",0.30,"561,650","43,960","76,801","31,155",0.41,0.29,0.41,0.11
0.77,"3,384","1,503",0.31,"565,034","40,576","78,304","29,652",0.42,0.27,0.38,0.10
0.78,"3,218","1,574",0.33,"568,252","37,358","79,878","28,078",0.43,0.26,0.35,0.09
0.79,"3,125","1,571",0.33,"571,377","34,233","81,449","26,507",0.44,0.25,0.32,0.09
0.8,"1,958",998,0.34,"573,335","32,275","82,447","25,509",0.44,0.24,0.30,0.08
0.81,"2,810","1,617",0.37,"576,145","29,465","84,064","23,892",0.45,0.22,0.27,0.07
0.82,"2,632","1,508",0.36,"578,777","26,833","85,572","22,384",0.45,0.21,0.25,0.07
0.83,"2,405","1,444",0.38,"581,182","24,428","87,016","20,940",0.46,0.19,0.23,0.06
0.84,"2,485","1,461",0.37,"583,667","21,943","88,477","19,479",0.47,0.18,0.20,0.06
0.85,"2,305","1,490",0.39,"585,972","19,638","89,967","17,989",0.48,0.17,0.18,0.05
0.86,"1,358",813,0.37,"587,330","18,280","90,780","17,176",0.48,0.16,0.17,0.05
0.87,"2,032","1,494",0.42,"589,362","16,248","92,274","15,682",0.49,0.15,0.15,0.04
0.88,"2,003","1,417",0.41,"591,365","14,245","93,691","14,265",0.50,0.13,0.13,0.04
0.89,"1,818","1,407",0.44,"593,183","12,427","95,098","12,858",0.51,0.12,0.12,0.04
0.9,"1,562","1,265",0.45,"594,745","10,865","96,363","11,593",0.52,0.11,0.10,0.03
0.91,"1,536","1,288",0.46,"596,281","9,329","97,651","10,305",0.52,0.10,0.09,0.03
0.92,"1,450","1,218",0.46,"597,731","7,879","98,869","9,087",0.54,0.08,0.07,0.02
0.93,732,586,0.44,"598,463","7,147","99,455","8,501",0.54,0.08,0.07,0.02
0.94,"1,122","1,052",0.48,"599,585","6,025","100,507","7,449",0.55,0.07,0.06,0.02
0.95,"1,039",995,0.49,"600,624","4,986","101,502","6,454",0.56,0.06,0.05,0.02
0.96,918,946,0.51,"601,542","4,068","102,448","5,508",0.58,0.05,0.04,0.01
0.97,820,918,0.53,"602,362","3,248","103,366","4,590",0.59,0.04,0.03,0.01
0.98,725,862,0.54,"603,087","2,523","104,228","3,728",0.60,0.03,0.02,0.01
0.99,290,301,0.51,"603,377","2,233","104,529","3,427",0.61,0.03,0.02,0.01
1.0,"2,233","3,427",0.61,"605,610",0,"107,956",0,nan,0.00,0.00,0.00
