,y_proba,y_test,Neg,Pos,TN,FP,FN,TP,FP/P,Prec
0,0.47208,124,2029,124,2029,603581,124,107832,5.590990774019045,0.1515744019296808
1,0.47216,117,2078,117,4107,601503,241,107715,5.571742191263107,0.15187854792179556
2,0.47232,67,1115,67,5222,600388,308,107648,5.561413909370485,0.15203746702145088
3,0.47242,247,3660,247,8882,596728,555,107401,5.5275112082700355,0.15253028919416756
4,0.47256,131,2118,131,11000,594610,686,107270,5.507892104190597,0.15283239300165272
5,0.47263,179,3916,179,14916,590694,865,107091,5.471618066619734,0.15347277456523142
6,0.47264,104,2075,104,16991,588619,969,106987,5.452397272963059,0.15380402124190992
7,0.47279,231,3718,231,20709,584901,1200,106756,5.417957315943532,0.15434818125168978
8,0.4729,225,3744,225,24453,581157,1425,106531,5.383276520063729,0.15491182047672783
9,0.47314,250,4829,250,29282,576328,1675,106281,5.33854533328393,0.1556982108351926
10,0.47329,111,1920,111,31202,574408,1786,106170,5.320760309755826,0.15599975315099812
11,0.47336,69,1109,69,32311,573299,1855,106101,5.310487606061729,0.15616867824551076
12,0.47337,99,2011,99,34322,571288,1954,106002,5.291859646522657,0.15650902862880006
13,0.4734,442,7541,442,41863,563747,2396,105560,5.222007114009411,0.15771536828391156
14,0.47341,113,2006,113,43869,561741,2509,105447,5.203425469635778,0.15804690731847695
15,0.4735,87,1802,87,45671,559939,2596,105360,5.186733484012005,0.15836488556273196
16,0.47353,46,961,46,46632,558978,2642,105314,5.177831709214865,0.15853570417828305
17,0.47355,94,1840,94,48472,557138,2736,105220,5.160787728333766,0.15885669079259251
18,0.47362,116,2014,116,50486,555124,2852,105104,5.1421319796954315,0.1591934907335042
19,0.47374,287,5036,287,55522,550088,3139,104817,5.0954833450665085,0.1600491674364984
20,0.47381,267,3964,267,59486,546124,3406,104550,5.058764681907443,0.16067954152156072
21,0.47397,109,1946,109,61432,544178,3515,104441,5.040738819519063,0.16102056831514341
22,0.47402,77,1772,77,63204,542406,3592,104364,5.024324724887918,0.1613618442413841
23,0.47427,256,3883,256,67087,538523,3848,104108,4.988356367408945,0.16200276675105932
24,0.47433,117,2123,117,69210,536400,3965,103991,4.968690948164067,0.16238672935753312
25,0.47435,241,3881,241,73091,532519,4206,103750,4.932741116751269,0.1630599636317344
26,0.47453,56,1008,56,74099,531511,4262,103694,4.923403979399015,0.16324493667398715
27,0.47459,128,1871,128,75970,529640,4390,103566,4.906072844492201,0.16355814695375598
28,0.47468,48,1039,48,77009,528601,4438,103518,4.896448553114232,0.16376346858740207
29,0.47474,47,1013,47,78022,527588,4485,103471,4.88706510059654,0.16396406675128633
30,0.4748,128,1926,128,79948,525662,4613,103343,4.86922449886991,0.1642959912878276
31,0.47491,138,1828,138,81776,523834,4751,103205,4.852291674385861,0.16459103819698614
32,0.475,122,1837,122,83613,521997,4873,103083,4.835275482604024,0.16491169130351316
33,0.4751,251,3827,251,87440,518170,5124,102832,4.7998258549779536,0.16559044898406125
34,0.47589,28,403,28,87843,517767,5152,102804,4.796092852643669,0.16566033540078412
35,0.47597,28,430,28,88273,517337,5180,102776,4.7921097484160216,0.16573753493314927
36,0.47616,73,1130,73,89403,516207,5253,102703,4.781642521027085,0.16594173627829573
37,0.4762,28,438,28,89841,515769,5281,102675,4.777585312534736,0.16602149911713915
38,0.47621,17,299,17,90140,515470,5298,102658,4.774815665641557,0.16607887039577562
39,0.47639,21,400,21,90540,515070,5319,102637,4.771110452406536,0.1661580652315742
40,0.47644,67,1141,67,91681,513929,5386,102570,4.760541331653637,0.16637496573392657
41,0.47654,57,948,57,92629,512981,5443,102513,4.751759976286635,0.16655402002294092
42,0.47665,66,1061,66,93690,511920,5509,102447,4.741931898180741,0.16675212047522084
43,0.47687,19,260,19,93950,511660,5528,102428,4.739523509577976,0.16679694115501362
44,0.47703,76,1132,76,95082,510528,5604,102352,4.729037756122865,0.1670016969064091
45,0.47711,18,247,18,95329,510281,5622,102334,4.726749786950239,0.16704455489989634
46,0.47714,57,606,57,95935,509675,5679,102277,4.721136388899181,0.16713238946845504
47,0.47715,37,523,37,96458,509152,5716,102240,4.71629182259439,0.1672249555113577
48,0.47718,37,507,37,96965,508645,5753,102203,4.711595464819,0.16731330871182357
49,0.47726,59,566,59,97531,508079,5812,102144,4.706352588091445,0.16738798767008126
50,0.47728,39,462,39,97993,507617,5851,102105,4.702073066804995,0.16746156445068408
51,0.47731,172,2275,172,100268,505342,6023,101933,4.680999666530809,0.16785311432217695
52,0.47737,44,609,44,100877,504733,6067,101889,4.675358479380488,0.1679612674779352
53,0.47738,118,1522,118,102399,503211,6185,101771,4.661260143021231,0.16822153386381744
54,0.47742,20,232,20,102631,502979,6205,101751,4.659111119344918,0.1682585616721512
55,0.47755,84,1268,84,103899,501711,6289,101667,4.6473655933899,0.16849636546244642
56,0.47762,55,617,55,104516,501094,6344,101612,4.641650301974878,0.16859297899805212
57,0.47777,29,540,29,105056,500554,6373,101583,4.636648264107599,0.1687041321161131
58,0.47802,98,1244,98,106300,499310,6471,101485,4.625125050946682,0.16891785051473465
59,0.47824,141,1774,141,108074,497536,6612,101344,4.608692430249361,0.169222548757681
60,0.47826,15,262,15,108336,497274,6627,101329,4.6062655155804215,0.1692757971476922
61,0.47833,19,261,19,108597,497013,6646,101310,4.60384786394457,0.16932325850752855
62,0.47847,37,623,37,109220,496390,6683,101273,4.598076994331024,0.16944833459658704
63,0.47849,18,282,18,109502,496108,6701,101255,4.595464819000333,0.16950330033832026
64,0.47853,46,624,46,110126,495484,6747,101209,4.589684686353699,0.16961653647688174
65,0.47856,55,649,55,110775,494835,6802,101154,4.583672977879877,0.16972460901124015
66,0.47875,56,635,56,111410,494200,6858,101098,4.57779095186928,0.16982754855551338
67,0.47901,89,1248,89,112658,492952,6947,101009,4.566230686576012,0.17005998710353037
68,0.48032,41,421,41,113079,492531,6988,100968,4.562330949646152,0.170123285801661
69,0.48047,19,209,19,113288,492322,7007,100949,4.560394975730853,0.17015664005151104
70,0.48061,15,240,15,113528,492082,7022,100934,4.558171847789841,0.17020451387483643
71,0.48068,18,225,18,113753,491857,7040,100916,4.5560876653451405,0.17024392136618907
72,0.48086,17,275,17,114028,491582,7057,100899,4.553540331246063,0.17029913195528634
73,0.48088,35,412,35,114440,491170,7092,100864,4.549723961613991,0.17036859369563234
74,0.48096,40,408,40,114848,490762,7132,100824,4.545944644114269,0.17042999665306482
75,0.4811,8,103,8,114951,490659,7140,100816,4.544990551706251,0.17044845513335305
76,0.48114,47,526,47,115477,490133,7187,100769,4.540118196302197,0.1705342002565569
77,0.4813,21,239,21,115716,489894,7208,100748,4.537904331394272,0.17057371470366145
78,0.48133,10,121,10,115837,489773,7218,100738,4.5367835043906775,0.17059462059131836
79,0.48139,29,418,29,116255,489355,7247,100709,4.53291155656008,0.17067470647251823
80,0.48142,91,1065,91,117320,488290,7338,100618,4.523046426321835,0.17085520998186474
81,0.48146,7,120,7,117440,488170,7345,100611,4.521934862351328,0.17088017446215145
82,0.4816,29,251,29,117691,487919,7374,100582,4.5196098410463525,0.1709121989597299
83,0.48163,46,525,46,118216,487394,7420,100536,4.514746748675386,0.17099994897351725
84,0.48171,49,575,49,118791,486819,7469,100487,4.509420504650042,0.17109820093784162
85,0.48186,8,109,8,118900,486710,7477,100479,4.5084108340435,0.17111866877615214
86,0.48187,24,288,24,119188,486422,7501,100455,4.505743080514284,0.1711687457508132
87,0.48191,50,562,50,119750,485860,7551,100405,4.500537255919078,0.17126214254645936
88,0.48199,28,255,28,120005,485605,7579,100377,4.498175182481752,0.1712970705584813
89,0.48207,33,262,33,120267,485343,7612,100344,4.495748267812813,0.17132700572148604
90,0.48214,22,248,22,120515,485095,7634,100322,4.493451035607099,0.17136844334892906
91,0.48226,60,575,60,121090,484520,7694,100262,4.488124791581756,0.17145192567486686
92,0.48231,14,107,14,121197,484413,7708,100248,4.487133647041388,0.1714634634429182
93,0.4826,45,565,45,121762,483848,7753,100203,4.481900033346919,0.1715654968487341
94,0.48269,45,325,45,122087,483523,7798,100158,4.478889547593464,0.1715971566660556
95,0.48271,14,106,14,122193,483417,7812,100144,4.477907666086184,0.17160845224406704
96,0.4828,11,116,11,122309,483301,7823,100133,4.476833154248027,0.1716269535200211
97,0.48284,69,548,69,122857,482753,7892,100064,4.471757012116047,0.1716902561181297
98,0.48285,6,100,6,122957,482653,7898,100058,4.470830708807292,0.1717111913109586
99,0.48298,31,328,31,123285,482325,7929,100027,4.467792433954574,0.17176381295161688
100,0.48309,34,320,34,123605,482005,7963,99993,4.464828263366557,0.17180986876243562
101,0.48313,72,567,72,124172,481438,8035,99921,4.459576123605913,0.17187486561659834
102,0.48405,21,177,21,124349,481261,8056,99900,4.457936566749416,0.17189728835899173
103,0.48421,3,29,3,124378,481232,8059,99897,4.457667938789878,0.17190159155712414
104,0.48433,8,26,8,124404,481206,8067,99889,4.457427099929601,0.17189788244607165
105,0.48436,4,40,4,124444,481166,8071,99885,4.457056578606099,0.17190401531018792
106,0.48462,14,168,14,124612,480998,8085,99871,4.45550038904739,0.1719337750852602
107,0.48463,11,152,11,124764,480846,8096,99860,4.454092408018082,0.17196309320034578
108,0.48475,6,39,6,124803,480807,8102,99854,4.453731149727667,0.1719660869250733
109,0.48499,2,27,2,124830,480780,8104,99852,4.453481047834303,0.17197123134791056
110,0.48504,141,1417,141,126247,479363,8245,99711,4.440355329949239,0.17219042816634833
111,0.48505,14,72,14,126319,479291,8259,99697,4.439688391566935,0.17219182435559977
112,0.48509,4,18,4,126337,479273,8263,99693,4.439521656971359,0.17219145856578796
113,0.4852,4,15,4,126352,479258,8267,99689,4.439382711475045,0.17219020048467304
114,0.48528,100,960,100,127312,478298,8367,99589,4.430490199710993,0.17233299935800597
115,0.48534,48,442,48,127754,477856,8415,99541,4.426395939086294,0.17239611567084692
116,0.48536,10,119,10,127873,477737,8425,99531,4.425293638148876,0.17241731743315064
117,0.48538,393,3722,393,131595,474015,8818,99138,4.3908166289969985,0.17296952122731626
118,0.48539,114,1291,114,132886,472724,8932,99024,4.3788580532809664,0.17319518389220426
119,0.48545,38,258,38,133144,472466,8970,98986,4.376468190744378,0.17321839804568012
120,0.48551,3,30,3,133174,472436,8973,98983,4.376190299751751,0.1732231514877874
121,0.48552,11,123,11,133297,472313,8984,98972,4.375050946681982,0.1732445276875815
122,0.48553,126,1364,126,134661,470949,9110,98846,4.362416169550557,0.17347642573206154
123,0.48556,25,257,25,134918,470692,9135,98821,4.3600355700470566,0.1735184271474049
124,0.48561,7,37,7,134955,470655,9142,98814,4.359692837822816,0.17351954188902294
125,0.48564,114,1352,114,136307,469303,9256,98700,4.347169217088443,0.17376668785200078
126,0.48566,277,2509,277,138816,466794,9533,98423,4.32392826707177,0.17413312055369884
127,0.48574,11,41,11,138857,466753,9544,98412,4.32354848271518,0.17412967894331743
128,0.48577,311,2656,311,141513,464097,9855,98101,4.298945866834637,0.17449546245273018
129,0.48579,10,132,10,141645,463965,9865,98091,4.297723146467079,0.1745217558392758
130,0.48589,292,2617,292,144262,461348,10157,97799,4.27348178887695,0.17490749302061892
131,0.48597,7,33,7,144295,461315,10164,97792,4.27317610878506,0.17490748640242387
132,0.48601,25,244,25,144539,461071,10189,97767,4.270915928711697,0.1749469434791478
133,0.4861,293,2484,293,147023,458587,10482,97474,4.2479065545222126,0.1752937177755678
134,0.48615,755,6985,755,154008,451602,11237,96719,4.183204268405647,0.17639120150422835
135,0.4862,4,19,4,154027,451583,11241,96715,4.183028270776983,0.17639130545798087
136,0.48626,202,2361,202,156388,449222,11443,96513,4.161158249657268,0.17684956984617076
137,0.48634,159,1358,159,157746,447864,11602,96354,4.148579050724369,0.17705037319603542
138,0.48636,69,734,69,158480,447130,11671,96285,4.141779984438104,0.1771850243368328
139,0.48637,67,743,67,159223,446387,11738,96218,4.134897550854052,0.17732604749311193
140,0.48643,13,144,13,159367,446243,11751,96205,4.1335636740894435,0.1773534053033655
141,0.48646,3,20,3,159387,446223,11754,96202,4.1333784134276925,0.17735539475503526
142,0.48647,5,22,5,159409,446201,11759,96197,4.133174626699766,0.1773550049963311
143,0.48648,231,2267,231,161676,443934,11990,95966,4.112175330690281,0.17774773106130765
144,0.48649,133,1186,133,162862,442748,12123,95833,4.101189373448442,0.17793609503491584
145,0.4865,18,228,18,163090,442520,12141,95815,4.09907740190448,0.17798396908987899
146,0.48659,3,23,3,163113,442497,12144,95812,4.098864352143466,0.17798699260090395
147,0.48662,155,1330,155,164443,441167,12299,95657,4.086544518137019,0.17819061740905773
148,0.48664,170,1354,170,165797,439813,12469,95487,4.07400237133647,0.17838034746870912
149,0.48671,574,5090,574,170887,434723,13043,94913,4.0268535329208195,0.17920420817316043
150,0.48674,53,470,53,171357,434253,13096,94860,4.022499907369669,0.17928117434272073
151,0.48675,4,48,4,171405,434205,13100,94856,4.0220552817814665,0.1792912348481555
152,0.48678,219,2339,219,173744,431866,13319,94637,4.000389047389677,0.17974636421824758
153,0.48695,175,1362,175,175106,430504,13494,94462,3.9877727963244283,0.17993927225763193
154,0.48702,239,2400,239,177506,428104,13733,94223,3.9655415169142985,0.18039082796792047
155,0.48704,19,272,19,177778,427832,13752,94204,3.9630219719144835,0.18045498777862062
156,0.48705,505,4389,505,182167,423443,14257,93699,3.9223665196932083,0.18118621191084847
157,0.48708,181,2003,181,184170,421440,14438,93518,3.903812664418837,0.18160315986934858
158,0.48727,470,4503,470,188673,416937,14908,93048,3.862101226425581,0.1824524250713256
159,0.48731,492,4383,492,193056,412554,15400,92556,3.821501352402831,0.18323929441111836
160,0.48739,28,194,28,193250,412360,15428,92528,3.8197043239838453,0.1832644071556464
161,0.48745,25,198,25,193448,412162,15453,92503,3.8178702434325094,0.18329584972209287
162,0.48755,279,2139,279,195587,410023,15732,92224,3.798056615658231,0.18362279914066187
163,0.48766,106,1180,106,196767,408843,15838,92118,3.787126236614917,0.1838825776856881
164,0.48774,118,1170,118,197937,407673,15956,92000,3.776288487902479,0.18412041475124732
165,0.48777,136,1104,136,199041,406569,16092,91864,3.7660620993738188,0.18430561379362922
166,0.48785,433,3480,433,202521,403089,16525,91431,3.7338267442291304,0.1848883766076195
167,0.48789,252,2026,252,204547,401063,16777,91179,3.7150598391937457,0.1852320606530934
168,0.48796,53,391,53,204938,400672,16830,91126,3.711437993256512,0.18529152212900418
169,0.488,266,2073,266,207011,398599,17096,90860,3.692235725666012,0.18563352599502717
170,0.48803,286,2191,286,209202,396408,17382,90574,3.6719404201711807,0.18599044728552597
171,0.48818,14,121,14,209323,396287,17396,90560,3.670819593167587,0.18601326494771458
172,0.4882,21,120,21,209443,396167,17417,90539,3.6697080291970803,0.18602400627894458
173,0.48838,7,133,7,209576,396034,17424,90532,3.6684760457964356,0.18606314456826
174,0.48849,63,416,63,209992,395618,17487,90469,3.664622624032013,0.18611688854052874
175,0.48879,31,196,31,210188,395422,17518,90438,3.662807069546852,0.18614004034083892
176,0.48883,39,207,39,210395,395215,17557,90399,3.660889621697729,0.18615402356604216
177,0.48891,33,225,33,210620,394990,17590,90366,3.658805439253029,0.1861849858660447
178,0.48894,36,315,36,210935,394675,17626,90330,3.6558875838304496,0.18624550262368428
179,0.48913,37,347,37,211282,394328,17663,90293,3.652673311349068,0.18631672998074783
180,0.48914,20,97,20,211379,394231,17683,90273,3.6517747971395753,0.18632044317487576
181,0.48917,75,384,75,211763,393847,17758,90198,3.6482177924339547,0.18634217892964497
182,0.48918,33,334,33,212097,393513,17791,90165,3.6451239393827115,0.1864153424385645
183,0.48929,127,886,127,212983,392627,17918,90038,3.6369168920671386,0.18654346182134607
184,0.4894,134,1117,134,214100,391510,18052,89904,3.6265700841083404,0.18674986601968369
185,0.48941,29,140,29,214240,391370,18081,89875,3.625273259476083,0.18675518706687863
186,0.48942,104,793,104,215033,390577,18185,89771,3.6179276742376523,0.1868874232847852
187,0.48956,25,119,25,215152,390458,18210,89746,3.6168253733002333,0.1868914044864266
188,0.48965,100,794,100,215946,389664,18310,89646,3.6094705250287156,0.18703135757651623
189,0.48977,23,131,23,216077,389533,18333,89623,3.608257067694246,0.18704346809807246
190,0.48999,98,735,98,216812,388798,18431,89525,3.6014487383748937,0.18716432201671257
191,0.49006,283,2120,283,218932,386678,18714,89242,3.5818111082292785,0.18751470835434528
192,0.49009,21,131,21,219063,386547,18735,89221,3.580597650894809,0.1875304770392292
193,0.49011,22,168,22,219231,386379,18757,89199,3.5790414613360997,0.18755913856402104
194,0.49012,27,181,27,219412,386198,18784,89172,3.5773648523472525,0.18758440793487177
195,0.49013,76,518,76,219930,385680,18860,89096,3.5725666012078996,0.1876590223600182
196,0.49015,76,539,76,220469,385141,18936,89020,3.567573826373708,0.18774213821887503
197,0.4902,45,236,45,220705,384905,18981,88975,3.565387750565045,0.18775850426268254
198,0.49023,65,492,65,221197,384413,19046,88910,3.5608303382859683,0.1878421289478855
199,0.49036,19,156,19,221353,384257,19065,88891,3.55938530512431,0.18787144825720492
200,0.49037,158,1261,158,222614,382996,19223,88733,3.547704620400904,0.18810164310440952
201,0.49038,145,843,145,223457,382153,19368,88588,3.539895883508096,0.18818840933761877
202,0.49039,50,310,50,223767,381843,19418,88538,3.537024343250954,0.18822614008644056
203,0.49052,81,551,81,224318,381292,19499,88457,3.5319204120197116,0.18830694690143035
204,0.4906,68,421,68,224739,380871,19567,88389,3.5280206750898513,0.18835826620636748
205,0.49078,81,558,81,225297,380313,19648,88308,3.522851902626996,0.18844225930976205
206,0.49079,149,1224,149,226521,379089,19797,88159,3.51151395012783,0.1886771050919426
207,0.491,59,421,59,226942,378668,19856,88100,3.5076142131979697,0.18874472971583314
208,0.49103,132,1177,132,228119,377491,19988,87968,3.496711623253918,0.1889919412880619
209,0.49114,19,137,19,228256,377354,20007,87949,3.495442587720923,0.1890144701409619
210,0.49121,166,1377,166,229633,375977,20173,87783,3.482687391159361,0.1892854062446093
211,0.49131,40,273,40,229906,375704,20213,87743,3.480158583126459,0.1893269349030202
212,0.49145,75,645,75,230551,375059,20288,87668,3.4741839267849866,0.18945944368925954
213,0.4915,40,268,40,230819,374791,20328,87628,3.471701433917522,0.18949913390236992
214,0.49151,54,281,54,231100,374510,20382,87574,3.469098521619919,0.18951965443512436
215,0.49155,88,613,88,231713,373897,20470,87486,3.4634202823372484,0.18961686928213653
216,0.49161,30,152,30,231865,373745,20500,87456,3.4620123013079405,0.18962664868462992
217,0.49176,73,541,73,232406,373204,20573,87383,3.4570010004075735,0.18972094305744625
218,0.49177,227,1654,227,234060,371550,20800,87156,3.441679943680759,0.1900040548848282
219,0.49186,17,136,17,234196,371414,20817,87139,3.4404201711808513,0.19003037816784538
220,0.49194,13,97,13,234293,371317,20830,87126,3.4395216569713587,0.19004761769729278
221,0.49209,13,86,13,234379,371231,20843,87113,3.4387250361258292,0.19006030405110572
222,0.49212,12,83,12,234462,371148,20855,87101,3.437956204379562,0.19007351898203814
223,0.49241,58,331,58,234793,370817,20913,87043,3.434890140427582,0.19010833005722272
224,0.49253,49,165,49,234958,370652,20962,86994,3.4333617399681353,0.19009015702092885
225,0.49256,42,217,42,235175,370435,21004,86952,3.431351661788136,0.19010597152957998
226,0.49259,37,180,37,235355,370255,21041,86915,3.429684315832376,0.19011527440558218
227,0.49279,6,79,6,235434,370176,21047,86909,3.428952536218459,0.19013750177756872
228,0.49307,36,183,36,235617,369993,21083,86873,3.427257401163437,0.19014984700109003
229,0.49331,21,102,21,235719,369891,21104,86852,3.4263125717885066,0.1901550762682734
230,0.49332,24,115,24,235834,369776,21128,86828,3.4252473229834375,0.1901604015733546
231,0.49352,24,116,24,235950,369660,21152,86804,3.4241728111452816,0.19016614672789092
232,0.49356,71,310,71,236260,369350,21223,86733,3.4213012708881396,0.1901693332134721
233,0.49362,27,231,27,236491,369119,21250,86706,3.4191615102449147,0.19021773707014752
234,0.49367,37,222,37,236713,368897,21287,86669,3.4171051168994775,0.19024466268334336
235,0.49372,30,245,30,236958,368652,21317,86639,3.4148356737930268,0.19029368030556282
236,0.49374,23,94,23,237052,368558,21340,86616,3.4139649486827968,0.1902920641337159
237,0.49384,30,228,30,237280,368330,21370,86586,3.4118529771388344,0.19033403969084403
238,0.49389,53,336,53,237616,367994,21423,86533,3.4087405980214163,0.1903803294413753
239,0.4939,80,474,80,238090,367520,21503,86453,3.4043499203379155,0.1904364356470539
240,0.49395,44,371,44,238461,367149,21547,86409,3.400913335062433,0.19051367190083737
241,0.49407,14,105,14,238566,367044,21561,86395,3.39994071658824,0.1905327949294172
242,0.49411,37,185,37,238751,366859,21598,86358,3.398227055467042,0.19054448531277512
243,0.49419,136,826,136,239577,366033,21734,86222,3.3905757901367224,0.19064908071773667
244,0.49434,9,90,9,239667,365943,21743,86213,3.3897421171588427,0.19067091888640203
245,0.49437,70,353,70,240020,365590,21813,86143,3.3864722664789357,0.1906945031689073
246,0.49455,37,209,37,240229,365381,21850,86106,3.384536292563637,0.1907164547373457
247,0.49461,116,644,116,240873,364737,21966,85990,3.3785708992552523,0.19078067211416222
248,0.49471,19,94,19,240967,364643,21985,85971,3.377700174145022,0.19078634929229896
249,0.49485,21,107,21,241074,364536,22006,85950,3.376709029604654,0.1907939425420546
250,0.4949,81,573,81,241647,363963,22087,85869,3.371401311645485,0.19089126607266713
251,0.49496,88,528,88,242175,363435,22175,85781,3.3665104301752566,0.19095713420715202
252,0.495,34,215,34,242390,363220,22209,85747,3.3645188780614323,0.19098731087140033
253,0.49502,148,1290,148,243680,361930,22357,85599,3.3525695653784875,0.19127028639484817
254,0.49505,34,214,34,243894,361716,22391,85565,3.350587276297751,0.19130032351027654
255,0.49512,37,224,37,244118,361492,22428,85528,3.348512356886139,0.19132924701355644
256,0.49513,29,202,29,244320,361290,22457,85499,3.346641224202453,0.19136326095763326
257,0.49519,150,1232,150,245552,360058,22607,85349,3.335229167438586,0.19162024844692607
258,0.49527,88,532,88,246084,359526,22695,85261,3.3303012338360074,0.1916895053137794
259,0.49529,331,2277,331,248361,357249,23026,84930,3.3092093074956463,0.19207153664013896
260,0.49542,85,710,85,249071,356539,23111,84845,3.302632554003483,0.19222491073532344
261,0.4955,490,3594,490,252665,352945,23601,84355,3.2693412130868134,0.19289961125085753
262,0.49558,86,535,86,253200,352410,23687,84269,3.2643854903849716,0.19297699225289056
263,0.4956,155,1271,155,254471,351139,23842,84114,3.2526121753306905,0.19325311945006698
264,0.49561,25,207,25,254678,350932,23867,84089,3.2506947274815667,0.1932987143149411
265,0.49572,141,1398,141,256076,349534,24008,83948,3.2377450072251657,0.19365971366746484
266,0.49579,17,84,17,256160,349450,24025,83931,3.236966912445811,0.19366561985873862
267,0.49582,45,270,45,256430,349180,24070,83886,3.2344658935121715,0.193702576512587
268,0.49586,300,2187,300,258617,346993,24370,83586,3.2142076401496906,0.1941246554058605
269,0.49589,82,486,82,259103,346507,24452,83504,3.2097058060691395,0.1941903811762955
270,0.49594,55,279,55,259382,346228,24507,83449,3.2071214198377116,0.19421332768568017
271,0.49595,313,2236,313,261618,343992,24820,83136,3.1864092778539406,0.19463954599089733
272,0.49599,52,286,52,261904,343706,24872,83084,3.1837600503909,0.19467185266758827
273,0.49601,108,734,108,262638,342972,24980,82976,3.1769609841046353,0.1948031215077897
274,0.49608,46,301,46,262939,342671,25026,82930,3.1741728111452816,0.19485386547494013
275,0.4961,13,79,13,263018,342592,25039,82917,3.1734410315313646,0.1948654435041327
276,0.49625,334,2229,334,265247,340363,25373,82583,3.1527937307792064,0.1952566048620864
277,0.49627,1023,6863,1023,272110,333500,26396,81560,3.089221534699322,0.1965017105960584
278,0.49628,227,1232,227,273342,332268,26623,81333,3.077809477935455,0.19664604292542812
279,0.49633,118,723,118,274065,331545,26741,81215,3.0711123050131537,0.1967608295377459
280,0.4964,303,2279,303,276344,329266,27044,80912,3.0500018526066177,0.19726070145156493
281,0.49642,294,2349,294,278693,326917,27338,80618,3.0282429878839525,0.19781859226814874
282,0.49648,193,1202,193,279895,325715,27531,80425,3.0171088221127125,0.19802284926380065
283,0.49658,208,1173,208,281068,324542,27739,80217,3.0062432843010116,0.1981845987365321
284,0.49664,167,1237,167,282305,323305,27906,80050,2.994784912371707,0.19846041328358394
285,0.49666,302,2293,302,284598,321012,28208,79748,2.9735447775019455,0.19899191536081445
286,0.49668,702,4530,702,289128,316482,28910,79046,2.9315832376153246,0.1998493153455634
287,0.4969,810,5333,810,294461,311149,29720,78236,2.882183482159398,0.2009219666910641
288,0.49699,302,2302,302,296763,308847,30022,77934,2.8608599799918486,0.2014938686233295
289,0.49713,200,1215,200,297978,307632,30222,77734,2.84960539479047,0.20171473352605057
290,0.49721,248,1955,248,299933,305677,30470,77486,2.831496165104302,0.20222725054350238
291,0.49724,697,4593,697,304526,301084,31167,76789,2.7889510541331655,0.20321377817414846
292,0.49731,25,170,25,304696,300914,31192,76764,2.787376338508281,0.20325250610308251
293,0.49732,9,40,9,304736,300874,31201,76755,2.787005817184779,0.20325504661983057
294,0.49738,12,34,12,304770,300840,31213,76743,2.786690874059802,0.20324802758598773
295,0.4974,158,1236,158,306006,299604,31371,76585,2.7752417651635852,0.20358117860968822
296,0.49746,736,4665,736,310671,294939,32107,75849,2.7320297158101448,0.20456163629890936
297,0.49761,25,168,25,310839,294771,32132,75824,2.7304735262514357,0.2046007096695854
298,0.49765,14,131,14,310970,294640,32146,75810,2.7292600689169664,0.20464300175462274
299,0.49767,355,2362,355,313332,292278,32501,75455,2.707380784764163,0.20518963487095257
300,0.4977,345,2341,345,315673,289937,32846,75110,2.685696024306199,0.20575432752494885
301,0.49771,134,1245,134,316918,288692,32980,74976,2.674163548112194,0.20616606355247094
302,0.49773,12,41,12,316959,288651,32992,74964,2.6737837637556043,0.20616311208283486
303,0.49782,22,76,22,317035,288575,33014,74942,2.67307977324095,0.20615817141976853
304,0.49784,169,1297,169,318332,287278,33183,74773,2.661065619326392,0.20652615239289493
305,0.49797,347,2340,347,320672,284938,33530,74426,2.6393901219015152,0.20710477398960386
306,0.49798,557,3489,557,324161,281449,34087,73869,2.6070713994590387,0.20789546265598702
307,0.49808,342,2290,342,326451,279159,34429,73527,2.58585905368854,0.20847722903659346
308,0.4981,73,425,73,326876,278734,34502,73454,2.5819222646263293,0.2085647438299999
309,0.49826,21,149,21,327025,278585,34523,73433,2.5805420726962836,0.20860580993017402
310,0.49827,8,34,8,327059,278551,34531,73425,2.580227129571307,0.20860797327090483
311,0.49829,12,83,12,327142,278468,34543,73413,2.57945829782504,0.20863019032002297
312,0.49837,8,116,8,327258,278352,34551,73405,2.5783837859868837,0.20868099284449207
313,0.49845,1,16,1,327274,278336,34552,73404,2.5782355774574826,0.2086882356285893
314,0.4985,28,110,28,327384,278226,34580,73376,2.577216643817852,0.20869050801758807
315,0.49855,49,264,49,327648,277962,34629,73327,2.5747712030827374,0.2087369658600184
316,0.4987,48,254,48,327902,277708,34677,73279,2.5724183926784985,0.20877981235772264
317,0.49876,8,36,8,327938,277672,34685,73271,2.572084923487347,0.20878319271220683
318,0.49877,48,285,48,328223,277387,34733,73223,2.569444959057394,0.20884458515159293
319,0.49879,18,84,18,328307,277303,34751,73205,2.5686668642780393,0.2088540061853082
320,0.49886,12,62,12,328369,277241,34763,73193,2.568092556226611,0.2088638659490803
321,0.49895,12,49,12,328418,277192,34775,73181,2.567638667605321,0.20886597996991776
322,0.49903,155,951,155,329369,276241,34930,73026,2.5588295231390568,0.209083595071965
323,0.49908,45,346,45,329715,275895,34975,72981,2.5556245136907627,0.20918893819007325
324,0.49918,4,9,4,329724,275886,34979,72977,2.555541146392975,0.2091852675692177
325,0.49932,28,162,28,329886,275724,35007,72949,2.554040535032791,0.20921895300180973
326,0.49937,99,581,99,330467,275143,35106,72850,2.548658712808922,0.20934329138804517
327,0.49942,144,869,144,331336,274274,35250,72706,2.5406091370558377,0.20953945472361518
328,0.49945,5,13,5,331349,274261,35255,72701,2.540488717625699,0.2095359145958347
329,0.49948,39,303,39,331652,273958,35294,72662,2.5376820186001705,0.20963014251918527
330,0.49952,9,42,9,331694,273916,35303,72653,2.5372929712104932,0.20963502217451646
331,0.4996,248,1477,248,333171,272439,35551,72405,2.5236114713401756,0.20996450568952918
332,0.49961,120,670,120,333841,271769,35671,72285,2.5174052391715143,0.2100978334796282
333,0.49962,124,716,124,334557,271053,35795,72161,2.5107729074808254,0.2102507473471362
334,0.49969,38,147,38,334704,270906,35833,72123,2.509411241616955,0.21025336050304785
335,0.49972,27,139,27,334843,270767,35860,72096,2.508123680017785,0.2102764077780338
336,0.49973,33,135,33,334978,270632,35893,72063,2.506873170550965,0.2102831964283109
337,0.49975,61,306,61,335284,270326,35954,72002,2.504038682426174,0.21033044331752004
338,0.49981,45,247,45,335531,270079,35999,71957,2.5017507132535477,0.21037843969640624
339,0.49983,197,874,197,336405,269205,36196,71760,2.4936548223350252,0.21046148431657208
340,0.49984,4,17,4,336422,269188,36200,71756,2.493497350772537,0.21046271528462152
341,0.49996,821,5051,821,341473,264137,37021,70935,2.446709770647301,0.21170076878999142
342,0.50002,316,1974,316,343447,262163,37337,70619,2.428424543332469,0.21220799201879909
343,0.50009,43,170,43,343617,261993,37380,70576,2.4268498277075845,0.21221460809636497
344,0.50014,114,674,114,344291,261319,37494,70462,2.420606543406573,0.21237503051711823
345,0.50016,115,571,115,344862,260748,37609,70347,2.4153173515135795,0.21246772074480133
346,0.50019,604,3514,604,348376,257234,38213,69743,2.382767053243914,0.21329634806117861
347,0.50021,580,2986,580,351362,254248,38793,69163,2.3551076364444774,0.2138548163173176
348,0.50028,569,2851,569,354213,251397,39362,68594,2.3286987291118604,0.21436227893909515
349,0.5003,98,535,98,354748,250862,39460,68496,2.323743006410019,0.21448030110409008
350,0.50032,98,556,98,355304,250306,39558,68398,2.3185927600133387,0.2146129323761233
351,0.50034,85,375,85,355679,249931,39643,68313,2.315119122605506,0.2146560500747854
352,0.50038,81,389,81,356068,249542,39724,68232,2.3115158027344473,0.21471863651525927
353,0.50042,519,2934,519,359002,246608,40243,67713,2.2843380636555635,0.2154262680508143
354,0.50043,236,1423,236,360425,245185,40479,67477,2.271156767571974,0.2158145217519238
355,0.50047,37,185,37,360610,245000,40516,67440,2.269443106450776,0.21584944309307388
356,0.50054,66,344,66,360954,244656,40582,67374,2.2662566230686574,0.2159215460051918
357,0.50055,277,1628,277,362582,243028,40859,67097,2.2511764052021195,0.2163546956872229
358,0.50065,40,171,40,362753,242857,40899,67057,2.249592426544148,0.2163729292642475
359,0.50066,541,2928,541,365681,239929,41440,66516,2.222470265663789,0.21705689438561568
360,0.50068,180,944,180,366625,238985,41620,66336,2.213725962429138,0.2172664179666646
361,0.50073,1275,6635,1275,373260,232350,42895,65061,2.1522657378932157,0.21875788050879086
362,0.50075,79,542,79,373802,231808,42974,64982,2.1472451739597616,0.21894942551972776
363,0.50079,85,410,85,374212,231398,43059,64897,2.1434473303938644,0.21902833324895796
364,0.50081,340,1967,340,376179,229431,43399,64557,2.1252269443106453,0.2195905955345116
365,0.50089,313,1623,313,377802,227808,43712,64244,2.1101930416095445,0.219974525084574
366,0.50093,337,1578,337,379380,226230,44049,63907,2.095575975397384,0.2202649093359344
367,0.50094,47,182,47,379562,226048,44096,63860,2.093890103375449,0.22027677746043572
368,0.50096,49,195,49,379757,225853,44145,63811,2.0920838119233762,0.22029316725585507
369,0.501,431,2315,431,382072,223538,44576,63380,2.070639890325688,0.22089935103409336
370,0.50105,207,1008,207,383080,222530,44783,63173,2.061302752973434,0.22111423401224348
371,0.50112,86,480,86,383560,222050,44869,63087,2.056856497091408,0.22125153873401207
372,0.50113,371,1991,371,385551,220059,45240,62716,2.038413798214087,0.22178764035010168
373,0.50115,46,332,46,385883,219727,45286,62670,2.0353384712290192,0.22192162098039286
374,0.50118,38,102,38,385985,219625,45324,62632,2.0343936418540887,0.22189706544036109
375,0.5012,20,95,20,386080,219530,45344,62612,2.033513653710771,0.2219166235441728
376,0.50126,108,474,108,386554,219056,45452,62504,2.02912297602727,0.22199176019320926
377,0.50127,329,1595,329,388149,217461,45781,62175,2.0143484382526213,0.222342616830451
378,0.50134,325,2021,325,390170,215440,46106,61850,1.9956278483826744,0.2230516787478813
379,0.50136,231,1467,231,391637,213973,46337,61619,1.9820389788432324,0.2235877674243084
380,0.50137,848,4620,848,396257,209353,47185,60771,1.939243765978732,0.2249744561756823
381,0.50141,458,2671,458,398928,206682,47643,60313,1.914502204601875,0.22589561602277197
382,0.50147,56,311,56,399239,206371,47699,60257,1.9116214013116455,0.22599651949532681
383,0.5015,61,313,61,399552,206058,47760,60196,1.9087220719552411,0.22608486633064667
384,0.50159,863,4424,863,403976,201634,48623,59333,1.8677424135759013,0.22735824836090388
385,0.5016,356,1585,356,405561,200049,48979,58977,1.853060506132128,0.22768756804336243
386,0.50164,22,110,22,405671,199939,49001,58955,1.852041572492497,0.2277186802320641
387,0.50166,364,1890,364,407561,198049,49365,58591,1.8345344399570196,0.22830034289276807
388,0.50168,708,3647,708,411208,194402,50073,57883,1.8007521582867094,0.2294349644251541
389,0.50173,250,1362,250,412570,193040,50323,57633,1.7881359072214607,0.22991307400477914
390,0.50185,75,261,75,412831,192779,50398,57558,1.785718255585609,0.2299220650563041
391,0.50187,710,3701,710,416532,189078,51108,56848,1.751435770128571,0.23115896651838358
392,0.50189,202,1036,202,417568,188042,51310,56646,1.7418392678498649,0.23150297521741972
393,0.5019,52,272,52,417840,187770,51362,56594,1.73931972285005,0.23159712559951548
394,0.50204,65,298,65,418138,187472,51427,56529,1.736559338989959,0.23167528001934418
395,0.50206,159,1030,159,419168,186442,51586,56370,1.727018414909778,0.2321549182083258
396,0.50211,402,1783,402,420951,184659,51988,55968,1.710502426914669,0.23259235247914822
397,0.50214,24,90,24,421041,184569,52012,55944,1.709668753936789,0.23260281149043918
398,0.50216,61,267,61,421308,184302,52073,55883,1.7071955241024122,0.23266648625018216
399,0.50231,189,983,189,422291,183319,52262,55694,1.6980899625773462,0.23301661415906247
400,0.50232,395,1836,395,424127,181483,52657,55299,1.681083033828597,0.23354393492748604
401,0.50239,40,136,40,424263,181347,52697,55259,1.6798232613286894,0.23354859978191592
402,0.5024,208,1053,208,425316,180294,52905,55051,1.670069287487495,0.2339161656291827
403,0.50243,712,3515,712,428831,176779,53617,54339,1.637509726184742,0.23511366488114296
404,0.50255,359,1868,359,430699,174911,53976,53980,1.6202063803771907,0.23583277629963606
405,0.50258,37,136,37,430835,174775,54013,53943,1.6189466078772834,0.23584938658085502
406,0.50266,397,1885,397,432720,172890,54410,53546,1.6014857905072437,0.23647299899309296
407,0.50297,50,236,50,432956,172654,54460,53496,1.599299714698581,0.2365509617510502
408,0.50303,35,135,35,433091,172519,54495,53461,1.5980492052317612,0.23657403310027436
409,0.50308,42,145,42,433236,172374,54537,53419,1.5967060654340657,0.23658395078678257
410,0.5032,69,322,69,433558,172052,54606,53350,1.5937233687798733,0.23668822814349474
411,0.50336,27,175,27,433733,171877,54633,53323,1.5921023379895514,0.23678063943161634
412,0.50349,69,359,69,434092,171518,54702,53254,1.5887769091111192,0.23692452796611677
413,0.50359,33,219,33,434311,171299,54735,53221,1.586748304864945,0.23704347051487618
414,0.50372,73,343,73,434654,170956,54808,53148,1.5835710845159139,0.23715774818834112
415,0.50373,67,203,67,434857,170753,54875,53081,1.5816906887991404,0.23714449100672821
416,0.50376,65,362,65,435219,170391,54940,53016,1.5783374708214457,0.23730679880218614
417,0.50384,87,416,87,435635,169975,55027,52929,1.5744840490570233,0.23745199727236838
418,0.50386,103,505,103,436140,169470,55130,52826,1.5698062173478085,0.23763810414942238
419,0.50387,170,856,170,436996,168614,55300,52656,1.561877061024862,0.2379717087720884
420,0.50397,204,970,204,437966,167644,55504,52452,1.5528919189299344,0.2383141901715615
421,0.50399,37,166,37,438132,167478,55541,52415,1.5513542554374005,0.23836593252172647
422,0.50403,275,1417,275,439549,166061,55816,52140,1.5382285375523361,0.23895399196154005
423,0.50408,198,888,198,440437,165173,56014,51942,1.5300029641705881,0.2392372705708956
424,0.50414,64,351,64,440788,164822,56078,51878,1.5267516395568566,0.23940009229349332
425,0.50419,37,205,37,440993,164617,56115,51841,1.524852717773908,0.23949680769479528
426,0.50422,18,83,18,441076,164534,56133,51823,1.5240838860276409,0.23952541401479963
427,0.50423,49,144,49,441220,164390,56182,51774,1.522750009263033,0.23951259229103827
428,0.50431,230,1018,230,442238,163372,56412,51544,1.513320241579903,0.23983323717173222
429,0.50435,23,70,23,442308,163302,56435,51521,1.5126718292637742,0.23982999958105045
430,0.50439,32,153,32,442461,163149,56467,51489,1.5112545852013783,0.23988762474491934
431,0.50444,51,196,51,442657,162953,56518,51438,1.5094390307162178,0.23992611630152386
432,0.50452,74,328,74,442985,162625,56592,51364,1.5064007558635,0.24003102963236428
433,0.50455,186,941,186,443926,161684,56778,51178,1.4976842417281115,0.24042807076885495
434,0.50458,38,215,38,444141,161469,56816,51140,1.4956926896142873,0.24053544299629837
435,0.5046,143,611,143,444752,160858,56959,50997,1.4900329763977918,0.24071652781383493
436,0.50461,25,149,25,444901,160709,56984,50972,1.4886527844677462,0.24079629253452128
437,0.50464,449,2048,449,446949,158661,57433,50523,1.4696820927044352,0.24152420835245525
438,0.5047,111,489,111,447438,158172,57544,50412,1.4651524695246212,0.24168680243930502
439,0.50471,101,452,101,447890,157720,57645,50311,1.4609655785690467,0.24184376366983767
440,0.50474,54,211,54,448101,157509,57699,50257,1.4590110785875727,0.24189232116900744
441,0.50475,105,504,105,448605,157005,57804,50152,1.4543425099114453,0.24209657409597551
442,0.50479,210,961,210,449566,156044,58014,49942,1.445440735114306,0.2424533706174206
443,0.5048,42,321,42,449887,155723,58056,49900,1.442467301493201,0.24267713242195668
444,0.50484,23,141,23,450028,155582,58079,49877,1.4411612138278558,0.24275889593544211
445,0.50495,76,264,76,450292,155318,58155,49801,1.4387157730927416,0.24279077023581433
446,0.50496,18,68,18,450360,155250,58173,49783,1.4380858868427877,0.2428048167855906
447,0.50497,82,299,82,450659,154951,58255,49701,1.435316239949609,0.2428561655884135
448,0.50501,126,476,126,451135,154475,58381,49575,1.4309070361999332,0.24295515804949766
449,0.50502,342,1359,342,452494,153116,58723,49233,1.4183185742339472,0.24330735511418392
450,0.50504,23,80,23,452574,153036,58746,49210,1.4175775315869428,0.24331754398109234
451,0.50508,19,82,19,452656,152954,58765,49191,1.4168179628737634,0.24334512354992704
452,0.50509,127,609,127,453265,152345,58892,49064,1.4111767757234428,0.2436038111504451
453,0.5051,109,492,109,453757,151853,59001,48955,1.4066193634443662,0.24379008804430102
454,0.50515,104,499,104,454256,151354,59105,48851,1.4019971099336768,0.2440048949826428
455,0.50518,86,383,86,454639,150971,59191,48765,1.3984493682611434,0.24414727440221093
456,0.5052,55,268,55,454907,150703,59246,48710,1.395966875393679,0.2442669234202384
457,0.50524,128,637,128,455544,150066,59374,48582,1.3900663233169068,0.2445632475534614
458,0.50526,137,527,137,456071,149539,59511,48445,1.3851847048797659,0.24469149022143202
459,0.50532,43,178,43,456249,149361,59554,48402,1.383535884990181,0.24474750079640784
460,0.50535,279,1130,279,457379,148231,59833,48123,1.373068657601245,0.24508286054778614
461,0.50538,25,78,25,457457,148153,59858,48098,1.3723461410204156,0.24508410148228543
462,0.50542,252,1145,252,458602,147008,60110,47846,1.361739968135166,0.24554794872058053
463,0.50544,34,133,34,458735,146875,60144,47812,1.3605079847345214,0.24558393729422098
464,0.50556,46,243,46,458978,146632,60190,47766,1.3582570676942458,0.24571240444860543
465,0.50558,179,805,179,459783,145827,60369,47587,1.3508003260587647,0.2460369983558584
466,0.50561,77,256,77,460039,145571,60446,47510,1.3484289895883508,0.24606253334092945
467,0.50569,30,137,30,460176,145434,60476,47480,1.3471599540553558,0.24612003276071204
468,0.50573,178,831,178,461007,144603,60654,47302,1.3394623735595983,0.24648654282066648
469,0.50574,39,141,39,461148,144462,60693,47263,1.3381562858942533,0.2465145390533316
470,0.50577,238,1226,238,462374,143236,60931,47025,1.3267998073289118,0.24716047955177362
471,0.50579,73,340,73,462714,142896,61004,46952,1.3236503760791434,0.24731364038599302
472,0.50582,66,276,66,462990,142620,61070,46886,1.3210937789469783,0.24741169145040262
473,0.50596,71,339,71,463329,142281,61141,46815,1.3179536107302976,0.24757266150526716
474,0.50597,130,628,130,463957,141653,61271,46685,1.3121364259513135,0.2478788136223173
475,0.50598,28,132,28,464089,141521,61299,46657,1.3109137055837563,0.24794077947475263
476,0.506,136,571,136,464660,140950,61435,46521,1.305624513690763,0.24815038059219827
477,0.50602,121,565,121,465225,140385,61556,46400,1.3003908999962948,0.2484139518697968
478,0.50605,53,245,53,465470,140140,61609,46347,1.298121456889844,0.24852670695544463
479,0.50608,145,548,145,466018,139592,61754,46202,1.2930453147578642,0.2486732617845571
480,0.50614,50,281,50,466299,139311,61804,46152,1.2904424024602617,0.24884747901198623
481,0.5062,147,528,147,466827,138783,61951,46005,1.285551520990033,0.2489609714916553
482,0.50627,79,340,79,467167,138443,62030,45926,1.2824020897402646,0.24909827574049867
483,0.50629,26,104,26,467271,138339,62056,45900,1.2814387342991589,0.24913291974012017
484,0.50634,19,118,19,467389,138221,62075,45881,1.2803456963948274,0.24921510901565436
485,0.50635,256,1106,256,468495,137115,62331,45625,1.2701007817999925,0.24967166466017293
486,0.50641,156,518,156,469013,136597,62487,45469,1.2653025306606396,0.24973910559906848
487,0.50674,19,112,19,469125,136485,62506,45450,1.2642650709548335,0.24981449418748455
488,0.50677,26,118,26,469243,136367,62532,45424,1.263172033050502,0.24986935546864256
489,0.50689,36,186,36,469429,136181,62568,45388,1.261449108896217,0.24997659292059768
490,0.50695,41,152,41,469581,136029,62609,45347,1.2600411278669088,0.2500165402258292
491,0.5071,4,29,4,469610,136000,62613,45343,1.2597724999073696,0.2500399794863877
492,0.50735,6,38,6,469648,135962,62619,45337,1.2594205046500426,0.2500675679402534
493,0.50751,5,24,5,469672,135938,62624,45332,1.2591981918559414,0.25007999117338775
494,0.50762,38,157,38,469829,135781,62662,45294,1.2577438956611953,0.2501394449813613
495,0.50779,36,146,36,469975,135635,62698,45258,1.2563914928304123,0.25019210251364066
496,0.50788,10,23,10,469998,135612,62708,45248,1.2561784430693987,0.250182461572487
497,0.50793,17,97,17,470095,135515,62725,45231,1.255279928859906,0.25024620185232316
498,0.50794,66,329,66,470424,135186,62791,45165,1.2522323909741007,0.2504283314203969
499,0.50807,2,24,2,470448,135162,62793,45163,1.2520100781799992,0.25045334812144737
500,0.50809,5,20,5,470468,135142,62798,45158,1.2518248175182483,0.25046034387132554
501,0.50812,4,21,4,470489,135121,62802,45154,1.2516302938234096,0.25047288864235195
502,0.50819,111,458,111,470947,134663,62913,45043,1.2473878246693098,0.2506482810813217
503,0.50821,99,474,99,471421,134189,63012,44944,1.242997146985809,0.2508973779258986
504,0.50823,92,471,92,471892,133718,63104,44852,1.238634258401571,0.2511732093856751
505,0.50833,47,248,47,472140,133470,63151,44805,1.2363370261958575,0.25132519983172064
506,0.50834,79,393,79,472533,133077,63230,44726,1.2326966541924487,0.2515480616187578
507,0.50835,43,223,43,472756,132854,63273,44683,1.2306309978139243,0.25168274782158084
508,0.5084,40,245,40,473001,132609,63313,44643,1.2283615547074733,0.2518617561437953
509,0.50841,37,178,37,473179,132431,63350,44606,1.2267127348178888,0.2519586301168682
510,0.50846,12,47,12,473226,132384,63362,44594,1.2262773722627738,0.2519748217292545
511,0.50848,119,499,119,473725,131885,63481,44475,1.221655118752084,0.2521830347017464
512,0.5085,10,51,10,473776,131834,63491,44465,1.2211827040646188,0.25221356899358477
513,0.50861,90,472,90,474248,131362,63581,44375,1.2168105524472934,0.2525080091272754
514,0.50863,17,90,17,474338,131272,63598,44358,1.2159768794694135,0.2525650515287821
515,0.50865,20,91,20,474429,131181,63618,44338,1.215133943458446,0.252610828457318
516,0.50866,20,107,20,474536,131074,63638,44318,1.2141427989180777,0.2526797117314359
517,0.50869,4,30,4,474566,131044,63642,44314,1.213864907925451,0.2527058930872843
518,0.50873,13,46,13,474612,130998,63655,44301,1.2134388084034236,0.25271678674721476
519,0.50874,71,304,71,474916,130694,63726,44230,1.2106228463448072,0.2528526674441472
520,0.50877,282,965,282,475881,129729,64008,43948,1.2016840194153173,0.2530444445723959
521,0.50893,212,768,212,476649,128961,64220,43736,1.1945700100040757,0.25325280693932145
522,0.50897,26,95,26,476744,128866,64246,43710,1.193690021860758,0.25327971444465047
523,0.509,57,287,57,477031,128579,64303,43653,1.19103153136463,0.25345464257513123
524,0.5091,13,53,13,477084,128526,64316,43640,1.1905405906109896,0.25347629613280204
525,0.50916,94,314,94,477398,128212,64410,43546,1.1876319982214976,0.2535311310099093
526,0.50918,83,254,83,477652,127958,64493,43463,1.1852791878172588,0.25354536492028396
527,0.50927,65,283,65,477935,127675,64558,43398,1.1826577494534811,0.25368117704138
528,0.50932,92,419,92,478354,127256,64650,43306,1.178776538589796,0.2539018069675543
529,0.50933,6,11,6,478365,127245,64656,43300,1.1786746452258328,0.2538919346799965
530,0.50934,25,99,25,478464,127146,64681,43275,1.1777576049501648,0.25392997341876883
531,0.50945,3,18,3,478482,127128,64684,43272,1.177590870354589,0.253943661971831
532,0.50948,10,20,10,478502,127108,64694,43262,1.1774056096928378,0.2539296824558314
533,0.50951,18,101,18,478603,127007,64712,43244,1.176470043350995,0.25400144492543364
534,0.50956,147,542,147,479145,126465,64859,43097,1.1714494794175405,0.254166617520435
535,0.50959,307,1045,307,480190,125420,65166,42790,1.1617696098410464,0.2543844004518162
536,0.50961,62,241,62,480431,125179,65228,42728,1.1595372188669457,0.2544742029814123
537,0.50963,59,308,59,480739,124871,65287,42669,1.156684204675979,0.25467947952727704
538,0.50964,6,21,6,480760,124850,65293,42663,1.1564896809811405,0.25468471103735235
539,0.50965,12,47,12,480807,124803,65305,42651,1.1560543184260255,0.2547027840481565
540,0.50972,47,142,47,480949,124661,65352,42604,1.1547389677275928,0.2547095925626999
541,0.50975,65,280,65,481229,124381,65417,42539,1.1521453184630774,0.25484663311766115
542,0.50979,94,300,94,481529,124081,65511,42445,1.1493664085368114,0.254885123043849
543,0.50985,31,104,31,481633,123977,65542,42414,1.1484030530957057,0.2549056138853664
544,0.50986,38,164,38,481797,123813,65580,42376,1.1468839156693467,0.2549867921462913
545,0.50992,37,165,37,481962,123648,65617,42339,1.1453555152099004,0.25507419255724845
546,0.50993,61,229,61,482191,123419,65678,42278,1.1432342806328504,0.25515247711183664
547,0.51004,46,115,46,482306,123304,65724,42232,1.1421690318277817,0.2551227527546878
548,0.51014,158,532,158,482838,122772,65882,42074,1.1372410982252028,0.2552321560729408
549,0.51019,60,200,60,483038,122572,65942,42014,1.135388491607692,0.2552708006756346
550,0.51029,56,221,56,483259,122351,65998,41958,1.1333413612953425,0.25536032718840723
551,0.51031,110,318,110,483577,122033,66108,41848,1.1303957167735004,0.2553560205270898
552,0.51038,100,330,100,483907,121703,66208,41748,1.1273389158546074,0.2554159962312864
553,0.51044,64,208,64,484115,121495,66272,41684,1.1254122049723962,0.2554495370115027
554,0.51045,39,121,39,484236,121374,66311,41645,1.1242913779688022,0.25546101988111813
555,0.51047,179,615,179,484851,120759,66490,41466,1.1185946126199562,0.2556079519186315
556,0.51057,97,348,97,485199,120411,66587,41369,1.1153710771054874,0.25571146000741746
557,0.51073,35,107,35,485306,120304,66622,41334,1.1143799325651191,0.2557195708929831
558,0.51074,113,345,113,485651,119959,66735,41221,1.111184186149913,0.2557451296686934
559,0.51109,63,196,63,485847,119763,66798,41158,1.1093686316647524,0.25576525127236344
560,0.51114,49,197,49,486044,119566,66847,41109,1.1075438141465042,0.255851874902754
561,0.51116,40,99,40,486143,119467,66887,41069,1.1066267738708362,0.2558242388000199
562,0.51127,42,111,42,486254,119356,66929,41027,1.1055985771981178,0.2558064133979287
563,0.51133,39,118,39,486372,119238,66968,40988,1.1045055392937864,0.25581366320072896
564,0.51139,152,497,152,486869,118741,67120,40836,1.0999018118492718,0.25590153969557017
565,0.51168,93,317,93,487186,118424,67213,40743,1.0969654303605172,0.2559764272744979
566,0.5117,16,43,16,487229,118381,67229,40727,1.0965671199377525,0.255970787138296
567,0.51173,356,1431,356,488660,116950,67585,40371,1.0833117195894624,0.2566154550250761
568,0.51182,98,277,98,488937,116673,67683,40273,1.0807458594242099,0.25660418233022825
569,0.51194,56,229,56,489166,116444,67739,40217,1.07862462484716,0.25671354070253605
570,0.51195,371,1475,371,490641,114969,68110,39846,1.0649616510430175,0.2573781610309079
571,0.51196,257,834,257,491475,114135,68367,39589,1.0572362814479974,0.2575329811870625
572,0.51197,49,199,49,491674,113936,68416,39540,1.055392937863574,0.2576298574369934
573,0.51198,10,39,10,491713,113897,68426,39530,1.0550316795731594,0.25764695914017743
574,0.51199,759,2461,759,494174,111436,69185,38771,1.0322353551446886,0.25811713169159894
575,0.51202,331,1492,331,495666,109944,69516,38440,1.0184149097780577,0.2590575803321113
576,0.51209,111,357,111,496023,109587,69627,38329,1.015108006965801,0.2591268016982612
577,0.51218,816,2899,816,498922,106688,70443,37513,0.9882544740449812,0.2601438270192301
578,0.51223,341,1427,341,500349,105261,70784,37172,0.9750361258290414,0.260978846194351
579,0.51226,57,198,57,500547,105063,70841,37115,0.9732020452777057,0.2610460127445878
580,0.51227,775,2876,775,503423,102187,71616,36340,0.9465615621178999,0.2623315310372707
581,0.51229,14,42,14,503465,102145,71630,36326,0.9461725147282226,0.2623365181157065
582,0.5123,110,315,110,503780,101830,71740,36216,0.943254659305643,0.2623473334975298
583,0.51232,31,95,31,503875,101735,71771,36185,0.9423746711623254,0.2623622389791183
584,0.5124,34,90,34,503965,101645,71805,36151,0.9415409981844455,0.2623515922087724
585,0.51242,5,16,5,503981,101629,71810,36146,0.9413927896550447,0.2623552894211577
586,0.5125,754,2938,754,506919,98691,72564,35392,0.9141779984438104,0.26395590790778845
587,0.51253,10,21,10,506940,98670,72574,35382,0.9139834747489718,0.2639423507295676
588,0.51254,114,296,114,507236,98374,72688,35268,0.9112416169550558,0.2638990736445129
589,0.51267,63,176,63,507412,98198,72751,35205,0.9096113231316463,0.26389961245249355
590,0.51268,136,456,136,507868,97742,72887,35069,0.9053873800437215,0.26405192340995853
591,0.51269,42,131,42,507999,97611,72929,35027,0.9041739227092519,0.26407967550777306
592,0.51274,249,859,249,508858,96752,73178,34778,0.8962169772870429,0.2644111609518741
593,0.51277,1502,4963,1502,513821,91789,74680,33276,0.8502445440735115,0.2660696437852317
594,0.51278,770,2942,770,516763,88847,75450,32506,0.822992700729927,0.2678631760236665
595,0.51282,56,180,56,516943,88667,75506,32450,0.8213253547741672,0.26792275237993013
596,0.51289,370,1075,370,518018,87592,75876,32080,0.8113675942050464,0.2680660471956682
597,0.51292,56,192,56,518210,87400,75932,32024,0.809589091852236,0.26815380493033225
598,0.51294,365,1066,365,519276,86334,76297,31659,0.7997146985809034,0.2683125270143144
599,0.51299,542,1554,542,520830,84780,76839,31117,0.7853199451628441,0.2684883991820323
600,0.51302,498,1659,498,522489,83121,77337,30619,0.7699525732705917,0.26920168806048883
601,0.51306,30,161,30,522650,82960,77367,30589,0.7684612249434954,0.2693903072682278
602,0.51308,21,78,21,522728,82882,77388,30568,0.7677387083626662,0.26944028206258264
603,0.51309,95,261,95,522989,82621,77483,30473,0.7653210567268146,0.26944842343537234
604,0.51313,1020,2875,1020,525864,79746,78503,29453,0.7386898366000964,0.2697185871665491
605,0.51316,7,21,7,525885,79725,78510,29446,0.7384953129052577,0.2697236445576206
606,0.51318,190,644,190,526529,79081,78700,29256,0.7325299195968727,0.2700462445886447
607,0.51321,77,263,77,526792,78818,78777,29179,0.730093741894846,0.27018343102123205
608,0.51322,249,821,249,527613,77997,79026,28930,0.722488791729964,0.2705584183601897
609,0.51327,64,170,64,527783,77827,79090,28866,0.7209140761050798,0.27055195748549576
610,0.51333,84,264,84,528047,77563,79174,28782,0.7184686353699655,0.2706474211293432
611,0.51335,87,258,87,528305,77305,79261,28695,0.7160787728333765,0.2707075471698113
612,0.51336,450,1592,450,529897,75713,79711,28245,0.7013320241579903,0.27169626195194213
613,0.5134,372,1139,372,531036,74574,80083,27873,0.6907814294712661,0.2720723886497408
614,0.51344,26,130,26,531166,74444,80109,27847,0.689577235169884,0.2722331387903139
615,0.51349,488,1673,488,532839,72771,80597,27359,0.6740801808144059,0.2732347947668032
616,0.5135,23,50,23,532889,72721,80620,27336,0.6736170291600282,0.27320427356406846
617,0.51363,348,1066,348,533955,71655,80968,26988,0.6637426358886954,0.27359265229159696
618,0.51365,726,2119,726,536074,69536,81694,26262,0.6441142687761681,0.2741393348504144
619,0.5137,472,1466,472,537540,68070,82166,25790,0.6305346622698136,0.27477093543575537
620,0.51374,14,16,14,537556,68054,82180,25776,0.6303864537404128,0.27470958115741234
621,0.5138,7,26,7,537582,68028,82187,25769,0.6301456148801363,0.27473160122391976
622,0.51389,696,2170,696,539752,65858,82883,25073,0.6100448330801438,0.2757365474920544
623,0.514,717,2145,717,541897,63713,83600,24356,0.5901756271073401,0.2765558823195449
624,0.51403,117,415,117,542312,63298,83717,24239,0.586331468376005,0.2769000536915818
625,0.51407,238,823,238,543135,62475,83955,24001,0.578707992144948,0.27754521485730144
626,0.5141,36,64,36,543199,62411,83991,23965,0.5781151580273445,0.27744975456145227
627,0.51412,226,604,226,543803,61807,84217,23739,0.5725202860424617,0.27749982465574075
628,0.5142,38,136,38,543939,61671,84255,23701,0.5712605135425544,0.2776202970528979
629,0.51423,420,1121,420,545060,60550,84675,23281,0.5608766534514061,0.27771349500781334
630,0.51427,49,149,49,545209,60401,84724,23232,0.5594964615213606,0.2777850848349336
631,0.51431,474,1227,474,546436,59174,85198,22758,0.5481307199229316,0.27776692867255776
632,0.51437,422,1060,422,547496,58114,85620,22336,0.5383119048501241,0.2776382846488502
633,0.51439,135,453,135,547949,57661,85755,22201,0.5341157508614621,0.2779920362625529
634,0.51447,906,2719,906,550668,54942,86661,21295,0.5089295638964022,0.279326311371119
635,0.51461,205,597,205,551265,54345,86866,21090,0.5033995331431323,0.27957844501889045
636,0.51479,117,391,117,551656,53954,86983,20973,0.4997776872058987,0.2799124481161664
637,0.51488,396,1078,396,552734,52876,87379,20577,0.48979213753751527,0.28013831974187575
638,0.51492,33,87,33,552821,52789,87412,20544,0.4889862536588981,0.28014672793967244
639,0.51498,39,141,39,552962,52648,87451,20505,0.4876801659935529,0.2803029267425806
640,0.51501,38,79,38,553041,52569,87489,20467,0.48694838637963617,0.2802316665753875
641,0.51522,26,67,26,553108,52502,87515,20441,0.48632776316277004,0.28023251031627433
642,0.51528,74,205,74,553313,52297,87589,20367,0.4844288413798214,0.2802901023890785
643,0.5153,136,452,136,553765,51845,87725,20231,0.4802419504242469,0.28068982740440646
644,0.51542,93,270,93,554035,51575,87818,20138,0.47774093149060726,0.28081379945058776
645,0.5155,74,218,74,554253,51357,87892,20064,0.4757215902775205,0.28092577813248204
646,0.51551,46,141,46,554394,51216,87938,20018,0.47441550261217535,0.2810174916472471
647,0.51558,95,282,95,554676,50934,88033,19923,0.47180332728148505,0.2811719378466489
648,0.5156,101,396,101,555072,50538,88134,19822,0.46813516617881357,0.28172256964184195
649,0.51561,66,231,66,555303,50307,88200,19756,0.46599540553558855,0.28197479411386894
650,0.51562,129,443,129,555746,49864,88329,19627,0.46189188187780206,0.282439452590983
651,0.51573,49,130,49,555876,49734,88378,19578,0.46068768757642004,0.2824619113573407
652,0.51574,99,296,99,556172,49438,88477,19479,0.457945829782504,0.2826443402933964
653,0.51577,115,425,115,556597,49013,88592,19364,0.45400904072029347,0.28319464147300993
654,0.51583,323,958,323,557555,48055,88915,19041,0.4451350550224165,0.28378740908548944
655,0.51584,179,478,179,558033,47577,89094,18862,0.44070732520656564,0.2838995168500429
656,0.51586,99,266,99,558299,47311,89193,18763,0.43824335840527623,0.28396948875503225
657,0.51591,250,729,250,559028,46582,89443,18513,0.4314906072844492,0.2843997234810661
658,0.51597,145,513,145,559541,46069,89588,18368,0.42673867131053395,0.28505361826279935
659,0.51603,306,934,306,560475,45135,89894,18062,0.4180869984067583,0.2858047059195848
660,0.51617,135,266,135,560741,44869,90029,17927,0.4156230316054689,0.28547996687687116
661,0.5162,86,304,86,561045,44565,90115,17841,0.4128070695468524,0.28588597250264397
662,0.51624,330,1017,330,562062,43548,90445,17511,0.4033865648968098,0.28678818847344373
663,0.51626,53,139,53,562201,43409,90498,17458,0.40209900329763976,0.286822087502259
664,0.5163,41,149,41,562350,43260,90539,17417,0.4007188113675942,0.2870445143958996
665,0.51641,53,170,53,562520,43090,90592,17364,0.39914409574271,0.2872266516690376
666,0.51643,38,170,38,562690,42920,90630,17326,0.3975693801178258,0.28758755768017796
667,0.5165,95,257,95,562947,42663,90725,17231,0.39518878061432433,0.2876915884729689
668,0.51654,117,290,117,563237,42373,90842,17114,0.39250250101893364,0.2876931094188646
669,0.51655,103,271,103,563508,42102,90945,17011,0.38999221905220643,0.2877708795019708
670,0.51667,112,239,112,563747,41863,91057,16899,0.387778354144281,0.2875838126680508
671,0.51668,911,2669,911,566416,39194,91968,15988,0.3630553188335989,0.28973215903736727
672,0.51671,128,293,128,566709,38901,92096,15860,0.3603412501389455,0.28962217636639215
673,0.51675,198,572,198,567281,38329,92294,15662,0.3550427952128645,0.29008538460113725
674,0.51678,392,962,392,568243,37367,92686,15270,0.34613175738263735,0.2901001196876722
675,0.51679,51,157,51,568400,37210,92737,15219,0.3446774611878914,0.2902782811039692
676,0.51683,115,296,115,568696,36914,92852,15104,0.34193560339397533,0.29036102887462034
677,0.51689,86,156,86,568852,36758,92938,15018,0.3404905702323169,0.2900571693448702
678,0.51691,200,553,200,569405,36205,93138,14818,0.3353681129348994,0.2904180467632244
679,0.51692,55,171,55,569576,36034,93193,14763,0.33378413427692766,0.29062739925586156
680,0.51695,73,152,73,569728,35882,93266,14690,0.3323761532476194,0.2904769437633473
681,0.51696,103,285,103,570013,35597,93369,14587,0.3297361888176665,0.29067033317392
682,0.51701,262,789,262,570802,34808,93631,14325,0.3224276557115862,0.29155557364703966
683,0.51707,84,168,84,570970,34640,93715,14241,0.3208714661528771,0.2913401935312289
684,0.51715,122,329,122,571299,34311,93837,14119,0.3178239282670718,0.29153417303324386
685,0.51723,208,562,208,571861,33749,94045,13911,0.3126181036718663,0.2918799832144356
686,0.51737,114,280,114,572141,33469,94159,13797,0.31002445440735116,0.2919011551643888
687,0.51741,270,722,270,572863,32747,94429,13527,0.303336544518137,0.2923239832303237
688,0.51754,103,326,103,573189,32421,94532,13424,0.30031679573159437,0.2928127385756353
689,0.51761,162,401,162,573590,32020,94694,13262,0.29660231946348514,0.292875756371185
690,0.51763,290,723,290,574313,31297,94984,12972,0.28990514654118343,0.29302672298899907
691,0.51765,74,161,74,574474,31136,95058,12898,0.28841379821408725,0.29291002407230776
692,0.51772,53,166,53,574640,30970,95111,12845,0.2868761347215532,0.29316444140134656
693,0.51773,60,150,60,574790,30820,95171,12785,0.28548667975842007,0.29320032106409816
694,0.51788,69,174,69,574964,30646,95240,12716,0.28387491200118564,0.2932521562658549
695,0.51789,280,735,280,575699,29911,95520,12436,0.2770665826818333,0.2936689730087137
696,0.51796,168,367,168,576066,29544,95688,12268,0.27366704953870097,0.29340859083516696
697,0.51813,346,805,346,576871,28739,96034,11922,0.2662103079032198,0.2932047908315093
698,0.51835,73,184,73,577055,28555,96107,11849,0.26450590981510985,0.29326304326304325
699,0.51838,378,989,378,578044,27566,96485,11471,0.2553447700915188,0.2938494249045777
700,0.51854,61,193,61,578237,27373,96546,11410,0.2535570047056208,0.2942010674780187
701,0.51862,163,418,163,578655,26955,96709,11247,0.24968505687502315,0.2944086697031569
702,0.51902,62,193,62,578848,26762,96771,11185,0.2478972914891252,0.29475320842227315
703,0.51926,67,193,67,579041,26569,96838,11118,0.24610952610322723,0.2950088890068193
704,0.51927,42,111,42,579152,26458,96880,11076,0.24508132943050873,0.29509244951244207
705,0.51939,67,191,67,579343,26267,96947,11009,0.2433120901107859,0.2953374825625067
706,0.51963,48,120,48,579463,26147,96995,10961,0.24220052614027937,0.29538104990837555
707,0.51975,166,469,166,579932,25678,97161,10795,0.23785616362221645,0.29597236311792285
708,0.51992,95,252,95,580184,25426,97256,10700,0.2355218792841528,0.29618557271771023
709,0.51999,96,285,96,580469,25141,97352,10604,0.23288191485419987,0.29665687508742483
710,0.52,26,114,26,580583,25027,97378,10578,0.2318259290822187,0.29709310490099705
711,0.52008,82,280,82,580863,24747,97460,10496,0.2292322798177035,0.29781800641262096
712,0.5202,95,250,95,581113,24497,97555,10401,0.22691652154581496,0.29804000229239497
713,0.52026,179,522,179,581635,23975,97734,10222,0.22208121827411167,0.29891510951253036
714,0.52036,197,509,197,582144,23466,97931,10025,0.2173663344325466,0.29933414947299275
715,0.5204,186,527,186,582671,22939,98117,9839,0.21248471599540553,0.30017084629934715
716,0.52041,108,260,108,582931,22679,98225,9731,0.21007632739264145,0.3002468373958655
717,0.52044,38,104,38,583035,22575,98263,9693,0.2091129719515358,0.3003904797322425
718,0.52051,180,533,180,583568,22042,98443,9513,0.20417577531586942,0.30147361749326573
719,0.52052,81,254,81,583822,21788,98524,9432,0.20182296491163065,0.3021140294682896
720,0.52056,85,292,85,584114,21496,98609,9347,0.19911815925006485,0.30305093538242067
721,0.5206,90,258,90,584372,21238,98699,9257,0.19672829671347586,0.3035579603213642
722,0.52065,59,143,59,584515,21095,98758,9198,0.19540368298195562,0.30363450302049977
723,0.52072,49,141,49,584656,20954,98807,9149,0.19409759531661047,0.30392319702355247
724,0.52075,46,148,46,584804,20806,98853,9103,0.19272666641965244,0.3043565481961951
725,0.5208,350,860,350,585664,19946,99203,8753,0.18476045796435586,0.3049932053381651
726,0.52084,55,121,55,585785,19825,99258,8698,0.1836396309607618,0.3049468849700242
727,0.52098,120,317,120,586102,19508,99378,8578,0.1807032494720071,0.3054190699992879
728,0.52102,74,198,74,586300,19310,99452,8504,0.1788691689206714,0.3057453081182139
729,0.52105,184,514,184,586814,18796,99636,8320,0.17410796991366853,0.30682991591680187
730,0.52126,42,164,42,586978,18632,99678,8278,0.17258883248730963,0.30761798587885547
731,0.52128,132,340,132,587318,18292,99810,8146,0.16943940123754123,0.3081171041682427
732,0.52131,160,382,160,587700,17910,99970,7986,0.16590092259809552,0.3083873957367933
733,0.52137,79,213,79,587913,17697,100049,7907,0.16392789655044648,0.3088189345414779
734,0.52138,43,158,43,588071,17539,100092,7864,0.16246433732261292,0.30956973585796954
735,0.52139,183,483,183,588554,17056,100275,7681,0.15799029234132425,0.31050652868173184
736,0.52145,104,236,104,588790,16820,100379,7577,0.15580421653266147,0.3105709718408001
737,0.52154,122,314,122,589104,16506,100501,7455,0.15289562414316943,0.31113058720420683
738,0.52155,50,157,50,589261,16349,100551,7405,0.15144132794842344,0.3117369706154753
739,0.52164,162,356,162,589617,15993,100713,7243,0.14814368816925413,0.3117145808228611
740,0.52173,93,223,93,589840,15770,100806,7150,0.14607803179072956,0.31195462478184993
741,0.5218,163,352,163,590192,15418,100969,6987,0.14281744414391048,0.31185003347467083
742,0.52195,79,213,79,590405,15205,101048,6908,0.14084441809626144,0.3123954235065346
743,0.52196,48,102,48,590507,15103,101096,6860,0.1398995887213309,0.3123434867732095
744,0.52209,45,112,45,590619,14991,101141,6815,0.13886212901552483,0.3125286618361919
745,0.5222,47,90,47,590709,14901,101188,6768,0.13802845603764496,0.3123355946282708
746,0.52221,86,254,86,590963,14647,101274,6682,0.1356756456334062,0.31328238548455156
747,0.52226,161,347,161,591310,14300,101435,6521,0.13246137315202489,0.3131934104990154
748,0.52236,95,208,95,591518,14092,101530,6426,0.13053466226981364,0.3131884199239692
749,0.52249,191,415,191,591933,13677,101721,6235,0.12669050353847863,0.31312776215347526
750,0.5225,215,538,215,592471,13139,101936,6020,0.12170699173737448,0.3142126415783705
751,0.52278,82,198,82,592669,12941,102018,5938,0.11987291118603875,0.31452937125907093
752,0.52294,41,94,41,592763,12847,102059,5897,0.11900218607580866,0.31460734101579174
753,0.52373,26,58,26,592821,12789,102085,5871,0.11846493015673051,0.31463022508038585
754,0.52375,31,68,31,592889,12721,102116,5840,0.11783504390677683,0.3146382199234955
755,0.52401,165,501,165,593390,12220,102281,5675,0.11319426432991218,0.3171276892986868
756,0.52414,79,261,79,593651,11959,102360,5596,0.11077661269406054,0.3187695813158644
757,0.5243,29,58,29,593709,11901,102389,5567,0.1102393567749824,0.3186970460270208
758,0.5244,31,56,31,593765,11845,102420,5536,0.10972062692207936,0.3185087164144756
759,0.52442,41,117,41,593882,11728,102461,5495,0.10863685205083552,0.31905010741450385
760,0.52447,18,21,18,593903,11707,102479,5477,0.10844232835599689,0.31872672253258844
761,0.52464,17,40,17,593943,11667,102496,5460,0.10807180703249472,0.31879488526887373
762,0.52467,13,40,13,593983,11627,102509,5447,0.10770128570899255,0.3190230760220218
763,0.52471,163,421,163,594404,11206,102672,5284,0.10380154877913224,0.32043662825955127
764,0.52474,76,147,76,594551,11059,102748,5208,0.10243988291526178,0.32015737382430687
765,0.5249,11,24,11,594575,11035,102759,5197,0.10221757012116048,0.32017003449975356
766,0.52493,88,247,88,594822,10788,102847,5109,0.09992960094853459,0.32138139271560673
767,0.52495,84,167,84,594989,10621,102931,5025,0.09838267442291304,0.3211683497379522
768,0.52512,103,209,103,595198,10412,103034,4922,0.09644670050761421,0.3209860440850398
769,0.52517,75,171,75,595369,10241,103109,4847,0.09486272184964245,0.32124867444326616
770,0.52519,71,169,71,595538,10072,103180,4776,0.09329726925784579,0.32165948275862066
771,0.52528,21,34,21,595572,10038,103201,4755,0.09298232613286894,0.32143581423646317
772,0.52539,66,177,66,595749,9861,103267,4689,0.09134276927637186,0.3222680412371134
773,0.52553,78,172,78,595921,9689,103345,4611,0.08974952758531253,0.32244755244755247
774,0.52562,19,39,19,595960,9650,103364,4592,0.08938826929489792,0.3224266254739503
775,0.52569,23,46,23,596006,9604,103387,4569,0.08896216977287043,0.3223735271290482
776,0.52585,36,68,36,596074,9536,103423,4533,0.08833228352291675,0.3221977397114223
777,0.52611,42,84,42,596158,9452,103465,4491,0.08755418874356219,0.32209710966076166
778,0.52612,31,52,31,596210,9400,103496,4460,0.08707251102300938,0.3217893217893218
779,0.52613,48,87,48,596297,9313,103544,4412,0.08626662714439216,0.32145719489981783
780,0.52615,61,171,61,596468,9142,103605,4351,0.08468264848642039,0.32246349959238124
781,0.52638,45,97,45,596565,9045,103650,4306,0.08378413427692764,0.3225226574788405
782,0.52641,132,275,132,596840,8770,103782,4174,0.08123680017785023,0.32246600741656367
783,0.52651,57,89,57,596929,8681,103839,4117,0.0804123902330579,0.32169088920143774
784,0.52667,14,22,14,596951,8659,103853,4103,0.08020860350513172,0.32150133207961135
785,0.52683,166,388,166,597339,8271,104019,3937,0.0766145466671607,0.32249344692005244
786,0.52735,168,380,168,597719,7891,104187,3769,0.0730945940938901,0.3232418524871355
787,0.52747,154,379,154,598098,7512,104341,3615,0.06958390455370707,0.3248854138581828
788,0.52755,101,228,101,598326,7284,104442,3514,0.06747193300974472,0.32543063530283384
789,0.5276,135,411,135,598737,6873,104577,3379,0.06366482641075993,0.3295942255169723
790,0.52784,100,251,100,598988,6622,104677,3279,0.06133980510578384,0.3311786688213312
791,0.52786,262,622,262,599610,6000,104939,3017,0.05557819852532513,0.3345902184762116
792,0.52821,109,228,109,599838,5772,105048,2908,0.053466226981362774,0.3350230414746544
793,0.52829,119,223,119,600061,5549,105167,2789,0.051400570602838196,0.33449268409690575
794,0.52846,107,263,107,600324,5286,105274,2682,0.04896439290081144,0.3365963855421687
795,0.52853,140,244,140,600568,5042,105414,2542,0.04670421282744822,0.33517932489451474
796,0.52881,106,206,106,600774,4836,105520,2436,0.044796028011412053,0.334983498349835
797,0.52886,118,242,118,601016,4594,105638,2318,0.04255437400422394,0.3353587962962963
798,0.52893,71,117,71,601133,4477,105709,2247,0.0414705991329801,0.33417608566329565
799,0.52905,75,100,75,601233,4377,105784,2172,0.04054429582422468,0.331653687585891
800,0.52947,72,128,72,601361,4249,105856,2100,0.03935862758901775,0.33076074972436603
801,0.52956,165,375,165,601736,3874,106021,1935,0.03588499018118493,0.33310380444138404
802,0.52985,59,113,59,601849,3761,106080,1876,0.03483826744229131,0.3328011353556857
803,0.53058,121,337,121,602186,3424,106201,1755,0.031716625291785545,0.33886850743386754
804,0.53099,127,309,127,602495,3115,106328,1628,0.028854348067731298,0.3432426734134514
805,0.5312,127,294,127,602789,2821,106455,1501,0.026131016339990366,0.34729291994447015
806,0.5313,92,200,92,602989,2621,106547,1409,0.02427840972247953,0.34962779156327545
807,0.53149,108,301,108,603290,2320,106655,1301,0.021490236763125718,0.35929301297983984
808,0.53172,98,181,98,603471,2139,106753,1203,0.01981362777427841,0.3599640933572711
809,0.53176,217,444,217,603915,1695,106970,986,0.01570084108340435,0.3677732189481537
810,0.53193,90,182,90,604097,1513,107060,896,0.014014969061469488,0.37193856371938566
811,0.53195,108,152,108,604249,1361,107168,788,0.01260698803216125,0.36668217775709633
812,0.53217,94,179,94,604428,1182,107262,694,0.010948905109489052,0.3699360341151386
813,0.53219,93,184,93,604612,998,107355,601,0.00924450702137908,0.3758599124452783
814,0.53259,104,178,104,604790,820,107459,497,0.007595687131794435,0.3773728170083523
815,0.53267,75,104,75,604894,716,107534,422,0.0066323316906887995,0.37082601054481545
816,0.5327,88,156,88,605050,560,107622,334,0.0051872985290303455,0.37360178970917224
817,0.53293,67,98,67,605148,462,107689,267,0.004279521286450035,0.3662551440329218
818,0.53311,65,95,65,605243,367,107754,202,0.003399533143132387,0.35500878734622143
819,0.53346,146,281,146,605524,86,107900,56,0.0007966208455296602,0.39436619718309857
820,0.53357,56,86,56,605610,0,107956,0,0.0,
