p,Neg,Pos,$\frac{\text{Pos}}{\text{Neg}+\text{Pos}}$,TN,FP,FN,TP,Prec,Rec,$\frac{\text{FP}}{\text{P}}$
0.0,"60,631","2,826",0.04,"60,631","544,979","2,826","105,130",0.16,0.97,5.05
0.01,"5,302",271,0.05,"65,933","539,677","3,097","104,859",0.16,0.97,5.00
0.02,"11,517",626,0.05,"77,450","528,160","3,723","104,233",0.16,0.97,4.89
0.03,"4,085",250,0.06,"81,535","524,075","3,973","103,983",0.17,0.96,4.85
0.04,683,81,0.11,"82,218","523,392","4,054","103,902",0.17,0.96,4.85
0.05,"1,257",103,0.08,"83,475","522,135","4,157","103,799",0.17,0.96,4.84
0.06,522,38,0.07,"83,997","521,613","4,195","103,761",0.17,0.96,4.83
0.07,609,36,0.06,"84,606","521,004","4,231","103,725",0.17,0.96,4.83
0.08,"1,048",79,0.07,"85,654","519,956","4,310","103,646",0.17,0.96,4.82
0.09,"6,579",448,0.06,"92,233","513,377","4,758","103,198",0.17,0.96,4.76
0.1,"6,715",459,0.06,"98,948","506,662","5,217","102,739",0.17,0.95,4.69
0.11,"13,728","1,039",0.07,"112,676","492,934","6,256","101,700",0.17,0.94,4.57
0.12,"5,424",437,0.07,"118,100","487,510","6,693","101,263",0.17,0.94,4.52
0.13,"3,110",241,0.07,"121,210","484,400","6,934","101,022",0.17,0.94,4.49
0.14,"8,847",649,0.07,"130,057","475,553","7,583","100,373",0.17,0.93,4.41
0.15,"11,487",921,0.07,"141,544","464,066","8,504","99,452",0.18,0.92,4.30
0.16,"3,248",254,0.07,"144,792","460,818","8,758","99,198",0.18,0.92,4.27
0.17,"1,438",155,0.10,"146,230","459,380","8,913","99,043",0.18,0.92,4.26
0.18,"2,394",191,0.07,"148,624","456,986","9,104","98,852",0.18,0.92,4.23
0.19,"2,543",222,0.08,"151,167","454,443","9,326","98,630",0.18,0.91,4.21
0.2,"2,390",241,0.09,"153,557","452,053","9,567","98,389",0.18,0.91,4.19
0.21,"2,719",262,0.09,"156,276","449,334","9,829","98,127",0.18,0.91,4.16
0.22,"2,514",206,0.08,"158,790","446,820","10,035","97,921",0.18,0.91,4.14
0.23,"8,210",738,0.08,"167,000","438,610","10,773","97,183",0.18,0.90,4.06
0.24,"13,321","1,225",0.08,"180,321","425,289","11,998","95,958",0.18,0.89,3.94
0.25,"4,572",516,0.10,"184,893","420,717","12,514","95,442",0.18,0.88,3.90
0.26,"9,494",994,0.09,"194,387","411,223","13,508","94,448",0.19,0.87,3.81
0.27,"9,847","1,044",0.10,"204,234","401,376","14,552","93,404",0.19,0.87,3.72
0.28,"3,751",475,0.11,"207,985","397,625","15,027","92,929",0.19,0.86,3.68
0.29,"9,570","1,120",0.10,"217,555","388,055","16,147","91,809",0.19,0.85,3.59
0.3,"27,630","3,084",0.10,"245,185","360,425","19,231","88,725",0.20,0.82,3.34
0.31,"10,178","1,279",0.11,"255,363","350,247","20,510","87,446",0.20,0.81,3.24
0.32,"1,081",136,0.11,"256,444","349,166","20,646","87,310",0.20,0.81,3.23
0.33,"4,695",662,0.12,"261,139","344,471","21,308","86,648",0.20,0.80,3.19
0.34,"3,457",423,0.11,"264,596","341,014","21,731","86,225",0.20,0.80,3.16
0.35,"7,018",941,0.12,"271,614","333,996","22,672","85,284",0.20,0.79,3.09
0.36,"15,561","2,172",0.12,"287,175","318,435","24,844","83,112",0.21,0.77,2.95
0.37,"5,546",797,0.13,"292,721","312,889","25,641","82,315",0.21,0.76,2.90
0.38,"9,269","1,316",0.12,"301,990","303,620","26,957","80,999",0.21,0.75,2.81
0.39,"27,244","3,863",0.12,"329,234","276,376","30,820","77,136",0.22,0.71,2.56
0.4,"14,024","2,128",0.13,"343,258","262,352","32,948","75,008",0.22,0.69,2.43
0.41,"13,077","1,938",0.13,"356,335","249,275","34,886","73,070",0.23,0.68,2.31
0.42,"16,235","2,451",0.13,"372,570","233,040","37,337","70,619",0.23,0.65,2.16
0.43,"11,243","1,858",0.14,"383,813","221,797","39,195","68,761",0.24,0.64,2.05
0.44,"3,360",720,0.18,"387,173","218,437","39,915","68,041",0.24,0.63,2.02
0.45,"5,568","1,171",0.17,"392,741","212,869","41,086","66,870",0.24,0.62,1.97
0.46,"2,997",530,0.15,"395,738","209,872","41,616","66,340",0.24,0.61,1.94
0.47,"1,773",312,0.15,"397,511","208,099","41,928","66,028",0.24,0.61,1.93
0.48,"3,087",555,0.15,"400,598","205,012","42,483","65,473",0.24,0.61,1.90
0.49,"6,534","1,215",0.16,"407,132","198,478","43,698","64,258",0.24,0.60,1.84
0.5,"14,565","2,767",0.16,"421,697","183,913","46,465","61,491",0.25,0.57,1.70
0.51,"22,273","4,444",0.17,"443,970","161,640","50,909","57,047",0.26,0.53,1.50
0.52,"20,797","4,351",0.17,"464,767","140,843","55,260","52,696",0.27,0.49,1.30
0.53,"11,302","2,384",0.17,"476,069","129,541","57,644","50,312",0.28,0.47,1.20
0.54,"3,297",827,0.20,"479,366","126,244","58,471","49,485",0.28,0.46,1.17
0.55,"1,799",432,0.19,"481,165","124,445","58,903","49,053",0.28,0.45,1.15
0.56,"1,326",336,0.20,"482,491","123,119","59,239","48,717",0.28,0.45,1.14
0.57,"1,487",408,0.22,"483,978","121,632","59,647","48,309",0.28,0.45,1.13
0.58,"1,606",422,0.21,"485,584","120,026","60,069","47,887",0.29,0.44,1.11
0.59,"3,904","1,043",0.21,"489,488","116,122","61,112","46,844",0.29,0.43,1.08
0.6,"6,025","1,489",0.20,"495,513","110,097","62,601","45,355",0.29,0.42,1.02
0.61,"10,363","2,611",0.20,"505,876","99,734","65,212","42,744",0.30,0.40,0.92
0.62,"9,399","2,408",0.20,"515,275","90,335","67,620","40,336",0.31,0.37,0.84
0.63,"4,273","1,163",0.21,"519,548","86,062","68,783","39,173",0.31,0.36,0.80
0.64,"9,378","2,795",0.23,"528,926","76,684","71,578","36,378",0.32,0.34,0.71
0.65,"5,829","1,727",0.23,"534,755","70,855","73,305","34,651",0.33,0.32,0.66
0.66,"2,592",842,0.25,"537,347","68,263","74,147","33,809",0.33,0.31,0.63
0.67,"1,508",467,0.24,"538,855","66,755","74,614","33,342",0.33,0.31,0.62
0.68,"1,150",370,0.24,"540,005","65,605","74,984","32,972",0.33,0.31,0.61
0.69,628,209,0.25,"540,633","64,977","75,193","32,763",0.34,0.30,0.60
0.7,922,274,0.23,"541,555","64,055","75,467","32,489",0.34,0.30,0.59
0.71,"2,904",889,0.23,"544,459","61,151","76,356","31,600",0.34,0.29,0.57
0.72,"4,093","1,355",0.25,"548,552","57,058","77,711","30,245",0.35,0.28,0.53
0.73,"7,725","2,808",0.27,"556,277","49,333","80,519","27,437",0.36,0.25,0.46
0.74,"5,368","1,980",0.27,"561,645","43,965","82,499","25,457",0.37,0.24,0.41
0.75,"1,488",551,0.27,"563,133","42,477","83,050","24,906",0.37,0.23,0.39
0.76,"1,577",540,0.26,"564,710","40,900","83,590","24,366",0.37,0.23,0.38
0.77,"1,371",528,0.28,"566,081","39,529","84,118","23,838",0.38,0.22,0.37
0.78,"3,112","1,329",0.30,"569,193","36,417","85,447","22,509",0.38,0.21,0.34
0.79,"3,783","1,745",0.32,"572,976","32,634","87,192","20,764",0.39,0.19,0.30
0.8,697,298,0.30,"573,673","31,937","87,490","20,466",0.39,0.19,0.30
0.81,"1,200",612,0.34,"574,873","30,737","88,102","19,854",0.39,0.18,0.28
0.82,"1,370",662,0.33,"576,243","29,367","88,764","19,192",0.40,0.18,0.27
0.83,"1,577",717,0.31,"577,820","27,790","89,481","18,475",0.40,0.17,0.26
0.84,332,156,0.32,"578,152","27,458","89,637","18,319",0.40,0.17,0.25
0.85,549,230,0.30,"578,701","26,909","89,867","18,089",0.40,0.17,0.25
0.86,662,287,0.30,"579,363","26,247","90,154","17,802",0.40,0.16,0.24
0.87,935,338,0.27,"580,298","25,312","90,492","17,464",0.41,0.16,0.23
0.88,"1,259",691,0.35,"581,557","24,053","91,183","16,773",0.41,0.16,0.22
0.89,959,543,0.36,"582,516","23,094","91,726","16,230",0.41,0.15,0.21
0.9,"1,730","1,035",0.37,"584,246","21,364","92,761","15,195",0.42,0.14,0.20
0.91,"1,809","1,052",0.37,"586,055","19,555","93,813","14,143",0.42,0.13,0.18
0.92,"1,047",677,0.39,"587,102","18,508","94,490","13,466",0.42,0.12,0.17
0.93,365,191,0.34,"587,467","18,143","94,681","13,275",0.42,0.12,0.17
0.94,"1,458",836,0.36,"588,925","16,685","95,517","12,439",0.43,0.12,0.15
0.95,118,54,0.31,"589,043","16,567","95,571","12,385",0.43,0.11,0.15
0.96,90,55,0.38,"589,133","16,477","95,626","12,330",0.43,0.11,0.15
0.97,189,123,0.39,"589,322","16,288","95,749","12,207",0.43,0.11,0.15
0.98,278,190,0.41,"589,600","16,010","95,939","12,017",0.43,0.11,0.15
0.99,627,398,0.39,"590,227","15,383","96,337","11,619",0.43,0.11,0.14
1.0,"15,383","11,619",0.43,"605,610",0,"107,956",0,nan,0.00,0.00
