,y_proba,y_test,Neg,Pos,TN,FP,FN,TP,FP/P,Prec
0,0.4540048889558292,7,279,7,279,605331,7,107949,5.607201081922264,0.15134168909825033
1,0.4542908448285642,17,394,17,673,604937,24,107932,5.603551446885768,0.15140509686913023
2,0.4545901991251569,9,187,9,860,604750,33,107923,5.601819259698396,0.15143410792888182
3,0.4550085997075619,2,48,2,908,604702,35,107921,5.601374634110193,0.15144192651654523
4,0.4550212784222619,1,30,1,938,604672,36,107920,5.601096743117567,0.15144711139052922
5,0.4563474348330061,0,33,0,971,604639,36,107920,5.600791063025677,0.15145412520226395
6,0.4563961013147045,2,24,2,995,604615,38,107918,5.6005687502315755,0.15145684480578445
7,0.4564070462627239,10,343,10,1338,604272,48,107908,5.597391529882545,0.15151787469459968
8,0.4566160297701254,2,20,2,1358,604252,50,107906,5.597206269220794,0.15151974702243043
9,0.4566943647366727,0,16,0,1374,604236,50,107906,5.597058060691393,0.1515231512816264
10,0.4567501016882465,5,221,5,1595,604015,55,107901,5.595010930379043,0.15156422948774856
11,0.4578019708265506,0,4,0,1599,604011,55,107901,5.594973878246693,0.15156508107743655
12,0.4578622628101983,3,219,3,1818,603792,58,107898,5.5929452740005186,0.15160814399527883
13,0.4578803057930979,1,15,1,1833,603777,59,107897,5.592806328504206,0.151610147342744
14,0.4579360427446717,6,192,6,2025,603585,65,107891,5.591027826151395,0.15164390647049233
15,0.4581348499726397,0,6,0,2031,603579,65,107891,5.59097224795287,0.15164518532053353
16,0.4582131849391871,0,3,0,2034,603576,65,107891,5.590944458853607,0.15164582475364283
17,0.4582689218907608,1,12,1,2046,603564,66,107890,5.590833302456557,0.15164719012051375
18,0.4584246156668763,6,163,6,2209,603401,72,107884,5.589323428063285,0.15167478577504095
19,0.4586858527197441,0,3,0,2212,603398,72,107884,5.589295638964022,0.1516754254993097
20,0.458704916220355,1,46,1,2258,603352,73,107883,5.588869539441995,0.15168404254571274
21,0.4587345192014426,0,3,0,2261,603349,73,107883,5.588841750342732,0.15168468235399982
22,0.4587454641494619,4,30,4,2291,603319,77,107879,5.5885638593501055,0.1516863095790483
23,0.459267269077033,0,18,0,2309,603301,77,107879,5.58839712475453,0.1516901487668382
24,0.4593991259956122,0,1,0,2310,603300,77,107879,5.588387861721442,0.151690362060747
25,0.459454862947186,0,20,0,2330,603280,77,107879,5.588202601059691,0.15169462806489126
26,0.4595404521986922,1,35,1,2365,603245,78,107878,5.587878394901627,0.1517009012505572
27,0.4595531309133922,3,40,3,2405,603205,81,107875,5.587507873578124,0.1517058558811948
28,0.4598197162434356,4,69,4,2474,603136,85,107871,5.586868724295083,0.1517158058922064
29,0.4598878943406342,2,180,2,2654,602956,87,107869,5.585201378339323,0.15175183765343087
30,0.4604059878605161,1,129,1,2783,602827,88,107868,5.584006447071029,0.15177818895588122
31,0.4605127963806089,2,83,2,2866,602744,90,107866,5.583237615324762,0.15179352950282152
32,0.4606069183743733,0,7,0,2873,602737,90,107866,5.583172774093149,0.15179502478880613
33,0.4606196193800132,0,11,0,2884,602726,90,107866,5.583070880729186,0.15179737458344592
34,0.4610991814055281,3,45,3,2929,602681,93,107863,5.582654044240246,0.15180340696705621
35,0.4613910435529157,5,125,5,3054,602556,98,107858,5.581496165104301,0.15182414760970364
36,0.461589431399558,1,19,1,3073,602537,99,107857,5.5813201674756385,0.15182701430473794
37,0.4617912198234919,13,229,13,3302,602308,112,107844,5.5791989328985885,0.15186044677759128
38,0.4619841993644485,0,10,0,3312,602298,112,107844,5.579106302567713,0.151862585229433
39,0.4620329594458138,0,10,0,3322,602288,112,107844,5.5790136722368375,0.1518647237415016
40,0.4620356440439694,19,309,19,3631,601979,131,107825,5.576151395012783,0.15190813238584172
41,0.4620439252958706,5,165,5,3796,601814,136,107820,5.574622994553336,0.15193747762931314
42,0.462151784256236,3,17,3,3813,601797,139,107817,5.574465522990848,0.15193753223583525
43,0.4623778190637562,3,157,3,3970,601640,142,107814,5.573011226796102,0.1519675694266295
44,0.4624339175696056,0,6,0,3976,601634,142,107814,5.572955648597577,0.15196885465883334
45,0.4625642742780916,3,67,3,4043,601567,145,107811,5.572335025380711,0.1519796215839792
46,0.462632194464898,0,4,0,4047,601563,145,107811,5.572297973248361,0.15198047856278915
47,0.4626428659539723,4,55,4,4102,601508,149,107807,5.571788506428545,0.15198748087944003
48,0.4626960806972829,21,625,21,4727,600883,170,107786,5.565999110748824,0.15209639479079795
49,0.4626987825544305,22,603,22,5330,600280,192,107764,5.560413501797028,0.15219958081701138
50,0.4627106968815676,0,7,0,5337,600273,192,107764,5.560348660565415,0.15220108553649034
51,0.4627665511049678,1,38,1,5375,600235,193,107763,5.559996665308089,0.152208057084907
52,0.4629412850852079,0,7,0,5382,600228,193,107763,5.559931824076475,0.15220956198595745
53,0.4629472575953893,28,809,28,6191,599419,221,107735,5.552438030308644,0.15235012458389544
54,0.4629962704262836,0,4,0,6195,599415,221,107735,5.552400978176294,0.1523509863536732
55,0.4630619135466948,3,120,3,6315,599295,224,107732,5.551289414205788,0.15237324741487948
56,0.463258433553961,130,3018,130,9333,596277,354,107602,5.523333580347549,0.15287002453546703
57,0.463339546334658,2,29,2,9362,596248,356,107600,5.52306495238801,0.15287391595912753
58,0.4633882128163565,1,35,1,9397,596213,357,107599,5.522740746229945,0.1528803146294749
59,0.4634242592514514,1,69,1,9466,596144,358,107598,5.5221015969469045,0.15289410039474693
60,0.4634589229431651,0,25,0,9491,596119,358,107598,5.521870021119716,0.1528995320562101
61,0.4634622078133937,10,316,10,9807,595803,368,107588,5.518942902664048,0.1529561794222559
62,0.463511028290834,11,383,11,10190,595420,379,107577,5.515395160991515,0.15302625758004657
63,0.4635220076154269,157,3623,157,13813,591797,536,107420,5.481835192115306,0.1536289878535562
64,0.4635280442565953,2,8,2,13821,591789,538,107418,5.481761087850606,0.15362832465922108
65,0.463532567764717,173,3959,173,17780,587830,711,107245,5.4450887398569785,0.15429270222637845
66,0.4635372579097125,0,14,0,17794,587816,711,107245,5.444959057393753,0.15429581000804246
67,0.4635411157299079,1,113,1,17907,587703,712,107244,5.4439123346548595,0.15431968193257903
68,0.4636025417442637,1,47,1,17954,587656,713,107243,5.443476972099744,0.15432890247359687
69,0.4636619672751039,2,22,2,17976,587634,715,107241,5.443273185371818,0.1543313545601727
70,0.4637502153345169,9,295,9,18271,587339,724,107232,5.44054059061099,0.15438594470543687
71,0.4638201441230727,0,8,0,18279,587331,724,107232,5.440466486346289,0.15438772292794173
72,0.4638288070103975,19,292,19,18571,587039,743,107213,5.437761680684724,0.15442951550733738
73,0.4638847236108557,146,3017,146,21588,584022,889,107067,5.409815109859572,0.1549250530684181
74,0.4638986465397423,0,9,0,21597,584013,889,107067,5.409731742561784,0.15492707067199166
75,0.4639545007631425,2,91,2,21688,583922,891,107065,5.408888806550817,0.15494502790935286
76,0.4640830944806059,0,8,0,21696,583914,891,107065,5.408814702286117,0.15494682182815975
77,0.4641034685865859,18,577,18,22273,583337,909,107047,5.403469932194597,0.15505428862777818
78,0.4641532654938637,0,1,0,22274,583336,909,107047,5.40346066916151,0.15505451321947383
79,0.4641616861564865,0,2,0,22276,583334,909,107047,5.403442143095335,0.15505496240481706
80,0.4641658511357066,1,128,1,22404,583206,910,107046,5.4022564748601285,0.1550824916117592
81,0.4642176027569447,2,74,2,22478,583132,912,107044,5.401571010411649,0.1550966709940653
82,0.4642417955741345,11,301,11,22779,582831,923,107033,5.398782837452296,0.15515087031646818
83,0.4642876221339335,0,1,0,22780,582830,923,107033,5.398773574419208,0.1551510952174562
84,0.4643180559014455,182,4172,182,26952,578658,1105,106851,5.360128200377932,0.15587103889226836
85,0.4643258533665715,0,1,0,26953,578657,1105,106851,5.360118937344844,0.15587126627260367
86,0.464374613447937,0,1,0,26954,578656,1105,106851,5.360109674311756,0.15587149365360237
87,0.4643839221332871,5,178,5,27132,578478,1110,106846,5.358460854422172,0.15590581972906245
88,0.4643855792979937,1,17,1,27149,578461,1111,106845,5.358303382859684,0.15590845549287471
89,0.4644467014143038,2,11,2,27160,578450,1113,106843,5.358201489495721,0.15590849461471223
90,0.4644813329560835,2,66,2,27226,578384,1115,106841,5.357590129311942,0.1559210478310044
91,0.4646124015483409,3,39,3,27265,578345,1118,106838,5.357228871021527,0.1559262270079672
92,0.4646473378188362,1,5,1,27270,578340,1119,106837,5.35718255585609,0.15592613295542612
93,0.4647256727853837,1,15,1,27285,578325,1120,106836,5.357043610359776,0.1559283146588904
94,0.4649454988045266,0,7,0,27292,578318,1120,106836,5.356978769128164,0.15592990772877338
95,0.4649805429388688,0,6,0,27298,578312,1120,106836,5.356923190929638,0.1559312732431533
96,0.4650100108057467,0,19,0,27317,578293,1120,106836,5.356747193300975,0.15593559752980826
97,0.4650380851879993,13,323,13,27640,577970,1133,106823,5.353755233613694,0.15599312492972328
98,0.4650447300867343,4,49,4,27689,577921,1137,106819,5.3533013449924045,0.15599935742033472
99,0.4650508058678671,9,387,9,28076,577534,1146,106810,5.34971655118752,0.15607647615818945
100,0.4650588779054161,0,1,0,28077,577533,1146,106810,5.349707288154433,0.15607670422580489
101,0.4651467134236579,0,12,0,28089,577521,1146,106810,5.349596131757383,0.15607944108918054
102,0.4651594144292977,0,21,0,28110,577500,1146,106810,5.349401608062544,0.1560842308310561
103,0.4652690355370311,1,32,1,28142,577468,1147,106809,5.349105191003742,0.15609029676578345
104,0.4653476272129118,1,30,1,28172,577438,1148,106808,5.3488273000111155,0.1560959070275895
105,0.4654035438133699,27,258,27,28430,577180,1175,106781,5.346437437474527,0.15612147476244992
106,0.4654039876513468,1,6,1,28436,577174,1176,106780,5.3463818592760015,0.1561216105176664
107,0.4654755717921083,0,21,0,28457,577153,1176,106780,5.346187335581162,0.15612640419456292
108,0.4655723370089583,8,136,8,28593,577017,1184,106772,5.344927563081256,0.15614758353819672
109,0.4656642139428721,1,1,1,28594,577016,1185,106771,5.3449183000481675,0.1561465778085866
110,0.4656822843785511,0,6,0,28600,577010,1185,106771,5.344862721849642,0.15614794795409642
111,0.4657130410837311,0,1,0,28601,577009,1185,106771,5.344853458816555,0.15614817631401912
112,0.4657240218941599,0,19,0,28620,576990,1185,106771,5.344677461187891,0.1561525152794617
113,0.4657309508602495,0,1,0,28621,576989,1185,106771,5.344668198154804,0.15615274365274365
114,0.465767043778804,2,256,2,28877,576733,1187,106769,5.34229686168439,0.1562087601791948
115,0.4658006257001318,0,44,0,28921,576689,1187,106769,5.341889288228537,0.15621881666466703
116,0.465849446177572,4,35,4,28956,576654,1191,106765,5.341565082070473,0.15622187852547267
117,0.4658604255021649,23,368,23,29324,576286,1214,106742,5.338156285894253,0.15627763429903313
118,0.4658962790958895,0,9,0,29333,576277,1214,106742,5.338072918596465,0.15627969353707583
119,0.4659055421289908,0,14,0,29347,576263,1214,106742,5.337943236133239,0.15628289690412223
120,0.4661336411014161,0,4,0,29351,576259,1214,106742,5.3379061840008895,0.15628381217597045
121,0.4661689578145399,0,3,0,29354,576256,1214,106742,5.337878394901627,0.15628449863689206
122,0.4662472927810873,0,1,0,29355,576255,1214,106742,5.337869131868539,0.15628472745853936
123,0.4663306355387117,6,151,6,29506,576104,1220,106736,5.336470413872318,0.15631187393825785
124,0.4663397915781373,1,15,1,29521,576089,1221,106735,5.336331468376005,0.15631407214743476
125,0.4664252296851222,3,59,3,29580,576030,1224,106732,5.335784949423839,0.15632387274042786
126,0.4665845336180275,2,22,2,29602,576008,1226,106730,5.335581162695913,0.15632643854597225
127,0.4666098425078173,3,29,3,29631,575979,1229,106727,5.335312534736374,0.15632937164753202
128,0.4666532947529335,4,110,4,29741,575869,1233,106723,5.334293601096743,0.15634962027096713
129,0.4669269680805531,0,28,0,29769,575841,1233,106723,5.334034236170291,0.15635603401292772
130,0.4669875825418003,20,286,20,30055,575555,1253,106703,5.331385008707251,0.1563968469406002
131,0.4670006984920626,0,43,0,30098,575512,1253,106703,5.3309866982844865,0.15640670463123796
132,0.4670271106379863,0,9,0,30107,575503,1253,106703,5.330903330986699,0.15640876802608009
133,0.4670852279121879,1,10,1,30117,575493,1254,106702,5.330810700655823,0.15640982417050844
134,0.4670939570046619,1,11,1,30128,575482,1255,106701,5.33070880729186,0.1564111096289412
135,0.4671392753640904,0,34,0,30162,575448,1255,106701,5.330393864166883,0.15641890554702859
136,0.4672716707713221,0,8,0,30170,575440,1255,106701,5.330319759902182,0.15642073999363768
137,0.4673352172083951,0,4,0,30174,575436,1255,106701,5.3302827077698325,0.15642165723307783
138,0.4675908213057851,0,16,0,30190,575420,1255,106701,5.330134499240431,0.15642532629841333
139,0.4676203655431018,2,57,2,30247,575363,1257,106699,5.329606506354441,0.15643592517982235
140,0.4676463372763971,6,127,6,30374,575236,1263,106693,5.328430101152321,0.1564576370853857
141,0.4677266288971508,0,8,0,30382,575228,1263,106693,5.328355996887621,0.15645947257820186
142,0.4678340236280001,3,51,3,30433,575177,1266,106690,5.327883582200156,0.15646746359627317
143,0.467898526599838,0,9,0,30442,575168,1266,106690,5.327800214902368,0.15646952884618204
144,0.4682077180861695,1,123,1,30565,575045,1267,106689,5.326660861832599,0.1564965221039291
145,0.4682151108481585,0,3,0,30568,575042,1267,106689,5.326633072733336,0.15649721077668466
146,0.4683150117598894,2,68,2,30636,574974,1269,106687,5.326003186483383,0.15651034751878132
147,0.4684359538727046,0,1,0,30637,574973,1269,106687,5.325993923450294,0.15651057712055863
148,0.4684449839868612,37,890,37,31527,574083,1306,106650,5.317749824002371,0.156669354945331
149,0.4685914795008502,1,104,1,31631,573979,1307,106649,5.316786468561266,0.1566920549845143
150,0.4686702000533486,5,106,5,31737,573873,1312,106644,5.315804587053985,0.15671026587138895
151,0.4687101351874759,1,47,1,31784,573826,1313,106643,5.31536922449887,0.15671985057364846
152,0.4687262064641132,29,861,29,32645,572965,1342,106614,5.307393753010485,0.15688242279411224
153,0.468744261880685,0,2,0,32647,572963,1342,106614,5.307375226944311,0.15688288450021115
154,0.4687723112510916,1,2,1,32649,572961,1343,106613,5.3073567008781355,0.156882105554362
155,0.4687783206207666,48,1155,48,33804,571806,1391,106565,5.29665789766201,0.15708955718920767
156,0.4687785079788092,1,1,1,33805,571805,1392,106564,5.296648634628923,0.1570885462042045
157,0.4689024506977143,3,39,3,33844,571766,1395,106561,5.296287376338508,0.1570938500162901
158,0.4689390102952341,0,2,0,33846,571764,1395,106561,5.296268850272333,0.15709431319795084
159,0.4689880049855077,0,16,0,33862,571748,1395,106561,5.296120641742933,0.15709801874956694
160,0.4690082933783041,147,2713,147,36575,569035,1542,106414,5.270990032976398,0.15754557338896052
161,0.4690367650668731,3,19,3,36594,569016,1545,106411,5.270814035347734,0.15754626332675478
162,0.4691114409126616,16,363,16,36957,568653,1561,106395,5.267451554336952,0.15761101432787003
163,0.4691529545860115,1,25,1,36982,568628,1562,106394,5.267219978509763,0.15761560363958507
164,0.4691603337237738,25,473,25,37455,568155,1587,106369,5.26283856385935,0.15769490781647502
165,0.4691713291665274,193,3560,193,41015,564595,1780,106176,5.229862166067657,0.1582894907501964
166,0.469275183997605,0,7,0,41022,564588,1780,106176,5.229797324836044,0.15829114263735083
167,0.4692911805595334,6,215,6,41237,564373,1786,106170,5.2278057727222205,0.15833436483566304
168,0.4693251433679545,18,187,18,41424,564186,1804,106152,5.226073585534848,0.15835593387216598
169,0.4693597940044047,0,12,0,41436,564174,1804,106152,5.225962429137797,0.15835876871850413
170,0.469364592237847,227,3637,227,45073,560537,2031,105925,5.192272777798363,0.1589362934420867
171,0.4693850741268724,8,171,8,45244,560366,2039,105917,5.190688799140391,0.15896698550015534
172,0.4694185159404085,4,59,4,45303,560307,2043,105913,5.190142280188224,0.15897601392933267
173,0.469452671417826,1,16,1,45319,560291,2044,105912,5.189994071658824,0.15897856959515344
174,0.469467157733206,0,2,0,45321,560289,2044,105912,5.189975545592649,0.15897904686423467
175,0.469473157145285,14,209,14,45530,560080,2058,105898,5.18803957167735,0.15901125863016496
176,0.469487087386367,0,1,0,45531,560079,2058,105898,5.1880303086442625,0.15901149739405415
177,0.4694971076162891,3,62,3,45593,560017,2061,105895,5.187456000592834,0.15902251348526533
178,0.4695017285927253,0,17,0,45610,560000,2061,105895,5.187298529030346,0.15902657325854677
179,0.4695655898030366,0,3,0,45613,559997,2061,105895,5.187270739931083,0.15902728971064375
180,0.4695834933914543,10,323,10,45936,559674,2071,105885,5.184278780243803,0.159091831077335
181,0.4695962140713221,19,417,19,46353,559257,2090,105866,5.180416095446293,0.15916755246773906
182,0.4696318504339979,1,30,1,46383,559227,2091,105865,5.180138204453666,0.15917346773078012
183,0.4697794291590249,15,275,15,46658,558952,2106,105850,5.177590870354589,0.15922033928899132
184,0.4698544899509763,27,644,27,47302,558308,2133,105823,5.171625477046204,0.15934055178872844
185,0.4698581497115232,18,388,18,47690,557920,2151,105805,5.168031420208233,0.15941090059889262
186,0.4698885404986053,48,840,48,48530,557080,2199,105757,5.160250472414687,0.15955204673245457
187,0.4698918145478831,4,165,4,48695,556915,2203,105753,5.158722071955241,0.1595867010327947
188,0.4699141561222879,146,2722,146,51417,554193,2349,105607,5.133508095890918,0.1600591088208548
189,0.4699322558269889,216,4123,216,55540,550070,2565,105391,5.095316610470933,0.16078912399059594
190,0.4699364273300981,25,452,25,55992,549618,2590,105366,5.091129719515358,0.16086805173866842
191,0.4699960267467154,0,2,0,55994,549616,2590,105366,5.091111193449183,0.16086854295232542
192,0.4700547230259026,0,2,0,55996,549614,2590,105366,5.091092667383008,0.16086903416898227
193,0.4700595421702043,64,886,64,56882,548728,2654,105302,5.082885620067435,0.16100484687246763
194,0.470065320352633,0,9,0,56891,548719,2654,105302,5.082802252769647,0.16100706246435512
195,0.4700672668227054,3,93,3,56984,548626,2657,105299,5.081940790692505,0.16102611155713575
196,0.4701125505298159,1,19,1,57003,548607,2658,105298,5.081764793063841,0.16102950734433902
197,0.4701912710823143,0,8,0,57011,548599,2658,105298,5.08169068879914,0.1610314774345195
198,0.4701914785353351,59,1037,59,58048,547562,2717,105239,5.072084923487346,0.16121145647754828
199,0.4702326433050684,1,11,1,58059,547551,2718,105238,5.071983030123383,0.1612128880848176
200,0.4702472774930789,9,95,9,58154,547456,2727,105229,5.071103041980066,0.16122478684204478
201,0.4702585533084025,13,284,13,58438,547172,2740,105216,5.068472340583201,0.16127825772393115
202,0.470280125555344,3,67,3,58505,547105,2743,105213,5.067851717366334,0.16129096544936672
203,0.4703462315749107,15,443,15,58948,546662,2758,105198,5.063748193708548,0.1613812781885681
204,0.470413867676254,1,49,1,58997,546613,2759,105197,5.063294305087258,0.1613921234715638
205,0.4704687706449154,6,310,6,59307,546303,2765,105191,5.060422764830116,0.1614611953448535
206,0.4705175911223557,9,405,9,59712,545898,2774,105182,5.056671236429657,0.16155003993364872
207,0.4705732164237618,54,848,54,60560,545050,2828,105128,5.048816184371411,0.16169110612786036
208,0.4706069308160797,14,251,14,60811,544799,2842,105114,5.046491163066435,0.16173549382763538
209,0.4706124115499078,21,573,21,61384,544226,2863,105093,5.041183445107266,0.16185110862303428
210,0.4706340650255564,0,27,0,61411,544199,2863,105093,5.040933343213902,0.1618578390000185
211,0.4706424520246712,2,41,2,61452,544158,2865,105091,5.0405535588573125,0.16186547842199217
212,0.4706532308423066,20,417,20,61869,543741,2885,105071,5.036690874059802,0.16194367551771546
213,0.4706573772777081,3,47,3,61916,543694,2888,105068,5.036255511504687,0.16195153230306336
214,0.4706659685620645,21,479,21,62395,543215,2909,105047,5.031818518655749,0.16204405009085832
215,0.4706701180929962,3,43,3,62438,543172,2912,105044,5.0314202082329835,0.162050921297839
216,0.4706770890746061,0,5,0,62443,543167,2912,105044,5.0313738930675465,0.16205217128373323
217,0.4706855224919603,8,305,8,62748,542862,2920,105036,5.028548667975842,0.16211811118416788
218,0.4707487360547706,0,5,0,62753,542857,2920,105036,5.0285023528104045,0.16211936230210852
219,0.4707546994986323,25,615,25,63368,542242,2945,105011,5.0228055874615585,0.16224104021147837
220,0.4707555914912757,0,8,0,63376,542234,2945,105011,5.022731483196858,0.16224304552371976
221,0.470782270105601,1,4,1,63380,542230,2946,105010,5.022694431064508,0.16224275384710463
222,0.470796822324746,2,31,2,63411,542199,2948,105008,5.022407277038794,0.16224793613171676
223,0.4708218613759279,0,6,0,63417,542193,2948,105008,5.022351698840268,0.1622494402820762
224,0.4708462009056481,20,257,20,63674,541936,2968,104988,5.019971099336767,0.16228799673531977
225,0.4709063136799476,1,10,1,63684,541926,2969,104987,5.019878469005891,0.16228921045024602
226,0.4709401359361121,0,10,0,63694,541916,2969,104987,5.019785838675015,0.16229171916036872
227,0.4709756854034278,0,1,0,63695,541915,2969,104987,5.019776575641928,0.16229197003564683
228,0.4710187276119928,0,5,0,63700,541910,2969,104987,5.01973026047649,0.16229322442367178
229,0.4710547757620879,0,2,0,63702,541908,2969,104987,5.019711734410316,0.1622937261843112
230,0.4711550940452395,0,1,0,63703,541907,2969,104987,5.019702471377228,0.1622939770657944
231,0.4711590687781234,2,28,2,63731,541879,2971,104985,5.019443106450776,0.16229841203096787
232,0.4711760033098155,144,2893,144,66624,538986,3115,104841,4.992645151728482,0.16284032822481817
233,0.4711983225055041,0,12,0,66636,538974,3115,104841,4.992533995331431,0.16284336338855107
234,0.4713005001879907,4,47,4,66683,538927,3119,104837,4.992098632776316,0.16285005063967542
235,0.4713162750645528,0,1,0,66684,538926,3119,104837,4.992089369743229,0.16285030360551941
236,0.4713364552188014,0,5,0,66689,538921,3119,104837,4.992043054577791,0.16285156844652804
237,0.4713412987388966,186,3155,186,69844,535766,3305,104651,4.962818185186557,0.16341071520587366
238,0.4713735720719115,146,2751,146,72595,533015,3451,104505,4.937335581162696,0.16392426904253984
239,0.4713761701717743,0,11,0,72606,533004,3451,104505,4.937233687798733,0.1639270974998
240,0.471379220740489,1,51,1,72657,532953,3452,104504,4.936761273111268,0.1639389009768502
241,0.4714285034245378,0,9,0,72666,532944,3452,104504,4.93667790581348,0.16394121559719382
242,0.4714352271512537,25,334,25,73000,532610,3477,104479,4.933584052762236,0.16399435557669337
243,0.4714395491831113,54,1067,54,74067,531543,3531,104425,4.923700396457816,0.16419851313273623
244,0.4714530949147847,5,59,5,74126,531484,3536,104420,4.9231538775056505,0.16420717592592593
245,0.4714702752239547,3,44,3,74170,531440,3539,104417,4.922746304049798,0.1642145954200394
246,0.4715019877258969,1,41,1,74211,531399,3540,104416,4.922366519693209,0.16422387015090867
247,0.4715129831686505,31,438,31,74649,530961,3571,104385,4.91830931120086,0.1642963046906725
248,0.4715202449121473,5,57,5,74706,530904,3576,104380,4.917781318314869,0.16430446855264733
249,0.4715346464505818,128,2365,128,77071,528539,3704,104252,4.895874245062803,0.16474949864963315
250,0.4716038693644931,2,84,2,77155,528455,3706,104250,4.8950961502834485,0.16476873108320622
251,0.4717260348280846,0,4,0,77159,528451,3706,104250,4.895059098151099,0.1647697727678635
252,0.4718035552617006,0,6,0,77165,528445,3706,104250,4.895003519952573,0.16477133531954574
253,0.4718608490285065,1,56,1,77221,528389,3707,104249,4.89448479009967,0.16478460035596976
254,0.4718678515706142,1,32,1,77253,528357,3708,104248,4.894188373040868,0.16479161562112218
255,0.4718740985035857,2,57,2,77310,528300,3710,104246,4.893660380154878,0.16480382454398573
256,0.4719075313305593,8,59,8,77369,528241,3718,104238,4.893113861202712,0.16480863396255052
257,0.4719285525384456,2,3,2,77372,528238,3720,104236,4.89308607210345,0.16480677466583607
258,0.4720845817942145,3,102,3,77474,528136,3723,104233,4.892141242728519,0.1648293954953516
259,0.47208590764905,187,3092,187,80566,525044,3910,104046,4.863499944421801,0.16539127946716686
260,0.4720944559768371,3,52,3,80618,524992,3913,104043,4.863018266701249,0.16540097132909934
261,0.4721285508117833,1,36,1,80654,524956,3914,104042,4.862684797510097,0.16540911099876313
262,0.4721654660102731,0,1,0,80655,524955,3914,104042,4.862675534477009,0.16540937397157698
263,0.4721793591447348,5,88,5,80743,524867,3919,104037,4.861860387565304,0.1654258837596835
264,0.4722003972958157,0,1,0,80744,524866,3919,104037,4.861851124532217,0.1654261467984729
265,0.4722071424876639,2,29,2,80773,524837,3921,104035,4.8615824965726775,0.165431121118447
266,0.4722270986403336,0,12,0,80785,524825,3921,104035,4.861471340175627,0.1654342778996915
267,0.4722369793193815,0,11,0,80796,524814,3921,104035,4.861369446811664,0.16543717172166927
268,0.4722706440599801,2,37,2,80833,524777,3923,104033,4.861026714587425,0.1654442518407786
269,0.4723196303281301,0,34,0,80867,524743,3923,104033,4.860711771462448,0.16545319795920965
270,0.4723505112158309,2,68,2,80935,524675,3925,104031,4.860081885212494,0.16546843834797187
271,0.4723685290758347,2,55,2,80990,524620,3927,104029,4.859572418392679,0.16548026004972569
272,0.4723795258401521,24,412,24,81402,524208,3951,104005,4.855756048760606,0.16555690506245493
273,0.4723967089815404,0,1,0,81403,524207,3951,104005,4.8557467857275185,0.16555716859913533
274,0.4724127343140804,1,3,1,81406,524204,3952,104004,4.855718996628256,0.16555663092478926
275,0.4724378091713844,39,166,39,81572,524038,3991,103965,4.854181333135722,0.1655485722201964
276,0.4724942905019467,27,177,27,81749,523861,4018,103938,4.8525417762792245,0.16555935896680307
277,0.472506670757974,2,31,2,81780,523830,4020,103936,4.85225462225351,0.16556487608440087
278,0.4725335526399871,3,71,3,81851,523759,4023,103933,4.851596946904294,0.16557961548020367
279,0.4725853883685572,1,27,1,81878,523732,4024,103932,4.85134684501093,0.1655854087537281
280,0.4725878361818824,0,3,0,81881,523729,4024,103932,4.8513190559116675,0.1655862001940538
281,0.4726413927336315,13,219,13,82100,523510,4037,103919,4.849290451665493,0.16562670836062726
282,0.4726744502641948,0,1,0,82101,523509,4037,103919,4.849281188632406,0.16562697233786186
283,0.4727007775654414,0,1,0,82102,523508,4037,103919,4.849271925599318,0.16562723631593795
284,0.4727210138012551,0,1,0,82103,523507,4037,103919,4.849262662566231,0.16562750029485548
285,0.4727232774050538,0,1,0,82104,523506,4037,103919,4.8492533995331435,0.1656277642746145
286,0.4727426685361776,30,313,30,82417,523193,4067,103889,4.846354070176739,0.16567051836920849
287,0.4727820928827543,0,4,0,82421,523189,4067,103889,4.846317018044388,0.1656715751469514
288,0.4727983846210288,1,13,1,82434,523176,4068,103888,4.846196598614251,0.1656736792416723
289,0.4728115086888084,0,32,0,82466,523144,4068,103888,4.845900181555448,0.1656821342451422
290,0.4728473270994818,2,6,2,82472,523138,4070,103886,4.845844603356923,0.16568105846028222
291,0.4728583335903646,26,211,26,82683,522927,4096,103860,4.84389010337545,0.16570222420056574
292,0.4728603291662487,4,27,4,82710,522900,4100,103856,4.843640001482085,0.16570403793501778
293,0.4729149144328052,1,29,1,82739,522871,4101,103855,4.8433713735225465,0.16571037423052498
294,0.4729149836443829,3,12,3,82751,522859,4104,103852,4.843260217125495,0.16570955352626648
295,0.4729765927612687,1,5,1,82756,522854,4105,103851,4.843213901960058,0.1657095443629778
296,0.4729842835805455,0,1,0,82757,522853,4105,103851,4.84320463892697,0.16570980877734942
297,0.4729937049303113,0,1,0,82758,522852,4105,103851,4.843195375893883,0.1657100731925649
298,0.4729937556799542,1,4,1,82762,522848,4106,103850,4.843158323761532,0.16570979961640217
299,0.4730267021666662,2,21,2,82783,522827,4108,103848,4.842963800066694,0.16571268999082459
300,0.4730497978448048,17,169,17,82952,522658,4125,103831,4.841398347474898,0.16573475352320632
301,0.4730562664462854,18,203,18,83155,522455,4143,103813,4.839517951758124,0.1657644969885097
302,0.4730604749521929,1,11,1,83166,522444,4144,103812,4.839416058394161,0.1657660764926803
303,0.4731189826536065,0,4,0,83170,522440,4144,103812,4.839379006261811,0.1657671352746179
304,0.4731271775857028,0,6,0,83176,522434,4144,103812,4.839323428063285,0.16576872347288446
305,0.4732847244690538,0,21,0,83197,522413,4144,103812,4.8391289043684464,0.1657742824064833
306,0.4733465253590389,1,4,1,83201,522409,4145,103811,4.839091852236097,0.1657740091341701
307,0.4735497148001467,0,2,0,83203,522407,4145,103811,4.839073326169921,0.1657745385792168
308,0.4735645478133797,2,3,2,83206,522404,4147,103809,4.839045537070659,0.16577266840515928
309,0.4735793601905493,0,5,0,83211,522399,4147,103809,4.838999221905221,0.1657739920282079
310,0.473590011558109,5,89,5,83300,522310,4152,103804,4.838174811960428,0.1657908943099819
311,0.473622303284228,13,214,13,83514,522096,4165,103791,4.836192522879692,0.16583025370394336
312,0.4736238720828437,5,51,5,83565,522045,4170,103786,4.835720108192226,0.16583710298786733
313,0.473628370765124,0,1,0,83566,522044,4170,103786,4.835710845159139,0.16583736797532878
314,0.4736629840344914,0,3,0,83569,522041,4170,103786,4.835683056059876,0.1658381629427941
315,0.4736972286183876,0,11,0,83580,522030,4170,103786,4.835581162695913,0.1658410778887085
316,0.4737163101158045,16,211,16,83791,521819,4186,103770,4.8336266627144395,0.16587567876033626
317,0.4737164657170232,28,243,28,84034,521576,4214,103742,4.831375745674164,0.16590278866112923
318,0.4737759462289708,1,30,1,84064,521546,4215,103741,4.831097854681537,0.16590941439690893
319,0.4738319505940451,11,184,11,84248,521362,4226,103730,4.829393456593427,0.1659435731060388
320,0.4738915360043526,0,1,0,84249,521361,4226,103730,4.829384193560339,0.16594383857710318
321,0.4739707777137827,0,1,0,84250,521360,4226,103730,4.829374930527252,0.16594410404901694
322,0.4740304825740815,0,2,0,84252,521358,4226,103730,4.829356404461077,0.16594463499539264
323,0.4741092001846647,0,1,0,84253,521357,4226,103730,4.82934714142799,0.1659449004698546
324,0.4741539653471953,1,13,1,84266,521344,4227,103729,4.829226721997851,0.16594701738836903
325,0.474165204549739,0,23,0,84289,521321,4227,103729,4.8290136722368375,0.1659531237501
326,0.474186870858525,5,204,5,84493,521117,4232,103724,4.827124013486976,0.16600063056041456
327,0.4742274804864149,0,1,0,84494,521116,4232,103724,4.827114750453888,0.16600089622943473
328,0.4743486500559927,6,44,6,84538,521072,4238,103718,4.8267071769980365,0.16600457753805278
329,0.4743718014252259,0,3,0,84541,521069,4238,103718,4.826679387898774,0.16600537463167447
330,0.4744380423415727,1,15,1,84556,521054,4239,103717,4.82654044240246,0.16600802534048476
331,0.4744507936905822,1,5,1,84561,521049,4240,103716,4.826494127237022,0.1660080190151497
332,0.4744686800843552,3,46,3,84607,521003,4243,103713,4.826068027714995,0.1660162377784465
333,0.4745349567334603,0,2,0,84609,521001,4243,103713,4.82604950164882,0.1660167692736196
334,0.4745465818378934,0,1,0,84610,521000,4243,103713,4.826040238615732,0.16601703502248233
335,0.4746657025202124,2,7,2,84617,520993,4245,103711,4.825975397384119,0.16601622528429463
336,0.474714601267917,1,2,1,84619,520991,4246,103710,4.825956871317945,0.16601542177777848
337,0.4747255980322344,3,44,3,84663,520947,4249,103707,4.825549297862092,0.16602311039391407
338,0.4747404732390577,0,2,0,84665,520945,4249,103707,4.825530771795917,0.16602364196384548
339,0.4747419863702039,3,27,3,84692,520918,4252,103704,4.825280669902553,0.1660268130165124
340,0.474809741456207,0,9,0,84701,520909,4252,103704,4.8251973026047645,0.1660292052839118
341,0.4749122418159004,14,237,14,84938,520672,4266,103690,4.823001963763015,0.16607352785723667
342,0.4749515192249198,0,2,0,84940,520670,4266,103690,4.8229834376968395,0.16607405983727336
343,0.4749548900371188,2,24,2,84964,520646,4268,103688,4.822761124902738,0.16607777247434866
344,0.4750332476586522,1,42,1,85006,520604,4269,103687,4.8223720775130605,0.16608760978453957
345,0.4750835769207267,15,285,15,85291,520319,4284,103672,4.819732113083108,0.16614342194038054
346,0.4752045807073765,37,469,37,85760,519850,4321,103635,4.815387750565045,0.16621891464910943
347,0.4752089259502858,3,47,3,85807,519803,4324,103632,4.81495238800993,0.16622743349346764
348,0.4752173184271345,35,550,35,86357,519253,4359,103597,4.809857719811776,0.16632736613951996
349,0.475221040434495,1,2,1,86359,519251,4360,103596,4.8098391937456,0.16632656173988156
350,0.4752216667655738,4,67,4,86426,519184,4364,103592,4.809218570528734,0.16633910105720195
351,0.4752590910212126,0,1,0,86427,519183,4364,103592,4.809209307495647,0.1663393681506162
352,0.4752997580450783,1,4,1,86431,519179,4365,103591,4.809172255363296,0.16633909790131188
353,0.4753136622709639,17,278,17,86709,518901,4382,103574,4.806597132164956,0.16639061809711234
354,0.4753557624101525,3,15,3,86724,518886,4385,103571,4.806458186668642,0.1663906101144336
355,0.4754225103779725,12,234,12,86958,518652,4397,103559,4.804290636926155,0.1664371089550008
356,0.4754558976699028,7,114,7,87072,518538,4404,103552,4.803234651154174,0.16645822951662942
357,0.4754846468528909,0,34,0,87106,518504,4404,103552,4.802919708029197,0.16646732770039996
358,0.4755161558981665,3,6,3,87112,518498,4407,103549,4.802864129830672,0.1664649134229407
359,0.4755346182224012,4,128,4,87240,518370,4411,103545,4.801678461595465,0.16649381346325462
360,0.475543034733935,0,4,0,87244,518366,4411,103545,4.801641409463115,0.1664948843162446
361,0.4755582407189124,12,254,12,87498,518112,4423,103533,4.799288599058876,0.1665468233477306
362,0.4756012230810325,1,35,1,87533,518077,4424,103532,4.798964392900811,0.16655486004868011
363,0.4756477559404043,53,844,53,88377,517233,4477,103479,4.791146392974916,0.16671016510072303
364,0.4756692829851884,0,2,0,88379,517231,4477,103479,4.791127866908741,0.1667107022603148
365,0.475725143710076,3,39,3,88418,517192,4480,103476,4.790766608618326,0.16671714990945238
366,0.4758234279032798,0,6,0,88424,517186,4480,103476,4.790711030419801,0.16671876158037707
367,0.475849964389721,74,1060,74,89484,516126,4554,103402,4.780892215346993,0.16690448212187342
368,0.4759008387733797,82,871,82,90355,515255,4636,103320,4.772824113527734,0.16702905872367943
369,0.4760489043328387,5,139,5,90494,515116,4641,103315,4.7715365519285635,0.16705986601577216
370,0.4760901017232636,0,3,0,90497,515113,4641,103315,4.771508762829301,0.16706067642474143
371,0.4761000437194582,6,83,6,90580,515030,4647,103309,4.770739931083034,0.167075018719505
372,0.4761146513594568,3,47,3,90627,514983,4650,103306,4.770304568527918,0.16708367769764626
373,0.4761275238768244,21,397,21,91024,514586,4671,103285,4.76662714439216,0.1671627249053605
374,0.4761696966027537,2,24,2,91048,514562,4673,103283,4.7664048315980585,0.16716652234783805
375,0.4761764166879366,19,442,19,91490,514120,4692,103264,4.7623105709733595,0.16726057040674847
376,0.4762503120080956,11,161,11,91651,513959,4703,103253,4.760819222646263,0.1672893592477139
377,0.4762799704002236,2,18,2,91669,513941,4705,103251,4.760652488050687,0.16729153974776081
378,0.4762927250558622,1,23,1,91692,513918,4706,103250,4.760439438289674,0.16729642496046457
379,0.4762932714048878,10,149,10,91841,513769,4716,103240,4.759059246359628,0.16732332915727324
380,0.4763183882714052,0,11,0,91852,513758,4716,103240,4.758957352995665,0.16732631224088246
381,0.4763724708678498,57,950,57,92802,512808,4773,103183,4.750157471562488,0.16750731747704106
382,0.4763849374014547,55,746,55,93548,512062,4828,103128,4.743247248879173,0.16763601488970886
383,0.4763936333718391,0,1,0,93549,512061,4828,103128,4.743237985846085,0.16763628738485245
384,0.4764050919208116,0,1,0,93550,512060,4828,103128,4.743228722812998,0.16763655988088194
385,0.4764988515033034,0,18,0,93568,512042,4828,103128,4.743061988217422,0.16764146496090512
386,0.4765908365621394,0,6,0,93574,512036,4828,103128,4.7430064100188964,0.16764310005136843
387,0.4765968275765868,61,1087,61,94661,510949,4889,103067,4.7329374930527255,0.16785718938920158
388,0.4766122909848176,47,764,47,95425,510185,4936,103020,4.725860535773834,0.16800254401056744
389,0.476645899358142,14,300,14,95725,509885,4950,103006,4.723081625847567,0.168065773522535
390,0.476671271039068,8,151,8,95876,509734,4958,102998,4.7216829078513465,0.16809632922713355
391,0.4766882232734959,14,194,14,96070,509540,4972,102984,4.719885879432361,0.16813055488438003
392,0.4767020048925171,9,118,9,96188,509422,4981,102975,4.71879284152803,0.16815072575469833
393,0.4767148427426403,48,859,48,97047,508563,5029,102927,4.710835896105821,0.16832164058283863
394,0.4767246199106403,11,338,11,97385,508225,5040,102916,4.7077049909222275,0.1683997637206471
395,0.4767815764616722,0,3,0,97388,508222,5040,102916,4.707677201822965,0.16840059037402355
396,0.4767912340229625,9,146,9,97534,508076,5049,102907,4.706324798992182,0.16842858148262718
397,0.4767959979173003,3,67,3,97601,508009,5052,102904,4.705704175775316,0.16844296978456835
398,0.4768605414645074,0,5,0,97606,508004,5052,102904,4.705657860609878,0.16844434841252692
399,0.4769368077499168,249,3019,249,100625,504985,5301,102655,4.677692763718552,0.1689404910802449
400,0.4769455243635743,1,15,1,100640,504970,5302,102654,4.677553818222239,0.16894329387910945
401,0.4769584950567811,0,6,0,100646,504964,5302,102654,4.677498240023714,0.16894496213081245
402,0.4769792058911123,1,13,1,100659,504951,5303,102653,4.677377820593575,0.16894720903746518
403,0.4770334900470144,239,3118,239,103777,501833,5542,102414,4.648495683426582,0.16949029122196718
404,0.4770521011557083,0,4,0,103781,501829,5542,102414,4.648458631294231,0.1694914132228259
405,0.4770579264436106,1,11,1,103792,501818,5543,102413,4.648356737930268,0.16949312431834845
406,0.477063152858303,87,1141,87,104933,500677,5630,102326,4.637787617177368,0.1696940147893128
407,0.4770673104478685,9,125,9,105058,500552,5639,102317,4.6366297380414245,0.16971680414816487
408,0.477124466692274,0,3,0,105061,500549,5639,102317,4.636601948942162,0.1697176486980523
409,0.477179069495831,1,6,1,105067,500543,5640,102316,4.636546370743637,0.1697179605844816
410,0.4771841801196544,269,3344,269,108411,497199,5909,102047,4.605570788098855,0.1702923340331016
411,0.477203692430258,2,134,2,108545,497065,5911,102045,4.604329541665122,0.1703276526848158
412,0.4772087931290233,52,810,52,109355,496255,5963,101993,4.596826484864204,0.17048615289980076
413,0.4772928437032849,7,148,7,109503,496107,5970,101986,4.595455555967246,0.17051863171780976
414,0.4773623301727998,0,13,0,109516,496094,5970,101986,4.595335136537107,0.17052233814874265
415,0.4773842351639655,4,53,4,109569,496041,5974,101982,4.594844195783467,0.17053190261913004
416,0.4774404616767063,46,700,46,110269,495341,6020,101936,4.588360072622179,0.17066788106690867
417,0.4775097519113757,3,19,3,110288,495322,6023,101933,4.588184074993515,0.1706691446701995
418,0.4775749390896938,202,2388,202,112676,492934,6225,101731,4.5660639519804365,0.17107278888113475
419,0.4776356545929133,3,46,3,112722,492888,6228,101728,4.565637852458409,0.17108184105372207
420,0.4776903776743338,2,5,2,112727,492883,6230,101726,4.565591537292971,0.17108049154990926
421,0.4777102636797593,273,3374,273,116101,489509,6503,101453,4.5343380636555635,0.17167432085311746
422,0.4777144354868044,28,442,28,116543,489067,6531,101425,4.5302438030308645,0.1717635463308563
423,0.477719577851791,2,15,2,116558,489052,6533,101423,4.5301048575345515,0.17176510436512976
424,0.4777510524099265,4,43,4,116601,489009,6537,101419,4.529706547111786,0.1717720026827996
425,0.4777664924333482,0,2,0,116603,489007,6537,101419,4.529688021045611,0.1717725845406537
426,0.4777680956472324,41,666,41,117269,488341,6578,101378,4.5235188410093,0.1719089939445736
427,0.4777737417144522,0,9,0,117278,488332,6578,101378,4.523435473711512,0.17191161757474013
428,0.4778453577544646,0,1,0,117279,488331,6578,101378,4.523426210678425,0.17191190909414644
429,0.4778751487299029,0,1,0,117280,488330,6578,101378,4.523416947645337,0.17191220061454143
430,0.4778802826411098,65,704,65,117984,487626,6643,101313,4.516895772351699,0.17202630493141055
431,0.4779014643966997,6,41,6,118025,487585,6649,101307,4.516515987995109,0.1720298458800595
432,0.4779082456226641,2,73,2,118098,487512,6651,101305,4.5158397865797175,0.17204836137543583
433,0.4779268977470967,0,18,0,118116,487494,6651,101305,4.515673051984142,0.17205362101498134
434,0.4779802666950264,2,14,2,118130,487480,6653,101303,4.515543369520916,0.17205489968290524
435,0.4780236338079179,0,1,0,118131,487479,6653,101303,4.515534106487828,0.17205519190464383
436,0.4780292242355657,6,19,6,118150,487460,6659,101297,4.515358108859165,0.172052306809091
437,0.4780402340722118,13,209,13,118359,487251,6672,101284,4.513422134943866,0.17209511753761458
438,0.4780573915494156,0,5,0,118364,487246,6672,101284,4.513375819778428,0.17209657961361358
439,0.4780723643137522,0,3,0,118367,487243,6672,101284,4.513348030679166,0.17209745687113762
440,0.4780795567765765,16,267,16,118634,486976,6688,101268,4.510874800844789,0.1721530521348284
441,0.4781122733970003,0,7,0,118641,486969,6688,101268,4.510809959613176,0.17215510075020782
442,0.4781353049704195,8,59,8,118700,486910,6696,101260,4.51026344066101,0.17216110988319702
443,0.4781692075793515,3,38,3,118738,486872,6699,101257,4.509911445403683,0.17216801075954424
444,0.4781946049643329,5,58,5,118796,486814,6704,101252,4.509374189484605,0.1721779528148201
445,0.4782000870691979,23,177,23,118973,486637,6727,101229,4.507734632628107,0.17219740553119248
446,0.4782098082509655,0,6,0,118979,486631,6727,101229,4.507679054429582,0.17219916306603614
447,0.4782479281318499,2,33,2,119012,486598,6729,101227,4.507373374337693,0.17220601369455196
448,0.4782846046011116,0,2,0,119014,486596,6729,101227,4.507354848271518,0.17220659960566362
449,0.478314477634204,0,10,0,119024,486586,6729,101227,4.507262217940642,0.17220952922102778
450,0.478335292750746,0,1,0,119025,486585,6729,101227,4.507252954907555,0.1722098221880465
451,0.4783385351632397,26,179,26,119204,486406,6755,101201,4.505594871984883,0.17222565422127376
452,0.4783850499454951,0,1,0,119205,486405,6755,101201,4.505585608951796,0.17222594731844126
453,0.4784472117774733,0,11,0,119216,486394,6755,101201,4.5054837155878324,0.17222917145312672
454,0.4784599309608784,2,24,2,119240,486370,6757,101199,4.505261402793731,0.17223338875944783
455,0.4784726886483228,5,62,5,119302,486308,6762,101194,4.5046870947423026,0.17224452001865526
456,0.4784768192493993,31,426,31,119728,485882,6793,101163,4.500741042647005,0.17232580125884728
457,0.4784801773011051,7,50,7,119778,485832,6800,101156,4.500277890992627,0.1723306098250731
458,0.4784833671921898,0,9,0,119787,485823,6800,101156,4.500194523694839,0.17233325212656672
459,0.4785089232197602,0,8,0,119795,485815,6800,101156,4.5001204194301385,0.17233560090702948
460,0.4785175512574292,1,5,1,119800,485810,6801,101155,4.500074104264701,0.17233565885529803
461,0.4785199407558518,33,212,33,120012,485598,6834,101122,4.498110341250139,0.17235137714753204
462,0.478521581459435,4,45,4,120057,485553,6838,101118,4.497693504761199,0.17235895416681582
463,0.4785478364337126,1,2,1,120059,485551,6839,101117,4.497674978695024,0.1723581310042477
464,0.4785590516850043,5,44,5,120103,485507,6844,101112,4.497267405239172,0.17236400457537174
465,0.4785615962767299,0,5,0,120108,485502,6844,101112,4.497221090073734,0.17236547371866337
466,0.4785950148810055,0,3,0,120111,485499,6844,101112,4.497193300974471,0.17236635521665977
467,0.4786151645595375,19,391,19,120502,485108,6863,101093,4.493571455037237,0.17245449939525861
468,0.4786266592419699,0,7,0,120509,485101,6863,101093,4.493506613805624,0.17245655875017485
469,0.4786291263894413,1,2,1,120511,485099,6864,101092,4.49348808773945,0.17245573541729572
470,0.478638250634191,0,6,0,120517,485093,6864,101092,4.493432509540924,0.17245750061840545
471,0.4786678993360564,14,224,14,120741,484869,6878,101078,4.491357590129312,0.1725036564740497
472,0.4786772458199848,0,26,0,120767,484843,6878,101078,4.491116751269035,0.17251131125185817
473,0.47868273656265,2,73,2,120840,484770,6880,101076,4.490440549853644,0.17252998228203317
474,0.4787743758252624,1,3,1,120843,484767,6881,101075,4.490412760754381,0.17252945333383404
475,0.4788229818616354,0,15,0,120858,484752,6881,101075,4.490273815258068,0.17253387092093742
476,0.478956922548509,2,17,2,120875,484735,6883,101073,4.49011634369558,0.17253605276814246
477,0.4789638913830629,3,30,3,120905,484705,6886,101070,4.489838452702953,0.17254065127395332
478,0.4789927169314921,5,13,5,120918,484692,6891,101065,4.489718033272815,0.17253741739321937
479,0.4790054682805016,0,4,0,120922,484688,6891,101065,4.489680981140465,0.17253859561965537
480,0.4790343906609826,0,1,0,120923,484687,6891,101065,4.489671718107377,0.17253889017877874
481,0.4790347770701699,2,36,2,120959,484651,6893,101063,4.4893382489162255,0.17254666953496076
482,0.4790357878696255,1,5,1,120964,484646,6894,101062,4.4892919337507875,0.17254672976978289
483,0.4790413868236962,224,2731,224,123695,481915,7118,100838,4.463994590388677,0.17303729024132009
484,0.4790477996684744,3,28,3,123723,481887,7121,100835,4.463735225462226,0.17304134733200394
485,0.4790620922553198,9,132,9,123855,481755,7130,100826,4.462512505094669,0.1730677794160812
486,0.4790820477093526,6,26,6,123881,481729,7136,100820,4.4622716662343915,0.17306698663975048
487,0.4790918945118606,15,153,15,124034,481576,7151,100805,4.460854422171996,0.1730911551029309
488,0.4790982473109034,24,200,24,124234,481376,7175,100781,4.459001815554485,0.17311653042048794
489,0.4792151599789483,0,1,0,124235,481375,7175,100781,4.458992552521398,0.17311682779186335
490,0.4792239369447239,1,3,1,124238,481372,7176,100780,4.458964763422135,0.17311629952314858
491,0.4792340712984211,2,14,2,124252,481358,7178,100778,4.4588350809589095,0.17311762199898306
492,0.4792400695318263,39,524,39,124776,480834,7217,100739,4.45398125162103,0.17321815146163938
493,0.4792413477553729,0,7,0,124783,480827,7217,100739,4.453916410389418,0.17322023639621298
494,0.4793245972796411,2,91,2,124874,480736,7219,100737,4.45307347437845,0.17324450146438442
495,0.4793402156033299,6,49,6,124923,480687,7225,100731,4.45261958575716,0.17325057015778667
496,0.4793426094440859,22,200,22,125123,480487,7247,100709,4.450766979139649,0.17327889386712916
497,0.4793428909387648,5,80,5,125203,480407,7252,100704,4.450025936492645,0.1732956354293758
498,0.4793467858524202,3,31,3,125234,480376,7255,100701,4.449738782466931,0.1733006124833714
499,0.4793769872376334,2,30,2,125264,480346,7257,100699,4.449460891474304,0.17330671462623376
500,0.4793786548185128,34,310,34,125574,480036,7291,100665,4.446589351217162,0.17335082942856994
501,0.47938551040581,3,84,3,125658,479952,7294,100662,4.445811256437808,0.17337163761121846
502,0.479387160881313,5,47,5,125705,479905,7299,100657,4.445375893882693,0.17337855388399517
503,0.4793891143510347,1,49,1,125754,479856,7300,100656,4.444922005261403,0.17339176451132793
504,0.4794168499552384,0,1,0,125755,479855,7300,100656,4.444912742228316,0.1733920631994915
505,0.4794557048482166,3,30,3,125785,479825,7303,100653,4.444634851235689,0.17339675233169904
506,0.4794579276004409,0,1,0,125786,479824,7303,100653,4.444625588202601,0.17339705104595013
507,0.479464919572113,13,307,13,126093,479517,7316,100640,4.441781837044722,0.1734702847677439
508,0.4795139120524133,23,383,23,126476,479134,7339,100617,4.438234095372189,0.17355209391618126
509,0.479524570709341,3,25,3,126501,479109,7342,100614,4.438002519545,0.17355530141119122
510,0.4795249296375356,244,3260,244,129761,475849,7586,100370,4.407805031679573,0.17418724478019643
511,0.4795420464764996,4,37,4,129798,475812,7590,100366,4.407462299455334,0.1741926973955965
512,0.4795542606203983,4,51,4,129849,475761,7594,100362,4.406989884767868,0.1742023838659453
513,0.4795921167000568,0,2,0,129851,475759,7594,100362,4.406971358701694,0.17420298860829583
514,0.4796707351615187,11,250,11,130101,475509,7605,100351,4.4046556004298045,0.17426284166290418
515,0.4797311014522014,3,22,3,130123,475487,7608,100348,4.404451813701878,0.17426519749581043
516,0.4797395045421304,1,15,1,130138,475472,7609,100347,4.404312868205565,0.17426830306051033
517,0.479749609545418,30,350,30,130488,475122,7639,100317,4.401070806624921,0.17433124970674563
518,0.4797521631095223,4,24,4,130512,475098,7643,100313,4.40084849383082,0.17433278126417465
519,0.4797784722567174,48,830,48,131342,474268,7691,100265,4.39316017636815,0.17451565010190886
520,0.4797857733199167,1,8,1,131350,474260,7692,100264,4.39308607210345,0.1745166433430109
521,0.4797881944246717,2,6,2,131356,474254,7694,100262,4.3930304939049245,0.17451559225504598
522,0.4798057224199512,209,2736,209,134092,471518,7903,100053,4.367686835377376,0.17504911900708747
523,0.4798072277672711,3,18,3,134110,471500,7906,100050,4.3675201007818,0.1750503018108652
524,0.4798183273503878,1,20,1,134130,471480,7907,100049,4.367334840120049,0.1750549840865468
525,0.4798195800176266,6,13,6,134143,471467,7913,100043,4.367214420689911,0.17505030533149027
526,0.4798224890214692,2,16,2,134159,471451,7915,100041,4.36706621216051,0.1750523191925696
527,0.4798277171290719,305,3716,305,137875,467735,8220,99736,4.332644781207159,0.17575523683148567
528,0.4798279816471288,0,1,0,137876,467734,8220,99736,4.3326355181740706,0.17575554654871622
529,0.4798645453554879,2,6,2,137882,467728,8222,99734,4.332579939975545,0.17575449986078362
530,0.4798685224960795,1,4,1,137886,467724,8223,99733,4.3325428878431955,0.17575428622785516
531,0.4798744046710679,10,162,10,138048,467562,8233,99723,4.331042276483012,0.17578994685211138
532,0.479889164853938,31,618,31,138666,466944,8264,99692,4.325317722034903,0.17593658009727586
533,0.479930288340834,47,509,47,139175,466435,8311,99645,4.320602838193338,0.17602635669869984
534,0.4799506052640526,5,135,5,139310,466300,8316,99640,4.319352328726518,0.17606106654415662
535,0.4799912491260089,0,1,0,139311,466299,8316,99640,4.319343065693431,0.1760613776396396
536,0.4800039891172126,0,4,0,139315,466295,8316,99640,4.31930601356108,0.1760626220325656
537,0.4800052315495149,291,3508,291,142823,462787,8607,99349,4.28681129348994,0.17673481150468925
538,0.4800648311227099,3,27,3,142850,462760,8610,99346,4.286561191596577,0.176738906896564
539,0.4800689912458972,1,1,1,142851,462759,8611,99345,4.2865519285634885,0.17673775671406003
540,0.4800775943638862,1,6,1,142857,462753,8612,99344,4.286496350364963,0.17673817864176466
541,0.4800828635011118,1,1,1,142858,462752,8613,99343,4.286487087331876,0.1767370284382533
542,0.4801125875091096,6,76,6,142934,462676,8619,99337,4.285783096817222,0.1767521391853925
543,0.480138976375645,1,57,1,142991,462619,8620,99336,4.285255103931231,0.17676860246816917
544,0.4801515560490827,0,2,0,142993,462617,8620,99336,4.2852365778650565,0.17676923159054228
545,0.4802076333697628,0,4,0,142997,462613,8620,99336,4.285199525732706,0.17677048984872293
546,0.4802328024874839,0,13,0,143010,462600,8620,99336,4.285079106302567,0.17677457931152302
547,0.4802462758473219,23,349,23,143359,462251,8643,99313,4.2818463077550115,0.17685072404926241
548,0.4802674972057983,2,73,2,143432,462178,8645,99311,4.28117010633962,0.17687078464582565
549,0.4803059972078514,12,210,12,143642,461968,8657,99299,4.279224869391234,0.17691936279881054
550,0.4803188206162322,16,93,16,143735,461875,8673,99283,4.278363407314091,0.17692521535824135
551,0.4803718644405178,13,78,13,143813,461797,8686,99270,4.277640890733261,0.17693074089190775
552,0.4803768674695912,0,4,0,143817,461793,8686,99270,4.277603838600911,0.17693200228851305
553,0.4803878773062373,1,30,1,143847,461763,8687,99269,4.2773259476082846,0.1769399962925466
554,0.4805007125943317,8,79,8,143926,461684,8695,99261,4.276594167994368,0.17695317722771395
555,0.4805134772087586,3,88,3,144014,461596,8698,99258,4.275779021082664,0.17697653934892146
556,0.4805187509288943,28,471,28,144485,461125,8726,99230,4.271416132498425,0.17708416985660877
557,0.4805346565664533,0,51,0,144536,461074,8726,99230,4.27094371781096,0.1771002884148605
558,0.4805688874086106,2,11,2,144547,461063,8728,99228,4.270841824446997,0.17710082796261228
559,0.4806476050191939,0,26,0,144573,461037,8728,99228,4.270600985586721,0.17710904661187116
560,0.4806769243911768,37,355,37,144928,460682,8765,99191,4.267312608840639,0.1771669646509119
561,0.4807153291482521,18,81,18,145009,460601,8783,99173,4.266562303160547,0.17716614205018455
562,0.4807160905127385,0,3,0,145012,460598,8783,99173,4.266534514061284,0.17716709154279162
563,0.4807263232634164,13,90,13,145102,460508,8796,99160,4.2657008410834045,0.17717646890656605
564,0.4807275206676974,22,355,22,145457,460153,8818,99138,4.262412464337323,0.17725656232623088
565,0.4807402865713541,29,441,29,145898,459712,8847,99109,4.258327466745711,0.17735375012750057
566,0.4807839311987306,1,6,1,145904,459706,8848,99108,4.258271888547186,0.17735418225026575
567,0.4807978973457266,3,33,3,145937,459673,8851,99105,4.257966208455296,0.17736023966584225
568,0.480801754698081,0,5,0,145942,459668,8851,99105,4.257919893289859,0.1773618267167526
569,0.4808326363629112,3,48,3,145990,459620,8854,99102,4.257475267701656,0.17737264686194565
570,0.4808363047534422,1,26,1,146016,459594,8855,99101,4.25723442884138,0.17737942884758232
571,0.4808490594090807,2,36,2,146052,459558,8857,99099,4.256900959650228,0.17738791423001948
572,0.4808526901669882,4,23,4,146075,459535,8861,99095,4.256687909889214,0.17738932746182626
573,0.4808678588543106,0,8,0,146083,459527,8861,99095,4.2566138056245135,0.17739186784623592
574,0.4809021074874895,0,2,0,146085,459525,8861,99095,4.256595279558338,0.17739250295370734
575,0.4809444320774211,2,3,2,146088,459522,8863,99093,4.256567490459076,0.17739051045890283
576,0.4809808250980727,0,1,0,146089,459521,8863,99093,4.256558227425988,0.1773908280136194
577,0.4811945469776263,2,21,2,146110,459500,8865,99091,4.25636370373115,0.17739455164870183
578,0.4812291732646415,11,165,11,146275,459335,8876,99080,4.254835303271704,0.17743076385842071
579,0.48125008409123,7,63,7,146338,459272,8883,99073,4.254251732187187,0.17744047139313507
580,0.4812734213615255,3,24,3,146362,459248,8886,99070,4.254029419393086,0.17744367905029035
581,0.4812812359429588,0,7,0,146369,459241,8886,99070,4.253964578161473,0.1774459038063015
582,0.4813295342360587,41,289,41,146658,458952,8927,99029,4.25128756159917,0.17747736930110525
583,0.4813432241575006,0,3,0,146661,458949,8927,99029,4.251259772499908,0.17747832351813153
584,0.4813902904581733,1,1,1,146662,458948,8928,99028,4.25125050946682,0.17747716747673736
585,0.4813993014781806,3,20,3,146682,458928,8931,99025,4.251065248805069,0.17747910666310604
586,0.4814099126243619,1,9,1,146691,458919,8932,99024,4.250981881507281,0.17748049531941434
587,0.4814604381955526,0,1,0,146692,458918,8932,99024,4.250972618474194,0.17748081341788213
588,0.4814978973788286,11,179,11,146871,458739,8943,99013,4.249314535551521,0.1775215507967699
589,0.4815002074563996,23,102,23,146973,458637,8966,98990,4.24836970617659,0.1775200985605073
590,0.4815088352943954,6,34,6,147007,458603,8972,98984,4.248054763051614,0.17752207278864104
591,0.4815478275901745,0,1,0,147008,458602,8972,98984,4.248045500018526,0.177522391164771
592,0.4815575621346163,22,262,22,147270,458340,8994,98962,4.245618585349587,0.17757338032162095
593,0.4816460259561301,4,63,4,147333,458277,8998,98958,4.245035014265071,0.17758755282780156
594,0.4816735338301119,1,2,1,147335,458275,8999,98957,4.245016488198896,0.17758671433083528
595,0.4816850415797661,0,2,0,147337,458273,8999,98957,4.244997962132721,0.17758735172191017
596,0.4816883032016898,0,6,0,147343,458267,8999,98957,4.2449423839341955,0.1775892639225877
597,0.4816885927198153,0,1,0,147344,458266,8999,98957,4.244933120901107,0.1775895826267042
598,0.4817225299784781,0,2,0,147346,458264,8999,98957,4.244914594834933,0.17759022003836897
599,0.4817335483756866,5,23,5,147369,458241,9004,98952,4.244701545073919,0.1775901707307881
600,0.4817372019493945,1,3,1,147372,458238,9005,98951,4.244673755974656,0.17758965090839912
601,0.4817674559958644,0,1,0,147373,458237,9005,98951,4.244664492941569,0.1775899696332297
602,0.4818109917641953,3,38,3,147411,458199,9008,98948,4.244312497684242,0.17759765376103614
603,0.4818149457761721,18,161,18,147572,458038,9026,98930,4.2428211493571455,0.17762241277775384
604,0.4818235612307228,2,14,2,147586,458024,9028,98928,4.24269146689392,0.17762392450336834
605,0.4818311174577075,2,19,2,147605,458005,9030,98926,4.242515469265256,0.17762703099665847
606,0.4818339911705219,0,3,0,147608,458002,9030,98926,4.242487680165993,0.17762798781889222
607,0.4818599842444956,3,36,3,147644,457966,9033,98923,4.242154210974841,0.17763504037608932
608,0.4818710018296179,28,332,28,147976,457634,9061,98895,4.239078883989774,0.17769963470007852
609,0.4819567762500724,0,1,0,147977,457633,9061,98895,4.239069620956686,0.1776999540005175
610,0.4819583835436581,20,206,20,148183,457427,9081,98875,4.23716143614065,0.17773619365021157
611,0.4819627190256637,6,81,6,148264,457346,9087,98869,4.236411130460558,0.17775320694335822
612,0.482013849458046,6,37,6,148301,457309,9093,98863,4.236068398236318,0.17775616176290787
613,0.4820596244819991,1,2,1,148303,457307,9094,98862,4.236049872170144,0.1777553225728151
614,0.4820927185083471,4,44,4,148347,457263,9098,98858,4.235642298714291,0.17776347233785453
615,0.4820940076584667,1,1,1,148348,457262,9099,98857,4.235633035681204,0.17776231346168717
616,0.4820970818148249,3,52,3,148400,457210,9102,98854,4.235151357960651,0.177774500776889
617,0.4821130154459907,0,2,0,148402,457208,9102,98854,4.235132831894475,0.17777514018220988
618,0.4821227964736336,14,217,14,148619,456991,9116,98840,4.233122753714476,0.17782383494263543
619,0.4821460748587795,7,81,7,148700,456910,9123,98833,4.2323724480343845,0.17783939698745643
620,0.4821488277159859,14,412,14,149112,456498,9137,98819,4.228556078402312,0.1779506119927897
621,0.482157092568712,43,754,43,149866,455744,9180,98776,4.221571751454296,0.17812883214311476
622,0.4821727252690501,0,5,0,149871,455739,9180,98776,4.221525436288858,0.17813043831095643
623,0.4822180281001585,2,56,2,149927,455683,9182,98774,4.221006706435955,0.1781454648421789
624,0.4822957635912145,17,253,17,150180,455430,9199,98757,4.218663159064804,0.17820158177654835
625,0.4823001506541142,15,253,15,150433,455177,9214,98742,4.2163196116936525,0.1782607204302434
626,0.4823044244108542,1,32,1,150465,455145,9215,98741,4.216023194634851,0.17826953560841038
627,0.4823437991551316,110,1062,110,151527,454083,9325,98631,4.206185853495868,0.1784485285337444
628,0.4823480847464543,6,100,6,151627,453983,9331,98625,4.2052595501871135,0.17847190051537437
629,0.4824754950764618,0,40,0,151667,453943,9331,98625,4.204889028863611,0.17848481996785917
630,0.4825438561426668,0,1,0,151668,453942,9331,98625,4.2048797658305235,0.17848514297813659
631,0.4825506740777746,14,136,14,151804,453806,9345,98611,4.203619993330616,0.1785082645899746
632,0.4825760831010613,1,44,1,151848,453762,9346,98610,4.203212419874764,0.178520996719602
633,0.4825943634456817,2,27,2,151875,453735,9348,98608,4.2029623179814,0.17852674877748065
634,0.4826447157770251,3,16,3,151891,453719,9351,98605,4.202814109451999,0.17852745852072335
635,0.4826967298999361,6,61,6,151952,453658,9357,98599,4.2022490644336585,0.17853825302350174
636,0.4827825956744555,34,292,34,152244,453366,9391,98565,4.199544258772092,0.17858210537186714
637,0.4828217243053871,0,20,0,152264,453346,9391,98565,4.199358998110341,0.17858857678140136
638,0.482837284435449,27,149,27,152413,453197,9418,98538,4.197978806180296,0.17859660887926268
639,0.4828747458699574,110,949,110,153362,452248,9528,98428,4.189188187780207,0.17874031190754636
640,0.4829596071504023,0,1,0,153363,452247,9528,98428,4.189178924747119,0.1787406364915785
641,0.4829708203418367,22,248,22,153611,451999,9550,98406,4.186881692541406,0.17878834676283828
642,0.4830157123852608,4,13,4,153624,451986,9554,98402,4.186761273111268,0.17878660145206654
643,0.4830230176286847,2,19,2,153643,451967,9556,98400,4.186585275482604,0.178789789358737
644,0.4830664748525339,0,3,0,153646,451964,9556,98400,4.186557486383341,0.17879076393078036
645,0.4831284124153313,1,8,1,153654,451956,9557,98399,4.186483382118641,0.17879187070163804
646,0.483141109850382,11,123,11,153777,451833,9568,98388,4.1853440290488715,0.17881542143974877
647,0.4831420321470357,28,252,28,154029,451581,9596,98360,4.183009744710808,0.1788555499589956
648,0.4832060150775055,0,14,0,154043,451567,9596,98360,4.182880062247582,0.17886010325006774
649,0.4832333128109211,1,38,1,154081,451529,9597,98359,4.182528066990256,0.17887097008845437
650,0.4832848841278065,1,31,1,154112,451498,9598,98358,4.1822409129645415,0.17887956119420356
651,0.4833193051046553,15,157,15,154269,451341,9613,98343,4.180786616769795,0.17890824546466697
652,0.4833409933354453,24,322,24,154591,451019,9637,98319,4.177803920115602,0.17897724169818946
653,0.4833444443027729,23,178,23,154769,450841,9660,98296,4.176155100226018,0.17900086863569564
654,0.4833570887041069,29,415,29,155184,450426,9689,98267,4.172310941494683,0.17909286249323392
655,0.483387014504872,2,8,2,155192,450418,9691,98265,4.172236837229983,0.1790924814510382
656,0.4834467853016616,2,19,2,155211,450399,9693,98263,4.172060839601319,0.17909569097185518
657,0.4834862321282068,0,3,0,155214,450396,9693,98263,4.172033050502057,0.1790966702450885
658,0.4834871272311851,56,728,56,155942,449668,9749,98207,4.165289562414317,0.17925074150125483
659,0.4835357927648213,76,694,76,156636,448974,9825,98131,4.158861017451554,0.1793641074382431
660,0.4835391821510022,1,4,1,156640,448970,9826,98130,4.158823965319204,0.17936391884481814
661,0.4836180512013033,1,3,1,156643,448967,9827,98129,4.1587961762199415,0.17936340240104112
662,0.4836310424268308,2,48,2,156691,448919,9829,98127,4.158351550631739,0.17937614021489967
663,0.4836670212474921,8,113,8,156804,448806,9837,98119,4.157304827892845,0.17940119760479042
664,0.4836695537638626,2,2,2,156806,448804,9839,98117,4.15728630182667,0.17939885285077736
665,0.4836741604089422,8,35,8,156841,448769,9847,98109,4.1569620956686055,0.1793983301577317
666,0.4836935072735741,1,16,1,156857,448753,9848,98108,4.156813887139205,0.17940207840749295
667,0.4837300531700443,89,782,89,157639,447971,9937,98019,4.1495701952647375,0.1795252660305134
668,0.4837362034683463,0,7,0,157646,447964,9937,98019,4.149505354033125,0.1795275677081521
669,0.4838204023408215,2,14,2,157660,447950,9939,98017,4.149375671569899,0.17952916568217492
670,0.4839224175930023,20,320,20,157980,447630,9959,97997,4.146411500981881,0.1796043817479707
671,0.4839294527286634,5,80,5,158060,447550,9964,97992,4.145670458334878,0.1796232004135337
672,0.4839381350827472,0,1,0,158061,447549,9964,97992,4.1456611953017894,0.1796235296705472
673,0.4839440558008294,2,31,2,158092,447518,9966,97990,4.145374041276075,0.1796307295218402
674,0.48397654485553,0,2,0,158094,447516,9966,97990,4.1453555152099,0.17963138810572202
675,0.4840354494166832,1,11,1,158105,447505,9967,97989,4.145253621845937,0.1796335065096958
676,0.4840516494104364,2,8,2,158113,447497,9969,97987,4.145179517581237,0.17963313314414356
677,0.4842049368160077,5,96,5,158209,447401,9974,97982,4.144290266404831,0.1796572317068922
678,0.4842348439633475,0,1,0,158210,447400,9974,97982,4.144281003371744,0.17965756112229594
679,0.4842450916534509,43,584,43,158794,446816,10017,97939,4.138871392048612,0.17978540811924626
680,0.4842858331066558,0,4,0,158798,446812,10017,97939,4.138834339916262,0.17978672824831896
681,0.4842974388400461,0,4,0,158802,446808,10017,97939,4.138797287783912,0.1797880483967787
682,0.4843052506406315,4,12,4,158814,446796,10021,97935,4.138686131386861,0.17978598611057567
683,0.4843617929164368,1,10,1,158824,446786,10022,97934,4.138593501055985,0.17978778087824937
684,0.4844455309847453,0,4,0,158828,446782,10022,97934,4.1385564489236355,0.17978910110956903
685,0.4844945240286999,3,7,3,158835,446775,10025,97931,4.138491607692023,0.1797868942144937
686,0.4845055417386323,8,87,8,158922,446688,10033,97923,4.137685723813405,0.17980356621515173
687,0.4845181164861811,21,160,21,159082,446528,10054,97902,4.1362036385193965,0.17982477086126775
688,0.4845277878406157,6,79,6,159161,446449,10060,97896,4.13547185890548,0.17984182825230322
689,0.4845322004976456,12,125,12,159286,446324,10072,97884,4.134313979769535,0.17986505159791844
690,0.4845416397137727,0,6,0,159292,446318,10072,97884,4.13425840157101,0.17986703466727427
691,0.4845760955087714,0,3,0,159295,446315,10072,97884,4.134230612471748,0.17986802621835027
692,0.4846067282495494,4,109,4,159404,446206,10076,97880,4.133220941865204,0.17989803082600914
693,0.4846092607398168,0,2,0,159406,446204,10076,97880,4.133202415799029,0.17989869211371773
694,0.4846235898935976,2,19,2,159425,446185,10078,97878,4.133026418170366,0.17990195988332233
695,0.484626266292408,6,68,6,159493,446117,10084,97872,4.132396531920412,0.17991540270115755
696,0.484636353134774,0,10,0,159503,446107,10084,97872,4.132303901589537,0.1799187100972648
697,0.4846426221919532,0,5,0,159508,446102,10084,97872,4.132257586424099,0.17992036384091886
698,0.484662886201454,41,544,41,160052,445558,10125,97831,4.12721849642447,0.18003860954123105
699,0.4847214875130697,0,1,0,160053,445557,10125,97831,4.1272092333913815,0.18003894086729924
700,0.4847293295935969,5,66,5,160119,445491,10130,97826,4.126597873207603,0.18005326540491096
701,0.4847313477704617,1,2,1,160121,445489,10131,97825,4.126579347141428,0.1800524190431316
702,0.4847702657049031,2,49,2,160170,445440,10133,97823,4.1261254585201375,0.18006564039884917
703,0.4848101865116935,258,2375,258,162545,443065,10391,97565,4.104125754937197,0.18046538297911696
704,0.4848102168207628,1,2,1,162547,443063,10392,97564,4.104107228871022,0.1804645346976751
705,0.4848508753327764,0,14,0,162561,443049,10392,97564,4.103977546407796,0.18046920810265385
706,0.4848663260284015,6,32,6,162593,443017,10398,97558,4.103681129348994,0.1804707949868196
707,0.4848855563469113,4,27,4,162620,442990,10402,97554,4.10343102745563,0.1804737449680322
708,0.4849781688980938,3,19,3,162639,442971,10405,97551,4.1032550298269665,0.18047554031103266
709,0.4849924936624596,0,1,0,162640,442970,10405,97551,4.103245766793879,0.18047587420285244
710,0.4850074821466797,0,22,0,162662,442948,10405,97551,4.103041980065953,0.18048322013546741
711,0.485011765980792,6,51,6,162713,442897,10411,97545,4.102569565378488,0.18049115353728984
712,0.4850564396872189,5,41,5,162754,442856,10416,97540,4.102189781021898,0.18049726496865262
713,0.4850599878953169,7,88,7,162842,442768,10423,97533,4.101374634110193,0.18051604568564558
714,0.4850727525097438,11,75,11,162917,442693,10434,97522,4.100679906628627,0.18052442083244635
715,0.4850849689305606,2,5,2,162922,442688,10436,97520,4.100633591463189,0.18052305778514943
716,0.4850909730806576,61,821,61,163743,441867,10497,97459,4.093028641298306,0.18070517646099019
717,0.4850934354011162,8,160,8,163903,441707,10505,97451,4.091546556004298,0.18074664569569587
718,0.4850995794547101,0,1,0,163904,441706,10505,97451,4.091537292971211,0.18074698093505231
719,0.4851278318926437,5,103,5,164007,441603,10510,97446,4.090583200563192,0.18077391851204622
720,0.4851328393583065,25,355,25,164362,441248,10535,97421,4.0872948238171105,0.18085503342497897
721,0.4851733224175697,3,33,3,164395,441215,10538,97418,4.086989143725221,0.1808615513717132
722,0.4851818690397257,44,481,44,164876,440734,10582,97374,4.082533624810107,0.18095623926795365
723,0.4851918035521067,0,3,0,164879,440731,10582,97374,4.082505835710845,0.18095724812071992
724,0.4851928948407827,278,2910,278,167789,437821,10860,97096,4.055550409426062,0.1815160108951482
725,0.4852099897962662,5,30,5,167819,437791,10865,97091,4.055272518433436,0.18151854053791303
726,0.4852149604361767,2,54,2,167873,437737,10867,97089,4.054772314646708,0.18153380725693963
727,0.4852219664736336,9,58,9,167931,437679,10876,97080,4.05423505872763,0.1815397216316135
728,0.4852524452458041,0,3,0,167934,437676,10876,97080,4.0542072696283675,0.18154074007584767
729,0.485261683131308,0,1,0,167935,437675,10876,97080,4.054198006595279,0.18154107955979842
730,0.4852632326623068,0,11,0,167946,437664,10876,97080,4.054096113231316,0.18154481396705713
731,0.4852869042894489,30,359,30,168305,437305,10906,97050,4.050770684352885,0.18162083259256487
732,0.485297653924934,4,29,4,168334,437276,10910,97046,4.050502056393346,0.18162456346547587
733,0.4852996701931055,38,402,38,168736,436874,10948,97008,4.046778317092149,0.1817030729636886
734,0.4853013944921808,2,17,2,168753,436857,10950,97006,4.04662084552966,0.18170579343389595
735,0.4853236564499986,12,91,12,168844,436766,10962,96994,4.0457779095186925,0.1817183752997602
736,0.4853570175635494,3,46,3,168890,436720,10965,96991,4.045351809996665,0.18172943784182827
737,0.4853910664263495,0,16,0,168906,436704,10965,96991,4.045203601467264,0.18173488603041063
738,0.4854102001165915,33,337,33,169243,436367,10998,96958,4.042081959316759,0.1817990906107908
739,0.4854249159764429,0,8,0,169251,436359,10998,96958,4.042007855052058,0.18180181768066647
740,0.4854358919474487,4,34,4,169285,436325,11002,96954,4.041692911927082,0.18180727161579585
741,0.4854382723410086,0,2,0,169287,436323,11002,96954,4.041674385860906,0.18180795346508474
742,0.4854877144317398,4,19,4,169306,436304,11006,96950,4.041498388232243,0.18180829398373008
743,0.4855037387847002,0,12,0,169318,436292,11006,96950,4.041387231835192,0.18181238537099478
744,0.4855060394452201,0,1,0,169319,436291,11006,96950,4.041377968802105,0.18181272632824558
745,0.4855367066906216,1,6,1,169325,436285,11007,96949,4.041322390603579,0.18181323771552452
746,0.4855573553474016,1,6,1,169331,436279,11008,96948,4.041266812405054,0.18181374911623005
747,0.4855704250875668,4,21,4,169352,436258,11012,96944,4.0410722887102155,0.1818147718875773
748,0.4855730810072045,4,18,4,169370,436240,11016,96940,4.040905554114639,0.18181477174687724
749,0.4855765909399266,6,26,6,169396,436214,11022,96934,4.040664715254363,0.18181443051460383
750,0.4855824148993598,6,29,6,169425,436185,11028,96928,4.040396087294824,0.18181511236829714
751,0.4856371373424393,329,3203,329,172628,432982,11357,96599,4.010726592315388,0.18240646851001074
752,0.4856538513777687,0,2,0,172630,432980,11357,96599,4.0107080662492125,0.18240715738350652
753,0.4856585302593588,41,615,41,173245,432365,11398,96558,4.0050113009003665,0.1825558729720583
754,0.485666739206623,0,4,0,173249,432361,11398,96558,4.004974248768017,0.1825572535681267
755,0.4856736778281109,0,13,0,173262,432348,11398,96558,4.004853829337878,0.18256174064956723
756,0.4856791526346953,320,3312,320,176574,429036,11718,96238,3.974174663751899,0.1832148554849469
757,0.4856878130276642,0,2,0,176576,429034,11718,96238,3.974156137685724,0.18321555308487794
758,0.4856929710497565,89,791,89,177367,428243,11807,96149,3.9668290785134683,0.18335329295641428
759,0.4857008521929206,2,0,2,177367,428243,11809,96147,3.9668290785134683,0.18335017830240852
760,0.4857136261749867,0,1,0,177368,428242,11809,96147,3.966819815480381,0.18335052794776396
761,0.4857194559490335,13,277,13,177645,427965,11822,96134,3.9642539553151286,0.1834271769264967
762,0.4857817542232173,13,120,13,177765,427845,11835,96121,3.963142391344622,0.18344892607535604
763,0.4857818792472462,0,3,0,177768,427842,11835,96121,3.9631146022453594,0.1834499764296334
764,0.4857878768180709,8,114,8,177882,427728,11843,96113,3.962058616473378,0.18347742921993507
765,0.4857983963579673,31,380,31,178262,427348,11874,96082,3.9585386639001077,0.18356227193703073
766,0.4858009354987674,6,14,6,178276,427334,11880,96076,3.958408981436882,0.18355782273934393
767,0.485834436690627,2,21,2,178297,427313,11882,96074,3.958214457742043,0.18356206783890314
768,0.485851972170671,3,26,3,178323,427287,11885,96071,3.9579736188817667,0.1835665070563553
769,0.4858545543098719,204,2365,204,180688,424922,12089,95867,3.936066545629701,0.1840803089158949
770,0.4858666288311981,0,17,0,180705,424905,12089,95867,3.9359090740672125,0.18408631800480824
771,0.4859133020117435,0,4,0,180709,424901,12089,95867,3.935872021934862,0.1840877319650977
772,0.4859144555340644,21,190,21,180899,424711,12110,95846,3.9341120456482273,0.18412200777244375
773,0.4859800897011193,0,4,0,180903,424707,12110,95846,3.934074993515877,0.18412342259097536
774,0.4860203817045437,1,1,1,180904,424706,12111,95845,3.9340657304827893,0.18412220896703685
775,0.4860331556887808,0,1,0,180905,424705,12111,95845,3.9340564674497016,0.18412256267409471
776,0.4860369310291513,2,19,2,180924,424686,12113,95843,3.9338804698210383,0.1841261485911448
777,0.4860526846477285,0,11,0,180935,424675,12113,95843,3.933778576457075,0.18413003969123065
778,0.4860901184076797,13,105,13,181040,424570,12126,95830,3.932805957982882,0.1841468101460415
779,0.4860925437024541,0,3,0,181043,424567,12126,95830,3.9327781688836194,0.184147871721013
780,0.4861316250566622,1,3,1,181046,424564,12127,95829,3.9327503797843564,0.1841473655487295
781,0.4861329076300748,2,25,2,181071,424539,12129,95827,3.932518803957168,0.18415307687281643
782,0.4861362148748832,3,14,3,181085,424525,12132,95824,3.932389121493942,0.18415332786264604
783,0.486141736370147,14,109,14,181194,424416,12146,95810,3.9313794508873987,0.18416995690334587
784,0.4861456811170256,1,35,1,181229,424381,12147,95809,3.9310552447293343,0.184180780099579
785,0.4861706478330515,14,107,14,181336,424274,12161,95795,3.930064100188966,0.18419671235932156
786,0.4861877830085668,3,45,3,181381,424229,12164,95792,3.929647263700026,0.1842079454483569
787,0.4862159131511481,92,918,92,182299,423311,12256,95700,3.9211437993256513,0.18438915552849555
788,0.4862204741805794,5,60,5,182359,423251,12261,95695,3.920588017340398,0.18440261607180708
789,0.4862793621834562,0,2,0,182361,423249,12261,95695,3.920569491274223,0.18440332675587345
790,0.4862875607877403,27,302,27,182663,422947,12288,95668,3.9177720552817816,0.18446824715829663
791,0.4863184971369866,0,1,0,182664,422946,12288,95668,3.917762792248694,0.18446860285298894
792,0.4863549698177533,6,49,6,182713,422897,12294,95662,3.917308903627404,0.1844765976484836
793,0.4863598782603546,24,381,24,183094,422516,12318,95638,3.913779688021046,0.18457447013822145
794,0.4863704888289715,20,248,20,183342,422268,12338,95618,3.911482455815332,0.1846313667486667
795,0.4863706146429367,0,1,0,183343,422267,12338,95618,3.911473192782245,0.1846317232590247
796,0.4863726526702581,37,481,37,183824,421786,12375,95581,3.907017673867131,0.18474506491523426
797,0.4863761140647361,95,852,95,184676,420934,12470,95486,3.899125569676535,0.18489988768831572
798,0.4863952034823509,15,100,15,184776,420834,12485,95471,3.8981992663677794,0.18491201905850224
799,0.4864089541467818,2,4,2,184780,420830,12487,95469,3.898162214235429,0.18491029422873181
800,0.4864187236900235,27,377,27,185157,420453,12514,95442,3.8946700507614214,0.18500276218998052
801,0.4864389009125962,2,20,2,185177,420433,12516,95440,3.8944847900996704,0.18500677492328538
802,0.4864787210252908,14,147,14,185324,420286,12530,95426,3.8931231242358,0.18503738520724747
803,0.4864852084207589,7,28,7,185352,420258,12537,95419,3.8928637593093485,0.18503636966550768
804,0.4864893837679525,0,2,0,185354,420256,12537,95419,3.892845233243173,0.18503708731274543
805,0.4864937796385259,30,314,30,185668,419942,12567,95389,3.8899366408536813,0.18510239050241495
806,0.486515422077687,94,763,94,186431,419179,12661,95295,3.882868946607877,0.18522801929737945
807,0.4865427721188263,25,402,25,186833,418777,12686,95270,3.8791452073066806,0.1853332477380473
808,0.4865489177345268,24,295,24,187128,418482,12710,95246,3.876412612545852,0.1854016133050953
809,0.4865706347089748,2,12,2,187140,418470,12712,95244,3.876301456148801,0.18540277274903935
810,0.4865835673948204,2,47,2,187187,418423,12714,95242,3.8758660935936864,0.18541656527113975
811,0.4866024206185925,5,46,5,187233,418377,12719,95237,3.875439994071659,0.18542524152379025
812,0.4866174994496057,1,9,1,187242,418368,12720,95236,3.875356626773871,0.18542690477488494
813,0.486627792118426,25,359,25,187601,418009,12745,95211,3.872031197895439,0.1855169323097307
814,0.4866301785784634,2,10,2,187611,417999,12747,95209,3.8719385675645634,0.1855173730729061
815,0.4866963222578631,1,19,1,187630,417980,12748,95208,3.8717625699358997,0.1855226544658098
816,0.4867142939427059,0,12,0,187642,417968,12748,95208,3.8716514135388493,0.1855269926886682
817,0.486763011967859,0,11,0,187653,417957,12748,95208,3.871549520174886,0.18553096957119056
818,0.4867648955058783,16,92,16,187745,417865,12764,95192,3.870697321130831,0.18553883876450375
819,0.4868486243655444,0,8,0,187753,417857,12764,95192,3.8706232168661305,0.18554173188136025
820,0.4868612793732317,36,211,36,187964,417646,12800,95156,3.8686687168846565,0.1855608987484448
821,0.4868656475757311,3,24,3,187988,417622,12803,95153,3.8684464040905553,0.1855648188776754
822,0.4868676504525326,1,3,1,187991,417619,12804,95152,3.8684186149912927,0.18556431623473246
823,0.4868821378134055,0,4,0,187995,417615,12804,95152,3.8683815628589424,0.1855657637874512
824,0.4868835238863072,0,4,0,187999,417611,12804,95152,3.868344510726592,0.18556721136275434
825,0.4869166381777227,0,2,0,188001,417609,12804,95152,3.868325984660417,0.18556793515887518
826,0.4869214706474475,21,245,21,188246,417364,12825,95131,3.8660565415539665,0.18562327437340853
827,0.4869505531659742,0,2,0,188248,417362,12825,95131,3.866038015487791,0.18562399876681243
828,0.4869610121973048,1,1,1,188249,417361,12826,95130,3.866028752454704,0.18562277191209212
829,0.486974142002598,0,13,0,188262,417348,12826,95130,3.8659083330245654,0.18562748059428893
830,0.4869839580290408,319,2904,319,191166,414444,13145,94811,3.8390084849383084,0.18617588438012392
831,0.4870044200246398,2,9,2,191175,414435,13147,94809,3.83892511764052,0.1861759785093197
832,0.4870293759742316,0,2,0,191177,414433,13147,94809,3.838906591574345,0.18617670969794323
833,0.487067099924956,3,10,3,191187,414423,13150,94806,3.8388139612434697,0.186175571304855
834,0.4870674796485731,4,92,4,191279,414331,13154,94802,3.8379617621994147,0.18620281930261837
835,0.4870730778609061,30,409,30,191688,413922,13184,94772,3.8341731816666047,0.18630453671558933
836,0.4870780446041264,0,2,0,191690,413920,13184,94772,3.83415465560043,0.1863052692002233
837,0.4870960483220115,0,2,0,191692,413918,13184,94772,3.834136129534255,0.18630600169061706
838,0.4871015023494802,4,52,4,191744,413866,13188,94768,3.8336544518137017,0.18631864955940813
839,0.4871332134322144,19,116,19,191860,413750,13207,94749,3.832579939975546,0.18633074991297918
840,0.4871373973397508,1,15,1,191875,413735,13208,94748,3.8324409944792324,0.18633464638935815
841,0.4871484502456527,106,980,106,192855,412755,13314,94642,3.823363222053429,0.18652455572263926
842,0.4871495674654067,0,3,0,192858,412752,13314,94642,3.8233354329541664,0.18652565856119702
843,0.4872096185591899,2,20,2,192878,412732,13316,94640,3.8231501722924155,0.18652980456154458
844,0.4872443527561463,4,49,4,192927,412683,13320,94636,3.8226962836711254,0.18654140688600268
845,0.4872792663656905,6,49,6,192976,412634,13326,94630,3.822242395049835,0.18654980444108
846,0.487318171130775,0,1,0,192977,412633,13326,94630,3.8222331320167475,0.1865501721986425
847,0.48732329316508,9,24,9,193001,412609,13335,94621,3.8220108192226463,0.18654456558168878
848,0.487327946805303,5,82,5,193083,412527,13340,94616,3.8212512505094667,0.18656670800937802
849,0.4873427260133258,1,1,1,193084,412526,13341,94615,3.8212419874763794,0.1865654719298972
850,0.4873563235174424,1,1,1,193085,412525,13342,94614,3.8212327244432918,0.18656423584066695
851,0.4873794511169847,26,291,26,193376,412234,13368,94588,3.8185371818148135,0.18662962539116298
852,0.4874012718919861,285,2519,285,195895,409715,13653,94303,3.7952036014672643,0.1871024447539572
853,0.4874027846637246,1,13,1,195908,409702,13654,94302,3.7950831820371262,0.18710565789160402
854,0.4874052810579817,0,5,0,195913,409697,13654,94302,3.7950368668716883,0.18710751410221052
855,0.4874131100453761,4,52,4,195965,409645,13658,94298,3.7945551891511355,0.18712036877186508
856,0.4874794609587177,235,2251,235,198216,407394,13893,94063,3.773704101671051,0.1875793936469129
857,0.487480482592332,6,51,6,198267,407343,13899,94057,3.773231686983586,0.18758875149581172
858,0.4875295122737512,5,34,5,198301,407309,13904,94052,3.772916743858609,0.1875933708445611
859,0.4875405380748082,41,315,41,198616,406994,13945,94011,3.7699988884360294,0.18764483388389339
860,0.4875475532909162,10,127,10,198743,406867,13955,94001,3.76882248323391,0.18767619412699554
861,0.4875695322730607,88,629,88,199372,406238,14043,93913,3.7629960354218386,0.18776929367331066
862,0.4876558796867073,1,4,1,199376,406234,14044,93912,3.7629589832894883,0.18776917140195062
863,0.487661420420386,307,3127,307,202503,403107,14351,93605,3.7339934788247064,0.1884492422168178
864,0.4876668312383757,4,43,4,202546,403064,14355,93601,3.7335951684019415,0.18845902167456938
865,0.4876711426452135,0,1,0,202547,403063,14355,93601,3.733585905368854,0.18845940112430135
866,0.4876837190364974,4,35,4,202582,403028,14359,93597,3.7332616992107894,0.1884661464887994
867,0.4877461350629616,0,1,0,202583,403027,14359,93597,3.733252436177702,0.1884665259834402
868,0.4877501053206856,0,1,0,202584,403026,14359,93597,3.7332431731446145,0.1884669054796093
869,0.4877640388557459,63,430,63,203014,402596,14422,93534,3.7292600689169664,0.1885272005321186
870,0.4877665764057468,0,20,0,203034,402576,14422,93534,3.729074808255215,0.1885348007498337
871,0.4877875102293496,0,2,0,203036,402574,14422,93534,3.72905628218904,0.18853556080530853
872,0.4877965221460841,302,2615,302,205651,399959,14724,93232,3.704833450665086,0.18903832389479938
873,0.4878062782346563,2,43,2,205694,399916,14726,93230,3.704435140242321,0.18905151821164523
874,0.4878126810375964,1,18,1,205712,399898,14727,93229,3.704268405646745,0.18905677442119373
875,0.487815606487939,4,20,4,205732,399878,14731,93225,3.704083144984994,0.18905786417847792
876,0.4878266323771726,23,231,23,205963,399647,14754,93202,3.701943384341769,0.18910863164985625
877,0.4878737012814597,1,3,1,205966,399644,14755,93201,3.701915595242506,0.18910813744686464
878,0.4878806070072847,1,8,1,205974,399636,14756,93200,3.701841490977806,0.18910956180149177
879,0.4878836908297198,1,1,1,205975,399635,14757,93199,3.7018322279447182,0.18910830015786248
880,0.4878934944220421,9,149,9,206124,399486,14766,93190,3.7004520360146724,0.18915067914816228
881,0.487922596206895,3,14,3,206138,399472,14769,93187,3.7003223535514467,0.1891511166953207
882,0.4879378082975097,1,6,1,206144,399466,14770,93186,3.7002667753529215,0.18915177447772463
883,0.4879499913843103,2,7,2,206151,399459,14772,93184,3.7002019341213086,0.1891511703200898
884,0.4879815263931668,5,68,5,206219,399391,14777,93179,3.699572047871355,0.18916905211442028
885,0.487988890861123,11,56,11,206275,399335,14788,93168,3.699053318018452,0.1891724517414107
886,0.4879966316736027,8,86,8,206361,399249,14796,93160,3.6982566971729223,0.18919231776835924
887,0.4880403899932328,7,51,7,206412,399198,14803,93153,3.697784282485457,0.18920038752840962
888,0.4880641018059128,2,11,2,206423,399187,14805,93151,3.697682389121494,0.18920132104367324
889,0.488074037984383,1,30,1,206453,399157,14806,93150,3.697404498128867,0.18921120357825502
890,0.4880755973135769,12,79,12,206532,399078,14818,93138,3.6966727185149506,0.18922180506119265
891,0.4881091391461935,2,1,2,206533,399077,14820,93136,3.696663455481863,0.18921889507184897
892,0.4881317722009667,79,961,79,207494,398116,14899,93057,3.6877616806847233,0.18945870395970463
893,0.4881430385348165,0,8,0,207502,398108,14899,93057,3.6876875764200228,0.18946178982622947
894,0.4881529123682822,3,26,3,207528,398082,14902,93054,3.6874467375597466,0.18946686864738077
895,0.4881603691272304,7,67,7,207595,398015,14909,93047,3.6868261143428804,0.18948116531110124
896,0.4881991939965093,11,85,11,207680,397930,14920,93036,3.686038756530438,0.1894958103005096
897,0.4882193533130264,103,983,103,208663,396947,15023,92933,3.6769331950053727,0.18970564219808933
898,0.4882219594473945,0,3,0,208666,396944,15023,92933,3.6769054059061097,0.18970680395282896
899,0.4882290002944512,5,40,5,208706,396904,15028,92928,3.676534884582608,0.18971402440020252
900,0.4882490092359822,45,244,45,208950,396660,15073,92883,3.6742747045092443,0.1897340989453429
901,0.4882632969048271,4,26,4,208976,396634,15077,92879,3.674033865648968,0.18973755548882257
902,0.4882886352023037,1,1,1,208977,396633,15078,92878,3.6740246026158805,0.18973628784644267
903,0.4883471679151238,9,66,9,209043,396567,15087,92869,3.673413242432102,0.18974697406811106
904,0.4883528369993724,25,317,25,209360,396250,15112,92844,3.670476860943347,0.1898285401170327
905,0.4884259502823175,1,5,1,209365,396245,15113,92843,3.6704305457779096,0.18982882426066475
906,0.4884390185769011,0,5,0,209370,396240,15113,92843,3.6703842306124717,0.18983076492129147
907,0.4885153202732057,1,6,1,209376,396234,15114,92842,3.6703286524139465,0.1898314372408378
908,0.4885260249063646,5,64,5,209440,396170,15119,92837,3.669735818296343,0.18984799808591696
909,0.4885323430548345,0,4,0,209444,396166,15119,92837,3.6696987661639926,0.18984955102524934
910,0.4885539857193656,40,260,40,209704,395906,15159,92797,3.6672903775612284,0.18988424462301234
911,0.4885637335201901,13,57,13,209761,395849,15172,92784,3.666762384675238,0.1898848419979821
912,0.488568422407072,0,1,0,209762,395848,15172,92784,3.6667531216421505,0.18988523060298956
913,0.4885929728614145,2,6,2,209768,395842,15174,92782,3.6666975434436253,0.18988424637348963
914,0.4886472856831211,0,1,0,209769,395841,15174,92782,3.6666882804105376,0.18988463498443586
915,0.4887039603628971,0,2,0,209771,395839,15174,92782,3.6666697543443627,0.18988541221110022
916,0.4887259394128206,3,35,3,209806,395804,15177,92779,3.6663455481862983,0.18989404052126252
917,0.4887529565112635,0,1,0,209807,395803,15177,92779,3.6663362851532106,0.1898944291848656
918,0.4887846822019218,712,6249,712,216056,389554,15889,92067,3.6084515913890844,0.19116068443859383
919,0.4888174180174993,47,247,47,216303,389307,15936,92020,3.6061636222164584,0.19117980084225486
920,0.4888297488675405,7,10,7,216313,389297,15943,92013,3.606070991885583,0.19117200972346304
921,0.4888376411630909,1,18,1,216331,389279,15944,92012,3.605904257290007,0.19117747890569323
922,0.4888418672368859,6,38,6,216369,389241,15950,92006,3.60555226203268,0.1911824904882524
923,0.4888498248130802,27,208,27,216577,389033,15977,91979,3.603625551150469,0.19121976166914756
924,0.4888601679723939,14,155,14,216732,388878,15991,91965,3.602189781021898,0.19125785339497509
925,0.4888632937997516,0,10,0,216742,388868,15991,91965,3.6020971506910224,0.19126183103073208
926,0.4888720404447865,1,6,1,216748,388862,15992,91964,3.602041572492497,0.19126253571978222
927,0.4888787995449875,1,6,1,216754,388856,15993,91963,3.6019859942939716,0.19126324042935075
928,0.4888898299455695,40,265,40,217019,388591,16033,91923,3.59953129052577,0.19130139808621602
929,0.4888908597171861,3,38,3,217057,388553,16036,91920,3.5991792952684425,0.19131147848058058
930,0.4888939052887309,2,38,2,217095,388515,16038,91918,3.5988273000111155,0.19132324382380062
931,0.4889125851973533,18,148,18,217243,388367,16056,91900,3.597456371114158,0.19135189384238352
932,0.4889200334804471,6,25,6,217268,388342,16062,91894,3.597224795286969,0.1913517520552395
933,0.488926008942373,123,1296,123,218564,387046,16185,91771,3.5852199044054984,0.19166195018138454
934,0.4889313437496695,0,1,0,218565,387045,16185,91771,3.585210641372411,0.19166235046447905
935,0.4889387709277583,2,4,2,218569,387041,16187,91769,3.585173589240061,0.19166057517595705
936,0.4889422564752236,3,9,3,218578,387032,16190,91766,3.5850902219422727,0.19165911302887648
937,0.4889727743390319,4,61,4,218639,386971,16194,91762,3.584525176923932,0.19167678016765086
938,0.4889802317272902,0,1,0,218640,386970,16194,91762,3.5845159138908445,0.1916771805519581
939,0.4889897245198204,32,244,32,218884,386726,16226,91730,3.5822557338174814,0.1917208687946227
940,0.4889984293891943,34,242,34,219126,386484,16260,91696,3.5800140798102933,0.19176042494458154
941,0.4890045812085738,27,184,27,219310,386300,16287,91669,3.578309681722183,0.19178858879969202
942,0.4890404284389135,0,13,0,219323,386287,16287,91669,3.578189262292045,0.191793805287516
943,0.4890591647528749,0,1,0,219324,386286,16287,91669,3.5781799992589574,0.19179420656756388
944,0.4890664291921599,4,14,4,219338,386272,16291,91665,3.5780503167957316,0.19179306059166795
945,0.4890679859488361,21,165,21,219503,386107,16312,91644,3.576521916336285,0.19182377430921127
946,0.4890731904804476,2,18,2,219521,386089,16314,91642,3.576355181740709,0.1918276184714829
947,0.4890976332543193,4,24,4,219545,386065,16318,91638,3.576132868946608,0.19183048881836623
948,0.4891153177048357,7,11,7,219556,386054,16325,91631,3.5760309755826447,0.19182306331578342
949,0.4891279364624333,7,66,7,219622,385988,16332,91624,3.575419615398866,0.19183772602028426
950,0.4891286704533099,7,102,7,219724,385886,16339,91617,3.5744747860239356,0.19186685738100076
951,0.4891585527928114,0,4,0,219728,385882,16339,91617,3.5744377338915854,0.19186846464599927
952,0.4891769295063879,7,66,7,219794,385816,16346,91610,3.573826373707807,0.19188314000494316
953,0.4891887972930622,51,483,51,220277,385333,16397,91559,3.5693523287265183,0.19199105877221678
954,0.4892040169876819,5,55,5,220332,385278,16402,91554,3.5688428619067025,0.1920047312260922
955,0.4892536976172022,57,560,57,220892,384718,16459,91497,3.5636555633776723,0.19213380510903688
956,0.4892568375641712,1,6,1,220898,384712,16460,91496,3.563599985179147,0.19213452944931628
957,0.4892677629330363,85,762,85,221660,383950,16545,91411,3.5565415539664307,0.19229806399767754
958,0.4893007745470458,0,3,0,221663,383947,16545,91411,3.556513764867168,0.19229927759709525
959,0.4893027467611285,75,772,75,222435,383175,16620,91336,3.549362703323576,0.1924844734895503
960,0.4893137768277334,800,7041,800,229476,376134,17420,90536,3.484141687354107,0.19400432854051042
961,0.4893239378204262,690,6128,690,235604,370006,18110,89846,3.427377820593575,0.19538025277698043
962,0.4893357742930749,4,20,4,235624,369986,18114,89842,3.4271925599318243,0.195381751437494
963,0.4893919297547677,18,181,18,235805,369805,18132,89824,3.4255159509429767,0.1954271814876781
964,0.4894027360213336,7,74,7,235879,369731,18139,89817,3.4248304864944976,0.19544639515349865
965,0.4894310437302381,55,247,55,236126,369484,18194,89762,3.422542517321872,0.19545515910862588
966,0.4894371796018993,12,63,12,236189,369421,18206,89750,3.421958946237356,0.19546095027778324
967,0.4894413516253942,1,0,1,236189,369421,18207,89749,3.421958946237356,0.19545919811834397
968,0.4894482985707596,0,8,0,236197,369413,18207,89749,3.4218848419726555,0.1954626036126683
969,0.4894988620679638,1,13,1,236210,369400,18208,89748,3.4217644225425174,0.19546638556630977
970,0.4895088556033668,5,28,5,236238,369372,18213,89743,3.421505057616066,0.19546954466745806
971,0.4895144715304332,963,8020,963,244258,361352,19176,88780,3.3472155322538812,0.19723103445211626
972,0.4895219643665589,1,9,1,244267,361343,19177,88779,3.347132164956093,0.19723319455614255
973,0.4895585825277367,2,5,2,244272,361338,19179,88777,3.3470858497906555,0.1972318185352632
974,0.4895898105133211,0,1,0,244273,361337,19179,88777,3.347076586757568,0.1972322567171872
975,0.4896009300065332,1,10,1,244283,361327,19180,88776,3.3469839564266923,0.19723485513315842
976,0.4896060168895492,3,16,3,244299,361311,19183,88773,3.3468357478972917,0.1972365158503746
977,0.4896115054774745,3,17,3,244316,361294,19186,88770,3.346678276334803,0.19723861495254008
978,0.4896333148377315,117,1170,117,245486,360124,19303,88653,3.3358405276223646,0.19754354612647262
979,0.4896571048939229,15,148,15,245634,359976,19318,88638,3.3344695987254065,0.197581885540799
980,0.4896942718431483,18,167,18,245801,359809,19336,88620,3.332922672199785,0.19762325808544942
981,0.489718372232044,25,158,25,245959,359651,19361,88595,3.3314591129719515,0.19764816640862384
982,0.4897249027039176,0,10,0,245969,359641,19361,88595,3.331366482641076,0.1976525758752086
983,0.4897274260640601,0,1,0,245970,359640,19361,88595,3.3313572196079884,0.1976530168326882
984,0.489749359490346,27,193,27,246163,359447,19388,88568,3.3295694542220904,0.19768980949298573
985,0.489761244147036,0,1,0,246164,359446,19388,88568,3.329560191189003,0.1976902507510926
986,0.4897821023639508,1,1,1,246165,359445,19389,88567,3.3295509281559155,0.1976889011901467
987,0.48979837836745,5,74,5,246239,359371,19394,88562,3.3288654637074364,0.19771260434038126
988,0.4898243989326231,44,336,44,246575,359035,19438,88518,3.3257530845900183,0.19778216211264366
989,0.4898632739098601,923,7855,923,254430,351180,20361,87595,3.25299195968728,0.19963534841319583
990,0.4898888628690936,0,4,0,254434,351176,20361,87595,3.2529549075549298,0.19963716836345155
991,0.4898896067139408,0,6,0,254440,351170,20361,87595,3.2528993293564046,0.19963989835105353
992,0.4899269634090907,0,4,0,254444,351166,20361,87595,3.2528622772240543,0.19964171838426842
993,0.4899397428153615,0,1,0,254445,351165,20361,87595,3.2528530141909666,0.1996421733977573
994,0.4899770618147316,2,14,2,254459,351151,20363,87593,3.252723331727741,0.1996448954287694
995,0.4900117556273177,14,137,14,254596,351014,20377,87579,3.251454296194746,0.19968170946640734
996,0.4900354368632197,67,546,67,255142,350468,20444,87512,3.2463966801289414,0.19980821042056715
997,0.4900416251497998,1,0,1,255142,350468,20445,87511,3.2463966801289414,0.1998063834110768
998,0.4900515045693264,1,3,1,255145,350465,20446,87510,3.246368891029679,0.19980592499571895
999,0.4900529440735314,8,77,8,255222,350388,20454,87502,3.245655637481937,0.19982644043024503
1000,0.4900867331615048,1,17,1,255239,350371,20455,87501,3.245498165919449,0.19983237110388424
1001,0.4901155503977318,0,2,0,255241,350369,20455,87501,3.2454796398532735,0.19983328385137142
1002,0.4901540119696925,2,16,2,255257,350353,20457,87499,3.245331431323873,0.19983693120049698
1003,0.4901633054538704,2,31,2,255288,350322,20459,87497,3.2450442772981587,0.19984742553429613
1004,0.4901645804799238,0,2,0,255290,350320,20459,87497,3.2450257512319833,0.19984833846104652
1005,0.4901656022118058,2,37,2,255327,350283,20461,87495,3.244683019007744,0.19986157367432808
1006,0.4901667920139562,1,15,1,255342,350268,20462,87494,3.2445440735114306,0.19986659417674443
1007,0.4901756063691575,7,27,7,255369,350241,20469,87487,3.2442939716180668,0.19986612690986183
1008,0.4901837127531785,0,1,0,255370,350240,20469,87487,3.244284708584979,0.1998665835098132
1009,0.49026266202308,0,1,0,255371,350239,20469,87487,3.2442754455518914,0.1998670401118508
1010,0.4903475919533921,2,2,2,255373,350237,20471,87485,3.2442569194857165,0.1998642974307894
1011,0.4903858882665628,0,10,0,255383,350227,20471,87485,3.244164289154841,0.19986886354497935
1012,0.4903869141275424,24,148,24,255531,350079,20495,87461,3.242793360257883,0.19989258124971432
1013,0.4904196396649656,1,1,1,255532,350078,20496,87460,3.242784097224795,0.1998912094492364
1014,0.4904544513197294,1,3,1,255535,350075,20497,87459,3.2427563081255326,0.19989075134732387
1015,0.490480994892606,3,15,3,255550,350060,20500,87456,3.242617362629219,0.1998921182311047
1016,0.4904985087152666,0,3,0,255553,350057,20500,87456,3.2425895735299566,0.1998934888791876
1017,0.4905059340911548,2,0,2,255553,350057,20502,87454,3.2425895735299566,0.1998898313413834
1018,0.4905426632045701,1,27,1,255580,350030,20503,87453,3.2423394716365928,0.19990033898460055
1019,0.4905773755666731,6,86,6,255666,349944,20509,87447,3.241542850791063,0.19992866794241307
1020,0.4905823952073845,0,3,0,255669,349941,20509,87447,3.2415150616918003,0.19993003923290076
1021,0.4905862567365103,72,620,72,256289,349321,20581,87375,3.2357719811775167,0.200081979225823
1022,0.4905951691916216,0,3,0,256292,349318,20581,87375,3.235744192078254,0.2000833537519493
1023,0.490599036435219,106,840,106,257132,348478,20687,87269,3.2279632442847084,0.2002744711954414
1024,0.4906410200687003,1,3,1,257135,348475,20688,87268,3.227935455185446,0.2002740147288654
1025,0.4906551888597866,1,2,1,257137,348473,20689,87267,3.227916929119271,0.20027309863680176
1026,0.4906916838079277,1,10,1,257147,348463,20690,87266,3.2278242987883954,0.2002758595365468
1027,0.4906949766244277,2,24,2,257171,348439,20692,87264,3.227601985994294,0.20028322045062807
1028,0.4907077501113785,1,37,1,257208,348402,20693,87263,3.2272592537700544,0.20029839440854785
1029,0.4907141299860184,11,67,11,257275,348335,20704,87252,3.2266386305531882,0.20030900830373727
1030,0.4907285397928878,40,207,40,257482,348128,20744,87212,3.2247211827040645,0.2003307759452382
1031,0.4907674274578399,0,3,0,257485,348125,20744,87212,3.224693393604802,0.20033215646728855
1032,0.4907825462715796,1,2,1,257487,348123,20745,87211,3.224674867538627,0.2003312399215315
1033,0.4907930956259925,12,65,12,257552,348058,20757,87199,3.2240727703879357,0.20033910999708218
1034,0.4908405502472743,0,1,0,257553,348057,20757,87199,3.2240635073548485,0.20033957027588362
1035,0.4908447001095617,1,7,1,257560,348050,20758,87198,3.2239986661232356,0.20034095504172333
1036,0.4908492705133824,146,690,146,258250,347360,20904,87052,3.217607173292823,0.20039041278786038
1037,0.4908614830004834,0,3,0,258253,347357,20904,87052,3.2175793841935603,0.20039179667087928
1038,0.490900808765919,26,174,26,258427,347183,20930,87026,3.215967616436326,0.2004242196730146
1039,0.4909176384621762,0,27,0,258454,347156,20930,87026,3.2157175145429617,0.20043668323421976
1040,0.4909220195211941,42,464,42,258918,346692,20972,86984,3.211419467190337,0.20057370018170248
1041,0.490933023301652,1,2,1,258920,346690,20973,86983,3.2114009411241615,0.20057278179642266
1042,0.4909347939310977,40,527,40,259447,346163,21013,86943,3.206519322687021,0.20074300517656185
1043,0.4909545802646816,0,1,0,259448,346162,21013,86943,3.206510059653933,0.20074346867387816
1044,0.4910172268053969,23,239,23,259687,345923,21036,86920,3.2042961947460076,0.20081184170703928
1045,0.4910254896473676,1,3,1,259690,345920,21037,86919,3.204268405646745,0.2008113871439496
1046,0.4910698375127502,2,34,2,259724,345886,21039,86917,3.2039534625217683,0.20082346933824397
1047,0.4910732945955326,0,10,0,259734,345876,21039,86917,3.203860832190893,0.20082810951193758
1048,0.4911183078058554,0,3,0,259737,345873,21039,86917,3.2038330430916298,0.20082950160585966
1049,0.4911988253385299,3,14,3,259751,345859,21042,86914,3.203703360628404,0.20083045846205747
1050,0.4912438518950058,2,4,2,259755,345855,21044,86912,3.203666308496054,0.20082862140597596
1051,0.4912836898397656,3,12,3,259767,345843,21047,86909,3.2035551520990033,0.20082865012755574
1052,0.4912874294572583,0,1,0,259768,345842,21047,86909,3.2035458890659156,0.20082911420193136
1053,0.4913025515785361,3,15,3,259783,345827,21050,86906,3.2034069435696026,0.2008305352261094
1054,0.4913032114550172,46,438,46,260221,345389,21096,86860,3.1993497350772535,0.20094899004971672
1055,0.4913258618296165,1,1,1,260222,345388,21097,86859,3.1993404720441663,0.200947606345446
1056,0.4913330679202022,1,7,1,260229,345381,21098,86858,3.1992756308125534,0.20094901200493245
1057,0.4913382302127264,1,6,1,260235,345375,21099,86857,3.1992200526140278,0.20094995280312425
1058,0.491343600427315,1,31,1,260266,345344,21100,86856,3.1989328985883136,0.20096251735307727
1059,0.4913501333088577,7,27,7,260293,345317,21107,86849,3.19868279669495,0.2009621302925265
1060,0.491376232677213,24,176,24,260469,345141,21131,86825,3.19705250287154,0.20099961571049574
1061,0.4914095431859134,12,76,12,260545,345065,21143,86813,3.196348512356886,0.2010127860182737
1062,0.4914642092548689,0,5,0,260550,345060,21143,86813,3.1963021971914483,0.2010151132393088
1063,0.4914662983553602,100,701,100,261251,344359,21243,86713,3.189808810997073,0.20115665132506866
1064,0.4914769543250155,1,8,1,261259,344351,21244,86712,3.1897347067323722,0.20115853135156578
1065,0.4914884835948472,9,101,9,261360,344250,21253,86703,3.1887991403905294,0.2011889927671927
1066,0.4914909106795975,1,4,1,261364,344246,21254,86702,3.188762088258179,0.20118900656227665
1067,0.4915132602003386,0,1,0,261365,344245,21254,86702,3.188752825225092,0.20118947341552443
1068,0.4915242906592421,8,47,8,261412,344198,21262,86694,3.1883174626699766,0.20119658754397854
1069,0.49152594736897,0,8,0,261420,344190,21262,86694,3.188243358405276,0.2012003230567856
1070,0.4915431749092421,0,3,0,261423,344187,21262,86694,3.1882155693060135,0.2012017239098498
1071,0.491555372406425,2,16,2,261439,344171,21264,86692,3.188067360776613,0.20120548759118329
1072,0.4915786643677002,1,7,1,261446,344164,21265,86691,3.188002519545,0.20120690255422358
1073,0.4916021467871226,9,72,9,261518,344092,21274,86682,3.1873355811626958,0.20122384359316023
1074,0.4916124675377394,0,3,0,261521,344089,21274,86682,3.187307792063433,0.20122524496774388
1075,0.4916228579542999,0,6,0,261527,344083,21274,86682,3.187252213864908,0.2012280477754692
1076,0.4916388422122718,2,11,2,261538,344072,21276,86680,3.187150320500945,0.2012294777505386
1077,0.4916432427694112,16,201,16,261739,343871,21292,86664,3.1852884508503463,0.20129373918496754
1078,0.4916511959310489,10,78,10,261817,343793,21302,86654,3.1845659342695174,0.2013116597397589
1079,0.4916622259976538,139,826,139,262643,342967,21441,86515,3.1769146689391974,0.20144033975812722
1080,0.4916913365880405,0,1,0,262644,342966,21441,86515,3.1769054059061097,0.2014408087901444
1081,0.4917071624593729,0,2,0,262646,342964,21441,86515,3.176886879839935,0.20144174686073127
1082,0.4917281816218885,0,3,0,262649,342961,21441,86515,3.176859090740672,0.20144315398299323
1083,0.4917383151273437,0,1,0,262650,342960,21441,86515,3.1768498277075845,0.20144362302811572
1084,0.4917619198965634,10,44,10,262694,342916,21451,86505,3.1764422542517323,0.20144566753838308
1085,0.4917719147892667,2,11,2,262705,342905,21453,86503,3.176340360887769,0.20144710857739026
1086,0.491776158955459,0,1,0,262706,342904,21453,86503,3.1763310978546815,0.2014475777059992
1087,0.4918156064636864,0,1,0,262707,342903,21453,86503,3.176321834821594,0.20144804683679315
1088,0.4918680706905797,20,116,20,262823,342787,21473,86483,3.1752473229834375,0.20146527826309782
1089,0.4918688676526031,25,290,25,263113,342497,21498,86458,3.172561043388047,0.20155494166054713
1090,0.4918725457953606,1,8,1,263121,342489,21499,86457,3.1724869391233463,0.2015568393224322
1091,0.4918881986778605,120,934,120,264055,341555,21619,86337,3.163835266219571,0.20177287726809567
1092,0.491905957205808,0,2,0,264057,341553,21619,86337,3.1638167401533956,0.20177382037439529
1093,0.4919644465085781,23,142,23,264199,341411,21642,86314,3.162501389454963,0.20179788415453856
1094,0.4920330848737488,1,1,1,264200,341410,21643,86313,3.1624921264218755,0.20179648978427628
1095,0.4920916036068443,0,2,0,264202,341408,21643,86313,3.1624736003557006,0.2017974333736244
1096,0.4921253317916397,2,1,2,264203,341407,21645,86311,3.162464337322613,0.20179417279609463
1097,0.4921349843789581,1,1,1,264204,341406,21646,86310,3.162455074289525,0.20179277838565776
1098,0.4921647532877711,8,53,8,264257,341353,21654,86302,3.161964133535885,0.20180285510516655
1099,0.4921661254717167,33,392,33,264649,340961,21687,86269,3.1583330245655636,0.20192636284905086
1100,0.4921825870797475,0,1,0,264650,340960,21687,86269,3.1583237615324764,0.20192683549103643
1101,0.4921923832168153,95,711,95,265361,340249,21782,86174,3.151737745007225,0.2020857223930229
1102,0.4922057600029054,10,88,10,265449,340161,21792,86164,3.15092259809552,0.20210871987333606
1103,0.4922066402287308,4,27,4,265476,340134,21796,86160,3.1506724962021564,0.2021140339765514
1104,0.4922085021379688,24,197,24,265673,339937,21820,86136,3.148847678683908,0.20216254022198074
1105,0.4922120897437233,0,4,0,265677,339933,21820,86136,3.148810626551558,0.20216443815438345
1106,0.4922151551531358,51,448,51,266125,339485,21871,86085,3.1446607877283337,0.20228164579270155
1107,0.4922261073917467,1,0,1,266125,339485,21872,86084,3.1446607877283337,0.20227977131792965
1108,0.4922318398033071,105,715,105,266840,338770,21977,85979,3.1380377190707325,0.20242307810024274
1109,0.4922430993458707,5,14,5,266854,338756,21982,85974,3.1379080366075067,0.20242036117062603
1110,0.4922732357459137,0,21,0,266875,338735,21982,85974,3.137713512912668,0.20243036997096836
1111,0.492332391398691,13,143,13,267018,338592,21995,85961,3.136388899181148,0.2024741316160762
1112,0.4923344516177989,3,33,3,267051,338559,21998,85958,3.1360832190892585,0.20248423502474577
1113,0.4923406672096432,65,564,65,267615,337995,22063,85893,3.130858868427878,0.20263135545238364
1114,0.4923523737575972,0,2,0,267617,337993,22063,85893,3.130840342361703,0.20263231151771938
1115,0.4923844547258018,6,46,6,267663,337947,22069,85887,3.1304142428396755,0.20264301589773354
1116,0.4923918300353033,22,152,22,267815,337795,22091,85865,3.129006261810367,0.20267431430864372
1117,0.4924013785857719,1,1,1,267816,337794,22092,85864,3.1289969987772794,0.20267291069683566
1118,0.4924044648281998,4,3,4,267819,337791,22096,85860,3.128969209678017,0.20266681773440876
1119,0.4924355743602268,112,758,112,268577,337033,22208,85748,3.1219478305976507,0.20281895354805443
1120,0.4924450227537075,2,10,2,268587,337023,22210,85746,3.121855200266775,0.2028199797052291
1121,0.4924459553041199,1,19,1,268606,337004,22211,85745,3.121679202638112,0.20282720952622005
1122,0.4924530988160565,4,18,4,268624,336986,22215,85741,3.121512468042536,0.20282830289998036
1123,0.4924803383489914,1,1,1,268625,336985,22216,85740,3.1215032050094482,0.20282689691880063
1124,0.4925010920348883,1,11,1,268636,336974,22217,85739,3.121401311645485,0.20283028910868603
1125,0.4925297753974735,119,669,119,269305,336305,22336,85620,3.1152043425099114,0.20292706049653375
1126,0.4925365093190481,4,34,4,269339,336271,22340,85616,3.1148893993849347,0.20293585723191282
1127,0.4925429611816316,3,32,3,269371,336239,22343,85613,3.114592982326133,0.20294558281103325
1128,0.4925576346071551,13,97,13,269468,336142,22356,85600,3.1136944681166403,0.20296769114766847
1129,0.4925686312579156,2,28,2,269496,336114,22358,85598,3.113435103190189,0.20297738741131388
1130,0.4925687336456839,76,646,76,270142,335468,22434,85522,3.1074511838156287,0.20314496781396232
1131,0.4926021266590763,31,275,31,270417,335193,22465,85491,3.104903849716551,0.20321904327238496
1132,0.4926570208890738,3,8,3,270425,335185,22468,85488,3.104829745451851,0.20321722573114984
1133,0.49268106706801,40,371,40,270796,334814,22508,85448,3.101393160176368,0.2033207856051701
1134,0.4926834978888632,2,12,2,270808,334802,22510,85446,3.1012820037793176,0.20332279987055263
1135,0.4926876319533143,0,1,0,270809,334801,22510,85446,3.10127274074623,0.20332328368792638
1136,0.4927236141869186,0,19,0,270828,334782,22510,85446,3.1010967431175662,0.20333247665552986
1137,0.4927479592867172,16,129,16,270957,334653,22526,85430,3.099901811849272,0.20336457319148835
1138,0.4927481067786923,3,11,3,270968,334642,22529,85427,3.0997999184853087,0.2033642092132483
1139,0.4927579308335545,380,2774,380,273742,331868,22909,85047,3.0741042647004333,0.20399122123214564
1140,0.4927736691918822,0,9,0,273751,331859,22909,85047,3.0740208974026455,0.20399562491304996
1141,0.4927777799749363,1,11,1,273762,331848,22910,85046,3.0739190040386823,0.20399909809208097
1142,0.492784717408017,130,910,130,274672,330938,23040,84916,3.0654896439290082,0.2041966651757588
1143,0.4927860841877574,0,5,0,274677,330933,23040,84916,3.0654433287635703,0.20419912035378227
1144,0.492813285602128,4,23,4,274700,330910,23044,84912,3.0652302790025567,0.20420275983473699
1145,0.492815785905721,0,6,0,274706,330904,23044,84912,3.065174700804031,0.20420570637012525
1146,0.4928742803987959,2,17,2,274723,330887,23046,84910,3.0650172292415427,0.20421022758701962
1147,0.4928819857896681,1,1,1,274724,330886,23047,84909,3.0650079662084555,0.2042088048196828
1148,0.4929018044285861,0,5,0,274729,330881,23047,84909,3.0649616510430175,0.20421126049207533
1149,0.4929231133715754,2,3,2,274732,330878,23049,84907,3.064933861943755,0.20420890604519162
1150,0.4929233094576678,8,61,8,274793,330817,23057,84899,3.064368816925414,0.2042235564664338
1151,0.4929290878456902,84,752,84,275545,330065,23141,84815,3.0574030160435735,0.20443260701889704
1152,0.4929351803754447,2,6,2,275551,330059,23143,84813,3.057347437845048,0.20443172834030737
1153,0.4930141207843785,1,5,1,275556,330054,23144,84812,3.0573011226796103,0.20443227451755508
1154,0.4930252012699511,10,87,10,275643,329967,23154,84802,3.056495238800993,0.2044559742893032
1155,0.4930346194191415,16,118,16,275761,329849,23170,84786,3.0554022008966615,0.20448346135757955
1156,0.4930741301206774,410,2586,410,278347,327263,23580,84376,3.0314479973322466,0.20497571901593387
1157,0.4930809956408698,0,2,0,278349,327261,23580,84376,3.031429471266071,0.20497671492115627
1158,0.4930933825620999,2,16,2,278365,327245,23582,84374,3.0312812627366705,0.20498081964146456
1159,0.4931014793521246,0,10,0,278375,327235,23582,84374,3.031188632405795,0.2049857996302316
1160,0.4931343059769071,3,29,3,278404,327206,23585,84371,3.030920004446256,0.20499444818345047
1161,0.4931372373627708,4,41,4,278445,327165,23589,84367,3.0305402200896663,0.2050071440374017
1162,0.4932060005255015,51,253,51,278698,326912,23640,84316,3.028196672718515,0.20503467662707792
1163,0.4932496901119266,103,777,103,279475,326135,23743,84213,3.020999296009485,0.2052233713823389
1164,0.4933516726383932,2,1,2,279476,326134,23745,84211,3.020990032976398,0.20521999780672362
1165,0.4933786144910234,27,132,27,279608,326002,23772,84184,3.0197673126088405,0.2052337232377507
1166,0.493398395867702,85,571,85,280179,325431,23857,84099,3.014478120715847,0.2053549190535492
1167,0.4934172863774153,1,0,1,280179,325431,23858,84098,3.014478120715847,0.2053529786657355
1168,0.4934330893531963,466,3054,466,283233,322377,24324,83632,2.9861888176664566,0.20598558160040786
1169,0.4934398817886342,4,26,4,283259,322351,24328,83628,2.9859479788061805,0.2059909502708268
1170,0.4934579549040328,1,45,1,283304,322306,24329,83627,2.98553114231724,0.2060118295383721
1171,0.4934661788799253,7,28,7,283332,322278,24336,83620,2.9852717773907886,0.20601234792977546
1172,0.493511972855117,3,6,3,283338,322272,24339,83617,2.9852161991922634,0.20600952477155085
1173,0.4935177516032079,432,3110,432,286448,319162,24771,83185,2.95640816628997,0.20674939790777613
1174,0.49352640721973,0,1,0,286449,319161,24771,83185,2.9563989032568823,0.2067499117674837
1175,0.4935332506828062,308,2185,308,288634,316976,25079,82877,2.9361591759605767,0.20726867123667947
1176,0.4935392970937827,2,12,2,288646,316964,25081,82875,2.936048019563526,0.20727092654793555
1177,0.4935907715555411,99,620,99,289266,316344,25180,82776,2.9303049390492424,0.2073962717979555
1178,0.4936203656021195,15,99,15,289365,316245,25195,82761,2.9293878987735744,0.20741793356490879
1179,0.4936204896202983,1,1,1,289366,316244,25196,82760,2.9293786357404867,0.20741646700283706
1180,0.4936264597275558,13,87,13,289453,316157,25209,82747,2.9285727518618696,0.20743587429556987
1181,0.4936460595832964,3,13,3,289466,316144,25212,82744,2.9284523324317315,0.20743667395359097
1182,0.4936903375740106,3,14,3,289480,316130,25215,82741,2.9283226499685058,0.2074379937373236
1183,0.4937230504597193,0,2,0,289482,316128,25215,82741,2.9283041239023304,0.2074390338682625
1184,0.4937249439640958,0,1,0,289483,316127,25215,82741,2.928294860869243,0.20743955393764354
1185,0.4937260960161139,4,10,4,289493,316117,25219,82737,2.9282022305383677,0.20743680645048063
1186,0.4937314208852875,2,4,2,289497,316113,25221,82735,2.9281651784060174,0.20743491254813864
1187,0.4937575772789986,1,4,1,289501,316109,25222,82734,2.928128126273667,0.20743500575414386
1188,0.4937738295669768,0,26,0,289527,316083,25222,82734,2.9278872874133905,0.20744852902459024
1189,0.4937989315073604,0,3,0,289530,316080,25222,82734,2.927859498314128,0.2074500895154132
1190,0.4938039367000003,0,1,0,289531,316079,25222,82734,2.9278502352810403,0.20745060968423798
1191,0.493852822401608,3,4,3,289535,316075,25225,82731,2.92781318314869,0.2074467284845263
1192,0.49386012910151,3,43,3,289578,316032,25228,82728,2.9274148727259255,0.20746313572073427
1193,0.4938663043991746,10,51,10,289629,315981,25238,82718,2.92694245803846,0.20746979550989594
1194,0.4939055025104649,14,104,14,289733,315877,25252,82704,2.9259791025973545,0.20749609238774552
1195,0.493905552249511,1,4,1,289737,315873,25253,82703,2.925942050465004,0.20749618642366827
1196,0.4939090148627537,8,111,8,289848,315762,25261,82695,2.924913853792286,0.2075380781364112
1197,0.4939345157664775,2,16,2,289864,315746,25263,82693,2.9247656452628847,0.20754243435005107
1198,0.4939762992537482,0,1,0,289865,315745,25263,82693,2.9247563822297975,0.20754295524021305
1199,0.4939900746969469,25,256,25,290121,315489,25288,82668,2.9223850457593836,0.20762663974261408
1200,0.493993823303255,164,1301,164,291422,314188,25452,82504,2.9103338397124756,0.2079799945549696
1201,0.4940235348354299,28,138,28,291560,314050,25480,82476,2.909055541146393,0.20799644916096297
1202,0.4940505723508065,20,139,20,291699,313911,25500,82456,2.907767979547223,0.20802942727320892
1203,0.4940855188409715,5,46,5,291745,313865,25505,82451,2.9073418800251956,0.20804358138455173
1204,0.494094305397057,13,46,13,291791,313819,25518,82438,2.906915780503168,0.2080417506820069
1205,0.4940988712300873,0,1,0,291792,313818,25518,82438,2.9069065174700803,0.20804227570055722
1206,0.4941050084684922,1,5,1,291797,313813,25519,82437,2.906860202304643,0.2080429022082019
1207,0.4941108961244216,0,6,0,291803,313807,25519,82437,2.906804624106117,0.20804605243233967
1208,0.4941277638486077,6,47,6,291850,313760,25525,82431,2.9063692615510024,0.20805873934541674
1209,0.4941295662921295,41,227,41,292077,313533,25566,82390,2.9042665530401273,0.208096018670297
1210,0.4941753703743804,18,204,18,292281,313329,25584,82372,2.9023768942902666,0.20816727781835276
1211,0.4941835827894006,0,1,0,292282,313328,25584,82372,2.902367631257179,0.20816780389183726
1212,0.4941857594155505,168,1268,168,293550,312060,25752,82204,2.8906221053021603,0.208499888399651
1213,0.4942004592720865,1,1,1,293551,312059,25753,82203,2.8906128422690727,0.20849840968695943
1214,0.4942067042575415,5,31,5,293582,312028,25758,82198,2.8903256882433586,0.20850476630156306
1215,0.4942092242790519,30,197,30,293779,311831,25788,82168,2.8885008707251103,0.20854875266180878
1216,0.4942093482311133,0,1,0,293780,311830,25788,82168,2.8884916076920226,0.20854928197605063
1217,0.4942151538713245,103,686,103,294466,311144,25891,82065,2.8821371669939606,0.20870580276646772
1218,0.4942326088739418,0,1,0,294467,311143,25891,82065,2.882127903960873,0.20870633354356982
1219,0.4942369136883902,10,65,10,294532,311078,25901,82055,2.881525806810182,0.20872071283764018
1220,0.4942579151369476,0,4,0,294536,311074,25901,82055,2.881488754677832,0.20872283652439785
1221,0.4942638553924408,18,187,18,294723,310887,25919,82037,2.879756567490459,0.20878592297747148
1222,0.4942735825211619,1,3,1,294726,310884,25920,82036,2.8797287783911965,0.20878550341036342
1223,0.4942886518495576,1,3,1,294729,310881,25921,82035,2.879700989291934,0.20878508383471275
1224,0.4943067770647391,0,5,0,294734,310876,25921,82035,2.879654674126496,0.20878774073517922
1225,0.4943098410989368,7,54,7,294788,310822,25928,82028,2.8791544703397682,0.2088023418607611
1226,0.4943177670268338,22,117,22,294905,310705,25950,82006,2.8780706954685242,0.20882022657883278
1227,0.4943231972183541,1,3,1,294908,310702,25951,82005,2.8780429063692616,0.20881980713356268
1228,0.4943413935500824,0,8,0,294916,310694,25951,82005,2.877968802104561,0.20882406117662639
1229,0.4943589043291481,6,27,6,294943,310667,25957,81999,2.8777187002111972,0.20882633077475513
1230,0.494369937432265,82,361,82,295304,310306,26039,81917,2.87437474526659,0.2088531269201449
1231,0.4943768334824507,0,1,0,295305,310305,26039,81917,2.8743654822335025,0.20885365940717246
1232,0.4944710909611007,59,245,59,295550,310060,26098,81858,2.872096039127052,0.20886511974443633
1233,0.4944902638533935,0,3,0,295553,310057,26098,81858,2.872068250027789,0.2088667185486649
1234,0.4945002219238207,4,39,4,295592,310018,26102,81854,2.8717069917373745,0.20887943001796505
1235,0.4945030432596643,1,1,1,295593,310017,26103,81853,2.871697728704287,0.20887794421619416
1236,0.4945032011278901,2,23,2,295616,309994,26105,81851,2.8714846789432733,0.20888616672408733
1237,0.4945149668424795,6,53,6,295669,309941,26111,81845,2.870993738189633,0.20890230891353953
1238,0.4945213860839539,0,2,0,295671,309939,26111,81845,2.8709752121234575,0.20890337532926306
1239,0.4945229286732563,12,100,12,295771,309839,26123,81833,2.8700489088147023,0.20893247411099083
1240,0.4945522662258036,0,8,0,295779,309831,26123,81833,2.8699748045500018,0.20893674169696475
1241,0.4945546911325908,0,1,0,295780,309830,26123,81833,2.8699655415169145,0.20893727515746957
1242,0.4945555756238006,0,1,0,295781,309829,26123,81833,2.869956278483827,0.20893780862069847
1243,0.4945594246930933,635,4574,635,300355,305255,26758,81198,2.8275871651413538,0.21011093198914227
1244,0.4945632997190072,16,206,16,300561,305049,26774,81182,2.8256789803253177,0.21019027473196092
1245,0.4945639965238987,10,43,10,300604,305006,26784,81172,2.8252806699025528,0.210193226957517
1246,0.4946336538080629,0,1,0,300605,305005,26784,81172,2.8252714068694655,0.21019377124997088
1247,0.494637537462432,0,3,0,300608,305002,26784,81172,2.8252436177702025,0.21019540414424587
1248,0.4946464434946473,1,6,1,300614,304996,26785,81171,2.8251880395716773,0.21019662477632733
1249,0.4946710479292135,0,1,0,300615,304995,26785,81171,2.8251787765385896,0.21019716909308434
1250,0.4946742277385218,21,171,21,300786,304824,26806,81150,2.823594797880618,0.21024732235850083
1251,0.4946811913167949,4,6,4,300792,304818,26810,81146,2.8235392196820928,0.21024240602750516
1252,0.49470109367107,0,1,0,300793,304817,26810,81146,2.823529956649005,0.21024295074916508
1253,0.494713174006586,5,23,5,300816,304794,26815,81141,2.8233169068879915,0.21024524855221735
1254,0.4947173607078241,2,10,2,300826,304784,26817,81139,2.823224276557116,0.2102466035970906
1255,0.4947259567819838,4,22,4,300848,304762,26821,81135,2.8230204898291897,0.21025040360510705
1256,0.4947285063027798,3,10,3,300858,304752,26824,81132,2.8229278594983143,0.21024971234878875
1257,0.4947301407520879,4,9,4,300867,304743,26828,81128,2.822844492200526,0.21024642950623396
1258,0.4947543348034047,3,25,3,300892,304718,26831,81125,2.822612916373337,0.21025391156506662
1259,0.4947642239690361,16,175,16,301067,304543,26847,81109,2.820991885583015,0.21031655482144523
1260,0.4947768365272007,3,14,3,301081,304529,26850,81106,2.8208622031197894,0.21031804685778002
1261,0.4947828052930321,213,1809,213,302890,302720,27063,80893,2.804105376264404,0.21087137297224026
1262,0.4947829298886034,0,1,0,302891,302719,27063,80893,2.8040961132313162,0.21087192267186636
1263,0.4948009472771447,6,16,6,302907,302703,27069,80887,2.8039479047019156,0.21086837508798456
1264,0.4948148592527935,0,7,0,302914,302696,27069,80887,2.8038830634703027,0.21087222322157134
1265,0.4948411333750213,2,22,2,302936,302674,27071,80885,2.8036792767423764,0.21088020356711745
1266,0.4948426480078828,46,327,46,303263,302347,27117,80839,2.8006502649227465,0.2109654319312292
1267,0.4948467664915397,1,5,1,303268,302342,27118,80838,2.8006039497573085,0.21096612558066705
1268,0.494847023636362,32,239,32,303507,302103,27150,80806,2.798390084849383,0.211031863967679
1269,0.4948499773593367,5,38,5,303545,302065,27155,80801,2.798038089592056,0.2110425057330763
1270,0.494852594900805,82,355,82,303900,301710,27237,80719,2.794749712845974,0.21106924422572557
1271,0.4948723569961361,4,30,4,303930,301680,27241,80715,2.7944718218533477,0.2110775507001922
1272,0.4948772808284934,36,274,36,304204,301406,27277,80679,2.791933750787358,0.21115458602143503
1273,0.494880320625937,3,59,3,304263,301347,27280,80676,2.791387231835192,0.21118100219096755
1274,0.4949066223483426,4,64,4,304327,301283,27284,80672,2.7907943977175886,0.21120812661177363
1275,0.4949069937716158,6,39,6,304366,301244,27290,80666,2.790433139427174,0.211217302505826
1276,0.4949142753297781,7,30,7,304396,301214,27297,80659,2.7901552484345475,0.21121943682847438
1277,0.494917671874796,3,15,3,304411,301199,27300,80656,2.790016302938234,0.21122153697083973
1278,0.4949240567500842,9,42,9,304453,301157,27309,80647,2.789627255548557,0.2112261788771202
1279,0.4949273097716656,92,607,92,305060,300550,27401,80555,2.7840045944644114,0.21137219401477284
1280,0.4949477669043604,3,10,3,305070,300540,27404,80552,2.783911964133536,0.2113715323333998
1281,0.4949592862659111,11,85,11,305155,300455,27415,80541,2.7831246063210937,0.21139592016714087
1282,0.4949665510649175,7,33,7,305188,300422,27422,80534,2.7828189262292047,0.21139974170245382
1283,0.4949671796143732,5,41,5,305229,300381,27427,80529,2.7824391418726147,0.21141214460108687
1284,0.4949763742477689,119,852,119,306081,299529,27546,80410,2.7745470376820185,0.21163923682485872
1285,0.4949874076120274,810,5952,810,312033,293577,28356,79600,2.719413464744896,0.21330360659954928
1286,0.4949966646107006,0,7,0,312040,293570,28356,79600,2.7193486235132833,0.21330760779269503
1287,0.4950267036332642,0,11,0,312051,293559,28356,79600,2.71924673014932,0.2133138956852173
1288,0.4950455438995487,0,14,0,312065,293545,28356,79600,2.7191170476860944,0.21332189899368878
1289,0.495048112825401,0,2,0,312067,293543,28356,79600,2.719098521619919,0.21332304237249528
1290,0.4950490644508738,6,35,6,312102,293508,28362,79594,2.7187743154618547,0.21333040294611125
1291,0.4950528570122102,21,149,21,312251,293359,28383,79573,2.7173941235318093,0.21337133847457446
1292,0.4950588878723375,40,186,40,312437,293173,28423,79533,2.715671199377524,0.2133933985500636
1293,0.4950682413409257,30,195,30,312632,292978,28453,79503,2.7138649079254513,0.21344175944544821
1294,0.4950915409112606,4,12,4,312644,292966,28457,79499,2.7137537515284005,0.21344018901104803
1295,0.4950935764577415,6,50,6,312694,292916,28463,79493,2.7132905998740227,0.21345617318593266
1296,0.4951017363606943,46,242,46,312936,292674,28509,79447,2.7110489458668345,0.21349776013715968
1297,0.4951497623723779,60,627,60,313563,292047,28569,79387,2.705241024120938,0.2137311070068976
1298,0.4951625420710866,88,875,88,314438,291172,28657,79299,2.6971358701693284,0.21404914284788823
1299,0.4952119330840885,15,49,15,314487,291123,28672,79284,2.6966819815480383,0.21404563088710526
1300,0.4952433081090651,75,447,75,314934,290676,28747,79209,2.6925414057579014,0.2141449369398597
1301,0.4952506756405899,1,0,1,314934,290676,28748,79208,2.6925414057579014,0.21414281234116642
1302,0.4952848711232274,0,4,0,314938,290672,28748,79208,2.692504353625551,0.21414512814967016
1303,0.4952995319308414,0,7,0,314945,290665,28748,79208,2.692439512393938,0.2141491809350777
1304,0.4953199232540405,8,60,8,315005,290605,28756,79200,2.691883730408685,0.2141669258122524
1305,0.4953223020503879,97,682,97,315687,289923,28853,79103,2.685566341842973,0.21435617002596022
1306,0.4953656890986729,1,24,1,315711,289899,28854,79102,2.685344029048872,0.2143679827425942
1307,0.4953715398987864,982,6490,982,322201,283409,29836,78120,2.6252269443106453,0.21608225066315564
1308,0.495371665284294,4,34,4,322235,283375,29840,78116,2.624912001185668,0.21609389998644504
1309,0.495378495173809,652,4471,652,326706,278904,30492,77464,2.5834969802512133,0.21737080770439546
1310,0.4953785247654726,0,2,0,326708,278902,30492,77464,2.5834784541850384,0.21737202763451058
1311,0.495380569592073,0,1,0,326709,278901,30492,77464,2.5834691911519507,0.21737263760470305
1312,0.4953879943410878,61,402,61,327111,278499,30553,77403,2.579745451850754,0.21748402650167742
1313,0.4954082493977211,157,1118,157,328229,277381,30710,77246,2.5693893808588686,0.21782323398951575
1314,0.4954229714914403,53,263,53,328492,277118,30763,77193,2.566953203156842,0.21786791829776664
1315,0.4954347172266183,7,33,7,328525,277085,30770,77186,2.5666475230649524,0.2178727584250475
1316,0.495442900767849,291,1755,291,330280,275330,31061,76895,2.550390899996295,0.21831215842146356
1317,0.4954516209951131,0,1,0,330281,275329,31061,76895,2.5503816369632073,0.21831277823203415
1318,0.4954742726868084,1,1,1,330282,275328,31062,76894,2.5503723739301196,0.21831117874522318
1319,0.4954802374607151,42,289,42,330571,275039,31104,76852,2.5476953573678167,0.2183971741249421
1320,0.4954859859480318,3,20,3,330591,275019,31107,76849,2.5475100967060653,0.21840292382370663
1321,0.4955006230949511,1016,6625,1016,337216,268394,32123,75833,2.486142502501019,0.2202993954570676
1322,0.4955019506856508,0,1,0,337217,268393,32123,75833,2.4861332394679314,0.22030003544183183
1323,0.4955532216590997,1,4,1,337221,268389,32124,75832,2.486096187335581,0.22030033031105017
1324,0.495564243699481,2,0,2,337221,268389,32126,75830,2.486096187335581,0.22029580005752153
1325,0.4955762810582149,1,22,1,337243,268367,32127,75829,2.485892400607655,0.2203076154284187
1326,0.4955770267784926,0,2,0,337245,268365,32127,75829,2.48587387454148,0.2203088955647106
1327,0.4955870246117475,8,38,8,337283,268327,32135,75821,2.485521879284153,0.2203150969931541
1328,0.495598590281148,3,53,3,337336,268274,32138,75818,2.4850309385305125,0.2203422340536833
1329,0.4956021112782246,1,6,1,337342,268268,32139,75817,2.4849753603319873,0.22034381039568712
1330,0.4956136319374447,1,8,1,337350,268260,32140,75816,2.4849012560672867,0.22034666759669375
1331,0.4956147206484597,3,24,3,337374,268236,32143,75813,2.4846789432731855,0.22035524009661414
1332,0.4956332022882188,5,24,5,337398,268212,32148,75808,2.4844566304790843,0.22035928143712574
1333,0.4956552749995379,3,16,3,337414,268196,32151,75805,2.484308421949683,0.2203627315036875
1334,0.4956636035666317,0,1,0,337415,268195,32151,75805,2.4842991589165955,0.22036337209302326
1335,0.4956982771912943,0,3,0,337418,268192,32151,75805,2.484271369817333,0.2203652938833769
1336,0.4957089570523663,32,207,32,337625,267985,32183,75773,2.482353921968209,0.22042541555396528
1337,0.4957114681229588,30,149,30,337774,267836,32213,75743,2.480973730038164,0.22045293804336122
1338,0.4957141550326119,7,44,7,337818,267792,32220,75736,2.480566156582311,0.22046528958338185
1339,0.4957440540317214,14,107,14,337925,267685,32234,75722,2.479575012041943,0.22050220292539174
1340,0.4957475128725549,0,11,0,337936,267674,32234,75722,2.47947311867798,0.2205092662698459
1341,0.4957816152140249,0,1,0,337937,267673,32234,75722,2.4794638556448922,0.22050990841450807
1342,0.4957865779139445,5,47,5,337984,267626,32239,75717,2.4790284930897775,0.2205287423946316
1343,0.4957913580608203,1,21,1,338005,267605,32240,75716,2.478833969394939,0.22053996114423527
1344,0.4958041414101937,2,7,2,338012,267598,32242,75714,2.478769128163326,0.2205399170433891
1345,0.495811636237841,82,605,82,338617,266993,32324,75632,2.4731649931453554,0.22074279460051077
1346,0.4958163881490006,0,1,0,338618,266992,32324,75632,2.4731557301122677,0.22074343887176615
1347,0.4958264755480269,1,7,1,338625,266985,32325,75631,2.473090888880655,0.2207456744577019
1348,0.4958305058181874,1,2,1,338627,266983,32326,75630,2.47307236281448,0.22074468861368365
1349,0.4958649127143714,0,19,0,338646,266964,32326,75630,2.4728963651858162,0.2207569309444999
1350,0.4958788608822958,7,88,7,338734,266876,32333,75623,2.472081218274112,0.22079772495686117
1351,0.4958845543759794,19,188,19,338922,266688,32352,75604,2.4703397680536514,0.2208757435172309
1352,0.4959139633918184,3,14,3,338936,266674,32355,75601,2.4702100855904257,0.2208779490176028
1353,0.4959381944009736,6,62,6,338998,266612,32361,75595,2.4696357775389974,0.22090430645778725
1354,0.4960111450496553,302,2082,302,341080,264530,32663,75293,2.4503501426507097,0.2215653443115975
1355,0.4960397997374995,238,1828,238,342908,262702,32901,75055,2.4334173181666605,0.22221597183774133
1356,0.4960631180107172,2,2,2,342910,262700,32903,75053,2.4333987921004856,0.22221268204871608
1357,0.4960689759313051,0,20,0,342930,262680,32903,75053,2.433213531438734,0.2222258411230173
1358,0.4960689960839975,290,1976,290,344906,260704,33193,74763,2.4149097780577273,0.22286245741011784
1359,0.4960731484987109,58,477,58,345383,260227,33251,74705,2.410491311274964,0.22304527486176298
1360,0.4961072453523207,7,52,7,345435,260175,33258,74698,2.4100096335544112,0.22306366891328952
1361,0.4961111179965479,10,64,10,345499,260111,33268,74688,2.4094167994368076,0.2230831035934994
1362,0.4961239013436892,2,25,2,345524,260086,33270,74686,2.4091852236096187,0.22309512145579677
1363,0.4961407365380127,1,12,1,345536,260074,33271,74685,2.409074067212568,0.22310079788743545
1364,0.496152114138685,102,696,102,346232,259378,33373,74583,2.4026269961836304,0.22332847248630827
1365,0.4961691206060591,83,788,83,347020,258590,33456,74500,2.395327726110638,0.22366327419015883
1366,0.4961884791687566,2,44,2,347064,258546,33458,74498,2.394920152654785,0.22368816132402924
1367,0.4961966058293188,0,1,0,347065,258545,33458,74498,2.3949108896216975,0.22368883297351994
1368,0.4961988427505813,27,114,27,347179,258431,33485,74471,2.3938549038497166,0.22370247099747073
1369,0.4962182885740467,1,1,1,347180,258430,33486,74470,2.393845640816629,0.22370081105437067
1370,0.4962196732669165,3,22,3,347202,258408,33489,74467,2.393641854088703,0.22370859932407058
1371,0.4962237436411659,77,652,77,347854,257756,33566,74390,2.3876023565156173,0.2239677732081675
1372,0.4962365268509575,142,901,142,348755,256855,33708,74248,2.379256363703731,0.22424441941027415
1373,0.4962544166764134,0,2,0,348757,256853,33708,74248,2.379237837637556,0.22424577394813064
1374,0.4962639908706779,0,4,0,348761,256849,33708,74248,2.3792007855052058,0.22424848307293632
1375,0.4962674813295233,1,8,1,348769,256841,33709,74247,2.379126681240505,0.22425155849804282
1376,0.4962865456228251,1,18,1,348787,256823,33710,74246,2.3789599466449296,0.22426140774279682
1377,0.4962890683267023,64,563,64,349350,256260,33774,74182,2.3737448590166363,0.2244932544894414
1378,0.4962921812424009,1,1,1,349351,256259,33775,74181,2.3737355959835487,0.2244915869749425
1379,0.4963001033156719,4,28,4,349379,256231,33779,74177,2.373476231057097,0.22450122273068449
1380,0.4963381174706286,95,812,95,350191,255419,33874,74082,2.3659546481900033,0.22483088063465664
1381,0.496346469308857,5,9,5,350200,255410,33879,74077,2.3658712808922155,0.22482525865967398
1382,0.4963491657665517,4,26,4,350226,255384,33883,74073,2.365630442031939,0.2248335898159699
1383,0.4963522928833653,8,54,8,350280,255330,33891,74065,2.365130238245211,0.22485162191290092
1384,0.4963534169241924,1,9,1,350289,255321,33892,74064,2.365046870947423,0.22485541235939704
1385,0.4963601987049856,22,227,22,350516,255094,33914,74042,2.3629441624365484,0.22495867969471586
1386,0.4963727439305309,2,21,2,350537,255073,33916,74040,2.3627496387417097,0.22496832394952493
1387,0.4964026587649081,8,151,8,350688,254922,33924,74032,2.361350920745489,0.22505274293670238
1388,0.4964060550021717,2,12,2,350700,254910,33926,74030,2.361239764348438,0.22505624125980422
1389,0.4964398894950423,0,1,0,350701,254909,33926,74030,2.3612305013153505,0.2250569254481834
1390,0.49647330818148,0,1,0,350702,254908,33926,74030,2.3612212382822633,0.22505760964072258
1391,0.4964850206421458,1,6,1,350708,254902,33927,74029,2.3611656600837376,0.22505935895370155
1392,0.496492253428782,4,10,4,350718,254892,33931,74025,2.361073029752862,0.22505677724167494
1393,0.4965037420177127,56,246,56,350964,254646,33987,73969,2.3587943236133238,0.2250931941633827
1394,0.4965424813247198,0,2,0,350966,254644,33987,73969,2.358775797547149,0.22509456412253928
1395,0.4965522449103837,0,3,0,350969,254641,33987,73969,2.3587480084478862,0.2250966190925413
1396,0.4965697189836867,0,1,0,350970,254640,33987,73969,2.3587387454147986,0.22509730409088005
1397,0.4965712462634132,0,2,0,350972,254638,33987,73969,2.3587202193486236,0.22509867410006482
1398,0.4965805373507715,6,39,6,351011,254599,33993,73963,2.358358961058209,0.2251112423226058
1399,0.4965807522679415,1,11,1,351022,254588,33994,73962,2.358257067694246,0.22511642063612844
1400,0.4966113968283767,0,1,0,351023,254587,33994,73962,2.358247804661158,0.22511710581983205
1401,0.496619134703437,0,2,0,351025,254585,33994,73962,2.358229278594983,0.22511847619975225
1402,0.4966274387245589,11,52,11,351077,254533,34005,73951,2.3577476008744305,0.22512816453769438
1403,0.4966577556930566,18,135,18,351212,254398,34023,73933,2.3564970914076104,0.2251782499977157
1404,0.4966588050674835,3,16,3,351228,254382,34026,73930,2.3563488828782098,0.22518214381442042
1405,0.4966788076879959,26,94,26,351322,254288,34052,73904,2.3554781577679798,0.2251852574102964
1406,0.4966949136063472,0,1,0,351323,254287,34052,73904,2.355468894734892,0.2251859435511638
1407,0.496707868297695,0,3,0,351326,254284,34052,73904,2.3554411056356295,0.2251880019988543
1408,0.4967189014008117,20,75,20,351401,254209,34072,73884,2.3547463781540627,0.2251922473201196
1409,0.4967288568742409,6,45,6,351446,254164,34078,73878,2.354329541665123,0.22520896714445102
1410,0.496734776803645,827,5488,827,356934,248676,34905,73051,2.3034940160806254,0.22705896614210183
1411,0.4967461917873609,0,5,0,356939,248671,34905,73051,2.3034477009151875,0.2270624949490554
1412,0.4967541947313602,3,6,3,356945,248665,34908,73048,2.3033921227166623,0.2270595219963135
1413,0.4967603591951127,1,18,1,356963,248647,34909,73047,2.3032253881210862,0.2270698241185723
1414,0.4967663154995592,114,936,114,357899,247711,35023,72933,2.2945551891511355,0.22745786604458526
1415,0.4967690168164734,13,92,13,357991,247619,35036,72920,2.2937029901070805,0.22749181846826752
1416,0.4967711303758383,2,5,2,357996,247614,35038,72918,2.293656674941643,0.2274905469656696
1417,0.4967731624426002,36,122,36,358118,247492,35074,72882,2.2925265849049614,0.22749037062932698
1418,0.4967950812474527,0,3,0,358121,247489,35074,72882,2.292498795805699,0.22749250088179018
1419,0.4968480107577964,9,76,9,358197,247413,35083,72873,2.2917948052910444,0.22752477473258276
1420,0.4968717761726832,0,2,0,358199,247411,35083,72873,2.2917762792248695,0.22752619550149242
1421,0.4969042038812173,119,624,119,358823,246787,35202,72754,2.2859961465782357,0.2276828325629575
1422,0.4969370187746144,7,57,7,358880,246730,35209,72747,2.285468153692245,0.22770653286465067
1423,0.4969559522267216,20,119,20,358999,246611,35229,72727,2.284365852754826,0.2277430183692514
1424,0.4969900843268767,1,6,1,359005,246605,35230,72726,2.284310274556301,0.22774487913794778
1425,0.4970018948674379,2,34,2,359039,246571,35232,72724,2.2839953314313237,0.2277642932084749
1426,0.4970044641106149,740,4195,740,363234,242376,35972,71984,2.245136907629034,0.2289858760656572
1427,0.4970129361052839,339,2297,339,365531,240079,36311,71645,2.223859720626922,0.22983472559058654
1428,0.4970718305159481,21,130,21,365661,239949,36332,71624,2.22265552632554,0.2298787122119054
1429,0.4970780159203148,2,46,2,365707,239903,36334,71622,2.2222294268035125,0.2299077120616323
1430,0.4970784019679632,16,100,16,365807,239803,36350,71606,2.2213031234947573,0.2299419734175955
1431,0.4971081968365648,0,9,0,365816,239794,36350,71606,2.221219756196969,0.2299486191393706
1432,0.4971217704267691,0,2,0,365818,239792,36350,71606,2.221201230130794,0.2299500960186
1433,0.49712766917833,0,2,0,365820,239790,36350,71606,2.221182704064619,0.22995157291680046
1434,0.4971381073867961,0,1,0,365821,239789,36350,71606,2.2211734410315316,0.22995231137301497
1435,0.4971412517584386,0,1,0,365822,239788,36350,71606,2.221164177998444,0.22995304983397238
1436,0.497149671115955,0,3,0,365825,239785,36350,71606,2.2211363888991813,0.22995526524530252
1437,0.4971961351175002,2,7,2,365832,239778,36352,71604,2.2210715476675684,0.22995548875657554
1438,0.4971973024682011,726,5071,726,370903,234707,37078,70878,2.174098706880581,0.2319420128605789
1439,0.4971982061039844,6,30,6,370933,234677,37084,70872,2.173820815887954,0.23194970364818737
1440,0.497198701198147,2,4,2,370937,234673,37086,70870,2.1737837637556043,0.2319477127605607
1441,0.4972290186182729,32,140,32,371077,234533,37118,70838,2.1724869391233463,0.23197356657966867
1442,0.4972695594380298,1,7,1,371084,234526,37119,70837,2.1724220978917335,0.23197636910824165
1443,0.4972751338225001,1,2,1,371086,234524,37120,70836,2.1724035718255585,0.2319753733298402
1444,0.4972762837636504,13,106,13,371192,234418,37133,70823,2.1714216903182777,0.23202322099586883
1445,0.4972842342629265,0,1,0,371193,234417,37133,70823,2.1714124272851905,0.23202398112960293
1446,0.497315949817798,0,2,0,371195,234415,37133,70823,2.171393901219015,0.23202550141201292
1447,0.4973253482397538,13,98,13,371293,234317,37146,70810,2.170486123976435,0.23206730312296192
1448,0.4973313294554979,12,131,12,371424,234186,37158,70798,2.169272666641965,0.23213676783044357
1449,0.4973363816040123,164,800,164,372224,233386,37322,70634,2.161862240171922,0.23233339911847906
1450,0.4973367006614284,8,55,8,372279,233331,37330,70626,2.1613527733521063,0.2323552344575055
1451,0.4973373706140757,12,59,12,372338,233272,37342,70614,2.1608062543999407,0.23237003349940438
1452,0.4973491829753559,3,14,3,372352,233258,37345,70611,2.160676571936715,0.23237316080284595
1453,0.4973551136431857,993,6094,993,378446,227164,38338,69618,2.1042276483011597,0.23457622092984076
1454,0.4973753960694135,0,1,0,378447,227163,38338,69618,2.104218385268072,0.23457701133158793
1455,0.4973985323368394,2,12,2,378459,227151,38340,69616,2.1041072288710216,0.23458133822156776
1456,0.4974044021594153,2,7,2,378466,227144,38342,69614,2.1040423876394088,0.23458171304564662
1457,0.4974139520029594,1,2,1,378468,227142,38343,69613,2.1040238615732334,0.23458071473100706
1458,0.4974348930019595,17,128,17,378596,227014,38360,69596,2.1028381933380267,0.23463807693604397
1459,0.4974604450287329,0,10,0,378606,227004,38360,69596,2.102745563007151,0.234645987862441
1460,0.4975394330080666,0,7,0,378613,226997,38360,69596,2.1026807217755383,0.23465152582832366
1461,0.4975557994682479,0,1,0,378614,226996,38360,69596,2.1026714587424506,0.23465231698764633
1462,0.4975655200316683,41,110,41,378724,226886,38401,69555,2.1016525251028195,0.23463353584693075
1463,0.4975890202727853,13,129,13,378853,226757,38414,69542,2.100457593834525,0.23470210834326136
1464,0.4975956224641177,7,120,7,378973,226637,38421,69535,2.0993460298640185,0.23477911483867483
1465,0.4975988828749456,11,53,11,379026,226584,38432,69524,2.098855089110378,0.23479271076769287
1466,0.4976105351565079,7,46,7,379072,226538,38439,69517,2.098428989588351,0.23481109928898347
1467,0.4976328595175848,0,4,0,379076,226534,38439,69517,2.0983919374560007,0.2348142718653205
1468,0.4976437061515278,20,137,20,379213,226397,38459,69497,2.0971229019230058,0.23487127146883682
1469,0.4976441159558239,40,167,40,379380,226230,38499,69457,2.095575975397384,0.23490041834777992
1470,0.4976515227447098,4,36,4,379416,226194,38503,69453,2.0952425062062323,0.23491866990025267
1471,0.4976614301390404,890,5384,890,384800,220810,39393,68563,2.0453703360628404,0.23693641079160807
1472,0.4976662778151324,0,5,0,384805,220805,39393,68563,2.045324020897403,0.23694050482430676
1473,0.4976778485149197,12,63,12,384868,220742,39405,68551,2.044740449812887,0.23696045186022474
1474,0.4976804690000214,0,1,0,384869,220741,39405,68551,2.0447311867797993,0.23696127096497657
1475,0.4976899621329245,1,2,1,384871,220739,39406,68550,2.044712660713624,0.2369602715623477
1476,0.4977254449050674,0,1,0,384872,220738,39406,68550,2.0447033976805367,0.23696109067780205
1477,0.4977300641698787,0,4,0,384876,220734,39406,68550,2.0446663455481864,0.23696436719625005
1478,0.4977337455068268,0,4,0,384880,220730,39406,68550,2.044629293415836,0.23696764380530974
1479,0.4977398266468611,31,156,31,385036,220574,39437,68519,2.0431842602541774,0.23701369455503937
1480,0.4977452145440361,0,1,0,385037,220573,39437,68519,2.04317499722109,0.23701451441063745
1481,0.4977930090488726,1,0,1,385037,220573,39438,68518,2.04317499722109,0.2370118751534984
1482,0.4978025898143364,0,15,0,385052,220558,39438,68518,2.0430360517247768,0.23702417357373148
1483,0.4978121038685207,0,2,0,385054,220556,39438,68518,2.043017525658602,0.2370258134595294
1484,0.4978463738713074,17,79,17,385133,220477,39455,68501,2.042285746044685,0.23704572666431353
1485,0.4978804133123161,1,14,1,385147,220463,39456,68500,2.042156063581459,0.2370545710004395
1486,0.4979113243945318,15,105,15,385252,220358,39471,68485,2.041183445107266,0.23710112414010379
1487,0.4979229073553939,24,131,24,385383,220227,39495,68461,2.039969987772796,0.23714529180291527
1488,0.4979281864842574,5,9,5,385392,220218,39500,68456,2.0398866204750083,0.2371394722074035
1489,0.4979411101931816,0,1,0,385393,220217,39500,68456,2.0398773574419207,0.2371402936887066
1490,0.4980005677209512,143,520,143,385913,219697,39643,68313,2.035060580236393,0.23718968091385717
1491,0.4980068576829287,26,182,26,386095,219515,39669,68287,2.0333747082144575,0.23727076253813387
1492,0.4980297128077179,32,167,32,386262,219348,39701,68255,2.031827781688836,0.2373236718671224
1493,0.4980576808911766,3,22,3,386284,219326,39704,68252,2.03162399496091,0.23733387115843355
1494,0.4980598422904106,0,3,0,386287,219323,39704,68252,2.0315962058616472,0.23733634703990264
1495,0.4980734982275332,150,836,150,387123,218487,39854,68102,2.023852310200452,0.23762949729403432
1496,0.4980830418647509,0,2,0,387125,218485,39854,68102,2.023833784134277,0.23763115563511256
1497,0.4980932271451306,1,0,1,387125,218485,39855,68101,2.023833784134277,0.23762849546035048
1498,0.498127841908287,0,3,0,387128,218482,39855,68101,2.0238059950350142,0.23763098299620006
1499,0.4981547312444738,9,124,9,387252,218358,39864,68092,2.0226573789321574,0.23770989701518588
1500,0.4981721869083501,1,4,1,387256,218354,39865,68091,2.0226203267998075,0.2377105552549355
1501,0.4981795366730283,0,1,0,387257,218353,39865,68091,2.02261106376672,0.2377113851223974
1502,0.4982171111953456,12,43,12,387300,218310,39877,68079,2.022212753343955,0.23771513570702785
1503,0.4982219401640246,2,6,2,387306,218304,39879,68077,2.0221571751454297,0.23771479253162744
1504,0.4982331863068628,4,5,4,387311,218299,39883,68073,2.0221108599799917,0.23770829550375036
1505,0.4982461751573647,1,4,1,387315,218295,39884,68072,2.0220738078476415,0.23770895389482727
1506,0.4982557929687214,1,3,1,387318,218292,39885,68071,2.022046018748379,0.23770878220999223
1507,0.4982610684755874,29,182,29,387500,218110,39914,68042,2.020360146726444,0.2377827168777433
1508,0.4982837235649068,1,10,1,387510,218100,39915,68041,2.0202675163955686,0.2377883630797404
1509,0.4983038029886562,7,48,7,387558,218052,39922,68034,2.019822890807366,0.2378096096977832
1510,0.4983054280366995,110,637,110,388195,217415,40032,67924,2.013922338730594,0.23804667430670184
1511,0.4983147176399658,1,2,1,388197,217413,40033,67923,2.013903812664419,0.23804567247035074
1512,0.4983206391475581,1,2,1,388199,217411,40034,67922,2.0138852865982435,0.23804467061293297
1513,0.498344118321149,4,19,4,388218,217392,40038,67918,2.0137092889695802,0.23804984052434194
1514,0.498360145575105,42,146,42,388364,217246,40080,67876,2.0123568861387975,0.23805949733798162
1515,0.4983890440092333,7,25,7,388389,217221,40087,67869,2.0121253103116086,0.23806166473745133
1516,0.4984049093276141,4,25,4,388414,217196,40091,67865,2.0118937344844197,0.23807185128796995
1517,0.4984378350096375,2,27,2,388441,217169,40093,67863,2.011643632591056,0.23808905666732155
1518,0.4984404449708874,5,22,5,388463,217147,40098,67858,2.0114398458631295,0.23809406852511358
1519,0.4984562931170597,0,1,0,388464,217146,40098,67858,2.011430582830042,0.23809490393117289
1520,0.4984625241809229,0,6,0,388470,217140,40098,67858,2.0113750046315166,0.23809991649064205
1521,0.4984680427142333,4,13,4,388483,217127,40102,67854,2.011254585201378,0.23810008386524015
1522,0.4984770352523016,3,60,3,388543,217067,40105,67851,2.0106988032161253,0.23814220231785987
1523,0.4984998115986112,1,2,1,388545,217065,40106,67850,2.01068027714995,0.23814120000701963
1524,0.4985002722665322,1,10,1,388555,217055,40107,67849,2.0105876468190744,0.23814688456462527
1525,0.4985078178522394,0,2,0,388557,217053,40107,67849,2.0105691207528995,0.2381485563456908
1526,0.4985117294783135,137,537,137,389094,216516,40244,67712,2.005594871984883,0.23823127911395078
1527,0.498524238347231,128,523,128,389617,215993,40372,67584,2.000750305680092,0.23832680365473927
1528,0.4985301984868496,99,382,99,389999,215611,40471,67485,1.9972118270406463,0.23838203294995336
1529,0.4985488625440809,1,0,1,389999,215611,40472,67484,1.9972118270406463,0.23837934262350094
1530,0.4985607046794325,0,1,0,390000,215610,40472,67484,1.9972025640075586,0.23838018467364197
1531,0.4985885951011186,8,27,8,390027,215583,40480,67476,1.9969524621141947,0.23838139751783197
1532,0.4985914762386113,3,18,3,390045,215565,40483,67473,1.9967857275186187,0.23838848493841816
1533,0.4985973717930678,3,23,3,390068,215542,40486,67470,1.996572677757605,0.23839978516812008
1534,0.4986233475651637,3,18,3,390086,215524,40489,67467,1.996405943162029,0.2384068751303045
1535,0.4986265768338112,9,33,9,390119,215491,40498,67458,1.9961002630701397,0.23841045559447108
1536,0.4986380861892845,9,63,9,390182,215428,40507,67449,1.9955166919856238,0.2384393216839828
1537,0.4986487495996912,1,2,1,390184,215426,40508,67448,1.9954981659194486,0.23843831529232096
1538,0.4986756444968633,3,27,3,390211,215399,40511,67445,1.9952480640260848,0.23845299882620807
1539,0.4986866784556184,129,617,129,390828,214782,40640,67316,1.9895327726110639,0.23862629299037924
1540,0.4986871353332107,6,61,6,390889,214721,40646,67310,1.988967727592723,0.23866170740095946
1541,0.498697812050571,0,1,0,390890,214720,40646,67310,1.9889584645596354,0.23866255362904656
1542,0.498708844989005,2,13,2,390903,214707,40648,67308,1.9888380451294971,0.23866815594915164
1543,0.4987315495742658,0,1,0,390904,214706,40648,67308,1.9888287820964097,0.23866900224811535
1544,0.4988011155487689,30,158,30,391062,214548,40678,67278,1.987365222868576,0.23872176449298504
1545,0.4988034631079291,24,120,24,391182,214428,40702,67254,1.9862536588980695,0.23875860012354358
1546,0.4988215045876095,3,3,3,391185,214425,40705,67251,1.9862258697988069,0.2387530354023772
1547,0.4988493982838984,12,35,12,391220,214390,40717,67239,1.9859016636407425,0.23875027074626548
1548,0.4988926351555514,23,148,23,391368,214242,40740,67216,1.9845307347437846,0.238813606292946
1549,0.4989098272386728,4,17,4,391385,214225,40744,67212,1.984373263181296,0.238817213088542
1550,0.4989183957154041,0,1,0,391386,214224,40744,67212,1.9843640001482086,0.23881806165522534
1551,0.4989243286213821,141,860,141,392246,213364,40885,67071,1.9763977916929119,0.23916772157540964
1552,0.4989706207023235,15,111,15,392357,213253,40900,67056,1.9753695950201935,0.23922171603480444
1553,0.4989859727480822,1,2,1,392359,213251,40901,67055,1.9753510689540184,0.2392207087968149
1554,0.4989952239419167,0,6,0,392365,213245,40901,67055,1.975295490755493,0.2392258294684267
1555,0.4990035459813261,0,13,0,392378,213232,40901,67055,1.9751750713253549,0.23923692500900862
1556,0.4990245009792874,7,15,7,392393,213217,40908,67048,1.9750361258290414,0.2392307280609423
1557,0.4990649607274159,0,1,0,392394,213216,40908,67048,1.975026862795954,0.23923158165158565
1558,0.4990658607171682,2,13,2,392407,213203,40910,67046,1.9749064433658157,0.23923724973148877
1559,0.499104629620315,0,1,0,392408,213202,40910,67046,1.9748971803327282,0.23923810339413662
1560,0.499121150183467,1,15,1,392423,213187,40911,67045,1.9747582348364148,0.23924819435325018
1561,0.4991362493521031,1,2,1,392425,213185,40912,67044,1.9747397087702396,0.23924718712196097
1562,0.499154196490957,28,163,28,392588,213022,40940,67016,1.9732298343769683,0.23931037930566565
1563,0.4991889675045192,32,141,32,392729,212881,40972,66984,1.9719237467116233,0.23934396941382452
1564,0.4991929490468823,0,1,0,392730,212880,40972,66984,1.9719144836785356,0.23934482462910556
1565,0.499227622592549,0,2,0,392732,212878,40972,66984,1.9718959576123607,0.23934653507800274
1566,0.4992527699373518,1,6,1,392738,212872,40973,66983,1.9718403794138353,0.23934894856264852
1567,0.4992773482977845,3,20,3,392758,212852,40976,66980,1.971655118752084,0.23935790045455846
1568,0.4992861246626427,0,1,0,392759,212851,40976,66980,1.9716458557189966,0.23935875582047736
1569,0.4992901310731824,7,34,7,392793,212817,40983,66973,1.9713309125940197,0.23936881232352836
1570,0.4992967844521367,144,649,144,393442,212168,41127,66829,1.9653192041201972,0.23953304157392374
1571,0.4993143732060701,0,8,0,393450,212160,41127,66829,1.9652450998554967,0.23953991017567
1572,0.4993650844258622,0,1,0,393451,212159,41127,66829,1.9652358368224092,0.23954076877858546
1573,0.4993668217061122,121,644,121,394095,211515,41248,66708,1.9592704435140242,0.2397645054506637
1574,0.4993687634573294,20,107,20,394202,211408,41268,66688,1.958279298973656,0.2398020827340199
1575,0.4993845133580426,0,2,0,394204,211406,41268,66688,1.9582607729074808,0.23980380734571763
1576,0.4994080639926403,4,20,4,394224,211386,41272,66684,1.9580755122457298,0.23981011975401878
1577,0.499454011609599,143,662,143,394886,210724,41415,66541,1.9519433843417688,0.2399906226894848
1578,0.4994845268145814,33,183,33,395069,210541,41448,66508,1.9502482492867466,0.2400586177896329
1579,0.4995324296486404,0,2,0,395071,210539,41448,66508,1.9502297232205714,0.24006035077080784
1580,0.4995463203307831,98,492,98,395563,210047,41546,66410,1.9456723109414946,0.24021818944718346
1581,0.4995799502986406,0,1,0,395564,210046,41546,66410,1.9456630479084072,0.24021905836733512
1582,0.4995839897796316,0,13,0,395577,210033,41546,66410,1.9455426284782689,0.24023035490137207
1583,0.4996283970811882,18,112,18,395689,209921,41564,66392,1.9445051687724628,0.24027823518980287
1584,0.4996334057381272,21,116,21,395805,209805,41585,66371,1.9434306569343065,0.24032138925902324
1585,0.4996569551463823,1,3,1,395808,209802,41586,66370,1.943402867835044,0.24032124907666236
1586,0.499681565838202,2,32,2,395840,209770,41588,66368,1.9431064507762421,0.24034359631778313
1587,0.4997006910791956,0,9,0,395849,209761,41588,66368,1.943023083478454,0.24035142994759695
1588,0.4997867642370341,4,9,4,395858,209752,41592,66364,1.9429397161806663,0.24034825942719726
1589,0.4997933259989987,1,3,1,395861,209749,41593,66363,1.9429119270814035,0.2403481196036391
1590,0.4998294674805347,0,4,0,395865,209745,41593,66363,1.9428748749490534,0.24035160154722066
1591,0.4998800408799247,2,7,2,395872,209738,41595,66361,1.9428100337174405,0.2403521925106574
1592,0.4999068692137051,0,2,0,395874,209736,41595,66361,1.9427915076512654,0.24035393358131382
1593,0.4999084656082962,0,1,0,395875,209735,41595,66361,1.9427822446181777,0.24035480412610108
1594,0.4999152186869049,11,82,11,395957,209653,41606,66350,1.9420226759049983,0.2403959377253146
1595,0.4999339884843964,0,3,0,395960,209650,41606,66350,1.9419948868057357,0.24039855072463767
1596,0.4999646599372845,1,30,1,395990,209620,41607,66349,1.941716995813109,0.24042193144882215
1597,0.499984692276441,0,10,0,396000,209610,41607,66349,1.9416243654822336,0.24043064368257602
1598,0.5000198947427779,7,38,7,396038,209572,41614,66342,1.9412723702249064,0.24044448632544924
1599,0.5000241994254095,0,3,0,396041,209569,41614,66342,1.9412445811256438,0.24044710069551414
1600,0.5000326788290002,5,17,5,396058,209552,41619,66337,1.9410871095631554,0.2404481512492343
1601,0.5000335273362887,10,53,10,396111,209499,41629,66327,1.940596168809515,0.24046681603619674
1602,0.5000337598443423,1,4,1,396115,209495,41630,66326,1.9405591166771647,0.24046754960644767
1603,0.5000447937726505,13,50,13,396165,209445,41643,66313,1.9400959650227871,0.2404753443236461
1604,0.5000733694347256,144,603,144,396768,208842,41787,66169,1.934510356070992,0.24060492125769514
1605,0.5000981446180612,0,2,0,396770,208840,41787,66169,1.9344918300048168,0.24060667105440187
1606,0.5001160799230014,2,2,2,396772,208838,41789,66167,1.9344733039386417,0.24060289812912491
1607,0.500117502769729,1,5,1,396777,208833,41790,66166,1.934426988773204,0.24060451128913196
1608,0.5001220284974309,8,38,8,396815,208795,41798,66158,1.9340749935158768,0.24061566885976876
1609,0.5001284644923245,1,2,1,396817,208793,41799,66157,1.9340564674497018,0.2406146572104019
1610,0.5001759526318976,4,30,4,396847,208763,41803,66153,1.9337785764570752,0.2406298651224374
1611,0.5002173984967996,3,11,3,396858,208752,41806,66150,1.933676683093112,0.24063120675731714
1612,0.5002456932373875,2,3,2,396861,208749,41808,66148,1.9336488939938494,0.24062830805719962
1613,0.5002472761774814,3,34,3,396895,208715,41811,66145,1.9333339508688725,0.24064978534526668
1614,0.5002874548757078,1,21,1,396916,208694,41812,66144,1.9331394271740339,0.2406654101688995
1615,0.5003291773035243,3,4,3,396920,208690,41815,66141,1.9331023750416836,0.2406606241653962
1616,0.500351509741173,1,6,1,396926,208684,41816,66140,1.9330467968431584,0.24066311530288476
1617,0.5003555909940994,0,18,0,396944,208666,41816,66140,1.9328800622475824,0.24067887891821868
1618,0.5003558690672227,3,7,3,396951,208659,41819,66137,1.9328152210159695,0.24067672018515554
1619,0.5003642938434908,4,8,4,396959,208651,41823,66133,1.9327411167512691,0.24067267380924653
1620,0.5003669148399845,1,3,1,396962,208648,41824,66132,1.9327133276520063,0.24067253803042435
1621,0.5003683743434728,4,8,4,396970,208640,41828,66128,1.932639223387306,0.24066849123624293
1622,0.5004808748844909,113,585,113,397555,208055,41941,66015,1.9272203490310866,0.24086912102747474
1623,0.5005194947477263,8,13,8,397568,208042,41949,66007,1.9270999296009486,0.24085838663888576
1624,0.5005303563763798,0,5,0,397573,208037,41949,66007,1.9270536144355108,0.2408627811592299
1625,0.5005651283313352,3,15,3,397588,208022,41952,66004,1.9269146689391974,0.24086765489406115
1626,0.5005771003539212,2,7,2,397595,208015,41954,66002,1.9268498277075845,0.24086826729728447
1627,0.5006103524355684,1,2,1,397597,208013,41955,66001,1.9268313016414094,0.2408672549577759
1628,0.5006222617921485,11,77,11,397674,207936,41966,65990,1.9261180480936677,0.24090447785168256
1629,0.5006259887370538,3,22,3,397696,207914,41969,65987,1.9259142613657416,0.24091551326939295
1630,0.5006411485042073,0,5,0,397701,207909,41969,65987,1.9258679462003039,0.24091991120717351
1631,0.5006417078034988,1,14,1,397715,207895,41970,65986,1.9257382637370781,0.24092945476320007
1632,0.5006534623488996,58,400,58,398115,207495,42028,65928,1.9220330505020564,0.24112090058261376
1633,0.5006592398380487,2,14,2,398129,207481,42030,65926,1.9219033680388307,0.24112769607215617
1634,0.500675374893498,7,37,7,398166,207444,42037,65919,1.9215606358145911,0.2411409005607928
1635,0.5006832152781395,1,17,1,398183,207427,42038,65918,1.9214031642521028,0.24115312151310614
1636,0.5006881582406393,5,26,5,398209,207401,42043,65913,1.9211623253918264,0.24116217976393453
1637,0.5006893451714729,1,2,1,398211,207399,42044,65912,1.9211437993256513,0.24116116804665746
1638,0.5006931035272524,0,1,0,398212,207398,42044,65912,1.9211345362925636,0.2411620504189382
1639,0.5007108831509484,13,55,13,398267,207343,42057,65899,1.9206250694727482,0.24117449001251637
1640,0.5007310275840047,9,45,9,398312,207298,42066,65890,1.9202082329838082,0.24118921768159657
1641,0.5007357604504735,0,2,0,398314,207296,42066,65890,1.920189706917633,0.24119098343253315
1642,0.5007382326726799,2,5,2,398319,207291,42068,65888,1.9201433917521953,0.24118984255744402
1643,0.5007646955559711,12,48,12,398367,207243,42080,65876,1.9196987661639928,0.2411988913257591
1644,0.500766081292648,0,2,0,398369,207241,42080,65876,1.9196802400978177,0.24120065759363205
1645,0.5007880061312526,111,749,111,399118,206492,42191,65765,1.9127422283152395,0.24155485442063931
1646,0.5008007893410443,171,923,171,400041,205569,42362,65594,1.904192448775427,0.2418987841261529
1647,0.5008053493243093,0,1,0,400042,205568,42362,65594,1.9041831857423395,0.2418996762083183
1648,0.5008195280834904,4,29,4,400071,205539,42366,65590,1.9039145577828005,0.2419143654865396
1649,0.500824043290319,0,2,0,400073,205537,42366,65590,1.9038960317166254,0.2419161499961273
1650,0.5008240881028212,2,9,2,400082,205528,42368,65588,1.9038126644188373,0.24191858835332478
1651,0.5008702241967442,0,1,0,400083,205527,42368,65588,1.9038034013857497,0.24191948066318722
1652,0.5008763108313029,23,121,23,400204,205406,42391,65565,1.9026825743821556,0.24196316210959845
1653,0.5009027666010448,56,375,56,400579,205031,42447,65509,1.8992089369743228,0.24214164264064464
1654,0.5009360149654336,20,121,20,400700,204910,42467,65489,1.8980881099707287,0.2421939430249372
1655,0.5009788820362823,8,44,8,400744,204866,42475,65481,1.8976805365148763,0.24221093631518012
1656,0.5009797073710457,6,53,6,400797,204813,42481,65475,1.8971895957612361,0.24224160895045285
1657,0.5010150089067567,29,194,29,400991,204619,42510,65446,1.8953925673422505,0.242334252865051
1658,0.5010224304012312,1,8,1,400999,204611,42511,65445,1.8953184630775501,0.24233862606274253
1659,0.5010264730640193,6,89,6,401088,204522,42517,65439,1.8944940531327579,0.24240168024270173
1660,0.5010306847677691,6,30,6,401118,204492,42523,65433,1.8942161621401312,0.24241178105029174
1661,0.5010552264990864,4,50,4,401168,204442,42527,65429,1.8937530104857534,0.24244546468497913
1662,0.5010685957560949,27,60,27,401228,204382,42554,65402,1.8931972285005,0.24242356848441715
1663,0.5010820003394485,5,52,5,401280,204330,42559,65397,1.8927155507799474,0.24245626133090126
1664,0.5010849851900743,0,7,0,401287,204323,42559,65397,1.8926507095483345,0.24246255375945425
1665,0.5010851793691838,2,12,2,401299,204311,42561,65395,1.8925395531512839,0.24246772411440606
1666,0.5010960667156592,3,7,3,401306,204304,42564,65392,1.892474711919671,0.2424655908875178
1667,0.5011014285289926,0,1,0,401307,204303,42564,65392,1.8924654488865835,0.24246648992380282
1668,0.5011308420107188,18,59,18,401366,204244,42582,65374,1.8919189299344177,0.242468974623356
1669,0.5011349674479666,1,0,1,401366,204244,42583,65373,1.8919189299344177,0.24246616496734255
1670,0.5011407790808455,9,85,9,401451,204159,42592,65364,1.8911315721219757,0.24251733618281185
1671,0.5011490811176003,1,8,1,401459,204151,42593,65363,1.8910574678572751,0.24252172428890523
1672,0.501157622857981,6,35,6,401494,204116,42599,65357,1.8907332616992107,0.2425363580024715
1673,0.5011590665264823,0,2,0,401496,204114,42599,65357,1.8907147356330356,0.24253815809493415
1674,0.5012191773183206,284,1380,284,402876,202734,42883,65073,1.8779317499722108,0.2429846867333565
1675,0.5012258737666324,1,1,1,402877,202733,42884,65072,1.8779224869391233,0.24298276731203675
1676,0.5012300023020223,5,11,5,402888,202722,42889,65067,1.8778205935751602,0.24297861375934038
1677,0.5012619609354763,5,19,5,402907,202703,42894,65062,1.8776445959464967,0.2429817190446847
1678,0.5012733048492402,13,62,13,402969,202641,42907,65049,1.8770702878950685,0.243001232769248
1679,0.5013014755918446,0,1,0,402970,202640,42907,65049,1.8770610248619808,0.24300214054369063
1680,0.5013197354464792,4,32,4,403002,202608,42911,65045,1.876764607803179,0.24301988021804352
1681,0.5013325775160228,0,2,0,403004,202606,42911,65045,1.8767460817370039,0.24302169616403452
1682,0.5013346326081938,6,10,6,403014,202596,42917,65039,1.8766534514061284,0.2430138061165393
1683,0.5013385212841828,72,437,72,403451,202159,42989,64967,1.8726055059468671,0.24320732538202947
1684,0.5013464689577167,9,35,9,403486,202124,42998,64958,1.8722812997888028,0.24321369467055062
1685,0.5013897335215319,2,7,2,403493,202117,43000,64956,1.8722164585571899,0.24321440205486888
1686,0.501389802090682,2,24,2,403517,202093,43002,64954,1.8719941457630886,0.24323059236763567
1687,0.5013955321879282,6,23,6,403540,202070,43008,64948,1.8717810960020749,0.24323453849553214
1688,0.5014022764533528,2,0,2,403540,202070,43010,64946,1.8717810960020749,0.24322887018006412
1689,0.5014068672413856,0,2,0,403542,202068,43010,64946,1.8717625699358997,0.2432306920236392
1690,0.5014083864480037,18,52,18,403594,202016,43028,64928,1.871280892215347,0.24322704387437066
1691,0.5014094456410303,2,23,2,403617,201993,43030,64926,1.8710678424543332,0.24324233194339856
1692,0.5014440750432805,0,2,0,403619,201991,43030,64926,1.871049316388158,0.24324415454991627
1693,0.5014741991035707,0,1,0,403620,201990,43030,64926,1.8710400533550706,0.2432450658634177
1694,0.5014903113691871,1,9,1,403629,201981,43031,64925,1.8709566860572826,0.2432504327366189
1695,0.5015228179727262,0,3,0,403632,201978,43031,64925,1.87092889695802,0.24325316688085186
1696,0.501539832767109,4,17,4,403649,201961,43035,64921,1.8707714253955314,0.24325731971433068
1697,0.5015418034586651,7,23,7,403672,201938,43042,64914,1.8705583756345177,0.24325843538740574
1698,0.501559100230092,12,75,12,403747,201863,43054,64902,1.8698636481529511,0.2432927857852417
1699,0.5015675720108346,2,7,2,403754,201856,43056,64900,1.8697988069213383,0.24329349667861266
1700,0.5015888978650225,1,8,1,403762,201848,43057,64899,1.869724702656638,0.2432979564906072
1701,0.5015906909179019,7,45,7,403807,201803,43064,64892,1.8693078661676978,0.24331914734059507
1702,0.5015987654887996,0,1,0,403808,201802,43064,64892,1.8692986031346104,0.24332005969388137
1703,0.5016078607195583,3,29,3,403837,201773,43067,64889,1.8690299751750714,0.24333800841514727
1704,0.5016209420616901,61,282,61,404119,201491,43128,64828,1.866417799844381,0.24342236190433278
1705,0.5016425716068121,1,3,1,404122,201488,43129,64827,1.8663900107451183,0.24342226310947562
1706,0.501656932314964,0,2,0,404124,201486,43129,64827,1.8663714846789432,0.24342409120095526
1707,0.501686121484017,334,1835,334,405959,199651,43463,64493,1.8493738189632813,0.24415848930886183
1708,0.5017062585910984,0,1,0,405960,199650,43463,64493,1.8493645559301939,0.24415941365093907
1709,0.501717698852399,4,3,4,405963,199647,43467,64489,1.849336766830931,0.244150740527607
1710,0.5017325312366223,30,195,30,406158,199452,43497,64459,1.847530475378858,0.24424521903217372
1711,0.5017495522931048,3,7,3,406165,199445,43500,64456,1.847465634147245,0.2442431063163838
1712,0.5017537679416174,0,5,0,406170,199440,43500,64456,1.8474193189818073,0.24424773395580077
1713,0.5017623363243419,1,4,1,406174,199436,43501,64455,1.8473822668494573,0.24424857232721087
1714,0.5017665517588936,0,3,0,406177,199433,43501,64455,1.8473544777501945,0.24425134905717577
1715,0.5017700698508166,5,18,5,406195,199415,43506,64450,1.8471877431546186,0.24425369033407235
1716,0.5017892988955851,29,173,29,406368,199242,43535,64421,1.8455852384304716,0.2443308314022066
1717,0.5017995854833293,3,21,3,406389,199221,43538,64418,1.845390714735633,0.24434169451408935
1718,0.5018033225638295,2,14,2,406403,199207,43540,64416,1.8452610322724072,0.24434893768753105
1719,0.5018189570928093,18,48,18,406451,199159,43558,64398,1.8448164066842048,0.24434183117883418
1720,0.5018258863797491,0,1,0,406452,199158,43558,64398,1.844807143651117,0.24434275827528115
1721,0.5018522098072769,6,27,6,406479,199131,43564,64392,1.8445570417577533,0.24435058799421683
1722,0.5018570696538022,6,60,6,406539,199071,43570,64386,1.8440012597725,0.24438902743142144
1723,0.5018674660311339,213,1042,213,407581,198029,43783,64173,1.8343491792952684,0.24474641688469195
1724,0.5018696983980899,6,17,6,407598,198012,43789,64167,1.83419170773278,0.24474500246015127
1725,0.5018759121273091,0,1,0,407599,198011,43789,64167,1.8341824446996924,0.24474593596716734
1726,0.5018792813270576,0,1,0,407600,198010,43789,64167,1.834173181666605,0.2447468694813046
1727,0.5018823152997341,2,10,2,407610,198000,43791,64165,1.8340805513357294,0.24475044342303512
1728,0.5019003435798823,4,14,4,407624,197986,43795,64161,1.8339508688725037,0.24475199029552122
1729,0.5019212803671997,1,2,1,407626,197984,43796,64160,1.8339323428063286,0.2447509765625
1730,0.5019272979579094,9,34,9,407660,197950,43805,64151,1.8336173996813516,0.24475679222894992
1731,0.5019273791240517,311,1557,311,409217,196393,44116,63840,1.8191948571640297,0.2453186183151253
1732,0.501931202641908,3,12,3,409229,196381,44119,63837,1.8190837007669791,0.24532123066044625
1733,0.501945401307937,242,1485,242,410714,194896,44361,63595,1.8053280966319611,0.24602403952168547
1734,0.5019493025255807,0,6,0,410720,194890,44361,63595,1.805272518433436,0.2460297502756446
1735,0.5019639831946069,116,643,116,411363,194247,44477,63479,1.7993163881581384,0.24630421455344048
1736,0.5019642685337508,1,1,1,411364,194246,44478,63478,1.799307125125051,0.24630224581335072
1737,0.5019747687306243,2,10,2,411374,194236,44480,63476,1.7992144947941755,0.24630595393307259
1738,0.5019751611528752,19,86,19,411460,194150,44499,63457,1.7984178739486458,0.24633259189385381
1739,0.5019789249576007,4,39,4,411499,194111,44503,63453,1.7980566156582312,0.2463581867031107
1740,0.5019919149187118,0,2,0,411501,194109,44503,63453,1.798038089592056,0.2463600997041489
1741,0.5019940058338433,0,1,0,411502,194108,44503,63453,1.7980288265589686,0.24636105621580906
1742,0.5020034590553711,8,35,8,411537,194073,44511,63445,1.7977046204009042,0.24637112745516818
1743,0.5020130476707103,124,847,124,412384,193226,44635,63321,1.7898588313757458,0.24682027074960924
1744,0.5020171772544427,19,115,19,412499,193111,44654,63302,1.7887935825706769,0.24687515843580474
1745,0.5020238364051866,2,12,2,412511,193099,44656,63300,1.7886824261736263,0.24688083806879121
1746,0.502032934531275,0,4,0,412515,193095,44656,63300,1.788645374041276,0.2468846896390335
1747,0.5020348703680513,11,83,11,412598,193012,44667,63289,1.7878765422950091,0.24693231786064043
1748,0.5020650921881309,0,1,0,412599,193011,44667,63289,1.7878672792619215,0.2469332813109637
1749,0.5020957366235873,267,1435,267,414034,191576,44934,63022,1.7745748267812813,0.24753533020683588
1750,0.502099726570972,0,3,0,414037,191573,44934,63022,1.7745470376820185,0.2475382470197765
1751,0.502105678521227,19,67,19,414104,191506,44953,63003,1.7739264144651525,0.2475472380151586
1752,0.502128984599086,92,508,92,414612,190998,45045,62911,1.7692207936566748,0.2477698703078662
1753,0.5021304066710337,53,321,53,414933,190677,45098,62858,1.7662473600355701,0.24792632180961208
1754,0.5021414431939963,9,57,9,414990,190620,45107,62849,1.7657193671495794,0.24795537126828132
1755,0.5021505959030406,1,0,1,414990,190620,45108,62848,1.7657193671495794,0.24795240424826803
1756,0.5021516153326978,0,2,0,414992,190618,45108,62848,1.7657008410834043,0.24795436074266372
1757,0.5021847977381542,1,9,1,415001,190609,45109,62847,1.7656174737856163,0.24796019821980936
1758,0.5021965269445614,15,25,15,415026,190584,45124,62832,1.7653858979584276,0.2479401458471446
1759,0.502207978540409,106,664,106,415690,189920,45230,62726,1.7592352439882915,0.24827624423105848
1760,0.5022190416343804,4,14,4,415704,189906,45234,62722,1.7591055615250657,0.24827810060642524
1761,0.5022226431727338,3,5,3,415709,189901,45237,62719,1.759059246359628,0.24827408756234662
1762,0.5022424245476916,0,1,0,415710,189900,45237,62719,1.7590499833265405,0.2482750703628785
1763,0.5022541333121302,0,2,0,415712,189898,45237,62719,1.7590314572603654,0.2482770359872851
1764,0.5022548094842554,44,185,44,415897,189713,45281,62675,1.7573177961391677,0.2483279712189169
1765,0.5022553452112748,0,2,0,415899,189711,45281,62675,1.7572992700729928,0.24832993906159612
1766,0.5022561207218873,5,25,5,415924,189686,45286,62670,1.757067694245804,0.24833964716511595
1767,0.5022582947122193,62,349,62,416273,189337,45348,62608,1.7538348956982475,0.2484986802675187
1768,0.5022637905727854,0,1,0,416274,189336,45348,62608,1.7538256326651598,0.24849966659257613
1769,0.5022749695045321,41,302,41,416576,189034,45389,62567,1.7510281966727186,0.2486754822119149
1770,0.5023021049063986,334,1577,334,418153,187457,45723,62233,1.7364203934936455,0.24924105891305218
1771,0.5023231813176122,1,2,1,418155,187455,45724,62232,1.7364018674274704,0.24924004854077306
1772,0.5023351146337963,5,25,5,418180,187430,45729,62227,1.7361702916002817,0.24924997096015733
1773,0.5023418493712223,3,9,3,418189,187421,45732,62224,1.7360869243024937,0.24924993490756875
1774,0.5023667516653627,5,9,5,418198,187412,45737,62219,1.7360035570047057,0.24924388397274377
1775,0.502382678726009,0,1,0,418199,187411,45737,62219,1.735994293971618,0.24924488242599047
1776,0.5023913052701962,85,333,85,418532,187078,45822,62134,1.7329097039534624,0.2493218625106335
1777,0.5023937126543172,5,22,5,418554,187056,45827,62129,1.7327059172255364,0.24932881192688164
1778,0.5024021804181478,2,3,2,418557,187053,45829,62127,1.7326781281262738,0.24932578858656393
1779,0.5024227847951733,33,143,33,418700,186910,45862,62094,1.7313535143947534,0.24936948804035278
1780,0.502428380766309,4,23,4,418723,186887,45866,62090,1.7311404646337396,0.24938046486221618
1781,0.5024415536297919,0,1,0,418724,186886,45866,62090,1.7311312016006521,0.24938146648672965
1782,0.502448172660401,28,109,28,418833,186777,45894,62062,1.7301215309941087,0.24940624259059072
1783,0.5024560496938527,67,379,67,419212,186398,45961,61995,1.7266108414539256,0.24958432806077466
1784,0.5024583758879723,13,37,13,419249,186361,45974,61982,1.726268109229686,0.2495822310272486
1785,0.5024615562425533,4,13,4,419262,186348,45978,61978,1.726147689799548,0.2495832091685929
1786,0.5025111152957977,992,4683,992,423945,181665,46970,60986,1.6827689058505317,0.251332160180671
1787,0.502516157441451,16,101,16,424046,181564,46986,60970,1.6818333395086886,0.251387434339103
1788,0.5025277984064982,0,3,0,424049,181561,46986,60970,1.681805550409426,0.25139054388923476
1789,0.5025298995455593,1,13,1,424062,181548,46987,60969,1.681685130979288,0.25140093271811875
1790,0.5025388301650635,24,70,24,424132,181478,47011,60945,1.681036718663159,0.2513994134219938
1791,0.5025405501838762,4,15,4,424147,181463,47015,60941,1.6808977731668457,0.2514026171185294
1792,0.5025471232230685,2,10,2,424157,181453,47017,60939,1.6808051428359703,0.2514068121060101
1793,0.5025480818331337,0,2,0,424159,181451,47017,60939,1.6807866167697951,0.25140888650521886
1794,0.5025938570978543,56,168,56,424327,181283,47073,60883,1.679230427211086,0.2514101897045828
1795,0.5025998331744688,7,21,7,424348,181262,47080,60876,1.6790359035162474,0.25141035277403795
1796,0.5026058257984201,14,114,14,424462,181148,47094,60862,1.6779799177442662,0.2514854758067848
1797,0.5026075585851439,0,2,0,424464,181146,47094,60862,1.677961391678091,0.251487554130442
1798,0.5026187194670696,0,6,0,424470,181140,47094,60862,1.6779058134795657,0.25149378930752636
1799,0.5026237171388523,6,13,6,424483,181127,47100,60856,1.6777853940494276,0.2514887409446118
1800,0.502624659717504,288,1551,288,426034,179576,47388,60568,1.663418429730631,0.25221533746418817
1801,0.5026247825185935,0,2,0,426036,179574,47388,60568,1.6633999036644558,0.2522174380158406
1802,0.5026404307025129,1,7,1,426043,179567,47389,60567,1.663335062432843,0.25222167623077113
1803,0.502651462690958,375,1931,375,427974,177636,47764,60192,1.645448145540776,0.25309046874211616
1804,0.5026832742898836,1,7,1,427981,177629,47765,60191,1.645383304309163,0.2530947775628627
1805,0.5026883626395577,1,4,1,427985,177625,47766,60190,1.6453462521768127,0.25309589386708153
1806,0.502694536743113,33,206,33,428191,177419,47799,60157,1.6434380673607767,0.25321160386571034
1807,0.5027155609226478,1,0,1,428191,177419,47800,60156,1.6434380673607767,0.25320846048616225
1808,0.5027163072777501,1,4,1,428195,177415,47801,60155,1.6434010152284264,0.2532095803342173
1809,0.5027303018473396,60,298,60,428493,177117,47861,60095,1.6406406313683353,0.2533387855589093
1810,0.5027347735869262,20,83,20,428576,177034,47881,60075,1.6398717996220682,0.25336448637546444
1811,0.5027660380622769,0,1,0,428577,177033,47881,60075,1.6398625365889807,0.25336555493699076
1812,0.5027783742471584,29,207,29,428784,176826,47910,60046,1.637945088739857,0.2534955587828025
1813,0.50278366088713,28,133,28,428917,176693,47938,60018,1.6367131053392123,0.25354968717127635
1814,0.5028081386714598,2,19,2,428936,176674,47940,60016,1.6365371077105488,0.2535637331530694
1815,0.5028675564868336,32,105,32,429041,176569,47972,59984,1.6355644892363554,0.2535753087046032
1816,0.5028723243879124,1016,4804,1016,433845,171765,48988,58968,1.5910648782837453,0.2555681241954987
1817,0.5029254959795153,258,1324,258,435169,170441,49246,58710,1.5788006224758235,0.256206606124346
1818,0.5029752554000897,1,4,1,435173,170437,49247,58709,1.5787635703434733,0.2562078325609
1819,0.5029923155030802,6,44,6,435217,170393,49253,58703,1.5783559968876208,0.2562375598002584
1820,0.5030217606655413,539,2716,539,437933,167677,49792,58164,1.5531975990218236,0.2575440243357052
1821,0.5030478562737299,264,1566,264,439499,166111,50056,57900,1.538691689206714,0.2584694501609296
1822,0.5030542476283075,0,1,0,439500,166110,50056,57900,1.5386824261736263,0.2584706039908933
1823,0.5030586067339792,11,76,11,439576,166034,50067,57889,1.537978435658972,0.25852190261831076
1824,0.5030589616325277,0,2,0,439578,166032,50067,57889,1.5379599095927972,0.258524211663935
1825,0.5030604356647862,821,3734,821,443312,162298,50888,57068,1.5033717440438696,0.2601497041474066
1826,0.5031104368817413,6,49,6,443361,162249,50894,57062,1.5029178554225795,0.2601875874899116
1827,0.5031128293804118,9,48,9,443409,162201,50903,57053,1.502473229834377,0.26021418081312087
1828,0.5031162488180072,0,9,0,443418,162192,50903,57053,1.502389862536589,0.26022486259663846
1829,0.5031196813005936,8,44,8,443462,162148,50911,57045,1.5019822890807366,0.2602500992276213
1830,0.5031228509328699,4,41,4,443503,162107,50915,57041,1.5016025047241468,0.2602852866555935
1831,0.5031528609549982,0,14,0,443517,162093,50915,57041,1.501472822260921,0.26030191572279976
1832,0.5031715858221162,0,11,0,443528,162082,50915,57041,1.5013709288969581,0.26031498290914235
1833,0.5031737719627816,1,17,1,443545,162065,50916,57040,1.5012134573344695,0.260331804386025
1834,0.5031774674313211,1,0,1,443545,162065,50917,57039,1.5012134573344695,0.260328428508836
1835,0.5031797200275547,107,444,107,443989,161621,51024,56932,1.4971006706435956,0.26049516593229105
1836,0.5031873399092036,50,231,50,444220,161390,51074,56882,1.4949609100003705,0.26060145140008795
1837,0.5032019376106406,1,5,1,444225,161385,51075,56881,1.4949145948349327,0.2606040336103653
1838,0.5032073621082953,5,11,5,444236,161374,51080,56876,1.4948127014709696,0.26060022909507446
1839,0.5032111819036821,15,98,15,444334,161276,51095,56861,1.4939049242283893,0.26066646190238246
1840,0.5032135183944364,1164,5596,1164,449930,155680,52259,55697,1.442068991070436,0.2634960284231492
1841,0.5032136411294085,7,22,7,449952,155658,52266,55690,1.44186520434251,0.2634990631565002
1842,0.5032318489343319,2,14,2,449966,155644,52268,55688,1.4417355218792842,0.2635095489561448
1843,0.5032510049495866,0,1,0,449967,155643,52268,55688,1.4417262588461965,0.2635107958605221
1844,0.5032520259018901,4,5,4,449972,155638,52272,55684,1.4416799436807588,0.26350309007107636
1845,0.5032580366429308,4,13,4,449985,155625,52276,55680,1.4415595242506207,0.2635053595513594
1846,0.5032620388128073,5,40,5,450025,155585,52281,55675,1.4411890029271184,0.26353782069487836
1847,0.5032622707738457,8,37,8,450062,155548,52289,55667,1.4408462707028789,0.2635560921336079
1848,0.503289301792099,0,1,0,450063,155547,52289,55667,1.4408370076697914,0.2635573399490564
1849,0.5032909087864038,11,35,11,450098,155512,52300,55656,1.440512801511727,0.2635626610092438
1850,0.5032999707370792,1158,5359,1158,455457,150153,53458,54498,1.3908722071955242,0.2662972572819092
1851,0.5033047516391222,10,38,10,455495,150115,53468,54488,1.390520211938197,0.2663108556570529
1852,0.5033221340373153,22,235,22,455730,149880,53490,54466,1.3883433991626217,0.26653812651091774
1853,0.5033244158887314,0,1,0,455731,149879,53490,54466,1.3883341361295343,0.2665394308644694
1854,0.50332837856117,0,1,0,455732,149878,53490,54466,1.3883248730964468,0.2665407352307873
1855,0.5033310168619465,1,4,1,455736,149874,53491,54465,1.3882878209640965,0.2665423634254841
1856,0.5033363471321882,6,15,6,455751,149859,53497,54459,1.388148875467783,0.2665403929169236
1857,0.5033440851049283,261,1392,261,457143,148467,53758,54198,1.3752547334099077,0.26742654133668864
1858,0.5033445836884534,4,7,4,457150,148460,53762,54194,1.3751898921782948,0.26742131909560135
1859,0.503364992158911,9,39,9,457189,148421,53771,54185,1.3748286338878803,0.26744025349693495
1860,0.5033777677073822,3,5,3,457194,148416,53774,54182,1.3747823187224424,0.26743600627844305
1861,0.5033854095830679,3,34,3,457228,148382,53777,54179,1.3744673755974657,0.26747004606019914
1862,0.5033872050883372,22,85,22,457313,148297,53799,54157,1.3736800177850235,0.26750274136347024
1863,0.5033930073082534,26,100,26,457413,148197,53825,54131,1.372753714476268,0.2675408247993357
1864,0.5034174601829973,6,15,6,457428,148182,53831,54125,1.3726147689799548,0.26753893834617687
1865,0.5034246234100223,7,19,7,457447,148163,53838,54118,1.3724387713512913,0.2675387208882693
1866,0.503427489180855,0,5,0,457452,148158,53838,54118,1.3723924561858536,0.26754533409796516
1867,0.5034490844210968,37,195,37,457647,147963,53875,54081,1.3705861647337805,0.2676694185424957
1868,0.5034567605420134,0,5,0,457652,147958,53875,54081,1.3705398495683427,0.26767604274422263
1869,0.5034635265079555,42,204,42,457856,147754,53917,54039,1.3686501908184816,0.26779422477489306
1870,0.503512590067811,63,295,63,458151,147459,53980,53976,1.365917596057653,0.26795740561471443
1871,0.5035159059452536,0,5,0,458156,147454,53980,53976,1.3658712808922153,0.2679640569925036
1872,0.5035236229960733,585,3022,585,461178,144432,54565,53391,1.3378783949016266,0.2698927829423272
1873,0.5035280783330058,58,262,58,461440,144170,54623,53333,1.3354514802326873,0.27003640451031125
1874,0.5035842689694057,538,2737,538,464177,141433,55161,52795,1.3100985586720515,0.27181971703358937
1875,0.5035949050457893,2,9,2,464186,141424,55163,52793,1.3100151913742637,0.271824814511603
1876,0.5035989548765744,0,3,0,464189,141421,55163,52793,1.3099874022750009,0.2718290133564007
1877,0.5036213507888514,36,119,36,464308,141302,55199,52757,1.308885101337582,0.27186061970843917
1878,0.5036511005156137,10,58,10,464366,141244,55209,52747,1.3083478454185038,0.2719043666974241
1879,0.5036545258762055,23,77,23,464443,141167,55232,52724,1.3076345918707621,0.2719259790294547
1880,0.5036840650038724,2,12,2,464455,141155,55234,52722,1.3075234354737115,0.2719352991845345
1881,0.5036873042686281,8,19,8,464474,141136,55242,52714,1.307347437845048,0.27193190611297396
1882,0.5036885625517579,21,110,21,464584,141026,55263,52693,1.3063285042054171,0.272007392150486
1883,0.5036952149443106,2,11,2,464595,141015,55265,52691,1.306226610841454,0.2720153221892972
1884,0.5037331268161962,0,3,0,464598,141012,55265,52691,1.3061988217421914,0.27201953506140847
1885,0.5037335198175286,12,58,12,464656,140954,55277,52679,1.3056615658231132,0.2720558995625746
1886,0.5037441593280876,47,145,47,464801,140809,55324,52632,1.3043184260254177,0.27208296069602617
1887,0.5037442781745218,0,2,0,464803,140807,55324,52632,1.3042998999592426,0.2720857738098315
1888,0.5037572473146597,0,3,0,464806,140804,55324,52632,1.30427211085998,0.27208999358961106
1889,0.5037623676310894,1,12,1,464818,140792,55325,52631,1.3041609544629293,0.2721031107986124
1890,0.5037685736222104,743,3665,743,468483,137127,56068,51888,1.2702119381970431,0.27451789540512656
1891,0.5037768908212058,93,333,93,468816,136794,56161,51795,1.2671273481788876,0.27464486263779964
1892,0.503781233374817,20,91,20,468907,136703,56181,51775,1.2662844121679202,0.2747004955485521
1893,0.5037816484412365,1,3,1,468910,136700,56182,51774,1.2662566230686576,0.27470101976930505
1894,0.5038005277502277,4,16,4,468926,136684,56186,51770,1.2661084145392567,0.27470894754157515
1895,0.5038480565017108,0,1,0,468927,136683,56186,51770,1.2660991515061693,0.2747104052469316
1896,0.5038511221284379,40,111,40,469038,136572,56226,51730,1.2650709548334507,0.2747182717124619
1897,0.5038564761167746,1,8,1,469046,136564,56227,51729,1.2649968505687503,0.2747260917824879
1898,0.5038606423531455,1,2,1,469048,136562,56228,51728,1.2649783245025752,0.274725158000956
1899,0.5038704626108108,98,419,98,469467,136143,56326,51630,1.26109711363889,0.2749596587368791
1900,0.5038719046141653,0,1,0,469468,136142,56326,51630,1.2610878506058023,0.2749611230641416
1901,0.5038924401079823,4,9,4,469477,136133,56330,51626,1.2610044833080143,0.2749588568324288
1902,0.5038965646427414,1,2,1,469479,136131,56331,51625,1.2609859572418394,0.274957924114276
1903,0.5039048035885656,1,3,1,469482,136128,56332,51624,1.2609581681425766,0.2749584558353573
1904,0.5039067606459776,0,1,0,469483,136127,56332,51624,1.260948905109489,0.2749599203199983
1905,0.5039109893588241,289,1441,289,470924,134686,56621,51335,1.2476008744303235,0.2759634664903425
1906,0.5039168329895454,13,59,13,470983,134627,56634,51322,1.2470543554781577,0.2760004087142173
1907,0.5039270556022465,1,1,1,470984,134626,56635,51321,1.2470450924450702,0.2759979994299451
1908,0.5039305837943073,9,45,9,471029,134581,56644,51312,1.2466282559561304,0.2760297590549402
1909,0.5039714758194782,0,5,0,471034,134576,56644,51312,1.2465819407906924,0.2760371836804958
1910,0.5039832510720709,1,7,1,471041,134569,56645,51311,1.2465170995590795,0.27604368409726704
1911,0.5039931995201343,1,8,1,471049,134561,56646,51310,1.2464429952943792,0.27605167024441685
1912,0.5040317086137629,0,2,0,471051,134559,56646,51310,1.246424469228204,0.27605464063399493
1913,0.5040349689834438,40,124,40,471175,134435,56686,51270,1.2452758531253474,0.2760830349209768
1914,0.5040484897346003,1,12,1,471187,134423,56687,51269,1.2451646967282968,0.2760969777911811
1915,0.5040598363642823,3,8,3,471195,134415,56690,51266,1.2450905924635962,0.27609717741718326
1916,0.5040817104775479,0,4,0,471199,134411,56690,51266,1.2450535403312462,0.27610312531977577
1917,0.5040841497065361,677,3550,677,474749,130861,57367,50589,1.2121697728704286,0.2788040782584734
1918,0.5040843016943992,14,85,14,474834,130776,57381,50575,1.2113824150579866,0.2788790797955346
1919,0.5040946905479371,4,13,4,474847,130763,57385,50571,1.2112619956278483,0.2788831658707137
1920,0.5041155215461133,1,2,1,474849,130761,57386,50570,1.2112434695616732,0.2788822650291456
1921,0.504160709182548,0,2,0,474851,130759,57386,50570,1.2112249434954983,0.27888534100998735
1922,0.5041645587287813,0,2,0,474853,130757,57386,50570,1.2112064174293231,0.27888841705868406
1923,0.5041682026132864,7,9,7,474862,130748,57393,50563,1.211123050131535,0.2788744201951343
1924,0.5041808129362872,15,48,15,474910,130700,57408,50548,1.2106784245433324,0.2788885946327684
1925,0.5042138084492752,0,5,0,474915,130695,57408,50548,1.2106321093778947,0.27889628840837993
1926,0.5042276495465353,0,1,0,474916,130694,57408,50548,1.2106228463448072,0.27889782721444256
1927,0.5042404267018742,1,0,1,474916,130694,57409,50547,1.2106228463448072,0.2788938485221335
1928,0.504244685672575,30,177,30,475093,130517,57439,50517,1.2089832894883101,0.27904702983969865
1929,0.5042471948415043,0,3,0,475096,130514,57439,50517,1.2089555003890473,0.27905165413658434
1930,0.5042484689966059,7,41,7,475137,130473,57446,50510,1.2085757160324577,0.2790869860705149
1931,0.5042528953180454,12,63,12,475200,130410,57458,50498,1.2079921449479418,0.27913635660114533
1932,0.5042759343163827,0,1,0,475201,130409,57458,50498,1.2079828819148541,0.27913789958376406
1933,0.5042946561453581,0,1,0,475202,130408,57458,50498,1.2079736188817667,0.27913944258344114
1934,0.5043015570758599,8,43,8,475245,130365,57466,50490,1.2075753084590017,0.2791739238616571
1935,0.504303384094938,24,111,24,475356,130254,57490,50466,1.2065471117862834,0.2792496679946879
1936,0.5043092187872353,7,22,7,475378,130232,57497,50459,1.206343325058357,0.27925574599731035
1937,0.5043109043628865,0,4,0,475382,130228,57497,50459,1.2063062729260068,0.2792619280855845
1938,0.5043123607147386,8,29,8,475411,130199,57505,50451,1.2060376449664678,0.27927484085247717
1939,0.5043127070334172,24,105,24,475516,130094,57529,50427,1.2050650264922746,0.27934146165820045
1940,0.5043224552450013,0,3,0,475519,130091,57529,50427,1.205037237393012,0.27934610398962983
1941,0.5043454683211557,1,6,1,475525,130085,57530,50426,1.2049816591944866,0.27935139686778093
1942,0.5043506172422784,3,16,3,475541,130069,57533,50423,1.2048334506650857,0.27936418234603194
1943,0.5043509165823659,0,1,0,475542,130068,57533,50423,1.2048241876319983,0.27936573014720956
1944,0.5043616493650303,108,450,108,475992,129618,57641,50315,1.2006558227425987,0.27963186297121706
1945,0.5043617715095208,19,86,19,476078,129532,57660,50296,1.199859201897069,0.2796894810596792
1946,0.5043700859462892,102,399,102,476477,129133,57762,50194,1.196163251695135,0.27990207832618624
1947,0.504370120700321,1,0,1,476477,129133,57763,50193,1.196163251695135,0.27989806274606027
1948,0.5043715229195636,1,2,1,476479,129131,57764,50192,1.19614472562896,0.27989716879597154
1949,0.5043825568824284,2,9,2,476488,129122,57766,50190,1.1960613583311719,0.27990318550905685
1950,0.5043992725318437,4,28,4,476516,129094,57770,50186,1.1958019934047204,0.27993083444890676
1951,0.5044244563004894,0,9,0,476525,129085,57770,50186,1.1957186261069324,0.279944887907135
1952,0.504444969803662,7,28,7,476553,129057,57777,50179,1.1954592611804808,0.27996049900689596
1953,0.5044510013858237,14,65,14,476618,128992,57791,50165,1.1948571640297898,0.2800058049643609
1954,0.5044651143424673,1,8,1,476626,128984,57792,50164,1.1947830597650895,0.28001428986089716
1955,0.5044786847399443,1,4,1,476630,128980,57793,50163,1.1947460076327392,0.2800165231128205
1956,0.5044791768744585,2,18,2,476648,128962,57795,50161,1.1945792730371634,0.2800366228792506
1957,0.5044960366548832,6,42,6,476690,128920,57801,50155,1.1941902256474861,0.28007817953371494
1958,0.5045171459084824,1,1,1,476691,128919,57802,50154,1.1941809626143984,0.28007572330837144
1959,0.5045239607637184,8,8,8,476699,128911,57810,50146,1.194106858349698,0.2800560715302948
1960,0.5045371874383663,3,10,3,476709,128901,57813,50143,1.1940142280188224,0.28005965014186457
1961,0.5045801489901092,62,362,62,477071,128539,57875,50081,1.190661010041128,0.2803773373642369
1962,0.5045840374823278,7,23,7,477094,128516,57882,50074,1.1904479602801141,0.28038523993504677
1963,0.5045859769419058,108,428,108,477522,128088,57990,49966,1.186483382118641,0.2806227324294877
1964,0.5045968215685498,6,20,6,477542,128068,57996,49960,1.18629812145689,0.2806300132563417
1965,0.5045973036959757,1,1,1,477543,128067,57997,49959,1.1862888584238023,0.28062754878500895
1966,0.504603555470849,4,42,4,477585,128025,58001,49955,1.185899811034125,0.28067760422519383
1967,0.504625545281806,10,40,10,477625,127985,58011,49945,1.1855292897106229,0.280700275389198
1968,0.5046444820554669,1,2,1,477627,127983,58012,49944,1.1855107636444477,0.28069938795123844
1969,0.5046603939543869,15,64,15,477691,127919,58027,49929,1.1849179295268442,0.2807397328055418
1970,0.5047464806101419,45,133,45,477824,127786,58072,49884,1.1836859461261995,0.2807677154274779
1971,0.5047564633643128,1,0,1,477824,127786,58073,49883,1.1836859461261995,0.28076366726891017
1972,0.5047794000846716,0,14,0,477838,127772,58073,49883,1.1835562636629737,0.2807857926880752
1973,0.5048009808997154,0,4,0,477842,127768,58073,49883,1.1835192115306237,0.28079211487692163
1974,0.5048033515935895,2,1,2,477843,127767,58075,49881,1.183509948497536,0.28078559848689544
1975,0.504807125970018,62,263,62,478106,127504,58137,49819,1.1810737707955092,0.2809505817068288
1976,0.5048140396308558,3,31,3,478137,127473,58140,49816,1.1807866167697951,0.2809875401181122
1977,0.5048199087119396,74,311,74,478448,127162,58214,49742,1.1779058134795657,0.2811807534029756
1978,0.504822604015535,26,157,26,478605,127005,58240,49716,1.1764515172848198,0.28132480010864586
1979,0.5048416446556621,0,2,0,478607,127003,58240,49716,1.1764329912186446,0.2813279839745585
1980,0.504874437417973,5,17,5,478624,126986,58245,49711,1.1762755196561563,0.28133471422831174
1981,0.5048766180422701,2,4,2,478628,126982,58247,49709,1.176238467523806,0.28133294848068097
1982,0.504915604827852,3,10,3,478638,126972,58250,49706,1.1761458371929305,0.2813366689684058
1983,0.5049283889301698,3,7,3,478645,126965,58253,49703,1.1760809959613177,0.28133561256141465
1984,0.5049352273193144,112,455,112,479100,126510,58365,49591,1.1718663159064804,0.2816054423313894
1985,0.5049498535769763,0,1,0,479101,126509,58365,49591,1.171857052873393,0.28160704145371945
1986,0.5049649875012645,36,109,36,479210,126400,58401,49555,1.1708473822668495,0.2816345088232787
1987,0.504974612140446,10,28,10,479238,126372,58411,49545,1.170588017340398,0.28163849997441975
1988,0.5050035161219772,0,1,0,479239,126371,58411,49545,1.1705787543073103,0.28164010095727504
1989,0.505013125834314,16,47,16,479286,126324,58427,49529,1.1701433917521953,0.2816500145007478
1990,0.5050288518735453,1,1,1,479287,126323,58428,49528,1.1701341287191078,0.28164753114852914
1991,0.5050434097843848,47,183,47,479470,126140,58475,49481,1.1684389936640853,0.28174876580818925
1992,0.505053606052355,8,32,8,479502,126108,58483,49473,1.1681425766052835,0.2817673894100159
1993,0.505067530063853,15,75,15,479577,126033,58498,49458,1.167447849123717,0.28182641844880935
1994,0.5050801076861613,1,4,1,479581,126029,58499,49457,1.167410796991367,0.28182874987178463
1995,0.505082605920676,10,20,10,479601,126009,58509,49447,1.1672255363296158,0.2818199434616086
1996,0.5050850463702992,6,24,6,479625,125985,58515,49441,1.1670032235355146,0.2818339356765816
1997,0.5051097966887549,106,372,106,479997,125613,58621,49335,1.1635573752269444,0.28199807942931615
1998,0.5051759756997125,0,10,0,480007,125603,58621,49335,1.1634647448960687,0.2820141993163292
1999,0.5052190688431467,1,0,1,480007,125603,58622,49334,1.1634647448960687,0.282010095062794
2000,0.5052210482267228,140,546,140,480553,125057,58762,49194,1.1584071288302642,0.2823168877079615
2001,0.5052414173815414,15,75,15,480628,124982,58777,49179,1.1577124013486977,0.2823766514891394
2002,0.5052580278407989,0,4,0,480632,124978,58777,49179,1.1576753492163474,0.2823831370544968
2003,0.5052746079950601,3,25,3,480657,124953,58780,49176,1.1574437733891585,0.28241131574866907
2004,0.5052769090605568,15,72,15,480729,124881,58795,49161,1.1567768350068546,0.2824663012376323
2005,0.5053081077586878,1,1,1,480730,124880,58796,49160,1.1567675719737671,0.2824638014249598
2006,0.5053411620133064,0,4,0,480734,124876,58796,49160,1.1567305198414168,0.28247029350249375
2007,0.5053536067000601,4,22,4,480756,124854,58800,49156,1.1565267331134907,0.2824895120970059
2008,0.505366696462319,3,14,3,480770,124840,58803,49153,1.156397050650265,0.2824998706844528
2009,0.5053853259384314,23,67,23,480837,124773,58826,49130,1.1557764274333988,0.28251381517282625
2010,0.5053865248744752,8,54,8,480891,124719,58834,49122,1.155276223646671,0.2825685540235042
2011,0.5053964882046134,27,98,27,480989,124621,58861,49095,1.1543684464040906,0.2826164544428838
2012,0.5054061062783546,1,7,1,480996,124614,58862,49094,1.1543036051724778,0.28262371335804914
2013,0.5054170432276404,0,1,0,480997,124613,58862,49094,1.15429434213939,0.2826253403720057
2014,0.5054399860919564,7,25,7,481022,124588,58869,49087,1.1540627663122012,0.2826371095436879
2015,0.5054871557707876,0,3,0,481025,124585,58869,49087,1.1540349772129386,0.2826419918006357
2016,0.5055402040033803,18,119,18,481144,124466,58887,49069,1.1529326762755197,0.28276140259889937
2017,0.505545535468823,3,15,3,481159,124451,58890,49066,1.1527937307792064,0.28277344582951525
2018,0.5055583176372186,0,1,0,481160,124450,58890,49066,1.1527844677461188,0.2827750754973605
2019,0.5055690761361926,0,1,0,481161,124449,58890,49066,1.1527752047130313,0.28277670518398984
2020,0.5055983013932441,0,1,0,481162,124448,58890,49066,1.1527659416799436,0.28277833488940374
2021,0.5056026752881695,2,13,2,481175,124435,58892,49064,1.1526455222498055,0.2827912552810103
2022,0.5056039034647917,3,8,3,481183,124427,58895,49061,1.152571417985105,0.2827918933874389
2023,0.5056089161243802,2,11,2,481194,124416,58897,49059,1.152469524621142,0.28280155642023347
2024,0.5056093352564648,3,9,3,481203,124407,58900,49056,1.152386157323354,0.28280382559969564
2025,0.5056581715735811,7,26,7,481229,124381,58907,49049,1.1521453184630774,0.28281727498126047
2026,0.5056631446085313,8,33,8,481262,124348,58915,49041,1.1518396383711882,0.2828380116385699
2027,0.5056709539593374,6,14,6,481276,124334,58921,49035,1.1517099559079624,0.28283603181653005
2028,0.5056835109752674,0,4,0,481280,124330,58921,49035,1.1516729037756124,0.2828425576096675
2029,0.5056889098818393,30,140,30,481420,124190,58951,49005,1.1503760791433546,0.28294696729120355
2030,0.5056910458910432,29,147,29,481567,124043,58980,48976,1.1490144132794842,0.2830671775932123
2031,0.5056986126366055,0,1,0,481568,124042,58980,48976,1.1490051502463967,0.28306881364944686
2032,0.5057122122715836,6,20,6,481588,124022,58986,48970,1.1488198895846455,0.28307667406585274
2033,0.5057227748375861,0,1,0,481589,124021,58986,48970,1.148810626551558,0.2830783104323346
2034,0.5057231990855977,0,3,0,481592,124018,58986,48970,1.1487828374522955,0.2830832196452933
2035,0.5057325734261472,1,2,1,481594,124016,58987,48969,1.1487643113861203,0.28308234818047806
2036,0.5057338075460197,4,28,4,481622,123988,58991,48965,1.1485049464596688,0.2831115967921921
2037,0.5057647124327174,11,65,11,481687,123923,59002,48954,1.1479028493089778,0.28317242895237654
2038,0.5058121727919749,9,29,9,481716,123894,59011,48945,1.1476342213494386,0.2831826150348012
2039,0.5058371614696119,0,1,0,481717,123893,59011,48945,1.1476249583163511,0.2831842534627802
2040,0.5058612363518303,10,52,10,481769,123841,59021,48935,1.1471432805957984,0.28322799462888365
2041,0.5058700827511367,1,0,1,481769,123841,59022,48934,1.1471432805957984,0.28322384604254086
2042,0.5058722692800928,116,420,116,482189,123421,59138,48818,1.1432528066990255,0.28343174310115593
2043,0.5059490707304704,1,0,1,482189,123421,59139,48817,1.1432528066990255,0.28342758276338553
2044,0.5059522094959328,70,234,70,482423,123187,59209,48747,1.141085256956538,0.28352158386357557
2045,0.5059958734468049,3,5,3,482428,123182,59212,48744,1.1410389417911,0.283517327222177
2046,0.5060212193423199,2,1,2,482429,123181,59214,48742,1.1410296787580125,0.28351064139178583
2047,0.5061057204242682,7,102,7,482531,123079,59221,48735,1.140084849383082,0.2836497607878287
2048,0.5061375389071282,0,1,0,482532,123078,59221,48735,1.1400755863499945,0.283651411709242
2049,0.5061455596897374,9,51,9,482583,123027,59230,48726,1.1396031716625292,0.283698101343208
2050,0.5061683904295406,7,25,7,482608,123002,59237,48719,1.1393715958353403,0.2837102043430914
2051,0.5062016103412786,14,73,14,482681,122929,59251,48705,1.138695394419949,0.2837724460188541
2052,0.5062060233518262,94,210,94,482891,122719,59345,48611,1.1367501574715624,0.28372730986984185
2053,0.5062068503891795,1,0,1,482891,122719,59346,48610,1.1367501574715624,0.2837231291842012
2054,0.506256759878904,161,573,161,483464,122146,59507,48449,1.1314424395123939,0.28400011723673024
2055,0.5062726116361626,1,4,1,483468,122142,59508,48448,1.1314053873800438,0.28400257928366257
2056,0.5062744788187603,0,1,0,483469,122141,59508,48448,1.1313961243469561,0.2840042441189057
2057,0.5062887477595812,1,4,1,483473,122137,59509,48447,1.1313590722146059,0.28400670637339964
2058,0.5062952077213277,0,5,0,483478,122132,59509,48447,1.1313127570491681,0.2840150311585834
2059,0.5063134670535139,0,2,0,483480,122130,59509,48447,1.131294230982993,0.28401836120930724
2060,0.5063176473533295,0,3,0,483483,122127,59509,48447,1.1312664418837304,0.2840233564318126
2061,0.506326251084751,0,5,0,483488,122122,59509,48447,1.1312201267182926,0.2840316821931301
2062,0.5063304311706057,1,2,1,483490,122120,59510,48446,1.1312016006521175,0.28403081505106526
2063,0.5063411519318605,1,11,1,483501,122109,59511,48445,1.1310997072881543,0.28404493591472496
2064,0.5063535362129606,71,274,71,483775,121835,59582,48374,1.1285616362221647,0.2842035380032783
2065,0.5063857606183342,11,12,11,483787,121823,59593,48363,1.128450479825114,0.2841773118822935
2066,0.5063894205653895,0,2,0,483789,121821,59593,48363,1.128431953758939,0.2841806515301086
2067,0.5064295825512356,12,52,12,483841,121769,59605,48351,1.127950276038386,0.28421702327768633
2068,0.5064473881340408,23,94,23,483935,121675,59628,48328,1.127079550928156,0.2842773362823009
2069,0.5064744566966344,0,1,0,483936,121674,59628,48328,1.1270702878950685,0.2842790084822531
2070,0.5065238181363952,2,16,2,483952,121658,59630,48326,1.1269220793656676,0.2842973456325301
2071,0.5065714010206186,72,261,72,484213,121397,59702,48254,1.124504427729816,0.28443097889196056
2072,0.5065890753334179,4,15,4,484228,121382,59706,48250,1.1243654822335025,0.28443925674401055
2073,0.5065918495156542,6,12,6,484240,121370,59712,48244,1.124254325836452,0.28443406794250475
2074,0.5066096494899571,4,6,4,484246,121364,59716,48240,1.1241987476379265,0.2844272540741964
2075,0.506661149515504,0,1,0,484247,121363,59716,48240,1.124189484604839,0.2844289310920208
2076,0.506668899502672,2,5,2,484252,121358,59718,48238,1.1241431694394013,0.2844288780395764
2077,0.5066775488114014,0,5,0,484257,121353,59718,48238,1.1240968542739636,0.2844372637698934
2078,0.5066815092846844,0,4,0,484261,121349,59718,48238,1.1240598021416133,0.28444397271017235
2079,0.5067147153675721,1,1,1,484262,121348,59719,48237,1.1240505391085256,0.2844414305510511
2080,0.5067343721011774,37,132,37,484394,121216,59756,48200,1.1228278187409686,0.2845067762194834
2081,0.506742801632179,0,6,0,484400,121210,59756,48200,1.1227722405424432,0.28451685260610354
2082,0.5067432622127261,4,16,4,484416,121194,59760,48196,1.1226240320130423,0.28452683157211167
2083,0.5067673213129672,86,369,86,484785,120825,59846,48110,1.119205972803735,0.2847840885547696
2084,0.5067723711850218,2,4,2,484789,120821,59848,48108,1.1191689206713846,0.2847823641885052
2085,0.5067789432453046,6,20,6,484809,120801,59854,48102,1.1189836600096335,0.2847906786735582
2086,0.5067963377315827,1,15,1,484824,120786,59855,48101,1.1188447145133202,0.2848117380260174
2087,0.5068015234905376,0,11,0,484835,120775,59855,48101,1.118742821149357,0.2848302896800019
2088,0.5068057431758277,2,15,2,484850,120760,59857,48099,1.1186038756530439,0.28484712097075077
2089,0.506821677548307,73,289,73,485139,120471,59930,48026,1.1159268590907407,0.2850258461574984
2090,0.5068311046067208,23,72,23,485211,120399,59953,48003,1.1152599207084368,0.2850500587879004
2091,0.5068368793849116,0,6,0,485217,120393,59953,48003,1.1152043425099114,0.285060215207012
2092,0.5068607117274191,6,8,6,485225,120385,59959,47997,1.115130238245211,0.285048283070637
2093,0.5068607400625675,3,6,3,485231,120379,59962,47994,1.1150746600466857,0.28504570210188096
2094,0.5068608905249172,0,1,0,485232,120378,59962,47994,1.1150653970135982,0.28504739505380944
2095,0.5069063266258299,0,1,0,485233,120377,59962,47994,1.1150561339805105,0.28504908802584766
2096,0.5069068099017792,1,6,1,485239,120371,59963,47993,1.1150005557819853,0.28505499988120975
2097,0.5070210032483806,0,5,0,485244,120366,59963,47993,1.1149542406165476,0.28506346557059614
2098,0.5070346357183506,0,2,0,485246,120364,59963,47993,1.1149357145503724,0.2850668519871464
2099,0.5070498482429567,3,4,3,485250,120360,59966,47990,1.1148986624180222,0.28506088506088506
2100,0.5070598488876052,0,3,0,485253,120357,59966,47990,1.1148708733187596,0.2850659649414602
2101,0.5070700708162819,1,6,1,485259,120351,59967,47989,1.1148152951202341,0.2850718783414518
2102,0.5070895289941649,24,103,24,485362,120248,59991,47965,1.1138612027122161,0.285144429978658
2103,0.5070958180063542,77,277,77,485639,119971,60068,47888,1.1112953425469636,0.285287056398525
2104,0.5071093878839988,3,7,3,485646,119964,60071,47885,1.1112305013153507,0.28528617984021354
2105,0.507128013820204,0,2,0,485648,119962,60071,47885,1.1112119752491756,0.28528957920010484
2106,0.5071374660117687,24,101,24,485749,119861,60095,47861,1.1102764089073327,0.285359106139922
2107,0.5071774912858782,7,19,7,485768,119842,60102,47854,1.110100411278669,0.28536160671691635
2108,0.5071874581532597,4,17,4,485785,119825,60106,47850,1.1099429397161806,0.28537349038318177
2109,0.5072140925692761,1,4,1,485789,119821,60107,47849,1.1099058875838304,0.28537603626170455
2110,0.5072663493909026,3,6,3,485795,119815,60110,47846,1.1098503093853052,0.2853734619261486
2111,0.507280594988371,1,1,1,485796,119814,60111,47845,1.1098410463522175,0.2853709016515666
2112,0.5073084431346617,6,12,6,485808,119802,60117,47839,1.1097298899551669,0.28536575181489016
2113,0.50734318590324,0,1,0,485809,119801,60117,47839,1.1097206269220794,0.2853674540682415
2114,0.5073712208123634,4,10,4,485819,119791,60121,47835,1.109627996591204,0.28536742510111796
2115,0.5073808016595436,0,1,0,485820,119790,60121,47835,1.1096187335581162,0.2853691275167785
2116,0.5073917378312212,2,9,2,485829,119781,60123,47833,1.1095353662603282,0.2853759232522343
2117,0.5073918238590746,1,15,1,485844,119766,60124,47832,1.109396420764015,0.28539720044391936
2118,0.5073967356185293,84,263,84,486107,119503,60208,47748,1.1069602430619883,0.28548708228949304
2119,0.5074252651147211,5,4,5,486111,119499,60213,47743,1.106923190929638,0.2854725487616747
2120,0.5074273585461968,18,70,18,486181,119429,60231,47725,1.1062747786135092,0.28551515369060865
2121,0.5074622541997749,2,5,2,486186,119424,60233,47723,1.1062284634480715,0.2855151453510981
2122,0.5074638388722643,0,2,0,486188,119422,60233,47723,1.1062099373818963,0.28551856172784107
2123,0.5074657356422889,0,1,0,486189,119421,60233,47723,1.1062006743488089,0.2855202699468722
2124,0.5074803314671416,1,6,1,486195,119415,60234,47722,1.1061450961502834,0.2855262449367884
2125,0.5075076769603797,3,13,3,486208,119402,60237,47719,1.1060246767201452,0.28553562987296627
2126,0.5075111281308555,4,14,4,486222,119388,60241,47715,1.1058949942569194,0.28554244986625016
2127,0.5076002030487213,1,1,1,486223,119387,60242,47714,1.105885731223832,0.2855398830647333
2128,0.5076155592146453,16,59,16,486282,119328,60258,47698,1.1053392122716663,0.2855723061080311
2129,0.5076328559058327,1,21,1,486303,119307,60259,47697,1.1051446885768277,0.2856039376302364
2130,0.5076460305640056,1,16,1,486319,119291,60260,47696,1.1049964800474268,0.2856270248582225
2131,0.507654425568936,0,1,0,486320,119290,60260,47696,1.104987217014339,0.28562873534308264
2132,0.5076749795193953,0,4,0,486324,119286,60260,47696,1.104950164881989,0.2856355774873939
2133,0.5076772563360358,1,9,1,486333,119277,60261,47695,1.104866797584201,0.28564669525429415
2134,0.507693490645311,1,5,1,486338,119272,60262,47694,1.1048204824187633,0.285650970856342
2135,0.5077568545532407,0,1,0,486339,119271,60262,47694,1.1048112193856756,0.28565268169975744
2136,0.50778351168459,5,9,5,486348,119262,60267,47689,1.1047278520878876,0.2856466867524004
2137,0.5077878405295392,91,347,91,486695,118915,60358,47598,1.1015135796065063,0.28585155513383337
2138,0.5078048432321449,90,370,90,487065,118545,60448,47508,1.0980862573641113,0.28610142544850137
2139,0.507827355008497,10,30,10,487095,118515,60458,47498,1.0978083663714846,0.2861101239059592
2140,0.5078743425811572,1,7,1,487102,118508,60459,47497,1.0977435251398717,0.2861178880154212
2141,0.507874962102757,9,46,9,487148,118462,60468,47488,1.0973174256178444,0.2861584814703224
2142,0.5078907554229559,2,1,2,487149,118461,60470,47486,1.0973081625847567,0.28615160262011363
2143,0.5078915091034109,0,1,0,487150,118460,60470,47486,1.0972988995516693,0.28615332698588697
2144,0.5078961397888259,107,401,107,487551,118059,60577,47379,1.0935844232835599,0.2863852319297864
2145,0.5079074981163907,0,4,0,487555,118055,60577,47379,1.0935473711512098,0.28639215638865045
2146,0.5079258647566733,1,0,1,487555,118055,60578,47378,1.0935473711512098,0.28638784281249813
2147,0.5079292472498815,4,31,4,487586,118024,60582,47374,1.0932602171254955,0.28642426147837335
2148,0.5079399684075524,473,1671,473,489257,116353,61055,46901,1.0777816888361926,0.2872885197299913
2149,0.507957486346553,1,0,1,489257,116353,61056,46900,1.0777816888361926,0.287284154043111
2150,0.5079579123009555,1,0,1,489257,116353,61057,46899,1.0777816888361926,0.2872797883027467
2151,0.5079634372737013,4,16,4,489273,116337,61061,46895,1.0776334803067917,0.2872904822583807
2152,0.507966844682908,9,51,9,489324,116286,61070,46886,1.0771610656193265,0.2873409653617042
2153,0.5079801412927758,3,6,3,489330,116280,61073,46883,1.077105487420801,0.28733842844272295
2154,0.5079864962441522,1,1,1,489331,116279,61074,46882,1.0770962243877136,0.28733582167307137
2155,0.5079925780984029,0,4,0,489335,116275,61074,46882,1.0770591722553633,0.2873428660737817
2156,0.507997185788424,0,3,0,489338,116272,61074,46882,1.0770313831561007,0.2873481496009905
2157,0.5079991868081661,14,98,14,489436,116174,61088,46868,1.0761236059135204,0.2874596729677016
2158,0.5080046414992434,0,1,0,489437,116173,61088,46868,1.0761143428804327,0.28746143608049507
2159,0.508018108629915,0,4,0,489441,116169,61088,46868,1.0760772907480824,0.28746848874795294
2160,0.5080335499092454,2,2,2,489443,116167,61090,46866,1.0760587646819075,0.28746327430642876
2161,0.5080451835171653,1,0,1,489443,116167,61091,46865,1.0760587646819075,0.2874589037734923
2162,0.5080535192041062,3,5,3,489448,116162,61094,46862,1.0760124495164696,0.2874546079104917
2163,0.508054082214265,0,3,0,489451,116159,61094,46862,1.075984660417207,0.2874598978045773
2164,0.5080690929674008,6,10,6,489461,116149,61100,46856,1.0758920300863315,0.28745130517468787
2165,0.5081047115964721,14,52,14,489513,116097,61114,46842,1.0754103523657788,0.28748181834919817
2166,0.5081572234539523,9,40,9,489553,116057,61123,46833,1.0750398310422764,0.28751304561360425
2167,0.5081630651845946,1,3,1,489556,116054,61124,46832,1.0750120419430138,0.2875139668234225
2168,0.5081766965064027,7,17,7,489573,116037,61131,46825,1.0748545703805255,0.2875133548648549
2169,0.5081809212617181,2,5,2,489578,116032,61133,46823,1.0748082552150877,0.28751343219428327
2170,0.508187021716459,2,0,2,489578,116032,61135,46821,1.0748082552150877,0.28750468213665087
2171,0.5081984780976927,3,17,3,489595,116015,61138,46818,1.0746507836525991,0.287521571180289
2172,0.5082066029004184,1,0,1,489595,116015,61139,46817,1.0746507836525991,0.28751719563722117
2173,0.5082316944371282,141,576,141,490171,115439,61280,46676,1.069315276594168,0.28791906979613235
2174,0.5082396533964579,0,1,0,490172,115438,61280,46676,1.0693060135610803,0.28792084582454325
2175,0.5082980445069087,8,12,8,490184,115426,61288,46668,1.0691948571640297,0.2879070169161104
2176,0.5083113183993629,12,43,12,490227,115383,61300,46656,1.068796546741265,0.28793068335400734
2177,0.5083302342653907,97,315,97,490542,115068,61397,46559,1.0658786913186853,0.2880644941748594
2178,0.5083857140569465,0,1,0,490543,115067,61397,46559,1.0658694282855978,0.28806627646542016
2179,0.5083902839646978,21,57,21,490600,115010,61418,46538,1.0653414353996074,0.2880753707876297
2180,0.5084464525411635,142,546,142,491146,114464,61560,46396,1.0602838193338027,0.2884247171453438
2181,0.5084632801311291,16,51,16,491197,114413,61576,46380,1.0598114046463374,0.28844539252330637
2182,0.5084656183526925,2,15,2,491212,114398,61578,46378,1.0596724591500242,0.28846345225655573
2183,0.5084823950718184,0,3,0,491215,114395,61578,46378,1.0596446700507614,0.28846883494119036
2184,0.508491532430528,3,2,3,491217,114393,61581,46375,1.0596261439845862,0.28845914609872614
2185,0.5085235039363519,0,2,0,491219,114391,61581,46375,1.0596076179184113,0.2884627346578257
2186,0.5085521990269244,5,27,5,491246,114364,61586,46370,1.0593575160250472,0.28848905645351947
2187,0.5085539341281868,68,388,68,491634,113976,61654,46302,1.0557634591870761,0.28888556133717663
2188,0.5085581487326527,1,3,1,491637,113973,61655,46301,1.0557356700878135,0.28888653181426804
2189,0.508572272738072,9,25,9,491662,113948,61664,46292,1.0555040942606246,0.28889166250624065
2190,0.5085837202015311,4,10,4,491672,113938,61668,46288,1.0554114639297492,0.28889194013455993
2191,0.5085879526458807,87,328,87,492000,113610,61755,46201,1.0523731890770314,0.28909774671330507
2192,0.5086183151424846,0,3,0,492003,113607,61755,46201,1.0523453999777688,0.28910317380857026
2193,0.5086549920360703,9,11,9,492014,113596,61764,46192,1.0522435066138056,0.28908303502140337
2194,0.5086607441744554,2,13,2,492027,113583,61766,46190,1.0521230871836673,0.2890976573012962
2195,0.5086624052725728,0,4,0,492031,113579,61766,46190,1.0520860350513173,0.2891048951924341
2196,0.508703871080777,14,43,14,492074,113536,61780,46176,1.0516877246285523,0.28912041675015027
2197,0.5087220586384125,454,1622,454,493696,111914,62234,45722,1.0366630849605394,0.29004795858813975
2198,0.5087227907843233,63,254,63,493950,111660,62297,45659,1.0343102745563006,0.2902319490970576
2199,0.5087325227338191,7,26,7,493976,111634,62304,45652,1.0340694356960243,0.2902483374235469
2200,0.5087420009283488,0,3,0,493979,111631,62304,45652,1.0340416465967617,0.29025387359091576
2201,0.5087513592485257,3,4,3,493983,111627,62307,45649,1.0340045944644114,0.2902477173885399
2202,0.5087972860725246,380,1553,380,495536,110074,62687,45269,1.0196191040794398,0.2914131953161713
2203,0.5088250637300582,8,34,8,495570,110040,62695,45261,1.0193041609544629,0.2914404929781521
2204,0.5088292833326288,9,17,9,495587,110023,62704,45252,1.0191466893919745,0.2914313315086137
2205,0.5088339426251947,0,1,0,495588,110022,62704,45252,1.019137426358887,0.29143320839290543
2206,0.5088388133128243,0,14,0,495602,110008,62704,45252,1.0190077438956613,0.2914594873116063
2207,0.5088983106725229,1,15,1,495617,109993,62705,45251,1.0188687983993479,0.2914830846924841
2208,0.5089358473280464,1,3,1,495620,109990,62706,45250,1.0188410093000853,0.29148415356866786
2209,0.5089805705492901,342,1245,342,496865,108745,63048,44908,1.0073085331060803,0.2922689436587636
2210,0.5090099951742998,1,8,1,496873,108737,63049,44907,1.00723442884138,0.29227955533571115
2211,0.509030269303967,0,2,0,496875,108735,63049,44907,1.0072159027752048,0.2922833600187449
2212,0.5090312222048994,3,23,3,496898,108712,63052,44904,1.007002853014191,0.29231330069784395
2213,0.5090312590526574,0,10,0,496908,108702,63052,44904,1.0069102226833153,0.2923323307683294
2214,0.5090359939100819,2,2,2,496910,108700,63054,44902,1.0068916966171404,0.29232692282652567
2215,0.5090371944296651,198,760,198,497670,107940,63252,44704,0.9998517914705991,0.292864442755693
2216,0.509059062848862,2,10,2,497680,107930,63254,44702,0.9997591611397236,0.29287436448451176
2217,0.5090622815693736,2,11,2,497691,107919,63256,44700,0.9996572677757605,0.2928862068287697
2218,0.5090653784899832,0,6,0,497697,107913,63256,44700,0.9996016895772352,0.2928977216881917
2219,0.509071160471277,2,8,2,497705,107905,63258,44698,0.9995275853125347,0.2929038092304869
2220,0.5090800463458481,29,97,29,497802,107808,63287,44669,0.998629071103042,0.29295565888625824
2221,0.5090914038152743,1,0,1,497802,107808,63288,44668,0.998629071103042,0.29295102180015214
2222,0.5091075547973695,30,101,30,497903,107707,63318,44638,0.997693504761199,0.2930060061045653
2223,0.5091149830763901,24,97,24,498000,107610,63342,44614,0.9967949905517063,0.2930812486861467
2224,0.509119525177604,350,1174,350,499174,106436,63692,44264,0.9859201897069176,0.2937226277372263
2225,0.5091197225157628,2,11,2,499185,106425,63694,44262,0.9858182963429546,0.2937346950964582
2226,0.5091376511276436,64,224,64,499409,106201,63758,44198,0.9837433769313424,0.29387163478480577
2227,0.5091407293790399,5,18,5,499427,106183,63763,44193,0.9835766423357665,0.29388333244666703
2228,0.5091595055474236,54,250,54,499677,105933,63817,44139,0.9812608840638779,0.2941188229649768
2229,0.5091605368550796,3,22,3,499699,105911,63820,44136,0.9810570973359517,0.29414783367878067
2230,0.5091653962644721,3,14,3,499713,105897,63823,44133,0.980927414872726,0.2941611677664467
2231,0.5091659657702896,75,309,75,500022,105588,63898,44058,0.9780651376486716,0.29441481897277577
2232,0.5091709685928916,1,5,1,500027,105583,63899,44057,0.9780188224832339,0.2944199411921946
2233,0.5091736479668566,0,1,0,500028,105582,63899,44057,0.9780095594501463,0.29442190872700297
2234,0.5091744978713567,2,10,2,500038,105572,63901,44055,0.9779169291192709,0.29443215462449956
2235,0.5091765582093869,3,21,3,500059,105551,63904,44052,0.9777224054244322,0.2944593357085085
2236,0.5091795561142196,101,340,101,500399,105211,64005,43951,0.9745729741746637,0.29465279360695085
2237,0.509183863816468,5,0,5,500399,105211,64010,43946,0.9745729741746637,0.29462914915156513
2238,0.509186698159031,77,241,77,500640,104970,64087,43869,0.9723405832005632,0.2947412976437627
2239,0.509197727220385,493,2182,493,502822,102788,64580,43376,0.9521286450035199,0.2967625407076982
2240,0.509207435546167,0,5,0,502827,102783,64580,43376,0.9520823298380822,0.29677269275241347
2241,0.5092197232909489,7,32,7,502859,102751,64587,43369,0.9517859127792805,0.2968039967150287
2242,0.5092255815806878,2,9,2,502868,102742,64589,43367,0.9517025454814925,0.2968126535668576
2243,0.5092430340066451,0,1,0,502869,102741,64589,43367,0.9516932824484049,0.2968146850275139
2244,0.5092494822654606,12,37,12,502906,102704,64601,43355,0.9513505502241654,0.2968321020957284
2245,0.509283856447937,2,10,2,502916,102694,64603,43353,0.9512579198932899,0.2968427971817292
2246,0.5092864346467026,0,3,0,502919,102691,64603,43353,0.9512301307940272,0.29684889485360577
2247,0.5093126709349414,10,17,10,502936,102674,64613,43343,0.9510726592315387,0.2968352999993151
2248,0.5093534926608284,3,14,3,502950,102660,64616,43340,0.950942976768313,0.29684931506849316
2249,0.5093581317664804,0,2,0,502952,102658,64616,43340,0.9509244507021379,0.296853381553172
2250,0.5093688855307037,0,1,0,502953,102657,64616,43340,0.9509151876690504,0.29685541483729116
2251,0.5093703347554971,62,208,62,503161,102449,64678,43278,0.9489884767868391,0.2969799693948273
2252,0.5093831174974188,93,309,93,503470,102140,64771,43185,0.9461261995627849,0.2971615344916566
2253,0.5093994361968914,1,1,1,503471,102139,64772,43184,0.9461169365296973,0.2971587429381447
2254,0.5094179530986049,0,1,0,503472,102138,64772,43184,0.9461076734966097,0.29716078776785343
2255,0.5094182032944976,6,30,6,503502,102108,64778,43178,0.9458297825039831,0.2971931225307325
2256,0.5094324361452766,0,1,0,503503,102107,64778,43178,0.9458205194708955,0.29719516811783736
2257,0.5094488190502529,1,14,1,503517,102093,64779,43177,0.9456908370076698,0.2972189715701797
2258,0.5094639057547357,3,14,3,503531,102079,64782,43174,0.945561154544444,0.29723310361920235
2259,0.5094915328206912,0,2,0,503533,102077,64782,43174,0.945542628478269,0.2972371963015745
2260,0.5095040430270046,31,173,31,503706,101904,64813,43143,0.9439401237541221,0.29744151895592463
2261,0.5095784931984852,0,3,0,503709,101901,64813,43143,0.9439123346548594,0.29744767105154296
2262,0.5095830085923394,55,175,55,503884,101726,64868,43088,0.9422913038645374,0.2975402930655876
2263,0.5096194941989545,3,10,3,503894,101716,64871,43085,0.9421986735336618,0.29754628766375923
2264,0.5096259288855249,548,2245,548,506139,99471,65419,42537,0.9214031642521027,0.29953946256548925
2265,0.5096306466038709,1,11,1,506150,99460,65420,42536,0.9213012708881396,0.29955773402067665
2266,0.5096391771688051,327,1671,327,507821,97789,65747,42209,0.9058227425988365,0.3014971642452035
2267,0.5096456379812444,91,341,91,508162,97448,65838,42118,0.9026640483159806,0.3017783700901366
2268,0.5096805537106398,219,856,219,509018,96592,66057,41899,0.8947348919930342,0.302539515203154
2269,0.5097084473238555,6,15,6,509033,96577,66063,41893,0.8945959464967209,0.30254206687369106
2270,0.5097216210603179,620,2467,620,511500,94110,66683,41273,0.8717440438697247,0.3048610239099444
2271,0.5097285134274442,1,1,1,511501,94109,66684,41272,0.8717347808366371,0.3048581410980861
2272,0.5097344504792796,30,103,30,511604,94006,66714,41242,0.8707806884286191,0.30493611735478526
2273,0.5097408406517474,12,79,12,511683,93927,66726,41230,0.8700489088147023,0.30505264248244635
2274,0.5097450478261628,1,10,1,511693,93917,66727,41229,0.8699562784838267,0.3050700723661818
2275,0.5097465258412053,0,1,0,511694,93916,66727,41229,0.8699470154507392,0.3050723297199304
2276,0.5097682990382932,391,1346,391,513040,92570,67118,40838,0.8574789729148913,0.30611357639721753
2277,0.5097815380296251,0,7,0,513047,92563,67118,40838,0.8574141316832784,0.3061296392081019
2278,0.5097977786695185,1,0,1,513047,92563,67119,40837,0.8574141316832784,0.3061244377811094
2279,0.5098169723933509,0,2,0,513049,92561,67119,40837,0.8573956056171033,0.30612902742170045
2280,0.5098240042467896,1,3,1,513052,92558,67120,40836,0.8573678165178406,0.30613071052671037
2281,0.5098264601703486,0,2,0,513054,92556,67120,40836,0.8573492904516655,0.3061353004677942
2282,0.5098361935834618,7,6,7,513060,92550,67127,40829,0.8572937122531402,0.3061126564151778
2283,0.5098493728688249,0,7,0,513067,92543,67127,40829,0.8572288710215273,0.30612872267042557
2284,0.5098551735261949,5,9,5,513076,92534,67132,40824,0.8571455037237393,0.3061233671770722
2285,0.5098596256420669,0,2,0,513078,92532,67132,40824,0.8571269776575642,0.306127958247098
2286,0.5098698547316172,1,7,1,513085,92525,67133,40823,0.8570621364259513,0.3061388247292798
2287,0.5098738079931734,1,1,1,513086,92524,67134,40822,0.8570528733928637,0.30613591708787663
2288,0.5098801659178418,19,96,19,513182,92428,67153,40803,0.8561636222164586,0.30625755267167554
2289,0.5099151591487966,2,6,2,513188,92422,67155,40801,0.8561080440179333,0.30626093092033657
2290,0.5099182535897941,15,55,15,513243,92367,67170,40786,0.8555985771981177,0.3063092833056709
2291,0.5099469833598503,0,1,0,513244,92366,67170,40786,0.8555893141650301,0.3063115837539053
2292,0.5099592469806697,4,7,4,513251,92359,67174,40782,0.8555244729334173,0.30630684762770294
2293,0.5099713277252623,35,90,35,513341,92269,67209,40747,0.8546907999555374,0.3063315691345402
2294,0.5099822113458836,6,38,6,513379,92231,67215,40741,0.8543388046982103,0.30638781096772255
2295,0.5100037323503143,13,32,13,513411,92199,67228,40728,0.8540423876394087,0.30639373490712946
2296,0.510023305155601,4,13,4,513424,92186,67232,40724,0.8539219682092705,0.3064028289820179
2297,0.5100370032059911,8,22,8,513446,92164,67240,40716,0.8537181814813443,0.3064118001204094
2298,0.5100719223992212,76,178,76,513624,91986,67316,40640,0.8520693615917596,0.3064255877429765
2299,0.5100722875418342,0,1,0,513625,91985,67316,40640,0.852060098558672,0.30642789820923655
2300,0.5100856646071809,0,2,0,513627,91983,67316,40640,0.8520415724924969,0.30643251924628456
2301,0.5100935348932312,12,56,12,513683,91927,67328,40628,0.8515228426395939,0.3064991890158802
2302,0.5101031248470043,2,16,2,513699,91911,67330,40626,0.8513746341101931,0.306525724891917
2303,0.5101086011002227,4,10,4,513709,91901,67334,40622,0.8512820037793175,0.3065279234547965
2304,0.5101213832686184,1,1,1,513710,91900,67335,40621,0.8512727407462299,0.3065250035843376
2305,0.5101362947437535,4,1,4,513711,91899,67339,40617,0.8512634777131424,0.306506384134746
2306,0.5101385245524188,0,2,0,513713,91897,67339,40617,0.8512449516469672,0.30651101015741733
2307,0.5101388091125132,11,25,11,513738,91872,67350,40606,0.8510133758197784,0.30651126979573967
2308,0.5101527771751468,7,13,7,513751,91859,67357,40599,0.8508929563896402,0.30650470337767444
2309,0.5102152857038098,0,6,0,513757,91853,67357,40599,0.8508373781911149,0.3065185878657929
2310,0.51022110709442,245,924,245,514681,90929,67602,40354,0.8422783356182149,0.30738176306147785
2311,0.5102211953296809,7,22,7,514703,90907,67609,40347,0.8420745488902887,0.3073963460161214
2312,0.5102229225729669,0,2,0,514705,90905,67609,40347,0.8420560228241135,0.30740103007954167
2313,0.5102287368600035,1,2,1,514707,90903,67610,40346,0.8420374967579384,0.30740043733666544
2314,0.5102339777154372,4,28,4,514735,90875,67614,40342,0.8417781318314869,0.307444919484518
2315,0.5102366243835034,1,1,1,514736,90874,67615,40341,0.8417688687983993,0.3074419845292078
2316,0.5102713823772249,0,2,0,514738,90872,67615,40341,0.8417503427322243,0.3074466706804966
2317,0.5102771295322046,2,6,2,514744,90866,67617,40339,0.841694764533699,0.3074501733927823
2318,0.5102856917224494,0,5,0,514749,90861,67617,40339,0.8416484493682611,0.3074618902439024
2319,0.5103002342115145,210,861,210,515610,90000,67827,40129,0.833672977879877,0.30837860891884206
2320,0.5103063893257309,92,248,92,515858,89752,67919,40037,0.8313757456741635,0.3084776059604435
2321,0.510312120923418,2,3,2,515861,89749,67921,40035,0.8313479565749009,0.30847408000986254
2322,0.5103166907862015,2,1,2,515862,89748,67923,40033,0.8313386935418133,0.3084658000785939
2323,0.5103231583417542,209,923,209,516785,88825,68132,39824,0.8227889140020008,0.3095554570964407
2324,0.5103333367451973,41,166,41,516951,88659,68173,39783,0.8212512505094668,0.30973513336759007
2325,0.5103357314509095,1,12,1,516963,88647,68174,39782,0.8211400941124162,0.309758699359179
2326,0.5103471123930607,2,5,2,516968,88642,68176,39780,0.8210937789469784,0.3097600099671396
2327,0.5103580495334719,1,16,1,516984,88626,68177,39779,0.8209455704175775,0.30979323235076517
2328,0.5103637513417102,0,2,0,516986,88624,68177,39779,0.8209270443514024,0.3097980576777801
2329,0.5103645167350823,16,47,16,517033,88577,68193,39763,0.8204916817962874,0.30982546361227986
2330,0.510366562064432,5,17,5,517050,88560,68198,39758,0.8203342102337989,0.3098396172010162
2331,0.5103993756289785,0,4,0,517054,88556,68198,39758,0.8202971581014488,0.3098492759948252
2332,0.5104056696503241,1,6,1,517060,88550,68199,39757,0.8202415799029235,0.3098583865260664
2333,0.5104064483334854,67,275,67,517335,88275,68266,39690,0.817694245803846,0.31016293517758764
2334,0.5104123306571063,61,259,61,517594,88016,68327,39629,0.8152951202341695,0.3104626111481061
2335,0.5104135599325689,9,25,9,517619,87991,68336,39620,0.8150635444069806,0.31047480232895286
2336,0.510424583019075,1,12,1,517631,87979,68337,39619,0.81495238800993,0.31049859715669526
2337,0.5104245881076555,87,313,87,517944,87666,68424,39532,0.8120530586535255,0.31079105017374486
2338,0.5104354147458325,15,50,15,517994,87616,68439,39517,0.8115899069991478,0.31083196337693597
2339,0.5104415527070988,1,13,1,518007,87603,68440,39516,0.8114694875690096,0.31085832959667714
2340,0.5104442808551486,48,265,48,518272,87338,68488,39468,0.8090147838008077,0.31124710187215116
2341,0.510452421079241,1,7,1,518279,87331,68489,39467,0.8089499425691948,0.31125885266329123
2342,0.510457059551058,75,284,75,518563,87047,68564,39392,0.8063192411723294,0.3115494428143215
2343,0.510459823367974,8,25,8,518588,87022,68572,39384,0.8060876653451406,0.3115674888850213
2344,0.5104640436734429,2,18,2,518606,87004,68574,39382,0.8059209307495646,0.3116009684616967
2345,0.5104783747295142,2,12,2,518618,86992,68576,39380,0.805809774352514,0.31161966258348367
2346,0.5104987508128305,44,198,44,518816,86794,68620,39336,0.8039756938011783,0.31186870688971696
2347,0.5105054009546923,40,92,40,518908,86702,68660,39296,0.8031234947571233,0.31187796631692566
2348,0.5105454264933582,0,6,0,518914,86696,68660,39296,0.803067916558598,0.31189281859165663
2349,0.5105478143726859,75,293,75,519207,86403,68735,39221,0.8003538478639446,0.31220945042348597
2350,0.5105709013204359,77,275,77,519482,86128,68812,39144,0.7978065137648672,0.31247206079570855
2351,0.5105740331525523,0,4,0,519486,86124,68812,39144,0.7977694616325169,0.3124820385094358
2352,0.51057564232817,3,3,3,519489,86121,68815,39141,0.7977416725332543,0.31247305647363127
2353,0.5105885790197469,3,12,3,519501,86109,68818,39138,0.7976305161362036,0.31248652662339216
2354,0.5105890053434203,4,19,4,519520,86090,68822,39134,0.7974545185075401,0.3125119785344662
2355,0.5106049834691612,1,2,1,519522,86088,68823,39133,0.797435992441365,0.31251147970388354
2356,0.5106080247895807,0,5,0,519527,86083,68823,39133,0.7973896772759272,0.31252395859954
2357,0.5106109294061285,18,128,18,519655,85955,68841,39115,0.7962040090407203,0.312744862876789
2358,0.5106323555522427,3,7,3,519662,85948,68844,39112,0.7961391678091074,0.3127458819766512
2359,0.5106408951310727,0,1,0,519663,85947,68844,39112,0.7961299047760199,0.3127483827633357
2360,0.5106490380830178,0,2,0,519665,85945,68844,39112,0.7961113787098447,0.31275338445668777
2361,0.5106513225770997,1,0,1,519665,85945,68845,39111,0.7961113787098447,0.3127478889457523
2362,0.5106653438090207,1,4,1,519669,85941,68846,39110,0.7960743265774946,0.312752397022015
2363,0.5106841936852067,3,16,3,519685,85925,68849,39107,0.7959261180480937,0.3127759293620833
2364,0.5106981650549623,0,3,0,519688,85922,68849,39107,0.7958983289488311,0.31278343424325555
2365,0.5107192424046298,2,10,2,519698,85912,68851,39105,0.7958056986179555,0.3127974595455018
2366,0.5107198934276418,0,1,0,519699,85911,68851,39105,0.7957964355848679,0.3127999616049146
2367,0.5107443377209298,1,1,1,519700,85910,68852,39104,0.7957871725517803,0.3127969667397251
2368,0.5107683042169536,0,1,0,519701,85909,68852,39104,0.7957779095186928,0.31279946885523907
2369,0.5107907794559307,1,17,1,519718,85892,68853,39103,0.7956204379562044,0.3128365134605384
2370,0.5108369160047721,0,4,0,519722,85888,68853,39103,0.7955833858238541,0.31284652494979637
2371,0.5108575755207359,0,1,0,519723,85887,68853,39103,0.7955741227907666,0.3128490279222338
2372,0.510896283996123,40,72,40,519795,85815,68893,39063,0.7949071844084628,0.31280930187863354
2373,0.5109244343020867,16,38,16,519833,85777,68909,39047,0.7945551891511357,0.31281644555534194
2374,0.5109325478445623,0,2,0,519835,85775,68909,39047,0.7945366630849605,0.3128214577558443
2375,0.5109376540884794,12,40,12,519875,85735,68921,39035,0.7941661417614584,0.31285565440410357
2376,0.5109477813754143,2,12,2,519887,85723,68923,39033,0.7940549853644078,0.31287473147584083
2377,0.5109719647543733,619,2112,619,521999,83611,69542,38414,0.7744914594834933,0.31480434337225977
2378,0.5109898131537154,4,2,4,522001,83609,69546,38410,0.7744729334173182,0.31478704136241076
2379,0.5110141142886409,2,3,2,522004,83606,69548,38408,0.7744451443180556,0.3147835494287541
2380,0.5110166105091063,3,19,3,522023,83587,69551,38405,0.774269146689392,0.31481572562135224
2381,0.5110190622863068,0,9,0,522032,83578,69551,38405,0.7741857793916039,0.31483895296885633
2382,0.5110200623775785,92,260,92,522292,83318,69643,38313,0.7717773907888399,0.3149937104849915
2383,0.5110289182111033,10,33,10,522325,83285,69653,38303,0.7714717106969506,0.3150228640984308
2384,0.5110521474952824,1,7,1,522332,83278,69654,38302,0.7714068694653378,0.31503536765915446
2385,0.5110529216448081,1,4,1,522336,83274,69655,38301,0.7713698173329875,0.3150400987045034
2386,0.5110587846021235,13,53,13,522389,83221,69668,38288,0.7708788765793472,0.31510423096231555
2387,0.5110674205541293,16,41,16,522430,83180,69684,38272,0.7704990922227574,0.31512037677436355
2388,0.5110697190542981,31,112,31,522542,83068,69715,38241,0.7694616325169513,0.3152362973893116
2389,0.5110727721801585,81,268,81,522810,82800,69796,38160,0.7669791396494868,0.31547619047619047
2390,0.5110729412259666,5,19,5,522829,82781,69801,38155,0.7668031420208233,0.3154974531983859
2391,0.5110783862702718,1,2,1,522831,82779,69802,38154,0.7667846159546482,0.31549701074148495
2392,0.511102578128404,5,14,5,522845,82765,69807,38149,0.7666549334914224,0.31550523512579187
2393,0.5111078837764381,7,23,7,522868,82742,69814,38142,0.7664418837304087,0.3155256278746567
2394,0.5111233066831822,142,403,142,523271,82339,69956,38000,0.7627088813961244,0.3157746034120277
2395,0.5111311397235002,2,3,2,523274,82336,69958,37998,0.7626810922968617,0.315771103761198
2396,0.5111389219514717,2,3,2,523277,82333,69960,37996,0.762653303197599,0.3157676038195281
2397,0.5111412733399785,5,16,5,523293,82317,69965,37991,0.7625050946681982,0.31578116168500847
2398,0.5111448481417039,1,14,1,523307,82303,69966,37990,0.7623754122049724,0.31581222515025814
2399,0.5111545540174037,15,64,15,523371,82239,69981,37975,0.7617825780873689,0.31589498727269705
2400,0.5111612393911812,12,46,12,523417,82193,69993,37963,0.7613564785653414,0.31594760145144646
2401,0.5111640523529039,58,210,58,523627,81983,70051,37905,0.7594112416169551,0.3161700920859469
2402,0.5111778625422703,0,1,0,523628,81982,70051,37905,0.7594019785838675,0.31617272932010976
2403,0.511182406824803,0,6,0,523634,81976,70051,37905,0.7593464003853422,0.3161885536490353
2404,0.5111866399173322,0,1,0,523635,81975,70051,37905,0.7593371373522546,0.3161911911911912
2405,0.511193075429544,0,8,0,523643,81967,70051,37905,0.7592630330875542,0.3162122931126535
2406,0.5111955820715328,6,14,6,523657,81953,70057,37899,0.7591333506243284,0.3162149984981477
2407,0.5111994163141758,0,2,0,523659,81951,70057,37899,0.7591148245581533,0.31622027534418023
2408,0.5111995956311317,132,374,132,524033,81577,70189,37767,0.755650450183408,0.3164549537471511
2409,0.5112142742116721,1,0,1,524033,81577,70190,37766,0.755650450183408,0.31644922618000215
2410,0.5112222926614448,4,4,4,524037,81573,70194,37762,0.7556133980510579,0.31643692127204925
2411,0.5112333027114903,259,1062,259,525099,80511,70453,37503,0.7457760569120753,0.31778433067263206
2412,0.5112645297653786,504,1649,504,526748,78862,70957,36999,0.7305013153506984,0.31933955343040366
2413,0.5112696509458207,1,5,1,526753,78857,70958,36998,0.7304550001852607,0.3193474601873031
2414,0.5112814214972833,0,1,0,526754,78856,70958,36998,0.7304457371521731,0.31935021665199304
2415,0.5112957110595788,23,44,23,526798,78812,70981,36975,0.7300381636963207,0.31933636764058143
2416,0.5113020221626872,8,29,8,526827,78783,70989,36967,0.7297695357367816,0.3193693304535637
2417,0.5113145571757087,9,32,9,526859,78751,70998,36958,0.7294731186779799,0.3194047135486436
2418,0.5113287986937549,11,24,11,526883,78727,71009,36947,0.7292508058838786,0.319406262427166
2419,0.5113307491953247,8,37,8,526920,78690,71017,36939,0.7289080736596392,0.3194613807954752
2420,0.5113364652710249,3,28,3,526948,78662,71020,36936,0.7286487087331875,0.3195210989809512
2421,0.5113467382482547,0,1,0,526949,78661,71020,36936,0.7286394457001001,0.31952386307603137
2422,0.5113486073664475,3,0,3,526949,78661,71023,36933,0.7286394457001001,0.3195062027440871
2423,0.5113553825920745,0,3,0,526952,78658,71023,36933,0.7286116566008374,0.31951449507314583
2424,0.511377001419081,0,5,0,526957,78653,71023,36933,0.7285653414353996,0.3195283165781323
2425,0.5113855254374433,4,20,4,526977,78633,71027,36929,0.7283800807736486,0.31956006299648676
2426,0.5114044502666367,0,2,0,526979,78631,71027,36929,0.7283615547074734,0.31956559363101417
2427,0.5114047690374998,3,23,3,527002,78608,71030,36926,0.7281485049464597,0.31961154292242977
2428,0.5114068044417364,519,1855,519,528857,76753,71549,36407,0.7109655785690466,0.3217302933898904
2429,0.5114068118839892,0,15,0,528872,76738,71549,36407,0.7108266330727333,0.3217729462194529
2430,0.5114077896538112,4,18,4,528890,76720,71553,36403,0.7106598984771574,0.3218001644227964
2431,0.5114559136511488,0,2,0,528892,76718,71553,36403,0.7106413724109822,0.32180585390864647
2432,0.5114748299630005,0,4,0,528896,76714,71553,36403,0.7106043202786321,0.3218172334839149
2433,0.5114853376420206,10,42,10,528938,76672,71563,36393,0.7102152728889548,0.32187679653296775
2434,0.5114975088206215,0,1,0,528939,76671,71563,36393,0.7102060098558672,0.3218796433878158
2435,0.5115029020360641,3,6,3,528945,76665,71566,36390,0.7101504316573419,0.32187873159081865
2436,0.5115134232972844,3,13,3,528958,76652,71569,36387,0.7100300122272036,0.3218977521032564
2437,0.5115221173383813,0,1,0,528959,76651,71569,36387,0.7100207491941162,0.32190059979829794
2438,0.5115270048917246,1,2,1,528961,76649,71570,36386,0.710002223127941,0.32190029636838147
2439,0.5115321547883613,0,1,0,528962,76648,71570,36386,0.7099929600948535,0.3219031441867049
2440,0.5115343846734078,9,16,9,528978,76632,71579,36377,0.7098447515654526,0.3218947163500252
2441,0.5115348577428842,1,1,1,528979,76631,71580,36376,0.709835488532365,0.3218915642393834
2442,0.511545413734762,91,259,91,529238,76372,71671,36285,0.7074363629626885,0.32208384743069673
2443,0.5115722173001027,1,5,1,529243,76367,71672,36284,0.7073900477972508,0.32209212523634945
2444,0.5115910101671316,23,69,23,529312,76298,71695,36261,0.7067508985142095,0.3221510496717277
2445,0.511596536829202,11,22,11,529334,76276,71706,36250,0.7065471117862833,0.32214777029308783
2446,0.5116021714343816,1,4,1,529338,76272,71707,36249,0.7065100596539331,0.32215319806969367
2447,0.5116087109215559,684,2285,684,531623,73987,72391,35565,0.6853440290488718,0.3246403534394625
2448,0.5116188536300899,0,5,0,531628,73982,72391,35565,0.685297713883434,0.32465517083991347
2449,0.5116212786880988,15,57,15,531685,73925,72406,35550,0.6847697209974434,0.3247316738981503
2450,0.5116272361595701,16,55,16,531740,73870,72422,35534,0.6842602541776279,0.32479616833022557
2451,0.5116316304432272,3,5,3,531745,73865,72425,35531,0.6842139390121902,0.3247924969834363
2452,0.5116384620218091,17,49,17,531794,73816,72442,35514,0.6837600503909,0.32483307417909085
2453,0.5116578340055468,1,2,1,531796,73814,72443,35513,0.6837415243247249,0.324832840926761
2454,0.511662203351137,3,5,3,531801,73809,72446,35510,0.6836952091592872,0.3248291696777321
2455,0.5116716331594854,18,63,18,531864,73746,72464,35492,0.6831116380747712,0.32490525275087423
2456,0.5116908518979824,0,8,0,531872,73738,72464,35492,0.6830375338100708,0.3249290487961183
2457,0.5116912141969896,17,33,17,531905,73705,72481,35475,0.6827318537181815,0.3249221469133541
2458,0.5117267433972726,62,220,62,532125,73485,72543,35413,0.6806939864389195,0.3251942184429466
2459,0.5117269579488954,3,3,3,532128,73482,72546,35410,0.6806661973396569,0.3251845865628329
2460,0.5117347095321315,8,29,8,532157,73453,72554,35402,0.6803975693801179,0.3252216250976069
2461,0.5117998728779025,2,1,2,532158,73452,72556,35400,0.6803883063470303,0.32521221475030315
2462,0.5118250349663878,25,84,25,532242,73368,72581,35375,0.6796102115676758,0.3253082957063903
2463,0.5118458368132466,17,62,17,532304,73306,72598,35358,0.6790359035162473,0.32538835308841935
2464,0.5118579511751783,7,33,7,532337,73273,72605,35351,0.6787302234243581,0.3254437325084696
2465,0.5118586128339243,13,33,13,532370,73240,72618,35338,0.6784245433324688,0.3254618799388458
2466,0.5118797396631563,8,52,8,532422,73188,72626,35330,0.677942865611916,0.3255681085165595
2467,0.511881517674266,617,2084,617,534506,71104,73243,34713,0.658638704657453,0.32804747819348495
2468,0.5118900522439359,21,54,21,534560,71050,73264,34692,0.6581385008707251,0.32808155699721964
2469,0.5118902292480374,0,1,0,534561,71049,73264,34692,0.6581292378376375,0.3280846596873493
2470,0.5119011954708884,0,2,0,534563,71047,73264,34692,0.6581107117714624,0.328090865243666
2471,0.5119116040121823,0,1,0,534564,71046,73264,34692,0.6581014487383748,0.3280939681098564
2472,0.5119227698676022,0,2,0,534566,71044,73264,34692,0.6580829226721998,0.32810017401830976
2473,0.5119369450870873,8,35,8,534601,71009,73272,34684,0.6577587165141354,0.3281579669419924
2474,0.5119426236109409,1,8,1,534609,71001,73273,34683,0.657684612249435,0.32817645055069833
2475,0.5119541388616503,0,1,0,534610,71000,73273,34683,0.6576753492163474,0.3281795558415261
2476,0.5119669201182537,0,1,0,534611,70999,73273,34683,0.6576660861832598,0.32818266119112055
2477,0.511971382097829,1,10,1,534621,70989,73274,34682,0.6575734558523844,0.32820736058142724
2478,0.5119757518857924,31,99,31,534720,70890,73305,34651,0.6566564155767164,0.32831790489004276
2479,0.5119809046900382,0,1,0,534721,70889,73305,34651,0.6566471525436289,0.3283210157286337
2480,0.5119833013091462,11,27,11,534748,70862,73316,34640,0.6563970506502649,0.3283350078671494
2481,0.5119937642653799,0,2,0,534750,70860,73316,34640,0.6563785245840899,0.3283412322274882
2482,0.5120222942379338,4,8,4,534758,70852,73320,34636,0.6563044203193894,0.3283406643409677
2483,0.5120661217989266,4,22,4,534780,70830,73324,34632,0.6561006335914632,0.3283836832223929
2484,0.5120839500165435,10,55,10,534835,70775,73334,34622,0.6555911667716477,0.32849132328244635
2485,0.5120973504362455,6,3,6,534838,70772,73340,34616,0.655563377672385,0.32846244354195925
2486,0.5121249903299807,9,37,9,534875,70735,73349,34607,0.6552206454481455,0.32852043819179433
2487,0.5121312802613935,1,0,1,534875,70735,73350,34606,0.6552206454481455,0.3285140638497831
2488,0.5121470673835689,2,25,2,534900,70710,73352,34604,0.6549890696209567,0.3285792961999354
2489,0.5121638531308649,0,1,0,534901,70709,73352,34604,0.6549798065878691,0.32858241622591705
2490,0.5121760633014885,24,53,24,534954,70656,73376,34580,0.6544888658342287,0.32859477745258275
2491,0.5121908130411548,2,0,2,534954,70656,73378,34578,0.6544888658342287,0.3285820172187696
2492,0.5122093699583016,0,4,0,534958,70652,73378,34578,0.6544518137018785,0.32859450726979
2493,0.5122099213293246,76,244,76,535202,70408,73454,34502,0.6521916336285153,0.3288723667905824
2494,0.5122371107960213,96,338,96,535540,70070,73550,34406,0.649060728444922,0.3293196523603507
2495,0.5122444061852266,81,251,81,535791,69819,73631,34325,0.6467357071399459,0.3295917191580888
2496,0.5122599245041307,79,195,79,535986,69624,73710,34246,0.6449294156878729,0.32970058727255225
2497,0.5122636410075688,4,6,4,535992,69618,73714,34242,0.6448738374893475,0.3296938186019642
2498,0.5122977740774258,3,20,3,536012,69598,73717,34239,0.6446885768275964,0.329737954678968
2499,0.5123183774127071,0,8,0,536020,69590,73717,34239,0.644614472562896,0.3297633609107282
2500,0.5123187769913816,1,1,1,536021,69589,73718,34238,0.6446052095298085,0.32976008167432364
2501,0.5123449734011302,3,16,3,536037,69573,73721,34235,0.6444570010004076,0.3297915382244143
2502,0.5124198418297008,17,39,17,536076,69534,73738,34218,0.6440957427099929,0.3298056904927134
2503,0.512429976577973,1,3,1,536079,69531,73739,34217,0.6440679536107303,0.32980876739792575
2504,0.5124386173844832,3,1,3,536080,69530,73742,34214,0.6440586905776428,0.3297925663170882
2505,0.5124575422866161,147,407,147,536487,69123,73889,34067,0.6402886361110082,0.33013857931970153
2506,0.5124622572081374,4,13,4,536500,69110,73893,34063,0.64016821668087,0.3301542070115243
2507,0.5124667628012592,3,11,3,536511,69099,73896,34060,0.6400663233169069,0.330169931852771
2508,0.5125169079042212,0,2,0,536513,69097,73896,34060,0.6400477972507318,0.33017633316207334
2509,0.5125195935419004,1,1,1,536514,69096,73897,34059,0.6400385342176442,0.330173040570016
2510,0.5125412136287643,1,3,1,536517,69093,73898,34058,0.6400107451183815,0.33017614952836133
2511,0.5125413435211887,60,199,60,536716,68894,73958,33998,0.6381674015339582,0.33042413404346305
2512,0.5125460943461198,0,1,0,536717,68893,73958,33998,0.6381581385008708,0.33042734544323604
2513,0.5125592410904869,13,37,13,536754,68856,73971,33985,0.6378154062766312,0.3304615863322994
2514,0.5125686066387956,23,97,23,536851,68759,73994,33962,0.6369168920671384,0.33062372835155424
2515,0.5125731487571846,0,1,0,536852,68758,73994,33962,0.636907629034051,0.33062694704049844
2516,0.5125795630443869,0,1,0,536853,68757,73994,33962,0.6368983660009634,0.33063016579211246
2517,0.5125813838223939,1,1,1,536854,68756,73995,33961,0.6368891029678758,0.3306268679965342
2518,0.5125973752998164,19,46,19,536900,68710,74014,33942,0.6364630034458483,0.3306511319798932
2519,0.5126195685524602,18,62,18,536962,68648,74032,33924,0.63588869539442,0.3307335335179191
2520,0.51263045116134,0,1,0,536963,68647,74032,33924,0.6358794323613324,0.33073675795302765
2521,0.5126332174611128,3,11,3,536974,68636,74035,33921,0.6357775389973693,0.3307526546213325
2522,0.5126483479179399,8,13,8,536987,68623,74043,33913,0.6356571195672311,0.3307423734103144
2523,0.5127072980207539,0,1,0,536988,68622,74043,33913,0.6356478565341436,0.33074559906373435
2524,0.5127118131787398,4,10,4,536998,68612,74047,33909,0.635555226203268,0.33075174842227445
2525,0.5127122072347684,2,22,2,537020,68590,74049,33907,0.6353514394753418,0.330809682234602
2526,0.5127272920096753,1,15,1,537035,68575,74050,33906,0.6352124939790285,0.3308515724866073
2527,0.5127321273720769,83,250,83,537285,68325,74133,33823,0.63289673570714,0.33111759407917923
2528,0.5127563606601043,1,0,1,537285,68325,74134,33822,0.63289673570714,0.33111104584569295
2529,0.5127608563762264,1,1,1,537286,68324,74135,33821,0.6328874726740524,0.33110773899848256
2530,0.5127639278846433,2,10,2,537296,68314,74137,33819,0.6327948423431768,0.3311270598141639
2531,0.5127646589697964,111,359,111,537655,67955,74248,33708,0.6294694134647449,0.3315660564807255
2532,0.5127718845513127,29,76,29,537731,67879,74277,33679,0.6287654229500907,0.3316233088481459
2533,0.5127749738105086,2,6,2,537737,67873,74279,33677,0.6287098447515654,0.3316297390448055
2534,0.5127834444339227,85,342,85,538079,67531,74364,33592,0.6255418874356219,0.3321895117826805
2535,0.5127891441953596,69,210,69,538289,67321,74433,33523,0.6235966504872356,0.33242433858236486
2536,0.512823230276717,1,7,1,538296,67314,74434,33522,0.6235318092556227,0.33244079495418305
2537,0.5128233777071906,9,11,9,538307,67303,74443,33513,0.6234299158916595,0.33241747341691796
2538,0.5128352814323218,4,18,4,538325,67285,74447,33509,0.6232631812960836,0.3324503442665238
2539,0.5128459146559096,7,33,7,538358,67252,74454,33502,0.6229575012041944,0.3325128530877186
2540,0.5128494945079105,0,6,0,538364,67246,74454,33502,0.6229019230056689,0.33253265573510143
2541,0.5128541434339484,2,3,2,538367,67243,74456,33500,0.6228741339064063,0.3325293072471536
2542,0.5128586056502653,1,7,1,538374,67236,74457,33499,0.6228092926747935,0.3325457884548568
2543,0.5128601755004535,0,1,0,538375,67235,74457,33499,0.6228000296417059,0.3325490896817361
2544,0.512863365126843,34,86,34,538461,67149,74491,33465,0.6220034087961762,0.3326077881805713
2545,0.5128843057563132,6,18,6,538479,67131,74497,33459,0.6218366742006003,0.3326274977631971
2546,0.5128949782157652,12,40,12,538519,67091,74509,33447,0.621466152877098,0.3326801806282202
2547,0.5128953295895429,120,377,120,538896,66714,74629,33327,0.6179739894030901,0.3331334152997271
2548,0.5129069854454431,12,26,12,538922,66688,74641,33315,0.6177331505428137,0.333140005799826
2549,0.5129970167151535,4,5,4,538927,66683,74645,33311,0.617686835377376,0.33312998779926795
2550,0.513046059588852,2,4,2,538931,66679,74647,33309,0.6176497832450257,0.33312997559707164
2551,0.5130570876891793,29,60,29,538991,66619,74676,33280,0.6170940012597725,0.33313646783251083
2552,0.5130823141995677,1,0,1,538991,66619,74677,33279,0.6170940012597725,0.333129792388236
2553,0.5130850711784362,8,36,8,539027,66583,74685,33271,0.6167605320686206,0.3331964668415887
2554,0.5130910258400738,2,1,2,539028,66582,74687,33269,0.616751269035533,0.3331864478072328
2555,0.5130951752998949,0,4,0,539032,66578,74687,33269,0.6167142169031827,0.3331997956874017
2556,0.5131446832164814,3,8,3,539040,66570,74690,33266,0.6166401126384824,0.333206458592091
2557,0.5132476791880338,0,2,0,539042,66568,74690,33266,0.6166215865723073,0.3332131338021115
2558,0.5132812997013043,1,0,1,539042,66568,74691,33265,0.6166215865723073,0.33320645477948174
2559,0.5132828189383326,1,4,1,539046,66564,74692,33264,0.616584534439957,0.3332131265777137
2560,0.5133231283497156,1,0,1,539046,66564,74693,33263,0.616584534439957,0.33320644715357567
2561,0.5133361467324598,1,1,1,539047,66563,74694,33262,0.6165752714068695,0.33320310543451037
2562,0.5133602591575076,0,2,0,539049,66561,74694,33262,0.6165567453406944,0.3332097813129239
2563,0.5133883271671784,2,13,2,539062,66548,74696,33260,0.6164363259105562,0.3332398204552741
2564,0.5133889693425869,13,52,13,539114,66496,74709,33247,0.6159546481900033,0.3333266494891872
2565,0.513416423115557,3,23,3,539137,66473,74712,33244,0.6157415984289896,0.3333834752349148
2566,0.5134194215338024,2,3,2,539140,66470,74714,33242,0.615713809329727,0.33338013478819
2567,0.513424176284515,25,78,25,539218,66392,74739,33217,0.6149912927488977,0.33347388288206886
2568,0.5134345620119745,0,1,0,539219,66391,74739,33217,0.6149820297158102,0.3334772307445185
2569,0.5134625152877461,0,3,0,539222,66388,74739,33217,0.6149542406165475,0.33348727473520406
2570,0.5134632768805506,4,14,4,539236,66374,74743,33213,0.6148245581533217,0.3335073855021238
2571,0.5134674262076617,2,4,2,539240,66370,74745,33211,0.6147875060209715,0.3335073959891947
2572,0.5134842720089694,13,14,13,539254,66356,74758,33198,0.6146578235577458,0.33346726399742854
2573,0.5134896075805944,3,2,3,539256,66354,74761,33195,0.6146392974915706,0.3334538769852033
2574,0.5135103358139178,0,3,0,539259,66351,74761,33195,0.6146115083923079,0.33346392622506177
2575,0.5135158311752781,112,443,112,539702,65908,74873,33083,0.6105079847345215,0.3342020991807336
2576,0.513542980031646,0,1,0,539703,65907,74873,33083,0.6104987217014339,0.3342054753005354
2577,0.5135642993213987,0,1,0,539704,65906,74873,33083,0.6104894586683464,0.33420885148854923
2578,0.5136153195145906,5,8,5,539712,65898,74878,33078,0.6104153544036459,0.33420223084384093
2579,0.513681202673447,1,0,1,539712,65898,74879,33077,0.6104153544036459,0.3341955039151301
2580,0.5137430151661565,2,4,2,539716,65894,74881,33075,0.6103783022712957,0.3341955561842597
2581,0.5137539682848155,83,233,83,539949,65661,74964,32992,0.6082200155618955,0.33442470071868063
2582,0.5137769849510152,1,7,1,539956,65654,74965,32991,0.6081551743302827,0.3344416848294389
2583,0.5138167063307275,0,3,0,539959,65651,74965,32991,0.6081273852310201,0.33445185620729506
2584,0.5138355133202183,1,3,1,539962,65648,74966,32990,0.6080995961317573,0.33445528092621507
2585,0.5138421352977748,1,8,1,539970,65640,74967,32989,0.6080254918670569,0.3344756613166513
2586,0.5139246585161799,1,1,1,539971,65639,74968,32988,0.6080162288339694,0.33447230474413703
2587,0.5139303338145164,22,97,22,540068,65542,74990,32966,0.6071177146244766,0.33465302310472245
2588,0.5139601352098475,0,2,0,540070,65540,74990,32966,0.6070991885583016,0.33465981767608066
2589,0.5139929991277374,0,1,0,540071,65539,74990,32966,0.607089925525214,0.3346632150652251
2590,0.5140195733774597,29,99,29,540170,65440,75019,32937,0.6061728852495462,0.3348038667574738
2591,0.5140275904523647,0,1,0,540171,65439,75019,32937,0.6061636222164586,0.33480727006586974
2592,0.5140498206829529,26,55,26,540226,65384,75045,32911,0.605654155396643,0.3348186581209624
2593,0.5140880279955442,0,2,0,540228,65382,75045,32911,0.605635629330468,0.3348254707863225
2594,0.5141064979484631,0,1,0,540229,65381,75045,32911,0.6056263662973804,0.3348288772229683
2595,0.5141496142501205,14,27,14,540256,65354,75059,32897,0.6053762644040165,0.33482610864011564
2596,0.514166003197624,0,2,0,540258,65352,75059,32897,0.6053577383378413,0.3348329245081375
2597,0.5142204817521686,6,5,6,540263,65347,75065,32891,0.6053114231724036,0.3348093405810379
2598,0.5142381378235781,7,21,7,540284,65326,75072,32884,0.605116899477565,0.3348335200081458
2599,0.5142389470014723,0,6,0,540290,65320,75072,32884,0.6050613212790396,0.3348539774347277
2600,0.514250910268859,1,18,1,540308,65302,75073,32883,0.6048945866834636,0.33490859092529407
2601,0.5142824288957965,2,11,2,540319,65291,75075,32881,0.6047926933195006,0.3349325673308072
2602,0.5142868858844355,0,1,0,540320,65290,75075,32881,0.604783430286413,0.33493597905695166
2603,0.514331611888064,1,11,1,540331,65279,75076,32880,0.6046815369224499,0.3349667376399515
2604,0.5143592459659997,0,1,0,540332,65278,75076,32880,0.6046722738893623,0.3349701501660588
2605,0.514407427975478,2,8,2,540340,65270,75078,32878,0.604598169624662,0.3349839018624934
2606,0.514413762539915,0,3,0,540343,65267,75078,32878,0.6045703805253992,0.33499414132151406
2607,0.5144275394124629,1,9,1,540352,65258,75079,32877,0.6044870132276112,0.3350180873286799
2608,0.5144647616282544,1,3,1,540355,65255,75080,32876,0.6044592241283486,0.3350215528222478
2609,0.5144726826578625,1,5,1,540360,65250,75081,32875,0.6044129089629108,0.33503184713375794
2610,0.5144742240294595,4,3,4,540363,65247,75085,32871,0.6043851198636482,0.33501498196049656
2611,0.514495601928404,103,281,103,540644,64966,75188,32768,0.6017822075660454,0.33527738555671516
2612,0.5145159416395952,1,6,1,540650,64960,75189,32767,0.6017266293675201,0.335291168254423
2613,0.5145516421140657,0,1,0,540651,64959,75189,32767,0.6017173663344325,0.33529459918547777
2614,0.514606349208717,0,1,0,540652,64958,75189,32767,0.6017081033013449,0.33529803018674853
2615,0.5146078060721152,28,41,28,540693,64917,75217,32739,0.6013283189447552,0.33524821823543866
2616,0.514623488732611,3,24,3,540717,64893,75220,32736,0.601106006150654,0.3353102049595919
2617,0.5146530578979459,4,10,4,540727,64883,75224,32732,0.6010133758197784,0.33531731803513803
2618,0.5147151306710083,90,284,90,541011,64599,75314,32642,0.598382674422913,0.33568145123970344
2619,0.5147533219624275,2,1,2,541012,64598,75316,32640,0.5983734113898255,0.33567123963882434
2620,0.5147564788246027,1,2,1,541014,64596,75317,32639,0.5983548853236503,0.335671311770453
2621,0.5148037376718357,0,1,0,541015,64595,75317,32639,0.5983456222905629,0.3356747639714503
2622,0.5148042804303313,2,7,2,541022,64588,75319,32637,0.59828078105895,0.3356852661352533
2623,0.5148374559688353,148,377,148,541399,64211,75467,32489,0.5947886175849421,0.33597724922440536
2624,0.514847952256726,2,5,2,541404,64206,75469,32487,0.5947423024195042,0.33598088796500264
2625,0.5148862225675914,1,1,1,541405,64205,75470,32486,0.5947330393864166,0.33597749532014354
2626,0.5148879614839533,47,172,47,541577,64033,75517,32439,0.5931397976953574,0.33625300605356995
2627,0.5148971605620474,7,14,7,541591,64019,75524,32432,0.5930101152321317,0.33625364174554956
2628,0.5149350723033389,4,8,4,541599,64011,75528,32428,0.5929360109674312,0.336254005122409
2629,0.5149388610860884,0,2,0,541601,64009,75528,32428,0.5929174849012561,0.33626097867001253
2630,0.5149556857794163,0,1,0,541602,64008,75528,32428,0.5929082218681685,0.3362644655522834
2631,0.5150053720510569,71,238,71,541840,63770,75599,32357,0.5907036199933307,0.3366067806131472
2632,0.5150153007473516,6,12,6,541852,63758,75605,32351,0.5905924635962799,0.3366073936884163
2633,0.5150181507469666,96,244,96,542096,63514,75701,32255,0.5883322835229168,0.33680000835343377
2634,0.5150556322847233,2,8,2,542104,63506,75703,32253,0.5882581792582163,0.33681429421777587
2635,0.5150880641126814,1,2,1,542106,63504,75704,32252,0.5882396531920412,0.3368144032749906
2636,0.5151044104569461,2,8,2,542114,63496,75706,32250,0.5881655489273407,0.33682869258245773
2637,0.5151598145849208,46,184,46,542298,63312,75752,32204,0.5864611508392308,0.3371581724527828
2638,0.5151884674504699,23,37,23,542335,63275,75775,32181,0.5861184186149913,0.3371291485082132
2639,0.5151929446547052,17,45,17,542380,63230,75792,32164,0.5857015821260514,0.33717005262385474
2640,0.5152067463810133,0,1,0,542381,63229,75792,32164,0.5856923190929638,0.33717358716048346
2641,0.5152116050489021,114,284,114,542665,62945,75906,32050,0.5830616176960984,0.3373861782199063
2642,0.5152297144273248,2,8,2,542673,62937,75908,32048,0.582987513431398,0.3374006422066642
2643,0.51527191022004,15,58,15,542731,62879,75923,32033,0.5824502575123198,0.33750210721510454
2644,0.5152730177134682,0,1,0,542732,62878,75923,32033,0.5824409944792323,0.3375056632002613
2645,0.5152892280949619,5,15,5,542747,62863,75928,32028,0.5823020489829189,0.3375241066065275
2646,0.5153181894479023,0,7,0,542754,62856,75928,32028,0.582237207751306,0.3375490072088023
2647,0.5153182880198552,3,4,3,542758,62852,75931,32025,0.5822001556189559,0.33754229159859606
2648,0.5153389570664284,4,16,4,542774,62836,75935,32021,0.582051947089555,0.3375712915230294
2649,0.5154009374065354,7,16,7,542790,62820,75942,32014,0.5819037385601541,0.33757934917856464
2650,0.5154054196796154,2,2,2,542792,62818,75944,32012,0.5818852124939791,0.33757249815459245
2651,0.5154084100177158,1,1,1,542793,62817,75945,32011,0.5818759494608915,0.33756907242586576
2652,0.5154532353480992,183,502,183,543295,62315,76128,31828,0.5772259068509392,0.33808142931497825
2653,0.515471595339131,1,4,1,543299,62311,76129,31827,0.577188854718589,0.3380887633049353
2654,0.515513461296211,6,28,6,543327,62283,76135,31821,0.5769294897921375,0.33814715633766895
2655,0.5155430747731081,2,3,2,543330,62280,76137,31819,0.5769017006928748,0.338143869754195
2656,0.515589035637912,61,179,61,543509,62101,76198,31758,0.5752436177702027,0.3383586017323858
2657,0.5156208147721708,2,5,2,543514,62096,76200,31756,0.5751973026047649,0.338362528235946
2658,0.515630205141999,1,2,1,543516,62094,76201,31755,0.5751787765385898,0.33836268900041555
2659,0.5157283676737562,0,2,0,543518,62092,76201,31755,0.5751602504724147,0.3383698999435251
2660,0.515743255652511,0,2,0,543520,62090,76201,31755,0.5751417244062396,0.3383771111939901
2661,0.5157473845485276,0,1,0,543521,62089,76201,31755,0.575132461373152,0.338380716934487
2662,0.5157643586116852,3,15,3,543536,62074,76204,31752,0.5749935158768387,0.33841365932683903
2663,0.5157969715775019,1,6,1,543542,62068,76205,31751,0.5749379376783134,0.3384282501412294
2664,0.5158155249546864,0,1,0,543543,62067,76205,31751,0.5749286746452258,0.3384318574260803
2665,0.5158173237583096,0,5,0,543548,62062,76205,31751,0.574882359479788,0.3384498950038907
2666,0.5158366498114122,28,107,28,543655,61955,76233,31723,0.5738912149394197,0.33863874121992354
2667,0.5158544582296022,37,119,37,543774,61836,76270,31686,0.5727889140020008,0.33880798100981585
2668,0.5158593801217929,0,1,0,543775,61835,76270,31686,0.5727796509689133,0.3388116038109088
2669,0.5158758698629727,0,1,0,543776,61834,76270,31686,0.5727703879358257,0.33881522668947817
2670,0.5158782999138432,0,1,0,543777,61833,76270,31686,0.5727611249027381,0.33881884964552655
2671,0.5158922353104982,227,689,227,544466,61144,76497,31459,0.5663788951054133,0.3397190155826485
2672,0.5159065654908054,4,12,4,544478,61132,76501,31455,0.5662677387083627,0.33973451996500587
2673,0.5159319882892905,8,24,8,544502,61108,76509,31447,0.5660454259142613,0.33976554481119337
2674,0.5159888220219462,21,56,21,544558,61052,76530,31426,0.5655266960613583,0.33982136291874826
2675,0.5159951206283939,0,3,0,544561,61049,76530,31426,0.5654989069620957,0.3398323871316572
2676,0.5160004048264393,2,1,2,544562,61048,76532,31424,0.5654896439290081,0.3398217838913401
2677,0.5160355900771587,2,24,2,544586,61024,76534,31422,0.5652673311349068,0.3398957229085087
2678,0.5160365740569899,0,6,0,544592,61018,76534,31422,0.5652117529363815,0.3399177845088706
2679,0.5160436197378234,0,1,0,544593,61017,76534,31422,0.5652024899032939,0.3399214617207023
2680,0.5160552378656476,2,4,2,544597,61013,76536,31420,0.5651654377709437,0.3399218893685156
2681,0.5160786974248653,8,40,8,544637,60973,76544,31412,0.5647949164474415,0.34001190669480974
2682,0.5160846021543574,3,3,3,544640,60970,76547,31409,0.5647671273481789,0.34000151549594604
2683,0.5160956231815766,14,57,14,544697,60913,76561,31395,0.5642391344621883,0.3401113662954457
2684,0.5160986015852094,0,3,0,544700,60910,76561,31395,0.5642113453629256,0.3401224202372569
2685,0.5161125501867602,1,5,1,544705,60905,76562,31394,0.5641650301974879,0.3401336959230328
2686,0.5161194031815792,1,1,1,544706,60904,76563,31393,0.5641557671644003,0.3401302317518446
2687,0.5161231542563799,1,2,1,544708,60902,76564,31392,0.5641372410982252,0.34013045268381475
2688,0.5161236054647953,147,429,147,545137,60473,76711,31245,0.5601633999036645,0.34066377374125034
2689,0.5161302440426467,8,14,8,545151,60459,76719,31237,0.5600337174404387,0.34065826208340605
2690,0.5161696428802905,57,205,57,545356,60254,76776,31180,0.5581347956574901,0.3410110024717282
2691,0.5161774515903725,169,537,169,545893,59717,76945,31011,0.5531605468894735,0.3418018693236928
2692,0.5161786749159972,182,513,182,546406,59204,77127,30829,0.5484086109155581,0.34241889085113236
2693,0.5161792720801225,2,4,2,546410,59200,77129,30827,0.548371558783208,0.3424194963733102
2694,0.51619204889326,1,5,1,546415,59195,77130,30826,0.5483252436177702,0.3424312104953289
2695,0.5161963137888959,1,3,1,546418,59192,77131,30825,0.5482974545185075,0.3424353177733095
2696,0.5162076027512639,3,8,3,546426,59184,77134,30822,0.5482233502538071,0.3424438370775282
2697,0.5162084759998675,0,1,0,546427,59183,77134,30822,0.5482140872207195,0.3424476417976779
2698,0.5162186899116777,72,269,72,546696,58914,77206,30750,0.5457223313201675,0.3429470021413276
2699,0.5162335692250155,4,9,4,546705,58905,77210,30746,0.5456389640223794,0.3429521143099352
2700,0.5162503186243278,2,5,2,546710,58900,77212,30744,0.5455926488569417,0.3429565838204453
2701,0.5162599040108695,1,0,1,546710,58900,77213,30743,0.5455926488569417,0.34294925426413664
2702,0.5163360560398638,55,150,55,546860,58750,77268,30688,0.5442031938938086,0.3431203738902927
2703,0.5163518787779959,157,586,157,547446,58164,77425,30531,0.5387750565045019,0.34422458988669036
2704,0.5163609841988711,0,7,0,547453,58157,77425,30531,0.538710215272889,0.34425175897528415
2705,0.5163848847375168,39,150,39,547603,58007,77464,30492,0.5373207603097558,0.3445462660595035
2706,0.5163900314614404,0,1,0,547604,58006,77464,30492,0.5373114972766683,0.3445501593256345
2707,0.5163911673705978,5,15,5,547619,57991,77469,30487,0.537172551780355,0.34457153190623657
2708,0.5163961006357842,7,8,7,547627,57983,77476,30480,0.5370984475156545,0.3445508291602139
2709,0.5164061598227814,14,47,14,547674,57936,77490,30466,0.5366630849605395,0.3446302119861542
2710,0.516418935843459,8,24,8,547698,57912,77498,30458,0.5364407721664382,0.3446644788955528
2711,0.5164250355412217,102,300,102,547998,57612,77600,30356,0.5336618622401719,0.34508002910149144
2712,0.5164527463780104,0,1,0,547999,57611,77600,30356,0.5336525992070844,0.34508395193652164
2713,0.5164590542341699,1,1,1,548000,57610,77601,30355,0.5336433361739968,0.3450804297163645
2714,0.5164638503028516,61,215,61,548215,57395,77662,30294,0.5316517840601727,0.3454709256577222
2715,0.516464977439445,4,41,4,548256,57354,77666,30290,0.531271999703583,0.3456026653279175
2716,0.5164736443356716,1,0,1,548256,57354,77667,30289,0.531271999703583,0.3455951987038326
2717,0.5164743251565702,54,156,54,548412,57198,77721,30235,0.5298269665419245,0.345807646998273
2718,0.5165181810447733,223,676,223,549088,56522,77944,30012,0.5235651561747379,0.3468232139968105
2719,0.5165206408406131,1,0,1,549088,56522,77945,30011,0.5235651561747379,0.34681566569979083
2720,0.5165305879998171,9,5,9,549093,56517,77954,30002,0.5235188410093001,0.3467677619944752
2721,0.5165308908989581,38,123,38,549216,56394,77992,29964,0.5223794879395309,0.3469742235809074
2722,0.516556429613498,0,1,0,549217,56393,77992,29964,0.5223702249064434,0.3469782414859247
2723,0.5165633875232978,0,2,0,549219,56391,77992,29964,0.5223516988402682,0.34698627757512596
2724,0.5165663601727936,0,2,0,549221,56389,77992,29964,0.5223331727740932,0.34699431403657083
2725,0.5165815004348628,0,4,0,549225,56385,77992,29964,0.5222961206417429,0.34701038807629503
2726,0.5165879788382934,0,3,0,549228,56382,77992,29964,0.5222683315424803,0.3470224445834202
2727,0.5165925710038414,8,18,8,549246,56364,78000,29956,0.5221015969469043,0.3470342910101946
2728,0.5165963447431074,1,4,1,549250,56360,78001,29955,0.5220645448145541,0.34704280831836876
2729,0.5166088306060848,2,3,2,549253,56357,78003,29953,0.5220367557152914,0.34703974047039743
2730,0.5166256768627674,0,8,0,549261,56349,78003,29953,0.521962651450591,0.3470719102685917
2731,0.5166834817685264,5,12,5,549273,56337,78008,29948,0.5218514950535403,0.34708234339688243
2732,0.5167046332833942,3,7,3,549280,56330,78011,29945,0.5217866538219275,0.3470878006374964
2733,0.5167072251533436,0,4,0,549284,56326,78011,29945,0.5217496016895772,0.3471038935447601
2734,0.5167163388933289,3,8,3,549292,56318,78014,29942,0.5216754974248768,0.347113378159054
2735,0.5167351064445505,9,17,9,549309,56301,78023,29933,0.5215180258623884,0.34711366746294964
2736,0.5167438574034448,535,1521,535,550830,54780,78558,29398,0.5074289525362184,0.3492361424600252
2737,0.5167574696774717,19,77,19,550907,54703,78577,29379,0.5067156989884768,0.3494089103494208
2738,0.5167610681603703,0,5,0,550912,54698,78577,29379,0.506669383823039,0.3494296894513363
2739,0.5167734931891502,1,0,1,550912,54698,78578,29378,0.506669383823039,0.3494219515676293
2740,0.5167953044586637,3,10,3,550922,54688,78581,29375,0.5065767534921635,0.34944030072683585
2741,0.5168379518126438,0,3,0,550925,54685,78581,29375,0.5065489643929008,0.3494527718296455
2742,0.5168420115142421,2,2,2,550927,54683,78583,29373,0.5065304383267257,0.34944560769011135
2743,0.5168447403602114,1,2,1,550929,54681,78584,29372,0.5065119122605506,0.349446182765636
2744,0.5168563646821692,5,6,5,550935,54675,78589,29367,0.5064563340620253,0.34943242664382096
2745,0.5168624127998793,1,1,1,550936,54674,78590,29366,0.5064470710289377,0.349428843407901
2746,0.5168673548018653,219,773,219,551709,53901,78809,29147,0.49928674645225835,0.35096570657932763
2747,0.5168679232117162,0,3,0,551712,53898,78809,29147,0.4992589573529957,0.3509783852128364
2748,0.5168738492944764,195,615,195,552327,53283,79004,28952,0.49356219200414986,0.3520642062382197
2749,0.5169262203275253,0,8,0,552335,53275,79004,28952,0.4934880877394494,0.3520984591435903
2750,0.5169563095359043,2,4,2,552339,53271,79006,28950,0.4934510356070992,0.35209982851096433
2751,0.5169612962836684,22,60,22,552399,53211,79028,28928,0.49289525362184594,0.3521834938336235
2752,0.516979484804299,38,114,38,552513,53097,79066,28890,0.49183926784986476,0.35237293717296647
2753,0.516983690781353,3,10,3,552523,53087,79069,28887,0.4917466375189892,0.3523922219240247
2754,0.5169889101691234,0,1,0,552524,53086,79069,28887,0.49173737448590166,0.3523965208056311
2755,0.5169900826669012,2,2,2,552526,53084,79071,28885,0.4917188484197266,0.3523893179128695
2756,0.5169920175611601,0,1,0,552527,53083,79071,28885,0.491709585386639,0.3523936170212766
2757,0.5170107287893487,24,71,24,552598,53012,79095,28861,0.49105191003742266,0.35250937427479145
2758,0.5170465858893305,0,1,0,552599,53011,79095,28861,0.4910426470043351,0.35251367989056087
2759,0.5170533240114212,15,61,15,552660,52950,79110,28846,0.49047760198599427,0.3526578316788107
2760,0.517061941891381,3,0,3,552660,52950,79113,28843,0.49047760198599427,0.3526340884916802
2761,0.5170678084545942,3,4,3,552664,52946,79116,28840,0.4904405498536441,0.3526275890739246
2762,0.5170702320296562,0,1,0,552665,52945,79116,28840,0.49043128682055653,0.3526319007152901
2763,0.5170772140012996,587,1517,587,554182,51428,79703,28253,0.4763792656267368,0.35457637328848784
2764,0.5171182463800371,36,72,36,554254,51356,79739,28217,0.4757123272444329,0.35460520528319905
2765,0.517123926880912,4,48,4,554302,51308,79743,28213,0.47526770165623033,0.35478678588045925
2766,0.5171284844137591,0,4,0,554306,51304,79743,28213,0.4752306495238801,0.35480463297156584
2767,0.5171556409445228,0,7,0,554313,51297,79743,28213,0.47516580829226723,0.35483586970192427
2768,0.5171616916671098,10,20,10,554333,51277,79753,28203,0.4749805476305161,0.35484398590840466
2769,0.5171622167440975,0,1,0,554334,51276,79753,28203,0.4749712845974286,0.35484845053410335
2770,0.5171732481488006,4,5,4,554339,51271,79757,28199,0.4749249694319908,0.3548383037624261
2771,0.5171806717431648,195,510,195,554849,50761,79952,28004,0.4702008225573382,0.35553862756300386
2772,0.5171832602021775,5,13,5,554862,50748,79957,27999,0.47008040312719995,0.3555564021486533
2773,0.5172120231725019,0,1,0,554863,50747,79957,27999,0.47007114009411244,0.3555609173799304
2774,0.5172460451718704,5,9,5,554872,50738,79962,27994,0.4699877727963244,0.3555606360818981
2775,0.5172492188346585,1,0,1,554872,50738,79963,27993,0.4699877727963244,0.35555245075002223
2776,0.5172524799107003,184,584,184,555456,50154,80147,27809,0.4645781614731928,0.356694842425253
2777,0.5172559130689816,2,4,2,555460,50150,80149,27807,0.4645411093408426,0.3566966404556358
2778,0.517297506476363,2,8,2,555468,50142,80151,27805,0.46446700507614214,0.35671674342822685
2779,0.5173033806201873,0,2,0,555470,50140,80151,27805,0.464448479009967,0.35672589646545644
2780,0.5173155455476068,424,1151,424,556621,48989,80575,27381,0.4537867279261922,0.35853083671598796
2781,0.5173245666999124,1,2,1,556623,48987,80576,27380,0.45376820186001704,0.35853182657430566
2782,0.5173681141643357,0,1,0,556624,48986,80576,27380,0.45375893882692947,0.3585365214886206
2783,0.5173684276519074,13,25,13,556649,48961,80589,27367,0.4535273629997406,0.3585447018132271
2784,0.5173955533890957,10,34,10,556683,48927,80599,27357,0.4532124198747638,0.3586204184363694
2785,0.5174099300162929,1,6,1,556689,48921,80600,27356,0.4531568416762385,0.3586402192010698
2786,0.5174241782133624,2,6,2,556695,48915,80602,27354,0.4531012634777131,0.3586516146796208
2787,0.5174430384707486,31,83,31,556778,48832,80633,27323,0.45233243173144616,0.35878143260455647
2788,0.5174445965865824,7,21,7,556799,48811,80640,27316,0.4521379080366075,0.358821443114795
2789,0.5174553663827643,0,10,0,556809,48801,80640,27316,0.45204527770573194,0.3588685838905895
2790,0.5174554092415724,0,1,0,556810,48800,80640,27316,0.4520360146726444,0.3588732986494298
2791,0.5174621673228487,626,1668,626,558478,47132,81266,26690,0.436585275482604,0.3615453387878952
2792,0.517472827602419,0,4,0,558482,47128,81266,26690,0.4365482233502538,0.3615649299628817
2793,0.5174794582341032,7,10,7,558492,47118,81273,26683,0.43645559301937825,0.361553366485549
2794,0.5174876374645949,0,3,0,558495,47115,81273,26683,0.4364278039201156,0.3615680641751809
2795,0.5174922263292365,2,6,2,558501,47109,81275,26681,0.4363722257215903,0.36158015991326736
2796,0.5175067083020731,2,3,2,558504,47106,81277,26679,0.43634443662232764,0.36157755641390527
2797,0.5175120945633565,3,6,3,558510,47100,81280,26676,0.4362888584238023,0.3615810019518543
2798,0.5175151751757718,662,1669,662,560179,45431,81942,26014,0.42082885620067434,0.36411225418153825
2799,0.5175203441654143,4,16,4,560195,45415,81946,26010,0.4206806476712735,0.3641582079103955
2800,0.5175256851717508,0,4,0,560199,45411,81946,26010,0.4206435955389233,0.3641786029319108
2801,0.5175446076970724,1,4,1,560203,45407,81947,26009,0.42060654340657305,0.3641900974571525
2802,0.5175561880497697,6,41,6,560244,45366,81953,26003,0.4202267590499833,0.3643458644509521
2803,0.5175705235671049,20,70,20,560314,45296,81973,25983,0.4195783467338545,0.36452531601172855
2804,0.5175758686405485,183,452,183,560766,44844,82156,25800,0.41539145577828,0.3652114829284865
2805,0.5175803255629547,0,2,0,560768,44842,82156,25800,0.41537292971210493,0.3652218227117012
2806,0.5175855880766396,4,2,4,560770,44840,82160,25796,0.41535440364592985,0.3651962172263435
2807,0.5176049327998434,1,2,1,560772,44838,82161,25795,0.4153358775797547,0.36519757054068214
2808,0.5176091789719844,2,0,2,560772,44838,82163,25793,0.4153358775797547,0.36517959536181
2809,0.5176416928601151,33,68,33,560840,44770,82196,25760,0.414705991329801,0.3652346519211683
2810,0.517646999703419,28,64,28,560904,44706,82224,25732,0.41411315721219755,0.3653141770067293
2811,0.517652972353484,2,2,2,560906,44704,82226,25730,0.41409463114602246,0.36530652809722575
2812,0.5176719907639872,0,2,0,560908,44702,82226,25730,0.4140761050798473,0.3653169014084507
2813,0.5176766932023847,0,1,0,560909,44701,82226,25730,0.4140668420467598,0.36532208828498813
2814,0.5176865721552408,13,64,13,560973,44637,82239,25717,0.41347400792915634,0.3655371407453734
2815,0.5177041154603763,0,1,0,560974,44636,82239,25717,0.41346474489606877,0.3655423365030631
2816,0.517743091668489,0,2,0,560976,44634,82239,25717,0.4134462188298937,0.3655527284615713
2817,0.5177432127893552,0,2,0,560978,44632,82239,25717,0.41342769276371855,0.36556312101095967
2818,0.5177499857310407,29,67,29,561045,44565,82268,25688,0.4128070695468524,0.3656498654861714
2819,0.5177548452492899,0,1,0,561046,44564,82268,25688,0.41279780651376485,0.36565507031828276
2820,0.5177649458096927,2,5,2,561051,44559,82270,25686,0.4127514913483271,0.36566303651505444
2821,0.5177844190921633,25,53,25,561104,44506,82295,25661,0.41226055059468675,0.3657132270155486
2822,0.517817387447308,8,25,8,561129,44481,82303,25653,0.4120289747674979,0.36577123791598937
2823,0.5178522830873433,1,7,1,561136,44474,82304,25652,0.411964133535885,0.36579870518780483
2824,0.5178680867471509,0,1,0,561137,44473,82304,25652,0.41195487050279744,0.36580392156862745
2825,0.5178755459616016,15,42,15,561179,44431,82319,25637,0.4115658231131202,0.3658874236456014
2826,0.5178963438679348,7,15,7,561194,44416,82326,25630,0.41142687761680685,0.3659024069896925
2827,0.5178989286783373,1,5,1,561199,44411,82327,25629,0.41138056245136906,0.36591947458595087
2828,0.5179082789761404,12,23,12,561222,44388,82339,25617,0.41116751269035534,0.3659310049282194
2829,0.5179178665200684,4,9,4,561231,44379,82343,25613,0.4110841453925673,0.3659418219225054
2830,0.517933182411431,0,3,0,561234,44376,82343,25613,0.41105635629330467,0.36595750760833845
2831,0.5179778066436685,1,3,1,561237,44373,82344,25612,0.411028567194042,0.3659641351718225
2832,0.5179800900141147,0,1,0,561238,44372,82344,25612,0.41101930416095445,0.3659693644261546
2833,0.5179872445414753,8,18,8,561256,44354,82352,25604,0.41085256956537847,0.36599102318533977
2834,0.5180081586428431,46,144,46,561400,44210,82398,25558,0.4095186928007707,0.36632840270611167
2835,0.5180290586190724,35,72,35,561472,44138,82433,25523,0.4088517544184668,0.36638865362254347
2836,0.5180338113235239,2,2,2,561474,44136,82435,25521,0.4088332283522917,0.3663809810930703
2837,0.5180411012032129,6,11,6,561485,44125,82441,25515,0.4087313349883286,0.3663842619184377
2838,0.518054346632409,3,7,3,561492,44118,82444,25512,0.4086664937567157,0.36639379577768205
2839,0.5180849052587804,1,0,1,561492,44118,82445,25511,0.4086664937567157,0.36638469603182583
2840,0.5180895664740861,15,24,15,561516,44094,82460,25496,0.4084441809626144,0.3663744790918235
2841,0.5180993703978228,1,2,1,561518,44092,82461,25495,0.4084256548964393,0.3663759035452024
2842,0.5181069911566626,0,1,0,561519,44091,82461,25495,0.4084163918633517,0.366381168625873
2843,0.5181158264756542,0,1,0,561520,44090,82461,25495,0.4084071288302642,0.3663864338578717
2844,0.5181486348625596,1,3,1,561523,44087,82462,25494,0.40837933973100154,0.3663931245598655
2845,0.518148996499027,1,0,1,561523,44087,82463,25493,0.40837933973100154,0.3663840183960908
2846,0.5181519946404617,0,2,0,561525,44085,82463,25493,0.4083608136648264,0.3663945500014372
2847,0.5181587876841125,211,575,211,562100,43510,82674,25282,0.40303456963948275,0.367513664379579
2848,0.5181712572352521,4,1,4,562101,43509,82678,25278,0.4030253066063952,0.3674822277465219
2849,0.5181753638384665,15,32,15,562133,43477,82693,25263,0.40272888954759345,0.3675152749490835
2850,0.5182275912831864,1,1,1,562134,43476,82694,25262,0.40271962651450594,0.36751142017515787
2851,0.518237258877875,3,14,3,562148,43462,82697,25259,0.4025899440512801,0.3675586792974491
2852,0.518238098846951,23,55,23,562203,43407,82720,25236,0.4020804772314647,0.3676412744198243
2853,0.5182412156483844,2,3,2,562206,43404,82722,25234,0.402052688132202,0.3676389172178677
2854,0.5182418405037531,0,2,0,562208,43402,82722,25234,0.4020341620660269,0.3676496299318142
2855,0.5182423963565737,0,1,0,562209,43401,82722,25234,0.40202489903293936,0.36765498652291106
2856,0.5182516690457023,72,177,72,562386,43224,82794,25162,0.4003853421764422,0.3679408065978417
2857,0.5182527105203887,4,15,4,562401,43209,82798,25158,0.40024639668012896,0.36798455395146784
2858,0.5182569458670608,1,3,1,562404,43206,82799,25157,0.4002186075808663,0.36799145736728933
2859,0.518267927766217,46,75,46,562479,43131,82845,25111,0.39952388009929973,0.36796987192637964
2860,0.5182687560779076,1,1,1,562480,43130,82846,25110,0.39951461706621216,0.36796600234466587
2861,0.5182902818095635,0,3,0,562483,43127,82846,25110,0.3994868279669495,0.36798217975585096
2862,0.5183021176204308,3,4,3,562487,43123,82849,25107,0.3994497758345993,0.36797596365235236
2863,0.5183024254787252,0,1,0,562488,43122,82849,25107,0.3994405128015117,0.3679813569010245
2864,0.5183030251689137,63,189,63,562677,42933,82912,25044,0.39768979954796396,0.368418729864513
2865,0.5183254349340366,3,7,3,562684,42926,82915,25041,0.3976249583163511,0.3684287963276296
2866,0.5183300646994753,11,22,11,562706,42904,82926,25030,0.39742117158842494,0.3684458444961286
2867,0.5183351870692772,0,4,0,562710,42900,82926,25030,0.3973841194560747,0.3684675401148241
2868,0.5183537350921854,1,1,1,562711,42899,82927,25029,0.39737485642298714,0.3684636674125545
2869,0.5183624691813756,0,5,0,562716,42894,82927,25029,0.39732854125754935,0.36849079104279847
2870,0.5183763481753396,0,1,0,562717,42893,82927,25029,0.39731927822446184,0.36849621624804924
2871,0.5183811642463956,1,3,1,562720,42890,82928,25028,0.3972914891251992,0.3685031950293
2872,0.5184013679034395,0,1,0,562721,42889,82928,25028,0.3972822260921116,0.368508620816585
2873,0.5184141311610124,1,0,1,562721,42889,82929,25027,0.3972822260921116,0.3684993226927381
2874,0.5184396477686168,6,14,6,562735,42875,82935,25021,0.39715254362888586,0.36851950041239545
2875,0.5184402841637864,1,1,1,562736,42874,82936,25020,0.3971432805957983,0.36851562730138154
2876,0.5184411973508135,3,16,3,562752,42858,82939,25017,0.39699507206639745,0.3685745856353591
2877,0.5184462306461103,24,79,24,562831,42779,82963,24993,0.39626329245248065,0.36878061736410317
2878,0.5184824955308456,5,11,5,562842,42768,82968,24988,0.39616139908851755,0.3687939075506228
2879,0.5185047301113129,9,18,9,562860,42750,82977,24979,0.3959946644929416,0.3688080438217012
2880,0.5185122882625972,0,2,0,562862,42748,82977,24979,0.39597613842676643,0.36881893484134837
2881,0.5185150302980652,11,23,11,562885,42725,82988,24968,0.3957630886657527,0.36884168230097647
2882,0.5185327235395711,0,5,0,562890,42720,82988,24968,0.3957167735003149,0.36886892802269233
2883,0.5185537151345533,3,10,3,562900,42710,82991,24965,0.3956241431694394,0.3688954562246029
2884,0.5185640773294524,13,19,13,562919,42691,83004,24952,0.3954481455407759,0.36887778484100353
2885,0.5185647299806361,71,219,71,563138,42472,83075,24881,0.3934195412946015,0.3694119044437516
2886,0.518591186548068,0,1,0,563139,42471,83075,24881,0.3934102782615139,0.36941738923862694
2887,0.5186172937653695,54,149,54,563288,42322,83129,24827,0.39203008633146835,0.36973000342521856
2888,0.5186289169019465,10,16,10,563304,42306,83139,24817,0.3918818778020675,0.36972423759367135
2889,0.5186473049743858,3,8,3,563312,42298,83142,24814,0.39180777353736707,0.36974013589223986
2890,0.5186781178862037,1,1,1,563313,42297,83143,24813,0.3917985105042795,0.3697362539114886
2891,0.5186816151688581,6,3,6,563316,42294,83149,24807,0.39177072140501684,0.3696964277730585
2892,0.5186888070270091,24,45,24,563361,42249,83173,24783,0.3913538849160769,0.369718940207662
2893,0.518698368804437,0,8,0,563369,42241,83173,24783,0.3912797806513765,0.3697630699450943
2894,0.5187039442845751,22,52,22,563421,42189,83195,24761,0.3907981029308237,0.3698431665421957
2895,0.5187256191044579,1,5,1,563426,42184,83196,24760,0.3907517877653859,0.36986137667304014
2896,0.5187260047149576,2,3,2,563429,42181,83198,24758,0.39072399866612323,0.36985912547244504
2897,0.5187478986343101,59,141,59,563570,42040,83257,24699,0.3894179110007781,0.37008345944650056
2898,0.5187595114702472,9,28,9,563598,42012,83266,24690,0.3891585460743266,0.3701538184762076
2899,0.518767618384455,1,0,1,563598,42012,83267,24689,0.3891585460743266,0.370144375646542
2900,0.5187772485790034,0,3,0,563601,42009,83267,24689,0.38913075697506394,0.3701610243185703
2901,0.5187972061435397,5,14,5,563615,41995,83272,24684,0.38900107451183813,0.3701915145698046
2902,0.5188099785888205,1,17,1,563632,41978,83273,24683,0.3888436029493497,0.3702764735002475
2903,0.5188333533624789,34,142,34,563774,41836,83307,24649,0.387528252250917,0.3707452808904264
2904,0.5188389397862305,65,131,65,563905,41705,83372,24584,0.38631479491644743,0.3708609271523179
2905,0.5188554019816581,6,12,6,563917,41693,83378,24578,0.38620363851939676,0.37087112009778034
2906,0.5188905100986552,11,58,11,563975,41635,83389,24567,0.38566638260031866,0.37109150780943173
2907,0.5189156201102737,89,201,89,564176,41434,83478,24478,0.38380451294972023,0.3713739531496541
2908,0.5189274478992345,8,5,8,564181,41429,83486,24470,0.3837581977842825,0.3713258167802243
2909,0.51893901092681,0,7,0,564188,41422,83486,24470,0.3836933565526696,0.3713652643720027
2910,0.5189506483662012,4,48,4,564236,41374,83490,24466,0.383248730964467,0.3715978128797084
2911,0.5190178739637986,1,0,1,564236,41374,83491,24465,0.383248730964467,0.3715882683515849
2912,0.5190275616796608,2,1,2,564237,41373,83493,24463,0.3832394679313795,0.37157482228567956
2913,0.519030161745589,0,1,0,564238,41372,83493,24463,0.3832302048982919,0.3715804663173084
2914,0.5190344148018485,77,233,77,564471,41139,83570,24386,0.38107191818889175,0.37216329645173596
2915,0.5190739664425601,18,37,18,564508,41102,83588,24368,0.3807291859646523,0.3722010080953108
2916,0.5190791460495617,3,5,3,564513,41097,83591,24365,0.3806828707992145,0.3722006660352571
2917,0.5190999303745281,0,1,0,564514,41096,83591,24365,0.38067360776612696,0.3722063518736347
2918,0.5191366678599738,5,19,5,564533,41077,83596,24360,0.3804976101374634,0.3722664547580115
2919,0.519140449342703,2,2,2,564535,41075,83598,24358,0.3804790840712883,0.3722586462488347
2920,0.5191483424663965,59,229,59,564764,40846,83657,24299,0.3783578494942384,0.37299869521835904
2921,0.5191573087164588,0,1,0,564765,40845,83657,24299,0.3783485864611508,0.37300442097507064
2922,0.5191581105371061,0,1,0,564766,40844,83657,24299,0.3783393234280633,0.37301014690757256
2923,0.5191941907660923,20,43,20,564809,40801,83677,24279,0.3779410130052985,0.3730639213275968
2924,0.5192097232317714,0,1,0,564810,40800,83677,24279,0.3779317499722109,0.373069653805375
2925,0.5192541404487526,1,2,1,564812,40798,83678,24278,0.37791322390603577,0.37307148564755055
2926,0.5192641915704169,7,30,7,564842,40768,83685,24271,0.37763533291340917,0.37317609434339394
2927,0.5192655031251815,9,24,9,564866,40744,83694,24262,0.3774130201193079,0.3732270867304556
2928,0.5192838672901007,0,5,0,564871,40739,83694,24262,0.3773667049538701,0.3732557960646759
2929,0.5193076745639764,2,8,2,564879,40731,83696,24260,0.37729260068916964,0.3732824544936991
2930,0.5193137964632153,22,82,22,564961,40649,83718,24238,0.3765330319759902,0.3735416955630558
2931,0.5193247205657336,0,1,0,564962,40648,83718,24238,0.3765237689429027,0.37354745245507504
2932,0.5193321199550485,1,4,1,564966,40644,83719,24237,0.37648671681055246,0.3735608267443473
2933,0.5193403454471002,3,7,3,564973,40637,83722,24234,0.3764218755789396,0.37357216629927087
2934,0.5193430487030878,6,12,6,564985,40625,83728,24228,0.3763107191818889,0.3735833346182906
2935,0.5193991368472298,72,202,72,565187,40423,83800,24156,0.37443958649820297,0.37405348487898543
2936,0.519419301867727,0,2,0,565189,40421,83800,24156,0.3744210604320279,0.37406506960682595
2937,0.5194226014190743,80,194,80,565383,40227,83880,24076,0.37262403201304234,0.37441487955460867
2938,0.5194253113682178,0,4,0,565387,40223,83880,24076,0.3725869798806921,0.3744381716667444
2939,0.5194588589884555,2,0,2,565387,40223,83882,24074,0.3725869798806921,0.37441871315924535
2940,0.5194635221472003,5,11,5,565398,40212,83887,24069,0.372485086516729,0.37443412516917907
2941,0.5194655755767645,2,4,2,565402,40208,83889,24067,0.37244803438437885,0.374437961882536
2942,0.5194858483000424,66,215,66,565617,39993,83955,24001,0.37045648227055467,0.3750507860111886
2943,0.5194936764429668,20,68,20,565685,39925,83975,23981,0.369826596020601,0.3752542797233437
2944,0.519515678268603,39,109,39,565794,39816,84014,23942,0.3688169254140576,0.3755136610307726
2945,0.5195265921604041,5,7,5,565801,39809,84019,23937,0.3687520841824447,0.37550591409657075
2946,0.5195592238017797,0,2,0,565803,39807,84019,23937,0.36873355811626957,0.37551769578313254
2947,0.5195612690196837,1,0,1,565803,39807,84020,23936,0.36873355811626957,0.3755078989065466
2948,0.5195869366196902,17,66,17,565869,39741,84037,23919,0.368122197932491,0.3757304429783223
2949,0.5195953918802293,6,7,6,565876,39734,84043,23913,0.36805735670087814,0.37571291655537575
2950,0.5195975624019524,18,45,18,565921,39689,84061,23895,0.3676405202119382,0.3758020885757423
2951,0.5196011800916944,13,29,13,565950,39660,84074,23882,0.36737189225239913,0.37584589720185074
2952,0.519601560174948,0,1,0,565951,39659,84074,23882,0.36736262921931156,0.3758518122157347
2953,0.5196055362521395,3,17,3,565968,39642,84077,23879,0.36720515765682316,0.3759229231277845
2954,0.5196116234587049,2,4,2,565972,39638,84079,23877,0.36716810552447293,0.3759269463906164
2955,0.5196155507212132,8,31,8,566003,39607,84087,23869,0.36688095149875877,0.37603188606717497
2956,0.5196506012041807,0,1,0,566004,39606,84087,23869,0.3668716884656712,0.3760378101614809
2957,0.5197238571875584,17,33,17,566037,39573,84104,23852,0.3665660083737819,0.3760662199448167
2958,0.5197302813891225,2,18,2,566055,39555,84106,23850,0.3663992737782059,0.376153300212917
2959,0.5197403128279864,4,10,4,566065,39545,84110,23846,0.3663066434473304,0.37617327380858484
2960,0.5197482638982672,7,16,7,566081,39529,84117,23839,0.36615843491792954,0.37619934351723266
2961,0.5197747019496303,1,3,1,566084,39526,84118,23838,0.3661306458186669,0.3762073101445616
2962,0.5197893560254729,3,4,3,566088,39522,84121,23835,0.36609359368631667,0.37620152469340407
2963,0.5197902720572314,42,137,42,566225,39385,84163,23793,0.3648245581533217,0.37660261483427776
2964,0.5197969077437845,0,3,0,566228,39382,84163,23793,0.36479676905405906,0.37662049861495844
2965,0.5197975662413957,0,5,0,566233,39377,84163,23793,0.3647504538886213,0.37665030869083427
2966,0.5198193765774068,2,12,2,566245,39365,84165,23791,0.36463929749157065,0.3767021343973653
2967,0.5198642972271595,4,8,4,566253,39357,84169,23787,0.3645651932268702,0.3767103762827822
2968,0.5198700299537145,5,20,5,566273,39337,84174,23782,0.36437993256511914,0.37678036724282704
2969,0.5198827931546586,2,5,2,566278,39332,84176,23780,0.36433361739968134,0.376790467739891
2970,0.5198886366518328,4,5,4,566283,39327,84180,23776,0.3642873022342436,0.37678081866155333
2971,0.519913321551151,5,17,5,566300,39310,84185,23771,0.36412983067175514,0.3768329607964363
2972,0.519918977534674,27,67,27,566367,39243,84212,23744,0.363509207454889,0.3769666756632321
2973,0.519989819663922,2,1,2,566368,39242,84214,23742,0.3634999444218015,0.37695287692112284
2974,0.520009864388307,8,28,8,566396,39214,84222,23734,0.36324057949534994,0.3770413674779183
2975,0.5200249589532372,0,2,0,566398,39212,84222,23734,0.36322205342917485,0.3770533473135704
2976,0.5200508270179013,356,707,356,567105,38505,84578,23378,0.35667308903627404,0.3777774186771811
2977,0.5200740018269356,4,5,4,567110,38500,84582,23374,0.35662677387083624,0.3777677214985293
2978,0.5201005775621408,0,2,0,567112,38498,84582,23374,0.35660824780466116,0.37777993276441685
2979,0.5201258544772698,2,6,2,567118,38492,84584,23372,0.35655266960613585,0.37779645674382517
2980,0.5201304139825328,3,9,3,567127,38483,84587,23369,0.35646930230834784,0.3778212507275432
2981,0.5201360833287509,1,2,1,567129,38481,84588,23368,0.35645077624217275,0.37782340862423
2982,0.5201537793824819,58,108,58,567237,38373,84646,23310,0.3554503686687169,0.37789990759204317
2983,0.5201583247737551,0,1,0,567238,38372,84646,23310,0.3554411056356293,0.3779060341752861
2984,0.5201764666425732,1,0,1,567238,38372,84647,23309,0.3554411056356293,0.3778959485092654
2985,0.5201805167786409,55,153,55,567391,38219,84702,23254,0.35402386157323357,0.37827989523856004
2986,0.5201892720520773,46,118,46,567509,38101,84748,23208,0.35293082366890216,0.3785414865680406
2987,0.5201956183614923,0,1,0,567510,38100,84748,23208,0.3529215606358146,0.3785476609904091
2988,0.5202027603272017,40,65,40,567575,38035,84788,23168,0.35231946348512355,0.37854353544760877
2989,0.5202092770195212,1,3,1,567578,38032,84789,23167,0.3522916743858609,0.3785519371231556
2990,0.5202137742429411,410,836,410,568414,37196,85199,22757,0.34454777872466563,0.3795806715260287
2991,0.5202372842299584,0,2,0,568416,37194,85199,22757,0.3445292526584905,0.37959333455655453
2992,0.5202653694982828,54,102,54,568518,37092,85253,22703,0.34358442328356,0.37968057529893806
2993,0.5202708566341023,8,26,8,568544,37066,85261,22695,0.34334358442328355,0.3797627215073376
2994,0.5202915050013897,0,10,0,568554,37056,85261,22695,0.343250954092408,0.3798262790580911
2995,0.5202974484159927,80,309,80,568863,36747,85341,22615,0.3403886768683538,0.38096762238469056
2996,0.520321687998753,15,32,15,568895,36715,85356,22600,0.34009225980955204,0.38101660625474165
2997,0.5203306516641552,1,0,1,568895,36715,85357,22599,0.34009225980955204,0.3810061705499545
2998,0.5203327402841311,19,29,19,568924,36686,85376,22580,0.33982363185001296,0.38099416191408225
2999,0.5203345505534895,0,1,0,568925,36685,85376,22580,0.3398143688169254,0.38100059056778873
3000,0.5203625961437974,8,14,8,568939,36671,85384,22572,0.33968468635369964,0.38100703880627246
3001,0.5203923975813853,1,1,1,568940,36670,85385,22571,0.3396754233206121,0.38100302155601695
3002,0.5204555745269752,43,102,43,569042,36568,85428,22528,0.33873059394568156,0.3812102341952078
3003,0.5204569082163084,57,141,57,569183,36427,85485,22471,0.33742450628033643,0.38152399062786513
3004,0.5204841600221215,68,174,68,569357,36253,85553,22403,0.335812738523102,0.38193876159301693
3005,0.5205089767559136,5,4,5,569361,36249,85558,22398,0.3357756863907518,0.381912118266919
3006,0.520522143159598,1,3,1,569364,36246,85559,22397,0.33574789729148913,0.38192111590471156
3007,0.5205223246959296,1,8,1,569372,36238,85560,22396,0.3356737930267887,0.3819626837670976
3008,0.5205344316596461,28,47,28,569419,36191,85588,22368,0.3352384304716736,0.38197373589029865
3009,0.5205484390891087,57,142,57,569561,36049,85645,22311,0.3339230797732409,0.3822995202193283
3010,0.5205905198037881,307,723,307,570284,35326,85952,22004,0.3272259068509393,0.38381301238444093
3011,0.5205979215340477,57,163,57,570447,35163,86009,21947,0.32571603245766795,0.3842934687445281
3012,0.5206477846078043,17,37,17,570484,35126,86026,21930,0.3253733002334284,0.3843592260235558
3013,0.5206557512182414,2,5,2,570489,35121,86028,21928,0.3253269850679907,0.38437132990937617
3014,0.5206582302887968,15,70,15,570559,35051,86043,21913,0.32467857275186185,0.38468155326170916
3015,0.520665813690795,1,4,1,570563,35047,86044,21912,0.3246415206195116,0.3846977650590776
3016,0.5207012789766351,4,11,4,570574,35036,86048,21908,0.3245396272555486,0.38472885642034277
3017,0.5207503734737868,7,5,7,570579,35031,86055,21901,0.3244933120901108,0.38468699501159276
3018,0.5207638486313373,0,2,0,570581,35029,86055,21901,0.3244747860239357,0.3847005093975057
3019,0.5207713047477237,58,158,58,570739,34871,86113,21843,0.3230112267961021,0.3851429982015023
3020,0.5207866295409483,1,8,1,570747,34863,86114,21842,0.32293712253140167,0.38518649149105016
3021,0.5208654866736192,0,1,0,570748,34862,86114,21842,0.32292785949831415,0.3851932844243792
3022,0.5208785512855827,12,20,12,570768,34842,86126,21830,0.32274259883656303,0.38519904009034445
3023,0.5208854784972414,521,1020,521,571788,33822,86647,21309,0.31329430508725775,0.3865157533873864
3024,0.52089771900199,75,150,75,571938,33672,86722,21234,0.31190485012412467,0.3867336903070703
3025,0.5209215748177612,11,54,11,571992,33618,86733,21223,0.31140464633739673,0.3869914844732955
3026,0.5209324224488452,8,36,8,572028,33582,86741,21215,0.31107117714624477,0.3871562311805391
3027,0.5209568091594375,0,4,0,572032,33578,86741,21215,0.31103412501389455,0.38718449436971875
3028,0.5209801456107523,499,1065,499,573097,32513,87240,20716,0.30116899477564935,0.3891863457889496
3029,0.5209829741545704,0,1,0,573098,32512,87240,20716,0.3011597317425618,0.3891936574735102
3030,0.5209860836454252,0,3,0,573101,32509,87240,20716,0.3011319426432991,0.3892155941756693
3031,0.5209908161952355,0,2,0,573103,32507,87240,20716,0.30111341657712404,0.38923022001766155
3032,0.521007059370839,0,1,0,573104,32506,87240,20716,0.30110415354403647,0.38923753335086997
3033,0.5210230744134164,0,1,0,573105,32505,87240,20716,0.3010948905109489,0.3892448469589072
3034,0.5210304345012396,45,122,45,573227,32383,87285,20671,0.29996480047426727,0.3896218946733517
3035,0.5210432202439107,1,1,1,573228,32382,87286,20670,0.29995553744117975,0.38961773354444695
3036,0.5210578331758249,17,27,17,573255,32355,87303,20653,0.29970543554781576,0.38962043465137336
3037,0.5210670918769427,2,3,2,573258,32352,87305,20651,0.2996776464485531,0.38961945550251875
3038,0.5210803487077108,1,1,1,573259,32351,87306,20650,0.29966838341546553,0.38961529027754194
3039,0.5210865379305765,1,1,1,573260,32350,87307,20649,0.299659120382378,0.3896111247382026
3040,0.5210888850796357,2,15,2,573275,32335,87309,20647,0.2995201748860647,0.38969838813181834
3041,0.5211020369648458,1,1,1,573276,32334,87310,20646,0.2995109118529771,0.3896942242355606
3042,0.5211687415014759,1,1,1,573277,32333,87311,20645,0.2995016488198896,0.389690060024916
3043,0.5212398399608161,0,1,0,573278,32332,87311,20645,0.29949238578680204,0.3896974158597127
3044,0.5212572640711722,0,1,0,573279,32331,87311,20645,0.29948312275371447,0.3897047719722138
3045,0.5212699049531818,6,12,6,573291,32319,87317,20639,0.2993719663566638,0.38972393217266516
3046,0.5212744389746209,1,11,1,573302,32308,87318,20638,0.29927007299270075,0.38979337438144523
3047,0.5212826631598109,4,2,4,573304,32306,87322,20634,0.2992515469265256,0.3897619947109936
3048,0.5213038977839531,0,1,0,573305,32305,87322,20634,0.29924228389343804,0.38976935718468425
3049,0.521305705203076,70,148,70,573453,32157,87392,20564,0.29787135499648004,0.3900532994442442
3050,0.5213155133249866,16,44,16,573497,32113,87408,20548,0.29746378154062764,0.3901938816201743
3051,0.5213158826777773,6,7,6,573504,32106,87414,20542,0.29739894030901476,0.3901762650053183
3052,0.5213481331053915,2,3,2,573507,32103,87416,20540,0.2973711512097521,0.3901753319529662
3053,0.521353650454306,0,1,0,573508,32102,87416,20540,0.2973618881766646,0.3901827438167243
3054,0.5213866562129102,10,41,10,573549,32061,87426,20530,0.29698210382007484,0.39037097602251336
3055,0.5214258491696814,3,12,3,573561,32049,87429,20527,0.29687094742302417,0.39042528910529517
3056,0.5214270925615948,1,1,1,573562,32048,87430,20526,0.29686168438993665,0.3904211207060524
3057,0.5214900200976186,1,0,1,573562,32048,87431,20525,0.29686168438993665,0.3904095258022179
3058,0.5216225875472993,48,78,48,573640,31970,87479,20477,0.29613916780910743,0.39043224588632336
3059,0.5216461809422159,1,0,1,573640,31970,87480,20476,0.29613916780910743,0.39042062311711095
3060,0.5216672647518614,1,1,1,573641,31969,87481,20475,0.29612990477601986,0.3904164442071543
3061,0.5216782168807231,0,1,0,573642,31968,87481,20475,0.2961206417429323,0.3904238887935473
3062,0.5217015645707013,50,160,50,573802,31808,87531,20425,0.2946385564489236,0.39103631803649036
3063,0.5217143235480324,31,71,31,573873,31737,87562,20394,0.29398088109970727,0.3912067675663233
3064,0.5217566568066122,2,3,2,573876,31734,87564,20392,0.2939530920004446,0.3912059241069716
3065,0.5218218251645383,0,1,0,573877,31733,87564,20392,0.29394382896735705,0.39121342925659475
3066,0.5218223100001421,0,1,0,573878,31732,87564,20392,0.29393456593426953,0.3912209346941908
3067,0.5218387844257959,2,11,2,573889,31721,87566,20390,0.29383267257030643,0.3912801519832665
3068,0.5218737373762777,2,8,2,573897,31713,87568,20388,0.293758568305606,0.3913168653192837
3069,0.5218801834394567,0,1,0,573898,31712,87568,20388,0.2937493052725184,0.39132437619961613
3070,0.521953685341822,0,2,0,573900,31710,87568,20388,0.29373077920634333,0.3913393988252908
3071,0.5219780124975066,16,17,16,573917,31693,87584,20372,0.2935733076438549,0.3912801306059733
3072,0.5219909460601428,11,32,11,573949,31661,87595,20361,0.2932768905850532,0.39139210334089425
3073,0.5220027020833661,56,141,56,574090,31520,87651,20305,0.291970802919708,0.3917993246502653
3074,0.5220289450287108,0,4,0,574094,31516,87651,20305,0.29193375078735784,0.3918295671638911
3075,0.5220359172019876,52,123,52,574217,31393,87703,20253,0.29079439771758864,0.39215040855051697
3076,0.5220362361303239,0,4,0,574221,31389,87703,20253,0.2907573455852384,0.39218078308353665
3077,0.5220490042254571,1,1,1,574222,31388,87704,20252,0.2907480825521509,0.39217660728117737
3078,0.5220568696301775,4,6,4,574228,31382,87708,20248,0.29069250435362554,0.3921750920007747
3079,0.522088903396202,0,4,0,574232,31378,87708,20248,0.2906554522212753,0.39220547785999305
3080,0.522104397961878,69,142,69,574374,31236,87777,20179,0.2893401015228426,0.39247301371195176
3081,0.5221129577743195,94,167,94,574541,31069,87871,20085,0.28779317499722107,0.39263791687844546
3082,0.5221482426019545,245,522,245,575063,30547,88116,19840,0.2829578717255178,0.39375235675868775
3083,0.5221638188904169,1,5,1,575068,30542,88117,19839,0.28291155656008005,0.39377940096464936
3084,0.522176259286902,0,1,0,575069,30541,88117,19839,0.2829022935269925,0.3937872171496626
3085,0.5222141293494478,8,12,8,575081,30529,88125,19831,0.2827911371299418,0.3937847498014297
3086,0.5222193125598225,0,1,0,575082,30528,88125,19831,0.2827818740968543,0.39379256935205226
3087,0.5222229090958579,1,0,1,575082,30528,88126,19830,0.2827818740968543,0.3937805313952103
3088,0.5222407695052367,18,40,18,575122,30488,88144,19812,0.2824113527733521,0.39387673956262426
3089,0.5222786934112721,9,27,9,575149,30461,88153,19803,0.28216125087998817,0.39397978672608625
3090,0.5222798879585319,2,2,2,575151,30459,88155,19801,0.28214272481381303,0.3939713489852766
3091,0.5223587708393358,1,4,1,575155,30455,88156,19800,0.2821056726814628,0.3939906476967466
3092,0.5223810276057593,6,11,6,575166,30444,88162,19794,0.2820037793174997,0.3940045383972292
3093,0.5224138775824969,0,1,0,575167,30443,88162,19794,0.2819945162844122,0.3940123813125784
3094,0.5224187607471416,20,27,20,575194,30416,88182,19774,0.2817444143910482,0.39398286511257224
3095,0.522497629099838,16,30,16,575224,30386,88198,19758,0.2814665233984216,0.39402520740268027
3096,0.5225466100445579,10,8,10,575232,30378,88208,19748,0.28139241913372115,0.3939672026493237
3097,0.5225576239602974,110,186,110,575418,30192,88318,19638,0.27966949497943605,0.39409993979530406
3098,0.5225637677722134,5,21,5,575439,30171,88323,19633,0.2794749712845974,0.39420528471608707
3099,0.5225646174808218,1,4,1,575443,30167,88324,19632,0.2794379191522472,0.39422478363019337
3100,0.5225775812764024,44,94,44,575537,30073,88368,19588,0.27856719404201713,0.3944342643120356
3101,0.5225932070914776,2,5,2,575542,30068,88370,19586,0.27852087887657934,0.39444959117090267
3102,0.5226057092133668,2,10,2,575552,30058,88372,19584,0.2784282485457038,0.39450465331775514
3103,0.5226087771866037,0,1,0,575553,30057,88372,19584,0.27841898551261623,0.39451260047138453
3104,0.5226390734209613,1,5,1,575558,30052,88373,19583,0.2783726703471785,0.3945401430442228
3105,0.5226516447645564,1,0,1,575558,30052,88374,19582,0.2783726703471785,0.39452794455413626
3106,0.5226721390020876,0,2,0,575560,30050,88374,19582,0.27835414428100336,0.39454384268214054
3107,0.5227285250173803,5,7,5,575567,30043,88379,19577,0.2782893030493905,0.3945384925433293
3108,0.5227510372875585,1,1,1,575568,30042,88380,19576,0.27828004001630297,0.39453424160586886
3109,0.5227536619860269,0,1,0,575569,30041,88380,19576,0.2782707769832154,0.3945421931999113
3110,0.5227778950540248,56,132,56,575701,29909,88436,19520,0.27704805661565823,0.39490987072366424
3111,0.5227842148698294,3,10,3,575711,29899,88439,19517,0.2769554262847827,0.3949530516431925
3112,0.5228180647952088,0,1,0,575712,29898,88439,19517,0.27694616325169513,0.3949610442173429
3113,0.5228286036374209,34,100,34,575812,29798,88473,19483,0.2760198599429397,0.3953450619914369
3114,0.5228362091427234,0,2,0,575814,29796,88473,19483,0.2760013338767646,0.39536110716532397
3115,0.5228680252123595,0,1,0,575815,29795,88473,19483,0.27599207084367705,0.3953691302406753
3116,0.5228853425112903,0,1,0,575816,29794,88473,19483,0.2759828078105895,0.3953771536416584
3117,0.5229084682432079,1,2,1,575818,29792,88474,19482,0.2759642817444144,0.3953809311198604
3118,0.5229183047148028,244,493,244,576311,29299,88718,19238,0.2713976064322502,0.3963574180522076
3119,0.5229455886991254,34,58,34,576369,29241,88752,19204,0.27086035051317203,0.39640829806997624
3120,0.5230105723540662,4,4,4,576373,29237,88756,19200,0.2708232983808218,0.3963911885542044
3121,0.5230611831764528,2,5,2,576378,29232,88758,19198,0.27077698321538407,0.3964071856287425
3122,0.5230981675763603,2,1,2,576379,29231,88760,19196,0.2707677201822965,0.3963904433477192
3123,0.5231101952536515,0,2,0,576381,29229,88760,19196,0.27074919411612136,0.39640681466184824
3124,0.5231279558365033,15,27,15,576408,29202,88775,19181,0.2704990922227574,0.39644089866275345
3125,0.5231292580983531,4,13,4,576421,29189,88779,19177,0.27037867279261923,0.39649753959392964
3126,0.5231345750153811,0,2,0,576423,29187,88779,19177,0.2703601467264441,0.3965139359854437
3127,0.5231384766209806,1,0,1,576423,29187,88780,19176,0.2703601467264441,0.3965014577259475
3128,0.5232238788004222,22,42,22,576465,29145,88802,19154,0.26997109933676683,0.3965713575850432
3129,0.5232267245082105,189,377,189,576842,28768,88991,18965,0.2664789358627589,0.3973142270546582
3130,0.5232275260036837,6,15,6,576857,28753,88997,18959,0.26633999036644557,0.39736334674714957
3131,0.5232383144246823,0,1,0,576858,28752,88997,18959,0.26633072733335805,0.39737167529500533
3132,0.5232722982044066,2,3,2,576861,28749,88999,18957,0.2663029382340954,0.3973713998239215
3133,0.5232770267048281,3,3,3,576864,28746,89002,18954,0.2662751491348327,0.3973584905660377
3134,0.5232860783949914,0,3,0,576867,28743,89002,18954,0.26624736003557004,0.3973834832379395
3135,0.523295220459262,1,0,1,576867,28743,89003,18953,0.26624736003557004,0.3973708487084871
3136,0.523320863610074,5,8,5,576875,28735,89008,18948,0.2661732557708696,0.39737432627980623
3137,0.5233425240648018,187,394,187,577269,28341,89195,18761,0.26252362073437324,0.3983058044244406
3138,0.5233608500293242,40,103,40,577372,28238,89235,18721,0.26156952832635516,0.3986669222087353
3139,0.5234047383377947,40,73,40,577445,28165,89275,18681,0.26089332691096373,0.39877470861973274
3140,0.523413124659122,1,1,1,577446,28164,89276,18680,0.26088406387787616,0.39877038681581417
3141,0.523419018421114,75,142,75,577588,28022,89351,18605,0.25956871317944347,0.3990177365046003
3142,0.5234432276382927,0,1,0,577589,28021,89351,18605,0.2595594501463559,0.3990262943422125
3143,0.5234531064408058,2,18,2,577607,28003,89353,18603,0.25939271555078,0.39915461528558555
3144,0.5234671565207061,6,11,6,577618,27992,89359,18597,0.25929082218681687,0.3991714782459379
3145,0.5234690626892547,1,3,1,577621,27989,89360,18596,0.25926303308755416,0.39918428678759255
3146,0.5234701667223398,1,0,1,577621,27989,89361,18595,0.25926303308755416,0.3991713893182208
3147,0.5235036279129724,6,14,6,577635,27975,89367,18589,0.2591333506243284,0.3992139850528305
3148,0.5235474939708193,33,42,33,577677,27933,89400,18556,0.25874430323465114,0.39914818559229065
3149,0.5235574904145721,3,8,3,577685,27925,89403,18553,0.2586701989699507,0.399178105770472
3150,0.5235810758354286,0,1,0,577686,27924,89403,18553,0.2586609359368632,0.3991866944940508
3151,0.5235983744641548,3,13,3,577699,27911,89406,18550,0.25854051650672494,0.39925959406814315
3152,0.5236017674096096,1,16,1,577715,27895,89407,18549,0.2583923079773241,0.3993842046335372
3153,0.5236697957202793,2,2,2,577717,27893,89409,18547,0.258373781911149,0.3993755383290267
3154,0.5236991065349429,2,3,2,577720,27890,89411,18545,0.2583459928118863,0.3993754710886185
3155,0.5237107466546468,0,1,0,577721,27889,89411,18545,0.2583367297787988,0.399384072016195
3156,0.5237354053737222,1,0,1,577721,27889,89412,18544,0.2583367297787988,0.3993711369069412
3157,0.523738944642391,1,1,1,577722,27888,89413,18543,0.2583274667457112,0.399366802351877
3158,0.5237888575182812,78,147,78,577869,27741,89491,18465,0.25696580088184073,0.39962342552915203
3159,0.5237950411295518,22,22,22,577891,27719,89513,18443,0.25676201415391453,0.39952775009748276
3160,0.5237985855182401,2,2,2,577893,27717,89515,18441,0.25674348808773945,0.39951904328610427
3161,0.5237989573906454,0,1,0,577894,27716,89515,18441,0.2567342250546519,0.3995276989405724
3162,0.523811774773395,2,3,2,577897,27713,89517,18439,0.2567064359553892,0.39952764777257754
3163,0.5238267417502847,1,5,1,577902,27708,89518,18438,0.2566601207899515,0.399557924847224
3164,0.5238298787086497,4,6,4,577908,27702,89522,18434,0.2566045425914261,0.39955782902722387
3165,0.523849950487177,2,3,2,577911,27699,89524,18432,0.25657675349216347,0.3995577811016453
3166,0.5238627549114954,1,3,1,577914,27696,89525,18431,0.2565489643929008,0.39957075031976935
3167,0.5238854506534147,0,1,0,577915,27695,89525,18431,0.25653970135981324,0.3995794129124572
3168,0.5238964066867768,6,26,6,577941,27669,89531,18425,0.2562988624995369,0.399726645550397
3169,0.5239416531969663,0,2,0,577943,27667,89531,18425,0.25628033643336173,0.39974399028030894
3170,0.5239679028247065,8,33,8,577976,27634,89539,18417,0.25597465634147243,0.39992616881283793
3171,0.5240067797560026,196,397,196,578373,27237,89735,18221,0.25229723220571343,0.40083153680320294
3172,0.5240078668837533,0,1,0,578374,27236,89735,18221,0.25228796917262586,0.4008403546208505
3173,0.5240086712518884,4,6,4,578380,27230,89739,18217,0.25223239097410055,0.4008405395295619
3174,0.5240176767768161,7,20,7,578400,27210,89746,18210,0.2520471303123495,0.4009247027741083
3175,0.5240694868070772,7,11,7,578411,27199,89753,18203,0.2519452369483864,0.4009294744724902
3176,0.5240797628856042,0,1,0,578412,27198,89753,18203,0.2519359739152988,0.4009383053236713
3177,0.5240891161101924,0,1,0,578413,27197,89753,18203,0.25192671088221125,0.40094713656387665
3178,0.5240913456500061,2,8,2,578421,27189,89755,18201,0.25185260661751085,0.40099140779907466
3179,0.5240993933067,1,4,1,578425,27185,89756,18200,0.25181555448516063,0.4010135507326209
3180,0.5241272393120864,0,6,0,578431,27179,89756,18200,0.2517599762866353,0.4010665726437339
3181,0.5241429012196446,27,37,27,578468,27142,89783,18173,0.2514172440623958,0.40103718415535694
3182,0.5241606247501134,0,1,0,578469,27141,89783,18173,0.2514079810293082,0.40104603433817365
3183,0.5241933066670995,0,1,0,578470,27140,89783,18173,0.25139871799622066,0.4010548849116148
3184,0.5241971700754803,0,1,0,578471,27139,89783,18173,0.25138945496313314,0.4010637358757062
3185,0.5242201678863619,10,17,10,578488,27122,89793,18163,0.25123198340064473,0.40108203599425857
3186,0.5242841617800756,5,18,5,578506,27104,89798,18158,0.25106524880506875,0.40117537890504174
3187,0.5242938673093582,6,17,6,578523,27087,89804,18152,0.2509077772425803,0.4012467119078671
3188,0.5243169097117075,0,6,0,578529,27081,89804,18152,0.250852199044055,0.4012999358875157
3189,0.5243393189047174,1,0,1,578529,27081,89805,18151,0.250852199044055,0.4012866996816413
3190,0.524345945580141,1,8,1,578537,27073,89806,18150,0.25077809477935453,0.4013444486212768
3191,0.5243469252169601,3,7,3,578544,27066,89809,18147,0.25071325354774165,0.4013668635127065
3192,0.5243799481203462,2,6,2,578550,27060,89811,18145,0.25065767534921635,0.40139365114478487
3193,0.5243908257155907,17,21,17,578571,27039,89828,18128,0.2504631516543777,0.4013549715500255
3194,0.5243983744088593,2,5,2,578576,27034,89830,18126,0.2504168364889399,0.4013728963684677
3195,0.52439942762486,9,8,9,578584,27026,89839,18117,0.25034273222423953,0.40132467935228056
3196,0.5244251116250135,5,9,5,578593,27017,89844,18112,0.2502593649264515,0.4013383855170733
3197,0.5244378748259576,2,1,2,578594,27016,89846,18110,0.25025010189336394,0.4013207463546514
3198,0.5244588278949126,2,1,2,578595,27015,89848,18108,0.2502408388602764,0.4013031048467522
3199,0.5245015239614015,0,1,0,578596,27014,89848,18108,0.25023157582718886,0.40131199858162314
3200,0.5245258539372053,1,0,1,578596,27014,89849,18107,0.25023157582718886,0.4012987300813369
3201,0.524543502971248,15,34,15,578630,26980,89864,18092,0.249916632702212,0.4014022009229677
3202,0.5245729669357961,2,8,2,578638,26972,89866,18090,0.2498425284375116,0.40144689538857575
3203,0.5246344655249361,26,35,26,578673,26937,89892,18064,0.24951832227944717,0.40141330192662383
3204,0.5246558865228096,7,27,7,578700,26910,89899,18057,0.2492682203860832,0.401561144839549
3205,0.5246576369423149,10,24,10,578724,26886,89909,18047,0.24904590759198192,0.40164244541873456
3206,0.5246735626929327,1,0,1,578724,26886,89910,18046,0.24904590759198192,0.4016291284607852
3207,0.5246916508901385,0,1,0,578725,26885,89910,18046,0.24903664455889438,0.40163806725868556
3208,0.5247159337324787,1,9,1,578734,26876,89911,18045,0.2489532772611064,0.4017052158233343
3209,0.524748297720795,10,26,10,578760,26850,89921,18035,0.24871243840082996,0.4018046117856745
3210,0.5247920777432067,0,1,0,578761,26849,89921,18035,0.24870317536774242,0.401813563853489
3211,0.5247923833190173,3,20,3,578781,26829,89924,18032,0.24851791470599133,0.4019526983348566
3212,0.5247951446543537,0,3,0,578784,26826,89924,18032,0.24849012560672867,0.4019795800080253
3213,0.5248077772173467,43,84,43,578868,26742,89967,17989,0.2477120308273741,0.4021595761328832
3214,0.5248486700757798,18,30,18,578898,26712,89985,17971,0.2474341398347475,0.40218875187431463
3215,0.5248744605226822,1,2,1,578900,26710,89986,17970,0.24741561376857238,0.4021933751119069
3216,0.5248815210471339,13,30,13,578930,26680,89999,17957,0.24713772277594576,0.40228958039294754
3217,0.5249260143620692,2,9,2,578939,26671,90001,17955,0.24705435547815777,0.40234392506610495
3218,0.5249735682613926,0,1,0,578940,26670,90001,17955,0.24704509244507022,0.4023529411764706
3219,0.5249836301555326,0,2,0,578942,26668,90001,17955,0.2470265663788951,0.4023709746095063
3220,0.5249896751412363,4,12,4,578954,26656,90005,17951,0.24691540998184444,0.40242562826462214
3221,0.5250083882968403,0,1,0,578955,26655,90005,17951,0.2469061469487569,0.40243465004707885
3222,0.5250564705720744,2,8,2,578963,26647,90007,17949,0.24683204268405648,0.40248004305318863
3223,0.5250879232588523,1,1,1,578964,26646,90008,17948,0.2468227796509689,0.40247566937256135
3224,0.525099246949247,23,51,23,579015,26595,90031,17925,0.24635036496350365,0.4026280323450135
3225,0.5251179975436531,6,13,6,579028,26582,90037,17919,0.24622994553336544,0.4026651086492438
3226,0.5251222088396258,1,0,1,579028,26582,90038,17918,0.24622994553336544,0.4026516853932584
3227,0.5251229350746216,2,2,2,579030,26580,90040,17916,0.24621141946719033,0.40264293419633224
3228,0.5251270946239737,1,2,1,579032,26578,90041,17915,0.24619289340101522,0.40264760748881845
3229,0.5251606116054998,13,26,13,579058,26552,90054,17902,0.24595205454073882,0.4027084176901966
3230,0.5251747238948209,1,3,1,579061,26549,90055,17901,0.24592426544147616,0.4027221597300337
3231,0.5251898519410039,0,1,0,579062,26548,90055,17901,0.2459150024083886,0.4027312200499449
3232,0.5252376466582388,0,4,0,579066,26544,90055,17901,0.2458779502760384,0.4027674654066824
3233,0.5252505127351019,14,28,14,579094,26516,90069,17887,0.24561858534958686,0.4028331419048263
3234,0.5252505956678577,9,47,9,579141,26469,90078,17878,0.24518322279447183,0.40313888199878234
3235,0.5252609372597803,13,38,13,579179,26431,90091,17865,0.24483122753714476,0.4033095539100596
3236,0.5252804136376861,10,11,10,579190,26420,90101,17855,0.24472933417318166,0.40327498588368155
3237,0.5253080277036932,2,10,2,579200,26410,90103,17853,0.24463670384230612,0.4033391320064162
3238,0.5253093086886997,24,26,24,579226,26384,90127,17829,0.24439586498202973,0.4032524370660213
3239,0.5253514300378017,2,3,2,579229,26381,90129,17827,0.24436807588276704,0.403252804922186
3240,0.5253598990258281,2,0,2,579229,26381,90131,17825,0.24436807588276704,0.4032258064516129
3241,0.525373942424853,0,1,0,579230,26380,90131,17825,0.2443588128496795,0.40323492817554574
3242,0.5253801632662639,21,48,21,579278,26332,90152,17804,0.2439141872614769,0.403389523291644
3243,0.5253839225765071,0,1,0,579279,26331,90152,17804,0.24390492422838933,0.40339866319247764
3244,0.525386789121462,1,4,1,579283,26327,90153,17803,0.24386787209603913,0.40342170858826193
3245,0.5253937519401829,0,1,0,579284,26326,90153,17803,0.24385860906295156,0.403430850461148
3246,0.525403406826946,2,1,2,579285,26325,90155,17801,0.24384934602986402,0.4034129538140779
3247,0.5254078227661079,1,3,1,579288,26322,90156,17800,0.24382155693060137,0.4034268618829609
3248,0.5254113622466885,2,0,2,579288,26322,90158,17798,0.24382155693060137,0.4033998186763373
3249,0.5254428073001853,9,46,9,579334,26276,90167,17789,0.24339545740857385,0.40369908090321116
3250,0.525447623655497,1,18,1,579352,26258,90168,17788,0.2432287228129979,0.4038505199110021
3251,0.5254524189041446,0,1,0,579353,26257,90168,17788,0.24321945977991033,0.4038596889544784
3252,0.5254536765409548,8,40,8,579393,26217,90176,17780,0.24284893845640818,0.40411846262245155
3253,0.5255275613450671,5,9,5,579402,26208,90181,17775,0.24276557115862019,0.40413341518313894
3254,0.5255372440638387,8,19,8,579421,26189,90189,17767,0.24258957352995664,0.4041996541996542
3255,0.5255373355026234,3,21,3,579442,26168,90192,17764,0.242395049835118,0.40435218064281164
3256,0.5255618444315654,0,1,0,579443,26167,90192,17764,0.24238578680203046,0.4043613848990462
3257,0.5255644221314189,1,1,1,579444,26166,90193,17763,0.2423765237689429,0.40435703066311546
3258,0.5255699871012987,1,1,1,579445,26165,90194,17762,0.24236726073585535,0.40435267603068725
3259,0.525570030715905,0,1,0,579446,26164,90194,17762,0.2423579977027678,0.4043618813458999
3260,0.5255701528612273,2,9,2,579455,26155,90196,17760,0.24227463040497982,0.4044176249573039
3261,0.5255727337480154,1,3,1,579458,26152,90197,17759,0.24224684130571714,0.4044316913757373
3262,0.5255765463683074,2,2,2,579460,26150,90199,17757,0.24222831523954202,0.40442298494545287
3263,0.5255772491530905,29,29,29,579489,26121,90228,17728,0.24195968728000297,0.4042965632055463
3264,0.5255971841991302,0,2,0,579491,26119,90228,17728,0.24194116121382786,0.4043150044472826
3265,0.5255971961846455,0,2,0,579493,26117,90228,17728,0.24192263514765275,0.4043334473714221
3266,0.5256490326357939,0,5,0,579498,26112,90228,17728,0.24187631998221498,0.4043795620437956
3267,0.52567933255278,1,3,1,579501,26109,90229,17727,0.2418485308829523,0.40439364905557074
3268,0.5256937729468288,2,3,2,579504,26106,90231,17725,0.24182074178368965,0.40439415025894915
3269,0.5257030534610356,6,6,6,579510,26100,90237,17719,0.24176516358516434,0.4043679682329583
3270,0.5257160485975211,2,1,2,579511,26099,90239,17717,0.24175590055207677,0.40435000912908525
3271,0.5257775361158548,0,3,0,579514,26096,90239,17717,0.24172811145281412,0.40437769611759067
3272,0.5258105246803619,0,2,0,579516,26094,90239,17717,0.241709585386639,0.4043961562164753
3273,0.5258150072459098,28,78,28,579594,26016,90267,17689,0.24098706880580978,0.40473630019448575
3274,0.5258168156281222,4,28,4,579622,25988,90271,17685,0.24072770387935827,0.4049412680603577
3275,0.5258200695612298,3,10,3,579632,25978,90274,17682,0.2406350735484827,0.40499312872194226
3276,0.525823713659748,2,9,2,579641,25969,90276,17680,0.24055170625069472,0.40504937111961326
3277,0.5258328181446743,2,2,2,579643,25967,90278,17678,0.2405331801845196,0.4050406690342536
3278,0.525836471866377,2,3,2,579646,25964,90280,17676,0.24050539108525695,0.40504124656278645
3279,0.5258542012816922,3,2,3,579648,25962,90283,17673,0.24048686501908184,0.4050189068408388
3280,0.5258558757427441,25,36,25,579684,25926,90308,17648,0.2401533958279299,0.40501216321659705
3281,0.525865743660143,3,3,3,579687,25923,90311,17645,0.24012560672866723,0.4049990818949688
3282,0.525876745528397,37,150,37,579837,25773,90348,17608,0.23873615176553412,0.40589198036006546
3283,0.5258893877173505,0,1,0,579838,25772,90348,17608,0.23872688873244655,0.405901337021669
3284,0.5258918146493261,1,5,1,579843,25767,90349,17607,0.23868057356700878,0.40593443076497443
3285,0.5259356936785522,8,31,8,579874,25736,90357,17599,0.2383934195412946,0.4061151494173301
3286,0.5259445580372424,33,73,33,579947,25663,90390,17566,0.23771721812590316,0.4063475907376992
3287,0.5259481455395342,1,2,1,579949,25661,90391,17565,0.23769869205972805,0.4063526581224263
3288,0.5259614275090485,1,5,1,579954,25656,90392,17564,0.23765237689429028,0.4063859324386858
3289,0.5260351553106576,11,21,11,579975,25635,90403,17553,0.23745785319945162,0.40643234231731035
3290,0.5260964744687437,4,12,4,579987,25623,90407,17549,0.23734669680240097,0.40649031779857314
3291,0.5261023026660447,19,46,19,580033,25577,90426,17530,0.23692059728037348,0.4066624910107407
3292,0.5261174609835956,0,1,0,580034,25576,90426,17530,0.23691133424728594,0.4066719250220387
3293,0.5261234925062719,17,31,17,580065,25545,90443,17513,0.23662418022157175,0.4067304565934321
3294,0.5261263243367728,1,1,1,580066,25544,90444,17512,0.2366149171884842,0.4067261241174285
3295,0.5261317791249287,26,44,26,580110,25500,90470,17486,0.2362073437326318,0.4067836039640813
3296,0.5261353043043295,6,17,6,580127,25483,90476,17480,0.2360498721701434,0.4068617182226567
3297,0.5261372421432123,0,2,0,580129,25481,90476,17480,0.23603134610396828,0.4068806592025325
3298,0.5261431503409069,21,78,21,580207,25403,90497,17459,0.23530882952313906,0.40733050254304515
3299,0.5261432705348471,0,2,0,580209,25401,90497,17459,0.23529030345696395,0.4073495100326645
3300,0.5261616116889989,6,13,6,580222,25388,90503,17453,0.23516988402682573,0.4073901169440489
3301,0.5261685772154343,0,1,0,580223,25387,90503,17453,0.2351606209937382,0.40739962651727357
3302,0.5261712688086846,0,2,0,580225,25385,90503,17453,0.23514209492756308,0.40741864699565805
3303,0.5261734070452254,1,2,1,580227,25383,90504,17452,0.23512356886138797,0.40742383564841833
3304,0.5261746591955225,17,33,17,580260,25350,90521,17435,0.2348178887694987,0.40750262942620075
3305,0.5261786349533459,3,4,3,580264,25346,90524,17432,0.23478083663714847,0.4074991818224321
3306,0.5262108840773283,3,4,3,580268,25342,90527,17429,0.23474378450479824,0.40749573309017795
3307,0.5262141614370004,2,11,2,580279,25331,90529,17427,0.23464189114083517,0.4075728518639787
3308,0.5262548186982796,66,85,66,580364,25246,90595,17361,0.23385453332839304,0.4074682563897951
3309,0.5262656200548175,1,4,1,580368,25242,90596,17360,0.23381748119604284,0.40749260598093984
3310,0.5262675776756107,35,81,35,580449,25161,90631,17325,0.23306717551595094,0.4077813868097726
3311,0.5262842753824613,12,24,12,580473,25137,90643,17313,0.23284486272184965,0.4078445229681979
3312,0.5262966728833758,1,4,1,580477,25133,90644,17312,0.23280781058949943,0.4078690069501708
3313,0.5263081998651051,5,22,5,580499,25111,90649,17307,0.23260402386157322,0.40801075015323685
3314,0.5263101264751996,2,9,2,580508,25102,90651,17305,0.23252065656378523,0.4080694225010022
3315,0.5263135509840292,1,6,1,580514,25096,90652,17304,0.23246507836525993,0.4081132075471698
3316,0.5263468476574378,1,2,1,580516,25094,90653,17303,0.2324465522990848,0.4081184989503974
3317,0.5263647820243771,12,27,12,580543,25067,90665,17291,0.23219645040572084,0.40821096369044807
3318,0.5264336656846886,50,100,50,580643,24967,90715,17241,0.23127014709696542,0.4084770659590599
3319,0.5264433617726004,30,71,30,580714,24896,90745,17211,0.23061247174774907,0.40874438929394163
3320,0.5264645959337402,1,0,1,580714,24896,90746,17210,0.23061247174774907,0.40873034721892365
3321,0.5264745953820198,6,10,6,580724,24886,90752,17204,0.23051984141687354,0.4087431693989071
3322,0.5264847090600592,0,6,0,580730,24880,90752,17204,0.2304642632183482,0.40880144472958846
3323,0.5264982033451701,7,14,7,580744,24866,90759,17197,0.23033458075512245,0.4088391222689775
3324,0.526499513429581,23,49,23,580793,24817,90782,17174,0.2298806921338323,0.4089924031340049
3325,0.5265026308231275,1,0,1,580793,24817,90783,17173,0.2298806921338323,0.4089783281733746
3326,0.5265135328502073,3,9,3,580802,24808,90786,17170,0.22979732483604431,0.409023774357997
3327,0.5265514615708577,1,2,1,580804,24806,90787,17169,0.2297787987698692,0.40902918403811794
3328,0.5265769647629389,3,5,3,580809,24801,90790,17166,0.22973248360443144,0.40903567088426623
3329,0.5265942750572996,1,1,1,580810,24800,90791,17165,0.2297232205713439,0.40903133563684024
3330,0.5266059190786887,44,149,44,580959,24651,90835,17121,0.2283430286412983,0.4098678540649239
3331,0.5266087209396404,13,17,13,580976,24634,90848,17108,0.2281855570788099,0.4098509894111447
3332,0.5266329829416623,29,83,29,581059,24551,90877,17079,0.2274167253325429,0.41025702618304105
3333,0.5266556650551082,87,119,87,581178,24432,90964,16992,0.22631442439512395,0.4101969872537659
3334,0.5266608860467958,12,14,12,581192,24418,90976,16980,0.2261847419318982,0.4101647422580801
3335,0.5266688500453406,2,0,2,581192,24418,90978,16978,0.2261847419318982,0.4101362450478307
3336,0.5266820220769617,4,8,4,581200,24410,90982,16974,0.22611063766719774,0.41015851536825826
3337,0.5266961245761038,115,137,115,581337,24273,91097,16859,0.22484160213420282,0.4098755227073811
3338,0.5267234700069172,0,4,0,581341,24269,91097,16859,0.2248045500018526,0.4099153861116514
3339,0.526730601064873,37,122,37,581463,24147,91134,16822,0.223674459965171,0.4106031389587249
3340,0.5267307186062886,4,8,4,581471,24139,91138,16818,0.22360035570047057,0.4106257782552433
3341,0.5267396463241252,2,10,2,581481,24129,91140,16816,0.223507725369595,0.41069727683477836
3342,0.5267515003189678,2,5,2,581486,24124,91142,16814,0.22346141020415725,0.410718647711173
3343,0.5267687892230222,4,6,4,581492,24118,91146,16810,0.2234058320056319,0.4107212666145426
3344,0.5267752123039379,15,20,15,581512,24098,91161,16795,0.22322057134388085,0.4107059888000391
3345,0.526800477849827,0,2,0,581514,24096,91161,16795,0.22320204527770574,0.41072607664278205
3346,0.5268285357723538,0,3,0,581517,24093,91161,16795,0.22317425617844308,0.4107562120915672
3347,0.5268327791999428,1,0,1,581517,24093,91162,16794,0.22317425617844308,0.410741800572309
3348,0.5268386937262499,18,39,18,581556,24054,91180,16776,0.22281299788802847,0.41087435709037473
3349,0.5268608609476658,1,3,1,581559,24051,91181,16775,0.2227852087887658,0.41089011904178707
3350,0.5268856352075548,3,14,3,581573,24037,91184,16772,0.22265552632554003,0.4109877723051288
3351,0.5268952820629385,2,3,2,581576,24034,91186,16770,0.22262773722627738,0.4109891187138516
3352,0.5268976142480136,126,164,126,581740,23870,91312,16644,0.22110859979991848,0.41082095078244557
3353,0.5269080271659919,0,2,0,581742,23868,91312,16644,0.22109007373374337,0.41084123222748814
3354,0.5269310905285451,54,118,54,581860,23750,91366,16590,0.219997035829412,0.4112543381259296
3355,0.5269633153688459,2,15,2,581875,23735,91368,16588,0.21985809033309867,0.4113781216675347
3356,0.5269675916852781,3,6,3,581881,23729,91371,16585,0.21980251213457336,0.41139554497197006
3357,0.5269954089719125,1,5,1,581886,23724,91372,16584,0.21975619696913556,0.4114319738017267
3358,0.5270003613908465,5,5,5,581891,23719,91377,16579,0.2197098818036978,0.41140999553327706
3359,0.5270369875680998,2,0,2,581891,23719,91379,16577,0.2197098818036978,0.41138078221163393
3360,0.527064342289224,42,89,42,581980,23630,91421,16535,0.21888547185890547,0.4116768330636126
3361,0.5270663203169708,1,0,1,581980,23630,91422,16534,0.21888547185890547,0.41166218504133056
3362,0.5270781618609843,9,33,9,582013,23597,91431,16525,0.2185797917670162,0.4118688001595135
3363,0.5270792244278351,1,2,1,582015,23595,91432,16524,0.21856126570084108,0.4118746728482764
3364,0.5271388626216833,6,20,6,582035,23575,91438,16518,0.21837600503909,0.41199211832489463
3365,0.5271743086321778,38,85,38,582120,23490,91476,16480,0.2175886472266479,0.412309231923943
3366,0.5271837102801946,2,3,2,582123,23487,91478,16478,0.21756085812738524,0.41231077192543475
3367,0.5271882764322346,0,4,0,582127,23483,91478,16478,0.217523805995035,0.4123520432421611
3368,0.5272232895768976,38,67,38,582194,23416,91516,16440,0.2169031827781689,0.41248494580489764
3369,0.5272436541875395,18,40,18,582234,23376,91534,16422,0.2165326614546667,0.4126338006935022
3370,0.5272923308665523,109,141,109,582375,23235,91643,16313,0.21522657378932158,0.4124860928491959
3371,0.5273251126359659,32,65,32,582440,23170,91675,16281,0.21462447663863055,0.41268915870320144
3372,0.5273264843998454,6,29,6,582469,23141,91681,16275,0.2143558486790915,0.41290338948650296
3373,0.5273392304777531,1,6,1,582475,23135,91682,16274,0.21430027048056616,0.4129513562891725
3374,0.5274039697686368,36,55,36,582530,23080,91718,16238,0.21379080366075068,0.4129915051630297
3375,0.5274188901815875,0,2,0,582532,23078,91718,16238,0.21377227759457557,0.41301251398921557
3376,0.5274200620925239,47,124,47,582656,22954,91765,16191,0.21262366149171885,0.41361604291735854
3377,0.5274257600292779,10,20,10,582676,22934,91775,16181,0.21243840082996776,0.4136776172823725
3378,0.5274260584075234,132,141,132,582817,22793,91907,16049,0.21113231316462264,0.41318675660367643
3379,0.5274367173979245,1,3,1,582820,22790,91908,16048,0.21110452406535996,0.41320356352026366
3380,0.5274498972703217,25,47,25,582867,22743,91933,16023,0.21066916151024492,0.4133261105092091
3381,0.5274560843590874,1,3,1,582870,22740,91934,16022,0.21064137241098224,0.4133429647593003
3382,0.5275180235641438,2,1,2,582871,22739,91936,16020,0.2106321093778947,0.41332335715575735
3383,0.5275350110205111,1,2,1,582873,22737,91937,16019,0.2106135833117196,0.41332954897306223
3384,0.5275824453001383,1,0,1,582873,22737,91938,16018,0.2106135833117196,0.4133144110437363
3385,0.5275968165025263,0,2,0,582875,22735,91938,16018,0.21059505724554448,0.4133357417490259
3386,0.5276005899527278,1,0,1,582875,22735,91939,16017,0.21059505724554448,0.413320602807597
3387,0.527622629130991,2,3,2,582878,22732,91941,16015,0.21056726814628182,0.41332232172813377
3388,0.5276528576705812,5,18,5,582896,22714,91946,16010,0.21040053355070584,0.4134386943497573
3389,0.5276551964112975,1,4,1,582900,22710,91947,16009,0.21036348141835562,0.41346625687646893
3390,0.5276574377648278,25,62,25,582962,22648,91972,15984,0.20978917336692726,0.41375025885276456
3391,0.5276825131939572,6,8,6,582970,22640,91978,15978,0.20971506910222684,0.4137448858045471
3392,0.5277340535439684,0,2,0,582972,22638,91978,15978,0.20969654303605173,0.4137663144810441
3393,0.527752846768245,0,6,0,582978,22632,91978,15978,0.2096409648375264,0.4138306138306138
3394,0.5277906323305614,1,1,1,582979,22631,91979,15977,0.20963170180443885,0.4138261500207211
3395,0.5278269684770812,2,1,2,582980,22630,91981,15975,0.20962243877135128,0.41380650174847816
3396,0.5279294830346097,21,38,21,583018,22592,92002,15954,0.20927044351402424,0.41389508639028694
3397,0.5279842501568138,288,498,288,583516,22094,92290,15666,0.20465745303642224,0.41488347457627117
3398,0.5279940798422232,0,1,0,583517,22093,92290,15666,0.2046481900033347,0.4148944622474112
3399,0.5280002256491304,0,1,0,583518,22092,92290,15666,0.20463892697024713,0.41490545050055616
3400,0.5280130375451522,28,40,28,583558,22052,92318,15638,0.20426840564674498,0.4149111170071637
3401,0.5280187114138306,1,8,1,583566,22044,92319,15637,0.20419430138204453,0.4149836787771025
3402,0.5280533850610977,4,10,4,583576,22034,92323,15633,0.204101671051169,0.41503172538296124
3403,0.5280789262229492,0,7,0,583583,22027,92323,15633,0.20403682981955612,0.41510886882634096
3404,0.5280803219690392,286,447,286,584030,21580,92609,15347,0.1998962540294194,0.41560375876729766
3405,0.5280974728315995,0,2,0,584032,21578,92609,15347,0.1998777279632443,0.41562626946513204
3406,0.5281027236709248,4,10,4,584042,21568,92613,15343,0.19978509763236874,0.4156755438758094
3407,0.528113670468555,142,192,142,584234,21376,92755,15201,0.19800659527955833,0.415589031358504
3408,0.5281150386865949,1,3,1,584237,21373,92756,15200,0.19797880618029567,0.4156071418806223
3409,0.5281209838477436,64,145,64,584382,21228,92820,15136,0.19663566638260033,0.4162358376416236
3410,0.5281421958391437,14,46,14,584428,21182,92834,15122,0.19620956686057284,0.4165381225209343
3411,0.5281534910103228,11,24,11,584452,21158,92845,15111,0.19598725406647152,0.41663679726488184
3412,0.5281579027901075,1,4,1,584456,21154,92846,15110,0.1959502019341213,0.4166666666666667
3413,0.5281833935065778,2,4,2,584460,21150,92848,15108,0.1959131498017711,0.4166804567267913
3414,0.5282178326903824,16,37,16,584497,21113,92864,15092,0.19557041757753157,0.41684850158817843
3415,0.5282541506208605,230,339,230,584836,20774,93094,14862,0.1924302493608507,0.4170501739813672
3416,0.5282543730609737,24,23,24,584859,20751,93118,14838,0.19221719959983696,0.4169265784371575
3417,0.5283186871107568,1,0,1,584859,20751,93119,14837,0.19221719959983696,0.4169101944475666
3418,0.5283248205275922,1,0,1,584859,20751,93120,14836,0.19221719959983696,0.4168938095371906
3419,0.5283258976953161,0,1,0,584860,20750,93120,14836,0.19220793656674942,0.41690552464452313
3420,0.5283291321217447,23,57,23,584917,20693,93143,14813,0.19167994368075883,0.4171970934489945
3421,0.5284447884270624,8,5,8,584922,20688,93151,14805,0.19163362851532106,0.4171245034232102
3422,0.5285125820577892,0,1,0,584923,20687,93151,14805,0.1916243654822335,0.41713625605770316
3423,0.5285234972405262,0,1,0,584924,20686,93151,14805,0.19161510244914595,0.41714800935448426
3424,0.5285794771322455,48,86,48,585010,20600,93199,14757,0.19081848160361628,0.4173713833187205
3425,0.528582943257088,2,4,2,585014,20596,93201,14755,0.19078142947126608,0.4173856467992419
3426,0.5285842343961921,10,14,10,585028,20582,93211,14745,0.1906517470080403,0.41738613525065815
3427,0.5286455140990017,0,2,0,585030,20580,93211,14745,0.19063322094186522,0.41740976645435246
3428,0.5286818357652998,25,98,25,585128,20482,93236,14720,0.1897254436992849,0.41815805920118176
3429,0.5287009141489032,5,7,5,585135,20475,93241,14715,0.18966060246767202,0.41815856777493604
3430,0.528705983286223,2,2,2,585137,20473,93243,14713,0.1896420764014969,0.4181492639117831
3431,0.528706067931329,51,78,51,585215,20395,93294,14662,0.1889195598206677,0.4182331631343241
3432,0.5287081731753283,332,553,332,585768,19842,93626,14330,0.1837971025232502,0.41934917476296385
3433,0.5287601932777823,298,517,298,586285,19325,93924,14032,0.1790081144169847,0.4206613304553767
3434,0.5288126573314985,20,11,20,586296,19314,93944,14012,0.1789062210530216,0.420452499549901
3435,0.5288337456721928,7,18,7,586314,19296,93951,14005,0.1787394864574456,0.42055794120296686
3436,0.5288408173926605,21,23,21,586337,19273,93972,13984,0.17852643669643187,0.42048290585440656
3437,0.5288450047429339,14,12,14,586349,19261,93986,13970,0.17841528029938122,0.42039059913935783
3438,0.5288577704161843,1,0,1,586349,19261,93987,13969,0.17841528029938122,0.4203731567860367
3439,0.5288870980250253,2,4,2,586353,19257,93989,13967,0.178378228167031,0.4203888755116783
3440,0.5288882287558903,2,1,2,586354,19256,93991,13965,0.17836896513394346,0.4203666355618434
3441,0.5288898705320189,3,1,3,586355,19255,93994,13962,0.17835970210085592,0.4203269410241744
3442,0.5289238618756048,6,7,6,586362,19248,94000,13956,0.17829486086924304,0.42031080592699677
3443,0.5289305812513341,0,1,0,586363,19247,94000,13956,0.17828559783615547,0.4203234647471614
3444,0.5289439705364692,0,1,0,586364,19246,94000,13956,0.17827633480306793,0.4203361243298597
3445,0.5289842028829633,3,8,3,586372,19238,94003,13953,0.17820223053836748,0.4203850441384713
3446,0.5290200331433226,79,116,79,586488,19122,94082,13874,0.17712771870021118,0.4204752091162565
3447,0.5290993177836312,2,2,2,586490,19120,94084,13872,0.1771091926340361,0.4204655674102813
3448,0.529104531399607,0,3,0,586493,19117,94084,13872,0.17708140353477342,0.4205038042984025
3449,0.5291264927172397,1,0,1,586493,19117,94085,13871,0.17708140353477342,0.4204862374196678
3450,0.5291550469344665,2,5,2,586498,19112,94087,13869,0.17703508836933565,0.4205148418786574
3451,0.5291701694219534,1,3,1,586501,19109,94088,13868,0.177007299270073,0.420535524759681
3452,0.5291703346620648,7,6,7,586507,19103,94095,13861,0.17695172107154766,0.42048901832301905
3453,0.5292382537459484,20,25,20,586532,19078,94115,13841,0.1767201452443588,0.4204562714541754
3454,0.5292400474951037,0,1,0,586533,19077,94115,13841,0.17671088221127126,0.42046904429187676
3455,0.5292459197306059,182,273,182,586806,18804,94297,13659,0.17418207417836898,0.420755937528879
3456,0.5292737983307464,42,91,42,586897,18713,94339,13617,0.17333913816740154,0.42118775131456854
3457,0.5293708592754997,0,1,0,586898,18712,94339,13617,0.17332987513431397,0.4212007794859105
3458,0.5293753519331059,1,0,1,586898,18712,94340,13616,0.17332987513431397,0.4211828755258599
3459,0.5293970689292705,15,44,15,586942,18668,94355,13601,0.1729223016784616,0.42148811552883575
3460,0.529424328844827,0,2,0,586944,18666,94355,13601,0.17290377561228648,0.4215142405553662
3461,0.5294435477916966,51,70,51,587014,18596,94406,13550,0.1722553632961577,0.4215143408200087
3462,0.5295049115451702,21,39,21,587053,18557,94427,13529,0.1718941050057431,0.42164807080969896
3463,0.5295060234558326,0,3,0,587056,18554,94427,13529,0.1718663159064804,0.4216874980519278
3464,0.5295141843877391,6,13,6,587069,18541,94433,13523,0.17174589647634222,0.421750249500998
3465,0.529519535631343,0,1,0,587070,18540,94433,13523,0.17173663344325465,0.4217634032997536
3466,0.5295268381285687,5,2,5,587072,18538,94438,13518,0.17171810737707954,0.42169952582979786
3467,0.5295486144610154,4,30,4,587102,18508,94442,13514,0.17144021638445292,0.4220223596277559
3468,0.5295537873737283,4,10,4,587112,18498,94446,13510,0.1713475860535774,0.4220819795051237
3469,0.5295631653324588,7,13,7,587125,18485,94453,13503,0.17122716662343918,0.42212704764286607
3470,0.5295647773823342,205,356,205,587481,18129,94658,13298,0.1679295268442699,0.42313933878512106
3471,0.5295684750749932,0,1,0,587482,18128,94658,13298,0.16792026381118233,0.42315280341118816
3472,0.529579479538688,5,11,5,587493,18117,94663,13293,0.16781837044721923,0.4232091690544413
3473,0.5296341203432474,16,30,16,587523,18087,94679,13277,0.1675404794545926,0.4233197296263232
3474,0.5296468359264932,0,2,0,587525,18085,94679,13277,0.1675219533884175,0.42334672533639434
3475,0.5296797384662478,1,1,1,587526,18084,94680,13276,0.16751269035532995,0.4233418367346939
3476,0.5296837200860084,3,4,3,587530,18080,94683,13273,0.16747563822297973,0.4233406691544669
3477,0.5297005665924545,0,1,0,587531,18079,94683,13273,0.16746637518989219,0.42335417198264863
3478,0.5297128291567111,5,6,5,587537,18073,94688,13268,0.16741079699136685,0.42334322453016815
3479,0.5297183676300863,2,7,2,587544,18066,94690,13266,0.16734595575975397,0.42340099578705476
3480,0.5297688090484305,166,298,166,587842,17768,94856,13100,0.16458557189966283,0.4243877154334586
3481,0.5297734424930872,3,3,3,587845,17765,94859,13097,0.16455778280040018,0.42437301535869354
3482,0.5297740427278285,44,63,44,587908,17702,94903,13053,0.16397421171588425,0.4244187936920826
3483,0.5297770801354144,0,1,0,587909,17701,94903,13053,0.1639649486827967,0.4244325941340964
3484,0.5298013630315198,4,7,4,587916,17694,94907,13049,0.1639001074511838,0.42445434733109977
3485,0.529828538810843,1,2,1,587918,17692,94908,13048,0.16388158138500872,0.4244632400780742
3486,0.5298331090678212,1,0,1,587918,17692,94909,13047,0.16388158138500872,0.4244445167376948
3487,0.5298360884166461,0,1,0,587919,17691,94909,13047,0.16387231835192115,0.4244583252000781
3488,0.5298608446149393,209,336,209,588255,17355,95118,12838,0.16075993923450294,0.42519789355148546
3489,0.529864347077454,6,4,6,588259,17351,95124,12832,0.16072288710215274,0.42513997945863563
3490,0.5300434262398558,1,3,1,588262,17348,95125,12831,0.16069509800289006,0.42516319294873917
3491,0.5300469422336586,0,2,0,588264,17346,95125,12831,0.16067657193671495,0.42519137091162146
3492,0.5300612505155216,27,29,27,588293,17317,95152,12804,0.1604079439771759,0.42508548852959727
3493,0.5300909220938748,17,35,17,588328,17282,95169,12787,0.16008373781911148,0.4252552462669194
3494,0.5301495494023057,1,5,1,588333,17277,95170,12786,0.1600374226536737,0.4253068556032332
3495,0.5301601072158236,1,0,1,588333,17277,95171,12785,0.1600374226536737,0.4252877386734083
3496,0.5302105519635634,4,6,4,588339,17271,95175,12781,0.1599818444551484,0.42529615333422066
3497,0.5302403372741673,1,0,1,588339,17271,95176,12780,0.1599818444551484,0.42527702905061393
3498,0.5302429685321431,4,6,4,588345,17265,95180,12776,0.15992626625662307,0.425285443227589
3499,0.5302430617233256,1,7,1,588352,17258,95181,12775,0.1598614250250102,0.4253654313588386
3500,0.5302658576515487,0,4,0,588356,17254,95181,12775,0.15982437289265997,0.4254220919777548
3501,0.5302812756415909,4,6,4,588362,17248,95185,12771,0.15976879469413466,0.4254305606449249
3502,0.5303581291440327,5,8,5,588370,17240,95190,12766,0.1596946904294342,0.42544824368459644
3503,0.5303693291083229,3,5,3,588375,17235,95193,12763,0.15964837526399644,0.4254616974464964
3504,0.5303820776917674,0,5,0,588380,17230,95193,12763,0.15960206009855868,0.4255326242789984
3505,0.5303898365244717,205,399,205,588779,16831,95398,12558,0.15590610989662454,0.42730273231481164
3506,0.5303929503888951,3,6,3,588785,16825,95401,12555,0.15585053169809923,0.42733151803948266
3507,0.5304201977246005,58,75,58,588860,16750,95459,12497,0.15515580421653266,0.4272916880363798
3508,0.5304286925286291,15,18,15,588878,16732,95474,12482,0.15498906962095668,0.42726090230711306
3509,0.5304392549542671,0,4,0,588882,16728,95474,12482,0.15495201748860646,0.42731941116056144
3510,0.5304666562145164,0,1,0,588883,16727,95474,12482,0.15494275445551892,0.4273340408778116
3511,0.5304919909692327,1,1,1,588884,16726,95475,12481,0.15493349142243137,0.4273290649501832
3512,0.5305633499042457,0,1,0,588885,16725,95475,12481,0.1549242283893438,0.427343696500719
3513,0.5306026180108379,0,1,0,588886,16724,95475,12481,0.15491496535625626,0.42735832905324433
3514,0.5306072318531381,2,7,2,588893,16717,95477,12479,0.15485012412464338,0.4274215645978901
3515,0.5306481665596722,51,76,51,588969,16641,95528,12428,0.15414613360998924,0.4275344869104544
3516,0.530695035766438,2,2,2,588971,16639,95530,12426,0.15412760754381416,0.42752451402029934
3517,0.5307202148794465,2,3,2,588974,16636,95532,12424,0.15409981844455148,0.4275292498279422
3518,0.5308146874120042,0,1,0,588975,16635,95532,12424,0.15409055541146394,0.42754396228362984
3519,0.5308297513800937,2,4,2,588979,16631,95534,12422,0.1540535032791137,0.4275634185798369
3520,0.5308724659674144,5,5,5,588984,16626,95539,12417,0.15400718811367595,0.42753847743001755
3521,0.5309356326355041,1,0,1,588984,16626,95540,12416,0.15400718811367595,0.42751876592521176
3522,0.5309626172238101,2,6,2,588990,16620,95542,12414,0.1539516099151506,0.427567679272577
3523,0.5310298472030243,1,0,1,588990,16620,95543,12413,0.1539516099151506,0.4275479626631764
3524,0.5311096442340958,22,48,22,589038,16572,95565,12391,0.153506984326948,0.42782170355280874
3525,0.5311126045717812,1,0,1,589038,16572,95566,12390,0.153506984326948,0.42780194737932464
3526,0.5311223757091513,7,9,7,589047,16563,95573,12383,0.15342361702916002,0.4277965867477372
3527,0.5311515858339922,12,18,12,589065,16545,95585,12371,0.15325688243358404,0.42782542537003737
3528,0.5312113265068941,2,4,2,589069,16541,95587,12369,0.15321983030123384,0.42784503631961257
3529,0.5312135196524704,1,1,1,589070,16540,95588,12368,0.15321056726814627,0.42784004427840044
3530,0.5312174434272776,0,1,0,589071,16539,95588,12368,0.15320130423505873,0.4278548448472688
3531,0.5313503101606288,1,2,1,589073,16537,95589,12367,0.15318277816888362,0.42786465541101576
3532,0.5313591108292168,4,5,4,589078,16532,95593,12363,0.15313646300344586,0.42785949126146394
3533,0.5313766344891884,0,2,0,589080,16530,95593,12363,0.15311793693727074,0.4278891080884643
3534,0.5314166235010392,3,9,3,589089,16521,95596,12360,0.15303456963948275,0.42796302067102937
3535,0.5314400611446962,0,1,0,589090,16520,95596,12360,0.1530253066063952,0.4279778393351801
3536,0.5314436844417296,2,4,2,589094,16516,95598,12358,0.152988254474045,0.4279975064071483
3537,0.5314527946689261,0,1,0,589095,16515,95598,12358,0.15297899144095742,0.42801232985834514
3538,0.531452948749716,6,15,6,589110,16500,95604,12352,0.15284004594464412,0.428115901843893
3539,0.531456429544783,0,2,0,589112,16498,95604,12352,0.152821519878469,0.4281455805892548
3540,0.5315117293531714,1,2,1,589114,16496,95605,12351,0.1528029938122939,0.4281554407737373
3541,0.5315555819684402,6,9,6,589123,16487,95611,12345,0.1527196265145059,0.42817008879023305
3542,0.5315659849601655,0,1,0,589124,16486,95611,12345,0.15271036348141837,0.4281849398217197
3543,0.5315711617271636,0,1,0,589125,16485,95611,12345,0.1527011004483308,0.42819979188345475
3544,0.5316296025417936,1,1,1,589126,16484,95612,12344,0.15269183741524325,0.4281948106008048
3545,0.5317157738982823,74,89,74,589215,16395,95686,12270,0.15186742747045093,0.42804814233385663
3546,0.5317286270255251,0,1,0,589216,16394,95686,12270,0.15185816443736336,0.4280630756349428
3547,0.5317534568586415,2,2,2,589218,16392,95688,12268,0.15183963837118827,0.428053035589672
3548,0.5318002816995093,0,2,0,589220,16390,95688,12268,0.15182111230501316,0.4280829087863773
3549,0.5318132719517831,0,1,0,589221,16389,95688,12268,0.1518118492719256,0.4280978469483896
3550,0.5318462182719611,0,1,0,589222,16388,95688,12268,0.15180258623883805,0.42811278615298715
3551,0.5318742063042976,5,15,5,589237,16373,95693,12263,0.15166364074252472,0.4282371839642408
3552,0.5318869523822053,3,9,3,589246,16364,95696,12260,0.15158027344473674,0.42831190609278924
3553,0.5318886467503036,6,13,6,589259,16351,95702,12254,0.15145985401459855,0.4283866456913127
3554,0.5319184516088846,0,1,0,589260,16350,95702,12254,0.15145059098151098,0.4284016221507482
3555,0.5319619175717836,3,4,3,589264,16346,95705,12251,0.15141353884916076,0.4284015805853761
3556,0.5319676422076318,6,3,6,589267,16343,95711,12245,0.1513857497498981,0.4283265705890583
3557,0.5320522408740621,0,2,0,589269,16341,95711,12245,0.151367223683723,0.4283565381655356
3558,0.5320713224840015,4,7,4,589276,16334,95715,12241,0.1513023824521101,0.4283814523184602
3559,0.5321300962704546,1,2,1,589278,16332,95716,12240,0.151283856385935,0.42839143217135656
3560,0.5321346481629601,1,2,1,589280,16330,95717,12239,0.1512653303197599,0.4284014141202002
3561,0.5321375713285339,5,10,5,589290,16320,95722,12234,0.15117269998888436,0.42845135532674933
3562,0.5321399652666688,3,0,3,589290,16320,95725,12231,0.15117269998888436,0.4283912997793422
3563,0.5321705350275623,1,10,1,589300,16310,95726,12230,0.15108006965800883,0.42852137351086195
3564,0.5322137671398967,0,3,0,589303,16307,95726,12230,0.15105228055874614,0.42856642253915966
3565,0.5322162722019195,8,13,8,589316,16294,95734,12222,0.15093186112860796,0.428601486884556
3566,0.5322264775018998,5,6,5,589322,16288,95739,12217,0.15087628293008262,0.428591475179793
3567,0.5322492964453311,1,3,1,589325,16285,95740,12216,0.15084849383081997,0.4286165397705344
3568,0.5322640526825737,9,11,9,589336,16274,95749,12207,0.15074660046685687,0.42860152382289946
3569,0.5322885305487579,5,6,5,589342,16268,95754,12202,0.15069102226833153,0.42859149982437655
3570,0.5323162625440891,14,4,14,589346,16264,95768,12188,0.15065397013598134,0.4283705890622803
3571,0.532316436189682,7,8,7,589354,16256,95775,12181,0.1505798658712809,0.42835038857826074
3572,0.5323181026495595,2,1,2,589355,16255,95777,12179,0.15057060283819335,0.42832524442568753
3573,0.5323815964202946,0,1,0,589356,16254,95777,12179,0.15056133980510578,0.4283403087961172
3574,0.5323894349539937,3,3,3,589359,16251,95780,12176,0.15053355070584312,0.42832518380412987
3575,0.5323998113746009,6,7,6,589366,16244,95786,12170,0.15046870947423024,0.4283099880340677
3576,0.5324065872368863,1,2,1,589368,16242,95787,12169,0.15045018340805513,0.42832001689486465
3577,0.5324377902539525,0,3,0,589371,16239,95787,12169,0.15042239430879248,0.4283652492255703
3578,0.5324522491349316,8,16,8,589387,16223,95795,12161,0.1502741857793916,0.428445603156708
3579,0.5325312232423408,1,5,1,589392,16218,95796,12160,0.15022787061395385,0.4285009514412573
3580,0.5325525622470462,8,23,8,589415,16195,95804,12152,0.15001482085294007,0.4286873390482238
3581,0.5325606428279952,4,4,4,589419,16191,95808,12148,0.14997776872058988,0.4286672077349236
3582,0.5325685165111738,3,0,3,589419,16191,95811,12145,0.14997776872058988,0.42860671936758893
3583,0.5325726429552301,0,1,0,589420,16190,95811,12145,0.1499685056875023,0.428621845773778
3584,0.5325770800591504,1,0,1,589420,16190,95812,12144,0.1499685056875023,0.4286016799604715
3585,0.5325810281531412,2,2,2,589422,16188,95814,12142,0.1499499796213272,0.42859159901164845
3586,0.5326156491023603,1,0,1,589422,16188,95815,12141,0.1499499796213272,0.42857142857142855
3587,0.5326210876666446,1,3,1,589425,16185,95816,12140,0.14992219052206454,0.42859664607237424
3588,0.5326396945954965,0,2,0,589427,16183,95816,12140,0.14990366445588943,0.4286269109910673
3589,0.5326414734574739,1,8,1,589435,16175,95817,12139,0.149829560191189,0.4287278378187469
3590,0.53265646974366,2,3,2,589438,16172,95819,12137,0.14980177109192633,0.4287329117948356
3591,0.5326762712521321,7,12,7,589450,16160,95826,12130,0.14969061469487568,0.4287734181689643
3592,0.5327054598455059,1,1,1,589451,16159,95827,12129,0.14968135166178814,0.4287683823529412
3593,0.5327257594420816,0,1,0,589452,16158,95827,12129,0.14967208862870057,0.4287835401421147
3594,0.5327740358856274,1,1,1,589453,16157,95828,12128,0.14966282559561303,0.42877850450768956
3595,0.5328287979821902,1,16,1,589469,16141,95829,12127,0.14951461706621216,0.4290009905193151
3596,0.5328520387999639,31,24,31,589493,16117,95860,12096,0.14929230427211085,0.4287385247935349
3597,0.5328644826762889,1,1,1,589494,16116,95861,12095,0.1492830412390233,0.42873347275885293
3598,0.532872368294015,12,18,12,589512,16098,95873,12083,0.14911630664344733,0.4287640608920904
3599,0.532877726014211,2,4,2,589516,16094,95875,12081,0.1490792545110971,0.4287843833185448
3600,0.5328978096155303,1,10,1,589526,16084,95876,12080,0.14898662418022157,0.42891634710978555
3601,0.5329519067067585,2,3,2,589529,16081,95878,12078,0.14895883508095892,0.42892148158670407
3602,0.5329639473263488,13,21,13,589550,16060,95891,12065,0.14876431138612028,0.4289777777777778
3603,0.5329760936153776,8,5,8,589555,16055,95899,12057,0.1487179962206825,0.4288915765509391
3604,0.5329948949669412,29,33,29,589588,16022,95928,12028,0.14841231612879321,0.42880570409982177
3605,0.5330017538780442,1,1,1,589589,16021,95929,12027,0.14840305309570564,0.4288006274957216
3606,0.5330344298298539,0,1,0,589590,16020,95929,12027,0.1483937900626181,0.4288159161407637
3607,0.5330982484913179,4,17,4,589607,16003,95933,12023,0.1482363185001297,0.4289945051024049
3608,0.5331131988962449,0,1,0,589608,16002,95933,12023,0.14822705546704212,0.42900981266726135
3609,0.5331239660850728,3,8,3,589616,15994,95936,12020,0.1481529512023417,0.42907117869636613
3610,0.5331751675467022,6,24,6,589640,15970,95942,12014,0.1479306384082404,0.42931675242996
3611,0.5331801538654105,0,1,0,589641,15969,95942,12014,0.14792137537515285,0.4293320944859379
3612,0.5332049727191713,4,8,4,589649,15961,95946,12010,0.1478472711104524,0.42937327946802045
3613,0.5332059818410204,0,2,0,589651,15959,95946,12010,0.1478287450442773,0.42940398298115773
3614,0.5332625100571665,1,4,1,589655,15955,95947,12009,0.1477916929119271,0.42944500071520525
3615,0.5332628853445055,13,17,13,589672,15938,95960,11996,0.14763422134943865,0.4294408248013174
3616,0.5333113536613264,1,11,1,589683,15927,95961,11995,0.14753232798547555,0.42958957094763983
3617,0.5333260193390703,8,21,8,589704,15906,95969,11987,0.14733780429063692,0.4297493994909117
3618,0.5333384680488695,40,36,40,589740,15870,96009,11947,0.14700433509948496,0.4294855663802711
3619,0.5333519437254757,5,12,5,589752,15858,96014,11942,0.14689317870243432,0.429568345323741
3620,0.5333587116652503,1,8,1,589760,15850,96015,11941,0.1468190744377339,0.42967147637724445
3621,0.5333823052235509,87,112,87,589872,15738,96102,11854,0.14578161473192783,0.42961728037112207
3622,0.533405119334887,0,3,0,589875,15735,96102,11854,0.14575382563266515,0.4296639965203523
3623,0.5334374730830191,4,2,4,589877,15733,96106,11850,0.14573529956649006,0.4296124424464344
3624,0.5334446982558949,0,1,0,589878,15732,96106,11850,0.1457260365334025,0.4296280182727866
3625,0.5334707435486618,1,0,1,589878,15732,96107,11849,0.1457260365334025,0.4296073383851202
3626,0.5334757478716666,4,6,4,589884,15726,96111,11845,0.14567045833487718,0.42961807696492693
3627,0.5334852992064598,5,14,5,589898,15712,96116,11840,0.1455407758716514,0.429732868757259
3628,0.5334860664754484,5,4,5,589902,15708,96121,11835,0.1455037237393012,0.42969175471081583
3629,0.5335044259071624,26,22,26,589924,15686,96147,11809,0.145299937011375,0.42949627204946356
3630,0.5335638998600869,8,6,8,589930,15680,96155,11801,0.14524435881284967,0.4294239656489939
3631,0.5336198012535992,55,101,55,590031,15579,96210,11746,0.1443087924710067,0.4298627630375114
3632,0.5336554924259624,1,0,1,590031,15579,96211,11745,0.1443087924710067,0.4298418972332016
3633,0.5336699928536286,1,1,1,590032,15578,96212,11744,0.14429952943791916,0.42983676158407147
3634,0.533683540908042,50,93,50,590125,15485,96262,11694,0.1434380673607766,0.43025865557967546
3635,0.5336858111892976,0,3,0,590128,15482,96262,11694,0.14341027826151395,0.43030615248748894
3636,0.5336879363334516,0,1,0,590129,15481,96262,11694,0.1434010152284264,0.43032198712051517
3637,0.533719681455523,1,1,1,590130,15480,96263,11693,0.14339175219533884,0.43031685864645053
3638,0.5337305979929405,13,36,13,590166,15444,96276,11680,0.14305828300418688,0.4306149535466745
3639,0.5337336569694264,34,52,34,590218,15392,96310,11646,0.14257660528363408,0.4307271247873363
3640,0.5337385757750004,16,48,16,590266,15344,96326,11630,0.14213197969543148,0.4311559279305998
3641,0.5337754317863255,1,2,1,590268,15342,96327,11629,0.14211345362925637,0.43116680879463126
3642,0.5338277147346254,3,2,3,590270,15340,96330,11626,0.14209492756308126,0.43113550396795963
3643,0.5338490177368179,5,7,5,590277,15333,96335,11621,0.14203008633146838,0.43114194553684054
3644,0.533908209639311,76,86,76,590363,15247,96411,11545,0.1412334654859387,0.43091221260077633
3645,0.5339170293733523,4,12,4,590375,15235,96415,11541,0.14112230908888806,0.43102031670152374
3646,0.5339368185228841,19,23,19,590398,15212,96434,11522,0.14090925932787432,0.43098675843495177
3647,0.5339407439295918,0,1,0,590399,15211,96434,11522,0.14089999629478678,0.43100288033516626
3648,0.5339457741958686,7,18,7,590417,15193,96441,11515,0.1407332616992108,0.431144226449004
3649,0.5339508387409059,0,1,0,590418,15192,96441,11515,0.14072399866612323,0.431160369940465
3650,0.5339567394630039,12,26,12,590444,15166,96453,11503,0.14048315980584683,0.4313247590835802
3651,0.5339568596703833,0,1,0,590445,15165,96453,11503,0.14047389677275926,0.43134093295335235
3652,0.5339622474435203,0,9,0,590454,15156,96453,11503,0.1403905294749713,0.43148655238381034
3653,0.5339684425919647,0,1,0,590455,15155,96453,11503,0.14038126644188373,0.43150273838997677
3654,0.5340043361815685,16,24,16,590479,15131,96469,11487,0.14015895364778244,0.4315500788939815
3655,0.5340341569914127,3,5,3,590484,15126,96472,11484,0.14011263848234465,0.4315670800450958
3656,0.5340621471691176,41,19,41,590503,15107,96513,11443,0.13993664085368113,0.4309981167608286
3657,0.534151931861014,50,75,50,590578,15032,96563,11393,0.13924191337211456,0.43114474929044466
3658,0.5341923995685991,2,3,2,590581,15029,96565,11391,0.1392141242728519,0.4311506434519304
3659,0.5342413390122493,2,1,2,590582,15028,96567,11389,0.13920486123976436,0.4311238974902525
3660,0.5342468641651198,365,576,365,591158,14452,96932,11024,0.13386935418133314,0.43272099230648453
3661,0.5342864251290059,19,34,19,591192,14418,96951,11005,0.1335544110563563,0.4328757424379499
3662,0.5343221780065783,55,93,55,591285,14325,97006,10950,0.13269294897921374,0.4332344213649852
3663,0.5343362608765088,0,1,0,591286,14324,97006,10950,0.1326836859461262,0.4332515628709346
3664,0.5343440577080313,2,2,2,591288,14322,97008,10948,0.1326651598799511,0.4332409972299169
3665,0.5343710009582845,41,58,41,591346,14264,97049,10907,0.13212790396087296,0.4333161177545588
3666,0.5343759189049379,1,3,1,591349,14261,97050,10906,0.13210011486161027,0.43334525370524896
3667,0.5343762415685047,29,61,29,591410,14200,97079,10877,0.1315350698432695,0.4337440682697292
3668,0.534381978970442,455,640,455,592050,13560,97534,10422,0.1256067286672348,0.4345759319489617
3669,0.5343916127266997,0,1,0,592051,13559,97534,10422,0.12559746563414725,0.43459405362578707
3670,0.5344351301986019,10,25,10,592076,13534,97544,10412,0.1253658898069584,0.4348116595673599
3671,0.5344547118433204,0,1,0,592077,13533,97544,10412,0.12535662677387083,0.43482981833368134
3672,0.5344766814642519,0,3,0,592080,13530,97544,10412,0.12532883767460817,0.43488430373402387
3673,0.5344811204122253,4,0,4,592080,13530,97548,10408,0.12532883767460817,0.4347898738407553
3674,0.5345003141571252,6,9,6,592089,13521,97554,10402,0.12524547037682018,0.43481168749738747
3675,0.5345032642562338,1,10,1,592099,13511,97555,10401,0.12515284004594465,0.43496988959518235
3676,0.5345092791950088,73,150,73,592249,13361,97628,10328,0.12376338508281151,0.43598294567098655
3677,0.5345095005952162,0,1,0,592250,13360,97628,10328,0.12375412204972396,0.43600135089496794
3678,0.5345274313902253,14,15,14,592265,13345,97642,10314,0.12361517655341064,0.43594403820956085
3679,0.5345356881856734,2,1,2,592266,13344,97644,10312,0.12360591352032309,0.43591477849171456
3680,0.5345431400233764,30,75,30,592341,13269,97674,10282,0.12291118603875653,0.436584433782005
3681,0.5345432567330437,2,4,2,592345,13265,97676,10280,0.12287413390640631,0.43661074538118494
3682,0.5345676568771884,64,75,64,592420,13190,97740,10216,0.12217940642483975,0.4364692813808425
3683,0.5345865291454263,0,5,0,592425,13185,97740,10216,0.12213309125940199,0.4365625400623905
3684,0.5346111436312833,10,27,10,592452,13158,97750,10206,0.12188298936603802,0.43682588597842836
3685,0.5346156497972072,2,4,2,592456,13154,97752,10204,0.12184593723368779,0.4368524702457402
3686,0.5346450454253707,1,0,1,592456,13154,97753,10203,0.12184593723368779,0.436828359806482
3687,0.5346509546714565,21,19,21,592475,13135,97774,10182,0.12166993960502427,0.4366771025432088
3688,0.534673258928539,40,92,40,592567,13043,97814,10142,0.12081774056096928,0.4374379987060599
3689,0.5347518595821661,26,48,26,592615,12995,97840,10116,0.12037311497276668,0.4377136428540522
3690,0.5348077609756785,393,553,393,593168,12442,98233,9723,0.11525065767534921,0.4386645612452064
3691,0.534843940436499,2,5,2,593173,12437,98235,9721,0.11520434250991145,0.4387128802238469
3692,0.5348717646236871,1,2,1,593175,12435,98236,9720,0.11518581644373634,0.43872714962762355
3693,0.5348761129711395,2,3,2,593178,12432,98238,9718,0.11515802734447367,0.43873589164785554
3694,0.5348897706957031,3,8,3,593186,12424,98241,9715,0.11508392307977323,0.43881837481367725
3695,0.5349073820940028,0,1,0,593187,12423,98241,9715,0.11507466004668569,0.43883819676574215
3696,0.5349548743889083,0,1,0,593188,12422,98241,9715,0.11506539701359814,0.4388580205086507
3697,0.5349984110603426,26,37,26,593225,12385,98267,9689,0.11472266478935862,0.43893268098215094
3698,0.535002610957832,3,3,3,593228,12382,98270,9686,0.11469487569009597,0.43891607757839407
3699,0.5350219440781755,1,0,1,593228,12382,98271,9685,0.11469487569009597,0.43889065119862236
3700,0.5350717488148161,0,1,0,593229,12381,98271,9685,0.11468561265700841,0.4389105411039608
3701,0.535081211611459,2,1,2,593230,12380,98273,9683,0.11467634962392086,0.4388795721343426
3702,0.5350879205994385,5,10,5,593240,12370,98278,9678,0.11458371929304531,0.4389513788098694
3703,0.5350907546473029,93,128,93,593368,12242,98371,9585,0.11339805105783837,0.4391350162642599
3704,0.5350955276374418,548,860,548,594228,11382,98919,9037,0.10543184260254178,0.44257799108673296
3705,0.5350975041847821,8,24,8,594252,11358,98927,9029,0.10520952980844048,0.44288026683670967
3706,0.535107839960159,10,25,10,594277,11333,98937,9019,0.10497795398125162,0.44315055031446543
3707,0.5351371130049714,6,30,6,594307,11303,98943,9013,0.104700062988625,0.4436404804095294
3708,0.5351488983695241,0,3,0,594310,11300,98943,9013,0.10467227388936233,0.44370600108305025
3709,0.5351562107509114,2,14,2,594324,11286,98945,9011,0.10454259142613657,0.4439572350593684
3710,0.5351567127677108,515,799,515,595123,10487,99460,8496,0.09714142798918078,0.4475583416741295
3711,0.5351651041762246,1,4,1,595127,10483,99461,8495,0.09710437585683056,0.44762356412688376
3712,0.5351927487176351,0,1,0,595128,10482,99461,8495,0.097095112823743,0.4476471518153554
3713,0.5352001825158061,0,1,0,595129,10481,99461,8495,0.09708584979065545,0.44767074198988194
3714,0.5352050111426296,1,4,1,595133,10477,99462,8494,0.09704879765830524,0.44773601813293973
3715,0.5352140322082455,0,1,0,595134,10476,99462,8494,0.09703953462521768,0.4477596204533474
3716,0.5352159840401105,39,79,39,595213,10397,99501,8455,0.0963077550113009,0.44849352853808616
3717,0.5352294139254494,0,1,0,595214,10396,99501,8455,0.09629849197821334,0.44851732003607236
3718,0.5352372421734941,86,71,86,595285,10325,99587,8369,0.095640816628997,0.44768374879640527
3719,0.5352691334473068,3,0,3,595285,10325,99590,8366,0.095640816628997,0.44759509924562624
3720,0.53527875706532,1,1,1,595286,10324,99591,8365,0.09563155359590944,0.4475894911445235
3721,0.5353019984194505,6,1,6,595287,10323,99597,8359,0.09562229056282188,0.4474360346857938
3722,0.5353040631733095,2,4,2,595291,10319,99599,8357,0.09558523843047168,0.44747269222531594
3723,0.5353142960114142,5,5,5,595296,10314,99604,8352,0.09553892326503391,0.4474445515911283
3724,0.5353315250361474,1,0,1,595296,10314,99605,8351,0.09553892326503391,0.4474149477631931
3725,0.5353807072329142,2,0,2,595296,10314,99607,8349,0.09553892326503391,0.44735573058993733
3726,0.53539832267009,0,1,0,595297,10313,99607,8349,0.09552966023194635,0.44737970206837424
3727,0.5354313208233236,0,1,0,595298,10312,99607,8349,0.0955203971988588,0.44740367611596377
3728,0.5354658003341847,2,1,2,595299,10311,99609,8347,0.09551113416577124,0.4473684210526316
3729,0.5355297795103536,2,3,2,595302,10308,99611,8345,0.09548334506650857,0.4473811183187691
3730,0.5355612990802265,1,0,1,595302,10308,99612,8344,0.09548334506650857,0.44735149045678746
3731,0.5356156408479306,1,1,1,595303,10307,99613,8343,0.09547408203342102,0.44734584450402143
3732,0.5356400920186091,0,3,0,595306,10304,99613,8343,0.09544629293415836,0.4474178151981552
3733,0.535653084866061,11,16,11,595322,10288,99624,8332,0.0952980844047575,0.44747583243823846
3734,0.5356642764330712,1,6,1,595328,10282,99625,8331,0.09524250620623217,0.4475903938107774
3735,0.5356658163411165,3,10,3,595338,10272,99628,8328,0.09514987587535663,0.447741935483871
3736,0.5356691049468906,9,5,9,595343,10267,99637,8319,0.09510356070991885,0.4475949639513612
3737,0.5356940678238639,17,51,17,595394,10216,99654,8302,0.0946311460224536,0.4483205529754833
3738,0.535742853960862,1,2,1,595396,10214,99655,8301,0.09461261995627848,0.44833918444504456
3739,0.5357987386001026,22,42,22,595438,10172,99677,8279,0.0942235725666012,0.44870196737304213
3740,0.5358018329892585,3,11,3,595449,10161,99680,8276,0.09412167920263811,0.44887996962629495
3741,0.5358038264348951,5,10,5,595459,10151,99685,8271,0.09402904887176257,0.4489740527630008
3742,0.5358420379270608,1,5,1,595464,10146,99686,8270,0.0939827337063248,0.44906602953953084
3743,0.5358755283378076,67,105,67,595569,10041,99753,8203,0.09301011523213161,0.44962727472045605
3744,0.5358774869999221,24,24,24,595593,10017,99777,8179,0.09278780243803031,0.4494943943723895
3745,0.5358882440971221,48,60,48,595653,9957,99825,8131,0.09223202045277706,0.4495245466607696
3746,0.5358928856137484,3,5,3,595658,9952,99828,8128,0.09218570528733928,0.4495575221238938
3747,0.5359310529232585,0,1,0,595659,9951,99828,8128,0.09217644225425173,0.4495823884064384
3748,0.5360035025598926,39,73,39,595732,9878,99867,8089,0.09150024083886027,0.4502142817387432
3749,0.5360155505554585,1,3,1,595735,9875,99868,8088,0.09147245173959762,0.45025886544563826
3750,0.536028064507924,3,5,3,595740,9870,99871,8085,0.09142613657415985,0.4502923976608187
3751,0.5360524759196246,0,1,0,595741,9869,99871,8085,0.0914168735410723,0.45031747799933164
3752,0.5360699631634608,9,14,9,595755,9855,99880,8076,0.09128719107784652,0.4503931738330266
3753,0.5361051245088577,0,2,0,595757,9853,99880,8076,0.09126866501167143,0.4504434156952423
3754,0.5361792432325586,2,4,2,595761,9849,99882,8074,0.0912316128793212,0.45048262009708195
3755,0.5361905706799112,12,22,12,595783,9827,99894,8062,0.09102782615139501,0.45066800827324055
3756,0.5362290012335951,17,27,17,595810,9800,99911,8045,0.09077772425803105,0.4508265620622023
3757,0.5362343894839559,23,28,23,595838,9772,99934,8022,0.09051835933157953,0.45082612116443743
3758,0.5362439518158957,11,10,11,595848,9762,99945,8011,0.09042572900070399,0.45073988634445505
3759,0.5362479769371286,0,2,0,595850,9760,99945,8011,0.09040720293452888,0.4507906139215576
3760,0.5362691713335382,3,7,3,595857,9753,99948,8008,0.090342361702916,0.4508755137661168
3761,0.536294746080162,1,0,1,595857,9753,99949,8007,0.090342361702916,0.4508445945945946
3762,0.5363250727270505,78,103,78,595960,9650,100027,7929,0.08938826929489792,0.45104954775584505
3763,0.5363301768295016,0,1,0,595961,9649,100027,7929,0.08937900626181036,0.451075207645921
3764,0.5363879439709033,12,22,12,595983,9627,100039,7917,0.08917521953388417,0.451265389876881
3765,0.5364565251459871,23,20,23,596003,9607,100062,7894,0.0889899588721331,0.45105993943203243
3766,0.5364890895176179,15,15,15,596018,9592,100077,7879,0.08885101337581978,0.4509759029248469
3767,0.536489443348598,5,9,5,596027,9583,100082,7874,0.0887676460780318,0.45105115426476483
3768,0.5365105580116897,11,19,11,596046,9564,100093,7863,0.08859164844936826,0.4511964193492856
3769,0.5365191077337562,2,0,2,596046,9564,100095,7861,0.08859164844936826,0.4511334289813486
3770,0.5365594338402476,2,10,2,596056,9554,100097,7859,0.08849901811849271,0.45132946649055306
3771,0.5365677983310816,8,10,8,596066,9544,100105,7851,0.08840638778761718,0.4513365909744179
3772,0.5365679239652588,1,1,1,596067,9543,100106,7850,0.08839712475452963,0.45133099522796527
3773,0.5365711774900604,0,1,0,596068,9542,100106,7850,0.08838786172144207,0.4513569457221711
3774,0.5365789004536493,10,17,10,596085,9525,100116,7840,0.08823039015895365,0.4514828678376044
3775,0.5365996339900431,15,25,15,596110,9500,100131,7825,0.08799881433176479,0.45165945165945165
3776,0.5366580033577268,13,25,13,596135,9475,100144,7812,0.08776723850457593,0.45190027188060394
3777,0.5366813417578452,0,1,0,596136,9474,100144,7812,0.08775797547148838,0.45192641443943077
3778,0.5367068263094329,4,14,4,596150,9460,100148,7808,0.08762829300826262,0.45216585591846187
3779,0.5367178043215906,107,119,107,596269,9341,100255,7701,0.08652599207084367,0.4518835817392325
3780,0.5367221577861708,2,9,2,596278,9332,100257,7699,0.08644262477305568,0.4520580118607246
3781,0.5367348712233497,4,1,4,596279,9331,100261,7695,0.08643336173996813,0.4519558322565488
3782,0.536750847799093,2,9,2,596288,9322,100263,7693,0.08634999444218015,0.45213047311196003
3783,0.5368158768018814,3,4,3,596292,9318,100266,7690,0.08631294230982993,0.452140169332079
3784,0.5368175382321572,0,1,0,596293,9317,100266,7690,0.08630367927674237,0.45216675486564356
3785,0.5369004001832517,0,1,0,596294,9316,100266,7690,0.08629441624365482,0.4521933435258144
3786,0.5369009239346949,5,7,5,596301,9309,100271,7685,0.08622957501204194,0.4522184300341297
3787,0.5370438850095114,0,1,0,596302,9308,100271,7685,0.08622031197895438,0.452245042076149
3788,0.5370747741390741,0,1,0,596303,9307,100271,7685,0.08621104894586683,0.4522716572504708
3789,0.537081188484073,15,33,15,596336,9274,100286,7670,0.08590536885397755,0.4526676109537299
3790,0.5371535670774568,0,1,0,596337,9273,100286,7670,0.08589610582089,0.4526943280410789
3791,0.5371626133210834,102,133,102,596470,9140,100388,7568,0.08466412242024529,0.4529566674646876
3792,0.5373128656372369,14,16,14,596486,9124,100402,7554,0.08451591389084442,0.4529320062357597
3793,0.5373444274740471,0,1,0,596487,9123,100402,7554,0.08450665085775687,0.45295916531750313
3794,0.537408764141854,17,21,17,596508,9102,100419,7537,0.08431212716291822,0.4529719334094597
3795,0.5374143091342571,105,106,105,596614,8996,100524,7432,0.08333024565563749,0.4523983442902362
3796,0.5374160923317624,90,113,90,596727,8883,100614,7342,0.08228352291674386,0.4525115562403698
3797,0.5374273426625932,1,6,1,596733,8877,100615,7341,0.08222794471821854,0.45264520902700706
3798,0.5374455917907122,1,3,1,596736,8874,100616,7340,0.08220015561895587,0.4526952016775626
3799,0.537459974710853,0,3,0,596739,8871,100616,7340,0.0821723665196932,0.4527789772376781
3800,0.5374643321629929,3,14,3,596753,8857,100619,7337,0.08204268405646745,0.45306903791527725
3801,0.5374796796365728,1,2,1,596755,8855,100620,7336,0.08202415799029233,0.4530912235192391
3802,0.5374893824383439,4,4,4,596759,8851,100624,7332,0.08198710585794212,0.45306803435704135
3803,0.5375033049035908,1,0,1,596759,8851,100625,7331,0.08198710585794212,0.45303423557038686
3804,0.5375075280643025,28,27,28,596786,8824,100653,7303,0.08173700396457816,0.4528430582253364
3805,0.5376670639463813,92,130,92,596916,8694,100745,7211,0.08053280966319612,0.4533794404275385
3806,0.537728882591517,5,3,5,596919,8691,100750,7206,0.08050502056393345,0.4532930741649368
3807,0.5378372824062834,1,0,1,596919,8691,100751,7205,0.08050502056393345,0.4532586814292904
3808,0.5378659960014355,0,3,0,596922,8688,100751,7205,0.0804772314646708,0.45334423960234066
3809,0.5378763473252305,29,28,29,596950,8660,100780,7176,0.08021786653821927,0.45314473351856527
3810,0.5379010132965016,0,1,0,596951,8659,100780,7176,0.08020860350513172,0.45317335017366595
3811,0.5379720873989318,78,133,78,597084,8526,100858,7098,0.07897662010448701,0.4543010752688172
3812,0.5380005310454716,6,15,6,597099,8511,100864,7092,0.0788376746081737,0.4545279753893482
3813,0.5380029184074457,2,1,2,597100,8510,100866,7090,0.07882841157508615,0.4544871794871795
3814,0.5380094566656989,3,2,3,597102,8508,100869,7087,0.07880988550891103,0.45444052580955435
3815,0.5380362019953121,0,2,0,597104,8506,100869,7087,0.07879135944273592,0.45449881357019173
3816,0.5380457531630748,1,0,1,597104,8506,100870,7086,0.07879135944273592,0.4544638276038994
3817,0.5380637451304542,1,0,1,597104,8506,100871,7085,0.07879135944273592,0.4544288371496376
3818,0.5381473816597321,1,1,1,597105,8505,100872,7084,0.07878209640964838,0.4544229905702739
3819,0.5381525095140124,102,139,102,597244,8366,100974,6982,0.07749453481047834,0.45491269220745373
3820,0.538250712804255,3,6,3,597250,8360,100977,6979,0.07743895661195302,0.4549840276419584
3821,0.5382922032871368,7,10,7,597260,8350,100984,6972,0.07734632628107747,0.4550319801592481
3822,0.5383069125839246,0,2,0,597262,8348,100984,6972,0.07732780021490236,0.4550913838120104
3823,0.5383299484558144,0,3,0,597265,8345,100984,6972,0.07730001111563971,0.4551805183782725
3824,0.5383419041805138,2,3,2,597268,8342,100986,6970,0.07727222201637704,0.45519853709508884
3825,0.5383516089502448,0,3,0,597271,8339,100986,6970,0.07724443291711439,0.4552877392383565
3826,0.5384821774407411,0,2,0,597273,8337,100986,6970,0.07722590685093927,0.45534722675899914
3827,0.538485026523239,1,0,1,597273,8337,100987,6969,0.07722590685093927,0.45531164249313993
3828,0.5385713141271875,7,12,7,597285,8325,100994,6962,0.07711475045388862,0.45541963760057563
3829,0.5385987903335117,4,2,4,597287,8323,100998,6958,0.07709622438771352,0.45533669262482823
3830,0.538640759361171,1,5,1,597292,8318,100999,6957,0.07704990922227574,0.45545008183306057
3831,0.5386990888623122,0,1,0,597293,8317,100999,6957,0.07704064618918818,0.45547990048448345
3832,0.5388140360613327,13,25,13,597318,8292,101012,6944,0.07680907036199933,0.4557626673667629
3833,0.5388918026731049,1,1,1,597319,8291,101013,6943,0.07679980732891178,0.4557568596560326
3834,0.5389475152989316,5,9,5,597328,8282,101018,6938,0.0767164400311238,0.45584756898817347
3835,0.538988452927124,3,6,3,597334,8276,101021,6935,0.07666086183259846,0.45592005785286965
3836,0.5389913056750888,16,22,16,597356,8254,101037,6919,0.07645707510467227,0.4560073815329862
3837,0.5391653902393713,9,7,9,597363,8247,101046,6910,0.07639223387305939,0.45589496602229995
3838,0.5391794949471249,1,0,1,597363,8247,101047,6909,0.07639223387305939,0.4558590657165479
3839,0.5393030529055785,3,3,3,597366,8244,101050,6906,0.07636444477379674,0.45584158415841586
3840,0.539353205353321,4,7,4,597373,8237,101054,6902,0.07629960354218385,0.4559085804874827
3841,0.539415092188628,0,5,0,597378,8232,101054,6902,0.07625328837674608,0.45605920444033304
3842,0.5394289794427374,9,24,9,597402,8208,101063,6893,0.07603097558264478,0.456459837096881
3843,0.5395088843823629,0,2,0,597404,8206,101063,6893,0.07601244951646967,0.4565202993575733
3844,0.5395280986799013,5,4,5,597408,8202,101068,6888,0.07597539738411946,0.45646123260437377
3845,0.5395525638876062,15,11,15,597419,8191,101083,6873,0.07587350402015636,0.4562533191715348
3846,0.5395610925054634,1,1,1,597420,8190,101084,6872,0.0758642409870688,0.456247510290798
3847,0.539571402864616,1,0,1,597420,8190,101085,6871,0.0758642409870688,0.45621140694509
3848,0.5395873335678656,0,2,0,597422,8188,101085,6871,0.0758457149208937,0.45627199681253733
3849,0.5396022909918637,0,2,0,597424,8186,101085,6871,0.07582718885471859,0.4563326027761174
3850,0.5396431253635721,5,35,5,597459,8151,101090,6866,0.07550298269665419,0.4572151561563561
3851,0.539747065606154,1,2,1,597461,8149,101091,6865,0.07548445663047909,0.4572399094178766
3852,0.5397492351926094,3,7,3,597468,8142,101094,6862,0.0754196153988662,0.4573447080778459
3853,0.5397573884035985,3,1,3,597469,8141,101097,6859,0.07541035236577866,0.45726666666666665
3854,0.5397631981739716,0,2,0,597471,8139,101097,6859,0.07539182629960355,0.4573276436858248
3855,0.5397701052735255,1,0,1,597471,8139,101098,6858,0.07539182629960355,0.45729145829165835
3856,0.5398507965304808,0,1,0,597472,8138,101098,6858,0.07538256326651599,0.4573219525206722
3857,0.5398726270266075,0,2,0,597474,8136,101098,6858,0.07536403720034088,0.45738295318127253
3858,0.5398885126397658,3,2,3,597476,8134,101101,6855,0.07534551113416577,0.4573353792781373
3859,0.5399154535729208,19,14,19,597490,8120,101120,6836,0.07521582867094001,0.4570740839796737
3860,0.5399658782955286,1,9,1,597499,8111,101121,6835,0.07513246137315202,0.4573129934430617
3861,0.5399913486668352,16,43,16,597542,8068,101137,6819,0.0747341509503872,0.45805064821656477
3862,0.5399925808652636,25,27,25,597569,8041,101162,6794,0.07448404905702323,0.4579710144927536
3863,0.5400021729697506,1,2,1,597571,8039,101163,6793,0.07446552299084812,0.45799622437971954
3864,0.5400146169621076,0,2,0,597573,8037,101163,6793,0.07444699692467302,0.45805799055967633
3865,0.5400255758741007,22,88,22,597661,7949,101185,6771,0.07363185001296825,0.45998641304347826
3866,0.5400273911117933,0,1,0,597662,7948,101185,6771,0.0736225869798807,0.46001766424349483
3867,0.5401074429878567,3,2,3,597664,7946,101188,6768,0.07360406091370558,0.45997009650672827
3868,0.5401744354317518,3,10,3,597674,7936,101191,6765,0.07351143058283004,0.46017277736208423
3869,0.540271324510321,2,5,2,597679,7931,101193,6763,0.07346511541739227,0.46025588675649926
3870,0.5403001020513941,14,15,14,597694,7916,101207,6749,0.07332616992107896,0.4602113876576884
3871,0.5403068396951408,18,20,18,597714,7896,101225,6731,0.07314090925932787,0.4601763861352294
3872,0.5403116013925233,7,15,7,597729,7881,101232,6724,0.07300196376301456,0.46039027730229376
3873,0.5403329259439509,6,9,6,597738,7872,101238,6718,0.07291859646522657,0.46045236463331046
3874,0.5403348008722713,14,43,14,597781,7829,101252,6704,0.07252028604246175,0.46129498382990436
3875,0.5403510211250505,13,19,13,597800,7810,101265,6691,0.07234428841379821,0.4614164540376526
3876,0.5403687771202546,1,0,1,597800,7810,101266,6690,0.07234428841379821,0.4613793103448276
3877,0.540411526597578,2,7,2,597807,7803,101268,6688,0.07227944718218533,0.46152784486922915
3878,0.5404124848838767,52,72,52,597879,7731,101320,6636,0.07161250879988143,0.4618918354562539
3879,0.5404252006431911,55,62,55,597941,7669,101375,6581,0.07103820074845307,0.46182456140350875
3880,0.540456167868207,3,1,3,597942,7668,101378,6578,0.07102893771536552,0.4617436473396041
3881,0.5404683272552444,0,3,0,597945,7665,101378,6578,0.07100114861610286,0.4618409043038686
3882,0.5404762118182218,5,5,5,597950,7660,101383,6573,0.07095483345066508,0.4618140940068854
3883,0.5405026636756344,1,0,1,597950,7660,101384,6572,0.07095483345066508,0.4617762788083193
3884,0.5405433579696586,0,1,0,597951,7659,101384,6572,0.07094557041757753,0.46180872742604173
3885,0.5406791138174929,1,0,1,597951,7659,101385,6571,0.07094557041757753,0.4617709065354884
3886,0.5406948378167524,1,11,1,597962,7648,101386,6570,0.07084367705361444,0.46209030806020535
3887,0.5407395683287499,1,3,1,597965,7645,101387,6569,0.07081588795435177,0.46214999296468273
3888,0.5407627440724757,46,96,46,598061,7549,101433,6523,0.06992663677794657,0.46354462762933485
3889,0.5407732870022551,3,0,3,598061,7549,101436,6520,0.06992663677794657,0.46343023669059635
3890,0.5408290787979615,15,51,15,598112,7498,101451,6505,0.06945422209048131,0.46454331214739697
3891,0.5408336937344188,2,12,2,598124,7486,101453,6503,0.06934306569343066,0.4648652512688541
3892,0.5408691038688801,142,110,142,598234,7376,101595,6361,0.0683241320537997,0.4630559801994613
3893,0.5409122827546196,1,0,1,598234,7376,101596,6360,0.0683241320537997,0.4630168899242865
3894,0.5409131723360763,0,4,0,598238,7372,101596,6360,0.06828707992144947,0.4631517623070201
3895,0.5409200839548662,29,81,29,598319,7291,101625,6331,0.0675367742413576,0.46476288357069445
3896,0.5410276900802373,32,18,32,598337,7273,101657,6299,0.06737003964578162,0.4641173003241969
3897,0.5410303450933882,1,2,1,598339,7271,101658,6298,0.0673515135796065,0.46414621563858793
3898,0.5410425159210407,135,134,135,598473,7137,101793,6163,0.06611026714587424,0.46338345864661656
3899,0.5410427091644572,1,0,1,598473,7137,101794,6162,0.06611026714587424,0.4633431085043988
3900,0.5410569160521949,2,1,2,598474,7136,101796,6160,0.06610100411278669,0.46329723225030084
3901,0.5410615405644571,2,12,2,598486,7124,101798,6158,0.06598984771573604,0.46363499472970937
3902,0.5411574966900804,2,8,2,598494,7116,101800,6156,0.06591574345103561,0.4638336347197107
3903,0.5411663477905536,0,1,0,598495,7115,101800,6156,0.06590648041794805,0.463868585637857
3904,0.5411893860002184,1,6,1,598501,7109,101801,6155,0.06585090221942273,0.4640379975874548
3905,0.5412582208777635,0,4,0,598505,7105,101801,6155,0.06581385008707251,0.46417797888386125
3906,0.5412584909745444,44,50,44,598555,7055,101845,6111,0.0653506984326948,0.4641500835485341
3907,0.5412709343149424,0,4,0,598559,7051,101845,6111,0.06531364630034459,0.46429114116395687
3908,0.5412738627756652,6,7,6,598566,7044,101851,6105,0.06524880506873171,0.4642938626511522
3909,0.5412894461628188,1,0,1,598566,7044,101852,6104,0.06524880506873171,0.46425311834499544
3910,0.5413179777609012,51,62,51,598628,6982,101903,6053,0.06467449701730335,0.4643651706942846
3911,0.5413668007126073,41,46,41,598674,6936,101944,6012,0.06424839749527585,0.4643188137164041
3912,0.5414557538776361,0,1,0,598675,6935,101944,6012,0.0642391344621883,0.46435467675909475
3913,0.5414802602291969,7,18,7,598693,6917,101951,6005,0.06407239986661233,0.4647113449930351
3914,0.5414858238537164,128,117,128,598810,6800,102079,5877,0.06298862499536849,0.463595487891457
3915,0.5414929556549015,4,4,4,598814,6796,102083,5873,0.06295157286301827,0.4635724998026679
3916,0.5415183061192395,36,54,36,598868,6742,102119,5837,0.06245136907629034,0.46402734716591143
3917,0.5415493399056593,1,0,1,598868,6742,102120,5836,0.06245136907629034,0.4639847352520273
3918,0.54159019691929,52,45,52,598913,6697,102172,5784,0.0620345325873504,0.4634244050957455
3919,0.5415969067728665,25,30,25,598943,6667,102197,5759,0.06175664159472378,0.4634637051343956
3920,0.5416049939387706,1,0,1,598943,6667,102198,5758,0.06175664159472378,0.463420523138833
3921,0.5416056672540568,0,1,0,598944,6666,102198,5758,0.06174737856163622,0.4634578235672891
3922,0.5416095105074046,0,3,0,598947,6663,102198,5758,0.06171958946237356,0.46356976088881735
3923,0.5416128373398958,158,144,158,599091,6519,102356,5600,0.060385712697765756,0.4620843303902962
3924,0.5416191294377816,3,2,3,599093,6517,102359,5597,0.06036718663159065,0.46202740630675254
3925,0.5416886461802621,1,1,1,599094,6516,102360,5596,0.060357923598503095,0.46202113606340817
3926,0.5417262947531398,3,0,3,599094,6516,102363,5593,0.060357923598503095,0.461887852010901
3927,0.5417690373025391,1,0,1,599094,6516,102364,5592,0.060357923598503095,0.4618434093161546
3928,0.5418142075505519,1,2,1,599096,6514,102365,5591,0.06033939753232798,0.461875258157786
3929,0.5418464010027986,1,2,1,599098,6512,102366,5590,0.06032087146615288,0.46190712278962154
3930,0.5418589240326914,25,15,25,599113,6497,102391,5565,0.06018192596983957,0.46136627424970983
3931,0.5418647447031721,0,1,0,599114,6496,102391,5565,0.06017266293675201,0.461404526987812
3932,0.5418747592226992,2,1,2,599115,6495,102393,5563,0.060163399903664455,0.46135345828495605
3933,0.5418840735556604,1,3,1,599118,6492,102394,5562,0.060135610804401794,0.46142359382777504
3934,0.5418871615137568,0,1,0,599119,6491,102394,5562,0.06012634777131424,0.4614618767111922
3935,0.5419250016564257,1,0,1,599119,6491,102395,5561,0.06012634777131424,0.4614171921672751
3936,0.541977481637192,1,0,1,599119,6491,102396,5560,0.06012634777131424,0.4613725002074517
3937,0.5420178466779145,0,2,0,599121,6489,102396,5560,0.06010782170513913,0.46144908291144493
3938,0.542150394702808,1,5,1,599126,6484,102397,5559,0.06006150653970136,0.46159594785352487
3939,0.5421522147574339,350,407,350,599533,6077,102747,5209,0.05629145207306681,0.46154527733475104
3940,0.5421666665754208,1,2,1,599535,6075,102748,5208,0.056272926006891696,0.46157936718957726
3941,0.5422092091432608,0,1,0,599536,6074,102748,5208,0.05626366297380414,0.46162028009218226
3942,0.5422095029356365,0,1,0,599537,6073,102748,5208,0.05625439994071659,0.46166120024820495
3943,0.5422101486293751,1,2,1,599539,6071,102749,5207,0.05623587387454148,0.4616953360524916
3944,0.5422183344013677,0,2,0,599541,6069,102749,5207,0.056217347808366375,0.4617772259666548
3945,0.542220625769158,307,324,307,599865,5745,103056,4900,0.05321612508799881,0.46031000469704086
3946,0.542247532025044,3,13,3,599878,5732,103059,4897,0.05309570565786061,0.4607206698654624
3947,0.5422536674609443,3,5,3,599883,5727,103062,4894,0.05304939049242284,0.4607852367950287
3948,0.5422645265925767,158,181,158,600064,5546,103220,4736,0.05137278150357553,0.4606107761135966
3949,0.5422876583287636,1,1,1,600065,5545,103221,4735,0.05136351847048798,0.4606031128404669
3950,0.5422974826054476,0,1,0,600066,5544,103221,4735,0.05135425543740042,0.4606479229497033
3951,0.5422989020318204,1,2,1,600068,5542,103222,4734,0.05133572937122531,0.4606850914752822
3952,0.5423049374160003,47,69,47,600137,5473,103269,4687,0.050696580088184076,0.46131889763779527
3953,0.5423160592973614,1,2,1,600139,5471,103270,4686,0.050678054022008964,0.46135669981293687
3954,0.5423192958003387,0,1,0,600140,5470,103270,4686,0.050668790988921415,0.4614021268215833
3955,0.5423233895851661,1,2,1,600142,5468,103271,4685,0.0506502649227463,0.461439968482222
3956,0.5423399531086008,0,14,0,600156,5454,103271,4685,0.05052058245952055,0.46207712792188577
3957,0.5423434501244698,7,12,7,600168,5442,103278,4678,0.0504094260624699,0.46225296442687747
3958,0.5423462212720267,1,1,1,600169,5441,103279,4677,0.05040016302938234,0.4622455030638466
3959,0.5423571801840199,11,25,11,600194,5416,103290,4666,0.050168587202193485,0.4628049990081333
3960,0.5423720661057756,2,0,2,600194,5416,103292,4664,0.050168587202193485,0.4626984126984127
3961,0.542422381666192,1,0,1,600194,5416,103293,4663,0.050168587202193485,0.4626451036809207
3962,0.542443871149833,292,299,292,600493,5117,103585,4371,0.047398940309014786,0.46068718381112983
3963,0.5424747313138727,2,2,2,600495,5115,103587,4369,0.047380414242839675,0.46067060312104596
3964,0.5424906149104004,1,1,1,600496,5114,103588,4368,0.04737115120975212,0.46066230753005694
3965,0.5425072019134548,0,1,0,600497,5113,103588,4368,0.04736188817666457,0.46071089547516086
3966,0.542507204876804,0,3,0,600500,5110,103588,4368,0.0473340990774019,0.4608567208271787
3967,0.5425857824045948,1,0,1,600500,5110,103589,4367,0.0473340990774019,0.46079983117020157
3968,0.5426335192861377,2,3,2,600503,5107,103591,4365,0.04730630997813924,0.46083192567567566
3969,0.542652626560206,3,2,3,600505,5105,103594,4362,0.047287783911964136,0.46075842399915495
3970,0.5427118901637882,0,1,0,600506,5104,103594,4362,0.04727852087887658,0.4608070990914853
3971,0.5427183344089193,2,2,2,600508,5102,103596,4360,0.04725999481270147,0.46079053054322555
3972,0.5427621648094474,9,13,9,600521,5089,103605,4351,0.04713957538256327,0.46091101694915254
3973,0.5427676254028633,35,50,35,600571,5039,103640,4316,0.046676423728185555,0.4613575628006414
3974,0.5427719660333921,6,5,6,600576,5034,103646,4310,0.04663010856274779,0.4612585616438356
3975,0.5428332095663266,2,2,2,600578,5032,103648,4308,0.04661158249657268,0.46124197002141326
3976,0.5428469095653707,30,59,30,600637,4973,103678,4278,0.04606506354440698,0.46243649335207004
3977,0.542881859957816,3,4,3,600641,4969,103681,4275,0.046028011412056764,0.4624621376027694
3978,0.5428898122134087,411,490,411,601131,4479,104092,3864,0.041489125199155215,0.46314275440489033
3979,0.5429019184070999,9,22,9,601153,4457,104101,3855,0.04128533847122902,0.4637872954764196
3980,0.5429020289401609,5,11,5,601164,4446,104106,3850,0.041183445107265924,0.4640790742526519
3981,0.5429085075359806,362,365,362,601529,4081,104468,3488,0.037802438030308645,0.4608270577355001
3982,0.5429999293528741,15,18,15,601547,4063,104483,3473,0.037635703434732666,0.46085456475583864
3983,0.5430072295024841,2,0,2,601547,4063,104485,3471,0.037635703434732666,0.46071144146535703
3984,0.5430317811780871,15,6,15,601553,4057,104500,3456,0.037580125236207344,0.46000266205244245
3985,0.5430514691975715,0,2,0,601555,4055,104500,3456,0.03756159917003223,0.4601251497803222
3986,0.543052576332211,17,24,17,601579,4031,104517,3439,0.03733928637593093,0.46037483266398926
3987,0.5430724685227235,0,1,0,601580,4030,104517,3439,0.03733002334284338,0.4604364707457491
3988,0.5430913178973864,1,1,1,601581,4029,104518,3438,0.03732076030975583,0.4604258738449176
3989,0.5431093402760384,2,5,2,601586,4024,104520,3436,0.037274445144318054,0.4605898123324397
3990,0.5431103818317142,8,7,8,601593,4017,104528,3428,0.037209603912705176,0.4604432505036938
3991,0.5431474080884688,3,10,3,601603,4007,104531,3425,0.03711697358182964,0.46084499461786865
3992,0.543166738546722,2,2,2,601605,4005,104533,3423,0.037098447515654526,0.46082390953150243
3993,0.5432267645046908,7,11,7,601616,3994,104540,3416,0.03699655415169143,0.4609986504723347
3994,0.5432345903070798,0,2,0,601618,3992,104540,3416,0.03697802808551632,0.4611231101511879
3995,0.5432982759621209,8,7,8,601625,3985,104548,3408,0.03691318685390344,0.4609765994860003
3996,0.5433174628067127,1,2,1,601627,3983,104549,3407,0.03689466078772834,0.4610284167794317
3997,0.5433734634848169,22,24,22,601651,3959,104571,3385,0.036672347993627036,0.46092047930283225
3998,0.5434087670268595,150,248,150,601899,3711,104721,3235,0.03437511578791359,0.46573567520875325
3999,0.5434324655814549,17,12,17,601911,3699,104738,3218,0.03426395939086294,0.465230591296805
4000,0.543453062819544,29,48,29,601959,3651,104767,3189,0.03381933380266034,0.4662280701754386
4001,0.5434668888124642,0,1,0,601960,3650,104767,3189,0.03381007076957279,0.46629624214066384
4002,0.5434771754377983,4,4,4,601964,3646,104771,3185,0.033773018637222575,0.4662567706045967
4003,0.5434868783849285,9,22,9,601986,3624,104780,3176,0.03356923190929638,0.46705882352941175
4004,0.5435210012385814,1,0,1,601986,3624,104781,3175,0.03356923190929638,0.46698043829974994
4005,0.5435943065779816,1,1,1,601987,3623,104782,3174,0.03355996887620882,0.4669707223775195
4006,0.5436347167423234,2,0,2,601987,3623,104784,3172,0.03355996887620882,0.4668138337012509
4007,0.5436394351416476,22,26,22,602013,3597,104806,3150,0.03331913001593242,0.4668741662961316
4008,0.5436478162387123,15,18,15,602031,3579,104821,3135,0.03315239542035644,0.46693476318141197
4009,0.543687989984062,4,5,4,602036,3574,104825,3131,0.03310608025491867,0.4669649515287099
4010,0.5436880962365119,7,7,7,602043,3567,104832,3124,0.03304123902330579,0.4668958302196981
4011,0.5436966391904183,12,9,12,602052,3558,104844,3112,0.032957871725517805,0.46656671664167915
4012,0.5436990375862327,193,287,193,602339,3271,105037,2919,0.03029938122938975,0.4715670436187399
4013,0.5437097773125666,12,16,12,602355,3255,105049,2907,0.030151172699988883,0.4717624148003895
4014,0.5437285927640125,6,7,6,602362,3248,105055,2901,0.030086331468376006,0.47178402992356483
4015,0.5437531811339014,19,32,19,602394,3216,105074,2882,0.02978991440957427,0.4726139717940308
4016,0.543818173529728,21,21,21,602415,3195,105095,2861,0.029595390714735634,0.4724240422721268
4017,0.5438781909902766,2,1,2,602416,3194,105097,2859,0.02958612768164808,0.4723277713530481
4018,0.5438810561267352,0,1,0,602417,3193,105097,2859,0.029576864648560526,0.4724058162590879
4019,0.5438965444073786,8,9,8,602426,3184,105105,2851,0.029493497350772536,0.4724109362054681
4020,0.5439522796464537,148,207,148,602633,2977,105253,2703,0.02757604950164882,0.47588028169014085
4021,0.5439573462086806,47,44,47,602677,2933,105300,2656,0.027168476045796437,0.4752191805331902
4022,0.5439875568540957,0,1,0,602678,2932,105300,2656,0.02715921301270888,0.4753042233357194
4023,0.5440153358227692,0,1,0,602679,2931,105300,2656,0.027149949979621328,0.47538929658134954
4024,0.5440237413387614,2,3,2,602682,2928,105302,2654,0.027122160880358664,0.47545682551056967
4025,0.5440292550123781,0,2,0,602684,2926,105302,2654,0.027103634814183555,0.47562724014336916
4026,0.5440377191627487,156,236,156,602920,2690,105458,2498,0.024917559005520767,0.4814957594448728
4027,0.5441790123841104,6,5,6,602925,2685,105464,2492,0.024871243840082997,0.4813598609233147
4028,0.5442498474455506,22,27,22,602952,2658,105486,2470,0.024621141946719032,0.48166926677067085
4029,0.5443075535992381,0,2,0,602954,2656,105486,2470,0.024602615880543924,0.481857198595396
4030,0.5444116371990154,4,10,4,602964,2646,105490,2466,0.024509985549668382,0.4823943661971831
4031,0.544446818741685,2,3,2,602967,2643,105492,2464,0.02448219645040572,0.48247503426669275
4032,0.5445313650643554,206,272,206,603239,2371,105698,2258,0.02196265145059098,0.48779434003024413
4033,0.5445499260781935,1,6,1,603245,2365,105699,2257,0.021907073252065656,0.4883167459974037
4034,0.5445504642469691,60,62,60,603307,2303,105759,2197,0.021332765200637295,0.4882222222222222
4035,0.5445860055125007,20,14,20,603321,2289,105779,2177,0.02120308273741154,0.48746081504702193
4036,0.5446235718952304,1,1,1,603322,2288,105780,2176,0.021193819704323984,0.4874551971326165
4037,0.5446714147745478,2,2,2,603324,2286,105782,2174,0.021175293638148875,0.4874439461883408
4038,0.5447024199538689,1,0,1,603324,2286,105783,2173,0.021175293638148875,0.4873289975330792
4039,0.5447810397378422,1,0,1,603324,2286,105784,2172,0.021175293638148875,0.48721399730820997
4040,0.5450879372272485,1,2,1,603326,2284,105785,2171,0.021156767571973767,0.48731762065095396
4041,0.545178012113608,2,3,2,603329,2281,105787,2169,0.021128978472711106,0.48741573033707863
4042,0.545184114532786,1,1,1,603330,2280,105788,2168,0.02111971543962355,0.48741007194244607
4043,0.5452477886944918,24,31,24,603361,2249,105812,2144,0.02083256141390937,0.4880491691327111
4044,0.5452604625407718,6,8,6,603369,2241,105818,2138,0.020758457149208938,0.488239324046586
4045,0.545305576920832,16,15,16,603384,2226,105834,2122,0.020619511652895623,0.4880404783808648
4046,0.5456257246929134,1,6,1,603390,2220,105835,2121,0.020563933454370298,0.48859709744298546
4047,0.5456282374569724,2,4,2,603394,2216,105837,2119,0.02052688132202008,0.48881199538638986
4048,0.5456352136453008,0,1,0,603395,2215,105837,2119,0.02051761828893253,0.4889247808029534
4049,0.5456490556775773,3,3,3,603398,2212,105840,2116,0.020489829189669864,0.488909426987061
4050,0.5458675947589758,74,71,74,603469,2141,105914,2042,0.019832153840453517,0.4881663877599809
4051,0.545877801145515,0,1,0,603470,2140,105914,2042,0.019822890807365965,0.4882831181252989
4052,0.5459047709556119,1,3,1,603473,2137,105915,2041,0.0197951017081033,0.48851124940162755
4053,0.5460088638214279,3,8,3,603481,2129,105918,2038,0.019720997443402867,0.4890808735301176
4054,0.5460215592471325,1,4,1,603485,2125,105919,2037,0.01968394531105265,0.48942815953868335
4055,0.5460400955340181,3,0,3,603485,2125,105922,2034,0.01968394531105265,0.4890598701610964
4056,0.5462703201149308,2,0,2,603485,2125,105924,2032,0.01968394531105265,0.48881404859273514
4057,0.5463104614764388,2,7,2,603492,2118,105926,2030,0.019619104079439773,0.48939247830279653
4058,0.5463432518856299,2,0,2,603492,2118,105928,2028,0.019619104079439773,0.48914616497829233
4059,0.5463612555790197,3,0,3,603492,2118,105931,2025,0.019619104079439773,0.4887762490948588
4060,0.5464217010711327,0,1,0,603493,2117,105931,2025,0.019609841046352217,0.4888942539835828
4061,0.5464381407475409,3,5,3,603498,2112,105934,2022,0.019563525880914447,0.48911465892597966
4062,0.5464650139168236,7,7,7,603505,2105,105941,2015,0.019498684649301566,0.4890776699029126
4063,0.546484068122383,0,1,0,603506,2104,105941,2015,0.019489421616214014,0.4891964068948774
4064,0.5464884592173347,10,6,10,603512,2098,105951,2005,0.01943384341768869,0.48866682914940285
4065,0.5466012323206149,8,9,8,603521,2089,105959,1997,0.0193504761199007,0.4887420460107685
4066,0.5466738448909902,15,22,15,603543,2067,105974,1982,0.01914668939197451,0.4895035811311435
4067,0.5467611104218287,0,2,0,603545,2065,105974,1982,0.0191281633257994,0.48974549048678034
4068,0.5468130741301944,0,1,0,603546,2064,105974,1982,0.019118900292711846,0.4898665348492338
4069,0.5468407890420475,6,8,6,603554,2056,105980,1976,0.019044796028011412,0.49007936507936506
4070,0.5469486783095276,2,7,2,603561,2049,105982,1974,0.018979954796398534,0.4906785980611484
4071,0.546982737368825,2,0,2,603561,2049,105984,1972,0.018979954796398534,0.4904252673464312
4072,0.5469974169761068,0,2,0,603563,2047,105984,1972,0.018961428730223426,0.4906693207265489
4073,0.5469991400689049,24,19,24,603582,2028,106008,1948,0.018785431101559894,0.48993963782696176
4074,0.5470255681127728,0,1,0,603583,2027,106008,1948,0.01877616806847234,0.490062893081761
4075,0.5470659071077001,2,0,2,603583,2027,106010,1946,0.01877616806847234,0.48980619179461365
4076,0.5470864559859442,1,4,1,603587,2023,106011,1945,0.018739115936122125,0.49017137096774194
4077,0.5471141750491,31,29,31,603616,1994,106042,1914,0.01847048797658305,0.4897645854657114
4078,0.5471331915748358,17,9,17,603625,1985,106059,1897,0.018387120678795065,0.48866563626996395
4079,0.5472034821310975,0,1,0,603626,1984,106059,1897,0.01837785764570751,0.4887915485699562
4080,0.5472419388924806,1,0,1,603626,1984,106060,1896,0.01837785764570751,0.488659793814433
4081,0.54726683810756,5,12,5,603638,1972,106065,1891,0.01826670124865686,0.4895159202692208
4082,0.5473208573226119,4,14,4,603652,1958,106069,1887,0.0181370187854311,0.4907672301690507
4083,0.5473729309391533,1,0,1,603652,1958,106070,1886,0.0181370187854311,0.4906347554630593
4084,0.547416780843087,0,1,0,603653,1957,106070,1886,0.018127755752343547,0.4907624251886547
4085,0.5474248022687848,9,20,9,603673,1937,106079,1877,0.017942495090592463,0.49213424226533825
4086,0.5474665844677225,33,21,33,603694,1916,106112,1844,0.017747971395753827,0.49042553191489363
4087,0.5474938094637365,3,17,3,603711,1899,106115,1841,0.017590499833265404,0.49224598930481284
4088,0.547510347499393,87,72,87,603783,1827,106202,1754,0.016923561450961504,0.48980731639206926
4089,0.5475262075672266,3,4,3,603787,1823,106205,1751,0.016886509318611288,0.48992725237828766
4090,0.5476046567527293,1,2,1,603789,1821,106206,1750,0.01686798325243618,0.49005880705684685
4091,0.547636616496327,3,4,3,603793,1817,106209,1747,0.016830931120085962,0.49017957351290686
4092,0.5476703712104922,0,7,0,603800,1810,106209,1747,0.01676608988847308,0.49114422265954455
4093,0.5476713960008158,26,16,26,603816,1794,106235,1721,0.016617881359072214,0.4896159317211949
4094,0.5477332893500508,0,1,0,603817,1793,106235,1721,0.01660861832598466,0.48975526465566305
4095,0.5477475497568,1,0,1,603817,1793,106236,1720,0.01660861832598466,0.4896100199259892
4096,0.5478211588301091,0,1,0,603818,1792,106236,1720,0.016599355292897106,0.489749430523918
4097,0.5478463832512193,1,0,1,603818,1792,106237,1719,0.016599355292897106,0.4896041013956138
4098,0.5478495939047198,15,28,15,603846,1764,106252,1704,0.016339990366445588,0.4913494809688581
4099,0.5478572018643291,11,17,11,603863,1747,106263,1693,0.016182518803957168,0.49215116279069765
4100,0.5478817116097832,14,32,14,603895,1715,106277,1679,0.015886101745155434,0.49469652327637004
4101,0.5479986023799582,0,1,0,603896,1714,106277,1679,0.01587683871206788,0.4948423224285293
4102,0.5480232862333965,105,68,105,603964,1646,106382,1574,0.015246952462114195,0.4888198757763975
4103,0.5481153744996484,6,21,6,603985,1625,106388,1568,0.015052428767275557,0.49107422486689634
4104,0.5481201463508748,1,1,1,603986,1624,106389,1567,0.015043165734188003,0.4910686305233469
4105,0.5481461515031105,9,8,9,603994,1616,106398,1558,0.014969061469487569,0.49086326402016384
4106,0.5482203179028452,24,23,24,604017,1593,106422,1534,0.014756011708473822,0.49056603773584906
4107,0.5483101504971013,1,0,1,604017,1593,106423,1533,0.014756011708473822,0.4904030710172745
4108,0.5483158716803931,77,49,77,604066,1544,106500,1456,0.014302123087183668,0.48533333333333334
4109,0.5483539189597815,1,1,1,604067,1543,106501,1455,0.014292860054096114,0.4853235490326885
4110,0.5483776336584927,0,1,0,604068,1542,106501,1455,0.01428359702100856,0.4854854854854855
4111,0.5484497937891566,10,33,10,604101,1509,106511,1445,0.013977916929119271,0.48916723087339203
4112,0.5484999038842464,27,32,27,604133,1477,106538,1418,0.013681499870317537,0.4898100172711572
4113,0.5485523459070577,0,1,0,604134,1476,106538,1418,0.013672236837229982,0.48997926744989634
4114,0.5485749481230761,6,13,6,604147,1463,106544,1412,0.013551817407091778,0.4911304347826087
4115,0.5486428629910772,1,1,1,604148,1462,106545,1411,0.013542554374004223,0.4911242603550296
4116,0.5486468083709485,1,0,1,604148,1462,106546,1410,0.013542554374004223,0.4909470752089137
4117,0.5486581123450952,0,2,0,604150,1460,106546,1410,0.013524028307829115,0.4912891986062718
4118,0.5486909431891314,1,1,1,604151,1459,106547,1409,0.01351476527474156,0.49128312412831243
4119,0.5486990777264952,17,51,17,604202,1408,106564,1392,0.013042350587276298,0.49714285714285716
4120,0.5487068796866745,70,48,70,604250,1360,106634,1322,0.012597724999073696,0.4929157345264728
4121,0.5487171089074793,0,1,0,604251,1359,106634,1322,0.012588461965986142,0.49309958970533385
4122,0.5487727096879251,6,9,6,604260,1350,106640,1316,0.012505094668198154,0.49362340585146286
4123,0.54877682112623,3,1,3,604261,1349,106643,1313,0.0124958316351106,0.4932381667918858
4124,0.5487996177176852,0,1,0,604262,1348,106643,1313,0.012486568602023046,0.49342352499060504
4125,0.548806325183884,12,11,12,604273,1337,106655,1301,0.01238467523805995,0.4931766489764973
4126,0.5488162312916121,0,1,0,604274,1336,106655,1301,0.012375412204972396,0.4933636708380736
4127,0.5488536459777243,0,2,0,604276,1334,106655,1301,0.012356886138797287,0.4937381404174573
4128,0.5488627640952874,0,1,0,604277,1333,106655,1301,0.012347623105709733,0.49392558845861806
4129,0.5488941023547558,0,2,0,604279,1331,106655,1301,0.012329097039534625,0.49430091185410335
4130,0.5489999138992838,6,1,6,604280,1330,106661,1295,0.01231983400644707,0.49333333333333335
4131,0.5490045068174068,2,5,2,604285,1325,106663,1293,0.0122735188410093,0.49388846447669976
4132,0.5490361905858965,0,2,0,604287,1323,106663,1293,0.012254992774834191,0.49426605504587157
4133,0.5491146397713992,3,1,3,604288,1322,106666,1290,0.012245729741746637,0.49387442572741197
4134,0.5491356191614325,16,33,16,604321,1289,106682,1274,0.01194004964985735,0.49707374170893487
4135,0.5491815391634394,1,1,1,604322,1288,106683,1273,0.011930786616769795,0.4970714564623194
4136,0.5492610303021486,10,14,10,604336,1274,106693,1263,0.011801104153544037,0.49783208513992905
4137,0.5492654692372378,3,5,3,604341,1269,106696,1260,0.011754788988106266,0.498220640569395
4138,0.5492735022370347,0,5,0,604346,1264,106696,1260,0.011708473822668495,0.49920760697305866
4139,0.5492920628484971,1,1,1,604347,1263,106697,1259,0.01169921078958094,0.4992069785884219
4140,0.5493002067272168,1,0,1,604347,1263,106698,1258,0.01169921078958094,0.49900833002776673
4141,0.549302308634785,1,2,1,604349,1261,106699,1257,0.011680684723405832,0.49920571882446385
4142,0.5493222409036139,1,2,1,604351,1259,106700,1256,0.011662158657230724,0.49940357852882705
4143,0.5493249411662242,19,36,19,604387,1223,106719,1237,0.011328689466078772,0.5028455284552845
4144,0.5493898660254836,69,67,69,604454,1156,106788,1168,0.010708066249212642,0.5025817555938038
4145,0.5494019481399284,2,1,2,604455,1155,106790,1166,0.010698803216125088,0.5023696682464455
4146,0.5494141272203867,0,2,0,604457,1153,106790,1166,0.01068027714994998,0.5028029322984044
4147,0.5494274984992749,1,4,1,604461,1149,106791,1165,0.010643225017599763,0.503457216940363
4148,0.5494394447406292,1,0,1,604461,1149,106792,1164,0.010643225017599763,0.503242542153048
4149,0.5494498682448787,3,1,3,604462,1148,106795,1161,0.010633961984512209,0.5028150714595063
4150,0.5494547696914206,0,1,0,604463,1147,106795,1161,0.010624698951424654,0.5030329289428076
4151,0.5494601581826828,2,4,2,604467,1143,106797,1159,0.010587646819074438,0.503475238922676
4152,0.5494779449370826,1,0,1,604467,1143,106798,1158,0.010587646819074438,0.5032594524119948
4153,0.5495385290603333,0,3,0,604470,1140,106798,1158,0.010559857719811775,0.5039164490861618
4154,0.5497702521009608,17,12,17,604482,1128,106815,1141,0.010448701322761125,0.502864698104892
4155,0.5497829259472409,6,13,6,604495,1115,106821,1135,0.01032828189262292,0.5044444444444445
4156,0.5498210507366605,0,1,0,604496,1114,106821,1135,0.010319018859535366,0.5046687416629613
4157,0.5498255430966346,13,2,13,604498,1112,106834,1122,0.010300492793360257,0.5022381378692927
4158,0.5498444859368677,9,30,9,604528,1082,106843,1113,0.010022601800733633,0.5070615034168565
4159,0.5498992351639217,0,1,0,604529,1081,106843,1113,0.010013338767646079,0.5072926162260711
4160,0.5499516703557367,3,3,3,604532,1078,106846,1110,0.009985549668383416,0.5073126142595978
4161,0.5499548359443676,14,34,14,604566,1044,106860,1096,0.009670606543406573,0.5121495327102804
4162,0.5499597768078266,5,7,5,604573,1037,106865,1091,0.009605765311793694,0.512687969924812
4163,0.5499747982587433,1,1,1,604574,1036,106866,1090,0.00959650227870614,0.5126999059266227
4164,0.5499854597642981,2,1,2,604575,1035,106868,1088,0.009587239245618585,0.5124823363165332
4165,0.5500104108824345,22,20,22,604595,1015,106890,1066,0.009401978583867501,0.5122537241710716
4166,0.5500357037581001,0,2,0,604597,1013,106890,1066,0.009383452517692393,0.5127465127465127
4167,0.5501193555426448,19,37,19,604634,976,106909,1047,0.009040720293452889,0.5175481957488878
4168,0.550174417832227,13,7,13,604641,969,106922,1034,0.00897587906184001,0.5162256615077384
4169,0.5503102078861732,1,3,1,604644,966,106923,1033,0.008948089962577347,0.5167583791895948
4170,0.5503383309802677,26,20,26,604664,946,106949,1007,0.008762829300826263,0.5156169994879672
4171,0.5503473391642069,10,6,10,604670,940,106959,997,0.008707251102300938,0.514713474445018
4172,0.5503827323042316,22,18,22,604688,922,106981,975,0.008540516506724962,0.5139694254085398
4173,0.5505349598537004,24,16,24,604704,906,107005,951,0.008392307977324095,0.5121163166397416
4174,0.5506093382165063,21,19,21,604723,887,107026,930,0.008216310348660565,0.5118326912493121
4175,0.5506130940126084,12,9,12,604732,878,107038,918,0.008132943050872577,0.5111358574610245
4176,0.5506415768979702,12,9,12,604741,869,107050,906,0.00804957575308459,0.5104225352112676
4177,0.5506617551074726,6,7,6,604748,862,107056,900,0.00798473452147171,0.5107832009080591
4178,0.5507081751843899,2,3,2,604751,859,107058,898,0.007956945422209049,0.5110984632896983
4179,0.5507199477756208,3,6,3,604757,853,107061,895,0.007901367223683724,0.5120137299771167
4180,0.5507289667522106,12,20,12,604777,833,107073,883,0.007716106561932639,0.5145687645687645
4181,0.5507802284160928,0,1,0,604778,832,107073,883,0.0077068435288450855,0.5148688046647231
4182,0.5508341862707684,1,3,1,604781,829,107074,882,0.007679054429582423,0.5154880187025132
4183,0.5508468347326685,0,2,0,604783,827,107074,882,0.0076605283634073144,0.516091281451141
4184,0.5509067343057713,0,1,0,604784,826,107074,882,0.00765126533031976,0.5163934426229508
4185,0.5510281212706027,2,3,2,604787,823,107076,880,0.007623476231057098,0.5167351732237229
4186,0.5512246974281546,19,17,19,604804,806,107095,861,0.007466004668568676,0.5164967006598681
4187,0.5512892097134223,105,111,105,604915,695,107200,756,0.006437807995850161,0.5210199862164024
4188,0.551512434647197,111,120,111,605035,575,107311,645,0.0053262440253436585,0.5286885245901639
4189,0.5515641510195191,80,87,80,605122,488,107391,565,0.0045203601467264445,0.5365622032288699
4190,0.5515889755577738,5,12,5,605134,476,107396,560,0.004409203749675794,0.5405405405405406
4191,0.5516158095802748,22,18,22,605152,458,107418,538,0.004242469154099818,0.5401606425702812
4192,0.5518076553541502,104,99,104,605251,359,107522,434,0.0033254288784319535,0.5472887767969735
4193,0.5518517615244418,3,0,3,605251,359,107525,431,0.0033254288784319535,0.5455696202531646
4194,0.5519813471966103,26,11,26,605262,348,107551,405,0.0032235355144688577,0.5378486055776892
4195,0.5521582262851746,1,0,1,605262,348,107552,404,0.0032235355144688577,0.5372340425531915
4196,0.5522575892271833,91,94,91,605356,254,107643,313,0.002352810404238764,0.5520282186948854
4197,0.5524124897080058,7,3,7,605359,251,107650,306,0.0023250213049761013,0.5493716337522442
4198,0.5524850088182811,1,1,1,605360,250,107651,305,0.002315758271888547,0.5495495495495496
4199,0.5526008113262434,1,0,1,605360,250,107652,304,0.002315758271888547,0.5487364620938628
4200,0.552717924502257,2,3,2,605363,247,107654,302,0.0022879691726258844,0.5500910746812386
4201,0.5527325729221918,5,4,5,605367,243,107659,297,0.002250917040275668,0.55
4202,0.5530481652637939,4,4,4,605371,239,107663,293,0.0022138649079254513,0.5507518796992481
4203,0.5530918520469557,6,8,6,605379,231,107669,287,0.0021397606432250176,0.5540540540540541
4204,0.5531281698425482,1,1,1,605380,230,107670,286,0.0021304976101374634,0.5542635658914729
4205,0.5533037319507185,4,0,4,605380,230,107674,282,0.0021304976101374634,0.55078125
4206,0.5534351086763986,1,0,1,605380,230,107675,281,0.0021304976101374634,0.5499021526418787
4207,0.5534677297712883,5,3,5,605383,227,107680,276,0.002102708510874801,0.5487077534791253
4208,0.5536396031510292,5,13,5,605396,214,107685,271,0.0019822890807365966,0.5587628865979382
4209,0.5536651898884627,3,2,3,605398,212,107688,268,0.001963763014561488,0.5583333333333333
4210,0.5538623741828118,3,3,3,605401,209,107691,265,0.0019359739152988254,0.5590717299578059
4211,0.5540174904987623,2,2,2,605403,207,107693,263,0.0019174478491237172,0.5595744680851064
4212,0.5540269620980367,19,17,19,605420,190,107712,244,0.001759976286635296,0.5622119815668203
4213,0.5540767452869547,22,10,22,605430,180,107734,222,0.0016673459557597539,0.5522388059701493
4214,0.5543080616970704,3,7,3,605437,173,107737,219,0.0016025047241468747,0.5586734693877551
4215,0.5544217673554922,6,5,6,605442,168,107743,213,0.0015561895587091036,0.5590551181102362
4216,0.5544831469186228,18,10,18,605452,158,107761,195,0.0014635592278335618,0.5524079320113314
4217,0.5546020060834768,2,1,2,605453,157,107763,193,0.0014542961947460076,0.5514285714285714
4218,0.5550523075812173,1,0,1,605453,157,107764,192,0.0014542961947460076,0.5501432664756447
4219,0.5551629771150883,1,0,1,605453,157,107765,191,0.0014542961947460076,0.5488505747126436
4220,0.5551714322906294,0,1,0,605454,156,107765,191,0.0014450331616584534,0.5504322766570605
4221,0.555184208531494,5,7,5,605461,149,107770,186,0.0013801919300455742,0.5552238805970149
4222,0.5553464840573603,1,0,1,605461,149,107771,185,0.0013801919300455742,0.5538922155688623
4223,0.5553591325192604,1,0,1,605461,149,107772,184,0.0013801919300455742,0.5525525525525525
4224,0.555395312346074,7,2,7,605463,147,107779,177,0.0013616658638704658,0.5462962962962963
4225,0.5554493411295598,0,1,0,605464,146,107779,177,0.0013524028307829116,0.5479876160990712
4226,0.5555275255568211,0,1,0,605465,145,107779,177,0.0013431397976953574,0.5496894409937888
4227,0.5557221620980529,2,2,2,605467,143,107781,175,0.001324613731520249,0.550314465408805
4228,0.5557445380659202,1,0,1,605467,143,107782,174,0.001324613731520249,0.5488958990536278
4229,0.5558137788527722,0,2,0,605469,141,107782,174,0.0013060876653451406,0.5523809523809524
4230,0.5559492019611623,2,1,2,605470,140,107784,172,0.0012968246322575864,0.5512820512820513
4231,0.5559579918020648,2,0,2,605470,140,107786,170,0.0012968246322575864,0.5483870967741935
4232,0.5559771513313911,16,10,16,605480,130,107802,154,0.0012041943013820445,0.5422535211267606
4233,0.555988227413603,3,0,3,605480,130,107805,151,0.0012041943013820445,0.5373665480427047
4234,0.5561186335584705,2,3,2,605483,127,107807,149,0.001176405202119382,0.5398550724637681
4235,0.5562363714732178,0,1,0,605484,126,107807,149,0.0011671421690318277,0.5418181818181819
4236,0.556271818429025,2,0,2,605484,126,107809,147,0.0011671421690318277,0.5384615384615384
4237,0.5563264603213897,4,2,4,605486,124,107813,143,0.0011486161028567193,0.5355805243445693
4238,0.5563695265824734,2,3,2,605489,121,107815,141,0.001120827003594057,0.5381679389312977
4239,0.5563881177732439,2,2,2,605491,119,107817,139,0.0011023009374189485,0.5387596899224806
4240,0.5563942146453466,1,2,1,605493,117,107818,138,0.0010837748712438401,0.5411764705882353
4241,0.5564181111781908,1,0,1,605493,117,107819,137,0.0010837748712438401,0.5393700787401575
4242,0.556438951526649,4,4,4,605497,113,107823,133,0.0010467227388936233,0.540650406504065
4243,0.5565374495486524,1,0,1,605497,113,107824,132,0.0010467227388936233,0.5387755102040817
4244,0.5565956657143551,1,2,1,605499,111,107825,131,0.001028196672718515,0.5413223140495868
4245,0.556627819180725,1,4,1,605503,107,107826,130,0.0009911445403682983,0.5485232067510548
4246,0.5567725613573892,1,3,1,605506,104,107827,129,0.0009633554411056357,0.5536480686695279
4247,0.5567984839086607,1,1,1,605507,103,107828,128,0.0009540924080180815,0.5541125541125541
4248,0.5568422154180721,11,4,11,605511,99,107839,117,0.0009170402756678647,0.5416666666666666
4249,0.556997801153565,12,4,12,605515,95,107851,105,0.000879988143317648,0.525
4250,0.5570143829232459,7,3,7,605518,92,107858,98,0.0008521990440549853,0.5157894736842106
4251,0.5571190010551247,1,0,1,605518,92,107859,97,0.0008521990440549853,0.5132275132275133
4252,0.5571204645419436,7,18,7,605536,74,107866,90,0.00068546444847901,0.5487804878048781
4253,0.5571874899851283,4,2,4,605538,72,107870,86,0.0006669383823039016,0.5443037974683544
4254,0.5572610040010121,1,0,1,605538,72,107871,85,0.0006669383823039016,0.5414012738853503
4255,0.557293681843484,5,5,5,605543,67,107876,80,0.0006206232168661307,0.54421768707483
4256,0.5574145196677183,12,4,12,605547,63,107888,68,0.0005835710845159139,0.5190839694656488
4257,0.5575480046336386,6,8,6,605555,55,107894,62,0.0005094668198154803,0.5299145299145299
4258,0.5575519382854444,3,3,3,605558,52,107897,59,0.00048167772055281784,0.5315315315315315
4259,0.5575587654602818,1,0,1,605558,52,107898,58,0.00048167772055281784,0.5272727272727272
4260,0.5575959365884956,9,11,9,605569,41,107907,49,0.00037978435658972176,0.5444444444444444
4261,0.5577027046478557,1,0,1,605569,41,107908,48,0.00037978435658972176,0.5393258426966292
4262,0.5577256086167303,2,0,2,605569,41,107910,46,0.00037978435658972176,0.5287356321839081
4263,0.5578197044557079,13,7,13,605576,34,107923,33,0.00031494312497684244,0.4925373134328358
4264,0.5578277343464062,5,8,5,605584,26,107928,28,0.00024083886027640892,0.5185185185185185
4265,0.5581181586329621,1,1,1,605585,25,107929,27,0.00023157582718885472,0.5192307692307693
4266,0.5582840659815526,8,7,8,605592,18,107937,19,0.0001667345955759754,0.5135135135135135
4267,0.5591703502809575,1,0,1,605592,18,107938,18,0.0001667345955759754,0.5
4268,0.5592826880421576,1,0,1,605592,18,107939,17,0.0001667345955759754,0.4857142857142857
4269,0.5596780466888148,2,1,2,605593,17,107941,15,0.00015747156248842122,0.46875
4270,0.5597280760755672,1,1,1,605594,16,107942,14,0.00014820852940086702,0.4666666666666667
4271,0.5604589374120434,2,2,2,605596,14,107944,12,0.00012968246322575864,0.46153846153846156
4272,0.561174043158594,0,2,0,605598,12,107944,12,0.00011115639705065027,0.5
4273,0.5617543605583933,2,2,2,605600,10,107946,10,9.263033087554189e-05,0.5
4274,0.5619595776699813,1,1,1,605601,9,107947,9,8.33672977879877e-05,0.5
4275,0.5619892041461862,2,1,2,605602,8,107949,7,7.410426470043351e-05,0.4666666666666667
4276,0.562356998130538,0,1,0,605603,7,107949,7,6.484123161287932e-05,0.5
4277,0.5624006383510909,0,1,0,605604,6,107949,7,5.5578198525325135e-05,0.5384615384615384
4278,0.5628867055080373,1,2,1,605606,4,107950,6,3.7052132350216754e-05,0.6
4279,0.5628930244898911,1,0,1,605606,4,107951,5,3.7052132350216754e-05,0.5555555555555556
4280,0.5631176924572453,1,0,1,605606,4,107952,4,3.7052132350216754e-05,0.5
4281,0.5633218783914059,1,0,1,605606,4,107953,3,3.7052132350216754e-05,0.42857142857142855
4282,0.5633821250635271,1,0,1,605606,4,107954,2,3.7052132350216754e-05,0.3333333333333333
4283,0.5634749901417628,0,1,0,605607,3,107954,2,2.7789099262662567e-05,0.4
4284,0.5640547828931395,1,2,1,605609,1,107955,1,9.263033087554189e-06,0.5
4285,0.5695046848104572,1,1,1,605610,0,107956,0,0.0,
