,y_proba,y_test,Neg,Pos,TN,FP,FN,TP,FP/P,Prec
0,0.4541,17,430,17,430,605180,17,107939,5.605802363926044,0.15136183442034218
1,0.4545,14,447,14,877,604733,31,107925,5.601661788135908,0.15144010170376254
2,0.4552,4,40,4,917,604693,35,107921,5.601291266812405,0.15144383916117282
3,0.4557,10,453,10,1370,604240,45,107911,5.597095112823743,0.15152825734991596
4,0.4572,1,46,1,1416,604194,46,107910,5.596669013301716,0.1515368541673688
5,0.4589,13,462,13,1878,603732,59,107897,5.592389492015266,0.15161973444027715
6,0.4591,14,397,14,2275,603335,73,107883,5.588712067879507,0.1516876681973741
7,0.4598,0,34,0,2309,603301,73,107883,5.58839712475453,0.15169492002069787
8,0.4599,1,197,1,2506,603104,74,107882,5.586572307236281,0.15173575851001286
9,0.4603,3,192,3,2698,602912,77,107879,5.584793804883471,0.15177316538898214
10,0.4606,6,135,6,2833,602777,83,107873,5.583543295416651,0.15179483571378316
11,0.4608,5,114,5,2947,602663,88,107868,5.58248730964467,0.1518132213795035
12,0.461,0,22,0,2969,602641,88,107868,5.582283522916744,0.1518179220812122
13,0.4614,6,175,6,3144,602466,94,107862,5.580662492126422,0.15184816028651552
14,0.4616,1,4,1,3148,602462,95,107861,5.580625439994072,0.15184782134324806
15,0.4618,16,414,16,3562,602048,111,107845,5.576790544295824,0.1519172607702851
16,0.462,3,123,3,3685,601925,114,107842,5.575651191226055,0.1519400028460044
17,0.4623,16,366,16,4051,601559,130,107826,5.57226092111601,0.1519992669706859
18,0.4628,191,4385,191,8436,597174,321,107635,5.531642521027085,0.15271513275227758
19,0.4629,7,323,7,8759,596851,328,107628,5.528650561339805,0.1527767328763526
20,0.463,175,3673,175,12432,593178,503,107453,5.494627440809219,0.15336603718647904
21,0.4632,1,14,1,12446,593164,504,107452,5.494497758345993,0.15336789339666806
22,0.4634,16,408,16,12854,592756,520,107436,5.490718440846271,0.1534379141721128
23,0.4635,339,8659,339,21513,584097,859,107097,5.410509837341139,0.15494492139688712
24,0.4636,1,7,1,21520,584090,860,107096,5.4104449961095264,0.1549452679886456
25,0.4637,3,30,3,21550,584060,863,107093,5.4101671051169,0.15494832547930776
26,0.4638,9,372,9,21922,583688,872,107084,5.406721256808329,0.15502075938225637
27,0.464,199,4811,199,26733,578877,1071,106885,5.362156804624106,0.15586311285839693
28,0.4641,0,5,0,26738,578872,1071,106885,5.362110489458669,0.15586424928947135
29,0.4642,47,455,47,27193,578417,1118,106838,5.357895809403831,0.15590984378078235
30,0.4647,6,226,6,27419,578191,1124,106832,5.355802363926044,0.15595388767968374
31,0.4649,5,171,5,27590,578020,1129,106827,5.354218385268072,0.155986665634806
32,0.465,0,1,0,27591,578019,1129,106827,5.354209122234985,0.15598689340377253
33,0.4651,32,436,32,28027,577583,1161,106795,5.350170439808811,0.15604680454368786
34,0.4652,1,31,1,28058,577552,1162,106794,5.349883285783097,0.15605264003881078
35,0.4654,5,107,5,28165,577445,1167,106789,5.348892141242729,0.15607087633762717
36,0.4656,0,12,0,28177,577433,1167,106789,5.3487809848456775,0.1560736135347884
37,0.4658,4,112,4,28289,577321,1171,106785,5.3477435251398715,0.1560942310109837
38,0.4661,1,33,1,28322,577288,1172,106784,5.347437845047983,0.1561005274298612
39,0.4664,0,55,0,28377,577233,1172,106784,5.346928378228167,0.15611307906090052
40,0.4667,23,422,23,28799,576811,1195,106761,5.343019378265219,0.15618106066369014
41,0.467,10,308,10,29107,576503,1205,106751,5.3401663640742525,0.15623911458988898
42,0.4672,0,28,0,29135,576475,1205,106751,5.339906999147801,0.15624551758861635
43,0.4674,28,433,28,29568,576042,1233,106723,5.33589610582089,0.15631000417420343
44,0.4675,4,164,4,29732,575878,1237,106719,5.3343769683945315,0.15634261504225774
45,0.4678,0,45,0,29777,575833,1237,106719,5.333960131905592,0.15635292256121144
46,0.4679,1,30,1,29807,575803,1238,106718,5.333682240912965,0.15635855893078748
47,0.468,3,39,3,29846,575764,1241,106715,5.33332098262255,0.15636378555237598
48,0.4681,8,192,8,30038,575572,1249,106707,5.331542480269739,0.15639789587544098
49,0.4682,22,473,22,30511,575099,1271,106685,5.327161065619326,0.15647917815613155
50,0.4686,0,1,0,30512,575098,1271,106685,5.327151802586239,0.15647940767076915
51,0.4687,255,4844,255,35356,570254,1526,106430,5.282281670310127,0.15728168539525095
52,0.4688,196,3632,196,38988,566622,1722,106234,5.248638334136129,0.1578851938602019
53,0.4689,2,27,2,39015,566595,1724,106232,5.248388232242766,0.1578890264510788
54,0.469,0,8,0,39023,566587,1724,106232,5.248314127978065,0.157890903794334
55,0.4691,1,184,1,39207,566403,1725,106231,5.246609729889955,0.15793284312122194
56,0.4692,12,315,12,39522,566088,1737,106219,5.243691874467376,0.1579918102890495
57,0.4693,436,8857,436,48379,557231,2173,105783,5.161649190410908,0.15954866714730007
58,0.4694,64,1065,64,49444,556166,2237,105719,5.1517840601726625,0.15972412125973545
59,0.4695,1,12,1,49456,556154,2238,105718,5.151672903775612,0.1597257475765707
60,0.4696,23,476,23,49932,555678,2261,105695,5.1472637000259365,0.1598114830814079
61,0.4697,4,107,4,50039,555571,2265,105691,5.146272555485568,0.1598322601328974
62,0.4698,417,7556,417,57595,548015,2682,105274,5.0762810774760085,0.16114460828209262
63,0.4699,64,1020,64,58615,546995,2746,105210,5.066832783726704,0.16131431068452404
64,0.47,35,563,35,59178,546432,2781,105175,5.06161769609841,0.16140864048421824
65,0.4701,11,411,11,59589,546021,2792,105164,5.057810589499426,0.16149634896381213
66,0.4704,19,519,19,60108,545502,2811,105145,5.053003075326985,0.1616006836272203
67,0.4705,57,1080,57,61188,544422,2868,105088,5.0429989995924265,0.1617958153069237
68,0.4706,6,63,6,61251,544359,2874,105082,5.042415428507911,0.16180376662391194
69,0.4707,164,3533,164,64784,540826,3038,104918,5.009689132609582,0.16247615153992914
70,0.4708,44,496,44,65280,540330,3082,104874,5.005094668198155,0.16254393959119906
71,0.4709,168,2763,168,68043,537567,3250,104706,4.9795009077772425,0.16302413459697046
72,0.471,1,13,1,68056,537554,3251,104705,4.979380488347104,0.1630261312025211
73,0.4711,6,57,6,68113,537497,3257,104699,4.978852495461114,0.16303278126926982
74,0.4712,177,3559,177,71672,533938,3434,104522,4.945885360702508,0.16370955110735205
75,0.4713,184,3511,184,75183,530427,3618,104338,4.9133628515321055,0.16437264184383196
76,0.4714,8,58,8,75241,530369,3626,104330,4.912825595613027,0.1643771299466361
77,0.4715,3,43,3,75284,530326,3629,104327,4.912427285190263,0.16438431709926526
78,0.4717,212,4301,212,79585,526025,3841,104115,4.872586979880692,0.16522518805344844
79,0.4719,0,15,0,79600,526010,3841,104115,4.872448034384379,0.16522912120610989
80,0.472,24,330,24,79930,525680,3865,104091,4.869391233465486,0.16528388890564982
81,0.4721,38,349,38,80279,525331,3903,104053,4.86615843491793,0.16532514331473314
82,0.4722,26,252,26,80531,525079,3929,104027,4.863824150579866,0.16535687149701322
83,0.4724,1,13,1,80544,525066,3930,104026,4.8637037311497275,0.16535896180526855
84,0.4725,8,172,8,80716,524894,3938,104018,4.862110489458669,0.16539356857557178
85,0.4726,39,241,39,80957,524653,3977,103979,4.859878098484568,0.16540519731734943
86,0.4727,23,238,23,81195,524415,4000,103956,4.8576734966097295,0.1654372973927823
87,0.4728,29,406,29,81601,524009,4029,103927,4.853912705176183,0.1655057203281863
88,0.4729,1,7,1,81608,524002,4030,103926,4.85384786394457,0.16550623638378922
89,0.473,1,9,1,81617,523993,4031,103925,4.853764496646782,0.1655072796129431
90,0.4732,72,844,72,82461,523149,4103,103853,4.845946496720886,0.16563424040114705
91,0.4733,3,95,3,82556,523054,4106,103850,4.845066508577569,0.16565534754922603
92,0.4737,2,8,2,82564,523046,4108,103848,4.844992404312868,0.16565479969500427
93,0.4738,1,65,1,82629,522981,4109,103847,4.844390307162177,0.16567064649313687
94,0.474,38,547,38,83176,522434,4147,103809,4.839323428063285,0.16576472711072218
95,0.4743,2,27,2,83203,522407,4149,103807,4.839073326169921,0.16576920988671603
96,0.4744,0,1,0,83204,522406,4149,103807,4.839064063136833,0.16576947460368915
97,0.4745,3,25,3,83229,522381,4152,103804,4.838832487309645,0.16577209610578345
98,0.4746,0,7,0,83236,522374,4152,103804,4.838767646078032,0.16577394926043393
99,0.4747,3,45,3,83281,522329,4155,103801,4.838350809589092,0.16578186638557488
100,0.4748,22,494,22,83775,521835,4177,103779,4.83377487124384,0.16588343611236323
101,0.4749,3,30,3,83805,521805,4180,103776,4.833496980251214,0.16588739108125086
102,0.475,35,452,35,84257,521353,4215,103741,4.829310089295639,0.1659606395198162
103,0.4751,2,39,2,84296,521314,4217,103739,4.828948831005224,0.16596832588596486
104,0.4752,57,718,57,85014,520596,4274,103682,4.822297973248361,0.16608305914993
105,0.4753,78,1069,78,86083,519527,4352,103604,4.812395790877765,0.16626359465345167
106,0.4754,10,151,10,86234,519376,4362,103594,4.810997072881545,0.1662905115816171
107,0.4755,4,33,4,86267,519343,4366,103590,4.810691392789655,0.1662939674090151
108,0.4756,178,2419,178,88686,516924,4544,103412,4.788284115750861,0.1667032060044879
109,0.4757,67,1083,67,89769,515841,4611,103345,4.77825225091704,0.1669046134764029
110,0.4758,0,2,0,89771,515839,4611,103345,4.778233724850865,0.16690515258792216
111,0.4759,20,444,20,90215,515395,4631,103325,4.774120938159991,0.16699799586242564
112,0.476,12,242,12,90457,515153,4643,103313,4.771879284152803,0.16704717801787003
113,0.4761,69,1041,69,91498,514112,4712,103244,4.762236466708659,0.16723576024206455
114,0.4762,21,263,21,91761,513849,4733,103223,4.759800289006632,0.16727869681333782
115,0.4763,75,1136,75,92897,512713,4808,103148,4.749277483419171,0.1674858450202237
116,0.4764,19,172,19,93069,512541,4827,103129,4.747684241728112,0.16750694365488006
117,0.4765,294,3970,294,97039,508571,5121,102835,4.7109100003705215,0.16819429315381268
118,0.4766,0,3,0,97042,508568,5121,102835,4.710882211271259,0.16819511844070115
119,0.4767,7,172,7,97214,508396,5128,102828,4.709288969580199,0.1682329227909899
120,0.4768,237,3256,237,100470,505140,5365,102591,4.6791285338471225,0.1688098846364592
121,0.4769,8,197,8,100667,504943,5373,102583,4.677303716328875,0.16885367869029475
122,0.477,298,4025,298,104692,500918,5671,102285,4.6400200081514695,0.16956977999114725
123,0.4771,305,4022,305,108714,496896,5976,101980,4.602764089073326,0.17028566848562976
124,0.4772,55,1043,55,109757,495853,6031,101925,4.593102745563007,0.17050644219091368
125,0.4773,0,15,0,109772,495838,6031,101925,4.592963800066694,0.1705107208040645
126,0.4774,15,276,15,110048,495562,6046,101910,4.590407202934529,0.17056866263188902
127,0.4775,341,4409,341,114457,491153,6387,101569,4.549566490051502,0.171360266701759
128,0.4776,100,1347,100,115804,489806,6487,101469,4.537089184482567,0.17161050272715742
129,0.4777,61,838,61,116642,488968,6548,101408,4.529326762755197,0.17176850007452876
130,0.4778,46,459,46,117101,488509,6594,101362,4.525075030568009,0.1718375712655818
131,0.4779,0,2,0,117103,488507,6594,101362,4.525056504501834,0.1718381538951869
132,0.478,68,617,68,117720,487890,6662,101294,4.519341213086813,0.17192252335433414
133,0.4781,0,1,0,117721,487889,6662,101294,4.519331950053726,0.1719228151525078
134,0.4782,87,1326,87,119047,486563,6749,101207,4.507049168179629,0.1721881007877231
135,0.4783,1,9,1,119056,486554,6750,101206,4.506965800881841,0.17218932897781408
136,0.4784,36,280,36,119336,486274,6786,101170,4.504372151617326,0.17222067124696142
137,0.4785,34,244,34,119580,486030,6820,101136,4.502111971543962,0.17224430569889945
138,0.4786,22,404,22,119984,485626,6842,101114,4.49836970617659,0.17233186760745817
139,0.4787,6,46,6,120030,485580,6848,101108,4.497943606654563,0.17233691502127196
140,0.4788,322,3897,322,123927,481683,7170,100786,4.461845566712364,0.17303238455608796
141,0.4789,3,29,3,123956,481654,7173,100783,4.461576938752825,0.1730367404543324
142,0.479,57,697,57,124653,480957,7230,100726,4.4551206046908,0.17316304585143455
143,0.4791,5,119,5,124772,480838,7235,100721,4.454018303753381,0.17319137009314617
144,0.4792,231,3123,231,127895,477715,7466,100490,4.42508985142095,0.17379649086396692
145,0.4794,337,4330,337,132225,473385,7803,100153,4.3849809181518395,0.1746231287203289
146,0.4795,75,969,75,133194,472416,7878,100078,4.37600503909,0.17481056570025189
147,0.4796,282,3964,282,137158,468452,8160,99796,4.339286375930935,0.17562050372372626
148,0.4797,2,24,2,137182,468428,8162,99794,4.339064063136833,0.17562501979859985
149,0.4798,327,4458,327,141640,463970,8489,99467,4.297769461632517,0.17653615222287497
150,0.4799,26,380,26,142020,463590,8515,99441,4.294249509059246,0.17661727329401045
151,0.48,21,110,21,142130,463480,8536,99420,4.293230575419615,0.1766210694617161
152,0.4801,61,545,61,142675,462935,8597,99359,4.288182222386898,0.17670293476366455
153,0.4802,0,1,0,142676,462934,8597,99359,4.288172959353811,0.1767032490178608
154,0.4803,65,968,65,143644,461966,8662,99294,4.2792063433250584,0.1769126607989167
155,0.4804,4,43,4,143687,461923,8666,99290,4.278808032902294,0.17692034931478778
156,0.4805,28,106,28,143793,461817,8694,99262,4.277826151395013,0.1769126985682943
157,0.4806,4,16,4,143809,461801,8698,99258,4.277677942865612,0.17691187557814775
158,0.4807,21,265,21,144074,461536,8719,99237,4.27522323909741,0.17696465414704346
159,0.4808,9,77,9,144151,461459,8728,99228,4.274509985549669,0.17697574582610262
160,0.4809,21,142,21,144293,461317,8749,99207,4.273194634851236,0.17698974530974587
161,0.481,22,351,22,144644,460966,8771,99185,4.269943310237504,0.17706832621918017
162,0.4811,94,846,94,145490,460120,8865,99091,4.262106784245433,0.17719787343238957
163,0.4812,1,4,1,145494,460116,8866,99090,4.262069732113083,0.17719766955290178
164,0.4813,31,259,31,145753,459857,8897,99059,4.2596706065434065,0.17723414609708793
165,0.4814,64,1075,64,146828,458782,8961,98995,4.249712845974286,0.17748132318112794
166,0.4815,2,2,2,146830,458780,8963,98993,4.2496943199081105,0.1774790102783749
167,0.4818,43,434,43,147264,458346,9006,98950,4.245674163548112,0.17755375958198158
168,0.4819,129,1234,129,148498,457112,9135,98821,4.23424358071807,0.1777570318725458
169,0.482,3,130,3,148628,456982,9138,98818,4.233039386416689,0.17779417056495142
170,0.4822,7,66,7,148694,456916,9145,98811,4.23242802623291,0.17780492939878753
171,0.4823,1,66,1,148760,456850,9146,98810,4.231816666049131,0.17782456898103158
172,0.4825,23,214,23,148974,456636,9169,98787,4.229834376968395,0.17785903716626786
173,0.4826,3,56,3,149030,456580,9172,98784,4.229315647115492,0.17787253044849866
174,0.4827,50,687,50,149717,455893,9222,98734,4.222951943384341,0.17801874052291
175,0.4829,16,87,16,149804,455806,9238,98718,4.222146059505724,0.17802295301916599
176,0.483,23,242,23,150046,455564,9261,98695,4.219904405498537,0.1780665717651856
177,0.4831,99,1048,99,151094,454516,9360,98596,4.2101967468227794,0.17825684490663735
178,0.4832,22,380,22,151474,454136,9382,98574,4.206676794249509,0.17834669175516998
179,0.4833,0,5,0,151479,454131,9382,98574,4.206630479084072,0.17834830515374386
180,0.4834,162,1621,162,153100,452510,9544,98412,4.191615102449146,0.17863145781072456
181,0.4835,110,996,110,154096,451514,9654,98302,4.182389121493942,0.17879072271450813
182,0.4836,0,5,0,154101,451509,9654,98302,4.182342806328505,0.17879234864344293
183,0.4837,0,1,0,154102,451508,9654,98302,4.1823335432954165,0.1787926738327786
184,0.4838,26,251,26,154353,451257,9680,98276,4.18000852199044,0.17883548394727888
185,0.4839,0,1,0,154354,451256,9680,98276,4.179999258957353,0.17883580937961757
186,0.484,130,1232,130,155586,450024,9810,98146,4.168587202193486,0.1790429976102304
187,0.4841,20,163,20,155749,449861,9830,98126,4.167077327800215,0.17906629171859917
188,0.4842,13,86,13,155835,449775,9843,98113,4.166280706954685,0.179074920421692
189,0.4844,50,526,50,156361,449249,9893,98063,4.161408351550632,0.17917202619346917
190,0.4846,72,1105,72,157466,448144,9965,97991,4.1511726999888845,0.1794263323171011
191,0.4847,351,4001,351,161467,444143,10316,97640,4.11411130460558,0.18021975588012173
192,0.4848,49,817,49,162284,443326,10365,97591,4.106543406573048,0.18041769809416233
193,0.4849,48,625,48,162909,442701,10413,97543,4.1007540108933265,0.18055360170589585
194,0.485,275,2831,275,165740,439870,10688,97268,4.074530364222461,0.18108568003008538
195,0.4851,10,80,10,165820,439790,10698,97258,4.073789321575457,0.1810974065632867
196,0.4852,372,3900,372,169720,435890,11070,96886,4.037663492533995,0.18185128459239905
197,0.4853,323,3710,323,173430,432180,11393,96563,4.003297639779169,0.18262747686494193
198,0.4854,183,1546,183,174976,430634,11576,96380,3.9889769906258103,0.18287939219830973
199,0.4855,11,40,11,175016,430594,11587,96369,3.9886064693023084,0.18287621711581267
200,0.4856,379,4298,379,179314,426296,11966,95990,3.9487939530920007,0.1837881926760434
201,0.4857,5,43,5,179357,426253,11971,95985,3.9483956426692357,0.18379551085903362
202,0.4858,163,1613,163,180970,424640,12134,95822,3.933454370299011,0.18410950271105286
203,0.4859,109,1014,109,181984,423626,12243,95713,3.9240616547482308,0.1842977323097245
204,0.486,143,1310,143,183294,422316,12386,95570,3.911927081403535,0.18453868225825762
205,0.4861,67,681,67,183975,421635,12453,95503,3.9056189558709105,0.18467604391864453
206,0.4862,2,27,2,184002,421608,12455,95501,3.9053688539775466,0.18468253308296703
207,0.4863,154,1354,154,185356,420254,12609,95347,3.892826707176998,0.18492400131109132
208,0.4864,18,158,18,185514,420096,12627,95329,3.8913631479491646,0.18495222389290392
209,0.4865,19,92,19,185606,420004,12646,95310,3.8905109489051095,0.18495519236814836
210,0.4866,2,21,2,185627,419983,12648,95308,3.890316425210271,0.18495956653619022
211,0.4867,374,3647,374,189274,416336,13022,94934,3.8565341435399607,0.18568271167876074
212,0.4868,0,21,0,189295,416315,13022,94934,3.856339619845122,0.18569033875860882
213,0.4869,61,489,61,189784,415826,13083,94873,3.851809996665308,0.18577087482058904
214,0.487,0,4,0,189788,415822,13083,94873,3.851772944532958,0.18577232986420467
215,0.4871,258,2610,258,192398,413212,13341,94615,3.8275964281744415,0.18631344926520252
216,0.4872,362,3579,362,195977,409633,13703,94253,3.794444032754085,0.1870522300679122
217,0.4873,436,4073,436,200050,405560,14139,93817,3.7567156989884767,0.18786808363220572
218,0.4874,4,25,4,200075,405535,14143,93813,3.7564841231612878,0.18787098376282674
219,0.4875,374,3646,374,203721,401889,14517,93439,3.7227111045240653,0.18864065831126042
220,0.4876,23,225,23,203946,401664,14540,93416,3.7206269220793655,0.18868869677627859
221,0.4877,5,92,5,204038,401572,14545,93411,3.719774723035311,0.18871557204994918
222,0.4878,20,216,20,204254,401356,14565,93391,3.717773907888399,0.188765166842851
223,0.4879,3,58,3,204312,401298,14568,93388,3.717236651969321,0.18878237912534415
224,0.488,48,287,48,204599,401011,14616,93340,3.714578161473193,0.18881321166539564
225,0.4881,125,1023,125,205622,399988,14741,93215,3.7051020786246247,0.18899925588449382
226,0.4882,1,18,1,205640,399970,14742,93214,3.7049353440290487,0.18900450947313782
227,0.4883,10,105,10,205745,399865,14752,93204,3.7039627255548555,0.1890283104393097
228,0.4884,58,303,58,206048,399562,14810,93146,3.701156026529327,0.18904909195710237
229,0.4885,17,249,17,206297,399313,14827,93129,3.698849531290526,0.18911668785359495
230,0.4886,1060,9424,1060,215721,389889,15887,92069,3.611554707473415,0.19103116869104778
231,0.4887,47,344,47,216065,389545,15934,92022,3.6083682240912966,0.19108867509609254
232,0.4888,855,7434,855,223499,382111,16789,91167,3.5395068361184188,0.1926288566128153
233,0.4889,15,68,15,223567,382043,16804,91152,3.538876949868465,0.19263094495926628
234,0.489,57,470,57,224037,381573,16861,91095,3.5345233243173144,0.19272512630429817
235,0.4891,85,747,85,224784,380826,16946,91010,3.5276038386009114,0.19288481591061302
236,0.4892,58,553,58,225337,380273,17004,90952,3.522481381303494,0.19301183086635895
237,0.4893,1833,16810,1833,242147,363463,18837,89119,3.366769795101708,0.19691238272843375
238,0.4895,1222,10211,1222,252358,353252,20059,87897,3.2721849642446923,0.199245606359756
239,0.4896,6,45,6,252403,353207,20065,87891,3.2717681277557524,0.19925504082992895
240,0.4897,25,219,25,252622,352988,20090,87866,3.269739523509578,0.1993086146433967
241,0.4898,0,6,0,252628,352982,20090,87866,3.2696839453110527,0.19931132726018946
242,0.4899,8,62,8,252690,352920,20098,87858,3.2691096372596244,0.19932483018662456
243,0.49,32,202,32,252892,352718,20130,87826,3.2672385045759382,0.1993580663906443
244,0.4901,146,968,146,253860,351750,20276,87680,3.2582718885471857,0.19953121088683068
245,0.4902,78,571,78,254431,351179,20354,87602,3.2529826966541924,0.19964857183879886
246,0.4903,4,31,4,254462,351148,20358,87598,3.2526955426284783,0.1996553814735633
247,0.4905,51,489,51,254951,350659,20409,87547,3.248165919448664,0.19978503261023353
248,0.4906,66,485,66,255436,350174,20475,87481,3.2436733484012006,0.19988575476117032
249,0.4907,48,331,48,255767,349843,20523,87433,3.24060728444922,0.19994923114920554
250,0.4908,171,997,171,256764,348846,20694,87262,3.2313720404609287,0.2000926376035294
251,0.4909,1,2,1,256766,348844,20695,87261,3.2313535143947534,0.20009172103048578
252,0.491,6,94,6,256860,348750,20701,87255,3.2304827892845234,0.20012385179069048
253,0.4911,3,12,3,256872,348738,20704,87252,3.2303716328874725,0.20012385605174432
254,0.4912,97,923,97,257795,347815,20801,87155,3.2218218533476604,0.20037014046945767
255,0.4913,112,855,112,258650,346960,20913,87043,3.213901960057801,0.20055852148487452
256,0.4914,9,62,9,258712,346898,20922,87034,3.213327652006373,0.20057059631462995
257,0.4915,6,70,6,258782,346828,20928,87028,3.212679239690244,0.20059190146039238
258,0.4916,131,1076,131,259858,345752,21059,86897,3.202712216088036,0.200848724947937
259,0.4917,143,1087,143,260945,344665,21202,86754,3.1926432991218645,0.20108989172938604
260,0.4918,107,885,107,261830,343780,21309,86647,3.184445514839379,0.20130475086367725
261,0.4919,25,176,25,262006,343604,21334,86622,3.1828152210159693,0.20134069070674482
262,0.492,24,158,24,262164,343446,21358,86598,3.181351661788136,0.20137009236264197
263,0.4921,188,1356,188,263520,342090,21546,86410,3.1687909889214123,0.20165694282380398
264,0.4922,2,2,2,263522,342088,21548,86408,3.1687724628552374,0.2016541577984392
265,0.4923,112,949,112,264471,341139,21660,86296,3.159981844455148,0.2018926854375519
266,0.4924,21,72,21,264543,341067,21681,86275,3.1593149060728445,0.20188748122112968
267,0.4925,570,4318,570,268861,336749,22251,85705,3.1193171292007853,0.20287415908004186
268,0.4926,8,32,8,268893,336717,22259,85697,3.119020712141984,0.20287443124517654
269,0.4927,15,149,15,269042,336568,22274,85682,3.117640520211938,0.20291770278271165
270,0.4928,94,771,94,269813,335797,22368,85588,3.110498721701434,0.2031111691208752
271,0.4929,1,3,1,269816,335794,22369,85587,3.1104709326021713,0.2031107240241017
272,0.493,427,2902,427,272718,332892,22796,85160,3.083589610582089,0.2037067159109393
273,0.4931,977,7317,977,280035,325575,23773,84183,3.015811997480455,0.2054456532880383
274,0.4932,184,933,184,280968,324642,23957,83999,3.007169587609767,0.20555695586101247
275,0.4933,694,4697,694,285665,319945,24651,83305,2.963661121197525,0.20658400495970242
276,0.4935,13,126,13,285791,319819,24664,83292,2.962493979028493,0.2066229896976267
277,0.4936,1,2,1,285793,319817,24665,83291,2.962475452962318,0.20662204669716305
278,0.4937,227,1496,227,287289,318321,24892,83064,2.948617955463337,0.20694345827572033
279,0.4938,145,902,145,288191,317419,25037,82919,2.940262699618363,0.20712248150312987
280,0.4939,150,970,150,289161,316449,25187,82769,2.9312775575234356,0.20732782589963378
281,0.494,203,1423,203,290584,315026,25390,82566,2.918096261439846,0.2076651441678907
282,0.4941,0,3,0,290587,315023,25390,82566,2.9180684723405834,0.20766671110116225
283,0.4942,91,619,91,291206,314404,25481,82475,2.912334654859387,0.20780892916984775
284,0.4943,83,481,83,291687,313923,25564,82392,2.9078791359442735,0.20789523485106545
285,0.4944,130,859,130,292546,313064,25694,82262,2.8999221905220645,0.2080864906431654
286,0.4945,1090,7694,1090,300240,305370,26784,81172,2.8286524139464224,0.20999529158539046
287,0.4946,981,6708,981,306948,298662,27765,80191,2.7665159879951093,0.21166785006321714
288,0.4947,136,886,136,307834,297776,27901,80055,2.758308940679536,0.2118804439021679
289,0.4948,21,232,21,308066,297544,27922,80034,2.7561599170032234,0.21196679891307227
290,0.4949,118,850,118,308916,296694,28040,79916,2.7482863388788026,0.21219829531876477
291,0.495,118,613,118,309529,296081,28158,79798,2.742608099596132,0.21229704239928274
292,0.4951,1022,7525,1022,317054,288556,29180,78776,2.6729037756122866,0.21445449892740082
293,0.4952,1342,9441,1342,326495,279115,30522,77434,2.5854514802326873,0.2171763207862033
294,0.4953,1192,8263,1192,334758,270852,31714,76242,2.5089110378302273,0.21965807533405937
295,0.4954,131,1007,131,335765,269845,31845,76111,2.49958316351106,0.22000196556787568
296,0.4955,41,236,41,336001,269609,31886,76070,2.497397087702397,0.2200596507164161
297,0.4956,330,2435,330,338436,267174,32216,75740,2.474841602134203,0.22087170544218085
298,0.4957,621,4166,621,342602,263008,32837,75119,2.436251806291452,0.2221620870264723
299,0.4958,111,850,111,343452,262158,32948,75008,2.428378228167031,0.22246608495518527
300,0.4959,221,1052,221,344504,261106,33169,74787,2.418633517358924,0.22265126096703414
301,0.496,337,2369,337,346873,258737,33506,74450,2.3966893919745083,0.22344809371314006
302,0.4961,0,2,0,346875,258735,33506,74450,2.396670865908333,0.22344943499857436
303,0.4962,19,104,19,346979,258631,33525,74431,2.3957075104672274,0.22347490857558053
304,0.4963,36,157,36,347136,258474,33561,74395,2.3942532142724815,0.2234963303882308
305,0.4964,38,203,38,347339,258271,33599,74357,2.392372818555708,0.22354401914450978
306,0.4965,1007,6698,1007,354037,251573,34606,73350,2.33032902293527,0.22574579207996973
307,0.4966,177,1020,177,355057,250553,34783,73173,2.3208807291859648,0.22603374458647127
308,0.4967,809,5159,809,360216,245394,35592,72364,2.2730927414872726,0.22773305471459412
309,0.4968,11,54,11,360270,245340,35603,72353,2.2725925377005445,0.2277450242844507
310,0.4969,1,8,1,360278,245332,35604,72352,2.2725184334358444,0.22774832852771937
311,0.497,929,6419,929,366697,238913,36533,71423,2.2130590240468337,0.23014732419055475
312,0.4971,71,484,71,367181,238429,36604,71352,2.2085757160324575,0.2303304592599288
313,0.4972,2100,13304,2100,380485,225125,38704,69252,2.085340323835637,0.23524935711689432
314,0.4973,18,85,18,380570,225040,38722,69234,2.0845529660231947,0.23527053018615304
315,0.4974,14,121,14,380691,224919,38736,69220,2.0834321390196004,0.23533091497557276
316,0.4975,38,259,38,380950,224660,38774,69182,2.081033013449924,0.23543945385615397
317,0.4977,3,37,3,380987,224623,38777,69179,2.0806902812256847,0.2354612970640091
318,0.4978,20,116,20,381103,224507,38797,69159,2.0796157693875283,0.23550223723549885
319,0.4979,469,2362,469,383465,222145,39266,68690,2.057736485234725,0.23618202761015697
320,0.498,25,134,25,383599,222011,39291,68665,2.056495238800993,0.2362252129518777
321,0.4981,151,777,151,384376,221234,39442,68514,2.0492978620919633,0.23646064856357937
322,0.4982,62,278,62,384654,220956,39504,68452,2.0467227388936235,0.23652421494913756
323,0.4983,35,277,35,384931,220679,39539,68417,2.0441568787283706,0.23665841104684948
324,0.4984,151,680,151,385611,219999,39690,68266,2.037858016228834,0.23681681785856765
325,0.4985,30,176,30,385787,219823,39720,68236,2.0362277224054246,0.23688202764017094
326,0.4986,318,1567,318,387354,218256,40038,67918,2.0217125495572272,0.23733113420506405
327,0.4987,215,1195,215,388549,217061,40253,67703,2.0106432250175996,0.23775126069306513
328,0.4989,52,294,52,388843,216767,40305,67651,2.0079198932898588,0.23785766020434712
329,0.499,192,1207,192,390050,215560,40497,67459,1.996739412353181,0.2383550221009897
330,0.4991,165,981,165,391031,214579,40662,67294,1.9876523768942902,0.23873872275812155
331,0.4992,2,18,2,391049,214561,40664,67292,1.9874856422987144,0.2387485675156908
332,0.4993,2,13,2,391062,214548,40666,67290,1.987365222868576,0.2387541779320035
333,0.4994,23,109,23,391171,214439,40689,67267,1.9863555522620326,0.23878440643791754
334,0.4995,311,1673,311,392844,212766,41000,66956,1.9708584979065544,0.23936622789769843
335,0.4996,60,331,60,393175,212435,41060,66896,1.967792433954574,0.23948648735729297
336,0.4997,1,6,1,393181,212429,41061,66895,1.9677368557560488,0.23948890893729147
337,0.4998,220,997,220,394178,211432,41281,66675,1.9585016117677572,0.23974585321476985
338,0.4999,189,987,189,395165,210445,41470,66486,1.9493589981103412,0.2400814643358815
339,0.5,4,65,4,395230,210380,41474,66482,1.9487569009596502,0.2401268501997385
340,0.5001,19,93,19,395323,210287,41493,66463,1.9478954388825076,0.24015537488708222
341,0.5002,24,140,24,395463,210147,41517,66439,1.94659861425025,0.24021100127989126
342,0.5003,18,88,18,395551,210059,41535,66421,1.9457834673385452,0.24023799189814815
343,0.5004,36,223,36,395774,209836,41571,66385,1.9437178109600208,0.24033292182708774
344,0.5005,65,327,65,396101,209509,41636,66320,1.9406887991403905,0.24043882260385963
345,0.5006,20,134,20,396235,209375,41656,66300,1.9394475527066584,0.24050058946222908
346,0.5007,22,156,22,396391,209219,41678,66278,1.938002519545,0.24057612242601553
347,0.5008,157,944,157,397335,208275,41835,66121,1.9292582163103487,0.24096925611160513
348,0.5009,58,222,58,397557,208053,41893,66063,1.9272018229649117,0.24100380860657533
349,0.501,207,895,207,398452,207158,42100,65856,1.9189114083515506,0.24121839905645864
350,0.5011,379,1988,379,400440,205170,42479,65477,1.900496498573493,0.24192767701101434
351,0.5012,61,345,61,400785,204825,42540,65416,1.8973007521582868,0.24206541568451864
352,0.5013,29,147,29,400932,204678,42569,65387,1.8959390862944163,0.24211578694018107
353,0.5014,709,3747,709,404679,200931,43278,64678,1.8612305013153507,0.24350831485378885
354,0.5015,48,257,48,404936,200674,43326,64630,1.8588499018118492,0.24360733347405242
355,0.5016,374,1983,374,406919,198691,43700,64256,1.8404813071992294,0.2443686370257124
356,0.5017,134,833,134,407752,197858,43834,64122,1.8327652006372968,0.24475914191923048
357,0.5018,73,376,73,408128,197482,43907,64049,1.8292823001963763,0.24490022215339674
358,0.5019,754,4112,754,412240,193370,44661,63295,1.7911927081403536,0.24660549743829505
359,0.502,10,96,10,412336,193274,44671,63285,1.7903034569639482,0.24666840765671832
360,0.5021,0,4,0,412340,193270,44671,63285,1.7902664048315982,0.24667225351289196
361,0.5022,135,654,135,412994,192616,44806,63150,1.7842083811923377,0.24690537444382757
362,0.5023,1296,6469,1296,419463,186147,46102,61854,1.7242858201489495,0.24941028463594905
363,0.5024,85,372,85,419835,185775,46187,61769,1.7208399718403795,0.2495273567527389
364,0.5025,103,590,103,420425,185185,46290,61666,1.7153747823187224,0.24981061450024508
365,0.5026,1020,5194,1020,425619,179991,47310,60646,1.667262588461966,0.2520227562677394
366,0.5027,695,3569,695,429188,176422,48005,59951,1.634202823372485,0.253628798551442
367,0.5028,1540,7536,1540,436724,168886,49545,58411,1.5643966060246768,0.25698095443406643
368,0.5029,10,72,10,436796,168814,49555,58401,1.5637296676423729,0.2570296855401272
369,0.503,1912,9620,1912,446416,159194,51467,56489,1.4746192893401016,0.26190752168692016
370,0.5031,1799,8522,1799,454938,150672,53266,54690,1.3956797213679648,0.26631022292342305
371,0.5032,19,47,19,454985,150625,53285,54671,1.3952443588128496,0.26630328890967186
372,0.5033,37,141,37,455126,150484,53322,54634,1.3939382711475046,0.2663540011115553
373,0.5034,350,1871,350,456997,148613,53672,54284,1.3766071362406906,0.2675446162338526
374,0.5035,1,19,1,457016,148594,53673,54283,1.3764311386120271,0.2675660621953203
375,0.5036,1072,5496,1072,462512,143098,54745,53211,1.3255215087628294,0.27105736364608857
376,0.5037,949,4574,949,467086,138524,55694,52262,1.2831523954203565,0.2739299529315568
377,0.5038,1514,7225,1514,474311,131299,57208,50748,1.2162269813627775,0.27876317654232147
378,0.5039,8,55,8,474366,131244,57216,50740,1.215717514542962,0.27881572006330224
379,0.504,50,209,50,474575,131035,57266,50690,1.213781540627663,0.2789379557022974
380,0.5041,13,23,13,474598,131012,57279,50677,1.2135684908666493,0.2789216738492699
381,0.5042,120,525,120,475123,130487,57399,50557,1.2087053984956835,0.2792525573893639
382,0.5043,70,243,70,475366,130244,57469,50487,1.2064544814554077,0.2793488665475209
383,0.5044,303,1268,303,476634,128976,57772,50184,1.1947089555003891,0.2801071667782987
384,0.5045,196,675,196,477309,128301,57968,49988,1.18845640816629,0.28037624306603326
385,0.5046,107,431,107,477740,127870,58075,49881,1.184464040905554,0.2806228938233821
386,0.5047,6,37,6,477777,127833,58081,49875,1.1841213086813147,0.2806570328854075
387,0.5048,56,282,56,478059,127551,58137,49819,1.1815091333506242,0.28087613463381633
388,0.5049,11,64,11,478123,127487,58148,49808,1.1809162992330209,0.28093290842945373
389,0.505,45,215,45,478338,127272,58193,49763,1.1789247471191968,0.28109130962803963
390,0.5051,124,513,124,478851,126759,58317,49639,1.1741728111452814,0.28140341727230467
391,0.5052,3,33,3,478884,126726,58320,49636,1.1738671310533921,0.2814438484480784
392,0.5053,42,166,42,479050,126560,58362,49594,1.1723294675608582,0.28153774538188175
393,0.5055,4,9,4,479059,126551,58366,49590,1.1722461002630702,0.2815358150572553
394,0.5056,7,22,7,479081,126529,58373,49583,1.1720423135351439,0.28154242754610703
395,0.5057,106,354,106,479435,126175,58479,49477,1.1687631998221497,0.2816762689864049
396,0.5058,94,390,94,479825,125785,58573,49383,1.1651506169180037,0.2819179302155645
397,0.5059,76,264,76,480089,125521,58649,49307,1.1627051761828893,0.28203148237124487
398,0.506,29,102,29,480191,125419,58678,49278,1.1617603468079587,0.2820769675495286
399,0.5061,102,386,102,480577,125033,58780,49176,1.158184816036163,0.2822816272408429
400,0.5062,4,11,4,480588,125022,58784,49172,1.1580829226721998,0.28228297185896184
401,0.5063,57,231,57,480819,124791,58841,49115,1.1559431620289748,0.28242268811886884
402,0.5064,10,77,10,480896,124714,58851,49105,1.1552299084812332,0.2825065153982016
403,0.5065,257,1025,257,481921,123689,59108,48848,1.14573529956649,0.2831160852454836
404,0.5066,90,306,90,482227,123383,59198,48758,1.1429008114416985,0.28324454952626044
405,0.5067,15,67,15,482294,123316,59213,48743,1.1422801882248323,0.2832923590163839
406,0.5068,8,47,8,482341,123269,59221,48735,1.1418448256697173,0.2833364340364178
407,0.5069,218,863,218,483204,122406,59439,48517,1.133850828115158,0.28385296303013635
408,0.507,33,206,33,483410,122200,59472,48484,1.1319426432991218,0.28405708795200485
409,0.5071,139,497,139,483907,121703,59611,48345,1.1273389158546074,0.28430207941287167
410,0.5072,141,480,141,484387,121223,59752,48204,1.1228926599725815,0.2845119136855401
411,0.5073,46,205,46,484592,121018,59798,48158,1.1209937381896329,0.28466212701565236
412,0.5074,11,31,11,484623,120987,59809,48147,1.1207065841639186,0.284667778211359
413,0.5075,10,20,10,484643,120967,59819,48137,1.1205213235021676,0.2846591446683698
414,0.5076,89,410,89,485053,120557,59908,48048,1.1167234799362704,0.2849737552267133
415,0.5077,733,2537,733,487590,118020,60641,47315,1.0932231649931454,0.2861765506396105
416,0.5078,17,60,17,487650,117960,60658,47298,1.0926673830078921,0.2862070217478125
417,0.508,35,176,35,487826,117784,60693,47263,1.0910370891844825,0.2863608547868183
418,0.5081,6,21,6,487847,117763,60699,47257,1.0908425654896439,0.28637134892740274
419,0.5082,120,513,120,488360,117250,60819,47137,1.0860906295157287,0.2867440856028761
420,0.5083,104,390,104,488750,116860,60923,47033,1.0824780466115824,0.28697381828388036
421,0.5084,18,134,18,488884,116726,60941,47015,1.0812368001778503,0.287130285023299
422,0.5085,658,2651,658,491535,114075,61599,46357,1.0566804994627441,0.2889510820783884
423,0.5086,212,867,212,492402,113208,61811,46145,1.0486494497758345,0.2895772279153828
424,0.5087,47,226,47,492628,112982,61858,46098,1.0465560042980473,0.28977872768418406
425,0.5088,566,2264,566,494892,110718,62424,45532,1.0255844973878248,0.2914048
426,0.5089,438,1587,438,496479,109131,62862,45094,1.0108840638778762,0.29239098719403467
427,0.509,25,103,25,496582,109028,62887,45069,1.0099299714698582,0.29247162501541235
428,0.5091,56,227,56,496809,108801,62943,45013,1.0078272629589833,0.2926456629435552
429,0.5092,489,1723,489,498532,107078,63432,44524,0.9918670569491275,0.2936900568594082
430,0.5093,838,3621,838,502153,103457,64270,43686,0.9583256141390937,0.2968948573836336
431,0.5094,417,1624,417,503777,101833,64687,43269,0.9432824484049057,0.2981971302945514
432,0.5095,9,95,9,503872,101738,64696,43260,0.942402460261588,0.29834894274403784
433,0.5096,1870,7568,1870,511440,94170,66566,41390,0.872299825854978,0.30532605488344644
434,0.5097,75,309,75,511749,93861,66641,41315,0.8694375486309237,0.3056385748949518
435,0.5098,261,1043,261,512792,92818,66902,41054,0.8597762051206047,0.3066660690809131
436,0.5099,248,971,248,513763,91847,67150,40806,0.8507817999925896,0.30761460351443237
437,0.51,13,37,13,513800,91810,67163,40793,0.8504390677683501,0.3076325573327904
438,0.5101,93,344,93,514144,91466,67256,40700,0.8472525843862314,0.30794606782379735
439,0.5102,340,1362,340,515506,90104,67596,40360,0.8346363333209826,0.3093573706156488
440,0.5103,493,1865,493,517371,88239,68089,39867,0.817360776612694,0.3112032223315067
441,0.5104,120,433,120,517804,87806,68209,39747,0.8133498832857831,0.3116116437872884
442,0.5105,799,2672,799,520476,85134,69008,38948,0.7885990588758383,0.3138892023017037
443,0.5106,140,472,140,520948,84662,69148,38808,0.7842269072585127,0.3143111687049486
444,0.5107,298,924,298,521872,83738,69446,38510,0.7756678646856127,0.31501537857470063
445,0.5108,1,15,1,521887,83723,69447,38509,0.7755289191892993,0.31504843248903724
446,0.5109,932,2887,932,524774,80836,70379,37577,0.7487865426655304,0.31733846790470643
447,0.511,2,16,2,524790,80820,70381,37575,0.7486383341361296,0.31736982136069936
448,0.5111,29,126,29,524916,80694,70410,37546,0.7474711919670977,0.3175405953991881
449,0.5112,8,31,8,524947,80663,70418,37538,0.7471840379413835,0.31757768546797405
450,0.5113,704,2362,704,527309,78301,71122,36834,0.7253047537885805,0.319920093802927
451,0.5114,52,95,52,527404,78206,71174,36782,0.7244247656452629,0.3198768567154834
452,0.5115,829,2950,829,530354,75256,72003,35953,0.697098818036978,0.3232921795897814
453,0.5116,695,2397,695,532751,72859,72698,35258,0.6748953277261106,0.32610967747902736
454,0.5117,191,542,191,533293,72317,72889,35067,0.6698747637926563,0.32655702898010874
455,0.5118,26,88,26,533381,72229,72915,35041,0.6690596168809515,0.32666169478885054
456,0.5119,108,359,108,533740,71870,73023,34933,0.6657341880025196,0.3270788273737629
457,0.512,155,525,155,534265,71345,73178,34778,0.6608710956315536,0.327714067638495
458,0.5121,9,71,9,534336,71274,73187,34769,0.6602134202823372,0.32787642748696283
459,0.5122,140,446,140,534782,70828,73327,34629,0.6560821075252881,0.3283708051622936
460,0.5123,226,702,226,535484,70126,73553,34403,0.649579458297825,0.3291239751647868
461,0.5124,118,417,118,535901,69709,73671,34285,0.645716773500315,0.3296824816816355
462,0.5125,54,123,54,536024,69586,73725,34231,0.6445774204305458,0.3297244189294624
463,0.5126,126,457,126,536481,69129,73851,34105,0.6403442143095335,0.33036596470155183
464,0.5128,21,85,21,536566,69044,73872,34084,0.6395568564970914,0.33050190055077183
465,0.5129,180,471,180,537037,68573,74052,33904,0.6351939679128534,0.3308449700908497
466,0.513,253,899,253,537936,67674,74305,33651,0.6268665011671422,0.3321095484826055
467,0.5131,130,404,130,538340,67270,74435,33521,0.6231242357997703,0.33257929775475986
468,0.5132,5,22,5,538362,67248,74440,33516,0.6229204490718441,0.3326187924258664
469,0.5133,5,8,5,538370,67240,74445,33511,0.6228463448071436,0.3326120832547568
470,0.5134,140,403,140,538773,66837,74585,33371,0.6191133424728593,0.3330173239661504
471,0.5135,45,106,45,538879,66731,74630,33326,0.6181314609655786,0.33307015001449175
472,0.5136,2,1,2,538880,66730,74632,33324,0.618122197932491,0.333060147520339
473,0.5138,52,140,52,539020,66590,74684,33272,0.6168253733002335,0.33317978810758847
474,0.5139,5,13,5,539033,66577,74689,33267,0.6167049538700953,0.333189776050639
475,0.514,76,314,76,539347,66263,74765,33191,0.6137963614806032,0.3337321776901884
476,0.5141,6,12,6,539359,66251,74771,33185,0.6136852050835525,0.33373224988937605
477,0.5142,7,37,7,539396,66214,74778,33178,0.6133424728593131,0.33380956213779783
478,0.5143,9,27,9,539423,66187,74787,33169,0.613092370965949,0.3338399291436853
479,0.5144,5,18,5,539441,66169,74792,33164,0.6129256363703731,0.3338668921707791
480,0.5145,1,10,1,539451,66159,74793,33163,0.6128330060394975,0.33389379996375423
481,0.5146,9,14,9,539465,66145,74802,33154,0.6127033235762718,0.33388050232127214
482,0.5147,2,20,2,539485,66125,74804,33152,0.6125180629145207,0.3339343453166393
483,0.5148,18,45,18,539530,66080,74822,33134,0.6121012264255808,0.3339649646219284
484,0.5149,29,93,29,539623,65987,74851,33105,0.6112397643484383,0.33408347798005894
485,0.515,75,315,75,539938,65672,74926,33030,0.6083219089258587,0.33464367490020464
486,0.5151,301,1030,301,540968,64642,75227,32729,0.5987809848456779,0.3361267728584486
487,0.5152,12,42,12,541010,64600,75239,32717,0.5983919374560006,0.3361899770851958
488,0.5153,0,2,0,541012,64598,75239,32717,0.5983734113898255,0.3361968863998356
489,0.5154,5,36,5,541048,64562,75244,32712,0.5980399421986735,0.3362871887657545
490,0.5155,180,564,180,541612,63998,75424,32532,0.592815591537293,0.33701439966849683
491,0.5156,248,761,248,542373,63237,75672,32284,0.5857664233576643,0.33797803624333916
492,0.5157,228,765,228,543138,62472,75900,32056,0.5786802030456852,0.33911645226811105
493,0.5158,53,147,53,543285,62325,75953,32003,0.5773185371818148,0.3392735985073361
494,0.5159,91,285,91,543570,62040,76044,31912,0.5746785727518618,0.33966280653950953
495,0.516,396,1131,396,544701,60909,76440,31516,0.564202082329838,0.3409899918853124
496,0.5161,579,1634,579,546335,59275,77019,30937,0.5490662862647745,0.34293663814126724
497,0.5162,37,136,37,546471,59139,77056,30900,0.5478065137648672,0.3431846199980009
498,0.5163,139,399,139,546870,58740,77195,30761,0.5441105635629331,0.34369448386051554
499,0.5164,702,2008,702,548878,56732,77897,30059,0.5255103931231242,0.3463377539145764
500,0.5165,178,586,178,549464,56146,78075,29881,0.5200822557338175,0.34734443837399887
501,0.5166,20,54,20,549518,56092,78095,29861,0.5195820519470895,0.3474107942712878
502,0.5167,56,244,56,549762,55848,78151,29805,0.5173218718737264,0.34797380126790656
503,0.5168,593,1616,593,551378,54232,78744,29212,0.5023528104042387,0.3500790949618906
504,0.5169,51,114,51,551492,54118,78795,29161,0.5012968246322576,0.3501603045185461
505,0.517,59,152,59,551644,53966,78854,29102,0.49988884360294933,0.35033948090720857
506,0.5171,1048,2661,1048,554305,51305,79902,28054,0.4752399125569677,0.35350747867286636
507,0.5172,96,274,96,554579,51031,79998,27958,0.4727018414909778,0.3539480180784666
508,0.5173,859,2364,859,556943,48667,80857,27099,0.4508040312719997,0.35766702742655015
509,0.5174,47,92,47,557035,48575,80904,27052,0.4499518322279447,0.3577029367818372
510,0.5175,709,2045,709,559080,46530,81613,26343,0.4310089295638964,0.36149191058416696
511,0.5176,11,6,11,559086,46524,81624,26332,0.43095335136537105,0.3614252772592511
512,0.5177,202,593,202,559679,45931,81826,26130,0.4254603727444514,0.3626094558776592
513,0.5178,23,52,23,559731,45879,81849,26107,0.4249786950238986,0.3626677409496291
514,0.5179,96,235,96,559966,45644,81945,26011,0.4228018822483234,0.3630032796036564
515,0.518,516,1511,516,561477,44133,82461,25495,0.40880543925302903,0.36616016545068075
516,0.5181,2,9,2,561486,44124,82463,25493,0.408722071955241,0.3661892928451384
517,0.5182,196,483,196,561969,43641,82659,25297,0.40424802697395235,0.3669529142127709
518,0.5183,49,96,49,562065,43545,82708,25248,0.40335877579754714,0.3670140857354673
519,0.5184,158,473,158,562538,43072,82866,25090,0.398977361147134,0.3680936592236143
520,0.5185,161,509,161,563047,42563,83027,24929,0.39426247730556896,0.3693622947904937
521,0.5186,246,604,246,563651,41959,83273,24683,0.3886676053206862,0.37038204135530145
522,0.5187,19,35,19,563686,41924,83292,24664,0.3883433991626218,0.3703970685408782
523,0.5188,108,361,108,564047,41563,83400,24556,0.38499944421801474,0.37139097687502837
524,0.5189,84,259,84,564306,41304,83484,24472,0.3826003186483382,0.37205059596205303
525,0.519,37,183,37,564489,41121,83521,24435,0.3809051835933158,0.3727347611202636
526,0.5191,0,3,0,564492,41118,83521,24435,0.3808773944940531,0.3727518191387122
527,0.5192,27,71,27,564563,41047,83548,24408,0.38021971914483677,0.37289741043464975
528,0.5193,18,54,18,564617,40993,83566,24390,0.3797195153581089,0.3730327455148892
529,0.5194,46,132,46,564749,40861,83612,24344,0.3784967949905517,0.3733456023311096
530,0.5195,19,64,19,564813,40797,83631,24325,0.37790396087294825,0.3735296827493013
531,0.5196,63,140,63,564953,40657,83694,24262,0.37660713624069064,0.3737272601241547
532,0.5197,75,228,75,565181,40429,83769,24187,0.3744951646967283,0.37431905410424665
533,0.5198,140,307,140,565488,40122,83909,24047,0.3716514135388492,0.3747448144742789
534,0.5199,80,201,80,565689,39921,83989,23967,0.36978954388825075,0.37514087152516906
535,0.52,504,1129,504,566818,38792,84493,23463,0.3593315795324021,0.37688539073166816
536,0.5201,591,1423,591,568241,37369,85084,22872,0.3461502834488125,0.37967497219501667
537,0.5202,9,36,9,568277,37333,85093,22863,0.34581681425766053,0.3798092896537976
538,0.5203,21,50,21,568327,37283,85114,22842,0.3453536626032828,0.3799085239085239
539,0.5204,526,1213,526,569540,36070,85640,22316,0.33411760346807956,0.38221491453430617
540,0.5205,2,12,2,569552,36058,85642,22314,0.33400644707102894,0.3822723223463304
541,0.5206,1150,2382,1150,571934,33676,86792,21164,0.31194190225647483,0.38592268417213715
542,0.5207,93,210,93,572144,33466,86885,21071,0.3099966653080885,0.3863615527073363
543,0.5208,64,155,64,572299,33311,86949,21007,0.30856089517951757,0.38674104348466437
544,0.5209,73,211,73,572510,33100,87022,20934,0.30660639519804367,0.3874227338342525
545,0.521,99,238,99,572748,32862,87121,20835,0.30440179332320577,0.3880105033800771
546,0.5211,13,19,13,572767,32843,87134,20822,0.3042257956945422,0.38799962731761856
547,0.5212,7,18,7,572785,32825,87141,20815,0.30405906109896624,0.38804996271439224
548,0.5213,66,188,66,572973,32637,87207,20749,0.30231761087850606,0.3886599483010527
549,0.5214,130,250,130,573223,32387,87337,20619,0.3000018526066175,0.38899369882654794
550,0.5215,6,14,6,573237,32373,87343,20613,0.29987217014339174,0.3890272902276073
551,0.5216,17,29,17,573266,32344,87360,20596,0.29960354218385266,0.38904420098224407
552,0.5217,98,185,98,573451,32159,87458,20498,0.2978898810626552,0.38927398066733765
553,0.5218,63,121,63,573572,32038,87521,20435,0.2967690540590611,0.38943837783240903
554,0.5219,374,720,374,574292,31318,87895,20061,0.29009967023602207,0.3904513517195741
555,0.522,125,263,125,574555,31055,88020,19936,0.2876634925339953,0.39097095565884177
556,0.5222,2,2,2,574557,31053,88022,19934,0.28764496646782023,0.3909624021809481
557,0.5223,1,4,1,574561,31049,88023,19933,0.28760791433547,0.390981130595112
558,0.5224,5,19,5,574580,31030,88028,19928,0.28743191670680646,0.3910671533419679
559,0.5225,62,152,62,574732,30878,88090,19866,0.28602393567749823,0.3914945609333123
560,0.5226,2,4,2,574736,30874,88092,19864,0.285986883545148,0.39150143876384563
561,0.5227,11,18,11,574754,30856,88103,19853,0.28582014894957203,0.3915084107357668
562,0.5228,92,228,92,574982,30628,88195,19761,0.2837081774056097,0.3921689257576058
563,0.5229,15,43,15,575025,30585,88210,19746,0.2833098669828449,0.39232282291232046
564,0.523,236,521,236,575546,30064,88446,19510,0.2784838267442291,0.3935530721749304
565,0.5231,54,125,54,575671,29939,88500,19456,0.2773259476082849,0.393886020852313
566,0.5232,5,18,5,575689,29921,88505,19451,0.2771592130127089,0.3939682411083205
567,0.5233,0,3,0,575692,29918,88505,19451,0.2771314239134462,0.39399218132836394
568,0.5234,225,515,225,576207,29403,88730,19226,0.2723609618733558,0.3953607929424829
569,0.5235,35,56,35,576263,29347,88765,19191,0.27184223202045277,0.3953809386460093
570,0.5236,23,40,23,576303,29307,88788,19168,0.2714717106969506,0.39542031975244973
571,0.5237,42,107,42,576410,29200,88830,19126,0.27048056615658234,0.3957703927492447
572,0.5238,258,560,258,576970,28640,89088,18868,0.26529326762755195,0.3971541635093037
573,0.5239,249,473,249,577443,28167,89337,18619,0.2609118529771388,0.3979609284828795
574,0.524,37,81,37,577524,28086,89374,18582,0.26016154729704694,0.39817433787606066
575,0.5241,21,70,21,577594,28016,89395,18561,0.25951313498091816,0.39850140627348263
576,0.5242,25,83,25,577677,27933,89420,18536,0.25874430323465114,0.39888958230217997
577,0.5243,1,3,1,577680,27930,89421,18535,0.2587165141353885,0.39890239965565477
578,0.5244,32,91,32,577771,27839,89453,18503,0.2578735781244211,0.3992706400241681
579,0.5245,58,117,58,577888,27722,89511,18445,0.25678980325317724,0.39952780124331233
580,0.5246,17,51,17,577939,27671,89528,18428,0.25631738856571196,0.39974836764354976
581,0.5247,159,359,159,578298,27312,89687,18269,0.25299195968728,0.4008029661481758
582,0.5248,92,184,92,578482,27128,89779,18177,0.25128756159917004,0.4012139940403929
583,0.5249,32,59,32,578541,27069,89811,18145,0.2507410426470043,0.40131375237758216
584,0.525,31,75,31,578616,26994,89842,18114,0.2500463151654378,0.4015695663740356
585,0.5251,71,161,71,578777,26833,89913,18043,0.24855496683834155,0.4020634637668241
586,0.5252,122,230,122,579007,26603,90035,17921,0.24642446922820407,0.4025020213817267
587,0.5253,43,102,43,579109,26501,90078,17878,0.24547963985327356,0.4028481939656144
588,0.5254,32,64,32,579173,26437,90110,17846,0.2448868057356701,0.40299889348056817
589,0.5255,15,42,15,579215,26395,90125,17831,0.2444977583459928,0.40317912540134765
590,0.5256,13,48,13,579263,26347,90138,17818,0.2440531327577902,0.40344163930714366
591,0.5257,76,163,76,579426,26184,90214,17742,0.24254325836451887,0.40390657014069115
592,0.5258,63,210,63,579636,25974,90277,17679,0.24059802141613248,0.404989347811147
593,0.5259,65,145,65,579781,25829,90342,17614,0.23925488161843714,0.4054508206155192
594,0.526,78,214,78,579995,25615,90420,17536,0.23727259253770056,0.4063868740006025
595,0.5261,0,1,0,579996,25614,90420,17536,0.23726332950461299,0.406396292004635
596,0.5262,148,384,148,580380,25230,90568,17388,0.23370632479899217,0.40799662114599466
597,0.5263,1,7,1,580387,25223,90569,17387,0.2336414835673793,0.40804975357897205
598,0.5264,142,387,142,580774,24836,90711,17245,0.23005668976249583,0.40980490007366743
599,0.5265,59,106,59,580880,24730,90770,17186,0.2290748082552151,0.4100104971848459
600,0.5266,13,34,13,580914,24696,90783,17173,0.22875986513023824,0.41016026176885045
601,0.5267,193,317,193,581231,24379,90976,16980,0.22582348364148358,0.4105515123673203
602,0.5268,294,422,294,581653,23957,91270,16686,0.2219144836785357,0.41055040228329603
603,0.5269,4,6,4,581659,23951,91274,16682,0.2218589054800104,0.41055299879408363
604,0.527,149,182,149,581841,23769,91423,16533,0.2201730334580755,0.4102277802590442
605,0.5271,196,298,196,582139,23471,91619,16337,0.21741264959798437,0.4103948954983923
606,0.5272,20,68,20,582207,23403,91639,16317,0.21678276334803068,0.41080060422960724
607,0.5273,13,25,13,582232,23378,91652,16304,0.21655118752084182,0.4108663877828738
608,0.5274,3,7,3,582239,23371,91655,16301,0.21648634628922894,0.4108943335349869
609,0.5275,83,165,83,582404,23206,91738,16218,0.2149579458297825,0.4113737824675325
610,0.5276,85,148,85,582552,23058,91823,16133,0.21358701693282447,0.4116506340741497
611,0.5277,15,17,15,582569,23041,91838,16118,0.21342954537033607,0.4116039735437575
612,0.5278,79,193,79,582762,22848,91917,16039,0.21164177998443812,0.4124514619281508
613,0.5279,269,440,269,583202,22408,92186,15770,0.20756604542591425,0.41306511603541307
614,0.528,328,622,328,583824,21786,92514,15442,0.20180443884545557,0.4147953153540346
615,0.5281,3,0,3,583824,21786,92517,15439,0.20180443884545557,0.41474815312290125
616,0.5282,320,571,320,584395,21215,92837,15119,0.1965152469524621,0.4161116309792481
617,0.5283,441,704,441,585099,20511,93278,14678,0.18999407165882395,0.417118986046776
618,0.5284,379,614,379,585713,19897,93657,14299,0.1843065693430657,0.4181483214411042
619,0.5285,4,10,4,585723,19887,93661,14295,0.18421393901219016,0.4182025627523258
620,0.5286,3,15,3,585738,19872,93664,14292,0.18407499351587683,0.4183350895679663
621,0.5287,7,11,7,585749,19861,93671,14285,0.18397310015191373,0.41835061207754937
622,0.5288,1,0,1,585749,19861,93672,14284,0.18397310015191373,0.41833357739054033
623,0.529,19,35,19,585784,19826,93691,14265,0.18364889399384934,0.4184388841629756
624,0.5291,8,12,8,585796,19814,93699,14257,0.1835377375967987,0.4184497079627836
625,0.5292,305,489,305,586285,19325,94004,13952,0.1790081144169847,0.41926856387294525
626,0.5293,5,8,5,586293,19317,94009,13947,0.17893401015228427,0.41928210678210676
627,0.5294,230,454,230,586747,18863,94239,13717,0.17472859313053465,0.42102516881522406
628,0.5295,260,413,260,587160,18450,94499,13457,0.1709029604653748,0.4217569812266901
629,0.5296,73,104,73,587264,18346,94572,13384,0.16993960502426914,0.4218090135518437
630,0.5297,72,112,72,587376,18234,94644,13312,0.16890214531846307,0.4219869397070944
631,0.5298,230,463,230,587839,17771,94874,13082,0.16461336099892548,0.4240106310569475
632,0.5299,238,428,238,588267,17343,95112,12844,0.1606487828374523,0.4254811673899361
633,0.53,3,1,3,588268,17342,95115,12841,0.16063951980436475,0.4254381605539542
634,0.5301,5,7,5,588275,17335,95120,12836,0.16057467857275187,0.4254416492658513
635,0.5302,32,76,32,588351,17259,95152,12804,0.15987068805809773,0.42590559824368823
636,0.5303,86,115,86,588466,17144,95238,12718,0.158805439253029,0.4258924385506664
637,0.5304,0,2,0,588468,17142,95238,12718,0.1587869131868539,0.4259209645010047
638,0.5305,85,115,85,588583,17027,95323,12633,0.15772166438178517,0.42592717464598784
639,0.5306,23,66,23,588649,16961,95346,12610,0.1571103041980066,0.42643130093672854
640,0.5307,0,1,0,588650,16960,95346,12610,0.15710104116491905,0.4264457220155563
641,0.5308,5,12,5,588662,16948,95351,12605,0.1569898847678684,0.42652184211416777
642,0.5309,84,135,84,588797,16813,95435,12521,0.1557393753010486,0.4268425717597327
643,0.531,9,48,9,588845,16765,95444,12512,0.155294749712846,0.4273661918912457
644,0.5311,6,11,6,588856,16754,95450,12506,0.15519285634888288,0.4274094326725906
645,0.5312,1,1,1,588857,16753,95451,12505,0.15518359331579532,0.4274044705721512
646,0.5313,43,48,43,588905,16705,95494,12462,0.1547389677275927,0.4272636884149895
647,0.5314,7,13,7,588918,16692,95501,12455,0.15461854829745453,0.4273167049782139
648,0.5315,0,4,0,588922,16688,95501,12455,0.1545814961651043,0.42737535600315685
649,0.5316,13,17,13,588939,16671,95514,12442,0.15442402460261587,0.4273692165012194
650,0.5318,7,20,7,588959,16651,95521,12435,0.1542387639408648,0.4275252698892938
651,0.5319,1,0,1,588959,16651,95522,12434,0.1542387639408648,0.42750558707237407
652,0.532,29,52,29,589011,16599,95551,12405,0.15375708622031198,0.42769962763756725
653,0.5321,0,2,0,589013,16597,95551,12405,0.15373856015413687,0.4277291221295083
654,0.5322,5,11,5,589024,16586,95556,12400,0.15363666679017376,0.4277927275236321
655,0.5323,4,18,4,589042,16568,95560,12396,0.15346993219459779,0.4279795608341389
656,0.5324,33,33,33,589075,16535,95593,12363,0.1531642521027085,0.42781507370752303
657,0.5325,89,148,89,589223,16387,95682,12274,0.15179332320575048,0.4282474442622379
658,0.5326,31,98,31,589321,16289,95713,12243,0.1508855459631702,0.4290971540726202
659,0.5327,4,4,4,589325,16285,95717,12239,0.15084849383081997,0.42907726826532044
660,0.5328,15,24,15,589349,16261,95732,12224,0.15062618103671865,0.4291381428822187
661,0.5329,26,48,26,589397,16213,95758,12198,0.15018155544851605,0.42934074830171415
662,0.533,10,11,10,589408,16202,95768,12188,0.15007966208455298,0.42930609369496303
663,0.5331,174,201,174,589609,16001,95942,12014,0.14821779243395458,0.4288416919507407
664,0.5332,3,0,3,589609,16001,95945,12011,0.14821779243395458,0.4287805226331572
665,0.5333,48,49,48,589658,15952,95993,11963,0.1477639038126644,0.4285509582661651
666,0.5334,11,38,11,589696,15914,96004,11952,0.14741190855533737,0.42890978253068257
667,0.5335,0,2,0,589698,15912,96004,11952,0.14739338248916226,0.4289405684754522
668,0.5336,61,65,61,589763,15847,96065,11891,0.14679128533847122,0.4286898839137645
669,0.5337,25,60,25,589823,15787,96090,11866,0.14623550335321797,0.42910353307055293
670,0.5338,75,132,75,589955,15655,96165,11791,0.14501278298566084,0.4296072287400714
671,0.5339,33,83,33,590038,15572,96198,11758,0.14424395123939382,0.43022319795096964
672,0.534,98,159,98,590197,15413,96296,11660,0.14277112897847272,0.430687400731356
673,0.5341,587,903,587,591100,14510,96883,11073,0.13440661010041127,0.4328264863385842
674,0.5342,434,683,434,591783,13827,97317,10639,0.12807995850161177,0.4348483609907627
675,0.5343,41,78,41,591861,13749,97358,10598,0.12735744192078255,0.4352897687600115
676,0.5344,1,2,1,591863,13747,97359,10597,0.12733891585460744,0.4353023332237923
677,0.5345,173,215,173,592078,13532,97532,10424,0.12534736374078329,0.4351310736349975
678,0.5346,4,10,4,592088,13522,97536,10420,0.12525473340990775,0.43521844457438813
679,0.5347,551,801,551,592889,12721,98087,9869,0.11783504390677683,0.4368747233289066
680,0.5348,793,1149,793,594038,11572,98880,9076,0.10719181888917707,0.4395583107322743
681,0.5349,38,51,38,594089,11521,98918,9038,0.1067194042017118,0.4396128216352935
682,0.535,536,922,536,595011,10599,99454,8502,0.09817888769498685,0.4451075859902623
683,0.5351,0,3,0,595014,10596,99454,8502,0.09815109859572418,0.4451775054979579
684,0.5352,15,21,15,595035,10575,99469,8487,0.09795657490088555,0.4452313503305005
685,0.5353,83,180,83,595215,10395,99552,8404,0.09628922894512579,0.4470450555880632
686,0.5354,4,10,4,595225,10385,99556,8400,0.09619659861425026,0.4471652914559489
687,0.5355,8,22,8,595247,10363,99564,8392,0.09599281188632405,0.44745401226339643
688,0.5356,59,96,59,595343,10267,99623,8333,0.09510356070991885,0.44801075268817203
689,0.5357,161,287,161,595630,9980,99784,8172,0.09244507021379081,0.4501983252534156
690,0.5358,7,22,7,595652,9958,99791,8165,0.0922412834858646,0.45053247254869505
691,0.5359,48,56,48,595708,9902,99839,8117,0.09172255363296157,0.4504689494422554
692,0.536,29,33,29,595741,9869,99868,8088,0.0914168735410723,0.45040931113214905
693,0.5361,12,17,12,595758,9852,99880,8076,0.09125940197858387,0.4504685408299866
694,0.5362,117,178,117,595936,9674,99997,7959,0.08961058208899922,0.45136959110758235
695,0.5363,47,55,47,595991,9619,100044,7912,0.08910111526918374,0.451314813758485
696,0.5364,1,2,1,595993,9617,100045,7911,0.08908258920300863,0.45133500684618894
697,0.5367,2,11,2,596004,9606,100047,7909,0.08898069583904554,0.4515558093063089
698,0.537,6,5,6,596009,9601,100053,7903,0.08893438067360776,0.4514968007312614
699,0.5371,123,139,123,596148,9462,100176,7780,0.08764681907443773,0.451223755944786
700,0.5372,130,149,130,596297,9313,100306,7650,0.08626662714439216,0.45098154807522256
701,0.5373,111,155,111,596452,9158,100417,7539,0.08483085701582126,0.4515182368090076
702,0.5374,2,1,2,596453,9157,100419,7537,0.0848215939827337,0.4514795734994609
703,0.5375,115,176,115,596629,8981,100534,7422,0.08319130015932417,0.45247820520636467
704,0.5376,5,4,5,596633,8977,100539,7417,0.08315424802697395,0.4524216176649994
705,0.5377,114,155,114,596788,8822,100653,7303,0.08171847789840306,0.45289922480620154
706,0.5378,6,10,6,596798,8812,100659,7297,0.08162584756752751,0.45297659693339126
707,0.5379,1,0,1,596798,8812,100660,7296,0.08162584756752751,0.45294263719890737
708,0.538,17,27,17,596825,8785,100677,7279,0.08137574567416354,0.453125
709,0.5381,10,18,10,596843,8767,100687,7269,0.08120901107858758,0.4532925916687453
710,0.5382,2,9,2,596852,8758,100689,7267,0.08112564378079959,0.4534789391575663
711,0.5383,7,19,7,596871,8739,100696,7260,0.08094964615213605,0.4537783611475717
712,0.5384,9,20,9,596891,8719,100705,7251,0.08076438549038498,0.4540388227927364
713,0.5387,142,185,142,597076,8534,100847,7109,0.07905072436918745,0.4544524707536918
714,0.5389,23,31,23,597107,8503,100870,7086,0.07876357034347327,0.4545512861633203
715,0.539,4,3,4,597110,8500,100874,7082,0.0787357812442106,0.4544987806443332
716,0.5391,17,18,17,597128,8482,100891,7065,0.07856904664863464,0.45442850710748056
717,0.5392,10,21,10,597149,8461,100901,7055,0.07837452295379599,0.45469193091002835
718,0.5393,94,148,94,597297,8313,100995,6961,0.07700359405683797,0.45574178342281
719,0.5394,11,19,11,597316,8294,101006,6950,0.07682759642817444,0.4559170821306744
720,0.5395,9,15,9,597331,8279,101015,6941,0.07668865093186113,0.45604467805519056
721,0.5396,5,5,5,597336,8274,101020,6936,0.07664233576642336,0.4560157790927022
722,0.5397,0,1,0,597337,8273,101020,6936,0.0766330727333358,0.45604576237753963
723,0.5398,9,18,9,597355,8255,101029,6927,0.07646633813775983,0.4562639968383612
724,0.5399,0,3,0,597358,8252,101029,6927,0.07643854903849717,0.456354173529218
725,0.54,51,156,51,597514,8096,101080,6876,0.07499351587683871,0.4592572802564788
726,0.5401,2,6,2,597520,8090,101082,6874,0.07493793767831339,0.45936915263298583
727,0.5402,2,5,2,597525,8085,101084,6872,0.07489162251287562,0.45945042455037777
728,0.5403,60,86,60,597611,7999,101144,6812,0.07409500166734595,0.45992843157112956
729,0.5404,45,110,45,597721,7889,101189,6767,0.07307606802771499,0.4617221615720524
730,0.5405,0,1,0,597722,7888,101189,6767,0.07306680499462744,0.46175366769020815
731,0.5406,59,167,59,597889,7721,101248,6708,0.07151987846900588,0.46489708226488324
732,0.5407,134,143,134,598032,7578,101382,6574,0.07019526473748565,0.464527981910684
733,0.5408,39,109,39,598141,7469,101421,6535,0.06918559413094223,0.4666523850328478
734,0.5409,166,145,166,598286,7324,101587,6369,0.06784245433324688,0.4651281676769152
735,0.541,143,141,143,598427,7183,101730,6226,0.06653636666790173,0.4643150123051682
736,0.5411,33,31,33,598458,7152,101763,6193,0.06624921264218755,0.46406893967778196
737,0.5412,46,41,46,598499,7111,101809,6147,0.06586942828559783,0.4636445919444864
738,0.5413,202,174,202,598673,6937,102011,5945,0.0642576605283634,0.4614966620090048
739,0.5414,152,134,152,598807,6803,102163,5793,0.06301641409463114,0.45990790727214986
740,0.5415,40,33,40,598840,6770,102203,5753,0.06271073400274185,0.4593947137267428
741,0.5416,22,37,22,598877,6733,102225,5731,0.06236800177850235,0.45980423620025673
742,0.5417,5,8,5,598885,6725,102230,5726,0.06229389751380192,0.4598827403421412
743,0.5418,24,26,24,598911,6699,102254,5702,0.06205305865352551,0.4598016289008951
744,0.5419,2,1,2,598912,6698,102256,5700,0.06204379562043796,0.4597515728343281
745,0.542,437,483,437,599395,6215,102693,5263,0.057569750639149285,0.4585293605157693
746,0.5421,338,370,338,599765,5845,103031,4925,0.05414242839675423,0.457288765088208
747,0.5422,9,17,9,599782,5828,103040,4916,0.05398495683426581,0.45755770662695455
748,0.5424,341,470,341,600252,5358,103381,4575,0.049631331283115344,0.46058592570220475
749,0.5425,525,538,525,600790,4820,103906,4050,0.04464781948201119,0.45659526493799324
750,0.5426,4,9,4,600799,4811,103910,4046,0.044564452184223204,0.45681381957773515
751,0.5428,385,440,385,601239,4371,104295,3661,0.04048871762569936,0.45580179282868527
752,0.5429,12,26,12,601265,4345,104307,3649,0.04024787876542295,0.4564673505128847
753,0.543,15,40,15,601305,4305,104322,3634,0.03987735744192078,0.4577402695553596
754,0.5431,26,40,26,601345,4265,104348,3608,0.03950683611841861,0.4582751174901562
755,0.5432,23,37,23,601382,4228,104371,3585,0.03916410389417911,0.4588506335594522
756,0.5433,196,320,196,601702,3908,104567,3389,0.036199933306161766,0.4644374400438536
757,0.5434,233,320,233,602022,3588,104800,3156,0.03323576271814443,0.4679715302491103
758,0.5435,24,37,24,602059,3551,104824,3132,0.03289303049390493,0.468651803082448
759,0.5436,84,92,84,602151,3459,104908,3048,0.03204083144984994,0.46841862609497464
760,0.5437,217,303,217,602454,3156,105125,2831,0.02923413242432102,0.4728578586938366
761,0.5438,10,13,10,602467,3143,105135,2821,0.029113712994182816,0.47300469483568075
762,0.5439,81,90,81,602557,3053,105216,2740,0.028280040016302938,0.472984636630416
763,0.544,198,309,198,602866,2744,105414,2542,0.025417762792248694,0.4808929247067726
764,0.5441,19,21,19,602887,2723,105433,2523,0.025223239097410057,0.4809378574151735
765,0.5442,211,300,211,603187,2423,105644,2312,0.0224443291711438,0.4882787750791975
766,0.5445,19,31,19,603218,2392,105663,2293,0.02215717514542962,0.4894343649946638
767,0.5446,3,2,3,603220,2390,105666,2290,0.022138649079254513,0.4893162393162393
768,0.5448,1,1,1,603221,2389,105667,2289,0.022129386046166957,0.48931167165455325
769,0.5449,1,2,1,603223,2387,105668,2288,0.022110859979991848,0.4894117647058824
770,0.545,2,3,2,603226,2384,105670,2286,0.022083070880729187,0.4895074946466809
771,0.5451,10,31,10,603257,2353,105680,2276,0.021795916855015005,0.4916828688701663
772,0.5452,0,1,0,603258,2352,105680,2276,0.021786653821927453,0.49178910976663787
773,0.5453,17,22,17,603280,2330,105697,2259,0.02158286709400126,0.4922641098278492
774,0.5455,17,7,17,603287,2323,105714,2242,0.02151802586238838,0.49112814895947426
775,0.5456,1,1,1,603288,2322,105715,2241,0.021508762829300827,0.4911242603550296
776,0.5457,3,1,3,603289,2321,105718,2238,0.02149949979621327,0.49089712656284273
777,0.5459,2,2,2,603291,2319,105720,2236,0.021480973730038162,0.4908891328210757
778,0.546,2,3,2,603294,2316,105722,2234,0.0214531846307755,0.490989010989011
779,0.5461,22,36,22,603330,2280,105744,2212,0.02111971543962355,0.4924309884238646
780,0.5463,0,1,0,603331,2279,105744,2212,0.021110452406535998,0.492540636829214
781,0.5464,14,5,14,603336,2274,105758,2198,0.021064137241098225,0.4915026833631485
782,0.5465,106,92,106,603428,2182,105864,2092,0.02021193819704324,0.48947122133832477
783,0.5466,25,29,25,603457,2153,105889,2067,0.019943310237504168,0.48981042654028434
784,0.5467,19,42,19,603499,2111,105908,2048,0.01955426284782689,0.4924260639576821
785,0.5469,2,6,2,603505,2105,105910,2046,0.019498684649301566,0.49289327872801736
786,0.547,12,23,12,603528,2082,105922,2034,0.01928563488828782,0.49416909620991256
787,0.5471,1,5,1,603533,2077,105923,2033,0.01923931972285005,0.494647201946472
788,0.5472,146,132,146,603665,1945,106069,1887,0.018016599355292897,0.4924321503131524
789,0.5473,43,44,43,603709,1901,106112,1844,0.017609025899440512,0.4923898531375167
790,0.5474,0,1,0,603710,1900,106112,1844,0.01759976286635296,0.49252136752136755
791,0.5476,7,7,7,603717,1893,106119,1837,0.01753492163474008,0.49249329758713134
792,0.5478,41,68,41,603785,1825,106160,1796,0.016905035384786396,0.495995581331124
793,0.5479,64,57,64,603842,1768,106224,1732,0.016377042498795805,0.4948571428571429
794,0.548,3,6,3,603848,1762,106227,1729,0.01632146430027048,0.4952735605843598
795,0.5481,20,54,20,603902,1708,106247,1709,0.015821260513542556,0.5001463271875914
796,0.5482,33,65,33,603967,1643,106280,1676,0.015219163362851533,0.5049713769207592
797,0.5483,2,1,2,603968,1642,106282,1674,0.015209900329763978,0.5048250904704463
798,0.5484,35,28,35,603996,1614,106317,1639,0.01495053540331246,0.5038426068244697
799,0.5485,75,75,75,604071,1539,106392,1564,0.014255807921745897,0.5040283596519497
800,0.5486,18,37,18,604108,1502,106410,1546,0.013913075697506392,0.5072178477690289
801,0.5487,98,65,98,604173,1437,106508,1448,0.013310978546815368,0.5019064124783362
802,0.5489,114,61,114,604234,1376,106622,1334,0.012745933528474564,0.4922509225092251
803,0.5491,18,40,18,604274,1336,106640,1316,0.012375412204972396,0.4962292609351433
804,0.5492,84,61,84,604335,1275,106724,1232,0.01181036718663159,0.49142401276426007
805,0.5493,31,63,31,604398,1212,106755,1201,0.011226796102115676,0.4977206796518856
806,0.5494,29,49,29,604447,1163,106784,1172,0.010772907480825522,0.5019271948608137
807,0.5496,7,14,7,604461,1149,106791,1165,0.010643225017599763,0.503457216940363
808,0.5497,31,42,31,604503,1107,106822,1134,0.010254177627922486,0.5060240963855421
809,0.5498,0,1,0,604504,1106,106822,1134,0.010244914594834932,0.50625
810,0.5499,9,6,9,604510,1100,106831,1125,0.010189336396309607,0.5056179775280899
811,0.55,69,80,69,604590,1020,106900,1056,0.009448293749305272,0.5086705202312138
812,0.5501,30,23,30,604613,997,106930,1026,0.009235243988291526,0.5071675729115176
813,0.5502,7,10,7,604623,987,106937,1019,0.009142613657415984,0.5079760717846461
814,0.5503,3,6,3,604629,981,106940,1016,0.009087035458890658,0.5087631447170756
815,0.5504,19,27,19,604656,954,106959,997,0.008836933565526697,0.5110199897488468
816,0.5506,29,23,29,604679,931,106988,968,0.00862388380451295,0.5097419694576093
817,0.551,0,1,0,604680,930,106988,968,0.008614620771425396,0.5100105374077977
818,0.5511,2,5,2,604685,925,106990,966,0.008568305605987625,0.5108408249603384
819,0.5512,235,223,235,604908,702,107225,731,0.006502649227463041,0.5101186322400558
820,0.5514,119,123,119,605031,579,107344,612,0.005363296157693875,0.5138539042821159
821,0.5515,1,1,1,605032,578,107345,611,0.005354033124606321,0.5138772077375946
822,0.5516,113,144,113,605176,434,107458,498,0.0040201563599985175,0.5343347639484979
823,0.5517,1,1,1,605177,433,107459,497,0.004010893326910963,0.5344086021505376
824,0.5518,1,2,1,605179,431,107460,496,0.003992367260735855,0.535059331175836
825,0.5519,5,6,5,605185,425,107465,491,0.0039367890622105306,0.5360262008733624
826,0.552,118,125,118,605310,300,107583,373,0.002778909926266257,0.5542347696879644
827,0.5521,2,3,2,605313,297,107585,371,0.002751120827003594,0.5553892215568862
828,0.5523,8,13,8,605326,284,107593,363,0.0026307013968653896,0.5610510046367851
829,0.5524,9,9,9,605335,275,107602,354,0.0025473340990774017,0.5627980922098569
830,0.5528,17,19,17,605354,256,107619,337,0.0023713364704138723,0.5682967959527825
831,0.553,16,15,16,605369,241,107635,321,0.0022323909741005597,0.5711743772241993
832,0.5531,18,10,18,605379,231,107653,303,0.0021397606432250176,0.5674157303370787
833,0.5535,6,2,6,605381,229,107659,297,0.002121234577049909,0.564638783269962
834,0.5537,6,3,6,605384,226,107665,291,0.0020934454777872466,0.562862669245648
835,0.5542,2,4,2,605388,222,107667,289,0.00205639334543703,0.5655577299412916
836,0.5543,6,7,6,605395,215,107673,283,0.001991552113824151,0.5682730923694779
837,0.5544,2,10,2,605405,205,107675,281,0.0018989217829486088,0.5781893004115226
838,0.5547,9,7,9,605412,198,107684,272,0.0018340805513357293,0.5787234042553191
839,0.555,34,22,34,605434,176,107718,238,0.0016302938234095373,0.5748792270531401
840,0.5552,1,1,1,605435,175,107719,237,0.001621030790321983,0.5752427184466019
841,0.5554,22,13,22,605448,162,107741,215,0.0015006113601837786,0.5702917771883289
842,0.5556,34,13,34,605461,149,107775,181,0.0013801919300455742,0.5484848484848485
843,0.5557,7,5,7,605466,144,107782,174,0.0013338767646078032,0.5471698113207547
844,0.5558,6,2,6,605468,142,107788,168,0.0013153506984326948,0.5419354838709678
845,0.5559,2,1,2,605469,141,107790,166,0.0013060876653451406,0.5407166123778502
846,0.5561,18,9,18,605478,132,107808,148,0.001222720367557153,0.5285714285714286
847,0.5562,2,3,2,605481,129,107810,146,0.0011949312682944903,0.5309090909090909
848,0.5563,11,3,11,605484,126,107821,135,0.0011671421690318277,0.5172413793103449
849,0.5564,3,2,3,605486,124,107824,132,0.0011486161028567193,0.515625
850,0.5565,2,2,2,605488,122,107826,130,0.0011300900366816111,0.5158730158730159
851,0.5568,1,1,1,605489,121,107827,129,0.001120827003594057,0.516
852,0.5569,4,0,4,605489,121,107831,125,0.001120827003594057,0.508130081300813
853,0.557,25,27,25,605516,94,107856,100,0.0008707251102300938,0.5154639175257731
854,0.5571,14,8,14,605524,86,107870,86,0.0007966208455296602,0.5
855,0.5574,8,11,8,605535,75,107878,78,0.0006947274815665642,0.5098039215686274
856,0.5576,3,6,3,605541,69,107881,75,0.000639149283041239,0.5208333333333334
857,0.5577,11,4,11,605545,65,107892,64,0.0006020971506910223,0.49612403100775193
858,0.5578,21,27,21,605572,38,107913,43,0.00035199525732705915,0.5308641975308642
859,0.5581,10,9,10,605581,29,107923,33,0.0002686279595390715,0.532258064516129
860,0.5583,9,4,9,605585,25,107932,24,0.00023157582718885472,0.4897959183673469
861,0.5586,1,4,1,605589,21,107933,23,0.00019452369483863796,0.5227272727272727
862,0.5589,2,1,2,605590,20,107935,21,0.00018526066175108378,0.5121951219512195
863,0.5596,0,3,0,605593,17,107935,21,0.00015747156248842122,0.5526315789473685
864,0.5608,5,1,5,605594,16,107940,16,0.00014820852940086702,0.5
865,0.5612,1,3,1,605597,13,107941,15,0.00012041943013820446,0.5357142857142857
866,0.5613,3,2,3,605599,11,107944,12,0.00010189336396309608,0.5217391304347826
867,0.5614,0,1,0,605600,10,107944,12,9.263033087554189e-05,0.5454545454545454
868,0.5619,2,1,2,605601,9,107946,10,8.33672977879877e-05,0.5263157894736842
869,0.5621,1,4,1,605605,5,107947,9,4.6315165437770945e-05,0.6428571428571429
870,0.5627,1,0,1,605605,5,107948,8,4.6315165437770945e-05,0.6153846153846154
871,0.5633,1,0,1,605605,5,107949,7,4.6315165437770945e-05,0.5833333333333334
872,0.5635,0,1,0,605606,4,107949,7,3.7052132350216754e-05,0.6363636363636364
873,0.5637,2,1,2,605607,3,107951,5,2.7789099262662567e-05,0.625
874,0.5638,2,0,2,605607,3,107953,3,2.7789099262662567e-05,0.5
875,0.5641,0,1,0,605608,2,107953,3,1.8526066175108377e-05,0.6
876,0.5647,2,0,2,605608,2,107955,1,1.8526066175108377e-05,0.3333333333333333
877,0.5653,0,1,0,605609,1,107955,1,9.263033087554189e-06,0.5
878,0.5676,0,1,0,605610,0,107955,1,0.0,1.0
879,0.571,1,0,1,605610,0,107956,0,0.0,
