,y_proba,y_test,Neg,Pos,TN,FP,FN,TP,FP/P,Prec
0,0.4368,5,684,5,684,604926,5,107951,5.603449553521805,0.15143005034529097
1,0.4369,11,1272,11,1956,603654,16,107940,5.591666975434436,0.15168761962579785
2,0.4372,5,722,5,2678,602932,21,107935,5.584979065545222,0.15183571610441898
3,0.4374,4,598,4,3276,602334,25,107931,5.579439771758865,0.15195877594982155
4,0.4383,0,97,0,3373,602237,25,107931,5.578541257549372,0.15197953160378952
5,0.4398,1,113,1,3486,602124,26,107930,5.577494534810478,0.15200252375171466
6,0.4402,0,96,0,3582,602028,26,107930,5.576605283634073,0.15202307742148127
7,0.441,5,81,5,3663,601947,31,107925,5.575854977953981,0.15203445128135776
8,0.4437,5,346,5,4009,601601,36,107920,5.572649968505687,0.15210261570834407
9,0.4439,5,292,5,4301,601309,41,107915,5.569945162844122,0.15215926138991348
10,0.4442,6,292,6,4593,601017,47,107909,5.5672403571825555,0.15221475866310447
11,0.4444,3,281,3,4874,600736,50,107906,5.564637444884953,0.15227152779541714
12,0.4448,5,90,5,4964,600646,55,107901,5.563803771907073,0.15228488724107223
13,0.4449,8,104,8,5068,600542,63,107893,5.562840416465968,0.15229767021674537
14,0.445,15,420,15,5488,600122,78,107878,5.558949942569195,0.15237005649717514
15,0.4452,23,1073,23,6561,599049,101,107855,5.549010708066249,0.15257375824723018
16,0.4454,14,743,14,7304,598306,115,107841,5.542128274482196,0.15271749366633294
17,0.4456,4,102,4,7406,598204,119,107837,5.541183445107266,0.1527347561968781
18,0.4457,20,1005,20,8411,597199,139,107817,5.531874096854274,0.15292844417715343
19,0.4461,42,1972,42,10383,595227,181,107775,5.513607395605617,0.15330681847277816
20,0.4462,23,1124,23,11507,594103,204,107752,5.503195746415206,0.1535245884121364
21,0.4463,1,12,1,11519,594091,205,107751,5.5030845900181555,0.15352600727799134
22,0.4464,0,14,0,11533,594077,205,107751,5.50295490755493,0.15352906980057793
23,0.4465,17,950,17,12483,593127,222,107734,5.494155026121753,0.15371664281505176
24,0.4466,3,113,3,12596,593014,225,107731,5.49310830338286,0.15373780761903402
25,0.4467,1,51,1,12647,592963,226,107730,5.4926358886953945,0.15374778968820868
26,0.4471,1,62,1,12709,592901,227,107729,5.492061580643966,0.1537601872600374
27,0.4472,2,115,2,12824,592786,229,107727,5.490996331838898,0.15378301330596292
28,0.4478,0,14,0,12838,592772,229,107727,5.490866649375672,0.15378608677528446
29,0.4479,0,62,0,12900,592710,229,107727,5.490292341324243,0.15379969933056079
30,0.4481,1,24,1,12924,592686,230,107726,5.490070028530142,0.15380376121482783
31,0.4482,0,27,0,12951,592659,230,107726,5.489819926636778,0.1538096903845742
32,0.4483,1,57,1,13008,592602,231,107725,5.4892919337507875,0.15382100076107305
33,0.4484,0,9,0,13017,592593,231,107725,5.489208566453,0.153822977561622
34,0.4486,1,59,1,13076,592534,232,107724,5.488662047500834,0.15383472948541824
35,0.4489,4,132,4,13208,592402,236,107720,5.487439327133276,0.1538588988776242
36,0.449,0,21,0,13229,592381,236,107720,5.487244803438438,0.15386351397869735
37,0.4493,2,139,2,13368,592242,238,107718,5.485957241839268,0.15389165095148294
38,0.4494,3,76,3,13444,592166,241,107715,5.485253251324614,0.15390473523356113
39,0.4503,0,136,0,13580,592030,241,107715,5.483993478824706,0.15393464762163359
40,0.4506,25,1233,25,14813,590797,266,107690,5.472572159027752,0.15417609776559907
41,0.4508,18,1253,18,16066,589544,284,107672,5.460965578569047,0.1544313383513861
42,0.451,20,1247,20,17313,588297,304,107652,5.449414576308866,0.1546837483781139
43,0.4511,50,2525,50,19838,585772,354,107602,5.4260254177627925,0.1551860900466415
44,0.4517,2,62,2,19900,585710,356,107600,5.425451109711364,0.15519753068612885
45,0.4521,3,44,3,19944,585666,359,107597,5.425043536255512,0.15520372499325652
46,0.4523,3,40,3,19984,585626,362,107594,5.42467301493201,0.15520902455209024
47,0.4524,3,45,3,20029,585581,365,107591,5.42425617844307,0.15521544436301524
48,0.4528,9,501,9,20530,585080,374,107582,5.419615398866204,0.1553167345689528
49,0.453,18,992,18,21522,584088,392,107564,5.410426470043351,0.15551751458826116
50,0.4531,14,602,14,22124,583486,406,107550,5.404850124124644,0.1556358858293924
51,0.4532,1,175,1,22299,583311,407,107549,5.403229093334321,0.15567408736936572
52,0.4533,4,74,4,22373,583237,411,107545,5.402543628885843,0.15568587484908408
53,0.4534,16,941,16,23314,582296,427,107529,5.3938271147504535,0.1558786648787736
54,0.4535,10,611,10,23925,581685,437,107519,5.388167401533958,0.15600460821469406
55,0.4536,2,48,2,23973,581637,439,107517,5.387722775945756,0.15601302466502406
56,0.4537,17,972,17,24945,580665,456,107500,5.378719107784653,0.15621253623767556
57,0.4538,6,259,6,25204,580406,462,107494,5.3763199822149765,0.15626399185928186
58,0.454,31,858,31,26062,579548,493,107463,5.368372299825855,0.1564210762273093
59,0.4541,23,552,23,26614,578996,516,107440,5.363259105561525,0.15651859750945463
60,0.4542,31,729,31,27343,578267,547,107409,5.356506354440698,0.1566468711169707
61,0.4543,1,3,1,27346,578264,548,107408,5.356478565341435,0.15664632652346894
62,0.4544,20,494,20,27840,577770,568,107388,5.351902626996184,0.15673465098561207
63,0.4545,28,889,28,28729,576881,596,107360,5.343667790581348,0.15690378097775493
64,0.4547,5,265,5,28994,576616,601,107355,5.341213086813146,0.1569584090553547
65,0.4548,0,51,0,29045,576565,601,107355,5.340740672125681,0.156970113463563
66,0.4549,4,89,4,29134,576476,605,107351,5.339916262180888,0.15698561185796991
67,0.4552,2,43,2,29177,576433,607,107349,5.339517951758124,0.1569930182426563
68,0.4555,5,174,5,29351,576259,612,107344,5.3379061840008895,0.15702681234576207
69,0.4557,0,34,0,29385,576225,612,107344,5.337591240875913,0.15703462269353935
70,0.4559,0,85,0,29470,576140,612,107344,5.33680388306347,0.15705415196259168
71,0.456,2,74,2,29544,576066,614,107342,5.3361184186149915,0.1570686910308337
72,0.4562,2,49,2,29593,576017,616,107340,5.335664529993701,0.15707748658461096
73,0.4563,4,101,4,29694,575916,620,107336,5.334728963651858,0.1570957713991324
74,0.4564,3,9,3,29703,575907,623,107333,5.33464559635407,0.15709413968737193
75,0.4565,2,82,2,29785,575825,625,107331,5.333886027640891,0.15711052819560978
76,0.4566,0,10,0,29795,575815,625,107331,5.333793397310015,0.1571128280045554
77,0.457,1,38,1,29833,575777,626,107330,5.333441402052689,0.15712033400331135
78,0.4571,1,77,1,29910,575700,627,107329,5.3327281485049465,0.15713681263899484
79,0.4573,2,116,2,30026,575584,629,107327,5.331653636666791,0.15716103562543288
80,0.4574,8,123,8,30149,575461,637,107319,5.330514283597021,0.15717947215794253
81,0.4575,0,21,0,30170,575440,637,107319,5.330319759902182,0.15718430661477914
82,0.4576,20,697,20,30867,574743,657,107299,5.323863425840157,0.15732022368123957
83,0.4577,19,797,19,31664,573946,676,107280,5.316480788469376,0.15748077730444815
84,0.4579,3,63,3,31727,573883,679,107277,5.315897217384861,0.15749163192201537
85,0.4582,18,690,18,32417,573193,697,107259,5.309505724554448,0.15762904657492371
86,0.4583,18,790,18,33207,572403,715,107241,5.302187928415281,0.1577899606264456
87,0.4586,13,240,13,33447,572163,728,107228,5.299964800474267,0.15782958561417504
88,0.4587,4,90,4,33537,572073,732,107224,5.299131127496388,0.157845537371724
89,0.4589,12,234,12,33771,571839,744,107212,5.2969635777539,0.15788504839842663
90,0.459,75,2351,75,36122,569488,819,107137,5.27518618696506,0.1583402918898947
91,0.4591,186,5273,186,41395,564215,1005,106951,5.226342213494386,0.15935103983217266
92,0.4592,92,3024,92,44419,561191,1097,106859,5.198330801437622,0.15995659007559315
93,0.4593,96,2528,96,46947,558663,1193,106763,5.174913853792286,0.16044308458040413
94,0.4597,78,1687,78,48634,556976,1271,106685,5.159287116973582,0.160752251526005
95,0.4599,63,1765,63,50399,555211,1334,106622,5.142937863574049,0.16110106325916054
96,0.4601,64,2072,64,52471,553139,1398,106558,5.123744859016637,0.16152567011825125
97,0.4602,136,3697,136,56168,549442,1534,106422,5.089499425691948,0.16226229828135103
98,0.4605,4,273,4,56441,549169,1538,106418,5.086970617659047,0.16232475628711368
99,0.4607,3,245,3,56686,548924,1541,106415,5.084701174552595,0.1623816070766428
100,0.4608,3,115,3,56801,548809,1544,106412,5.083635925747527,0.162406272082244
101,0.4611,4,89,4,56890,548720,1548,106408,5.082811515802734,0.162423221110989
102,0.4612,9,186,9,57076,548534,1557,106399,5.08108859164845,0.16245783919881882
103,0.4613,13,306,13,57382,548228,1570,106386,5.0782541035236575,0.16251714750983023
104,0.4615,30,625,30,58007,547603,1600,106356,5.072464707843936,0.16263404892355637
105,0.4617,34,740,34,58747,546863,1634,106322,5.065610063359146,0.16277471160544102
106,0.4618,17,522,17,59269,546341,1651,106305,5.060774760087443,0.16288309435743115
107,0.4619,6,86,6,59355,546255,1657,106299,5.059978139241913,0.16289686370783107
108,0.462,20,601,20,59956,545654,1677,106279,5.054411056356293,0.16302135342128715
109,0.4621,19,225,19,60181,545429,1696,106260,5.052326873911594,0.1630532355157138
110,0.4623,109,3820,109,64001,541609,1805,106151,5.016942087517137,0.16387396566629617
111,0.4624,79,2712,79,66713,538897,1884,106072,4.991820741783689,0.16446061748704202
112,0.4625,52,1380,52,68093,537517,1936,106020,4.979037756122865,0.16474577219336262
113,0.4626,42,1066,42,69159,536451,1978,105978,4.969163362851532,0.1649645330456751
114,0.4628,73,3132,73,72291,533319,2051,105905,4.940151543221313,0.16567744640376456
115,0.4629,2,22,2,72313,533297,2053,105903,4.939947756493386,0.16568053817271589
116,0.463,20,605,20,72918,532692,2073,105883,4.934343621475416,0.16581137689386524
117,0.4631,5,42,5,72960,532650,2078,105878,4.933954574085739,0.165815751227824
118,0.4632,5,94,5,73054,532556,2083,105873,4.9330838489755084,0.16583363224414932
119,0.4633,0,25,0,73079,532531,2083,105873,4.9328522731483195,0.16584012631499803
120,0.4634,13,142,13,73221,532389,2096,105860,4.931536922449887,0.1658600326831691
121,0.4635,1,32,1,73253,532357,2097,105859,4.931240505391085,0.16586704187923837
122,0.4636,0,4,0,73257,532353,2097,105859,4.931203453258735,0.16586808145255807
123,0.4637,7,137,7,73394,532216,2104,105852,4.9299344177257405,0.1658945441551684
124,0.4639,1,199,1,73593,532017,2105,105851,4.928091074141316,0.16594499175377977
125,0.4641,5,143,5,73736,531874,2110,105846,4.926766460409796,0.16597566330050806
126,0.4643,0,4,0,73740,531870,2110,105846,4.926729408277446,0.16597670436369794
127,0.4644,0,27,0,73767,531843,2110,105846,4.926479306384082,0.1659837318818421
128,0.4645,0,9,0,73776,531834,2110,105846,4.926395939086294,0.1659860745201355
129,0.4646,2,70,2,73846,531764,2112,105844,4.925747526770166,0.1660016812837982
130,0.4647,1,18,1,73864,531746,2113,105843,4.92558079217459,0.16600505968578505
131,0.4649,2,37,2,73901,531709,2115,105841,4.92523805995035,0.1660120774841189
132,0.4652,12,318,12,74219,531391,2127,105829,4.922292415428508,0.1660792191080004
133,0.4653,11,104,11,74323,531287,2138,105818,4.921329059987403,0.16609193147126455
134,0.4654,6,81,6,74404,531206,2144,105812,4.920578754307311,0.1661051963994738
135,0.4656,8,180,8,74584,531026,2152,105804,4.91891140835155,0.16614167046150463
136,0.4657,24,295,24,74879,530731,2176,105780,4.916178813590722,0.16618723007143632
137,0.4658,13,161,13,75040,530570,2189,105767,4.914687465263626,0.1662122428838807
138,0.4659,5,94,5,75134,530476,2194,105762,4.913816740153396,0.16623024717165588
139,0.466,0,30,0,75164,530446,2194,105762,4.913538849160769,0.16623808565752082
140,0.4662,8,124,8,75288,530322,2202,105754,4.912390233057913,0.16626000666587012
141,0.4663,0,15,0,75303,530307,2202,105754,4.912251287561599,0.166263927516386
142,0.4665,10,123,10,75426,530184,2212,105744,4.91111193449183,0.1662829754311809
143,0.4666,13,372,13,75798,529812,2225,105731,4.9076660861832595,0.1663632515817183
144,0.4667,81,1829,81,77627,527983,2306,105650,4.8907239986661235,0.1667368965947165
145,0.4668,7,125,7,77752,527858,2313,105643,4.889566119530179,0.1667605891703407
146,0.4669,41,924,41,78676,526934,2354,105602,4.881007076957279,0.16695018149164634
147,0.467,37,398,37,79074,526536,2391,105565,4.877320389788433,0.16700653851204159
148,0.4672,103,1999,103,81073,524537,2494,105462,4.858803586646411,0.16740026571470748
149,0.4673,73,877,73,81950,523660,2567,105389,4.850679906628627,0.16753702811704652
150,0.4674,68,1806,68,83756,521854,2635,105321,4.8339508688725035,0.16792920636186073
151,0.4675,84,1940,84,85696,519914,2719,105237,4.815980584682649,0.16833852941129424
152,0.4676,33,959,33,86655,518955,2752,105204,4.807097335951684,0.1685532051929076
153,0.4678,43,503,43,87158,518452,2795,105161,4.802438030308644,0.16863182775214758
154,0.4679,30,535,30,87693,517917,2825,105131,4.797482307606803,0.16873659814332123
155,0.468,1,14,1,87707,517903,2826,105130,4.797352625143577,0.16873905555564472
156,0.4681,182,3940,182,91647,513963,3008,104948,4.760856274778614,0.16956880714674646
157,0.4682,31,512,31,92159,513451,3039,104917,4.756113601837786,0.169667576588698
158,0.4683,459,9127,459,101286,504324,3498,104458,4.671569898847679,0.17158523083796828
159,0.4684,177,3581,177,104867,500743,3675,104281,4.638398977361147,0.17235845189612312
160,0.4686,6,61,6,104928,500682,3681,104275,4.637833932342806,0.17236762282277915
161,0.4687,5,49,5,104977,500633,3686,104270,4.6373800437215165,0.17237474438050399
162,0.4691,24,368,24,105345,500265,3710,104246,4.633971247545296,0.17244682065338762
163,0.4692,26,470,26,105815,499795,3736,104220,4.629617621994146,0.17254538380669354
164,0.4693,18,445,18,106260,499350,3754,104202,4.625495572270184,0.17264792428821377
165,0.4694,56,1027,56,107287,498323,3810,104146,4.615982437289266,0.17286532585079067
166,0.4695,4,51,4,107338,498272,3814,104142,4.615510022601801,0.17287446838884887
167,0.4696,8,294,8,107632,497978,3822,104134,4.61278669087406,0.17294789009353742
168,0.4697,44,873,44,108505,497105,3866,104090,4.604700062988625,0.17313849915584795
169,0.4698,38,424,38,108929,496681,3904,104052,4.600772536959502,0.17320839707490682
170,0.4699,20,457,20,109386,496224,3924,104032,4.59653933083849,0.17331271990617336
171,0.47,19,523,19,109909,495701,3943,104013,4.591694764533699,0.17343767195696616
172,0.4701,4,73,4,109982,495628,3947,104009,4.591018563118308,0.1734532725632341
173,0.4702,16,331,16,110313,495297,3963,103993,4.587952499166327,0.17352700695823392
174,0.4703,55,813,55,111126,494484,4018,103938,4.5804216532661455,0.17368679627420114
175,0.4704,48,917,48,112043,493567,4066,103890,4.571927451924858,0.17388699103031682
176,0.4705,101,1400,101,113443,492167,4167,103789,4.5589592056022825,0.17415547456523636
177,0.4706,47,840,47,114283,491327,4214,103742,4.551178257808737,0.17433608539513906
178,0.4707,56,871,56,115154,490456,4270,103686,4.543110155989477,0.17451383675956253
179,0.4708,244,3471,244,118625,486985,4514,103442,4.510958168142577,0.1751986274340435
180,0.4709,41,461,41,119086,486524,4555,103401,4.506687909889214,0.17527821333220325
181,0.471,72,1060,72,120146,485464,4627,103329,4.4968690948164065,0.17549291516713003
182,0.4711,51,683,51,120829,484781,4678,103278,4.490542443217607,0.17562523488289442
183,0.4713,102,2210,102,123039,482571,4780,103176,4.470071140094112,0.17614430803742914
184,0.4715,2,14,2,123053,482557,4782,103174,4.4699414576308865,0.17614570511036637
185,0.4716,100,2110,100,125163,480447,4882,103074,4.450396457816147,0.17664145763391548
186,0.4717,106,2139,106,127302,478308,4988,102968,4.430582830041869,0.17714132357090265
187,0.4718,26,207,26,127509,478101,5014,102942,4.4286653821927455,0.17716761065876363
188,0.4719,229,4615,229,132124,473486,5243,102713,4.385916484493682,0.17825959434153826
189,0.472,3,53,3,132177,473433,5246,102710,4.385425543740042,0.17827171379327703
190,0.4721,10,190,10,132367,473243,5256,102700,4.383665567453407,0.17831625699070916
191,0.4722,22,395,22,132762,472848,5278,102678,4.380006669383823,0.17840723095046965
192,0.4723,1,11,1,132773,472837,5279,102677,4.37990477601986,0.17840921332930215
193,0.4724,2,79,2,132852,472758,5281,102675,4.379172996405943,0.17843085120248578
194,0.4725,0,29,0,132881,472729,5281,102675,4.378904368446404,0.17843984400525545
195,0.4726,8,152,8,133033,472577,5289,102667,4.377496387417096,0.17847556862826905
196,0.4727,9,84,9,133117,472493,5298,102658,4.376718292637741,0.17848877946834832
197,0.4728,28,350,28,133467,472143,5326,102630,4.373476231057097,0.17855744789682187
198,0.4729,0,10,0,133477,472133,5326,102630,4.373383600726222,0.1785605545242126
199,0.4733,4,80,4,133557,472053,5330,102626,4.372642558079217,0.17857969405529
200,0.4734,15,180,15,133737,471873,5345,102611,4.370975212123458,0.1786141998732776
201,0.4735,10,66,10,133803,471807,5355,102601,4.370363851939679,0.1786204231138842
202,0.4736,3,83,3,133886,471724,5358,102598,4.369595020193412,0.1786419465038776
203,0.4737,16,190,16,134076,471534,5374,102582,4.367835043906777,0.17867817653575235
204,0.4738,20,165,20,134241,471369,5394,102562,4.366306643447331,0.17870092397866644
205,0.4739,3,57,3,134298,471312,5397,102559,4.36577865056134,0.17871438006102416
206,0.474,27,663,27,134961,470649,5424,102532,4.359637259624291,0.17888241236188918
207,0.4741,32,593,32,135554,470056,5456,102500,4.3541442810033715,0.17902179000831359
208,0.4742,5,93,5,135647,469963,5461,102495,4.353282818926229,0.17904370276946083
209,0.4743,4,73,4,135720,469890,5465,102491,4.352606617510838,0.1790608004109151
210,0.4744,29,414,29,136134,469476,5494,102462,4.34877172181259,0.179148788854736
211,0.4745,28,599,28,136733,468877,5522,102434,4.343223164993145,0.1792963902322903
212,0.4746,2,73,2,136806,468804,5524,102432,4.342546963577754,0.1793164296367876
213,0.4747,31,621,31,137427,468183,5555,102401,4.336794620030383,0.1794670022292949
214,0.4748,38,576,38,138003,467607,5593,102363,4.3314591129719515,0.17959366282435918
215,0.4749,20,205,20,138208,467402,5613,102343,4.329560191189003,0.17962948336536522
216,0.475,22,412,22,138620,466990,5635,102321,4.32574382155693,0.1797277762066779
217,0.4751,10,81,10,138701,466909,5645,102311,4.324993515876839,0.17973894100699203
218,0.4752,9,66,9,138767,466843,5654,102302,4.32438215569306,0.17974681320225952
219,0.4753,140,1877,140,140644,464966,5794,102162,4.306995442587721,0.18013922782863834
220,0.4754,135,2154,135,142798,462812,5929,102027,4.287042869317129,0.1806302326857742
221,0.4755,166,2396,166,145194,460416,6095,101861,4.264848642039349,0.18115804132127047
222,0.4756,19,280,19,145474,460136,6114,101842,4.262254992774834,0.18122061717718488
223,0.4757,168,2358,168,147832,457778,6282,101674,4.240412760754381,0.18173855844647976
224,0.4758,163,2557,163,150389,455221,6445,101511,4.216727185149505,0.18233369017767975
225,0.4759,19,284,19,150673,454937,6464,101492,4.21409648375264,0.1823988325554563
226,0.476,112,1394,112,152067,453543,6576,101380,4.201183815628589,0.18269201312614544
227,0.4761,92,1139,92,153206,452404,6668,101288,4.190633220941865,0.18293202719201287
228,0.4762,218,3369,218,156575,449035,6886,101070,4.159426062469895,0.1837285609110988
229,0.4763,0,3,0,156578,449032,6886,101070,4.159398273370632,0.1837295628810657
230,0.4764,350,4471,350,161049,444561,7236,100720,4.1179832524361775,0.18471210256730017
231,0.4765,681,10071,681,171120,434490,7917,100039,4.02469524621142,0.18715355013479157
232,0.4766,304,4326,304,175446,430164,8221,99735,3.98462336507466,0.18821511269128646
233,0.4767,0,3,0,175449,430161,8221,99735,3.9845955759753973,0.18821617826894335
234,0.4768,210,3266,210,178715,426895,8431,99525,3.9543425099114455,0.18906006610691084
235,0.4771,23,360,23,179075,426535,8454,99502,3.9510078179999257,0.18915399487108323
236,0.4772,23,406,23,179481,426129,8477,99479,3.947247026566379,0.18926462306509795
237,0.4773,10,235,10,179716,425894,8487,99469,3.9450702137908036,0.18933385107059308
238,0.4774,1,8,1,179724,425886,8488,99468,3.944996109526103,0.1893351911282678
239,0.4775,18,414,18,180138,425472,8506,99450,3.941161213827856,0.1894567192840079
240,0.4776,14,268,14,180406,425204,8520,99436,3.9386787209603913,0.1895318694724001
241,0.4777,18,349,18,180755,424855,8538,99418,3.9354459224128346,0.1896302117408297
242,0.4778,18,414,18,181169,424441,8556,99400,3.9316110267145876,0.1897522339793945
243,0.4779,35,377,35,181546,424064,8591,99365,3.9281188632405795,0.189834724480302
244,0.478,5,111,5,181657,423953,8596,99360,3.927090666567861,0.18986724961925272
245,0.4781,16,270,16,181927,423683,8612,99344,3.9245896476342215,0.18994048108415054
246,0.4782,7,37,7,181964,423646,8619,99337,3.9242469154099817,0.18994307654359702
247,0.4783,0,3,0,181967,423643,8619,99337,3.924219126310719,0.18994416612489962
248,0.4784,39,344,39,182311,423299,8658,99298,3.9210326429286004,0.1900087447880489
249,0.4785,152,2154,152,184465,421145,8810,99146,3.901080069658009,0.19055874501000403
250,0.4786,55,768,55,185233,420377,8865,99091,3.8939660602467674,0.19075477219000977
251,0.4787,9,40,9,185273,420337,8874,99082,3.893595538923265,0.19075544021300722
252,0.4788,81,1019,81,186292,419318,8955,99001,3.8841565082070475,0.1910039956088818
253,0.4789,84,1041,84,187333,418277,9039,98917,3.874513690762903,0.19125705247934044
254,0.479,104,1667,104,189000,416610,9143,98813,3.8590722146059506,0.19171243813333902
255,0.4791,23,251,23,189251,416359,9166,98790,3.8567471933009743,0.19176975981706262
256,0.4792,16,166,16,189417,416193,9182,98774,3.8552095298084406,0.19180646526864828
257,0.4793,49,913,49,190330,415280,9231,98725,3.8467523805995034,0.19207011604945476
258,0.4794,80,1288,80,191618,413992,9311,98645,3.834821593982734,0.19242660986233923
259,0.4795,1,7,1,191625,413985,9312,98644,3.834756752751121,0.19242766211041512
260,0.4796,5,62,5,191687,413923,9317,98639,3.8341824446996924,0.19244306054682164
261,0.4797,335,4007,335,195694,409916,9652,98304,3.797065471117863,0.1934280429735154
262,0.4798,0,10,0,195704,409906,9652,98304,3.7969728407869874,0.1934318490387832
263,0.4799,3,12,3,195716,409894,9655,98301,3.7968616843899365,0.19343165517173527
264,0.48,131,1729,131,197445,408165,9786,98170,3.7808459001815553,0.1938834961043578
265,0.4801,99,942,99,198387,407223,9885,98071,3.7721201230130794,0.19408700677229493
266,0.4802,162,1722,162,200109,405501,10047,97909,3.756169180036311,0.19449156750958463
267,0.4803,8,102,8,200211,405399,10055,97901,3.7552243506613805,0.1945181800119213
268,0.4804,11,96,11,200307,405303,10066,97890,3.7543350994849756,0.1945376823604462
269,0.4805,11,106,11,200413,405197,10077,97879,3.7533532179776947,0.19456106035668566
270,0.4806,5,90,5,200503,405107,10082,97874,3.7525195449998145,0.19458786713613438
271,0.4807,0,19,0,200522,405088,10082,97874,3.7523435473711513,0.19459521792898868
272,0.4808,4,59,4,200581,405029,10086,97870,3.7517970284189857,0.1946116417014152
273,0.4809,12,122,12,200703,404907,10098,97858,3.7506669383823037,0.19463964277545176
274,0.481,5,59,5,200762,404848,10103,97853,3.750120419430138,0.19465447651785056
275,0.4811,1,16,1,200778,404832,10104,97852,3.7499722109007374,0.19465907011164071
276,0.4812,39,332,39,201110,404500,10143,97813,3.7468968839156696,0.19472520121916018
277,0.4813,5,86,5,201196,404414,10148,97808,3.7461002630701397,0.1947505286506764
278,0.4814,23,245,23,201441,404169,10171,97785,3.743830819963689,0.194808687648669
279,0.4815,4,57,4,201498,404112,10175,97781,3.7433028270776982,0.19482439484113148
280,0.4816,3,8,3,201506,404104,10178,97778,3.7432287228129977,0.19482268740460906
281,0.4817,8,94,8,201600,404010,10186,97770,3.7423579977027677,0.1948463470046634
282,0.4818,31,252,31,201852,403758,10217,97739,3.740023713364704,0.1948944859091879
283,0.4819,35,322,35,202174,403436,10252,97704,3.7370410167105117,0.19496348325817137
284,0.482,5,47,5,202221,403389,10257,97699,3.7366056541553965,0.19497373714796604
285,0.4821,5,44,5,202265,403345,10262,97694,3.7361980806995443,0.19498282568821987
286,0.4822,24,254,24,202519,403091,10286,97670,3.7338452702953053,0.19504314433432315
287,0.4823,7,111,7,202630,402980,10293,97663,3.732817073622587,0.1950751333784753
288,0.4825,1,19,1,202649,402961,10294,97662,3.7326410759939233,0.19508092916226383
289,0.4826,38,397,38,203046,402564,10332,97624,3.7289636518581646,0.19517461434500627
290,0.4827,3,21,3,203067,402543,10335,97621,3.728769128163326,0.19517798162202799
291,0.4828,13,108,13,203175,402435,10348,97608,3.7277687205898697,0.19519921286769337
292,0.4829,43,344,43,203519,402091,10391,97565,3.7245822372077515,0.19526434186720465
293,0.483,23,189,23,203708,401902,10414,97542,3.7228315239542034,0.195301174906496
294,0.4831,97,1209,97,204917,400693,10511,97445,3.7116325169513504,0.1956184832315543
295,0.4832,191,2640,191,207557,398053,10702,97254,3.6871781096002074,0.19635095001685823
296,0.4833,8,73,8,207630,397980,10710,97246,3.686501908184816,0.19636691126879444
297,0.4834,224,2368,224,209998,395612,10934,97022,3.6645670458334876,0.19694539962730953
298,0.4835,4,15,4,210013,395597,10938,97018,3.6644281003371746,0.19694487581579936
299,0.4836,68,536,68,210549,395061,11006,96950,3.659463114602245,0.19704843997390303
300,0.4837,1,4,1,210553,395057,11007,96949,3.6594260624698953,0.1970484099787401
301,0.4838,183,1807,183,212360,393250,11190,96766,3.6426877616806848,0.19747518448377196
302,0.4839,298,3288,298,215648,389962,11488,96468,3.6122309088888067,0.19831836029850133
303,0.484,103,1016,103,216664,388946,11591,96365,3.6028196672718513,0.19856339543097107
304,0.4841,81,1029,81,217693,387917,11672,96284,3.5932880062247583,0.19885130348760122
305,0.4842,51,440,51,218133,387477,11723,96233,3.5892122716662342,0.19894771660705796
306,0.4843,65,695,65,218828,386782,11788,96168,3.5827744636703844,0.1991262035407392
307,0.4844,411,3769,411,222597,383013,12199,95757,3.5478620919633923,0.20000626605677047
308,0.4845,70,899,70,223496,382114,12269,95687,3.5395346252176814,0.2002653824500158
309,0.4846,466,4572,466,228068,377542,12735,95221,3.4971840379413837,0.20141381622504298
310,0.4847,1984,19855,1984,247923,357687,14719,93237,3.313266515987995,0.2067687681294409
311,0.4848,973,9000,973,256923,348687,15692,92264,3.2298992182000075,0.20923866824204956
312,0.4849,1006,10049,1006,266972,338638,16698,91258,3.1368149987031755,0.21227924893462605
313,0.485,349,3675,349,270647,334963,17047,90909,3.102773352106414,0.21346554833377165
314,0.4851,7,67,7,270714,334896,17054,90902,3.1021527288895476,0.2134862070747162
315,0.4852,52,322,52,271036,334574,17106,90850,3.0991700322353553,0.21355165670013915
316,0.4853,32,216,32,271252,334358,17138,90818,3.0971692170884433,0.21360095583946412
317,0.4854,400,3392,400,274644,330966,17538,90418,3.0657490088554598,0.2145738803561597
318,0.4855,2,6,2,274650,330960,17540,90416,3.065693430656934,0.21457320777642772
319,0.4856,377,3747,377,278397,327213,17917,90039,3.0309848456778687,0.2157904575652124
320,0.4857,379,3427,379,281824,323786,18296,89660,2.9992404312868204,0.21686024293378095
321,0.4858,353,3321,353,285145,320465,18649,89307,2.9684778984030533,0.21794314887303184
322,0.4859,441,3940,441,289085,316525,19090,88866,2.9319815480380895,0.21921058928293918
323,0.486,37,408,37,289493,316117,19127,88829,2.9282022305383677,0.21936011221249252
324,0.4861,20,167,20,289660,315950,19147,88809,2.926655304012746,0.21941204519232432
325,0.4862,31,320,31,289980,315630,19178,88778,2.9236911334247284,0.2195258254040474
326,0.4863,2,19,2,289999,315611,19180,88776,2.923515135796065,0.21953227972214734
327,0.4864,103,1084,103,291083,314527,19283,88673,2.9134740079291563,0.21992311507936507
328,0.4865,114,1588,114,292671,312939,19397,88559,2.8987643113861203,0.22057145988273913
329,0.4866,141,1635,141,294306,311304,19538,88418,2.883619252287969,0.22119873311951807
330,0.4867,19,156,19,294462,311148,19557,88399,2.882174219126311,0.22124806343183656
331,0.4868,47,406,47,294868,310742,19604,88352,2.8784134276927635,0.22138142893654125
332,0.4869,152,1470,152,296338,309272,19756,88200,2.8647967690540592,0.22190242331535304
333,0.487,167,1815,167,298153,307457,19923,88033,2.847984364000148,0.22259222736352374
334,0.4871,86,570,86,298723,306887,20009,87947,2.8427044351402424,0.22274424188393097
335,0.4872,7,35,7,298758,306852,20016,87940,2.842380228982178,0.22275020770431012
336,0.4873,111,695,111,299453,306157,20127,87829,2.8359424209863278,0.22292416481803923
337,0.4874,58,685,58,300138,305472,20185,87771,2.829597243321353,0.22319787001930105
338,0.4875,38,322,38,300460,305150,20223,87733,2.8266145466671606,0.22330566606343363
339,0.4876,85,464,85,300924,304686,20308,87648,2.8223164993145358,0.22340148954717154
340,0.4877,150,1375,150,302299,303311,20458,87498,2.8095798288191487,0.22388941912801394
341,0.4878,67,599,67,302898,302712,20525,87431,2.8040312719997034,0.22409988132556524
342,0.4879,58,396,58,303294,302316,20583,87373,2.800363110897032,0.22421212813294705
343,0.488,98,1075,98,304369,301241,20681,87275,2.7904053503279114,0.22463682319389677
344,0.4882,185,1723,185,306092,299518,20866,87090,2.7744451443180553,0.22526693705251832
345,0.4883,140,1535,140,307627,297983,21006,86950,2.7602263885286598,0.2258834654342444
346,0.4884,8,49,8,307676,297934,21014,86942,2.7597724999073696,0.22589613278042797
347,0.4885,26,175,26,307851,297759,21040,86916,2.7581514691170477,0.22594657828036654
348,0.4886,99,1078,99,308929,296681,21139,86817,2.748165919448664,0.22638188465128892
349,0.4887,16,125,16,309054,296556,21155,86801,2.74700804031272,0.2264234121197735
350,0.4888,0,5,0,309059,296551,21155,86801,2.7469617251472824,0.22642636532481897
351,0.4889,7,69,7,309128,296482,21162,86794,2.746322575864241,0.2264529999269456
352,0.489,2,57,2,309185,296425,21164,86792,2.74579458297825,0.22648264560288295
353,0.4891,20,89,20,309274,296336,21184,86772,2.744970173033458,0.22649487872871357
354,0.4892,34,217,34,309491,296119,21218,86738,2.742960094853459,0.2265545621472247
355,0.4893,30,265,30,309756,295854,21248,86708,2.740505391085257,0.22665084352340276
356,0.4894,3,38,3,309794,295816,21251,86705,2.74015339582793,0.22666729408320066
357,0.4895,7,85,7,309879,295731,21258,86698,2.7393660380154876,0.2267035188231018
358,0.4896,2,59,2,309938,295672,21260,86696,2.738819519063322,0.22673445476608922
359,0.4897,15,67,15,310005,295605,21275,86681,2.738198895846456,0.2267438514619944
360,0.4898,49,346,49,310351,295259,21324,86632,2.734993886398162,0.2268500697843102
361,0.4899,5,62,5,310413,295197,21329,86627,2.734419578346734,0.22687678092524305
362,0.49,26,160,26,310573,295037,21355,86601,2.732937493052725,0.226919227120989
363,0.4901,13,103,13,310676,294934,21368,86588,2.7319834006447072,0.2269541468119794
364,0.4902,8,55,8,310731,294879,21376,86580,2.7314739338248915,0.22697065739699418
365,0.4903,4,99,4,310830,294780,21380,86576,2.730556893549224,0.22702147075173854
366,0.4904,35,213,35,311043,294567,21415,86541,2.7285838675015746,0.22707736389684813
367,0.4905,1,11,1,311054,294556,21416,86540,2.7284819741376114,0.22708189012742197
368,0.4907,1,0,1,311054,294556,21417,86539,2.7284819741376114,0.2270798619766725
369,0.4908,30,234,30,311288,294322,21447,86509,2.726314424395124,0.22715850337813887
370,0.4909,32,222,32,311510,294100,21479,86477,2.724258031049687,0.22722602784718993
371,0.491,21,169,21,311679,293931,21500,86456,2.7226925784578904,0.2272843183389548
372,0.4911,109,889,109,312568,293042,21609,86347,2.7144577420430545,0.22759489600383775
373,0.4912,19,159,19,312727,292883,21628,86328,2.7129849197821336,0.22765162402989364
374,0.4913,97,882,97,313609,292001,21725,86231,2.7048149245989106,0.22798441168383426
375,0.4914,121,795,121,314404,291206,21846,86110,2.697450813294305,0.22821719725641107
376,0.4915,56,332,56,314736,290874,21902,86054,2.6943754863092373,0.22830354868834365
377,0.4916,178,1349,178,316085,289525,22080,85876,2.6818796546741264,0.22875804806060718
378,0.4917,7,61,7,316146,289464,22087,85869,2.681314609655786,0.22878084261176077
379,0.4918,76,649,76,316795,288815,22163,85793,2.675302901181963,0.22902073634305728
380,0.4919,48,263,48,317058,288552,22211,85745,2.6728667234799364,0.22908278719840128
381,0.492,34,316,34,317374,288236,22245,85711,2.669939605024269,0.2292062778949958
382,0.4921,94,687,94,318061,287549,22339,85617,2.6635759012931195,0.22943408563481132
383,0.4922,14,115,14,318176,287434,22353,85603,2.662510652488051,0.2294758964928412
384,0.4923,228,1738,228,319914,285696,22581,85375,2.6464115009818814,0.230077262841882
385,0.4924,25,217,25,320131,285479,22606,85350,2.644401422801882,0.23015999288081568
386,0.4925,118,729,118,320860,284750,22724,85232,2.637648671681055,0.23036796384688984
387,0.4926,225,1995,225,322855,282755,22949,85007,2.6191689206713846,0.23114677427249145
388,0.4927,285,1878,285,324733,280877,23234,84722,2.601772944532958,0.2317347695152339
389,0.4928,609,4015,609,328748,276862,23843,84113,2.564581866686428,0.2330161368515825
390,0.4929,565,3588,565,332336,273274,24408,83548,2.5313461039682834,0.2341447556484746
391,0.493,568,4057,568,336393,269217,24976,82980,2.493765978732076,0.2356067768890706
392,0.4931,150,761,150,337154,268456,25126,82830,2.4867168105524473,0.23579078016203323
393,0.4932,592,4778,592,341932,263678,25718,82238,2.4424580384601136,0.23773979810127313
394,0.4933,23,81,23,342013,263597,25741,82215,2.4417077327800216,0.23774478618440079
395,0.4934,0,1,0,342014,263596,25741,82215,2.441698469746934,0.23774547368360174
396,0.4935,230,1826,230,343840,261770,25971,81985,2.42478417132906,0.23849834911492196
397,0.4936,277,1813,277,345653,259957,26248,81708,2.4079902923413243,0.23914653242210937
398,0.4937,28,200,28,345853,259757,26276,81680,2.4061376857238135,0.23922421998787477
399,0.4938,1966,12725,1966,358578,247032,28242,79714,2.2882655896846864,0.24396320077368966
400,0.4939,995,6451,995,365029,240581,29237,78719,2.2285097632368744,0.246536172878171
401,0.494,325,2612,325,367641,237969,29562,78394,2.204314720812183,0.24779762488027993
402,0.4941,810,5381,810,373022,232588,30372,77584,2.1544703397680536,0.25013218472331483
403,0.4942,893,6016,893,379038,226572,31265,76691,2.0987439327133277,0.25288610875708545
404,0.4943,38,253,38,379291,226319,31303,76653,2.0964003853421764,0.25300357788838573
405,0.4944,12,30,12,379321,226289,31315,76641,2.09612249434955,0.2529990426831281
406,0.4945,37,419,37,379740,225870,31352,76604,2.0922412834858646,0.25325813127739905
407,0.4946,184,1163,184,380903,224707,31536,76420,2.081468376005039,0.2537799665921687
408,0.4947,1,9,1,380912,224698,31537,76419,2.081385008707251,0.25378507357605185
409,0.4948,162,1129,162,382041,223569,31699,76257,2.0709270443514023,0.2543375157591403
410,0.4949,13,137,13,382178,223432,31712,76244,2.0696580088184073,0.2544214418238364
411,0.495,195,1340,195,383518,222092,31907,76049,2.057245544481085,0.2550772956419949
412,0.4951,231,1432,231,384950,220660,32138,75818,2.0439808810997073,0.25572892423721155
413,0.4952,178,937,178,385887,219723,32316,75640,2.035301419096669,0.2560916567071705
414,0.4953,35,143,35,386030,219580,32351,75605,2.033976805365149,0.2561275132543998
415,0.4954,48,143,48,386173,219437,32399,75557,2.0326521916336286,0.25613063316542034
416,0.4955,96,868,96,387041,218569,32495,75461,2.0246118789136314,0.25664387987620313
417,0.4956,1,9,1,387050,218560,32496,75460,2.0245285116158436,0.25664920753690224
418,0.4957,31,98,31,387148,218462,32527,75429,2.0236207343732633,0.25665637940597025
419,0.4958,57,529,57,387677,217933,32584,75372,2.018720589869947,0.25697482143161554
420,0.4959,146,1135,146,388812,216798,32730,75226,2.008207047315573,0.25760211489466617
421,0.496,5,53,5,388865,216745,32735,75221,2.0077161065619324,0.25763616311488324
422,0.4961,180,1110,180,389975,215635,32915,75041,1.9974341398347475,0.25816028843110544
423,0.4962,138,869,138,390844,214766,33053,74903,1.989384564081663,0.25858134629525426
424,0.4963,54,282,54,391126,214484,33107,74849,1.9867723887509727,0.25869499849654204
425,0.4964,37,237,37,391363,214247,33144,74812,1.9845770499092223,0.25881221480735767
426,0.4965,3,13,3,391376,214234,33147,74809,1.984456630479084,0.25881616230111093
427,0.4966,182,827,182,392203,213407,33329,74627,1.9767961021156768,0.2590909406528396
428,0.4967,254,1304,254,393507,212103,33583,74373,1.9647171069695062,0.259613370753571
429,0.4968,32,204,32,393711,211899,33615,74341,1.962827448219645,0.25971562325321407
430,0.4969,0,2,0,393713,211897,33615,74341,1.96280892215347,0.25971743793626284
431,0.497,20,126,20,393839,211771,33635,74321,1.9616417799844381,0.25978007074647314
432,0.4971,1,7,1,393846,211764,33636,74320,1.9615769387528252,0.25978383971141344
433,0.4972,3,18,3,393864,211746,33639,74317,1.9614102041572492,0.2597924233473046
434,0.4973,3,26,3,393890,211720,33642,74314,1.9611693652969728,0.25980827454078886
435,0.4974,15,89,15,393979,211631,33657,74299,1.9603449553521806,0.25985031301367467
436,0.4975,76,316,76,394295,211315,33733,74223,1.9574178368965134,0.259940883525135
437,0.4976,0,5,0,394300,211310,33733,74223,1.9573715217310756,0.2599454353787478
438,0.4977,17,85,17,394385,211225,33750,74206,1.9565841639186334,0.25997876894941335
439,0.4978,5,52,5,394437,211173,33755,74201,1.9561024861980807,0.26001317569224947
440,0.4979,52,242,52,394679,210931,33807,74149,1.9538608321908926,0.2600989196015154
441,0.498,30,176,30,394855,210755,33837,74119,1.952230538367483,0.26018169436312194
442,0.4981,62,377,62,395232,210378,33899,74057,1.948738374893475,0.2603652855661223
443,0.4982,11,86,11,395318,210292,33910,74046,1.9479417540479456,0.2604154210833585
444,0.4983,10,51,10,395369,210241,33920,74036,1.9474693393604803,0.26043612392138654
445,0.4984,52,291,52,395660,209950,33972,73984,1.944773796732002,0.26056759669500656
446,0.4985,81,517,81,396177,209433,34053,73903,1.9399848086257363,0.2608316627608211
447,0.4986,36,175,36,396352,209258,34089,73867,1.9383637778354144,0.2608988962472406
448,0.4987,7,33,7,396385,209225,34096,73860,1.938058097743525,0.2609110337884381
449,0.4988,95,592,95,396977,208633,34191,73765,1.932574382155693,0.26120935700677766
450,0.4989,16,82,16,397059,208551,34207,73749,1.9318148134425137,0.26124335812964933
451,0.499,52,244,52,397303,208307,34259,73697,1.9295546333691505,0.26133317257911237
452,0.4991,93,464,93,397767,207843,34352,73604,1.9252565860165252,0.26151993092838083
453,0.4992,90,487,90,398254,207356,34442,73514,1.9207454889028863,0.2617367465375441
454,0.4993,31,156,31,398410,207200,34473,73483,1.9193004557412279,0.2618006790578696
455,0.4994,15,93,15,398503,207107,34488,73468,1.9184389936640853,0.2618479907333155
456,0.4995,289,1232,289,399735,205875,34777,73179,1.9070269369002186,0.2622395665355093
457,0.4996,232,1131,232,400866,204744,35009,72947,1.8965504464781948,0.26269126475110827
458,0.4997,389,2135,389,403001,202609,35398,72558,1.8767738708362667,0.26368714271696825
459,0.4998,119,884,119,403885,201725,35517,72439,1.8685853495868687,0.2642177674676471
460,0.4999,33,193,33,404078,201532,35550,72406,1.8667975842009707,0.2643152830202455
461,0.5,203,1180,203,405258,200352,35753,72203,1.8558672051576568,0.26491166920438075
462,0.5001,197,1117,197,406375,199235,35950,72006,1.8455203971988587,0.26546871601269717
463,0.5003,4,15,4,406390,199220,35954,72002,1.8453814517025455,0.2654725649099262
464,0.5004,125,778,125,407168,198442,36079,71877,1.8381748119604284,0.26589695877833225
465,0.5005,615,3295,615,410463,195147,36694,71262,1.8076531179369373,0.2674909631431371
466,0.5006,480,2589,480,413052,192558,37174,70782,1.7836711252732596,0.26878560036454774
467,0.5007,8,8,8,413060,192550,37182,70774,1.783597021008559,0.26877155139675835
468,0.5008,301,1418,301,414478,191132,37483,70473,1.7704620400904072,0.2693870529997515
469,0.5009,29,109,29,414587,191023,37512,70444,1.7694523694838638,0.269418320476389
470,0.501,289,1479,289,416066,189544,37801,70155,1.7557523435473712,0.2701396616852587
471,0.5011,617,3225,617,419291,186319,38418,69538,1.7258790618400088,0.27178462969549394
472,0.5012,477,2172,477,421463,184147,38895,69061,1.7057597539738412,0.2727441471043569
473,0.5013,1064,5108,1064,426571,179039,39959,67997,1.6584441809626145,0.27525138036561475
474,0.5014,544,2726,544,429297,176313,40503,67453,1.6331931527659416,0.2767120927446814
475,0.5015,34,166,34,429463,176147,40537,67419,1.6316554892734076,0.27679971753036137
476,0.5016,71,395,71,429858,175752,40608,67348,1.6279965912038237,0.27703825586178527
477,0.5017,91,406,91,430264,175346,40699,67257,1.6242357997702768,0.27723070201110456
478,0.5018,516,2883,516,433147,172463,41215,66741,1.597530475378858,0.2790128927609906
479,0.5019,484,2718,484,435865,169745,41699,66257,1.5723535514468858,0.28074762078287474
480,0.502,24,201,24,436066,169544,41723,66233,1.5704916817962873,0.2809137447673013
481,0.5021,1550,8204,1550,444270,161340,43273,64683,1.4944977583459929,0.2861788402065277
482,0.5022,10,63,10,444333,161277,43283,64673,1.493914187261477,0.2862270413808365
483,0.5023,916,4709,916,449042,156568,44199,63757,1.4502945644521843,0.28937705662090096
484,0.5024,905,4835,905,453877,151733,45104,62852,1.4055077994738596,0.2929002493184519
485,0.5025,14,50,14,453927,151683,45118,62838,1.405044647819482,0.29292237123638243
486,0.5026,11,81,11,454008,151602,45129,62827,1.40429434213939,0.29299674950682975
487,0.5027,36,157,36,454165,151445,45165,62791,1.4028400459446442,0.2930926641647529
488,0.5028,71,565,71,454730,150880,45236,62720,1.397606432250176,0.29363295880149815
489,0.5029,87,605,87,455335,150275,45323,62633,1.3920022972322057,0.294178706295677
490,0.503,135,801,135,456136,149474,45458,62498,1.3845826077290748,0.2948408280338913
491,0.5031,121,678,121,456814,148796,45579,62377,1.3783022712957131,0.29538340602255025
492,0.5032,45,270,45,457084,148526,45624,62332,1.3758012523620735,0.2956112644528545
493,0.5033,107,476,107,457560,148050,45731,62225,1.3713920486123976,0.2959220068957318
494,0.5034,161,773,161,458333,147277,45892,62064,1.3642317240357182,0.296473218337545
495,0.5035,2,10,2,458343,147267,45894,62062,1.3641390937048428,0.2964806596314892
496,0.5036,106,624,106,458967,146643,46000,61956,1.358358961058209,0.29701005278069403
497,0.5037,119,396,119,459363,146247,46119,61837,1.3546907999555375,0.29717325695392244
498,0.5038,69,190,69,459553,146057,46188,61768,1.3529308236689022,0.2972115962949597
499,0.5039,130,451,130,460004,145606,46318,61638,1.3487531957464152,0.2974175368165061
500,0.504,104,372,104,460376,145234,46422,61534,1.345307347437845,0.29759924166215274
501,0.5041,344,1033,344,461409,144201,46766,61190,1.3357386342584017,0.29791957778091543
502,0.5042,80,357,80,461766,143844,46846,61110,1.3324317314461447,0.2981644661728973
503,0.5043,133,500,133,462266,143344,46979,60977,1.3278002149023675,0.29843726293430434
504,0.5044,39,154,39,462420,143190,47018,60938,1.3263737078068842,0.2985283743533469
505,0.5045,8,42,8,462462,143148,47026,60930,1.325984660417207,0.2985623144091965
506,0.5046,7,26,7,462488,143122,47033,60923,1.3257438215569306,0.29857629444485284
507,0.5047,61,190,61,462678,142932,47094,60862,1.3239838452702952,0.2986447098540683
508,0.5048,27,110,27,462788,142822,47121,60835,1.3229649116306643,0.29871303220611123
509,0.5049,6,36,6,462824,142786,47127,60829,1.3226314424395125,0.2987451808560273
510,0.505,29,88,29,462912,142698,47156,60800,1.3218162955278077,0.29877443512958357
511,0.5051,20,91,20,463003,142607,47176,60780,1.3209733595168403,0.2988391588449606
512,0.5052,7,5,7,463008,142602,47183,60773,1.3209270443514025,0.29882237246465887
513,0.5053,1,3,1,463011,142599,47184,60772,1.3208992552521397,0.2988233327268883
514,0.5055,6,51,6,463062,142548,47190,60766,1.3204268405646744,0.2988775981978614
515,0.5056,9,30,9,463092,142518,47199,60757,1.320148949572048,0.2988906653548149
516,0.5057,16,23,16,463115,142495,47215,60741,1.3199358998110342,0.2988692948099746
517,0.5058,24,93,24,463208,142402,47239,60717,1.3190744377338917,0.29892329127260375
518,0.5059,50,232,50,463440,142170,47289,60667,1.316925414057579,0.2990923746653717
519,0.506,21,88,21,463528,142082,47310,60646,1.3161102671458742,0.2991495994633203
520,0.5061,7,58,7,463586,142024,47317,60639,1.315573011226796,0.29921100546226986
521,0.5062,58,244,58,463830,141780,47375,60581,1.3133128311534328,0.2993709262160199
522,0.5063,4,16,4,463846,141764,47379,60577,1.313164622624032,0.2993807483406724
523,0.5064,49,211,49,464057,141553,47428,60528,1.311210122642558,0.29952345841518996
524,0.5065,31,117,31,464174,141436,47459,60497,1.3101263477713143,0.29958946779377316
525,0.5066,50,226,50,464400,141210,47509,60447,1.308032902293527,0.29975155833916006
526,0.5067,4,30,4,464430,141180,47513,60443,1.3077550113009004,0.29978226690407345
527,0.5068,105,350,105,464780,140830,47618,60338,1.3045129497202563,0.29993835997773005
528,0.5069,49,166,49,464946,140664,47667,60289,1.3029752862277224,0.30001542649276197
529,0.507,0,16,0,464962,140648,47667,60289,1.3028270776983215,0.30003931580545146
530,0.5071,26,100,26,465062,140548,47693,60263,1.301900774389566,0.30009810219559685
531,0.5072,2,38,2,465100,140510,47695,60261,1.301548779132239,0.30014792973088744
532,0.5073,171,650,171,465750,139860,47866,60090,1.295527807625329,0.3005251312828207
533,0.5074,127,508,127,466258,139352,47993,59963,1.2908221868168512,0.30084539547951733
534,0.5075,87,399,87,466657,138953,48080,59876,1.2871262366149172,0.3011431933973414
535,0.5076,279,1114,279,467771,137839,48359,59597,1.2768072177553818,0.30185477825725804
536,0.5077,214,682,214,468453,137157,48573,59383,1.2704898291896698,0.30214205759641805
537,0.5078,82,320,82,468773,136837,48655,59301,1.2675256586016526,0.30234324812122076
538,0.5079,139,604,139,469377,136233,48794,59162,1.2619307866167697,0.30278154507536015
539,0.508,154,637,154,470014,135596,48948,59008,1.2560302345399978,0.3032208998787281
540,0.5081,109,395,109,470409,135201,49057,58899,1.2523713364704139,0.3034466769706337
541,0.5082,255,898,255,471307,134303,49312,58644,1.2440531327577902,0.30393838722550753
542,0.5083,2,2,2,471309,134301,49314,58642,1.244034606691615,0.3039343225719513
543,0.5084,23,63,23,471372,134238,49337,58619,1.2434510356070991,0.30395059551895964
544,0.5085,20,90,20,471462,134148,49357,58599,1.2426173626292194,0.30402029603573594
545,0.5086,171,739,171,472201,133409,49528,58428,1.2357719811775167,0.3045710681463951
546,0.5087,114,602,114,472803,132807,49642,58314,1.230195635258809,0.3051156073900827
547,0.5088,707,2559,707,475362,130248,50349,57607,1.206491533587758,0.30665672992467596
548,0.5089,1300,4089,1300,479451,126159,51649,56307,1.1686149912927488,0.30858899740225576
549,0.509,1434,5445,1434,484896,120714,53083,54873,1.1181777761310163,0.31251174631379314
550,0.5091,131,641,131,485537,120073,53214,54742,1.1122401719218942,0.3131424648914567
551,0.5092,95,322,95,485859,119751,53309,54647,1.1092574752677016,0.3133464833312309
552,0.5093,715,2206,715,488065,117545,54024,53932,1.0888232242765572,0.3145144829918881
553,0.5094,122,464,122,488529,117081,54146,53810,1.084525176923932,0.31487907496591394
554,0.5095,0,5,0,488534,117076,54146,53810,1.0844788617584942,0.3148882880984984
555,0.5096,82,229,82,488763,116847,54228,53728,1.0823576271814443,0.31498167961307344
556,0.5097,367,1631,367,490394,115216,54595,53361,1.0672496202156434,0.3165378432407742
557,0.5098,373,1494,373,491888,113722,54968,52988,1.0534106487828374,0.31784536020634635
558,0.5099,87,323,87,492211,113399,55055,52901,1.0504186890955574,0.31810583283223093
559,0.51,153,525,153,492736,112874,55208,52748,1.0455555967245915,0.3184842593375276
560,0.5101,44,112,44,492848,112762,55252,52704,1.0445181370187855,0.31851860805240956
561,0.5102,1842,6351,1842,499199,106411,57094,50862,0.9856886138797287,0.3233994391917239
562,0.5103,61,256,61,499455,106155,57155,50801,0.983317277409315,0.32366395677769566
563,0.5104,197,711,197,500166,105444,57352,50604,0.9767312608840639,0.3242848354352507
564,0.5105,2610,8512,2610,508678,96932,59962,47994,0.8978843232428027,0.3311621103183694
565,0.5106,2724,9093,2724,517771,87839,62686,45270,0.8136555633776724,0.34009721356181777
566,0.5107,167,427,167,518198,87412,62853,45103,0.8097002482492868,0.34036146851299853
567,0.5108,97,339,97,518537,87073,62950,45006,0.8065600800326059,0.3407506113765247
568,0.5109,34,90,34,518627,86983,62984,44972,0.805726407054726,0.34081315600015155
569,0.511,190,551,190,519178,86432,63174,44782,0.8006224758234837,0.341289801393144
570,0.5111,355,977,355,520155,85455,63529,44427,0.7915724924969432,0.3420566360234675
571,0.5112,160,611,160,520766,84844,63689,44267,0.7859127792804476,0.34286001967299456
572,0.5113,62,214,62,520980,84630,63751,44205,0.783930490199711,0.34311328443357786
573,0.5114,151,433,151,521413,84197,63902,44054,0.7799195968728,0.34349829630958045
574,0.5115,76,350,76,521763,83847,63978,43978,0.7766775352921561,0.3440485038138079
575,0.5116,106,371,106,522134,83476,64084,43872,0.7732409500166735,0.3445048214341804
576,0.5117,204,596,204,522730,82880,64288,43668,0.7677201822964912,0.3450706451307014
577,0.5118,82,280,82,523010,82600,64370,43586,0.765126533031976,0.3454107428716339
578,0.5119,57,168,57,523178,82432,64427,43529,0.7635703434732669,0.3455752177261216
579,0.512,32,49,32,523227,82383,64459,43497,0.7631164548519768,0.34554337464251667
580,0.5121,53,254,53,523481,82129,64512,43444,0.7607636444477379,0.3459660914368535
581,0.5122,188,758,188,524239,81371,64700,43256,0.7537422653673719,0.34708369775409825
582,0.5123,231,918,231,525157,80453,64931,43025,0.7452388009929971,0.3484426375548681
583,0.5124,183,700,183,525857,79753,65114,42842,0.7387546778317092,0.3494596027570456
584,0.5126,36,234,36,526091,79519,65150,42806,0.7365871280892216,0.34993664418557124
585,0.5127,38,127,38,526218,79392,65188,42768,0.7354107228871022,0.35009823182711197
586,0.5128,20,93,20,526311,79299,65208,42748,0.7345492608099596,0.3502585069686268
587,0.5129,215,448,215,526759,78851,65423,42533,0.7303994219867354,0.3504003822579582
588,0.513,13,61,13,526820,78790,65436,42520,0.7298343769683945,0.3505069656252576
589,0.5131,206,402,206,527222,78388,65642,42314,0.7261106376671977,0.3505658564066875
590,0.5132,21,74,21,527296,78314,65663,42293,0.7254251732187187,0.3506678716824065
591,0.5133,216,454,216,527750,77860,65879,42077,0.7212197561969691,0.35082585023804164
592,0.5134,209,424,209,528174,77436,66088,41868,0.7172922301678462,0.3509354254677127
593,0.5135,223,433,223,528607,77003,66311,41645,0.7132813368409352,0.3509962241251433
594,0.5136,4,19,4,528626,76984,66315,41641,0.7131053392122717,0.3510305584826133
595,0.5137,1,2,1,528628,76982,66316,41640,0.7130868131460966,0.3510310060528401
596,0.5138,14,21,14,528649,76961,66330,41626,0.7128922894512579,0.3510165532478265
597,0.5139,4,12,4,528661,76949,66334,41622,0.7127811330542073,0.3510301844464498
598,0.514,64,142,64,528803,76807,66398,41558,0.7114657823557746,0.35110040974950363
599,0.5141,2,3,2,528806,76804,66400,41556,0.7114379932565119,0.351098344035147
600,0.5142,21,83,21,528889,76721,66421,41535,0.710669161510245,0.3512295359220674
601,0.5143,49,130,49,529019,76591,66470,41486,0.7094649672088629,0.351347002379803
602,0.5144,16,43,16,529062,76548,66486,41470,0.709066656786098,0.3513870765476453
603,0.5145,1,7,1,529069,76541,66487,41469,0.7090018155544852,0.3514024235234302
604,0.5146,50,162,50,529231,76379,66537,41419,0.7075012041943014,0.35161038387748517
605,0.5147,2,11,2,529242,76368,66539,41417,0.7073993108303382,0.35163221123233007
606,0.5148,0,5,0,529247,76363,66539,41417,0.7073529956649005,0.35164713873323145
607,0.5149,18,65,18,529312,76298,66557,41399,0.7067508985142095,0.35174218544227975
608,0.515,34,137,34,529449,76161,66591,41365,0.7054818629812145,0.3519646716471249
609,0.5151,20,71,20,529520,76090,66611,41345,0.7048241876319982,0.3520671009494614
610,0.5152,74,164,74,529684,75926,66685,41271,0.7033050502056394,0.3521506523204519
611,0.5153,9,19,9,529703,75907,66694,41262,0.7031290525769758,0.35215799400865416
612,0.5154,7,24,7,529727,75883,66701,41255,0.7029067397828745,0.35219143232768185
613,0.5155,69,209,69,529936,75674,66770,41186,0.7009707658675757,0.3524388156768783
614,0.5156,175,604,175,530540,75070,66945,41011,0.6953758938826929,0.3532964050964413
615,0.5157,158,637,158,531177,74433,67103,40853,0.689475341805921,0.354362194889232
616,0.5158,140,399,140,531576,74034,67243,40713,0.6857793916039868,0.3548066616120683
617,0.5159,36,102,36,531678,73932,67279,40677,0.6848345622290563,0.3549197706986362
618,0.516,222,747,222,532425,73185,67501,40455,0.6779150765126533,0.35599260823653645
619,0.5161,179,482,179,532907,72703,67680,40276,0.6734502945644522,0.35649102930633125
620,0.5162,161,603,161,533510,72100,67841,40115,0.667864685612657,0.35748340239718396
621,0.5163,3,25,3,533535,72075,67844,40112,0.6676331097854682,0.35754588321284997
622,0.5165,17,38,17,533573,72037,67861,40095,0.6672811145281411,0.35756965005529195
623,0.5167,41,141,41,533714,71896,67902,40054,0.665975026862796,0.3577847253238053
624,0.5168,31,87,31,533801,71809,67933,40023,0.6651691429841787,0.357885041848487
625,0.5169,550,1807,550,535608,70002,68483,39473,0.6484308421949683,0.36056633934688287
626,0.517,306,1084,306,536692,68918,68789,39167,0.6383897143280596,0.36237220705925893
627,0.5171,1166,4088,1166,540780,64830,69955,38001,0.600522435066138,0.3695480934737579
628,0.5172,109,340,109,541120,64490,70064,37892,0.5973730038163696,0.37010411986482
629,0.5173,257,918,257,542038,63572,70321,37635,0.5888695394419949,0.3718616301243985
630,0.5174,542,1924,542,543962,61648,70863,37093,0.5710474637815406,0.37565955378211685
631,0.5175,6,20,6,543982,61628,70869,37087,0.5708622031197895,0.37569771564605176
632,0.5176,0,3,0,543985,61625,70869,37087,0.5708344140205269,0.37570913364129993
633,0.5177,98,225,98,544210,61400,70967,36989,0.5687502315758272,0.37594649808413544
634,0.5178,17,89,17,544299,61311,70984,36972,0.5679258216310349,0.37617899331522237
635,0.5179,166,433,166,544732,60878,71150,36806,0.5639149283041239,0.37678637238442325
636,0.518,79,148,79,544880,60730,71229,36727,0.5625439994071659,0.37685338149132436
637,0.5181,27,70,27,544950,60660,71256,36700,0.561895587091037,0.3769515201314708
638,0.5182,16,70,16,545020,60590,71272,36684,0.5612471747749083,0.3771202993605691
639,0.5183,296,714,296,545734,59876,71568,36388,0.5546333691503946,0.3780021607246738
640,0.5184,10,38,10,545772,59838,71578,36378,0.5542813738930675,0.3780868046894487
641,0.5185,64,176,64,545948,59662,71642,36314,0.552651080069658,0.37836542468950574
642,0.5186,295,715,295,546663,58947,71937,36019,0.5460280114120568,0.379283111850557
643,0.5187,466,1071,466,547734,57876,72403,35553,0.5361073029752862,0.3805349516745336
644,0.5188,229,541,229,548275,57335,72632,35324,0.5310960020749194,0.3812257848670933
645,0.5189,89,201,89,548476,57134,72721,35235,0.529234132424321,0.38145914754950255
646,0.519,53,95,53,548571,57039,72774,35182,0.5283541442810034,0.3814966222443912
647,0.5191,157,327,157,548898,56712,72931,35025,0.5253251324613731,0.38179796592432713
648,0.5192,15,27,15,548925,56685,72946,35010,0.5250750305680092,0.3818092589563226
649,0.5193,148,222,148,549147,56463,73094,34862,0.5230186372225721,0.38173555981385165
650,0.5194,78,153,78,549300,56310,73172,34784,0.5216013931601764,0.38184732254594156
651,0.5195,149,223,149,549523,56087,73321,34635,0.5195357367816518,0.38177068406781156
652,0.5196,6,18,6,549541,56069,73327,34629,0.5193690021860758,0.3818055524928885
653,0.5197,59,127,59,549668,55942,73386,34570,0.5181925969839565,0.381938306522892
654,0.5198,97,193,97,549861,55749,73483,34473,0.5164048315980585,0.38209084258828224
655,0.52,25,65,25,549926,55684,73508,34448,0.5158027344473675,0.3821950028846581
656,0.5201,98,179,98,550105,55505,73606,34350,0.5141446515246952,0.3822825663569083
657,0.5202,83,193,83,550298,55312,73689,34267,0.5123568861387973,0.3825338528003215
658,0.5203,122,263,122,550561,55049,73811,34145,0.5099207084367705,0.3828172298585107
659,0.5204,60,153,60,550714,54896,73871,34085,0.5085034643743748,0.3830593047954058
660,0.5205,101,218,101,550932,54678,73972,33984,0.5064841231612879,0.3832983690870948
661,0.5206,139,344,139,551276,54334,74111,33845,0.5032976397791693,0.3838215448122569
662,0.5207,103,242,103,551518,54092,74214,33742,0.5010559857719812,0.384156476990687
663,0.5208,156,344,156,551862,53748,74370,33586,0.49786950238986255,0.38456958343829434
664,0.5209,6,7,6,551869,53741,74376,33580,0.4978046611582497,0.38455812462065253
665,0.521,136,175,136,552044,53566,74512,33444,0.4961836303679277,0.38436961268819675
666,0.5211,116,197,116,552241,53369,74628,33328,0.4943588128496795,0.3844192993990565
667,0.5212,139,456,139,552697,52913,74767,33189,0.4901348697617548,0.3854614294673759
668,0.5213,39,96,39,552793,52817,74806,33150,0.4892456185853496,0.3856130840904068
669,0.5214,125,299,125,553092,52518,74931,33025,0.4864759716921709,0.3860631495271384
670,0.5215,430,750,430,553842,51768,75361,32595,0.47952869687650523,0.38636606095089077
671,0.5216,94,317,94,554159,51451,75455,32501,0.47659231538775054,0.3871378883171336
672,0.5217,79,279,79,554438,51172,75534,32422,0.47400792915632295,0.3878508026891882
673,0.5218,0,4,0,554442,51168,75534,32422,0.4739708770239727,0.3878693623639191
674,0.522,1,1,1,554443,51167,75535,32421,0.47396161399088516,0.38786667942766906
675,0.5221,4,6,4,554449,51161,75539,32417,0.47390603579235985,0.3878652276914978
676,0.5222,12,27,12,554476,51134,75551,32405,0.4736559338989959,0.38790265624438885
677,0.5223,10,19,10,554495,51115,75561,32395,0.47347993627033236,0.3879176146569273
678,0.5224,109,213,109,554708,50902,75670,32286,0.4715069102226833,0.38810886185507526
679,0.5225,0,4,0,554712,50898,75670,32286,0.4714698580903331,0.3881275245239469
680,0.5226,48,112,48,554824,50786,75718,32238,0.47043239838452705,0.388297359799576
681,0.5227,90,180,90,555004,50606,75808,32148,0.46876505242876726,0.38847668994852214
682,0.5228,13,33,13,555037,50573,75821,32135,0.468459372336878,0.3885355709242153
683,0.5229,24,34,24,555071,50539,75845,32111,0.46814442921190114,0.3885178463399879
684,0.5231,0,6,0,555077,50533,75845,32111,0.46808885101337583,0.38854605295000244
685,0.5232,66,178,66,555255,50355,75911,32045,0.4664400311237912,0.38889563106796116
686,0.5233,3,8,3,555263,50347,75914,32042,0.46636592685909073,0.38891114105038294
687,0.5234,3,0,3,555263,50347,75917,32039,0.46636592685909073,0.3888888888888889
688,0.5235,77,208,77,555471,50139,75994,31962,0.4644392159768795,0.3893009829356524
689,0.5236,17,37,17,555508,50102,76011,31945,0.46409648375263995,0.38935000670347486
690,0.5237,32,54,32,555562,50048,76043,31913,0.463596279965912,0.389368114103049
691,0.5238,10,36,10,555598,50012,76053,31903,0.4632628107747601,0.3894646890068974
692,0.5239,42,103,42,555701,49909,76095,31861,0.46230871836674203,0.389641677876972
693,0.524,526,1194,526,556895,48715,76621,31335,0.4512486568602023,0.3914428482198626
694,0.5241,461,1079,461,557974,47636,77082,30874,0.4412538441587313,0.39324926760922174
695,0.5242,426,1094,426,559068,46542,77508,30448,0.43112008596094703,0.3954799324587609
696,0.5243,7,25,7,559093,46517,77515,30441,0.4308885101337582,0.39555341874788846
697,0.5244,2,26,2,559119,46491,77517,30439,0.4306476712734818,0.39567138957493825
698,0.5245,238,584,238,559703,45907,77755,30201,0.42523805995035013,0.3968176801387502
699,0.5246,10,36,10,559739,45871,77765,30191,0.4249045907591982,0.39692619179090743
700,0.5247,221,529,221,560268,45342,77986,29970,0.420004446255882,0.3979445506692161
701,0.5248,372,712,372,560980,44630,78358,29598,0.41340916669754346,0.3987444091178531
702,0.5249,364,739,364,561719,43891,78722,29234,0.4065637852458409,0.3997811965811966
703,0.525,104,245,104,561964,43646,78826,29130,0.40429434213939014,0.40026931955589756
704,0.5251,409,909,409,562873,42737,79235,28721,0.3958742450628034,0.40192840549693526
705,0.5252,388,848,388,563721,41889,79623,28333,0.3880191930045574,0.40347754265045144
706,0.5253,2099,4298,2099,568019,37591,81722,26234,0.3482066767942495,0.411030160595378
707,0.5254,1,5,1,568024,37586,81723,26233,0.34816036162881175,0.4110531346464219
708,0.5255,1551,2975,1551,570999,34611,83274,24682,0.320602838193338,0.41627173528072453
709,0.5256,19,23,19,571022,34588,83293,24663,0.3203897884323243,0.41624613930566573
710,0.5257,818,1638,818,572660,32950,84111,23845,0.3052169402349105,0.4198432960647944
711,0.5258,146,300,146,572960,32650,84257,23699,0.30243803030864425,0.4205753429519601
712,0.5259,255,579,255,573539,32071,84512,23444,0.29707473415095037,0.4223002792038188
713,0.526,30,45,30,573584,32026,84542,23414,0.29665789766201045,0.42233044733044733
714,0.5261,197,396,197,573980,31630,84739,23217,0.29298973655933896,0.42330482979925976
715,0.5262,17,32,17,574012,31598,84756,23200,0.29269331950053723,0.42337311580714626
716,0.5263,23,36,23,574048,31562,84779,23177,0.2923598503093853,0.42340926944226237
717,0.5264,175,381,175,574429,31181,84954,23002,0.28883063470302717,0.4245242972888175
718,0.5265,6,5,6,574434,31176,84960,22996,0.2887843195375894,0.4244997415639076
719,0.5266,40,105,40,574539,31071,85000,22956,0.2878117010633962,0.424898661780221
720,0.5267,6,14,6,574553,31057,85006,22950,0.28768201860017045,0.4249449145481141
721,0.5268,39,68,39,574621,30989,85045,22911,0.28705213235021676,0.4250649350649351
722,0.5269,0,1,0,574622,30988,85045,22911,0.2870428693171292,0.4250728213881519
723,0.527,20,50,20,574672,30938,85065,22891,0.2865797176627515,0.42525404521726207
724,0.5271,86,184,86,574856,30754,85151,22805,0.2848753195746415,0.4257921171045016
725,0.5272,89,171,89,575027,30583,85240,22716,0.28329134091666974,0.42619936584176066
726,0.5273,71,151,71,575178,30432,85311,22645,0.2818926229204491,0.42664430921114604
727,0.5274,63,90,63,575268,30342,85374,22582,0.2810589499425692,0.4266873252210717
728,0.5275,18,58,18,575326,30284,85392,22564,0.28052169402349103,0.4269603390856797
729,0.5276,18,75,18,575401,30209,85410,22546,0.27982696654192446,0.42737181309828454
730,0.5277,2,6,2,575407,30203,85412,22544,0.27977138834339915,0.4273987146188409
731,0.5278,0,6,0,575413,30197,85412,22544,0.27971581014487384,0.42744733698640525
732,0.5279,34,61,34,575474,30136,85446,22510,0.27915076512653303,0.4275728450404589
733,0.528,285,359,285,575833,29777,85731,22225,0.27582533624810107,0.4273874081766086
734,0.5281,60,86,60,575919,29691,85791,22165,0.2750287154025714,0.42743366244986114
735,0.5282,182,226,182,576145,29465,85973,21983,0.2729352699247842,0.4272858031410356
736,0.5283,148,193,148,576338,29272,86121,21835,0.2711475045388862,0.4272408867669791
737,0.5284,2,3,2,576341,29269,86123,21833,0.27111971543962354,0.42724355211146336
738,0.5285,190,352,190,576693,28917,86313,21643,0.26785912779280446,0.42806566455696204
739,0.5286,15,14,15,576707,28903,86328,21628,0.2677294453295787,0.42801448615701254
740,0.5287,43,145,43,576852,28758,86371,21585,0.26638630553188336,0.42875871521363446
741,0.5288,158,365,158,577217,28393,86529,21427,0.2630052984549261,0.43008831794460056
742,0.5289,89,205,89,577422,28188,86618,21338,0.26110637667197745,0.43084440495901144
743,0.529,12,32,12,577454,28156,86630,21326,0.2608099596131757,0.43098500464815487
744,0.5291,10,12,10,577466,28144,86640,21316,0.2606988032161251,0.4309745248685807
745,0.5292,228,330,228,577796,27814,86868,21088,0.2576420022972322,0.43122980655187926
746,0.5293,128,224,128,578020,27590,86996,20960,0.2555670828856201,0.4317198764160659
747,0.5294,1,7,1,578027,27583,86997,20959,0.2555022416540072,0.43177042561081125
748,0.5295,3,1,3,578028,27582,87000,20956,0.25549297862091963,0.43174420042028927
749,0.5296,318,439,318,578467,27143,87318,20638,0.25142650709548336,0.4319290094388983
750,0.5297,44,103,44,578570,27040,87362,20594,0.2504724146874653,0.4323382457908217
751,0.5298,246,365,246,578935,26675,87608,20348,0.247091407610508,0.43272441145822255
752,0.5299,434,574,434,579509,26101,88042,19914,0.24177442661825188,0.43277192219928284
753,0.53,1,7,1,579516,26094,88043,19913,0.241709585386639,0.4328254396070163
754,0.5301,30,48,30,579564,26046,88073,19883,0.2412649597984364,0.4329073134620828
755,0.5304,53,92,53,579656,25954,88126,19830,0.24041276075438142,0.433120740870173
756,0.5305,17,11,17,579667,25943,88143,19813,0.24031086739041832,0.4330142494973337
757,0.5306,6,17,6,579684,25926,88149,19807,0.2401533958279299,0.4331008243500317
758,0.5308,1,13,1,579697,25913,88150,19806,0.2400329763977917,0.4332115750563223
759,0.5309,80,207,80,579904,25706,88230,19726,0.23811552854866797,0.4341873569290368
760,0.531,77,197,77,580101,25509,88307,19649,0.2362907110304198,0.4351167013596705
761,0.5312,7,13,7,580114,25496,88314,19642,0.2361702916002816,0.43515441534848687
762,0.5313,1,2,1,580116,25494,88315,19641,0.2361517655341065,0.4351611831173147
763,0.5315,0,1,0,580117,25493,88315,19641,0.23614250250101892,0.43517082465547036
764,0.5317,197,308,197,580425,25185,88512,19444,0.23328948831005225,0.4356808353312868
765,0.5318,210,261,210,580686,24924,88722,19234,0.2308718366742006,0.4355722632365596
766,0.532,63,117,63,580803,24807,88785,19171,0.22978806180295677,0.4359225067078994
767,0.5321,63,170,63,580973,24637,88848,19108,0.22821334617807254,0.4368042061949937
768,0.5322,41,107,41,581080,24530,88889,19067,0.22722220163770426,0.43734660641787276
769,0.5323,1,5,1,581085,24525,88890,19066,0.22717588647226647,0.4373838636415774
770,0.5324,2,2,2,581087,24523,88892,19064,0.22715736040609136,0.43737811732856124
771,0.5325,174,255,174,581342,24268,89066,18890,0.22479528696876505,0.43769405440474535
772,0.5326,44,61,44,581403,24207,89110,18846,0.22423024195042424,0.43773953034631735
773,0.5327,273,428,273,581831,23779,89383,18573,0.22026566378895104,0.4385389119758217
774,0.5328,36,73,36,581904,23706,89419,18537,0.21958946237355959,0.4388182657481713
775,0.533,86,114,86,582018,23592,89505,18451,0.21853347660157843,0.4388602145422544
776,0.5331,597,870,597,582888,22722,90102,17854,0.2104746378154063,0.44001380126182965
777,0.5333,1407,2130,1407,585018,20592,91509,16447,0.19074437733891586,0.4440454655903237
778,0.5334,228,472,228,585490,20120,91737,16219,0.1863722257215903,0.4463248851096618
779,0.5335,522,761,522,586251,19359,92259,15697,0.17932305754196154,0.4477692834322227
780,0.5336,118,218,118,586469,19141,92377,15579,0.17730371632887473,0.44870391705069124
781,0.5337,123,216,123,586685,18925,92500,15456,0.175302901181963,0.4495506238911026
782,0.5338,94,168,94,586853,18757,92594,15362,0.17374671162325392,0.4502476625926903
783,0.5339,12,8,12,586861,18749,92606,15350,0.17367260735855347,0.45015982873398047
784,0.534,0,1,0,586862,18748,92606,15350,0.17366334432546593,0.450173030676286
785,0.5341,110,132,110,586994,18616,92716,15240,0.17244062395790877,0.45014177693761814
786,0.5342,178,226,178,587220,18390,92894,15062,0.17034717848012154,0.45025708477818965
787,0.5343,108,124,108,587344,18266,93002,14954,0.1691985623772648,0.4501505117399157
788,0.5344,122,145,122,587489,18121,93124,14832,0.16785542257956945,0.4500955906897703
789,0.5345,81,118,81,587607,18003,93205,14751,0.16676238467523807,0.4503572082799047
790,0.5346,3,13,3,587620,17990,93208,14748,0.16664196524509986,0.45048567414014296
791,0.5347,7,29,7,587649,17961,93215,14741,0.16637333728556078,0.4507675371536909
792,0.5348,64,120,64,587769,17841,93279,14677,0.1652617733150543,0.45135002152653914
793,0.5349,7,11,7,587780,17830,93286,14670,0.1651598799510912,0.4513846153846154
794,0.535,22,38,22,587818,17792,93308,14648,0.16480788469376412,0.45154130702836004
795,0.5351,86,125,86,587943,17667,93394,14562,0.16365000555781986,0.4518290980173136
796,0.5352,22,80,22,588023,17587,93416,14540,0.16290896291081552,0.452578827777259
797,0.5353,19,19,19,588042,17568,93435,14521,0.16273296528215198,0.45252267132039015
798,0.5354,24,56,24,588098,17512,93459,14497,0.16221423542924895,0.45290387078634137
799,0.5355,25,48,25,588146,17464,93484,14472,0.16176960984104635,0.4531563126252505
800,0.5356,144,187,144,588333,17277,93628,14328,0.1600374226536737,0.45334598955861416
801,0.5357,21,40,21,588373,17237,93649,14307,0.15966690133017156,0.45355693634288613
802,0.5358,24,25,24,588398,17212,93673,14283,0.1594353255029827,0.45350055564375297
803,0.5359,1,2,1,588400,17210,93674,14282,0.1594167994368076,0.45351200304839323
804,0.536,209,173,209,588573,17037,93883,14073,0.1578142947126607,0.4523625843780135
805,0.5361,13,19,13,588592,17018,93896,14060,0.15763829708399718,0.4524100649977476
806,0.5362,27,24,27,588616,16994,93923,14033,0.1574159842898959,0.45228349502046605
807,0.5363,298,455,298,589071,16539,94221,13735,0.15320130423505873,0.4536896346700139
808,0.5364,147,210,147,589281,16329,94368,13588,0.15125606728667235,0.45418992546044057
809,0.5365,161,210,161,589491,16119,94529,13427,0.14931083033828596,0.4544439179584377
810,0.5366,117,120,117,589611,15999,94646,13310,0.14819926636777947,0.4541267187553311
811,0.5368,56,123,56,589734,15876,94702,13254,0.1470599132980103,0.454994850669413
812,0.5369,12,25,12,589759,15851,94714,13242,0.14682833747082144,0.45516103530058777
813,0.537,12,15,12,589774,15836,94726,13230,0.14668939197450814,0.45517099016032475
814,0.5371,6,8,6,589782,15828,94732,13224,0.1466152877098077,0.4551838083436596
815,0.5372,173,287,173,590069,15541,94905,13051,0.14395679721367965,0.4564563514269726
816,0.5373,40,39,40,590108,15502,94945,13011,0.14359553892326504,0.45631817065899766
817,0.5374,28,31,28,590139,15471,94973,12983,0.14330838489755085,0.45628031208265973
818,0.5375,1,0,1,590139,15471,94974,12982,0.14330838489755085,0.4562612026851299
819,0.5376,257,442,257,590581,15029,95231,12725,0.1392141242728519,0.4584924695539382
820,0.5378,25,28,25,590609,15001,95256,12700,0.1389547593464004,0.4584672033500596
821,0.5379,34,47,34,590656,14954,95290,12666,0.13851939679128533,0.45858073859522086
822,0.538,339,754,339,591410,14200,95629,12327,0.1315350698432695,0.4646963471180307
823,0.5381,152,272,152,591682,13928,95781,12175,0.12901552484345474,0.46642148412059914
824,0.5383,16,31,16,591713,13897,95797,12159,0.12872837081774055,0.46664875652440896
825,0.5384,6,9,6,591722,13888,95803,12153,0.12864500351995256,0.4666871471909681
826,0.5385,13,23,13,591745,13865,95816,12140,0.12843195375893882,0.4668333012882138
827,0.5386,14,25,14,591770,13840,95830,12126,0.12820037793174996,0.46699530154817837
828,0.5387,18,30,18,591800,13810,95848,12108,0.12792248693912334,0.467165676363917
829,0.5388,56,75,56,591875,13735,95904,12052,0.1272277594575568,0.4673672780858572
830,0.5389,0,2,0,591877,13733,95904,12052,0.12720923339138168,0.46740352918363387
831,0.539,40,74,40,591951,13659,95944,12012,0.12652376894290265,0.46792100035059014
832,0.5391,45,77,45,592028,13582,95989,11967,0.125810515395161,0.4683940663039649
833,0.5392,44,70,44,592098,13512,96033,11923,0.1251621030790322,0.4687635148417535
834,0.5393,82,117,82,592215,13395,96115,11841,0.12407832820778836,0.4692106514503091
835,0.5394,17,25,17,592240,13370,96132,11824,0.1238467523805995,0.4693180916091133
836,0.5397,307,485,307,592725,12885,96439,11517,0.11935418133313572,0.4719695106958446
837,0.5398,332,534,332,593259,12351,96771,11185,0.11440772166438179,0.47522943575798776
838,0.5399,2,5,2,593264,12346,96773,11183,0.11436140649894401,0.47528581750180626
839,0.5401,724,1167,724,594431,11179,97497,10459,0.10355144688576827,0.4833626028283575
840,0.5402,383,536,383,594967,10643,97880,10076,0.09858646115083923,0.4863169071866403
841,0.5403,30,47,30,595014,10596,97910,10046,0.09815109859572418,0.4866776475147757
842,0.5404,25,59,25,595073,10537,97935,10021,0.09760457964355848,0.48745014106430584
843,0.5405,9,23,9,595096,10514,97944,10012,0.09739152988254474,0.48777160674266784
844,0.5406,0,1,0,595097,10513,97944,10012,0.09738226684945718,0.487795371498173
845,0.5407,13,26,13,595123,10487,97957,9999,0.09714142798918078,0.48808942692570534
846,0.5408,8,31,8,595154,10456,97965,9991,0.0968542739634666,0.48862913874896075
847,0.5409,5,4,5,595158,10452,97970,9986,0.09681722183111638,0.48859966728642723
848,0.541,1,4,1,595162,10448,97971,9985,0.09678016969876617,0.48867028825918857
849,0.5411,25,62,25,595224,10386,97996,9960,0.0962058616473378,0.4895311117664406
850,0.5412,2,5,2,595229,10381,97998,9958,0.09615954648190003,0.48960125866561777
851,0.5413,0,1,0,595230,10380,97998,9958,0.09615028344881248,0.4896253318910414
852,0.5414,44,71,44,595301,10309,98042,9914,0.09549260809959613,0.49023389210305096
853,0.5415,28,67,28,595368,10242,98070,9886,0.09487198488273,0.4911565977742448
854,0.5416,0,3,0,595371,10239,98070,9886,0.09484419578346734,0.4912298136645963
855,0.5417,43,91,43,595462,10148,98113,9843,0.0940012597724999,0.49237156720524233
856,0.5418,34,89,34,595551,10059,98147,9809,0.09317684982770759,0.493708475941212
857,0.542,2,10,2,595561,10049,98149,9807,0.09308421949683204,0.493906124093473
858,0.5421,8,13,8,595574,10036,98157,9799,0.09296380006669384,0.4940257121250315
859,0.5423,9,19,9,595593,10017,98166,9790,0.09278780243803031,0.4942697026303832
860,0.5424,13,44,13,595637,9973,98179,9777,0.09238022898217793,0.4950379746835443
861,0.5425,22,40,22,595677,9933,98201,9755,0.09200970765867576,0.4954794798862251
862,0.5427,1,13,1,595690,9920,98202,9754,0.09188928822853755,0.4957812341160923
863,0.5428,4,5,4,595695,9915,98206,9750,0.09184297306309978,0.4958047292143402
864,0.5429,24,31,24,595726,9884,98230,9726,0.0915558190373856,0.49597144314125446
865,0.543,103,105,103,595831,9779,98333,9623,0.09058320056319241,0.49597979589733016
866,0.5431,46,75,46,595906,9704,98379,9577,0.08988847308162584,0.49670660235464964
867,0.5432,101,128,101,596034,9576,98480,9476,0.08870280484641892,0.49737560361116945
868,0.5433,3,1,3,596035,9575,98483,9473,0.08869354181333136,0.497322553548929
869,0.5434,56,60,56,596095,9515,98539,9417,0.0881377598280781,0.49741178956264526
870,0.5435,43,50,43,596145,9465,98582,9374,0.0876746081737004,0.49758479749455914
871,0.5436,103,121,103,596266,9344,98685,9271,0.08655378117010634,0.4980392156862745
872,0.5437,57,55,57,596321,9289,98742,9214,0.08604431435029086,0.49797330162676323
873,0.5438,0,1,0,596322,9288,98742,9214,0.0860350513172033,0.498000216192844
874,0.5439,15,8,15,596330,9280,98757,9199,0.08596094705250287,0.4978083229611992
875,0.544,9,12,9,596342,9268,98766,9190,0.08584979065545222,0.49788709502654677
876,0.5442,7,17,7,596359,9251,98773,9183,0.0856923190929638,0.4981555820765976
877,0.5443,129,140,129,596499,9111,98902,9054,0.08439549446070621,0.49843104872006605
878,0.5444,246,252,246,596751,8859,99148,8808,0.08206121012264256,0.4985566310069621
879,0.5445,62,75,62,596826,8784,99210,8746,0.08136648264107599,0.4989161437535653
880,0.5446,174,187,174,597013,8597,99384,8572,0.07963429545370336,0.4992719436193139
881,0.5447,7,10,7,597023,8587,99391,8565,0.07954166512282781,0.49935867537313433
882,0.5448,152,157,152,597180,8430,99543,8413,0.07808736892808181,0.49949533931009915
883,0.5449,122,130,122,597310,8300,99665,8291,0.07688317462669976,0.49972876860948706
884,0.5452,3,2,3,597312,8298,99668,8288,0.07686464856052466,0.4996985409381406
885,0.5453,22,25,22,597337,8273,99690,8266,0.0766330727333358,0.4997883789830099
886,0.5454,20,18,20,597355,8255,99710,8246,0.07646633813775983,0.49972728925519666
887,0.5455,0,1,0,597356,8254,99710,8246,0.07645707510467227,0.49975757575757573
888,0.5456,42,47,42,597403,8207,99752,8204,0.07602171254955722,0.49990859789165804
889,0.5457,0,1,0,597404,8206,99752,8204,0.07601244951646967,0.4999390615478367
890,0.5458,2,1,2,597405,8205,99754,8202,0.07600318648338211,0.4999085756079722
891,0.5461,41,54,41,597459,8151,99795,8161,0.07550298269665419,0.5003065228052967
892,0.5462,40,57,40,597516,8094,99835,8121,0.0749749898106636,0.5008325624421832
893,0.5466,3,1,3,597517,8093,99838,8118,0.07496572677757606,0.5007710813645055
894,0.5467,326,382,326,597899,7711,100164,7792,0.07142724813813035,0.5026123976004644
895,0.547,4,2,4,597901,7709,100168,7788,0.07140872207195524,0.50254888042847
896,0.5474,166,174,166,598075,7535,100334,7622,0.06979695431472081,0.5028699610740912
897,0.5475,180,173,180,598248,7362,100514,7442,0.06819444959057394,0.5027019724398811
898,0.5478,0,1,0,598249,7361,100514,7442,0.06818518655748639,0.5027359319056948
899,0.548,2,4,2,598253,7357,100516,7440,0.06814813442513616,0.5028046225586268
900,0.5481,12,19,12,598272,7338,100528,7428,0.06797213679647264,0.5030475416497359
901,0.5482,1632,1590,1632,599862,5748,102160,5796,0.053243914187261474,0.502079002079002
902,0.5483,1000,1048,1000,600910,4700,103160,4796,0.04353625551150469,0.5050547598989048
903,0.5484,4,10,4,600920,4690,103164,4792,0.04344362518062914,0.5053786121071504
904,0.5485,0,8,0,600928,4682,103164,4792,0.04336952091592871,0.5058053620434875
905,0.5486,0,2,0,600930,4680,103164,4792,0.043350994849753605,0.5059121621621622
906,0.5488,0,1,0,600931,4679,103164,4792,0.04334173181666605,0.5059655791363108
907,0.549,6,24,6,600955,4655,103170,4786,0.04311941902256475,0.5069378243830103
908,0.5491,14,23,14,600978,4632,103184,4772,0.042906369261551,0.5074436410038281
909,0.5494,38,72,38,601050,4560,103222,4734,0.0422394308792471,0.5093608779857973
910,0.5495,3,4,3,601054,4556,103225,4731,0.04220237874689688,0.5094217723699795
911,0.5497,39,64,39,601118,4492,103264,4692,0.041609544629293414,0.5108885017421603
912,0.5498,48,83,48,601201,4409,103312,4644,0.04084071288302642,0.5129791229426709
913,0.5499,66,107,66,601308,4302,103378,4578,0.03984956834265812,0.5155405405405405
914,0.55,36,55,36,601363,4247,103414,4542,0.03934010152284264,0.5167823415633178
915,0.5501,1,0,1,601363,4247,103415,4541,0.03934010152284264,0.5167273554847519
916,0.5502,1,3,1,601366,4244,103416,4540,0.03931231242357998,0.5168488160291439
917,0.5504,8,13,8,601379,4231,103424,4532,0.03919189299344177,0.5171744836243296
918,0.5505,17,18,17,601397,4213,103441,4515,0.0390251583978658,0.5173006416131989
919,0.5506,25,23,25,601420,4190,103466,4490,0.03881210863685205,0.5172811059907834
920,0.5507,10,5,10,601425,4185,103476,4480,0.03876579347141428,0.5170225043277553
921,0.5508,5,1,5,601426,4184,103481,4475,0.038756530438326726,0.5168033260191708
922,0.5509,18,34,18,601460,4150,103499,4457,0.03844158731334988,0.5178343209015918
923,0.551,5,4,5,601464,4146,103504,4452,0.03840453518099966,0.5177948360083741
924,0.5511,8,5,8,601469,4141,103512,4444,0.0383582200155619,0.5176470588235295
925,0.5512,1,1,1,601470,4140,103513,4443,0.03834895698247434,0.517651170919259
926,0.5513,65,64,65,601534,4076,103578,4378,0.03775612286487087,0.5178613674000473
927,0.5514,53,100,53,601634,3976,103631,4325,0.03682981955611545,0.5210215636670281
928,0.5515,80,62,80,601696,3914,103711,4245,0.036255511504687095,0.5202843485721289
929,0.5516,37,43,37,601739,3871,103748,4208,0.035857201081922266,0.5208565416511944
930,0.5517,14,35,14,601774,3836,103762,4194,0.03553299492385787,0.5222914072229141
931,0.5518,6,11,6,601785,3825,103768,4188,0.03543110155989477,0.5226506926244852
932,0.5519,2,4,2,601789,3821,103770,4186,0.03539404942754455,0.5227925565130511
933,0.552,256,259,256,602048,3562,104026,3930,0.03299492385786802,0.5245595301655098
934,0.5522,146,119,146,602167,3443,104172,3784,0.031892622920449074,0.5235920852359208
935,0.5523,22,27,22,602194,3416,104194,3762,0.03164252102708511,0.5241014210086375
936,0.5524,12,13,12,602207,3403,104206,3750,0.031522101596946905,0.5242555571089054
937,0.5525,164,146,164,602353,3257,104370,3586,0.03016969876616399,0.5240391641093087
938,0.5526,274,242,274,602595,3015,104644,3312,0.027928044758975878,0.5234708392603129
939,0.5527,85,85,85,602680,2930,104729,3227,0.027140686946533772,0.524118889069352
940,0.5528,206,232,206,602912,2698,104935,3021,0.0249916632702212,0.5282392026578073
941,0.5529,74,80,74,602992,2618,105009,2947,0.024250620623216868,0.529559748427673
942,0.553,17,20,17,603012,2598,105026,2930,0.024065359961465783,0.5300289435600579
943,0.5531,41,76,41,603088,2522,105067,2889,0.023361369446811664,0.5339124006653114
944,0.5536,0,1,0,603089,2521,105067,2889,0.02335210641372411,0.534011090573013
945,0.5539,1,2,1,603091,2519,105068,2888,0.023333580347549003,0.5341224338820048
946,0.5542,0,2,0,603093,2517,105068,2888,0.023315054281373895,0.5343200740055504
947,0.5547,2,0,2,603093,2517,105070,2886,0.023315054281373895,0.5341476957245974
948,0.555,3,2,3,603095,2515,105073,2883,0.023296528215198786,0.534086698777325
949,0.5557,2,0,2,603095,2515,105075,2881,0.023296528215198786,0.5339140103780579
950,0.5561,19,50,19,603145,2465,105094,2862,0.022833376560821076,0.5372629998122771
951,0.5562,21,46,21,603191,2419,105115,2841,0.022407277038793583,0.5401140684410647
952,0.5564,46,85,46,603276,2334,105161,2795,0.021619919226351477,0.5449405342171963
953,0.5565,3,6,3,603282,2328,105164,2792,0.021564341027826152,0.5453125
954,0.5566,6,11,6,603293,2317,105170,2786,0.021462447663863054,0.5459533607681756
955,0.5567,15,52,15,603345,2265,105185,2771,0.02098076994331024,0.5502382843526609
956,0.5572,0,1,0,603346,2264,105185,2771,0.020971506910222683,0.5503475670307845
957,0.5573,1,1,1,603347,2263,105186,2770,0.02096224387713513,0.5503675740115239
958,0.5575,2,1,2,603348,2262,105188,2768,0.020952980844047574,0.5502982107355865
959,0.5577,11,17,11,603365,2245,105199,2757,0.020795509281559155,0.5511795281887245
960,0.558,1,1,1,603366,2244,105200,2756,0.0207862462484716,0.5512
961,0.5582,16,12,16,603378,2232,105216,2740,0.02067508985142095,0.5510860820595334
962,0.5583,43,39,43,603417,2193,105259,2697,0.020313831561006336,0.5515337423312884
963,0.5585,0,2,0,603419,2191,105259,2697,0.020295305494831228,0.551759410801964
964,0.5589,4,2,4,603421,2189,105263,2693,0.02027677942865612,0.5516181892666939
965,0.559,17,14,17,603435,2175,105280,2676,0.02014709696543036,0.551638837353123
966,0.5591,122,76,122,603511,2099,105402,2554,0.01944310645077624,0.5488931871910595
967,0.5593,19,27,19,603538,2072,105421,2535,0.01919300455741228,0.5502496201432603
968,0.5594,27,12,27,603550,2060,105448,2508,0.01908184816036163,0.5490367775831874
969,0.5595,13,16,13,603566,2044,105461,2495,0.01893363963096076,0.5496805463758537
970,0.5598,61,56,61,603622,1988,105522,2434,0.018414909778057726,0.550429669832655
971,0.5599,4,10,4,603632,1978,105526,2430,0.018322279447182184,0.5512704174228675
972,0.56,17,15,17,603647,1963,105543,2413,0.018183333950868873,0.551416819012797
973,0.5601,65,50,65,603697,1913,105608,2348,0.017720182296491162,0.551044355785027
974,0.5602,1,1,1,603698,1912,105609,2347,0.01771091926340361,0.5510683258980982
975,0.5603,136,92,136,603790,1820,105745,2211,0.016858720219348623,0.5484991317290995
976,0.5606,126,142,126,603932,1678,105871,2085,0.015543369520915928,0.5540791921339356
977,0.5607,54,64,54,603996,1614,105925,2031,0.01495053540331246,0.557201646090535
978,0.5608,23,16,23,604012,1598,105948,2008,0.014802326873911593,0.5568496949528563
979,0.5609,58,65,58,604077,1533,106006,1950,0.014200229723220572,0.5598621877691645
980,0.561,11,25,11,604102,1508,106017,1939,0.013968653896031717,0.5625181317087322
981,0.5619,1,0,1,604102,1508,106018,1938,0.013968653896031717,0.5623911781775972
982,0.5629,7,19,7,604121,1489,106025,1931,0.013792656267368187,0.5646198830409357
983,0.5632,5,19,5,604140,1470,106030,1926,0.013616658638704657,0.5671378091872792
984,0.5637,6,6,6,604146,1464,106036,1920,0.013561080440179332,0.5673758865248227
985,0.5638,4,15,4,604161,1449,106040,1916,0.013422134943866019,0.5693907875185735
986,0.5644,28,42,28,604203,1407,106068,1888,0.013033087554188744,0.5729893778452201
987,0.5645,74,85,74,604288,1322,106142,1814,0.012245729741746637,0.5784438775510204
988,0.5646,0,2,0,604290,1320,106142,1814,0.01222720367557153,0.5788130185067007
989,0.5647,17,31,17,604321,1289,106159,1797,0.01194004964985735,0.5823071937783538
990,0.5648,5,8,5,604329,1281,106164,1792,0.011865945385156916,0.5831435079726651
991,0.5649,5,7,5,604336,1274,106169,1787,0.011801104153544037,0.583796145050637
992,0.5652,6,5,6,604341,1269,106175,1781,0.011754788988106266,0.5839344262295082
993,0.5655,0,1,0,604342,1268,106175,1781,0.011745525955018711,0.5841259429321088
994,0.5656,8,7,8,604349,1261,106183,1773,0.011680684723405832,0.5843770599868161
995,0.5657,3,1,3,604350,1260,106186,1770,0.011671421690318278,0.5841584158415841
996,0.5658,1,0,1,604350,1260,106187,1769,0.011671421690318278,0.5840211290855067
997,0.5659,2,4,2,604354,1256,106189,1767,0.011634369557968061,0.5845186900430036
998,0.566,8,7,8,604361,1249,106197,1759,0.011569528326355182,0.5847739361702128
999,0.5663,11,11,11,604372,1238,106208,1748,0.011467634962392085,0.5853985264567984
1000,0.5664,11,16,11,604388,1222,106219,1737,0.011319426432991218,0.5870226427847246
1001,0.5665,7,9,7,604397,1213,106226,1730,0.01123605913520323,0.5878355419639824
1002,0.5667,3,1,3,604398,1212,106229,1727,0.011226796102115676,0.5876148349778836
1003,0.5669,153,87,153,604485,1125,106382,1574,0.010420912223498462,0.583178955168581
1004,0.567,151,97,151,604582,1028,106533,1423,0.009522398014005706,0.580579355365157
1005,0.5672,9,6,9,604588,1022,106542,1414,0.00946681981548038,0.5804597701149425
1006,0.5673,156,138,156,604726,884,106698,1258,0.008188521249397902,0.5873015873015873
1007,0.5674,300,223,300,604949,661,106998,958,0.006122864870873318,0.5917232859789994
1008,0.5675,6,5,6,604954,656,107004,952,0.006076549705435548,0.5920398009950248
1009,0.5676,0,3,0,604957,653,107004,952,0.006048760606172886,0.5931464174454829
1010,0.5677,0,1,0,604958,652,107004,952,0.006039497573085331,0.5935162094763092
1011,0.568,3,1,3,604959,651,107007,949,0.006030234539997777,0.593125
1012,0.5681,0,1,0,604960,650,107007,949,0.006020971506910223,0.5934959349593496
1013,0.5682,27,10,27,604970,640,107034,922,0.005928341176034681,0.5902688860435339
1014,0.5683,0,1,0,604971,639,107034,922,0.005919078142947127,0.5906470211402947
1015,0.5685,17,15,17,604986,624,107051,905,0.005780132646633814,0.5918901242642249
1016,0.5687,12,11,12,604997,613,107063,893,0.005678239282670717,0.5929614873837982
1017,0.5688,0,2,0,604999,611,107063,893,0.005659713216495609,0.59375
1018,0.5689,1,2,1,605001,609,107064,892,0.005641187150320501,0.5942704863424384
1019,0.569,44,37,44,605038,572,107108,848,0.005298454926080996,0.5971830985915493
1020,0.5711,1,0,1,605038,572,107109,847,0.005298454926080996,0.5968992248062015
1021,0.5726,0,1,0,605039,571,107109,847,0.005289191892993442,0.5973201692524682
1022,0.5738,77,37,77,605076,534,107186,770,0.004946459668753937,0.5904907975460123
1023,0.5739,67,42,67,605118,492,107253,703,0.0045574122790766605,0.5882845188284519
1024,0.5744,64,36,64,605154,456,107317,639,0.00422394308792471,0.5835616438356165
1025,0.5747,63,38,63,605192,418,107380,576,0.0038719478305976507,0.579476861167002
1026,0.5752,205,145,205,605337,273,107585,371,0.0025288080329022933,0.5760869565217391
1027,0.5753,74,49,74,605386,224,107659,297,0.002074919411612138,0.5700575815738963
1028,0.5754,157,110,157,605496,114,107816,140,0.0010559857719811775,0.5511811023622047
1029,0.5755,2,1,2,605497,113,107818,138,0.0010467227388936233,0.549800796812749
1030,0.5756,1,0,1,605497,113,107819,137,0.0010467227388936233,0.548
1031,0.576,1,6,1,605503,107,107820,136,0.0009911445403682983,0.5596707818930041
1032,0.5763,4,4,4,605507,103,107824,132,0.0009540924080180815,0.5617021276595745
1033,0.5764,17,10,17,605517,93,107841,115,0.0008614620771425395,0.5528846153846154
1034,0.5768,9,11,9,605528,82,107850,106,0.0007595687131794435,0.5638297872340425
1035,0.5769,5,6,5,605534,76,107855,101,0.0007039905146541183,0.5706214689265536
1036,0.577,6,6,6,605540,70,107861,95,0.0006484123161287932,0.5757575757575758
1037,0.5828,0,1,0,605541,69,107861,95,0.000639149283041239,0.5792682926829268
1038,0.583,12,7,12,605548,62,107873,83,0.0005743080514283597,0.5724137931034483
1039,0.5831,11,7,11,605555,55,107884,72,0.0005094668198154803,0.5669291338582677
1040,0.5833,1,1,1,605556,54,107885,71,0.0005002037867279261,0.568
1041,0.5834,15,4,15,605560,50,107900,56,0.00046315165437770943,0.5283018867924528
1042,0.5835,14,12,14,605572,38,107914,42,0.00035199525732705915,0.525
1043,0.5836,0,1,0,605573,37,107914,42,0.000342732224239505,0.5316455696202531
1044,0.5837,13,7,13,605580,30,107927,29,0.0002778909926266257,0.4915254237288136
1045,0.5873,0,1,0,605581,29,107927,29,0.0002686279595390715,0.5
1046,0.5899,3,4,3,605585,25,107930,26,0.00023157582718885472,0.5098039215686274
1047,0.5901,4,4,4,605589,21,107934,22,0.00019452369483863796,0.5116279069767442
1048,0.5906,4,2,4,605591,19,107938,18,0.00017599762866352957,0.4864864864864865
1049,0.5907,3,4,3,605595,15,107941,15,0.00013894549631331284,0.5
1050,0.5911,4,4,4,605599,11,107945,11,0.00010189336396309608,0.5
1051,0.5913,2,4,2,605603,7,107947,9,6.484123161287932e-05,0.5625
1052,0.5914,1,1,1,605604,6,107948,8,5.5578198525325135e-05,0.5714285714285714
1053,0.5915,8,6,8,605610,0,107956,0,0.0,
