,y_proba,y_test,Neg,Pos,TN,FP,FN,TP,FP/P,Prec
0,0.4368,8,607,8,607,605003,8,107948,5.604162807069547,0.15141012495949932
1,0.4369,4,628,4,1235,604375,12,107944,5.598345622290563,0.15153884706149914
2,0.4372,5,640,5,1875,603735,17,107939,5.592417281114528,0.15166916312806145
3,0.4376,2,647,2,2522,603088,19,107937,5.586424098706881,0.15180478886115115
4,0.4379,8,746,8,3268,602342,27,107929,5.579513876023565,0.15195467645448005
5,0.4386,0,103,0,3371,602239,27,107929,5.578559783615547,0.15197671536875781
6,0.439,0,100,0,3471,602139,27,107929,5.577633480306791,0.15199811849006012
7,0.4397,2,102,2,3573,602037,29,107927,5.576688650931861,0.15201756708790867
8,0.4409,1,21,1,3594,602016,30,107926,5.576494127237022,0.15202086931045072
9,0.4425,4,271,4,3865,601745,34,107922,5.573983845270296,0.1520741418158094
10,0.4427,6,346,6,4211,601399,40,107916,5.570778835822002,0.152141150264692
11,0.4441,6,284,6,4495,601115,46,107910,5.568148134425136,0.1521949155530482
12,0.4444,4,102,4,4597,601013,50,107906,5.567203305050206,0.1522120298651891
13,0.4448,7,390,7,4987,600623,57,107899,5.56359072214606,0.1522874377930396
14,0.4449,12,320,12,5307,600303,69,107887,5.560626551558042,0.1523418856521555
15,0.4451,14,636,14,5943,599667,83,107873,5.554735262514358,0.15246205161545637
16,0.4452,7,95,7,6038,599572,90,107866,5.55385527437104,0.15247413907649857
17,0.4455,1,47,1,6085,599525,91,107865,5.553419911815925,0.1524830715729654
18,0.4456,8,300,8,6385,599225,99,107857,5.550641001889659,0.1525381780330994
19,0.4457,5,366,5,6751,598859,104,107852,5.547250731779614,0.15261118052499537
20,0.4458,29,1491,29,8242,597368,133,107823,5.53343954944607,0.1528990018307097
21,0.4459,2,118,2,8360,597250,135,107821,5.532346511541739,0.15292218797823198
22,0.4462,43,1992,43,10352,595258,178,107778,5.513894549631331,0.1533036715047309
23,0.4464,15,985,15,11337,594273,193,107763,5.50477046204009,0.15350067517905064
24,0.4466,0,24,0,11361,594249,193,107763,5.504548149245989,0.15350592297567564
25,0.4468,31,1227,31,12588,593022,224,107732,5.49318240764756,0.15373726015120856
26,0.447,0,63,0,12651,592959,224,107732,5.492598836563044,0.15375108285963426
27,0.4471,2,65,2,12716,592894,226,107730,5.491996739412353,0.15376293132978602
28,0.4472,0,11,0,12727,592883,226,107730,5.49189484604839,0.15376534549030635
29,0.4473,0,17,0,12744,592866,226,107730,5.4917373744859015,0.153769076614768
30,0.4476,4,136,4,12880,592730,230,107726,5.490477601985995,0.1537940998435305
31,0.4478,2,135,2,13015,592595,232,107724,5.489227092519174,0.15382132999390277
32,0.4479,0,17,0,13032,592578,232,107724,5.489069620956686,0.15382506404379825
33,0.448,3,121,3,13153,592457,235,107721,5.487948793953092,0.1538480215031035
34,0.4487,1,137,1,13290,592320,236,107720,5.486679758420097,0.15387692131878178
35,0.449,1,54,1,13344,592266,237,107719,5.486179554633369,0.15388758330535654
36,0.4495,0,18,0,13362,592248,237,107719,5.486012820037793,0.15389154060119978
37,0.4499,1,19,1,13381,592229,238,107718,5.48583682240913,0.15389450915569322
38,0.4503,0,29,0,13410,592200,238,107718,5.48556819444959,0.15390088553230521
39,0.4506,3,48,3,13458,592152,241,107715,5.485123568861388,0.15390781391321495
40,0.4507,23,1256,23,14714,590896,264,107692,5.47348919930342,0.1541566703121153
41,0.4508,3,53,3,14767,590843,267,107689,5.472998258549779,0.1541647340422486
42,0.4509,41,2533,41,17300,588310,308,107648,5.449534995739005,0.15467600056325237
43,0.4513,29,1222,29,18522,587088,337,107619,5.4382155693060135,0.1549127905721405
44,0.4517,31,1731,31,20253,585357,368,107588,5.422181259031457,0.15526196162754619
45,0.452,7,432,7,20685,584925,375,107581,5.418179628737634,0.15535027855354322
46,0.4523,1,48,1,20733,584877,376,107580,5.417735003149431,0.15535982739722468
47,0.4525,0,59,0,20792,584818,376,107580,5.417188484197266,0.15537306578008603
48,0.4527,5,104,5,20896,584714,381,107575,5.41622512875616,0.15539030664939066
49,0.4528,3,38,3,20934,584676,384,107572,5.415873133498833,0.15539517629520055
50,0.4529,11,400,11,21334,584276,395,107561,5.412167920263811,0.1554715922970295
51,0.453,11,640,11,21974,583636,406,107550,5.406239579087776,0.1556021099964409
52,0.4532,4,532,4,22506,583104,410,107546,5.4013116454851975,0.15571707811481938
53,0.4534,9,251,9,22757,582853,419,107537,5.398986624180221,0.15576268485928244
54,0.4536,11,557,11,23314,582296,430,107526,5.3938271147504535,0.15587499383899034
55,0.4537,23,1194,23,24508,581102,453,107503,5.3827670532439145,0.15611707727942725
56,0.4538,10,445,10,24953,580657,463,107493,5.378645003519953,0.1562057690910412
57,0.4539,4,134,4,25087,580523,467,107489,5.3774037570862205,0.1562312866636047
58,0.4541,24,828,24,25915,579695,491,107465,5.369733965689726,0.1563900692706211
59,0.4542,11,273,11,26188,579422,502,107454,5.367205157656823,0.15643871674072177
60,0.4543,28,786,28,26974,578636,530,107426,5.359924413650005,0.15658351577554216
61,0.4545,12,456,12,27430,578180,542,107414,5.3557004705620805,0.15667289970448983
62,0.4546,24,695,24,28125,577485,566,107390,5.349262662566231,0.1568023361927359
63,0.4547,0,3,0,28128,577482,566,107390,5.349234873466968,0.1568030230466423
64,0.4548,19,480,19,28608,577002,585,107371,5.344788617584942,0.15688959091022
65,0.4549,13,394,13,29002,576608,598,107358,5.341138982548446,0.15696394265212013
66,0.455,1,10,1,29012,576598,599,107357,5.34104635221757,0.15696500500763938
67,0.4551,1,77,1,29089,576521,600,107356,5.340333098669828,0.15698144549385343
68,0.4552,5,149,5,29238,576372,605,107351,5.338952906739783,0.15700949068555542
69,0.4553,2,12,2,29250,576360,607,107349,5.338841750342732,0.1570097804767818
70,0.4556,7,43,7,29293,576317,614,107342,5.338443439919968,0.15701102450198126
71,0.4558,0,60,0,29353,576257,614,107342,5.337887657934714,0.15702480547806535
72,0.4559,2,86,2,29439,576171,616,107340,5.337091037089184,0.15704209588433837
73,0.456,6,117,6,29556,576054,622,107334,5.336007262217941,0.15706158141495022
74,0.4561,1,18,1,29574,576036,623,107333,5.335840527622365,0.1570644849268843
75,0.4562,2,178,2,29752,575858,625,107331,5.33419170773278,0.15710293930376515
76,0.4563,0,42,0,29794,575816,625,107331,5.333802660343102,0.157112598020631
77,0.4564,0,15,0,29809,575801,625,107331,5.333663714846789,0.15711604785019587
78,0.4566,35,1438,35,31247,574363,660,107296,5.320343473266886,0.157404215304133
79,0.4569,0,29,0,31276,574334,660,107296,5.320074845307348,0.1574109120784003
80,0.457,9,166,9,31442,574168,669,107287,5.318537181814813,0.1574381287098928
81,0.4571,1,23,1,31465,574145,670,107286,5.3183241320537995,0.15744220618081656
82,0.4573,0,10,0,31475,574135,670,107286,5.3182315017229245,0.15744451667911613
83,0.4575,1,4,1,31479,574131,671,107285,5.318194449590574,0.15744420442138135
84,0.4578,24,684,24,32163,573447,695,107261,5.311858534958687,0.157572703714368
85,0.4579,1,42,1,32205,573405,696,107260,5.31146948756901,0.15758118898430212
86,0.458,0,46,0,32251,573359,696,107260,5.311043388046982,0.15759183919344008
87,0.4581,0,2,0,32253,573357,696,107260,5.311024861980807,0.15759230227866775
88,0.4583,16,227,16,32480,573130,712,107244,5.308922153469932,0.15762507091687808
89,0.4584,2,11,2,32491,573119,714,107242,5.3088202601059695,0.1576251431225482
90,0.4585,1,91,1,32582,573028,715,107241,5.307977324095002,0.1576449904376063
91,0.4586,23,952,23,33534,572076,738,107218,5.29915891659565,0.15783740177301728
92,0.4588,0,31,0,33565,572045,738,107218,5.298871762569936,0.1578446051087723
93,0.4589,15,236,15,33801,571809,753,107203,5.296685686761273,0.15788086219389347
94,0.459,184,5953,184,39754,565856,937,107019,5.241542850791063,0.15904737135426342
95,0.4593,76,2387,76,42141,563469,1013,106943,5.219431990811072,0.1595183260442832
96,0.4594,77,2326,77,44467,561143,1090,106866,5.19788617584942,0.1599768865389538
97,0.4595,13,220,13,44687,560923,1103,106853,5.195848308570159,0.16001323797201455
98,0.4597,143,4060,143,48747,556863,1246,106710,5.158240394234689,0.1608112445804757
99,0.4598,18,393,18,49140,556470,1264,106692,5.154600022231279,0.1608837659576393
100,0.4599,70,1708,70,50848,554762,1334,106622,5.138778761717737,0.16121043145888017
101,0.4601,6,118,6,50966,554644,1340,106616,5.137685723813405,0.16123158818014094
102,0.4602,60,1711,60,52677,552933,1400,106556,5.1218366742006,0.16157358197028304
103,0.4603,73,2008,73,54685,550925,1473,106483,5.103236503760791,0.16197399484034267
104,0.4606,2,100,2,54785,550825,1475,106481,5.102310200452036,0.1619960870583868
105,0.4607,70,1763,70,56548,549062,1545,106411,5.085979473118678,0.16234230853139642
106,0.4611,9,103,9,56651,548959,1554,106402,5.08502538071066,0.16235631964672906
107,0.4613,44,1202,44,57853,547757,1598,106358,5.07389121493942,0.1625983198673016
108,0.4616,4,73,4,57926,547684,1602,106354,5.073215013524028,0.16261134674132083
109,0.4617,30,597,30,58523,547087,1632,106324,5.067684982770759,0.1627214723963937
110,0.4618,7,209,7,58732,546878,1639,106317,5.06574900885546,0.16276456494614933
111,0.4619,19,401,19,59133,546477,1658,106298,5.062034532587351,0.16284018229864808
112,0.462,33,1283,33,60416,545194,1691,106265,5.050150061136018,0.16311847714130898
113,0.4621,24,610,24,61026,544584,1715,106241,5.04449961095261,0.16324050243921176
114,0.4623,23,852,23,61878,543732,1738,106218,5.036607506762014,0.1634248788368336
115,0.4624,9,135,9,62013,543597,1747,106209,5.035356997295194,0.16344724425443902
116,0.4625,28,605,28,62618,542992,1775,106181,5.029752862277224,0.16356348769896467
117,0.4626,62,2031,62,64649,540961,1837,106119,5.010939642076401,0.16399672374358656
118,0.4627,116,4143,116,68792,536818,1953,106003,4.972562895994664,0.16490282675892667
119,0.4628,34,1239,34,70031,535579,1987,105969,4.961085997999185,0.1651770405332103
120,0.4629,12,130,12,70161,535449,1999,105957,4.959881803697803,0.1651948999541632
121,0.463,29,937,29,71098,534512,2028,105928,4.951202341694764,0.16539878833302105
122,0.4631,1,23,1,71121,534489,2029,105927,4.950989291933751,0.16540342527357219
123,0.4632,31,756,31,71877,533733,2060,105896,4.94398643891956,0.16555847217684
124,0.4633,24,1179,24,73056,532554,2084,105872,4.933065322909333,0.1658328451535495
125,0.4634,1,16,1,73072,532538,2085,105871,4.932917114379933,0.16583569467222423
126,0.4635,3,76,3,73148,532462,2088,105868,4.932213123865279,0.16585151880688673
127,0.4638,0,12,0,73160,532450,2088,105868,4.932101967468228,0.1658546367171222
128,0.4639,8,102,8,73262,532348,2096,105860,4.9311571380932975,0.16587068792619333
129,0.464,9,139,9,73401,532209,2105,105851,4.929869576494127,0.16589505689120146
130,0.4641,11,319,11,73720,531890,2116,105840,4.926914668939197,0.16596365232935567
131,0.4642,13,196,13,73916,531694,2129,105827,4.925099114454037,0.16599766909639055
132,0.4644,9,297,9,74213,531397,2138,105818,4.922347993627033,0.1660632596533352
133,0.4645,1,12,1,74225,531385,2139,105817,4.922236837229983,0.16606507826403558
134,0.4646,4,33,4,74258,531352,2143,105813,4.9219311571380935,0.16606844380968822
135,0.4647,25,248,25,74506,531104,2168,105788,4.91963392493238,0.1661003749458307
136,0.4649,11,200,11,74706,530904,2179,105777,4.917781318314869,0.16613814453391887
137,0.4652,0,52,0,74758,530852,2179,105777,4.917299640594316,0.16615171473495552
138,0.4653,1,19,1,74777,530833,2180,105776,4.917123642965652,0.16615536381043938
139,0.4654,1,29,1,74806,530804,2181,105775,4.916855015006114,0.16616162330205678
140,0.4655,5,173,5,74979,530631,2186,105770,4.915252510281967,0.16620024167152472
141,0.4656,44,953,44,75932,529678,2230,105726,4.906424839749527,0.16639177594097612
142,0.466,0,24,0,75956,529654,2230,105726,4.906202526955426,0.16639806100286442
143,0.4661,45,1080,45,77036,528574,2275,105681,4.896198451220868,0.16662225760932117
144,0.4662,0,23,0,77059,528551,2275,105681,4.895985401459854,0.16662830005423881
145,0.4664,1,52,1,77111,528499,2276,105680,4.895503723739301,0.16664064877581883
146,0.4665,0,13,0,77124,528486,2276,105680,4.895383304309163,0.16664406480322186
147,0.4666,9,163,9,77287,528323,2285,105671,4.8938734299158915,0.16667507894396477
148,0.4667,82,1594,82,78881,526729,2367,105589,4.879108155174331,0.16698718050095046
149,0.4668,0,23,0,78904,526706,2367,105589,4.878895105413316,0.1669932547307823
150,0.4669,3,91,3,78995,526615,2370,105586,4.878052169402349,0.16701333911208618
151,0.467,38,955,38,79950,525660,2408,105548,4.8692059728037345,0.16721587812575253
152,0.4671,40,481,40,80431,525179,2448,105508,4.864750453888622,0.16729058946830996
153,0.4673,40,923,40,81354,524256,2488,105468,4.856200674348809,0.16748289726927987
154,0.4674,93,1850,93,83204,522406,2581,105375,4.839064063136833,0.16785312075389347
155,0.4675,35,964,35,84168,521442,2616,105340,4.830134499240431,0.16806481360345382
156,0.4676,39,916,39,85084,520526,2655,105301,4.821649560932232,0.1682589597444661
157,0.4677,107,1914,107,86998,518612,2762,105194,4.8039201156026525,0.16863255563428373
158,0.4678,32,425,32,87423,518187,2794,105162,4.799983326540443,0.16870485073369815
159,0.4679,0,1,0,87424,518186,2794,105162,4.799974063507355,0.16870512137682322
160,0.468,32,539,32,87963,517647,2826,105130,4.7949812886731635,0.16880841778036118
161,0.4681,246,4727,246,92690,512920,3072,104884,4.751194931268294,0.1697690529682553
162,0.4682,28,532,28,93222,512388,3100,104856,4.746266997665716,0.1698777144856815
163,0.4683,142,2904,142,96126,509484,3242,104714,4.719367149579458,0.17048899540539045
164,0.4684,185,3383,185,99509,506101,3427,104529,4.6880303086442625,0.17118222163994562
165,0.4685,193,3904,193,103413,502197,3620,104336,4.651867427470451,0.17202031876254054
166,0.4686,23,291,23,103704,501906,3643,104313,4.649171884841973,0.17207147911893228
167,0.4688,164,3472,164,107176,498434,3807,104149,4.617010633961985,0.17283760079524316
168,0.469,13,157,13,107333,498277,3820,104136,4.615556337767239,0.17286479541444158
169,0.4692,15,456,15,107789,497821,3835,104121,4.611332394679314,0.1729751371394586
170,0.4693,15,325,15,108114,497496,3850,104106,4.608321908925858,0.1730479619416159
171,0.4694,6,51,6,108165,497445,3856,104100,4.607849494238393,0.17305438495873127
172,0.4696,25,438,25,108603,497007,3881,104075,4.603792285746045,0.17314609321190785
173,0.4697,20,383,20,108986,496624,3901,104055,4.600244544073512,0.17322896255737258
174,0.4698,13,57,13,109043,496567,3914,104042,4.59971655118752,0.17322750741330883
175,0.4699,2,9,2,109052,496558,3916,104040,4.599633183889733,0.17322735007442583
176,0.4701,19,442,19,109494,496116,3935,104021,4.595538923265034,0.1733287566005762
177,0.4703,50,1069,50,110563,495047,3985,103971,4.585636740894438,0.1735690747189567
178,0.4704,155,2134,155,112697,492913,4140,103816,4.565869428285598,0.1739751210348416
179,0.4705,6,70,6,112767,492843,4146,103810,4.565221015969469,0.1739872254057216
180,0.4706,2,70,2,112837,492773,4148,103808,4.56457260365334,0.1740048710904303
181,0.4707,59,1057,59,113894,491716,4207,103749,4.554781577679796,0.17423190279865317
182,0.4708,149,2005,149,115899,489711,4356,103600,4.536209196339249,0.1746133140966542
183,0.4709,45,624,45,116523,489087,4401,103555,4.530429063692615,0.1747344940115618
184,0.471,85,1432,85,117955,487655,4486,103470,4.517164400311238,0.17503912032142102
185,0.4711,52,942,52,118897,486713,4538,103418,4.508438623142762,0.1752458352467503
186,0.4712,80,961,80,119858,485752,4618,103338,4.499536848345622,0.1754197151538814
187,0.4713,52,796,52,120654,484956,4670,103286,4.4921634740079295,0.17558419834013891
188,0.4714,16,276,16,120930,484680,4686,103270,4.489606876875764,0.175644187430904
189,0.4715,9,88,9,121018,484592,4695,103261,4.48879172996406,0.1756578600432421
190,0.4717,222,4320,222,125338,480272,4917,103039,4.448775427025826,0.17664504869615008
191,0.4718,108,2216,108,127554,478056,5025,102931,4.428248545703806,0.17716575413907712
192,0.4719,91,2122,91,129676,475934,5116,102840,4.408592389492015,0.17768593613396594
193,0.4721,6,69,6,129745,475865,5122,102834,4.407953240208974,0.177698596334191
194,0.4722,14,116,14,129861,475749,5136,102820,4.406878728370818,0.17771432620828284
195,0.4723,138,2838,138,132699,472911,5274,102682,4.380590240468339,0.17839341340148335
196,0.4724,0,43,0,132742,472868,5274,102682,4.380191930045574,0.17840674137781254
197,0.4725,19,248,19,132990,472620,5293,102663,4.377894697839861,0.17845651618420846
198,0.4726,33,718,33,133708,471902,5326,102630,4.371243840082997,0.1786323477195352
199,0.4727,8,170,8,133878,471732,5334,102622,4.369669124458112,0.17867377958541247
200,0.4728,1,19,1,133897,471713,5335,102621,4.3694931268294495,0.1786782603850721
201,0.4729,8,118,8,134015,471595,5343,102613,4.368400088925117,0.17870353600089167
202,0.4731,45,826,45,134841,470769,5388,102568,4.360748823594798,0.17889653031288755
203,0.4732,19,221,19,135062,470548,5407,102549,4.358701693282448,0.17893829491342653
204,0.4733,41,409,41,135471,470139,5448,102508,4.354913112749639,0.17900731165971356
205,0.4736,1,20,1,135491,470119,5449,102507,4.354727852087888,0.1790121300814144
206,0.4737,20,301,20,135792,469818,5469,102487,4.351939679128534,0.17907758974672597
207,0.4738,14,255,14,136047,469563,5483,102473,4.349577605691207,0.17913732702137627
208,0.4741,23,547,23,136594,469016,5506,102450,4.344510726592316,0.17927575743788782
209,0.4742,1,8,1,136602,469008,5507,102449,4.344436622327615,0.17927683097765887
210,0.4743,14,255,14,136857,468753,5521,102435,4.342074548890289,0.17933675077207503
211,0.4744,0,3,0,136860,468750,5521,102435,4.342046759791026,0.17933769269150976
212,0.4745,16,112,16,136972,468638,5537,102419,4.34100930008522,0.17934987225443344
213,0.4746,29,480,29,137452,468158,5566,102390,4.336563044203194,0.17945904639048774
214,0.4749,0,27,0,137479,468131,5566,102390,4.33631294230983,0.1794675393193239
215,0.475,33,382,33,137861,467749,5599,102357,4.332774463670384,0.179540296015127
216,0.4751,40,787,40,138648,466962,5639,102317,4.325484456630479,0.17973085253452173
217,0.4752,0,21,0,138669,466941,5639,102317,4.3252899329356405,0.17973748282852414
218,0.4753,150,2523,150,141192,464418,5789,102167,4.301919300455741,0.18032069327638395
219,0.4754,4,73,4,141265,464345,5793,102163,4.30124309904035,0.18033814173851032
220,0.4755,167,2346,167,143611,461999,5960,101996,4.279512023416948,0.18084557487211766
221,0.4756,19,295,19,143906,461704,5979,101977,4.276779428656119,0.18091260837246598
222,0.4757,381,5121,381,149027,456583,6360,101596,4.229343436214754,0.18201329680980474
223,0.4758,39,391,39,149418,456192,6399,101557,4.22572159027752,0.18208369714692452
224,0.4759,140,1973,140,151391,454219,6539,101417,4.207445625995776,0.18252417050011158
225,0.476,104,1552,104,152943,452667,6643,101313,4.193069398643892,0.1828820535037366
226,0.4761,104,1421,104,154364,451246,6747,101209,4.179906628626478,0.1831986315627517
227,0.4762,4,95,4,154459,451151,6751,101205,4.17902664048316,0.18322422495636873
228,0.4763,109,1478,109,155937,449673,6860,101096,4.165335877579754,0.18355426685234644
229,0.4764,291,4029,291,159966,445644,7151,100805,4.128015117269999,0.184472841930354
230,0.4765,232,3371,232,163337,442273,7383,100573,4.096789432731854,0.18526985553914002
231,0.4766,371,4883,371,168220,437390,7754,100202,4.051558042165326,0.18639042247652496
232,0.4767,118,1540,118,169760,435850,7872,100084,4.037292971210493,0.18674687554810854
233,0.4768,7,73,7,169833,435777,7879,100077,4.036616769795102,0.1867616925505828
234,0.4769,263,4301,263,174134,431476,8142,99814,3.996776464485531,0.18787103088708615
235,0.477,99,1323,99,175457,430153,8241,99715,3.984521471710697,0.1881883789925038
236,0.4771,111,1772,111,177229,428381,8352,99604,3.968107377079551,0.18864929874901748
237,0.4772,73,1044,73,178273,427337,8425,99531,3.9584367705361445,0.18891069489891207
238,0.4773,115,1954,115,180227,425383,8540,99416,3.9403368038830635,0.18943633657838524
239,0.4774,9,162,9,180389,425221,8549,99407,3.9388361925228796,0.18948092743810852
240,0.4775,14,336,14,180725,424885,8563,99393,3.9357238134054615,0.1895807186263776
241,0.4776,54,950,54,181675,423935,8617,99339,3.926923931972285,0.18984126862790812
242,0.4777,2,4,2,181679,423931,8619,99337,3.926886879839935,0.18983962329055093
243,0.4778,26,401,26,182080,423530,8645,99311,3.9231724035718254,0.18994493545838984
244,0.478,96,1370,96,183450,422160,8741,99215,3.9104820482418763,0.19029489331095661
245,0.4781,16,167,16,183617,421993,8757,99199,3.908935121716255,0.19033101045296166
246,0.4782,2,41,2,183658,421952,8759,99197,3.908555337359665,0.19034287698911445
247,0.4783,8,156,8,183814,421796,8767,99189,3.9071103041980066,0.19038743917771145
248,0.4784,44,631,44,184445,421165,8811,99145,3.90126533031976,0.19054986450385347
249,0.4785,94,1125,94,185570,420040,8905,99051,3.8908444180962616,0.19081625379750372
250,0.4786,16,108,16,185678,419932,8921,99035,3.8898440105228054,0.1908310162303191
251,0.4787,33,414,33,186092,419518,8954,99002,3.8860091148245584,0.1909318830517627
252,0.4788,0,24,0,186116,419494,8954,99002,3.8857868020304567,0.1909407208541628
253,0.4789,29,295,29,186411,419199,8983,98973,3.8830542072696286,0.1910041453417012
254,0.479,101,1363,101,187774,417836,9084,98872,3.870428693171292,0.19134985330205842
255,0.4791,69,966,69,188740,416870,9153,98803,3.861480603208715,0.19160010316615375
256,0.4792,13,166,13,188906,416704,9166,98790,3.8599429397161806,0.1916414158069735
257,0.4793,65,980,65,189886,415724,9231,98725,3.8508651672903778,0.19190434814724103
258,0.4794,92,1537,92,191423,414187,9323,98633,3.836627885434807,0.19233454233454234
259,0.4795,0,3,0,191426,414184,9323,98633,3.836600096335544,0.19233566749932238
260,0.4796,1,12,1,191438,414172,9324,98632,3.8364889399384934,0.19233859330270434
261,0.4797,32,705,32,192143,413467,9356,98600,3.8299585016117677,0.19255292764423407
262,0.4798,7,54,7,192197,413413,9363,98593,3.82945829782504,0.19256219653675932
263,0.4799,70,846,70,193043,412567,9433,98523,3.821621771832969,0.19277035355808175
264,0.48,83,861,83,193904,411706,9516,98440,3.8136463003445846,0.19296436706354653
265,0.4801,297,3408,297,197312,408298,9813,98143,3.7820778835822,0.19378960234262235
266,0.4802,49,653,49,197965,407645,9862,98094,3.7760291229760274,0.1939617075210731
267,0.4803,2,10,2,197975,407635,9864,98092,3.7759364926451515,0.1939623551837256
268,0.4804,198,2050,198,200025,405585,10062,97894,3.7569472748156656,0.1944351204320339
269,0.4805,17,154,17,200179,405431,10079,97877,3.7555207677201823,0.19446740365740262
270,0.4806,5,26,5,200205,405405,10084,97872,3.7552799288599057,0.19446944724277088
271,0.4807,15,200,15,200405,405205,10099,97857,3.753427322242395,0.1945227427235609
272,0.4808,28,225,28,200630,404980,10127,97829,3.7513431397976955,0.19456493419966628
273,0.4809,25,211,25,200841,404769,10152,97804,3.7493886398162215,0.1946065546696699
274,0.481,0,14,0,200855,404755,10152,97804,3.7492589573529957,0.19461197590730642
275,0.4811,6,70,6,200925,404685,10158,97798,3.748610545036867,0.19462947005172315
276,0.4812,18,165,18,201090,404520,10176,97780,3.7470821445774205,0.19466454310173203
277,0.4813,22,157,22,201247,404363,10198,97758,3.7456278483826746,0.19469012449190534
278,0.4814,6,7,6,201254,404356,10204,97752,3.7455630071510617,0.1946832155631856
279,0.4815,41,318,41,201572,404038,10245,97711,3.742617362629219,0.1947407966931673
280,0.4816,122,1226,122,202798,402812,10367,97589,3.731260884063878,0.1950215926826685
281,0.4817,2,69,2,202867,402743,10369,97587,3.730621734780837,0.19504527012171965
282,0.4818,0,8,0,202875,402735,10369,97587,3.7305476305161362,0.1950483888375886
283,0.4819,21,329,21,203204,402406,10390,97566,3.727500092630331,0.19514292800396824
284,0.482,6,48,6,203252,402358,10396,97560,3.727055467042128,0.19515200492880833
285,0.4821,92,996,92,204248,401362,10488,97468,3.717829486086924,0.19539322013511617
286,0.4822,100,1194,100,205442,400168,10588,97368,3.7067694245803846,0.19570041162850527
287,0.4823,82,1179,82,206621,398989,10670,97286,3.695848308570158,0.19603244169059494
288,0.4825,2,37,2,206658,398952,10672,97284,3.695505576345919,0.19604381786085653
289,0.4827,74,939,74,207597,398013,10746,97210,3.6868075882767055,0.19629540631190392
290,0.4828,70,888,70,208485,397125,10816,97140,3.6785820148949573,0.19653424782252435
291,0.4829,70,746,70,209231,396379,10886,97070,3.671671792211642,0.19671739126029236
292,0.483,144,1360,144,210591,395019,11030,96926,3.659074067212568,0.19702609031497423
293,0.4831,16,141,16,210732,394878,11046,96910,3.657767979547223,0.1970564552205422
294,0.4832,77,926,77,211658,393952,11123,96833,3.649190410908148,0.19730228103955907
295,0.4833,8,103,8,211761,393849,11131,96825,3.6482363185001296,0.19733061054794018
296,0.4834,83,1070,83,212831,392779,11214,96742,3.6383248730964466,0.19762584240512665
297,0.4835,10,154,10,212985,392625,11224,96732,3.6368983660009633,0.19767163849704816
298,0.4836,71,498,71,213483,392127,11295,96661,3.6322853755233613,0.19775649156689606
299,0.4837,74,758,74,214241,391369,11369,96587,3.625263996442995,0.19794202755986195
300,0.4838,61,432,61,214673,390937,11430,96526,3.621262366149172,0.19801708027070772
301,0.4839,93,760,93,215433,390177,11523,96433,3.6142224610026306,0.1981730749470829
302,0.484,69,837,69,216270,389340,11592,96364,3.606469302308348,0.1984006720142309
303,0.4841,125,1537,125,217807,387803,11717,96239,3.592232020452777,0.19882365579846378
304,0.4842,83,1042,83,218849,386761,11800,96156,3.582579939975546,0.1991149617843232
305,0.4843,86,541,86,219390,386220,11886,96070,3.577568639075179,0.19919550477928216
306,0.4844,713,7066,713,226456,379154,12599,95357,3.512116047278521,0.20095846039396348
307,0.4845,137,1130,137,227586,378024,12736,95220,3.5016488198895845,0.20120698836118367
308,0.4846,706,6687,706,234273,371337,13442,94514,3.4397069176331097,0.20288461332056817
309,0.4847,52,582,52,234855,370755,13494,94462,3.434315832376153,0.20304932966766046
310,0.4848,927,8545,927,243400,362210,14421,93535,3.3551632146430026,0.2052353838220935
311,0.4849,641,6192,641,249592,356018,15062,92894,3.297806513764867,0.20693142531275618
312,0.485,1032,11192,1032,260784,344826,16094,91862,3.1941346474489607,0.21036071520170008
313,0.4851,64,592,64,261376,344234,16158,91798,3.1886509318611287,0.2105304197857038
314,0.4852,641,5981,641,267357,338253,16799,91157,3.133248730964467,0.21228429705875504
315,0.4853,363,4100,363,271457,334153,17162,90794,3.095270295305495,0.2136595857836389
316,0.4854,51,451,51,271908,333702,17213,90743,3.0910926673830077,0.21379212854433435
317,0.4855,368,3449,368,275357,330253,17581,90375,3.0591444662640335,0.21485730859571878
318,0.4856,18,344,18,275701,329909,17599,90357,3.055957982881915,0.2149995479053742
319,0.4857,388,3591,388,279292,326318,17987,89969,3.0226944310645076,0.21612253085011063
320,0.4858,381,3273,381,282565,323045,18368,89588,2.992376523768943,0.2171130277995216
321,0.4859,21,153,21,282718,322892,18389,89567,2.990959279706547,0.2171537049743126
322,0.486,358,3341,358,286059,319551,18747,89209,2.9600114861610285,0.2182429787650455
323,0.4861,87,793,87,286852,318758,18834,89122,2.952665900922598,0.2185005393743258
324,0.4862,39,331,39,287183,318427,18873,89083,2.949599836970618,0.21860322446074942
325,0.4863,378,3432,378,290615,314995,19251,88705,2.9178091074141315,0.21972999752291306
326,0.4864,14,197,14,290812,314798,19265,88691,2.9159842898958837,0.21981020548267735
327,0.4865,92,1040,92,291852,313758,19357,88599,2.906350735484827,0.2201999716669525
328,0.4866,6,41,6,291893,313717,19363,88593,2.9059709511282374,0.22021078272973577
329,0.4867,206,2247,206,294140,311470,19569,88387,2.8851569157805033,0.22104652413237733
330,0.4868,6,148,6,294288,311322,19575,88381,2.883785986883545,0.2211166791342572
331,0.4869,180,2165,180,296453,309157,19755,88201,2.86373152024899,0.22196860262030713
332,0.487,12,73,12,296526,309084,19767,88189,2.8630553188335988,0.22198588879687267
333,0.4871,140,1448,140,297974,307636,19907,88049,2.8496424469228203,0.22252296650113096
334,0.4872,114,786,114,298760,306850,20021,87935,2.8423617029160027,0.2227414922046177
335,0.4873,36,301,36,299061,306549,20057,87899,2.839573529956649,0.22284052650793007
336,0.4874,59,349,59,299410,306200,20116,87840,2.8363407314090927,0.2229215308090549
337,0.4875,162,1180,162,300590,305020,20278,87678,2.8254103523657785,0.2232708086111974
338,0.4876,41,263,41,300853,304757,20319,87637,2.822974174663752,0.22333929672726902
339,0.4877,78,709,78,301562,304048,20397,87559,2.8164066842046758,0.22358895525360883
340,0.4879,1,5,1,301567,304043,20398,87558,2.8163603690392383,0.22358982740084934
341,0.488,18,145,18,301712,303898,20416,87540,2.8150172292415427,0.22363694889101213
342,0.4881,241,2426,241,304138,301472,20657,87299,2.7925451109711363,0.2245512139537157
343,0.4882,42,367,42,304505,301105,20699,87257,2.789145577828004,0.2246795515524176
344,0.4883,100,640,100,305145,300465,20799,87157,2.783217236651969,0.22485049868170537
345,0.4884,93,1060,93,306205,299405,20892,87064,2.773398421579162,0.22528068227982062
346,0.4885,132,1438,132,307643,297967,21024,86932,2.760078179999259,0.22585665330385374
347,0.4886,8,77,8,307720,297890,21032,86924,2.7593649264515174,0.2258857525973587
348,0.4887,116,1252,116,308972,296638,21148,86808,2.7477676090258996,0.2263891134605655
349,0.4888,10,55,10,309027,296583,21158,86798,2.7472581422060838,0.2264014126938998
350,0.4889,14,59,14,309086,296524,21172,86784,2.746711623253918,0.2264080060943158
351,0.489,9,131,9,309217,296393,21181,86775,2.745498165919449,0.22646724152330047
352,0.4891,7,33,7,309250,296360,21188,86768,2.7451924858275594,0.22647261489632708
353,0.4892,7,44,7,309294,296316,21195,86761,2.744784912371707,0.22648449267379664
354,0.4893,1,14,1,309308,296302,21196,86760,2.7446552299084814,0.2264907508445108
355,0.4894,28,144,28,309452,296158,21224,86732,2.7433213531438736,0.22651936587531668
356,0.4895,36,277,36,309729,295881,21260,86696,2.740755492978621,0.22661059080917045
357,0.4896,19,187,19,309916,295694,21279,86677,2.7390233057912483,0.22668298589589692
358,0.4898,103,833,103,310749,294861,21382,86574,2.731307199229316,0.22696920838412835
359,0.4899,12,93,12,310842,294768,21394,86562,2.730445737152173,0.2270002360160491
360,0.49,34,301,34,311143,294467,21428,86528,2.7276575641928194,0.2271105920025197
361,0.4901,12,80,12,311223,294387,21440,86516,2.726916521545815,0.2271339422372625
362,0.4902,18,94,18,311317,294293,21458,86498,2.726045796435585,0.22715347789207202
363,0.4903,40,262,40,311579,294031,21498,86458,2.7236188817666456,0.2272286452433579
364,0.4904,52,256,52,311835,293775,21550,86406,2.7212475452962317,0.22727595540019097
365,0.4905,2,43,2,311878,293732,21552,86404,2.7208492348734667,0.2272975987541301
366,0.4906,27,139,27,312017,293593,21579,86377,2.719561673274297,0.22732584151380372
367,0.4907,5,74,5,312091,293519,21584,86372,2.718876208825818,0.22735995324974795
368,0.4908,66,426,66,312517,293093,21650,86306,2.71493015673052,0.22748083152564977
369,0.4909,31,236,31,312753,292857,21681,86275,2.712744080921857,0.22755926695715475
370,0.491,15,137,15,312890,292720,21696,86260,2.711475045388862,0.22761095572325715
371,0.4911,39,259,39,313149,292461,21735,86221,2.7090759198191856,0.22768708309346627
372,0.4912,244,2048,244,315197,290413,21979,85977,2.6901052280558746,0.22842530354153937
373,0.4913,175,1412,175,316609,289001,22154,85802,2.677025825336248,0.22892559557954445
374,0.4914,27,182,27,316791,288819,22181,85775,2.6753399533143134,0.2289812436931718
375,0.4915,3,13,3,316804,288806,22184,85772,2.675219533884175,0.22898301555350287
376,0.4916,8,50,8,316854,288756,22192,85764,2.6747563822297975,0.22899711630887537
377,0.4917,41,256,41,317110,288500,22233,85723,2.6723850457593836,0.22906929825264616
378,0.4918,294,2494,294,319604,286006,22527,85429,2.6492830412390234,0.22999717312584975
379,0.4919,77,663,77,320267,285343,22604,85352,2.643141650301975,0.2302485871133951
380,0.492,349,2468,349,322735,282875,22953,85003,2.6202804846418912,0.23106301545621102
381,0.4921,85,418,85,323153,282457,23038,84918,2.6164085368112935,0.23114800952705003
382,0.4922,93,724,93,323877,281733,23131,84825,2.609702100855904,0.23140949044898762
383,0.4923,11,39,11,323916,281694,23142,84814,2.60934084256549,0.23141104696214
384,0.4924,382,2780,382,326696,278914,23524,84432,2.583589610582089,0.2323735502798985
385,0.4925,66,610,66,327306,278304,23590,84366,2.5779391603986808,0.2326247001406237
386,0.4926,30,252,30,327558,278052,23620,84336,2.575604876060617,0.23272293784562403
387,0.4927,181,1004,181,328562,277048,23801,84155,2.566304790840713,0.2329853295792117
388,0.4928,207,1011,207,329573,276037,24008,83948,2.5569398643891956,0.23319860549745128
389,0.4929,553,4144,553,333717,271893,24561,83395,2.518553855274371,0.2347250681137556
390,0.493,291,1991,291,335708,269902,24852,83104,2.500111156397051,0.23541809487657434
391,0.4931,4,41,4,335749,269861,24856,83100,2.499731372040461,0.2354367763010644
392,0.4932,525,4050,525,339799,265811,25381,82575,2.4622160880358663,0.23702157951237995
393,0.4933,189,1131,189,340930,264680,25570,82386,2.4517395976138427,0.23737848132631834
394,0.4934,381,2217,381,343147,262463,25951,82005,2.431203453258735,0.23806275183761627
395,0.4935,43,490,43,343637,261973,25994,81962,2.4266645670458336,0.23830665678107782
396,0.4936,302,2452,302,346089,259521,26296,81660,2.4039516099151506,0.2393450983495564
397,0.4937,86,649,86,346738,258872,26382,81574,2.397939901441328,0.23960921849573794
398,0.4938,12,97,12,346835,258775,26394,81562,2.3970413872318352,0.2396506991599503
399,0.4939,35,211,35,347046,258564,26429,81527,2.3950868872503612,0.23972113346133828
400,0.494,1820,11782,1820,358828,246782,28249,79707,2.2859498314127977,0.24413379930104842
401,0.4941,1007,7136,1007,365964,239646,29256,78700,2.219848827300011,0.24721529405112677
402,0.4942,1101,7087,1101,373051,232559,30357,77599,2.1542017118085144,0.25019183770852277
403,0.4943,90,737,90,373788,231822,30447,77509,2.1473748564229873,0.25056977800479097
404,0.4944,1028,6802,1028,380590,225020,31475,76481,2.0843677053614433,0.253667483689938
405,0.4945,20,116,20,380706,224904,31495,76461,2.0832931935232875,0.25371559404708577
406,0.4946,96,759,96,381465,224145,31591,76365,2.0762625514098336,0.25411799940101826
407,0.4947,5,33,5,381498,224112,31596,76360,2.075956871317944,0.2541334966319657
408,0.4948,75,451,75,381949,223661,31671,76285,2.0717792433954574,0.2543291125735966
409,0.4949,154,1067,154,383016,222594,31825,76131,2.061895587091037,0.25485312578458447
410,0.495,112,601,112,383617,221993,31937,76019,2.056328504205417,0.2550870434747594
411,0.4951,183,750,183,384367,221243,32120,75836,2.0493812293897515,0.25527216666273955
412,0.4952,120,1019,120,385386,220224,32240,75716,2.0399421986735335,0.25584915861323243
413,0.4953,151,970,151,386356,219254,32391,75565,2.030957056578606,0.2563098036422347
414,0.4954,51,343,51,386699,218911,32442,75514,2.027779836229575,0.2564795788401121
415,0.4955,30,74,30,386773,218837,32472,75484,2.027094371781096,0.2564682778327065
416,0.4956,35,182,35,386955,218655,32507,75449,2.0254084997591613,0.25653850338655715
417,0.4957,93,633,93,387588,218022,32600,75356,2.0195449998147392,0.2568563423296907
418,0.4958,116,720,116,388308,217302,32716,75240,2.0128756159917005,0.2571938388333983
419,0.496,29,260,29,388568,217042,32745,75211,2.0104672273889364,0.2573489408149788
420,0.4961,12,133,12,388701,216909,32757,75199,2.0092352439882917,0.2574356060087365
421,0.4962,0,3,0,388704,216906,32757,75199,2.009207454889029,0.2574382499443693
422,0.4963,13,176,13,388880,216730,32770,75186,2.0075771610656195,0.2575603940859699
423,0.4964,258,1424,258,390304,215306,33028,74928,1.9943866019489422,0.25816410206936474
424,0.4965,260,1271,260,391575,214035,33288,74668,1.9826132868946609,0.2586325739600905
425,0.4966,23,253,23,391828,213782,33311,74645,1.9802697395235096,0.2588003203583576
426,0.4967,126,810,126,392638,212972,33437,74519,1.9727666827225907,0.259204635971213
427,0.4968,183,819,183,393457,212153,33620,74336,1.9651802586238838,0.25947244047764484
428,0.4969,22,188,22,393645,211965,33642,74314,1.9634388084034236,0.25958592841249273
429,0.497,41,393,41,394038,211572,33683,74273,1.9597984364000147,0.2598366247441795
430,0.4971,6,14,6,394052,211558,33689,74267,1.959668753936789,0.2598338143969212
431,0.4972,76,443,76,394495,211115,33765,74191,1.9555652302790025,0.2600400972990403
432,0.4973,7,26,7,394521,211089,33772,74184,1.9553243914187262,0.2600456404917395
433,0.4974,19,140,19,394661,210949,33791,74165,1.9540275667864686,0.26012402056721173
434,0.4975,0,6,0,394667,210943,33791,74165,1.9539719885879432,0.26012949478794
435,0.4976,18,149,18,394816,210794,33809,74147,1.9525917966578976,0.26021878213384525
436,0.4978,20,121,20,394937,210673,33829,74127,1.9514709696543036,0.26027738764044944
437,0.4979,8,47,8,394984,210626,33837,74119,1.9510356070991886,0.2602995662786001
438,0.498,94,353,94,395337,210273,33931,74025,1.9477657564192818,0.26037819471118334
439,0.4981,167,956,167,396293,209317,34098,73858,1.9389102967875802,0.2608210470557076
440,0.4982,10,84,10,396377,209233,34108,73848,1.9381322020082257,0.26087232982785846
441,0.4983,1,8,1,396385,209225,34109,73847,1.938058097743525,0.26087709134071896
442,0.4984,73,352,73,396737,208873,34182,73774,1.934797510096706,0.2610110844976242
443,0.4985,54,286,54,397023,208587,34236,73720,1.9321482826336656,0.2611341553698633
444,0.4986,55,322,55,397345,208265,34291,73665,1.9291655859794732,0.26128826304401803
445,0.4987,5,19,5,397364,208246,34296,73660,1.9289895883508097,0.261292771349315
446,0.4988,3,26,3,397390,208220,34299,73657,1.928748749490533,0.2613090106677735
447,0.4989,18,148,18,397538,208072,34317,73639,1.9273778205935752,0.26139909339713396
448,0.499,83,535,83,398073,207537,34400,73556,1.9224220978917337,0.2616785192089451
449,0.4991,3,9,3,398082,207528,34403,73553,1.9223387305939457,0.26167901779202435
450,0.4992,97,489,97,398571,207039,34500,73456,1.9178091074141317,0.2618798909071463
451,0.4993,46,236,46,398807,206803,34546,73410,1.915623031605469,0.261979280047678
452,0.4994,351,1879,351,400686,204924,34897,73059,1.8982177924339545,0.26281822989175596
453,0.4995,358,1945,358,402631,202979,35255,72701,1.8802011930786617,0.2637151770168311
454,0.4996,21,117,21,402748,202862,35276,72680,1.8791174182074177,0.2637710403495656
455,0.4997,50,249,50,402997,202613,35326,72630,1.8768109229686167,0.2638759205502047
456,0.4998,190,896,190,403893,201717,35516,72440,1.8685112453221684,0.26422816123608006
457,0.4999,4,47,4,403940,201670,35520,72436,1.8680758827670532,0.264262730476531
458,0.5,271,1468,271,405408,200202,35791,72165,1.8544777501945238,0.26495500556234786
459,0.5001,265,1503,265,406911,198699,36056,71900,1.8405554114639298,0.2657068207938684
460,0.5002,274,1638,274,408549,197061,36330,71626,1.825382563266516,0.2665778396424092
461,0.5003,12,52,12,408601,197009,36342,71614,1.8249008855459632,0.26659668010557547
462,0.5004,271,1268,271,409869,195741,36613,71343,1.8131553595909444,0.2671182100013479
463,0.5005,17,73,17,409942,195668,36630,71326,1.812479158175553,0.2671445800280156
464,0.5006,190,1377,190,411319,194291,36820,71136,1.7997239616139908,0.2680058923922585
465,0.5007,608,3019,608,414338,191272,37428,70528,1.7717588647226648,0.2693964858670741
466,0.5008,345,1649,345,415987,189623,37773,70183,1.756484123161288,0.27013617853321326
467,0.5009,492,2712,492,418699,186911,38265,69691,1.731362777427841,0.2715918036492311
468,0.501,0,1,0,418700,186910,38265,69691,1.7313535143947534,0.2715928620699062
469,0.5011,750,3464,750,422164,183446,39015,68941,1.6992663677794657,0.2731559073961813
470,0.5012,458,2342,458,424506,181104,39473,68483,1.6775723442884138,0.27438528448997745
471,0.5013,625,3101,625,427607,178003,40098,67858,1.6488476786839084,0.2760014805113458
472,0.5014,0,1,0,427608,178002,40098,67858,1.6488384156508207,0.27600260310745955
473,0.5015,31,165,31,427773,177837,40129,67827,1.6473100151913742,0.276096619773349
474,0.5016,0,1,0,427774,177836,40129,67827,1.6473007521582868,0.27609774365696094
475,0.5017,66,304,66,428078,177532,40195,67761,1.6444847900996702,0.2762451435630042
476,0.5018,1028,5020,1028,433098,172512,41223,66733,1.5979843640001483,0.278931639114715
477,0.5019,43,218,43,433316,172294,41266,66690,1.5959650227870614,0.2790563384996485
478,0.502,452,2489,452,435805,169805,41718,66238,1.5729093334321391,0.2806183619086353
479,0.5021,895,4556,895,440361,165249,42613,65343,1.530706954685242,0.28337062864279766
480,0.5022,361,2014,361,442375,163235,42974,64982,1.512051206046908,0.28473777150694296
481,0.5023,809,4427,809,446802,158808,43783,64173,1.4710437585683056,0.28779582116861974
482,0.5024,18,23,18,446825,158785,43801,64155,1.4708307088072918,0.2877680093298645
483,0.5025,386,2082,386,448907,156703,44187,63769,1.4515450739190041,0.2892385427627998
484,0.5026,19,70,19,448977,156633,44206,63750,1.4508966616028753,0.2892691360041382
485,0.5027,514,2972,514,451949,153661,44720,63236,1.4233669272666643,0.2915485230316694
486,0.5028,473,2475,473,454424,151186,45193,62763,1.4004409203749675,0.2933549584246713
487,0.5029,150,910,150,455334,150276,45343,62613,1.3920115602652932,0.2941110155996787
488,0.503,27,179,27,455513,150097,45370,62586,1.3903534773426212,0.29426893545793503
489,0.5031,74,367,74,455880,149730,45444,62512,1.3869539441994887,0.29453171379839993
490,0.5032,84,387,84,456267,149343,45528,62428,1.3833691503946053,0.29479012707122315
491,0.5033,134,775,134,457042,148568,45662,62294,1.3761902997517508,0.2954254441293358
492,0.5034,245,1137,245,458179,147431,45907,62049,1.3656582311312015,0.2962048882948253
493,0.5035,155,860,155,459039,146571,46062,61894,1.357692022675905,0.2969035569520063
494,0.5036,2,11,2,459050,146560,46064,61892,1.357590129311942,0.29691247865215975
495,0.5037,87,317,87,459367,146243,46151,61805,1.3546537478231873,0.2970708682611705
496,0.5038,6,85,6,459452,146158,46157,61799,1.353866390010745,0.29717201152161266
497,0.5039,135,450,135,459902,145708,46292,61664,1.3496980251213457,0.2973593349150319
498,0.504,115,441,115,460343,145267,46407,61549,1.3456130275297344,0.2976026999845273
499,0.5041,237,816,237,461159,144451,46644,61312,1.3380543925302901,0.29797388257364055
500,0.5042,61,191,61,461350,144260,46705,61251,1.3362851532105673,0.29804244055062745
501,0.5043,117,392,117,461742,143868,46822,61134,1.332654044240246,0.29821172476366087
502,0.5044,52,300,52,462042,143568,46874,61082,1.3298751343139799,0.2984705594918153
503,0.5045,12,34,12,462076,143534,46886,61070,1.329560191189003,0.2984790131180231
504,0.5046,29,94,29,462170,143440,46915,61041,1.328689466078773,0.2985167326059634
505,0.5047,49,179,49,462349,143261,46964,60992,1.3270313831561007,0.2986100571350237
506,0.5048,128,501,128,462850,142760,47092,60864,1.3223906035792359,0.2989038620201941
507,0.5049,51,148,51,462998,142612,47143,60813,1.321019674682278,0.29894555733071154
508,0.505,14,89,14,463087,142523,47157,60799,1.3201952647374857,0.29902814255220783
509,0.5051,39,190,39,463277,142333,47196,60760,1.3184352884508503,0.299173285145229
510,0.5052,21,98,21,463375,142235,47217,60739,1.31752751120827,0.2992452235261659
511,0.5053,33,119,33,463494,142116,47250,60706,1.3164252102708511,0.29930678131563637
512,0.5054,3,1,3,463495,142115,47253,60703,1.3164159472377635,0.29929789269197016
513,0.5055,2,2,2,463497,142113,47255,60701,1.3163974211715885,0.299293934343783
514,0.5056,1,8,1,463505,142105,47256,60700,1.316323316906888,0.29930228544661125
515,0.5057,4,19,4,463524,142086,47260,60696,1.3161473192782245,0.299316507382312
516,0.5058,43,165,43,463689,141921,47303,60653,1.314618918818778,0.29941157305478494
517,0.5059,10,51,10,463740,141870,47313,60643,1.3141465041313127,0.2994523808348106
518,0.506,181,692,181,464432,141178,47494,60462,1.3077364852347253,0.29985121999603254
519,0.5061,20,88,20,464520,141090,47514,60442,1.3069213383230205,0.2999126689557986
520,0.5062,49,194,49,464714,140896,47563,60393,1.305124309904035,0.30003129828256886
521,0.5063,1,0,1,464714,140896,47564,60392,1.305124309904035,0.3000278208338301
522,0.5064,49,199,49,464913,140697,47613,60343,1.3032809663196117,0.3001541981695185
523,0.5065,9,23,9,464936,140674,47622,60334,1.3030679165585979,0.30015720767332643
524,0.5066,3,9,3,464945,140665,47625,60331,1.3029845492608099,0.3001602021930785
525,0.5067,230,804,230,465749,139861,47855,60101,1.2955370706584164,0.30056210680029205
526,0.5068,47,148,47,465897,139713,47902,60054,1.2941661417614583,0.30062022255928156
527,0.5069,110,450,110,466347,139263,48012,59944,1.289997776872059,0.30091312052287317
528,0.507,30,115,30,466462,139148,48042,59914,1.2889325280669903,0.3009816037214536
529,0.5071,54,207,54,466669,138941,48096,59860,1.2870150802178666,0.30110512522572824
530,0.5072,55,132,55,466801,138809,48151,59805,1.2857923598503094,0.3011117041094787
531,0.5074,182,691,182,467492,138118,48333,59623,1.2793916039868094,0.30152067603582466
532,0.5075,34,181,34,467673,137937,48367,59589,1.277714994997962,0.30167674128975425
533,0.5076,148,653,148,468326,137284,48515,59441,1.2716662343917893,0.30215275130257974
534,0.5077,531,2219,531,470545,135065,49046,58910,1.2511115639705066,0.3036989302745199
535,0.5078,83,341,83,470886,134724,49129,58827,1.2479528696876505,0.3039353968721422
536,0.5079,160,588,160,471474,134136,49289,58667,1.2425062062321686,0.3042846843669445
537,0.508,0,8,0,471482,134128,49289,58667,1.2424321019674682,0.30429731061490184
538,0.5081,161,654,161,472136,133474,49450,58506,1.2363740783282078,0.3047504948432128
539,0.5082,154,546,154,472682,132928,49604,58352,1.231316462262403,0.3050606440819741
540,0.5083,90,259,90,472941,132669,49694,58262,1.2289173366927266,0.30514688552408986
541,0.5084,98,281,98,473222,132388,49792,58164,1.2263144243951238,0.3052395146731601
542,0.5085,196,923,196,474145,131465,49988,57968,1.2177646448553114,0.30600792892473855
543,0.5086,523,2285,523,476430,129180,50511,57445,1.19659861425025,0.30780977896851974
544,0.5087,24,59,24,476489,129121,50535,57421,1.1960520952980844,0.3078180785024284
545,0.5088,376,1522,376,478011,127599,50911,57045,1.181953758938827,0.30894586339117436
546,0.5089,570,1714,570,479725,125885,51481,56475,1.1660769202267591,0.3096896249177451
547,0.509,620,2019,620,481744,123866,52101,55855,1.147374856422987,0.31078727583309684
548,0.5091,831,3035,831,484779,120831,52932,55024,1.11926155100226,0.31289414574507407
549,0.5092,840,2882,840,487661,117949,53772,54184,1.092565489643929,0.31477985046446644
550,0.5093,804,2809,804,490470,115140,54576,53380,1.0665456297009892,0.3167576548777593
551,0.5094,61,226,61,490696,114914,54637,53319,1.064452184223202,0.3169354407280379
552,0.5095,26,102,26,490798,114812,54663,53293,1.0635073548482714,0.3170220992831861
553,0.5096,414,1643,414,492441,113169,55077,52879,1.04828819148542,0.3184561090768934
554,0.5098,139,484,139,492925,112685,55216,52740,1.0438048834710438,0.3188151730391416
555,0.5099,121,330,121,493255,112355,55337,52619,1.040748082552151,0.3189532896092718
556,0.51,154,576,154,493831,111779,55491,52465,1.0354125754937196,0.31943328218991257
557,0.5101,22,81,22,493912,111698,55513,52443,1.0346622698136279,0.31949969843000836
558,0.5102,2,4,2,493916,111694,55515,52441,1.0346252176812776,0.31949919273768546
559,0.5103,38,106,38,494022,111588,55553,52403,1.0336433361739967,0.31954802397692555
560,0.5104,2688,8730,2688,502752,102858,58241,49715,0.9527770573196488,0.3258440222057638
561,0.5105,1765,6183,1765,508935,96675,60006,47950,0.8955037237393012,0.33154710458081244
562,0.5106,212,642,212,509577,96033,60218,47738,0.8895568564970914,0.33204192778794056
563,0.5107,6,25,6,509602,96008,60224,47732,0.8893252806699026,0.33207179629887296
564,0.5108,1369,4440,1369,514042,91568,61593,46363,0.848197413761162,0.3361318340329585
565,0.5109,1618,5280,1618,519322,86288,63211,44745,0.7992885990588758,0.3414788641029359
566,0.511,159,478,159,519800,85810,63370,44586,0.7948608692430249,0.3419276664928372
567,0.5111,44,101,44,519901,85709,63414,44542,0.793925302901182,0.3419705031055424
568,0.5112,11,53,11,519954,85656,63425,44531,0.7934343621475416,0.34205412214737263
569,0.5113,3,6,3,519960,85650,63428,44528,0.7933787839490163,0.342054725068752
570,0.5114,268,669,268,520629,84981,63696,44260,0.7871818148134425,0.3424609837435489
571,0.5115,85,232,85,520861,84749,63781,44175,0.78503279113713,0.3426437280878657
572,0.5116,372,1366,372,522227,83383,64153,43803,0.7723794879395309,0.3444011133300835
573,0.5117,41,86,41,522313,83297,64194,43762,0.7715828670940013,0.344422669783329
574,0.5118,310,1075,310,523388,82222,64504,43452,0.7616251065248805,0.34575170679695083
575,0.5119,19,138,19,523526,82084,64523,43433,0.760346807958798,0.3460328083048511
576,0.512,7,42,7,523568,82042,64530,43426,0.7599577605691208,0.346112156087608
577,0.5121,66,279,66,523847,81763,64596,43360,0.7573733743376931,0.34653900561847145
578,0.5122,204,456,204,524303,81307,64800,43156,0.7531494312497684,0.34673758466371535
579,0.5123,32,169,32,524472,81138,64832,43124,0.7515839786579718,0.3470409296486456
580,0.5124,189,814,189,525286,80324,65021,42935,0.7440438697247027,0.34833156199547294
581,0.5125,32,170,32,525456,80154,65053,42903,0.7424691540998184,0.3486433116360711
582,0.5126,81,420,81,525876,79734,65134,42822,0.7385786802030457,0.3494076177420934
583,0.5127,3,10,3,525886,79724,65137,42819,0.7384860498721701,0.34942020352039693
584,0.5128,63,223,63,526109,79501,65200,42756,0.7364203934936455,0.3497223062892104
585,0.5129,49,259,49,526368,79242,65249,42707,0.734021267923969,0.3502037737086815
586,0.513,42,115,42,526483,79127,65291,42665,0.7329560191189003,0.3503103652128219
587,0.5131,206,431,206,526914,78696,65497,42459,0.7289636518581645,0.3504519004580909
588,0.5132,647,1241,647,528155,77455,66144,41812,0.7174682277965096,0.35057476083074113
589,0.5133,0,1,0,528156,77454,66144,41812,0.7174589647634221,0.3505777002666309
590,0.5134,45,96,45,528252,77358,66189,41767,0.7165697135870169,0.35061490031479536
591,0.5135,18,89,18,528341,77269,66207,41749,0.7157453036422247,0.3507788737837974
592,0.5136,19,46,19,528387,77223,66226,41730,0.7153192041201971,0.3508108244432675
593,0.5138,3,15,3,528402,77208,66229,41727,0.7151802586238838,0.3508386934039601
594,0.5139,206,424,206,528826,76784,66435,41521,0.7112527325947609,0.3509657241874815
595,0.514,0,4,0,528830,76780,66435,41521,0.7112156804624106,0.35097759106009246
596,0.5141,111,472,111,529302,76308,66546,41410,0.7068435288450851,0.35177288095278547
597,0.5142,1,16,1,529318,76292,66547,41409,0.7066953203156842,0.3518151927341314
598,0.5143,9,10,9,529328,76282,66556,41400,0.7066026899848086,0.35179551673153076
599,0.5144,12,34,12,529362,76248,66568,41388,0.7062877468598318,0.35183107212077935
600,0.5145,48,167,48,529529,76081,66616,41340,0.7047408203342103,0.3520664957716252
601,0.5146,16,63,16,529592,76018,66632,41324,0.7041572492496944,0.35216716947043686
602,0.5147,7,22,7,529614,75996,66639,41317,0.7039534625217682,0.35219455644301995
603,0.5149,187,627,187,530241,75369,66826,41130,0.6981455407758717,0.3530502407745989
604,0.515,6,14,6,530255,75355,66832,41124,0.6980158583126459,0.3530593497540329
605,0.5152,51,188,51,530443,75167,66883,41073,0.6962744080921857,0.3533465244322092
606,0.5153,4,18,4,530461,75149,66887,41069,0.6961076734966097,0.3533789946479891
607,0.5154,17,78,17,530539,75071,66904,41052,0.6953851569157805,0.3535216968214738
608,0.5155,83,234,83,530773,74837,66987,40969,0.6932176071732928,0.35377268880714297
609,0.5156,132,476,132,531249,74361,67119,40837,0.688808403423617,0.35449400163197275
610,0.5157,35,95,35,531344,74266,67154,40802,0.6879284152802994,0.35459032919664896
611,0.5158,246,662,246,532006,73604,67400,40556,0.6817962873763385,0.3552557813594954
612,0.5159,6,44,6,532050,73560,67406,40550,0.6813887139204862,0.3553588642537902
613,0.516,179,539,179,532589,73021,67585,40371,0.6763959390862944,0.35603040778890926
614,0.5161,9,30,9,532619,72991,67594,40362,0.6761180480936678,0.3560735048917982
615,0.5162,183,708,183,533327,72283,67777,40179,0.6695598206676794,0.35726734363607265
616,0.5163,7,23,7,533350,72260,67784,40172,0.6693467709066657,0.35730041269389495
617,0.5164,49,157,49,533507,72103,67833,40123,0.6678924747119197,0.3575196478534386
618,0.5165,1,1,1,533508,72102,67834,40122,0.6678832116788321,0.35751710863986313
619,0.5166,16,65,16,533573,72037,67850,40106,0.6672811145281411,0.357632665436095
620,0.5167,200,552,200,534125,71485,68050,39906,0.6621679202638112,0.35825156430950433
621,0.5168,363,1184,363,535309,70301,68413,39543,0.651200489088147,0.3599923527912312
622,0.5169,281,940,281,536249,69361,68694,39262,0.6424932379858461,0.3614519945131326
623,0.517,332,1238,332,537487,68123,69026,38930,0.631025603023454,0.36365164918311493
624,0.5171,123,308,123,537795,67815,69149,38807,0.6281725888324873,0.36396803661533267
625,0.5172,257,875,257,538670,66940,69406,38550,0.6200674348808773,0.3654374822258034
626,0.5173,1066,3660,1066,542330,63280,70472,37484,0.5861647337804291,0.3719979357707118
627,0.5174,10,42,10,542372,63238,70482,37474,0.5857756863907518,0.37209071411549766
628,0.5175,27,95,27,542467,63143,70509,37447,0.5848956982474341,0.3722735858435232
629,0.5176,595,1979,595,544446,61164,71104,36852,0.5665641557671643,0.3759794319294809
630,0.5177,93,322,93,544768,60842,71197,36759,0.563581459112972,0.376625239495497
631,0.5178,21,68,21,544836,60774,71218,36738,0.5629515728630182,0.3767536303224219
632,0.5179,16,25,16,544861,60749,71234,36722,0.5627199970358294,0.37674795580223863
633,0.518,71,119,71,544980,60630,71305,36651,0.5616176960984105,0.3767539396182194
634,0.5181,335,797,335,545777,59833,71640,36316,0.5542350587276298,0.37770543635399223
635,0.5182,34,101,34,545878,59732,71674,36282,0.5532994923857868,0.3778823921511446
636,0.5183,3,15,3,545893,59717,71677,36279,0.5531605468894735,0.3779219967498646
637,0.5184,0,5,0,545898,59712,71677,36279,0.5531142317240357,0.3779416820326906
638,0.5185,235,530,235,546428,59182,71912,36044,0.548204824187632,0.3785100707789889
639,0.5186,34,106,34,546534,59076,71946,36010,0.5472229426803512,0.37870979954988115
640,0.5187,321,755,321,547289,58321,72267,35689,0.5402293526992479,0.37962982661419
641,0.5188,85,186,85,547475,58135,72352,35604,0.5385064285449628,0.3798205656130319
642,0.5189,355,824,355,548299,57311,72707,35249,0.5308736892808181,0.38082324978392396
643,0.519,114,243,114,548542,57068,72821,35135,0.5286227722405424,0.38106135375204714
644,0.5191,278,616,278,549158,56452,73099,34857,0.5229167438586091,0.3817476919033173
645,0.5192,12,34,12,549192,56418,73111,34845,0.5226018007336323,0.38180861904605373
646,0.5193,103,258,103,549450,56160,73214,34742,0.5202119381970433,0.382191810961255
647,0.5194,20,34,20,549484,56126,73234,34722,0.5198969950720664,0.3821988376188799
648,0.5195,151,232,151,549716,55894,73385,34571,0.5177479713957538,0.3821477919637429
649,0.5196,99,194,99,549910,55700,73484,34472,0.5159509429767684,0.382291620458679
650,0.5197,22,40,22,549950,55660,73506,34450,0.5155804216532661,0.3823105093774276
651,0.5198,260,483,260,550433,55177,73766,34190,0.5111063766719774,0.38257969944162834
652,0.5199,30,50,30,550483,55127,73796,34160,0.5106432250175997,0.38258649075453316
653,0.52,18,52,18,550535,55075,73814,34142,0.510161547297047,0.382684914310053
654,0.5201,52,107,52,550642,54968,73866,34090,0.5091704027566787,0.38278425295874596
655,0.5202,0,4,0,550646,54964,73866,34090,0.5091333506243284,0.38280144631347274
656,0.5203,12,40,12,550686,54924,73878,34078,0.5087628293008263,0.38289027212871624
657,0.5204,85,207,85,550893,54717,73963,33993,0.5068453814517025,0.38319242475481907
658,0.5205,91,219,91,551112,54498,74054,33902,0.5048167772055282,0.38350678733031673
659,0.5206,22,60,22,551172,54438,74076,33880,0.5042609952202749,0.38361375936955094
660,0.5207,31,77,31,551249,54361,74107,33849,0.5035477416725332,0.3837320031742433
661,0.5208,236,473,236,551722,53888,74343,33613,0.4991663270221201,0.3841441812093576
662,0.5209,110,204,110,551926,53684,74453,33503,0.4972766682722591,0.38426600295915675
663,0.521,63,143,63,552069,53541,74516,33440,0.4959520545407388,0.3844517768248238
664,0.5211,41,97,41,552166,53444,74557,33399,0.49505354033124604,0.3845905830061145
665,0.5212,1,3,1,552169,53441,74558,33398,0.4950257512319834,0.3845967825516185
666,0.5213,134,161,134,552330,53280,74692,33264,0.4935344029048872,0.3843594009983361
667,0.5214,317,776,317,553106,52504,75009,32947,0.48634628922894513,0.3855659968871049
668,0.5215,273,591,273,553697,51913,75282,32674,0.4808718366742006,0.38627685105276227
669,0.5216,2,2,2,553699,51911,75284,32672,0.4808533106080255,0.38627147299102654
670,0.5217,137,414,137,554113,51497,75421,32535,0.47701841490977803,0.3871739337395278
671,0.5218,73,155,73,554268,51342,75494,32462,0.47558264478120715,0.38735621211398025
672,0.522,206,472,206,554740,50870,75700,32256,0.4712104931638816,0.38803743714361333
673,0.5221,5,29,5,554769,50841,75705,32251,0.4709418652043425,0.388136041977567
674,0.5222,2,14,2,554783,50827,75707,32249,0.47081218274111675,0.38818672059319176
675,0.5223,2,6,2,554789,50821,75709,32247,0.47075660454259144,0.3882000288919921
676,0.5224,15,62,15,554851,50759,75724,32232,0.47018229649116305,0.38837946283331926
677,0.5225,279,624,279,555475,50135,76003,31953,0.46440216384452926,0.3892529967839392
678,0.5226,12,35,12,555510,50100,76015,31941,0.46407795768646487,0.38932972538121186
679,0.5227,7,8,7,555518,50092,76022,31934,0.4640038534217644,0.38931558286396994
680,0.5228,45,147,45,555665,49945,76067,31889,0.46264218755789394,0.38967910648385756
681,0.5229,2,6,2,555671,49939,76069,31887,0.46258660935936863,0.38969276269156505
682,0.523,35,68,35,555739,49871,76104,31852,0.46195672310941494,0.3897556379477014
683,0.5231,10,45,10,555784,49826,76114,31842,0.461539886620475,0.3898956751726502
684,0.5232,163,414,163,556198,49412,76277,31679,0.45770499092222755,0.3906598759418431
685,0.5233,10,30,10,556228,49382,76287,31669,0.45742709992960096,0.39072929390137073
686,0.5234,12,43,12,556271,49339,76299,31657,0.4570287895068361,0.390846461553657
687,0.5235,281,765,281,557036,48574,76580,31376,0.44994256919485714,0.39244527829893683
688,0.5236,21,50,21,557086,48524,76601,31355,0.44947941754047943,0.39253120344521086
689,0.5237,51,123,51,557209,48401,76652,31304,0.4483400644707103,0.39274825920582146
690,0.5238,296,708,296,557917,47693,76948,31008,0.4417818370447219,0.39399753497414264
691,0.5239,50,80,50,557997,47613,76998,30958,0.4410407943977176,0.394013058253045
692,0.524,41,78,41,558075,47535,77039,30917,0.44031827781688837,0.3940881048284301
693,0.5241,117,291,117,558366,47244,77156,30800,0.4376227351884101,0.394649172261801
694,0.5242,121,254,121,558620,46990,77277,30679,0.4352699247841713,0.39499671683683324
695,0.5243,315,732,315,559352,46258,77592,30364,0.42848938456408164,0.3962830518649996
696,0.5244,21,30,21,559382,46228,77613,30343,0.42821149357145505,0.39627274033250187
697,0.5245,270,585,270,559967,45643,77883,30073,0.4227926192152358,0.39718157324739817
698,0.5246,382,827,382,560794,44816,78265,29691,0.4151320908518285,0.3984994698484706
699,0.5247,12,34,12,560828,44782,78277,29679,0.4148171477268517,0.39858449389613354
700,0.5248,56,145,56,560973,44637,78333,29623,0.41347400792915634,0.3989092378130891
701,0.5249,399,786,399,561759,43851,78732,29224,0.40619326392233873,0.3999178925761204
702,0.525,53,162,53,561921,43689,78785,29171,0.404692652562155,0.40037057370299206
703,0.5251,382,826,382,562747,42863,79167,28789,0.3970413872318352,0.40178920337185287
704,0.5252,82,206,82,562953,42657,79249,28707,0.395133202415799,0.4022616445266521
705,0.5253,1130,2292,1130,565245,40365,80379,27577,0.3739023305791248,0.4058903182125931
706,0.5254,732,1376,732,566621,38989,81111,26845,0.3611563970506503,0.40776802260230277
707,0.5255,49,164,49,566785,38825,81160,26796,0.3596372596242914,0.4083448895932704
708,0.5256,773,1504,773,568289,37321,81933,26023,0.34570565786060986,0.41082028289972217
709,0.5257,1044,2153,1044,570442,35168,82977,24979,0.3257623476231057,0.4152991836666833
710,0.5258,1424,2909,1424,573351,32259,84401,23555,0.29881618437141055,0.4220267316443903
711,0.5259,172,369,172,573720,31890,84573,23383,0.29539812516210306,0.4230456099723192
712,0.526,2,1,2,573721,31889,84575,23381,0.29538886212901555,0.4230323864664375
713,0.5262,5,10,5,573731,31879,84580,23376,0.29529623179813996,0.4230567369468826
714,0.5263,25,29,25,573760,31850,84605,23351,0.29502760383860094,0.42301769895472907
715,0.5264,137,301,137,574061,31549,84742,23214,0.2922394308792471,0.4238993480999945
716,0.5265,10,18,10,574079,31531,84752,23204,0.2920726962836711,0.4239334977619439
717,0.5266,241,470,241,574549,31061,84993,22963,0.2877190707325207,0.42505182881682213
718,0.5267,75,106,75,574655,30955,85068,22888,0.2867371892252399,0.4250877551399439
719,0.5268,42,102,42,574757,30853,85110,22846,0.2857923598503094,0.4254455390230731
720,0.5269,106,190,106,574947,30663,85216,22740,0.2840323835636741,0.4258187742261671
721,0.527,20,29,20,574976,30634,85236,22720,0.283763755604135,0.42583498894178506
722,0.5271,41,79,41,575055,30555,85277,22679,0.28303197599021823,0.4260247210429425
723,0.5272,53,56,53,575111,30499,85330,22626,0.2825132461373152,0.4259011764705882
724,0.5273,39,50,39,575161,30449,85369,22587,0.2820500944829375,0.4258805339769213
725,0.5274,28,75,28,575236,30374,85397,22559,0.2813553670013709,0.4261802656188011
726,0.5275,34,60,34,575296,30314,85431,22525,0.2807995850161177,0.42629497151725054
727,0.5276,61,136,61,575432,30178,85492,22464,0.2795398125162103,0.426731507161582
728,0.5277,67,145,67,575577,30033,85559,22397,0.27819667271851495,0.4271790959374404
729,0.5278,33,50,33,575627,29983,85592,22364,0.27773352106413723,0.4272260110417025
730,0.5279,9,24,9,575651,29959,85601,22355,0.27751120827003595,0.427323469816875
731,0.528,131,130,131,575781,29829,85732,22224,0.27630701396865387,0.4269494553628033
732,0.5281,242,435,242,576216,29394,85974,21982,0.2722775945755678,0.4278651510432887
733,0.5282,165,261,165,576477,29133,86139,21817,0.26985994293971616,0.4282041216879293
734,0.5283,139,165,139,576642,28968,86278,21678,0.26833154248026975,0.42802985428266793
735,0.5284,1,0,1,576642,28968,86279,21677,0.26833154248026975,0.4280185605686642
736,0.5285,28,129,28,576771,28839,86307,21649,0.26713661121197524,0.428794961178894
737,0.5286,58,96,58,576867,28743,86365,21591,0.26624736003557004,0.4289545833830016
738,0.5287,128,148,128,577015,28595,86493,21463,0.26487643113861203,0.42876263534300213
739,0.5288,33,166,33,577181,28429,86526,21430,0.26333876764607805,0.42981207003750577
740,0.5289,39,43,39,577224,28386,86565,21391,0.2629404572233132,0.42973662534905677
741,0.529,92,286,92,577510,28100,86657,21299,0.2602912297602727,0.4311625741411769
742,0.5291,111,150,111,577660,27950,86768,21188,0.25890177479713955,0.43119378078065856
743,0.5292,1,3,1,577663,27947,86769,21187,0.2588739856978769,0.4312085317702609
744,0.5293,2,5,2,577668,27942,86771,21185,0.25882767053243916,0.43122926293077124
745,0.5295,252,399,252,578067,27543,87023,20933,0.255131720330505,0.43182193250268175
746,0.5296,229,296,229,578363,27247,87252,20704,0.25238986253658896,0.4317741027298701
747,0.5297,308,478,308,578841,26769,87560,20396,0.24796213272073808,0.43243930880949855
748,0.5298,7,7,7,578848,26762,87567,20389,0.2478972914891252,0.43241924879642
749,0.5299,204,297,204,579145,26465,87771,20185,0.2451461706621216,0.4326902465166131
750,0.5301,58,115,58,579260,26350,87829,20127,0.24408092185705288,0.43305290788992407
751,0.5302,1,3,1,579263,26347,87830,20126,0.2440531327577902,0.4330686635250576
752,0.5303,227,272,227,579535,26075,88057,19899,0.24153358775797548,0.43283160046983077
753,0.5304,51,99,51,579634,25976,88108,19848,0.2406165474823076,0.4331354748603352
754,0.5305,10,18,10,579652,25958,88118,19838,0.24044981288673162,0.4331819372870993
755,0.5306,23,76,23,579728,25882,88141,19815,0.2397458223720775,0.433617086460818
756,0.5307,233,434,233,580162,25448,88374,19582,0.235725666012079,0.43486564512547193
757,0.5309,165,242,165,580404,25206,88539,19417,0.23348401200489088,0.43513434775788273
758,0.5311,6,13,6,580417,25193,88545,19411,0.23336359257475267,0.4351851851851852
759,0.5312,9,23,9,580440,25170,88554,19402,0.23315054281373893,0.43529570133716233
760,0.5313,3,5,3,580445,25165,88557,19399,0.23310422764830116,0.4353065254465488
761,0.5314,36,101,36,580546,25064,88593,19363,0.2321686613064582,0.43583856663740517
762,0.5315,148,221,148,580767,24843,88741,19215,0.2301215309941087,0.4361296472831268
763,0.5316,106,194,106,580961,24649,88847,19109,0.2283245025751232,0.4366972896384661
764,0.5317,23,48,23,581009,24601,88870,19086,0.2278798769869206,0.436880536544052
765,0.5318,19,34,19,581043,24567,88889,19067,0.22756493386194376,0.43697575285327955
766,0.5319,193,260,193,581303,24307,89082,18874,0.22515654525917966,0.4370903869757532
767,0.532,30,61,30,581364,24246,89112,18844,0.22459150024083885,0.43731724297980973
768,0.5321,57,130,57,581494,24116,89169,18787,0.22338730593945683,0.43789478591240705
769,0.5322,13,40,13,581534,24076,89182,18774,0.22301678461595464,0.4381330221703617
770,0.5323,0,3,0,581537,24073,89182,18774,0.222988995516692,0.4381636987420356
771,0.5324,16,59,16,581596,24014,89198,18758,0.2224424765645263,0.4385579350977275
772,0.5325,248,346,248,581942,23668,89446,18510,0.21923746711623254,0.43885437906017355
773,0.5326,26,34,26,581976,23634,89472,18484,0.2189225239912557,0.4388622441711382
774,0.5327,19,53,19,582029,23581,89491,18465,0.21843158323761533,0.439161870332493
775,0.5328,0,1,0,582030,23580,89491,18465,0.21842232020452776,0.43917231537638246
776,0.5329,612,911,612,582941,22669,90103,17853,0.2099836970617659,0.44057548985736145
777,0.533,71,115,71,583056,22554,90174,17782,0.20891844825669717,0.4408468861562872
778,0.5331,3,11,3,583067,22543,90177,17779,0.20881655489273407,0.44092554932791034
779,0.5332,15,34,15,583101,22509,90192,17764,0.20850161176775722,0.4410895637275594
780,0.5333,1135,1682,1135,584783,20827,91327,16629,0.19292119011449108,0.4439609141392567
781,0.5334,6,20,6,584803,20807,91333,16623,0.19273592945274,0.44410900347314985
782,0.5335,532,749,532,585552,20058,91865,16091,0.1857979176701619,0.44512987911145535
783,0.5336,66,97,66,585649,19961,91931,16025,0.18489940346066916,0.44531206580336796
784,0.5337,217,403,217,586052,19558,92148,15808,0.18116640112638482,0.44698297800147035
785,0.5338,425,711,425,586763,18847,92573,15383,0.1745803846011338,0.44940111013730644
786,0.5339,141,164,141,586927,18683,92714,15242,0.17306124717477492,0.4492851879145173
787,0.534,95,191,95,587118,18492,92809,15147,0.17129200785505205,0.45028092392758406
788,0.5341,192,231,192,587349,18261,93001,14955,0.16915224721182703,0.45023482658959535
789,0.5342,0,2,0,587351,18259,93001,14955,0.16913372114565192,0.4502619377370988
790,0.5343,103,153,103,587504,18106,93104,14852,0.16771647708325615,0.4506341404211421
791,0.5344,25,38,25,587542,18068,93129,14827,0.16736448182592908,0.45073719410244717
792,0.5345,18,39,18,587581,18029,93147,14809,0.16700322353551447,0.4509714355320056
793,0.5346,174,243,174,587824,17786,93321,14635,0.1647523064952388,0.4514049535794701
794,0.5347,17,22,17,587846,17764,93338,14618,0.1645485197673126,0.45142363041195727
795,0.5348,66,113,66,587959,17651,93404,14552,0.163501797028419,0.4518833649038909
796,0.5349,30,46,30,588005,17605,93434,14522,0.1630756975063915,0.4520185513742335
797,0.535,7,11,7,588016,17594,93441,14515,0.1629738041424284,0.45205394126257437
798,0.5351,5,18,5,588034,17576,93446,14510,0.16280706954685242,0.4522221529639095
799,0.5352,107,169,107,588203,17407,93553,14403,0.16124161695505576,0.45278214397988054
800,0.5353,46,62,46,588265,17345,93599,14357,0.1606673089036274,0.45287363573276135
801,0.5354,2,3,2,588268,17342,93601,14355,0.16063951980436475,0.45288197621225984
802,0.5355,6,13,6,588281,17329,93607,14349,0.16051910037422654,0.45296420228549783
803,0.5356,3,8,3,588289,17321,93610,14346,0.16044499610952612,0.4530268102441027
804,0.5357,181,230,181,588519,17091,93791,14165,0.15831449849938864,0.4531929869465063
805,0.5358,82,115,82,588634,16976,93873,14083,0.15724924969431991,0.4534273479506745
806,0.5359,1,5,1,588639,16971,93874,14082,0.15720293452888215,0.453482755289344
807,0.536,116,98,116,588737,16873,93990,13966,0.15629515728630183,0.4528681215344207
808,0.5361,102,90,102,588827,16783,94092,13864,0.15546148430842194,0.45237706790224164
809,0.5362,115,172,115,588999,16611,94207,13749,0.15386824261736262,0.45286561264822134
810,0.5363,140,209,140,589208,16402,94347,13609,0.1519322687020638,0.45346706207723836
811,0.5364,68,106,68,589314,16296,94415,13541,0.15095038719478307,0.45383248986158126
812,0.5365,147,186,147,589500,16110,94562,13394,0.14922746304049797,0.4539723427331887
813,0.5366,1,3,1,589503,16107,94563,13393,0.14919967394123532,0.454
814,0.5367,266,411,266,589914,15696,94829,13127,0.14539256734225053,0.455434895742983
815,0.5369,38,63,38,589977,15633,94867,13089,0.14480899625773463,0.45571339043242115
816,0.537,6,13,6,589990,15620,94873,13083,0.14468857682759642,0.4558060133087134
817,0.5371,52,51,52,590041,15569,94925,13031,0.14421616214013117,0.45562937062937064
818,0.5372,95,142,95,590183,15427,95020,12936,0.14290081144169847,0.4560871558015725
819,0.5373,0,3,0,590186,15424,95020,12936,0.14287302234243582,0.4561354019746121
820,0.5374,21,23,21,590209,15401,95041,12915,0.14265997258142207,0.4561025568583133
821,0.5375,4,7,4,590216,15394,95045,12911,0.14259513134980917,0.4561384914326091
822,0.5376,50,74,50,590290,15320,95095,12861,0.14190966690133017,0.4563713140058905
823,0.5377,4,5,4,590295,15315,95099,12857,0.1418633517358924,0.4563751242368309
824,0.5378,265,609,265,590904,14706,95364,12592,0.1362221645855719,0.4612792145944758
825,0.5379,47,70,47,590974,14636,95411,12545,0.1355737522694431,0.46153563150730287
826,0.538,83,208,83,591182,14428,95494,12462,0.13364704138723182,0.4634436593529193
827,0.5381,166,268,166,591450,14160,95660,12296,0.1311645485197673,0.4647716964015724
828,0.5383,26,41,26,591491,14119,95686,12270,0.13078476416317758,0.4649664632991019
829,0.5384,139,266,139,591757,13853,95825,12131,0.12832079736188817,0.46686422413793105
830,0.5385,4,7,4,591764,13846,95829,12127,0.1282559561302753,0.4669079428637431
831,0.5386,62,99,62,591863,13747,95891,12065,0.12733891585460744,0.46741825507515883
832,0.5387,1,3,1,591866,13744,95892,12064,0.12731112675534478,0.46745195288282704
833,0.5388,10,10,10,591876,13734,95902,12054,0.12721849642446922,0.46742671009771986
834,0.539,55,113,55,591989,13621,95957,11999,0.1261717736855756,0.46834504293520685
835,0.5391,51,75,51,592064,13546,96008,11948,0.12547704620400904,0.46865929238252135
836,0.5393,14,22,14,592086,13524,96022,11934,0.12527325947608284,0.46877209521564933
837,0.5394,1,6,1,592092,13518,96023,11933,0.12521768127755753,0.4688617343129936
838,0.5395,97,161,97,592253,13357,96120,11836,0.1237263329504613,0.46981304330568013
839,0.5396,2,8,2,592261,13349,96122,11834,0.12365222868576087,0.4699201842512806
840,0.5397,631,993,631,593254,12356,96753,11203,0.11445403682981956,0.4755295216265546
841,0.5398,2,10,2,593264,12346,96755,11201,0.11436140649894401,0.47568692402429186
842,0.54,341,535,341,593799,11811,97096,10860,0.10940568379710253,0.4790260685457192
843,0.5401,25,53,25,593852,11758,97121,10835,0.10891474304346214,0.47957331916965434
844,0.5402,28,55,28,593907,11703,97149,10807,0.10840527622364667,0.4800977343402932
845,0.5403,345,487,345,594394,11216,97494,10462,0.10389417911000778,0.4826090967801458
846,0.5404,39,62,39,594456,11154,97533,10423,0.10331987105857943,0.483060666450387
847,0.5405,382,603,382,595059,10551,97915,10041,0.09773426210678425,0.48761655011655014
848,0.5406,7,27,7,595086,10524,97922,10034,0.09748416021342028,0.4880824982974998
849,0.5407,6,26,6,595112,10498,97928,10028,0.09724332135314387,0.48855110591444995
850,0.5408,11,28,11,595140,10470,97939,10017,0.09698395642669236,0.48894420852247766
851,0.5409,26,69,26,595209,10401,97965,9991,0.09634480714365112,0.48994703805413886
852,0.541,2,6,2,595215,10395,97967,9989,0.09628922894512579,0.49004120879120877
853,0.5411,1,0,1,595215,10395,97968,9988,0.09628922894512579,0.4900161899622234
854,0.5412,33,71,33,595286,10324,98001,9955,0.09563155359590944,0.4909019182405444
855,0.5414,0,1,0,595287,10323,98001,9955,0.09562229056282188,0.4909261268369662
856,0.5415,4,13,4,595300,10310,98005,9951,0.09550187113268369,0.4911406149745817
857,0.5416,33,54,33,595354,10256,98038,9918,0.09500166734595576,0.49162288093585804
858,0.5417,82,81,82,595435,10175,98120,9836,0.09425136166586387,0.49152965868772175
859,0.5418,29,88,29,595523,10087,98149,9807,0.0934362147541591,0.4929627023223082
860,0.5419,1,0,1,595523,10087,98150,9806,0.0934362147541591,0.49293721409541047
861,0.542,53,38,53,595561,10049,98203,9753,0.09308421949683204,0.4925260074739925
862,0.5421,15,22,15,595583,10027,98218,9738,0.09288043276890585,0.49268909688843915
863,0.5422,82,147,82,595730,9880,98300,9656,0.09151876690503538,0.4942669942669943
864,0.5425,6,20,6,595750,9860,98306,9650,0.0913335062432843,0.4946181445412609
865,0.5426,3,9,3,595759,9851,98309,9647,0.09125013894549631,0.4947686942250487
866,0.5427,32,45,32,595804,9806,98341,9615,0.09083330245655638,0.4950826425003862
867,0.5428,33,65,33,595869,9741,98374,9582,0.09023120530586536,0.495885732029188
868,0.5429,16,25,16,595894,9716,98390,9566,0.0899996294786765,0.4961103619956436
869,0.543,44,42,44,595936,9674,98434,9522,0.08961058208899922,0.49604084184205044
870,0.5431,41,53,41,595989,9621,98475,9481,0.08911964133535885,0.4963354622552612
871,0.5432,4,10,4,595999,9611,98479,9477,0.0890270110044833,0.4964899413243923
872,0.5433,64,62,64,596061,9549,98543,9413,0.08845270295305495,0.49641388039236367
873,0.5434,59,88,59,596149,9461,98602,9354,0.08763755604135018,0.49715652404996014
874,0.5435,5,9,5,596158,9452,98607,9349,0.08755418874356219,0.497260784000851
875,0.5436,3,0,3,596158,9452,98610,9346,0.08755418874356219,0.49718055112245985
876,0.5437,78,89,78,596247,9363,98688,9268,0.08672977879876986,0.4974504857495572
877,0.5438,36,40,36,596287,9323,98724,9232,0.0863592574752677,0.49754783077337644
878,0.544,23,25,23,596312,9298,98747,9209,0.08612768164807885,0.4975955044037391
879,0.5441,6,22,6,596334,9276,98753,9203,0.08592389492015265,0.4980247848909573
880,0.5442,33,51,33,596385,9225,98786,9170,0.0854514802326874,0.4985050285403642
881,0.5443,76,87,76,596472,9138,98862,9094,0.08464559635407018,0.4987933304080737
882,0.5444,176,190,176,596662,8948,99038,8918,0.08288562006743488,0.499160416433449
883,0.5445,52,57,52,596719,8891,99090,8866,0.08235762718144429,0.49929605226108015
884,0.5446,291,303,291,597022,8588,99381,8575,0.07955092815591537,0.49962127833129405
885,0.5448,154,150,154,597172,8438,99535,8421,0.07816147319278224,0.49949581825731065
886,0.5449,2,0,2,597172,8438,99537,8419,0.07816147319278224,0.49943643590199915
887,0.545,138,137,138,597309,8301,99675,8281,0.07689243765978732,0.4993969364371005
888,0.5452,14,20,14,597329,8281,99689,8267,0.07670717699803624,0.49957698815566837
889,0.5453,16,20,16,597349,8261,99705,8251,0.07652191633628515,0.49969718992248063
890,0.5454,220,209,220,597558,8052,99925,8031,0.07458594242098633,0.49934713672822234
891,0.5455,0,1,0,597559,8051,99925,8031,0.07457667938789878,0.4993781867926875
892,0.5457,174,163,174,597722,7888,100099,7857,0.07306680499462744,0.49901556049539536
893,0.5458,1,3,1,597725,7885,100100,7856,0.07303901589536478,0.49907883870148023
894,0.5459,6,1,6,597726,7884,100106,7850,0.07302975286227723,0.4989195373077412
895,0.546,40,63,40,597789,7821,100146,7810,0.07244618177776131,0.4996481351161154
896,0.5462,19,25,19,597814,7796,100165,7791,0.07221460595057246,0.49983960993135307
897,0.5463,3,1,3,597815,7795,100168,7788,0.0722053429174849,0.49977539626516077
898,0.5464,22,28,22,597843,7767,100190,7766,0.07194597799103339,0.4999678104680358
899,0.5466,2,0,2,597843,7767,100192,7764,0.07194597799103339,0.4999034189685146
900,0.5467,8,6,8,597849,7761,100200,7756,0.07189039979250805,0.49983888638267704
901,0.5468,158,194,158,598043,7567,100358,7598,0.07009337137352255,0.5010220903395978
902,0.5469,6,8,6,598051,7559,100364,7592,0.07001926710882211,0.5010890370272589
903,0.5471,5,14,5,598065,7545,100369,7587,0.06988958464559636,0.5013877874702617
904,0.5473,167,194,167,598259,7351,100536,7420,0.06809255622661084,0.5023356577076704
905,0.5475,9,18,9,598277,7333,100545,7411,0.06792582163103486,0.5026451437873033
906,0.5478,2,7,2,598284,7326,100547,7409,0.06786098039942198,0.5028164234815066
907,0.548,609,657,609,598941,6669,101156,6800,0.06177516766089888,0.5048630187838741
908,0.5481,990,970,990,599911,5699,102146,5810,0.05279002556597132,0.5048223129724564
909,0.5482,9,23,9,599934,5676,102155,5801,0.05257697580495758,0.5054456739566089
910,0.5484,474,516,474,600450,5160,102629,5327,0.047797250731779616,0.507962238962525
911,0.5485,557,512,557,600962,4648,103186,4770,0.04305457779095187,0.5064769590146528
912,0.5486,17,23,17,600985,4625,103203,4753,0.042841528029938125,0.5068244828321604
913,0.5488,14,22,14,601007,4603,103217,4739,0.04263774130201193,0.5072789552558339
914,0.5489,13,23,13,601030,4580,103230,4726,0.042424691540998184,0.5078444014614227
915,0.549,4,3,4,601033,4577,103234,4722,0.04239690244173552,0.5077965372620712
916,0.5491,5,11,5,601044,4566,103239,4717,0.04229500907777243,0.5081331466120866
917,0.5492,34,74,34,601118,4492,103273,4683,0.041609544629293414,0.510408719346049
918,0.5494,5,8,5,601126,4484,103278,4678,0.04153544036459298,0.5105872080331805
919,0.5496,28,54,28,601180,4430,103306,4650,0.04103523657786506,0.512114537444934
920,0.5497,1,4,1,601184,4426,103307,4649,0.04099818444551484,0.5122865013774105
921,0.5498,35,63,35,601247,4363,103342,4614,0.04041461336099893,0.5139801715495155
922,0.5499,102,131,102,601378,4232,103444,4512,0.03920115602652933,0.5160109789569991
923,0.55,2,1,2,601379,4231,103446,4510,0.03919189299344177,0.5159592723944629
924,0.5501,5,7,5,601386,4224,103451,4505,0.039127051761828895,0.5160957727116509
925,0.5502,35,53,35,601439,4171,103486,4470,0.03863611100818852,0.5173012382826062
926,0.5503,5,13,5,601452,4158,103491,4465,0.038515691578050314,0.5178012292705555
927,0.5504,9,12,9,601464,4146,103500,4456,0.03840453518099966,0.5180190653336434
928,0.5505,85,107,85,601571,4039,103585,4371,0.037413390640631365,0.5197384066587396
929,0.5506,13,7,13,601578,4032,103598,4358,0.03734854940901849,0.5194278903456496
930,0.5508,13,14,13,601592,4018,103611,4345,0.03721886694579273,0.5195504005739567
931,0.5509,13,13,13,601605,4005,103624,4332,0.037098447515654526,0.5196113709967615
932,0.551,28,28,28,601633,3977,103652,4304,0.03683908258920301,0.5197439922714648
933,0.5511,71,74,71,601707,3903,103723,4233,0.036153618140724,0.5202802359882006
934,0.5512,19,31,19,601738,3872,103742,4214,0.03586646411500982,0.5211476626267623
935,0.5513,1,1,1,601739,3871,103743,4213,0.035857201081922266,0.5211528946066304
936,0.5514,10,25,10,601764,3846,103753,4203,0.03562562525473341,0.522176667909057
937,0.5516,5,5,5,601769,3841,103758,4198,0.035579310089295636,0.5222042542604801
938,0.5517,14,25,14,601794,3816,103772,4184,0.035347734262106786,0.523
939,0.5518,199,180,199,601974,3636,103971,3985,0.03368038830634703,0.5228972575777457
940,0.5519,10,9,10,601983,3627,103981,3975,0.03359702100855904,0.5228887134964483
941,0.552,50,43,50,602026,3584,104031,3925,0.03319871058579421,0.5227060860300972
942,0.5521,1,1,1,602027,3583,104032,3924,0.033189447552706655,0.522712135340349
943,0.5522,185,165,185,602192,3418,104217,3739,0.03166104709326022,0.5224255973173118
944,0.5524,181,161,181,602353,3257,104398,3558,0.03016969876616399,0.5220836390315481
945,0.5525,11,18,11,602371,3239,104409,3547,0.030002964170588016,0.522693781314471
946,0.5526,140,127,140,602498,3112,104549,3407,0.028826558968468634,0.522626169657923
947,0.5527,60,57,60,602555,3055,104609,3347,0.028298566082478046,0.5228053733208372
948,0.5528,80,95,80,602650,2960,104689,3267,0.0274185779391604,0.5246507146298378
949,0.5529,165,201,165,602851,2759,104854,3102,0.025556708288562005,0.5292612182221464
950,0.553,55,63,55,602914,2696,104909,3047,0.024973137204046092,0.5305589413198677
951,0.5531,12,17,12,602931,2679,104921,3035,0.024815665641557672,0.5311515575778789
952,0.5532,147,159,147,603090,2520,105068,2888,0.023342843380636556,0.5340236686390533
953,0.5537,4,0,4,603090,2520,105072,2884,0.023342843380636556,0.533678756476684
954,0.5542,0,1,0,603091,2519,105072,2884,0.023333580347549003,0.5337775310012955
955,0.5545,0,1,0,603092,2518,105072,2884,0.023324317314461447,0.5338763420955202
956,0.5547,1,0,1,603092,2518,105073,2883,0.023324317314461447,0.5337900388816885
957,0.5549,1,0,1,603092,2518,105074,2882,0.023324317314461447,0.5337037037037037
958,0.5552,3,0,3,603092,2518,105077,2879,0.023324317314461447,0.5334445062071521
959,0.5556,1,2,1,603094,2516,105078,2878,0.02330579124828634,0.5335558027437894
960,0.556,42,84,42,603178,2432,105120,2836,0.022527696468931786,0.5383447228549735
961,0.5563,2,4,2,603182,2428,105122,2834,0.02249064433658157,0.5385784872671988
962,0.5565,3,4,3,603186,2424,105125,2831,0.022453592204231352,0.5387250237868696
963,0.5566,45,104,45,603290,2320,105170,2786,0.021490236763125718,0.54563258911085
964,0.5568,14,50,14,603340,2270,105184,2772,0.021027085108748008,0.5497818326061087
965,0.5569,0,1,0,603341,2269,105184,2772,0.021017822075660456,0.5498908946637572
966,0.5573,1,1,1,603342,2268,105185,2771,0.0210085590425729,0.5499106965667792
967,0.5575,13,14,13,603356,2254,105198,2758,0.02087887657934714,0.5502793296089385
968,0.5577,3,2,3,603358,2252,105201,2755,0.020860350513172032,0.5502296784501698
969,0.5579,88,69,88,603427,2183,105289,2667,0.020221201230130794,0.5498969072164949
970,0.5581,67,52,67,603479,2131,105356,2600,0.019739523509577975,0.549566687803847
971,0.5582,1,3,1,603482,2128,105357,2599,0.019711734410315315,0.5498201819335731
972,0.5584,7,9,7,603491,2119,105364,2592,0.019628367112527325,0.5502016556994269
973,0.5585,1,1,1,603492,2118,105365,2591,0.019619104079439773,0.5502229772775536
974,0.5586,27,25,27,603517,2093,105392,2564,0.019387528252250916,0.5505690358599957
975,0.5589,15,27,15,603544,2066,105407,2549,0.019137426358886954,0.552329360780065
976,0.5591,71,51,71,603595,2015,105478,2478,0.01866501167142169,0.5515245938125973
977,0.5593,31,22,31,603617,1993,105509,2447,0.0184612249434955,0.5511261261261261
978,0.5596,8,9,8,603626,1984,105517,2439,0.01837785764570751,0.5514356771422112
979,0.5597,2,7,2,603633,1977,105519,2437,0.01831301641409463,0.5521069324875396
980,0.5598,8,6,8,603639,1971,105527,2429,0.018257438215569306,0.5520454545454545
981,0.5599,61,43,61,603682,1928,105588,2368,0.017859127792804477,0.5512104283054003
982,0.56,12,11,12,603693,1917,105600,2356,0.01775723442884138,0.5513690615492628
983,0.5601,136,109,136,603802,1808,105736,2220,0.016747563822297973,0.551142005958292
984,0.5603,61,64,61,603866,1744,105797,2159,0.016154729704694504,0.5531642326415578
985,0.5604,1,1,1,603867,1743,105798,2158,0.01614546667160695,0.5531914893617021
986,0.5605,18,12,18,603879,1731,105816,2140,0.0160343102745563,0.5528287264272798
987,0.5606,3,3,3,603882,1728,105819,2137,0.016006521175293636,0.5529107373868046
988,0.5607,117,126,117,604008,1602,105936,2020,0.01483937900626181,0.5577029265599116
989,0.5609,13,20,13,604028,1582,105949,2007,0.014654118344510726,0.5592086932293118
990,0.561,5,9,5,604037,1573,105954,2002,0.014570751046722738,0.56
991,0.5612,60,63,60,604100,1510,106014,1942,0.013987179962206825,0.5625724217844728
992,0.5614,2,0,2,604100,1510,106016,1940,0.013987179962206825,0.5623188405797102
993,0.5615,2,2,2,604102,1508,106018,1938,0.013968653896031717,0.5623911781775972
994,0.5617,6,11,6,604113,1497,106024,1932,0.01386676053206862,0.5634295713035871
995,0.5623,5,13,5,604126,1484,106029,1927,0.013746341101930416,0.5649369686309
996,0.5631,9,14,9,604140,1470,106038,1918,0.013616658638704657,0.5661157024793388
997,0.5632,3,7,3,604147,1463,106041,1915,0.013551817407091778,0.5669034931912375
998,0.5635,3,17,3,604164,1446,106044,1912,0.013394345844603356,0.5693865396069089
999,0.5637,12,9,12,604173,1437,106056,1900,0.013310978546815368,0.5693736889421637
1000,0.564,0,2,0,604175,1435,106056,1900,0.013292452480640262,0.5697151424287856
1001,0.5642,32,47,32,604222,1388,106088,1868,0.012857089925525214,0.5737100737100738
1002,0.5643,21,36,21,604258,1352,106109,1847,0.012523620734373263,0.5773679274773367
1003,0.5646,40,51,40,604309,1301,106149,1807,0.012051206046908,0.5814028314028314
1004,0.5647,2,2,2,604311,1299,106151,1805,0.012032679980732892,0.5815077319587629
1005,0.5648,33,28,33,604339,1271,106184,1772,0.011773315054281374,0.5823200788695366
1006,0.565,0,1,0,604340,1270,106184,1772,0.01176405202119382,0.5825115055884287
1007,0.5651,3,5,3,604345,1265,106187,1769,0.011717736855756049,0.583058668424522
1008,0.5654,1,2,1,604347,1263,106188,1768,0.01169921078958094,0.5833058396568789
1009,0.5655,6,6,6,604353,1257,106194,1762,0.011643632591055615,0.5836369658827426
1010,0.5656,0,1,0,604354,1256,106194,1762,0.011634369557968061,0.5838303512259775
1011,0.5657,8,5,8,604359,1251,106202,1754,0.01158805439253029,0.58369384359401
1012,0.566,1,1,1,604360,1250,106203,1753,0.011578791359442736,0.5837495837495837
1013,0.5661,15,17,15,604377,1233,106218,1738,0.011421319796954314,0.584988219454729
1014,0.5663,0,1,0,604378,1232,106218,1738,0.01141205676386676,0.5851851851851851
1015,0.5664,7,4,7,604382,1228,106225,1731,0.011375004631516543,0.5849949307198378
1016,0.5666,5,8,5,604390,1220,106230,1726,0.01130090036681611,0.5858791581805839
1017,0.5667,4,10,4,604400,1210,106234,1722,0.011208270035940568,0.58731241473397
1018,0.5668,164,124,164,604524,1086,106398,1558,0.01005965393308385,0.5892586989409985
1019,0.5669,147,98,147,604622,988,106545,1411,0.009151876690503538,0.5881617340558566
1020,0.567,138,114,138,604736,874,106683,1273,0.00809589091852236,0.5929203539823009
1021,0.5672,0,1,0,604737,873,106683,1273,0.008086627885434806,0.5931966449207828
1022,0.5673,5,5,5,604742,868,106688,1268,0.008040312719997035,0.5936329588014981
1023,0.5674,162,116,162,604858,752,106850,1106,0.00696580088184075,0.5952637244348762
1024,0.5675,5,3,5,604861,749,106855,1101,0.006938011782578087,0.5951351351351352
1025,0.5677,8,4,8,604865,745,106863,1093,0.006900959650227871,0.5946681175190425
1026,0.5678,143,96,143,604961,649,107006,950,0.006011708473822669,0.5941213258286429
1027,0.5679,1,0,1,604961,649,107007,949,0.006011708473822669,0.5938673341677096
1028,0.568,21,15,21,604976,634,107028,928,0.005872762977509356,0.5941101152368758
1029,0.5685,23,14,23,604990,620,107051,905,0.005743080514283597,0.5934426229508196
1030,0.5686,0,1,0,604991,619,107051,905,0.005733817481196043,0.5938320209973753
1031,0.5687,16,12,16,605003,607,107067,889,0.005622661084145392,0.5942513368983957
1032,0.5688,21,18,21,605021,589,107088,868,0.005455926488569417,0.5957446808510638
1033,0.5689,1,4,1,605025,585,107089,867,0.005418874356219201,0.5971074380165289
1034,0.5694,19,14,19,605039,571,107108,848,0.005289191892993442,0.5976039464411558
1035,0.5726,125,82,125,605121,489,107233,723,0.004529623179813998,0.5965346534653465
1036,0.5734,0,1,0,605122,488,107233,723,0.0045203601467264445,0.597027250206441
1037,0.5739,62,39,62,605161,449,107295,661,0.004159101856311831,0.5954954954954955
1038,0.574,1,0,1,605161,449,107296,660,0.004159101856311831,0.5951307484220018
1039,0.5743,8,3,8,605164,446,107304,652,0.004131312757049168,0.5938069216757741
1040,0.5744,1,5,1,605169,441,107305,651,0.004084997591611397,0.5961538461538461
1041,0.5746,68,38,68,605207,403,107373,583,0.003733002334284338,0.5912778904665315
1042,0.5749,87,53,87,605260,350,107460,496,0.003242061580643966,0.5862884160756501
1043,0.575,154,95,154,605355,255,107614,342,0.002362073437326318,0.5728643216080402
1044,0.5752,0,1,0,605356,254,107614,342,0.002352810404238764,0.5738255033557047
1045,0.5753,75,58,75,605414,196,107689,267,0.001815554485160621,0.5766738660907127
1046,0.5754,69,45,69,605459,151,107758,198,0.0013987179962206824,0.5673352435530086
1047,0.5757,61,46,61,605505,105,107819,137,0.0009726184741931898,0.5661157024793388
1048,0.5761,6,1,6,605506,104,107825,131,0.0009633554411056357,0.5574468085106383
1049,0.5762,12,12,12,605518,92,107837,119,0.0008521990440549853,0.5639810426540285
1050,0.5767,3,5,3,605523,87,107840,116,0.0008058838786172144,0.5714285714285714
1051,0.5768,15,12,15,605535,75,107855,101,0.0006947274815665642,0.5738636363636364
1052,0.5773,6,5,6,605540,70,107861,95,0.0006484123161287932,0.5757575757575758
1053,0.5821,0,1,0,605541,69,107861,95,0.000639149283041239,0.5792682926829268
1054,0.5827,0,1,0,605542,68,107861,95,0.0006298862499536849,0.5828220858895705
1055,0.5828,15,7,15,605549,61,107876,80,0.0005650450183408056,0.5673758865248227
1056,0.5831,12,7,12,605556,54,107888,68,0.0005002037867279261,0.5573770491803278
1057,0.5832,14,8,14,605564,46,107902,54,0.00042609952202749267,0.54
1058,0.5833,1,1,1,605565,45,107903,53,0.00041683648893993847,0.5408163265306123
1059,0.5834,0,2,0,605567,43,107903,53,0.0003983104227648301,0.5520833333333334
1060,0.5835,12,8,12,605575,35,107915,41,0.0003242061580643966,0.5394736842105263
1061,0.5838,1,1,1,605576,34,107916,40,0.00031494312497684244,0.5405405405405406
1062,0.5839,11,4,11,605580,30,107927,29,0.0002778909926266257,0.4915254237288136
1063,0.5885,0,1,0,605581,29,107927,29,0.0002686279595390715,0.5
1064,0.5887,3,1,3,605582,28,107930,26,0.0002593649264515173,0.48148148148148145
1065,0.5889,1,5,1,605587,23,107931,25,0.00021304976101374634,0.5208333333333334
1066,0.5899,1,4,1,605591,19,107932,24,0.00017599762866352957,0.5581395348837209
1067,0.5905,6,3,6,605594,16,107938,18,0.00014820852940086702,0.5294117647058824
1068,0.591,7,4,7,605598,12,107945,11,0.00011115639705065027,0.4782608695652174
1069,0.5912,4,3,4,605601,9,107949,7,8.33672977879877e-05,0.4375
1070,0.5913,3,3,3,605604,6,107952,4,5.5578198525325135e-05,0.4
1071,0.5914,2,5,2,605609,1,107954,2,9.263033087554189e-06,0.6666666666666666
1072,0.5917,2,1,2,605610,0,107956,0,0.0,
