,min,max,Neg,Pos,$\frac{\text{Pos}}{\text{Neg}+\text{Pos}}$,TN,FP,FN,TP,Prec,Rec,FP/P
0,0.472082,0.472422,"8,882",555,0.0588,"8,882","596,728",555,"107,401",0.1525,0.9949,5.5275
1,0.472559,0.473139,"20,400","1,120",0.0520,"29,282","576,328","1,675","106,281",0.1557,0.9845,5.3385
2,0.473293,0.473546,"19,190","1,061",0.0524,"48,472","557,138","2,736","105,220",0.1589,0.9747,5.1608
3,0.473618,0.474273,"18,615","1,112",0.0564,"67,087","538,523","3,848","104,108",0.1620,0.9644,4.9884
4,0.474330,0.474995,"16,526","1,025",0.0584,"83,613","521,997","4,873","103,083",0.1649,0.9549,4.8353
5,0.475099,0.477369,"17,264","1,194",0.0647,"100,877","504,733","6,067","101,889",0.1680,0.9438,4.6754
6,0.477382,0.480876,"13,563","1,025",0.0703,"114,440","491,170","7,092","100,864",0.1704,0.9343,4.5497
7,0.480965,0.485040,"10,496","1,026",0.0890,"124,936","480,674","8,118","99,838",0.1720,0.9248,4.4525
8,0.485042,0.485605,"10,019","1,024",0.0927,"134,955","470,655","9,142","98,814",0.1735,0.9153,4.3597
9,0.485638,0.486012,"9,584","1,047",0.0985,"144,539","461,071","10,189","97,767",0.1749,0.9056,4.2709
10,0.486100,0.486204,"9,488","1,052",0.0998,"154,027","451,583","11,241","96,715",0.1764,0.8959,4.1830
11,0.486255,0.486617,"10,416","1,058",0.0922,"164,443","441,167","12,299","95,657",0.1782,0.8861,4.0865
12,0.486640,0.486781,"9,301","1,020",0.0988,"173,744","431,866","13,319","94,637",0.1797,0.8766,4.0004
13,0.486947,0.487082,"10,426","1,119",0.0969,"184,170","421,440","14,438","93,518",0.1816,0.8663,3.9038
14,0.487273,0.487550,"11,417","1,294",0.1018,"195,587","410,023","15,732","92,224",0.1836,0.8543,3.7981
15,0.487658,0.487961,"9,351","1,098",0.1051,"204,938","400,672","16,830","91,126",0.1853,0.8441,3.7114
16,0.487997,0.489396,"8,380","1,135",0.1193,"213,318","392,292","17,965","89,991",0.1866,0.8336,3.6338
17,0.489396,0.490198,"7,387","1,016",0.1209,"220,705","384,905","18,981","88,975",0.1878,0.8242,3.5654
18,0.490232,0.491136,"7,551","1,026",0.1196,"228,256","377,354","20,007","87,949",0.1890,0.8147,3.4954
19,0.491208,0.493069,"7,361","1,076",0.1275,"235,617","369,993","21,083","86,873",0.1901,0.8047,3.4273
20,0.493306,0.494899,"6,030","1,004",0.1427,"241,647","363,963","22,087","85,869",0.1909,0.7954,3.3714
21,0.494958,0.495425,"7,424","1,024",0.1212,"249,071","356,539","23,111","84,845",0.1922,0.7859,3.3026
22,0.495501,0.495860,"9,546","1,259",0.1165,"258,617","346,993","24,370","83,586",0.1941,0.7743,3.2142
23,0.495891,0.496246,"6,630","1,003",0.1314,"265,247","340,363","25,373","82,583",0.1953,0.7650,3.1528
24,0.496273,0.496329,"8,818","1,368",0.1343,"274,065","331,545","26,741","81,215",0.1968,0.7523,3.0711
25,0.496402,0.496639,"8,240","1,165",0.1239,"282,305","323,305","27,906","80,050",0.1985,0.7415,2.9948
26,0.496663,0.496897,"7,522","1,096",0.1272,"289,827","315,783","29,002","78,954",0.2000,0.7314,2.9251
27,0.496898,0.497132,"8,151","1,220",0.1302,"297,978","307,632","30,222","77,734",0.2017,0.7201,2.8496
28,0.497206,0.497403,"8,028","1,149",0.1252,"306,006","299,604","31,371","76,585",0.2036,0.7094,2.7752
29,0.497460,0.497670,"7,326","1,130",0.1336,"313,332","292,278","32,501","75,455",0.2052,0.6989,2.7074
30,0.497698,0.497970,"7,340","1,029",0.1230,"320,672","284,938","33,530","74,426",0.2071,0.6894,2.6394
31,0.497978,0.499184,"9,052","1,449",0.1380,"329,724","275,886","34,979","72,977",0.2092,0.6760,2.5555
32,0.499322,0.499808,"5,807","1,020",0.1494,"335,531","270,079","35,999","71,957",0.2104,0.6665,2.5018
33,0.499835,0.499956,"5,942","1,022",0.1468,"341,473","264,137","37,021","70,935",0.2117,0.6571,2.4467
34,0.500016,0.500190,"6,903","1,192",0.1473,"348,376","257,234","38,213","69,743",0.2133,0.6460,2.3828
35,0.500211,0.500317,"6,928","1,345",0.1626,"355,304","250,306","39,558","68,398",0.2146,0.6336,2.3186
36,0.500345,0.500551,"5,821","1,053",0.1532,"361,125","244,485","40,611","67,345",0.2160,0.6238,2.2647
37,0.500553,0.500679,"5,500","1,009",0.1550,"366,625","238,985","41,620","66,336",0.2173,0.6145,2.2137
38,0.500728,0.500787,"7,587","1,439",0.1594,"374,212","231,398","43,059","64,897",0.2190,0.6011,2.1434
39,0.500812,0.501002,"6,407","1,272",0.1656,"380,619","224,991","44,331","63,625",0.2204,0.5894,2.0841
40,0.501002,0.501264,"5,935","1,121",0.1589,"386,554","219,056","45,452","62,504",0.2220,0.5790,2.0291
41,0.501269,0.501367,"5,973","1,038",0.1481,"392,527","213,083","46,490","61,466",0.2239,0.5694,1.9738
42,0.501368,0.501498,"7,025","1,270",0.1531,"399,552","206,058","47,760","60,196",0.2261,0.5576,1.9087
43,0.501592,0.501661,"8,009","1,605",0.1669,"407,561","198,049","49,365","58,591",0.2283,0.5427,1.8345
44,0.501677,0.501852,"5,270","1,033",0.1639,"412,831","192,779","50,398","57,558",0.2299,0.5332,1.7857
45,0.501870,0.502060,"6,337","1,188",0.1579,"419,168","186,442","51,586","56,370",0.2322,0.5222,1.7270
46,0.502107,0.502396,"6,148","1,319",0.1766,"425,316","180,294","52,905","55,051",0.2339,0.5099,1.6701
47,0.502433,0.503082,"7,920","1,632",0.1709,"433,236","172,374","54,537","53,419",0.2366,0.4948,1.5967
48,0.503203,0.503986,"4,896","1,004",0.1702,"438,132","167,478","55,541","52,415",0.2384,0.4855,1.5514
49,0.504026,0.504517,"4,853","1,051",0.1780,"442,985","162,625","56,592","51,364",0.2400,0.4758,1.5064
50,0.504553,0.504755,"5,406","1,166",0.1774,"448,391","157,219","57,758","50,198",0.2420,0.4650,1.4563
51,0.504755,0.505076,"4,265","1,007",0.1910,"452,656","152,954","58,765","49,191",0.2433,0.4557,1.4168
52,0.505087,0.505378,"4,801","1,093",0.1854,"457,457","148,153","59,858","48,098",0.2451,0.4455,1.3723
53,0.505420,0.505821,"5,533","1,212",0.1797,"462,990","142,620","61,070","46,886",0.2474,0.4343,1.3211
54,0.505963,0.506337,"4,399","1,005",0.1860,"467,389","138,221","62,075","45,881",0.2492,0.4250,1.2803
55,0.506350,0.508229,"4,503","1,029",0.1860,"471,892","133,718","63,104","44,852",0.2512,0.4155,1.2386
56,0.508325,0.508927,"4,454","1,022",0.1866,"476,346","129,264","64,126","43,830",0.2532,0.4060,1.1974
57,0.508932,0.509589,"3,844","1,040",0.2129,"480,190","125,420","65,166","42,790",0.2544,0.3964,1.1618
58,0.509609,0.510378,"3,717","1,042",0.2190,"483,907","121,703","66,208","41,748",0.2554,0.3867,1.1273
59,0.510441,0.511699,"3,322","1,021",0.2351,"487,229","118,381","67,229","40,727",0.2560,0.3773,1.0966
60,0.511726,0.511979,"4,484","1,197",0.2107,"491,713","113,897","68,426","39,530",0.2576,0.3662,1.0550
61,0.511994,0.512094,"4,310","1,201",0.2179,"496,023","109,587","69,627","38,329",0.2591,0.3550,1.0151
62,0.512183,0.512234,"4,326","1,157",0.2110,"500,349","105,261","70,784","37,172",0.2610,0.3443,0.9750
63,0.512263,0.512422,"3,632","1,026",0.2203,"503,981","101,629","71,810","36,146",0.2624,0.3348,0.9414
64,0.512501,0.512739,"4,877","1,368",0.2191,"508,858","96,752","73,178","34,778",0.2644,0.3221,0.8962
65,0.512765,0.512765,"4,963","1,502",0.2323,"513,821","91,789","74,680","33,276",0.2661,0.3082,0.8502
66,0.512784,0.512940,"5,455","1,617",0.2286,"519,276","86,334","76,297","31,659",0.2683,0.2933,0.7997
67,0.512995,0.513093,"3,713","1,186",0.2421,"522,989","82,621","77,483","30,473",0.2694,0.2823,0.7653
68,0.513127,0.513177,"3,540","1,217",0.2558,"526,529","79,081","78,700","29,256",0.2700,0.2710,0.7325
69,0.513209,0.513362,"3,368","1,011",0.2309,"529,897","75,713","79,711","28,245",0.2717,0.2616,0.7013
70,0.513396,0.513627,"4,058","1,257",0.2365,"533,955","71,655","80,968","26,988",0.2736,0.2500,0.6637
71,0.513651,0.513803,"3,627","1,219",0.2515,"537,582","68,028","82,187","25,769",0.2747,0.2387,0.6301
72,0.513894,0.514035,"4,730","1,530",0.2444,"542,312","63,298","83,717","24,239",0.2769,0.2245,0.5863
73,0.514071,0.514272,"2,897","1,007",0.2579,"545,209","60,401","84,724","23,232",0.2778,0.2152,0.5595
74,0.514308,0.514388,"2,740","1,031",0.2734,"547,949","57,661","85,755","22,201",0.2780,0.2056,0.5341
75,0.514469,0.514794,"3,707","1,228",0.2488,"551,656","53,954","86,983","20,973",0.2799,0.1943,0.4998
76,0.514879,0.515579,"3,020","1,050",0.2580,"554,676","50,934","88,033","19,923",0.2812,0.1845,0.4718
77,0.515599,0.515840,"3,357","1,061",0.2402,"558,033","47,577","89,094","18,862",0.2839,0.1747,0.4407
78,0.515857,0.516197,"3,012","1,021",0.2532,"561,045","44,565","90,115","17,841",0.2859,0.1653,0.4128
79,0.516241,0.516678,"3,625","1,292",0.2628,"564,670","40,940","91,407","16,549",0.2879,0.1533,0.3792
80,0.516679,0.516892,"4,182","1,531",0.2680,"568,852","36,758","92,938","15,018",0.2901,0.1391,0.3405
81,0.516915,0.517226,"3,009","1,107",0.2690,"571,861","33,749","94,045","13,911",0.2919,0.1289,0.3126
82,0.517367,0.517654,"2,613","1,013",0.2794,"574,474","31,136","95,058","12,898",0.2929,0.1195,0.2884
83,0.517723,0.518351,"2,581","1,049",0.2890,"577,055","28,555","96,107","11,849",0.2933,0.1098,0.2645
84,0.518382,0.519924,"3,129","1,149",0.2686,"580,184","25,426","97,256","10,700",0.2962,0.0991,0.2355
85,0.519992,0.520437,"2,851","1,007",0.2610,"583,035","22,575","98,263","9,693",0.3004,0.0898,0.2091
86,0.520511,0.520983,"3,067","1,115",0.2666,"586,102","19,508","99,378","8,578",0.3054,0.0795,0.1807
87,0.521023,0.521455,"2,688","1,001",0.2713,"588,790","16,820","100,379","7,577",0.3106,0.0702,0.1558
88,0.521540,0.522258,"2,520","1,056",0.2953,"591,310","14,300","101,435","6,521",0.3132,0.0604,0.1325
89,0.522362,0.524670,"2,673","1,074",0.2866,"593,983","11,627","102,509","5,447",0.3190,0.0505,0.1077
90,0.524705,0.526383,"2,582","1,141",0.3065,"596,565","9,045","103,650","4,306",0.3225,0.0399,0.0838
91,0.526406,0.527841,"2,423","1,027",0.2977,"598,988","6,622","104,677","3,279",0.3312,0.0304,0.0613
92,0.527857,0.528928,"2,145","1,032",0.3248,"601,133","4,477","105,709","2,247",0.3342,0.0208,0.0415
93,0.529051,0.531724,"2,338","1,044",0.3087,"603,471","2,139","106,753","1,203",0.3600,0.0111,0.0198
94,0.531760,0.533574,"2,139","1,203",0.3600,"605,610",0,"107,956",0,nan,0.0000,0.0000
