,y_proba,y_test,Neg,Pos,TN,FP,FN,TP,FP/P,Prec
0,0.4717590347489673,112,2107,112,2107,603503,112,107844,5.590268257438216,0.15160533466789064
1,0.472130886097889,68,1069,68,3176,602434,180,107776,5.58036607506762,0.15175229861590234
2,0.4722291130908502,54,1122,54,4298,601312,234,107722,5.5699729519433845,0.1519278342082326
3,0.472269164371603,102,2073,102,6371,599239,336,107620,5.550770684352885,0.15225101470024432
4,0.4723395491105897,217,3638,217,10009,595601,553,107403,5.517071769980363,0.1527772245961616
5,0.4723705387781287,40,538,40,10547,595063,593,107363,5.512088258179258,0.15284599374168953
6,0.4724184092204916,284,4702,284,15249,590361,877,107079,5.4685334766015785,0.1535314865794907
7,0.4724738778953365,132,2040,132,17289,588321,1009,106947,5.449636889102968,0.15382126029099571
8,0.4724798459050178,108,1862,108,19151,586459,1117,106839,5.432389121493942,0.15410256484224677
9,0.4726580619007312,150,2568,150,21719,583891,1267,106689,5.408601652525102,0.15449187639375597
10,0.4727097844972484,104,2162,104,23881,581729,1371,106585,5.388574974989811,0.15484938560017666
11,0.4727336900664321,240,3735,240,27616,577994,1611,106345,5.353977546407796,0.15539812870521774
12,0.4728096274524726,114,2055,114,29671,575939,1725,106231,5.3349420134128716,0.15572511250861223
13,0.4730542293888358,219,3681,219,33352,572258,1944,106012,5.300844788617585,0.1562976395830569
14,0.4731519359290734,80,1795,80,35147,570463,2024,105932,5.284217644225425,0.15661263019389557
15,0.4732420917795925,207,3711,207,38858,566752,2231,105725,5.249842528437512,0.1572172728584026
16,0.4732649109222506,262,3952,262,42810,562800,2493,105463,5.213235021675497,0.15781660813182835
17,0.473382422604345,80,1813,80,44623,560987,2573,105383,5.196441142687761,0.15814487446913877
18,0.473411748100169,253,3905,253,48528,557082,2826,105130,5.160268998480863,0.1587558062976811
19,0.473640825559341,99,1778,99,50306,555304,2925,105031,5.143799325651191,0.15905714523688733
20,0.4737198057877744,64,1163,64,51469,554141,2989,104967,5.133026418170366,0.15925614618545064
21,0.4738801063686302,57,1113,57,52582,553028,3046,104910,5.122716662343918,0.15945271438950176
22,0.4738815867253375,59,1143,59,53725,551885,3105,104851,5.112129015524843,0.1596547166593578
23,0.473914729886689,213,3876,213,57601,548009,3318,104638,5.076225499277483,0.16032863094444624
24,0.4739304873211892,43,971,43,58572,547038,3361,104595,5.067231094149468,0.1605121287595932
25,0.4740351870109627,54,999,54,59571,546039,3415,104541,5.057977324095002,0.16068892372959512
26,0.4741110289571485,44,986,44,60557,545053,3459,104497,5.048843973470674,0.16087599107074127
27,0.4741399185397258,109,1916,109,62473,543137,3568,104388,5.03109600207492,0.1612107640631636
28,0.4742215091372175,258,3931,258,66404,539206,3826,104130,4.994683019007744,0.1618594327070147
29,0.4742748396912024,23,437,23,66841,538769,3849,104107,4.990635073548483,0.16193947199771028
30,0.4743227101335653,276,4712,276,71553,534057,4125,103831,4.946987661639928,0.16277308869268586
31,0.4744138940076816,109,1956,109,73509,532101,4234,103722,4.928869168920671,0.16313030513208865
32,0.4745048708050071,108,1967,108,75476,530134,4342,103614,4.910648782837452,0.16349400708167916
33,0.474554224832434,54,972,54,76448,529162,4396,103560,4.90164511467635,0.1636737777412513
34,0.4745581644023672,58,1015,58,77463,528147,4454,103502,4.892243136092482,0.16385999186256925
35,0.4745623628138049,160,2409,160,79872,525738,4614,103342,4.869928489384564,0.16427481401411584
36,0.474691712535025,130,1859,130,81731,523879,4744,103212,4.852708510874801,0.16458855253862678
37,0.474715552338422,146,1902,146,83633,521977,4890,103066,4.835090221942273,0.16489425527523707
38,0.4748179765734628,110,1880,110,85513,520097,5000,102956,4.817675719737671,0.165244369259116
39,0.475086532114778,124,1927,124,87440,518170,5124,102832,4.7998258549779536,0.16559044898406125
40,0.4756811316370342,23,413,23,87853,517757,5147,102809,4.796000222312794,0.16566972731345256
41,0.4759429744791775,11,278,11,88131,517479,5158,102798,4.7934250991144545,0.16572918228468894
42,0.4761515915602728,21,283,21,88414,517196,5179,102777,4.790803660750676,0.16577657414113195
43,0.4761827990790789,8,141,8,88555,517055,5187,102769,4.789497573085331,0.1658035184181316
44,0.4762307212695075,84,1195,84,89750,515860,5271,102685,4.778428248545704,0.16601055703303721
45,0.4762621080370105,70,1083,70,90833,514777,5341,102615,4.768396383711883,0.16620720709047088
46,0.4762833627509144,13,426,13,91259,514351,5354,102602,4.764450331616585,0.16630440244232542
47,0.476283635111724,32,441,32,91700,513910,5386,102570,4.760365334024973,0.16638009343368804
48,0.4764705458694089,67,755,67,92455,513155,5453,102503,4.75337174404387,0.16649341030247314
49,0.4764927951711376,28,433,28,92888,512722,5481,102475,4.7493608507169585,0.16657265883936365
50,0.4764944849250135,42,470,42,93358,512252,5523,102433,4.745007225165808,0.16664307734856065
51,0.4765433758924436,65,1155,65,94513,511097,5588,102368,4.734308421949684,0.16686852550675263
52,0.4767325679602491,45,604,45,95117,510493,5633,102323,4.728713549964801,0.16697181535730138
53,0.4769619311789063,35,532,35,95649,509961,5668,102288,4.723785616362222,0.16706928063581974
54,0.4770255231074497,79,1064,79,96713,508897,5747,102209,4.713929749157064,0.16725248974809606
55,0.4770693160024948,77,1137,77,97850,507760,5824,102132,4.703397680536515,0.167459156703154
56,0.4771659237824524,37,507,37,98357,507253,5861,102095,4.698701322761125,0.1675479364829293
57,0.4772219443204356,101,1253,101,99610,506000,5962,101994,4.68709474230242,0.16775494495011464
58,0.4772801658157844,93,1221,93,100831,504779,6055,101901,4.675784578902515,0.16796498978044438
59,0.4775644125834936,37,540,37,101371,504239,6092,101864,4.670782541035236,0.1680638439341168
60,0.4776654372068282,18,273,18,101644,503966,6110,101846,4.668253733002334,0.16811486071586565
61,0.4776906319972356,22,238,22,101882,503728,6132,101824,4.6660491311274965,0.1681507120775755
62,0.4776986517187644,109,1220,109,103102,502508,6241,101715,4.6547482307606804,0.16834016579971303
63,0.4777354197984579,13,247,13,103349,502261,6254,101702,4.652460261588055,0.16839111005144355
64,0.4778487223677321,18,281,18,103630,501980,6272,101684,4.649857349290452,0.16844469771263484
65,0.4779462696117475,23,269,23,103899,501711,6295,101661,4.6473655933899,0.16848809689544758
66,0.4779506451387648,58,580,58,104479,501131,6353,101603,4.6419930341991185,0.16857021505340664
67,0.4780349804900094,15,275,15,104754,500856,6368,101588,4.63944570010004,0.16862646154663338
68,0.4780885469676336,6,130,6,104884,500726,6374,101582,4.638241505798659,0.16865457539996148
69,0.478136469158062,96,1495,96,106379,499231,6470,101486,4.624393271332766,0.1689414483026117
70,0.4781455360861534,89,1277,89,107656,497954,6559,101397,4.612564378079958,0.16917799419705648
71,0.4781981651431403,58,606,58,108262,497348,6617,101339,4.606950980028901,0.16926874978077025
72,0.4783385658181429,17,251,17,108513,497097,6634,101322,4.604625958723925,0.16931614805011205
73,0.4783692004252276,16,268,16,108781,496829,6650,101306,4.60214346585646,0.16936979110067124
74,0.4783762937579635,53,751,53,109532,496078,6703,101253,4.595186928007707,0.1695090326803732
75,0.4785211006892288,46,592,46,110124,495486,6749,101207,4.589703212419875,0.16961318466950343
76,0.4786161039926693,49,637,49,110761,494849,6798,101158,4.583802660343102,0.1697261944910043
77,0.4786292135667567,55,616,55,111377,494233,6853,101103,4.578096631961169,0.16982510716637328
78,0.4787319505025184,50,645,50,112022,493588,6903,101053,4.572121975619697,0.1699395097209913
79,0.478871293754455,44,636,44,112658,492952,6947,101009,4.566230686576012,0.17005998710353037
80,0.4800551957931596,15,254,15,112912,492698,6962,100994,4.563877876171774,0.17011177512919157
81,0.4800728593217599,5,70,5,112982,492628,6967,100989,4.563229463855645,0.1701248448073421
82,0.480237807119325,7,56,7,113038,492572,6974,100982,4.562710734002742,0.1701311085427779
83,0.4802899206049597,36,430,36,113468,492142,7010,100946,4.558727629775094,0.17020408438545376
84,0.4803128492205928,7,39,7,113507,492103,7017,100939,4.558366371484679,0.17020548291689291
85,0.4803608244365157,31,368,31,113875,491735,7048,100908,4.554957575308459,0.17026776659810375
86,0.4804633828424545,13,214,13,114089,491521,7061,100895,4.552975286227722,0.17031106519742883
87,0.4804778038399313,0,16,0,114105,491505,7061,100895,4.552827077698321,0.17031566509115462
88,0.4805257601383522,16,191,16,114296,491314,7077,100879,4.551057838378599,0.17034818040740096
89,0.4805259708417507,11,100,11,114396,491214,7088,100868,4.550131535069843,0.17036153775997243
90,0.4806008143353487,20,211,20,114607,491003,7108,100848,4.5481770350883695,0.17039423773889037
91,0.4806787042984038,14,245,14,114852,490758,7122,100834,4.545907591981918,0.1704451716723688
92,0.4807607166146189,26,238,26,115090,490520,7148,100808,4.5437029901070805,0.17047729855511662
93,0.4807657568589585,5,104,5,115194,490416,7153,100803,4.542739634665975,0.17050027147300748
94,0.4809454048952968,22,234,22,115428,490182,7175,100781,4.540572084923487,0.1705369033255889
95,0.4809982558523812,38,392,38,115820,489790,7213,100743,4.536940975953166,0.17059673210472573
96,0.4810670484347393,34,420,34,116240,489370,7247,100709,4.533050502056393,0.1706703678659976
97,0.4811424125862807,29,297,29,116537,489073,7276,100680,4.53029938122939,0.17071553684339036
98,0.4811563917471154,26,257,26,116794,488816,7302,100654,4.527918781725888,0.17075338863725043
99,0.4811593880503457,38,421,38,117215,488395,7340,100616,4.524019044796028,0.170821937111531
100,0.4812780289642122,48,585,48,117800,487810,7388,100568,4.518600170439809,0.17092413380513888
101,0.4813522800775632,21,236,21,118036,487574,7409,100547,4.516414094631146,0.1709631181338534
102,0.4816773207299336,52,561,52,118597,487013,7461,100495,4.511217533069028,0.17105298991673304
103,0.481832989180435,56,589,56,119186,486424,7517,100439,4.505761606580458,0.171145565489731
104,0.481851982208772,8,148,8,119334,486276,7525,100431,4.5043906776835,0.1711774360967229
105,0.4818715274797918,16,107,16,119441,486169,7541,100415,4.503399533143132,0.1711860534893553
106,0.481939807119265,38,285,38,119726,485884,7579,100377,4.500759568713179,0.17121555075299227
107,0.4819798966944721,9,109,9,119835,485775,7588,100368,4.499749898106636,0.17123466457843906
108,0.4821449092106968,4,46,4,119881,485729,7592,100364,4.499323798584609,0.17124244787090104
109,0.4821746083902584,45,587,45,120468,485142,7637,100319,4.493886398162214,0.17135044008055192
110,0.482219886593305,9,55,9,120523,485087,7646,100310,4.493376931342398,0.17135379921660002
111,0.4822678618092279,48,469,48,120992,484618,7694,100262,4.489032568824336,0.17142319792094105
112,0.4823328136338189,23,265,23,121257,484353,7717,100239,4.486577865056134,0.17146830610066507
113,0.4823849059313032,0,16,0,121273,484337,7717,100239,4.486429656526733,0.17147299923363257
114,0.4823980701126125,11,118,11,121391,484219,7728,100228,4.4853366186224015,0.17149202579532447
115,0.48240652356398,22,261,22,121652,483958,7750,100206,4.48291896698655,0.17153744496408543
116,0.482410672304513,11,97,11,121749,483861,7761,100195,4.482020452777057,0.1715503307901982
117,0.482432862229724,23,234,23,121983,483627,7784,100172,4.47985290303457,0.17158645355678923
118,0.4825078517080609,35,242,35,122225,483385,7819,100137,4.477611249027381,0.17160792566518487
119,0.4825197862896982,20,241,20,122466,483144,7839,100117,4.475378858053281,0.1716504275101541
120,0.4825255579879314,8,102,8,122568,483042,7847,100109,4.474434028678351,0.17166908742332604
121,0.482550557223618,14,114,14,122682,482928,7861,100095,4.473378042906369,0.1716827638017711
122,0.4826090569644311,14,114,14,122796,482814,7875,100081,4.472322057134388,0.17169644618670601
123,0.4826454937370188,33,321,33,123117,482493,7908,100048,4.469348623513283,0.17174413474759717
124,0.4826728589503302,10,88,10,123205,482405,7918,100038,4.4685334766015785,0.17175586280545907
125,0.482730766819171,44,321,44,123526,482084,7962,99994,4.465560042980473,0.17178797343311378
126,0.4830064147639082,40,326,40,123852,481758,8002,99954,4.462540294193931,0.17182729598151664
127,0.4830855884415325,33,320,33,124172,481438,8035,99921,4.459576123605913,0.17187486561659834
128,0.4838902920294688,3,31,3,124203,481407,8038,99918,4.459288969580199,0.17187975745065154
129,0.4839830461438733,5,37,5,124240,481370,8043,99913,4.45894623735596,0.17188357478199087
130,0.4840553265405093,2,7,2,124247,481363,8045,99911,4.4588813961243465,0.1718827953770511
131,0.4841303974729199,2,29,2,124276,481334,8047,99909,4.458612768164808,0.17188852166821794
132,0.4841784083714224,13,155,13,124431,481179,8060,99896,4.457176998036237,0.17191584563094264
133,0.484217914759788,11,171,11,124602,481008,8071,99885,4.455593019378266,0.17195077234533726
134,0.4842781440487874,5,41,5,124643,480967,8076,99880,4.4552132350216755,0.1719557818151768
135,0.4842954374045112,0,11,0,124654,480956,8076,99880,4.455111341657712,0.17195903835161733
136,0.4843434331855262,7,31,7,124685,480925,8083,99873,4.454824187631998,0.17195823677078778
137,0.4844185138148735,8,86,8,124771,480839,8091,99865,4.454027566786468,0.17197229569625833
138,0.484454085193839,2,22,2,124793,480817,8093,99863,4.453823780058542,0.17197595922022457
139,0.4844668985061999,7,32,7,124825,480785,8100,99856,4.453527362999741,0.171975454712981
140,0.4845835440495281,4,11,4,124836,480774,8104,99852,4.453425469635778,0.17197300844261193
141,0.484688970271018,15,127,15,124963,480647,8119,99837,4.4522490644336585,0.17198923656810525
142,0.4848133027202139,12,156,12,125119,480491,8131,99825,4.450804031272,0.1720183486238532
143,0.4849478423718655,9,175,9,125294,480316,8140,99816,4.4491830004816775,0.17205739383450663
144,0.4849575223830534,8,34,8,125328,480282,8148,99808,4.448868057356701,0.17205606026651038
145,0.4849658196011744,3,24,3,125352,480258,8151,99805,4.4486457445626,0.17205889705083757
146,0.4850875483232588,20,179,20,125531,480079,8171,99785,4.446987661639928,0.1720834540512948
147,0.4851408076092318,10,33,10,125564,480046,8181,99775,4.446681981548038,0.1720789691991149
148,0.4851769207558921,11,42,11,125606,480004,8192,99764,4.446292934158361,0.1720757268424611
149,0.4852986445050385,28,234,28,125840,479770,8220,99736,4.444125384415873,0.17210520684859174
150,0.4853292497546422,113,1373,113,127213,478397,8333,99623,4.431407239986661,0.17235216774506074
151,0.4853920119211608,68,684,68,127897,477713,8401,99555,4.425071325354774,0.17245889257675812
152,0.4854493281573201,132,1264,132,129161,476449,8533,99423,4.4133628515321055,0.17264774116470327
153,0.4854840421124056,104,1361,104,130522,475088,8637,99319,4.400755863499945,0.17290701540893477
154,0.4854927092960973,28,266,28,130788,474822,8665,99291,4.398291896698655,0.17294678922093734
155,0.4855403821445853,252,2395,252,133183,472427,8917,99039,4.376106932453963,0.1733068983981549
156,0.4856217717231907,26,246,26,133429,472181,8943,99013,4.373828226314425,0.1733439076741002
157,0.4856321587113005,45,381,45,133810,471800,8988,98968,4.370299010708067,0.1733944439772377
158,0.4856407677767052,1,18,1,133828,471782,8989,98967,4.37013227611249,0.17339846412345883
159,0.4856801661184285,366,3150,366,136978,468632,9355,98601,4.340953721886694,0.1738280389187512
160,0.4856870008390627,3,22,3,137000,468610,9358,98598,4.340749935158768,0.1738304114187388
161,0.4857983151488517,4,51,4,137051,468559,9362,98594,4.340277520471303,0.17384021595583554
162,0.4858686732228224,9,36,9,137087,468523,9371,98585,4.339944051280151,0.173838140177885
163,0.4858905950626299,129,1339,129,138426,467184,9500,98456,4.327540849975916,0.1740612403648964
164,0.4859203129085682,186,1788,186,140214,465396,9686,98270,4.310978546815369,0.17434083304652045
165,0.4859205236184003,66,769,66,140983,464627,9752,98204,4.30385527437104,0.174482215798348
166,0.4859634018630061,2,10,2,140993,464617,9754,98202,4.303762644040164,0.174482382435561
167,0.4860174728834378,279,2439,279,143432,462178,10033,97923,4.28117010633962,0.17483096798613107
168,0.4860312842090462,295,2632,295,146064,459546,10328,97628,4.256789803253177,0.17521994924386278
169,0.4860384205923028,5,27,5,146091,459519,10333,97623,4.256539701359813,0.17522103880159814
170,0.4860864314908052,19,213,19,146304,459306,10352,97604,4.254566675312164,0.1752599163240021
171,0.486103604328569,34,241,34,146545,459065,10386,97570,4.252334284338064,0.17528542042810819
172,0.4861159968966562,296,2585,296,149130,456480,10682,97274,4.228389343806736,0.17566283945578723
173,0.4861218287727228,16,123,16,149253,456357,10698,97258,4.227249990736967,0.17567804340561582
174,0.4861509839567907,269,2650,269,151903,453707,10967,96989,4.202702953054948,0.17612076354286213
175,0.4861580378500589,235,2320,235,154223,451387,11202,96754,4.181212716291823,0.1765129775003147
176,0.4862035127270079,0,3,0,154226,451384,11202,96754,4.18118492719256,0.17651394356895525
177,0.4862222562096551,8,108,8,154334,451276,11210,96746,4.180184519619104,0.1765367083803205
178,0.486251508508023,6,27,6,154361,451249,11216,96740,4.1799344177257405,0.17653639032900295
179,0.486314676879737,6,27,6,154388,451222,11222,96734,4.179684315832376,0.1765360722393769
180,0.4863265369342563,8,112,8,154500,451110,11230,96726,4.17864685612657,0.1765601384355902
181,0.4863271292865992,510,4339,510,158839,446771,11740,96216,4.138454555559672,0.17719761246586013
182,0.4863397852440633,2,17,2,158856,446754,11742,96214,4.138297083997184,0.17720012965773305
183,0.4863663791733288,4,17,4,158873,446737,11746,96210,4.138139612434696,0.1771996161687973
184,0.4864192602067757,3,28,3,158901,446709,11749,96207,4.137880247508244,0.17720420838582765
185,0.4864916193720249,3,23,3,158924,446686,11752,96204,4.137667197747231,0.17720716903976866
186,0.4865024796701263,179,1351,179,160275,445335,11931,96025,4.125152840045945,0.1773773459435496
187,0.4865410446880064,7,125,7,160400,445210,11938,96018,4.12399496091,0.17740767292157833
188,0.4865701225463626,219,2346,219,162746,442864,12157,95799,4.1022638852865985,0.1778458888024609
189,0.4865747320097818,16,175,16,162921,442689,12173,95783,4.100642854496276,0.17787925834583784
190,0.4866303613614934,4,23,4,162944,442666,12177,95779,4.1004298047352625,0.17788074919443955
191,0.4866581704940106,69,719,69,163663,441947,12246,95710,4.093769683945311,0.17801311988870228
192,0.4866914686210911,516,4384,516,168047,437563,12762,95194,4.053160546889473,0.17868183806125496
193,0.4867521408697862,8,147,8,168194,437416,12770,95186,4.051798881025603,0.17871881817942853
194,0.4867828796892907,79,717,79,168911,436699,12849,95107,4.045157286301826,0.178837771668616
195,0.486795758124048,19,153,19,169064,436546,12868,95088,4.043740042239431,0.17885989233194266
196,0.4868305114405233,477,4445,477,173509,432101,13345,94611,4.0025658601652525,0.17962567778975988
197,0.4869016627855386,18,154,18,173663,431947,13363,94593,4.001139353069769,0.17965016902799408
198,0.486984066755933,28,198,28,173861,431749,13391,94565,3.9993052725184333,0.17967411089197705
199,0.4869940120792337,118,1188,118,175049,430561,13509,94447,3.988300789210419,0.1798963063419986
200,0.4870588874785187,8,29,8,175078,430532,13517,94439,3.98803216125088,0.17989374651171208
201,0.4871916012650429,183,1426,183,176504,429106,13700,94256,3.9748230760680276,0.1800971411757063
202,0.4872990792557651,2,16,2,176520,429090,13702,94254,3.974674867538627,0.1800995138952582
203,0.487299736386836,63,750,63,177270,428340,13765,94191,3.9677275927229614,0.1802591616573945
204,0.4873003708470514,73,898,73,178168,427442,13838,94118,3.9594093890103377,0.18045478947772067
205,0.487332166231664,124,1133,124,179301,426309,13962,93994,3.9489143725221387,0.18065242752780591
206,0.4873353761517007,241,2317,241,181618,423992,14203,93753,3.9274519248582758,0.18107948893760442
207,0.4873470821994528,16,167,16,181785,423825,14219,93737,3.925904998332654,0.181112601002392
208,0.4874552798572886,13,116,13,181901,423709,14232,93724,3.9248304864944976,0.18113262973177205
209,0.4875405176371911,41,394,41,182295,423315,14273,93683,3.9211808514580015,0.181205730002824
210,0.4875601252809968,153,1327,153,183622,421988,14426,93530,3.908888806550817,0.1814291644520657
211,0.4875696268313046,172,1310,172,184932,420678,14598,93358,3.896754233206121,0.18161762989362612
212,0.4875872739766992,12,102,12,185034,420576,14610,93346,3.8958094038311906,0.18163456711329734
213,0.4875885250443191,619,5911,619,190945,414665,15229,92727,3.841055615250658,0.18275219159939454
214,0.4877807592212477,259,2164,259,193109,412501,15488,92468,3.8210104116491905,0.18311619129095053
215,0.4878021773595913,23,195,23,193304,412306,15511,92445,3.819204120197117,0.18314971144187928
216,0.4878066238164408,110,1177,110,194481,411129,15621,92335,3.808301530253066,0.18339940889517423
217,0.4878286718344588,357,2873,357,197354,408256,15978,91978,3.7816888361925227,0.18386994886393168
218,0.4878655970026962,256,2073,256,199427,406183,16234,91722,3.7624865686020232,0.18421586447213825
219,0.4879174058307839,465,4417,465,203844,401766,16699,91257,3.721571751454296,0.18509684132383275
220,0.4879792638705688,126,1212,126,205056,400554,16825,91131,3.7103449553521806,0.1853442752982092
221,0.4881690264593502,32,201,32,205257,400353,16857,91099,3.708483085701582,0.18536703482740938
222,0.488236633754805,20,197,20,205454,400156,16877,91079,3.7066582681833338,0.18540820584852463
223,0.4882396527647294,287,2069,287,207523,398087,17164,90792,3.687493052725184,0.18571466559209948
224,0.4883801964144817,38,227,38,207750,397860,17202,90754,3.6853903442143094,0.1857376170146578
225,0.4883886534955239,266,2117,266,209867,395743,17468,90488,3.6657805031679573,0.1861008450715812
226,0.4884818109810714,35,225,35,210092,395518,17503,90453,3.6636963207232576,0.18612839037720358
227,0.488870324191768,39,210,39,210302,395308,17542,90414,3.6617510837748712,0.1861435141912452
228,0.4889107735747069,39,189,39,210491,395119,17581,90375,3.6600003705213235,0.18615060124326974
229,0.4889675634289092,8,40,8,210531,395079,17589,90367,3.659629849197821,0.18615252777857888
230,0.4892077552061556,2,22,2,210553,395057,17591,90365,3.6594260624698953,0.18615761131551517
231,0.4892115438545185,16,124,16,210677,394933,17607,90349,3.6582774463670384,0.18617834578657358
232,0.4892119419286218,17,223,17,210900,394710,17624,90332,3.656211789988514,0.18623541878847605
233,0.4892557581498432,29,178,29,211078,394532,17653,90303,3.654562970098929,0.1862551177204616
234,0.4892744267663667,34,338,34,211416,394194,17687,90269,3.651432064915336,0.18632795486961853
235,0.4893415938156204,20,134,20,211550,394060,17707,90249,3.6501908184816036,0.18634590726168623
236,0.4893517901167692,36,328,36,211878,393732,17743,90213,3.6471525436288856,0.18641167901311098
237,0.4893797995831382,47,309,47,212187,393423,17790,90166,3.644290266404832,0.1864517182979762
238,0.4894110120093392,17,96,17,212283,393327,17807,90149,3.6434010152284264,0.18646013452580892
239,0.4894521666990794,18,112,18,212395,393215,17825,90131,3.6423635555226204,0.18647304415470492
240,0.4894959499270896,28,104,28,212499,393111,17853,90103,3.641400200081515,0.18646603782175186
241,0.4895002039353455,127,930,127,213429,392181,17980,89976,3.6327855793100894,0.18661141495405023
242,0.4895630003605377,82,532,82,213961,391649,18062,89894,3.6278576457075107,0.1866790712355906
243,0.4896229400093972,18,127,18,214088,391522,18080,89876,3.626681240505391,0.1866979090066847
244,0.4897078335573191,43,343,43,214431,391179,18123,89833,3.62350402015636,0.1867583345114051
245,0.4897404287058031,69,493,69,214924,390686,18192,89764,3.6189373448441957,0.1868331772296805
246,0.4898080623388018,100,759,100,215683,389927,18292,89664,3.6119067027307423,0.18695930490772344
247,0.4898341099645288,22,112,22,215795,389815,18314,89642,3.6108692430249363,0.18696567158264454
248,0.4898511579985034,18,145,18,215940,389670,18332,89624,3.6095261032272408,0.18699170029251358
249,0.4898911774759986,28,145,28,216085,389525,18360,89596,3.6081829634295453,0.1870007785089779
250,0.4899486573926797,78,519,78,216604,389006,18438,89518,3.6033754492571046,0.1870710768947848
251,0.4899619637880129,90,745,90,217349,388261,18528,89428,3.596474489606877,0.1872096698898237
252,0.4899683163029951,84,812,84,218161,387449,18612,89344,3.5889529067397827,0.1873853013781662
253,0.490085151829241,27,130,27,218291,387319,18639,89317,3.5877487124384007,0.18739037756275229
254,0.4901388349184274,112,777,112,219068,386542,18751,89205,3.5805513357293712,0.18750512352153562
255,0.4903500451621957,130,1200,130,220268,385342,18881,89075,3.569435696024306,0.1877567625106183
256,0.4903875913386011,83,558,83,220826,384784,18964,88992,3.564266923561451,0.1878356016345277
257,0.4904333222033781,61,463,61,221289,384321,19025,88931,3.559978139241913,0.18791468393160515
258,0.490448944535837,25,149,25,221438,384172,19050,88906,3.558597947311868,0.18793095430351867
259,0.4904822929651149,165,1267,165,222705,382905,19215,88741,3.5468616843899365,0.18815170700058942
260,0.490648074084277,149,1205,149,223910,381700,19364,88592,3.535699729519434,0.18837658305903565
261,0.4908059462485113,32,157,32,224067,381543,19396,88560,3.534245433324688,0.18838424770741732
262,0.490879416691946,5,27,5,224094,381516,19401,88555,3.5339953314313237,0.18838643524063386
263,0.4909150941001214,23,141,23,224235,381375,19424,88532,3.532689243765979,0.1884032372363042
264,0.4909825801082723,73,429,73,224664,380946,19497,88459,3.528715402571418,0.18844920697478723
265,0.4910171564922798,43,290,43,224954,380656,19540,88416,3.5260291229760274,0.1884913190299144
266,0.4911174428470759,22,184,22,225138,380472,19562,88394,3.5243247248879173,0.1885272124658218
267,0.4911196723521933,5,18,5,225156,380454,19567,88389,3.5241579902923412,0.18852579648197798
268,0.4911209717445001,23,206,23,225362,380248,19590,88366,3.522249805476305,0.18856884344044353
269,0.4911231751621501,45,252,45,225614,379996,19635,88321,3.5199155211382416,0.18859234236638858
270,0.4911677077552262,16,146,16,225760,379850,19651,88305,3.5185631183074584,0.18862342600207196
271,0.4912665200923604,69,558,69,226318,379292,19720,88236,3.5133943458446035,0.1887288034085659
272,0.4913611965149577,16,110,16,226428,379182,19736,88220,3.5123754122049724,0.18874544824369602
273,0.4913779255927518,79,453,79,226881,378729,19815,88141,3.5081792582163103,0.18879131235675883
274,0.4913864626375654,9,96,9,226977,378633,19824,88132,3.5072900070399053,0.18881449980182746
275,0.4914079634154735,11,71,11,227048,378562,19835,88121,3.506632331690689,0.18882410544202383
276,0.4914092337512237,226,1621,226,228669,376941,20061,87895,3.4916169550557634,0.18908819454603343
277,0.4915929910501695,76,421,76,229090,376520,20137,87819,3.487717218125903,0.1891269094347018
278,0.4916200716118573,20,125,20,229215,376395,20157,87799,3.486559338989959,0.18914290145930365
279,0.4916494585216813,103,759,103,229974,375636,20260,87696,3.479528696876505,0.18927248711507083
280,0.4916568107345854,77,618,77,230592,375018,20337,87619,3.473804142428397,0.18939038598296287
281,0.4917379134825689,44,290,44,230882,374728,20381,87575,3.471117862833006,0.18943203916046403
282,0.4917972006283579,42,292,42,231174,374436,20423,87533,3.46841305717144,0.18947808186263582
283,0.491804201293938,91,586,91,231760,373850,20514,87442,3.4629849197821336,0.18955889111452182
284,0.491848735595264,161,1248,161,233008,372602,20675,87281,3.451424654488866,0.18978957691412815
285,0.4920279608407344,18,151,18,233159,372451,20693,87263,3.4500259364926453,0.18982019255450128
286,0.4920576833740339,73,568,73,233727,371883,20766,87190,3.4447645336989146,0.18992622088426023
287,0.4921925757524726,19,143,19,233870,371740,20785,87171,3.443439919967394,0.18995186430484343
288,0.4922999025332981,29,185,29,234055,371555,20814,87142,3.4417262588461965,0.18997726167818843
289,0.4923201289854725,77,651,77,234706,370904,20891,87065,3.435696024306199,0.19011112105841224
290,0.492403811469519,41,183,41,234889,370721,20932,87024,3.4340008892511764,0.19011458344711576
291,0.4927022919393738,35,190,35,235079,370531,20967,86989,3.432240912964541,0.19013157894736843
292,0.4927886668247291,5,30,5,235109,370501,20972,86984,3.4319630219719146,0.19013519568947615
293,0.4928019581394845,44,199,44,235308,370302,21016,86940,3.430119678387491,0.1901400133845972
294,0.4930289224849764,1,20,1,235328,370282,21017,86939,3.42993441772574,0.1901465593225158
295,0.4930298334116292,13,88,13,235416,370194,21030,86926,3.4291192708140352,0.19016013300665033
296,0.4930769578880093,48,149,48,235565,370045,21078,86878,3.42773907888399,0.19013706904664462
297,0.4932026491623636,8,88,8,235653,369957,21086,86870,3.426923931972285,0.1901595133387475
298,0.4932733659758829,30,108,30,235761,369849,21116,86840,3.4259235243988293,0.19015128457221436
299,0.4933172135482565,18,89,18,235850,369760,21134,86822,3.425099114454037,0.19015642316166648
300,0.4933485708827255,10,59,10,235909,369701,21144,86812,3.424552595501871,0.19016325931572595
301,0.4934667491723199,24,248,24,236157,369453,21168,86788,3.422255363296158,0.19022402633695787
302,0.493513750976624,7,36,7,236193,369417,21175,86781,3.421921894105006,0.190226612128944
303,0.4935888527296496,4,35,4,236228,369382,21179,86777,3.4215976879469414,0.19023410696708823
304,0.4936369160076934,39,255,39,236483,369127,21218,86738,3.419235614509615,0.1902712425827822
305,0.4936469206041699,13,84,13,236567,369043,21231,86725,3.4184575197302607,0.19028321426690772
306,0.49370966433307,22,89,22,236656,368954,21253,86703,3.417633109785468,0.19028128614286624
307,0.4937540346236601,8,14,8,236670,368940,21261,86695,3.4175034273222424,0.1902729158207776
308,0.4937612371607304,43,247,43,236917,368693,21304,86652,3.4152154581496164,0.19029966289297126
309,0.4938020923145808,17,192,17,237109,368501,21321,86635,3.413436955796806,0.1903496976727835
310,0.4938581563212163,20,95,20,237204,368406,21341,86615,3.4125569676534884,0.19035385180024658
311,0.4938769802610031,23,111,23,237315,368295,21364,86592,3.41152877098077,0.19035936397391
312,0.4938771978546175,36,155,36,237470,368140,21400,86556,3.410093000852199,0.19036015271742
313,0.4938945528843651,33,228,33,237698,367912,21433,86523,3.4079810293082367,0.19039686643854456
314,0.4939480883522781,66,321,66,238019,367591,21499,86457,3.405007595687132,0.19041378885051802
315,0.4939963681896037,54,359,54,238378,367232,21553,86403,3.4016821668087,0.19046810761956198
316,0.4940207734128325,38,215,38,238593,367017,21591,86365,3.3996906146948755,0.1904905796877688
317,0.494042375961617,15,93,15,238686,366924,21606,86350,3.398829152617733,0.19050287464094565
318,0.4941411485180583,31,226,31,238912,366698,21637,86319,3.3967357071399458,0.19054251827194124
319,0.4941425991373892,48,347,48,239259,366351,21685,86271,3.3935214346585645,0.19060275461643492
320,0.4942320328332346,33,217,33,239476,366134,21718,86238,3.3915113564785653,0.19063514099015855
321,0.4942326964304041,7,118,7,239594,366016,21725,86231,3.390418318574234,0.1906723538243482
322,0.4942768889104965,161,1268,161,240862,364748,21886,86070,3.378672792619215,0.19091961722912573
323,0.4943538566900137,90,510,90,241372,364238,21976,85980,3.3739486457445627,0.1909741503005211
324,0.4944301471974283,72,347,72,241719,363891,22048,85908,3.3707343732631814,0.19099197641613255
325,0.4944678327901076,38,198,38,241917,363693,22086,85870,3.3689002927118454,0.19100771193358884
326,0.4945744709535281,40,214,40,242131,363479,22126,85830,3.366918003631109,0.19102666539063318
327,0.4946224957675532,98,557,98,242688,362922,22224,85732,3.361758494201341,0.19108711835846778
328,0.4946415009752172,14,87,14,242775,362835,22238,85718,3.360952610322724,0.19109893368230732
329,0.4947483242777843,107,718,107,243493,362117,22345,85611,3.3543017525658603,0.1912120751885073
330,0.4948591706281097,326,2186,326,245679,359931,22671,85285,3.3340527622364666,0.19155870408970027
331,0.4951100746262669,73,574,73,246253,359357,22744,85212,3.3287357812442107,0.19167328356228167
332,0.4951228848299409,38,217,38,246470,359140,22782,85174,3.3267257030642114,0.19169776329352664
333,0.4952580658631816,10,83,10,246553,359057,22792,85164,3.325956871317944,0.1917153849097634
334,0.4953044637969682,23,116,23,246669,358941,22815,85141,3.3248823594797883,0.19172360059628626
335,0.4953159003209556,20,93,20,246762,358848,22835,85121,3.3240208974026455,0.19172735033301874
336,0.4953306059953976,207,1178,207,247940,357670,23042,84914,3.3131090444255067,0.19185962438768686
337,0.4954232654496832,8,17,8,247957,357653,23050,84906,3.3129515728630183,0.19185238578359043
338,0.4954444027971941,95,837,95,248794,356816,23145,84811,3.3051984141687356,0.19204215321979862
339,0.4954752424710991,7,81,7,248875,356735,23152,84804,3.3044481084886437,0.19206457413727893
340,0.4954847593122177,136,1298,136,250173,355437,23288,84668,3.2924246915409983,0.19238136353824656
341,0.4954983477101057,7,30,7,250203,355407,23295,84661,3.2921468005483714,0.19238163192961089
342,0.4955464109881495,76,457,76,250660,354950,23371,84585,3.2879135944273594,0.19244201258147817
343,0.4955970887066579,30,224,30,250884,354726,23401,84555,3.2858386750157473,0.19248499252187096
344,0.4955978519600984,145,1268,145,252152,353458,23546,84410,3.2740931490607283,0.19277499154996483
345,0.49564841413644,46,230,46,252382,353228,23592,84364,3.271962651450591,0.1927914587103969
346,0.4956635490967193,2,8,2,252390,353220,23594,84362,3.2718885471858905,0.19279129397461503
347,0.4956726643264587,149,1270,149,253660,351950,23743,84213,3.2601244951646966,0.19307690014971468
348,0.4956846993147383,62,423,62,254083,351527,23805,84151,3.2562062321686613,0.19314952786232034
349,0.4956865018915012,12,81,12,254164,351446,23817,84139,3.2554559264885694,0.19316321728250513
350,0.4956960352074508,305,2300,305,256464,349146,24122,83834,3.234150950387195,0.1936209524689362
351,0.49571160678764,27,208,27,256672,348938,24149,83807,3.2322242395049834,0.19366370495326346
352,0.4957327679799602,374,2719,374,259391,346219,24523,83433,3.207038052539924,0.1941873888635454
353,0.4957866928350736,46,255,46,259646,345964,24569,83387,3.204675979102597,0.19421638705860705
354,0.4957972922452159,49,302,49,259948,345662,24618,83338,3.201878543110156,0.19426107226107225
355,0.4958083462592825,52,288,52,260236,345374,24670,83286,3.1992107895809405,0.19429384593850604
356,0.4958400910608388,31,201,31,260437,345173,24701,83255,3.197348919930342,0.19432670133604713
357,0.4958835612443504,81,495,81,260932,344678,24782,83174,3.1927637185520026,0.19439899778428055
358,0.4959332333292777,332,2177,332,263109,342501,25114,82842,3.172598095520397,0.1947651659954437
359,0.4959518904346762,12,84,12,263193,342417,25126,82830,3.1718200007410426,0.19478091556201454
360,0.4959730644975044,224,1466,224,264659,340951,25350,82606,3.158240394234688,0.19502924045642028
361,0.4959843818661313,11,92,11,264751,340859,25361,82595,3.157388195190633,0.19505070208334319
362,0.496119890407119,14,70,14,264821,340789,25375,82581,3.1567397828745043,0.19505633370338002
363,0.4961316769581009,330,2283,330,267104,338506,25705,82251,3.135592278335618,0.195483378767317
364,0.4961640615951159,323,2291,323,269395,336215,26028,81928,3.1143706695320317,0.19593297029963433
365,0.4962720792279774,284,2214,284,271609,334001,26312,81644,3.0938623142761865,0.19642723959147831
366,0.4962723077814442,300,2361,300,273970,331640,26612,81344,3.0719922931564714,0.1969664684346125
367,0.4963526246632918,313,2303,313,276273,329337,26925,81031,3.0506595279558337,0.1974593535558328
368,0.4963550420414627,48,273,48,276546,329064,26973,80983,3.0481307199229315,0.19749687230975962
369,0.4964833551232105,710,4704,710,281250,324360,27683,80273,3.004557412279077,0.19838470910677083
370,0.4965200184896775,45,274,45,281524,324086,27728,80228,3.002019341213087,0.19842993317075341
371,0.4966131936661108,700,4617,700,286141,319469,28428,79528,2.9592519174478493,0.19931979438441894
372,0.4966355283022611,170,1309,170,287450,318160,28598,79358,2.9471266071362408,0.1996337272777585
373,0.4967463898703689,693,4525,693,291975,313635,29291,78665,2.905211382415058,0.20052255926586796
374,0.4967727259261724,117,739,117,292714,312896,29408,78548,2.8983660009633554,0.20066216368113957
375,0.4968061327794467,737,4648,737,297362,308248,30145,77811,2.8553114231724037,0.2015520943689954
376,0.4969393432452742,88,703,88,298065,307545,30233,77723,2.848799510911853,0.20173749182387324
377,0.4970826741425868,84,725,84,298790,306820,30317,77639,2.8420838119233762,0.20194351023126003
378,0.4971506191405074,154,1205,154,299995,305615,30471,77485,2.8309218570528736,0.20225789611067607
379,0.4971706207059627,4,32,4,300027,305583,30475,77481,2.830625439994072,0.20226646200112774
380,0.4972178565775141,353,2319,353,302346,303264,30828,77128,2.8091444662640335,0.20275925886979748
381,0.4972592192707876,13,27,13,302373,303237,30841,77115,2.8088943643706696,0.20274640333165067
382,0.4973065509241749,207,1237,207,303610,302000,31048,76908,2.797435992441365,0.2029727532804797
383,0.4973358244989578,0,7,0,303617,301993,31048,76908,2.7973711512097523,0.20297650309711507
384,0.4973432431454058,222,1180,222,304797,300813,31270,76686,2.786440772166438,0.20314225997949664
385,0.4973540437245584,213,1409,213,306206,299404,31483,76473,2.7733891585460744,0.20345219313764876
386,0.49741092383175,4,18,4,306224,299386,31487,76469,2.7732224239504983,0.2034534594457969
387,0.4974471817475182,142,1211,142,307435,298175,31629,76327,2.76200489088147,0.20380932545086541
388,0.4974590007475505,17,123,17,307558,298052,31646,76310,2.760865537811701,0.20384013334686746
389,0.4975761280179639,1,7,1,307565,298045,31647,76309,2.760800696580088,0.20384181817210448
390,0.4975943402421025,111,645,111,308210,297400,31758,76198,2.7548260402386155,0.2039571946316629
391,0.497624203163216,7,30,7,308240,297370,31765,76191,2.754548149245989,0.2039586573544883
392,0.4976424089073243,776,5338,776,313578,292032,32541,75415,2.7051020786246247,0.20524048366158928
393,0.497693902476321,9,42,9,313620,291990,32550,75406,2.7047130312349474,0.20524447734869186
394,0.4976993038733378,11,84,11,313704,291906,32561,75395,2.703934936455593,0.2052676142999883
395,0.4977137925808402,11,41,11,313745,291865,32572,75384,2.7035551520990033,0.205266726389997
396,0.4977266631610339,206,1217,206,314962,290648,32778,75178,2.69228204083145,0.20550206928977163
397,0.4977406308933682,24,157,24,315119,290491,32802,75154,2.690827744636704,0.20553815859645283
398,0.4977626344794198,171,1252,171,316371,289239,32973,74983,2.679230427211086,0.20587169363739696
399,0.4978645066822221,2,12,2,316383,289227,32975,74981,2.6791192708140352,0.2058741158898212
400,0.4978827054248686,414,2969,414,319352,286258,33389,74567,2.651617325577087,0.20665696667359523
401,0.4979290612623391,21,152,21,319504,286106,33410,74546,2.6502093445477786,0.20669786941428303
402,0.4979336954233082,14,37,14,319541,286069,33424,74532,2.6498666123235393,0.20668827873466797
403,0.4979379390562671,338,2375,338,321916,283694,33762,74194,2.627866908740598,0.20731066702432047
404,0.4979810067455207,317,2293,317,324209,281401,34079,73877,2.606626773870836,0.20794138674502785
405,0.4980232034822388,357,2299,357,326508,279102,34436,73520,2.5853310608025493,0.20849521584019148
406,0.498045625125564,11,37,11,326545,279065,34447,73509,2.5849883285783095,0.20849240159512614
407,0.4981654063340624,2,16,2,326561,279049,34449,73507,2.584840120048909,0.20849737346691022
408,0.4981674734013002,22,163,22,326724,278886,34471,73485,2.5833302456556373,0.20854440348382813
409,0.498209561488964,57,322,57,327046,278564,34528,73428,2.580347549001445,0.2086070137957681
410,0.4982494508873361,18,161,18,327207,278403,34546,73410,2.5788562006743487,0.20866198804478517
411,0.4982569080976483,9,50,9,327257,278353,34555,73401,2.578393049019971,0.20867140103595125
412,0.4983787558608975,51,248,51,327505,278105,34606,73350,2.5760958168142576,0.20870381698937274
413,0.4983937781524387,7,36,7,327541,278069,34613,73343,2.5757623476231055,0.2087094350790525
414,0.4984005659311173,24,101,24,327642,277968,34637,73319,2.5748267812812626,0.20871538087091182
415,0.4984151099918306,56,250,56,327892,277718,34693,73263,2.5725110230093744,0.2087377949233719
416,0.4984341105916273,4,16,4,327908,277702,34697,73259,2.5723628144799733,0.20873829285875067
417,0.498681048382685,38,151,38,328059,277551,34735,73221,2.5709640964837526,0.20874243098080805
418,0.498791927424834,120,655,120,328714,276896,34855,73101,2.5648968098114047,0.20886179024391638
419,0.498915536218765,12,91,12,328805,276805,34867,73089,2.5640538738004373,0.20888897780470655
420,0.4989294388943859,45,274,45,329079,276531,34912,73044,2.5615158027344473,0.2089508689122506
421,0.4990803225626654,2,28,2,329107,276503,34914,73042,2.561256437807996,0.2089630805761776
422,0.4991085867441479,3,13,3,329120,276490,34917,73039,2.5611360183778578,0.20896406306772827
423,0.4991238409160418,2,18,2,329138,276472,34919,73037,2.5609692837822817,0.20897029833280403
424,0.4992455332771559,3,3,3,329141,276469,34922,73034,2.560941494683019,0.20896530215763526
425,0.4992634143185549,71,379,71,329520,276090,34993,72963,2.557430805142836,0.2090312932420005
426,0.4992666900218195,35,217,35,329737,275873,35028,72928,2.555420726962837,0.2090819693750878
427,0.4993206256884527,4,19,4,329756,275854,35032,72924,2.555244729334173,0.20908428857324718
428,0.4993687026042532,29,228,29,329984,275626,35061,72895,2.5531327577902108,0.20915525893705114
429,0.4993905623994836,47,294,47,330278,275332,35108,72848,2.55040942606247,0.2092251134470676
430,0.499485836796162,0,4,0,330282,275328,35108,72848,2.5503723739301196,0.2092275171177795
431,0.4994920877097241,40,295,40,330577,275033,35148,72808,2.547639779169291,0.2093140256611498
432,0.4995002503759725,3,21,3,330598,275012,35151,72805,2.5474452554744524,0.20931984348091093
433,0.499506993691874,32,115,32,330713,274897,35183,72773,2.546380006669384,0.20931630569217938
434,0.4995097748213344,46,285,46,330998,274612,35229,72727,2.5437400422394307,0.2093833401950256
435,0.499533911941414,7,41,7,331039,274571,35236,72720,2.543360257882841,0.2093921236081557
436,0.4995550747906764,115,772,115,331811,273799,35351,72605,2.5362091963392492,0.2095963095114375
437,0.499581274546133,14,56,14,331867,273743,35365,72591,2.535690466486346,0.20959824908902966
438,0.4995900153172276,30,147,30,332014,273596,35395,72561,2.534328800622476,0.20961875680688244
439,0.4996090057300405,22,107,22,332121,273489,35417,72539,2.5333376560821077,0.20963332447085206
440,0.499622102214854,21,87,21,332208,273402,35438,72518,2.53253177220349,0.20963806660499537
441,0.4996595056918282,15,95,15,332303,273307,35453,72503,2.531651784060173,0.20966137474335617
442,0.4997115333480569,6,17,6,332320,273290,35459,72497,2.531494312497684,0.20965796863386998
443,0.4997210589582938,95,551,95,332871,272739,35554,72402,2.5263903812664417,0.2097751353794536
444,0.499752672485249,117,667,117,333538,272072,35671,72285,2.5202119381970434,0.2099129682277404
445,0.4997585918932101,264,1500,264,335038,270572,35935,72021,2.506317388565712,0.21022320946429146
446,0.4997742154604201,3,12,3,335050,270560,35938,72018,2.5062062321686613,0.21022365709415083
447,0.4997880807945257,117,721,117,335771,269839,36055,71901,2.499527585312535,0.21039679288347868
448,0.4997953784607308,88,401,88,336172,269438,36143,71813,2.4958131090444255,0.21044040896583452
449,0.4998038264876402,7,13,7,336185,269425,36150,71806,2.4956926896142875,0.21043222919371335
450,0.4998164353631645,38,272,38,336457,269153,36188,71768,2.4931731446144725,0.21051211277686033
451,0.4998333846744513,28,135,28,336592,269018,36216,71740,2.491922635147653,0.2105306405132088
452,0.4999244178710703,117,723,117,337315,268295,36333,71623,2.485225462225351,0.21070669985114057
453,0.4999250995096799,235,1526,235,338841,266769,36568,71388,2.4710900737337433,0.21110904106672346
454,0.5000283827236123,66,378,66,339219,266391,36634,71322,2.467588647226648,0.21119115935720567
455,0.5000502694121158,219,1490,219,340709,264901,36853,71103,2.4537867279261922,0.21161355221961645
456,0.5000527781516702,3,14,3,340723,264887,36856,71100,2.4536570454629665,0.21161533035504348
457,0.5000650487268025,109,562,109,341285,264325,36965,70991,2.448451220867761,0.21171372675327155
458,0.5000764656406747,688,3754,688,345039,260571,37653,70303,2.4136777946570827,0.21247665274394484
459,0.5000873456296517,236,1512,236,346551,259059,37889,70067,2.3996720886287006,0.2128880732606965
460,0.5000968996875527,94,563,94,347114,258496,37983,69973,2.3944570010004074,0.21302771342196677
461,0.5001363833996999,338,1920,338,349034,256576,38321,69635,2.3766719774723035,0.21346613081717047
462,0.5001720781549733,99,564,99,349598,256012,38420,69536,2.371447626810923,0.213596766068291
463,0.5002300933399614,203,918,203,350516,255094,38623,69333,2.3629441624365484,0.2137090932628912
464,0.5002879389751707,29,155,29,350671,254939,38652,69304,2.3615083923079774,0.2137409288712478
465,0.5002971443221255,131,657,131,351328,254282,38783,69173,2.355422579569454,0.21385664157301634
466,0.5003167675697611,452,2134,452,353462,252148,39235,68721,2.3356552669606137,0.21417151547827928
467,0.5003394936988782,31,158,31,353620,251990,39266,68690,2.33419170773278,0.214201072720469
468,0.5003409917485788,545,2945,545,356565,249045,39811,68145,2.306912075289933,0.2148396859926227
469,0.5003418653232001,6,30,6,356595,249015,39817,68139,2.306634184297306,0.21484515408918065
470,0.5003479302533729,546,2916,546,359511,246099,40363,67593,2.2796231798139983,0.21547568952985732
471,0.5004326629304983,251,1405,251,360916,244694,40614,67342,2.266608618325985,0.2158148418772193
472,0.5005084284590848,222,1441,222,362357,243253,40836,67120,2.2532605876468192,0.2162559243233142
473,0.5005654716658761,35,144,35,362501,243109,40871,67085,2.2519267108822114,0.2162678839693869
474,0.5005684006738632,57,330,57,362831,242779,40928,67028,2.2488699099633185,0.2163540526844132
475,0.5005821640053966,4,15,4,362846,242764,40932,67024,2.248730964467005,0.21635441011272225
476,0.500584124017456,541,2905,541,365751,239859,41473,66483,2.2218218533476604,0.21702215171279157
477,0.5005989041983891,244,1474,244,367225,238385,41717,66239,2.2081681425766053,0.2174451126634802
478,0.5006302500425448,31,149,31,367374,238236,41748,66208,2.2067879506465595,0.2174718503238691
479,0.5006792898247463,252,1397,252,368771,236839,42000,65956,2.1938474934232466,0.2178239402896349
480,0.5006975157962941,43,166,43,368937,236673,42043,65913,2.1923098299307124,0.21783228569728938
481,0.5007124680027925,561,2869,561,371806,233804,42604,65352,2.1657341880025194,0.21845458556739628
482,0.5007247529601182,361,1977,361,373783,231827,42965,64991,2.147421171588425,0.2189590927773922
483,0.5007673338483706,326,2013,326,375796,229814,43291,64665,2.128774685983178,0.21959121023910025
484,0.5008124931953299,326,1573,326,377369,228241,43617,64339,2.1142039349364556,0.21990224895755006
485,0.5008705487247413,19,76,19,377445,228165,43636,64320,2.1134999444218017,0.21990871326734704
486,0.5009021411634293,29,163,29,377608,228002,43665,64291,2.11199007002853,0.21995395031697645
487,0.5009237518928125,754,3667,754,381275,224335,44419,63537,2.078022527696469,0.22071267785682525
488,0.5009644020719702,32,174,32,381449,224161,44451,63505,2.0764107599392343,0.2207594919107576
489,0.5010279184720917,699,3774,699,385223,220387,45150,62806,2.041452073066805,0.22177808067289798
490,0.5010317744716345,50,208,50,385431,220179,45200,62756,2.0395253621845937,0.22180359446515985
491,0.5010993271374626,82,392,82,385823,219787,45282,62674,2.0358942532142725,0.22188549923706283
492,0.5011507908110568,138,678,138,386501,219109,45420,62536,2.0296139167809106,0.2220383816506595
493,0.5011627259389544,80,413,80,386914,218696,45500,62456,2.025788284115751,0.22214318233553382
494,0.5011690115840463,28,82,28,386996,218614,45528,62428,2.0250287154025712,0.22213050006760554
495,0.5011756862089296,58,326,58,387322,218288,45586,62370,2.0220089666160286,0.22222776475283085
496,0.501176411816734,65,418,65,387740,217870,45651,62305,2.0181370187854313,0.2223788703488891
497,0.5012251706547091,171,905,171,388645,216965,45822,62134,2.0097539738411947,0.22262351352029208
498,0.5012399579931948,54,338,54,388983,216627,45876,62080,2.006623068657601,0.22274288051609756
499,0.501240580081508,38,201,38,389184,216426,45914,62042,2.0047611990070027,0.2227975925420515
500,0.5012511407049811,46,183,46,389367,216243,45960,61996,2.0030660639519806,0.22281563691646392
501,0.5012586075654584,723,3751,723,393118,212492,46683,61273,1.9683204268405647,0.2238160466093182
502,0.501379721851886,179,905,179,394023,211587,46862,61094,1.9599373818963282,0.2240493470392143
503,0.5014167154867886,43,178,43,394201,211409,46905,61051,1.9582885620067434,0.22407325845995743
504,0.5014624230759993,67,291,67,394492,211118,46972,60984,1.9555930193782651,0.2241218366641921
505,0.501464796585591,261,1627,261,396119,209491,47233,60723,1.9405220645448145,0.22472188709689359
506,0.5014973903432965,161,845,161,396964,208646,47394,60562,1.9326948015858312,0.22496359692133963
507,0.5015821316086784,53,338,53,397302,208308,47447,60509,1.929563896402238,0.22509365107117482
508,0.501591005741906,204,1053,204,398355,207255,47651,60305,1.9198099225610434,0.22538869786216176
509,0.5016459718021871,347,2019,347,400374,205236,47998,59958,1.9011078587572714,0.22609108803366593
510,0.5016977962551399,202,1300,202,401674,203936,48200,59756,1.889065915743451,0.22661286652609863
511,0.5017051002556454,154,814,154,402488,203122,48354,59602,1.8815258068101819,0.2268616494876753
512,0.501706255933218,72,273,72,402761,202849,48426,59530,1.8789969987772797,0.22688553580888715
513,0.5017517715727612,84,371,84,403132,202478,48510,59446,1.875560413501797,0.22695896519601105
514,0.5017579749670176,354,1581,354,404713,200897,48864,59092,1.8609155581903738,0.22728653904588272
515,0.5017590252600492,332,1554,332,406267,199343,49196,58760,1.8465208047723147,0.22766105004591192
516,0.5017738134647816,125,684,125,406951,198659,49321,58635,1.8401848901404276,0.22789105070464138
517,0.5018427163842034,110,726,110,407677,197933,49431,58525,1.8334599281188633,0.22820500822746806
518,0.5018996542027113,191,996,191,408673,196937,49622,58334,1.8242339471636593,0.2285179280059231
519,0.5019205576653217,57,263,57,408936,196674,49679,58277,1.8217977694616325,0.22858117834407396
520,0.5019380981842264,115,624,115,409560,196050,49794,58162,1.8160176368149987,0.22879329063930892
521,0.5019630557097207,120,680,120,410240,195370,49914,58042,1.809718774315462,0.22904203431565986
522,0.5019861811012888,843,4433,843,414673,190937,50757,57199,1.768655748638334,0.23051471773543541
523,0.5021174608511256,179,1025,179,415698,189912,50936,57020,1.7591611397235911,0.2309137738324721
524,0.5021670903449984,305,1615,305,417313,188297,51241,56715,1.744201341287191,0.2314784581979658
525,0.5021773785620154,181,977,181,418290,187320,51422,56534,1.7351513579606506,0.23183544251888424
526,0.5022066651454196,27,109,27,418399,187211,51449,56507,1.7341416873541071,0.23185402801598567
527,0.5022264830303753,462,2250,462,420649,184961,51911,56045,1.7132998629071103,0.23254607769101185
528,0.5022283614998083,710,3674,710,424323,181287,52621,55335,1.6792674793434361,0.23385399497933412
529,0.5022515695413188,4,28,4,424351,181259,52625,55331,1.6790081144169846,0.23386871803541992
530,0.5023783742350185,390,1851,390,426202,179408,53015,54941,1.6618622401719219,0.23444094064834925
531,0.5024335088080515,417,1934,417,428136,177474,53432,54524,1.643947534180592,0.23501926740747764
532,0.5024379631857364,369,1848,369,429984,175626,53801,54155,1.6268294490347919,0.23568093097340512
533,0.5024918682235152,5,18,5,430002,175608,53806,54150,1.626662714439216,0.23568276186248138
534,0.5025399542606636,61,251,61,430253,175357,53867,54089,1.62433769313424,0.23573738483128928
535,0.5025848769183726,59,262,59,430515,175095,53926,54030,1.6219107784653006,0.235810147299509
536,0.5025921475155188,33,180,33,430695,174915,53959,53997,1.620243432509541,0.23588540574543929
537,0.5026506092310036,23,106,23,430801,174809,53982,53974,1.61926155100226,0.23591787851370075
538,0.502699850548747,386,1836,386,432637,172973,54368,53588,1.6022546222535108,0.23652791080547844
539,0.5027057530743183,19,94,19,432731,172879,54387,53569,1.6013838971432806,0.23656203631738854
540,0.50278025294286,31,119,31,432850,172760,54418,53538,1.6002815962058616,0.2365818522479209
541,0.5028273109627853,76,345,76,433195,172415,54494,53462,1.5970858497906555,0.23668633813978404
542,0.5028811466070031,41,136,41,433331,172279,54535,53421,1.595826077290748,0.2366902968542313
543,0.5029170354453366,30,149,30,433480,172130,54565,53391,1.5944458853607024,0.23674513681652706
544,0.503056355952587,46,136,46,433616,171994,54611,53345,1.5931861128607951,0.23673221235560643
545,0.5030636296760512,15,72,15,433688,171922,54626,53330,1.5925191744784912,0.23675705432138228
546,0.5032987891756975,44,205,44,433893,171717,54670,53286,1.5906202526955426,0.23682350901987972
547,0.5033305868148172,35,145,35,434038,171572,54705,53251,1.5892771128978473,0.2368574389630954
548,0.503404545959665,18,73,18,434111,171499,54723,53233,1.5886009114824557,0.2368732534752505
549,0.5035697475818963,3,51,3,434162,171448,54726,53230,1.5881284967949905,0.236916832088589
550,0.5035840685261564,40,183,40,434345,171265,54766,53190,1.5864333617399682,0.23697400369784588
551,0.503610430517851,30,196,30,434541,171069,54796,53160,1.5846178072548076,0.23707905757060863
552,0.5036448252300044,8,33,8,434574,171036,54804,53152,1.5843121271629181,0.23708673077952433
553,0.5036798794357918,31,186,31,434760,170850,54835,53121,1.582589203008633,0.23717802751249045
554,0.5036915028787123,73,386,73,435146,170464,54908,53048,1.5790136722368373,0.23733848741902
555,0.5036929110488402,50,296,50,435442,170168,54958,52998,1.576271814442921,0.2374824121954061
556,0.5038100248748772,7,18,7,435460,170150,54965,52991,1.5761050798473453,0.2374776486616086
557,0.5038430186017198,61,339,61,435799,169811,55026,52930,1.5729649116306643,0.23763025217629444
558,0.5038507079144392,23,110,23,435909,169701,55049,52907,1.5719459779910334,0.23766890677783367
559,0.503858115196314,22,142,22,436051,169559,55071,52885,1.5706306272926007,0.2377452302602003
560,0.50389879701209,230,1097,230,437148,168462,55301,52655,1.5604690799955538,0.2381318487497569
561,0.5039067963306139,78,362,78,437510,168100,55379,52577,1.5571158620178591,0.23825319358156943
562,0.5039331903191797,36,158,36,437668,167942,55415,52541,1.5556523027900255,0.23829955143934
563,0.5039501544083747,89,386,89,438054,167556,55504,52452,1.5520767720182296,0.23840951238136796
564,0.5040654798621544,62,300,62,438354,167256,55566,52390,1.5492978620919633,0.23852016426431621
565,0.504098392489295,17,39,17,438393,167217,55583,52373,1.5489366038015489,0.2385035748440275
566,0.504139074408678,155,630,155,439023,166587,55738,52218,1.5431008929563896,0.2386508534996915
567,0.5041614178304583,100,462,100,439485,166125,55838,52118,1.5388213716699397,0.23880720114734494
568,0.504162951652356,66,195,66,439680,165930,55904,52052,1.5370150802178666,0.2387903588369682
569,0.5041641784116236,7,19,7,439699,165911,55911,52045,1.536839082589203,0.2387867275963956
570,0.5041673626765014,206,918,206,440617,164993,56117,51839,1.5283356182148282,0.23907449085005902
571,0.5041799660530837,29,176,29,440793,164817,56146,51810,1.5267053243914188,0.23916686285643063
572,0.5042155140816085,66,320,66,441113,164497,56212,51744,1.5237411538034014,0.23928857154748637
573,0.5042585019323637,66,286,66,441399,164211,56278,51678,1.5210919263403608,0.23937301113071996
574,0.5042738609357844,207,949,207,442348,163262,56485,51471,1.512301307940272,0.23969767106127143
575,0.5043018138075224,77,342,77,442690,162920,56562,51394,1.5091333506243285,0.23980701214106404
576,0.5043598135158164,56,284,56,442974,162636,56618,51338,1.5065026492274631,0.23992634619159336
577,0.5043768284326344,164,995,164,443969,161641,56782,51174,1.4972859313053466,0.240462373422926
578,0.5043912318298387,61,284,61,444253,161357,56843,51113,1.4946552299084812,0.24056572692615427
579,0.5044044465798392,3,9,3,444262,161348,56846,51110,1.4945718626106932,0.24056519406188517
580,0.5044525429896096,27,122,27,444384,161226,56873,51083,1.4934417725740117,0.24060685133461135
581,0.5044794196455481,72,282,72,444666,160944,56945,51011,1.4908295972433214,0.24066900993135334
582,0.5045130811381984,139,625,139,445291,160319,57084,50872,1.4850402015636,0.2408814769568779
583,0.5045174424006038,97,470,97,445761,159849,57181,50775,1.4806865760124495,0.2410693938012762
584,0.504586724940243,111,477,111,446238,159372,57292,50664,1.476268109229686,0.24121579157858652
585,0.504630356203738,26,164,26,446402,159208,57318,50638,1.4747489718033273,0.24131029421575823
586,0.504692811157825,9,64,9,446466,159144,57327,50629,1.4741561376857237,0.24135136552368514
587,0.5047145847160102,144,605,144,447071,158539,57471,50485,1.4685520026677534,0.24152728873239437
588,0.5047374602121254,175,933,175,448004,157606,57646,50310,1.4599095927970656,0.24197271975220763
589,0.5047399070981002,139,606,139,448610,157000,57785,50171,1.4542961947460076,0.24217192560734851
590,0.504745309709428,125,495,125,449105,156505,57910,50046,1.4497109933676684,0.24229367081253542
591,0.5047588952991245,22,86,22,449191,156419,57932,50024,1.4489143725221387,0.24231385903130645
592,0.5048244415510689,36,151,36,449342,156268,57968,49988,1.447515654525918,0.24235901016212863
593,0.5048472912861306,269,1160,269,450502,155108,58237,49719,1.436770536144355,0.24273655328643196
594,0.5048954405918213,126,597,126,451099,154511,58363,49593,1.4312405053910853,0.24297906949398346
595,0.504948723634209,244,1171,244,452270,153340,58607,49349,1.4203934936455593,0.24347152534177977
596,0.5049508979158128,30,117,30,452387,153223,58637,49319,1.4193097187743156,0.2435001135566944
597,0.5050177983144232,53,198,53,452585,153025,58690,49266,1.4174756382229798,0.24354024647661043
598,0.5050512522315185,243,1174,243,453759,151851,58933,49023,1.406600837378191,0.24404850801995281
599,0.5050599364125541,32,136,32,453895,151715,58965,48991,1.4053410648782838,0.2440933504728309
600,0.5050898103299108,20,80,20,453975,151635,58985,48971,1.4046000222312793,0.24411533054843823
601,0.5051017876710346,23,76,23,454051,151559,59008,48948,1.4038960317166254,0.24412115287745564
602,0.505186058234098,64,356,64,454407,151203,59072,48884,1.400598391937456,0.24431372353026434
603,0.5052402716668946,35,217,35,454624,150986,59107,48849,1.3985883137574568,0.24444666850151375
604,0.5052760812534937,34,140,34,454764,150846,59141,48815,1.397291489125199,0.24448940954918588
605,0.5053141068447814,22,132,22,454896,150714,59163,48793,1.396068768757642,0.24456785977434375
606,0.5053166914440608,61,187,61,455083,150527,59224,48732,1.3943365815702693,0.2445661174652086
607,0.5054046106236688,55,216,55,455299,150311,59279,48677,1.3923357664233578,0.24462279132409995
608,0.5054333287053319,29,121,29,455420,150190,59308,48648,1.3912149394197637,0.24466148321749365
609,0.5054792926397157,11,64,11,455484,150126,59319,48637,1.3906221053021601,0.24469845997494505
610,0.5054873384997164,67,253,67,455737,149873,59386,48570,1.3882785579310088,0.2447554209521122
611,0.505498857390998,47,246,47,455983,149627,59433,48523,1.3859998517914707,0.2448801413070906
612,0.5055199727383086,91,320,91,456303,149307,59524,48432,1.3830356812034532,0.2449289214570722
613,0.5055516081453378,114,519,114,456822,148788,59638,48318,1.3782281670310126,0.24513713433381024
614,0.5055543861151209,10,53,10,456875,148735,59648,48308,1.3777372262773722,0.24516476099125573
615,0.5055772577899482,138,527,138,457402,148208,59786,48170,1.3728556078402312,0.24529224251189033
616,0.505578710522216,94,537,94,457939,147671,59880,48076,1.3678813590722145,0.2456027423153356
617,0.5056024719339567,98,519,98,458458,147152,59978,47978,1.363073844899774,0.24587710756931278
618,0.5056158740457524,70,275,70,458733,146877,60048,47908,1.3605265108006965,0.2459532304848936
619,0.5056254115385894,43,216,43,458949,146661,60091,47865,1.3585256956537848,0.24605965269424138
620,0.5056344623329274,25,76,25,459025,146585,60116,47840,1.3578217051391308,0.24605889160344607
621,0.5056922221133073,67,270,67,459295,146315,60183,47773,1.3553206862054912,0.2461409257656321
622,0.5057195699326967,8,19,8,459314,146296,60191,47765,1.3551446885768277,0.24613394757318574
623,0.5057398297828578,49,261,49,459575,146035,60240,47716,1.3527270369409758,0.2462748579362171
624,0.505756290531165,40,186,40,459761,145849,60280,47676,1.351004112786691,0.24635576798863196
625,0.5057602501348967,45,182,45,459943,145667,60325,47631,1.349318240764756,0.24641227534687374
626,0.5057676602541334,48,243,48,460186,145424,60373,47583,1.3470673237244803,0.24653509976322102
627,0.5057697444099354,38,133,38,460319,145291,60411,47545,1.3458353403238357,0.24655665954489825
628,0.5058083392325475,294,1208,294,461527,144083,60705,47251,1.3346455963540702,0.24695558552060795
629,0.5058427512042961,66,282,66,461809,143801,60771,47185,1.33203342102338,0.24705999392625638
630,0.5058457281096824,31,158,31,461967,143643,60802,47154,1.3305698617955464,0.2471422506643186
631,0.5059146989028405,61,346,61,462313,143297,60863,47093,1.3273648523472525,0.24735017595461947
632,0.505967557861841,85,370,85,462683,142927,60948,47008,1.3239375301048575,0.24749519572485323
633,0.50599662005369,59,257,59,462940,142670,61007,46949,1.3215569306013562,0.24759649613171675
634,0.5059991897102659,20,80,20,463020,142590,61027,46929,1.3208158879543517,0.24762161049815587
635,0.5060079375471144,23,126,23,463146,142464,61050,46906,1.3196487457853199,0.24769498864656492
636,0.5060486166291356,163,613,163,463759,141851,61213,46743,1.3139705065026492,0.24784987857514024
637,0.5060501296497918,58,271,58,464030,141580,61271,46685,1.3114602245359221,0.24797492895652404
638,0.506073676772341,2,22,2,464052,141558,61273,46683,1.3112564378079958,0.24799592012367125
639,0.5061610360571185,269,1178,269,465230,140380,61542,46414,1.300344584830857,0.2484769318072315
640,0.5061919164274196,120,479,120,465709,139901,61662,46294,1.2959075919819185,0.24863181073605628
641,0.506226031944222,135,546,135,466255,139355,61797,46159,1.290849975916114,0.24881680088834265
642,0.5062571863995775,144,554,144,466809,138801,61941,46015,1.285718255585609,0.24897736126742273
643,0.5063053380488023,61,360,61,467169,138441,62002,45954,1.2823835636740895,0.24921500040673555
644,0.5063139449405566,2,24,2,467193,138417,62004,45952,1.2821612508799882,0.2492392972788267
645,0.5063620413503271,63,226,63,467419,138191,62067,45889,1.280067805402201,0.2492883528900478
646,0.5064031798495031,144,551,144,467970,137640,62211,45745,1.2749638741709586,0.24944788286937317
647,0.5064697853020301,23,70,23,468040,137570,62234,45722,1.2743154618548298,0.24944896667612335
648,0.5065175020219854,55,238,55,468278,137332,62289,45667,1.272110859979992,0.24954781173667615
649,0.5065247049800284,3,30,3,468308,137302,62292,45664,1.2718329689873653,0.24957642403506664
650,0.5066023095185426,25,79,25,468387,137223,62317,45639,1.2711011893734485,0.24958165173737573
651,0.5066324551846944,152,532,152,468919,136691,62469,45487,1.2661732557708696,0.24968437462262183
652,0.5066736055501951,24,106,24,469025,136585,62493,45463,1.265191374263589,0.2497308402179645
653,0.5067305048336852,17,71,17,469096,136514,62510,45446,1.2645336989143725,0.24975818861288196
654,0.5067598575508285,26,151,26,469247,136363,62536,45420,1.2631349809181518,0.2498583475902587
655,0.5069417620799079,21,111,21,469358,136252,62557,45399,1.2621067842454334,0.24992430539881422
656,0.5069888994901817,20,127,20,469485,136125,62577,45379,1.260930379043314,0.25001652856135403
657,0.5069961202250207,1,25,1,469510,136100,62578,45378,1.260698803216125,0.2500468376332117
658,0.507149678672334,20,125,20,469635,135975,62598,45358,1.259540924080181,0.2501364892214875
659,0.5072265065502759,10,28,10,469663,135947,62608,45348,1.2592815591537292,0.25013375989409525
660,0.5072312643306759,20,94,20,469757,135853,62628,45328,1.2584108340434992,0.25018075846805127
661,0.5073764016618483,10,23,10,469780,135830,62638,45318,1.2581977842824854,0.2501711307880849
662,0.5073916824165151,2,6,2,469786,135824,62640,45316,1.2581422060839602,0.2501711383460307
663,0.507466736235633,5,26,5,469812,135798,62645,45311,1.2579013672236836,0.2501863518654512
664,0.5074989084823717,6,30,6,469842,135768,62651,45305,1.2576234762310572,0.2502029568185207
665,0.5075148182604972,30,124,30,469966,135644,62681,45275,1.2564748601282003,0.25025011192854263
666,0.5076319087185547,1,11,1,469977,135633,62682,45274,1.2563729667642374,0.25026118392323127
667,0.5076799990609573,6,24,6,470001,135609,62688,45268,1.256150653970136,0.25026952017116605
668,0.5077477816334005,24,72,24,470073,135537,62712,45244,1.255483715587832,0.25026966329426215
669,0.5077550479458542,13,69,13,470142,135468,62725,45231,1.254844566304791,0.2503112911526904
670,0.5078577393857048,42,167,42,470309,135301,62767,45189,1.2532976397791693,0.2503684414649011
671,0.5079129474479502,6,45,6,470354,135256,62773,45183,1.2528808032902294,0.25040595436684976
672,0.5079202253629969,4,16,4,470370,135240,62777,45179,1.2527325947608285,0.2504115420216274
673,0.5079879982151134,8,47,8,470417,135193,62785,45171,1.2522972322057135,0.2504435474928478
674,0.5080344476303944,38,147,38,470564,135046,62823,45133,1.2509355663418429,0.25048979070812916
675,0.5080359518509532,50,245,50,470809,134801,62873,45083,1.2486661232353922,0.25062262346845743
676,0.5080360842844387,98,440,98,471249,134361,62971,44985,1.2445903886768683,0.2508280084306313
677,0.5080507073567032,12,56,12,471305,134305,62983,44973,1.2440716588239653,0.25085621213980525
678,0.5080735649313073,37,254,37,471559,134051,63020,44936,1.2417188484197266,0.25105733935984176
679,0.5080940227871394,48,238,48,471797,133813,63068,44888,1.2395142465448887,0.25119053614697173
680,0.5081531603648599,2,19,2,471816,133794,63070,44886,1.2393382489162252,0.2512088650100739
681,0.5081787097569714,6,46,6,471862,133748,63076,44880,1.2389121493941977,0.25124840450545266
682,0.5082012553347717,37,186,37,472048,133562,63113,44843,1.2371892252399126,0.2513550629186402
683,0.5082044630721041,4,26,4,472074,133536,63117,44839,1.2369483863796362,0.251374912403644
684,0.5082763008661517,78,229,78,472303,133307,63195,44761,1.2348271518025862,0.2513702630455781
685,0.5083086538556973,96,447,96,472750,132860,63291,44665,1.2306865760124495,0.25159836642726374
686,0.50832628450282,37,172,37,472922,132688,63328,44628,1.2290933343213901,0.2516862550474858
687,0.5084116648445071,17,53,17,472975,132635,63345,44611,1.22860239356775,0.25168974194057975
688,0.5084156827471663,14,55,14,473030,132580,63359,44597,1.2280929267479344,0.251708743234167
689,0.5084414682516812,13,88,13,473118,132492,63372,44584,1.2272777798362295,0.2517788971966839
690,0.5085172733222909,119,464,119,473582,132028,63491,44465,1.2229797324836045,0.2519363374184812
691,0.5085320337886696,55,300,55,473882,131728,63546,44410,1.2202008225573382,0.252131851162157
692,0.5085375070864071,78,310,78,474192,131418,63624,44332,1.2173292823001964,0.2522446657183499
693,0.5085449051619964,29,96,29,474288,131322,63653,44303,1.216440031123791,0.2522590747330961
694,0.5085510136682496,5,24,5,474312,131298,63658,44298,1.2162177183296898,0.2522722613271373
695,0.5086196578504689,52,231,52,474543,131067,63710,44246,1.2140779576864649,0.2523828809044395
696,0.5086295405674233,103,429,103,474972,130638,63813,44143,1.2101041164919042,0.25256177730989066
697,0.5086468049877615,63,296,63,475268,130342,63876,44080,1.207362258697988,0.2527204137092798
698,0.5087102249993658,60,262,60,475530,130080,63936,44020,1.204935344029049,0.2528431935669156
699,0.5087142344137895,61,297,61,475827,129783,63997,43959,1.2021842232020452,0.25301308837241426
700,0.5087414852306152,95,451,95,476278,129332,64092,43864,1.1980065952795584,0.25326220005080946
701,0.5087737979782122,66,262,66,476540,129070,64158,43798,1.1955796806106191,0.25336094592405767
702,0.5087799834498268,110,290,110,476830,128780,64268,43688,1.1928934010152283,0.2533107590973398
703,0.5088308750841042,65,279,65,477109,128501,64333,43623,1.190309014783801,0.2534393809114359
704,0.508883058947175,6,19,6,477128,128482,64339,43617,1.1901330171551372,0.2534413331861312
705,0.5089085522544254,6,15,6,477143,128467,64345,43611,1.189994071658824,0.25343739466985904
706,0.5089527054274625,152,551,152,477694,127916,64497,43459,1.1848901404275816,0.2535900802334063
707,0.5090322857665626,20,79,20,477773,127837,64517,43439,1.1841583608136648,0.2536198883673136
708,0.5091181898210048,39,143,39,477916,127694,64556,43400,1.1828337470821446,0.2536617298093446
709,0.5091356839236292,13,49,13,477965,127645,64569,43387,1.1823798584608545,0.2536776743533374
710,0.5091915340745963,159,523,159,478488,127122,64728,43228,1.1775352921560636,0.25375990607572646
711,0.5092105088112578,26,99,26,478587,127023,64754,43202,1.1766182518803958,0.25379350859156996
712,0.5092253193631046,5,17,5,478604,127006,64759,43197,1.1764607803179072,0.25379693659923735
713,0.5093008313968175,4,5,4,478609,127001,64763,43193,1.1764144651524695,0.2537868550007638
714,0.5093093004387994,164,524,164,479133,126477,64927,43029,1.1715606358145911,0.25384942125942445
715,0.5093759136089864,2,20,2,479153,126457,64929,43027,1.17137537515284,0.2538705718533903
716,0.5094239956338505,38,255,38,479408,126202,64967,42989,1.1690133017155138,0.25408561921142375
717,0.5094440315001842,18,98,18,479506,126104,64985,42971,1.1681055244729335,0.2541534821824634
718,0.5095036031971076,13,88,13,479594,126016,64998,42958,1.1672903775612287,0.25422846118337733
719,0.5095275585535654,57,186,57,479780,125830,65055,42901,1.1655674534069436,0.25425677557769466
720,0.5095410576988572,1,3,1,479783,125827,65056,42900,1.165539664307681,0.25425687649279605
721,0.5095883535290253,7,19,7,479802,125808,65063,42893,1.1653636666790175,0.2542545687340324
722,0.5095891480412597,11,40,11,479842,125768,65074,42882,1.1649931453555151,0.25426623184109104
723,0.5096568937437889,24,98,24,479940,125670,65098,42858,1.1640853681129348,0.25430788949017374
724,0.5096586324111179,5,28,5,479968,125642,65103,42853,1.1638260031864833,0.25432802160301493
725,0.5096642253192076,43,137,43,480105,125505,65146,42810,1.1625569676534884,0.25434453257285444
726,0.5096917601721375,79,287,79,480392,125218,65225,42731,1.1598984771573604,0.2544284276774497
727,0.5097065801695273,42,141,42,480533,125077,65267,42689,1.1585923894920154,0.2544556107912211
728,0.5097804173489358,24,94,24,480627,124983,65291,42665,1.1577216643817851,0.2544915537316282
729,0.509822028070508,12,68,12,480695,124915,65303,42653,1.1570917781318315,0.25454143989305833
730,0.5098293743432993,5,18,5,480713,124897,65308,42648,1.1569250435362555,0.25454653973559344
731,0.50986985208618,6,17,6,480730,124880,65314,42642,1.1567675719737671,0.2545456716132806
732,0.5098847819596706,45,125,45,480855,124755,65359,42597,1.1556096928378228,0.25453535063817584
733,0.5098971103255019,17,74,17,480929,124681,65376,42580,1.1549242283893437,0.25457219555066635
734,0.509945196394827,118,425,118,481354,124256,65494,42462,1.1509874393271333,0.2546935543852493
735,0.5099603381314866,71,269,71,481623,123987,65565,42391,1.1484956834265811,0.2547872915890322
736,0.5099916399325229,43,164,43,481787,123823,65608,42348,1.1469765460002224,0.25484591174151927
737,0.5099988801598283,40,114,40,481901,123709,65648,42308,1.1459205602282412,0.254841371666757
738,0.5100390562822286,90,284,90,482185,123425,65738,42218,1.1432898588313758,0.2548734326231715
739,0.5100622409874176,4,16,4,482201,123409,65742,42214,1.143141650301975,0.2548800589290135
740,0.5100737912275013,23,99,23,482300,123310,65765,42191,1.142224610026307,0.2549289732388324
741,0.5101103359573294,38,205,38,482505,123105,65803,42153,1.1403256882433583,0.25507388447155355
742,0.5101238182835793,31,158,31,482663,122947,65834,42122,1.1388621290155247,0.25517813762729524
743,0.5101833783881803,37,102,37,482765,122845,65871,42085,1.1379172996405944,0.25516885951615836
744,0.5101854129765401,81,255,81,483020,122590,65952,42004,1.135555226203268,0.25519763782397903
745,0.510195389980739,160,529,160,483549,122061,66112,41844,1.1306550816999519,0.25529422531344376
746,0.5101955816056015,81,304,81,483853,121757,66193,41763,1.1278391196413353,0.25539995107632096
747,0.5102850084611366,25,113,25,483966,121644,66218,41738,1.1267923969024418,0.25546265806514795
748,0.510350548874239,35,89,35,484055,121555,66253,41703,1.1259679869576493,0.25544230604319546
749,0.5103660209244427,88,319,88,484374,121236,66341,41615,1.1230130794027195,0.2555403405567052
750,0.5103967795117266,13,56,13,484430,121180,66354,41602,1.1224943495498165,0.25556879753289674
751,0.5104068018024488,99,306,99,484736,120874,66453,41503,1.119659861425025,0.25559654384549535
752,0.510431630753617,39,110,39,484846,120764,66492,41464,1.1186409277853941,0.25559089676258107
753,0.5106369366040581,6,18,6,484864,120746,66498,41458,1.1184741931898181,0.2555917240018742
754,0.5106666711631745,129,358,129,485222,120388,66627,41329,1.1151580273444737,0.25556373170414987
755,0.5106850400153065,39,148,39,485370,120240,66666,41290,1.1137870984475156,0.2556181514269795
756,0.5107188161536047,104,374,104,485744,119866,66770,41186,1.1103227240727704,0.25573106822641134
757,0.510925197107638,41,80,41,485824,119786,66811,41145,1.109581681425766,0.2556685784590912
758,0.5110244948881515,53,216,53,486040,119570,66864,41092,1.1075808662788544,0.2557667650097721
759,0.5111476910385686,53,188,53,486228,119382,66917,41039,1.1058394160583942,0.25582062198839306
760,0.511408744983538,68,217,68,486445,119165,66985,40971,1.103829337878395,0.25585127641504724
761,0.5114141425900041,99,295,99,486740,118870,67084,40872,1.1010967431175664,0.2558625784076824
762,0.511568748697536,8,28,8,486768,118842,67092,40864,1.100837378191115,0.25587016142161223
763,0.5116199108618799,101,293,101,487061,118549,67193,40763,1.0981233094964615,0.255868986642563
764,0.5117041028017753,101,285,101,487346,118264,67294,40662,1.0954833450665087,0.25585492619206424
765,0.5117338665940799,0,6,0,487352,118258,67294,40662,1.0954277668679833,0.25586458595519757
766,0.5118088840512629,4,22,4,487374,118236,67298,40658,1.095223980140057,0.25588127934346167
767,0.5118218223879957,82,316,82,487690,117920,67380,40576,1.09229686168439,0.2560064607308702
768,0.5118272419289213,15,36,15,487726,117884,67395,40561,1.091963392493238,0.25599419356874625
769,0.5118286510704256,183,752,183,488478,117132,67578,40378,1.0849975916113972,0.25635197765221257
770,0.5118569600724574,58,166,58,488644,116966,67636,40320,1.0834599281188633,0.2563483081774602
771,0.5118854265626959,59,161,59,488805,116805,67695,40261,1.081968579791767,0.2563317331567621
772,0.5118979638795846,329,1430,329,490235,115375,68024,39932,1.0687224424765644,0.25711654980136117
773,0.5119120008792855,15,36,15,490271,115339,68039,39917,1.0683889732854126,0.2571043953212758
774,0.5119336520210582,337,1379,337,491650,113960,68376,39580,1.0556152506576753,0.2577829881464114
775,0.5119524998541449,368,1460,368,493110,112500,68744,39212,1.0420912223498462,0.25846340434507487
776,0.5119739968789022,0,4,0,493114,112496,68744,39212,1.042054170217496,0.258470219105123
777,0.5119863181228509,394,1502,394,494616,110994,69138,38818,1.0281410945199896,0.25911141964595624
778,0.5120049383921343,14,45,14,494661,110949,69152,38804,1.0277242580310497,0.25912001762902914
779,0.5120220856110883,13,44,13,494705,110905,69165,38791,1.0273166845751973,0.2591318405301411
780,0.5120687854431805,85,402,85,495107,110503,69250,38706,1.0235929452740005,0.2594079445609849
781,0.5120970954261843,26,97,26,495204,110406,69276,38680,1.0226944310645079,0.2594475671759924
782,0.5121168641263997,985,3624,985,498828,106782,70261,37695,0.9891251991552114,0.2609065802861355
783,0.5121447936589252,373,1090,373,499918,105692,70634,37322,0.9790284930897774,0.2609674577314109
784,0.5122129220417582,801,2887,801,502805,102805,71435,36521,0.9522861165660084,0.26212623630908805
785,0.5122399483106099,66,215,66,503020,102590,71501,36455,0.9502945644521842,0.2621813082095724
786,0.5122622158959106,9,14,9,503034,102576,71510,36446,0.9501648819889584,0.2621599459078419
787,0.5123054646762222,17,68,17,503102,102508,71527,36429,0.9495349957390048,0.26219797462159106
788,0.5123084254103163,47,214,47,503316,102294,71574,36382,0.9475527066582682,0.2623525339640601
789,0.5123219040989034,31,92,31,503408,102202,71605,36351,0.9467005076142132,0.2623616955244563
790,0.5123569984991545,656,2059,656,505467,100143,72261,35695,0.9276279224869391,0.26277624817797673
791,0.5123691245938764,235,844,235,506311,99299,72496,35460,0.9198099225610434,0.26313641389443376
792,0.5124337298439694,39,120,39,506431,99179,72535,35421,0.9186983585905368,0.26315750371471025
793,0.5124473491949736,50,207,50,506638,98972,72585,35371,0.9167809107414132,0.2632887459711336
794,0.5124761075981964,6,24,6,506662,98948,72591,35365,0.9165585979473119,0.2633028820739616
795,0.5124799797309441,745,2898,745,509560,96050,73336,34620,0.8897143280595798,0.2649422208617127
796,0.5125012972155424,20,61,20,509621,95989,73356,34600,0.889149283041239,0.264953403426016
797,0.5125198434617237,763,2877,763,512498,93112,74119,33837,0.8624995368483456,0.266540106657004
798,0.5125456217685537,10,22,10,512520,93090,74129,33827,0.8622957501204195,0.2665285186381651
799,0.5125915536538898,17,47,17,512567,93043,74146,33810,0.8618603875653044,0.26652897448227475
800,0.5125937251798021,99,271,99,512838,92772,74245,33711,0.8593501055985772,0.2665259362918337
801,0.5126320360495318,394,1056,394,513894,91716,74639,33317,0.84956834265812,0.2664656530675902
802,0.5126429534231471,13,49,13,513943,91667,74652,33304,0.8491144540368298,0.2664938265677637
803,0.5126603374959198,368,1103,368,515046,90564,75020,32936,0.8388973285412575,0.26668825910931176
804,0.5127111023695403,33,164,33,515210,90400,75053,32903,0.8373781911148986,0.2668467109478277
805,0.5127205327474982,783,2881,783,518091,87519,75836,32120,0.8106913927896551,0.268474326933525
806,0.5127647341268448,47,170,47,518261,87349,75883,32073,0.8091166771647709,0.26856860544958217
807,0.5128338822721334,58,120,58,518381,87229,75941,32015,0.8080051131942644,0.26848311026131294
808,0.5128540958810499,18,58,18,518439,87171,75959,31997,0.8074678572751862,0.26850328947368424
809,0.5128625222093433,33,102,33,518541,87069,75992,31964,0.8065230279002557,0.26853057555467813
810,0.5128924582371451,719,2162,719,520703,84907,76711,31245,0.7864963503649635,0.2690009642537365
811,0.5129316743853651,742,2069,742,522772,82838,77453,30503,0.7673311349068139,0.26912591207065406
812,0.5129511404452358,500,1629,500,524401,81209,77953,30003,0.7522416540071881,0.2697820379095781
813,0.5129758809009687,82,273,82,524674,80936,78035,29921,0.7497128459742858,0.2699062756524171
814,0.5129824631855131,81,270,81,524944,80666,78116,29840,0.7472118270406461,0.27003058657448464
815,0.5129960354483304,67,156,67,525100,80510,78183,29773,0.7457667938789877,0.2699690795498853
816,0.5130014274634858,7,17,7,525117,80493,78190,29766,0.7456093223164993,0.26996435665115776
817,0.513073688087685,52,165,52,525282,80328,78242,29714,0.7440809218570529,0.27002417258864797
818,0.5131133377575933,52,176,52,525458,80152,78294,29662,0.7424506280336434,0.2701112790718852
819,0.513126879736107,84,261,84,525719,79891,78378,29578,0.7400329763977916,0.27019521508372235
820,0.5131603761471727,261,850,261,526569,79041,78639,29317,0.7321593982733706,0.2705568578231418
821,0.5131938628347925,705,2132,705,528701,76909,79344,28612,0.7124106117307051,0.2711498185195364
822,0.5133211011684038,5,21,5,528722,76888,79349,28607,0.7122160880358664,0.27116924972747525
823,0.5133615549907173,278,795,278,529517,76093,79627,28329,0.7048519767312609,0.271293405604183
824,0.5133872204461798,258,818,258,530335,75275,79885,28071,0.6972748156656415,0.27162154316567644
825,0.5134583836033156,50,137,50,530472,75138,79935,28021,0.6960057801326466,0.271629232543937
826,0.513477223493889,17,43,17,530515,75095,79952,28004,0.6956074697098819,0.27162242116800356
827,0.5134825102136087,49,134,49,530649,74961,80001,27955,0.6943662232761495,0.2716292899063314
828,0.5135983620840469,193,601,193,531250,74360,80194,27762,0.6887991403905295,0.27185131509371147
829,0.5136219771783307,495,1573,495,532823,72787,80689,27267,0.6742283893438067,0.27252283766765945
830,0.5136422973529287,2,11,2,532834,72776,80691,27265,0.6741264959798436,0.27253825931368136
831,0.5136754827501069,18,19,18,532853,72757,80709,27247,0.6739504983511801,0.27245910163593456
832,0.5136939014860455,473,1624,473,534477,71133,81182,26774,0.6589073326169921,0.27346359300152184
833,0.513717358847616,10,40,10,534517,71093,81192,26764,0.65853681129349,0.27350112919872877
834,0.5137370582800502,129,476,129,534993,70617,81321,26635,0.6541276075438142,0.2738761156582898
835,0.5137654348688104,53,203,53,535196,70414,81374,26582,0.6522472118270406,0.27405253824899994
836,0.5137840458961375,345,1100,345,536296,69314,81719,26237,0.642057875430731,0.27458634655838243
837,0.5138343955202415,215,619,215,536915,68695,81934,26022,0.636324057949535,0.2747342082202772
838,0.5138563583593067,27,130,27,537045,68565,81961,25995,0.635119863648153,0.2749048223350254
839,0.5138824276377509,4,7,4,537052,68558,81965,25991,0.6350550224165401,0.2748944991485896
840,0.513891061864989,20,34,20,537086,68524,81985,25971,0.6347400792915632,0.2748399386210911
841,0.5139295295088456,24,82,24,537168,68442,82009,25947,0.6339805105783838,0.2748943203127483
842,0.513930516369937,17,45,17,537213,68397,82026,25930,0.6335636740894438,0.27489478092168734
843,0.5139771926528051,68,192,68,537405,68205,82094,25862,0.6317851717366334,0.27493169761978165
844,0.5140006539430081,5,20,5,537425,68185,82099,25857,0.6315999110748823,0.27495161736245505
845,0.5140055702225375,40,110,40,537535,68075,82139,25817,0.6305809774352514,0.2749648532356324
846,0.5140252713360243,953,2713,953,540248,65362,83092,24864,0.6054503686687169,0.2755746680557711
847,0.5140410911861043,229,672,229,540920,64690,83321,24635,0.5992256104338805,0.27579065211307024
848,0.514096550686993,10,25,10,540945,64665,83331,24625,0.5989940346066916,0.2757867622354127
849,0.5141260206911241,82,271,82,541216,64394,83413,24543,0.5964837526399644,0.2759593869817961
850,0.5141565479888056,51,165,51,541381,64229,83464,24492,0.594955352180518,0.27605640152838673
851,0.5141706466547593,8,9,8,541390,64220,83472,24484,0.59487198488273,0.27601911976911975
852,0.5141741011726196,495,1595,495,542985,62625,83967,23989,0.5800974471080811,0.2769644630198351
853,0.514216856746308,5,32,5,543017,62593,83972,23984,0.5798010300492793,0.2770250759439574
854,0.5142182774743282,30,144,30,543161,62449,84002,23954,0.5784671532846716,0.2772357441292548
855,0.5142551378931064,211,616,211,543777,61833,84213,23743,0.5727611249027381,0.27744928484621856
856,0.5142654057087791,507,1556,507,545333,60277,84720,23236,0.5583478454185038,0.2782321315244333
857,0.5143015133737177,434,1083,434,546416,59194,85154,22802,0.5483159805846827,0.27808673593833844
858,0.5143076931448959,17,21,17,546437,59173,85171,22785,0.548121456889844,0.27800824812708946
859,0.5143621662504858,9,28,9,546465,59145,85180,22776,0.5478620919633925,0.27802394990295526
860,0.5143659776003775,679,2146,679,548611,56999,85859,22097,0.5279836229575012,0.27936937392535655
861,0.5143679208591143,426,1089,426,549700,55910,86285,21671,0.5178961799251547,0.27933385751666
862,0.5143852428104868,431,1071,431,550771,54839,86716,21240,0.5079754714883842,0.27918348032965734
863,0.5144294242484521,49,162,49,550933,54677,86765,21191,0.5064748601282004,0.2793140718089313
864,0.5144569125534685,5,17,5,550950,54660,86770,21186,0.506317388565712,0.27932916699628196
865,0.5145050088864542,27,109,27,551059,54551,86797,21159,0.5053077179591685,0.2794743098665962
866,0.5145358889004401,45,166,45,551225,54385,86842,21114,0.5037700544666346,0.2796593332362018
867,0.5145971091275665,43,157,43,551382,54228,86885,21071,0.5023157582718886,0.27983107345383074
868,0.5147378039091036,9,40,9,551422,54188,86894,21062,0.5019452369483863,0.27989368770764117
869,0.5147450646936147,32,70,32,551492,54118,86926,21030,0.5012968246322576,0.279847767072976
870,0.5148370695973463,406,1061,406,552553,53057,87332,20624,0.4914687465263626,0.2799093389069095
871,0.5148414464374564,36,154,36,552707,52903,87368,20588,0.49004223943087927,0.2801431467798778
872,0.5149379005580339,46,150,46,552857,52753,87414,20542,0.4886527844677461,0.28026468381199265
873,0.51497783626437,11,11,11,552868,52742,87425,20531,0.488550891103783,0.2801987089378079
874,0.5150063480551009,77,214,77,553082,52528,87502,20454,0.4865686020230464,0.28026088624592366
875,0.5150259401085082,64,198,64,553280,52330,87566,20390,0.4847345214717107,0.2803905390539054
876,0.5152659724637746,44,131,44,553411,52199,87610,20346,0.4835210641372411,0.2804604038872424
877,0.5153442454820433,99,313,99,553724,51886,87709,20247,0.48062173478083664,0.2806898368291905
878,0.5154309629695961,40,155,40,553879,51731,87749,20207,0.47918596465226576,0.2808946592899441
879,0.5154361651038359,77,218,77,554097,51513,87826,20130,0.4771666234391789,0.2809765085214187
880,0.515477333596448,46,131,46,554228,51382,87872,20084,0.47595316610470934,0.28102874093974756
881,0.5155207700761326,100,290,100,554518,51092,87972,19984,0.4732668865093186,0.2811638246384152
882,0.5155969974909344,73,187,73,554705,50905,88045,19911,0.47153469932194597,0.2811652733845459
883,0.5156117619873168,109,292,109,554997,50613,88154,19802,0.46882989366038014,0.2812184903784705
884,0.5156420341525767,82,278,82,555275,50335,88236,19720,0.4662547704620401,0.2814931125544215
885,0.5156481590003988,64,216,64,555491,50119,88300,19656,0.46425395531512836,0.2817054819061268
886,0.5157690764769705,96,419,96,555910,49700,88396,19560,0.46037274445144316,0.2824140918278949
887,0.51577619925394,128,429,128,556339,49271,88524,19432,0.4563989032568824,0.2828406328690159
888,0.5158153365283696,44,188,44,556527,49083,88568,19388,0.45465745303642224,0.2831563727709541
889,0.5158278982532785,123,413,123,556940,48670,88691,19265,0.45083182037126235,0.28357989254434385
890,0.5158458641292005,62,246,62,557186,48424,88753,19203,0.44855311423172406,0.28395463350436956
891,0.5158881855485299,45,132,45,557318,48292,88798,19158,0.4473303938641669,0.2840326167531505
892,0.5159362476696214,379,1168,379,558486,47124,89177,18779,0.4365111712179036,0.28494909184710865
893,0.5159556280747356,136,453,136,558939,46671,89313,18643,0.43231501722924154,0.2854365067213767
894,0.5160293842067769,335,949,335,559888,45722,89648,18308,0.4235243988291526,0.28592847102920504
895,0.5160569309094484,123,271,123,560159,45451,89771,18185,0.42101411686242546,0.28576591866239237
896,0.5161116172757123,35,79,35,560238,45372,89806,18150,0.42028233724850866,0.2857277793520355
897,0.5161154416565349,125,283,125,560521,45089,89931,18025,0.4176608988847308,0.2855943213866971
898,0.5161247463321745,12,43,12,560564,45046,89943,18013,0.417262588461966,0.28565311850806385
899,0.5161666671613847,116,299,116,560863,44747,90059,17897,0.4144929415687873,0.28569376157333504
900,0.5161762742177525,241,651,241,561514,44096,90300,17656,0.4084627070287895,0.28591786500842076
901,0.5162500771278078,22,81,22,561595,44015,90322,17634,0.40771240134869763,0.2860387029797726
902,0.5162707994296234,107,254,107,561849,43761,90429,17527,0.40535959094445884,0.2859776791541574
903,0.5162988259642836,90,275,90,562124,43486,90519,17437,0.40281225684538147,0.28621374521937526
904,0.5163094812065621,317,954,317,563078,42532,90836,17120,0.39397532327985474,0.2869979212767384
905,0.516364802139335,14,20,14,563098,42512,90850,17106,0.3937900626181037,0.28692676708376663
906,0.5164096575118184,312,908,312,564006,41604,91162,16794,0.3853792285746045,0.2875783417240316
907,0.5164128984723209,67,232,67,564238,41372,91229,16727,0.3832302048982919,0.2879051274548615
908,0.5164483065066913,113,280,113,564518,41092,91342,16614,0.38063655563377674,0.2879076699130073
909,0.5164499146427836,136,300,136,564818,40792,91478,16478,0.37785764570751046,0.28772481229264885
910,0.5166455738240698,18,66,18,564884,40726,91496,16460,0.3772462855237319,0.287832686321827
911,0.5166529542794813,35,130,35,565014,40596,91531,16425,0.37604209122234983,0.2880517704003788
912,0.5167086142364976,281,757,281,565771,39839,91812,16144,0.3690299751750713,0.28837325616705073
913,0.5167421543445277,302,1003,302,566774,38836,92114,15842,0.3597391529882545,0.2897326164087933
914,0.5167706078401394,44,141,44,566915,38695,92158,15798,0.35843306532290936,0.28990879562512617
915,0.5167854787049951,49,158,49,567073,38537,92207,15749,0.3569695060950758,0.29011163099141585
916,0.5168446792420761,59,147,59,567220,38390,92266,15690,0.3556078402312053,0.2901257396449704
917,0.5168805852228237,217,550,217,567770,37840,92483,15473,0.3505131720330505,0.29022939995873426
918,0.5168840688842883,29,93,29,567863,37747,92512,15444,0.34965170995590794,0.2903498712188152
919,0.5168856061793361,21,25,21,567888,37722,92533,15423,0.3494201341287191,0.29020604007902906
920,0.5168918147952729,111,247,111,568135,37475,92644,15312,0.3471321649560932,0.2900714190993995
921,0.516929400766484,44,141,44,568276,37334,92688,15268,0.3458260772907481,0.2902551233793392
922,0.5169337100234743,99,205,99,568481,37129,92787,15169,0.34392715550779945,0.2900493326704654
923,0.5169497152494239,112,257,112,568738,36872,92899,15057,0.34154655600429806,0.2899535904793083
924,0.5169531934311767,267,746,267,569484,36126,93166,14790,0.33463633332098264,0.29047843506952625
925,0.5169831965954055,289,710,289,570194,35416,93455,14501,0.32805957982881917,0.2905022337079552
926,0.517095140067269,48,161,48,570355,35255,93503,14453,0.3265682315017229,0.29075802687696145
927,0.5171737423787407,68,125,68,570480,35130,93571,14385,0.32541035236577864,0.2905180248409573
928,0.5171774732885621,89,264,89,570744,34866,93660,14296,0.3229649116306643,0.2907937024531142
929,0.5172989057188893,41,146,41,570890,34720,93701,14255,0.32161250879988146,0.29106687085247573
930,0.5173627190818675,53,170,53,571060,34550,93754,14202,0.3200377931749972,0.2913111256974073
931,0.5174084586855964,89,287,89,571347,34263,93843,14113,0.31737930267886916,0.291735571357698
932,0.5174377810183686,217,562,217,571909,33701,94060,13896,0.3121734780836637,0.2919511733932811
933,0.5174444097788284,73,156,73,572065,33545,94133,13823,0.31072844492200524,0.2918214828576254
934,0.5174829972020458,197,580,197,572645,32965,94330,13626,0.30535588573122385,0.29245991715138114
935,0.5175099724991372,67,166,67,572811,32799,94397,13559,0.3038182222386898,0.29248457655636567
936,0.517523955794775,68,163,68,572974,32636,94465,13491,0.3023083478454185,0.2924751230298957
937,0.5175556841793698,52,130,52,573104,32506,94517,13439,0.30110415354403647,0.292501904450974
938,0.5176194977722454,71,170,71,573274,32336,94588,13368,0.29952943791915226,0.29249081043234726
939,0.5176234306382673,73,177,73,573451,32159,94661,13295,0.2978898810626552,0.2924935099221191
940,0.5177130857321808,109,300,109,573751,31859,94770,13186,0.2951109711363889,0.2927294927294927
941,0.5177957107275009,30,74,30,573825,31785,94800,13156,0.2944255066879099,0.29273936939542955
942,0.5178437728485925,347,884,347,574709,30901,95147,12809,0.286236985438512,0.2930450697780828
943,0.5178567033182828,87,166,87,574875,30735,95234,12722,0.28469932194597797,0.29274915433647053
944,0.5180837993967236,213,475,213,575350,30260,95447,12509,0.28029938122938974,0.292478196824803
945,0.5181170110480893,161,385,161,575735,29875,95608,12348,0.2767331134906814,0.29244724439286646
946,0.5181567125908892,156,375,156,576110,29500,95764,12192,0.27325947608284856,0.29243020243691836
947,0.518183927551459,61,163,61,576273,29337,95825,12131,0.27174960168957724,0.2925388251181634
948,0.5181949849553885,180,581,180,576854,28756,96005,11951,0.2663677794657083,0.2935858697521311
949,0.5182947385670647,289,740,289,577594,28016,96294,11662,0.25951313498091816,0.2939160239931448
950,0.5184060240420376,169,427,169,578021,27589,96463,11493,0.2555578198525325,0.2940739982600686
951,0.5185559617777884,6,26,6,578047,27563,96469,11487,0.2553169809922561,0.29416133162612035
952,0.5187655803863429,185,441,185,578488,27122,96654,11302,0.25123198340064473,0.294139079741828
953,0.5187958612992118,5,19,5,578507,27103,96659,11297,0.2510559857719812,0.29419270833333333
954,0.5188439518022996,46,164,46,578671,26939,96705,11251,0.2495368483456223,0.29460591777952344
955,0.5189347746691093,69,205,69,578876,26734,96774,11182,0.2476379265626737,0.29491507542989764
956,0.519083851323723,42,109,42,578985,26625,96816,11140,0.24662825595613028,0.29498212630742754
957,0.5192510767692241,59,184,59,579169,26441,96875,11081,0.24492385786802032,0.2953200788870529
958,0.5193851444319704,71,196,71,579365,26245,96946,11010,0.2431083033828597,0.2955308012347336
959,0.5194054806674994,45,105,45,579470,26140,96991,10965,0.2421356849086665,0.2955127341328662
960,0.5197808480099695,31,88,31,579558,26052,97022,10934,0.24132053799696174,0.2956253717622884
961,0.519865848777261,64,213,64,579771,25839,97086,10870,0.2393475119493127,0.29611266991745894
962,0.519929979692762,95,265,95,580036,25574,97181,10775,0.23689280818111083,0.2964318138050565
963,0.5199457979377595,24,53,24,580089,25521,97205,10751,0.23640186742747046,0.2963994265549184
964,0.5199515366700618,78,266,78,580355,25255,97283,10673,0.23393790062618103,0.2970663549320864
965,0.51996435099382,84,257,84,580612,24998,97367,10589,0.2315573011226796,0.29755247702812826
966,0.5200207181152688,11,40,11,580652,24958,97378,10578,0.23118677979917746,0.29766996848266547
967,0.5200585865449119,106,236,106,580888,24722,97484,10472,0.22900070399051464,0.2975507188725351
968,0.5200687495346072,166,413,166,581301,24309,97650,10306,0.22517507132535478,0.2977321970244114
969,0.5200767922692661,100,270,100,581571,24039,97750,10206,0.22267405239171514,0.2980289093298292
970,0.5201856599495005,5,17,5,581588,24022,97755,10201,0.22251658082922673,0.298074394413114
971,0.5202048482192019,80,306,80,581894,23716,97835,10121,0.21968209270443514,0.2991104412329698
972,0.5202337122616799,68,241,68,582135,23475,97903,10053,0.2174497017303346,0.2998389405869721
973,0.5203086196399066,102,276,102,582411,23199,98005,9951,0.21489310459816963,0.3001809954751131
974,0.5204395945457535,177,494,177,582905,22705,98182,9774,0.21031716625291785,0.3009329104960128
975,0.5204450358375847,181,562,181,583467,22143,98363,9593,0.20511134165771241,0.3022750189059743
976,0.5204626830104673,16,55,16,583522,22088,98379,9577,0.2046018748378969,0.30244749723669667
977,0.520473574273421,40,136,40,583658,21952,98419,9537,0.20334210233798955,0.3028676680745657
978,0.5204863361531645,170,534,170,584192,21418,98589,9367,0.19839564266923562,0.30427156082507717
979,0.5205581022708761,31,105,31,584297,21313,98620,9336,0.19742302419504243,0.3046102646089595
980,0.5206196145938116,91,301,91,584598,21012,98711,9245,0.1946348512356886,0.30554912912714416
981,0.5206303486539701,94,213,94,584811,20799,98805,9151,0.19266182518803956,0.305542570951586
982,0.5206376512521025,87,211,87,585022,20588,98892,9064,0.19070732520656564,0.30567921219479294
983,0.5206587942130352,38,111,38,585133,20477,98930,9026,0.18967912853384714,0.3059349896620683
984,0.5206754920741731,50,134,50,585267,20343,98980,8976,0.18843788210011486,0.30614959582523277
985,0.5207025825318907,14,36,14,585303,20307,98994,8962,0.1881044129089629,0.3061942669718815
986,0.5207412804040723,199,508,199,585811,19799,99193,8763,0.18339879210048537,0.3068062460612002
987,0.5207506730349785,74,190,74,586001,19609,99267,8689,0.18163881581385008,0.3070535020142766
988,0.5208191826530741,105,255,105,586256,19354,99372,8584,0.17927674237652377,0.30725177178037083
989,0.5208305280110442,78,202,78,586458,19152,99450,8506,0.17740560969283783,0.30754212162846195
990,0.5209102146299267,122,350,122,586808,18802,99572,8384,0.17416354811219387,0.3083940263370853
991,0.5209522008076823,163,344,163,587152,18458,99735,8221,0.1709770647300752,0.3081449829453878
992,0.5209905725564019,51,96,51,587248,18362,99786,8170,0.17008781355367,0.30793004673601687
993,0.5211183070086118,153,346,153,587594,18016,99939,8017,0.16688280410537626,0.30795528751968654
994,0.5211372726622465,45,166,45,587760,17850,99984,7972,0.16534514061284228,0.3087289907830532
995,0.5211651110362728,173,353,173,588113,17497,100157,7799,0.16207528993293563,0.3083096141682479
996,0.5212315443838176,49,148,49,588261,17349,100206,7750,0.16070436103597763,0.30877724212120006
997,0.521289790250291,40,151,40,588412,17198,100246,7710,0.15930564303975694,0.30953910390236067
998,0.521318010503442,42,109,42,588521,17089,100288,7668,0.15829597243321353,0.30973058124974756
999,0.521337697136573,60,127,60,588648,16962,100348,7608,0.15711956723109416,0.30964590964590966
1000,0.5213591110655937,53,163,53,588811,16799,100401,7555,0.1556096928378228,0.31021598094768826
1001,0.5215289539954471,57,135,57,588946,16664,100458,7498,0.154359183371003,0.3103219932124824
1002,0.5216177903847962,118,330,118,589276,16334,100576,7380,0.1513023824521101,0.31120856877793707
1003,0.5216871929992879,18,67,18,589343,16267,100594,7362,0.150681759235244,0.31156629565364596
1004,0.5218105729205289,36,109,36,589452,16158,100630,7326,0.14967208862870057,0.3119570771589167
1005,0.5218520712513989,16,31,16,589483,16127,100646,7310,0.1493849346029864,0.31189998719972695
1006,0.5218937663164819,124,342,124,589825,15785,100770,7186,0.14621697728704286,0.31282921945061165
1007,0.5219270631045873,20,26,20,589851,15759,100790,7166,0.14597613842676646,0.3125845147219193
1008,0.5219750945239257,157,296,157,590147,15463,100947,7009,0.14323428063285043,0.3118992524029904
1009,0.5220379230495019,57,83,57,590230,15380,101004,6952,0.1424654488865834,0.31130216729356974
1010,0.5220715971034924,45,153,45,590383,15227,101049,6907,0.14104820482418765,0.31205385379958434
1011,0.5220888367798924,86,206,86,590589,15021,101135,6821,0.13914002000815148,0.31228825199157584
1012,0.52209193326314,9,12,9,590601,15009,101144,6812,0.1390288636111008,0.31217634388891435
1013,0.5221399855753194,63,204,63,590805,14805,101207,6749,0.13713920486123976,0.3131205344715598
1014,0.5221931788626477,139,308,139,591113,14497,101346,6610,0.1342861906702731,0.31316624816411615
1015,0.522214964629225,80,194,80,591307,14303,101426,6530,0.13248916225128757,0.3134450151202419
1016,0.5222825105207252,47,101,47,591408,14202,101473,6483,0.1315535959094446,0.3134155184916606
1017,0.5222910615558234,93,224,93,591632,13978,101566,6390,0.12947867649783246,0.3137274155538099
1018,0.5223235010881304,154,364,154,591996,13614,101720,6236,0.12610693245396273,0.31415617128463474
1019,0.5223798475870604,38,94,38,592090,13520,101758,6198,0.12523620734373264,0.31433208236129423
1020,0.5224040992662579,84,199,84,592289,13321,101842,6114,0.12339286375930934,0.31458708515564704
1021,0.5225593768850502,29,94,29,592383,13227,101871,6085,0.12252213864907925,0.3150890637945319
1022,0.5225725411995901,110,198,110,592581,13029,101981,5975,0.12068805809774352,0.31440749315933486
1023,0.5227940166246784,78,182,78,592763,12847,102059,5897,0.11900218607580866,0.31460734101579174
1024,0.5235960445065451,18,33,18,592796,12814,102077,5879,0.11869650598391937,0.3145027550419943
1025,0.5237498829859398,36,54,36,592850,12760,102113,5843,0.11819630219719145,0.31408912540988015
1026,0.5237608910628225,3,12,3,592862,12748,102116,5840,0.1180851458001408,0.3141811921669895
1027,0.5237637419764419,30,60,30,592922,12688,102146,5810,0.11752936381488754,0.31408800951454213
1028,0.5238357503734686,19,31,19,592953,12657,102165,5791,0.11724220978917337,0.3139093668690373
1029,0.5238837490634115,91,238,91,593191,12419,102256,5700,0.11503760791433547,0.3145868977316629
1030,0.5240005874412075,3,12,3,593203,12407,102259,5697,0.11492645151728482,0.3146818382677861
1031,0.5240486108102511,25,42,25,593245,12365,102284,5672,0.11453740412760754,0.31446471142651217
1032,0.5241234549303351,64,151,64,593396,12214,102348,5608,0.11313868613138686,0.31466726517787
1033,0.524130084674496,21,87,21,593483,12127,102369,5587,0.11233280225276965,0.3154002483911031
1034,0.524230252387848,70,217,70,593700,11910,102439,5517,0.11032272407277038,0.3165777242210363
1035,0.524288307188636,17,23,17,593723,11887,102456,5500,0.11010967431175664,0.3163282912520849
1036,0.5242981778476432,68,281,68,594004,11606,102524,5432,0.10750676201415392,0.3188167625308135
1037,0.5243646629100991,86,237,86,594241,11369,102610,5346,0.10531142317240358,0.3198324857912055
1038,0.5244227219358037,19,37,19,594278,11332,102629,5327,0.10496869094816406,0.3197670928627169
1039,0.5244420857850493,22,39,22,594317,11293,102651,5305,0.10460743265774945,0.31961682130377156
1040,0.5246003777841818,26,22,26,594339,11271,102677,5279,0.10440364592982326,0.3189728096676737
1041,0.5246364946405033,27,53,27,594392,11218,102704,5252,0.1039127051761829,0.318882817243473
1042,0.5247580560121151,76,248,76,594640,10970,102780,5176,0.10161547297046945,0.32057475535736407
1043,0.5248349277684033,77,164,77,594804,10806,102857,5099,0.10009633554411056,0.32059100911662997
1044,0.5248472514700915,19,50,19,594854,10756,102876,5080,0.09963318388973286,0.3207880777974236
1045,0.5249030571684827,69,176,69,595030,10580,102945,5011,0.09800289006632332,0.321403373741261
1046,0.5249220139644335,20,29,20,595059,10551,102965,4991,0.09773426210678425,0.32112984171921244
1047,0.524968821172311,74,168,74,595227,10383,103039,4917,0.09617807254807514,0.3213725490196078
1048,0.5249764776843991,78,171,78,595398,10212,103117,4839,0.09459409389010337,0.32150687661949373
1049,0.5251703291698342,10,31,10,595429,10181,103127,4829,0.09430693986438919,0.32171885409726847
1050,0.525402185823491,81,164,81,595593,10017,103208,4748,0.09278780243803031,0.3215712834405689
1051,0.525501045718935,10,25,10,595618,9992,103218,4738,0.09255622661084145,0.32165648336727765
1052,0.5255948529142975,14,25,14,595643,9967,103232,4724,0.0923246507836526,0.32155741610509836
1053,0.5256658081292039,2,6,2,595649,9961,103234,4722,0.09226907258512727,0.3215964040046312
1054,0.5257045945500767,77,163,77,595812,9798,103311,4645,0.09075919819185595,0.3216090839853216
1055,0.5257407515858585,8,12,8,595824,9786,103319,4637,0.09064804179480529,0.3215003813353671
1056,0.5257887502758013,60,149,60,595973,9637,103379,4577,0.08926784986475972,0.3220064724919094
1057,0.5258486729784415,13,28,13,596001,9609,103392,4564,0.0890084849383082,0.32202074366753686
1058,0.5259055045075889,7,3,7,596004,9606,103399,4557,0.08898069583904554,0.3217538657064181
1059,0.5259535278766326,14,29,14,596033,9577,103413,4543,0.08871206787950646,0.32174220963172806
1060,0.5260127036675193,20,54,20,596087,9523,103433,4523,0.08821186409277854,0.32201338459347856
1061,0.5260284561427249,36,71,36,596158,9452,103469,4487,0.08755418874356219,0.3219025755075687
1062,0.5260749906041255,58,90,58,596248,9362,103527,4429,0.08672051576568232,0.321151475600029
1063,0.526087371269861,11,28,11,596276,9334,103538,4418,0.0864611508392308,0.32126236183827805
1064,0.5261932242550176,9,14,9,596290,9320,103547,4409,0.08633146837600504,0.3211450214873625
1065,0.52620883178948,63,170,63,596460,9150,103610,4346,0.08475675275112082,0.32202133965619445
1066,0.5262471859679101,84,174,84,596634,8976,103694,4262,0.0831449849938864,0.32195195648889563
1067,0.5262981280994492,9,23,9,596657,8953,103703,4253,0.08293193523287265,0.3220505830683023
1068,0.5263828943868327,47,104,47,596761,8849,103750,4206,0.08196857979176701,0.32217541171964764
1069,0.5264195969496759,44,84,44,596845,8765,103794,4162,0.08119048501241247,0.3219617854103814
1070,0.5264828759417751,9,23,9,596868,8742,103803,4153,0.08097743525139872,0.32206281504459094
1071,0.5267173291953797,50,83,50,596951,8659,103853,4103,0.08020860350513172,0.32150133207961135
1072,0.5267592580189631,18,72,18,597023,8587,103871,4085,0.07954166512282781,0.3223642676767677
1073,0.5269987811987463,17,22,17,597045,8565,103888,4068,0.07933787839490163,0.3220137734504868
1074,0.5270468206080131,156,325,156,597370,8240,104044,3912,0.07632739264144651,0.3219223173140224
1075,0.5271257699227536,157,370,157,597740,7870,104201,3755,0.07290007039905147,0.32301075268817203
1076,0.5272813563758183,132,417,132,598157,7453,104333,3623,0.06903738560154137,0.32710364752618276
1077,0.5272863437877964,97,234,97,598391,7219,104430,3526,0.06686983585905369,0.32815262912982784
1078,0.5275125844872364,151,364,151,598755,6855,104581,3375,0.06349809181518397,0.32991202346041054
1079,0.5275957322739195,117,258,117,599013,6597,104698,3258,0.06110822927859498,0.33059360730593607
1080,0.5278331781629149,160,410,160,599423,6187,104858,3098,0.05731038571269777,0.3336564351103931
1081,0.5279591951715686,116,250,116,599673,5937,104974,2982,0.05499462744080922,0.3343424150689539
1082,0.5280437969427618,113,219,113,599892,5718,105087,2869,0.05296602319463485,0.33410970071037616
1083,0.5281849569204005,113,225,113,600117,5493,105200,2756,0.05088184074993516,0.33410110316401986
1084,0.5286629670752291,15,27,15,600144,5466,105215,2741,0.0506317388565712,0.3339831850859023
1085,0.5286836689961639,103,251,103,600395,5215,105318,2638,0.048306717551595095,0.3359225773589711
1086,0.5286868924369325,100,223,100,600618,4992,105418,2538,0.04624106117307051,0.33705179282868525
1087,0.5289024902550123,4,18,4,600636,4974,105422,2534,0.04607432657749454,0.33750665956313264
1088,0.5289505296642791,92,189,92,600825,4785,105514,2442,0.04432361332394679,0.3378995433789954
1089,0.5290071823454532,114,211,114,601036,4574,105628,2328,0.04236911334247286,0.33729353810489715
1090,0.5291900528440624,58,110,58,601146,4464,105686,2270,0.0413501797028419,0.3370953370953371
1091,0.5292830527301019,114,253,114,601399,4211,105800,2156,0.03900663233169069,0.3386210146065651
1092,0.5293560414293281,70,113,70,601512,4098,105870,2086,0.03795990959279707,0.3373221216041397
1093,0.5293647312326828,76,125,76,601637,3973,105946,2010,0.03680203045685279,0.33595186361357177
1094,0.5294770075717917,62,111,62,601748,3862,106008,1948,0.035773833784134276,0.3352839931153184
1095,0.5294936715099491,72,101,72,601849,3761,106080,1876,0.03483826744229131,0.3328011353556857
1096,0.5305690901768882,22,56,22,601905,3705,106102,1854,0.03431953758938827,0.33351322180248244
1097,0.5308083979158991,16,36,16,601941,3669,106118,1838,0.03398606839823632,0.3337570364990013
1098,0.5308564013108885,101,252,101,602193,3417,106219,1737,0.03165178406017266,0.3370197904540163
1099,0.531045428276758,120,312,120,602505,3105,106339,1617,0.028761717736855756,0.34243964421855144
1100,0.5310878460070516,118,297,118,602802,2808,106457,1499,0.026010596909852163,0.3480380775481774
1101,0.5310957090498993,57,137,57,602939,2671,106514,1442,0.02474156137685724,0.3505956722586919
1102,0.531292246415032,124,291,124,603230,2380,106638,1318,0.02204601874837897,0.35640886965927526
1103,0.531514932238362,104,169,104,603399,2211,106742,1214,0.020480566156582312,0.3544525547445255
1104,0.5317650665939018,91,157,91,603556,2054,106833,1123,0.019026269961836303,0.35347812401636763
1105,0.5318439660431984,123,310,123,603866,1744,106956,1000,0.016154729704694504,0.36443148688046645
1106,0.5319640166907134,104,177,104,604043,1567,107060,896,0.014515172848197413,0.3637840032480715
1107,0.5320543801059203,101,181,101,604224,1386,107161,795,0.012838563859350106,0.36451169188445665
1108,0.5324622613468554,101,198,101,604422,1188,107262,694,0.011004483308014377,0.3687566418703507
1109,0.5324710473340556,12,17,12,604439,1171,107274,682,0.010847011745525955,0.36805180787911496
1110,0.5324920807585384,91,200,91,604639,971,107365,591,0.008994405128015118,0.37836107554417414
1111,0.5327103550730664,4,21,4,604660,950,107369,587,0.00879988143317648,0.3819128171763175
1112,0.5327583584680557,70,136,70,604796,814,107439,517,0.00754010893326911,0.3884297520661157
1113,0.5329250653821646,104,167,104,604963,647,107543,413,0.00599318240764756,0.389622641509434
1114,0.5329976662070666,56,84,56,605047,563,107599,357,0.005215087628293008,0.38804347826086955
1115,0.5331340316225367,61,83,61,605130,480,107660,296,0.004446255882026011,0.38144329896907214
1116,0.5331693013453884,74,107,74,605237,373,107734,222,0.0034551113416577124,0.373109243697479
1117,0.5332923937615773,102,193,102,605430,180,107836,120,0.0016673459557597539,0.4
1118,0.5333944152487627,58,86,58,605516,94,107894,62,0.0008707251102300938,0.3974358974358974
1119,0.5335028078242993,62,94,62,605610,0,107956,0,0.0,
