p,Neg,Pos,$\frac{\text{Pos}}{\text{Neg}+\text{Pos}}$,TN,FP,FN,TP,Prec,Rec,$\frac{\text{FP}}{\text{P}}$
0.0,"61,423","1,717",0.03,"61,423","544,187","1,717","106,239",0.16,0.98,5.04
0.01,"5,356",156,0.03,"66,779","538,831","1,873","106,083",0.16,0.98,4.99
0.02,"6,352",208,0.03,"73,131","532,479","2,081","105,875",0.17,0.98,4.93
0.03,590,39,0.06,"73,721","531,889","2,120","105,836",0.17,0.98,4.93
0.04,"1,596",82,0.05,"75,317","530,293","2,202","105,754",0.17,0.98,4.91
0.05,439,18,0.04,"75,756","529,854","2,220","105,736",0.17,0.98,4.91
0.06,"1,654",76,0.04,"77,410","528,200","2,296","105,660",0.17,0.98,4.89
0.07,"6,099",294,0.05,"83,509","522,101","2,590","105,366",0.17,0.98,4.84
0.08,"9,011",466,0.05,"92,520","513,090","3,056","104,900",0.17,0.97,4.75
0.09,"14,593",723,0.05,"107,113","498,497","3,779","104,177",0.17,0.96,4.62
0.1,"2,840",159,0.05,"109,953","495,657","3,938","104,018",0.17,0.96,4.59
0.11,"4,311",293,0.06,"114,264","491,346","4,231","103,725",0.17,0.96,4.55
0.12,"7,888",493,0.06,"122,152","483,458","4,724","103,232",0.18,0.96,4.48
0.13,"6,280",330,0.05,"128,432","477,178","5,054","102,902",0.18,0.95,4.42
0.14,"5,117",256,0.05,"133,549","472,061","5,310","102,646",0.18,0.95,4.37
0.15,"2,031",141,0.06,"135,580","470,030","5,451","102,505",0.18,0.95,4.35
0.16,"2,098",116,0.05,"137,678","467,932","5,567","102,389",0.18,0.95,4.33
0.17,"3,343",229,0.06,"141,021","464,589","5,796","102,160",0.18,0.95,4.30
0.18,"13,630",949,0.07,"154,651","450,959","6,745","101,211",0.18,0.94,4.18
0.19,"17,425","1,275",0.07,"172,076","433,534","8,020","99,936",0.19,0.93,4.02
0.2,"8,574",539,0.06,"180,650","424,960","8,559","99,397",0.19,0.92,3.94
0.21,"3,908",284,0.07,"184,558","421,052","8,843","99,113",0.19,0.92,3.90
0.22,"5,248",361,0.06,"189,806","415,804","9,204","98,752",0.19,0.91,3.85
0.23,"5,115",430,0.08,"194,921","410,689","9,634","98,322",0.19,0.91,3.80
0.24,"5,677",488,0.08,"200,598","405,012","10,122","97,834",0.19,0.91,3.75
0.25,"2,546",225,0.08,"203,144","402,466","10,347","97,609",0.20,0.90,3.73
0.26,"2,287",221,0.09,"205,431","400,179","10,568","97,388",0.20,0.90,3.71
0.27,"4,619",384,0.08,"210,050","395,560","10,952","97,004",0.20,0.90,3.66
0.28,"7,101",677,0.09,"217,151","388,459","11,629","96,327",0.20,0.89,3.60
0.29,"20,415","2,093",0.09,"237,566","368,044","13,722","94,234",0.20,0.87,3.41
0.3,"30,233","3,139",0.09,"267,799","337,811","16,861","91,095",0.21,0.84,3.13
0.31,"19,532","2,045",0.09,"287,331","318,279","18,906","89,050",0.22,0.82,2.95
0.32,"9,367",904,0.09,"296,698","308,912","19,810","88,146",0.22,0.82,2.86
0.33,"5,374",608,0.10,"302,072","303,538","20,418","87,538",0.22,0.81,2.81
0.34,"4,070",437,0.10,"306,142","299,468","20,855","87,101",0.23,0.81,2.77
0.35,"3,629",384,0.10,"309,771","295,839","21,239","86,717",0.23,0.80,2.74
0.36,"1,540",212,0.12,"311,311","294,299","21,451","86,505",0.23,0.80,2.73
0.37,"3,229",411,0.11,"314,540","291,070","21,862","86,094",0.23,0.80,2.70
0.38,"4,088",551,0.12,"318,628","286,982","22,413","85,543",0.23,0.79,2.66
0.39,"8,062","1,104",0.12,"326,690","278,920","23,517","84,439",0.23,0.78,2.58
0.4,"13,516","1,914",0.12,"340,206","265,404","25,431","82,525",0.24,0.76,2.46
0.41,"18,794","2,864",0.13,"359,000","246,610","28,295","79,661",0.24,0.74,2.28
0.42,"23,175","3,414",0.13,"382,175","223,435","31,709","76,247",0.25,0.71,2.07
0.43,"5,244",860,0.14,"387,419","218,191","32,569","75,387",0.26,0.70,2.02
0.44,"3,553",553,0.13,"390,972","214,638","33,122","74,834",0.26,0.69,1.99
0.45,"3,152",552,0.15,"394,124","211,486","33,674","74,282",0.26,0.69,1.96
0.46,"1,627",255,0.14,"395,751","209,859","33,929","74,027",0.26,0.69,1.94
0.47,"1,963",370,0.16,"397,714","207,896","34,299","73,657",0.26,0.68,1.93
0.48,"4,589",823,0.15,"402,303","203,307","35,122","72,834",0.26,0.67,1.88
0.49,"6,393","1,217",0.16,"408,696","196,914","36,339","71,617",0.27,0.66,1.82
0.5,"12,436","2,456",0.16,"421,132","184,478","38,795","69,161",0.27,0.64,1.71
0.51,"12,096","2,458",0.17,"433,228","172,382","41,253","66,703",0.28,0.62,1.60
0.52,"16,754","3,120",0.16,"449,982","155,628","44,373","63,583",0.29,0.59,1.44
0.53,"7,595","1,392",0.15,"457,577","148,033","45,765","62,191",0.30,0.58,1.37
0.54,"3,280",793,0.19,"460,857","144,753","46,558","61,398",0.30,0.57,1.34
0.55,"1,967",528,0.21,"462,824","142,786","47,086","60,870",0.30,0.56,1.32
0.56,"1,517",386,0.20,"464,341","141,269","47,472","60,484",0.30,0.56,1.31
0.57,918,242,0.21,"465,259","140,351","47,714","60,242",0.30,0.56,1.30
0.58,"3,261",811,0.20,"468,520","137,090","48,525","59,431",0.30,0.55,1.27
0.59,"3,891","1,018",0.21,"472,411","133,199","49,543","58,413",0.30,0.54,1.23
0.6,"6,605","1,802",0.21,"479,016","126,594","51,345","56,611",0.31,0.52,1.17
0.61,"12,327","3,526",0.22,"491,343","114,267","54,871","53,085",0.32,0.49,1.06
0.62,"8,973","2,495",0.22,"500,316","105,294","57,366","50,590",0.32,0.47,0.98
0.63,"19,477","5,959",0.23,"519,793","85,817","63,325","44,631",0.34,0.41,0.79
0.64,"3,835","1,291",0.25,"523,628","81,982","64,616","43,340",0.35,0.40,0.76
0.65,"2,582",730,0.22,"526,210","79,400","65,346","42,610",0.35,0.39,0.74
0.66,"2,334",901,0.28,"528,544","77,066","66,247","41,709",0.35,0.39,0.71
0.67,879,321,0.27,"529,423","76,187","66,568","41,388",0.35,0.38,0.71
0.68,"1,150",403,0.26,"530,573","75,037","66,971","40,985",0.35,0.38,0.70
0.69,"1,574",483,0.23,"532,147","73,463","67,454","40,502",0.36,0.38,0.68
0.7,"2,027",618,0.23,"534,174","71,436","68,072","39,884",0.36,0.37,0.66
0.71,"10,311","3,068",0.23,"544,485","61,125","71,140","36,816",0.38,0.34,0.57
0.72,"1,732",693,0.29,"546,217","59,393","71,833","36,123",0.38,0.33,0.55
0.73,"2,869","1,226",0.30,"549,086","56,524","73,059","34,897",0.38,0.32,0.52
0.74,955,498,0.34,"550,041","55,569","73,557","34,399",0.38,0.32,0.51
0.75,"1,530",691,0.31,"551,571","54,039","74,248","33,708",0.38,0.31,0.50
0.76,"1,159",568,0.33,"552,730","52,880","74,816","33,140",0.39,0.31,0.49
0.77,"2,593","1,125",0.30,"555,323","50,287","75,941","32,015",0.39,0.30,0.47
0.78,588,236,0.29,"555,911","49,699","76,177","31,779",0.39,0.29,0.46
0.79,"1,526",647,0.30,"557,437","48,173","76,824","31,132",0.39,0.29,0.45
0.8,"2,798","1,214",0.30,"560,235","45,375","78,038","29,918",0.40,0.28,0.42
0.81,"2,821","1,261",0.31,"563,056","42,554","79,299","28,657",0.40,0.27,0.39
0.82,"10,447","5,188",0.33,"573,503","32,107","84,487","23,469",0.42,0.22,0.30
0.83,"1,359",691,0.34,"574,862","30,748","85,178","22,778",0.43,0.21,0.28
0.84,402,193,0.32,"575,264","30,346","85,371","22,585",0.43,0.21,0.28
0.85,"1,361",901,0.40,"576,625","28,985","86,272","21,684",0.43,0.20,0.27
0.86,873,363,0.29,"577,498","28,112","86,635","21,321",0.43,0.20,0.26
0.87,"1,741","1,171",0.40,"579,239","26,371","87,806","20,150",0.43,0.19,0.24
0.88,"1,026",655,0.39,"580,265","25,345","88,461","19,495",0.43,0.18,0.23
0.89,600,334,0.36,"580,865","24,745","88,795","19,161",0.44,0.18,0.23
0.9,990,610,0.38,"581,855","23,755","89,405","18,551",0.44,0.17,0.22
0.91,"2,075","1,394",0.40,"583,930","21,680","90,799","17,157",0.44,0.16,0.20
0.92,"2,675","1,756",0.40,"586,605","19,005","92,555","15,401",0.45,0.14,0.18
0.93,"1,361",910,0.40,"587,966","17,644","93,465","14,491",0.45,0.13,0.16
0.94,423,241,0.36,"588,389","17,221","93,706","14,250",0.45,0.13,0.16
0.95,677,532,0.44,"589,066","16,544","94,238","13,718",0.45,0.13,0.15
0.96,"1,071",739,0.41,"590,137","15,473","94,977","12,979",0.46,0.12,0.14
0.97,429,280,0.39,"590,566","15,044","95,257","12,699",0.46,0.12,0.14
0.98,"1,286",632,0.33,"591,852","13,758","95,889","12,067",0.47,0.11,0.13
0.99,305,170,0.36,"592,157","13,453","96,059","11,897",0.47,0.11,0.12
1.0,"13,453","11,897",0.47,"605,610",0,"107,956",0,nan,0.00,0.00
