p,Neg,Pos,mPrec,TN,FP,FN,TP,Prec,Rec,FP/P,$\hat{p}$
0.0,"2,029",124,0.06,"2,029","603,581",124,"107,832",0.15,1.00,5.59,1.00
0.01,"3,248",156,0.05,"5,277","600,333",280,"107,676",0.15,1.00,5.56,0.99
0.02,"24,744","1,472",0.06,"30,021","575,589","1,752","106,204",0.16,0.98,5.33,0.96
0.03,"18,586",992,0.05,"48,607","557,003","2,744","105,212",0.16,0.97,5.16,0.93
0.04,"23,526","1,408",0.06,"72,133","533,477","4,152","103,804",0.16,0.96,4.94,0.89
0.05,"13,390",847,0.06,"85,523","520,087","4,999","102,957",0.17,0.95,4.82,0.87
0.06,"1,917",125,0.06,"87,440","518,170","5,124","102,832",0.17,0.95,4.80,0.87
0.07,430,28,0.06,"87,870","517,740","5,152","102,804",0.17,0.95,4.80,0.87
0.08,"5,783",364,0.06,"93,653","511,957","5,516","102,440",0.17,0.95,4.74,0.86
0.09,"6,079",455,0.07,"99,732","505,878","5,971","101,985",0.17,0.94,4.69,0.85
0.1,"6,810",518,0.07,"106,542","499,068","6,489","101,467",0.17,0.94,4.62,0.84
0.11,"4,846",356,0.07,"111,388","494,222","6,845","101,111",0.17,0.94,4.58,0.83
0.12,"1,270",102,0.07,"112,658","492,952","6,947","101,009",0.17,0.94,4.57,0.83
0.13,0,0,nan,"112,658","492,952","6,947","101,009",0.17,0.94,4.57,0.83
0.14,543,51,0.09,"113,201","492,409","6,998","100,958",0.17,0.94,4.56,0.83
0.15,"2,115",165,0.07,"115,316","490,294","7,163","100,793",0.17,0.93,4.54,0.83
0.16,"2,241",194,0.08,"117,557","488,053","7,357","100,599",0.17,0.93,4.52,0.82
0.17,"3,640",351,0.09,"121,197","484,413","7,708","100,248",0.17,0.93,4.49,0.82
0.18,"2,539",282,0.10,"123,736","481,874","7,990","99,966",0.17,0.93,4.46,0.82
0.19,436,45,0.09,"124,172","481,438","8,035","99,921",0.17,0.93,4.46,0.81
0.2,0,0,nan,"124,172","481,438","8,035","99,921",0.17,0.93,4.46,0.81
0.21,770,83,0.10,"124,942","480,668","8,118","99,838",0.17,0.92,4.45,0.81
0.22,"2,044",204,0.09,"126,986","478,624","8,322","99,634",0.17,0.92,4.43,0.81
0.23,"18,403","1,902",0.09,"145,389","460,221","10,224","97,732",0.18,0.91,4.26,0.78
0.24,"16,347","1,784",0.10,"161,736","443,874","12,008","95,948",0.18,0.89,4.11,0.76
0.25,"25,794","2,793",0.10,"187,530","418,080","14,801","93,155",0.18,0.86,3.87,0.72
0.26,"15,089","1,757",0.10,"202,619","402,991","16,558","91,398",0.18,0.85,3.73,0.69
0.27,"7,247",903,0.11,"209,866","395,744","17,461","90,495",0.19,0.84,3.67,0.68
0.28,"1,395",228,0.14,"211,261","394,349","17,689","90,267",0.19,0.84,3.65,0.68
0.29,"3,264",439,0.12,"214,525","391,085","18,128","89,828",0.19,0.83,3.62,0.67
0.3,"5,043",715,0.12,"219,568","386,042","18,843","89,113",0.19,0.83,3.58,0.67
0.31,"7,635","1,037",0.12,"227,203","378,407","19,880","88,076",0.19,0.82,3.51,0.65
0.32,"3,858",504,0.12,"231,061","374,549","20,384","87,572",0.19,0.81,3.47,0.65
0.33,"3,455",478,0.12,"234,516","371,094","20,862","87,094",0.19,0.81,3.44,0.64
0.34,"1,101",221,0.17,"235,617","369,993","21,083","86,873",0.19,0.80,3.43,0.64
0.35,527,116,0.18,"236,144","369,466","21,199","86,757",0.19,0.80,3.42,0.64
0.36,"2,328",344,0.13,"238,472","367,138","21,543","86,413",0.19,0.80,3.40,0.64
0.37,"3,083",476,0.13,"241,555","364,055","22,019","85,937",0.19,0.80,3.37,0.63
0.38,"4,952",724,0.13,"246,507","359,103","22,743","85,213",0.19,0.79,3.33,0.62
0.39,"20,105","2,770",0.12,"266,612","338,998","25,513","82,443",0.20,0.76,3.14,0.59
0.4,"12,870","1,983",0.13,"279,482","326,128","27,496","80,460",0.20,0.75,3.02,0.57
0.41,"29,674","4,397",0.13,"309,156","296,454","31,893","76,063",0.20,0.70,2.75,0.52
0.42,"9,023","1,315",0.13,"318,179","287,431","33,208","74,748",0.21,0.69,2.66,0.51
0.43,"8,779","1,302",0.13,"326,958","278,652","34,510","73,446",0.21,0.68,2.58,0.49
0.44,"1,968",341,0.15,"328,926","276,684","34,851","73,105",0.21,0.68,2.56,0.49
0.45,"6,640","1,131",0.15,"335,566","270,044","35,982","71,974",0.21,0.67,2.50,0.48
0.46,"18,415","3,281",0.15,"353,981","251,629","39,263","68,693",0.21,0.64,2.33,0.45
0.47,"24,180","4,504",0.16,"378,161","227,449","43,767","64,189",0.22,0.59,2.11,0.41
0.48,"28,167","5,361",0.16,"406,328","199,282","49,128","58,828",0.23,0.54,1.85,0.36
0.49,"13,908","2,680",0.16,"420,236","185,374","51,808","56,148",0.23,0.52,1.72,0.34
0.5,"12,484","2,602",0.17,"432,720","172,890","54,410","53,546",0.24,0.50,1.60,0.32
0.51,"1,252",262,0.17,"433,972","171,638","54,672","53,284",0.24,0.49,1.59,0.32
0.52,"5,798","1,205",0.17,"439,770","165,840","55,877","52,079",0.24,0.48,1.54,0.31
0.53,"4,663","1,009",0.18,"444,433","161,177","56,886","51,070",0.24,0.47,1.49,0.30
0.54,"13,884","3,145",0.18,"458,317","147,293","60,031","47,925",0.25,0.44,1.36,0.27
0.55,"4,959","1,078",0.18,"463,276","142,334","61,109","46,847",0.25,0.43,1.32,0.27
0.56,"5,183","1,249",0.19,"468,459","137,151","62,358","45,598",0.25,0.42,1.27,0.26
0.57,850,188,0.18,"469,309","136,301","62,546","45,410",0.25,0.42,1.26,0.25
0.58,"1,062",233,0.18,"470,371","135,239","62,779","45,177",0.25,0.42,1.25,0.25
0.59,"2,099",474,0.18,"472,470","133,140","63,253","44,703",0.25,0.41,1.23,0.25
0.6,"4,156",959,0.19,"476,626","128,984","64,212","43,744",0.25,0.41,1.19,0.24
0.61,"4,017","1,045",0.21,"480,643","124,967","65,257","42,699",0.25,0.40,1.16,0.23
0.62,"2,905",829,0.22,"483,548","122,062","66,086","41,870",0.26,0.39,1.13,0.23
0.63,"2,488",763,0.23,"486,036","119,574","66,849","41,107",0.26,0.38,1.11,0.23
0.64,722,229,0.24,"486,758","118,852","67,078","40,878",0.26,0.38,1.10,0.22
0.65,"11,472","3,092",0.21,"498,230","107,380","70,170","37,786",0.26,0.35,0.99,0.20
0.66,"13,550","3,858",0.22,"511,780","93,830","74,028","33,928",0.27,0.31,0.87,0.18
0.67,"19,726","6,224",0.24,"531,506","74,104","80,252","27,704",0.27,0.26,0.69,0.14
0.68,"8,357","2,682",0.24,"539,863","65,747","82,934","25,022",0.28,0.23,0.61,0.13
0.69,"10,269","3,490",0.25,"550,132","55,478","86,424","21,532",0.28,0.20,0.51,0.11
0.7,"3,554","1,263",0.26,"553,686","51,924","87,687","20,269",0.28,0.19,0.48,0.10
0.71,"4,235","1,331",0.24,"557,921","47,689","89,018","18,938",0.28,0.18,0.44,0.09
0.72,"5,908","1,982",0.25,"563,829","41,781","91,000","16,956",0.29,0.16,0.39,0.08
0.73,"7,311","2,761",0.27,"571,140","34,470","93,761","14,195",0.29,0.13,0.32,0.07
0.74,"3,155","1,216",0.28,"574,295","31,315","94,977","12,979",0.29,0.12,0.29,0.06
0.75,"3,315","1,335",0.29,"577,610","28,000","96,312","11,644",0.29,0.11,0.26,0.06
0.76,"1,138",431,0.27,"578,748","26,862","96,743","11,213",0.29,0.10,0.25,0.05
0.77,484,162,0.25,"579,232","26,378","96,905","11,051",0.30,0.10,0.24,0.05
0.78,"2,138",767,0.26,"581,370","24,240","97,672","10,284",0.30,0.10,0.22,0.05
0.79,"3,593","1,214",0.25,"584,963","20,647","98,886","9,070",0.31,0.08,0.19,0.04
0.8,"3,405","1,306",0.28,"588,368","17,242","100,192","7,764",0.31,0.07,0.16,0.04
0.81,"2,149",901,0.30,"590,517","15,093","101,093","6,863",0.31,0.06,0.14,0.03
0.82,"2,031",874,0.30,"592,548","13,062","101,967","5,989",0.31,0.06,0.12,0.03
0.83,215,92,0.30,"592,763","12,847","102,059","5,897",0.31,0.05,0.12,0.03
0.84,34,12,0.26,"592,797","12,813","102,071","5,885",0.31,0.05,0.12,0.03
0.85,"1,225",420,0.26,"594,022","11,588","102,491","5,465",0.32,0.05,0.11,0.02
0.86,925,450,0.33,"594,947","10,663","102,941","5,015",0.32,0.05,0.10,0.02
0.87,913,382,0.29,"595,860","9,750","103,323","4,633",0.32,0.04,0.09,0.02
0.88,946,460,0.33,"596,806","8,804","103,783","4,173",0.32,0.04,0.08,0.02
0.89,533,236,0.31,"597,339","8,271","104,019","3,937",0.32,0.04,0.08,0.02
0.9,987,423,0.30,"598,326","7,284","104,442","3,514",0.33,0.03,0.07,0.02
0.91,"1,302",502,0.28,"599,628","5,982","104,944","3,012",0.33,0.03,0.06,0.01
0.92,"1,505",765,0.34,"601,133","4,477","105,709","2,247",0.33,0.02,0.04,0.01
0.93,341,206,0.38,"601,474","4,136","105,915","2,041",0.33,0.02,0.04,0.01
0.94,375,165,0.31,"601,849","3,761","106,080","1,876",0.33,0.02,0.03,0.01
0.95,160,55,0.26,"602,009","3,601","106,135","1,821",0.34,0.02,0.03,0.01
0.96,780,320,0.29,"602,789","2,821","106,455","1,501",0.35,0.01,0.03,0.01
0.97,"1,114",526,0.32,"603,903","1,707","106,981",975,0.36,0.01,0.02,0.00
0.98,991,553,0.36,"604,894",716,"107,534",422,0.37,0.00,0.01,0.00
0.99,251,153,0.38,"605,145",465,"107,687",269,0.37,0.00,0.00,0.00
1.0,465,269,0.37,"605,610",0,"107,956",0,nan,0.00,0.00,0.00
