,y_proba,y_test,Neg,Pos,TN,FP,FN,TP,FP/P,Prec
0,0.454082062766219,17,430,17,430,605180,17,107939,5.605802363926044,0.15136183442034218
1,0.454475200701113,14,447,14,877,604733,31,107925,5.601661788135908,0.15144010170376254
2,0.4552156990031405,4,40,4,917,604693,35,107921,5.601291266812405,0.15144383916117282
3,0.4556744669619896,10,453,10,1370,604240,45,107911,5.597095112823743,0.15152825734991596
4,0.4572226212479987,1,46,1,1416,604194,46,107910,5.596669013301716,0.1515368541673688
5,0.4588501497722026,13,429,13,1845,603765,59,107897,5.592695172107155,0.1516127037835377
6,0.4589184043275295,0,33,0,1878,603732,59,107897,5.592389492015266,0.15161973444027715
7,0.4590612895100808,14,397,14,2275,603335,73,107883,5.588712067879507,0.1516876681973741
8,0.4598255446612652,0,34,0,2309,603301,73,107883,5.58839712475453,0.15169492002069787
9,0.4598595131464214,1,197,1,2506,603104,74,107882,5.586572307236281,0.15173575851001286
10,0.4602765650368642,3,192,3,2698,602912,77,107879,5.584793804883471,0.15177316538898214
11,0.460561486721066,6,135,6,2833,602777,83,107873,5.583543295416651,0.15179483571378316
12,0.4608389798583124,5,114,5,2947,602663,88,107868,5.58248730964467,0.1518132213795035
13,0.4610181729606181,0,22,0,2969,602641,88,107868,5.582283522916744,0.1518179220812122
14,0.4614210414309937,6,175,6,3144,602466,94,107862,5.580662492126422,0.15184816028651552
15,0.4615805895691767,1,4,1,3148,602462,95,107861,5.580625439994072,0.15184782134324806
16,0.4617524437777671,16,414,16,3562,602048,111,107845,5.576790544295824,0.1519172607702851
17,0.4620018309559337,3,123,3,3685,601925,114,107842,5.575651191226055,0.1519400028460044
18,0.462277806962532,16,366,16,4051,601559,130,107826,5.57226092111601,0.1519992669706859
19,0.4628217832116932,191,4385,191,8436,597174,321,107635,5.531642521027085,0.15271513275227758
20,0.4628581490200656,7,323,7,8759,596851,328,107628,5.528650561339805,0.1527767328763526
21,0.4629714013900227,1,18,1,8777,596833,329,107627,5.528483826744229,0.15277943389262696
22,0.4630011757382156,173,3625,173,12402,593208,502,107454,5.494905331801845,0.15336067890081095
23,0.4630197317739958,1,30,1,12432,593178,503,107453,5.494627440809219,0.15336603718647904
24,0.4632438711236012,1,14,1,12446,593164,504,107452,5.494497758345993,0.15336789339666806
25,0.4633722014376351,12,367,12,12813,592797,516,107440,5.491098225202861,0.1534337659963698
26,0.4634110522993464,4,41,4,12854,592756,520,107436,5.490718440846271,0.1534379141721128
27,0.4634533615132292,184,4308,184,17162,588448,704,107252,5.450813294305087,0.154164151214604
28,0.4635262588937496,155,4351,155,21513,584097,859,107097,5.410509837341139,0.15494492139688712
29,0.4635524002508872,1,7,1,21520,584090,860,107096,5.4104449961095264,0.1549452679886456
30,0.4636993865628297,3,30,3,21550,584060,863,107093,5.4101671051169,0.15494832547930776
31,0.4637678468382087,9,372,9,21922,583688,872,107084,5.406721256808329,0.15502075938225637
32,0.4639981625649095,199,4811,199,26733,578877,1071,106885,5.362156804624106,0.15586311285839693
33,0.4640809684942859,0,5,0,26738,578872,1071,106885,5.362110489458669,0.15586424928947135
34,0.4641938598152566,43,435,43,27173,578437,1114,106842,5.358081070065582,0.1559102205087271
35,0.464224154508542,4,20,4,27193,578417,1118,106838,5.357895809403831,0.15590984378078235
36,0.4646959232349926,5,196,5,27389,578221,1123,106833,5.356080254918671,0.15594829020777923
37,0.4647093633547669,1,15,1,27404,578206,1124,106832,5.355941309422358,0.15595047282048588
38,0.4647165270603423,0,15,0,27419,578191,1124,106832,5.355802363926044,0.15595388767968374
39,0.46485965285573,3,145,3,27564,578046,1127,106829,5.354459224128348,0.1559832086147107
40,0.4649232055049502,2,26,2,27590,578020,1129,106827,5.354218385268072,0.155986665634806
41,0.4649900168638742,0,1,0,27591,578019,1129,106827,5.354209122234985,0.15598689340377253
42,0.4650744131797587,32,436,32,28027,577583,1161,106795,5.350170439808811,0.15604680454368786
43,0.4652107997676772,1,31,1,28058,577552,1162,106794,5.349883285783097,0.15605264003881078
44,0.4654172587907285,5,107,5,28165,577445,1167,106789,5.348892141242729,0.15607087633762717
45,0.4656253372593369,0,12,0,28177,577433,1167,106789,5.3487809848456775,0.1560736135347884
46,0.4658437062716377,4,112,4,28289,577321,1171,106785,5.3477435251398715,0.1560942310109837
47,0.466117940101413,1,33,1,28322,577288,1172,106784,5.347437845047983,0.1561005274298612
48,0.4663509527932036,0,55,0,28377,577233,1172,106784,5.346928378228167,0.15611307906090052
49,0.4666520987490233,4,49,4,28426,577184,1176,106780,5.3464744896068765,0.15611932791784364
50,0.466675627550086,19,373,19,28799,576811,1195,106761,5.343019378265219,0.15618106066369014
51,0.4669881742854265,10,308,10,29107,576503,1205,106751,5.3401663640742525,0.15623911458988898
52,0.4672419765519764,0,28,0,29135,576475,1205,106751,5.339906999147801,0.15624551758861635
53,0.467382685738837,28,430,28,29565,576045,1233,106723,5.335923894920152,0.15630931736695333
54,0.4673946056847078,0,3,0,29568,576042,1233,106723,5.33589610582089,0.15631000417420343
55,0.467543908292074,4,164,4,29732,575878,1237,106719,5.3343769683945315,0.15634261504225774
56,0.4677596251844989,0,45,0,29777,575833,1237,106719,5.333960131905592,0.15635292256121144
57,0.467856877663498,1,30,1,29807,575803,1238,106718,5.333682240912965,0.15635855893078748
58,0.4680227607072281,3,39,3,29846,575764,1241,106715,5.33332098262255,0.15636378555237598
59,0.4680932951954885,7,173,7,30019,575591,1248,106708,5.331718477898403,0.15639477706987698
60,0.4681406450451262,1,19,1,30038,575572,1249,106707,5.331542480269739,0.15639789587544098
61,0.4681660656002567,14,347,14,30385,575225,1263,106693,5.328328207788358,0.15646016089911105
62,0.4682019608682431,0,25,0,30410,575200,1263,106693,5.328096631961169,0.15646589714222026
63,0.4682474422450561,8,101,8,30511,575099,1271,106685,5.327161065619326,0.15647917815613155
64,0.4685995387273053,0,1,0,30512,575098,1271,106685,5.327151802586239,0.15647940767076915
65,0.4686569965391109,5,90,5,30602,575008,1276,106680,5.326318129608359,0.1564938798981352
66,0.4686634474895457,15,355,15,30957,574653,1291,106665,5.323029752862277,0.1565568501052372
67,0.468674770822029,235,4399,235,35356,570254,1526,106430,5.282281670310127,0.15728168539525095
68,0.4687969982979291,3,40,3,35396,570214,1529,106427,5.281911148986624,0.15728724685616155
69,0.4688066950732263,193,3584,193,38980,566630,1722,106234,5.24871243840083,0.1578833166880677
70,0.4688360480475558,0,8,0,38988,566622,1722,106234,5.248638334136129,0.1578851938602019
71,0.4689339109197801,2,27,2,39015,566595,1724,106232,5.248388232242766,0.1578890264510788
72,0.4690377294219556,0,8,0,39023,566587,1724,106232,5.248314127978065,0.157890903794334
73,0.4691321889875475,1,184,1,39207,566403,1725,106231,5.246609729889955,0.15793284312122194
74,0.4691575677187816,12,315,12,39522,566088,1737,106219,5.243691874467376,0.1579918102890495
75,0.4692634617999688,1,16,1,39538,566072,1738,106218,5.243543665937975,0.157994317928275
76,0.4692708548677132,212,4457,212,43995,561615,1950,106006,5.202258327466746,0.15878170399073727
77,0.4692867455179452,223,4383,223,48378,557232,2173,105783,5.161658453443995,0.15954842650618764
78,0.4693119444253056,0,1,0,48379,557231,2173,105783,5.161649190410908,0.15954866714730007
79,0.4693967327614187,64,1061,64,49440,556170,2237,105719,5.151821112305013,0.15972315599745576
80,0.469399750675615,0,4,0,49444,556166,2237,105719,5.1517840601726625,0.15972412125973545
81,0.4695171463637084,1,12,1,49456,556154,2238,105718,5.151672903775612,0.1597257475765707
82,0.4695744180205756,23,476,23,49932,555678,2261,105695,5.1472637000259365,0.1598114830814079
83,0.4697142144488372,4,104,4,50036,555574,2265,105691,5.146300344584831,0.15983153501243827
84,0.4697415303990873,0,3,0,50039,555571,2265,105691,5.146272555485568,0.1598322601328974
85,0.4697917100167774,64,1013,64,51052,554558,2329,105627,5.136889102967876,0.15999606170997524
86,0.4697932044193342,264,4960,264,56012,549598,2593,105363,5.090944458853607,0.16086912045144672
87,0.469834862592291,63,1034,63,57046,548564,2656,105300,5.081366482641076,0.16104266330613093
88,0.4698465866136101,26,549,26,57595,548015,2682,105274,5.0762810774760085,0.16114460828209262
89,0.4698688112459912,64,1019,64,58614,546996,2746,105210,5.066842046759791,0.16131406334808326
90,0.4698867992023182,0,1,0,58615,546995,2746,105210,5.066832783726704,0.16131431068452404
91,0.4699856426657333,0,8,0,58623,546987,2746,105210,5.066758679462003,0.16131628940335513
92,0.470012462791467,35,544,35,59167,546443,2781,105175,5.061719589462373,0.16140591573590662
93,0.4700301786055132,0,11,0,59178,546432,2781,105175,5.06161769609841,0.16140864048421824
94,0.4700672655369247,11,409,11,59587,546023,2792,105164,5.0578291155656006,0.16149585295775254
95,0.4700810547140327,0,2,0,59589,546021,2792,105164,5.057810589499426,0.16149634896381213
96,0.4703772316576159,19,511,19,60100,545510,2811,105145,5.053077179591686,0.16159869669794283
97,0.4703804335599758,0,8,0,60108,545502,2811,105145,5.053003075326985,0.1616006836272203
98,0.4704713979862478,3,9,3,60117,545493,2814,105142,5.052919708029197,0.16159905323261123
99,0.4704971403560631,54,1071,54,61188,544422,2868,105088,5.0429989995924265,0.1617958153069237
100,0.4705764723031554,6,63,6,61251,544359,2874,105082,5.042415428507911,0.16180376662391194
101,0.4706566193662188,164,3518,164,64769,540841,3038,104918,5.009828078105895,0.1624723774658967
102,0.4706848488481402,0,15,0,64784,540826,3038,104918,5.009689132609582,0.16247615153992914
103,0.4708371054769743,44,496,44,65280,540330,3082,104874,5.005094668198155,0.16254393959119906
104,0.4709355006287541,0,6,0,65286,540324,3082,104874,5.005039089999629,0.1625454511638288
105,0.4709374997209381,168,2757,168,68043,537567,3250,104706,4.9795009077772425,0.16302413459697046
106,0.47101571053107,0,7,0,68050,537560,3250,104706,4.97943606654563,0.1630259113825113
107,0.4710189690992117,1,6,1,68056,537554,3251,104705,4.979380488347104,0.1630261312025211
108,0.4710536149149831,0,5,0,68061,537549,3251,104705,4.979334173181667,0.16302740037430674
109,0.4711202407872642,6,52,6,68113,537497,3257,104699,4.978852495461114,0.16303278126926982
110,0.4712421794389566,177,3533,177,71646,533964,3434,104522,4.9461261995627845,0.16370288463646815
111,0.4712451553436608,0,26,0,71672,533938,3434,104522,4.945885360702508,0.16370955110735205
112,0.4712670253112533,1,3,1,71675,533935,3435,104521,4.945857571603246,0.16370901048780181
113,0.4712738170954969,2,36,2,71711,533899,3437,104519,4.945524102412094,0.1637156220532629
114,0.4712771163413866,181,3468,181,75179,530431,3618,104338,4.913399903664456,0.1643716060488146
115,0.4712894819295642,0,4,0,75183,530427,3618,104338,4.9133628515321055,0.16437264184383196
116,0.4714193805409447,8,58,8,75241,530369,3626,104330,4.912825595613027,0.1643771299466361
117,0.4714956147000727,1,35,1,75276,530334,3627,104329,4.912501389454963,0.16438487827398163
118,0.4715234656657567,2,8,2,75284,530326,3629,104327,4.912427285190263,0.16438431709926526
119,0.4716530263187388,2,48,2,75332,530278,3631,104325,4.91198265960206,0.16439411726701575
120,0.4716695215352958,29,477,29,75809,529801,3660,104296,4.907564192819296,0.16447956700630975
121,0.4716913209314025,181,3776,181,79585,526025,3841,104115,4.872586979880692,0.16522518805344844
122,0.4719277792982065,0,15,0,79600,526010,3841,104115,4.872448034384379,0.16522912120610989
123,0.4719818513235594,0,37,0,79637,525973,3841,104115,4.872105302160139,0.16523882378334454
124,0.4720091897708444,1,14,1,79651,525959,3842,104114,4.871975619696913,0.165241170467549
125,0.4720190411528505,23,279,23,79930,525680,3865,104091,4.869391233465486,0.16528388890564982
126,0.4721232632319195,37,226,37,80156,525454,3902,104054,4.867297787987699,0.16529416623776028
127,0.4721470724792229,1,123,1,80279,525331,3903,104053,4.86615843491793,0.16532514331473314
128,0.4721525463167948,25,232,25,80511,525099,3928,104028,4.864009411241617,0.16535294145697133
129,0.4721612346735375,1,20,1,80531,525079,3929,104027,4.863824150579866,0.16535687149701322
130,0.4724272701264529,1,13,1,80544,525066,3930,104026,4.8637037311497275,0.16535896180526855
131,0.4725340459773003,8,172,8,80716,524894,3938,104018,4.862110489458669,0.16539356857557178
132,0.4725821232552634,39,241,39,80957,524653,3977,103979,4.859878098484568,0.16540519731734943
133,0.4727021288375893,23,238,23,81195,524415,4000,103956,4.8576734966097295,0.1654372973927823
134,0.4727931835062716,23,291,23,81486,524124,4023,103933,4.854977953981251,0.16548338765430526
135,0.4727991724745175,6,115,6,81601,524009,4029,103927,4.853912705176183,0.1655057203281863
136,0.4729206738856031,1,7,1,81608,524002,4030,103926,4.85384786394457,0.16550623638378922
137,0.4730417751412116,1,9,1,81617,523993,4031,103925,4.853764496646782,0.1655072796129431
138,0.4731866137417427,31,261,31,81878,523732,4062,103894,4.85134684501093,0.1655348886120078
139,0.473222779784033,5,45,5,81923,523687,4067,103889,4.85093000852199,0.1655401098831058
140,0.4732423093870052,36,538,36,82461,523149,4103,103853,4.845946496720886,0.16563424040114705
141,0.4732567544727952,3,95,3,82556,523054,4106,103850,4.845066508577569,0.16565534754922603
142,0.4736807294279578,2,8,2,82564,523046,4108,103848,4.844992404312868,0.16565479969500427
143,0.4738354572308485,1,65,1,82629,522981,4109,103847,4.844390307162177,0.16567064649313687
144,0.4739651166364235,4,51,4,82680,522930,4113,103843,4.843917892474712,0.16567880237342705
145,0.4739789356136594,33,431,33,83111,522499,4146,103810,4.839925525213976,0.165748855596838
146,0.4740011232577545,0,14,0,83125,522485,4146,103810,4.839795842750751,0.16575256069424152
147,0.4740146366591291,0,9,0,83134,522476,4146,103810,4.839712475452962,0.16575494263004442
148,0.4740486223751936,1,42,1,83176,522434,4147,103809,4.839323428063285,0.16576472711072218
149,0.4743292490314862,2,27,2,83203,522407,4149,103807,4.839073326169921,0.16576920988671603
150,0.4743662570872621,0,1,0,83204,522406,4149,103807,4.839064063136833,0.16576947460368915
151,0.4744819321359518,3,25,3,83229,522381,4152,103804,4.838832487309645,0.16577209610578345
152,0.4745647574693954,0,7,0,83236,522374,4152,103804,4.838767646078032,0.16577394926043393
153,0.4747240511377389,1,5,1,83241,522369,4153,103803,4.838721330912594,0.16577394070638737
154,0.4747475918090863,2,40,2,83281,522329,4155,103801,4.838350809589092,0.16578186638557488
155,0.4748082149744722,22,494,22,83775,521835,4177,103779,4.83377487124384,0.16588343611236323
156,0.4749412512417107,3,30,3,83805,521805,4180,103776,4.833496980251214,0.16588739108125086
157,0.4749653061551721,5,70,5,83875,521735,4185,103771,4.832848567935085,0.16589928793648662
158,0.4749718156085555,30,381,30,84256,521354,4215,103741,4.829319352328726,0.16596037402314848
159,0.4750007746883266,0,1,0,84257,521353,4215,103741,4.829310089295639,0.1659606395198162
160,0.47507471144133,2,39,2,84296,521314,4217,103739,4.828948831005224,0.16596832588596486
161,0.4752181864823012,30,403,30,84699,520911,4247,103709,4.82521582867094,0.16603534949249144
162,0.4752253005971628,1,4,1,84703,520907,4248,103708,4.82517877653859,0.16603507760780642
163,0.4752261471597935,23,279,23,84982,520628,4271,103685,4.822594390307162,0.16607855354605783
164,0.4752403992440381,3,32,3,85014,520596,4274,103682,4.822297973248361,0.16608305914993
165,0.4752593078658704,78,1068,78,86082,519528,4352,103604,4.812405053910853,0.16626332783423095
166,0.4752757652199911,0,1,0,86083,519527,4352,103604,4.812395790877765,0.16626359465345167
167,0.4754490295425858,10,151,10,86234,519376,4362,103594,4.810997072881545,0.1662905115816171
168,0.4754831801471822,3,33,3,86267,519343,4365,103591,4.810691392789655,0.16629530576272927
169,0.4755446578361175,1,0,1,86267,519343,4366,103590,4.810691392789655,0.1662939674090151
170,0.4756069374238387,73,1055,73,87322,518288,4439,103517,4.800918892882286,0.16647823674624682
171,0.4756382364356397,89,1080,89,88402,517208,4528,103428,4.790914817147727,0.16664840582885942
172,0.4756498560983087,16,284,16,88686,516924,4544,103412,4.788284115750861,0.1667032060044879
173,0.4756614443002587,64,1052,64,89738,515872,4608,103348,4.778539404942754,0.16690029391815508
174,0.4756888906201292,3,31,3,89769,515841,4611,103345,4.77825225091704,0.1669046134764029
175,0.4758474142412751,0,2,0,89771,515839,4611,103345,4.778233724850865,0.16690515258792216
176,0.4758827861395853,20,441,20,90212,515398,4631,103325,4.774148727259254,0.16699718613983963
177,0.4759078404289908,0,3,0,90215,515395,4631,103325,4.774120938159991,0.16699799586242564
178,0.4759680118083025,8,175,8,90390,515220,4639,103317,4.772499907369669,0.16703447004787103
179,0.4759852151248379,0,8,0,90398,515212,4639,103317,4.7724258031049684,0.16703663045710063
180,0.4759858418752546,4,59,4,90457,515153,4643,103313,4.771879284152803,0.16704717801787003
181,0.4761009284765707,50,834,50,91291,514319,4693,103263,4.764153914557783,0.16720532658011406
182,0.4761121519880114,19,201,19,91492,514118,4712,103244,4.762292044907184,0.16723413491598121
183,0.4761186359834362,0,1,0,91493,514117,4712,103244,4.762282781874097,0.16723440580146787
184,0.4761477624169857,0,5,0,91498,514112,4712,103244,4.762236466708659,0.16723576024206455
185,0.4761949508916958,0,1,0,91499,514111,4712,103244,4.762227203675572,0.16723603113281663
186,0.4762043684324256,21,262,21,91761,513849,4733,103223,4.759800289006632,0.16727869681333782
187,0.4763012231950534,75,1136,75,92897,512713,4808,103148,4.749277483419171,0.1674858450202237
188,0.4763546753721549,6,106,6,93003,512607,4814,103142,4.74829560191189,0.16750656517509568
189,0.4764039512359431,13,66,13,93069,512541,4827,103129,4.747684241728112,0.16750694365488006
190,0.4765207956829872,293,3951,293,97020,508590,5120,102836,4.711085997999185,0.16819042696908537
191,0.4765223208213012,1,19,1,97039,508571,5121,102835,4.7109100003705215,0.16819429315381268
192,0.4765559827770985,0,3,0,97042,508568,5121,102835,4.710882211271259,0.16819511844070115
193,0.4766726124670952,0,1,0,97043,508567,5121,102835,4.710872948238171,0.1681953935381304
194,0.4766774137847972,7,165,7,97208,508402,5128,102828,4.709344547778724,0.1682312713708424
195,0.476740119244095,0,6,0,97214,508396,5128,102828,4.709288969580199,0.1682329227909899
196,0.4767541793158963,226,3123,226,100337,505273,5354,102602,4.680360517247768,0.16878799095208719
197,0.4767691062160391,11,132,11,100469,505141,5365,102591,4.679137796880211,0.16880960686618443
198,0.4768242368775768,0,1,0,100470,505140,5365,102591,4.6791285338471225,0.1688098846364592
199,0.476868701436588,6,161,6,100631,504979,5371,102585,4.677637185520027,0.16884640959635527
200,0.4769479118307713,2,36,2,100667,504943,5373,102583,4.677303716328875,0.16885367869029475
201,0.4770132948965401,298,4022,298,104689,500921,5671,102285,4.640047797250732,0.16956893664850814
202,0.477037188390948,0,3,0,104692,500918,5671,102285,4.6400200081514695,0.16956977999114725
203,0.4771053834727082,0,1,0,104693,500917,5671,102285,4.640010745118381,0.16957006110722445
204,0.4771054922364084,305,4012,305,108705,496905,5976,101980,4.602847456371114,0.17028310944505207
205,0.477108536727526,0,9,0,108714,496896,5976,101980,4.602764089073326,0.17028566848562976
206,0.4771905556764466,3,74,3,108788,496822,5979,101977,4.6020786246248475,0.17030255561549035
207,0.4771942355750454,11,159,11,108947,496663,5990,101966,4.600605802363926,0.17033254319453284
208,0.4772439924245072,41,810,41,109757,495853,6031,101925,4.593102745563007,0.17050644219091368
209,0.4773123712658993,0,11,0,109768,495842,6031,101925,4.593000852199044,0.1705095798195618
210,0.4773246097577583,0,4,0,109772,495838,6031,101925,4.592963800066694,0.1705107208040645
211,0.477352002578611,0,5,0,109777,495833,6031,101925,4.592917484901256,0.17051214705616655
212,0.47744087770496,15,270,15,110047,495563,6046,101910,4.590416465967617,0.17056837714842343
213,0.4774450845397832,0,1,0,110048,495562,6046,101910,4.590407202934529,0.17056866263188902
214,0.4774968536021681,340,4401,340,114449,491161,6386,101570,4.549640594316203,0.17135935188137622
215,0.4775126503747972,1,8,1,114457,491153,6387,101569,4.549566490051502,0.171360266701759
216,0.4775503188918055,41,535,41,114992,490618,6428,101528,4.544610767349661,0.17145771482033148
217,0.4775963183394829,57,806,57,115798,489812,6485,101471,4.537144762681092,0.1716115633292349
218,0.4776113625003955,2,6,2,115804,489806,6487,101469,4.537089184482567,0.17161050272715742
219,0.4776704352972036,61,838,61,116642,488968,6548,101408,4.529326762755197,0.17176850007452876
220,0.4778086584810806,1,25,1,116667,488943,6549,101407,4.529095186928008,0.1717743711357669
221,0.4778271577954975,0,19,0,116686,488924,6549,101407,4.528919189299344,0.17177989975115657
222,0.4778318512646314,0,7,0,116693,488917,6549,101407,4.528854348067731,0.17178193669916858
223,0.4778471899390276,0,8,0,116701,488909,6549,101407,4.5287802438030305,0.17178426469890704
224,0.4778482450884758,45,400,45,117101,488509,6594,101362,4.525075030568009,0.1718375712655818
225,0.477916871391627,0,2,0,117103,488507,6594,101362,4.525056504501834,0.1718381538951869
226,0.4779645512377846,3,39,3,117142,488468,6597,101359,4.52469524621142,0.17184530379246796
227,0.4779706776084579,27,210,27,117352,488258,6624,101332,4.522750009263033,0.17186858664495666
228,0.4779780000993489,0,11,0,117363,488247,6624,101332,4.52264811589907,0.17187179326265012
229,0.4779892090519045,31,239,31,117602,488008,6655,101301,4.520434250991144,0.17189793469979248
230,0.4780239326645309,7,118,7,117720,487890,6662,101294,4.519341213086813,0.17192252335433414
231,0.478076523921208,0,1,0,117721,487889,6662,101294,4.519331950053726,0.1719228151525078
232,0.4781995127006785,0,14,0,117735,487875,6662,101294,4.5192022675905,0.17192690043094597
233,0.4782019198165882,59,839,59,118574,487036,6721,101235,4.511430582830042,0.1720890541944104
234,0.4782134961342587,28,461,28,119035,486575,6749,101207,4.507160324576679,0.17218458544154125
235,0.4782300418627644,0,12,0,119047,486563,6749,101207,4.507049168179629,0.1721881007877231
236,0.4783219995615962,1,9,1,119056,486554,6750,101206,4.506965800881841,0.17218932897781408
237,0.4783547995354366,29,224,29,119280,486330,6779,101177,4.504890881470229,0.17221411829986707
238,0.4784131894337077,7,56,7,119336,486274,6786,101170,4.504372151617326,0.17222067124696142
239,0.4785321744406562,34,244,34,119580,486030,6820,101136,4.502111971543962,0.17224430569889945
240,0.4785659547571328,22,404,22,119984,485626,6842,101114,4.49836970617659,0.17233186760745817
241,0.4787125976292951,6,39,6,120023,485587,6848,101108,4.498008447886176,0.1723348588278407
242,0.47873954811321,0,7,0,120030,485580,6848,101108,4.497943606654563,0.17233691502127196
243,0.4787826411456027,0,1,0,120031,485579,6848,101108,4.497934343621475,0.17233720876719613
244,0.4787969747542181,322,3896,322,123927,481683,7170,100786,4.461845566712364,0.17303238455608796
245,0.4789379640615093,3,29,3,123956,481654,7173,100783,4.461576938752825,0.1730367404543324
246,0.4789571677725218,6,40,6,123996,481614,7179,100777,4.461206417429323,0.17304010535877098
247,0.4789575329713533,7,35,7,124031,481579,7186,100770,4.460882211271259,0.1730405650220057
248,0.4789938567751046,23,235,23,124266,481344,7209,100747,4.458705398495684,0.17307774901175246
249,0.4789951941458257,1,34,1,124300,481310,7210,100746,4.458390455370707,0.17308643841829652
250,0.4790315409713058,15,323,15,124623,480987,7225,100731,4.4553984956834265,0.17316122244799026
251,0.4790473404731815,5,30,5,124653,480957,7230,100726,4.4551206046908,0.17316304585143455
252,0.4790972593852873,3,40,3,124693,480917,7233,100723,4.454750083367298,0.1731706897737432
253,0.4791235503202524,1,35,1,124728,480882,7234,100722,4.454425877209234,0.17317968927311367
254,0.4791491292018991,1,44,1,124772,480838,7235,100721,4.454018303753381,0.17319137009314617
255,0.4791751032327839,230,3118,230,127890,477720,7465,100491,4.425136166586387,0.17379641687895941
256,0.479233483676355,1,5,1,127895,477715,7466,100490,4.42508985142095,0.17379649086396692
257,0.47938425658904,4,53,4,127948,477662,7470,100486,4.424598910667309,0.17380670693317282
258,0.4793938533329093,302,3820,302,131768,473842,7772,100184,4.3892141242728515,0.1745286798855801
259,0.4793994892330312,31,457,31,132225,473385,7803,100153,4.3849809181518395,0.1746231287203289
260,0.4795438502998365,75,969,75,133194,472416,7878,100078,4.37600503909,0.17481056570025189
261,0.4795548613502312,278,3930,278,137124,468486,8156,99800,4.3396013190559115,0.1756157990870794
262,0.4795783366829864,1,7,1,137131,468479,8157,99799,4.339536477824299,0.1756165116369101
263,0.4796403873384119,3,27,3,137158,468452,8160,99796,4.339286375930935,0.17562050372372626
264,0.4796991054476904,2,24,2,137182,468428,8162,99794,4.339064063136833,0.17562501979859985
265,0.4798043835116489,322,4367,322,141549,464061,8484,99472,4.298612397643485,0.17651495120960087
266,0.4798326779952635,2,15,2,141564,464046,8486,99470,4.298473452147171,0.1765167271204367
267,0.4798329050116486,3,76,3,141640,463970,8489,99467,4.297769461632517,0.17653615222287497
268,0.4799441372662935,26,380,26,142020,463590,8515,99441,4.294249509059246,0.17661727329401045
269,0.4799748655453588,21,110,21,142130,463480,8536,99420,4.293230575419615,0.1766210694617161
270,0.4801054808733497,18,94,18,142224,463386,8554,99402,4.292359850309385,0.17662423505831681
271,0.4801368624625576,38,379,38,142603,463007,8592,99364,4.288849160769202,0.17668763147459596
272,0.4801495350003663,5,72,5,142675,462935,8597,99359,4.288182222386898,0.17670293476366455
273,0.480186084866329,0,1,0,142676,462934,8597,99359,4.288172959353811,0.1767032490178608
274,0.4802553729258726,0,3,0,142679,462931,8597,99359,4.288145170254548,0.1767041917871561
275,0.4802870605604438,48,858,48,143537,462073,8645,99311,4.2801974878654265,0.17690386615934903
276,0.4803138235326704,17,107,17,143644,461966,8662,99294,4.2792063433250584,0.1769126607989167
277,0.4803990122524334,4,43,4,143687,461923,8666,99290,4.278808032902294,0.17692034931478778
278,0.4805421432618416,0,5,0,143692,461918,8666,99290,4.278761717736856,0.17692192556057648
279,0.4805421778664956,28,101,28,143793,461817,8694,99262,4.277826151395013,0.1769126985682943
280,0.4805924549057372,0,3,0,143796,461814,8694,99262,4.2777983622957505,0.17691364449735864
281,0.4806276191885706,4,13,4,143809,461801,8698,99258,4.277677942865612,0.17691187557814775
282,0.4806637580359395,0,1,0,143810,461800,8698,99258,4.277668679832525,0.17691219089648486
283,0.480676735710248,18,236,18,144046,461564,8716,99240,4.275482604023861,0.1769602213964237
284,0.4807414711715786,3,28,3,144074,461536,8719,99237,4.27522323909741,0.17696465414704346
285,0.4807503805530464,1,11,1,144085,461525,8720,99236,4.275121345733447,0.1769666578096551
286,0.4807862166659979,8,64,8,144149,461461,8728,99228,4.274528511615843,0.1769751145465668
287,0.4808215334067541,0,2,0,144151,461459,8728,99228,4.274509985549669,0.17697574582610262
288,0.4808954302607386,21,134,21,144285,461325,8749,99207,4.273268739115936,0.17698721928453684
289,0.480895570415737,0,8,0,144293,461317,8749,99207,4.273194634851236,0.17698974530974587
290,0.4809540660339778,2,35,2,144328,461282,8751,99205,4.272870428693171,0.17699786078892107
291,0.4810308260999512,13,91,13,144419,461191,8764,99192,4.272027492682204,0.17700751093448588
292,0.4810391804600865,7,225,7,144644,460966,8771,99185,4.269943310237504,0.17706832621918017
293,0.4810616695786042,1,60,1,144704,460906,8772,99184,4.269387528252251,0.1770858254923316
294,0.481095286433213,53,414,53,145118,460492,8825,99131,4.265552632554003,0.17713889529200907
295,0.4811081195989685,40,372,40,145490,460120,8865,99091,4.262106784245433,0.17719787343238957
296,0.4811676227481641,1,4,1,145494,460116,8866,99090,4.262069732113083,0.17719766955290178
297,0.4812706832285133,23,226,23,145720,459890,8889,99067,4.259976286635296,0.17723545818372433
298,0.4812800576340686,8,32,8,145752,459858,8897,99059,4.259679869576494,0.17723382899428716
299,0.4813162876019622,0,1,0,145753,459857,8897,99059,4.2596706065434065,0.17723414609708793
300,0.4813905487065615,56,886,56,146639,458971,8953,99003,4.251463559227833,0.17743299867018894
301,0.4813907236624611,1,50,1,146689,458921,8954,99002,4.251000407573456,0.17744742554080042
302,0.4814004967522837,7,139,7,146828,458782,8961,98995,4.249712845974286,0.17748132318112794
303,0.4815220027811902,2,2,2,146830,458780,8963,98993,4.2496943199081105,0.1774790102783749
304,0.4817665678432078,13,144,13,146974,458636,8976,98980,4.248360443143503,0.17750566698229606
305,0.4818076898556828,3,33,3,147007,458603,8979,98977,4.248054763051614,0.17751174719322788
306,0.4818190892163435,3,50,3,147057,458553,8982,98974,4.247591611397236,0.17752324102689196
307,0.4818381294853591,24,207,24,147264,458346,9006,98950,4.245674163548112,0.17755375958198158
308,0.4818549294052669,1,12,1,147276,458334,9007,98949,4.245563007151062,0.17755610704076744
309,0.4819232104152086,94,923,94,148199,457411,9101,98855,4.237013227611249,0.1777117422240439
310,0.4819342862052448,34,299,34,148498,457112,9135,98821,4.23424358071807,0.1777570318725458
311,0.481969704235874,1,5,1,148503,457107,9136,98820,4.234197265552632,0.17775715156846134
312,0.4820265238567525,2,125,2,148628,456982,9138,98818,4.233039386416689,0.17779417056495142
313,0.4821652206784393,7,66,7,148694,456916,9145,98811,4.23242802623291,0.17780492939878753
314,0.4822988352242633,0,4,0,148698,456912,9145,98811,4.23239097410056,0.17780620920854454
315,0.4823018540963856,1,62,1,148760,456850,9146,98810,4.231816666049131,0.17782456898103158
316,0.4824543546591506,23,214,23,148974,456636,9169,98787,4.229834376968395,0.17785903716626786
317,0.4825788086204755,0,1,0,148975,456635,9169,98787,4.229825113935307,0.17785935738951644
318,0.4826032821432701,3,55,3,149030,456580,9172,98784,4.229315647115492,0.17787253044849866
319,0.4826631211055833,33,474,33,149504,456106,9205,98751,4.224924969431991,0.1779755865024682
320,0.4827030925143279,17,213,17,149717,455893,9222,98734,4.222951943384341,0.17801874052291
321,0.4829453422336296,16,87,16,149804,455806,9238,98718,4.222146059505724,0.17802295301916599
322,0.4829895453418403,0,2,0,149806,455804,9238,98718,4.22212753343955,0.17802359509631718
323,0.4830055725125403,23,240,23,150046,455564,9261,98695,4.219904405498537,0.1780665717651856
324,0.4830590942473829,2,36,2,150082,455528,9263,98693,4.219570936307385,0.17807517217860744
325,0.4831153392990391,97,1011,97,151093,454517,9360,98596,4.210206009855868,0.17825652262738356
326,0.4831467174182019,0,1,0,151094,454516,9360,98596,4.2101967468227794,0.17825684490663735
327,0.4831748705003793,22,380,22,151474,454136,9382,98574,4.206676794249509,0.17834669175516998
328,0.4832566507191301,0,2,0,151476,454134,9382,98574,4.206658268183334,0.17834733711109663
329,0.4833471459424171,0,3,0,151479,454131,9382,98574,4.206630479084072,0.17834830515374386
330,0.483361987262792,22,262,22,151741,453869,9404,98552,4.204203564415132,0.17840016943599174
331,0.4833730163687858,38,397,38,152138,453472,9442,98514,4.200526140279373,0.1784719177660303
332,0.4833741128906267,100,950,100,153088,452522,9542,98414,4.191726258846197,0.1786305487388735
333,0.4834463949749089,2,12,2,153100,452510,9544,98412,4.191615102449146,0.17863145781072456
334,0.4835055711399563,110,996,110,154096,451514,9654,98302,4.182389121493942,0.17879072271450813
335,0.4836314930684041,0,4,0,154100,451510,9654,98302,4.182352069361592,0.17879202345529016
336,0.4836413839856649,0,1,0,154101,451509,9654,98302,4.182342806328505,0.17879234864344293
337,0.4837021787414374,0,1,0,154102,451508,9654,98302,4.1823335432954165,0.1787926738327786
338,0.4838018375486242,5,71,5,154173,451437,9659,98297,4.1816758679462005,0.17880829637606552
339,0.4838118741847703,3,25,3,154198,451412,9662,98294,4.181444292119012,0.17881194674971712
340,0.4838249545045492,18,155,18,154353,451257,9680,98276,4.18000852199044,0.17883548394727888
341,0.4838537340881971,0,1,0,154354,451256,9680,98276,4.179999258957353,0.17883580937961757
342,0.4840082331731913,2,6,2,154360,451250,9682,98274,4.179943680758828,0.17883477336749623
343,0.4840141703864903,99,1012,99,155372,450238,9781,98175,4.170569491274223,0.17901654410088746
344,0.484048972275215,29,214,29,155586,450024,9810,98146,4.168587202193486,0.1790429976102304
345,0.4840676850725806,10,110,10,155696,449914,9820,98136,4.167568268553855,0.1790639540187939
346,0.4841328100559903,7,33,7,155729,449881,9827,98129,4.167262588461966,0.17906425065236037
347,0.4841461956464402,3,20,3,155749,449861,9830,98126,4.167077327800215,0.17906629171859917
348,0.4841506484476731,0,1,0,155750,449860,9830,98126,4.167068064767127,0.1790666184902534
349,0.4842133979850556,3,26,3,155776,449834,9833,98123,4.166827225906851,0.17907062050489364
350,0.4842488320219498,2,1,2,155777,449833,9835,98121,4.166817962873764,0.1790679509593871
351,0.4842489396011672,8,58,8,155835,449775,9843,98113,4.166280706954685,0.179074920421692
352,0.4843571015190199,36,340,36,156175,449435,9879,98077,4.163131275704917,0.17913214687531961
353,0.4843924999925503,4,29,4,156204,449406,9883,98073,4.162862647745378,0.1791356380792688
354,0.4844145727230823,10,157,10,156361,449249,9893,98063,4.161408351550632,0.17917202619346917
355,0.4845852605334936,6,25,6,156386,449224,9899,98057,4.161176775723443,0.17917121186374094
356,0.484592399995798,55,917,55,157303,448307,9954,98002,4.152682574382156,0.17938931996361035
357,0.4846144363697988,7,102,7,157405,448205,9961,97995,4.1517377450072255,0.17941230318564627
358,0.4846243158565579,0,1,0,157406,448204,9961,97995,4.151728481974137,0.17941263165988952
359,0.4846444641892119,4,60,4,157466,448144,9965,97991,4.1511726999888845,0.1794263323171011
360,0.4846697059829651,337,3783,337,161249,444361,10302,97654,4.116130645818667,0.18016844552272537
361,0.4847143307668983,11,189,11,161438,444172,10313,97643,4.114379932565119,0.18021464891152883
362,0.484716925954982,3,29,3,161467,444143,10316,97640,4.11411130460558,0.18021975588012173
363,0.4847824872951002,1,21,1,161488,444122,10317,97639,4.113916780910741,0.18022522846790373
364,0.4847881423759226,39,739,39,162227,443383,10356,97600,4.107071399459039,0.18041232349260514
365,0.4847928937881069,7,24,7,162251,443359,10363,97593,4.106849086664938,0.1804097221195226
366,0.4848423454904619,2,33,2,162284,443326,10365,97591,4.106543406573048,0.18041769809416233
367,0.4848565795398064,26,371,26,162655,442955,10391,97565,4.103106821297565,0.18050210908014505
368,0.4848603129302319,3,14,3,162669,442941,10394,97562,4.10297713883434,0.18050223588028189
369,0.484908246541574,6,146,6,162815,442795,10400,97556,4.101624736003557,0.18054190701969647
370,0.4849281211343925,8,67,8,162882,442728,10408,97548,4.101004112786691,0.18055216222819448
371,0.4849336401375252,5,27,5,162909,442701,10413,97543,4.1007540108933265,0.18055360170589585
372,0.485000256742303,275,2831,275,165740,439870,10688,97268,4.074530364222461,0.18108568003008538
373,0.4850578459278396,5,39,5,165779,439831,10693,97263,4.074169105932047,0.18109120563625733
374,0.4850585859641526,0,7,0,165786,439824,10693,97263,4.074104264700433,0.18109356584687397
375,0.4851266518517364,5,34,5,165820,439790,10698,97258,4.073789321575457,0.1810974065632867
376,0.4851613279943205,0,2,0,165822,439788,10698,97258,4.073770795509281,0.18109808098375185
377,0.4851785742574638,19,222,19,166044,439566,10717,97239,4.0717144021638445,0.18114399083466062
378,0.485230491396476,353,3676,353,169720,435890,11070,96886,4.037663492533995,0.18185128459239905
379,0.4852560130981557,3,33,3,169753,435857,11073,96883,4.037357812442106,0.18185794196043098
380,0.4852771339731545,3,13,3,169766,435844,11076,96880,4.037237393011968,0.18185777250508706
381,0.4852950027033498,0,3,0,169769,435841,11076,96880,4.0372096039127054,0.18185879663088184
382,0.4853343343001155,317,3661,317,173430,432180,11393,96563,4.003297639779169,0.18262747686494193
383,0.4853515479424339,36,314,36,173744,431866,11429,96527,4.000389047389677,0.18268031559842768
384,0.4853568394223909,2,4,2,173748,431862,11431,96525,4.000351995257327,0.18267860488619136
385,0.4853572393921246,42,357,42,174105,431505,11473,96483,3.9970450924450702,0.18273710766153775
386,0.4853583581362041,0,3,0,174108,431502,11473,96483,3.9970173033458076,0.18273814597005597
387,0.4853938078725267,103,868,103,174976,430634,11576,96380,3.9889769906258103,0.18287939219830973
388,0.4854577965630389,0,3,0,174979,430631,11576,96380,3.9889492015265477,0.1828804332357389
389,0.4854770786213399,4,16,4,174995,430615,11580,96376,3.988800992997147,0.18287978352571485
390,0.4855126161213271,7,21,7,175016,430594,11587,96369,3.9886064693023084,0.18287621711581267
391,0.4855570831819016,4,79,4,175095,430515,11591,96365,3.9878746896883914,0.18289743395080474
392,0.4855661436394735,1,4,1,175099,430511,11592,96364,3.987837637556041,0.18289727164887307
393,0.4856179842984913,374,4215,374,179314,426296,11966,95990,3.9487939530920007,0.1837881926760434
394,0.4856548237210744,5,34,5,179348,426262,11971,95985,3.9484790099670235,0.18379234346966092
395,0.4857058369001185,0,9,0,179357,426253,11971,95985,3.9483956426692357,0.18379551085903362
396,0.4857575566891475,0,5,0,179362,426248,11971,95985,3.9483493275037977,0.18379727056696915
397,0.4857622895312966,14,106,14,179468,426142,11985,95971,3.947367445996517,0.18381269954971433
398,0.4857697622153409,31,476,31,179944,425666,12016,95940,3.942958242246841,0.18393193329831328
399,0.4857961069347737,96,887,96,180831,424779,12112,95844,3.9347419318981807,0.18409482485406906
400,0.4858485779590858,22,139,22,180970,424640,12134,95822,3.933454370299011,0.18410950271105286
401,0.4859180832655657,88,893,88,181863,423747,12222,95734,3.9251824817518246,0.18428777953380393
402,0.4859313905120606,21,121,21,181984,423626,12243,95713,3.9240616547482308,0.1842977323097245
403,0.4859687758229891,0,7,0,181991,423619,12243,95713,3.923996813516618,0.18430021643187788
404,0.4859740347948217,59,386,59,182377,423233,12302,95654,3.920421282744822,0.18434456827787168
405,0.4859801325677129,0,6,0,182383,423227,12302,95654,3.9203657045462967,0.18434669991770752
406,0.4859881157302497,84,909,84,183292,422318,12386,95570,3.91194560746971,0.18453796959960456
407,0.4860426461125676,0,2,0,183294,422316,12386,95570,3.911927081403535,0.18453868225825762
408,0.4860631119917826,23,240,23,183534,422076,12409,95547,3.9097039534625218,0.18458801096550964
409,0.4860800783624127,0,1,0,183535,422075,12409,95547,3.909694690429434,0.18458836757324842
410,0.4860938990340727,23,131,23,183666,421944,12432,95524,3.9084812330949648,0.18459885442191595
411,0.486124277304427,21,306,21,183972,421638,12453,95503,3.905646744970173,0.18467497258968057
412,0.4861426017545541,0,3,0,183975,421635,12453,95503,3.9056189558709105,0.18467604391864453
413,0.4862238048479187,2,27,2,184002,421608,12455,95501,3.9053688539775466,0.18468253308296703
414,0.4862641442374215,31,379,31,184381,421229,12486,95470,3.9018581644373636,0.18476908219292082
415,0.4863238798260466,123,975,123,185356,420254,12609,95347,3.892826707176998,0.18492400131109132
416,0.4863797300511409,16,136,16,185492,420118,12625,95331,3.8915669346770905,0.18494749238042948
417,0.486398774470934,0,6,0,185498,420112,12625,95331,3.8915113564785653,0.1849496452566045
418,0.4864068525347623,0,3,0,185501,420109,12625,95331,3.8914835673793027,0.1849507217134875
419,0.4864160733000769,2,13,2,185514,420096,12627,95329,3.8913631479491646,0.18495222389290392
420,0.4864537458019453,1,10,1,185524,420086,12628,95328,3.891270517618289,0.18495423096772692
421,0.4865216134160421,6,14,6,185538,420072,12634,95322,3.8911408351550634,0.18494976658633977
422,0.4865396510935319,12,68,12,185606,420004,12646,95310,3.8905109489051095,0.18495519236814836
423,0.4865727786185476,1,17,1,185623,419987,12647,95309,3.890353477342621,0.18495971247593615
424,0.4865746507321594,1,4,1,185627,419983,12648,95308,3.890316425210271,0.18495956653619022
425,0.4866572392568379,322,3214,322,188841,416769,12970,94986,3.860545036866872,0.1856083477445262
426,0.4866776946664864,3,11,3,188852,416758,12973,94983,3.8604431435029087,0.1856075632009161
427,0.4866898879240441,22,248,22,189100,416510,12995,94961,3.858145911297195,0.18566253023143053
428,0.4867098791989026,18,128,18,189228,416382,13013,94943,3.8569602430619883,0.18568034029237765
429,0.4867302197222848,5,18,5,189246,416364,13018,94938,3.8567935084664122,0.1856789138317472
430,0.486733653998454,4,28,4,189274,416336,13022,94934,3.8565341435399607,0.18568271167876074
431,0.4867634140748844,0,21,0,189295,416315,13022,94934,3.856339619845122,0.18569033875860882
432,0.4868682309532529,2,47,2,189342,416268,13024,94932,3.855904257290007,0.18570422535211267
433,0.4868886507409812,55,430,55,189772,415838,13079,94877,3.8519211530623587,0.18577288703092723
434,0.4869454214548076,2,8,2,189780,415830,13081,94875,3.851847048797658,0.18577260845302082
435,0.48694904658293,2,4,2,189784,415826,13083,94873,3.851809996665308,0.18577087482058904
436,0.4869930274052901,0,4,0,189788,415822,13083,94873,3.851772944532958,0.18577232986420467
437,0.4871054173130835,1,2,1,189790,415820,13084,94872,3.8517544184667827,0.18577146303447087
438,0.487106655860143,11,74,11,189864,415746,13095,94861,3.8510689540183036,0.18578084515096738
439,0.4871371606414151,245,2534,245,192398,413212,13340,94616,3.8275964281744415,0.186315051552888
440,0.4871424788209189,1,0,1,192398,413212,13341,94615,3.8275964281744415,0.18631344926520252
441,0.4871711766973051,30,313,30,192711,412899,13371,94585,3.824697098818037,0.18638026026436302
442,0.4872118027841859,2,10,2,192721,412889,13373,94583,3.8246044684871614,0.18638072642431502
443,0.487216879170971,0,21,0,192742,412868,13373,94583,3.8244099447923228,0.18638843947494438
444,0.4872423388743789,327,3190,327,195932,409678,13700,94256,3.794860869243025,0.18704036639718694
445,0.4872432192930067,3,45,3,195977,409633,13703,94253,3.794444032754085,0.1870522300679122
446,0.48726044775285,80,784,80,196761,408849,13783,94173,3.7871818148134424,0.18721447570881591
447,0.4872748815703956,6,52,6,196813,408797,13789,94167,3.7867001370928897,0.18722413532578872
448,0.4872952363211367,349,3231,349,200044,405566,14138,93818,3.7567712771870023,0.18786745270172853
449,0.4873173980424733,1,6,1,200050,405560,14139,93817,3.7567156989884767,0.18786808363220572
450,0.4874158587122629,1,11,1,200061,405549,14140,93816,3.7566138056245135,0.18787059565648373
451,0.4874338417163454,3,14,3,200075,405535,14143,93813,3.7564841231612878,0.18787098376282674
452,0.4874724872840212,7,71,7,200146,405464,14150,93806,3.7558264478120718,0.18788631401846695
453,0.4874869005544508,0,6,0,200152,405458,14150,93806,3.755770869613546,0.18788857197795156
454,0.4874889204302207,1,18,1,200170,405440,14151,93805,3.75560413501797,0.18789371951646988
455,0.487521247587142,366,3551,366,203721,401889,14517,93439,3.7227111045240653,0.18864065831126042
456,0.4875931890324863,23,225,23,203946,401664,14540,93416,3.7206269220793655,0.18868869677627859
457,0.487693967720224,4,61,4,204007,401603,14544,93412,3.720061877061025,0.18870539276587578
458,0.4876952372307958,1,31,1,204038,401572,14545,93411,3.719774723035311,0.18871557204994918
459,0.4877550174466574,20,216,20,204254,401356,14565,93391,3.717773907888399,0.188765166842851
460,0.4878533744118117,3,58,3,204312,401298,14568,93388,3.717236651969321,0.18878237912534415
461,0.4879847783512221,7,32,7,204344,401266,14575,93381,3.716940234910519,0.18878311199704031
462,0.487986010512642,41,255,41,204599,401011,14616,93340,3.714578161473193,0.18881321166539564
463,0.4881277577950211,48,280,48,204879,400731,14664,93292,3.7119845122086774,0.1888414102177429
464,0.4881289986109168,0,31,0,204910,400700,14664,93292,3.7116973581829633,0.18885326078155112
465,0.4881362604714175,77,712,77,205622,399988,14741,93215,3.7051020786246247,0.18899925588449382
466,0.4882117009325638,1,18,1,205640,399970,14742,93214,3.7049353440290487,0.18900450947313782
467,0.4882853573569428,2,9,2,205649,399961,14744,93212,3.704851976731261,0.18900466976091554
468,0.488348253383565,8,96,8,205745,399865,14752,93204,3.7039627255548555,0.1890283104393097
469,0.4883554267642908,56,271,56,206016,399594,14808,93148,3.7014524435881286,0.18904010618132816
470,0.4883605665352076,2,27,2,206043,399567,14810,93146,3.7012023416947644,0.18904717350668646
471,0.488403916966514,0,5,0,206048,399562,14810,93146,3.701156026529327,0.18904909195710237
472,0.4884540219342652,0,3,0,206051,399559,14810,93146,3.7011282374300642,0.18905024304604176
473,0.488482664014141,2,22,2,206073,399537,14812,93144,3.700924450702138,0.18905539284039774
474,0.4885384219133979,15,224,15,206297,399313,14827,93129,3.698849531290526,0.18911668785359495
475,0.4885875127115575,942,8527,942,214824,390786,15769,92187,3.6198636481529514,0.19087402401376474
476,0.4886075432233097,53,604,53,215428,390182,15822,92134,3.6142687761680685,0.19102414184891234
477,0.4886386388120867,65,293,65,215721,389889,15887,92069,3.611554707473415,0.19103116869104778
478,0.4886710039172427,41,303,41,216024,389586,15928,92028,3.6087480084478862,0.1910824851437043
479,0.4887263320681103,6,41,6,216065,389545,15934,92022,3.6083682240912966,0.19108867509609254
480,0.4887512757698846,817,7095,817,223160,382450,16751,91205,3.5426470043350995,0.1925557631609505
481,0.4887594280569467,3,66,3,223226,382384,16754,91202,3.542035644151321,0.1925774832870904
482,0.4888498131220833,35,273,35,223499,382111,16789,91167,3.5395068361184188,0.1926288566128153
483,0.4888750618502504,2,8,2,223507,382103,16791,91165,3.539432731853718,0.19262870086293601
484,0.4888802290488218,13,60,13,223567,382043,16804,91152,3.538876949868465,0.19263094495926628
485,0.489002533290529,18,186,18,223753,381857,16822,91134,3.53715402571418,0.19267597057872138
486,0.4890202613867765,39,284,39,224037,381573,16861,91095,3.5345233243173144,0.19272512630429817
487,0.4891250736673836,0,10,0,224047,381563,16861,91095,3.534430693986439,0.19272920377947692
488,0.489132352935985,85,737,85,224784,380826,16946,91010,3.5276038386009114,0.19288481591061302
489,0.4891731553432696,9,110,9,224894,380716,16955,91001,3.5265849049612807,0.19291439570759586
490,0.4892489833708728,49,443,49,225337,380273,17004,90952,3.522481381303494,0.19301183086635895
491,0.4892628309177399,8,119,8,225456,380154,17012,90944,3.521379080366075,0.1930468819651113
492,0.4892883655296174,916,8287,916,233743,371867,17928,90028,3.4446163251695134,0.1949100986154862
493,0.4893101867763018,1,9,1,233752,371858,17929,90027,3.4445329578717256,0.19491215345811186
494,0.4893184449302638,908,8395,908,242147,363463,18837,89119,3.366769795101708,0.19691238272843375
495,0.489517405521387,1127,9440,1127,251587,354023,19964,87992,3.2793267627551965,0.19907016730201463
496,0.4895209687699023,95,771,95,252358,353252,20059,87897,3.2721849642446923,0.199245606359756
497,0.4895649931964206,6,45,6,252403,353207,20065,87891,3.2717681277557524,0.19925504082992895
498,0.4896515617087514,0,9,0,252412,353198,20065,87891,3.271684760457964,0.1992591064388366
499,0.4897014189409653,25,210,25,252622,352988,20090,87866,3.269739523509578,0.1993086146433967
500,0.4898307231607822,0,6,0,252628,352982,20090,87866,3.2696839453110527,0.19931132726018946
501,0.4898842960494608,8,62,8,252690,352920,20098,87858,3.2691096372596244,0.19932483018662456
502,0.4899734436879558,12,58,12,252748,352862,20110,87846,3.268572381340546,0.19932926109805132
503,0.4899744862122667,12,74,12,252822,352788,20122,87834,3.267886916892067,0.19934093168293912
504,0.4900090702086319,2,22,2,252844,352766,20124,87832,3.267683130164141,0.1993472507818919
505,0.4900419686687284,6,48,6,252892,352718,20130,87826,3.2672385045759382,0.1993580663906443
506,0.4900622104697712,146,967,146,253859,351751,20276,87680,3.2582811515802734,0.19953075681961446
507,0.4900715024493952,0,1,0,253860,351750,20276,87680,3.2582718885471857,0.19953121088683068
508,0.490185739215955,37,310,37,254170,351440,20313,87643,3.255400348290044,0.19960463055959807
509,0.4901974516236776,37,221,37,254391,351219,20350,87606,3.2533532179776947,0.19963766877456846
510,0.4902152509080008,2,26,2,254417,351193,20352,87604,3.253112379117418,0.19964584990325823
511,0.4902209218090593,2,14,2,254431,351179,20354,87602,3.2529826966541924,0.19964857183879886
512,0.4902869240223654,0,1,0,254432,351178,20354,87602,3.2529734336211047,0.19964902684716715
513,0.4902982397084598,4,30,4,254462,351148,20358,87598,3.2526955426284783,0.1996553814735633
514,0.4904532494878554,0,2,0,254464,351146,20358,87598,3.2526770165623033,0.19965629159601042
515,0.4904546115256695,7,57,7,254521,351089,20365,87591,3.2521490236763126,0.19966946293425733
516,0.4904689148522728,32,322,32,254843,350767,20397,87559,3.2491663270221203,0.1997577145777344
517,0.4904730511869496,0,20,0,254863,350747,20397,87559,3.248981066360369,0.19976682956655853
518,0.4904759080831741,9,53,9,254916,350694,20406,87550,3.2484901256067285,0.19977455481421308
519,0.4905366705413394,3,35,3,254951,350659,20409,87547,3.248165919448664,0.19978503261023353
520,0.490554701456094,35,197,35,255148,350462,20444,87512,3.2463411019304163,0.19981094768182586
521,0.490572445135129,1,0,1,255148,350462,20445,87511,3.2463411019304163,0.19980912065355627
522,0.490616802811786,30,278,30,255426,350184,20475,87481,3.243765978732076,0.19988118766636584
523,0.4906251814910097,0,10,0,255436,350174,20475,87481,3.2436733484012006,0.19988575476117032
524,0.4906875362908799,13,60,13,255496,350114,20488,87468,3.2431175664159473,0.19988939215964094
525,0.4907253492084946,34,256,34,255752,349858,20522,87434,3.2407462299455334,0.1999442020434858
526,0.4907335621440943,0,3,0,255755,349855,20522,87434,3.240718440846271,0.1999455737509976
527,0.4907439864453246,1,12,1,255767,349843,20523,87433,3.24060728444922,0.19994923114920554
528,0.4907789052316278,6,23,6,255790,349820,20529,87427,3.2403942346882064,0.1999487703746395
529,0.490801243271915,0,1,0,255791,349819,20529,87427,3.2403849716551187,0.1999492276658906
530,0.4908431590566854,165,973,165,256764,348846,20694,87262,3.2313720404609287,0.2000926376035294
531,0.4908750309986017,1,1,1,256765,348845,20695,87261,3.231362777427841,0.20009126221606674
532,0.4909489274318946,0,1,0,256766,348844,20695,87261,3.2313535143947534,0.20009172103048578
533,0.4909555178183175,2,33,2,256799,348811,20697,87259,3.231047834302864,0.20010319444125943
534,0.4909682495258116,4,61,4,256860,348750,20701,87255,3.2304827892845234,0.20012385179069048
535,0.4911064087464279,3,12,3,256872,348738,20704,87252,3.2303716328874725,0.20012385605174432
536,0.4911723304454088,0,4,0,256876,348734,20704,87252,3.2303345807551223,0.20012569210937967
537,0.4911741283702165,9,68,9,256944,348666,20713,87243,3.229704694505169,0.2001403962753694
538,0.4911807706653878,31,376,31,257320,348290,20744,87212,3.2262217940642484,0.20025625599882435
539,0.4911934274569785,16,210,16,257530,348080,20760,87196,3.224276557115862,0.20032347292292707
540,0.4911985681016263,1,1,1,257531,348079,20761,87195,3.2242672940827743,0.20032209596713793
541,0.491209194966247,0,1,0,257532,348078,20761,87195,3.224258031049687,0.20032255618887457
542,0.4912373374442614,40,263,40,257795,347815,20801,87155,3.2218218533476604,0.20037014046945767
543,0.4912711888380432,111,850,111,258645,346965,20912,87044,3.213948275223239,0.20055805294360254
544,0.4912985245967965,1,5,1,258650,346960,20913,87043,3.213901960057801,0.20055852148487452
545,0.4913836068764386,3,0,3,258650,346960,20916,87040,3.213901960057801,0.20055299539170507
546,0.4913862487503185,4,28,4,258678,346932,20920,87036,3.2136425951313496,0.2005585665302511
547,0.4914499244080202,2,34,2,258712,346898,20922,87034,3.213327652006373,0.20057059631462995
548,0.491495557366878,0,4,0,258716,346894,20922,87034,3.2132905998740227,0.20057244519828174
549,0.4915411812279948,0,3,0,258719,346891,20922,87034,3.21326281077476,0.20057383188338998
550,0.4915456508469839,6,63,6,258782,346828,20928,87028,3.212679239690244,0.20059190146039238
551,0.4915812650435734,1,8,1,258790,346820,20929,87027,3.2126051354255436,0.20059375770721014
552,0.491605115761023,24,216,24,259006,346604,20953,87003,3.210604320278632,0.20064943601002752
553,0.491637080252468,106,852,106,259858,345752,21059,86897,3.202712216088036,0.200848724947937
554,0.4916594550523661,18,142,18,260000,345610,21077,86879,3.201396865389603,0.20088140970059354
555,0.4916641755202254,4,29,4,260029,345581,21081,86875,3.2011282374300642,0.20088748913184232
556,0.4917017915647707,121,916,121,260945,344665,21202,86754,3.1926432991218645,0.20108989172938604
557,0.4917523504876115,2,6,2,260951,344659,21204,86752,3.1925877209233393,0.20108898475004114
558,0.4918178595794268,105,879,105,261830,343780,21309,86647,3.184445514839379,0.20130475086367725
559,0.491856315978135,2,5,2,261835,343775,21311,86645,3.1843991996739414,0.2013033780958134
560,0.4918808399662884,18,110,18,261945,343665,21329,86627,3.1833802660343102,0.2013214282394281
561,0.4918808685185014,5,59,5,262004,343606,21334,86622,3.1828337470821446,0.2013397547346988
562,0.491883609938903,0,2,0,262006,343604,21334,86622,3.1828152210159693,0.20134069070674482
563,0.4919813786592687,20,141,20,262147,343463,21354,86602,3.1815091333506245,0.20136956041528606
564,0.4919837515227572,1,2,1,262149,343461,21355,86601,3.181490607284449,0.2013686398705303
565,0.491997480077273,3,15,3,262164,343446,21358,86598,3.181351661788136,0.20137009236264197
566,0.4920614518685383,1,0,1,262164,343446,21359,86597,3.181351661788136,0.2013682352694963
567,0.4920939533409223,47,448,47,262612,342998,21406,86550,3.1772018229649115,0.20149086947209624
568,0.4921417406082881,140,908,140,263520,342090,21546,86410,3.1687909889214123,0.20165694282380398
569,0.4922247495658455,2,2,2,263522,342088,21548,86408,3.1687724628552374,0.2016541577984392
570,0.4922783113191366,0,1,0,263523,342087,21548,86408,3.1687631998221497,0.20165462840873288
571,0.4923126529002016,87,736,87,264259,341351,21635,86321,3.16194560746971,0.20183925999364
572,0.492323590388777,25,212,25,264471,341139,21660,86296,3.159981844455148,0.2018926854375519
573,0.492358685208945,4,9,4,264480,341130,21664,86292,3.1598984771573604,0.2018894675519744
574,0.492380944051615,16,57,16,264537,341073,21680,86276,3.1593704842713697,0.20188651430095778
575,0.4924032792435227,1,4,1,264541,341069,21681,86275,3.1593334321390194,0.20188653637350706
576,0.4924081132541549,0,2,0,264543,341067,21681,86275,3.1593149060728445,0.20188748122112968
577,0.492450774902482,3,14,3,264557,341053,21684,86272,3.1591852236096187,0.20188849236529574
578,0.4924573817639787,89,701,89,265258,340352,21773,86183,3.1526918374152433,0.20205375877712262
579,0.4924617817418895,0,21,0,265279,340331,21773,86183,3.1524973137204046,0.20206370717022185
580,0.4925140782301569,1,6,1,265285,340325,21774,86182,3.1524417355218795,0.20206467889155394
581,0.4925311842045977,14,90,14,265375,340235,21788,86168,3.1516080625439993,0.20208112982319543
582,0.4925352741658876,463,3486,463,268861,336749,22251,85705,3.1193171292007853,0.20287415908004186
583,0.4925663413266056,1,1,1,268862,336748,22252,85704,3.119307866167698,0.2028727524073741
584,0.4925814870212287,1,6,1,268868,336742,22253,85703,3.1192522879691724,0.20287374687829185
585,0.4925868970853681,6,25,6,268893,336717,22259,85697,3.119020712141984,0.20287443124517654
586,0.4927430862256607,15,149,15,269042,336568,22274,85682,3.117640520211938,0.20291770278271165
587,0.4927546269032009,64,553,64,269595,336015,22338,85618,3.112518062914521,0.20306285323966577
588,0.4927755709611028,5,49,5,269644,335966,22343,85613,3.1120641742932307,0.20307700336117313
589,0.4927787686656112,1,9,1,269653,335957,22344,85612,3.1119808069954424,0.20307944844141765
590,0.4927791583172067,2,15,2,269668,335942,22346,85610,3.1118418614991294,0.20308289368808594
591,0.4927869651467392,4,14,4,269682,335928,22350,85606,3.1117121790359037,0.20308207641613726
592,0.4928053831538056,1,3,1,269685,335925,22351,85605,3.1116843899366406,0.20308163120062628
593,0.4928467683715491,17,128,17,269813,335797,22368,85588,3.110498721701434,0.2031111691208752
594,0.4928821253714368,0,2,0,269815,335795,22368,85588,3.110480195635259,0.20311213314253304
595,0.4928894405905232,1,1,1,269816,335794,22369,85587,3.1104709326021713,0.2031107240241017
596,0.4929674880205345,404,2757,404,272573,333037,22773,85183,3.0849327503797843,0.20367988140213286
597,0.4930364832071858,22,142,22,272715,332895,22795,85161,3.083617399681352,0.2037071588495321
598,0.493040769038186,1,3,1,272718,332892,22796,85160,3.083589610582089,0.2037067159109393
599,0.4930787575865649,50,261,50,272979,332631,22846,85110,3.0811719589462374,0.20373868018700583
600,0.4930796156449578,463,3484,463,276463,329147,23309,84647,3.0488995516691983,0.20456314011319643
601,0.4930840303000675,458,3528,458,279991,325619,23767,84189,3.0162195709363075,0.20543522820442744
602,0.4930981633514273,3,9,3,280000,325610,23770,84186,3.0161362036385193,0.20543392322033402
603,0.4931008010911142,1,6,1,280006,325604,23771,84185,3.016080625439994,0.20543499215449904
604,0.4931200663554126,2,29,2,280035,325575,23773,84183,3.015811997480455,0.2054456532880383
605,0.4931610141604429,0,2,0,280037,325573,23773,84183,3.01579347141428,0.20544665605872764
606,0.4931682680590291,180,919,180,280956,324654,23953,84003,3.0072807440068177,0.20555869592347617
607,0.493234237452141,4,12,4,280968,324642,23957,83999,3.007169587609767,0.20555695586101247
608,0.4932567934385373,12,51,12,281019,324591,23969,83987,3.0066971729223018,0.2055592812143581
609,0.4932598842042787,121,691,121,281710,323900,24090,83866,3.000296417058802,0.20567188044123344
610,0.4932751110040425,0,4,0,281714,323896,24090,83866,3.0002593649264515,0.20567389800913277
611,0.4933162282864001,0,7,0,281721,323889,24090,83866,3.0001945236948386,0.20567742884820542
612,0.4933305591129304,2,12,2,281733,323877,24092,83864,3.000083367297788,0.20567958581550544
613,0.4933396763378266,559,3932,559,285665,319945,24651,83305,2.963661121197525,0.20658400495970242
614,0.4935031157418185,1,1,1,285666,319944,24652,83304,2.9636518581644373,0.2065825496964647
615,0.4935084163859138,0,17,0,285683,319927,24652,83304,2.963494386601949,0.20659125910458273
616,0.4935252470623392,0,12,0,285695,319915,24652,83304,2.963383230204898,0.20659740736423632
617,0.4935352463577519,0,8,0,285703,319907,24652,83304,2.963309125940198,0.20660150640731528
618,0.4935393357254817,12,88,12,285791,319819,24664,83292,2.962493979028493,0.2066229896976267
619,0.4935906704022613,1,2,1,285793,319817,24665,83291,2.962475452962318,0.20662204669716305
620,0.4936500167293288,106,737,106,286530,319080,24771,83185,2.9556485975767903,0.20679154288839446
621,0.4936637433393859,115,704,115,287234,318376,24886,83070,2.9491274222831523,0.20692695904305933
622,0.4937409087660581,6,55,6,287289,318321,24892,83064,2.948617955463337,0.20694345827572033
623,0.4937563597119562,37,318,37,287607,318003,24929,83027,2.945672310941495,0.20703438645487868
624,0.4937850858740464,18,185,18,287792,317818,24947,83009,2.943958649820297,0.20709433246762318
625,0.4937944829454058,13,59,13,287851,317759,24960,82996,2.9434121308681314,0.20709910044790458
626,0.4938279518129594,77,334,77,288185,317425,25037,82919,2.940318277816888,0.2071193773354915
627,0.4938295494385632,0,3,0,288188,317422,25037,82919,2.9402904887176255,0.20712092940767995
628,0.4938445925819242,0,3,0,288191,317419,25037,82919,2.940262699618363,0.20712248150312987
629,0.4938630068087311,1,9,1,288200,317410,25038,82918,2.940179332320575,0.20712515737095583
630,0.4938965228665127,1,2,1,288202,317408,25039,82917,2.9401608062544,0.2071242115780928
631,0.4939284400472126,11,66,11,288268,317342,25050,82906,2.9395494460706213,0.20713657532329954
632,0.4939382772205866,137,893,137,289161,316449,25187,82769,2.9312775575234356,0.20732782589963378
633,0.4939733240663325,7,57,7,289218,316392,25194,82762,2.930749564637445,0.207343531569269
634,0.4939781875593046,58,291,58,289509,316101,25252,82704,2.9280540220089666,0.20737954639485462
635,0.4940064584742117,21,214,21,289723,315887,25273,82683,2.92607173292823,0.20744913064204532
636,0.494020859490876,4,21,4,289744,315866,25277,82679,2.9258772092333913,0.20745210703935565
637,0.4940368398799172,9,41,9,289785,315825,25286,82670,2.9254974248768018,0.20745555151256603
638,0.4940425021751972,2,19,2,289804,315806,25288,82668,2.925321427248138,0.2074614654908476
639,0.4940460152200935,102,780,102,290584,315026,25390,82566,2.918096261439846,0.2076651441678907
640,0.4941290307470236,0,2,0,290586,315024,25390,82566,2.9180777353736707,0.20766618878744436
641,0.4941420039344454,0,1,0,290587,315023,25390,82566,2.9180684723405834,0.20766671110116225
642,0.4941784901523466,5,38,5,290625,314985,25395,82561,2.917716477083256,0.2076765959159443
643,0.4941806231752633,55,370,55,290995,314615,25450,82506,2.914289154840861,0.207760355156237
644,0.4941862847025572,28,189,28,291184,314426,25478,82478,2.9125384415873135,0.20780339830286418
645,0.4941901146718438,3,22,3,291206,314404,25481,82475,2.912334654859387,0.20780892916984775
646,0.4942522950195623,1,5,1,291211,314399,25482,82474,2.912288339693949,0.20780955116624208
647,0.4942672881963358,1,7,1,291218,314392,25483,82473,2.9122234984623363,0.20781122044020006
648,0.4942787489774525,2,12,2,291230,314380,25485,82471,2.912112342065286,0.207813511872214
649,0.4942825060632123,3,7,3,291237,314373,25488,82468,2.912047500833673,0.20781118886405386
650,0.4942956378149475,75,446,75,291683,313927,25563,82393,2.9079161880766238,0.20789513524424708
651,0.4942981592136462,1,4,1,291687,313923,25564,82392,2.9078791359442735,0.20789523485106545
652,0.4943939384957342,6,53,6,291740,313870,25570,82386,2.907388195190633,0.20791104740369862
653,0.4944235835832015,36,217,36,291957,313653,25606,82350,2.905378117010634,0.20795297005325716
654,0.4944385108080645,88,589,88,292546,313064,25694,82262,2.8999221905220645,0.2080864906431654
655,0.4944664061118831,1043,7281,1043,299827,305783,26737,81219,2.8324780466115826,0.20986713246959965
656,0.494476030180718,2,4,2,299831,305779,26739,81217,2.8324409944792324,0.2098652182451498
657,0.4944848043466113,0,3,0,299834,305776,26739,81217,2.8324132053799698,0.20986684513673373
658,0.4945133017893012,26,231,26,300065,305545,26765,81191,2.830273444736745,0.20993907988912333
659,0.4945375325332211,0,14,0,300079,305531,26765,81191,2.830143762273519,0.20994668004406267
660,0.4945441715104173,19,161,19,300240,305370,26784,81172,2.8286524139464224,0.20999529158539046
661,0.4945783669720101,4,28,4,300268,305342,26788,81168,2.828393049019971,0.21000232852966288
662,0.4945806934181191,8,54,8,300322,305288,26796,81160,2.8278928452332432,0.21001531900799073
663,0.4945822966204217,827,5856,827,306178,299432,27623,80333,2.773648523472526,0.2115334483167222
664,0.4946323433934013,74,411,74,306589,299021,27697,80259,2.769841416873541,0.21160883779793294
665,0.4946346953859479,68,359,68,306948,298662,27765,80191,2.7665159879951093,0.21166785006321714
666,0.494653259577363,0,1,0,306949,298661,27765,80191,2.7665067249620217,0.21166840877176313
667,0.4946911684804816,81,426,81,307375,298235,27846,80110,2.7625606728667234,0.211737964027541
668,0.4947080890867011,15,71,15,307446,298164,27861,80095,2.7619029975175073,0.21174644886175875
669,0.4947190806509606,28,309,28,307755,297855,27889,80067,2.759040720293453,0.2118611777033356
670,0.4947220593105319,5,35,5,307790,297820,27894,80062,2.7587165141353887,0.21187037223260172
671,0.4947311236290433,6,43,6,307833,297777,27900,80056,2.7583182037126237,0.21188196901805825
672,0.4947429302964277,1,1,1,307834,297776,27901,80055,2.758308940679536,0.2118804439021679
673,0.4948393032212811,21,232,21,308066,297544,27922,80034,2.7561599170032234,0.21196679891307227
674,0.4948514243070153,0,1,0,308067,297543,27922,80034,2.756150653970136,0.21196736030001828
675,0.4948801116687399,5,8,5,308075,297535,27927,80029,2.7560765497054356,0.21196141581294828
676,0.494917229660941,47,275,47,308350,297260,27974,79982,2.753529215606358,0.21201774987938776
677,0.494933509451787,63,558,63,308908,296702,28037,79919,2.7483604431435027,0.2122000631935022
678,0.4949376666399613,3,8,3,308916,296694,28040,79916,2.7482863388788026,0.21219829531876477
679,0.4949504372868704,2,33,2,308949,296661,28042,79914,2.747980658786913,0.212212706632145
680,0.4949560914637819,3,9,3,308958,296652,28045,79911,2.7478972914891253,0.21221150245775608
681,0.4950077490289757,4,50,4,309008,296602,28049,79907,2.7474341398347475,0.21223131452369
682,0.4950370019876235,109,521,109,309529,296081,28158,79798,2.742608099596132,0.21229704239928274
683,0.4950507952465576,0,34,0,309563,296047,28158,79798,2.742293156471155,0.2123162473892163
684,0.4950735582503188,1008,7401,1008,316964,288646,29166,78790,2.6737374485901664,0.21443190106576385
685,0.495079325864623,8,44,8,317008,288602,29174,78782,2.673329875134314,0.2144404764497093
686,0.4950944056108796,0,5,0,317013,288597,29174,78782,2.6732835599688762,0.21444339496813916
687,0.4951415597354414,6,41,6,317054,288556,29180,78776,2.6729037756122866,0.21445449892740082
688,0.4951609879567969,1032,7281,1032,324335,281275,30212,77744,2.6054596317018044,0.21654564243118052
689,0.4951748264382375,7,39,7,324374,281236,30219,77737,2.6050983734113897,0.21655389123973112
690,0.4951910863006142,296,2077,296,326451,279159,30515,77441,2.58585905368854,0.21716489063376332
691,0.4952188518505626,7,44,7,326495,279115,30522,77434,2.5854514802326873,0.2171763207862033
692,0.4952592645977301,2,0,2,326495,279115,30524,77432,2.5854514802326873,0.21717192964742377
693,0.4952847449842759,2,8,2,326503,279107,30526,77430,2.585377375967987,0.21717241127849282
694,0.4952880428977301,1,8,1,326511,279099,30527,77429,2.5853032717032867,0.21717508863258986
695,0.4953366305314374,1187,8247,1187,334758,270852,31714,76242,2.5089110378302273,0.21965807533405937
696,0.495352110606435,104,868,104,335626,269984,31818,76138,2.50087072511023,0.2199744598725305
697,0.4954030532768606,2,8,2,335634,269976,31820,76136,2.5007966208455294,0.21997503698224852
698,0.4954074737658761,8,37,8,335671,269939,31828,76128,2.50045388862129,0.21998052400257753
699,0.4954351192303412,17,94,17,335765,269845,31845,76111,2.49958316351106,0.22000196556787568
700,0.495450905268041,2,6,2,335771,269839,31847,76109,2.499527585312535,0.22000127186744828
701,0.4954629437518432,4,32,4,335803,269807,31851,76105,2.499231168253733,0.220012604361803
702,0.4955013803273121,29,169,29,335972,269638,31880,76076,2.4976657156619364,0.22005472731795647
703,0.4955456896410058,6,29,6,336001,269609,31886,76070,2.497397087702397,0.2200596507164161
704,0.4955708566824344,306,2131,306,338132,267478,32192,75764,2.4776575641928194,0.22073056327605597
705,0.4956478193985374,24,304,24,338436,267174,32216,75740,2.474841602134203,0.22087170544218085
706,0.4956577382936956,319,2087,319,340523,265087,32535,75421,2.4555096520804773,0.22149553020780716
707,0.4956608634085865,2,1,2,340524,265086,32537,75419,2.4555003890473897,0.22149160805274518
708,0.4957270260313747,300,2078,300,342602,263008,32837,75119,2.436251806291452,0.2221620870264723
709,0.4957753650018752,2,14,2,342616,262994,32839,75117,2.4361221238282265,0.22216668490525301
710,0.4958046518789176,6,30,6,342646,262964,32845,75111,2.4358442328355996,0.22217259483842342
711,0.4958200211958891,4,4,4,342650,262960,32849,75107,2.4358071807032493,0.2221660203450795
712,0.4958469349983797,99,802,99,343452,262158,32948,75008,2.428378228167031,0.22246608495518527
713,0.4958518357165878,1,19,1,343471,262139,32949,75007,2.4282022305383677,0.2224763158987501
714,0.4958526232457826,14,51,14,343522,262088,32963,74993,2.427729815850902,0.22247768340547228
715,0.4959049416056228,206,982,206,344504,261106,33169,74787,2.418633517358924,0.22265126096703414
716,0.4959734959476307,2,5,2,344509,261101,33171,74785,2.4185872021934864,0.2226499467081093
717,0.495995430046863,31,153,31,344662,260948,33202,74754,2.4171699581310904,0.22267963848889788
718,0.4960310546933032,1,7,1,344669,260941,33203,74753,2.4171051168994775,0.22268196631456028
719,0.4960430300224551,303,2202,303,346871,258739,33506,74450,2.396707918040683,0.22344675244380816
720,0.496046366912207,0,2,0,346873,258737,33506,74450,2.3966893919745083,0.22344809371314006
721,0.4961356911437281,0,2,0,346875,258735,33506,74450,2.396670865908333,0.22344943499857436
722,0.4961555081707619,0,9,0,346884,258726,33506,74450,2.396587498610545,0.22345547098230364
723,0.4961773230866438,0,4,0,346888,258722,33506,74450,2.396550446478195,0.22345815374641326
724,0.4961874810280592,19,91,19,346979,258631,33525,74431,2.3957075104672274,0.22347490857558053
725,0.4962612393846782,6,35,6,347014,258596,33531,74425,2.395383304309163,0.22348440488737947
726,0.4963246493694863,30,122,30,347136,258474,33561,74395,2.3942532142724815,0.2234963303882308
727,0.4963680519201858,8,51,8,347187,258423,33569,74387,2.393780799585016,0.2235119137045161
728,0.4963857898957357,30,151,30,347338,258272,33599,74357,2.3923820815887953,0.22354334709240625
729,0.4963976210528142,0,1,0,347339,258271,33599,74357,2.392372818555708,0.22354401914450978
730,0.4964554141205375,902,6333,902,353672,251938,34501,73455,2.3337100300122273,0.22574240994735598
731,0.4964709798236761,52,147,52,353819,251791,34553,73403,2.332348364148357,0.2257206467524001
732,0.4964722185739173,3,37,3,353856,251754,34556,73400,2.332005631924117,0.2257391882000529
733,0.4964828508811824,11,36,11,353892,251718,34567,73389,2.331672162732965,0.22573798780093937
734,0.4965265128130461,39,145,39,354037,251573,34606,73350,2.33032902293527,0.22574579207996973
735,0.4965629416346522,3,12,3,354049,251561,34609,73347,2.330217866538219,0.22574698068376278
736,0.4965744141474847,0,2,0,354051,251559,34609,73347,2.3301993404720442,0.22574837029787076
737,0.496598529037629,0,12,0,354063,251547,34609,73347,2.3300881840749934,0.22575670834179765
738,0.4966287136211241,174,994,174,355057,250553,34783,73173,2.3208807291859648,0.22603374458647127
739,0.4967206933830792,784,5009,784,360066,245544,35567,72389,2.2744821964504056,0.2276863364293735
740,0.4967438058759786,25,150,25,360216,245394,35592,72364,2.2730927414872726,0.22773305471459412
741,0.4967931339809425,3,18,3,360234,245376,35595,72361,2.2729260068916965,0.22773866436707088
742,0.4967992939482992,4,24,4,360258,245352,35599,72357,2.2727036940975953,0.2277461450572694
743,0.4968454163704706,2,3,2,360261,245349,35601,72355,2.2726759049983327,0.22774343413995418
744,0.4968470769055406,2,9,2,360270,245340,35603,72353,2.2725925377005445,0.2277450242844507
745,0.4968822002223746,1,0,1,360270,245340,35604,72352,2.2725925377005445,0.22774259345529632
746,0.4969020160679428,0,8,0,360278,245332,35604,72352,2.2725184334358444,0.22774832852771937
747,0.4970056722591703,11,64,11,360342,245268,35615,72341,2.271925599318241,0.2277674751030355
748,0.4970349131628007,1,3,1,360345,245265,35616,72340,2.271897810218978,0.2277671951008328
749,0.497035809041313,906,6290,906,366635,238975,36522,71434,2.2136333320982624,0.23012863673411532
750,0.4970393580008944,11,61,11,366696,238914,36533,71423,2.2130682870799214,0.23014658258602744
751,0.4970405665103469,0,1,0,366697,238913,36533,71423,2.2130590240468337,0.23014732419055475
752,0.497056324340689,3,10,3,366707,238903,36536,71420,2.2129663937159583,0.2301472981377468
753,0.4970687714553043,0,7,0,366714,238896,36536,71420,2.2129015524843454,0.23015248972015623
754,0.4970727712534299,10,90,10,366804,238806,36546,71410,2.2120678795064657,0.23019444516079118
755,0.4971169186079023,58,377,58,367181,238429,36604,71352,2.2085757160324575,0.2303304592599288
756,0.4971742427533167,961,6249,961,373430,232180,37565,70391,2.1506910222683318,0.2326429168690985
757,0.4972027640837316,4,20,4,373450,232160,37569,70387,2.1505057616065804,0.23264815053528873
758,0.49721290762334,46,155,46,373605,232005,37615,70341,2.1490699914780094,0.23265067174693893
759,0.4972411636838185,1089,6880,1089,380485,225125,38704,69252,2.085340323835637,0.23524935711689432
760,0.4972781871532016,9,47,9,380532,225078,38713,69243,2.0849049612805217,0.23526353878928108
761,0.4972816010697748,9,37,9,380569,225041,38722,69234,2.084562229056282,0.23526973069407867
762,0.4973108032171787,0,1,0,380570,225040,38722,69234,2.0845529660231947,0.23527053018615304
763,0.4974011160021403,0,1,0,380571,225039,38722,69234,2.084543702990107,0.2352713296836611
764,0.4974206891576903,5,30,5,380601,225009,38727,69229,2.0842658119974806,0.23528232247364378
765,0.497436594821386,9,90,9,380691,224919,38736,69220,2.0834321390196004,0.23533091497557276
766,0.4974913371543396,28,197,28,380888,224722,38764,69192,2.081607321501352,0.23541580190123643
767,0.4975003795869219,9,53,9,380941,224669,38773,69183,2.081116380747712,0.2354348447517798
768,0.4975072785607777,1,8,1,380949,224661,38774,69182,2.0810422764830117,0.23543865261381078
769,0.4975354944508259,0,1,0,380950,224660,38774,69182,2.081033013449924,0.23543945385615397
770,0.4977124915116681,3,37,3,380987,224623,38777,69179,2.0806902812256847,0.2354612970640091
771,0.4977830854673012,5,55,5,381042,224568,38782,69174,2.080180814405869,0.23549237085605737
772,0.4977958559511565,9,26,9,381068,224542,38791,69165,2.0799399755455927,0.23548979084597915
773,0.497841645868463,6,35,6,381103,224507,38797,69159,2.0796157693875283,0.23550223723549885
774,0.4978613522335605,29,195,29,381298,224312,38826,69130,2.077809477935455,0.2355831816849667
775,0.4978770730972939,1,9,1,381307,224303,38827,69129,2.077726110637667,0.23558780228468607
776,0.4979046577857532,0,2,0,381309,224301,38827,69129,2.0777075845714923,0.23558940803598813
777,0.4979182113307209,110,597,110,381906,223704,38937,69019,2.0721775538182223,0.23578263409434858
778,0.4979268171924595,153,710,153,382616,222994,39090,68866,2.0656008003260586,0.23595559514835882
779,0.4979314793482877,24,196,24,382812,222798,39114,68842,2.063785245840898,0.23605129611850226
780,0.4979396554308897,144,596,144,383408,222202,39258,68698,2.058264478120716,0.2361567548985906
781,0.4979426824968597,8,57,8,383465,222145,39266,68690,2.057736485234725,0.23618202761015697
782,0.4979865134587206,25,134,25,383599,222011,39291,68665,2.056495238800993,0.2362252129518777
783,0.4980983206069045,0,1,0,383600,222010,39291,68665,2.0564859757679055,0.23622602562999914
784,0.498144667185722,151,776,151,384376,221234,39442,68514,2.0492978620919633,0.23646064856357937
785,0.4981554874552184,48,214,48,384590,221020,39490,68466,2.0473155730112267,0.2365088467145216
786,0.4981662948126876,4,9,4,384599,221011,39494,68462,2.047232205713439,0.23650564992244527
787,0.4981847089719929,2,18,2,384617,220993,39496,68460,2.047065471117863,0.23651508189585183
788,0.4981903691309085,1,11,1,384628,220982,39497,68459,2.0469635777538997,0.23652143269267312
789,0.4982234645300763,7,26,7,384654,220956,39504,68452,2.0467227388936235,0.23652421494913756
790,0.4982509933901544,1,2,1,384656,220954,39505,68451,2.046704212827448,0.23652321141652702
791,0.4982960343190162,0,3,0,384659,220951,39505,68451,2.0466764237281856,0.23652566326424834
792,0.4983370590306982,34,272,34,384931,220679,39539,68417,2.0441568787283706,0.23665841104684948
793,0.4983727484734838,0,9,0,384940,220670,39539,68417,2.044073511430583,0.23666577881399026
794,0.4983799563946118,151,671,151,385611,219999,39690,68266,2.037858016228834,0.23681681785856765
795,0.4985292503080517,30,176,30,385787,219823,39720,68236,2.0362277224054246,0.23688202764017094
796,0.4985864016327534,27,204,27,385991,219619,39747,68209,2.0343380636555635,0.23697833428297455
797,0.4985909923962079,131,652,131,386643,218967,39878,68078,2.028298566082478,0.23716838823181036
798,0.4985956895028196,2,20,2,386663,218947,39880,68076,2.0281133054207268,0.23717959884747913
799,0.498599284204556,0,1,0,386664,218946,39880,68076,2.0281040423876395,0.23718042519388757
800,0.4986017875610041,0,2,0,386666,218944,39880,68076,2.028085516321464,0.23718207790397883
801,0.4986037067197005,158,688,158,387354,218256,40038,67918,2.0217125495572272,0.23733113420506405
802,0.4986546890410244,24,282,24,387636,217974,40062,67894,2.0191003742265368,0.23750122434130438
803,0.4986902987417768,21,160,21,387796,217814,40083,67873,2.0176182889325283,0.23757818871702246
804,0.4987094520351883,5,16,5,387812,217798,40088,67868,2.017470080403127,0.23757815070746957
805,0.4987130326186991,0,1,0,387813,217797,40088,67868,2.0174608173700395,0.2375789823744596
806,0.4987409764529043,165,736,165,388549,217061,40253,67703,2.0106432250175996,0.23775126069306513
807,0.4988552422546668,2,31,2,388580,217030,40255,67701,2.0103560709918855,0.2377717916208632
808,0.4988566558879587,34,158,34,388738,216872,40289,67667,2.008892511764052,0.23781274271716707
809,0.4988775097752276,16,105,16,388843,216767,40305,67651,2.0079198932898588,0.23785766020434712
810,0.4989990330801317,20,255,20,389098,216512,40325,67631,2.0055578198525326,0.23801747711539611
811,0.4990412387944604,0,2,0,389100,216510,40325,67631,2.005539293786357,0.23801915246303773
812,0.4990482865061677,172,950,172,390050,215560,40497,67459,1.996739412353181,0.2383550221009897
813,0.4990617733307027,18,176,18,390226,215384,40515,67441,1.9951091185297714,0.23845487492265535
814,0.4991145927015447,0,2,0,390228,215382,40515,67441,1.9950905924635962,0.23845656117076758
815,0.4991401281262397,147,803,147,391031,214579,40662,67294,1.9876523768942902,0.23873872275812155
816,0.4992249771768005,2,18,2,391049,214561,40664,67292,1.9874856422987144,0.2387485675156908
817,0.4992894231738966,0,4,0,391053,214557,40664,67292,1.987448590166364,0.23875195583450712
818,0.4993057325065183,2,9,2,391062,214548,40666,67290,1.987365222868576,0.2387541779320035
819,0.4993662231641737,0,7,0,391069,214541,40666,67290,1.9873003816369632,0.2387601080079906
820,0.4993687775158825,21,83,21,391152,214458,40687,67269,1.9865315498906961,0.23877370646050963
821,0.499403615820392,1,10,1,391162,214448,40688,67268,1.9864389195598207,0.23877948004373198
822,0.4994342627877722,1,9,1,391171,214439,40689,67267,1.9863555522620326,0.23878440643791754
823,0.4994500768402818,150,833,150,392004,213606,40839,67117,1.9786394457001,0.2390862166619764
824,0.4994936927487765,161,840,161,392844,212766,41000,66956,1.9708584979065544,0.23936622789769843
825,0.4995766605375414,22,136,22,392980,212630,41022,66934,1.9695987254066472,0.23942281552703495
826,0.499584450148558,1,12,1,392992,212618,41023,66933,1.9694875690095965,0.23943037227554184
827,0.4996053902374097,17,78,17,393070,212540,41040,66916,1.9687650524287672,0.23945093324172678
828,0.4996266880188226,20,96,20,393166,212444,41060,66896,1.967875801252362,0.2394787713897043
829,0.4996376278212546,0,9,0,393175,212435,41060,66896,1.967792433954574,0.23948648735729297
830,0.4996615229992555,1,2,1,393177,212433,41061,66895,1.967773907888399,0.23948547943636156
831,0.4997234276510694,0,4,0,393181,212429,41061,66895,1.9677368557560488,0.23948890893729147
832,0.4997688309728459,6,21,6,393202,212408,41067,66889,1.9675423320612102,0.23949057813009092
833,0.4997704874989484,165,760,165,393962,211648,41232,66724,1.960502426914669,0.23969364734958976
834,0.4997730238455108,40,155,40,394117,211493,41272,66684,1.9590666567860981,0.23971787746650514
835,0.4998053127196463,4,28,4,394145,211465,41276,66680,1.9588072918596464,0.239731075518165
836,0.4998083995995299,4,31,4,394176,211434,41280,66676,1.9585201378339323,0.23974686275214843
837,0.4998404559364972,1,2,1,394178,211432,41281,66675,1.9585016117677572,0.23974585321476985
838,0.4998505133808805,16,102,16,394280,211330,41297,66659,1.9575567823928266,0.23979006363561148
839,0.4998521573892482,2,14,2,394294,211316,41299,66657,1.9574270999296008,0.2397966708996917
840,0.4998663594104281,169,857,169,395151,210459,41468,66488,1.949488680573567,0.24007481575897194
841,0.4998692632903104,1,11,1,395162,210448,41469,66487,1.949386787209604,0.24008160759745067
842,0.4999179662313087,1,3,1,395165,210445,41470,66486,1.9493589981103412,0.2400814643358815
843,0.5000130651042116,4,65,4,395230,210380,41474,66482,1.9487569009596502,0.2401268501997385
844,0.5000844183291584,2,13,2,395243,210367,41476,66480,1.948636481529512,0.24013263643817703
845,0.5000991175194959,2,4,2,395247,210363,41478,66478,1.9485994293971618,0.24013061649105444
846,0.5001214488472632,15,74,15,395321,210289,41493,66463,1.9479139649486827,0.2401536393594265
847,0.5001384738610279,0,2,0,395323,210287,41493,66463,1.9478954388825076,0.24015537488708222
848,0.5001564333478306,0,1,0,395324,210286,41493,66463,1.9478861758494201,0.24015624266031674
849,0.5001734123625499,0,1,0,395325,210285,41493,66463,1.9478769128163327,0.24015711043982252
850,0.5001760416329116,15,78,15,395403,210207,41508,66448,1.9471543962355033,0.2401836222009362
851,0.5002376493247331,9,60,9,395463,210147,41517,66439,1.94659861425025,0.24021100127989126
852,0.5002622225565381,0,4,0,395467,210143,41517,66439,1.9465615621179,0.24021447527315587
853,0.5002831119912282,18,84,18,395551,210059,41535,66421,1.9457834673385452,0.24023799189814815
854,0.5003641078335584,13,31,13,395582,210028,41548,66408,1.9454963133128311,0.24022920314286128
855,0.5003668723484204,1,16,1,395598,210012,41549,66407,1.9453481047834302,0.2402403597437224
856,0.5003697715788686,3,12,3,395610,210000,41552,66404,1.9452369483863796,0.2402425435232486
857,0.5003878270501072,10,86,10,395696,209914,41562,66394,1.94444032754085,0.24028982150353953
858,0.5004188057586555,9,77,9,395773,209837,41571,66385,1.9437270739931083,0.24033205175547204
859,0.5004336310030363,0,1,0,395774,209836,41571,66385,1.9437178109600208,0.24033292182708774
860,0.5004916205378568,23,112,23,395886,209724,41594,66362,1.9426803512542148,0.24036713198061474
861,0.5005003227111011,10,32,10,395918,209692,41604,66352,1.942383934195413,0.2403674776484908
862,0.5005331130164502,2,9,2,395927,209683,41606,66350,1.942300566897625,0.24036981085594838
863,0.5005349887041175,8,71,8,395998,209612,41614,66342,1.9416428915484085,0.2404096334896396
864,0.500540176822067,22,103,22,396101,209509,41636,66320,1.9406887991403905,0.24043882260385963
865,0.5005627550613321,15,114,15,396215,209395,41651,66305,1.9396328133684093,0.24049691693870148
866,0.5006115764930591,5,19,5,396234,209376,41656,66300,1.9394568157397458,0.2404997170591564
867,0.5006376479042257,0,1,0,396235,209375,41656,66300,1.9394475527066584,0.24050058946222908
868,0.5006615400437515,0,1,0,396236,209374,41656,66300,1.9394382896735707,0.240501461871631
869,0.5007036699488794,22,155,22,396391,209219,41678,66278,1.938002519545,0.24057612242601553
870,0.5007590919557298,28,144,28,396535,209075,41706,66250,1.936668642780392,0.2406247162444384
871,0.5007612917661496,25,134,25,396669,208941,41731,66225,1.9354273963466597,0.2406729029022481
872,0.5007658174650458,94,630,94,397299,208311,41825,66131,1.9295916855015005,0.2409653041444094
873,0.500781336268444,3,1,3,397300,208310,41828,66128,1.929582422468413,0.24095788484102057
874,0.5007827916998299,1,2,1,397302,208308,41829,66127,1.929563896402238,0.2409568750341611
875,0.5007938734336721,0,7,0,397309,208301,41829,66127,1.929499055170625,0.24096302126605157
876,0.5007942516557873,5,18,5,397327,208283,41834,66122,1.929332320575049,0.24096499699349502
877,0.500805567860171,1,0,1,397327,208283,41835,66121,1.929332320575049,0.2409622308712701
878,0.5008464243044862,0,3,0,397330,208280,41835,66121,1.9293045314757864,0.2409648652883918
879,0.500848830372137,0,5,0,397335,208275,41835,66121,1.9292582163103487,0.24096925611160513
880,0.5008574624999077,17,86,17,397421,208189,41852,66104,1.928461595464819,0.2409977651635295
881,0.5009008023178939,24,62,24,397483,208127,41876,66080,1.9278872874133905,0.24098582457778248
882,0.5009110262392722,12,53,12,397536,208074,41888,66068,1.9273963466597503,0.2409991902006989
883,0.5009231804993569,5,21,5,397557,208053,41893,66063,1.9272018229649117,0.24100380860657533
884,0.5010017025057232,18,75,18,397632,207978,41911,66045,1.926507095483345,0.24101991438674855
885,0.5010030342216248,26,65,26,397697,207913,41937,66019,1.925904998332654,0.24100506695092214
886,0.5010052270844123,11,42,11,397739,207871,41948,66008,1.9255159509429767,0.2410115415931853
887,0.5010073625622384,4,20,4,397759,207851,41952,66004,1.9253306902812257,0.24101805700096768
888,0.5010350549885584,9,73,9,397832,207778,41961,65995,1.9246544888658341,0.2410573723486246
889,0.5010373903574534,139,620,139,398452,207158,42100,65856,1.9189114083515506,0.24121839905645864
890,0.5010698142056951,1,2,1,398454,207156,42101,65855,1.9188928822853755,0.24121738684521868
891,0.5010715888843672,352,1830,352,400284,205326,42453,65503,1.9019415317351513,0.2418611005468395
892,0.5011010684931022,15,68,15,400352,205258,42468,65488,1.9013116454851977,0.24187984310017507
893,0.5011052251018541,1,3,1,400355,205255,42469,65487,1.9012838563859351,0.24187972313124673
894,0.5011288366917908,10,81,10,400436,205174,42479,65477,1.9005335507058432,0.24192410151819133
895,0.501131386604061,0,4,0,400440,205170,42479,65477,1.900496498573493,0.24192767701101434
896,0.5012343727781041,0,4,0,400444,205166,42479,65477,1.9004594464411426,0.2419312526095262
897,0.5012448888028942,61,341,61,400785,204825,42540,65416,1.8973007521582868,0.24206541568451864
898,0.5012777052405116,3,22,3,400807,204803,42543,65413,1.8970969654303604,0.24207670900316783
899,0.5012789202151767,8,14,8,400821,204789,42551,65405,1.8969672829671347,0.24206681125413593
900,0.5012833608674534,2,14,2,400835,204775,42553,65403,1.896837600503909,0.24207374397619347
901,0.5012876652915903,9,76,9,400911,204699,42562,65394,1.896133609989255,0.24211660428074774
902,0.5013062978178277,7,17,7,400928,204682,42569,65387,1.8959761384267664,0.24211220095605196
903,0.5013219590333544,0,4,0,400932,204678,42569,65387,1.8959390862944163,0.24211578694018107
904,0.5013661935681404,4,18,4,400950,204660,42573,65383,1.8957723516988403,0.24212069929603805
905,0.501403424444619,351,1807,351,402757,202853,42924,65032,1.87903405090963,0.24276088620116842
906,0.5014341258707731,16,99,16,402856,202754,42940,65016,1.878117010633962,0.24280539268775442
907,0.5014442976557376,337,1818,337,404674,200936,43277,64679,1.8612768164807885,0.2435065790712121
908,0.5014476076828089,1,5,1,404679,200931,43278,64678,1.8612305013153507,0.24350831485378885
909,0.5014812958459448,37,235,37,404914,200696,43315,64641,1.8590536885397755,0.2436184927092716
910,0.5015021525177602,11,22,11,404936,200674,43326,64630,1.8588499018118492,0.24360733347405242
911,0.5015639095840847,30,83,30,405019,200591,43356,64600,1.8580810700655823,0.2435980104905521
912,0.501570932247316,321,1817,321,406836,198774,43677,64279,1.8412501389454963,0.24435760093973458
913,0.5015850995816035,0,1,0,406837,198773,43677,64279,1.8412408759124088,0.24435852987242065
914,0.5015977687894104,9,49,9,406886,198724,43686,64270,1.8407869872911187,0.24437819874217662
915,0.5016063356001463,0,1,0,406887,198723,43686,64270,1.840777724258031,0.24437912796158073
916,0.5016445155695941,14,32,14,406919,198691,43700,64256,1.8404813071992294,0.2443686370257124
917,0.5016543935833948,0,5,0,406924,198686,43700,64256,1.8404349920337915,0.24437328384206403
918,0.5016794172634162,133,815,133,407739,197871,43833,64123,1.8328856200674348,0.24474987976823898
919,0.5017319703451932,1,13,1,407752,197858,43834,64122,1.8327652006372968,0.24475914191923048
920,0.5017819685882448,59,331,59,408083,197527,43893,64063,1.8296991366853161,0.2448985052945449
921,0.5017974349744866,7,28,7,408111,197499,43900,64056,1.8294397717588646,0.24490451339106498
922,0.5018172771210831,1,4,1,408115,197495,43901,64055,1.8294027196265146,0.2449053718218314
923,0.5018357876163472,0,5,0,408120,197490,43901,64055,1.8293564044610768,0.24491005371924526
924,0.5018449997783695,6,8,6,408128,197482,43907,64049,1.8292823001963763,0.24490022215339674
925,0.5018635647543503,360,1947,360,410075,195535,44267,63689,1.8112471747749084,0.2456909854025862
926,0.5018723786866215,0,3,0,410078,195532,44267,63689,1.8112193856756456,0.24569382881788127
927,0.5018759810830322,26,121,26,410199,195411,44293,63663,1.8100985586720515,0.24573287940897195
928,0.501898209200746,262,1538,262,411737,193873,44555,63401,1.7958520137833933,0.24643376322519958
929,0.5019089660301139,102,476,102,412213,193397,44657,63299,1.7914428100337174,0.2465912986567769
930,0.5019212678123889,0,1,0,412214,193396,44657,63299,1.79143354700063,0.24659225929605175
931,0.50194370843034,4,26,4,412240,193370,44661,63295,1.7911927081403536,0.24660549743829505
932,0.5019739283015971,2,24,2,412264,193346,44663,63293,1.7909703953462521,0.2466226879001243
933,0.5019867298050149,0,3,0,412267,193343,44663,63293,1.7909426062469895,0.24662557084742592
934,0.5020037450746788,1,8,1,412275,193335,44664,63292,1.790868501982289,0.24663032338764043
935,0.5020183218322337,6,57,6,412332,193278,44670,63286,1.7903405090962985,0.2466674981680984
936,0.5020467273869341,1,4,1,412336,193274,44671,63285,1.7903034569639482,0.24666840765671832
937,0.5021331465955302,0,4,0,412340,193270,44671,63285,1.7902664048315982,0.24667225351289196
938,0.5021516109953259,31,184,31,412524,193086,44702,63254,1.7885620067434882,0.2467582117500195
939,0.5021572684492597,25,130,25,412654,192956,44727,63229,1.7873578124421061,0.24680992251693112
940,0.5021652041299706,48,230,48,412884,192726,44775,63181,1.7852273148319686,0.24689047192925556
941,0.5021723827246148,29,110,29,412994,192616,44804,63152,1.7842083811923377,0.246911263332395
942,0.5021905290854312,1,0,1,412994,192616,44805,63151,1.7842083811923377,0.24690831889962347
943,0.5022228130243322,1,0,1,412994,192616,44806,63150,1.7842083811923377,0.24690537444382757
944,0.5022611133121986,0,3,0,412997,192613,44806,63150,1.784180592093075,0.24690827054734266
945,0.5023033977966472,7,16,7,413013,192597,44813,63143,1.784032383563674,0.2469031047157269
946,0.5023148590467608,33,133,33,413146,192464,44846,63110,1.7828004001630293,0.24693435169461683
947,0.5023291373587482,6,49,6,413195,192415,44852,63104,1.7823465115417392,0.24696402224492112
948,0.5023359872827349,1250,6265,1250,419460,186150,46102,61854,1.7243136092482123,0.24940726762471574
949,0.5023412401127774,0,3,0,419463,186147,46102,61854,1.7242858201489495,0.24941028463594905
950,0.502364585446243,0,3,0,419466,186144,46102,61854,1.724258031049687,0.24941330172017517
951,0.5023704583231895,28,124,28,419590,186020,46130,61826,1.7231094149468302,0.2494532895426999
952,0.502381160872536,49,233,49,419823,185787,46179,61777,1.7209511282374301,0.24953951301481636
953,0.5023879202585472,5,10,5,419833,185777,46184,61772,1.7208584979065544,0.24953443560668798
954,0.5024433035094521,3,2,3,419835,185775,46187,61769,1.7208399718403795,0.2495273567527389
955,0.502465805000284,0,4,0,419839,185771,46187,61769,1.7208029197080292,0.24953138886644582
956,0.5024858248314826,59,360,59,420199,185411,46246,61710,1.7174682277965096,0.24971572630411823
957,0.5024986451866763,0,1,0,420200,185410,46246,61710,1.7174589647634222,0.2497167368080285
958,0.5025483426691425,44,225,44,420425,185185,46290,61666,1.7153747823187224,0.24981061450024508
959,0.5025533273845015,944,4809,944,425234,180376,47234,60722,1.6708288562006743,0.25185609171374296
960,0.5025581304475606,1,13,1,425247,180363,47235,60721,1.670708436770536,0.2518665693285328
961,0.502564362686452,35,132,35,425379,180231,47270,60686,1.669485716402979,0.2518958811540904
962,0.5025760582897434,36,221,36,425600,180010,47306,60650,1.6674385860906296,0.252015291282307
963,0.5026007285110383,3,14,3,425614,179996,47309,60647,1.6673089036274038,0.252020628067303
964,0.5026244313946241,0,3,0,425617,179993,47309,60647,1.667281114528141,0.25202376994680853
965,0.5026317595469412,1,2,1,425619,179991,47310,60646,1.667262588461966,0.2520227562677394
966,0.5026536310667226,692,3557,692,429176,176434,48002,59954,1.6343139797695356,0.25362539553615243
967,0.5026795407640687,2,6,2,429182,176428,48004,59952,1.6342584015710104,0.25362551823335305
968,0.5027085962493878,1,2,1,429184,176426,48005,59951,1.6342398755048353,0.2536245066144337
969,0.5027477204372837,0,4,0,429188,176422,48005,59951,1.634202823372485,0.253628798551442
970,0.5027565979251066,8,16,8,429204,176406,48013,59943,1.6340546148430841,0.2536207049744234
971,0.5027584771871629,49,338,49,429542,176068,48062,59894,1.6309237096594909,0.2538290063654317
972,0.5027620753195308,55,267,55,429809,175801,48117,59839,1.628450479825114,0.25394245459175013
973,0.5027808856636313,61,330,61,430139,175471,48178,59778,1.625393678906221,0.2541052246768318
974,0.5027821561672986,0,2,0,430141,175469,48178,59778,1.625375152840046,0.254107385003847
975,0.5027946242767513,0,7,0,430148,175462,48178,59778,1.625310311608433,0.2541149464376807
976,0.5028084525787582,6,43,6,430191,175419,48184,59772,1.6249120011856681,0.2541423778971134
977,0.502822177463677,38,219,38,430410,175200,48222,59734,1.6228833969394938,0.25425864285288635
978,0.5028224160827038,1322,6312,1322,436722,168888,49544,58412,1.564415132090852,0.2569819621645403
979,0.5028419538073648,1,2,1,436724,168886,49545,58411,1.5643966060246768,0.25698095443406643
980,0.5029002805439131,1,3,1,436727,168883,49546,58410,1.564368816925414,0.2569810772879059
981,0.5029184674849289,7,44,7,436771,168839,49553,58403,1.5639612434695618,0.25700794747449857
982,0.5029365220963202,2,25,2,436796,168814,49555,58401,1.5637296676423729,0.2570296855401272
983,0.5029659732413424,614,3075,614,439871,165739,50169,57787,1.5352458408981438,0.25852473537753995
984,0.5029811011049887,5,26,5,439897,165713,50174,57782,1.5350050020378674,0.2585382223315958
985,0.5029884160256635,3,13,3,439910,165700,50177,57779,1.534884582607729,0.2585433083197974
986,0.5029993675411355,47,158,47,440068,165542,50224,57732,1.5334210233798955,0.25857018730349257
987,0.5030098293404576,0,1,0,440069,165541,50224,57732,1.533411760346808,0.2585713453933077
988,0.503018195720558,1243,6345,1243,446414,159196,51467,56489,1.4746378154062767,0.26190509307555
989,0.5030271965757838,0,2,0,446416,159194,51467,56489,1.4746192893401016,0.26190752168692016
990,0.5030607289037412,317,1561,317,447977,157633,51784,56172,1.4601596946904294,0.2627253806038212
991,0.5030617233970609,1480,6941,1480,454918,150692,53264,54692,1.3958649820297158,0.2662914345810774
992,0.5031102755470263,0,15,0,454933,150677,53264,54692,1.3957260365334025,0.2663108843106798
993,0.5031189429703468,2,5,2,454938,150672,53266,54690,1.3956797213679648,0.26631022292342305
994,0.5031741953157352,2,3,2,454941,150669,53268,54688,1.395651932268702,0.2663069678657168
995,0.5032090678003671,0,1,0,454942,150668,53268,54688,1.3956426692356145,0.26630826467208163
996,0.5032267734249803,6,11,6,454953,150657,53274,54682,1.3955407758716514,0.2663010923399841
997,0.5032360200453357,11,32,11,454985,150625,53285,54671,1.3952443588128496,0.26630328890967186
998,0.5032644738533343,4,8,4,454993,150617,53289,54667,1.3951702545481492,0.266299370628008
999,0.5032707902834314,4,20,4,455013,150597,53293,54663,1.394984993886398,0.26631102016954106
1000,0.503292221302791,11,49,11,455062,150548,53304,54652,1.394531105265108,0.26633528265107215
1001,0.503319449792023,4,13,4,455075,150535,53308,54648,1.3944106858349699,0.26633785450061653
1002,0.5033328182509182,14,51,14,455126,150484,53322,54634,1.3939382711475046,0.2663540011115553
1003,0.5033618321433613,1,3,1,455129,150481,53323,54633,1.393910482048242,0.26635432003666254
1004,0.5033675047256331,1,0,1,455129,150481,53324,54632,1.393910482048242,0.26635074324884334
1005,0.503370569317687,35,175,35,455304,150306,53359,54597,1.3922894512579198,0.2664529069852564
1006,0.5033724307879182,0,2,0,455306,150304,53359,54597,1.392270925191745,0.2664555077818068
1007,0.5033963696157869,34,199,34,455505,150105,53393,54563,1.3904275816073215,0.2665927257802881
1008,0.5034066235519591,279,1492,279,456997,148613,53672,54284,1.3766071362406906,0.2675446162338526
1009,0.5034924596066114,0,1,0,456998,148612,53672,54284,1.3765978732076032,0.2675459348631811
1010,0.5035247812441845,1,18,1,457016,148594,53673,54283,1.3764311386120271,0.2675660621953203
1011,0.5035530748803587,722,3643,722,460659,144951,54395,53561,1.3426859090740673,0.269812404287902
1012,0.5035685707268982,3,5,3,460664,144946,54398,53558,1.3426395939086295,0.2698081650747592
1013,0.5035725185735409,1,5,1,460669,144941,54399,53557,1.3425932787431916,0.2698112827333273
1014,0.503584250519063,290,1585,290,462254,143356,54689,53267,1.3279113712994184,0.27090930359113635
1015,0.5036049971933443,11,47,11,462301,143309,54700,53256,1.3274760087443032,0.27093327906799275
1016,0.5036284799242838,14,42,14,462343,143267,54714,53242,1.327086961354626,0.27093924451297396
1017,0.5036366022767726,29,159,29,462502,143108,54743,53213,1.3256141390937048,0.2710509828291421
1018,0.5036429975140766,2,10,2,462512,143098,54745,53211,1.3255215087628294,0.27105736364608857
1019,0.5036632368031777,3,14,3,462526,143084,54748,53208,1.3253918262996036,0.2710655553970615
1020,0.503673201449307,0,2,0,462528,143082,54748,53208,1.3253733002334285,0.2710683172856488
1021,0.5037219960418677,13,48,13,462576,143034,54761,53195,1.3249286746452258,0.271086332805039
1022,0.5037252831966641,46,177,46,462753,142857,54807,53149,1.3232891177887287,0.27116006652857566
1023,0.5037355830011137,62,253,62,463006,142604,54869,53087,1.3209455704175774,0.2712797216019132
1024,0.5037394140993248,825,4080,825,467086,138524,55694,52262,1.2831523954203565,0.2739299529315568
1025,0.5037591754621646,708,3598,708,470684,134926,56402,51554,1.2498240023713365,0.27645860145860146
1026,0.5037620674717852,193,724,193,471408,134202,56595,51361,1.2431175664159473,0.27678470384721093
1027,0.5037634997443681,23,71,23,471479,134131,56618,51338,1.2424598910667308,0.2768009748259817
1028,0.5037681419924553,314,1655,314,473134,132476,56932,51024,1.2271295713068286,0.2780599455040872
1029,0.5037722742764679,111,457,111,473591,132019,57043,50913,1.2228963651858165,0.27831653291933617
1030,0.5037740450275077,8,27,8,473618,131992,57051,50905,1.2226462632924524,0.27832605236827285
1031,0.5038073782550418,113,522,113,474140,131470,57164,50792,1.2178109600207492,0.2786757524881764
1032,0.5038185656996386,44,165,44,474305,131305,57208,50748,1.2162825595613027,0.2787539892229186
1033,0.5038305381785415,0,6,0,474311,131299,57208,50748,1.2162269813627775,0.27876317654232147
1034,0.5039361853851212,8,55,8,474366,131244,57216,50740,1.215717514542962,0.27881572006330224
1035,0.503977770291755,32,151,32,474517,131093,57248,50708,1.2143187965467412,0.2789203579738285
1036,0.504005455322236,3,25,3,474542,131068,57251,50705,1.2140872207195523,0.27894681828434365
1037,0.5040097852658418,5,16,5,474558,131052,57256,50700,1.2139390121901514,0.278951538359963
1038,0.5040408225570917,10,14,10,474572,131038,57266,50690,1.2138093297269257,0.2789333509420673
1039,0.5040428246531642,0,1,0,474573,131037,57266,50690,1.2138000666938382,0.2789348858452514
1040,0.5040464283830307,0,2,0,474575,131035,57266,50690,1.213781540627663,0.2789379557022974
1041,0.5041165526160986,0,1,0,474576,131034,57266,50690,1.2137722775945756,0.2789394906561599
1042,0.5041231380943644,13,20,13,474596,131014,57279,50677,1.2135870169328244,0.2789186035631925
1043,0.5041401839982333,0,2,0,474598,131012,57279,50677,1.2135684908666493,0.2789216738492699
1044,0.5041665248735937,117,505,117,475103,130507,57396,50560,1.2088906591574344,0.2792336538408434
1045,0.504186579989794,3,20,3,475123,130487,57399,50557,1.2087053984956835,0.2792525573893639
1046,0.5042618343733373,44,149,44,475272,130338,57443,50513,1.207325206565638,0.2793072750496265
1047,0.5043281219063758,26,94,26,475366,130244,57469,50487,1.2064544814554077,0.2793488665475209
1048,0.5043625207954732,2,11,2,475377,130233,57471,50485,1.2063525880914447,0.2793578946203477
1049,0.5043774049956802,178,755,178,476132,129478,57649,50307,1.1993589981103412,0.2798175598631699
1050,0.5044323086673289,0,2,0,476134,129476,57649,50307,1.199340472044166,0.27982067269986594
1051,0.5044476027136954,123,500,123,476634,128976,57772,50184,1.1947089555003891,0.2801071667782987
1052,0.5044819087922896,1,1,1,476635,128975,57773,50183,1.1946996924673015,0.2801047120418848
1053,0.5045030385630472,146,482,146,477117,128493,57919,50037,1.1902349105191004,0.28027222315577216
1054,0.5045320911297001,21,82,21,477199,128411,57940,50016,1.189475341805921,0.2803163198394862
1055,0.5045348020121556,21,99,21,477298,128312,57961,49995,1.188558301530253,0.2803871973618534
1056,0.5045418799142152,7,11,7,477309,128301,57968,49988,1.18845640816629,0.28037624306603326
1057,0.504561472320419,106,428,106,477737,127873,58074,49882,1.1844918300048168,0.28062220471997973
1058,0.5045939431561924,1,3,1,477740,127870,58075,49881,1.184464040905554,0.2806228938233821
1059,0.50468740153833,1,6,1,477746,127864,58076,49880,1.1844084627070288,0.28062831938068233
1060,0.5047403993580856,5,31,5,477777,127833,58081,49875,1.1841213086813147,0.2806570328854075
1061,0.504750707700368,16,76,16,477853,127757,58097,49859,1.1834173181666605,0.28071232321412487
1062,0.5047577967442215,2,23,2,477876,127734,58099,49857,1.1832042684056467,0.2807405780698346
1063,0.5047608343847061,21,82,21,477958,127652,58120,49836,1.1824446996924673,0.28078517984314433
1064,0.5047710634288395,0,1,0,477959,127651,58120,49836,1.1824354366593797,0.2807867618473466
1065,0.5048311725101533,17,100,17,478059,127551,58137,49819,1.1815091333506242,0.28087613463381633
1066,0.504941835768451,11,64,11,478123,127487,58148,49808,1.1809162992330209,0.28093290842945373
1067,0.5049503490436579,5,16,5,478139,127471,58153,49803,1.18076809070362,0.28093798300935274
1068,0.5049563435250121,1,1,1,478140,127470,58154,49802,1.1807588276705325,0.2809355115303037
1069,0.5049582700051671,0,1,0,478141,127469,58154,49802,1.1807495646374448,0.28093709631016917
1070,0.5049615675653358,19,94,19,478235,127375,58173,49783,1.1798788395272148,0.28100904277537564
1071,0.5050136298706855,13,78,13,478313,127297,58186,49770,1.1791563229463855,0.2810800431475091
1072,0.5050367341783961,7,24,7,478337,127273,58193,49763,1.1789340101522843,0.28108972186447956
1073,0.5050386270330974,0,1,0,478338,127272,58193,49763,1.1789247471191968,0.28109130962803963
1074,0.5050573359847325,0,5,0,478343,127267,58193,49763,1.1788784319537589,0.2810992487149071
1075,0.505108019565553,124,508,124,478851,126759,58317,49639,1.1741728111452814,0.28140341727230467
1076,0.5051819647387463,1,16,1,478867,126743,58318,49638,1.1740246026158805,0.28142487002568306
1077,0.5052011067667841,2,14,2,478881,126729,58320,49636,1.1738949201526547,0.28143906103818783
1078,0.5052357314830733,0,3,0,478884,126726,58320,49636,1.1738671310533921,0.2814438484480784
1079,0.5052594221037559,16,80,16,478964,126646,58336,49620,1.1731260884063879,0.2815063597063529
1080,0.5052678551269498,26,86,26,479050,126560,58362,49594,1.1723294675608582,0.28153774538188175
1081,0.5054824384344245,3,8,3,479058,126552,58365,49591,1.1722553632961576,0.2815382955893791
1082,0.5055176495056851,1,1,1,479059,126551,58366,49590,1.1722461002630702,0.2815358150572553
1083,0.5055519615108961,1,9,1,479068,126542,58367,49589,1.1721627329652822,0.2815461219206159
1084,0.5055864890523932,1,2,1,479070,126540,58368,49588,1.172144206899107,0.2815452398255814
1085,0.5056009518374168,5,11,5,479081,126529,58373,49583,1.1720423135351439,0.28154242754610703
1086,0.5056520914627338,5,47,5,479128,126482,58378,49578,1.1716069509800289,0.2815971827785982
1087,0.5056532112143322,44,130,44,479258,126352,58422,49534,1.1704027566786468,0.28162559839896295
1088,0.5057014026226193,1,0,1,479258,126352,58423,49533,1.1704027566786468,0.28162151405748076
1089,0.5057309093650727,56,177,56,479435,126175,58479,49477,1.1687631998221497,0.2816762689864049
1090,0.5057963669346222,86,311,86,479746,125864,58565,49391,1.1658823965319205,0.28182362842714903
1091,0.505819591788103,8,79,8,479825,125785,58573,49383,1.1651506169180037,0.2819179302155645
1092,0.505910628403041,76,264,76,480089,125521,58649,49307,1.1627051761828893,0.28203148237124487
1093,0.5059536183108826,28,100,28,480189,125421,58677,49279,1.1617788728741338,0.2820778477389811
1094,0.5059704721962497,0,1,0,480190,125420,58677,49279,1.1617696098410464,0.2820794623895958
1095,0.5059881153389931,1,0,1,480190,125420,58678,49278,1.1617696098410464,0.28207535289470975
1096,0.506020993589451,0,1,0,480191,125419,58678,49278,1.1617603468079587,0.2820769675495286
1097,0.5060955534569255,2,27,2,480218,125392,58680,49276,1.1615102449145949,0.2821123502874024
1098,0.5061034328042177,11,29,11,480247,125363,58691,49265,1.1612416169550557,0.282113979430561
1099,0.5061286866164451,89,330,89,480577,125033,58780,49176,1.158184816036163,0.2822816272408429
1100,0.506189513352369,4,5,4,480582,125028,58784,49172,1.158138500870725,0.28227324913892077
1101,0.5061962612893438,0,5,0,480587,125023,58784,49172,1.1580921857052873,0.28228135135910903
1102,0.506242235061735,0,1,0,480588,125022,58784,49172,1.1580829226721998,0.28228297185896184
1103,0.506277963481501,45,173,45,480761,124849,58829,49127,1.156480417948053,0.28237802915344645
1104,0.506298354219803,1,3,1,480764,124846,58830,49126,1.1564526288487902,0.28237877359575103
1105,0.5063206016880761,2,11,2,480775,124835,58832,49124,1.1563507354848273,0.28238837887088336
1106,0.5063267550339484,9,44,9,480819,124791,58841,49115,1.1559431620289748,0.28242268811886884
1107,0.5063634685671865,2,14,2,480833,124777,58843,49113,1.155813479565749,0.2824371729254126
1108,0.5064130007503539,0,3,0,480836,124774,58843,49113,1.1557856904664863,0.282442045696343
1109,0.5064327237033523,2,19,2,480855,124755,58845,49111,1.1556096928378228,0.28246465668963455
1110,0.5064421111327453,6,41,6,480896,124714,58851,49105,1.1552299084812332,0.2825065153982016
1111,0.5064607352674193,96,300,96,481196,124414,58947,49009,1.152450998554967,0.2825980406289823
1112,0.5064654581951236,3,3,3,481199,124411,58950,49006,1.152423209455704,0.28259051880726804
1113,0.5064658781286958,86,322,86,481521,124089,59036,48920,1.1494405128015117,0.28275985642365425
1114,0.5065235874074828,31,220,31,481741,123869,59067,48889,1.14740264552225,0.28299123629585893
1115,0.506547312845007,41,180,41,481921,123689,59108,48848,1.14573529956649,0.2831160852454836
1116,0.5065815318262215,57,192,57,482113,123497,59165,48791,1.1439567972136797,0.28319441864784545
1117,0.506591161836323,32,113,32,482226,123384,59197,48759,1.142910074474786,0.28324706784475695
1118,0.5066257657300071,1,1,1,482227,123383,59198,48758,1.1429008114416985,0.28324454952626044
1119,0.506675402679291,5,12,5,482239,123371,59203,48753,1.142789655044648,0.2832434756338454
1120,0.5066810430996694,0,1,0,482240,123370,59203,48753,1.1427803920115602,0.2832451212214521
1121,0.5067312444089607,0,4,0,482244,123366,59203,48753,1.14274333987921,0.28325170376309416
1122,0.5067466297545665,10,50,10,482294,123316,59213,48743,1.1422801882248323,0.2832923590163839
1123,0.5067810416628821,1,18,1,482312,123298,59214,48742,1.1421134536292563,0.2833178330620786
1124,0.5067892876822795,5,16,5,482328,123282,59219,48737,1.1419652450998554,0.2833233538155669
1125,0.5068339650080269,2,13,2,482341,123269,59221,48735,1.1418448256697173,0.2833364340364178
1126,0.5068671071141271,18,88,18,482429,123181,59239,48717,1.1410296787580125,0.283406438702021
1127,0.5069173957369656,195,764,195,483193,122417,59434,48522,1.1339527214791212,0.28385564441116423
1128,0.5069446415127332,5,11,5,483204,122406,59439,48517,1.133850828115158,0.28385296303013635
1129,0.5069692701854752,21,166,21,483370,122240,59460,48496,1.132313164622624,0.28404085840127447
1130,0.5069712976857146,0,3,0,483373,122237,59460,48496,1.1322853755233613,0.2840458493671405
1131,0.5069722663901207,6,24,6,483397,122213,59466,48490,1.13206306272926,0.2840606199070901
1132,0.5069982070450901,6,13,6,483410,122200,59472,48484,1.1319426432991218,0.28405708795200485
1133,0.5070770425333796,111,391,111,483801,121809,59583,48373,1.1283207973618883,0.28424275187740183
1134,0.5070858898761811,27,97,27,483898,121712,59610,48346,1.1274222831523955,0.2842912418116172
1135,0.5071097896988632,1,5,1,483903,121707,59611,48345,1.1273759679869577,0.28429539199774184
1136,0.5071202971024533,0,3,0,483906,121704,59611,48345,1.127348178887695,0.2843004075295944
1137,0.5071232111142219,0,1,0,483907,121703,59611,48345,1.1273389158546074,0.28430207941287167
1138,0.5072021094331193,0,1,0,483908,121702,59611,48345,1.12732965282152,0.2843037513158127
1139,0.5072118526084858,0,1,0,483909,121701,59611,48345,1.1273203897884323,0.28430542323841784
1140,0.5072349620710339,141,478,141,484387,121223,59752,48204,1.1228926599725815,0.2845119136855401
1141,0.5072910276743838,4,5,4,484392,121218,59756,48200,1.1228463448071437,0.2845034175825473
1142,0.5073014041758486,23,106,23,484498,121112,59779,48177,1.121864463299863,0.2845843498396234
1143,0.5073285776968735,6,47,6,484545,121065,59785,48171,1.1214291007447479,0.2846380202793732
1144,0.5073342091675884,3,12,3,484557,121053,59788,48168,1.1213179443476973,0.2846455227188115
1145,0.5073392437963654,10,35,10,484592,121018,59798,48158,1.1209937381896329,0.28466212701565236
1146,0.5073622354415305,1,0,1,484592,121018,59799,48157,1.1209937381896329,0.28465789862568347
1147,0.5073737929232159,1,4,1,484596,121014,59800,48156,1.1209566860572826,0.2846604007802802
1148,0.5073840033224918,2,14,2,484610,121000,59802,48154,1.1208270035940568,0.28467550279626846
1149,0.5074375546024158,4,7,4,484617,120993,59806,48150,1.120762162362444,0.28467036767705434
1150,0.5074410792607027,3,6,3,484623,120987,59809,48147,1.1207065841639186,0.284667778211359
1151,0.5074877851634231,1,3,1,484626,120984,59810,48146,1.120678795064656,0.2846685981197895
1152,0.5074912792590389,5,14,5,484640,120970,59815,48141,1.1205491126014302,0.284671014895542
1153,0.5075063414791541,4,3,4,484643,120967,59819,48137,1.1205213235021676,0.2846591446683698
1154,0.5075713135629406,64,292,64,484935,120675,59883,48073,1.1178165178406017,0.2848804133974921
1155,0.5076218763786748,1,2,1,484937,120673,59884,48072,1.1177979917744265,0.28487955198672554
1156,0.5076419530871149,24,116,24,485053,120557,59908,48048,1.1167234799362704,0.2849737552267133
1157,0.5076620246783422,113,385,113,485438,120172,60021,47935,1.113157212197562,0.28514577025346954
1158,0.5076771002173956,3,19,3,485457,120153,60024,47932,1.1129812145688984,0.28516524377547076
1159,0.5076883384828382,1,1,1,485458,120152,60025,47931,1.112971951535811,0.2851626874817798
1160,0.5077152734138768,0,6,0,485464,120146,60025,47931,1.1129163733372855,0.28517286719777246
1161,0.5077302000754569,481,1623,481,487087,118523,60506,47450,1.0978824706361852,0.2858898736541486
1162,0.5077408715977215,135,503,135,487590,118020,60641,47315,1.0932231649931454,0.2861765506396105
1163,0.5077753956606429,5,13,5,487603,118007,60646,47310,1.0931027455630071,0.2861774651124809
1164,0.5078041155136377,6,23,6,487626,117984,60652,47304,1.0928896958019934,0.2861913750544504
1165,0.5078237379991394,0,1,0,487627,117983,60652,47304,1.092880432768906,0.28619310653590424
1166,0.5078306069528032,6,18,6,487645,117965,60658,47298,1.0927136981733299,0.28619836260990056
1167,0.5078326091237377,0,5,0,487650,117960,60658,47298,1.0926673830078921,0.2862070217478125
1168,0.5079765005588268,0,1,0,487651,117959,60658,47298,1.0926581199748044,0.28620875363827253
1169,0.5079836459124637,3,29,3,487680,117930,60661,47295,1.0923894920152655,0.28624602814344074
1170,0.5079946390816058,4,21,4,487701,117909,60665,47291,1.0921949683204268,0.2862651331719128
1171,0.5080076908003995,15,55,15,487756,117854,60680,47276,1.0916855015006113,0.28629564585478107
1172,0.508009667558796,7,30,7,487786,117824,60687,47269,1.0914076105079846,0.28631740897554714
1173,0.5080451739302081,6,40,6,487826,117784,60693,47263,1.0910370891844825,0.2863608547868183
1174,0.5080537598752063,2,7,2,487833,117777,60695,47261,1.0909722479528696,0.2863643524521625
1175,0.5080810457500053,1,1,1,487834,117776,60696,47260,1.0909629849197822,0.28636176349402553
1176,0.5081148366634153,3,13,3,487847,117763,60699,47257,1.0908425654896439,0.28637134892740274
1177,0.5081534046552273,97,427,97,488274,117336,60796,47160,1.0868872503612583,0.28669390137146195
1178,0.5081543384919969,7,13,7,488287,117323,60803,47153,1.08676683093112,0.2866862034582553
1179,0.5081671198076503,7,32,7,488319,117291,60810,47146,1.0864704138723182,0.28671162816154516
1180,0.5081819346602454,3,19,3,488338,117272,60813,47143,1.0862944162436547,0.28673174588693245
1181,0.5081879015400492,6,22,6,488360,117250,60819,47137,1.0860906295157287,0.2867440856028761
1182,0.5082717636236196,100,376,100,488736,116874,60919,47037,1.0826077290748082,0.2869667075425078
1183,0.5082787129199073,3,12,3,488748,116862,60922,47034,1.0824965726777576,0.2869746668619124
1184,0.5082964934702205,0,2,0,488750,116860,60922,47034,1.0824780466115824,0.2869781688164301
1185,0.5083439075914784,1,0,1,488750,116860,60923,47033,1.0824780466115824,0.28697381828388036
1186,0.5083915974948809,6,32,6,488782,116828,60929,47027,1.0821816295527809,0.2870037533184828
1187,0.5084004247236527,0,1,0,488783,116827,60929,47027,1.0821723665196932,0.2870055049007043
1188,0.5084015892750944,2,5,2,488788,116822,60931,47025,1.0821260513542554,0.28700556006518274
1189,0.5084191429352413,10,96,10,488884,116726,60941,47015,1.0812368001778503,0.287130285023299
1190,0.5084805863536446,4,16,4,488900,116710,60945,47011,1.0810885916484494,0.2871409287751724
1191,0.5085300002219644,0,1,0,488901,116709,60945,47011,1.0810793286153617,0.2871426826288786
1192,0.5085334768760762,650,2625,650,491526,114084,61595,46361,1.0567638667605321,0.2889526005796379
1193,0.5085424634837251,3,9,3,491535,114075,61598,46358,1.0566804994627441,0.288955514139859
1194,0.5085478945926913,1,0,1,491535,114075,61599,46357,1.0566804994627441,0.2889510820783884
1195,0.5085782847959828,103,400,103,491935,113675,61702,46254,1.0529752862277224,0.2892158395287909
1196,0.5085818868458,7,52,7,491987,113623,61709,46247,1.0524936085071697,0.28927878901607557
1197,0.5085940516390705,2,3,2,491990,113620,61711,46245,1.0524658194079068,0.28927532605636
1198,0.5086240752233816,97,387,97,492377,113233,61808,46148,1.0488810256030234,0.28954517790702783
1199,0.5086354331506796,3,25,3,492402,113208,61811,46145,1.0486494497758345,0.2895772279153828
1200,0.5086540474962717,47,226,47,492628,112982,61858,46098,1.0465560042980473,0.28977872768418406
1201,0.5087511822736206,9,35,9,492663,112947,61867,46089,1.046231798139983,0.2898023089111899
1202,0.5087697363500947,16,39,16,492702,112908,61883,46073,1.0458705398495682,0.28980192601631644
1203,0.5087796695785166,12,13,12,492715,112895,61895,46061,1.0457501204194302,0.2897720123807846
1204,0.5087965644816405,1,0,1,492715,112895,61896,46060,1.0457501204194302,0.2897675442735365
1205,0.5087978031948961,518,2141,518,494856,110754,62414,45542,1.0259179665789766,0.29138301683984236
1206,0.5088008499081991,2,20,2,494876,110734,62416,45540,1.0257327059172254,0.2914112392336537
1207,0.5088295690828677,2,2,2,494878,110732,62418,45538,1.0257141798510505,0.2914059000447943
1208,0.5088452984215247,6,14,6,494892,110718,62424,45532,1.0255844973878248,0.2914048
1209,0.5088979627418222,0,2,0,494894,110716,62424,45532,1.0255659713216496,0.2914085300291844
1210,0.5089225393045431,12,35,12,494929,110681,62436,45520,1.0252417651635852,0.29141938912042814
1211,0.5089404658108779,423,1546,423,496475,109135,62859,45097,1.0109211160102265,0.29239716790289955
1212,0.5089494062501841,3,4,3,496479,109131,62862,45094,1.0108840638778762,0.29239098719403467
1213,0.5089575037877728,12,44,12,496523,109087,62874,45082,1.0104764904220238,0.2924193579772847
1214,0.5089576039628672,0,2,0,496525,109085,62874,45082,1.0104579643558487,0.29242315151751025
1215,0.5089850834146674,9,49,9,496574,109036,62883,45073,1.0100040757345585,0.29247480679259485
1216,0.5090054533968569,4,6,4,496580,109030,62887,45069,1.009948497536033,0.29246782912283664
1217,0.5090340117320478,0,2,0,496582,109028,62887,45069,1.0099299714698582,0.29247162501541235
1218,0.5090585230845891,1,3,1,496585,109025,62888,45068,1.0099021823705954,0.2924727275087123
1219,0.5090904607837254,6,16,6,496601,109009,62894,45062,1.0097539738411945,0.29247554698807693
1220,0.5091142266849289,1,13,1,496614,108996,62895,45061,1.0096335544110564,0.292495634732599
1221,0.5091351720400692,0,6,0,496620,108990,62895,45061,1.009577976212531,0.29250702689369107
1222,0.509148400935601,48,189,48,496809,108801,62943,45013,1.0078272629589833,0.2926456629435552
1223,0.5091619299139227,2,12,2,496821,108789,62945,45011,1.0077161065619327,0.2926592977893368
1224,0.5091780642221939,3,6,3,496827,108783,62948,45008,1.0076605283634072,0.2926569175049255
1225,0.509181811131221,24,70,24,496897,108713,62972,44984,1.0070121160472785,0.29267975302055343
1226,0.50919074850414,0,1,0,496898,108712,62972,44984,1.007002853014191,0.2926816572975224
1227,0.5091923120528532,453,1606,453,498504,107106,63425,44531,0.992126421875579,0.29366843184710856
1228,0.509202279092435,7,28,7,498532,107078,63432,44524,0.9918670569491275,0.2936900568594082
1229,0.5092580138611538,232,928,232,499460,106150,63664,44292,0.9832709622438771,0.2944124646042993
1230,0.5092881113960811,17,54,17,499514,106096,63681,44275,0.9827707584571492,0.29443842230217265
1231,0.5093387180557805,589,2639,589,502153,103457,64270,43686,0.9583256141390937,0.2968948573836336
1232,0.5093539570984591,0,3,0,502156,103454,64270,43686,0.9582978250398311,0.2969009106972951
1233,0.5093571975259953,0,4,0,502160,103450,64270,43686,0.9582607729074808,0.2969089821661592
1234,0.5093676861468018,4,13,4,502173,103437,64274,43682,0.9581403534773426,0.2969161019310898
1235,0.5093850762771613,1,1,1,502174,103436,64275,43681,0.958131090444255,0.29691334108226786
1236,0.5094272118379499,408,1593,408,503767,101843,64683,43273,0.9433750787357812,0.2981959260178064
1237,0.5094355267274551,4,10,4,503777,101833,64687,43269,0.9432824484049057,0.2981971302945514
1238,0.5095005163278832,2,20,2,503797,101813,64689,43267,0.9430971877431547,0.2982285635511442
1239,0.5095070646043645,0,5,0,503802,101808,64689,43267,0.9430508725777168,0.2982388419782871
1240,0.5095108709074647,3,42,3,503844,101766,64692,43264,0.9426618251880395,0.29831069433910223
1241,0.5095161657448901,3,28,3,503872,101738,64695,43261,0.942402460261588,0.298353781750219
1242,0.5095210526532491,1,0,1,503872,101738,64696,43260,0.942402460261588,0.29834894274403784
1243,0.5095528026867836,1,9,1,503881,101729,64697,43259,0.9423190929638001,0.298362623113637
1244,0.5095589446337445,730,2927,730,506808,98802,65427,42529,0.915206195116529,0.30091770383001604
1245,0.509567009998755,73,257,73,507065,98545,65500,42456,0.9128255956130276,0.30110424748760645
1246,0.5095836670459233,0,3,0,507068,98542,65500,42456,0.9127978065137649,0.3011106540518305
1247,0.5095876629973144,450,1667,450,508735,96875,65950,42006,0.8973563303568121,0.3024603797495698
1248,0.5096020833077866,616,2705,616,511440,94170,66566,41390,0.872299825854978,0.30532605488344644
1249,0.5096506030150219,71,291,71,511731,93879,66637,41319,0.8696042832264996,0.3056184263080815
1250,0.5096732688677343,1,0,1,511731,93879,66638,41318,0.8696042832264996,0.3056132902357301
1251,0.5097010776002157,3,9,3,511740,93870,66641,41315,0.8695209159287117,0.3056182268742834
1252,0.5097215730800528,0,9,0,511749,93861,66641,41315,0.8694375486309237,0.3056385748949518
1253,0.5097658029284124,16,45,16,511794,93816,66657,41299,0.8690207121419837,0.30565814306331646
1254,0.5097860686879583,227,937,227,512731,92879,66884,41072,0.8603412501389455,0.30661958477353657
1255,0.5098206120837443,7,30,7,512761,92849,66891,41065,0.8600633591463188,0.306652030407575
1256,0.5098261590875881,9,17,9,512778,92832,66900,41056,0.8599058875838305,0.30664435946462715
1257,0.5098384719503385,2,4,2,512782,92828,66902,41054,0.8598688354514802,0.3066431633826803
1258,0.5098481290535594,0,10,0,512792,92818,66902,41054,0.8597762051206047,0.3066660690809131
1259,0.5098731196395098,0,2,0,512794,92816,66902,41054,0.8597576790544296,0.3066706506312094
1260,0.5099227321232322,248,969,248,513763,91847,67150,40806,0.8507817999925896,0.30761460351443237
1261,0.5099543521960153,5,21,5,513784,91826,67155,40801,0.8505872762977509,0.30763720810996253
1262,0.5099850616425089,2,3,2,513787,91823,67157,40799,0.8505594871984883,0.30763372592782495
1263,0.509989222320288,1,0,1,513787,91823,67158,40798,0.8505594871984883,0.3076285052895092
1264,0.5100168070986927,5,13,5,513800,91810,67163,40793,0.8504390677683501,0.3076325573327904
1265,0.5100618064730377,78,302,78,514102,91508,67241,40715,0.8476416317759087,0.3079267600946885
1266,0.510081195469023,11,25,11,514127,91483,67252,40704,0.8474100559487199,0.30792740587198436
1267,0.5100948741655781,2,8,2,514135,91475,67254,40702,0.8473359516840194,0.3079355712415927
1268,0.5101347329036342,2,9,2,514144,91466,67256,40700,0.8472525843862314,0.30794606782379735
1269,0.5101679361974829,226,942,226,515086,90524,67482,40474,0.8385268072177554,0.30896654910761995
1270,0.5101707713919037,49,105,49,515191,90419,67531,40425,0.8375541887435622,0.30895570297453456
1271,0.5101905306180186,1,8,1,515199,90411,67532,40424,0.8374800844788618,0.3089693124928345
1272,0.5102309850415118,0,1,0,515200,90410,67532,40424,0.8374708214457742,0.30897167402968645
1273,0.5102334637817723,61,291,61,515491,90119,67593,40363,0.834775278817296,0.30933768642418114
1274,0.5102406508219659,0,12,0,515503,90107,67593,40363,0.8346641224202452,0.3093661378094581
1275,0.5102430800462985,3,3,3,515506,90104,67596,40360,0.8346363333209826,0.3093573706156488
1276,0.5102647331512185,16,58,16,515564,90046,67612,40344,0.8340990774019045,0.3094102308459238
1277,0.5102651171231849,265,1023,265,516587,89023,67877,40079,0.8246229945533365,0.3104444547721956
1278,0.5103055504173184,0,9,0,516596,89014,67877,40079,0.8245396272555485,0.3104660980843268
1279,0.5103114002039936,3,10,3,516606,89004,67880,40076,0.824446996924673,0.31047412457390766
1280,0.5103251193846724,96,410,96,517016,88594,67976,39980,0.8206491533587758,0.3109493365688242
1281,0.5103456260642822,113,355,113,517371,88239,68089,39867,0.817360776612694,0.3112032223315067
1282,0.5103671879778642,0,2,0,517373,88237,68089,39867,0.817342250546519,0.3112080809342409
1283,0.5103864560183324,2,12,2,517385,88225,68091,39865,0.8172310941494683,0.3112264813802795
1284,0.5103980998230235,1,2,1,517387,88223,68092,39864,0.8172125680832932,0.3112259636028637
1285,0.5104084696020326,101,356,101,517743,87867,68193,39763,0.8139149283041239,0.3115490088537178
1286,0.5104113589033201,13,54,13,517797,87813,68206,39750,0.8134147245173959,0.3116107335199078
1287,0.5104140130165502,1,3,1,517800,87810,68207,39749,0.8133869354181333,0.31161266551164557
1288,0.5104334903050549,2,4,2,517804,87806,68209,39747,0.8133498832857831,0.3116116437872884
1289,0.5104822304494483,92,327,92,518131,87479,68301,39655,0.8103208714661528,0.31191498733619644
1290,0.5105219287379177,689,2282,689,520413,85197,68990,38966,0.7891826299603543,0.31382940167360646
1291,0.5105254096604702,2,11,2,520424,85186,68992,38964,0.7890807365963911,0.31384615384615383
1292,0.5105359611881864,16,52,16,520476,85134,69008,38948,0.7885990588758383,0.3138892023017037
1293,0.51055562275372,7,26,7,520502,85108,69015,38941,0.7883582200155619,0.31391627502035485
1294,0.5105920834514718,15,59,15,520561,85049,69030,38926,0.7878117010633962,0.31398265779391005
1295,0.5106319011914491,45,99,45,520660,84950,69075,38881,0.7868946607877283,0.31398438193990197
1296,0.5106366987581775,73,288,73,520948,84662,69148,38808,0.7842269072585127,0.3143111687049486
1297,0.5106834648664014,115,417,115,521365,84245,69263,38693,0.7803642224610027,0.3147358831280808
1298,0.5107047624415435,2,4,2,521369,84241,69265,38691,0.7803271703286524,0.31473497543357304
1299,0.5107125788796469,141,395,141,521764,83846,69406,38550,0.7766682722590685,0.3149612732442237
1300,0.5107308130277937,0,1,0,521765,83845,69406,38550,0.776659009225981,0.3149638465623596
1301,0.5107345812222552,3,7,3,521772,83838,69409,38547,0.7765941679943681,0.31496506924868245
1302,0.5107466005686278,37,100,37,521872,83738,69446,38510,0.7756678646856127,0.31501537857470063
1303,0.51078630859064,1,1,1,521873,83737,69447,38509,0.7756586016525251,0.31501235214240136
1304,0.5107873365744585,0,14,0,521887,83723,69447,38509,0.7755289191892993,0.31504843248903724
1305,0.5108561062629773,24,63,24,521950,83660,69471,38485,0.7749453481047834,0.3150763436898768
1306,0.5108677521859466,5,22,5,521972,83638,69476,38480,0.7747415613768572,0.3151050623167756
1307,0.5108927515856581,168,482,168,522454,83156,69644,38312,0.7702767794286561,0.31540817334606647
1308,0.5108930082106709,140,358,140,522812,82798,69784,38172,0.7669606135833117,0.3155493097462181
1309,0.5109053565775478,6,4,6,522816,82794,69790,38166,0.7669235614509615,0.31552579365079364
1310,0.5109114781923136,39,105,39,522921,82689,69829,38127,0.7659509429767684,0.31557906237584427
1311,0.5109293805859585,4,12,4,522933,82677,69833,38123,0.7658397865797176,0.31558774834437087
1312,0.5109355232015874,546,1841,546,524774,80836,70379,37577,0.7487865426655304,0.31733846790470643
1313,0.5110046691657922,1,7,1,524781,80829,70380,37576,0.7487217014339175,0.3173514631983447
1314,0.5110123769783851,1,9,1,524790,80820,70381,37575,0.7486383341361296,0.31736982136069936
1315,0.5110864630047776,6,28,6,524818,80792,70387,37569,0.7483789692096781,0.3174102956210238
1316,0.511086858841827,13,47,13,524865,80745,70400,37556,0.7479436066545629,0.31746139085891073
1317,0.511102068677048,6,24,6,524889,80721,70406,37550,0.7477212938604617,0.3174911854977129
1318,0.5111093364005072,1,0,1,524889,80721,70407,37549,0.7477212938604617,0.3174854147290099
1319,0.5111214143575598,1,4,1,524893,80717,70408,37548,0.7476842417281114,0.31749038176975436
1320,0.5111379943309451,2,23,2,524916,80694,70410,37546,0.7474711919670977,0.3175405953991881
1321,0.5111775399874723,8,31,8,524947,80663,70418,37538,0.7471840379413835,0.31757768546797405
1322,0.5112807068497119,0,1,0,524948,80662,70418,37538,0.747174774908296,0.317580372250423
1323,0.5113002534502711,687,2308,687,527256,78354,71105,36851,0.7257956945422209,0.3198732693893494
1324,0.5113184209882373,1,4,1,527260,78350,71106,36850,0.7257586424098706,0.3198784722222222
1325,0.5113399299780362,16,49,16,527309,78301,71122,36834,0.7253047537885805,0.319920093802927
1326,0.5113597967515949,0,1,0,527310,78300,71122,36834,0.7252954907554929,0.31992287247902446
1327,0.511361120937114,3,1,3,527311,78299,71125,36831,0.7252862277224055,0.3199079301658994
1328,0.5113801700815445,3,17,3,527328,78282,71128,36828,0.725128756159917,0.3199374511336982
1329,0.5113826746602256,0,1,0,527329,78281,71128,36828,0.7251194931268294,0.31994023056407406
1330,0.511416723088219,1,0,1,527329,78281,71129,36827,0.7251194931268294,0.3199343225492581
1331,0.5114268695553544,45,75,45,527404,78206,71174,36782,0.7244247656452629,0.3198768567154834
1332,0.5114627404439539,760,2680,760,530084,75526,71934,36022,0.6995998369706177,0.3229282461361925
1333,0.5114723709789206,23,66,23,530150,75460,71957,35999,0.6989884767868391,0.3229797504014929
1334,0.5114769288645393,18,101,18,530251,75359,71975,35981,0.6980529104449961,0.32316328363571045
1335,0.5114832900452907,0,2,0,530253,75357,71975,35981,0.698034384378821,0.32316908872083205
1336,0.5114914311616399,5,17,5,530270,75340,71980,35976,0.6978769128163326,0.32318804125193146
1337,0.5115044605758223,19,68,19,530338,75272,71999,35957,0.6972470265663789,0.3232700105188395
1338,0.511530520899789,4,16,4,530354,75256,72003,35953,0.697098818036978,0.3232921795897814
1339,0.5115768095494845,28,69,28,530423,75187,72031,35925,0.6964596687539368,0.3233224134206926
1340,0.5115769978185117,1,6,1,530429,75181,72032,35924,0.6964040905554114,0.3233337833580847
1341,0.511614549753616,661,2320,661,532749,72861,72693,35263,0.6749138537922857,0.32613480818319707
1342,0.5116269489770848,5,2,5,532751,72859,72698,35258,0.6748953277261106,0.32610967747902736
1343,0.5116500293108446,12,29,12,532780,72830,72710,35246,0.6746266997665715,0.32612235834042713
1344,0.5116751492683042,97,266,97,533046,72564,72807,35149,0.6721627329652822,0.3263208712040329
1345,0.5117414429246272,82,247,82,533293,72317,72889,35067,0.6698747637926563,0.32655702898010874
1346,0.5117875657664701,3,10,3,533303,72307,72892,35064,0.6697821334617807,0.326568626537892
1347,0.5118330402453266,19,54,19,533357,72253,72911,35045,0.6692819296750528,0.32661372998564747
1348,0.511847954729661,4,24,4,533381,72229,72915,35041,0.6690596168809515,0.32666169478885054
1349,0.5118605059245585,5,7,5,533388,72222,72920,35036,0.6689947756493386,0.32665162505360906
1350,0.5118616757037895,2,6,2,533394,72216,72922,35034,0.6689391974508133,0.32665734265734264
1351,0.5118990627970949,2,20,2,533414,72196,72924,35032,0.6687539367890623,0.32670571119483716
1352,0.5119134067664242,95,314,95,533728,71882,73019,34937,0.6658453443995702,0.3270672820378397
1353,0.5119259272774717,4,12,4,533740,71870,73023,34933,0.6657341880025196,0.3270788273737629
1354,0.5119813078796336,2,7,2,533747,71863,73025,34931,0.6656693467709066,0.32708766410097945
1355,0.5119849053034806,22,64,22,533811,71799,73047,34909,0.6650765126533031,0.3271451062713199
1356,0.5119926266197912,122,436,122,534247,71363,73169,34787,0.6610378302271296,0.3277154969382949
1357,0.5120101534890451,8,17,8,534264,71346,73177,34779,0.6608803586646411,0.3277173144876325
1358,0.5120199762656498,1,1,1,534265,71345,73178,34778,0.6608710956315536,0.327714067638495
1359,0.5120654496429462,0,6,0,534271,71339,73178,34778,0.6608155174330282,0.3277325970391172
1360,0.5120710870530812,0,1,0,534272,71338,73178,34778,0.6608062543999407,0.32773568547627124
1361,0.512108037055589,4,7,4,534279,71331,73182,34774,0.6607414131683278,0.32773196362094154
1362,0.5121286309029277,0,1,0,534280,71330,73182,34774,0.6607321501352403,0.3277350524014175
1363,0.5121442437992627,5,56,5,534336,71274,73187,34769,0.6602134202823372,0.32787642748696283
1364,0.5121538223329576,5,20,5,534356,71254,73192,34764,0.6600281596205861,0.3279065819011866
1365,0.5121538699870645,130,408,130,534764,70846,73322,34634,0.6562488421208641,0.32834660599165716
1366,0.5122049225429879,2,4,2,534768,70842,73324,34632,0.6562117899885138,0.32834632231640026
1367,0.5122417990768748,3,14,3,534782,70828,73327,34629,0.6560821075252881,0.3283708051622936
1368,0.5122631612750397,6,10,6,534792,70818,73333,34623,0.6559894771944126,0.32836372947904513
1369,0.5122666470963619,37,86,37,534878,70732,73370,34586,0.6551928563488829,0.32839590573311306
1370,0.512272319528267,1,5,1,534883,70727,73371,34585,0.6551465411834451,0.3284051200243087
1371,0.5122843916284306,82,258,82,535141,70469,73453,34503,0.6527566786468562,0.32868765004001066
1372,0.5123026309774948,95,323,95,535464,70146,73548,34408,0.6497647189595761,0.32909310021615623
1373,0.5123191412914576,5,20,5,535484,70126,73553,34403,0.649579458297825,0.3291239751647868
1374,0.5123579412558955,81,300,81,535784,69826,73634,34322,0.6468005483715588,0.3295502554057687
1375,0.5123994974892393,13,46,13,535830,69780,73647,34309,0.6463744488495313,0.3296121588256204
1376,0.5124016563592161,24,71,24,535901,69709,73671,34285,0.645716773500315,0.3296824816816355
1377,0.5124866661392702,8,6,8,535907,69703,73679,34277,0.6456611953017897,0.32964993267936143
1378,0.5124972879363857,9,36,9,535943,69667,73688,34268,0.6453277261106377,0.3297060662914321
1379,0.5125058082779095,2,4,2,535947,69663,73690,34266,0.6452906739782874,0.3297058568830644
1380,0.5125145511313177,1,8,1,535955,69655,73691,34265,0.645216569713587,0.3297247882986913
1381,0.5125487028501082,34,69,34,536024,69586,73725,34231,0.6445774204305458,0.3297244189294624
1382,0.5126225482053467,0,1,0,536025,69585,73725,34231,0.6445681573974582,0.3297275949757263
1383,0.5126247903754668,2,7,2,536032,69578,73727,34229,0.6445033161658453,0.32973691562226054
1384,0.512643656318973,124,449,124,536481,69129,73851,34105,0.6403442143095335,0.33036596470155183
1385,0.5127569403584472,5,14,5,536495,69115,73856,34100,0.6402145318463077,0.33037833648210047
1386,0.5127992394384031,15,62,15,536557,69053,73871,34085,0.6396402237948794,0.3304795516686381
1387,0.5128164724316774,1,9,1,536566,69044,73872,34084,0.6395568564970914,0.33050190055077183
1388,0.5128542328781422,104,286,104,536852,68758,73976,33980,0.636907629034051,0.33074422316961594
1389,0.5128683435820695,21,42,21,536894,68716,73997,33959,0.6365185816443736,0.33074263452641833
1390,0.5129160073997389,43,118,43,537012,68598,74040,33916,0.6354255437400422,0.330842616618218
1391,0.512922822452663,4,19,4,537031,68579,74044,33912,0.6352495461113787,0.3308778331755959
1392,0.5129291205413243,8,6,8,537037,68573,74052,33904,0.6351939679128534,0.3308449700908497
1393,0.5129616810356856,123,412,123,537449,68161,74175,33781,0.6313775982807811,0.3313747032626395
1394,0.5129903912753904,10,28,10,537477,68133,74185,33771,0.6311182333543296,0.3314001413094677
1395,0.5129994004352714,4,12,4,537489,68121,74189,33767,0.6310070769572789,0.33141292399497485
1396,0.5130049836496082,1,1,1,537490,68120,74190,33766,0.6309978139241913,0.33140961466737334
1397,0.5130431604186279,115,446,115,537936,67674,74305,33651,0.6268665011671422,0.3321095484826055
1398,0.5131129015488494,115,367,115,538303,67307,74420,33536,0.6234669680240098,0.33255654829784914
1399,0.5131258366255709,15,37,15,538340,67270,74435,33521,0.6231242357997703,0.33257929775475986
1400,0.5131586534024473,4,9,4,538349,67261,74439,33517,0.6230408685019823,0.3325825080870825
1401,0.5131692487598295,1,12,1,538361,67249,74440,33516,0.6229297121049316,0.3326154914901007
1402,0.5132035878711887,0,1,0,538362,67248,74440,33516,0.6229204490718441,0.3326187924258664
1403,0.5132556206707245,0,3,0,538365,67245,74440,33516,0.6228926599725815,0.332628695626284
1404,0.5132601589925787,2,2,2,538367,67243,74442,33514,0.6228741339064063,0.33262205107337456
1405,0.51334899259846,3,3,3,538370,67240,74445,33511,0.6228463448071436,0.3326120832547568
1406,0.5133693001530246,0,1,0,538371,67239,74445,33511,0.6228370817740561,0.3326153846153846
1407,0.5134007905690094,140,402,140,538773,66837,74585,33371,0.6191133424728593,0.3330173239661504
1408,0.5135196826956759,44,102,44,538875,66735,74629,33327,0.6181685130979288,0.33306350062960965
1409,0.5135360465940296,1,4,1,538879,66731,74630,33326,0.6181314609655786,0.33307015001449175
1410,0.5136145526363468,2,1,2,538880,66730,74632,33324,0.618122197932491,0.333060147520339
1411,0.5138254712256256,5,12,5,538892,66718,74637,33319,0.6180110415354404,0.33306676529684015
1412,0.5138370637077365,26,100,26,538992,66618,74663,33293,0.617084738226685,0.3332265716487674
1413,0.5138393571629961,21,28,21,539020,66590,74684,33272,0.6168253733002335,0.33317978810758847
1414,0.5138720178186905,5,12,5,539032,66578,74689,33267,0.6167142169031827,0.33318643898041966
1415,0.5138947105742449,0,1,0,539033,66577,74689,33267,0.6167049538700953,0.333189776050639
1416,0.513983006177882,73,295,73,539328,66282,74762,33194,0.6139723591092667,0.3336885278861233
1417,0.5139954211430016,0,2,0,539330,66280,74762,33194,0.6139538330430916,0.33369523694633774
1418,0.5140172759495202,1,12,1,539342,66268,74763,33193,0.613842676646041,0.33372879822241885
1419,0.5140228498155316,2,5,2,539347,66263,74765,33191,0.6137963614806032,0.3337321776901884
1420,0.5140963563556992,1,1,1,539348,66262,74766,33190,0.6137870984475157,0.33372883401037684
1421,0.5141005814143458,5,10,5,539358,66252,74771,33185,0.6136944681166401,0.3337288936713698
1422,0.514149864048747,0,1,0,539359,66251,74771,33185,0.6136852050835525,0.33373224988937605
1423,0.5141925635426763,4,17,4,539376,66234,74775,33181,0.6135277335210642,0.333762510687522
1424,0.5142294965937999,3,20,3,539396,66214,74778,33178,0.6133424728593131,0.33380956213779783
1425,0.5143335318713403,9,27,9,539423,66187,74787,33169,0.613092370965949,0.3338399291436853
1426,0.5143673158734693,0,2,0,539425,66185,74787,33169,0.613073844899774,0.3338466493548322
1427,0.514409183156024,5,16,5,539441,66169,74792,33164,0.6129256363703731,0.3338668921707791
1428,0.5144528877782525,0,1,0,539442,66168,74792,33164,0.6129163733372855,0.3338702532919905
1429,0.514534647876866,1,9,1,539451,66159,74793,33163,0.6128330060394975,0.33389379996375423
1430,0.5145960769695345,1,3,1,539454,66156,74794,33162,0.6128052169402349,0.3338971787591373
1431,0.514628447487755,5,5,5,539459,66151,74799,33157,0.6127589017747972,0.3338804527329117
1432,0.5146470969543775,3,6,3,539465,66145,74802,33154,0.6127033235762718,0.33388050232127214
1433,0.5147196662792969,2,20,2,539485,66125,74804,33152,0.6125180629145207,0.3339343453166393
1434,0.514751495156716,9,23,9,539508,66102,74813,33143,0.6123050131535069,0.3339513325608343
1435,0.5147981574068315,1,8,1,539516,66094,74814,33142,0.6122309088888066,0.3339715425853521
1436,0.5148255695701965,8,14,8,539530,66080,74822,33134,0.6121012264255808,0.3339649646219284
1437,0.5149037209282715,29,93,29,539623,65987,74851,33105,0.6112397643484383,0.33408347798005894
1438,0.5149610403644352,1,1,1,539624,65986,74852,33104,0.6112305013153507,0.334080129175497
1439,0.5149705898169111,22,95,22,539719,65891,74874,33082,0.610350513172033,0.3342527760096188
1440,0.5149774061700216,49,212,49,539931,65679,74923,33033,0.6083867501574716,0.33464016532944324
1441,0.514988474919835,0,1,0,539932,65678,74923,33033,0.608377487124384,0.3346435554294861
1442,0.515004923943448,2,6,2,539938,65672,74925,33031,0.6083219089258587,0.33465041589414707
1443,0.51504389146959,1,0,1,539938,65672,74926,33030,0.6083219089258587,0.33464367490020464
1444,0.5150678635149805,0,2,0,539940,65670,74926,33030,0.6083033828596836,0.33465045592705167
1445,0.5151004100074829,106,318,106,540258,65352,75032,32924,0.6053577383378413,0.3350156701534454
1446,0.5151036227465745,1,1,1,540259,65351,75033,32923,0.6053484753047538,0.3350123125139915
1447,0.5151052086770789,2,19,2,540278,65332,75035,32921,0.6051724776760903,0.33506356040019136
1448,0.5151350978784454,192,690,192,540968,64642,75227,32729,0.5987809848456779,0.3361267728584486
1449,0.5151587217977065,2,5,2,540973,64637,75229,32727,0.5987346696802401,0.3361303972720924
1450,0.5151680434606282,0,1,0,540974,64636,75229,32727,0.5987254066471526,0.3361338496143299
1451,0.5152258188599116,1,0,1,540974,64636,75230,32726,0.5987254066471526,0.33612703107988745
1452,0.5152464036170875,9,36,9,541010,64600,75239,32717,0.5983919374560006,0.3361899770851958
1453,0.5153240324475016,0,2,0,541012,64598,75239,32717,0.5983734113898255,0.3361968863998356
1454,0.5153568350674386,3,13,3,541025,64585,75242,32714,0.5982529919596873,0.33622133834880114
1455,0.5153666728567647,0,2,0,541027,64583,75242,32714,0.5982344658935121,0.3362282495863182
1456,0.5154491794675413,2,21,2,541048,64562,75244,32712,0.5980399421986735,0.3362871887657545
1457,0.5154564144181155,44,140,44,541188,64422,75288,32668,0.596743117566416,0.3364713152744876
1458,0.5155274532414527,134,401,134,541589,64021,75422,32534,0.5930286412983067,0.33694785355496865
1459,0.5155412124673783,0,2,0,541591,64019,75422,32534,0.5930101152321317,0.33695483309684837
1460,0.5155484479969907,2,21,2,541612,63998,75424,32532,0.592815591537293,0.33701439966849683
1461,0.51556753700447,0,1,0,541613,63997,75424,32532,0.5928063285042054,0.3370178909964881
1462,0.5155752484785201,7,14,7,541627,63983,75431,32525,0.5926766460409797,0.33701869275086005
1463,0.515592794775717,25,71,25,541698,63912,75456,32500,0.5920189706917633,0.3370949674314401
1464,0.5156149238478999,214,665,214,542363,63247,75670,32286,0.5858590536885397,0.33795651764311807
1465,0.5156269910971669,2,10,2,542373,63237,75672,32284,0.5857664233576643,0.33797803624333916
1466,0.5156626352410305,4,15,4,542388,63222,75676,32280,0.5856274778613509,0.3380033925991079
1467,0.51570553656935,224,750,224,543138,62472,75900,32056,0.5786802030456852,0.33911645226811105
1468,0.5158017453936099,0,2,0,543140,62470,75900,32056,0.5786616769795102,0.3391236273617841
1469,0.5158292795771914,0,1,0,543141,62469,75900,32056,0.5786524139464226,0.33912721502248083
1470,0.5158447952257477,53,144,53,543285,62325,75953,32003,0.5773185371818148,0.3392735985073361
1471,0.5158592809423272,6,8,6,543293,62317,75959,31997,0.5772444329171144,0.33926034310918846
1472,0.5158605689897656,1,1,1,543294,62316,75960,31996,0.5772351698840268,0.3392569344304012
1473,0.5158775725359015,1,3,1,543297,62313,75961,31995,0.5772073807847642,0.3392607201934088
1474,0.5158790319023587,2,4,2,543301,62309,75963,31993,0.5771703286524139,0.33926109732561344
1475,0.5158903686725049,79,266,79,543567,62043,76042,31914,0.5747063618511246,0.33966601743350683
1476,0.5159062421203562,2,3,2,543570,62040,76044,31912,0.5746785727518618,0.33966280653950953
1477,0.5159992707213374,6,17,6,543587,62023,76050,31906,0.5745211011893735,0.3396821003098085
1478,0.516001487888259,0,1,0,543588,62022,76050,31906,0.5745118381562859,0.3396857167191892
1479,0.5160069772711016,2,10,2,543598,62012,76052,31904,0.5744192078254103,0.33970782401294775
1480,0.5160078802301344,229,695,229,544293,61317,76281,31675,0.5679813998295602,0.3406206985547144
1481,0.5160160861078245,125,341,125,544634,60976,76406,31550,0.5648227055467042,0.3409852365821499
1482,0.516019145512509,0,3,0,544637,60973,76406,31550,0.5647949164474415,0.34099629281367877
1483,0.5160226549231643,30,52,30,544689,60921,76436,31520,0.5643132387268888,0.34097424303068985
1484,0.5160343580088924,4,12,4,544701,60909,76440,31516,0.564202082329838,0.3409899918853124
1485,0.5160816354621076,232,766,232,545467,60143,76672,31284,0.5571065989847716,0.3421746311264725
1486,0.5160823334721327,0,1,0,545468,60142,76672,31284,0.557097335951684,0.3421783737667622
1487,0.51608798438427,2,1,2,545469,60141,76674,31282,0.5570880729185964,0.34216772584579375
1488,0.5160933150166306,4,11,4,545480,60130,76678,31278,0.5569861795546334,0.34218011552599337
1489,0.5161090290272871,217,574,217,546054,59556,76895,31061,0.5516691985623773,0.3427723274882197
1490,0.5161171485854499,1,2,1,546056,59554,76896,31060,0.5516506724962021,0.3427726399894056
1491,0.5161195191003332,91,214,91,546270,59340,76987,30969,0.5496683834154655,0.34292263229578446
1492,0.5161220986066506,32,65,32,546335,59275,77019,30937,0.5490662862647745,0.34293663814126724
1493,0.5161537142862743,2,6,2,546341,59269,77021,30935,0.5490107080662492,0.3429448804931045
1494,0.5161943634915918,0,2,0,546343,59267,77021,30935,0.5489921820000742,0.3429524844238487
1495,0.516201558858461,22,66,22,546409,59201,77043,30913,0.5483808218162955,0.3430432563197727
1496,0.5162262691414596,1,2,1,546411,59199,77044,30912,0.5483622957501204,0.3430435795851783
1497,0.5162369629793311,12,60,12,546471,59139,77056,30900,0.5478065137648672,0.3431846199980009
1498,0.5162536608209548,1,1,1,546472,59138,77057,30899,0.5477972507317797,0.3431811366438242
1499,0.5162618647508868,2,3,2,546475,59135,77059,30897,0.5477694616325169,0.3431779811622534
1500,0.516298609299663,136,392,136,546867,58743,77195,30761,0.5441383526621957,0.343682963889882
1501,0.5163377910399574,0,3,0,546870,58740,77195,30761,0.5441105635629331,0.34369448386051554
1502,0.5163610862596113,3,7,3,546877,58733,77198,30758,0.5440457223313202,0.34369936641673465
1503,0.516396246586078,0,1,0,546878,58732,77198,30758,0.5440364592982326,0.3437032070622416
1504,0.5163982467731081,693,1982,693,548860,56750,77891,30065,0.5256771277187002,0.34631112134999714
1505,0.5164231792992859,1,1,1,548861,56749,77892,30064,0.5256678646856127,0.34630758066188244
1506,0.516448191394028,5,17,5,548878,56732,77897,30059,0.5255103931231242,0.3463377539145764
1507,0.516476354181667,146,401,146,549279,56331,78043,29913,0.521795916855015,0.34684151941004593
1508,0.5164949006541905,17,95,17,549374,56236,78060,29896,0.5209159287116973,0.3470951562717689
1509,0.5165131289680892,1,6,1,549380,56230,78061,29895,0.520860350513172,0.34711175616835993
1510,0.5165210030465743,1,3,1,549383,56227,78062,29894,0.5208325614139093,0.34711626664808815
1511,0.5165230931536914,13,81,13,549464,56146,78075,29881,0.5200822557338175,0.34734443837399887
1512,0.5165870061788171,15,41,15,549505,56105,78090,29866,0.5197024713772278,0.3473962150027335
1513,0.51658882965968,4,13,4,549518,56092,78094,29862,0.5195820519470895,0.34741838657886775
1514,0.516603530540993,1,0,1,549518,56092,78095,29861,0.5195820519470895,0.3474107942712878
1515,0.5166570292028023,1,0,1,549518,56092,78096,29860,0.5195820519470895,0.3474032017870439
1516,0.5166731371711245,0,1,0,549519,56091,78096,29860,0.519572788914002,0.34740724366208653
1517,0.5167088780770148,16,105,16,549624,55986,78112,29844,0.5186001704398088,0.34771059070255156
1518,0.5167459807892294,38,136,38,549760,55850,78150,29806,0.5173403979399014,0.3479732885028486
1519,0.516749902718622,1,2,1,549762,55848,78151,29805,0.5173218718737264,0.34797380126790656
1520,0.5167508872538906,18,51,18,549813,55797,78169,29787,0.5168494571862611,0.3480440269209198
1521,0.5167548663094852,0,4,0,549817,55793,78169,29787,0.5168124050539109,0.34806029446132275
1522,0.5167636808334363,570,1556,570,551373,54237,78739,29217,0.5023991255696766,0.350097059457905
1523,0.5167686457065528,3,2,3,551375,54235,78742,29214,0.5023805995035014,0.35008208606454244
1524,0.5167918160213184,0,3,0,551378,54232,78742,29214,0.5023528104042387,0.35009467200345135
1525,0.5168315107222405,2,0,2,551378,54232,78744,29212,0.5023528104042387,0.3500790949618906
1526,0.5168911544324879,0,2,0,551380,54230,78744,29212,0.5023342843380637,0.3500874859183625
1527,0.5169143867951176,15,32,15,551412,54198,78759,29197,0.5020378672792619,0.3501049223574555
1528,0.5169179988279577,3,0,3,551412,54198,78762,29194,0.5020378672792619,0.3500815425940138
1529,0.5169213383937736,0,4,0,551416,54194,78762,29194,0.5020008151469117,0.3500983354919173
1530,0.5169255357107848,33,76,33,551492,54118,78795,29161,0.5012968246322576,0.3501603045185461
1531,0.5169755865502305,47,136,47,551628,53982,78842,29114,0.5000370521323502,0.35036584191778186
1532,0.5169765428634951,6,8,6,551636,53974,78848,29108,0.4999629478676498,0.3503526636335187
1533,0.5169973416606121,2,4,2,551640,53970,78850,29106,0.49992589573529955,0.35035389282103135
1534,0.5170053623436275,4,4,4,551644,53966,78854,29102,0.49988884360294933,0.35033948090720857
1535,0.5170784676567983,37,62,37,551706,53904,78891,29065,0.499314535551521,0.3503115621497186
1536,0.517082195364378,765,1994,765,553700,51910,79656,28300,0.4808440475749379,0.35282383742675477
1537,0.5170885295577798,35,72,35,553772,51838,79691,28265,0.480177109192634,0.3528581950738424
1538,0.5171222037682506,211,533,211,554305,51305,79902,28054,0.4752399125569677,0.35350747867286636
1539,0.5171538454377966,4,26,4,554331,51279,79906,28050,0.47499907369669125,0.353590742351473
1540,0.5171678170426636,3,6,3,554337,51273,79909,28047,0.47494349549816595,0.3535930408472012
1541,0.5172165179194296,49,136,49,554473,51137,79958,27998,0.47368372299825856,0.35380046755544325
1542,0.5172192565554534,5,22,5,554495,51115,79963,27993,0.47347993627033236,0.3538580168883046
1543,0.517224442752677,34,82,34,554577,51033,79997,27959,0.4727203675571529,0.3539472351630545
1544,0.5172266509918257,1,1,1,554578,51032,79998,27958,0.47271110452406534,0.3539435371566021
1545,0.5172351392118927,0,1,0,554579,51031,79998,27958,0.4727018414909778,0.3539480180784666
1546,0.5172541944551826,2,13,2,554592,51018,80000,27956,0.4725814220608396,0.3539899207334059
1547,0.5172586185817076,27,65,27,554657,50953,80027,27929,0.4719793249101486,0.354060495423544
1548,0.5172658990170114,4,17,4,554674,50936,80031,27925,0.47182185334766014,0.35410405650448257
1549,0.517278489846335,824,2261,824,556935,48675,80855,27101,0.45087813553670014,0.3576462204391892
1550,0.5173187114645745,2,5,2,556940,48670,80857,27099,0.45083182037126235,0.3576528659478151
1551,0.5173254120883619,0,2,0,556942,48668,80857,27099,0.45081329430508726,0.35766230680903294
1552,0.5173341352985561,0,1,0,556943,48667,80857,27099,0.4508040312719997,0.35766702742655015
1553,0.5173587625527982,0,7,0,556950,48660,80857,27099,0.4507391900403868,0.3577000752385855
1554,0.5173801334206425,5,12,5,556962,48648,80862,27094,0.4506280336433362,0.3577143460695519
1555,0.5174145050668958,40,69,40,557031,48579,80902,27054,0.44998888436029494,0.35770100353020506
1556,0.5174156536329091,1,4,1,557035,48575,80903,27053,0.4499518322279447,0.35771142962923785
1557,0.5174348741053099,1,0,1,557035,48575,80904,27052,0.4499518322279447,0.3577029367818372
1558,0.5174534664512886,0,1,0,557036,48574,80904,27052,0.44994256919485714,0.357707666675482
1559,0.5174535651458191,701,2021,701,559057,46553,81605,26351,0.43122197932491013,0.3614479315263909
1560,0.5174974139723476,1,1,1,559058,46552,81606,26350,0.4312127162918226,0.3614441304765301
1561,0.517499813015071,7,21,7,559079,46531,81613,26343,0.43101819259698393,0.3614869500782172
1562,0.5175035721108834,0,1,0,559080,46530,81613,26343,0.4310089295638964,0.36149191058416696
1563,0.5175690308617271,11,6,11,559086,46524,81624,26332,0.43095335136537105,0.3614252772592511
1564,0.517665722997284,197,564,197,559650,45960,81821,26135,0.4257290007039905,0.3625078022054234
1565,0.5176719084588708,1,7,1,559657,45953,81822,26134,0.4256641594723776,0.3625341601120868
1566,0.5176803538027573,0,1,0,559658,45952,81822,26134,0.42565489643929005,0.36253918930166745
1567,0.5176991821163937,1,9,1,559667,45943,81823,26133,0.4255715291415021,0.36257561462900273
1568,0.5177001078740019,2,4,2,559671,45939,81825,26131,0.42553447700915187,0.36257804911891217
1569,0.5177229732657784,1,8,1,559679,45931,81826,26130,0.4254603727444514,0.3626094558776592
1570,0.5177967029435402,1,1,1,559680,45930,81827,26129,0.4254511097113639,0.3626056425984263
1571,0.5178003024885424,4,8,4,559688,45922,81831,26125,0.42537700544666346,0.36261051813399586
1572,0.5178033723389904,1,2,1,559690,45920,81832,26124,0.4253584793804884,0.3626117372716673
1573,0.5178114405694787,5,12,5,559702,45908,81837,26119,0.4252473229834377,0.3626279034251045
1574,0.517831334164214,2,10,2,559712,45898,81839,26117,0.42515469265256217,0.3626605568284385
1575,0.517837585912338,8,15,8,559727,45883,81847,26109,0.42501574715624885,0.362665296144016
1576,0.5178377030005485,2,4,2,559731,45879,81849,26107,0.4249786950238986,0.3626677409496291
1577,0.5178537904089471,3,8,3,559739,45871,81852,26104,0.4249045907591982,0.36268148662730115
1578,0.5178679604570101,91,221,91,559960,45650,81943,26013,0.42285746044684874,0.3629906646386559
1579,0.5178884817997138,0,2,0,559962,45648,81943,26013,0.4228389343806736,0.36300079541173025
1580,0.5179041534530636,2,3,2,559965,45645,81945,26011,0.42281114528141095,0.36299821368761864
1581,0.51793134827953,0,1,0,559966,45644,81945,26011,0.4228018822483234,0.3630032796036564
1582,0.5179593920875976,4,8,4,559974,45636,81949,26007,0.42272777798362293,0.36300824923579417
1583,0.5179710200337357,10,20,10,559994,45616,81959,25997,0.42254251732187187,0.3630206806026839
1584,0.5179799660145887,6,6,6,560000,45610,81965,25991,0.42248693912334656,0.3629977234954819
1585,0.5179810950533128,5,14,5,560014,45596,81970,25986,0.4223572566601208,0.3630242239669191
1586,0.5179812040298034,67,203,67,560217,45393,82037,25919,0.4204768609433473,0.36345916535786404
1587,0.5179840612549658,227,638,227,560855,44755,82264,25692,0.4145670458334877,0.36469970332306556
1588,0.5180189205639798,190,607,190,561462,44148,82454,25502,0.4089443847493423,0.36614501076812633
1589,0.5180477980222893,7,15,7,561477,44133,82461,25495,0.40880543925302903,0.36616016545068075
1590,0.5181039946250884,2,8,2,561485,44125,82463,25493,0.4087313349883286,0.3661840328650636
1591,0.5181393858492394,0,1,0,561486,44124,82463,25493,0.408722071955241,0.3661892928451384
1592,0.5181570424099715,1,2,1,561488,44122,82464,25492,0.40870354588906593,0.3661907087654782
1593,0.5181821849978322,0,2,0,561490,44120,82464,25492,0.4086850198228908,0.36620122967304486
1594,0.5181883834243773,87,245,87,561735,43875,82551,25405,0.40641557671644,0.36670034642032334
1595,0.5181963521245004,108,230,108,561965,43645,82659,25297,0.40428507910630257,0.36693162368367616
1596,0.5182372480091194,0,4,0,561969,43641,82659,25297,0.40424802697395235,0.3669529142127709
1597,0.5182637894030414,0,2,0,561971,43639,82659,25297,0.40422950090777726,0.36696356040385286
1598,0.5182645939534427,0,1,0,561972,43638,82659,25297,0.4042202378746897,0.36696888373105097
1599,0.518267551889317,2,7,2,561979,43631,82661,25295,0.4041553966430768,0.36698778400023213
1600,0.5182745436044551,11,34,11,562013,43597,82672,25284,0.40384045351809994,0.3670678416399297
1601,0.5182784104382454,18,25,18,562038,43572,82690,25266,0.40360887769091114,0.3670356489148435
1602,0.5182987821907283,7,11,7,562049,43561,82697,25259,0.40350698432694804,0.3670299331589654
1603,0.5183295425004201,5,4,5,562053,43557,82702,25254,0.4034699321945978,0.367005275319353
1604,0.5183310274825849,6,10,6,562063,43547,82708,25248,0.4033773018637223,0.3670034159459263
1605,0.5183414536780507,0,2,0,562065,43545,82708,25248,0.40335877579754714,0.3670140857354673
1606,0.5183505241386497,13,47,13,562112,43498,82721,25235,0.4029234132424321,0.3671453304817191
1607,0.5183729495770655,69,188,69,562300,43310,82790,25166,0.4011819630219719,0.36751562591272857
1608,0.5184246745780923,76,238,76,562538,43072,82866,25090,0.398977361147134,0.3680936592236143
1609,0.518454869940441,67,236,67,562774,42836,82933,25023,0.39679128533847124,0.36874990789725753
1610,0.5185058192923422,2,3,2,562777,42833,82935,25021,0.3967634962392086,0.36874760515223864
1611,0.5185339939246559,92,270,92,563047,42563,83027,24929,0.39426247730556896,0.3693622947904937
1612,0.5185833284249951,9,14,9,563061,42549,83036,24920,0.3941327948423432,0.36935481480383586
1613,0.5185917685516319,19,83,19,563144,42466,83055,24901,0.3933639630960762,0.36963201567533066
1614,0.5186111410968414,103,252,103,563396,42214,83158,24798,0.39102967875801253,0.37005312481346625
1615,0.5186312164623981,6,17,6,563413,42197,83164,24792,0.3908722071955241,0.37009061189150455
1616,0.5186349654554123,109,238,109,563651,41959,83273,24683,0.3886676053206862,0.37038204135530145
1617,0.518706467668296,16,25,16,563676,41934,83289,24667,0.38843602949349737,0.37036981426705307
1618,0.5187164335602634,0,1,0,563677,41933,83289,24667,0.3884267664604098,0.37037537537537535
1619,0.5187224819620274,1,1,1,563678,41932,83290,24666,0.38841750342732223,0.3703714826271059
1620,0.5187494427623001,2,8,2,563686,41924,83292,24664,0.3883433991626218,0.3703970685408782
1621,0.5187617062756467,19,56,19,563742,41868,83311,24645,0.38782466930971876,0.37052906950520953
1622,0.518766121054941,1,7,1,563749,41861,83312,24644,0.3877598280781059,0.3705586046161943
1623,0.5187763789399067,72,255,72,564004,41606,83384,24572,0.3853977546407796,0.3713016410287407
1624,0.5187794175808896,3,5,3,564009,41601,83387,24569,0.3853514394753418,0.3713011938945141
1625,0.5188033681392282,0,1,0,564010,41600,83387,24569,0.38534217644225427,0.3713068053015763
1626,0.5188050670771499,12,31,12,564041,41569,83399,24557,0.38505502241654005,0.3713667846232949
1627,0.5188255224057112,1,6,1,564047,41563,83400,24556,0.38499944421801474,0.37139097687502837
1628,0.518881155338711,78,250,78,564297,41313,83478,24478,0.3826836859461262,0.37205696827833595
1629,0.518912925242641,6,8,6,564305,41305,83484,24472,0.3826095816814258,0.372044939720571
1630,0.5189276990152127,0,1,0,564306,41304,83484,24472,0.3826003186483382,0.37205059596205303
1631,0.518968450833834,13,78,13,564384,41226,83497,24459,0.381877802067509,0.37236812057547386
1632,0.5189839414096735,0,5,0,564389,41221,83497,24459,0.3818314869020712,0.3723964677222899
1633,0.5189999231318945,4,24,4,564413,41197,83501,24455,0.3816091741079699,0.37249436422348137
1634,0.5190080863377063,20,76,20,564489,41121,83521,24435,0.3809051835933158,0.3727347611202636
1635,0.5190863047586985,0,3,0,564492,41118,83521,24435,0.3808773944940531,0.3727518191387122
1636,0.5192183410571088,22,53,22,564545,41065,83543,24413,0.38038645374041274,0.37284278689025324
1637,0.5192436964462027,5,18,5,564563,41047,83548,24408,0.38021971914483677,0.37289741043464975
1638,0.5192765576430711,17,51,17,564614,40996,83565,24391,0.37974730445737154,0.37302521908024533
1639,0.5193184911820227,1,3,1,564617,40993,83566,24390,0.3797195153581089,0.3730327455148892
1640,0.5194262388932488,19,57,19,564674,40936,83585,24371,0.3791915224721183,0.37317592294853535
1641,0.5194463885635476,22,61,22,564735,40875,83607,24349,0.3786264774537775,0.3733135042315712
1642,0.5194465986497937,5,14,5,564749,40861,83612,24344,0.3784967949905517,0.3733456023311096
1643,0.5194817931511795,18,62,18,564811,40799,83630,24326,0.37792248693912334,0.3735278310940499
1644,0.5195126601148795,1,2,1,564813,40797,83631,24325,0.37790396087294825,0.3735296827493013
1645,0.5195798471327094,1,4,1,564817,40793,83632,24324,0.37786690874059803,0.3735430072024203
1646,0.5195885766827302,0,4,0,564821,40789,83632,24324,0.3778298566082478,0.3735659545712838
1647,0.5195901800116774,60,129,60,564950,40660,83692,24264,0.3766349253399533,0.37372928346990325
1648,0.5196399132432663,2,3,2,564953,40657,83694,24262,0.37660713624069064,0.3737272601241547
1649,0.5196577162221112,51,165,51,565118,40492,83745,24211,0.37507873578124423,0.37418666831522496
1650,0.519698663441386,2,3,2,565121,40489,83747,24209,0.3750509466819815,0.3741846734056694
1651,0.5197091957500344,3,7,3,565128,40482,83750,24206,0.37498610545036865,0.3741961414790997
1652,0.5197108044909312,19,53,19,565181,40429,83769,24187,0.3744951646967283,0.37431905410424665
1653,0.5197970674980061,56,150,56,565331,40279,83825,24131,0.3731057097335952,0.3746467939760907
1654,0.5198420784098305,62,120,62,565451,40159,83887,24069,0.37199414576308865,0.3747431026966432
1655,0.519848154810539,22,37,22,565488,40122,83909,24047,0.3716514135388492,0.3747448144742789
1656,0.5198543030573877,78,196,78,565684,39926,83987,23969,0.36983585905368854,0.37513107441896865
1657,0.5198795577443993,1,4,1,565688,39922,83988,23968,0.3697988069213383,0.375144780090781
1658,0.5199146434083592,1,1,1,565689,39921,83989,23967,0.36978954388825075,0.37514087152516906
1659,0.5199613609547795,63,170,63,565859,39751,84052,23904,0.36821482826336654,0.3755243107375697
1660,0.5199856479439248,417,912,417,566771,38839,84469,23487,0.35976694208751714,0.3768411256939319
1661,0.52000728424231,24,47,24,566818,38792,84493,23463,0.3593315795324021,0.37688539073166816
1662,0.5201029322441205,6,22,6,566840,38770,84499,23457,0.3591277928044759,0.37695855496810066
1663,0.5201087190112059,61,163,61,567003,38607,84560,23396,0.35761791841120455,0.3773365804880409
1664,0.5201166513234116,60,159,60,567162,38448,84620,23336,0.35614509615028345,0.3777029651689758
1665,0.5201170135785765,464,1079,464,568241,37369,85084,22872,0.3461502834488125,0.37967497219501667
1666,0.520158984248773,6,33,6,568274,37336,85090,22866,0.3458446033569232,0.3798212683963988
1667,0.5201672733312679,2,3,2,568277,37333,85092,22864,0.34581681425766053,0.3798195923384886
1668,0.5202344583643035,1,0,1,568277,37333,85093,22863,0.34581681425766053,0.3798092896537976
1669,0.5202889095907498,21,50,21,568327,37283,85114,22842,0.3453536626032828,0.3799085239085239
1670,0.5203582040319821,2,1,2,568328,37282,85116,22840,0.34534439957019525,0.37989421509597154
1671,0.5203840863600693,58,169,58,568497,37113,85174,22782,0.3437789469783986,0.3803656398697721
1672,0.5204200197953728,6,6,6,568503,37107,85180,22776,0.3437233687798733,0.3803416662491859
1673,0.5204460749340456,460,1037,460,569540,36070,85640,22316,0.33411760346807956,0.38221491453430617
1674,0.5204627189505767,0,5,0,569545,36065,85640,22316,0.3340712883026418,0.3822476490639078
1675,0.520469017575313,0,2,0,569547,36063,85640,22316,0.3340527622364667,0.38226074444577673
1676,0.5205329789796121,2,5,2,569552,36058,85642,22314,0.33400644707102894,0.3822723223463304
1677,0.5206052764158852,635,1307,635,570859,34751,86277,21679,0.3218996628255956,0.38417508417508417
1678,0.5206080492507869,511,1065,511,571924,33686,86788,21168,0.3120345325873504,0.3858971086885186
1679,0.5206375641788635,4,10,4,571934,33676,86792,21164,0.31194190225647483,0.38592268417213715
1680,0.5206780510083568,87,193,87,572127,33483,86879,21077,0.3101541368705769,0.38630865102639295
1681,0.5206940488585676,6,17,6,572144,33466,86885,21071,0.3099966653080885,0.3863615527073363
1682,0.5207535111129997,31,66,31,572210,33400,86916,21040,0.3093853051243099,0.38648052902277735
1683,0.5207766182298075,4,30,4,572240,33370,86920,21036,0.3091074141316833,0.38664853141197664
1684,0.5207892634470954,2,3,2,572243,33367,86922,21034,0.3090796250324206,0.3866473042774949
1685,0.5207955336640337,27,55,27,572298,33312,86949,21007,0.30857015821260514,0.3867339236731162
1686,0.5208296851954228,0,1,0,572299,33311,86949,21007,0.30856089517951757,0.38674104348466437
1687,0.5208533941428701,21,26,21,572325,33285,86970,20986,0.3083200563192412,0.3866890236037663
1688,0.5208913429373369,52,185,52,572510,33100,87022,20934,0.30660639519804367,0.3874227338342525
1689,0.5209731332773873,99,238,99,572748,32862,87121,20835,0.30440179332320577,0.3880105033800771
1690,0.5210572109836122,0,2,0,572750,32860,87121,20835,0.30438326725703063,0.38802495576869356
1691,0.521071122242493,13,16,13,572766,32844,87134,20822,0.3042350587276298,0.387992397421086
1692,0.5211053116055029,0,1,0,572767,32843,87134,20822,0.3042257956945422,0.38799962731761856
1693,0.5212006566567989,4,16,4,572783,32827,87138,20818,0.3040775871651413,0.38806971758784603
1694,0.5212295407021945,3,2,3,572785,32825,87141,20815,0.30405906109896624,0.38804996271439224
1695,0.5212738028085312,0,1,0,572786,32824,87141,20815,0.3040497980658787,0.38805719718861276
1696,0.5212810910874199,46,125,46,572911,32699,87187,20769,0.30289191892993444,0.3884379441909179
1697,0.5212896410676495,19,61,19,572972,32638,87206,20750,0.30232687391159363,0.3886641192777403
1698,0.5213229756954053,1,1,1,572973,32637,87207,20749,0.30231761087850606,0.3886599483010527
1699,0.5213503809927598,128,225,128,573198,32412,87335,20621,0.30023342843380635,0.38883336790300377
1700,0.5213539642632543,0,4,0,573202,32408,87335,20621,0.3001963763014561,0.38886269776914517
1701,0.5214172817793484,2,21,2,573223,32387,87337,20619,0.3000018526066175,0.38899369882654794
1702,0.5214512463284418,1,2,1,573225,32385,87338,20618,0.2999833265404424,0.388996849234949
1703,0.5214999872803437,5,7,5,573232,32378,87343,20613,0.29991848530882953,0.38899058330659925
1704,0.5215347056443941,0,5,0,573237,32373,87343,20613,0.29987217014339174,0.3890272902276073
1705,0.5216306705288017,17,29,17,573266,32344,87360,20596,0.29960354218385266,0.38904420098224407
1706,0.5216805120751029,0,1,0,573267,32343,87360,20596,0.29959427915076514,0.3890515498970513
1707,0.5216848702110498,1,0,1,573267,32343,87361,20595,0.29959427915076514,0.3890400090672107
1708,0.5216964750166816,25,60,25,573327,32283,87386,20570,0.2990384971655119,0.38919266645223544
1709,0.5217170738801379,70,114,70,573441,32169,87456,20500,0.2979825113935307,0.3892232622605328
1710,0.52173116383376,2,10,2,573451,32159,87458,20498,0.2978898810626552,0.38927398066733765
1711,0.5217673408032957,2,12,2,573463,32147,87460,20496,0.2977787246656045,0.38933951332560834
1712,0.521773361387251,52,97,52,573560,32050,87512,20444,0.29688021045611174,0.3894540328418486
1713,0.5218115064720232,3,1,3,573561,32049,87515,20441,0.29687094742302417,0.38942655743951227
1714,0.521838211572694,3,3,3,573564,32046,87518,20438,0.2968431583237615,0.3894139166222087
1715,0.521842555201789,3,4,3,573568,32042,87521,20435,0.2968061061914113,0.38940869333231704
1716,0.521846571873744,0,4,0,573572,32038,87521,20435,0.2967690540590611,0.38943837783240903
1717,0.5218649477942112,1,1,1,573573,32037,87522,20434,0.29675979102597355,0.389434163633245
1718,0.521869744638277,0,4,0,573577,32033,87522,20434,0.29672273889362333,0.38946385346980006
1719,0.5219331071237931,285,524,285,574101,31509,87807,20149,0.29186890955574496,0.3900460722443765
1720,0.5219435358143597,88,191,88,574292,31318,87895,20061,0.29009967023602207,0.3904513517195741
1721,0.5219690818326981,0,1,0,574293,31317,87895,20061,0.29009040720293455,0.3904589513021137
1722,0.5219775079414712,3,4,3,574297,31313,87898,20058,0.29005335507058433,0.3904537579568239
1723,0.5219937409675982,4,7,4,574304,31306,87902,20054,0.28998851383897145,0.39045950155763237
1724,0.5219979534982832,118,251,118,574555,31055,88020,19936,0.2876634925339953,0.39097095565884177
1725,0.5221846605708086,2,0,2,574555,31055,88022,19934,0.2876634925339953,0.3909470670144541
1726,0.5221958185038326,0,2,0,574557,31053,88022,19934,0.28764496646782023,0.3909624021809481
1727,0.5222579297470002,1,3,1,574560,31050,88023,19933,0.2876171773685576,0.39097346174214936
1728,0.5223368131369315,0,1,0,574561,31049,88023,19933,0.28760791433547,0.390981130595112
1729,0.5223663894778741,1,3,1,574564,31046,88024,19932,0.28758012523620735,0.39099219271058105
1730,0.522403702886374,3,11,3,574575,31035,88027,19929,0.28747823187224425,0.3910407346362138
1731,0.5224105211877113,1,5,1,574580,31030,88028,19928,0.28743191670680646,0.3910671533419679
1732,0.52245435849967,0,1,0,574581,31029,88028,19928,0.28742265367371894,0.39107482779598485
1733,0.5225236644232719,62,151,62,574732,30878,88090,19866,0.28602393567749823,0.3914945609333123
1734,0.5225778219675565,2,3,2,574735,30875,88092,19864,0.2859961465782356,0.3914937227773508
1735,0.5226150955554274,0,1,0,574736,30874,88092,19864,0.285986883545148,0.39150143876384563
1736,0.5226792475953657,2,1,2,574737,30873,88094,19862,0.2859776205120605,0.3914851680299596
1737,0.5226955257484271,1,0,1,574737,30873,88095,19861,0.2859776205120605,0.39147317380849134
1738,0.5227169023586472,8,17,8,574754,30856,88103,19853,0.28582014894957203,0.3915084107357668
1739,0.5227619409366421,15,55,15,574809,30801,88118,19838,0.2853106821297566,0.3917533916546535
1740,0.5227869380683619,64,147,64,574956,30654,88182,19774,0.2839490162658861,0.39212342349488377
1741,0.5227968367968104,5,10,5,574966,30644,88187,19769,0.28385638593501056,0.39214091603356277
1742,0.5228330301229777,8,16,8,574982,30628,88195,19761,0.2837081774056097,0.3921689257576058
1743,0.5228558451332989,4,9,4,574991,30619,88199,19757,0.2836248101078217,0.39219072574241703
1744,0.5228891932223172,9,11,9,575002,30608,88208,19748,0.2835229167438586,0.39216776550957183
1745,0.5229231248747725,2,23,2,575025,30585,88210,19746,0.2833098669828449,0.39232282291232046
1746,0.5229650360319968,1,0,1,575025,30585,88211,19745,0.2833098669828449,0.39231074905622887
1747,0.5229875936713526,0,1,0,575026,30584,88211,19745,0.2833006039497573,0.3923185439806076
1748,0.5229933209429493,226,506,226,575532,30078,88437,19519,0.27861350920745487,0.3935520293566143
1749,0.5230476033059377,9,14,9,575546,30064,88446,19510,0.2784838267442291,0.3935530721749304
1750,0.5230509919040159,52,119,52,575665,29945,88498,19458,0.2773815258068102,0.3938627208873955
1751,0.5231086026227924,1,6,1,575671,29939,88499,19457,0.2773259476082849,0.3938982913596243
1752,0.5231472245863376,1,0,1,575671,29939,88500,19456,0.2773259476082849,0.393886020852313
1753,0.5232254531639713,5,18,5,575689,29921,88505,19451,0.2771592130127089,0.3939682411083205
1754,0.5233225685147082,0,3,0,575692,29918,88505,19451,0.2771314239134462,0.39399218132836394
1755,0.523442547645143,225,515,225,576207,29403,88730,19226,0.2723609618733558,0.3953607929424829
1756,0.5235056844070254,6,12,6,576219,29391,88736,19220,0.2722498054763052,0.3953837608771677
1757,0.5235196897032861,1,5,1,576224,29386,88737,19219,0.2722034903108674,0.3954119946507561
1758,0.5235410200171083,28,39,28,576263,29347,88765,19191,0.27184223202045277,0.3953809386460093
1759,0.5235513907178324,14,26,14,576289,29321,88779,19177,0.27160139316017634,0.395418367767743
1760,0.5235691685605622,1,1,1,576290,29320,88780,19176,0.2715921301270888,0.3954140547674035
1761,0.523585283843204,3,6,3,576296,29314,88783,19173,0.27153655192856346,0.3954255779899767
1762,0.5236143587849683,0,1,0,576297,29313,88783,19173,0.27152728889547595,0.3954337334488306
1763,0.5236329677110743,5,6,5,576303,29307,88788,19168,0.2714717106969506,0.39542031975244973
1764,0.523664313207321,0,2,0,576305,29305,88788,19168,0.2714531846307755,0.395436634827636
1765,0.5236651168799851,2,5,2,576310,29300,88790,19166,0.2714068694653377,0.3954524821524368
1766,0.5237021472013864,40,99,40,576409,29201,88830,19126,0.27048982918966985,0.39576220332319406
1767,0.5237377899139222,0,1,0,576410,29200,88830,19126,0.27048056615658234,0.3957703927492447
1768,0.5237930747801782,3,7,3,576417,29193,88833,19123,0.27041572492496946,0.39579021442172363
1769,0.5237944571548964,253,553,253,576970,28640,89086,18870,0.26529326762755195,0.39717954114923176
1770,0.523814651854786,2,0,2,576970,28640,89088,18868,0.26529326762755195,0.3971541635093037
1771,0.5238526244832091,239,459,239,577429,28181,89327,18629,0.26104153544036457,0.3979705191198462
1772,0.5238579816731399,4,4,4,577433,28177,89331,18625,0.2610044833080144,0.39795307892825094
1773,0.5238950995349176,6,9,6,577442,28168,89337,18619,0.2609211160102264,0.3979524226815141
1774,0.5239147806737001,0,1,0,577443,28167,89337,18619,0.2609118529771388,0.3979609284828795
1775,0.5239741637157244,0,1,0,577444,28166,89337,18619,0.2609025899440513,0.3979694346478572
1776,0.5239785511049941,27,46,27,577490,28120,89364,18592,0.2604764904220238,0.3980133584517897
1777,0.5239804601013346,10,34,10,577524,28086,89374,18582,0.26016154729704694,0.39817433787606066
1778,0.5240584646025935,8,34,8,577558,28052,89382,18574,0.2598466041720701,0.39836142924548534
1779,0.5240748509808827,2,6,2,577564,28046,89384,18572,0.25979102597354475,0.3983868891844352
1780,0.524097897008145,1,0,1,577564,28046,89385,18571,0.25979102597354475,0.3983739837398374
1781,0.5241183630302542,5,15,5,577579,28031,89390,18566,0.2596520804772315,0.39843766766100824
1782,0.5241304101241107,5,15,5,577594,28016,89395,18561,0.25951313498091816,0.39850140627348263
1783,0.524152853834523,6,11,6,577605,28005,89401,18555,0.25941124161695506,0.39851804123711343
1784,0.5241605622288261,2,5,2,577610,28000,89403,18553,0.25936492645151726,0.39853500311472945
1785,0.5241950110093834,7,28,7,577638,27972,89410,18546,0.25910556152506575,0.39868438023990715
1786,0.5242309306441081,10,39,10,577677,27933,89420,18536,0.25874430323465114,0.39888958230217997
1787,0.5242777596145626,0,1,0,577678,27932,89420,18536,0.2587350402015636,0.3988981664801584
1788,0.5243157085753157,1,2,1,577680,27930,89421,18535,0.2587165141353885,0.39890239965565477
1789,0.5243671917660562,15,35,15,577715,27895,89436,18520,0.2583923079773241,0.3990089410750835
1790,0.5244069645754592,2,1,2,577716,27894,89438,18518,0.25838304494423653,0.39899164009307936
1791,0.5244209228699239,15,55,15,577771,27839,89453,18503,0.2578735781244211,0.3992706400241681
1792,0.5244614466504041,13,26,13,577797,27813,89466,18490,0.25763273926414465,0.39932617756948796
1793,0.5244817026656461,45,91,45,577888,27722,89511,18445,0.25678980325317724,0.39952780124331233
1794,0.5245945919174826,17,40,17,577928,27682,89528,18428,0.25641928192967506,0.3996530036868358
1795,0.5246121479869431,0,2,0,577930,27680,89528,18428,0.2564007558634999,0.3996703392036089
1796,0.5246314621805006,0,9,0,577939,27671,89528,18428,0.25631738856571196,0.39974836764354976
1797,0.5246872846682987,47,97,47,578036,27574,89575,18381,0.2554188743562192,0.39997823958219997
1798,0.5246882783065695,2,0,2,578036,27574,89577,18379,0.2554188743562192,0.39995212499727983
1799,0.5246889638304937,110,262,110,578298,27312,89687,18269,0.25299195968728,0.4008029661481758
1800,0.5247815140403237,26,41,26,578339,27271,89713,18243,0.2526121753306903,0.40082172518346004
1801,0.5247835928544125,1,23,1,578362,27248,89714,18242,0.25239912556967653,0.40101121125522093
1802,0.5247899024538519,13,27,13,578389,27221,89727,18229,0.2521490236763126,0.40107810781078107
1803,0.524813750959553,22,24,22,578413,27197,89749,18207,0.25192671088221125,0.40099991190203504
1804,0.5248366582567093,30,69,30,578482,27128,89779,18177,0.25128756159917004,0.4012139940403929
1805,0.5248532141868164,0,3,0,578485,27125,89779,18177,0.2512597724999074,0.40124056333053726
1806,0.5248653173488742,2,10,2,578495,27115,89781,18175,0.25116714216903185,0.40130271583130933
1807,0.5248722137960928,1,2,1,578497,27113,89782,18174,0.2511486161028567,0.40130721840704836
1808,0.5249318886598118,29,44,29,578541,27069,89811,18145,0.2507410426470043,0.40131375237758216
1809,0.5249934980044378,10,36,10,578577,27033,89821,18135,0.2504075734558524,0.4015010626992561
1810,0.525019252278278,18,33,18,578610,27000,89839,18117,0.2501018933639631,0.40155595451825254
1811,0.5250216888955707,3,6,3,578616,26994,89842,18114,0.2500463151654378,0.4015695663740356
1812,0.5250597013601171,42,96,42,578712,26898,89884,18072,0.24915706398903256,0.4018679119412942
1813,0.5250647106844852,3,6,3,578718,26892,89887,18069,0.24910148579050725,0.40188163074664707
1814,0.5250936867041169,1,4,1,578722,26888,89888,18068,0.24906443365815703,0.40190408399323785
1815,0.5251088736758385,2,8,2,578730,26880,89890,18066,0.24899032939345658,0.40194900547323453
1816,0.5251256386660375,23,47,23,578777,26833,89913,18043,0.24855496683834155,0.4020634637668241
1817,0.5251626214041164,104,196,104,578973,26637,90017,17939,0.24673941235318092,0.40243628858578606
1818,0.5251700778952009,1,4,1,578977,26633,90018,17938,0.2467023602208307,0.4024589980031859
1819,0.5251964198112894,16,29,16,579006,26604,90034,17922,0.24643373226129164,0.4025064007546153
1820,0.5252084379763053,0,1,0,579007,26603,90034,17922,0.24642446922820407,0.40251544076361595
1821,0.5252400794008751,1,0,1,579007,26603,90035,17921,0.24642446922820407,0.4025020213817267
1822,0.5252583117327307,1,2,1,579009,26601,90036,17920,0.24640594316202896,0.4025066822398419
1823,0.5252675587336457,2,1,2,579010,26600,90038,17918,0.24639668012894142,0.402488880902107
1824,0.5252786462891539,14,36,14,579046,26564,90052,17904,0.24606321093778946,0.4026266078978142
1825,0.5252830322604984,11,26,11,579072,26538,90063,17893,0.24582237207751306,0.40271432108212735
1826,0.525290686430018,15,37,15,579109,26501,90078,17878,0.24547963985327356,0.4028481939656144
1827,0.5253567501388164,2,0,2,579109,26501,90080,17876,0.24547963985327356,0.4028212812943642
1828,0.5253809833102276,1,0,1,579109,26501,90081,17875,0.24547963985327356,0.40280782404903553
1829,0.525400132914136,0,1,0,579110,26500,90081,17875,0.245470376820186,0.4028169014084507
1830,0.5254082548135096,0,1,0,579111,26499,90081,17875,0.24546111378709845,0.40282597917699553
1831,0.5254109935029065,11,28,11,579139,26471,90092,17864,0.24520174886064694,0.40293222059321077
1832,0.5254145217494879,1,0,1,579139,26471,90093,17863,0.24520174886064694,0.40291875310145714
1833,0.5254458313051533,0,1,0,579140,26470,90093,17863,0.24519248582755937,0.4029278415627185
1834,0.5254463617949362,17,33,17,579173,26437,90110,17846,0.2448868057356701,0.40299889348056817
1835,0.5255073232450143,1,3,1,579176,26434,90111,17845,0.2448590166364074,0.40301271483095824
1836,0.5255262852460028,14,39,14,579215,26395,90125,17831,0.2444977583459928,0.40317912540134765
1837,0.5255717600533766,12,41,12,579256,26354,90137,17819,0.2441179739894031,0.40339121182622867
1838,0.5255772972304626,1,7,1,579263,26347,90138,17818,0.2440531327577902,0.40344163930714366
1839,0.5256566598076684,1,2,1,579265,26345,90139,17817,0.2440346066916151,0.4034464018839726
1840,0.5256626281032407,6,26,6,579291,26319,90145,17811,0.2437937678313387,0.4036029911624745
1841,0.5256651764271332,1,0,1,579291,26319,90146,17810,0.2437937678313387,0.4035894763080967
1842,0.5256735688098659,2,9,2,579300,26310,90148,17808,0.2437104005335507,0.40364477084183326
1843,0.5257226617864189,64,121,64,579421,26189,90212,17744,0.24258957352995664,0.4038877381467234
1844,0.5257270569740194,1,3,1,579424,26186,90213,17743,0.24256178443069398,0.40390175055202715
1845,0.5257464139184614,1,2,1,579426,26184,90214,17742,0.24254325836451887,0.40390657014069115
1846,0.5257600294642849,4,7,4,579433,26177,90218,17738,0.242478417132906,0.40391665717864056
1847,0.5257816214038646,5,7,5,579440,26170,90223,17733,0.24241357590129312,0.40391317222057715
1848,0.5257930809527211,14,39,14,579479,26131,90237,17719,0.2420523176108785,0.4040820980615735
1849,0.5258004290543884,1,0,1,579479,26131,90238,17718,0.2420523176108785,0.404068507833702
1850,0.5258014793274409,2,6,2,579485,26125,90240,17716,0.24199673941235317,0.40409662188362494
1851,0.525806047639518,35,138,35,579623,25987,90275,17681,0.2407184408462707,0.4048960337088944
1852,0.5258224756242644,0,4,0,579627,25983,90275,17681,0.24068138871392047,0.40493312568706485
1853,0.5258230160737288,2,9,2,579636,25974,90277,17679,0.24059802141613248,0.404989347811147
1854,0.5259169517951054,10,28,10,579664,25946,90287,17669,0.24033865648968097,0.40511291986701825
1855,0.5259293114348665,5,10,5,579674,25936,90292,17664,0.24024602615880544,0.4051376146788991
1856,0.5259369070204537,50,107,50,579781,25829,90342,17614,0.23925488161843714,0.4054508206155192
1857,0.5259645868770768,0,3,0,579784,25826,90342,17614,0.23922709251917448,0.4054788213627993
1858,0.5259850927651817,49,157,49,579941,25669,90391,17565,0.23777279632442846,0.40627746680853033
1859,0.5259974672240201,26,48,26,579989,25621,90417,17539,0.23732817073622586,0.406371640407785
1860,0.525998122470238,1,1,1,579990,25620,90418,17538,0.23731890770313832,0.40636730154316697
1861,0.5260322588552053,2,5,2,579995,25615,90420,17536,0.23727259253770056,0.4063868740006025
1862,0.5260628343031533,0,1,0,579996,25614,90420,17536,0.23726332950461299,0.406396292004635
1863,0.5261544180021076,6,12,6,580008,25602,90426,17530,0.23715217310756234,0.4064267828990077
1864,0.5261551289390544,45,79,45,580087,25523,90471,17485,0.23642039349364555,0.4065522693452381
1865,0.526158152225489,46,108,46,580195,25415,90517,17439,0.2354199859201897,0.4069398422550987
1866,0.5261780371284216,0,1,0,580196,25414,90517,17439,0.23541072288710216,0.4069493384360488
1867,0.5261832420101722,2,2,2,580198,25412,90519,17437,0.23539219682092705,0.4069406520572242
1868,0.5262200789767593,45,172,45,580370,25240,90564,17392,0.23379895512986773,0.40795646462750984
1869,0.5262357536293762,0,1,0,580371,25239,90564,17392,0.23378969209678016,0.407966034106636
1870,0.526249120801159,4,9,4,580380,25230,90568,17388,0.23370632479899217,0.40799662114599466
1871,0.5262875523572152,1,7,1,580387,25223,90569,17387,0.2336414835673793,0.40804975357897205
1872,0.5263576114467486,2,5,2,580392,25218,90571,17385,0.23359516840194153,0.4080698542356172
1873,0.5263611990107044,1,2,1,580394,25216,90572,17384,0.23357664233576642,0.408075117370892
1874,0.5263642348089806,3,3,3,580397,25213,90575,17381,0.23354885323650376,0.40806216838052306
1875,0.5263969273300809,9,11,9,580408,25202,90584,17372,0.23344695987254066,0.40804246723352283
1876,0.5264129711264237,70,203,70,580611,24999,90654,17302,0.23156656415576715,0.40902106333183613
1877,0.5264390686435331,43,138,43,580749,24861,90697,17259,0.23028826558968468,0.4097578347578348
1878,0.5264454657910537,14,25,14,580774,24836,90711,17245,0.23005668976249583,0.40980490007366743
1879,0.5264571178247721,1,4,1,580778,24832,90712,17244,0.2300196376301456,0.4098298317330545
1880,0.5264853881985682,6,4,6,580782,24828,90718,17238,0.2299825854977954,0.4097846241620311
1881,0.5264856627912321,52,98,52,580880,24730,90770,17186,0.2290748082552151,0.4100104971848459
1882,0.5265600503105453,1,3,1,580883,24727,90771,17185,0.22904701915595244,0.41002576827638865
1883,0.5265628244445102,0,2,0,580885,24725,90771,17185,0.22902849308977732,0.4100453352421856
1884,0.5265728919962768,3,6,3,580891,24719,90774,17182,0.228972914891252,0.4100618123672466
1885,0.5266214495079078,4,15,4,580906,24704,90778,17178,0.2288339693949387,0.41015233274437707
1886,0.526645402165097,5,8,5,580914,24696,90783,17173,0.22875986513023824,0.41016026176885045
1887,0.5266561990225024,0,1,0,580915,24695,90783,17173,0.2287506020971507,0.41017005827839875
1888,0.5266716348464733,1,0,1,580915,24695,90784,17172,0.2287506020971507,0.4101559700957795
1889,0.5266839367754148,1,3,1,580918,24692,90785,17171,0.22872281299788802,0.410171272961804
1890,0.5267078600086919,109,163,109,581081,24529,90894,17062,0.2272129386046167,0.4102329830973047
1891,0.5267220478197869,59,112,59,581193,24417,90953,17003,0.22617547889881062,0.41050217286335106
1892,0.5267372226794866,10,6,10,581199,24411,90963,16993,0.22611990070028531,0.41041928316104725
1893,0.5267407501014005,13,32,13,581231,24379,90976,16980,0.22582348364148358,0.4105515123673203
1894,0.5267915074426477,28,69,28,581300,24310,91004,16952,0.22518433435844232,0.41083805923125394
1895,0.5267918782637301,133,186,133,581486,24124,91137,16819,0.22346141020415725,0.4107906113377134
1896,0.5268026619428833,133,167,133,581653,23957,91270,16686,0.2219144836785357,0.41055040228329603
1897,0.5269489582403881,4,6,4,581659,23951,91274,16682,0.2218589054800104,0.41055299879408363
1898,0.5269811531504389,0,1,0,581660,23950,91274,16682,0.22184964244692282,0.4105631029730262
1899,0.5270035220074991,149,179,149,581839,23771,91423,16533,0.22019155952425062,0.41020742358078605
1900,0.5270185996600363,0,2,0,581841,23769,91423,16533,0.2201730334580755,0.4102277802590442
1901,0.5270665616422235,43,79,43,581920,23690,91466,16490,0.21944125384415872,0.41040318566450973
1902,0.5271084400811328,12,28,12,581948,23662,91478,16478,0.2191818889177072,0.4105132037867464
1903,0.5271173933607954,139,190,139,582138,23472,91617,16339,0.2174219126310719,0.41041420712868304
1904,0.527141338745366,2,1,2,582139,23471,91619,16337,0.21741264959798437,0.4103948954983923
1905,0.5271804574205954,11,43,11,582182,23428,91630,16326,0.21701433917521953,0.41067565527997185
1906,0.5271900757237268,8,21,8,582203,23407,91638,16318,0.2168198154803809,0.4107740717432347
1907,0.5272484752960089,1,4,1,582207,23403,91639,16317,0.21678276334803068,0.41080060422960724
1908,0.5272823053510407,0,5,0,582212,23398,91639,16317,0.2167364481825929,0.41085232279994965
1909,0.527286454043287,13,20,13,582232,23378,91652,16304,0.21655118752084182,0.4108663877828738
1910,0.5273644605892426,1,2,1,582234,23376,91653,16303,0.2165326614546667,0.41087224980468257
1911,0.5273663149171681,2,1,2,582235,23375,91655,16301,0.21652339842157917,0.4108529085593306
1912,0.5273676348443003,0,1,0,582236,23374,91655,16301,0.2165141353884916,0.4108632640201638
1913,0.527403117353084,0,3,0,582239,23371,91655,16301,0.21648634628922894,0.4108943335349869
1914,0.5275098679045828,29,64,29,582303,23307,91684,16272,0.21589351217162547,0.41112711286288184
1915,0.5275285849277955,26,55,26,582358,23252,91710,16246,0.21538404535181,0.41131196516279306
1916,0.5275435426782725,28,46,28,582404,23206,91738,16218,0.2149579458297825,0.4113737824675325
1917,0.52755590526585,4,10,4,582414,23196,91742,16214,0.21486531549890697,0.4114184217203755
1918,0.527562566371617,15,33,15,582447,23163,91757,16199,0.21455963540701767,0.41153904781261114
1919,0.5275855302659557,1,2,1,582449,23161,91758,16198,0.21454110934084256,0.4115450087654666
1920,0.5275911731621241,65,100,65,582549,23061,91823,16133,0.21361480603208716,0.4116191253763331
1921,0.5276097245426598,0,2,0,582551,23059,91823,16133,0.21359627996591204,0.4116401306389059
1922,0.5276181837868843,0,1,0,582552,23058,91823,16133,0.21358701693282447,0.4116506340741497
1923,0.5277449089162138,15,17,15,582569,23041,91838,16118,0.21342954537033607,0.4116039735437575
1924,0.5277700942207385,18,48,18,582617,22993,91856,16100,0.21298491978213346,0.41183843654874275
1925,0.5278006740133854,27,72,27,582689,22921,91883,16073,0.21231798139982955,0.41219161922347025
1926,0.5278160915753405,34,73,34,582762,22848,91917,16039,0.21164177998443812,0.4124514619281508
1927,0.5279384191207658,269,440,269,583202,22408,92186,15770,0.20756604542591425,0.41306511603541307
1928,0.5279684810393175,324,619,324,583821,21789,92510,15446,0.20183222794471822,0.4148247616489862
1929,0.5279855115700242,2,2,2,583823,21787,92512,15444,0.2018137018785431,0.4148156106470414
1930,0.527994254159943,1,0,1,583823,21787,92513,15443,0.2018137018785431,0.4147998925597636
1931,0.5280036417204166,1,1,1,583824,21786,92514,15442,0.20180443884545557,0.4147953153540346
1932,0.5280635306764209,1,0,1,583824,21786,92515,15441,0.20180443884545557,0.4147795954549118
1933,0.5280744864589301,1,0,1,583824,21786,92516,15440,0.20180443884545557,0.41476387471122333
1934,0.5281231923706088,1,0,1,583824,21786,92517,15439,0.20180443884545557,0.41474815312290125
1935,0.5281766308709572,320,569,320,584393,21217,92837,15119,0.19653377301863723,0.41608872743284897
1936,0.5281920130299996,0,1,0,584394,21216,92837,15119,0.19652450998554966,0.4161001788908766
1937,0.5282211808033802,0,1,0,584395,21215,92837,15119,0.1965152469524621,0.4161116309792481
1938,0.5282550772452763,1,0,1,584395,21215,92838,15118,0.1965152469524621,0.41609556050972946
1939,0.5282707110659145,5,7,5,584402,21208,92843,15113,0.19645040572084924,0.416095371823463
1940,0.5282795056933861,0,1,0,584403,21207,92843,15113,0.1964411426877617,0.4161068281938326
1941,0.5283119053491128,430,684,430,585087,20523,93273,14683,0.19010522805587463,0.4170595921149804
1942,0.528338125747697,5,12,5,585099,20511,93278,14678,0.18999407165882395,0.417118986046776
1943,0.528352455650819,31,25,31,585124,20486,93309,14647,0.1897624958316351,0.4169014886289244
1944,0.5284463781445053,348,589,348,585713,19897,93657,14299,0.1843065693430657,0.4181483214411042
1945,0.5284913237568355,1,1,1,585714,19896,93658,14298,0.18429730630997815,0.41814353395332515
1946,0.528496388028233,0,1,0,585715,19895,93658,14298,0.18428804327689058,0.4181557628754423
1947,0.5285426406061641,3,8,3,585723,19887,93661,14295,0.18421393901219016,0.4182025627523258
1948,0.5285815951240955,1,1,1,585724,19886,93662,14294,0.1842046759791026,0.4181977764774722
1949,0.528626798354179,1,13,1,585737,19873,93663,14293,0.1840842565489644,0.4183398700462448
1950,0.5286498523177404,1,1,1,585738,19872,93664,14292,0.18407499351587683,0.4183350895679663
1951,0.5286910844627233,7,5,7,585743,19867,93671,14285,0.18402867835043907,0.4182771140782385
1952,0.5287062065856213,0,3,0,585746,19864,93671,14285,0.1840008892511764,0.41831385984948316
1953,0.5287146247759773,0,3,0,585749,19861,93671,14285,0.18397310015191373,0.41835061207754937
1954,0.528777306547665,1,0,1,585749,19861,93672,14284,0.18397310015191373,0.41833357739054033
1955,0.5290101128645116,19,35,19,585784,19826,93691,14265,0.18364889399384934,0.4184388841629756
1956,0.5291421810088525,6,8,6,585792,19818,93697,14259,0.18357478972914892,0.41843472136631743
1957,0.5291498767016448,2,4,2,585796,19814,93699,14257,0.1835377375967987,0.4184497079627836
1958,0.5291534310858882,226,368,226,586164,19446,93925,14031,0.18012894142057875,0.4191235773814858
1959,0.5291874125825243,74,115,74,586279,19331,93999,13957,0.17906369261551003,0.41928022110069696
1960,0.5291970973512188,5,6,5,586285,19325,94004,13952,0.1790081144169847,0.41926856387294525
1961,0.5292895523919788,1,1,1,586286,19324,94005,13951,0.17899885138389715,0.41926371149511643
1962,0.5293490007320447,4,7,4,586293,19317,94009,13947,0.17893401015228427,0.41928210678210676
1963,0.5293572090211673,1,6,1,586299,19311,94010,13946,0.17887843195375894,0.4193402892624109
1964,0.5293590872536729,8,13,8,586312,19298,94018,13938,0.17875801252362072,0.41936454446985194
1965,0.5293675409944105,2,9,2,586321,19289,94020,13936,0.17867464522583273,0.41944319036869826
1966,0.52936981408641,2,2,2,586323,19287,94022,13934,0.17865611915965765,0.4194334908642124
1967,0.5293834421702241,1,0,1,586323,19287,94023,13933,0.17865611915965765,0.419416014449127
1968,0.5294012067816165,0,2,0,586325,19285,94023,13933,0.17863759309348254,0.4194412667830694
1969,0.5294350699638045,216,422,216,586747,18863,94239,13717,0.17472859313053465,0.42102516881522406
1970,0.5295163241341319,260,413,260,587160,18450,94499,13457,0.1709029604653748,0.4217569812266901
1971,0.5295660324398328,73,104,73,587264,18346,94572,13384,0.16993960502426914,0.4218090135518437
1972,0.5296651081799524,3,1,3,587265,18345,94575,13381,0.1699303419911816,0.42176763537792344
1973,0.5297259328529015,69,111,69,587376,18234,94644,13312,0.16890214531846307,0.4219869397070944
1974,0.5297958979200393,0,2,0,587378,18232,94644,13312,0.16888361925228798,0.4220136951559726
1975,0.5298066587331676,228,459,228,587837,17773,94872,13084,0.1646318870651006,0.4240204815763036
1976,0.5298417064399703,2,2,2,587839,17771,94874,13082,0.16461336099892548,0.4240106310569475
1977,0.5298709973785886,234,418,234,588257,17353,95108,12848,0.16074141316832782,0.4254163769411609
1978,0.5299197431893281,4,7,4,588264,17346,95112,12844,0.16067657193671495,0.4254388870486916
1979,0.5299219197203573,0,3,0,588267,17343,95112,12844,0.1606487828374523,0.4254811673899361
1980,0.5299572622093198,3,1,3,588268,17342,95115,12841,0.16063951980436475,0.4254381605539542
1981,0.5300637520256065,4,7,4,588275,17335,95119,12837,0.16057467857275187,0.4254606920323479
1982,0.5301394404770072,1,0,1,588275,17335,95120,12836,0.16057467857275187,0.4254416492658513
1983,0.5301581393782461,20,37,20,588312,17298,95140,12816,0.16023194634851234,0.4255827854154214
1984,0.5302069793831474,12,39,12,588351,17259,95152,12804,0.15987068805809773,0.42590559824368823
1985,0.5302509753499467,86,115,86,588466,17144,95238,12718,0.158805439253029,0.4258924385506664
1986,0.5304225407193519,0,1,0,588467,17143,95238,12718,0.15879617621994147,0.42590670104818995
1987,0.5304462895552535,0,1,0,588468,17142,95238,12718,0.1587869131868539,0.4259209645010047
1988,0.5304901132967857,85,115,85,588583,17027,95323,12633,0.15772166438178517,0.42592717464598784
1989,0.5305514021081288,9,39,9,588622,16988,95332,12624,0.15736040609137056,0.42631365662569226
1990,0.530563636786629,3,6,3,588628,16982,95335,12621,0.15730482789284522,0.4263419248049184
1991,0.5305825977477431,6,9,6,588637,16973,95341,12615,0.15722146059505723,0.42635527916723
1992,0.5306393026006962,1,5,1,588642,16968,95342,12614,0.15717514542961947,0.4264079507808803
1993,0.5306440277253517,4,7,4,588649,16961,95346,12610,0.1571103041980066,0.42643130093672854
1994,0.530697998399441,0,1,0,588650,16960,95346,12610,0.15710104116491905,0.4264457220155563
1995,0.5307577148526914,3,6,3,588656,16954,95349,12607,0.1570454629663937,0.4264740705659484
1996,0.5308335617852903,2,6,2,588662,16948,95351,12605,0.1569898847678684,0.42652184211416777
1997,0.5308670830162743,1,0,1,588662,16948,95352,12604,0.1569898847678684,0.4265024363833243
1998,0.5308853618997469,73,123,73,588785,16825,95425,12531,0.15585053169809923,0.42686333287913886
1999,0.5309279100219765,9,10,9,588795,16815,95434,12522,0.15575790136722367,0.4268330095101749
2000,0.5309367269647375,1,2,1,588797,16813,95435,12521,0.1557393753010486,0.4268425717597327
2001,0.5309742106009312,1,0,1,588797,16813,95436,12520,0.1557393753010486,0.42682303207991
2002,0.5309767333802364,8,41,8,588838,16772,95444,12512,0.15535959094445886,0.42726403496790055
2003,0.5310102963929054,0,6,0,588844,16766,95444,12512,0.15530401274593353,0.427351595054307
2004,0.5310106007152501,0,1,0,588845,16765,95444,12512,0.155294749712846,0.4273661918912457
2005,0.5310969755046794,6,11,6,588856,16754,95450,12506,0.15519285634888288,0.4274094326725906
2006,0.5312137130773457,1,1,1,588857,16753,95451,12505,0.15518359331579532,0.4274044705721512
2007,0.5312732630010853,23,18,23,588875,16735,95474,12482,0.15501685872021934,0.4272170311804771
2008,0.5313076255273956,2,9,2,588884,16726,95476,12480,0.15493349142243137,0.42730945696089845
2009,0.5313259400667157,12,12,12,588896,16714,95488,12468,0.1548223350253807,0.42724967445685696
2010,0.5313430382159973,6,9,6,588905,16705,95494,12462,0.1547389677275927,0.4272636884149895
2011,0.531351662484702,7,13,7,588918,16692,95501,12455,0.15461854829745453,0.4273167049782139
2012,0.5314944530327192,0,1,0,588919,16691,95501,12455,0.15460928526436696,0.427331366225211
2013,0.5314983007140873,0,3,0,588922,16688,95501,12455,0.1545814961651043,0.42737535600315685
2014,0.5315593626696862,2,2,2,588924,16686,95503,12453,0.1545629700989292,0.42736538659528467
2015,0.5315731932391918,1,0,1,588924,16686,95504,12452,0.1545629700989292,0.4273457340929371
2016,0.5315900109694525,2,0,2,588924,16686,95506,12450,0.1545629700989292,0.42730642504118616
2017,0.531620103806885,6,7,6,588931,16679,95512,12444,0.15449812886731631,0.4272911444562717
2018,0.5316260667437215,2,7,2,588938,16672,95514,12442,0.15443328763570344,0.42735453733598955
2019,0.5316474645984084,0,1,0,588939,16671,95514,12442,0.15442402460261587,0.4273692165012194
2020,0.5317993665457726,3,3,3,588942,16668,95517,12439,0.1543962355033532,0.4273542446834095
2021,0.5318193019257971,3,9,3,588951,16659,95520,12436,0.15431286820556522,0.42742739302285615
2022,0.5318216797598172,1,8,1,588959,16651,95521,12435,0.1542387639408648,0.4275252698892938
2023,0.5319215041337927,1,0,1,588959,16651,95522,12434,0.1542387639408648,0.42750558707237407
2024,0.531961024371656,18,20,18,588979,16631,95540,12416,0.1540535032791137,0.42744517506110785
2025,0.5319629142755572,6,13,6,588992,16618,95546,12410,0.1539330838489755,0.4275182582334298
2026,0.5319677859502956,2,16,2,589008,16602,95548,12408,0.15378487531957463,0.4277145811789038
2027,0.5319841053059127,1,2,1,589010,16600,95549,12407,0.15376634925339952,0.4277243424001103
2028,0.5319947782668939,1,0,1,589010,16600,95550,12406,0.15376634925339952,0.427704612838723
2029,0.5320292867692518,1,1,1,589011,16599,95551,12405,0.15375708622031198,0.42769962763756725
2030,0.5320512253587384,0,1,0,589012,16598,95551,12405,0.15374782318722444,0.42771437437506465
2031,0.5321309021842995,0,1,0,589013,16597,95551,12405,0.15373856015413687,0.4277291221295083
2032,0.5321815361327309,1,3,1,589016,16594,95552,12404,0.1537107710548742,0.42775363818194356
2033,0.5322095125924351,2,1,2,589017,16593,95554,12402,0.15370150802178664,0.42772891877909985
2034,0.5322359992233043,2,7,2,589024,16586,95556,12400,0.15363666679017376,0.4277927275236321
2035,0.532269825530579,0,2,0,589026,16584,95556,12400,0.15361814072399865,0.42782224675683134
2036,0.5323057424631239,4,10,4,589036,16574,95560,12396,0.15352551039312312,0.42789092164307907
2037,0.5323091397302413,0,6,0,589042,16568,95560,12396,0.15346993219459779,0.4279795608341389
2038,0.5323855519642041,3,6,3,589048,16562,95563,12393,0.15341435399607248,0.428008979450872
2039,0.5324217230296692,1,1,1,589049,16561,95564,12392,0.1534050909629849,0.42800400649328224
2040,0.5324457259673994,29,26,29,589075,16535,95593,12363,0.1531642521027085,0.42781507370752303
2041,0.5324836716339678,0,1,0,589076,16534,95593,12363,0.15315498906962097,0.42782987853410387
2042,0.5325070376514209,7,11,7,589087,16523,95600,12356,0.15305309570565787,0.42785415007444855
2043,0.5325325705404875,70,105,70,589192,16418,95670,12286,0.15208047723146467,0.42802396878483834
2044,0.5325363415127944,12,31,12,589223,16387,95682,12274,0.15179332320575048,0.4282474442622379
2045,0.5325574928899778,1,15,1,589238,16372,95683,12273,0.15165437770943718,0.4284517367777972
2046,0.5325677776724694,11,26,11,589264,16346,95694,12262,0.15141353884916076,0.42862136465324385
2047,0.5325688703446503,11,26,11,589290,16320,95705,12251,0.15117269998888436,0.42879143187147806
2048,0.5326039198190833,8,31,8,589321,16289,95713,12243,0.1508855459631702,0.4290971540726202
2049,0.5327016462083521,3,4,3,589325,16285,95716,12240,0.15084849383081997,0.42909728308501316
2050,0.5327032555670016,1,0,1,589325,16285,95717,12239,0.15084849383081997,0.42907726826532044
2051,0.532760286231119,1,4,1,589329,16281,95718,12238,0.15081144169846974,0.4291174304849399
2052,0.5328265545971587,14,20,14,589349,16261,95732,12224,0.15062618103671865,0.4291381428822187
2053,0.5328523450573484,1,2,1,589351,16259,95733,12223,0.15060765497054354,0.4291482339723334
2054,0.5328780498433318,3,4,3,589355,16255,95736,12220,0.15057060283819335,0.42914837576821774
2055,0.5329169780919003,22,42,22,589397,16213,95758,12198,0.15018155544851605,0.42934074830171415
2056,0.5329586587064588,0,1,0,589398,16212,95758,12198,0.1501722924154285,0.4293558606124604
2057,0.5329895542625652,9,8,9,589406,16204,95767,12189,0.15009818815072806,0.4292959532279083
2058,0.5330130906665649,1,2,1,589408,16202,95768,12188,0.15007966208455298,0.42930609369496303
2059,0.5330961098139128,77,87,77,589495,16115,95845,12111,0.14927377820593576,0.42907248636009354
2060,0.533106370231563,66,79,66,589574,16036,95911,12045,0.14854199859201897,0.42893771589330865
2061,0.53310908694052,15,7,15,589581,16029,95926,12030,0.1484771573604061,0.42873944189030255
2062,0.5331238623355326,2,3,2,589584,16026,95928,12028,0.14844936826114344,0.4287445640550367
2063,0.5331391625150641,5,9,5,589593,16017,95933,12023,0.14836600096335545,0.4287803138373752
2064,0.5331398674761813,9,16,9,589609,16001,95942,12014,0.14821779243395458,0.4288416919507407
2065,0.5331679077146456,2,0,2,589609,16001,95944,12012,0.14821779243395458,0.4288009138614215
2066,0.5332230518857257,1,0,1,589609,16001,95945,12011,0.14821779243395458,0.4287805226331572
2067,0.5332750648782347,42,20,42,589629,15981,95987,11969,0.1480325317722035,0.42822898032200357
2068,0.5332883330628548,2,14,2,589643,15967,95989,11967,0.14790284930897774,0.42840266342092076
2069,0.5332937790330345,4,15,4,589658,15952,95993,11963,0.1477639038126644,0.4285509582661651
2070,0.5333545329794291,2,12,2,589670,15940,95995,11961,0.14765274741561377,0.42869431203182684
2071,0.5333548667096085,2,3,2,589673,15937,95997,11959,0.1476249583163511,0.4286994551190135
2072,0.5333686465468735,6,21,6,589694,15916,96003,11953,0.14743043462151248,0.428899494061502
2073,0.5334484717180578,1,2,1,589696,15914,96004,11952,0.14741190855533737,0.42890978253068257
2074,0.5335440554041508,0,2,0,589698,15912,96004,11952,0.14739338248916226,0.4289405684754522
2075,0.5335667863983294,1,5,1,589703,15907,96005,11951,0.1473470673237245,0.4289970565008256
2076,0.5336058436178881,50,32,50,589735,15875,96055,11901,0.14705065026492276,0.42846342165898615
2077,0.5336146887865502,6,11,6,589746,15864,96061,11895,0.14694875690095965,0.42850967253863614
2078,0.5336225800559179,4,17,4,589763,15847,96065,11891,0.14679128533847122,0.4286898839137645
2079,0.5336550284833022,0,1,0,589764,15846,96065,11891,0.14678202230538367,0.4287053394382954
2080,0.5337488492242668,25,59,25,589823,15787,96090,11866,0.14623550335321797,0.42910353307055293
2081,0.5338079081765578,31,34,31,589857,15753,96121,11835,0.14592056022824113,0.4289908655937364
2082,0.5338263304186569,15,23,15,589880,15730,96136,11820,0.14570751046722738,0.42903811252268603
2083,0.5338266011081959,29,75,29,589955,15655,96165,11791,0.14501278298566084,0.4296072287400714
2084,0.5338753644898218,2,7,2,589962,15648,96167,11789,0.14494794175404793,0.42967525604111234
2085,0.5338804826942993,1,3,1,589965,15645,96168,11788,0.14492015265478528,0.4297014544526665
2086,0.5339409053318971,30,73,30,590038,15572,96198,11758,0.14424395123939382,0.43022319795096964
2087,0.5340165040630825,57,101,57,590139,15471,96255,11701,0.14330838489755085,0.43062711614897686
2088,0.5340295105743695,9,20,9,590159,15451,96264,11692,0.14312312423579976,0.43075562760196
2089,0.5340311044511397,32,38,32,590197,15413,96296,11660,0.14277112897847272,0.430687400731356
2090,0.5340581087131538,1,2,1,590199,15411,96297,11659,0.1427526029122976,0.43069818987809383
2091,0.5340901327893447,5,1,5,590200,15410,96302,11654,0.14274333987921003,0.43060892698788056
2092,0.5341012490398255,0,3,0,590203,15407,96302,11654,0.14271555077994738,0.4306566645726322
2093,0.5341097862765535,33,82,33,590285,15325,96335,11621,0.14195598206676793,0.4312699473020114
2094,0.5341163456674571,4,7,4,590292,15318,96339,11617,0.14189114083515506,0.4312975682197884
2095,0.5341281756863774,5,3,5,590295,15315,96344,11612,0.1418633517358924,0.43124001931147177
2096,0.5341427962817713,539,805,539,591100,14510,96883,11073,0.13440661010041127,0.4328264863385842
2097,0.5341596288768169,430,676,430,591776,13834,97313,10643,0.12814479973322465,0.4348163582138334
2098,0.5341860430975616,4,7,4,591783,13827,97317,10639,0.12807995850161177,0.4348483609907627
2099,0.5342673486114256,38,72,38,591855,13755,97355,10601,0.12741302011930786,0.4352520939398916
2100,0.5342754135732658,0,1,0,591856,13754,97355,10601,0.12740375708622032,0.4352699650995689
2101,0.5343048982321961,0,2,0,591858,13752,97355,10601,0.1273852310200452,0.4353057118219521
2102,0.5343135726978823,1,1,1,591859,13751,97356,10600,0.12737596798695766,0.43530039834093054
2103,0.5343178771195147,2,2,2,591861,13749,97358,10598,0.12735744192078255,0.4352897687600115
2104,0.5343641449132231,1,2,1,591863,13747,97359,10597,0.12733891585460744,0.4353023332237923
2105,0.5345109719224042,16,26,16,591889,13721,97375,10581,0.127098076994331,0.43539626368200146
2106,0.5345114750473756,2,1,2,591890,13720,97377,10579,0.12708881396124347,0.4353677106053747
2107,0.5345223937957484,81,94,81,591984,13626,97458,10498,0.12621808885101338,0.4351682971314873
2108,0.5345237708965456,0,2,0,591986,13624,97458,10498,0.12619956278483827,0.43520437774645554
2109,0.5345479984922956,74,92,74,592078,13532,97532,10424,0.12534736374078329,0.4351310736349975
2110,0.5345641266570451,4,10,4,592088,13522,97536,10420,0.12525473340990775,0.43521844457438813
2111,0.534668155212584,546,789,546,592877,12733,98082,9874,0.11794620030382749,0.4367673729375857
2112,0.534682591951196,0,2,0,592879,12731,98082,9874,0.11792767423765238,0.43680601636806016
2113,0.5347144234742283,5,10,5,592889,12721,98087,9869,0.11783504390677683,0.4368747233289066
2114,0.534771079547229,2,0,2,592889,12721,98089,9867,0.11783504390677683,0.4368248627589871
2115,0.5347842821937603,616,942,616,593831,11779,98705,9251,0.10910926673830079,0.43989538754160723
2116,0.5347897534342145,1,0,1,593831,11779,98706,9250,0.10910926673830079,0.43986875267487757
2117,0.5348128773831106,96,97,96,593928,11682,98802,9154,0.10821075252880803,0.43933576502207716
2118,0.534818963061725,1,8,1,593936,11674,98803,9153,0.1081366482641076,0.439477601190762
2119,0.5348307118878379,77,102,77,594038,11572,98880,9076,0.10719181888917707,0.4395583107322743
2120,0.5349246325662829,38,51,38,594089,11521,98918,9038,0.1067194042017118,0.4396128216352935
2121,0.5349574484547756,0,1,0,594090,11520,98918,9038,0.10671014116862425,0.4396342056620294
2122,0.5349620735787332,30,70,30,594160,11450,98948,9008,0.10606172885249546,0.4403167465050347
2123,0.5350047898215599,497,829,497,594989,10621,99445,8511,0.09838267442291304,0.44485678444490906
2124,0.5350050630108798,1,2,1,594991,10619,99446,8510,0.09836414835673793,0.4448742746615087
2125,0.5350071593489327,8,20,8,595011,10599,99454,8502,0.09817888769498685,0.4451075859902623
2126,0.535074948528502,0,1,0,595012,10598,99454,8502,0.0981696246618993,0.445130890052356
2127,0.5351192737482471,0,2,0,595014,10596,99454,8502,0.09815109859572418,0.4451775054979579
2128,0.5352048679563787,1,1,1,595015,10595,99455,8501,0.09814183556263663,0.4451717637201508
2129,0.5352249282997955,0,3,0,595018,10592,99455,8501,0.09811404646337396,0.44524171162206044
2130,0.5352490012855078,14,17,14,595035,10575,99469,8487,0.09795657490088555,0.4452313503305005
2131,0.5352786332446003,36,69,36,595104,10506,99505,8451,0.0973174256178443,0.4457983858205412
2132,0.535291007527959,41,90,41,595194,10416,99546,8410,0.09648375263996443,0.4467226176564326
2133,0.5353098485897658,6,21,6,595215,10395,99552,8404,0.09628922894512579,0.4470450555880632
2134,0.5353678594517935,4,10,4,595225,10385,99556,8400,0.09619659861425026,0.4471652914559489
2135,0.5354877955714036,8,22,8,595247,10363,99564,8392,0.09599281188632405,0.44745401226339643
2136,0.5355705202586194,15,13,15,595260,10350,99579,8377,0.09587239245618585,0.4473220483793453
2137,0.5356023215387442,44,83,44,595343,10267,99623,8333,0.09510356070991885,0.44801075268817203
2138,0.5356898342032724,34,83,34,595426,10184,99657,8299,0.09433472896365186,0.44900719580154735
2139,0.535702640731961,0,1,0,595427,10183,99657,8299,0.0943254659305643,0.4490314900984742
2140,0.5357270601312084,0,1,0,595428,10182,99657,8299,0.09431620289747675,0.44905578702451165
2141,0.5357445452770264,127,202,127,595630,9980,99784,8172,0.09244507021379081,0.4501983252534156
2142,0.535848450719697,7,22,7,595652,9958,99791,8165,0.0922412834858646,0.45053247254869505
2143,0.5358598978520502,16,29,16,595681,9929,99807,8149,0.09197265552632554,0.4507688903639783
2144,0.5358707138431562,1,0,1,595681,9929,99808,8148,0.09197265552632554,0.45073850749571276
2145,0.5359456829012187,31,27,31,595708,9902,99839,8117,0.09172255363296157,0.4504689494422554
2146,0.5360121083623575,27,26,27,595734,9876,99866,8090,0.09148171477268517,0.4502950016698208
2147,0.536012576801322,1,2,1,595736,9874,99867,8089,0.09146318870651006,0.45031453543394756
2148,0.5360137190793729,1,5,1,595741,9869,99868,8088,0.0914168735410723,0.45040931113214905
2149,0.5360536832278148,1,6,1,595747,9863,99869,8087,0.09136129534254696,0.4505292479108635
2150,0.536069004660651,11,9,11,595756,9854,99880,8076,0.09127792804475898,0.45041829336307865
2151,0.5361337665462838,0,2,0,595758,9852,99880,8076,0.09125940197858387,0.4504685408299866
2152,0.5362147735176335,111,172,111,595930,9680,99991,7965,0.08966616028752454,0.4514026636440918
2153,0.5362194789145824,6,6,6,595936,9674,99997,7959,0.08961058208899922,0.45136959110758235
2154,0.5362529667550644,27,27,27,595963,9647,100024,7932,0.08936048019563526,0.45122020592752715
2155,0.5363051124647993,20,28,20,595991,9619,100044,7912,0.08910111526918374,0.451314813758485
2156,0.5363611014633689,1,1,1,595992,9618,100045,7911,0.08909185223609618,0.45130925894232415
2157,0.5364174248085554,0,1,0,595993,9617,100045,7911,0.08908258920300863,0.45133500684618894
2158,0.5367332864786186,2,9,2,596002,9608,100047,7909,0.08899922190522065,0.4515042530113604
2159,0.5367419732075288,0,2,0,596004,9606,100047,7909,0.08898069583904554,0.4515558093063089
2160,0.5369967861897942,6,5,6,596009,9601,100053,7903,0.08893438067360776,0.4514968007312614
2161,0.5370895208601847,116,127,116,596136,9474,100169,7787,0.08775797547148838,0.4511326110885812
2162,0.5371239193368545,0,2,0,596138,9472,100169,7787,0.08773944940531328,0.45118488904339765
2163,0.5371261196251228,3,4,3,596142,9468,100172,7784,0.08770239727296306,0.4511940644562949
2164,0.5371310003838287,2,5,2,596147,9463,100174,7782,0.08765608210752529,0.45126123514062044
2165,0.5371362999183457,2,1,2,596148,9462,100176,7780,0.08764681907443773,0.451223755944786
2166,0.5372045920572485,1,1,1,596149,9461,100177,7779,0.08763755604135018,0.45121809744779584
2167,0.5372306631010937,129,148,129,596297,9313,100306,7650,0.08626662714439216,0.45098154807522256
2168,0.5372697123659536,110,154,110,596451,9159,100416,7540,0.08484012004890881,0.4515240433558896
2169,0.5372715600386937,1,1,1,596452,9158,100417,7539,0.08483085701582126,0.4515182368090076
2170,0.5373791638111561,2,1,2,596453,9157,100419,7537,0.0848215939827337,0.4514795734994609
2171,0.5374967815127814,115,176,115,596629,8981,100534,7422,0.08319130015932417,0.45247820520636467
2172,0.5376079652043529,5,2,5,596631,8979,100539,7417,0.08317277409314906,0.45236643083678946
2173,0.5376117946040518,0,2,0,596633,8977,100539,7417,0.08315424802697395,0.4524216176649994
2174,0.5376923672383312,114,155,114,596788,8822,100653,7303,0.08171847789840306,0.45289922480620154
2175,0.5377651147834215,3,5,3,596793,8817,100656,7300,0.08167216273296528,0.45293789166718373
2176,0.5377784376225972,1,4,1,596797,8813,100657,7299,0.08163511060061507,0.45301638530287985
2177,0.5378324838076687,2,1,2,596798,8812,100659,7297,0.08162584756752751,0.45297659693339126
2178,0.5378552317736045,1,0,1,596798,8812,100660,7296,0.08162584756752751,0.45294263719890737
2179,0.537990680582626,15,21,15,596819,8791,100675,7281,0.08143132387268888,0.4530238924838228
2180,0.5380261530574495,2,5,2,596824,8786,100677,7279,0.0813850087072511,0.4530967942732649
2181,0.5380396035158418,0,1,0,596825,8785,100677,7279,0.08137574567416354,0.453125
2182,0.5381403230415049,10,18,10,596843,8767,100687,7269,0.08120901107858758,0.4532925916687453
2183,0.5382490995335294,2,9,2,596852,8758,100689,7267,0.08112564378079959,0.4534789391575663
2184,0.5382573615477433,6,9,6,596861,8749,100695,7261,0.0810422764830116,0.453529044347283
2185,0.5382893800510342,1,4,1,596865,8745,100696,7260,0.08100522435066138,0.4536082474226804
2186,0.5383276659904468,0,6,0,596871,8739,100696,7260,0.08094964615213605,0.4537783611475717
2187,0.5383833815187624,9,20,9,596891,8719,100705,7251,0.08076438549038498,0.4540388227927364
2188,0.5386990803777535,124,161,124,597052,8558,100829,7127,0.07927303716328875,0.4543831686324514
2189,0.5387378814367281,18,24,18,597076,8534,100847,7109,0.07905072436918745,0.4544524707536918
2190,0.538863276000655,0,2,0,597078,8532,100847,7109,0.07903219830301234,0.45451058116488713
2191,0.5388955007353458,2,0,2,597078,8532,100849,7107,0.07903219830301234,0.4544408210243622
2192,0.5388983687205515,12,13,12,597091,8519,100861,7095,0.07891177887287414,0.4543998975278596
2193,0.5389086226587239,8,14,8,597105,8505,100869,7087,0.07878209640964838,0.45452796305797843
2194,0.5389368522920978,0,1,0,597106,8504,100869,7087,0.07877283337656082,0.45455711628503626
2195,0.5389418893991779,1,1,1,597107,8503,100870,7086,0.07876357034347327,0.4545512861633203
2196,0.5390298896816866,4,3,4,597110,8500,100874,7082,0.0787357812442106,0.4544987806443332
2197,0.5391036354539136,12,8,12,597118,8492,100886,7070,0.07866167697951017,0.4543117851175941
2198,0.5391248096249153,4,8,4,597126,8484,100890,7066,0.07858757271480973,0.45440514469453375
2199,0.5391376942749572,1,2,1,597128,8482,100891,7065,0.07856904664863464,0.45442850710748056
2200,0.5391759099948763,9,19,9,597147,8463,100900,7056,0.0783930490199711,0.4546684709066306
2201,0.5392042730902283,1,1,1,597148,8462,100901,7055,0.07838378598688354,0.45466262808532576
2202,0.539209049716064,0,1,0,597149,8461,100901,7055,0.07837452295379599,0.45469193091002835
2203,0.5392999580442805,0,1,0,597150,8460,100901,7055,0.07836525992070843,0.4547212375120851
2204,0.5393187158197119,94,147,94,597297,8313,100995,6961,0.07700359405683797,0.45574178342281
2205,0.5393519109010818,5,14,5,597311,8299,101000,6956,0.07687391159361222,0.45598164536217634
2206,0.5393616455583148,5,4,5,597315,8295,101005,6951,0.076836859461262,0.4559228650137741
2207,0.5394028219775778,1,1,1,597316,8294,101006,6950,0.07682759642817444,0.4559170821306744
2208,0.539453295813609,9,15,9,597331,8279,101015,6941,0.07668865093186113,0.45604467805519056
2209,0.539597101638053,5,4,5,597335,8275,101020,6936,0.07665159879951092,0.4559857997501808
2210,0.5396385246758563,0,1,0,597336,8274,101020,6936,0.07664233576642336,0.4560157790927022
2211,0.5396695484980791,0,1,0,597337,8273,101020,6936,0.0766330727333358,0.45604576237753963
2212,0.5398173258987539,2,12,2,597349,8261,101022,6934,0.07652191633628515,0.45633432050016454
2213,0.5398183266922448,2,1,2,597350,8260,101024,6932,0.0765126533031976,0.4562927856766719
2214,0.5398431620992195,5,5,5,597355,8255,101029,6927,0.07646633813775983,0.4562639968383612
2215,0.5399304236313656,0,2,0,597357,8253,101029,6927,0.07644781207158471,0.45632411067193673
2216,0.5399384806005662,0,1,0,597358,8252,101029,6927,0.07643854903849717,0.456354173529218
2217,0.5399602087138056,21,64,21,597422,8188,101050,6906,0.0758457149208937,0.457532794487876
2218,0.5399910518081954,29,92,29,597514,8096,101079,6877,0.07499351587683871,0.4592933947772657
2219,0.5399978327816728,1,0,1,597514,8096,101080,6876,0.07499351587683871,0.4592572802564788
2220,0.5400819642954804,2,6,2,597520,8090,101082,6874,0.07493793767831339,0.45936915263298583
2221,0.5402011516456485,2,5,2,597525,8085,101084,6872,0.07489162251287562,0.45945042455037777
2222,0.5402649837856,1,2,1,597527,8083,101085,6871,0.07487309644670051,0.459475725558379
2223,0.5402766210607434,11,24,11,597551,8059,101096,6860,0.07465078365259921,0.4598163415778537
2224,0.5403074675904527,48,60,48,597611,7999,101144,6812,0.07409500166734595,0.45992843157112956
2225,0.5403746026425337,0,1,0,597612,7998,101144,6812,0.07408573863425841,0.4599594868332208
2226,0.5403955472626383,8,18,8,597630,7980,101152,6804,0.07391900403868243,0.4602272727272727
2227,0.5404221304388882,37,91,37,597721,7889,101189,6767,0.07307606802771499,0.4617221615720524
2228,0.540520214845116,0,1,0,597722,7888,101189,6767,0.07306680499462744,0.46175366769020815
2229,0.540560242175373,1,2,1,597724,7886,101190,6766,0.07304827892845234,0.4617799617799618
2230,0.5405717909476578,34,133,34,597857,7753,101224,6732,0.07181629552780762,0.46475664480497064
2231,0.5405817296784893,1,1,1,597858,7752,101225,6731,0.07180703249472008,0.46475177794655803
2232,0.5406003350021547,13,11,13,597869,7741,101238,6718,0.07170513913075698,0.46462410955114464
2233,0.5406413759687547,9,19,9,597888,7722,101247,6709,0.07152914150209344,0.46490194719700645
2234,0.5406442367518058,1,1,1,597889,7721,101248,6708,0.07151987846900588,0.46489708226488324
2235,0.5407111200070137,132,142,132,598031,7579,101380,6576,0.07020452777057319,0.4645708230307312
2236,0.5407236799126136,2,1,2,598032,7578,101382,6574,0.07019526473748565,0.464527981910684
2237,0.5408151468169757,36,102,36,598134,7476,101418,6538,0.06925043536255511,0.46653346653346656
2238,0.5408453316508487,3,7,3,598141,7469,101421,6535,0.06918559413094223,0.4666523850328478
2239,0.5409057810201897,1,0,1,598141,7469,101422,6534,0.06918559413094223,0.4666142969363708
2240,0.5409422529172823,165,145,165,598286,7324,101587,6369,0.06784245433324688,0.4651281676769152
2241,0.5410024860767003,143,141,143,598427,7183,101730,6226,0.06653636666790173,0.4643150123051682
2242,0.5410587149257344,1,1,1,598428,7182,101731,6225,0.06652710363481418,0.4643096889684493
2243,0.5411011908626098,30,28,30,598456,7154,101761,6195,0.06626773870836267,0.4640797063450446
2244,0.541108098957227,2,2,2,598458,7152,101763,6193,0.06624921264218755,0.46406893967778196
2245,0.5411998292922888,0,1,0,598459,7151,101763,6193,0.0662399496091,0.46410371702637887
2246,0.541215596093653,46,40,46,598499,7111,101809,6147,0.06586942828559783,0.4636445919444864
2247,0.5412734995749595,179,153,179,598652,6958,101988,5968,0.06445218422320205,0.4617050905152406
2248,0.5412796225991612,1,0,1,598652,6958,101989,5967,0.06445218422320205,0.4616634429400387
2249,0.5413112317770391,22,21,22,598673,6937,102011,5945,0.0642576605283634,0.4614966620090048
2250,0.5413773835364513,151,133,151,598806,6804,102162,5794,0.0630256771277187,0.4599142721066836
2251,0.5413797503092026,1,1,1,598807,6803,102163,5793,0.06301641409463114,0.45990790727214986
2252,0.5414698117100598,0,1,0,598808,6802,102163,5793,0.06300715106154359,0.45994442238983724
2253,0.5414892213450904,39,28,39,598836,6774,102202,5754,0.06274778613509208,0.4592911877394636
2254,0.5415126176955676,1,4,1,598840,6770,102203,5753,0.06271073400274185,0.4593947137267428
2255,0.5415534599428821,14,28,14,598868,6742,102217,5739,0.06245136907629034,0.4598189247656438
2256,0.5415850940697968,4,3,4,598871,6739,102221,5735,0.06242357997702768,0.4597562930896264
2257,0.5416001123989886,0,3,0,598874,6736,102221,5735,0.06239579087776501,0.45986689118755514
2258,0.5416117709333836,3,2,3,598876,6734,102224,5732,0.06237726481158991,0.45981068506337236
2259,0.5416210829268788,1,1,1,598877,6733,102225,5731,0.06236800177850235,0.45980423620025673
2260,0.5417103068617679,5,7,5,598884,6726,102230,5726,0.062303160546889474,0.459845807902345
2261,0.541743095070504,0,1,0,598885,6725,102230,5726,0.06229389751380192,0.4598827403421412
2262,0.541756527166013,0,1,0,598886,6724,102230,5726,0.06228463448071436,0.45991967871485945
2263,0.5418203688357295,2,4,2,598890,6720,102232,5724,0.062247582348364146,0.45998071359691417
2264,0.5418430970930592,22,21,22,598911,6699,102254,5702,0.06205305865352551,0.4598016289008951
2265,0.5418570264026787,2,1,2,598912,6698,102256,5700,0.06204379562043796,0.4597515728343281
2266,0.5419658865887358,12,25,12,598937,6673,102268,5688,0.0618122197932491,0.4601569452309684
2267,0.5419668714514957,424,456,424,599393,6217,102692,5264,0.05758827670532439,0.4584966466335685
2268,0.5420161960267104,1,2,1,599395,6215,102693,5263,0.057569750639149285,0.4585293605157693
2269,0.5420610776223463,3,4,3,599399,6211,102696,5260,0.05753269850679907,0.4585476418795223
2270,0.5420843590964642,309,340,309,599739,5871,103005,4951,0.05438326725703064,0.4574939937165034
2271,0.5420899073673835,5,5,5,599744,5866,103010,4946,0.05433695209159287,0.4574546799852016
2272,0.5421156939077797,21,20,21,599764,5846,103031,4925,0.05415169142984179,0.4572463095348621
2273,0.5421462017969034,0,1,0,599765,5845,103031,4925,0.05414242839675423,0.457288765088208
2274,0.542180196927264,0,5,0,599770,5840,103031,4925,0.05409611323131646,0.4575011611704598
2275,0.5422336083850771,9,12,9,599782,5828,103040,4916,0.05398495683426581,0.45755770662695455
2276,0.5423710364508789,341,468,341,600250,5360,103381,4575,0.04964985734929045,0.4604932058379467
2277,0.5424214559420559,0,2,0,600252,5358,103381,4575,0.049631331283115344,0.46058592570220475
2278,0.5424632969456797,503,514,503,600766,4844,103884,4072,0.04487013227611249,0.4567070435172723
2279,0.5425351092961467,1,3,1,600769,4841,103885,4071,0.044842343176849826,0.45679982046678635
2280,0.5425459155128323,21,21,21,600790,4820,103906,4050,0.04464781948201119,0.45659526493799324
2281,0.5425623359815905,1,1,1,600791,4819,103907,4049,0.04463855644892364,0.45658547586829046
2282,0.542576464772447,0,1,0,600792,4818,103907,4049,0.04462929341583608,0.4566369685350175
2283,0.5425811591069435,1,3,1,600795,4815,103908,4048,0.04460150431657342,0.4567302267855128
2284,0.5426338478665044,1,2,1,600797,4813,103909,4047,0.04458297825039831,0.4567720090293454
2285,0.5426459250485387,1,2,1,600799,4811,103910,4046,0.044564452184223204,0.45681381957773515
2286,0.5427919728084032,1,0,1,600799,4811,103911,4045,0.044564452184223204,0.4567524841915086
2287,0.5428144429458345,384,440,384,601239,4371,104295,3661,0.04048871762569936,0.45580179282868527
2288,0.5428543391714955,0,1,0,601240,4370,104295,3661,0.040479454592611805,0.45585854812601173
2289,0.542884830295123,12,25,12,601265,4345,104307,3649,0.04024787876542295,0.4564673505128847
2290,0.5429783401831796,2,1,2,601266,4344,104309,3647,0.0402386157323354,0.4563884369916156
2291,0.5429800323996442,13,39,13,601305,4305,104322,3634,0.03987735744192078,0.4577402695553596
2292,0.5430578008566089,10,6,10,601311,4299,104332,3624,0.03982177924339546,0.45740249905338887
2293,0.5431122875293103,16,34,16,601345,4265,104348,3608,0.03950683611841861,0.4582751174901562
2294,0.543151728880546,23,37,23,601382,4228,104371,3585,0.03916410389417911,0.4588506335594522
2295,0.543262242948716,1,2,1,601384,4226,104372,3584,0.039145577828004,0.458898847631242
2296,0.5432793674439998,16,36,16,601420,4190,104388,3568,0.03881210863685205,0.45991234854343904
2297,0.543281560634406,1,0,1,601420,4190,104389,3567,0.03881210863685205,0.45984272270207555
2298,0.5432819198060355,1,4,1,601424,4186,104390,3566,0.03877505650450183,0.4600103199174407
2299,0.5432879931726233,3,6,3,601430,4180,104393,3563,0.03871947830597651,0.4601575616686039
2300,0.5432944585035023,174,272,174,601702,3908,104567,3389,0.036199933306161766,0.4644374400438536
2301,0.5434021940032291,1,0,1,601702,3908,104568,3388,0.036199933306161766,0.4643640350877193
2302,0.543427577423433,232,320,232,602022,3588,104800,3156,0.03323576271814443,0.4679715302491103
2303,0.5434978007940781,21,28,21,602050,3560,104821,3135,0.03297639779169291,0.4682598954443615
2304,0.54354818908446,3,9,3,602059,3551,104824,3132,0.03289303049390493,0.468651803082448
2305,0.5435522391842228,75,83,75,602142,3468,104899,3057,0.03212419874763792,0.4685057471264368
2306,0.5435598797555881,9,9,9,602151,3459,104908,3048,0.03204083144984994,0.46841862609497464
2307,0.5437052476495108,217,303,217,602454,3156,105125,2831,0.02923413242432102,0.4728578586938366
2308,0.5438314991468467,0,2,0,602456,3154,105125,2831,0.02921560635814591,0.473015873015873
2309,0.5438316005675563,10,11,10,602467,3143,105135,2821,0.029113712994182816,0.47300469483568075
2310,0.5438906079442727,1,1,1,602468,3142,105136,2820,0.02910444996109526,0.4729956390472996
2311,0.5439137477562894,78,88,78,602556,3054,105214,2742,0.028289303049390493,0.4730848861283644
2312,0.543933374436613,2,1,2,602557,3053,105216,2740,0.028280040016302938,0.472984636630416
2313,0.5439519179619323,193,305,193,602862,2748,105409,2547,0.02545481492459891,0.4810198300283286
2314,0.5439804328296312,5,4,5,602866,2744,105414,2542,0.025417762792248694,0.4808929247067726
2315,0.5440503222738938,0,3,0,602869,2741,105414,2542,0.025389973692986033,0.4811660041643006
2316,0.5440571661681217,13,8,13,602877,2733,105427,2529,0.0253158694282856,0.4806157354618016
2317,0.5440595184955443,6,10,6,602887,2723,105433,2523,0.025223239097410057,0.4809378574151735
2318,0.5442330841304439,211,300,211,603187,2423,105644,2312,0.0224443291711438,0.4882787750791975
2319,0.5445294166147228,5,5,5,603192,2418,105649,2307,0.022398014005706027,0.4882539682539683
2320,0.5445387171822464,14,26,14,603218,2392,105663,2293,0.02215717514542962,0.4894343649946638
2321,0.5445503480772537,3,2,3,603220,2390,105666,2290,0.022138649079254513,0.4893162393162393
2322,0.5448095285184268,1,1,1,603221,2389,105667,2289,0.022129386046166957,0.48931167165455325
2323,0.5449424670496557,1,2,1,603223,2387,105668,2288,0.022110859979991848,0.4894117647058824
2324,0.544967133263104,2,3,2,603226,2384,105670,2286,0.022083070880729187,0.4895074946466809
2325,0.5451096502860799,9,29,9,603255,2355,105679,2277,0.021814442921190114,0.49158031088082904
2326,0.5451426075404856,1,2,1,603257,2353,105680,2276,0.021795916855015005,0.4916828688701663
2327,0.5452047279597734,0,1,0,603258,2352,105680,2276,0.021786653821927453,0.49178910976663787
2328,0.5452574561275562,15,19,15,603277,2333,105695,2261,0.02161065619326392,0.49216369177187635
2329,0.5452912685254134,2,3,2,603280,2330,105697,2259,0.02158286709400126,0.4922641098278492
2330,0.5454572134802558,17,7,17,603287,2323,105714,2242,0.02151802586238838,0.49112814895947426
2331,0.5456469916249042,1,1,1,603288,2322,105715,2241,0.021508762829300827,0.4911242603550296
2332,0.5456743745706182,0,1,0,603289,2321,105715,2241,0.02149949979621327,0.4912319158263919
2333,0.5456971092385094,3,0,3,603289,2321,105718,2238,0.02149949979621327,0.49089712656284273
2334,0.5458711308638211,2,2,2,603291,2319,105720,2236,0.021480973730038162,0.4908891328210757
2335,0.5460014682843133,0,2,0,603293,2317,105720,2236,0.021462447663863054,0.49110476608829345
2336,0.5460097308724562,2,1,2,603294,2316,105722,2234,0.0214531846307755,0.490989010989011
2337,0.5460894443082365,18,26,18,603320,2290,105740,2216,0.021212345770499092,0.4917887261429206
2338,0.5460962675983068,2,9,2,603329,2281,105742,2214,0.021128978472711106,0.49254727474972193
2339,0.5461226986313127,2,1,2,603330,2280,105744,2212,0.02111971543962355,0.4924309884238646
2340,0.5462969029986577,0,1,0,603331,2279,105744,2212,0.021110452406535998,0.492540636829214
2341,0.54636326778086,14,5,14,603336,2274,105758,2198,0.021064137241098225,0.4915026833631485
2342,0.5465113001650164,90,74,90,603410,2200,105848,2108,0.020378672792619214,0.489322191272052
2343,0.5465469202802523,16,18,16,603428,2182,105864,2092,0.02021193819704324,0.48947122133832477
2344,0.5465724564356643,25,29,25,603457,2153,105889,2067,0.019943310237504168,0.48981042654028434
2345,0.5467300331719722,11,28,11,603485,2125,105900,2056,0.01968394531105265,0.49174838555369527
2346,0.5467445356461871,8,14,8,603499,2111,105908,2048,0.01955426284782689,0.4924260639576821
2347,0.5469361782354116,2,6,2,603505,2105,105910,2046,0.019498684649301566,0.49289327872801736
2348,0.5470026216121665,1,5,1,603510,2100,105911,2045,0.019452369483863797,0.49336550060313633
2349,0.5470486548386428,11,18,11,603528,2082,105922,2034,0.01928563488828782,0.49416909620991256
2350,0.5470526588502278,1,5,1,603533,2077,105923,2033,0.01923931972285005,0.494647201946472
2351,0.5471755056159318,9,15,9,603548,2062,105932,2024,0.019100374226536737,0.495349975526187
2352,0.5472198334814274,78,62,78,603610,2000,106010,1946,0.018526066175108376,0.4931576279776989
2353,0.5472298050114275,59,55,59,603665,1945,106069,1887,0.018016599355292897,0.4924321503131524
2354,0.5472510241071924,29,22,29,603687,1923,106098,1858,0.017812812627366705,0.4914043903729172
2355,0.5472627056133815,6,9,6,603696,1914,106104,1852,0.01772944532957872,0.4917684545937334
2356,0.547263218751159,6,8,6,603704,1906,106110,1846,0.017655341064878285,0.4920042643923241
2357,0.5472639244883423,2,5,2,603709,1901,106112,1844,0.017609025899440512,0.4923898531375167
2358,0.5473714310168782,0,1,0,603710,1900,106112,1844,0.01759976286635296,0.49252136752136755
2359,0.5476196058444641,2,1,2,603711,1899,106114,1842,0.017590499833265404,0.49238171611868486
2360,0.547640253005838,5,6,5,603717,1893,106119,1837,0.01753492163474008,0.49249329758713134
2361,0.5477767630706355,28,24,28,603741,1869,106147,1809,0.017312608840638778,0.49184339314845027
2362,0.5478000556808617,12,44,12,603785,1825,106159,1797,0.016905035384786396,0.49613473219215903
2363,0.5478166086809344,1,0,1,603785,1825,106160,1796,0.016905035384786396,0.495995581331124
2364,0.5478576940716338,1,0,1,603785,1825,106161,1795,0.016905035384786396,0.4958563535911602
2365,0.547869780445092,22,28,22,603813,1797,106183,1773,0.01664567045833488,0.4966386554621849
2366,0.547912165042878,2,5,2,603818,1792,106185,1771,0.016599355292897106,0.49705304518664045
2367,0.5479195898425196,0,1,0,603819,1791,106185,1771,0.016590092259809553,0.49719258843346437
2368,0.5479355077376578,39,23,39,603842,1768,106224,1732,0.016377042498795805,0.4948571428571429
2369,0.5480185502035025,3,6,3,603848,1762,106227,1729,0.01632146430027048,0.4952735605843598
2370,0.548110261679095,19,54,19,603902,1708,106246,1710,0.015821260513542556,0.5002925687536571
2371,0.5481225429883999,1,0,1,603902,1708,106247,1709,0.015821260513542556,0.5001463271875914
2372,0.548235971883904,33,65,33,603967,1643,106280,1676,0.015219163362851533,0.5049713769207592
2373,0.5482846552893743,2,1,2,603968,1642,106282,1674,0.015209900329763978,0.5048250904704463
2374,0.5483656690181727,0,1,0,603969,1641,106282,1674,0.015200637296676424,0.5049773755656108
2375,0.5483744134473441,33,26,33,603995,1615,106315,1641,0.014959798436400015,0.503992628992629
2376,0.5483766311669594,0,1,0,603996,1614,106315,1641,0.01495053540331246,0.504147465437788
2377,0.5483845862147401,1,0,1,603996,1614,106316,1640,0.01495053540331246,0.5039950829748002
2378,0.548394250566947,1,0,1,603996,1614,106317,1639,0.01495053540331246,0.5038426068244697
2379,0.5485181263713501,75,75,75,604071,1539,106392,1564,0.014255807921745897,0.5040283596519497
2380,0.5485924152717976,0,1,0,604072,1538,106392,1564,0.014246544888658343,0.5041908446163765
2381,0.548609549029044,18,35,18,604107,1503,106410,1546,0.013922338730593946,0.507051492292555
2382,0.5486172748665391,0,1,0,604108,1502,106410,1546,0.013913075697506392,0.5072178477690289
2383,0.5486890201313641,98,64,98,604172,1438,106508,1448,0.013320241579902923,0.5017325017325017
2384,0.5487499262488328,0,1,0,604173,1437,106508,1448,0.013310978546815368,0.5019064124783362
2385,0.548852162644047,1,1,1,604174,1436,106509,1447,0.013301715513727814,0.5019077349982657
2386,0.5489032796243881,3,0,3,604174,1436,106512,1444,0.013301715513727814,0.5013888888888889
2387,0.5489348714462525,3,3,3,604177,1433,106515,1441,0.013273926414465153,0.5013917884481559
2388,0.5489357428250852,107,57,107,604234,1376,106622,1334,0.012745933528474564,0.4922509225092251
2389,0.5490563911906539,0,1,0,604235,1375,106622,1334,0.01273667049538701,0.4924326319675157
2390,0.5490643115564099,1,0,1,604235,1375,106623,1333,0.01273667049538701,0.49224519940915806
2391,0.5490773022711543,17,39,17,604274,1336,106640,1316,0.012375412204972396,0.4962292609351433
2392,0.5491538474740036,0,1,0,604275,1335,106640,1316,0.012366149171884841,0.4964164466239155
2393,0.5491701928804553,84,60,84,604335,1275,106724,1232,0.01181036718663159,0.49142401276426007
2394,0.5492576293962517,18,49,18,604384,1226,106742,1214,0.011356478565341435,0.49754098360655735
2395,0.5492965844045792,0,2,0,604386,1224,106742,1214,0.011337952499166326,0.49794913863822804
2396,0.5493161511493296,2,2,2,604388,1222,106744,1212,0.011319426432991218,0.4979457682826623
2397,0.5493456269957214,11,10,11,604398,1212,106755,1201,0.011226796102115676,0.4977206796518856
2398,0.5494228441542334,14,11,14,604409,1201,106769,1187,0.011124902738152581,0.4970686767169179
2399,0.5494416428609988,15,38,15,604447,1163,106784,1172,0.010772907480825522,0.5019271948608137
2400,0.5496495715212707,7,14,7,604461,1149,106791,1165,0.010643225017599763,0.503457216940363
2401,0.5496607716391966,1,1,1,604462,1148,106792,1164,0.010633961984512209,0.5034602076124568
2402,0.5497214101261376,28,41,28,604503,1107,106820,1136,0.010254177627922486,0.5064645563976817
2403,0.5497498616083341,2,0,2,604503,1107,106822,1134,0.010254177627922486,0.5060240963855421
2404,0.5498381763061139,0,1,0,604504,1106,106822,1134,0.010244914594834932,0.50625
2405,0.549851930873211,1,2,1,604506,1104,106823,1133,0.010226388528659824,0.5064818953956192
2406,0.5499062676033721,8,4,8,604510,1100,106831,1125,0.010189336396309607,0.5056179775280899
2407,0.549975286522506,26,15,26,604525,1085,106857,1099,0.010050390899996296,0.5032051282051282
2408,0.550020088622409,20,14,20,604539,1071,106877,1079,0.009920708436770537,0.501860465116279
2409,0.5500251157578024,23,51,23,604590,1020,106900,1056,0.009448293749305272,0.5086705202312138
2410,0.5500561293606785,30,23,30,604613,997,106930,1026,0.009235243988291526,0.5071675729115176
2411,0.5502279464667607,7,10,7,604623,987,106937,1019,0.009142613657415984,0.5079760717846461
2412,0.5503282814418091,3,6,3,604629,981,106940,1016,0.009087035458890658,0.5087631447170756
2413,0.5503640332212087,0,1,0,604630,980,106940,1016,0.009077772425803104,0.5090180360721442
2414,0.5504207626987707,19,26,19,604656,954,106959,997,0.008836933565526697,0.5110199897488468
2415,0.5505854368641397,27,23,27,604679,931,106986,970,0.00862388380451295,0.5102577590741715
2416,0.5506357562074905,2,0,2,604679,931,106988,968,0.00862388380451295,0.5097419694576093
2417,0.551049584729301,0,1,0,604680,930,106988,968,0.008614620771425396,0.5100105374077977
2418,0.5510832410577043,2,5,2,604685,925,106990,966,0.008568305605987625,0.5108408249603384
2419,0.5511943492412482,112,105,112,604790,820,107102,854,0.007595687131794435,0.5101553166069295
2420,0.5512267236286401,123,115,123,604905,705,107225,731,0.006530438326725703,0.5090529247910863
2421,0.5512350811587249,0,3,0,604908,702,107225,731,0.006502649227463041,0.5101186322400558
2422,0.5513840392917976,119,123,119,605031,579,107344,612,0.005363296157693875,0.5138539042821159
2423,0.5514627042694761,1,0,1,605031,579,107345,611,0.005363296157693875,0.5134453781512605
2424,0.5514718945841351,0,1,0,605032,578,107345,611,0.005354033124606321,0.5138772077375946
2425,0.5516064919087524,113,144,113,605176,434,107458,498,0.0040201563599985175,0.5343347639484979
2426,0.5517098422834725,1,1,1,605177,433,107459,497,0.004010893326910963,0.5344086021505376
2427,0.5517860721537208,1,1,1,605178,432,107460,496,0.004001630293823409,0.5344827586206896
2428,0.5518336206096379,0,1,0,605179,431,107460,496,0.003992367260735855,0.535059331175836
2429,0.5518659437075041,5,6,5,605185,425,107465,491,0.0039367890622105306,0.5360262008733624
2430,0.5520175295362442,118,125,118,605310,300,107583,373,0.002778909926266257,0.5542347696879644
2431,0.5521390787594419,2,3,2,605313,297,107585,371,0.002751120827003594,0.5553892215568862
2432,0.5523342255521879,6,11,6,605324,286,107591,365,0.002649227463040498,0.5606758832565284
2433,0.5523478949158556,2,2,2,605326,284,107593,363,0.0026307013968653896,0.5610510046367851
2434,0.5523558591386557,9,9,9,605335,275,107602,354,0.0025473340990774017,0.5627980922098569
2435,0.5528330029259407,17,19,17,605354,256,107619,337,0.0023713364704138723,0.5682967959527825
2436,0.5529937337115489,6,5,6,605359,251,107625,331,0.0023250213049761013,0.5687285223367697
2437,0.5530037231085398,9,10,9,605369,241,107634,322,0.0022323909741005597,0.5719360568383659
2438,0.5530363913665066,1,0,1,605369,241,107635,321,0.0022323909741005597,0.5711743772241993
2439,0.5530507342353902,14,3,14,605372,238,107649,307,0.002204601874837897,0.563302752293578
2440,0.553072398380593,4,5,4,605377,233,107653,303,0.002158286709400126,0.5652985074626866
2441,0.5530842103218887,0,2,0,605379,231,107653,303,0.0021397606432250176,0.5674157303370787
2442,0.553504015776023,6,2,6,605381,229,107659,297,0.002121234577049909,0.564638783269962
2443,0.5536959414268599,6,3,6,605384,226,107665,291,0.0020934454777872466,0.562862669245648
2444,0.5541569254646013,2,4,2,605388,222,107667,289,0.00205639334543703,0.5655577299412916
2445,0.5543364860106846,6,7,6,605395,215,107673,283,0.001991552113824151,0.5682730923694779
2446,0.5544141066639015,2,10,2,605405,205,107675,281,0.0018989217829486088,0.5781893004115226
2447,0.5546937906482559,9,7,9,605412,198,107684,272,0.0018340805513357293,0.5787234042553191
2448,0.5549507850246821,6,13,6,605425,185,107690,266,0.001713661121197525,0.5898004434589801
2449,0.5550383354225278,28,9,28,605434,176,107718,238,0.0016302938234095373,0.5748792270531401
2450,0.5551913050149455,1,1,1,605435,175,107719,237,0.001621030790321983,0.5752427184466019
2451,0.5554430835768438,22,13,22,605448,162,107741,215,0.0015006113601837786,0.5702917771883289
2452,0.555577843361372,34,13,34,605461,149,107775,181,0.0013801919300455742,0.5484848484848485
2453,0.5556660917425721,3,1,3,605462,148,107778,178,0.00137092889695802,0.5460122699386503
2454,0.5556849354108964,0,2,0,605464,146,107778,178,0.0013524028307829116,0.5493827160493827
2455,0.5557419637632866,4,2,4,605466,144,107782,174,0.0013338767646078032,0.5471698113207547
2456,0.5557900741504038,2,2,2,605468,142,107784,172,0.0013153506984326948,0.5477707006369427
2457,0.5558233510509261,4,0,4,605468,142,107788,168,0.0013153506984326948,0.5419354838709678
2458,0.555949189136523,2,1,2,605469,141,107790,166,0.0013060876653451406,0.5407166123778502
2459,0.556094609874807,2,1,2,605470,140,107792,164,0.0012968246322575864,0.5394736842105263
2460,0.5561458013368715,16,8,16,605478,132,107808,148,0.001222720367557153,0.5285714285714286
2461,0.5561751917151844,2,3,2,605481,129,107810,146,0.0011949312682944903,0.5309090909090909
2462,0.5563109230355574,11,3,11,605484,126,107821,135,0.0011671421690318277,0.5172413793103449
2463,0.5563625432323995,3,2,3,605486,124,107824,132,0.0011486161028567193,0.515625
2464,0.556491480009087,2,2,2,605488,122,107826,130,0.0011300900366816111,0.5158730158730159
2465,0.5567703320584931,1,1,1,605489,121,107827,129,0.001120827003594057,0.516
2466,0.556879541750473,4,0,4,605489,121,107831,125,0.001120827003594057,0.508130081300813
2467,0.5569587300569577,7,14,7,605503,107,107838,118,0.0009911445403682983,0.5244444444444445
2468,0.5569773252063832,2,0,2,605503,107,107840,116,0.0009911445403682983,0.5201793721973094
2469,0.5570383602476463,16,13,16,605516,94,107856,100,0.0008707251102300938,0.5154639175257731
2470,0.5571025311956894,14,8,14,605524,86,107870,86,0.0007966208455296602,0.5
2471,0.5573579451545942,8,11,8,605535,75,107878,78,0.0006947274815665642,0.5098039215686274
2472,0.5575568187061122,2,5,2,605540,70,107880,76,0.0006484123161287932,0.5205479452054794
2473,0.5575960768278365,1,1,1,605541,69,107881,75,0.000639149283041239,0.5208333333333334
2474,0.5576790632052961,11,4,11,605545,65,107892,64,0.0006020971506910223,0.49612403100775193
2475,0.5577536098049511,12,10,12,605555,55,107904,52,0.0005094668198154803,0.48598130841121495
2476,0.5577910167755287,9,17,9,605572,38,107913,43,0.00035199525732705915,0.5308641975308642
2477,0.5580549732405021,8,7,8,605579,31,107921,35,0.00028715402571417983,0.5303030303030303
2478,0.5581171581008886,2,2,2,605581,29,107923,33,0.0002686279595390715,0.532258064516129
2479,0.5583494266522755,9,4,9,605585,25,107932,24,0.00023157582718885472,0.4897959183673469
2480,0.5585925465724196,1,4,1,605589,21,107933,23,0.00019452369483863796,0.5227272727272727
2481,0.5588574552916971,2,1,2,605590,20,107935,21,0.00018526066175108378,0.5121951219512195
2482,0.5595578401773593,0,3,0,605593,17,107935,21,0.00015747156248842122,0.5526315789473685
2483,0.5608399278349832,5,1,5,605594,16,107940,16,0.00014820852940086702,0.5
2484,0.561151027711219,1,3,1,605597,13,107941,15,0.00012041943013820446,0.5357142857142857
2485,0.5613188540976368,3,2,3,605599,11,107944,12,0.00010189336396309608,0.5217391304347826
2486,0.5614186131162422,0,1,0,605600,10,107944,12,9.263033087554189e-05,0.5454545454545454
2487,0.5619083023982497,2,1,2,605601,9,107946,10,8.33672977879877e-05,0.5263157894736842
2488,0.5620616318793459,1,4,1,605605,5,107947,9,4.6315165437770945e-05,0.6428571428571429
2489,0.5626809487577796,1,0,1,605605,5,107948,8,4.6315165437770945e-05,0.6153846153846154
2490,0.5633153898915305,1,0,1,605605,5,107949,7,4.6315165437770945e-05,0.5833333333333334
2491,0.5635476476234105,0,1,0,605606,4,107949,7,3.7052132350216754e-05,0.6363636363636364
2492,0.5637034252573576,2,1,2,605607,3,107951,5,2.7789099262662567e-05,0.625
2493,0.5637891230487427,2,0,2,605607,3,107953,3,2.7789099262662567e-05,0.5
2494,0.5641057434584544,0,1,0,605608,2,107953,3,1.8526066175108377e-05,0.6
2495,0.5646692901084112,2,0,2,605608,2,107955,1,1.8526066175108377e-05,0.3333333333333333
2496,0.5653464584487284,0,1,0,605609,1,107955,1,9.263033087554189e-06,0.5
2497,0.5676346963682415,0,1,0,605610,0,107955,1,0.0,1.0
2498,0.5710308027033275,1,0,1,605610,0,107956,0,0.0,
