,y_proba,y_test,Neg,Pos,TN,FP,FN,TP,FP/P,Prec
0,0.47176,112,2107,112,2107,603503,112,107844,5.590268257438216,0.15160533466789064
1,0.47213,68,1069,68,3176,602434,180,107776,5.58036607506762,0.15175229861590234
2,0.47223,54,1122,54,4298,601312,234,107722,5.5699729519433845,0.1519278342082326
3,0.47227,102,2073,102,6371,599239,336,107620,5.550770684352885,0.15225101470024432
4,0.47234,217,3638,217,10009,595601,553,107403,5.517071769980363,0.1527772245961616
5,0.47237,40,538,40,10547,595063,593,107363,5.512088258179258,0.15284599374168953
6,0.47242,284,4702,284,15249,590361,877,107079,5.4685334766015785,0.1535314865794907
7,0.47247,132,2040,132,17289,588321,1009,106947,5.449636889102968,0.15382126029099571
8,0.47248,108,1862,108,19151,586459,1117,106839,5.432389121493942,0.15410256484224677
9,0.47266,150,2568,150,21719,583891,1267,106689,5.408601652525102,0.15449187639375597
10,0.47271,104,2162,104,23881,581729,1371,106585,5.388574974989811,0.15484938560017666
11,0.47273,240,3735,240,27616,577994,1611,106345,5.353977546407796,0.15539812870521774
12,0.47281,114,2055,114,29671,575939,1725,106231,5.3349420134128716,0.15572511250861223
13,0.47305,219,3681,219,33352,572258,1944,106012,5.300844788617585,0.1562976395830569
14,0.47315,80,1795,80,35147,570463,2024,105932,5.284217644225425,0.15661263019389557
15,0.47324,207,3711,207,38858,566752,2231,105725,5.249842528437512,0.1572172728584026
16,0.47326,262,3952,262,42810,562800,2493,105463,5.213235021675497,0.15781660813182835
17,0.47338,80,1813,80,44623,560987,2573,105383,5.196441142687761,0.15814487446913877
18,0.47341,253,3905,253,48528,557082,2826,105130,5.160268998480863,0.1587558062976811
19,0.47364,99,1778,99,50306,555304,2925,105031,5.143799325651191,0.15905714523688733
20,0.47372,64,1163,64,51469,554141,2989,104967,5.133026418170366,0.15925614618545064
21,0.47388,116,2256,116,53725,551885,3105,104851,5.112129015524843,0.1596547166593578
22,0.47391,213,3876,213,57601,548009,3318,104638,5.076225499277483,0.16032863094444624
23,0.47393,43,971,43,58572,547038,3361,104595,5.067231094149468,0.1605121287595932
24,0.47404,54,999,54,59571,546039,3415,104541,5.057977324095002,0.16068892372959512
25,0.47411,44,986,44,60557,545053,3459,104497,5.048843973470674,0.16087599107074127
26,0.47414,109,1916,109,62473,543137,3568,104388,5.03109600207492,0.1612107640631636
27,0.47422,258,3931,258,66404,539206,3826,104130,4.994683019007744,0.1618594327070147
28,0.47427,23,437,23,66841,538769,3849,104107,4.990635073548483,0.16193947199771028
29,0.47432,276,4712,276,71553,534057,4125,103831,4.946987661639928,0.16277308869268586
30,0.47441,109,1956,109,73509,532101,4234,103722,4.928869168920671,0.16313030513208865
31,0.4745,108,1967,108,75476,530134,4342,103614,4.910648782837452,0.16349400708167916
32,0.47455,54,972,54,76448,529162,4396,103560,4.90164511467635,0.1636737777412513
33,0.47456,218,3424,218,79872,525738,4614,103342,4.869928489384564,0.16427481401411584
34,0.47469,130,1859,130,81731,523879,4744,103212,4.852708510874801,0.16458855253862678
35,0.47472,146,1902,146,83633,521977,4890,103066,4.835090221942273,0.16489425527523707
36,0.47482,110,1880,110,85513,520097,5000,102956,4.817675719737671,0.165244369259116
37,0.47509,124,1927,124,87440,518170,5124,102832,4.7998258549779536,0.16559044898406125
38,0.47568,23,413,23,87853,517757,5147,102809,4.796000222312794,0.16566972731345256
39,0.47594,11,278,11,88131,517479,5158,102798,4.7934250991144545,0.16572918228468894
40,0.47615,21,283,21,88414,517196,5179,102777,4.790803660750676,0.16577657414113195
41,0.47618,8,141,8,88555,517055,5187,102769,4.789497573085331,0.1658035184181316
42,0.47623,84,1195,84,89750,515860,5271,102685,4.778428248545704,0.16601055703303721
43,0.47626,70,1083,70,90833,514777,5341,102615,4.768396383711883,0.16620720709047088
44,0.47628,45,867,45,91700,513910,5386,102570,4.760365334024973,0.16638009343368804
45,0.47647,67,755,67,92455,513155,5453,102503,4.75337174404387,0.16649341030247314
46,0.47649,70,903,70,93358,512252,5523,102433,4.745007225165808,0.16664307734856065
47,0.47654,65,1155,65,94513,511097,5588,102368,4.734308421949684,0.16686852550675263
48,0.47673,45,604,45,95117,510493,5633,102323,4.728713549964801,0.16697181535730138
49,0.47696,35,532,35,95649,509961,5668,102288,4.723785616362222,0.16706928063581974
50,0.47703,79,1064,79,96713,508897,5747,102209,4.713929749157064,0.16725248974809606
51,0.47707,77,1137,77,97850,507760,5824,102132,4.703397680536515,0.167459156703154
52,0.47717,37,507,37,98357,507253,5861,102095,4.698701322761125,0.1675479364829293
53,0.47722,101,1253,101,99610,506000,5962,101994,4.68709474230242,0.16775494495011464
54,0.47728,93,1221,93,100831,504779,6055,101901,4.675784578902515,0.16796498978044438
55,0.47756,37,540,37,101371,504239,6092,101864,4.670782541035236,0.1680638439341168
56,0.47767,18,273,18,101644,503966,6110,101846,4.668253733002334,0.16811486071586565
57,0.47769,22,238,22,101882,503728,6132,101824,4.6660491311274965,0.1681507120775755
58,0.4777,109,1220,109,103102,502508,6241,101715,4.6547482307606804,0.16834016579971303
59,0.47774,13,247,13,103349,502261,6254,101702,4.652460261588055,0.16839111005144355
60,0.47785,18,281,18,103630,501980,6272,101684,4.649857349290452,0.16844469771263484
61,0.47795,81,849,81,104479,501131,6353,101603,4.6419930341991185,0.16857021505340664
62,0.47803,15,275,15,104754,500856,6368,101588,4.63944570010004,0.16862646154663338
63,0.47809,6,130,6,104884,500726,6374,101582,4.638241505798659,0.16865457539996148
64,0.47814,96,1495,96,106379,499231,6470,101486,4.624393271332766,0.1689414483026117
65,0.47815,89,1277,89,107656,497954,6559,101397,4.612564378079958,0.16917799419705648
66,0.4782,58,606,58,108262,497348,6617,101339,4.606950980028901,0.16926874978077025
67,0.47834,17,251,17,108513,497097,6634,101322,4.604625958723925,0.16931614805011205
68,0.47837,16,268,16,108781,496829,6650,101306,4.60214346585646,0.16936979110067124
69,0.47838,53,751,53,109532,496078,6703,101253,4.595186928007707,0.1695090326803732
70,0.47852,46,592,46,110124,495486,6749,101207,4.589703212419875,0.16961318466950343
71,0.47862,49,637,49,110761,494849,6798,101158,4.583802660343102,0.1697261944910043
72,0.47863,55,616,55,111377,494233,6853,101103,4.578096631961169,0.16982510716637328
73,0.47873,50,645,50,112022,493588,6903,101053,4.572121975619697,0.1699395097209913
74,0.47887,44,636,44,112658,492952,6947,101009,4.566230686576012,0.17005998710353037
75,0.48006,15,254,15,112912,492698,6962,100994,4.563877876171774,0.17011177512919157
76,0.48007,5,70,5,112982,492628,6967,100989,4.563229463855645,0.1701248448073421
77,0.48024,7,56,7,113038,492572,6974,100982,4.562710734002742,0.1701311085427779
78,0.48029,36,430,36,113468,492142,7010,100946,4.558727629775094,0.17020408438545376
79,0.48031,7,39,7,113507,492103,7017,100939,4.558366371484679,0.17020548291689291
80,0.48036,31,368,31,113875,491735,7048,100908,4.554957575308459,0.17026776659810375
81,0.48046,13,214,13,114089,491521,7061,100895,4.552975286227722,0.17031106519742883
82,0.48048,0,16,0,114105,491505,7061,100895,4.552827077698321,0.17031566509115462
83,0.48053,27,291,27,114396,491214,7088,100868,4.550131535069843,0.17036153775997243
84,0.4806,20,211,20,114607,491003,7108,100848,4.5481770350883695,0.17039423773889037
85,0.48068,14,245,14,114852,490758,7122,100834,4.545907591981918,0.1704451716723688
86,0.48076,26,238,26,115090,490520,7148,100808,4.5437029901070805,0.17047729855511662
87,0.48077,5,104,5,115194,490416,7153,100803,4.542739634665975,0.17050027147300748
88,0.48095,22,234,22,115428,490182,7175,100781,4.540572084923487,0.1705369033255889
89,0.481,38,392,38,115820,489790,7213,100743,4.536940975953166,0.17059673210472573
90,0.48107,34,420,34,116240,489370,7247,100709,4.533050502056393,0.1706703678659976
91,0.48114,29,297,29,116537,489073,7276,100680,4.53029938122939,0.17071553684339036
92,0.48116,64,678,64,117215,488395,7340,100616,4.524019044796028,0.170821937111531
93,0.48128,48,585,48,117800,487810,7388,100568,4.518600170439809,0.17092413380513888
94,0.48135,21,236,21,118036,487574,7409,100547,4.516414094631146,0.1709631181338534
95,0.48168,52,561,52,118597,487013,7461,100495,4.511217533069028,0.17105298991673304
96,0.48183,56,589,56,119186,486424,7517,100439,4.505761606580458,0.171145565489731
97,0.48185,8,148,8,119334,486276,7525,100431,4.5043906776835,0.1711774360967229
98,0.48187,16,107,16,119441,486169,7541,100415,4.503399533143132,0.1711860534893553
99,0.48194,38,285,38,119726,485884,7579,100377,4.500759568713179,0.17121555075299227
100,0.48198,9,109,9,119835,485775,7588,100368,4.499749898106636,0.17123466457843906
101,0.48214,4,46,4,119881,485729,7592,100364,4.499323798584609,0.17124244787090104
102,0.48217,45,587,45,120468,485142,7637,100319,4.493886398162214,0.17135044008055192
103,0.48222,9,55,9,120523,485087,7646,100310,4.493376931342398,0.17135379921660002
104,0.48227,48,469,48,120992,484618,7694,100262,4.489032568824336,0.17142319792094105
105,0.48233,23,265,23,121257,484353,7717,100239,4.486577865056134,0.17146830610066507
106,0.48238,0,16,0,121273,484337,7717,100239,4.486429656526733,0.17147299923363257
107,0.4824,11,118,11,121391,484219,7728,100228,4.4853366186224015,0.17149202579532447
108,0.48241,33,358,33,121749,483861,7761,100195,4.482020452777057,0.1715503307901982
109,0.48243,23,234,23,121983,483627,7784,100172,4.47985290303457,0.17158645355678923
110,0.48251,35,242,35,122225,483385,7819,100137,4.477611249027381,0.17160792566518487
111,0.48252,20,241,20,122466,483144,7839,100117,4.475378858053281,0.1716504275101541
112,0.48253,8,102,8,122568,483042,7847,100109,4.474434028678351,0.17166908742332604
113,0.48255,14,114,14,122682,482928,7861,100095,4.473378042906369,0.1716827638017711
114,0.48261,14,114,14,122796,482814,7875,100081,4.472322057134388,0.17169644618670601
115,0.48265,33,321,33,123117,482493,7908,100048,4.469348623513283,0.17174413474759717
116,0.48267,10,88,10,123205,482405,7918,100038,4.4685334766015785,0.17175586280545907
117,0.48273,44,321,44,123526,482084,7962,99994,4.465560042980473,0.17178797343311378
118,0.48301,40,326,40,123852,481758,8002,99954,4.462540294193931,0.17182729598151664
119,0.48309,33,320,33,124172,481438,8035,99921,4.459576123605913,0.17187486561659834
120,0.48389,3,31,3,124203,481407,8038,99918,4.459288969580199,0.17187975745065154
121,0.48398,5,37,5,124240,481370,8043,99913,4.45894623735596,0.17188357478199087
122,0.48406,2,7,2,124247,481363,8045,99911,4.4588813961243465,0.1718827953770511
123,0.48413,2,29,2,124276,481334,8047,99909,4.458612768164808,0.17188852166821794
124,0.48418,13,155,13,124431,481179,8060,99896,4.457176998036237,0.17191584563094264
125,0.48422,11,171,11,124602,481008,8071,99885,4.455593019378266,0.17195077234533726
126,0.48428,5,41,5,124643,480967,8076,99880,4.4552132350216755,0.1719557818151768
127,0.4843,0,11,0,124654,480956,8076,99880,4.455111341657712,0.17195903835161733
128,0.48434,7,31,7,124685,480925,8083,99873,4.454824187631998,0.17195823677078778
129,0.48442,8,86,8,124771,480839,8091,99865,4.454027566786468,0.17197229569625833
130,0.48445,2,22,2,124793,480817,8093,99863,4.453823780058542,0.17197595922022457
131,0.48447,7,32,7,124825,480785,8100,99856,4.453527362999741,0.171975454712981
132,0.48458,4,11,4,124836,480774,8104,99852,4.453425469635778,0.17197300844261193
133,0.48469,15,127,15,124963,480647,8119,99837,4.4522490644336585,0.17198923656810525
134,0.48481,12,156,12,125119,480491,8131,99825,4.450804031272,0.1720183486238532
135,0.48495,9,175,9,125294,480316,8140,99816,4.4491830004816775,0.17205739383450663
136,0.48496,8,34,8,125328,480282,8148,99808,4.448868057356701,0.17205606026651038
137,0.48497,3,24,3,125352,480258,8151,99805,4.4486457445626,0.17205889705083757
138,0.48509,20,179,20,125531,480079,8171,99785,4.446987661639928,0.1720834540512948
139,0.48514,10,33,10,125564,480046,8181,99775,4.446681981548038,0.1720789691991149
140,0.48518,11,42,11,125606,480004,8192,99764,4.446292934158361,0.1720757268424611
141,0.4853,28,234,28,125840,479770,8220,99736,4.444125384415873,0.17210520684859174
142,0.48533,113,1373,113,127213,478397,8333,99623,4.431407239986661,0.17235216774506074
143,0.48539,68,684,68,127897,477713,8401,99555,4.425071325354774,0.17245889257675812
144,0.48545,132,1264,132,129161,476449,8533,99423,4.4133628515321055,0.17264774116470327
145,0.48548,104,1361,104,130522,475088,8637,99319,4.400755863499945,0.17290701540893477
146,0.48549,28,266,28,130788,474822,8665,99291,4.398291896698655,0.17294678922093734
147,0.48554,252,2395,252,133183,472427,8917,99039,4.376106932453963,0.1733068983981549
148,0.48562,26,246,26,133429,472181,8943,99013,4.373828226314425,0.1733439076741002
149,0.48563,45,381,45,133810,471800,8988,98968,4.370299010708067,0.1733944439772377
150,0.48564,1,18,1,133828,471782,8989,98967,4.37013227611249,0.17339846412345883
151,0.48568,366,3150,366,136978,468632,9355,98601,4.340953721886694,0.1738280389187512
152,0.48569,3,22,3,137000,468610,9358,98598,4.340749935158768,0.1738304114187388
153,0.4858,4,51,4,137051,468559,9362,98594,4.340277520471303,0.17384021595583554
154,0.48587,9,36,9,137087,468523,9371,98585,4.339944051280151,0.173838140177885
155,0.48589,129,1339,129,138426,467184,9500,98456,4.327540849975916,0.1740612403648964
156,0.48592,252,2557,252,140983,464627,9752,98204,4.30385527437104,0.174482215798348
157,0.48596,2,10,2,140993,464617,9754,98202,4.303762644040164,0.174482382435561
158,0.48602,279,2439,279,143432,462178,10033,97923,4.28117010633962,0.17483096798613107
159,0.48603,295,2632,295,146064,459546,10328,97628,4.256789803253177,0.17521994924386278
160,0.48604,5,27,5,146091,459519,10333,97623,4.256539701359813,0.17522103880159814
161,0.48609,19,213,19,146304,459306,10352,97604,4.254566675312164,0.1752599163240021
162,0.4861,34,241,34,146545,459065,10386,97570,4.252334284338064,0.17528542042810819
163,0.48612,312,2708,312,149253,456357,10698,97258,4.227249990736967,0.17567804340561582
164,0.48615,269,2650,269,151903,453707,10967,96989,4.202702953054948,0.17612076354286213
165,0.48616,235,2320,235,154223,451387,11202,96754,4.181212716291823,0.1765129775003147
166,0.4862,0,3,0,154226,451384,11202,96754,4.18118492719256,0.17651394356895525
167,0.48622,8,108,8,154334,451276,11210,96746,4.180184519619104,0.1765367083803205
168,0.48625,6,27,6,154361,451249,11216,96740,4.1799344177257405,0.17653639032900295
169,0.48631,6,27,6,154388,451222,11222,96734,4.179684315832376,0.1765360722393769
170,0.48633,518,4451,518,158839,446771,11740,96216,4.138454555559672,0.17719761246586013
171,0.48634,2,17,2,158856,446754,11742,96214,4.138297083997184,0.17720012965773305
172,0.48637,4,17,4,158873,446737,11746,96210,4.138139612434696,0.1771996161687973
173,0.48642,3,28,3,158901,446709,11749,96207,4.137880247508244,0.17720420838582765
174,0.48649,3,23,3,158924,446686,11752,96204,4.137667197747231,0.17720716903976866
175,0.4865,179,1351,179,160275,445335,11931,96025,4.125152840045945,0.1773773459435496
176,0.48654,7,125,7,160400,445210,11938,96018,4.12399496091,0.17740767292157833
177,0.48657,235,2521,235,162921,442689,12173,95783,4.100642854496276,0.17787925834583784
178,0.48663,4,23,4,162944,442666,12177,95779,4.1004298047352625,0.17788074919443955
179,0.48666,69,719,69,163663,441947,12246,95710,4.093769683945311,0.17801311988870228
180,0.48669,516,4384,516,168047,437563,12762,95194,4.053160546889473,0.17868183806125496
181,0.48675,8,147,8,168194,437416,12770,95186,4.051798881025603,0.17871881817942853
182,0.48678,79,717,79,168911,436699,12849,95107,4.045157286301826,0.178837771668616
183,0.4868,19,153,19,169064,436546,12868,95088,4.043740042239431,0.17885989233194266
184,0.48683,477,4445,477,173509,432101,13345,94611,4.0025658601652525,0.17962567778975988
185,0.4869,18,154,18,173663,431947,13363,94593,4.001139353069769,0.17965016902799408
186,0.48698,28,198,28,173861,431749,13391,94565,3.9993052725184333,0.17967411089197705
187,0.48699,118,1188,118,175049,430561,13509,94447,3.988300789210419,0.1798963063419986
188,0.48706,8,29,8,175078,430532,13517,94439,3.98803216125088,0.17989374651171208
189,0.48719,183,1426,183,176504,429106,13700,94256,3.9748230760680276,0.1800971411757063
190,0.4873,138,1664,138,178168,427442,13838,94118,3.9594093890103377,0.18045478947772067
191,0.48733,124,1133,124,179301,426309,13962,93994,3.9489143725221387,0.18065242752780591
192,0.48734,241,2317,241,181618,423992,14203,93753,3.9274519248582758,0.18107948893760442
193,0.48735,16,167,16,181785,423825,14219,93737,3.925904998332654,0.181112601002392
194,0.48746,13,116,13,181901,423709,14232,93724,3.9248304864944976,0.18113262973177205
195,0.48754,41,394,41,182295,423315,14273,93683,3.9211808514580015,0.181205730002824
196,0.48756,153,1327,153,183622,421988,14426,93530,3.908888806550817,0.1814291644520657
197,0.48757,172,1310,172,184932,420678,14598,93358,3.896754233206121,0.18161762989362612
198,0.48759,631,6013,631,190945,414665,15229,92727,3.841055615250658,0.18275219159939454
199,0.48778,259,2164,259,193109,412501,15488,92468,3.8210104116491905,0.18311619129095053
200,0.4878,23,195,23,193304,412306,15511,92445,3.819204120197117,0.18314971144187928
201,0.48781,110,1177,110,194481,411129,15621,92335,3.808301530253066,0.18339940889517423
202,0.48783,357,2873,357,197354,408256,15978,91978,3.7816888361925227,0.18386994886393168
203,0.48787,256,2073,256,199427,406183,16234,91722,3.7624865686020232,0.18421586447213825
204,0.48792,465,4417,465,203844,401766,16699,91257,3.721571751454296,0.18509684132383275
205,0.48798,126,1212,126,205056,400554,16825,91131,3.7103449553521806,0.1853442752982092
206,0.48817,32,201,32,205257,400353,16857,91099,3.708483085701582,0.18536703482740938
207,0.48824,307,2266,307,207523,398087,17164,90792,3.687493052725184,0.18571466559209948
208,0.48838,38,227,38,207750,397860,17202,90754,3.6853903442143094,0.1857376170146578
209,0.48839,266,2117,266,209867,395743,17468,90488,3.6657805031679573,0.1861008450715812
210,0.48848,35,225,35,210092,395518,17503,90453,3.6636963207232576,0.18612839037720358
211,0.48887,39,210,39,210302,395308,17542,90414,3.6617510837748712,0.1861435141912452
212,0.48891,39,189,39,210491,395119,17581,90375,3.6600003705213235,0.18615060124326974
213,0.48897,8,40,8,210531,395079,17589,90367,3.659629849197821,0.18615252777857888
214,0.48921,35,369,35,210900,394710,17624,90332,3.656211789988514,0.18623541878847605
215,0.48926,29,178,29,211078,394532,17653,90303,3.654562970098929,0.1862551177204616
216,0.48927,34,338,34,211416,394194,17687,90269,3.651432064915336,0.18632795486961853
217,0.48934,20,134,20,211550,394060,17707,90249,3.6501908184816036,0.18634590726168623
218,0.48935,36,328,36,211878,393732,17743,90213,3.6471525436288856,0.18641167901311098
219,0.48938,47,309,47,212187,393423,17790,90166,3.644290266404832,0.1864517182979762
220,0.48941,17,96,17,212283,393327,17807,90149,3.6434010152284264,0.18646013452580892
221,0.48945,18,112,18,212395,393215,17825,90131,3.6423635555226204,0.18647304415470492
222,0.4895,155,1034,155,213429,392181,17980,89976,3.6327855793100894,0.18661141495405023
223,0.48956,82,532,82,213961,391649,18062,89894,3.6278576457075107,0.1866790712355906
224,0.48962,18,127,18,214088,391522,18080,89876,3.626681240505391,0.1866979090066847
225,0.48971,43,343,43,214431,391179,18123,89833,3.62350402015636,0.1867583345114051
226,0.48974,69,493,69,214924,390686,18192,89764,3.6189373448441957,0.1868331772296805
227,0.48981,100,759,100,215683,389927,18292,89664,3.6119067027307423,0.18695930490772344
228,0.48983,22,112,22,215795,389815,18314,89642,3.6108692430249363,0.18696567158264454
229,0.48985,18,145,18,215940,389670,18332,89624,3.6095261032272408,0.18699170029251358
230,0.48989,28,145,28,216085,389525,18360,89596,3.6081829634295453,0.1870007785089779
231,0.48995,78,519,78,216604,389006,18438,89518,3.6033754492571046,0.1870710768947848
232,0.48996,90,745,90,217349,388261,18528,89428,3.596474489606877,0.1872096698898237
233,0.48997,84,812,84,218161,387449,18612,89344,3.5889529067397827,0.1873853013781662
234,0.49009,27,130,27,218291,387319,18639,89317,3.5877487124384007,0.18739037756275229
235,0.49014,112,777,112,219068,386542,18751,89205,3.5805513357293712,0.18750512352153562
236,0.49035,130,1200,130,220268,385342,18881,89075,3.569435696024306,0.1877567625106183
237,0.49039,83,558,83,220826,384784,18964,88992,3.564266923561451,0.1878356016345277
238,0.49043,61,463,61,221289,384321,19025,88931,3.559978139241913,0.18791468393160515
239,0.49045,25,149,25,221438,384172,19050,88906,3.558597947311868,0.18793095430351867
240,0.49048,165,1267,165,222705,382905,19215,88741,3.5468616843899365,0.18815170700058942
241,0.49065,149,1205,149,223910,381700,19364,88592,3.535699729519434,0.18837658305903565
242,0.49081,32,157,32,224067,381543,19396,88560,3.534245433324688,0.18838424770741732
243,0.49088,5,27,5,224094,381516,19401,88555,3.5339953314313237,0.18838643524063386
244,0.49092,23,141,23,224235,381375,19424,88532,3.532689243765979,0.1884032372363042
245,0.49098,73,429,73,224664,380946,19497,88459,3.528715402571418,0.18844920697478723
246,0.49102,43,290,43,224954,380656,19540,88416,3.5260291229760274,0.1884913190299144
247,0.49112,95,660,95,225614,379996,19635,88321,3.5199155211382416,0.18859234236638858
248,0.49117,16,146,16,225760,379850,19651,88305,3.5185631183074584,0.18862342600207196
249,0.49127,69,558,69,226318,379292,19720,88236,3.5133943458446035,0.1887288034085659
250,0.49136,16,110,16,226428,379182,19736,88220,3.5123754122049724,0.18874544824369602
251,0.49138,79,453,79,226881,378729,19815,88141,3.5081792582163103,0.18879131235675883
252,0.49139,9,96,9,226977,378633,19824,88132,3.5072900070399053,0.18881449980182746
253,0.49141,237,1692,237,228669,376941,20061,87895,3.4916169550557634,0.18908819454603343
254,0.49159,76,421,76,229090,376520,20137,87819,3.487717218125903,0.1891269094347018
255,0.49162,20,125,20,229215,376395,20157,87799,3.486559338989959,0.18914290145930365
256,0.49165,103,759,103,229974,375636,20260,87696,3.479528696876505,0.18927248711507083
257,0.49166,77,618,77,230592,375018,20337,87619,3.473804142428397,0.18939038598296287
258,0.49174,44,290,44,230882,374728,20381,87575,3.471117862833006,0.18943203916046403
259,0.4918,133,878,133,231760,373850,20514,87442,3.4629849197821336,0.18955889111452182
260,0.49185,161,1248,161,233008,372602,20675,87281,3.451424654488866,0.18978957691412815
261,0.49203,18,151,18,233159,372451,20693,87263,3.4500259364926453,0.18982019255450128
262,0.49206,73,568,73,233727,371883,20766,87190,3.4447645336989146,0.18992622088426023
263,0.49219,19,143,19,233870,371740,20785,87171,3.443439919967394,0.18995186430484343
264,0.4923,29,185,29,234055,371555,20814,87142,3.4417262588461965,0.18997726167818843
265,0.49232,77,651,77,234706,370904,20891,87065,3.435696024306199,0.19011112105841224
266,0.4924,41,183,41,234889,370721,20932,87024,3.4340008892511764,0.19011458344711576
267,0.4927,35,190,35,235079,370531,20967,86989,3.432240912964541,0.19013157894736843
268,0.49279,5,30,5,235109,370501,20972,86984,3.4319630219719146,0.19013519568947615
269,0.4928,44,199,44,235308,370302,21016,86940,3.430119678387491,0.1901400133845972
270,0.49303,14,108,14,235416,370194,21030,86926,3.4291192708140352,0.19016013300665033
271,0.49308,48,149,48,235565,370045,21078,86878,3.42773907888399,0.19013706904664462
272,0.4932,8,88,8,235653,369957,21086,86870,3.426923931972285,0.1901595133387475
273,0.49327,30,108,30,235761,369849,21116,86840,3.4259235243988293,0.19015128457221436
274,0.49332,18,89,18,235850,369760,21134,86822,3.425099114454037,0.19015642316166648
275,0.49335,10,59,10,235909,369701,21144,86812,3.424552595501871,0.19016325931572595
276,0.49347,24,248,24,236157,369453,21168,86788,3.422255363296158,0.19022402633695787
277,0.49351,7,36,7,236193,369417,21175,86781,3.421921894105006,0.190226612128944
278,0.49359,4,35,4,236228,369382,21179,86777,3.4215976879469414,0.19023410696708823
279,0.49364,39,255,39,236483,369127,21218,86738,3.419235614509615,0.1902712425827822
280,0.49365,13,84,13,236567,369043,21231,86725,3.4184575197302607,0.19028321426690772
281,0.49371,22,89,22,236656,368954,21253,86703,3.417633109785468,0.19028128614286624
282,0.49375,8,14,8,236670,368940,21261,86695,3.4175034273222424,0.1902729158207776
283,0.49376,43,247,43,236917,368693,21304,86652,3.4152154581496164,0.19029966289297126
284,0.4938,17,192,17,237109,368501,21321,86635,3.413436955796806,0.1903496976727835
285,0.49386,20,95,20,237204,368406,21341,86615,3.4125569676534884,0.19035385180024658
286,0.49388,59,266,59,237470,368140,21400,86556,3.410093000852199,0.19036015271742
287,0.49389,33,228,33,237698,367912,21433,86523,3.4079810293082367,0.19039686643854456
288,0.49395,66,321,66,238019,367591,21499,86457,3.405007595687132,0.19041378885051802
289,0.494,54,359,54,238378,367232,21553,86403,3.4016821668087,0.19046810761956198
290,0.49402,38,215,38,238593,367017,21591,86365,3.3996906146948755,0.1904905796877688
291,0.49404,15,93,15,238686,366924,21606,86350,3.398829152617733,0.19050287464094565
292,0.49414,79,573,79,239259,366351,21685,86271,3.3935214346585645,0.19060275461643492
293,0.49423,40,335,40,239594,366016,21725,86231,3.390418318574234,0.1906723538243482
294,0.49428,161,1268,161,240862,364748,21886,86070,3.378672792619215,0.19091961722912573
295,0.49435,90,510,90,241372,364238,21976,85980,3.3739486457445627,0.1909741503005211
296,0.49443,72,347,72,241719,363891,22048,85908,3.3707343732631814,0.19099197641613255
297,0.49447,38,198,38,241917,363693,22086,85870,3.3689002927118454,0.19100771193358884
298,0.49457,40,214,40,242131,363479,22126,85830,3.366918003631109,0.19102666539063318
299,0.49462,98,557,98,242688,362922,22224,85732,3.361758494201341,0.19108711835846778
300,0.49464,14,87,14,242775,362835,22238,85718,3.360952610322724,0.19109893368230732
301,0.49475,107,718,107,243493,362117,22345,85611,3.3543017525658603,0.1912120751885073
302,0.49486,326,2186,326,245679,359931,22671,85285,3.3340527622364666,0.19155870408970027
303,0.49511,73,574,73,246253,359357,22744,85212,3.3287357812442107,0.19167328356228167
304,0.49512,38,217,38,246470,359140,22782,85174,3.3267257030642114,0.19169776329352664
305,0.49526,10,83,10,246553,359057,22792,85164,3.325956871317944,0.1917153849097634
306,0.4953,23,116,23,246669,358941,22815,85141,3.3248823594797883,0.19172360059628626
307,0.49532,20,93,20,246762,358848,22835,85121,3.3240208974026455,0.19172735033301874
308,0.49533,207,1178,207,247940,357670,23042,84914,3.3131090444255067,0.19185962438768686
309,0.49542,8,17,8,247957,357653,23050,84906,3.3129515728630183,0.19185238578359043
310,0.49544,95,837,95,248794,356816,23145,84811,3.3051984141687356,0.19204215321979862
311,0.49548,143,1379,143,250173,355437,23288,84668,3.2924246915409983,0.19238136353824656
312,0.4955,7,30,7,250203,355407,23295,84661,3.2921468005483714,0.19238163192961089
313,0.49555,76,457,76,250660,354950,23371,84585,3.2879135944273594,0.19244201258147817
314,0.4956,175,1492,175,252152,353458,23546,84410,3.2740931490607283,0.19277499154996483
315,0.49565,46,230,46,252382,353228,23592,84364,3.271962651450591,0.1927914587103969
316,0.49566,2,8,2,252390,353220,23594,84362,3.2718885471858905,0.19279129397461503
317,0.49567,149,1270,149,253660,351950,23743,84213,3.2601244951646966,0.19307690014971468
318,0.49568,62,423,62,254083,351527,23805,84151,3.2562062321686613,0.19314952786232034
319,0.49569,12,81,12,254164,351446,23817,84139,3.2554559264885694,0.19316321728250513
320,0.4957,305,2300,305,256464,349146,24122,83834,3.234150950387195,0.1936209524689362
321,0.49571,27,208,27,256672,348938,24149,83807,3.2322242395049834,0.19366370495326346
322,0.49573,374,2719,374,259391,346219,24523,83433,3.207038052539924,0.1941873888635454
323,0.49579,46,255,46,259646,345964,24569,83387,3.204675979102597,0.19421638705860705
324,0.4958,49,302,49,259948,345662,24618,83338,3.201878543110156,0.19426107226107225
325,0.49581,52,288,52,260236,345374,24670,83286,3.1992107895809405,0.19429384593850604
326,0.49584,31,201,31,260437,345173,24701,83255,3.197348919930342,0.19432670133604713
327,0.49588,81,495,81,260932,344678,24782,83174,3.1927637185520026,0.19439899778428055
328,0.49593,332,2177,332,263109,342501,25114,82842,3.172598095520397,0.1947651659954437
329,0.49595,12,84,12,263193,342417,25126,82830,3.1718200007410426,0.19478091556201454
330,0.49597,224,1466,224,264659,340951,25350,82606,3.158240394234688,0.19502924045642028
331,0.49598,11,92,11,264751,340859,25361,82595,3.157388195190633,0.19505070208334319
332,0.49612,14,70,14,264821,340789,25375,82581,3.1567397828745043,0.19505633370338002
333,0.49613,330,2283,330,267104,338506,25705,82251,3.135592278335618,0.195483378767317
334,0.49616,323,2291,323,269395,336215,26028,81928,3.1143706695320317,0.19593297029963433
335,0.49627,584,4575,584,273970,331640,26612,81344,3.0719922931564714,0.1969664684346125
336,0.49635,313,2303,313,276273,329337,26925,81031,3.0506595279558337,0.1974593535558328
337,0.49636,48,273,48,276546,329064,26973,80983,3.0481307199229315,0.19749687230975962
338,0.49648,710,4704,710,281250,324360,27683,80273,3.004557412279077,0.19838470910677083
339,0.49652,45,274,45,281524,324086,27728,80228,3.002019341213087,0.19842993317075341
340,0.49661,700,4617,700,286141,319469,28428,79528,2.9592519174478493,0.19931979438441894
341,0.49664,170,1309,170,287450,318160,28598,79358,2.9471266071362408,0.1996337272777585
342,0.49675,693,4525,693,291975,313635,29291,78665,2.905211382415058,0.20052255926586796
343,0.49677,117,739,117,292714,312896,29408,78548,2.8983660009633554,0.20066216368113957
344,0.49681,737,4648,737,297362,308248,30145,77811,2.8553114231724037,0.2015520943689954
345,0.49694,88,703,88,298065,307545,30233,77723,2.848799510911853,0.20173749182387324
346,0.49708,84,725,84,298790,306820,30317,77639,2.8420838119233762,0.20194351023126003
347,0.49715,154,1205,154,299995,305615,30471,77485,2.8309218570528736,0.20225789611067607
348,0.49717,4,32,4,300027,305583,30475,77481,2.830625439994072,0.20226646200112774
349,0.49722,353,2319,353,302346,303264,30828,77128,2.8091444662640335,0.20275925886979748
350,0.49726,13,27,13,302373,303237,30841,77115,2.8088943643706696,0.20274640333165067
351,0.49731,207,1237,207,303610,302000,31048,76908,2.797435992441365,0.2029727532804797
352,0.49734,222,1187,222,304797,300813,31270,76686,2.786440772166438,0.20314225997949664
353,0.49735,213,1409,213,306206,299404,31483,76473,2.7733891585460744,0.20345219313764876
354,0.49741,4,18,4,306224,299386,31487,76469,2.7732224239504983,0.2034534594457969
355,0.49745,142,1211,142,307435,298175,31629,76327,2.76200489088147,0.20380932545086541
356,0.49746,17,123,17,307558,298052,31646,76310,2.760865537811701,0.20384013334686746
357,0.49758,1,7,1,307565,298045,31647,76309,2.760800696580088,0.20384181817210448
358,0.49759,111,645,111,308210,297400,31758,76198,2.7548260402386155,0.2039571946316629
359,0.49762,7,30,7,308240,297370,31765,76191,2.754548149245989,0.2039586573544883
360,0.49764,776,5338,776,313578,292032,32541,75415,2.7051020786246247,0.20524048366158928
361,0.49769,9,42,9,313620,291990,32550,75406,2.7047130312349474,0.20524447734869186
362,0.4977,11,84,11,313704,291906,32561,75395,2.703934936455593,0.2052676142999883
363,0.49771,11,41,11,313745,291865,32572,75384,2.7035551520990033,0.205266726389997
364,0.49773,206,1217,206,314962,290648,32778,75178,2.69228204083145,0.20550206928977163
365,0.49774,24,157,24,315119,290491,32802,75154,2.690827744636704,0.20553815859645283
366,0.49776,171,1252,171,316371,289239,32973,74983,2.679230427211086,0.20587169363739696
367,0.49786,2,12,2,316383,289227,32975,74981,2.6791192708140352,0.2058741158898212
368,0.49788,414,2969,414,319352,286258,33389,74567,2.651617325577087,0.20665696667359523
369,0.49793,35,189,35,319541,286069,33424,74532,2.6498666123235393,0.20668827873466797
370,0.49794,338,2375,338,321916,283694,33762,74194,2.627866908740598,0.20731066702432047
371,0.49798,317,2293,317,324209,281401,34079,73877,2.606626773870836,0.20794138674502785
372,0.49802,357,2299,357,326508,279102,34436,73520,2.5853310608025493,0.20849521584019148
373,0.49805,11,37,11,326545,279065,34447,73509,2.5849883285783095,0.20849240159512614
374,0.49817,24,179,24,326724,278886,34471,73485,2.5833302456556373,0.20854440348382813
375,0.49821,57,322,57,327046,278564,34528,73428,2.580347549001445,0.2086070137957681
376,0.49825,18,161,18,327207,278403,34546,73410,2.5788562006743487,0.20866198804478517
377,0.49826,9,50,9,327257,278353,34555,73401,2.578393049019971,0.20867140103595125
378,0.49838,51,248,51,327505,278105,34606,73350,2.5760958168142576,0.20870381698937274
379,0.49839,7,36,7,327541,278069,34613,73343,2.5757623476231055,0.2087094350790525
380,0.4984,24,101,24,327642,277968,34637,73319,2.5748267812812626,0.20871538087091182
381,0.49842,56,250,56,327892,277718,34693,73263,2.5725110230093744,0.2087377949233719
382,0.49843,4,16,4,327908,277702,34697,73259,2.5723628144799733,0.20873829285875067
383,0.49868,38,151,38,328059,277551,34735,73221,2.5709640964837526,0.20874243098080805
384,0.49879,120,655,120,328714,276896,34855,73101,2.5648968098114047,0.20886179024391638
385,0.49892,12,91,12,328805,276805,34867,73089,2.5640538738004373,0.20888897780470655
386,0.49893,45,274,45,329079,276531,34912,73044,2.5615158027344473,0.2089508689122506
387,0.49908,2,28,2,329107,276503,34914,73042,2.561256437807996,0.2089630805761776
388,0.49911,3,13,3,329120,276490,34917,73039,2.5611360183778578,0.20896406306772827
389,0.49912,2,18,2,329138,276472,34919,73037,2.5609692837822817,0.20897029833280403
390,0.49925,3,3,3,329141,276469,34922,73034,2.560941494683019,0.20896530215763526
391,0.49926,71,379,71,329520,276090,34993,72963,2.557430805142836,0.2090312932420005
392,0.49927,35,217,35,329737,275873,35028,72928,2.555420726962837,0.2090819693750878
393,0.49932,4,19,4,329756,275854,35032,72924,2.555244729334173,0.20908428857324718
394,0.49937,29,228,29,329984,275626,35061,72895,2.5531327577902108,0.20915525893705114
395,0.49939,47,294,47,330278,275332,35108,72848,2.55040942606247,0.2092251134470676
396,0.49949,40,299,40,330577,275033,35148,72808,2.547639779169291,0.2093140256611498
397,0.4995,3,21,3,330598,275012,35151,72805,2.5474452554744524,0.20931984348091093
398,0.49951,78,400,78,330998,274612,35229,72727,2.5437400422394307,0.2093833401950256
399,0.49953,7,41,7,331039,274571,35236,72720,2.543360257882841,0.2093921236081557
400,0.49956,115,772,115,331811,273799,35351,72605,2.5362091963392492,0.2095963095114375
401,0.49958,14,56,14,331867,273743,35365,72591,2.535690466486346,0.20959824908902966
402,0.49959,30,147,30,332014,273596,35395,72561,2.534328800622476,0.20961875680688244
403,0.49961,22,107,22,332121,273489,35417,72539,2.5333376560821077,0.20963332447085206
404,0.49962,21,87,21,332208,273402,35438,72518,2.53253177220349,0.20963806660499537
405,0.49966,15,95,15,332303,273307,35453,72503,2.531651784060173,0.20966137474335617
406,0.49971,6,17,6,332320,273290,35459,72497,2.531494312497684,0.20965796863386998
407,0.49972,95,551,95,332871,272739,35554,72402,2.5263903812664417,0.2097751353794536
408,0.49975,117,667,117,333538,272072,35671,72285,2.5202119381970434,0.2099129682277404
409,0.49976,264,1500,264,335038,270572,35935,72021,2.506317388565712,0.21022320946429146
410,0.49977,3,12,3,335050,270560,35938,72018,2.5062062321686613,0.21022365709415083
411,0.49979,117,721,117,335771,269839,36055,71901,2.499527585312535,0.21039679288347868
412,0.4998,95,414,95,336185,269425,36150,71806,2.4956926896142875,0.21043222919371335
413,0.49982,38,272,38,336457,269153,36188,71768,2.4931731446144725,0.21051211277686033
414,0.49983,28,135,28,336592,269018,36216,71740,2.491922635147653,0.2105306405132088
415,0.49992,117,723,117,337315,268295,36333,71623,2.485225462225351,0.21070669985114057
416,0.49993,235,1526,235,338841,266769,36568,71388,2.4710900737337433,0.21110904106672346
417,0.50003,66,378,66,339219,266391,36634,71322,2.467588647226648,0.21119115935720567
418,0.50005,222,1504,222,340723,264887,36856,71100,2.4536570454629665,0.21161533035504348
419,0.50007,109,562,109,341285,264325,36965,70991,2.448451220867761,0.21171372675327155
420,0.50008,688,3754,688,345039,260571,37653,70303,2.4136777946570827,0.21247665274394484
421,0.50009,236,1512,236,346551,259059,37889,70067,2.3996720886287006,0.2128880732606965
422,0.5001,94,563,94,347114,258496,37983,69973,2.3944570010004074,0.21302771342196677
423,0.50014,338,1920,338,349034,256576,38321,69635,2.3766719774723035,0.21346613081717047
424,0.50017,99,564,99,349598,256012,38420,69536,2.371447626810923,0.213596766068291
425,0.50023,203,918,203,350516,255094,38623,69333,2.3629441624365484,0.2137090932628912
426,0.50029,29,155,29,350671,254939,38652,69304,2.3615083923079774,0.2137409288712478
427,0.5003,131,657,131,351328,254282,38783,69173,2.355422579569454,0.21385664157301634
428,0.50032,452,2134,452,353462,252148,39235,68721,2.3356552669606137,0.21417151547827928
429,0.50034,582,3133,582,356595,249015,39817,68139,2.306634184297306,0.21484515408918065
430,0.50035,546,2916,546,359511,246099,40363,67593,2.2796231798139983,0.21547568952985732
431,0.50043,251,1405,251,360916,244694,40614,67342,2.266608618325985,0.2158148418772193
432,0.50051,222,1441,222,362357,243253,40836,67120,2.2532605876468192,0.2162559243233142
433,0.50057,92,474,92,362831,242779,40928,67028,2.2488699099633185,0.2163540526844132
434,0.50058,545,2920,545,365751,239859,41473,66483,2.2218218533476604,0.21702215171279157
435,0.5006,244,1474,244,367225,238385,41717,66239,2.2081681425766053,0.2174451126634802
436,0.50063,31,149,31,367374,238236,41748,66208,2.2067879506465595,0.2174718503238691
437,0.50068,252,1397,252,368771,236839,42000,65956,2.1938474934232466,0.2178239402896349
438,0.5007,43,166,43,368937,236673,42043,65913,2.1923098299307124,0.21783228569728938
439,0.50071,561,2869,561,371806,233804,42604,65352,2.1657341880025194,0.21845458556739628
440,0.50072,361,1977,361,373783,231827,42965,64991,2.147421171588425,0.2189590927773922
441,0.50077,326,2013,326,375796,229814,43291,64665,2.128774685983178,0.21959121023910025
442,0.50081,326,1573,326,377369,228241,43617,64339,2.1142039349364556,0.21990224895755006
443,0.50087,19,76,19,377445,228165,43636,64320,2.1134999444218017,0.21990871326734704
444,0.5009,29,163,29,377608,228002,43665,64291,2.11199007002853,0.21995395031697645
445,0.50092,754,3667,754,381275,224335,44419,63537,2.078022527696469,0.22071267785682525
446,0.50096,32,174,32,381449,224161,44451,63505,2.0764107599392343,0.2207594919107576
447,0.50103,749,3982,749,385431,220179,45200,62756,2.0395253621845937,0.22180359446515985
448,0.5011,82,392,82,385823,219787,45282,62674,2.0358942532142725,0.22188549923706283
449,0.50115,138,678,138,386501,219109,45420,62536,2.0296139167809106,0.2220383816506595
450,0.50116,80,413,80,386914,218696,45500,62456,2.025788284115751,0.22214318233553382
451,0.50117,28,82,28,386996,218614,45528,62428,2.0250287154025712,0.22213050006760554
452,0.50118,123,744,123,387740,217870,45651,62305,2.0181370187854313,0.2223788703488891
453,0.50123,171,905,171,388645,216965,45822,62134,2.0097539738411947,0.22262351352029208
454,0.50124,92,539,92,389184,216426,45914,62042,2.0047611990070027,0.2227975925420515
455,0.50125,46,183,46,389367,216243,45960,61996,2.0030660639519806,0.22281563691646392
456,0.50126,723,3751,723,393118,212492,46683,61273,1.9683204268405647,0.2238160466093182
457,0.50138,179,905,179,394023,211587,46862,61094,1.9599373818963282,0.2240493470392143
458,0.50142,43,178,43,394201,211409,46905,61051,1.9582885620067434,0.22407325845995743
459,0.50146,328,1918,328,396119,209491,47233,60723,1.9405220645448145,0.22472188709689359
460,0.5015,161,845,161,396964,208646,47394,60562,1.9326948015858312,0.22496359692133963
461,0.50158,53,338,53,397302,208308,47447,60509,1.929563896402238,0.22509365107117482
462,0.50159,204,1053,204,398355,207255,47651,60305,1.9198099225610434,0.22538869786216176
463,0.50165,347,2019,347,400374,205236,47998,59958,1.9011078587572714,0.22609108803366593
464,0.5017,202,1300,202,401674,203936,48200,59756,1.889065915743451,0.22661286652609863
465,0.50171,226,1087,226,402761,202849,48426,59530,1.8789969987772797,0.22688553580888715
466,0.50175,84,371,84,403132,202478,48510,59446,1.875560413501797,0.22695896519601105
467,0.50176,686,3135,686,406267,199343,49196,58760,1.8465208047723147,0.22766105004591192
468,0.50177,125,684,125,406951,198659,49321,58635,1.8401848901404276,0.22789105070464138
469,0.50184,110,726,110,407677,197933,49431,58525,1.8334599281188633,0.22820500822746806
470,0.5019,191,996,191,408673,196937,49622,58334,1.8242339471636593,0.2285179280059231
471,0.50192,57,263,57,408936,196674,49679,58277,1.8217977694616325,0.22858117834407396
472,0.50194,115,624,115,409560,196050,49794,58162,1.8160176368149987,0.22879329063930892
473,0.50196,120,680,120,410240,195370,49914,58042,1.809718774315462,0.22904203431565986
474,0.50199,843,4433,843,414673,190937,50757,57199,1.768655748638334,0.23051471773543541
475,0.50212,179,1025,179,415698,189912,50936,57020,1.7591611397235911,0.2309137738324721
476,0.50217,305,1615,305,417313,188297,51241,56715,1.744201341287191,0.2314784581979658
477,0.50218,181,977,181,418290,187320,51422,56534,1.7351513579606506,0.23183544251888424
478,0.50221,27,109,27,418399,187211,51449,56507,1.7341416873541071,0.23185402801598567
479,0.50223,1172,5924,1172,424323,181287,52621,55335,1.6792674793434361,0.23385399497933412
480,0.50225,4,28,4,424351,181259,52625,55331,1.6790081144169846,0.23386871803541992
481,0.50238,390,1851,390,426202,179408,53015,54941,1.6618622401719219,0.23444094064834925
482,0.50243,417,1934,417,428136,177474,53432,54524,1.643947534180592,0.23501926740747764
483,0.50244,369,1848,369,429984,175626,53801,54155,1.6268294490347919,0.23568093097340512
484,0.50249,5,18,5,430002,175608,53806,54150,1.626662714439216,0.23568276186248138
485,0.50254,61,251,61,430253,175357,53867,54089,1.62433769313424,0.23573738483128928
486,0.50258,59,262,59,430515,175095,53926,54030,1.6219107784653006,0.235810147299509
487,0.50259,33,180,33,430695,174915,53959,53997,1.620243432509541,0.23588540574543929
488,0.50265,23,106,23,430801,174809,53982,53974,1.61926155100226,0.23591787851370075
489,0.5027,386,1836,386,432637,172973,54368,53588,1.6022546222535108,0.23652791080547844
490,0.50271,19,94,19,432731,172879,54387,53569,1.6013838971432806,0.23656203631738854
491,0.50278,31,119,31,432850,172760,54418,53538,1.6002815962058616,0.2365818522479209
492,0.50283,76,345,76,433195,172415,54494,53462,1.5970858497906555,0.23668633813978404
493,0.50288,41,136,41,433331,172279,54535,53421,1.595826077290748,0.2366902968542313
494,0.50292,30,149,30,433480,172130,54565,53391,1.5944458853607024,0.23674513681652706
495,0.50306,61,208,61,433688,171922,54626,53330,1.5925191744784912,0.23675705432138228
496,0.5033,44,205,44,433893,171717,54670,53286,1.5906202526955426,0.23682350901987972
497,0.50333,35,145,35,434038,171572,54705,53251,1.5892771128978473,0.2368574389630954
498,0.5034,18,73,18,434111,171499,54723,53233,1.5886009114824557,0.2368732534752505
499,0.50357,3,51,3,434162,171448,54726,53230,1.5881284967949905,0.236916832088589
500,0.50358,40,183,40,434345,171265,54766,53190,1.5864333617399682,0.23697400369784588
501,0.50361,30,196,30,434541,171069,54796,53160,1.5846178072548076,0.23707905757060863
502,0.50364,8,33,8,434574,171036,54804,53152,1.5843121271629181,0.23708673077952433
503,0.50368,31,186,31,434760,170850,54835,53121,1.582589203008633,0.23717802751249045
504,0.50369,123,682,123,435442,170168,54958,52998,1.576271814442921,0.2374824121954061
505,0.50381,7,18,7,435460,170150,54965,52991,1.5761050798473453,0.2374776486616086
506,0.50384,61,339,61,435799,169811,55026,52930,1.5729649116306643,0.23763025217629444
507,0.50385,23,110,23,435909,169701,55049,52907,1.5719459779910334,0.23766890677783367
508,0.50386,22,142,22,436051,169559,55071,52885,1.5706306272926007,0.2377452302602003
509,0.5039,230,1097,230,437148,168462,55301,52655,1.5604690799955538,0.2381318487497569
510,0.50391,78,362,78,437510,168100,55379,52577,1.5571158620178591,0.23825319358156943
511,0.50393,36,158,36,437668,167942,55415,52541,1.5556523027900255,0.23829955143934
512,0.50395,89,386,89,438054,167556,55504,52452,1.5520767720182296,0.23840951238136796
513,0.50407,62,300,62,438354,167256,55566,52390,1.5492978620919633,0.23852016426431621
514,0.5041,17,39,17,438393,167217,55583,52373,1.5489366038015489,0.2385035748440275
515,0.50414,155,630,155,439023,166587,55738,52218,1.5431008929563896,0.2386508534996915
516,0.50416,173,676,173,439699,165911,55911,52045,1.536839082589203,0.2387867275963956
517,0.50417,206,918,206,440617,164993,56117,51839,1.5283356182148282,0.23907449085005902
518,0.50418,29,176,29,440793,164817,56146,51810,1.5267053243914188,0.23916686285643063
519,0.50422,66,320,66,441113,164497,56212,51744,1.5237411538034014,0.23928857154748637
520,0.50426,66,286,66,441399,164211,56278,51678,1.5210919263403608,0.23937301113071996
521,0.50427,207,949,207,442348,163262,56485,51471,1.512301307940272,0.23969767106127143
522,0.5043,77,342,77,442690,162920,56562,51394,1.5091333506243285,0.23980701214106404
523,0.50436,56,284,56,442974,162636,56618,51338,1.5065026492274631,0.23992634619159336
524,0.50438,164,995,164,443969,161641,56782,51174,1.4972859313053466,0.240462373422926
525,0.50439,61,284,61,444253,161357,56843,51113,1.4946552299084812,0.24056572692615427
526,0.5044,3,9,3,444262,161348,56846,51110,1.4945718626106932,0.24056519406188517
527,0.50445,27,122,27,444384,161226,56873,51083,1.4934417725740117,0.24060685133461135
528,0.50448,72,282,72,444666,160944,56945,51011,1.4908295972433214,0.24066900993135334
529,0.50451,139,625,139,445291,160319,57084,50872,1.4850402015636,0.2408814769568779
530,0.50452,97,470,97,445761,159849,57181,50775,1.4806865760124495,0.2410693938012762
531,0.50459,111,477,111,446238,159372,57292,50664,1.476268109229686,0.24121579157858652
532,0.50463,26,164,26,446402,159208,57318,50638,1.4747489718033273,0.24131029421575823
533,0.50469,9,64,9,446466,159144,57327,50629,1.4741561376857237,0.24135136552368514
534,0.50471,144,605,144,447071,158539,57471,50485,1.4685520026677534,0.24152728873239437
535,0.50474,314,1539,314,448610,157000,57785,50171,1.4542961947460076,0.24217192560734851
536,0.50475,125,495,125,449105,156505,57910,50046,1.4497109933676684,0.24229367081253542
537,0.50476,22,86,22,449191,156419,57932,50024,1.4489143725221387,0.24231385903130645
538,0.50482,36,151,36,449342,156268,57968,49988,1.447515654525918,0.24235901016212863
539,0.50485,269,1160,269,450502,155108,58237,49719,1.436770536144355,0.24273655328643196
540,0.5049,126,597,126,451099,154511,58363,49593,1.4312405053910853,0.24297906949398346
541,0.50495,274,1288,274,452387,153223,58637,49319,1.4193097187743156,0.2435001135566944
542,0.50502,53,198,53,452585,153025,58690,49266,1.4174756382229798,0.24354024647661043
543,0.50505,243,1174,243,453759,151851,58933,49023,1.406600837378191,0.24404850801995281
544,0.50506,32,136,32,453895,151715,58965,48991,1.4053410648782838,0.2440933504728309
545,0.50509,20,80,20,453975,151635,58985,48971,1.4046000222312793,0.24411533054843823
546,0.5051,23,76,23,454051,151559,59008,48948,1.4038960317166254,0.24412115287745564
547,0.50519,64,356,64,454407,151203,59072,48884,1.400598391937456,0.24431372353026434
548,0.50524,35,217,35,454624,150986,59107,48849,1.3985883137574568,0.24444666850151375
549,0.50528,34,140,34,454764,150846,59141,48815,1.397291489125199,0.24448940954918588
550,0.50531,22,132,22,454896,150714,59163,48793,1.396068768757642,0.24456785977434375
551,0.50532,61,187,61,455083,150527,59224,48732,1.3943365815702693,0.2445661174652086
552,0.5054,55,216,55,455299,150311,59279,48677,1.3923357664233578,0.24462279132409995
553,0.50543,29,121,29,455420,150190,59308,48648,1.3912149394197637,0.24466148321749365
554,0.50548,11,64,11,455484,150126,59319,48637,1.3906221053021601,0.24469845997494505
555,0.50549,67,253,67,455737,149873,59386,48570,1.3882785579310088,0.2447554209521122
556,0.5055,47,246,47,455983,149627,59433,48523,1.3859998517914707,0.2448801413070906
557,0.50552,91,320,91,456303,149307,59524,48432,1.3830356812034532,0.2449289214570722
558,0.50555,124,572,124,456875,148735,59648,48308,1.3777372262773722,0.24516476099125573
559,0.50558,232,1064,232,457939,147671,59880,48076,1.3678813590722145,0.2456027423153356
560,0.5056,98,519,98,458458,147152,59978,47978,1.363073844899774,0.24587710756931278
561,0.50562,70,275,70,458733,146877,60048,47908,1.3605265108006965,0.2459532304848936
562,0.50563,68,292,68,459025,146585,60116,47840,1.3578217051391308,0.24605889160344607
563,0.50569,67,270,67,459295,146315,60183,47773,1.3553206862054912,0.2461409257656321
564,0.50572,8,19,8,459314,146296,60191,47765,1.3551446885768277,0.24613394757318574
565,0.50574,49,261,49,459575,146035,60240,47716,1.3527270369409758,0.2462748579362171
566,0.50576,85,368,85,459943,145667,60325,47631,1.349318240764756,0.24641227534687374
567,0.50577,86,376,86,460319,145291,60411,47545,1.3458353403238357,0.24655665954489825
568,0.50581,294,1208,294,461527,144083,60705,47251,1.3346455963540702,0.24695558552060795
569,0.50584,66,282,66,461809,143801,60771,47185,1.33203342102338,0.24705999392625638
570,0.50585,31,158,31,461967,143643,60802,47154,1.3305698617955464,0.2471422506643186
571,0.50591,61,346,61,462313,143297,60863,47093,1.3273648523472525,0.24735017595461947
572,0.50597,85,370,85,462683,142927,60948,47008,1.3239375301048575,0.24749519572485323
573,0.506,79,337,79,463020,142590,61027,46929,1.3208158879543517,0.24762161049815587
574,0.50601,23,126,23,463146,142464,61050,46906,1.3196487457853199,0.24769498864656492
575,0.50605,221,884,221,464030,141580,61271,46685,1.3114602245359221,0.24797492895652404
576,0.50607,2,22,2,464052,141558,61273,46683,1.3112564378079958,0.24799592012367125
577,0.50616,269,1178,269,465230,140380,61542,46414,1.300344584830857,0.2484769318072315
578,0.50619,120,479,120,465709,139901,61662,46294,1.2959075919819185,0.24863181073605628
579,0.50623,135,546,135,466255,139355,61797,46159,1.290849975916114,0.24881680088834265
580,0.50626,144,554,144,466809,138801,61941,46015,1.285718255585609,0.24897736126742273
581,0.50631,63,384,63,467193,138417,62004,45952,1.2821612508799882,0.2492392972788267
582,0.50636,63,226,63,467419,138191,62067,45889,1.280067805402201,0.2492883528900478
583,0.5064,144,551,144,467970,137640,62211,45745,1.2749638741709586,0.24944788286937317
584,0.50647,23,70,23,468040,137570,62234,45722,1.2743154618548298,0.24944896667612335
585,0.50652,58,268,58,468308,137302,62292,45664,1.2718329689873653,0.24957642403506664
586,0.5066,25,79,25,468387,137223,62317,45639,1.2711011893734485,0.24958165173737573
587,0.50663,152,532,152,468919,136691,62469,45487,1.2661732557708696,0.24968437462262183
588,0.50667,24,106,24,469025,136585,62493,45463,1.265191374263589,0.2497308402179645
589,0.50673,17,71,17,469096,136514,62510,45446,1.2645336989143725,0.24975818861288196
590,0.50676,26,151,26,469247,136363,62536,45420,1.2631349809181518,0.2498583475902587
591,0.50694,21,111,21,469358,136252,62557,45399,1.2621067842454334,0.24992430539881422
592,0.50699,20,127,20,469485,136125,62577,45379,1.260930379043314,0.25001652856135403
593,0.507,1,25,1,469510,136100,62578,45378,1.260698803216125,0.2500468376332117
594,0.50715,20,125,20,469635,135975,62598,45358,1.259540924080181,0.2501364892214875
595,0.50723,30,122,30,469757,135853,62628,45328,1.2584108340434992,0.25018075846805127
596,0.50738,10,23,10,469780,135830,62638,45318,1.2581977842824854,0.2501711307880849
597,0.50739,2,6,2,469786,135824,62640,45316,1.2581422060839602,0.2501711383460307
598,0.50747,5,26,5,469812,135798,62645,45311,1.2579013672236836,0.2501863518654512
599,0.5075,6,30,6,469842,135768,62651,45305,1.2576234762310572,0.2502029568185207
600,0.50751,30,124,30,469966,135644,62681,45275,1.2564748601282003,0.25025011192854263
601,0.50763,1,11,1,469977,135633,62682,45274,1.2563729667642374,0.25026118392323127
602,0.50768,6,24,6,470001,135609,62688,45268,1.256150653970136,0.25026952017116605
603,0.50775,24,72,24,470073,135537,62712,45244,1.255483715587832,0.25026966329426215
604,0.50776,13,69,13,470142,135468,62725,45231,1.254844566304791,0.2503112911526904
605,0.50786,42,167,42,470309,135301,62767,45189,1.2532976397791693,0.2503684414649011
606,0.50791,6,45,6,470354,135256,62773,45183,1.2528808032902294,0.25040595436684976
607,0.50792,4,16,4,470370,135240,62777,45179,1.2527325947608285,0.2504115420216274
608,0.50799,8,47,8,470417,135193,62785,45171,1.2522972322057135,0.2504435474928478
609,0.50803,38,147,38,470564,135046,62823,45133,1.2509355663418429,0.25048979070812916
610,0.50804,148,685,148,471249,134361,62971,44985,1.2445903886768683,0.2508280084306313
611,0.50805,12,56,12,471305,134305,62983,44973,1.2440716588239653,0.25085621213980525
612,0.50807,37,254,37,471559,134051,63020,44936,1.2417188484197266,0.25105733935984176
613,0.50809,48,238,48,471797,133813,63068,44888,1.2395142465448887,0.25119053614697173
614,0.50815,2,19,2,471816,133794,63070,44886,1.2393382489162252,0.2512088650100739
615,0.50818,6,46,6,471862,133748,63076,44880,1.2389121493941977,0.25124840450545266
616,0.5082,41,212,41,472074,133536,63117,44839,1.2369483863796362,0.251374912403644
617,0.50828,78,229,78,472303,133307,63195,44761,1.2348271518025862,0.2513702630455781
618,0.50831,96,447,96,472750,132860,63291,44665,1.2306865760124495,0.25159836642726374
619,0.50833,37,172,37,472922,132688,63328,44628,1.2290933343213901,0.2516862550474858
620,0.50841,17,53,17,472975,132635,63345,44611,1.22860239356775,0.25168974194057975
621,0.50842,14,55,14,473030,132580,63359,44597,1.2280929267479344,0.251708743234167
622,0.50844,13,88,13,473118,132492,63372,44584,1.2272777798362295,0.2517788971966839
623,0.50852,119,464,119,473582,132028,63491,44465,1.2229797324836045,0.2519363374184812
624,0.50853,55,300,55,473882,131728,63546,44410,1.2202008225573382,0.252131851162157
625,0.50854,107,406,107,474288,131322,63653,44303,1.216440031123791,0.2522590747330961
626,0.50855,5,24,5,474312,131298,63658,44298,1.2162177183296898,0.2522722613271373
627,0.50862,52,231,52,474543,131067,63710,44246,1.2140779576864649,0.2523828809044395
628,0.50863,103,429,103,474972,130638,63813,44143,1.2101041164919042,0.25256177730989066
629,0.50865,63,296,63,475268,130342,63876,44080,1.207362258697988,0.2527204137092798
630,0.50871,121,559,121,475827,129783,63997,43959,1.2021842232020452,0.25301308837241426
631,0.50874,95,451,95,476278,129332,64092,43864,1.1980065952795584,0.25326220005080946
632,0.50877,66,262,66,476540,129070,64158,43798,1.1955796806106191,0.25336094592405767
633,0.50878,110,290,110,476830,128780,64268,43688,1.1928934010152283,0.2533107590973398
634,0.50883,65,279,65,477109,128501,64333,43623,1.190309014783801,0.2534393809114359
635,0.50888,6,19,6,477128,128482,64339,43617,1.1901330171551372,0.2534413331861312
636,0.50891,6,15,6,477143,128467,64345,43611,1.189994071658824,0.25343739466985904
637,0.50895,152,551,152,477694,127916,64497,43459,1.1848901404275816,0.2535900802334063
638,0.50903,20,79,20,477773,127837,64517,43439,1.1841583608136648,0.2536198883673136
639,0.50912,39,143,39,477916,127694,64556,43400,1.1828337470821446,0.2536617298093446
640,0.50914,13,49,13,477965,127645,64569,43387,1.1823798584608545,0.2536776743533374
641,0.50919,159,523,159,478488,127122,64728,43228,1.1775352921560636,0.25375990607572646
642,0.50921,26,99,26,478587,127023,64754,43202,1.1766182518803958,0.25379350859156996
643,0.50923,5,17,5,478604,127006,64759,43197,1.1764607803179072,0.25379693659923735
644,0.5093,4,5,4,478609,127001,64763,43193,1.1764144651524695,0.2537868550007638
645,0.50931,164,524,164,479133,126477,64927,43029,1.1715606358145911,0.25384942125942445
646,0.50938,2,20,2,479153,126457,64929,43027,1.17137537515284,0.2538705718533903
647,0.50942,38,255,38,479408,126202,64967,42989,1.1690133017155138,0.25408561921142375
648,0.50944,18,98,18,479506,126104,64985,42971,1.1681055244729335,0.2541534821824634
649,0.5095,13,88,13,479594,126016,64998,42958,1.1672903775612287,0.25422846118337733
650,0.50953,57,186,57,479780,125830,65055,42901,1.1655674534069436,0.25425677557769466
651,0.50954,1,3,1,479783,125827,65056,42900,1.165539664307681,0.25425687649279605
652,0.50959,18,59,18,479842,125768,65074,42882,1.1649931453555151,0.25426623184109104
653,0.50966,72,263,72,480105,125505,65146,42810,1.1625569676534884,0.25434453257285444
654,0.50969,79,287,79,480392,125218,65225,42731,1.1598984771573604,0.2544284276774497
655,0.50971,42,141,42,480533,125077,65267,42689,1.1585923894920154,0.2544556107912211
656,0.50978,24,94,24,480627,124983,65291,42665,1.1577216643817851,0.2544915537316282
657,0.50982,12,68,12,480695,124915,65303,42653,1.1570917781318315,0.25454143989305833
658,0.50983,5,18,5,480713,124897,65308,42648,1.1569250435362555,0.25454653973559344
659,0.50987,6,17,6,480730,124880,65314,42642,1.1567675719737671,0.2545456716132806
660,0.50988,45,125,45,480855,124755,65359,42597,1.1556096928378228,0.25453535063817584
661,0.5099,17,74,17,480929,124681,65376,42580,1.1549242283893437,0.25457219555066635
662,0.50995,118,425,118,481354,124256,65494,42462,1.1509874393271333,0.2546935543852493
663,0.50996,71,269,71,481623,123987,65565,42391,1.1484956834265811,0.2547872915890322
664,0.50999,43,164,43,481787,123823,65608,42348,1.1469765460002224,0.25484591174151927
665,0.51,40,114,40,481901,123709,65648,42308,1.1459205602282412,0.254841371666757
666,0.51004,90,284,90,482185,123425,65738,42218,1.1432898588313758,0.2548734326231715
667,0.51006,4,16,4,482201,123409,65742,42214,1.143141650301975,0.2548800589290135
668,0.51007,23,99,23,482300,123310,65765,42191,1.142224610026307,0.2549289732388324
669,0.51011,38,205,38,482505,123105,65803,42153,1.1403256882433583,0.25507388447155355
670,0.51012,31,158,31,482663,122947,65834,42122,1.1388621290155247,0.25517813762729524
671,0.51018,37,102,37,482765,122845,65871,42085,1.1379172996405944,0.25516885951615836
672,0.51019,81,255,81,483020,122590,65952,42004,1.135555226203268,0.25519763782397903
673,0.5102,241,833,241,483853,121757,66193,41763,1.1278391196413353,0.25539995107632096
674,0.51029,25,113,25,483966,121644,66218,41738,1.1267923969024418,0.25546265806514795
675,0.51035,35,89,35,484055,121555,66253,41703,1.1259679869576493,0.25544230604319546
676,0.51037,88,319,88,484374,121236,66341,41615,1.1230130794027195,0.2555403405567052
677,0.5104,13,56,13,484430,121180,66354,41602,1.1224943495498165,0.25556879753289674
678,0.51041,99,306,99,484736,120874,66453,41503,1.119659861425025,0.25559654384549535
679,0.51043,39,110,39,484846,120764,66492,41464,1.1186409277853941,0.25559089676258107
680,0.51064,6,18,6,484864,120746,66498,41458,1.1184741931898181,0.2555917240018742
681,0.51067,129,358,129,485222,120388,66627,41329,1.1151580273444737,0.25556373170414987
682,0.51069,39,148,39,485370,120240,66666,41290,1.1137870984475156,0.2556181514269795
683,0.51072,104,374,104,485744,119866,66770,41186,1.1103227240727704,0.25573106822641134
684,0.51093,41,80,41,485824,119786,66811,41145,1.109581681425766,0.2556685784590912
685,0.51102,53,216,53,486040,119570,66864,41092,1.1075808662788544,0.2557667650097721
686,0.51115,53,188,53,486228,119382,66917,41039,1.1058394160583942,0.25582062198839306
687,0.51141,167,512,167,486740,118870,67084,40872,1.1010967431175664,0.2558625784076824
688,0.51157,8,28,8,486768,118842,67092,40864,1.100837378191115,0.25587016142161223
689,0.51162,101,293,101,487061,118549,67193,40763,1.0981233094964615,0.255868986642563
690,0.5117,101,285,101,487346,118264,67294,40662,1.0954833450665087,0.25585492619206424
691,0.51173,0,6,0,487352,118258,67294,40662,1.0954277668679833,0.25586458595519757
692,0.51181,4,22,4,487374,118236,67298,40658,1.095223980140057,0.25588127934346167
693,0.51182,82,316,82,487690,117920,67380,40576,1.09229686168439,0.2560064607308702
694,0.51183,198,788,198,488478,117132,67578,40378,1.0849975916113972,0.25635197765221257
695,0.51186,58,166,58,488644,116966,67636,40320,1.0834599281188633,0.2563483081774602
696,0.51189,59,161,59,488805,116805,67695,40261,1.081968579791767,0.2563317331567621
697,0.5119,329,1430,329,490235,115375,68024,39932,1.0687224424765644,0.25711654980136117
698,0.51191,15,36,15,490271,115339,68039,39917,1.0683889732854126,0.2571043953212758
699,0.51193,337,1379,337,491650,113960,68376,39580,1.0556152506576753,0.2577829881464114
700,0.51195,368,1460,368,493110,112500,68744,39212,1.0420912223498462,0.25846340434507487
701,0.51197,0,4,0,493114,112496,68744,39212,1.042054170217496,0.258470219105123
702,0.51199,394,1502,394,494616,110994,69138,38818,1.0281410945199896,0.25911141964595624
703,0.512,14,45,14,494661,110949,69152,38804,1.0277242580310497,0.25912001762902914
704,0.51202,13,44,13,494705,110905,69165,38791,1.0273166845751973,0.2591318405301411
705,0.51207,85,402,85,495107,110503,69250,38706,1.0235929452740005,0.2594079445609849
706,0.5121,26,97,26,495204,110406,69276,38680,1.0226944310645079,0.2594475671759924
707,0.51212,985,3624,985,498828,106782,70261,37695,0.9891251991552114,0.2609065802861355
708,0.51214,373,1090,373,499918,105692,70634,37322,0.9790284930897774,0.2609674577314109
709,0.51221,801,2887,801,502805,102805,71435,36521,0.9522861165660084,0.26212623630908805
710,0.51224,66,215,66,503020,102590,71501,36455,0.9502945644521842,0.2621813082095724
711,0.51226,9,14,9,503034,102576,71510,36446,0.9501648819889584,0.2621599459078419
712,0.51231,64,282,64,503316,102294,71574,36382,0.9475527066582682,0.2623525339640601
713,0.51232,31,92,31,503408,102202,71605,36351,0.9467005076142132,0.2623616955244563
714,0.51236,656,2059,656,505467,100143,72261,35695,0.9276279224869391,0.26277624817797673
715,0.51237,235,844,235,506311,99299,72496,35460,0.9198099225610434,0.26313641389443376
716,0.51243,39,120,39,506431,99179,72535,35421,0.9186983585905368,0.26315750371471025
717,0.51245,50,207,50,506638,98972,72585,35371,0.9167809107414132,0.2632887459711336
718,0.51248,751,2922,751,509560,96050,73336,34620,0.8897143280595798,0.2649422208617127
719,0.5125,20,61,20,509621,95989,73356,34600,0.889149283041239,0.264953403426016
720,0.51252,763,2877,763,512498,93112,74119,33837,0.8624995368483456,0.266540106657004
721,0.51255,10,22,10,512520,93090,74129,33827,0.8622957501204195,0.2665285186381651
722,0.51259,116,318,116,512838,92772,74245,33711,0.8593501055985772,0.2665259362918337
723,0.51263,394,1056,394,513894,91716,74639,33317,0.84956834265812,0.2664656530675902
724,0.51264,13,49,13,513943,91667,74652,33304,0.8491144540368298,0.2664938265677637
725,0.51266,368,1103,368,515046,90564,75020,32936,0.8388973285412575,0.26668825910931176
726,0.51271,33,164,33,515210,90400,75053,32903,0.8373781911148986,0.2668467109478277
727,0.51272,783,2881,783,518091,87519,75836,32120,0.8106913927896551,0.268474326933525
728,0.51276,47,170,47,518261,87349,75883,32073,0.8091166771647709,0.26856860544958217
729,0.51283,58,120,58,518381,87229,75941,32015,0.8080051131942644,0.26848311026131294
730,0.51285,18,58,18,518439,87171,75959,31997,0.8074678572751862,0.26850328947368424
731,0.51286,33,102,33,518541,87069,75992,31964,0.8065230279002557,0.26853057555467813
732,0.51289,719,2162,719,520703,84907,76711,31245,0.7864963503649635,0.2690009642537365
733,0.51293,742,2069,742,522772,82838,77453,30503,0.7673311349068139,0.26912591207065406
734,0.51295,500,1629,500,524401,81209,77953,30003,0.7522416540071881,0.2697820379095781
735,0.51298,163,543,163,524944,80666,78116,29840,0.7472118270406461,0.27003058657448464
736,0.513,74,173,74,525117,80493,78190,29766,0.7456093223164993,0.26996435665115776
737,0.51307,52,165,52,525282,80328,78242,29714,0.7440809218570529,0.27002417258864797
738,0.51311,52,176,52,525458,80152,78294,29662,0.7424506280336434,0.2701112790718852
739,0.51313,84,261,84,525719,79891,78378,29578,0.7400329763977916,0.27019521508372235
740,0.51316,261,850,261,526569,79041,78639,29317,0.7321593982733706,0.2705568578231418
741,0.51319,705,2132,705,528701,76909,79344,28612,0.7124106117307051,0.2711498185195364
742,0.51332,5,21,5,528722,76888,79349,28607,0.7122160880358664,0.27116924972747525
743,0.51336,278,795,278,529517,76093,79627,28329,0.7048519767312609,0.271293405604183
744,0.51339,258,818,258,530335,75275,79885,28071,0.6972748156656415,0.27162154316567644
745,0.51346,50,137,50,530472,75138,79935,28021,0.6960057801326466,0.271629232543937
746,0.51348,66,177,66,530649,74961,80001,27955,0.6943662232761495,0.2716292899063314
747,0.5136,193,601,193,531250,74360,80194,27762,0.6887991403905295,0.27185131509371147
748,0.51362,495,1573,495,532823,72787,80689,27267,0.6742283893438067,0.27252283766765945
749,0.51364,2,11,2,532834,72776,80691,27265,0.6741264959798436,0.27253825931368136
750,0.51368,18,19,18,532853,72757,80709,27247,0.6739504983511801,0.27245910163593456
751,0.51369,473,1624,473,534477,71133,81182,26774,0.6589073326169921,0.27346359300152184
752,0.51372,10,40,10,534517,71093,81192,26764,0.65853681129349,0.27350112919872877
753,0.51374,129,476,129,534993,70617,81321,26635,0.6541276075438142,0.2738761156582898
754,0.51377,53,203,53,535196,70414,81374,26582,0.6522472118270406,0.27405253824899994
755,0.51378,345,1100,345,536296,69314,81719,26237,0.642057875430731,0.27458634655838243
756,0.51383,215,619,215,536915,68695,81934,26022,0.636324057949535,0.2747342082202772
757,0.51386,27,130,27,537045,68565,81961,25995,0.635119863648153,0.2749048223350254
758,0.51388,4,7,4,537052,68558,81965,25991,0.6350550224165401,0.2748944991485896
759,0.51389,20,34,20,537086,68524,81985,25971,0.6347400792915632,0.2748399386210911
760,0.51393,41,127,41,537213,68397,82026,25930,0.6335636740894438,0.27489478092168734
761,0.51398,68,192,68,537405,68205,82094,25862,0.6317851717366334,0.27493169761978165
762,0.514,5,20,5,537425,68185,82099,25857,0.6315999110748823,0.27495161736245505
763,0.51401,40,110,40,537535,68075,82139,25817,0.6305809774352514,0.2749648532356324
764,0.51403,953,2713,953,540248,65362,83092,24864,0.6054503686687169,0.2755746680557711
765,0.51404,229,672,229,540920,64690,83321,24635,0.5992256104338805,0.27579065211307024
766,0.5141,10,25,10,540945,64665,83331,24625,0.5989940346066916,0.2757867622354127
767,0.51413,82,271,82,541216,64394,83413,24543,0.5964837526399644,0.2759593869817961
768,0.51416,51,165,51,541381,64229,83464,24492,0.594955352180518,0.27605640152838673
769,0.51417,503,1604,503,542985,62625,83967,23989,0.5800974471080811,0.2769644630198351
770,0.51422,35,176,35,543161,62449,84002,23954,0.5784671532846716,0.2772357441292548
771,0.51426,211,616,211,543777,61833,84213,23743,0.5727611249027381,0.27744928484621856
772,0.51427,507,1556,507,545333,60277,84720,23236,0.5583478454185038,0.2782321315244333
773,0.5143,434,1083,434,546416,59194,85154,22802,0.5483159805846827,0.27808673593833844
774,0.51431,17,21,17,546437,59173,85171,22785,0.548121456889844,0.27800824812708946
775,0.51436,9,28,9,546465,59145,85180,22776,0.5478620919633925,0.27802394990295526
776,0.51437,1105,3235,1105,549700,55910,86285,21671,0.5178961799251547,0.27933385751666
777,0.51439,431,1071,431,550771,54839,86716,21240,0.5079754714883842,0.27918348032965734
778,0.51443,49,162,49,550933,54677,86765,21191,0.5064748601282004,0.2793140718089313
779,0.51446,5,17,5,550950,54660,86770,21186,0.506317388565712,0.27932916699628196
780,0.51451,27,109,27,551059,54551,86797,21159,0.5053077179591685,0.2794743098665962
781,0.51454,45,166,45,551225,54385,86842,21114,0.5037700544666346,0.2796593332362018
782,0.5146,43,157,43,551382,54228,86885,21071,0.5023157582718886,0.27983107345383074
783,0.51474,9,40,9,551422,54188,86894,21062,0.5019452369483863,0.27989368770764117
784,0.51475,32,70,32,551492,54118,86926,21030,0.5012968246322576,0.279847767072976
785,0.51484,442,1215,442,552707,52903,87368,20588,0.49004223943087927,0.2801431467798778
786,0.51494,46,150,46,552857,52753,87414,20542,0.4886527844677461,0.28026468381199265
787,0.51498,11,11,11,552868,52742,87425,20531,0.488550891103783,0.2801987089378079
788,0.51501,77,214,77,553082,52528,87502,20454,0.4865686020230464,0.28026088624592366
789,0.51503,64,198,64,553280,52330,87566,20390,0.4847345214717107,0.2803905390539054
790,0.51527,44,131,44,553411,52199,87610,20346,0.4835210641372411,0.2804604038872424
791,0.51534,99,313,99,553724,51886,87709,20247,0.48062173478083664,0.2806898368291905
792,0.51543,40,155,40,553879,51731,87749,20207,0.47918596465226576,0.2808946592899441
793,0.51544,77,218,77,554097,51513,87826,20130,0.4771666234391789,0.2809765085214187
794,0.51548,46,131,46,554228,51382,87872,20084,0.47595316610470934,0.28102874093974756
795,0.51552,100,290,100,554518,51092,87972,19984,0.4732668865093186,0.2811638246384152
796,0.5156,73,187,73,554705,50905,88045,19911,0.47153469932194597,0.2811652733845459
797,0.51561,109,292,109,554997,50613,88154,19802,0.46882989366038014,0.2812184903784705
798,0.51564,82,278,82,555275,50335,88236,19720,0.4662547704620401,0.2814931125544215
799,0.51565,64,216,64,555491,50119,88300,19656,0.46425395531512836,0.2817054819061268
800,0.51577,96,419,96,555910,49700,88396,19560,0.46037274445144316,0.2824140918278949
801,0.51578,128,429,128,556339,49271,88524,19432,0.4563989032568824,0.2828406328690159
802,0.51582,44,188,44,556527,49083,88568,19388,0.45465745303642224,0.2831563727709541
803,0.51583,123,413,123,556940,48670,88691,19265,0.45083182037126235,0.28357989254434385
804,0.51585,62,246,62,557186,48424,88753,19203,0.44855311423172406,0.28395463350436956
805,0.51589,45,132,45,557318,48292,88798,19158,0.4473303938641669,0.2840326167531505
806,0.51594,379,1168,379,558486,47124,89177,18779,0.4365111712179036,0.28494909184710865
807,0.51596,136,453,136,558939,46671,89313,18643,0.43231501722924154,0.2854365067213767
808,0.51603,335,949,335,559888,45722,89648,18308,0.4235243988291526,0.28592847102920504
809,0.51606,123,271,123,560159,45451,89771,18185,0.42101411686242546,0.28576591866239237
810,0.51611,35,79,35,560238,45372,89806,18150,0.42028233724850866,0.2857277793520355
811,0.51612,137,326,137,560564,45046,89943,18013,0.417262588461966,0.28565311850806385
812,0.51617,116,299,116,560863,44747,90059,17897,0.4144929415687873,0.28569376157333504
813,0.51618,241,651,241,561514,44096,90300,17656,0.4084627070287895,0.28591786500842076
814,0.51625,22,81,22,561595,44015,90322,17634,0.40771240134869763,0.2860387029797726
815,0.51627,107,254,107,561849,43761,90429,17527,0.40535959094445884,0.2859776791541574
816,0.5163,90,275,90,562124,43486,90519,17437,0.40281225684538147,0.28621374521937526
817,0.51631,317,954,317,563078,42532,90836,17120,0.39397532327985474,0.2869979212767384
818,0.51636,14,20,14,563098,42512,90850,17106,0.3937900626181037,0.28692676708376663
819,0.51641,379,1140,379,564238,41372,91229,16727,0.3832302048982919,0.2879051274548615
820,0.51645,249,580,249,564818,40792,91478,16478,0.37785764570751046,0.28772481229264885
821,0.51665,53,196,53,565014,40596,91531,16425,0.37604209122234983,0.2880517704003788
822,0.51671,281,757,281,565771,39839,91812,16144,0.3690299751750713,0.28837325616705073
823,0.51674,302,1003,302,566774,38836,92114,15842,0.3597391529882545,0.2897326164087933
824,0.51677,44,141,44,566915,38695,92158,15798,0.35843306532290936,0.28990879562512617
825,0.51679,49,158,49,567073,38537,92207,15749,0.3569695060950758,0.29011163099141585
826,0.51684,59,147,59,567220,38390,92266,15690,0.3556078402312053,0.2901257396449704
827,0.51688,246,643,246,567863,37747,92512,15444,0.34965170995590794,0.2903498712188152
828,0.51689,132,272,132,568135,37475,92644,15312,0.3471321649560932,0.2900714190993995
829,0.51693,143,346,143,568481,37129,92787,15169,0.34392715550779945,0.2900493326704654
830,0.51695,379,1003,379,569484,36126,93166,14790,0.33463633332098264,0.29047843506952625
831,0.51698,289,710,289,570194,35416,93455,14501,0.32805957982881917,0.2905022337079552
832,0.5171,48,161,48,570355,35255,93503,14453,0.3265682315017229,0.29075802687696145
833,0.51717,68,125,68,570480,35130,93571,14385,0.32541035236577864,0.2905180248409573
834,0.51718,89,264,89,570744,34866,93660,14296,0.3229649116306643,0.2907937024531142
835,0.5173,41,146,41,570890,34720,93701,14255,0.32161250879988146,0.29106687085247573
836,0.51736,53,170,53,571060,34550,93754,14202,0.3200377931749972,0.2913111256974073
837,0.51741,89,287,89,571347,34263,93843,14113,0.31737930267886916,0.291735571357698
838,0.51744,290,718,290,572065,33545,94133,13823,0.31072844492200524,0.2918214828576254
839,0.51748,197,580,197,572645,32965,94330,13626,0.30535588573122385,0.29245991715138114
840,0.51751,67,166,67,572811,32799,94397,13559,0.3038182222386898,0.29248457655636567
841,0.51752,68,163,68,572974,32636,94465,13491,0.3023083478454185,0.2924751230298957
842,0.51756,52,130,52,573104,32506,94517,13439,0.30110415354403647,0.292501904450974
843,0.51762,144,347,144,573451,32159,94661,13295,0.2978898810626552,0.2924935099221191
844,0.51771,109,300,109,573751,31859,94770,13186,0.2951109711363889,0.2927294927294927
845,0.5178,30,74,30,573825,31785,94800,13156,0.2944255066879099,0.29273936939542955
846,0.51784,347,884,347,574709,30901,95147,12809,0.286236985438512,0.2930450697780828
847,0.51786,87,166,87,574875,30735,95234,12722,0.28469932194597797,0.29274915433647053
848,0.51808,213,475,213,575350,30260,95447,12509,0.28029938122938974,0.292478196824803
849,0.51812,161,385,161,575735,29875,95608,12348,0.2767331134906814,0.29244724439286646
850,0.51816,156,375,156,576110,29500,95764,12192,0.27325947608284856,0.29243020243691836
851,0.51818,61,163,61,576273,29337,95825,12131,0.27174960168957724,0.2925388251181634
852,0.51819,180,581,180,576854,28756,96005,11951,0.2663677794657083,0.2935858697521311
853,0.51829,289,740,289,577594,28016,96294,11662,0.25951313498091816,0.2939160239931448
854,0.51841,169,427,169,578021,27589,96463,11493,0.2555578198525325,0.2940739982600686
855,0.51856,6,26,6,578047,27563,96469,11487,0.2553169809922561,0.29416133162612035
856,0.51877,185,441,185,578488,27122,96654,11302,0.25123198340064473,0.294139079741828
857,0.5188,5,19,5,578507,27103,96659,11297,0.2510559857719812,0.29419270833333333
858,0.51884,46,164,46,578671,26939,96705,11251,0.2495368483456223,0.29460591777952344
859,0.51893,69,205,69,578876,26734,96774,11182,0.2476379265626737,0.29491507542989764
860,0.51908,42,109,42,578985,26625,96816,11140,0.24662825595613028,0.29498212630742754
861,0.51925,59,184,59,579169,26441,96875,11081,0.24492385786802032,0.2953200788870529
862,0.51939,71,196,71,579365,26245,96946,11010,0.2431083033828597,0.2955308012347336
863,0.51941,45,105,45,579470,26140,96991,10965,0.2421356849086665,0.2955127341328662
864,0.51978,31,88,31,579558,26052,97022,10934,0.24132053799696174,0.2956253717622884
865,0.51987,64,213,64,579771,25839,97086,10870,0.2393475119493127,0.29611266991745894
866,0.51993,95,265,95,580036,25574,97181,10775,0.23689280818111083,0.2964318138050565
867,0.51995,102,319,102,580355,25255,97283,10673,0.23393790062618103,0.2970663549320864
868,0.51996,84,257,84,580612,24998,97367,10589,0.2315573011226796,0.29755247702812826
869,0.52002,11,40,11,580652,24958,97378,10578,0.23118677979917746,0.29766996848266547
870,0.52006,106,236,106,580888,24722,97484,10472,0.22900070399051464,0.2975507188725351
871,0.52007,166,413,166,581301,24309,97650,10306,0.22517507132535478,0.2977321970244114
872,0.52008,100,270,100,581571,24039,97750,10206,0.22267405239171514,0.2980289093298292
873,0.52019,5,17,5,581588,24022,97755,10201,0.22251658082922673,0.298074394413114
874,0.5202,80,306,80,581894,23716,97835,10121,0.21968209270443514,0.2991104412329698
875,0.52023,68,241,68,582135,23475,97903,10053,0.2174497017303346,0.2998389405869721
876,0.52031,102,276,102,582411,23199,98005,9951,0.21489310459816963,0.3001809954751131
877,0.52044,177,494,177,582905,22705,98182,9774,0.21031716625291785,0.3009329104960128
878,0.52045,181,562,181,583467,22143,98363,9593,0.20511134165771241,0.3022750189059743
879,0.52046,16,55,16,583522,22088,98379,9577,0.2046018748378969,0.30244749723669667
880,0.52047,40,136,40,583658,21952,98419,9537,0.20334210233798955,0.3028676680745657
881,0.52049,170,534,170,584192,21418,98589,9367,0.19839564266923562,0.30427156082507717
882,0.52056,31,105,31,584297,21313,98620,9336,0.19742302419504243,0.3046102646089595
883,0.52062,91,301,91,584598,21012,98711,9245,0.1946348512356886,0.30554912912714416
884,0.52063,94,213,94,584811,20799,98805,9151,0.19266182518803956,0.305542570951586
885,0.52064,87,211,87,585022,20588,98892,9064,0.19070732520656564,0.30567921219479294
886,0.52066,38,111,38,585133,20477,98930,9026,0.18967912853384714,0.3059349896620683
887,0.52068,50,134,50,585267,20343,98980,8976,0.18843788210011486,0.30614959582523277
888,0.5207,14,36,14,585303,20307,98994,8962,0.1881044129089629,0.3061942669718815
889,0.52074,199,508,199,585811,19799,99193,8763,0.18339879210048537,0.3068062460612002
890,0.52075,74,190,74,586001,19609,99267,8689,0.18163881581385008,0.3070535020142766
891,0.52082,105,255,105,586256,19354,99372,8584,0.17927674237652377,0.30725177178037083
892,0.52083,78,202,78,586458,19152,99450,8506,0.17740560969283783,0.30754212162846195
893,0.52091,122,350,122,586808,18802,99572,8384,0.17416354811219387,0.3083940263370853
894,0.52095,163,344,163,587152,18458,99735,8221,0.1709770647300752,0.3081449829453878
895,0.52099,51,96,51,587248,18362,99786,8170,0.17008781355367,0.30793004673601687
896,0.52112,153,346,153,587594,18016,99939,8017,0.16688280410537626,0.30795528751968654
897,0.52114,45,166,45,587760,17850,99984,7972,0.16534514061284228,0.3087289907830532
898,0.52117,173,353,173,588113,17497,100157,7799,0.16207528993293563,0.3083096141682479
899,0.52123,49,148,49,588261,17349,100206,7750,0.16070436103597763,0.30877724212120006
900,0.52129,40,151,40,588412,17198,100246,7710,0.15930564303975694,0.30953910390236067
901,0.52132,42,109,42,588521,17089,100288,7668,0.15829597243321353,0.30973058124974756
902,0.52134,60,127,60,588648,16962,100348,7608,0.15711956723109416,0.30964590964590966
903,0.52136,53,163,53,588811,16799,100401,7555,0.1556096928378228,0.31021598094768826
904,0.52153,57,135,57,588946,16664,100458,7498,0.154359183371003,0.3103219932124824
905,0.52162,118,330,118,589276,16334,100576,7380,0.1513023824521101,0.31120856877793707
906,0.52169,18,67,18,589343,16267,100594,7362,0.150681759235244,0.31156629565364596
907,0.52181,36,109,36,589452,16158,100630,7326,0.14967208862870057,0.3119570771589167
908,0.52185,16,31,16,589483,16127,100646,7310,0.1493849346029864,0.31189998719972695
909,0.52189,124,342,124,589825,15785,100770,7186,0.14621697728704286,0.31282921945061165
910,0.52193,20,26,20,589851,15759,100790,7166,0.14597613842676646,0.3125845147219193
911,0.52198,157,296,157,590147,15463,100947,7009,0.14323428063285043,0.3118992524029904
912,0.52204,57,83,57,590230,15380,101004,6952,0.1424654488865834,0.31130216729356974
913,0.52207,45,153,45,590383,15227,101049,6907,0.14104820482418765,0.31205385379958434
914,0.52209,95,218,95,590601,15009,101144,6812,0.1390288636111008,0.31217634388891435
915,0.52214,63,204,63,590805,14805,101207,6749,0.13713920486123976,0.3131205344715598
916,0.52219,139,308,139,591113,14497,101346,6610,0.1342861906702731,0.31316624816411615
917,0.52221,80,194,80,591307,14303,101426,6530,0.13248916225128757,0.3134450151202419
918,0.52228,47,101,47,591408,14202,101473,6483,0.1315535959094446,0.3134155184916606
919,0.52229,93,224,93,591632,13978,101566,6390,0.12947867649783246,0.3137274155538099
920,0.52232,154,364,154,591996,13614,101720,6236,0.12610693245396273,0.31415617128463474
921,0.52238,38,94,38,592090,13520,101758,6198,0.12523620734373264,0.31433208236129423
922,0.5224,84,199,84,592289,13321,101842,6114,0.12339286375930934,0.31458708515564704
923,0.52256,29,94,29,592383,13227,101871,6085,0.12252213864907925,0.3150890637945319
924,0.52257,110,198,110,592581,13029,101981,5975,0.12068805809774352,0.31440749315933486
925,0.52279,78,182,78,592763,12847,102059,5897,0.11900218607580866,0.31460734101579174
926,0.5236,18,33,18,592796,12814,102077,5879,0.11869650598391937,0.3145027550419943
927,0.52375,36,54,36,592850,12760,102113,5843,0.11819630219719145,0.31408912540988015
928,0.52376,33,72,33,592922,12688,102146,5810,0.11752936381488754,0.31408800951454213
929,0.52384,19,31,19,592953,12657,102165,5791,0.11724220978917337,0.3139093668690373
930,0.52388,91,238,91,593191,12419,102256,5700,0.11503760791433547,0.3145868977316629
931,0.524,3,12,3,593203,12407,102259,5697,0.11492645151728482,0.3146818382677861
932,0.52405,25,42,25,593245,12365,102284,5672,0.11453740412760754,0.31446471142651217
933,0.52412,64,151,64,593396,12214,102348,5608,0.11313868613138686,0.31466726517787
934,0.52413,21,87,21,593483,12127,102369,5587,0.11233280225276965,0.3154002483911031
935,0.52423,70,217,70,593700,11910,102439,5517,0.11032272407277038,0.3165777242210363
936,0.52429,17,23,17,593723,11887,102456,5500,0.11010967431175664,0.3163282912520849
937,0.5243,68,281,68,594004,11606,102524,5432,0.10750676201415392,0.3188167625308135
938,0.52436,86,237,86,594241,11369,102610,5346,0.10531142317240358,0.3198324857912055
939,0.52442,19,37,19,594278,11332,102629,5327,0.10496869094816406,0.3197670928627169
940,0.52444,22,39,22,594317,11293,102651,5305,0.10460743265774945,0.31961682130377156
941,0.5246,26,22,26,594339,11271,102677,5279,0.10440364592982326,0.3189728096676737
942,0.52464,27,53,27,594392,11218,102704,5252,0.1039127051761829,0.318882817243473
943,0.52476,76,248,76,594640,10970,102780,5176,0.10161547297046945,0.32057475535736407
944,0.52483,77,164,77,594804,10806,102857,5099,0.10009633554411056,0.32059100911662997
945,0.52485,19,50,19,594854,10756,102876,5080,0.09963318388973286,0.3207880777974236
946,0.5249,69,176,69,595030,10580,102945,5011,0.09800289006632332,0.321403373741261
947,0.52492,20,29,20,595059,10551,102965,4991,0.09773426210678425,0.32112984171921244
948,0.52497,74,168,74,595227,10383,103039,4917,0.09617807254807514,0.3213725490196078
949,0.52498,78,171,78,595398,10212,103117,4839,0.09459409389010337,0.32150687661949373
950,0.52517,10,31,10,595429,10181,103127,4829,0.09430693986438919,0.32171885409726847
951,0.5254,81,164,81,595593,10017,103208,4748,0.09278780243803031,0.3215712834405689
952,0.5255,10,25,10,595618,9992,103218,4738,0.09255622661084145,0.32165648336727765
953,0.52559,14,25,14,595643,9967,103232,4724,0.0923246507836526,0.32155741610509836
954,0.52567,2,6,2,595649,9961,103234,4722,0.09226907258512727,0.3215964040046312
955,0.5257,77,163,77,595812,9798,103311,4645,0.09075919819185595,0.3216090839853216
956,0.52574,8,12,8,595824,9786,103319,4637,0.09064804179480529,0.3215003813353671
957,0.52579,60,149,60,595973,9637,103379,4577,0.08926784986475972,0.3220064724919094
958,0.52585,13,28,13,596001,9609,103392,4564,0.0890084849383082,0.32202074366753686
959,0.52591,7,3,7,596004,9606,103399,4557,0.08898069583904554,0.3217538657064181
960,0.52595,14,29,14,596033,9577,103413,4543,0.08871206787950646,0.32174220963172806
961,0.52601,20,54,20,596087,9523,103433,4523,0.08821186409277854,0.32201338459347856
962,0.52603,36,71,36,596158,9452,103469,4487,0.08755418874356219,0.3219025755075687
963,0.52607,58,90,58,596248,9362,103527,4429,0.08672051576568232,0.321151475600029
964,0.52609,11,28,11,596276,9334,103538,4418,0.0864611508392308,0.32126236183827805
965,0.52619,9,14,9,596290,9320,103547,4409,0.08633146837600504,0.3211450214873625
966,0.52621,63,170,63,596460,9150,103610,4346,0.08475675275112082,0.32202133965619445
967,0.52625,84,174,84,596634,8976,103694,4262,0.0831449849938864,0.32195195648889563
968,0.5263,9,23,9,596657,8953,103703,4253,0.08293193523287265,0.3220505830683023
969,0.52638,47,104,47,596761,8849,103750,4206,0.08196857979176701,0.32217541171964764
970,0.52642,44,84,44,596845,8765,103794,4162,0.08119048501241247,0.3219617854103814
971,0.52648,9,23,9,596868,8742,103803,4153,0.08097743525139872,0.32206281504459094
972,0.52672,50,83,50,596951,8659,103853,4103,0.08020860350513172,0.32150133207961135
973,0.52676,18,72,18,597023,8587,103871,4085,0.07954166512282781,0.3223642676767677
974,0.527,17,22,17,597045,8565,103888,4068,0.07933787839490163,0.3220137734504868
975,0.52705,156,325,156,597370,8240,104044,3912,0.07632739264144651,0.3219223173140224
976,0.52713,157,370,157,597740,7870,104201,3755,0.07290007039905147,0.32301075268817203
977,0.52728,132,417,132,598157,7453,104333,3623,0.06903738560154137,0.32710364752618276
978,0.52729,97,234,97,598391,7219,104430,3526,0.06686983585905369,0.32815262912982784
979,0.52751,151,364,151,598755,6855,104581,3375,0.06349809181518397,0.32991202346041054
980,0.5276,117,258,117,599013,6597,104698,3258,0.06110822927859498,0.33059360730593607
981,0.52783,160,410,160,599423,6187,104858,3098,0.05731038571269777,0.3336564351103931
982,0.52796,116,250,116,599673,5937,104974,2982,0.05499462744080922,0.3343424150689539
983,0.52804,113,219,113,599892,5718,105087,2869,0.05296602319463485,0.33410970071037616
984,0.52818,113,225,113,600117,5493,105200,2756,0.05088184074993516,0.33410110316401986
985,0.52866,15,27,15,600144,5466,105215,2741,0.0506317388565712,0.3339831850859023
986,0.52868,103,251,103,600395,5215,105318,2638,0.048306717551595095,0.3359225773589711
987,0.52869,100,223,100,600618,4992,105418,2538,0.04624106117307051,0.33705179282868525
988,0.5289,4,18,4,600636,4974,105422,2534,0.04607432657749454,0.33750665956313264
989,0.52895,92,189,92,600825,4785,105514,2442,0.04432361332394679,0.3378995433789954
990,0.52901,114,211,114,601036,4574,105628,2328,0.04236911334247286,0.33729353810489715
991,0.52919,58,110,58,601146,4464,105686,2270,0.0413501797028419,0.3370953370953371
992,0.52928,114,253,114,601399,4211,105800,2156,0.03900663233169069,0.3386210146065651
993,0.52936,146,238,146,601637,3973,105946,2010,0.03680203045685279,0.33595186361357177
994,0.52948,62,111,62,601748,3862,106008,1948,0.035773833784134276,0.3352839931153184
995,0.52949,72,101,72,601849,3761,106080,1876,0.03483826744229131,0.3328011353556857
996,0.53057,22,56,22,601905,3705,106102,1854,0.03431953758938827,0.33351322180248244
997,0.53081,16,36,16,601941,3669,106118,1838,0.03398606839823632,0.3337570364990013
998,0.53086,101,252,101,602193,3417,106219,1737,0.03165178406017266,0.3370197904540163
999,0.53105,120,312,120,602505,3105,106339,1617,0.028761717736855756,0.34243964421855144
1000,0.53109,118,297,118,602802,2808,106457,1499,0.026010596909852163,0.3480380775481774
1001,0.5311,57,137,57,602939,2671,106514,1442,0.02474156137685724,0.3505956722586919
1002,0.53129,124,291,124,603230,2380,106638,1318,0.02204601874837897,0.35640886965927526
1003,0.53151,104,169,104,603399,2211,106742,1214,0.020480566156582312,0.3544525547445255
1004,0.53177,91,157,91,603556,2054,106833,1123,0.019026269961836303,0.35347812401636763
1005,0.53184,123,310,123,603866,1744,106956,1000,0.016154729704694504,0.36443148688046645
1006,0.53196,104,177,104,604043,1567,107060,896,0.014515172848197413,0.3637840032480715
1007,0.53205,101,181,101,604224,1386,107161,795,0.012838563859350106,0.36451169188445665
1008,0.53246,101,198,101,604422,1188,107262,694,0.011004483308014377,0.3687566418703507
1009,0.53247,12,17,12,604439,1171,107274,682,0.010847011745525955,0.36805180787911496
1010,0.53249,91,200,91,604639,971,107365,591,0.008994405128015118,0.37836107554417414
1011,0.53271,4,21,4,604660,950,107369,587,0.00879988143317648,0.3819128171763175
1012,0.53276,70,136,70,604796,814,107439,517,0.00754010893326911,0.3884297520661157
1013,0.53293,104,167,104,604963,647,107543,413,0.00599318240764756,0.389622641509434
1014,0.533,56,84,56,605047,563,107599,357,0.005215087628293008,0.38804347826086955
1015,0.53313,61,83,61,605130,480,107660,296,0.004446255882026011,0.38144329896907214
1016,0.53317,74,107,74,605237,373,107734,222,0.0034551113416577124,0.373109243697479
1017,0.53329,102,193,102,605430,180,107836,120,0.0016673459557597539,0.4
1018,0.53339,58,86,58,605516,94,107894,62,0.0008707251102300938,0.3974358974358974
1019,0.5335,62,94,62,605610,0,107956,0,0.0,
