p,Neg,Pos,mPrec,TN,FP,FN,TP,Prec,Rec,FP/P,$\hat{p}$
0.0,"15,208",879,0.05,"15,208","590,402",879,"107,077",0.15,0.99,5.47,0.98
0.1,"92,591","5,717",0.06,"107,799","497,811","6,596","101,360",0.17,0.94,4.61,0.84
0.2,"16,373","1,439",0.08,"124,172","481,438","8,035","99,921",0.17,0.93,4.46,0.81
0.3,"89,154","9,915",0.10,"213,326","392,284","17,950","90,006",0.19,0.83,3.63,0.68
0.4,"29,075","4,207",0.13,"242,401","363,209","22,157","85,799",0.19,0.79,3.36,0.63
0.5,"118,784","18,452",0.13,"361,185","244,425","40,609","67,347",0.22,0.62,2.26,0.44
0.6,"104,381","21,042",0.17,"465,566","140,044","61,651","46,305",0.25,0.43,1.30,0.26
0.7,"21,435","5,508",0.20,"487,001","118,609","67,159","40,797",0.26,0.38,1.10,0.22
0.8,"84,632","26,806",0.24,"571,633","33,977","93,965","13,991",0.29,0.13,0.31,0.07
0.9,"20,915","8,002",0.28,"592,548","13,062","101,967","5,989",0.31,0.06,0.12,0.03
1.0,"13,062","5,989",0.31,"605,610",0,"107,956",0,nan,0.00,0.00,0.00
