p,Neg,Pos,mPrec,TN,FP,FN,TP,Prec,Rec,FP/P,$\hat{p}$
0.0,"2,029",124,0.06,"2,029","603,581",124,"107,832",0.15,1.00,5.59,1.00
0.1,"104,513","6,365",0.06,"106,542","499,068","6,489","101,467",0.17,0.94,4.62,0.84
0.2,"17,630","1,546",0.08,"124,172","481,438","8,035","99,921",0.17,0.93,4.46,0.81
0.3,"95,396","10,808",0.10,"219,568","386,042","18,843","89,113",0.19,0.83,3.58,0.67
0.4,"59,914","8,653",0.13,"279,482","326,128","27,496","80,460",0.20,0.75,3.02,0.57
0.5,"153,238","26,914",0.15,"432,720","172,890","54,410","53,546",0.24,0.50,1.60,0.32
0.6,"43,906","9,802",0.18,"476,626","128,984","64,212","43,744",0.25,0.41,1.19,0.24
0.7,"77,060","23,475",0.23,"553,686","51,924","87,687","20,269",0.28,0.19,0.48,0.10
0.8,"34,682","12,505",0.27,"588,368","17,242","100,192","7,764",0.31,0.07,0.16,0.04
0.9,"9,958","4,250",0.30,"598,326","7,284","104,442","3,514",0.33,0.03,0.07,0.02
1.0,"7,284","3,514",0.33,"605,610",0,"107,956",0,nan,0.00,0.00,0.00
