p,Neg,Pos,mPrec,TN,FP,FN,TP,Prec,Rec,FP/P,$\hat{p}$
0.0,487,18,0.04,487,"605,123",18,"107,938",0.15,1.00,5.61,1.00
0.05,"2,031",61,0.03,"2,518","603,092",79,"107,877",0.15,1.00,5.59,1.00
0.1,"25,150","1,057",0.04,"27,668","577,942","1,136","106,820",0.16,0.99,5.35,0.96
0.15,"43,915","2,260",0.05,"71,583","534,027","3,396","104,560",0.16,0.97,4.95,0.89
0.2,"33,482","2,284",0.06,"105,065","500,545","5,680","102,276",0.17,0.95,4.64,0.84
0.25,"46,122","3,652",0.07,"151,187","454,423","9,332","98,624",0.18,0.91,4.21,0.78
0.3,"66,716","6,819",0.09,"217,903","387,707","16,151","91,805",0.19,0.85,3.59,0.67
0.35,"85,662","11,042",0.11,"303,565","302,045","27,193","80,763",0.21,0.75,2.80,0.54
0.4,"93,491","14,637",0.14,"397,056","208,554","41,830","66,126",0.24,0.61,1.93,0.38
0.45,"86,003","17,591",0.17,"483,059","122,551","59,421","48,535",0.28,0.45,1.14,0.24
0.5,"52,937","14,294",0.21,"535,996","69,614","73,715","34,241",0.33,0.32,0.64,0.15
0.55,"26,360","9,056",0.26,"562,356","43,254","82,771","25,185",0.37,0.23,0.40,0.10
0.6,"15,564","6,745",0.30,"577,920","27,690","89,516","18,440",0.40,0.17,0.26,0.06
0.65,"10,362","5,589",0.35,"588,282","17,328","95,105","12,851",0.43,0.12,0.16,0.04
0.7,"7,320","4,697",0.39,"595,602","10,008","99,802","8,154",0.45,0.08,0.09,0.03
0.75,"3,715","2,819",0.43,"599,317","6,293","102,621","5,335",0.46,0.05,0.06,0.02
0.8,"4,424","3,494",0.44,"603,741","1,869","106,115","1,841",0.50,0.02,0.02,0.01
0.85,"1,620","1,538",0.49,"605,361",249,"107,653",303,0.55,0.00,0.00,0.00
0.9,229,283,0.55,"605,590",20,"107,936",20,0.50,0.00,0.00,0.00
0.95,19,19,0.50,"605,609",1,"107,955",1,0.50,0.00,0.00,0.00
1.0,1,1,0.50,"605,610",0,"107,956",0,nan,0.00,0.00,0.00
