p,Neg,Pos,$\frac{\text{Pos}}{\text{Neg}+\text{Pos}}$,TN,FP,FN,TP,Prec,Rec,$\frac{\text{FP}}{\text{P}}$
0.0,"64,212","3,648",0.05,"64,212","541,398","3,648","104,308",0.16,0.97,5.01
0.1,"46,923","3,194",0.06,"111,135","494,475","6,842","101,114",0.17,0.94,4.58
0.2,"13,037","1,193",0.08,"124,172","481,438","8,035","99,921",0.17,0.93,4.46
0.3,"67,112","7,177",0.10,"191,284","414,326","15,212","92,744",0.18,0.86,3.84
0.4,"43,505","5,695",0.12,"234,789","370,821","20,907","87,049",0.19,0.81,3.43
0.5,"64,421","9,481",0.13,"299,210","306,400","30,388","77,568",0.20,0.72,2.84
0.6,"101,644","17,639",0.15,"400,854","204,756","48,027","59,929",0.23,0.56,1.90
0.7,"64,556","13,592",0.17,"465,410","140,200","61,619","46,337",0.25,0.43,1.30
0.8,"20,334","5,162",0.20,"485,744","119,866","66,781","41,175",0.26,0.38,1.11
0.9,"68,041","20,918",0.24,"553,785","51,825","87,699","20,257",0.28,0.19,0.48
1.0,"51,825","20,257",0.28,"605,610",0,"107,956",0,nan,0.00,0.00
