,y_proba,y_test,Neg,Pos,TN,FP,FN,TP,FP/P,Prec
0,0.4367989230753623,8,607,8,607,605003,8,107948,5.604162807069547,0.15141012495949932
1,0.4368754582066346,4,628,4,1235,604375,12,107944,5.598345622290563,0.15153884706149914
2,0.4372302532138268,5,640,5,1875,603735,17,107939,5.592417281114528,0.15166916312806145
3,0.4376064692867848,2,647,2,2522,603088,19,107937,5.586424098706881,0.15180478886115115
4,0.4378801131391858,8,746,8,3268,602342,27,107929,5.579513876023565,0.15195467645448005
5,0.4386402305650187,0,103,0,3371,602239,27,107929,5.578559783615547,0.15197671536875781
6,0.4390145003108205,0,100,0,3471,602139,27,107929,5.577633480306791,0.15199811849006012
7,0.4396946259579398,2,102,2,3573,602037,29,107927,5.576688650931861,0.15201756708790867
8,0.4408877096396651,1,21,1,3594,602016,30,107926,5.576494127237022,0.15202086931045072
9,0.4425384982512682,4,271,4,3865,601745,34,107922,5.573983845270296,0.1520741418158094
10,0.4427442278582291,6,346,6,4211,601399,40,107916,5.570778835822002,0.152141150264692
11,0.4440964839556751,6,284,6,4495,601115,46,107910,5.568148134425136,0.1521949155530482
12,0.4444494831529532,4,102,4,4597,601013,50,107906,5.567203305050206,0.1522120298651891
13,0.4448090745994618,3,290,3,4887,600723,53,107903,5.564517025454815,0.15227073237504693
14,0.4448479696520637,4,100,4,4987,600623,57,107899,5.56359072214606,0.1522874377930396
15,0.4448724561562692,12,320,12,5307,600303,69,107887,5.560626551558042,0.1523418856521555
16,0.4451249629119911,14,636,14,5943,599667,83,107873,5.554735262514358,0.15246205161545637
17,0.4451894313578555,7,95,7,6038,599572,90,107866,5.55385527437104,0.15247413907649857
18,0.4455045149797109,1,47,1,6085,599525,91,107865,5.553419911815925,0.1524830715729654
19,0.4455857580082633,8,300,8,6385,599225,99,107857,5.550641001889659,0.1525381780330994
20,0.4456680185411423,5,366,5,6751,598859,104,107852,5.547250731779614,0.15261118052499537
21,0.4457612892171869,5,104,5,6855,598755,109,107847,5.546287376338508,0.15262764611478596
22,0.4458343526833089,8,402,8,7257,598353,117,107839,5.542563637037311,0.15270493010399439
23,0.4458344929441969,16,985,16,8242,597368,133,107823,5.53343954944607,0.1528990018307097
24,0.4458842740438125,2,118,2,8360,597250,135,107821,5.532346511541739,0.15292218797823198
25,0.4461743231944038,20,970,20,9330,596280,155,107801,5.523361369446811,0.15310880424269366
26,0.4462241645577943,2,55,2,9385,596225,157,107799,5.522851902626996,0.15311835960137724
27,0.4462341131903543,21,967,21,10352,595258,178,107778,5.513894549631331,0.1533036715047309
28,0.4464174822313596,15,985,15,11337,594273,193,107763,5.50477046204009,0.15350067517905064
29,0.4466042184587567,0,10,0,11347,594263,193,107763,5.504677831709214,0.1535028617173723
30,0.4466413478652019,0,14,0,11361,594249,193,107763,5.504548149245989,0.15350592297567564
31,0.4467695342461512,2,90,2,11451,594159,195,107761,5.503714476268109,0.1535231935263278
32,0.4468254621926693,29,1137,29,12588,593022,224,107732,5.49318240764756,0.15373726015120856
33,0.4470008479665958,0,63,0,12651,592959,224,107732,5.492598836563044,0.15375108285963426
34,0.4470806471198497,2,65,2,12716,592894,226,107730,5.491996739412353,0.15376293132978602
35,0.4471737550462332,0,11,0,12727,592883,226,107730,5.49189484604839,0.15376534549030635
36,0.4472777761827832,0,17,0,12744,592866,226,107730,5.4917373744859015,0.153769076614768
37,0.4475896793289057,4,136,4,12880,592730,230,107726,5.490477601985995,0.1537940998435305
38,0.4478303862307163,2,135,2,13015,592595,232,107724,5.489227092519174,0.15382132999390277
39,0.4479064255821165,0,17,0,13032,592578,232,107724,5.489069620956686,0.15382506404379825
40,0.4479539186391566,3,121,3,13153,592457,235,107721,5.487948793953092,0.1538480215031035
41,0.4486639763674733,1,137,1,13290,592320,236,107720,5.486679758420097,0.15387692131878178
42,0.448950820676634,1,3,1,13293,592317,237,107719,5.486651969320834,0.15387637207229343
43,0.448975305770203,0,51,0,13344,592266,237,107719,5.486179554633369,0.15388758330535654
44,0.4495313339925911,0,18,0,13362,592248,237,107719,5.486012820037793,0.15389154060119978
45,0.4499126084513711,1,19,1,13381,592229,238,107718,5.48583682240913,0.15389450915569322
46,0.4503392496203152,0,29,0,13410,592200,238,107718,5.48556819444959,0.15390088553230521
47,0.4506083182311641,3,48,3,13458,592152,241,107715,5.485123568861388,0.15390781391321495
48,0.4507255933334216,23,1256,23,14714,590896,264,107692,5.47348919930342,0.1541566703121153
49,0.4507660796130676,3,53,3,14767,590843,267,107689,5.472998258549779,0.1541647340422486
50,0.4508583208104538,23,1264,23,16031,589579,290,107666,5.461289784727111,0.15441630990541344
51,0.4509413113437831,18,1269,18,17300,588310,308,107648,5.449534995739005,0.15467600056325237
52,0.4513206394754069,29,1222,29,18522,587088,337,107619,5.4382155693060135,0.1549127905721405
53,0.451708679057858,11,476,11,18998,586612,348,107608,5.433806365556338,0.15500561781567804
54,0.4517420675188801,20,1255,20,20253,585357,368,107588,5.422181259031457,0.15526196162754619
55,0.4519979045494794,7,432,7,20685,584925,375,107581,5.418179628737634,0.15535027855354322
56,0.452274955248202,1,48,1,20733,584877,376,107580,5.417735003149431,0.15535982739722468
57,0.4525293312524007,0,59,0,20792,584818,376,107580,5.417188484197266,0.15537306578008603
58,0.4527270266289599,5,104,5,20896,584714,381,107575,5.41622512875616,0.15539030664939066
59,0.4527953219360493,3,38,3,20934,584676,384,107572,5.415873133498833,0.15539517629520055
60,0.4529327878131656,11,400,11,21334,584276,395,107561,5.412167920263811,0.1554715922970295
61,0.4529506301369551,2,63,2,21397,584213,397,107559,5.411584349179296,0.15548330952972944
62,0.4530131778197727,9,577,9,21974,583636,406,107550,5.406239579087776,0.1556021099964409
63,0.4531817595674603,4,532,4,22506,583104,410,107546,5.4013116454851975,0.15571707811481938
64,0.4534387749304184,9,251,9,22757,582853,419,107537,5.398986624180221,0.15576268485928244
65,0.4535744806661632,0,56,0,22813,582797,419,107537,5.398467894327318,0.15577532035217737
66,0.4536329397154771,11,501,11,23314,582296,430,107526,5.3938271147504535,0.15587499383899034
67,0.4536874210772484,0,6,0,23320,582290,430,107526,5.393771536551928,0.15587634963526506
68,0.4537385558722441,13,557,13,23877,581733,443,107513,5.388612027122161,0.1559863967291794
69,0.4537395913747265,10,631,10,24508,581102,453,107503,5.3827670532439145,0.15611707727942725
70,0.4537832101386946,10,445,10,24953,580657,463,107493,5.378645003519953,0.1562057690910412
71,0.4538518402370323,2,53,2,25006,580604,465,107491,5.3781540627663125,0.15621534817140076
72,0.4538665573219628,2,81,2,25087,580523,467,107489,5.3774037570862205,0.1562312866636047
73,0.4541167502006559,24,828,24,25915,579695,491,107465,5.369733965689726,0.1563900692706211
74,0.4541649504959483,11,265,11,26180,579430,502,107454,5.3672792619215235,0.15643689473040573
75,0.4542144475690645,0,8,0,26188,579422,502,107454,5.367205157656823,0.15643871674072177
76,0.4543167712984642,11,272,11,26460,579150,513,107443,5.364685612657008,0.1564871765369003
77,0.4543413714099406,15,440,15,26900,578710,528,107428,5.360609878098485,0.15656908668518577
78,0.4543456918125224,2,74,2,26974,578636,530,107426,5.359924413650005,0.15658351577554216
79,0.4545101730969512,12,456,12,27430,578180,542,107414,5.3557004705620805,0.15667289970448983
80,0.4545627256256946,19,432,19,27862,577748,561,107395,5.3516988402682575,0.15674829926015446
81,0.4546037927956812,5,263,5,28125,577485,566,107390,5.349262662566231,0.1568023361927359
82,0.4547230868637461,0,3,0,28128,577482,566,107390,5.349234873466968,0.1568030230466423
83,0.4548107298574982,19,480,19,28608,577002,585,107371,5.344788617584942,0.15688959091022
84,0.4548524613976299,2,18,2,28626,576984,587,107369,5.344621882989366,0.15689125349052316
85,0.454860833417368,11,315,11,28941,576669,598,107358,5.341704027566786,0.15694994495831305
86,0.4548771118318708,0,61,0,29002,576608,598,107358,5.341138982548446,0.15696394265212013
87,0.4549936062991784,1,10,1,29012,576598,599,107357,5.34104635221757,0.15696500500763938
88,0.455052061770027,1,77,1,29089,576521,600,107356,5.340333098669828,0.15698144549385343
89,0.4551549070657904,3,80,3,29169,576441,603,107353,5.339592056022824,0.15699611286440068
90,0.455202804058674,2,69,2,29238,576372,605,107351,5.338952906739783,0.15700949068555542
91,0.4552682058103826,2,12,2,29250,576360,607,107349,5.338841750342732,0.1570097804767818
92,0.4555636928016178,5,15,5,29265,576345,612,107344,5.338702804846419,0.15700706022767663
93,0.455584297947625,2,28,2,29293,576317,614,107342,5.338443439919968,0.15701102450198126
94,0.4558498792741813,0,60,0,29353,576257,614,107342,5.337887657934714,0.15702480547806535
95,0.4559269011404091,2,86,2,29439,576171,616,107340,5.337091037089184,0.15704209588433837
96,0.4559823195456741,6,74,6,29513,576097,622,107334,5.336405572640706,0.15705169944003125
97,0.4560203878776204,0,43,0,29556,576054,622,107334,5.336007262217941,0.15706158141495022
98,0.4561145726329692,1,18,1,29574,576036,623,107333,5.335840527622365,0.1570644849268843
99,0.4561945008443369,0,57,0,29631,575979,623,107333,5.335312534736374,0.15707758681246634
100,0.4562438285854983,2,121,2,29752,575858,625,107331,5.33419170773278,0.15710293930376515
101,0.4562758851224096,0,42,0,29794,575816,625,107331,5.333802660343102,0.157112598020631
102,0.4564399745737437,0,15,0,29809,575801,625,107331,5.333663714846789,0.15711604785019587
103,0.4566321808663344,17,714,17,30523,575087,642,107314,5.327049909222276,0.15725944129624664
104,0.456634575504715,18,724,18,31247,574363,660,107296,5.320343473266886,0.157404215304133
105,0.4569072871848238,0,29,0,31276,574334,660,107296,5.320074845307348,0.1574109120784003
106,0.4569544044531861,9,166,9,31442,574168,669,107287,5.318537181814813,0.1574381287098928
107,0.4570653987695371,1,7,1,31449,574161,670,107286,5.318472340583201,0.15743850952458519
108,0.4571489227642827,0,16,0,31465,574145,670,107286,5.3183241320537995,0.15744220618081656
109,0.4572966012574906,0,10,0,31475,574135,670,107286,5.3182315017229245,0.15744451667911613
110,0.4575317658760241,1,4,1,31479,574131,671,107285,5.318194449590574,0.15744420442138135
111,0.4578480055977795,24,684,24,32163,573447,695,107261,5.311858534958687,0.157572703714368
112,0.4579298971997796,1,42,1,32205,573405,696,107260,5.31146948756901,0.15758118898430212
113,0.4580158114959065,0,46,0,32251,573359,696,107260,5.311043388046982,0.15759183919344008
114,0.4581097444220662,0,2,0,32253,573357,696,107260,5.311024861980807,0.15759230227866775
115,0.4583442953470856,16,227,16,32480,573130,712,107244,5.308922153469932,0.15762507091687808
116,0.4584334408648848,2,11,2,32491,573119,714,107242,5.3088202601059695,0.1576251431225482
117,0.4584580394934304,1,53,1,32544,573066,715,107241,5.308329319352329,0.15763618484007955
118,0.4585212937153533,0,38,0,32582,573028,715,107241,5.307977324095002,0.1576449904376063
119,0.4585640127226154,14,673,14,33255,572355,729,107227,5.301743302827077,0.15778375530841016
120,0.4586357271333592,9,279,9,33534,572076,738,107218,5.29915891659565,0.15783740177301728
121,0.4587689357258476,0,31,0,33565,572045,738,107218,5.298871762569936,0.1578446051087723
122,0.4589465529769253,15,236,15,33801,571809,753,107203,5.296685686761273,0.15788086219389347
123,0.4589553124222004,7,229,7,34030,571580,760,107196,5.294564452184223,0.15792544226666824
124,0.4589605152737012,5,244,5,34274,571336,765,107191,5.29230427211086,0.15797602748306258
125,0.4589799614458044,85,2351,85,36625,568985,850,107106,5.27052688132202,0.15841950270008032
126,0.4590234565715024,87,3129,87,39754,565856,937,107019,5.241542850791063,0.15904737135426342
127,0.4593449871581122,76,2387,76,42141,563469,1013,106943,5.219431990811072,0.1595183260442832
128,0.4594284400746139,77,2326,77,44467,561143,1090,106866,5.19788617584942,0.1599768865389538
129,0.4595222102511126,13,220,13,44687,560923,1103,106853,5.195848308570159,0.16001323797201455
130,0.4597367706081002,57,1747,57,46434,559176,1160,106796,5.179665789766201,0.16036109626230532
131,0.4597421989805849,86,2313,86,48747,556863,1246,106710,5.158240394234689,0.1608112445804757
132,0.4597589075337147,3,126,3,48873,556737,1249,106707,5.157073252065657,0.16083799084775807
133,0.4597923805788986,15,267,15,49140,556470,1264,106692,5.154600022231279,0.1608837659576393
134,0.4599366498498551,70,1708,70,50848,554762,1334,106622,5.138778761717737,0.16121043145888017
135,0.4600978477658484,6,118,6,50966,554644,1340,106616,5.137685723813405,0.16123158818014094
136,0.4601818397252044,60,1711,60,52677,552933,1400,106556,5.1218366742006,0.16157358197028304
137,0.4602717053920481,5,239,5,52916,552694,1405,106551,5.119622809292675,0.16162579920970202
138,0.4603489650154592,68,1769,68,54685,550925,1473,106483,5.103236503760791,0.16197399484034267
139,0.4606300145890075,0,11,0,54696,550914,1473,106483,5.103134610396828,0.16197670509600742
140,0.4606381149039409,2,89,2,54785,550825,1475,106481,5.102310200452036,0.1619960870583868
141,0.4607384918182099,70,1763,70,56548,549062,1545,106411,5.085979473118678,0.16234230853139642
142,0.4611389727568901,9,103,9,56651,548959,1554,106402,5.08502538071066,0.16235631964672906
143,0.461262989729254,4,274,4,56925,548685,1558,106398,5.08248730964467,0.16241911330319975
144,0.4612854255580448,6,95,6,57020,548590,1564,106392,5.081607321501353,0.16243499821369137
145,0.4613100933902447,8,274,8,57294,548316,1572,106384,5.079069250435363,0.1624927447685963
146,0.4613177733619501,26,559,26,57853,547757,1598,106358,5.07389121493942,0.1625983198673016
147,0.4616458045557547,4,73,4,57926,547684,1602,106354,5.073215013524028,0.16261134674132083
148,0.4616880565855943,1,39,1,57965,547645,1603,106353,5.072853755233614,0.1626197633631907
149,0.4617445909001966,12,202,12,58167,547443,1615,106341,5.070982622549928,0.1626546382291399
150,0.4617453186523536,17,356,17,58523,547087,1632,106324,5.067684982770759,0.1627214723963937
151,0.4617955326004946,7,105,7,58628,546982,1639,106317,5.066712364296565,0.16273865412315036
152,0.4617965349393474,0,104,0,58732,546878,1639,106317,5.06574900885546,0.16276456494614933
153,0.4618532429096424,15,316,15,59048,546562,1654,106302,5.062821890399793,0.16282411038133515
154,0.4619470829497243,4,85,4,59133,546477,1658,106298,5.062034532587351,0.16284018229864808
155,0.4620242696023804,3,67,3,59200,546410,1661,106295,5.061413909370485,0.16285304999961697
156,0.4620316263047511,18,924,18,60124,545486,1679,106277,5.052854866797584,0.16306080584506946
157,0.4620445862474754,12,292,12,60416,545194,1691,106265,5.050150061136018,0.16311847714130898
158,0.4620797283928858,24,610,24,61026,544584,1715,106241,5.04449961095261,0.16324050243921176
159,0.4622583897557584,23,852,23,61878,543732,1738,106218,5.036607506762014,0.1634248788368336
160,0.4624482487473967,9,135,9,62013,543597,1747,106209,5.035356997295194,0.16344724425443902
161,0.4624588115587732,28,605,28,62618,542992,1775,106181,5.029752862277224,0.16356348769896467
162,0.4625555678388293,0,20,0,62638,542972,1775,106181,5.029567601615473,0.16356852698824467
163,0.4625781295682005,8,123,8,62761,542849,1783,106173,5.028428248545704,0.1635892157738875
164,0.4626072158971605,32,972,32,63733,541877,1815,106141,5.019424580384601,0.16379328969257026
165,0.462636755727416,22,916,22,64649,540961,1837,106119,5.010939642076401,0.16399672374358656
166,0.4626530179312778,19,956,19,65605,540005,1856,106100,5.002084182444699,0.16421479480889328
167,0.4626600342782367,27,913,27,66518,539092,1883,106073,4.993627033235763,0.16441220462982337
168,0.4626801098285537,19,1012,19,67530,538080,1902,106054,4.9842528437511575,0.16464586561181369
169,0.4626856140841647,2,37,2,67567,538043,1904,106052,4.983910111526918,0.16465272979917558
170,0.4627208479529619,8,127,8,67694,537916,1912,106044,4.982733706324799,0.16467482452326232
171,0.4627422281686548,41,1098,41,68792,536818,1953,106003,4.972562895994664,0.16490282675892667
172,0.4627567023174223,25,598,25,69390,536220,1978,105978,4.967023602208307,0.16502387114254483
173,0.462835909461316,9,641,9,70031,535579,1987,105969,4.961085997999185,0.1651770405332103
174,0.4628695842384719,12,130,12,70161,535449,1999,105957,4.959881803697803,0.1651948999541632
175,0.4629839801118217,0,4,0,70165,535445,1999,105957,4.959844751565453,0.16519593016548123
176,0.4630269036136289,29,933,29,71098,534512,2028,105928,4.951202341694764,0.16539878833302105
177,0.4630682297973428,0,17,0,71115,534495,2028,105928,4.951044870132276,0.16540317883648775
178,0.4630850896409788,1,6,1,71121,534489,2029,105927,4.950989291933751,0.16540342527357219
179,0.4631510001589404,27,650,27,71771,533839,2056,105900,4.944968320426841,0.16553625775511577
180,0.4632160803815582,2,92,2,71863,533747,2058,105898,4.944116121382786,0.16555745765229152
181,0.4632193360206637,2,14,2,71877,533733,2060,105896,4.94398643891956,0.16555847217684
182,0.4632727632910234,1,58,1,71935,533675,2061,105895,4.943449183000482,0.1655721813093172
183,0.463278402791571,23,1121,23,73056,532554,2084,105872,4.933065322909333,0.1658328451535495
184,0.4633664955627419,1,16,1,73072,532538,2085,105871,4.932917114379933,0.16583569467222423
185,0.4634672106023862,2,62,2,73134,532476,2087,105869,4.932342806328505,0.1658491881349427
186,0.4634811936271669,1,14,1,73148,532462,2088,105868,4.932213123865279,0.16585151880688673
187,0.4638265872701977,0,12,0,73160,532450,2088,105868,4.932101967468228,0.1658546367171222
188,0.4638814522940473,8,102,8,73262,532348,2096,105860,4.9311571380932975,0.16587068792619333
189,0.4640009306495168,4,16,4,73278,532332,2100,105856,4.931008929563896,0.16586961835697317
190,0.4640269177745776,5,123,5,73401,532209,2105,105851,4.929869576494127,0.16589505689120146
191,0.4640595540419803,5,120,5,73521,532089,2110,105846,4.928758012523621,0.16591972536386937
192,0.4640756687080428,5,173,5,73694,531916,2115,105841,4.9271555077994735,0.16595819410841434
193,0.4641139797932045,0,10,0,73704,531906,2115,105841,4.9270628774685985,0.16596079636595704
194,0.4641405610154246,1,16,1,73720,531890,2116,105840,4.926914668939197,0.16596365232935567
195,0.4641612972513924,7,98,7,73818,531792,2123,105833,4.926006891696617,0.16598000392079984
196,0.464176567351733,6,92,6,73910,531700,2129,105827,4.925154692652562,0.1659961068315538
197,0.4642238741532161,0,6,0,73916,531694,2129,105827,4.925099114454037,0.16599766909639055
198,0.4643543252486387,1,38,1,73954,531656,2130,105826,4.924747119196709,0.16600625586291065
199,0.4643790608689334,2,88,2,74042,531568,2132,105824,4.923931972285005,0.16602655822476592
200,0.4644470146657,6,171,6,74213,531397,2138,105818,4.922347993627033,0.1660632596533352
201,0.4645410763174525,1,12,1,74225,531385,2139,105817,4.922236837229983,0.16606507826403558
202,0.4645884392711386,4,33,4,74258,531352,2143,105813,4.9219311571380935,0.16606844380968822
203,0.4646549081304743,1,6,1,74264,531346,2144,105812,4.921875578939568,0.16606869881567837
204,0.4646981531189776,17,116,17,74380,531230,2161,105795,4.9208010671014115,0.16607668458851693
205,0.4647447832215895,7,126,7,74506,531104,2168,105788,4.91963392493238,0.1661003749458307
206,0.46487550262819,6,112,6,74618,530992,2174,105782,4.918596465226574,0.16612173235716282
207,0.464923846886094,5,88,5,74706,530904,2179,105777,4.917781318314869,0.16613814453391887
208,0.4651705091149963,0,3,0,74709,530901,2179,105777,4.917753529215607,0.16613892736987929
209,0.4652215118300386,0,49,0,74758,530852,2179,105777,4.917299640594316,0.16615171473495552
210,0.4653152953732108,1,19,1,74777,530833,2180,105776,4.917123642965652,0.16615536381043938
211,0.4654100007487211,0,2,0,74779,530831,2180,105776,4.917105116899478,0.1661558858133825
212,0.4654346677575223,1,27,1,74806,530804,2181,105775,4.916855015006114,0.16616162330205678
213,0.4655046008151382,5,173,5,74979,530631,2186,105770,4.915252510281967,0.16620024167152472
214,0.4656452897276624,44,953,44,75932,529678,2230,105726,4.906424839749527,0.16639177594097612
215,0.4659533260799632,0,7,0,75939,529671,2230,105726,4.906359998517915,0.16639360903498127
216,0.4660120364015289,0,17,0,75956,529654,2230,105726,4.906202526955426,0.16639806100286442
217,0.4660673739595206,11,141,11,76097,529513,2241,105715,4.904896439290082,0.16642056080651357
218,0.4661216275616587,0,17,0,76114,529496,2241,105715,4.904738967727592,0.16642501468016138
219,0.4661409376858703,34,922,34,77036,528574,2275,105681,4.896198451220868,0.16662225760932117
220,0.4661623237621088,0,16,0,77052,528558,2275,105681,4.896050242691467,0.16662646100287115
221,0.4662354133526977,0,7,0,77059,528551,2275,105681,4.895985401459854,0.16662830005423881
222,0.4663840167126801,1,52,1,77111,528499,2276,105680,4.895503723739301,0.16664064877581883
223,0.466546154031215,0,13,0,77124,528486,2276,105680,4.895383304309163,0.16664406480322186
224,0.4665742751347643,1,19,1,77143,528467,2277,105679,4.8952073066805,0.16664774357955423
225,0.4665896347480116,8,144,8,77287,528323,2285,105671,4.8938734299158915,0.16667507894396477
226,0.4666632534428555,46,560,46,77847,527763,2331,105625,4.888686131386861,0.1667619216025564
227,0.4667042592209139,5,78,5,77925,527685,2336,105620,4.887963614806032,0.16677588207893512
228,0.4667281993725677,31,956,31,78881,526729,2367,105589,4.879108155174331,0.16698718050095046
229,0.4668061923534615,0,23,0,78904,526706,2367,105589,4.878895105413316,0.1669932547307823
230,0.466896235359283,1,47,1,78951,526659,2368,105588,4.878459742858201,0.16700435114757364
231,0.4669453977648262,2,44,2,78995,526615,2370,105586,4.878052169402349,0.16701333911208618
232,0.4669506812476131,38,922,38,79917,525693,2408,105548,4.869511652895624,0.16720713641857865
233,0.4669624184605724,0,22,0,79939,525671,2408,105548,4.869307866167698,0.16721296412180242
234,0.4669903922250525,0,11,0,79950,525660,2408,105548,4.8692059728037345,0.16721587812575253
235,0.4670789098107297,6,43,6,79993,525617,2414,105542,4.86880766238097,0.16721935360186577
236,0.4670987487444037,34,438,34,80431,525179,2448,105508,4.864750453888622,0.16729058946830996
237,0.4673309220715886,40,923,40,81354,524256,2488,105468,4.856200674348809,0.16748289726927987
238,0.4673724517129784,30,427,30,81781,523829,2518,105438,4.852245359220423,0.16755685583385113
239,0.4673781865094438,32,515,32,82296,523314,2550,105406,4.847474897180333,0.1676517368621962
240,0.4674311584560787,31,908,31,83204,522406,2581,105375,4.839064063136833,0.16785312075389347
241,0.467477789088347,0,6,0,83210,522400,2581,105375,4.839008484938308,0.16785472502090718
242,0.467537978755205,35,958,35,84168,521442,2616,105340,4.830134499240431,0.16806481360345382
243,0.4675819176820882,39,916,39,85084,520526,2655,105301,4.821649560932232,0.1682589597444661
244,0.467651778926048,40,436,40,85520,520090,2695,105261,4.817610878506058,0.16832306976402053
245,0.4676519207177317,28,489,28,86009,519601,2723,105233,4.813081255326244,0.16841753169641857
246,0.4676859117574469,39,989,39,86998,518612,2762,105194,4.8039201156026525,0.16863255563428373
247,0.4677807178909051,0,3,0,87001,518609,2762,105194,4.80389232650339,0.16863336662375783
248,0.4678134663030937,32,422,32,87423,518187,2794,105162,4.799983326540443,0.16870485073369815
249,0.4678874662160813,0,1,0,87424,518186,2794,105162,4.799974063507355,0.16870512137682322
250,0.4679655014828916,32,539,32,87963,517647,2826,105130,4.7949812886731635,0.16880841778036118
251,0.4680534866307546,24,472,24,88435,517175,2850,105106,4.790609137055838,0.16890440170919568
252,0.4680591660825689,204,3857,204,92292,513318,3054,104902,4.754881618437141,0.169683931286597
253,0.4680611683071672,18,398,18,92690,512920,3072,104884,4.751194931268294,0.1697690529682553
254,0.4681887272814964,28,526,28,93216,512394,3100,104856,4.746322575864241,0.1698760631834751
255,0.4682248762496354,0,6,0,93222,512388,3100,104856,4.746266997665716,0.1698777144856815
256,0.4683129634027409,142,2904,142,96126,509484,3242,104714,4.719367149579458,0.17048899540539045
257,0.4683649916848055,144,2865,144,98991,506619,3386,104570,4.6928285597836155,0.17109273890727744
258,0.4684069873069917,41,518,41,99509,506101,3427,104529,4.6880303086442625,0.17118222163994562
259,0.4684709948150591,23,528,23,100037,505573,3450,104506,4.683139427174034,0.17129912683439358
260,0.4684759357822168,23,457,23,100494,505116,3473,104483,4.678906221053022,0.17139627853720232
261,0.4684957289524232,140,2873,140,103367,502243,3613,104343,4.652293526992478,0.17201682861127687
262,0.4684969471403639,7,46,7,103413,502197,3620,104336,4.651867427470451,0.17202031876254054
263,0.4686095612635732,1,7,1,103420,502190,3621,104335,4.651802586238838,0.17202093895552534
264,0.4686320882896014,22,284,22,103704,501906,3643,104313,4.649171884841973,0.17207147911893228
265,0.4687617316029753,131,2956,131,106660,498950,3774,104182,4.621790359035162,0.17273499001876869
266,0.4688120456480505,33,516,33,107176,498434,3807,104149,4.617010633961985,0.17283760079524316
267,0.4689626508588402,8,94,8,107270,498340,3815,104141,4.616139908851754,0.17285358376446727
268,0.4689985654979985,0,9,0,107279,498331,3815,104141,4.6160565415539665,0.17285616592970296
269,0.4690088111102722,5,54,5,107333,498277,3820,104136,4.615556337767239,0.17286479541444158
270,0.4691581924088434,15,456,15,107789,497821,3835,104121,4.611332394679314,0.1729751371394586
271,0.4692948919098318,2,43,2,107832,497778,3837,104119,4.610934084256549,0.1729847465596273
272,0.4693078772998698,13,282,13,108114,497496,3850,104106,4.608321908925858,0.1730479619416159
273,0.4694343343610957,6,51,6,108165,497445,3856,104100,4.607849494238393,0.17305438495873127
274,0.4695784479664721,25,437,25,108602,497008,3881,104075,4.603801548779132,0.1731458051550285
275,0.4696493573010281,0,1,0,108603,497007,3881,104075,4.603792285746045,0.17314609321190785
276,0.4696780190484341,17,279,17,108882,496728,3898,104058,4.601207899514617,0.17320310393384666
277,0.469726228184196,3,104,3,108986,496624,3901,104055,4.600244544073512,0.17322896255737258
278,0.4698211821329349,13,57,13,109043,496567,3914,104042,4.59971655118752,0.17322750741330883
279,0.4699163597533816,2,9,2,109052,496558,3916,104040,4.599633183889733,0.17322735007442583
280,0.4700782206467461,5,56,5,109108,496502,3921,104035,4.59911445403683,0.17323661989186345
281,0.4700822490093202,6,56,6,109164,496446,3927,104029,4.598595724183927,0.173244514759149
282,0.4701095562031468,8,310,8,109474,496136,3935,104021,4.595724183926785,0.17332298048677264
283,0.4701489928376978,0,20,0,109494,496116,3935,104021,4.595538923265034,0.1733287566005762
284,0.4702878640622394,24,441,24,109935,495675,3959,103997,4.591453925673423,0.17342313798209688
285,0.4703039338640656,18,426,18,110361,495249,3977,103979,4.587507873578124,0.17352159778915538
286,0.4703077353265206,8,202,8,110563,495047,3985,103971,4.585636740894438,0.1735690747189567
287,0.4703593849458137,52,860,52,111423,494187,4037,103919,4.577670532439142,0.17374679404654025
288,0.4703847401031812,14,183,14,111606,494004,4051,103905,4.575975397384119,0.17378062547979709
289,0.4704075997720808,52,615,52,112221,493389,4103,103853,4.570278632035274,0.1738876368373289
290,0.4704094785703092,37,476,37,112697,492913,4140,103816,4.565869428285598,0.1739751210348416
291,0.4704933455910557,6,70,6,112767,492843,4146,103810,4.565221015969469,0.1739872254057216
292,0.4705778942862605,2,68,2,112835,492775,4148,103808,4.564591129719515,0.17400428775208143
293,0.4706287354775281,0,2,0,112837,492773,4148,103808,4.56457260365334,0.1740048710904303
294,0.4706716737271962,14,303,14,113140,492470,4162,103794,4.561765904627811,0.1740739001516107
295,0.4706879397650331,11,200,11,113340,492270,4173,103783,4.559913298010301,0.17411706677090796
296,0.4707200284753677,0,5,0,113345,492265,4173,103783,4.559866982844863,0.17411852736692346
297,0.4707277423341806,7,84,7,113429,492181,4180,103776,4.559088888065508,0.17413336868263984
298,0.4707438325493573,27,465,27,113894,491716,4207,103749,4.554781577679796,0.17423190279865317
299,0.4707699118924722,66,505,66,114399,491211,4273,103683,4.55010374597058,0.174288192518331
300,0.4708073846500699,18,323,18,114722,490888,4291,103665,4.547111786283301,0.1743578789443498
301,0.4708202508564523,19,349,19,115071,490539,4310,103646,4.543878987735744,0.17443388843541993
302,0.4708321337449266,33,484,33,115555,490055,4343,103613,4.539395679721368,0.17453020880357373
303,0.4708379101037191,13,344,13,115899,489711,4356,103600,4.536209196339249,0.1746133140966542
304,0.4708930856071314,16,331,16,116230,489380,4372,103584,4.533143132387269,0.17468851397386687
305,0.4708936403219617,29,293,29,116523,489087,4401,103555,4.530429063692615,0.1747344940115618
306,0.4709635245308938,2,54,2,116577,489033,4403,103553,4.529928859905888,0.1747476315674012
307,0.4709877302922002,7,81,7,116658,488952,4410,103546,4.529178554225796,0.1747617713477514
308,0.4709882738181447,22,297,22,116955,488655,4432,103524,4.526427433398792,0.17481876257010126
309,0.4709892048818271,49,899,49,117854,487756,4481,103475,4.518099966653081,0.1750161950236033
310,0.4709985590185431,5,101,5,117955,487655,4486,103470,4.517164400311238,0.17503912032142102
311,0.4710714324734905,25,467,25,118422,487188,4511,103445,4.51283856385935,0.1751426012430731
312,0.4710876927547199,27,475,27,118897,486713,4538,103418,4.508438623142762,0.1752458352467503
313,0.4711644242474621,35,477,35,119374,486236,4573,103383,4.504020156359998,0.1753386508915079
314,0.4711795508224869,38,398,38,119772,485838,4611,103345,4.500333469191152,0.1754039067658096
315,0.4712110259722597,0,1,0,119773,485837,4611,103345,4.500324206158065,0.17540420447332064
316,0.4712298936211526,7,85,7,119858,485752,4618,103338,4.499536848345622,0.1754197151538814
317,0.4712585024059382,12,198,12,120056,485554,4630,103326,4.497702767794286,0.1754618937644342
318,0.4713072216109113,40,577,40,120633,484977,4670,103286,4.492357997702768,0.17557793027948385
319,0.471343017373993,0,21,0,120654,484956,4670,103286,4.4921634740079295,0.17558419834013891
320,0.4713575633524757,14,220,14,120874,484736,4684,103272,4.490125606728667,0.17563026353382946
321,0.4713678002260459,2,56,2,120930,484680,4686,103270,4.489606876875764,0.175644187430904
322,0.471503357212282,2,12,2,120942,484668,4688,103268,4.489495720478714,0.1756449681597997
323,0.4715041190993294,1,19,1,120961,484649,4689,103267,4.48931972285005,0.1756492424087795
324,0.4715348493755648,6,57,6,121018,484592,4695,103261,4.48879172996406,0.1756578600432421
325,0.471681285053568,101,2076,101,123094,482516,4796,103160,4.469561673274297,0.17613834270142537
326,0.471704909844678,114,2079,114,125173,480437,4910,103046,4.450303827485272,0.17660497392383326
327,0.4717132710122669,2,72,2,125245,480365,4912,103044,4.449636889102968,0.17662394649379767
328,0.4717292343058273,5,93,5,125338,480272,4917,103039,4.448775427025826,0.17664504869615008
329,0.4717635837928549,0,6,0,125344,480266,4917,103039,4.4487198488273,0.17664686570490568
330,0.4717828454012422,105,2192,105,127536,478074,5022,102934,4.428415280299381,0.17716451408586456
331,0.4718111072856487,3,18,3,127554,478056,5025,102931,4.428248545703806,0.17716575413907712
332,0.4719184943106478,0,12,0,127566,478044,5025,102931,4.428137389306754,0.17716941348595033
333,0.4719202660599929,91,2110,91,129676,475934,5116,102840,4.408592389492015,0.17768593613396594
334,0.4720969390398926,4,48,4,129724,475886,5120,102836,4.408147763903813,0.1776949899951963
335,0.4721130959321626,2,21,2,129745,475865,5122,102834,4.407953240208974,0.177698596334191
336,0.4721659148683509,9,81,9,129826,475784,5131,102825,4.407202934528883,0.17771068199768755
337,0.4721863831764102,5,35,5,129861,475749,5136,102820,4.406878728370818,0.17771432620828284
338,0.472259914967893,5,45,5,129906,475704,5141,102815,4.406461891881878,0.17772104286981066
339,0.4723066463252595,112,2495,112,132401,473209,5253,102703,4.38335062432843,0.17833106446818264
340,0.4723158413587194,8,63,8,132464,473146,5261,102695,4.3827670532439145,0.1783391595944019
341,0.4723183787795493,8,78,8,132542,473068,5269,102687,4.382044536663085,0.17835190315325095
342,0.4723183834875176,5,157,5,132699,472911,5274,102682,4.380590240468339,0.17839341340148335
343,0.4724098555810661,0,7,0,132706,472904,5274,102682,4.380525399236726,0.1783955829363466
344,0.4724452538776241,0,36,0,132742,472868,5274,102682,4.380191930045574,0.17840674137781254
345,0.472496839423518,7,79,7,132821,472789,5281,102675,4.379460150431657,0.17842123920870812
346,0.4725085207973644,0,14,0,132835,472775,5281,102675,4.3793304679684315,0.1784255799808845
347,0.4725129931964817,7,93,7,132928,472682,5288,102668,4.378469005891289,0.17844442513252803
348,0.472526742661849,5,62,5,132990,472620,5293,102663,4.377894697839861,0.17845651618420846
349,0.4725751344629062,0,7,0,132997,472613,5293,102663,4.377829856608248,0.17845868765601208
350,0.4725868028499226,8,107,8,133104,472506,5301,102655,4.3768387120678796,0.17848046025373765
351,0.4726017821904394,24,592,24,133696,471914,5325,102631,4.371354996480047,0.17863004638453037
352,0.4726091660228703,1,12,1,133708,471902,5326,102630,4.371243840082997,0.1786323477195352
353,0.4726805654872831,0,12,0,133720,471890,5326,102630,4.371132683685946,0.17863607881361832
354,0.4726808078895786,3,39,3,133759,471851,5329,102627,4.370771425395532,0.17864391673832591
355,0.4727411212071416,5,119,5,133878,471732,5334,102622,4.369669124458112,0.17867377958541247
356,0.4727656302949192,1,19,1,133897,471713,5335,102621,4.3694931268294495,0.1786782603850721
357,0.4728732584622944,2,26,2,133923,471687,5337,102619,4.369252287969172,0.1786834892896818
358,0.4728970170048219,6,92,6,134015,471595,5343,102613,4.368400088925117,0.17870353600089167
359,0.4731067107203215,22,284,22,134299,471311,5365,102591,4.365769387528252,0.17876048523964022
360,0.4731333854775498,23,542,23,134841,470769,5388,102568,4.360748823594798,0.17889653031288755
361,0.4731569782132476,3,30,3,134871,470739,5391,102565,4.360470932602171,0.17890159496532382
362,0.4731612571859968,1,24,1,134895,470715,5392,102564,4.36024861980807,0.17890765229495587
363,0.4732084328624156,14,143,14,135038,470572,5406,102550,4.35892400607655,0.17893223432358207
364,0.4732092963150116,1,24,1,135062,470548,5407,102549,4.358701693282448,0.17893829491342653
365,0.4732568256912999,16,138,16,135200,470410,5423,102533,4.357423394716366,0.17895846532726642
366,0.4732805744880908,0,2,0,135202,470408,5423,102533,4.357404868650191,0.17895909002846716
367,0.4733427669770503,25,269,25,135471,470139,5448,102508,4.354913112749639,0.17900731165971356
368,0.4735506985469021,0,9,0,135480,470130,5448,102508,4.354829745451851,0.17901012507028874
369,0.4735664505226257,1,11,1,135491,470119,5449,102507,4.354727852087888,0.1790121300814144
370,0.4736686896467934,0,9,0,135500,470110,5449,102507,4.3546444847901,0.17901494367090046
371,0.4736916066790153,0,3,0,135503,470107,5449,102507,4.354616695690837,0.1790158815537168
372,0.4737292182617817,20,289,20,135792,469818,5469,102487,4.351939679128534,0.17907758974672597
373,0.473791148168503,3,40,3,135832,469778,5472,102484,4.351569157805032,0.17908580335580557
374,0.4738387585689113,11,215,11,136047,469563,5483,102473,4.349577605691207,0.17913732702137627
375,0.4740969166808294,23,547,23,136594,469016,5506,102450,4.344510726592316,0.17927575743788782
376,0.4742038907478538,1,8,1,136602,469008,5507,102449,4.344436622327615,0.17927683097765887
377,0.4742650307528408,0,18,0,136620,468990,5507,102449,4.344269887732039,0.17928247809477477
378,0.4742750192250655,14,237,14,136857,468753,5521,102435,4.342074548890289,0.17933675077207503
379,0.4743593105001456,0,3,0,136860,468750,5521,102435,4.342046759791026,0.17933769269150976
380,0.4744532037829386,1,25,1,136885,468725,5522,102434,4.3418151839638375,0.17934410558180822
381,0.4745176362140636,1,8,1,136893,468717,5523,102433,4.341741079699137,0.1793451807756281
382,0.4745423751159648,14,79,14,136972,468638,5537,102419,4.34100930008522,0.17934987225443344
383,0.4745547076932658,19,296,19,137268,468342,5556,102400,4.338267442291304,0.17941556780471737
384,0.4746066625160809,10,184,10,137452,468158,5566,102390,4.336563044203194,0.17945904639048774
385,0.4748688270228062,0,21,0,137473,468137,5566,102390,4.336368520508355,0.17946565193233624
386,0.4749406157871843,0,6,0,137479,468131,5566,102390,4.33631294230983,0.1794675393193239
387,0.4749653639855802,7,54,7,137533,468077,5573,102383,4.335812738523102,0.17947445920835817
388,0.4749672936288413,21,272,21,137805,467805,5594,102362,4.3332931935232875,0.17952985704188423
389,0.4749884036320093,2,9,2,137814,467796,5596,102360,4.3332098262255,0.1795298128933134
390,0.475021413868649,0,22,0,137836,467774,5596,102360,4.333006039497573,0.17953674048557006
391,0.4750472219416278,3,25,3,137861,467749,5599,102357,4.332774463670384,0.179540296015127
392,0.4750636550297808,4,49,4,137910,467700,5603,102353,4.332320575049094,0.17954997166930092
393,0.4750913140017042,26,653,26,138563,467047,5629,102327,4.326271814442921,0.17971842760645904
394,0.4750970674061855,0,5,0,138568,467042,5629,102327,4.326225499277483,0.17972000583101644
395,0.4751218158234626,10,60,10,138628,466982,5639,102317,4.3256697172922305,0.17972453842357003
396,0.4751354380541472,0,20,0,138648,466962,5639,102317,4.325484456630479,0.17973085253452173
397,0.4751596979173576,0,2,0,138650,466960,5639,102317,4.325465930564304,0.17973148397001812
398,0.4751701530210567,0,2,0,138652,466958,5639,102317,4.325447404498129,0.17973211540995127
399,0.4751712554516248,0,17,0,138669,466941,5639,102317,4.3252899329356405,0.17973748282852414
400,0.4752887777670662,150,2523,150,141192,464418,5789,102167,4.301919300455741,0.18032069327638395
401,0.475438175478205,3,33,3,141225,464385,5792,102164,4.3016136203638515,0.18032685610600319
402,0.4754421081810007,1,40,1,141265,464345,5793,102163,4.30124309904035,0.18033814173851032
403,0.4754675925646693,15,186,15,141451,464159,5808,102148,4.299520174886065,0.18037566196427027
404,0.4754756602903096,21,189,21,141640,463970,5829,102127,4.297769461632517,0.18040547821309774
405,0.4754923745933234,131,1971,131,143611,461999,5960,101996,4.279512023416948,0.18084557487211766
406,0.4756147385822465,3,35,3,143646,461964,5963,101993,4.279187817258883,0.18085244087758465
407,0.4756266918291701,16,258,16,143904,461706,5979,101977,4.276797954722294,0.18091196647761243
408,0.4756395182036856,0,2,0,143906,461704,5979,101977,4.276779428656119,0.18091260837246598
409,0.4756845511342218,126,1863,126,145769,459841,6105,101851,4.259522398014005,0.18132891335464987
410,0.4757171068332363,89,1097,89,146866,458744,6194,101762,4.2493608507169585,0.18155381030711534
411,0.4757234363331591,155,2008,155,148874,456736,6349,101607,4.23076068027715,0.18197953587669227
412,0.4757396374812231,11,153,11,149027,456583,6360,101596,4.229343436214754,0.18201329680980474
413,0.4757738248100397,19,176,19,149203,456407,6379,101577,4.2277131423913445,0.1820428542753914
414,0.4757787231131632,20,215,20,149418,456192,6399,101557,4.22572159027752,0.18208369714692452
415,0.4758758281378494,134,1884,134,151302,454308,6533,101423,4.2082700359405685,0.1825037653109148
416,0.4758863522074728,0,4,0,151306,454304,6533,101423,4.208232983808218,0.1825050789326414
417,0.475916807175473,6,85,6,151391,454219,6539,101417,4.207445625995776,0.18252417050011158
418,0.4760051335094356,103,1549,103,152940,452670,6642,101314,4.193097187743154,0.18288253812384472
419,0.4760238701436658,0,1,0,152941,452669,6642,101314,4.193087924710067,0.18288286824685956
420,0.4760486136666969,1,2,1,152943,452667,6643,101313,4.193069398643892,0.1828820535037366
421,0.4760534148082197,97,1375,97,154318,451292,6740,101216,4.180332728148505,0.18319372751163784
422,0.4761203958328932,0,3,0,154321,451289,6740,101216,4.180304939049242,0.18319472221970842
423,0.476149639674867,7,43,7,154364,451246,6747,101209,4.179906628626478,0.1831986315627517
424,0.4761911698087689,4,95,4,154459,451151,6751,101205,4.17902664048316,0.18322422495636873
425,0.4762708089596616,0,45,0,154504,451106,6751,101205,4.178609803994219,0.18323915330312088
426,0.4762774272762953,10,108,10,154612,450998,6761,101195,4.177609396420764,0.18326020069070054
427,0.4762914677580804,99,1325,99,155937,449673,6860,101096,4.165335877579754,0.18355426685234644
428,0.4764112047133256,72,792,72,156729,448881,6932,101024,4.157999555374412,0.18371173202644092
429,0.4764411157460661,116,1466,116,158195,447415,7048,100908,4.144419948868057,0.18403021576698406
430,0.4764440104444392,103,1771,103,159966,445644,7151,100805,4.128015117269999,0.184472841930354
431,0.4764700202561921,111,1523,111,161489,444121,7262,100694,4.113907517877654,0.18482237089654285
432,0.4764863058065459,121,1848,121,163337,442273,7383,100573,4.096789432731854,0.18526985553914002
433,0.47655515111661,78,828,78,164165,441445,7461,100495,4.089119641335359,0.18543565708381002
434,0.4765911204859356,101,1307,101,165472,440138,7562,100394,4.077012857089925,0.1857318345629861
435,0.476591899316637,0,1,0,165473,440137,7562,100394,4.077003594056838,0.18573217817294474
436,0.4766143703848365,8,160,8,165633,439977,7570,100386,4.075521508762829,0.1857751178374537
437,0.4766345471847321,68,821,68,166454,439156,7638,100318,4.067916558597947,0.18595520822134154
438,0.4766357147054045,116,1766,116,168220,437390,7754,100202,4.051558042165326,0.18639042247652496
439,0.476671038382411,0,1,0,168221,437389,7754,100202,4.051548779132239,0.18639076919070446
440,0.476723770310641,118,1539,118,169760,435850,7872,100084,4.037292971210493,0.18674687554810854
441,0.4767580943169833,0,4,0,169764,435846,7872,100084,4.0372559190781425,0.18674826936353628
442,0.4767707764759734,6,39,6,169803,435807,7878,100078,4.036894660787729,0.1867527547888073
443,0.4768368666912298,1,30,1,169833,435777,7879,100077,4.036616769795102,0.1867616925505828
444,0.4768515897195675,73,817,73,170650,434960,7952,100004,4.02904887176257,0.1869359433531976
445,0.476852279598415,1,45,1,170695,434915,7953,100003,4.02863203527363,0.18695014936868828
446,0.4768622192330718,88,1922,88,172617,432993,8041,99915,4.010828485679351,0.1874901483933437
447,0.4768672037320494,101,1517,101,174134,431476,8142,99814,3.996776464485531,0.18787103088708615
448,0.4770143935447881,2,35,2,174169,431441,8144,99812,3.9964522583274666,0.18788035079331317
449,0.4770235260040784,97,1279,97,175448,430162,8241,99715,3.984604839008485,0.1881851825989805
450,0.4770351173803859,0,3,0,175451,430159,8241,99715,3.9845770499092223,0.18818624805142353
451,0.4770384098408741,0,6,0,175457,430153,8241,99715,3.984521471710697,0.1881883789925038
452,0.4770888160662679,2,42,2,175499,430111,8243,99713,3.98413242432102,0.18820023253004772
453,0.4771249756661107,17,314,17,175813,429797,8260,99696,3.9812238319315276,0.18828577526048504
454,0.4771339172401244,89,1405,89,177218,428392,8349,99607,3.968209270443514,0.18864997850374718
455,0.4771473931214791,3,11,3,177229,428381,8352,99604,3.968107377079551,0.18864929874901748
456,0.4772272106389018,73,1041,73,178270,427340,8425,99531,3.958464559635407,0.18890961924266092
457,0.477232396114817,0,3,0,178273,427337,8425,99531,3.9584367705361445,0.18891069489891207
458,0.4772617462488346,115,1911,115,180184,425426,8540,99416,3.9407351143058285,0.18942081616943765
459,0.4772653122274632,0,43,0,180227,425383,8540,99416,3.9403368038830635,0.18943633657838524
460,0.4774017393336104,9,157,9,180384,425226,8549,99407,3.9388825076883176,0.18947912159547722
461,0.4774234351060046,0,5,0,180389,425221,8549,99407,3.9388361925228796,0.18948092743810852
462,0.477470568065923,11,304,11,180693,424917,8560,99396,3.9360202304642633,0.18957378512453438
463,0.4775147975896183,3,30,3,180723,424887,8563,99393,3.9357423394716364,0.18957999542229342
464,0.4775496134462386,0,2,0,180725,424885,8563,99393,3.9357238134054615,0.1895807186263776
465,0.4775517081994788,2,36,2,180761,424849,8565,99391,3.9353903442143094,0.18959064550587518
466,0.4775910001337983,52,914,52,181675,423935,8617,99339,3.926923931972285,0.18984126862790812
467,0.4776972742896369,2,4,2,181679,423931,8619,99337,3.926886879839935,0.18983962329055093
468,0.4778227602176148,11,76,11,181755,423855,8630,99326,3.926182889325281,0.18985016657715018
469,0.4778282922270079,15,325,15,182080,423530,8645,99311,3.9231724035718254,0.18994493545838984
470,0.4779509325083705,19,137,19,182217,423393,8664,99292,3.9219033680388304,0.18996527545271052
471,0.477982755260579,16,329,16,182546,423064,8680,99276,3.918855830153025,0.19006011410192594
472,0.4780053494777638,11,141,11,182687,422923,8691,99265,3.91754974248768,0.19009437214183397
473,0.4780173722394487,29,402,29,183089,422521,8720,99236,3.9138260031864833,0.19019581912652825
474,0.4780211359586509,20,324,20,183413,422197,8740,99216,3.910824780466116,0.19028294269609694
475,0.4780389926864389,1,37,1,183450,422160,8741,99215,3.9104820482418763,0.19029489331095661
476,0.4780694325388685,12,74,12,183524,422086,8753,99203,3.9097965837933972,0.1903032674773494
477,0.4780976122031129,0,1,0,183525,422085,8753,99203,3.9097873207603095,0.19030363254093707
478,0.4781239882641864,4,92,4,183617,421993,8757,99199,3.908935121716255,0.19033101045296166
479,0.4781587434575233,2,40,2,183657,421953,8759,99197,3.9085646003927526,0.19034251175285427
480,0.478181596879312,0,1,0,183658,421952,8759,99197,3.908555337359665,0.19034287698911445
481,0.4782757286712525,3,7,3,183665,421945,8762,99194,3.908490496128052,0.19034077280725487
482,0.4782899138800817,1,6,1,183671,421939,8763,99193,3.908434917929527,0.1903414106214932
483,0.4783373475622587,4,143,4,183814,421796,8767,99189,3.9071103041980066,0.19038743917771145
484,0.4783534681506931,10,83,10,183897,421713,8777,99179,3.90634147245174,0.19040223309246446
485,0.4783575910549575,34,548,34,184445,421165,8811,99145,3.90126533031976,0.19054986450385347
486,0.4784583321219783,16,129,16,184574,421036,8827,99129,3.9000703990514656,0.1905722222756241
487,0.4784853346837736,68,941,68,185515,420095,8895,99061,3.891353884916077,0.19081162502215135
488,0.4785472729689086,10,55,10,185570,420040,8905,99051,3.8908444180962616,0.19081625379750372
489,0.4785516079511443,16,108,16,185678,419932,8921,99035,3.8898440105228054,0.1908310162303191
490,0.478651944521011,19,195,19,185873,419737,8940,99016,3.8880377190707325,0.19087311302296084
491,0.4786530881923548,8,146,8,186019,419591,8948,99008,3.8866853162399497,0.19091436736283718
492,0.4786919794761902,0,4,0,186023,419587,8948,99008,3.8866482641075994,0.19091583991361274
493,0.47870348985904,6,69,6,186092,419518,8954,99002,3.8860091148245584,0.1909318830517627
494,0.4788237441977843,0,24,0,186116,419494,8954,99002,3.8857868020304567,0.1909407208541628
495,0.4788631963144413,17,190,17,186306,419304,8971,98985,3.8840268257438217,0.19098418064053066
496,0.4788972320648782,3,61,3,186367,419243,8974,98982,3.8834617807254808,0.19100197790535
497,0.4789243848799567,0,1,0,186368,419242,8974,98982,3.883452517692393,0.1910023464756553
498,0.4789383889431479,1,3,1,186371,419239,8975,98981,3.8834247285931305,0.19100189108872678
499,0.4789436094787017,8,40,8,186411,419199,8983,98973,3.8830542072696286,0.1910041453417012
500,0.4789723695416377,0,1,0,186412,419198,8983,98973,3.883044944236541,0.19100451395388782
501,0.4789738334883446,0,10,0,186422,419188,8983,98973,3.8829523139056654,0.19100820015400619
502,0.4789749629844392,17,150,17,186572,419038,9000,98956,3.881562858942532,0.19103696181809054
503,0.4789902648004044,19,129,19,186701,418909,9019,98937,3.8803679276742375,0.1910548695944354
504,0.4790024414312478,33,556,33,187257,418353,9052,98904,3.8752176812775576,0.19120862549950993
505,0.4790262366202803,32,517,32,187774,417836,9084,98872,3.870428693171292,0.19134985330205842
506,0.4791222434987575,6,168,6,187942,417668,9090,98866,3.868872503612583,0.19140269565991783
507,0.4791313594330046,3,40,3,187982,417628,9093,98863,3.868501982289081,0.1914128222950642
508,0.4791385093338673,15,115,15,188097,417513,9108,98848,3.867436733484012,0.19143196329699572
509,0.4791403270946689,5,46,5,188143,417467,9113,98843,3.8670106339619843,0.19144118843330557
510,0.4791456144442274,40,597,40,188740,416870,9153,98803,3.861480603208715,0.19160010316615375
511,0.4792023885875038,12,149,12,188889,416721,9165,98791,3.860100411278669,0.19163666413196978
512,0.4792450657012551,1,17,1,188906,416704,9166,98790,3.8599429397161806,0.1916414158069735
513,0.4792734952150941,7,50,7,188956,416654,9173,98783,3.859479788061803,0.1916490279122376
514,0.479348302046313,58,930,58,189886,415724,9231,98725,3.8508651672903778,0.19190434814724103
515,0.4793641078067114,25,522,25,190408,415202,9256,98700,3.846029864018674,0.19205996474035905
516,0.4793687423537814,42,712,42,191120,414490,9298,98658,3.8394345844603355,0.19226032255801445
517,0.4794013681287383,10,102,10,191222,414388,9308,98648,3.8384897550854054,0.1922828027662776
518,0.4794064723853157,7,84,7,191306,414304,9315,98641,3.837711660306051,0.19230326838160036
519,0.4794115400664501,8,117,8,191423,414187,9323,98633,3.836627885434807,0.19233454233454234
520,0.4795100138492006,0,3,0,191426,414184,9323,98633,3.836600096335544,0.19233566749932238
521,0.4795857475983879,1,12,1,191438,414172,9324,98632,3.8364889399384934,0.19233859330270434
522,0.4796890238212287,1,3,1,191441,414169,9325,98631,3.836461150839231,0.19233814352574102
523,0.479733041776235,31,702,31,192143,413467,9356,98600,3.8299585016117677,0.19255292764423407
524,0.479751105786,1,0,1,192143,413467,9357,98599,3.8299585016117677,0.19255135080243563
525,0.4797644242361458,4,31,4,192174,413436,9361,98595,3.8296713475860535,0.1925567006685142
526,0.4797804769504412,2,23,2,192197,413413,9363,98593,3.82945829782504,0.19256219653675932
527,0.479907835600831,19,166,19,192363,413247,9382,98574,3.827920634332506,0.19259467665453353
528,0.4799271957757608,51,680,51,193043,412567,9433,98523,3.821621771832969,0.19277035355808175
529,0.4799519992512356,83,861,83,193904,411706,9516,98440,3.8136463003445846,0.19296436706354653
530,0.480051443513612,140,1762,140,195666,409944,9656,98300,3.7973248360443144,0.19341103879239105
531,0.4800743545814691,82,833,82,196499,409111,9738,98218,3.789608729482382,0.19359823704144646
532,0.4801091503204756,0,11,0,196510,409100,9738,98218,3.7895068361184188,0.19360243476478264
533,0.4801335121436924,75,802,75,197312,408298,9813,98143,3.7820778835822,0.19378960234262235
534,0.480168605470006,49,653,49,197965,407645,9862,98094,3.7760291229760274,0.1939617075210731
535,0.4803291259890302,2,10,2,197975,407635,9864,98092,3.7759364926451515,0.1939623551837256
536,0.4803519069605794,123,1035,123,199010,406600,9987,97969,3.7663492533995333,0.19416373181864124
537,0.4803706136195663,1,8,1,199018,406592,9988,97968,3.7662751491348327,0.19416521325511338
538,0.4804023390703086,60,859,60,199877,405733,10048,97908,3.7583182037126237,0.19440037645862826
539,0.4804139331919715,0,24,0,199901,405709,10048,97908,3.7580958909185225,0.1944096406594694
540,0.4804294442687605,10,76,10,199977,405633,10058,97898,3.757391900403868,0.19442298488077198
541,0.4804499756869275,4,48,4,200025,405585,10062,97894,3.7569472748156656,0.1944351204320339
542,0.4804621035591595,1,45,1,200070,405540,10063,97893,3.7565304383267257,0.19445090011977761
543,0.4804869315276264,10,86,10,200156,405454,10073,97883,3.755733817481196,0.19446811976866393
544,0.4805493201726446,6,23,6,200179,405431,10079,97877,3.7555207677201823,0.19446740365740262
545,0.4805640712300314,1,5,1,200184,405426,10080,97876,3.7554744525547443,0.1944677350775479
546,0.4805655181336155,4,21,4,200205,405405,10084,97872,3.7552799288599057,0.19446944724277088
547,0.4806807707060868,2,71,2,200276,405334,10086,97870,3.7546222535106897,0.19449368446991677
548,0.4806977671167567,13,129,13,200405,405205,10099,97857,3.753427322242395,0.1945227427235609
549,0.4807525389916111,3,4,3,200409,405201,10102,97854,3.753390270110045,0.1945194859409011
550,0.4807754770046361,23,189,23,200598,405012,10125,97831,3.7516395568564973,0.19455575597154579
551,0.4808261435116422,2,13,2,200611,404999,10127,97829,3.751519137426359,0.19455758231442957
552,0.4808353955827861,0,19,0,200630,404980,10127,97829,3.7513431397976955,0.19456493419966628
553,0.4808735749932765,8,56,8,200686,404924,10135,97821,3.7508244099447925,0.19457378989348476
554,0.4808743049979978,1,5,1,200691,404919,10136,97820,3.7507780947793545,0.1945741229544555
555,0.4808854967764848,7,56,7,200747,404863,10143,97813,3.7502593649264515,0.1945845833101242
556,0.4809091414427399,0,2,0,200749,404861,10143,97813,3.7502408388602766,0.19458535750804695
557,0.4809103318143752,8,78,8,200827,404783,10151,97805,3.7495183222794473,0.19460273623723606
558,0.4809219896994405,1,12,1,200839,404771,10152,97804,3.7494071658823964,0.1946057802318062
559,0.4809289855082075,0,2,0,200841,404769,10152,97804,3.7493886398162215,0.1946065546696699
560,0.4810400603655171,0,1,0,200842,404768,10152,97804,3.749379376783134,0.19460694189091315
561,0.4810417067407937,0,13,0,200855,404755,10152,97804,3.7492589573529957,0.19461197590730642
562,0.4810665418666115,6,70,6,200925,404685,10158,97798,3.748610545036867,0.19462947005172315
563,0.4811515752526913,0,2,0,200927,404683,10158,97798,3.7485920189706916,0.19463024472567123
564,0.4811601303011613,13,91,13,201018,404592,10171,97785,3.747749082959724,0.1946446592897366
565,0.4812101619344419,5,72,5,201090,404520,10176,97780,3.7470821445774205,0.19466454310173203
566,0.4812621073927018,13,50,13,201140,404470,10189,97767,3.7466189929230427,0.19466307739174932
567,0.481279509283009,9,107,9,201247,404363,10198,97758,3.7456278483826746,0.19469012449190534
568,0.4814268860198594,6,7,6,201254,404356,10204,97752,3.7455630071510617,0.1946832155631856
569,0.4814569754168226,1,23,1,201277,404333,10205,97751,3.7453499573900477,0.1946905298714956
570,0.4814983279741837,27,169,27,201446,404164,10232,97724,3.743784504798251,0.19471276460086712
571,0.4815047173348577,3,55,3,201501,404109,10235,97721,3.7432750379784356,0.1947292907956878
572,0.4815089518834196,10,71,10,201572,404038,10245,97711,3.742617362629219,0.1947407966931673
573,0.4815571210582796,5,47,5,201619,403991,10250,97706,3.7421820000741044,0.19475101505490366
574,0.4815606871020154,23,180,23,201799,403811,10273,97683,3.7405146541183445,0.194783985451471
575,0.4815917492640502,2,16,2,201815,403795,10275,97681,3.740366445588944,0.19478698880903572
576,0.4815925362627012,11,105,11,201920,403690,10286,97670,3.7393938271147507,0.1948101164831658
577,0.4816482854739039,81,878,81,202798,402812,10367,97589,3.731260884063878,0.1950215926826685
578,0.4816801136166296,0,9,0,202807,402803,10367,97589,3.73117751676609,0.19502510032134807
579,0.4817228835599018,0,2,0,202809,402801,10367,97589,3.7311589906999147,0.19502587981374528
580,0.4817296260959752,1,39,1,202848,402762,10368,97588,3.7307977324095,0.19503947236934147
581,0.4817417072698086,1,19,1,202867,402743,10369,97587,3.730621734780837,0.19504527012171965
582,0.4817724024665798,0,8,0,202875,402735,10369,97587,3.7305476305161362,0.1950483888375886
583,0.481862628249904,21,329,21,203204,402406,10390,97566,3.727500092630331,0.19514292800396824
584,0.4820127781493687,3,32,3,203236,402374,10393,97563,3.727203675571529,0.19515058897421075
585,0.4820136864562879,3,16,3,203252,402358,10396,97560,3.727055467042128,0.19515200492880833
586,0.4820587108122072,74,856,74,204108,401502,10470,97486,3.719126310719182,0.19536742366549897
587,0.4820753066497332,0,8,0,204116,401494,10470,97486,3.7190522064544815,0.19537055593410557
588,0.4821398521482221,18,132,18,204248,401362,10488,97468,3.717829486086924,0.19539322013511617
589,0.4821866312924822,87,1096,87,205344,400266,10575,97381,3.707677201822965,0.19568288365045905
590,0.482221673464468,13,98,13,205442,400168,10588,97368,3.7067694245803846,0.19570041162850527
591,0.4822568848098421,74,1063,74,206505,399105,10662,97294,3.6969228204083144,0.195999589040268
592,0.4823483981212251,8,116,8,206621,398989,10670,97286,3.695848308570158,0.19603244169059494
593,0.4824618066610975,1,9,1,206630,398980,10671,97285,3.6957649412723703,0.19603437679465607
594,0.4825084844078882,1,7,1,206637,398973,10672,97284,3.6957001000407574,0.1960355219170712
595,0.4825165191643187,0,8,0,206645,398965,10672,97284,3.695625995776057,0.196038682193818
596,0.4825395176905775,0,13,0,206658,398952,10672,97284,3.695505576345919,0.19604381786085653
597,0.4826805032095622,70,861,70,207519,398091,10742,97214,3.6875301048575344,0.19627098454487638
598,0.4826895641314056,2,23,2,207542,398068,10744,97212,3.687317055096521,0.1962768534970118
599,0.4827181683413412,1,18,1,207560,398050,10745,97211,3.687150320500945,0.19628236424834583
600,0.4827344484190939,1,37,1,207597,398013,10746,97210,3.6868075882767055,0.19629540631190392
601,0.4828273895500478,0,1,0,207598,398012,10746,97210,3.686798325243618,0.19629580269051053
602,0.4828279076943344,3,13,3,207611,397999,10749,97207,3.6866779058134798,0.19629608688101519
603,0.4828370318643578,67,874,67,208485,397125,10816,97140,3.6785820148949573,0.19653424782252435
604,0.4828570469345294,6,94,6,208579,397031,10822,97134,3.6777112897847273,0.19656187710582498
605,0.4829045636869907,43,346,43,208925,396685,10865,97091,3.6745062803364332,0.19662964583130813
606,0.4829385379075663,9,131,9,209056,396554,10874,97082,3.673292823001964,0.19666717986532586
607,0.4829428230820298,12,175,12,209231,396379,10886,97070,3.671671792211642,0.19671739126029236
608,0.4829576067472841,72,446,72,209677,395933,10958,96998,3.6675404794545927,0.19677804804323526
609,0.4829644028055836,1,9,1,209686,395924,10959,96997,3.6674571121568045,0.19678001140142132
610,0.4829991874235154,3,7,3,209693,395917,10962,96994,3.6673922709251916,0.19677791731164448
611,0.4830114511414673,68,898,68,210591,395019,11030,96926,3.659074067212568,0.19702609031497423
612,0.483103304010086,0,9,0,210600,395010,11030,96926,3.65899069991478,0.19702969491966435
613,0.4831131315912137,4,23,4,210623,394987,11034,96922,3.6587776501537665,0.1970323779398222
614,0.4831196969710402,0,12,0,210635,394975,11034,96922,3.6586664937567157,0.19703718461385208
615,0.4831480201254378,12,97,12,210732,394878,11046,96910,3.657767979547223,0.1970564552205422
616,0.4831615723041193,71,870,71,211602,394008,11117,96839,3.649709140761051,0.19728958310838204
617,0.4831795544883951,6,54,6,211656,393954,11123,96833,3.649208936974323,0.19730147701548736
618,0.4832373895655977,0,2,0,211658,393952,11123,96833,3.649190410908148,0.19730228103955907
619,0.4832697243997712,0,7,0,211665,393945,11123,96833,3.649125569676535,0.19730509517541536
620,0.4832739443679354,0,8,0,211673,393937,11123,96833,3.6490514654118344,0.19730831142897895
621,0.4833252344911946,5,53,5,211726,393884,11128,96828,3.648560524658194,0.19732144312753713
622,0.4833296265925845,3,35,3,211761,393849,11131,96825,3.6482363185001296,0.19733061054794018
623,0.483423120603735,1,13,1,211774,393836,11132,96824,3.6481158990699916,0.19733420291036563
624,0.4834240213710723,1,4,1,211778,393832,11133,96823,3.6480788469376413,0.19733417574466786
625,0.4834328892014398,81,1053,81,212831,392779,11214,96742,3.6383248730964466,0.19762584240512665
626,0.4835024980102805,1,15,1,212846,392764,11215,96741,3.6381859276001336,0.19763025913933463
627,0.4835039073743227,3,44,3,212890,392720,11218,96738,3.637778354144281,0.19764310727375994
628,0.4835103968076208,0,4,0,212894,392716,11218,96738,3.6377413020119307,0.19764472248668924
629,0.4835202944807522,6,91,6,212985,392625,11224,96732,3.6368983660009633,0.19767163849704816
630,0.4836008854048186,13,111,13,213096,392514,11237,96719,3.635870169328245,0.19769516774215967
631,0.4836421300107306,58,387,58,213483,392127,11295,96661,3.6322853755233613,0.19775649156689606
632,0.4836748671250571,57,600,57,214083,391527,11352,96604,3.6267275556708287,0.19790589001722897
633,0.483695271430432,0,8,0,214091,391519,11352,96604,3.6266534514061286,0.1979091335585498
634,0.4837232112767079,17,150,17,214241,391369,11369,96587,3.625263996442995,0.19794202755986195
635,0.4837650891358313,4,69,4,214310,391300,11373,96583,3.624624847159954,0.19796344615409842
636,0.4837894751017459,2,8,2,214318,391292,11375,96581,3.6245507428952535,0.19796340441057406
637,0.4837902746495995,2,19,2,214337,391273,11377,96579,3.62437474526659,0.19796782630797866
638,0.4838048148515613,0,2,0,214339,391271,11377,96579,3.624356219200415,0.19796863790099417
639,0.4838240362920712,53,334,53,214673,390937,11430,96526,3.621262366149172,0.19801708027070772
640,0.4839336209734242,45,370,45,215043,390567,11475,96481,3.617835043906777,0.19809341173765213
641,0.4839383892543279,46,375,46,215418,390192,11521,96435,3.614361406498944,0.19817026182271022
642,0.483944109689102,2,15,2,215433,390177,11523,96433,3.6142224610026306,0.1981730749470829
643,0.4839648108629955,68,833,68,216266,389344,11591,96365,3.606506354440698,0.19840068847808048
644,0.484022390723789,1,4,1,216270,389340,11592,96364,3.606469302308348,0.1984006720142309
645,0.4840658213714331,3,31,3,216301,389309,11595,96361,3.6061821482826337,0.1984083842938621
646,0.4840719425739742,32,360,32,216661,388949,11627,96329,3.6028474563711144,0.19850271390831647
647,0.484078674261114,0,6,0,216667,388943,11627,96329,3.6027918781725887,0.19850516823554626
648,0.4840862644949855,0,7,0,216674,388936,11627,96329,3.602727036940976,0.19850803169402284
649,0.4840906252134125,13,142,13,216816,388794,11640,96316,3.6014116862425434,0.1985446599740265
650,0.4841151900733584,2,61,2,216877,388733,11642,96314,3.6008466412242024,0.19856632450051231
651,0.4841287069747229,8,54,8,216931,388679,11650,96306,3.6003464374374747,0.19857521366640205
652,0.4841435752913687,67,876,67,217807,387803,11717,96239,3.592232020452777,0.19882365579846378
653,0.4841597488608556,83,1040,83,218847,386763,11800,96156,3.5825984660417207,0.19911413715343568
654,0.4842277171516063,0,2,0,218849,386761,11800,96156,3.582579939975546,0.1991149617843232
655,0.4843062183035497,64,395,64,219244,386366,11864,96092,3.5789210419059616,0.1991717413743787
656,0.4843497924629305,22,146,22,219390,386220,11886,96070,3.577568639075179,0.19919550477928216
657,0.4843579998000216,352,3668,352,223058,382552,12238,95718,3.54359183371003,0.2001338156271562
658,0.4843584170838772,4,102,4,223160,382450,12242,95714,3.5426470043350995,0.20016981621368402
659,0.4844063469774987,357,3296,357,226456,379154,12599,95357,3.512116047278521,0.20095846039396348
660,0.4845076130145085,24,103,24,226559,379051,12623,95333,3.5111619548705026,0.20096166818442443
661,0.4845285693227824,50,612,50,227171,378439,12673,95283,3.5054929786209197,0.20113695374080157
662,0.4845448531381697,63,415,63,227586,378024,12736,95220,3.5016488198895845,0.20120698836118367
663,0.4845545551746488,12,151,12,227737,377873,12748,95208,3.500250101893364,0.20125094856906112
664,0.4845949996700419,41,417,41,228154,377456,12789,95167,3.4963874170958538,0.20135922289012595
665,0.4846016368073887,315,2834,315,230988,374622,13104,94852,3.470135981325725,0.20203887755232453
666,0.4846198280732819,338,3285,338,234273,371337,13442,94514,3.4397069176331097,0.20288461332056817
667,0.4846959492321094,48,568,48,234841,370769,13490,94466,3.434445514839379,0.20305007146925746
668,0.4847083215994371,0,2,0,234843,370767,13490,94466,3.434426988773204,0.20305094436551147
669,0.4847298335375142,4,12,4,234855,370755,13494,94462,3.434315832376153,0.20304932966766046
670,0.4847505276636125,293,2459,293,237314,368296,13787,94169,3.4115380340138577,0.2036240580368244
671,0.4847518276293422,277,2545,277,239859,365751,14064,93892,3.387963614806032,0.20427157598397017
672,0.4847751706919536,291,2774,291,242633,362977,14355,93601,3.3622679610211565,0.2050054974177468
673,0.4847887159411453,0,5,0,242638,362972,14355,93601,3.362221645855719,0.20500774246396525
674,0.4848256335419664,50,604,50,243242,362368,14405,93551,3.356626773870836,0.205192150360042
675,0.4848461466599382,14,152,14,243394,362216,14419,93537,3.3552187928415282,0.20523616959186225
676,0.4848465696765726,2,6,2,243400,362210,14421,93535,3.3551632146430026,0.2052353838220935
677,0.4848991360533693,1,4,1,243404,362206,14422,93534,3.3551261625106523,0.20523544126036775
678,0.4849293143243501,287,2838,287,246242,359368,14709,93247,3.328837674608174,0.20601835997481302
679,0.484939764551845,2,11,2,246253,359357,14711,93245,3.3287357812442107,0.20601985850703267
680,0.484945594922514,351,3339,351,249592,356018,15062,92894,3.297806513764867,0.20693142531275618
681,0.4849894058353062,405,4463,405,254055,351555,15467,92489,3.256465597095113,0.20828791741358965
682,0.4850126718557621,1,13,1,254068,351542,15468,92488,3.2563451776649748,0.2082922325068126
683,0.485013328194852,1,8,1,254076,351534,15469,92487,3.256271073400274,0.20829420230124251
684,0.4850187279135992,40,629,40,254705,350905,15509,92447,3.2504446255882025,0.20851828795178548
685,0.4850232640072792,311,3231,311,257936,347674,15820,92136,3.220515765682315,0.20949046179031855
686,0.4850435620550287,274,2848,274,260784,344826,16094,91862,3.1941346474489607,0.21036071520170008
687,0.4851175769140724,50,436,50,261220,344390,16144,91812,3.190095965022787,0.21048046547241875
688,0.4851406698392109,5,16,5,261236,344374,16149,91807,3.1899477564933862,0.21047913595502785
689,0.4851451583092864,9,140,9,261376,344234,16158,91798,3.1886509318611287,0.2105304197857038
690,0.485166103579606,16,112,16,261488,344122,16174,91782,3.1876134721553226,0.21055553516370576
691,0.4851752496160854,13,166,13,261654,343956,16187,91769,3.1860758086627885,0.21061219806070341
692,0.4851796195146674,31,324,31,261978,343632,16218,91738,3.1830745859424208,0.21071272710568023
693,0.4851858182257241,283,2630,283,264608,341002,16501,91455,3.1587128089221537,0.21147767292470696
694,0.4851908121750619,2,15,2,264623,340987,16503,91453,3.1585738634258402,0.21148136157617242
695,0.4851909362389118,0,9,0,264632,340978,16503,91453,3.158490496128052,0.2114857630465901
696,0.4852000838719294,273,2503,273,267135,338475,16776,91180,3.135305124309904,0.21221677857816154
697,0.4852255069290992,5,61,5,267196,338414,16781,91175,3.1347400792915634,0.21223774351764127
698,0.4852362830431381,18,161,18,267357,338253,16799,91157,3.133248730964467,0.21228429705875504
699,0.4852768191364622,12,76,12,267433,338177,16811,91145,3.132544740449813,0.2122998588472056
700,0.4853016474061236,21,147,21,267580,338030,16832,91124,3.1311830745859424,0.2123340339365356
701,0.4853138008249799,277,3393,277,270973,334637,17109,90847,3.099753603319871,0.213514491731769
702,0.4853248355576494,14,129,14,271102,334508,17123,90833,3.0985586720515768,0.2135533607152849
703,0.4853295198296163,39,355,39,271457,334153,17162,90794,3.095270295305495,0.2136595857836389
704,0.485364265187704,51,444,51,271901,333709,17213,90743,3.0911575086146206,0.2137886027159726
705,0.4853718678574182,0,4,0,271905,333705,17213,90743,3.0911204564822707,0.21379061746079614
706,0.4853934723437777,0,3,0,271908,333702,17213,90743,3.0910926673830077,0.21379212854433435
707,0.4854943594803999,0,4,0,271912,333698,17213,90743,3.091055615250658,0.21379414335561361
708,0.4855001787370813,8,68,8,271980,333630,17221,90735,3.090425729000704,0.21381358029055175
709,0.485509855848515,0,1,0,271981,333629,17221,90735,3.0904164659676163,0.2138140841353178
710,0.4855303210877726,6,77,6,272058,333552,17227,90729,3.0897032124198747,0.21384176995906015
711,0.485540615740112,354,3299,354,275357,330253,17581,90375,3.0591444662640335,0.21485730859571878
712,0.4855742972116051,0,1,0,275358,330252,17581,90375,3.059135203230946,0.21485781939818413
713,0.4855991037530332,0,2,0,275360,330250,17581,90375,3.059116677164771,0.2148588410104012
714,0.4855991329505101,18,341,18,275701,329909,17599,90357,3.055957982881915,0.2149995479053742
715,0.4856766572161833,1,4,1,275705,329905,17600,90356,3.0559209307495645,0.21499972636052359
716,0.4856774369929743,10,29,10,275734,329876,17610,90346,3.0556523027900258,0.21499588312844164
717,0.4857005034781215,0,6,0,275740,329870,17610,90346,3.0555967245915,0.21499895291945095
718,0.4857068447831172,348,3236,348,278976,326634,17958,89998,3.025621549520175,0.21601317229593503
719,0.4857253550042404,0,1,0,278977,326633,17958,89998,3.025612286487087,0.21601369077193008
720,0.4857256188832649,0,9,0,278986,326624,17958,89998,3.0255289191892993,0.2160183571678884
721,0.4857430831766794,29,306,29,279292,326318,17987,89969,3.0226944310645076,0.21612253085011063
722,0.4857709779201198,20,119,20,279411,326199,18007,89949,3.0215921301270887,0.2161466593615733
723,0.4857809180009346,361,3154,361,282565,323045,18368,89588,2.992376523768943,0.2171130277995216
724,0.4859311107684718,21,153,21,282718,322892,18389,89567,2.990959279706547,0.2171537049743126
725,0.4859782722993856,6,49,6,282767,322843,18395,89561,2.990505391085257,0.21716811670109892
726,0.4859965900241348,345,3226,345,285993,319617,18740,89216,2.960622846344807,0.21822113185579442
727,0.4860300687245409,7,66,7,286059,319551,18747,89209,2.9600114861610285,0.2182429787650455
728,0.4860703189681067,28,173,28,286232,319378,18775,89181,2.958408981436882,0.21828181486639628
729,0.4860893882911065,1,3,1,286235,319375,18776,89180,2.958381192337619,0.2182815043262229
730,0.4860919549083428,0,8,0,286243,319367,18776,89180,2.9583070880729188,0.2182857786252255
731,0.486103757617984,6,32,6,286275,319335,18782,89174,2.958010671014117,0.21829139627278712
732,0.4861207892170898,7,87,7,286362,319248,18789,89167,2.9572047871355,0.218324498365633
733,0.4861285911961507,7,120,7,286482,319128,18796,89160,2.9560932231649932,0.21837526451916295
734,0.4861340259847646,5,58,5,286540,319070,18801,89155,2.955555967245915,0.21839671749647865
735,0.486142428587392,15,151,15,286691,318919,18816,89140,2.954157249249694,0.21844880274666165
736,0.4861451564452773,18,161,18,286852,318758,18834,89122,2.952665900922598,0.2185005393743258
737,0.4861511635682985,0,5,0,286857,318753,18834,89122,2.9526195857571604,0.2185032178976402
738,0.4861834621667865,31,253,31,287110,318500,18865,89091,2.950276038386009,0.21857940926075403
739,0.48621647332045,1,1,1,287111,318499,18866,89090,2.9502667753529215,0.21857802835699688
740,0.4862394836158737,7,72,7,287183,318427,18873,89083,2.949599836970618,0.21860322446074942
741,0.4862759326397797,1,20,1,287203,318407,18874,89082,2.9494145763088664,0.21861203615312316
742,0.4863155803014264,377,3411,377,290614,314996,19251,88705,2.917818370447219,0.21972945323395285
743,0.4863236188847725,0,1,0,290615,314995,19251,88705,2.9178091074141315,0.21972999752291306
744,0.4863607327640372,13,193,13,290808,314802,19264,88692,2.916021342028234,0.2198099599994052
745,0.4863676210086275,0,1,0,290809,314801,19264,88692,2.9160120789951463,0.2198105047671211
746,0.4864378137223623,1,3,1,290812,314798,19265,88691,2.9159842898958837,0.21981020548267735
747,0.4865192311543131,7,20,7,290832,314778,19272,88684,2.9157990292341323,0.21980756552042074
748,0.4865261967240842,85,1020,85,291852,313758,19357,88599,2.906350735484827,0.2201999716669525
749,0.4865730132369424,6,40,6,291892,313718,19363,88593,2.905980214161325,0.2202102353651777
750,0.4866445069080587,0,1,0,291893,313717,19363,88593,2.9059709511282374,0.22021078272973577
751,0.4866785204658669,85,976,85,292869,312741,19448,88508,2.8969302308347844,0.22058123509342079
752,0.4866788667374075,22,297,22,293166,312444,19470,88486,2.894179110007781,0.22070186815653606
753,0.4866996987105245,2,41,2,293207,312403,19472,88484,2.8937993256511914,0.22072055217555073
754,0.486713388552534,67,646,67,293853,311757,19539,88417,2.8878154062766312,0.22094638832108032
755,0.4867424917256694,30,287,30,294140,311470,19569,88387,2.8851569157805033,0.22104652413237733
756,0.486752641526828,2,22,2,294162,311448,19571,88385,2.884953129052577,0.22105479037498155
757,0.4868162626391803,4,126,4,294288,311322,19575,88381,2.883785986883545,0.2211166791342572
758,0.4868561429161245,1,9,1,294297,311313,19576,88380,2.8837026195857574,0.2211197093769468
759,0.4869009992752464,83,979,83,295276,310334,19659,88297,2.8746341101930417,0.22150058575474563
760,0.4869029056204696,86,1043,86,296319,309291,19745,88211,2.8649727666827225,0.22191334886365352
761,0.4869105947102946,6,27,6,296346,309264,19751,88205,2.8647226647893587,0.22191667777864438
762,0.4869200638657274,4,107,4,296453,309157,19755,88201,2.86373152024899,0.22196860262030713
763,0.4869581254174354,4,13,4,296466,309144,19759,88197,2.863611100818852,0.22196803249601726
764,0.4870228720171572,8,60,8,296526,309084,19767,88189,2.8630553188335988,0.22198588879687267
765,0.487063980100584,4,54,4,296580,309030,19771,88185,2.862555115046871,0.22200823231751066
766,0.4870721823928325,86,1121,86,297701,307909,19857,88099,2.8521712549557225,0.22246772792468839
767,0.4870782794555441,44,233,44,297934,307676,19901,88055,2.8500129682463227,0.22251226211744846
768,0.4870789487842238,4,36,4,297970,307640,19905,88051,2.8496794990551706,0.22252464675719186
769,0.4871012072794545,0,1,0,297971,307639,19905,88051,2.849670236022083,0.22252520912835805
770,0.4871019951113385,2,3,2,297974,307636,19907,88049,2.8496424469228203,0.22252296650113096
771,0.4871534753400473,0,4,0,297978,307632,19907,88049,2.84960539479047,0.22252521601997569
772,0.48718983653293,43,338,43,298316,307294,19950,88006,2.846474489606877,0.2226309132304579
773,0.4871955050866356,4,19,4,298335,307275,19954,88002,2.8462984919782133,0.22263374797926516
774,0.4871998402209136,64,358,64,298693,306917,20018,87938,2.842982326132869,0.22270960225905712
775,0.487212820693931,3,67,3,298760,306850,20021,87935,2.8423617029160027,0.2227414922046177
776,0.4872503167483929,10,67,10,298827,306783,20031,87925,2.8417410796991365,0.22275960963547736
777,0.4872566703979627,6,135,6,298962,306648,20037,87919,2.840490570232317,0.22282400707611127
778,0.4872841795242926,12,61,12,299023,306587,20049,87907,2.839925525213976,0.22283482131540658
779,0.4873071435528349,8,38,8,299061,306549,20057,87899,2.839573529956649,0.22284052650793007
780,0.4873589656961277,9,31,9,299092,306518,20066,87890,2.839286375930935,0.22284030749883368
781,0.4873619425991605,7,19,7,299111,306499,20073,87883,2.839110378302271,0.2228372491645156
782,0.48741016126891,43,299,43,299410,306200,20116,87840,2.8363407314090927,0.2229215308090549
783,0.4874648397442297,40,351,40,299761,305849,20156,87800,2.833089406795361,0.22304133885771335
784,0.4874972332023911,0,3,0,299764,305846,20156,87800,2.8330616176960985,0.2230430386692612
785,0.4875055830115503,45,212,45,299976,305634,20201,87755,2.831097854681537,0.2230743615098541
786,0.4875152087619956,37,214,37,300190,305420,20238,87718,2.8291155656008002,0.22312266939344455
787,0.4875185408304756,4,62,4,300252,305358,20242,87714,2.828541257549372,0.22314995725973868
788,0.4875433834823578,36,338,36,300590,305020,20278,87678,2.8254103523657785,0.2232708086111974
789,0.4875697595565914,3,35,3,300625,304985,20281,87675,2.825086146207714,0.22328477563286303
790,0.4875740650727758,38,228,38,300853,304757,20319,87637,2.822974174663752,0.22333929672726902
791,0.4876640666183066,2,19,2,300872,304738,20321,87635,2.8227981770350885,0.22334615276790198
792,0.4876776128858172,11,155,11,301027,304583,20332,87624,2.8213624069065175,0.22341263669439862
793,0.4877256897907228,65,535,65,301562,304048,20397,87559,2.8164066842046758,0.22358895525360883
794,0.4879277936806295,0,4,0,301566,304044,20397,87559,2.816369632072326,0.22359123908652384
795,0.4879294925170144,1,1,1,301567,304043,20398,87558,2.8163603690392383,0.22358982740084934
796,0.487954093643693,18,143,18,301710,303900,20416,87540,2.815035755307718,0.223635806253832
797,0.4880452550020103,0,2,0,301712,303898,20416,87540,2.8150172292415427,0.22363694889101213
798,0.4880625886626231,85,1044,85,302756,302854,20501,87455,2.8053466226981363,0.22406606048028613
799,0.4880763007513254,112,1055,112,303811,301799,20613,87343,2.7955741227907667,0.22445020069794575
800,0.4881068699393614,5,38,5,303849,301761,20618,87338,2.7952221275334397,0.2244621548757514
801,0.4881070645039125,39,289,39,304138,301472,20657,87299,2.7925451109711363,0.2245512139537157
802,0.4881664225183645,6,66,6,304204,301406,20663,87293,2.791933750787358,0.22457737220831545
803,0.4881962454731605,36,301,36,304505,301105,20699,87257,2.789145577828004,0.2246795515524176
804,0.4882586470206459,49,227,49,304732,300878,20748,87208,2.7870428693171294,0.224713079059796
805,0.4883275405206284,15,129,15,304861,300749,20763,87193,2.7858479380488346,0.22475782462326843
806,0.4883334285134029,36,284,36,305145,300465,20799,87157,2.783217236651969,0.22485049868170537
807,0.4883546721875049,1,11,1,305156,300454,20800,87156,2.783115343288006,0.2248548799050592
808,0.4883694441311222,92,1049,92,306205,299405,20892,87064,2.773398421579162,0.22528068227982062
809,0.4884578833028195,47,346,47,306551,299059,20939,87017,2.770193412130868,0.22538826552285043
810,0.4884919449288206,0,10,0,306561,299049,20939,87017,2.7701007817999925,0.22539410359886652
811,0.4884966655866132,85,1082,85,307643,297967,21024,86932,2.760078179999259,0.22585665330385374
812,0.4886144484635105,7,56,7,307699,297911,21031,86925,2.759559450146356,0.2258754378488499
813,0.4886410903146791,1,21,1,307720,297890,21032,86924,2.7593649264515174,0.2258857525973587
814,0.4887087718490248,2,5,2,307725,297885,21034,86922,2.7593186112860795,0.22588466426026554
815,0.4887406393399384,114,1247,114,308972,296638,21148,86808,2.7477676090258996,0.2263891134605655
816,0.488838197778897,10,55,10,309027,296583,21158,86798,2.7472581422060838,0.2264014126938998
817,0.4888846073998019,1,9,1,309036,296574,21159,86797,2.747174774908296,0.22640470979808072
818,0.4888928429461837,13,50,13,309086,296524,21172,86784,2.746711623253918,0.2264080060943158
819,0.488990292430729,5,50,5,309136,296474,21177,86779,2.7462484715995408,0.22642745131805883
820,0.4890374254747007,0,3,0,309139,296471,21177,86779,2.7462206825002777,0.22642922374429222
821,0.4890380564120685,4,78,4,309217,296393,21181,86775,2.745498165919449,0.22646724152330047
822,0.4890649198942178,7,32,7,309249,296361,21188,86768,2.745201748860647,0.2264720237831122
823,0.489114286115389,0,1,0,309250,296360,21188,86768,2.7451924858275594,0.22647261489632708
824,0.4891835027320567,4,28,4,309278,296332,21192,86764,2.744933120901108,0.22648109090149726
825,0.4892213600823847,2,6,2,309284,296326,21194,86762,2.7448775427025827,0.226480599757758
826,0.489231769060478,1,10,1,309294,296316,21195,86761,2.744784912371707,0.22648449267379664
827,0.4893065385253211,0,5,0,309299,296311,21195,86761,2.7447385972062692,0.22648744883468383
828,0.4893205961135342,1,9,1,309308,296302,21196,86760,2.7446552299084814,0.2264907508445108
829,0.4894172285429757,3,12,3,309320,296290,21199,86757,2.7445440735114306,0.22649178821397897
830,0.4894420582827811,10,66,10,309386,296224,21209,86747,2.743932713327652,0.22651062351979653
831,0.4894482638282014,15,66,15,309452,296158,21224,86732,2.7433213531438736,0.22651936587531668
832,0.4894544375210121,1,79,1,309531,296079,21225,86731,2.7425895735299566,0.22656409184713042
833,0.4895043088284595,32,183,32,309714,295896,21257,86699,2.740894438474934,0.22660777061906193
834,0.4895203842412162,3,15,3,309729,295881,21260,86696,2.740755492978621,0.22661059080917045
835,0.4895680244006154,12,124,12,309853,295757,21272,86684,2.739606876875764,0.22665979850486742
836,0.4896242819831474,7,63,7,309916,295694,21279,86677,2.7390233057912483,0.22668298589589692
837,0.4897552880106069,41,349,41,310265,295345,21320,86636,2.7357905072436917,0.22680709249936515
838,0.4897556686115719,16,133,16,310398,295212,21336,86620,2.734558523843047,0.22685369481866371
839,0.4897581110050396,6,76,6,310474,295136,21342,86614,2.733854533328393,0.2268867059593975
840,0.4897941464214209,18,194,18,310668,294942,21360,86596,2.7320575049094074,0.226965597135803
841,0.489815021998091,9,22,9,310690,294920,21369,86587,2.7318537181814815,0.22696044895637563
842,0.489836870681875,13,57,13,310747,294863,21382,86574,2.731325725295491,0.22696801830970775
843,0.4898410106462932,0,2,0,310749,294861,21382,86574,2.731307199229316,0.22696920838412835
844,0.489851108276819,0,6,0,310755,294855,21382,86574,2.73125162103079,0.22697277868227114
845,0.4898617223577751,0,9,0,310764,294846,21382,86574,2.7311682537330024,0.22697813434009753
846,0.489884151135829,3,21,3,310785,294825,21385,86571,2.730973730038164,0.22698455148979013
847,0.4899151239926954,8,53,8,310838,294772,21393,86563,2.7304827892845234,0.22699988199352275
848,0.4899423290692603,1,4,1,310842,294768,21394,86562,2.730445737152173,0.2270002360160491
849,0.4900012513886143,0,3,0,310845,294765,21394,86562,2.7304179480529105,0.22700202188672713
850,0.4900181304856715,9,107,9,310952,294658,21403,86553,2.729426803512542,0.22704748813649134
851,0.4900429941454699,25,191,25,311143,294467,21428,86528,2.7276575641928194,0.2271105920025197
852,0.490131809724273,3,9,3,311152,294458,21431,86525,2.727574196895031,0.22710987104411484
853,0.4901398914058819,9,71,9,311223,294387,21440,86516,2.726916521545815,0.2271339422372625
854,0.4901660985589052,18,94,18,311317,294293,21458,86498,2.726045796435585,0.22715347789207202
855,0.4902726292501144,0,8,0,311325,294285,21458,86498,2.7259716921708845,0.22715825023701164
856,0.490294133315967,40,254,40,311579,294031,21498,86458,2.7236188817666456,0.2272286452433579
857,0.4904138888200411,45,212,45,311791,293819,21543,86413,2.7216551187520843,0.22726388099896905
858,0.4904318896453743,7,44,7,311835,293775,21550,86406,2.7212475452962317,0.22727595540019097
859,0.4905327805967229,2,31,2,311866,293744,21552,86404,2.7209603912705176,0.22729042372970526
860,0.4905408599360907,0,12,0,311878,293732,21552,86404,2.7208492348734667,0.2272975987541301
861,0.490580478552692,25,131,25,312009,293601,21577,86379,2.7196357775389974,0.22732512237486183
862,0.4906038985581876,2,2,2,312011,293599,21579,86377,2.719617251472822,0.22732225193170094
863,0.4906288157180554,0,6,0,312017,293593,21579,86377,2.719561673274297,0.22732584151380372
864,0.4907231798441751,5,74,5,312091,293519,21584,86372,2.718876208825818,0.22735995324974795
865,0.490782726207797,1,8,1,312099,293511,21585,86371,2.7188021045611177,0.2273627073670245
866,0.4907990133467921,1,9,1,312108,293502,21586,86370,2.7187187372633295,0.22736606014657568
867,0.4908192813280668,18,73,18,312181,293429,21604,86352,2.718042535847938,0.22737314399614514
868,0.490837867317299,44,301,44,312482,293128,21648,86308,2.7152543628885843,0.22746392013409375
869,0.4908496047898986,2,35,2,312517,293093,21650,86306,2.71493015673052,0.22748083152564977
870,0.4909174246678633,28,187,28,312704,292906,21678,86278,2.713197969543147,0.22753597198194017
871,0.4909361307765123,3,49,3,312753,292857,21681,86275,2.712744080921857,0.22755926695715475
872,0.4909853658175687,8,44,8,312797,292813,21689,86267,2.712336507466005,0.22756937849530443
873,0.4909945078828912,7,93,7,312890,292720,21696,86260,2.711475045388862,0.22761095572325715
874,0.4910509762357048,6,51,6,312941,292669,21702,86254,2.711002630701397,0.2276293600546813
875,0.4910571113024772,1,7,1,312948,292662,21703,86253,2.710937789469784,0.22763152685958593
876,0.4910725934271351,11,57,11,313005,292605,21714,86242,2.7104097965837934,0.22764334942602157
877,0.4910961086979237,4,38,4,313043,292567,21718,86238,2.7100578013264665,0.22765802985705047
878,0.4911076057047392,12,70,12,313113,292497,21730,86226,2.7094093890103377,0.22767563628298254
879,0.4911361962262756,5,36,5,313149,292461,21735,86221,2.7090759198191856,0.22768708309346627
880,0.4911867282667622,1,0,1,313149,292461,21736,86220,2.7090759198191856,0.22768504361190553
881,0.4912163157546211,23,201,23,313350,292260,21759,86197,2.707214050168587,0.22775903206969353
882,0.4912391768192418,9,38,9,313388,292222,21768,86188,2.70686205491126,0.22776353690441584
883,0.4912457530499335,211,1809,211,315197,290413,21979,85977,2.6901052280558746,0.22842530354153937
884,0.4912731131409929,34,302,34,315499,290111,22013,85943,2.687307792063433,0.22853898642216278
885,0.4913417879916507,73,585,73,316084,289526,22086,85870,2.681888917707214,0.22874511182857568
886,0.4913499524205221,68,525,68,316609,289001,22154,85802,2.677025825336248,0.22892559557954445
887,0.491386866931246,4,37,4,316646,288964,22158,85798,2.6766830931120085,0.22893996723253693
888,0.4913903019276713,0,9,0,316655,288955,22158,85798,2.6765997258142207,0.22894546541321883
889,0.4914233766774801,16,100,16,316755,288855,22174,85782,2.675673422505465,0.22897364648980212
890,0.4914410977540955,3,21,3,316776,288834,22177,85779,2.6754788988106264,0.2289803076775232
891,0.4914492197937624,4,15,4,316791,288819,22181,85775,2.6753399533143134,0.2289812436931718
892,0.4914753747081583,0,1,0,316792,288818,22181,85775,2.6753306902812257,0.22898185497326431
893,0.4914764120468334,0,2,0,316794,288816,22181,85775,2.6753121642150504,0.2289830775432405
894,0.491477049355349,2,10,2,316804,288806,22183,85773,2.675219533884175,0.22898507390964257
895,0.4915179985341808,1,0,1,316804,288806,22184,85772,2.675219533884175,0.22898301555350287
896,0.4915691426311486,2,15,2,316819,288791,22186,85770,2.675080588387862,0.2289880686990904
897,0.4915854911473262,5,29,5,316848,288762,22191,85765,2.6748119604283227,0.22899550633198676
898,0.4915913254627736,1,6,1,316854,288756,22192,85764,2.6747563822297975,0.22899711630887537
899,0.4916595177035838,0,3,0,316857,288753,22192,85764,2.6747285931305345,0.22899895064843517
900,0.4916843600812246,6,26,6,316883,288727,22198,85758,2.6744877542702583,0.22900249676222012
901,0.4916949347337548,35,227,35,317110,288500,22233,85723,2.6723850457593836,0.22906929825264616
902,0.491756410756212,7,26,7,317136,288474,22240,85716,2.672144206899107,0.22907079291269142
903,0.4917952672823899,3,74,3,317210,288400,22243,85713,2.671458742450628,0.22910992133392852
904,0.4918162388479942,218,1789,218,318999,286611,22461,85495,2.6548871762569934,0.229759799626988
905,0.4918427709098078,66,605,66,319604,286006,22527,85429,2.6492830412390234,0.22999717312584975
906,0.4918556067701111,71,637,71,320241,285369,22598,85358,2.6433824891622515,0.2302448971884972
907,0.4918628388135629,3,22,3,320263,285347,22601,85355,2.643178702434325,0.2302523320618718
908,0.491923385418047,3,4,3,320267,285343,22604,85352,2.643141650301975,0.2302485871133951
909,0.4920026520013293,78,519,78,320786,284824,22682,85274,2.6383341361295343,0.23040924295727078
910,0.4920309026990522,16,98,16,320884,284726,22698,85258,2.637426358886954,0.2304369918699187
911,0.4920359417666822,173,1243,173,322127,283483,22871,85085,2.625912408759124,0.2308529226628465
912,0.4920377549262718,82,608,82,322735,282875,22953,85003,2.6202804846418912,0.23106301545621102
913,0.492059403386699,8,37,8,322772,282838,22961,84995,2.6199377524176515,0.23106953427234642
914,0.4920843262210499,77,381,77,323153,282457,23038,84918,2.6164085368112935,0.23114800952705003
915,0.4921808416070573,2,39,2,323192,282418,23040,84916,2.616047278520879,0.2311683644857269
916,0.4921809780212339,6,41,6,323233,282377,23046,84910,2.6156674941642892,0.23118161002159074
917,0.4921811481434232,2,32,2,323265,282345,23048,84908,2.6153710771054874,0.23119756679999892
918,0.4922060064820862,1,2,1,323267,282343,23049,84907,2.6153525510393125,0.23119673247106876
919,0.4922098028816841,29,315,29,323582,282028,23078,84878,2.6124346956167326,0.23133445623674728
920,0.4922260221465402,40,233,40,323815,281795,23118,84838,2.6102764089073327,0.23139761014420415
921,0.4922377988377316,6,11,6,323826,281784,23124,84832,2.6101745155433695,0.2313919741637026
922,0.492248132463062,7,51,7,323877,281733,23131,84825,2.609702100855904,0.23140949044898762
923,0.4923487827794229,11,39,11,323916,281694,23142,84814,2.60934084256549,0.23141104696214
924,0.4923586316935697,233,1758,233,325674,279936,23375,84581,2.5930564303975694,0.2320358172595517
925,0.4923729551207005,148,1019,148,326693,278917,23523,84433,2.583617399681352,0.23237374432365487
926,0.4924400697861203,1,3,1,326696,278914,23524,84432,2.583589610582089,0.2323735502798985
927,0.4924700660723837,0,5,0,326701,278909,23524,84432,2.5835432954166513,0.23237674801357402
928,0.4924985188098635,51,454,51,327155,278455,23575,84381,2.5793378783949015,0.2325596137097752
929,0.4925265132680049,15,151,15,327306,278304,23590,84366,2.5779391603986808,0.2326247001406237
930,0.4925818118527237,18,154,18,327460,278150,23608,84348,2.5765126533031975,0.2326854217126715
931,0.4925881514963233,0,6,0,327466,278144,23608,84348,2.5764570751046723,0.2326892731425797
932,0.492620943784334,1,27,1,327493,278117,23609,84347,2.5762069732113084,0.2327044892734175
933,0.4926378068420176,11,65,11,327558,278052,23620,84336,2.575604876060617,0.23272293784562403
934,0.4926677948119377,180,1000,180,328558,277052,23800,84156,2.566341842973063,0.23298487298177228
935,0.4927297807087017,1,4,1,328562,277048,23801,84155,2.566304790840713,0.2329853295792117
936,0.4927744012541593,0,1,0,328563,277047,23801,84155,2.5662955278076254,0.2329859746070066
937,0.4927790464949405,149,690,149,329253,276357,23950,84006,2.559904034977213,0.23311494243304667
938,0.4928173060685359,54,285,54,329538,276072,24004,83952,2.55726407054726,0.2331844543697087
939,0.4928174719441991,4,35,4,329573,276037,24008,83948,2.5569398643891956,0.23319860549745128
940,0.4928555068295483,4,32,4,329605,276005,24012,83944,2.556643447330394,0.2332108159767078
941,0.4928647661456626,135,899,135,330504,275106,24147,83809,2.5483159805846824,0.23350654054581169
942,0.492869337865151,15,76,15,330580,275030,24162,83794,2.5476119900700285,0.23352395603415602
943,0.492876222631275,146,1060,146,331640,273970,24308,83648,2.537793174997221,0.23390321516254775
944,0.4928850037109121,120,990,120,332630,272980,24428,83528,2.5286227722405425,0.23429488258328005
945,0.4929007884219961,132,1084,132,333714,271896,24560,83396,2.5185816443736337,0.23472524008421242
946,0.4929008948782366,1,0,1,333714,271896,24561,83395,2.5185816443736337,0.23472308614628573
947,0.4929202858809703,0,3,0,333717,271893,24561,83395,2.518553855274371,0.2347250681137556
948,0.4929962193050358,120,918,120,334635,270975,24681,83275,2.5100503908999965,0.2350741002117149
949,0.4930065847370896,6,53,6,334688,270922,24687,83269,2.509559450146356,0.23509631808826312
950,0.4930124999470743,118,696,118,335384,270226,24805,83151,2.503112379117418,0.23530393885283987
951,0.493015069598136,41,287,41,335671,269939,24846,83110,2.50045388862129,0.23540641667303971
952,0.493031098116898,6,37,6,335708,269902,24852,83104,2.500111156397051,0.23541809487657434
953,0.4930680990732266,0,2,0,335710,269900,24852,83104,2.5000926303308755,0.23541942867502919
954,0.4930721619567227,0,2,0,335712,269898,24852,83104,2.5000741042647006,0.2354207624885978
955,0.4931226631357484,4,37,4,335749,269861,24856,83100,2.499731372040461,0.2354367763010644
956,0.4931579793102335,5,27,5,335776,269834,24861,83095,2.499481270147097,0.2354439561498205
957,0.4931596255065155,2,16,2,335792,269818,24863,83093,2.4993330616176963,0.2354502976671172
958,0.4931624785088055,4,30,4,335822,269788,24867,83089,2.4990551706250694,0.2354616481096813
959,0.49316783738395,143,1147,143,336969,268641,25010,82946,2.4884304716736447,0.23591884796650617
960,0.493189550936797,15,90,15,337059,268551,25025,82931,2.487596798695765,0.23594664876152976
961,0.4932030885009923,132,965,132,338024,267586,25157,82799,2.478657971766275,0.23630863193344465
962,0.4932063657084913,1,1,1,338025,267585,25158,82798,2.4786487087331874,0.23630712677270302
963,0.4932121473112443,7,39,7,338064,267546,25165,82791,2.4782874504427728,0.236318173644234
964,0.493222442240713,216,1735,216,339799,265811,25381,82575,2.4622160880358663,0.23702157951237995
965,0.4932565489534001,0,1,0,339800,265810,25381,82575,2.462206825002779,0.23702225985619357
966,0.4932866943298989,121,678,121,340478,265132,25502,82454,2.455926488569417,0.23721899040812922
967,0.4932959409186333,48,319,48,340797,264813,25550,82406,2.4529715810144874,0.237331482436157
968,0.4933258723488517,16,103,16,340900,264710,25566,82390,2.452017488606469,0.23736675309709018
969,0.493338902166527,4,30,4,340930,264680,25570,82386,2.4517395976138427,0.23737848132631834
970,0.49335057053059,16,34,16,340964,264646,25586,82370,2.451424654488866,0.2373665767572677
971,0.4933597250491512,52,273,52,341237,264373,25638,82318,2.4488958464559634,0.23743910283220504
972,0.4933857117074093,155,1182,155,342419,263191,25793,82163,2.4379469413464743,0.23790950734608546
973,0.4934240110398518,158,728,158,343147,262463,25951,82005,2.431203453258735,0.23806275183761627
974,0.4934613572798055,4,37,4,343184,262426,25955,82001,2.4308607210344957,0.23807947692834766
975,0.4934812130647848,36,436,36,343620,261990,25991,81965,2.426822038608322,0.2383015220014246
976,0.4934889151916037,2,14,2,343634,261976,25993,81963,2.426692356145096,0.23830679277430009
977,0.4935424815667164,1,3,1,343637,261973,25994,81962,2.4266645670458336,0.23830665678107782
978,0.4935667195386776,0,2,0,343639,261971,25994,81962,2.426646040979658,0.23830804255479993
979,0.4935836748206296,2,40,2,343679,261931,25996,81960,2.4262755196561563,0.23833133173011214
980,0.4935928277245812,136,1136,136,344815,260795,26132,81824,2.4157527140686947,0.2388192131784869
981,0.4936079301319837,164,1273,164,346088,259522,26296,81660,2.4039608729482382,0.23934439683218928
982,0.493619905060138,0,1,0,346089,259521,26296,81660,2.4039516099151506,0.2393450983495564
983,0.493671702066822,86,649,86,346738,258872,26382,81574,2.397939901441328,0.23960921849573794
984,0.4937707731744712,0,6,0,346744,258866,26382,81574,2.3978843232428027,0.23961344142873928
985,0.4937733099459388,2,6,2,346750,258860,26384,81572,2.3978287450442775,0.23961319734925035
986,0.4937898721673198,0,7,0,346757,258853,26384,81572,2.3977639038126646,0.2396181244033194
987,0.4937930671717188,9,41,9,346798,258812,26393,81563,2.3973841194560745,0.239626882115314
988,0.4938262658400957,1,37,1,346835,258775,26394,81562,2.3970413872318352,0.2396506991599503
989,0.4938519867900938,6,42,6,346877,258733,26400,81556,2.396652339842158,0.2396668713946087
990,0.4938626236054347,13,79,13,346956,258654,26413,81543,2.395920560228241,0.23969347172373653
991,0.4938627470515183,7,31,7,346987,258623,26420,81536,2.395633406202527,0.23969966986027122
992,0.4938682752795016,0,15,0,347002,258608,26420,81536,2.395494460706214,0.239710240368785
993,0.493883894257242,0,1,0,347003,258607,26420,81536,2.395485197673126,0.23971094510250102
994,0.4938982594229464,0,1,0,347004,258606,26420,81536,2.3954759346400385,0.23971164984036078
995,0.493940551986514,9,42,9,347046,258564,26429,81527,2.3950868872503612,0.23972113346133828
996,0.4939504866607196,831,5178,831,352224,253386,27260,80696,2.3471229019230058,0.24154548883208316
997,0.4939765749260858,0,1,0,352225,253385,27260,80696,2.347113638889918,0.24154621184682756
998,0.4939986834014568,8,34,8,352259,253351,27268,80688,2.3467986957649414,0.24155263307577857
999,0.4940089868110468,813,5303,813,357562,248048,28081,79875,2.2976768313016414,0.2435785230069254
1000,0.4940400012626196,10,36,10,357598,248012,28091,79865,2.2973433621104893,0.243582196982405
1001,0.4940448745770291,158,1230,158,358828,246782,28249,79707,2.2859498314127977,0.24413379930104842
1002,0.4940694359279997,1001,7090,1001,365918,239692,29250,78706,2.2202749268220385,0.24719376377992325
1003,0.4940745710108241,5,46,5,365964,239646,29255,78701,2.219848827300011,0.2472176587183168
1004,0.4941473549279117,1,0,1,365964,239646,29256,78700,2.219848827300011,0.24721529405112677
1005,0.494152682213179,12,98,12,366062,239548,29268,78688,2.2189410500574307,0.2472630374941867
1006,0.4941567560813438,146,1186,146,367248,238362,29414,78542,2.2079550928155913,0.2478416176507712
1007,0.4941810327504115,3,37,3,367285,238325,29417,78539,2.207612360591352,0.2478634366794587
1008,0.4941816201076469,866,5235,866,372520,233090,30283,77673,2.159120382378006,0.2499428825181891
1009,0.4942016633433869,6,5,6,372525,233085,30289,77667,2.159074067212568,0.249932421995675
1010,0.4942026793725911,10,41,10,372566,233044,30299,77657,2.1586942828559783,0.2499412618562541
1011,0.4942086214994365,54,466,54,373032,232578,30353,77603,2.154377709437178,0.25018618161654
1012,0.494242054946632,2,12,2,373044,232566,30355,77601,2.1542665530401273,0.25019102612463606
1013,0.4942482159321821,2,7,2,373051,232559,30357,77599,2.1542017118085144,0.25019183770852277
1014,0.4942836979930301,1,6,1,373057,232553,30358,77598,2.154146133609989,0.2501942602151855
1015,0.4942888396019501,0,25,0,373082,232528,30358,77598,2.1539145577828003,0.2502144289740299
1016,0.4943174128220602,69,569,69,373651,231959,30427,77529,2.1486438919559823,0.2505072894587189
1017,0.4943205143322477,0,8,0,373659,231951,30427,77529,2.1485697876912817,0.25051376502520356
1018,0.4943286577433465,20,129,20,373788,231822,30447,77509,2.1473748564229873,0.25056977800479097
1019,0.4943759310281843,837,5422,837,379210,226400,31284,76672,2.0971506910222684,0.2529827895681554
1020,0.4943928682587716,18,97,18,379307,226303,31302,76654,2.0962521768127758,0.25301940539416484
1021,0.4944093518110422,12,38,12,379345,226265,31314,76642,2.0959001815554483,0.25302155447051405
1022,0.4944264347747641,160,1237,160,380582,225028,31474,76482,2.084441809626144,0.2536632284169679
1023,0.4944347770350157,1,8,1,380590,225020,31475,76481,2.0843677053614433,0.253667483689938
1024,0.4944855336428202,0,2,0,380592,225018,31475,76481,2.0843491792952684,0.25366916639856185
1025,0.4945219528949944,20,114,20,380706,224904,31495,76461,2.0832931935232875,0.25371559404708577
1026,0.4945574065297419,0,6,0,380712,224898,31495,76461,2.083237615324762,0.25372064547599377
1027,0.4945805847970327,48,371,48,381083,224527,31543,76413,2.0798010300492793,0.2539144015418356
1028,0.4945872530239484,2,5,2,381088,224522,31545,76411,2.079754714883842,0.2539136618449954
1029,0.4945941416690792,44,361,44,381449,224161,31589,76367,2.0764107599392343,0.2541094340627163
1030,0.4946115422209073,0,1,0,381450,224160,31589,76367,2.076401496906147,0.2541102796088205
1031,0.4946136112812288,0,10,0,381460,224150,31589,76367,2.0763088665752716,0.2541187353793629
1032,0.4946403396938634,2,5,2,381465,224145,31591,76365,2.0762625514098336,0.25411799940101826
1033,0.4947467993662574,5,33,5,381498,224112,31596,76360,2.075956871317944,0.2541334966319657
1034,0.4947579662833353,37,86,37,381584,224026,31633,76323,2.0751602504724147,0.25411438027095146
1035,0.4948391146362635,38,365,38,381949,223661,31671,76285,2.0717792433954574,0.2543291125735966
1036,0.4948639790717619,77,382,77,382331,223279,31748,76208,2.0682407647560117,0.2544617963384053
1037,0.4949058479649436,18,74,18,382405,223205,31766,76190,2.0675553003075327,0.2544798677332621
1038,0.4949484297127243,59,611,59,383016,222594,31825,76131,2.061895587091037,0.25485312578458447
1039,0.4949586834258382,0,3,0,383019,222591,31825,76131,2.0618677979917743,0.25485568521903307
1040,0.4949665810117802,19,126,19,383145,222465,31844,76112,2.0607006558227425,0.2549158173603459
1041,0.4949882438978269,1,12,1,383157,222453,31845,76111,2.060589499425692,0.25492356747632
1042,0.4949952168137838,78,370,78,383527,222083,31923,76033,2.057162177183297,0.255045016034027
1043,0.4950471659957435,14,90,14,383617,221993,31937,76019,2.056328504205417,0.2550870434747594
1044,0.4950731776754879,77,340,77,383957,221653,32014,75942,2.0531790729556487,0.2551857390077118
1045,0.4950808741853506,6,20,6,383977,221633,32020,75936,2.0529938122938973,0.25518787239262153
1046,0.4951268283630498,0,2,0,383979,221631,32020,75936,2.0529752862277224,0.25518958755507165
1047,0.4951329846404193,100,388,100,384367,221243,32120,75836,2.0493812293897515,0.25527216666273955
1048,0.4951675707231919,39,388,39,384755,220855,32159,75797,2.04578717255178,0.25550813748095413
1049,0.4951834907613386,51,427,51,385182,220428,32210,75746,2.0418318574233947,0.255748310115
1050,0.4951981819036765,17,94,17,385276,220334,32227,75729,2.0409611323131647,0.25578677511205383
1051,0.4952212594696449,1,9,1,385285,220325,32228,75728,2.0408777650153764,0.2557920372365759
1052,0.4952375715954158,0,4,0,385289,220321,32228,75728,2.0408407128830266,0.25579549331360685
1053,0.4952399774511119,12,97,12,385386,220224,32240,75716,2.0399421986735335,0.25584915861323243
1054,0.4952510303097209,1,3,1,385389,220221,32241,75715,2.039914409574271,0.2558492376730104
1055,0.495261407754457,4,20,4,385409,220201,32245,75711,2.03972914891252,0.255856470842683
1056,0.4952643457434047,124,839,124,386248,219362,32369,75587,2.031957464152062,0.25627142319519647
1057,0.4952738283029617,4,45,4,386293,219317,32373,75583,2.031540627663122,0.2563004408273991
1058,0.4952801791269287,0,4,0,386297,219313,32373,75583,2.0315035755307718,0.2563039173132223
1059,0.495286282884076,0,1,0,386298,219312,32373,75583,2.031494312497684,0.2563047864494142
1060,0.4952873393762506,2,10,2,386308,219302,32375,75581,2.0314016821668086,0.2563084341925442
1061,0.4952952135674981,2,1,2,386309,219301,32377,75579,2.031392419133721,0.25630425935973955
1062,0.4952964686552947,0,1,0,386310,219300,32377,75579,2.0313831561006337,0.25630512854425036
1063,0.4953112446322677,14,46,14,386356,219254,32391,75565,2.030957056578606,0.2563098036422347
1064,0.4953653158974583,2,8,2,386364,219246,32393,75563,2.0308829523139056,0.2563117136858101
1065,0.4953680986548806,1,22,1,386386,219224,32394,75562,2.0306791655859793,0.2563283195267075
1066,0.4953722369316551,1,14,1,386400,219210,32395,75561,2.0305494831227535,0.2563379708315947
1067,0.4953971106973277,10,38,10,386438,219172,32405,75551,2.0301974878654265,0.2563457890968808
1068,0.495426875784076,1,10,1,386448,219162,32406,75550,2.030104857534551,0.2563519639512473
1069,0.4954417315666993,36,251,36,386699,218911,32442,75514,2.027779836229575,0.2564795788401121
1070,0.4954546777537564,10,33,10,386732,218878,32452,75504,2.0274741561376857,0.25648307301397505
1071,0.4955333463568781,20,41,20,386773,218837,32472,75484,2.027094371781096,0.2564682778327065
1072,0.4955837252672614,22,93,22,386866,218744,32494,75462,2.0262329097039533,0.25649374927771695
1073,0.4956368025997622,13,89,13,386955,218655,32507,75449,2.0254084997591613,0.25653850338655715
1074,0.4956580159494493,3,31,3,386986,218624,32510,75446,2.025121345733447,0.2565579623899072
1075,0.4956666423829847,23,99,23,387085,218525,32533,75423,2.024204305457779,0.25658619891953677
1076,0.4956729511243839,0,2,0,387087,218523,32533,75423,2.024185779391604,0.2565879447245412
1077,0.4956766322066253,3,2,3,387089,218521,32536,75420,2.024167253325429,0.25658210321118863
1078,0.495691509653786,11,160,11,387249,218361,32547,75409,2.0226851680314204,0.2566940123225653
1079,0.4957044853633022,8,28,8,387277,218333,32555,75401,2.022425803104969,0.2566982371805783
1080,0.4957244856777069,4,13,4,387290,218320,32559,75397,2.0223053836748304,0.25669947602624293
1081,0.4957427953620635,21,149,21,387439,218171,32580,75376,2.020925191744785,0.25677659795535296
1082,0.495744718069651,20,149,20,387588,218022,32600,75356,2.0195449998147392,0.2568563423296907
1083,0.4957595731254345,77,563,77,388151,217459,32677,75279,2.0143299121864464,0.2571548620267953
1084,0.4958340987243746,7,6,7,388157,217453,32684,75272,2.014274333987921,0.25714236911777266
1085,0.4958377217291081,7,49,7,388206,217404,32691,75265,2.0138204453666306,0.2571676535608486
1086,0.4958391127888035,25,102,25,388308,217302,32716,75240,2.0128756159917005,0.2571938388333983
1087,0.4959848152589471,15,166,15,388474,217136,32731,75225,2.0113379524991664,0.2573017604947308
1088,0.4960131269508389,1,2,1,388476,217134,32732,75224,2.011319426432991,0.25730098030496856
1089,0.4960223303099574,10,62,10,388538,217072,32742,75214,2.010745118381563,0.2573301492373908
1090,0.4960393288593713,3,30,3,388568,217042,32745,75211,2.0104672273889364,0.2573489408149788
1091,0.4960615129989207,0,1,0,388569,217041,32745,75211,2.0104579643558487,0.25734982138702217
1092,0.4961451212633717,12,132,12,388701,216909,32757,75199,2.0092352439882917,0.2574356060087365
1093,0.4961749613358898,0,3,0,388704,216906,32757,75199,2.009207454889029,0.2574382499443693
1094,0.4963200905206428,12,176,12,388880,216730,32769,75187,2.0075771610656195,0.2575629374102913
1095,0.4963225918759152,1,0,1,388880,216730,32770,75186,2.0075771610656195,0.2575603940859699
1096,0.4963603470036907,0,1,0,388881,216729,32770,75186,2.0075678980325318,0.25756127639895177
1097,0.4963705975505246,25,83,25,388964,216646,32795,75161,2.006799066286265,0.2575709287302909
1098,0.496373132003023,20,115,20,389079,216531,32815,75141,2.005733817481196,0.2576215749197729
1099,0.4963962781844971,0,1,0,389080,216530,32815,75141,2.0057245544481086,0.2576224581806213
1100,0.4964233979141095,31,56,31,389136,216474,32846,75110,2.0052058245952056,0.25759300921861283
1101,0.4964265840133963,182,1168,182,390304,215306,33028,74928,1.9943866019489422,0.25816410206936474
1102,0.4964978985989877,18,49,18,390353,215257,33046,74910,1.993932713327652,0.25816167930881184
1103,0.4965405145533262,138,614,138,390967,214643,33184,74772,1.9882452110118938,0.25835564846327935
1104,0.4965462187135082,104,608,104,391575,214035,33288,74668,1.9826132868946609,0.2586325739600905
1105,0.4965923021866696,4,59,4,391634,213976,33292,74664,1.982066767942495,0.2586751662971175
1106,0.4966349124474238,16,154,16,391788,213822,33308,74648,1.9806402608470117,0.2587721426838146
1107,0.4966399353017768,3,38,3,391826,213784,33311,74645,1.9802882655896847,0.2587985258070444
1108,0.4966450109797679,0,2,0,391828,213782,33311,74645,1.9802697395235096,0.2588003203583576
1109,0.496658248528768,21,148,21,391976,213634,33332,74624,1.9788988106265515,0.25887919849579194
1110,0.4966699274819051,5,14,5,391990,213620,33337,74619,1.9787691281633257,0.25887891645474764
1111,0.4966831178397422,96,625,96,392615,212995,33433,74523,1.9729797324836045,0.2591942069713896
1112,0.49671776502939,4,23,4,392638,212972,33437,74519,1.9727666827225907,0.259204635971213
1113,0.4967746994710857,19,115,19,392753,212857,33456,74500,1.971701433917522,0.259259388147844
1114,0.4968023173031191,164,704,164,393457,212153,33620,74336,1.9651802586238838,0.25947244047764484
1115,0.4968528256384578,19,186,19,393643,211967,33639,74317,1.9634573344695987,0.2595918738036356
1116,0.4968794208483553,3,2,3,393645,211965,33642,74314,1.9634388084034236,0.25958592841249273
1117,0.4969615083265105,2,7,2,393652,211958,33644,74312,1.9633739671718107,0.25958710308450067
1118,0.4969696309432138,35,342,35,393994,211616,33679,74277,1.9602060098558671,0.25980699072730007
1119,0.4969912694230058,2,9,2,394003,211607,33681,74275,1.960122642558079,0.259809991534969
1120,0.4970119633229064,2,35,2,394038,211572,33683,74273,1.9597984364000147,0.2598366247441795
1121,0.4970607209045621,6,14,6,394052,211558,33689,74267,1.959668753936789,0.2598338143969212
1122,0.4971715089935555,51,282,51,394334,211276,33740,74216,1.9570565786060987,0.2599582475165679
1123,0.4971877159541861,22,154,22,394488,211122,33762,74194,1.9556300715106154,0.2600414978480001
1124,0.4972001992981611,1,0,1,394488,211122,33763,74193,1.9556300715106154,0.26003890436885546
1125,0.49724800401878,2,7,2,394495,211115,33765,74191,1.9555652302790025,0.2600400972990403
1126,0.497301087089495,0,1,0,394496,211114,33765,74191,1.955555967245915,0.2600410087450272
1127,0.4973030010731242,7,25,7,394521,211089,33772,74184,1.9553243914187262,0.2600456404917395
1128,0.4973536584309176,11,82,11,394603,211007,33783,74173,1.9545648227055468,0.2600918718002665
1129,0.4974357150100661,8,58,8,394661,210949,33791,74165,1.9540275667864686,0.26012402056721173
1130,0.4974707489343172,0,2,0,394663,210947,33791,74165,1.9540090407202935,0.2601258452818542
1131,0.4974802385527921,0,1,0,394664,210946,33791,74165,1.953999777687206,0.2601267576487754
1132,0.4974920330760712,0,3,0,394667,210943,33791,74165,1.9539719885879432,0.26012949478794
1133,0.4975732812070836,1,23,1,394690,210920,33792,74164,1.9537589388269294,0.2601478862370389
1134,0.4975984303034679,4,37,4,394727,210883,33796,74160,1.9534162066026899,0.26017127240451443
1135,0.4976028201772976,5,18,5,394745,210865,33801,74155,1.953249472007114,0.26017472458073115
1136,0.4976150565770136,3,11,3,394756,210854,33804,74152,1.953147578643151,0.26017697873027235
1137,0.4976399347263239,5,60,5,394816,210794,33809,74147,1.9525917966578976,0.26021878213384525
1138,0.4977784700478314,0,3,0,394819,210791,33809,74147,1.952564007558635,0.2602215218749342
1139,0.4978129156842973,13,90,13,394909,210701,33822,74134,1.951730334580755,0.26026998086611547
1140,0.4978240363528132,7,28,7,394937,210673,33829,74127,1.9514709696543036,0.26027738764044944
1141,0.4978839334952152,8,47,8,394984,210626,33837,74119,1.9510356070991886,0.2602995662786001
1142,0.4979651756799178,46,119,46,395103,210507,33883,74073,1.9499333061617696,0.2602888467214843
1143,0.4979668578980336,1,19,1,395122,210488,33884,74072,1.9497573085331061,0.2603036266516728
1144,0.4979743615422597,28,108,28,395230,210380,33912,74044,1.9487569009596502,0.26032964869349984
1145,0.4979841139221159,2,15,2,395245,210365,33914,74042,1.948617955463337,0.2603381773303751
1146,0.4980028894250218,3,12,3,395257,210353,33917,74039,1.9485067990662863,0.26034135981321554
1147,0.4980239116725105,14,80,14,395337,210273,33931,74025,1.9477657564192818,0.26037819471118334
1148,0.498054746983038,4,14,4,395351,210259,33935,74021,1.947636073956056,0.260380610665541
1149,0.4980573614845419,1,12,1,395363,210247,33936,74020,1.9475249175590055,0.26038900048194125
1150,0.4980595889838399,2,25,2,395388,210222,33938,74018,1.9472933417318166,0.2604066985645933
1151,0.4980716384248135,12,76,12,395464,210146,33950,74006,1.9465893512171626,0.2604451138827107
1152,0.4980999077356204,120,694,120,396158,209452,34070,73886,1.9401608062544,0.26076982261468634
1153,0.4981016082219911,1,12,1,396170,209440,34071,73885,1.9400496498573494,0.26077825818406425
1154,0.4981194543936229,27,123,27,396293,209317,34098,73858,1.9389102967875802,0.2608210470557076
1155,0.4981795384225465,0,2,0,396295,209315,34098,73858,1.938891770721405,0.2608228891878816
1156,0.4982038420657861,10,74,10,396369,209241,34108,73848,1.938206306272926,0.260864957663491
1157,0.4982290058113173,0,8,0,396377,209233,34108,73848,1.9381322020082257,0.26087232982785846
1158,0.49825704790387,1,8,1,396385,209225,34109,73847,1.938058097743525,0.26087709134071896
1159,0.4983851819998014,15,53,15,396438,209172,34124,73832,1.9375671569898847,0.26088677191841814
1160,0.4984091731338444,0,1,0,396439,209171,34124,73832,1.9375578939567972,0.2608876937700307
1161,0.4984356804476432,58,298,58,396737,208873,34182,73774,1.934797510096706,0.2610110844976242
1162,0.4984586389390276,13,41,13,396778,208832,34195,73761,1.9344177257401163,0.26101495790766227
1163,0.4985309617912772,41,245,41,397023,208587,34236,73720,1.9321482826336656,0.2611341553698633
1164,0.4985935617061132,23,176,23,397199,208411,34259,73697,1.930517988810256,0.2612368312844726
1165,0.4985978720199592,7,21,7,397220,208390,34266,73690,1.9303234651154173,0.2612379466817924
1166,0.4986033880000579,13,62,13,397282,208328,34279,73677,1.929749157063989,0.26126132515380934
1167,0.4986107437339515,12,63,12,397345,208265,34291,73665,1.9291655859794732,0.26128826304401803
1168,0.4986696678068879,2,8,2,397353,208257,34293,73663,1.9290914817147726,0.2612904370034052
1169,0.4986978096789077,3,11,3,397364,208246,34296,73660,1.9289895883508097,0.261292771349315
1170,0.4987809273612075,2,8,2,397372,208238,34298,73658,1.9289154840861091,0.26129494565371625
1171,0.4988206593872243,1,18,1,397390,208220,34299,73657,1.928748749490533,0.2613090106677735
1172,0.4988952344618275,7,75,7,397465,208145,34306,73650,1.9280540220089666,0.26136020866232546
1173,0.4988967374232178,11,73,11,397538,208072,34317,73639,1.9273778205935752,0.26139909339713396
1174,0.4989805297306741,3,24,3,397562,208048,34320,73636,1.9271555077994738,0.26141349881427417
1175,0.4989806738772069,11,98,11,397660,207950,34331,73625,1.9262477305568935,0.2614756281630116
1176,0.4989815378837338,3,1,3,397661,207949,34334,73622,1.926238467523806,0.2614686881816664
1177,0.4990053955636752,17,80,17,397741,207869,34351,73605,1.9254974248768018,0.261498397720571
1178,0.4990067371150135,3,21,3,397762,207848,34354,73602,1.9253029011819631,0.26151003730680406
1179,0.4990262852311238,45,302,45,398064,207546,34399,73557,1.9225054651895217,0.2616727676332163
1180,0.499042083276879,1,9,1,398073,207537,34400,73556,1.9224220978917337,0.2616785192089451
1181,0.4991331126697819,3,9,3,398082,207528,34403,73553,1.9223387305939457,0.26167901779202435
1182,0.4991559214131686,0,1,0,398083,207527,34403,73553,1.9223294675608582,0.2616799487690337
1183,0.499170218987652,18,64,18,398147,207463,34421,73535,1.9217366334432546,0.26169225403739527
1184,0.499201418784295,1,22,1,398169,207441,34422,73534,1.9215328467153285,0.2617101165584127
1185,0.49920627601701,57,281,57,398450,207160,34479,73477,1.9189299344177257,0.2618222116114411
1186,0.499214789830639,14,61,14,398511,207099,34493,73463,1.918364889399385,0.26184230223622584
1187,0.4992337809756845,7,60,7,398571,207039,34500,73456,1.9178091074141317,0.2618798909071463
1188,0.4992816218676623,46,236,46,398807,206803,34546,73410,1.915623031605469,0.261979280047678
1189,0.4993586441977616,102,633,102,399440,206170,34648,73308,1.9097595316610472,0.26230329399809643
1190,0.4993616546532535,18,68,18,399508,206102,34666,73290,1.9091296454110933,0.26231960829229184
1191,0.499387594870269,0,4,0,399512,206098,34666,73290,1.9090925932787433,0.26232336392400535
1192,0.4994018427001719,65,262,65,399774,205836,34731,73225,1.906665678609804,0.2623978269983982
1193,0.4994056515179428,1,9,1,399783,205827,34732,73224,1.906582311312016,0.2624036466452369
1194,0.4994119182517787,31,169,31,399952,205658,34763,73193,1.9050168587202194,0.26248067964611926
1195,0.4994148049018286,121,699,121,400651,204959,34884,73072,1.8985419985920189,0.26281961364020556
1196,0.4994177334122265,0,2,0,400653,204957,34884,73072,1.898523472525844,0.26282150423157297
1197,0.4994267179076678,13,33,13,400686,204924,34897,73059,1.8982177924339545,0.26281822989175596
1198,0.499481100551189,129,737,129,401423,204187,35026,72930,1.8913909370484272,0.263174038402552
1199,0.4995126463381686,25,141,25,401564,204046,35051,72905,1.890084849383082,0.2632415120364252
1200,0.4995244209323289,27,173,27,401737,203873,35078,72878,1.8884823446589352,0.26333418849435053
1201,0.4995375215739852,177,891,177,402628,202982,35255,72701,1.8802289821779243,0.26371230725144457
1202,0.4995458210607163,0,3,0,402631,202979,35255,72701,1.8802011930786617,0.2637151770168311
1203,0.4995591314015063,4,41,4,402672,202938,35259,72697,1.879821408722072,0.263743719048742
1204,0.4995623173583698,0,1,0,402673,202937,35259,72697,1.8798121456889845,0.26374467591080925
1205,0.4996073948793288,6,42,6,402715,202895,35265,72691,1.8794230982993072,0.26376884166829956
1206,0.4996488132311885,11,33,11,402748,202862,35276,72680,1.8791174182074177,0.2637710403495656
1207,0.499653532977833,49,239,49,402987,202623,35325,72631,1.8769035532994924,0.2638690082614603
1208,0.4997428475583135,1,10,1,402997,202613,35326,72630,1.8768109229686167,0.2638759205502047
1209,0.4998116080249081,1,2,1,402999,202611,35327,72629,1.8767923969024418,0.26387516349367823
1210,0.4998130369274572,188,888,188,403887,201723,35515,72441,1.8685668235206936,0.26422506237142734
1211,0.4998396721706452,0,2,0,403889,201721,35515,72441,1.8685482974545184,0.26422698988189464
1212,0.4998458217495674,1,4,1,403893,201717,35516,72440,1.8685112453221684,0.26422816123608006
1213,0.499864900112669,1,17,1,403910,201700,35517,72439,1.8683537737596798,0.2642418627046863
1214,0.4999198671433358,3,30,3,403940,201670,35520,72436,1.8680758827670532,0.264262730476531
1215,0.4999787896882576,87,612,87,404552,201058,35607,72349,1.86240690651747,0.2646201450584659
1216,0.5000279911113721,184,856,184,405408,200202,35791,72165,1.8544777501945238,0.26495500556234786
1217,0.500054737973422,29,128,29,405536,200074,35820,72136,1.8532920819593168,0.26500128577201426
1218,0.5001006239636021,170,928,170,406464,199146,35990,71966,1.8446959872540665,0.26544749033609727
1219,0.5001157493992494,32,206,32,406670,198940,36022,71934,1.8427878024380302,0.26556258629473484
1220,0.5001218675692257,3,27,3,406697,198913,36025,71931,1.8425377005446664,0.2655809248128074
1221,0.5001222719286542,8,39,8,406736,198874,36033,71923,1.8421764422542517,0.26559747707692477
1222,0.5001223926813406,22,175,22,406911,198699,36055,71901,1.8405554114639298,0.26570953436807093
1223,0.5001230319517761,1,0,1,406911,198699,36056,71900,1.8405554114639298,0.2657068207938684
1224,0.5001511352491084,30,157,30,407068,198542,36086,71870,1.8391011152691839,0.2657796251645637
1225,0.5001722388020038,8,48,8,407116,198494,36094,71862,1.8386564896809812,0.2658050866265221
1226,0.5001727826554153,38,255,38,407371,198239,36132,71824,1.8362944162436547,0.26595275917100825
1227,0.5002082526761996,198,1178,198,408549,197061,36330,71626,1.825382563266516,0.2665778396424092
1228,0.5002689697366106,0,1,0,408550,197060,36330,71626,1.8253733002334285,0.2665788317962231
1229,0.5003440090115003,12,51,12,408601,197009,36342,71614,1.8249008855459632,0.26659668010557547
1230,0.5003689453393596,6,10,6,408611,196999,36348,71608,1.8248082552150877,0.2665902228906916
1231,0.500406719355972,4,4,4,408615,196995,36352,71604,1.8247712030827374,0.26658327097271395
1232,0.5004085707968157,261,1254,261,409869,195741,36613,71343,1.8131553595909444,0.2671182100013479
1233,0.5005316692547384,13,64,13,409933,195677,36626,71330,1.812562525473341,0.26714655421018924
1234,0.5005403947974238,4,9,4,409942,195668,36630,71326,1.812479158175553,0.2671445800280156
1235,0.5005570453704553,0,2,0,409944,195666,36630,71326,1.812460632109378,0.2671465811709714
1236,0.5005576541243961,0,6,0,409950,195660,36630,71326,1.8124050539108525,0.26715258477972625
1237,0.5005611158717358,99,754,99,410704,194906,36729,71227,1.8054207269628366,0.26763685826259803
1238,0.5006060183184167,0,2,0,410706,194904,36729,71227,1.8054022008966617,0.26763886957926736
1239,0.5006253495769901,91,613,91,411319,194291,36820,71136,1.7997239616139908,0.2680058923922585
1240,0.5006516653426105,10,48,10,411367,194243,36830,71126,1.7992793360257884,0.2680267853441811
1241,0.5006612093597771,25,180,25,411547,194063,36855,71101,1.7976119900700285,0.26813971730702507
1242,0.5007385693432967,573,2791,573,414338,191272,37428,70528,1.7717588647226648,0.2693964858670741
1243,0.5007862895534123,262,1274,262,415612,189998,37690,70266,1.7599577605691208,0.26997971290689454
1244,0.500793013651587,10,51,10,415663,189947,37700,70256,1.7594853458816555,0.2700045733523441
1245,0.5007994736522255,3,3,3,415666,189944,37703,70253,1.759457556782393,0.26999926978404826
1246,0.5008243439567097,27,117,27,415783,189827,37730,70226,1.758373781911149,0.2700449523750928
1247,0.5008287067247166,0,1,0,415784,189826,37730,70226,1.7583645188780614,0.2700459908018396
1248,0.5008290146409589,10,59,10,415843,189767,37740,70216,1.7578179999258958,0.27007919748598946
1249,0.5008399222469256,33,144,33,415987,189623,37773,70183,1.756484123161288,0.27013617853321326
1250,0.5008883199367514,0,5,0,415992,189618,37773,70183,1.7564378079958503,0.27014137743888594
1251,0.5009154603332855,238,1289,238,417281,188329,38011,69945,1.7444977583459929,0.2708170392683739
1252,0.5009263077611389,230,1303,230,418584,187026,38241,69715,1.7324280262329097,0.27153824282058575
1253,0.5009467529530535,24,115,24,418699,186911,38265,69691,1.731362777427841,0.2715918036492311
1254,0.5009955352307515,0,1,0,418700,186910,38265,69691,1.7313535143947534,0.2715928620699062
1255,0.501073425161769,479,2168,479,420868,184742,38744,69212,1.711271258660936,0.27253754616977877
1256,0.5010823147385082,1,8,1,420876,184734,38745,69211,1.7111971543962354,0.27254326724290695
1257,0.5011031845908764,270,1288,270,422164,183446,39015,68941,1.6992663677794657,0.2731559073961813
1258,0.5011678258465969,19,101,19,422265,183345,39034,68922,1.6983308014376228,0.27321052694169273
1259,0.5011857857001065,4,12,4,422277,183333,39038,68918,1.698219645040572,0.27321199915956723
1260,0.5011895438579145,0,1,0,422278,183332,39038,68918,1.6982103820074845,0.273213082259663
1261,0.5011931096700862,3,9,3,422287,183323,39041,68915,1.6981270147096965,0.273214186601543
1262,0.5012309600825954,432,2219,432,424506,181104,39473,68483,1.6775723442884138,0.27438528448997745
1263,0.5012814710306686,25,133,25,424639,180971,39498,68458,1.6763403608877692,0.27445886404547987
1264,0.501292936622656,100,665,100,425304,180306,39598,68358,1.6701804438845456,0.27490107132516167
1265,0.5013028901386004,13,25,13,425329,180281,39611,68345,1.6699488680573567,0.2748907998358981
1266,0.5013227541390497,18,70,18,425399,180211,39629,68327,1.6693004557412279,0.2749157070548568
1267,0.5013271500549312,1,5,1,425404,180206,39630,68326,1.6692541405757901,0.2749183203772552
1268,0.5013351668591383,3,9,3,425413,180197,39633,68323,1.6691707732780021,0.2749195235795912
1269,0.5013476319515819,0,2,0,425415,180195,39633,68323,1.669152247211827,0.2749217360513122
1270,0.5013478703452897,465,2192,465,427607,178003,40098,67858,1.6488476786839084,0.2760014805113458
1271,0.5013580819870553,0,1,0,427608,178002,40098,67858,1.6488384156508207,0.27600260310745955
1272,0.5014719219764497,7,60,7,427668,177942,40105,67851,1.6482826336655674,0.27604935860663243
1273,0.5014887711625778,9,35,9,427703,177907,40114,67842,1.647958427507503,0.27606216098539565
1274,0.5015237502535091,2,24,2,427727,177883,40116,67840,1.6477361147134018,0.27608323193189077
1275,0.5015370246168149,3,15,3,427742,177868,40119,67837,1.6475971692170885,0.27609124763435827
1276,0.5015471313968399,10,31,10,427773,177837,40129,67827,1.6473100151913742,0.276096619773349
1277,0.5015533001808025,0,1,0,427774,177836,40129,67827,1.6473007521582868,0.27609774365696094
1278,0.5016898982909248,0,1,0,427775,177835,40129,67827,1.647291489125199,0.2760988675497228
1279,0.5017437332805417,1,9,1,427784,177826,40130,67826,1.6472081218274113,0.27610603618126456
1280,0.5017468774878712,45,121,45,427905,177705,40175,67781,1.6460872948238172,0.27610943190243026
1281,0.5017481385778783,20,173,20,428078,177532,40195,67761,1.6444847900996702,0.2762451435630042
1282,0.5017515261851869,497,2536,497,430614,174996,40692,67264,1.6209937381896329,0.2776521093040535
1283,0.5017534538543732,0,3,0,430617,174993,40692,67264,1.62096594909037,0.277655547620915
1284,0.5017560334501219,14,121,14,430738,174872,40706,67250,1.619845122086776,0.2777525379767225
1285,0.5017717554005859,1,8,1,430746,174864,40707,67249,1.6197710178220757,0.277758732492679
1286,0.5017809113251908,500,2258,500,433004,172606,41207,66749,1.5988550891103783,0.2788702972572121
1287,0.5017851164908051,16,91,16,433095,172515,41223,66733,1.598012153099411,0.2789281415100649
1288,0.5018091586473667,0,1,0,433096,172514,41223,66733,1.5980028900663232,0.27892930736853544
1289,0.5018314838255973,0,1,0,433097,172513,41223,66733,1.5979936270332358,0.27893047323675213
1290,0.5018407688795213,0,1,0,433098,172512,41223,66733,1.5979843640001483,0.278931639114715
1291,0.5019035428788741,2,12,2,433110,172500,41225,66731,1.5978732076030975,0.2789396023090653
1292,0.5019226783722951,26,142,26,433252,172358,41251,66705,1.5965578569046648,0.27902686739478716
1293,0.5019389559718153,15,64,15,433316,172294,41266,66690,1.5959650227870614,0.2790563384996485
1294,0.5019596773318724,435,2440,435,435756,169854,41701,66255,1.5733632220534293,0.2806119207654092
1295,0.5019682182405769,0,3,0,435759,169851,41701,66255,1.5733354329541664,0.28061548626464383
1296,0.5019990575953731,2,12,2,435771,169839,41703,66253,1.5732242765571158,0.2806236551852668
1297,0.5020107766765812,15,34,15,435805,169805,41718,66238,1.5729093334321391,0.2806183619086353
1298,0.5020797018525975,376,1899,376,437704,167906,42094,65862,1.5553188335988737,0.2817408712911947
1299,0.5020886169809246,481,2511,481,440215,165395,42575,65381,1.532059357516025,0.2833093562588831
1300,0.5020934579507197,33,131,33,440346,165264,42608,65348,1.5308459001815555,0.2833677345498066
1301,0.5021378266572938,5,13,5,440359,165251,42613,65343,1.5307254807514172,0.2833681708977684
1302,0.5021448465533277,0,2,0,440361,165249,42613,65343,1.530706954685242,0.28337062864279766
1303,0.5021557450037186,0,6,0,440367,165243,42613,65343,1.530651376486717,0.28337800213369413
1304,0.502177498732051,0,4,0,440371,165239,42613,65343,1.5306143243543666,0.2833829180074767
1305,0.5021883365842239,25,141,25,440512,165098,42638,65318,1.5293082366890214,0.28347857787653635
1306,0.5022176961432238,335,1858,335,442370,163240,42973,64983,1.5120975212123458,0.284734667408631
1307,0.5022437883920065,1,5,1,442375,163235,42974,64982,1.512051206046908,0.28473777150694296
1308,0.5022537169312575,426,2414,426,444789,160821,43400,64556,1.4896902441735522,0.28643561676657336
1309,0.502278798005793,2,2,2,444791,160819,43402,64554,1.489671718107377,0.2864318263500952
1310,0.5022792549741822,19,157,19,444948,160662,43421,64535,1.4882174219126312,0.2865713131169598
1311,0.5023036777714264,0,1,0,444949,160661,43421,64535,1.4882081588795435,0.2865725856587151
1312,0.5023237903043652,1,6,1,444955,160655,43422,64534,1.4881525806810183,0.28657705305321307
1313,0.5023340902774311,0,2,0,444957,160653,43422,64534,1.4881340546148432,0.2865795982894217
1314,0.5023400679054248,0,4,0,444961,160649,43422,64534,1.4880970024824929,0.2865846888974745
1315,0.5023449100249356,361,1841,361,446802,158808,43783,64173,1.4710437585683056,0.28779582116861974
1316,0.5024197028985777,17,21,17,446823,158787,43800,64156,1.470849234873467,0.2877686224730088
1317,0.5024210553889548,1,2,1,446825,158785,43801,64155,1.4708307088072918,0.2877680093298645
1318,0.5024729955861595,1,1,1,446826,158784,43802,64154,1.4708214457742044,0.28776610537458847
1319,0.5024803874840189,14,80,14,446906,158704,43816,64140,1.4700804031272,0.28782466658290107
1320,0.5024897379262614,354,1915,354,448821,156789,44170,63786,1.4523416947645338,0.28918055083305
1321,0.5025075327573708,0,1,0,448822,156788,44170,63786,1.452332431731446,0.28918186186948597
1322,0.5025154561124957,17,85,17,448907,156703,44187,63769,1.4515450739190041,0.2892385427627998
1323,0.5025957085395796,17,67,17,448974,156636,44204,63752,1.450924450702138,0.28927164818411166
1324,0.502599339592699,1,3,1,448977,156633,44205,63751,1.4508966616028753,0.28927236096994335
1325,0.5026233072602553,1,0,1,448977,156633,44206,63750,1.4508966616028753,0.2892691360041382
1326,0.5026769194054687,0,6,0,448983,156627,44206,63750,1.45084108340435,0.2892770116663717
1327,0.5026852518004514,10,23,10,449006,156604,44216,63740,1.4506280336433361,0.289274951893403
1328,0.5026864494193279,0,1,0,449007,156603,44216,63740,1.4506187706102487,0.2892762647327122
1329,0.5026945932562759,13,169,13,449176,156434,44229,63727,1.449053318018452,0.2894563523966552
1330,0.5027027352425647,0,3,0,449179,156431,44229,63727,1.4490255289191893,0.28946029669600926
1331,0.5027101316953924,11,85,11,449264,156346,44240,63716,1.4482381711067471,0.2895365851441866
1332,0.5027255464072796,11,79,11,449343,156267,44251,63705,1.4475063914928303,0.2896050406415362
1333,0.5027274290380871,13,68,13,449411,156199,44264,63692,1.4468765052428767,0.2896526006066642
1334,0.5027323046768195,3,43,3,449454,156156,44267,63689,1.446478194820112,0.2896995610543792
1335,0.5027347029615177,453,2495,453,451949,153661,44720,63236,1.4233669272666643,0.2915485230316694
1336,0.5027595078474553,1,0,1,451949,153661,44721,63235,1.4233669272666643,0.29154525671289466
1337,0.5027726008746358,472,2475,472,454424,151186,45193,62763,1.4004409203749675,0.2933549584246713
1338,0.5028737821758437,7,74,7,454498,151112,45200,62756,1.3997554559264886,0.2934333327098958
1339,0.5028949475677573,0,3,0,454501,151109,45200,62756,1.3997276668272258,0.2934374488579244
1340,0.5029285841443443,0,1,0,454502,151108,45200,62756,1.3997184037941384,0.29343882093292933
1341,0.5029355844555996,9,83,9,454585,151025,45209,62747,1.3989495720478713,0.2935230058192841
1342,0.502945999864928,68,436,68,455021,150589,45277,62679,1.3949108896216977,0.293897818706979
1343,0.5029465423385164,66,313,66,455334,150276,45343,62613,1.3920115602652932,0.2941110155996787
1344,0.5029647453717772,0,1,0,455335,150275,45343,62613,1.3920022972322057,0.2941123971290068
1345,0.5029764342385181,0,4,0,455339,150271,45343,62613,1.3919652450998554,0.2941179233761109
1346,0.5030273331580896,27,174,27,455513,150097,45370,62586,1.3903534773426212,0.29426893545793503
1347,0.5030660227262774,23,153,23,455666,149944,45393,62563,1.3889362332802253,0.29440441961911845
1348,0.503117967410413,8,32,8,455698,149912,45401,62555,1.3886398162214235,0.29442219262285435
1349,0.5031239352688248,28,76,28,455774,149836,45429,62527,1.3879358257067693,0.2944345295555252
1350,0.5031311213863965,1,6,1,455780,149830,45430,62526,1.3878802475082441,0.2944395260788487
1351,0.5031394821373986,14,100,14,455880,149730,45444,62512,1.3869539441994887,0.29453171379839993
1352,0.5031715524712468,0,1,0,455881,149729,45444,62512,1.386944681166401,0.29453310152138373
1353,0.5031728700413559,8,41,8,455922,149688,45452,62504,1.3865648968098114,0.2945634142663248
1354,0.5031793324283182,8,66,8,455988,149622,45460,62496,1.385953536626033,0.29462846151670297
1355,0.503215498706106,18,94,18,456082,149528,45478,62478,1.3850828115158027,0.29469920662622756
1356,0.5032338807982438,11,31,11,456113,149497,45489,62467,1.3847956574900886,0.2947057047423147
1357,0.503246849843834,39,154,39,456267,149343,45528,62428,1.3833691503946053,0.29479012707122315
1358,0.5032572829219283,0,2,0,456269,149341,45528,62428,1.3833506243284301,0.29479291114374623
1359,0.5032688879277252,16,35,16,456304,149306,45544,62412,1.3830264181703658,0.2947883505417584
1360,0.5032836241058474,76,456,76,456760,148850,45620,62336,1.378802475082441,0.29517108141638176
1361,0.5033033378228449,5,112,5,456872,148738,45625,62331,1.377765015376635,0.2953110120387172
1362,0.5033404883328411,37,170,37,457042,148568,45662,62294,1.3761902997517508,0.2954254441293358
1363,0.5033504550727356,7,16,7,457058,148552,45669,62287,1.3760420912223499,0.29542447080473727
1364,0.5033538484325447,11,25,11,457083,148527,45680,62276,1.375810515395161,0.29542274066308355
1365,0.5033667725405789,3,17,3,457100,148510,45683,62273,1.3756530438326726,0.29543653899982447
1366,0.5033765070508095,72,432,72,457532,148078,45755,62201,1.3716514135388491,0.29580224368576985
1367,0.5034126222247222,85,202,85,457734,147876,45840,62116,1.3697802808551631,0.2958017448283744
1368,0.5034171183728028,65,436,65,458170,147440,45905,62051,1.3657415984289896,0.2961988820522123
1369,0.5034233106808277,0,1,0,458171,147439,45905,62051,1.365732335395902,0.2962002959568476
1370,0.5034361634574063,1,4,1,458175,147435,45906,62050,1.3656952832635518,0.29620259207103133
1371,0.5034482412852544,1,4,1,458179,147431,45907,62049,1.3656582311312015,0.2962048882948253
1372,0.5034610163770823,53,160,53,458339,147271,45960,61996,1.3641761458371928,0.2962531120530232
1373,0.5035177444429422,7,17,7,458356,147254,45967,61989,1.3640186742747045,0.2962536381145367
1374,0.5035190693796835,12,113,12,458469,147141,45979,61977,1.362971951535811,0.2963733394542794
1375,0.5035297062785392,83,570,83,459039,146571,46062,61894,1.357692022675905,0.2969035569520063
1376,0.5035590145939242,2,9,2,459048,146562,46064,61892,1.357608655378117,0.2969096299423374
1377,0.503573587376238,0,2,0,459050,146560,46064,61892,1.357590129311942,0.29691247865215975
1378,0.5036638999848252,62,183,62,459233,146377,46126,61830,1.3558949942569194,0.2969640790175162
1379,0.5036680222561388,0,3,0,459236,146374,46126,61830,1.3558672051576568,0.29696835795661947
1380,0.503679435284294,11,90,11,459326,146284,46137,61819,1.3550335321797768,0.2970596291259617
1381,0.5036813141216423,0,4,0,459330,146280,46137,61819,1.3549964800474268,0.29706533909341226
1382,0.5036944064792461,8,15,8,459345,146265,46145,61811,1.3548575345511134,0.2970597281762433
1383,0.5037069241208117,6,21,6,459366,146244,46151,61805,1.3546630108562747,0.29706944037222
1384,0.5037427436066884,0,1,0,459367,146243,46151,61805,1.3546537478231873,0.2970708682611705
1385,0.5037515110593276,0,1,0,459368,146242,46151,61805,1.3546444847900996,0.2970722961638476
1386,0.5038302855081652,6,83,6,459451,146159,46157,61799,1.3538756530438327,0.29717058252147066
1387,0.5038451652202138,0,1,0,459452,146158,46157,61799,1.353866390010745,0.29717201152161266
1388,0.5038548845682856,13,52,13,459504,146106,46170,61786,1.3533847122901923,0.2972023935504974
1389,0.5038977433949607,71,206,71,459710,145900,46241,61715,1.351476527474156,0.2972569419357946
1390,0.503935631863645,50,185,50,459895,145715,46291,61665,1.3497628663529586,0.29735268589063557
1391,0.5039396037110813,1,7,1,459902,145708,46292,61664,1.3496980251213457,0.2973593349150319
1392,0.5039742568075196,0,3,0,459905,145705,46292,61664,1.3496702360220831,0.2973636368020292
1393,0.504012048421036,16,50,16,459955,145655,46308,61648,1.3492070843677053,0.2973811281071668
1394,0.5040415752432922,0,12,0,459967,145643,46308,61648,1.3490959279706547,0.29739834339165716
1395,0.5040445895449441,51,194,51,460161,145449,46359,61597,1.3472988995516693,0.2975039363233291
1396,0.5040480661920073,48,182,48,460343,145267,46407,61549,1.3456130275297344,0.2976026999845273
1397,0.5040556526769142,11,47,11,460390,145220,46418,61538,1.3451776649746192,0.2976329815533135
1398,0.5040791152430233,2,1,2,460391,145219,46420,61536,1.3451684019415318,0.29762762690140504
1399,0.504088001862505,69,207,69,460598,145012,46489,61467,1.343250954092408,0.29769129063972605
1400,0.5041088039942949,35,150,35,460748,144862,46524,61432,1.341861499129275,0.2977885929789524
1401,0.5041145681411694,63,214,63,460962,144648,46587,61369,1.3398792100485384,0.2978831843974041
1402,0.5041308356582526,57,197,57,461159,144451,46644,61312,1.3380543925302901,0.29797388257364055
1403,0.5042446608150699,61,191,61,461350,144260,46705,61251,1.3362851532105673,0.29804244055062745
1404,0.5043058396749707,65,187,65,461537,144073,46770,61186,1.3345529660231947,0.2980916792929908
1405,0.5043197183763171,52,195,52,461732,143878,46822,61134,1.3327466745711216,0.2981971787017345
1406,0.5043262244658656,0,10,0,461742,143868,46822,61134,1.332654044240246,0.29821172476366087
1407,0.5043632974451019,2,12,2,461754,143856,46824,61132,1.3325428878431953,0.29822233496594924
1408,0.504373717631556,19,100,19,461854,143756,46843,61113,1.3316165845344399,0.2983028178982667
1409,0.5043781244531214,0,4,0,461858,143752,46843,61113,1.3315795324020898,0.2983086422766212
1410,0.5044146661645772,18,136,18,461994,143616,46861,61095,1.3303197599021823,0.2984451250787696
1411,0.5044339727790936,13,48,13,462042,143568,46874,61082,1.3298751343139799,0.2984705594918153
1412,0.5044936918729068,11,33,11,462075,143535,46885,61071,1.3295694542220904,0.29848098296237646
1413,0.5045095721374147,1,1,1,462076,143534,46886,61070,1.329560191189003,0.2984790131180231
1414,0.5046033752333432,2,11,2,462087,143523,46888,61068,1.3294582978250398,0.2984882032934
1415,0.5046170480801893,24,64,24,462151,143459,46912,61044,1.3288654637074364,0.2984992885189948
1416,0.5046401752425222,3,19,3,462170,143440,46915,61041,1.328689466078773,0.2985167326059634
1417,0.5047168157589006,49,179,49,462349,143261,46964,60992,1.3270313831561007,0.2986100571350237
1418,0.5047645834740607,5,28,5,462377,143233,46969,60987,1.3267720182296492,0.29863382626579177
1419,0.5048005446766647,21,78,21,462455,143155,46990,60966,1.3260495016488199,0.29867578544098844
1420,0.5048010522568138,6,15,6,462470,143140,46996,60960,1.3259105561525066,0.2986771190592847
1421,0.5048078343045475,24,86,24,462556,143054,47020,60936,1.325113935306977,0.2987205255159567
1422,0.5048092669871121,0,2,0,462558,143052,47020,60936,1.3250954092408018,0.2987234543208424
1423,0.5048448967857129,48,191,48,462749,142861,47068,60888,1.323326169921079,0.29883827650687855
1424,0.5048464876449198,24,101,24,462850,142760,47092,60864,1.3223906035792359,0.2989038620201941
1425,0.5049161847490811,40,96,40,462946,142664,47132,60824,1.3215013524028307,0.29890706085862556
1426,0.5049366058912044,11,52,11,462998,142612,47143,60813,1.321019674682278,0.29894555733071154
1427,0.5049614862621761,10,68,10,463066,142544,47153,60803,1.3203897884323244,0.29901105007696205
1428,0.5050099238587358,0,1,0,463067,142543,47153,60803,1.3203805253992367,0.2990125205315079
1429,0.5050348313231346,4,20,4,463087,142523,47157,60799,1.3201952647374857,0.29902814255220783
1430,0.505083158906489,18,91,18,463178,142432,47175,60781,1.3193523287265183,0.29909995915615634
1431,0.5051048149344244,21,99,21,463277,142333,47196,60760,1.3184352884508503,0.299173285145229
1432,0.5052237772839893,21,98,21,463375,142235,47217,60739,1.31752751120827,0.2992452235261659
1433,0.5052577766038746,8,18,8,463393,142217,47225,60731,1.317360776612694,0.2992441413564066
1434,0.5052780035331107,2,12,2,463405,142205,47227,60729,1.3172496202156434,0.2992549301743424
1435,0.5053120782337317,0,1,0,463406,142204,47227,60729,1.317240357182556,0.2992564048232668
1436,0.5053345725675783,23,88,23,463494,142116,47250,60706,1.3164252102708511,0.29930678131563637
1437,0.5053613348727513,3,1,3,463495,142115,47253,60703,1.3164159472377635,0.29929789269197016
1438,0.5054629081147637,1,0,1,463495,142115,47254,60702,1.3164159472377635,0.2992944378429816
1439,0.5054631221713737,1,2,1,463497,142113,47255,60701,1.3163974211715885,0.299293934343783
1440,0.5055650127488994,0,8,0,463505,142105,47255,60701,1.316323316906888,0.2993057404613276
1441,0.5056232040127517,1,0,1,463505,142105,47256,60700,1.316323316906888,0.29930228544661125
1442,0.5056685232666853,2,8,2,463513,142097,47258,60698,1.3162492126421876,0.29930718212973695
1443,0.5057131183111478,1,0,1,463513,142097,47259,60697,1.3162492126421876,0.29930372693472196
1444,0.5057278554001507,1,11,1,463524,142086,47260,60696,1.3161473192782245,0.299316507382312
1445,0.505752703719403,5,25,5,463549,142061,47265,60691,1.3159157434510356,0.29933613478535354
1446,0.5057837156090397,22,75,22,463624,141986,47287,60669,1.315221015969469,0.29937085194049
1447,0.5058006428872042,12,59,12,463683,141927,47299,60657,1.3146744970173034,0.29941653832484305
1448,0.505801841558565,4,6,4,463689,141921,47303,60653,1.314618918818778,0.29941157305478494
1449,0.5058871234443046,0,1,0,463690,141920,47303,60653,1.3146096557856906,0.299413051097629
1450,0.5059120020332264,0,1,0,463691,141919,47303,60653,1.3146003927526029,0.29941452915506583
1451,0.5059417104525786,10,49,10,463740,141870,47313,60643,1.3141465041313127,0.2994523808348106
1452,0.5060350931253808,175,677,175,464417,141193,47488,60468,1.3078754307310385,0.2998497478441543
1453,0.5060445391758985,6,15,6,464432,141178,47494,60462,1.3077364852347253,0.29985121999603254
1454,0.5061376399824634,20,88,20,464520,141090,47514,60442,1.3069213383230205,0.2999126689557986
1455,0.5062132847477869,17,76,17,464596,141014,47531,60425,1.3062173478083663,0.2999667393106598
1456,0.5062317474479576,6,11,6,464607,141003,47537,60419,1.3061154544444034,0.29996226827258193
1457,0.5062337941536279,26,103,26,464710,140900,47563,60393,1.305161362036385,0.3000253362014576
1458,0.5062496172828268,0,4,0,464714,140896,47563,60393,1.305124309904035,0.30003129828256886
1459,0.5063231470990857,1,0,1,464714,140896,47564,60392,1.305124309904035,0.3000278208338301
1460,0.5063546026962908,1,2,1,464716,140894,47565,60391,1.30510578383786,0.30002732444047
1461,0.5064012526993883,1,2,1,464718,140892,47566,60390,1.3050872577716848,0.3000268280323129
1462,0.506420241738285,11,71,11,464789,140821,47577,60379,1.3044295824224683,0.3000944333996024
1463,0.5064363361502964,32,115,32,464904,140706,47609,60347,1.3033643336173997,0.3001546855804191
1464,0.5064451222549857,4,9,4,464913,140697,47613,60343,1.3032809663196117,0.3001541981695185
1465,0.5064552040505548,7,14,7,464927,140683,47620,60336,1.303151283856386,0.3001507320203563
1466,0.5064674448589919,2,9,2,464936,140674,47622,60334,1.3030679165585979,0.30015720767332643
1467,0.5066194700506886,3,9,3,464945,140665,47625,60331,1.3029845492608099,0.3001602021930785
1468,0.5066649503858469,8,39,8,464984,140626,47633,60323,1.3026232909703954,0.3001905956237652
1469,0.5067025865355436,29,91,29,465075,140535,47662,60294,1.301780354959428,0.30022556503293846
1470,0.5067371250314929,170,610,170,465685,139925,47832,60124,1.29612990477602,0.3005463661402956
1471,0.5067402693972135,23,64,23,465749,139861,47855,60101,1.2955370706584164,0.30056210680029205
1472,0.5067553397436504,7,24,7,465773,139837,47862,60094,1.2953147578643152,0.3005736979257844
1473,0.5067802185654497,40,124,40,465897,139713,47902,60054,1.2941661417614583,0.30062022255928156
1474,0.5068654855192506,0,2,0,465899,139711,47902,60054,1.2941476156952834,0.30062323229795007
1475,0.506870001084006,3,16,3,465915,139695,47905,60051,1.2939994071658825,0.30063680874710885
1476,0.5068911004126899,26,79,26,465994,139616,47931,60025,1.2932676275519657,0.3006646931241579
1477,0.5068967230558481,80,351,80,466345,139265,48011,59945,1.290016302938234,0.3009136087545806
1478,0.5069146838799095,1,2,1,466347,139263,48012,59944,1.289997776872059,0.30091312052287317
1479,0.5069535919115217,3,5,3,466352,139258,48015,59941,1.2899514617066212,0.30091014513125064
1480,0.5069626136515467,9,35,9,466387,139223,48024,59932,1.2896272555485568,0.3009314353142025
1481,0.5070479785278945,18,75,18,466462,139148,48042,59914,1.2889325280669903,0.3009816037214536
1482,0.5070505806180058,5,33,5,466495,139115,48047,59909,1.288626847975101,0.30101394806656484
1483,0.5070967156493046,16,84,16,466579,139031,48063,59893,1.2878487531957463,0.3010848364199393
1484,0.5071051589185162,2,6,2,466585,139025,48065,59891,1.2877931749972211,0.30108689094894325
1485,0.5071199778780672,18,53,18,466638,138972,48083,59873,1.2873022342435807,0.3011038748774171
1486,0.5071413116617105,0,6,0,466644,138966,48083,59873,1.2872466560450553,0.3011129607370787
1487,0.5071443269481771,13,25,13,466669,138941,48096,59860,1.2870150802178666,0.30110512522572824
1488,0.5071556604872482,28,62,28,466731,138879,48124,59832,1.2864407721664382,0.301100593323973
1489,0.5071671760551262,15,35,15,466766,138844,48139,59817,1.2861165660083738,0.3011008703268382
1490,0.5071853663176591,11,29,11,466795,138815,48150,59806,1.2858479380488348,0.3011061267438992
1491,0.5072029398471896,1,1,1,466796,138814,48151,59805,1.2858386750157471,0.3011041239760547
1492,0.5072337544176966,0,5,0,466801,138809,48151,59805,1.2857923598503094,0.3011117041094787
1493,0.5073663453527374,174,612,174,467413,138197,48325,59631,1.2801233836007262,0.30142851365832946
1494,0.5073987445049076,2,16,2,467429,138181,48327,59629,1.2799751750713253,0.30144583185885443
1495,0.5074086531310286,6,63,6,467492,138118,48333,59623,1.2793916039868094,0.30152067603582466
1496,0.5074515878355652,12,86,12,467578,138032,48345,59611,1.2785949831412797,0.3016094675753758
1497,0.5075204783530549,0,1,0,467579,138031,48345,59611,1.2785857201081923,0.3016109936147175
1498,0.5075308967416923,2,5,2,467584,138026,48347,59609,1.2785394049427545,0.30161155665747463
1499,0.5075337253462642,20,89,20,467673,137937,48367,59589,1.277714994997962,0.30167674128975425
1500,0.5075567976330561,13,60,13,467733,137877,48380,59576,1.277159213012709,0.3017224352124303
1501,0.5075578077361879,0,3,0,467736,137874,48380,59576,1.2771314239134461,0.30172701949860725
1502,0.507568339074995,16,44,16,467780,137830,48396,59560,1.2767238504575937,0.3017376766806829
1503,0.5075774998436714,13,85,13,467865,137745,48409,59547,1.2759364926451517,0.30182166534882304
1504,0.5075897038307357,56,267,56,468132,137478,48465,59491,1.2734632628107747,0.3020322994989059
1505,0.5075982752578373,42,167,42,468299,137311,48507,59449,1.271916336285153,0.30213966253303515
1506,0.5076280840533032,8,27,8,468326,137284,48515,59441,1.2716662343917893,0.30215275130257974
1507,0.5076589571935562,9,28,9,468354,137256,48524,59432,1.2714068694653378,0.30216383307573413
1508,0.5076778095807529,52,249,52,468603,137007,48576,59380,1.2691003742265368,0.3023621726489024
1509,0.5077004774914162,77,244,77,468847,136763,48653,59303,1.2668401941531735,0.3024644762477941
1510,0.5077041532350359,364,1563,364,470410,135200,49017,58939,1.2523620734373264,0.3035917564219451
1511,0.5077117303191908,9,35,9,470445,135165,49026,58930,1.252037867279262,0.30361420953656715
1512,0.5077249413135498,1,4,1,470449,135161,49027,58929,1.2520008151469117,0.30361687876758203
1513,0.5077367115278077,4,29,4,470478,135132,49031,58925,1.2517321871873726,0.30364789726729774
1514,0.5077477394238178,15,67,15,470545,135065,49046,58910,1.2511115639705066,0.3036989302745199
1515,0.5077529746258055,0,18,0,470563,135047,49046,58910,1.2509448293749306,0.303727114772862
1516,0.5078172286307555,10,18,10,470581,135029,49056,58900,1.2507780947793545,0.3037194024617257
1517,0.5078227755247571,8,40,8,470621,134989,49064,58892,1.2504075734558524,0.3037533332301773
1518,0.5078260166103326,65,265,65,470886,134724,49129,58827,1.2479528696876505,0.3039353968721422
1519,0.5078620253502102,0,5,0,470891,134719,49129,58827,1.2479065545222128,0.30394324863339983
1520,0.5078833964331739,63,265,63,471156,134454,49192,58764,1.2454518507540109,0.3041331552960904
1521,0.5078899727470899,97,317,97,471473,134137,49289,58667,1.2425154692652562,0.30428310615962323
1522,0.5079151201446072,0,1,0,471474,134136,49289,58667,1.2425062062321686,0.3042846843669445
1523,0.5079794093808048,0,4,0,471478,134132,49289,58667,1.2424691540998185,0.3042909973599448
1524,0.5079896137382913,0,4,0,471482,134128,49289,58667,1.2424321019674682,0.30429731061490184
1525,0.5080810260914206,0,5,0,471487,134123,49289,58667,1.2423857868020305,0.3043052025519996
1526,0.5080931314861726,152,599,152,472086,133524,49441,58515,1.2368372299825856,0.30470373205442647
1527,0.5080994405154922,1,3,1,472089,133521,49442,58514,1.2368094408833228,0.30470487150779807
1528,0.5081074772284198,6,39,6,472128,133482,49448,58508,1.2364481825929081,0.30474503880410436
1529,0.5081336243159329,2,8,2,472136,133474,49450,58506,1.2363740783282078,0.3047504948432128
1530,0.5082139567424706,80,232,80,472368,133242,49530,58426,1.2342250546518951,0.30482918379698226
1531,0.508215582448912,5,49,5,472417,133193,49535,58421,1.233771166030605,0.30488899558487376
1532,0.508235595398578,69,264,69,472681,132929,49604,58352,1.2313257252954908,0.3050590492521474
1533,0.5082382410940245,0,1,0,472682,132928,49604,58352,1.231316462262403,0.3050606440819741
1534,0.508285165896454,5,15,5,472697,132913,49609,58347,1.2311775167660899,0.3050664017567709
1535,0.5082947479973384,85,244,85,472941,132669,49694,58262,1.2289173366927266,0.30514688552408986
1536,0.5084201485089077,98,281,98,473222,132388,49792,58164,1.2263144243951238,0.3052395146731601
1537,0.5084610641184544,76,298,76,473520,132090,49868,58088,1.2235540405350327,0.3054401665807822
1538,0.508478769258884,114,590,114,474110,131500,49982,57974,1.2180888510133758,0.3059733789332573
1539,0.50848570443746,0,1,0,474111,131499,49982,57974,1.2180795879802884,0.3059749937985887
1540,0.5085065149314371,3,14,3,474125,131485,49985,57971,1.2179499055170626,0.30598661430622415
1541,0.5085183721233468,0,4,0,474129,131481,49985,57971,1.2179128533847123,0.30599307476300064
1542,0.5085467291080614,3,16,3,474145,131465,49988,57968,1.2177646448553114,0.30600792892473855
1543,0.5085558922815446,351,1536,351,475681,129929,50339,57617,1.2035366260328282,0.30721529651392193
1544,0.5086011977494698,1,10,1,475691,129919,50340,57616,1.2034439957019527,0.30722798410963287
1545,0.5086078339324362,138,637,138,476328,129282,50478,57478,1.1975434436251806,0.3077639751552795
1546,0.5086107764446987,12,17,12,476345,129265,50490,57466,1.1973859720626923,0.3077475084479813
1547,0.508631101816822,17,69,17,476414,129196,50507,57449,1.196746822779651,0.3077982265798709
1548,0.5086464261732409,4,16,4,476430,129180,50511,57445,1.19659861425025,0.30780977896851974
1549,0.5086730711090276,23,53,23,476483,129127,50534,57422,1.1961076734966096,0.30781188856547076
1550,0.5087390477652259,1,6,1,476489,129121,50535,57421,1.1960520952980844,0.3078180785024284
1551,0.5088233679682599,0,2,0,476491,129119,50535,57421,1.1960335692319093,0.30782137879275223
1552,0.5088333554213273,376,1520,376,478011,127599,50911,57045,1.181953758938827,0.30894586339117436
1553,0.5088797689358909,569,1712,569,479723,125887,51480,56476,1.1660954462929343,0.30969001387342826
1554,0.5089083703136656,1,1,1,479724,125886,51481,56475,1.1660861832598466,0.3096879266948525
1555,0.5089217721921413,0,1,0,479725,125885,51481,56475,1.1660769202267591,0.3096896249177451
1556,0.5089503545312554,0,2,0,479727,125883,51481,56475,1.166058394160584,0.3096930214194058
1557,0.5089584462697639,560,1760,560,481487,124123,52041,55915,1.1497554559264886,0.31057332340950244
1558,0.5089701739426367,0,4,0,481491,124119,52041,55915,1.1497184037941384,0.31058022373551664
1559,0.5089855702115893,4,12,4,481503,124107,52045,55911,1.1496072473970878,0.31058560810585606
1560,0.509000678462692,23,116,23,481619,123991,52068,55888,1.1485327355589314,0.3106977468186948
1561,0.5090021681200544,33,122,33,481741,123869,52101,55855,1.14740264552225,0.31078208809062785
1562,0.5090119307451837,0,3,0,481744,123866,52101,55855,1.147374856422987,0.31078727583309684
1563,0.5090520222971036,0,1,0,481745,123865,52101,55855,1.1473655933898996,0.3107890051190741
1564,0.5090528155167809,119,645,119,482390,123220,52220,55736,1.1413909370484272,0.3114508594291334
1565,0.5090780209856147,134,606,134,482996,122614,52354,55602,1.1357775389973692,0.31199218925349015
1566,0.5090949653480639,6,25,6,483021,122589,52360,55596,1.1355459631701805,0.3120127956898729
1567,0.5090950203058733,2,5,2,483026,122584,52362,55594,1.1354996480047426,0.31201382886776147
1568,0.5091029027540894,570,1753,570,484779,120831,52932,55024,1.11926155100226,0.31289414574507407
1569,0.5091657099549922,601,1819,601,486598,119012,53533,54423,1.1024120938159991,0.313794793438464
1570,0.5091892670607335,0,1,0,486599,119011,53533,54423,1.1024028307829115,0.3137966027422535
1571,0.5092022911371221,0,2,0,486601,119009,53533,54423,1.1023843047167365,0.31380022141242675
1572,0.5092050845513353,26,85,26,486686,118924,53559,54397,1.1015969469042943,0.3138511778722717
1573,0.509216205883558,132,642,132,487328,118282,53691,54265,1.0956500796620845,0.31449402191866566
1574,0.5092369474203118,25,85,25,487413,118197,53716,54240,1.0948627218496425,0.31454966161554654
1575,0.5092380617771557,56,248,56,487661,117949,53772,54184,1.092565489643929,0.31477985046446644
1576,0.5092534676675923,2,3,2,487664,117946,53774,54182,1.0925377005446664,0.3147773749767615
1577,0.5092561084513466,0,4,0,487668,117942,53774,54182,1.092500648412316,0.31478469010713206
1578,0.5092914448005146,675,2355,675,490023,115587,54449,53507,1.070686205491126,0.31643346304422393
1579,0.5093398632392061,59,236,59,490259,115351,54508,53448,1.0685001296824632,0.3166369469013442
1580,0.5093439497676645,68,211,68,490470,115140,54576,53380,1.0665456297009892,0.3167576548777593
1581,0.5094033160000797,0,2,0,490472,115138,54576,53380,1.0665271036348143,0.31676141421094484
1582,0.5094177757079238,59,222,59,490694,114916,54635,53321,1.0644707102893771,0.3169397932678305
1583,0.5094278212511234,2,2,2,490696,114914,54637,53319,1.064452184223202,0.3169354407280379
1584,0.5094738434551515,0,1,0,490697,114913,54637,53319,1.0644429211901145,0.31693732464691615
1585,0.5094848515872644,20,83,20,490780,114830,54657,53299,1.0636740894438474,0.3170125320438473
1586,0.5095016196093848,0,1,0,490781,114829,54657,53299,1.06366482641076,0.3170144175866007
1587,0.5095100559707965,6,15,6,490796,114814,54663,53293,1.0635258809144466,0.31701832761277043
1588,0.5095420639211279,0,2,0,490798,114812,54663,53293,1.0635073548482714,0.3170220992831861
1589,0.5095535138443003,0,11,0,490809,114801,54663,53293,1.0634054614843085,0.3170428450747796
1590,0.5096066998584541,18,51,18,490860,114750,54681,53275,1.0629330467968432,0.31706591281059365
1591,0.50962301213869,3,28,3,490888,114722,54684,53272,1.0626736818703917,0.3171065633296427
1592,0.5096437252776636,376,1486,376,492374,113236,55060,52896,1.048908814702286,0.31839741891989504
1593,0.5096478090046027,17,67,17,492441,113169,55077,52879,1.04828819148542,0.3184561090768934
1594,0.5097586204780449,1,22,1,492463,113147,55078,52878,1.0480844047574938,0.31849420268031925
1595,0.5097697605378051,84,325,84,492788,112822,55162,52794,1.0450739190040388,0.3187735484494252
1596,0.509775853177089,25,83,25,492871,112739,55187,52769,1.0443050872577717,0.31883050970345844
1597,0.5098131532844135,7,13,7,492884,112726,55194,52762,1.0441846678276334,0.31882674272454803
1598,0.5098368619328614,22,41,22,492925,112685,55216,52740,1.0438048834710438,0.3188151730391416
1599,0.5099087927827652,26,73,26,492998,112612,55242,52714,1.0431286820556522,0.3188488199073346
1600,0.5099143824221144,0,2,0,493000,112610,55242,52714,1.043110155989477,0.31885267716725946
1601,0.5099274589757579,1,1,1,493001,112609,55243,52713,1.0431008929563896,0.3188504857187791
1602,0.5099340256791436,12,34,12,493035,112575,55255,52701,1.0427859498314127,0.3188666231031729
1603,0.5099431779448301,82,220,82,493255,112355,55337,52619,1.040748082552151,0.3189532896092718
1604,0.5099557481892621,64,280,64,493535,112075,55401,52555,1.0381544332876358,0.3192310028548867
1605,0.5100293576931817,90,296,90,493831,111779,55491,52465,1.0354125754937196,0.31943328218991257
1606,0.510065366679228,14,74,14,493905,111705,55505,52451,1.0347271110452407,0.31951923779819197
1607,0.5100906303764875,0,1,0,493906,111704,55505,52451,1.034717848012153,0.3195211842465962
1608,0.5100973576012501,8,6,8,493912,111698,55513,52443,1.0346622698136279,0.31949969843000836
1609,0.510165985741644,1,0,1,493912,111698,55514,52442,1.0346622698136279,0.31949555257706835
1610,0.5101907472221333,0,1,0,493913,111697,55514,52442,1.0346530067805402,0.3194974990709094
1611,0.5102144558011127,1,3,1,493916,111694,55515,52441,1.0346252176812776,0.31949919273768546
1612,0.5102504784313211,23,54,23,493970,111640,55538,52418,1.0341250138945497,0.31950895415036146
1613,0.5102651472601571,13,41,13,494011,111599,55551,52405,1.0337452295379599,0.3195348893929416
1614,0.510271165830214,0,6,0,494017,111593,55551,52405,1.0336896513394347,0.3195465798363395
1615,0.5102733486944745,1,3,1,494020,111590,55552,52404,1.0336618622401719,0.31954827615644477
1616,0.5103011529117076,0,2,0,494022,111588,55552,52404,1.0336433361739967,0.31955217327674523
1617,0.5103236611801494,1,0,1,494022,111588,55553,52403,1.0336433361739967,0.31954802397692555
1618,0.5103696202033482,0,3,0,494025,111585,55553,52403,1.0336155470747341,0.3195538697953509
1619,0.5103755031665549,10,43,10,494068,111542,55563,52393,1.0332172366519694,0.31959618141336504
1620,0.5103859056202027,0,3,0,494071,111539,55563,52393,1.0331894475527066,0.3196020301100456
1621,0.5103933263217953,20,46,20,494117,111493,55583,52373,1.0327633480306793,0.31960870467333063
1622,0.5104095948559466,5,17,5,494134,111476,55588,52368,1.0326058764681907,0.319621103000415
1623,0.510415419305857,2,1,2,494135,111475,55590,52366,1.0325966134351032,0.3196147484451389
1624,0.5104253395892837,1357,4361,1357,498496,107114,56947,51009,0.9922005261402794,0.3225906414626588
1625,0.510430310948806,1294,4256,1294,502752,102858,58241,49715,0.9527770573196488,0.3258440222057638
1626,0.5104533131121032,1668,5763,1668,508515,97095,59909,48047,0.899394197636074,0.3310344352427278
1627,0.5104642593445778,1,4,1,508519,97091,59910,48046,0.8993571455037237,0.3310389494064229
1628,0.5104767701059046,17,84,17,508603,97007,59927,48029,0.8985790507243692,0.33115226564439176
1629,0.5105191129466495,2,4,2,508607,97003,59929,48027,0.898541998592019,0.3311521754119837
1630,0.5105196968422894,77,326,77,508933,96677,60006,47950,0.8955222498054763,0.3315425197231499
1631,0.5105332111547727,0,2,0,508935,96675,60006,47950,0.8955037237393012,0.33154710458081244
1632,0.5105546159106005,135,295,135,509230,96380,60141,47815,0.8927711289784727,0.33159957002669993
1633,0.510590029905696,1,0,1,509230,96380,60142,47814,0.8927711289784727,0.3315949346019945
1634,0.5106192507562561,7,30,7,509260,96350,60149,47807,0.8924932379858461,0.33163148511692114
1635,0.5106270500688741,22,68,22,509328,96282,60171,47785,0.8918633517358924,0.3316859516752622
1636,0.5106296507341198,47,249,47,509577,96033,60218,47738,0.8895568564970914,0.33204192778794056
1637,0.5106613087464498,0,1,0,509578,96032,60218,47738,0.8895475934640038,0.3320442373235028
1638,0.5106791001751585,0,1,0,509579,96031,60218,47738,0.8895383304309163,0.3320465468911935
1639,0.5106869691237358,6,19,6,509598,96012,60224,47732,0.8893623328022527,0.3320625556544969
1640,0.5107277783853024,0,3,0,509601,96009,60224,47732,0.8893345437029901,0.3320694860895639
1641,0.5107383412064618,0,1,0,509602,96008,60224,47732,0.8893252806699026,0.33207179629887296
1642,0.5107551880546165,1,0,1,509602,96008,60225,47731,0.8893252806699026,0.33206714948622157
1643,0.5107565761325291,9,30,9,509632,95978,60234,47722,0.8890473896772759,0.3320946416144746
1644,0.5107893438877509,11,19,11,509651,95959,60245,47711,0.8888713920486124,0.33208742256560175
1645,0.5107942937432582,0,3,0,509654,95956,60245,47711,0.8888436029493497,0.33209435708965873
1646,0.5108015295352157,4,12,4,509666,95944,60249,47707,0.8887324465522991,0.33210350084579987
1647,0.510834488689001,1344,4376,1344,514042,91568,61593,46363,0.848197413761162,0.3361318340329585
1648,0.5108544103561332,0,1,0,514043,91567,61593,46363,0.8481881507280744,0.3361342710070325
1649,0.5108719957032358,6,24,6,514067,91543,61599,46357,0.8479658379339731,0.3361638868745468
1650,0.5108849789379066,93,338,93,514405,91205,61692,46264,0.8448349327503798,0.33654132931788255
1651,0.5108874101376047,135,302,135,514707,90903,61827,46129,0.8420374967579384,0.3366294004320159
1652,0.5108965648671078,83,327,83,515034,90576,61910,46046,0.8390084849383082,0.33703210317518406
1653,0.5108986142637112,27,87,27,515121,90489,61937,46019,0.838202601059691,0.337115773434524
1654,0.5109122909075368,8,23,8,515144,90466,61945,46011,0.8379895512986772,0.33713372949288156
1655,0.5109214446824172,1266,4178,1266,519322,86288,63211,44745,0.7992885990588758,0.3414788641029359
1656,0.5109642848596179,15,62,15,519384,86226,63226,44730,0.7987142910074475,0.34156510583707506
1657,0.5109772313982474,0,4,0,519388,86222,63226,44730,0.7986772388750972,0.3415755391288411
1658,0.5110048537660588,124,324,124,519712,85898,63350,44606,0.7956760161547297,0.34179795255317846
1659,0.5110152658579822,15,73,15,519785,85825,63365,44591,0.7949998147393382,0.3419135688872531
1660,0.5110332022832469,4,11,4,519796,85814,63369,44587,0.7948979213753752,0.34192222452281806
1661,0.5110495958242991,1,4,1,519800,85810,63370,44586,0.7948608692430249,0.3419276664928372
1662,0.5110658501751091,0,3,0,519803,85807,63370,44586,0.7948330801437623,0.34193553334918286
1663,0.5110932266092224,36,78,36,519881,85729,63406,44550,0.7941105635629331,0.34195841233046004
1664,0.5111415957874572,8,20,8,519901,85709,63414,44542,0.793925302901182,0.3419705031055424
1665,0.511156092638355,1,4,1,519905,85705,63415,44541,0.7938882507688317,0.3419759531962594
1666,0.5111601724473142,0,1,0,519906,85704,63415,44541,0.7938789877357442,0.34197857883220084
1667,0.5111723161403944,0,3,0,519909,85701,63415,44541,0.7938511986364816,0.34198645598194133
1668,0.5111826632830698,0,3,0,519912,85698,63415,44541,0.7938234095372189,0.34199433349457536
1669,0.5112381253026441,10,42,10,519954,85656,63425,44531,0.7934343621475416,0.34205412214737263
1670,0.511281377867356,1,1,1,519955,85655,63426,44530,0.793425099114454,0.34205169566386295
1671,0.5113163096668463,2,5,2,519960,85650,63428,44528,0.7933787839490163,0.342054725068752
1672,0.5113505437307337,7,15,7,519975,85635,63435,44521,0.793239838452703,0.34205876025692245
1673,0.5113797858151173,27,63,27,520038,85572,63462,44494,0.7926562673681871,0.34208786308489536
1674,0.5114050683198345,6,15,6,520053,85557,63468,44488,0.7925173218718737,0.34209696643469567
1675,0.5114057722824048,5,18,5,520071,85539,63473,44483,0.7923505872762977,0.34211902601098276
1676,0.5114154780373155,6,23,6,520094,85516,63479,44477,0.792137537515284,0.3421491926488349
1677,0.5114161843528294,95,223,95,520317,85293,63574,44382,0.7900718811367594,0.34225563909774437
1678,0.5114174445913733,3,2,3,520319,85291,63577,44379,0.7900533550705843,0.3422457006246626
1679,0.5114448996926027,119,310,119,520629,84981,63696,44260,0.7871818148134425,0.3424609837435489
1680,0.5115476242084873,85,232,85,520861,84749,63781,44175,0.78503279113713,0.3426437280878657
1681,0.5115786590316723,16,57,16,520918,84692,63797,44159,0.7845047982511394,0.34271367703781885
1682,0.5115880693946485,7,24,7,520942,84668,63804,44152,0.784282485457038,0.3427418102779072
1683,0.5115912443997993,108,317,108,521259,84351,63912,44044,0.7813461039682834,0.34303516492075237
1684,0.5116035402022309,74,245,74,521504,84106,63986,43970,0.7790766608618326,0.3433117836284706
1685,0.5116188193119632,14,90,14,521594,84016,64000,43956,0.7782429878839527,0.3434813865533085
1686,0.5116410449061226,0,2,0,521596,84014,64000,43956,0.7782244618177776,0.3434867547081347
1687,0.5116417307309746,13,82,13,521678,83932,64013,43943,0.7774648931045982,0.34364027370478983
1688,0.5116419698745192,12,59,12,521737,83873,64025,43931,0.7769183741524325,0.3437372852179901
1689,0.5116477672975155,128,490,128,522227,83383,64153,43803,0.7723794879395309,0.3444011133300835
1690,0.5116882009477677,6,7,6,522234,83376,64159,43797,0.772314646707918,0.3443891392040763
1691,0.5117051449485431,0,1,0,522235,83375,64159,43797,0.7723053836748305,0.3443918472619759
1692,0.5117249003749306,26,54,26,522289,83321,64185,43771,0.7718051798881026,0.344404053756334
1693,0.5117408972238618,9,24,9,522313,83297,64194,43762,0.7715828670940013,0.344422669783329
1694,0.5117674783436903,0,10,0,522323,83287,64194,43762,0.7714902367631257,0.34444977921904146
1695,0.5117767011562744,53,214,53,522537,83073,64247,43709,0.7695079476823892,0.34475714218106673
1696,0.5117913804873048,125,392,125,522929,82681,64372,43584,0.7658768387120679,0.34517879063873597
1697,0.5117976676056156,22,90,22,523019,82591,64394,43562,0.765043165734188,0.3453108526947437
1698,0.511813976215051,24,89,24,523108,82502,64418,43538,0.7642187557893957,0.3454300222151698
1699,0.5118198287465882,6,10,6,523118,82492,64424,43532,0.7641261254585201,0.3454262680124421
1700,0.5118236905599439,0,4,0,523122,82488,64424,43532,0.7640890733261699,0.3454372321853674
1701,0.5118250679362052,32,203,32,523325,82285,64456,43500,0.7622086776093964,0.34582819891083993
1702,0.5118252995842798,33,43,33,523368,82242,64489,43467,0.7618103671866316,0.3457747655299143
1703,0.5118361785415557,4,2,4,523370,82240,64493,43463,0.7617918411204565,0.3457594488596135
1704,0.5118412779120279,11,18,11,523388,82222,64504,43452,0.7616251065248805,0.34575170679695083
1705,0.5118501829620576,19,136,19,523524,82086,64523,43433,0.7603653340249731,0.3460272946725197
1706,0.5118641313430404,0,1,0,523525,82085,64523,43433,0.7603560709918856,0.3460300514667219
1707,0.5118661476524562,0,1,0,523526,82084,64523,43433,0.760346807958798,0.3460328083048511
1708,0.5119979179899581,1,2,1,523528,82082,64524,43432,0.7603282818926229,0.3460331118440971
1709,0.5120044213988887,5,35,5,523563,82047,64529,43427,0.7600040757345585,0.34610357524267976
1710,0.5120093673105799,1,2,1,523565,82045,64530,43426,0.7599855496683834,0.34610388057798214
1711,0.5120456272510306,0,3,0,523568,82042,64530,43426,0.7599577605691208,0.346112156087608
1712,0.512056036521892,8,70,8,523638,81972,64538,43418,0.759309348252992,0.3462636573889465
1713,0.5120573277838281,10,22,10,523660,81950,64548,43408,0.7591055615250658,0.34627227620096046
1714,0.51206859555338,38,160,38,523820,81790,64586,43370,0.7576234762310571,0.34651645893256633
1715,0.5120856680313386,7,25,7,523845,81765,64593,43363,0.7573919004038683,0.3465491336871044
1716,0.5121055855573522,0,2,0,523847,81763,64593,43363,0.7573733743376931,0.34655467288972713
1717,0.5121097702268121,3,0,3,523847,81763,64596,43360,0.7573733743376931,0.34653900561847145
1718,0.5121629421344849,48,89,48,523936,81674,64644,43312,0.7565489643929008,0.3465348118989327
1719,0.5121832657724192,54,85,54,524021,81589,64698,43258,0.7557616065804587,0.3464881014361579
1720,0.5121995110448611,35,62,35,524083,81527,64733,43223,0.7551872985290303,0.34647695390781563
1721,0.5122006313334684,0,1,0,524084,81526,64733,43223,0.7551780354959428,0.3464797313004513
1722,0.5122188406585904,18,118,18,524202,81408,64751,43205,0.7540849975916114,0.34671342476306644
1723,0.5122400673135472,3,33,3,524235,81375,64754,43202,0.7537793174997222,0.34678953578911037
1724,0.5122491845326076,46,68,46,524303,81307,64800,43156,0.7531494312497684,0.34673758466371535
1725,0.5122740645098931,25,139,25,524442,81168,64825,43131,0.7518618696505984,0.34699394202688677
1726,0.5123131823933946,7,30,7,524472,81138,64832,43124,0.7515839786579718,0.3470409296486456
1727,0.5123669806821126,20,128,20,524600,81010,64852,43104,0.7503983104227648,0.3472936171584189
1728,0.5124053034880772,16,133,16,524733,80877,64868,43088,0.7491663270221202,0.3475819787843343
1729,0.512405762908151,7,27,7,524760,80850,64875,43081,0.7489162251287561,0.34762085353946953
1730,0.512408333818381,42,244,42,525004,80606,64917,43039,0.746656045055393,0.3480852440454527
1731,0.5124174663612264,49,98,49,525102,80508,64966,42990,0.7457482678128127,0.34810280328426374
1732,0.5124306427478621,21,123,21,525225,80385,64987,42969,0.7446089147430435,0.34833892699061236
1733,0.5124313415431727,28,49,28,525274,80336,65015,42941,0.7441550261217533,0.34832937206453757
1734,0.5124417626393332,6,12,6,525286,80324,65021,42935,0.7440438697247027,0.34833156199547294
1735,0.5124903398365538,32,170,32,525456,80154,65053,42903,0.7424691540998184,0.3486433116360711
1736,0.5125747010976818,2,12,2,525468,80142,65055,42901,0.7423579977027678,0.3486667262664272
1737,0.5125841400406225,25,163,25,525631,79979,65080,42876,0.7408481233094965,0.34899678482764235
1738,0.5125846867049964,27,46,27,525677,79933,65107,42849,0.740422023787469,0.348984378817742
1739,0.5126003867352427,27,197,27,525874,79736,65134,42822,0.7385972062692208,0.34940191582760816
1740,0.5126409737857512,0,2,0,525876,79734,65134,42822,0.7385786802030457,0.3494076177420934
1741,0.5126829542480369,1,2,1,525878,79732,65135,42821,0.7385601541368706,0.3494080112277953
1742,0.5126887372936527,2,7,2,525885,79725,65137,42819,0.7384953129052577,0.34941735213474345
1743,0.512741094298831,0,1,0,525886,79724,65137,42819,0.7384860498721701,0.34942020352039693
1744,0.5127731624299906,3,2,3,525888,79722,65140,42816,0.738467523805995,0.3494099789453068
1745,0.5127777254441559,26,131,26,526019,79591,65166,42790,0.7372540664715255,0.3496457783479462
1746,0.5128192152729337,3,5,3,526024,79586,65169,42787,0.7372077513060876,0.34964412084365015
1747,0.5128282093069064,11,40,11,526064,79546,65180,42776,0.7368372299825855,0.34969997220450943
1748,0.5128321487771795,0,1,0,526065,79545,65180,42776,0.7368279669494979,0.3497028310756125
1749,0.5128425701406016,20,44,20,526109,79501,65200,42756,0.7364203934936455,0.3497223062892104
1750,0.5128675866989288,26,59,26,526168,79442,65226,42730,0.7358738745414799,0.3497528075172707
1751,0.5129057344649465,23,200,23,526368,79242,65249,42707,0.734021267923969,0.3502037737086815
1752,0.5129562192392403,20,51,20,526419,79191,65269,42687,0.7335488532365038,0.35024368630926006
1753,0.5129702340421984,19,48,19,526467,79143,65288,42668,0.7331042276483012,0.350280352349131
1754,0.5129939765344456,0,1,0,526468,79142,65288,42668,0.7330949646152136,0.35028322797799855
1755,0.5130371693684417,3,15,3,526483,79127,65291,42665,0.7329560191189003,0.3503103652128219
1756,0.5130646481561704,2,11,2,526494,79116,65293,42663,0.7328541257549372,0.3503313379154041
1757,0.5131207694372405,12,31,12,526525,79085,65305,42651,0.732566971729223,0.3503565091673786
1758,0.513125923293672,192,389,192,526914,78696,65497,42459,0.7289636518581645,0.3504519004580909
1759,0.5131955214152304,194,384,194,527298,78312,65691,42265,0.7254066471525437,0.3505229023777337
1760,0.5132180783118919,2,7,2,527305,78305,65693,42263,0.7253418059209308,0.3505324795965762
1761,0.5132272409169838,234,431,234,527736,77874,65927,42029,0.7213494386601949,0.3505250077145693
1762,0.5132481356809324,217,419,217,528155,77455,66144,41812,0.7174682277965096,0.35057476083074113
1763,0.513324243196375,0,1,0,528156,77454,66144,41812,0.7174589647634221,0.3505777002666309
1764,0.5133738143916402,12,32,12,528188,77422,66156,41800,0.7171625477046204,0.35060643169884753
1765,0.513406299572077,33,63,33,528251,77359,66189,41767,0.7165789766201045,0.35061195708745363
1766,0.51344789853582,0,1,0,528252,77358,66189,41767,0.7165697135870169,0.35061490031479536
1767,0.5135102526407829,18,89,18,528341,77269,66207,41749,0.7157453036422247,0.3507788737837974
1768,0.5135758970160677,2,5,2,528346,77264,66209,41747,0.7156989884767868,0.3507827007587534
1769,0.5136254058486113,12,25,12,528371,77239,66221,41735,0.715467412649598,0.350790929110562
1770,0.5136418662420252,4,15,4,528386,77224,66225,41731,0.7153284671532847,0.35081333277289733
1771,0.5136471068899755,1,1,1,528387,77223,66226,41730,0.7153192041201971,0.3508108244432675
1772,0.5137925256836371,0,3,0,528390,77220,66226,41730,0.7152914150209344,0.35081967213114756
1773,0.5137983767206691,0,2,0,528392,77218,66226,41730,0.7152728889547594,0.35082557083767696
1774,0.5138158662076922,3,10,3,528402,77208,66229,41727,0.7151802586238838,0.3508386934039601
1775,0.5138999563316837,0,1,0,528403,77207,66229,41727,0.7151709955907962,0.3508416432643315
1776,0.5139075616852802,206,423,206,528826,76784,66435,41521,0.7112527325947609,0.3509657241874815
1777,0.5139898360961208,0,1,0,528827,76783,66435,41521,0.7112434695616733,0.35096869083040305
1778,0.5140416206959133,0,3,0,528830,76780,66435,41521,0.7112156804624106,0.35097759106009246
1779,0.5140708315526916,0,6,0,528836,76774,66435,41521,0.7111601022638853,0.3509953928737478
1780,0.5140895633029383,1,10,1,528846,76764,66436,41520,0.7110674719330098,0.351019579993913
1781,0.5141142711474077,6,55,6,528901,76709,66442,41514,0.7105580051131942,0.3511499454420883
1782,0.5141453109951682,77,308,77,529209,76401,66519,41437,0.7077049909222276,0.3516437821415842
1783,0.5141464028444215,27,93,27,529302,76308,66546,41410,0.7068435288450851,0.35177288095278547
1784,0.5142043272983188,1,16,1,529318,76292,66547,41409,0.7066953203156842,0.3518151927341314
1785,0.5142887850208061,7,7,7,529325,76285,66554,41402,0.7066304790840713,0.35179756472677526
1786,0.5143022491224708,1,1,1,529326,76284,66555,41401,0.7066212160509837,0.3517950460976335
1787,0.5143324183209368,1,2,1,529328,76282,66556,41400,0.7066026899848086,0.35179551673153076
1788,0.5143753068857537,0,5,0,529333,76277,66556,41400,0.7065563748193708,0.3518104642368517
1789,0.5143915137641958,1,2,1,529335,76275,66557,41399,0.7065378487531957,0.35181093529581725
1790,0.5144217999775986,11,24,11,529359,76251,66568,41388,0.7063155359590945,0.3518220998138373
1791,0.5144390139838384,0,3,0,529362,76248,66568,41388,0.7062877468598318,0.35183107212077935
1792,0.5144510532079926,12,60,12,529422,76188,66580,41376,0.7057319648745786,0.3519444727977952
1793,0.5144990994570511,36,107,36,529529,76081,66616,41340,0.7047408203342103,0.3520664957716252
1794,0.5145501424133203,1,3,1,529532,76078,66617,41339,0.7047130312349476,0.35206997283187275
1795,0.5145972681703416,0,2,0,529534,76076,66617,41339,0.7046945051687724,0.3520759698505302
1796,0.5146048861426329,15,58,15,529592,76018,66632,41324,0.7041572492496944,0.35216716947043686
1797,0.5147104804407137,4,5,4,529597,76013,66636,41320,0.7041109340842565,0.3521600913638959
1798,0.5147314074540621,3,17,3,529614,75996,66639,41317,0.7039534625217682,0.35219455644301995
1799,0.5148638515429004,95,254,95,529868,75742,66734,41222,0.7016006521175293,0.3524332273178072
1800,0.5148964190295657,77,337,77,530205,75405,66811,41145,0.6984790099670236,0.353024453024453
1801,0.5149122061960915,4,23,4,530228,75382,66815,41141,0.6982659602060098,0.3530719257142367
1802,0.5149384011595445,11,13,11,530241,75369,66826,41130,0.6981455407758717,0.3530502407745989
1803,0.5149718389841484,2,2,2,530243,75367,66828,41128,0.6981270147096965,0.3530451950727499
1804,0.5150236333405669,3,12,3,530255,75355,66831,41125,0.6980158583126459,0.35306490384615385
1805,0.5150485160475122,1,0,1,530255,75355,66832,41124,0.6980158583126459,0.3530593497540329
1806,0.5151555625622903,0,1,0,530256,75354,66832,41124,0.6980065952795583,0.35306238087879255
1807,0.5152081264824094,13,67,13,530323,75287,66845,41111,0.6973859720626923,0.3531933538376948
1808,0.5152150185876897,17,64,17,530387,75223,66862,41094,0.6967931379450888,0.35329315577258696
1809,0.5152168666719541,21,56,21,530443,75167,66883,41073,0.6962744080921857,0.3533465244322092
1810,0.5152754506164576,4,18,4,530461,75149,66887,41069,0.6961076734966097,0.3533789946479891
1811,0.515387205762698,0,4,0,530465,75145,66887,41069,0.6960706213642596,0.35339115769184437
1812,0.5153976118148458,14,56,14,530521,75089,66901,41055,0.6955518915113564,0.35348360655737704
1813,0.5154175568510831,2,14,2,530535,75075,66903,41053,0.6954222090481307,0.35351508680077154
1814,0.5154338883247164,1,4,1,530539,75071,66904,41052,0.6953851569157805,0.3535216968214738
1815,0.5154616624246777,0,3,0,530542,75068,66904,41052,0.6953573678165178,0.3535308301756803
1816,0.5154952762751671,53,130,53,530672,74938,66957,40999,0.6941531735151358,0.353631713775585
1817,0.5155175626026511,11,38,11,530710,74900,66968,40988,0.6938011782578087,0.35368631782410603
1818,0.5155184872885896,1,2,1,530712,74898,66969,40987,0.6937826521916336,0.35368684471674505
1819,0.5155470514493564,18,61,18,530773,74837,66987,40969,0.6932176071732928,0.35377268880714297
1820,0.5155578126236973,55,144,55,530917,74693,67042,40914,0.691883730408685,0.35390590535175204
1821,0.5155826878716482,6,12,6,530929,74681,67048,40908,0.6917725740116344,0.35390910899826106
1822,0.5155954032377085,0,5,0,530934,74676,67048,40908,0.6917262588461967,0.3539244186046512
1823,0.5156243162320693,5,24,5,530958,74652,67053,40903,0.6915039460520953,0.353969971009476
1824,0.5156290587617964,66,289,66,531247,74363,67119,40837,0.6888269294897922,0.3544878472222222
1825,0.5156350951086239,0,2,0,531249,74361,67119,40837,0.688808403423617,0.35449400163197275
1826,0.5156701872462581,1,7,1,531256,74354,67120,40836,0.6887435621920042,0.3545099400989669
1827,0.5157144096320339,2,14,2,531270,74340,67122,40834,0.6886138797287784,0.3545418236754823
1828,0.5157392928167154,32,74,32,531344,74266,67154,40802,0.6879284152802994,0.35459032919664896
1829,0.515796021417725,10,30,10,531374,74236,67164,40792,0.6876505242876727,0.3546266995861877
1830,0.5158030835861942,92,241,92,531615,73995,67256,40700,0.6854181333135722,0.35485417847334233
1831,0.5158131675742634,89,196,89,531811,73799,67345,40611,0.6836025788284116,0.3549602307490604
1832,0.5158193303329595,42,153,42,531964,73646,67387,40569,0.6821853347660158,0.35519852908987437
1833,0.515832037151294,13,42,13,532006,73604,67400,40556,0.6817962873763385,0.3552557813594954
1834,0.5158801195536113,6,44,6,532050,73560,67406,40550,0.6813887139204862,0.3553588642537902
1835,0.5159744289055428,82,245,82,532295,73315,67488,40468,0.6791192708140353,0.3556594570366399
1836,0.5159815238684613,88,252,88,532547,73063,67576,40380,0.6767849864759717,0.35594968398226423
1837,0.5160063942850964,8,37,8,532584,73026,67584,40372,0.6764422542517322,0.35602038836663785
1838,0.5160250342508395,1,3,1,532587,73023,67585,40371,0.6764144651524695,0.3560241282607545
1839,0.5160302997922803,0,2,0,532589,73021,67585,40371,0.6763959390862944,0.35603040778890926
1840,0.5161246026928128,5,10,5,532599,73011,67590,40366,0.6763033087554189,0.35603341065648236
1841,0.5161380396272213,4,19,4,532618,72992,67594,40362,0.6761273111267554,0.3560703636395716
1842,0.5161411934842947,0,1,0,532619,72991,67594,40362,0.6761180480936678,0.3560735048917982
1843,0.5161590766006915,71,299,71,532918,72692,67665,40291,0.6733484012004891,0.3566111715921864
1844,0.5161629100435319,2,5,2,532923,72687,67667,40289,0.6733020860350514,0.3566155643676533
1845,0.5161661138222516,16,43,16,532966,72644,67683,40273,0.6729037756122865,0.35666020174110186
1846,0.5161784220513921,3,9,3,532975,72635,67686,40270,0.6728204083144985,0.3566715380186883
1847,0.5162037912756084,11,28,11,533003,72607,67697,40259,0.672561043388047,0.3566973224886148
1848,0.5162165729222633,65,263,65,533266,72344,67762,40194,0.6701248656860203,0.3571593595052338
1849,0.516220040586213,8,15,8,533281,72329,67770,40186,0.6699859201897069,0.35716126738657067
1850,0.5162395707374998,7,46,7,533327,72283,67777,40179,0.6695598206676794,0.35726734363607265
1851,0.5162644477132072,0,2,0,533329,72281,67777,40179,0.6695412946015044,0.35727369731460074
1852,0.5162808653709992,5,2,5,533331,72279,67782,40174,0.6695227685353292,0.3572514739491165
1853,0.5163016769904321,2,19,2,533350,72260,67784,40172,0.6693467709066657,0.35730041269389495
1854,0.5163959865827341,49,154,49,533504,72106,67833,40123,0.6679202638111823,0.3575100909747035
1855,0.5164050508751494,0,1,0,533505,72105,67833,40123,0.6679110007780947,0.3575132765441779
1856,0.5164192170203836,0,2,0,533507,72103,67833,40123,0.6678924747119197,0.3575196478534386
1857,0.5165318253443731,1,0,1,533507,72103,67834,40122,0.6678924747119197,0.35751392292269996
1858,0.516542647036869,0,1,0,533508,72102,67834,40122,0.6678832116788321,0.35751710863986313
1859,0.516569477518454,10,33,10,533541,72069,67844,40112,0.6675775315869428,0.35756500655191165
1860,0.5165766795169794,0,2,0,533543,72067,67844,40112,0.6675590055207677,0.3575713814528566
1861,0.5165979515661665,1,1,1,533544,72066,67845,40111,0.6675497424876802,0.35756884209775625
1862,0.5166271361699053,5,29,5,533573,72037,67850,40106,0.6672811145281411,0.357632665436095
1863,0.5166674940539131,0,1,0,533574,72036,67850,40106,0.6672718514950535,0.3576358545415634
1864,0.5166890780230965,16,45,16,533619,71991,67866,40090,0.6668550150061135,0.35768774368537043
1865,0.5167046180052284,56,131,56,533750,71860,67922,40034,0.665641557671644,0.35778504656192467
1866,0.5167046293717451,5,17,5,533767,71843,67927,40029,0.6654840861091555,0.35781071224256294
1867,0.5167137836643514,44,198,44,533965,71645,67971,39985,0.6636500055578198,0.35819224222879154
1868,0.516719090231063,79,160,79,534125,71485,68050,39906,0.6621679202638112,0.35825156430950433
1869,0.5167550869041613,60,177,60,534302,71308,68110,39846,0.6605283634073141,0.35847562840743474
1870,0.5167643539195679,0,2,0,534304,71306,68110,39846,0.660509837341139,0.358482078595077
1871,0.5168046195874394,3,32,3,534336,71274,68113,39843,0.6602134202823372,0.3585679958962175
1872,0.5168149187522004,24,93,24,534429,71181,68137,39819,0.6593519582051947,0.3587297297297297
1873,0.5168253295814738,276,880,276,535309,70301,68413,39543,0.651200489088147,0.3599923527912312
1874,0.5168662651196649,7,13,7,535322,70288,68420,39536,0.6510800696580088,0.3599941724941725
1875,0.5168764077954463,0,1,0,535323,70287,68420,39536,0.6510708066249212,0.35999745044298553
1876,0.5168956939202205,30,83,30,535406,70204,68450,39506,0.6503019748786543,0.3600947953696108
1877,0.5169346348326019,0,4,0,535410,70200,68450,39506,0.6502649227463041,0.3601079248172388
1878,0.5169452317492806,244,839,244,536249,69361,68694,39262,0.6424932379858461,0.3614519945131326
1879,0.5169591543849046,28,95,28,536344,69266,68722,39234,0.6416132498425284,0.3616036866359447
1880,0.5169683716960954,304,1143,304,537487,68123,69026,38930,0.631025603023454,0.36365164918311493
1881,0.5170591379136489,25,65,25,537552,68058,69051,38905,0.630423505872763,0.3637239045277339
1882,0.5170662229040281,10,19,10,537571,68039,69061,38895,0.6302475082440995,0.3637290291207661
1883,0.5170669133819998,2,13,2,537584,68026,69063,38893,0.6301270888139613,0.363761352051553
1884,0.5170910976323257,1,2,1,537586,68024,69064,38892,0.6301085627477861,0.36376220584384
1885,0.5170948637826742,85,208,85,537794,67816,69149,38807,0.6281818518655748,0.3639646230175478
1886,0.5171059119991767,0,1,0,537795,67815,69149,38807,0.6281725888324873,0.36396803661533267
1887,0.5172052763827379,0,2,0,537797,67813,69149,38807,0.6281540627663122,0.36397486400300133
1888,0.5172187793804947,1,7,1,537804,67806,69150,38806,0.6280892215346994,0.3639927963081079
1889,0.5172201165589445,252,863,252,538667,66943,69402,38554,0.62009522398014,0.3654511502696759
1890,0.5172343981582783,4,3,4,538670,66940,69406,38550,0.6200674348808773,0.3654374822258034
1891,0.5172552016400609,0,1,0,538671,66939,69406,38550,0.6200581718477899,0.36544094644939284
1892,0.5172560747771492,274,882,274,539553,66057,69680,38276,0.6118881766645671,0.3668637918970987
1893,0.5172606123342771,240,877,240,540430,65180,69920,38036,0.603764496646782,0.36850875833204155
1894,0.5172617575357475,5,15,5,540445,65165,69925,38031,0.6036255511504687,0.36853172603589285
1895,0.5172739386395397,263,909,263,541354,64256,70188,37768,0.5952054540738819,0.37018740688465457
1896,0.5173050690846086,272,953,272,542307,63303,70460,37496,0.5863777835414428,0.37198781733945774
1897,0.5173446809575,12,23,12,542330,63280,70472,37484,0.5861647337804291,0.3719979357707118
1898,0.5173721165233613,0,2,0,542332,63278,70472,37484,0.586146207714254,0.37200531946567156
1899,0.5173953439161081,10,39,10,542371,63239,70482,37474,0.5857849494238393,0.3720870195506042
1900,0.5174232223390285,0,1,0,542372,63238,70482,37474,0.5857756863907518,0.37209071411549766
1901,0.5174608850746754,0,1,0,542373,63237,70482,37474,0.5857664233576643,0.37209440875376076
1902,0.5175113364250097,15,56,15,542429,63181,70497,37459,0.5852476935047612,0.3722078696343402
1903,0.5175175153197985,12,37,12,542466,63144,70509,37447,0.5849049612805217,0.37226988497976954
1904,0.5175492878059484,0,1,0,542467,63143,70509,37447,0.5848956982474341,0.3722735858435232
1905,0.517556439186676,296,973,296,543440,62170,70805,37151,0.5758827670532439,0.37404979812929795
1906,0.5175662089875457,0,1,0,543441,62169,70805,37151,0.5758735040201564,0.3740535642368103
1907,0.5176407855418498,8,34,8,543475,62135,70813,37143,0.5755585608951795,0.37413122746227767
1908,0.5176419989885256,13,22,13,543497,62113,70826,37130,0.5753547741672533,0.3741321806071965
1909,0.5176499319010363,278,949,278,544446,61164,71104,36852,0.5665641557671643,0.3759794319294809
1910,0.5176579364716541,2,10,2,544456,61154,71106,36850,0.5664715254362889,0.37600506101791764
1911,0.5177059739009656,27,88,27,544544,61066,71133,36823,0.5656563785245841,0.3761709691589453
1912,0.5177083564667084,64,223,64,544767,60843,71197,36759,0.5635907221460595,0.3766213807094117
1913,0.5177337191445648,0,1,0,544768,60842,71197,36759,0.563581459112972,0.376625239495497
1914,0.517755191870007,4,13,4,544781,60829,71201,36755,0.5634610396828338,0.37664986063289063
1915,0.5177931068072003,7,17,7,544798,60812,71208,36748,0.5633035681203453,0.3766707667076671
1916,0.5178000755708819,10,38,10,544836,60774,71218,36738,0.5629515728630182,0.3767536303224219
1917,0.5178831260316987,16,25,16,544861,60749,71234,36722,0.5627199970358294,0.37674795580223863
1918,0.5179521112654228,0,2,0,544863,60747,71234,36722,0.5627014709696543,0.37675568642337565
1919,0.5180192751838937,70,115,70,544978,60632,71304,36652,0.5616362221645855,0.37675260063319765
1920,0.5180327360535638,1,1,1,544979,60631,71305,36651,0.5616269591314981,0.37675006681606055
1921,0.5180434802257751,0,1,0,544980,60630,71305,36651,0.5616176960984105,0.3767539396182194
1922,0.5180655480811367,22,33,22,545013,60597,71327,36629,0.5613120160065211,0.37674078950075085
1923,0.5180892681044387,8,48,8,545061,60549,71335,36621,0.5608673904183186,0.3768755788823711
1924,0.5181292602737095,305,716,305,545777,59833,71640,36316,0.5542350587276298,0.37770543635399223
1925,0.518180566008819,16,37,16,545814,59796,71656,36300,0.5538923265033903,0.37774725274725274
1926,0.5181882610933177,4,17,4,545831,59779,71660,36296,0.5537348549409018,0.3777881863127765
1927,0.5181937089667592,1,0,1,545831,59779,71661,36295,0.5537348549409018,0.37778170993192745
1928,0.5182162392368241,10,23,10,545854,59756,71671,36285,0.5535218051798881,0.37780739475848857
1929,0.5182219537604248,1,12,1,545866,59744,71672,36284,0.5534106487828374,0.3778481276294414
1930,0.5182298100635867,2,12,2,545878,59732,71674,36282,0.5532994923857868,0.3778823921511446
1931,0.5182543016100887,0,1,0,545879,59731,71674,36282,0.5532902293526992,0.3778863278930978
1932,0.5182664260244519,2,7,2,545886,59724,71676,36280,0.5532253881210863,0.3779009207949669
1933,0.5183375851971955,1,7,1,545893,59717,71677,36279,0.5531605468894735,0.3779219967498646
1934,0.5183966865190663,0,3,0,545896,59714,71677,36279,0.5531327577902109,0.3779338076734762
1935,0.5184330353671307,0,2,0,545898,59712,71677,36279,0.5531142317240357,0.3779416820326906
1936,0.5184621207619874,14,42,14,545940,59670,71691,36265,0.5527251843343585,0.37801636524730287
1937,0.5184672766211136,3,6,3,545946,59664,71694,36262,0.5526696061358332,0.378020557513083
1938,0.5184673263159916,0,1,0,545947,59663,71694,36262,0.5526603431027456,0.3780244983059682
1939,0.518480265749052,2,5,2,545952,59658,71696,36260,0.5526140279373077,0.3780312350132405
1940,0.5184944044777092,216,475,216,546427,59183,71912,36044,0.5482140872207195,0.37850609596017937
1941,0.5185051322167442,0,1,0,546428,59182,71912,36044,0.548204824187632,0.3785100707789889
1942,0.5185615981165823,0,10,0,546438,59172,71912,36044,0.5481121938567565,0.3785498235590657
1943,0.5185779148652323,27,72,27,546510,59100,71939,36017,0.5474452554744526,0.37865996614695585
1944,0.5185897641578842,0,2,0,546512,59098,71939,36017,0.5474267294082774,0.3786679282973243
1945,0.5186290563226607,2,8,2,546520,59090,71941,36015,0.547352625143577,0.3786867146837706
1946,0.5186303199124207,0,1,0,546521,59089,71941,36015,0.5473433621104895,0.37869069650067294
1947,0.5186352076429571,3,2,3,546523,59087,71944,36012,0.5473248360443144,0.37867906076825203
1948,0.5186402067141636,2,11,2,546534,59076,71946,36010,0.5472229426803512,0.37870979954988115
1949,0.5186829997619731,70,128,70,546662,58948,72016,35940,0.5460372744451443,0.37876233032627943
1950,0.5186856706791578,223,555,223,547217,58393,72239,35717,0.5408962910815518,0.3795239613218574
1951,0.5186933767160943,5,28,5,547245,58365,72244,35712,0.5406369261551002,0.37960394145221465
1952,0.5186969674033799,5,18,5,547263,58347,72249,35707,0.5404701915595242,0.37964360899057986
1953,0.5187367605475448,18,26,18,547289,58321,72267,35689,0.5402293526992479,0.37962982661419
1954,0.5187884277654785,1,7,1,547296,58314,72268,35688,0.540164511467635,0.3796514967766643
1955,0.5188339901262373,84,178,84,547474,58136,72352,35604,0.5385156915780503,0.3798165137614679
1956,0.5188442051819002,0,1,0,547475,58135,72352,35604,0.5385064285449628,0.3798205656130319
1957,0.5188512442872815,4,10,4,547485,58125,72356,35600,0.5384137982140872,0.37983462256601763
1958,0.5188869075702214,5,10,5,547495,58115,72361,35595,0.5383211678832117,0.37984206594813785
1959,0.5189035452142796,0,2,0,547497,58113,72361,35595,0.5383026418170366,0.3798501728774491
1960,0.5189074747234865,1,1,1,547498,58112,72362,35594,0.538293378783949,0.3798476084775788
1961,0.5189133584097905,118,226,118,547724,57886,72480,35476,0.5361999333061618,0.3799832908463829
1962,0.5189385888073867,2,14,2,547738,57872,72482,35474,0.536070250842936,0.3800269963362115
1963,0.5189395671524515,0,3,0,547741,57869,72482,35474,0.5360424617436733,0.3800392102246553
1964,0.5189411996115704,225,558,225,548299,57311,72707,35249,0.5308736892808181,0.38082324978392396
1965,0.518993737851536,35,73,35,548372,57238,72742,35214,0.5301974878654266,0.38088954268160774
1966,0.5190428438883504,79,170,79,548542,57068,72821,35135,0.5286227722405424,0.38106135375204714
1967,0.5190683384862329,64,106,64,548648,56962,72885,35071,0.5276408907332617,0.3810698336466268
1968,0.5190774837262142,214,506,214,549154,56456,73099,34857,0.5229537959909593,0.38173096930338507
1969,0.5190989687619484,0,4,0,549158,56452,73099,34857,0.5229167438586091,0.3817476919033173
1970,0.519158233402247,9,23,9,549181,56429,73108,34848,0.5227036940975953,0.38178292450453016
1971,0.5192188718899738,1,0,1,549181,56429,73109,34847,0.5227036940975953,0.38177615145273675
1972,0.5192249856391896,2,6,2,549187,56423,73111,34845,0.52264811589907,0.3817877021519043
1973,0.5192350362192538,0,1,0,549188,56422,73111,34845,0.5226388528659824,0.38179188534738734
1974,0.519249967046996,0,4,0,549192,56418,73111,34845,0.5226018007336323,0.38180861904605373
1975,0.5192584948206995,35,63,35,549255,56355,73146,34810,0.5220182296491163,0.3818351340975155
1976,0.5193193936296495,31,61,31,549316,56294,73177,34779,0.5214531846307755,0.3818804695134672
1977,0.5193226202204162,19,67,19,549383,56227,73196,34760,0.5208325614139093,0.3820325980634596
1978,0.5193250361477528,0,1,0,549384,56226,73196,34760,0.5208232983808219,0.3820367968698481
1979,0.5193257286132277,17,61,17,549445,56165,73213,34743,0.520258253362481,0.3821775861310336
1980,0.5193490635318823,1,5,1,549450,56160,73214,34742,0.5202119381970433,0.382191810961255
1981,0.5194419621902199,19,31,19,549481,56129,73233,34723,0.519924784171329,0.3821930172148109
1982,0.5194444754323515,1,3,1,549484,56126,73234,34722,0.5198969950720664,0.3821988376188799
1983,0.5194514292995451,37,68,37,549552,56058,73271,34685,0.5192671088221127,0.3822333403127514
1984,0.51945754629773,3,5,3,549557,56053,73274,34682,0.519220793656675,0.38223397806800025
1985,0.5194689251158787,78,89,78,549646,55964,73352,34604,0.5183963837118826,0.38207755498630863
1986,0.5194705715048654,2,1,2,549647,55963,73354,34602,0.5183871206787951,0.3820681278639651
1987,0.5194793245482694,18,36,18,549683,55927,73372,34584,0.5180536514876432,0.3820972036548044
1988,0.5194997454815866,8,28,8,549711,55899,73380,34576,0.5177942865611916,0.3821608179054988
1989,0.5195377719662005,5,5,5,549716,55894,73385,34571,0.5177479713957538,0.3821477919637429
1990,0.5195963976861171,3,4,3,549720,55890,73388,34568,0.5177109192634036,0.3821441995180084
1991,0.5196013915642024,0,6,0,549726,55884,73388,34568,0.5176553410648783,0.3821695484898067
1992,0.5196099600053512,59,106,59,549832,55778,73447,34509,0.5166734595575976,0.38221449378094297
1993,0.5196259809733068,27,60,27,549892,55718,73474,34482,0.5161176775723443,0.38228381374722836
1994,0.5196389175184752,2,8,2,549900,55710,73476,34480,0.5160435733076438,0.38230402483645637
1995,0.5196459140133525,5,5,5,549905,55705,73481,34475,0.5159972581422061,0.38229097360833886
1996,0.5196475868149203,3,5,3,549910,55700,73484,34472,0.5159509429767684,0.382291620458679
1997,0.5196815707092146,6,8,6,549918,55692,73490,34466,0.5158768387120679,0.3822844339936556
1998,0.5196972067443456,16,32,16,549950,55660,73506,34450,0.5155804216532661,0.3823105093774276
1999,0.5197588946158721,9,27,9,549977,55633,73515,34441,0.5153303197599022,0.38236339010147213
2000,0.5197622507306049,2,5,2,549982,55628,73517,34439,0.5152840045944644,0.382370901662096
2001,0.5197880056534258,64,143,64,550125,55485,73581,34375,0.5139593908629442,0.3825395058980637
2002,0.5198068317515381,17,31,17,550156,55454,73598,34358,0.51367223683723,0.3825546697545985
2003,0.5198211316400548,87,168,87,550324,55286,73685,34271,0.5121160472785209,0.38267248791272596
2004,0.5198467063970115,81,109,81,550433,55177,73766,34190,0.5111063766719774,0.38257969944162834
2005,0.5198596273421067,0,1,0,550434,55176,73766,34190,0.5110971136388899,0.3825839804847481
2006,0.5198602383656011,15,25,15,550459,55151,73781,34175,0.5108655378117011,0.38258737657568903
2007,0.5198765722434657,14,24,14,550483,55127,73795,34161,0.5106432250175997,0.38259340560881644
2008,0.5198882673899153,1,0,1,550483,55127,73796,34160,0.5106432250175997,0.38258649075453316
2009,0.5199826303331937,0,6,0,550489,55121,73796,34160,0.5105876468190744,0.3826122019242616
2010,0.5199878924795158,2,4,2,550493,55117,73798,34158,0.5105505946867243,0.3826155138616634
2011,0.5200052649349749,14,29,14,550522,55088,73812,34144,0.5102819667271852,0.3826429980276134
2012,0.5200198024828186,2,13,2,550535,55075,73814,34142,0.510161547297047,0.382684914310053
2013,0.5200673291303077,1,3,1,550538,55072,73815,34141,0.5101337581977843,0.38269086343918485
2014,0.5200820665521502,1,3,1,550541,55069,73816,34140,0.5101059690985216,0.3826968131018171
2015,0.5200824448715504,29,54,29,550595,55015,73845,34111,0.5096057653117937,0.38272782353073176
2016,0.5201073513097956,16,33,16,550628,54982,73861,34095,0.5093000852199044,0.3827587368231979
2017,0.5201177417634771,4,4,4,550632,54978,73865,34091,0.5092630330875542,0.3827482064466874
2018,0.5201290802298348,1,10,1,550642,54968,73866,34090,0.5091704027566787,0.38278425295874596
2019,0.5202300655538682,0,4,0,550646,54964,73866,34090,0.5091333506243284,0.38280144631347274
2020,0.5203272569589728,12,40,12,550686,54924,73878,34078,0.5087628293008263,0.38289027212871624
2021,0.520363207314325,61,145,61,550831,54779,73939,34017,0.5074196895031309,0.3830915807018334
2022,0.5203654817746198,2,5,2,550836,54774,73941,34015,0.5073733743376931,0.38309925779094256
2023,0.5203723474321253,1,3,1,550839,54771,73942,34014,0.5073455852384304,0.3831052542659233
2024,0.5204138998669454,0,1,0,550840,54770,73942,34014,0.507336322205343,0.38310956929176426
2025,0.5204287022927132,21,53,21,550893,54717,73963,33993,0.5068453814517025,0.38319242475481907
2026,0.5204674281560455,5,20,5,550913,54697,73968,33988,0.5066601207899515,0.38324406607656314
2027,0.5204721345643113,20,49,20,550962,54648,73988,33968,0.5062062321686613,0.3833167825223436
2028,0.5204773393630742,3,19,3,550981,54629,73991,33965,0.5060302345399977,0.3833781068695397
2029,0.5205262390096401,63,131,63,551112,54498,74054,33902,0.5048167772055282,0.38350678733031673
2030,0.520585115132775,5,15,5,551127,54483,74059,33897,0.5046778317092149,0.38353699932111335
2031,0.5206460748884443,17,45,17,551172,54438,74076,33880,0.5042609952202749,0.38361375936955094
2032,0.520662301201795,17,41,17,551213,54397,74093,33863,0.5038812108636852,0.3836732381599819
2033,0.5207485473673112,14,35,14,551248,54362,74107,33849,0.5035570047056208,0.38372765301379647
2034,0.5207499853848913,0,1,0,551249,54361,74107,33849,0.5035477416725332,0.3837320031742433
2035,0.5207544970940468,65,169,65,551418,54192,74172,33784,0.5019822890807366,0.3840138219514413
2036,0.5207993014019408,97,151,97,551569,54041,74269,33687,0.5005835710845159,0.38399370782418385
2037,0.5208178349063152,71,152,71,551721,53889,74340,33616,0.4991755900552077,0.38416090509113765
2038,0.5208349105595732,3,1,3,551722,53888,74343,33613,0.4991663270221201,0.3841441812093576
2039,0.5208715814754938,79,164,79,551886,53724,74422,33534,0.49764718959576126,0.38430860207660045
2040,0.520882433084638,8,12,8,551898,53712,74430,33526,0.4975360331987106,0.3843050046997868
2041,0.5208932766637013,16,22,16,551920,53690,74446,33510,0.4973322464707844,0.38428899082568807
2042,0.5209036895956524,4,1,4,551921,53689,74450,33506,0.4973229834376968,0.3842651528183956
2043,0.5209373541123778,3,5,3,551926,53684,74453,33503,0.4972766682722591,0.38426600295915675
2044,0.5209718555504435,31,68,31,551994,53616,74484,33472,0.4966467820223054,0.38434686753628516
2045,0.5209964596561754,3,4,3,551998,53612,74487,33469,0.49660972988995516,0.3843433125480874
2046,0.5209967021559219,0,3,0,552001,53609,74487,33469,0.4965819407906925,0.3843565538942098
2047,0.5210103053392748,12,41,12,552042,53568,74499,33457,0.49620215643410276,0.3844527434645217
2048,0.5210305047595128,17,27,17,552069,53541,74516,33440,0.4959520545407388,0.3844517768248238
2049,0.521120291078988,0,1,0,552070,53540,74516,33440,0.49594279150765125,0.3844561968268567
2050,0.5211411530745795,41,96,41,552166,53444,74557,33399,0.49505354033124604,0.3845905830061145
2051,0.5212273641124423,1,3,1,552169,53441,74558,33398,0.4950257512319834,0.3845967825516185
2052,0.5212567862112814,134,161,134,552330,53280,74692,33264,0.4935344029048872,0.3843594009983361
2053,0.521371449077457,28,73,28,552403,53207,74720,33236,0.4928582014894957,0.38448457364968824
2054,0.5213808193670231,144,144,144,552547,53063,74864,33092,0.49152432472488794,0.3840984272532064
2055,0.5214056861986085,70,259,70,552806,52804,74934,33022,0.4891251991552114,0.3847552023862233
2056,0.5214112568306193,75,300,75,553106,52504,75009,32947,0.48634628922894513,0.3855659968871049
2057,0.5214819112490902,160,415,160,553521,52089,75169,32787,0.48250213049761015,0.38629294500212075
2058,0.5215054860870447,113,170,113,553691,51919,75282,32674,0.48092741487272594,0.3862494532644545
2059,0.5215249522082936,0,6,0,553697,51913,75282,32674,0.4808718366742006,0.38627685105276227
2060,0.521551433252612,2,2,2,553699,51911,75284,32672,0.4808533106080255,0.38627147299102654
2061,0.5216571715970105,79,275,79,553974,51636,75363,32593,0.47830597650894807,0.386956986311128
2062,0.5216621427545289,3,5,3,553979,51631,75366,32590,0.47825966134351033,0.38695812208356584
2063,0.5216792895705366,29,55,29,554034,51576,75395,32561,0.4777501945236948,0.386999774177829
2064,0.5216869890868974,18,63,18,554097,51513,75413,32543,0.4771666234391789,0.3871585609593604
2065,0.5217130237506848,8,16,8,554113,51497,75421,32535,0.47701841490977803,0.3871739337395278
2066,0.5217609451851949,37,56,37,554169,51441,75458,32498,0.476499685056875,0.38716210581493704
2067,0.5217947423452023,36,99,36,554268,51342,75494,32462,0.47558264478120715,0.38735621211398025
2068,0.5219510472251465,3,4,3,554272,51338,75497,32459,0.47554559264885693,0.3873527691922145
2069,0.5219605746750272,78,304,78,554576,51034,75575,32381,0.4727296305902405,0.388191572259186
2070,0.5220109994699593,122,162,122,554738,50872,75697,32259,0.47122901923005667,0.38805018585124684
2071,0.5220494769439831,3,2,3,554740,50870,75700,32256,0.4712104931638816,0.38803743714361333
2072,0.5220525161728337,1,15,1,554755,50855,75701,32255,0.47107154766756826,0.3881001082902178
2073,0.522065758220273,0,3,0,554758,50852,75701,32255,0.4710437585683056,0.3881141179443368
2074,0.5220973298181875,0,1,0,554759,50851,75701,32255,0.47103449553521803,0.3881187880538108
2075,0.5221219801290665,4,10,4,554769,50841,75705,32251,0.4709418652043425,0.388136041977567
2076,0.5221700564033247,2,13,2,554782,50828,75707,32249,0.4708214457742043,0.3881820479795852
2077,0.5222042274974016,0,1,0,554783,50827,75707,32249,0.47081218274111675,0.38818672059319176
2078,0.5223069909802034,2,6,2,554789,50821,75709,32247,0.47075660454259144,0.3882000288919921
2079,0.5223954050736248,0,4,0,554793,50817,75709,32247,0.4707195524102412,0.3882187229124531
2080,0.5224010250212912,10,40,10,554833,50777,75719,32237,0.47034903108673903,0.38833208856337487
2081,0.5224349238670769,5,18,5,554851,50759,75724,32232,0.47018229649116305,0.38837946283331926
2082,0.5224801096347373,236,513,236,555364,50246,75960,31996,0.4654303605172478,0.3890469589747331
2083,0.5225445775712106,43,111,43,555475,50135,76003,31953,0.46440216384452926,0.3892529967839392
2084,0.5226101395714022,1,7,1,555482,50128,76004,31952,0.4643373226129164,0.38927875243664717
2085,0.5226295929784663,11,28,11,555510,50100,76015,31941,0.46407795768646487,0.38932972538121186
2086,0.5226563087881618,0,1,0,555511,50099,76015,31941,0.4640686946533773,0.3893344709897611
2087,0.5226946349762838,5,3,5,555514,50096,76020,31936,0.46404090555411465,0.38931148819972694
2088,0.5227111699291638,2,4,2,555518,50092,76022,31934,0.4640038534217644,0.38931558286396994
2089,0.5227714327829326,8,30,8,555548,50062,76030,31926,0.4637259624291378,0.38939844855344685
2090,0.5228043040820698,36,116,36,555664,49946,76066,31890,0.4626514505909815,0.3896818026296495
2091,0.5228349183110077,1,1,1,555665,49945,76067,31889,0.46264218755789394,0.38967910648385756
2092,0.5228510718505225,1,4,1,555669,49941,76068,31888,0.46260513542554377,0.389690696452358
2093,0.5228785321174789,1,2,1,555671,49939,76069,31887,0.46258660935936863,0.38969276269156505
2094,0.5229657960286905,33,61,33,555732,49878,76102,31854,0.4620215643410278,0.38973718983996475
2095,0.5230249255791121,2,7,2,555739,49871,76104,31852,0.46195672310941494,0.3897556379477014
2096,0.5230706852616229,9,40,9,555779,49831,76113,31843,0.46158620178591275,0.3898792761466317
2097,0.5231270232356914,1,3,1,555782,49828,76114,31842,0.4615584126866501,0.38988612709685316
2098,0.5231324205632905,0,2,0,555784,49826,76114,31842,0.461539886620475,0.3898956751726502
2099,0.5231986310405777,5,9,5,555793,49817,76119,31837,0.461456519322687,0.38990129081245256
2100,0.5232177250071126,158,405,158,556198,49412,76277,31679,0.45770499092222755,0.3906598759418431
2101,0.5232660177567052,6,26,6,556224,49386,76283,31673,0.4574641520619512,0.3907400782146338
2102,0.5232974315439017,4,4,4,556228,49382,76287,31669,0.45742709992960096,0.39072929390137073
2103,0.5233851027024149,4,23,4,556251,49359,76291,31665,0.4572140501685872,0.39081013033175355
2104,0.5234211581091376,2,11,2,556262,49348,76293,31663,0.4571121568046241,0.3908481564232018
2105,0.5234452564540735,6,9,6,556271,49339,76299,31657,0.4570287895068361,0.390846461553657
2106,0.523452322273711,6,15,6,556286,49324,76305,31651,0.4568898440105228,0.3908737264587836
2107,0.5234556423217611,3,8,3,556294,49316,76308,31648,0.45681573974582235,0.3908897781730152
2108,0.5234614812277122,213,558,213,556852,48758,76521,31435,0.45164696728296716,0.39199181973488956
2109,0.5234759793687759,39,124,39,556976,48634,76560,31396,0.4504983511801104,0.3923028864175934
2110,0.5234923419058821,20,60,20,557036,48574,76580,31376,0.44994256919485714,0.39244527829893683
2111,0.5235540911106892,2,0,2,557036,48574,76582,31374,0.44994256919485714,0.3924300795517086
2112,0.5235627408061811,2,2,2,557038,48572,76584,31372,0.44992404312868206,0.3924246972881017
2113,0.523563098737872,0,1,0,557039,48571,76584,31372,0.4499147800955945,0.39242960609434224
2114,0.5236195113659636,0,3,0,557042,48568,76584,31372,0.44988699099633184,0.39244433324993744
2115,0.5236282703024265,17,44,17,557086,48524,76601,31355,0.44947941754047943,0.39253120344521086
2116,0.523733448605296,51,123,51,557209,48401,76652,31304,0.4483400644707103,0.39274825920582146
2117,0.5237948519364546,1,1,1,557210,48400,76653,31303,0.4483308014376227,0.39274556792090637
2118,0.5238250626471462,197,519,197,557729,47881,76850,31106,0.4435232872651821,0.3938116398901085
2119,0.5238454812460651,0,3,0,557732,47878,76850,31106,0.44349549816591943,0.3938265977919579
2120,0.5238483350169668,98,185,98,557917,47693,76948,31008,0.4417818370447219,0.39399753497414264
2121,0.5238517287689708,2,0,2,557917,47693,76950,31006,0.4417818370447219,0.3939821344616831
2122,0.5238558666934737,37,59,37,557976,47634,76987,30969,0.44123531809255623,0.3939925957024541
2123,0.5238885029080576,8,10,8,557986,47624,76995,30961,0.4411426877616807,0.39398103963860787
2124,0.5238889505285824,3,11,3,557997,47613,76998,30958,0.4410407943977176,0.394013058253045
2125,0.5239915292576207,41,78,41,558075,47535,77039,30917,0.44031827781688837,0.3940881048284301
2126,0.5240737175840721,0,1,0,558076,47534,77039,30917,0.4403090147838008,0.3940931281946693
2127,0.5240828978931716,6,22,6,558098,47512,77045,30911,0.4401052280558746,0.39415732629458194
2128,0.5240856052708486,5,6,5,558104,47506,77050,30906,0.4400496498573493,0.39414885476712747
2129,0.5240860711886732,4,14,4,558118,47492,77054,30902,0.43991996739412353,0.3941883307395974
2130,0.5241342236167743,102,243,102,558361,47249,77156,30800,0.43766905035384784,0.394623890120309
2131,0.5241416678148744,0,5,0,558366,47244,77156,30800,0.4376227351884101,0.394649172261801
2132,0.5241566083563667,121,253,121,558619,46991,77277,30679,0.4352791878172589,0.39499163126046094
2133,0.5241701502577079,0,1,0,558620,46990,77277,30679,0.4352699247841713,0.39499671683683324
2134,0.5242614207358005,117,266,117,558886,46724,77394,30562,0.4328059579828819,0.395440312605129
2135,0.5242667555532912,111,284,111,559170,46440,77505,30451,0.4301752565860165,0.39602814373593787
2136,0.5242776555361317,72,146,72,559316,46294,77577,30379,0.4288228537552336,0.3962150952747382
2137,0.5242781301419409,0,3,0,559319,46291,77577,30379,0.42879506465597095,0.39623059866962307
2138,0.524284202588824,7,13,7,559332,46278,77584,30372,0.42867464522583276,0.3962426614481409
2139,0.5242909368711208,3,4,3,559336,46274,77587,30369,0.42863759309348254,0.39623970877966674
2140,0.5243129213318052,5,16,5,559352,46258,77592,30364,0.42848938456408164,0.3962830518649996
2141,0.5243887121097426,16,21,16,559373,46237,77608,30348,0.428294860869243,0.3962655872559901
2142,0.5244143223053774,5,9,5,559382,46228,77613,30343,0.42821149357145505,0.39627274033250187
2143,0.5244623979712089,0,1,0,559383,46227,77613,30343,0.4282022305383675,0.39627791563275433
2144,0.5244763970975728,8,22,8,559405,46205,77621,30335,0.4279984438104413,0.39632871701071337
2145,0.5244867074844523,12,35,12,559440,46170,77633,30323,0.4276742376523769,0.39641535826807683
2146,0.5244970710493951,235,499,235,559939,45671,77868,30088,0.4230519841416874,0.3971541335022902
2147,0.5245454757202553,0,4,0,559943,45667,77868,30088,0.42301493200933715,0.39717510395353445
2148,0.5245478338224748,15,23,15,559966,45644,77883,30073,0.4228018822483234,0.39717632764108457
2149,0.5245489119855435,0,1,0,559967,45643,77883,30073,0.4227926192152358,0.39718157324739817
2150,0.5245552216663668,55,154,55,560121,45489,77938,30018,0.4213661121197525,0.3975525447971711
2151,0.5245647074121613,326,672,326,560793,44817,78264,29692,0.4151413538849161,0.3985021943657813
2152,0.5245694915329636,1,1,1,560794,44816,78265,29691,0.4151320908518285,0.3984994698484706
2153,0.5246767768678491,7,19,7,560813,44797,78272,29684,0.414956093223165,0.39854459526590674
2154,0.5247484082651022,5,15,5,560828,44782,78277,29679,0.4148171477268517,0.39858449389613354
2155,0.5247557908887222,1,1,1,560829,44781,78278,29678,0.4148078846937641,0.3985817698330625
2156,0.524756074593182,3,2,3,560831,44779,78281,29675,0.41478935862758903,0.39856824347919523
2157,0.5248045578560723,51,141,51,560972,44638,78332,29624,0.41348327096224385,0.3989119603565754
2158,0.5248155032152974,1,0,1,560972,44638,78333,29623,0.41348327096224385,0.39890386609391204
2159,0.5248223605641807,0,1,0,560973,44637,78333,29623,0.41347400792915634,0.3989092378130891
2160,0.5248717442311874,350,668,350,561641,43969,78683,29273,0.40728630182667014,0.39967504983479424
2161,0.5248821391031121,49,118,49,561759,43851,78732,29224,0.40619326392233873,0.3999178925761204
2162,0.524973561477141,46,133,46,561892,43718,78778,29178,0.404961280521694,0.4002688762071993
2163,0.5250405192050345,7,29,7,561921,43689,78785,29171,0.404692652562155,0.40037057370299206
2164,0.5250505371171107,2,2,2,561923,43687,78787,29169,0.40467412649597984,0.4003651037663336
2165,0.5251080787534056,344,723,344,562646,42964,79131,28825,0.3979769535736782,0.4015239103483821
2166,0.5251287913054663,1,5,1,562651,42959,79132,28824,0.3979306384082404,0.40154354094980704
2167,0.5251329272958973,35,96,35,562747,42863,79167,28789,0.3970413872318352,0.40178920337185287
2168,0.5252174475021494,5,12,5,562759,42851,79172,28784,0.3969302308347845,0.4018147553570182
2169,0.5252174706357113,33,69,33,562828,42782,79205,28751,0.3962910815517433,0.4019263836271371
2170,0.5252398376725648,2,7,2,562835,42775,79207,28749,0.39622624032013043,0.4019489961411554
2171,0.525246843073919,42,118,42,562953,42657,79249,28707,0.395133202415799,0.4022616445266521
2172,0.5252615698502823,8,15,8,562968,42642,79257,28699,0.3949942569194857,0.4022791942922022
2173,0.5252671545497234,0,3,0,562971,42639,79257,28699,0.39496646782022304,0.40229611146934313
2174,0.5252718577408398,34,81,34,563052,42558,79291,28665,0.39421616214013117,0.40246830377827386
2175,0.5252822524812458,736,1475,736,564527,41083,80027,27929,0.3805531883359887,0.4046977337274677
2176,0.5252845894630498,1,3,1,564530,41080,80028,27928,0.38052539923672607,0.4047067006723858
2177,0.5253116375349086,351,715,351,565245,40365,80379,27577,0.3739023305791248,0.4058903182125931
2178,0.5254141390913318,731,1371,731,566616,38994,81110,26846,0.361202712216088,0.4077460510328068
2179,0.525418321858902,1,5,1,566621,38989,81111,26845,0.3611563970506503,0.40776802260230277
2180,0.5254635684577091,2,6,2,566627,38983,81113,26843,0.3611008188521249,0.4077871965484763
2181,0.525470571610532,7,19,7,566646,38964,81120,26836,0.3609248212234614,0.4078419452887538
2182,0.525471839913531,0,2,0,566648,38962,81120,26836,0.3609062951572863,0.4078543420772668
2183,0.5254723374008294,1,1,1,566649,38961,81121,26835,0.36089703212419877,0.4078515411271202
2184,0.5255054233331146,0,1,0,566650,38960,81121,26835,0.3608877690911112,0.4078577399498442
2185,0.5255071446762615,4,4,4,566654,38956,81125,26831,0.360850716958761,0.4078465350297171
2186,0.5255082835524997,35,131,35,566785,38825,81160,26796,0.3596372596242914,0.4083448895932704
2187,0.5255597793296477,8,16,8,566801,38809,81168,26788,0.3594890510948905,0.40837233410064483
2188,0.5255694711363125,1,1,1,566802,38808,81169,26787,0.359479788061803,0.408369540361308
2189,0.5256048126528283,764,1486,764,568288,37322,81933,26023,0.34571492089369743,0.41081379745836294
2190,0.52562131918416,0,1,0,568289,37321,81933,26023,0.34570565786060986,0.41082028289972217
2191,0.5256551991747316,58,125,58,568414,37196,81991,25965,0.34454777872466563,0.4110922879625085
2192,0.5256556362416054,958,1967,958,570381,35229,82949,25007,0.3263273926414465,0.41515040839365164
2193,0.5256751993328287,26,47,26,570428,35182,82975,24981,0.32589203008633144,0.4152219802868873
2194,0.525675206759434,2,14,2,570442,35168,82977,24979,0.3257623476231057,0.4152991836666833
2195,0.5257541398918969,37,82,37,570524,35086,83014,24942,0.3250027789099263,0.41550609715466114
2196,0.5257567177391086,137,314,137,570838,34772,83151,24805,0.32209418652043426,0.41635194789935714
2197,0.5257887607572508,120,313,120,571151,34459,83271,24685,0.3191948571640298,0.4173711619099148
2198,0.5257978933548906,46,115,46,571266,34344,83317,24639,0.31812960835896104,0.41773053252632114
2199,0.5258045199822565,325,712,325,571978,33632,83642,24314,0.3115343288006225,0.4195975563455631
2200,0.5258136115601791,8,8,8,571986,33624,83650,24306,0.31146022453592204,0.41957534955981357
2201,0.5258227417013818,751,1365,751,573351,32259,84401,23555,0.29881618437141055,0.4220267316443903
2202,0.5258555427164522,126,262,126,573613,31997,84527,23429,0.29638926970247137,0.42270775448345543
2203,0.52588606086075,17,21,17,573634,31976,84544,23412,0.29619474600763274,0.4226908355600491
2204,0.5258988963442675,2,4,2,573638,31972,84546,23410,0.2961576938752825,0.42270051641327505
2205,0.5259336269579885,27,82,27,573720,31890,84573,23383,0.29539812516210306,0.4230456099723192
2206,0.5260071156878711,2,1,2,573721,31889,84575,23381,0.29538886212901555,0.4230323864664375
2207,0.5261692338204856,3,1,3,573722,31888,84578,23378,0.295379599095928,0.42300872145622986
2208,0.5261779856771921,1,0,1,573722,31888,84579,23377,0.295379599095928,0.4229982810096806
2209,0.5262143974343141,0,1,0,573723,31887,84579,23377,0.2953703360628404,0.4230059351476549
2210,0.5262309823364852,0,2,0,573725,31885,84579,23377,0.2953518099966653,0.42302124425464155
2211,0.5262486162085918,1,6,1,573731,31879,84580,23376,0.29529623179813996,0.4230567369468826
2212,0.5262555734965773,4,12,4,573743,31867,84584,23372,0.29518507540108935,0.42310686290483174
2213,0.5262947591647731,0,1,0,573744,31866,84584,23372,0.2951758123680018,0.4231145226112459
2214,0.5263148599221376,7,1,7,573745,31865,84591,23365,0.2951665493349142,0.42304906753575955
2215,0.5263373079762219,10,14,10,573759,31851,84601,23355,0.29503686687168845,0.4230518421910662
2216,0.5263449917259486,4,1,4,573760,31850,84605,23351,0.29502760383860094,0.42301769895472907
2217,0.5264314491839952,125,271,125,574031,31579,84730,23226,0.29251732187187374,0.4237934495027826
2218,0.5264386872722029,12,30,12,574061,31549,84742,23214,0.2922394308792471,0.4238993480999945
2219,0.5264575507047815,0,1,0,574062,31548,84742,23214,0.29223016784615957,0.42390708885723677
2220,0.5265092128289368,10,15,10,574077,31533,84752,23204,0.29209122234984625,0.4239180079288233
2221,0.5265498235220777,0,2,0,574079,31531,84752,23204,0.2920726962836711,0.4239334977619439
2222,0.5265595832427804,180,343,180,574422,31188,84932,23024,0.28889547593464004,0.4247030177820409
2223,0.5266140444129623,25,45,25,574467,31143,84957,22999,0.2884786394457001,0.42479036607439696
2224,0.526615181387896,0,3,0,574470,31140,84957,22999,0.2884508503464374,0.4248139049483736
2225,0.52661557272447,1,3,1,574473,31137,84958,22998,0.28842306124717476,0.42482682183430315
2226,0.5266159100559566,1,2,1,574475,31135,84959,22997,0.2884045351809997,0.4248318924111431
2227,0.5266261217371155,34,63,34,574538,31072,84993,22963,0.2878209640964838,0.4249653002683446
2228,0.5266308862421337,0,4,0,574542,31068,84993,22963,0.28778391196413355,0.4249967611186171
2229,0.5266388904934318,0,4,0,574546,31064,84993,22963,0.28774685983178333,0.425028226627427
2230,0.5266457969620777,0,3,0,574549,31061,84993,22963,0.2877190707325207,0.42505182881682213
2231,0.5266518713882647,0,1,0,574550,31060,84993,22963,0.2877098076994331,0.4250596967958092
2232,0.5266626858290271,22,31,22,574581,31029,85015,22941,0.28742265367371894,0.42506948304613673
2233,0.526684069096977,2,1,2,574582,31028,85017,22939,0.28741339064063137,0.4250560527729909
2234,0.5266870401993312,2,1,2,574583,31027,85019,22937,0.2874041276075438,0.425042621006597
2235,0.5267177816701683,2,2,2,574585,31025,85021,22935,0.2873856015413687,0.42503706449221645
2236,0.5267245113554714,25,28,25,574613,30997,85046,22910,0.2871262366149172,0.42499118852839146
2237,0.5267437092275269,2,4,2,574617,30993,85048,22908,0.287089184482567,0.425001391439862
2238,0.5267493656549151,20,38,20,574655,30955,85068,22888,0.2867371892252399,0.4250877551399439
2239,0.5267671468745049,1,0,1,574655,30955,85069,22887,0.2867371892252399,0.4250770773745403
2240,0.526780752981787,15,32,15,574687,30923,85084,22872,0.28644077216643815,0.4251696254298727
2241,0.5267922594164137,1,1,1,574688,30922,85085,22871,0.28643150913335064,0.4251668432695704
2242,0.5268085148406234,1,2,1,574690,30920,85086,22870,0.2864129830671755,0.4251719650492657
2243,0.526842473076577,24,67,24,574757,30853,85110,22846,0.2857923598503094,0.4254455390230731
2244,0.526892687837023,1,2,1,574759,30851,85111,22845,0.2857738337841343,0.4254506853396901
2245,0.5269158085759078,5,28,5,574787,30823,85116,22840,0.2855144688576828,0.4256191416804875
2246,0.5269243322180185,21,25,21,574812,30798,85137,22819,0.2852828930304939,0.4255926292034243
2247,0.5269284111664309,17,79,17,574891,30719,85154,22802,0.28455111341657713,0.42603837745931505
2248,0.5269304399176622,62,56,62,574947,30663,85216,22740,0.2840323835636741,0.4258187742261671
2249,0.5270069953116204,0,3,0,574950,30660,85216,22740,0.28400459446441145,0.4258426966292135
2250,0.5270173479845947,0,1,0,574951,30659,85216,22740,0.2839953314313239,0.4258506713608869
2251,0.5270474735146661,20,25,20,574976,30634,85236,22720,0.283763755604135,0.42583498894178506
2252,0.5270935565038094,3,9,3,574985,30625,85239,22717,0.283680388306347,0.4258745453863747
2253,0.5270946652136675,1,1,1,574986,30624,85240,22716,0.2836711252732595,0.42587176602924637
2254,0.5271011281512742,37,69,37,575055,30555,85277,22679,0.28303197599021823,0.4260247210429425
2255,0.5271519103571704,1,0,1,575055,30555,85278,22678,0.28303197599021823,0.42601393872222115
2256,0.5271885479309686,52,51,52,575106,30504,85330,22626,0.28255956130275295,0.42586109542631284
2257,0.5271886736190388,0,1,0,575107,30503,85330,22626,0.28255029826966543,0.42586911103164
2258,0.5272424212166933,0,4,0,575111,30499,85330,22626,0.2825132461373152,0.4259011764705882
2259,0.5272778633227944,39,50,39,575161,30449,85369,22587,0.2820500944829375,0.4258805339769213
2260,0.5274022728359623,11,26,11,575187,30423,85380,22576,0.28180925562266107,0.42597030132644015
2261,0.5274289014788076,1,1,1,575188,30422,85381,22575,0.28179999258957356,0.42596750759476953
2262,0.5274474083291644,16,48,16,575236,30374,85397,22559,0.2813553670013709,0.4261802656188011
2263,0.5274530788365388,14,18,14,575254,30356,85411,22545,0.28118863240579495,0.42617341827186633
2264,0.5274702413846577,2,5,2,575259,30351,85413,22543,0.2811423172403572,0.42619200665481904
2265,0.5274744354720903,18,36,18,575295,30315,85431,22525,0.28080884804920525,0.4262869038607116
2266,0.5274967792070095,0,1,0,575296,30314,85431,22525,0.2807995850161177,0.42629497151725054
2267,0.5275518365445933,1,2,1,575298,30312,85432,22524,0.2807810589499426,0.4263002498296616
2268,0.527568555503902,14,25,14,575323,30287,85446,22510,0.28054948312275374,0.4263499820065534
2269,0.5275762561646113,0,2,0,575325,30285,85446,22510,0.2805309570565786,0.4263661331565489
2270,0.5275976156101067,1,5,1,575330,30280,85447,22509,0.28048464189114086,0.4263956506090284
2271,0.5276028382305541,8,36,8,575366,30244,85455,22501,0.2801511726999889,0.4265996776945682
2272,0.5276061251497034,37,64,37,575430,30180,85492,22464,0.27955833858238543,0.4267152951903351
2273,0.527627679589923,0,2,0,575432,30178,85492,22464,0.2795398125162103,0.426731507161582
2274,0.5276713288921078,10,44,10,575476,30134,85502,22454,0.27913223906035795,0.4269795390583403
2275,0.5276776897230683,1,1,1,575477,30133,85503,22453,0.2791229760272704,0.4269767618757844
2276,0.5276929079876593,0,2,0,575479,30131,85503,22453,0.27910444996109524,0.42699300167351284
2277,0.5277133968817922,0,3,0,575482,30128,85503,22453,0.2790766608618326,0.4270173636865027
2278,0.5277217018052054,21,18,21,575500,30110,85524,22432,0.2789099262662566,0.4269346427619809
2279,0.5277432725473996,35,77,35,575577,30033,85559,22397,0.27819667271851495,0.4271790959374404
2280,0.5277553330137774,0,2,0,575579,30031,85559,22397,0.27817814665233986,0.4271953917753872
2281,0.5278004571532258,1,2,1,575581,30029,85560,22396,0.2781596205861647,0.4272007629947544
2282,0.5278021712629728,0,1,0,575582,30028,85560,22396,0.27815035755307715,0.4272089119487258
2283,0.5278362940640146,3,2,3,575584,30026,85563,22393,0.27813183148690207,0.42719243022568154
2284,0.527849595077187,29,43,29,575627,29983,85592,22364,0.27773352106413723,0.4272260110417025
2285,0.5278839175842969,3,6,3,575633,29977,85595,22361,0.2776779428656119,0.4272421567503535
2286,0.5278945660400279,6,18,6,575651,29959,85601,22355,0.27751120827003595,0.427323469816875
2287,0.5280277291479414,3,4,3,575655,29955,85604,22352,0.2774741561376857,0.4273233028084195
2288,0.5280411033875796,128,126,128,575781,29829,85732,22224,0.27630701396865387,0.4269494553628033
2289,0.5280692164969724,58,67,58,575848,29762,85790,22166,0.27568639075178775,0.4268602680634725
2290,0.5281135195608546,1,1,1,575849,29761,85791,22165,0.27567712771870023,0.42685745098794436
2291,0.5281231273905543,114,170,114,576019,29591,85905,22051,0.274102412093816,0.42699740521281127
2292,0.528134799917644,69,196,69,576215,29395,85974,21982,0.2722868576086554,0.4278568230920451
2293,0.5281360771857442,0,1,0,576216,29394,85974,21982,0.2722775945755678,0.4278651510432887
2294,0.5281615278546749,2,2,2,576218,29392,85976,21980,0.27225906850939274,0.42785953437670327
2295,0.5281736681302197,0,1,0,576219,29391,85976,21980,0.2722498054763052,0.4278678631912947
2296,0.5281927309581418,31,65,31,576284,29326,86007,21949,0.27164770832561413,0.4280643588493418
2297,0.5282240226452574,5,28,5,576312,29298,86012,21944,0.2713883433991626,0.4282424573591975
2298,0.5282303760360783,126,164,126,576476,29134,86138,21818,0.2698692059728037,0.42820693986497094
2299,0.5282354213256544,1,1,1,576477,29133,86139,21817,0.26985994293971616,0.4282041216879293
2300,0.5282714078341539,0,3,0,576480,29130,86139,21817,0.2698321538404535,0.42822933636916793
2301,0.5282812784669073,0,1,0,576481,29129,86139,21817,0.269822890807366,0.4282377419228202
2302,0.5283219425099269,137,156,137,576637,28973,86276,21680,0.2683778576457075,0.42801018695832427
2303,0.5283393588487452,2,5,2,576642,28968,86278,21678,0.26833154248026975,0.42802985428266793
2304,0.5284388915986887,1,0,1,576642,28968,86279,21677,0.26833154248026975,0.4280185605686642
2305,0.5285166255905032,27,127,27,576769,28841,86306,21650,0.2671551372781504,0.42878928918024994
2306,0.528539791809736,1,2,1,576771,28839,86307,21649,0.26713661121197524,0.428794961178894
2307,0.528551368734204,0,4,0,576775,28835,86307,21649,0.267099559079625,0.4288289359004833
2308,0.5285776280769859,9,17,9,576792,28818,86316,21640,0.2669420875171366,0.4288715367236117
2309,0.5285997564524664,36,54,36,576846,28764,86352,21604,0.26644188373040867,0.42892312579415504
2310,0.5286107120717529,13,21,13,576867,28743,86365,21591,0.26624736003557004,0.4289545833830016
2311,0.5286706780326059,128,148,128,577015,28595,86493,21463,0.26487643113861203,0.42876263534300213
2312,0.5287980862438261,20,145,20,577160,28450,86513,21443,0.2635332913409167,0.4297797286192452
2313,0.5288240302377137,1,1,1,577161,28449,86514,21442,0.2635240283078291,0.42977691367180454
2314,0.5288484459089491,12,20,12,577181,28429,86526,21430,0.26333876764607805,0.42981207003750577
2315,0.5289222326090844,39,43,39,577224,28386,86565,21391,0.2629404572233132,0.42973662534905677
2316,0.5289609637014774,10,23,10,577247,28363,86575,21381,0.26272740746229944,0.42982068189128336
2317,0.5289774206282302,47,134,47,577381,28229,86622,21334,0.2614861610285672,0.4304420636361802
2318,0.5289857994567877,35,129,35,577510,28100,86657,21299,0.2602912297602727,0.4311625741411769
2319,0.5291381709083216,12,18,12,577528,28082,86669,21287,0.2601244951646967,0.4311815106645871
2320,0.5291444393947634,99,132,99,577660,27950,86768,21188,0.25890177479713955,0.43119378078065856
2321,0.5292179349430255,1,0,1,577660,27950,86769,21187,0.25890177479713955,0.4311822048558113
2322,0.5292237148770668,0,1,0,577661,27949,86769,21187,0.25889251176405204,0.43119098013676327
2323,0.5292329027539848,0,1,0,577662,27948,86769,21187,0.25888324873096447,0.4311997557749059
2324,0.5292332667086216,0,1,0,577663,27947,86769,21187,0.2588739856978769,0.4312085317702609
2325,0.5292812717288735,1,2,1,577665,27945,86770,21186,0.2588554596317018,0.4312145081516761
2326,0.5293121694615244,1,3,1,577668,27942,86771,21185,0.25882767053243916,0.43122926293077124
2327,0.5294657819284075,0,4,0,577672,27938,86771,21185,0.25879061840008893,0.4312643771756611
2328,0.529480375214545,197,287,197,577959,27651,86968,20988,0.2561321279039609,0.43150558194041816
2329,0.529547854999808,55,108,55,578067,27543,87023,20933,0.255131720330505,0.43182193250268175
2330,0.5295870937621855,229,296,229,578363,27247,87252,20704,0.25238986253658896,0.4317741027298701
2331,0.5296570404484164,40,105,40,578468,27142,87292,20664,0.2514172440623958,0.4322469982847341
2332,0.529688603457502,0,4,0,578472,27138,87292,20664,0.25138019193004557,0.43228316806828165
2333,0.5296929047235277,224,281,224,578753,26857,87516,20440,0.24877727963244284,0.43216271645136056
2334,0.5297067318689822,44,88,44,578841,26769,87560,20396,0.24796213272073808,0.43243930880949855
2335,0.5297579068394647,2,1,2,578842,26768,87562,20394,0.2479528696876505,0.4324244094822103
2336,0.5298273396351649,5,6,5,578848,26762,87567,20389,0.2478972914891252,0.43241924879642
2337,0.5299126917120107,7,6,7,578854,26756,87574,20382,0.24784171329059987,0.43239000381857523
2338,0.529936266668192,196,288,196,579142,26468,87770,20186,0.24517395976138426,0.43267458310112744
2339,0.5299375454510795,0,1,0,579143,26467,87770,20186,0.24516469672829672,0.43268385741538595
2340,0.5299487386031804,1,2,1,579145,26465,87771,20185,0.2451461706621216,0.4326902465166131
2341,0.5300525372350613,50,100,50,579245,26365,87821,20135,0.24421986735336618,0.433010752688172
2342,0.5300554953234592,8,15,8,579260,26350,87829,20127,0.24408092185705288,0.43305290788992407
2343,0.5302259606304844,1,3,1,579263,26347,87830,20126,0.2440531327577902,0.4330686635250576
2344,0.5302735344758885,0,2,0,579265,26345,87830,20126,0.2440346066916151,0.4330873017580857
2345,0.5303343203422191,226,270,226,579535,26075,88056,19900,0.24153358775797548,0.4328439369222403
2346,0.5303490843379395,1,0,1,579535,26075,88057,19899,0.24153358775797548,0.43283160046983077
2347,0.5304392426832722,1,0,1,579535,26075,88058,19898,0.24153358775797548,0.4328192634807387
2348,0.530447128933589,3,3,3,579538,26072,88061,19895,0.2415057986587128,0.43281049448517417
2349,0.5304476366167632,47,96,47,579634,25976,88108,19848,0.2406165474823076,0.4331354748603352
2350,0.5304637124625616,7,15,7,579649,25961,88115,19841,0.2404776019859943,0.4331906903628662
2351,0.5304724677306392,3,3,3,579652,25958,88118,19838,0.24044981288673162,0.4331819372870993
2352,0.5305706898345235,22,72,22,579724,25886,88140,19816,0.23978287450442773,0.4335915277230756
2353,0.530610211547337,0,1,0,579725,25885,88140,19816,0.2397736114713402,0.4336010152950701
2354,0.5306435804332065,1,3,1,579728,25882,88141,19815,0.2397458223720775,0.433617086460818
2355,0.5306580932301322,30,92,30,579820,25790,88171,19785,0.23889362332802253,0.43411958310477233
2356,0.5306849880071186,44,107,44,579927,25683,88215,19741,0.23790247878765422,0.4345940471997182
2357,0.5307199390756722,159,235,159,580162,25448,88374,19582,0.235725666012079,0.43486564512547193
2358,0.5308960743541866,1,0,1,580162,25448,88375,19581,0.235725666012079,0.4348530946723223
2359,0.5309110455361318,164,242,164,580404,25206,88539,19417,0.23348401200489088,0.43513434775788273
2360,0.5310576890856343,4,7,4,580411,25199,88543,19413,0.233419170773278,0.4351519770465346
2361,0.5311067548384791,1,2,1,580413,25197,88544,19412,0.2334006447071029,0.43515882445246473
2362,0.5311170693969414,1,4,1,580417,25193,88545,19411,0.23336359257475267,0.4351851851851852
2363,0.5312132654776335,9,23,9,580440,25170,88554,19402,0.23315054281373893,0.43529570133716233
2364,0.531275770462054,3,5,3,580445,25165,88557,19399,0.23310422764830116,0.4353065254465488
2365,0.5313661805747205,3,8,3,580453,25157,88560,19396,0.2330301233836007,0.43534666576885955
2366,0.5313698120907686,33,93,33,580546,25064,88593,19363,0.2321686613064582,0.43583856663740517
2367,0.5314602731303464,1,4,1,580550,25060,88594,19362,0.23213160917410797,0.4358651118815002
2368,0.5314741199919417,110,130,110,580680,24930,88704,19252,0.23092741487272592,0.43574306278574987
2369,0.5315105908764908,37,86,37,580766,24844,88741,19215,0.23013079402719627,0.4361197485190313
2370,0.5315303842453445,0,1,0,580767,24843,88741,19215,0.2301215309941087,0.4361296472831268
2371,0.5315907002129087,78,120,78,580887,24723,88819,19137,0.2290099670236022,0.43632010943912447
2372,0.5315998496768433,28,74,28,580961,24649,88847,19109,0.2283245025751232,0.4366972896384661
2373,0.5316508706987924,23,48,23,581009,24601,88870,19086,0.2278798769869206,0.436880536544052
2374,0.5318450310151928,19,34,19,581043,24567,88889,19067,0.22756493386194376,0.43697575285327955
2375,0.5318698159399152,178,240,178,581283,24327,89067,18889,0.22534180592093075,0.43708348759718624
2376,0.5318906580562348,8,9,8,581292,24318,89075,18881,0.22525843862314276,0.43707030255329987
2377,0.5318943764037052,1,4,1,581296,24314,89076,18880,0.22522138649079254,0.43709774505718385
2378,0.5319010140867769,6,7,6,581303,24307,89082,18874,0.22515654525917966,0.4370903869757532
2379,0.5320310371027204,22,52,22,581355,24255,89104,18852,0.22467486753862684,0.43733036397800823
2380,0.5320358130025358,8,9,8,581364,24246,89112,18844,0.22459150024083885,0.43731724297980973
2381,0.5320662587148576,33,77,33,581441,24169,89145,18811,0.2238782466930972,0.4376686831084225
2382,0.5320813527165604,23,50,23,581491,24119,89168,18788,0.22341509503871948,0.43787726944321437
2383,0.5321173925013761,1,3,1,581494,24116,89169,18787,0.22338730593945683,0.43789478591240705
2384,0.5321869070621127,9,26,9,581520,24090,89178,18778,0.2231464670791804,0.4380423626014743
2385,0.5322320995982562,4,13,4,581533,24077,89182,18774,0.22302604764904221,0.4381227976009895
2386,0.5322342062253285,0,1,0,581534,24076,89182,18774,0.22301678461595464,0.4381330221703617
2387,0.5323170154281104,0,3,0,581537,24073,89182,18774,0.222988995516692,0.4381636987420356
2388,0.5324110193235692,4,30,4,581567,24043,89186,18770,0.22271110452406537,0.4384182374512414
2389,0.532415046333891,12,29,12,581596,24014,89198,18758,0.2224424765645263,0.4385579350977275
2390,0.5324586834261623,29,33,29,581629,23981,89227,18729,0.222136796472637,0.4385155701240927
2391,0.5325254363879885,7,3,7,581632,23978,89234,18722,0.22210900737337433,0.4384543325526932
2392,0.5325311063863017,173,236,173,581868,23742,89407,18549,0.21992293156471154,0.4386039582889977
2393,0.5325414344443243,39,74,39,581942,23668,89446,18510,0.21923746711623254,0.43885437906017355
2394,0.5325859909194655,2,1,2,581943,23667,89448,18508,0.21922820408314497,0.4388381742738589
2395,0.532586341536611,1,3,1,581946,23664,89449,18507,0.21920041498388232,0.4388560859358327
2396,0.5326346950681448,12,4,12,581950,23660,89461,18495,0.2191633628515321,0.4387379907484284
2397,0.5326362933184757,11,25,11,581975,23635,89472,18484,0.21893178702434324,0.43885182459222677
2398,0.532649822512009,0,1,0,581976,23634,89472,18484,0.2189225239912557,0.4388622441711382
2399,0.5326563360625409,10,27,10,582003,23607,89482,18474,0.21867242209789173,0.4390104797889784
2400,0.5326821135788735,9,22,9,582025,23585,89491,18465,0.21846863536996555,0.4391200951248514
2401,0.5327012664677584,0,1,0,582026,23584,89491,18465,0.21845937233687798,0.4391305381816452
2402,0.5327069225010252,0,3,0,582029,23581,89491,18465,0.21843158323761533,0.439161870332493
2403,0.5327877992330379,0,1,0,582030,23580,89491,18465,0.21842232020452776,0.43917231537638246
2404,0.5329030820988636,612,910,612,582940,22670,90103,17853,0.20999296009485346,0.4405646176245589
2405,0.5329243345536872,0,1,0,582941,22669,90103,17853,0.2099836970617659,0.44057548985736145
2406,0.5329878415654579,71,115,71,583056,22554,90174,17782,0.20891844825669717,0.4408468861562872
2407,0.5331364796408469,3,11,3,583067,22543,90177,17779,0.20881655489273407,0.44092554932791034
2408,0.5331611980854704,4,14,4,583081,22529,90181,17775,0.2086868724295083,0.44102322350138945
2409,0.5331954869169706,6,11,6,583092,22518,90187,17769,0.2085849790655452,0.4410603916896269
2410,0.533238713171821,5,9,5,583101,22509,90192,17764,0.20850161176775722,0.4410895637275594
2411,0.5332684634626663,468,626,468,583727,21883,90660,17296,0.20270295305494831,0.4414609867531075
2412,0.5333111486454702,143,230,143,583957,21653,90803,17153,0.20057245544481084,0.4420192753697882
2413,0.5333150096040574,428,643,428,584600,21010,91231,16725,0.1946163251695135,0.4432224725056314
2414,0.5333253791341598,96,183,96,584783,20827,91327,16629,0.19292119011449108,0.4439609141392567
2415,0.5333622594083476,1,3,1,584786,20824,91328,16628,0.19289340101522842,0.4439816298195023
2416,0.5334021521328951,5,17,5,584803,20807,91333,16623,0.19273592945274,0.44410900347314985
2417,0.5334563577566975,435,617,435,585420,20190,91768,16188,0.18702063803771907,0.4449942272802243
2418,0.5334921878447759,5,9,5,585429,20181,91773,16183,0.18693727073993108,0.4450280497195028
2419,0.5335131255441695,92,121,92,585550,20060,91865,16091,0.18581644373633702,0.44510525296672293
2420,0.5335139551866718,0,2,0,585552,20058,91865,16091,0.1857979176701619,0.44512987911145535
2421,0.533582777068372,59,83,59,585635,19975,91924,16032,0.18502908592389491,0.445246757574916
2422,0.5336071949075553,7,14,7,585649,19961,91931,16025,0.18489940346066916,0.44531206580336796
2423,0.5336526319591605,98,178,98,585827,19783,92029,15927,0.1832505835710845,0.4460095211425371
2424,0.5336564715018136,9,18,9,585845,19765,92038,15918,0.18308384897550853,0.44609477902642714
2425,0.5336565032021208,1,13,1,585858,19752,92039,15917,0.18296342954537034,0.44624183464633155
2426,0.5336902011365244,109,194,109,586052,19558,92148,15808,0.18116640112638482,0.44698297800147035
2427,0.5337598892594351,3,8,3,586060,19550,92151,15805,0.18109229686168438,0.4470371941733842
2428,0.5338072989691864,2,3,2,586063,19547,92153,15803,0.18106450776242172,0.447043847241867
2429,0.5338392411909809,420,699,420,586762,18848,92573,15383,0.17458964763422136,0.44938798165405625
2430,0.533841961330863,0,1,0,586763,18847,92573,15383,0.1745803846011338,0.44940111013730644
2431,0.5338578705436046,1,0,1,586763,18847,92574,15382,0.1745803846011338,0.4493850243945193
2432,0.5339219435574133,46,69,46,586832,18778,92620,15336,0.17394123531809255,0.4495515037814387
2433,0.5339478381932486,94,95,94,586927,18683,92714,15242,0.17306124717477492,0.4492851879145173
2434,0.5339569479273505,94,191,94,587118,18492,92808,15148,0.17129200785505205,0.4502972651605232
2435,0.5339641869045195,1,0,1,587118,18492,92809,15147,0.17129200785505205,0.45028092392758406
2436,0.5340624382033925,0,1,0,587119,18491,92809,15147,0.1712827448219645,0.45029431000654024
2437,0.5340927562463402,181,216,181,587335,18275,92990,14966,0.1692819296750528,0.4502271291477392
2438,0.5341207324143535,4,4,4,587339,18271,92994,14962,0.1692448775427026,0.45021514759425874
2439,0.5341233402215356,7,10,7,587349,18261,93001,14955,0.16915224721182703,0.45023482658959535
2440,0.534177343147207,0,2,0,587351,18259,93001,14955,0.16913372114565192,0.4502619377370988
2441,0.5342692998281479,17,47,17,587398,18212,93018,14938,0.1686983585905369,0.4506184012066365
2442,0.5342711728964333,0,4,0,587402,18208,93018,14938,0.16866130645818667,0.4506727810293851
2443,0.5342890894410048,0,1,0,587403,18207,93018,14938,0.16865204342509912,0.45068637803590283
2444,0.534296832714843,83,85,83,587488,18122,93101,14855,0.16786468561265702,0.4504654759377748
2445,0.5343357916547979,1,4,1,587492,18118,93102,14854,0.1678276334803068,0.45050345747907317
2446,0.5343464766716468,0,1,0,587493,18117,93102,14854,0.16781837044721923,0.4505171211064269
2447,0.5343485138956429,2,11,2,587504,18106,93104,14852,0.16771647708325615,0.4506341404211421
2448,0.5343507997314819,1,1,1,587505,18105,93105,14851,0.16770721405016858,0.4506311445563782
2449,0.5343738966201744,0,3,0,587508,18102,93105,14851,0.16767942495090593,0.450672169453464
2450,0.5344059874586498,23,20,23,587528,18082,93128,14828,0.16749416428915484,0.4505621391674263
2451,0.5344282709858847,0,1,0,587529,18081,93128,14828,0.1674849012560673,0.4505758303199733
2452,0.5344485098351568,1,13,1,587542,18068,93129,14827,0.16736448182592908,0.45073719410244717
2453,0.534467870513741,6,12,6,587554,18056,93135,14821,0.16725332542887844,0.4508014721537853
2454,0.5344714286107572,3,2,3,587556,18054,93138,14818,0.16723479936270333,0.4507787782915551
2455,0.5344981891653848,9,25,9,587581,18029,93147,14809,0.16700322353551447,0.4509714355320056
2456,0.5345566582413936,4,8,4,587589,18021,93151,14805,0.16692911927081402,0.4510144397733504
2457,0.5345739774885303,78,108,78,587697,17913,93229,14727,0.16592871169735818,0.45119485294117645
2458,0.5345813436976437,2,0,2,587697,17913,93231,14725,0.16592871169735818,0.4511612231141614
2459,0.5345928390694636,89,122,89,587819,17791,93320,14636,0.16479862166067658,0.4513522681715854
2460,0.5346097974190018,1,3,1,587822,17788,93321,14635,0.16477083256141392,0.4513771088424884
2461,0.5346490411377997,0,2,0,587824,17786,93321,14635,0.1647523064952388,0.4514049535794701
2462,0.5346993257617125,6,9,6,587833,17777,93327,14629,0.16466893919745082,0.45142874776276
2463,0.5347029543015828,10,12,10,587845,17765,93337,14619,0.16455778280040018,0.4514266304347826
2464,0.5347342189555769,0,1,0,587846,17764,93337,14619,0.1645485197673126,0.45144057066979587
2465,0.5347477206618755,1,0,1,587846,17764,93338,14618,0.1645485197673126,0.45142363041195727
2466,0.5347585083600417,4,12,4,587858,17752,93342,14614,0.16443736337026196,0.45152320336155227
2467,0.5347714701377855,11,34,11,587892,17718,93353,14603,0.16412242024528512,0.4518115157328053
2468,0.5347841206038024,50,61,50,587953,17657,93403,14553,0.1635573752269443,0.4518162061471593
2469,0.5348065851360793,0,2,0,587955,17655,93403,14553,0.1635388491607692,0.45184426229508196
2470,0.5348225774324704,1,4,1,587959,17651,93404,14552,0.163501797028419,0.4518833649038909
2471,0.5348742719443627,1,4,1,587963,17647,93405,14551,0.16346474489606877,0.45192247965712157
2472,0.5348817166505525,6,13,6,587976,17634,93411,14545,0.16334432546593056,0.4520028590074272
2473,0.534931862017501,23,27,23,588003,17607,93434,14522,0.1630942235725666,0.4519904136449936
2474,0.5349498163773013,0,2,0,588005,17605,93434,14522,0.1630756975063915,0.4520185513742335
2475,0.5349640219527908,3,5,3,588010,17600,93437,14519,0.1630293823409537,0.4520377346741804
2476,0.5350034269339917,4,5,4,588015,17595,93441,14515,0.16298306717551594,0.45203986297103704
2477,0.5350436045762248,0,1,0,588016,17594,93441,14515,0.1629738041424284,0.45205394126257437
2478,0.5350568562063704,4,9,4,588025,17585,93445,14511,0.1628904368446404,0.4521124127617149
2479,0.5351285412363128,1,9,1,588034,17576,93446,14510,0.16280706954685242,0.4522221529639095
2480,0.5351635210699325,5,3,5,588037,17573,93451,14505,0.16277928044758977,0.4521790635326392
2481,0.5351855868588205,1,2,1,588039,17571,93452,14504,0.16276075438141466,0.4521901792673422
2482,0.5352423065958769,9,27,9,588066,17544,93461,14495,0.1625106524880507,0.45241736633477947
2483,0.5352442055248157,89,114,89,588180,17430,93550,14406,0.1614546667160695,0.4525065963060686
2484,0.5352494852874858,3,23,3,588203,17407,93553,14403,0.16124161695505576,0.45278214397988054
2485,0.5352579883012825,26,22,26,588225,17385,93579,14377,0.16103783022712956,0.45264781814747185
2486,0.5352817244202736,14,32,14,588257,17353,93593,14363,0.16074141316832782,0.45286290831126247
2487,0.5353246154758067,0,1,0,588258,17352,93593,14363,0.16073215013524028,0.4528771874507331
2488,0.5353403217424744,6,7,6,588265,17345,93599,14357,0.1606673089036274,0.45287363573276135
2489,0.535356433591408,2,3,2,588268,17342,93601,14355,0.16063951980436475,0.45288197621225984
2490,0.5354862975446018,4,12,4,588280,17330,93605,14351,0.16052836340731408,0.45298443862251825
2491,0.5355484092425808,2,1,2,588281,17329,93607,14349,0.16051910037422654,0.45296420228549783
2492,0.535646610767221,3,8,3,588289,17321,93610,14346,0.16044499610952612,0.4530268102441027
2493,0.5356946969507346,61,67,61,588356,17254,93671,14285,0.15982437289265997,0.4529312914169758
2494,0.5357047405698421,8,7,8,588363,17247,93679,14277,0.1597595316610471,0.45289303387894936
2495,0.5357087795857896,8,14,8,588377,17233,93687,14269,0.15962984919782133,0.4529553679131484
2496,0.5357155691881743,19,14,19,588391,17219,93706,14250,0.15950016673459558,0.4528265912485303
2497,0.5357322717904239,85,128,85,588519,17091,93791,14165,0.15831449849938864,0.4531929869465063
2498,0.5357526036687135,14,13,14,588532,17078,93805,14151,0.15819407906925043,0.4531365077331967
2499,0.5357582606825531,1,3,1,588535,17075,93806,14150,0.15816628996998777,0.45316253002401924
2500,0.5357741395219613,9,26,9,588561,17049,93815,14141,0.15792545110971137,0.45338249438922734
2501,0.5357856284276903,13,17,13,588578,17032,93828,14128,0.15776797954722294,0.4534017971758665
2502,0.5358144668106295,1,2,1,588580,17030,93829,14127,0.15774945348104782,0.4534133581538659
2503,0.5358403300023934,7,9,7,588589,17021,93836,14120,0.15766608618325983,0.45342153431167914
2504,0.5358423676235704,37,45,37,588634,16976,93873,14083,0.15724924969431991,0.4534273479506745
2505,0.5358661132566531,1,2,1,588636,16974,93874,14082,0.1572307236281448,0.4534389489953632
2506,0.535867140150817,0,3,0,588639,16971,93874,14082,0.15720293452888215,0.453482755289344
2507,0.5359724070300802,102,68,102,588707,16903,93976,13980,0.15657304827892846,0.45267622964090276
2508,0.5359886139356244,9,18,9,588725,16885,93985,13971,0.15640631368335248,0.452780658542909
2509,0.5360341104743538,5,12,5,588737,16873,93990,13966,0.15629515728630183,0.4528681215344207
2510,0.5360554743385364,1,1,1,588738,16872,93991,13965,0.15628589425321426,0.45286506469500926
2511,0.5360787778354158,101,89,101,588827,16783,94092,13864,0.15546148430842194,0.45237706790224164
2512,0.5361560399200556,1,0,1,588827,16783,94093,13863,0.15546148430842194,0.4523591985903544
2513,0.5361669557292272,0,5,0,588832,16778,94093,13863,0.15541516914298417,0.4524330145882967
2514,0.5361829020700422,1,1,1,588833,16777,94094,13862,0.15540590610989663,0.45242990959234963
2515,0.5362298187112671,6,14,6,588847,16763,94100,13856,0.15527622364667087,0.4525294751624808
2516,0.5362428620057347,23,35,23,588882,16728,94123,13833,0.15495201748860646,0.452635712182193
2517,0.5362440743218442,84,117,84,588999,16611,94207,13749,0.15386824261736262,0.45286561264822134
2518,0.5362526442879311,92,100,92,589099,16511,94299,13657,0.15294193930860722,0.45269822328294884
2519,0.5362539088101965,2,13,2,589112,16498,94301,13655,0.152821519878469,0.4528570954797201
2520,0.5362774530002639,46,96,46,589208,16402,94347,13609,0.1519322687020638,0.45346706207723836
2521,0.5363692169305946,48,74,48,589282,16328,94395,13561,0.1512468042535848,0.4537120679848774
2522,0.5364096828833191,0,3,0,589285,16325,94395,13561,0.15121901515432212,0.453757612259921
2523,0.5364187258909852,20,29,20,589314,16296,94415,13541,0.15095038719478307,0.45383248986158126
2524,0.5364631130186635,92,74,92,589388,16222,94507,13449,0.15026492274630404,0.45327087054699877
2525,0.5364748833169204,1,2,1,589390,16220,94508,13448,0.15024639668012893,0.4532829985169206
2526,0.5364777924523045,54,110,54,589500,16110,94562,13394,0.14922746304049797,0.4539723427331887
2527,0.5365973072939524,1,3,1,589503,16107,94563,13393,0.14919967394123532,0.454
2528,0.5366526257732352,115,200,115,589703,15907,94678,13278,0.1473470673237245,0.4549597395922563
2529,0.5366996146998997,52,104,52,589807,15803,94730,13226,0.14638371188261884,0.4556133521650763
2530,0.5367487493572478,5,12,5,589819,15791,94735,13221,0.1462725554855682,0.4557079829036261
2531,0.5367498733629803,94,95,94,589914,15696,94829,13127,0.14539256734225053,0.455434895742983
2532,0.5368770001227312,2,9,2,589923,15687,94831,13125,0.14530920004446257,0.4555393586005831
2533,0.536880924481826,2,9,2,589932,15678,94833,13123,0.14522583274667458,0.4556439012534287
2534,0.5368837174467923,1,1,1,589933,15677,94834,13122,0.145216569713587,0.4556408208618355
2535,0.5369288496698512,33,44,33,589977,15633,94867,13089,0.14480899625773463,0.45571339043242115
2536,0.5370131195867216,6,13,6,589990,15620,94873,13083,0.14468857682759642,0.4558060133087134
2537,0.537113496474812,8,11,8,590001,15609,94881,13075,0.14458668346363332,0.4558290336075861
2538,0.5371285059412332,44,40,44,590041,15569,94925,13031,0.14421616214013117,0.45562937062937064
2539,0.5371570644478463,1,0,1,590041,15569,94926,13030,0.14421616214013117,0.45561033602573514
2540,0.537237486826491,94,142,94,590183,15427,95020,12936,0.14290081144169847,0.4560871558015725
2541,0.5372583571129433,0,3,0,590186,15424,95020,12936,0.14287302234243582,0.4561354019746121
2542,0.5373658202732627,20,22,20,590208,15402,95040,12916,0.14266923561450962,0.45610565717917934
2543,0.5374480803166167,1,1,1,590209,15401,95041,12915,0.14265997258142207,0.4561025568583133
2544,0.5375133109086052,0,1,0,590210,15400,95041,12915,0.1426507095483345,0.4561186650185414
2545,0.537542699651079,4,6,4,590216,15394,95045,12911,0.14259513134980917,0.4561384914326091
2546,0.5375608129710399,1,3,1,590219,15391,95046,12910,0.1425673422505465,0.45616762658563303
2547,0.5376214947265288,38,46,38,590265,15345,95084,12872,0.14214124272851902,0.45617889924513594
2548,0.537637889077572,11,25,11,590290,15320,95095,12861,0.14190966690133017,0.4563713140058905
2549,0.5376518164198919,2,2,2,590292,15318,95097,12859,0.14189114083515506,0.45636512048834155
2550,0.5376663374809721,2,3,2,590295,15315,95099,12857,0.1418633517358924,0.4563751242368309
2551,0.5378085001740623,163,368,163,590663,14947,95262,12694,0.13845455555967245,0.45924532397525414
2552,0.5378285934621945,102,241,102,590904,14706,95364,12592,0.1362221645855719,0.4612792145944758
2553,0.5378747717386301,0,2,0,590906,14704,95364,12592,0.1362036385193968,0.46131301289566234
2554,0.5379178298865146,16,25,16,590931,14679,95380,12576,0.13597206269220793,0.46141992294991746
2555,0.5379224448800927,31,43,31,590974,14636,95411,12545,0.1355737522694431,0.46153563150730287
2556,0.5380203273098139,83,207,83,591181,14429,95494,12462,0.1336563044203194,0.46342642519802163
2557,0.5380366273850135,0,1,0,591182,14428,95494,12462,0.13364704138723182,0.4634436593529193
2558,0.5380618706818906,42,46,42,591228,14382,95536,12420,0.13322094186520433,0.4633982538616521
2559,0.5380618785501821,7,3,7,591231,14379,95543,12413,0.13319315276594168,0.46330994326664676
2560,0.5380833566151477,1,1,1,591232,14378,95544,12412,0.13318388973285414,0.4633072041806644
2561,0.5380844060622342,3,5,3,591237,14373,95547,12409,0.13313757456741634,0.4633335822567396
2562,0.5380866654203722,113,213,113,591450,14160,95660,12296,0.1311645485197673,0.4647716964015724
2563,0.5382583449017924,9,13,9,591463,14147,95669,12287,0.13104412908962912,0.46481803737610655
2564,0.5383062166934869,17,28,17,591491,14119,95686,12270,0.13078476416317758,0.4649664632991019
2565,0.5383596641325644,105,226,105,591717,13893,95791,12165,0.12869131868539035,0.46684319594750173
2566,0.5384095748429856,0,1,0,591718,13892,95791,12165,0.12868205565230278,0.4668611121771501
2567,0.5384099018774658,34,39,34,591757,13853,95825,12131,0.12832079736188817,0.46686422413793105
2568,0.5384735521559391,4,7,4,591764,13846,95829,12127,0.1282559561302753,0.4669079428637431
2569,0.5385778900032296,12,20,12,591784,13826,95841,12115,0.1280706954685242,0.46702131760533516
2570,0.5385968981151157,50,79,50,591863,13747,95891,12065,0.12733891585460744,0.46741825507515883
2571,0.5386571198184632,1,1,1,591864,13746,95892,12064,0.12732965282151987,0.46741573033707867
2572,0.5387433623573503,0,2,0,591866,13744,95892,12064,0.12731112675534478,0.46745195288282704
2573,0.5388370344258491,10,10,10,591876,13734,95902,12054,0.12721849642446922,0.46742671009771986
2574,0.5389568263243494,3,11,3,591887,13723,95905,12051,0.12711660306050612,0.4675642119965857
2575,0.5390103541084896,50,98,50,591985,13625,95955,12001,0.12620882581792583,0.4683134316709592
2576,0.5390254081233579,2,4,2,591989,13621,95957,11999,0.1261717736855756,0.46834504293520685
2577,0.5390888367276667,51,75,51,592064,13546,96008,11948,0.12547704620400904,0.46865929238252135
2578,0.5392968879651211,14,22,14,592086,13524,96022,11934,0.12527325947608284,0.46877209521564933
2579,0.5393525111891357,0,1,0,592087,13523,96022,11934,0.1252639964429953,0.46879050948658524
2580,0.5393973696593831,1,2,1,592089,13521,96023,11933,0.12524547037682018,0.46880647442445195
2581,0.5394164075243887,0,1,0,592090,13520,96023,11933,0.12523620734373264,0.4688248929399285
2582,0.5394462252905299,0,2,0,592092,13518,96023,11933,0.12521768127755753,0.4688617343129936
2583,0.5395017063595231,41,66,41,592158,13452,96064,11892,0.12460632109377895,0.46922348484848486
2584,0.539533299910682,42,68,42,592226,13384,96106,11850,0.12397643484382526,0.46960450186256636
2585,0.5395373924233672,14,27,14,592253,13357,96120,11836,0.1237263329504613,0.46981304330568013
2586,0.5395895120630587,0,1,0,592254,13356,96120,11836,0.12371706991737375,0.46983169260082563
2587,0.539602661100166,2,7,2,592261,13349,96122,11834,0.12365222868576087,0.4699201842512806
2588,0.5396806655081345,324,521,324,592782,12828,96446,11510,0.11882618844714514,0.4729230010682883
2589,0.5397239631951838,307,472,307,593254,12356,96753,11203,0.11445403682981956,0.4755295216265546
2590,0.5397778259599868,0,4,0,593258,12352,96753,11203,0.11441698469746935,0.4756102738272129
2591,0.539831360633922,2,6,2,593264,12346,96755,11201,0.11436140649894401,0.47568692402429186
2592,0.5399662985783303,310,489,310,593753,11857,97065,10891,0.10983178331913002,0.47876736416388255
2593,0.5399910740417173,29,44,29,593797,11813,97094,10862,0.10942420986327764,0.4790297684674752
2594,0.5400361643408104,2,2,2,593799,11811,97096,10860,0.10940568379710253,0.4790260685457192
2595,0.5400792360449541,24,50,24,593849,11761,97120,10836,0.10894253214272481,0.47953268132938
2596,0.5401241848361854,1,3,1,593852,11758,97121,10835,0.10891474304346214,0.47957331916965434
2597,0.5401613873949058,27,54,27,593906,11704,97148,10808,0.10841453925673422,0.48009950248756217
2598,0.5401984765256425,1,0,1,593906,11704,97149,10807,0.10841453925673422,0.48007640708986715
2599,0.5402015480365524,0,1,0,593907,11703,97149,10807,0.10840527622364667,0.4800977343402932
2600,0.540255180319041,345,486,345,594393,11217,97494,10462,0.10390344214309534,0.48258683518612483
2601,0.5402951664732625,0,1,0,594394,11216,97494,10462,0.10389417911000778,0.4826090967801458
2602,0.5403697682437302,0,1,0,594395,11215,97494,10462,0.10388491607692023,0.4826313604281035
2603,0.5404033974277105,39,61,39,594456,11154,97533,10423,0.10331987105857943,0.483060666450387
2604,0.5404791983620469,35,50,35,594506,11104,97568,10388,0.10285671940420171,0.4833426391215336
2605,0.5405293846102863,330,525,330,595031,10579,97898,10058,0.09799362703323576,0.48737704123661385
2606,0.5405404703624528,17,27,17,595058,10552,97915,10041,0.0977435251398718,0.48759287136405577
2607,0.5405488553570624,0,1,0,595059,10551,97915,10041,0.09773426210678425,0.48761655011655014
2608,0.5405670962101675,0,1,0,595060,10550,97915,10041,0.0977249990736967,0.4876402311689573
2609,0.5406139340973692,7,26,7,595086,10524,97922,10034,0.09748416021342028,0.4880824982974998
2610,0.5406563795616948,6,25,6,595111,10499,97928,10028,0.09725258438623142,0.48852730550007306
2611,0.540659980702988,0,1,0,595112,10498,97928,10028,0.09724332135314387,0.48855110591444995
2612,0.5407910280022324,2,2,2,595114,10496,97930,10026,0.09722479528696877,0.4885488743787155
2613,0.5408261630310156,8,23,8,595137,10473,97938,10018,0.09701174552595501,0.48889756478453955
2614,0.5408379511384828,1,3,1,595140,10470,97939,10017,0.09698395642669236,0.48894420852247766
2615,0.5408787256485704,26,69,26,595209,10401,97965,9991,0.09634480714365112,0.48994703805413886
2616,0.5410097505900671,2,6,2,595215,10395,97967,9989,0.09628922894512579,0.49004120879120877
2617,0.5410844092822976,1,0,1,595215,10395,97968,9988,0.09628922894512579,0.4900161899622234
2618,0.5411515066037367,0,1,0,595216,10394,97968,9988,0.09627996591203823,0.49004023157688154
2619,0.5412216494456646,33,70,33,595286,10324,98001,9955,0.09563155359590944,0.4909019182405444
2620,0.5414450172786005,0,1,0,595287,10323,98001,9955,0.09562229056282188,0.4909261268369662
2621,0.5414805893532633,4,13,4,595300,10310,98005,9951,0.09550187113268369,0.4911406149745817
2622,0.5415579129281525,2,13,2,595313,10297,98007,9949,0.09538145170254549,0.49140570976983106
2623,0.5415815955415493,0,2,0,595315,10295,98007,9949,0.09536292563637037,0.4914542580517684
2624,0.5416190258263521,3,8,3,595323,10287,98010,9946,0.09528882137166994,0.49157317253991006
2625,0.5416200201397368,7,16,7,595339,10271,98017,9939,0.09514061284226907,0.49178624443344876
2626,0.5416302458484801,21,15,21,595354,10256,98038,9918,0.09500166734595576,0.49162288093585804
2627,0.5416502080911603,50,32,50,595386,10224,98088,9868,0.09470525028715403,0.49114075253832373
2628,0.5416691509988444,1,2,1,595388,10222,98089,9867,0.09468672422097892,0.4911643187814227
2629,0.5417127698947588,27,44,27,595432,10178,98116,9840,0.09427915076512654,0.4915575981616545
2630,0.5417489839546162,4,3,4,595435,10175,98120,9836,0.09425136166586387,0.49152965868772175
2631,0.5417734236988453,26,71,26,595506,10104,98146,9810,0.09359368631664752,0.4926182585115999
2632,0.5417797610553257,0,1,0,595507,10103,98146,9810,0.09358442328355997,0.49264299703711145
2633,0.5417981829766654,2,11,2,595518,10092,98148,9808,0.09348252991959688,0.4928643216080402
2634,0.541817533213568,1,4,1,595522,10088,98149,9807,0.09344547778724666,0.49293792410153303
2635,0.5418185095924024,0,1,0,595523,10087,98149,9807,0.0934362147541591,0.4929627023223082
2636,0.5419279295143602,1,0,1,595523,10087,98150,9806,0.0934362147541591,0.49293721409541047
2637,0.5419882335994742,9,4,9,595527,10083,98159,9797,0.09339916262180889,0.49280684104627764
2638,0.5420380065620859,44,34,44,595561,10049,98203,9753,0.09308421949683204,0.4925260074739925
2639,0.5420655348736889,9,14,9,595575,10035,98212,9744,0.09295453703360629,0.49264371302897014
2640,0.5420773222116859,0,1,0,595576,10034,98212,9744,0.09294527400051873,0.49266862170087977
2641,0.5421372520157595,6,7,6,595583,10027,98218,9738,0.09288043276890585,0.49268909688843915
2642,0.5421606989684509,1,0,1,595583,10027,98219,9737,0.09288043276890585,0.4926634284557782
2643,0.5421874146196256,31,57,31,595640,9970,98250,9706,0.09235243988291526,0.49329131937385645
2644,0.5421936139355795,35,71,35,595711,9899,98285,9671,0.09169476453369892,0.4941747572815534
2645,0.5422011169394938,8,14,8,595725,9885,98293,9663,0.09156508207047316,0.49432166973603436
2646,0.542241644181386,7,5,7,595730,9880,98300,9656,0.09151876690503538,0.4942669942669943
2647,0.5424510241578886,4,15,4,595745,9865,98304,9652,0.09137982140872207,0.49454321873238716
2648,0.5424757866124565,2,5,2,595750,9860,98306,9650,0.0913335062432843,0.4946181445412609
2649,0.5425922761530456,2,7,2,595757,9853,98308,9648,0.09126866501167143,0.49474385928926723
2650,0.5425993526408001,1,2,1,595759,9851,98309,9647,0.09125013894549631,0.4947686942250487
2651,0.5426959384746595,28,34,28,595793,9817,98337,9619,0.09093519582051947,0.49490635933319616
2652,0.542714396835089,3,3,3,595796,9814,98340,9616,0.09090740672125681,0.49490478641276375
2653,0.5427207062024766,1,0,1,595796,9814,98341,9615,0.09090740672125681,0.49487878943846825
2654,0.5427338529936458,0,3,0,595799,9811,98341,9615,0.09087961762199415,0.4949552146607639
2655,0.5427444510849908,0,5,0,595804,9806,98341,9615,0.09083330245655638,0.4950826425003862
2656,0.54277008169373,4,9,4,595813,9797,98345,9611,0.09074993515876839,0.4952081615828524
2657,0.5428210514061709,21,26,21,595839,9771,98366,9590,0.09050909629849198,0.4953256546665978
2658,0.5428275549633274,8,30,8,595869,9741,98374,9582,0.09023120530586536,0.495885732029188
2659,0.5428718453801873,2,1,2,595870,9740,98376,9580,0.0902219422727778,0.49585921325051757
2660,0.5428725002441506,2,2,2,595872,9738,98378,9578,0.09020341620660269,0.4958583557672396
2661,0.5428889281016434,0,2,0,595874,9736,98378,9578,0.09018489014042758,0.4959097028062545
2662,0.5429390748477555,12,20,12,595894,9716,98390,9566,0.0899996294786765,0.4961103619956436
2663,0.5429559089471729,0,1,0,595895,9715,98390,9566,0.08999036644558894,0.49613609252632124
2664,0.5429940459764533,0,1,0,595896,9714,98390,9566,0.08998110341250139,0.4961618257261411
2665,0.5430011039839879,44,39,44,595935,9675,98434,9522,0.08961984512208677,0.4960150023441163
2666,0.5430063264508347,0,1,0,595936,9674,98434,9522,0.08961058208899922,0.49604084184205044
2667,0.5431169572663455,38,49,38,595985,9625,98472,9484,0.08915669346770906,0.4963106389659323
2668,0.543141711133572,3,4,3,595989,9621,98475,9481,0.08911964133535885,0.4963354622552612
2669,0.5431835822597575,2,7,2,595996,9614,98477,9479,0.08905480010374597,0.49646467291677576
2670,0.5432019294613111,2,1,2,595997,9613,98479,9477,0.08904553707065842,0.4964379256155055
2671,0.5432321021795109,0,2,0,595999,9611,98479,9477,0.0890270110044833,0.4964899413243923
2672,0.5432512690912668,1,4,1,596003,9607,98480,9476,0.0889899588721331,0.49656762563538226
2673,0.5432724858621836,2,4,2,596007,9603,98482,9474,0.08895290673978287,0.4966189652461079
2674,0.5433074738868873,11,16,11,596023,9587,98493,9463,0.088804698210382,0.496745406824147
2675,0.5433449749409023,50,38,50,596061,9549,98543,9413,0.08845270295305495,0.49641388039236367
2676,0.5433611916447805,36,61,36,596122,9488,98579,9377,0.08788765793471415,0.4970580439968195
2677,0.5433772672168641,21,25,21,596147,9463,98600,9356,0.08765608210752529,0.4971571284340294
2678,0.5434364300256413,2,2,2,596149,9461,98602,9354,0.08763755604135018,0.49715652404996014
2679,0.5434941636899893,5,9,5,596158,9452,98607,9349,0.08755418874356219,0.497260784000851
2680,0.5436159911843177,3,0,3,596158,9452,98610,9346,0.08755418874356219,0.49718055112245985
2681,0.5436592995195006,3,4,3,596162,9448,98613,9343,0.08751713661121198,0.4972061093076473
2682,0.5437094432730586,40,50,40,596212,9398,98653,9303,0.08705398495683427,0.4974600288754612
2683,0.543714421879744,35,35,35,596247,9363,98688,9268,0.08672977879876986,0.4974504857495572
2684,0.5437592667240333,1,1,1,596248,9362,98689,9267,0.08672051576568232,0.4974502120349992
2685,0.5437637597836458,21,21,21,596269,9341,98710,9246,0.08652599207084367,0.4974444504223382
2686,0.5438437320939958,14,18,14,596287,9323,98724,9232,0.0863592574752677,0.49754783077337644
2687,0.5439770724078089,23,25,23,596312,9298,98747,9209,0.08612768164807885,0.4975955044037391
2688,0.5440882174350488,5,15,5,596327,9283,98752,9204,0.08598873615176554,0.4978633634445827
2689,0.5441172473293622,1,7,1,596334,9276,98753,9203,0.08592389492015265,0.4980247848909573
2690,0.5441942100995572,0,2,0,596336,9274,98753,9203,0.08590536885397755,0.4980786924284245
2691,0.544212328364152,7,16,7,596352,9258,98760,9196,0.08575716032457668,0.49832014739351904
2692,0.544237871779682,2,2,2,596354,9256,98762,9194,0.08573863425840157,0.498319783197832
2693,0.5442443499004793,24,31,24,596385,9225,98786,9170,0.0854514802326874,0.4985050285403642
2694,0.5442845205510787,76,87,76,596472,9138,98862,9094,0.08464559635407018,0.4987933304080737
2695,0.5443638646358382,0,1,0,596473,9137,98862,9094,0.08463633332098262,0.49882069003345947
2696,0.544366248231786,4,17,4,596490,9120,98866,9090,0.0844788617584942,0.49917627677100496
2697,0.5443766092745899,114,116,114,596606,9004,98980,8976,0.08340434992033792,0.49922135706340376
2698,0.5443876907102654,49,45,49,596651,8959,99029,8927,0.08298751343139797,0.49910544559991055
2699,0.5444224818345332,9,11,9,596662,8948,99038,8918,0.08288562006743488,0.499160416433449
2700,0.5444572152087465,16,15,16,596677,8933,99054,8902,0.08274667457112157,0.4991309223437062
2701,0.5444957339071534,36,42,36,596719,8891,99090,8866,0.08235762718144429,0.49929605226108015
2702,0.5445823865086779,38,30,38,596749,8861,99128,8828,0.08207973618881767,0.4990672169144666
2703,0.5446142910705772,0,1,0,596750,8860,99128,8828,0.08207047315573011,0.49909543193125283
2704,0.544618067214678,127,140,127,596890,8720,99255,8701,0.08077364852347253,0.49945468113196717
2705,0.5446189429978423,126,132,126,597022,8588,99381,8575,0.07955092815591537,0.49962127833129405
2706,0.544759695702218,33,42,33,597064,8546,99414,8542,0.07916188076623809,0.49988295880149813
2707,0.5447743744268637,121,108,121,597172,8438,99535,8421,0.07816147319278224,0.49949581825731065
2708,0.544893393368503,2,0,2,597172,8438,99537,8419,0.07816147319278224,0.49943643590199915
2709,0.5450402105741585,138,137,138,597309,8301,99675,8281,0.07689243765978732,0.4993969364371005
2710,0.5451887085085672,8,10,8,597319,8291,99683,8273,0.07679980732891178,0.4994566529823714
2711,0.5451894488760924,6,10,6,597329,8281,99689,8267,0.07670717699803624,0.49957698815566837
2712,0.5452531585973112,16,20,16,597349,8261,99705,8251,0.07652191633628515,0.49969718992248063
2713,0.5453664700062808,7,7,7,597356,8254,99712,8244,0.07645707510467227,0.4996969329615711
2714,0.5454235626890547,178,164,178,597520,8090,99890,8066,0.07493793767831339,0.4992572418915573
2715,0.5454374761483065,35,38,35,597558,8052,99925,8031,0.07458594242098633,0.49934713672822234
2716,0.545523773630124,0,1,0,597559,8051,99925,8031,0.07457667938789878,0.4993781867926875
2717,0.5457442862054136,174,163,174,597722,7888,100099,7857,0.07306680499462744,0.49901556049539536
2718,0.5457817683705948,1,3,1,597725,7885,100100,7856,0.07303901589536478,0.49907883870148023
2719,0.545888210136022,6,1,6,597726,7884,100106,7850,0.07302975286227723,0.4989195373077412
2720,0.546034161452554,19,31,19,597757,7853,100125,7831,0.07274259883656305,0.49929864830400406
2721,0.5460377892920809,21,32,21,597789,7821,100146,7810,0.07244618177776131,0.4996481351161154
2722,0.546192038307148,19,25,19,597814,7796,100165,7791,0.07221460595057246,0.49983960993135307
2723,0.5463419567636498,3,1,3,597815,7795,100168,7788,0.0722053429174849,0.49977539626516077
2724,0.5464152750361867,22,28,22,597843,7767,100190,7766,0.07194597799103339,0.4999678104680358
2725,0.5465522226486539,2,0,2,597843,7767,100192,7764,0.07194597799103339,0.4999034189685146
2726,0.5466686209502075,8,6,8,597849,7761,100200,7756,0.07189039979250805,0.49983888638267704
2727,0.5467846158994727,158,194,158,598043,7567,100358,7598,0.07009337137352255,0.5010220903395978
2728,0.5469493112752228,6,8,6,598051,7559,100364,7592,0.07001926710882211,0.5010890370272589
2729,0.547078585253925,5,14,5,598065,7545,100369,7587,0.06988958464559636,0.5013877874702617
2730,0.5473069466093534,167,194,167,598259,7351,100536,7420,0.06809255622661084,0.5023356577076704
2731,0.5475475888013517,9,18,9,598277,7333,100545,7411,0.06792582163103486,0.5026451437873033
2732,0.5478288829201574,2,7,2,598284,7326,100547,7409,0.06786098039942198,0.5028164234815066
2733,0.5479684037995342,0,4,0,598288,7322,100547,7409,0.06782392826707177,0.5029529563505533
2734,0.5480255422996034,609,653,609,598941,6669,101156,6800,0.06177516766089888,0.5048630187838741
2735,0.5480873574235389,498,480,498,599421,6189,101654,6302,0.05732891177887287,0.5045232567448563
2736,0.5480911127647424,492,490,492,599911,5699,102146,5810,0.05279002556597132,0.5048223129724564
2737,0.5482056520968257,0,1,0,599912,5698,102146,5810,0.05278076253288377,0.5048661800486618
2738,0.5482235798357316,2,3,2,599915,5695,102148,5808,0.052752973433621106,0.5049117621490046
2739,0.5482386865344481,7,19,7,599934,5676,102155,5801,0.05257697580495758,0.5054456739566089
2740,0.5483595134793189,2,5,2,599939,5671,102157,5799,0.052530660639519805,0.5055797733217088
2741,0.548363947722317,468,504,468,600443,5167,102625,5331,0.04786209196339249,0.5078110116212612
2742,0.5483995794614979,3,5,3,600448,5162,102628,5328,0.04781577679795472,0.5079122974261201
2743,0.5484032819577893,1,2,1,600450,5160,102629,5327,0.047797250731779616,0.507962238962525
2744,0.5484685316505027,16,14,16,600464,5146,102645,5311,0.04766756826855385,0.5078894520416946
2745,0.5484772526980644,0,4,0,600468,5142,102645,5311,0.047630516136203636,0.5080838036927198
2746,0.5485288447104432,541,494,541,600962,4648,103186,4770,0.04305457779095187,0.5064769590146528
2747,0.548597667459312,17,23,17,600985,4625,103203,4753,0.042841528029938125,0.5068244828321604
2748,0.5488089412931068,2,3,2,600988,4622,103205,4751,0.04281373893067546,0.5068814680465166
2749,0.548843601392133,12,19,12,601007,4603,103217,4739,0.04263774130201193,0.5072789552558339
2750,0.5488628044549462,1,0,1,601007,4603,103218,4738,0.04263774130201193,0.5072262070442137
2751,0.5488682736704883,0,1,0,601008,4602,103218,4738,0.04262847826892437,0.5072805139186296
2752,0.5488885564352455,12,22,12,601030,4580,103230,4726,0.042424691540998184,0.5078444014614227
2753,0.5489914585455953,3,1,3,601031,4579,103233,4723,0.04241542850791063,0.5077402709094818
2754,0.5490048025079652,0,1,0,601032,4578,103233,4723,0.04240616547482308,0.5077948607676593
2755,0.5490435877191295,1,1,1,601033,4577,103234,4722,0.04239690244173552,0.5077965372620712
2756,0.5491316846011158,5,11,5,601044,4566,103239,4717,0.04229500907777243,0.5081331466120866
2757,0.5491768775383983,34,74,34,601118,4492,103273,4683,0.041609544629293414,0.510408719346049
2758,0.5493507172497956,4,8,4,601126,4484,103277,4679,0.04153544036459298,0.5106406198843174
2759,0.5493974925536059,1,0,1,601126,4484,103278,4678,0.04153544036459298,0.5105872080331805
2760,0.5496236792073758,28,54,28,601180,4430,103306,4650,0.04103523657786506,0.512114537444934
2761,0.549721070500478,1,4,1,601184,4426,103307,4649,0.04099818444551484,0.5122865013774105
2762,0.5498172518000521,29,58,29,601242,4368,103336,4620,0.04046092852643669,0.514018691588785
2763,0.5498203167128558,6,5,6,601247,4363,103342,4614,0.04041461336099893,0.5139801715495155
2764,0.549857629225551,1,5,1,601252,4358,103343,4613,0.040368298195561154,0.514212462378776
2765,0.5498668076680979,13,24,13,601276,4334,103356,4600,0.040145985401459854,0.514886948735169
2766,0.549892927146305,34,51,34,601327,4283,103390,4566,0.03967357071399459,0.5159905074019663
2767,0.5499263098690491,54,51,54,601378,4232,103444,4512,0.03920115602652933,0.5160109789569991
2768,0.5500157235463881,1,1,1,601379,4231,103445,4511,0.03919189299344177,0.5160146419583619
2769,0.5500311928064682,1,0,1,601379,4231,103446,4510,0.03919189299344177,0.5159592723944629
2770,0.5500740337612016,1,3,1,601382,4228,103447,4509,0.03916410389417911,0.5160810346800961
2771,0.5500746912464511,3,3,3,601385,4225,103450,4506,0.03913631479491645,0.5160920856717444
2772,0.550118613957373,0,1,0,601386,4224,103450,4506,0.039127051761828895,0.516151202749141
2773,0.5501349368687871,1,0,1,601386,4224,103451,4505,0.039127051761828895,0.5160957727116509
2774,0.5501820272200416,35,53,35,601439,4171,103486,4470,0.03863611100818852,0.5173012382826062
2775,0.5502776996282637,0,2,0,601441,4169,103486,4470,0.038617584942013415,0.5174209978006714
2776,0.550284796021571,5,9,5,601450,4160,103491,4465,0.038534217644225426,0.5176811594202898
2777,0.550296501693752,0,2,0,601452,4158,103491,4465,0.038515691578050314,0.5178012292705555
2778,0.550360071605543,9,11,9,601463,4147,103500,4456,0.03841379821408722,0.5179588515634082
2779,0.5504493112231954,0,1,0,601464,4146,103500,4456,0.03840453518099966,0.5180190653336434
2780,0.5504877460061386,28,50,28,601514,4096,103528,4428,0.037941383526621957,0.5194744251525105
2781,0.5505356227021607,1,1,1,601515,4095,103529,4427,0.0379321204935344,0.5194789955409528
2782,0.5505421285173047,56,56,56,601571,4039,103585,4371,0.037413390640631365,0.5197384066587396
2783,0.550568488932355,4,4,4,601575,4035,103589,4367,0.03737633850828115,0.519757200666508
2784,0.550573034651878,1,0,1,601575,4035,103590,4366,0.03737633850828115,0.5197000357100345
2785,0.5506000981300481,8,3,8,601578,4032,103598,4358,0.03734854940901849,0.5194278903456496
2786,0.5507610340661502,1,0,1,601578,4032,103599,4357,0.03734854940901849,0.5193706043628561
2787,0.5507999275629654,1,2,1,601580,4030,103600,4356,0.03733002334284338,0.5194371571667065
2788,0.5508126430663663,11,12,11,601592,4018,103611,4345,0.03721886694579273,0.5195504005739567
2789,0.5508607496573057,1,2,1,601594,4016,103612,4344,0.03720034087961762,0.5196172248803828
2790,0.5509286640776031,5,3,5,601597,4013,103617,4339,0.03717255178035496,0.5195162835249042
2791,0.5509314395950052,5,4,5,601601,4009,103622,4334,0.03713549964800474,0.5194774062087978
2792,0.5509419511890565,2,1,2,601602,4008,103624,4332,0.03712623661491719,0.5194244604316547
2793,0.5509446369548374,0,3,0,601605,4005,103624,4332,0.037098447515654526,0.5196113709967615
2794,0.5509770227956441,20,18,20,601623,3987,103644,4312,0.036931712920078553,0.519580672370165
2795,0.5509933646116555,8,10,8,601633,3977,103652,4304,0.03683908258920301,0.5197439922714648
2796,0.551113228754539,24,18,24,601651,3959,103676,4280,0.036672347993627036,0.5194805194805194
2797,0.551137208253845,47,56,47,601707,3903,103723,4233,0.036153618140724,0.5202802359882006
2798,0.5511996148808509,2,4,2,601711,3899,103725,4231,0.036116566008373784,0.5204182041820418
2799,0.5512323624192241,17,27,17,601738,3872,103742,4214,0.03586646411500982,0.5211476626267623
2800,0.5513014106617328,1,1,1,601739,3871,103743,4213,0.035857201081922266,0.5211528946066304
2801,0.5513519110265145,2,3,2,601742,3868,103745,4211,0.035829411982659605,0.5212278747369724
2802,0.5513874127526747,0,2,0,601744,3866,103745,4211,0.03581088591648449,0.5213569394577194
2803,0.5514444819414704,8,20,8,601764,3846,103753,4203,0.03562562525473341,0.522176667909057
2804,0.551579451762261,2,1,2,601765,3845,103755,4201,0.03561636222164585,0.5221227939348745
2805,0.5515932168122075,3,1,3,601766,3844,103758,4198,0.035607099188558304,0.5220094503854763
2806,0.551618020928579,0,2,0,601768,3842,103758,4198,0.03558857312238319,0.5221393034825871
2807,0.5516377146685126,0,1,0,601769,3841,103758,4198,0.035579310089295636,0.5222042542604801
2808,0.551699441220274,14,25,14,601794,3816,103772,4184,0.035347734262106786,0.523
2809,0.5517564886651091,21,33,21,601827,3783,103793,4163,0.035042054170217496,0.5239114019632519
2810,0.5517725370327913,11,12,11,601839,3771,103804,4152,0.034930897773166845,0.5240439227565317
2811,0.5518236800100502,167,135,167,601974,3636,103971,3985,0.03368038830634703,0.5228972575777457
2812,0.5518619663597345,10,9,10,601983,3627,103981,3975,0.03359702100855904,0.5228887134964483
2813,0.5519791843219519,0,1,0,601984,3626,103981,3975,0.03358775797547149,0.5229575055913696
2814,0.5519794947142619,2,5,2,601989,3621,103983,3973,0.03354144281003372,0.5231761917303134
2815,0.551989747212762,47,35,47,602024,3586,104030,3926,0.03321723665196932,0.5226304579339723
2816,0.5520098222254215,1,2,1,602026,3584,104031,3925,0.03319871058579421,0.5227060860300972
2817,0.5521059848880363,1,1,1,602027,3583,104032,3924,0.033189447552706655,0.522712135340349
2818,0.5521759115833657,156,127,156,602154,3456,104188,3768,0.03201304235058727,0.521594684385382
2819,0.5522006009880849,4,11,4,602165,3445,104192,3764,0.03191114898662418,0.5221251213760577
2820,0.5522291042361716,16,16,16,602181,3429,104208,3748,0.03176294045722331,0.522223770377595
2821,0.5522326962599031,9,11,9,602192,3418,104217,3739,0.03166104709326022,0.5224255973173118
2822,0.5523616070670797,162,145,162,602337,3273,104379,3577,0.03031790729556486,0.5221897810218978
2823,0.5523719286828617,17,15,17,602352,3258,104396,3560,0.030178961799251548,0.5221472572601936
2824,0.5524493655577772,2,1,2,602353,3257,104398,3558,0.03016969876616399,0.5220836390315481
2825,0.5524739999344286,1,0,1,602353,3257,104399,3557,0.03016969876616399,0.5220135016143235
2826,0.5525000720520814,10,9,10,602362,3248,104409,3547,0.030086331468376006,0.5220014716703458
2827,0.5525186177092952,0,9,0,602371,3239,104409,3547,0.030002964170588016,0.522693781314471
2828,0.5526119917912189,140,127,140,602498,3112,104549,3407,0.028826558968468634,0.522626169657923
2829,0.5527136019581325,60,57,60,602555,3055,104609,3347,0.028298566082478046,0.5228053733208372
2830,0.5527583023025188,5,6,5,602561,3049,104614,3342,0.02824298788395272,0.5229228602722579
2831,0.5527686235873985,55,74,55,602635,2975,104669,3287,0.027557523435473713,0.5249121686362185
2832,0.552806930095822,20,15,20,602650,2960,104689,3267,0.0274185779391604,0.5246507146298378
2833,0.5528598974513607,11,13,11,602663,2947,104700,3256,0.027298158509022195,0.524907302917943
2834,0.5528845854832193,46,70,46,602733,2877,104746,3210,0.0266497461928934,0.5273533760473139
2835,0.5529053705445062,108,118,108,602851,2759,104854,3102,0.025556708288562005,0.5292612182221464
2836,0.5530260610288565,55,63,55,602914,2696,104909,3047,0.024973137204046092,0.5305589413198677
2837,0.5530760385838468,11,17,11,602931,2679,104920,3036,0.024815665641557672,0.531233595800525
2838,0.5531302717018134,1,0,1,602931,2679,104921,3035,0.024815665641557672,0.5311515575778789
2839,0.5531741046485635,3,7,3,602938,2672,104924,3032,0.02475082440994479,0.5315568022440392
2840,0.5531779600225308,0,1,0,602939,2671,104924,3032,0.02474156137685724,0.5316500087673155
2841,0.5532240694813545,144,151,144,603090,2520,105068,2888,0.023342843380636556,0.5340236686390533
2842,0.5536877176353363,4,0,4,603090,2520,105072,2884,0.023342843380636556,0.533678756476684
2843,0.55423613886225,0,1,0,603091,2519,105072,2884,0.023333580347549003,0.5337775310012955
2844,0.5545372326592636,0,1,0,603092,2518,105072,2884,0.023324317314461447,0.5338763420955202
2845,0.5546553593781609,1,0,1,603092,2518,105073,2883,0.023324317314461447,0.5337900388816885
2846,0.5549085545342433,1,0,1,603092,2518,105074,2882,0.023324317314461447,0.5337037037037037
2847,0.5551545818140619,1,0,1,603092,2518,105075,2881,0.023324317314461447,0.5336173365438044
2848,0.5551654933264902,2,0,2,603092,2518,105077,2879,0.023324317314461447,0.5334445062071521
2849,0.5555703681520614,1,2,1,603094,2516,105078,2878,0.02330579124828634,0.5335558027437894
2850,0.5559521069040876,14,41,14,603135,2475,105092,2864,0.022926006891696618,0.5364300430792284
2851,0.5559581301966275,28,43,28,603178,2432,105120,2836,0.022527696468931786,0.5383447228549735
2852,0.5563481712228857,2,4,2,603182,2428,105122,2834,0.02249064433658157,0.5385784872671988
2853,0.5564826292981014,3,4,3,603186,2424,105125,2831,0.022453592204231352,0.5387250237868696
2854,0.5565505640485424,12,49,12,603235,2375,105137,2819,0.021999703582941198,0.5427416249518675
2855,0.5565752019278914,3,4,3,603239,2371,105140,2816,0.02196265145059098,0.5428957007904376
2856,0.5565758101428449,28,46,28,603285,2325,105168,2788,0.021536551928563488,0.5452767455505574
2857,0.5566332855235513,2,5,2,603290,2320,105170,2786,0.021490236763125718,0.54563258911085
2858,0.5567824593358557,4,6,4,603296,2314,105174,2782,0.021434658564600393,0.5459183673469388
2859,0.5568323345953757,10,44,10,603340,2270,105184,2772,0.021027085108748008,0.5497818326061087
2860,0.5569488744827747,0,1,0,603341,2269,105184,2772,0.021017822075660456,0.5498908946637572
2861,0.5572618947376485,1,1,1,603342,2268,105185,2771,0.0210085590425729,0.5499106965667792
2862,0.557467602556341,13,13,13,603355,2255,105198,2758,0.020888139612434697,0.5501695591462198
2863,0.5574922511691269,0,1,0,603356,2254,105198,2758,0.02087887657934714,0.5502793296089385
2864,0.5576645997150058,0,1,0,603357,2253,105198,2758,0.02086961354625959,0.5503891438834564
2865,0.5576963795682115,2,0,2,603357,2253,105200,2756,0.02086961354625959,0.5502096226791775
2866,0.5577138969541515,1,1,1,603358,2252,105201,2755,0.020860350513172032,0.5502296784501698
2867,0.5578608418330845,0,2,0,603360,2250,105201,2755,0.020841824446996924,0.5504495504495505
2868,0.5578888025165891,13,8,13,603368,2242,105214,2742,0.02076772018229649,0.5501605136436597
2869,0.5579259817652559,62,51,62,603419,2191,105276,2680,0.020295305494831228,0.5501950318209813
2870,0.5579451415027437,13,8,13,603427,2183,105289,2667,0.020221201230130794,0.5498969072164949
2871,0.5580930363275148,53,35,53,603462,2148,105342,2614,0.0198969950720664,0.5489290214195716
2872,0.5580949813882654,14,17,14,603479,2131,105356,2600,0.019739523509577975,0.549566687803847
2873,0.5582015845546205,1,3,1,603482,2128,105357,2599,0.019711734410315315,0.5498201819335731
2874,0.5584119337517579,7,9,7,603491,2119,105364,2592,0.019628367112527325,0.5502016556994269
2875,0.5584906596939383,1,0,1,603491,2119,105365,2591,0.019628367112527325,0.5501061571125265
2876,0.5585367500900917,0,1,0,603492,2118,105365,2591,0.019619104079439773,0.5502229772775536
2877,0.5585633508960635,0,1,0,603493,2117,105365,2591,0.019609841046352217,0.550339847068819
2878,0.558608037920172,9,10,9,603503,2107,105374,2582,0.019517210715476675,0.5506504585199403
2879,0.5586144818838636,18,14,18,603517,2093,105392,2564,0.019387528252250916,0.5505690358599957
2880,0.558851482614241,4,11,4,603528,2082,105396,2560,0.01928563488828782,0.5514864282636794
2881,0.5588769860957509,11,16,11,603544,2066,105407,2549,0.019137426358886954,0.552329360780065
2882,0.5590779522728104,7,2,7,603546,2064,105414,2542,0.019118900292711846,0.55188884064264
2883,0.5590863310940044,1,0,1,603546,2064,105415,2541,0.019118900292711846,0.5517915309446254
2884,0.5591087564785796,63,49,63,603595,2015,105478,2478,0.01866501167142169,0.5515245938125973
2885,0.5592691418580773,11,6,11,603601,2009,105489,2467,0.018609433472896366,0.5511617515638964
2886,0.559271454894903,5,8,5,603609,2001,105494,2462,0.018535329208195932,0.5516468742997983
2887,0.5592723022247666,2,1,2,603610,2000,105496,2460,0.018526066175108376,0.5515695067264574
2888,0.5593033097376601,12,6,12,603616,1994,105508,2448,0.01847048797658305,0.5511031067086898
2889,0.5593130311640572,1,1,1,603617,1993,105509,2447,0.0184612249434955,0.5511261261261261
2890,0.5596086902929911,3,3,3,603620,1990,105512,2444,0.018433435844232834,0.5511953089760938
2891,0.5596453444574848,5,6,5,603626,1984,105517,2439,0.01837785764570751,0.5514356771422112
2892,0.5596802437428889,2,6,2,603632,1978,105519,2437,0.018322279447182184,0.5519818799546999
2893,0.5597048495156164,0,1,0,603633,1977,105519,2437,0.01831301641409463,0.5521069324875396
2894,0.5598155207430979,8,6,8,603639,1971,105527,2429,0.018257438215569306,0.5520454545454545
2895,0.5599489497496382,61,43,61,603682,1928,105588,2368,0.017859127792804477,0.5512104283054003
2896,0.5599591439200531,9,3,9,603685,1925,105597,2359,0.017831338693541813,0.5506535947712419
2897,0.5599913964953249,3,8,3,603693,1917,105600,2356,0.01775723442884138,0.5513690615492628
2898,0.5600848968369814,136,109,136,603802,1808,105736,2220,0.016747563822297973,0.551142005958292
2899,0.5602607054898925,61,64,61,603866,1744,105797,2159,0.016154729704694504,0.5531642326415578
2900,0.5604171120292182,1,1,1,603867,1743,105798,2158,0.01614546667160695,0.5531914893617021
2901,0.5604888063427426,16,12,16,603879,1731,105814,2142,0.0160343102745563,0.5530596436870643
2902,0.5605317973498272,2,0,2,603879,1731,105816,2140,0.0160343102745563,0.5528287264272798
2903,0.5606069068373853,2,2,2,603881,1729,105818,2138,0.016015784208381192,0.5528833721230928
2904,0.5606447824247902,1,1,1,603882,1728,105819,2137,0.016006521175293636,0.5529107373868046
2905,0.5606800389649802,52,58,52,603940,1670,105871,2085,0.015469265256215494,0.5552596537949401
2906,0.5607154768951851,0,1,0,603941,1669,105871,2085,0.01546000222312794,0.5554075652637187
2907,0.5607252308236037,57,55,57,603996,1614,105928,2028,0.01495053540331246,0.556836902800659
2908,0.5607355037123365,8,12,8,604008,1602,105936,2020,0.01483937900626181,0.5577029265599116
2909,0.5608742762871683,7,8,7,604016,1594,105943,2013,0.014765274741561377,0.5580815081785417
2910,0.5609421642063724,6,12,6,604028,1582,105949,2007,0.014654118344510726,0.5592086932293118
2911,0.5610344301099183,5,9,5,604037,1573,105954,2002,0.014570751046722738,0.56
2912,0.561181935931825,60,63,60,604100,1510,106014,1942,0.013987179962206825,0.5625724217844728
2913,0.5613854385874932,2,0,2,604100,1510,106016,1940,0.013987179962206825,0.5623188405797102
2914,0.5614604222409942,2,2,2,604102,1508,106018,1938,0.013968653896031717,0.5623911781775972
2915,0.5616929492331479,6,11,6,604113,1497,106024,1932,0.01386676053206862,0.5634295713035871
2916,0.5622884550004266,5,13,5,604126,1484,106029,1927,0.013746341101930416,0.5649369686309
2917,0.5630604007223916,9,14,9,604140,1470,106038,1918,0.013616658638704657,0.5661157024793388
2918,0.5632034286773853,2,6,2,604146,1464,106040,1916,0.013561080440179332,0.5668639053254438
2919,0.563223361547406,1,1,1,604147,1463,106041,1915,0.013551817407091778,0.5669034931912375
2920,0.5635264053289097,3,17,3,604164,1446,106044,1912,0.013394345844603356,0.5693865396069089
2921,0.5637325957730537,12,9,12,604173,1437,106056,1900,0.013310978546815368,0.5693736889421637
2922,0.5640172227145479,0,2,0,604175,1435,106056,1900,0.013292452480640262,0.5697151424287856
2923,0.5642033270044811,32,47,32,604222,1388,106088,1868,0.012857089925525214,0.5737100737100738
2924,0.5643015417804589,21,36,21,604258,1352,106109,1847,0.012523620734373263,0.5773679274773367
2925,0.5645831535742027,5,2,5,604260,1350,106114,1842,0.012505094668198154,0.5770676691729323
2926,0.5646186677956331,20,21,20,604281,1329,106134,1822,0.012310570973359516,0.5782291336083782
2927,0.5646287053812848,15,28,15,604309,1301,106149,1807,0.012051206046908,0.5814028314028314
2928,0.5646693790403129,2,2,2,604311,1299,106151,1805,0.012032679980732892,0.5815077319587629
2929,0.5647765010315526,29,28,29,604339,1271,106180,1776,0.011773315054281374,0.5828683951427633
2930,0.5648439824426753,4,0,4,604339,1271,106184,1772,0.011773315054281374,0.5823200788695366
2931,0.5649987502848912,0,1,0,604340,1270,106184,1772,0.01176405202119382,0.5825115055884287
2932,0.5650926818182642,3,5,3,604345,1265,106187,1769,0.011717736855756049,0.583058668424522
2933,0.5654094578301544,1,2,1,604347,1263,106188,1768,0.01169921078958094,0.5833058396568789
2934,0.5655320456029591,6,6,6,604353,1257,106194,1762,0.011643632591055615,0.5836369658827426
2935,0.5656121832670505,0,1,0,604354,1256,106194,1762,0.011634369557968061,0.5838303512259775
2936,0.5656616196025505,8,5,8,604359,1251,106202,1754,0.01158805439253029,0.58369384359401
2937,0.5660005941060624,0,1,0,604360,1250,106202,1754,0.011578791359442736,0.5838881491344874
2938,0.5660064324831464,1,0,1,604360,1250,106203,1753,0.011578791359442736,0.5837495837495837
2939,0.5661196951223462,1,0,1,604360,1250,106204,1752,0.011578791359442736,0.5836109260493004
2940,0.5661261233816168,14,17,14,604377,1233,106218,1738,0.011421319796954314,0.584988219454729
2941,0.5663100258055911,0,1,0,604378,1232,106218,1738,0.01141205676386676,0.5851851851851851
2942,0.5663710607838102,0,2,0,604380,1230,106218,1738,0.011393530697691652,0.5855795148247979
2943,0.5664355792803126,7,2,7,604382,1228,106225,1731,0.011375004631516543,0.5849949307198378
2944,0.566640888390248,1,3,1,604385,1225,106226,1730,0.01134721553225388,0.5854483925549916
2945,0.5666470820237114,4,5,4,604390,1220,106230,1726,0.01130090036681611,0.5858791581805839
2946,0.5666591678845608,4,10,4,604400,1210,106234,1722,0.011208270035940568,0.58731241473397
2947,0.5668129970083091,3,4,3,604404,1206,106237,1719,0.01117121790359035,0.5876923076923077
2948,0.5668314996419032,161,120,161,604524,1086,106398,1558,0.01005965393308385,0.5892586989409985
2949,0.5668857554584108,145,95,145,604619,991,106543,1413,0.0091796657897662,0.5877703826955075
2950,0.5669102976051248,2,3,2,604622,988,106545,1411,0.009151876690503538,0.5881617340558566
2951,0.5670205003900167,138,114,138,604736,874,106683,1273,0.00809589091852236,0.5929203539823009
2952,0.5671689119644953,0,1,0,604737,873,106683,1273,0.008086627885434806,0.5931966449207828
2953,0.5673111390704293,5,5,5,604742,868,106688,1268,0.008040312719997035,0.5936329588014981
2954,0.5674038341807786,156,114,156,604856,754,106844,1112,0.006984326948015858,0.5959271168274384
2955,0.5674143788036381,6,2,6,604858,752,106850,1106,0.00696580088184075,0.5952637244348762
2956,0.5675029814514342,5,3,5,604861,749,106855,1101,0.006938011782578087,0.5951351351351352
2957,0.5676857812695584,1,2,1,604863,747,106856,1100,0.006919485716402979,0.5955603681645912
2958,0.5677356208266534,0,1,0,604864,746,106856,1100,0.006910222683315425,0.5958829902491874
2959,0.5677477254552779,7,1,7,604865,745,106863,1093,0.006900959650227871,0.5946681175190425
2960,0.5677973429260382,143,96,143,604961,649,107006,950,0.006011708473822669,0.5941213258286429
2961,0.5679427908115711,1,0,1,604961,649,107007,949,0.006011708473822669,0.5938673341677096
2962,0.5679726743861442,21,15,21,604976,634,107028,928,0.005872762977509356,0.5941101152368758
2963,0.5685431616752032,23,14,23,604990,620,107051,905,0.005743080514283597,0.5934426229508196
2964,0.5686437493998369,0,1,0,604991,619,107051,905,0.005733817481196043,0.5938320209973753
2965,0.5686716042737354,15,12,15,605003,607,107066,890,0.005622661084145392,0.5945223780895124
2966,0.5686961186067043,1,0,1,605003,607,107067,889,0.005622661084145392,0.5942513368983957
2967,0.5687514342692443,1,2,1,605005,605,107068,888,0.005604135017970284,0.594775619557937
2968,0.5688440490998692,20,16,20,605021,589,107088,868,0.005455926488569417,0.5957446808510638
2969,0.5689367098470197,1,4,1,605025,585,107089,867,0.005418874356219201,0.5971074380165289
2970,0.5694353594782842,19,14,19,605039,571,107108,848,0.005289191892993442,0.5976039464411558
2971,0.5725927444310184,69,36,69,605075,535,107177,779,0.004955722701841491,0.5928462709284628
2972,0.5726296195386624,56,46,56,605121,489,107233,723,0.004529623179813998,0.5965346534653465
2973,0.5733644487297822,0,1,0,605122,488,107233,723,0.0045203601467264445,0.597027250206441
2974,0.5738510893564583,62,39,62,605161,449,107295,661,0.004159101856311831,0.5954954954954955
2975,0.5740128090571884,1,0,1,605161,449,107296,660,0.004159101856311831,0.5951307484220018
2976,0.5742628611950351,8,3,8,605164,446,107304,652,0.004131312757049168,0.5938069216757741
2977,0.5743725460745875,1,5,1,605169,441,107305,651,0.004084997591611397,0.5961538461538461
2978,0.5745505189213003,68,38,68,605207,403,107373,583,0.003733002334284338,0.5912778904665315
2979,0.574909452891028,87,53,87,605260,350,107460,496,0.003242061580643966,0.5862884160756501
2980,0.5750291173820775,154,95,154,605355,255,107614,342,0.002362073437326318,0.5728643216080402
2981,0.5752034430989219,0,1,0,605356,254,107614,342,0.002352810404238764,0.5738255033557047
2982,0.5752857323331997,5,6,5,605362,248,107619,337,0.0022972322057134387,0.576068376068376
2983,0.5752904236976619,1,0,1,605362,248,107620,336,0.0022972322057134387,0.5753424657534246
2984,0.5753208216058432,69,52,69,605414,196,107689,267,0.001815554485160621,0.5766738660907127
2985,0.5753585954407597,2,1,2,605415,195,107691,265,0.0018062914520730667,0.5760869565217391
2986,0.5754100950492775,67,44,67,605459,151,107758,198,0.0013987179962206824,0.5673352435530086
2987,0.5756947204989067,61,46,61,605505,105,107819,137,0.0009726184741931898,0.5661157024793388
2988,0.5760662925865706,6,1,6,605506,104,107825,131,0.0009633554411056357,0.5574468085106383
2989,0.576164848279009,12,12,12,605518,92,107837,119,0.0008521990440549853,0.5639810426540285
2990,0.5766869200808664,3,5,3,605523,87,107840,116,0.0008058838786172144,0.5714285714285714
2991,0.5768360689714669,6,5,6,605528,82,107846,110,0.0007595687131794435,0.5729166666666666
2992,0.5768435338028411,9,7,9,605535,75,107855,101,0.0006947274815665642,0.5738636363636364
2993,0.5773250793913519,6,5,6,605540,70,107861,95,0.0006484123161287932,0.5757575757575758
2994,0.5821131677614235,0,1,0,605541,69,107861,95,0.000639149283041239,0.5792682926829268
2995,0.5826958416133643,0,1,0,605542,68,107861,95,0.0006298862499536849,0.5828220858895705
2996,0.5828485129663077,15,7,15,605549,61,107876,80,0.0005650450183408056,0.5673758865248227
2997,0.5830721386532419,12,7,12,605556,54,107888,68,0.0005002037867279261,0.5573770491803278
2998,0.5832485671621319,14,8,14,605564,46,107902,54,0.00042609952202749267,0.54
2999,0.5832728877825211,1,1,1,605565,45,107903,53,0.00041683648893993847,0.5408163265306123
3000,0.5834119281358965,0,2,0,605567,43,107903,53,0.0003983104227648301,0.5520833333333334
3001,0.5835036837429344,11,8,11,605575,35,107914,42,0.0003242061580643966,0.5454545454545454
3002,0.5835134101778844,1,0,1,605575,35,107915,41,0.0003242061580643966,0.5394736842105263
3003,0.5838284456494528,1,1,1,605576,34,107916,40,0.00031494312497684244,0.5405405405405406
3004,0.5838775882582989,11,4,11,605580,30,107927,29,0.0002778909926266257,0.4915254237288136
3005,0.5884934010908713,0,1,0,605581,29,107927,29,0.0002686279595390715,0.5
3006,0.5886595638724448,3,1,3,605582,28,107930,26,0.0002593649264515173,0.48148148148148145
3007,0.5888956978403366,1,5,1,605587,23,107931,25,0.00021304976101374634,0.5208333333333334
3008,0.5898839170723822,1,4,1,605591,19,107932,24,0.00017599762866352957,0.5581395348837209
3009,0.5905241199812845,6,3,6,605594,16,107938,18,0.00014820852940086702,0.5294117647058824
3010,0.5909617472078361,7,4,7,605598,12,107945,11,0.00011115639705065027,0.4782608695652174
3011,0.5911877590399051,4,3,4,605601,9,107949,7,8.33672977879877e-05,0.4375
3012,0.591286544975486,3,3,3,605604,6,107952,4,5.5578198525325135e-05,0.4
3013,0.5914265502645215,2,5,2,605609,1,107954,2,9.263033087554189e-06,0.6666666666666666
3014,0.5916924220141675,2,1,2,605610,0,107956,0,0.0,
