p,Neg,Pos,mPrec,TN,FP,FN,TP,Prec,Rec,FP/P,$\hat{p}$
0.0,628,4,0.01,628,"604,982",4,"107,952",0.15,1.00,5.60,1.00
0.1,"18,216",342,0.02,"18,844","586,766",346,"107,610",0.15,1.00,5.44,0.97
0.2,"66,252","2,339",0.03,"85,096","520,514","2,685","105,271",0.17,0.98,4.82,0.88
0.3,"126,977","8,394",0.06,"212,073","393,537","11,079","96,877",0.20,0.90,3.65,0.69
0.4,"185,970","23,261",0.11,"398,043","207,567","34,340","73,616",0.26,0.68,1.92,0.39
0.5,"131,666","32,357",0.20,"529,709","75,901","66,697","41,259",0.35,0.38,0.70,0.16
0.6,"49,819","21,292",0.30,"579,528","26,082","87,989","19,967",0.43,0.18,0.24,0.06
0.7,"17,859","11,758",0.40,"597,387","8,223","99,747","8,209",0.50,0.08,0.08,0.02
0.8,"6,654","6,210",0.48,"604,041","1,569","105,957","1,999",0.56,0.02,0.01,0.01
0.9,"1,482","1,886",0.56,"605,523",87,"107,843",113,0.56,0.00,0.00,0.00
1.0,87,113,0.56,"605,610",0,"107,956",0,nan,0.00,0.00,0.00
