,y_proba,y_test,Neg,Pos,TN,FP,FN,TP,FP/P,Prec
0,0.4368200612624789,5,684,5,684,604926,5,107951,5.603449553521805,0.15143005034529097
1,0.4369085156043946,6,625,6,1309,604301,11,107945,5.597660157842084,0.1515557826930583
2,0.4369120507940511,5,647,5,1956,603654,16,107940,5.591666975434436,0.15168761962579785
3,0.4371907280793274,5,722,5,2678,602932,21,107935,5.584979065545222,0.15183571610441898
4,0.4374170121653654,4,598,4,3276,602334,25,107931,5.579439771758865,0.15195877594982155
5,0.4383310710242122,0,97,0,3373,602237,25,107931,5.578541257549372,0.15197953160378952
6,0.4397736087361774,1,113,1,3486,602124,26,107930,5.577494534810478,0.15200252375171466
7,0.4402362881077389,0,96,0,3582,602028,26,107930,5.576605283634073,0.15202307742148127
8,0.4410312890915183,5,81,5,3663,601947,31,107925,5.575854977953981,0.15203445128135776
9,0.4437468149420134,5,346,5,4009,601601,36,107920,5.572649968505687,0.15210261570834407
10,0.4439022427247905,5,292,5,4301,601309,41,107915,5.569945162844122,0.15215926138991348
11,0.4442475258020734,6,292,6,4593,601017,47,107909,5.5672403571825555,0.15221475866310447
12,0.4443860115041199,3,281,3,4874,600736,50,107906,5.564637444884953,0.15227152779541714
13,0.4447847744807126,5,90,5,4964,600646,55,107901,5.563803771907073,0.15228488724107223
14,0.4449141198054057,8,104,8,5068,600542,63,107893,5.562840416465968,0.15229767021674537
15,0.4449650204800607,2,97,2,5165,600445,65,107891,5.561941902256475,0.1523161324569131
16,0.4449982277445429,13,323,13,5488,600122,78,107878,5.558949942569195,0.15237005649717514
17,0.4451556478797875,4,126,4,5614,599996,82,107874,5.557782800400163,0.15239238843290434
18,0.4451880640303815,7,616,7,6230,599380,89,107867,5.552076772018229,0.15251673036435645
19,0.4451933199443448,12,331,12,6561,599049,101,107855,5.549010708066249,0.15257375824723018
20,0.4453502799246464,7,396,7,6957,598653,108,107848,5.545342546963577,0.1526508808904729
21,0.4454221440662057,7,347,7,7304,598306,115,107841,5.542128274482196,0.15271749366633294
22,0.4455658278295164,4,102,4,7406,598204,119,107837,5.541183445107266,0.1527347561968781
23,0.4457313928096051,20,1005,20,8411,597199,139,107817,5.531874096854274,0.15292844417715343
24,0.4460544821009512,22,982,22,9393,596217,161,107795,5.522777798362296,0.1531152878075942
25,0.4460929963140631,20,990,20,10383,595227,181,107775,5.513607395605617,0.15330681847277816
26,0.4462156273291926,23,1124,23,11507,594103,204,107752,5.503195746415206,0.1535245884121364
27,0.4463415087806817,1,12,1,11519,594091,205,107751,5.5030845900181555,0.15352600727799134
28,0.4463515274836946,0,14,0,11533,594077,205,107751,5.50295490755493,0.15352906980057793
29,0.4465079515092774,17,950,17,12483,593127,222,107734,5.494155026121753,0.15371664281505176
30,0.4466158586267343,3,113,3,12596,593014,225,107731,5.49310830338286,0.15373780761903402
31,0.4467263363701207,1,51,1,12647,592963,226,107730,5.4926358886953945,0.15374778968820868
32,0.4471193077314186,1,62,1,12709,592901,227,107729,5.492061580643966,0.1537601872600374
33,0.4471591983421127,2,115,2,12824,592786,229,107727,5.490996331838898,0.15378301330596292
34,0.4478361365742495,0,14,0,12838,592772,229,107727,5.490866649375672,0.15378608677528446
35,0.4478700096738883,0,62,0,12900,592710,229,107727,5.490292341324243,0.15379969933056079
36,0.4480975889428955,1,24,1,12924,592686,230,107726,5.490070028530142,0.15380376121482783
37,0.4482416143663883,0,27,0,12951,592659,230,107726,5.489819926636778,0.1538096903845742
38,0.4482507616000039,1,57,1,13008,592602,231,107725,5.4892919337507875,0.15382100076107305
39,0.448394402725159,0,9,0,13017,592593,231,107725,5.489208566453,0.153822977561622
40,0.4486071951829018,1,59,1,13076,592534,232,107724,5.488662047500834,0.15383472948541824
41,0.4489271163079413,4,132,4,13208,592402,236,107720,5.487439327133276,0.1538588988776242
42,0.4490101916359205,0,21,0,13229,592381,236,107720,5.487244803438438,0.15386351397869735
43,0.4493371589429203,2,139,2,13368,592242,238,107718,5.485957241839268,0.15389165095148294
44,0.4494014797966866,1,18,1,13386,592224,239,107717,5.485790507243692,0.1538943996708294
45,0.4494192885979763,2,58,2,13444,592166,241,107715,5.485253251324614,0.15390473523356113
46,0.4503207197260496,0,136,0,13580,592030,241,107715,5.483993478824706,0.15393464762163359
47,0.4505627553127341,25,1233,25,14813,590797,266,107690,5.472572159027752,0.15417609776559907
48,0.4508240352165044,18,1253,18,16066,589544,284,107672,5.460965578569047,0.1544313383513861
49,0.4509591468850217,20,1247,20,17313,588297,304,107652,5.449414576308866,0.1546837483781139
50,0.4510560744677498,28,1262,28,18575,587035,332,107624,5.437724628552373,0.1549306926132102
51,0.4510608903087619,22,1263,22,19838,585772,354,107602,5.4260254177627925,0.1551860900466415
52,0.4517350659466571,2,62,2,19900,585710,356,107600,5.425451109711364,0.15519753068612885
53,0.4520746586388631,3,44,3,19944,585666,359,107597,5.425043536255512,0.15520372499325652
54,0.452326917279836,3,40,3,19984,585626,362,107594,5.42467301493201,0.15520902455209024
55,0.4523776866950351,3,45,3,20029,585581,365,107591,5.42425617844307,0.15521544436301524
56,0.4527978496035138,9,501,9,20530,585080,374,107582,5.419615398866204,0.1553167345689528
57,0.4530194385602913,8,437,8,20967,584643,382,107574,5.415567453406943,0.15540502472490564
58,0.4530379473347053,10,555,10,21522,584088,392,107564,5.410426470043351,0.15551751458826116
59,0.453080311812995,4,53,4,21575,584035,396,107560,5.409935529289711,0.1555245483266941
60,0.453111059600408,10,549,10,22124,583486,406,107550,5.404850124124644,0.1556358858293924
61,0.453187849758617,0,71,0,22195,583415,406,107550,5.404192448775427,0.1556518781703849
62,0.4532232702941713,1,104,1,22299,583311,407,107549,5.403229093334321,0.15567408736936572
63,0.4533441148095564,4,74,4,22373,583237,411,107545,5.402543628885843,0.15568587484908408
64,0.4534195438327921,8,416,8,22789,582821,419,107537,5.39869020712142,0.15576990488992667
65,0.4534317890034217,8,525,8,23314,582296,427,107529,5.3938271147504535,0.1558786648787736
66,0.4535125456953205,10,611,10,23925,581685,437,107519,5.388167401533958,0.15600460821469406
67,0.4535998558521587,2,48,2,23973,581637,439,107517,5.387722775945756,0.15601302466502406
68,0.4536873704207764,7,559,7,24532,581078,446,107510,5.382544740449813,0.15613109725989996
69,0.4536898998587725,10,413,10,24945,580665,456,107500,5.378719107784653,0.15621253623767556
70,0.4537683910718083,6,259,6,25204,580406,462,107494,5.3763199822149765,0.15626399185928186
71,0.4539514641881822,1,14,1,25218,580392,463,107493,5.376190299751751,0.15626594561590965
72,0.4540433184279243,30,844,30,26062,579548,493,107463,5.368372299825855,0.1564210762273093
73,0.454090462295813,9,291,9,26353,579257,502,107454,5.3656767571973765,0.1564763051705885
74,0.4541400561478399,14,261,14,26614,578996,516,107440,5.363259105561525,0.15651859750945463
75,0.4541733906699006,18,415,18,27029,578581,534,107422,5.35941494683019,0.1565911519337379
76,0.4542122689018962,13,314,13,27343,578267,547,107409,5.356506354440698,0.1566468711169707
77,0.4543485892947442,1,3,1,27346,578264,548,107408,5.356478565341435,0.15664632652346894
78,0.4544076173926856,20,494,20,27840,577770,568,107388,5.351902626996184,0.15673465098561207
79,0.4545005535925907,13,453,13,28293,577317,581,107375,5.347706473007522,0.1568223376350242
80,0.4545450639694361,15,436,15,28729,576881,596,107360,5.343667790581348,0.15690378097775493
81,0.45465511305408,0,16,0,28745,576865,596,107360,5.343519582051947,0.1569074500347108
82,0.4546892612097967,5,249,5,28994,576616,601,107355,5.341213086813146,0.1569584090553547
83,0.454758772628407,0,40,0,29034,576576,601,107355,5.340842565489644,0.15696758883571588
84,0.4547593709236047,0,11,0,29045,576565,601,107355,5.340740672125681,0.156970113463563
85,0.4548637734640302,2,78,2,29123,576487,603,107353,5.340018155544851,0.1569855521759476
86,0.4549073177105376,2,11,2,29134,576476,605,107351,5.339916262180888,0.15698561185796991
87,0.4552002429707194,2,37,2,29171,576439,607,107349,5.339573529956649,0.1569916406839547
88,0.4552067458866169,0,6,0,29177,576433,607,107349,5.339517951758124,0.1569930182426563
89,0.4554664639782425,0,21,0,29198,576412,607,107349,5.339323428063285,0.15699783988849905
90,0.4554755035957084,5,153,5,29351,576259,612,107344,5.3379061840008895,0.15702681234576207
91,0.4556614601293764,0,34,0,29385,576225,612,107344,5.337591240875913,0.15703462269353935
92,0.455852668421177,0,85,0,29470,576140,612,107344,5.33680388306347,0.15705415196259168
93,0.4559601404197758,0,9,0,29479,576131,612,107344,5.336720515765682,0.15705622005194045
94,0.4559903969325883,2,65,2,29544,576066,614,107342,5.3361184186149915,0.1570686910308337
95,0.4561888239777065,1,3,1,29547,576063,615,107341,5.336090629515729,0.15706814709893416
96,0.456221571872879,1,46,1,29593,576017,616,107340,5.335664529993701,0.15707748658461096
97,0.4562833398012825,0,41,0,29634,575976,616,107340,5.335284745637112,0.15708691147287637
98,0.4563006260360907,4,60,4,29694,575916,620,107336,5.334728963651858,0.1570957713991324
99,0.4564278026353444,0,3,0,29697,575913,620,107336,5.334701174552595,0.15709646117301307
100,0.4564363335241423,3,6,3,29703,575907,623,107333,5.33464559635407,0.15709413968737193
101,0.4565239622321676,2,82,2,29785,575825,625,107331,5.333886027640891,0.15711052819560978
102,0.45661157617774,0,10,0,29795,575815,625,107331,5.333793397310015,0.1571128280045554
103,0.4570205980148059,1,38,1,29833,575777,626,107330,5.333441402052689,0.15712033400331135
104,0.4570544728731992,1,77,1,29910,575700,627,107329,5.3327281485049465,0.15713681263899484
105,0.4572755488429783,2,83,2,29993,575617,629,107327,5.331959316758679,0.15715344157061195
106,0.4572826760419158,0,33,0,30026,575584,629,107327,5.331653636666791,0.15716103562543288
107,0.4573742100429661,0,35,0,30061,575549,629,107327,5.331329430508726,0.15716909072803847
108,0.4573820667255052,6,76,6,30137,575473,635,107321,5.330625439994072,0.15717917849307406
109,0.4574257856537653,2,11,2,30148,575462,637,107319,5.330523546630109,0.15717924195312993
110,0.457449436820692,0,1,0,30149,575461,637,107319,5.330514283597021,0.15717947215794253
111,0.4575262288926384,0,21,0,30170,575440,637,107319,5.330319759902182,0.15718430661477914
112,0.4575834645689349,20,697,20,30867,574743,657,107299,5.323863425840157,0.15732022368123957
113,0.4576505317595273,19,740,19,31607,574003,676,107280,5.317008781355367,0.15746760156939188
114,0.457724472043267,0,57,0,31664,573946,676,107280,5.316480788469376,0.15748077730444815
115,0.4579258364650419,3,63,3,31727,573883,679,107277,5.315897217384861,0.15749163192201537
116,0.458172647866964,18,690,18,32417,573193,697,107259,5.309505724554448,0.15762904657492371
117,0.4582707077380608,0,30,0,32447,573163,697,107259,5.309227833561821,0.1576359964845346
118,0.4583298582600717,0,47,0,32494,573116,697,107259,5.308792471006706,0.15764688590850634
119,0.4583382459075878,18,713,18,33207,572403,715,107241,5.302187928415281,0.1577899606264456
120,0.4585740064499521,13,240,13,33447,572163,728,107228,5.299964800474267,0.15782958561417504
121,0.4587403967595758,4,90,4,33537,572073,732,107224,5.299131127496388,0.157845537371724
122,0.4588768257959681,12,234,12,33771,571839,744,107212,5.2969635777539,0.15788504839842663
123,0.4589847412820385,75,2351,75,36122,569488,819,107137,5.27518618696506,0.1583402918898947
124,0.4590599400718955,13,236,13,36358,569252,832,107124,5.273000111156397,0.1583793629578814
125,0.4590675545611726,10,221,10,36579,569031,842,107114,5.270952980844047,0.15841868238321663
126,0.4590933538022243,87,2409,87,38988,566622,929,107027,5.248638334136129,0.15887650690493121
127,0.4591119573350807,76,2407,76,41395,564215,1005,106951,5.226342213494386,0.15935103983217266
128,0.4591522666396198,92,3024,92,44419,561191,1097,106859,5.198330801437622,0.15995659007559315
129,0.4592563775309871,18,247,18,44666,560944,1115,106841,5.196042832264997,0.15999311155536589
130,0.4592632367607635,78,2281,78,46947,558663,1193,106763,5.174913853792286,0.16044308458040413
131,0.4596985132705684,78,1687,78,48634,556976,1271,106685,5.159287116973582,0.160752251526005
132,0.459889183541363,63,1765,63,50399,555211,1334,106622,5.142937863574049,0.16110106325916054
133,0.4601127669951314,7,283,7,50682,554928,1341,106615,5.140316425210271,0.1611611036621958
134,0.4601331925595373,57,1789,57,52471,553139,1398,106558,5.123744859016637,0.16152567011825125
135,0.4601553102489059,60,1820,60,54291,551319,1458,106498,5.106886138797288,0.1618960896419521
136,0.4602034174766089,67,1632,67,55923,549687,1525,106431,5.0917688687983995,0.1622131994549761
137,0.4602160937692184,9,245,9,56168,549442,1534,106422,5.089499425691948,0.16226229828135103
138,0.4604956884046037,4,273,4,56441,549169,1538,106418,5.086970617659047,0.16232475628711368
139,0.460654650285269,3,245,3,56686,548924,1541,106415,5.084701174552595,0.1623816070766428
140,0.4608140607313097,3,115,3,56801,548809,1544,106412,5.083635925747527,0.162406272082244
141,0.4610562884918406,4,89,4,56890,548720,1548,106408,5.082811515802734,0.162423221110989
142,0.4612180487130708,2,83,2,56973,548637,1550,106406,5.082042684056468,0.1624412443152587
143,0.4612204609161306,7,103,7,57076,548534,1557,106399,5.08108859164845,0.16245783919881882
144,0.4612514516242028,13,306,13,57382,548228,1570,106386,5.0782541035236575,0.16251714750983023
145,0.4614673392940259,16,327,16,57709,547901,1586,106370,5.075225091704027,0.16257789203556325
146,0.4614920322203977,5,82,5,57791,547819,1591,106365,5.074465522990848,0.16259187017719784
147,0.4615272470346008,4,114,4,57905,547705,1595,106361,5.073409537218867,0.16261508777401668
148,0.4615309717534933,5,102,5,58007,547603,1600,106356,5.072464707843936,0.16263404892355637
149,0.4617098697996952,3,98,3,58105,547505,1603,106353,5.071556930601356,0.16265458249344658
150,0.461726799992242,18,336,18,58441,547169,1621,106335,5.068444551483938,0.16271514787973754
151,0.4617458920779184,13,306,13,58747,546863,1634,106322,5.065610063359146,0.16277471160544102
152,0.4617676808815029,17,522,17,59269,546341,1651,106305,5.060774760087443,0.16288309435743115
153,0.4618904375677004,6,86,6,59355,546255,1657,106299,5.059978139241913,0.16289686370783107
154,0.4619703571876097,0,3,0,59358,546252,1657,106299,5.059950350142651,0.16289761260039445
155,0.4619841482310393,20,598,20,59956,545654,1677,106279,5.054411056356293,0.16302135342128715
156,0.4621052379051455,19,225,19,60181,545429,1696,106260,5.052326873911594,0.1630532355157138
157,0.4622833149333896,9,125,9,60306,545304,1705,106251,5.051168994775649,0.16307295623546747
158,0.4623080680469473,32,908,32,61214,544396,1737,106219,5.04275816073215,0.16325937766574702
159,0.4623141580793913,24,954,24,62168,543442,1761,106195,5.033921227166624,0.16346821378708418
160,0.4623143939254109,23,991,23,63159,542451,1784,106172,5.024741561376858,0.16368830584176017
161,0.4623236831604961,21,842,21,64001,541609,1805,106151,5.016942087517137,0.16387396566629617
162,0.4623725127859958,26,956,26,64957,540653,1831,106125,5.008086627885435,0.1640825754741194
163,0.4624175015020887,19,644,19,65601,540009,1850,106106,5.00212123457705,0.1642215395092205
164,0.4624284806773325,12,124,12,65725,539885,1862,106094,5.000972618474194,0.16423753713356007
165,0.4624390827022003,22,988,22,66713,538897,1884,106072,4.991820741783689,0.16446061748704202
166,0.4625228858952763,5,120,5,66833,538777,1889,106067,4.990709177813184,0.16448474359690096
167,0.4625249665057965,13,608,13,67441,538169,1902,106054,4.98507725369595,0.16462311963403978
168,0.4625258459599128,34,652,34,68093,537517,1936,106020,4.979037756122865,0.16474577219336262
169,0.4625974435891088,42,1049,42,69142,536468,1978,105978,4.96932083441402,0.16496016785846593
170,0.4626302717024598,0,17,0,69159,536451,1978,105978,4.969163362851532,0.1649645330456751
171,0.4627505206802466,6,134,6,69293,536317,1984,105972,4.9679221164178,0.16499114884421187
172,0.4627672344351433,18,918,18,70211,535399,2002,105954,4.959418652043425,0.16520387368578615
173,0.4627805202511916,1,8,1,70219,535391,2003,105953,4.959344547778724,0.16520463277118053
174,0.4627947691741457,32,1111,32,71330,534280,2035,105921,4.949053318018452,0.16544960098469075
175,0.4628382955175253,16,961,16,72291,533319,2051,105905,4.940151543221313,0.16567744640376456
176,0.4629273081776903,2,22,2,72313,533297,2053,105903,4.939947756493386,0.16568053817271589
177,0.4629641140400936,0,3,0,72316,533294,2053,105903,4.939919967394124,0.16568131577588757
178,0.4630291897128022,20,602,20,72918,532692,2073,105883,4.934343621475416,0.16581137689386524
179,0.463056027088384,5,42,5,72960,532650,2078,105878,4.933954574085739,0.165815751227824
180,0.4632032208116406,5,94,5,73054,532556,2083,105873,4.9330838489755084,0.16583363224414932
181,0.4632864057106308,0,25,0,73079,532531,2083,105873,4.9328522731483195,0.16584012631499803
182,0.4633821951540252,1,48,1,73127,532483,2084,105872,4.932407647560117,0.1658512896429103
183,0.4634194523273319,12,94,12,73221,532389,2096,105860,4.931536922449887,0.1658600326831691
184,0.4635406741456268,1,32,1,73253,532357,2097,105859,4.931240505391085,0.16586704187923837
185,0.4635789848240723,0,4,0,73257,532353,2097,105859,4.931203453258735,0.16586808145255807
186,0.4636856427657255,0,9,0,73266,532344,2097,105859,4.931120085960947,0.16587042054017295
187,0.4637499409415483,7,128,7,73394,532216,2104,105852,4.9299344177257405,0.1658945441551684
188,0.4638745826849432,0,183,0,73577,532033,2104,105852,4.9282392826707175,0.16594213690555507
189,0.4639125275698061,1,16,1,73593,532017,2105,105851,4.928091074141316,0.16594499175377977
190,0.4640607084025013,3,23,3,73616,531994,2108,105848,4.927878024380303,0.1659470527183848
191,0.4640970594444489,0,37,0,73653,531957,2108,105848,4.927535292156064,0.16595667954939206
192,0.464104105320668,0,20,0,73673,531937,2108,105848,4.927350031494313,0.16596188370689183
193,0.4641379583736242,2,63,2,73736,531874,2110,105846,4.926766460409796,0.16597566330050806
194,0.464336094251764,0,4,0,73740,531870,2110,105846,4.926729408277446,0.16597670436369794
195,0.4643674513016669,0,11,0,73751,531859,2110,105846,4.926627514913483,0.1659795673548114
196,0.4644147053645659,0,16,0,73767,531843,2110,105846,4.926479306384082,0.1659837318818421
197,0.4644927240417377,0,9,0,73776,531834,2110,105846,4.926395939086294,0.1659860745201355
198,0.4645804911252365,0,12,0,73788,531822,2110,105846,4.926284782689244,0.16598919814072527
199,0.464588900892744,2,58,2,73846,531764,2112,105844,4.925747526770166,0.1660016812837982
200,0.4646753930361503,0,8,0,73854,531756,2112,105844,4.925673422505465,0.16600376411543288
201,0.4647334168258134,1,10,1,73864,531746,2113,105843,4.92558079217459,0.16600505968578505
202,0.4648992257821541,2,37,2,73901,531709,2115,105841,4.92523805995035,0.1660120774841189
203,0.4651707732633547,1,22,1,73923,531687,2116,105840,4.925034273222424,0.1660164981247853
204,0.4652012362176623,4,124,4,74047,531563,2120,105836,4.923885657119567,0.1660435614112981
205,0.4652108996180544,7,172,7,74219,531391,2127,105829,4.922292415428508,0.1660792191080004
206,0.4653037598063695,0,21,0,74240,531370,2127,105829,4.922097891733669,0.16608469253718225
207,0.4653050666251748,11,83,11,74323,531287,2138,105818,4.921329059987403,0.16609193147126455
208,0.4653998607244376,2,9,2,74332,531278,2140,105816,4.921245692689614,0.16609165994343064
209,0.4654328266878842,0,42,0,74374,531236,2140,105816,4.920856645299937,0.1661026101479942
210,0.4654414917205846,4,30,4,74404,531206,2144,105812,4.920578754307311,0.1661051963994738
211,0.4655863201222382,1,8,1,74412,531198,2145,105811,4.92050465004261,0.16610597338499142
212,0.4655938275208776,2,15,2,74427,531183,2147,105809,4.920365704546296,0.16610726665327036
213,0.465611076350549,5,157,5,74584,531026,2152,105804,4.91891140835155,0.16614167046150463
214,0.4656795468941097,15,134,15,74718,530892,2167,105789,4.917670161917818,0.1661569922771372
215,0.4656816909052503,5,109,5,74827,530783,2172,105784,4.916660491311275,0.16617889397345448
216,0.4657151854579206,4,52,4,74879,530731,2176,105780,4.916178813590722,0.16618723007143632
217,0.4657954143125024,0,13,0,74892,530718,2176,105780,4.916058394160584,0.16619062432246448
218,0.4657967731117682,13,148,13,75040,530570,2189,105767,4.914687465263626,0.1662122428838807
219,0.4658727631482582,5,94,5,75134,530476,2194,105762,4.913816740153396,0.16623024717165588
220,0.4659559754909029,0,13,0,75147,530463,2194,105762,4.913696320723258,0.16623364375810445
221,0.4660047332570556,0,17,0,75164,530446,2194,105762,4.913538849160769,0.16623808565752082
222,0.4662042466703147,8,124,8,75288,530322,2202,105754,4.912390233057913,0.16626000666587012
223,0.4663429548600811,0,15,0,75303,530307,2202,105754,4.912251287561599,0.166263927516386
224,0.4664588134308532,10,123,10,75426,530184,2212,105744,4.91111193449183,0.1662829754311809
225,0.466557087707444,5,170,5,75596,530014,2217,105739,4.909537218866946,0.16632088248108937
226,0.4666187753943419,2,78,2,75674,529936,2219,105737,4.908814702286117,0.16633866783707976
227,0.4666215146943667,6,124,6,75798,529812,2225,105731,4.9076660861832595,0.1663632515817183
228,0.4667457574306918,41,916,41,76714,528896,2266,105690,4.89918114787506,0.16654952992974947
229,0.4667472263998605,40,913,40,77627,527983,2306,105650,4.8907239986661235,0.1667368965947165
230,0.4667721497425631,3,22,3,77649,527961,2309,105647,4.890520211938197,0.16673874067246625
231,0.4667744278333579,4,103,4,77752,527858,2313,105643,4.889566119530179,0.1667605891703407
232,0.4668678732107326,41,924,41,78676,526934,2354,105602,4.881007076957279,0.16695018149164634
233,0.46701845614634,37,398,37,79074,526536,2391,105565,4.877320389788433,0.16700653851204159
234,0.4672159228585449,30,437,30,79511,526099,2421,105535,4.873272444329171,0.16708251930706708
235,0.4672272570724111,40,570,40,80081,525529,2461,105495,4.867992515469266,0.1671806460610056
236,0.4672467886338472,33,992,33,81073,524537,2494,105462,4.858803586646411,0.16740026571470748
237,0.4672963996407571,31,450,31,81523,524087,2525,105431,4.854635221757012,0.16747892832293915
238,0.4673292017137213,42,427,42,81950,523660,2567,105389,4.850679906628627,0.16753702811704652
239,0.4674170829366276,41,918,41,82868,522742,2608,105348,4.842176442254252,0.16772755496823705
240,0.4674367177176641,27,888,27,83756,521854,2635,105321,4.8339508688725035,0.16792920636186073
241,0.4674655767454775,41,975,41,84731,520879,2676,105280,4.8249194116121386,0.1681362082154852
242,0.4675223423169001,43,965,43,85696,519914,2719,105237,4.815980584682649,0.16833852941129424
243,0.4675564752394489,33,959,33,86655,518955,2752,105204,4.807097335951684,0.1685532051929076
244,0.4677748067589922,43,499,43,87154,518456,2795,105161,4.802475082440995,0.16863074611500328
245,0.4677863805201414,0,4,0,87158,518452,2795,105161,4.802438030308644,0.16863182775214758
246,0.4678764293827707,0,6,0,87164,518446,2795,105161,4.802382452110119,0.16863345023388127
247,0.4679250387299842,30,529,30,87693,517917,2825,105131,4.797482307606803,0.16873659814332123
248,0.4680251372099969,1,5,1,87698,517912,2826,105130,4.797435992441365,0.168736618077112
249,0.4680328252996266,0,9,0,87707,517903,2826,105130,4.797352625143577,0.16873905555564472
250,0.468050960562126,178,3888,178,91595,514015,3004,104952,4.761337952499166,0.1695599280737099
251,0.4681476858567899,4,52,4,91647,513963,3008,104948,4.760856274778614,0.16956880714674646
252,0.4681683920881001,31,512,31,92159,513451,3039,104917,4.756113601837786,0.169667576588698
253,0.4682784944766537,141,2803,141,94962,510648,3180,104776,4.730149320093371,0.17025010399334442
254,0.4682804025914036,26,549,26,95511,510099,3206,104750,4.725063914928304,0.17036703320652713
255,0.4683139088911828,145,2937,145,98448,507162,3351,104605,4.697858386750157,0.17098830110156318
256,0.468336902611434,147,2838,147,101286,504324,3498,104458,4.671569898847679,0.17158523083796828
257,0.4683645954106324,140,2993,140,104279,501331,3638,104318,4.643845640816629,0.17224167793556994
258,0.4683850312307028,0,7,0,104286,501324,3638,104318,4.643780799585016,0.17224366870197244
259,0.4684232878050799,31,533,31,104819,500791,3669,104287,4.63884360294935,0.17235298589603323
260,0.4684358447436628,6,48,6,104867,500743,3675,104281,4.638398977361147,0.17235845189612312
261,0.4686214410166622,6,61,6,104928,500682,3681,104275,4.637833932342806,0.17236762282277915
262,0.4686921120487036,5,49,5,104977,500633,3686,104270,4.6373800437215165,0.17237474438050399
263,0.4691443740404551,24,368,24,105345,500265,3710,104246,4.633971247545296,0.17244682065338762
264,0.4692160623762209,26,470,26,105815,499795,3736,104220,4.629617621994146,0.17254538380669354
265,0.4693137582218325,0,2,0,105817,499793,3736,104220,4.62959909592797,0.17254595513672719
266,0.4693142247582277,18,443,18,106260,499350,3754,104202,4.625495572270184,0.17264792428821377
267,0.4693790820210683,9,49,9,106309,499301,3763,104193,4.625041683648894,0.17264960380716296
268,0.4693855016340272,19,452,19,106761,498849,3782,104174,4.6208547926933194,0.17275294640502933
269,0.4694137827433723,28,526,28,107287,498323,3810,104146,4.615982437289266,0.17286532585079067
270,0.4695068067593801,4,51,4,107338,498272,3814,104142,4.615510022601801,0.17287446838884887
271,0.4695767539866634,8,294,8,107632,497978,3822,104134,4.61278669087406,0.17294789009353742
272,0.4697197127902931,20,442,20,108074,497536,3842,104114,4.608692430249361,0.17304745283802875
273,0.4697294200955365,24,431,24,108505,497105,3866,104090,4.604700062988625,0.17313849915584795
274,0.4697656191392348,12,63,12,108568,497042,3878,104078,4.604116491904109,0.1731401384083045
275,0.4698233516873228,16,270,16,108838,496772,3894,104062,4.60161547297047,0.1731959243318454
276,0.4698487228541893,10,91,10,108929,496681,3904,104052,4.600772536959502,0.17320839707490682
277,0.4699465532034228,20,457,20,109386,496224,3924,104032,4.59653933083849,0.17331271990617336
278,0.4699693289827743,3,52,3,109438,496172,3927,104029,4.596057653117937,0.17332360325957472
279,0.4700110538079763,16,471,16,109909,495701,3943,104013,4.591694764533699,0.17343767195696616
280,0.4700656692020558,4,73,4,109982,495628,3947,104009,4.591018563118308,0.1734532725632341
281,0.4701638616551894,16,331,16,110313,495297,3963,103993,4.587952499166327,0.17352700695823392
282,0.47027042763304,0,16,0,110329,495281,3963,103993,4.587804290636926,0.1735316399510074
283,0.4703419698184001,41,623,41,110952,494658,4004,103952,4.58203342102338,0.17365563555570404
284,0.4703493859044273,14,174,14,111126,494484,4018,103938,4.5804216532661455,0.17368679627420114
285,0.4703966431654446,17,307,17,111433,494177,4035,103921,4.577577902108266,0.1737524619711151
286,0.4704139718147235,21,296,21,111729,493881,4056,103900,4.57483604431435,0.17380947203072697
287,0.4704441562559471,10,314,10,112043,493567,4066,103890,4.571927451924858,0.17388699103031682
288,0.4704536984547697,13,225,13,112268,493342,4079,103877,4.569843269480159,0.17393451983275818
289,0.470477655114091,38,457,38,112725,492885,4117,103839,4.565610063359146,0.174015122569228
290,0.470487214903507,31,444,31,113169,492441,4148,103808,4.561497276668272,0.1741017594998063
291,0.4705215909528039,14,198,14,113367,492243,4162,103794,4.5596631961169365,0.17414019599454397
292,0.4705477240065171,5,76,5,113443,492167,4167,103789,4.5589592056022825,0.17415547456523636
293,0.470566413652957,4,88,4,113531,492079,4171,103785,4.558144058690577,0.1741756508196501
294,0.4705667560593954,5,78,5,113609,492001,4176,103780,4.557421542109749,0.17419152339534158
295,0.4705812401840589,22,319,22,113928,491682,4198,103758,4.554466634554819,0.17425433293027004
296,0.4706381591873451,16,355,16,114283,491327,4214,103742,4.551178257808737,0.17433608539513906
297,0.4706709784345572,0,2,0,114285,491325,4214,103742,4.551159731742562,0.1743366713328079
298,0.4706729591661311,56,869,56,115154,490456,4270,103686,4.543110155989477,0.17451383675956253
299,0.4707614985742905,41,467,41,115621,489989,4311,103645,4.538784319537589,0.1745941101756301
300,0.4707627316837254,37,395,37,116016,489594,4348,103608,4.535125421468005,0.17465888516896436
301,0.4707979332116189,55,897,55,116913,488697,4403,103553,4.52681648078847,0.1748467707893626
302,0.4708260784671642,38,458,38,117371,488239,4441,103515,4.52257401163437,0.1749291090554521
303,0.470834475564737,34,531,34,117902,487708,4475,103481,4.517655341064878,0.17503877778510765
304,0.4708359102657029,13,225,13,118127,487483,4488,103468,4.515571158620179,0.17508727457944906
305,0.470848049918468,26,498,26,118625,486985,4514,103442,4.510958168142577,0.1751986274340435
306,0.4709192709172446,41,460,41,119085,486525,4555,103401,4.506697172922301,0.17527791621321998
307,0.4709238288352982,0,1,0,119086,486524,4555,103401,4.506687909889214,0.17527821333220325
308,0.4709788913835454,23,292,23,119378,486232,4578,103378,4.503983104227649,0.17533284713624261
309,0.4709929420981019,6,187,6,119565,486045,4584,103372,4.502250917040276,0.17538007895937852
310,0.4710322415295701,43,581,43,120146,485464,4627,103329,4.4968690948164065,0.17549291516713003
311,0.4710641604229494,18,318,18,120464,485146,4645,103311,4.493923450294565,0.17556253048226123
312,0.471083116641797,0,27,0,120491,485119,4645,103311,4.493673348401201,0.175570586135989
313,0.4711105758568835,33,334,33,120825,484785,4678,103278,4.490579495349958,0.1756240402813984
314,0.4711316694021892,0,4,0,120829,484781,4678,103278,4.490542443217607,0.17562523488289442
315,0.4712554793943009,7,80,7,120909,484701,4685,103271,4.489801400570602,0.17563931615791228
316,0.4712814165717546,1,9,1,120918,484692,4686,103270,4.489718033272815,0.1756406026239791
317,0.4712867513746498,2,25,2,120943,484667,4688,103268,4.489486457445626,0.17564526690875693
318,0.4713278934472903,0,7,0,120950,484660,4688,103268,4.489421616214013,0.1756473581799132
319,0.471345963747335,92,2089,92,123039,482571,4780,103176,4.470071140094112,0.17614430803742914
320,0.4715035222123097,0,10,0,123049,482561,4780,103176,4.469978509763237,0.176147315262652
321,0.4715131237416349,2,4,2,123053,482557,4782,103174,4.4699414576308865,0.17614570511036637
322,0.4715525448541198,100,2110,100,125163,480447,4882,103074,4.450396457816147,0.17664145763391548
323,0.47166891080629,106,2139,106,127302,478308,4988,102968,4.430582830041869,0.17714132357090265
324,0.4717751268517881,0,8,0,127310,478300,4988,102968,4.430508725777169,0.17714376156953418
325,0.4717800187134986,15,140,15,127450,478160,5003,102953,4.429211901144911,0.17716519850700294
326,0.4718346769391973,11,59,11,127509,478101,5014,102942,4.4286653821927455,0.17716761065876363
327,0.4719050316240907,117,2390,117,129899,475711,5131,102825,4.40652673311349,0.17773310563214736
328,0.4719256077407094,4,40,4,129939,475671,5135,102821,4.406156211789988,0.17773970945147038
329,0.471943087456263,108,2185,108,132124,473486,5243,102713,4.385916484493682,0.17825959434153826
330,0.4719595898353551,2,26,2,132150,473460,5245,102711,4.385675645633406,0.178264785974997
331,0.4719902695215784,1,25,1,132175,473435,5246,102710,4.385444069806217,0.17827109495005597
332,0.4720407668712463,0,2,0,132177,473433,5246,102710,4.385425543740042,0.17827171379327703
333,0.4721111831291237,9,136,9,132313,473297,5255,102701,4.384165771240135,0.17830096632279974
334,0.4721392380556805,0,11,0,132324,473286,5255,102701,4.384063877876172,0.17830437145282793
335,0.4721409095428713,1,21,1,132345,473265,5256,102700,4.383869354181333,0.1783094458864688
336,0.4721428028000535,0,22,0,132367,473243,5256,102700,4.383665567453407,0.17831625699070916
337,0.4721605386601801,2,104,2,132471,473139,5258,102698,4.382702212012301,0.17834560821899254
338,0.472231426691549,7,77,7,132548,473062,5265,102691,4.38198895846456,0.17835947011999936
339,0.4722361233959987,13,214,13,132762,472848,5278,102678,4.380006669383823,0.17840723095046965
340,0.472270764746041,1,11,1,132773,472837,5279,102677,4.37990477601986,0.17840921332930215
341,0.472422834089151,2,79,2,132852,472758,5281,102675,4.379172996405943,0.17843085120248578
342,0.4725007776960204,0,1,0,132853,472757,5281,102675,4.379163733372856,0.178431161284044
343,0.4725338810438255,0,28,0,132881,472729,5281,102675,4.378904368446404,0.17843984400525545
344,0.4726121476138692,4,61,4,132942,472668,5285,102671,4.378339323428063,0.1784530511576653
345,0.4726219572162577,4,91,4,133033,472577,5289,102667,4.377496387417096,0.17847556862826905
346,0.4726642153402339,1,21,1,133054,472556,5290,102666,4.377301863722257,0.17848065616405492
347,0.4727161416193535,8,63,8,133117,472493,5298,102658,4.376718292637741,0.17848877946834832
348,0.4727841590427489,25,324,25,133441,472169,5323,102633,4.373717069917373,0.17855365847717997
349,0.4728092714136964,0,3,0,133444,472166,5323,102633,4.373689280818111,0.1785545903872484
350,0.4728095041074479,1,9,1,133453,472157,5324,102632,4.373605913520323,0.1785559570555456
351,0.4728172566178031,2,14,2,133467,472143,5326,102630,4.373476231057097,0.17855744789682187
352,0.4729450423321757,0,10,0,133477,472133,5326,102630,4.373383600726222,0.1785605545242126
353,0.4733362687651777,3,52,3,133529,472081,5329,102627,4.372901923005669,0.17857242286517674
354,0.4733459162146804,1,28,1,133557,472053,5330,102626,4.372642558079217,0.17857969405529
355,0.4733700899376671,8,75,8,133632,471978,5338,102618,4.371947830597651,0.17859156694442704
356,0.4733797520242282,7,95,7,133727,471883,5345,102611,4.371067842454333,0.17861109080338525
357,0.4734402010969336,0,10,0,133737,471873,5345,102611,4.370975212123458,0.1786141998732776
358,0.4734740301160896,10,66,10,133803,471807,5355,102601,4.370363851939679,0.1786204231138842
359,0.4735684584568188,0,21,0,133824,471786,5355,102601,4.370169328244841,0.17862695360445136
360,0.4735997643923924,1,20,1,133844,471766,5356,102600,4.369984067583089,0.17863174352242298
361,0.4736091991483174,2,42,2,133886,471724,5358,102598,4.369595020193412,0.1786419465038776
362,0.4736601757230403,0,2,0,133888,471722,5358,102598,4.369576494127237,0.17864256860286948
363,0.4736719736033731,1,18,1,133906,471704,5359,102597,4.369409759531661,0.1786467375122105
364,0.4736882046528873,3,43,3,133949,471661,5362,102594,4.369011449108896,0.17865582363235843
365,0.4736966107632086,12,112,12,134061,471549,5374,102582,4.36797398940309,0.17867350831082104
366,0.4737029977375421,0,15,0,134076,471534,5374,102582,4.367835043906777,0.17867817653575235
367,0.4737599364403347,0,32,0,134108,471502,5374,102582,4.367538626847975,0.17868813623093485
368,0.4737622535885686,2,12,2,134120,471490,5376,102580,4.367427470450925,0.17868901005103907
369,0.4737675052498297,15,87,15,134207,471403,5391,102565,4.3666215865723075,0.17869463105957126
370,0.4738414815090584,3,34,3,134241,471369,5394,102562,4.366306643447331,0.17870092397866644
371,0.4739123729121589,3,57,3,134298,471312,5397,102559,4.36577865056134,0.17871438006102416
372,0.473951297205359,0,21,0,134319,471291,5397,102559,4.365584126866501,0.1787209201010717
373,0.4739589407045964,7,56,7,134375,471235,5404,102552,4.365065397013598,0.1787283434445186
374,0.4739716027213547,20,586,20,134961,470649,5424,102532,4.359637259624291,0.17888241236188918
375,0.474092252965555,32,583,32,135544,470066,5456,102500,4.354236911334247,0.17901866335060063
376,0.4740940355971879,0,5,0,135549,470061,5456,102500,4.354190596168809,0.17902022666580505
377,0.474103822567698,0,5,0,135554,470056,5456,102500,4.3541442810033715,0.17902179000831359
378,0.4742007284056652,5,93,5,135647,469963,5461,102495,4.353282818926229,0.17904370276946083
379,0.4742652507067985,4,73,4,135720,469890,5465,102491,4.352606617510838,0.1790608004109151
380,0.4743704082484055,1,33,1,135753,469857,5466,102490,4.352300937418948,0.17906969024036118
381,0.4744183950117721,4,71,4,135824,469786,5470,102486,4.351643262069732,0.1790861688148293
382,0.4744454843826989,24,310,24,136134,469476,5494,102462,4.34877172181259,0.179148788854736
383,0.4745150031299252,28,599,28,136733,468877,5522,102434,4.343223164993145,0.1792963902322903
384,0.4745878652397697,0,32,0,136765,468845,5522,102434,4.342926747934343,0.1793064334589579
385,0.4746057076384423,2,41,2,136806,468804,5524,102432,4.342546963577754,0.1793164296367876
386,0.4746526392014039,0,2,0,136808,468802,5524,102432,4.342528437511579,0.17931705745806448
387,0.4746616336012095,25,547,25,137355,468255,5549,102407,4.337461558412687,0.17945298618096175
388,0.4746702741839117,3,51,3,137406,468204,5552,102404,4.336989143725221,0.17946471132546338
389,0.4747092429008576,3,21,3,137427,468183,5555,102401,4.336794620030383,0.1794670022292949
390,0.4747919173720677,19,299,19,137726,467884,5574,102382,4.334024973137204,0.17953376143764488
391,0.4747961242826662,19,264,19,137990,467620,5593,102363,4.33157953240209,0.17958956670637546
392,0.4748234032687198,0,13,0,138003,467607,5593,102363,4.3314591129719515,0.17959366282435918
393,0.4749184497490861,18,179,18,138182,467428,5611,102345,4.329801030049279,0.17962416611527748
394,0.4749190189089911,2,24,2,138206,467404,5613,102343,4.329578717255178,0.1796288528065966
395,0.4749410566751804,0,2,0,138208,467402,5613,102343,4.329560191189003,0.17962948336536522
396,0.4749794855420512,17,269,17,138477,467133,5630,102326,4.327068435288451,0.1796898459766199
397,0.4750180827349927,4,99,4,138576,467034,5634,102322,4.326151395012783,0.17971532749281643
398,0.4750441874687564,1,44,1,138620,466990,5635,102321,4.32574382155693,0.1797277762066779
399,0.47508264948451,10,81,10,138701,466909,5645,102311,4.324993515876839,0.17973894100699203
400,0.4752357966173787,9,66,9,138767,466843,5654,102302,4.32438215569306,0.17974681320225952
401,0.4753309628056917,140,1877,140,140644,464966,5794,102162,4.306995442587721,0.18013922782863834
402,0.4753868343036177,13,187,13,140831,464779,5807,102149,4.305263255400348,0.18017984647080404
403,0.4754203877932469,122,1962,122,142793,462817,5929,102027,4.287089184482567,0.1806286337466628
404,0.4754489958548129,0,5,0,142798,462812,5929,102027,4.287042869317129,0.1806302326857742
405,0.4755072241550596,134,1980,134,144778,460832,6063,101893,4.268702063803772,0.18107068283797592
406,0.4755160391810357,14,197,14,144975,460635,6077,101879,4.266877246285524,0.1811137145031057
407,0.4755293115544804,18,219,18,145194,460416,6095,101861,4.264848642039349,0.18115804132127047
408,0.475551046968828,0,3,0,145197,460413,6095,101861,4.264820852940087,0.18115900788583503
409,0.4755739991384981,19,275,19,145472,460138,6114,101842,4.26227351884101,0.18121997224100503
410,0.475598525984226,0,2,0,145474,460136,6114,101842,4.262254992774834,0.18122061717718488
411,0.4756522506718094,22,168,22,145642,459968,6136,101820,4.260698803216125,0.18124274637407706
412,0.4756969624374131,14,252,14,145894,459716,6150,101806,4.258364518878062,0.18130367109391973
413,0.4757125652184329,132,1938,132,147832,457778,6282,101674,4.240412760754381,0.18173855844647976
414,0.4758059481785432,160,2507,160,150339,455271,6442,101514,4.217190336803883,0.18232172202914948
415,0.4758386601182501,3,50,3,150389,455221,6445,101511,4.216727185149505,0.18233369017767975
416,0.4759263030835442,19,284,19,150673,454937,6464,101492,4.21409648375264,0.1823988325554563
417,0.4759698229357341,2,44,2,150717,454893,6466,101490,4.213688910296788,0.18241031807226318
418,0.4760231693360623,110,1350,110,152067,453543,6576,101380,4.201183815628589,0.18269201312614544
419,0.4760766134585532,1,37,1,152104,453506,6577,101379,4.20084108340435,0.18270272218567812
420,0.4761446791413389,91,1102,91,153206,452404,6668,101288,4.190633220941865,0.18293202719201287
421,0.4761743177913344,1,36,1,153242,452368,6669,101287,4.190299751750714,0.18294244610813593
422,0.4761746274012061,109,1826,109,155068,450542,6778,101178,4.173385453332839,0.18338650039875298
423,0.4762078783577045,0,3,0,155071,450539,6778,101178,4.173357664233577,0.18338749757574987
424,0.4762392714299492,108,1500,108,156571,449039,6886,101070,4.159463114602246,0.18372722496814267
425,0.4762464896141601,0,4,0,156575,449035,6886,101070,4.159426062469895,0.1837285609110988
426,0.4762512655007803,0,2,0,156577,449033,6886,101070,4.15940753640372,0.18372922888986246
427,0.4762731713609955,0,1,0,156578,449032,6886,101070,4.159398273370632,0.1837295628810657
428,0.4763545659251285,112,1553,112,158131,447479,6998,100958,4.145012782985661,0.18408313078803948
429,0.4763901733901582,67,789,67,158920,446690,7065,100891,4.13770424987958,0.18424854039858943
430,0.4763922641276149,101,1294,101,160214,445396,7166,100790,4.125717885064286,0.1845342062960237
431,0.4764166911519038,70,835,70,161049,444561,7236,100720,4.1179832524361775,0.18471210256730017
432,0.476455916786784,73,855,73,161904,443706,7309,100647,4.110063359146319,0.1848928911937658
433,0.4764769361626569,0,4,0,161908,443702,7309,100647,4.110026307013968,0.18489424982869446
434,0.4764796874514994,98,1805,98,163713,441897,7407,100549,4.093306532290933,0.18536222960442145
435,0.4764868425306633,114,1557,114,165270,440340,7521,100435,4.078883989773612,0.18572419213166289
436,0.4764964156058758,114,1841,114,167111,438499,7635,100321,4.0618307458594245,0.18618648157083997
437,0.476514387043894,90,1400,90,168511,437099,7725,100231,4.048862499536848,0.186535276273426
438,0.4765152804440041,81,759,81,169270,436340,7806,100150,4.041831857423395,0.18667635929840257
439,0.476532046568293,111,1850,111,171120,434490,7917,100039,4.02469524621142,0.18715355013479157
440,0.4765862243241853,112,1488,112,172608,433002,8029,99927,4.010911852977139,0.18750527743845802
441,0.476590562860628,86,1319,86,173927,431683,8115,99841,3.9986939123346548,0.18783911921192645
442,0.4766033318280597,103,1489,103,175416,430194,8218,99738,3.9849012560672867,0.18820905323701909
443,0.4766220012578306,3,30,3,175446,430164,8221,99735,3.98462336507466,0.18821511269128646
444,0.4766870950885842,0,3,0,175449,430161,8221,99735,3.9845955759753973,0.18821617826894335
445,0.4767842209682825,110,1908,110,177357,428253,8331,99625,3.966921708844344,0.18872731957005218
446,0.476794870640815,97,1322,97,178679,426931,8428,99528,3.954675979102597,0.18905175901637164
447,0.4767951395369355,3,36,3,178715,426895,8431,99525,3.9543425099114455,0.18906006610691084
448,0.4771048569207956,20,320,20,179035,426575,8451,99505,3.951378339323428,0.18914423661800486
449,0.4771469083200557,3,40,3,179075,426535,8454,99502,3.9510078179999257,0.18915399487108323
450,0.4771597203372593,0,36,0,179111,426499,8454,99502,3.950674348808774,0.18916694074726093
451,0.4771786152927066,17,329,17,179440,426170,8471,99485,3.9476268109229684,0.18925911481865482
452,0.4771976086801636,6,41,6,179481,426129,8477,99479,3.947247026566379,0.18926462306509795
453,0.4772694231906713,8,203,8,179684,425926,8485,99471,3.9453666308496054,0.1893254053601372
454,0.4772744872919848,2,32,2,179716,425894,8487,99469,3.9450702137908036,0.18933385107059308
455,0.4774091317253523,1,8,1,179724,425886,8488,99468,3.944996109526103,0.1893351911282678
456,0.477467475086448,5,113,5,179837,425773,8493,99463,3.9439493867872097,0.18936820781515357
457,0.4775198507340576,13,301,13,180138,425472,8506,99450,3.941161213827856,0.1894567192840079
458,0.4775526930560044,6,99,6,180237,425373,8512,99444,3.940244173552188,0.18948319128381894
459,0.4775732516211179,1,33,1,180270,425340,8513,99443,3.9399384934602986,0.18949356210090648
460,0.4776240747017511,7,136,7,180406,425204,8520,99436,3.9386787209603913,0.1895318694724001
461,0.4776859421728561,0,2,0,180408,425202,8520,99436,3.9386601948942164,0.1895325919967673
462,0.477749249623844,18,347,18,180755,424855,8538,99418,3.9354459224128346,0.1896302117408297
463,0.4778066538494491,16,377,16,181132,424478,8554,99402,3.931953758938827,0.18974192563182407
464,0.4778156621825694,2,37,2,181169,424441,8556,99400,3.9316110267145876,0.1897522339793945
465,0.4778640843014231,10,138,10,181307,424303,8566,99390,3.930332728148505,0.18978676438294956
466,0.4778737680136694,14,85,14,181392,424218,8580,99376,3.9295453703360628,0.18979591057193168
467,0.4779109873719517,11,154,11,181546,424064,8591,99365,3.9281188632405795,0.189834724480302
468,0.4779678799377337,1,38,1,181584,424026,8592,99364,3.9277668679832525,0.189846959246451
469,0.4780024486197559,4,73,4,181657,423953,8596,99360,3.927090666567861,0.18986724961925272
470,0.4780670741687285,6,139,6,181796,423814,8602,99354,3.925803104968691,0.18990840418374214
471,0.4781232390352617,10,131,10,181927,423683,8612,99344,3.9245896476342215,0.18994048108415054
472,0.4782201307108121,6,32,6,181959,423651,8618,99338,3.9242932305754197,0.1899428095045976
473,0.47823459591499,1,5,1,181964,423646,8619,99337,3.9242469154099817,0.18994307654359702
474,0.4783250136759451,0,3,0,181967,423643,8619,99337,3.924219126310719,0.18994416612489962
475,0.478439679215394,8,78,8,182045,423565,8627,99329,3.92349660972989,0.18996010663729168
476,0.4784398501168869,17,134,17,182179,423431,8644,99312,3.922255363296158,0.18998245791909218
477,0.4784436315859744,14,132,14,182311,423299,8658,99298,3.9210326429286004,0.1900087447880489
478,0.4784777328038959,14,150,14,182461,423149,8672,99284,3.9196431879654674,0.1900415938503119
479,0.4785041578336186,52,917,52,183378,422232,8724,99232,3.9111489866241804,0.19029501557154474
480,0.4785379851024371,86,1087,86,184465,421145,8810,99146,3.901080069658009,0.19055874501000403
481,0.4786234222432518,15,154,15,184619,420991,8825,99131,3.8996535625625253,0.19059182268775401
482,0.4786329957240792,13,92,13,184711,420899,8838,99118,3.8988013635184706,0.19060530713418986
483,0.4786496517201918,27,522,27,185233,420377,8865,99091,3.8939660602467674,0.19075477219000977
484,0.478727177759605,9,40,9,185273,420337,8874,99082,3.893595538923265,0.19075544021300722
485,0.4787581155676521,37,565,37,185838,419772,8911,99045,3.888361925228797,0.19090546377624482
486,0.4787712180787682,26,305,26,186143,419467,8937,99019,3.885536700137093,0.19097719128385338
487,0.4788189159755951,12,98,12,186241,419369,8949,99007,3.8846289228945126,0.19099456764973688
488,0.4788189269863412,6,51,6,186292,419318,8955,99001,3.8841565082070475,0.1910039956088818
489,0.478883601245987,7,159,7,186451,419159,8962,98994,3.8826836859461262,0.19105167778629092
490,0.4788856888913421,31,503,31,186954,418656,8993,98963,3.8780243803030863,0.19118888603393616
491,0.4788907842670352,20,177,20,187131,418479,9013,98943,3.8763848234465894,0.19122302491969803
492,0.4788963864996879,26,202,26,187333,418277,9039,98917,3.874513690762903,0.19125705247934044
493,0.4789593561480676,7,80,7,187413,418197,9046,98910,3.873772648115899,0.19127569342515185
494,0.4789741968433878,50,922,50,188335,417275,9096,98860,3.865232131609174,0.191539035329904
495,0.4789885296695722,40,620,40,188955,416655,9136,98820,3.8594890510948905,0.1917066783064164
496,0.4790366615984633,7,45,7,189000,416610,9143,98813,3.8590722146059506,0.19171243813333902
497,0.4790692693437874,1,7,1,189007,416603,9144,98812,3.8590073733743377,0.19171347360864546
498,0.4790888697951935,13,132,13,189139,416471,9157,98799,3.8577846530067808,0.19174219341316204
499,0.4790893111450593,9,101,9,189240,416370,9166,98790,3.8568490866649374,0.1917656650361053
500,0.4791397083866217,0,11,0,189251,416359,9166,98790,3.8567471933009743,0.19176975981706262
501,0.4791606494978299,16,166,16,189417,416193,9182,98774,3.8552095298084406,0.19180646526864828
502,0.4793198034212819,0,1,0,189418,416192,9182,98774,3.855200266775353,0.19180683773297655
503,0.4793239570277959,49,911,49,190329,415281,9231,98725,3.846761643632591,0.19206974237654814
504,0.479327814839482,0,1,0,190330,415280,9231,98725,3.8467523805995034,0.19207011604945476
505,0.4793522767394522,6,38,6,190368,415242,9237,98719,3.8464003853421764,0.1920748850593722
506,0.4793719798142118,1,2,1,190370,415240,9238,98718,3.8463818592760015,0.1920740605263465
507,0.4794403622735887,31,532,31,190902,414708,9269,98687,3.8414539256734224,0.1922243107159205
508,0.4794453063604101,42,716,42,191618,413992,9311,98645,3.834821593982734,0.19242660986233923
509,0.4794728617035172,1,7,1,191625,413985,9312,98644,3.834756752751121,0.19242766211041512
510,0.4795815346702605,3,40,3,191665,413945,9315,98641,3.8343862314276187,0.19243795187539262
511,0.4796461931382755,2,22,2,191687,413923,9317,98639,3.8341824446996924,0.19244306054682164
512,0.4796937004151655,0,2,0,191689,413921,9317,98639,3.8341639186335175,0.19244381145621975
513,0.4797000568551774,47,771,47,192460,413150,9364,98592,3.8270221201230132,0.19265958236767747
514,0.4797221369798848,151,1754,151,194214,411396,9515,98441,3.810774760087443,0.19308327955797638
515,0.479727782188956,45,666,45,194880,410730,9560,98396,3.804605580051132,0.19326453569450391
516,0.4797336436050192,92,814,92,195694,409916,9652,98304,3.797065471117863,0.1934280429735154
517,0.4797990565396083,0,10,0,195704,409906,9652,98304,3.7969728407869874,0.1934318490387832
518,0.4798794683887092,2,11,2,195715,409895,9654,98302,3.7968709474230242,0.19343286166585005
519,0.4799219707330574,1,1,1,195716,409894,9655,98301,3.7968616843899365,0.19343165517173527
520,0.4799630387390833,43,772,43,196488,409122,9698,98258,3.7897106228463446,0.1936576136229256
521,0.4799835951040375,2,14,2,196502,409108,9700,98256,3.789580940383119,0.19365977877815532
522,0.4800002750626272,4,80,4,196582,409028,9704,98252,3.7888398977361146,0.19368396152026493
523,0.4800409824151175,82,852,82,197434,408176,9786,98170,3.7809477935455185,0.1938792841258744
524,0.4800483421412601,0,11,0,197445,408165,9786,98170,3.7808459001815553,0.1938834961043578
525,0.4800894931547029,6,74,6,197519,408091,9792,98164,3.7801604357330763,0.19390228244659313
526,0.4800988064992699,2,4,2,197523,408087,9794,98162,3.7801233836007264,0.19390062992717022
527,0.4801406629381293,91,864,91,198387,407223,9885,98071,3.7721201230130794,0.19408700677229493
528,0.4801597246345119,103,1004,103,199391,406219,9988,97968,3.762820037793175,0.1943088576262379
529,0.4801699770326566,1,2,1,199393,406217,9989,97967,3.762801511727,0.1943080304015994
530,0.4801861228545944,51,664,51,200057,405553,10040,97916,3.756650857756864,0.19448267917190531
531,0.4802011848234816,0,3,0,200060,405550,10040,97916,3.756623068657601,0.19448383803474317
532,0.4802111197622191,7,49,7,200109,405501,10047,97909,3.756169180036311,0.19449156750958463
533,0.4802519785116537,2,38,2,200147,405463,10049,97907,3.755817184778984,0.19450304944672905
534,0.480323781319392,2,18,2,200165,405445,10051,97905,3.755650450183408,0.19450680441044998
535,0.480336266624191,4,46,4,200211,405399,10055,97901,3.7552243506613805,0.1945181800119213
536,0.4803964800411283,10,79,10,200290,405320,10065,97891,3.754492571047464,0.19453271093040495
537,0.4804029493880437,1,14,1,200304,405306,10066,97890,3.754362888584238,0.19453652254787399
538,0.4804243298136087,0,3,0,200307,405303,10066,97890,3.7543350994849756,0.1945376823604462
539,0.4804612177974633,7,51,7,200358,405252,10073,97883,3.75386268479751,0.19454619535512338
540,0.4804740621353494,2,34,2,200392,405218,10075,97881,3.7535477416725334,0.19455614103784744
541,0.4804967760752353,0,1,0,200393,405217,10075,97881,3.7535384786394457,0.19455652775403598
542,0.4805116075410611,0,1,0,200394,405216,10075,97881,3.753529215606358,0.1945569144717619
543,0.480515376660146,2,19,2,200413,405197,10077,97879,3.7533532179776947,0.19456106035668566
544,0.4806006277546507,4,57,4,200470,405140,10081,97875,3.752825225091704,0.19457670248402134
545,0.4806140862679643,1,33,1,200503,405107,10082,97874,3.7525195449998145,0.19458786713613438
546,0.480665757160858,0,12,0,200515,405095,10082,97874,3.752408388602764,0.1945925096775348
547,0.4806818969378604,0,7,0,200522,405088,10082,97874,3.7523435473711513,0.19459521792898868
548,0.4807599972764316,2,35,2,200557,405053,10084,97872,3.752019341213087,0.19460555748869116
549,0.4807697500161025,2,24,2,200581,405029,10086,97870,3.7517970284189857,0.1946116417014152
550,0.4808640248502894,1,14,1,200595,405015,10087,97869,3.75166734595576,0.1946154580380366
551,0.4808851897516963,10,104,10,200699,404911,10097,97859,3.750703990514654,0.19463969608369633
552,0.4809075434149842,1,4,1,200703,404907,10098,97858,3.7506669383823037,0.19463964277545176
553,0.4810224995252506,0,13,0,200716,404894,10098,97858,3.7505465189521656,0.1946446757049201
554,0.4810320760124228,5,46,5,200762,404848,10103,97853,3.750120419430138,0.19465447651785056
555,0.4811260360864503,1,16,1,200778,404832,10104,97852,3.7499722109007374,0.19465907011164071
556,0.481162137424674,39,332,39,201110,404500,10143,97813,3.7468968839156696,0.19472520121916018
557,0.4813052917010221,5,86,5,201196,404414,10148,97808,3.7461002630701397,0.1947505286506764
558,0.4813546413398647,19,178,19,201374,404236,10167,97789,3.744451443180555,0.19478910412828046
559,0.4814206616188157,0,1,0,201375,404235,10167,97789,3.7444421801474674,0.19478949213583413
560,0.4814394573042067,4,66,4,201441,404169,10171,97785,3.743830819963689,0.194808687648669
561,0.4815193352182603,3,33,3,201474,404136,10174,97782,3.7435251398717995,0.1948166832032324
562,0.4815289777265124,1,24,1,201498,404112,10175,97781,3.7433028270776982,0.19482439484113148
563,0.4816233226721606,3,8,3,201506,404104,10178,97778,3.7432287228129977,0.19482268740460906
564,0.4816540813750311,5,71,5,201577,404033,10183,97773,3.7425710474637817,0.194842229865725
565,0.4816700598655724,1,8,1,201585,404025,10184,97772,3.742496943199081,0.19484373162852708
566,0.4817207646287628,0,1,0,201586,404024,10184,97772,3.7424876801659934,0.1948441199212429
567,0.4817493048017328,2,14,2,201600,404010,10186,97770,3.7423579977027677,0.1948463470046634
568,0.4817587864760819,0,14,0,201614,403996,10186,97770,3.742228315239542,0.1948517835006756
569,0.4817825965915211,9,47,9,201661,403949,10195,97761,3.741792952684427,0.19485559386896814
570,0.4817878439108882,17,91,17,201752,403858,10212,97744,3.7409500166734597,0.1948636568434735
571,0.4817920901974243,5,100,5,201852,403758,10217,97739,3.740023713364704,0.1948944859091879
572,0.4818527928833095,0,2,0,201854,403756,10217,97739,3.740005187298529,0.1948952631631422
573,0.481859554577903,4,60,4,201914,403696,10221,97735,3.739449405313276,0.19491216139409012
574,0.4818706292796199,20,172,20,202086,403524,10241,97715,3.7378561636222165,0.1949469215284525
575,0.481886103087123,9,44,9,202130,403480,10250,97706,3.737448590166364,0.19494957959719544
576,0.4819330946033736,1,11,1,202141,403469,10251,97705,3.737346696802401,0.19495225211204092
577,0.4819341049142971,0,7,0,202148,403462,10251,97705,3.7372818555707883,0.19495497508814427
578,0.481941089285436,1,26,1,202174,403436,10252,97704,3.7370410167105117,0.19496348325817137
579,0.4820048040493648,0,13,0,202187,403423,10252,97704,3.7369205972803736,0.1949685409087916
580,0.4820122214123148,4,27,4,202214,403396,10256,97700,3.7366704953870093,0.1949726200169229
581,0.4820308229855549,1,7,1,202221,403389,10257,97699,3.7366056541553965,0.19497373714796604
582,0.4820512038778161,5,41,5,202262,403348,10262,97694,3.736225869798807,0.19498165822426064
583,0.4821337637288806,0,3,0,202265,403345,10262,97694,3.7361980806995443,0.19498282568821987
584,0.4821532875008992,8,115,8,202380,403230,10270,97686,3.7351328318944756,0.19501473300912728
585,0.4821643332173632,0,2,0,202382,403228,10270,97686,3.7351143058283003,0.19501551164471345
586,0.4821669553048114,2,10,2,202392,403218,10272,97684,3.735021675497425,0.19501619079181157
587,0.4821964606244088,2,4,2,202396,403214,10274,97682,3.7349846233650745,0.19501453395515236
588,0.4822039315335398,1,8,1,202404,403206,10275,97681,3.7349105191003744,0.19501604154230395
589,0.4822175516423034,11,106,11,202510,403100,10286,97670,3.7339286375930936,0.19503963895600776
590,0.4822236018236561,0,9,0,202519,403091,10286,97670,3.7338452702953053,0.19504314433432315
591,0.4822623978447116,2,26,2,202545,403065,10288,97668,3.733604431435029,0.19505005661699948
592,0.4822920536336728,3,63,3,202608,403002,10291,97665,3.7330208603505133,0.19506977691759192
593,0.4823270436986558,2,22,2,202630,402980,10293,97663,3.732817073622587,0.1950751333784753
594,0.482473749594012,1,10,1,202640,402970,10294,97662,3.7327244432917115,0.19507742213841703
595,0.4824803214053925,0,9,0,202649,402961,10294,97662,3.7326410759939233,0.19508092916226383
596,0.4825779439594172,9,113,9,202762,402848,10303,97653,3.73159435325503,0.1951104992797217
597,0.4825962986630617,11,101,11,202863,402747,10314,97642,3.7306587869131866,0.19513218715839079
598,0.4826300760412512,18,183,18,203046,402564,10332,97624,3.7289636518581646,0.19517461434500627
599,0.4826914300072097,0,6,0,203052,402558,10332,97624,3.728908073659639,0.19517695558816592
600,0.4827144557576268,3,15,3,203067,402543,10335,97621,3.728769128163326,0.19517798162202799
601,0.48281365345803,13,108,13,203175,402435,10348,97608,3.7277687205898697,0.19519921286769337
602,0.48285965822812,5,82,5,203257,402353,10353,97603,3.7270091518766906,0.19522317963980831
603,0.4828852290426371,5,75,5,203332,402278,10358,97598,3.726314424395124,0.19524442061631284
604,0.4828929409054169,33,187,33,203519,402091,10391,97565,3.7245822372077515,0.19526434186720465
605,0.4829682547476846,3,64,3,203583,402027,10394,97562,3.723989403090148,0.19528452387862824
606,0.4829765101205032,0,2,0,203585,402025,10394,97562,3.7239708770239726,0.1952853056624772
607,0.4830230710046976,0,8,0,203593,402017,10394,97562,3.7238967727592724,0.1952884328604685
608,0.4830380676847407,20,112,20,203705,401905,10414,97542,3.7228593130534664,0.195300001801993
609,0.4830428104393565,0,3,0,203708,401902,10414,97542,3.7228315239542034,0.195301174906496
610,0.4830805141382642,2,20,2,203728,401882,10416,97540,3.7226462632924524,0.1953057734741361
611,0.4830982924136061,86,1086,86,204814,400796,10502,97454,3.7125866093593687,0.1955925740090316
612,0.4831451846793717,3,28,3,204842,400768,10505,97451,3.712327244432917,0.19559872265007958
613,0.4831473643460164,4,65,4,204907,400703,10509,97447,3.711725147282226,0.1956177858074877
614,0.4831483795991615,2,10,2,204917,400693,10511,97445,3.7116325169513504,0.1956184832315543
615,0.4831527099150724,58,882,58,205799,399811,10569,97387,3.703462521768128,0.19587166480959295
616,0.4831697063769139,59,868,59,206667,398943,10628,97328,3.6954222090481306,0.19611865291342834
617,0.4831883685091107,3,15,3,206682,398928,10631,97325,3.6952832635518176,0.19611972119060236
618,0.4832246001340568,71,875,71,207557,398053,10702,97254,3.6871781096002074,0.19635095001685823
619,0.483298463942844,1,8,1,207565,398045,10703,97253,3.687104005335507,0.19635249889965234
620,0.4832999094558945,7,65,7,207630,397980,10710,97246,3.686501908184816,0.19636691126879444
621,0.4833614567626336,72,837,72,208467,397143,10782,97174,3.6787487494905333,0.19658235504746954
622,0.4833951552158101,52,358,52,208825,396785,10834,97122,3.675432583645189,0.19664025818625774
623,0.4834228280653557,84,1039,84,209864,395746,10918,97038,3.66580829226722,0.19691791941296796
624,0.4834252307364844,16,134,16,209998,395612,10934,97022,3.6645670458334876,0.19694539962730953
625,0.4834994172274603,4,15,4,210013,395597,10938,97018,3.6644281003371746,0.19694487581579936
626,0.483573579662833,55,356,55,210369,395241,10993,96963,3.661130460558005,0.19699758636662848
627,0.4835847109335537,12,168,12,210537,395073,11005,96951,3.659574270999296,0.19704526608458123
628,0.4836020850367776,1,12,1,210549,395061,11006,96950,3.659463114602245,0.19704843997390303
629,0.483700804212872,0,2,0,210551,395059,11006,96950,3.6594445885360702,0.19704924096916926
630,0.4837367417436672,1,2,1,210553,395057,11007,96949,3.6594260624698953,0.1970484099787401
631,0.4837554710500131,56,370,56,210923,394687,11063,96893,3.6559987402275,0.19710525245127955
632,0.4837760340149329,53,349,53,211272,394338,11116,96840,3.652765941679944,0.19715866752989752
633,0.4837858478320523,1,11,1,211283,394327,11117,96839,3.6526640483159807,0.19716144847159617
634,0.4838357098725029,73,1077,73,212360,393250,11190,96766,3.6426877616806848,0.19747518448377196
635,0.4839003900370976,79,884,79,213244,392366,11269,96687,3.634499240431287,0.19770249850220734
636,0.4839117781144725,57,490,57,213734,391876,11326,96630,3.6299603542183854,0.19780719172333605
637,0.4839149343488267,77,849,77,214583,391027,11403,96553,3.622096039127052,0.19802493949710817
638,0.4839246131331439,85,1065,85,215648,389962,11488,96468,3.6122309088888067,0.19831836029850133
639,0.4839746099324996,5,90,5,215738,389872,11493,96463,3.6113972359109265,0.1983468185509988
640,0.4839898862475261,10,101,10,215839,389771,11503,96453,3.6104616695690837,0.19837153246240416
641,0.484018826018481,88,825,88,216664,388946,11591,96365,3.6028196672718513,0.19856339543097107
642,0.484053589896191,63,859,63,217523,388087,11654,96302,3.5948627218496423,0.19881128597057324
643,0.4841292830174636,17,155,17,217678,387932,11671,96285,3.5934269517210717,0.19884679802650465
644,0.4841406413217858,1,15,1,217693,387917,11672,96284,3.5932880062247583,0.19885130348760122
645,0.4841655545306245,1,5,1,217698,387912,11673,96283,3.5932416910593203,0.19885170231001972
646,0.4842399168380525,50,435,50,218133,387477,11723,96233,3.5892122716662342,0.19894771660705796
647,0.4843046445104482,54,548,54,218681,386929,11777,96179,3.584136129534255,0.19908384874603607
648,0.48431665779841,1,11,1,218692,386918,11778,96178,3.5840342361702917,0.19908672396376703
649,0.4843168113630882,7,127,7,218819,386791,11785,96171,3.5828578309681722,0.1991274675854415
650,0.4843373557661867,3,9,3,218828,386782,11788,96168,3.5827744636703844,0.1991262035407392
651,0.4843528805112757,5,18,5,218846,386764,11793,96163,3.5826077290748084,0.1991253336425588
652,0.4843621007269804,4,8,4,218854,386756,11797,96159,3.582533624810108,0.1991219986954226
653,0.4843930587366029,0,6,0,218860,386750,11797,96159,3.5824780466115826,0.1991244727267456
654,0.4844029224467993,28,170,28,219030,386580,11825,96131,3.580903330986698,0.19914814454197233
655,0.4844063036427831,367,3375,367,222405,383205,12192,95764,3.549640594316203,0.19993778302979942
656,0.4844462829962846,7,192,7,222597,383013,12199,95757,3.5478620919633923,0.20000626605677047
657,0.4844578320328058,17,152,17,222749,382861,12216,95740,3.5464541109340844,0.20004137057799712
658,0.4844611047784504,43,603,43,223352,382258,12259,95697,3.540868501982289,0.20022177820087664
659,0.4845070892713209,0,8,0,223360,382250,12259,95697,3.5407943977175886,0.20022512956457514
660,0.4845337206496591,10,136,10,223496,382114,12269,95687,3.5395346252176814,0.2002653824500158
661,0.4845630274405357,1,6,1,223502,382108,12270,95686,3.539479047019156,0.20026622351892237
662,0.4845788824540256,18,140,18,223642,381968,12288,95668,3.538182222386898,0.20029478515019805
663,0.4845863784817127,55,412,55,224054,381556,12343,95613,3.534365852754826,0.20037554828582746
664,0.4846364047556288,345,3387,345,227441,378169,12688,95268,3.50299195968728,0.2012263511301398
665,0.4846414173109634,47,627,47,228068,377542,12735,95221,3.4971840379413837,0.20141381622504298
666,0.4846508049879963,52,608,52,228676,376934,12787,95169,3.4915521138241505,0.2015852472871386
667,0.4846510042359926,46,413,46,229089,376521,12833,95123,3.4877264811589908,0.2016838971766841
668,0.4846530642018304,298,3341,298,232430,373180,13131,94825,3.4567786876134723,0.2026153566735398
669,0.4846750314150972,293,2783,293,235213,370397,13424,94532,3.4309996665308087,0.20332566908065533
670,0.4846846273181454,326,3226,326,238439,367171,13750,94206,3.401117121790359,0.20418443051994356
671,0.484703478734192,2,7,2,238446,367164,13752,94204,3.401052280558746,0.2041840786530492
672,0.484707788910488,315,2825,315,241271,364339,14067,93889,3.3748842120864055,0.20489581605663557
673,0.4847177888148092,300,2802,300,244073,361537,14367,93589,3.3489291933750787,0.2056331653212517
674,0.4847264667311913,3,12,3,244085,361525,14370,93586,3.3488180369780283,0.20563335098470484
675,0.4847381334188871,329,3690,329,247775,357835,14699,93257,3.314637444884953,0.2067360981795288
676,0.4847452699737259,20,148,20,247923,357687,14719,93237,3.313266515987995,0.2067687681294409
677,0.4847756985950037,299,2582,299,250505,355105,15018,92938,3.2893493645559304,0.2074309831868816
678,0.4847788930191536,263,2515,263,253020,352590,15281,92675,3.2660528363407315,0.20813448171313711
679,0.4847816340143301,65,415,65,253435,352175,15346,92610,3.2622086776093964,0.20821295682183527
680,0.484793448610333,0,1,0,253436,352174,15346,92610,3.2621994145763087,0.20821342494334327
681,0.4847984407252939,1,6,1,253442,352168,15347,92609,3.2621438363777835,0.20821445353514234
682,0.4848045766149778,0,5,0,253447,352163,15347,92609,3.262097521212346,0.2082167942226579
683,0.4848146186514589,1,7,1,253454,352156,15348,92608,3.262032679980733,0.20821829104873596
684,0.4848220197386871,1,11,1,253465,352145,15349,92607,3.26193078661677,0.20822166061085728
685,0.4848409231720863,12,132,12,253597,352013,15361,92595,3.2607080662492125,0.20826210954368793
686,0.4848476201671553,281,2892,281,256489,349121,15642,92314,3.233919374560006,0.20912252086943717
687,0.4848490507189898,50,434,50,256923,348687,15692,92264,3.2298992182000075,0.20923866824204956
688,0.4848530165385742,49,617,49,257540,348070,15741,92215,3.2241839267849866,0.20944388293945967
689,0.4848634209208643,382,4304,382,261844,343766,16123,91833,3.184315832376153,0.2108200432048742
690,0.4848709915017976,302,2510,302,264354,341256,16425,91531,3.161065619326392,0.21149202725590185
691,0.4848995687255288,255,2500,255,266854,338756,16680,91276,3.1379080366075067,0.21225397179744762
692,0.4849022283751901,18,118,18,266972,338638,16698,91258,3.1368149987031755,0.21227924893462605
693,0.485011750401467,7,69,7,267041,338569,16705,91251,3.136175849420134,0.21230049788283467
694,0.485044803797806,12,179,12,267220,338390,16717,91239,3.1345177664974617,0.21236694915845997
695,0.4850458738288428,330,3427,330,270647,334963,17047,90909,3.102773352106414,0.21346554833377165
696,0.485070366448353,0,8,0,270655,334955,17047,90909,3.1026992478417132,0.21346955835665846
697,0.4851178691500837,7,59,7,270714,334896,17054,90902,3.1021527288895476,0.2134862070747162
698,0.485179276079393,2,15,2,270729,334881,17056,90900,3.102013783393234,0.21349003360882707
699,0.4852121780021744,20,112,20,270841,334769,17076,90880,3.100976323687428,0.21350925292905656
700,0.4852262439790601,23,135,23,270976,334634,17099,90857,3.0997258142206086,0.2135344813403809
701,0.4852451566136223,7,60,7,271036,334574,17106,90850,3.0991700322353553,0.21355165670013915
702,0.485260203313332,8,82,8,271118,334492,17114,90842,3.0984104635221756,0.21357803514414553
703,0.4852938243402551,24,134,24,271252,334358,17138,90818,3.0971692170884433,0.21360095583946412
704,0.4854090132540105,0,5,0,271257,334353,17138,90818,3.0971229019230058,0.21360346778119862
705,0.4854128052279135,385,3248,385,274505,331105,17523,90433,3.0670365704546296,0.21453107430409596
706,0.4854300389716408,15,139,15,274644,330966,17538,90418,3.0657490088554598,0.2145738803561597
707,0.4854636581176899,1,6,1,274650,330960,17539,90417,3.065693430656934,0.2145750717291167
708,0.4854812611690914,1,0,1,274650,330960,17540,90416,3.065693430656934,0.21457320777642772
709,0.4855626839782763,339,3252,339,277902,327708,17879,90077,3.035570047056208,0.21560611319219217
710,0.4855741109554761,4,60,4,277962,327648,17883,90073,3.035014265070955,0.21562957093370935
711,0.4856198496235592,0,2,0,277964,327646,17883,90073,3.03499573900478,0.21563060334818382
712,0.485627819285122,7,73,7,278037,327573,17890,90066,3.034319537589388,0.215655147148614
713,0.4856292846423834,27,349,27,278386,327224,17917,90039,3.031086739041832,0.21578476883883785
714,0.4856394455394153,0,11,0,278397,327213,17917,90039,3.0309848456778687,0.2157904575652124
715,0.4856583556623707,23,167,23,278564,327046,17940,90016,3.0294379191522474,0.21583361706412954
716,0.4856788952370938,1,6,1,278570,327040,17941,90015,3.0293823409537217,0.21583484192732375
717,0.4857340589584417,355,3254,355,281824,323786,18296,89660,2.9992404312868204,0.21686024293378095
718,0.4857525977566991,336,3205,336,285029,320581,18632,89324,2.969552410241209,0.21791390688086265
719,0.4857935011569453,1,5,1,285034,320576,18633,89323,2.9695060950757717,0.2179146570252672
720,0.4858241463982807,16,111,16,285145,320465,18649,89307,2.9684778984030533,0.21794314887303184
721,0.4858551091439447,22,144,22,285289,320321,18671,89285,2.9671440216384455,0.2179777639975977
722,0.4858701868863749,5,57,5,285346,320264,18676,89280,2.966616028752455,0.21799855448987165
723,0.4858727131602684,12,73,12,285419,320191,18688,89268,2.9659398273370634,0.21801450206247755
724,0.4859048892263972,34,290,34,285709,319901,18722,89234,2.9632535477416724,0.21810404878585307
725,0.4859207747496891,368,3376,368,289085,316525,19090,88866,2.9319815480380895,0.21921058928293918
726,0.4859783993163128,4,29,4,289114,316496,19094,88862,2.9317129200785503,0.21921856729113523
727,0.486000357612224,8,88,8,289202,316408,19102,88854,2.930897773166846,0.21925075630086216
728,0.4860036782196175,1,0,1,289202,316408,19103,88853,2.930897773166846,0.21924882976649615
729,0.4860094951902193,23,290,23,289492,316118,19126,88830,2.928211493571455,0.21936149826644408
730,0.4860404707852033,1,1,1,289493,316117,19127,88829,2.9282022305383677,0.21936011221249252
731,0.4860695606425635,20,167,20,289660,315950,19147,88809,2.926655304012746,0.21941204519232432
732,0.4861887030550071,19,287,19,289947,315663,19166,88790,2.923996813516618,0.21953107035922592
733,0.4862319203549261,12,33,12,289980,315630,19178,88778,2.9236911334247284,0.2195258254040474
734,0.4863428509908242,2,19,2,289999,315611,19180,88776,2.923515135796065,0.21953227972214734
735,0.4863618712254676,97,971,97,290970,314640,19277,88679,2.91452073066805,0.21987310292845116
736,0.4863916368788,6,113,6,291083,314527,19283,88673,2.9134740079291563,0.21992311507936507
737,0.486454346099732,77,1044,77,292127,313483,19360,88596,2.90380340138575,0.220344758119673
738,0.4864996616559017,1,3,1,292130,313480,19361,88595,2.9037756122864873,0.22034446309768077
739,0.4865090138186349,5,183,5,292313,313297,19366,88590,2.902080477231465,0.22043509742788395
740,0.4865445511497904,6,20,6,292333,313277,19372,88584,2.9018952165697134,0.22043442881991535
741,0.4865498460199068,25,338,25,292671,312939,19397,88559,2.8987643113861203,0.22057145988273913
742,0.4865502731121391,6,122,6,292793,312817,19403,88553,2.897634221349439,0.2206268530283778
743,0.4865680778760692,71,973,71,293766,311844,19474,88482,2.8886212901552484,0.22102486473524077
744,0.4865967798615219,6,34,6,293800,311810,19480,88476,2.8883063470302717,0.22103196214706486
745,0.4866046616819433,52,367,52,294167,311443,19532,88424,2.884906813887139,0.22113352689769347
746,0.4866199680087151,0,4,0,294171,311439,19532,88424,2.884869761754789,0.2211357389906043
747,0.4866304185095389,6,135,6,294306,311304,19538,88418,2.883619252287969,0.22119873311951807
748,0.48669553288937,9,30,9,294336,311274,19547,88409,2.8833413612953427,0.22119779925591032
749,0.4867414123898813,10,126,10,294462,311148,19557,88399,2.882174219126311,0.22124806343183656
750,0.4867559436686793,32,304,32,294766,310844,19589,88367,2.879358257067694,0.22135412100367977
751,0.4867589426687242,6,54,6,294820,310790,19595,88361,2.8788580532809664,0.22137236284012818
752,0.4868039579483108,0,2,0,294822,310788,19595,88361,2.878839527214791,0.22137347206181152
753,0.4868229811743624,9,46,9,294868,310742,19604,88352,2.8784134276927635,0.22138142893654125
754,0.4869154061674711,8,48,8,294916,310694,19612,88344,2.877968802104561,0.2213924488394589
755,0.4869445611195031,102,1070,102,295986,309624,19714,88242,2.868057356700878,0.2217882402617967
756,0.4869490274976204,42,352,42,296338,309272,19756,88200,2.8647967690540592,0.22190242331535304
757,0.4869529231912797,84,1074,84,297412,308198,19840,88116,2.854848271518026,0.22233885252602734
758,0.4869542116873077,5,52,5,297464,308146,19845,88111,2.854366593797473,0.22235821701572464
759,0.4869928978552744,0,3,0,297467,308143,19845,88111,2.8543388046982106,0.2223599004678817
760,0.4870360401967268,78,686,78,298153,307457,19923,88033,2.847984364000148,0.22259222736352374
761,0.4870559372217014,16,76,16,298229,307381,19939,88017,2.847280373485494,0.2226035538874754
762,0.487058501678875,32,217,32,298446,307164,19971,87985,2.845270295305495,0.22266284363619798
763,0.4870684669911816,0,8,0,298454,307156,19971,87985,2.8451961910407944,0.22266735165421964
764,0.4871316121480388,38,269,38,298723,306887,20009,87947,2.8427044351402424,0.22274424188393097
765,0.4871692535465851,7,35,7,298758,306852,20016,87940,2.842380228982178,0.22275020770431012
766,0.4872528064079625,54,400,54,299158,306452,20070,87886,2.8386750157471563,0.22286972089933002
767,0.4872905225637261,0,2,0,299160,306450,20070,87886,2.838656489680981,0.22287085125375314
768,0.4873014300914114,48,212,48,299372,306238,20118,87838,2.8366927266664197,0.22289609110932918
769,0.4873456040565079,9,81,9,299453,306157,20127,87829,2.8359424209863278,0.22292416481803923
770,0.4873674835269459,35,327,35,299780,305830,20162,87794,2.8329134091666974,0.22304026177265615
771,0.4873928061114609,20,313,20,300093,305517,20182,87774,2.8300140798102933,0.22317825732091504
772,0.4874315292336661,3,45,3,300138,305472,20185,87771,2.829597243321353,0.22319787001930105
773,0.4875481249353514,38,322,38,300460,305150,20223,87733,2.8266145466671606,0.22330566606343363
774,0.4875795689360713,0,1,0,300461,305149,20223,87733,2.826605283634073,0.2233062344418935
775,0.4876013214282534,0,1,0,300462,305148,20223,87733,2.8265960206009857,0.22330680282324675
776,0.4876164830260106,53,229,53,300691,304919,20276,87680,2.8244747860239356,0.22333220410648014
777,0.4876481535092344,31,221,31,300912,304698,20307,87649,2.822427655711586,0.22339663614096705
778,0.4876488157611445,1,12,1,300924,304686,20308,87648,2.8223164993145358,0.22340148954717154
779,0.4876934013665208,5,83,5,301007,304603,20313,87643,2.8215476675682685,0.2234388623465886
780,0.4876986146402141,49,234,49,301241,304369,20362,87594,2.819380117825781,0.2234751749527379
781,0.4877108818345451,95,1052,95,302293,303317,20457,87499,2.809635407017674,0.2238879677392942
782,0.4877135429107576,1,6,1,302299,303311,20458,87498,2.8095798288191487,0.22388941912801394
783,0.4877620795470545,0,3,0,302302,303308,20458,87498,2.809552039719886,0.2238911378023879
784,0.4878325943198473,67,596,67,302898,302712,20525,87431,2.8040312719997034,0.22409988132556524
785,0.487866633744798,0,2,0,302900,302710,20525,87431,2.8040127459335284,0.22410103014038515
786,0.4878920056810411,38,268,38,303168,302442,20563,87393,2.8015302530660637,0.2241794605409981
787,0.487895062666602,20,126,20,303294,302316,20583,87373,2.800363110897032,0.22421212813294705
788,0.4880268610182346,98,1075,98,304369,301241,20681,87275,2.7904053503279114,0.22463682319389677
789,0.4881578990937902,4,22,4,304391,301219,20685,87271,2.790201563599985,0.22464156091533888
790,0.4881916329242622,9,30,9,304421,301189,20694,87262,2.7899236726073586,0.22464094570486368
791,0.4881997507860071,0,5,0,304426,301184,20694,87262,2.7898773574419207,0.22464383723863807
792,0.4882105264222017,38,278,38,304704,300906,20732,87224,2.787302234243581,0.22472882797001004
793,0.4882126146102811,86,1022,86,305726,299884,20818,87138,2.7778354144281003,0.22514999147335293
794,0.4882283766838971,48,366,48,306092,299518,20866,87090,2.7744451443180553,0.22526693705251832
795,0.4882946736168598,36,268,36,306360,299250,20902,87054,2.771962651450591,0.2253510188866799
796,0.488326238087626,101,1241,101,307601,298009,21003,86953,2.7604672273889364,0.22587424213298976
797,0.4883277714819127,3,26,3,307627,297983,21006,86950,2.7602263885286598,0.2258834654342444
798,0.4883615008117513,0,1,0,307628,297982,21006,86950,2.760217125495572,0.2258840522481893
799,0.4884212378151398,8,48,8,307676,297934,21014,86942,2.7597724999073696,0.22589613278042797
800,0.4884652831169838,6,27,6,307703,297907,21020,86936,2.759522398014006,0.22589991243182284
801,0.4884768993823583,13,107,13,307810,297800,21033,86923,2.7585312534736373,0.22593658294409225
802,0.4885044341826626,1,10,1,307820,297790,21034,86922,2.758438623142762,0.22594044376052735
803,0.4885245613353035,0,1,0,307821,297789,21034,86922,2.758429360109674,0.22594103105967855
804,0.488530069988016,2,17,2,307838,297772,21036,86920,2.7582718885471857,0.22594699135932123
805,0.4885320678678577,4,12,4,307850,297760,21040,86916,2.7581607321501354,0.2259459909118323
806,0.4885321047572104,0,1,0,307851,297759,21040,86916,2.7581514691170477,0.22594657828036654
807,0.4885747065515206,99,1068,99,308919,296691,21139,86817,2.74825854977954,0.22637598172658718
808,0.4885761613253374,0,9,0,308928,296682,21139,86817,2.7481751824817517,0.2263812943449657
809,0.4885804636108605,0,1,0,308929,296681,21139,86817,2.748165919448664,0.22638188465128892
810,0.4886740704912971,0,3,0,308932,296678,21139,86817,2.7481381303494015,0.22638365558872997
811,0.4886773454802366,3,21,3,308953,296657,21142,86814,2.747943606654563,0.22639000080840532
812,0.4886831646324492,1,9,1,308962,296648,21143,86813,2.747860239356775,0.22639329684113899
813,0.4887005730371188,6,57,6,309019,296591,21149,86807,2.7473322464707843,0.22641484827776878
814,0.4887084607037265,6,31,6,309050,296560,21155,86801,2.7470450924450702,0.22642104961120196
815,0.488738207967174,0,4,0,309054,296556,21155,86801,2.74700804031272,0.2264234121197735
816,0.4887679620755207,0,5,0,309059,296551,21155,86801,2.7469617251472824,0.22642636532481897
817,0.4888537009395238,2,15,2,309074,296536,21157,86799,2.746822779650969,0.22643118942961118
818,0.4888621791341364,5,54,5,309128,296482,21162,86794,2.746322575864241,0.2264529999269456
819,0.4889716612410105,2,57,2,309185,296425,21164,86792,2.74579458297825,0.22648264560288295
820,0.4890852103370887,0,1,0,309186,296424,21164,86792,2.745785319945163,0.22648323660807482
821,0.4890867577675959,12,49,12,309235,296375,21176,86780,2.745331431323873,0.22648797484046926
822,0.4891040707351545,8,39,8,309274,296336,21184,86772,2.744970173033458,0.22649487872871357
823,0.4891517336182865,31,200,31,309474,296136,21215,86741,2.7431175664159473,0.22655056323571277
824,0.489181125190861,0,10,0,309484,296126,21215,86741,2.743024936085072,0.22655648044882426
825,0.4891907076569204,3,7,3,309491,296119,21218,86738,2.742960094853459,0.2265545621472247
826,0.4892598142505067,14,134,14,309625,295985,21232,86724,2.7417188484197266,0.22660559328366983
827,0.4892734697285082,15,130,15,309755,295855,21247,86709,2.7405146541183445,0.22665227256093098
828,0.4892848489471736,1,0,1,309755,295855,21248,86708,2.7405146541183445,0.22665025106975845
829,0.4893368857317041,0,1,0,309756,295854,21248,86708,2.740505391085257,0.22665084352340276
830,0.4893750346767385,2,38,2,309794,295816,21250,86706,2.74015339582793,0.22666931575177376
831,0.4893875198402474,1,0,1,309794,295816,21251,86705,2.74015339582793,0.22666729408320066
832,0.4894572212320945,1,56,1,309850,295760,21252,86704,2.739634665975027,0.22669846050870146
833,0.4894903460090386,6,13,6,309863,295747,21258,86698,2.7395142465448887,0.2266940344363242
834,0.4895092090432136,0,16,0,309879,295731,21258,86698,2.7393660380154876,0.2267035188231018
835,0.4896087832057427,2,59,2,309938,295672,21260,86696,2.738819519063322,0.22673445476608922
836,0.4896574498952201,0,1,0,309939,295671,21260,86696,2.7388102560302348,0.22673504774209072
837,0.4897414075501112,15,66,15,310005,295605,21275,86681,2.738198895846456,0.2267438514619944
838,0.4897883671513439,22,135,22,310140,295470,21297,86659,2.7369483863796362,0.226779438357204
839,0.4898063542179461,14,144,14,310284,295326,21311,86645,2.7356145096150284,0.2268365923067458
840,0.4898133687349307,2,11,2,310295,295315,21313,86643,2.7355126162510652,0.22683907654768326
841,0.4898470822102093,11,56,11,310351,295259,21324,86632,2.734993886398162,0.2268500697843102
842,0.4899224976155293,4,42,4,310393,295217,21328,86628,2.734604839008485,0.22686692244235226
843,0.489941906405237,1,20,1,310413,295197,21329,86627,2.734419578346734,0.22687678092524305
844,0.4899514436369195,4,22,4,310435,295175,21333,86623,2.7342157916188077,0.22688175422605672
845,0.4900297818779916,6,48,6,310483,295127,21339,86617,2.733771166030605,0.22689813068443773
846,0.4900424194450052,4,18,4,310501,295109,21343,86613,2.733604431435029,0.22690072880263648
847,0.4900456139348065,0,6,0,310507,295103,21343,86613,2.7335488532365035,0.22690429533999099
848,0.4900467280253265,12,66,12,310573,295037,21355,86601,2.732937493052725,0.226919227120989
849,0.4900530885129687,1,1,1,310574,295036,21356,86600,2.732928230019638,0.226917796015051
850,0.4900767568745549,1,15,1,310589,295021,21357,86599,2.7327892845233244,0.22692468948168334
851,0.4901012629125355,8,70,8,310659,294951,21365,86591,2.7321408722071956,0.22695011296266204
852,0.4901140668302061,3,17,3,310676,294934,21368,86588,2.7319834006447072,0.2269541468119794
853,0.4901547928575996,1,9,1,310685,294925,21369,86587,2.731900033346919,0.22695747447000356
854,0.4901600937815724,6,46,6,310731,294879,21375,86581,2.7314739338248915,0.22697268389870498
855,0.4902042196243086,1,0,1,310731,294879,21376,86580,2.7314739338248915,0.22697065739699418
856,0.4902773888531714,0,6,0,310737,294873,21376,86580,2.7314183556263663,0.22697422749329538
857,0.4902925373903322,3,64,3,310801,294809,21379,86577,2.7308255215087627,0.22700623515283727
858,0.4902981935585598,0,12,0,310813,294797,21379,86577,2.7307143651117123,0.2270133779439605
859,0.4903059087208681,0,7,0,310820,294790,21379,86577,2.7306495238800994,0.2270175447797004
860,0.4903239223276082,1,10,1,310830,294780,21380,86576,2.730556893549224,0.22702147075173854
861,0.4903843862151636,13,65,13,310895,294715,21393,86563,2.7299547963985327,0.22703381784419768
862,0.4903940734058074,6,10,6,310905,294705,21399,86557,2.729862166067657,0.22702760831134494
863,0.4904016100041261,8,58,8,310963,294647,21407,86549,2.7293249101485793,0.22704592912832244
864,0.4904180323360925,2,8,2,310971,294639,21409,86547,2.7292508058838787,0.22704663864884858
865,0.4904186332945252,0,1,0,310972,294638,21409,86547,2.729241542850791,0.2270472342825662
866,0.4904226974079977,6,71,6,311043,294567,21415,86541,2.7285838675015746,0.22707736389684813
867,0.490546878167311,1,11,1,311054,294556,21416,86540,2.7284819741376114,0.22708189012742197
868,0.490710572550343,1,0,1,311054,294556,21417,86539,2.7284819741376114,0.2270798619766725
869,0.4907901754109938,12,60,12,311114,294496,21429,86527,2.7279261921523585,0.22709127795434922
870,0.490813531617816,4,51,4,311165,294445,21433,86523,2.727453777464893,0.2271135633439029
871,0.4908324688276754,14,123,14,311288,294322,21447,86509,2.726314424395124,0.22715850337813887
872,0.4908735951788571,7,36,7,311324,294286,21454,86502,2.7259809552039718,0.2271657720306312
873,0.4909250496729701,25,186,25,311510,294100,21479,86477,2.724258031049687,0.22722602784718993
874,0.4909953371586733,19,138,19,311648,293962,21498,86458,2.7229797324836045,0.22726985962883128
875,0.4910198940771859,2,31,2,311679,293931,21500,86456,2.7226925784578904,0.2272843183389548
876,0.4910533611638252,17,156,17,311835,293775,21517,86439,2.7212475452962317,0.22734302261358078
877,0.4910648992298673,7,38,7,311873,293737,21524,86432,2.7208955500389047,0.22735151998190278
878,0.4910811970603066,3,12,3,311885,293725,21527,86429,2.720784393641854,0.22735259920979392
879,0.4910838231858626,75,578,75,312463,293147,21602,86354,2.7154303605172476,0.22754617247385384
880,0.4911369630479035,0,1,0,312464,293146,21602,86354,2.7154210974841604,0.2275467720685112
881,0.4911406845334193,0,35,0,312499,293111,21602,86354,2.715096891326096,0.227567759872452
882,0.491148259716151,7,69,7,312568,293042,21609,86347,2.7144577420430545,0.22759489600383775
883,0.4911520492748569,1,2,1,312570,293040,21610,86346,2.7144392159768795,0.2275940598756939
884,0.491173528315543,2,34,2,312604,293006,21612,86344,2.714124272851903,0.22761038618689863
885,0.4912186387454367,0,5,0,312609,293001,21612,86344,2.714077957686465,0.22761338623153066
886,0.4912239045084018,16,118,16,312727,292883,21628,86328,2.7129849197821336,0.22765162402989364
887,0.4912914583428446,1,15,1,312742,292868,21629,86327,2.71284597428582,0.22765859254473292
888,0.4912958580301628,34,316,34,313058,292552,21663,86293,2.709918855830153,0.22777917090102812
889,0.4913166559569714,62,551,62,313609,292001,21725,86231,2.7048149245989106,0.22798441168383426
890,0.4913546905147019,45,227,45,313836,291774,21770,86186,2.702712216088036,0.2280294211027622
891,0.4913715441701475,0,3,0,313839,291771,21770,86186,2.7026844269887733,0.22803123106596782
892,0.4913756395277943,3,34,3,313873,291737,21773,86183,2.702369483863796,0.22804561812023708
893,0.4913876780438131,2,3,2,313876,291734,21775,86181,2.7023416947645336,0.22804334307979307
894,0.4914131589082637,9,34,9,313910,291700,21784,86172,2.702026751639557,0.2280454757166448
895,0.4914261487589355,32,313,32,314223,291387,21816,86140,2.6991274222831523,0.22816911108344567
896,0.4914283285249,30,181,30,314404,291206,21846,86110,2.697450813294305,0.22821719725641107
897,0.4914865833420521,9,40,9,314444,291166,21855,86101,2.697080291970803,0.22822298266214644
898,0.4914942401404244,42,254,42,314698,290912,21897,86059,2.6947274815665643,0.2282907703775622
899,0.4915274961737906,0,5,0,314703,290907,21897,86059,2.6946811664011263,0.2282937983796947
900,0.4915385548454843,5,33,5,314736,290874,21902,86054,2.6943754863092373,0.22830354868834365
901,0.4915519511679254,76,593,76,315329,290281,21978,85978,2.6888825076883176,0.2285074908507172
902,0.4915995991955824,75,593,75,315922,289688,22053,85903,2.683389529067398,0.22871421306687328
903,0.4916180570538093,14,103,14,316025,289585,22067,85889,2.6824354366593797,0.22874819561407714
904,0.4916319878675422,13,60,13,316085,289525,22080,85876,2.6818796546741264,0.22875804806060718
905,0.4916567353148424,7,61,7,316146,289464,22087,85869,2.681314609655786,0.22878084261176077
906,0.491828517649032,0,2,0,316148,289462,22087,85869,2.6812960835896105,0.22878206170020596
907,0.4918343919536022,0,2,0,316150,289460,22087,85869,2.6812775575234356,0.22878328080164337
908,0.4918344222815623,76,645,76,316795,288815,22163,85793,2.675302901181963,0.22902073634305728
909,0.4918575616184544,11,43,11,316838,288772,22174,85782,2.674904590759198,0.2290243863368166
910,0.4919087649861003,37,217,37,317055,288555,22211,85745,2.672894512579199,0.2290809511087363
911,0.491928933113101,0,3,0,317058,288552,22211,85745,2.6728667234799364,0.22908278719840128
912,0.4919570275642869,0,1,0,317059,288551,22211,85745,2.6728574604468487,0.22908339923483018
913,0.4919735124406849,34,313,34,317372,288238,22245,85711,2.669958131090444,0.229205052025811
914,0.4920452058023122,0,2,0,317374,288236,22245,85711,2.669939605024269,0.2292062778949958
915,0.4920770381658695,42,308,42,317682,287928,22287,85669,2.6670865908333026,0.2293085865250524
916,0.4920866896593535,40,248,40,317930,287680,22327,85629,2.664789358627589,0.22937834340988297
917,0.4920883236353085,3,32,3,317962,287648,22330,85626,2.6644929415687875,0.2293918140561625
918,0.4921268244393784,9,99,9,318061,287549,22339,85617,2.6635759012931195,0.22943408563481132
919,0.4921809938597293,12,86,12,318147,287463,22351,85605,2.6627792804475896,0.22946218919875197
920,0.4922389819310755,0,2,0,318149,287461,22351,85605,2.6627607543814147,0.22946341934134978
921,0.4922390102422737,2,27,2,318176,287434,22353,85603,2.662510652488051,0.2294758964928412
922,0.4923077047383405,228,1738,228,319914,285696,22581,85375,2.6464115009818814,0.230077262841882
923,0.4923654602160886,18,174,18,320088,285522,22599,85357,2.644799733224647,0.23014783797411015
924,0.492397851818864,7,43,7,320131,285479,22606,85350,2.644401422801882,0.23015999288081568
925,0.4924751972678397,17,60,17,320191,285419,22623,85333,2.643845640816629,0.23016194113585361
926,0.4924773149191924,24,192,24,320383,285227,22647,85309,2.6420671384638186,0.2302313405445085
927,0.4925184875926053,7,58,7,320441,285169,22654,85302,2.6415298825447406,0.2302528403032896
928,0.4925209862336219,70,419,70,320860,284750,22724,85232,2.637648671681055,0.23036796384688984
929,0.4925556259613528,3,29,3,320889,284721,22727,85229,2.637380043721516,0.23037978105149345
930,0.4925665703870736,211,1889,211,322778,282832,22938,85018,2.6198821742191263,0.23112138099768928
931,0.4925741618345879,4,33,4,322811,282799,22942,85014,2.619576494127237,0.2311337554681319
932,0.4925795638541301,7,42,7,322853,282757,22949,85007,2.6191874467375595,0.23114551723387824
933,0.4925892724142213,0,2,0,322855,282755,22949,85007,2.6191689206713846,0.23114677427249145
934,0.4926778223644291,7,27,7,322882,282728,22956,85000,2.618918818778021,0.23114911021189574
935,0.4926962711115225,5,45,5,322927,282683,22961,84995,2.618501982289081,0.23116694498990964
936,0.4927268812796529,137,680,137,323607,282003,23098,84858,2.6122031197895437,0.23130831568359678
937,0.4927312997773557,136,1126,136,324733,280877,23234,84722,2.601772944532958,0.2317347695152339
938,0.4927765265733203,0,3,0,324736,280874,23234,84722,2.601745155433695,0.2317366710795523
939,0.4927916534214008,114,994,114,325730,279880,23348,84608,2.5925377005446664,0.2321283553916727
940,0.492793743322532,149,1092,149,326822,278788,23497,84459,2.582422468413057,0.2325112113795847
941,0.4928378193802455,134,884,134,327706,277904,23631,84325,2.574233947163659,0.23279472377970842
942,0.4928474256393526,148,737,148,328443,277167,23779,84177,2.567407091778132,0.23295530021253985
943,0.4928483767666131,64,305,64,328748,276862,23843,84113,2.564581866686428,0.2330161368515825
944,0.4928530605917146,173,1240,173,329988,275622,24016,83940,2.5530957056578605,0.23345069834965876
945,0.4928661797586884,10,57,10,330045,275565,24026,83930,2.5525677127718702,0.23346639035313427
946,0.492894197585382,131,712,131,330757,274853,24157,83799,2.5459724332135316,0.2336498890289194
947,0.4928957987349628,8,50,8,330807,274803,24165,83791,2.545509281559154,0.23366537086510092
948,0.4929100521919077,0,9,0,330816,274794,24165,83791,2.5454259142613656,0.23367123555084568
949,0.4929147150995677,8,39,8,330855,274755,24173,83783,2.5450646559709513,0.23367955418951408
950,0.492920348743424,138,944,138,331799,273811,24311,83645,2.5363203527363,0.23400082807394476
951,0.4929272000689214,0,3,0,331802,273808,24311,83645,2.5362925636370375,0.23400279197544852
952,0.4929417588473622,48,273,48,332075,273535,24359,83597,2.533763755604135,0.23407871599296617
953,0.4929449669768299,49,261,49,332336,273274,24408,83548,2.5313461039682834,0.2341447556484746
954,0.4929550612260747,1,6,1,332342,273268,24409,83547,2.531290525769758,0.23414654652971428
955,0.492965638744691,128,962,128,333304,272306,24537,83419,2.522379487939531,0.2345041816009558
956,0.4929663963497541,0,1,0,333305,272305,24537,83419,2.5223702249064432,0.23450484083165601
957,0.4929727226819339,145,1089,145,334394,271216,24682,83274,2.512282781874097,0.2349121272814466
958,0.4929784349699874,158,907,158,335301,270309,24840,83116,2.5038812108636854,0.23517295041380773
959,0.4929999018243788,0,5,0,335306,270304,24840,83116,2.5038348956982475,0.23517627751683548
960,0.4930182421434023,136,1087,136,336393,269217,24976,82980,2.493765978732076,0.2356067768890706
961,0.493072531790407,4,31,4,336424,269186,24980,82976,2.493478824706362,0.23561883451366133
962,0.4931187445026475,146,730,146,337154,268456,25126,82830,2.4867168105524473,0.23579078016203323
963,0.4931506084945715,0,1,0,337155,268455,25126,82830,2.4867075475193596,0.23579145138562704
964,0.4931575635149556,46,264,46,337419,268191,25172,82784,2.4842621067842456,0.23586865161336276
965,0.4931727472165611,0,1,0,337420,268190,25172,82784,2.484252843751158,0.23586932365360397
966,0.4931889698265642,190,1736,190,339156,266454,25362,82594,2.468172218311164,0.236626481171644
967,0.4931906083552784,2,7,2,339163,266447,25364,82592,2.468107377079551,0.2366268525866737
968,0.4932324151467683,217,1714,217,340877,264733,25581,82375,2.452230538367483,0.23731806815169917
969,0.4932457647658915,137,1055,137,341932,263678,25718,82238,2.4424580384601136,0.23773979810127313
970,0.4932696371362907,4,7,4,341939,263671,25722,82234,2.4423931972285007,0.23773579451005333
971,0.4932945131615495,19,74,19,342013,263597,25741,82215,2.4417077327800216,0.23774478618440079
972,0.4933952500255226,0,1,0,342014,263596,25741,82215,2.441698469746934,0.23774547368360174
973,0.4934570558719414,8,35,8,342049,263561,25749,82207,2.4413742635888696,0.23775190301011082
974,0.4934821309505612,10,46,10,342095,263515,25759,82197,2.440948164066842,0.23776148933216087
975,0.493497946226594,2,14,2,342109,263501,25761,82195,2.4408184816036163,0.23776670832176247
976,0.4935048315388149,2,45,2,342154,263456,25763,82193,2.4404016451146764,0.23779325269276058
977,0.4935272449588478,51,420,51,342574,263036,25814,82142,2.4365111712179037,0.23796997491149494
978,0.4935282070265948,157,1266,157,343840,261770,25971,81985,2.42478417132906,0.23849834911492196
979,0.493562723633315,7,37,7,343877,261733,25978,81978,2.4244414391048204,0.23850851442054516
980,0.4935800265568577,0,3,0,343880,261730,25978,81978,2.4244136500055578,0.23851059620375434
981,0.4935908850550566,81,548,81,344428,261182,26059,81897,2.419337507873578,0.23871178358337292
982,0.4936270042438562,12,31,12,344459,261151,26071,81885,2.419050353847864,0.2387067246586364
983,0.4936302143232149,2,11,2,344470,261140,26073,81883,2.4189484604839007,0.23870994073283716
984,0.4936371387353088,168,1175,168,345645,259965,26241,81715,2.408064396606025,0.2391565207211426
985,0.4936484157508065,7,8,7,345653,259957,26248,81708,2.4079902923413243,0.23914653242210937
986,0.4936520028484269,1,31,1,345684,259926,26249,81707,2.4077031383156102,0.23916600562592022
987,0.4936579717642076,4,36,4,345720,259890,26253,81703,2.407369669124458,0.23918230174505917
988,0.4936675796657751,0,10,0,345730,259880,26253,81703,2.4072770387935827,0.23918930391734952
989,0.4937023256013234,7,41,7,345771,259839,26260,81696,2.4068972544369927,0.23920242434889544
990,0.4937139545213189,8,36,8,345807,259803,26268,81688,2.406563785245841,0.2392098181211218
991,0.4937328745264449,8,46,8,345853,259757,26276,81680,2.4061376857238135,0.23922421998787477
992,0.4937619148179721,1,0,1,345853,259757,26277,81679,2.4061376857238135,0.23922199182277207
993,0.493798590901175,55,455,55,346308,259302,26332,81624,2.4019230056689764,0.23941852484116788
994,0.4938054606608779,1074,7006,1074,353314,252296,27406,80550,2.3370261958575718,0.24200380956959075
995,0.4938472956489727,836,5264,836,358578,247032,28242,79714,2.2882655896846864,0.24396320077368966
996,0.4938504082428624,0,12,0,358590,247020,28242,79714,2.2881544332876356,0.2439721608403166
997,0.4939161358850702,151,1185,151,359775,245835,28393,79563,2.277177739078884,0.2445098003060867
998,0.4939374335358074,7,40,7,359815,245795,28400,79556,2.276807217755382,0.24452360681233498
999,0.4939497936000572,837,5214,837,365029,240581,29237,78719,2.2285097632368744,0.246536172878171
1000,0.4939541888878517,0,8,0,365037,240573,29237,78719,2.228435658972174,0.24654234994926275
1001,0.4939926293635657,145,1238,145,366275,239335,29382,78574,2.2169680240097818,0.24715877814091453
1002,0.4939942345039002,163,1236,163,367511,238099,29545,78411,2.2055189151135646,0.2477362484597643
1003,0.4940119427064788,0,8,0,367519,238091,29545,78411,2.2054448108488645,0.2477425103158906
1004,0.4940206169626409,7,70,7,367589,238021,29552,78404,2.2047963985327357,0.24778067472544837
1005,0.4940256394406945,5,41,5,367630,237980,29557,78399,2.2044166141761457,0.2478008970254031
1006,0.4940336665392207,5,11,5,367641,237969,29562,78394,2.204314720812183,0.24779762488027993
1007,0.4940506266600139,793,5308,793,372949,232661,30355,77601,2.155146541183445,0.2501144194261624
1008,0.49411376751593,5,27,5,372976,232634,30360,77596,2.154896439290081,0.2501241014731006
1009,0.4941188658693826,0,4,0,372980,232630,30360,77596,2.154859387157731,0.2501273265296913
1010,0.4941431167885977,12,42,12,373022,232588,30372,77584,2.1544703397680536,0.25013218472331483
1011,0.4941912118914892,834,5480,834,378502,227108,31206,76750,2.1037089184482567,0.25258508908766597
1012,0.4942227491842373,13,84,13,378586,227024,31219,76737,2.102930823668902,0.2526229502799899
1013,0.4942384366262282,46,452,46,379038,226572,31265,76691,2.0987439327133277,0.25288610875708545
1014,0.49426305322407,17,104,17,379142,226468,31282,76674,2.0977805772722222,0.252930969644589
1015,0.4942680380209737,3,34,3,379176,226434,31285,76671,2.097465634147245,0.25295194734497944
1016,0.4943153856414776,18,115,18,379291,226319,31303,76653,2.0964003853421764,0.25300357788838573
1017,0.4943524206106818,10,29,10,379320,226290,31313,76643,2.0961317573826372,0.2530031393080318
1018,0.4943961033531597,2,1,2,379321,226289,31315,76641,2.09612249434955,0.2529990426831281
1019,0.4944666249373213,4,20,4,379341,226269,31319,76637,2.0959372336877986,0.25300588301321203
1020,0.4944929741499108,2,30,2,379371,226239,31321,76635,2.095659342695172,0.2530260108163791
1021,0.4945257984536867,31,369,31,379740,225870,31352,76604,2.0922412834858646,0.25325813127739905
1022,0.4945594559468216,80,350,80,380090,225520,31432,76524,2.0889992219052207,0.2533538160003178
1023,0.4945704202886083,52,358,52,380448,225162,31484,76472,2.0856830560598763,0.25352579616356247
1024,0.4946247802531096,2,41,2,380489,225121,31486,76470,2.0853032717032867,0.2535553116638096
1025,0.4946251232786656,6,33,6,380522,225088,31492,76464,2.084997591611397,0.2535682071417202
1026,0.494643177031434,44,381,44,380903,224707,31536,76420,2.081468376005039,0.2537799665921687
1027,0.4947355565786653,1,9,1,380912,224698,31537,76419,2.081385008707251,0.25378507357605185
1028,0.4947945175225333,1,15,1,380927,224683,31538,76418,2.081246063210938,0.253795238142683
1029,0.4948093569935968,5,26,5,380953,224657,31543,76413,2.0810052243506614,0.2538047630119241
1030,0.4948153701757664,0,20,0,380973,224637,31543,76413,2.0808199636889104,0.25382162431489785
1031,0.4948254798268446,14,108,14,381081,224529,31557,76399,2.0798195561154547,0.25387800404083366
1032,0.4948354588394338,24,111,24,381192,224418,31581,76375,2.078791359442736,0.25391215886007984
1033,0.494847684784266,118,849,118,382041,223569,31699,76257,2.0709270443514023,0.2543375157591403
1034,0.4948779720927517,0,4,0,382045,223565,31699,76257,2.070889992219052,0.254340908939304
1035,0.4948969438478894,3,13,3,382058,223552,31702,76254,2.070769572788914,0.25434447609454114
1036,0.4948975626231492,10,114,10,382172,223438,31712,76244,2.069713587016933,0.2544163479955419
1037,0.4949253849374964,0,1,0,382173,223437,31712,76244,2.0697043239838453,0.25441719695275977
1038,0.4949458735415176,0,5,0,382178,223432,31712,76244,2.0696580088184073,0.2544214418238364
1039,0.4949721872819711,15,97,15,382275,223335,31727,76229,2.0687594946089147,0.2544664913006903
1040,0.4949732040144795,104,709,104,382984,222626,31831,76125,2.0621920041498387,0.25481086255778224
1041,0.4949852534973474,19,106,19,383090,222520,31850,76106,2.061210122642558,0.25485389751729587
1042,0.4950186487962169,57,428,57,383518,222092,31907,76049,2.057245544481085,0.2550772956419949
1043,0.4950566846745168,65,356,65,383874,221736,31972,75984,2.0539479047019156,0.25521966948810965
1044,0.4950669256952791,77,357,77,384231,221379,32049,75907,2.050641001889659,0.2553332481179739
1045,0.4950712570643083,0,2,0,384233,221377,32049,75907,2.0506224758234834,0.2553349658912017
1046,0.4951133165678104,13,34,13,384267,221343,32062,75894,2.0503075326985067,0.25533160407351707
1047,0.4951360629725045,21,99,21,384366,221244,32083,75873,2.0493904924228388,0.255364048506144
1048,0.4951497233106059,55,584,55,384950,220660,32138,75818,2.0439808810997073,0.25572892423721155
1049,0.4951524677039691,19,71,19,385021,220589,32157,75799,2.043323205750491,0.2557424727046979
1050,0.4951749387429023,28,92,28,385113,220497,32185,75771,2.0424710067064358,0.25575154927295557
1051,0.495212266017569,34,360,34,385473,220137,32219,75737,2.0391363147949164,0.25597720651358347
1052,0.4952156354972102,97,414,97,385887,219723,32316,75640,2.035301419096669,0.2560916567071705
1053,0.4952514689984157,3,9,3,385896,219714,32319,75637,2.035218051798881,0.25609190420889044
1054,0.4952754670531079,2,34,2,385930,219680,32321,75635,2.034903108673904,0.2561163503377749
1055,0.4953104066401952,16,60,16,385990,219620,32337,75619,2.034347326688651,0.2561280860590911
1056,0.4953270781740718,14,40,14,386030,219580,32351,75605,2.033976805365149,0.2561275132543998
1057,0.4953769560314193,30,92,30,386122,219488,32381,75575,2.0331246063210937,0.25613174135693056
1058,0.4954278087375562,4,12,4,386134,219476,32385,75571,2.0330134499240433,0.25613207387297615
1059,0.4954430458907369,14,39,14,386173,219437,32399,75557,2.0326521916336286,0.25613063316542034
1060,0.4954522120050197,29,246,29,386419,219191,32428,75528,2.0303734854940902,0.2562712278475429
1061,0.4954541146133435,3,2,3,386421,219189,32431,75525,2.030354959427915,0.2562653962824976
1062,0.4954616592807283,2,20,2,386441,219169,32433,75523,2.030169698766164,0.25627774082771165
1063,0.4954644737107626,62,600,62,387041,218569,32495,75461,2.0246118789136314,0.25664387987620313
1064,0.4955947892892799,1,9,1,387050,218560,32496,75460,2.0245285116158436,0.25664920753690224
1065,0.4956852153150158,1,3,1,387053,218557,32497,75459,2.024500722516581,0.2566492979973879
1066,0.4956909280546336,30,95,30,387148,218462,32527,75429,2.0236207343732633,0.25665637940597025
1067,0.4957625359190821,15,152,15,387300,218310,32542,75414,2.022212753343955,0.25675123585406706
1068,0.4957646971003291,3,9,3,387309,218301,32545,75411,2.022129386046167,0.25675151168491583
1069,0.4957904768639248,10,164,10,387473,218137,32555,75401,2.020610248619808,0.25686963868391827
1070,0.4958078070956085,10,36,10,387509,218101,32565,75391,2.0202767794286562,0.2568758262576152
1071,0.4958276846124247,19,168,19,387677,217933,32584,75372,2.018720589869947,0.25697482143161554
1072,0.4958577157356291,2,41,2,387718,217892,32586,75370,2.018340805513357,0.2570056809269527
1073,0.4958633183167385,24,88,24,387806,217804,32610,75346,2.0175256586016523,0.25702200238785605
1074,0.4958838392626232,66,562,66,388368,217242,32676,75280,2.012319834006447,0.2573481652662022
1075,0.4958879193687235,18,156,18,388524,217086,32694,75262,2.0108748008447885,0.25743976356944465
1076,0.4958969828658078,16,187,16,388711,216899,32710,75246,2.009142613657416,0.2575638809495285
1077,0.4959078796221285,20,96,20,388807,216803,32730,75226,2.008253362481011,0.2575977043375829
1078,0.4959263656548326,0,5,0,388812,216798,32730,75226,2.008207047315573,0.25760211489466617
1079,0.4960114624897348,5,53,5,388865,216745,32735,75221,2.0077161065619324,0.25763616311488324
1080,0.496099097342205,0,2,0,388867,216743,32735,75221,2.0076975804957575,0.25763792796372154
1081,0.4961049632262266,180,1108,180,389975,215635,32915,75041,1.9974341398347475,0.25816028843110544
1082,0.4961917400900748,14,143,14,390118,215492,32929,75027,1.9961095261032273,0.2582516117706587
1083,0.4962027733498327,1,7,1,390125,215485,32930,75026,1.9960446848716145,0.2582552812113827
1084,0.4962205819827368,13,70,13,390195,215415,32943,75013,1.9953962725554855,0.25828432520280414
1085,0.4962254017497184,110,649,110,390844,214766,33053,74903,1.989384564081663,0.25858134629525426
1086,0.4962886272370356,13,149,13,390993,214617,33066,74890,1.9880043721516174,0.25868113724365904
1087,0.4962887194798998,41,133,41,391126,214484,33107,74849,1.9867723887509727,0.25869499849654204
1088,0.4963555740496989,2,3,2,391129,214481,33109,74847,1.98674459965171,0.2586925565448211
1089,0.4963809159115655,12,71,12,391200,214410,33121,74835,1.9860869243024937,0.2587253020795519
1090,0.4964010743310745,23,163,23,391363,214247,33144,74812,1.9845770499092223,0.25881221480735767
1091,0.4965040503551435,0,4,0,391367,214243,33144,74812,1.984539997776872,0.2588157963017419
1092,0.4965255215854969,3,9,3,391376,214234,33147,74809,1.984456630479084,0.25881616230111093
1093,0.4965564896729902,2,4,2,391380,214230,33149,74807,1.9844195783467338,0.25881461542985845
1094,0.4965660947910781,0,3,0,391383,214227,33149,74807,1.9843917892474712,0.2588173017707259
1095,0.4965851807984879,3,16,3,391399,214211,33152,74804,1.9842435807180703,0.25882393647388546
1096,0.4965934784235178,3,17,3,391416,214194,33155,74801,1.984086109155582,0.2588314676724511
1097,0.4965980704617605,161,728,161,392144,213466,33316,74640,1.9773426210678424,0.25907131403025274
1098,0.4966069359302523,0,1,0,392145,213465,33316,74640,1.977333358034755,0.2590722132555839
1099,0.4966187363679462,13,58,13,392203,213407,33329,74627,1.9767961021156768,0.2590909406528396
1100,0.4966895669237133,105,615,105,392818,212792,33434,74522,1.971099336766831,0.25937476071475807
1101,0.496697083570133,18,77,18,392895,212715,33452,74504,1.9703860832190894,0.25939788105940065
1102,0.4967021592019692,127,584,127,393479,212131,33579,74377,1.9649764718959577,0.25959833582308345
1103,0.4967488620917173,4,28,4,393507,212103,33583,74373,1.9647171069695062,0.259613370753571
1104,0.4967551172504395,1,4,1,393511,212099,33584,74372,1.964680054837156,0.2596144112318524
1105,0.496783734058719,1,0,1,393511,212099,33585,74371,1.964680054837156,0.25961182671833
1106,0.4967912740228892,0,4,0,393515,212095,33585,74371,1.9646430027048056,0.25961545174645506
1107,0.49680800189966,0,1,0,393516,212094,33585,74371,1.9646337396717182,0.25961635801930427
1108,0.4968145946833803,14,65,14,393581,212029,33599,74357,1.9640316425210271,0.2596390885029296
1109,0.4968349150278778,16,130,16,393711,211899,33615,74341,1.962827448219645,0.25971562325321407
1110,0.496879469559513,0,2,0,393713,211897,33615,74341,1.96280892215347,0.25971743793626284
1111,0.4969599532460748,2,10,2,393723,211887,33617,74339,1.9627162918225944,0.2597213390817047
1112,0.496967594046125,5,4,5,393727,211883,33622,74334,1.9626792396902442,0.2597120366714765
1113,0.4969693847299991,2,13,2,393740,211870,33624,74332,1.9625588202601059,0.25971866024695844
1114,0.4969983207486858,4,31,4,393771,211839,33628,74328,1.9622716662343918,0.25973644759877973
1115,0.4970012739335046,0,2,0,393773,211837,33628,74328,1.9622531401682166,0.25973826289029056
1116,0.4970204108568718,7,40,7,393813,211797,33635,74321,1.9618826188447145,0.2597564641162038
1117,0.4970460697158415,0,26,0,393839,211771,33635,74321,1.9616417799844381,0.25978007074647314
1118,0.4971217468008483,1,7,1,393846,211764,33636,74320,1.9615769387528252,0.25978383971141344
1119,0.497160610562473,1,11,1,393857,211753,33637,74319,1.961475045388862,0.25979124136581
1120,0.4971795336799641,2,7,2,393864,211746,33639,74317,1.9614102041572492,0.2597924233473046
1121,0.4972509034735125,1,6,1,393870,211740,33640,74316,1.961354625958724,0.2597952848393322
1122,0.4972686983599567,2,20,2,393890,211720,33642,74314,1.9611693652969728,0.25980827454078886
1123,0.4974132708141656,6,25,6,393915,211695,33648,74308,1.960937789469784,0.2598154564812257
1124,0.4974243077240453,9,64,9,393979,211631,33657,74299,1.9603449553521806,0.25985031301367467
1125,0.4974579486157796,15,66,15,394045,211565,33672,74284,1.9597335951684018,0.25987147060161137
1126,0.4975139094569036,1,7,1,394052,211558,33673,74283,1.959668753936789,0.2598752453286967
1127,0.4975459545224959,60,243,60,394295,211315,33733,74223,1.9574178368965134,0.259940883525135
1128,0.4975511398687451,0,5,0,394300,211310,33733,74223,1.9573715217310756,0.2599454353787478
1129,0.4976874902980965,15,67,15,394367,211243,33748,74208,1.9567508985142095,0.25996756010663824
1130,0.4977162042791173,1,16,1,394383,211227,33749,74207,1.9566026899848086,0.25997953992867
1131,0.4977243021430969,1,2,1,394385,211225,33750,74206,1.9565841639186334,0.25997876894941335
1132,0.4977629977988315,0,1,0,394386,211224,33750,74206,1.956574900885546,0.2599796797813825
1133,0.4978214402674863,0,19,0,394405,211205,33750,74206,1.9563989032568825,0.2599969868014898
1134,0.4978229615566204,5,27,5,394432,211178,33755,74201,1.9561488013635184,0.2600086201157058
1135,0.4978277641702258,0,4,0,394436,211174,33755,74201,1.9561117492311682,0.2600122645641699
1136,0.4978283679778911,0,1,0,394437,211173,33755,74201,1.9561024861980807,0.26001317569224947
1137,0.4978637900265822,9,48,9,394485,211125,33764,74192,1.955657860609878,0.2600335766883852
1138,0.4978658474669218,11,67,11,394552,211058,33775,74181,1.955037237393012,0.26006611999060436
1139,0.4979131349273429,12,77,12,394629,210981,33787,74169,1.9543239838452704,0.2601052077853761
1140,0.497920729248394,20,50,20,394679,210931,33807,74149,1.9538608321908926,0.2600989196015154
1141,0.4979515531951066,5,17,5,394696,210914,33812,74144,1.9537033606284042,0.26010145303762744
1142,0.4979790009846828,4,12,4,394708,210902,33816,74140,1.9535922042313536,0.26010202005318517
1143,0.4979810818111148,0,1,0,394709,210901,33816,74140,1.953582941198266,0.260102932560579
1144,0.4979979223127192,2,12,2,394721,210889,33818,74138,1.9534717848012153,0.26010869145730053
1145,0.4980034552661113,15,130,15,394851,210759,33833,74123,1.9522675904998332,0.26018842889336635
1146,0.498011799430641,4,4,4,394855,210755,33837,74119,1.952230538367483,0.26018169436312194
1147,0.4980660691605877,11,65,11,394920,210690,33848,74108,1.9516284412167921,0.26021250149228575
1148,0.4980803971865756,2,7,2,394927,210683,33850,74106,1.9515635999851793,0.26021370207416716
1149,0.4981279092366047,49,304,49,395231,210379,33899,74057,1.9487476379265627,0.26036437019224007
1150,0.4981285629493746,0,1,0,395232,210378,33899,74057,1.948738374893475,0.2603652855661223
1151,0.4982316548779716,10,85,10,395317,210293,33909,74047,1.947951017081033,0.2604171062812126
1152,0.498241382519833,1,1,1,395318,210292,33910,74046,1.9479417540479456,0.2604154210833585
1153,0.4982749612116293,7,39,7,395357,210253,33917,74039,1.947580495757531,0.2604329351511826
1154,0.4982773380371366,3,12,3,395369,210241,33920,74036,1.9474693393604803,0.26043612392138654
1155,0.49836287342967,23,126,23,395495,210115,33943,74013,1.9463021971914483,0.26049175019709425
1156,0.498373870964624,11,68,11,395563,210047,33954,74002,1.9456723109414946,0.2605254727177353
1157,0.4984418945791742,18,97,18,395660,209950,33972,73984,1.944773796732002,0.26056759669500656
1158,0.4984573604071508,2,12,2,395672,209938,33974,73982,1.9446626403349512,0.26057340095801634
1159,0.4984825081899838,45,340,45,396012,209598,34019,73937,1.9415132090851828,0.26076851182393707
1160,0.4985033264947767,16,64,16,396076,209534,34035,73921,1.9409203749675794,0.2607856626272248
1161,0.498508667363528,7,30,7,396106,209504,34042,73914,1.9406424839749528,0.2607950094912814
1162,0.4985383175198959,10,60,10,396166,209444,34052,73904,1.9400867019896995,0.2608241455736409
1163,0.4985437663517932,1,11,1,396177,209433,34053,73903,1.9399848086257363,0.2608316627608211
1164,0.4985545689926575,18,94,18,396271,209339,34071,73885,1.9391140835155063,0.2608712538485439
1165,0.4985839635301678,16,65,16,396336,209274,34087,73869,1.9385119863648153,0.2608893739205984
1166,0.4986149251761,0,8,0,396344,209266,34087,73869,1.938437882100115,0.260896745368817
1167,0.4986265267613562,2,8,2,396352,209258,34089,73867,1.9383637778354144,0.2608988962472406
1168,0.4986522495917927,2,11,2,396363,209247,34091,73865,1.9382618844714514,0.2609038119189579
1169,0.4986615871009551,1,6,1,396369,209241,34092,73864,1.938206306272926,0.26090673071828474
1170,0.4987372013178658,4,16,4,396385,209225,34096,73860,1.938058097743525,0.2609110337884381
1171,0.4987555243196362,50,278,50,396663,208947,34146,73810,1.9354829745451851,0.2610368620405507
1172,0.498756121712979,45,314,45,396977,208633,34191,73765,1.932574382155693,0.26120935700677766
1173,0.4988896775046695,3,3,3,396980,208630,34194,73762,1.9325465930564305,0.261204283407462
1174,0.498908170132826,10,65,10,397045,208565,34204,73752,1.9319444959057395,0.2612382534526791
1175,0.498925484611343,3,14,3,397059,208551,34207,73749,1.9318148134425137,0.26124335812964933
1176,0.4989917624843791,52,244,52,397303,208307,34259,73697,1.9295546333691505,0.26133317257911237
1177,0.4990901800640911,4,25,4,397328,208282,34263,73693,1.9293230575419615,0.261345863995035
1178,0.4991044390591727,13,83,13,397411,208199,34276,73680,1.9285542257956945,0.2613887519112811
1179,0.4991238014686258,21,103,21,397514,208096,34297,73659,1.9276001333876764,0.2614292559138258
1180,0.4991420741227301,55,253,55,397767,207843,34352,73604,1.9252565860165252,0.26151993092838083
1181,0.4991609962774807,22,157,22,397924,207686,34374,73582,1.9238022898217793,0.26160814596754695
1182,0.49921841613335,11,48,11,397972,207638,34385,73571,1.9233576642335766,0.26162391673097235
1183,0.4992278075865797,2,14,2,397986,207624,34387,73569,1.9232279817703508,0.261631690689313
1184,0.4992494992624254,55,268,55,398254,207356,34442,73514,1.9207454889028863,0.2617367465375441
1185,0.4992555492449928,11,45,11,398299,207311,34453,73503,1.9203286524139465,0.26174977031059704
1186,0.4992690599072132,3,53,3,398352,207258,34456,73500,1.919837711660306,0.261791293569551
1187,0.4993216597760982,17,58,17,398410,207200,34473,73483,1.9193004557412279,0.2618006790578696
1188,0.4993533193132297,8,48,8,398458,207152,34481,73475,1.9188558301530254,0.261824414614417
1189,0.4993875129149808,0,3,0,398461,207149,34481,73475,1.9188280410537626,0.2618272136381778
1190,0.4994091564865471,0,1,0,398462,207148,34481,73475,1.9188187780206751,0.26182814665939713
1191,0.4994465063794714,7,41,7,398503,207107,34488,73468,1.9184389936640853,0.2618479907333155
1192,0.4994522997556879,0,1,0,398504,207106,34488,73468,1.9184297306309979,0.26184892399153165
1193,0.4994828765789461,33,155,33,398659,206951,34521,73435,1.9169939605024269,0.2619067999115505
1194,0.4994915827008464,15,36,15,398695,206915,34536,73420,1.916660491311275,0.2619009399468493
1195,0.4995165449519533,190,883,190,399578,206032,34726,73230,1.9084812330949645,0.2622268693914675
1196,0.4995356760422236,12,59,12,399637,205973,34738,73218,1.907934714142799,0.26225057397982027
1197,0.4995432601087148,39,98,39,399735,205875,34777,73179,1.9070269369002186,0.2622395665355093
1198,0.4995556269294794,11,49,11,399784,205826,34788,73168,1.9065730482789285,0.2622565359828527
1199,0.4995745485933537,177,812,177,400596,205014,34965,72991,1.8990514654118344,0.262552831783601
1200,0.499636933140675,42,258,42,400854,204756,35007,72949,1.8966616028752454,0.2626852235285645
1201,0.4996487962397159,2,12,2,400866,204744,35009,72947,1.8965504464781948,0.26269126475110827
1202,0.4996528497607116,47,264,47,401130,204480,35056,72900,1.8941050057430806,0.2628163530175211
1203,0.4996665666282329,123,715,123,401845,203765,35179,72777,1.8874819370854792,0.26316798171706285
1204,0.4996679462431619,164,883,164,402728,202882,35343,72613,1.879302678869169,0.26357284161237043
1205,0.4996864029699802,5,37,5,402765,202845,35348,72608,1.8789599466449294,0.26359487825509254
1206,0.4996865186747665,7,33,7,402798,202812,35355,72601,1.8786542665530401,0.26360774545863846
1207,0.4996886081822786,10,34,10,402832,202778,35365,72591,1.8783393234280632,0.2636135512712034
1208,0.499707996447213,1,11,1,402843,202767,35366,72590,1.8782374300641003,0.26362140784508836
1209,0.4997179857431962,32,158,32,403001,202609,35398,72558,1.8767738708362667,0.26368714271696825
1210,0.4998132965733745,19,168,19,403169,202441,35417,72539,1.8752176812775576,0.2637973670812423
1211,0.4998220686739163,100,716,100,403885,201725,35517,72439,1.8685853495868687,0.2642177674676471
1212,0.4999105864915751,31,178,31,404063,201547,35548,72408,1.8669365296972842,0.26430618167217246
1213,0.4999116274108627,2,15,2,404078,201532,35550,72406,1.8667975842009707,0.2643152830202455
1214,0.4999947762270321,1,15,1,404093,201517,35551,72405,1.8666586387046575,0.2643270712100525
1215,0.4999952838227681,202,1165,202,405258,200352,35753,72203,1.8558672051576568,0.26491166920438075
1216,0.5001075939465366,176,975,176,406233,199377,35929,72027,1.8468357478972914,0.26538665605517975
1217,0.5001277393482596,0,2,0,406235,199375,35929,72027,1.8468172218311163,0.2653886117272533
1218,0.5001487025769908,21,140,21,406375,199235,35950,72006,1.8455203971988587,0.26546871601269717
1219,0.5003004197914029,4,15,4,406390,199220,35954,72002,1.8453814517025455,0.2654725649099262
1220,0.5003616797373671,7,80,7,406470,199140,35961,71995,1.844640409055541,0.26553193058808344
1221,0.5004119641694925,118,698,118,407168,198442,36079,71877,1.8381748119604284,0.26589695877833225
1222,0.500466458947742,114,699,114,407867,197743,36193,71763,1.831699951832228,0.26627607548626003
1223,0.5004834406458993,12,69,12,407936,197674,36205,71751,1.8310608025491868,0.2663115894961492
1224,0.5004849729343429,247,1265,247,409201,196409,36452,71504,1.8193430656934306,0.2668926106609235
1225,0.5004988501931055,1,1,1,409202,196408,36453,71503,1.8193338026603432,0.266890870475643
1226,0.500530587003122,0,1,0,409203,196407,36453,71503,1.8193245396272555,0.26689186667164344
1227,0.5005451556260427,241,1260,241,410463,195147,36694,71262,1.8076531179369373,0.2674909631431371
1228,0.5005534716048843,5,30,5,410493,195117,36699,71257,1.8073752269443106,0.2675073393048871
1229,0.5005690438161807,84,626,84,411119,194491,36783,71173,1.8015765682315017,0.26790607684895207
1230,0.5005854333231357,268,1254,268,412373,193237,37051,70905,1.7899607247397087,0.26843515987612726
1231,0.5006020458865417,2,14,2,412387,193223,37053,70903,1.789831042276483,0.26844384876914806
1232,0.5006426995317013,121,665,121,413052,192558,37174,70782,1.7836711252732596,0.26878560036454774
1233,0.5007300652310159,8,8,8,413060,192550,37182,70774,1.783597021008559,0.26877155139675835
1234,0.5007558238302383,6,9,6,413069,192541,37188,70768,1.783513653710771,0.26876407566775157
1235,0.5007665659540094,268,1292,268,414361,191249,37456,70500,1.771545814961651,0.2693420032168222
1236,0.5007940043648305,0,1,0,414362,191248,37456,70500,1.7715365519285635,0.26934303222947265
1237,0.5008499646038299,27,116,27,414478,191132,37483,70473,1.7704620400904072,0.2693870529997515
1238,0.5008529174534949,2,8,2,414486,191124,37485,70471,1.7703879358257069,0.26938970546073127
1239,0.5008713629883814,27,101,27,414587,191023,37512,70444,1.7694523694838638,0.269418320476389
1240,0.500966967044606,46,124,46,414711,190899,37558,70398,1.768303753381007,0.2694175593290394
1241,0.5009832258994943,243,1355,243,416066,189544,37801,70155,1.7557523435473712,0.2701396616852587
1242,0.5010737698460279,3,20,3,416086,189524,37804,70152,1.75556708288562,0.2701520356136108
1243,0.5010946780024506,22,136,22,416222,189388,37826,70130,1.7543073103857127,0.2702317372976056
1244,0.5010973161395206,4,8,4,416230,189380,37830,70126,1.7542332061210122,0.2702288193721918
1245,0.5011069374411455,0,3,0,416233,189377,37830,70126,1.7542054170217496,0.2702319433686701
1246,0.5011272621556117,573,2937,573,419170,186440,38403,69553,1.726999888843603,0.2716988355150336
1247,0.5011393450872926,15,121,15,419291,186319,38418,69538,1.7258790618400088,0.27178462969549394
1248,0.5011707976707143,1,4,1,419295,186315,38419,69537,1.7258420097076588,0.271786032550068
1249,0.5011730159242181,474,2140,474,421435,184175,38893,69063,1.7060191189002927,0.2727197340051651
1250,0.5011874540065534,0,7,0,421442,184168,38893,69063,1.7059542776686798,0.2727272727272727
1251,0.5011888785319389,1,7,1,421449,184161,38894,69062,1.705889436437067,0.27273193983168986
1252,0.5011964931154249,1,1,1,421450,184160,38895,69061,1.7058801734039795,0.27273014481421365
1253,0.5012012836552038,0,2,0,421452,184158,38895,69061,1.7058616473378043,0.27273229891911743
1254,0.5012060962618236,0,1,0,421453,184157,38895,69061,1.7058523843047166,0.27273337598432973
1255,0.5012355744962017,0,10,0,421463,184147,38895,69061,1.7057597539738412,0.2727441471043569
1256,0.5012589466650719,0,3,0,421466,184144,38895,69061,1.7057319648745786,0.27274737860626763
1257,0.5012849151974682,490,2249,490,423715,181895,39385,68571,1.6848994034606692,0.2737736858495764
1258,0.5012914975189393,1,4,1,423719,181891,39386,68570,1.684862351328319,0.2737751586075277
1259,0.501291685010399,474,2205,474,425924,179686,39860,68096,1.664437363370262,0.27482222276032964
1260,0.501309998919223,99,647,99,426571,179039,39959,67997,1.6584441809626145,0.27525138036561475
1261,0.5013555301371035,89,578,89,427149,178461,40048,67908,1.653090147838008,0.27563532749656006
1262,0.5013621524323028,455,2146,455,429295,176315,40503,67453,1.6332116788321167,0.2767098224541367
1263,0.5013889202004413,0,2,0,429297,176313,40503,67453,1.6331931527659416,0.2767120927446814
1264,0.5014508809150292,1,2,1,429299,176311,40504,67452,1.6331746266997667,0.2767113959050389
1265,0.5014740451173159,13,40,13,429339,176271,40517,67439,1.6328041053762643,0.2767182306840097
1266,0.5015074994619555,20,124,20,429463,176147,40537,67419,1.6316554892734076,0.27679971753036137
1267,0.501568793644706,0,1,0,429464,176146,40537,67419,1.6316462262403202,0.2768008539814834
1268,0.5015757036205584,7,68,7,429532,176078,40544,67412,1.6310163399903665,0.27685736580557724
1269,0.5016236375227376,37,134,37,429666,175944,40581,67375,1.6297750935566342,0.27689987218425194
1270,0.501633794394458,7,39,7,429705,175905,40588,67368,1.6294138352662195,0.27692345636383814
1271,0.5016404841870296,20,153,20,429858,175752,40608,67348,1.6279965912038237,0.27703825586178527
1272,0.5016565585447798,0,5,0,429863,175747,40608,67348,1.627950276038386,0.2770439540097493
1273,0.501667203775608,30,194,30,430057,175553,40638,67318,1.6261532476194005,0.2771759493723005
1274,0.5017285443159923,45,144,45,430201,175409,40683,67273,1.6248193708547927,0.27720638531081826
1275,0.5017490390392038,16,63,16,430264,175346,40699,67257,1.6242357997702768,0.27723070201110456
1276,0.5017887865279265,24,166,24,430430,175180,40723,67233,1.6226981362777428,0.27734898705927485
1277,0.5017938313836618,1,7,1,430437,175173,40724,67232,1.62263329504613,0.2773540149749386
1278,0.5018025315211085,441,2519,441,432956,172654,41165,66791,1.599299714698581,0.27894088412787904
1279,0.5018246998329996,35,111,35,433067,172543,41200,66756,1.5982715180258624,0.27896480971504267
1280,0.5018343202290304,15,80,15,433147,172463,41215,66741,1.597530475378858,0.2790128927609906
1281,0.5018535641565011,0,2,0,433149,172461,41215,66741,1.597511949312683,0.2790152256252038
1282,0.5018583724997827,3,7,3,433156,172454,41218,66738,1.5974471080810702,0.2790143483059634
1283,0.5018679912180101,0,2,0,433158,172452,41218,66738,1.597428582014895,0.27901668129938545
1284,0.5018931603678132,1,0,1,433158,172452,41219,66737,1.597428582014895,0.2790136670164598
1285,0.5019009329707897,4,27,4,433185,172425,41223,66733,1.597178480121531,0.27903310781993496
1286,0.5019243160545601,451,2580,451,435765,169845,41674,66282,1.5732798547556412,0.2807048749190055
1287,0.5019255498634426,2,14,2,435779,169831,41676,66280,1.5731501722924155,0.2807154262190241
1288,0.5019269772430649,21,74,21,435853,169757,41697,66259,1.5724647078439364,0.2807394413938038
1289,0.5019286675768825,2,12,2,435865,169745,41699,66257,1.5723535514468858,0.28074762078287474
1290,0.5019652556082355,19,159,19,436024,169586,41718,66238,1.5708807291859646,0.2808789605807721
1291,0.5019883261725393,3,35,3,436059,169551,41721,66235,1.5705565230279002,0.2809115044998431
1292,0.5019892522234198,0,3,0,436062,169548,41721,66235,1.5705287339286376,0.28091507869524096
1293,0.5020084699338639,1,1,1,436063,169547,41722,66234,1.57051947089555,0.2809132203188552
1294,0.5020263328569873,1,3,1,436066,169544,41723,66233,1.5704916817962873,0.2809137447673013
1295,0.5020540326001828,3,7,3,436073,169537,41726,66230,1.5704268405646744,0.2809129352284247
1296,0.502070681076953,1,6,1,436079,169531,41727,66229,1.5703712623661492,0.28091703427214115
1297,0.502109135344284,366,1891,366,437970,167640,42093,65863,1.552854866797584,0.2820648985237877
1298,0.5021165858633028,353,1900,353,439870,165740,42446,65510,1.5352551039312312,0.28328648648648647
1299,0.5021239819002793,0,2,0,439872,165738,42446,65510,1.535236577865056,0.2832889365529648
1300,0.5021284608722203,366,1856,366,441728,163882,42812,65144,1.5180443884545556,0.28443932129976507
1301,0.5021305477758332,461,2534,461,444262,161348,43273,64683,1.4945718626106932,0.28616871137144906
1302,0.5021421370879728,0,8,0,444270,161340,43273,64683,1.4944977583459929,0.2861788402065277
1303,0.5022073785016448,0,1,0,444271,161339,43273,64683,1.4944884953129052,0.2861801063613277
1304,0.5022160252488093,10,62,10,444333,161277,43283,64673,1.493914187261477,0.2862270413808365
1305,0.5022515079679651,466,2473,466,446806,158804,43749,64207,1.4710067064359553,0.2879095649990359
1306,0.5022649644553846,9,56,9,446862,158748,43758,64198,1.4704879765830523,0.28795313663398314
1307,0.5022678320292412,371,1848,371,448710,156900,44129,63827,1.4533698914372521,0.28916716124443315
1308,0.5022874810334008,30,127,30,448837,156773,44159,63797,1.452193486235133,0.28923697692342565
1309,0.5023161481100071,25,174,25,449011,156599,44184,63772,1.4505817184778984,0.2893847194050034
1310,0.502339504236615,15,27,15,449038,156572,44199,63757,1.4503316165845344,0.2893718030763086
1311,0.5023405656531985,0,4,0,449042,156568,44199,63757,1.4502945644521843,0.28937705662090096
1312,0.50236573955034,438,2416,438,451458,154152,44637,63319,1.4279150765126534,0.29116066050186
1313,0.502389298015603,464,2387,464,453845,151765,45101,62855,1.4058042165326614,0.2928664616531544
1314,0.5023932455469554,3,32,3,453877,151733,45104,62852,1.4055077994738596,0.2929002493184519
1315,0.5024659677274308,0,2,0,453879,151731,45104,62852,1.4054892734076847,0.2929029792667639
1316,0.502479440283763,1,5,1,453884,151726,45105,62851,1.4054429582422467,0.2929065090853167
1317,0.502484416295932,10,35,10,453919,151691,45115,62841,1.4051187520841824,0.292921335744784
1318,0.5025023500315763,0,2,0,453921,151689,45115,62841,1.4051002260180074,0.2929240665641169
1319,0.502514389076787,3,6,3,453927,151683,45118,62838,1.405044647819482,0.29292237123638243
1320,0.5025688654403979,2,7,2,453934,151676,45120,62836,1.4049798065878691,0.29292533751025585
1321,0.5025761942841954,9,74,9,454008,151602,45129,62827,1.40429434213939,0.29299674950682975
1322,0.5027263117654124,36,154,36,454162,151448,45165,62791,1.4028678350439068,0.29308855997274075
1323,0.5027321793041135,0,3,0,454165,151445,45165,62791,1.4028400459446442,0.2930926641647529
1324,0.502806789047183,8,111,8,454276,151334,45173,62783,1.4018118492719256,0.293218193791245
1325,0.50284486398256,63,454,63,454730,150880,45236,62720,1.397606432250176,0.29363295880149815
1326,0.5028612311387104,65,436,65,455166,150444,45301,62655,1.3935677498240024,0.2940182731969648
1327,0.5028927381829409,2,2,2,455168,150442,45303,62653,1.3935492237578273,0.2940144067200075
1328,0.5028996556267061,9,85,9,455253,150357,45312,62644,1.392761865945385,0.2941019056248562
1329,0.502936850554998,11,82,11,455335,150275,45323,62633,1.3920022972322057,0.294178706295677
1330,0.5029544171024101,9,31,9,455366,150244,45332,62624,1.3917151432064916,0.29419170565796643
1331,0.5029666470761283,60,321,60,455687,149923,45392,62564,1.3887417095853867,0.29443683613585775
1332,0.5029923495250739,14,23,14,455710,149900,45406,62550,1.388528659824373,0.2944222169922335
1333,0.50299959137612,11,93,11,455803,149807,45417,62539,1.3876671977472304,0.29451461294302694
1334,0.5030141386718607,4,108,4,455911,149699,45421,62535,1.3866667901737746,0.2946511868974811
1335,0.5030260206011594,9,96,9,456007,149603,45430,62526,1.3857775389973692,0.29475460686657645
1336,0.5030496627966816,14,100,14,456107,149503,45444,62512,1.3848512356886138,0.2948470627078273
1337,0.5030499667598061,14,29,14,456136,149474,45458,62498,1.3845826077290748,0.2948408280338913
1338,0.5030619224805245,14,33,14,456169,149441,45472,62484,1.3842769276371856,0.2948401557154654
1339,0.5030642547756453,4,18,4,456187,149423,45476,62480,1.3841101930416095,0.29485188977975774
1340,0.5031346114707644,27,162,27,456349,149261,45503,62453,1.3826095816814257,0.29498757758107635
1341,0.5031366986563687,76,465,76,456814,148796,45579,62377,1.3783022712957131,0.29538340602255025
1342,0.5031594798642851,15,28,15,456842,148768,45594,62362,1.3780429063692616,0.29537251930090463
1343,0.503169268135359,7,64,7,456906,148704,45601,62355,1.377450072251658,0.29543871618836437
1344,0.5031896693109414,2,13,2,456919,148691,45603,62353,1.37732965282152,0.2954502378650897
1345,0.503231705375992,21,165,21,457084,148526,45624,62332,1.3758012523620735,0.2956112644528545
1346,0.5032589240020486,14,100,14,457184,148426,45638,62318,1.374874949053318,0.2957047412974984
1347,0.5032923378840319,42,173,42,457357,148253,45680,62276,1.373272444329171,0.2958072284578372
1348,0.503302848107469,18,26,18,457383,148227,45698,62258,1.3730316054688947,0.29578354752120106
1349,0.5033288808282195,33,173,33,457556,148054,45731,62225,1.3714291007447479,0.2959163777647792
1350,0.5033414742264011,0,4,0,457560,148050,45731,62225,1.3713920486123976,0.2959220068957318
1351,0.5033595523696685,1,3,1,457563,148047,45732,62224,1.371364259513135,0.295922880473294
1352,0.5033681141386839,0,5,0,457568,148042,45732,62224,1.3713179443476973,0.2959299173427944
1353,0.5033839979646227,0,1,0,457569,148041,45732,62224,1.3713086813146096,0.29593132475685446
1354,0.5033870248672752,4,11,4,457580,148030,45736,62220,1.3712067879506467,0.2959334126040428
1355,0.5033902421688545,96,489,96,458069,147541,45832,62124,1.3666771647708325,0.29630124245820716
1356,0.5034114430268525,11,90,11,458159,147451,45843,62113,1.3658434917929527,0.29639155580156895
1357,0.5034494256699282,49,174,49,458333,147277,45892,62064,1.3642317240357182,0.296473218337545
1358,0.5034555322858749,0,3,0,458336,147274,45892,62064,1.3642039349364556,0.2964774670628362
1359,0.5035358569818319,2,7,2,458343,147267,45894,62062,1.3641390937048428,0.2964806596314892
1360,0.5035712052265103,31,84,31,458427,147183,45925,62031,1.3633609989254882,0.2964954544150965
1361,0.5036090355811663,60,463,60,458890,146720,45985,61971,1.3590722146059506,0.29695099453258644
1362,0.5036312696883044,15,77,15,458967,146643,46000,61956,1.358358961058209,0.29701005278069403
1363,0.5036523943756739,60,180,60,459147,146463,46060,61896,1.356691615102449,0.29706420169035175
1364,0.503653785786147,0,2,0,459149,146461,46060,61896,1.356673089036274,0.29706705318275844
1365,0.5037171738383962,59,214,59,459363,146247,46119,61837,1.3546907999555375,0.29717325695392244
1366,0.5037815492662026,69,190,69,459553,146057,46188,61768,1.3529308236689022,0.2972115962949597
1367,0.5038684278666263,9,43,9,459596,146014,46197,61759,1.3525325132461372,0.2972426638687414
1368,0.50387051418584,59,174,59,459770,145840,46256,61700,1.350920745488903,0.2972920882721403
1369,0.5038831006138839,0,1,0,459771,145839,46256,61700,1.3509114824558153,0.2972935207358617
1370,0.5038924650521868,6,41,6,459812,145798,46262,61694,1.3505316980992257,0.29733194532801266
1371,0.5039069463118715,56,192,56,460004,145606,46318,61638,1.3487531957464152,0.2974175368165061
1372,0.5039616391726203,15,73,15,460077,145533,46333,61623,1.3480769943310238,0.29747147077564734
1373,0.5039646207813014,10,45,10,460122,145488,46343,61613,1.3476601578420837,0.297502184924264
1374,0.5040167475578226,1,11,1,460133,145477,46344,61612,1.3475582644781208,0.2975145951740556
1375,0.5040235367285515,2,5,2,460138,145472,46346,61610,1.347511949312683,0.29751499406032395
1376,0.5040245055934991,18,52,18,460190,145420,46364,61592,1.34703027159213,0.2975286456823759
1377,0.5040412437930666,58,186,58,460376,145234,46422,61534,1.345307347437845,0.29759924166215274
1378,0.504062523114494,59,178,59,460554,145056,46481,61475,1.3436585275482604,0.2976550735724903
1379,0.5040638972466551,11,51,11,460605,145005,46492,61464,1.3431861128607951,0.2976911788210337
1380,0.5040948481698291,74,201,74,460806,144804,46566,61390,1.3413242432101968,0.2977293228706946
1381,0.5041044694031823,49,193,49,460999,144611,46615,61341,1.3395364778242989,0.29784124456183964
1382,0.5041127013973156,73,194,73,461193,144417,46688,61268,1.3377394494053132,0.29787296108126504
1383,0.504134501972938,78,216,78,461409,144201,46766,61190,1.3357386342584017,0.29791957778091543
1384,0.5041934887299474,0,3,0,461412,144198,46766,61190,1.3357108451591388,0.2979239293434865
1385,0.5041988112272855,39,184,39,461596,144014,46805,61151,1.334006447071029,0.2980576609070748
1386,0.5042239643098297,41,170,41,461766,143844,46846,61110,1.3324317314461447,0.2981644661728973
1387,0.5042854472582212,21,86,21,461852,143758,46867,61089,1.331635110600615,0.29821769418151106
1388,0.5042972638509703,10,22,10,461874,143736,46877,61079,1.331431323872689,0.298215462734663
1389,0.5043046507563304,55,187,55,462061,143549,46932,61024,1.3296991366853161,0.2982993845717666
1390,0.5043329259695282,47,205,47,462266,143344,46979,60977,1.3278002149023675,0.29843726293430434
1391,0.504392316785941,26,89,26,462355,143255,47005,60951,1.3269758049575753,0.29847800750222814
1392,0.5044071917937061,13,65,13,462420,143190,47018,60938,1.3263737078068842,0.2985283743533469
1393,0.5044888860484136,8,42,8,462462,143148,47026,60930,1.325984660417207,0.2985623144091965
1394,0.5046420685031456,7,26,7,462488,143122,47033,60923,1.3257438215569306,0.29857629444485284
1395,0.5046747797754568,27,73,27,462561,143049,47060,60896,1.3250676201415392,0.2985903062100076
1396,0.5047107131004754,23,91,23,462652,142958,47083,60873,1.3242246841305718,0.29864446526779537
1397,0.5047225295533498,9,18,9,462670,142940,47092,60864,1.3240579495349958,0.2986398696787109
1398,0.5047321137094507,2,8,2,462678,142932,47094,60862,1.3239838452702952,0.2986447098540683
1399,0.5047560909554554,0,1,0,462679,142931,47094,60862,1.3239745822372078,0.2986461752857066
1400,0.5047800951990089,20,90,20,462769,142841,47114,60842,1.3231409092593278,0.2987092688147759
1401,0.5047845225057869,6,19,6,462788,142822,47120,60836,1.3229649116306643,0.2987164756601754
1402,0.5048263712202108,1,0,1,462788,142822,47121,60835,1.3229649116306643,0.29871303220611123
1403,0.504862744852405,6,30,6,462818,142792,47127,60829,1.3226870206380377,0.2987363778785096
1404,0.5048992792621311,0,3,0,462821,142789,47127,60829,1.322659231538775,0.2987407793024192
1405,0.5049160349532531,0,1,0,462822,142788,47127,60829,1.3226499685056876,0.29874224647254405
1406,0.5049234917080291,0,2,0,462824,142786,47127,60829,1.3226314424395125,0.2987451808560273
1407,0.5049515185084912,28,81,28,462905,142705,47155,60801,1.3218811367594205,0.29876760390357043
1408,0.504954451870114,1,3,1,462908,142702,47156,60800,1.321853347660158,0.2987685624711305
1409,0.504994127458322,0,2,0,462910,142700,47156,60800,1.3218348215939828,0.2987714987714988
1410,0.5049950860845519,0,2,0,462912,142698,47156,60800,1.3218162955278077,0.29877443512958357
1411,0.5050688393279803,2,8,2,462920,142690,47158,60798,1.321742191263107,0.29877928919641455
1412,0.5050756150958409,6,22,6,462942,142668,47164,60792,1.321538404535181,0.2987909171335889
1413,0.5050969944945634,0,2,0,462944,142666,47164,60792,1.3215198784690059,0.2987938542598472
1414,0.5051258705647786,4,39,4,462983,142627,47168,60788,1.3211586201785912,0.2988373522109972
1415,0.5051404330636362,8,20,8,463003,142607,47176,60780,1.3209733595168403,0.2988391588449606
1416,0.5051869929293444,0,1,0,463004,142606,47176,60780,1.3209640964837526,0.29884062816516377
1417,0.5051922129363923,3,1,3,463005,142605,47179,60777,1.3209548334506651,0.29883175502256837
1418,0.505202931444541,2,1,2,463006,142604,47181,60775,1.3209455704175774,0.2988263291686949
1419,0.5052296029413776,2,2,2,463008,142602,47183,60773,1.3209270443514025,0.29882237246465887
1420,0.5053299665904445,1,0,1,463008,142602,47184,60772,1.3209270443514025,0.2988189247396422
1421,0.5053323389055935,0,3,0,463011,142599,47184,60772,1.3208992552521397,0.2988233327268883
1422,0.5054997863526746,0,1,0,463012,142598,47184,60772,1.3208899922190522,0.29882480208486994
1423,0.5055375174505429,6,50,6,463062,142548,47190,60766,1.3204268405646744,0.2988775981978614
1424,0.5056238010095819,9,30,9,463092,142518,47199,60757,1.320148949572048,0.2988906653548149
1425,0.5056643020388863,16,22,16,463114,142496,47215,60741,1.3199451628441217,0.2988678242642826
1426,0.5056796341062864,0,1,0,463115,142495,47215,60741,1.3199358998110342,0.2988692948099746
1427,0.5057532675962866,1,2,1,463117,142493,47216,60740,1.319917373744859,0.2988687860731279
1428,0.5057586873885695,18,76,18,463193,142417,47234,60722,1.3192133832302049,0.29891847454206233
1429,0.5058343699764072,3,8,3,463201,142409,47237,60719,1.3191392789655045,0.2989198928754283
1430,0.5058394606770618,2,7,2,463208,142402,47239,60717,1.3190744377338917,0.29892329127260375
1431,0.5058531192689405,3,28,3,463236,142374,47242,60714,1.3188150728074401,0.2989541479555661
1432,0.5058868047918823,11,82,11,463318,142292,47253,60703,1.3180555040942605,0.29903692209167715
1433,0.5058978446186968,26,85,26,463403,142207,47279,60677,1.3172681462818185,0.29907237633327416
1434,0.5059042286717251,7,20,7,463423,142187,47286,60670,1.3170828856200674,0.2990776754068137
1435,0.5059424212241055,2,9,2,463432,142178,47288,60668,1.3169995183222794,0.29908403419342755
1436,0.5059466566372101,1,8,1,463440,142170,47289,60667,1.316925414057579,0.2990923746653717
1437,0.5060219515213505,2,6,2,463446,142164,47291,60665,1.3168698358590536,0.2990943109713108
1438,0.5060286430676338,19,82,19,463528,142082,47310,60646,1.3161102671458742,0.2991495994633203
1439,0.5060542638481941,1,1,1,463529,142081,47311,60645,1.3161010041127867,0.2991476179671083
1440,0.5060574583978863,0,2,0,463531,142079,47311,60645,1.3160824780466116,0.2991505692468578
1441,0.5061111126099604,6,55,6,463586,142024,47317,60639,1.315573011226796,0.29921100546226986
1442,0.5061569691437098,0,1,0,463587,142023,47317,60639,1.3155637481937086,0.29921248186635874
1443,0.506158200480683,19,71,19,463658,141952,47336,60620,1.3149060728444921,0.29925162411389533
1444,0.5061739412219488,7,32,7,463690,141920,47343,60613,1.3146096557856906,0.2992746861005367
1445,0.506181565311721,12,30,12,463720,141890,47355,60601,1.314331764793064,0.299277498753031
1446,0.5062131695492201,20,110,20,463830,141780,47375,60581,1.3133128311534328,0.2993709262160199
1447,0.5062644851430795,4,15,4,463845,141765,47379,60577,1.3131738856571196,0.29937926876278775
1448,0.5063176841113364,0,1,0,463846,141764,47379,60577,1.313164622624032,0.2993807483406724
1449,0.5063558373898889,33,131,33,463977,141633,47412,60544,1.3119511652895623,0.29946037383085117
1450,0.5063895038848002,16,76,16,464053,141557,47428,60528,1.3112471747749084,0.2995175297523319
1451,0.506440541182812,0,4,0,464057,141553,47428,60528,1.311210122642558,0.29952345841518996
1452,0.5064616220906045,26,95,26,464152,141458,47454,60502,1.3103301344992404,0.29957417310358486
1453,0.5065283512329127,5,22,5,464174,141436,47459,60497,1.3101263477713143,0.29958946779377316
1454,0.5065588059651835,27,112,27,464286,141324,47486,60470,1.3090888880655083,0.29966203157675647
1455,0.5065716907371179,3,5,3,464291,141319,47489,60467,1.3090425729000703,0.29965904473055616
1456,0.5065800991946193,3,33,3,464324,141286,47492,60464,1.308736892808181,0.2996976456009913
1457,0.5066202644835259,17,76,17,464400,141210,47509,60447,1.308032902293527,0.29975155833916006
1458,0.5066727104995716,2,26,2,464426,141184,47511,60445,1.3077920634332505,0.2997832653040981
1459,0.5067429115346471,2,4,2,464430,141180,47513,60443,1.3077550113009004,0.29978226690407345
1460,0.5067693472550479,0,3,0,464433,141177,47513,60443,1.3077272222016376,0.29978672750719176
1461,0.506771010095398,16,62,16,464495,141115,47529,60427,1.3071529141502094,0.29982336187990594
1462,0.5067815892658747,23,62,23,464557,141053,47552,60404,1.306578606098781,0.29983569694773576
1463,0.5067915005848938,12,50,12,464607,141003,47564,60392,1.3061154544444034,0.29986841778594303
1464,0.5068147701798379,21,88,21,464695,140915,47585,60371,1.3053003075326985,0.29992647278002443
1465,0.5068152637435442,3,5,3,464700,140910,47588,60368,1.3052539923672608,0.2999234889058914
1466,0.5068172388963997,3,7,3,464707,140903,47591,60365,1.305189151135648,0.29992348510443784
1467,0.5068336840207942,27,73,27,464780,140830,47618,60338,1.3045129497202563,0.29993835997773005
1468,0.5068882253164608,27,77,27,464857,140753,47645,60311,1.3037996961725147,0.29995921696574224
1469,0.5069220549063089,22,89,22,464946,140664,47667,60289,1.3029752862277224,0.30001542649276197
1470,0.507048255412461,0,16,0,464962,140648,47667,60289,1.3028270776983215,0.30003931580545146
1471,0.5070587841650257,0,4,0,464966,140644,47667,60289,1.3027900255659712,0.3000452887280835
1472,0.5070920060715881,26,96,26,465062,140548,47693,60263,1.301900774389566,0.30009810219559685
1473,0.5071629479530457,1,8,1,465070,140540,47694,60262,1.3018266701248657,0.3001065726436988
1474,0.5072224247859898,1,30,1,465100,140510,47695,60261,1.301548779132239,0.30014792973088744
1475,0.5072659423284919,0,4,0,465104,140506,47695,60261,1.3015117269998888,0.3001539097560854
1476,0.5072768517205757,0,2,0,465106,140504,47695,60261,1.3014932009337137,0.300156899858043
1477,0.5072893983305491,6,25,6,465131,140479,47701,60255,1.301261625106525,0.3001733637550191
1478,0.5073425570011313,165,619,165,465750,139860,47866,60090,1.295527807625329,0.3005251312828207
1479,0.5073877000543259,101,343,101,466093,139517,47967,59989,1.2923505872762977,0.3006876986155805
1480,0.5073978822108205,5,33,5,466126,139484,47972,59984,1.2920449071844085,0.3007199149738304
1481,0.5073999001238617,17,121,17,466247,139363,47989,59967,1.2909240801808144,0.30084282345858626
1482,0.5074171650057604,4,11,4,466258,139352,47993,59963,1.2908221868168512,0.30084539547951733
1483,0.5074819300790927,4,32,4,466290,139320,47997,59959,1.2905257697580497,0.3008796712147291
1484,0.5074996463758457,31,115,31,466405,139205,48028,59928,1.2894605209529808,0.30094459481853836
1485,0.5075186663851013,1,3,1,466408,139202,48029,59927,1.2894327318537182,0.3009456181671178
1486,0.5075228278233798,51,248,51,466656,138954,48080,59876,1.2871354996480047,0.30114167882110343
1487,0.507528525594704,0,1,0,466657,138953,48080,59876,1.2871262366149172,0.3011431933973414
1488,0.5075523732016382,33,118,33,466775,138835,48113,59843,1.2860331987105857,0.30120597147142614
1489,0.5075980111464122,6,33,6,466808,138802,48119,59837,1.2857275186186965,0.301234903518443
1490,0.5076207142397274,0,8,0,466816,138794,48119,59837,1.2856534143539962,0.3012470359611541
1491,0.5076312085421759,184,667,184,467483,138127,48303,59653,1.2794749712845974,0.3016129032258065
1492,0.5076331606020477,56,286,56,467769,137841,48359,59597,1.276825743821557,0.30185172054011894
1493,0.5076352453175135,0,2,0,467771,137839,48359,59597,1.2768072177553818,0.30185477825725804
1494,0.5076508919349625,27,100,27,467871,137739,48386,59570,1.2758809144466263,0.30191222904175685
1495,0.5076520726535494,81,213,81,468084,137526,48467,59489,1.2739078883989774,0.30195162804862574
1496,0.5076830406835443,74,244,74,468328,137282,48541,59415,1.2716477083256141,0.302063580024098
1497,0.5076926822223014,10,36,10,468364,137246,48551,59405,1.2713142391344623,0.3020833863036547
1498,0.507723382979341,3,19,3,468383,137227,48554,59402,1.2711382415057986,0.30210192799637897
1499,0.5077426226236093,19,70,19,468453,137157,48573,59383,1.2704898291896698,0.30214205759641805
1500,0.5077531197492128,61,245,61,468698,136912,48634,59322,1.268220386083219,0.3023023533128816
1501,0.5077625086122262,0,1,0,468699,136911,48634,59322,1.2682111230501316,0.30230389384048556
1502,0.5077698479650616,3,18,3,468717,136893,48637,59319,1.2680443884545556,0.30232095896275457
1503,0.5077961651646968,2,4,2,468721,136889,48639,59317,1.2680073363222053,0.3023200106011029
1504,0.5078037919162808,5,16,5,468737,136873,48644,59312,1.2678591277928044,0.3023268853378189
1505,0.5078043742268079,2,3,2,468740,136870,48646,59310,1.2678313386935418,0.30232439596289123
1506,0.5078338917145188,0,1,0,468741,136869,48646,59310,1.2678220756604544,0.3023259370268989
1507,0.5078412912868836,9,32,9,468773,136837,48655,59301,1.2675256586016526,0.30234324812122076
1508,0.5078529692117547,53,274,53,469047,136563,48708,59248,1.2649875875356626,0.3025774854323812
1509,0.507877147390327,0,6,0,469053,136557,48708,59248,1.2649320093371375,0.30258675723296136
1510,0.5078839044592411,9,38,9,469091,136519,48717,59239,1.2645800140798102,0.30261343086872566
1511,0.5078910703643745,6,17,6,469108,136502,48723,59233,1.264422542517322,0.3026183360155312
1512,0.5078935295437436,2,11,2,469119,136491,48725,59231,1.2643206491533587,0.30262821757390584
1513,0.5079294416260358,69,257,69,469376,136234,48794,59162,1.2619400496498574,0.3027799954963254
1514,0.5079418979817797,0,1,0,469377,136233,48794,59162,1.2619307866167697,0.30278154507536015
1515,0.5079878530961277,0,5,0,469382,136228,48794,59162,1.261884471451332,0.3027892932084549
1516,0.5080243632337366,154,629,154,470011,135599,48948,59008,1.2560580236392604,0.3032162255211786
1517,0.5080257632312828,0,1,0,470012,135598,48948,59008,1.256048760606173,0.3032177836243487
1518,0.5080332091003974,0,2,0,470014,135596,48948,59008,1.2560302345399978,0.3032208998787281
1519,0.5080833117212522,20,66,20,470080,135530,48968,58988,1.2554188743562191,0.3032521411900184
1520,0.508095228807697,0,3,0,470083,135527,48968,58988,1.2553910852569565,0.30325681824023853
1521,0.508113752817659,89,326,89,470409,135201,49057,58899,1.2523713364704139,0.3034466769706337
1522,0.5081573549207353,167,624,167,471033,134577,49224,58732,1.24659120382378,0.30382444687003707
1523,0.5081837563101621,82,261,82,471294,134316,49306,58650,1.2441735521879285,0.3039395541183421
1524,0.5082251058112428,6,13,6,471307,134303,49312,58644,1.2440531327577902,0.30393838722550753
1525,0.508304353494482,2,2,2,471309,134301,49314,58642,1.244034606691615,0.3039343225719513
1526,0.5083763253615694,22,59,22,471368,134242,49336,58620,1.2434880877394494,0.30394790057139304
1527,0.5084208319771838,1,1,1,471369,134241,49337,58619,1.243478824706362,0.3039458674686301
1528,0.5084230906471132,0,3,0,471372,134238,49337,58619,1.2434510356070991,0.30395059551895964
1529,0.5084794036352351,2,3,2,471375,134235,49339,58617,1.2434232465078365,0.3039481052828075
1530,0.5085031001759003,0,5,0,471380,134230,49339,58617,1.2433769313423988,0.303955985833329
1531,0.5085436261084959,18,82,18,471462,134148,49357,58599,1.2426173626292194,0.30402029603573594
1532,0.5085622569523622,149,632,149,472094,133516,49506,58450,1.236763125717885,0.30448100184407656
1533,0.50857468802943,15,31,15,472125,133485,49521,58435,1.236475971692171,0.3044758232596915
1534,0.5085781169691171,7,69,7,472194,133416,49528,58428,1.2358368224091296,0.30455995496340776
1535,0.5086342312132242,0,2,0,472196,133414,49528,58428,1.2358182963429545,0.30456313007579155
1536,0.5086438272785337,0,5,0,472201,133409,49528,58428,1.2357719811775167,0.3045710681463951
1537,0.5086634669871162,114,601,114,472802,132808,49642,58314,1.2302048982918967,0.30511401094588797
1538,0.5087382030117426,0,1,0,472803,132807,49642,58314,1.230195635258809,0.3051156073900827
1539,0.508751628539299,128,629,128,473432,132178,49770,58186,1.2243691874467375,0.3056565316971696
1540,0.5087566135955768,35,168,35,473600,132010,49805,58151,1.2228129978880284,0.3057987705155105
1541,0.5087654530663875,0,4,0,473604,132006,49805,58151,1.2227759457556782,0.30580520306904296
1542,0.5087852974608402,536,1730,536,475334,130276,50341,57615,1.2067508985142095,0.30664055223507247
1543,0.5087872145287032,0,8,0,475342,130268,50341,57615,1.2066767942495091,0.30665360889489734
1544,0.5087916322700342,8,20,8,475362,130248,50349,57607,1.206491533587758,0.30665672992467596
1545,0.5088630431988379,23,51,23,475413,130197,50372,57584,1.2060191189002927,0.3066550929007727
1546,0.5088824466207488,565,1741,565,477154,128456,50937,57019,1.1898921782948608,0.3074214853753875
1547,0.5089153135653156,0,7,0,477161,128449,50937,57019,1.189827337063248,0.3074330881877197
1548,0.5089406810714794,712,2290,712,479451,126159,51649,56307,1.1686149912927488,0.30858899740225576
1549,0.5089648445654658,389,1508,389,480959,124651,52038,55918,1.154646337396717,0.3096766333091505
1550,0.5089756882020569,562,1745,562,482704,122906,52600,55356,1.1384823446589352,0.31053168931123853
1551,0.5089892955384989,1,2,1,482706,122904,52601,55355,1.13846381859276,0.3105313055722292
1552,0.5090133099887062,359,1562,359,484268,121342,52960,54996,1.1239949609100004,0.311878324581202
1553,0.5090277443649676,116,616,116,484884,120726,53076,54880,1.118288932528067,0.31251779551951525
1554,0.5090427409307356,7,12,7,484896,120714,53083,54873,1.1181777761310163,0.31251174631379314
1555,0.5090549366528256,1,2,1,484898,120712,53084,54872,1.1181592500648412,0.3125113905595043
1556,0.5090591262341748,130,639,130,485537,120073,53214,54742,1.1122401719218942,0.3131424648914567
1557,0.5091567156396539,0,2,0,485539,120071,53214,54742,1.112221645855719,0.31314604749074726
1558,0.5092453849463567,91,290,91,485829,119781,53305,54651,1.1095353662603282,0.3133083379196478
1559,0.5092477062125579,4,30,4,485859,119751,53309,54647,1.1092574752677016,0.3133464833312309
1560,0.5092560715632815,601,1856,601,487715,117895,53910,54046,1.092065285857201,0.3143287523045696
1561,0.5092632621036529,17,49,17,487764,117846,53927,54029,1.091611397235911,0.31435054545454544
1562,0.5092728545964778,3,21,3,487785,117825,53930,54026,1.0914168735410723,0.3143769893686973
1563,0.5093124697827404,16,46,16,487831,117779,53946,54010,1.0909907740190448,0.314397312982787
1564,0.5093390240456428,78,234,78,488065,117545,54024,53932,1.0888232242765572,0.3145144829918881
1565,0.5093612508276182,1,1,1,488066,117544,54025,53931,1.0888139612434695,0.3145123195801137
1566,0.5093619450510395,51,209,51,488275,117335,54076,53880,1.0868779873281706,0.314692053850422
1567,0.5093671857308462,1,2,1,488277,117333,54077,53879,1.0868594612619957,0.3146917272153821
1568,0.5093674845659742,66,242,66,488519,117091,54143,53813,1.0846178072548076,0.31487267705846556
1569,0.5093698393875401,2,0,2,488519,117091,54145,53811,1.0846178072548076,0.3148646592784169
1570,0.509373650088715,1,4,1,488523,117087,54146,53810,1.0845807551224573,0.3148680199184304
1571,0.5093949776132363,0,3,0,488526,117084,54146,53810,1.0845529660231947,0.3148735473451379
1572,0.5094046181438706,0,2,0,488528,117082,54146,53810,1.0845344399570196,0.3148772324040915
1573,0.5094475610117157,0,1,0,488529,117081,54146,53810,1.084525176923932,0.31487907496591394
1574,0.5094657604836004,0,2,0,488531,117079,54146,53810,1.0845066508577568,0.31488276015425215
1575,0.5094989661547856,0,3,0,488534,117076,54146,53810,1.0844788617584942,0.3148882880984984
1576,0.5096231272603944,77,209,77,488743,116867,54223,53733,1.0825428878431953,0.3149648300117233
1577,0.5096469521165031,5,20,5,488763,116847,54228,53728,1.0823576271814443,0.31498167961307344
1578,0.5096867609660154,2,5,2,488768,116842,54230,53726,1.0823113120160066,0.31498288072792086
1579,0.5096899003038011,350,1580,350,490348,115262,54580,53376,1.067675719737671,0.31651229260309066
1580,0.5097093025355955,4,12,4,490360,115250,54584,53372,1.0675645633406203,0.3165186037409116
1581,0.5097347867736027,5,17,5,490377,115233,54589,53367,1.0674070917781318,0.3165302491103203
1582,0.5097445309936581,6,17,6,490394,115216,54595,53361,1.0672496202156434,0.3165378432407742
1583,0.5098023807649105,372,1493,372,491887,113723,54967,52989,1.053419911815925,0.31784754546763283
1584,0.5098403003606979,1,1,1,491888,113722,54968,52988,1.0534106487828374,0.31784536020634635
1585,0.5098970392912918,2,1,2,491889,113721,54970,52986,1.05340138574975,0.31783908294192803
1586,0.5099080661689188,0,3,0,491892,113718,54970,52986,1.0533735966504871,0.3178448027641808
1587,0.5099204173827672,84,319,84,492211,113399,55054,52902,1.0504186890955574,0.3181099331934264
1588,0.5099291588794534,1,0,1,492211,113399,55055,52901,1.0504186890955574,0.31810583283223093
1589,0.5100011190928957,22,53,22,492264,113346,55077,52879,1.0499277483419172,0.3181170100767033
1590,0.5100187746990612,34,77,34,492341,113269,55111,52845,1.0492144947941755,0.31812490217561434
1591,0.5100241207584604,14,54,14,492395,113215,55125,52831,1.0487142910074474,0.31817086831359986
1592,0.5100337484255909,11,24,11,492419,113191,55136,52820,1.0484919782133462,0.3181716874183036
1593,0.5100374464884336,72,317,72,492736,112874,55208,52748,1.0455555967245915,0.3184842593375276
1594,0.5100649571555946,9,13,9,492749,112861,55217,52739,1.0454351772944532,0.3184722222222222
1595,0.5100660323021194,7,25,7,492774,112836,55224,52732,1.0452036014672645,0.3184914959412447
1596,0.5100989848206441,0,2,0,492776,112834,55224,52732,1.0451850754010894,0.3184953432468019
1597,0.5101280577139315,1,3,1,492779,112831,55225,52731,1.0451572863018266,0.3184969981034295
1598,0.5101307796009069,13,35,13,492814,112796,55238,52718,1.0448330801437622,0.31851082083690807
1599,0.5101441277658545,14,34,14,492848,112762,55252,52704,1.0445181370187855,0.31851860805240956
1600,0.5101589821497664,0,3,0,492851,112759,55252,52704,1.0444903479195227,0.31852438309471
1601,0.5101841113019446,51,260,51,493111,112499,55303,52653,1.0420819593167587,0.3188153943034296
1602,0.5101976048918461,1702,5716,1702,498827,106783,57005,50951,0.9891344621882989,0.3230184994991568
1603,0.5101994712784268,7,15,7,498842,106768,57012,50944,0.9889955166919856,0.3230191741909303
1604,0.5102072655919541,82,357,82,499199,106411,57094,50862,0.9856886138797287,0.3233994391917239
1605,0.510284069224013,2,3,2,499202,106408,57096,50860,0.9856608247804661,0.32339700384057785
1606,0.5102993961680776,51,244,51,499446,106164,57147,50809,0.9834006447071029,0.3236798685124193
1607,0.5103313784846645,8,9,8,499455,106155,57155,50801,0.983317277409315,0.32366395677769566
1608,0.5103749907734031,5,19,5,499474,106136,57160,50796,0.9831412797806514,0.3236815945759947
1609,0.5103819419152221,0,1,0,499475,106135,57160,50796,0.9831320167475638,0.3236836571486832
1610,0.5104003092140428,1,4,1,499479,106131,57161,50795,0.9830949646152136,0.3236875979761161
1611,0.5104027993039295,14,45,14,499524,106086,57175,50781,0.9826781281262736,0.32372009409244773
1612,0.5104028377978266,0,5,0,499529,106081,57175,50781,0.9826318129608359,0.3237304127194604
1613,0.5104171063591177,94,305,94,499834,105776,57269,50687,0.9798065878691319,0.3239551842927721
1614,0.5104304507402563,2,14,2,499848,105762,57271,50685,0.9796769054059061,0.32397553164969606
1615,0.5104411315757605,81,318,81,500166,105444,57352,50604,0.9767312608840639,0.3242848354352507
1616,0.5104507729205454,1320,4228,1320,504394,101216,58672,49284,0.9375671569898848,0.32746843853820595
1617,0.5104576370113477,0,1,0,504395,101215,58672,49284,0.9375578939567972,0.3274706144226872
1618,0.5104728853292062,0,9,0,504404,101206,58672,49284,0.9374745266590092,0.32749019868429796
1619,0.510504585119964,1290,4274,1290,508678,96932,59962,47994,0.8978843232428027,0.3311621103183694
1620,0.5105711476373629,4,24,4,508702,96908,59966,47990,0.8976620104487013,0.33119849825394415
1621,0.5105946817098109,0,1,0,508703,96907,59966,47990,0.8976527474156137,0.3312007840051899
1622,0.5106162112199744,23,73,23,508776,96834,59989,47967,0.8969765460002224,0.3312615244369859
1623,0.5106206452325257,1256,4279,1256,513055,92555,61245,46711,0.857340027418578,0.3354084988439389
1624,0.5106380571569522,1355,4402,1355,517457,88153,62600,45356,0.8165641557671643,0.33972241571729245
1625,0.5106498583190976,86,314,86,517771,87839,62686,45270,0.8136555633776724,0.34009721356181777
1626,0.5106828321184105,0,3,0,517774,87836,62686,45270,0.8136277742784097,0.34010487881838536
1627,0.5106876176131372,18,80,18,517854,87756,62704,45252,0.8128867316314053,0.34022013713460847
1628,0.5106937641960922,133,265,133,518119,87491,62837,45119,0.8104320278632036,0.34023829273810424
1629,0.5107095153682543,15,76,15,518195,87415,62852,45104,0.8097280373485494,0.340358741010723
1630,0.5107348239832127,1,3,1,518198,87412,62853,45103,0.8097002482492868,0.34036146851299853
1631,0.5107814691263202,25,90,25,518288,87322,62878,45078,0.8088665752714068,0.34046827794561935
1632,0.5108080994329609,72,249,72,518537,87073,62950,45006,0.8065600800326059,0.3407506113765247
1633,0.5108601474784897,0,5,0,518542,87068,62950,45006,0.8065137648671681,0.3407635113648409
1634,0.5108794809684436,28,72,28,518614,86996,62978,44978,0.8058468264848642,0.3408095533968812
1635,0.510883224897135,6,13,6,518627,86983,62984,44972,0.805726407054726,0.34081315600015155
1636,0.5109623115836744,15,54,15,518681,86929,62999,44957,0.8052262032679981,0.34087772773455866
1637,0.5109709331010098,13,35,13,518716,86894,63012,44944,0.8049019971099337,0.34090322972132464
1638,0.5109760518114556,122,314,122,519030,86580,63134,44822,0.8019934047204417,0.34110591924019423
1639,0.5109798020932872,23,84,23,519114,86496,63157,44799,0.8012153099410871,0.34120872843596484
1640,0.5110265589282109,17,63,17,519177,86433,63174,44782,0.8006317388565712,0.3412872003962962
1641,0.5110399473209672,0,1,0,519178,86432,63174,44782,0.8006224758234837,0.341289801393144
1642,0.5110602282964414,85,226,85,519404,86206,63259,44697,0.7985290303456964,0.34145130363704423
1643,0.5110747066817333,145,413,145,519817,85793,63404,44552,0.7947033976805365,0.3418006060838544
1644,0.5111021389847431,120,312,120,520129,85481,63524,44432,0.7918133313572197,0.3420135013432066
1645,0.5111358100470988,5,26,5,520155,85455,63529,44427,0.7915724924969432,0.3420566360234675
1646,0.5111912833808439,5,20,5,520175,85435,63534,44422,0.7913872318351921,0.34208398469085227
1647,0.5112129859289882,10,71,10,520246,85364,63544,44412,0.7907295564859758,0.34222044137590923
1648,0.5112271172247989,2,4,2,520250,85360,63546,44410,0.7906925043536256,0.34222085227710564
1649,0.511239479292285,143,516,143,520766,84844,63689,44267,0.7859127792804476,0.34286001967299456
1650,0.5112716187921702,7,24,7,520790,84820,63696,44260,0.7856904664863463,0.3428881313913852
1651,0.5112744142788433,6,24,6,520814,84796,63702,44254,0.785468153692245,0.34292134831460674
1652,0.511284206600312,6,16,6,520830,84780,63708,44248,0.7853199451628441,0.3429333167994544
1653,0.5112918399380892,1,4,1,520834,84776,63709,44247,0.7852828930304939,0.3429388558629082
1654,0.5113235449504911,26,78,26,520912,84698,63735,44221,0.7845603764496647,0.3430138303896245
1655,0.5113339100616198,7,31,7,520943,84667,63742,44214,0.7842732224239505,0.3430606528503038
1656,0.511348976977619,9,37,9,520980,84630,63751,44205,0.783930490199711,0.34311328443357786
1657,0.511388315035668,25,88,25,521068,84542,63776,44180,0.7831153432880062,0.34322027314678144
1658,0.5113894014221141,7,26,7,521094,84516,63783,44173,0.7828745044277298,0.3432538911639689
1659,0.5114096731254959,0,6,0,521100,84510,63783,44173,0.7828189262292045,0.34326989579043077
1660,0.5114294660308438,119,313,119,521413,84197,63902,44054,0.7799195968728,0.34349829630958045
1661,0.5114580766315899,8,18,8,521431,84179,63910,44046,0.7797528622772241,0.343505556638721
1662,0.5114651760221228,19,85,19,521516,84094,63929,44027,0.778965504464782,0.343636094004886
1663,0.5114895362104062,0,1,0,521517,84093,63929,44027,0.7789562414316944,0.3436387761473618
1664,0.5115324788770145,19,76,19,521593,84017,63948,44008,0.7782522509170403,0.3437453622339387
1665,0.5115415727205997,11,73,11,521666,83944,63959,43997,0.7775760495016488,0.3438850720253867
1666,0.5115420565839812,19,97,19,521763,83847,63978,43978,0.7766775352921561,0.3440485038138079
1667,0.5115665950921788,8,38,8,521801,83809,63986,43970,0.776325540034829,0.3441097519936766
1668,0.511583456087213,6,8,6,521809,83801,63992,43964,0.7762514357701286,0.34410049700622236
1669,0.511626328729798,77,240,77,522049,83561,64069,43887,0.7740283078291156,0.34435220639005715
1670,0.5116363722339975,11,80,11,522129,83481,64080,43876,0.7732872651821112,0.3445118839168636
1671,0.5116403671459357,0,1,0,522130,83480,64080,43876,0.7732780021490236,0.34451458902603727
1672,0.5116432840205863,4,4,4,522134,83476,64084,43872,0.7732409500166735,0.3445048214341804
1673,0.5116620837225545,92,312,92,522446,83164,64176,43780,0.7703508836933566,0.3448764809679859
1674,0.5117050863826109,0,1,0,522447,83163,64176,43780,0.770341620660269,0.34487919775017134
1675,0.5117148911103516,4,8,4,522455,83155,64180,43776,0.7702675163955686,0.34488028929103215
1676,0.51172376584989,86,221,86,522676,82934,64266,43690,0.7682203860832191,0.3450372757139247
1677,0.5117284298875104,22,54,22,522730,82880,64288,43668,0.7677201822964912,0.3450706451307014
1678,0.511793175513063,53,76,53,522806,82804,64341,43615,0.767016191781837,0.3450035200405002
1679,0.5118400944112629,0,1,0,522807,82803,64341,43615,0.7670069287487495,0.3450062491100951
1680,0.5118437442779052,29,203,29,523010,82600,64370,43586,0.765126533031976,0.3454107428716339
1681,0.5118690220871623,10,54,10,523064,82546,64380,43576,0.7646263292452481,0.3455067315773616
1682,0.5118985467120037,38,81,38,523145,82465,64418,43538,0.7638760235651562,0.3455314556002635
1683,0.5119067079377739,0,3,0,523148,82462,64418,43538,0.7638482344658936,0.34553968253968254
1684,0.5119464431092184,9,30,9,523178,82432,64427,43529,0.7635703434732669,0.3455752177261216
1685,0.5119664325372073,2,14,2,523192,82418,64429,43527,0.7634406610100412,0.3456032395093096
1686,0.5120238891260105,30,35,30,523227,82383,64459,43497,0.7631164548519768,0.34554337464251667
1687,0.512133088547466,24,52,24,523279,82331,64483,43473,0.7626347771314239,0.34556134940065497
1688,0.5121371023309285,8,26,8,523305,82305,64491,43465,0.7623939382711475,0.3455911584638626
1689,0.5121417500088806,21,175,21,523480,82130,64512,43444,0.7607729074808255,0.3459633363594375
1690,0.512147905548173,0,1,0,523481,82129,64512,43444,0.7607636444477379,0.3459660914368535
1691,0.5121557400987851,23,155,23,523636,81974,64535,43421,0.759327874319167,0.34627377487140637
1692,0.5121587242771378,7,7,7,523643,81967,64542,43414,0.7592630330875542,0.34625660985316753
1693,0.5121682441713098,1,5,1,523648,81962,64543,43413,0.7592167179221164,0.3462652043868395
1694,0.5121756896998024,57,216,57,523864,81746,64600,43356,0.7572159027752047,0.3465652027945197
1695,0.5122064979465779,25,134,25,523998,81612,64625,43331,0.7559746563414724,0.34680614360148226
1696,0.5122090387951452,44,88,44,524086,81524,64669,43287,0.7551595094297677,0.3468203924333592
1697,0.5122271650104756,31,153,31,524239,81371,64700,43256,0.7537422653673719,0.34708369775409825
1698,0.5122595608223193,49,85,49,524324,81286,64749,43207,0.7529549075549298,0.34706369032797024
1699,0.5122691908292824,36,55,36,524379,81231,64785,43171,0.7524454407351143,0.34702818282664266
1700,0.5122932252770267,25,139,25,524518,81092,64810,43146,0.7511578791359442,0.3472850496627441
1701,0.5123009906614738,25,70,25,524588,81022,64835,43121,0.7505094668198155,0.3473494276761477
1702,0.5123010215720775,51,259,51,524847,80763,64886,43070,0.748110341250139,0.3478071273408542
1703,0.512302847449318,25,172,25,525019,80591,64911,43045,0.7465170995590796,0.34815911223268303
1704,0.5123339987264859,20,138,20,525157,80453,64931,43025,0.7452388009929971,0.3484426375548681
1705,0.512359754175824,24,132,24,525289,80321,64955,43001,0.74401608062544,0.348688798430126
1706,0.5123634781263804,6,29,6,525318,80292,64961,42995,0.7437474526659009,0.34873912091299164
1707,0.5123724160434694,49,87,49,525405,80205,65010,42946,0.7429415687872837,0.34872636032188126
1708,0.5123971353770405,21,125,21,525530,80080,65031,42925,0.7417836896513395,0.3489695540831674
1709,0.5124016924740639,5,7,5,525537,80073,65036,42920,0.7417188484197266,0.348962949110925
1710,0.5124059354051589,26,161,26,525698,79912,65062,42894,0.7402275000926304,0.34928260834161196
1711,0.5124073631770869,28,42,28,525740,79870,65090,42866,0.739838452702953,0.349253682701082
1712,0.5124101081402027,3,8,3,525748,79862,65093,42863,0.7397643484382527,0.3492605418618863
1713,0.5124190126974912,21,109,21,525857,79753,65114,42842,0.7387546778317092,0.3494596027570456
1714,0.5125501798655725,0,1,0,525858,79752,65114,42842,0.7387454147986217,0.34946245330114034
1715,0.512564257814795,7,29,7,525887,79723,65121,42835,0.7384767868390826,0.34950798805463534
1716,0.5125959885571845,1,3,1,525890,79720,65122,42834,0.73844899773982,0.3495112358633745
1717,0.5126042540596168,28,201,28,526091,79519,65150,42806,0.7365871280892216,0.34993664418557124
1718,0.5126787132883895,35,118,35,526209,79401,65185,42771,0.7354940901848901,0.3500883999607111
1719,0.5126839680952744,1,0,1,526209,79401,65186,42770,0.7354940901848901,0.3500830802727325
1720,0.5127466539282327,2,9,2,526218,79392,65188,42768,0.7354107228871022,0.35009823182711197
1721,0.5127848958979645,9,41,9,526259,79351,65197,42759,0.7350309385305124,0.3501678814183933
1722,0.5127870443346197,11,52,11,526311,79299,65208,42748,0.7345492608099596,0.3502585069686268
1723,0.5128505459676763,209,436,209,526747,78863,65417,42539,0.730510578383786,0.3503978517652098
1724,0.5129195829319453,4,9,4,526756,78854,65421,42535,0.730427211085998,0.35040242526093796
1725,0.5129291380004231,2,3,2,526759,78851,65423,42533,0.7303994219867354,0.3504003822579582
1726,0.512965862513322,0,1,0,526760,78850,65423,42533,0.7303901589536478,0.3504032689915392
1727,0.513023260717848,0,1,0,526761,78849,65423,42533,0.7303808959205602,0.3504061557726846
1728,0.5130353927451622,13,59,13,526820,78790,65436,42520,0.7298343769683945,0.3505069656252576
1729,0.5130515995451415,206,397,206,527217,78393,65642,42314,0.7261569528326355,0.35055133505099123
1730,0.5131482865986744,0,5,0,527222,78388,65642,42314,0.7261106376671977,0.3505658564066875
1731,0.5131579569688138,0,2,0,527224,78386,65642,42314,0.7260921116010226,0.35057166528583267
1732,0.5131743086629512,1,1,1,527225,78385,65643,42313,0.726082848567935,0.3505691892160599
1733,0.5131817010536752,4,5,4,527230,78380,65647,42309,0.7260365334024973,0.35056218876616757
1734,0.5131941172076424,16,64,16,527294,78316,65663,42293,0.7254436992848938,0.35066205672876816
1735,0.513245558615423,0,2,0,527296,78314,65663,42293,0.7254251732187187,0.3506678716824065
1736,0.5132533807954439,3,9,3,527305,78305,65666,42290,0.7253418059209308,0.3506778888013599
1737,0.5132536551747955,204,394,204,527699,77911,65870,42086,0.7216921708844344,0.3507254348025367
1738,0.5132659779540508,4,32,4,527731,77879,65874,42082,0.7213957538256327,0.35079734246963595
1739,0.5132698342024508,1,3,1,527734,77876,65875,42081,0.72136796472637,0.35080070358545146
1740,0.5132860692010218,0,1,0,527735,77875,65875,42081,0.7213587016932824,0.3508036279969322
1741,0.5132889061783305,4,15,4,527750,77860,65879,42077,0.7212197561969691,0.35082585023804164
1742,0.5133710174573043,209,422,209,528172,77438,66088,41868,0.7173107562340213,0.35092954252091263
1743,0.5134451618694276,0,2,0,528174,77436,66088,41868,0.7172922301678462,0.3509354254677127
1744,0.5134618365179194,6,34,6,528208,77402,66094,41862,0.7169772870428693,0.3510028172793131
1745,0.5134792741175002,215,396,215,528604,77006,66309,41647,0.7133091259401979,0.35099828912880415
1746,0.5135090554831723,2,3,2,528607,77003,66311,41645,0.7132813368409352,0.3509962241251433
1747,0.5135738463328919,2,11,2,528618,76992,66313,41643,0.7131794434769722,0.35101782779112406
1748,0.5136105524897923,2,8,2,528626,76984,66315,41641,0.7131053392122717,0.3510305584826133
1749,0.5137226272857535,1,1,1,528627,76983,66316,41640,0.7130960761791841,0.35102804683745986
1750,0.513726895456229,0,1,0,528628,76982,66316,41640,0.7130868131460966,0.3510310060528401
1751,0.5138279827501637,14,21,14,528649,76961,66330,41626,0.7128922894512579,0.3510165532478265
1752,0.5139215272277078,4,12,4,528661,76949,66334,41622,0.7127811330542073,0.3510301844464498
1753,0.513954949336006,24,50,24,528711,76899,66358,41598,0.7123179813998296,0.35104686194587204
1754,0.5139972257418979,27,64,27,528775,76835,66385,41571,0.7117251472822261,0.3510886272655102
1755,0.5140306534761466,2,3,2,528778,76832,66387,41569,0.7116973581829634,0.35108656176890396
1756,0.5140493152439427,11,25,11,528803,76807,66398,41558,0.7114657823557746,0.35110040974950363
1757,0.514126686789749,0,1,0,528804,76806,66398,41558,0.711456519322687,0.35110337602649455
1758,0.5141342881200643,2,2,2,528806,76804,66400,41556,0.7114379932565119,0.351098344035147
1759,0.5141841024571997,14,59,14,528865,76745,66414,41542,0.7108914743043462,0.3511966657367251
1760,0.514217197578973,0,1,0,528866,76744,66414,41542,0.7108822112712586,0.35119963478349087
1761,0.5142177185956655,7,23,7,528889,76721,66421,41535,0.710669161510245,0.3512295359220674
1762,0.5142595663608228,0,3,0,528892,76718,66421,41535,0.7106413724109822,0.35123844638191
1763,0.514265844736225,0,2,0,528894,76716,66421,41535,0.7106228463448071,0.3512443869396453
1764,0.5142719783700112,1,6,1,528900,76710,66422,41534,0.7105672681462818,0.35125672338554176
1765,0.5142795588162112,28,61,28,528961,76649,66450,41506,0.710002223127941,0.3512843299056324
1766,0.5142861468135147,11,36,11,528997,76613,66461,41495,0.7096687539367891,0.35133098519998646
1767,0.5143075038560567,0,2,0,528999,76611,66461,41495,0.7096502278706139,0.351336934618055
1768,0.5143260918459788,4,4,4,529003,76607,66465,41491,0.7096131757382638,0.35132686412979053
1769,0.5143377826642853,2,13,2,529016,76594,66467,41489,0.7094927563081256,0.35135455569387636
1770,0.5143429471719069,3,3,3,529019,76591,66470,41486,0.7094649672088629,0.351347002379803
1771,0.51436787654015,2,5,2,529024,76586,66472,41484,0.7094186520434251,0.35135089353773186
1772,0.5143908313296529,4,9,4,529033,76577,66476,41480,0.7093352847456371,0.35135570105965763
1773,0.514397247870433,1,3,1,529036,76574,66477,41479,0.7093074956463744,0.35135913530363483
1774,0.5144143107923622,5,15,5,529051,76559,66482,41474,0.7091685501500611,0.3513763100149958
1775,0.514429008516181,4,11,4,529062,76548,66486,41470,0.709066656786098,0.3513870765476453
1776,0.5145360305429085,1,7,1,529069,76541,66487,41469,0.7090018155544852,0.3514024235234302
1777,0.5145660636977156,17,52,17,529121,76489,66504,41452,0.7085201378339323,0.35146386752698383
1778,0.5145736657691371,19,47,19,529168,76442,66523,41433,0.7080847752788173,0.35149946977730645
1779,0.5146061054854927,0,1,0,529169,76441,66523,41433,0.7080755122457297,0.35150245177053463
1780,0.5146460041425281,14,62,14,529231,76379,66537,41419,0.7075012041943014,0.35161038387748517
1781,0.5147189352274513,2,11,2,529242,76368,66539,41417,0.7073993108303382,0.35163221123233007
1782,0.5148317656468094,0,5,0,529247,76363,66539,41417,0.7073529956649005,0.35164713873323145
1783,0.5148901487503803,18,65,18,529312,76298,66557,41399,0.7067508985142095,0.35174218544227975
1784,0.5149534344134413,3,8,3,529320,76290,66560,41396,0.706676794249509,0.35174957089203474
1785,0.5149782949485202,15,68,15,529388,76222,66575,41381,0.7060469079995554,0.3518702754181441
1786,0.5150009689422717,16,61,16,529449,76161,66591,41365,0.7054818629812145,0.3519646716471249
1787,0.5150685985602623,19,61,19,529510,76100,66610,41346,0.7049168179628738,0.3520426408732524
1788,0.515086095567234,1,8,1,529518,76092,66611,41345,0.7048427136981733,0.3520611051031617
1789,0.5150879760399317,0,1,0,529519,76091,66611,41345,0.7048334506650857,0.3520641030007834
1790,0.5151307283694745,0,1,0,529520,76090,66611,41345,0.7048241876319982,0.3520671009494614
1791,0.5151508401351027,4,10,4,529530,76080,66615,41341,0.7047315573011227,0.352075012135819
1792,0.5151632465165126,32,82,32,529612,75998,66647,41309,0.7039719885879432,0.3521443733110556
1793,0.5151954172678759,0,1,0,529613,75997,66647,41309,0.7039627255548557,0.3521473752408231
1794,0.5152236240053153,0,3,0,529616,75994,66647,41309,0.703934936455593,0.3521563813372207
1795,0.5152354430768014,38,68,38,529684,75926,66685,41271,0.7033050502056394,0.3521506523204519
1796,0.5153040332670623,0,1,0,529685,75925,66685,41271,0.7032957871725518,0.35215365712140345
1797,0.5153193276958774,5,12,5,529697,75913,66690,41266,0.7031846307755011,0.3521620768226389
1798,0.5153288888120751,4,6,4,529703,75907,66694,41262,0.7031290525769758,0.35215799400865416
1799,0.5153807776060414,7,22,7,529725,75885,66701,41255,0.7029252658490496,0.3521854191565648
1800,0.5154231752531329,0,2,0,529727,75883,66701,41255,0.7029067397828745,0.35219143232768185
1801,0.5154722188536092,3,14,3,529741,75869,66704,41252,0.7027770573196488,0.3522169380384389
1802,0.5154908742813024,54,152,54,529893,75717,66758,41198,0.7013690762903405,0.35237565752897404
1803,0.515491960916971,12,43,12,529936,75674,66770,41186,0.7009707658675757,0.3524388156768783
1804,0.5155555844227848,91,243,91,530179,75431,66861,41095,0.6987198488273,0.3526680740778882
1805,0.5155596080876446,0,2,0,530181,75429,66861,41095,0.698701322761125,0.3526741272184271
1806,0.5155615633338635,1,1,1,530182,75428,66862,41094,0.6986920597280374,0.35267159849642127
1807,0.5155999359034519,69,303,69,530485,75125,66931,41025,0.6958853607025084,0.3532070598364184
1808,0.5156136530897262,12,55,12,530540,75070,66943,41013,0.6953758938826929,0.35330754718606516
1809,0.5156485862055582,2,0,2,530540,75070,66945,41011,0.6953758938826929,0.3532964050964413
1810,0.5156578091033985,2,7,2,530547,75063,66947,41009,0.6953110526510801,0.35330656833689433
1811,0.515693035116155,6,14,6,530561,75049,66953,41003,0.6951813701878543,0.35331575500637646
1812,0.5157033233534548,72,321,72,530882,74728,67025,40931,0.6922079365667494,0.3538937739389066
1813,0.5157087903895533,5,24,5,530906,74704,67030,40926,0.6919856237726482,0.3539392891118222
1814,0.5157125956229188,71,259,71,531165,74445,67101,40855,0.6895864982029716,0.35433651344319167
1815,0.5157137099488387,2,12,2,531177,74433,67103,40853,0.689475341805921,0.354362194889232
1816,0.5157649492741655,90,242,90,531419,74191,67193,40763,0.6872336877987328,0.3546027106494772
1817,0.5158378781421706,50,157,50,531576,74034,67243,40713,0.6857793916039868,0.3548066616120683
1818,0.5158819419397124,4,16,4,531592,74018,67247,40709,0.6856311830745859,0.35483364857444194
1819,0.5158853518967715,23,54,23,531646,73964,67270,40686,0.685130979287858,0.35487134757959005
1820,0.5158898504072769,0,2,0,531648,73962,67270,40686,0.6851124532216829,0.35487753820389367
1821,0.5159040249588256,4,15,4,531663,73947,67274,40682,0.6849735077253696,0.3549014647253313
1822,0.5159072101884357,5,14,5,531677,73933,67279,40677,0.6848438252621438,0.35491667393770177
1823,0.5159491698506071,0,1,0,531678,73932,67279,40677,0.6848345622290563,0.3549197706986362
1824,0.515953329014003,9,27,9,531705,73905,67288,40668,0.6845844603356923,0.3549527375559687
1825,0.5159617651997739,10,39,10,531744,73866,67298,40658,0.6842232020452778,0.355017288952534
1826,0.5159631866201945,60,156,60,531900,73710,67358,40598,0.6827781688836193,0.3551632431675823
1827,0.5159687378937645,16,58,16,531958,73652,67374,40582,0.6822409129645411,0.3552532520965737
1828,0.5159896190204167,14,48,14,532006,73604,67388,40568,0.6817962873763385,0.35532354692919454
1829,0.5160138519781179,0,1,0,532007,73603,67388,40568,0.681787024343251,0.3553266591341059
1830,0.5160160167185722,0,5,0,532012,73598,67388,40568,0.6817407091778132,0.35534222097647283
1831,0.5160271227421223,42,141,42,532153,73457,67430,40526,0.680434621512468,0.35554424782643024
1832,0.5160461163190246,71,272,71,532425,73185,67501,40455,0.6779150765126533,0.35599260823653645
1833,0.5160557504492342,53,150,53,532575,73035,67554,40402,0.6765256215495202,0.3561624514047445
1834,0.5160797810460109,10,43,10,532618,72992,67564,40392,0.6761273111267554,0.3562407394341353
1835,0.5160893845919424,0,1,0,532619,72991,67564,40392,0.6761180480936678,0.35624388135787555
1836,0.5160894048328353,4,11,4,532630,72980,67568,40388,0.6760161547297047,0.35625573354032886
1837,0.5160912467815465,0,2,0,532632,72978,67568,40388,0.6759976286635296,0.35626201859464035
1838,0.5160985106456583,99,233,99,532865,72745,67667,40289,0.6738393419541294,0.356432577808447
1839,0.5161148873643351,10,15,10,532880,72730,67677,40279,0.6737003964578161,0.35642293976585937
1840,0.5161219289599756,1,2,1,532882,72728,67678,40278,0.6736818703916411,0.35642355273171333
1841,0.5161451022683347,0,3,0,532885,72725,67678,40278,0.6736540812923784,0.3564330150526977
1842,0.5161499965254915,2,22,2,532907,72703,67680,40276,0.6734502945644522,0.35649102930633125
1843,0.516159994650735,2,11,2,532918,72692,67682,40274,0.6733484012004891,0.3565143494502771
1844,0.5161836520371866,0,3,0,532921,72689,67682,40274,0.6733206121012264,0.3565238175331746
1845,0.5161863954225001,83,278,83,533199,72411,67765,40191,0.6707454889028863,0.3569297170565354
1846,0.5162164856998206,0,1,0,533200,72410,67765,40191,0.6707362258697988,0.35693288691929914
1847,0.5162303836218194,75,310,75,533510,72100,67840,40116,0.667864685612657,0.35748912811007344
1848,0.5162313210096858,1,0,1,533510,72100,67841,40115,0.667864685612657,0.35748340239718396
1849,0.5162565342821802,0,1,0,533511,72099,67841,40115,0.6678554225795694,0.3574865881262588
1850,0.5162811057074206,0,1,0,533512,72098,67841,40115,0.6678461595464819,0.35748977391211356
1851,0.5162902760957662,3,23,3,533535,72075,67844,40112,0.6676331097854682,0.35754588321284997
1852,0.5164531256955119,0,2,0,533537,72073,67844,40112,0.667614583719293,0.3575522574319205
1853,0.5164960240176628,17,36,17,533573,72037,67861,40095,0.6672811145281411,0.35756965005529195
1854,0.5166641772789425,31,89,31,533662,71948,67892,40064,0.6664567045833488,0.3576759632896475
1855,0.5166648243366412,10,49,10,533711,71899,67902,40054,0.6660028159620586,0.3577751377810331
1856,0.5166984824807724,0,2,0,533713,71897,67902,40054,0.6659842898958835,0.3577815294191209
1857,0.5167424435359367,0,1,0,533714,71896,67902,40054,0.665975026862796,0.3577847253238053
1858,0.5167947045693033,0,1,0,533715,71895,67902,40054,0.6659657638297084,0.3577879212855854
1859,0.5168043016316324,0,1,0,533716,71894,67902,40054,0.6659565007966208,0.3577911173044628
1860,0.5168134721919122,31,84,31,533800,71810,67933,40023,0.6651784060172663,0.3578818416746399
1861,0.5168242941731334,0,1,0,533801,71809,67933,40023,0.6651691429841787,0.357885041848487
1862,0.5168585622414307,1,2,1,533803,71807,67934,40022,0.6651506169180036,0.35788570048913965
1863,0.5168696693344947,10,16,10,533819,71791,67944,40012,0.6650024083886028,0.3578794844503278
1864,0.5168791124314742,7,45,7,533864,71746,67951,40005,0.6645855718996628,0.3579833737505705
1865,0.5169091194838047,0,1,0,533865,71745,67951,40005,0.6645763088665753,0.3579865771812081
1866,0.5169325441926322,293,906,293,534771,70839,68244,39712,0.6561840008892512,0.359218822082116
1867,0.5169468044881123,239,837,239,535608,70002,68483,39473,0.6484308421949683,0.36056633934688287
1868,0.5169701435887435,0,2,0,535610,70000,68483,39473,0.6484123161287932,0.3605729266577147
1869,0.5169793701757406,27,98,27,535708,69902,68510,39446,0.647504538886213,0.3607381936569485
1870,0.5169866056988933,13,59,13,535767,69843,68523,39433,0.6469580199340472,0.3608569127713313
1871,0.5170346569034652,18,73,18,535840,69770,68541,39415,0.6462818185186557,0.3609928103677245
1872,0.5170481666380206,248,852,248,536692,68918,68789,39167,0.6383897143280596,0.36237220705925893
1873,0.5170502458021129,278,930,278,537622,67988,69067,38889,0.6297750935566342,0.36386687500584786
1874,0.517054197807304,285,1175,285,538797,66813,69352,38604,0.618891029678758,0.3662027946156692
1875,0.517081558707059,281,889,281,539686,65924,69633,38323,0.6106561932639223,0.3676172935432195
1876,0.5170843086719277,52,205,52,539891,65719,69685,38271,0.6087572714809737,0.3680257717088182
1877,0.5171004137177025,0,1,0,539892,65718,69685,38271,0.6087480084478861,0.3680293107924877
1878,0.5171388312970162,270,888,270,540780,64830,69955,38001,0.600522435066138,0.3695480934737579
1879,0.5171560903904,0,3,0,540783,64827,69955,38001,0.6004946459668754,0.36955887501458745
1880,0.517157085782232,27,83,27,540866,64744,69982,37974,0.5997258142206084,0.36969177748787946
1881,0.5171833862887015,0,1,0,540867,64743,69982,37974,0.5997165511875209,0.3696953766173077
1882,0.5172209186563771,69,208,69,541075,64535,70051,37905,0.5977898403053096,0.370021475985943
1883,0.5172290427759527,4,13,4,541088,64522,70055,37901,0.5976694208751714,0.37004383780986694
1884,0.5172455698228954,9,32,9,541120,64490,70064,37892,0.5973730038163696,0.37010411986482
1885,0.5172538766867892,0,3,0,541123,64487,70064,37892,0.597345214717107,0.3701149649830532
1886,0.5172715337252084,3,4,3,541127,64483,70067,37889,0.5973081625847567,0.37011096784276953
1887,0.5173270825620062,254,911,254,542038,63572,70321,37635,0.5888695394419949,0.3718616301243985
1888,0.5174186502071538,254,952,254,542990,62620,70575,37381,0.5800511319426433,0.37380626193738065
1889,0.5174248667389532,288,972,288,543962,61648,70863,37093,0.5710474637815406,0.37565955378211685
1890,0.5174829851083598,6,20,6,543982,61628,70869,37087,0.5708622031197895,0.37569771564605176
1891,0.517554737596993,0,1,0,543983,61627,70869,37087,0.570852940086702,0.3757015215673562
1892,0.5175644167743639,0,1,0,543984,61626,70869,37087,0.5708436770536144,0.37570532756577146
1893,0.5175926591873053,0,1,0,543985,61625,70869,37087,0.5708344140205269,0.37570913364129993
1894,0.5176580886587863,10,15,10,544000,61610,70879,37077,0.5706954685242136,0.37570298012909503
1895,0.5176894663227867,0,2,0,544002,61608,70879,37077,0.5706769424580385,0.3757105943152455
1896,0.5177052948372042,10,35,10,544037,61573,70889,37067,0.5703527362999741,0.3757806163828062
1897,0.5177174184976129,78,173,78,544210,61400,70967,36989,0.5687502315758272,0.37594649808413544
1898,0.5177599343629262,1,1,1,544211,61399,70968,36988,0.5687409685427396,0.37594397633833737
1899,0.5177660707532173,9,48,9,544259,61351,70977,36979,0.568296342954537,0.3760703752669582
1900,0.5177996225303841,0,1,0,544260,61350,70977,36979,0.5682870799214494,0.3760741998799947
1901,0.5178184471400353,7,39,7,544299,61311,70984,36972,0.5679258216310349,0.37617899331522237
1902,0.5178505159580495,83,212,83,544511,61099,71067,36889,0.5659620586164734,0.3764644650365351
1903,0.5178548525548582,1,1,1,544512,61098,71068,36888,0.5659527955833858,0.3764619435429551
1904,0.5178740191284149,73,190,73,544702,60908,71141,36815,0.5641928192967506,0.37672809880990143
1905,0.517905505755684,0,6,0,544708,60902,71141,36815,0.5641372410982252,0.3767512305944718
1906,0.5179083082609609,0,5,0,544713,60897,71141,36815,0.5640909259327874,0.3767705092516784
1907,0.5179403195358768,9,19,9,544732,60878,71150,36806,0.5639149283041239,0.37678637238442325
1908,0.5179998906896399,74,127,74,544859,60751,71224,36732,0.5627385231020046,0.3768041607254598
1909,0.5180008762238992,4,17,4,544876,60734,71228,36728,0.5625810515395161,0.376844308551025
1910,0.5180097035565436,1,3,1,544879,60731,71229,36727,0.5625532624402534,0.3768495146627265
1911,0.5180345161395007,0,1,0,544880,60730,71229,36727,0.5625439994071659,0.37685338149132436
1912,0.5180579253444859,14,35,14,544915,60695,71243,36713,0.5622197932491015,0.3768992279894875
1913,0.5181075492391151,13,35,13,544950,60660,71256,36700,0.561895587091037,0.3769515201314708
1914,0.5181692438804751,1,17,1,544967,60643,71257,36699,0.5617381155285487,0.3770109510796984
1915,0.5181976504995507,14,41,14,545008,60602,71271,36685,0.561358331171959,0.37708018543073585
1916,0.5182043171568389,1,12,1,545020,60590,71272,36684,0.5612471747749083,0.3771202993605691
1917,0.518286647171747,0,1,0,545021,60589,71272,36684,0.5612379117418207,0.3771241762873562
1918,0.5183090976649452,1,5,1,545026,60584,71273,36683,0.561191596576383,0.37713715854297963
1919,0.5183100070635513,292,699,292,545725,59885,71565,36391,0.5547167364481826,0.3779862063234866
1920,0.5183170633946379,2,4,2,545729,59881,71567,36389,0.5546796843158324,0.3779889893009245
1921,0.5183192397142662,1,5,1,545734,59876,71568,36388,0.5546333691503946,0.3780021607246738
1922,0.5183659971721287,0,1,0,545735,59875,71568,36388,0.5546241061173071,0.37800608748948195
1923,0.5184390424717396,10,37,10,545772,59838,71578,36378,0.5542813738930675,0.3780868046894487
1924,0.5184594568728403,6,35,6,545807,59803,71584,36372,0.5539571677350031,0.378185599168183
1925,0.518509190548023,1,9,1,545816,59794,71585,36371,0.5538738004372151,0.3782145271148547
1926,0.5185144537331768,0,1,0,545817,59793,71585,36371,0.5538645374041276,0.3782184601306102
1927,0.5185349845287578,57,131,57,545948,59662,71642,36314,0.552651080069658,0.37836542468950574
1928,0.5185513265808595,3,4,3,545952,59658,71645,36311,0.5526140279373077,0.3783617626525232
1929,0.5185701992837882,31,72,31,546024,59586,71676,36280,0.5519470895550039,0.3784449126906307
1930,0.518593842356055,0,3,0,546027,59583,71676,36280,0.5519193004557412,0.3784567559955353
1931,0.5186107914934469,206,531,206,546558,59052,71882,36074,0.54700062988625,0.37922334587809853
1932,0.518617320040941,0,2,0,546560,59050,71882,36074,0.5469821038200748,0.3792313191203061
1933,0.5186316331303743,0,1,0,546561,59049,71882,36074,0.5469728407869873,0.37923530586714044
1934,0.5186420523503231,55,102,55,546663,58947,71937,36019,0.5460280114120568,0.379283111850557
1935,0.518665451583633,2,3,2,546666,58944,71939,36017,0.5460002223127941,0.3792820210402165
1936,0.5186916542479078,224,535,224,547201,58409,72163,35793,0.5410444996109526,0.37996008577312584
1937,0.5187078191378206,237,525,237,547726,57884,72400,35556,0.5361814072399866,0.3805222602739726
1938,0.5187245071846072,0,1,0,547727,57883,72400,35556,0.5361721442068991,0.3805263326876358
1939,0.518729290668055,3,7,3,547734,57876,72403,35553,0.5361073029752862,0.3805349516745336
1940,0.5187594835962255,225,532,225,548266,57344,72628,35328,0.5311793693727074,0.3812154696132597
1941,0.5187790388224062,3,8,3,548274,57336,72631,35325,0.5311052651080069,0.3812283484961311
1942,0.5187924158908386,0,1,0,548275,57335,72631,35325,0.5310960020749194,0.38123246276710554
1943,0.51884614989815,1,0,1,548275,57335,72632,35324,0.5310960020749194,0.3812257848670933
1944,0.5188509282126561,25,29,25,548304,57306,72657,35299,0.5308273741153804,0.3811781221316344
1945,0.5188707892539897,11,21,11,548325,57285,72668,35288,0.5306328504205418,0.381191060028302
1946,0.5188787912520053,8,28,8,548353,57257,72676,35280,0.5303734854940901,0.38125290424370795
1947,0.5188907469840264,0,3,0,548356,57254,72676,35280,0.5303456963948275,0.3812652646594765
1948,0.5188923217764511,1,10,1,548366,57244,72677,35279,0.530253066063952,0.38129978491834465
1949,0.5189321899679651,30,75,30,548441,57169,72707,35249,0.5295583385823854,0.38140838364820706
1950,0.5189375281076707,3,7,3,548448,57162,72710,35246,0.5294934973507726,0.38141719331659596
1951,0.5189421103541236,11,28,11,548476,57134,72721,35235,0.529234132424321,0.38145914754950255
1952,0.5189553929890272,1,2,1,548478,57132,72722,35234,0.5292156063581459,0.3814607106511054
1953,0.5189609907214315,3,5,3,548483,57127,72725,35231,0.5291692911927082,0.38146127027436716
1954,0.5189713410754797,0,2,0,548485,57125,72725,35231,0.529150765126533,0.38146953094547187
1955,0.5190343015655451,32,58,32,548543,57067,72757,35199,0.5286135092074549,0.38149480848850065
1956,0.5190490664996742,17,28,17,548571,57039,72774,35182,0.5283541442810034,0.3814966222443912
1957,0.5190684425291714,24,57,24,548628,56982,72798,35158,0.5278261513950128,0.3815715215975689
1958,0.5190825978327616,123,243,123,548871,56739,72921,35035,0.5255752343547371,0.38175300193954714
1959,0.5191019031000981,5,9,5,548880,56730,72926,35030,0.5254918670569492,0.38175675675675674
1960,0.5191086357329033,0,1,0,548881,56729,72926,35030,0.5254826040238616,0.38176091718523525
1961,0.5191337754541206,3,12,3,548893,56717,72929,35027,0.5253714476268109,0.3817906348099058
1962,0.5191430413103314,2,5,2,548898,56712,72931,35025,0.5253251324613731,0.38179796592432713
1963,0.5192196511659384,15,27,15,548925,56685,72946,35010,0.5250750305680092,0.3818092589563226
1964,0.519295153814868,78,104,78,549029,56581,73024,34932,0.5241116751269036,0.38171625889217925
1965,0.5193407687476801,70,118,70,549147,56463,73094,34862,0.5230186372225721,0.38173555981385165
1966,0.5193508784369723,23,49,23,549196,56414,73117,34839,0.522564748601282,0.38178470844794143
1967,0.5193894344728681,38,67,38,549263,56347,73155,34801,0.5219441253844159,0.381807609601966
1968,0.5193937260885869,13,22,13,549285,56325,73168,34788,0.5217403386564897,0.3818115965888512
1969,0.5194298595912084,1,9,1,549294,56316,73169,34787,0.5216569713587017,0.38184252988375794
1970,0.5194385223895921,1,3,1,549297,56313,73170,34786,0.521629182259439,0.3818483188618975
1971,0.5194471288307635,2,3,2,549300,56310,73172,34784,0.5216013931601764,0.38184732254594156
1972,0.5194584459437962,16,29,16,549329,56281,73188,34768,0.5213327652006373,0.3818603169721798
1973,0.5194596658321415,65,97,65,549426,56184,73253,34703,0.5204342509911445,0.3818257836654307
1974,0.5194617477502498,2,4,2,549430,56180,73255,34701,0.5203971988587943,0.38182898515641334
1975,0.5195383239505447,66,93,66,549523,56087,73321,34635,0.5195357367816518,0.38177068406781156
1976,0.519557318827549,4,4,4,549527,56083,73325,34631,0.5194986846493016,0.3817602575126221
1977,0.5196115480464882,2,14,2,549541,56069,73327,34629,0.5193690021860758,0.3818055524928885
1978,0.5196913379889362,19,27,19,549568,56042,73346,34610,0.5191189002927118,0.3817897012752063
1979,0.519696356146012,14,37,14,549605,56005,73360,34596,0.5187761680684724,0.38185008995485703
1980,0.5197008832581987,11,28,11,549633,55977,73371,34585,0.5185168031420209,0.38189306773260306
1981,0.5197090730735879,1,3,1,549636,55974,73372,34584,0.5184890140427582,0.3818988935268005
1982,0.5197308426727928,14,32,14,549668,55942,73386,34570,0.5181925969839565,0.381938306522892
1983,0.5197737028071938,2,3,2,549671,55939,73388,34568,0.5181648078846938,0.3819373087164529
1984,0.5197951171683927,4,14,4,549685,55925,73392,34564,0.518035125421468,0.3819690791145885
1985,0.5197971962721535,1,10,1,549695,55915,73393,34563,0.5179424950905924,0.3820044651738544
1986,0.5198128468729946,0,2,0,549697,55913,73393,34563,0.5179239690244174,0.3820129095008621
1987,0.5198180373475213,3,8,3,549705,55905,73396,34560,0.517849864759717,0.38202619797711823
1988,0.5198225779817799,87,156,87,549861,55749,73483,34473,0.5164048315980585,0.38209084258828224
1989,0.5199545338431816,12,27,12,549888,55722,73495,34461,0.5161547297046946,0.3821230165330495
1990,0.51997743453429,13,38,13,549926,55684,73508,34448,0.5158027344473675,0.3821950028846581
1991,0.5200926303304599,4,9,4,549935,55675,73512,34444,0.5157193671495794,0.38220575017476893
1992,0.5201024082438532,0,1,0,549936,55674,73512,34444,0.5157101041164919,0.3822099913446814
1993,0.5201200424717171,94,169,94,550105,55505,73606,34350,0.5141446515246952,0.3822825663569083
1994,0.5201645404412022,69,159,69,550264,55346,73675,34281,0.5126718292637741,0.3824851886150379
1995,0.5202112441059544,13,32,13,550296,55314,73688,34268,0.5123754122049724,0.38253220513049496
1996,0.5202124625129743,1,2,1,550298,55312,73689,34267,0.5123568861387973,0.3825338528003215
1997,0.520275922043469,21,43,21,550341,55269,73710,34246,0.5119585757160324,0.3825727531698598
1998,0.5202779983636285,67,143,67,550484,55126,73777,34179,0.5106339619845122,0.3827221320194838
1999,0.5202861264312147,34,77,34,550561,55049,73811,34145,0.5099207084367705,0.3828172298585107
2000,0.5203982343291871,0,1,0,550562,55048,73811,34145,0.5099114454036829,0.38282152186830803
2001,0.5204020454826698,5,14,5,550576,55034,73816,34140,0.5097817629404572,0.3828470181891583
2002,0.520408945160409,12,37,12,550613,54997,73828,34128,0.5094390307162178,0.3829228611500701
2003,0.5204113382521861,29,55,29,550668,54942,73857,34099,0.5089295638964022,0.3829584124167518
2004,0.5204290214189581,4,13,4,550681,54929,73861,34095,0.508809144466264,0.38298661035226456
2005,0.5204490836916899,10,33,10,550714,54896,73871,34085,0.5085034643743748,0.3830593047954058
2006,0.5204513710166259,12,35,12,550749,54861,73883,34073,0.5081792582163104,0.38312681314233027
2007,0.5204609984009303,15,38,15,550787,54823,73898,34058,0.5078272629589833,0.38318650780256747
2008,0.5204739048904071,12,50,12,550837,54773,73910,34046,0.5073641113046056,0.38331888447291684
2009,0.5204802974973971,25,44,25,550881,54729,73935,34021,0.5069565378487532,0.3833352112676056
2010,0.5205197323820255,37,51,37,550932,54678,73972,33984,0.5064841231612879,0.3832983690870948
2011,0.5205551807760714,6,18,6,550950,54660,73978,33978,0.506317388565712,0.3833344615176335
2012,0.5205716372460315,71,155,71,551105,54505,74049,33907,0.5048816184371411,0.38351128806044427
2013,0.5205784029394788,1,0,1,551105,54505,74050,33906,0.5048816184371411,0.38350431507391614
2014,0.5205860568083609,56,152,56,551257,54353,74106,33850,0.5034736374078328,0.3837737945421358
2015,0.5205880045568994,1,2,1,551259,54351,74107,33849,0.5034551113416577,0.3837755102040816
2016,0.5206179866297661,4,17,4,551276,54334,74111,33845,0.5032976397791693,0.3838215448122569
2017,0.5206578168612475,1,8,1,551284,54326,74112,33844,0.5032235355144689,0.3838493818759215
2018,0.5206719339722895,6,16,6,551300,54310,74118,33838,0.503075326985068,0.38387711575985844
2019,0.5206720167860281,17,32,17,551332,54278,74135,33821,0.5027789099262663,0.38389766058638575
2020,0.5206931534359803,0,2,0,551334,54276,74135,33821,0.5027603838600911,0.38390637592653554
2021,0.5207155826776806,79,184,79,551518,54092,74214,33742,0.5010559857719812,0.384156476990687
2022,0.5207515009270408,3,10,3,551528,54082,74217,33739,0.5009633554411056,0.38417918265562906
2023,0.5207599616807592,61,132,61,551660,53950,74278,33678,0.4997406350735485,0.3843292098416031
2024,0.5207880983496705,3,9,3,551669,53941,74281,33675,0.49965726777576047,0.384347607742878
2025,0.5208016524710266,75,164,75,551833,53777,74356,33600,0.49813813034940163,0.3845405541504057
2026,0.5208480000820969,14,29,14,551862,53748,74370,33586,0.49786950238986255,0.38456958343829434
2027,0.5208545954214169,6,7,6,551869,53741,74376,33580,0.4978046611582497,0.38455812462065253
2028,0.5209602668745161,133,171,133,552040,53570,74509,33447,0.4962206825002779,0.3843731684613351
2029,0.5210307162977255,0,1,0,552041,53569,74509,33447,0.49621141946719033,0.38437758573135977
2030,0.5210443778267597,3,3,3,552044,53566,74512,33444,0.4961836303679277,0.38436961268819675
2031,0.5211201156490726,105,161,105,552205,53405,74617,33339,0.49469228204083143,0.3843378216360786
2032,0.521132059336505,11,36,11,552241,53369,74628,33328,0.4943588128496795,0.3844192993990565
2033,0.5212109092210326,0,3,0,552244,53366,74628,33328,0.4943310237504168,0.38443260202551505
2034,0.5212370729456987,138,453,138,552697,52913,74766,33190,0.4901348697617548,0.38546856671660684
2035,0.5212442329236492,1,0,1,552697,52913,74767,33189,0.4901348697617548,0.3854614294673759
2036,0.5212673129885268,35,85,35,552782,52828,74802,33154,0.4893475119493127,0.3855923332790584
2037,0.5212803583716589,1,2,1,552784,52826,74803,33153,0.48932898588313756,0.38559415671268565
2038,0.5212868933344641,0,3,0,552787,52823,74803,33153,0.4893011967838749,0.38560761142644456
2039,0.5213379435874004,3,2,3,552789,52821,74806,33150,0.4892826707176998,0.38559514254806854
2040,0.5213476454491237,0,4,0,552793,52817,74806,33150,0.4892456185853496,0.3856130840904068
2041,0.5213501282057018,4,7,4,552800,52810,74810,33146,0.4891807773537367,0.3856158965051887
2042,0.5213513908369951,0,5,0,552805,52805,74810,33146,0.4891344621882989,0.3856383288152552
2043,0.5213605744800418,97,249,97,553054,52556,74907,33049,0.4868279669494979,0.3860638981367911
2044,0.52142583326745,24,37,24,553091,52519,74931,33025,0.48648523472525845,0.38605863649116245
2045,0.5214419508103432,0,1,0,553092,52518,74931,33025,0.4864759716921709,0.3860631495271384
2046,0.5215056381658503,112,162,112,553254,52356,75043,32913,0.4849753603319871,0.3859902191886852
2047,0.5215279744041137,140,129,140,553383,52227,75183,32773,0.4837804290636926,0.3855647058823529
2048,0.5215329235207812,58,294,58,553677,51933,75241,32715,0.4810570973359517,0.38648284661185145
2049,0.521546064249073,120,165,120,553842,51768,75361,32595,0.47952869687650523,0.38636606095089077
2050,0.5215615982989757,84,278,84,554120,51490,75445,32511,0.47695357367816515,0.38703110677253844
2051,0.5216132608275196,10,39,10,554159,51451,75455,32501,0.47659231538775054,0.3871378883171336
2052,0.5217427151512519,79,279,79,554438,51172,75534,32422,0.47400792915632295,0.3878508026891882
2053,0.5217840285613771,0,4,0,554442,51168,75534,32422,0.4739708770239727,0.3878693623639191
2054,0.5219677080600683,1,1,1,554443,51167,75535,32421,0.47396161399088516,0.38786667942766906
2055,0.5220727282447831,1,5,1,554448,51162,75536,32420,0.4739152988254474,0.3878825584455983
2056,0.5221103224988,3,1,3,554449,51161,75539,32417,0.47390603579235985,0.3878652276914978
2057,0.5221860025535601,11,23,11,554472,51138,75550,32406,0.47369298603134613,0.38789141051422005
2058,0.5222315775186408,1,4,1,554476,51134,75551,32405,0.4736559338989959,0.38790265624438885
2059,0.5223291370159628,3,7,3,554483,51127,75554,32402,0.47359109266738303,0.3879131798537035
2060,0.5223315417178944,4,7,4,554490,51120,75558,32398,0.47352625143577015,0.38791637730788575
2061,0.5223388677242106,3,5,3,554495,51115,75561,32395,0.47347993627033236,0.3879176146569273
2062,0.5223727296485299,36,71,36,554566,51044,75597,32359,0.472822260921116,0.38798364567221805
2063,0.5223732751886916,0,1,0,554567,51043,75597,32359,0.47281299788802844,0.3879882976427424
2064,0.5223765183731353,3,13,3,554580,51030,75600,32356,0.47269257845789026,0.38802676708320344
2065,0.5223843314165469,16,15,16,554595,51015,75616,32340,0.47255363296157693,0.3879791254273889
2066,0.522403403866613,49,100,49,554695,50915,75665,32291,0.4716273296528215,0.38808499387063433
2067,0.5224141671326752,5,11,5,554706,50904,75670,32286,0.4715254362888584,0.3880995311936531
2068,0.5224480289974813,0,2,0,554708,50902,75670,32286,0.4715069102226833,0.38810886185507526
2069,0.5224583982278019,0,4,0,554712,50898,75670,32286,0.4714698580903331,0.3881275245239469
2070,0.5225934395493581,21,55,21,554767,50843,75691,32265,0.47096039127051764,0.3882297733070222
2071,0.522601406056944,27,57,27,554824,50786,75718,32238,0.47043239838452705,0.388297359799576
2072,0.5226562637475827,3,4,3,554828,50782,75721,32235,0.4703953462521768,0.38829396388691473
2073,0.5226646947845085,40,99,40,554927,50683,75761,32195,0.46947830597650897,0.38846255942469654
2074,0.5226704344864721,46,72,46,554999,50611,75807,32149,0.46881136759420505,0.3884606089898502
2075,0.5227152151174095,1,5,1,555004,50606,75808,32148,0.46876505242876726,0.38847668994852214
2076,0.5227813510997902,3,1,3,555005,50605,75811,32145,0.46875578939567975,0.38845921450151055
2077,0.5227858732405484,0,1,0,555006,50604,75811,32145,0.4687465263625922,0.38846390892941307
2078,0.5227910419130961,2,8,2,555014,50596,75813,32143,0.4686724220978917,0.38848668705205525
2079,0.5228153672144178,4,9,4,555023,50587,75817,32139,0.46858905480010377,0.38849938350699903
2080,0.5228231780174017,3,5,3,555028,50582,75820,32136,0.468542739634666,0.3885006890882275
2081,0.5228445652547785,1,9,1,555037,50573,75821,32135,0.468459372336878,0.3885355709242153
2082,0.5228562465865592,3,4,3,555041,50569,75824,32132,0.4684223202045278,0.38853218219852237
2083,0.5228972362519929,20,25,20,555066,50544,75844,32112,0.46819074437733893,0.3885017421602787
2084,0.5229417541412233,1,5,1,555071,50539,75845,32111,0.46814442921190114,0.3885178463399879
2085,0.5231337889126361,0,6,0,555077,50533,75845,32111,0.46808885101337583,0.38854605295000244
2086,0.5231520962546408,27,57,27,555134,50476,75872,32084,0.46756085812738524,0.3886143410852713
2087,0.5232167695391788,39,121,39,555255,50355,75911,32045,0.4664400311237912,0.38889563106796116
2088,0.5232909999056853,0,1,0,555256,50354,75911,32045,0.4664307680907036,0.3889003507324118
2089,0.5233299172724978,3,7,3,555263,50347,75914,32042,0.46636592685909073,0.38891114105038294
2090,0.5233697707055318,3,0,3,555263,50347,75917,32039,0.46636592685909073,0.3888888888888889
2091,0.5234622196968555,1,1,1,555264,50346,75918,32038,0.46635666382600316,0.3888861914934939
2092,0.5234738651129637,36,107,36,555371,50239,75954,32002,0.4653655192856349,0.3891246458579054
2093,0.5234833941317315,29,71,29,555442,50168,75983,31973,0.46470784393641856,0.3892453220681511
2094,0.5235446109995067,11,29,11,555471,50139,75994,31962,0.4644392159768795,0.3893009829356524
2095,0.5235775759238261,4,3,4,555474,50136,75998,31958,0.46441142687761683,0.38928545326089603
2096,0.5235978588505812,3,13,3,555487,50123,76001,31955,0.4642910074474786,0.389324788615707
2097,0.5236066731152016,3,2,3,555489,50121,76004,31952,0.4642724813813035,0.3893119539921777
2098,0.5236237227634648,7,19,7,555508,50102,76011,31945,0.46409648375263995,0.38935000670347486
2099,0.5236717420697905,12,30,12,555538,50072,76023,31933,0.46381859276001336,0.3894030851777331
2100,0.5236740834224103,0,1,0,555539,50071,76023,31933,0.4638093297269258,0.3894078337642066
2101,0.5236943315246873,1,2,1,555541,50069,76024,31932,0.46379080366075065,0.3894098852453019
2102,0.5237126553444991,19,21,19,555562,50048,76043,31913,0.463596279965912,0.389368114103049
2103,0.5237641871281135,8,15,8,555577,50033,76051,31905,0.46345733446959875,0.3893797749517928
2104,0.5238104873954429,2,21,2,555598,50012,76053,31903,0.4632628107747601,0.3894646890068974
2105,0.5238746094793201,37,96,37,555694,49916,76090,31866,0.4623735595983549,0.3896456432955907
2106,0.5239491168991386,5,7,5,555701,49909,76095,31861,0.46230871836674203,0.389641677876972
2107,0.5239537386827985,7,18,7,555719,49891,76102,31854,0.46214198377116605,0.3896752094929353
2108,0.5239691326174473,53,125,53,555844,49766,76155,31801,0.46098410463522177,0.389875807618277
2109,0.5239740657222465,1,3,1,555847,49763,76156,31800,0.4609563155359591,0.38988266738594707
2110,0.5239833407797226,210,513,210,556360,49250,76366,31590,0.4562043795620438,0.39077189510143495
2111,0.5240255648149384,120,271,120,556631,48979,76486,31470,0.4536940975953166,0.39117950502803017
2112,0.5240337545359398,134,263,134,556894,48716,76620,31336,0.45125791989328984,0.39144556038574924
2113,0.5240358281064188,1,1,1,556895,48715,76621,31335,0.4512486568602023,0.3914428482198626
2114,0.5240614831843257,239,560,239,557455,48155,76860,31096,0.44606135833117194,0.3923735978094914
2115,0.5240917593294913,7,16,7,557471,48139,76867,31089,0.4459131498017711,0.3923991518150149
2116,0.5240955656801114,146,364,146,557835,47775,77013,30943,0.44254140575790135,0.39308671460148886
2117,0.5241232375765511,0,1,0,557836,47774,77013,30943,0.44253214272481384,0.3930917082714026
2118,0.5241306809406698,69,138,69,557974,47636,77082,30874,0.4412538441587313,0.39324926760922174
2119,0.5241559567517707,3,17,3,557991,47619,77085,30871,0.4410963725962429,0.39331124984074406
2120,0.5241867523674447,10,23,10,558014,47596,77095,30861,0.4408833228352292,0.3933492231413386
2121,0.5241876011857232,0,1,0,558015,47595,77095,30861,0.4408740598021416,0.3933542367696543
2122,0.5242019723285095,106,277,106,558292,47318,77201,30755,0.4383081996368891,0.39392619727690753
2123,0.5242206794211486,91,201,91,558493,47117,77292,30664,0.43644632998629074,0.39423509597459533
2124,0.5242235365168518,57,147,57,558640,46970,77349,30607,0.43508466412242025,0.39453704061770883
2125,0.5242334057608853,96,281,96,558921,46689,77445,30511,0.4324817518248175,0.395220207253886
2126,0.5242430350239558,63,147,63,559068,46542,77508,30448,0.43112008596094703,0.3954799324587609
2127,0.5242946184263892,3,8,3,559076,46534,77511,30445,0.43104598169624664,0.39549747333688406
2128,0.5243188947432916,0,1,0,559077,46533,77511,30445,0.43103671866315907,0.39550261113564916
2129,0.5243371538142596,4,16,4,559093,46517,77515,30441,0.4308885101337582,0.39555341874788846
2130,0.5243679894320914,0,2,0,559095,46515,77515,30441,0.4308699840675831,0.3955636987369406
2131,0.5243934897578151,2,23,2,559118,46492,77517,30439,0.4306569343065693,0.39566624637662323
2132,0.5244245449308641,0,1,0,559119,46491,77517,30439,0.4306476712734818,0.39567138957493825
2133,0.524470641678939,0,1,0,559120,46490,77517,30439,0.43063840824039423,0.39567653290696614
2134,0.5244730805224209,14,35,14,559155,46455,77531,30425,0.43031420208232984,0.3957466181061394
2135,0.5244814442916514,0,4,0,559159,46451,77531,30425,0.4302771499499796,0.3957672095322337
2136,0.524492120784614,1,1,1,559160,46450,77532,30424,0.43026788691689205,0.39576449774956424
2137,0.5245045615242521,3,2,3,559162,46448,77535,30421,0.43024936085071697,0.39575121310281125
2138,0.5245079818670842,220,538,220,559700,45910,77755,30201,0.4252658490496128,0.3968020391270644
2139,0.5245155296988322,0,3,0,559703,45907,77755,30201,0.42523805995035013,0.3968176801387502
2140,0.5245834374434517,10,36,10,559739,45871,77765,30191,0.4249045907591982,0.39692619179090743
2141,0.5246938517232165,5,22,5,559761,45849,77770,30186,0.424700804031272,0.39700138094298676
2142,0.5247095828189912,216,507,216,560268,45342,77986,29970,0.420004446255882,0.3979445506692161
2143,0.5247614207301103,4,20,4,560288,45322,77990,29966,0.41981918559413095,0.3980182764849644
2144,0.5247692416238716,366,691,366,560979,44631,78356,29600,0.413418429730631,0.3987552370303512
2145,0.5248050141508945,2,1,2,560980,44630,78358,29598,0.41340916669754346,0.3987444091178531
2146,0.5248512916311683,6,14,6,560994,44616,78364,29592,0.4132794842343177,0.398771021992238
2147,0.524877377895112,356,721,356,561715,43895,78720,29236,0.40660083737819114,0.39977574489614526
2148,0.5248880406340651,2,4,2,561719,43891,78722,29234,0.4065637852458409,0.3997811965811966
2149,0.524972901452464,3,20,3,561739,43871,78725,29231,0.4063785245840898,0.39986594074033543
2150,0.5249729251102928,1,0,1,561739,43871,78726,29230,0.4063785245840898,0.3998577310843901
2151,0.5250372397409706,49,119,49,561858,43752,78775,29181,0.4052762236466709,0.4001069474723376
2152,0.5250458481543945,51,106,51,561964,43646,78826,29130,0.40429434213939014,0.40026931955589756
2153,0.5250816590383931,31,76,31,562040,43570,78857,29099,0.403590351624736,0.40043209621709397
2154,0.5250970334310974,328,693,328,562733,42877,79185,28771,0.39717106969506094,0.4015604064314426
2155,0.5251138283460378,49,138,49,562871,42739,79234,28722,0.39589277112897847,0.40192552581128166
2156,0.5251145698731825,1,2,1,562873,42737,79235,28721,0.3958742450628034,0.40192840549693526
2157,0.525191679135653,5,19,5,562892,42718,79240,28716,0.39569824743413984,0.4019934484979142
2158,0.5252266111585027,335,689,335,563581,42029,79575,28381,0.389316017636815,0.4030819485868485
2159,0.5252338360237074,36,130,36,563711,41899,79611,28345,0.388111823335433,0.40352200899720975
2160,0.5252455605140408,12,10,12,563721,41889,79623,28333,0.3880191930045574,0.40347754265045144
2161,0.5252604833256049,6,25,6,563746,41864,79629,28327,0.38778761717736854,0.403570258295223
2162,0.5252674506880946,750,1390,750,565136,40474,80379,27577,0.37491200118566825,0.405240187506429
2163,0.525287415361364,0,1,0,565137,40473,80379,27577,0.3749027381525807,0.40524614254224833
2164,0.5252899010811697,30,91,30,565228,40382,80409,27547,0.3740598021416133,0.40552635840362733
2165,0.5252935481296122,33,98,33,565326,40284,80442,27514,0.37315202489903293,0.40582318062479716
2166,0.5253092538898301,316,696,316,566022,39588,80758,27198,0.3667049538700952,0.40724103854101157
2167,0.5253138434754245,919,1904,919,567926,37684,81677,26279,0.34906813887139204,0.41084689586167
2168,0.5253335038071979,1,1,1,567927,37683,81678,26278,0.34905887583830447,0.41084410812839073
2169,0.5253357246334632,2,3,2,567930,37680,81680,26276,0.3490310867390418,0.41084495590718617
2170,0.5253428724265291,35,80,35,568010,37600,81715,26241,0.3482900440920375,0.41103679453642644
2171,0.5253474977631732,7,9,7,568019,37591,81722,26234,0.3482066767942495,0.411030160595378
2172,0.5253645934615025,0,3,0,568022,37588,81722,26234,0.34817888769498684,0.4110494813700605
2173,0.5254144224452542,0,1,0,568023,37587,81722,26234,0.34816962466189927,0.4110559220319331
2174,0.5254261020534073,1,1,1,568024,37586,81723,26233,0.34816036162881175,0.4110531346464219
2175,0.5254553904763328,0,2,0,568026,37584,81723,26233,0.3481418355626366,0.4110660168920507
2176,0.5254766838999518,5,13,5,568039,37571,81728,26228,0.34802141613249843,0.41110362231382935
2177,0.5254867070440092,51,129,51,568168,37442,81779,26177,0.3468264848642039,0.4114651283421619
2178,0.5255004853347148,2,3,2,568171,37439,81781,26175,0.34679869576494127,0.41146602949036376
2179,0.5255203344057191,728,1440,728,569611,35999,82509,25447,0.3334599281188632,0.41413598932395923
2180,0.5255263361555004,765,1388,765,570999,34611,83274,24682,0.320602838193338,0.41627173528072453
2181,0.5255540003343271,0,2,0,571001,34609,83274,24682,0.32058431212716293,0.4162857769307315
2182,0.5256313120925789,19,21,19,571022,34588,83293,24663,0.3203897884323243,0.41624613930566573
2183,0.5256652803547068,47,110,47,571132,34478,83340,24616,0.31937085479269334,0.4165566724202119
2184,0.5256832117731148,766,1520,766,572652,32958,84106,23850,0.305291044499611,0.41983523447401777
2185,0.525704867106281,1,6,1,572658,32952,84107,23849,0.3052354663010856,0.4198693684970335
2186,0.5257441416815724,4,2,4,572660,32950,84111,23845,0.3052169402349105,0.4198432960647944
2187,0.5258089189837013,145,300,145,572960,32650,84256,23700,0.30243803030864425,0.42058562555456963
2188,0.5258395853980498,1,0,1,572960,32650,84257,23699,0.30243803030864425,0.4205753429519601
2189,0.5258620140722332,0,3,0,572963,32647,84257,23699,0.3024102412093816,0.420597735420438
2190,0.5258634831655008,2,8,2,572971,32639,84259,23697,0.30233613694468114,0.42063689292814543
2191,0.5258734749091367,0,1,0,572972,32638,84259,23697,0.30232687391159363,0.42064435963433033
2192,0.5258809700663181,119,270,119,573242,32368,84378,23578,0.299825854977954,0.4214421048868552
2193,0.5259160770185237,1,8,1,573250,32360,84379,23577,0.29975175071325355,0.42149203568300053
2194,0.5259173739596334,133,289,133,573539,32071,84512,23444,0.29707473415095037,0.4223002792038188
2195,0.5259509980720053,8,15,8,573554,32056,84520,23436,0.2969357886546371,0.42233114683197576
2196,0.5259737633935396,0,3,0,573557,32053,84520,23436,0.2969079995553744,0.42235398006812164
2197,0.5260082711981025,0,2,0,573559,32051,84520,23436,0.2968894734891993,0.422369203597239
2198,0.5260239019302853,19,23,19,573582,32028,84539,23417,0.29667642372818553,0.42234646947425375
2199,0.5260412562323004,3,2,3,573584,32026,84542,23414,0.29665789766201045,0.42233044733044733
2200,0.52607275914494,0,3,0,573587,32023,84542,23414,0.2966301085627478,0.4223533019463535
2201,0.5260732722843123,1,0,1,573587,32023,84543,23413,0.2966301085627478,0.42234288188180963
2202,0.5260854777005846,15,23,15,573610,32000,84558,23398,0.296417058801734,0.42236181811617746
2203,0.5260854959478036,0,2,0,573612,31998,84558,23398,0.29639853273555894,0.4223770669362409
2204,0.5261188770067291,178,366,178,573978,31632,84736,23220,0.2930082626255141,0.4233209363377817
2205,0.5261291565858536,2,0,2,573978,31632,84738,23218,0.2930082626255141,0.4232999088422972
2206,0.5261291772882293,1,2,1,573980,31630,84739,23217,0.29298973655933896,0.42330482979925976
2207,0.5261854622746999,4,4,4,573984,31626,84743,23213,0.2929526844269888,0.4232936413866044
2208,0.5262085693131818,0,2,0,573986,31624,84743,23213,0.29293415836081366,0.42330907963601216
2209,0.5262274184751654,13,26,13,574012,31598,84756,23200,0.29269331950053723,0.42337311580714626
2210,0.5262934062403025,8,18,8,574030,31580,84764,23192,0.2925265849049613,0.42342802891988607
2211,0.5262982290195108,10,9,10,574039,31571,84774,23182,0.2924432176071733,0.4233923255346739
2212,0.5263153492877632,5,9,5,574048,31562,84779,23177,0.2923598503093853,0.42340926944226237
2213,0.5263561508939872,18,22,18,574070,31540,84797,23159,0.2921560635814591,0.42338982431123057
2214,0.5263799186111886,1,2,1,574072,31538,84798,23158,0.292137537515284,0.42339476378528595
2215,0.5263894236191138,0,5,0,574077,31533,84798,23158,0.29209122234984625,0.4234334716863835
2216,0.5264118589481013,27,70,27,574147,31463,84825,23131,0.2914428100337174,0.4236912481225043
2217,0.5264265070042133,2,2,2,574149,31461,84827,23129,0.29142428396754233,0.4236856567136838
2218,0.5264431439232558,127,280,127,574429,31181,84954,23002,0.28883063470302717,0.4245242972888175
2219,0.526500129279997,1,0,1,574429,31181,84955,23001,0.28883063470302717,0.4245136761286036
2220,0.5265033622414693,2,0,2,574429,31181,84957,22999,0.28883063470302717,0.4244924326319675
2221,0.5265219435683947,1,2,1,574431,31179,84958,22998,0.288812108636852,0.4244974804806468
2222,0.5265257126435294,2,3,2,574434,31176,84960,22996,0.2887843195375894,0.4244997415639076
2223,0.5266128002766985,26,79,26,574513,31097,84986,22970,0.28805253992367263,0.42484325004161505
2224,0.5266316367284191,14,26,14,574539,31071,85000,22956,0.2878117010633962,0.424898661780221
2225,0.5266549785555037,1,2,1,574541,31069,85001,22955,0.28779317499722107,0.4249037464830446
2226,0.5266786850543321,0,1,0,574542,31068,85001,22955,0.28778391196413355,0.42491161172093367
2227,0.5266883742931598,0,4,0,574546,31064,85001,22955,0.28774685983178333,0.42494307558451655
2228,0.5266956524112019,5,7,5,574553,31057,85006,22950,0.28768201860017045,0.4249449145481141
2229,0.5267531482349471,0,1,0,574554,31056,85006,22950,0.2876727555670829,0.42495278302410844
2230,0.5267892485831455,38,66,38,574620,30990,85044,22912,0.28706139538330433,0.4250677154836555
2231,0.5268142517399462,1,1,1,574621,30989,85045,22911,0.28705213235021676,0.4250649350649351
2232,0.5269487570261888,0,1,0,574622,30988,85045,22911,0.2870428693171292,0.4250728213881519
2233,0.5269789198219244,1,4,1,574626,30984,85046,22910,0.28700581718477897,0.42509370245296324
2234,0.526985695082214,0,6,0,574632,30978,85046,22910,0.28695023898625366,0.42514103325415675
2235,0.5269918749912201,1,1,1,574633,30977,85047,22909,0.2869409759531661,0.42513825483427975
2236,0.5270251652575069,0,2,0,574635,30975,85047,22909,0.286922449886991,0.425154034592829
2237,0.52703250127879,0,1,0,574636,30974,85047,22909,0.28691318685390343,0.42516192491138205
2238,0.52703701655945,2,1,2,574637,30973,85049,22907,0.28690392382081586,0.4251484780994803
2239,0.5270440054288733,16,35,16,574672,30938,85065,22891,0.2865797176627515,0.42525404521726207
2240,0.5270627860814671,3,25,3,574697,30913,85068,22888,0.2863481418355626,0.4254196018661363
2241,0.5270818045629577,27,27,27,574724,30886,85095,22861,0.2860980399421987,0.4253446704002084
2242,0.5271026522737728,1,2,1,574726,30884,85096,22860,0.28607951387602354,0.4253498064900268
2243,0.5271153944655765,11,43,11,574769,30841,85107,22849,0.28568120345325876,0.42557273235239335
2244,0.5271176619580845,0,3,0,574772,30838,85107,22849,0.28565341435399605,0.42559651312235736
2245,0.5271359982180682,19,21,19,574793,30817,85126,22830,0.2854588906591574,0.4255596771487688
2246,0.5271367660645581,25,63,25,574856,30754,85151,22805,0.2848753195746415,0.4257921171045016
2247,0.527167734371272,20,46,20,574902,30708,85171,22785,0.284449220052614,0.42594358140317423
2248,0.5272046113491978,31,73,31,574975,30635,85202,22754,0.2837730186372226,0.4261926614096537
2249,0.5272440807457536,38,52,38,575027,30583,85240,22716,0.28329134091666974,0.42619936584176066
2250,0.5272512528471471,32,62,32,575089,30521,85272,22684,0.2827170328652414,0.4263509068696551
2251,0.5272848482149625,0,3,0,575092,30518,85272,22684,0.28268924376597876,0.4263749483102139
2252,0.5273126302936173,21,20,21,575112,30498,85293,22663,0.28250398310422764,0.42630876018133596
2253,0.5273207222750284,16,63,16,575175,30435,85309,22647,0.28192041201971174,0.4266417994800497
2254,0.5273392691760009,2,3,2,575178,30432,85311,22645,0.2818926229204491,0.42664430921114604
2255,0.527412472694208,42,63,42,575241,30369,85353,22603,0.28130905183593313,0.4266971230083818
2256,0.5274484155219621,20,27,20,575268,30342,85373,22583,0.2810589499425692,0.42669815777042985
2257,0.5274492368015484,1,0,1,575268,30342,85374,22582,0.2810589499425692,0.4266873252210717
2258,0.5274974434627646,9,24,9,575292,30318,85383,22573,0.2808366371484679,0.4267833846968293
2259,0.5275203667495894,0,4,0,575296,30314,85383,22573,0.2807995850161177,0.4268156635846238
2260,0.5275218627860856,9,30,9,575326,30284,85392,22564,0.28052169402349103,0.4269603390856797
2261,0.5275787013696472,5,25,5,575351,30259,85397,22559,0.2802901181963022,0.42710818281646407
2262,0.5276055158333851,0,5,0,575356,30254,85397,22559,0.28024380303086444,0.42714861871130216
2263,0.5276123168609995,0,1,0,575357,30253,85397,22559,0.28023453999777687,0.42715670680905854
2264,0.5276448391324517,13,44,13,575401,30209,85410,22546,0.27982696654192446,0.42737181309828454
2265,0.5276938604698297,0,3,0,575404,30206,85410,22546,0.2797991774426618,0.4273961176827419
2266,0.5277384521236013,2,3,2,575407,30203,85412,22544,0.27977138834339915,0.4273987146188409
2267,0.5277756621175914,0,5,0,575412,30198,85412,22544,0.2797250731779614,0.42743923249023547
2268,0.5278238774668168,0,1,0,575413,30197,85412,22544,0.27971581014487384,0.42744733698640525
2269,0.527897125953432,2,4,2,575417,30193,85414,22542,0.2796787580125236,0.4274580449416896
2270,0.5279161941399548,1,0,1,575417,30193,85415,22541,0.2796787580125236,0.42744718777259455
2271,0.527932785308874,31,56,31,575473,30137,85446,22510,0.2791600281596206,0.42756472353600394
2272,0.5279341523896888,0,1,0,575474,30136,85446,22510,0.27915076512653303,0.4275728450404589
2273,0.527951686788619,135,154,135,575628,29982,85581,22375,0.27772425803104966,0.4273545084706916
2274,0.527960648240225,118,137,118,575765,29845,85699,22257,0.27645522249805476,0.427181298222717
2275,0.5279661788631493,0,1,0,575766,29844,85699,22257,0.2764459594649672,0.4271894973225082
2276,0.5280077706462405,32,67,32,575833,29777,85731,22225,0.27582533624810107,0.4273874081766086
2277,0.5280610426844301,9,32,9,575865,29745,85740,22216,0.27552891918929934,0.4275514328053733
2278,0.5280653599580216,48,53,48,575918,29692,85788,22168,0.27503797843565897,0.4274585422290783
2279,0.5280778217847928,3,1,3,575919,29691,85791,22165,0.2750287154025714,0.42743366244986114
2280,0.5281777568874187,46,56,46,575975,29635,85837,22119,0.2745099855496684,0.4273872550913939
2281,0.5281809811681885,134,160,134,576135,29475,85971,21985,0.2730279002556597,0.42722502914885346
2282,0.5281820091316344,0,4,0,576139,29471,85971,21985,0.2729908481233095,0.42725824004975127
2283,0.5281893260835263,2,6,2,576145,29465,85973,21983,0.2729352699247842,0.4272858031410356
2284,0.5282629897802326,127,155,127,576300,29310,86100,21856,0.2714994997962133,0.42715866004768793
2285,0.5282644819362299,11,17,11,576317,29293,86111,21845,0.27134202823372483,0.42717744143298525
2286,0.5282694785033175,1,2,1,576319,29291,86112,21844,0.27132350216754975,0.42718294710081156
2287,0.5283368458445404,9,18,9,576337,29273,86121,21835,0.27115676757197377,0.42723252719730764
2288,0.5283443457169964,0,1,0,576338,29272,86121,21835,0.2711475045388862,0.4272408867669791
2289,0.5284061768469166,2,3,2,576341,29269,86123,21833,0.27111971543962354,0.42724355211146336
2290,0.5284972834577975,0,1,0,576342,29268,86123,21833,0.271110452406536,0.42725191287841724
2291,0.5285057407373713,0,3,0,576345,29265,86123,21833,0.2710826633072733,0.4272769971427453
2292,0.5285176713844425,118,160,118,576505,29105,86241,21715,0.26960057801326465,0.42729240456513184
2293,0.5285409018889871,72,188,72,576693,28917,86313,21643,0.26785912779280446,0.42806566455696204
2294,0.5286287807255193,15,12,15,576705,28905,86328,21628,0.26774797139575385,0.4279975461579562
2295,0.5286301787681611,0,2,0,576707,28903,86328,21628,0.2677294453295787,0.42801448615701254
2296,0.5287330788881166,11,21,11,576728,28882,86339,21617,0.2675349216347401,0.42806788253232736
2297,0.5287490694153354,32,124,32,576852,28758,86371,21585,0.26638630553188336,0.42875871521363446
2298,0.5287666756821947,29,123,29,576975,28635,86400,21556,0.2652469524621142,0.42947938873503216
2299,0.5287734791552772,0,1,0,576976,28634,86400,21556,0.26523768942902665,0.4294879458059374
2300,0.5287736189531109,61,54,61,577030,28580,86461,21495,0.2647374856422987,0.4292561158262606
2301,0.5288039652356319,31,43,31,577073,28537,86492,21464,0.2643391752195339,0.4292714145717086
2302,0.5288251607367012,37,141,37,577214,28396,86529,21427,0.26303308755418875,0.4300624209702346
2303,0.528837140721145,0,3,0,577217,28393,86529,21427,0.2630052984549261,0.43008831794460056
2304,0.5288566282981992,28,148,28,577365,28245,86557,21399,0.26163436955796804,0.4310490693739425
2305,0.5289329368384342,3,6,3,577371,28239,86560,21396,0.26157879135944273,0.4310667875491085
2306,0.5289482606281941,58,51,58,577422,28188,86618,21338,0.26110637667197745,0.43084440495901144
2307,0.5290014582524298,12,32,12,577454,28156,86630,21326,0.2608099596131757,0.43098500464815487
2308,0.5290651226770244,0,1,0,577455,28155,86630,21326,0.2608006965800882,0.4309937147592005
2309,0.5290870919851358,7,8,7,577463,28147,86637,21319,0.26072659231538775,0.43098289734363
2310,0.5291318539381384,0,1,0,577464,28146,86637,21319,0.2607173292823002,0.43099161022945515
2311,0.5291396149140296,3,2,3,577466,28144,86640,21316,0.2606988032161251,0.4309745248685807
2312,0.5292139401260963,228,324,228,577790,27820,86868,21088,0.25769758049575753,0.4311769035740574
2313,0.529220420043888,0,5,0,577795,27815,86868,21088,0.25765126533031973,0.43122098848741386
2314,0.5292229187287204,0,1,0,577796,27814,86868,21088,0.2576420022972322,0.43122980655187926
2315,0.5292845542550919,30,48,30,577844,27766,86898,21058,0.2571973767090296,0.4313042765852859
2316,0.529323305631378,3,8,3,577852,27758,86901,21055,0.2571232724443292,0.4313400118820806
2317,0.5293353107414561,94,162,94,578014,27596,86995,20961,0.2556226610841454,0.4316782338282843
2318,0.5293491132913039,1,6,1,578020,27590,86996,20960,0.2555670828856201,0.4317198764160659
2319,0.5293507705750086,1,0,1,578020,27590,86997,20959,0.2555670828856201,0.4317081711260788
2320,0.529371098912636,0,6,0,578026,27584,86997,20959,0.2555115046870947,0.4317615310137404
2321,0.5293893993280581,0,1,0,578027,27583,86997,20959,0.2555022416540072,0.43177042561081125
2322,0.5295021333993294,3,1,3,578028,27582,87000,20956,0.25549297862091963,0.43174420042028927
2323,0.5295713930869907,0,2,0,578030,27580,87000,20956,0.25547445255474455,0.4317619910993901
2324,0.5295897630667968,54,77,54,578107,27503,87054,20902,0.25476119900700284,0.4318148951554591
2325,0.5295918331594878,221,266,221,578373,27237,87275,20681,0.25229723220571343,0.4315914687591302
2326,0.5296010927793285,43,94,43,578467,27143,87318,20638,0.25142650709548336,0.4319290094388983
2327,0.52970704282039,41,102,41,578569,27041,87359,20597,0.2504816777205528,0.4323649187623326
2328,0.5297254442895738,1,1,1,578570,27040,87360,20596,0.2504724146874653,0.4323620790998405
2329,0.5297380338920133,2,0,2,578570,27040,87362,20594,0.2504724146874653,0.4323382457908217
2330,0.5297574555875848,1,3,1,578573,27037,87363,20593,0.2504446255882026,0.43235355868150327
2331,0.5297979644772736,53,100,53,578673,26937,87416,20540,0.24951832227944717,0.4326305368915475
2332,0.5298325971869635,3,4,3,578677,26933,87419,20537,0.24948127014709698,0.4326311354539709
2333,0.5298414713680368,189,258,189,578935,26675,87608,20348,0.247091407610508,0.43272441145822255
2334,0.5298802309791336,249,293,249,579228,26382,87857,20099,0.2443773389158546,0.43241324412125387
2335,0.529895507467487,185,281,185,579509,26101,88042,19914,0.24177442661825188,0.43277192219928284
2336,0.5299807204915247,1,6,1,579515,26095,88043,19913,0.24171884841972655,0.43281603199443575
2337,0.5300031790841934,0,1,0,579516,26094,88043,19913,0.241709585386639,0.4328254396070163
2338,0.5301105461625977,2,0,2,579516,26094,88045,19911,0.241709585386639,0.43280078252363874
2339,0.5301272652153082,28,47,28,579563,26047,88073,19883,0.24127422283152394,0.4328978880905726
2340,0.5301336503930616,0,1,0,579564,26046,88073,19883,0.2412649597984364,0.4329073134620828
2341,0.5303846334952316,53,92,53,579656,25954,88126,19830,0.24041276075438142,0.433120740870173
2342,0.5304639947688315,0,1,0,579657,25953,88126,19830,0.24040349772129385,0.4331302011663718
2343,0.5304694448878002,9,5,9,579662,25948,88135,19821,0.24035718255585609,0.43306604907251633
2344,0.5304971383940685,1,0,1,579662,25948,88136,19820,0.24035718255585609,0.433053661947212
2345,0.5305155746751471,7,5,7,579667,25943,88143,19813,0.24031086739041832,0.4330142494973337
2346,0.5305906703947605,6,17,6,579684,25926,88149,19807,0.2401533958279299,0.4331008243500317
2347,0.5307511576142175,0,3,0,579687,25923,88149,19807,0.24012560672866723,0.43312923682484145
2348,0.5307563162796018,0,1,0,579688,25922,88149,19807,0.2401163436955797,0.43313870847820857
2349,0.5307966499441209,1,7,1,579695,25915,88150,19806,0.2400515024639668,0.4331926248332276
2350,0.5308206288180924,0,1,0,579696,25914,88150,19806,0.24004223943087924,0.4332020997375328
2351,0.5308392590433565,0,1,0,579697,25913,88150,19806,0.2400329763977917,0.4332115750563223
2352,0.5308586733540571,32,91,32,579788,25822,88182,19774,0.23919004038682426,0.4336783928414773
2353,0.530884311661439,5,2,5,579790,25820,88187,19769,0.23917151432064915,0.43363530676259626
2354,0.5308922553714197,2,3,2,579793,25817,88189,19767,0.2391437252213865,0.43363899613899615
2355,0.5309011896406799,3,2,3,579795,25815,88192,19764,0.23912519915521138,0.4336207463963668
2356,0.5309075380355324,8,12,8,579807,25803,88200,19756,0.23901404275816074,0.43363550560811254
2357,0.5309400843624932,30,97,30,579904,25706,88230,19726,0.23811552854866797,0.4341873569290368
2358,0.5309949675901688,36,99,36,580003,25607,88266,19690,0.2371984882730001,0.43468662383822326
2359,0.5310172061321928,1,0,1,580003,25607,88267,19689,0.2371984882730001,0.4346741434122218
2360,0.5310290696391988,40,97,40,580100,25510,88307,19649,0.23629997406350736,0.43510706614406874
2361,0.5310370731348643,0,1,0,580101,25509,88307,19649,0.2362907110304198,0.4351167013596705
2362,0.5311912199576909,3,6,3,580107,25503,88310,19646,0.23623513283189448,0.43513699085251056
2363,0.5312163061101346,4,7,4,580114,25496,88314,19642,0.2361702916002816,0.43515441534848687
2364,0.5313406457731904,1,2,1,580116,25494,88315,19641,0.2361517655341065,0.4351611831173147
2365,0.5315158072649451,0,1,0,580117,25493,88315,19641,0.23614250250101892,0.43517082465547036
2366,0.5317002288730626,8,7,8,580124,25486,88323,19633,0.23607766126940605,0.43513819011946187
2367,0.5317035179062962,23,48,23,580172,25438,88346,19610,0.23563303568120345,0.43531344343811046
2368,0.5317234833579686,166,252,166,580424,25186,88512,19444,0.2332987513431398,0.4356710732691015
2369,0.5317461702943608,0,1,0,580425,25185,88512,19444,0.23328948831005225,0.4356808353312868
2370,0.5317640013899497,21,38,21,580463,25147,88533,19423,0.23293749305272518,0.43578640341036573
2371,0.5317662390240204,3,3,3,580466,25144,88536,19420,0.23290970395346253,0.43577775783143347
2372,0.5317810462308913,185,220,185,580686,24924,88721,19235,0.2308718366742006,0.4355850449511991
2373,0.5317838231750975,1,0,1,580686,24924,88722,19234,0.2308718366742006,0.4355722632365596
2374,0.5319568687850543,24,38,24,580724,24886,88746,19210,0.23051984141687354,0.4356404208998549
2375,0.531966241091352,0,3,0,580727,24883,88746,19210,0.23049205231761088,0.4356700610074161
2376,0.5319676279306469,10,18,10,580745,24865,88756,19200,0.2303253177220349,0.43571995915125383
2377,0.5319785812653476,29,58,29,580803,24807,88785,19171,0.22978806180295677,0.4359225067078994
2378,0.5320633348190077,19,38,19,580841,24769,88804,19152,0.2294360665456297,0.43605564536326585
2379,0.5320675506509003,10,15,10,580856,24754,88814,19142,0.22929712104931638,0.43607618006196464
2380,0.5320883160267885,9,32,9,580888,24722,88823,19133,0.22900070399051464,0.43627864553642687
2381,0.5321125075396167,25,85,25,580973,24637,88848,19108,0.22821334617807254,0.4368042061949937
2382,0.5321579051265285,0,2,0,580975,24635,88848,19108,0.22819482011189743,0.4368241775826989
2383,0.5321743466741937,10,25,10,581000,24610,88858,19098,0.22796324428470857,0.436945181660108
2384,0.5322189497753606,31,80,31,581080,24530,88889,19067,0.22722220163770426,0.43734660641787276
2385,0.5323437101897086,1,5,1,581085,24525,88890,19066,0.22717588647226647,0.4373838636415774
2386,0.5323609907962851,0,1,0,581086,24524,88890,19066,0.22716662343917893,0.4373938976829548
2387,0.532370549786346,2,1,2,581087,24523,88892,19064,0.22715736040609136,0.43737811732856124
2388,0.5325001676343276,0,4,0,581091,24519,88892,19064,0.22712030827374116,0.4374182594130739
2389,0.5325084462512202,3,26,3,581117,24493,88895,19061,0.22687946941346473,0.4376406300225008
2390,0.5325246624049871,170,221,170,581338,24272,89065,18891,0.22483233910111527,0.4376665199360563
2391,0.5325302121170675,1,0,1,581338,24272,89066,18890,0.22483233910111527,0.43765349149715027
2392,0.5325420371967349,0,4,0,581342,24268,89066,18890,0.22479528696876505,0.43769405440474535
2393,0.5325716769453799,2,0,2,581342,24268,89068,18888,0.22479528696876505,0.4376679951802762
2394,0.5326481269204463,42,61,42,581403,24207,89110,18846,0.22423024195042424,0.43773953034631735
2395,0.5327012752992255,1,3,1,581406,24204,89111,18845,0.22420245285116158,0.43775697461032775
2396,0.5327037468507037,0,1,0,581407,24203,89111,18845,0.22419318981807404,0.437767143653596
2397,0.5327106277939149,1,2,1,581409,24201,89112,18844,0.22417466375189893,0.43777442211638984
2398,0.5327163600959233,10,28,10,581437,24173,89122,18834,0.22391529882544742,0.43792870927988464
2399,0.5327234459256557,163,258,163,581695,23915,89285,18671,0.22152543628885843,0.4384304701075471
2400,0.5327437340786338,98,136,98,581831,23779,89383,18573,0.22026566378895104,0.4385389119758217
2401,0.5327607383980021,36,73,36,581904,23706,89419,18537,0.21958946237355959,0.4388182657481713
2402,0.5329790305270687,0,2,0,581906,23704,89419,18537,0.2195709363073845,0.43883904263630125
2403,0.5329955441167537,77,106,77,582012,23598,89496,18460,0.21858905480010374,0.43891768510152646
2404,0.5330161134311036,9,6,9,582018,23592,89505,18451,0.21853347660157843,0.4388602145422544
2405,0.5331373634223265,597,870,597,582888,22722,90102,17854,0.2104746378154063,0.44001380126182965
2406,0.5333154523538023,433,676,433,583564,22046,90535,17421,0.20421282744821964,0.4414067448754656
2407,0.5333305408048032,81,136,81,583700,21910,90616,17340,0.20295305494831228,0.44178343949044585
2408,0.5333400814974932,444,684,444,584384,21226,91060,16896,0.19661714031642522,0.4432086459262368
2409,0.5333421484837725,2,8,2,584392,21218,91062,16894,0.19654303605172477,0.4432724601175483
2410,0.5333424943650448,447,626,447,585018,20592,91509,16447,0.19074437733891586,0.4440454655903237
2411,0.5334048478433451,119,260,119,585278,20332,91628,16328,0.18833598873615176,0.4453900709219858
2412,0.5334062460080085,97,175,97,585453,20157,91725,16231,0.1867149579458298,0.4460536440584808
2413,0.5334132594100118,7,26,7,585479,20131,91732,16224,0.18647411908555336,0.4462659881721909
2414,0.5334399538436964,5,11,5,585490,20120,91737,16219,0.1863722257215903,0.4463248851096618
2415,0.5334587840828569,1,0,1,585490,20120,91738,16218,0.1863722257215903,0.44630964830205294
2416,0.5334815191334524,431,640,431,586130,19480,92169,15787,0.1804438845455556,0.4476422718121757
2417,0.5335019028126059,0,1,0,586131,19479,92169,15787,0.18043462151246803,0.44765496512221403
2418,0.5335263713994919,90,120,90,586251,19359,92259,15697,0.17932305754196154,0.4477692834322227
2419,0.5335760663845045,108,186,108,586437,19173,92367,15589,0.17760013338767647,0.44844945630285943
2420,0.5335817387018278,0,2,0,586439,19171,92367,15589,0.17758160732150136,0.44847525891829687
2421,0.533594323355395,4,9,4,586448,19162,92371,15585,0.17749824002371337,0.44852793046881745
2422,0.5336036745038119,4,9,4,586457,19153,92375,15581,0.17741487272592538,0.44858064144642135
2423,0.5336158049681019,1,12,1,586469,19141,92376,15580,0.17730371632887473,0.44871979493678177
2424,0.533646434385058,1,0,1,586469,19141,92377,15579,0.17730371632887473,0.44870391705069124
2425,0.5336882098304707,13,25,13,586494,19116,92390,15566,0.17707214050168588,0.4488207139149991
2426,0.5337314139448778,110,191,110,586685,18925,92500,15456,0.175302901181963,0.4495506238911026
2427,0.5337532815186441,92,165,92,586850,18760,92592,15364,0.17377450072251657,0.4502403000820537
2428,0.533770966288099,1,0,1,586850,18760,92593,15363,0.17377450072251657,0.45022418896345573
2429,0.533796095668349,1,3,1,586853,18757,92594,15362,0.17374671162325392,0.4502476625926903
2430,0.5338638022174473,12,8,12,586861,18749,92606,15350,0.17367260735855347,0.45015982873398047
2431,0.5340153509742718,0,1,0,586862,18748,92606,15350,0.17366334432546593,0.450173030676286
2432,0.5340537652259773,0,4,0,586866,18744,92606,15350,0.1736262921931157,0.45022584618994543
2433,0.5340712945677227,10,8,10,586874,18736,92616,15340,0.17355218792841529,0.45017020777086514
2434,0.5340884576097903,94,92,94,586966,18644,92710,15246,0.1726999888843603,0.44986721746827973
2435,0.5341200090497529,3,17,3,586983,18627,92713,15243,0.17254251732187187,0.450044286979628
2436,0.534132904745263,3,11,3,586994,18616,92716,15240,0.17244062395790877,0.45014177693761814
2437,0.5341628050996847,6,15,6,587009,18601,92722,15234,0.17230167846159547,0.45024383035318455
2438,0.5341749928350291,170,204,170,587213,18397,92892,15064,0.17041201971173442,0.4501957502764412
2439,0.5342162655296151,1,2,1,587215,18395,92893,15063,0.1703934936455593,0.4502062287046446
2440,0.5342227145036602,1,5,1,587220,18390,92894,15062,0.17034717848012154,0.45025708477818965
2441,0.5342568526300375,15,28,15,587248,18362,92909,15047,0.17008781355367,0.4503876201023676
2442,0.534275660904771,10,7,10,587255,18355,92919,15037,0.17002297232205713,0.4503174413033062
2443,0.5343290063415631,0,3,0,587258,18352,92919,15037,0.16999518322279447,0.45035790230315376
2444,0.5343416575377591,83,84,83,587342,18268,93002,14954,0.1692170884434399,0.4501234121967371
2445,0.5343437302303605,0,2,0,587344,18266,93002,14954,0.1691985623772648,0.4501505117399157
2446,0.5343532166363116,7,12,7,587356,18254,93009,14947,0.16908740598021416,0.45019728321436103
2447,0.5343596569846691,0,4,0,587360,18250,93009,14947,0.16905035384786393,0.4502515287525981
2448,0.5343608847837561,4,13,4,587373,18237,93013,14943,0.16892993441772575,0.4503616636528029
2449,0.5343623305005104,111,115,111,587488,18122,93124,14832,0.16786468561265702,0.45008193239060507
2450,0.5344388010376491,0,1,0,587489,18121,93124,14832,0.16785542257956945,0.4500955906897703
2451,0.5344597563010886,1,1,1,587490,18120,93125,14831,0.1678461595464819,0.4500925616824983
2452,0.5344927292519288,11,8,11,587498,18112,93136,14820,0.16777205528178146,0.45001821936110775
2453,0.5345296244127085,69,109,69,587607,18003,93205,14751,0.16676238467523807,0.4503572082799047
2454,0.5345879109887922,0,3,0,587610,18000,93205,14751,0.1667345955759754,0.45039846111569115
2455,0.5346108742194573,3,10,3,587620,17990,93208,14748,0.16664196524509986,0.45048567414014296
2456,0.5346619718624613,7,28,7,587648,17962,93215,14741,0.16638260031864835,0.4507537534782742
2457,0.5347293551492487,0,1,0,587649,17961,93215,14741,0.16637333728556078,0.4507675371536909
2458,0.5347766981344467,10,51,10,587700,17910,93225,14731,0.16590092259809552,0.451303575258111
2459,0.5348084125272499,1,2,1,587702,17908,93226,14730,0.1658823965319204,0.45131441877566025
2460,0.5348124876028473,53,67,53,587769,17841,93279,14677,0.1652617733150543,0.45135002152653914
2461,0.5348569635373254,3,1,3,587770,17840,93282,14674,0.16525251028196672,0.45131328043304425
2462,0.5348860151636275,2,1,2,587771,17839,93284,14672,0.16524324724887918,0.4512934083848544
2463,0.5349214336202917,2,9,2,587780,17830,93286,14670,0.1651598799510912,0.4513846153846154
2464,0.5349860261587678,2,8,2,587788,17822,93288,14668,0.16508577568639074,0.45146198830409356
2465,0.5349888009588875,4,6,4,587794,17816,93292,14664,0.16503019748786543,0.45147783251231527
2466,0.5350313283105395,16,24,16,587818,17792,93308,14648,0.16480788469376412,0.45154130702836004
2467,0.5350719691048035,14,26,14,587844,17766,93322,14634,0.16456704583348772,0.45166666666666666
2468,0.535074034639282,1,0,1,587844,17766,93323,14633,0.16456704583348772,0.4516497422759962
2469,0.5350885222334665,0,1,0,587845,17765,93323,14633,0.16455778280040018,0.45166368294339154
2470,0.5350907653688358,9,13,9,587858,17752,93332,14624,0.16443736337026196,0.45169261181121817
2471,0.5351108205667561,1,1,1,587859,17751,93333,14623,0.1644281003371744,0.45168962747884106
2472,0.5351168122627197,3,4,3,587863,17747,93336,14620,0.1643910482048242,0.4516946272437977
2473,0.5351168627922148,0,5,0,587868,17742,93336,14620,0.1643447330393864,0.4517644150546938
2474,0.5351287400695116,0,1,0,587869,17741,93336,14620,0.16433547000629886,0.45177837520472175
2475,0.5351387801515377,58,74,58,587943,17667,93394,14562,0.16365000555781986,0.4518290980173136
2476,0.5351641257369961,3,18,3,587961,17649,93397,14559,0.16348327096224388,0.45203055141579734
2477,0.5351895637151036,0,3,0,587964,17646,93397,14559,0.16345548186298123,0.4520726595249185
2478,0.5352003486540368,4,8,4,587972,17638,93401,14555,0.16338137759828078,0.45211691982729163
2479,0.5352218566835288,7,39,7,588011,17599,93408,14548,0.16302011930786617,0.45254611627834634
2480,0.5352384411440859,1,3,1,588014,17596,93409,14547,0.16299233020860351,0.45257132190523597
2481,0.5352496592599065,7,9,7,588023,17587,93416,14540,0.16290896291081552,0.452578827777259
2482,0.5352505452141051,12,13,12,588036,17574,93428,14528,0.1627885434806773,0.45255747305463834
2483,0.5353095607005021,7,6,7,588042,17568,93435,14521,0.16273296528215198,0.45252267132039015
2484,0.5353973671406385,7,15,7,588057,17553,93442,14514,0.16259401978583868,0.45261483768359995
2485,0.5353978133035728,2,1,2,588058,17552,93444,14512,0.1625847567527511,0.45259481037924154
2486,0.5354196442355543,11,17,11,588075,17535,93455,14501,0.1624272851902627,0.45264702210013735
2487,0.5354262732639616,4,23,4,588098,17512,93459,14497,0.16221423542924895,0.45290387078634137
2488,0.5354503766078363,3,6,3,588104,17506,93462,14494,0.16215865723072362,0.4529375
2489,0.5354599955925237,1,1,1,588105,17505,93463,14493,0.16214939419763608,0.4529345584099006
2490,0.5354939334315147,6,9,6,588114,17496,93469,14487,0.1620660268998481,0.4529593846731076
2491,0.5354993460236607,12,21,12,588135,17475,93481,14475,0.16187150320500945,0.45305164319248825
2492,0.5355497894530845,3,11,3,588146,17464,93484,14472,0.16176960984104635,0.4531563126252505
2493,0.5355899219003402,61,83,61,588229,17381,93545,14411,0.16100077809477936,0.4532901358832411
2494,0.5355932196911694,50,64,50,588293,17317,93595,14361,0.1604079439771759,0.45334301407917166
2495,0.5356064951271368,33,40,33,588333,17277,93628,14328,0.1600374226536737,0.45334598955861416
2496,0.5356773910251148,1,0,1,588333,17277,93629,14327,0.1600374226536737,0.4533286925705607
2497,0.5356891472550883,11,11,11,588344,17266,93640,14316,0.1599355292897106,0.4532961813691343
2498,0.5357380777814099,4,15,4,588359,17251,93644,14312,0.1597965837933973,0.45344232170579474
2499,0.5357464322142882,5,14,5,588373,17237,93649,14307,0.15966690133017156,0.45355693634288613
2500,0.535833573615029,24,25,24,588398,17212,93673,14283,0.1594353255029827,0.45350055564375297
2501,0.5359052445738172,1,2,1,588400,17210,93674,14282,0.1594167994368076,0.45351200304839323
2502,0.5359776062081864,4,7,4,588407,17203,93678,14278,0.1593519582051947,0.45354340713446206
2503,0.535979101708292,2,6,2,588413,17197,93680,14276,0.15929638000666937,0.4535951450449592
2504,0.5359965989631497,104,77,104,588490,17120,93784,14172,0.15858312645892772,0.45289530870510036
2505,0.536046385440277,99,83,99,588573,17037,93883,14073,0.1578142947126607,0.4523625843780135
2506,0.5361320896804951,2,0,2,588573,17037,93885,14071,0.1578142947126607,0.4523273755947023
2507,0.5361371497527909,4,7,4,588580,17030,93889,14067,0.15774945348104782,0.45235874843232465
2508,0.5361409864979972,3,7,3,588587,17023,93892,14064,0.15768461224943495,0.4524077588702673
2509,0.5361442423133549,4,5,4,588592,17018,93896,14060,0.15763829708399718,0.4524100649977476
2510,0.5362099851329081,27,24,27,588616,16994,93923,14033,0.1574159842898959,0.45228349502046605
2511,0.5362639827397129,1,3,1,588619,16991,93924,14032,0.1573881951906332,0.4523095767656255
2512,0.5363139073788185,87,82,87,588701,16909,94011,13945,0.15662862647745376,0.45196733000583394
2513,0.5363222410544496,123,181,123,588882,16728,94134,13822,0.15495201748860646,0.45243862520458267
2514,0.536345762507807,55,100,55,588982,16628,94189,13767,0.15402571417985106,0.45293633821352197
2515,0.5363474306839715,32,89,32,589071,16539,94221,13735,0.15320130423505873,0.4536896346700139
2516,0.5364079979362494,49,100,49,589171,16439,94270,13686,0.1522750009263033,0.45430705394190873
2517,0.5364270189688217,98,110,98,589281,16329,94368,13588,0.15125606728667235,0.45418992546044057
2518,0.5364721071056602,0,1,0,589282,16328,94368,13588,0.1512468042535848,0.4542051076347105
2519,0.5364903160765566,84,84,84,589366,16244,94452,13504,0.15046870947423024,0.45394648379723007
2520,0.5365141589147676,77,125,77,589491,16119,94529,13427,0.14931083033828596,0.4544439179584377
2521,0.5365601640360185,106,100,106,589591,16019,94635,13321,0.14838452702953056,0.4540218132242672
2522,0.5366254033291646,11,20,11,589611,15999,94646,13310,0.14819926636777947,0.4541267187553311
2523,0.5367561332615771,50,107,50,589718,15892,94696,13260,0.14720812182741116,0.45485729967069155
2524,0.536792310082968,6,16,6,589734,15876,94702,13254,0.1470599132980103,0.454994850669413
2525,0.5368569364762423,0,4,0,589738,15872,94702,13254,0.14702286116566007,0.45505733708713864
2526,0.5368670048378562,4,14,4,589752,15858,94706,13250,0.14689317870243432,0.4552013192249553
2527,0.5368983556318522,8,7,8,589759,15851,94714,13242,0.14682833747082144,0.45516103530058777
2528,0.536967901937895,12,14,12,589773,15837,94726,13230,0.14669865500759569,0.455155330787491
2529,0.537022637048967,0,1,0,589774,15836,94726,13230,0.14668939197450814,0.45517099016032475
2530,0.5370826714627803,6,6,6,589780,15830,94732,13224,0.1466338137759828,0.45515247470227854
2531,0.5371020180606875,0,1,0,589781,15829,94732,13224,0.14662455074289527,0.4551681409837194
2532,0.5371306159897751,0,1,0,589782,15828,94732,13224,0.1466152877098077,0.4551838083436596
2533,0.5371947830510937,6,13,6,589795,15815,94738,13218,0.14649486827966948,0.4552750318602969
2534,0.5372117414627027,0,3,0,589798,15812,94738,13218,0.14646707918040683,0.4553220806062694
2535,0.5372300253515324,74,129,74,589927,15683,94812,13144,0.14527214791211235,0.45596142505290177
2536,0.5372471171204217,93,142,93,590069,15541,94905,13051,0.14395679721367965,0.4564563514269726
2537,0.5372970209979363,40,39,40,590108,15502,94945,13011,0.14359553892326504,0.45631817065899766
2538,0.5373560913814641,6,6,6,590114,15496,94951,13005,0.1435399607247397,0.45629977895512436
2539,0.5373642279227264,20,21,20,590135,15475,94971,12985,0.14334543702990107,0.4562543921293043
2540,0.5374475131981604,2,4,2,590139,15471,94973,12983,0.14330838489755085,0.45628031208265973
2541,0.5375417241923872,1,0,1,590139,15471,94974,12982,0.14330838489755085,0.4562612026851299
2542,0.5375727721907102,191,340,191,590479,15131,95165,12791,0.14015895364778244,0.4580975574815558
2543,0.5375738463093096,17,28,17,590507,15103,95182,12774,0.1398995887213309,0.4582272123973168
2544,0.5376114662871518,17,30,17,590537,15073,95199,12757,0.13962169772870428,0.4583902263744161
2545,0.5376332725089703,32,44,32,590581,15029,95231,12725,0.1392141242728519,0.4584924695539382
2546,0.5377656313493981,25,28,25,590609,15001,95256,12700,0.1389547593464004,0.4584672033500596
2547,0.537859777516638,1,2,1,590611,14999,95257,12699,0.13893623328022528,0.45848075673333816
2548,0.5378666162594133,3,0,3,590611,14999,95260,12696,0.13893623328022528,0.45842209785159777
2549,0.5379350450065004,30,45,30,590656,14954,95290,12666,0.13851939679128533,0.45858073859522086
2550,0.5379595363766125,85,232,85,590888,14722,95375,12581,0.13637037311497277,0.4607918543749771
2551,0.5379708142491388,41,41,41,590929,14681,95416,12540,0.13599058875838305,0.46067374453546894
2552,0.5380043229279674,96,247,96,591176,14434,95512,12444,0.13370261958575716,0.462980876553315
2553,0.5380211863832447,18,34,18,591210,14400,95530,12426,0.1333876764607803,0.46320733616640575
2554,0.5380444703304218,99,200,99,591410,14200,95629,12327,0.1315350698432695,0.4646963471180307
2555,0.538057180254241,0,1,0,591411,14199,95629,12327,0.13152580681018192,0.4647138656412576
2556,0.5381040010029159,46,45,46,591456,14154,95675,12281,0.131108970321242,0.4645734821259694
2557,0.5381286980717006,0,1,0,591457,14153,95675,12281,0.13109970728815443,0.4645910569720814
2558,0.5381309380246198,106,225,106,591682,13928,95781,12175,0.12901552484345474,0.46642148412059914
2559,0.5382622700031467,16,31,16,591713,13897,95797,12159,0.12872837081774055,0.46664875652440896
2560,0.5384062137246532,6,9,6,591722,13888,95803,12153,0.12864500351995256,0.4666871471909681
2561,0.5385214861283896,13,23,13,591745,13865,95816,12140,0.12843195375893882,0.4668333012882138
2562,0.5385773226487081,13,21,13,591766,13844,95829,12127,0.12823743006410018,0.46694389896422933
2563,0.5386242475148142,1,4,1,591770,13840,95830,12126,0.12820037793174996,0.46699530154817837
2564,0.5386778664214816,18,25,18,591795,13815,95848,12108,0.12796880210456113,0.46707556995718086
2565,0.5386820139630417,0,5,0,591800,13810,95848,12108,0.12792248693912334,0.467165676363917
2566,0.5387886210322292,4,8,4,591808,13802,95852,12104,0.12784838267442292,0.46722766926580717
2567,0.5388354295802162,52,67,52,591875,13735,95904,12052,0.1272277594575568,0.4673672780858572
2568,0.5388510288046798,0,1,0,591876,13734,95904,12052,0.12721849642446922,0.46738540293182346
2569,0.5388646409421783,0,1,0,591877,13733,95904,12052,0.12720923339138168,0.46740352918363387
2570,0.5389772880512534,1,1,1,591878,13732,95905,12051,0.1271999703582941,0.4674010006593492
2571,0.5390192501729283,39,73,39,591951,13659,95944,12012,0.12652376894290265,0.46792100035059014
2572,0.5391058110600659,45,77,45,592028,13582,95989,11967,0.125810515395161,0.4683940663039649
2573,0.539227880449325,44,70,44,592098,13512,96033,11923,0.1251621030790322,0.4687635148417535
2574,0.539257965107679,4,5,4,592103,13507,96037,11919,0.12511578791359443,0.46877212302367655
2575,0.539294946602235,63,96,63,592199,13411,96100,11856,0.12422653673718922,0.4692286381446155
2576,0.5393372826230884,15,16,15,592215,13395,96115,11841,0.12407832820778836,0.4692106514503091
2577,0.5393582497548,17,23,17,592238,13372,96132,11824,0.12386527844677461,0.4692808382282902
2578,0.5393762371221015,0,1,0,592239,13371,96132,11824,0.12385601541368706,0.46929946417940066
2579,0.539401138472585,0,1,0,592240,13370,96132,11824,0.1238467523805995,0.4693180916091133
2580,0.5397212167268732,4,6,4,592246,13364,96136,11820,0.12379117418207418,0.4693456162642948
2581,0.5397402285805049,303,479,303,592725,12885,96439,11517,0.11935418133313572,0.4719695106958446
2582,0.5398413754867055,332,534,332,593259,12351,96771,11185,0.11440772166438179,0.47522943575798776
2583,0.5399086741355558,2,5,2,593264,12346,96773,11183,0.11436140649894401,0.47528581750180626
2584,0.540051756209283,0,2,0,593266,12344,96773,11183,0.11434288043276891,0.4753262209376461
2585,0.5400531273572214,24,47,24,593313,12297,96797,11159,0.11390751787765385,0.4757418144611187
2586,0.5400813743270921,310,519,310,593832,11778,97107,10849,0.10910000370521324,0.4794714279400716
2587,0.5400979895499416,328,480,328,594312,11298,97435,10521,0.10465374782318722,0.4821944177093359
2588,0.5401148866426914,25,45,25,594357,11253,97460,10496,0.10423691133424728,0.48259690100694286
2589,0.5401169030120465,35,69,35,594426,11184,97495,10461,0.10359776205120605,0.4832986832986833
2590,0.5401342157771583,2,5,2,594431,11179,97497,10459,0.10355144688576827,0.4833626028283575
2591,0.5401511614775494,35,52,35,594483,11127,97532,10424,0.10306976916521546,0.4836898519790265
2592,0.5401945680576212,0,2,0,594485,11125,97532,10424,0.10305124309904035,0.4837347440716507
2593,0.5401975017133003,347,482,347,594967,10643,97879,10077,0.09858646115083923,0.48634169884169887
2594,0.5402123823189733,1,0,1,594967,10643,97880,10076,0.09858646115083923,0.4863169071866403
2595,0.5402937348512746,30,47,30,595014,10596,97910,10046,0.09815109859572418,0.4866776475147757
2596,0.5404044815850445,8,23,8,595037,10573,97918,10038,0.09793804883471044,0.4870214933773228
2597,0.5404197020124808,17,36,17,595073,10537,97935,10021,0.09760457964355848,0.48745014106430584
2598,0.5405350127658173,9,23,9,595096,10514,97944,10012,0.09739152988254474,0.48777160674266784
2599,0.5406109915419709,0,1,0,595097,10513,97944,10012,0.09738226684945718,0.487795371498173
2600,0.540665155493955,9,21,9,595118,10492,97953,10003,0.09718774315461855,0.48807026103927786
2601,0.540743623315145,4,5,4,595123,10487,97957,9999,0.09714142798918078,0.48808942692570534
2602,0.5407891692834063,8,31,8,595154,10456,97965,9991,0.0968542739634666,0.48862913874896075
2603,0.54087209638399,0,1,0,595155,10455,97965,9991,0.09684501093037905,0.48865303726890347
2604,0.5408994232237643,5,3,5,595158,10452,97970,9986,0.09681722183111638,0.48859966728642723
2605,0.540972195597095,0,2,0,595160,10450,97970,9986,0.09679869576494127,0.4886474848306909
2606,0.5410135196047697,1,2,1,595162,10448,97971,9985,0.09678016969876617,0.48867028825918857
2607,0.5410695178900766,0,3,0,595165,10445,97971,9985,0.0967523805995035,0.4887420460107685
2608,0.5410905205051431,25,59,25,595224,10386,97996,9960,0.0962058616473378,0.4895311117664406
2609,0.5412330378528101,2,5,2,595229,10381,97998,9958,0.09615954648190003,0.48960125866561777
2610,0.5413457036504346,0,1,0,595230,10380,97998,9958,0.09615028344881248,0.4896253318910414
2611,0.5413659324408361,7,12,7,595242,10368,98005,9951,0.09603912705176183,0.4897386682415473
2612,0.5413749922277098,37,59,37,595301,10309,98042,9914,0.09549260809959613,0.49023389210305096
2613,0.541471338795787,28,67,28,595368,10242,98070,9886,0.09487198488273,0.4911565977742448
2614,0.5416191189672823,0,3,0,595371,10239,98070,9886,0.09484419578346734,0.4912298136645963
2615,0.5416650170749618,5,14,5,595385,10225,98075,9881,0.09471451332024158,0.49144533969959214
2616,0.5416670001683486,4,11,4,595396,10214,98079,9877,0.09461261995627848,0.4916131601214474
2617,0.5417123740634547,1,1,1,595397,10213,98080,9876,0.09460335692319093,0.49161232515306885
2618,0.541736322203864,30,58,30,595455,10155,98110,9846,0.09406610100411279,0.49227538623068845
2619,0.5417374265099479,0,1,0,595456,10154,98110,9846,0.09405683797102524,0.4923
2620,0.5417465281978889,0,1,0,595457,10153,98110,9846,0.09404757493793768,0.49232461623081153
2621,0.5417492822117819,3,5,3,595462,10148,98113,9843,0.0940012597724999,0.49237156720524233
2622,0.5417698194535665,5,9,5,595471,10139,98118,9838,0.09391789247471193,0.49246633628672976
2623,0.5417857039930957,1,10,1,595481,10129,98119,9837,0.09382526214383638,0.49268756886707404
2624,0.5418089277681409,2,1,2,595482,10128,98121,9835,0.09381599911074882,0.4926614236337224
2625,0.5418092933690424,23,68,23,595550,10060,98144,9812,0.09318611286079514,0.4937600644122383
2626,0.5418265472653868,2,0,2,595550,10060,98146,9810,0.09318611286079514,0.4937091092098641
2627,0.5418460566068221,1,1,1,595551,10059,98147,9809,0.09317684982770759,0.493708475941212
2628,0.5419713608501362,0,4,0,595555,10055,98147,9809,0.09313979769535737,0.4938078936770036
2629,0.5419941889886879,0,1,0,595556,10054,98147,9809,0.09313053466226981,0.4938327543674168
2630,0.5420059329611973,0,1,0,595557,10053,98147,9809,0.09312127162918225,0.4938576175611721
2631,0.5420465625489631,2,4,2,595561,10049,98149,9807,0.09308421949683204,0.493906124093473
2632,0.5421256367886407,8,13,8,595574,10036,98157,9799,0.09296380006669384,0.4940257121250315
2633,0.5423417165394753,9,19,9,595593,10017,98166,9790,0.09278780243803031,0.4942697026303832
2634,0.5423582097335468,3,8,3,595601,10009,98169,9787,0.09271369817332988,0.49439280662760154
2635,0.5423741312043675,5,21,5,595622,9988,98174,9782,0.09251917447849124,0.49479008598887203
2636,0.542375222320276,0,2,0,595624,9986,98174,9782,0.09250064841231613,0.49484014569000406
2637,0.5424009707981358,2,6,2,595630,9980,98176,9780,0.09244507021379081,0.4949392712550607
2638,0.5424296835733647,3,7,3,595637,9973,98179,9777,0.09238022898217793,0.4950379746835443
2639,0.5424833452554089,1,1,1,595638,9972,98180,9776,0.09237096594909038,0.4950374721490784
2640,0.5424886456600756,11,20,11,595658,9952,98191,9765,0.09218570528733928,0.4952578992747375
2641,0.5425053879577297,2,4,2,595662,9948,98193,9763,0.09214865315498907,0.49530718887930597
2642,0.542509716238515,7,13,7,595675,9935,98200,9756,0.09202823372485086,0.49545477629373824
2643,0.5425477496988267,1,2,1,595677,9933,98201,9755,0.09200970765867576,0.4954794798862251
2644,0.542684237912838,0,5,0,595682,9928,98201,9755,0.09196339249323798,0.4956053447137123
2645,0.5427258871774873,1,8,1,595690,9920,98202,9754,0.09188928822853755,0.4957812341160923
2646,0.5427847004200662,3,2,3,595692,9918,98205,9751,0.09187076216236244,0.4957547409629366
2647,0.5428341678691393,1,2,1,595694,9916,98206,9750,0.09185223609618734,0.495779517949761
2648,0.5428440091449912,0,1,0,595695,9915,98206,9750,0.09184297306309978,0.4958047292143402
2649,0.5428760920691398,0,3,0,595698,9912,98206,9750,0.09181518396383712,0.49588037839487337
2650,0.5428860873619884,24,28,24,595726,9884,98230,9726,0.0915558190373856,0.49597144314125446
2651,0.5429503862123688,49,51,49,595777,9833,98279,9677,0.09108340434992034,0.49600205023065097
2652,0.5429551714610599,0,1,0,595778,9832,98279,9677,0.09107414131683278,0.4960274744989492
2653,0.54302030803669,8,18,8,595796,9814,98287,9669,0.09090740672125681,0.49627880716522094
2654,0.543024130741864,46,35,46,595831,9779,98333,9623,0.09058320056319241,0.49597979589733016
2655,0.5430555609377984,34,60,34,595891,9719,98367,9589,0.09002741857793917,0.4966335197845453
2656,0.5431026128977248,4,6,4,595897,9713,98371,9585,0.08997184037941383,0.4966835941548347
2657,0.5431151483356599,8,9,8,595906,9704,98379,9577,0.08988847308162584,0.49670660235464964
2658,0.5431559346882807,5,4,5,595910,9700,98384,9572,0.08985142094927563,0.4966791199667912
2659,0.5431658266671696,43,36,43,595946,9664,98427,9529,0.08951795175812367,0.4964830927942479
2660,0.5431800611752775,25,36,25,595982,9628,98452,9504,0.08918448256697173,0.4967593560526866
2661,0.5432273631335601,28,51,28,596033,9577,98480,9476,0.08871206787950646,0.49734949876659845
2662,0.5432323602213697,0,1,0,596034,9576,98480,9476,0.08870280484641892,0.49737560361116945
2663,0.5433308026757367,3,1,3,596035,9575,98483,9473,0.08869354181333136,0.497322553548929
2664,0.5433608812333214,3,4,3,596039,9571,98486,9470,0.08865648968098114,0.4973478283703587
2665,0.5433759621753381,1,4,1,596043,9567,98487,9469,0.08861943754863093,0.4974259298171885
2666,0.543422915788388,1,3,1,596046,9564,98488,9468,0.08859164844936826,0.4974779319041614
2667,0.5434243316908024,28,23,28,596069,9541,98516,9440,0.08837859868835451,0.4973394447078658
2668,0.5434492252181833,23,26,23,596095,9515,98539,9417,0.0881377598280781,0.49741178956264526
2669,0.5434552647336558,0,2,0,596097,9513,98539,9417,0.088119233761903,0.49746434231378767
2670,0.5435201610817751,43,48,43,596145,9465,98582,9374,0.0876746081737004,0.49758479749455914
2671,0.5435532277471438,1,1,1,596146,9464,98583,9373,0.08766534514061285,0.4975845410628019
2672,0.5435662544110904,46,60,46,596206,9404,98629,9327,0.08710956315535959,0.4979445838449629
2673,0.5435758770813461,15,23,15,596229,9381,98644,9312,0.08689651339434584,0.49815438934360456
2674,0.543599737738059,1,3,1,596232,9378,98645,9311,0.08686872429508319,0.49820750173899087
2675,0.5436093335071572,0,1,0,596233,9377,98645,9311,0.08685946126199563,0.4982341609589041
2676,0.5436198629766971,1,0,1,596233,9377,98646,9310,0.08685946126199563,0.4982073098945791
2677,0.5436203640734492,39,33,39,596266,9344,98685,9271,0.08655378117010634,0.4980392156862745
2678,0.5436694880650133,4,7,4,596273,9337,98689,9267,0.08648893993849346,0.4981186841539454
2679,0.5437054086831502,50,41,50,596314,9296,98739,9217,0.08610915558190374,0.4978663641765246
2680,0.5437106620225918,3,7,3,596321,9289,98742,9214,0.08604431435029086,0.49797330162676323
2681,0.5438281531128504,0,1,0,596322,9288,98742,9214,0.0860350513172033,0.498000216192844
2682,0.5438851127836961,7,4,7,596326,9284,98749,9207,0.08599799918485308,0.49791790600832836
2683,0.5439304344739271,8,4,8,596330,9280,98757,9199,0.08596094705250287,0.4978083229611992
2684,0.5440009486814235,9,12,9,596342,9268,98766,9190,0.08584979065545222,0.49788709502654677
2685,0.5442000365433104,6,16,6,596358,9252,98772,9184,0.08570158212605135,0.4981557821653287
2686,0.5442031352471711,1,1,1,596359,9251,98773,9183,0.0856923190929638,0.4981555820765976
2687,0.5442675056550719,129,140,129,596499,9111,98902,9054,0.08439549446070621,0.49843104872006605
2688,0.5443883546991681,74,67,74,596566,9044,98976,8980,0.08377487124384009,0.49822458943630715
2689,0.5443952005968852,4,16,4,596582,9028,98980,8976,0.08362666271443922,0.49855587647189514
2690,0.5444331563419589,36,43,36,596625,8985,99016,8940,0.08322835229167438,0.49874476987447697
2691,0.5444352114743796,132,126,132,596751,8859,99148,8808,0.08206121012264256,0.4985566310069621
2692,0.5444610080216662,41,42,41,596793,8817,99189,8767,0.08167216273296528,0.49857825295723385
2693,0.5444886428770335,8,16,8,596809,8801,99197,8759,0.08152395420356441,0.4988041002277904
2694,0.5444896030497713,1,1,1,596810,8800,99198,8758,0.08151469117047686,0.498803964005012
2695,0.5445376547620854,12,16,12,596826,8784,99210,8746,0.08136648264107599,0.4989161437535653
2696,0.5445536683605003,40,44,40,596870,8740,99250,8706,0.08095890918522361,0.4990255645993351
2697,0.5445840869335694,1,3,1,596873,8737,99251,8705,0.08093112008596094,0.4990826740052746
2698,0.544594825108973,127,125,127,596998,8612,99378,8578,0.07977324095001667,0.4990110529377545
2699,0.5446344331344191,6,15,6,597013,8597,99384,8572,0.07963429545370336,0.4992719436193139
2700,0.5446698227429183,6,10,6,597023,8587,99390,8566,0.07954166512282781,0.4993878621815426
2701,0.5447476379542776,1,0,1,597023,8587,99391,8565,0.07954166512282781,0.49935867537313433
2702,0.5447791442137702,36,47,36,597070,8540,99427,8529,0.07910630256771277,0.49967777842873046
2703,0.544831545883441,116,110,116,597180,8430,99543,8413,0.07808736892808181,0.49949533931009915
2704,0.5448762347636438,122,130,122,597310,8300,99665,8291,0.07688317462669976,0.49972876860948706
2705,0.5452128741699015,3,2,3,597312,8298,99668,8288,0.07686464856052466,0.4996985409381406
2706,0.5452528894768391,17,20,17,597332,8278,99685,8271,0.07667938789877357,0.49978850685842047
2707,0.5453386193614759,5,5,5,597337,8273,99690,8266,0.0766330727333358,0.4997883789830099
2708,0.5453582175626985,13,13,13,597350,8260,99703,8253,0.0765126533031976,0.49978804578211106
2709,0.5454160701922608,7,5,7,597355,8255,99710,8246,0.07646633813775983,0.49972728925519666
2710,0.5454946129568028,0,1,0,597356,8254,99710,8246,0.07645707510467227,0.49975757575757573
2711,0.5456355543249307,42,47,42,597403,8207,99752,8204,0.07602171254955722,0.49990859789165804
2712,0.5456939373147207,0,1,0,597404,8206,99752,8204,0.07601244951646967,0.4999390615478367
2713,0.5458462362691285,2,1,2,597405,8205,99754,8202,0.07600318648338211,0.4999085756079722
2714,0.5460652710939964,19,36,19,597441,8169,99773,8183,0.07566971729223017,0.5004280821917808
2715,0.5461134436027211,22,18,22,597459,8151,99795,8161,0.07550298269665419,0.5003065228052967
2716,0.5461502684259143,19,32,19,597491,8119,99814,8142,0.07520656563785245,0.5007072135785007
2717,0.5461630357632813,21,25,21,597516,8094,99835,8121,0.0749749898106636,0.5008325624421832
2718,0.546597066301994,3,1,3,597517,8093,99838,8118,0.07496572677757606,0.5007710813645055
2719,0.5466955383263086,153,195,153,597712,7898,99991,7965,0.07315943532550298,0.5021118325663494
2720,0.5467231422819715,161,180,161,597892,7718,100152,7804,0.07149208936974323,0.5027702615642314
2721,0.5467411157690972,12,7,12,597899,7711,100164,7792,0.07142724813813035,0.5026123976004644
2722,0.5469903237135265,3,0,3,597899,7711,100167,7789,0.07142724813813035,0.5025161290322581
2723,0.547007070386238,1,0,1,597899,7711,100168,7788,0.07142724813813035,0.5024840312278211
2724,0.5470247210630094,0,2,0,597901,7709,100168,7788,0.07140872207195524,0.50254888042847
2725,0.5473544082855661,166,174,166,598075,7535,100334,7622,0.06979695431472081,0.5028699610740912
2726,0.5474635312616744,180,173,180,598248,7362,100514,7442,0.06819444959057394,0.5027019724398811
2727,0.5478033447080171,0,1,0,598249,7361,100514,7442,0.06818518655748639,0.5027359319056948
2728,0.5479732953415649,2,3,2,598252,7358,100516,7440,0.06815739745822372,0.5027706446817137
2729,0.5479873453289724,0,1,0,598253,7357,100516,7440,0.06814813442513616,0.5028046225586268
2730,0.5480519455068549,1,2,1,598255,7355,100517,7439,0.06812960835896106,0.5028389887792348
2731,0.5480655655116592,11,16,11,598271,7339,100528,7428,0.0679813998295602,0.5030134759937699
2732,0.5480723552063147,0,1,0,598272,7338,100528,7428,0.06797213679647264,0.5030475416497359
2733,0.548166099584876,490,457,490,598729,6881,101018,6938,0.06373893067546037,0.5020623778855199
2734,0.5481681507833043,2,4,2,598733,6877,101020,6936,0.06370187854311016,0.502135669297039
2735,0.5481726180612049,642,659,642,599392,6218,101662,6294,0.057597539738411946,0.503037084398977
2736,0.5482180636895806,498,470,498,599862,5748,102160,5796,0.053243914187261474,0.502079002079002
2737,0.5482506737022786,496,515,496,600377,5233,102656,5300,0.04847345214717107,0.5031804803949492
2738,0.5483070464560165,499,518,499,600895,4715,103155,4801,0.043675201007818,0.5045187053383775
2739,0.548331251935506,5,15,5,600910,4700,103160,4796,0.04353625551150469,0.5050547598989048
2740,0.5483516731647107,2,6,2,600916,4694,103162,4794,0.04348067731297936,0.5052698145025295
2741,0.5484040150035562,2,4,2,600920,4690,103164,4792,0.04344362518062914,0.5053786121071504
2742,0.5485124116877198,0,3,0,600923,4687,103164,4792,0.04341583608136648,0.5055385589197172
2743,0.5485281626388854,0,5,0,600928,4682,103164,4792,0.04336952091592871,0.5058053620434875
2744,0.5486176373324344,0,2,0,600930,4680,103164,4792,0.043350994849753605,0.5059121621621622
2745,0.5488260215210794,0,1,0,600931,4679,103164,4792,0.04334173181666605,0.5059655791363108
2746,0.5489846506898663,6,24,6,600955,4655,103170,4786,0.04311941902256475,0.5069378243830103
2747,0.5490804051888531,5,5,5,600960,4650,103175,4781,0.043073103857126975,0.5069451807867671
2748,0.5490901905460694,1,1,1,600961,4649,103176,4780,0.043063840824039426,0.5069466539399724
2749,0.5491140135777748,8,17,8,600978,4632,103184,4772,0.042906369261551,0.5074436410038281
2750,0.5494180085412532,38,72,38,601050,4560,103222,4734,0.0422394308792471,0.5093608779857973
2751,0.5495391111857468,3,4,3,601054,4556,103225,4731,0.04220237874689688,0.5094217723699795
2752,0.549675452741258,0,2,0,601056,4554,103225,4731,0.04218385268072178,0.5095315024232633
2753,0.5496763198268553,35,52,35,601108,4502,103260,4696,0.04170217496016896,0.5105457708197434
2754,0.5497178208393196,4,4,4,601112,4498,103264,4692,0.04166512282781874,0.5105549510337323
2755,0.5497464004108752,0,1,0,601113,4497,103264,4692,0.04165585979473119,0.5106105125693764
2756,0.5497493127071105,0,5,0,601118,4492,103264,4692,0.041609544629293414,0.5108885017421603
2757,0.5497958945362547,26,59,26,601177,4433,103290,4666,0.04106302567712772,0.5128036047917354
2758,0.5498177001633551,19,21,19,601198,4412,103309,4647,0.04086850198228908,0.5129705265481841
2759,0.5498434731762643,3,3,3,601201,4409,103312,4644,0.04084071288302642,0.5129791229426709
2760,0.549857766800908,36,54,36,601255,4355,103348,4608,0.040340509096298494,0.5141135780430659
2761,0.5498681390140524,28,52,28,601307,4303,103376,4580,0.039858831375745675,0.5155915794213667
2762,0.5498839470612474,1,0,1,601307,4303,103377,4579,0.039858831375745675,0.5155370412069353
2763,0.5499475651161463,1,1,1,601308,4302,103378,4578,0.03984956834265812,0.5155405405405405
2764,0.5499673805432069,10,11,10,601319,4291,103388,4568,0.039747674978695025,0.5156338187154307
2765,0.5499808706844183,1,8,1,601327,4283,103389,4567,0.03967357071399459,0.516045197740113
2766,0.5500141167681667,11,14,11,601341,4269,103400,4556,0.03954388825076883,0.5162606232294618
2767,0.5500380070543679,12,20,12,601361,4249,103412,4544,0.03935862758901775,0.5167747071534174
2768,0.5500410895043402,2,2,2,601363,4247,103414,4542,0.03934010152284264,0.5167823415633178
2769,0.5501361290352664,1,0,1,601363,4247,103415,4541,0.03934010152284264,0.5167273554847519
2770,0.5501867111177897,1,1,1,601364,4246,103416,4540,0.039330838489755084,0.5167311632142044
2771,0.550228001990839,0,2,0,601366,4244,103416,4540,0.03931231242357998,0.5168488160291439
2772,0.5503519567706652,0,2,0,601368,4242,103416,4540,0.03929378635740487,0.5169665224322478
2773,0.5504499613165853,8,11,8,601379,4231,103424,4532,0.03919189299344177,0.5171744836243296
2774,0.5504717101865924,6,5,6,601384,4226,103430,4526,0.039145577828004,0.5171389396709324
2775,0.5504913260380642,11,13,11,601397,4213,103441,4515,0.0390251583978658,0.5173006416131989
2776,0.5505555432804712,23,20,23,601417,4193,103464,4492,0.038839897736114716,0.5172135866436385
2777,0.5506156023871484,2,3,2,601420,4190,103466,4490,0.03881210863685205,0.5172811059907834
2778,0.5506905314451899,10,5,10,601425,4185,103476,4480,0.03876579347141428,0.5170225043277553
2779,0.5507919116128711,5,1,5,601426,4184,103481,4475,0.038756530438326726,0.5168033260191708
2780,0.5509108415083002,0,2,0,601428,4182,103481,4475,0.038738004372151615,0.5169227214970544
2781,0.5509390161872572,13,23,13,601451,4159,103494,4462,0.03852495461113787,0.5175733673587751
2782,0.5509483870550262,5,9,5,601460,4150,103499,4457,0.03844158731334988,0.5178343209015918
2783,0.5510418435182967,3,3,3,601463,4147,103502,4454,0.03841379821408722,0.517846762004418
2784,0.5510483243905189,2,1,2,601464,4146,103504,4452,0.03840453518099966,0.5177948360083741
2785,0.5510651287043625,5,2,5,601466,4144,103509,4447,0.03838600911482456,0.5176347340239786
2786,0.5510757806206399,3,3,3,601469,4141,103512,4444,0.0383582200155619,0.5176470588235295
2787,0.5511558173083434,1,1,1,601470,4140,103513,4443,0.03834895698247434,0.517651170919259
2788,0.5512564662216131,0,2,0,601472,4138,103513,4443,0.03833043091629923,0.5177718214660296
2789,0.5513022344270925,17,12,17,601484,4126,103530,4426,0.038219274519248586,0.5175397567820393
2790,0.5513459286880508,48,50,48,601534,4076,103578,4378,0.03775612286487087,0.5178613674000473
2791,0.5513557366330197,0,1,0,601535,4075,103578,4378,0.037746859831783316,0.5179226310185733
2792,0.5513663349603475,17,21,17,601556,4054,103595,4361,0.03755233613694468,0.5182412358882947
2793,0.5513683804767668,0,1,0,601557,4053,103595,4361,0.03754307310385713,0.5183028286189684
2794,0.5513769579770249,23,46,23,601603,4007,103618,4338,0.03711697358182964,0.5198322348711804
2795,0.5514269528440021,13,31,13,601634,3976,103631,4325,0.03682981955611545,0.5210215636670281
2796,0.5514623053518987,54,34,54,601668,3942,103685,4271,0.03651487643113861,0.5200292219651772
2797,0.5514927367227174,10,10,10,601678,3932,103695,4261,0.03642224610026307,0.5200781154644208
2798,0.5515010622239018,14,18,14,601696,3914,103709,4247,0.036255511504687095,0.5204019115304497
2799,0.5515180644457438,2,0,2,601696,3914,103711,4245,0.036255511504687095,0.5202843485721289
2800,0.5515634467334198,19,34,19,601730,3880,103730,4226,0.035940568379710255,0.5213422156427338
2801,0.5516232997277234,18,9,18,601739,3871,103748,4208,0.035857201081922266,0.5208565416511944
2802,0.5516924574767894,11,25,11,601764,3846,103759,4197,0.03562562525473341,0.5218202163371877
2803,0.551702053369791,3,10,3,601774,3836,103762,4194,0.03553299492385787,0.5222914072229141
2804,0.5517533630727032,2,3,2,601777,3833,103764,4192,0.0355052058245952,0.5223676012461059
2805,0.5517953679018623,1,0,1,601777,3833,103765,4191,0.0355052058245952,0.5223080757726819
2806,0.5518015054993335,3,7,3,601784,3826,103768,4188,0.035440364592982325,0.5225854754180185
2807,0.5518405374342689,0,1,0,601785,3825,103768,4188,0.03543110155989477,0.5226506926244852
2808,0.5518722772108027,2,4,2,601789,3821,103770,4186,0.03539404942754455,0.5227925565130511
2809,0.5519644936913319,57,53,57,601842,3768,103827,4129,0.034903108673904185,0.5228567810560972
2810,0.5520360603355752,39,57,39,601899,3711,103866,4090,0.03437511578791359,0.5242917574669914
2811,0.5520393289806034,4,5,4,601904,3706,103870,4086,0.03432880062247582,0.5243839835728953
2812,0.5520450529462829,156,144,156,602048,3562,104026,3930,0.03299492385786802,0.5245595301655098
2813,0.5522029087713314,146,119,146,602167,3443,104172,3784,0.031892622920449074,0.5235920852359208
2814,0.5523107692661984,17,18,17,602185,3425,104189,3767,0.031725888324873094,0.5237764182424917
2815,0.5523193261956952,5,9,5,602194,3416,104194,3762,0.03164252102708511,0.5241014210086375
2816,0.552360161026028,1,2,1,602196,3414,104195,3761,0.03162399496091,0.5241811846689896
2817,0.5524357659005422,3,5,3,602201,3409,104198,3758,0.03157767979547223,0.5243477047579183
2818,0.552437348816196,8,6,8,602207,3403,104206,3750,0.031522101596946905,0.5242555571089054
2819,0.5524893819040125,164,146,164,602353,3257,104370,3586,0.03016969876616399,0.5240391641093087
2820,0.5525794476192687,160,120,160,602473,3137,104530,3426,0.02905813479565749,0.5220173701051348
2821,0.5525850367095567,109,113,109,602586,3024,104639,3317,0.028011412056763867,0.5231036114177574
2822,0.552611931005024,5,9,5,602595,3015,104644,3312,0.027928044758975878,0.5234708392603129
2823,0.5526842328737456,1,9,1,602604,3006,104645,3311,0.02784467746118789,0.5241412062687985
2824,0.5526844302114158,18,15,18,602619,2991,104663,3293,0.027705731964874577,0.5240292807129217
2825,0.5527177763215266,66,61,66,602680,2930,104729,3227,0.027140686946533772,0.524118889069352
2826,0.5527591834115284,144,153,144,602833,2777,104873,3083,0.02572344288413798,0.5261092150170649
2827,0.552792537562387,6,7,6,602840,2770,104879,3077,0.025658601652525103,0.5262527792030101
2828,0.552846339135322,56,72,56,602912,2698,104935,3021,0.0249916632702212,0.5282392026578073
2829,0.5528707333912198,59,63,59,602975,2635,104994,2962,0.024408092185705287,0.5292120778988744
2830,0.5528757558303526,15,17,15,602992,2618,105009,2947,0.024250620623216868,0.529559748427673
2831,0.5530144028194798,17,20,17,603012,2598,105026,2930,0.024065359961465783,0.5300289435600579
2832,0.553070586276838,41,76,41,603088,2522,105067,2889,0.023361369446811664,0.5339124006653114
2833,0.5535577301368827,0,1,0,603089,2521,105067,2889,0.02335210641372411,0.534011090573013
2834,0.553872695828951,1,1,1,603090,2520,105068,2888,0.023342843380636556,0.5340236686390533
2835,0.5538812886569027,0,1,0,603091,2519,105068,2888,0.023333580347549003,0.5341224338820048
2836,0.5541936712588523,0,2,0,603093,2517,105068,2888,0.023315054281373895,0.5343200740055504
2837,0.5546553048463168,2,0,2,603093,2517,105070,2886,0.023315054281373895,0.5341476957245974
2838,0.5549803952586296,2,2,2,603095,2515,105072,2884,0.023296528215198786,0.5341729949990739
2839,0.5550327926288628,1,0,1,603095,2515,105073,2883,0.023296528215198786,0.534086698777325
2840,0.555710194249197,2,0,2,603095,2515,105075,2881,0.023296528215198786,0.5339140103780579
2841,0.5560828958048198,19,50,19,603145,2465,105094,2862,0.022833376560821076,0.5372629998122771
2842,0.5561581673239807,21,45,21,603190,2420,105115,2841,0.022416540071881135,0.5400114046759171
2843,0.5562469512175956,0,1,0,603191,2419,105115,2841,0.022407277038793583,0.5401140684410647
2844,0.556356698038171,6,9,6,603200,2410,105121,2835,0.022323909741005597,0.540514775977121
2845,0.5563708575504441,1,1,1,603201,2409,105122,2834,0.02231464670791804,0.5405302307839024
2846,0.5563920220517724,14,33,14,603234,2376,105136,2820,0.022008966616028754,0.5427251732101617
2847,0.556428887767309,25,42,25,603276,2334,105161,2795,0.021619919226351477,0.5449405342171963
2848,0.5564622168869864,3,4,3,603280,2330,105164,2792,0.02158286709400126,0.5450995704802811
2849,0.5564773275332119,0,2,0,603282,2328,105164,2792,0.021564341027826152,0.5453125
2850,0.5565552091521708,3,5,3,603287,2323,105167,2789,0.02151802586238838,0.5455790297339593
2851,0.5565664939191294,2,2,2,603289,2321,105169,2787,0.02149949979621327,0.5456147220046985
2852,0.5565865349171976,1,4,1,603293,2317,105170,2786,0.021462447663863054,0.5459533607681756
2853,0.5566986240613897,15,52,15,603345,2265,105185,2771,0.02098076994331024,0.5502382843526609
2854,0.5572378410068616,0,1,0,603346,2264,105185,2771,0.020971506910222683,0.5503475670307845
2855,0.5572597675792106,1,1,1,603347,2263,105186,2770,0.02096224387713513,0.5503675740115239
2856,0.5575393311526717,1,1,1,603348,2262,105187,2769,0.020952980844047574,0.5503875968992248
2857,0.5575499437050483,1,0,1,603348,2262,105188,2768,0.020952980844047574,0.5502982107355865
2858,0.5576603300831926,11,17,11,603365,2245,105199,2757,0.020795509281559155,0.5511795281887245
2859,0.5579883277407559,1,1,1,603366,2244,105200,2756,0.0207862462484716,0.5512
2860,0.5581599183397998,16,12,16,603378,2232,105216,2740,0.02067508985142095,0.5510860820595334
2861,0.5582575582257658,12,11,12,603389,2221,105228,2728,0.020573196487457854,0.5512224691856941
2862,0.5582908321738582,1,0,1,603389,2221,105229,2727,0.020573196487457854,0.5511317704122878
2863,0.5583286948482359,13,14,13,603403,2207,105242,2714,0.020443514024232095,0.5515139199349726
2864,0.5583332504292983,17,14,17,603417,2193,105259,2697,0.020313831561006336,0.5515337423312884
2865,0.5585275883686716,0,2,0,603419,2191,105259,2697,0.020295305494831228,0.551759410801964
2866,0.5589107707090456,4,2,4,603421,2189,105263,2693,0.02027677942865612,0.5516181892666939
2867,0.5589663298425812,10,9,10,603430,2180,105273,2683,0.020193412130868133,0.5517170470902735
2868,0.5589757334992596,7,5,7,603435,2175,105280,2676,0.02014709696543036,0.551638837353123
2869,0.5590544056193333,47,30,47,603465,2145,105327,2629,0.019869205972803734,0.5506912442396313
2870,0.5590725862279933,75,46,75,603511,2099,105402,2554,0.01944310645077624,0.5488931871910595
2871,0.5592688536714941,4,6,4,603517,2093,105406,2550,0.019387528252250916,0.549213870342451
2872,0.559276239514389,4,5,4,603522,2088,105410,2546,0.019341213086813146,0.5494173500215797
2873,0.5593448306432579,5,7,5,603529,2081,105415,2541,0.019276371855200265,0.549762007788836
2874,0.559347288991962,6,9,6,603538,2072,105421,2535,0.01919300455741228,0.5502496201432603
2875,0.5593909668515612,9,7,9,603545,2065,105430,2526,0.0191281633257994,0.550206926595513
2876,0.5594395377176102,18,5,18,603550,2060,105448,2508,0.01908184816036163,0.5490367775831874
2877,0.5595009224395602,3,5,3,603555,2055,105451,2505,0.01903553299492386,0.5493421052631579
2878,0.5595060751683946,10,11,10,603566,2044,105461,2495,0.01893363963096076,0.5496805463758537
2879,0.5597787564467349,61,56,61,603622,1988,105522,2434,0.018414909778057726,0.550429669832655
2880,0.5598559477075635,0,1,0,603623,1987,105522,2434,0.018405646744970174,0.5505541732639674
2881,0.5598908186301338,3,9,3,603632,1978,105525,2431,0.018322279447182184,0.5513721932410978
2882,0.5599241057113539,1,0,1,603632,1978,105526,2430,0.018322279447182184,0.5512704174228675
2883,0.559999120336205,4,4,4,603636,1974,105530,2426,0.018285227314831967,0.5513636363636364
2884,0.5600124767443021,8,7,8,603643,1967,105538,2418,0.01822038608321909,0.5514253135689852
2885,0.5600289038671218,5,4,5,603647,1963,105543,2413,0.018183333950868873,0.551416819012797
2886,0.5601034683025536,65,50,65,603697,1913,105608,2348,0.017720182296491162,0.551044355785027
2887,0.5602152764368056,1,1,1,603698,1912,105609,2347,0.01771091926340361,0.5510683258980982
2888,0.5603182867869069,2,0,2,603698,1912,105611,2345,0.01771091926340361,0.5508574113225276
2889,0.5603352855048599,134,92,134,603790,1820,105745,2211,0.016858720219348623,0.5484991317290995
2890,0.5605863684073321,48,63,48,603853,1757,105793,2163,0.01627514913483271,0.5517857142857143
2891,0.5605884042870305,1,2,1,603855,1755,105794,2162,0.0162566230686576,0.5519530252744447
2892,0.5605921715013847,65,63,65,603918,1692,105859,2097,0.01567305198414169,0.5534441805225653
2893,0.5606000180909305,12,14,12,603932,1678,105871,2085,0.015543369520915928,0.5540791921339356
2894,0.5606571804878554,54,64,54,603996,1614,105925,2031,0.01495053540331246,0.557201646090535
2895,0.5607536052233626,1,0,1,603996,1614,105926,2030,0.01495053540331246,0.5570801317233809
2896,0.5607794762551276,13,8,13,604004,1606,105939,2017,0.014876431138612027,0.5567209494893735
2897,0.5608199189492504,9,8,9,604012,1598,105948,2008,0.014802326873911593,0.5568496949528563
2898,0.5608539550364479,56,63,56,604075,1535,106004,1952,0.01421875578939568,0.559793518784055
2899,0.5608681140677279,2,2,2,604077,1533,106006,1950,0.014200229723220572,0.5598621877691645
2900,0.5609868215548167,1,2,1,604079,1531,106007,1949,0.014181703657045464,0.5600574712643678
2901,0.561025521479959,4,10,4,604089,1521,106011,1945,0.014089073326169922,0.5611656087709175
2902,0.5610421151178083,6,13,6,604102,1508,106017,1939,0.013968653896031717,0.5625181317087322
2903,0.5618795366271799,1,0,1,604102,1508,106018,1938,0.013968653896031717,0.5623911781775972
2904,0.5629350641235457,1,1,1,604103,1507,106019,1937,0.013959390862944163,0.5624274099883856
2905,0.5629446142978127,6,18,6,604121,1489,106025,1931,0.013792656267368187,0.5646198830409357
2906,0.5631790015270086,5,19,5,604140,1470,106030,1926,0.013616658638704657,0.5671378091872792
2907,0.563720046432888,6,6,6,604146,1464,106036,1920,0.013561080440179332,0.5673758865248227
2908,0.5637604728645735,4,15,4,604161,1449,106040,1916,0.013422134943866019,0.5693907875185735
2909,0.564357380017763,28,42,28,604203,1407,106068,1888,0.013033087554188744,0.5729893778452201
2910,0.5645095952431802,27,30,27,604233,1377,106095,1861,0.012755196561562118,0.5747374922791847
2911,0.5645231560773329,0,1,0,604234,1376,106095,1861,0.012745933528474564,0.5749150447945629
2912,0.5645259837470009,27,25,27,604259,1351,106122,1834,0.012514357701285709,0.5758241758241758
2913,0.5645447339694905,20,29,20,604288,1322,106142,1814,0.012245729741746637,0.5784438775510204
2914,0.5645859350206941,0,2,0,604290,1320,106142,1814,0.01222720367557153,0.5788130185067007
2915,0.56469569657972,17,31,17,604321,1289,106159,1797,0.01194004964985735,0.5823071937783538
2916,0.5648040802811808,5,8,5,604329,1281,106164,1792,0.011865945385156916,0.5831435079726651
2917,0.5648800078447244,5,7,5,604336,1274,106169,1787,0.011801104153544037,0.583796145050637
2918,0.5652164148636307,6,5,6,604341,1269,106175,1781,0.011754788988106266,0.5839344262295082
2919,0.5655452484319616,0,1,0,604342,1268,106175,1781,0.011745525955018711,0.5841259429321088
2920,0.5655823757421644,8,7,8,604349,1261,106183,1773,0.011680684723405832,0.5843770599868161
2921,0.5657409576150068,3,1,3,604350,1260,106186,1770,0.011671421690318278,0.5841584158415841
2922,0.5658180586328315,1,0,1,604350,1260,106187,1769,0.011671421690318278,0.5840211290855067
2923,0.5659342742755881,2,4,2,604354,1256,106189,1767,0.011634369557968061,0.5845186900430036
2924,0.5660219144558787,7,4,7,604358,1252,106196,1760,0.011597317425617844,0.5843293492695883
2925,0.5660437866478379,1,3,1,604361,1249,106197,1759,0.011569528326355182,0.5847739361702128
2926,0.5663192730208803,4,4,4,604365,1245,106201,1755,0.011532476194004965,0.585
2927,0.5663309020520504,7,7,7,604372,1238,106208,1748,0.011467634962392085,0.5853985264567984
2928,0.5664258762468852,11,16,11,604388,1222,106219,1737,0.011319426432991218,0.5870226427847246
2929,0.5664689704903508,1,1,1,604389,1221,106220,1736,0.011310163399903664,0.5870815015218126
2930,0.5664780823721243,6,6,6,604395,1215,106226,1730,0.011254585201378339,0.5874363327674024
2931,0.5665175127792269,0,2,0,604397,1213,106226,1730,0.01123605913520323,0.5878355419639824
2932,0.566665754492473,3,1,3,604398,1212,106229,1727,0.011226796102115676,0.5876148349778836
2933,0.566896976459641,2,0,2,604398,1212,106231,1725,0.011226796102115676,0.5873340143003064
2934,0.5669162658147446,151,87,151,604485,1125,106382,1574,0.010420912223498462,0.583178955168581
2935,0.5669659568685923,151,97,151,604582,1028,106533,1423,0.009522398014005706,0.580579355365157
2936,0.5672097441730237,4,0,4,604582,1028,106537,1419,0.009522398014005706,0.5798937474458521
2937,0.5672382678037677,5,6,5,604588,1022,106542,1414,0.00946681981548038,0.5804597701149425
2938,0.5672555932662402,6,2,6,604590,1020,106548,1408,0.009448293749305272,0.5799011532125206
2939,0.5673223864549981,5,0,5,604590,1020,106553,1403,0.009448293749305272,0.579034255055716
2940,0.5673350181606797,0,2,0,604592,1018,106553,1403,0.009429767683130164,0.5795125980999587
2941,0.5673379537372332,145,134,145,604726,884,106698,1258,0.008188521249397902,0.5873015873015873
2942,0.5673805520585988,161,118,161,604844,766,106859,1097,0.007095483345066509,0.5888352120236178
2943,0.5673982380522261,135,103,135,604947,663,106994,962,0.006141390937048427,0.592
2944,0.5674136910069525,4,2,4,604949,661,106998,958,0.006122864870873318,0.5917232859789994
2945,0.5675314054017904,5,3,5,604952,658,107003,953,0.006095075771610657,0.5915580384854128
2946,0.5675374766270472,1,2,1,604954,656,107004,952,0.006076549705435548,0.5920398009950248
2947,0.5676409036750202,0,3,0,604957,653,107004,952,0.006048760606172886,0.5931464174454829
2948,0.5677017094029612,0,1,0,604958,652,107004,952,0.006039497573085331,0.5935162094763092
2949,0.5679574167932285,0,1,0,604959,651,107004,952,0.006030234539997777,0.5938864628820961
2950,0.5679828615354674,3,0,3,604959,651,107007,949,0.006030234539997777,0.593125
2951,0.5681331739641827,0,1,0,604960,650,107007,949,0.006020971506910223,0.5934959349593496
2952,0.5682003782338028,27,10,27,604970,640,107034,922,0.005928341176034681,0.5902688860435339
2953,0.5683014169351294,0,1,0,604971,639,107034,922,0.005919078142947127,0.5906470211402947
2954,0.5684724987224072,2,2,2,604973,637,107036,920,0.005900552076772018,0.5908798972382787
2955,0.5685316664823258,15,13,15,604986,624,107051,905,0.005780132646633814,0.5918901242642249
2956,0.5686949597838511,12,11,12,604997,613,107063,893,0.005678239282670717,0.5929614873837982
2957,0.5688482272245177,0,2,0,604999,611,107063,893,0.005659713216495609,0.59375
2958,0.5688882732188878,1,2,1,605001,609,107064,892,0.005641187150320501,0.5942704863424384
2959,0.5689907121082848,16,22,16,605023,587,107080,876,0.005437400422394309,0.5987696514012304
2960,0.569015671981044,28,15,28,605038,572,107108,848,0.005298454926080996,0.5971830985915493
2961,0.5710515004810611,1,0,1,605038,572,107109,847,0.005298454926080996,0.5968992248062015
2962,0.5725689930199241,0,1,0,605039,571,107109,847,0.005289191892993442,0.5973201692524682
2963,0.5738416413293589,77,37,77,605076,534,107186,770,0.004946459668753937,0.5904907975460123
2964,0.5738530534511893,67,42,67,605118,492,107253,703,0.0045574122790766605,0.5882845188284519
2965,0.574434858541051,64,36,64,605154,456,107317,639,0.00422394308792471,0.5835616438356165
2966,0.5746694764648023,63,38,63,605192,418,107380,576,0.0038719478305976507,0.579476861167002
2967,0.5751925621719496,132,89,132,605281,329,107512,444,0.0030475378858053283,0.574385510996119
2968,0.5752047898895298,7,7,7,605288,322,107519,437,0.002982696654192449,0.5757575757575758
2969,0.5752361649923936,66,48,66,605336,274,107585,371,0.0025380710659898475,0.5751937984496124
2970,0.5752381782841746,0,1,0,605337,273,107585,371,0.0025288080329022933,0.5760869565217391
2971,0.5753495308231777,74,49,74,605386,224,107659,297,0.002074919411612138,0.5700575815738963
2972,0.5754139803531201,74,52,74,605438,172,107733,223,0.0015932416910593205,0.5645569620253165
2973,0.5754282778846193,7,0,7,605438,172,107740,216,0.0015932416910593205,0.5567010309278351
2974,0.5754430095451525,76,58,76,605496,114,107816,140,0.0010559857719811775,0.5511811023622047
2975,0.5755386272272702,1,0,1,605496,114,107817,139,0.0010559857719811775,0.549407114624506
2976,0.5755457446923924,1,1,1,605497,113,107818,138,0.0010467227388936233,0.549800796812749
2977,0.5756232104841397,1,0,1,605497,113,107819,137,0.0010467227388936233,0.548
2978,0.5760430804961547,1,6,1,605503,107,107820,136,0.0009911445403682983,0.5596707818930041
2979,0.5762975068697832,4,4,4,605507,103,107824,132,0.0009540924080180815,0.5617021276595745
2980,0.5764210313819527,17,10,17,605517,93,107841,115,0.0008614620771425395,0.5528846153846154
2981,0.5767935573188283,4,4,4,605521,89,107845,111,0.0008244099447923228,0.555
2982,0.5768436882359099,5,7,5,605528,82,107850,106,0.0007595687131794435,0.5638297872340425
2983,0.5769345727849394,5,6,5,605534,76,107855,101,0.0007039905146541183,0.5706214689265536
2984,0.5770413748813934,6,6,6,605540,70,107861,95,0.0006484123161287932,0.5757575757575758
2985,0.5827981630739184,0,1,0,605541,69,107861,95,0.000639149283041239,0.5792682926829268
2986,0.5829896489347777,12,7,12,605548,62,107873,83,0.0005743080514283597,0.5724137931034483
2987,0.5831135576511621,11,7,11,605555,55,107884,72,0.0005094668198154803,0.5669291338582677
2988,0.5832593014979006,1,1,1,605556,54,107885,71,0.0005002037867279261,0.568
2989,0.583411265584443,15,4,15,605560,50,107900,56,0.00046315165437770943,0.5283018867924528
2990,0.5835060101865495,12,10,12,605570,40,107912,44,0.00037052132350216756,0.5238095238095238
2991,0.5835156547020509,2,1,2,605571,39,107914,42,0.00036125829041461335,0.5185185185185185
2992,0.5835342957862095,0,1,0,605572,38,107914,42,0.00035199525732705915,0.525
2993,0.5836028185930029,0,1,0,605573,37,107914,42,0.000342732224239505,0.5316455696202531
2994,0.5836754739648085,13,7,13,605580,30,107927,29,0.0002778909926266257,0.4915254237288136
2995,0.5872715314297018,0,1,0,605581,29,107927,29,0.0002686279595390715,0.5
2996,0.5898590836442895,3,4,3,605585,25,107930,26,0.00023157582718885472,0.5098039215686274
2997,0.5900511722564963,4,4,4,605589,21,107934,22,0.00019452369483863796,0.5116279069767442
2998,0.5905537908357146,4,2,4,605591,19,107938,18,0.00017599762866352957,0.4864864864864865
2999,0.5907191357842347,3,4,3,605595,15,107941,15,0.00013894549631331284,0.5
3000,0.5911313704826686,4,4,4,605599,11,107945,11,0.00010189336396309608,0.5
3001,0.5913465963262501,2,4,2,605603,7,107947,9,6.484123161287932e-05,0.5625
3002,0.5914320701649374,1,1,1,605604,6,107948,8,5.5578198525325135e-05,0.5714285714285714
3003,0.591455637525734,5,2,5,605606,4,107953,3,3.7052132350216754e-05,0.42857142857142855
3004,0.5915429803825308,3,4,3,605610,0,107956,0,0.0,
