p,Neg,Pos,mPrec,TN,FP,FN,TP,Prec,Rec,FP/P,$\hat{p}$
0.0,"7,395",411,0.05,"7,395","598,215",411,"107,545",0.15,1.00,5.54,0.99
0.1,"100,940","6,220",0.06,"108,335","497,275","6,631","101,325",0.17,0.94,4.61,0.84
0.2,"16,014","1,425",0.08,"124,349","481,261","8,056","99,900",0.17,0.93,4.46,0.81
0.3,"94,783","10,708",0.10,"219,132","386,478","18,764","89,192",0.19,0.83,3.58,0.67
0.4,"55,760","7,994",0.13,"274,892","330,718","26,758","81,198",0.20,0.75,3.06,0.58
0.5,"144,361","24,861",0.15,"419,253","186,357","51,619","56,337",0.23,0.52,1.73,0.34
0.6,"52,108","11,382",0.18,"471,361","134,249","63,001","44,955",0.25,0.42,1.24,0.25
0.7,"69,601","20,248",0.23,"540,962","64,648","83,249","24,707",0.28,0.23,0.60,0.13
0.8,"38,968","13,867",0.26,"579,930","25,680","97,116","10,840",0.30,0.10,0.24,0.05
0.9,"16,315","6,383",0.28,"596,245","9,365","103,499","4,457",0.32,0.04,0.09,0.02
1.0,"9,365","4,457",0.32,"605,610",0,"107,956",0,nan,0.00,0.00,0.00
