,y_proba,y_test,Neg,Pos,TN,FP,FN,TP,FP/P,Prec
0,0.4720823825433471,124,2029,124,2029,603581,124,107832,5.590990774019045,0.1515744019296808
1,0.4721555213206851,117,2078,117,4107,601503,241,107715,5.571742191263107,0.15187854792179556
2,0.4723191202939151,67,1115,67,5222,600388,308,107648,5.561413909370485,0.15203746702145088
3,0.472422030486242,247,3660,247,8882,596728,555,107401,5.5275112082700355,0.15253028919416756
4,0.472559023659465,131,2118,131,11000,594610,686,107270,5.507892104190597,0.15283239300165272
5,0.4726292059457349,179,3916,179,14916,590694,865,107091,5.471618066619734,0.15347277456523142
6,0.472640683107256,104,2075,104,16991,588619,969,106987,5.452397272963059,0.15380402124190992
7,0.4727940235064619,231,3718,231,20709,584901,1200,106756,5.417957315943532,0.15434818125168978
8,0.4728956629545002,225,3744,225,24453,581157,1425,106531,5.383276520063729,0.15491182047672783
9,0.4731378775228915,201,3715,201,28168,577442,1626,106330,5.348864352143466,0.15550505139139947
10,0.4731385484729085,49,1114,49,29282,576328,1675,106281,5.33854533328393,0.1556982108351926
11,0.4732931531387859,111,1920,111,31202,574408,1786,106170,5.320760309755826,0.15599975315099812
12,0.4733629228926245,69,1109,69,32311,573299,1855,106101,5.310487606061729,0.15616867824551076
13,0.4733746152734595,99,2011,99,34322,571288,1954,106002,5.291859646522657,0.15650902862880006
14,0.4733986240422863,442,7541,442,41863,563747,2396,105560,5.222007114009411,0.15771536828391156
15,0.4734050576384653,113,2006,113,43869,561741,2509,105447,5.203425469635778,0.15804690731847695
16,0.4735027085229745,87,1802,87,45671,559939,2596,105360,5.186733484012005,0.15836488556273196
17,0.4735298908893538,46,961,46,46632,558978,2642,105314,5.177831709214865,0.15853570417828305
18,0.4735455006604078,94,1840,94,48472,557138,2736,105220,5.160787728333766,0.15885669079259251
19,0.4736179027398687,116,2014,116,50486,555124,2852,105104,5.1421319796954315,0.1591934907335042
20,0.473736122349058,53,1151,53,51637,553973,2905,105051,5.131470228611657,0.1594039063827721
21,0.4737377083699714,234,3885,234,55522,550088,3139,104817,5.0954833450665085,0.1600491674364984
22,0.4738120098259646,267,3964,267,59486,546124,3406,104550,5.058764681907443,0.16067954152156072
23,0.4739711221960549,109,1946,109,61432,544178,3515,104441,5.040738819519063,0.16102056831514341
24,0.4740180181325441,77,1772,77,63204,542406,3592,104364,5.024324724887918,0.1613618442413841
25,0.4742729979797883,256,3883,256,67087,538523,3848,104108,4.988356367408945,0.16200276675105932
26,0.4743299570817779,117,2123,117,69210,536400,3965,103991,4.968690948164067,0.16238672935753312
27,0.4743486481183304,241,3881,241,73091,532519,4206,103750,4.932741116751269,0.1630599636317344
28,0.4745286793597639,56,1008,56,74099,531511,4262,103694,4.923403979399015,0.16324493667398715
29,0.4745853858688983,128,1871,128,75970,529640,4390,103566,4.906072844492201,0.16355814695375598
30,0.4746798072125676,48,1039,48,77009,528601,4438,103518,4.896448553114232,0.16376346858740207
31,0.4747402579179125,47,1013,47,78022,527588,4485,103471,4.88706510059654,0.16396406675128633
32,0.4747951885253207,128,1926,128,79948,525662,4613,103343,4.86922449886991,0.1642959912878276
33,0.4749148070595644,138,1828,138,81776,523834,4751,103205,4.852291674385861,0.16459103819698614
34,0.4749952377651567,122,1837,122,83613,521997,4873,103083,4.835275482604024,0.16491169130351316
35,0.4750993751783293,251,3827,251,87440,518170,5124,102832,4.7998258549779536,0.16559044898406125
36,0.4758883090651727,28,403,28,87843,517767,5152,102804,4.796092852643669,0.16566033540078412
37,0.4759686893913926,28,430,28,88273,517337,5180,102776,4.7921097484160216,0.16573753493314927
38,0.4761550352799027,73,1130,73,89403,516207,5253,102703,4.781642521027085,0.16594173627829573
39,0.4762041959077051,28,438,28,89841,515769,5281,102675,4.777585312534736,0.16602149911713915
40,0.4762056055938948,17,299,17,90140,515470,5298,102658,4.774815665641557,0.16607887039577562
41,0.4763914433935314,21,400,21,90540,515070,5319,102637,4.771110452406536,0.1661580652315742
42,0.4764393753573982,67,1141,67,91681,513929,5386,102570,4.760541331653637,0.16637496573392657
43,0.4765360539994455,57,948,57,92629,512981,5443,102513,4.751759976286635,0.16655402002294092
44,0.4766466156164474,66,1061,66,93690,511920,5509,102447,4.741931898180741,0.16675212047522084
45,0.4768720806884373,19,260,19,93950,511660,5528,102428,4.739523509577976,0.16679694115501362
46,0.4770250369788078,76,1132,76,95082,510528,5604,102352,4.729037756122865,0.1670016969064091
47,0.4771142061789437,18,247,18,95329,510281,5622,102334,4.726749786950239,0.16704455489989634
48,0.4771388069031673,57,606,57,95935,509675,5679,102277,4.721136388899181,0.16713238946845504
49,0.4771485655627036,37,523,37,96458,509152,5716,102240,4.71629182259439,0.1672249555113577
50,0.4771803648671094,37,507,37,96965,508645,5753,102203,4.711595464819,0.16731330871182357
51,0.4772619531813099,59,566,59,97531,508079,5812,102144,4.706352588091445,0.16738798767008126
52,0.4772792969293261,39,462,39,97993,507617,5851,102105,4.702073066804995,0.16746156445068408
53,0.4773060716460151,172,2275,172,100268,505342,6023,101933,4.680999666530809,0.16785311432217695
54,0.4773693784018597,44,609,44,100877,504733,6067,101889,4.675358479380488,0.1679612674779352
55,0.4773821140943912,26,260,26,101137,504473,6093,101863,4.672950090777724,0.16799761188515938
56,0.4773837450123968,92,1262,92,102399,503211,6185,101771,4.661260143021231,0.16822153386381744
57,0.4774172810696115,20,232,20,102631,502979,6205,101751,4.659111119344918,0.1682585616721512
58,0.4775460231440562,84,1268,84,103899,501711,6289,101667,4.6473655933899,0.16849636546244642
59,0.4776172935440844,55,617,55,104516,501094,6344,101612,4.641650301974878,0.16859297899805212
60,0.4777697851722097,29,540,29,105056,500554,6373,101583,4.636648264107599,0.1687041321161131
61,0.4780249573951257,98,1244,98,106300,499310,6471,101485,4.625125050946682,0.16891785051473465
62,0.4782367124545246,107,1257,107,107557,498053,6578,101378,4.613481418355627,0.16912371899351217
63,0.4782380804719656,34,517,34,108074,497536,6612,101344,4.608692430249361,0.169222548757681
64,0.4782632006727142,15,262,15,108336,497274,6627,101329,4.6062655155804215,0.1692757971476922
65,0.4783264837493897,19,261,19,108597,497013,6646,101310,4.60384786394457,0.16932325850752855
66,0.4784736286570267,37,623,37,109220,496390,6683,101273,4.598076994331024,0.16944833459658704
67,0.4784925479576219,18,282,18,109502,496108,6701,101255,4.595464819000333,0.16950330033832026
68,0.4785299268874442,46,624,46,110126,495484,6747,101209,4.589684686353699,0.16961653647688174
69,0.4785616631990829,55,649,55,110775,494835,6802,101154,4.583672977879877,0.16972460901124015
70,0.478747720180538,56,635,56,111410,494200,6858,101098,4.57779095186928,0.16982754855551338
71,0.4790080981185351,89,1248,89,112658,492952,6947,101009,4.566230686576012,0.17005998710353037
72,0.4803164375143426,41,421,41,113079,492531,6988,100968,4.562330949646152,0.170123285801661
73,0.4804741681889226,19,209,19,113288,492322,7007,100949,4.560394975730853,0.17015664005151104
74,0.4806083725958874,15,240,15,113528,492082,7022,100934,4.558171847789841,0.17020451387483643
75,0.48068084444821,18,225,18,113753,491857,7040,100916,4.5560876653451405,0.17024392136618907
76,0.4808613120695838,17,275,17,114028,491582,7057,100899,4.553540331246063,0.17029913195528634
77,0.4808762447883454,35,412,35,114440,491170,7092,100864,4.549723961613991,0.17036859369563234
78,0.4809649388002066,40,408,40,114848,490762,7132,100824,4.545944644114269,0.17042999665306482
79,0.4810983736211823,8,103,8,114951,490659,7140,100816,4.544990551706251,0.17044845513335305
80,0.4811374591426519,47,526,47,115477,490133,7187,100769,4.540118196302197,0.1705342002565569
81,0.4813008882360699,21,239,21,115716,489894,7208,100748,4.537904331394272,0.17057371470366145
82,0.4813316267207529,10,121,10,115837,489773,7218,100738,4.5367835043906775,0.17059462059131836
83,0.4813922269601999,29,418,29,116255,489355,7247,100709,4.53291155656008,0.17067470647251823
84,0.4814224005663844,91,1065,91,117320,488290,7338,100618,4.523046426321835,0.17085520998186474
85,0.4814586472088257,7,120,7,117440,488170,7345,100611,4.521934862351328,0.17088017446215145
86,0.4815994928038644,29,251,29,117691,487919,7374,100582,4.5196098410463525,0.1709121989597299
87,0.4816258599660334,27,269,27,117960,487650,7401,100555,4.5171180851458,0.17095230404365824
88,0.4816293077979358,19,256,19,118216,487394,7420,100536,4.514746748675386,0.17099994897351725
89,0.4817084285342806,49,575,49,118791,486819,7469,100487,4.509420504650042,0.17109820093784162
90,0.4818595937086727,8,109,8,118900,486710,7477,100479,4.5084108340435,0.17111866877615214
91,0.4818661738944887,24,288,24,119188,486422,7501,100455,4.505743080514284,0.1711687457508132
92,0.4819099921223168,50,562,50,119750,485860,7551,100405,4.500537255919078,0.17126214254645936
93,0.48198759846072,28,255,28,120005,485605,7579,100377,4.498175182481752,0.1712970705584813
94,0.4820737577282856,33,262,33,120267,485343,7612,100344,4.495748267812813,0.17132700572148604
95,0.4821437495613599,22,248,22,120515,485095,7634,100322,4.493451035607099,0.17136844334892906
96,0.4822555332715417,60,575,60,121090,484520,7694,100262,4.488124791581756,0.17145192567486686
97,0.4823108192798842,14,107,14,121197,484413,7708,100248,4.487133647041388,0.1714634634429182
98,0.482604815185501,45,565,45,121762,483848,7753,100203,4.481900033346919,0.1715654968487341
99,0.4826929874801796,45,325,45,122087,483523,7798,100158,4.478889547593464,0.1715971566660556
100,0.4827108525855855,14,106,14,122193,483417,7812,100144,4.477907666086184,0.17160845224406704
101,0.4828046092264961,11,116,11,122309,483301,7823,100133,4.476833154248027,0.1716269535200211
102,0.4828405228149117,30,242,30,122551,483059,7853,100103,4.474591500240839,0.17165556054749795
103,0.4828418960232368,39,306,39,122857,482753,7892,100064,4.471757012116047,0.1716902561181297
104,0.482850760168337,6,100,6,122957,482653,7898,100058,4.470830708807292,0.1717111913109586
105,0.4829787812870607,31,328,31,123285,482325,7929,100027,4.467792433954574,0.17176381295161688
106,0.4830888028834703,34,320,34,123605,482005,7963,99993,4.464828263366557,0.17180986876243562
107,0.483125555484645,72,567,72,124172,481438,8035,99921,4.459576123605913,0.17187486561659834
108,0.4840545805706568,21,177,21,124349,481261,8056,99900,4.457936566749416,0.17189728835899173
109,0.4842123965569025,3,29,3,124378,481232,8059,99897,4.457667938789878,0.17190159155712414
110,0.4843311385357037,8,26,8,124404,481206,8067,99889,4.457427099929601,0.17189788244607165
111,0.4843642878881765,4,40,4,124444,481166,8071,99885,4.457056578606099,0.17190401531018792
112,0.4846153746647073,14,168,14,124612,480998,8085,99871,4.45550038904739,0.1719337750852602
113,0.4846322939156023,11,152,11,124764,480846,8096,99860,4.454092408018082,0.17196309320034578
114,0.4847535301724784,6,39,6,124803,480807,8102,99854,4.453731149727667,0.1719660869250733
115,0.4849907137791984,2,27,2,124830,480780,8104,99852,4.453481047834303,0.17197123134791056
116,0.4850395391064506,14,106,14,124936,480674,8118,99838,4.452499166327022,0.17198266357973652
117,0.4850418779491693,127,1311,127,126247,479363,8245,99711,4.440355329949239,0.17219042816634833
118,0.4850499455980837,14,72,14,126319,479291,8259,99697,4.439688391566935,0.17219182435559977
119,0.4850878913085278,4,18,4,126337,479273,8263,99693,4.439521656971359,0.17219145856578796
120,0.48519737763668,4,15,4,126352,479258,8267,99689,4.439382711475045,0.17219020048467304
121,0.4852766226796906,15,37,15,126389,479221,8282,99674,4.439039979250806,0.17217975625977078
122,0.4852790992303105,78,731,78,127120,478490,8360,99596,4.432268702063804,0.17228578446805493
123,0.4852847309580115,7,192,7,127312,478298,8367,99589,4.430490199710993,0.17233299935800597
124,0.4853350384300996,48,442,48,127754,477856,8415,99541,4.426395939086294,0.17239611567084692
125,0.4853558927905795,10,119,10,127873,477737,8425,99531,4.425293638148876,0.17241731743315064
126,0.4853780430717438,393,3722,393,131595,474015,8818,99138,4.3908166289969985,0.17296952122731626
127,0.4853882082244826,114,1291,114,132886,472724,8932,99024,4.3788580532809664,0.17319518389220426
128,0.4854472651059753,38,258,38,133144,472466,8970,98986,4.376468190744378,0.17321839804568012
129,0.4855104384793879,3,30,3,133174,472436,8973,98983,4.376190299751751,0.1732231514877874
130,0.4855219297253018,11,123,11,133297,472313,8984,98972,4.375050946681982,0.1732445276875815
131,0.4855323812670392,126,1364,126,134661,470949,9110,98846,4.362416169550557,0.17347642573206154
132,0.4855608895596714,25,257,25,134918,470692,9135,98821,4.3600355700470566,0.1735184271474049
133,0.4856050924359687,7,37,7,134955,470655,9142,98814,4.359692837822816,0.17351954188902294
134,0.4856375152470395,114,1352,114,136307,469303,9256,98700,4.347169217088443,0.17376668785200078
135,0.4856552998437191,277,2509,277,138816,466794,9533,98423,4.32392826707177,0.17413312055369884
136,0.4857442053269486,11,41,11,138857,466753,9544,98412,4.32354848271518,0.17412967894331743
137,0.4857678765097965,311,2656,311,141513,464097,9855,98101,4.298945866834637,0.17449546245273018
138,0.4857947241965265,10,132,10,141645,463965,9865,98091,4.297723146467079,0.1745217558392758
139,0.4858930252179333,292,2617,292,144262,461348,10157,97799,4.27348178887695,0.17490749302061892
140,0.4859666023866056,7,33,7,144295,461315,10164,97792,4.27317610878506,0.17490748640242387
141,0.4860122613239789,25,244,25,144539,461071,10189,97767,4.270915928711697,0.1749469434791478
142,0.486099621814597,293,2484,293,147023,458587,10482,97474,4.2479065545222126,0.1752937177755678
143,0.4861490752770582,755,6985,755,154008,451602,11237,96719,4.183204268405647,0.17639120150422835
144,0.4862037859933256,4,19,4,154027,451583,11241,96715,4.183028270776983,0.17639130545798087
145,0.4862551732376673,202,2361,202,156388,449222,11443,96513,4.161158249657268,0.17684956984617076
146,0.4863368430957382,159,1358,159,157746,447864,11602,96354,4.148579050724369,0.17705037319603542
147,0.4863612284426789,69,734,69,158480,447130,11671,96285,4.141779984438104,0.1771850243368328
148,0.4863734038993141,67,743,67,159223,446387,11738,96218,4.134897550854052,0.17732604749311193
149,0.4864323123320645,13,144,13,159367,446243,11751,96205,4.1335636740894435,0.1773534053033655
150,0.4864559226233749,3,20,3,159387,446223,11754,96202,4.1333784134276925,0.17735539475503526
151,0.4864678087472999,5,22,5,159409,446201,11759,96197,4.133174626699766,0.1773550049963311
152,0.4864780259978667,231,2267,231,161676,443934,11990,95966,4.112175330690281,0.17774773106130765
153,0.4864923945188084,133,1186,133,162862,442748,12123,95833,4.101189373448442,0.17793609503491584
154,0.4864979163997696,18,228,18,163090,442520,12141,95815,4.09907740190448,0.17798396908987899
155,0.4865901612338673,3,23,3,163113,442497,12144,95812,4.098864352143466,0.17798699260090395
156,0.4866167384135728,155,1330,155,164443,441167,12299,95657,4.086544518137019,0.17819061740905773
157,0.4866404955185506,170,1354,170,165797,439813,12469,95487,4.07400237133647,0.17838034746870912
158,0.4867118731339372,76,774,76,166571,439039,12545,95411,4.066832783726704,0.17852184488726727
159,0.486713521240624,498,4316,498,170887,434723,13043,94913,4.0268535329208195,0.17920420817316043
160,0.4867351151670599,20,156,20,171043,434567,13063,94893,4.025408499759161,0.1792260038529823
161,0.4867358601989561,17,156,17,171199,434411,13080,94876,4.023963466597503,0.1792524660533888
162,0.4867402390914906,16,158,16,171357,434253,13096,94860,4.022499907369669,0.17928117434272073
163,0.4867538739009908,4,48,4,171405,434205,13100,94856,4.0220552817814665,0.1792912348481555
164,0.4867812163263393,219,2339,219,173744,431866,13319,94637,4.000389047389677,0.17974636421824758
165,0.4869473683766946,175,1362,175,175106,430504,13494,94462,3.9877727963244283,0.17993927225763193
166,0.4870176786474688,239,2400,239,177506,428104,13733,94223,3.9655415169142985,0.18039082796792047
167,0.4870390374502311,19,272,19,177778,427832,13752,94204,3.9630219719144835,0.18045498777862062
168,0.4870483079455758,505,4389,505,182167,423443,14257,93699,3.9223665196932083,0.18118621191084847
169,0.4870821778069077,181,2003,181,184170,421440,14438,93518,3.903812664418837,0.18160315986934858
170,0.4872731886183626,470,4503,470,188673,416937,14908,93048,3.862101226425581,0.1824524250713256
171,0.4873129171030949,492,4383,492,193056,412554,15400,92556,3.821501352402831,0.18323929441111836
172,0.4873947848220914,28,194,28,193250,412360,15428,92528,3.8197043239838453,0.1832644071556464
173,0.4874537223876151,25,198,25,193448,412162,15453,92503,3.8178702434325094,0.18329584972209287
174,0.4875501383842361,279,2139,279,195587,410023,15732,92224,3.798056615658231,0.18362279914066187
175,0.4876575178647647,106,1180,106,196767,408843,15838,92118,3.787126236614917,0.1838825776856881
176,0.4877413918431083,118,1170,118,197937,407673,15956,92000,3.776288487902479,0.18412041475124732
177,0.4877664750074498,136,1104,136,199041,406569,16092,91864,3.7660620993738188,0.18430561379362922
178,0.4878532100122222,433,3480,433,202521,403089,16525,91431,3.7338267442291304,0.1848883766076195
179,0.4878930131075221,252,2026,252,204547,401063,16777,91179,3.7150598391937457,0.1852320606530934
180,0.4879599750013876,34,197,34,204744,400866,16811,91145,3.7132350216754975,0.18524992327407314
181,0.4879609053757904,19,194,19,204938,400672,16830,91126,3.711437993256512,0.18529152212900418
182,0.4879969018140021,266,2073,266,207011,398599,17096,90860,3.692235725666012,0.18563352599502717
183,0.4880335666266863,286,2191,286,209202,396408,17382,90574,3.6719404201711807,0.18599044728552597
184,0.4881775203453132,14,121,14,209323,396287,17396,90560,3.670819593167587,0.18601326494771458
185,0.4881972377642828,21,120,21,209443,396167,17417,90539,3.6697080291970803,0.18602400627894458
186,0.4883800925169725,7,133,7,209576,396034,17424,90532,3.6684760457964356,0.18606314456826
187,0.4884935604136503,63,416,63,209992,395618,17487,90469,3.664622624032013,0.18611688854052874
188,0.4887880049475865,31,196,31,210188,395422,17518,90438,3.662807069546852,0.18614004034083892
189,0.4888341048416953,39,207,39,210395,395215,17557,90399,3.660889621697729,0.18615402356604216
190,0.4889067618837443,33,225,33,210620,394990,17590,90366,3.658805439253029,0.1861849858660447
191,0.4889360630312365,36,315,36,210935,394675,17626,90330,3.6558875838304496,0.18624550262368428
192,0.4891286670585496,37,347,37,211282,394328,17663,90293,3.652673311349068,0.18631672998074783
193,0.4891406343325822,20,97,20,211379,394231,17683,90273,3.6517747971395753,0.18632044317487576
194,0.4891733670072947,32,155,32,211534,394076,17715,90241,3.6503390270110043,0.18632631107311948
195,0.4891734880035218,43,229,43,211763,393847,17758,90198,3.6482177924339547,0.18634217892964497
196,0.4891848083553238,33,334,33,212097,393513,17791,90165,3.6451239393827115,0.1864153424385645
197,0.4892925044071982,127,886,127,212983,392627,17918,90038,3.6369168920671386,0.18654346182134607
198,0.4893957016136072,47,335,47,213318,392292,17965,89991,3.6338137759828077,0.186593763412768
199,0.4893958628384569,87,782,87,214100,391510,18052,89904,3.6265700841083404,0.18674986601968369
200,0.489410750766417,29,140,29,214240,391370,18081,89875,3.625273259476083,0.18675518706687863
201,0.4894203901557253,104,793,104,215033,390577,18185,89771,3.6179276742376523,0.1868874232847852
202,0.4895579027993936,25,119,25,215152,390458,18210,89746,3.6168253733002333,0.1868914044864266
203,0.4896513060352491,100,794,100,215946,389664,18310,89646,3.6094705250287156,0.18703135757651623
204,0.4897733818771074,23,131,23,216077,389533,18333,89623,3.608257067694246,0.18704346809807246
205,0.4899942200068204,98,735,98,216812,388798,18431,89525,3.6014487383748937,0.18716432201671257
206,0.4900638283646221,283,2120,283,218932,386678,18714,89242,3.5818111082292785,0.18751470835434528
207,0.490086490840536,21,131,21,219063,386547,18735,89221,3.580597650894809,0.1875304770392292
208,0.4901141957075879,22,168,22,219231,386379,18757,89199,3.5790414613360997,0.18755913856402104
209,0.4901196516221674,27,181,27,219412,386198,18784,89172,3.5773648523472525,0.18758440793487177
210,0.4901307785945364,76,518,76,219930,385680,18860,89096,3.5725666012078996,0.1876590223600182
211,0.4901497861352745,76,539,76,220469,385141,18936,89020,3.567573826373708,0.18774213821887503
212,0.4901980613406153,45,236,45,220705,384905,18981,88975,3.565387750565045,0.18775850426268254
213,0.4902315239828786,65,492,65,221197,384413,19046,88910,3.5608303382859683,0.1878421289478855
214,0.4903646798799008,19,156,19,221353,384257,19065,88891,3.55938530512431,0.18787144825720492
215,0.4903663603949379,158,1261,158,222614,382996,19223,88733,3.547704620400904,0.18810164310440952
216,0.4903752560438093,67,428,67,223042,382568,19290,88666,3.5437400422394307,0.1881570514860982
217,0.4903813914874951,78,415,78,223457,382153,19368,88588,3.539895883508096,0.18818840933761877
218,0.4903870901113328,50,310,50,223767,381843,19418,88538,3.537024343250954,0.18822614008644056
219,0.4905221442047221,81,551,81,224318,381292,19499,88457,3.5319204120197116,0.18830694690143035
220,0.4906002616803023,68,421,68,224739,380871,19567,88389,3.5280206750898513,0.18835826620636748
221,0.490776335947507,81,558,81,225297,380313,19648,88308,3.522851902626996,0.18844225930976205
222,0.4907893399846294,149,1224,149,226521,379089,19797,88159,3.51151395012783,0.1886771050919426
223,0.4909972346741599,59,421,59,226942,378668,19856,88100,3.5076142131979697,0.18874472971583314
224,0.4910319403691489,132,1177,132,228119,377491,19988,87968,3.496711623253918,0.1889919412880619
225,0.4911359473481272,19,137,19,228256,377354,20007,87949,3.495442587720923,0.1890144701409619
226,0.4912079431108586,151,1209,151,229465,376145,20158,87798,3.4842435807180703,0.1892430751191418
227,0.4912125370147402,15,168,15,229633,375977,20173,87783,3.482687391159361,0.1892854062446093
228,0.4913106501191134,40,273,40,229906,375704,20213,87743,3.480158583126459,0.1893269349030202
229,0.4914452470869167,75,645,75,230551,375059,20288,87668,3.4741839267849866,0.18945944368925954
230,0.4915002859560672,40,268,40,230819,374791,20328,87628,3.471701433917522,0.18949913390236992
231,0.4915077162559944,54,281,54,231100,374510,20382,87574,3.469098521619919,0.18951965443512436
232,0.4915462319195149,88,613,88,231713,373897,20470,87486,3.4634202823372484,0.18961686928213653
233,0.4916141416177032,30,152,30,231865,373745,20500,87456,3.4620123013079405,0.18962664868462992
234,0.4917558903777091,73,541,73,232406,373204,20573,87383,3.4570010004075735,0.18972094305744625
235,0.4917685586315839,150,1048,150,233454,372156,20723,87233,3.447293341731817,0.18988917888760942
236,0.4917749120359017,77,606,77,234060,371550,20800,87156,3.441679943680759,0.1900040548848282
237,0.4918552064112731,17,136,17,234196,371414,20817,87139,3.4404201711808513,0.19003037816784538
238,0.4919365456545937,13,97,13,234293,371317,20830,87126,3.4395216569713587,0.19004761769729278
239,0.4920925386613715,13,86,13,234379,371231,20843,87113,3.4387250361258292,0.19006030405110572
240,0.4921215495447176,12,83,12,234462,371148,20855,87101,3.437956204379562,0.19007351898203814
241,0.492409094030373,58,331,58,234793,370817,20913,87043,3.434890140427582,0.19010833005722272
242,0.4925295741377299,49,165,49,234958,370652,20962,86994,3.4333617399681353,0.19009015702092885
243,0.4925602607546221,42,217,42,235175,370435,21004,86952,3.431351661788136,0.19010597152957998
244,0.4925933239906434,37,180,37,235355,370255,21041,86915,3.429684315832376,0.19011527440558218
245,0.492794178564001,6,79,6,235434,370176,21047,86909,3.428952536218459,0.19013750177756872
246,0.4930690819803219,36,183,36,235617,369993,21083,86873,3.427257401163437,0.19014984700109003
247,0.4933064142304203,21,102,21,235719,369891,21104,86852,3.4263125717885066,0.1901550762682734
248,0.4933173326304969,24,115,24,235834,369776,21128,86828,3.4252473229834375,0.1901604015733546
249,0.4935152259720846,24,116,24,235950,369660,21152,86804,3.4241728111452816,0.19016614672789092
250,0.4935639753780239,71,310,71,236260,369350,21223,86733,3.4213012708881396,0.1901693332134721
251,0.4936192098729801,27,231,27,236491,369119,21250,86706,3.4191615102449147,0.19021773707014752
252,0.4936684500308771,37,222,37,236713,368897,21287,86669,3.4171051168994775,0.19024466268334336
253,0.4937219102587011,30,245,30,236958,368652,21317,86639,3.4148356737930268,0.19029368030556282
254,0.4937402977009199,23,94,23,237052,368558,21340,86616,3.4139649486827968,0.1902920641337159
255,0.4938362954743679,30,228,30,237280,368330,21370,86586,3.4118529771388344,0.19033403969084403
256,0.4938874219398956,53,336,53,237616,367994,21423,86533,3.4087405980214163,0.1903803294413753
257,0.493900846996355,80,474,80,238090,367520,21503,86453,3.4043499203379155,0.1904364356470539
258,0.4939529319818168,44,371,44,238461,367149,21547,86409,3.400913335062433,0.19051367190083737
259,0.4940736520104158,14,105,14,238566,367044,21561,86395,3.39994071658824,0.1905327949294172
260,0.4941140710352961,37,185,37,238751,366859,21598,86358,3.398227055467042,0.19054448531277512
261,0.4941861504237187,136,826,136,239577,366033,21734,86222,3.3905757901367224,0.19064908071773667
262,0.4943433285133948,9,90,9,239667,365943,21743,86213,3.3897421171588427,0.19067091888640203
263,0.4943679325074561,70,353,70,240020,365590,21813,86143,3.3864722664789357,0.1906945031689073
264,0.4945497347163742,37,209,37,240229,365381,21850,86106,3.384536292563637,0.1907164547373457
265,0.4946052945453193,39,207,39,240436,365174,21889,86067,3.3826188447145134,0.19073399801879706
266,0.4946115392473678,39,212,39,240648,364962,21928,86028,3.3806550816999517,0.1907536752477882
267,0.4946146623830952,38,225,38,240873,364737,21966,85990,3.3785708992552523,0.19078067211416222
268,0.4947076769553116,19,94,19,240967,364643,21985,85971,3.377700174145022,0.19078634929229896
269,0.4948486180686656,21,107,21,241074,364536,22006,85950,3.376709029604654,0.1907939425420546
270,0.4948991557529755,81,573,81,241647,363963,22087,85869,3.371401311645485,0.19089126607266713
271,0.4949578175495651,88,528,88,242175,363435,22175,85781,3.3665104301752566,0.19095713420715202
272,0.4950001690492915,34,215,34,242390,363220,22209,85747,3.3645188780614323,0.19098731087140033
273,0.4950233588878824,148,1290,148,243680,361930,22357,85599,3.3525695653784875,0.19127028639484817
274,0.4950503078084389,34,214,34,243894,361716,22391,85565,3.350587276297751,0.19130032351027654
275,0.495115755961897,37,224,37,244118,361492,22428,85528,3.348512356886139,0.19132924701355644
276,0.4951331166854819,29,202,29,244320,361290,22457,85499,3.346641224202453,0.19136326095763326
277,0.495187506268828,150,1232,150,245552,360058,22607,85349,3.335229167438586,0.19162024844692607
278,0.4952683998953106,88,532,88,246084,359526,22695,85261,3.3303012338360074,0.1916895053137794
279,0.4952876643444868,14,82,14,246166,359444,22709,85247,3.329541665122828,0.19169940475521205
280,0.4952906460530196,317,2195,317,248361,357249,23026,84930,3.3092093074956463,0.19207153664013896
281,0.4954248833588203,85,710,85,249071,356539,23111,84845,3.302632554003483,0.19222491073532344
282,0.4955010389771788,490,3594,490,252665,352945,23601,84355,3.2693412130868134,0.19289961125085753
283,0.4955819875642582,86,535,86,253200,352410,23687,84269,3.2643854903849716,0.19297699225289056
284,0.4956045835227924,155,1271,155,254471,351139,23842,84114,3.2526121753306905,0.19325311945006698
285,0.4956059548502218,25,207,25,254678,350932,23867,84089,3.2506947274815667,0.1932987143149411
286,0.4957164219393195,128,1309,128,255987,349623,23995,83961,3.238569417169958,0.19364413816007972
287,0.4957242876897063,13,89,13,256076,349534,24008,83948,3.2377450072251657,0.19365971366746484
288,0.4957948304208837,17,84,17,256160,349450,24025,83931,3.236966912445811,0.19366561985873862
289,0.4958193496021214,45,270,45,256430,349180,24070,83886,3.2344658935121715,0.193702576512587
290,0.4958602803172097,300,2187,300,258617,346993,24370,83586,3.2142076401496906,0.1941246554058605
291,0.4958912846205621,82,486,82,259103,346507,24452,83504,3.2097058060691395,0.1941903811762955
292,0.4959435962253787,55,279,55,259382,346228,24507,83449,3.2071214198377116,0.19421332768568017
293,0.4959520856778716,313,2236,313,261618,343992,24820,83136,3.1864092778539406,0.19463954599089733
294,0.4959925172027828,52,286,52,261904,343706,24872,83084,3.1837600503909,0.19467185266758827
295,0.4960091269650498,108,734,108,262638,342972,24980,82976,3.1769609841046353,0.1948031215077897
296,0.4960793404566406,46,301,46,262939,342671,25026,82930,3.1741728111452816,0.19485386547494013
297,0.4961015410200252,13,79,13,263018,342592,25039,82917,3.1734410315313646,0.1948654435041327
298,0.4962460257917713,334,2229,334,265247,340363,25373,82583,3.1527937307792064,0.1952566048620864
299,0.4962726321189949,1023,6863,1023,272110,333500,26396,81560,3.089221534699322,0.1965017105960584
300,0.4962764141301869,227,1232,227,273342,332268,26623,81333,3.077809477935455,0.19664604292542812
301,0.4963287461966586,118,723,118,274065,331545,26741,81215,3.0711123050131537,0.1967608295377459
302,0.4964016328694152,303,2279,303,276344,329266,27044,80912,3.0500018526066177,0.19726070145156493
303,0.4964172546836987,294,2349,294,278693,326917,27338,80618,3.0282429878839525,0.19781859226814874
304,0.4964834028817635,193,1202,193,279895,325715,27531,80425,3.0171088221127125,0.19802284926380065
305,0.4965844429910759,208,1173,208,281068,324542,27739,80217,3.0062432843010116,0.1981845987365321
306,0.4966390099594074,167,1237,167,282305,323305,27906,80050,2.994784912371707,0.19846041328358394
307,0.4966627183119541,302,2293,302,284598,321012,28208,79748,2.9735447775019455,0.19899191536081445
308,0.4966845418488358,702,4530,702,289128,316482,28910,79046,2.9315832376153246,0.1998493153455634
309,0.4968966713225298,92,699,92,289827,315783,29002,78954,2.9251083774871245,0.200016719993312
310,0.4968983820505062,718,4634,718,294461,311149,29720,78236,2.882183482159398,0.2009219666910641
311,0.4969856550730343,302,2302,302,296763,308847,30022,77934,2.8608599799918486,0.2014938686233295
312,0.4971323350610819,200,1215,200,297978,307632,30222,77734,2.84960539479047,0.20171473352605057
313,0.4972062840352106,248,1955,248,299933,305677,30470,77486,2.831496165104302,0.20222725054350238
314,0.4972413518674516,697,4593,697,304526,301084,31167,76789,2.7889510541331655,0.20321377817414846
315,0.4973065501957164,25,170,25,304696,300914,31192,76764,2.787376338508281,0.20325250610308251
316,0.4973229146855293,9,40,9,304736,300874,31201,76755,2.787005817184779,0.20325504661983057
317,0.4973794324360467,12,34,12,304770,300840,31213,76743,2.786690874059802,0.20324802758598773
318,0.4974030601131063,158,1236,158,306006,299604,31371,76585,2.7752417651635852,0.20358117860968822
319,0.4974601523923584,726,4630,726,310636,294974,32097,75859,2.732353921968209,0.20456377938317247
320,0.4974645026701439,10,35,10,310671,294939,32107,75849,2.7320297158101448,0.20456163629890936
321,0.4976074336118654,25,168,25,310839,294771,32132,75824,2.7304735262514357,0.2046007096695854
322,0.4976476783441154,14,131,14,310970,294640,32146,75810,2.7292600689169664,0.20464300175462274
323,0.4976703472782435,355,2362,355,313332,292278,32501,75455,2.707380784764163,0.20518963487095257
324,0.4976975294823506,345,2341,345,315673,289937,32846,75110,2.685696024306199,0.20575432752494885
325,0.4977098177469004,134,1245,134,316918,288692,32980,74976,2.674163548112194,0.20616606355247094
326,0.4977328310022749,12,41,12,316959,288651,32992,74964,2.6737837637556043,0.20616311208283486
327,0.4978175454846404,22,76,22,317035,288575,33014,74942,2.67307977324095,0.20615817141976853
328,0.4978429676951644,169,1297,169,318332,287278,33183,74773,2.661065619326392,0.20652615239289493
329,0.4979655145413176,345,2323,345,320655,284955,33528,74428,2.639547593464004,0.2070993897874969
330,0.4979702135103328,2,17,2,320672,284938,33530,74426,2.6393901219015152,0.20710477398960386
331,0.4979778771770268,557,3489,557,324161,281449,34087,73869,2.6070713994590387,0.20789546265598702
332,0.4980786314337165,342,2290,342,326451,279159,34429,73527,2.58585905368854,0.20847722903659346
333,0.4981028869280482,68,408,68,326859,278751,34497,73459,2.5820797361888177,0.20856591238181765
334,0.4981036131947264,5,17,5,326876,278734,34502,73454,2.5819222646263293,0.2085647438299999
335,0.4982645420472517,21,149,21,327025,278585,34523,73433,2.5805420726962836,0.20860580993017402
336,0.4982692350983088,8,34,8,327059,278551,34531,73425,2.580227129571307,0.20860797327090483
337,0.4982924043813818,12,83,12,327142,278468,34543,73413,2.57945829782504,0.20863019032002297
338,0.4983718593401833,8,116,8,327258,278352,34551,73405,2.5783837859868837,0.20868099284449207
339,0.4984503584348776,1,16,1,327274,278336,34552,73404,2.5782355774574826,0.2086882356285893
340,0.4985019259148132,26,94,26,327368,278242,34578,73378,2.5773648523472525,0.20868551276946704
341,0.4985031920266711,2,16,2,327384,278226,34580,73376,2.577216643817852,0.20869050801758807
342,0.4985537583591876,49,264,49,327648,277962,34629,73327,2.5747712030827374,0.2087369658600184
343,0.4987005444322383,48,254,48,327902,277708,34677,73279,2.5724183926784985,0.20877981235772264
344,0.4987605455190799,8,36,8,327938,277672,34685,73271,2.572084923487347,0.20878319271220683
345,0.4987660761038824,48,285,48,328223,277387,34733,73223,2.569444959057394,0.20884458515159293
346,0.4987877156573473,18,84,18,328307,277303,34751,73205,2.5686668642780393,0.2088540061853082
347,0.498858497081912,12,62,12,328369,277241,34763,73193,2.568092556226611,0.2088638659490803
348,0.4989469911605663,12,49,12,328418,277192,34775,73181,2.567638667605321,0.20886597996991776
349,0.4990287975049763,42,257,42,328675,276935,34817,73139,2.5652580681018193,0.20892439884138783
350,0.4990333807199983,113,694,113,329369,276241,34930,73026,2.5588295231390568,0.209083595071965
351,0.4990842065222066,45,346,45,329715,275895,34975,72981,2.5556245136907627,0.20918893819007325
352,0.4991843736686243,4,9,4,329724,275886,34979,72977,2.555541146392975,0.2091852675692177
353,0.4993215902993663,28,162,28,329886,275724,35007,72949,2.554040535032791,0.20921895300180973
354,0.4993650179947021,47,300,47,330186,275424,35054,72902,2.551261625106525,0.2092924444342369
355,0.4993711004868311,52,281,52,330467,275143,35106,72850,2.548658712808922,0.20934329138804517
356,0.4994179111286165,144,869,144,331336,274274,35250,72706,2.5406091370558377,0.20953945472361518
357,0.4994495124394505,5,13,5,331349,274261,35255,72701,2.540488717625699,0.2095359145958347
358,0.4994787154641376,35,287,35,331636,273974,35290,72666,2.537830227129571,0.20962958689129932
359,0.4994847262777597,4,16,4,331652,273958,35294,72662,2.5376820186001705,0.20963014251918527
360,0.4995228358650715,9,42,9,331694,273916,35303,72653,2.5372929712104932,0.20963502217451646
361,0.4995973258177004,248,1477,248,333171,272439,35551,72405,2.5236114713401756,0.20996450568952918
362,0.499606777599751,120,670,120,333841,271769,35671,72285,2.5174052391715143,0.2100978334796282
363,0.4996207308937973,124,716,124,334557,271053,35795,72161,2.5107729074808254,0.2102507473471362
364,0.4996863983233516,38,147,38,334704,270906,35833,72123,2.509411241616955,0.21025336050304785
365,0.499716099331699,27,139,27,334843,270767,35860,72096,2.508123680017785,0.2102764077780338
366,0.4997340404046695,33,135,33,334978,270632,35893,72063,2.506873170550965,0.2102831964283109
367,0.4997519127740723,37,154,37,335132,270478,35930,72026,2.5054466634554817,0.21029243454091048
368,0.4997529785010443,24,152,24,335284,270326,35954,72002,2.504038682426174,0.21033044331752004
369,0.499808183043484,45,247,45,335531,270079,35999,71957,2.5017507132535477,0.21037843969640624
370,0.4998347088218242,197,874,197,336405,269205,36196,71760,2.4936548223350252,0.21046148431657208
371,0.4998443515759682,4,17,4,336422,269188,36200,71756,2.493497350772537,0.21046271528462152
372,0.4999550817473669,241,1581,241,338003,267607,36441,71515,2.4788524954611137,0.21088280913653493
373,0.4999559734098885,580,3470,580,341473,264137,37021,70935,2.446709770647301,0.21170076878999142
374,0.5000159991137811,239,1590,239,343063,262547,37260,70696,2.4319815480380895,0.21214549142817704
375,0.5000192173901882,77,384,77,343447,262163,37337,70619,2.428424543332469,0.21220799201879909
376,0.5000891998564809,43,170,43,343617,261993,37380,70576,2.4268498277075845,0.21221460809636497
377,0.5001427919608916,114,674,114,344291,261319,37494,70462,2.420606543406573,0.21237503051711823
378,0.5001600707364002,115,571,115,344862,260748,37609,70347,2.4153173515135795,0.21246772074480133
379,0.5001864219872303,244,1464,244,346326,259284,37853,70103,2.4017562710734004,0.21282867872745434
380,0.5001895518822601,360,2050,360,348376,257234,38213,69743,2.382767053243914,0.21329634806117861
381,0.500210794214335,580,2986,580,351362,254248,38793,69163,2.3551076364444774,0.2138548163173176
382,0.5002833035114953,569,2851,569,354213,251397,39362,68594,2.3286987291118604,0.21436227893909515
383,0.5002983877927469,98,535,98,354748,250862,39460,68496,2.323743006410019,0.21448030110409008
384,0.5003174364751299,98,556,98,355304,250306,39558,68398,2.3185927600133387,0.2146129323761233
385,0.5003449127555761,85,375,85,355679,249931,39643,68313,2.315119122605506,0.2146560500747854
386,0.5003801757380513,81,389,81,356068,249542,39724,68232,2.3115158027344473,0.21471863651525927
387,0.5004220987887845,519,2934,519,359002,246608,40243,67713,2.2843380636555635,0.2154262680508143
388,0.5004273753525161,236,1423,236,360425,245185,40479,67477,2.271156767571974,0.2158145217519238
389,0.5004712946581175,37,185,37,360610,245000,40516,67440,2.269443106450776,0.21584944309307388
390,0.5005357715699067,66,344,66,360954,244656,40582,67374,2.2662566230686574,0.2159215460051918
391,0.5005513851887746,29,171,29,361125,244485,40611,67345,2.2646726444106857,0.21596703331943687
392,0.5005531135880499,248,1457,248,362582,243028,40859,67097,2.2511764052021195,0.2163546956872229
393,0.5006494892107491,40,171,40,362753,242857,40899,67057,2.249592426544148,0.2163729292642475
394,0.5006559103624594,541,2928,541,365681,239929,41440,66516,2.222470265663789,0.21705689438561568
395,0.500679259603534,180,944,180,366625,238985,41620,66336,2.213725962429138,0.2172664179666646
396,0.5007276138959833,1275,6635,1275,373260,232350,42895,65061,2.1522657378932157,0.21875788050879086
397,0.5007461490635092,79,542,79,373802,231808,42974,64982,2.1472451739597616,0.21894942551972776
398,0.5007870623016945,85,410,85,374212,231398,43059,64897,2.1434473303938644,0.21902833324895796
399,0.5008115028489738,340,1967,340,376179,229431,43399,64557,2.1252269443106453,0.2195905955345116
400,0.5008932933665832,313,1623,313,377802,227808,43712,64244,2.1101930416095445,0.219974525084574
401,0.5009349720705021,337,1578,337,379380,226230,44049,63907,2.095575975397384,0.2202649093359344
402,0.5009416848827872,47,182,47,379562,226048,44096,63860,2.093890103375449,0.22027677746043572
403,0.5009554691880863,49,195,49,379757,225853,44145,63811,2.0920838119233762,0.22029316725585507
404,0.5010018522799148,186,862,186,380619,224991,44331,63625,2.0840990774019046,0.2204486237769216
405,0.5010018619626043,245,1453,245,382072,223538,44576,63380,2.070639890325688,0.22089935103409336
406,0.5010488858530976,207,1008,207,383080,222530,44783,63173,2.061302752973434,0.22111423401224348
407,0.5011232101639471,86,480,86,383560,222050,44869,63087,2.056856497091408,0.22125153873401207
408,0.5011327535537465,371,1991,371,385551,220059,45240,62716,2.038413798214087,0.22178764035010168
409,0.5011459251336294,46,332,46,385883,219727,45286,62670,2.0353384712290192,0.22192162098039286
410,0.5011790670746279,38,102,38,385985,219625,45324,62632,2.0343936418540887,0.22189706544036109
411,0.5011954713070594,20,95,20,386080,219530,45344,62612,2.033513653710771,0.2219166235441728
412,0.5012635556044693,108,474,108,386554,219056,45452,62504,2.02912297602727,0.22199176019320926
413,0.5012691566776288,329,1595,329,388149,217461,45781,62175,2.0143484382526213,0.222342616830451
414,0.5013362083258369,325,2021,325,390170,215440,46106,61850,1.9956278483826744,0.2230516787478813
415,0.501356973231432,231,1467,231,391637,213973,46337,61619,1.9820389788432324,0.2235877674243084
416,0.5013666960500324,153,890,153,392527,213083,46490,61466,1.9737948793953093,0.22387989029280747
417,0.5013684303553008,695,3730,695,396257,209353,47185,60771,1.939243765978732,0.2249744561756823
418,0.5014100072338393,334,1973,334,398230,207380,47519,60437,1.9209678016969876,0.22566528637091746
419,0.5014132297497452,124,698,124,398928,206682,47643,60313,1.914502204601875,0.22589561602277197
420,0.5014703309252881,56,311,56,399239,206371,47699,60257,1.9116214013116455,0.22599651949532681
421,0.5014977211770735,61,313,61,399552,206058,47760,60196,1.9087220719552411,0.22608486633064667
422,0.501591920792805,736,3720,736,403272,202338,48496,59460,1.8742635888695394,0.22712167396236793
423,0.5015943570085917,127,704,127,403976,201634,48623,59333,1.8677424135759013,0.22735824836090388
424,0.5016023728515865,356,1585,356,405561,200049,48979,58977,1.853060506132128,0.22768756804336243
425,0.5016353326955717,22,110,22,405671,199939,49001,58955,1.852041572492497,0.2277186802320641
426,0.5016612623612281,364,1890,364,407561,198049,49365,58591,1.8345344399570196,0.22830034289276807
427,0.5016773116315534,708,3647,708,411208,194402,50073,57883,1.8007521582867094,0.2294349644251541
428,0.5017260438243832,120,663,120,411871,193739,50193,57763,1.794610767349661,0.22967212984389787
429,0.5017333982899934,130,699,130,412570,193040,50323,57633,1.7881359072214607,0.22991307400477914
430,0.5018524164858881,75,261,75,412831,192779,50398,57558,1.785718255585609,0.2299220650563041
431,0.5018700873937326,710,3701,710,416532,189078,51108,56848,1.751435770128571,0.23115896651838358
432,0.5018948509175907,202,1036,202,417568,188042,51310,56646,1.7418392678498649,0.23150297521741972
433,0.5019017942054164,52,272,52,417840,187770,51362,56594,1.73931972285005,0.23159712559951548
434,0.5020434914570864,65,298,65,418138,187472,51427,56529,1.736559338989959,0.23167528001934418
435,0.502060386182004,159,1030,159,419168,186442,51586,56370,1.727018414909778,0.2321549182083258
436,0.5021074703978564,402,1783,402,420951,184659,51988,55968,1.710502426914669,0.23259235247914822
437,0.5021357318256369,24,90,24,421041,184569,52012,55944,1.709668753936789,0.23260281149043918
438,0.5021558580217064,61,267,61,421308,184302,52073,55883,1.7071955241024122,0.23266648625018216
439,0.5023130276165485,189,983,189,422291,183319,52262,55694,1.6980899625773462,0.23301661415906247
440,0.5023160986489721,395,1836,395,424127,181483,52657,55299,1.681083033828597,0.23354393492748604
441,0.502393240213547,40,136,40,424263,181347,52697,55259,1.6798232613286894,0.23354859978191592
442,0.5023958462750915,208,1053,208,425316,180294,52905,55051,1.670069287487495,0.2339161656291827
443,0.5024329028473228,712,3515,712,428831,176779,53617,54339,1.637509726184742,0.23511366488114296
444,0.5025487044181027,359,1868,359,430699,174911,53976,53980,1.6202063803771907,0.23583277629963606
445,0.50257659313483,37,136,37,430835,174775,54013,53943,1.6189466078772834,0.23584938658085502
446,0.5026631506728056,397,1885,397,432720,172890,54410,53546,1.6014857905072437,0.23647299899309296
447,0.5029688359986306,50,236,50,432956,172654,54460,53496,1.599299714698581,0.2365509617510502
448,0.5030293151294141,35,135,35,433091,172519,54495,53461,1.5980492052317612,0.23657403310027436
449,0.503082056842967,42,145,42,433236,172374,54537,53419,1.5967060654340657,0.23658395078678257
450,0.5032026425070669,69,322,69,433558,172052,54606,53350,1.5937233687798733,0.23668822814349474
451,0.5033605829334753,27,175,27,433733,171877,54633,53323,1.5921023379895514,0.23678063943161634
452,0.5034941176147436,69,359,69,434092,171518,54702,53254,1.5887769091111192,0.23692452796611677
453,0.5035897027280385,33,219,33,434311,171299,54735,53221,1.586748304864945,0.23704347051487618
454,0.5037155613157523,73,343,73,434654,170956,54808,53148,1.5835710845159139,0.23715774818834112
455,0.5037314759619875,67,203,67,434857,170753,54875,53081,1.5816906887991404,0.23714449100672821
456,0.5037588364190977,65,362,65,435219,170391,54940,53016,1.5783374708214457,0.23730679880218614
457,0.5038411292956916,87,416,87,435635,169975,55027,52929,1.5744840490570233,0.23745199727236838
458,0.5038559977701513,29,183,29,435818,169792,55056,52900,1.5727889140020008,0.23754782390027482
459,0.5038579379397243,74,322,74,436140,169470,55130,52826,1.5698062173478085,0.23763810414942238
460,0.5038728871415572,170,856,170,436996,168614,55300,52656,1.561877061024862,0.2379717087720884
461,0.5039712538657002,204,970,204,437966,167644,55504,52452,1.5528919189299344,0.2383141901715615
462,0.5039858003379465,37,166,37,438132,167478,55541,52415,1.5513542554374005,0.23836593252172647
463,0.5040261195817365,167,977,167,439109,166501,55708,52248,1.54230427211086,0.2388490918815629
464,0.5040274867888157,108,440,108,439549,166061,55816,52140,1.5382285375523361,0.23895399196154005
465,0.504076788033508,198,888,198,440437,165173,56014,51942,1.5300029641705881,0.2392372705708956
466,0.5041405097959997,64,351,64,440788,164822,56078,51878,1.5267516395568566,0.23940009229349332
467,0.5041884301649343,37,205,37,440993,164617,56115,51841,1.524852717773908,0.23949680769479528
468,0.5042231631283755,18,83,18,441076,164534,56133,51823,1.5240838860276409,0.23952541401479963
469,0.5042317337438503,49,144,49,441220,164390,56182,51774,1.522750009263033,0.23951259229103827
470,0.504312816027207,205,945,205,442165,163445,56387,51569,1.5139964429952943,0.23984019645232404
471,0.5043138077857551,25,73,25,442238,163372,56412,51544,1.513320241579903,0.23983323717173222
472,0.5043463645615419,23,70,23,442308,163302,56435,51521,1.5126718292637742,0.23982999958105045
473,0.5043922788563864,32,153,32,442461,163149,56467,51489,1.5112545852013783,0.23988762474491934
474,0.5044396647295424,51,196,51,442657,162953,56518,51438,1.5094390307162178,0.23992611630152386
475,0.5045174961869481,74,328,74,442985,162625,56592,51364,1.5064007558635,0.24003102963236428
476,0.5045526166519521,186,941,186,443926,161684,56778,51178,1.4976842417281115,0.24042807076885495
477,0.5045820445466583,38,215,38,444141,161469,56816,51140,1.4956926896142873,0.24053544299629837
478,0.5045965683296442,143,611,143,444752,160858,56959,50997,1.4900329763977918,0.24071652781383493
479,0.504610114939372,25,149,25,444901,160709,56984,50972,1.4886527844677462,0.24079629253452128
480,0.5046444712703932,449,2048,449,446949,158661,57433,50523,1.4696820927044352,0.24152420835245525
481,0.5046953572794903,111,489,111,447438,158172,57544,50412,1.4651524695246212,0.24168680243930502
482,0.5047081861606046,101,452,101,447890,157720,57645,50311,1.4609655785690467,0.24184376366983767
483,0.5047445915136028,54,211,54,448101,157509,57699,50257,1.4590110785875727,0.24189232116900744
484,0.5047545063913901,59,290,59,448391,157219,57758,50198,1.456324798992182,0.2420148782404528
485,0.5047548535622404,46,214,46,448605,157005,57804,50152,1.4543425099114453,0.24209657409597551
486,0.504787376970579,86,462,86,449067,156543,57890,50066,1.4500629886249954,0.24232245449133388
487,0.504789974999196,124,499,124,449566,156044,58014,49942,1.445440735114306,0.2424533706174206
488,0.5048022562335077,42,321,42,449887,155723,58056,49900,1.442467301493201,0.24267713242195668
489,0.5048383632498371,23,141,23,450028,155582,58079,49877,1.4411612138278558,0.24275889593544211
490,0.5049455445078486,76,264,76,450292,155318,58155,49801,1.4387157730927416,0.24279077023581433
491,0.5049558335313862,18,68,18,450360,155250,58173,49783,1.4380858868427877,0.2428048167855906
492,0.5049707303035675,82,299,82,450659,154951,58255,49701,1.435316239949609,0.2428561655884135
493,0.5050118746762415,126,476,126,451135,154475,58381,49575,1.4309070361999332,0.24295515804949766
494,0.5050212850205543,54,207,54,451342,154268,58435,49521,1.4289895883508097,0.24300133962088238
495,0.5050230357083955,288,1152,288,452494,153116,58723,49233,1.4183185742339472,0.24330735511418392
496,0.5050361609912085,23,80,23,452574,153036,58746,49210,1.4175775315869428,0.24331754398109234
497,0.5050757187044844,19,82,19,452656,152954,58765,49191,1.4168179628737634,0.24334512354992704
498,0.5050867589607916,127,609,127,453265,152345,58892,49064,1.4111767757234428,0.2436038111504451
499,0.5050965681568884,109,492,109,453757,151853,59001,48955,1.4066193634443662,0.24379008804430102
500,0.5051527214128483,104,499,104,454256,151354,59105,48851,1.4019971099336768,0.2440048949826428
501,0.5051803563558896,86,383,86,454639,150971,59191,48765,1.3984493682611434,0.24414727440221093
502,0.5051998955972086,55,268,55,454907,150703,59246,48710,1.395966875393679,0.2442669234202384
503,0.5052389503372621,128,637,128,455544,150066,59374,48582,1.3900663233169068,0.2445632475534614
504,0.5052569437583708,137,527,137,456071,149539,59511,48445,1.3851847048797659,0.24469149022143202
505,0.5053206553102589,43,178,43,456249,149361,59554,48402,1.383535884990181,0.24474750079640784
506,0.5053522607068363,279,1130,279,457379,148231,59833,48123,1.373068657601245,0.24508286054778614
507,0.505378003262593,25,78,25,457457,148153,59858,48098,1.3723461410204156,0.24508410148228543
508,0.5054200045754871,252,1145,252,458602,147008,60110,47846,1.361739968135166,0.24554794872058053
509,0.5054372583876374,34,133,34,458735,146875,60144,47812,1.3605079847345214,0.24558393729422098
510,0.5055563414503632,46,243,46,458978,146632,60190,47766,1.3582570676942458,0.24571240444860543
511,0.5055779885907971,120,443,120,459421,146189,60310,47646,1.3541535440364594,0.24580700079964918
512,0.5055823496378693,59,362,59,459783,145827,60369,47587,1.3508003260587647,0.2460369983558584
513,0.5056127216210877,77,256,77,460039,145571,60446,47510,1.3484289895883508,0.24606253334092945
514,0.5056948353612842,30,137,30,460176,145434,60476,47480,1.3471599540553558,0.24612003276071204
515,0.5057315562072983,133,635,133,460811,144799,60609,47347,1.3412779280447589,0.24641158285886774
516,0.505732637614791,45,196,45,461007,144603,60654,47302,1.3394623735595983,0.24648654282066648
517,0.5057402806937125,39,141,39,461148,144462,60693,47263,1.3381562858942533,0.2465145390533316
518,0.5057666851978131,238,1226,238,462374,143236,60931,47025,1.3267998073289118,0.24716047955177362
519,0.5057861454565293,54,264,54,462638,142972,60985,46971,1.3243543665937976,0.2472899764666242
520,0.5057902435644945,19,76,19,462714,142896,61004,46952,1.3236503760791434,0.24731364038599302
521,0.5058206715706784,66,276,66,462990,142620,61070,46886,1.3210937789469783,0.24741169145040262
522,0.5059630569441962,71,339,71,463329,142281,61141,46815,1.3179536107302976,0.24757266150526716
523,0.5059675326954418,71,264,71,463593,142017,61212,46744,1.3155081699951832,0.24763589936480523
524,0.5059689135825906,59,364,59,463957,141653,61271,46685,1.3121364259513135,0.2478788136223173
525,0.505982419454565,28,132,28,464089,141521,61299,46657,1.3109137055837563,0.24794077947475263
526,0.506004043545057,136,571,136,464660,140950,61435,46521,1.305624513690763,0.24815038059219827
527,0.5060179406504981,121,565,121,465225,140385,61556,46400,1.3003908999962948,0.2484139518697968
528,0.5060524194618317,53,245,53,465470,140140,61609,46347,1.298121456889844,0.24852670695544463
529,0.5060763641206264,145,548,145,466018,139592,61754,46202,1.2930453147578642,0.2486732617845571
530,0.5061384427553791,50,281,50,466299,139311,61804,46152,1.2904424024602617,0.24884747901198623
531,0.5062031914332583,147,528,147,466827,138783,61951,46005,1.285551520990033,0.2489609714916553
532,0.5062669044750508,79,340,79,467167,138443,62030,45926,1.2824020897402646,0.24909827574049867
533,0.506289774916479,26,104,26,467271,138339,62056,45900,1.2814387342991589,0.24913291974012017
534,0.5063368214086236,19,118,19,467389,138221,62075,45881,1.2803456963948274,0.24921510901565436
535,0.5063495727196331,256,1106,256,468495,137115,62331,45625,1.2701007817999925,0.24967166466017293
536,0.5064057259180179,156,518,156,469013,136597,62487,45469,1.2653025306606396,0.24973910559906848
537,0.5067364700754857,19,112,19,469125,136485,62506,45450,1.2642650709548335,0.24981449418748455
538,0.5067718304262565,26,118,26,469243,136367,62532,45424,1.263172033050502,0.24986935546864256
539,0.5068854297450572,36,186,36,469429,136181,62568,45388,1.261449108896217,0.24997659292059768
540,0.5069450979854387,41,152,41,469581,136029,62609,45347,1.2600411278669088,0.2500165402258292
541,0.5071030071533943,4,29,4,469610,136000,62613,45343,1.2597724999073696,0.2500399794863877
542,0.5073497780644421,6,38,6,469648,135962,62619,45337,1.2594205046500426,0.2500675679402534
543,0.507510284101043,5,24,5,469672,135938,62624,45332,1.2591981918559414,0.25007999117338775
544,0.5076179673981212,38,157,38,469829,135781,62662,45294,1.2577438956611953,0.2501394449813613
545,0.5077947519545406,36,146,36,469975,135635,62698,45258,1.2563914928304123,0.25019210251364066
546,0.5078820530247318,10,23,10,469998,135612,62708,45248,1.2561784430693987,0.250182461572487
547,0.50793071594693,17,97,17,470095,135515,62725,45231,1.255279928859906,0.25024620185232316
548,0.5079397036800615,44,246,44,470341,135269,62769,45187,1.2530012227203675,0.25040453074433655
549,0.507943891883522,22,83,22,470424,135186,62791,45165,1.2522323909741007,0.2504283314203969
550,0.5080737275115604,2,24,2,470448,135162,62793,45163,1.2520100781799992,0.25045334812144737
551,0.5080886133088398,5,20,5,470468,135142,62798,45158,1.2518248175182483,0.25046034387132554
552,0.5081193657382699,4,21,4,470489,135121,62802,45154,1.2516302938234096,0.25047288864235195
553,0.5081948248202902,111,458,111,470947,134663,62913,45043,1.2473878246693098,0.2506482810813217
554,0.5082078775128276,99,474,99,471421,134189,63012,44944,1.242997146985809,0.2508973779258986
555,0.5082291682087376,92,471,92,471892,133718,63104,44852,1.238634258401571,0.2511732093856751
556,0.508325402668071,47,248,47,472140,133470,63151,44805,1.2363370261958575,0.25132519983172064
557,0.5083388053918496,60,293,60,472433,133177,63211,44745,1.233622957501204,0.2514866064904846
558,0.508341919963611,19,100,19,472533,133077,63230,44726,1.2326966541924487,0.2515480616187578
559,0.5083527220588496,43,223,43,472756,132854,63273,44683,1.2306309978139243,0.25168274782158084
560,0.5083950433535174,40,245,40,473001,132609,63313,44643,1.2283615547074733,0.2518617561437953
561,0.5084136576833319,37,178,37,473179,132431,63350,44606,1.2267127348178888,0.2519586301168682
562,0.5084563645435667,12,47,12,473226,132384,63362,44594,1.2262773722627738,0.2519748217292545
563,0.5084818128165933,119,499,119,473725,131885,63481,44475,1.221655118752084,0.2521830347017464
564,0.5084967088404273,10,51,10,473776,131834,63491,44465,1.2211827040646188,0.25221356899358477
565,0.508609854078422,90,472,90,474248,131362,63581,44375,1.2168105524472934,0.2525080091272754
566,0.5086323504118433,17,90,17,474338,131272,63598,44358,1.2159768794694135,0.2525650515287821
567,0.5086509608420203,20,91,20,474429,131181,63618,44338,1.215133943458446,0.252610828457318
568,0.5086636248460492,20,107,20,474536,131074,63638,44318,1.2141427989180777,0.2526797117314359
569,0.5086902120997951,4,30,4,474566,131044,63642,44314,1.213864907925451,0.2527058930872843
570,0.5087305478727309,13,46,13,474612,130998,63655,44301,1.2134388084034236,0.25271678674721476
571,0.5087408160169554,71,304,71,474916,130694,63726,44230,1.2106228463448072,0.2528526674441472
572,0.5087670799805806,282,965,282,475881,129729,64008,43948,1.2016840194153173,0.2530444445723959
573,0.5089266298617744,118,465,118,476346,129264,64126,43830,1.1973767090296046,0.25321501611840963
574,0.5089318014618346,94,303,94,476649,128961,64220,43736,1.1945700100040757,0.25325280693932145
575,0.5089746502923219,26,95,26,476744,128866,64246,43710,1.193690021860758,0.25327971444465047
576,0.5089987093325146,57,287,57,477031,128579,64303,43653,1.19103153136463,0.25345464257513123
577,0.5090959227132976,13,53,13,477084,128526,64316,43640,1.1905405906109896,0.25347629613280204
578,0.5091639270093005,94,314,94,477398,128212,64410,43546,1.1876319982214976,0.2535311310099093
579,0.5091803459497756,83,254,83,477652,127958,64493,43463,1.1852791878172588,0.25354536492028396
580,0.5092714343703569,65,283,65,477935,127675,64558,43398,1.1826577494534811,0.25368117704138
581,0.5093204206938944,57,279,57,478214,127396,64615,43341,1.1800733632220535,0.2538465593280894
582,0.5093243973734245,35,140,35,478354,127256,64650,43306,1.178776538589796,0.2539018069675543
583,0.5093332354268358,6,11,6,478365,127245,64656,43300,1.1786746452258328,0.2538919346799965
584,0.5093382287956512,25,99,25,478464,127146,64681,43275,1.1777576049501648,0.25392997341876883
585,0.5094544973198494,3,18,3,478482,127128,64684,43272,1.177590870354589,0.253943661971831
586,0.5094822880401864,10,20,10,478502,127108,64694,43262,1.1774056096928378,0.2539296824558314
587,0.5095052504678443,18,101,18,478603,127007,64712,43244,1.176470043350995,0.25400144492543364
588,0.5095558674517303,147,542,147,479145,126465,64859,43097,1.1714494794175405,0.254166617520435
589,0.5095883786965583,158,525,158,479670,125940,65017,42939,1.1665863870465745,0.2542589664789583
590,0.5095885641987995,149,520,149,480190,125420,65166,42790,1.1617696098410464,0.2543844004518162
591,0.5096088615117061,62,241,62,480431,125179,65228,42728,1.1595372188669457,0.2544742029814123
592,0.5096274626825681,59,308,59,480739,124871,65287,42669,1.156684204675979,0.25467947952727704
593,0.5096362925423188,6,21,6,480760,124850,65293,42663,1.1564896809811405,0.25468471103735235
594,0.5096486833857387,12,47,12,480807,124803,65305,42651,1.1560543184260255,0.2547027840481565
595,0.5097226618980045,47,142,47,480949,124661,65352,42604,1.1547389677275928,0.2547095925626999
596,0.5097462671025237,65,280,65,481229,124381,65417,42539,1.1521453184630774,0.25484663311766115
597,0.5097896691340514,94,300,94,481529,124081,65511,42445,1.1493664085368114,0.254885123043849
598,0.5098461685700321,31,104,31,481633,123977,65542,42414,1.1484030530957057,0.2549056138853664
599,0.5098647658412565,38,164,38,481797,123813,65580,42376,1.1468839156693467,0.2549867921462913
600,0.5099207143547367,37,165,37,481962,123648,65617,42339,1.1453555152099004,0.25507419255724845
601,0.5099339129137463,61,229,61,482191,123419,65678,42278,1.1432342806328504,0.25515247711183664
602,0.5100443418598821,46,115,46,482306,123304,65724,42232,1.1421690318277817,0.2551227527546878
603,0.510140378817774,158,532,158,482838,122772,65882,42074,1.1372410982252028,0.2552321560729408
604,0.5101865315057339,60,200,60,483038,122572,65942,42014,1.135388491607692,0.2552708006756346
605,0.5102870399396899,56,221,56,483259,122351,65998,41958,1.1333413612953425,0.25536032718840723
606,0.5103124881478065,110,318,110,483577,122033,66108,41848,1.1303957167735004,0.2553560205270898
607,0.5103776759652998,100,330,100,483907,121703,66208,41748,1.1273389158546074,0.2554159962312864
608,0.5104406702936419,64,208,64,484115,121495,66272,41684,1.1254122049723962,0.2554495370115027
609,0.5104512821701302,39,121,39,484236,121374,66311,41645,1.1242913779688022,0.25546101988111813
610,0.5104717501349354,179,615,179,484851,120759,66490,41466,1.1185946126199562,0.2556079519186315
611,0.5105738420232142,97,348,97,485199,120411,66587,41369,1.1153710771054874,0.25571146000741746
612,0.5107317150620945,35,107,35,485306,120304,66622,41334,1.1143799325651191,0.2557195708929831
613,0.5107356825073598,113,345,113,485651,119959,66735,41221,1.111184186149913,0.2557451296686934
614,0.5110897760888353,63,196,63,485847,119763,66798,41158,1.1093686316647524,0.25576525127236344
615,0.5111415887695357,49,197,49,486044,119566,66847,41109,1.1075438141465042,0.255851874902754
616,0.5111644642522375,40,99,40,486143,119467,66887,41069,1.1066267738708362,0.2558242388000199
617,0.5112724233866419,42,111,42,486254,119356,66929,41027,1.1055985771981178,0.2558064133979287
618,0.5113270256678268,39,118,39,486372,119238,66968,40988,1.1045055392937864,0.25581366320072896
619,0.5113886104612201,152,497,152,486869,118741,67120,40836,1.0999018118492718,0.25590153969557017
620,0.511680395722842,93,317,93,487186,118424,67213,40743,1.0969654303605172,0.2559764272744979
621,0.511698777463337,16,43,16,487229,118381,67229,40727,1.0965671199377525,0.255970787138296
622,0.5117262072620817,356,1431,356,488660,116950,67585,40371,1.0833117195894624,0.2566154550250761
623,0.5118210996553897,98,277,98,488937,116673,67683,40273,1.0807458594242099,0.25660418233022825
624,0.5119361861049996,56,229,56,489166,116444,67739,40217,1.07862462484716,0.25671354070253605
625,0.5119470949984591,371,1475,371,490641,114969,68110,39846,1.0649616510430175,0.2573781610309079
626,0.5119634100673779,257,834,257,491475,114135,68367,39589,1.0572362814479974,0.2575329811870625
627,0.5119668693346016,49,199,49,491674,113936,68416,39540,1.055392937863574,0.2576298574369934
628,0.5119786522497359,10,39,10,491713,113897,68426,39530,1.0550316795731594,0.25764695914017743
629,0.5119940187980557,759,2461,759,494174,111436,69185,38771,1.0322353551446886,0.25811713169159894
630,0.5120154479241651,331,1492,331,495666,109944,69516,38440,1.0184149097780577,0.2590575803321113
631,0.5120873831896494,97,311,97,495977,109633,69613,38343,1.0155341064878283,0.2591163431907877
632,0.5120940251978338,14,46,14,496023,109587,69627,38329,1.015108006965801,0.2591268016982612
633,0.5121826300848318,816,2899,816,498922,106688,70443,37513,0.9882544740449812,0.2601438270192301
634,0.5122343192540427,341,1427,341,500349,105261,70784,37172,0.9750361258290414,0.260978846194351
635,0.5122630240803556,57,198,57,500547,105063,70841,37115,0.9732020452777057,0.2610460127445878
636,0.5122709977742917,775,2876,775,503423,102187,71616,36340,0.9465615621178999,0.2623315310372707
637,0.5122901713049497,14,42,14,503465,102145,71630,36326,0.9461725147282226,0.2623365181157065
638,0.5123033253713054,110,315,110,503780,101830,71740,36216,0.943254659305643,0.2623473334975298
639,0.512321159910999,31,95,31,503875,101735,71771,36185,0.9423746711623254,0.2623622389791183
640,0.5123970741486178,34,90,34,503965,101645,71805,36151,0.9415409981844455,0.2623515922087724
641,0.5124224495150822,5,16,5,503981,101629,71810,36146,0.9413927896550447,0.2623552894211577
642,0.5125014500571565,754,2938,754,506919,98691,72564,35392,0.9141779984438104,0.26395590790778845
643,0.5125273969811489,10,21,10,506940,98670,72574,35382,0.9139834747489718,0.2639423507295676
644,0.5125405749502969,55,136,55,507076,98534,72629,35327,0.9127237022490644,0.26390808375852565
645,0.5125448936139853,59,160,59,507236,98374,72688,35268,0.9112416169550558,0.2638990736445129
646,0.5126657336838644,63,176,63,507412,98198,72751,35205,0.9096113231316463,0.26389961245249355
647,0.5126822490987033,136,456,136,507868,97742,72887,35069,0.9053873800437215,0.26405192340995853
648,0.5126905457368252,42,131,42,507999,97611,72929,35027,0.9041739227092519,0.26407967550777306
649,0.5127390993307956,249,859,249,508858,96752,73178,34778,0.8962169772870429,0.2644111609518741
650,0.5127651671528193,1502,4963,1502,513821,91789,74680,33276,0.8502445440735115,0.2660696437852317
651,0.5127841356159096,770,2942,770,516763,88847,75450,32506,0.822992700729927,0.2678631760236665
652,0.5128215961168447,56,180,56,516943,88667,75506,32450,0.8213253547741672,0.26792275237993013
653,0.5128927871718327,370,1075,370,518018,87592,75876,32080,0.8113675942050464,0.2680660471956682
654,0.5129213710420797,35,133,35,518151,87459,75911,32045,0.8101356108044018,0.26815002008300975
655,0.5129243825689315,21,59,21,518210,87400,75932,32024,0.809589091852236,0.26815380493033225
656,0.512939541024104,365,1066,365,519276,86334,76297,31659,0.7997146985809034,0.2683125270143144
657,0.5129946491809222,542,1554,542,520830,84780,76839,31117,0.7853199451628441,0.2684883991820323
658,0.5130213384212058,498,1659,498,522489,83121,77337,30619,0.7699525732705917,0.26920168806048883
659,0.5130588077476684,30,161,30,522650,82960,77367,30589,0.7684612249434954,0.2693903072682278
660,0.5130790576538956,16,52,16,522702,82908,77383,30573,0.7679795472229427,0.2694107383614878
661,0.5130791899741698,5,26,5,522728,82882,77388,30568,0.7677387083626662,0.26944028206258264
662,0.5130929286384482,95,261,95,522989,82621,77483,30473,0.7653210567268146,0.26944842343537234
663,0.5131265393721882,294,822,294,523811,81799,77777,30179,0.7577068435288451,0.2695082962724821
664,0.5131283222582054,726,2053,726,525864,79746,78503,29453,0.7386898366000964,0.2697185871665491
665,0.513158111375453,7,21,7,525885,79725,78510,29446,0.7384953129052577,0.2697236445576206
666,0.5131767438294002,190,644,190,526529,79081,78700,29256,0.7325299195968727,0.2700462445886447
667,0.5132087289977593,77,263,77,526792,78818,78777,29179,0.730093741894846,0.27018343102123205
668,0.5132194373318636,249,821,249,527613,77997,79026,28930,0.722488791729964,0.2705584183601897
669,0.5132669543311128,64,170,64,527783,77827,79090,28866,0.7209140761050798,0.27055195748549576
670,0.5133292998215742,84,264,84,528047,77563,79174,28782,0.7184686353699655,0.2706474211293432
671,0.5133471065167454,87,258,87,528305,77305,79261,28695,0.7160787728333765,0.2707075471698113
672,0.513362074458561,450,1592,450,529897,75713,79711,28245,0.7013320241579903,0.27169626195194213
673,0.5133956317228785,372,1139,372,531036,74574,80083,27873,0.6907814294712661,0.2720723886497408
674,0.513442438523208,26,130,26,531166,74444,80109,27847,0.689577235169884,0.2722331387903139
675,0.5134865681349774,472,1622,472,532788,72822,80581,27375,0.6745525955018711,0.2732117728075691
676,0.5134871267340825,16,51,16,532839,72771,80597,27359,0.6740801808144059,0.2732347947668032
677,0.5135036009170241,23,50,23,532889,72721,80620,27336,0.6736170291600282,0.27320427356406846
678,0.5136273307832342,348,1066,348,533955,71655,80968,26988,0.6637426358886954,0.27359265229159696
679,0.5136511815730052,726,2119,726,536074,69536,81694,26262,0.6441142687761681,0.2741393348504144
680,0.5136980836736008,472,1466,472,537540,68070,82166,25790,0.6305346622698136,0.27477093543575537
681,0.5137408265932233,14,16,14,537556,68054,82180,25776,0.6303864537404128,0.27470958115741234
682,0.5138027297056409,7,26,7,537582,68028,82187,25769,0.6301456148801363,0.27473160122391976
683,0.513894461586348,696,2170,696,539752,65858,82883,25073,0.6100448330801438,0.2757365474920544
684,0.5139974693779319,717,2145,717,541897,63713,83600,24356,0.5901756271073401,0.2765558823195449
685,0.5140276574255477,44,141,44,542038,63572,83644,24312,0.5888695394419949,0.27663738564471346
686,0.5140349271127475,73,274,73,542312,63298,83717,24239,0.586331468376005,0.2769000536915818
687,0.5140707829189689,43,166,43,542478,63132,83760,24196,0.584793804883471,0.2770703554415537
688,0.5140722315455618,195,657,195,543135,62475,83955,24001,0.578707992144948,0.27754521485730144
689,0.5141011923398958,25,42,25,543177,62433,83980,23976,0.5783189447552707,0.2774710967607541
690,0.5141038416946485,11,22,11,543199,62411,83991,23965,0.5781151580273445,0.27744975456145227
691,0.5141192831295089,226,604,226,543803,61807,84217,23739,0.5725202860424617,0.27749982465574075
692,0.5141989055914176,38,136,38,543939,61671,84255,23701,0.5712605135425544,0.2776202970528979
693,0.514234672183228,420,1121,420,545060,60550,84675,23281,0.5608766534514061,0.27771349500781334
694,0.5142721387435711,49,149,49,545209,60401,84724,23232,0.5594964615213606,0.2777850848349336
695,0.5143077666319346,427,1059,427,546268,59342,85151,22805,0.5496869094816407,0.2776120856513324
696,0.5143144073695396,47,168,47,546436,59174,85198,22758,0.5481307199229316,0.27776692867255776
697,0.5143748329796355,422,1060,422,547496,58114,85620,22336,0.5383119048501241,0.2776382846488502
698,0.5143862981873932,88,287,88,547783,57827,85708,22248,0.535653414353996,0.27783952544489543
699,0.5143881434406117,47,166,47,547949,57661,85755,22201,0.5341157508614621,0.2779920362625529
700,0.5144692320283643,892,2700,892,550649,54961,86647,21309,0.5091055615250658,0.2793890127179756
701,0.5144722131482575,14,19,14,550668,54942,86661,21295,0.5089295638964022,0.279326311371119
702,0.5146123649497126,205,597,205,551265,54345,86866,21090,0.5033995331431323,0.27957844501889045
703,0.5147884696435417,74,228,74,551493,54117,86940,21016,0.50128756159917,0.2797173013189943
704,0.5147938917619377,43,163,43,551656,53954,86983,20973,0.4997776872058987,0.2799124481161664
705,0.5148794957528264,396,1078,396,552734,52876,87379,20577,0.48979213753751527,0.28013831974187575
706,0.5149224051958746,33,87,33,552821,52789,87412,20544,0.4889862536588981,0.28014672793967244
707,0.5149839241230556,39,141,39,552962,52648,87451,20505,0.4876801659935529,0.2803029267425806
708,0.5150126575592892,38,79,38,553041,52569,87489,20467,0.48694838637963617,0.2802316665753875
709,0.5152210710058043,26,67,26,553108,52502,87515,20441,0.48632776316277004,0.28023251031627433
710,0.5152766742287774,74,205,74,553313,52297,87589,20367,0.4844288413798214,0.2802901023890785
711,0.5153027836737759,136,452,136,553765,51845,87725,20231,0.4802419504242469,0.28068982740440646
712,0.5154205074692683,93,270,93,554035,51575,87818,20138,0.47774093149060726,0.28081379945058776
713,0.515496578447699,74,218,74,554253,51357,87892,20064,0.4757215902775205,0.28092577813248204
714,0.5155119213154373,46,141,46,554394,51216,87938,20018,0.47441550261217535,0.2810174916472471
715,0.5155787897610888,95,282,95,554676,50934,88033,19923,0.47180332728148505,0.2811719378466489
716,0.5155990876999412,101,396,101,555072,50538,88134,19822,0.46813516617881357,0.28172256964184195
717,0.5156084587280503,66,231,66,555303,50307,88200,19756,0.46599540553558855,0.28197479411386894
718,0.5156201215709842,129,443,129,555746,49864,88329,19627,0.46189188187780206,0.282439452590983
719,0.5157337151518063,49,130,49,555876,49734,88378,19578,0.46068768757642004,0.2824619113573407
720,0.5157393019307107,99,296,99,556172,49438,88477,19479,0.457945829782504,0.2826443402933964
721,0.5157730730494905,115,425,115,556597,49013,88592,19364,0.45400904072029347,0.28319464147300993
722,0.5158345202121185,323,958,323,557555,48055,88915,19041,0.4451350550224165,0.28378740908548944
723,0.5158403313820816,179,478,179,558033,47577,89094,18862,0.44070732520656564,0.2838995168500429
724,0.5158572075738244,99,266,99,558299,47311,89193,18763,0.43824335840527623,0.28396948875503225
725,0.5159079410259195,250,729,250,559028,46582,89443,18513,0.4314906072844492,0.2843997234810661
726,0.5159729847947727,26,87,26,559115,46495,89469,18487,0.430684723405832,0.2844941676156474
727,0.5159742320905021,119,426,119,559541,46069,89588,18368,0.42673867131053395,0.28505361826279935
728,0.5160285104545503,306,934,306,560475,45135,89894,18062,0.4180869984067583,0.2858047059195848
729,0.5161682574086266,135,266,135,560741,44869,90029,17927,0.4156230316054689,0.28547996687687116
730,0.5161969834829211,86,304,86,561045,44565,90115,17841,0.4128070695468524,0.28588597250264397
731,0.5162412358722339,330,1017,330,562062,43548,90445,17511,0.4033865648968098,0.28678818847344373
732,0.5162614761265627,53,139,53,562201,43409,90498,17458,0.40209900329763976,0.286822087502259
733,0.5163022893655457,41,149,41,562350,43260,90539,17417,0.4007188113675942,0.2870445143958996
734,0.5164054425153428,53,170,53,562520,43090,90592,17364,0.39914409574271,0.2872266516690376
735,0.5164341303656699,38,170,38,562690,42920,90630,17326,0.3975693801178258,0.28758755768017796
736,0.5164963877504472,95,257,95,562947,42663,90725,17231,0.39518878061432433,0.2876915884729689
737,0.5165443648923824,117,290,117,563237,42373,90842,17114,0.39250250101893364,0.2876931094188646
738,0.5165537774992432,103,271,103,563508,42102,90945,17011,0.38999221905220643,0.2877708795019708
739,0.516669219709639,112,239,112,563747,41863,91057,16899,0.387778354144281,0.2875838126680508
740,0.5166775552118027,350,923,350,564670,40940,91407,16549,0.37922857460446846,0.2878637652420463
741,0.5166787371866313,561,1746,561,566416,39194,91968,15988,0.3630553188335989,0.28973215903736727
742,0.5167095418069281,128,293,128,566709,38901,92096,15860,0.3603412501389455,0.28962217636639215
743,0.516751825155507,198,572,198,567281,38329,92294,15662,0.3550427952128645,0.29008538460113725
744,0.5167780177527319,93,276,93,567557,38053,92387,15569,0.35248619808069953,0.2903472455335497
745,0.5167797974045597,299,686,299,568243,37367,92686,15270,0.34613175738263735,0.2901001196876722
746,0.5167874085023272,51,157,51,568400,37210,92737,15219,0.3446774611878914,0.2902782811039692
747,0.5168328986991803,115,296,115,568696,36914,92852,15104,0.34193560339397533,0.29036102887462034
748,0.5168917090805223,86,156,86,568852,36758,92938,15018,0.3404905702323169,0.2900571693448702
749,0.5169146412146428,200,553,200,569405,36205,93138,14818,0.3353681129348994,0.2904180467632244
750,0.5169183949635457,55,171,55,569576,36034,93193,14763,0.33378413427692766,0.29062739925586156
751,0.5169466785110355,73,152,73,569728,35882,93266,14690,0.3323761532476194,0.2904769437633473
752,0.516958880929715,103,285,103,570013,35597,93369,14587,0.3297361888176665,0.29067033317392
753,0.5170063536630752,71,240,71,570253,35357,93440,14516,0.32751306087665344,0.29105929059811925
754,0.5170134502649091,191,549,191,570802,34808,93631,14325,0.3224276557115862,0.29155557364703966
755,0.5170699847020204,84,168,84,570970,34640,93715,14241,0.3208714661528771,0.2913401935312289
756,0.5171526365498176,122,329,122,571299,34311,93837,14119,0.3178239282670718,0.29153417303324386
757,0.5172258847114468,208,562,208,571861,33749,94045,13911,0.3126181036718663,0.2918799832144356
758,0.5173666302245369,114,280,114,572141,33469,94159,13797,0.31002445440735116,0.2919011551643888
759,0.5174080739548774,270,722,270,572863,32747,94429,13527,0.303336544518137,0.2923239832303237
760,0.5175437702840463,103,326,103,573189,32421,94532,13424,0.30031679573159437,0.2928127385756353
761,0.5176111800267924,162,401,162,573590,32020,94694,13262,0.29660231946348514,0.292875756371185
762,0.5176336340062687,290,723,290,574313,31297,94984,12972,0.28990514654118343,0.29302672298899907
763,0.5176539247764105,74,161,74,574474,31136,95058,12898,0.28841379821408725,0.29291002407230776
764,0.517723294945173,53,166,53,574640,30970,95111,12845,0.2868761347215532,0.29316444140134656
765,0.5177327272735202,60,150,60,574790,30820,95171,12785,0.28548667975842007,0.29320032106409816
766,0.5178759512507743,69,174,69,574964,30646,95240,12716,0.28387491200118564,0.2932521562658549
767,0.5178903323399988,280,735,280,575699,29911,95520,12436,0.2770665826818333,0.2936689730087137
768,0.5179587274573503,168,367,168,576066,29544,95688,12268,0.27366704953870097,0.29340859083516696
769,0.5181274183428389,170,424,170,576490,29120,95858,12098,0.26973952350957797,0.29351254306371005
770,0.5181313886558342,176,381,176,576871,28739,96034,11922,0.2662103079032198,0.2932047908315093
771,0.5183511756091433,73,184,73,577055,28555,96107,11849,0.26450590981510985,0.29326304326304325
772,0.518381976187504,378,989,378,578044,27566,96485,11471,0.2553447700915188,0.2938494249045777
773,0.5185448060951592,61,193,61,578237,27373,96546,11410,0.2535570047056208,0.2942010674780187
774,0.5186181793908752,163,418,163,578655,26955,96709,11247,0.24968505687502315,0.2944086697031569
775,0.5190151443927199,62,193,62,578848,26762,96771,11185,0.2478972914891252,0.29475320842227315
776,0.5192587773656274,67,193,67,579041,26569,96838,11118,0.24610952610322723,0.2950088890068193
777,0.5192678701469483,42,111,42,579152,26458,96880,11076,0.24508132943050873,0.29509244951244207
778,0.5193886277159401,67,191,67,579343,26267,96947,11009,0.2433120901107859,0.2953374825625067
779,0.5196256305072561,48,120,48,579463,26147,96995,10961,0.24220052614027937,0.29538104990837555
780,0.5197523366596726,166,469,166,579932,25678,97161,10795,0.23785616362221645,0.29597236311792285
781,0.5199238700840632,95,252,95,580184,25426,97256,10700,0.2355218792841528,0.29618557271771023
782,0.5199923744180341,96,285,96,580469,25141,97352,10604,0.23288191485419987,0.29665687508742483
783,0.5199993969174136,26,114,26,580583,25027,97378,10578,0.2318259290822187,0.29709310490099705
784,0.5200783017516172,82,280,82,580863,24747,97460,10496,0.2292322798177035,0.29781800641262096
785,0.5202035888831438,95,250,95,581113,24497,97555,10401,0.22691652154581496,0.29804000229239497
786,0.5202601751925789,179,522,179,581635,23975,97734,10222,0.22208121827411167,0.29891510951253036
787,0.5203623795037216,197,509,197,582144,23466,97931,10025,0.2173663344325466,0.29933414947299275
788,0.5204049626998263,186,527,186,582671,22939,98117,9839,0.21248471599540553,0.30017084629934715
789,0.5204069629697624,108,260,108,582931,22679,98225,9731,0.21007632739264145,0.3002468373958655
790,0.5204370960287843,38,104,38,583035,22575,98263,9693,0.2091129719515358,0.3003904797322425
791,0.520511426417464,180,533,180,583568,22042,98443,9513,0.20417577531586942,0.30147361749326573
792,0.5205153165999933,81,254,81,583822,21788,98524,9432,0.20182296491163065,0.3021140294682896
793,0.5205626284551862,85,292,85,584114,21496,98609,9347,0.19911815925006485,0.30305093538242067
794,0.5206009386245445,90,258,90,584372,21238,98699,9257,0.19672829671347586,0.3035579603213642
795,0.5206469341358523,59,143,59,584515,21095,98758,9198,0.19540368298195562,0.30363450302049977
796,0.5207152120074994,49,141,49,584656,20954,98807,9149,0.19409759531661047,0.30392319702355247
797,0.5207522623224887,46,148,46,584804,20806,98853,9103,0.19272666641965244,0.3043565481961951
798,0.5207962909619708,350,860,350,585664,19946,99203,8753,0.18476045796435586,0.3049932053381651
799,0.5208379414158605,55,121,55,585785,19825,99258,8698,0.1836396309607618,0.3049468849700242
800,0.5209830199902731,120,317,120,586102,19508,99378,8578,0.1807032494720071,0.3054190699992879
801,0.5210229930178754,74,198,74,586300,19310,99452,8504,0.1788691689206714,0.3057453081182139
802,0.5210461593401958,184,514,184,586814,18796,99636,8320,0.17410796991366853,0.30682991591680187
803,0.5212564439715689,42,164,42,586978,18632,99678,8278,0.17258883248730963,0.30761798587885547
804,0.5212830819566785,132,340,132,587318,18292,99810,8146,0.16943940123754123,0.3081171041682427
805,0.5213070289940195,160,382,160,587700,17910,99970,7986,0.16590092259809552,0.3083873957367933
806,0.5213711275183246,79,213,79,587913,17697,100049,7907,0.16392789655044648,0.3088189345414779
807,0.5213819075463008,43,158,43,588071,17539,100092,7864,0.16246433732261292,0.30956973585796954
808,0.5213889767732516,124,339,124,588410,17200,100216,7740,0.15932416910593206,0.3103448275862069
809,0.5213910991466382,59,144,59,588554,17056,100275,7681,0.15799029234132425,0.31050652868173184
810,0.5214547869076064,104,236,104,588790,16820,100379,7577,0.15580421653266147,0.3105709718408001
811,0.521540449261537,122,314,122,589104,16506,100501,7455,0.15289562414316943,0.31113058720420683
812,0.5215466092158866,50,157,50,589261,16349,100551,7405,0.15144132794842344,0.3117369706154753
813,0.5216388566553413,162,356,162,589617,15993,100713,7243,0.14814368816925413,0.3117145808228611
814,0.5217273932757858,93,223,93,589840,15770,100806,7150,0.14607803179072956,0.31195462478184993
815,0.5217964522142061,163,352,163,590192,15418,100969,6987,0.14281744414391048,0.31185003347467083
816,0.521954100723866,79,213,79,590405,15205,101048,6908,0.14084441809626144,0.3123954235065346
817,0.5219643389982812,48,102,48,590507,15103,101096,6860,0.1398995887213309,0.3123434867732095
818,0.5220939651077898,45,112,45,590619,14991,101141,6815,0.13886212901552483,0.3125286618361919
819,0.522201135237827,47,90,47,590709,14901,101188,6768,0.13802845603764496,0.3123355946282708
820,0.5222136648396647,86,254,86,590963,14647,101274,6682,0.1356756456334062,0.31328238548455156
821,0.5222580734205526,161,347,161,591310,14300,101435,6521,0.13246137315202489,0.3131934104990154
822,0.5223617014530353,95,208,95,591518,14092,101530,6426,0.13053466226981364,0.3131884199239692
823,0.5224850987518348,99,200,99,591718,13892,101629,6327,0.12868205565230278,0.31292348780849694
824,0.5224949960370353,92,215,92,591933,13677,101721,6235,0.12669050353847863,0.31312776215347526
825,0.5224984182416602,215,538,215,592471,13139,101936,6020,0.12170699173737448,0.3142126415783705
826,0.52278033892297,82,198,82,592669,12941,102018,5938,0.11987291118603875,0.31452937125907093
827,0.5229379531520923,41,94,41,592763,12847,102059,5897,0.11900218607580866,0.31460734101579174
828,0.5237260373354192,26,58,26,592821,12789,102085,5871,0.11846493015673051,0.31463022508038585
829,0.5237457010471026,31,68,31,592889,12721,102116,5840,0.11783504390677683,0.3146382199234955
830,0.5240099425680009,91,252,91,593141,12469,102207,5749,0.11550075956871318,0.3155670216269623
831,0.5240133256467566,74,249,74,593390,12220,102281,5675,0.11319426432991218,0.3171276892986868
832,0.5241404047729082,79,261,79,593651,11959,102360,5596,0.11077661269406054,0.3187695813158644
833,0.5242979519775557,29,58,29,593709,11901,102389,5567,0.1102393567749824,0.3186970460270208
834,0.524404239234306,31,56,31,593765,11845,102420,5536,0.10972062692207936,0.3185087164144756
835,0.5244204827550987,41,117,41,593882,11728,102461,5495,0.10863685205083552,0.31905010741450385
836,0.5244680281640941,18,21,18,593903,11707,102479,5477,0.10844232835599689,0.31872672253258844
837,0.5246410117317809,17,40,17,593943,11667,102496,5460,0.10807180703249472,0.31879488526887373
838,0.5246700971933106,13,40,13,593983,11627,102509,5447,0.10770128570899255,0.3190230760220218
839,0.5247051464297694,163,421,163,594404,11206,102672,5284,0.10380154877913224,0.32043662825955127
840,0.5247356615280074,76,147,76,594551,11059,102748,5208,0.10243988291526178,0.32015737382430687
841,0.5249033962432732,11,24,11,594575,11035,102759,5197,0.10221757012116048,0.32017003449975356
842,0.524934721699263,88,247,88,594822,10788,102847,5109,0.09992960094853459,0.32138139271560673
843,0.5249539536210951,84,167,84,594989,10621,102931,5025,0.09838267442291304,0.3211683497379522
844,0.525123518327087,25,41,25,595030,10580,102956,5000,0.09800289006632332,0.3209242618741977
845,0.5251237127485624,78,168,78,595198,10412,103034,4922,0.09644670050761421,0.3209860440850398
846,0.5251714669849818,75,171,75,595369,10241,103109,4847,0.09486272184964245,0.32124867444326616
847,0.5251872171518495,71,169,71,595538,10072,103180,4776,0.09329726925784579,0.32165948275862066
848,0.5252812209128346,21,34,21,595572,10038,103201,4755,0.09298232613286894,0.32143581423646317
849,0.5253910586912287,66,177,66,595749,9861,103267,4689,0.09134276927637186,0.3222680412371134
850,0.5255309654736806,78,172,78,595921,9689,103345,4611,0.08974952758531253,0.32244755244755247
851,0.5256154806139194,19,39,19,595960,9650,103364,4592,0.08938826929489792,0.3224266254739503
852,0.5256884921065329,23,46,23,596006,9604,103387,4569,0.08896216977287043,0.3223735271290482
853,0.5258458454440784,11,25,11,596031,9579,103398,4558,0.08873059394568157,0.32241635424771875
854,0.5258474561011646,19,22,19,596053,9557,103417,4539,0.08852680721775538,0.3220062429057889
855,0.5258522531113943,6,21,6,596074,9536,103423,4533,0.08833228352291675,0.3221977397114223
856,0.5261133945724794,42,84,42,596158,9452,103465,4491,0.08755418874356219,0.32209710966076166
857,0.5261214844090626,31,52,31,596210,9400,103496,4460,0.08707251102300938,0.3217893217893218
858,0.5261312282049435,48,87,48,596297,9313,103544,4412,0.08626662714439216,0.32145719489981783
859,0.5261457712655735,61,171,61,596468,9142,103605,4351,0.08468264848642039,0.32246349959238124
860,0.5263825165512924,45,97,45,596565,9045,103650,4306,0.08378413427692764,0.3225226574788405
861,0.5264060165148631,132,275,132,596840,8770,103782,4174,0.08123680017785023,0.32246600741656367
862,0.5265141266440634,57,89,57,596929,8681,103839,4117,0.0804123902330579,0.32169088920143774
863,0.526671613271458,14,22,14,596951,8659,103853,4103,0.08020860350513172,0.32150133207961135
864,0.5268296474100129,166,388,166,597339,8271,104019,3937,0.0766145466671607,0.32249344692005244
865,0.527349158972323,168,380,168,597719,7891,104187,3769,0.0730945940938901,0.3232418524871355
866,0.5274744860735067,154,379,154,598098,7512,104341,3615,0.06958390455370707,0.3248854138581828
867,0.527551573685338,101,228,101,598326,7284,104442,3514,0.06747193300974472,0.32543063530283384
868,0.5276044665564649,135,411,135,598737,6873,104577,3379,0.06366482641075993,0.3295942255169723
869,0.5278410743522647,100,251,100,598988,6622,104677,3279,0.06133980510578384,0.3311786688213312
870,0.5278570553303112,262,622,262,599610,6000,104939,3017,0.05557819852532513,0.3345902184762116
871,0.5282065499123755,109,228,109,599838,5772,105048,2908,0.053466226981362774,0.3350230414746544
872,0.5282924738048987,119,223,119,600061,5549,105167,2789,0.051400570602838196,0.33449268409690575
873,0.5284570922516232,107,263,107,600324,5286,105274,2682,0.04896439290081144,0.3365963855421687
874,0.5285256163099792,140,244,140,600568,5042,105414,2542,0.04670421282744822,0.33517932489451474
875,0.5288148435658082,106,206,106,600774,4836,105520,2436,0.044796028011412053,0.334983498349835
876,0.5288640041002775,118,242,118,601016,4594,105638,2318,0.04255437400422394,0.3353587962962963
877,0.5289284761877004,71,117,71,601133,4477,105709,2247,0.0414705991329801,0.33417608566329565
878,0.529051451361608,75,100,75,601233,4377,105784,2172,0.04054429582422468,0.331653687585891
879,0.5294689311425549,72,128,72,601361,4249,105856,2100,0.03935862758901775,0.33076074972436603
880,0.5295568349193168,165,375,165,601736,3874,106021,1935,0.03588499018118493,0.33310380444138404
881,0.5298464442034088,59,113,59,601849,3761,106080,1876,0.03483826744229131,0.3328011353556857
882,0.5305777629566948,121,337,121,602186,3424,106201,1755,0.031716625291785545,0.33886850743386754
883,0.5309914805698804,127,309,127,602495,3115,106328,1628,0.028854348067731298,0.3432426734134514
884,0.5312044635592558,127,294,127,602789,2821,106455,1501,0.026131016339990366,0.34729291994447015
885,0.5312990413539687,92,200,92,602989,2621,106547,1409,0.02427840972247953,0.34962779156327545
886,0.53148764294945,108,301,108,603290,2320,106655,1301,0.021490236763125718,0.35929301297983984
887,0.5317240254244352,98,181,98,603471,2139,106753,1203,0.01981362777427841,0.3599640933572711
888,0.5317600957410308,217,444,217,603915,1695,106970,986,0.01570084108340435,0.3677732189481537
889,0.531933959722477,90,182,90,604097,1513,107060,896,0.014014969061469488,0.37193856371938566
890,0.5319534449098114,108,152,108,604249,1361,107168,788,0.01260698803216125,0.36668217775709633
891,0.5321669140434355,94,179,94,604428,1182,107262,694,0.010948905109489052,0.3699360341151386
892,0.5321861522191977,93,184,93,604612,998,107355,601,0.00924450702137908,0.3758599124452783
893,0.5325927683241412,104,178,104,604790,820,107459,497,0.007595687131794435,0.3773728170083523
894,0.5326747233070852,75,104,75,604894,716,107534,422,0.0066323316906887995,0.37082601054481545
895,0.5326969228363958,88,156,88,605050,560,107622,334,0.0051872985290303455,0.37360178970917224
896,0.5329333053113811,67,98,67,605148,462,107689,267,0.004279521286450035,0.3662551440329218
897,0.5331093931960321,65,95,65,605243,367,107754,202,0.003399533143132387,0.35500878734622143
898,0.5334582534935588,146,281,146,605524,86,107900,56,0.0007966208455296602,0.39436619718309857
899,0.5335742715928535,56,86,56,605610,0,107956,0,0.0,
