p,Neg,Pos,$\frac{\text{Pos}}{\text{Neg}+\text{Pos}}$,TN,FP,FN,TP,Prec,Rec,$\frac{\text{FP}}{\text{P}}$
0.0,"30,285","1,272",0.04,"30,285","575,325","1,272","106,684",0.16,0.99,5.33
0.1,"55,396","3,040",0.05,"85,681","519,929","4,312","103,644",0.17,0.96,4.82
0.2,"66,970","5,158",0.07,"152,651","452,959","9,470","98,486",0.18,0.91,4.20
0.3,"102,753","11,048",0.10,"255,404","350,206","20,518","87,438",0.20,0.81,3.24
0.4,"127,595","18,501",0.13,"382,999","222,611","39,019","68,937",0.24,0.64,2.06
0.5,"96,408","19,458",0.17,"479,407","126,203","58,477","49,479",0.28,0.46,1.17
0.6,"56,846","15,315",0.21,"536,253","69,357","73,792","34,164",0.33,0.32,0.64
0.7,"29,942","10,377",0.26,"566,195","39,415","84,169","23,787",0.38,0.22,0.37
0.8,"15,731","7,198",0.31,"581,926","23,684","91,367","16,589",0.41,0.15,0.22
0.9,"11,312","6,957",0.38,"593,238","12,372","98,324","9,632",0.44,0.09,0.11
1.0,"12,372","9,632",0.44,"605,610",0,"107,956",0,nan,0.00,0.00
