p,Neg,Pos,mPrec,TN,FP,FN,TP,Prec,Rec,FP/P,$\hat{p}$
0.0,"9,605",361,0.04,"9,605","596,005",361,"107,595",0.15,1.00,5.52,0.99
0.1,"66,798","3,306",0.05,"76,403","529,207","3,667","104,289",0.16,0.97,4.90,0.89
0.2,"66,794","4,979",0.07,"143,197","462,413","8,646","99,310",0.18,0.92,4.28,0.79
0.3,"90,704","9,293",0.09,"233,901","371,709","17,939","90,017",0.19,0.83,3.44,0.65
0.4,"148,081","20,940",0.12,"381,982","223,628","38,879","69,077",0.24,0.64,2.07,0.41
0.5,"101,077","20,542",0.17,"483,059","122,551","59,421","48,535",0.28,0.45,1.14,0.24
0.6,"58,198","15,940",0.22,"541,257","64,353","75,361","32,595",0.34,0.30,0.60,0.14
0.7,"36,489","14,069",0.28,"577,746","27,864","89,430","18,526",0.40,0.17,0.26,0.07
0.8,"11,591","6,327",0.35,"589,337","16,273","95,757","12,199",0.43,0.11,0.15,0.04
0.9,"9,276","6,187",0.40,"598,613","6,997","101,944","6,012",0.46,0.06,0.06,0.02
1.0,"6,997","6,012",0.46,"605,610",0,"107,956",0,nan,0.00,0.00,0.00
