,y_proba,y_test,Neg,Pos,TN,FP,FN,TP,FP/P,Prec
0,0.454,7,279,7,279,605331,7,107949,5.607201081922264,0.15134168909825033
1,0.4543,17,394,17,673,604937,24,107932,5.603551446885768,0.15140509686913023
2,0.4546,9,187,9,860,604750,33,107923,5.601819259698396,0.15143410792888182
3,0.455,3,78,3,938,604672,36,107920,5.601096743117567,0.15144711139052922
4,0.4563,0,33,0,971,604639,36,107920,5.600791063025677,0.15145412520226395
5,0.4564,12,367,12,1338,604272,48,107908,5.597391529882545,0.15151787469459968
6,0.4566,2,20,2,1358,604252,50,107906,5.597206269220794,0.15151974702243043
7,0.4567,0,16,0,1374,604236,50,107906,5.597058060691393,0.1515231512816264
8,0.4568,5,221,5,1595,604015,55,107901,5.595010930379043,0.15156422948774856
9,0.4578,0,4,0,1599,604011,55,107901,5.594973878246693,0.15156508107743655
10,0.4579,10,426,10,2025,603585,65,107891,5.591027826151395,0.15164390647049233
11,0.4581,0,6,0,2031,603579,65,107891,5.59097224795287,0.15164518532053353
12,0.4582,0,3,0,2034,603576,65,107891,5.590944458853607,0.15164582475364283
13,0.4583,1,12,1,2046,603564,66,107890,5.590833302456557,0.15164719012051375
14,0.4584,6,163,6,2209,603401,72,107884,5.589323428063285,0.15167478577504095
15,0.4587,5,82,5,2291,603319,77,107879,5.5885638593501055,0.1516863095790483
16,0.4593,0,18,0,2309,603301,77,107879,5.58839712475453,0.1516901487668382
17,0.4594,0,1,0,2310,603300,77,107879,5.588387861721442,0.151690362060747
18,0.4595,1,55,1,2365,603245,78,107878,5.587878394901627,0.1517009012505572
19,0.4596,3,40,3,2405,603205,81,107875,5.587507873578124,0.1517058558811948
20,0.4598,4,69,4,2474,603136,85,107871,5.586868724295083,0.1517158058922064
21,0.4599,2,180,2,2654,602956,87,107869,5.585201378339323,0.15175183765343087
22,0.4604,1,129,1,2783,602827,88,107868,5.584006447071029,0.15177818895588122
23,0.4605,2,83,2,2866,602744,90,107866,5.583237615324762,0.15179352950282152
24,0.4606,0,18,0,2884,602726,90,107866,5.583070880729186,0.15179737458344592
25,0.4611,3,45,3,2929,602681,93,107863,5.582654044240246,0.15180340696705621
26,0.4614,5,125,5,3054,602556,98,107858,5.581496165104301,0.15182414760970364
27,0.4616,1,19,1,3073,602537,99,107857,5.5813201674756385,0.15182701430473794
28,0.4618,13,229,13,3302,602308,112,107844,5.5791989328985885,0.15186044677759128
29,0.462,24,494,24,3796,601814,136,107820,5.574622994553336,0.15193747762931314
30,0.4622,3,17,3,3813,601797,139,107817,5.574465522990848,0.15193753223583525
31,0.4624,3,163,3,3976,601634,142,107814,5.572955648597577,0.15196885465883334
32,0.4626,7,126,7,4102,601508,149,107807,5.571788506428545,0.15198748087944003
33,0.4627,43,1235,43,5337,600273,192,107764,5.560348660565415,0.15220108553649034
34,0.4628,1,38,1,5375,600235,193,107763,5.559996665308089,0.152208057084907
35,0.4629,28,816,28,6191,599419,221,107735,5.552438030308644,0.15235012458389544
36,0.463,0,4,0,6195,599415,221,107735,5.552400978176294,0.1523509863536732
37,0.4631,3,120,3,6315,599295,224,107732,5.551289414205788,0.15237324741487948
38,0.4633,132,3047,132,9362,596248,356,107600,5.52306495238801,0.15287391595912753
39,0.4634,2,104,2,9466,596144,358,107598,5.5221015969469045,0.15289410039474693
40,0.4635,354,8441,354,17907,587703,712,107244,5.4439123346548595,0.15431968193257903
41,0.4636,1,47,1,17954,587656,713,107243,5.443476972099744,0.15432890247359687
42,0.4637,2,22,2,17976,587634,715,107241,5.443273185371818,0.1543313545601727
43,0.4638,28,595,28,18571,587039,743,107213,5.437761680684724,0.15442951550733738
44,0.4639,146,3026,146,21597,584013,889,107067,5.409731742561784,0.15492707067199166
45,0.464,2,91,2,21688,583922,891,107065,5.408888806550817,0.15494502790935286
46,0.4641,18,585,18,22273,583337,909,107047,5.403469932194597,0.15505428862777818
47,0.4642,14,506,14,22779,582831,923,107033,5.398782837452296,0.15515087031646818
48,0.4643,182,4174,182,26953,578657,1105,106851,5.360118937344844,0.15587126627260367
49,0.4644,8,207,8,27160,578450,1113,106843,5.358201489495721,0.15590849461471223
50,0.4645,2,66,2,27226,578384,1115,106841,5.357590129311942,0.1559210478310044
51,0.4646,4,44,4,27270,578340,1119,106837,5.35718255585609,0.15592613295542612
52,0.4647,1,15,1,27285,578325,1120,106836,5.357043610359776,0.1559283146588904
53,0.4649,0,7,0,27292,578318,1120,106836,5.356978769128164,0.15592990772877338
54,0.465,17,397,17,27689,577921,1137,106819,5.3533013449924045,0.15599935742033472
55,0.4651,9,400,9,28089,577521,1146,106810,5.349596131757383,0.15607944108918054
56,0.4652,0,21,0,28110,577500,1146,106810,5.349401608062544,0.1560842308310561
57,0.4653,2,62,2,28172,577438,1148,106808,5.3488273000111155,0.1560959070275895
58,0.4654,28,264,28,28436,577174,1176,106780,5.3463818592760015,0.1561216105176664
59,0.4655,0,21,0,28457,577153,1176,106780,5.346187335581162,0.15612640419456292
60,0.4656,8,136,8,28593,577017,1184,106772,5.344927563081256,0.15614758353819672
61,0.4657,1,28,1,28621,576989,1185,106771,5.344668198154804,0.15615274365274365
62,0.4658,6,335,6,28956,576654,1191,106765,5.341565082070473,0.15622187852547267
63,0.4659,23,391,23,29347,576263,1214,106742,5.337943236133239,0.15628289690412223
64,0.4661,0,4,0,29351,576259,1214,106742,5.3379061840008895,0.15628381217597045
65,0.4662,0,4,0,29355,576255,1214,106742,5.337869131868539,0.15628472745853936
66,0.4663,7,166,7,29521,576089,1221,106735,5.336331468376005,0.15631407214743476
67,0.4664,3,59,3,29580,576030,1224,106732,5.335784949423839,0.15632387274042786
68,0.4666,5,51,5,29631,575979,1229,106727,5.335312534736374,0.15632937164753202
69,0.4667,4,110,4,29741,575869,1233,106723,5.334293601096743,0.15634962027096713
70,0.4669,0,28,0,29769,575841,1233,106723,5.334034236170291,0.15635603401292772
71,0.467,20,338,20,30107,575503,1253,106703,5.330903330986699,0.15640876802608009
72,0.4671,2,55,2,30162,575448,1255,106701,5.330393864166883,0.15641890554702859
73,0.4673,0,12,0,30174,575436,1255,106701,5.3302827077698325,0.15642165723307783
74,0.4676,8,200,8,30374,575236,1263,106693,5.328430101152321,0.1564576370853857
75,0.4677,0,8,0,30382,575228,1263,106693,5.328355996887621,0.15645947257820186
76,0.4678,3,51,3,30433,575177,1266,106690,5.327883582200156,0.15646746359627317
77,0.4679,0,9,0,30442,575168,1266,106690,5.327800214902368,0.15646952884618204
78,0.4682,1,126,1,30568,575042,1267,106689,5.326633072733336,0.15649721077668466
79,0.4683,2,68,2,30636,574974,1269,106687,5.326003186483383,0.15651034751878132
80,0.4684,37,891,37,31527,574083,1306,106650,5.317749824002371,0.156669354945331
81,0.4686,1,104,1,31631,573979,1307,106649,5.316786468561266,0.1566920549845143
82,0.4687,35,1016,35,32647,572963,1342,106614,5.307375226944311,0.15688288450021115
83,0.4688,50,1158,50,33805,571805,1392,106564,5.296648634628923,0.1570885462042045
84,0.4689,3,41,3,33846,571764,1395,106561,5.296268850272333,0.15709431319795084
85,0.469,150,2748,150,36594,569016,1545,106411,5.270814035347734,0.15754626332675478
86,0.4691,16,363,16,36957,568653,1561,106395,5.267451554336952,0.15761101432787003
87,0.4692,219,4058,219,41015,564595,1780,106176,5.229862166067657,0.1582894907501964
88,0.4693,24,409,24,41424,564186,1804,106152,5.226073585534848,0.15835593387216598
89,0.4694,239,3879,239,45303,560307,2043,105913,5.190142280188224,0.15897601392933267
90,0.4695,18,307,18,45610,560000,2061,105895,5.187298529030346,0.15902657325854677
91,0.4696,30,773,30,46383,559227,2091,105865,5.180138204453666,0.15917346773078012
92,0.4698,15,275,15,46658,558952,2106,105850,5.177590870354589,0.15922033928899132
93,0.4699,484,9334,484,55992,549618,2590,105366,5.091129719515358,0.16086805173866842
94,0.47,0,2,0,55994,549616,2590,105366,5.091111193449183,0.16086854295232542
95,0.4701,68,1009,68,57003,548607,2658,105298,5.081764793063841,0.16102950734433902
96,0.4702,69,1151,69,58154,547456,2727,105229,5.071103041980066,0.16122478684204478
97,0.4703,31,794,31,58948,546662,2758,105198,5.063748193708548,0.1613812781885681
98,0.4704,1,49,1,58997,546613,2759,105197,5.063294305087258,0.1613921234715638
99,0.4705,15,715,15,59712,545898,2774,105182,5.056671236429657,0.16155003993364872
100,0.4706,91,1740,91,61452,544158,2865,105091,5.0405535588573125,0.16186547842199217
101,0.4707,55,1301,55,62753,542857,2920,105036,5.0285023528104045,0.16211936230210852
102,0.4708,48,921,48,63674,541936,2968,104988,5.019971099336767,0.16228799673531977
103,0.4709,1,20,1,63694,541916,2969,104987,5.019785838675015,0.16229171916036872
104,0.471,0,6,0,63700,541910,2969,104987,5.01973026047649,0.16229322442367178
105,0.4711,0,2,0,63702,541908,2969,104987,5.019711734410316,0.1622937261843112
106,0.4712,146,2934,146,66636,538974,3115,104841,4.992533995331431,0.16284336338855107
107,0.4713,190,3208,190,69844,535766,3305,104651,4.962818185186557,0.16341071520587366
108,0.4714,226,4223,226,74067,531543,3531,104425,4.923700396457816,0.16419851313273623
109,0.4715,173,3004,173,77071,528539,3704,104252,4.895874245062803,0.16474949864963315
110,0.4716,2,84,2,77155,528455,3706,104250,4.8950961502834485,0.16476873108320622
111,0.4717,0,4,0,77159,528451,3706,104250,4.895059098151099,0.1647697727678635
112,0.4718,0,6,0,77165,528445,3706,104250,4.895003519952573,0.16477133531954574
113,0.4719,14,207,14,77372,528238,3720,104236,4.89308607210345,0.16480677466583607
114,0.4721,194,3282,194,80654,524956,3914,104042,4.862684797510097,0.16540911099876313
115,0.4722,7,142,7,80796,524814,3921,104035,4.861369446811664,0.16543717172166927
116,0.4723,2,71,2,80867,524743,3923,104033,4.860711771462448,0.16545319795920965
117,0.4724,68,705,68,81572,524038,3991,103965,4.854181333135722,0.1655485722201964
118,0.4725,32,279,32,81851,523759,4023,103933,4.851596946904294,0.16557961548020367
119,0.4726,14,249,14,82100,523510,4037,103919,4.849290451665493,0.16562670836062726
120,0.4727,30,317,30,82417,523193,4067,103889,4.846354070176739,0.16567051836920849
121,0.4728,3,55,3,82472,523138,4070,103886,4.845844603356923,0.16568105846028222
122,0.4729,34,279,34,82751,522859,4104,103852,4.843260217125495,0.16570955352626648
123,0.473,21,201,21,82952,522658,4125,103831,4.841398347474898,0.16573475352320632
124,0.4731,19,224,19,83176,522434,4144,103812,4.839323428063285,0.16576872347288446
125,0.4733,1,25,1,83201,522409,4145,103811,4.839091852236097,0.1657740091341701
126,0.4735,0,2,0,83203,522407,4145,103811,4.839073326169921,0.1657745385792168
127,0.4736,25,363,25,83566,522044,4170,103786,4.835710845159139,0.16583736797532878
128,0.4737,44,468,44,84034,521576,4214,103742,4.831375745674164,0.16590278866112923
129,0.4738,12,214,12,84248,521362,4226,103730,4.829393456593427,0.1659435731060388
130,0.4739,0,1,0,84249,521361,4226,103730,4.829384193560339,0.16594383857710318
131,0.474,0,3,0,84252,521358,4226,103730,4.829356404461077,0.16594463499539264
132,0.4741,0,1,0,84253,521357,4226,103730,4.82934714142799,0.1659449004698546
133,0.4742,6,241,6,84494,521116,4232,103724,4.827114750453888,0.16600089622943473
134,0.4743,6,44,6,84538,521072,4238,103718,4.8267071769980365,0.16600457753805278
135,0.4744,1,18,1,84556,521054,4239,103717,4.82654044240246,0.16600802534048476
136,0.4745,4,54,4,84610,521000,4243,103713,4.826040238615732,0.16601703502248233
137,0.4747,9,82,9,84692,520918,4252,103704,4.825280669902553,0.1660268130165124
138,0.4748,0,9,0,84701,520909,4252,103704,4.8251973026047645,0.1660292052839118
139,0.4749,14,237,14,84938,520672,4266,103690,4.823001963763015,0.16607352785723667
140,0.475,3,68,3,85006,520604,4269,103687,4.8223720775130605,0.16608760978453957
141,0.4751,15,285,15,85291,520319,4284,103672,4.819732113083108,0.16614342194038054
142,0.4752,80,1135,80,86426,519184,4364,103592,4.809218570528734,0.16633910105720195
143,0.4753,18,283,18,86709,518901,4382,103574,4.806597132164956,0.16639061809711234
144,0.4754,15,249,15,86958,518652,4397,103559,4.804290636926155,0.1664371089550008
145,0.4755,14,286,14,87244,518366,4411,103545,4.801641409463115,0.1664948843162446
146,0.4756,66,1133,66,88377,517233,4477,103479,4.791146392974916,0.16671016510072303
147,0.4757,3,41,3,88418,517192,4480,103476,4.790766608618326,0.16671714990945238
148,0.4758,74,1066,74,89484,516126,4554,103402,4.780892215346993,0.16690448212187342
149,0.4759,82,871,82,90355,515255,4636,103320,4.772824113527734,0.16702905872367943
150,0.476,5,139,5,90494,515116,4641,103315,4.7715365519285635,0.16705986601577216
151,0.4761,30,530,30,91024,514586,4671,103285,4.76662714439216,0.1671627249053605
152,0.4762,21,466,21,91490,514120,4692,103264,4.7623105709733595,0.16726057040674847
153,0.4763,24,362,24,91852,513758,4716,103240,4.758957352995665,0.16732631224088246
154,0.4764,112,1698,112,93550,512060,4828,103128,4.743228722812998,0.16763655988088194
155,0.4765,0,18,0,93568,512042,4828,103128,4.743061988217422,0.16764146496090512
156,0.4766,122,2157,122,95725,509885,4950,103006,4.723081625847567,0.168065773522535
157,0.4767,90,1660,90,97385,508225,5040,102916,4.7077049909222275,0.1683997637206471
158,0.4768,12,216,12,97601,508009,5052,102904,4.705704175775316,0.16844296978456835
159,0.4769,250,3039,250,100640,504970,5302,102654,4.677553818222239,0.16894329387910945
160,0.477,240,3137,240,103777,501833,5542,102414,4.648495683426582,0.16949029122196718
161,0.4771,97,1284,97,105061,500549,5639,102317,4.636601948942162,0.1697176486980523
162,0.4772,324,4294,324,109355,496255,5963,101993,4.596826484864204,0.17048615289980076
163,0.4773,7,148,7,109503,496107,5970,101986,4.595455555967246,0.17051863171780976
164,0.4774,50,766,50,110269,495341,6020,101936,4.588360072622179,0.17066788106690867
165,0.4775,3,19,3,110288,495322,6023,101933,4.588184074993515,0.1706691446701995
166,0.4776,205,2434,205,112722,492888,6228,101728,4.565637852458409,0.17108184105372207
167,0.4777,305,3836,305,116558,489052,6533,101423,4.5301048575345515,0.17176510436512976
168,0.4778,45,721,45,117279,488331,6578,101378,4.523426210678425,0.17191190909414644
169,0.4779,73,837,73,118116,487494,6651,101305,4.515673051984142,0.17205362101498134
170,0.478,21,243,21,118359,487251,6672,101284,4.513422134943866,0.17209511753761458
171,0.4781,24,341,24,118700,486910,6696,101260,4.51026344066101,0.17216110988319702
172,0.4782,33,312,33,119012,486598,6729,101227,4.507373374337693,0.17220601369455196
173,0.4783,26,192,26,119204,486406,6755,101201,4.505594871984883,0.17222565422127376
174,0.4784,0,12,0,119216,486394,6755,101201,4.5054837155878324,0.17222917145312672
175,0.4785,84,843,84,120059,485551,6839,101117,4.497674978695024,0.1723581310042477
176,0.4786,25,458,25,120517,485093,6864,101092,4.493432509540924,0.17245750061840545
177,0.4787,16,323,16,120840,484770,6880,101076,4.490440549853644,0.17252998228203317
178,0.4788,1,18,1,120858,484752,6881,101075,4.490273815258068,0.17253387092093742
179,0.479,240,2865,240,123723,481887,7121,100835,4.463735225462226,0.17304134733200394
180,0.4791,54,511,54,124234,481376,7175,100781,4.459001815554485,0.17311653042048794
181,0.4792,42,549,42,124783,480827,7217,100739,4.453916410389418,0.17322023639621298
182,0.4793,38,451,38,125234,480376,7255,100701,4.449738782466931,0.1733006124833714
183,0.4794,45,521,45,125755,479855,7300,100656,4.444912742228316,0.1733920631994915
184,0.4795,290,4043,290,129798,475812,7590,100366,4.407462299455334,0.1741926973955965
185,0.4796,4,53,4,129851,475759,7594,100362,4.406971358701694,0.17420298860829583
186,0.4797,45,637,45,130488,475122,7639,100317,4.401070806624921,0.17433124970674563
187,0.4798,581,7388,581,137876,467734,8220,99736,4.3326355181740706,0.17575554654871622
188,0.4799,91,1299,91,139175,466435,8311,99645,4.320602838193338,0.17602635669869984
189,0.48,296,3648,296,142823,462787,8607,99349,4.28681129348994,0.17673481150468925
190,0.4801,13,168,13,142991,462619,8620,99336,4.285255103931231,0.17676860246816917
191,0.4802,23,368,23,143359,462251,8643,99313,4.2818463077550115,0.17685072404926241
192,0.4803,30,376,30,143735,461875,8673,99283,4.278363407314091,0.17692521535824135
193,0.4804,14,112,14,143847,461763,8687,99269,4.2773259476082846,0.1769399962925466
194,0.4805,39,689,39,144536,461074,8726,99230,4.27094371781096,0.1771002884148605
195,0.4806,2,37,2,144573,461037,8728,99228,4.270600985586721,0.17710904661187116
196,0.4807,119,1325,119,145898,459712,8847,99109,4.258327466745711,0.17735375012750057
197,0.4808,10,154,10,146052,459558,8857,99099,4.256900959650228,0.17738791423001948
198,0.4809,6,36,6,146088,459522,8863,99093,4.256567490459076,0.17739051045890283
199,0.481,0,1,0,146089,459521,8863,99093,4.256558227425988,0.1773908280136194
200,0.4812,13,186,13,146275,459335,8876,99080,4.254835303271704,0.17743076385842071
201,0.4813,51,386,51,146661,458949,8927,99029,4.251259772499908,0.17747832351813153
202,0.4814,5,30,5,146691,458919,8932,99024,4.250981881507281,0.17748049531941434
203,0.4815,40,317,40,147008,458602,8972,98984,4.248045500018526,0.177522391164771
204,0.4816,26,325,26,147333,458277,8998,98958,4.245035014265071,0.17758755282780156
205,0.4817,7,39,7,147372,458238,9005,98951,4.244673755974656,0.17758965090839912
206,0.4818,25,236,25,147608,458002,9030,98926,4.242487680165993,0.17762798781889222
207,0.4819,31,368,31,147976,457634,9061,98895,4.239078883989774,0.17769963470007852
208,0.482,32,325,32,148301,457309,9093,98863,4.236068398236318,0.17775616176290787
209,0.4821,44,811,44,149112,456498,9137,98819,4.228556078402312,0.1779506119927897
210,0.4822,45,815,45,149927,455683,9182,98774,4.221006706435955,0.1781454648421789
211,0.4823,149,1700,149,151627,453983,9331,98625,4.2052595501871135,0.17847190051537437
212,0.4825,0,41,0,151668,453942,9331,98625,4.2048797658305235,0.17848514297813659
213,0.4826,20,223,20,151891,453719,9351,98605,4.202814109451999,0.17852745852072335
214,0.4827,6,61,6,151952,453658,9357,98599,4.2022490644336585,0.17853825302350174
215,0.4828,61,461,61,152413,453197,9418,98538,4.197978806180296,0.17859660887926268
216,0.4829,110,949,110,153362,452248,9528,98428,4.189188187780207,0.17874031190754636
217,0.483,28,281,28,153643,451967,9556,98400,4.186585275482604,0.178789789358737
218,0.4831,40,386,40,154029,451581,9596,98360,4.183009744710808,0.1788555499589956
219,0.4832,1,52,1,154081,451529,9597,98359,4.182528066990256,0.17887097008845437
220,0.4833,63,688,63,154769,450841,9660,98296,4.176155100226018,0.17900086863569564
221,0.4834,33,442,33,155211,450399,9693,98263,4.172060839601319,0.17909569097185518
222,0.4835,133,1429,133,156640,448970,9826,98130,4.158823965319204,0.17936391884481814
223,0.4836,3,51,3,156691,448919,9829,98127,4.158351550631739,0.17937614021489967
224,0.4837,108,955,108,157646,447964,9937,98019,4.149505354033125,0.1795275677081521
225,0.4838,2,14,2,157660,447950,9939,98017,4.149375671569899,0.17952916568217492
226,0.4839,27,432,27,158092,447518,9966,97990,4.145374041276075,0.1796307295218402
227,0.484,1,13,1,158105,447505,9967,97989,4.145253621845937,0.1796335065096958
228,0.4841,2,8,2,158113,447497,9969,97987,4.145179517581237,0.17963313314414356
229,0.4842,48,681,48,158794,446816,10017,97939,4.138871392048612,0.17978540811924626
230,0.4843,4,20,4,158814,446796,10021,97935,4.138686131386861,0.17978598611057567
231,0.4844,1,14,1,158828,446782,10022,97934,4.1385564489236355,0.17978910110956903
232,0.4845,50,464,50,159292,446318,10072,97884,4.13425840157101,0.17986703466727427
233,0.4846,12,216,12,159508,446102,10084,97872,4.132257586424099,0.17992036384091886
234,0.4847,47,613,47,160121,445489,10131,97825,4.126579347141428,0.1800524190431316
235,0.4848,261,2426,261,162547,443063,10392,97564,4.104107228871022,0.1804645346976751
236,0.4849,10,73,10,162620,442990,10402,97554,4.10343102745563,0.1804737449680322
237,0.485,9,93,9,162713,442897,10411,97545,4.102569565378488,0.18049115353728984
238,0.4851,124,1649,124,164362,441248,10535,97421,4.0872948238171105,0.18085503342497897
239,0.4852,341,3569,341,167931,437679,10876,97080,4.05423505872763,0.1815397216316135
240,0.4853,86,913,86,168844,436766,10962,96994,4.0457779095186925,0.1817183752997602
241,0.4854,40,443,40,169287,436323,11002,96954,4.041674385860906,0.18180795346508474
242,0.4855,5,38,5,169325,436285,11007,96949,4.041322390603579,0.18181323771552452
243,0.4856,350,3303,350,172628,432982,11357,96599,4.010726592315388,0.18240646851001074
244,0.4857,465,5017,465,177645,427965,11822,96134,3.9642539553151286,0.1834271769264967
245,0.4858,60,652,60,178297,427313,11882,96074,3.958214457742043,0.18356206783890314
246,0.4859,228,2602,228,180899,424711,12110,95846,3.9341120456482273,0.18412200777244375
247,0.486,3,25,3,180924,424686,12113,95843,3.9338804698210383,0.1841261485911448
248,0.4861,34,305,34,181229,424381,12147,95809,3.9310552447293343,0.184180780099579
249,0.4862,114,1130,114,182359,423251,12261,95695,3.920588017340398,0.18440261607180708
250,0.4863,27,305,27,182664,422946,12288,95668,3.917762792248694,0.18446860285298894
251,0.4864,228,2513,228,185177,420433,12516,95440,3.8944847900996704,0.18500677492328538
252,0.4865,194,1951,194,187128,418482,12710,95246,3.876412612545852,0.1854016133050953
253,0.4866,37,483,37,187611,417999,12747,95209,3.8719385675645634,0.1855173730729061
254,0.4867,1,31,1,187642,417968,12748,95208,3.8716514135388493,0.1855269926886682
255,0.4868,16,111,16,187753,417857,12764,95192,3.8706232168661305,0.18554173188136025
256,0.4869,61,493,61,188246,417364,12825,95131,3.8660565415539665,0.18562327437340853
257,0.487,322,2931,322,191177,414433,13147,94809,3.838906591574345,0.18617670969794323
258,0.4871,167,1681,167,192858,412752,13314,94642,3.8233354329541664,0.18652565856119702
259,0.4872,6,69,6,192927,412683,13320,94636,3.8226962836711254,0.18654140688600268
260,0.4873,21,157,21,193084,412526,13341,94615,3.8212419874763794,0.1865654719298972
261,0.4874,317,2881,317,195965,409645,13658,94298,3.7945551891511355,0.18712036877186508
262,0.4875,297,2778,297,198743,406867,13955,94001,3.76882248323391,0.18767619412699554
263,0.4876,88,629,88,199372,406238,14043,93913,3.7629960354218386,0.18776929367331066
264,0.4877,316,3211,316,202583,403027,14359,93597,3.733252436177702,0.1884665259834402
265,0.4878,395,3380,395,205963,399647,14754,93202,3.701943384341769,0.18910863164985625
266,0.4879,18,188,18,206151,399459,14772,93184,3.7002019341213086,0.1891511703200898
267,0.488,31,261,31,206412,399198,14803,93153,3.697784282485457,0.18920038752840962
268,0.4881,96,1090,96,207502,398108,14899,93057,3.6876875764200228,0.18946178982622947
269,0.4882,174,1448,174,208950,396660,15073,92883,3.6742747045092443,0.1897340989453429
270,0.4883,14,93,14,209043,396567,15087,92869,3.673413242432102,0.18974697406811106
271,0.4884,26,327,26,209370,396240,15113,92843,3.6703842306124717,0.18983076492129147
272,0.4885,6,74,6,209444,396166,15119,92837,3.6696987661639926,0.18984955102524934
273,0.4886,55,325,55,209769,395841,15174,92782,3.6666882804105376,0.18988463498443586
274,0.4887,3,37,3,209806,395804,15177,92779,3.6663455481862983,0.18989404052126252
275,0.4888,800,6771,800,216577,389033,15977,91979,3.603625551150469,0.19121976166914756
276,0.4889,213,2001,213,218578,387032,16190,91766,3.5850902219422727,0.19165911302887648
277,0.489,97,745,97,219323,386287,16287,91669,3.578189262292045,0.191793805287516
278,0.4891,52,401,52,219724,385886,16339,91617,3.5744747860239356,0.19186685738100076
279,0.4892,63,608,63,220332,385278,16402,91554,3.5688428619067025,0.1920047312260922
280,0.4893,1712,15292,1712,235624,369986,18114,89842,3.4271925599318243,0.195381751437494
281,0.4894,93,573,93,236197,369413,18207,89749,3.4218848419726555,0.1954626036126683
282,0.4895,970,8070,970,244267,361343,19177,88779,3.347132164956093,0.19723319455614255
283,0.4896,126,1219,126,245486,360124,19303,88653,3.3358405276223646,0.19754354612647262
284,0.4897,85,677,85,246163,359447,19388,88568,3.3295694542220904,0.19768980949298573
285,0.4898,50,412,50,246575,359035,19438,88518,3.3257530845900183,0.19778216211264366
286,0.4899,923,7870,923,254445,351165,20361,87595,3.2528530141909666,0.1996421733977573
287,0.49,84,697,84,255142,350468,20445,87511,3.2463966801289414,0.1998063834110768
288,0.4901,10,99,10,255241,350369,20455,87501,3.2454796398532735,0.19983328385137142
289,0.4902,14,129,14,255370,350240,20469,87487,3.244284708584979,0.1998665835098132
290,0.4903,2,3,2,255373,350237,20471,87485,3.2442569194857165,0.1998642974307894
291,0.4904,25,159,25,255532,350078,20496,87460,3.242784097224795,0.1998912094492364
292,0.4905,7,48,7,255580,350030,20503,87453,3.2423394716365928,0.19990033898460055
293,0.4906,185,1555,185,257135,348475,20688,87268,3.227935455185446,0.2002740147288654
294,0.4907,56,347,56,257482,348128,20744,87212,3.2247211827040645,0.2003307759452382
295,0.4908,160,768,160,258250,347360,20904,87052,3.217607173292823,0.20039041278786038
296,0.4909,109,1197,109,259447,346163,21013,86943,3.206519322687021,0.20074300517656185
297,0.491,24,243,24,259690,345920,21037,86919,3.204268405646745,0.2008113871439496
298,0.4911,2,47,2,259737,345873,21039,86917,3.2038330430916298,0.20082950160585966
299,0.4912,5,18,5,259755,345855,21044,86912,3.203666308496054,0.20082862140597596
300,0.4913,56,511,56,260266,345344,21100,86856,3.1989328985883136,0.20096251735307727
301,0.4914,43,279,43,260545,345065,21143,86813,3.196348512356886,0.2010127860182737
302,0.4915,119,878,119,261423,344187,21262,86694,3.1882155693060135,0.2012017239098498
303,0.4916,30,316,30,261739,343871,21292,86664,3.1852884508503463,0.20129373918496754
304,0.4917,149,911,149,262650,342960,21441,86515,3.1768498277075845,0.20144362302811572
305,0.4918,12,57,12,262707,342903,21453,86503,3.176321834821594,0.20144804683679315
306,0.4919,166,1350,166,264057,341553,21619,86337,3.1638167401533956,0.20177382037439529
307,0.492,24,143,24,264200,341410,21643,86313,3.1624921264218755,0.20179648978427628
308,0.4921,3,4,3,264204,341406,21646,86310,3.162455074289525,0.20179277838565776
309,0.4922,336,2650,336,266854,338756,21982,85974,3.1379080366075067,0.20242036117062603
310,0.4923,81,761,81,267615,337995,22063,85893,3.130858868427878,0.20263135545238364
311,0.4924,148,991,148,268606,337004,22211,85745,3.121679202638112,0.20282720952622005
312,0.4925,132,765,132,269371,336239,22343,85613,3.114592982326133,0.20294558281103325
313,0.4926,122,1046,122,270417,335193,22465,85491,3.104903849716551,0.20321904327238496
314,0.4927,64,551,64,270968,334642,22529,85427,3.0997999184853087,0.2033642092132483
315,0.4928,515,3738,515,274706,330904,23044,84912,3.065174700804031,0.20420570637012525
316,0.4929,99,845,99,275551,330059,23143,84813,3.057347437845048,0.20443172834030737
317,0.493,27,210,27,275761,329849,23170,84786,3.0554022008966615,0.20448346135757955
318,0.4931,419,2684,419,278445,327165,23589,84367,3.0305402200896663,0.2050071440374017
319,0.4932,154,1030,154,279475,326135,23743,84213,3.020999296009485,0.2052233713823389
320,0.4934,585,3784,585,283259,322351,24328,83628,2.9859479788061805,0.2059909502708268
321,0.4935,753,5387,753,288646,316964,25081,82875,2.936048019563526,0.20727092654793555
322,0.4936,131,820,131,289466,316144,25212,82744,2.9284523324317315,0.20743667395359097
323,0.4937,9,31,9,289497,316113,25221,82735,2.9281651784060174,0.20743491254813864
324,0.4938,1,34,1,289531,316079,25222,82734,2.9278502352810403,0.20745060968423798
325,0.4939,41,333,41,289864,315746,25263,82693,2.9247656452628847,0.20754243435005107
326,0.494,217,1696,217,291560,314050,25480,82476,2.909055541146393,0.20799644916096297
327,0.4941,86,517,86,292077,313533,25566,82390,2.9042665530401273,0.208096018670297
328,0.4942,335,2455,335,294532,311078,25901,82055,2.881525806810182,0.20872071283764018
329,0.4943,50,384,50,294916,310694,25951,82005,2.877968802104561,0.20882406117662639
330,0.4944,88,389,88,295305,310305,26039,81917,2.8743654822335025,0.20885365940717246
331,0.4945,84,466,84,295771,309839,26123,81833,2.8700489088147023,0.20893247411099083
332,0.4946,662,4843,662,300614,304996,26785,81171,2.8251880395716773,0.21019662477632733
333,0.4947,43,253,43,300867,304743,26828,81128,2.822844492200526,0.21024642950623396
334,0.4948,327,2678,327,303545,302065,27155,80801,2.798038089592056,0.2110425057330763
335,0.4949,249,1525,249,305070,300540,27404,80552,2.783911964133536,0.2113715323333998
336,0.495,958,7032,958,312102,293508,28362,79594,2.7187743154618547,0.21333040294611125
337,0.4951,207,1461,207,313563,292047,28569,79387,2.705241024120938,0.2137311070068976
338,0.4952,178,1371,178,314934,290676,28747,79209,2.6925414057579014,0.2141449369398597
339,0.4953,106,753,106,315687,289923,28853,79103,2.685566341842973,0.21435617002596022
340,0.4954,2208,14593,2208,330280,275330,31061,76895,2.550390899996295,0.21831215842146356
341,0.4955,1062,6937,1062,337217,268393,32123,75833,2.4861332394679314,0.22030003544183183
342,0.4956,25,181,25,337398,268212,32148,75808,2.4844566304790843,0.22035928143712574
343,0.4957,86,538,86,337936,267674,32234,75722,2.47947311867798,0.2205092662698459
344,0.4958,92,691,92,338627,266983,32326,75630,2.47307236281448,0.22074468861368365
345,0.4959,35,371,35,338998,266612,32361,75595,2.4696357775389974,0.22090430645778725
346,0.496,540,3910,540,342908,262702,32901,75055,2.4334173181666605,0.22221597183774133
347,0.4961,370,2628,370,345536,260074,33271,74685,2.409074067212568,0.22310079788743545
348,0.4962,437,3219,437,348755,256855,33708,74248,2.379256363703731,0.22424441941027415
349,0.4963,175,1471,175,350226,255384,33883,74073,2.365630442031939,0.2248335898159699
350,0.4964,43,475,43,350701,254909,33926,74030,2.3612305013153505,0.2250569254481834
351,0.4965,61,265,61,350966,254644,33987,73969,2.358775797547149,0.22509456412253928
352,0.4966,18,111,18,351077,254533,34005,73951,2.3577476008744305,0.22512816453769438
353,0.4967,900,5862,900,356939,248671,34905,73051,2.3034477009151875,0.2270624949490554
354,0.4968,178,1258,178,358197,247413,35083,72873,2.2917948052910444,0.22752477473258276
355,0.4969,126,683,126,358880,246730,35209,72747,2.285468153692245,0.22770653286465067
356,0.497,1102,6651,1102,365531,240079,36311,71645,2.223859720626922,0.22983472559058654
357,0.4971,39,294,39,365825,239785,36350,71606,2.2211363888991813,0.22995526524530252
358,0.4972,768,5252,768,371077,234533,37118,70838,2.1724869391233463,0.23197356657966867
359,0.4973,227,1275,227,372352,233258,37345,70611,2.160676571936715,0.23237316080284595
360,0.4974,1015,6244,1015,378596,227014,38360,69596,2.1028381933380267,0.23463807693604397
361,0.4975,0,17,0,378613,226997,38360,69596,2.1026807217755383,0.23465152582832366
362,0.4976,139,767,139,379380,226230,38499,69457,2.095575975397384,0.23490041834777992
363,0.4977,938,5657,938,385037,220573,39437,68519,2.04317499722109,0.23701451441063745
364,0.4978,18,96,18,385133,220477,39455,68501,2.042285746044685,0.23704572666431353
365,0.4979,45,260,45,385393,220217,39500,68456,2.0398773574419207,0.2371402936887066
366,0.498,201,869,201,386262,219348,39701,68255,2.031827781688836,0.2373236718671224
367,0.4981,154,866,154,387128,218482,39855,68101,2.0238059950350142,0.23763098299620006
368,0.4982,29,187,29,387315,218295,39884,68072,2.0220738078476415,0.23770895389482727
369,0.4983,154,903,154,388218,217392,40038,67918,2.0137092889695802,0.23804984052434194
370,0.4984,60,245,60,388463,217147,40098,67858,2.0114398458631295,0.23809406852511358
371,0.4985,374,1536,374,389999,215611,40472,67484,1.9972118270406463,0.23837934262350094
372,0.4986,36,185,36,390184,215426,40508,67448,1.9954981659194486,0.23843831529232096
373,0.4987,140,720,140,390904,214706,40648,67308,1.9888287820964097,0.23866900224811535
374,0.4988,69,316,69,391220,214390,40717,67239,1.9859016636407425,0.23875027074626548
375,0.4989,168,1026,168,392246,213364,40885,67071,1.9763977916929119,0.23916772157540964
376,0.499,23,147,23,392393,213217,40908,67048,1.9750361258290414,0.2392307280609423
377,0.4991,4,32,4,392425,213185,40912,67044,1.9747397087702396,0.23924718712196097
378,0.4992,60,307,60,392732,212878,40972,66984,1.9718959576123607,0.23934653507800274
379,0.4993,155,718,155,393450,212160,41127,66829,1.9652450998554967,0.23953991017567
380,0.4994,145,774,145,394224,211386,41272,66684,1.9580755122457298,0.23981011975401878
381,0.4995,274,1339,274,395563,210047,41546,66410,1.9456723109414946,0.24021818944718346
382,0.4996,39,242,39,395805,209805,41585,66371,1.9434306569343065,0.24032138925902324
383,0.4997,3,44,3,395849,209761,41588,66368,1.943023083478454,0.24035142994759695
384,0.4998,5,16,5,395865,209745,41593,66363,1.9428748749490534,0.24035160154722066
385,0.4999,13,95,13,395960,209650,41606,66350,1.9419948868057357,0.24039855072463767
386,0.5,37,205,37,396165,209445,41643,66313,1.9400959650227871,0.2404753443236461
387,0.5001,156,652,156,396817,208793,41799,66157,1.9340564674497018,0.2406146572104019
388,0.5002,12,78,12,396895,208715,41811,66145,1.9333339508688725,0.24064978534526668
389,0.5003,4,25,4,396920,208690,41815,66141,1.9331023750416836,0.2406606241653962
390,0.5004,13,50,13,396970,208640,41828,66128,1.932639223387306,0.24066849123624293
391,0.5005,121,603,121,397573,208037,41949,66007,1.9270536144355108,0.2408627811592299
392,0.5006,21,142,21,397715,207895,41970,65986,1.9257382637370781,0.24092945476320007
393,0.5007,98,604,98,398319,207291,42068,65888,1.9201433917521953,0.24118984255744402
394,0.5008,300,1763,300,400082,205528,42368,65588,1.9038126644188373,0.24191858835332478
395,0.5009,99,618,99,400700,204910,42467,65489,1.8980881099707287,0.2421939430249372
396,0.501,56,418,56,401118,204492,42523,65433,1.8942161621401312,0.24241178105029174
397,0.5011,70,341,70,401459,204151,42593,65363,1.8910574678572751,0.24252172428890523
398,0.5012,296,1429,296,402888,202722,42889,65067,1.8778205935751602,0.24297861375934038
399,0.5013,109,598,109,403486,202124,42998,64958,1.8722812997888028,0.24321369467055062
400,0.5014,32,133,32,403619,201991,43030,64926,1.871049316388158,0.24324415454991627
401,0.5015,12,53,12,403672,201938,43042,64914,1.8705583756345177,0.24325843538740574
402,0.5016,87,450,87,404122,201488,43129,64827,1.8663900107451183,0.24342226310947562
403,0.5017,371,2043,371,406165,199445,43500,64456,1.847465634147245,0.2442431063163838
404,0.5018,58,287,58,406452,199158,43558,64398,1.844807143651117,0.24434275827528115
405,0.5019,803,4268,803,410720,194890,44361,63595,1.805272518433436,0.2460297502756446
406,0.502,306,1878,306,412598,193012,44667,63289,1.7878765422950091,0.24693231786064043
407,0.5021,440,2392,440,414990,190620,45107,62849,1.7657193671495794,0.24795537126828132
408,0.5022,130,720,130,415710,189900,45237,62719,1.7590499833265405,0.2482750703628785
409,0.5023,495,2479,495,418189,187421,45732,62224,1.7360869243024937,0.24924993490756875
410,0.5024,162,644,162,418833,186777,45894,62062,1.7301215309941087,0.24940624259059072
411,0.5025,1123,5326,1123,424159,181451,47017,60939,1.6807866167697951,0.25140888650521886
412,0.5026,372,1884,372,426043,179567,47389,60567,1.663335062432843,0.25222167623077113
413,0.5027,492,2533,492,428576,177034,47881,60075,1.6398717996220682,0.25336448637546444
414,0.5028,59,360,59,428936,176674,47940,60016,1.6365371077105488,0.2535637331530694
415,0.5029,1306,6233,1306,435169,170441,49246,58710,1.5788006224758235,0.256206606124346
416,0.503,810,4330,810,439499,166111,50056,57900,1.538691689206714,0.2584694501609296
417,0.5031,859,4004,859,443503,162107,50915,57041,1.5016025047241468,0.2602852866555935
418,0.5032,1353,6463,1353,449966,155644,52268,55688,1.4417355218792842,0.2635095489561448
419,0.5033,1494,7184,1494,457150,148460,53762,54194,1.3751898921782948,0.26742131909560135
420,0.5034,113,497,113,457647,147963,53875,54081,1.3705861647337805,0.2676694185424957
421,0.5035,748,3793,748,461440,144170,54623,53333,1.3354514802326873,0.27003640451031125
422,0.5036,576,2868,576,464308,141302,55199,52757,1.308885101337582,0.27186061970843917
423,0.5037,125,495,125,464803,140807,55324,52632,1.3042998999592426,0.2720857738098315
424,0.5038,862,4124,862,468927,136683,56186,51770,1.2660991515061693,0.2747104052469316
425,0.5039,458,2102,458,471029,134581,56644,51312,1.2466282559561304,0.2760297590549402
426,0.504,43,158,43,471187,134423,56687,51269,1.2451646967282968,0.2760969777911811
427,0.5041,699,3662,699,474849,130761,57386,50570,1.2112434695616732,0.2788822650291456
428,0.5042,60,288,60,475137,130473,57446,50510,1.2085757160324577,0.2790869860705149
429,0.5043,84,388,84,475525,130085,57530,50426,1.2049816591944866,0.27935139686778093
430,0.5044,247,1028,247,476553,129057,57777,50179,1.1954592611804808,0.27996049900689596
431,0.5045,36,156,36,476709,128901,57813,50143,1.1940142280188224,0.28005965014186457
432,0.5046,199,918,199,477627,127983,58012,49944,1.1855107636444477,0.28069938795123844
433,0.5047,60,197,60,477824,127786,58072,49884,1.1836859461261995,0.2807677154274779
434,0.5048,168,783,168,478607,127003,58240,49716,1.1764329912186446,0.2813279839745585
435,0.5049,125,494,125,479101,126509,58365,49591,1.171857052873393,0.28160704145371945
436,0.505,110,369,110,479470,126140,58475,49481,1.1684389936640853,0.28174876580818925
437,0.5051,146,527,146,479997,125613,58621,49335,1.1635573752269444,0.28199807942931615
438,0.5052,156,631,156,480628,124982,58777,49179,1.1577124013486977,0.2823766514891394
439,0.5053,19,106,19,480734,124876,58796,49160,1.1567305198414168,0.28247029350249375
440,0.5054,73,288,73,481022,124588,58869,49087,1.1540627663122012,0.2826371095436879
441,0.5055,21,137,21,481159,124451,58890,49066,1.1527937307792064,0.28277344582951525
442,0.5056,10,44,10,481203,124407,58900,49056,1.152386157323354,0.28280382559969564
443,0.5057,91,419,91,481622,123988,58991,48965,1.1485049464596688,0.2831115967921921
444,0.5058,20,95,20,481717,123893,59011,48945,1.1476249583163511,0.2831842534627802
445,0.5059,128,472,128,482189,123421,59139,48817,1.1432528066990255,0.28342758276338553
446,0.506,75,240,75,482429,123181,59214,48742,1.1410296787580125,0.28351064139178583
447,0.5061,16,154,16,482583,123027,59230,48726,1.1396031716625292,0.283698101343208
448,0.5062,116,308,116,482891,122719,59346,48610,1.1367501574715624,0.2837231291842012
449,0.5063,165,610,165,483501,122109,59511,48445,1.1310997072881543,0.28404493591472496
450,0.5064,117,434,117,483935,121675,59628,48328,1.127079550928156,0.2842773362823009
451,0.5065,2,17,2,483952,121658,59630,48326,1.1269220793656676,0.2842973456325301
452,0.5066,86,294,86,484246,121364,59716,48240,1.1241987476379265,0.2844272540741964
453,0.5067,44,170,44,484416,121194,59760,48196,1.1226240320130423,0.28452683157211167
454,0.5068,193,801,193,485217,120393,59953,48003,1.1152043425099114,0.285060215207012
455,0.5069,10,22,10,485239,120371,59963,47993,1.1150005557819853,0.28505499988120975
456,0.507,3,11,3,485250,120360,59966,47990,1.1148986624180222,0.28506088506088506
457,0.5071,129,499,129,485749,119861,60095,47861,1.1102764089073327,0.285359106139922
458,0.5072,12,40,12,485789,119821,60107,47849,1.1099058875838304,0.28537603626170455
459,0.5073,10,20,10,485809,119801,60117,47839,1.1097206269220794,0.2853674540682415
460,0.5074,114,372,114,486181,119429,60231,47725,1.1062747786135092,0.28551515369060865
461,0.5075,10,41,10,486222,119388,60241,47715,1.1058949942569194,0.28554244986625016
462,0.5076,19,97,19,486319,119291,60260,47696,1.1049964800474268,0.2856270248582225
463,0.5077,2,19,2,486338,119272,60262,47694,1.1048204824187633,0.285650970856342
464,0.5078,196,757,196,487095,118515,60458,47498,1.0978083663714846,0.2861101239059592
465,0.5079,597,2162,597,489257,116353,61055,46901,1.0777816888361926,0.2872885197299913
466,0.508,36,186,36,489443,116167,61091,46865,1.0760587646819075,0.2874589037734923
467,0.5081,23,70,23,489513,116097,61114,46842,1.0754103523657788,0.28748181834919817
468,0.5082,166,659,166,490172,115438,61280,46676,1.0693060135610803,0.28792084582454325
469,0.5083,117,370,117,490542,115068,61397,46559,1.0658786913186853,0.2880644941748594
470,0.5084,163,604,163,491146,114464,61560,46396,1.0602838193338027,0.2884247171453438
471,0.5085,21,73,21,491219,114391,61581,46375,1.0596076179184113,0.2884627346578257
472,0.5086,174,784,174,492003,113607,61755,46201,1.0523453999777688,0.28910317380857026
473,0.5087,549,1976,549,493979,111631,62304,45652,1.0340416465967617,0.29025387359091576
474,0.5088,400,1623,400,495602,110008,62704,45252,1.0190077438956613,0.2914594873116063
475,0.5089,2,18,2,495620,109990,62706,45250,1.0188410093000853,0.29148415356866786
476,0.509,546,2050,546,497670,107940,63252,44704,0.9998517914705991,0.292864442755693
477,0.5091,511,1757,511,499427,106183,63763,44193,0.9835766423357665,0.29388333244666703
478,0.5092,838,3479,838,502906,102704,64601,43355,0.9513505502241654,0.2968321020957284
479,0.5093,12,30,12,502936,102674,64613,43343,0.9510726592315387,0.2968352999993151
480,0.5094,166,581,166,503517,102093,64779,43177,0.9456908370076698,0.2972189715701797
481,0.5095,34,189,34,503706,101904,64813,43143,0.9439401237541221,0.29744151895592463
482,0.5096,1025,4456,1025,508162,97448,65838,42118,0.9026640483159806,0.3017783700901366
483,0.5097,889,3532,889,511694,93916,66727,41229,0.8699470154507392,0.3050723297199304
484,0.5098,400,1373,400,513067,92543,67127,40829,0.8572288710215273,0.30612872267042557
485,0.5099,43,177,43,513244,92366,67170,40786,0.8555893141650301,0.3063115837539053
486,0.51,70,202,70,513446,92164,67240,40716,0.8537181814813443,0.3064118001204094
487,0.5101,110,292,110,513738,91872,67350,40606,0.8510133758197784,0.30651126979573967
488,0.5102,265,998,265,514736,90874,67615,40341,0.8417688687983993,0.3074419845292078
489,0.5103,561,2232,561,516968,88642,68176,39780,0.8210937789469784,0.3097600099671396
490,0.5104,312,1304,312,518272,87338,68488,39468,0.8090147838008077,0.31124710187215116
491,0.5105,247,935,247,519207,86403,68735,39221,0.8003538478639446,0.31220945042348597
492,0.5106,109,458,109,519665,85945,68844,39112,0.7961113787098447,0.31275338445668777
493,0.5107,8,35,8,519700,85910,68852,39104,0.7957871725517803,0.3127969667397251
494,0.5108,1,22,1,519722,85888,68853,39103,0.7955833858238541,0.31284652494979637
495,0.5109,70,165,70,519887,85723,68923,39033,0.7940549853644078,0.31287473147584083
496,0.511,730,2438,730,522325,83285,69653,38303,0.7714717106969506,0.3150228640984308
497,0.5111,313,982,313,523307,82303,69966,37990,0.7623754122049724,0.31581222515025814
498,0.5112,487,1792,487,525099,80511,70453,37503,0.7457760569120753,0.31778433067263206
499,0.5113,570,1850,570,526949,78661,71023,36933,0.7286394457001001,0.3195062027440871
500,0.5114,530,1941,530,528890,76720,71553,36403,0.7106598984771574,0.3218001644227964
501,0.5115,118,348,118,529238,76372,71671,36285,0.7074363629626885,0.32208384743069673
502,0.5116,771,2556,771,531794,73816,72442,35514,0.6837600503909,0.32483307417909085
503,0.5117,112,363,112,532157,73453,72554,35402,0.6803975693801179,0.3252216250976069
504,0.5118,44,147,44,532304,73306,72598,35358,0.6790359035162473,0.32538835308841935
505,0.5119,675,2305,675,534609,71001,73273,34683,0.657684612249435,0.32817645055069833
506,0.512,47,149,47,534758,70852,73320,34636,0.6563044203193894,0.3283406643409677
507,0.5121,32,142,32,534900,70710,73352,34604,0.6549890696209567,0.3285792961999354
508,0.5122,279,891,279,535791,69819,73631,34325,0.6467357071399459,0.3295917191580888
509,0.5123,90,246,90,536037,69573,73721,34235,0.6444570010004076,0.3297915382244143
510,0.5124,21,43,21,536080,69530,73742,34214,0.6440586905776428,0.3297925663170882
511,0.5125,216,637,216,536717,68893,73958,33998,0.6381581385008708,0.33042734544323604
512,0.5126,85,270,85,536987,68623,74043,33913,0.6356571195672311,0.3307423734103144
513,0.5127,90,298,90,537285,68325,74133,33823,0.63289673570714,0.33111759407917923
514,0.5128,321,1079,321,538364,67246,74454,33502,0.6229019230056689,0.33253265573510143
515,0.5129,187,558,187,538922,66688,74641,33315,0.6177331505428137,0.333140005799826
516,0.513,6,9,6,538931,66679,74647,33309,0.6176497832450257,0.33312997559707164
517,0.5131,43,109,43,539040,66570,74690,33266,0.6166401126384824,0.333206458592091
518,0.5132,0,2,0,539042,66568,74690,33266,0.6166215865723073,0.3332131338021115
519,0.5133,4,5,4,539047,66563,74694,33262,0.6165752714068695,0.33320310543451037
520,0.5134,45,172,45,539219,66391,74739,33217,0.6149820297158102,0.3334772307445185
521,0.5135,134,484,134,539703,65907,74873,33083,0.6104987217014339,0.3342054753005354
522,0.5136,5,9,5,539712,65898,74878,33078,0.6104153544036459,0.33420223084384093
523,0.5137,3,4,3,539716,65894,74881,33075,0.6103783022712957,0.3341955561842597
524,0.5138,86,254,86,539970,65640,74967,32989,0.6080254918670569,0.3344756613166513
525,0.5139,23,98,23,540068,65542,74990,32966,0.6071177146244766,0.33465302310472245
526,0.514,55,158,55,540226,65384,75045,32911,0.605654155396643,0.3348186581209624
527,0.5141,14,30,14,540256,65354,75059,32897,0.6053762644040165,0.33482610864011564
528,0.5142,13,34,13,540290,65320,75072,32884,0.6050613212790396,0.3348539774347277
529,0.5143,4,41,4,540331,65279,75076,32880,0.6046815369224499,0.3349667376399515
530,0.5144,3,21,3,540352,65258,75079,32877,0.6044870132276112,0.3350180873286799
531,0.5145,110,298,110,540650,64960,75189,32767,0.6017266293675201,0.335291168254423
532,0.5146,31,67,31,540717,64893,75220,32736,0.601106006150654,0.3353102049595919
533,0.5147,94,294,94,541011,64599,75314,32642,0.598382674422913,0.33568145123970344
534,0.5148,155,393,155,541404,64206,75469,32487,0.5947423024195042,0.33598088796500264
535,0.5149,59,197,59,541601,64009,75528,32428,0.5929174849012561,0.33626097867001253
536,0.515,173,495,173,542096,63514,75701,32255,0.5883322835229168,0.33680000835343377
537,0.5151,5,18,5,542114,63496,75706,32250,0.5881655489273407,0.33682869258245773
538,0.5152,202,559,202,542673,62937,75908,32048,0.582987513431398,0.3374006422066642
539,0.5153,27,101,27,542774,62836,75935,32021,0.582051947089555,0.3375712915230294
540,0.5154,10,19,10,542793,62817,75945,32011,0.5818759494608915,0.33756907242586576
541,0.5155,192,537,192,543330,62280,76137,31819,0.5769017006928748,0.338143869754195
542,0.5156,64,186,64,543516,62094,76201,31755,0.5751787765385898,0.33836268900041555
543,0.5157,0,5,0,543521,62089,76201,31755,0.575132461373152,0.338380716934487
544,0.5158,32,134,32,543655,61955,76233,31723,0.5738912149394197,0.33863874121992354
545,0.5159,276,847,276,544502,61108,76509,31447,0.5660454259142613,0.33976554481119337
546,0.516,25,91,25,544593,61017,76534,31422,0.5652024899032939,0.3399214617207023
547,0.5161,185,558,185,545151,60459,76719,31237,0.5600337174404387,0.34065826208340605
548,0.5162,491,1554,491,546705,58905,77210,30746,0.5456389640223794,0.3429521143099352
549,0.5163,58,155,58,546860,58750,77268,30688,0.5442031938938086,0.3431203738902927
550,0.5164,332,1138,332,547998,57612,77600,30356,0.5336618622401719,0.34508002910149144
551,0.5165,392,1218,392,549216,56394,77992,29964,0.5223794879395309,0.3469742235809074
552,0.5166,11,45,11,549261,56349,78003,29953,0.521962651450591,0.3470719102685917
553,0.5167,555,1569,555,550830,54780,78558,29398,0.5074289525362184,0.3492361424600252
554,0.5168,26,99,26,550929,54681,78584,29372,0.5065119122605506,0.349446182765636
555,0.5169,420,1406,420,552335,53275,79004,28952,0.4934880877394494,0.3520984591435903
556,0.517,91,264,91,552599,53011,79095,28861,0.4910426470043351,0.35251367989056087
557,0.5171,648,1707,648,554306,51304,79743,28213,0.4752306495238801,0.35480463297156584
558,0.5172,220,566,220,554872,50738,79963,27993,0.4699877727963244,0.35555245075002223
559,0.5173,613,1751,613,556623,48987,80576,27380,0.45376820186001704,0.35853182657430566
560,0.5174,64,176,64,556799,48811,80640,27316,0.4521379080366075,0.358821443114795
561,0.5175,1307,3404,1307,560203,45407,81947,26009,0.42060654340657305,0.3641900974571525
562,0.5176,277,701,277,560904,44706,82224,25732,0.41411315721219755,0.3653141770067293
563,0.5177,44,141,44,561045,44565,82268,25688,0.4128070695468524,0.3656498654861714
564,0.5178,35,84,35,561129,44481,82303,25653,0.4120289747674979,0.36577123791598937
565,0.5179,40,105,40,561234,44376,82343,25613,0.41105635629330467,0.36595750760833845
566,0.518,98,251,98,561485,44125,82441,25515,0.4087313349883286,0.3663842619184377
567,0.5181,22,38,22,561523,44087,82463,25493,0.40837933973100154,0.3663840183960908
568,0.5182,259,686,259,562209,43401,82722,25234,0.40202489903293936,0.36765498652291106
569,0.5183,204,501,204,562710,42900,82926,25030,0.3973841194560747,0.3684675401148241
570,0.5184,37,121,37,562831,42779,82963,24993,0.39626329245248065,0.36878061736410317
571,0.5185,25,59,25,562890,42720,82988,24968,0.3957167735003149,0.36886892802269233
572,0.5186,154,422,154,563312,42298,83142,24814,0.39180777353736707,0.36974013589223986
573,0.5187,115,258,115,563570,42040,83257,24699,0.3894179110007781,0.37008345944650056
574,0.5188,115,335,115,563905,41705,83372,24584,0.38631479491644743,0.3708609271523179
575,0.5189,114,283,114,564188,41422,83486,24470,0.3836933565526696,0.3713652643720027
576,0.519,84,283,84,564471,41139,83570,24386,0.38107191818889175,0.37216329645173596
577,0.5191,87,293,87,564764,40846,83657,24299,0.3783578494942384,0.37299869521835904
578,0.5192,20,46,20,564810,40800,83677,24279,0.3779317499722109,0.373069653805375
579,0.5193,51,175,51,564985,40625,83728,24228,0.3763107191818889,0.3735833346182906
580,0.5194,152,402,152,565387,40223,83880,24076,0.3725869798806921,0.3744381716667444
581,0.5195,139,414,139,565801,39809,84019,23937,0.3687520841824447,0.37550591409657075
582,0.5196,68,202,68,566003,39607,84087,23869,0.36688095149875877,0.37603188606717497
583,0.5197,30,78,30,566081,39529,84117,23839,0.36615843491792954,0.37619934351723266
584,0.5198,48,164,48,566245,39365,84165,23791,0.36463929749157065,0.3767021343973653
585,0.5199,47,122,47,566367,39243,84212,23744,0.363509207454889,0.3769666756632321
586,0.52,10,31,10,566398,39212,84222,23734,0.36322205342917485,0.3770533473135704
587,0.5201,366,731,366,567129,38481,84588,23368,0.35645077624217275,0.37782340862423
588,0.5202,611,1287,611,568416,37194,85199,22757,0.3445292526584905,0.37959333455655453
589,0.5203,177,509,177,568925,36685,85376,22580,0.3398143688169254,0.38100059056778873
590,0.5204,9,15,9,568940,36670,85385,22571,0.3396754233206121,0.38100302155601695
591,0.5205,260,621,260,569561,36049,85645,22311,0.3339230797732409,0.3822995202193283
592,0.5206,381,923,381,570484,35126,86026,21930,0.3253733002334284,0.3843592260235558
593,0.5207,22,90,22,570574,35036,86048,21908,0.3245396272555486,0.38472885642034277
594,0.5208,66,173,66,570747,34863,86114,21842,0.32293712253140167,0.38518649149105016
595,0.5209,627,1281,627,572028,33582,86741,21215,0.31107117714624477,0.3871562311805391
596,0.521,545,1200,545,573228,32382,87286,20670,0.29995553744117975,0.38961773354444695
597,0.5211,24,48,24,573276,32334,87310,20646,0.2995109118529771,0.3896942242355606
598,0.5212,1,2,1,573278,32332,87311,20645,0.29949238578680204,0.3896974158597127
599,0.5213,105,229,105,573507,32103,87416,20540,0.2973711512097521,0.3901753319529662
600,0.5214,14,55,14,573562,32048,87430,20526,0.29686168438993665,0.3904211207060524
601,0.5215,1,0,1,573562,32048,87431,20525,0.29686168438993665,0.3904095258022179
602,0.5216,49,78,49,573640,31970,87480,20476,0.29613916780910743,0.39042062311711095
603,0.5217,82,233,82,573873,31737,87562,20394,0.29398088109970727,0.3912067675663233
604,0.5218,4,16,4,573889,31721,87566,20390,0.29383267257030643,0.3912801519832665
605,0.5219,2,9,2,573898,31712,87568,20388,0.2937493052725184,0.39132437619961613
606,0.522,136,324,136,574222,31388,87704,20252,0.2907480825521509,0.39217660728117737
607,0.5221,412,841,412,575063,30547,88116,19840,0.2829578717255178,0.39375235675868775
608,0.5222,28,59,28,575122,30488,88144,19812,0.2824113527733521,0.39387673956262426
609,0.5223,11,29,11,575151,30459,88155,19801,0.28214272481381303,0.3939713489852766
610,0.5224,27,43,27,575194,30416,88182,19774,0.2817444143910482,0.39398286511257224
611,0.5225,26,38,26,575232,30378,88208,19748,0.28139241913372115,0.3939672026493237
612,0.5226,165,326,165,575558,30052,88373,19583,0.2783726703471785,0.3945401430442228
613,0.5227,6,9,6,575567,30043,88379,19577,0.2782893030493905,0.3945384925433293
614,0.5228,94,247,94,575814,29796,88473,19483,0.2760013338767646,0.39536110716532397
615,0.5229,279,555,279,576369,29241,88752,19204,0.27086035051317203,0.39640829806997624
616,0.523,4,4,4,576373,29237,88756,19200,0.2708232983808218,0.3963911885542044
617,0.5231,24,50,24,576423,29187,88780,19176,0.2703601467264441,0.3965014577259475
618,0.5232,217,435,217,576858,28752,88997,18959,0.26633072733335805,0.39737167529500533
619,0.5233,198,411,198,577269,28341,89195,18761,0.26252362073437324,0.3983058044244406
620,0.5234,156,320,156,577589,28021,89351,18605,0.2595594501463559,0.3990262943422125
621,0.5235,49,88,49,577677,27933,89400,18556,0.25874430323465114,0.39914818559229065
622,0.5236,7,38,7,577715,27895,89407,18549,0.2583923079773241,0.3993842046335372
623,0.5237,6,7,6,577722,27888,89413,18543,0.2583274667457112,0.399366802351877
624,0.5238,111,189,111,577911,27699,89524,18432,0.25657675349216347,0.3995577811016453
625,0.5239,7,32,7,577943,27667,89531,18425,0.25628033643336173,0.39974399028030894
626,0.524,215,457,215,578400,27210,89746,18210,0.2520471303123495,0.4009247027741083
627,0.5241,37,68,37,578468,27142,89783,18173,0.2514172440623958,0.40103718415535694
628,0.5242,10,20,10,578488,27122,89793,18163,0.25123198340064473,0.40108203599425857
629,0.5243,16,56,16,578544,27066,89809,18147,0.25071325354774165,0.4013668635127065
630,0.5244,37,50,37,578594,27016,89846,18110,0.25025010189336394,0.4013207463546514
631,0.5245,18,36,18,578630,26980,89864,18092,0.249916632702212,0.4014022009229677
632,0.5246,28,43,28,578673,26937,89892,18064,0.24951832227944717,0.40141330192662383
633,0.5247,29,87,29,578760,26850,89921,18035,0.24871243840082996,0.4018046117856745
634,0.5248,64,138,64,578898,26712,89985,17971,0.2474341398347475,0.40218875187431463
635,0.5249,16,41,16,578939,26671,90001,17955,0.24705435547815777,0.40234392506610495
636,0.525,4,16,4,578955,26655,90005,17951,0.2469061469487569,0.40243465004707885
637,0.5251,36,77,36,579032,26578,90041,17915,0.24619289340101522,0.40264760748881845
638,0.5252,14,34,14,579066,26544,90055,17901,0.2458779502760384,0.4027674654066824
639,0.5253,72,160,72,579226,26384,90127,17829,0.24439586498202973,0.4032524370660213
640,0.5254,41,126,41,579352,26258,90168,17788,0.2432287228129979,0.4038505199110021
641,0.5255,24,90,24,579442,26168,90192,17764,0.242395049835118,0.40435218064281164
642,0.5256,36,56,36,579498,26112,90228,17728,0.24187631998221498,0.4043795620437956
643,0.5257,11,13,11,579511,26099,90239,17717,0.24175590055207677,0.40435000912908525
644,0.5258,41,135,41,579646,25964,90280,17676,0.24050539108525695,0.40504124656278645
645,0.5259,111,303,111,579949,25661,90391,17565,0.23769869205972805,0.4063526581224263
646,0.526,12,26,12,579975,25635,90403,17553,0.23745785319945162,0.40643234231731035
647,0.5261,94,234,94,580209,25401,90497,17459,0.23529030345696395,0.4073495100326645
648,0.5262,32,70,32,580279,25331,90529,17427,0.23464189114083517,0.4075728518639787
649,0.5263,124,237,124,580516,25094,90653,17303,0.2324465522990848,0.4081184989503974
650,0.5264,92,198,92,580714,24896,90745,17211,0.23061247174774907,0.40874438929394163
651,0.5265,41,88,41,580802,24808,90786,17170,0.22979732483604431,0.409023774357997
652,0.5266,91,257,91,581059,24551,90877,17079,0.2274167253325429,0.41025702618304105
653,0.5267,263,422,263,581481,24129,91140,16816,0.223507725369595,0.41069727683477836
654,0.5268,40,75,40,581556,24054,91180,16776,0.22281299788802847,0.41087435709037473
655,0.5269,186,304,186,581860,23750,91366,16590,0.219997035829412,0.4112543381259296
656,0.527,13,31,13,581891,23719,91379,16577,0.2197098818036978,0.41138078221163393
657,0.5271,59,144,59,582035,23575,91438,16518,0.21837600503909,0.41199211832489463
658,0.5272,96,199,96,582234,23376,91534,16422,0.2165326614546667,0.4126338006935022
659,0.5273,148,241,148,582475,23135,91682,16274,0.21430027048056616,0.4129513562891725
660,0.5274,251,392,251,582867,22743,91933,16023,0.21066916151024492,0.4133261105092091
661,0.5275,4,6,4,582873,22737,91937,16019,0.2106135833117196,0.41332954897306223
662,0.5276,4,5,4,582878,22732,91941,16015,0.21056726814628182,0.41332232172813377
663,0.5277,37,94,37,582972,22638,91978,15978,0.20969654303605173,0.4137663144810441
664,0.5278,3,8,3,582980,22630,91981,15975,0.20962243877135128,0.41380650174847816
665,0.5279,21,38,21,583018,22592,92002,15954,0.20927044351402424,0.41389508639028694
666,0.528,317,548,317,583566,22044,92319,15637,0.20419430138204453,0.4149836787771025
667,0.5281,515,862,515,584428,21182,92834,15122,0.19620956686057284,0.4165381225209343
668,0.5282,30,69,30,584497,21113,92864,15092,0.19557041757753157,0.41684850158817843
669,0.5283,279,420,279,584917,20693,93143,14813,0.19167994368075883,0.4171970934489945
670,0.5284,8,5,8,584922,20688,93151,14805,0.19163362851532106,0.4171245034232102
671,0.5285,0,2,0,584924,20686,93151,14805,0.19161510244914595,0.41714800935448426
672,0.5286,60,106,60,585030,20580,93211,14745,0.19063322094186522,0.41740976645435246
673,0.5287,415,738,415,585768,19842,93626,14330,0.1837971025232502,0.41934917476296385
674,0.5288,360,581,360,586349,19261,93986,13970,0.17841528029938122,0.42039059913935783
675,0.5289,14,15,14,586364,19246,94000,13956,0.17827633480306793,0.4203361243298597
676,0.529,82,124,82,586488,19122,94082,13874,0.17712771870021118,0.4204752091162565
677,0.5291,3,5,3,586493,19117,94085,13871,0.17708140353477342,0.4204862374196678
678,0.5292,212,313,212,586806,18804,94297,13659,0.17418207417836898,0.420755937528879
679,0.5293,42,91,42,586897,18713,94339,13617,0.17333913816740154,0.42118775131456854
680,0.5294,67,117,67,587014,18596,94406,13550,0.1722553632961577,0.4215143408200087
681,0.5295,36,88,36,587102,18508,94442,13514,0.17144021638445292,0.4220223596277559
682,0.5296,237,423,237,587525,18085,94679,13277,0.1675219533884175,0.42334672533639434
683,0.5297,11,19,11,587544,18066,94690,13266,0.16734595575975397,0.42340099578705476
684,0.5298,219,375,219,587919,17691,94909,13047,0.16387231835192115,0.4244583252000781
685,0.5299,215,340,215,588259,17351,95124,12832,0.16072288710215274,0.42513997945863563
686,0.53,1,5,1,588264,17346,95125,12831,0.16067657193671495,0.42519137091162146
687,0.5301,45,69,45,588333,17277,95170,12786,0.1600374226536737,0.4253068556032332
688,0.5302,11,19,11,588352,17258,95181,12775,0.1598614250250102,0.4253654313588386
689,0.5303,4,10,4,588362,17248,95185,12771,0.15976879469413466,0.4254305606449249
690,0.5304,289,520,289,588882,16728,95474,12482,0.15495201748860646,0.42731941116056144
691,0.5305,1,2,1,588884,16726,95475,12481,0.15493349142243137,0.4273290649501832
692,0.5306,53,85,53,588969,16641,95528,12428,0.15414613360998924,0.4275344869104544
693,0.5307,4,5,4,588974,16636,95532,12424,0.15409981844455148,0.4275292498279422
694,0.5308,2,5,2,588979,16631,95534,12422,0.1540535032791137,0.4275634185798369
695,0.5309,6,5,6,588984,16626,95540,12416,0.15400718811367595,0.42751876592521176
696,0.531,3,6,3,588990,16620,95543,12413,0.1539516099151506,0.4275479626631764
697,0.5311,30,57,30,589047,16563,95573,12383,0.15342361702916002,0.4277965867477372
698,0.5312,15,24,15,589071,16539,95588,12368,0.15320130423505873,0.4278548448472688
699,0.5314,10,23,10,589094,16516,95598,12358,0.152988254474045,0.4279975064071483
700,0.5315,7,20,7,589114,16496,95605,12351,0.1528029938122939,0.4281554407737373
701,0.5316,7,12,7,589126,16484,95612,12344,0.15269183741524325,0.4281948106008048
702,0.5317,74,90,74,589216,16394,95686,12270,0.15185816443736336,0.4280630756349428
703,0.5318,2,6,2,589222,16388,95688,12268,0.15180258623883805,0.42811278615298715
704,0.5319,14,38,14,589260,16350,95702,12254,0.15145059098151098,0.4284016221507482
705,0.532,9,7,9,589267,16343,95711,12245,0.1513857497498981,0.4283265705890583
706,0.5321,14,23,14,589290,16320,95725,12231,0.15117269998888436,0.4283912997793422
707,0.5322,15,35,15,589325,16285,95740,12216,0.15084849383081997,0.4286165397705344
708,0.5323,37,30,37,589355,16255,95777,12179,0.15057060283819335,0.42832524442568753
709,0.5324,10,16,10,589371,16239,95787,12169,0.15042239430879248,0.4283652492255703
710,0.5325,9,21,9,589392,16218,95796,12160,0.15022787061395385,0.4285009514412573
711,0.5326,21,43,21,589435,16175,95817,12139,0.149829560191189,0.4287278378187469
712,0.5327,10,17,10,589452,16158,95827,12129,0.14967208862870057,0.4287835401421147
713,0.5328,2,17,2,589469,16141,95829,12127,0.14951461706621216,0.4290009905193151
714,0.5329,47,57,47,589526,16084,95876,12080,0.14898662418022157,0.42891634710978555
715,0.533,53,64,53,589590,16020,95929,12027,0.1483937900626181,0.4288159161407637
716,0.5331,7,26,7,589616,15994,95936,12020,0.1481529512023417,0.42907117869636613
717,0.5332,10,35,10,589651,15959,95946,12010,0.1478287450442773,0.42940398298115773
718,0.5333,63,89,63,589740,15870,96009,11947,0.14700433509948496,0.4294855663802711
719,0.5334,97,138,97,589878,15732,96106,11850,0.1457260365334025,0.4296280182727866
720,0.5335,41,46,41,589924,15686,96147,11809,0.145299937011375,0.42949627204946356
721,0.5336,63,107,63,590031,15579,96210,11746,0.1443087924710067,0.4298627630375114
722,0.5337,116,235,116,590266,15344,96326,11630,0.14213197969543148,0.4311559279305998
723,0.5338,9,11,9,590277,15333,96335,11621,0.14203008633146838,0.43114194553684054
724,0.5339,106,140,106,590417,15193,96441,11515,0.1407332616992108,0.431144226449004
725,0.534,31,67,31,590484,15126,96472,11484,0.14011263848234465,0.4315670800450958
726,0.5341,41,19,41,590503,15107,96513,11443,0.13993664085368113,0.4309981167608286
727,0.5342,419,655,419,591158,14452,96932,11024,0.13386935418133314,0.43272099230648453
728,0.5343,76,130,76,591288,14322,97008,10948,0.1326651598799511,0.4332409972299169
729,0.5344,536,788,536,592076,13534,97544,10412,0.1253658898069584,0.4348116595673599
730,0.5345,132,269,132,592345,13265,97676,10280,0.12287413390640631,0.43661074538118494
731,0.5346,77,111,77,592456,13154,97753,10203,0.12184593723368779,0.436828359806482
732,0.5347,61,111,61,592567,13043,97814,10142,0.12081774056096928,0.4374379987060599
733,0.5348,421,606,421,593173,12437,98235,9721,0.11520434250991145,0.4387128802238469
734,0.5349,6,14,6,593187,12423,98241,9715,0.11507466004668569,0.43883819676574215
735,0.535,30,41,30,593228,12382,98271,9685,0.11469487569009597,0.43889065119862236
736,0.5351,672,1082,672,594310,11300,98943,9013,0.10467227388936233,0.44370600108305025
737,0.5352,644,975,644,595285,10325,99587,8369,0.095640816628997,0.44768374879640527
738,0.5353,18,11,18,595296,10314,99605,8351,0.09553892326503391,0.4474149477631931
739,0.5354,2,2,2,595298,10312,99607,8349,0.0955203971988588,0.44740367611596377
740,0.5355,4,4,4,595302,10308,99611,8345,0.09548334506650857,0.4473811183187691
741,0.5356,2,4,2,595306,10304,99613,8343,0.09544629293415836,0.4474178151981552
742,0.5357,42,90,42,595396,10214,99655,8301,0.09461261995627848,0.44833918444504456
743,0.5358,31,68,31,595464,10146,99686,8270,0.0939827337063248,0.44906602953953084
744,0.5359,142,195,142,595659,9951,99828,8128,0.09217644225425173,0.4495823884064384
745,0.536,43,81,43,595740,9870,99871,8085,0.09142613657415985,0.4502923976608187
746,0.5361,9,17,9,595757,9853,99880,8076,0.09126866501167143,0.4504434156952423
747,0.5362,65,93,65,595850,9760,99945,8011,0.09040720293452888,0.4507906139215576
748,0.5363,82,111,82,595961,9649,100027,7929,0.08937900626181036,0.451075207645921
749,0.5364,12,22,12,595983,9627,100039,7917,0.08917521953388417,0.451265389876881
750,0.5365,56,63,56,596046,9564,100095,7861,0.08859164844936826,0.4511334289813486
751,0.5366,36,64,36,596110,9500,100131,7825,0.08799881433176479,0.45165945165945165
752,0.5367,130,169,130,596279,9331,100261,7695,0.08643336173996813,0.4519558322565488
753,0.5368,5,14,5,596293,9317,100266,7690,0.08630367927674237,0.45216675486564356
754,0.5369,5,8,5,596301,9309,100271,7685,0.08622957501204194,0.4522184300341297
755,0.537,0,1,0,596302,9308,100271,7685,0.08622031197895438,0.452245042076149
756,0.5371,15,34,15,596336,9274,100286,7670,0.08590536885397755,0.4526676109537299
757,0.5372,102,134,102,596470,9140,100388,7568,0.08466412242024529,0.4529566674646876
758,0.5373,14,17,14,596487,9123,100402,7554,0.08450665085775687,0.45295916531750313
759,0.5374,214,249,214,596736,8874,100616,7340,0.08220015561895587,0.4526952016775626
760,0.5375,37,50,37,596786,8824,100653,7303,0.08173700396457816,0.4528430582253364
761,0.5377,97,133,97,596919,8691,100750,7206,0.08050502056393345,0.4532930741649368
762,0.5378,1,0,1,596919,8691,100751,7205,0.08050502056393345,0.4532586814292904
763,0.5379,29,32,29,596951,8659,100780,7176,0.08020860350513172,0.45317335017366595
764,0.538,90,153,90,597104,8506,100870,7086,0.07879135944273592,0.4544638276038994
765,0.5381,2,1,2,597105,8505,100872,7084,0.07878209640964838,0.4544229905702739
766,0.5382,102,139,102,597244,8366,100974,6982,0.07749453481047834,0.45491269220745373
767,0.5383,12,24,12,597268,8342,100986,6970,0.07727222201637704,0.45519853709508884
768,0.5384,0,3,0,597271,8339,100986,6970,0.07724443291711439,0.4552877392383565
769,0.5385,1,2,1,597273,8337,100987,6969,0.07722590685093927,0.45531164249313993
770,0.5386,12,19,12,597292,8318,100999,6957,0.07704990922227574,0.45545008183306057
771,0.5387,0,1,0,597293,8317,100999,6957,0.07704064618918818,0.45547990048448345
772,0.5388,13,25,13,597318,8292,101012,6944,0.07680907036199933,0.4557626673667629
773,0.5389,6,10,6,597328,8282,101018,6938,0.0767164400311238,0.45584756898817347
774,0.539,19,28,19,597356,8254,101037,6919,0.07645707510467227,0.4560073815329862
775,0.5392,10,7,10,597363,8247,101047,6909,0.07639223387305939,0.4558590657165479
776,0.5393,3,3,3,597366,8244,101050,6906,0.07636444477379674,0.45584158415841586
777,0.5394,13,36,13,597402,8208,101063,6893,0.07603097558264478,0.456459837096881
778,0.5395,5,6,5,597408,8202,101068,6888,0.07597539738411946,0.45646123260437377
779,0.5396,22,51,22,597459,8151,101090,6866,0.07550298269665419,0.4572151561563561
780,0.5397,4,9,4,597468,8142,101094,6862,0.0754196153988662,0.4573447080778459
781,0.5398,4,3,4,597471,8139,101098,6858,0.07539182629960355,0.45729145829165835
782,0.5399,22,19,22,597490,8120,101120,6836,0.07521582867094001,0.4570740839796737
783,0.54,65,172,65,597662,7948,101185,6771,0.0736225869798807,0.46001766424349483
784,0.5401,3,2,3,597664,7946,101188,6768,0.07360406091370558,0.45997009650672827
785,0.5402,3,10,3,597674,7936,101191,6765,0.07351143058283004,0.46017277736208423
786,0.5403,61,107,61,597781,7829,101252,6704,0.07252028604246175,0.46129498382990436
787,0.5404,123,160,123,597941,7669,101375,6581,0.07103820074845307,0.46182456140350875
788,0.5405,9,10,9,597951,7659,101384,6572,0.07094557041757753,0.46180872742604173
789,0.5407,3,14,3,597965,7645,101387,6569,0.07081588795435177,0.46214999296468273
790,0.5408,66,159,66,598124,7486,101453,6503,0.06934306569343066,0.4648652512688541
791,0.5409,172,195,172,598319,7291,101625,6331,0.0675367742413576,0.46476288357069445
792,0.541,169,154,169,598473,7137,101794,6162,0.06611026714587424,0.4633431085043988
793,0.5411,4,13,4,598486,7124,101798,6158,0.06598984771573604,0.46363499472970937
794,0.5412,3,15,3,598501,7109,101801,6155,0.06585090221942273,0.4640379975874548
795,0.5413,102,127,102,598628,6982,101903,6053,0.06467449701730335,0.4643651706942846
796,0.5414,41,46,41,598674,6936,101944,6012,0.06424839749527585,0.4643188137164041
797,0.5415,176,194,176,598868,6742,102120,5836,0.06245136907629034,0.4639847352520273
798,0.5416,239,225,239,599093,6517,102359,5597,0.06036718663159065,0.46202740630675254
799,0.5417,4,1,4,599094,6516,102363,5593,0.060357923598503095,0.461887852010901
800,0.5418,3,4,3,599098,6512,102366,5590,0.06032087146615288,0.46190712278962154
801,0.5419,29,21,29,599119,6491,102395,5561,0.06012634777131424,0.4614171921672751
802,0.542,1,2,1,599121,6489,102396,5560,0.06010782170513913,0.46144908291144493
803,0.5422,663,757,663,599878,5732,103059,4897,0.05309570565786061,0.4607206698654624
804,0.5423,220,291,220,600169,5441,103279,4677,0.05040016302938234,0.4622455030638466
805,0.5424,306,324,306,600493,5117,103585,4371,0.047398940309014786,0.46068718381112983
806,0.5425,3,7,3,600500,5110,103588,4368,0.0473340990774019,0.4608567208271787
807,0.5426,3,3,3,600503,5107,103591,4365,0.04730630997813924,0.46083192567567566
808,0.5427,5,5,5,600508,5102,103596,4360,0.04725999481270147,0.46079053054322555
809,0.5428,82,129,82,600637,4973,103678,4278,0.04606506354440698,0.46243649335207004
810,0.5429,790,892,790,601529,4081,104468,3488,0.037802438030308645,0.4608270577355001
811,0.543,32,24,32,601553,4057,104500,3456,0.037580125236207344,0.46000266205244245
812,0.5431,31,50,31,601603,4007,104531,3425,0.03711697358182964,0.46084499461786865
813,0.5432,9,15,9,601618,3992,104540,3416,0.03697802808551632,0.4611231101511879
814,0.5433,9,9,9,601627,3983,104549,3407,0.03689466078772834,0.4610284167794317
815,0.5434,189,284,189,601911,3699,104738,3218,0.03426395939086294,0.465230591296805
816,0.5435,43,75,43,601986,3624,104781,3175,0.03356923190929638,0.46698043829974994
817,0.5436,40,45,40,602031,3579,104821,3135,0.03315239542035644,0.46693476318141197
818,0.5437,234,331,234,602362,3248,105055,2901,0.030086331468376006,0.47178402992356483
819,0.5438,40,53,40,602415,3195,105095,2861,0.029595390714735634,0.4724240422721268
820,0.5439,10,11,10,602426,3184,105105,2851,0.029493497350772536,0.4724109362054681
821,0.544,353,494,353,602920,2690,105458,2498,0.024917559005520767,0.4814957594448728
822,0.5442,28,32,28,602952,2658,105486,2470,0.024621141946719032,0.48166926677067085
823,0.5443,0,2,0,602954,2656,105486,2470,0.024602615880543924,0.481857198595396
824,0.5444,6,13,6,602967,2643,105492,2464,0.02448219645040572,0.48247503426669275
825,0.5445,207,278,207,603245,2365,105699,2257,0.021907073252065656,0.4883167459974037
826,0.5446,81,77,81,603322,2288,105780,2176,0.021193819704323984,0.4874551971326165
827,0.5447,3,2,3,603324,2286,105783,2173,0.021175293638148875,0.4873289975330792
828,0.5448,1,0,1,603324,2286,105784,2172,0.021175293638148875,0.48721399730820997
829,0.5451,1,2,1,603326,2284,105785,2171,0.021156767571973767,0.48731762065095396
830,0.5452,27,35,27,603361,2249,105812,2144,0.02083256141390937,0.4880491691327111
831,0.5453,22,23,22,603384,2226,105834,2122,0.020619511652895623,0.4880404783808648
832,0.5456,6,14,6,603398,2212,105840,2116,0.020489829189669864,0.488909426987061
833,0.5459,75,75,75,603473,2137,105915,2041,0.0197951017081033,0.48851124940162755
834,0.546,7,12,7,603485,2125,105922,2034,0.01968394531105265,0.4890598701610964
835,0.5463,6,7,6,603492,2118,105928,2028,0.019619104079439773,0.48914616497829233
836,0.5464,6,6,6,603498,2112,105934,2022,0.019563525880914447,0.48911465892597966
837,0.5465,17,14,17,603512,2098,105951,2005,0.01943384341768869,0.48866682914940285
838,0.5466,8,9,8,603521,2089,105959,1997,0.0193504761199007,0.4887420460107685
839,0.5467,15,22,15,603543,2067,105974,1982,0.01914668939197451,0.4895035811311435
840,0.5468,6,11,6,603554,2056,105980,1976,0.019044796028011412,0.49007936507936506
841,0.5469,2,7,2,603561,2049,105982,1974,0.018979954796398534,0.4906785980611484
842,0.547,26,22,26,603583,2027,106008,1948,0.01877616806847234,0.490062893081761
843,0.5471,51,42,51,603625,1985,106059,1897,0.018387120678795065,0.48866563626996395
844,0.5472,1,1,1,603626,1984,106060,1896,0.01837785764570751,0.488659793814433
845,0.5473,9,26,9,603652,1958,106069,1887,0.0181370187854311,0.4907672301690507
846,0.5474,10,21,10,603673,1937,106079,1877,0.017942495090592463,0.49213424226533825
847,0.5475,126,114,126,603787,1823,106205,1751,0.016886509318611288,0.48992725237828766
848,0.5476,4,6,4,603793,1817,106209,1747,0.016830931120085962,0.49017957351290686
849,0.5477,27,24,27,603817,1793,106236,1720,0.01660861832598466,0.4896100199259892
850,0.5478,16,29,16,603846,1764,106252,1704,0.016339990366445588,0.4913494809688581
851,0.5479,25,49,25,603895,1715,106277,1679,0.015886101745155434,0.49469652327637004
852,0.548,105,69,105,603964,1646,106382,1574,0.015246952462114195,0.4888198757763975
853,0.5481,16,30,16,603994,1616,106398,1558,0.014969061469487569,0.49086326402016384
854,0.5482,24,23,24,604017,1593,106422,1534,0.014756011708473822,0.49056603773584906
855,0.5483,78,49,78,604066,1544,106500,1456,0.014302123087183668,0.48533333333333334
856,0.5484,11,35,11,604101,1509,106511,1445,0.013977916929119271,0.48916723087339203
857,0.5485,27,32,27,604133,1477,106538,1418,0.013681499870317537,0.4898100172711572
858,0.5486,8,15,8,604148,1462,106546,1410,0.013542554374004223,0.4909470752089137
859,0.5487,88,103,88,604251,1359,106634,1322,0.012588461965986142,0.49309958970533385
860,0.5488,21,23,21,604274,1336,106655,1301,0.012375412204972396,0.4933636708380736
861,0.5489,0,5,0,604279,1331,106655,1301,0.012329097039534625,0.49430091185410335
862,0.549,8,8,8,604287,1323,106663,1293,0.012254992774834191,0.49426605504587157
863,0.5491,19,34,19,604321,1289,106682,1274,0.01194004964985735,0.49707374170893487
864,0.5492,1,1,1,604322,1288,106683,1273,0.011930786616769795,0.4970714564623194
865,0.5493,36,65,36,604387,1223,106719,1237,0.011328689466078772,0.5028455284552845
866,0.5494,76,75,76,604462,1148,106795,1161,0.010633961984512209,0.5028150714595063
867,0.5495,3,8,3,604470,1140,106798,1158,0.010559857719811775,0.5039164490861618
868,0.5498,45,58,45,604528,1082,106843,1113,0.010022601800733633,0.5070615034168565
869,0.5499,0,1,0,604529,1081,106843,1113,0.010013338767646079,0.5072926162260711
870,0.55,47,68,47,604597,1013,106890,1066,0.009383452517692393,0.5127465127465127
871,0.5501,19,37,19,604634,976,106909,1047,0.009040720293452889,0.5175481957488878
872,0.5502,13,7,13,604641,969,106922,1034,0.00897587906184001,0.5162256615077384
873,0.5503,37,29,37,604670,940,106959,997,0.008707251102300938,0.514713474445018
874,0.5504,22,18,22,604688,922,106981,975,0.008540516506724962,0.5139694254085398
875,0.5505,24,16,24,604704,906,107005,951,0.008392307977324095,0.5121163166397416
876,0.5506,45,37,45,604741,869,107050,906,0.00804957575308459,0.5104225352112676
877,0.5507,23,36,23,604777,833,107073,883,0.007716106561932639,0.5145687645687645
878,0.5508,1,6,1,604783,827,107074,882,0.0076605283634073144,0.516091281451141
879,0.5509,0,1,0,604784,826,107074,882,0.00765126533031976,0.5163934426229508
880,0.551,2,3,2,604787,823,107076,880,0.007623476231057098,0.5167351732237229
881,0.5512,19,17,19,604804,806,107095,861,0.007466004668568676,0.5164967006598681
882,0.5513,105,111,105,604915,695,107200,756,0.006437807995850161,0.5210199862164024
883,0.5515,111,120,111,605035,575,107311,645,0.0053262440253436585,0.5286885245901639
884,0.5516,107,117,107,605152,458,107418,538,0.004242469154099818,0.5401606425702812
885,0.5518,104,99,104,605251,359,107522,434,0.0033254288784319535,0.5472887767969735
886,0.5519,3,0,3,605251,359,107525,431,0.0033254288784319535,0.5455696202531646
887,0.552,26,11,26,605262,348,107551,405,0.0032235355144688577,0.5378486055776892
888,0.5522,1,0,1,605262,348,107552,404,0.0032235355144688577,0.5372340425531915
889,0.5523,91,94,91,605356,254,107643,313,0.002352810404238764,0.5520282186948854
890,0.5524,7,3,7,605359,251,107650,306,0.0023250213049761013,0.5493716337522442
891,0.5525,1,1,1,605360,250,107651,305,0.002315758271888547,0.5495495495495496
892,0.5526,1,0,1,605360,250,107652,304,0.002315758271888547,0.5487364620938628
893,0.5527,7,7,7,605367,243,107659,297,0.002250917040275668,0.55
894,0.553,4,4,4,605371,239,107663,293,0.0022138649079254513,0.5507518796992481
895,0.5531,7,9,7,605380,230,107670,286,0.0021304976101374634,0.5542635658914729
896,0.5533,4,0,4,605380,230,107674,282,0.0021304976101374634,0.55078125
897,0.5534,1,0,1,605380,230,107675,281,0.0021304976101374634,0.5499021526418787
898,0.5535,5,3,5,605383,227,107680,276,0.002102708510874801,0.5487077534791253
899,0.5536,5,13,5,605396,214,107685,271,0.0019822890807365966,0.5587628865979382
900,0.5537,3,2,3,605398,212,107688,268,0.001963763014561488,0.5583333333333333
901,0.5539,3,3,3,605401,209,107691,265,0.0019359739152988254,0.5590717299578059
902,0.554,21,19,21,605420,190,107712,244,0.001759976286635296,0.5622119815668203
903,0.5541,22,10,22,605430,180,107734,222,0.0016673459557597539,0.5522388059701493
904,0.5543,3,7,3,605437,173,107737,219,0.0016025047241468747,0.5586734693877551
905,0.5544,6,5,6,605442,168,107743,213,0.0015561895587091036,0.5590551181102362
906,0.5545,18,10,18,605452,158,107761,195,0.0014635592278335618,0.5524079320113314
907,0.5546,2,1,2,605453,157,107763,193,0.0014542961947460076,0.5514285714285714
908,0.5551,1,0,1,605453,157,107764,192,0.0014542961947460076,0.5501432664756447
909,0.5552,6,8,6,605461,149,107770,186,0.0013801919300455742,0.5552238805970149
910,0.5553,1,0,1,605461,149,107771,185,0.0013801919300455742,0.5538922155688623
911,0.5554,8,3,8,605464,146,107779,177,0.0013524028307829116,0.5479876160990712
912,0.5555,0,1,0,605465,145,107779,177,0.0013431397976953574,0.5496894409937888
913,0.5557,3,2,3,605467,143,107782,174,0.001324613731520249,0.5488958990536278
914,0.5558,0,2,0,605469,141,107782,174,0.0013060876653451406,0.5523809523809524
915,0.5559,2,1,2,605470,140,107784,172,0.0012968246322575864,0.5512820512820513
916,0.556,21,10,21,605480,130,107805,151,0.0012041943013820445,0.5373665480427047
917,0.5561,2,3,2,605483,127,107807,149,0.001176405202119382,0.5398550724637681
918,0.5562,0,1,0,605484,126,107807,149,0.0011671421690318277,0.5418181818181819
919,0.5563,6,2,6,605486,124,107813,143,0.0011486161028567193,0.5355805243445693
920,0.5564,10,11,10,605497,113,107823,133,0.0010467227388936233,0.540650406504065
921,0.5565,1,0,1,605497,113,107824,132,0.0010467227388936233,0.5387755102040817
922,0.5566,2,6,2,605503,107,107826,130,0.0009911445403682983,0.5485232067510548
923,0.5568,13,8,13,605511,99,107839,117,0.0009170402756678647,0.5416666666666666
924,0.557,19,7,19,605518,92,107858,98,0.0008521990440549853,0.5157894736842106
925,0.5571,8,18,8,605536,74,107866,90,0.00068546444847901,0.5487804878048781
926,0.5572,4,2,4,605538,72,107870,86,0.0006669383823039016,0.5443037974683544
927,0.5573,6,5,6,605543,67,107876,80,0.0006206232168661307,0.54421768707483
928,0.5574,12,4,12,605547,63,107888,68,0.0005835710845159139,0.5190839694656488
929,0.5575,6,8,6,605555,55,107894,62,0.0005094668198154803,0.5299145299145299
930,0.5576,13,14,13,605569,41,107907,49,0.00037978435658972176,0.5444444444444444
931,0.5577,3,0,3,605569,41,107910,46,0.00037978435658972176,0.5287356321839081
932,0.5578,18,15,18,605584,26,107928,28,0.00024083886027640892,0.5185185185185185
933,0.5581,1,1,1,605585,25,107929,27,0.00023157582718885472,0.5192307692307693
934,0.5583,8,7,8,605592,18,107937,19,0.0001667345955759754,0.5135135135135135
935,0.5592,1,0,1,605592,18,107938,18,0.0001667345955759754,0.5
936,0.5593,1,0,1,605592,18,107939,17,0.0001667345955759754,0.4857142857142857
937,0.5597,3,2,3,605594,16,107942,14,0.00014820852940086702,0.4666666666666667
938,0.5605,2,2,2,605596,14,107944,12,0.00012968246322575864,0.46153846153846156
939,0.5612,0,2,0,605598,12,107944,12,0.00011115639705065027,0.5
940,0.5618,2,2,2,605600,10,107946,10,9.263033087554189e-05,0.5
941,0.562,3,2,3,605602,8,107949,7,7.410426470043351e-05,0.4666666666666667
942,0.5624,0,2,0,605604,6,107949,7,5.5578198525325135e-05,0.5384615384615384
943,0.5629,2,2,2,605606,4,107951,5,3.7052132350216754e-05,0.5555555555555556
944,0.5631,1,0,1,605606,4,107952,4,3.7052132350216754e-05,0.5
945,0.5633,1,0,1,605606,4,107953,3,3.7052132350216754e-05,0.42857142857142855
946,0.5634,1,0,1,605606,4,107954,2,3.7052132350216754e-05,0.3333333333333333
947,0.5635,0,1,0,605607,3,107954,2,2.7789099262662567e-05,0.4
948,0.5641,1,2,1,605609,1,107955,1,9.263033087554189e-06,0.5
949,0.5695,1,1,1,605610,0,107956,0,0.0,
