p,Neg,Pos,mPrec,TN,FP,FN,TP,Prec,Rec,FP/P,$\hat{p}$
0.0,"7,395",411,0.05,"7,395","598,215",411,"107,545",0.15,1.00,5.54,0.99
0.05,"80,045","4,713",0.06,"87,440","518,170","5,124","102,832",0.17,0.95,4.80,0.87
0.1,"20,895","1,507",0.07,"108,335","497,275","6,631","101,325",0.17,0.94,4.61,0.84
0.15,"8,446",668,0.07,"116,781","488,829","7,299","100,657",0.17,0.93,4.53,0.83
0.2,"7,568",757,0.09,"124,349","481,261","8,056","99,900",0.17,0.93,4.46,0.81
0.25,"63,181","6,745",0.10,"187,530","418,080","14,801","93,155",0.18,0.86,3.87,0.72
0.3,"31,602","3,963",0.11,"219,132","386,478","18,764","89,192",0.19,0.83,3.58,0.67
0.35,"16,600","2,343",0.12,"235,732","369,878","21,107","86,849",0.19,0.80,3.43,0.64
0.4,"39,160","5,651",0.13,"274,892","330,718","26,758","81,198",0.20,0.75,3.06,0.58
0.45,"54,156","8,114",0.13,"329,048","276,562","34,872","73,084",0.21,0.68,2.56,0.49
0.5,"90,205","16,747",0.16,"419,253","186,357","51,619","56,337",0.23,0.52,1.73,0.34
0.55,"33,169","7,092",0.18,"452,422","153,188","58,711","49,245",0.24,0.46,1.42,0.28
0.6,"18,939","4,290",0.18,"471,361","134,249","63,001","44,955",0.25,0.42,1.24,0.25
0.65,"14,872","3,897",0.21,"486,233","119,377","66,898","41,058",0.26,0.38,1.11,0.22
0.7,"54,729","16,351",0.23,"540,962","64,648","83,249","24,707",0.28,0.23,0.60,0.13
0.75,"29,834","10,372",0.26,"570,796","34,814","93,621","14,335",0.29,0.13,0.32,0.07
0.8,"9,134","3,495",0.28,"579,930","25,680","97,116","10,840",0.30,0.10,0.24,0.05
0.85,"12,833","4,943",0.28,"592,763","12,847","102,059","5,897",0.31,0.05,0.12,0.03
0.9,"3,482","1,440",0.29,"596,245","9,365","103,499","4,457",0.32,0.04,0.09,0.02
0.95,"4,888","2,210",0.31,"601,133","4,477","105,709","2,247",0.33,0.02,0.04,0.01
1.0,"4,477","2,247",0.33,"605,610",0,"107,956",0,nan,0.00,0.00,0.00
