p,Neg,Pos,mPrec,TN,FP,FN,TP,Prec,Rec,FP/P,$\hat{p}$
0.0,"17,653",692,0.04,"17,653","587,957",692,"107,264",0.15,0.99,5.45,0.97
0.01,"8,736",395,0.04,"26,389","579,221","1,087","106,869",0.16,0.99,5.37,0.96
0.02,"1,210",44,0.04,"27,599","578,011","1,131","106,825",0.16,0.99,5.35,0.96
0.03,861,45,0.05,"28,460","577,150","1,176","106,780",0.16,0.99,5.35,0.96
0.04,656,42,0.06,"29,116","576,494","1,218","106,738",0.16,0.99,5.34,0.96
0.05,634,22,0.03,"29,750","575,860","1,240","106,716",0.16,0.99,5.33,0.96
0.06,532,25,0.04,"30,282","575,328","1,265","106,691",0.16,0.99,5.33,0.96
0.07,"6,507",319,0.05,"36,789","568,821","1,584","106,372",0.16,0.99,5.27,0.95
0.08,"18,981","1,005",0.05,"55,770","549,840","2,589","105,367",0.16,0.98,5.09,0.92
0.09,"4,894",272,0.05,"60,664","544,946","2,861","105,095",0.16,0.97,5.05,0.91
0.1,"15,330",775,0.05,"75,994","529,616","3,636","104,320",0.16,0.97,4.91,0.89
0.11,"3,527",185,0.05,"79,521","526,089","3,821","104,135",0.17,0.96,4.87,0.88
0.12,"2,438",224,0.08,"81,959","523,651","4,045","103,911",0.17,0.96,4.85,0.88
0.13,"1,476",109,0.07,"83,435","522,175","4,154","103,802",0.17,0.96,4.84,0.88
0.14,651,48,0.07,"84,086","521,524","4,202","103,754",0.17,0.96,4.83,0.88
0.15,"2,231",141,0.06,"86,317","519,293","4,343","103,613",0.17,0.96,4.81,0.87
0.16,"3,765",290,0.07,"90,082","515,528","4,633","103,323",0.17,0.96,4.78,0.87
0.17,"14,422","1,020",0.07,"104,504","501,106","5,653","102,303",0.17,0.95,4.64,0.85
0.18,"12,096",892,0.07,"116,600","489,010","6,545","101,411",0.17,0.94,4.53,0.83
0.19,"3,522",321,0.08,"120,122","485,488","6,866","101,090",0.17,0.94,4.50,0.82
0.2,"12,461",958,0.07,"132,583","473,027","7,824","100,132",0.17,0.93,4.38,0.80
0.21,"9,848",762,0.07,"142,431","463,179","8,586","99,370",0.18,0.92,4.29,0.79
0.22,"2,040",175,0.08,"144,471","461,139","8,761","99,195",0.18,0.92,4.27,0.79
0.23,"2,094",187,0.08,"146,565","459,045","8,948","99,008",0.18,0.92,4.25,0.78
0.24,"2,418",208,0.08,"148,983","456,627","9,156","98,800",0.18,0.92,4.23,0.78
0.25,"4,007",351,0.08,"152,990","452,620","9,507","98,449",0.18,0.91,4.19,0.77
0.26,"4,381",425,0.09,"157,371","448,239","9,932","98,024",0.18,0.91,4.15,0.77
0.27,"13,152","1,154",0.08,"170,523","435,087","11,086","96,870",0.18,0.90,4.03,0.75
0.28,"10,089",978,0.09,"180,612","424,998","12,064","95,892",0.18,0.89,3.94,0.73
0.29,"5,001",544,0.10,"185,613","419,997","12,608","95,348",0.19,0.88,3.89,0.72
0.3,"14,891","1,561",0.09,"200,504","405,106","14,169","93,787",0.19,0.87,3.75,0.70
0.31,"5,611",666,0.11,"206,115","399,495","14,835","93,121",0.19,0.86,3.70,0.69
0.32,"27,786","3,104",0.10,"233,901","371,709","17,939","90,017",0.19,0.83,3.44,0.65
0.33,"18,670","2,161",0.10,"252,571","353,039","20,100","87,856",0.20,0.81,3.27,0.62
0.34,"3,425",447,0.12,"255,996","349,614","20,547","87,409",0.20,0.81,3.24,0.61
0.35,"5,189",735,0.12,"261,185","344,425","21,282","86,674",0.20,0.80,3.19,0.60
0.36,"4,696",655,0.12,"265,881","339,729","21,937","86,019",0.20,0.80,3.15,0.60
0.37,"11,556","1,539",0.12,"277,437","328,173","23,476","84,480",0.20,0.78,3.04,0.58
0.38,"12,028","1,731",0.13,"289,465","316,145","25,207","82,749",0.21,0.77,2.93,0.56
0.39,"19,990","2,815",0.12,"309,455","296,155","28,022","79,934",0.21,0.74,2.74,0.53
0.4,"28,918","4,265",0.13,"338,373","267,237","32,287","75,669",0.22,0.70,2.48,0.48
0.41,"9,225","1,310",0.12,"347,598","258,012","33,597","74,359",0.22,0.69,2.39,0.47
0.42,"20,572","3,090",0.13,"368,170","237,440","36,687","71,269",0.23,0.66,2.20,0.43
0.43,"15,976","2,662",0.14,"384,146","221,464","39,349","68,607",0.24,0.64,2.05,0.41
0.44,"3,925",760,0.16,"388,071","217,539","40,109","67,847",0.24,0.63,2.02,0.40
0.45,"5,351","1,032",0.16,"393,422","212,188","41,141","66,815",0.24,0.62,1.97,0.39
0.46,"3,289",622,0.16,"396,711","208,899","41,763","66,193",0.24,0.61,1.94,0.39
0.47,"4,297",835,0.16,"401,008","204,602","42,598","65,358",0.24,0.61,1.90,0.38
0.48,"9,809","1,882",0.16,"410,817","194,793","44,480","63,476",0.25,0.59,1.80,0.36
0.49,"26,380","5,256",0.17,"437,197","168,413","49,736","58,220",0.26,0.54,1.56,0.32
0.5,"27,568","5,504",0.17,"464,765","140,845","55,240","52,716",0.27,0.49,1.30,0.27
0.51,"10,688","2,278",0.18,"475,453","130,157","57,518","50,438",0.28,0.47,1.21,0.25
0.52,"3,254",761,0.19,"478,707","126,903","58,279","49,677",0.28,0.46,1.18,0.25
0.53,"2,772",712,0.20,"481,479","124,131","58,991","48,965",0.28,0.45,1.15,0.24
0.54,"2,445",622,0.20,"483,924","121,686","59,613","48,343",0.28,0.45,1.13,0.24
0.55,"1,666",410,0.20,"485,590","120,020","60,023","47,933",0.29,0.44,1.11,0.24
0.56,"3,045",777,0.20,"488,635","116,975","60,800","47,156",0.29,0.44,1.08,0.23
0.57,"14,880","3,830",0.20,"503,515","102,095","64,630","43,326",0.30,0.40,0.95,0.20
0.58,"10,719","2,662",0.20,"514,234","91,376","67,292","40,664",0.31,0.38,0.85,0.19
0.59,"8,088","2,303",0.22,"522,322","83,288","69,595","38,361",0.32,0.36,0.77,0.17
0.6,"11,097","3,299",0.23,"533,419","72,191","72,894","35,062",0.33,0.32,0.67,0.15
0.61,"3,170",996,0.24,"536,589","69,021","73,890","34,066",0.33,0.32,0.64,0.14
0.62,"2,327",712,0.23,"538,916","66,694","74,602","33,354",0.33,0.31,0.62,0.14
0.63,687,221,0.24,"539,603","66,007","74,823","33,133",0.33,0.31,0.61,0.14
0.64,"1,088",337,0.24,"540,691","64,919","75,160","32,796",0.34,0.30,0.60,0.14
0.65,"2,770",893,0.24,"543,461","62,149","76,053","31,903",0.34,0.30,0.58,0.13
0.66,"5,987","2,044",0.25,"549,448","56,162","78,097","29,859",0.35,0.28,0.52,0.12
0.67,"7,374","2,691",0.27,"556,822","48,788","80,788","27,168",0.36,0.25,0.45,0.11
0.68,"5,302","1,885",0.26,"562,124","43,486","82,673","25,283",0.37,0.23,0.40,0.10
0.69,"2,217",744,0.25,"564,341","41,269","83,417","24,539",0.37,0.23,0.38,0.09
0.7,"1,383",566,0.29,"565,724","39,886","83,983","23,973",0.38,0.22,0.37,0.09
0.71,"5,143","2,274",0.31,"570,867","34,743","86,257","21,699",0.38,0.20,0.32,0.08
0.72,"2,497","1,140",0.31,"573,364","32,246","87,397","20,559",0.39,0.19,0.30,0.07
0.73,580,269,0.32,"573,944","31,666","87,666","20,290",0.39,0.19,0.29,0.07
0.74,"1,395",651,0.32,"575,339","30,271","88,317","19,639",0.39,0.18,0.28,0.07
0.75,"1,898",853,0.31,"577,237","28,373","89,170","18,786",0.40,0.17,0.26,0.07
0.76,"1,403",678,0.33,"578,640","26,970","89,848","18,108",0.40,0.17,0.25,0.06
0.77,632,292,0.32,"579,272","26,338","90,140","17,816",0.40,0.17,0.24,0.06
0.78,"1,426",605,0.30,"580,698","24,912","90,745","17,211",0.41,0.16,0.23,0.06
0.79,945,499,0.35,"581,643","23,967","91,244","16,712",0.41,0.15,0.22,0.06
0.8,"1,447",867,0.37,"583,090","22,520","92,111","15,845",0.41,0.15,0.21,0.05
0.81,"2,653","1,535",0.37,"585,743","19,867","93,646","14,310",0.42,0.13,0.18,0.05
0.82,"1,142",699,0.38,"586,885","18,725","94,345","13,611",0.42,0.13,0.17,0.05
0.83,"1,648",916,0.36,"588,533","17,077","95,261","12,695",0.43,0.12,0.16,0.04
0.84,394,233,0.37,"588,927","16,683","95,494","12,462",0.43,0.12,0.15,0.04
0.85,152,104,0.41,"589,079","16,531","95,598","12,358",0.43,0.11,0.15,0.04
0.86,287,171,0.37,"589,366","16,244","95,769","12,187",0.43,0.11,0.15,0.04
0.87,473,290,0.38,"589,839","15,771","96,059","11,897",0.43,0.11,0.15,0.04
0.88,"1,408",938,0.40,"591,247","14,363","96,997","10,959",0.43,0.10,0.13,0.04
0.89,"3,803","2,458",0.39,"595,050","10,560","99,455","8,501",0.45,0.08,0.10,0.03
0.9,554,348,0.39,"595,604","10,006","99,803","8,153",0.45,0.08,0.09,0.03
0.91,425,288,0.40,"596,029","9,581","100,091","7,865",0.45,0.07,0.09,0.02
0.92,495,385,0.44,"596,524","9,086","100,476","7,480",0.45,0.07,0.08,0.02
0.93,532,374,0.41,"597,056","8,554","100,850","7,106",0.45,0.07,0.08,0.02
0.94,247,139,0.36,"597,303","8,307","100,989","6,967",0.46,0.06,0.08,0.02
0.95,189,78,0.29,"597,492","8,118","101,067","6,889",0.46,0.06,0.08,0.02
0.96,618,469,0.43,"598,110","7,500","101,536","6,420",0.46,0.06,0.07,0.02
0.97,704,634,0.47,"598,814","6,796","102,170","5,786",0.46,0.05,0.06,0.02
0.98,"1,854","1,632",0.47,"600,668","4,942","103,802","4,154",0.46,0.04,0.05,0.01
0.99,"1,165",872,0.43,"601,833","3,777","104,674","3,282",0.46,0.03,0.03,0.01
1.0,"3,777","3,282",0.46,"605,610",0,"107,956",0,nan,0.00,0.00,0.00
