p,Neg,Pos,$\frac{\text{Pos}}{\text{Neg}+\text{Pos}}$,TN,FP,FN,TP,Prec,Rec,$\frac{\text{FP}}{\text{P}}$
0.0,0,0,nan,0,"605,610",0,"107,956",0.15,1.00,5.61
0.1,"15,689",878,0.05,"15,689","589,921",878,"107,078",0.15,0.99,5.46
0.2,"88,173","1,746",0.02,"103,862","501,748","2,624","105,332",0.17,0.98,4.65
0.3,"135,250","3,389",0.02,"239,112","366,498","6,013","101,943",0.22,0.94,3.39
0.4,"128,651","6,170",0.05,"367,763","237,847","12,183","95,773",0.29,0.89,2.20
0.5,"96,918","10,644",0.10,"464,681","140,929","22,827","85,129",0.38,0.79,1.31
0.6,"62,372","16,668",0.21,"527,053","78,557","39,495","68,461",0.47,0.63,0.73
0.7,"41,996","22,837",0.35,"569,049","36,561","62,332","45,624",0.56,0.42,0.34
0.8,"20,442","25,321",0.55,"589,491","16,119","87,653","20,303",0.56,0.19,0.15
0.9,"10,727","17,010",0.61,"600,218","5,392","104,663","3,293",0.38,0.03,0.05
1.0,"5,392","3,293",0.38,"605,610",0,"107,956",0,nan,0.00,0.00
