p,Neg,Pos,mPrec,TN,FP,FN,TP,Prec,Rec,FP/P,$\hat{p}$
0.0,"15,141",353,0.02,"15,141","590,469",353,"107,603",0.15,1.00,5.47,0.98
0.01,"11,086",338,0.03,"26,227","579,383",691,"107,265",0.16,0.99,5.37,0.96
0.02,"13,475",491,0.04,"39,702","565,908","1,182","106,774",0.16,0.99,5.24,0.94
0.03,"15,228",628,0.04,"54,930","550,680","1,810","106,146",0.16,0.98,5.10,0.92
0.04,"16,501",835,0.05,"71,431","534,179","2,645","105,311",0.16,0.98,4.95,0.90
0.05,"17,714",980,0.05,"89,145","516,465","3,625","104,331",0.17,0.97,4.78,0.87
0.06,"18,609","1,177",0.06,"107,754","497,856","4,802","103,154",0.17,0.96,4.61,0.84
0.07,"19,184","1,319",0.06,"126,938","478,672","6,121","101,835",0.18,0.94,4.43,0.81
0.08,"19,720","1,452",0.07,"146,658","458,952","7,573","100,383",0.18,0.93,4.25,0.78
0.09,"20,069","1,624",0.07,"166,727","438,883","9,197","98,759",0.18,0.91,4.07,0.75
0.1,"20,200","1,731",0.08,"186,927","418,683","10,928","97,028",0.19,0.90,3.88,0.72
0.11,"19,707","1,832",0.09,"206,634","398,976","12,760","95,196",0.19,0.88,3.70,0.69
0.12,"19,588","1,955",0.09,"226,222","379,388","14,715","93,241",0.20,0.86,3.51,0.66
0.13,"19,361","2,079",0.10,"245,583","360,027","16,794","91,162",0.20,0.84,3.33,0.63
0.14,"18,513","1,969",0.10,"264,096","341,514","18,763","89,193",0.21,0.83,3.16,0.60
0.15,"18,104","2,042",0.10,"282,200","323,410","20,805","87,151",0.21,0.81,3.00,0.58
0.16,"17,572","2,192",0.11,"299,772","305,838","22,997","84,959",0.22,0.79,2.83,0.55
0.17,"16,586","2,171",0.12,"316,358","289,252","25,168","82,788",0.22,0.77,2.68,0.52
0.18,"16,049","2,201",0.12,"332,407","273,203","27,369","80,587",0.23,0.75,2.53,0.50
0.19,"15,364","2,207",0.13,"347,771","257,839","29,576","78,380",0.23,0.73,2.39,0.47
0.2,"14,516","2,142",0.13,"362,287","243,323","31,718","76,238",0.24,0.71,2.25,0.45
0.21,"13,616","2,221",0.14,"375,903","229,707","33,939","74,017",0.24,0.69,2.13,0.43
0.22,"13,136","2,147",0.14,"389,039","216,571","36,086","71,870",0.25,0.67,2.01,0.40
0.23,"12,502","2,238",0.15,"401,541","204,069","38,324","69,632",0.25,0.65,1.89,0.38
0.24,"11,578","2,007",0.15,"413,119","192,491","40,331","67,625",0.26,0.63,1.78,0.36
0.25,"10,977","1,967",0.15,"424,096","181,514","42,298","65,658",0.27,0.61,1.68,0.35
0.26,"10,343","2,004",0.16,"434,439","171,171","44,302","63,654",0.27,0.59,1.59,0.33
0.27,"9,695","1,963",0.17,"444,134","161,476","46,265","61,691",0.28,0.57,1.50,0.31
0.28,"9,177","1,943",0.17,"453,311","152,299","48,208","59,748",0.28,0.55,1.41,0.30
0.29,"8,482","1,938",0.19,"461,793","143,817","50,146","57,810",0.29,0.54,1.33,0.28
0.3,"8,033","1,802",0.18,"469,826","135,784","51,948","56,008",0.29,0.52,1.26,0.27
0.31,"7,667","1,809",0.19,"477,493","128,117","53,757","54,199",0.30,0.50,1.19,0.26
0.32,"7,199","1,712",0.19,"484,692","120,918","55,469","52,487",0.30,0.49,1.12,0.24
0.33,"6,693","1,706",0.20,"491,385","114,225","57,175","50,781",0.31,0.47,1.06,0.23
0.34,"6,311","1,612",0.20,"497,696","107,914","58,787","49,169",0.31,0.46,1.00,0.22
0.35,"6,013","1,557",0.21,"503,709","101,901","60,344","47,612",0.32,0.44,0.94,0.21
0.36,"5,591","1,542",0.22,"509,300","96,310","61,886","46,070",0.32,0.43,0.89,0.20
0.37,"5,277","1,436",0.21,"514,577","91,033","63,322","44,634",0.33,0.41,0.84,0.19
0.38,"5,086","1,407",0.22,"519,663","85,947","64,729","43,227",0.33,0.40,0.80,0.18
0.39,"4,635","1,468",0.24,"524,298","81,312","66,197","41,759",0.34,0.39,0.75,0.17
0.4,"4,391","1,370",0.24,"528,689","76,921","67,567","40,389",0.34,0.37,0.71,0.16
0.41,"4,170","1,272",0.23,"532,859","72,751","68,839","39,117",0.35,0.36,0.67,0.16
0.42,"3,859","1,251",0.24,"536,718","68,892","70,090","37,866",0.35,0.35,0.64,0.15
0.43,"3,640","1,261",0.26,"540,358","65,252","71,351","36,605",0.36,0.34,0.60,0.14
0.44,"3,520","1,218",0.26,"543,878","61,732","72,569","35,387",0.36,0.33,0.57,0.14
0.45,"3,427","1,203",0.26,"547,305","58,305","73,772","34,184",0.37,0.32,0.54,0.13
0.46,"3,147","1,172",0.27,"550,452","55,158","74,944","33,012",0.37,0.31,0.51,0.12
0.47,"3,001","1,142",0.28,"553,453","52,157","76,086","31,870",0.38,0.30,0.48,0.12
0.48,"2,729","1,044",0.28,"556,182","49,428","77,130","30,826",0.38,0.29,0.46,0.11
0.49,"2,580","1,006",0.28,"558,762","46,848","78,136","29,820",0.39,0.28,0.43,0.11
0.5,"2,422","1,002",0.29,"561,184","44,426","79,138","28,818",0.39,0.27,0.41,0.10
0.51,"2,329",970,0.29,"563,513","42,097","80,108","27,848",0.40,0.26,0.39,0.10
0.52,"2,211",962,0.30,"565,724","39,886","81,070","26,886",0.40,0.25,0.37,0.09
0.53,"2,032",920,0.31,"567,756","37,854","81,990","25,966",0.41,0.24,0.35,0.09
0.54,"1,911",911,0.32,"569,667","35,943","82,901","25,055",0.41,0.23,0.33,0.09
0.55,"1,799",885,0.33,"571,466","34,144","83,786","24,170",0.41,0.22,0.32,0.08
0.56,"1,714",831,0.33,"573,180","32,430","84,617","23,339",0.42,0.22,0.30,0.08
0.57,"1,730",824,0.32,"574,910","30,700","85,441","22,515",0.42,0.21,0.28,0.07
0.58,"1,636",775,0.32,"576,546","29,064","86,216","21,740",0.43,0.20,0.27,0.07
0.59,"1,506",770,0.34,"578,052","27,558","86,986","20,970",0.43,0.19,0.26,0.07
0.6,"1,467",771,0.34,"579,519","26,091","87,757","20,199",0.44,0.19,0.24,0.06
0.61,"1,387",703,0.34,"580,906","24,704","88,460","19,496",0.44,0.18,0.23,0.06
0.62,"1,330",757,0.36,"582,236","23,374","89,217","18,739",0.44,0.17,0.22,0.06
0.63,"1,217",669,0.35,"583,453","22,157","89,886","18,070",0.45,0.17,0.21,0.06
0.64,"1,191",714,0.37,"584,644","20,966","90,600","17,356",0.45,0.16,0.19,0.05
0.65,"1,135",708,0.38,"585,779","19,831","91,308","16,648",0.46,0.15,0.18,0.05
0.66,"1,078",644,0.37,"586,857","18,753","91,952","16,004",0.46,0.15,0.17,0.05
0.67,974,606,0.38,"587,831","17,779","92,558","15,398",0.46,0.14,0.16,0.05
0.68,950,581,0.38,"588,781","16,829","93,139","14,817",0.47,0.14,0.16,0.04
0.69,895,585,0.40,"589,676","15,934","93,724","14,232",0.47,0.13,0.15,0.04
0.7,865,555,0.39,"590,541","15,069","94,279","13,677",0.48,0.13,0.14,0.04
0.71,814,591,0.42,"591,355","14,255","94,870","13,086",0.48,0.12,0.13,0.04
0.72,856,530,0.38,"592,211","13,399","95,400","12,556",0.48,0.12,0.12,0.04
0.73,794,509,0.39,"593,005","12,605","95,909","12,047",0.49,0.11,0.12,0.03
0.74,752,527,0.41,"593,757","11,853","96,436","11,520",0.49,0.11,0.11,0.03
0.75,663,449,0.40,"594,420","11,190","96,885","11,071",0.50,0.10,0.10,0.03
0.76,664,504,0.43,"595,084","10,526","97,389","10,567",0.50,0.10,0.10,0.03
0.77,582,488,0.46,"595,666","9,944","97,877","10,079",0.50,0.09,0.09,0.03
0.78,621,440,0.41,"596,287","9,323","98,317","9,639",0.51,0.09,0.09,0.03
0.79,582,414,0.42,"596,869","8,741","98,731","9,225",0.51,0.09,0.08,0.03
0.8,522,430,0.45,"597,391","8,219","99,161","8,795",0.52,0.08,0.08,0.02
0.81,500,434,0.46,"597,891","7,719","99,595","8,361",0.52,0.08,0.07,0.02
0.82,505,404,0.44,"598,396","7,214","99,999","7,957",0.52,0.07,0.07,0.02
0.83,441,393,0.47,"598,837","6,773","100,392","7,564",0.53,0.07,0.06,0.02
0.84,467,392,0.46,"599,304","6,306","100,784","7,172",0.53,0.07,0.06,0.02
0.85,418,380,0.48,"599,722","5,888","101,164","6,792",0.54,0.06,0.05,0.02
0.86,374,350,0.48,"600,096","5,514","101,514","6,442",0.54,0.06,0.05,0.02
0.87,367,368,0.50,"600,463","5,147","101,882","6,074",0.54,0.06,0.05,0.02
0.88,323,339,0.51,"600,786","4,824","102,221","5,735",0.54,0.05,0.04,0.01
0.89,320,318,0.50,"601,106","4,504","102,539","5,417",0.55,0.05,0.04,0.01
0.9,308,316,0.51,"601,414","4,196","102,855","5,101",0.55,0.05,0.04,0.01
0.91,284,310,0.52,"601,698","3,912","103,165","4,791",0.55,0.04,0.04,0.01
0.92,259,284,0.52,"601,957","3,653","103,449","4,507",0.55,0.04,0.03,0.01
0.93,268,269,0.50,"602,225","3,385","103,718","4,238",0.56,0.04,0.03,0.01
0.94,250,247,0.50,"602,475","3,135","103,965","3,991",0.56,0.04,0.03,0.01
0.95,215,243,0.53,"602,690","2,920","104,208","3,748",0.56,0.03,0.03,0.01
0.96,209,250,0.54,"602,899","2,711","104,458","3,498",0.56,0.03,0.03,0.01
0.97,169,221,0.57,"603,068","2,542","104,679","3,277",0.56,0.03,0.02,0.01
0.98,189,202,0.52,"603,257","2,353","104,881","3,075",0.57,0.03,0.02,0.01
0.99,203,182,0.47,"603,460","2,150","105,063","2,893",0.57,0.03,0.02,0.01
1.0,"2,150","2,893",0.57,"605,610",0,"107,956",0,nan,0.00,0.00,0.00
