p,Neg,Pos,$\frac{\text{Pos}}{\text{Neg}+\text{Pos}}$,TN,FP,FN,TP,Prec,Rec,$\frac{\text{FP}}{\text{P}}$
0.0,"30,281",340,0.01,"30,281","575,329",340,"107,616",0.16,1.00,5.33
0.01,"6,104",89,0.01,"36,385","569,225",429,"107,527",0.16,1.00,5.27
0.02,"6,790",124,0.02,"43,175","562,435",553,"107,403",0.16,0.99,5.21
0.03,"7,405",165,0.02,"50,580","555,030",718,"107,238",0.16,0.99,5.14
0.04,"7,789",152,0.02,"58,369","547,241",870,"107,086",0.16,0.99,5.07
0.05,"8,538",199,0.02,"66,907","538,703","1,069","106,887",0.17,0.99,4.99
0.06,"8,909",193,0.02,"75,816","529,794","1,262","106,694",0.17,0.99,4.91
0.07,"9,393",256,0.03,"85,209","520,401","1,518","106,438",0.17,0.99,4.82
0.08,"9,931",309,0.03,"95,140","510,470","1,827","106,129",0.17,0.98,4.73
0.09,"10,235",362,0.03,"105,375","500,235","2,189","105,767",0.17,0.98,4.63
0.1,"10,511",336,0.03,"115,886","489,724","2,525","105,431",0.18,0.98,4.54
0.11,"10,870",416,0.04,"126,756","478,854","2,941","105,015",0.18,0.97,4.44
0.12,"11,388",470,0.04,"138,144","467,466","3,411","104,545",0.18,0.97,4.33
0.13,"11,630",534,0.04,"149,774","455,836","3,945","104,011",0.19,0.96,4.22
0.14,"11,914",553,0.04,"161,688","443,922","4,498","103,458",0.19,0.96,4.11
0.15,"12,328",645,0.05,"174,016","431,594","5,143","102,813",0.19,0.95,4.00
0.16,"12,294",658,0.05,"186,310","419,300","5,801","102,155",0.20,0.95,3.88
0.17,"12,190",735,0.06,"198,500","407,110","6,536","101,420",0.20,0.94,3.77
0.18,"12,461",796,0.06,"210,961","394,649","7,332","100,624",0.20,0.93,3.66
0.19,"12,539",772,0.06,"223,500","382,110","8,104","99,852",0.21,0.92,3.54
0.2,"12,608",943,0.07,"236,108","369,502","9,047","98,909",0.21,0.92,3.42
0.21,"12,637",946,0.07,"248,745","356,865","9,993","97,963",0.22,0.91,3.31
0.22,"12,379","1,037",0.08,"261,124","344,486","11,030","96,926",0.22,0.90,3.19
0.23,"12,633","1,015",0.07,"273,757","331,853","12,045","95,911",0.22,0.89,3.07
0.24,"12,496","1,195",0.09,"286,253","319,357","13,240","94,716",0.23,0.88,2.96
0.25,"12,345","1,185",0.09,"298,598","307,012","14,425","93,531",0.23,0.87,2.84
0.26,"11,972","1,168",0.09,"310,570","295,040","15,593","92,363",0.24,0.86,2.73
0.27,"11,771","1,269",0.10,"322,341","283,269","16,862","91,094",0.24,0.84,2.62
0.28,"11,975","1,382",0.10,"334,316","271,294","18,244","89,712",0.25,0.83,2.51
0.29,"11,655","1,395",0.11,"345,971","259,639","19,639","88,317",0.25,0.82,2.41
0.3,"11,416","1,470",0.11,"357,387","248,223","21,109","86,847",0.26,0.80,2.30
0.31,"11,003","1,481",0.12,"368,390","237,220","22,590","85,366",0.26,0.79,2.20
0.32,"10,806","1,568",0.13,"379,196","226,414","24,158","83,798",0.27,0.78,2.10
0.33,"10,793","1,520",0.12,"389,989","215,621","25,678","82,278",0.28,0.76,2.00
0.34,"10,164","1,551",0.13,"400,153","205,457","27,229","80,727",0.28,0.75,1.90
0.35,"10,123","1,714",0.14,"410,276","195,334","28,943","79,013",0.29,0.73,1.81
0.36,"9,940","1,630",0.14,"420,216","185,394","30,573","77,383",0.29,0.72,1.72
0.37,"9,244","1,678",0.15,"429,460","176,150","32,251","75,705",0.30,0.70,1.63
0.38,"8,960","1,775",0.17,"438,420","167,190","34,026","73,930",0.31,0.68,1.55
0.39,"8,782","1,736",0.17,"447,202","158,408","35,762","72,194",0.31,0.67,1.47
0.4,"8,516","1,783",0.17,"455,718","149,892","37,545","70,411",0.32,0.65,1.39
0.41,"8,302","1,795",0.18,"464,020","141,590","39,340","68,616",0.33,0.64,1.31
0.42,"7,947","1,786",0.18,"471,967","133,643","41,126","66,830",0.33,0.62,1.24
0.43,"7,585","1,757",0.19,"479,552","126,058","42,883","65,073",0.34,0.60,1.17
0.44,"7,227","1,880",0.21,"486,779","118,831","44,763","63,193",0.35,0.59,1.10
0.45,"6,865","1,815",0.21,"493,644","111,966","46,578","61,378",0.35,0.57,1.04
0.46,"6,698","1,832",0.21,"500,342","105,268","48,410","59,546",0.36,0.55,0.98
0.47,"6,366","1,757",0.22,"506,708","98,902","50,167","57,789",0.37,0.54,0.92
0.48,"5,997","1,735",0.22,"512,705","92,905","51,902","56,054",0.38,0.52,0.86
0.49,"5,685","1,735",0.23,"518,390","87,220","53,637","54,319",0.38,0.50,0.81
0.5,"5,406","1,679",0.24,"523,796","81,814","55,316","52,640",0.39,0.49,0.76
0.51,"5,180","1,734",0.25,"528,976","76,634","57,050","50,906",0.40,0.47,0.71
0.52,"4,769","1,629",0.25,"533,745","71,865","58,679","49,277",0.41,0.46,0.67
0.53,"4,515","1,697",0.27,"538,260","67,350","60,376","47,580",0.41,0.44,0.62
0.54,"4,358","1,646",0.27,"542,618","62,992","62,022","45,934",0.42,0.43,0.58
0.55,"4,042","1,554",0.28,"546,660","58,950","63,576","44,380",0.43,0.41,0.55
0.56,"3,933","1,645",0.29,"550,593","55,017","65,221","42,735",0.44,0.40,0.51
0.57,"3,817","1,477",0.28,"554,410","51,200","66,698","41,258",0.45,0.38,0.47
0.58,"3,332","1,478",0.31,"557,742","47,868","68,176","39,780",0.45,0.37,0.44
0.59,"3,112","1,459",0.32,"560,854","44,756","69,635","38,321",0.46,0.35,0.41
0.6,"2,976","1,437",0.33,"563,830","41,780","71,072","36,884",0.47,0.34,0.39
0.61,"2,859","1,331",0.32,"566,689","38,921","72,403","35,553",0.48,0.33,0.36
0.62,"2,753","1,374",0.33,"569,442","36,168","73,777","34,179",0.49,0.32,0.34
0.63,"2,355","1,293",0.35,"571,797","33,813","75,070","32,886",0.49,0.30,0.31
0.64,"2,282","1,332",0.37,"574,079","31,531","76,402","31,554",0.50,0.29,0.29
0.65,"2,099","1,213",0.37,"576,178","29,432","77,615","30,341",0.51,0.28,0.27
0.66,"1,988","1,175",0.37,"578,166","27,444","78,790","29,166",0.52,0.27,0.25
0.67,"1,796","1,158",0.39,"579,962","25,648","79,948","28,008",0.52,0.26,0.24
0.68,"1,733","1,126",0.39,"581,695","23,915","81,074","26,882",0.53,0.25,0.22
0.69,"1,604","1,100",0.41,"583,299","22,311","82,174","25,782",0.54,0.24,0.21
0.7,"1,541","1,003",0.39,"584,840","20,770","83,177","24,779",0.54,0.23,0.19
0.71,"1,484","1,012",0.41,"586,324","19,286","84,189","23,767",0.55,0.22,0.18
0.72,"1,345",940,0.41,"587,669","17,941","85,129","22,827",0.56,0.21,0.17
0.73,"1,300",902,0.41,"588,969","16,641","86,031","21,925",0.57,0.20,0.15
0.74,"1,177",958,0.45,"590,146","15,464","86,989","20,967",0.58,0.19,0.14
0.75,"1,108",898,0.45,"591,254","14,356","87,887","20,069",0.58,0.19,0.13
0.76,946,835,0.47,"592,200","13,410","88,722","19,234",0.59,0.18,0.12
0.77,911,799,0.47,"593,111","12,499","89,521","18,435",0.60,0.17,0.12
0.78,900,792,0.47,"594,011","11,599","90,313","17,643",0.60,0.16,0.11
0.79,823,812,0.50,"594,834","10,776","91,125","16,831",0.61,0.16,0.10
0.8,749,712,0.49,"595,583","10,027","91,837","16,119",0.62,0.15,0.09
0.81,739,679,0.48,"596,322","9,288","92,516","15,440",0.62,0.14,0.09
0.82,615,656,0.52,"596,937","8,673","93,172","14,784",0.63,0.14,0.08
0.83,609,707,0.54,"597,546","8,064","93,879","14,077",0.64,0.13,0.07
0.84,540,656,0.55,"598,086","7,524","94,535","13,421",0.64,0.12,0.07
0.85,528,624,0.54,"598,614","6,996","95,159","12,797",0.65,0.12,0.06
0.86,447,609,0.58,"599,061","6,549","95,768","12,188",0.65,0.11,0.06
0.87,473,573,0.55,"599,534","6,076","96,341","11,615",0.66,0.11,0.06
0.88,430,566,0.57,"599,964","5,646","96,907","11,049",0.66,0.10,0.05
0.89,411,556,0.57,"600,375","5,235","97,463","10,493",0.67,0.10,0.05
0.9,367,575,0.61,"600,742","4,868","98,038","9,918",0.67,0.09,0.05
0.91,363,526,0.59,"601,105","4,505","98,564","9,392",0.68,0.09,0.04
0.92,328,507,0.61,"601,433","4,177","99,071","8,885",0.68,0.08,0.04
0.93,321,515,0.62,"601,754","3,856","99,586","8,370",0.68,0.08,0.04
0.94,291,460,0.61,"602,045","3,565","100,046","7,910",0.69,0.07,0.03
0.95,253,420,0.62,"602,298","3,312","100,466","7,490",0.69,0.07,0.03
0.96,284,430,0.60,"602,582","3,028","100,896","7,060",0.70,0.07,0.03
0.97,244,431,0.64,"602,826","2,784","101,327","6,629",0.70,0.06,0.03
0.98,230,440,0.66,"603,056","2,554","101,767","6,189",0.71,0.06,0.02
0.99,187,405,0.68,"603,243","2,367","102,172","5,784",0.71,0.05,0.02
1.0,"2,367","5,784",0.71,"605,610",0,"107,956",0,nan,0.00,0.00
