p,Neg,Pos,mPrec,TN,FP,FN,TP,Prec,Rec,FP/P,$\hat{p}$
0.0,"15,154",564,0.04,"15,154","590,456",564,"107,392",0.15,0.99,5.47,0.98
0.05,"38,721","2,096",0.05,"53,875","551,735","2,660","105,296",0.16,0.98,5.11,0.92
0.1,"45,159","3,089",0.06,"99,034","506,576","5,749","102,207",0.17,0.95,4.69,0.85
0.15,"46,152","4,176",0.08,"145,186","460,424","9,925","98,031",0.18,0.91,4.26,0.78
0.2,"55,387","6,237",0.10,"200,573","405,037","16,162","91,794",0.18,0.85,3.75,0.70
0.25,"62,853","8,190",0.12,"263,426","342,184","24,352","83,604",0.20,0.77,3.17,0.60
0.3,"59,614","9,022",0.13,"323,040","282,570","33,374","74,582",0.21,0.69,2.62,0.50
0.35,"52,053","8,820",0.14,"375,093","230,517","42,194","65,762",0.22,0.61,2.14,0.42
0.4,"42,890","8,370",0.16,"417,983","187,627","50,564","57,392",0.23,0.53,1.74,0.34
0.45,"34,459","7,342",0.18,"452,442","153,168","57,906","50,050",0.25,0.46,1.42,0.28
0.5,"29,852","7,038",0.19,"482,294","123,316","64,944","43,012",0.26,0.40,1.14,0.23
0.55,"25,280","6,811",0.21,"507,574","98,036","71,755","36,201",0.27,0.34,0.91,0.19
0.6,"21,159","6,231",0.23,"528,733","76,877","77,986","29,970",0.28,0.28,0.71,0.15
0.65,"18,328","5,790",0.24,"547,061","58,549","83,776","24,180",0.29,0.22,0.54,0.12
0.7,"15,304","5,238",0.25,"562,365","43,245","89,014","18,942",0.30,0.18,0.40,0.09
0.75,"12,049","4,506",0.27,"574,414","31,196","93,520","14,436",0.32,0.13,0.29,0.06
0.8,"9,194","3,636",0.28,"583,608","22,002","97,156","10,800",0.33,0.10,0.20,0.05
0.85,"6,885","3,073",0.31,"590,493","15,117","100,229","7,727",0.34,0.07,0.14,0.03
0.9,"4,530","2,042",0.31,"595,023","10,587","102,271","5,685",0.35,0.05,0.10,0.02
0.95,"3,491","1,751",0.33,"598,514","7,096","104,022","3,934",0.36,0.04,0.07,0.02
1.0,"7,096","3,934",0.36,"605,610",0,"107,956",0,nan,0.00,0.00,0.00
