p,Neg,Pos,mPrec,TN,FP,FN,TP,Prec,Rec,FP/P,$\hat{p}$
0.0,0,0,nan,0,"605,610",0,"107,956",0.15,1.00,5.61,1.00
0.1,"67,084","1,004",0.01,"67,084","538,526","1,004","106,952",0.17,0.99,4.99,0.90
0.2,"93,594","3,390",0.03,"160,678","444,932","4,394","103,562",0.19,0.96,4.12,0.77
0.3,"93,609","5,911",0.06,"254,287","351,323","10,305","97,651",0.22,0.90,3.25,0.63
0.4,"87,797","8,780",0.09,"342,084","263,526","19,085","88,871",0.25,0.82,2.44,0.49
0.5,"79,592","11,869",0.13,"421,676","183,934","30,954","77,002",0.30,0.71,1.70,0.37
0.6,"68,256","14,920",0.18,"489,932","115,678","45,874","62,082",0.35,0.58,1.07,0.25
0.7,"53,710","16,720",0.24,"543,642","61,968","62,594","45,362",0.42,0.42,0.57,0.15
0.8,"36,558","17,545",0.32,"580,200","25,410","80,139","27,817",0.52,0.26,0.24,0.07
0.9,"19,441","16,450",0.46,"599,641","5,969","96,589","11,367",0.66,0.11,0.06,0.02
1.0,"5,969","11,367",0.66,"605,610",0,"107,956",0,nan,0.00,0.00,0.00
