p,Neg,Pos,mPrec,TN,FP,FN,TP,Prec,Rec,FP/P,$\hat{p}$
0.0,0,0,nan,0,"605,610",0,"107,956",0.15,1.00,5.61,1.00
0.01,0,0,nan,0,"605,610",0,"107,956",0.15,1.00,5.61,1.00
0.02,0,0,nan,0,"605,610",0,"107,956",0.15,1.00,5.61,1.00
0.03,0,0,nan,0,"605,610",0,"107,956",0.15,1.00,5.61,1.00
0.04,1,0,0.00,1,"605,609",0,"107,956",0.15,1.00,5.61,1.00
0.05,5,0,0.00,6,"605,604",0,"107,956",0.15,1.00,5.61,1.00
0.06,16,0,0.00,22,"605,588",0,"107,956",0.15,1.00,5.61,1.00
0.07,40,1,0.02,62,"605,548",1,"107,955",0.15,1.00,5.61,1.00
0.08,95,2,0.02,157,"605,453",3,"107,953",0.15,1.00,5.61,1.00
0.09,382,2,0.01,539,"605,071",5,"107,951",0.15,1.00,5.60,1.00
0.1,388,6,0.02,927,"604,683",11,"107,945",0.15,1.00,5.60,1.00
0.11,584,12,0.02,"1,511","604,099",23,"107,933",0.15,1.00,5.60,1.00
0.12,946,30,0.03,"2,457","603,153",53,"107,903",0.15,1.00,5.59,1.00
0.13,"1,085",28,0.03,"3,542","602,068",81,"107,875",0.15,1.00,5.58,0.99
0.14,"1,588",45,0.03,"5,130","600,480",126,"107,830",0.15,1.00,5.56,0.99
0.15,"1,359",37,0.03,"6,489","599,121",163,"107,793",0.15,1.00,5.55,0.99
0.16,"2,313",84,0.04,"8,802","596,808",247,"107,709",0.15,1.00,5.53,0.99
0.17,"2,442",100,0.04,"11,244","594,366",347,"107,609",0.15,1.00,5.51,0.98
0.18,"3,343",147,0.04,"14,587","591,023",494,"107,462",0.15,1.00,5.47,0.98
0.19,"3,874",180,0.04,"18,461","587,149",674,"107,282",0.15,0.99,5.44,0.97
0.2,"4,367",188,0.04,"22,828","582,782",862,"107,094",0.16,0.99,5.40,0.97
0.21,"5,277",245,0.04,"28,105","577,505","1,107","106,849",0.16,0.99,5.35,0.96
0.22,"5,759",342,0.06,"33,864","571,746","1,449","106,507",0.16,0.99,5.30,0.95
0.23,"6,773",419,0.06,"40,637","564,973","1,868","106,088",0.16,0.98,5.23,0.94
0.24,"7,597",438,0.05,"48,234","557,376","2,306","105,650",0.16,0.98,5.16,0.93
0.25,"7,604",491,0.06,"55,838","549,772","2,797","105,159",0.16,0.97,5.09,0.92
0.26,"9,285",568,0.06,"65,123","540,487","3,365","104,591",0.16,0.97,5.01,0.90
0.27,"9,597",625,0.06,"74,720","530,890","3,990","103,966",0.16,0.96,4.92,0.89
0.28,"9,386",631,0.06,"84,106","521,504","4,621","103,335",0.17,0.96,4.83,0.88
0.29,"9,428",683,0.07,"93,534","512,076","5,304","102,652",0.17,0.95,4.74,0.86
0.3,"8,692",657,0.07,"102,226","503,384","5,961","101,995",0.17,0.94,4.66,0.85
0.31,"7,678",616,0.07,"109,904","495,706","6,577","101,379",0.17,0.94,4.59,0.84
0.32,"8,933",757,0.08,"118,837","486,773","7,334","100,622",0.17,0.93,4.51,0.82
0.33,"9,206",810,0.08,"128,043","477,567","8,144","99,812",0.17,0.92,4.42,0.81
0.34,"9,381",960,0.09,"137,424","468,186","9,104","98,852",0.17,0.92,4.34,0.79
0.35,"9,581","1,079",0.10,"147,005","458,605","10,183","97,773",0.18,0.91,4.25,0.78
0.36,"11,309","1,181",0.09,"158,314","447,296","11,364","96,592",0.18,0.89,4.14,0.76
0.37,"12,198","1,253",0.09,"170,512","435,098","12,617","95,339",0.18,0.88,4.03,0.74
0.38,"13,112","1,454",0.10,"183,624","421,986","14,071","93,885",0.18,0.87,3.91,0.72
0.39,"14,376","1,636",0.10,"198,000","407,610","15,707","92,249",0.18,0.85,3.78,0.70
0.4,"14,391","1,771",0.11,"212,391","393,219","17,478","90,478",0.19,0.84,3.64,0.68
0.41,"15,365","1,994",0.11,"227,756","377,854","19,472","88,484",0.19,0.82,3.50,0.65
0.42,"17,145","2,271",0.12,"244,901","360,709","21,743","86,213",0.19,0.80,3.34,0.63
0.43,"16,660","2,281",0.12,"261,561","344,049","24,024","83,932",0.20,0.78,3.19,0.60
0.44,"16,613","2,446",0.13,"278,174","327,436","26,470","81,486",0.20,0.75,3.03,0.57
0.45,"17,491","2,552",0.13,"295,665","309,945","29,022","78,934",0.20,0.73,2.87,0.54
0.46,"18,239","2,821",0.13,"313,904","291,706","31,843","76,113",0.21,0.71,2.70,0.52
0.47,"16,597","2,446",0.13,"330,501","275,109","34,289","73,667",0.21,0.68,2.55,0.49
0.48,"16,546","2,737",0.14,"347,047","258,563","37,026","70,930",0.22,0.66,2.40,0.46
0.49,"15,400","2,612",0.15,"362,447","243,163","39,638","68,318",0.22,0.63,2.25,0.44
0.5,"16,075","2,929",0.15,"378,522","227,088","42,567","65,389",0.22,0.61,2.10,0.41
0.51,"14,915","2,917",0.16,"393,437","212,173","45,484","62,472",0.23,0.58,1.97,0.38
0.52,"13,582","2,668",0.16,"407,019","198,591","48,152","59,804",0.23,0.55,1.84,0.36
0.53,"13,850","2,666",0.16,"420,869","184,741","50,818","57,138",0.24,0.53,1.71,0.34
0.54,"12,864","2,744",0.18,"433,733","171,877","53,562","54,394",0.24,0.50,1.59,0.32
0.55,"12,440","2,733",0.18,"446,173","159,437","56,295","51,661",0.24,0.48,1.48,0.30
0.56,"11,285","2,562",0.19,"457,458","148,152","58,857","49,099",0.25,0.45,1.37,0.28
0.57,"11,457","2,641",0.19,"468,915","136,695","61,498","46,458",0.25,0.43,1.27,0.26
0.58,"10,992","2,595",0.19,"479,907","125,703","64,093","43,863",0.26,0.41,1.16,0.24
0.59,"10,595","2,752",0.21,"490,502","115,108","66,845","41,111",0.26,0.38,1.07,0.22
0.6,"9,656","2,612",0.21,"500,158","105,452","69,457","38,499",0.27,0.36,0.98,0.20
0.61,"9,974","2,836",0.22,"510,132","95,478","72,293","35,663",0.27,0.33,0.88,0.18
0.62,"9,441","2,769",0.23,"519,573","86,037","75,062","32,894",0.28,0.30,0.80,0.17
0.63,"9,129","2,667",0.23,"528,702","76,908","77,729","30,227",0.28,0.28,0.71,0.15
0.64,"8,748","2,793",0.24,"537,450","68,160","80,522","27,434",0.29,0.25,0.63,0.13
0.65,"8,051","2,701",0.25,"545,501","60,109","83,223","24,733",0.29,0.23,0.56,0.12
0.66,"8,087","2,728",0.25,"553,588","52,022","85,951","22,005",0.30,0.20,0.48,0.10
0.67,"7,230","2,503",0.26,"560,818","44,792","88,454","19,502",0.30,0.18,0.41,0.09
0.68,"6,897","2,612",0.27,"567,715","37,895","91,066","16,890",0.31,0.16,0.35,0.08
0.69,"6,365","2,434",0.28,"574,080","31,530","93,500","14,456",0.31,0.13,0.29,0.06
0.7,"5,709","2,364",0.29,"579,789","25,821","95,864","12,092",0.32,0.11,0.24,0.05
0.71,"4,984","1,993",0.29,"584,773","20,837","97,857","10,099",0.33,0.09,0.19,0.04
0.72,"4,576","1,939",0.30,"589,349","16,261","99,796","8,160",0.33,0.08,0.15,0.03
0.73,"3,671","1,532",0.29,"593,020","12,590","101,328","6,628",0.34,0.06,0.12,0.03
0.74,"2,898","1,373",0.32,"595,918","9,692","102,701","5,255",0.35,0.05,0.09,0.02
0.75,"2,370","1,224",0.34,"598,288","7,322","103,925","4,031",0.36,0.04,0.07,0.02
0.76,"2,195","1,059",0.33,"600,483","5,127","104,984","2,972",0.37,0.03,0.05,0.01
0.77,"1,466",778,0.35,"601,949","3,661","105,762","2,194",0.37,0.02,0.03,0.01
0.78,"1,126",642,0.36,"603,075","2,535","106,404","1,552",0.38,0.01,0.02,0.01
0.79,779,451,0.37,"603,854","1,756","106,855","1,101",0.39,0.01,0.02,0.00
0.8,591,348,0.37,"604,445","1,165","107,203",753,0.39,0.01,0.01,0.00
0.81,465,305,0.40,"604,910",700,"107,508",448,0.39,0.00,0.01,0.00
0.82,305,184,0.38,"605,215",395,"107,692",264,0.40,0.00,0.00,0.00
0.83,164,121,0.42,"605,379",231,"107,813",143,0.38,0.00,0.00,0.00
0.84,94,56,0.37,"605,473",137,"107,869",87,0.39,0.00,0.00,0.00
0.85,62,42,0.40,"605,535",75,"107,911",45,0.38,0.00,0.00,0.00
0.86,46,16,0.26,"605,581",29,"107,927",29,0.50,0.00,0.00,0.00
0.87,20,16,0.44,"605,601",9,"107,943",13,0.59,0.00,0.00,0.00
0.88,3,11,0.79,"605,604",6,"107,954",2,0.25,0.00,0.00,0.00
0.89,4,1,0.20,"605,608",2,"107,955",1,0.33,0.00,0.00,0.00
0.9,0,1,1.00,"605,608",2,"107,956",0,0.00,0.00,0.00,0.00
0.91,2,0,0.00,"605,610",0,"107,956",0,nan,0.00,0.00,0.00
0.92,0,0,nan,"605,610",0,"107,956",0,nan,0.00,0.00,0.00
0.93,0,0,nan,"605,610",0,"107,956",0,nan,0.00,0.00,0.00
0.94,0,0,nan,"605,610",0,"107,956",0,nan,0.00,0.00,0.00
0.95,0,0,nan,"605,610",0,"107,956",0,nan,0.00,0.00,0.00
0.96,0,0,nan,"605,610",0,"107,956",0,nan,0.00,0.00,0.00
0.97,0,0,nan,"605,610",0,"107,956",0,nan,0.00,0.00,0.00
0.98,0,0,nan,"605,610",0,"107,956",0,nan,0.00,0.00,0.00
0.99,0,0,nan,"605,610",0,"107,956",0,nan,0.00,0.00,0.00
1.0,0,0,nan,"605,610",0,"107,956",0,nan,0.00,0.00,0.00
