p,Neg,Pos,$\frac{\text{Pos}}{\text{Neg}+\text{Pos}}$,TN,FP,FN,TP,Prec,Rec,$\frac{\text{FP}}{\text{P}}$
0.0,"6,058",110,0.02,"6,058","599,552",110,"107,846",0.15,1.00,5.55
0.05,"7,609",181,0.02,"13,667","591,943",291,"107,665",0.15,1.00,5.48
0.1,"14,156",443,0.03,"27,823","577,787",734,"107,222",0.16,0.99,5.35
0.15,"23,681",986,0.04,"51,504","554,106","1,720","106,236",0.16,0.98,5.13
0.2,"35,178","1,849",0.05,"86,682","518,928","3,569","104,387",0.17,0.97,4.81
0.25,"48,366","3,238",0.06,"135,048","470,562","6,807","101,149",0.18,0.94,4.36
0.3,"61,632","5,092",0.08,"196,680","408,930","11,899","96,057",0.19,0.89,3.79
0.35,"70,936","7,305",0.09,"267,616","337,994","19,204","88,752",0.21,0.82,3.13
0.4,"72,309","9,456",0.12,"339,925","265,685","28,660","79,296",0.23,0.73,2.46
0.45,"67,400","10,701",0.14,"407,325","198,285","39,361","68,595",0.26,0.64,1.84
0.5,"56,107","11,224",0.17,"463,432","142,178","50,585","57,371",0.29,0.53,1.32
0.55,"43,214","10,683",0.20,"506,646","98,964","61,268","46,688",0.32,0.43,0.92
0.6,"31,765","9,554",0.23,"538,411","67,199","70,822","37,134",0.36,0.34,0.62
0.65,"22,133","8,205",0.27,"560,544","45,066","79,027","28,929",0.39,0.27,0.42
0.7,"15,499","7,080",0.31,"576,043","29,567","86,107","21,849",0.42,0.20,0.27
0.75,"10,808","6,033",0.36,"586,851","18,759","92,140","15,816",0.46,0.15,0.17
0.8,"7,461","4,960",0.40,"594,312","11,298","97,100","10,856",0.49,0.10,0.10
0.85,"4,849","3,815",0.44,"599,161","6,449","100,915","7,041",0.52,0.07,0.06
0.9,"3,039","2,921",0.49,"602,200","3,410","103,836","4,120",0.55,0.04,0.03
0.95,"1,770","1,897",0.52,"603,970","1,640","105,733","2,223",0.58,0.02,0.02
1.0,"1,640","2,223",0.58,"605,610",0,"107,956",0,nan,0.00,0.00
