p,Neg,Pos,mPrec,TN,FP,FN,TP,Prec,Rec,FP/P,$\hat{p}$
0.0,"6,057",178,0.03,"6,057","599,553",178,"107,778",0.15,1.00,5.55,0.99
0.1,"85,176","4,936",0.05,"91,233","514,377","5,114","102,842",0.17,0.95,4.76,0.86
0.2,"115,162","11,811",0.09,"206,395","399,215","16,925","91,031",0.19,0.84,3.70,0.69
0.3,"137,116","19,763",0.13,"343,511","262,099","36,688","71,268",0.21,0.66,2.43,0.47
0.4,"97,582","18,755",0.16,"441,093","164,517","55,443","52,513",0.24,0.49,1.52,0.30
0.5,"64,734","15,787",0.20,"505,827","99,783","71,230","36,726",0.27,0.34,0.92,0.19
0.6,"44,327","13,521",0.23,"550,154","55,456","84,751","23,205",0.30,0.21,0.51,0.11
0.7,"29,267","10,624",0.27,"579,421","26,189","95,375","12,581",0.32,0.12,0.24,0.05
0.8,"14,750","6,484",0.31,"594,171","11,439","101,859","6,097",0.35,0.06,0.11,0.02
0.9,"6,850","3,430",0.33,"601,021","4,589","105,289","2,667",0.37,0.02,0.04,0.01
1.0,"4,589","2,667",0.37,"605,610",0,"107,956",0,nan,0.00,0.00,0.00
