p,Neg,Pos,$\frac{\text{Pos}}{\text{Neg}+\text{Pos}}$,TN,FP,FN,TP,Prec,Rec,$\frac{\text{FP}}{\text{P}}$
0.0,"30,281",340,0.01,"30,281","575,329",340,"107,616",0.16,1.00,5.33
0.1,"85,605","2,185",0.02,"115,886","489,724","2,525","105,431",0.18,0.98,4.54
0.2,"120,222","6,522",0.05,"236,108","369,502","9,047","98,909",0.21,0.92,3.42
0.3,"121,279","12,062",0.09,"357,387","248,223","21,109","86,847",0.26,0.80,2.30
0.4,"98,331","16,436",0.14,"455,718","149,892","37,545","70,411",0.32,0.65,1.39
0.5,"68,078","17,771",0.21,"523,796","81,814","55,316","52,640",0.39,0.49,0.76
0.6,"40,034","15,756",0.28,"563,830","41,780","71,072","36,884",0.47,0.34,0.39
0.7,"21,010","12,105",0.37,"584,840","20,770","83,177","24,779",0.54,0.23,0.19
0.8,"10,743","8,660",0.45,"595,583","10,027","91,837","16,119",0.62,0.15,0.09
0.9,"5,159","6,201",0.55,"600,742","4,868","98,038","9,918",0.67,0.09,0.05
1.0,"4,868","9,918",0.67,"605,610",0,"107,956",0,nan,0.00,0.00
