p,Neg,Pos,mPrec,TN,FP,FN,TP,Prec,Rec,FP/P,$\hat{p}$
0.0,"15,141",131,0.01,"15,141","590,469",131,"107,825",0.15,1.00,5.47,0.98
0.01,"29,706",437,0.01,"44,847","560,763",568,"107,388",0.16,0.99,5.19,0.94
0.02,"32,935",723,0.02,"77,782","527,828","1,291","106,665",0.17,0.99,4.89,0.89
0.03,"32,322",973,0.03,"110,104","495,506","2,264","105,692",0.18,0.98,4.59,0.84
0.04,"30,873","1,215",0.04,"140,977","464,633","3,479","104,477",0.18,0.97,4.30,0.80
0.05,"28,954","1,374",0.05,"169,931","435,679","4,853","103,103",0.19,0.96,4.04,0.76
0.06,"27,255","1,592",0.06,"197,186","408,424","6,445","101,511",0.20,0.94,3.78,0.71
0.07,"25,506","1,626",0.06,"222,692","382,918","8,071","99,885",0.21,0.93,3.55,0.68
0.08,"23,735","1,780",0.07,"246,427","359,183","9,851","98,105",0.21,0.91,3.33,0.64
0.09,"22,533","1,789",0.07,"268,960","336,650","11,640","96,316",0.22,0.89,3.12,0.61
0.1,"21,052","1,852",0.08,"290,012","315,598","13,492","94,464",0.23,0.88,2.92,0.57
0.11,"19,394","1,967",0.09,"309,406","296,204","15,459","92,497",0.24,0.86,2.74,0.54
0.12,"18,305","2,038",0.10,"327,711","277,899","17,497","90,459",0.25,0.84,2.57,0.52
0.13,"17,059","2,117",0.11,"344,770","260,840","19,614","88,342",0.25,0.82,2.42,0.49
0.14,"15,969","2,078",0.12,"360,739","244,871","21,692","86,264",0.26,0.80,2.27,0.46
0.15,"14,993","2,002",0.12,"375,732","229,878","23,694","84,262",0.27,0.78,2.13,0.44
0.16,"13,770","2,087",0.13,"389,502","216,108","25,781","82,175",0.28,0.76,2.00,0.42
0.17,"12,931","2,069",0.14,"402,433","203,177","27,850","80,106",0.28,0.74,1.88,0.40
0.18,"12,257","1,999",0.14,"414,690","190,920","29,849","78,107",0.29,0.72,1.77,0.38
0.19,"11,309","2,042",0.15,"425,999","179,611","31,891","76,065",0.30,0.70,1.66,0.36
0.2,"10,674","2,031",0.16,"436,673","168,937","33,922","74,034",0.30,0.69,1.56,0.34
0.21,"10,209","1,993",0.16,"446,882","158,728","35,915","72,041",0.31,0.67,1.47,0.32
0.22,"9,509","1,896",0.17,"456,391","149,219","37,811","70,145",0.32,0.65,1.38,0.31
0.23,"8,830","1,916",0.18,"465,221","140,389","39,727","68,229",0.33,0.63,1.30,0.29
0.24,"8,402","1,844",0.18,"473,623","131,987","41,571","66,385",0.33,0.61,1.22,0.28
0.25,"7,856","1,885",0.19,"481,479","124,131","43,456","64,500",0.34,0.60,1.15,0.26
0.26,"7,180","1,755",0.20,"488,659","116,951","45,211","62,745",0.35,0.58,1.08,0.25
0.27,"7,023","1,809",0.20,"495,682","109,928","47,020","60,936",0.36,0.56,1.02,0.24
0.28,"6,620","1,831",0.22,"502,302","103,308","48,851","59,105",0.36,0.55,0.96,0.23
0.29,"6,082","1,718",0.22,"508,384","97,226","50,569","57,387",0.37,0.53,0.90,0.22
0.3,"5,680","1,742",0.23,"514,064","91,546","52,311","55,645",0.38,0.52,0.85,0.21
0.31,"5,337","1,620",0.23,"519,401","86,209","53,931","54,025",0.39,0.50,0.80,0.20
0.32,"5,163","1,679",0.25,"524,564","81,046","55,610","52,346",0.39,0.48,0.75,0.19
0.33,"4,732","1,610",0.25,"529,296","76,314","57,220","50,736",0.40,0.47,0.71,0.18
0.34,"4,523","1,535",0.25,"533,819","71,791","58,755","49,201",0.41,0.46,0.67,0.17
0.35,"4,181","1,494",0.26,"538,000","67,610","60,249","47,707",0.41,0.44,0.63,0.16
0.36,"3,884","1,484",0.28,"541,884","63,726","61,733","46,223",0.42,0.43,0.59,0.15
0.37,"3,779","1,452",0.28,"545,663","59,947","63,185","44,771",0.43,0.41,0.56,0.15
0.38,"3,454","1,404",0.29,"549,117","56,493","64,589","43,367",0.43,0.40,0.52,0.14
0.39,"3,340","1,321",0.28,"552,457","53,153","65,910","42,046",0.44,0.39,0.49,0.13
0.4,"3,093","1,299",0.30,"555,550","50,060","67,209","40,747",0.45,0.38,0.46,0.13
0.41,"2,820","1,268",0.31,"558,370","47,240","68,477","39,479",0.46,0.37,0.44,0.12
0.42,"2,699","1,260",0.32,"561,069","44,541","69,737","38,219",0.46,0.35,0.41,0.12
0.43,"2,663","1,165",0.30,"563,732","41,878","70,902","37,054",0.47,0.34,0.39,0.11
0.44,"2,338","1,195",0.34,"566,070","39,540","72,097","35,859",0.48,0.33,0.37,0.11
0.45,"2,317","1,089",0.32,"568,387","37,223","73,186","34,770",0.48,0.32,0.34,0.10
0.46,"2,164","1,122",0.34,"570,551","35,059","74,308","33,648",0.49,0.31,0.32,0.10
0.47,"1,989","1,093",0.35,"572,540","33,070","75,401","32,555",0.50,0.30,0.31,0.09
0.48,"1,847","1,014",0.35,"574,387","31,223","76,415","31,541",0.50,0.29,0.29,0.09
0.49,"1,744",966,0.36,"576,131","29,479","77,381","30,575",0.51,0.28,0.27,0.08
0.5,"1,737",989,0.36,"577,868","27,742","78,370","29,586",0.52,0.27,0.26,0.08
0.51,"1,526",947,0.38,"579,394","26,216","79,317","28,639",0.52,0.27,0.24,0.08
0.52,"1,491",941,0.39,"580,885","24,725","80,258","27,698",0.53,0.26,0.23,0.07
0.53,"1,413",849,0.38,"582,298","23,312","81,107","26,849",0.54,0.25,0.22,0.07
0.54,"1,290",900,0.41,"583,588","22,022","82,007","25,949",0.54,0.24,0.20,0.07
0.55,"1,212",861,0.42,"584,800","20,810","82,868","25,088",0.55,0.23,0.19,0.06
0.56,"1,186",845,0.42,"585,986","19,624","83,713","24,243",0.55,0.22,0.18,0.06
0.57,"1,092",822,0.43,"587,078","18,532","84,535","23,421",0.56,0.22,0.17,0.06
0.58,999,762,0.43,"588,077","17,533","85,297","22,659",0.56,0.21,0.16,0.06
0.59,989,759,0.43,"589,066","16,544","86,056","21,900",0.57,0.20,0.15,0.05
0.6,905,732,0.45,"589,971","15,639","86,788","21,168",0.58,0.20,0.14,0.05
0.61,825,702,0.46,"590,796","14,814","87,490","20,466",0.58,0.19,0.14,0.05
0.62,848,693,0.45,"591,644","13,966","88,183","19,773",0.59,0.18,0.13,0.05
0.63,806,678,0.46,"592,450","13,160","88,861","19,095",0.59,0.18,0.12,0.05
0.64,660,655,0.50,"593,110","12,500","89,516","18,440",0.60,0.17,0.12,0.04
0.65,693,629,0.48,"593,803","11,807","90,145","17,811",0.60,0.16,0.11,0.04
0.66,697,628,0.47,"594,500","11,110","90,773","17,183",0.61,0.16,0.10,0.04
0.67,686,625,0.48,"595,186","10,424","91,398","16,558",0.61,0.15,0.10,0.04
0.68,570,589,0.51,"595,756","9,854","91,987","15,969",0.62,0.15,0.09,0.04
0.69,556,591,0.52,"596,312","9,298","92,578","15,378",0.62,0.14,0.09,0.03
0.7,552,608,0.52,"596,864","8,746","93,186","14,770",0.63,0.14,0.08,0.03
0.71,476,521,0.52,"597,340","8,270","93,707","14,249",0.63,0.13,0.08,0.03
0.72,462,524,0.53,"597,802","7,808","94,231","13,725",0.64,0.13,0.07,0.03
0.73,464,506,0.52,"598,266","7,344","94,737","13,219",0.64,0.12,0.07,0.03
0.74,395,523,0.57,"598,661","6,949","95,260","12,696",0.65,0.12,0.06,0.03
0.75,418,463,0.53,"599,079","6,531","95,723","12,233",0.65,0.11,0.06,0.03
0.76,367,480,0.57,"599,446","6,164","96,203","11,753",0.66,0.11,0.06,0.03
0.77,339,505,0.60,"599,785","5,825","96,708","11,248",0.66,0.10,0.05,0.02
0.78,377,444,0.54,"600,162","5,448","97,152","10,804",0.66,0.10,0.05,0.02
0.79,322,426,0.57,"600,484","5,126","97,578","10,378",0.67,0.10,0.05,0.02
0.8,330,447,0.58,"600,814","4,796","98,025","9,931",0.67,0.09,0.04,0.02
0.81,314,407,0.56,"601,128","4,482","98,432","9,524",0.68,0.09,0.04,0.02
0.82,257,399,0.61,"601,385","4,225","98,831","9,125",0.68,0.08,0.04,0.02
0.83,247,411,0.62,"601,632","3,978","99,242","8,714",0.69,0.08,0.04,0.02
0.84,264,398,0.60,"601,896","3,714","99,640","8,316",0.69,0.08,0.03,0.02
0.85,246,406,0.62,"602,142","3,468","100,046","7,910",0.70,0.07,0.03,0.02
0.86,239,395,0.62,"602,381","3,229","100,441","7,515",0.70,0.07,0.03,0.02
0.87,248,339,0.58,"602,629","2,981","100,780","7,176",0.71,0.07,0.03,0.01
0.88,238,367,0.61,"602,867","2,743","101,147","6,809",0.71,0.06,0.03,0.01
0.89,195,347,0.64,"603,062","2,548","101,494","6,462",0.72,0.06,0.02,0.01
0.9,178,366,0.67,"603,240","2,370","101,860","6,096",0.72,0.06,0.02,0.01
0.91,158,332,0.68,"603,398","2,212","102,192","5,764",0.72,0.05,0.02,0.01
0.92,174,378,0.68,"603,572","2,038","102,570","5,386",0.73,0.05,0.02,0.01
0.93,158,376,0.70,"603,730","1,880","102,946","5,010",0.73,0.05,0.02,0.01
0.94,153,359,0.70,"603,883","1,727","103,305","4,651",0.73,0.04,0.02,0.01
0.95,168,360,0.68,"604,051","1,559","103,665","4,291",0.73,0.04,0.01,0.01
0.96,128,325,0.72,"604,179","1,431","103,990","3,966",0.73,0.04,0.01,0.01
0.97,155,321,0.67,"604,334","1,276","104,311","3,645",0.74,0.03,0.01,0.01
0.98,119,323,0.73,"604,453","1,157","104,634","3,322",0.74,0.03,0.01,0.01
0.99,119,336,0.74,"604,572","1,038","104,970","2,986",0.74,0.03,0.01,0.01
1.0,"1,038","2,986",0.74,"605,610",0,"107,956",0,nan,0.00,0.00,0.00
