p,Neg,Pos,$\frac{\text{Pos}}{\text{Neg}+\text{Pos}}$,TN,FP,FN,TP,Prec,Rec,$\frac{\text{FP}}{\text{P}}$
0.0,"30,298","1,307",0.04,"30,298","575,312","1,307","106,649",0.16,0.99,5.33
0.01,"3,238",176,0.05,"33,536","572,074","1,483","106,473",0.16,0.99,5.30
0.02,"3,196",166,0.05,"36,732","568,878","1,649","106,307",0.16,0.98,5.27
0.03,"3,455",191,0.05,"40,187","565,423","1,840","106,116",0.16,0.98,5.24
0.04,"3,539",212,0.06,"43,726","561,884","2,052","105,904",0.16,0.98,5.20
0.05,"3,240",153,0.05,"46,966","558,644","2,205","105,751",0.16,0.98,5.17
0.06,"3,841",239,0.06,"50,807","554,803","2,444","105,512",0.16,0.98,5.14
0.07,"3,868",246,0.06,"54,675","550,935","2,690","105,266",0.16,0.98,5.10
0.08,"3,932",247,0.06,"58,607","547,003","2,937","105,019",0.16,0.97,5.07
0.09,"4,641",286,0.06,"63,248","542,362","3,223","104,733",0.16,0.97,5.02
0.1,"4,869",305,0.06,"68,117","537,493","3,528","104,428",0.16,0.97,4.98
0.11,"4,353",306,0.07,"72,470","533,140","3,834","104,122",0.16,0.96,4.94
0.12,"4,551",312,0.06,"77,021","528,589","4,146","103,810",0.16,0.96,4.90
0.13,"4,634",301,0.06,"81,655","523,955","4,447","103,509",0.16,0.96,4.85
0.14,"4,318",304,0.07,"85,973","519,637","4,751","103,205",0.17,0.96,4.81
0.15,"4,090",326,0.07,"90,063","515,547","5,077","102,879",0.17,0.95,4.78
0.16,"4,348",316,0.07,"94,411","511,199","5,393","102,563",0.17,0.95,4.74
0.17,"4,022",259,0.06,"98,433","507,177","5,652","102,304",0.17,0.95,4.70
0.18,"4,335",341,0.07,"102,768","502,842","5,993","101,963",0.17,0.94,4.66
0.19,"4,958",403,0.08,"107,726","497,884","6,396","101,560",0.17,0.94,4.61
0.2,"4,286",373,0.08,"112,012","493,598","6,769","101,187",0.17,0.94,4.57
0.21,"4,940",430,0.08,"116,952","488,658","7,199","100,757",0.17,0.93,4.53
0.22,"4,881",453,0.08,"121,833","483,777","7,652","100,304",0.17,0.93,4.48
0.23,"4,953",449,0.08,"126,786","478,824","8,101","99,855",0.17,0.92,4.44
0.24,"5,119",500,0.09,"131,905","473,705","8,601","99,355",0.17,0.92,4.39
0.25,"5,836",588,0.09,"137,741","467,869","9,189","98,767",0.17,0.91,4.33
0.26,"5,928",615,0.09,"143,669","461,941","9,804","98,152",0.18,0.91,4.28
0.27,"5,967",586,0.09,"149,636","455,974","10,390","97,566",0.18,0.90,4.22
0.28,"6,644",703,0.10,"156,280","449,330","11,093","96,863",0.18,0.90,4.16
0.29,"6,524",633,0.09,"162,804","442,806","11,726","96,230",0.18,0.89,4.10
0.3,"6,800",776,0.10,"169,604","436,006","12,502","95,454",0.18,0.88,4.04
0.31,"7,048",808,0.10,"176,652","428,958","13,310","94,646",0.18,0.88,3.97
0.32,"7,980",877,0.10,"184,632","420,978","14,187","93,769",0.18,0.87,3.90
0.33,"7,710",946,0.11,"192,342","413,268","15,133","92,823",0.18,0.86,3.83
0.34,"8,150",980,0.11,"200,492","405,118","16,113","91,843",0.18,0.85,3.75
0.35,"8,478","1,072",0.11,"208,970","396,640","17,185","90,771",0.19,0.84,3.67
0.36,"8,978","1,114",0.11,"217,948","387,662","18,299","89,657",0.19,0.83,3.59
0.37,"8,732","1,118",0.11,"226,680","378,930","19,417","88,539",0.19,0.82,3.51
0.38,"9,395","1,221",0.12,"236,075","369,535","20,638","87,318",0.19,0.81,3.42
0.39,"10,082","1,415",0.12,"246,157","359,453","22,053","85,903",0.19,0.80,3.33
0.4,"10,797","1,478",0.12,"256,954","348,656","23,531","84,425",0.19,0.78,3.23
0.41,"10,608","1,420",0.12,"267,562","338,048","24,951","83,005",0.20,0.77,3.13
0.42,"9,690","1,359",0.12,"277,252","328,358","26,310","81,646",0.20,0.76,3.04
0.43,"9,895","1,367",0.12,"287,147","318,463","27,677","80,279",0.20,0.74,2.95
0.44,"10,003","1,601",0.14,"297,150","308,460","29,278","78,678",0.20,0.73,2.86
0.45,"10,209","1,576",0.13,"307,359","298,251","30,854","77,102",0.21,0.71,2.76
0.46,"9,738","1,498",0.13,"317,097","288,513","32,352","75,604",0.21,0.70,2.67
0.47,"9,831","1,617",0.14,"326,928","278,682","33,969","73,987",0.21,0.69,2.58
0.48,"10,135","1,567",0.13,"337,063","268,547","35,536","72,420",0.21,0.67,2.49
0.49,"9,798","1,719",0.15,"346,861","258,749","37,255","70,701",0.21,0.65,2.40
0.5,"8,779","1,522",0.15,"355,640","249,970","38,777","69,179",0.22,0.64,2.32
0.51,"9,995","1,740",0.15,"365,635","239,975","40,517","67,439",0.22,0.62,2.22
0.52,"8,556","1,522",0.15,"374,191","231,419","42,039","65,917",0.22,0.61,2.14
0.53,"9,173","1,724",0.16,"383,364","222,246","43,763","64,193",0.22,0.59,2.06
0.54,"8,731","1,711",0.16,"392,095","213,515","45,474","62,482",0.23,0.58,1.98
0.55,"8,517","1,642",0.16,"400,612","204,998","47,116","60,840",0.23,0.56,1.90
0.56,"8,637","1,619",0.16,"409,249","196,361","48,735","59,221",0.23,0.55,1.82
0.57,"8,381","1,593",0.16,"417,630","187,980","50,328","57,628",0.23,0.53,1.74
0.58,"7,799","1,568",0.17,"425,429","180,181","51,896","56,060",0.24,0.52,1.67
0.59,"7,363","1,503",0.17,"432,792","172,818","53,399","54,557",0.24,0.51,1.60
0.6,"6,663","1,396",0.17,"439,455","166,155","54,795","53,161",0.24,0.49,1.54
0.61,"6,891","1,509",0.18,"446,346","159,264","56,304","51,652",0.24,0.48,1.48
0.62,"6,017","1,370",0.19,"452,363","153,247","57,674","50,282",0.25,0.47,1.42
0.63,"6,093","1,331",0.18,"458,456","147,154","59,005","48,951",0.25,0.45,1.36
0.64,"6,067","1,421",0.19,"464,523","141,087","60,426","47,530",0.25,0.44,1.31
0.65,"6,233","1,497",0.19,"470,756","134,854","61,923","46,033",0.25,0.43,1.25
0.66,"5,159","1,334",0.21,"475,915","129,695","63,257","44,699",0.26,0.41,1.20
0.67,"5,397","1,329",0.20,"481,312","124,298","64,586","43,370",0.26,0.40,1.15
0.68,"5,729","1,399",0.20,"487,041","118,569","65,985","41,971",0.26,0.39,1.10
0.69,"5,557","1,463",0.21,"492,598","113,012","67,448","40,508",0.26,0.38,1.05
0.7,"5,751","1,554",0.21,"498,349","107,261","69,002","38,954",0.27,0.36,0.99
0.71,"5,591","1,518",0.21,"503,940","101,670","70,520","37,436",0.27,0.35,0.94
0.72,"5,126","1,498",0.23,"509,066","96,544","72,018","35,938",0.27,0.33,0.89
0.73,"4,657","1,319",0.22,"513,723","91,887","73,337","34,619",0.27,0.32,0.85
0.74,"4,688","1,395",0.23,"518,411","87,199","74,732","33,224",0.28,0.31,0.81
0.75,"4,735","1,407",0.23,"523,146","82,464","76,139","31,817",0.28,0.29,0.76
0.76,"4,738","1,436",0.23,"527,884","77,726","77,575","30,381",0.28,0.28,0.72
0.77,"4,714","1,375",0.23,"532,598","73,012","78,950","29,006",0.28,0.27,0.68
0.78,"4,231","1,343",0.24,"536,829","68,781","80,293","27,663",0.29,0.26,0.64
0.79,"4,023","1,306",0.25,"540,852","64,758","81,599","26,357",0.29,0.24,0.60
0.8,"4,367","1,412",0.24,"545,219","60,391","83,011","24,945",0.29,0.23,0.56
0.81,"4,150","1,372",0.25,"549,369","56,241","84,383","23,573",0.30,0.22,0.52
0.82,"3,671","1,265",0.26,"553,040","52,570","85,648","22,308",0.30,0.21,0.49
0.83,"3,911","1,360",0.26,"556,951","48,659","87,008","20,948",0.30,0.19,0.45
0.84,"3,718","1,435",0.28,"560,669","44,941","88,443","19,513",0.30,0.18,0.42
0.85,"3,472","1,233",0.26,"564,141","41,469","89,676","18,280",0.31,0.17,0.38
0.86,"3,070","1,096",0.26,"567,211","38,399","90,772","17,184",0.31,0.16,0.36
0.87,"2,877","1,134",0.28,"570,088","35,522","91,906","16,050",0.31,0.15,0.33
0.88,"2,983","1,152",0.28,"573,071","32,539","93,058","14,898",0.31,0.14,0.30
0.89,"2,676","1,062",0.28,"575,747","29,863","94,120","13,836",0.32,0.13,0.28
0.9,"2,445",971,0.28,"578,192","27,418","95,091","12,865",0.32,0.12,0.25
0.91,"2,426",967,0.28,"580,618","24,992","96,058","11,898",0.32,0.11,0.23
0.92,"2,059",831,0.29,"582,677","22,933","96,889","11,067",0.33,0.10,0.21
0.93,"2,066",871,0.30,"584,743","20,867","97,760","10,196",0.33,0.09,0.19
0.94,"1,929",850,0.31,"586,672","18,938","98,610","9,346",0.33,0.09,0.18
0.95,"1,905",831,0.30,"588,577","17,033","99,441","8,515",0.33,0.08,0.16
0.96,"1,642",752,0.31,"590,219","15,391","100,193","7,763",0.34,0.07,0.14
0.97,"1,467",607,0.29,"591,686","13,924","100,800","7,156",0.34,0.07,0.13
0.98,"1,318",610,0.32,"593,004","12,606","101,410","6,546",0.34,0.06,0.12
0.99,"1,470",643,0.30,"594,474","11,136","102,053","5,903",0.35,0.05,0.10
1.0,"11,136","5,903",0.35,"605,610",0,"107,956",0,nan,0.00,0.00
