,min,max,Neg,Pos,$\frac{\text{Pos}}{\text{Neg}+\text{Pos}}$,TN,FP,FN,TP,Prec,Rec,FP/P
0,0.0046,0.0412,"18,403",678,0.0355,"18,403","587,207",678,"107,278",0.1545,0.9937,5.4393
1,0.0412,0.0541,"29,811","1,600",0.0509,"48,214","557,396","2,278","105,678",0.1594,0.9789,5.1632
2,0.0541,0.0630,"24,585","1,604",0.0612,"72,799","532,811","3,882","104,074",0.1634,0.9640,4.9354
3,0.0630,0.0713,"23,060","1,600",0.0649,"95,859","509,751","5,482","102,474",0.1674,0.9492,4.7218
4,0.0713,0.0792,"19,828","1,601",0.0747,"115,687","489,923","7,083","100,873",0.1707,0.9344,4.5382
5,0.0792,0.0864,"17,382","1,601",0.0843,"133,069","472,541","8,684","99,272",0.1736,0.9196,4.3772
6,0.0864,0.0923,"15,937","1,601",0.0913,"149,006","456,604","10,285","97,671",0.1762,0.9047,4.2295
7,0.0923,0.0975,"15,536","1,600",0.0934,"164,542","441,068","11,885","96,071",0.1789,0.8899,4.0856
8,0.0976,0.1023,"14,812","1,602",0.0976,"179,354","426,256","13,487","94,469",0.1814,0.8751,3.9484
9,0.1023,0.1064,"13,739","1,600",0.1043,"193,093","412,517","15,087","92,869",0.1838,0.8602,3.8212
10,0.1064,0.1103,"13,060","1,602",0.1093,"206,153","399,457","16,689","91,267",0.1860,0.8454,3.7002
11,0.1103,0.1138,"12,552","1,600",0.1131,"218,705","386,905","18,289","89,667",0.1881,0.8306,3.5839
12,0.1138,0.1171,"12,095","1,601",0.1169,"230,800","374,810","19,890","88,066",0.1903,0.8158,3.4719
13,0.1171,0.1202,"11,803","1,600",0.1194,"242,603","363,007","21,490","86,466",0.1924,0.8009,3.3625
14,0.1202,0.1232,"11,570","1,602",0.1216,"254,173","351,437","23,092","84,864",0.1945,0.7861,3.2554
15,0.1232,0.1266,"12,301","1,600",0.1151,"266,474","339,136","24,692","83,264",0.1971,0.7713,3.1414
16,0.1266,0.1296,"10,731","1,601",0.1298,"277,205","328,405","26,293","81,663",0.1991,0.7564,3.0420
17,0.1296,0.1324,"10,583","1,600",0.1313,"287,788","317,822","27,893","80,063",0.2012,0.7416,2.9440
18,0.1324,0.1353,"10,693","1,608",0.1307,"298,481","307,129","29,501","78,455",0.2035,0.7267,2.8449
19,0.1353,0.1384,"10,926","1,608",0.1283,"309,407","296,203","31,109","76,847",0.2060,0.7118,2.7437
20,0.1384,0.1412,"10,244","1,600",0.1351,"319,651","285,959","32,709","75,247",0.2083,0.6970,2.6488
21,0.1412,0.1439,"9,510","1,600",0.1440,"329,161","276,449","34,309","73,647",0.2104,0.6822,2.5608
22,0.1439,0.1469,"9,907","1,600",0.1390,"339,068","266,542","35,909","72,047",0.2128,0.6674,2.4690
23,0.1469,0.1497,"9,666","1,604",0.1423,"348,734","256,876","37,513","70,443",0.2152,0.6525,2.3795
24,0.1497,0.1527,"9,885","1,604",0.1396,"358,619","246,991","39,117","68,839",0.2180,0.6377,2.2879
25,0.1527,0.1560,"9,151","1,601",0.1489,"367,770","237,840","40,718","67,238",0.2204,0.6228,2.2031
26,0.1560,0.1591,"9,336","1,601",0.1464,"377,106","228,504","42,319","65,637",0.2231,0.6080,2.1166
27,0.1591,0.1623,"8,571","1,600",0.1573,"385,677","219,933","43,919","64,037",0.2255,0.5932,2.0372
28,0.1623,0.1653,"8,300","1,604",0.1620,"393,977","211,633","45,523","62,433",0.2278,0.5783,1.9604
29,0.1653,0.1685,"7,899","1,600",0.1684,"401,876","203,734","47,123","60,833",0.2299,0.5635,1.8872
30,0.1685,0.1715,"7,708","1,600",0.1719,"409,584","196,026","48,723","59,233",0.2321,0.5487,1.8158
31,0.1715,0.1749,"8,264","1,600",0.1622,"417,848","187,762","50,323","57,633",0.2349,0.5339,1.7392
32,0.1749,0.1781,"7,862","1,601",0.1692,"425,710","179,900","51,924","56,032",0.2375,0.5190,1.6664
33,0.1781,0.1816,"7,999","1,601",0.1668,"433,709","171,901","53,525","54,431",0.2405,0.5042,1.5923
34,0.1816,0.1850,"7,187","1,600",0.1821,"440,896","164,714","55,125","52,831",0.2429,0.4894,1.5258
35,0.1850,0.1885,"7,028","1,600",0.1854,"447,924","157,686","56,725","51,231",0.2452,0.4746,1.4607
36,0.1885,0.1919,"6,804","1,600",0.1904,"454,728","150,882","58,325","49,631",0.2475,0.4597,1.3976
37,0.1919,0.1955,"6,906","1,600",0.1881,"461,634","143,976","59,925","48,031",0.2502,0.4449,1.3337
38,0.1955,0.1992,"7,002","1,602",0.1862,"468,636","136,974","61,527","46,429",0.2532,0.4301,1.2688
39,0.1992,0.2031,"6,844","1,600",0.1895,"475,480","130,130","63,127","44,829",0.2562,0.4153,1.2054
40,0.2031,0.2068,"6,285","1,604",0.2033,"481,765","123,845","64,731","43,225",0.2587,0.4004,1.1472
41,0.2068,0.2106,"6,233","1,600",0.2043,"487,998","117,612","66,331","41,625",0.2614,0.3856,1.0894
42,0.2106,0.2146,"6,235","1,601",0.2043,"494,233","111,377","67,932","40,024",0.2644,0.3707,1.0317
43,0.2146,0.2184,"6,071","1,600",0.2086,"500,304","105,306","69,532","38,424",0.2673,0.3559,0.9755
44,0.2184,0.2224,"5,825","1,602",0.2157,"506,129","99,481","71,134","36,822",0.2701,0.3411,0.9215
45,0.2224,0.2263,"5,672","1,600",0.2200,"511,801","93,809","72,734","35,222",0.2730,0.3263,0.8690
46,0.2263,0.2300,"5,459","1,600",0.2267,"517,260","88,350","74,334","33,622",0.2757,0.3114,0.8184
47,0.2300,0.2343,"5,183","1,600",0.2359,"522,443","83,167","75,934","32,022",0.2780,0.2966,0.7704
48,0.2343,0.2383,"5,122","1,600",0.2380,"527,565","78,045","77,534","30,422",0.2805,0.2818,0.7229
49,0.2383,0.2427,"5,045","1,600",0.2408,"532,610","73,000","79,134","28,822",0.2831,0.2670,0.6762
50,0.2427,0.2472,"5,118","1,605",0.2387,"537,728","67,882","80,739","27,217",0.2862,0.2521,0.6288
51,0.2472,0.2517,"4,954","1,605",0.2447,"542,682","62,928","82,344","25,612",0.2893,0.2372,0.5829
52,0.2517,0.2565,"4,940","1,600",0.2446,"547,622","57,988","83,944","24,012",0.2928,0.2224,0.5371
53,0.2565,0.2617,"4,945","1,603",0.2448,"552,567","53,043","85,547","22,409",0.2970,0.2076,0.4913
54,0.2617,0.2668,"4,681","1,603",0.2551,"557,248","48,362","87,150","20,806",0.3008,0.1927,0.4480
55,0.2668,0.2715,"4,503","1,601",0.2623,"561,751","43,859","88,751","19,205",0.3045,0.1779,0.4063
56,0.2715,0.2767,"4,390","1,600",0.2671,"566,141","39,469","90,351","17,605",0.3085,0.1631,0.3656
57,0.2767,0.2823,"4,247","1,600",0.2736,"570,388","35,222","91,951","16,005",0.3124,0.1483,0.3263
58,0.2823,0.2879,"3,994","1,603",0.2864,"574,382","31,228","93,554","14,402",0.3156,0.1334,0.2893
59,0.2879,0.2942,"3,879","1,601",0.2922,"578,261","27,349","95,155","12,801",0.3188,0.1186,0.2533
60,0.2942,0.3013,"3,874","1,600",0.2923,"582,135","23,475","96,755","11,201",0.3230,0.1038,0.2174
61,0.3013,0.3087,"3,789","1,600",0.2969,"585,924","19,686","98,355","9,601",0.3278,0.0889,0.1824
62,0.3087,0.3184,"3,828","1,600",0.2948,"589,752","15,858","99,955","8,001",0.3353,0.0741,0.1469
63,0.3184,0.3292,"3,647","1,601",0.3051,"593,399","12,211","101,556","6,400",0.3439,0.0593,0.1131
64,0.3292,0.3427,"3,413","1,600",0.3192,"596,812","8,798","103,156","4,800",0.3530,0.0445,0.0815
65,0.3427,0.3628,"3,192","1,600",0.3339,"600,004","5,606","104,756","3,200",0.3634,0.0296,0.0519
66,0.3628,0.3962,"2,958","1,600",0.3510,"602,962","2,648","106,356","1,600",0.3766,0.0148,0.0245
67,0.3962,0.7637,"2,648","1,600",0.3766,"605,610",0,"107,956",0,nan,0.0000,0.0000
