p,Neg,Pos,mPrec,TN,FP,FN,TP,Prec,Rec,FP/P,$\hat{p}$
0.0,0,0,nan,0,"605,610",0,"107,956",0.15,1.00,5.61,1.00
0.01,"1,326",21,0.02,"1,326","604,284",21,"107,935",0.15,1.00,5.60,1.00
0.02,"9,359",203,0.02,"10,685","594,925",224,"107,732",0.15,1.00,5.51,0.98
0.03,"19,181",600,0.03,"29,866","575,744",824,"107,132",0.16,0.99,5.33,0.96
0.04,"26,511","1,064",0.04,"56,377","549,233","1,888","106,068",0.16,0.98,5.09,0.92
0.05,"30,793","1,629",0.05,"87,170","518,440","3,517","104,439",0.17,0.97,4.80,0.87
0.06,"33,691","2,227",0.06,"120,861","484,749","5,744","102,212",0.17,0.95,4.49,0.82
0.07,"35,789","2,617",0.07,"156,650","448,960","8,361","99,595",0.18,0.92,4.16,0.77
0.08,"36,075","3,077",0.08,"192,725","412,885","11,438","96,518",0.19,0.89,3.82,0.71
0.09,"35,469","3,470",0.09,"228,194","377,416","14,908","93,048",0.20,0.86,3.50,0.66
0.1,"34,155","3,656",0.10,"262,349","343,261","18,564","89,392",0.21,0.83,3.18,0.61
0.11,"32,378","3,751",0.10,"294,727","310,883","22,315","85,641",0.22,0.79,2.88,0.56
0.12,"29,860","3,963",0.12,"324,587","281,023","26,278","81,678",0.23,0.76,2.60,0.51
0.13,"27,813","3,960",0.12,"352,400","253,210","30,238","77,718",0.23,0.72,2.35,0.46
0.14,"25,076","3,934",0.14,"377,476","228,134","34,172","73,784",0.24,0.68,2.11,0.42
0.15,"22,996","3,964",0.15,"400,472","205,138","38,136","69,820",0.25,0.65,1.90,0.39
0.16,"20,641","3,581",0.15,"421,113","184,497","41,717","66,239",0.26,0.61,1.71,0.35
0.17,"18,478","3,614",0.16,"439,591","166,019","45,331","62,625",0.27,0.58,1.54,0.32
0.18,"16,513","3,517",0.18,"456,104","149,506","48,848","59,108",0.28,0.55,1.38,0.29
0.19,"14,724","3,305",0.18,"470,828","134,782","52,153","55,803",0.29,0.52,1.25,0.27
0.2,"13,313","3,183",0.19,"484,141","121,469","55,336","52,620",0.30,0.49,1.13,0.24
0.21,"11,812","3,006",0.20,"495,953","109,657","58,342","49,614",0.31,0.46,1.02,0.22
0.22,"10,792","2,857",0.21,"506,745","98,865","61,199","46,757",0.32,0.43,0.92,0.20
0.23,"9,550","2,587",0.21,"516,295","89,315","63,786","44,170",0.33,0.41,0.83,0.19
0.24,"8,608","2,592",0.23,"524,903","80,707","66,378","41,578",0.34,0.39,0.75,0.17
0.25,"7,699","2,385",0.24,"532,602","73,008","68,763","39,193",0.35,0.36,0.68,0.16
0.26,"6,817","2,252",0.25,"539,419","66,191","71,015","36,941",0.36,0.34,0.61,0.14
0.27,"6,338","2,193",0.26,"545,757","59,853","73,208","34,748",0.37,0.32,0.55,0.13
0.28,"5,735","2,134",0.27,"551,492","54,118","75,342","32,614",0.38,0.30,0.50,0.12
0.29,"5,049","1,925",0.28,"556,541","49,069","77,267","30,689",0.38,0.28,0.45,0.11
0.3,"4,517","1,831",0.29,"561,058","44,552","79,098","28,858",0.39,0.27,0.41,0.10
0.31,"4,106","1,742",0.30,"565,164","40,446","80,840","27,116",0.40,0.25,0.37,0.09
0.32,"3,636","1,618",0.31,"568,800","36,810","82,458","25,498",0.41,0.24,0.34,0.09
0.33,"3,290","1,628",0.33,"572,090","33,520","84,086","23,870",0.42,0.22,0.31,0.08
0.34,"3,097","1,487",0.32,"575,187","30,423","85,573","22,383",0.42,0.21,0.28,0.07
0.35,"2,795","1,381",0.33,"577,982","27,628","86,954","21,002",0.43,0.19,0.26,0.07
0.36,"2,625","1,336",0.34,"580,607","25,003","88,290","19,666",0.44,0.18,0.23,0.06
0.37,"2,328","1,314",0.36,"582,935","22,675","89,604","18,352",0.45,0.17,0.21,0.06
0.38,"2,161","1,247",0.37,"585,096","20,514","90,851","17,105",0.45,0.16,0.19,0.05
0.39,"1,926","1,193",0.38,"587,022","18,588","92,044","15,912",0.46,0.15,0.17,0.05
0.4,"1,729","1,074",0.38,"588,751","16,859","93,118","14,838",0.47,0.14,0.16,0.04
0.41,"1,584","1,038",0.40,"590,335","15,275","94,156","13,800",0.47,0.13,0.14,0.04
0.42,"1,493","1,014",0.40,"591,828","13,782","95,170","12,786",0.48,0.12,0.13,0.04
0.43,"1,448",920,0.39,"593,276","12,334","96,090","11,866",0.49,0.11,0.11,0.03
0.44,"1,253",889,0.42,"594,529","11,081","96,979","10,977",0.50,0.10,0.10,0.03
0.45,"1,126",888,0.44,"595,655","9,955","97,867","10,089",0.50,0.09,0.09,0.03
0.46,"1,085",776,0.42,"596,740","8,870","98,643","9,313",0.51,0.09,0.08,0.03
0.47,940,777,0.45,"597,680","7,930","99,420","8,536",0.52,0.08,0.07,0.02
0.48,887,727,0.45,"598,567","7,043","100,147","7,809",0.53,0.07,0.07,0.02
0.49,826,690,0.46,"599,393","6,217","100,837","7,119",0.53,0.07,0.06,0.02
0.5,700,674,0.49,"600,093","5,517","101,511","6,445",0.54,0.06,0.05,0.02
0.51,629,647,0.51,"600,722","4,888","102,158","5,798",0.54,0.05,0.05,0.01
0.52,566,562,0.50,"601,288","4,322","102,720","5,236",0.55,0.05,0.04,0.01
0.53,509,547,0.52,"601,797","3,813","103,267","4,689",0.55,0.04,0.04,0.01
0.54,474,503,0.51,"602,271","3,339","103,770","4,186",0.56,0.04,0.03,0.01
0.55,419,438,0.51,"602,690","2,920","104,208","3,748",0.56,0.03,0.03,0.01
0.56,340,429,0.56,"603,030","2,580","104,637","3,319",0.56,0.03,0.02,0.01
0.57,351,358,0.50,"603,381","2,229","104,995","2,961",0.57,0.03,0.02,0.01
0.58,313,337,0.52,"603,694","1,916","105,332","2,624",0.58,0.02,0.02,0.01
0.59,271,317,0.54,"603,965","1,645","105,649","2,307",0.58,0.02,0.02,0.01
0.6,237,293,0.55,"604,202","1,408","105,942","2,014",0.59,0.02,0.01,0.00
0.61,203,294,0.59,"604,405","1,205","106,236","1,720",0.59,0.02,0.01,0.00
0.62,208,230,0.53,"604,613",997,"106,466","1,490",0.60,0.01,0.01,0.00
0.63,149,202,0.58,"604,762",848,"106,668","1,288",0.60,0.01,0.01,0.00
0.64,131,182,0.58,"604,893",717,"106,850","1,106",0.61,0.01,0.01,0.00
0.65,124,174,0.58,"605,017",593,"107,024",932,0.61,0.01,0.01,0.00
0.66,110,153,0.58,"605,127",483,"107,177",779,0.62,0.01,0.00,0.00
0.67,94,105,0.53,"605,221",389,"107,282",674,0.63,0.01,0.00,0.00
0.68,68,119,0.64,"605,289",321,"107,401",555,0.63,0.01,0.00,0.00
0.69,50,114,0.70,"605,339",271,"107,515",441,0.62,0.00,0.00,0.00
0.7,62,95,0.61,"605,401",209,"107,610",346,0.62,0.00,0.00,0.00
0.71,39,60,0.61,"605,440",170,"107,670",286,0.63,0.00,0.00,0.00
0.72,45,43,0.49,"605,485",125,"107,713",243,0.66,0.00,0.00,0.00
0.73,26,47,0.64,"605,511",99,"107,760",196,0.66,0.00,0.00,0.00
0.74,24,43,0.64,"605,535",75,"107,803",153,0.67,0.00,0.00,0.00
0.75,13,26,0.67,"605,548",62,"107,829",127,0.67,0.00,0.00,0.00
0.76,11,27,0.71,"605,559",51,"107,856",100,0.66,0.00,0.00,0.00
0.77,11,20,0.65,"605,570",40,"107,876",80,0.67,0.00,0.00,0.00
0.78,9,18,0.67,"605,579",31,"107,894",62,0.67,0.00,0.00,0.00
0.79,10,16,0.62,"605,589",21,"107,910",46,0.69,0.00,0.00,0.00
0.8,6,8,0.57,"605,595",15,"107,918",38,0.72,0.00,0.00,0.00
0.81,1,11,0.92,"605,596",14,"107,929",27,0.66,0.00,0.00,0.00
0.82,5,7,0.58,"605,601",9,"107,936",20,0.69,0.00,0.00,0.00
0.83,4,8,0.67,"605,605",5,"107,944",12,0.71,0.00,0.00,0.00
0.84,2,1,0.33,"605,607",3,"107,945",11,0.79,0.00,0.00,0.00
0.85,3,7,0.70,"605,610",0,"107,952",4,1.00,0.00,0.00,0.00
0.86,0,1,1.00,"605,610",0,"107,953",3,1.00,0.00,0.00,0.00
0.87,0,1,1.00,"605,610",0,"107,954",2,1.00,0.00,0.00,0.00
0.88,0,0,nan,"605,610",0,"107,954",2,1.00,0.00,0.00,0.00
0.89,0,0,nan,"605,610",0,"107,954",2,1.00,0.00,0.00,0.00
0.9,0,1,1.00,"605,610",0,"107,955",1,1.00,0.00,0.00,0.00
0.91,0,0,nan,"605,610",0,"107,955",1,1.00,0.00,0.00,0.00
0.92,0,0,nan,"605,610",0,"107,955",1,1.00,0.00,0.00,0.00
0.93,0,0,nan,"605,610",0,"107,955",1,1.00,0.00,0.00,0.00
0.94,0,0,nan,"605,610",0,"107,955",1,1.00,0.00,0.00,0.00
0.95,0,0,nan,"605,610",0,"107,955",1,1.00,0.00,0.00,0.00
0.96,0,0,nan,"605,610",0,"107,955",1,1.00,0.00,0.00,0.00
0.97,0,1,1.00,"605,610",0,"107,956",0,nan,0.00,0.00,0.00
0.98,0,0,nan,"605,610",0,"107,956",0,nan,0.00,0.00,0.00
0.99,0,0,nan,"605,610",0,"107,956",0,nan,0.00,0.00,0.00
1.0,0,0,nan,"605,610",0,"107,956",0,nan,0.00,0.00,0.00
