p,Neg,Pos,mPrec,TN,FP,FN,TP,Prec,Rec,FP/P,$\hat{p}$
0.0,1,0,0.00,1,"605,609",0,"107,956",0.15,1.00,5.61,1.00
0.05,"185,458","5,728",0.03,"185,459","420,151","5,728","102,228",0.20,0.95,3.89,0.73
0.1,"142,362","11,778",0.08,"327,821","277,789","17,506","90,450",0.25,0.84,2.57,0.52
0.15,"92,113","13,238",0.13,"419,934","185,676","30,744","77,212",0.29,0.72,1.72,0.37
0.2,"60,774","12,504",0.17,"480,708","124,902","43,248","64,708",0.34,0.60,1.16,0.27
0.25,"40,553","11,265",0.22,"521,261","84,349","54,513","53,443",0.39,0.50,0.78,0.19
0.3,"27,166","9,790",0.26,"548,427","57,183","64,303","43,653",0.43,0.40,0.53,0.14
0.35,"18,238","8,045",0.31,"566,665","38,945","72,348","35,608",0.48,0.33,0.36,0.10
0.4,"12,274","6,629",0.35,"578,939","26,671","78,977","28,979",0.52,0.27,0.25,0.08
0.45,"8,267","5,678",0.41,"587,206","18,404","84,655","23,301",0.56,0.22,0.17,0.06
0.5,"5,645","4,601",0.45,"592,851","12,759","89,256","18,700",0.59,0.17,0.12,0.04
0.55,"4,027","3,939",0.49,"596,878","8,732","93,195","14,761",0.63,0.14,0.08,0.03
0.6,"2,719","3,250",0.54,"599,597","6,013","96,445","11,511",0.66,0.11,0.06,0.02
0.65,"2,013","2,757",0.58,"601,610","4,000","99,202","8,754",0.69,0.08,0.04,0.02
0.7,"1,506","2,426",0.62,"603,116","2,494","101,628","6,328",0.72,0.06,0.02,0.01
0.75,"1,040","2,297",0.69,"604,156","1,454","103,925","4,031",0.73,0.04,0.01,0.01
0.8,751,"1,888",0.72,"604,907",703,"105,813","2,143",0.75,0.02,0.01,0.00
0.85,458,"1,277",0.74,"605,365",245,"107,090",866,0.78,0.01,0.00,0.00
0.9,184,656,0.78,"605,549",61,"107,746",210,0.77,0.00,0.00,0.00
0.95,52,153,0.75,"605,601",9,"107,899",57,0.86,0.00,0.00,0.00
1.0,9,57,0.86,"605,610",0,"107,956",0,nan,0.00,0.00,0.00
