p,Neg,Pos,mPrec,TN,FP,FN,TP,Prec,Rec,FP/P,$\hat{p}$
0.0,"15,159",519,0.03,"15,159","590,451",519,"107,437",0.15,1.00,5.47,0.98
0.01,"2,540",112,0.04,"17,699","587,911",631,"107,325",0.15,0.99,5.45,0.97
0.02,"2,216",101,0.04,"19,915","585,695",732,"107,224",0.15,0.99,5.43,0.97
0.03,"2,769",126,0.04,"22,684","582,926",858,"107,098",0.16,0.99,5.40,0.97
0.04,"2,573",116,0.04,"25,257","580,353",974,"106,982",0.16,0.99,5.38,0.96
0.05,"3,507",171,0.05,"28,764","576,846","1,145","106,811",0.16,0.99,5.34,0.96
0.06,"3,100",200,0.06,"31,864","573,746","1,345","106,611",0.16,0.99,5.31,0.95
0.07,"3,992",224,0.05,"35,856","569,754","1,569","106,387",0.16,0.99,5.28,0.95
0.08,"3,637",240,0.06,"39,493","566,117","1,809","106,147",0.16,0.98,5.24,0.94
0.09,"4,516",251,0.05,"44,009","561,601","2,060","105,896",0.16,0.98,5.20,0.94
0.1,"4,383",257,0.06,"48,392","557,218","2,317","105,639",0.16,0.98,5.16,0.93
0.11,"4,812",299,0.06,"53,204","552,406","2,616","105,340",0.16,0.98,5.12,0.92
0.12,"4,112",278,0.06,"57,316","548,294","2,894","105,062",0.16,0.97,5.08,0.92
0.13,"5,205",319,0.06,"62,521","543,089","3,213","104,743",0.16,0.97,5.03,0.91
0.14,"6,435",388,0.06,"68,956","536,654","3,601","104,355",0.16,0.97,4.97,0.90
0.15,"4,967",339,0.06,"73,923","531,687","3,940","104,016",0.16,0.96,4.93,0.89
0.16,"5,638",371,0.06,"79,561","526,049","4,311","103,645",0.16,0.96,4.87,0.88
0.17,"5,493",381,0.06,"85,054","520,556","4,692","103,264",0.17,0.96,4.82,0.87
0.18,"5,321",374,0.07,"90,375","515,235","5,066","102,890",0.17,0.95,4.77,0.87
0.19,"5,415",392,0.07,"95,790","509,820","5,458","102,498",0.17,0.95,4.72,0.86
0.2,"5,139",411,0.07,"100,929","504,681","5,869","102,087",0.17,0.95,4.67,0.85
0.21,"4,510",355,0.07,"105,439","500,171","6,224","101,732",0.17,0.94,4.63,0.84
0.22,"4,438",352,0.07,"109,877","495,733","6,576","101,380",0.17,0.94,4.59,0.84
0.23,"5,534",464,0.08,"115,411","490,199","7,040","100,916",0.17,0.93,4.54,0.83
0.24,"4,810",426,0.08,"120,221","485,389","7,466","100,490",0.17,0.93,4.50,0.82
0.25,"5,347",470,0.08,"125,568","480,042","7,936","100,020",0.17,0.93,4.45,0.81
0.26,"5,410",486,0.08,"130,978","474,632","8,422","99,534",0.17,0.92,4.40,0.80
0.27,"5,614",604,0.10,"136,592","469,018","9,026","98,930",0.17,0.92,4.34,0.80
0.28,"5,499",600,0.10,"142,091","463,519","9,626","98,330",0.18,0.91,4.29,0.79
0.29,"5,517",609,0.10,"147,608","458,002","10,235","97,721",0.18,0.91,4.24,0.78
0.3,"7,001",704,0.09,"154,609","451,001","10,939","97,017",0.18,0.90,4.18,0.77
0.31,"6,288",666,0.10,"160,897","444,713","11,605","96,351",0.18,0.89,4.12,0.76
0.32,"7,171",752,0.09,"168,068","437,542","12,357","95,599",0.18,0.89,4.05,0.75
0.33,"7,548",797,0.10,"175,616","429,994","13,154","94,802",0.18,0.88,3.98,0.74
0.34,"7,554",859,0.10,"183,170","422,440","14,013","93,943",0.18,0.87,3.91,0.72
0.35,"8,660",997,0.10,"191,830","413,780","15,010","92,946",0.18,0.86,3.83,0.71
0.36,"8,171",932,0.10,"200,001","405,609","15,942","92,014",0.18,0.85,3.76,0.70
0.37,"8,253","1,001",0.11,"208,254","397,356","16,943","91,013",0.19,0.84,3.68,0.68
0.38,"8,372","1,061",0.11,"216,626","388,984","18,004","89,952",0.19,0.83,3.60,0.67
0.39,"9,263","1,209",0.12,"225,889","379,721","19,213","88,743",0.19,0.82,3.52,0.66
0.4,"9,451","1,244",0.12,"235,340","370,270","20,457","87,499",0.19,0.81,3.43,0.64
0.41,"10,040","1,335",0.12,"245,380","360,230","21,792","86,164",0.19,0.80,3.34,0.63
0.42,"9,900","1,352",0.12,"255,280","350,330","23,144","84,812",0.19,0.79,3.25,0.61
0.43,"9,312","1,317",0.12,"264,592","341,018","24,461","83,495",0.20,0.77,3.16,0.59
0.44,"9,492","1,399",0.13,"274,084","331,526","25,860","82,096",0.20,0.76,3.07,0.58
0.45,"10,328","1,533",0.13,"284,412","321,198","27,393","80,563",0.20,0.75,2.98,0.56
0.46,"10,227","1,460",0.12,"294,639","310,971","28,853","79,103",0.20,0.73,2.88,0.55
0.47,"10,892","1,713",0.14,"305,531","300,079","30,566","77,390",0.21,0.72,2.78,0.53
0.48,"10,068","1,582",0.14,"315,599","290,011","32,148","75,808",0.21,0.70,2.69,0.51
0.49,"9,609","1,376",0.13,"325,208","280,402","33,524","74,432",0.21,0.69,2.60,0.50
0.5,"9,573","1,488",0.13,"334,781","270,829","35,012","72,944",0.21,0.68,2.51,0.48
0.51,"9,986","1,637",0.14,"344,767","260,843","36,649","71,307",0.21,0.66,2.42,0.47
0.52,"8,421","1,391",0.14,"353,188","252,422","38,040","69,916",0.22,0.65,2.34,0.45
0.53,"9,320","1,605",0.15,"362,508","243,102","39,645","68,311",0.22,0.63,2.25,0.44
0.54,"9,176","1,687",0.16,"371,684","233,926","41,332","66,624",0.22,0.62,2.17,0.42
0.55,"9,713","1,802",0.16,"381,397","224,213","43,134","64,822",0.22,0.60,2.08,0.41
0.56,"8,452","1,683",0.17,"389,849","215,761","44,817","63,139",0.23,0.58,2.00,0.39
0.57,"7,917","1,521",0.16,"397,766","207,844","46,338","61,618",0.23,0.57,1.93,0.38
0.58,"8,139","1,597",0.16,"405,905","199,705","47,935","60,021",0.23,0.56,1.85,0.36
0.59,"7,509","1,476",0.16,"413,414","192,196","49,411","58,545",0.23,0.54,1.78,0.35
0.6,"8,323","1,602",0.16,"421,737","183,873","51,013","56,943",0.24,0.53,1.70,0.34
0.61,"7,444","1,560",0.17,"429,181","176,429","52,573","55,383",0.24,0.51,1.63,0.32
0.62,"7,306","1,588",0.18,"436,487","169,123","54,161","53,795",0.24,0.50,1.57,0.31
0.63,"7,747","1,717",0.18,"444,234","161,376","55,878","52,078",0.24,0.48,1.49,0.30
0.64,"6,397","1,420",0.18,"450,631","154,979","57,298","50,658",0.25,0.47,1.44,0.29
0.65,"6,509","1,483",0.19,"457,140","148,470","58,781","49,175",0.25,0.46,1.38,0.28
0.66,"6,919","1,631",0.19,"464,059","141,551","60,412","47,544",0.25,0.44,1.31,0.27
0.67,"6,212","1,394",0.18,"470,271","135,339","61,806","46,150",0.25,0.43,1.25,0.25
0.68,"6,775","1,562",0.19,"477,046","128,564","63,368","44,588",0.26,0.41,1.19,0.24
0.69,"6,157","1,575",0.20,"483,203","122,407","64,943","43,013",0.26,0.40,1.13,0.23
0.7,"6,172","1,624",0.21,"489,375","116,235","66,567","41,389",0.26,0.38,1.08,0.22
0.71,"5,802","1,504",0.21,"495,177","110,433","68,071","39,885",0.27,0.37,1.02,0.21
0.72,"5,397","1,501",0.22,"500,574","105,036","69,572","38,384",0.27,0.36,0.97,0.20
0.73,"6,055","1,710",0.22,"506,629","98,981","71,282","36,674",0.27,0.34,0.92,0.19
0.74,"5,514","1,564",0.22,"512,143","93,467","72,846","35,110",0.27,0.33,0.87,0.18
0.75,"5,502","1,659",0.23,"517,645","87,965","74,505","33,451",0.28,0.31,0.81,0.17
0.76,"5,078","1,531",0.23,"522,723","82,887","76,036","31,920",0.28,0.30,0.77,0.16
0.77,"5,591","1,592",0.22,"528,314","77,296","77,628","30,328",0.28,0.28,0.72,0.15
0.78,"5,182","1,602",0.24,"533,496","72,114","79,230","28,726",0.28,0.27,0.67,0.14
0.79,"4,757","1,544",0.25,"538,253","67,357","80,774","27,182",0.29,0.25,0.62,0.13
0.8,"4,829","1,606",0.25,"543,082","62,528","82,380","25,576",0.29,0.24,0.58,0.12
0.81,"4,853","1,655",0.25,"547,935","57,675","84,035","23,921",0.29,0.22,0.53,0.11
0.82,"4,509","1,493",0.25,"552,444","53,166","85,528","22,428",0.30,0.21,0.49,0.11
0.83,"4,337","1,523",0.26,"556,781","48,829","87,051","20,905",0.30,0.19,0.45,0.10
0.84,"4,118","1,429",0.26,"560,899","44,711","88,480","19,476",0.30,0.18,0.41,0.09
0.85,"4,064","1,565",0.28,"564,963","40,647","90,045","17,911",0.31,0.17,0.38,0.08
0.86,"3,762","1,393",0.27,"568,725","36,885","91,438","16,518",0.31,0.15,0.34,0.07
0.87,"3,883","1,488",0.28,"572,608","33,002","92,926","15,030",0.31,0.14,0.31,0.07
0.88,"3,662","1,479",0.29,"576,270","29,340","94,405","13,551",0.32,0.13,0.27,0.06
0.89,"3,126","1,302",0.29,"579,396","26,214","95,707","12,249",0.32,0.11,0.24,0.05
0.9,"2,869","1,138",0.28,"582,265","23,345","96,845","11,111",0.32,0.10,0.22,0.05
0.91,"2,842","1,177",0.29,"585,107","20,503","98,022","9,934",0.33,0.09,0.19,0.04
0.92,"2,777","1,193",0.30,"587,884","17,726","99,215","8,741",0.33,0.08,0.16,0.04
0.93,"2,364",935,0.28,"590,248","15,362","100,150","7,806",0.34,0.07,0.14,0.03
0.94,"2,220",951,0.30,"592,468","13,142","101,101","6,855",0.34,0.06,0.12,0.03
0.95,"1,749",778,0.31,"594,217","11,393","101,879","6,077",0.35,0.06,0.11,0.02
0.96,"1,624",783,0.33,"595,841","9,769","102,662","5,294",0.35,0.05,0.09,0.02
0.97,"1,479",743,0.33,"597,320","8,290","103,405","4,551",0.35,0.04,0.08,0.02
0.98,"1,378",712,0.34,"598,698","6,912","104,117","3,839",0.36,0.04,0.06,0.02
0.99,"1,244",607,0.33,"599,942","5,668","104,724","3,232",0.36,0.03,0.05,0.01
1.0,"5,668","3,232",0.36,"605,610",0,"107,956",0,nan,0.00,0.00,0.00
