p,Neg,Pos,mPrec,TN,FP,FN,TP,Prec,Rec,FP/P,$\hat{p}$
0.0,0,0,nan,0,"605,610",0,"107,956",0.15,1.00,5.61,1.00
0.05,"11,470",80,0.01,"11,470","594,140",80,"107,876",0.15,1.00,5.50,0.98
0.1,"58,531",999,0.02,"70,001","535,609","1,079","106,877",0.17,0.99,4.96,0.90
0.15,"98,840","3,754",0.04,"168,841","436,769","4,833","103,123",0.19,0.96,4.05,0.76
0.2,"111,864","7,772",0.06,"280,705","324,905","12,605","95,351",0.23,0.88,3.01,0.59
0.25,"103,110","12,170",0.11,"383,815","221,795","24,775","83,181",0.27,0.77,2.05,0.43
0.3,"81,931","14,942",0.15,"465,746","139,864","39,717","68,239",0.33,0.63,1.30,0.29
0.35,"58,290","15,565",0.21,"524,036","81,574","55,282","52,674",0.39,0.49,0.76,0.19
0.4,"37,103","14,237",0.28,"561,139","44,471","69,519","38,437",0.46,0.36,0.41,0.12
0.45,"20,937","11,383",0.35,"582,076","23,534","80,902","27,054",0.53,0.25,0.22,0.07
0.5,"11,314","8,721",0.44,"593,390","12,220","89,623","18,333",0.60,0.17,0.11,0.04
0.55,"5,763","6,067",0.51,"599,153","6,457","95,690","12,266",0.66,0.11,0.06,0.03
0.6,"3,072","4,390",0.59,"602,225","3,385","100,080","7,876",0.70,0.07,0.03,0.02
0.65,"1,839","3,527",0.66,"604,064","1,546","103,607","4,349",0.74,0.04,0.01,0.01
0.7,991,"2,529",0.72,"605,055",555,"106,136","1,820",0.77,0.02,0.01,0.00
0.75,427,"1,294",0.75,"605,482",128,"107,430",526,0.80,0.00,0.00,0.00
0.8,107,389,0.78,"605,589",21,"107,819",137,0.87,0.00,0.00,0.00
0.85,15,95,0.86,"605,604",6,"107,914",42,0.88,0.00,0.00,0.00
0.9,3,15,0.83,"605,607",3,"107,929",27,0.90,0.00,0.00,0.00
0.95,3,21,0.88,"605,610",0,"107,950",6,1.00,0.00,0.00,0.00
1.0,0,6,1.00,"605,610",0,"107,956",0,nan,0.00,0.00,0.00
