p,Neg,Pos,$\frac{\text{Pos}}{\text{Neg}+\text{Pos}}$,TN,FP,FN,TP,Prec,Rec,$\frac{\text{FP}}{\text{P}}$
0.0,1,0,0.00,1,"605,609",0,"107,956",0.15,1.00,5.61
0.1,"247,189","16,736",0.06,"247,190","358,420","16,736","91,220",0.20,0.84,3.32
0.2,"218,936","34,067",0.13,"466,126","139,484","50,803","57,153",0.29,0.53,1.29
0.3,"82,583","23,402",0.22,"548,709","56,901","74,205","33,751",0.37,0.31,0.53
0.4,"32,086","14,149",0.31,"580,795","24,815","88,354","19,602",0.44,0.18,0.23
0.5,"14,250","9,076",0.39,"595,045","10,565","97,430","10,526",0.50,0.10,0.10
0.6,"6,715","5,855",0.47,"601,760","3,850","103,285","4,671",0.55,0.04,0.04
0.7,"2,840","3,158",0.53,"604,600","1,010","106,443","1,513",0.60,0.01,0.01
0.8,846,"1,191",0.58,"605,446",164,"107,634",322,0.66,0.00,0.00
0.9,151,293,0.66,"605,597",13,"107,927",29,0.69,0.00,0.00
1.0,13,29,0.69,"605,610",0,"107,956",0,nan,0.00,0.00
