p,Neg,Pos,$\frac{\text{Pos}}{\text{Neg}+\text{Pos}}$,TN,FP,FN,TP,Prec,Rec,$\frac{\text{FP}}{\text{P}}$
0.0,"60,563","3,019",0.05,"60,563","545,047","3,019","104,937",0.16,0.97,5.05
0.01,"3,587",243,0.06,"64,150","541,460","3,262","104,694",0.16,0.97,5.02
0.02,"4,314",269,0.06,"68,464","537,146","3,531","104,425",0.16,0.97,4.98
0.03,"4,003",279,0.07,"72,467","533,143","3,810","104,146",0.16,0.96,4.94
0.04,"3,807",229,0.06,"76,274","529,336","4,039","103,917",0.16,0.96,4.90
0.05,"3,593",236,0.06,"79,867","525,743","4,275","103,681",0.16,0.96,4.87
0.06,"3,485",233,0.06,"83,352","522,258","4,508","103,448",0.17,0.96,4.84
0.07,"3,951",257,0.06,"87,303","518,307","4,765","103,191",0.17,0.96,4.80
0.08,"3,670",288,0.07,"90,973","514,637","5,053","102,903",0.17,0.95,4.77
0.09,"4,159",303,0.07,"95,132","510,478","5,356","102,600",0.17,0.95,4.73
0.1,"4,209",345,0.08,"99,341","506,269","5,701","102,255",0.17,0.95,4.69
0.11,"3,506",260,0.07,"102,847","502,763","5,961","101,995",0.17,0.94,4.66
0.12,"3,751",285,0.07,"106,598","499,012","6,246","101,710",0.17,0.94,4.62
0.13,"3,657",302,0.08,"110,255","495,355","6,548","101,408",0.17,0.94,4.59
0.14,"3,611",305,0.08,"113,866","491,744","6,853","101,103",0.17,0.94,4.56
0.15,"3,737",316,0.08,"117,603","488,007","7,169","100,787",0.17,0.93,4.52
0.16,"3,976",350,0.08,"121,579","484,031","7,519","100,437",0.17,0.93,4.48
0.17,"3,462",309,0.08,"125,041","480,569","7,828","100,128",0.17,0.93,4.45
0.18,"3,704",367,0.09,"128,745","476,865","8,195","99,761",0.17,0.92,4.42
0.19,"3,830",386,0.09,"132,575","473,035","8,581","99,375",0.17,0.92,4.38
0.2,"3,772",403,0.10,"136,347","469,263","8,984","98,972",0.17,0.92,4.35
0.21,"4,528",424,0.09,"140,875","464,735","9,408","98,548",0.17,0.91,4.30
0.22,"4,666",472,0.09,"145,541","460,069","9,880","98,076",0.18,0.91,4.26
0.23,"4,124",448,0.10,"149,665","455,945","10,328","97,628",0.18,0.90,4.22
0.24,"4,849",491,0.09,"154,514","451,096","10,819","97,137",0.18,0.90,4.18
0.25,"4,737",453,0.09,"159,251","446,359","11,272","96,684",0.18,0.90,4.13
0.26,"5,212",554,0.10,"164,463","441,147","11,826","96,130",0.18,0.89,4.09
0.27,"5,312",585,0.10,"169,775","435,835","12,411","95,545",0.18,0.89,4.04
0.28,"5,544",681,0.11,"175,319","430,291","13,092","94,864",0.18,0.88,3.99
0.29,"5,867",648,0.10,"181,186","424,424","13,740","94,216",0.18,0.87,3.93
0.3,"5,476",650,0.11,"186,662","418,948","14,390","93,566",0.18,0.87,3.88
0.31,"5,616",649,0.10,"192,278","413,332","15,039","92,917",0.18,0.86,3.83
0.32,"6,163",730,0.11,"198,441","407,169","15,769","92,187",0.18,0.85,3.77
0.33,"6,375",754,0.11,"204,816","400,794","16,523","91,433",0.19,0.85,3.71
0.34,"6,806",875,0.11,"211,622","393,988","17,398","90,558",0.19,0.84,3.65
0.35,"6,573",772,0.11,"218,195","387,415","18,170","89,786",0.19,0.83,3.59
0.36,"7,591","1,030",0.12,"225,786","379,824","19,200","88,756",0.19,0.82,3.52
0.37,"6,637",864,0.12,"232,423","373,187","20,064","87,892",0.19,0.81,3.46
0.38,"7,161",936,0.12,"239,584","366,026","21,000","86,956",0.19,0.81,3.39
0.39,"7,658","1,114",0.13,"247,242","358,368","22,114","85,842",0.19,0.80,3.32
0.4,"7,662","1,065",0.12,"254,904","350,706","23,179","84,777",0.19,0.79,3.25
0.41,"7,756","1,097",0.12,"262,660","342,950","24,276","83,680",0.20,0.78,3.18
0.42,"7,245","1,005",0.12,"269,905","335,705","25,281","82,675",0.20,0.77,3.11
0.43,"7,830","1,154",0.13,"277,735","327,875","26,435","81,521",0.20,0.76,3.04
0.44,"7,856","1,109",0.12,"285,591","320,019","27,544","80,412",0.20,0.74,2.96
0.45,"7,680","1,106",0.13,"293,271","312,339","28,650","79,306",0.20,0.73,2.89
0.46,"7,319","1,091",0.13,"300,590","305,020","29,741","78,215",0.20,0.72,2.83
0.47,"7,778","1,151",0.13,"308,368","297,242","30,892","77,064",0.21,0.71,2.75
0.48,"8,056","1,251",0.13,"316,424","289,186","32,143","75,813",0.21,0.70,2.68
0.49,"7,069","1,152",0.14,"323,493","282,117","33,295","74,661",0.21,0.69,2.61
0.5,"7,437","1,293",0.15,"330,930","274,680","34,588","73,368",0.21,0.68,2.54
0.51,"7,388","1,262",0.15,"338,318","267,292","35,850","72,106",0.21,0.67,2.48
0.52,"6,774","1,180",0.15,"345,092","260,518","37,030","70,926",0.21,0.66,2.41
0.53,"7,939","1,374",0.15,"353,031","252,579","38,404","69,552",0.22,0.64,2.34
0.54,"7,899","1,303",0.14,"360,930","244,680","39,707","68,249",0.22,0.63,2.27
0.55,"7,301","1,305",0.15,"368,231","237,379","41,012","66,944",0.22,0.62,2.20
0.56,"6,824","1,313",0.16,"375,055","230,555","42,325","65,631",0.22,0.61,2.14
0.57,"7,099","1,368",0.16,"382,154","223,456","43,693","64,263",0.22,0.60,2.07
0.58,"6,871","1,262",0.16,"389,025","216,585","44,955","63,001",0.23,0.58,2.01
0.59,"7,194","1,377",0.16,"396,219","209,391","46,332","61,624",0.23,0.57,1.94
0.6,"7,077","1,299",0.16,"403,296","202,314","47,631","60,325",0.23,0.56,1.87
0.61,"6,677","1,281",0.16,"409,973","195,637","48,912","59,044",0.23,0.55,1.81
0.62,"6,097","1,209",0.17,"416,070","189,540","50,121","57,835",0.23,0.54,1.76
0.63,"6,584","1,391",0.17,"422,654","182,956","51,512","56,444",0.24,0.52,1.69
0.64,"5,917","1,264",0.18,"428,571","177,039","52,776","55,180",0.24,0.51,1.64
0.65,"5,969","1,289",0.18,"434,540","171,070","54,065","53,891",0.24,0.50,1.58
0.66,"5,752","1,253",0.18,"440,292","165,318","55,318","52,638",0.24,0.49,1.53
0.67,"5,780","1,290",0.18,"446,072","159,538","56,608","51,348",0.24,0.48,1.48
0.68,"5,910","1,336",0.18,"451,982","153,628","57,944","50,012",0.25,0.46,1.42
0.69,"5,324","1,227",0.19,"457,306","148,304","59,171","48,785",0.25,0.45,1.37
0.7,"5,698","1,316",0.19,"463,004","142,606","60,487","47,469",0.25,0.44,1.32
0.71,"5,717","1,332",0.19,"468,721","136,889","61,819","46,137",0.25,0.43,1.27
0.72,"5,163","1,241",0.19,"473,884","131,726","63,060","44,896",0.25,0.42,1.22
0.73,"4,868","1,196",0.20,"478,752","126,858","64,256","43,700",0.26,0.40,1.18
0.74,"5,533","1,377",0.20,"484,285","121,325","65,633","42,323",0.26,0.39,1.12
0.75,"4,974","1,234",0.20,"489,259","116,351","66,867","41,089",0.26,0.38,1.08
0.76,"4,730","1,216",0.20,"493,989","111,621","68,083","39,873",0.26,0.37,1.03
0.77,"4,669","1,152",0.20,"498,658","106,952","69,235","38,721",0.27,0.36,0.99
0.78,"4,518","1,238",0.22,"503,176","102,434","70,473","37,483",0.27,0.35,0.95
0.79,"4,815","1,308",0.21,"507,991","97,619","71,781","36,175",0.27,0.34,0.90
0.8,"4,726","1,358",0.22,"512,717","92,893","73,139","34,817",0.27,0.32,0.86
0.81,"4,390","1,310",0.23,"517,107","88,503","74,449","33,507",0.27,0.31,0.82
0.82,"4,223","1,279",0.23,"521,330","84,280","75,728","32,228",0.28,0.30,0.78
0.83,"4,155","1,227",0.23,"525,485","80,125","76,955","31,001",0.28,0.29,0.74
0.84,"4,281","1,234",0.22,"529,766","75,844","78,189","29,767",0.28,0.28,0.70
0.85,"4,262","1,335",0.24,"534,028","71,582","79,524","28,432",0.28,0.26,0.66
0.86,"3,772","1,227",0.25,"537,800","67,810","80,751","27,205",0.29,0.25,0.63
0.87,"3,948","1,352",0.26,"541,748","63,862","82,103","25,853",0.29,0.24,0.59
0.88,"3,836","1,285",0.25,"545,584","60,026","83,388","24,568",0.29,0.23,0.56
0.89,"3,437","1,178",0.26,"549,021","56,589","84,566","23,390",0.29,0.22,0.52
0.9,"3,369","1,141",0.25,"552,390","53,220","85,707","22,249",0.29,0.21,0.49
0.91,"3,402","1,152",0.25,"555,792","49,818","86,859","21,097",0.30,0.20,0.46
0.92,"3,658","1,330",0.27,"559,450","46,160","88,189","19,767",0.30,0.18,0.43
0.93,"3,659","1,327",0.27,"563,109","42,501","89,516","18,440",0.30,0.17,0.39
0.94,"3,155","1,100",0.26,"566,264","39,346","90,616","17,340",0.31,0.16,0.36
0.95,"3,323","1,225",0.27,"569,587","36,023","91,841","16,115",0.31,0.15,0.33
0.96,"3,011","1,129",0.27,"572,598","33,012","92,970","14,986",0.31,0.14,0.31
0.97,"2,694","1,042",0.28,"575,292","30,318","94,012","13,944",0.32,0.13,0.28
0.98,"2,840","1,157",0.29,"578,132","27,478","95,169","12,787",0.32,0.12,0.25
0.99,"2,774","1,077",0.28,"580,906","24,704","96,246","11,710",0.32,0.11,0.23
1.0,"24,704","11,710",0.32,"605,610",0,"107,956",0,nan,0.00,0.00
