p,Neg,Pos,$\frac{\text{Pos}}{\text{Neg}+\text{Pos}}$,TN,FP,FN,TP,Prec,Rec,$\frac{\text{FP}}{\text{P}}$
0.0,"30,281",813,0.03,"30,281","575,329",813,"107,143",0.16,0.99,5.33
0.1,"43,127","2,012",0.04,"73,408","532,202","2,825","105,131",0.16,0.97,4.93
0.2,"73,355","4,848",0.06,"146,763","458,847","7,673","100,283",0.18,0.93,4.25
0.3,"102,436","9,461",0.08,"249,199","356,411","17,134","90,822",0.20,0.84,3.30
0.4,"110,685","14,520",0.12,"359,884","245,726","31,654","76,302",0.24,0.71,2.28
0.5,"94,604","16,964",0.15,"454,488","151,122","48,618","59,338",0.28,0.55,1.40
0.6,"64,981","16,298",0.20,"519,469","86,141","64,916","43,040",0.33,0.40,0.80
0.7,"39,301","13,382",0.25,"558,770","46,840","78,298","29,658",0.39,0.27,0.43
0.8,"22,676","10,583",0.32,"581,446","24,164","88,881","19,075",0.44,0.18,0.22
0.9,"12,748","8,153",0.39,"594,194","11,416","97,034","10,922",0.49,0.10,0.11
1.0,"11,416","10,922",0.49,"605,610",0,"107,956",0,nan,0.00,0.00
