,min,max,Neg,Pos,$\frac{\text{Pos}}{\text{Neg}+\text{Pos}}$,TN,FP,FN,TP,Prec,Rec,FP/P
0,0.1240,0.2336,"17,192",666,0.0373,"17,192","588,418",666,"107,290",0.1542,0.9938,5.4505
1,0.2337,0.2556,"29,743","1,600",0.0510,"46,935","558,675","2,266","105,690",0.1591,0.9790,5.1750
2,0.2556,0.2675,"25,105","1,600",0.0599,"72,040","533,570","3,866","104,090",0.1632,0.9642,4.9425
3,0.2675,0.2772,"22,592","1,606",0.0664,"94,632","510,978","5,472","102,484",0.1671,0.9493,4.7332
4,0.2772,0.2851,"20,161","1,600",0.0735,"114,793","490,817","7,072","100,884",0.1705,0.9345,4.5465
5,0.2851,0.2909,"17,236","1,601",0.0850,"132,029","473,581","8,673","99,283",0.1733,0.9197,4.3868
6,0.2909,0.2960,"15,942","1,602",0.0913,"147,971","457,639","10,275","97,681",0.1759,0.9048,4.2391
7,0.2960,0.3003,"14,979","1,600",0.0965,"162,950","442,660","11,875","96,081",0.1783,0.8900,4.1004
8,0.3003,0.3041,"14,701","1,600",0.0982,"177,651","427,959","13,475","94,481",0.1808,0.8752,3.9642
9,0.3041,0.3076,"14,034","1,600",0.1023,"191,685","413,925","15,075","92,881",0.1833,0.8604,3.8342
10,0.3076,0.3106,"13,123","1,600",0.1087,"204,808","400,802","16,675","91,281",0.1855,0.8455,3.7126
11,0.3106,0.3137,"13,349","1,600",0.1070,"218,157","387,453","18,275","89,681",0.1880,0.8307,3.5890
12,0.3137,0.3163,"12,244","1,600",0.1156,"230,401","375,209","19,875","88,081",0.1901,0.8159,3.4756
13,0.3163,0.3189,"12,255","1,600",0.1155,"242,656","362,954","21,475","86,481",0.1924,0.8011,3.3621
14,0.3189,0.3215,"12,247","1,600",0.1155,"254,903","350,707","23,075","84,881",0.1949,0.7863,3.2486
15,0.3215,0.3238,"12,020","1,600",0.1175,"266,923","338,687","24,675","83,281",0.1974,0.7714,3.1373
16,0.3238,0.3261,"11,380","1,600",0.1233,"278,303","327,307","26,275","81,681",0.1997,0.7566,3.0319
17,0.3261,0.3284,"10,977","1,600",0.1272,"289,280","316,330","27,875","80,081",0.2020,0.7418,2.9302
18,0.3284,0.3305,"10,757","1,600",0.1295,"300,037","305,573","29,475","78,481",0.2043,0.7270,2.8305
19,0.3305,0.3326,"10,023","1,602",0.1378,"310,060","295,550","31,077","76,879",0.2064,0.7121,2.7377
20,0.3326,0.3345,"10,050","1,601",0.1374,"320,110","285,500","32,678","75,278",0.2087,0.6973,2.6446
21,0.3345,0.3364,"9,768","1,605",0.1411,"329,878","275,732","34,283","73,673",0.2109,0.6824,2.5541
22,0.3364,0.3384,"9,608","1,601",0.1428,"339,486","266,124","35,884","72,072",0.2131,0.6676,2.4651
23,0.3384,0.3405,"9,325","1,600",0.1465,"348,811","256,799","37,484","70,472",0.2153,0.6528,2.3787
24,0.3405,0.3426,"9,408","1,600",0.1453,"358,219","247,391","39,084","68,872",0.2178,0.6380,2.2916
25,0.3426,0.3446,"9,179","1,603",0.1487,"367,398","238,212","40,687","67,269",0.2202,0.6231,2.2066
26,0.3446,0.3465,"8,833","1,602",0.1535,"376,231","229,379","42,289","65,667",0.2226,0.6083,2.1247
27,0.3465,0.3486,"8,731","1,600",0.1549,"384,962","220,648","43,889","64,067",0.2250,0.5935,2.0439
28,0.3486,0.3505,"8,285","1,603",0.1621,"393,247","212,363","45,492","62,464",0.2273,0.5786,1.9671
29,0.3505,0.3525,"8,236","1,605",0.1631,"401,483","204,127","47,097","60,859",0.2297,0.5637,1.8908
30,0.3525,0.3545,"8,256","1,600",0.1623,"409,739","195,871","48,697","59,259",0.2323,0.5489,1.8144
31,0.3545,0.3565,"8,158","1,600",0.1640,"417,897","187,713","50,297","57,659",0.2350,0.5341,1.7388
32,0.3566,0.3586,"7,822","1,602",0.1700,"425,719","179,891","51,899","56,057",0.2376,0.5193,1.6663
33,0.3586,0.3605,"7,405","1,600",0.1777,"433,124","172,486","53,499","54,457",0.2400,0.5044,1.5977
34,0.3605,0.3627,"7,360","1,605",0.1790,"440,484","165,126","55,104","52,852",0.2425,0.4896,1.5296
35,0.3627,0.3647,"7,196","1,600",0.1819,"447,680","157,930","56,704","51,252",0.2450,0.4747,1.4629
36,0.3647,0.3668,"7,022","1,601",0.1857,"454,702","150,908","58,305","49,651",0.2476,0.4599,1.3979
37,0.3668,0.3688,"7,321","1,601",0.1794,"462,023","143,587","59,906","48,050",0.2507,0.4451,1.3301
38,0.3688,0.3708,"6,856","1,609",0.1901,"468,879","136,731","61,515","46,441",0.2535,0.4302,1.2665
39,0.3708,0.3729,"6,628","1,603",0.1948,"475,507","130,103","63,118","44,838",0.2563,0.4153,1.2051
40,0.3729,0.3750,"6,401","1,600",0.2000,"481,908","123,702","64,718","43,238",0.2590,0.4005,1.1459
41,0.3750,0.3770,"6,650","1,600",0.1939,"488,558","117,052","66,318","41,638",0.2624,0.3857,1.0843
42,0.3770,0.3793,"6,019","1,601",0.2101,"494,577","111,033","67,919","40,037",0.2650,0.3709,1.0285
43,0.3793,0.3812,"5,730","1,600",0.2183,"500,307","105,303","69,519","38,437",0.2674,0.3560,0.9754
44,0.3812,0.3833,"5,639","1,600",0.2210,"505,946","99,664","71,119","36,837",0.2699,0.3412,0.9232
45,0.3833,0.3854,"5,436","1,604",0.2278,"511,382","94,228","72,723","35,233",0.2722,0.3264,0.8728
46,0.3854,0.3875,"5,754","1,601",0.2177,"517,136","88,474","74,324","33,632",0.2754,0.3115,0.8195
47,0.3875,0.3895,"5,409","1,602",0.2285,"522,545","83,065","75,926","32,030",0.2783,0.2967,0.7694
48,0.3895,0.3915,"5,033","1,601",0.2413,"527,578","78,032","77,527","30,429",0.2806,0.2819,0.7228
49,0.3915,0.3936,"5,198","1,601",0.2355,"532,776","72,834","79,128","28,828",0.2836,0.2670,0.6747
50,0.3936,0.3957,"4,850","1,613",0.2496,"537,626","67,984","80,741","27,215",0.2859,0.2521,0.6297
51,0.3957,0.3979,"4,875","1,600",0.2471,"542,501","63,109","82,341","25,615",0.2887,0.2373,0.5846
52,0.3979,0.4001,"4,840","1,600",0.2484,"547,341","58,269","83,941","24,015",0.2919,0.2225,0.5397
53,0.4001,0.4024,"4,801","1,601",0.2501,"552,142","53,468","85,542","22,414",0.2954,0.2076,0.4953
54,0.4024,0.4048,"4,884","1,603",0.2471,"557,026","48,584","87,145","20,811",0.2999,0.1928,0.4500
55,0.4048,0.4073,"4,396","1,600",0.2668,"561,422","44,188","88,745","19,211",0.3030,0.1780,0.4093
56,0.4073,0.4099,"4,247","1,600",0.2736,"565,669","39,941","90,345","17,611",0.3060,0.1631,0.3700
57,0.4099,0.4125,"4,396","1,600",0.2668,"570,065","35,545","91,945","16,011",0.3106,0.1483,0.3293
58,0.4125,0.4153,"4,134","1,605",0.2797,"574,199","31,411","93,550","14,406",0.3144,0.1334,0.2910
59,0.4153,0.4181,"4,016","1,600",0.2849,"578,215","27,395","95,150","12,806",0.3185,0.1186,0.2538
60,0.4181,0.4215,"3,955","1,600",0.2880,"582,170","23,440","96,750","11,206",0.3234,0.1038,0.2171
61,0.4215,0.4252,"3,813","1,600",0.2956,"585,983","19,627","98,350","9,606",0.3286,0.0890,0.1818
62,0.4253,0.4294,"3,694","1,601",0.3024,"589,677","15,933","99,951","8,005",0.3344,0.0742,0.1476
63,0.4294,0.4347,"3,755","1,601",0.2989,"593,432","12,178","101,552","6,404",0.3446,0.0593,0.1128
64,0.4347,0.4402,"3,357","1,600",0.3228,"596,789","8,821","103,152","4,804",0.3526,0.0445,0.0817
65,0.4402,0.4478,"3,210","1,600",0.3326,"599,999","5,611","104,752","3,204",0.3635,0.0297,0.0520
66,0.4478,0.4592,"2,946","1,602",0.3522,"602,945","2,665","106,354","1,602",0.3754,0.0148,0.0247
67,0.4592,0.6268,"2,665","1,602",0.3754,"605,610",0,"107,956",0,nan,0.0000,0.0000
