p,Neg,Pos,mPrec,TN,FP,FN,TP,Prec,Rec,FP/P,$\hat{p}$
0.0,0,0,nan,0,"605,610",0,"107,956",0.15,1.00,5.61,1.00
0.05,765,6,0.01,765,"604,845",6,"107,950",0.15,1.00,5.60,1.00
0.1,"6,700",44,0.01,"7,465","598,145",50,"107,906",0.15,1.00,5.54,0.99
0.15,"27,110",353,0.01,"34,575","571,035",403,"107,553",0.16,1.00,5.29,0.95
0.2,"63,580","1,534",0.02,"98,155","507,455","1,937","106,019",0.17,0.98,4.70,0.86
0.25,"103,673","4,763",0.04,"201,828","403,782","6,700","101,256",0.20,0.94,3.74,0.71
0.3,"126,229","10,872",0.08,"328,057","277,553","17,572","90,384",0.25,0.84,2.57,0.52
0.35,"117,576","17,940",0.13,"445,633","159,977","35,512","72,444",0.31,0.67,1.48,0.33
0.4,"84,286","22,051",0.21,"529,919","75,691","57,563","50,393",0.40,0.47,0.70,0.18
0.45,"44,557","19,086",0.30,"574,476","31,134","76,649","31,307",0.50,0.29,0.29,0.09
0.5,"19,441","13,737",0.41,"593,917","11,693","90,386","17,570",0.60,0.16,0.11,0.04
0.55,"7,610","8,793",0.54,"601,527","4,083","99,179","8,777",0.68,0.08,0.04,0.02
0.6,"2,945","5,474",0.65,"604,472","1,138","104,653","3,303",0.74,0.03,0.01,0.01
0.65,888,"2,446",0.73,"605,360",250,"107,099",857,0.77,0.01,0.00,0.00
0.7,209,621,0.75,"605,569",41,"107,720",236,0.85,0.00,0.00,0.00
0.75,28,126,0.82,"605,597",13,"107,846",110,0.89,0.00,0.00,0.00
0.8,9,40,0.82,"605,606",4,"107,886",70,0.95,0.00,0.00,0.00
0.85,2,34,0.94,"605,608",2,"107,920",36,0.95,0.00,0.00,0.00
0.9,2,25,0.93,"605,610",0,"107,945",11,1.00,0.00,0.00,0.00
0.95,0,9,1.00,"605,610",0,"107,954",2,1.00,0.00,0.00,0.00
1.0,0,2,1.00,"605,610",0,"107,956",0,nan,0.00,0.00,0.00
