p,Neg,Pos,$\frac{\text{Pos}}{\text{Neg}+\text{Pos}}$,TN,FP,FN,TP,Prec,Rec,$\frac{\text{FP}}{\text{P}}$
0.0,1,0,0.00,1,"605,609",0,"107,956",0.15,1.00,5.61
0.1,3,0,0.00,4,"605,606",0,"107,956",0.15,1.00,5.61
0.2,"1,138",18,0.02,"1,142","604,468",18,"107,938",0.15,1.00,5.60
0.3,"20,715",853,0.04,"21,857","583,753",871,"107,085",0.16,0.99,5.41
0.4,"102,216","6,991",0.06,"124,073","481,537","7,862","100,094",0.17,0.93,4.46
0.5,"217,410","28,428",0.12,"341,483","264,127","36,290","71,666",0.21,0.66,2.45
0.6,"178,950","39,037",0.18,"520,433","85,177","75,327","32,629",0.28,0.30,0.79
0.7,"75,641","27,488",0.27,"596,074","9,536","102,815","5,141",0.35,0.05,0.09
0.8,"9,187","4,921",0.35,"605,261",349,"107,736",220,0.39,0.00,0.00
0.9,337,208,0.38,"605,598",12,"107,944",12,0.50,0.00,0.00
1.0,12,12,0.50,"605,610",0,"107,956",0,nan,0.00,0.00
