p,Neg,Pos,mPrec,TN,FP,FN,TP,Prec,Rec,FP/P,$\hat{p}$
0.0,"15,141",318,0.02,"15,141","590,469",318,"107,638",0.15,1.00,5.47,0.98
0.01,"2,924",80,0.03,"18,065","587,545",398,"107,558",0.15,1.00,5.44,0.97
0.02,"3,368",90,0.03,"21,433","584,177",488,"107,468",0.16,1.00,5.41,0.97
0.03,"3,430",109,0.03,"24,863","580,747",597,"107,359",0.16,0.99,5.38,0.96
0.04,"3,589",115,0.03,"28,452","577,158",712,"107,244",0.16,0.99,5.35,0.96
0.05,"4,013",151,0.04,"32,465","573,145",863,"107,093",0.16,0.99,5.31,0.95
0.06,"4,212",160,0.04,"36,677","568,933","1,023","106,933",0.16,0.99,5.27,0.95
0.07,"4,717",176,0.04,"41,394","564,216","1,199","106,757",0.16,0.99,5.23,0.94
0.08,"4,868",196,0.04,"46,262","559,348","1,395","106,561",0.16,0.99,5.18,0.93
0.09,"5,079",209,0.04,"51,341","554,269","1,604","106,352",0.16,0.99,5.13,0.93
0.1,"5,243",236,0.04,"56,584","549,026","1,840","106,116",0.16,0.98,5.09,0.92
0.11,"5,597",275,0.05,"62,181","543,429","2,115","105,841",0.16,0.98,5.03,0.91
0.12,"5,928",308,0.05,"68,109","537,501","2,423","105,533",0.16,0.98,4.98,0.90
0.13,"6,264",328,0.05,"74,373","531,237","2,751","105,205",0.17,0.97,4.92,0.89
0.14,"6,384",363,0.05,"80,757","524,853","3,114","104,842",0.17,0.97,4.86,0.88
0.15,"6,694",349,0.05,"87,451","518,159","3,463","104,493",0.17,0.97,4.80,0.87
0.16,"6,904",403,0.06,"94,355","511,255","3,866","104,090",0.17,0.96,4.74,0.86
0.17,"7,317",415,0.05,"101,672","503,938","4,281","103,675",0.17,0.96,4.67,0.85
0.18,"7,698",491,0.06,"109,370","496,240","4,772","103,184",0.17,0.96,4.60,0.84
0.19,"7,713",470,0.06,"117,083","488,527","5,242","102,714",0.17,0.95,4.53,0.83
0.2,"8,128",587,0.07,"125,211","480,399","5,829","102,127",0.18,0.95,4.45,0.82
0.21,"8,202",594,0.07,"133,413","472,197","6,423","101,533",0.18,0.94,4.37,0.80
0.22,"8,572",608,0.07,"141,985","463,625","7,031","100,925",0.18,0.93,4.29,0.79
0.23,"8,660",659,0.07,"150,645","454,965","7,690","100,266",0.18,0.93,4.21,0.78
0.24,"8,967",722,0.07,"159,612","445,998","8,412","99,544",0.18,0.92,4.13,0.76
0.25,"8,919",709,0.07,"168,531","437,079","9,121","98,835",0.18,0.92,4.05,0.75
0.26,"9,024",732,0.08,"177,555","428,055","9,853","98,103",0.19,0.91,3.97,0.74
0.27,"9,181",833,0.08,"186,736","418,874","10,686","97,270",0.19,0.90,3.88,0.72
0.28,"9,407",829,0.08,"196,143","409,467","11,515","96,441",0.19,0.89,3.79,0.71
0.29,"9,420",873,0.08,"205,563","400,047","12,388","95,568",0.19,0.89,3.71,0.69
0.3,"9,290",865,0.09,"214,853","390,757","13,253","94,703",0.20,0.88,3.62,0.68
0.31,"9,349",964,0.09,"224,202","381,408","14,217","93,739",0.20,0.87,3.53,0.67
0.32,"9,674",975,0.09,"233,876","371,734","15,192","92,764",0.20,0.86,3.44,0.65
0.33,"9,621",991,0.09,"243,497","362,113","16,183","91,773",0.20,0.85,3.35,0.64
0.34,"9,945","1,013",0.09,"253,442","352,168","17,196","90,760",0.20,0.84,3.26,0.62
0.35,"9,510","1,069",0.10,"262,952","342,658","18,265","89,691",0.21,0.83,3.17,0.61
0.36,"9,586","1,131",0.11,"272,538","333,072","19,396","88,560",0.21,0.82,3.09,0.59
0.37,"9,521","1,137",0.11,"282,059","323,551","20,533","87,423",0.21,0.81,3.00,0.58
0.38,"9,617","1,210",0.11,"291,676","313,934","21,743","86,213",0.22,0.80,2.91,0.56
0.39,"9,558","1,210",0.11,"301,234","304,376","22,953","85,003",0.22,0.79,2.82,0.55
0.4,"9,542","1,233",0.11,"310,776","294,834","24,186","83,770",0.22,0.78,2.73,0.53
0.41,"9,272","1,268",0.12,"320,048","285,562","25,454","82,502",0.22,0.76,2.65,0.52
0.42,"9,385","1,244",0.12,"329,433","276,177","26,698","81,258",0.23,0.75,2.56,0.50
0.43,"9,283","1,286",0.12,"338,716","266,894","27,984","79,972",0.23,0.74,2.47,0.49
0.44,"9,244","1,340",0.13,"347,960","257,650","29,324","78,632",0.23,0.73,2.39,0.47
0.45,"9,130","1,365",0.13,"357,090","248,520","30,689","77,267",0.24,0.72,2.30,0.46
0.46,"8,840","1,406",0.14,"365,930","239,680","32,095","75,861",0.24,0.70,2.22,0.44
0.47,"8,936","1,411",0.14,"374,866","230,744","33,506","74,450",0.24,0.69,2.14,0.43
0.48,"8,675","1,430",0.14,"383,541","222,069","34,936","73,020",0.25,0.68,2.06,0.41
0.49,"8,685","1,424",0.14,"392,226","213,384","36,360","71,596",0.25,0.66,1.98,0.40
0.5,"8,430","1,529",0.15,"400,656","204,954","37,889","70,067",0.25,0.65,1.90,0.39
0.51,"8,093","1,417",0.15,"408,749","196,861","39,306","68,650",0.26,0.64,1.82,0.37
0.52,"7,975","1,462",0.15,"416,724","188,886","40,768","67,188",0.26,0.62,1.75,0.36
0.53,"7,975","1,554",0.16,"424,699","180,911","42,322","65,634",0.27,0.61,1.68,0.35
0.54,"7,714","1,547",0.17,"432,413","173,197","43,869","64,087",0.27,0.59,1.60,0.33
0.55,"7,654","1,575",0.17,"440,067","165,543","45,444","62,512",0.27,0.58,1.53,0.32
0.56,"7,578","1,504",0.17,"447,645","157,965","46,948","61,008",0.28,0.57,1.46,0.31
0.57,"7,323","1,585",0.18,"454,968","150,642","48,533","59,423",0.28,0.55,1.40,0.29
0.58,"7,012","1,529",0.18,"461,980","143,630","50,062","57,894",0.29,0.54,1.33,0.28
0.59,"6,902","1,556",0.18,"468,882","136,728","51,618","56,338",0.29,0.52,1.27,0.27
0.6,"6,733","1,597",0.19,"475,615","129,995","53,215","54,741",0.30,0.51,1.20,0.26
0.61,"6,398","1,540",0.19,"482,013","123,597","54,755","53,201",0.30,0.49,1.14,0.25
0.62,"6,279","1,605",0.20,"488,292","117,318","56,360","51,596",0.31,0.48,1.09,0.24
0.63,"6,154","1,530",0.20,"494,446","111,164","57,890","50,066",0.31,0.46,1.03,0.23
0.64,"5,967","1,470",0.20,"500,413","105,197","59,360","48,596",0.32,0.45,0.97,0.22
0.65,"5,687","1,498",0.21,"506,100","99,510","60,858","47,098",0.32,0.44,0.92,0.21
0.66,"5,440","1,518",0.22,"511,540","94,070","62,376","45,580",0.33,0.42,0.87,0.20
0.67,"5,269","1,515",0.22,"516,809","88,801","63,891","44,065",0.33,0.41,0.82,0.19
0.68,"5,076","1,480",0.23,"521,885","83,725","65,371","42,585",0.34,0.39,0.78,0.18
0.69,"4,926","1,471",0.23,"526,811","78,799","66,842","41,114",0.34,0.38,0.73,0.17
0.7,"4,510","1,397",0.24,"531,321","74,289","68,239","39,717",0.35,0.37,0.69,0.16
0.71,"4,416","1,521",0.26,"535,737","69,873","69,760","38,196",0.35,0.35,0.65,0.15
0.72,"4,229","1,510",0.26,"539,966","65,644","71,270","36,686",0.36,0.34,0.61,0.14
0.73,"4,170","1,486",0.26,"544,136","61,474","72,756","35,200",0.36,0.33,0.57,0.14
0.74,"4,170","1,516",0.27,"548,306","57,304","74,272","33,684",0.37,0.31,0.53,0.13
0.75,"3,822","1,479",0.28,"552,128","53,482","75,751","32,205",0.38,0.30,0.50,0.12
0.76,"3,792","1,359",0.26,"555,920","49,690","77,110","30,846",0.38,0.29,0.46,0.11
0.77,"3,507","1,492",0.30,"559,427","46,183","78,602","29,354",0.39,0.27,0.43,0.11
0.78,"3,176","1,406",0.31,"562,603","43,007","80,008","27,948",0.39,0.26,0.40,0.10
0.79,"3,182","1,367",0.30,"565,785","39,825","81,375","26,581",0.40,0.25,0.37,0.09
0.8,"3,024","1,333",0.31,"568,809","36,801","82,708","25,248",0.41,0.23,0.34,0.09
0.81,"2,928","1,347",0.32,"571,737","33,873","84,055","23,901",0.41,0.22,0.31,0.08
0.82,"2,785","1,339",0.32,"574,522","31,088","85,394","22,562",0.42,0.21,0.29,0.08
0.83,"2,583","1,296",0.33,"577,105","28,505","86,690","21,266",0.43,0.20,0.26,0.07
0.84,"2,474","1,311",0.35,"579,579","26,031","88,001","19,955",0.43,0.18,0.24,0.06
0.85,"2,333","1,310",0.36,"581,912","23,698","89,311","18,645",0.44,0.17,0.22,0.06
0.86,"2,270","1,296",0.36,"584,182","21,428","90,607","17,349",0.45,0.16,0.20,0.05
0.87,"2,189","1,273",0.37,"586,371","19,239","91,880","16,076",0.46,0.15,0.18,0.05
0.88,"2,033","1,200",0.37,"588,404","17,206","93,080","14,876",0.46,0.14,0.16,0.04
0.89,"1,886","1,121",0.37,"590,290","15,320","94,201","13,755",0.47,0.13,0.14,0.04
0.9,"1,734","1,165",0.40,"592,024","13,586","95,366","12,590",0.48,0.12,0.13,0.04
0.91,"1,633","1,182",0.42,"593,657","11,953","96,548","11,408",0.49,0.11,0.11,0.03
0.92,"1,562","1,202",0.43,"595,219","10,391","97,750","10,206",0.50,0.09,0.10,0.03
0.93,"1,426","1,125",0.44,"596,645","8,965","98,875","9,081",0.50,0.08,0.08,0.03
0.94,"1,332","1,056",0.44,"597,977","7,633","99,931","8,025",0.51,0.07,0.07,0.02
0.95,"1,235","1,037",0.46,"599,212","6,398","100,968","6,988",0.52,0.06,0.06,0.02
0.96,"1,073",988,0.48,"600,285","5,325","101,956","6,000",0.53,0.06,0.05,0.02
0.97,983,906,0.48,"601,268","4,342","102,862","5,094",0.54,0.05,0.04,0.01
0.98,882,853,0.49,"602,150","3,460","103,715","4,241",0.55,0.04,0.03,0.01
0.99,743,793,0.52,"602,893","2,717","104,508","3,448",0.56,0.03,0.03,0.01
1.0,"2,717","3,448",0.56,"605,610",0,"107,956",0,nan,0.00,0.00,0.00
