p,Neg,Pos,$\frac{\text{Pos}}{\text{Neg}+\text{Pos}}$,TN,FP,FN,TP,Prec,Rec,$\frac{\text{FP}}{\text{P}}$
0.0,"30,281",813,0.03,"30,281","575,329",813,"107,143",0.16,0.99,5.33
0.01,"3,202",118,0.04,"33,483","572,127",931,"107,025",0.16,0.99,5.30
0.02,"3,357",149,0.04,"36,840","568,770","1,080","106,876",0.16,0.99,5.27
0.03,"3,561",149,0.04,"40,401","565,209","1,229","106,727",0.16,0.99,5.24
0.04,"3,905",160,0.04,"44,306","561,304","1,389","106,567",0.16,0.99,5.20
0.05,"4,146",200,0.05,"48,452","557,158","1,589","106,367",0.16,0.99,5.16
0.06,"4,506",194,0.04,"52,958","552,652","1,783","106,173",0.16,0.98,5.12
0.07,"4,759",211,0.04,"57,717","547,893","1,994","105,962",0.16,0.98,5.08
0.08,"4,835",268,0.05,"62,552","543,058","2,262","105,694",0.16,0.98,5.03
0.09,"5,353",253,0.05,"67,905","537,705","2,515","105,441",0.16,0.98,4.98
0.1,"5,503",310,0.05,"73,408","532,202","2,825","105,131",0.16,0.97,4.93
0.11,"5,866",318,0.05,"79,274","526,336","3,143","104,813",0.17,0.97,4.88
0.12,"6,256",356,0.05,"85,530","520,080","3,499","104,457",0.17,0.97,4.82
0.13,"6,581",377,0.05,"92,111","513,499","3,876","104,080",0.17,0.96,4.76
0.14,"6,770",439,0.06,"98,881","506,729","4,315","103,641",0.17,0.96,4.69
0.15,"7,178",443,0.06,"106,059","499,551","4,758","103,198",0.17,0.96,4.63
0.16,"7,538",486,0.06,"113,597","492,013","5,244","102,712",0.17,0.95,4.56
0.17,"7,604",528,0.06,"121,201","484,409","5,772","102,184",0.17,0.95,4.49
0.18,"8,084",598,0.07,"129,285","476,325","6,370","101,586",0.18,0.94,4.41
0.19,"8,634",651,0.07,"137,919","467,691","7,021","100,935",0.18,0.93,4.33
0.2,"8,844",652,0.07,"146,763","458,847","7,673","100,283",0.18,0.93,4.25
0.21,"9,185",714,0.07,"155,948","449,662","8,387","99,569",0.18,0.92,4.17
0.22,"9,403",775,0.08,"165,351","440,259","9,162","98,794",0.18,0.92,4.08
0.23,"9,621",806,0.08,"174,972","430,638","9,968","97,988",0.19,0.91,3.99
0.24,"9,928",864,0.08,"184,900","420,710","10,832","97,124",0.19,0.90,3.90
0.25,"10,147",903,0.08,"195,047","410,563","11,735","96,221",0.19,0.89,3.80
0.26,"10,473",986,0.09,"205,520","400,090","12,721","95,235",0.19,0.88,3.71
0.27,"10,512",998,0.09,"216,032","389,578","13,719","94,237",0.19,0.87,3.61
0.28,"10,852","1,081",0.09,"226,884","378,726","14,800","93,156",0.20,0.86,3.51
0.29,"10,997","1,169",0.10,"237,881","367,729","15,969","91,987",0.20,0.85,3.41
0.3,"11,318","1,165",0.09,"249,199","356,411","17,134","90,822",0.20,0.84,3.30
0.31,"11,085","1,272",0.10,"260,284","345,326","18,406","89,550",0.21,0.83,3.20
0.32,"11,217","1,230",0.10,"271,501","334,109","19,636","88,320",0.21,0.82,3.09
0.33,"11,113","1,342",0.11,"282,614","322,996","20,978","86,978",0.21,0.81,2.99
0.34,"11,295","1,379",0.11,"293,909","311,701","22,357","85,599",0.22,0.79,2.89
0.35,"11,209","1,409",0.11,"305,118","300,492","23,766","84,190",0.22,0.78,2.78
0.36,"11,304","1,535",0.12,"316,422","289,188","25,301","82,655",0.22,0.77,2.68
0.37,"10,977","1,503",0.12,"327,399","278,211","26,804","81,152",0.23,0.75,2.58
0.38,"10,976","1,596",0.13,"338,375","267,235","28,400","79,556",0.23,0.74,2.48
0.39,"10,790","1,639",0.13,"349,165","256,445","30,039","77,917",0.23,0.72,2.38
0.4,"10,719","1,615",0.13,"359,884","245,726","31,654","76,302",0.24,0.71,2.28
0.41,"10,746","1,565",0.13,"370,630","234,980","33,219","74,737",0.24,0.69,2.18
0.42,"10,296","1,692",0.14,"380,926","224,684","34,911","73,045",0.25,0.68,2.08
0.43,"10,110","1,691",0.14,"391,036","214,574","36,602","71,354",0.25,0.66,1.99
0.44,"9,911","1,669",0.14,"400,947","204,663","38,271","69,685",0.25,0.65,1.90
0.45,"9,885","1,725",0.15,"410,832","194,778","39,996","67,960",0.26,0.63,1.80
0.46,"9,383","1,649",0.15,"420,215","185,395","41,645","66,311",0.26,0.61,1.72
0.47,"8,931","1,791",0.17,"429,146","176,464","43,436","64,520",0.27,0.60,1.63
0.48,"8,763","1,770",0.17,"437,909","167,701","45,206","62,750",0.27,0.58,1.55
0.49,"8,508","1,726",0.17,"446,417","159,193","46,932","61,024",0.28,0.57,1.47
0.5,"8,071","1,686",0.17,"454,488","151,122","48,618","59,338",0.28,0.55,1.40
0.51,"7,936","1,733",0.18,"462,424","143,186","50,351","57,605",0.29,0.53,1.33
0.52,"7,531","1,722",0.19,"469,955","135,655","52,073","55,883",0.29,0.52,1.26
0.53,"7,245","1,670",0.19,"477,200","128,410","53,743","54,213",0.30,0.50,1.19
0.54,"6,958","1,679",0.19,"484,158","121,452","55,422","52,534",0.30,0.49,1.13
0.55,"6,649","1,651",0.20,"490,807","114,803","57,073","50,883",0.31,0.47,1.06
0.56,"6,202","1,640",0.21,"497,009","108,601","58,713","49,243",0.31,0.46,1.01
0.57,"6,005","1,572",0.21,"503,014","102,596","60,285","47,671",0.32,0.44,0.95
0.58,"5,680","1,563",0.22,"508,694","96,916","61,848","46,108",0.32,0.43,0.90
0.59,"5,532","1,544",0.22,"514,226","91,384","63,392","44,564",0.33,0.41,0.85
0.6,"5,243","1,524",0.23,"519,469","86,141","64,916","43,040",0.33,0.40,0.80
0.61,"5,012","1,422",0.22,"524,481","81,129","66,338","41,618",0.34,0.39,0.75
0.62,"4,696","1,429",0.23,"529,177","76,433","67,767","40,189",0.34,0.37,0.71
0.63,"4,461","1,470",0.25,"533,638","71,972","69,237","38,719",0.35,0.36,0.67
0.64,"4,239","1,396",0.25,"537,877","67,733","70,633","37,323",0.36,0.35,0.63
0.65,"4,024","1,312",0.25,"541,901","63,709","71,945","36,011",0.36,0.33,0.59
0.66,"3,722","1,300",0.26,"545,623","59,987","73,245","34,711",0.37,0.32,0.56
0.67,"3,602","1,296",0.26,"549,225","56,385","74,541","33,415",0.37,0.31,0.52
0.68,"3,387","1,244",0.27,"552,612","52,998","75,785","32,171",0.38,0.30,0.49
0.69,"3,189","1,217",0.28,"555,801","49,809","77,002","30,954",0.38,0.29,0.46
0.7,"2,969","1,296",0.30,"558,770","46,840","78,298","29,658",0.39,0.27,0.43
0.71,"2,800","1,201",0.30,"561,570","44,040","79,499","28,457",0.39,0.26,0.41
0.72,"2,681","1,146",0.30,"564,251","41,359","80,645","27,311",0.40,0.25,0.38
0.73,"2,558","1,121",0.30,"566,809","38,801","81,766","26,190",0.40,0.24,0.36
0.74,"2,505","1,076",0.30,"569,314","36,296","82,842","25,114",0.41,0.23,0.34
0.75,"2,349","1,073",0.31,"571,663","33,947","83,915","24,041",0.41,0.22,0.31
0.76,"2,161","1,046",0.33,"573,824","31,786","84,961","22,995",0.42,0.21,0.29
0.77,"1,992","1,016",0.34,"575,816","29,794","85,977","21,979",0.42,0.20,0.28
0.78,"1,972","1,028",0.34,"577,788","27,822","87,005","20,951",0.43,0.19,0.26
0.79,"1,884",959,0.34,"579,672","25,938","87,964","19,992",0.44,0.19,0.24
0.8,"1,774",917,0.34,"581,446","24,164","88,881","19,075",0.44,0.18,0.22
0.81,"1,660",957,0.37,"583,106","22,504","89,838","18,118",0.45,0.17,0.21
0.82,"1,507",909,0.38,"584,613","20,997","90,747","17,209",0.45,0.16,0.19
0.83,"1,419",859,0.38,"586,032","19,578","91,606","16,350",0.46,0.15,0.18
0.84,"1,355",868,0.39,"587,387","18,223","92,474","15,482",0.46,0.14,0.17
0.85,"1,325",826,0.38,"588,712","16,898","93,300","14,656",0.46,0.14,0.16
0.86,"1,225",748,0.38,"589,937","15,673","94,048","13,908",0.47,0.13,0.15
0.87,"1,211",821,0.40,"591,148","14,462","94,869","13,087",0.48,0.12,0.13
0.88,"1,075",747,0.41,"592,223","13,387","95,616","12,340",0.48,0.11,0.12
0.89,"1,012",697,0.41,"593,235","12,375","96,313","11,643",0.48,0.11,0.11
0.9,959,721,0.43,"594,194","11,416","97,034","10,922",0.49,0.10,0.11
0.91,922,644,0.41,"595,116","10,494","97,678","10,278",0.49,0.10,0.10
0.92,844,648,0.43,"595,960","9,650","98,326","9,630",0.50,0.09,0.09
0.93,748,564,0.43,"596,708","8,902","98,890","9,066",0.50,0.08,0.08
0.94,774,586,0.43,"597,482","8,128","99,476","8,480",0.51,0.08,0.08
0.95,695,600,0.46,"598,177","7,433","100,076","7,880",0.51,0.07,0.07
0.96,621,546,0.47,"598,798","6,812","100,622","7,334",0.52,0.07,0.06
0.97,618,507,0.45,"599,416","6,194","101,129","6,827",0.52,0.06,0.06
0.98,588,489,0.45,"600,004","5,606","101,618","6,338",0.53,0.06,0.05
0.99,464,487,0.51,"600,468","5,142","102,105","5,851",0.53,0.05,0.05
1.0,"5,142","5,851",0.53,"605,610",0,"107,956",0,nan,0.00,0.00
