p,Neg,Pos,$\frac{\text{Pos}}{\text{Neg}+\text{Pos}}$,TN,FP,FN,TP,Prec,Rec,$\frac{\text{FP}}{\text{P}}$
0.0,1,0,0.00,1,"605,609",0,"107,956",0.15,1.00,5.61
0.01,2,0,0.00,3,"605,607",0,"107,956",0.15,1.00,5.61
0.02,3,0,0.00,6,"605,604",0,"107,956",0.15,1.00,5.61
0.03,21,3,0.12,27,"605,583",3,"107,953",0.15,1.00,5.61
0.04,60,0,0.00,87,"605,523",3,"107,953",0.15,1.00,5.61
0.05,93,6,0.06,180,"605,430",9,"107,947",0.15,1.00,5.61
0.06,286,6,0.02,466,"605,144",15,"107,941",0.15,1.00,5.61
0.07,480,10,0.02,946,"604,664",25,"107,931",0.15,1.00,5.60
0.08,"1,255",24,0.02,"2,201","603,409",49,"107,907",0.15,1.00,5.59
0.09,"1,303",37,0.03,"3,504","602,106",86,"107,870",0.15,1.00,5.58
0.1,"1,659",52,0.03,"5,163","600,447",138,"107,818",0.15,1.00,5.56
0.11,"2,146",80,0.04,"7,309","598,301",218,"107,738",0.15,1.00,5.54
0.12,"2,712",120,0.04,"10,021","595,589",338,"107,618",0.15,1.00,5.52
0.13,"5,121",186,0.04,"15,142","590,468",524,"107,432",0.15,1.00,5.47
0.14,"6,432",305,0.05,"21,574","584,036",829,"107,127",0.15,0.99,5.41
0.15,"8,635",488,0.05,"30,209","575,401","1,317","106,639",0.16,0.99,5.33
0.16,"10,320",587,0.05,"40,529","565,081","1,904","106,052",0.16,0.98,5.23
0.17,"11,109",648,0.06,"51,638","553,972","2,552","105,404",0.16,0.98,5.13
0.18,"11,997",715,0.06,"63,635","541,975","3,267","104,689",0.16,0.97,5.02
0.19,"13,399",941,0.07,"77,034","528,576","4,208","103,748",0.16,0.96,4.90
0.2,"12,252",891,0.07,"89,286","516,324","5,099","102,857",0.17,0.95,4.78
0.21,"13,052",931,0.07,"102,338","503,272","6,030","101,926",0.17,0.94,4.66
0.22,"13,822","1,098",0.07,"116,160","489,450","7,128","100,828",0.17,0.93,4.53
0.23,"14,860","1,473",0.09,"131,020","474,590","8,601","99,355",0.17,0.92,4.40
0.24,"16,977","1,697",0.09,"147,997","457,613","10,298","97,658",0.18,0.90,4.24
0.25,"18,297","1,923",0.10,"166,294","439,316","12,221","95,735",0.18,0.89,4.07
0.26,"21,496","2,459",0.10,"187,790","417,820","14,680","93,276",0.18,0.86,3.87
0.27,"22,961","2,807",0.11,"210,751","394,859","17,487","90,469",0.19,0.84,3.66
0.28,"25,302","3,357",0.12,"236,053","369,557","20,844","87,112",0.19,0.81,3.42
0.29,"25,623","3,431",0.12,"261,676","343,934","24,275","83,681",0.20,0.78,3.19
0.3,"27,495","3,990",0.13,"289,171","316,439","28,265","79,691",0.20,0.74,2.93
0.31,"26,454","3,960",0.13,"315,625","289,985","32,225","75,731",0.21,0.70,2.69
0.32,"25,248","4,119",0.14,"340,873","264,737","36,344","71,612",0.21,0.66,2.45
0.33,"23,194","4,006",0.15,"364,067","241,543","40,350","67,606",0.22,0.63,2.24
0.34,"23,072","4,112",0.15,"387,139","218,471","44,462","63,494",0.23,0.59,2.02
0.35,"20,647","3,895",0.16,"407,786","197,824","48,357","59,599",0.23,0.55,1.83
0.36,"19,398","3,854",0.17,"427,184","178,426","52,211","55,745",0.24,0.52,1.65
0.37,"17,733","3,754",0.17,"444,917","160,693","55,965","51,991",0.24,0.48,1.49
0.38,"16,789","3,925",0.19,"461,706","143,904","59,890","48,066",0.25,0.45,1.33
0.39,"14,942","3,659",0.20,"476,648","128,962","63,549","44,407",0.26,0.41,1.19
0.4,"14,387","3,630",0.20,"491,035","114,575","67,179","40,777",0.26,0.38,1.06
0.41,"13,340","3,444",0.21,"504,375","101,235","70,623","37,333",0.27,0.35,0.94
0.42,"13,451","3,819",0.22,"517,826","87,784","74,442","33,514",0.28,0.31,0.81
0.43,"12,195","3,682",0.23,"530,021","75,589","78,124","29,832",0.28,0.28,0.70
0.44,"10,425","3,272",0.24,"540,446","65,164","81,396","26,560",0.29,0.25,0.60
0.45,"9,843","3,257",0.25,"550,289","55,321","84,653","23,303",0.30,0.22,0.51
0.46,"8,970","3,190",0.26,"559,259","46,351","87,843","20,113",0.30,0.19,0.43
0.47,"7,792","3,004",0.28,"567,051","38,559","90,847","17,109",0.31,0.16,0.36
0.48,"7,010","2,669",0.28,"574,061","31,549","93,516","14,440",0.31,0.13,0.29
0.49,"6,264","2,435",0.28,"580,325","25,285","95,951","12,005",0.32,0.11,0.23
0.5,"4,983","2,045",0.29,"585,308","20,302","97,996","9,960",0.33,0.09,0.19
0.51,"4,396","1,884",0.30,"589,704","15,906","99,880","8,076",0.34,0.07,0.15
0.52,"3,407","1,557",0.31,"593,111","12,499","101,437","6,519",0.34,0.06,0.12
0.53,"2,723","1,286",0.32,"595,834","9,776","102,723","5,233",0.35,0.05,0.09
0.54,"2,233","1,071",0.32,"598,067","7,543","103,794","4,162",0.36,0.04,0.07
0.55,"1,765",883,0.33,"599,832","5,778","104,677","3,279",0.36,0.03,0.05
0.56,"1,569",795,0.34,"601,401","4,209","105,472","2,484",0.37,0.02,0.04
0.57,"1,059",596,0.36,"602,460","3,150","106,068","1,888",0.37,0.02,0.03
0.58,826,430,0.34,"603,286","2,324","106,498","1,458",0.39,0.01,0.02
0.59,611,353,0.37,"603,897","1,713","106,851","1,105",0.39,0.01,0.02
0.6,442,329,0.43,"604,339","1,271","107,180",776,0.38,0.01,0.01
0.61,381,204,0.35,"604,720",890,"107,384",572,0.39,0.01,0.01
0.62,242,159,0.40,"604,962",648,"107,543",413,0.39,0.00,0.01
0.63,156,92,0.37,"605,118",492,"107,635",321,0.39,0.00,0.00
0.64,142,95,0.40,"605,260",350,"107,730",226,0.39,0.00,0.00
0.65,113,67,0.37,"605,373",237,"107,797",159,0.40,0.00,0.00
0.66,61,29,0.32,"605,434",176,"107,826",130,0.42,0.00,0.00
0.67,45,41,0.48,"605,479",131,"107,867",89,0.40,0.00,0.00
0.68,32,25,0.44,"605,511",99,"107,892",64,0.39,0.00,0.00
0.69,24,16,0.40,"605,535",75,"107,908",48,0.39,0.00,0.00
0.7,19,19,0.50,"605,554",56,"107,927",29,0.34,0.00,0.00
0.71,9,5,0.36,"605,563",47,"107,932",24,0.34,0.00,0.00
0.72,7,7,0.50,"605,570",40,"107,939",17,0.30,0.00,0.00
0.73,11,4,0.27,"605,581",29,"107,943",13,0.31,0.00,0.00
0.74,4,1,0.20,"605,585",25,"107,944",12,0.32,0.00,0.00
0.75,4,1,0.20,"605,589",21,"107,945",11,0.34,0.00,0.00
0.76,2,1,0.33,"605,591",19,"107,946",10,0.34,0.00,0.00
0.77,1,3,0.75,"605,592",18,"107,949",7,0.28,0.00,0.00
0.78,2,1,0.33,"605,594",16,"107,950",6,0.27,0.00,0.00
0.79,0,0,nan,"605,594",16,"107,950",6,0.27,0.00,0.00
0.8,2,2,0.50,"605,596",14,"107,952",4,0.22,0.00,0.00
0.81,1,1,0.50,"605,597",13,"107,953",3,0.19,0.00,0.00
0.82,3,0,0.00,"605,600",10,"107,953",3,0.23,0.00,0.00
0.83,5,0,0.00,"605,605",5,"107,953",3,0.38,0.00,0.00
0.84,0,0,nan,"605,605",5,"107,953",3,0.38,0.00,0.00
0.85,1,1,0.50,"605,606",4,"107,954",2,0.33,0.00,0.00
0.86,0,0,nan,"605,606",4,"107,954",2,0.33,0.00,0.00
0.87,0,0,nan,"605,606",4,"107,954",2,0.33,0.00,0.00
0.88,0,0,nan,"605,606",4,"107,954",2,0.33,0.00,0.00
0.89,0,0,nan,"605,606",4,"107,954",2,0.33,0.00,0.00
0.9,0,0,nan,"605,606",4,"107,954",2,0.33,0.00,0.00
0.91,2,1,0.33,"605,608",2,"107,955",1,0.33,0.00,0.00
0.92,0,0,nan,"605,608",2,"107,955",1,0.33,0.00,0.00
0.93,0,0,nan,"605,608",2,"107,955",1,0.33,0.00,0.00
0.94,0,0,nan,"605,608",2,"107,955",1,0.33,0.00,0.00
0.95,0,0,nan,"605,608",2,"107,955",1,0.33,0.00,0.00
0.96,0,0,nan,"605,608",2,"107,955",1,0.33,0.00,0.00
0.97,0,0,nan,"605,608",2,"107,955",1,0.33,0.00,0.00
0.98,0,0,nan,"605,608",2,"107,955",1,0.33,0.00,0.00
0.99,0,0,nan,"605,608",2,"107,955",1,0.33,0.00,0.00
1.0,2,1,0.33,"605,610",0,"107,956",0,nan,0.00,0.00
