p,Neg,Pos,$\frac{\text{Pos}}{\text{Neg}+\text{Pos}}$,TN,FP,FN,TP,Prec,Rec,$\frac{\text{FP}}{\text{P}}$
0.0,0,0,nan,0,"605,610",0,"107,956",0.15,1.00,5.61
0.05,0,0,nan,0,"605,610",0,"107,956",0.15,1.00,5.61
0.1,76,2,0.03,76,"605,534",2,"107,954",0.15,1.00,5.61
0.15,"1,979",23,0.01,"2,055","603,555",25,"107,931",0.15,1.00,5.59
0.2,"16,673",417,0.02,"18,728","586,882",442,"107,514",0.15,1.00,5.44
0.25,"67,551","3,094",0.04,"86,279","519,331","3,536","104,420",0.17,0.97,4.81
0.3,"149,010","12,114",0.08,"235,289","370,321","15,650","92,306",0.20,0.86,3.43
0.35,"179,483","25,006",0.12,"414,772","190,838","40,656","67,300",0.26,0.62,1.77
0.4,"114,693","27,204",0.19,"529,465","76,145","67,860","40,096",0.34,0.37,0.71
0.45,"49,711","19,857",0.29,"579,176","26,434","87,717","20,239",0.43,0.19,0.24
0.5,"19,251","12,556",0.39,"598,427","7,183","100,273","7,683",0.52,0.07,0.07
0.55,"5,970","5,963",0.50,"604,397","1,213","106,236","1,720",0.59,0.02,0.01
0.6,"1,100","1,512",0.58,"605,497",113,"107,748",208,0.65,0.00,0.00
0.65,106,193,0.65,"605,603",7,"107,941",15,0.68,0.00,0.00
0.7,5,14,0.74,"605,608",2,"107,955",1,0.33,0.00,0.00
0.75,1,1,0.50,"605,609",1,"107,956",0,0.00,0.00,0.00
0.8,1,0,0.00,"605,610",0,"107,956",0,nan,0.00,0.00
0.85,0,0,nan,"605,610",0,"107,956",0,nan,0.00,0.00
0.9,0,0,nan,"605,610",0,"107,956",0,nan,0.00,0.00
0.95,0,0,nan,"605,610",0,"107,956",0,nan,0.00,0.00
1.0,0,0,nan,"605,610",0,"107,956",0,nan,0.00,0.00
