,min,max,Neg,Pos,$\frac{\text{Pos}}{\text{Neg}+\text{Pos}}$,TN,FP,FN,TP,Prec,Rec,FP/P
0,0.0564,0.1458,"19,950",768,0.0371,"19,950","585,660",768,"107,188",0.1547,0.9929,5.4250
1,0.1458,0.1579,"19,867","1,001",0.0480,"39,817","565,793","1,769","106,187",0.1580,0.9836,5.2410
2,0.1579,0.1667,"16,849","1,003",0.0562,"56,666","548,944","2,772","105,184",0.1608,0.9743,5.0849
3,0.1667,0.1742,"15,407","1,000",0.0609,"72,073","533,537","3,772","104,184",0.1634,0.9651,4.9422
4,0.1742,0.1814,"14,434","1,002",0.0649,"86,507","519,103","4,774","103,182",0.1658,0.9558,4.8085
5,0.1814,0.1877,"13,739","1,005",0.0682,"100,246","505,364","5,779","102,177",0.1682,0.9465,4.6812
6,0.1877,0.1941,"12,296","1,000",0.0752,"112,542","493,068","6,779","101,177",0.1703,0.9372,4.5673
7,0.1941,0.1998,"11,671","1,000",0.0789,"124,213","481,397","7,779","100,177",0.1723,0.9279,4.4592
8,0.1998,0.2045,"10,106","1,001",0.0901,"134,319","471,291","8,780","99,176",0.1739,0.9187,4.3656
9,0.2045,0.2088,"10,149","1,001",0.0898,"144,468","461,142","9,781","98,175",0.1755,0.9094,4.2716
10,0.2088,0.2128,"9,833","1,004",0.0926,"154,301","451,309","10,785","97,171",0.1772,0.9001,4.1805
11,0.2128,0.2162,"9,413","1,002",0.0962,"163,714","441,896","11,787","96,169",0.1787,0.8908,4.0933
12,0.2162,0.2193,"9,154","1,000",0.0985,"172,868","432,742","12,787","95,169",0.1803,0.8816,4.0085
13,0.2193,0.2223,"8,700","1,001",0.1032,"181,568","424,042","13,788","94,168",0.1817,0.8723,3.9279
14,0.2223,0.2249,"8,324","1,000",0.1073,"189,892","415,718","14,788","93,168",0.1831,0.8630,3.8508
15,0.2249,0.2273,"8,270","1,000",0.1079,"198,162","407,448","15,788","92,168",0.1845,0.8538,3.7742
16,0.2273,0.2298,"8,377","1,000",0.1066,"206,539","399,071","16,788","91,168",0.1860,0.8445,3.6966
17,0.2298,0.2319,"7,739","1,000",0.1144,"214,278","391,332","17,788","90,168",0.1873,0.8352,3.6249
18,0.2319,0.2341,"8,328","1,009",0.1081,"222,606","383,004","18,797","89,159",0.1888,0.8259,3.5478
19,0.2341,0.2361,"7,551","1,001",0.1170,"230,157","375,453","19,798","88,158",0.1902,0.8166,3.4778
20,0.2361,0.2381,"7,679","1,001",0.1153,"237,836","367,774","20,799","87,157",0.1916,0.8073,3.4067
21,0.2381,0.2400,"7,136","1,004",0.1233,"244,972","360,638","21,803","86,153",0.1928,0.7980,3.3406
22,0.2400,0.2421,"7,157","1,001",0.1227,"252,129","353,481","22,804","85,152",0.1941,0.7888,3.2743
23,0.2421,0.2440,"7,286","1,004",0.1211,"259,415","346,195","23,808","84,148",0.1955,0.7795,3.2068
24,0.2440,0.2458,"7,241","1,001",0.1215,"266,656","338,954","24,809","83,147",0.1970,0.7702,3.1397
25,0.2458,0.2475,"6,835","1,000",0.1276,"273,491","332,119","25,809","82,147",0.1983,0.7609,3.0764
26,0.2475,0.2493,"7,100","1,003",0.1238,"280,591","325,019","26,812","81,144",0.1998,0.7516,3.0107
27,0.2493,0.2511,"7,435","1,001",0.1187,"288,026","317,584","27,813","80,143",0.2015,0.7424,2.9418
28,0.2512,0.2530,"7,107","1,000",0.1234,"295,133","310,477","28,813","79,143",0.2031,0.7331,2.8760
29,0.2530,0.2547,"6,791","1,000",0.1284,"301,924","303,686","29,813","78,143",0.2047,0.7238,2.8131
30,0.2547,0.2564,"6,466","1,001",0.1341,"308,390","297,220","30,814","77,142",0.2061,0.7146,2.7532
31,0.2564,0.2580,"6,275","1,001",0.1376,"314,665","290,945","31,815","76,141",0.2074,0.7053,2.6950
32,0.2580,0.2595,"6,123","1,000",0.1404,"320,788","284,822","32,815","75,141",0.2087,0.6960,2.6383
33,0.2595,0.2610,"6,058","1,000",0.1417,"326,846","278,764","33,815","74,141",0.2101,0.6868,2.5822
34,0.2610,0.2628,"6,219","1,000",0.1385,"333,065","272,545","34,815","73,141",0.2116,0.6775,2.5246
35,0.2628,0.2645,"5,718","1,000",0.1489,"338,783","266,827","35,815","72,141",0.2128,0.6682,2.4716
36,0.2645,0.2661,"5,791","1,002",0.1475,"344,574","261,036","36,817","71,139",0.2142,0.6590,2.4180
37,0.2661,0.2680,"5,825","1,002",0.1468,"350,399","255,211","37,819","70,137",0.2156,0.6497,2.3640
38,0.2680,0.2697,"5,705","1,004",0.1496,"356,104","249,506","38,823","69,133",0.2170,0.6404,2.3112
39,0.2697,0.2714,"5,941","1,004",0.1446,"362,045","243,565","39,827","68,129",0.2186,0.6311,2.2562
40,0.2714,0.2730,"5,638","1,003",0.1510,"367,683","237,927","40,830","67,126",0.2200,0.6218,2.2039
41,0.2730,0.2745,"5,571","1,001",0.1523,"373,254","232,356","41,831","66,125",0.2215,0.6125,2.1523
42,0.2745,0.2762,"5,563","1,018",0.1547,"378,817","226,793","42,849","65,107",0.2230,0.6031,2.1008
43,0.2762,0.2780,"5,733","1,004",0.1490,"384,550","221,060","43,853","64,103",0.2248,0.5938,2.0477
44,0.2780,0.2797,"5,164","1,001",0.1624,"389,714","215,896","44,854","63,102",0.2262,0.5845,1.9999
45,0.2797,0.2813,"5,527","1,005",0.1539,"395,241","210,369","45,859","62,097",0.2279,0.5752,1.9487
46,0.2813,0.2831,"5,236","1,001",0.1605,"400,477","205,133","46,860","61,096",0.2295,0.5659,1.9002
47,0.2831,0.2846,"4,849","1,002",0.1713,"405,326","200,284","47,862","60,094",0.2308,0.5567,1.8552
48,0.2846,0.2865,"5,063","1,005",0.1656,"410,389","195,221","48,867","59,089",0.2324,0.5473,1.8083
49,0.2865,0.2882,"5,180","1,000",0.1618,"415,569","190,041","49,867","58,089",0.2341,0.5381,1.7604
50,0.2882,0.2900,"4,772","1,001",0.1734,"420,341","185,269","50,868","57,088",0.2356,0.5288,1.7162
51,0.2900,0.2916,"4,941","1,000",0.1683,"425,282","180,328","51,868","56,088",0.2372,0.5195,1.6704
52,0.2916,0.2932,"4,844","1,001",0.1713,"430,126","175,484","52,869","55,087",0.2389,0.5103,1.6255
53,0.2932,0.2949,"4,627","1,000",0.1777,"434,753","170,857","53,869","54,087",0.2404,0.5010,1.5827
54,0.2949,0.2965,"4,501","1,003",0.1822,"439,254","166,356","54,872","53,084",0.2419,0.4917,1.5410
55,0.2965,0.2984,"4,463","1,003",0.1835,"443,717","161,893","55,875","52,081",0.2434,0.4824,1.4996
56,0.2984,0.3003,"4,348","1,008",0.1882,"448,065","157,545","56,883","51,073",0.2448,0.4731,1.4593
57,0.3003,0.3021,"4,524","1,000",0.1810,"452,589","153,021","57,883","50,073",0.2466,0.4638,1.4174
58,0.3021,0.3036,"4,170","1,000",0.1934,"456,759","148,851","58,883","49,073",0.2479,0.4546,1.3788
59,0.3036,0.3054,"4,375","1,000",0.1860,"461,134","144,476","59,883","48,073",0.2497,0.4453,1.3383
60,0.3054,0.3070,"4,015","1,000",0.1994,"465,149","140,461","60,883","47,073",0.2510,0.4360,1.3011
61,0.3070,0.3087,"4,043","1,007",0.1994,"469,192","136,418","61,890","46,066",0.2524,0.4267,1.2636
62,0.3087,0.3107,"4,251","1,000",0.1904,"473,443","132,167","62,890","45,066",0.2543,0.4174,1.2243
63,0.3107,0.3124,"4,077","1,000",0.1970,"477,520","128,090","63,890","44,066",0.2560,0.4082,1.1865
64,0.3124,0.3141,"4,142","1,000",0.1945,"481,662","123,948","64,890","43,066",0.2579,0.3989,1.1481
65,0.3141,0.3162,"4,070","1,003",0.1977,"485,732","119,878","65,893","42,063",0.2597,0.3896,1.1104
66,0.3162,0.3180,"3,760","1,000",0.2101,"489,492","116,118","66,893","41,063",0.2612,0.3804,1.0756
67,0.3180,0.3201,"3,993","1,010",0.2019,"493,485","112,125","67,903","40,053",0.2632,0.3710,1.0386
68,0.3201,0.3219,"3,929","1,001",0.2030,"497,414","108,196","68,904","39,052",0.2652,0.3617,1.0022
69,0.3219,0.3237,"3,498","1,000",0.2223,"500,912","104,698","69,904","38,052",0.2666,0.3525,0.9698
70,0.3237,0.3254,"3,625","1,000",0.2162,"504,537","101,073","70,904","37,052",0.2682,0.3432,0.9362
71,0.3254,0.3270,"3,589","1,004",0.2186,"508,126","97,484","71,908","36,048",0.2700,0.3339,0.9030
72,0.3270,0.3289,"3,618","1,004",0.2172,"511,744","93,866","72,912","35,044",0.2718,0.3246,0.8695
73,0.3289,0.3306,"3,311","1,000",0.2320,"515,055","90,555","73,912","34,044",0.2732,0.3154,0.8388
74,0.3306,0.3324,"3,583","1,001",0.2184,"518,638","86,972","74,913","33,043",0.2753,0.3061,0.8056
75,0.3324,0.3342,"3,543","1,000",0.2201,"522,181","83,429","75,913","32,043",0.2775,0.2968,0.7728
76,0.3342,0.3362,"3,386","1,000",0.2280,"525,567","80,043","76,913","31,043",0.2795,0.2876,0.7414
77,0.3362,0.3381,"3,371","1,000",0.2288,"528,938","76,672","77,913","30,043",0.2815,0.2783,0.7102
78,0.3381,0.3400,"3,102","1,000",0.2438,"532,040","73,570","78,913","29,043",0.2830,0.2690,0.6815
79,0.3400,0.3419,"3,214","1,005",0.2382,"535,254","70,356","79,918","28,038",0.2850,0.2597,0.6517
80,0.3419,0.3437,"3,058","1,004",0.2472,"538,312","67,298","80,922","27,034",0.2866,0.2504,0.6234
81,0.3437,0.3456,"2,975","1,000",0.2516,"541,287","64,323","81,922","26,034",0.2881,0.2412,0.5958
82,0.3456,0.3478,"3,016","1,000",0.2490,"544,303","61,307","82,922","25,034",0.2899,0.2319,0.5679
83,0.3478,0.3499,"3,013","1,000",0.2492,"547,316","58,294","83,922","24,034",0.2919,0.2226,0.5400
84,0.3499,0.3520,"3,213","1,000",0.2374,"550,529","55,081","84,922","23,034",0.2949,0.2134,0.5102
85,0.3520,0.3539,"3,022","1,000",0.2486,"553,551","52,059","85,922","22,034",0.2974,0.2041,0.4822
86,0.3539,0.3563,"2,932","1,001",0.2545,"556,483","49,127","86,923","21,033",0.2998,0.1948,0.4551
87,0.3563,0.3587,"2,834","1,002",0.2612,"559,317","46,293","87,925","20,031",0.3020,0.1855,0.4288
88,0.3587,0.3608,"2,678","1,000",0.2719,"561,995","43,615","88,925","19,031",0.3038,0.1763,0.4040
89,0.3608,0.3629,"2,829","1,000",0.2612,"564,824","40,786","89,925","18,031",0.3066,0.1670,0.3778
90,0.3629,0.3655,"2,778","1,000",0.2647,"567,602","38,008","90,925","17,031",0.3094,0.1578,0.3521
91,0.3655,0.3676,"2,647","1,001",0.2744,"570,249","35,361","91,926","16,030",0.3119,0.1485,0.3276
92,0.3676,0.3701,"2,547","1,000",0.2819,"572,796","32,814","92,926","15,030",0.3141,0.1392,0.3040
93,0.3701,0.3728,"2,680","1,013",0.2743,"575,476","30,134","93,939","14,017",0.3175,0.1298,0.2791
94,0.3728,0.3754,"2,599","1,000",0.2779,"578,075","27,535","94,939","13,017",0.3210,0.1206,0.2551
95,0.3754,0.3783,"2,428","1,001",0.2919,"580,503","25,107","95,940","12,016",0.3237,0.1113,0.2326
96,0.3783,0.3813,"2,457","1,001",0.2895,"582,960","22,650","96,941","11,015",0.3272,0.1020,0.2098
97,0.3813,0.3849,"2,489","1,000",0.2866,"585,449","20,161","97,941","10,015",0.3319,0.0928,0.1868
98,0.3849,0.3887,"2,389","1,001",0.2953,"587,838","17,772","98,942","9,014",0.3365,0.0835,0.1646
99,0.3887,0.3924,"2,265","1,003",0.3069,"590,103","15,507","99,945","8,011",0.3406,0.0742,0.1436
100,0.3924,0.3968,"2,370","1,004",0.2976,"592,473","13,137","100,949","7,007",0.3478,0.0649,0.1217
101,0.3968,0.4011,"2,031","1,004",0.3308,"594,504","11,106","101,953","6,003",0.3509,0.0556,0.1029
102,0.4011,0.4063,"2,165","1,000",0.3160,"596,669","8,941","102,953","5,003",0.3588,0.0463,0.0828
103,0.4063,0.4127,"2,066","1,000",0.3262,"598,735","6,875","103,953","4,003",0.3680,0.0371,0.0637
104,0.4127,0.4207,"1,795","1,000",0.3578,"600,530","5,080","104,953","3,003",0.3715,0.0278,0.0471
105,0.4207,0.4298,"1,730","1,000",0.3663,"602,260","3,350","105,953","2,003",0.3742,0.0186,0.0310
106,0.4298,0.4447,"1,662","1,003",0.3764,"603,922","1,688","106,956","1,000",0.3720,0.0093,0.0156
107,0.4447,0.5969,"1,688","1,000",0.3720,"605,610",0,"107,956",0,nan,0.0000,0.0000
