p,Neg,Pos,$\frac{\text{Pos}}{\text{Neg}+\text{Pos}}$,TN,FP,FN,TP,Prec,Rec,$\frac{\text{FP}}{\text{P}}$
0.0,"60,561","2,144",0.03,"60,561","545,049","2,144","105,812",0.16,0.98,5.05
0.1,"69,669","4,179",0.06,"130,230","475,380","6,323","101,633",0.18,0.94,4.40
0.2,"90,619","7,780",0.08,"220,849","384,761","14,103","93,853",0.20,0.87,3.56
0.3,"96,526","11,247",0.10,"317,375","288,235","25,350","82,606",0.22,0.77,2.67
0.4,"87,055","13,505",0.13,"404,430","201,180","38,855","69,101",0.26,0.64,1.86
0.5,"67,891","13,656",0.17,"472,321","133,289","52,511","55,445",0.29,0.51,1.23
0.6,"47,608","12,529",0.21,"519,929","85,681","65,040","42,916",0.33,0.40,0.79
0.7,"31,834","10,557",0.25,"551,763","53,847","75,597","32,359",0.38,0.30,0.50
0.8,"20,930","8,829",0.30,"572,693","32,917","84,426","23,530",0.42,0.22,0.30
0.9,"13,333","7,208",0.35,"586,026","19,584","91,634","16,322",0.45,0.15,0.18
1.0,"19,584","16,322",0.45,"605,610",0,"107,956",0,nan,0.00,0.00
