,min,max,Neg,Pos,$\frac{\text{Pos}}{\text{Neg}+\text{Pos}}$,TN,FP,FN,TP,Prec,Rec,FP/P
0,0.0438,0.1776,"7,078",145,0.0201,"7,078","598,532",145,"107,811",0.1526,0.9987,5.5442
1,0.1776,0.2216,"31,573","1,000",0.0307,"38,651","566,959","1,145","106,811",0.1585,0.9894,5.2518
2,0.2216,0.2372,"22,996","1,000",0.0417,"61,647","543,963","2,145","105,811",0.1628,0.9801,5.0387
3,0.2372,0.2470,"18,342","1,000",0.0517,"79,989","525,621","3,145","104,811",0.1663,0.9709,4.8688
4,0.2470,0.2547,"17,306","1,000",0.0546,"97,295","508,315","4,145","103,811",0.1696,0.9616,4.7085
5,0.2547,0.2611,"15,766","1,000",0.0596,"113,061","492,549","5,145","102,811",0.1727,0.9523,4.5625
6,0.2611,0.2663,"13,947","1,000",0.0669,"127,008","478,602","6,145","101,811",0.1754,0.9431,4.4333
7,0.2663,0.2711,"13,680","1,000",0.0681,"140,688","464,922","7,145","100,811",0.1782,0.9338,4.3066
8,0.2711,0.2755,"13,155","1,000",0.0706,"153,843","451,767","8,145","99,811",0.1810,0.9246,4.1847
9,0.2755,0.2794,"12,067","1,000",0.0765,"165,910","439,700","9,145","98,811",0.1835,0.9153,4.0730
10,0.2794,0.2832,"12,568","1,000",0.0737,"178,478","427,132","10,145","97,811",0.1863,0.9060,3.9565
11,0.2832,0.2866,"11,543","1,000",0.0797,"190,021","415,589","11,145","96,811",0.1889,0.8968,3.8496
12,0.2866,0.2898,"10,479","1,000",0.0871,"200,500","405,110","12,145","95,811",0.1913,0.8875,3.7525
13,0.2898,0.2927,"10,527","1,000",0.0868,"211,027","394,583","13,145","94,811",0.1937,0.8782,3.6550
14,0.2927,0.2957,"10,264","1,000",0.0888,"221,291","384,319","14,145","93,811",0.1962,0.8690,3.5600
15,0.2957,0.2984,"9,843","1,000",0.0922,"231,134","374,476","15,145","92,811",0.1986,0.8597,3.4688
16,0.2984,0.3009,"9,019","1,000",0.0998,"240,153","365,457","16,145","91,811",0.2008,0.8504,3.3852
17,0.3009,0.3035,"9,696","1,000",0.0935,"249,849","355,761","17,145","90,811",0.2034,0.8412,3.2954
18,0.3035,0.3059,"8,809","1,000",0.1019,"258,658","346,952","18,145","89,811",0.2056,0.8319,3.2138
19,0.3059,0.3083,"8,663","1,000",0.1035,"267,321","338,289","19,145","88,811",0.2079,0.8227,3.1336
20,0.3083,0.3105,"8,278","1,000",0.1078,"275,599","330,011","20,145","87,811",0.2102,0.8134,3.0569
21,0.3105,0.3129,"8,771","1,000",0.1023,"284,370","321,240","21,145","86,811",0.2127,0.8041,2.9757
22,0.3129,0.3150,"7,989","1,000",0.1112,"292,359","313,251","22,145","85,811",0.2150,0.7949,2.9017
23,0.3150,0.3174,"8,465","1,000",0.1057,"300,824","304,786","23,145","84,811",0.2177,0.7856,2.8232
24,0.3174,0.3196,"8,211","1,000",0.1086,"309,035","296,575","24,145","83,811",0.2203,0.7763,2.7472
25,0.3196,0.3217,"7,816","1,000",0.1134,"316,851","288,759","25,145","82,811",0.2229,0.7671,2.6748
26,0.3217,0.3238,"7,561","1,000",0.1168,"324,412","281,198","26,145","81,811",0.2254,0.7578,2.6047
27,0.3238,0.3257,"7,024","1,000",0.1246,"331,436","274,174","27,145","80,811",0.2276,0.7486,2.5397
28,0.3257,0.3277,"7,072","1,000",0.1239,"338,508","267,102","28,145","79,811",0.2301,0.7393,2.4742
29,0.3277,0.3296,"6,466","1,000",0.1339,"344,974","260,636","29,145","78,811",0.2322,0.7300,2.4143
30,0.3296,0.3315,"6,962","1,000",0.1256,"351,936","253,674","30,145","77,811",0.2347,0.7208,2.3498
31,0.3315,0.3334,"6,379","1,000",0.1355,"358,315","247,295","31,145","76,811",0.2370,0.7115,2.2907
32,0.3334,0.3352,"6,362","1,000",0.1358,"364,677","240,933","32,145","75,811",0.2393,0.7022,2.2318
33,0.3352,0.3372,"6,911","1,000",0.1264,"371,588","234,022","33,145","74,811",0.2422,0.6930,2.1678
34,0.3372,0.3390,"5,966","1,000",0.1436,"377,554","228,056","34,145","73,811",0.2445,0.6837,2.1125
35,0.3390,0.3409,"6,304","1,000",0.1369,"383,858","221,752","35,145","72,811",0.2472,0.6745,2.0541
36,0.3409,0.3426,"5,613","1,000",0.1512,"389,471","216,139","36,145","71,811",0.2494,0.6652,2.0021
37,0.3426,0.3445,"6,244","1,000",0.1380,"395,715","209,895","37,145","70,811",0.2523,0.6559,1.9443
38,0.3445,0.3463,"5,575","1,000",0.1521,"401,290","204,320","38,145","69,811",0.2547,0.6467,1.8926
39,0.3463,0.3481,"5,546","1,000",0.1528,"406,836","198,774","39,145","68,811",0.2572,0.6374,1.8413
40,0.3481,0.3498,"5,367","1,000",0.1571,"412,203","193,407","40,145","67,811",0.2596,0.6281,1.7915
41,0.3498,0.3515,"5,230","1,000",0.1605,"417,433","188,177","41,145","66,811",0.2620,0.6189,1.7431
42,0.3515,0.3533,"5,415","1,000",0.1559,"422,848","182,762","42,145","65,811",0.2648,0.6096,1.6929
43,0.3533,0.3551,"5,439","1,000",0.1553,"428,287","177,323","43,145","64,811",0.2677,0.6003,1.6425
44,0.3551,0.3569,"4,983","1,000",0.1671,"433,270","172,340","44,145","63,811",0.2702,0.5911,1.5964
45,0.3569,0.3586,"4,796","1,000",0.1725,"438,066","167,544","45,145","62,811",0.2727,0.5818,1.5520
46,0.3586,0.3602,"4,653","1,000",0.1769,"442,719","162,891","46,145","61,811",0.2751,0.5726,1.5089
47,0.3602,0.3620,"4,784","1,000",0.1729,"447,503","158,107","47,145","60,811",0.2778,0.5633,1.4646
48,0.3620,0.3638,"4,773","1,001",0.1734,"452,276","153,334","48,146","59,810",0.2806,0.5540,1.4203
49,0.3638,0.3656,"4,796","1,000",0.1725,"457,072","148,538","49,146","58,810",0.2836,0.5448,1.3759
50,0.3656,0.3674,"4,633","1,000",0.1775,"461,705","143,905","50,146","57,810",0.2866,0.5355,1.3330
51,0.3674,0.3692,"4,524","1,000",0.1810,"466,229","139,381","51,146","56,810",0.2896,0.5262,1.2911
52,0.3692,0.3710,"4,475","1,000",0.1826,"470,704","134,906","52,146","55,810",0.2926,0.5170,1.2496
53,0.3710,0.3728,"4,182","1,000",0.1930,"474,886","130,724","53,146","54,810",0.2954,0.5077,1.2109
54,0.3728,0.3745,"4,050","1,001",0.1982,"478,936","126,674","54,147","53,809",0.2981,0.4984,1.1734
55,0.3745,0.3763,"4,108","1,000",0.1958,"483,044","122,566","55,147","52,809",0.3011,0.4892,1.1353
56,0.3763,0.3781,"3,963","1,000",0.2015,"487,007","118,603","56,147","51,809",0.3040,0.4799,1.0986
57,0.3781,0.3799,"3,951","1,000",0.2020,"490,958","114,652","57,147","50,809",0.3071,0.4706,1.0620
58,0.3799,0.3817,"4,006","1,000",0.1998,"494,964","110,646","58,147","49,809",0.3104,0.4614,1.0249
59,0.3817,0.3835,"3,808","1,000",0.2080,"498,772","106,838","59,147","48,809",0.3136,0.4521,0.9896
60,0.3835,0.3854,"3,929","1,000",0.2029,"502,701","102,909","60,147","47,809",0.3172,0.4429,0.9532
61,0.3854,0.3874,"3,817","1,000",0.2076,"506,518","99,092","61,147","46,809",0.3208,0.4336,0.9179
62,0.3874,0.3892,"3,440","1,000",0.2252,"509,958","95,652","62,147","45,809",0.3238,0.4243,0.8860
63,0.3892,0.3911,"3,564","1,000",0.2191,"513,522","92,088","63,147","44,809",0.3273,0.4151,0.8530
64,0.3911,0.3931,"3,529","1,000",0.2208,"517,051","88,559","64,147","43,809",0.3310,0.4058,0.8203
65,0.3931,0.3952,"3,412","1,000",0.2267,"520,463","85,147","65,147","42,809",0.3346,0.3965,0.7887
66,0.3952,0.3971,"3,257","1,000",0.2349,"523,720","81,890","66,147","41,809",0.3380,0.3873,0.7585
67,0.3971,0.3991,"3,134","1,000",0.2419,"526,854","78,756","67,147","40,809",0.3413,0.3780,0.7295
68,0.3991,0.4012,"3,166","1,000",0.2400,"530,020","75,590","68,147","39,809",0.3450,0.3688,0.7002
69,0.4012,0.4034,"3,222","1,000",0.2369,"533,242","72,368","69,147","38,809",0.3491,0.3595,0.6703
70,0.4034,0.4054,"3,026","1,000",0.2484,"536,268","69,342","70,147","37,809",0.3529,0.3502,0.6423
71,0.4054,0.4075,"2,912","1,000",0.2556,"539,180","66,430","71,147","36,809",0.3565,0.3410,0.6153
72,0.4075,0.4099,"3,144","1,000",0.2413,"542,324","63,286","72,147","35,809",0.3614,0.3317,0.5862
73,0.4099,0.4120,"2,653","1,000",0.2737,"544,977","60,633","73,147","34,809",0.3647,0.3224,0.5616
74,0.4120,0.4140,"2,588","1,000",0.2787,"547,565","58,045","74,147","33,809",0.3681,0.3132,0.5377
75,0.4140,0.4164,"2,738","1,000",0.2675,"550,303","55,307","75,147","32,809",0.3723,0.3039,0.5123
76,0.4164,0.4188,"2,743","1,000",0.2672,"553,046","52,564","76,147","31,809",0.3770,0.2946,0.4869
77,0.4188,0.4212,"2,550","1,000",0.2817,"555,596","50,014","77,147","30,809",0.3812,0.2854,0.4633
78,0.4212,0.4236,"2,452","1,000",0.2897,"558,048","47,562","78,147","29,809",0.3853,0.2761,0.4406
79,0.4236,0.4262,"2,597","1,000",0.2780,"560,645","44,965","79,147","28,809",0.3905,0.2669,0.4165
80,0.4262,0.4289,"2,519","1,000",0.2842,"563,164","42,446","80,147","27,809",0.3958,0.2576,0.3932
81,0.4289,0.4313,"2,251","1,000",0.3076,"565,415","40,195","81,147","26,809",0.4001,0.2483,0.3723
82,0.4313,0.4339,"2,304","1,000",0.3027,"567,719","37,891","82,147","25,809",0.4052,0.2391,0.3510
83,0.4339,0.4367,"2,266","1,000",0.3062,"569,985","35,625","83,147","24,809",0.4105,0.2298,0.3300
84,0.4367,0.4395,"2,196","1,000",0.3129,"572,181","33,429","84,147","23,809",0.4160,0.2205,0.3097
85,0.4395,0.4423,"2,031","1,000",0.3299,"574,212","31,398","85,147","22,809",0.4208,0.2113,0.2908
86,0.4424,0.4453,"2,031","1,000",0.3299,"576,243","29,367","86,147","21,809",0.4262,0.2020,0.2720
87,0.4453,0.4484,"1,923","1,000",0.3421,"578,166","27,444","87,147","20,809",0.4312,0.1928,0.2542
88,0.4484,0.4517,"2,001","1,000",0.3332,"580,167","25,443","88,147","19,809",0.4377,0.1835,0.2357
89,0.4517,0.4549,"1,830","1,000",0.3534,"581,997","23,613","89,147","18,809",0.4434,0.1742,0.2187
90,0.4549,0.4583,"1,764","1,000",0.3618,"583,761","21,849","90,147","17,809",0.4491,0.1650,0.2024
91,0.4583,0.4615,"1,688","1,000",0.3720,"585,449","20,161","91,147","16,809",0.4547,0.1557,0.1868
92,0.4615,0.4651,"1,629","1,000",0.3804,"587,078","18,532","92,147","15,809",0.4604,0.1464,0.1717
93,0.4651,0.4687,"1,539","1,000",0.3939,"588,617","16,993","93,147","14,809",0.4657,0.1372,0.1574
94,0.4687,0.4724,"1,521","1,000",0.3967,"590,138","15,472","94,147","13,809",0.4716,0.1279,0.1433
95,0.4724,0.4764,"1,480","1,000",0.4032,"591,618","13,992","95,147","12,809",0.4779,0.1187,0.1296
96,0.4764,0.4805,"1,377","1,000",0.4207,"592,995","12,615","96,147","11,809",0.4835,0.1094,0.1169
97,0.4805,0.4850,"1,397","1,000",0.4172,"594,392","11,218","97,147","10,809",0.4907,0.1001,0.1039
98,0.4850,0.4897,"1,303","1,000",0.4342,"595,695","9,915","98,147","9,809",0.4973,0.0909,0.0918
99,0.4897,0.4948,"1,310","1,000",0.4329,"597,005","8,605","99,147","8,809",0.5059,0.0816,0.0797
100,0.4948,0.5002,"1,225","1,000",0.4494,"598,230","7,380","100,147","7,809",0.5141,0.0723,0.0684
101,0.5002,0.5060,"1,171","1,000",0.4606,"599,401","6,209","101,147","6,809",0.5230,0.0631,0.0575
102,0.5060,0.5124,"1,123","1,000",0.4710,"600,524","5,086","102,147","5,809",0.5332,0.0538,0.0471
103,0.5124,0.5199,"1,086","1,000",0.4794,"601,610","4,000","103,147","4,809",0.5459,0.0445,0.0371
104,0.5199,0.5280,"1,000","1,000",0.5000,"602,610","3,000","104,147","3,809",0.5594,0.0353,0.0278
105,0.5280,0.5392,"1,000","1,114",0.5270,"603,610","2,000","105,261","2,695",0.5740,0.0250,0.0185
106,0.5392,0.5560,"1,000","1,206",0.5467,"604,610","1,000","106,467","1,489",0.5982,0.0138,0.0093
107,0.5560,0.7364,"1,000","1,489",0.5982,"605,610",0,"107,956",0,nan,0.0000,0.0000
