p,Neg,Pos,$\frac{\text{Pos}}{\text{Neg}+\text{Pos}}$,TN,FP,FN,TP,Prec,Rec,$\frac{\text{FP}}{\text{P}}$
0.0,"30,282","1,286",0.04,"30,282","575,328","1,286","106,670",0.16,0.99,5.33
0.1,"83,472","5,584",0.06,"113,754","491,856","6,870","101,086",0.17,0.94,4.56
0.2,"87,368","9,369",0.10,"201,122","404,488","16,239","91,717",0.18,0.85,3.75
0.3,"114,177","15,846",0.12,"315,299","290,311","32,085","75,871",0.21,0.70,2.69
0.4,"90,351","15,833",0.15,"405,650","199,960","47,918","60,038",0.23,0.56,1.85
0.5,"62,503","13,431",0.18,"468,153","137,457","61,349","46,607",0.25,0.43,1.27
0.6,"43,235","11,345",0.21,"511,388","94,222","72,694","35,262",0.27,0.33,0.87
0.7,"33,165","10,132",0.23,"544,553","61,057","82,826","25,130",0.29,0.23,0.57
0.8,"25,076","8,872",0.26,"569,629","35,981","91,698","16,258",0.31,0.15,0.33
0.9,"16,554","6,469",0.28,"586,183","19,427","98,167","9,789",0.34,0.09,0.18
1.0,"19,427","9,789",0.34,"605,610",0,"107,956",0,nan,0.00,0.00
