p,Neg,Pos,$\frac{\text{Pos}}{\text{Neg}+\text{Pos}}$,TN,FP,FN,TP,Prec,Rec,$\frac{\text{FP}}{\text{P}}$
0.0,"60,561","2,144",0.03,"60,561","545,049","2,144","105,812",0.16,0.98,5.05
0.05,"31,670","1,663",0.05,"92,231","513,379","3,807","104,149",0.17,0.96,4.76
0.1,"37,999","2,516",0.06,"130,230","475,380","6,323","101,633",0.18,0.94,4.40
0.15,"43,538","3,445",0.07,"173,768","431,842","9,768","98,188",0.19,0.91,4.00
0.2,"47,081","4,335",0.08,"220,849","384,761","14,103","93,853",0.20,0.87,3.56
0.25,"48,549","5,336",0.10,"269,398","336,212","19,439","88,517",0.21,0.82,3.11
0.3,"47,977","5,911",0.11,"317,375","288,235","25,350","82,606",0.22,0.77,2.67
0.35,"45,489","6,513",0.13,"362,864","242,746","31,863","76,093",0.24,0.70,2.25
0.4,"41,566","6,992",0.14,"404,430","201,180","38,855","69,101",0.26,0.64,1.86
0.45,"36,407","6,800",0.16,"440,837","164,773","45,655","62,301",0.27,0.58,1.53
0.5,"31,484","6,856",0.18,"472,321","133,289","52,511","55,445",0.29,0.51,1.23
0.55,"26,076","6,493",0.20,"498,397","107,213","59,004","48,952",0.31,0.45,0.99
0.6,"21,532","6,036",0.22,"519,929","85,681","65,040","42,916",0.33,0.40,0.79
0.65,"17,356","5,500",0.24,"537,285","68,325","70,540","37,416",0.35,0.35,0.63
0.7,"14,478","5,057",0.26,"551,763","53,847","75,597","32,359",0.38,0.30,0.50
0.75,"11,546","4,648",0.29,"563,309","42,301","80,245","27,711",0.40,0.26,0.39
0.8,"9,384","4,181",0.31,"572,693","32,917","84,426","23,530",0.42,0.22,0.30
0.85,"7,484","3,815",0.34,"580,177","25,433","88,241","19,715",0.44,0.18,0.24
0.9,"5,849","3,393",0.37,"586,026","19,584","91,634","16,322",0.45,0.15,0.18
0.95,"4,865","2,993",0.38,"590,891","14,719","94,627","13,329",0.48,0.12,0.14
1.0,"14,719","13,329",0.48,"605,610",0,"107,956",0,nan,0.00,0.00
