,min,max,Neg,Pos,$\frac{\text{Pos}}{\text{Neg}+\text{Pos}}$,TN,FP,FN,TP,Prec,Rec,FP/P
0,0.0000,0.0488,"24,484",264,0.0107,"24,484","581,126",264,"107,692",0.1563,0.9976,5.3830
1,0.0488,0.1115,"53,782","1,000",0.0183,"78,266","527,344","1,264","106,692",0.1683,0.9883,4.8848
2,0.1115,0.1457,"32,193","1,000",0.0301,"110,459","495,151","2,264","105,692",0.1759,0.9790,4.5866
3,0.1457,0.1728,"25,810","1,000",0.0373,"136,269","469,341","3,264","104,692",0.1824,0.9698,4.3475
4,0.1728,0.1961,"22,317","1,000",0.0429,"158,586","447,024","4,264","103,692",0.1883,0.9605,4.1408
5,0.1961,0.2170,"19,861","1,000",0.0479,"178,447","427,163","5,264","102,692",0.1938,0.9512,3.9568
6,0.2170,0.2371,"18,943","1,000",0.0501,"197,390","408,220","6,264","101,692",0.1994,0.9420,3.7814
7,0.2371,0.2536,"15,488","1,000",0.0607,"212,878","392,732","7,264","100,692",0.2041,0.9327,3.6379
8,0.2536,0.2696,"15,151","1,000",0.0619,"228,029","377,581","8,264","99,692",0.2089,0.9235,3.4975
9,0.2696,0.2839,"12,945","1,000",0.0717,"240,974","364,636","9,264","98,692",0.2130,0.9142,3.3776
10,0.2839,0.2976,"12,386","1,000",0.0747,"253,360","352,250","10,264","97,692",0.2171,0.9049,3.2629
11,0.2976,0.3110,"12,073","1,000",0.0765,"265,433","340,177","11,264","96,692",0.2213,0.8957,3.1511
12,0.3110,0.3235,"11,340","1,000",0.0810,"276,773","328,837","12,264","95,692",0.2254,0.8864,3.0460
13,0.3235,0.3357,"10,842","1,000",0.0844,"287,615","317,995","13,264","94,692",0.2295,0.8771,2.9456
14,0.3357,0.3474,"10,356","1,000",0.0881,"297,971","307,639","14,264","93,692",0.2335,0.8679,2.8497
15,0.3474,0.3587,"9,948","1,000",0.0913,"307,919","297,691","15,264","92,692",0.2374,0.8586,2.7575
16,0.3587,0.3698,"9,595","1,000",0.0944,"317,514","288,096","16,264","91,692",0.2414,0.8493,2.6686
17,0.3698,0.3807,"9,285","1,000",0.0972,"326,799","278,811","17,264","90,692",0.2454,0.8401,2.5826
18,0.3807,0.3910,"8,798","1,000",0.1021,"335,597","270,013","18,264","89,692",0.2493,0.8308,2.5011
19,0.3910,0.4009,"8,346","1,000",0.1070,"343,943","261,667","19,264","88,692",0.2531,0.8216,2.4238
20,0.4009,0.4106,"8,046","1,000",0.1105,"351,989","253,621","20,264","87,692",0.2569,0.8123,2.3493
21,0.4106,0.4206,"8,356","1,000",0.1069,"360,345","245,265","21,264","86,692",0.2612,0.8030,2.2719
22,0.4206,0.4294,"7,163","1,000",0.1225,"367,508","238,102","22,264","85,692",0.2646,0.7938,2.2055
23,0.4294,0.4378,"6,693","1,000",0.1300,"374,201","231,409","23,264","84,692",0.2679,0.7845,2.1435
24,0.4378,0.4464,"6,797","1,000",0.1283,"380,998","224,612","24,264","83,692",0.2715,0.7752,2.0806
25,0.4464,0.4552,"6,765","1,000",0.1288,"387,763","217,847","25,264","82,692",0.2751,0.7660,2.0179
26,0.4552,0.4637,"6,579","1,000",0.1319,"394,342","211,268","26,264","81,692",0.2789,0.7567,1.9570
27,0.4637,0.4721,"6,457","1,000",0.1341,"400,799","204,811","27,264","80,692",0.2826,0.7475,1.8972
28,0.4721,0.4804,"6,277","1,000",0.1374,"407,076","198,534","28,264","79,692",0.2864,0.7382,1.8390
29,0.4804,0.4882,"5,805","1,000",0.1470,"412,881","192,729","29,264","78,692",0.2899,0.7289,1.7853
30,0.4882,0.4959,"5,904","1,000",0.1448,"418,785","186,825","30,264","77,692",0.2937,0.7197,1.7306
31,0.4959,0.5038,"5,678","1,000",0.1497,"424,463","181,147","31,264","76,692",0.2974,0.7104,1.6780
32,0.5038,0.5110,"5,244","1,000",0.1602,"429,707","175,903","32,264","75,692",0.3008,0.7011,1.6294
33,0.5110,0.5180,"4,889","1,000",0.1698,"434,596","171,014","33,264","74,692",0.3040,0.6919,1.5841
34,0.5180,0.5250,"5,111","1,000",0.1636,"439,707","165,903","34,264","73,692",0.3076,0.6826,1.5368
35,0.5250,0.5321,"4,958","1,000",0.1678,"444,665","160,945","35,264","72,692",0.3111,0.6733,1.4908
36,0.5321,0.5391,"4,936","1,000",0.1685,"449,601","156,009","36,264","71,692",0.3149,0.6641,1.4451
37,0.5391,0.5461,"4,765","1,000",0.1735,"454,366","151,244","37,264","70,692",0.3185,0.6548,1.4010
38,0.5461,0.5531,"4,735","1,000",0.1744,"459,101","146,509","38,264","69,692",0.3223,0.6456,1.3571
39,0.5531,0.5596,"4,356","1,000",0.1867,"463,457","142,153","39,264","68,692",0.3258,0.6363,1.3168
40,0.5596,0.5663,"4,398","1,000",0.1853,"467,855","137,755","40,264","67,692",0.3295,0.6270,1.2760
41,0.5663,0.5726,"4,104","1,000",0.1959,"471,959","133,651","41,264","66,692",0.3329,0.6178,1.2380
42,0.5726,0.5790,"4,099","1,000",0.1961,"476,058","129,552","42,264","65,692",0.3365,0.6085,1.2000
43,0.5790,0.5853,"3,977","1,000",0.2009,"480,035","125,575","43,264","64,692",0.3400,0.5992,1.1632
44,0.5853,0.5916,"4,003","1,000",0.1999,"484,038","121,572","44,264","63,692",0.3438,0.5900,1.1261
45,0.5916,0.5976,"3,730","1,000",0.2114,"487,768","117,842","45,264","62,692",0.3473,0.5807,1.0916
46,0.5976,0.6041,"3,986","1,000",0.2006,"491,754","113,856","46,264","61,692",0.3514,0.5715,1.0547
47,0.6041,0.6102,"3,741","1,000",0.2109,"495,495","110,115","47,264","60,692",0.3553,0.5622,1.0200
48,0.6102,0.6163,"3,657","1,000",0.2147,"499,152","106,458","48,264","59,692",0.3593,0.5529,0.9861
49,0.6163,0.6221,"3,435","1,000",0.2255,"502,587","103,023","49,264","58,692",0.3629,0.5437,0.9543
50,0.6221,0.6284,"3,628","1,000",0.2161,"506,215","99,395","50,264","57,692",0.3673,0.5344,0.9207
51,0.6284,0.6344,"3,566","1,000",0.2190,"509,781","95,829","51,264","56,692",0.3717,0.5251,0.8877
52,0.6344,0.6402,"3,284","1,000",0.2334,"513,065","92,545","52,264","55,692",0.3757,0.5159,0.8572
53,0.6402,0.6462,"3,245","1,000",0.2356,"516,310","89,300","53,264","54,692",0.3798,0.5066,0.8272
54,0.6462,0.6520,"3,122","1,000",0.2426,"519,432","86,178","54,264","53,692",0.3839,0.4974,0.7983
55,0.6520,0.6578,"3,181","1,000",0.2392,"522,613","82,997","55,264","52,692",0.3883,0.4881,0.7688
56,0.6578,0.6635,"2,928","1,000",0.2546,"525,541","80,069","56,264","51,692",0.3923,0.4788,0.7417
57,0.6635,0.6693,"3,013","1,000",0.2492,"528,554","77,056","57,264","50,692",0.3968,0.4696,0.7138
58,0.6693,0.6749,"2,738","1,000",0.2675,"531,292","74,318","58,264","49,692",0.4007,0.4603,0.6884
59,0.6749,0.6806,"2,765","1,000",0.2656,"534,057","71,553","59,264","48,692",0.4049,0.4510,0.6628
60,0.6806,0.6865,"2,906","1,000",0.2560,"536,963","68,647","60,264","47,692",0.4099,0.4418,0.6359
61,0.6865,0.6923,"2,852","1,000",0.2596,"539,815","65,795","61,264","46,692",0.4151,0.4325,0.6095
62,0.6923,0.6980,"2,739","1,000",0.2675,"542,554","63,056","62,264","45,692",0.4202,0.4232,0.5841
63,0.6980,0.7036,"2,448","1,000",0.2900,"545,002","60,608","63,264","44,692",0.4244,0.4140,0.5614
64,0.7036,0.7092,"2,503","1,000",0.2855,"547,505","58,105","64,264","43,692",0.4292,0.4047,0.5382
65,0.7092,0.7150,"2,527","1,000",0.2835,"550,032","55,578","65,264","42,692",0.4344,0.3955,0.5148
66,0.7150,0.7206,"2,415","1,000",0.2928,"552,447","53,163","66,264","41,692",0.4395,0.3862,0.4925
67,0.7206,0.7260,"2,282","1,000",0.3047,"554,729","50,881","67,264","40,692",0.4444,0.3769,0.4713
68,0.7260,0.7318,"2,427","1,000",0.2918,"557,156","48,454","68,264","39,692",0.4503,0.3677,0.4488
69,0.7318,0.7376,"2,336","1,000",0.2998,"559,492","46,118","69,264","38,692",0.4562,0.3584,0.4272
70,0.7376,0.7431,"2,092","1,000",0.3234,"561,584","44,026","70,264","37,692",0.4612,0.3491,0.4078
71,0.7431,0.7488,"2,206","1,000",0.3119,"563,790","41,820","71,264","36,692",0.4673,0.3399,0.3874
72,0.7488,0.7545,"2,087","1,000",0.3239,"565,877","39,733","72,264","35,692",0.4732,0.3306,0.3680
73,0.7545,0.7606,"2,093","1,000",0.3233,"567,970","37,640","73,264","34,692",0.4796,0.3214,0.3487
74,0.7606,0.7658,"1,818","1,000",0.3549,"569,788","35,822","74,264","33,692",0.4847,0.3121,0.3318
75,0.7658,0.7716,"1,923","1,000",0.3421,"571,711","33,899","75,264","32,692",0.4909,0.3028,0.3140
76,0.7716,0.7772,"1,880","1,000",0.3472,"573,591","32,019","76,264","31,692",0.4974,0.2936,0.2966
77,0.7772,0.7829,"1,767","1,000",0.3614,"575,358","30,252","77,264","30,692",0.5036,0.2843,0.2802
78,0.7829,0.7882,"1,642","1,000",0.3785,"577,000","28,610","78,264","29,692",0.5093,0.2750,0.2650
79,0.7882,0.7936,"1,587","1,000",0.3865,"578,587","27,023","79,264","28,692",0.5150,0.2658,0.2503
80,0.7936,0.7991,"1,567","1,000",0.3896,"580,154","25,456","80,264","27,692",0.5210,0.2565,0.2358
81,0.7991,0.8044,"1,582","1,000",0.3873,"581,736","23,874","81,264","26,692",0.5279,0.2472,0.2211
82,0.8044,0.8099,"1,494","1,000",0.4010,"583,230","22,380","82,264","25,692",0.5344,0.2380,0.2073
83,0.8099,0.8156,"1,483","1,000",0.4027,"584,713","20,897","83,264","24,692",0.5416,0.2287,0.1936
84,0.8156,0.8210,"1,405","1,000",0.4158,"586,118","19,492","84,264","23,692",0.5486,0.2195,0.1806
85,0.8210,0.8266,"1,317","1,000",0.4316,"587,435","18,175","85,264","22,692",0.5553,0.2102,0.1684
86,0.8266,0.8321,"1,215","1,000",0.4515,"588,650","16,960","86,264","21,692",0.5612,0.2009,0.1571
87,0.8321,0.8377,"1,238","1,000",0.4468,"589,888","15,722","87,264","20,692",0.5682,0.1917,0.1456
88,0.8377,0.8436,"1,210","1,000",0.4525,"591,098","14,512","88,264","19,692",0.5757,0.1824,0.1344
89,0.8436,0.8495,"1,201","1,000",0.4543,"592,299","13,311","89,264","18,692",0.5841,0.1731,0.1233
90,0.8495,0.8555,"1,147","1,000",0.4658,"593,446","12,164","90,264","17,692",0.5926,0.1639,0.1127
91,0.8555,0.8619,"1,123","1,000",0.4710,"594,569","11,041","91,264","16,692",0.6019,0.1546,0.1023
92,0.8619,0.8679,"1,041","1,000",0.4900,"595,610","10,000","92,264","15,692",0.6108,0.1454,0.0926
93,0.8679,0.8744,"1,000","1,097",0.5231,"596,610","9,000","93,361","14,595",0.6186,0.1352,0.0834
94,0.8744,0.8811,"1,000","1,038",0.5093,"597,610","8,000","94,399","13,557",0.6289,0.1256,0.0741
95,0.8811,0.8882,"1,000","1,099",0.5236,"598,610","7,000","95,498","12,458",0.6403,0.1154,0.0648
96,0.8882,0.8959,"1,000","1,220",0.5495,"599,610","6,000","96,718","11,238",0.6519,0.1041,0.0556
97,0.8959,0.9043,"1,000","1,245",0.5546,"600,610","5,000","97,963","9,993",0.6665,0.0926,0.0463
98,0.9044,0.9135,"1,000","1,328",0.5704,"601,610","4,000","99,291","8,665",0.6842,0.0803,0.0371
99,0.9135,0.9246,"1,000","1,613",0.6173,"602,610","3,000","100,904","7,052",0.7016,0.0653,0.0278
100,0.9246,0.9382,"1,000","1,969",0.6632,"603,610","2,000","102,873","5,083",0.7176,0.0471,0.0185
101,0.9382,0.9541,"1,000","2,254",0.6927,"604,610","1,000","105,127","2,829",0.7388,0.0262,0.0093
102,0.9541,0.9993,"1,000","2,829",0.7388,"605,610",0,"107,956",0,nan,0.0000,0.0000
