p,Neg,Pos,$\frac{\text{Pos}}{\text{Neg}+\text{Pos}}$,TN,FP,FN,TP,Prec,Rec,$\frac{\text{FP}}{\text{P}}$
0.0,"30,283","1,324",0.04,"30,283","575,327","1,324","106,632",0.16,0.99,5.33
0.1,"43,958","2,688",0.06,"74,241","531,369","4,012","103,944",0.16,0.96,4.92
0.2,"50,243","3,914",0.07,"124,484","481,126","7,926","100,030",0.17,0.93,4.46
0.3,"70,897","7,650",0.10,"195,381","410,229","15,576","92,380",0.18,0.86,3.80
0.4,"98,217","13,345",0.12,"293,598","312,012","28,921","79,035",0.20,0.73,2.89
0.5,"92,316","15,317",0.14,"385,914","219,696","44,238","63,718",0.22,0.59,2.04
0.6,"71,333","14,547",0.17,"457,247","148,363","58,785","49,171",0.25,0.46,1.37
0.7,"54,122","13,850",0.20,"511,369","94,241","72,635","35,321",0.27,0.33,0.87
0.8,"41,710","12,931",0.24,"553,079","52,531","85,566","22,390",0.30,0.21,0.49
0.9,"27,708","10,608",0.28,"580,787","24,823","96,174","11,782",0.32,0.11,0.23
1.0,"24,823","11,782",0.32,"605,610",0,"107,956",0,nan,0.00,0.00
