,min,max,Neg,Pos,$\frac{\text{Pos}}{\text{Neg}+\text{Pos}}$,TN,FP,FN,TP,Prec,Rec,FP/P
0,0.0564,0.1413,"14,770",558,0.0364,"14,770","590,840",558,"107,398",0.1538,0.9948,5.4730
1,0.1414,0.1536,"17,180",801,0.0445,"31,950","573,660","1,359","106,597",0.1567,0.9874,5.3138
2,0.1537,0.1613,"14,466",801,0.0525,"46,416","559,194","2,160","105,796",0.1591,0.9800,5.1798
3,0.1613,0.1684,"13,244",800,0.0570,"59,660","545,950","2,960","104,996",0.1613,0.9726,5.0572
4,0.1684,0.1742,"12,201",800,0.0615,"71,861","533,749","3,760","104,196",0.1633,0.9652,4.9441
5,0.1742,0.1798,"11,403",801,0.0656,"83,264","522,346","4,561","103,395",0.1652,0.9578,4.8385
6,0.1798,0.1850,"11,692",803,0.0643,"94,956","510,654","5,364","102,592",0.1673,0.9503,4.7302
7,0.1850,0.1902,"10,146",801,0.0732,"105,102","500,508","6,165","101,791",0.1690,0.9429,4.6362
8,0.1902,0.1952,"9,900",800,0.0748,"115,002","490,608","6,965","100,991",0.1707,0.9355,4.5445
9,0.1952,0.1997,"9,088",800,0.0809,"124,090","481,520","7,765","100,191",0.1722,0.9281,4.4603
10,0.1997,0.2036,"8,295",803,0.0883,"132,385","473,225","8,568","99,388",0.1736,0.9206,4.3835
11,0.2036,0.2073,"8,191",800,0.0890,"140,576","465,034","9,368","98,588",0.1749,0.9132,4.3076
12,0.2073,0.2103,"7,487",800,0.0965,"148,063","457,547","10,168","97,788",0.1761,0.9058,4.2383
13,0.2103,0.2135,"7,969",800,0.0912,"156,032","449,578","10,968","96,988",0.1774,0.8984,4.1645
14,0.2135,0.2162,"7,493",801,0.0966,"163,525","442,085","11,769","96,187",0.1787,0.8910,4.0950
15,0.2162,0.2186,"7,194",800,0.1001,"170,719","434,891","12,569","95,387",0.1799,0.8836,4.0284
16,0.2186,0.2211,"7,218",800,0.0998,"177,937","427,673","13,369","94,587",0.1811,0.8762,3.9615
17,0.2211,0.2233,"6,820",800,0.1050,"184,757","420,853","14,169","93,787",0.1822,0.8688,3.8984
18,0.2233,0.2253,"6,821",800,0.1050,"191,578","414,032","14,969","92,987",0.1834,0.8613,3.8352
19,0.2253,0.2273,"6,439",800,0.1105,"198,017","407,593","15,769","92,187",0.1845,0.8539,3.7755
20,0.2273,0.2293,"6,784",801,0.1056,"204,801","400,809","16,570","91,386",0.1857,0.8465,3.7127
21,0.2293,0.2310,"6,359",803,0.1121,"211,160","394,450","17,373","90,583",0.1868,0.8391,3.6538
22,0.2310,0.2327,"6,499",800,0.1096,"217,659","387,951","18,173","89,783",0.1879,0.8317,3.5936
23,0.2327,0.2345,"6,292",802,0.1131,"223,951","381,659","18,975","88,981",0.1891,0.8242,3.5353
24,0.2345,0.2361,"6,051",801,0.1169,"230,002","375,608","19,776","88,180",0.1901,0.8168,3.4793
25,0.2361,0.2376,"6,047",800,0.1168,"236,049","369,561","20,576","87,380",0.1912,0.8094,3.4233
26,0.2376,0.2393,"6,160",800,0.1149,"242,209","363,401","21,376","86,580",0.1924,0.8020,3.3662
27,0.2393,0.2409,"5,567",803,0.1261,"247,776","357,834","22,179","85,777",0.1934,0.7946,3.3146
28,0.2409,0.2424,"5,700",801,0.1232,"253,476","352,134","22,980","84,976",0.1944,0.7871,3.2618
29,0.2424,0.2439,"5,742",800,0.1223,"259,218","346,392","23,780","84,176",0.1955,0.7797,3.2086
30,0.2439,0.2454,"5,892",802,0.1198,"265,110","340,500","24,582","83,374",0.1967,0.7723,3.1541
31,0.2454,0.2467,"5,550",801,0.1261,"270,660","334,950","25,383","82,573",0.1978,0.7649,3.1027
32,0.2467,0.2482,"5,527",805,0.1271,"276,187","329,423","26,188","81,768",0.1989,0.7574,3.0515
33,0.2482,0.2496,"5,871",804,0.1204,"282,058","323,552","26,992","80,964",0.2002,0.7500,2.9971
34,0.2496,0.2511,"5,824",801,0.1209,"287,882","317,728","27,793","80,163",0.2015,0.7426,2.9431
35,0.2511,0.2526,"5,524",800,0.1265,"293,406","312,204","28,593","79,363",0.2027,0.7351,2.8920
36,0.2526,0.2540,"5,442",800,0.1282,"298,848","306,762","29,393","78,563",0.2039,0.7277,2.8415
37,0.2540,0.2554,"5,490",800,0.1272,"304,338","301,272","30,193","77,763",0.2052,0.7203,2.7907
38,0.2554,0.2567,"5,360",800,0.1299,"309,698","295,912","30,993","76,963",0.2064,0.7129,2.7410
39,0.2567,0.2580,"4,873",800,0.1410,"314,571","291,039","31,793","76,163",0.2074,0.7055,2.6959
40,0.2580,0.2593,"4,910",801,0.1403,"319,481","286,129","32,594","75,362",0.2085,0.6981,2.6504
41,0.2593,0.2604,"4,813",801,0.1427,"324,294","281,316","33,395","74,561",0.2095,0.6907,2.6058
42,0.2604,0.2617,"4,922",808,0.1410,"329,216","276,394","34,203","73,753",0.2106,0.6832,2.5602
43,0.2617,0.2631,"4,932",802,0.1399,"334,148","271,462","35,005","72,951",0.2118,0.6757,2.5146
44,0.2631,0.2645,"4,579",802,0.1490,"338,727","266,883","35,807","72,149",0.2128,0.6683,2.4721
45,0.2645,0.2658,"4,578",800,0.1488,"343,305","262,305","36,607","71,349",0.2138,0.6609,2.4297
46,0.2658,0.2671,"4,707",803,0.1457,"348,012","257,598","37,410","70,546",0.2150,0.6535,2.3861
47,0.2671,0.2686,"4,342",800,0.1556,"352,354","253,256","38,210","69,746",0.2159,0.6461,2.3459
48,0.2686,0.2701,"4,773",801,0.1437,"357,127","248,483","39,011","68,945",0.2172,0.6386,2.3017
49,0.2701,0.2714,"4,827",800,0.1422,"361,954","243,656","39,811","68,145",0.2186,0.6312,2.2570
50,0.2714,0.2726,"4,517",801,0.1506,"366,471","239,139","40,612","67,344",0.2197,0.6238,2.2152
51,0.2726,0.2738,"4,321",800,0.1562,"370,792","234,818","41,412","66,544",0.2208,0.6164,2.1751
52,0.2738,0.2752,"4,449",800,0.1524,"375,241","230,369","42,212","65,744",0.2220,0.6090,2.1339
53,0.2752,0.2765,"4,587",801,0.1487,"379,828","225,782","43,013","64,943",0.2234,0.6016,2.0914
54,0.2765,0.2779,"4,511",802,0.1510,"384,339","221,271","43,815","64,141",0.2247,0.5941,2.0496
55,0.2779,0.2792,"4,176",800,0.1608,"388,515","217,095","44,615","63,341",0.2259,0.5867,2.0110
56,0.2792,0.2806,"4,300",800,0.1569,"392,815","212,795","45,415","62,541",0.2271,0.5793,1.9711
57,0.2806,0.2820,"4,203",800,0.1599,"397,018","208,592","46,215","61,741",0.2284,0.5719,1.9322
58,0.2820,0.2834,"4,334",803,0.1563,"401,352","204,258","47,018","60,938",0.2298,0.5645,1.8920
59,0.2834,0.2845,"3,774",800,0.1749,"405,126","200,484","47,818","60,138",0.2307,0.5571,1.8571
60,0.2845,0.2860,"4,010",800,0.1663,"409,136","196,474","48,618","59,338",0.2320,0.5496,1.8199
61,0.2860,0.2875,"4,090",805,0.1645,"413,226","192,384","49,423","58,533",0.2333,0.5422,1.7821
62,0.2875,0.2888,"3,976",801,0.1677,"417,202","188,408","50,224","57,732",0.2345,0.5348,1.7452
63,0.2888,0.2903,"3,981",801,0.1675,"421,183","184,427","51,025","56,931",0.2359,0.5274,1.7084
64,0.2903,0.2914,"3,854",801,0.1721,"425,037","180,573","51,826","56,130",0.2371,0.5199,1.6727
65,0.2914,0.2928,"3,885",800,0.1708,"428,922","176,688","52,626","55,330",0.2385,0.5125,1.6367
66,0.2928,0.2941,"3,757",800,0.1756,"432,679","172,931","53,426","54,530",0.2397,0.5051,1.6019
67,0.2941,0.2956,"3,723",800,0.1769,"436,402","169,208","54,226","53,730",0.2410,0.4977,1.5674
68,0.2956,0.2968,"3,580",804,0.1834,"439,982","165,628","55,030","52,926",0.2422,0.4903,1.5342
69,0.2968,0.2983,"3,550",800,0.1839,"443,532","162,078","55,830","52,126",0.2433,0.4828,1.5013
70,0.2983,0.2998,"3,327",802,0.1942,"446,859","158,751","56,632","51,324",0.2443,0.4754,1.4705
71,0.2998,0.3012,"3,826",800,0.1729,"450,685","154,925","57,432","50,524",0.2459,0.4680,1.4351
72,0.3012,0.3027,"3,359",800,0.1924,"454,044","151,566","58,232","49,724",0.2470,0.4606,1.4040
73,0.3027,0.3040,"3,438",805,0.1897,"457,482","148,128","59,037","48,919",0.2483,0.4531,1.3721
74,0.3040,0.3054,"3,491",800,0.1864,"460,973","144,637","59,837","48,119",0.2496,0.4457,1.3398
75,0.3054,0.3066,"3,081",803,0.2067,"464,054","141,556","60,640","47,316",0.2505,0.4383,1.3112
76,0.3066,0.3079,"3,258",800,0.1971,"467,312","138,298","61,440","46,516",0.2517,0.4309,1.2811
77,0.3079,0.3095,"3,402",800,0.1904,"470,714","134,896","62,240","45,716",0.2531,0.4235,1.2495
78,0.3095,0.3109,"3,311",801,0.1948,"474,025","131,585","63,041","44,915",0.2545,0.4160,1.2189
79,0.3109,0.3123,"3,330",800,0.1937,"477,355","128,255","63,841","44,115",0.2559,0.4086,1.1880
80,0.3123,0.3137,"3,264",800,0.1969,"480,619","124,991","64,641","43,315",0.2574,0.4012,1.1578
81,0.3137,0.3151,"3,250",801,0.1977,"483,869","121,741","65,442","42,514",0.2588,0.3938,1.1277
82,0.3151,0.3168,"3,207",800,0.1997,"487,076","118,534","66,242","41,714",0.2603,0.3864,1.0980
83,0.3168,0.3182,"2,973",801,0.2122,"490,049","115,561","67,043","40,913",0.2615,0.3790,1.0704
84,0.3182,0.3199,"3,208",801,0.1998,"493,257","112,353","67,844","40,112",0.2631,0.3716,1.0407
85,0.3200,0.3215,"3,190",808,0.2021,"496,447","109,163","68,652","39,304",0.2647,0.3641,1.0112
86,0.3215,0.3228,"2,824",801,0.2210,"499,271","106,339","69,453","38,503",0.2658,0.3567,0.9850
87,0.3228,0.3243,"2,983",802,0.2119,"502,254","103,356","70,255","37,701",0.2673,0.3492,0.9574
88,0.3243,0.3256,"2,824",800,0.2208,"505,078","100,532","71,055","36,901",0.2685,0.3418,0.9312
89,0.3256,0.3270,"2,886",802,0.2175,"507,964","97,646","71,857","36,099",0.2699,0.3344,0.9045
90,0.3270,0.3285,"2,921",802,0.2154,"510,885","94,725","72,659","35,297",0.2715,0.3270,0.8774
91,0.3285,0.3299,"2,736",802,0.2267,"513,621","91,989","73,461","34,495",0.2727,0.3195,0.8521
92,0.3299,0.3313,"2,602",802,0.2356,"516,223","89,387","74,263","33,693",0.2737,0.3121,0.8280
93,0.3313,0.3327,"2,914",804,0.2162,"519,137","86,473","75,067","32,889",0.2755,0.3047,0.8010
94,0.3327,0.3342,"2,856",801,0.2190,"521,993","83,617","75,868","32,088",0.2773,0.2972,0.7745
95,0.3342,0.3359,"2,818",812,0.2237,"524,811","80,799","76,680","31,276",0.2791,0.2897,0.7484
96,0.3359,0.3373,"2,578",800,0.2368,"527,389","78,221","77,480","30,476",0.2804,0.2823,0.7246
97,0.3373,0.3388,"2,646",801,0.2324,"530,035","75,575","78,281","29,675",0.2819,0.2749,0.7001
98,0.3388,0.3403,"2,583",805,0.2376,"532,618","72,992","79,086","28,870",0.2834,0.2674,0.6761
99,0.3403,0.3418,"2,546",800,0.2391,"535,164","70,446","79,886","28,070",0.2849,0.2600,0.6525
100,0.3418,0.3433,"2,366",800,0.2527,"537,530","68,080","80,686","27,270",0.2860,0.2526,0.6306
101,0.3433,0.3449,"2,576",805,0.2381,"540,106","65,504","81,491","26,465",0.2878,0.2451,0.6068
102,0.3449,0.3465,"2,339",800,0.2549,"542,445","63,165","82,291","25,665",0.2889,0.2377,0.5851
103,0.3465,0.3481,"2,382",804,0.2524,"544,827","60,783","83,095","24,861",0.2903,0.2303,0.5630
104,0.3481,0.3498,"2,417",801,0.2489,"547,244","58,366","83,896","24,060",0.2919,0.2229,0.5406
105,0.3498,0.3515,"2,671",802,0.2309,"549,915","55,695","84,698","23,258",0.2946,0.2154,0.5159
106,0.3515,0.3531,"2,358",802,0.2538,"552,273","53,337","85,500","22,456",0.2963,0.2080,0.4941
107,0.3531,0.3547,"2,379",802,0.2521,"554,652","50,958","86,302","21,654",0.2982,0.2006,0.4720
108,0.3547,0.3567,"2,385",802,0.2516,"557,037","48,573","87,104","20,852",0.3004,0.1932,0.4499
109,0.3567,0.3586,"2,244",805,0.2640,"559,281","46,329","87,909","20,047",0.3020,0.1857,0.4291
110,0.3586,0.3603,"2,109",800,0.2750,"561,390","44,220","88,709","19,247",0.3033,0.1783,0.4096
111,0.3603,0.3620,"2,296",802,0.2589,"563,686","41,924","89,511","18,445",0.3055,0.1709,0.3883
112,0.3620,0.3639,"2,205",805,0.2674,"565,891","39,719","90,316","17,640",0.3075,0.1634,0.3679
113,0.3639,0.3659,"2,290",814,0.2622,"568,181","37,429","91,130","16,826",0.3101,0.1559,0.3467
114,0.3659,0.3677,"2,086",801,0.2775,"570,267","35,343","91,931","16,025",0.3120,0.1484,0.3274
115,0.3677,0.3696,"2,000",800,0.2857,"572,267","33,343","92,731","15,225",0.3135,0.1410,0.3089
116,0.3696,0.3716,"2,046",801,0.2813,"574,313","31,297","93,532","14,424",0.3155,0.1336,0.2899
117,0.3716,0.3737,"2,129",801,0.2734,"576,442","29,168","94,333","13,623",0.3184,0.1262,0.2702
118,0.3737,0.3758,"2,075",802,0.2788,"578,517","27,093","95,135","12,821",0.3212,0.1188,0.2510
119,0.3758,0.3783,"1,983",801,0.2877,"580,500","25,110","95,936","12,020",0.3237,0.1113,0.2326
120,0.3783,0.3807,"2,003",800,0.2854,"582,503","23,107","96,736","11,220",0.3269,0.1039,0.2140
121,0.3807,0.3834,"2,011",800,0.2846,"584,514","21,096","97,536","10,420",0.3306,0.0965,0.1954
122,0.3834,0.3863,"1,828",802,0.3049,"586,342","19,268","98,338","9,618",0.3330,0.0891,0.1785
123,0.3863,0.3896,"1,957",801,0.2904,"588,299","17,311","99,139","8,817",0.3375,0.0817,0.1604
124,0.3896,0.3924,"1,804",806,0.3088,"590,103","15,507","99,945","8,011",0.3406,0.0742,0.1436
125,0.3924,0.3959,"1,859",805,0.3022,"591,962","13,648","100,750","7,206",0.3455,0.0667,0.1264
126,0.3959,0.3993,"1,794",800,0.3084,"593,756","11,854","101,550","6,406",0.3508,0.0593,0.1098
127,0.3993,0.4031,"1,607",800,0.3324,"595,363","10,247","102,350","5,606",0.3536,0.0519,0.0949
128,0.4031,0.4073,"1,681",802,0.3230,"597,044","8,566","103,152","4,804",0.3593,0.0445,0.0793
129,0.4073,0.4127,"1,691",801,0.3214,"598,735","6,875","103,953","4,003",0.3680,0.0371,0.0637
130,0.4127,0.4192,"1,452",802,0.3558,"600,187","5,423","104,755","3,201",0.3712,0.0297,0.0502
131,0.4193,0.4257,"1,377",801,0.3678,"601,564","4,046","105,556","2,400",0.3723,0.0222,0.0375
132,0.4258,0.4352,"1,402",800,0.3633,"602,966","2,644","106,356","1,600",0.3770,0.0148,0.0245
133,0.4352,0.4501,"1,339",800,0.3740,"604,305","1,305","107,156",800,0.3800,0.0074,0.0121
134,0.4501,0.5969,"1,305",800,0.3800,"605,610",0,"107,956",0,nan,0.0000,0.0000
