p,Neg,Pos,$\frac{\text{Pos}}{\text{Neg}+\text{Pos}}$,TN,FP,FN,TP,Prec,Rec,$\frac{\text{FP}}{\text{P}}$
0.0,"60,634","3,068",0.05,"60,634","544,976","3,068","104,888",0.16,0.97,5.05
0.1,"37,088","2,540",0.06,"97,722","507,888","5,608","102,348",0.17,0.95,4.70
0.2,"41,364","3,710",0.08,"139,086","466,524","9,318","98,638",0.17,0.91,4.32
0.3,"58,277","6,389",0.10,"197,363","408,247","15,707","92,249",0.18,0.85,3.78
0.4,"79,845","10,585",0.12,"277,208","328,402","26,292","81,664",0.20,0.76,3.04
0.5,"82,338","13,177",0.14,"359,546","246,064","39,469","68,487",0.22,0.63,2.28
0.6,"71,756","13,624",0.16,"431,302","174,308","53,093","54,863",0.24,0.51,1.61
0.7,"51,078","11,755",0.19,"482,380","123,230","64,848","43,108",0.26,0.40,1.14
0.8,"43,423","12,058",0.22,"525,803","79,807","76,906","31,050",0.28,0.29,0.74
0.9,"34,684","11,465",0.25,"560,487","45,123","88,371","19,585",0.30,0.18,0.42
1.0,"45,123","19,585",0.30,"605,610",0,"107,956",0,nan,0.00,0.00
