,min,max,Neg,Pos,$\frac{\text{Pos}}{\text{Neg}+\text{Pos}}$,TN,FP,FN,TP,Prec,Rec,FP/P
0,0.0000,0.0036,600,1,0.0017,600,"605,010",1,"107,955",0.1514,1.0000,5.6042
1,0.0036,0.1198,"88,715","1,600",0.0177,"89,315","516,295","1,601","106,355",0.1708,0.9852,4.7825
2,0.1198,0.1677,"46,034","1,600",0.0336,"135,349","470,261","3,201","104,755",0.1822,0.9703,4.3560
3,0.1677,0.2032,"33,702","1,600",0.0453,"169,051","436,559","4,801","103,155",0.1911,0.9555,4.0439
4,0.2032,0.2340,"28,885","1,600",0.0525,"197,936","407,674","6,401","101,555",0.1994,0.9407,3.7763
5,0.2340,0.2612,"25,180","1,600",0.0597,"223,116","382,494","8,001","99,955",0.2072,0.9259,3.5431
6,0.2612,0.2864,"22,908","1,600",0.0653,"246,024","359,586","9,601","98,355",0.2148,0.9111,3.3309
7,0.2864,0.3082,"19,607","1,600",0.0754,"265,631","339,979","11,201","96,755",0.2215,0.8962,3.1492
8,0.3082,0.3280,"17,528","1,600",0.0836,"283,159","322,451","12,801","95,155",0.2279,0.8814,2.9869
9,0.3280,0.3467,"16,281","1,600",0.0895,"299,440","306,170","14,401","93,555",0.2340,0.8666,2.8361
10,0.3467,0.3646,"15,244","1,600",0.0950,"314,684","290,926","16,001","91,955",0.2402,0.8518,2.6949
11,0.3646,0.3813,"14,226","1,600",0.1011,"328,910","276,700","17,601","90,355",0.2462,0.8370,2.5631
12,0.3813,0.3978,"13,752","1,600",0.1042,"342,662","262,948","19,201","88,755",0.2524,0.8221,2.4357
13,0.3978,0.4138,"13,142","1,600",0.1085,"355,804","249,806","20,801","87,155",0.2587,0.8073,2.3140
14,0.4138,0.4290,"12,106","1,600",0.1167,"367,910","237,700","22,401","85,555",0.2647,0.7925,2.2018
15,0.4290,0.4430,"11,045","1,600",0.1265,"378,955","226,655","24,001","83,955",0.2703,0.7777,2.0995
16,0.4430,0.4576,"11,185","1,600",0.1251,"390,140","215,470","25,601","82,355",0.2765,0.7629,1.9959
17,0.4576,0.4707,"9,778","1,600",0.1406,"399,918","205,692","27,201","80,755",0.2819,0.7480,1.9053
18,0.4707,0.4841,"9,875","1,600",0.1394,"409,793","195,817","28,801","79,155",0.2879,0.7332,1.8139
19,0.4841,0.4970,"9,551","1,600",0.1435,"419,344","186,266","30,401","77,555",0.2940,0.7184,1.7254
20,0.4970,0.5091,"8,655","1,600",0.1560,"427,999","177,611","32,001","75,955",0.2995,0.7036,1.6452
21,0.5091,0.5209,"8,190","1,600",0.1634,"436,189","169,421","33,601","74,355",0.3050,0.6888,1.5694
22,0.5209,0.5325,"7,877","1,600",0.1688,"444,066","161,544","35,201","72,755",0.3105,0.6739,1.4964
23,0.5325,0.5442,"7,989","1,600",0.1669,"452,055","153,555","36,801","71,155",0.3167,0.6591,1.4224
24,0.5442,0.5549,"7,137","1,600",0.1831,"459,192","146,418","38,401","69,555",0.3221,0.6443,1.3563
25,0.5549,0.5659,"7,167","1,600",0.1825,"466,359","139,251","40,001","67,955",0.3280,0.6295,1.2899
26,0.5659,0.5769,"7,170","1,600",0.1824,"473,529","132,081","41,601","66,355",0.3344,0.6146,1.2235
27,0.5770,0.5878,"6,818","1,600",0.1901,"480,347","125,263","43,201","64,755",0.3408,0.5998,1.1603
28,0.5878,0.5980,"6,207","1,600",0.2049,"486,554","119,056","44,801","63,155",0.3466,0.5850,1.1028
29,0.5980,0.6077,"5,884","1,600",0.2138,"492,438","113,172","46,401","61,555",0.3523,0.5702,1.0483
30,0.6077,0.6176,"5,901","1,600",0.2133,"498,339","107,271","48,001","59,955",0.3585,0.5554,0.9937
31,0.6176,0.6278,"5,813","1,600",0.2158,"504,152","101,458","49,601","58,355",0.3651,0.5405,0.9398
32,0.6278,0.6372,"5,342","1,600",0.2305,"509,494","96,116","51,201","56,755",0.3713,0.5257,0.8903
33,0.6372,0.6468,"5,287","1,600",0.2323,"514,781","90,829","52,801","55,155",0.3778,0.5109,0.8414
34,0.6468,0.6564,"5,142","1,600",0.2373,"519,923","85,687","54,401","53,555",0.3846,0.4961,0.7937
35,0.6564,0.6657,"4,863","1,600",0.2476,"524,786","80,824","56,001","51,955",0.3913,0.4813,0.7487
36,0.6657,0.6745,"4,337","1,600",0.2695,"529,123","76,487","57,601","50,355",0.3970,0.4664,0.7085
37,0.6745,0.6839,"4,598","1,600",0.2581,"533,721","71,889","59,201","48,755",0.4041,0.4516,0.6659
38,0.6839,0.6933,"4,526","1,600",0.2612,"538,247","67,363","60,801","47,155",0.4118,0.4368,0.6240
39,0.6933,0.7024,"4,261","1,600",0.2730,"542,508","63,102","62,401","45,555",0.4193,0.4220,0.5845
40,0.7024,0.7115,"4,109","1,600",0.2803,"546,617","58,993","64,001","43,955",0.4270,0.4072,0.5465
41,0.7115,0.7206,"3,901","1,600",0.2909,"550,518","55,092","65,601","42,355",0.4346,0.3923,0.5103
42,0.7206,0.7295,"3,714","1,600",0.3011,"554,232","51,378","67,201","40,755",0.4423,0.3775,0.4759
43,0.7295,0.7388,"3,673","1,601",0.3036,"557,905","47,705","68,802","39,154",0.4508,0.3627,0.4419
44,0.7388,0.7475,"3,338","1,600",0.3240,"561,243","44,367","70,402","37,554",0.4584,0.3479,0.4110
45,0.7475,0.7567,"3,538","1,600",0.3114,"564,781","40,829","72,002","35,954",0.4683,0.3330,0.3782
46,0.7567,0.7657,"3,221","1,600",0.3319,"568,002","37,608","73,602","34,354",0.4774,0.3182,0.3484
47,0.7657,0.7750,"3,108","1,600",0.3398,"571,110","34,500","75,202","32,754",0.4870,0.3034,0.3196
48,0.7750,0.7838,"2,821","1,600",0.3619,"573,931","31,679","76,802","31,154",0.4958,0.2886,0.2934
49,0.7838,0.7927,"2,790","1,600",0.3645,"576,721","28,889","78,402","29,554",0.5057,0.2738,0.2676
50,0.7927,0.8016,"2,657","1,600",0.3759,"579,378","26,232","80,002","27,954",0.5159,0.2589,0.2430
51,0.8016,0.8104,"2,512","1,600",0.3891,"581,890","23,720","81,602","26,354",0.5263,0.2441,0.2197
52,0.8104,0.8192,"2,305","1,600",0.4097,"584,195","21,415","83,202","24,754",0.5362,0.2293,0.1984
53,0.8192,0.8289,"2,417","1,600",0.3983,"586,612","18,998","84,802","23,154",0.5493,0.2145,0.1760
54,0.8289,0.8382,"2,160","1,600",0.4255,"588,772","16,838","86,402","21,554",0.5614,0.1997,0.1560
55,0.8382,0.8473,"1,958","1,600",0.4497,"590,730","14,880","88,002","19,954",0.5728,0.1848,0.1378
56,0.8473,0.8568,"1,925","1,600",0.4539,"592,655","12,955","89,602","18,354",0.5862,0.1700,0.1200
57,0.8568,0.8666,"1,697","1,600",0.4853,"594,352","11,258","91,202","16,754",0.5981,0.1552,0.1043
58,0.8666,0.8762,"1,607","1,600",0.4989,"595,959","9,651","92,802","15,154",0.6109,0.1404,0.0894
59,0.8762,0.8866,"1,651","1,600",0.4922,"597,610","8,000","94,402","13,554",0.6288,0.1256,0.0741
60,0.8866,0.8978,"1,600","1,762",0.5241,"599,210","6,400","96,164","11,792",0.6482,0.1092,0.0593
61,0.8978,0.9120,"1,600","2,173",0.5759,"600,810","4,800","98,337","9,619",0.6671,0.0891,0.0445
62,0.9120,0.9280,"1,600","2,427",0.6027,"602,410","3,200","100,764","7,192",0.6921,0.0666,0.0296
63,0.9280,0.9470,"1,600","2,873",0.6423,"604,010","1,600","103,637","4,319",0.7297,0.0400,0.0148
64,0.9470,0.9970,"1,600","4,319",0.7297,"605,610",0,"107,956",0,nan,0.0000,0.0000
