p,Neg,Pos,$\frac{\text{Pos}}{\text{Neg}+\text{Pos}}$,TN,FP,FN,TP,Prec,Rec,$\frac{\text{FP}}{\text{P}}$
0.0,"60,561","2,021",0.03,"60,561","545,049","2,021","105,935",0.16,0.98,5.05
0.05,"69,883","4,191",0.06,"130,444","475,166","6,212","101,744",0.18,0.94,4.40
0.1,"77,549","6,559",0.08,"207,993","397,617","12,771","95,185",0.19,0.88,3.68
0.15,"72,849","7,777",0.10,"280,842","324,768","20,548","87,408",0.21,0.81,3.01
0.2,"62,609","8,166",0.12,"343,451","262,159","28,714","79,242",0.23,0.73,2.43
0.25,"50,673","8,028",0.14,"394,124","211,486","36,742","71,214",0.25,0.66,1.96
0.3,"40,914","7,564",0.16,"435,038","170,572","44,306","63,650",0.27,0.59,1.58
0.35,"32,996","6,923",0.17,"468,034","137,576","51,229","56,727",0.29,0.53,1.27
0.4,"26,147","6,384",0.20,"494,181","111,429","57,613","50,343",0.31,0.47,1.03
0.45,"20,863","5,768",0.22,"515,044","90,566","63,381","44,575",0.33,0.41,0.84
0.5,"16,785","4,958",0.23,"531,829","73,781","68,339","39,617",0.35,0.37,0.68
0.55,"13,130","4,456",0.25,"544,959","60,651","72,795","35,161",0.37,0.33,0.56
0.6,"10,432","3,922",0.27,"555,391","50,219","76,717","31,239",0.38,0.29,0.47
0.65,"8,754","3,570",0.29,"564,145","41,465","80,287","27,669",0.40,0.26,0.38
0.7,"7,066","3,187",0.31,"571,211","34,399","83,474","24,482",0.42,0.23,0.32
0.75,"5,805","2,809",0.33,"577,016","28,594","86,283","21,673",0.43,0.20,0.26
0.8,"4,898","2,643",0.35,"581,914","23,696","88,926","19,030",0.45,0.18,0.22
0.85,"4,072","2,311",0.36,"585,986","19,624","91,237","16,719",0.46,0.15,0.18
0.9,"3,385","2,149",0.39,"589,371","16,239","93,386","14,570",0.47,0.13,0.15
0.95,"2,929","1,965",0.40,"592,300","13,310","95,351","12,605",0.49,0.12,0.12
1.0,"13,310","12,605",0.49,"605,610",0,"107,956",0,nan,0.00,0.00
