p,Neg,Pos,$\frac{\text{Pos}}{\text{Neg}+\text{Pos}}$,TN,FP,FN,TP,Prec,Rec,$\frac{\text{FP}}{\text{P}}$
0.0,"60,562","3,104",0.05,"60,562","545,048","3,104","104,852",0.16,0.97,5.05
0.05,"20,290","1,396",0.06,"80,852","524,758","4,500","103,456",0.16,0.96,4.86
0.1,"20,013","1,432",0.07,"100,865","504,745","5,932","102,024",0.17,0.95,4.68
0.15,"22,096","1,853",0.08,"122,961","482,649","7,785","100,171",0.17,0.93,4.47
0.2,"26,360","2,652",0.09,"149,321","456,289","10,437","97,519",0.18,0.90,4.23
0.25,"31,425","3,389",0.10,"180,746","424,864","13,826","94,130",0.18,0.87,3.94
0.3,"37,304","4,599",0.11,"218,050","387,560","18,425","89,531",0.19,0.83,3.59
0.35,"39,644","5,349",0.12,"257,694","347,916","23,774","84,182",0.19,0.78,3.22
0.4,"43,539","6,261",0.13,"301,233","304,377","30,035","77,921",0.20,0.72,2.82
0.45,"40,616","6,493",0.14,"341,849","263,761","36,528","71,428",0.21,0.66,2.44
0.5,"37,016","6,399",0.15,"378,865","226,745","42,927","65,029",0.22,0.60,2.10
0.55,"33,503","6,294",0.16,"412,368","193,242","49,221","58,735",0.23,0.54,1.79
0.6,"29,094","5,999",0.17,"441,462","164,148","55,220","52,736",0.24,0.49,1.52
0.65,"26,314","6,144",0.19,"467,776","137,834","61,364","46,592",0.25,0.43,1.28
0.7,"23,029","5,766",0.20,"490,805","114,805","67,130","40,826",0.26,0.38,1.06
0.75,"21,496","5,781",0.21,"512,301","93,309","72,911","35,045",0.27,0.32,0.86
0.8,"19,406","5,729",0.23,"531,707","73,903","78,640","29,316",0.28,0.27,0.68
0.85,"16,181","5,240",0.24,"547,888","57,722","83,880","24,076",0.29,0.22,0.53
0.9,"13,960","4,903",0.26,"561,848","43,762","88,783","19,173",0.30,0.18,0.41
0.95,"11,853","4,617",0.28,"573,701","31,909","93,400","14,556",0.31,0.13,0.30
1.0,"31,909","14,556",0.31,"605,610",0,"107,956",0,nan,0.00,0.00
