p,Neg,Pos,$\frac{\text{Pos}}{\text{Neg}+\text{Pos}}$,TN,FP,FN,TP,Prec,Rec,$\frac{\text{FP}}{\text{P}}$
0.0,"60,561",872,0.01,"60,561","545,049",872,"107,084",0.16,0.99,5.05
0.01,"4,862",134,0.03,"65,423","540,187","1,006","106,950",0.17,0.99,5.00
0.02,"5,161",127,0.02,"70,584","535,026","1,133","106,823",0.17,0.99,4.96
0.03,"5,338",120,0.02,"75,922","529,688","1,253","106,703",0.17,0.99,4.91
0.04,"5,442",144,0.03,"81,364","524,246","1,397","106,559",0.17,0.99,4.86
0.05,"5,856",175,0.03,"87,220","518,390","1,572","106,384",0.17,0.99,4.80
0.06,"5,895",151,0.02,"93,115","512,495","1,723","106,233",0.17,0.98,4.75
0.07,"6,211",200,0.03,"99,326","506,284","1,923","106,033",0.17,0.98,4.69
0.08,"6,521",224,0.03,"105,847","499,763","2,147","105,809",0.17,0.98,4.63
0.09,"6,655",228,0.03,"112,502","493,108","2,375","105,581",0.18,0.98,4.57
0.1,"6,971",234,0.03,"119,473","486,137","2,609","105,347",0.18,0.98,4.50
0.11,"7,097",257,0.03,"126,570","479,040","2,866","105,090",0.18,0.97,4.44
0.12,"7,376",282,0.04,"133,946","471,664","3,148","104,808",0.18,0.97,4.37
0.13,"7,440",323,0.04,"141,386","464,224","3,471","104,485",0.18,0.97,4.30
0.14,"7,598",311,0.04,"148,984","456,626","3,782","104,174",0.19,0.96,4.23
0.15,"7,738",397,0.05,"156,722","448,888","4,179","103,777",0.19,0.96,4.16
0.16,"7,939",361,0.04,"164,661","440,949","4,540","103,416",0.19,0.96,4.08
0.17,"8,140",430,0.05,"172,801","432,809","4,970","102,986",0.19,0.95,4.01
0.18,"8,326",479,0.05,"181,127","424,483","5,449","102,507",0.19,0.95,3.93
0.19,"8,377",476,0.05,"189,504","416,106","5,925","102,031",0.20,0.95,3.85
0.2,"8,506",510,0.06,"198,010","407,600","6,435","101,521",0.20,0.94,3.78
0.21,"8,941",543,0.06,"206,951","398,659","6,978","100,978",0.20,0.94,3.69
0.22,"8,995",563,0.06,"215,946","389,664","7,541","100,415",0.20,0.93,3.61
0.23,"8,814",608,0.06,"224,760","380,850","8,149","99,807",0.21,0.92,3.53
0.24,"8,910",685,0.07,"233,670","371,940","8,834","99,122",0.21,0.92,3.45
0.25,"9,352",658,0.07,"243,022","362,588","9,492","98,464",0.21,0.91,3.36
0.26,"9,245",733,0.07,"252,267","353,343","10,225","97,731",0.22,0.91,3.27
0.27,"9,298",760,0.08,"261,565","344,045","10,985","96,971",0.22,0.90,3.19
0.28,"9,538",776,0.08,"271,103","334,507","11,761","96,195",0.22,0.89,3.10
0.29,"9,306",777,0.08,"280,409","325,201","12,538","95,418",0.23,0.88,3.01
0.3,"9,416",929,0.09,"289,825","315,785","13,467","94,489",0.23,0.88,2.93
0.31,"9,475",883,0.09,"299,300","306,310","14,350","93,606",0.23,0.87,2.84
0.32,"9,237",948,0.09,"308,537","297,073","15,298","92,658",0.24,0.86,2.75
0.33,"9,204",970,0.10,"317,741","287,869","16,268","91,688",0.24,0.85,2.67
0.34,"9,231","1,020",0.10,"326,972","278,638","17,288","90,668",0.25,0.84,2.58
0.35,"8,928","1,082",0.11,"335,900","269,710","18,370","89,586",0.25,0.83,2.50
0.36,"9,086","1,092",0.11,"344,986","260,624","19,462","88,494",0.25,0.82,2.41
0.37,"8,962","1,149",0.11,"353,948","251,662","20,611","87,345",0.26,0.81,2.33
0.38,"8,911","1,150",0.11,"362,859","242,751","21,761","86,195",0.26,0.80,2.25
0.39,"8,807","1,215",0.12,"371,666","233,944","22,976","84,980",0.27,0.79,2.17
0.4,"8,697","1,229",0.12,"380,363","225,247","24,205","83,751",0.27,0.78,2.09
0.41,"8,540","1,309",0.13,"388,903","216,707","25,514","82,442",0.28,0.76,2.01
0.42,"8,409","1,361",0.14,"397,312","208,298","26,875","81,081",0.28,0.75,1.93
0.43,"8,427","1,373",0.14,"405,739","199,871","28,248","79,708",0.29,0.74,1.85
0.44,"8,205","1,363",0.14,"413,944","191,666","29,611","78,345",0.29,0.73,1.78
0.45,"8,083","1,340",0.14,"422,027","183,583","30,951","77,005",0.30,0.71,1.70
0.46,"7,636","1,453",0.16,"429,663","175,947","32,404","75,552",0.30,0.70,1.63
0.47,"7,815","1,418",0.15,"437,478","168,132","33,822","74,134",0.31,0.69,1.56
0.48,"7,402","1,469",0.17,"444,880","160,730","35,291","72,665",0.31,0.67,1.49
0.49,"7,406","1,413",0.16,"452,286","153,324","36,704","71,252",0.32,0.66,1.42
0.5,"7,172","1,588",0.18,"459,458","146,152","38,292","69,664",0.32,0.65,1.35
0.51,"6,952","1,489",0.18,"466,410","139,200","39,781","68,175",0.33,0.63,1.29
0.52,"6,801","1,552",0.19,"473,211","132,399","41,333","66,623",0.33,0.62,1.23
0.53,"6,521","1,585",0.20,"479,732","125,878","42,918","65,038",0.34,0.60,1.17
0.54,"6,247","1,566",0.20,"485,979","119,631","44,484","63,472",0.35,0.59,1.11
0.55,"6,161","1,584",0.20,"492,140","113,470","46,068","61,888",0.35,0.57,1.05
0.56,"5,827","1,587",0.21,"497,967","107,643","47,655","60,301",0.36,0.56,1.00
0.57,"5,622","1,478",0.21,"503,589","102,021","49,133","58,823",0.37,0.54,0.95
0.58,"5,451","1,670",0.23,"509,040","96,570","50,803","57,153",0.37,0.53,0.89
0.59,"5,285","1,561",0.23,"514,325","91,285","52,364","55,592",0.38,0.51,0.85
0.6,"5,086","1,552",0.23,"519,411","86,199","53,916","54,040",0.39,0.50,0.80
0.61,"4,871","1,571",0.24,"524,282","81,328","55,487","52,469",0.39,0.49,0.75
0.62,"4,612","1,493",0.24,"528,894","76,716","56,980","50,976",0.40,0.47,0.71
0.63,"4,569","1,514",0.25,"533,463","72,147","58,494","49,462",0.41,0.46,0.67
0.64,"4,195","1,525",0.27,"537,658","67,952","60,019","47,937",0.41,0.44,0.63
0.65,"3,949","1,527",0.28,"541,607","64,003","61,546","46,410",0.42,0.43,0.59
0.66,"3,844","1,502",0.28,"545,451","60,159","63,048","44,908",0.43,0.42,0.56
0.67,"3,682","1,503",0.29,"549,133","56,477","64,551","43,405",0.43,0.40,0.52
0.68,"3,481","1,467",0.30,"552,614","52,996","66,018","41,938",0.44,0.39,0.49
0.69,"3,266","1,377",0.30,"555,880","49,730","67,395","40,561",0.45,0.38,0.46
0.7,"3,085","1,440",0.32,"558,965","46,645","68,835","39,121",0.46,0.36,0.43
0.71,"2,965","1,319",0.31,"561,930","43,680","70,154","37,802",0.46,0.35,0.40
0.72,"2,751","1,292",0.32,"564,681","40,929","71,446","36,510",0.47,0.34,0.38
0.73,"2,623","1,223",0.32,"567,304","38,306","72,669","35,287",0.48,0.33,0.35
0.74,"2,473","1,272",0.34,"569,777","35,833","73,941","34,015",0.49,0.32,0.33
0.75,"2,286","1,230",0.35,"572,063","33,547","75,171","32,785",0.49,0.30,0.31
0.76,"2,250","1,228",0.35,"574,313","31,297","76,399","31,557",0.50,0.29,0.29
0.77,"2,020","1,148",0.36,"576,333","29,277","77,547","30,409",0.51,0.28,0.27
0.78,"1,939","1,213",0.38,"578,272","27,338","78,760","29,196",0.52,0.27,0.25
0.79,"1,754","1,099",0.39,"580,026","25,584","79,859","28,097",0.52,0.26,0.24
0.8,"1,757","1,127",0.39,"581,783","23,827","80,986","26,970",0.53,0.25,0.22
0.81,"1,559","1,095",0.41,"583,342","22,268","82,081","25,875",0.54,0.24,0.21
0.82,"1,547","1,068",0.41,"584,889","20,721","83,149","24,807",0.54,0.23,0.19
0.83,"1,417",984,0.41,"586,306","19,304","84,133","23,823",0.55,0.22,0.18
0.84,"1,370",995,0.42,"587,676","17,934","85,128","22,828",0.56,0.21,0.17
0.85,"1,245",993,0.44,"588,921","16,689","86,121","21,835",0.57,0.20,0.15
0.86,"1,173",887,0.43,"590,094","15,516","87,008","20,948",0.57,0.19,0.14
0.87,"1,136",915,0.45,"591,230","14,380","87,923","20,033",0.58,0.19,0.13
0.88,"1,032",870,0.46,"592,262","13,348","88,793","19,163",0.59,0.18,0.12
0.89,944,875,0.48,"593,206","12,404","89,668","18,288",0.60,0.17,0.11
0.9,887,806,0.48,"594,093","11,517","90,474","17,482",0.60,0.16,0.11
0.91,787,777,0.50,"594,880","10,730","91,251","16,705",0.61,0.15,0.10
0.92,794,713,0.47,"595,674","9,936","91,964","15,992",0.62,0.15,0.09
0.93,669,743,0.53,"596,343","9,267","92,707","15,249",0.62,0.14,0.09
0.94,630,745,0.54,"596,973","8,637","93,452","14,504",0.63,0.13,0.08
0.95,644,639,0.50,"597,617","7,993","94,091","13,865",0.63,0.13,0.07
0.96,601,669,0.53,"598,218","7,392","94,760","13,196",0.64,0.12,0.07
0.97,534,635,0.54,"598,752","6,858","95,395","12,561",0.65,0.12,0.06
0.98,496,581,0.54,"599,248","6,362","95,976","11,980",0.65,0.11,0.06
0.99,476,627,0.57,"599,724","5,886","96,603","11,353",0.66,0.11,0.05
1.0,"5,886","11,353",0.66,"605,610",0,"107,956",0,nan,0.00,0.00
