p,Neg,Pos,$\frac{\text{Pos}}{\text{Neg}+\text{Pos}}$,TN,FP,FN,TP,Prec,Rec,$\frac{\text{FP}}{\text{P}}$
0.0,"30,281",328,0.01,"30,281","575,329",328,"107,628",0.16,1.00,5.33
0.01,"3,803",54,0.01,"34,084","571,526",382,"107,574",0.16,1.00,5.29
0.02,"4,095",65,0.02,"38,179","567,431",447,"107,509",0.16,1.00,5.26
0.03,"4,383",78,0.02,"42,562","563,048",525,"107,431",0.16,1.00,5.22
0.04,"4,688",85,0.02,"47,250","558,360",610,"107,346",0.16,0.99,5.17
0.05,"4,947",103,0.02,"52,197","553,413",713,"107,243",0.16,0.99,5.13
0.06,"5,337",95,0.02,"57,534","548,076",808,"107,148",0.16,0.99,5.08
0.07,"5,623",130,0.02,"63,157","542,453",938,"107,018",0.16,0.99,5.02
0.08,"5,994",170,0.03,"69,151","536,459","1,108","106,848",0.17,0.99,4.97
0.09,"6,327",136,0.02,"75,478","530,132","1,244","106,712",0.17,0.99,4.91
0.1,"6,566",168,0.02,"82,044","523,566","1,412","106,544",0.17,0.99,4.85
0.11,"6,948",208,0.03,"88,992","516,618","1,620","106,336",0.17,0.98,4.79
0.12,"7,181",213,0.03,"96,173","509,437","1,833","106,123",0.17,0.98,4.72
0.13,"7,689",250,0.03,"103,862","501,748","2,083","105,873",0.17,0.98,4.65
0.14,"7,933",260,0.03,"111,795","493,815","2,343","105,613",0.18,0.98,4.57
0.15,"8,283",292,0.03,"120,078","485,532","2,635","105,321",0.18,0.98,4.50
0.16,"8,540",298,0.03,"128,618","476,992","2,933","105,023",0.18,0.97,4.42
0.17,"8,820",360,0.04,"137,438","468,172","3,293","104,663",0.18,0.97,4.34
0.18,"9,001",388,0.04,"146,439","459,171","3,681","104,275",0.19,0.97,4.25
0.19,"9,235",450,0.05,"155,674","449,936","4,131","103,825",0.19,0.96,4.17
0.2,"9,498",434,0.04,"165,172","440,438","4,565","103,391",0.19,0.96,4.08
0.21,"9,701",519,0.05,"174,873","430,737","5,084","102,872",0.19,0.95,3.99
0.22,"9,980",570,0.05,"184,853","420,757","5,654","102,302",0.20,0.95,3.90
0.23,"10,130",594,0.06,"194,983","410,627","6,248","101,708",0.20,0.94,3.80
0.24,"10,490",627,0.06,"205,473","400,137","6,875","101,081",0.20,0.94,3.71
0.25,"10,699",679,0.06,"216,172","389,438","7,554","100,402",0.20,0.93,3.61
0.26,"10,612",732,0.06,"226,784","378,826","8,286","99,670",0.21,0.92,3.51
0.27,"10,757",812,0.07,"237,541","368,069","9,098","98,858",0.21,0.92,3.41
0.28,"11,011",817,0.07,"248,552","357,058","9,915","98,041",0.22,0.91,3.31
0.29,"11,192",930,0.08,"259,744","345,866","10,845","97,111",0.22,0.90,3.20
0.3,"11,376",916,0.07,"271,120","334,490","11,761","96,195",0.22,0.89,3.10
0.31,"11,164",943,0.08,"282,284","323,326","12,704","95,252",0.23,0.88,2.99
0.32,"11,237","1,110",0.09,"293,521","312,089","13,814","94,142",0.23,0.87,2.89
0.33,"11,125","1,073",0.09,"304,646","300,964","14,887","93,069",0.24,0.86,2.79
0.34,"11,124","1,160",0.09,"315,770","289,840","16,047","91,909",0.24,0.85,2.68
0.35,"10,953","1,217",0.10,"326,723","278,887","17,264","90,692",0.25,0.84,2.58
0.36,"10,685","1,275",0.11,"337,408","268,202","18,539","89,417",0.25,0.83,2.48
0.37,"10,849","1,348",0.11,"348,257","257,353","19,887","88,069",0.25,0.82,2.38
0.38,"10,738","1,362",0.11,"358,995","246,615","21,249","86,707",0.26,0.80,2.28
0.39,"10,539","1,432",0.12,"369,534","236,076","22,681","85,275",0.27,0.79,2.19
0.4,"10,353","1,448",0.12,"379,887","225,723","24,129","83,827",0.27,0.78,2.09
0.41,"10,162","1,585",0.13,"390,049","215,561","25,714","82,242",0.28,0.76,2.00
0.42,"10,075","1,579",0.14,"400,124","205,486","27,293","80,663",0.28,0.75,1.90
0.43,"9,937","1,684",0.14,"410,061","195,549","28,977","78,979",0.29,0.73,1.81
0.44,"9,658","1,604",0.14,"419,719","185,891","30,581","77,375",0.29,0.72,1.72
0.45,"9,339","1,691",0.15,"429,058","176,552","32,272","75,684",0.30,0.70,1.64
0.46,"9,227","1,720",0.16,"438,285","167,325","33,992","73,964",0.31,0.69,1.55
0.47,"8,880","1,731",0.16,"447,165","158,445","35,723","72,233",0.31,0.67,1.47
0.48,"8,762","1,742",0.17,"455,927","149,683","37,465","70,491",0.32,0.65,1.39
0.49,"8,328","1,860",0.18,"464,255","141,355","39,325","68,631",0.33,0.64,1.31
0.5,"8,240","1,837",0.18,"472,495","133,115","41,162","66,794",0.33,0.62,1.23
0.51,"7,779","1,892",0.20,"480,274","125,336","43,054","64,902",0.34,0.60,1.16
0.52,"7,440","1,878",0.20,"487,714","117,896","44,932","63,024",0.35,0.58,1.09
0.53,"7,199","1,895",0.21,"494,913","110,697","46,827","61,129",0.36,0.57,1.03
0.54,"6,868","1,795",0.21,"501,781","103,829","48,622","59,334",0.36,0.55,0.96
0.55,"6,529","1,953",0.23,"508,310","97,300","50,575","57,381",0.37,0.53,0.90
0.56,"6,315","1,874",0.23,"514,625","90,985","52,449","55,507",0.38,0.51,0.84
0.57,"6,037","1,857",0.24,"520,662","84,948","54,306","53,650",0.39,0.50,0.79
0.58,"5,692","1,843",0.24,"526,354","79,256","56,149","51,807",0.40,0.48,0.73
0.59,"5,424","1,831",0.25,"531,778","73,832","57,980","49,976",0.40,0.46,0.68
0.6,"5,189","1,785",0.26,"536,967","68,643","59,765","48,191",0.41,0.45,0.64
0.61,"4,748","1,815",0.28,"541,715","63,895","61,580","46,376",0.42,0.43,0.59
0.62,"4,571","1,819",0.28,"546,286","59,324","63,399","44,557",0.43,0.41,0.55
0.63,"4,281","1,736",0.29,"550,567","55,043","65,135","42,821",0.44,0.40,0.51
0.64,"4,078","1,752",0.30,"554,645","50,965","66,887","41,069",0.45,0.38,0.47
0.65,"3,716","1,670",0.31,"558,361","47,249","68,557","39,399",0.45,0.36,0.44
0.66,"3,565","1,597",0.31,"561,926","43,684","70,154","37,802",0.46,0.35,0.40
0.67,"3,278","1,523",0.32,"565,204","40,406","71,677","36,279",0.47,0.34,0.37
0.68,"3,097","1,494",0.33,"568,301","37,309","73,171","34,785",0.48,0.32,0.35
0.69,"2,828","1,496",0.35,"571,129","34,481","74,667","33,289",0.49,0.31,0.32
0.7,"2,658","1,476",0.36,"573,787","31,823","76,143","31,813",0.50,0.29,0.29
0.71,"2,492","1,370",0.35,"576,279","29,331","77,513","30,443",0.51,0.28,0.27
0.72,"2,293","1,432",0.38,"578,572","27,038","78,945","29,011",0.52,0.27,0.25
0.73,"2,110","1,341",0.39,"580,682","24,928","80,286","27,670",0.53,0.26,0.23
0.74,"1,973","1,311",0.40,"582,655","22,955","81,597","26,359",0.53,0.24,0.21
0.75,"1,864","1,312",0.41,"584,519","21,091","82,909","25,047",0.54,0.23,0.20
0.76,"1,716","1,166",0.40,"586,235","19,375","84,075","23,881",0.55,0.22,0.18
0.77,"1,631","1,176",0.42,"587,866","17,744","85,251","22,705",0.56,0.21,0.16
0.78,"1,454","1,181",0.45,"589,320","16,290","86,432","21,524",0.57,0.20,0.15
0.79,"1,390","1,070",0.43,"590,710","14,900","87,502","20,454",0.58,0.19,0.14
0.8,"1,290","1,040",0.45,"592,000","13,610","88,542","19,414",0.59,0.18,0.13
0.81,"1,137","1,039",0.48,"593,137","12,473","89,581","18,375",0.60,0.17,0.12
0.82,"1,056",981,0.48,"594,193","11,417","90,562","17,394",0.60,0.16,0.11
0.83,937,927,0.50,"595,130","10,480","91,489","16,467",0.61,0.15,0.10
0.84,868,844,0.49,"595,998","9,612","92,333","15,623",0.62,0.14,0.09
0.85,803,892,0.53,"596,801","8,809","93,225","14,731",0.63,0.14,0.08
0.86,741,791,0.52,"597,542","8,068","94,016","13,940",0.63,0.13,0.07
0.87,712,800,0.53,"598,254","7,356","94,816","13,140",0.64,0.12,0.07
0.88,650,733,0.53,"598,904","6,706","95,549","12,407",0.65,0.11,0.06
0.89,558,715,0.56,"599,462","6,148","96,264","11,692",0.66,0.11,0.06
0.9,544,726,0.57,"600,006","5,604","96,990","10,966",0.66,0.10,0.05
0.91,524,659,0.56,"600,530","5,080","97,649","10,307",0.67,0.10,0.05
0.92,404,656,0.62,"600,934","4,676","98,305","9,651",0.67,0.09,0.04
0.93,394,610,0.61,"601,328","4,282","98,915","9,041",0.68,0.08,0.04
0.94,404,613,0.60,"601,732","3,878","99,528","8,428",0.68,0.08,0.04
0.95,360,555,0.61,"602,092","3,518","100,083","7,873",0.69,0.07,0.03
0.96,322,573,0.64,"602,414","3,196","100,656","7,300",0.70,0.07,0.03
0.97,295,551,0.65,"602,709","2,901","101,207","6,749",0.70,0.06,0.03
0.98,290,486,0.63,"602,999","2,611","101,693","6,263",0.71,0.06,0.02
0.99,244,430,0.64,"603,243","2,367","102,123","5,833",0.71,0.05,0.02
1.0,"2,367","5,833",0.71,"605,610",0,"107,956",0,nan,0.00,0.00
