p,Neg,Pos,$\frac{\text{Pos}}{\text{Neg}+\text{Pos}}$,TN,FP,FN,TP,Prec,Rec,$\frac{\text{FP}}{\text{P}}$
0.0,"30,281",765,0.02,"30,281","575,329",765,"107,191",0.16,0.99,5.33
0.05,"77,198","3,869",0.05,"107,479","498,131","4,634","103,322",0.17,0.96,4.61
0.1,"93,529","7,517",0.07,"201,008","404,602","12,151","95,805",0.19,0.89,3.75
0.15,"88,717","9,476",0.10,"289,725","315,885","21,627","86,329",0.21,0.80,2.93
0.2,"72,673","9,945",0.12,"362,398","243,212","31,572","76,384",0.24,0.71,2.25
0.25,"56,392","9,598",0.15,"418,790","186,820","41,170","66,786",0.26,0.62,1.73
0.3,"42,946","8,698",0.17,"461,736","143,874","49,868","58,088",0.29,0.54,1.33
0.35,"32,831","7,842",0.19,"494,567","111,043","57,710","50,246",0.31,0.47,1.03
0.4,"24,919","6,892",0.22,"519,486","86,124","64,602","43,354",0.33,0.40,0.80
0.45,"18,774","5,887",0.24,"538,260","67,350","70,489","37,467",0.36,0.35,0.62
0.5,"13,973","5,067",0.27,"552,233","53,377","75,556","32,400",0.38,0.30,0.49
0.55,"11,124","4,434",0.28,"563,357","42,253","79,990","27,966",0.40,0.26,0.39
0.6,"8,556","3,847",0.31,"571,913","33,697","83,837","24,119",0.42,0.22,0.31
0.65,"6,894","3,430",0.33,"578,807","26,803","87,267","20,689",0.44,0.19,0.25
0.7,"5,482","3,017",0.35,"584,289","21,321","90,284","17,672",0.45,0.16,0.20
0.75,"4,411","2,683",0.38,"588,700","16,910","92,967","14,989",0.47,0.14,0.16
0.8,"3,616","2,393",0.40,"592,316","13,294","95,360","12,596",0.49,0.12,0.12
0.85,"2,881","2,171",0.43,"595,197","10,413","97,531","10,425",0.50,0.10,0.10
0.9,"2,371","1,871",0.44,"597,568","8,042","99,402","8,554",0.52,0.08,0.07
0.95,"1,925","1,746",0.48,"599,493","6,117","101,148","6,808",0.53,0.06,0.06
1.0,"6,117","6,808",0.53,"605,610",0,"107,956",0,nan,0.00,0.00
