p,Neg,Pos,$\frac{\text{Pos}}{\text{Neg}+\text{Pos}}$,TN,FP,FN,TP,Prec,Rec,$\frac{\text{FP}}{\text{P}}$
0.0,"60,561","2,148",0.03,"60,561","545,049","2,148","105,808",0.16,0.98,5.05
0.01,"4,210",220,0.05,"64,771","540,839","2,368","105,588",0.16,0.98,5.01
0.02,"4,423",229,0.05,"69,194","536,416","2,597","105,359",0.16,0.98,4.97
0.03,"4,628",254,0.05,"73,822","531,788","2,851","105,105",0.17,0.97,4.93
0.04,"4,853",259,0.05,"78,675","526,935","3,110","104,846",0.17,0.97,4.88
0.05,"5,073",286,0.05,"83,748","521,862","3,396","104,560",0.17,0.97,4.83
0.06,"5,351",318,0.06,"89,099","516,511","3,714","104,242",0.17,0.97,4.78
0.07,"5,594",327,0.06,"94,693","510,917","4,041","103,915",0.17,0.96,4.73
0.08,"5,625",382,0.06,"100,318","505,292","4,423","103,533",0.17,0.96,4.68
0.09,"5,973",352,0.06,"106,291","499,319","4,775","103,181",0.17,0.96,4.63
0.1,"6,193",409,0.06,"112,484","493,126","5,184","102,772",0.17,0.95,4.57
0.11,"6,275",417,0.06,"118,759","486,851","5,601","102,355",0.17,0.95,4.51
0.12,"6,537",467,0.07,"125,296","480,314","6,068","101,888",0.18,0.94,4.45
0.13,"6,829",518,0.07,"132,125","473,485","6,586","101,370",0.18,0.94,4.39
0.14,"7,153",524,0.07,"139,278","466,332","7,110","100,846",0.18,0.93,4.32
0.15,"7,381",553,0.07,"146,659","458,951","7,663","100,293",0.18,0.93,4.25
0.16,"7,603",600,0.07,"154,262","451,348","8,263","99,693",0.18,0.92,4.18
0.17,"7,691",592,0.07,"161,953","443,657","8,855","99,101",0.18,0.92,4.11
0.18,"7,814",659,0.08,"169,767","435,843","9,514","98,442",0.18,0.91,4.04
0.19,"8,086",705,0.08,"177,853","427,757","10,219","97,737",0.19,0.91,3.96
0.2,"8,174",715,0.08,"186,027","419,583","10,934","97,022",0.19,0.90,3.89
0.21,"8,419",736,0.08,"194,446","411,164","11,670","96,286",0.19,0.89,3.81
0.22,"8,677",826,0.09,"203,123","402,487","12,496","95,460",0.19,0.88,3.73
0.23,"8,528",865,0.09,"211,651","393,959","13,361","94,595",0.19,0.88,3.65
0.24,"8,979",782,0.08,"220,630","384,980","14,143","93,813",0.20,0.87,3.57
0.25,"8,948",944,0.10,"229,578","376,032","15,087","92,869",0.20,0.86,3.48
0.26,"9,084",977,0.10,"238,662","366,948","16,064","91,892",0.20,0.85,3.40
0.27,"9,419",936,0.09,"248,081","357,529","17,000","90,956",0.20,0.84,3.31
0.28,"9,155","1,048",0.10,"257,236","348,374","18,048","89,908",0.21,0.83,3.23
0.29,"9,193","1,040",0.10,"266,429","339,181","19,088","88,868",0.21,0.82,3.14
0.3,"9,321","1,064",0.10,"275,750","329,860","20,152","87,804",0.21,0.81,3.06
0.31,"9,144","1,089",0.11,"284,894","320,716","21,241","86,715",0.21,0.80,2.97
0.32,"9,313","1,154",0.11,"294,207","311,403","22,395","85,561",0.22,0.79,2.88
0.33,"9,245","1,182",0.11,"303,452","302,158","23,577","84,379",0.22,0.78,2.80
0.34,"9,411","1,223",0.12,"312,863","292,747","24,800","83,156",0.22,0.77,2.71
0.35,"9,169","1,233",0.12,"322,032","283,578","26,033","81,923",0.22,0.76,2.63
0.36,"9,029","1,293",0.13,"331,061","274,549","27,326","80,630",0.23,0.75,2.54
0.37,"8,981","1,354",0.13,"340,042","265,568","28,680","79,276",0.23,0.73,2.46
0.38,"8,931","1,331",0.13,"348,973","256,637","30,011","77,945",0.23,0.72,2.38
0.39,"8,928","1,349",0.13,"357,901","247,709","31,360","76,596",0.24,0.71,2.29
0.4,"8,898","1,305",0.13,"366,799","238,811","32,665","75,291",0.24,0.70,2.21
0.41,"8,576","1,327",0.13,"375,375","230,235","33,992","73,964",0.24,0.69,2.13
0.42,"8,548","1,420",0.14,"383,923","221,687","35,412","72,544",0.25,0.67,2.05
0.43,"8,290","1,388",0.14,"392,213","213,397","36,800","71,156",0.25,0.66,1.98
0.44,"8,169","1,365",0.14,"400,382","205,228","38,165","69,791",0.25,0.65,1.90
0.45,"8,148","1,413",0.15,"408,530","197,080","39,578","68,378",0.26,0.63,1.83
0.46,"7,909","1,359",0.15,"416,439","189,171","40,937","67,019",0.26,0.62,1.75
0.47,"7,563","1,458",0.16,"424,002","181,608","42,395","65,561",0.27,0.61,1.68
0.48,"7,338","1,470",0.17,"431,340","174,270","43,865","64,091",0.27,0.59,1.61
0.49,"7,194","1,457",0.17,"438,534","167,076","45,322","62,634",0.27,0.58,1.55
0.5,"6,984","1,425",0.17,"445,518","160,092","46,747","61,209",0.28,0.57,1.48
0.51,"6,741","1,401",0.17,"452,259","153,351","48,148","59,808",0.28,0.55,1.42
0.52,"6,523","1,408",0.18,"458,782","146,828","49,556","58,400",0.28,0.54,1.36
0.53,"6,456","1,432",0.18,"465,238","140,372","50,988","56,968",0.29,0.53,1.30
0.54,"6,208","1,410",0.19,"471,446","134,164","52,398","55,558",0.29,0.51,1.24
0.55,"5,944","1,397",0.19,"477,390","128,220","53,795","54,161",0.30,0.50,1.19
0.56,"5,760","1,398",0.20,"483,150","122,460","55,193","52,763",0.30,0.49,1.13
0.57,"5,558","1,369",0.20,"488,708","116,902","56,562","51,394",0.31,0.48,1.08
0.58,"5,256","1,337",0.20,"493,964","111,646","57,899","50,057",0.31,0.46,1.03
0.59,"5,163","1,347",0.21,"499,127","106,483","59,246","48,710",0.31,0.45,0.99
0.6,"4,832","1,285",0.21,"503,959","101,651","60,531","47,425",0.32,0.44,0.94
0.61,"4,623","1,291",0.22,"508,582","97,028","61,822","46,134",0.32,0.43,0.90
0.62,"4,615","1,271",0.22,"513,197","92,413","63,093","44,863",0.33,0.42,0.86
0.63,"4,390","1,285",0.23,"517,587","88,023","64,378","43,578",0.33,0.40,0.82
0.64,"4,355","1,225",0.22,"521,942","83,668","65,603","42,353",0.34,0.39,0.78
0.65,"3,892","1,167",0.23,"525,834","79,776","66,770","41,186",0.34,0.38,0.74
0.66,"3,843","1,166",0.23,"529,677","75,933","67,936","40,020",0.35,0.37,0.70
0.67,"3,662","1,191",0.25,"533,339","72,271","69,127","38,829",0.35,0.36,0.67
0.68,"3,591","1,171",0.25,"536,930","68,680","70,298","37,658",0.35,0.35,0.64
0.69,"3,353","1,130",0.25,"540,283","65,327","71,428","36,528",0.36,0.34,0.61
0.7,"3,204","1,049",0.25,"543,487","62,123","72,477","35,479",0.36,0.33,0.58
0.71,"3,008","1,087",0.27,"546,495","59,115","73,564","34,392",0.37,0.32,0.55
0.72,"2,988","1,062",0.26,"549,483","56,127","74,626","33,330",0.37,0.31,0.52
0.73,"2,745","1,023",0.27,"552,228","53,382","75,649","32,307",0.38,0.30,0.49
0.74,"2,693",999,0.27,"554,921","50,689","76,648","31,308",0.38,0.29,0.47
0.75,"2,535","1,096",0.30,"557,456","48,154","77,744","30,212",0.39,0.28,0.45
0.76,"2,383",989,0.29,"559,839","45,771","78,733","29,223",0.39,0.27,0.42
0.77,"2,264","1,002",0.31,"562,103","43,507","79,735","28,221",0.39,0.26,0.40
0.78,"2,217",946,0.30,"564,320","41,290","80,681","27,275",0.40,0.25,0.38
0.79,"2,092",939,0.31,"566,412","39,198","81,620","26,336",0.40,0.24,0.36
0.8,"2,097",878,0.30,"568,509","37,101","82,498","25,458",0.41,0.24,0.34
0.81,"1,988",903,0.31,"570,497","35,113","83,401","24,555",0.41,0.23,0.33
0.82,"1,901",857,0.31,"572,398","33,212","84,258","23,698",0.42,0.22,0.31
0.83,"1,746",871,0.33,"574,144","31,466","85,129","22,827",0.42,0.21,0.29
0.84,"1,634",831,0.34,"575,778","29,832","85,960","21,996",0.42,0.20,0.28
0.85,"1,654",859,0.34,"577,432","28,178","86,819","21,137",0.43,0.20,0.26
0.86,"1,582",805,0.34,"579,014","26,596","87,624","20,332",0.43,0.19,0.25
0.87,"1,478",774,0.34,"580,492","25,118","88,398","19,558",0.44,0.18,0.23
0.88,"1,430",748,0.34,"581,922","23,688","89,146","18,810",0.44,0.17,0.22
0.89,"1,353",787,0.37,"583,275","22,335","89,933","18,023",0.45,0.17,0.21
0.9,"1,246",751,0.38,"584,521","21,089","90,684","17,272",0.45,0.16,0.20
0.91,"1,189",718,0.38,"585,710","19,900","91,402","16,554",0.45,0.15,0.18
0.92,"1,125",725,0.39,"586,835","18,775","92,127","15,829",0.46,0.15,0.17
0.93,"1,084",696,0.39,"587,919","17,691","92,823","15,133",0.46,0.14,0.16
0.94,"1,087",672,0.38,"589,006","16,604","93,495","14,461",0.47,0.13,0.15
0.95,"1,009",591,0.37,"590,015","15,595","94,086","13,870",0.47,0.13,0.14
0.96,"1,001",698,0.41,"591,016","14,594","94,784","13,172",0.47,0.12,0.14
0.97,900,635,0.41,"591,916","13,694","95,419","12,537",0.48,0.12,0.13
0.98,873,583,0.40,"592,789","12,821","96,002","11,954",0.48,0.11,0.12
0.99,805,559,0.41,"593,594","12,016","96,561","11,395",0.49,0.11,0.11
1.0,"12,016","11,395",0.49,"605,610",0,"107,956",0,nan,0.00,0.00
