p,Neg,Pos,mPrec,TN,FP,FN,TP,Prec,Rec,FP/P,$\hat{p}$
0.0,"6,058",105,0.02,"6,058","599,552",105,"107,851",0.15,1.00,5.55,0.99
0.1,"33,657","1,036",0.03,"39,715","565,895","1,141","106,815",0.16,0.99,5.24,0.94
0.2,"64,664","3,301",0.05,"104,379","501,231","4,442","103,514",0.17,0.96,4.64,0.85
0.3,"92,209","7,116",0.07,"196,588","409,022","11,558","96,398",0.19,0.89,3.79,0.71
0.4,"102,123","11,092",0.10,"298,711","306,899","22,650","85,306",0.22,0.79,2.84,0.55
0.5,"97,302","14,392",0.13,"396,013","209,597","37,042","70,914",0.25,0.66,1.94,0.39
0.6,"80,497","16,364",0.17,"476,510","129,100","53,406","54,550",0.30,0.51,1.20,0.26
0.7,"58,499","16,091",0.22,"535,009","70,601","69,497","38,459",0.35,0.36,0.65,0.15
0.8,"38,215","15,272",0.29,"573,224","32,386","84,769","23,187",0.42,0.21,0.30,0.08
0.9,"22,387","13,248",0.37,"595,611","9,999","98,017","9,939",0.50,0.09,0.09,0.03
1.0,"9,999","9,939",0.50,"605,610",0,"107,956",0,nan,0.00,0.00,0.00
