,min,max,Neg,Pos,$\frac{\text{Pos}}{\text{Neg}+\text{Pos}}$,TN,FP,FN,TP,Prec,Rec,FP/P
0,0.0000,0.1207,"86,823","1,490",0.0169,"86,823","518,787","1,490","106,466",0.1703,0.9862,4.8055
1,0.1207,0.1681,"45,003","1,600",0.0343,"131,826","473,784","3,090","104,866",0.1812,0.9714,4.3887
2,0.1681,0.2056,"35,778","1,600",0.0428,"167,604","438,006","4,690","103,266",0.1908,0.9566,4.0573
3,0.2056,0.2375,"30,192","1,600",0.0503,"197,796","407,814","6,290","101,666",0.1995,0.9417,3.7776
4,0.2375,0.2635,"24,460","1,600",0.0614,"222,256","383,354","7,890","100,066",0.2070,0.9269,3.5510
5,0.2635,0.2870,"21,447","1,600",0.0694,"243,703","361,907","9,490","98,466",0.2139,0.9121,3.3524
6,0.2870,0.3086,"19,444","1,600",0.0760,"263,147","342,463","11,090","96,866",0.2205,0.8973,3.1722
7,0.3086,0.3287,"18,226","1,600",0.0807,"281,373","324,237","12,690","95,266",0.2271,0.8825,3.0034
8,0.3287,0.3477,"16,811","1,600",0.0869,"298,184","307,426","14,290","93,666",0.2335,0.8676,2.8477
9,0.3477,0.3656,"15,789","1,600",0.0920,"313,973","291,637","15,890","92,066",0.2399,0.8528,2.7014
10,0.3656,0.3829,"14,722","1,600",0.0980,"328,695","276,915","17,490","90,466",0.2462,0.8380,2.5651
11,0.3829,0.3992,"13,797","1,600",0.1039,"342,492","263,118","19,090","88,866",0.2525,0.8232,2.4373
12,0.3992,0.4147,"13,028","1,600",0.1094,"355,520","250,090","20,690","87,266",0.2587,0.8083,2.3166
13,0.4147,0.4296,"12,171","1,600",0.1162,"367,691","237,919","22,290","85,666",0.2647,0.7935,2.2039
14,0.4296,0.4433,"10,884","1,600",0.1282,"378,575","227,035","23,890","84,066",0.2702,0.7787,2.1030
15,0.4433,0.4570,"10,674","1,600",0.1304,"389,249","216,361","25,490","82,466",0.2760,0.7639,2.0042
16,0.4570,0.4707,"10,531","1,600",0.1319,"399,780","205,830","27,090","80,866",0.2821,0.7491,1.9066
17,0.4707,0.4836,"9,678","1,600",0.1419,"409,458","196,152","28,690","79,266",0.2878,0.7342,1.8170
18,0.4836,0.4961,"9,415","1,600",0.1453,"418,873","186,737","30,290","77,666",0.2937,0.7194,1.7298
19,0.4961,0.5085,"9,037","1,600",0.1504,"427,910","177,700","31,890","76,066",0.2997,0.7046,1.6460
20,0.5085,0.5197,"7,916","1,600",0.1681,"435,826","169,784","33,490","74,466",0.3049,0.6898,1.5727
21,0.5197,0.5309,"8,019","1,600",0.1663,"443,845","161,765","35,090","72,866",0.3106,0.6750,1.4984
22,0.5309,0.5420,"7,733","1,600",0.1714,"451,578","154,032","36,690","71,266",0.3163,0.6601,1.4268
23,0.5420,0.5533,"7,663","1,600",0.1727,"459,241","146,369","38,290","69,666",0.3225,0.6453,1.3558
24,0.5533,0.5637,"6,939","1,600",0.1874,"466,180","139,430","39,890","68,066",0.3280,0.6305,1.2915
25,0.5637,0.5742,"6,765","1,600",0.1913,"472,945","132,665","41,490","66,466",0.3338,0.6157,1.2289
26,0.5742,0.5842,"6,391","1,600",0.2002,"479,336","126,274","43,090","64,866",0.3394,0.6009,1.1697
27,0.5842,0.5942,"6,347","1,600",0.2013,"485,683","119,927","44,690","63,266",0.3454,0.5860,1.1109
28,0.5942,0.6042,"6,153","1,600",0.2064,"491,836","113,774","46,290","61,666",0.3515,0.5712,1.0539
29,0.6042,0.6139,"5,896","1,600",0.2134,"497,732","107,878","47,890","60,066",0.3577,0.5564,0.9993
30,0.6139,0.6234,"5,659","1,600",0.2204,"503,391","102,219","49,490","58,466",0.3639,0.5416,0.9469
31,0.6234,0.6334,"5,820","1,600",0.2156,"509,211","96,399","51,090","56,866",0.3710,0.5268,0.8929
32,0.6334,0.6427,"5,209","1,600",0.2350,"514,420","91,190","52,690","55,266",0.3774,0.5119,0.8447
33,0.6427,0.6521,"5,081","1,600",0.2395,"519,501","86,109","54,290","53,666",0.3839,0.4971,0.7976
34,0.6521,0.6613,"4,938","1,600",0.2447,"524,439","81,171","55,890","52,066",0.3908,0.4823,0.7519
35,0.6613,0.6705,"4,671","1,600",0.2551,"529,110","76,500","57,490","50,466",0.3975,0.4675,0.7086
36,0.6705,0.6797,"4,528","1,600",0.2611,"533,638","71,972","59,090","48,866",0.4044,0.4526,0.6667
37,0.6797,0.6890,"4,569","1,600",0.2594,"538,207","67,403","60,690","47,266",0.4122,0.4378,0.6244
38,0.6890,0.6982,"4,408","1,600",0.2663,"542,615","62,995","62,290","45,666",0.4203,0.4230,0.5835
39,0.6982,0.7071,"3,971","1,600",0.2872,"546,586","59,024","63,890","44,066",0.4275,0.4082,0.5467
40,0.7071,0.7162,"3,981","1,600",0.2867,"550,567","55,043","65,490","42,466",0.4355,0.3934,0.5099
41,0.7162,0.7251,"3,804","1,600",0.2961,"554,371","51,239","67,090","40,866",0.4437,0.3785,0.4746
42,0.7251,0.7343,"3,748","1,600",0.2992,"558,119","47,491","68,690","39,266",0.4526,0.3637,0.4399
43,0.7343,0.7432,"3,513","1,600",0.3129,"561,632","43,978","70,290","37,666",0.4613,0.3489,0.4074
44,0.7432,0.7524,"3,521","1,600",0.3124,"565,153","40,457","71,890","36,066",0.4713,0.3341,0.3748
45,0.7524,0.7618,"3,245","1,600",0.3302,"568,398","37,212","73,490","34,466",0.4808,0.3193,0.3447
46,0.7618,0.7706,"2,980","1,600",0.3493,"571,378","34,232","75,090","32,866",0.4898,0.3044,0.3171
47,0.7706,0.7796,"2,935","1,600",0.3528,"574,313","31,297","76,690","31,266",0.4998,0.2896,0.2899
48,0.7796,0.7884,"2,728","1,600",0.3697,"577,041","28,569","78,290","29,666",0.5094,0.2748,0.2646
49,0.7884,0.7970,"2,509","1,600",0.3894,"579,550","26,060","79,890","28,066",0.5185,0.2600,0.2414
50,0.7970,0.8057,"2,553","1,600",0.3853,"582,103","23,507","81,490","26,466",0.5296,0.2452,0.2177
51,0.8057,0.8146,"2,339","1,600",0.4062,"584,442","21,168","83,090","24,866",0.5402,0.2303,0.1961
52,0.8146,0.8234,"2,241","1,600",0.4166,"586,683","18,927","84,690","23,266",0.5514,0.2155,0.1753
53,0.8234,0.8323,"1,999","1,600",0.4446,"588,682","16,928","86,290","21,666",0.5614,0.2007,0.1568
54,0.8323,0.8414,"1,984","1,600",0.4464,"590,666","14,944","87,890","20,066",0.5732,0.1859,0.1384
55,0.8414,0.8510,"1,919","1,601",0.4548,"592,585","13,025","89,491","18,465",0.5864,0.1710,0.1207
56,0.8510,0.8610,"1,822","1,600",0.4676,"594,407","11,203","91,091","16,865",0.6009,0.1562,0.1038
57,0.8610,0.8704,"1,603","1,600",0.4995,"596,010","9,600","92,691","15,265",0.6139,0.1414,0.0889
58,0.8704,0.8811,"1,600","1,708",0.5163,"597,610","8,000","94,399","13,557",0.6289,0.1256,0.0741
59,0.8811,0.8927,"1,600","1,842",0.5352,"599,210","6,400","96,241","11,715",0.6467,0.1085,0.0593
60,0.8927,0.9059,"1,600","1,947",0.5489,"600,810","4,800","98,188","9,768",0.6705,0.0905,0.0445
61,0.9059,0.9224,"1,600","2,379",0.5979,"602,410","3,200","100,567","7,389",0.6978,0.0684,0.0296
62,0.9224,0.9437,"1,600","3,108",0.6602,"604,010","1,600","103,675","4,281",0.7279,0.0397,0.0148
63,0.9437,0.9993,"1,600","4,281",0.7279,"605,610",0,"107,956",0,nan,0.0000,0.0000
