p,Neg,Pos,$\frac{\text{Pos}}{\text{Neg}+\text{Pos}}$,TN,FP,FN,TP,Prec,Rec,$\frac{\text{FP}}{\text{P}}$
0.0,"60,562","3,104",0.05,"60,562","545,048","3,104","104,852",0.16,0.97,5.05
0.1,"40,303","2,828",0.07,"100,865","504,745","5,932","102,024",0.17,0.95,4.68
0.2,"48,456","4,505",0.09,"149,321","456,289","10,437","97,519",0.18,0.90,4.23
0.3,"68,729","7,988",0.10,"218,050","387,560","18,425","89,531",0.19,0.83,3.59
0.4,"83,183","11,610",0.12,"301,233","304,377","30,035","77,921",0.20,0.72,2.82
0.5,"77,632","12,892",0.14,"378,865","226,745","42,927","65,029",0.22,0.60,2.10
0.6,"62,597","12,293",0.16,"441,462","164,148","55,220","52,736",0.24,0.49,1.52
0.7,"49,343","11,910",0.19,"490,805","114,805","67,130","40,826",0.26,0.38,1.06
0.8,"40,902","11,510",0.22,"531,707","73,903","78,640","29,316",0.28,0.27,0.68
0.9,"30,141","10,143",0.25,"561,848","43,762","88,783","19,173",0.30,0.18,0.41
1.0,"43,762","19,173",0.30,"605,610",0,"107,956",0,nan,0.00,0.00
