p,Neg,Pos,$\frac{\text{Pos}}{\text{Neg}+\text{Pos}}$,TN,FP,FN,TP,Prec,Rec,$\frac{\text{FP}}{\text{P}}$
0.0,"30,281",780,0.03,"30,281","575,329",780,"107,176",0.16,0.99,5.33
0.05,"21,286",864,0.04,"51,567","554,043","1,644","106,312",0.16,0.98,5.13
0.1,"27,035","1,289",0.05,"78,602","527,008","2,933","105,023",0.17,0.97,4.88
0.15,"32,823","1,935",0.06,"111,425","494,185","4,868","103,088",0.17,0.95,4.58
0.2,"38,046","2,606",0.06,"149,471","456,139","7,474","100,482",0.18,0.93,4.23
0.25,"41,440","3,437",0.08,"190,911","414,699","10,911","97,045",0.19,0.90,3.84
0.3,"43,825","4,324",0.09,"234,736","370,874","15,235","92,721",0.20,0.86,3.44
0.35,"44,961","4,993",0.10,"279,697","325,913","20,228","87,728",0.21,0.81,3.02
0.4,"44,685","5,666",0.11,"324,382","281,228","25,894","82,062",0.23,0.76,2.61
0.45,"42,713","6,203",0.13,"367,095","238,515","32,097","75,859",0.24,0.70,2.21
0.5,"38,789","6,716",0.15,"405,884","199,726","38,813","69,143",0.26,0.64,1.85
0.55,"36,146","6,924",0.16,"442,030","163,580","45,737","62,219",0.28,0.58,1.52
0.6,"32,487","7,208",0.18,"474,517","131,093","52,945","55,011",0.30,0.51,1.21
0.65,"28,378","7,203",0.20,"502,895","102,715","60,148","47,808",0.32,0.44,0.95
0.7,"23,951","7,110",0.23,"526,846","78,764","67,258","40,698",0.34,0.38,0.73
0.75,"20,528","6,835",0.25,"547,374","58,236","74,093","33,863",0.37,0.31,0.54
0.8,"16,414","6,465",0.28,"563,788","41,822","80,558","27,398",0.40,0.25,0.39
0.85,"13,125","6,042",0.32,"576,913","28,697","86,600","21,356",0.43,0.20,0.27
0.9,"10,365","5,784",0.36,"587,278","18,332","92,384","15,572",0.46,0.14,0.17
0.95,"8,061","5,472",0.40,"595,339","10,271","97,856","10,100",0.50,0.09,0.10
1.0,"10,271","10,100",0.50,"605,610",0,"107,956",0,nan,0.00,0.00
