p,Neg,Pos,mPrec,TN,FP,FN,TP,Prec,Rec,FP/P,$\hat{p}$
0.0,"6,057",39,0.01,"6,057","599,553",39,"107,917",0.15,1.00,5.55,0.99
0.05,"26,738",300,0.01,"32,795","572,815",339,"107,617",0.16,1.00,5.31,0.95
0.1,"51,213","1,124",0.02,"84,008","521,602","1,463","106,493",0.17,0.99,4.83,0.88
0.15,"68,025","2,527",0.04,"152,033","453,577","3,990","103,966",0.19,0.96,4.20,0.78
0.2,"75,814","4,381",0.05,"227,847","377,763","8,371","99,585",0.21,0.92,3.50,0.67
0.25,"75,687","6,337",0.08,"303,534","302,076","14,708","93,248",0.24,0.86,2.80,0.55
0.3,"69,952","8,608",0.11,"373,486","232,124","23,316","84,640",0.27,0.78,2.15,0.44
0.35,"60,278","9,773",0.14,"433,764","171,846","33,089","74,867",0.30,0.69,1.59,0.35
0.4,"49,248","10,750",0.18,"483,012","122,598","43,839","64,117",0.34,0.59,1.14,0.26
0.45,"38,194","10,578",0.22,"521,206","84,404","54,417","53,539",0.39,0.50,0.78,0.19
0.5,"28,307","10,079",0.26,"549,513","56,097","64,496","43,460",0.44,0.40,0.52,0.14
0.55,"19,355","8,920",0.32,"568,868","36,742","73,416","34,540",0.48,0.32,0.34,0.10
0.6,"13,065","7,382",0.36,"581,933","23,677","80,798","27,158",0.53,0.25,0.22,0.07
0.65,"8,491","6,267",0.42,"590,424","15,186","87,065","20,891",0.58,0.19,0.14,0.05
0.7,"5,440","4,933",0.48,"595,864","9,746","91,998","15,958",0.62,0.15,0.09,0.04
0.75,"3,442","3,893",0.53,"599,306","6,304","95,891","12,065",0.66,0.11,0.06,0.03
0.8,"2,204","3,078",0.58,"601,510","4,100","98,969","8,987",0.69,0.08,0.04,0.02
0.85,"1,539","2,669",0.63,"603,049","2,561","101,638","6,318",0.71,0.06,0.02,0.01
0.9,"1,128","2,240",0.67,"604,177","1,433","103,878","4,078",0.74,0.04,0.01,0.01
0.95,723,"1,798",0.71,"604,900",710,"105,676","2,280",0.76,0.02,0.01,0.00
1.0,710,"2,280",0.76,"605,610",0,"107,956",0,nan,0.00,0.00,0.00
