p,Neg,Pos,mPrec,TN,FP,FN,TP,Prec,Rec,FP/P,$\hat{p}$
0.0,1,0,0.00,1,"605,609",0,"107,956",0.15,1.00,5.61,1.00
0.05,"84,210","3,329",0.04,"84,211","521,399","3,329","104,627",0.17,0.97,4.83,0.88
0.1,"169,026","14,301",0.08,"253,237","352,373","17,630","90,326",0.20,0.84,3.26,0.62
0.15,"136,960","18,673",0.12,"390,197","215,413","36,303","71,653",0.25,0.66,2.00,0.40
0.2,"85,585","17,036",0.17,"475,782","129,828","53,339","54,617",0.30,0.51,1.20,0.26
0.25,"50,551","13,512",0.21,"526,333","79,277","66,851","41,105",0.34,0.38,0.73,0.17
0.3,"30,171","10,398",0.26,"556,504","49,106","77,249","30,707",0.38,0.28,0.45,0.11
0.35,"18,066","8,023",0.31,"574,570","31,040","85,272","22,684",0.42,0.21,0.29,0.08
0.4,"11,753","6,336",0.35,"586,323","19,287","91,608","16,348",0.46,0.15,0.18,0.05
0.45,"7,554","4,901",0.39,"593,877","11,733","96,509","11,447",0.49,0.11,0.11,0.03
0.5,"4,890","3,816",0.44,"598,767","6,843","100,325","7,631",0.53,0.07,0.06,0.02
0.55,"3,060","2,991",0.49,"601,827","3,783","103,316","4,640",0.55,0.04,0.04,0.01
0.6,"1,841","1,971",0.52,"603,668","1,942","105,287","2,669",0.58,0.02,0.02,0.01
0.65,"1,057","1,323",0.56,"604,725",885,"106,610","1,346",0.60,0.01,0.01,0.00
0.7,533,742,0.58,"605,258",352,"107,352",604,0.63,0.01,0.00,0.00
0.75,236,381,0.62,"605,494",116,"107,733",223,0.66,0.00,0.00,0.00
0.8,76,147,0.66,"605,570",40,"107,880",76,0.66,0.00,0.00,0.00
0.85,31,56,0.64,"605,601",9,"107,936",20,0.69,0.00,0.00,0.00
0.9,9,18,0.67,"605,610",0,"107,954",2,1.00,0.00,0.00,0.00
0.95,0,1,1.00,"605,610",0,"107,955",1,1.00,0.00,0.00,0.00
1.0,0,1,1.00,"605,610",0,"107,956",0,nan,0.00,0.00,0.00
