,min,max,Neg,Pos,$\frac{\text{Pos}}{\text{Neg}+\text{Pos}}$,TN,FP,FN,TP,Prec,Rec,FP/P
0,0.0008,0.0554,"14,366",119,0.0082,"14,366","591,244",119,"107,837",0.1543,0.9989,5.4767
1,0.0554,0.0965,"47,035",800,0.0167,"61,401","544,209",919,"107,037",0.1644,0.9915,5.0410
2,0.0965,0.1148,"31,123",800,0.0251,"92,524","513,086","1,719","106,237",0.1715,0.9841,4.7527
3,0.1148,0.1270,"23,391",800,0.0331,"115,915","489,695","2,519","105,437",0.1772,0.9767,4.5361
4,0.1270,0.1372,"20,756",800,0.0371,"136,671","468,939","3,319","104,637",0.1824,0.9693,4.3438
5,0.1372,0.1459,"18,759",800,0.0409,"155,430","450,180","4,119","103,837",0.1874,0.9618,4.1700
6,0.1459,0.1533,"15,872",800,0.0480,"171,302","434,308","4,919","103,037",0.1918,0.9544,4.0230
7,0.1533,0.1598,"14,495",800,0.0523,"185,797","419,813","5,719","102,237",0.1958,0.9470,3.8887
8,0.1598,0.1658,"13,538",800,0.0558,"199,335","406,275","6,519","101,437",0.1998,0.9396,3.7633
9,0.1658,0.1713,"12,264",800,0.0612,"211,599","394,011","7,319","100,637",0.2035,0.9322,3.6497
10,0.1713,0.1764,"11,728",800,0.0639,"223,327","382,283","8,119","99,837",0.2071,0.9248,3.5411
11,0.1764,0.1814,"11,098",800,0.0672,"234,425","371,185","8,919","99,037",0.2106,0.9174,3.4383
12,0.1814,0.1862,"10,834",800,0.0688,"245,259","360,351","9,719","98,237",0.2142,0.9100,3.3379
13,0.1862,0.1905,"9,908",800,0.0747,"255,167","350,443","10,519","97,437",0.2176,0.9026,3.2462
14,0.1905,0.1948,"9,726",800,0.0760,"264,893","340,717","11,319","96,637",0.2210,0.8952,3.1561
15,0.1948,0.1989,"9,156",800,0.0804,"274,049","331,561","12,119","95,837",0.2242,0.8877,3.0713
16,0.1989,0.2029,"9,041",800,0.0813,"283,090","322,520","12,919","95,037",0.2276,0.8803,2.9875
17,0.2029,0.2067,"8,434",800,0.0866,"291,524","314,086","13,719","94,237",0.2308,0.8729,2.9094
18,0.2067,0.2103,"7,962",800,0.0913,"299,486","306,124","14,519","93,437",0.2338,0.8655,2.8356
19,0.2103,0.2138,"7,574",800,0.0955,"307,060","298,550","15,319","92,637",0.2368,0.8581,2.7655
20,0.2138,0.2173,"7,464",800,0.0968,"314,524","291,086","16,119","91,837",0.2398,0.8507,2.6963
21,0.2173,0.2206,"7,146",800,0.1007,"321,670","283,940","16,919","91,037",0.2428,0.8433,2.6301
22,0.2206,0.2240,"7,226",800,0.0997,"328,896","276,714","17,719","90,237",0.2459,0.8359,2.5632
23,0.2240,0.2273,"6,654",800,0.1073,"335,550","270,060","18,519","89,437",0.2488,0.8285,2.5016
24,0.2273,0.2305,"6,723",800,0.1063,"342,273","263,337","19,319","88,637",0.2518,0.8210,2.4393
25,0.2305,0.2337,"6,514",800,0.1094,"348,787","256,823","20,119","87,837",0.2549,0.8136,2.3790
26,0.2337,0.2367,"6,044",800,0.1169,"354,831","250,779","20,919","87,037",0.2576,0.8062,2.3230
27,0.2367,0.2397,"5,953",800,0.1185,"360,784","244,826","21,719","86,237",0.2605,0.7988,2.2678
28,0.2397,0.2427,"6,008",800,0.1175,"366,792","238,818","22,519","85,437",0.2635,0.7914,2.2122
29,0.2427,0.2456,"5,500",800,0.1270,"372,292","233,318","23,319","84,637",0.2662,0.7840,2.1612
30,0.2456,0.2487,"5,895",800,0.1195,"378,187","227,423","24,119","83,837",0.2693,0.7766,2.1066
31,0.2487,0.2516,"5,580",800,0.1254,"383,767","221,843","24,919","83,037",0.2724,0.7692,2.0549
32,0.2516,0.2543,"5,098",800,0.1356,"388,865","216,745","25,719","82,237",0.2751,0.7618,2.0077
33,0.2543,0.2569,"4,752",800,0.1441,"393,617","211,993","26,519","81,437",0.2775,0.7544,1.9637
34,0.2569,0.2597,"5,026",800,0.1373,"398,643","206,967","27,319","80,637",0.2804,0.7469,1.9171
35,0.2597,0.2625,"5,121",800,0.1351,"403,764","201,846","28,119","79,837",0.2834,0.7395,1.8697
36,0.2625,0.2654,"5,013",800,0.1376,"408,777","196,833","28,919","79,037",0.2865,0.7321,1.8233
37,0.2654,0.2681,"4,668",800,0.1463,"413,445","192,165","29,719","78,237",0.2893,0.7247,1.7800
38,0.2681,0.2709,"4,740",800,0.1444,"418,185","187,425","30,519","77,437",0.2924,0.7173,1.7361
39,0.2709,0.2738,"4,831",800,0.1421,"423,016","182,594","31,319","76,637",0.2956,0.7099,1.6914
40,0.2738,0.2763,"4,184",800,0.1605,"427,200","178,410","32,119","75,837",0.2983,0.7025,1.6526
41,0.2763,0.2791,"4,659",800,0.1465,"431,859","173,751","32,919","75,037",0.3016,0.6951,1.6095
42,0.2791,0.2818,"4,213",800,0.1596,"436,072","169,538","33,719","74,237",0.3045,0.6877,1.5704
43,0.2818,0.2845,"4,397",800,0.1539,"440,469","165,141","34,519","73,437",0.3078,0.6802,1.5297
44,0.2845,0.2872,"4,205",800,0.1598,"444,674","160,936","35,319","72,637",0.3110,0.6728,1.4908
45,0.2872,0.2898,"3,789",800,0.1743,"448,463","157,147","36,119","71,837",0.3137,0.6654,1.4557
46,0.2898,0.2925,"4,034",800,0.1655,"452,497","153,113","36,919","71,037",0.3169,0.6580,1.4183
47,0.2925,0.2950,"3,751",800,0.1758,"456,248","149,362","37,719","70,237",0.3198,0.6506,1.3835
48,0.2950,0.2976,"3,634",800,0.1804,"459,882","145,728","38,519","69,437",0.3227,0.6432,1.3499
49,0.2976,0.3001,"3,608",800,0.1815,"463,490","142,120","39,319","68,637",0.3257,0.6358,1.3165
50,0.3001,0.3027,"3,436",800,0.1889,"466,926","138,684","40,119","67,837",0.3285,0.6284,1.2846
51,0.3027,0.3052,"3,368",800,0.1919,"470,294","135,316","40,919","67,037",0.3313,0.6210,1.2534
52,0.3052,0.3077,"3,372",800,0.1918,"473,666","131,944","41,719","66,237",0.3342,0.6136,1.2222
53,0.3077,0.3103,"3,426",800,0.1893,"477,092","128,518","42,519","65,437",0.3374,0.6061,1.1905
54,0.3103,0.3130,"3,366",800,0.1920,"480,458","125,152","43,319","64,637",0.3406,0.5987,1.1593
55,0.3130,0.3156,"3,444",800,0.1885,"483,902","121,708","44,119","63,837",0.3441,0.5913,1.1274
56,0.3156,0.3181,"3,209",800,0.1996,"487,111","118,499","44,919","63,037",0.3472,0.5839,1.0977
57,0.3181,0.3209,"3,355",800,0.1925,"490,466","115,144","45,719","62,237",0.3509,0.5765,1.0666
58,0.3209,0.3235,"3,115",800,0.2043,"493,581","112,029","46,519","61,437",0.3542,0.5691,1.0377
59,0.3235,0.3261,"3,153",800,0.2024,"496,734","108,876","47,319","60,637",0.3577,0.5617,1.0085
60,0.3261,0.3288,"3,044",800,0.2081,"499,778","105,832","48,119","59,837",0.3612,0.5543,0.9803
61,0.3288,0.3314,"2,796",800,0.2225,"502,574","103,036","48,919","59,037",0.3643,0.5469,0.9544
62,0.3314,0.3339,"2,765",800,0.2244,"505,339","100,271","49,719","58,237",0.3674,0.5395,0.9288
63,0.3339,0.3364,"2,710",800,0.2279,"508,049","97,561","50,519","57,437",0.3706,0.5320,0.9037
64,0.3364,0.3390,"2,663",800,0.2310,"510,712","94,898","51,319","56,637",0.3738,0.5246,0.8790
65,0.3390,0.3416,"2,745",800,0.2257,"513,457","92,153","52,119","55,837",0.3773,0.5172,0.8536
66,0.3416,0.3444,"2,804",800,0.2220,"516,261","89,349","52,919","55,037",0.3812,0.5098,0.8276
67,0.3444,0.3470,"2,570",800,0.2374,"518,831","86,779","53,719","54,237",0.3846,0.5024,0.8038
68,0.3470,0.3499,"2,697",800,0.2288,"521,528","84,082","54,519","53,437",0.3886,0.4950,0.7789
69,0.3499,0.3526,"2,383",800,0.2513,"523,911","81,699","55,319","52,637",0.3918,0.4876,0.7568
70,0.3526,0.3552,"2,451",800,0.2461,"526,362","79,248","56,119","51,837",0.3954,0.4802,0.7341
71,0.3552,0.3579,"2,367",800,0.2526,"528,729","76,881","56,919","51,037",0.3990,0.4728,0.7122
72,0.3579,0.3605,"2,242",800,0.2630,"530,971","74,639","57,719","50,237",0.4023,0.4653,0.6914
73,0.3605,0.3632,"2,139",800,0.2722,"533,110","72,500","58,519","49,437",0.4054,0.4579,0.6716
74,0.3632,0.3659,"2,275",800,0.2602,"535,385","70,225","59,319","48,637",0.4092,0.4505,0.6505
75,0.3659,0.3685,"2,097",800,0.2761,"537,482","68,128","60,119","47,837",0.4125,0.4431,0.6311
76,0.3685,0.3710,"1,964",800,0.2894,"539,446","66,164","60,919","47,037",0.4155,0.4357,0.6129
77,0.3711,0.3738,"2,157",800,0.2705,"541,603","64,007","61,719","46,237",0.4194,0.4283,0.5929
78,0.3738,0.3765,"2,087",800,0.2771,"543,690","61,920","62,519","45,437",0.4232,0.4209,0.5736
79,0.3765,0.3795,"2,179",800,0.2685,"545,869","59,741","63,319","44,637",0.4276,0.4135,0.5534
80,0.3795,0.3826,"2,135",800,0.2726,"548,004","57,606","64,119","43,837",0.4321,0.4061,0.5336
81,0.3826,0.3856,"2,020",800,0.2837,"550,024","55,586","64,919","43,037",0.4364,0.3987,0.5149
82,0.3856,0.3887,"2,036",800,0.2821,"552,060","53,550","65,719","42,237",0.4409,0.3912,0.4960
83,0.3887,0.3916,"1,741",800,0.3148,"553,801","51,809","66,519","41,437",0.4444,0.3838,0.4799
84,0.3916,0.3945,"1,844",800,0.3026,"555,645","49,965","67,319","40,637",0.4485,0.3764,0.4628
85,0.3945,0.3976,"1,831",800,0.3041,"557,476","48,134","68,119","39,837",0.4528,0.3690,0.4459
86,0.3976,0.4006,"1,765",800,0.3119,"559,241","46,369","68,919","39,037",0.4571,0.3616,0.4295
87,0.4006,0.4039,"1,812",800,0.3063,"561,053","44,557","69,719","38,237",0.4618,0.3542,0.4127
88,0.4039,0.4069,"1,648",800,0.3268,"562,701","42,909","70,519","37,437",0.4659,0.3468,0.3975
89,0.4069,0.4102,"1,683",800,0.3222,"564,384","41,226","71,319","36,637",0.4705,0.3394,0.3819
90,0.4102,0.4134,"1,568",800,0.3378,"565,952","39,658","72,119","35,837",0.4747,0.3320,0.3674
91,0.4134,0.4168,"1,589",800,0.3349,"567,541","38,069","72,919","35,037",0.4793,0.3245,0.3526
92,0.4168,0.4205,"1,749",800,0.3138,"569,290","36,320","73,719","34,237",0.4852,0.3171,0.3364
93,0.4205,0.4241,"1,646",800,0.3271,"570,936","34,674","74,519","33,437",0.4909,0.3097,0.3212
94,0.4241,0.4276,"1,513",800,0.3459,"572,449","33,161","75,319","32,637",0.4960,0.3023,0.3072
95,0.4276,0.4310,"1,375",800,0.3678,"573,824","31,786","76,119","31,837",0.5004,0.2949,0.2944
96,0.4310,0.4347,"1,502",800,0.3475,"575,326","30,284","76,919","31,037",0.5061,0.2875,0.2805
97,0.4347,0.4384,"1,333",800,0.3751,"576,659","28,951","77,719","30,237",0.5109,0.2801,0.2682
98,0.4384,0.4419,"1,261",800,0.3882,"577,920","27,690","78,519","29,437",0.5153,0.2727,0.2565
99,0.4419,0.4459,"1,354",800,0.3714,"579,274","26,336","79,319","28,637",0.5209,0.2653,0.2440
100,0.4459,0.4500,"1,404",801,0.3633,"580,678","24,932","80,120","27,836",0.5275,0.2578,0.2309
101,0.4500,0.4539,"1,173",800,0.4055,"581,851","23,759","80,920","27,036",0.5323,0.2504,0.2201
102,0.4539,0.4580,"1,174",800,0.4053,"583,025","22,585","81,720","26,236",0.5374,0.2430,0.2092
103,0.4580,0.4620,"1,156",800,0.4090,"584,181","21,429","82,520","25,436",0.5428,0.2356,0.1985
104,0.4620,0.4662,"1,149",800,0.4105,"585,330","20,280","83,320","24,636",0.5485,0.2282,0.1879
105,0.4662,0.4708,"1,201",800,0.3998,"586,531","19,079","84,120","23,836",0.5554,0.2208,0.1767
106,0.4708,0.4750,"1,043",800,0.4341,"587,574","18,036","84,920","23,036",0.5609,0.2134,0.1671
107,0.4750,0.4798,"1,101",800,0.4208,"588,675","16,935","85,720","22,236",0.5677,0.2060,0.1569
108,0.4798,0.4846,"1,009",800,0.4422,"589,684","15,926","86,520","21,436",0.5737,0.1986,0.1475
109,0.4846,0.4895,"1,036",800,0.4357,"590,720","14,890","87,320","20,636",0.5809,0.1912,0.1379
110,0.4895,0.4944,865,800,0.4805,"591,585","14,025","88,120","19,836",0.5858,0.1837,0.1299
111,0.4944,0.4995,924,800,0.4640,"592,509","13,101","88,920","19,036",0.5923,0.1763,0.1214
112,0.4995,0.5054,996,800,0.4454,"593,505","12,105","89,720","18,236",0.6010,0.1689,0.1121
113,0.5055,0.5107,844,800,0.4866,"594,349","11,261","90,520","17,436",0.6076,0.1615,0.1043
114,0.5107,0.5167,837,800,0.4887,"595,186","10,424","91,320","16,636",0.6148,0.1541,0.0966
115,0.5167,0.5227,800,812,0.5037,"595,986","9,624","92,132","15,824",0.6218,0.1466,0.0891
116,0.5227,0.5289,823,800,0.4929,"596,809","8,801","92,932","15,024",0.6306,0.1392,0.0815
117,0.5289,0.5359,800,875,0.5224,"597,609","8,001","93,807","14,149",0.6388,0.1311,0.0741
118,0.5359,0.5436,801,907,0.5310,"598,410","7,200","94,714","13,242",0.6478,0.1227,0.0667
119,0.5436,0.5519,800,965,0.5467,"599,210","6,400","95,679","12,277",0.6573,0.1137,0.0593
120,0.5519,0.5615,800,"1,048",0.5671,"600,010","5,600","96,727","11,229",0.6672,0.1040,0.0519
121,0.5615,0.5737,800,"1,223",0.6045,"600,810","4,800","97,950","10,006",0.6758,0.0927,0.0445
122,0.5737,0.5868,800,"1,228",0.6055,"601,610","4,000","99,178","8,778",0.6870,0.0813,0.0371
123,0.5868,0.6024,800,"1,245",0.6088,"602,410","3,200","100,423","7,533",0.7019,0.0698,0.0296
124,0.6024,0.6210,800,"1,402",0.6367,"603,210","2,400","101,825","6,131",0.7187,0.0568,0.0222
125,0.6210,0.6441,800,"1,653",0.6739,"604,010","1,600","103,478","4,478",0.7368,0.0415,0.0148
126,0.6442,0.6777,800,"1,921",0.7060,"604,810",800,"105,399","2,557",0.7617,0.0237,0.0074
127,0.6777,0.9654,800,"2,557",0.7617,"605,610",0,"107,956",0,nan,0.0000,0.0000
