p,Neg,Pos,mPrec,TN,FP,FN,TP,Prec,Rec,FP/P,$\hat{p}$
0.0,0,0,nan,0,"605,610",0,"107,956",0.15,1.00,5.61,1.00
0.05,"25,355",243,0.01,"25,355","580,255",243,"107,713",0.16,1.00,5.37,0.96
0.1,"41,729",761,0.02,"67,084","538,526","1,004","106,952",0.17,0.99,4.99,0.90
0.15,"46,351","1,419",0.03,"113,435","492,175","2,423","105,533",0.18,0.98,4.56,0.84
0.2,"47,243","1,971",0.04,"160,678","444,932","4,394","103,562",0.19,0.96,4.12,0.77
0.25,"47,396","2,561",0.05,"208,074","397,536","6,955","101,001",0.20,0.94,3.68,0.70
0.3,"46,213","3,350",0.07,"254,287","351,323","10,305","97,651",0.22,0.90,3.25,0.63
0.35,"44,796","4,103",0.08,"299,083","306,527","14,408","93,548",0.23,0.87,2.84,0.56
0.4,"43,001","4,677",0.10,"342,084","263,526","19,085","88,871",0.25,0.82,2.44,0.49
0.45,"41,228","5,571",0.12,"383,312","222,298","24,656","83,300",0.27,0.77,2.06,0.43
0.5,"38,364","6,298",0.14,"421,676","183,934","30,954","77,002",0.30,0.71,1.70,0.37
0.55,"35,693","7,140",0.17,"457,369","148,241","38,094","69,862",0.32,0.65,1.37,0.31
0.6,"32,563","7,780",0.19,"489,932","115,678","45,874","62,082",0.35,0.58,1.07,0.25
0.65,"28,896","8,229",0.22,"518,828","86,782","54,103","53,853",0.38,0.50,0.80,0.20
0.7,"24,814","8,491",0.25,"543,642","61,968","62,594","45,362",0.42,0.42,0.57,0.15
0.75,"20,566","8,830",0.30,"564,208","41,402","71,424","36,532",0.47,0.34,0.38,0.11
0.8,"15,992","8,715",0.35,"580,200","25,410","80,139","27,817",0.52,0.26,0.24,0.07
0.85,"11,675","8,485",0.42,"591,875","13,735","88,624","19,332",0.58,0.18,0.13,0.05
0.9,"7,766","7,965",0.51,"599,641","5,969","96,589","11,367",0.66,0.11,0.06,0.02
0.95,"4,619","7,604",0.62,"604,260","1,350","104,193","3,763",0.74,0.03,0.01,0.01
1.0,"1,350","3,763",0.74,"605,610",0,"107,956",0,nan,0.00,0.00,0.00
