p,Neg,Pos,mPrec,TN,FP,FN,TP,Prec,Rec,FP/P,$\hat{p}$
0.0,1,0,0.00,1,"605,609",0,"107,956",0.15,1.00,5.61,1.00
0.01,"26,381",266,0.01,"26,382","579,228",266,"107,690",0.16,1.00,5.37,0.96
0.02,"41,180",774,0.02,"67,562","538,048","1,040","106,916",0.17,0.99,4.98,0.90
0.03,"42,010","1,204",0.03,"109,572","496,038","2,244","105,712",0.18,0.98,4.59,0.84
0.04,"39,565","1,580",0.04,"149,137","456,473","3,824","104,132",0.19,0.96,4.23,0.79
0.05,"36,322","1,904",0.05,"185,459","420,151","5,728","102,228",0.20,0.95,3.89,0.73
0.06,"33,442","2,097",0.06,"218,901","386,709","7,825","100,131",0.21,0.93,3.58,0.68
0.07,"30,705","2,274",0.07,"249,606","356,004","10,099","97,857",0.22,0.91,3.30,0.64
0.08,"28,607","2,321",0.08,"278,213","327,397","12,420","95,536",0.23,0.88,3.03,0.59
0.09,"25,891","2,467",0.09,"304,104","301,506","14,887","93,069",0.24,0.86,2.79,0.55
0.1,"23,717","2,619",0.10,"327,821","277,789","17,506","90,450",0.25,0.84,2.57,0.52
0.11,"21,847","2,713",0.11,"349,668","255,942","20,219","87,737",0.26,0.81,2.37,0.48
0.12,"19,930","2,625",0.12,"369,598","236,012","22,844","85,112",0.27,0.79,2.19,0.45
0.13,"18,185","2,685",0.13,"387,783","217,827","25,529","82,427",0.27,0.76,2.02,0.42
0.14,"16,714","2,635",0.14,"404,497","201,113","28,164","79,792",0.28,0.74,1.86,0.39
0.15,"15,437","2,580",0.14,"419,934","185,676","30,744","77,212",0.29,0.72,1.72,0.37
0.16,"14,045","2,654",0.16,"433,979","171,631","33,398","74,558",0.30,0.69,1.59,0.35
0.17,"13,226","2,574",0.16,"447,205","158,405","35,972","71,984",0.31,0.67,1.47,0.32
0.18,"12,094","2,456",0.17,"459,299","146,311","38,428","69,528",0.32,0.64,1.36,0.30
0.19,"11,028","2,422",0.18,"470,327","135,283","40,850","67,106",0.33,0.62,1.25,0.28
0.2,"10,381","2,398",0.19,"480,708","124,902","43,248","64,708",0.34,0.60,1.16,0.27
0.21,"9,312","2,322",0.20,"490,020","115,590","45,570","62,386",0.35,0.58,1.07,0.25
0.22,"8,824","2,339",0.21,"498,844","106,766","47,909","60,047",0.36,0.56,0.99,0.23
0.23,"8,164","2,258",0.22,"507,008","98,602","50,167","57,789",0.37,0.54,0.91,0.22
0.24,"7,339","2,237",0.23,"514,347","91,263","52,404","55,552",0.38,0.51,0.85,0.21
0.25,"6,914","2,109",0.23,"521,261","84,349","54,513","53,443",0.39,0.50,0.78,0.19
0.26,"6,282","2,113",0.25,"527,543","78,067","56,626","51,330",0.40,0.48,0.72,0.18
0.27,"5,923","1,993",0.25,"533,466","72,144","58,619","49,337",0.41,0.46,0.67,0.17
0.28,"5,404","1,951",0.27,"538,870","66,740","60,570","47,386",0.42,0.44,0.62,0.16
0.29,"4,922","1,874",0.28,"543,792","61,818","62,444","45,512",0.42,0.42,0.57,0.15
0.3,"4,635","1,859",0.29,"548,427","57,183","64,303","43,653",0.43,0.40,0.53,0.14
0.31,"4,268","1,720",0.29,"552,695","52,915","66,023","41,933",0.44,0.39,0.49,0.13
0.32,"3,907","1,656",0.30,"556,602","49,008","67,679","40,277",0.45,0.37,0.45,0.13
0.33,"3,565","1,610",0.31,"560,167","45,443","69,289","38,667",0.46,0.36,0.42,0.12
0.34,"3,438","1,553",0.31,"563,605","42,005","70,842","37,114",0.47,0.34,0.39,0.11
0.35,"3,060","1,506",0.33,"566,665","38,945","72,348","35,608",0.48,0.33,0.36,0.10
0.36,"2,865","1,415",0.33,"569,530","36,080","73,763","34,193",0.49,0.32,0.33,0.10
0.37,"2,617","1,445",0.36,"572,147","33,463","75,208","32,748",0.49,0.30,0.31,0.09
0.38,"2,444","1,298",0.35,"574,591","31,019","76,506","31,450",0.50,0.29,0.29,0.09
0.39,"2,297","1,293",0.36,"576,888","28,722","77,799","30,157",0.51,0.28,0.27,0.08
0.4,"2,051","1,178",0.36,"578,939","26,671","78,977","28,979",0.52,0.27,0.25,0.08
0.41,"1,907","1,256",0.40,"580,846","24,764","80,233","27,723",0.53,0.26,0.23,0.07
0.42,"1,802","1,106",0.38,"582,648","22,962","81,339","26,617",0.54,0.25,0.21,0.07
0.43,"1,622","1,129",0.41,"584,270","21,340","82,468","25,488",0.54,0.24,0.20,0.07
0.44,"1,530","1,099",0.42,"585,800","19,810","83,567","24,389",0.55,0.23,0.18,0.06
0.45,"1,406","1,088",0.44,"587,206","18,404","84,655","23,301",0.56,0.22,0.17,0.06
0.46,"1,286",960,0.43,"588,492","17,118","85,615","22,341",0.57,0.21,0.16,0.06
0.47,"1,223",971,0.44,"589,715","15,895","86,586","21,370",0.57,0.20,0.15,0.05
0.48,"1,077",900,0.46,"590,792","14,818","87,486","20,470",0.58,0.19,0.14,0.05
0.49,"1,094",902,0.45,"591,886","13,724","88,388","19,568",0.59,0.18,0.13,0.05
0.5,965,868,0.47,"592,851","12,759","89,256","18,700",0.59,0.17,0.12,0.04
0.51,859,795,0.48,"593,710","11,900","90,051","17,905",0.60,0.17,0.11,0.04
0.52,903,805,0.47,"594,613","10,997","90,856","17,100",0.61,0.16,0.10,0.04
0.53,840,783,0.48,"595,453","10,157","91,639","16,317",0.62,0.15,0.09,0.04
0.54,718,772,0.52,"596,171","9,439","92,411","15,545",0.62,0.14,0.09,0.04
0.55,707,784,0.53,"596,878","8,732","93,195","14,761",0.63,0.14,0.08,0.03
0.56,627,675,0.52,"597,505","8,105","93,870","14,086",0.63,0.13,0.08,0.03
0.57,573,666,0.54,"598,078","7,532","94,536","13,420",0.64,0.12,0.07,0.03
0.58,524,667,0.56,"598,602","7,008","95,203","12,753",0.65,0.12,0.06,0.03
0.59,544,608,0.53,"599,146","6,464","95,811","12,145",0.65,0.11,0.06,0.03
0.6,451,634,0.58,"599,597","6,013","96,445","11,511",0.66,0.11,0.06,0.02
0.61,477,615,0.56,"600,074","5,536","97,060","10,896",0.66,0.10,0.05,0.02
0.62,420,533,0.56,"600,494","5,116","97,593","10,363",0.67,0.10,0.05,0.02
0.63,415,566,0.58,"600,909","4,701","98,159","9,797",0.68,0.09,0.04,0.02
0.64,371,519,0.58,"601,280","4,330","98,678","9,278",0.68,0.09,0.04,0.02
0.65,330,524,0.61,"601,610","4,000","99,202","8,754",0.69,0.08,0.04,0.02
0.66,338,527,0.61,"601,948","3,662","99,729","8,227",0.69,0.08,0.03,0.02
0.67,311,506,0.62,"602,259","3,351","100,235","7,721",0.70,0.07,0.03,0.02
0.68,318,467,0.59,"602,577","3,033","100,702","7,254",0.71,0.07,0.03,0.01
0.69,303,473,0.61,"602,880","2,730","101,175","6,781",0.71,0.06,0.03,0.01
0.7,236,453,0.66,"603,116","2,494","101,628","6,328",0.72,0.06,0.02,0.01
0.71,234,451,0.66,"603,350","2,260","102,079","5,877",0.72,0.05,0.02,0.01
0.72,213,477,0.69,"603,563","2,047","102,556","5,400",0.73,0.05,0.02,0.01
0.73,205,459,0.69,"603,768","1,842","103,015","4,941",0.73,0.05,0.02,0.01
0.74,197,468,0.70,"603,965","1,645","103,483","4,473",0.73,0.04,0.02,0.01
0.75,191,442,0.70,"604,156","1,454","103,925","4,031",0.73,0.04,0.01,0.01
0.76,193,420,0.69,"604,349","1,261","104,345","3,611",0.74,0.03,0.01,0.01
0.77,151,425,0.74,"604,500","1,110","104,770","3,186",0.74,0.03,0.01,0.01
0.78,142,398,0.74,"604,642",968,"105,168","2,788",0.74,0.03,0.01,0.01
0.79,136,324,0.70,"604,778",832,"105,492","2,464",0.75,0.02,0.01,0.00
0.8,129,321,0.71,"604,907",703,"105,813","2,143",0.75,0.02,0.01,0.00
0.81,124,306,0.71,"605,031",579,"106,119","1,837",0.76,0.02,0.01,0.00
0.82,88,263,0.75,"605,119",491,"106,382","1,574",0.76,0.01,0.00,0.00
0.83,94,270,0.74,"605,213",397,"106,652","1,304",0.77,0.01,0.00,0.00
0.84,86,216,0.72,"605,299",311,"106,868","1,088",0.78,0.01,0.00,0.00
0.85,66,222,0.77,"605,365",245,"107,090",866,0.78,0.01,0.00,0.00
0.86,57,196,0.77,"605,422",188,"107,286",670,0.78,0.01,0.00,0.00
0.87,50,158,0.76,"605,472",138,"107,444",512,0.79,0.00,0.00,0.00
0.88,30,121,0.80,"605,502",108,"107,565",391,0.78,0.00,0.00,0.00
0.89,20,94,0.82,"605,522",88,"107,659",297,0.77,0.00,0.00,0.00
0.9,27,87,0.76,"605,549",61,"107,746",210,0.77,0.00,0.00,0.00
0.91,20,57,0.74,"605,569",41,"107,803",153,0.79,0.00,0.00,0.00
0.92,14,35,0.71,"605,583",27,"107,838",118,0.81,0.00,0.00,0.00
0.93,8,28,0.78,"605,591",19,"107,866",90,0.83,0.00,0.00,0.00
0.94,6,19,0.76,"605,597",13,"107,885",71,0.85,0.00,0.00,0.00
0.95,4,14,0.78,"605,601",9,"107,899",57,0.86,0.00,0.00,0.00
0.96,2,16,0.89,"605,603",7,"107,915",41,0.85,0.00,0.00,0.00
0.97,4,8,0.67,"605,607",3,"107,923",33,0.92,0.00,0.00,0.00
0.98,2,16,0.89,"605,609",1,"107,939",17,0.94,0.00,0.00,0.00
0.99,1,8,0.89,"605,610",0,"107,947",9,1.00,0.00,0.00,0.00
1.0,0,9,1.00,"605,610",0,"107,956",0,nan,0.00,0.00,0.00
