p,Neg,Pos,mPrec,TN,FP,FN,TP,Prec,Rec,FP/P,$\hat{p}$
0.0,"15,141",180,0.01,"15,141","590,469",180,"107,776",0.15,1.00,5.47,0.98
0.1,"64,345","1,604",0.02,"79,486","526,124","1,784","106,172",0.17,0.98,4.87,0.89
0.2,"89,497","4,170",0.04,"168,983","436,627","5,954","102,002",0.19,0.94,4.04,0.75
0.3,"95,232","7,258",0.07,"264,215","341,395","13,212","94,744",0.22,0.88,3.16,0.61
0.4,"89,290","10,512",0.11,"353,505","252,105","23,724","84,232",0.25,0.78,2.34,0.47
0.5,"77,597","12,921",0.14,"431,102","174,508","36,645","71,311",0.29,0.66,1.62,0.34
0.6,"62,914","14,885",0.19,"494,016","111,594","51,530","56,426",0.34,0.52,1.03,0.24
0.7,"47,523","15,447",0.25,"541,539","64,071","66,977","40,979",0.39,0.38,0.59,0.15
0.8,"32,591","15,031",0.32,"574,130","31,480","82,008","25,948",0.45,0.24,0.29,0.08
0.9,"20,199","13,810",0.41,"594,329","11,281","95,818","12,138",0.52,0.11,0.10,0.03
1.0,"11,281","12,138",0.52,"605,610",0,"107,956",0,nan,0.00,0.00,0.00
