p,Neg,Pos,mPrec,TN,FP,FN,TP,Prec,Rec,FP/P,$\hat{p}$
0.0,0,0,nan,0,"605,610",0,"107,956",0.15,1.00,5.61,1.00
0.1,"233,590","16,433",0.07,"233,590","372,020","16,433","91,523",0.20,0.85,3.45,0.65
0.2,"262,428","44,326",0.14,"496,018","109,592","60,759","47,197",0.30,0.44,1.02,0.22
0.3,"75,042","24,338",0.24,"571,060","34,550","85,097","22,859",0.40,0.21,0.32,0.08
0.4,"20,841","11,203",0.35,"591,901","13,709","96,300","11,656",0.46,0.11,0.13,0.04
0.5,"9,289","7,082",0.43,"601,190","4,420","103,382","4,574",0.51,0.04,0.04,0.01
0.6,"3,614","3,602",0.50,"604,804",806,"106,984",972,0.55,0.01,0.01,0.00
0.7,757,905,0.54,"605,561",49,"107,889",67,0.58,0.00,0.00,0.00
0.8,49,66,0.57,"605,610",0,"107,955",1,1.00,0.00,0.00,0.00
0.9,0,1,1.00,"605,610",0,"107,956",0,nan,0.00,0.00,0.00
1.0,0,0,nan,"605,610",0,"107,956",0,nan,0.00,0.00,0.00
