p,Neg,Pos,mPrec,TN,FP,FN,TP,Prec,Rec,FP/P,$\hat{p}$
0.0,"6,069",251,0.04,"6,069","599,541",251,"107,705",0.15,1.00,5.55,0.99
0.1,"77,133","4,534",0.06,"83,202","522,408","4,785","103,171",0.16,0.96,4.84,0.88
0.2,"41,865","3,261",0.07,"125,067","480,543","8,046","99,910",0.17,0.93,4.45,0.81
0.3,"56,890","6,001",0.10,"181,957","423,653","14,047","93,909",0.18,0.87,3.92,0.73
0.4,"89,595","11,890",0.12,"271,552","334,058","25,937","82,019",0.20,0.76,3.09,0.58
0.5,"98,138","15,941",0.14,"369,690","235,920","41,878","66,078",0.22,0.61,2.19,0.42
0.6,"85,198","16,962",0.17,"454,888","150,722","58,840","49,116",0.25,0.45,1.40,0.28
0.7,"56,739","14,761",0.21,"511,627","93,983","73,601","34,355",0.27,0.32,0.87,0.18
0.8,"59,460","19,734",0.25,"571,087","34,523","93,335","14,621",0.30,0.14,0.32,0.07
0.9,"23,469","9,305",0.28,"594,556","11,054","102,640","5,316",0.32,0.05,0.10,0.02
1.0,"11,054","5,316",0.32,"605,610",0,"107,956",0,nan,0.00,0.00,0.00
