p,Neg,Pos,$\frac{\text{Pos}}{\text{Neg}+\text{Pos}}$,TN,FP,FN,TP,Prec,Rec,$\frac{\text{FP}}{\text{P}}$
0.0,"30,287","1,523",0.05,"30,287","575,323","1,523","106,433",0.16,0.99,5.33
0.01,"7,827",412,0.05,"38,114","567,496","1,935","106,021",0.16,0.98,5.26
0.02,"7,176",409,0.05,"45,290","560,320","2,344","105,612",0.16,0.98,5.19
0.03,"8,101",466,0.05,"53,391","552,219","2,810","105,146",0.16,0.97,5.12
0.04,"9,038",570,0.06,"62,429","543,181","3,380","104,576",0.16,0.97,5.03
0.05,"8,198",542,0.06,"70,627","534,983","3,922","104,034",0.16,0.96,4.96
0.06,"7,463",532,0.07,"78,090","527,520","4,454","103,502",0.16,0.96,4.89
0.07,"6,911",436,0.06,"85,001","520,609","4,890","103,066",0.17,0.95,4.82
0.08,"5,743",416,0.07,"90,744","514,866","5,306","102,650",0.17,0.95,4.77
0.09,"5,028",334,0.06,"95,772","509,838","5,640","102,316",0.17,0.95,4.72
0.1,"4,552",338,0.07,"100,324","505,286","5,978","101,978",0.17,0.94,4.68
0.11,"3,604",294,0.08,"103,928","501,682","6,272","101,684",0.17,0.94,4.65
0.12,"3,721",290,0.07,"107,649","497,961","6,562","101,394",0.17,0.94,4.61
0.13,"2,983",233,0.07,"110,632","494,978","6,795","101,161",0.17,0.94,4.58
0.14,"2,874",186,0.06,"113,506","492,104","6,981","100,975",0.17,0.94,4.56
0.15,"2,416",195,0.07,"115,922","489,688","7,176","100,780",0.17,0.93,4.54
0.16,"2,452",233,0.09,"118,374","487,236","7,409","100,547",0.17,0.93,4.51
0.17,"2,713",286,0.10,"121,087","484,523","7,695","100,261",0.17,0.93,4.49
0.18,"2,813",243,0.08,"123,900","481,710","7,938","100,018",0.17,0.93,4.46
0.19,"2,721",249,0.08,"126,621","478,989","8,187","99,769",0.17,0.92,4.44
0.2,"2,986",273,0.08,"129,607","476,003","8,460","99,496",0.17,0.92,4.41
0.21,"3,390",359,0.10,"132,997","472,613","8,819","99,137",0.17,0.92,4.38
0.22,"3,765",411,0.10,"136,762","468,848","9,230","98,726",0.17,0.91,4.34
0.23,"4,141",438,0.10,"140,903","464,707","9,668","98,288",0.17,0.91,4.30
0.24,"4,584",486,0.10,"145,487","460,123","10,154","97,802",0.18,0.91,4.26
0.25,"5,083",515,0.09,"150,570","455,040","10,669","97,287",0.18,0.90,4.22
0.26,"5,484",542,0.09,"156,054","449,556","11,211","96,745",0.18,0.90,4.16
0.27,"5,979",644,0.10,"162,033","443,577","11,855","96,101",0.18,0.89,4.11
0.28,"6,199",680,0.10,"168,232","437,378","12,535","95,421",0.18,0.88,4.05
0.29,"6,357",679,0.10,"174,589","431,021","13,214","94,742",0.18,0.88,3.99
0.3,"6,735",741,0.10,"181,324","424,286","13,955","94,001",0.18,0.87,3.93
0.31,"6,881",856,0.11,"188,205","417,405","14,811","93,145",0.18,0.86,3.87
0.32,"7,008",891,0.11,"195,213","410,397","15,702","92,254",0.18,0.85,3.80
0.33,"6,847",768,0.10,"202,060","403,550","16,470","91,486",0.18,0.85,3.74
0.34,"6,923",817,0.11,"208,983","396,627","17,287","90,669",0.19,0.84,3.67
0.35,"7,488",982,0.12,"216,471","389,139","18,269","89,687",0.19,0.83,3.60
0.36,"7,492",952,0.11,"223,963","381,647","19,221","88,735",0.19,0.82,3.54
0.37,"7,590","1,022",0.12,"231,553","374,057","20,243","87,713",0.19,0.81,3.46
0.38,"8,124","1,070",0.12,"239,677","365,933","21,313","86,643",0.19,0.80,3.39
0.39,"7,900","1,034",0.12,"247,577","358,033","22,347","85,609",0.19,0.79,3.32
0.4,"8,353","1,297",0.13,"255,930","349,680","23,644","84,312",0.19,0.78,3.24
0.41,"8,797","1,270",0.13,"264,727","340,883","24,914","83,042",0.20,0.77,3.16
0.42,"8,750","1,290",0.13,"273,477","332,133","26,204","81,752",0.20,0.76,3.08
0.43,"8,893","1,329",0.13,"282,370","323,240","27,533","80,423",0.20,0.74,2.99
0.44,"8,515","1,272",0.13,"290,885","314,725","28,805","79,151",0.20,0.73,2.92
0.45,"9,095","1,373",0.13,"299,980","305,630","30,178","77,778",0.20,0.72,2.83
0.46,"8,550","1,298",0.13,"308,530","297,080","31,476","76,480",0.20,0.71,2.75
0.47,"8,396","1,393",0.14,"316,926","288,684","32,869","75,087",0.21,0.70,2.67
0.48,"8,250","1,322",0.14,"325,176","280,434","34,191","73,765",0.21,0.68,2.60
0.49,"7,825","1,321",0.14,"333,001","272,609","35,512","72,444",0.21,0.67,2.53
0.5,"8,232","1,414",0.15,"341,233","264,377","36,926","71,030",0.21,0.66,2.45
0.51,"8,006","1,356",0.14,"349,239","256,371","38,282","69,674",0.21,0.65,2.37
0.52,"8,569","1,493",0.15,"357,808","247,802","39,775","68,181",0.22,0.63,2.30
0.53,"8,110","1,436",0.15,"365,918","239,692","41,211","66,745",0.22,0.62,2.22
0.54,"8,353","1,458",0.15,"374,271","231,339","42,669","65,287",0.22,0.60,2.14
0.55,"8,644","1,564",0.15,"382,915","222,695","44,233","63,723",0.22,0.59,2.06
0.56,"9,293","1,705",0.16,"392,208","213,402","45,938","62,018",0.23,0.57,1.98
0.57,"7,984","1,511",0.16,"400,192","205,418","47,449","60,507",0.23,0.56,1.90
0.58,"7,888","1,634",0.17,"408,080","197,530","49,083","58,873",0.23,0.55,1.83
0.59,"7,761","1,579",0.17,"415,841","189,769","50,662","57,294",0.23,0.53,1.76
0.6,"7,467","1,594",0.18,"423,308","182,302","52,256","55,700",0.23,0.52,1.69
0.61,"6,961","1,425",0.17,"430,269","175,341","53,681","54,275",0.24,0.50,1.62
0.62,"7,031","1,468",0.17,"437,300","168,310","55,149","52,807",0.24,0.49,1.56
0.63,"6,541","1,410",0.18,"443,841","161,769","56,559","51,397",0.24,0.48,1.50
0.64,"5,676","1,146",0.17,"449,517","156,093","57,705","50,251",0.24,0.47,1.45
0.65,"4,751","1,004",0.17,"454,268","151,342","58,709","49,247",0.25,0.46,1.40
0.66,"4,468","1,072",0.19,"458,736","146,874","59,781","48,175",0.25,0.45,1.36
0.67,"4,508","1,113",0.20,"463,244","142,366","60,894","47,062",0.25,0.44,1.32
0.68,"4,513","1,030",0.19,"467,757","137,853","61,924","46,032",0.25,0.43,1.28
0.69,"4,178","1,012",0.19,"471,935","133,675","62,936","45,020",0.25,0.42,1.24
0.7,"4,435","1,016",0.19,"476,370","129,240","63,952","44,004",0.25,0.41,1.20
0.71,"4,530","1,127",0.20,"480,900","124,710","65,079","42,877",0.26,0.40,1.16
0.72,"4,377","1,136",0.21,"485,277","120,333","66,215","41,741",0.26,0.39,1.11
0.73,"5,165","1,394",0.21,"490,442","115,168","67,609","40,347",0.26,0.37,1.07
0.74,"5,326","1,491",0.22,"495,768","109,842","69,100","38,856",0.26,0.36,1.02
0.75,"5,701","1,632",0.22,"501,469","104,141","70,732","37,224",0.26,0.34,0.96
0.76,"5,512","1,513",0.22,"506,981","98,629","72,245","35,711",0.27,0.33,0.91
0.77,"5,983","1,790",0.23,"512,964","92,646","74,035","33,921",0.27,0.31,0.86
0.78,"6,732","1,965",0.23,"519,696","85,914","76,000","31,956",0.27,0.30,0.80
0.79,"6,228","1,940",0.24,"525,924","79,686","77,940","30,016",0.27,0.28,0.74
0.8,"5,961","1,864",0.24,"531,885","73,725","79,804","28,152",0.28,0.26,0.68
0.81,"5,632","1,901",0.25,"537,517","68,093","81,705","26,251",0.28,0.24,0.63
0.82,"5,950","1,949",0.25,"543,467","62,143","83,654","24,302",0.28,0.23,0.58
0.83,"5,174","1,776",0.26,"548,641","56,969","85,430","22,526",0.28,0.21,0.53
0.84,"5,017","1,618",0.24,"553,658","51,952","87,048","20,908",0.29,0.19,0.48
0.85,"4,636","1,554",0.25,"558,294","47,316","88,602","19,354",0.29,0.18,0.44
0.86,"4,275","1,608",0.27,"562,569","43,041","90,210","17,746",0.29,0.16,0.40
0.87,"3,690","1,413",0.28,"566,259","39,351","91,623","16,333",0.29,0.15,0.36
0.88,"3,320","1,198",0.27,"569,579","36,031","92,821","15,135",0.30,0.14,0.33
0.89,"3,211","1,165",0.27,"572,790","32,820","93,986","13,970",0.30,0.13,0.30
0.9,"2,993","1,149",0.28,"575,783","29,827","95,135","12,821",0.30,0.12,0.28
0.91,"2,584","1,034",0.29,"578,367","27,243","96,169","11,787",0.30,0.11,0.25
0.92,"2,345",929,0.28,"580,712","24,898","97,098","10,858",0.30,0.10,0.23
0.93,"2,548",939,0.27,"583,260","22,350","98,037","9,919",0.31,0.09,0.21
0.94,"2,134",829,0.28,"585,394","20,216","98,866","9,090",0.31,0.08,0.19
0.95,"1,759",657,0.27,"587,153","18,457","99,523","8,433",0.31,0.08,0.17
0.96,"1,720",647,0.27,"588,873","16,737","100,170","7,786",0.32,0.07,0.16
0.97,"1,754",722,0.29,"590,627","14,983","100,892","7,064",0.32,0.07,0.14
0.98,"1,342",592,0.31,"591,969","13,641","101,484","6,472",0.32,0.06,0.13
0.99,"1,292",612,0.32,"593,261","12,349","102,096","5,860",0.32,0.05,0.11
1.0,"12,349","5,860",0.32,"605,610",0,"107,956",0,nan,0.00,0.00
