p,Neg,Pos,$\frac{\text{Pos}}{\text{Neg}+\text{Pos}}$,TN,FP,FN,TP,Prec,Rec,$\frac{\text{FP}}{\text{P}}$
0.0,"30,281",977,0.03,"30,281","575,329",977,"106,979",0.16,0.99,5.33
0.05,"25,935","1,211",0.04,"56,216","549,394","2,188","105,768",0.16,0.98,5.09
0.1,"30,486","1,706",0.05,"86,702","518,908","3,894","104,062",0.17,0.96,4.81
0.15,"35,053","2,360",0.06,"121,755","483,855","6,254","101,702",0.17,0.94,4.48
0.2,"38,664","3,034",0.07,"160,419","445,191","9,288","98,668",0.18,0.91,4.12
0.25,"42,198","3,826",0.08,"202,617","402,993","13,114","94,842",0.19,0.88,3.73
0.3,"44,963","4,798",0.10,"247,580","358,030","17,912","90,044",0.20,0.83,3.32
0.35,"47,119","5,760",0.11,"294,699","310,911","23,672","84,284",0.21,0.78,2.88
0.4,"46,565","6,652",0.12,"341,264","264,346","30,324","77,632",0.23,0.72,2.45
0.45,"44,746","7,221",0.14,"386,010","219,600","37,545","70,411",0.24,0.65,2.03
0.5,"41,840","7,783",0.16,"427,850","177,760","45,328","62,628",0.26,0.58,1.65
0.55,"37,405","7,936",0.18,"465,255","140,355","53,264","54,692",0.28,0.51,1.30
0.6,"31,348","7,614",0.20,"496,603","109,007","60,878","47,078",0.30,0.44,1.01
0.65,"26,382","7,377",0.22,"522,985","82,625","68,255","39,701",0.32,0.37,0.77
0.7,"21,183","6,606",0.24,"544,168","61,442","74,861","33,095",0.35,0.31,0.57
0.75,"16,352","5,881",0.26,"560,520","45,090","80,742","27,214",0.38,0.25,0.42
0.8,"12,301","5,266",0.30,"572,821","32,789","86,008","21,948",0.40,0.20,0.30
0.85,"9,160","4,563",0.33,"581,981","23,629","90,571","17,385",0.42,0.16,0.22
0.9,"7,415","4,245",0.36,"589,396","16,214","94,816","13,140",0.45,0.12,0.15
0.95,"5,880","3,924",0.40,"595,276","10,334","98,740","9,216",0.47,0.09,0.10
1.0,"10,334","9,216",0.47,"605,610",0,"107,956",0,nan,0.00,0.00
