p,Neg,Pos,$\frac{\text{Pos}}{\text{Neg}+\text{Pos}}$,TN,FP,FN,TP,Prec,Rec,$\frac{\text{FP}}{\text{P}}$
0.0,1,0,0.00,1,"605,609",0,"107,956",0.15,1.00,5.61
0.01,179,3,0.02,180,"605,430",3,"107,953",0.15,1.00,5.61
0.02,"2,186",55,0.02,"2,366","603,244",58,"107,898",0.15,1.00,5.59
0.03,"9,261",264,0.03,"11,627","593,983",322,"107,634",0.15,1.00,5.50
0.04,"20,000",724,0.03,"31,627","573,983","1,046","106,910",0.16,0.99,5.32
0.05,"25,200","1,198",0.05,"56,827","548,783","2,244","105,712",0.16,0.98,5.08
0.06,"27,202","1,537",0.05,"84,029","521,581","3,781","104,175",0.17,0.96,4.83
0.07,"29,299","1,913",0.06,"113,328","492,282","5,694","102,262",0.17,0.95,4.56
0.08,"29,528","2,258",0.07,"142,856","462,754","7,952","100,004",0.18,0.93,4.29
0.09,"30,280","2,490",0.08,"173,136","432,474","10,442","97,514",0.18,0.90,4.01
0.1,"30,553","2,860",0.09,"203,689","401,921","13,302","94,654",0.19,0.88,3.72
0.11,"30,303","3,171",0.09,"233,992","371,618","16,473","91,483",0.20,0.85,3.44
0.12,"30,108","3,435",0.10,"264,100","341,510","19,908","88,048",0.20,0.82,3.16
0.13,"29,235","3,714",0.11,"293,335","312,275","23,622","84,334",0.21,0.78,2.89
0.14,"27,862","3,812",0.12,"321,197","284,413","27,434","80,522",0.22,0.75,2.63
0.15,"25,981","3,850",0.13,"347,178","258,432","31,284","76,672",0.23,0.71,2.39
0.16,"24,508","3,870",0.14,"371,686","233,924","35,154","72,802",0.24,0.67,2.17
0.17,"22,474","3,908",0.15,"394,160","211,450","39,062","68,894",0.25,0.64,1.96
0.18,"20,932","3,855",0.16,"415,092","190,518","42,917","65,039",0.25,0.60,1.76
0.19,"18,930","3,734",0.16,"434,022","171,588","46,651","61,305",0.26,0.57,1.59
0.2,"17,358","3,605",0.17,"451,380","154,230","50,256","57,700",0.27,0.53,1.43
0.21,"15,687","3,369",0.18,"467,067","138,543","53,625","54,331",0.28,0.50,1.28
0.22,"13,807","3,293",0.19,"480,874","124,736","56,918","51,038",0.29,0.47,1.16
0.23,"12,226","3,070",0.20,"493,100","112,510","59,988","47,968",0.30,0.44,1.04
0.24,"11,038","2,895",0.21,"504,138","101,472","62,883","45,073",0.31,0.42,0.94
0.25,"10,026","2,753",0.22,"514,164","91,446","65,636","42,320",0.32,0.39,0.85
0.26,"8,752","2,517",0.22,"522,916","82,694","68,153","39,803",0.32,0.37,0.77
0.27,"7,953","2,345",0.23,"530,869","74,741","70,498","37,458",0.33,0.35,0.69
0.28,"7,108","2,222",0.24,"537,977","67,633","72,720","35,236",0.34,0.33,0.63
0.29,"6,285","2,094",0.25,"544,262","61,348","74,814","33,142",0.35,0.31,0.57
0.3,"5,526","1,934",0.26,"549,788","55,822","76,748","31,208",0.36,0.29,0.52
0.31,"4,835","1,748",0.27,"554,623","50,987","78,496","29,460",0.37,0.27,0.47
0.32,"4,400","1,584",0.26,"559,023","46,587","80,080","27,876",0.37,0.26,0.43
0.33,"3,868","1,556",0.29,"562,891","42,719","81,636","26,320",0.38,0.24,0.40
0.34,"3,489","1,441",0.29,"566,380","39,230","83,077","24,879",0.39,0.23,0.36
0.35,"3,109","1,350",0.30,"569,489","36,121","84,427","23,529",0.39,0.22,0.33
0.36,"2,879","1,249",0.30,"572,368","33,242","85,676","22,280",0.40,0.21,0.31
0.37,"2,495","1,179",0.32,"574,863","30,747","86,855","21,101",0.41,0.20,0.28
0.38,"2,282","1,103",0.33,"577,145","28,465","87,958","19,998",0.41,0.19,0.26
0.39,"2,042","1,046",0.34,"579,187","26,423","89,004","18,952",0.42,0.18,0.24
0.4,"1,908",959,0.33,"581,095","24,515","89,963","17,993",0.42,0.17,0.23
0.41,"1,721",942,0.35,"582,816","22,794","90,905","17,051",0.43,0.16,0.21
0.42,"1,709",817,0.32,"584,525","21,085","91,722","16,234",0.44,0.15,0.20
0.43,"1,526",878,0.37,"586,051","19,559","92,600","15,356",0.44,0.14,0.18
0.44,"1,386",833,0.38,"587,437","18,173","93,433","14,523",0.44,0.13,0.17
0.45,"1,270",787,0.38,"588,707","16,903","94,220","13,736",0.45,0.13,0.16
0.46,"1,170",774,0.40,"589,877","15,733","94,994","12,962",0.45,0.12,0.15
0.47,"1,127",751,0.40,"591,004","14,606","95,745","12,211",0.46,0.11,0.14
0.48,"1,066",694,0.39,"592,070","13,540","96,439","11,517",0.46,0.11,0.13
0.49,"1,018",666,0.40,"593,088","12,522","97,105","10,851",0.46,0.10,0.12
0.5,951,642,0.40,"594,039","11,571","97,747","10,209",0.47,0.09,0.11
0.51,954,678,0.42,"594,993","10,617","98,425","9,531",0.47,0.09,0.10
0.52,893,573,0.39,"595,886","9,724","98,998","8,958",0.48,0.08,0.09
0.53,754,614,0.45,"596,640","8,970","99,612","8,344",0.48,0.08,0.08
0.54,764,585,0.43,"597,404","8,206","100,197","7,759",0.49,0.07,0.08
0.55,730,583,0.44,"598,134","7,476","100,780","7,176",0.49,0.07,0.07
0.56,708,551,0.44,"598,842","6,768","101,331","6,625",0.49,0.06,0.06
0.57,631,525,0.45,"599,473","6,137","101,856","6,100",0.50,0.06,0.06
0.58,577,513,0.47,"600,050","5,560","102,369","5,587",0.50,0.05,0.05
0.59,563,490,0.47,"600,613","4,997","102,859","5,097",0.50,0.05,0.05
0.6,541,484,0.47,"601,154","4,456","103,343","4,613",0.51,0.04,0.04
0.61,471,460,0.49,"601,625","3,985","103,803","4,153",0.51,0.04,0.04
0.62,442,407,0.48,"602,067","3,543","104,210","3,746",0.51,0.03,0.03
0.63,417,406,0.49,"602,484","3,126","104,616","3,340",0.52,0.03,0.03
0.64,379,360,0.49,"602,863","2,747","104,976","2,980",0.52,0.03,0.03
0.65,311,333,0.52,"603,174","2,436","105,309","2,647",0.52,0.02,0.02
0.66,277,274,0.50,"603,451","2,159","105,583","2,373",0.52,0.02,0.02
0.67,275,268,0.49,"603,726","1,884","105,851","2,105",0.53,0.02,0.02
0.68,230,251,0.52,"603,956","1,654","106,102","1,854",0.53,0.02,0.02
0.69,246,223,0.48,"604,202","1,408","106,325","1,631",0.54,0.02,0.01
0.7,208,187,0.47,"604,410","1,200","106,512","1,444",0.55,0.01,0.01
0.71,199,215,0.52,"604,609","1,001","106,727","1,229",0.55,0.01,0.01
0.72,153,195,0.56,"604,762",848,"106,922","1,034",0.55,0.01,0.01
0.73,136,178,0.57,"604,898",712,"107,100",856,0.55,0.01,0.01
0.74,134,141,0.51,"605,032",578,"107,241",715,0.55,0.01,0.01
0.75,122,116,0.49,"605,154",456,"107,357",599,0.57,0.01,0.00
0.76,88,93,0.51,"605,242",368,"107,450",506,0.58,0.00,0.00
0.77,75,91,0.55,"605,317",293,"107,541",415,0.59,0.00,0.00
0.78,59,85,0.59,"605,376",234,"107,626",330,0.59,0.00,0.00
0.79,46,74,0.62,"605,422",188,"107,700",256,0.58,0.00,0.00
0.8,33,47,0.59,"605,455",155,"107,747",209,0.57,0.00,0.00
0.81,37,39,0.51,"605,492",118,"107,786",170,0.59,0.00,0.00
0.82,24,34,0.59,"605,516",94,"107,820",136,0.59,0.00,0.00
0.83,25,22,0.47,"605,541",69,"107,842",114,0.62,0.00,0.00
0.84,10,36,0.78,"605,551",59,"107,878",78,0.57,0.00,0.00
0.85,21,20,0.49,"605,572",38,"107,898",58,0.60,0.00,0.00
0.86,9,17,0.65,"605,581",29,"107,915",41,0.59,0.00,0.00
0.87,7,8,0.53,"605,588",22,"107,923",33,0.60,0.00,0.00
0.88,11,10,0.48,"605,599",11,"107,933",23,0.68,0.00,0.00
0.89,6,7,0.54,"605,605",5,"107,940",16,0.76,0.00,0.00
0.9,2,7,0.78,"605,607",3,"107,947",9,0.75,0.00,0.00
0.91,0,2,1.00,"605,607",3,"107,949",7,0.70,0.00,0.00
0.92,2,3,0.60,"605,609",1,"107,952",4,0.80,0.00,0.00
0.93,0,1,1.00,"605,609",1,"107,953",3,0.75,0.00,0.00
0.94,1,2,0.67,"605,610",0,"107,955",1,1.00,0.00,0.00
0.95,0,0,nan,"605,610",0,"107,955",1,1.00,0.00,0.00
0.96,0,0,nan,"605,610",0,"107,955",1,1.00,0.00,0.00
0.97,0,0,nan,"605,610",0,"107,955",1,1.00,0.00,0.00
0.98,0,0,nan,"605,610",0,"107,955",1,1.00,0.00,0.00
0.99,0,0,nan,"605,610",0,"107,955",1,1.00,0.00,0.00
1.0,0,1,1.00,"605,610",0,"107,956",0,nan,0.00,0.00
