,min,max,Neg,Pos,$\frac{\text{Pos}}{\text{Neg}+\text{Pos}}$,TN,FP,FN,TP,Prec,Rec,FP/P
0,0.0036,0.0263,"31,100",497,0.0157,"31,100","574,510",497,"107,459",0.1576,0.9954,5.3217
1,0.0263,0.0352,"30,798",800,0.0253,"61,898","543,712","1,297","106,659",0.1640,0.9880,5.0364
2,0.0352,0.0415,"24,567",800,0.0315,"86,465","519,145","2,097","105,859",0.1694,0.9806,4.8089
3,0.0415,0.0467,"20,156",800,0.0382,"106,621","498,989","2,897","105,059",0.1739,0.9732,4.6222
4,0.0467,0.0512,"18,433",800,0.0416,"125,054","480,556","3,697","104,259",0.1783,0.9658,4.4514
5,0.0512,0.0552,"16,438",800,0.0464,"141,492","464,118","4,497","103,459",0.1823,0.9583,4.2991
6,0.0553,0.0588,"14,336",800,0.0529,"155,828","449,782","5,297","102,659",0.1858,0.9509,4.1663
7,0.0588,0.0623,"13,514",800,0.0559,"169,342","436,268","6,097","101,859",0.1893,0.9435,4.0412
8,0.0623,0.0656,"12,694",800,0.0593,"182,036","423,574","6,897","101,059",0.1926,0.9361,3.9236
9,0.0656,0.0687,"12,028",800,0.0624,"194,064","411,546","7,697","100,259",0.1959,0.9287,3.8122
10,0.0687,0.0716,"10,973",800,0.0680,"205,037","400,573","8,497","99,459",0.1989,0.9213,3.7105
11,0.0716,0.0745,"10,827",800,0.0688,"215,864","389,746","9,297","98,659",0.2020,0.9139,3.6102
12,0.0745,0.0773,"9,996",800,0.0741,"225,860","379,750","10,097","97,859",0.2049,0.9065,3.5176
13,0.0773,0.0801,"10,112",800,0.0733,"235,972","369,638","10,897","97,059",0.2080,0.8991,3.4240
14,0.0801,0.0829,"9,730",800,0.0760,"245,702","359,908","11,697","96,259",0.2110,0.8917,3.3338
15,0.0829,0.0854,"8,540",800,0.0857,"254,242","351,368","12,497","95,459",0.2136,0.8842,3.2547
16,0.0854,0.0879,"8,331",800,0.0876,"262,573","343,037","13,297","94,659",0.2163,0.8768,3.1776
17,0.0879,0.0904,"8,120",800,0.0897,"270,693","334,917","14,097","93,859",0.2189,0.8694,3.1023
18,0.0904,0.0929,"7,989",800,0.0910,"278,682","326,928","14,897","93,059",0.2216,0.8620,3.0283
19,0.0929,0.0953,"7,792",800,0.0931,"286,474","319,136","15,697","92,259",0.2243,0.8546,2.9562
20,0.0953,0.0978,"7,446",800,0.0970,"293,920","311,690","16,497","91,459",0.2269,0.8472,2.8872
21,0.0978,0.1002,"7,020",800,0.1023,"300,940","304,670","17,297","90,659",0.2293,0.8398,2.8222
22,0.1002,0.1025,"6,675",800,0.1070,"307,615","297,995","18,097","89,859",0.2317,0.8324,2.7603
23,0.1025,0.1049,"6,887",800,0.1041,"314,502","291,108","18,897","89,059",0.2343,0.8250,2.6965
24,0.1049,0.1072,"6,520",800,0.1093,"321,022","284,588","19,697","88,259",0.2367,0.8175,2.6361
25,0.1072,0.1095,"6,362",800,0.1117,"327,384","278,226","20,497","87,459",0.2392,0.8101,2.5772
26,0.1095,0.1117,"6,055",800,0.1167,"333,439","272,171","21,297","86,659",0.2415,0.8027,2.5211
27,0.1117,0.1141,"6,238",800,0.1137,"339,677","265,933","22,097","85,859",0.2441,0.7953,2.4633
28,0.1141,0.1164,"5,800",800,0.1212,"345,477","260,133","22,897","85,059",0.2464,0.7879,2.4096
29,0.1164,0.1187,"5,612",800,0.1248,"351,089","254,521","23,697","84,259",0.2487,0.7805,2.3576
30,0.1187,0.1209,"5,457",800,0.1279,"356,546","249,064","24,497","83,459",0.2510,0.7731,2.3071
31,0.1209,0.1232,"5,503",800,0.1269,"362,049","243,561","25,297","82,659",0.2534,0.7657,2.2561
32,0.1232,0.1256,"5,580",800,0.1254,"367,629","237,981","26,097","81,859",0.2559,0.7583,2.2044
33,0.1256,0.1281,"5,650",800,0.1240,"373,279","232,331","26,897","81,059",0.2587,0.7509,2.1521
34,0.1281,0.1305,"5,366",800,0.1297,"378,645","226,965","27,697","80,259",0.2612,0.7434,2.1024
35,0.1305,0.1327,"4,809",800,0.1426,"383,454","222,156","28,497","79,459",0.2634,0.7360,2.0578
36,0.1327,0.1350,"5,001",800,0.1379,"388,455","217,155","29,297","78,659",0.2659,0.7286,2.0115
37,0.1350,0.1374,"5,057",800,0.1366,"393,512","212,098","30,097","77,859",0.2685,0.7212,1.9647
38,0.1374,0.1397,"4,745",800,0.1443,"398,257","207,353","30,897","77,059",0.2709,0.7138,1.9207
39,0.1397,0.1421,"4,650",800,0.1468,"402,907","202,703","31,697","76,259",0.2734,0.7064,1.8776
40,0.1421,0.1444,"4,767",800,0.1437,"407,674","197,936","32,497","75,459",0.2760,0.6990,1.8335
41,0.1444,0.1468,"4,395",800,0.1540,"412,069","193,541","33,297","74,659",0.2784,0.6916,1.7928
42,0.1468,0.1492,"4,408",800,0.1536,"416,477","189,133","34,097","73,859",0.2808,0.6842,1.7519
43,0.1492,0.1517,"4,485",800,0.1514,"420,962","184,648","34,897","73,059",0.2835,0.6767,1.7104
44,0.1517,0.1542,"4,355",800,0.1552,"425,317","180,293","35,697","72,259",0.2861,0.6693,1.6701
45,0.1542,0.1566,"4,114",800,0.1628,"429,431","176,179","36,497","71,459",0.2886,0.6619,1.6320
46,0.1566,0.1591,"4,117",800,0.1627,"433,548","172,062","37,297","70,659",0.2911,0.6545,1.5938
47,0.1591,0.1615,"3,815",800,0.1733,"437,363","168,247","38,097","69,859",0.2934,0.6471,1.5585
48,0.1615,0.1637,"3,468",800,0.1874,"440,831","164,779","38,897","69,059",0.2953,0.6397,1.5264
49,0.1637,0.1661,"3,776",800,0.1748,"444,607","161,003","39,697","68,259",0.2977,0.6323,1.4914
50,0.1661,0.1686,"3,730",800,0.1766,"448,337","157,273","40,497","67,459",0.3002,0.6249,1.4568
51,0.1686,0.1711,"3,805",800,0.1737,"452,142","153,468","41,297","66,659",0.3028,0.6175,1.4216
52,0.1711,0.1737,"3,690",800,0.1782,"455,832","149,778","42,097","65,859",0.3054,0.6101,1.3874
53,0.1737,0.1763,"3,538",800,0.1844,"459,370","146,240","42,897","65,059",0.3079,0.6026,1.3546
54,0.1763,0.1788,"3,402",800,0.1904,"462,772","142,838","43,697","64,259",0.3103,0.5952,1.3231
55,0.1788,0.1815,"3,456",800,0.1880,"466,228","139,382","44,497","63,459",0.3129,0.5878,1.2911
56,0.1815,0.1842,"3,534",800,0.1846,"469,762","135,848","45,297","62,659",0.3157,0.5804,1.2584
57,0.1842,0.1869,"3,502",800,0.1860,"473,264","132,346","46,097","61,859",0.3185,0.5730,1.2259
58,0.1869,0.1894,"3,085",800,0.2059,"476,349","129,261","46,897","61,059",0.3208,0.5656,1.1973
59,0.1894,0.1920,"3,031",800,0.2088,"479,380","126,230","47,697","60,259",0.3231,0.5582,1.1693
60,0.1920,0.1945,"2,925",800,0.2148,"482,305","123,305","48,497","59,459",0.3253,0.5508,1.1422
61,0.1945,0.1972,"3,011",800,0.2099,"485,316","120,294","49,297","58,659",0.3278,0.5434,1.1143
62,0.1972,0.2000,"3,184",800,0.2008,"488,500","117,110","50,097","57,859",0.3307,0.5359,1.0848
63,0.2000,0.2029,"3,127",800,0.2037,"491,627","113,983","50,897","57,059",0.3336,0.5285,1.0558
64,0.2029,0.2057,"2,888",800,0.2169,"494,515","111,095","51,697","56,259",0.3362,0.5211,1.0291
65,0.2057,0.2087,"2,998",800,0.2106,"497,513","108,097","52,497","55,459",0.3391,0.5137,1.0013
66,0.2087,0.2114,"2,725",800,0.2270,"500,238","105,372","53,297","54,659",0.3416,0.5063,0.9761
67,0.2114,0.2142,"2,703",800,0.2284,"502,941","102,669","54,097","53,859",0.3441,0.4989,0.9510
68,0.2142,0.2172,"2,830",800,0.2204,"505,771","99,839","54,897","53,059",0.3470,0.4915,0.9248
69,0.2172,0.2203,"2,726",800,0.2269,"508,497","97,113","55,697","52,259",0.3499,0.4841,0.8996
70,0.2203,0.2234,"2,682",800,0.2298,"511,179","94,431","56,497","51,459",0.3527,0.4767,0.8747
71,0.2234,0.2265,"2,647",800,0.2321,"513,826","91,784","57,297","50,659",0.3556,0.4693,0.8502
72,0.2265,0.2294,"2,398",800,0.2502,"516,224","89,386","58,097","49,859",0.3581,0.4618,0.8280
73,0.2294,0.2328,"2,664",800,0.2309,"518,888","86,722","58,897","49,059",0.3613,0.4544,0.8033
74,0.2328,0.2360,"2,483",800,0.2437,"521,371","84,239","59,697","48,259",0.3642,0.4470,0.7803
75,0.2360,0.2394,"2,614",800,0.2343,"523,985","81,625","60,497","47,459",0.3677,0.4396,0.7561
76,0.2394,0.2428,"2,371",800,0.2523,"526,356","79,254","61,297","46,659",0.3706,0.4322,0.7341
77,0.2428,0.2463,"2,393",800,0.2505,"528,749","76,861","62,097","45,859",0.3737,0.4248,0.7120
78,0.2463,0.2497,"2,284",800,0.2594,"531,033","74,577","62,897","45,059",0.3766,0.4174,0.6908
79,0.2497,0.2529,"2,146",800,0.2716,"533,179","72,431","63,697","44,259",0.3793,0.4100,0.6709
80,0.2529,0.2563,"2,127",800,0.2733,"535,306","70,304","64,497","43,459",0.3820,0.4026,0.6512
81,0.2563,0.2599,"2,268",800,0.2608,"537,574","68,036","65,297","42,659",0.3854,0.3952,0.6302
82,0.2599,0.2635,"2,189",800,0.2676,"539,763","65,847","66,097","41,859",0.3886,0.3877,0.6099
83,0.2635,0.2672,"2,200",800,0.2667,"541,963","63,647","66,897","41,059",0.3921,0.3803,0.5896
84,0.2672,0.2709,"2,154",800,0.2708,"544,117","61,493","67,697","40,259",0.3957,0.3729,0.5696
85,0.2709,0.2748,"2,071",800,0.2786,"546,188","59,422","68,497","39,459",0.3991,0.3655,0.5504
86,0.2748,0.2783,"1,821",800,0.3052,"548,009","57,601","69,297","38,659",0.4016,0.3581,0.5336
87,0.2783,0.2823,"1,944",800,0.2915,"549,953","55,657","70,097","37,859",0.4048,0.3507,0.5156
88,0.2823,0.2864,"1,938",800,0.2922,"551,891","53,719","70,897","37,059",0.4082,0.3433,0.4976
89,0.2864,0.2907,"2,020",800,0.2837,"553,911","51,699","71,697","36,259",0.4122,0.3359,0.4789
90,0.2908,0.2953,"1,990",800,0.2867,"555,901","49,709","72,497","35,459",0.4163,0.3285,0.4605
91,0.2953,0.2996,"1,867",800,0.3000,"557,768","47,842","73,297","34,659",0.4201,0.3210,0.4432
92,0.2996,0.3042,"1,818",800,0.3056,"559,586","46,024","74,097","33,859",0.4239,0.3136,0.4263
93,0.3042,0.3084,"1,618",800,0.3309,"561,204","44,406","74,897","33,059",0.4268,0.3062,0.4113
94,0.3084,0.3128,"1,592",800,0.3344,"562,796","42,814","75,697","32,259",0.4297,0.2988,0.3966
95,0.3128,0.3176,"1,738",800,0.3152,"564,534","41,076","76,497","31,459",0.4337,0.2914,0.3805
96,0.3176,0.3222,"1,607",800,0.3324,"566,141","39,469","77,297","30,659",0.4372,0.2840,0.3656
97,0.3222,0.3270,"1,615",800,0.3313,"567,756","37,854","78,097","29,859",0.4410,0.2766,0.3506
98,0.3270,0.3319,"1,527",800,0.3438,"569,283","36,327","78,897","29,059",0.4444,0.2692,0.3365
99,0.3319,0.3368,"1,432",800,0.3584,"570,715","34,895","79,697","28,259",0.4475,0.2618,0.3232
100,0.3368,0.3419,"1,430",800,0.3587,"572,145","33,465","80,497","27,459",0.4507,0.2544,0.3100
101,0.3419,0.3476,"1,535",800,0.3426,"573,680","31,930","81,297","26,659",0.4550,0.2469,0.2958
102,0.3476,0.3531,"1,538",800,0.3422,"575,218","30,392","82,097","25,859",0.4597,0.2395,0.2815
103,0.3531,0.3585,"1,297",800,0.3815,"576,515","29,095","82,897","25,059",0.4627,0.2321,0.2695
104,0.3585,0.3642,"1,410",800,0.3620,"577,925","27,685","83,697","24,259",0.4670,0.2247,0.2564
105,0.3642,0.3700,"1,318",800,0.3777,"579,243","26,367","84,497","23,459",0.4708,0.2173,0.2442
106,0.3700,0.3759,"1,268",800,0.3868,"580,511","25,099","85,297","22,659",0.4745,0.2099,0.2325
107,0.3759,0.3821,"1,303",800,0.3804,"581,814","23,796","86,097","21,859",0.4788,0.2025,0.2204
108,0.3821,0.3883,"1,260",800,0.3883,"583,074","22,536","86,897","21,059",0.4831,0.1951,0.2088
109,0.3883,0.3948,"1,191",800,0.4018,"584,265","21,345","87,697","20,259",0.4869,0.1877,0.1977
110,0.3948,0.4014,"1,201",800,0.3998,"585,466","20,144","88,497","19,459",0.4914,0.1802,0.1866
111,0.4014,0.4081,"1,187",800,0.4026,"586,653","18,957","89,297","18,659",0.4960,0.1728,0.1756
112,0.4081,0.4148,"1,077",800,0.4262,"587,730","17,880","90,097","17,859",0.4997,0.1654,0.1656
113,0.4148,0.4225,"1,148",800,0.4107,"588,878","16,732","90,897","17,059",0.5048,0.1580,0.1550
114,0.4225,0.4300,"1,045",800,0.4336,"589,923","15,687","91,697","16,259",0.5090,0.1506,0.1453
115,0.4300,0.4381,"1,051",800,0.4322,"590,974","14,636","92,497","15,459",0.5137,0.1432,0.1356
116,0.4381,0.4460,974,800,0.4510,"591,948","13,662","93,297","14,659",0.5176,0.1358,0.1266
117,0.4460,0.4546,975,800,0.4507,"592,923","12,687","94,097","13,859",0.5221,0.1284,0.1175
118,0.4546,0.4640,969,800,0.4522,"593,892","11,718","94,897","13,059",0.5271,0.1210,0.1085
119,0.4640,0.4733,886,800,0.4745,"594,778","10,832","95,697","12,259",0.5309,0.1136,0.1003
120,0.4733,0.4835,962,800,0.4540,"595,740","9,870","96,497","11,459",0.5372,0.1061,0.0914
121,0.4835,0.4941,909,800,0.4681,"596,649","8,961","97,297","10,659",0.5433,0.0987,0.0830
122,0.4941,0.5052,853,800,0.4840,"597,502","8,108","98,097","9,859",0.5487,0.0913,0.0751
123,0.5052,0.5179,908,800,0.4684,"598,410","7,200","98,897","9,059",0.5572,0.0839,0.0667
124,0.5179,0.5302,800,807,0.5022,"599,210","6,400","99,704","8,252",0.5632,0.0764,0.0593
125,0.5302,0.5443,800,805,0.5016,"600,010","5,600","100,509","7,447",0.5708,0.0690,0.0519
126,0.5443,0.5594,800,823,0.5071,"600,810","4,800","101,332","6,624",0.5798,0.0614,0.0445
127,0.5594,0.5786,800,892,0.5272,"601,610","4,000","102,224","5,732",0.5890,0.0531,0.0371
128,0.5786,0.6003,800,877,0.5230,"602,410","3,200","103,101","4,855",0.6027,0.0450,0.0296
129,0.6003,0.6259,800,906,0.5311,"603,210","2,400","104,007","3,949",0.6220,0.0366,0.0222
130,0.6259,0.6623,800,"1,045",0.5664,"604,010","1,600","105,052","2,904",0.6448,0.0269,0.0148
131,0.6624,0.7159,800,"1,145",0.5887,"604,810",800,"106,197","1,759",0.6874,0.0163,0.0074
132,0.7160,0.9149,800,"1,759",0.6874,"605,610",0,"107,956",0,nan,0.0000,0.0000
