p,Neg,Pos,$\frac{\text{Pos}}{\text{Neg}+\text{Pos}}$,TN,FP,FN,TP,Prec,Rec,$\frac{\text{FP}}{\text{P}}$
0.0,1,0,0.00,1,"605,609",0,"107,956",0.15,1.00,5.61
0.05,321,8,0.02,322,"605,288",8,"107,948",0.15,1.00,5.61
0.1,"4,933",133,0.03,"5,255","600,355",141,"107,815",0.15,1.00,5.56
0.15,"22,198",731,0.03,"27,453","578,157",872,"107,084",0.16,0.99,5.36
0.2,"36,746","1,768",0.05,"64,199","541,411","2,640","105,316",0.16,0.98,5.02
0.25,"45,782","2,756",0.06,"109,981","495,629","5,396","102,560",0.17,0.95,4.59
0.3,"53,176","4,122",0.07,"163,157","442,453","9,518","98,438",0.18,0.91,4.10
0.35,"60,091","5,760",0.09,"223,248","382,362","15,278","92,678",0.20,0.86,3.54
0.4,"65,151","7,572",0.10,"288,399","317,211","22,850","85,106",0.21,0.79,2.94
0.45,"64,815","9,321",0.13,"353,214","252,396","32,171","75,785",0.23,0.70,2.34
0.5,"61,114","10,517",0.15,"414,328","191,282","42,688","65,268",0.25,0.60,1.77
0.55,"52,931","11,061",0.17,"467,259","138,351","53,749","54,207",0.28,0.50,1.28
0.6,"42,163","10,599",0.20,"509,422","96,188","64,348","43,608",0.31,0.40,0.89
0.65,"32,107","9,595",0.23,"541,529","64,081","73,943","34,013",0.35,0.32,0.59
0.7,"22,439","8,235",0.27,"563,968","41,642","82,178","25,778",0.38,0.24,0.39
0.75,"15,064","6,871",0.31,"579,032","26,578","89,049","18,907",0.42,0.18,0.25
0.8,"10,668","5,971",0.36,"589,700","15,910","95,020","12,936",0.45,0.12,0.15
0.85,"7,896","5,472",0.41,"597,596","8,014","100,492","7,464",0.48,0.07,0.07
0.9,"5,550","4,840",0.47,"603,146","2,464","105,332","2,624",0.52,0.02,0.02
0.95,"2,271","2,378",0.51,"605,417",193,"107,710",246,0.56,0.00,0.00
1.0,193,246,0.56,"605,610",0,"107,956",0,nan,0.00,0.00
