p,Neg,Pos,$\frac{\text{Pos}}{\text{Neg}+\text{Pos}}$,TN,FP,FN,TP,Prec,Rec,$\frac{\text{FP}}{\text{P}}$
0.0,"30,281",982,0.03,"30,281","575,329",982,"106,974",0.16,0.99,5.33
0.01,"13,231",563,0.04,"43,512","562,098","1,545","106,411",0.16,0.99,5.21
0.02,"14,106",737,0.05,"57,618","547,992","2,282","105,674",0.16,0.98,5.08
0.03,"14,569",861,0.06,"72,187","533,423","3,143","104,813",0.16,0.97,4.94
0.04,"15,268",812,0.05,"87,455","518,155","3,955","104,001",0.17,0.96,4.80
0.05,"15,903","1,066",0.06,"103,358","502,252","5,021","102,935",0.17,0.95,4.65
0.06,"16,090","1,104",0.06,"119,448","486,162","6,125","101,831",0.17,0.94,4.50
0.07,"16,115","1,231",0.07,"135,563","470,047","7,356","100,600",0.18,0.93,4.35
0.08,"16,295","1,283",0.07,"151,858","453,752","8,639","99,317",0.18,0.92,4.20
0.09,"16,516","1,380",0.08,"168,374","437,236","10,019","97,937",0.18,0.91,4.05
0.1,"16,497","1,507",0.08,"184,871","420,739","11,526","96,430",0.19,0.89,3.90
0.11,"16,743","1,544",0.08,"201,614","403,996","13,070","94,886",0.19,0.88,3.74
0.12,"16,548","1,724",0.09,"218,162","387,448","14,794","93,162",0.19,0.86,3.59
0.13,"16,406","1,738",0.10,"234,568","371,042","16,532","91,424",0.20,0.85,3.44
0.14,"16,395","1,865",0.10,"250,963","354,647","18,397","89,559",0.20,0.83,3.29
0.15,"16,329","1,899",0.10,"267,292","338,318","20,296","87,660",0.21,0.81,3.13
0.16,"16,116","2,044",0.11,"283,408","322,202","22,340","85,616",0.21,0.79,2.98
0.17,"15,440","1,980",0.11,"298,848","306,762","24,320","83,636",0.21,0.77,2.84
0.18,"15,258","2,069",0.12,"314,106","291,504","26,389","81,567",0.22,0.76,2.70
0.19,"14,696","2,105",0.13,"328,802","276,808","28,494","79,462",0.22,0.74,2.56
0.2,"14,117","2,127",0.13,"342,919","262,691","30,621","77,335",0.23,0.72,2.43
0.21,"13,549","2,112",0.13,"356,468","249,142","32,733","75,223",0.23,0.70,2.31
0.22,"13,257","2,118",0.14,"369,725","235,885","34,851","73,105",0.24,0.68,2.19
0.23,"12,524","2,123",0.14,"382,249","223,361","36,974","70,982",0.24,0.66,2.07
0.24,"12,071","2,113",0.15,"394,320","211,290","39,087","68,869",0.25,0.64,1.96
0.25,"11,574","2,101",0.15,"405,894","199,716","41,188","66,768",0.25,0.62,1.85
0.26,"11,135","2,143",0.16,"417,029","188,581","43,331","64,625",0.26,0.60,1.75
0.27,"10,517","2,039",0.16,"427,546","178,064","45,370","62,586",0.26,0.58,1.65
0.28,"9,771","1,896",0.16,"437,317","168,293","47,266","60,690",0.27,0.56,1.56
0.29,"9,485","1,996",0.17,"446,802","158,808","49,262","58,694",0.27,0.54,1.47
0.3,"9,001","1,904",0.17,"455,803","149,807","51,166","56,790",0.27,0.53,1.39
0.31,"8,623","1,840",0.18,"464,426","141,184","53,006","54,950",0.28,0.51,1.31
0.32,"7,834","1,901",0.20,"472,260","133,350","54,907","53,049",0.28,0.49,1.24
0.33,"7,405","1,733",0.19,"479,665","125,945","56,640","51,316",0.29,0.48,1.17
0.34,"6,904","1,693",0.20,"486,569","119,041","58,333","49,623",0.29,0.46,1.10
0.35,"6,499","1,648",0.20,"493,068","112,542","59,981","47,975",0.30,0.44,1.04
0.36,"6,190","1,550",0.20,"499,258","106,352","61,531","46,425",0.30,0.43,0.99
0.37,"5,773","1,594",0.22,"505,031","100,579","63,125","44,831",0.31,0.42,0.93
0.38,"5,549","1,512",0.21,"510,580","95,030","64,637","43,319",0.31,0.40,0.88
0.39,"5,157","1,457",0.22,"515,737","89,873","66,094","41,862",0.32,0.39,0.83
0.4,"4,754","1,349",0.22,"520,491","85,119","67,443","40,513",0.32,0.38,0.79
0.41,"4,622","1,357",0.23,"525,113","80,497","68,800","39,156",0.33,0.36,0.75
0.42,"4,307","1,285",0.23,"529,420","76,190","70,085","37,871",0.33,0.35,0.71
0.43,"4,079","1,226",0.23,"533,499","72,111","71,311","36,645",0.34,0.34,0.67
0.44,"3,777","1,180",0.24,"537,276","68,334","72,491","35,465",0.34,0.33,0.63
0.45,"3,561","1,149",0.24,"540,837","64,773","73,640","34,316",0.35,0.32,0.60
0.46,"3,338","1,154",0.26,"544,175","61,435","74,794","33,162",0.35,0.31,0.57
0.47,"3,056","1,086",0.26,"547,231","58,379","75,880","32,076",0.35,0.30,0.54
0.48,"2,964","1,018",0.26,"550,195","55,415","76,898","31,058",0.36,0.29,0.51
0.49,"2,611",963,0.27,"552,806","52,804","77,861","30,095",0.36,0.28,0.49
0.5,"2,503",923,0.27,"555,309","50,301","78,784","29,172",0.37,0.27,0.47
0.51,"2,449",843,0.26,"557,758","47,852","79,627","28,329",0.37,0.26,0.44
0.52,"2,255",836,0.27,"560,013","45,597","80,463","27,493",0.38,0.25,0.42
0.53,"2,100",826,0.28,"562,113","43,497","81,289","26,667",0.38,0.25,0.40
0.54,"2,098",867,0.29,"564,211","41,399","82,156","25,800",0.38,0.24,0.38
0.55,"1,808",777,0.30,"566,019","39,591","82,933","25,023",0.39,0.23,0.37
0.56,"1,771",749,0.30,"567,790","37,820","83,682","24,274",0.39,0.22,0.35
0.57,"1,606",707,0.31,"569,396","36,214","84,389","23,567",0.39,0.22,0.34
0.58,"1,633",693,0.30,"571,029","34,581","85,082","22,874",0.40,0.21,0.32
0.59,"1,498",662,0.31,"572,527","33,083","85,744","22,212",0.40,0.21,0.31
0.6,"1,400",649,0.32,"573,927","31,683","86,393","21,563",0.40,0.20,0.29
0.61,"1,294",628,0.33,"575,221","30,389","87,021","20,935",0.41,0.19,0.28
0.62,"1,263",614,0.33,"576,484","29,126","87,635","20,321",0.41,0.19,0.27
0.63,"1,147",571,0.33,"577,631","27,979","88,206","19,750",0.41,0.18,0.26
0.64,"1,151",589,0.34,"578,782","26,828","88,795","19,161",0.42,0.18,0.25
0.65,"1,085",564,0.34,"579,867","25,743","89,359","18,597",0.42,0.17,0.24
0.66,"1,020",489,0.32,"580,887","24,723","89,848","18,108",0.42,0.17,0.23
0.67,975,496,0.34,"581,862","23,748","90,344","17,612",0.43,0.16,0.22
0.68,895,524,0.37,"582,757","22,853","90,868","17,088",0.43,0.16,0.21
0.69,988,466,0.32,"583,745","21,865","91,334","16,622",0.43,0.15,0.20
0.7,870,437,0.33,"584,615","20,995","91,771","16,185",0.44,0.15,0.19
0.71,831,477,0.36,"585,446","20,164","92,248","15,708",0.44,0.15,0.19
0.72,784,482,0.38,"586,230","19,380","92,730","15,226",0.44,0.14,0.18
0.73,759,473,0.38,"586,989","18,621","93,203","14,753",0.44,0.14,0.17
0.74,738,411,0.36,"587,727","17,883","93,614","14,342",0.45,0.13,0.17
0.75,712,446,0.39,"588,439","17,171","94,060","13,896",0.45,0.13,0.16
0.76,659,417,0.39,"589,098","16,512","94,477","13,479",0.45,0.12,0.15
0.77,626,404,0.39,"589,724","15,886","94,881","13,075",0.45,0.12,0.15
0.78,599,455,0.43,"590,323","15,287","95,336","12,620",0.45,0.12,0.14
0.79,623,373,0.37,"590,946","14,664","95,709","12,247",0.46,0.11,0.14
0.8,611,361,0.37,"591,557","14,053","96,070","11,886",0.46,0.11,0.13
0.81,557,392,0.41,"592,114","13,496","96,462","11,494",0.46,0.11,0.13
0.82,555,360,0.39,"592,669","12,941","96,822","11,134",0.46,0.10,0.12
0.83,565,362,0.39,"593,234","12,376","97,184","10,772",0.47,0.10,0.11
0.84,546,368,0.40,"593,780","11,830","97,552","10,404",0.47,0.10,0.11
0.85,446,337,0.43,"594,226","11,384","97,889","10,067",0.47,0.09,0.11
0.86,535,360,0.40,"594,761","10,849","98,249","9,707",0.47,0.09,0.10
0.87,511,361,0.41,"595,272","10,338","98,610","9,346",0.47,0.09,0.10
0.88,485,305,0.39,"595,757","9,853","98,915","9,041",0.48,0.08,0.09
0.89,456,316,0.41,"596,213","9,397","99,231","8,725",0.48,0.08,0.09
0.9,381,336,0.47,"596,594","9,016","99,567","8,389",0.48,0.08,0.08
0.91,422,322,0.43,"597,016","8,594","99,889","8,067",0.48,0.07,0.08
0.92,413,323,0.44,"597,429","8,181","100,212","7,744",0.49,0.07,0.08
0.93,407,337,0.45,"597,836","7,774","100,549","7,407",0.49,0.07,0.07
0.94,378,303,0.44,"598,214","7,396","100,852","7,104",0.49,0.07,0.07
0.95,381,288,0.43,"598,595","7,015","101,140","6,816",0.49,0.06,0.06
0.96,404,303,0.43,"598,999","6,611","101,443","6,513",0.50,0.06,0.06
0.97,319,288,0.47,"599,318","6,292","101,731","6,225",0.50,0.06,0.06
0.98,356,294,0.45,"599,674","5,936","102,025","5,931",0.50,0.05,0.05
0.99,297,268,0.47,"599,971","5,639","102,293","5,663",0.50,0.05,0.05
1.0,"5,639","5,663",0.50,"605,610",0,"107,956",0,nan,0.00,0.00
