p,Neg,Pos,$\frac{\text{Pos}}{\text{Neg}+\text{Pos}}$,TN,FP,FN,TP,Prec,Rec,$\frac{\text{FP}}{\text{P}}$
0.0,"30,281",480,0.02,"30,281","575,329",480,"107,476",0.16,1.00,5.33
0.1,"212,353","10,956",0.05,"242,634","362,976","11,436","96,520",0.21,0.89,3.36
0.2,"152,272","18,885",0.11,"394,906","210,704","30,321","77,635",0.27,0.72,1.95
0.3,"86,964","18,056",0.17,"481,870","123,740","48,377","59,579",0.33,0.55,1.15
0.4,"49,458","14,626",0.23,"531,328","74,282","63,003","44,953",0.38,0.42,0.69
0.5,"29,006","11,477",0.28,"560,334","45,276","74,480","33,476",0.43,0.31,0.42
0.6,"17,087","8,938",0.34,"577,421","28,189","83,418","24,538",0.47,0.23,0.26
0.7,"10,840","7,024",0.39,"588,261","17,349","90,442","17,514",0.50,0.16,0.16
0.8,"6,607","5,332",0.45,"594,868","10,742","95,774","12,182",0.53,0.11,0.10
0.9,"4,352","3,935",0.47,"599,220","6,390","99,709","8,247",0.56,0.08,0.06
1.0,"6,390","8,247",0.56,"605,610",0,"107,956",0,nan,0.00,0.00
