,min,max,Neg,Pos,$\frac{\text{Pos}}{\text{Neg}+\text{Pos}}$,TN,FP,FN,TP,Prec,Rec,FP/P
0,0.1702,0.2339,"13,363",583,0.0418,"13,363","592,247",583,"107,373",0.1535,0.9946,5.4860
1,0.2339,0.2464,"14,386",806,0.0531,"27,749","577,861","1,389","106,567",0.1557,0.9871,5.3527
2,0.2464,0.2554,"14,488",800,0.0523,"42,237","563,373","2,189","105,767",0.1581,0.9797,5.2185
3,0.2554,0.2641,"14,356",802,0.0529,"56,593","549,017","2,991","104,965",0.1605,0.9723,5.0856
4,0.2641,0.2712,"12,525",804,0.0603,"69,118","536,492","3,795","104,161",0.1626,0.9648,4.9695
5,0.2712,0.2783,"11,234",800,0.0665,"80,352","525,258","4,595","103,361",0.1644,0.9574,4.8655
6,0.2783,0.2876,"11,641",801,0.0644,"91,993","513,617","5,396","102,560",0.1664,0.9500,4.7577
7,0.2876,0.2994,"11,023",800,0.0677,"103,016","502,594","6,196","101,760",0.1684,0.9426,4.6555
8,0.2994,0.3155,"10,742",800,0.0693,"113,758","491,852","6,996","100,960",0.1703,0.9352,4.5560
9,0.3155,0.3312,"8,413",800,0.0868,"122,171","483,439","7,796","100,160",0.1716,0.9278,4.4781
10,0.3312,0.3454,"8,685",800,0.0843,"130,856","474,754","8,596","99,360",0.1731,0.9204,4.3977
11,0.3454,0.3553,"7,685",800,0.0943,"138,541","467,069","9,396","98,560",0.1742,0.9130,4.3265
12,0.3553,0.3632,"7,335",801,0.0985,"145,876","459,734","10,197","97,759",0.1754,0.9055,4.2585
13,0.3632,0.3705,"7,788",801,0.0933,"153,664","451,946","10,998","96,958",0.1766,0.8981,4.1864
14,0.3705,0.3768,"7,756",800,0.0935,"161,420","444,190","11,798","96,158",0.1780,0.8907,4.1145
15,0.3768,0.3824,"7,312",800,0.0986,"168,732","436,878","12,598","95,358",0.1792,0.8833,4.0468
16,0.3824,0.3881,"7,642",800,0.0948,"176,374","429,236","13,398","94,558",0.1805,0.8759,3.9760
17,0.3881,0.3932,"7,023",800,0.1023,"183,397","422,213","14,198","93,758",0.1817,0.8685,3.9110
18,0.3932,0.3975,"6,268",800,0.1132,"189,665","415,945","14,998","92,958",0.1827,0.8611,3.8529
19,0.3975,0.4020,"6,514",800,0.1094,"196,179","409,431","15,798","92,158",0.1837,0.8537,3.7926
20,0.4020,0.4066,"6,893",800,0.1040,"203,072","402,538","16,598","91,358",0.1850,0.8463,3.7287
21,0.4066,0.4112,"6,734",801,0.1063,"209,806","395,804","17,399","90,557",0.1862,0.8388,3.6663
22,0.4112,0.4153,"6,094",800,0.1160,"215,900","389,710","18,199","89,757",0.1872,0.8314,3.6099
23,0.4153,0.4193,"6,293",801,0.1129,"222,193","383,417","19,000","88,956",0.1883,0.8240,3.5516
24,0.4193,0.4231,"5,947",800,0.1186,"228,140","377,470","19,800","88,156",0.1893,0.8166,3.4965
25,0.4231,0.4269,"6,462",802,0.1104,"234,602","371,008","20,602","87,354",0.1906,0.8092,3.4367
26,0.4269,0.4304,"5,794",803,0.1217,"240,396","365,214","21,405","86,551",0.1916,0.8017,3.3830
27,0.4304,0.4342,"6,002",802,0.1179,"246,398","359,212","22,207","85,749",0.1927,0.7943,3.3274
28,0.4342,0.4372,"5,368",801,0.1298,"251,766","353,844","23,008","84,948",0.1936,0.7869,3.2777
29,0.4372,0.4401,"5,167",800,0.1341,"256,933","348,677","23,808","84,148",0.1944,0.7795,3.2298
30,0.4401,0.4432,"5,489",809,0.1285,"262,422","343,188","24,617","83,339",0.1954,0.7720,3.1790
31,0.4432,0.4463,"5,682",800,0.1234,"268,104","337,506","25,417","82,539",0.1965,0.7646,3.1263
32,0.4463,0.4492,"5,412",800,0.1288,"273,516","332,094","26,217","81,739",0.1975,0.7572,3.0762
33,0.4492,0.4520,"5,480",800,0.1274,"278,996","326,614","27,017","80,939",0.1986,0.7497,3.0254
34,0.4520,0.4550,"5,305",800,0.1310,"284,301","321,309","27,817","80,139",0.1996,0.7423,2.9763
35,0.4550,0.4580,"5,240",800,0.1325,"289,541","316,069","28,617","79,339",0.2007,0.7349,2.9278
36,0.4580,0.4609,"5,350",803,0.1305,"294,891","310,719","29,420","78,536",0.2018,0.7275,2.8782
37,0.4609,0.4637,"5,454",803,0.1283,"300,345","305,265","30,223","77,733",0.2030,0.7200,2.8277
38,0.4637,0.4668,"5,278",800,0.1316,"305,623","299,987","31,023","76,933",0.2041,0.7126,2.7788
39,0.4668,0.4694,"5,083",802,0.1363,"310,706","294,904","31,825","76,131",0.2052,0.7052,2.7317
40,0.4694,0.4723,"4,935",802,0.1398,"315,641","289,969","32,627","75,329",0.2062,0.6978,2.6860
41,0.4723,0.4751,"4,669",807,0.1474,"320,310","285,300","33,434","74,522",0.2071,0.6903,2.6427
42,0.4751,0.4780,"5,070",800,0.1363,"325,380","280,230","34,234","73,722",0.2083,0.6829,2.5958
43,0.4780,0.4809,"4,740",800,0.1444,"330,120","275,490","35,034","72,922",0.2093,0.6755,2.5519
44,0.4809,0.4837,"4,734",800,0.1446,"334,854","270,756","35,834","72,122",0.2103,0.6681,2.5080
45,0.4837,0.4866,"4,869",800,0.1411,"339,723","265,887","36,634","71,322",0.2115,0.6607,2.4629
46,0.4866,0.4891,"4,248",801,0.1586,"343,971","261,639","37,435","70,521",0.2123,0.6532,2.4236
47,0.4891,0.4920,"4,980",803,0.1389,"348,951","256,659","38,238","69,718",0.2136,0.6458,2.3774
48,0.4920,0.4947,"4,764",800,0.1438,"353,715","251,895","39,038","68,918",0.2148,0.6384,2.3333
49,0.4947,0.4973,"4,436",800,0.1528,"358,151","247,459","39,838","68,118",0.2159,0.6310,2.2922
50,0.4973,0.4999,"4,614",805,0.1486,"362,765","242,845","40,643","67,313",0.2170,0.6235,2.2495
51,0.4999,0.5026,"4,600",800,0.1481,"367,365","238,245","41,443","66,513",0.2182,0.6161,2.2069
52,0.5026,0.5054,"4,485",800,0.1514,"371,850","233,760","42,243","65,713",0.2194,0.6087,2.1653
53,0.5054,0.5078,"4,679",800,0.1460,"376,529","229,081","43,043","64,913",0.2208,0.6013,2.1220
54,0.5078,0.5102,"4,309",804,0.1572,"380,838","224,772","43,847","64,109",0.2219,0.5938,2.0821
55,0.5102,0.5127,"4,251",805,0.1592,"385,089","220,521","44,652","63,304",0.2230,0.5864,2.0427
56,0.5127,0.5149,"4,519",800,0.1504,"389,608","216,002","45,452","62,504",0.2244,0.5790,2.0008
57,0.5149,0.5172,"4,253",800,0.1583,"393,861","211,749","46,252","61,704",0.2256,0.5716,1.9614
58,0.5172,0.5196,"4,327",800,0.1560,"398,188","207,422","47,052","60,904",0.2270,0.5642,1.9214
59,0.5196,0.5222,"4,066",800,0.1644,"402,254","203,356","47,852","60,104",0.2281,0.5567,1.8837
60,0.5222,0.5244,"3,747",801,0.1761,"406,001","199,609","48,653","59,303",0.2290,0.5493,1.8490
61,0.5244,0.5267,"3,981",800,0.1673,"409,982","195,628","49,453","58,503",0.2302,0.5419,1.8121
62,0.5268,0.5294,"3,859",804,0.1724,"413,841","191,769","50,257","57,699",0.2313,0.5345,1.7764
63,0.5294,0.5319,"3,956",810,0.1700,"417,797","187,813","51,067","56,889",0.2325,0.5270,1.7397
64,0.5319,0.5343,"3,749",807,0.1771,"421,546","184,064","51,874","56,082",0.2335,0.5195,1.7050
65,0.5343,0.5367,"3,832",807,0.1740,"425,378","180,232","52,681","55,275",0.2347,0.5120,1.6695
66,0.5367,0.5396,"4,093",801,0.1637,"429,471","176,139","53,482","54,474",0.2362,0.5046,1.6316
67,0.5396,0.5421,"3,855",800,0.1719,"433,326","172,284","54,282","53,674",0.2375,0.4972,1.5959
68,0.5421,0.5446,"3,673",800,0.1789,"436,999","168,611","55,082","52,874",0.2387,0.4898,1.5618
69,0.5446,0.5475,"3,744",801,0.1762,"440,743","164,867","55,883","52,073",0.2400,0.4824,1.5272
70,0.5475,0.5503,"3,761",800,0.1754,"444,504","161,106","56,683","51,273",0.2414,0.4749,1.4923
71,0.5503,0.5536,"3,945",804,0.1693,"448,449","157,161","57,487","50,469",0.2431,0.4675,1.4558
72,0.5536,0.5573,"3,798",800,0.1740,"452,247","153,363","58,287","49,669",0.2446,0.4601,1.4206
73,0.5573,0.5611,"3,723",801,0.1771,"455,970","149,640","59,088","48,868",0.2462,0.4527,1.3861
74,0.5611,0.5646,"3,201",800,0.2000,"459,171","146,439","59,888","48,068",0.2471,0.4453,1.3565
75,0.5646,0.5680,"3,266",805,0.1977,"462,437","143,173","60,693","47,263",0.2482,0.4378,1.3262
76,0.5680,0.5715,"3,436",800,0.1889,"465,873","139,737","61,493","46,463",0.2495,0.4304,1.2944
77,0.5715,0.5753,"3,341",800,0.1932,"469,214","136,396","62,293","45,663",0.2508,0.4230,1.2634
78,0.5753,0.5792,"3,417",800,0.1897,"472,631","132,979","63,093","44,863",0.2523,0.4156,1.2318
79,0.5792,0.5830,"3,523",801,0.1852,"476,154","129,456","63,894","44,062",0.2539,0.4081,1.1992
80,0.5831,0.5865,"3,324",800,0.1940,"479,478","126,132","64,694","43,262",0.2554,0.4007,1.1684
81,0.5865,0.5901,"3,199",800,0.2001,"482,677","122,933","65,494","42,462",0.2567,0.3933,1.1387
82,0.5901,0.5932,"2,903",800,0.2160,"485,580","120,030","66,294","41,662",0.2577,0.3859,1.1118
83,0.5932,0.5961,"3,035",800,0.2086,"488,615","116,995","67,094","40,862",0.2589,0.3785,1.0837
84,0.5961,0.5987,"2,922",800,0.2149,"491,537","114,073","67,894","40,062",0.2599,0.3711,1.0567
85,0.5987,0.6012,"2,813",803,0.2221,"494,350","111,260","68,697","39,259",0.2608,0.3637,1.0306
86,0.6012,0.6034,"2,726",800,0.2269,"497,076","108,534","69,497","38,459",0.2616,0.3562,1.0054
87,0.6034,0.6060,"2,863",800,0.2184,"499,939","105,671","70,297","37,659",0.2627,0.3488,0.9788
88,0.6060,0.6083,"2,858",802,0.2191,"502,797","102,813","71,099","36,857",0.2639,0.3414,0.9524
89,0.6083,0.6109,"2,777",801,0.2239,"505,574","100,036","71,900","36,056",0.2649,0.3340,0.9266
90,0.6109,0.6135,"3,102",800,0.2050,"508,676","96,934","72,700","35,256",0.2667,0.3266,0.8979
91,0.6135,0.6156,"2,571",801,0.2375,"511,247","94,363","73,501","34,455",0.2675,0.3192,0.8741
92,0.6156,0.6176,"2,709",805,0.2291,"513,956","91,654","74,306","33,650",0.2685,0.3117,0.8490
93,0.6176,0.6196,"2,782",800,0.2233,"516,738","88,872","75,106","32,850",0.2699,0.3043,0.8232
94,0.6196,0.6214,"2,664",809,0.2329,"519,402","86,208","75,915","32,041",0.2710,0.2968,0.7985
95,0.6214,0.6233,"2,569",800,0.2375,"521,971","83,639","76,715","31,241",0.2719,0.2894,0.7748
96,0.6233,0.6254,"2,620",804,0.2348,"524,591","81,019","77,519","30,437",0.2731,0.2819,0.7505
97,0.6254,0.6275,"2,584",802,0.2369,"527,175","78,435","78,321","29,635",0.2742,0.2745,0.7265
98,0.6275,0.6293,"2,499",800,0.2425,"529,674","75,936","79,121","28,835",0.2752,0.2671,0.7034
99,0.6293,0.6315,"2,538",800,0.2397,"532,212","73,398","79,921","28,035",0.2764,0.2597,0.6799
100,0.6315,0.6336,"2,426",800,0.2480,"534,638","70,972","80,721","27,235",0.2773,0.2523,0.6574
101,0.6336,0.6355,"2,377",800,0.2518,"537,015","68,595","81,521","26,435",0.2782,0.2449,0.6354
102,0.6355,0.6374,"2,215",800,0.2653,"539,230","66,380","82,321","25,635",0.2786,0.2375,0.6149
103,0.6374,0.6394,"2,476",803,0.2449,"541,706","63,904","83,124","24,832",0.2798,0.2300,0.5919
104,0.6394,0.6416,"2,580",800,0.2367,"544,286","61,324","83,924","24,032",0.2816,0.2226,0.5680
105,0.6416,0.6437,"2,422",805,0.2495,"546,708","58,902","84,729","23,227",0.2828,0.2152,0.5456
106,0.6437,0.6459,"2,271",805,0.2617,"548,979","56,631","85,534","22,422",0.2836,0.2077,0.5246
107,0.6459,0.6483,"2,562",801,0.2382,"551,541","54,069","86,335","21,621",0.2857,0.2003,0.5008
108,0.6483,0.6506,"2,353",800,0.2537,"553,894","51,716","87,135","20,821",0.2870,0.1929,0.4790
109,0.6506,0.6530,"2,400",801,0.2502,"556,294","49,316","87,936","20,020",0.2887,0.1854,0.4568
110,0.6530,0.6554,"2,336",804,0.2561,"558,630","46,980","88,740","19,216",0.2903,0.1780,0.4352
111,0.6554,0.6578,"2,149",803,0.2720,"560,779","44,831","89,543","18,413",0.2911,0.1706,0.4153
112,0.6578,0.6604,"2,082",800,0.2776,"562,861","42,749","90,343","17,613",0.2918,0.1631,0.3960
113,0.6604,0.6629,"2,222",800,0.2647,"565,083","40,527","91,143","16,813",0.2932,0.1557,0.3754
114,0.6629,0.6657,"1,979",800,0.2879,"567,062","38,548","91,943","16,013",0.2935,0.1483,0.3571
115,0.6657,0.6692,"2,302",800,0.2579,"569,364","36,246","92,743","15,213",0.2956,0.1409,0.3357
116,0.6692,0.6725,"2,217",801,0.2654,"571,581","34,029","93,544","14,412",0.2975,0.1335,0.3152
117,0.6725,0.6758,"2,202",804,0.2675,"573,783","31,827","94,348","13,608",0.2995,0.1261,0.2948
118,0.6758,0.6791,"2,026",800,0.2831,"575,809","29,801","95,148","12,808",0.3006,0.1186,0.2760
119,0.6791,0.6829,"2,065",800,0.2792,"577,874","27,736","95,948","12,008",0.3021,0.1112,0.2569
120,0.6829,0.6869,"1,878",800,0.2987,"579,752","25,858","96,748","11,208",0.3024,0.1038,0.2395
121,0.6869,0.6909,"2,149",801,0.2715,"581,901","23,709","97,549","10,407",0.3050,0.0964,0.2196
122,0.6909,0.6949,"2,103",801,0.2758,"584,004","21,606","98,350","9,606",0.3078,0.0890,0.2001
123,0.6949,0.7003,"2,100",800,0.2759,"586,104","19,506","99,150","8,806",0.3110,0.0816,0.1807
124,0.7003,0.7062,"2,163",801,0.2702,"588,267","17,343","99,951","8,005",0.3158,0.0742,0.1606
125,0.7062,0.7117,"2,071",800,0.2786,"590,338","15,272","100,751","7,205",0.3205,0.0667,0.1415
126,0.7117,0.7179,"1,835",805,0.3049,"592,173","13,437","101,556","6,400",0.3226,0.0593,0.1245
127,0.7179,0.7248,"1,712",800,0.3185,"593,885","11,725","102,356","5,600",0.3232,0.0519,0.1086
128,0.7248,0.7338,"1,839",800,0.3031,"595,724","9,886","103,156","4,800",0.3268,0.0445,0.0916
129,0.7338,0.7429,"1,753",800,0.3134,"597,477","8,133","103,956","4,000",0.3297,0.0371,0.0753
130,0.7429,0.7536,"1,804",800,0.3072,"599,281","6,329","104,756","3,200",0.3358,0.0296,0.0586
131,0.7536,0.7644,"1,649",800,0.3267,"600,930","4,680","105,556","2,400",0.3390,0.0222,0.0434
132,0.7644,0.7758,"1,709",800,0.3189,"602,639","2,971","106,356","1,600",0.3500,0.0148,0.0275
133,0.7758,0.7889,"1,583",800,0.3357,"604,222","1,388","107,156",800,0.3656,0.0074,0.0129
134,0.7890,0.8380,"1,388",800,0.3656,"605,610",0,"107,956",0,nan,0.0000,0.0000
