p,Neg,Pos,$\frac{\text{Pos}}{\text{Neg}+\text{Pos}}$,TN,FP,FN,TP,Prec,Rec,$\frac{\text{FP}}{\text{P}}$
0.0,0,0,nan,0,"605,610",0,"107,956",0.15,1.00,5.61
0.05,0,0,nan,0,"605,610",0,"107,956",0.15,1.00,5.61
0.1,0,0,nan,0,"605,610",0,"107,956",0.15,1.00,5.61
0.15,0,0,nan,0,"605,610",0,"107,956",0.15,1.00,5.61
0.2,389,13,0.03,389,"605,221",13,"107,943",0.15,1.00,5.61
0.25,"33,328","1,683",0.05,"33,717","571,893","1,696","106,260",0.16,0.98,5.30
0.3,"69,794","4,545",0.06,"103,511","502,099","6,241","101,715",0.17,0.94,4.65
0.35,"30,575","2,674",0.08,"134,086","471,524","8,915","99,041",0.17,0.92,4.37
0.4,"59,327","6,558",0.10,"193,413","412,197","15,473","92,483",0.18,0.86,3.82
0.45,"81,635","10,972",0.12,"275,048","330,562","26,445","81,511",0.20,0.76,3.06
0.5,"87,874","14,229",0.14,"362,922","242,688","40,674","67,282",0.22,0.62,2.25
0.55,"81,239","15,960",0.16,"444,161","161,449","56,634","51,322",0.24,0.48,1.50
0.6,"48,923","11,693",0.19,"493,084","112,526","68,327","39,629",0.26,0.37,1.04
0.65,"60,209","18,613",0.24,"553,293","52,317","86,940","21,016",0.29,0.19,0.48
0.7,"32,734","12,183",0.27,"586,027","19,583","99,123","8,833",0.31,0.08,0.18
0.75,"12,595","5,357",0.30,"598,622","6,988","104,480","3,476",0.33,0.03,0.06
0.8,"6,528","3,183",0.33,"605,150",460,"107,663",293,0.39,0.00,0.00
0.85,460,293,0.39,"605,610",0,"107,956",0,nan,0.00,0.00
0.9,0,0,nan,"605,610",0,"107,956",0,nan,0.00,0.00
0.95,0,0,nan,"605,610",0,"107,956",0,nan,0.00,0.00
1.0,0,0,nan,"605,610",0,"107,956",0,nan,0.00,0.00
