p,Neg,Pos,$\frac{\text{Pos}}{\text{Neg}+\text{Pos}}$,TN,FP,FN,TP,Prec,Rec,$\frac{\text{FP}}{\text{P}}$
0.0,"6,057",60,0.01,"6,057","599,553",60,"107,896",0.15,1.00,5.55
0.05,"21,423",329,0.02,"27,480","578,130",389,"107,567",0.16,1.00,5.36
0.1,"35,138",879,0.02,"62,618","542,992","1,268","106,688",0.16,0.99,5.03
0.15,"43,379","1,478",0.03,"105,997","499,613","2,746","105,210",0.17,0.97,4.63
0.2,"48,007","2,342",0.05,"154,004","451,606","5,088","102,868",0.19,0.95,4.18
0.25,"50,324","3,125",0.06,"204,328","401,282","8,213","99,743",0.20,0.92,3.72
0.3,"50,219","4,103",0.08,"254,547","351,063","12,316","95,640",0.21,0.89,3.25
0.35,"48,903","4,983",0.09,"303,450","302,160","17,299","90,657",0.23,0.84,2.80
0.4,"46,160","5,862",0.11,"349,610","256,000","23,161","84,795",0.25,0.79,2.37
0.45,"42,857","6,507",0.13,"392,467","213,143","29,668","78,288",0.27,0.73,1.97
0.5,"39,286","7,117",0.15,"431,753","173,857","36,785","71,171",0.29,0.66,1.61
0.55,"35,104","7,691",0.18,"466,857","138,753","44,476","63,480",0.31,0.59,1.29
0.6,"30,756","8,065",0.21,"497,613","107,997","52,541","55,415",0.34,0.51,1.00
0.65,"26,408","8,120",0.24,"524,021","81,589","60,661","47,295",0.37,0.44,0.76
0.7,"22,266","8,179",0.27,"546,287","59,323","68,840","39,116",0.40,0.36,0.55
0.75,"18,055","8,054",0.31,"564,342","41,268","76,894","31,062",0.43,0.29,0.38
0.8,"14,271","7,730",0.35,"578,613","26,997","84,624","23,332",0.46,0.22,0.25
0.85,"11,011","7,448",0.40,"589,624","15,986","92,072","15,884",0.50,0.15,0.15
0.9,"7,898","6,479",0.45,"597,522","8,088","98,551","9,405",0.54,0.09,0.07
0.95,"5,073","5,038",0.50,"602,595","3,015","103,589","4,367",0.59,0.04,0.03
1.0,"3,015","4,367",0.59,"605,610",0,"107,956",0,nan,0.00,0.00
