p,Neg,Pos,$\frac{\text{Pos}}{\text{Neg}+\text{Pos}}$,TN,FP,FN,TP,Prec,Rec,$\frac{\text{FP}}{\text{P}}$
0.0,"60,561","1,261",0.02,"60,561","545,049","1,261","106,695",0.16,0.99,5.05
0.01,"17,468",544,0.03,"78,029","527,581","1,805","106,151",0.17,0.98,4.89
0.02,"17,952",638,0.03,"95,981","509,629","2,443","105,513",0.17,0.98,4.72
0.03,"18,418",776,0.04,"114,399","491,211","3,219","104,737",0.18,0.97,4.55
0.04,"18,422",828,0.04,"132,821","472,789","4,047","103,909",0.18,0.96,4.38
0.05,"18,369",976,0.05,"151,190","454,420","5,023","102,933",0.18,0.95,4.21
0.06,"18,018","1,065",0.06,"169,208","436,402","6,088","101,868",0.19,0.94,4.04
0.07,"17,656","1,112",0.06,"186,864","418,746","7,200","100,756",0.19,0.93,3.88
0.08,"17,475","1,233",0.07,"204,339","401,271","8,433","99,523",0.20,0.92,3.72
0.09,"16,780","1,266",0.07,"221,119","384,491","9,699","98,257",0.20,0.91,3.56
0.1,"16,311","1,317",0.07,"237,430","368,180","11,016","96,940",0.21,0.90,3.41
0.11,"15,859","1,396",0.08,"253,289","352,321","12,412","95,544",0.21,0.89,3.26
0.12,"15,066","1,456",0.09,"268,355","337,255","13,868","94,088",0.22,0.87,3.12
0.13,"14,798","1,479",0.09,"283,153","322,457","15,347","92,609",0.22,0.86,2.99
0.14,"13,889","1,498",0.10,"297,042","308,568","16,845","91,111",0.23,0.84,2.86
0.15,"13,337","1,566",0.11,"310,379","295,231","18,411","89,545",0.23,0.83,2.73
0.16,"12,850","1,562",0.11,"323,229","282,381","19,973","87,983",0.24,0.81,2.62
0.17,"12,427","1,589",0.11,"335,656","269,954","21,562","86,394",0.24,0.80,2.50
0.18,"11,627","1,601",0.12,"347,283","258,327","23,163","84,793",0.25,0.79,2.39
0.19,"11,286","1,611",0.12,"358,569","247,041","24,774","83,182",0.25,0.77,2.29
0.2,"10,644","1,546",0.13,"369,213","236,397","26,320","81,636",0.26,0.76,2.19
0.21,"10,217","1,490",0.13,"379,430","226,180","27,810","80,146",0.26,0.74,2.10
0.22,"9,895","1,633",0.14,"389,325","216,285","29,443","78,513",0.27,0.73,2.00
0.23,"9,479","1,545",0.14,"398,804","206,806","30,988","76,968",0.27,0.71,1.92
0.24,"9,102","1,552",0.15,"407,906","197,704","32,540","75,416",0.28,0.70,1.83
0.25,"8,482","1,534",0.15,"416,388","189,222","34,074","73,882",0.28,0.68,1.75
0.26,"8,076","1,456",0.15,"424,464","181,146","35,530","72,426",0.29,0.67,1.68
0.27,"7,832","1,508",0.16,"432,296","173,314","37,038","70,918",0.29,0.66,1.61
0.28,"7,255","1,577",0.18,"439,551","166,059","38,615","69,341",0.29,0.64,1.54
0.29,"7,040","1,498",0.18,"446,591","159,019","40,113","67,843",0.30,0.63,1.47
0.3,"6,849","1,456",0.18,"453,440","152,170","41,569","66,387",0.30,0.61,1.41
0.31,"6,354","1,411",0.18,"459,794","145,816","42,980","64,976",0.31,0.60,1.35
0.32,"6,028","1,415",0.19,"465,822","139,788","44,395","63,561",0.31,0.59,1.29
0.33,"6,040","1,362",0.18,"471,862","133,748","45,757","62,199",0.32,0.58,1.24
0.34,"5,573","1,452",0.21,"477,435","128,175","47,209","60,747",0.32,0.56,1.19
0.35,"5,391","1,405",0.21,"482,826","122,784","48,614","59,342",0.33,0.55,1.14
0.36,"5,083","1,332",0.21,"487,909","117,701","49,946","58,010",0.33,0.54,1.09
0.37,"4,863","1,280",0.21,"492,772","112,838","51,226","56,730",0.33,0.53,1.05
0.38,"4,658","1,255",0.21,"497,430","108,180","52,481","55,475",0.34,0.51,1.00
0.39,"4,534","1,332",0.23,"501,964","103,646","53,813","54,143",0.34,0.50,0.96
0.4,"4,263","1,213",0.22,"506,227","99,383","55,026","52,930",0.35,0.49,0.92
0.41,"4,035","1,189",0.23,"510,262","95,348","56,215","51,741",0.35,0.48,0.88
0.42,"3,861","1,204",0.24,"514,123","91,487","57,419","50,537",0.36,0.47,0.85
0.43,"3,717","1,158",0.24,"517,840","87,770","58,577","49,379",0.36,0.46,0.81
0.44,"3,562","1,131",0.24,"521,402","84,208","59,708","48,248",0.36,0.45,0.78
0.45,"3,411","1,080",0.24,"524,813","80,797","60,788","47,168",0.37,0.44,0.75
0.46,"3,161","1,060",0.25,"527,974","77,636","61,848","46,108",0.37,0.43,0.72
0.47,"3,105","1,074",0.26,"531,079","74,531","62,922","45,034",0.38,0.42,0.69
0.48,"2,986","1,090",0.27,"534,065","71,545","64,012","43,944",0.38,0.41,0.66
0.49,"2,928","1,061",0.27,"536,993","68,617","65,073","42,883",0.38,0.40,0.64
0.5,"2,770","1,022",0.27,"539,763","65,847","66,095","41,861",0.39,0.39,0.61
0.51,"2,747","1,009",0.27,"542,510","63,100","67,104","40,852",0.39,0.38,0.58
0.52,"2,532",949,0.27,"545,042","60,568","68,053","39,903",0.40,0.37,0.56
0.53,"2,373","1,010",0.30,"547,415","58,195","69,063","38,893",0.40,0.36,0.54
0.54,"2,281",917,0.29,"549,696","55,914","69,980","37,976",0.40,0.35,0.52
0.55,"2,141",900,0.30,"551,837","53,773","70,880","37,076",0.41,0.34,0.50
0.56,"2,133",851,0.29,"553,970","51,640","71,731","36,225",0.41,0.34,0.48
0.57,"1,996",796,0.29,"555,966","49,644","72,527","35,429",0.42,0.33,0.46
0.58,"1,985",849,0.30,"557,951","47,659","73,376","34,580",0.42,0.32,0.44
0.59,"1,816",810,0.31,"559,767","45,843","74,186","33,770",0.42,0.31,0.42
0.6,"1,733",863,0.33,"561,500","44,110","75,049","32,907",0.43,0.30,0.41
0.61,"1,674",811,0.33,"563,174","42,436","75,860","32,096",0.43,0.30,0.39
0.62,"1,610",764,0.32,"564,784","40,826","76,624","31,332",0.43,0.29,0.38
0.63,"1,590",796,0.33,"566,374","39,236","77,420","30,536",0.44,0.28,0.36
0.64,"1,553",757,0.33,"567,927","37,683","78,177","29,779",0.44,0.28,0.35
0.65,"1,421",740,0.34,"569,348","36,262","78,917","29,039",0.44,0.27,0.34
0.66,"1,339",751,0.36,"570,687","34,923","79,668","28,288",0.45,0.26,0.32
0.67,"1,267",717,0.36,"571,954","33,656","80,385","27,571",0.45,0.26,0.31
0.68,"1,281",644,0.33,"573,235","32,375","81,029","26,927",0.45,0.25,0.30
0.69,"1,222",664,0.35,"574,457","31,153","81,693","26,263",0.46,0.24,0.29
0.7,"1,215",674,0.36,"575,672","29,938","82,367","25,589",0.46,0.24,0.28
0.71,"1,097",669,0.38,"576,769","28,841","83,036","24,920",0.46,0.23,0.27
0.72,"1,126",645,0.36,"577,895","27,715","83,681","24,275",0.47,0.22,0.26
0.73,"1,037",622,0.37,"578,932","26,678","84,303","23,653",0.47,0.22,0.25
0.74,"1,015",618,0.38,"579,947","25,663","84,921","23,035",0.47,0.21,0.24
0.75,962,623,0.39,"580,909","24,701","85,544","22,412",0.48,0.21,0.23
0.76,964,592,0.38,"581,873","23,737","86,136","21,820",0.48,0.20,0.22
0.77,941,581,0.38,"582,814","22,796","86,717","21,239",0.48,0.20,0.21
0.78,867,579,0.40,"583,681","21,929","87,296","20,660",0.49,0.19,0.20
0.79,807,547,0.40,"584,488","21,122","87,843","20,113",0.49,0.19,0.20
0.8,845,559,0.40,"585,333","20,277","88,402","19,554",0.49,0.18,0.19
0.81,798,568,0.42,"586,131","19,479","88,970","18,986",0.49,0.18,0.18
0.82,819,516,0.39,"586,950","18,660","89,486","18,470",0.50,0.17,0.17
0.83,715,561,0.44,"587,665","17,945","90,047","17,909",0.50,0.17,0.17
0.84,705,475,0.40,"588,370","17,240","90,522","17,434",0.50,0.16,0.16
0.85,659,495,0.43,"589,029","16,581","91,017","16,939",0.51,0.16,0.15
0.86,635,473,0.43,"589,664","15,946","91,490","16,466",0.51,0.15,0.15
0.87,590,491,0.45,"590,254","15,356","91,981","15,975",0.51,0.15,0.14
0.88,611,440,0.42,"590,865","14,745","92,421","15,535",0.51,0.14,0.14
0.89,584,457,0.44,"591,449","14,161","92,878","15,078",0.52,0.14,0.13
0.9,552,459,0.45,"592,001","13,609","93,337","14,619",0.52,0.14,0.13
0.91,504,402,0.44,"592,505","13,105","93,739","14,217",0.52,0.13,0.12
0.92,518,436,0.46,"593,023","12,587","94,175","13,781",0.52,0.13,0.12
0.93,482,399,0.45,"593,505","12,105","94,574","13,382",0.53,0.12,0.11
0.94,448,400,0.47,"593,953","11,657","94,974","12,982",0.53,0.12,0.11
0.95,447,395,0.47,"594,400","11,210","95,369","12,587",0.53,0.12,0.10
0.96,426,366,0.46,"594,826","10,784","95,735","12,221",0.53,0.11,0.10
0.97,457,388,0.46,"595,283","10,327","96,123","11,833",0.53,0.11,0.10
0.98,407,337,0.45,"595,690","9,920","96,460","11,496",0.54,0.11,0.09
0.99,443,333,0.43,"596,133","9,477","96,793","11,163",0.54,0.10,0.09
1.0,"9,477","11,163",0.54,"605,610",0,"107,956",0,nan,0.00,0.00
