,min,max,Neg,Pos,$\frac{\text{Pos}}{\text{Neg}+\text{Pos}}$,TN,FP,FN,TP,Prec,Rec,FP/P
0,0.1702,0.2358,"15,034",685,0.0436,"15,034","590,576",685,"107,271",0.1537,0.9937,5.4705
1,0.2358,0.2569,"29,225","1,601",0.0519,"44,259","561,351","2,286","105,670",0.1584,0.9788,5.1998
2,0.2569,0.2717,"26,043","1,600",0.0579,"70,302","535,308","3,886","104,070",0.1628,0.9640,4.9586
3,0.2717,0.2889,"23,213","1,600",0.0645,"93,515","512,095","5,486","102,470",0.1667,0.9492,4.7436
4,0.2889,0.3178,"21,502","1,600",0.0693,"115,017","490,593","7,086","100,870",0.1705,0.9344,4.5444
5,0.3178,0.3467,"16,742","1,600",0.0872,"131,759","473,851","8,686","99,270",0.1732,0.9195,4.3893
6,0.3467,0.3640,"14,966","1,600",0.0966,"146,725","458,885","10,286","97,670",0.1755,0.9047,4.2507
7,0.3640,0.3774,"15,534","1,602",0.0935,"162,259","443,351","11,888","96,068",0.1781,0.8899,4.1068
8,0.3774,0.3887,"14,997","1,600",0.0964,"177,256","428,354","13,488","94,468",0.1807,0.8751,3.9679
9,0.3887,0.3980,"13,136","1,601",0.1086,"190,392","415,218","15,089","92,867",0.1828,0.8602,3.8462
10,0.3980,0.4071,"13,478","1,600",0.1061,"203,870","401,740","16,689","91,267",0.1851,0.8454,3.7213
11,0.4071,0.4157,"12,781","1,602",0.1114,"216,651","388,959","18,291","89,665",0.1873,0.8306,3.6029
12,0.4157,0.4235,"12,140","1,602",0.1166,"228,791","376,819","19,893","88,063",0.1894,0.8157,3.4905
13,0.4235,0.4308,"12,241","1,603",0.1158,"241,032","364,578","21,496","86,460",0.1917,0.8009,3.3771
14,0.4308,0.4375,"11,356","1,603",0.1237,"252,388","353,222","23,099","84,857",0.1937,0.7860,3.2719
15,0.4375,0.4436,"10,719","1,601",0.1300,"263,107","342,503","24,700","83,256",0.1955,0.7712,3.1726
16,0.4436,0.4496,"10,964","1,600",0.1273,"274,071","331,539","26,300","81,656",0.1976,0.7564,3.0711
17,0.4496,0.4553,"10,731","1,602",0.1299,"284,802","320,808","27,902","80,054",0.1997,0.7415,2.9717
18,0.4553,0.4612,"10,549","1,600",0.1317,"295,351","310,259","29,502","78,454",0.2018,0.7267,2.8739
19,0.4612,0.4670,"10,766","1,601",0.1295,"306,117","299,493","31,103","76,853",0.2042,0.7119,2.7742
20,0.4670,0.4725,"9,832","1,600",0.1400,"315,949","289,661","32,703","75,253",0.2062,0.6971,2.6831
21,0.4725,0.4783,"9,882","1,604",0.1396,"325,831","279,779","34,307","73,649",0.2084,0.6822,2.5916
22,0.4783,0.4841,"9,535","1,600",0.1437,"335,366","270,244","35,907","72,049",0.2105,0.6674,2.5033
23,0.4841,0.4893,"8,974","1,601",0.1514,"344,340","261,270","37,508","70,448",0.2124,0.6526,2.4202
24,0.4893,0.4950,"9,783","1,605",0.1409,"354,123","251,487","39,113","68,843",0.2149,0.6377,2.3295
25,0.4950,0.5001,"8,971","1,600",0.1514,"363,094","242,516","40,713","67,243",0.2171,0.6229,2.2464
26,0.5001,0.5056,"9,164","1,604",0.1490,"372,258","233,352","42,317","65,639",0.2195,0.6080,2.1615
27,0.5056,0.5103,"8,911","1,600",0.1522,"381,169","224,441","43,917","64,039",0.2220,0.5932,2.0790
28,0.5103,0.5151,"8,803","1,604",0.1541,"389,972","215,638","45,521","62,435",0.2245,0.5783,1.9975
29,0.5151,0.5199,"8,574","1,600",0.1573,"398,546","207,064","47,121","60,835",0.2271,0.5635,1.9180
30,0.5199,0.5246,"7,825","1,600",0.1698,"406,371","199,239","48,721","59,235",0.2292,0.5487,1.8456
31,0.5246,0.5295,"7,739","1,600",0.1713,"414,110","191,500","50,321","57,635",0.2313,0.5339,1.7739
32,0.5295,0.5345,"7,682","1,602",0.1726,"421,792","183,818","51,923","56,033",0.2336,0.5190,1.7027
33,0.5345,0.5398,"7,858","1,603",0.1694,"429,650","175,960","53,526","54,430",0.2363,0.5042,1.6299
34,0.5398,0.5448,"7,540","1,600",0.1751,"437,190","168,420","55,126","52,830",0.2388,0.4894,1.5601
35,0.5448,0.5505,"7,494","1,602",0.1761,"444,684","160,926","56,728","51,228",0.2415,0.4745,1.4907
36,0.5506,0.5575,"7,683","1,600",0.1724,"452,367","153,243","58,328","49,628",0.2446,0.4597,1.4195
37,0.5575,0.5647,"7,026","1,602",0.1857,"459,393","146,217","59,930","48,026",0.2472,0.4449,1.3544
38,0.5647,0.5717,"6,654","1,604",0.1942,"466,047","139,563","61,534","46,422",0.2496,0.4300,1.2928
39,0.5717,0.5794,"6,771","1,601",0.1912,"472,818","132,792","63,135","44,821",0.2524,0.4152,1.2301
40,0.5794,0.5867,"6,783","1,600",0.1909,"479,601","126,009","64,735","43,221",0.2554,0.4004,1.1672
41,0.5867,0.5934,"6,145","1,600",0.2066,"485,746","119,864","66,335","41,621",0.2577,0.3855,1.1103
42,0.5934,0.5987,"5,851","1,600",0.2147,"491,597","114,013","67,935","40,021",0.2598,0.3707,1.0561
43,0.5987,0.6035,"5,606","1,605",0.2226,"497,203","108,407","69,540","38,416",0.2616,0.3558,1.0042
44,0.6035,0.6085,"5,744","1,600",0.2179,"502,947","102,663","71,140","36,816",0.2640,0.3410,0.9510
45,0.6085,0.6136,"5,860","1,600",0.2145,"508,807","96,803","72,740","35,216",0.2667,0.3262,0.8967
46,0.6136,0.6177,"5,290","1,600",0.2322,"514,097","91,513","74,340","33,616",0.2687,0.3114,0.8477
47,0.6177,0.6214,"5,397","1,602",0.2289,"519,494","86,116","75,942","32,014",0.2710,0.2965,0.7977
48,0.6214,0.6254,"5,190","1,600",0.2356,"524,684","80,926","77,542","30,414",0.2732,0.2817,0.7496
49,0.6254,0.6294,"5,068","1,601",0.2401,"529,752","75,858","79,143","28,813",0.2753,0.2669,0.7027
50,0.6294,0.6336,"4,968","1,600",0.2436,"534,720","70,890","80,743","27,213",0.2774,0.2521,0.6567
51,0.6336,0.6375,"4,592","1,607",0.2592,"539,312","66,298","82,350","25,606",0.2786,0.2372,0.6141
52,0.6375,0.6417,"5,069","1,600",0.2399,"544,381","61,229","83,950","24,006",0.2816,0.2224,0.5672
53,0.6417,0.6459,"4,642","1,600",0.2563,"549,023","56,587","85,550","22,406",0.2836,0.2075,0.5242
54,0.6459,0.6506,"4,910","1,600",0.2458,"553,933","51,677","87,150","20,806",0.2870,0.1927,0.4787
55,0.6506,0.6555,"4,708","1,600",0.2536,"558,641","46,969","88,750","19,206",0.2902,0.1779,0.4351
56,0.6555,0.6604,"4,254","1,601",0.2734,"562,895","42,715","90,351","17,605",0.2919,0.1631,0.3957
57,0.6604,0.6658,"4,195","1,602",0.2763,"567,090","38,520","91,953","16,003",0.2935,0.1482,0.3568
58,0.6658,0.6726,"4,513","1,601",0.2619,"571,603","34,007","93,554","14,402",0.2975,0.1334,0.3150
59,0.6726,0.6791,"4,217","1,601",0.2752,"575,820","29,790","95,155","12,801",0.3006,0.1186,0.2759
60,0.6791,0.6869,"3,947","1,601",0.2886,"579,767","25,843","96,756","11,200",0.3024,0.1037,0.2394
61,0.6870,0.6950,"4,275","1,600",0.2723,"584,042","21,568","98,356","9,600",0.3080,0.0889,0.1998
62,0.6950,0.7062,"4,252","1,600",0.2734,"588,294","17,316","99,956","8,000",0.3160,0.0741,0.1604
63,0.7062,0.7179,"3,879","1,600",0.2920,"592,173","13,437","101,556","6,400",0.3226,0.0593,0.1245
64,0.7179,0.7338,"3,551","1,600",0.3106,"595,724","9,886","103,156","4,800",0.3268,0.0445,0.0916
65,0.7338,0.7536,"3,557","1,600",0.3103,"599,281","6,329","104,756","3,200",0.3358,0.0296,0.0586
66,0.7536,0.7758,"3,358","1,600",0.3227,"602,639","2,971","106,356","1,600",0.3500,0.0148,0.0275
67,0.7758,0.8380,"2,971","1,600",0.3500,"605,610",0,"107,956",0,nan,0.0000,0.0000
