p,Neg,Pos,$\frac{\text{Pos}}{\text{Neg}+\text{Pos}}$,TN,FP,FN,TP,Prec,Rec,$\frac{\text{FP}}{\text{P}}$
0.0,"6,057",60,0.01,"6,057","599,553",60,"107,896",0.15,1.00,5.55
0.1,"261,144","13,705",0.05,"267,201","338,409","13,765","94,191",0.22,0.87,3.13
0.2,"172,889","24,995",0.13,"440,090","165,520","38,760","69,196",0.29,0.64,1.53
0.3,"82,175","21,203",0.21,"522,265","83,345","59,963","47,993",0.37,0.44,0.77
0.4,"39,889","15,410",0.28,"562,154","43,456","75,373","32,583",0.43,0.30,0.40
0.5,"20,228","11,064",0.35,"582,382","23,228","86,437","21,519",0.48,0.20,0.22
0.6,"10,959","8,028",0.42,"593,341","12,269","94,465","13,491",0.52,0.12,0.11
0.7,"6,004","5,390",0.47,"599,345","6,265","99,855","8,101",0.56,0.08,0.06
0.8,"3,261","3,494",0.52,"602,606","3,004","103,349","4,607",0.61,0.04,0.03
0.9,"1,731","2,114",0.55,"604,337","1,273","105,463","2,493",0.66,0.02,0.01
1.0,"1,273","2,493",0.66,"605,610",0,"107,956",0,nan,0.00,0.00
