p,Neg,Pos,$\frac{\text{Pos}}{\text{Neg}+\text{Pos}}$,TN,FP,FN,TP,Prec,Rec,$\frac{\text{FP}}{\text{P}}$
0.0,"60,561","2,423",0.04,"60,561","545,049","2,423","105,533",0.16,0.98,5.05
0.05,"26,838","1,514",0.05,"87,399","518,211","3,937","104,019",0.17,0.96,4.80
0.1,"30,435","2,031",0.06,"117,834","487,776","5,968","101,988",0.17,0.94,4.52
0.15,"33,197","2,524",0.07,"151,031","454,579","8,492","99,464",0.18,0.92,4.21
0.2,"35,769","3,111",0.08,"186,800","418,810","11,603","96,353",0.19,0.89,3.88
0.25,"38,297","3,896",0.09,"225,097","380,513","15,499","92,457",0.20,0.86,3.52
0.3,"40,411","4,480",0.10,"265,508","340,102","19,979","87,977",0.21,0.81,3.15
0.35,"41,040","5,290",0.11,"306,548","299,062","25,269","82,687",0.22,0.77,2.77
0.4,"40,347","5,931",0.13,"346,895","258,715","31,200","76,756",0.23,0.71,2.40
0.45,"38,973","6,322",0.14,"385,868","219,742","37,522","70,434",0.24,0.65,2.04
0.5,"36,846","6,811",0.16,"422,714","182,896","44,333","63,623",0.26,0.59,1.69
0.55,"33,420","6,852",0.17,"456,134","149,476","51,185","56,771",0.28,0.53,1.38
0.6,"29,109","6,800",0.19,"485,243","120,367","57,985","49,971",0.29,0.46,1.11
0.65,"24,915","6,572",0.21,"510,158","95,452","64,557","43,399",0.31,0.40,0.88
0.7,"21,015","6,082",0.22,"531,173","74,437","70,639","37,317",0.33,0.35,0.69
0.75,"17,184","5,687",0.25,"548,357","57,253","76,326","31,630",0.36,0.29,0.53
0.8,"13,554","5,018",0.27,"561,911","43,699","81,344","26,612",0.38,0.25,0.40
0.85,"10,629","4,545",0.30,"572,540","33,070","85,889","22,067",0.40,0.20,0.31
0.9,"8,127","4,014",0.33,"580,667","24,943","89,903","18,053",0.42,0.17,0.23
0.95,"6,854","3,685",0.35,"587,521","18,089","93,588","14,368",0.44,0.13,0.17
1.0,"18,089","14,368",0.44,"605,610",0,"107,956",0,nan,0.00,0.00
