p,Neg,Pos,mPrec,TN,FP,FN,TP,Prec,Rec,FP/P,$\hat{p}$
0.0,"6,057",60,0.01,"6,057","599,553",60,"107,896",0.15,1.00,5.55,0.99
0.01,"15,309",247,0.02,"21,366","584,244",307,"107,649",0.16,1.00,5.41,0.97
0.02,"22,766",471,0.02,"44,132","561,478",778,"107,178",0.16,0.99,5.20,0.94
0.03,"27,046",820,0.03,"71,178","534,432","1,598","106,358",0.17,0.99,4.95,0.90
0.04,"29,097","1,013",0.03,"100,275","505,335","2,611","105,345",0.17,0.98,4.68,0.86
0.05,"29,773","1,307",0.04,"130,048","475,562","3,918","104,038",0.18,0.96,4.41,0.81
0.06,"29,547","1,590",0.05,"159,595","446,015","5,508","102,448",0.19,0.95,4.13,0.77
0.07,"28,659","1,788",0.06,"188,254","417,356","7,296","100,660",0.19,0.93,3.87,0.73
0.08,"27,806","2,013",0.07,"216,060","389,550","9,309","98,647",0.20,0.91,3.61,0.68
0.09,"26,336","2,111",0.07,"242,396","363,214","11,420","96,536",0.21,0.89,3.36,0.64
0.1,"24,805","2,345",0.09,"267,201","338,409","13,765","94,191",0.22,0.87,3.13,0.61
0.11,"23,612","2,385",0.09,"290,813","314,797","16,150","91,806",0.23,0.85,2.92,0.57
0.12,"21,591","2,490",0.10,"312,404","293,206","18,640","89,316",0.23,0.83,2.72,0.54
0.13,"20,373","2,580",0.11,"332,777","272,833","21,220","86,736",0.24,0.80,2.53,0.50
0.14,"18,816","2,545",0.12,"351,593","254,017","23,765","84,191",0.25,0.78,2.35,0.47
0.15,"17,646","2,556",0.13,"369,239","236,371","26,321","81,635",0.26,0.76,2.19,0.45
0.16,"16,348","2,492",0.13,"385,587","220,023","28,813","79,143",0.26,0.73,2.04,0.42
0.17,"15,352","2,544",0.14,"400,939","204,671","31,357","76,599",0.27,0.71,1.90,0.39
0.18,"14,162","2,495",0.15,"415,101","190,509","33,852","74,104",0.28,0.69,1.76,0.37
0.19,"13,042","2,383",0.15,"428,143","177,467","36,235","71,721",0.29,0.66,1.64,0.35
0.2,"11,947","2,525",0.17,"440,090","165,520","38,760","69,196",0.29,0.64,1.53,0.33
0.21,"11,352","2,397",0.17,"451,442","154,168","41,157","66,799",0.30,0.62,1.43,0.31
0.22,"10,251","2,296",0.18,"461,693","143,917","43,453","64,503",0.31,0.60,1.33,0.29
0.23,"9,744","2,189",0.18,"471,437","134,173","45,642","62,314",0.32,0.58,1.24,0.28
0.24,"8,887","2,313",0.21,"480,324","125,286","47,955","60,001",0.32,0.56,1.16,0.26
0.25,"8,400","2,207",0.21,"488,724","116,886","50,162","57,794",0.33,0.54,1.08,0.24
0.26,"7,673","2,051",0.21,"496,397","109,213","52,213","55,743",0.34,0.52,1.01,0.23
0.27,"7,272","2,084",0.22,"503,669","101,941","54,297","53,659",0.34,0.50,0.94,0.22
0.28,"6,618","1,923",0.23,"510,287","95,323","56,220","51,736",0.35,0.48,0.88,0.21
0.29,"6,172","1,949",0.24,"516,459","89,151","58,169","49,787",0.36,0.46,0.83,0.19
0.3,"5,806","1,794",0.24,"522,265","83,345","59,963","47,993",0.37,0.44,0.77,0.18
0.31,"5,227","1,729",0.25,"527,492","78,118","61,692","46,264",0.37,0.43,0.72,0.17
0.32,"4,990","1,755",0.26,"532,482","73,128","63,447","44,509",0.38,0.41,0.68,0.16
0.33,"4,739","1,704",0.26,"537,221","68,389","65,151","42,805",0.38,0.40,0.63,0.16
0.34,"4,432","1,632",0.27,"541,653","63,957","66,783","41,173",0.39,0.38,0.59,0.15
0.35,"4,135","1,566",0.27,"545,788","59,822","68,349","39,607",0.40,0.37,0.55,0.14
0.36,"3,772","1,564",0.29,"549,560","56,050","69,913","38,043",0.40,0.35,0.52,0.13
0.37,"3,488","1,425",0.29,"553,048","52,562","71,338","36,618",0.41,0.34,0.49,0.12
0.38,"3,249","1,324",0.29,"556,297","49,313","72,662","35,294",0.42,0.33,0.46,0.12
0.39,"3,081","1,325",0.30,"559,378","46,232","73,987","33,969",0.42,0.31,0.43,0.11
0.4,"2,776","1,386",0.33,"562,154","43,456","75,373","32,583",0.43,0.30,0.40,0.11
0.41,"2,648","1,256",0.32,"564,802","40,808","76,629","31,327",0.43,0.29,0.38,0.10
0.42,"2,558","1,264",0.33,"567,360","38,250","77,893","30,063",0.44,0.28,0.35,0.10
0.43,"2,330","1,197",0.34,"569,690","35,920","79,090","28,866",0.45,0.27,0.33,0.09
0.44,"2,080","1,200",0.37,"571,770","33,840","80,290","27,666",0.45,0.26,0.31,0.09
0.45,"2,025","1,073",0.35,"573,795","31,815","81,363","26,593",0.46,0.25,0.29,0.08
0.46,"1,968","1,071",0.35,"575,763","29,847","82,434","25,522",0.46,0.24,0.28,0.08
0.47,"1,792","1,066",0.37,"577,555","28,055","83,500","24,456",0.47,0.23,0.26,0.07
0.48,"1,706","1,007",0.37,"579,261","26,349","84,507","23,449",0.47,0.22,0.24,0.07
0.49,"1,591",992,0.38,"580,852","24,758","85,499","22,457",0.48,0.21,0.23,0.07
0.5,"1,530",938,0.38,"582,382","23,228","86,437","21,519",0.48,0.20,0.22,0.06
0.51,"1,443",955,0.40,"583,825","21,785","87,392","20,564",0.49,0.19,0.20,0.06
0.52,"1,343",902,0.40,"585,168","20,442","88,294","19,662",0.49,0.18,0.19,0.06
0.53,"1,292",894,0.41,"586,460","19,150","89,188","18,768",0.49,0.17,0.18,0.05
0.54,"1,211",864,0.42,"587,671","17,939","90,052","17,904",0.50,0.17,0.17,0.05
0.55,"1,123",777,0.41,"588,794","16,816","90,829","17,127",0.50,0.16,0.16,0.05
0.56,"1,029",773,0.43,"589,823","15,787","91,602","16,354",0.51,0.15,0.15,0.05
0.57,943,755,0.44,"590,766","14,844","92,357","15,599",0.51,0.14,0.14,0.04
0.58,937,739,0.44,"591,703","13,907","93,096","14,860",0.52,0.14,0.13,0.04
0.59,845,685,0.45,"592,548","13,062","93,781","14,175",0.52,0.13,0.12,0.04
0.6,793,684,0.46,"593,341","12,269","94,465","13,491",0.52,0.12,0.11,0.04
0.61,764,633,0.45,"594,105","11,505","95,098","12,858",0.53,0.12,0.11,0.03
0.62,699,619,0.47,"594,804","10,806","95,717","12,239",0.53,0.11,0.10,0.03
0.63,711,605,0.46,"595,515","10,095","96,322","11,634",0.54,0.11,0.09,0.03
0.64,679,541,0.44,"596,194","9,416","96,863","11,093",0.54,0.10,0.09,0.03
0.65,606,543,0.47,"596,800","8,810","97,406","10,550",0.54,0.10,0.08,0.03
0.66,568,545,0.49,"597,368","8,242","97,951","10,005",0.55,0.09,0.08,0.03
0.67,516,503,0.49,"597,884","7,726","98,454","9,502",0.55,0.09,0.07,0.02
0.68,524,443,0.46,"598,408","7,202","98,897","9,059",0.56,0.08,0.07,0.02
0.69,471,514,0.52,"598,879","6,731","99,411","8,545",0.56,0.08,0.06,0.02
0.7,466,444,0.49,"599,345","6,265","99,855","8,101",0.56,0.08,0.06,0.02
0.71,417,409,0.50,"599,762","5,848","100,264","7,692",0.57,0.07,0.05,0.02
0.72,401,437,0.52,"600,163","5,447","100,701","7,255",0.57,0.07,0.05,0.02
0.73,384,361,0.48,"600,547","5,063","101,062","6,894",0.58,0.06,0.05,0.02
0.74,385,400,0.51,"600,932","4,678","101,462","6,494",0.58,0.06,0.04,0.02
0.75,320,385,0.55,"601,252","4,358","101,847","6,109",0.58,0.06,0.04,0.01
0.76,289,303,0.51,"601,541","4,069","102,150","5,806",0.59,0.05,0.04,0.01
0.77,292,328,0.53,"601,833","3,777","102,478","5,478",0.59,0.05,0.03,0.01
0.78,272,296,0.52,"602,105","3,505","102,774","5,182",0.60,0.05,0.03,0.01
0.79,259,287,0.53,"602,364","3,246","103,061","4,895",0.60,0.05,0.03,0.01
0.8,242,288,0.54,"602,606","3,004","103,349","4,607",0.61,0.04,0.03,0.01
0.81,232,248,0.52,"602,838","2,772","103,597","4,359",0.61,0.04,0.03,0.01
0.82,227,246,0.52,"603,065","2,545","103,843","4,113",0.62,0.04,0.02,0.01
0.83,210,257,0.55,"603,275","2,335","104,100","3,856",0.62,0.04,0.02,0.01
0.84,193,205,0.52,"603,468","2,142","104,305","3,651",0.63,0.03,0.02,0.01
0.85,168,242,0.59,"603,636","1,974","104,547","3,409",0.63,0.03,0.02,0.01
0.86,151,197,0.57,"603,787","1,823","104,744","3,212",0.64,0.03,0.02,0.01
0.87,144,198,0.58,"603,931","1,679","104,942","3,014",0.64,0.03,0.02,0.01
0.88,140,181,0.56,"604,071","1,539","105,123","2,833",0.65,0.03,0.01,0.01
0.89,142,191,0.57,"604,213","1,397","105,314","2,642",0.65,0.02,0.01,0.01
0.9,124,149,0.55,"604,337","1,273","105,463","2,493",0.66,0.02,0.01,0.01
0.91,94,163,0.63,"604,431","1,179","105,626","2,330",0.66,0.02,0.01,0.00
0.92,110,167,0.60,"604,541","1,069","105,793","2,163",0.67,0.02,0.01,0.00
0.93,108,158,0.59,"604,649",961,"105,951","2,005",0.68,0.02,0.01,0.00
0.94,90,139,0.61,"604,739",871,"106,090","1,866",0.68,0.02,0.01,0.00
0.95,89,139,0.61,"604,828",782,"106,229","1,727",0.69,0.02,0.01,0.00
0.96,71,149,0.68,"604,899",711,"106,378","1,578",0.69,0.01,0.01,0.00
0.97,73,124,0.63,"604,972",638,"106,502","1,454",0.70,0.01,0.01,0.00
0.98,67,131,0.66,"605,039",571,"106,633","1,323",0.70,0.01,0.01,0.00
0.99,55,114,0.67,"605,094",516,"106,747","1,209",0.70,0.01,0.00,0.00
1.0,516,"1,209",0.70,"605,610",0,"107,956",0,nan,0.00,0.00,0.00
