p,Neg,Pos,$\frac{\text{Pos}}{\text{Neg}+\text{Pos}}$,TN,FP,FN,TP,Prec,Rec,$\frac{\text{FP}}{\text{P}}$
0.0,"15,153",692,0.04,"15,153","590,457",692,"107,264",0.15,0.99,5.47
0.1,"77,866","4,770",0.06,"93,019","512,591","5,462","102,494",0.17,0.95,4.75
0.2,"34,811","2,841",0.08,"127,830","477,780","8,303","99,653",0.17,0.92,4.43
0.3,"55,634","5,908",0.10,"183,464","422,146","14,211","93,745",0.18,0.87,3.91
0.4,"83,694","11,058",0.12,"267,158","338,452","25,269","82,687",0.20,0.77,3.14
0.5,"92,710","14,834",0.14,"359,868","245,742","40,103","67,853",0.22,0.63,2.28
0.6,"84,884","16,642",0.16,"444,752","160,858","56,745","51,211",0.24,0.47,1.49
0.7,"51,827","12,588",0.20,"496,579","109,031","69,333","38,623",0.26,0.36,1.01
0.8,"62,163","19,455",0.24,"558,742","46,868","88,788","19,168",0.29,0.18,0.43
0.9,"30,266","11,438",0.27,"589,008","16,602","100,226","7,730",0.32,0.07,0.15
1.0,"16,602","7,730",0.32,"605,610",0,"107,956",0,nan,0.00,0.00
