p,Neg,Pos,$\frac{\text{Pos}}{\text{Neg}+\text{Pos}}$,TN,FP,FN,TP,Prec,Rec,$\frac{\text{FP}}{\text{P}}$
0.0,"60,561","1,187",0.02,"60,561","545,049","1,187","106,769",0.16,0.99,5.05
0.1,"70,373","2,670",0.04,"130,934","474,676","3,857","104,099",0.18,0.96,4.40
0.2,"78,926","4,766",0.06,"209,860","395,750","8,623","99,333",0.20,0.92,3.67
0.3,"78,912","7,057",0.08,"288,772","316,838","15,680","92,276",0.23,0.85,2.93
0.4,"72,968","9,239",0.11,"361,740","243,870","24,919","83,037",0.25,0.77,2.26
0.5,"64,707","10,781",0.14,"426,447","179,163","35,700","72,256",0.29,0.67,1.66
0.6,"54,414","12,354",0.19,"480,861","124,749","48,054","59,902",0.32,0.55,1.16
0.7,"43,683","12,778",0.23,"524,544","81,066","60,832","47,124",0.37,0.44,0.75
0.8,"33,204","12,857",0.28,"557,748","47,862","73,689","34,267",0.42,0.32,0.44
0.9,"23,113","12,271",0.35,"580,861","24,749","85,960","21,996",0.47,0.20,0.23
1.0,"24,749","21,996",0.47,"605,610",0,"107,956",0,nan,0.00,0.00
