p,Neg,Pos,mPrec,TN,FP,FN,TP,Prec,Rec,FP/P,$\hat{p}$
0.0,0,0,nan,0,"605,610",0,"107,956",0.15,1.00,5.61,1.00
0.01,0,0,nan,0,"605,610",0,"107,956",0.15,1.00,5.61,1.00
0.02,0,0,nan,0,"605,610",0,"107,956",0.15,1.00,5.61,1.00
0.03,0,0,nan,0,"605,610",0,"107,956",0.15,1.00,5.61,1.00
0.04,0,0,nan,0,"605,610",0,"107,956",0.15,1.00,5.61,1.00
0.05,0,0,nan,0,"605,610",0,"107,956",0.15,1.00,5.61,1.00
0.06,2,0,0.00,2,"605,608",0,"107,956",0.15,1.00,5.61,1.00
0.07,10,1,0.09,12,"605,598",1,"107,955",0.15,1.00,5.61,1.00
0.08,17,0,0.00,29,"605,581",1,"107,955",0.15,1.00,5.61,1.00
0.09,79,2,0.02,108,"605,502",3,"107,953",0.15,1.00,5.61,1.00
0.1,192,4,0.02,300,"605,310",7,"107,949",0.15,1.00,5.61,1.00
0.11,344,8,0.02,644,"604,966",15,"107,941",0.15,1.00,5.60,1.00
0.12,585,12,0.02,"1,229","604,381",27,"107,929",0.15,1.00,5.60,1.00
0.13,"1,009",24,0.02,"2,238","603,372",51,"107,905",0.15,1.00,5.59,1.00
0.14,"1,587",43,0.03,"3,825","601,785",94,"107,862",0.15,1.00,5.57,0.99
0.15,"2,377",68,0.03,"6,202","599,408",162,"107,794",0.15,1.00,5.55,0.99
0.16,"3,378",103,0.03,"9,580","596,030",265,"107,691",0.15,1.00,5.52,0.99
0.17,"4,507",112,0.02,"14,087","591,523",377,"107,579",0.15,1.00,5.48,0.98
0.18,"5,490",195,0.03,"19,577","586,033",572,"107,384",0.15,0.99,5.43,0.97
0.19,"6,524",244,0.04,"26,101","579,509",816,"107,140",0.16,0.99,5.37,0.96
0.2,"7,146",279,0.04,"33,247","572,363","1,095","106,861",0.16,0.99,5.30,0.95
0.21,"7,652",334,0.04,"40,899","564,711","1,429","106,527",0.16,0.99,5.23,0.94
0.22,"8,062",404,0.05,"48,961","556,649","1,833","106,123",0.16,0.98,5.16,0.93
0.23,"8,725",425,0.05,"57,686","547,924","2,258","105,698",0.16,0.98,5.08,0.92
0.24,"8,964",519,0.05,"66,650","538,960","2,777","105,179",0.16,0.97,4.99,0.90
0.25,"9,224",530,0.05,"75,874","529,736","3,307","104,649",0.16,0.97,4.91,0.89
0.26,"9,902",533,0.05,"85,776","519,834","3,840","104,116",0.17,0.96,4.82,0.87
0.27,"10,376",598,0.05,"96,152","509,458","4,438","103,518",0.17,0.96,4.72,0.86
0.28,"10,767",770,0.07,"106,919","498,691","5,208","102,748",0.17,0.95,4.62,0.84
0.29,"11,026",769,0.07,"117,945","487,665","5,977","101,979",0.17,0.94,4.52,0.83
0.3,"11,298",839,0.07,"129,243","476,367","6,816","101,140",0.18,0.94,4.41,0.81
0.31,"11,740",896,0.07,"140,983","464,627","7,712","100,244",0.18,0.93,4.30,0.79
0.32,"12,195",954,0.07,"153,178","452,432","8,666","99,290",0.18,0.92,4.19,0.77
0.33,"12,352","1,063",0.08,"165,530","440,080","9,729","98,227",0.18,0.91,4.08,0.75
0.34,"12,723","1,117",0.08,"178,253","427,357","10,846","97,110",0.19,0.90,3.96,0.73
0.35,"13,108","1,169",0.08,"191,361","414,249","12,015","95,941",0.19,0.89,3.84,0.71
0.36,"13,384","1,305",0.09,"204,745","400,865","13,320","94,636",0.19,0.88,3.71,0.69
0.37,"13,467","1,435",0.10,"218,212","387,398","14,755","93,201",0.19,0.86,3.59,0.67
0.38,"13,957","1,462",0.09,"232,169","373,441","16,217","91,739",0.20,0.85,3.46,0.65
0.39,"14,121","1,544",0.10,"246,290","359,320","17,761","90,195",0.20,0.84,3.33,0.63
0.4,"14,382","1,700",0.11,"260,672","344,938","19,461","88,495",0.20,0.82,3.20,0.61
0.41,"14,604","1,727",0.11,"275,276","330,334","21,188","86,768",0.21,0.80,3.06,0.58
0.42,"14,492","1,868",0.11,"289,768","315,842","23,056","84,900",0.21,0.79,2.93,0.56
0.43,"14,403","1,894",0.12,"304,171","301,439","24,950","83,006",0.22,0.77,2.79,0.54
0.44,"14,526","2,038",0.12,"318,697","286,913","26,988","80,968",0.22,0.75,2.66,0.52
0.45,"14,231","2,093",0.13,"332,928","272,682","29,081","78,875",0.22,0.73,2.53,0.49
0.46,"14,012","2,124",0.13,"346,940","258,670","31,205","76,751",0.23,0.71,2.40,0.47
0.47,"14,057","2,207",0.14,"360,997","244,613","33,412","74,544",0.23,0.69,2.27,0.45
0.48,"13,892","2,209",0.14,"374,889","230,721","35,621","72,335",0.24,0.67,2.14,0.42
0.49,"13,263","2,274",0.15,"388,152","217,458","37,895","70,061",0.24,0.65,2.01,0.40
0.5,"13,243","2,329",0.15,"401,395","204,215","40,224","67,732",0.25,0.63,1.89,0.38
0.51,"13,062","2,495",0.16,"414,457","191,153","42,719","65,237",0.25,0.60,1.77,0.36
0.52,"12,305","2,394",0.16,"426,762","178,848","45,113","62,843",0.26,0.58,1.66,0.34
0.53,"12,046","2,402",0.17,"438,808","166,802","47,515","60,441",0.27,0.56,1.55,0.32
0.54,"11,587","2,434",0.17,"450,395","155,215","49,949","58,007",0.27,0.54,1.44,0.30
0.55,"11,109","2,492",0.18,"461,504","144,106","52,441","55,515",0.28,0.51,1.33,0.28
0.56,"10,559","2,395",0.18,"472,063","133,547","54,836","53,120",0.28,0.49,1.24,0.26
0.57,"10,015","2,338",0.19,"482,078","123,532","57,174","50,782",0.29,0.47,1.14,0.24
0.58,"9,403","2,347",0.20,"491,481","114,129","59,521","48,435",0.30,0.45,1.06,0.23
0.59,"8,807","2,305",0.21,"500,288","105,322","61,826","46,130",0.30,0.43,0.98,0.21
0.6,"8,501","2,361",0.22,"508,789","96,821","64,187","43,769",0.31,0.41,0.90,0.20
0.61,"7,921","2,229",0.22,"516,710","88,900","66,416","41,540",0.32,0.38,0.82,0.18
0.62,"7,462","2,163",0.22,"524,172","81,438","68,579","39,377",0.33,0.36,0.75,0.17
0.63,"6,980","2,053",0.23,"531,152","74,458","70,632","37,324",0.33,0.35,0.69,0.16
0.64,"6,587","2,030",0.24,"537,739","67,871","72,662","35,294",0.34,0.33,0.63,0.14
0.65,"5,926","2,018",0.25,"543,665","61,945","74,680","33,276",0.35,0.31,0.57,0.13
0.66,"5,567","1,947",0.26,"549,232","56,378","76,627","31,329",0.36,0.29,0.52,0.12
0.67,"5,120","1,861",0.27,"554,352","51,258","78,488","29,468",0.37,0.27,0.47,0.11
0.68,"4,651","1,662",0.26,"559,003","46,607","80,150","27,806",0.37,0.26,0.43,0.10
0.69,"4,285","1,777",0.29,"563,288","42,322","81,927","26,029",0.38,0.24,0.39,0.10
0.7,"3,929","1,634",0.29,"567,217","38,393","83,561","24,395",0.39,0.23,0.36,0.09
0.71,"3,569","1,562",0.30,"570,786","34,824","85,123","22,833",0.40,0.21,0.32,0.08
0.72,"3,398","1,476",0.30,"574,184","31,426","86,599","21,357",0.40,0.20,0.29,0.07
0.73,"2,915","1,494",0.34,"577,099","28,511","88,093","19,863",0.41,0.18,0.26,0.07
0.74,"2,742","1,373",0.33,"579,841","25,769","89,466","18,490",0.42,0.17,0.24,0.06
0.75,"2,590","1,297",0.33,"582,431","23,179","90,763","17,193",0.43,0.16,0.21,0.06
0.76,"2,461","1,323",0.35,"584,892","20,718","92,086","15,870",0.43,0.15,0.19,0.05
0.77,"2,288","1,269",0.36,"587,180","18,430","93,355","14,601",0.44,0.14,0.17,0.05
0.78,"2,059","1,342",0.39,"589,239","16,371","94,697","13,259",0.45,0.12,0.15,0.04
0.79,"1,871","1,254",0.40,"591,110","14,500","95,951","12,005",0.45,0.11,0.13,0.04
0.8,"1,845","1,201",0.39,"592,955","12,655","97,152","10,804",0.46,0.10,0.12,0.03
0.81,"1,753","1,183",0.40,"594,708","10,902","98,335","9,621",0.47,0.09,0.10,0.03
0.82,"1,671","1,221",0.42,"596,379","9,231","99,556","8,400",0.48,0.08,0.09,0.02
0.83,"1,533","1,147",0.43,"597,912","7,698","100,703","7,253",0.49,0.07,0.07,0.02
0.84,"1,466","1,190",0.45,"599,378","6,232","101,893","6,063",0.49,0.06,0.06,0.02
0.85,"1,337","1,139",0.46,"600,715","4,895","103,032","4,924",0.50,0.05,0.05,0.01
0.86,"1,171","1,087",0.48,"601,886","3,724","104,119","3,837",0.51,0.04,0.03,0.01
0.87,989,958,0.49,"602,875","2,735","105,077","2,879",0.51,0.03,0.03,0.01
0.88,770,767,0.50,"603,645","1,965","105,844","2,112",0.52,0.02,0.02,0.01
0.89,695,664,0.49,"604,340","1,270","106,508","1,448",0.53,0.01,0.01,0.00
0.9,514,559,0.52,"604,854",756,"107,067",889,0.54,0.01,0.01,0.00
0.91,385,403,0.51,"605,239",371,"107,470",486,0.57,0.00,0.00,0.00
0.92,196,270,0.58,"605,435",175,"107,740",216,0.55,0.00,0.00,0.00
0.93,108,124,0.53,"605,543",67,"107,864",92,0.58,0.00,0.00,0.00
0.94,47,64,0.58,"605,590",20,"107,928",28,0.58,0.00,0.00,0.00
0.95,18,24,0.57,"605,608",2,"107,952",4,0.67,0.00,0.00,0.00
0.96,2,3,0.60,"605,610",0,"107,955",1,1.00,0.00,0.00,0.00
0.97,0,1,1.00,"605,610",0,"107,956",0,nan,0.00,0.00,0.00
0.98,0,0,nan,"605,610",0,"107,956",0,nan,0.00,0.00,0.00
0.99,0,0,nan,"605,610",0,"107,956",0,nan,0.00,0.00,0.00
1.0,0,0,nan,"605,610",0,"107,956",0,nan,0.00,0.00,0.00
