p,Neg,Pos,$\frac{\text{Pos}}{\text{Neg}+\text{Pos}}$,TN,FP,FN,TP,Prec,Rec,$\frac{\text{FP}}{\text{P}}$
0.0,"60,561","1,261",0.02,"60,561","545,049","1,261","106,695",0.16,0.99,5.05
0.05,"90,629","3,762",0.04,"151,190","454,420","5,023","102,933",0.18,0.95,4.21
0.1,"86,240","5,993",0.06,"237,430","368,180","11,016","96,940",0.21,0.90,3.41
0.15,"72,949","7,395",0.09,"310,379","295,231","18,411","89,545",0.23,0.83,2.73
0.2,"58,834","7,909",0.12,"369,213","236,397","26,320","81,636",0.26,0.76,2.19
0.25,"47,175","7,754",0.14,"416,388","189,222","34,074","73,882",0.28,0.68,1.75
0.3,"37,052","7,495",0.17,"453,440","152,170","41,569","66,387",0.30,0.61,1.41
0.35,"29,386","7,045",0.19,"482,826","122,784","48,614","59,342",0.33,0.55,1.14
0.4,"23,401","6,412",0.22,"506,227","99,383","55,026","52,930",0.35,0.49,0.92
0.45,"18,586","5,762",0.24,"524,813","80,797","60,788","47,168",0.37,0.44,0.75
0.5,"14,950","5,307",0.26,"539,763","65,847","66,095","41,861",0.39,0.39,0.61
0.55,"12,074","4,785",0.28,"551,837","53,773","70,880","37,076",0.41,0.34,0.50
0.6,"9,663","4,169",0.30,"561,500","44,110","75,049","32,907",0.43,0.30,0.41
0.65,"7,848","3,868",0.33,"569,348","36,262","78,917","29,039",0.44,0.27,0.34
0.7,"6,324","3,450",0.35,"575,672","29,938","82,367","25,589",0.46,0.24,0.28
0.75,"5,237","3,177",0.38,"580,909","24,701","85,544","22,412",0.48,0.21,0.23
0.8,"4,424","2,858",0.39,"585,333","20,277","88,402","19,554",0.49,0.18,0.19
0.85,"3,696","2,615",0.41,"589,029","16,581","91,017","16,939",0.51,0.16,0.15
0.9,"2,972","2,320",0.44,"592,001","13,609","93,337","14,619",0.52,0.14,0.13
0.95,"2,399","2,032",0.46,"594,400","11,210","95,369","12,587",0.53,0.12,0.10
1.0,"11,210","12,587",0.53,"605,610",0,"107,956",0,nan,0.00,0.00
