p,Neg,Pos,mPrec,TN,FP,FN,TP,Prec,Rec,FP/P,$\hat{p}$
0.0,1,0,0.00,1,"605,609",0,"107,956",0.15,1.00,5.61,1.00
0.05,541,21,0.04,542,"605,068",21,"107,935",0.15,1.00,5.60,1.00
0.1,"15,950",749,0.04,"16,492","589,118",770,"107,186",0.15,0.99,5.46,0.98
0.15,"51,474","2,948",0.05,"67,966","537,644","3,718","104,238",0.16,0.97,4.98,0.90
0.2,"38,555","2,758",0.07,"106,521","499,089","6,476","101,480",0.17,0.94,4.62,0.84
0.25,"19,063","1,634",0.08,"125,584","480,026","8,110","99,846",0.17,0.92,4.45,0.81
0.3,"28,182","2,896",0.09,"153,766","451,844","11,006","96,950",0.18,0.90,4.19,0.77
0.35,"45,347","5,113",0.10,"199,113","406,497","16,119","91,837",0.18,0.85,3.77,0.70
0.4,"52,910","6,931",0.12,"252,023","353,587","23,050","84,906",0.19,0.79,3.28,0.61
0.45,"60,726","9,106",0.13,"312,749","292,861","32,156","75,800",0.21,0.70,2.71,0.52
0.5,"57,265","9,774",0.15,"370,014","235,596","41,930","66,026",0.22,0.61,2.18,0.42
0.55,"56,345","10,938",0.16,"426,359","179,251","52,868","55,088",0.24,0.51,1.66,0.33
0.6,"39,044","8,516",0.18,"465,403","140,207","61,384","46,572",0.25,0.43,1.30,0.26
0.65,"32,592","8,357",0.20,"497,995","107,615","69,741","38,215",0.26,0.35,1.00,0.20
0.7,"41,566","12,686",0.23,"539,561","66,049","82,427","25,529",0.28,0.24,0.61,0.13
0.75,"31,063","10,752",0.26,"570,624","34,986","93,179","14,777",0.30,0.14,0.32,0.07
0.8,"17,082","6,549",0.28,"587,706","17,904","99,728","8,228",0.31,0.08,0.17,0.04
0.85,"8,830","3,797",0.30,"596,536","9,074","103,525","4,431",0.33,0.04,0.08,0.02
0.9,"5,494","2,535",0.32,"602,030","3,580","106,060","1,896",0.35,0.02,0.03,0.01
0.95,"3,300","1,735",0.34,"605,330",280,"107,795",161,0.37,0.00,0.00,0.00
1.0,280,161,0.37,"605,610",0,"107,956",0,nan,0.00,0.00,0.00
