p,Neg,Pos,mPrec,TN,FP,FN,TP,Prec,Rec,FP/P,$\hat{p}$
0.0,"6,057",62,0.01,"6,057","599,553",62,"107,894",0.15,1.00,5.55,0.99
0.05,"40,606","1,121",0.03,"46,663","558,947","1,183","106,773",0.16,0.99,5.18,0.93
0.1,"116,973","6,456",0.05,"163,636","441,974","7,639","100,317",0.18,0.93,4.09,0.76
0.15,"137,089","14,893",0.10,"300,725","304,885","22,532","85,424",0.22,0.79,2.82,0.55
0.2,"97,245","17,203",0.15,"397,970","207,640","39,735","68,221",0.25,0.63,1.92,0.39
0.25,"64,107","13,658",0.18,"462,077","143,533","53,393","54,563",0.28,0.51,1.33,0.28
0.3,"36,054","9,767",0.21,"498,131","107,479","63,160","44,796",0.29,0.41,1.00,0.21
0.35,"22,888","5,315",0.19,"521,019","84,591","68,475","39,481",0.32,0.37,0.78,0.17
0.4,"16,546","4,370",0.21,"537,565","68,045","72,845","35,111",0.34,0.33,0.63,0.14
0.45,"11,525","4,266",0.27,"549,090","56,520","77,111","30,845",0.35,0.29,0.52,0.12
0.5,"7,849","2,617",0.25,"556,939","48,671","79,728","28,228",0.37,0.26,0.45,0.11
0.55,"5,514","2,207",0.29,"562,453","43,157","81,935","26,021",0.38,0.24,0.40,0.10
0.6,"4,668","1,583",0.25,"567,121","38,489","83,518","24,438",0.39,0.23,0.36,0.09
0.65,"6,163","2,346",0.28,"573,284","32,326","85,864","22,092",0.41,0.20,0.30,0.08
0.7,"8,564","4,201",0.33,"581,848","23,762","90,065","17,891",0.43,0.17,0.22,0.06
0.75,"8,458","5,040",0.37,"590,306","15,304","95,105","12,851",0.46,0.12,0.14,0.04
0.8,"6,321","4,457",0.41,"596,627","8,983","99,562","8,394",0.48,0.08,0.08,0.02
0.85,"4,304","3,136",0.42,"600,931","4,679","102,698","5,258",0.53,0.05,0.04,0.01
0.9,"2,461","1,896",0.44,"603,392","2,218","104,594","3,362",0.60,0.03,0.02,0.01
0.95,"1,184","1,266",0.52,"604,576","1,034","105,860","2,096",0.67,0.02,0.01,0.00
1.0,"1,034","2,096",0.67,"605,610",0,"107,956",0,nan,0.00,0.00,0.00
