p,Neg,Pos,mPrec,TN,FP,FN,TP,Prec,Rec,FP/P,$\hat{p}$
0.0,"6,060",60,0.01,"6,060","599,550",60,"107,896",0.15,1.00,5.55,0.99
0.01,"4,000",71,0.02,"10,060","595,550",131,"107,825",0.15,1.00,5.52,0.99
0.02,"4,244",93,0.02,"14,304","591,306",224,"107,732",0.15,1.00,5.48,0.98
0.03,"7,675",158,0.02,"21,979","583,631",382,"107,574",0.16,1.00,5.41,0.97
0.04,"12,809",375,0.03,"34,788","570,822",757,"107,199",0.16,0.99,5.29,0.95
0.05,"12,463",452,0.03,"47,251","558,359","1,209","106,747",0.16,0.99,5.17,0.93
0.06,"19,468",755,0.04,"66,719","538,891","1,964","105,992",0.16,0.98,4.99,0.90
0.07,"22,662","1,011",0.04,"89,381","516,229","2,975","104,981",0.17,0.97,4.78,0.87
0.08,"22,351","1,116",0.05,"111,732","493,878","4,091","103,865",0.17,0.96,4.57,0.84
0.09,"24,675","1,512",0.06,"136,407","469,203","5,603","102,353",0.18,0.95,4.35,0.80
0.1,"28,971","2,126",0.07,"165,378","440,232","7,729","100,227",0.19,0.93,4.08,0.76
0.11,"29,947","2,586",0.08,"195,325","410,285","10,315","97,641",0.19,0.90,3.80,0.71
0.12,"32,553","3,127",0.09,"227,878","377,732","13,442","94,514",0.20,0.88,3.50,0.66
0.13,"25,460","2,896",0.10,"253,338","352,272","16,338","91,618",0.21,0.85,3.26,0.62
0.14,"22,446","2,686",0.11,"275,784","329,826","19,024","88,932",0.21,0.82,3.06,0.59
0.15,"26,740","3,878",0.13,"302,524","303,086","22,902","85,054",0.22,0.79,2.81,0.54
0.16,"25,789","4,646",0.15,"328,313","277,297","27,548","80,408",0.22,0.74,2.57,0.50
0.17,"20,389","3,322",0.14,"348,702","256,908","30,870","77,086",0.23,0.71,2.38,0.47
0.18,"17,700","3,101",0.15,"366,402","239,208","33,971","73,985",0.24,0.69,2.22,0.44
0.19,"16,596","2,999",0.15,"382,998","222,612","36,970","70,986",0.24,0.66,2.06,0.41
0.2,"15,696","2,980",0.16,"398,694","206,916","39,950","68,006",0.25,0.63,1.92,0.39
0.21,"13,845","2,727",0.16,"412,539","193,071","42,677","65,279",0.25,0.60,1.79,0.36
0.22,"13,026","2,479",0.16,"425,565","180,045","45,156","62,800",0.26,0.58,1.67,0.34
0.23,"13,735","2,796",0.17,"439,300","166,310","47,952","60,004",0.27,0.56,1.54,0.32
0.24,"12,165","2,919",0.19,"451,465","154,145","50,871","57,085",0.27,0.53,1.43,0.30
0.25,"10,407","2,518",0.19,"461,872","143,738","53,389","54,567",0.28,0.51,1.33,0.28
0.26,"9,530","2,476",0.21,"471,402","134,208","55,865","52,091",0.28,0.48,1.24,0.26
0.27,"8,487","2,375",0.22,"479,889","125,721","58,240","49,716",0.28,0.46,1.16,0.25
0.28,"6,936","1,865",0.21,"486,825","118,785","60,105","47,851",0.29,0.44,1.10,0.23
0.29,"6,372","1,808",0.22,"493,197","112,413","61,913","46,043",0.29,0.43,1.04,0.22
0.3,"5,151","1,382",0.21,"498,348","107,262","63,295","44,661",0.29,0.41,0.99,0.21
0.31,"4,380","1,107",0.20,"502,728","102,882","64,402","43,554",0.30,0.40,0.95,0.21
0.32,"4,387","1,056",0.19,"507,115","98,495","65,458","42,498",0.30,0.39,0.91,0.20
0.33,"4,750","1,008",0.18,"511,865","93,745","66,466","41,490",0.31,0.38,0.87,0.19
0.34,"4,400",883,0.17,"516,265","89,345","67,349","40,607",0.31,0.38,0.83,0.18
0.35,"4,092",958,0.19,"520,357","85,253","68,307","39,649",0.32,0.37,0.79,0.18
0.36,"4,093",964,0.19,"524,450","81,160","69,271","38,685",0.32,0.36,0.75,0.17
0.37,"3,673",820,0.18,"528,123","77,487","70,091","37,865",0.33,0.35,0.72,0.16
0.38,"3,090",778,0.20,"531,213","74,397","70,869","37,087",0.33,0.34,0.69,0.16
0.39,"3,026",787,0.21,"534,239","71,371","71,656","36,300",0.34,0.34,0.66,0.15
0.4,"2,944",790,0.21,"537,183","68,427","72,446","35,510",0.34,0.33,0.63,0.15
0.41,"2,780",854,0.24,"539,963","65,647","73,300","34,656",0.35,0.32,0.61,0.14
0.42,"2,562",823,0.24,"542,525","63,085","74,123","33,833",0.35,0.31,0.58,0.14
0.43,"2,251",864,0.28,"544,776","60,834","74,987","32,969",0.35,0.31,0.56,0.13
0.44,"2,145",768,0.26,"546,921","58,689","75,755","32,201",0.35,0.30,0.54,0.13
0.45,"2,055",795,0.28,"548,976","56,634","76,550","31,406",0.36,0.29,0.52,0.12
0.46,"1,793",743,0.29,"550,769","54,841","77,293","30,663",0.36,0.28,0.51,0.12
0.47,"1,747",650,0.27,"552,516","53,094","77,943","30,013",0.36,0.28,0.49,0.12
0.48,"1,637",556,0.25,"554,153","51,457","78,499","29,457",0.36,0.27,0.48,0.11
0.49,"1,534",472,0.24,"555,687","49,923","78,971","28,985",0.37,0.27,0.46,0.11
0.5,"1,451",515,0.26,"557,138","48,472","79,486","28,470",0.37,0.26,0.45,0.11
0.51,"1,316",511,0.28,"558,454","47,156","79,997","27,959",0.37,0.26,0.44,0.11
0.52,"1,200",487,0.29,"559,654","45,956","80,484","27,472",0.37,0.25,0.43,0.10
0.53,"1,131",457,0.29,"560,785","44,825","80,941","27,015",0.38,0.25,0.42,0.10
0.54,"1,058",471,0.31,"561,843","43,767","81,412","26,544",0.38,0.25,0.41,0.10
0.55,903,410,0.31,"562,746","42,864","81,822","26,134",0.38,0.24,0.40,0.10
0.56,993,343,0.26,"563,739","41,871","82,165","25,791",0.38,0.24,0.39,0.09
0.57,969,359,0.27,"564,708","40,902","82,524","25,432",0.38,0.24,0.38,0.09
0.58,973,360,0.27,"565,681","39,929","82,884","25,072",0.39,0.23,0.37,0.09
0.59,994,379,0.28,"566,675","38,935","83,263","24,693",0.39,0.23,0.36,0.09
0.6,"1,017",364,0.26,"567,692","37,918","83,627","24,329",0.39,0.23,0.35,0.09
0.61,"1,088",446,0.29,"568,780","36,830","84,073","23,883",0.39,0.22,0.34,0.09
0.62,"1,170",434,0.27,"569,950","35,660","84,507","23,449",0.40,0.22,0.33,0.08
0.63,"1,205",461,0.28,"571,155","34,455","84,968","22,988",0.40,0.21,0.32,0.08
0.64,"1,362",556,0.29,"572,517","33,093","85,524","22,432",0.40,0.21,0.31,0.08
0.65,"1,523",611,0.29,"574,040","31,570","86,135","21,821",0.41,0.20,0.29,0.07
0.66,"1,605",695,0.30,"575,645","29,965","86,830","21,126",0.41,0.20,0.28,0.07
0.67,"1,666",804,0.33,"577,311","28,299","87,634","20,322",0.42,0.19,0.26,0.07
0.68,"1,719",828,0.33,"579,030","26,580","88,462","19,494",0.42,0.18,0.25,0.06
0.69,"1,730",964,0.36,"580,760","24,850","89,426","18,530",0.43,0.17,0.23,0.06
0.7,"1,786",943,0.35,"582,546","23,064","90,369","17,587",0.43,0.16,0.21,0.06
0.71,"1,679",986,0.37,"584,225","21,385","91,355","16,601",0.44,0.15,0.20,0.05
0.72,"1,756",954,0.35,"585,981","19,629","92,309","15,647",0.44,0.14,0.18,0.05
0.73,"1,774","1,016",0.36,"587,755","17,855","93,325","14,631",0.45,0.14,0.17,0.05
0.74,"1,628","1,051",0.39,"589,383","16,227","94,376","13,580",0.46,0.13,0.15,0.04
0.75,"1,482","1,033",0.41,"590,865","14,745","95,409","12,547",0.46,0.12,0.14,0.04
0.76,"1,303",919,0.41,"592,168","13,442","96,328","11,628",0.46,0.11,0.12,0.04
0.77,"1,276",841,0.40,"593,444","12,166","97,169","10,787",0.47,0.10,0.11,0.03
0.78,"1,267",924,0.42,"594,711","10,899","98,093","9,863",0.48,0.09,0.10,0.03
0.79,"1,203",866,0.42,"595,914","9,696","98,959","8,997",0.48,0.08,0.09,0.03
0.8,"1,040",807,0.44,"596,954","8,656","99,766","8,190",0.49,0.08,0.08,0.02
0.81,"1,044",787,0.43,"597,998","7,612","100,553","7,403",0.49,0.07,0.07,0.02
0.82,977,672,0.41,"598,975","6,635","101,225","6,731",0.50,0.06,0.06,0.02
0.83,780,572,0.42,"599,755","5,855","101,797","6,159",0.51,0.06,0.05,0.02
0.84,698,523,0.43,"600,453","5,157","102,320","5,636",0.52,0.05,0.05,0.02
0.85,710,554,0.44,"601,163","4,447","102,874","5,082",0.53,0.05,0.04,0.01
0.86,607,441,0.42,"601,770","3,840","103,315","4,641",0.55,0.04,0.04,0.01
0.87,525,472,0.47,"602,295","3,315","103,787","4,169",0.56,0.04,0.03,0.01
0.88,463,336,0.42,"602,758","2,852","104,123","3,833",0.57,0.04,0.03,0.01
0.89,372,297,0.44,"603,130","2,480","104,420","3,536",0.59,0.03,0.02,0.01
0.9,357,238,0.40,"603,487","2,123","104,658","3,298",0.61,0.03,0.02,0.01
0.91,291,262,0.47,"603,778","1,832","104,920","3,036",0.62,0.03,0.02,0.01
0.92,287,266,0.48,"604,065","1,545","105,186","2,770",0.64,0.03,0.01,0.01
0.93,210,232,0.52,"604,275","1,335","105,418","2,538",0.66,0.02,0.01,0.01
0.94,166,223,0.57,"604,441","1,169","105,641","2,315",0.66,0.02,0.01,0.00
0.95,147,195,0.57,"604,588","1,022","105,836","2,120",0.67,0.02,0.01,0.00
0.96,144,192,0.57,"604,732",878,"106,028","1,928",0.69,0.02,0.01,0.00
0.97,128,190,0.60,"604,860",750,"106,218","1,738",0.70,0.02,0.01,0.00
0.98,120,210,0.64,"604,980",630,"106,428","1,528",0.71,0.01,0.01,0.00
0.99,112,243,0.68,"605,092",518,"106,671","1,285",0.71,0.01,0.00,0.00
1.0,518,"1,285",0.71,"605,610",0,"107,956",0,nan,0.00,0.00,0.00
