,y_proba,y_test,Neg,Pos,TN,FP,FN,TP,FP/P,Prec
0,0.1038,2,165,2,165,605445,2,107954,5.608257067694246,0.15132345293447286
1,0.104,14,342,14,507,605103,16,107940,5.6050891103783025,0.1513793698276261
2,0.1046,3,141,3,648,604962,19,107937,5.603783022712957,0.15140573910189242
3,0.1047,20,684,20,1332,604278,39,107917,5.59744710808107,0.15152732046700693
4,0.1049,18,720,18,2052,603558,57,107899,5.590777724258031,0.15165920076687697
5,0.1053,4,137,4,2189,603421,61,107895,5.5895086887250365,0.15168363990125344
6,0.1054,10,304,10,2493,603117,71,107885,5.58669272666642,0.1517365633289358
7,0.1056,47,1313,47,3806,601804,118,107838,5.574530364222461,0.15196112969638212
8,0.1057,61,1213,61,5019,600591,179,107777,5.563294305087258,0.1521483183881824
9,0.1061,9,200,9,5219,600391,188,107768,5.561441698469747,0.15218051313335
10,0.1062,59,1375,59,6594,599016,247,107709,5.54870502797436,0.15240581555767801
11,0.1063,64,1608,64,8202,597408,311,107645,5.533810070769573,0.15267646545720676
12,0.1064,31,855,31,9057,596553,342,107614,5.525890177479714,0.15282454304163642
13,0.1065,39,778,39,9835,595775,381,107575,5.518683537737597,0.1529466126395109
14,0.1066,24,740,24,10575,595035,405,107551,5.511828893252806,0.15307876900479087
15,0.1067,64,1694,64,12269,593341,469,107487,5.49613731520249,0.15337144063878727
16,0.1068,26,546,26,12815,592795,495,107461,5.4910796991366855,0.15345959192066902
17,0.1069,12,212,12,13027,592583,507,107449,5.489115936122124,0.15349155467178643
18,0.107,21,487,21,13514,592096,528,107428,5.484604839008485,0.15357300106929855
19,0.1071,13,159,13,13673,591937,541,107415,5.483132016747564,0.15359218247749346
20,0.1072,144,2941,144,16614,588996,685,107271,5.455889436437067,0.154065897134289
21,0.1073,101,2071,101,18685,586925,786,107170,5.436705694912742,0.1544024953356529
22,0.1074,85,1344,85,20029,585581,871,107085,5.42425617844307,0.15459832011387883
23,0.1075,2,94,2,20123,585487,873,107083,5.423385453332839,0.15461686183346088
24,0.1076,11,233,11,20356,585254,884,107072,5.4212271666234395,0.15465546577768277
25,0.1077,134,2307,134,22663,582947,1018,106938,5.399857349290452,0.15500844343622489
26,0.1078,208,4595,208,27258,578352,1226,106730,5.35729371225314,0.15579156947635467
27,0.1079,101,1953,101,29211,576399,1327,106629,5.339203008633147,0.1561121945220401
28,0.108,46,732,46,29943,575667,1373,106583,5.332422468413057,0.15622279223158667
29,0.1081,191,3816,191,33759,571851,1564,106392,5.29707473415095,0.15686413276657482
30,0.1082,22,478,22,34237,571373,1586,106370,5.292647004335099,0.15694739746482073
31,0.1083,53,1080,53,35317,570293,1639,106317,5.2826429286005405,0.1571318780390476
32,0.1084,30,603,30,35920,569690,1669,106287,5.277057319648746,0.1572346396401061
33,0.1085,4,35,4,35955,569655,1673,106283,5.276733113490681,0.15723779399885787
34,0.1086,6,132,6,36087,569523,1679,106277,5.275510393123124,0.15726102397158923
35,0.1087,59,1221,59,37308,568302,1738,106218,5.264200229723221,0.1574719800747198
36,0.1088,23,494,23,37802,567808,1761,106195,5.2596242913779685,0.15755864588139815
37,0.1089,126,1893,126,39695,565915,1887,106069,5.242089369743229,0.15784453201266696
38,0.109,7,106,7,39801,565809,1894,106062,5.241107488235948,0.15786066075184074
39,0.1091,31,584,31,40385,565225,1925,106031,5.235697876912816,0.15795910949026898
40,0.1092,265,3975,265,44360,561250,2190,105766,5.198877320389788,0.1585659114623937
41,0.1093,336,5333,336,49693,555917,2526,105430,5.1494775649338616,0.15941706849808043
42,0.1094,350,5565,350,55258,550352,2876,105080,5.0979287858016225,0.1603217419961186
43,0.1095,189,2615,189,57873,547737,3065,104891,5.073705954277669,0.16072096201817881
44,0.1096,13,268,13,58141,547469,3078,104878,5.071223461410204,0.16077026490502755
45,0.1097,169,2499,169,60640,544970,3247,104709,5.048075141724406,0.1611703625944505
46,0.1098,46,738,46,61378,544232,3293,104663,5.041239023305791,0.1612942001402384
47,0.1099,183,2796,183,64174,541436,3476,104480,5.01533958279299,0.16175477925922258
48,0.11,29,519,29,64693,540917,3505,104451,5.010532068620549,0.16184719415899146
49,0.1101,75,968,75,65661,539949,3580,104376,5.001565452591796,0.1619927831451519
50,0.1102,100,1604,100,67265,538345,3680,104276,4.98670754751936,0.16226671708518706
51,0.1103,65,872,65,68137,537473,3745,104211,4.978630182667012,0.16240236627374222
52,0.1104,69,1006,69,69143,536467,3814,104142,4.969311571380933,0.16256718216572044
53,0.1105,19,364,19,69507,536103,3833,104123,4.965939827337063,0.16263475710139857
54,0.1106,33,470,33,69977,535633,3866,104090,4.961586201785913,0.16271104837562508
55,0.1107,31,370,31,70347,535263,3897,104059,4.958158879543518,0.1627646162653561
56,0.1108,72,1080,72,71427,534183,3969,103987,4.94815480380896,0.1629456101038908
57,0.1109,40,473,40,71900,533710,4009,103947,4.9437733891585465,0.16301397146114605
58,0.111,43,716,43,72616,532994,4052,103904,4.937141057467858,0.1631407226902895
59,0.1111,13,249,13,72865,532745,4065,103891,4.934834562229057,0.1631874414893283
60,0.1112,125,1345,125,74210,531400,4190,103766,4.922375782726296,0.1633683163141604
61,0.1113,31,247,31,74457,531153,4221,103735,4.92008781355367,0.16339102329859756
62,0.1114,57,928,57,75385,530225,4278,103678,4.91149171884842,0.1635549918520657
63,0.1115,42,674,42,76059,529551,4320,103636,4.905248434547408,0.16367360669123024
64,0.1116,11,102,11,76161,529449,4331,103625,4.904303605172478,0.16368544593523032
65,0.1117,49,674,49,76835,528775,4380,103576,4.898060320871466,0.16379510746405082
66,0.1118,28,327,28,77162,528448,4408,103548,4.895031309051836,0.16384280913170338
67,0.1119,4,53,4,77215,528395,4412,103544,4.894540368298196,0.1638512577954518
68,0.112,16,225,16,77440,528170,4428,103528,4.892456185853496,0.16388844036232503
69,0.1121,20,298,20,77738,527872,4448,103508,4.889695801993405,0.16393930754854447
70,0.1122,32,331,32,78069,527541,4480,103476,4.8866297380414245,0.16398290378864594
71,0.1123,87,902,87,78971,526639,4567,103389,4.87827448219645,0.16410223037706262
72,0.1124,51,513,51,79484,526126,4618,103338,4.873522546222535,0.16416824472884867
73,0.1125,113,1675,113,81159,524451,4731,103225,4.8580069658008815,0.16445586576513999
74,0.1126,122,1621,122,82780,522830,4853,103103,4.8429915891659565,0.16471890761471275
75,0.1127,83,876,83,83656,521954,4936,103020,4.834877172181259,0.16483885729646353
76,0.1128,68,942,68,84598,521012,5004,102952,4.826151395012783,0.16499669852747914
77,0.1129,101,994,101,85592,520018,5105,102851,4.816943940123754,0.16512460886639085
78,0.113,121,1170,121,86762,518848,5226,102730,4.806106191411316,0.1652729021940931
79,0.1131,28,276,28,87038,518572,5254,102702,4.803549594279151,0.16530870437198403
80,0.1132,87,807,87,87845,517765,5341,102615,4.796074326577495,0.16540668622457202
81,0.1133,67,622,67,88467,517143,5408,102548,4.7903127199970355,0.1654824743299483
82,0.1134,20,225,20,88692,516918,5428,102528,4.788228537552336,0.1655156381670073
83,0.1135,29,317,29,89009,516601,5457,102499,4.785292156063582,0.1655612986593442
84,0.1136,23,259,23,89268,516342,5480,102476,4.782893030493905,0.16559957855136728
85,0.1137,32,422,32,89690,515920,5512,102444,4.778984030530957,0.1656694115440097
86,0.1138,33,294,33,89984,515626,5545,102411,4.776260698803216,0.16570367146303538
87,0.1139,21,252,21,90236,515374,5566,102390,4.773926414465152,0.1657429050575948
88,0.114,7,81,7,90317,515293,5573,102383,4.77317610878506,0.16575518556654298
89,0.1141,18,186,18,90503,515107,5591,102365,4.771453184630776,0.16578079653814262
90,0.1142,20,168,20,90671,514939,5611,102345,4.769896995072067,0.16579888673608906
91,0.1143,29,279,29,90950,514660,5640,102316,4.767312608840639,0.1658346515909857
92,0.1144,5,64,5,91014,514596,5645,102311,4.766719774723035,0.16584509496569175
93,0.1145,20,120,20,91134,514476,5665,102291,4.765608210752529,0.1658503130031276
94,0.1146,41,339,41,91473,514137,5706,102250,4.762468042535848,0.1658860423727301
95,0.1147,4,34,4,91507,514103,5710,102246,4.762153099410871,0.16588977997855112
96,0.1148,1,2,1,91509,514101,5711,102245,4.762134573344696,0.16588896496448424
97,0.1149,1,8,1,91517,514093,5712,102244,4.762060469079995,0.16588976485266987
98,0.115,4,49,4,91566,514044,5716,102240,4.7616065804587056,0.16589754074420235
99,0.1152,8,103,8,91669,513941,5724,102232,4.760652488050687,0.16591444285939178
100,0.1153,0,12,0,91681,513929,5724,102232,4.760541331653637,0.16591767411439542
101,0.1154,6,69,6,91750,513860,5730,102226,4.759902182370595,0.16592813340994603
102,0.1155,0,13,0,91763,513847,5730,102226,4.759781762940457,0.16593163472510564
103,0.1156,0,7,0,91770,513840,5730,102226,4.759716921708844,0.16593352010985835
104,0.1157,13,180,13,91950,513660,5743,102213,4.758049575753085,0.16596441149392813
105,0.1158,1,7,1,91957,513653,5744,102212,4.757984734521472,0.16596494361588984
106,0.1159,5,23,5,91980,513630,5749,102207,4.757771684760458,0.16596437044217868
107,0.116,31,303,31,92283,513327,5780,102176,4.754964985734929,0.16600406496800177
108,0.1161,23,252,23,92535,513075,5803,102153,4.752630701396866,0.16604088240457196
109,0.1162,11,96,11,92631,512979,5814,102142,4.75174145022046,0.1660518824751553
110,0.1163,37,401,37,93032,512578,5851,102105,4.748026973952351,0.1661100111764926
111,0.1164,19,225,19,93257,512353,5870,102086,4.745942791507651,0.16614505264151527
112,0.1165,0,8,0,93265,512345,5870,102086,4.745868687242951,0.16614721587940712
113,0.1166,14,145,14,93410,512200,5884,102072,4.744525547445256,0.16616743071473222
114,0.1167,3,41,3,93451,512159,5887,102069,4.744145763088666,0.16617444987854674
115,0.1168,3,21,3,93472,512138,5890,102066,4.7439512393938275,0.16617605876874783
116,0.1169,2,19,2,93491,512119,5892,102064,4.743775241765164,0.16617848426283371
117,0.117,4,55,4,93546,512064,5896,102060,4.743265774945348,0.1661879359868691
118,0.1171,10,80,10,93626,511984,5906,102050,4.742524732298344,0.16619600869007253
119,0.1172,3,50,3,93676,511934,5909,102047,4.742061580643966,0.16620546889887472
120,0.1173,12,62,12,93738,511872,5921,102035,4.741487272592538,0.16620595627676504
121,0.1174,7,56,7,93794,511816,5928,102028,4.740968542739635,0.16621161076755658
122,0.1175,1,14,1,93808,511802,5929,102027,4.740838860276409,0.1662140433247696
123,0.1176,7,79,7,93887,511723,5936,102020,4.740107080662492,0.16622592844236106
124,0.1177,3,22,3,93909,511701,5939,102017,4.7399032939345656,0.16622781147041474
125,0.1178,7,40,7,93949,511661,5946,102010,4.739532772611064,0.1662291358072974
126,0.1179,0,1,0,93950,511660,5946,102010,4.739523509577976,0.16622940668437433
127,0.118,2,13,2,93963,511647,5948,102008,4.739403090147838,0.16623021078619094
128,0.1182,2,7,2,93970,511640,5950,102006,4.7393382489162255,0.16622938958291913
129,0.1183,24,307,24,94277,511333,5974,101982,4.736494497758346,0.16627997032519995
130,0.1187,1,1,1,94278,511332,5975,101981,4.736485234725259,0.1662788820716339
131,0.1188,0,1,0,94279,511331,5975,101981,4.736475971692171,0.16627915318793698
132,0.1191,4,46,4,94325,511285,5979,101977,4.736049872170144,0.16628618763269207
133,0.1192,42,508,42,94833,510777,6021,101935,4.731344251361666,0.16636690647482014
134,0.1194,23,297,23,95130,510480,6044,101912,4.728593130534662,0.16641628238121986
135,0.1195,1,52,1,95182,510428,6045,101911,4.728111452814109,0.16642905318785836
136,0.1196,61,683,61,95865,509745,6106,101850,4.72178480121531,0.1665317734775464
137,0.1197,3,0,3,95865,509745,6109,101847,4.72178480121531,0.16652768512341562
138,0.1198,13,114,13,95979,509631,6122,101834,4.720728815443329,0.1665410121593223
139,0.1199,6,55,6,96034,509576,6128,101828,4.720219348623513,0.16654781453834125
140,0.12,41,483,41,96517,509093,6169,101787,4.715745303642224,0.16662355945521215
141,0.1201,30,323,30,96840,508770,6199,101757,4.712753343954945,0.16667076148966384
142,0.1202,71,929,71,97769,507841,6270,101686,4.704147986216607,0.16682772051115044
143,0.1203,37,491,37,98260,507350,6307,101649,4.699599836970617,0.1669116041241447
144,0.1204,3,45,3,98305,507305,6310,101646,4.6991830004816775,0.16691983427237989
145,0.1205,5,35,5,98340,507270,6315,101641,4.6988587943236135,0.1669225880301062
146,0.1206,1,20,1,98360,507250,6316,101640,4.698673533661863,0.16692670268849874
147,0.1207,13,179,13,98539,507071,6329,101627,4.69701545073919,0.16695799887629004
148,0.1208,33,548,33,99087,506523,6362,101594,4.6919393086072105,0.16706324605297992
149,0.1209,33,396,33,99483,506127,6395,101561,4.688271147504539,0.16712688089940891
150,0.121,4,31,4,99514,506096,6399,101557,4.6879839934788246,0.16712992447992522
151,0.1211,47,727,47,100241,505369,6446,101510,4.6812497684241725,0.1672656328526774
152,0.1212,4,9,4,100250,505360,6450,101506,4.681166401126385,0.16726262469803876
153,0.1213,4,37,4,100287,505323,6454,101502,4.680823668902145,0.16726733407489802
154,0.1214,27,319,27,100606,505004,6481,101475,4.677868761347216,0.16731824185173766
155,0.1215,35,432,35,101038,504572,6516,101440,4.673867131053392,0.16738942463185547
156,0.1216,46,414,46,101452,504158,6562,101394,4.670032235355145,0.16744061616508574
157,0.1217,2,4,2,101456,504154,6564,101392,4.669995183222794,0.16743897243149158
158,0.1218,4,52,4,101508,504102,6568,101388,4.669513505502242,0.16744785215280186
159,0.1219,11,104,11,101612,503998,6579,101377,4.668550150061136,0.16746149081148048
160,0.122,3,34,3,101646,503964,6582,101374,4.668235206936159,0.1674667706306229
161,0.1221,0,3,0,101649,503961,6582,101374,4.668207417836896,0.16746760058480015
162,0.1222,8,114,8,101763,503847,6590,101366,4.667151432064915,0.16748814053895075
163,0.1223,35,423,35,102186,503424,6625,101331,4.66323316906888,0.1675571099040107
164,0.1224,110,904,110,103090,502520,6735,101221,4.654859387157731,0.16765632945253015
165,0.1225,5,69,5,103159,502451,6740,101216,4.654220237874689,0.16766859874732262
166,0.1226,52,622,52,103781,501829,6792,101164,4.648458631294231,0.16776977510518365
167,0.1227,69,729,69,104510,501100,6861,101095,4.641705880173404,0.16787751475850846
168,0.1228,40,367,40,104877,500733,6901,101055,4.638306347030271,0.1679245847374823
169,0.1229,10,221,10,105098,500512,6911,101045,4.636259216717922,0.1679724448389762
170,0.123,59,655,59,105753,499857,6970,100986,4.630191930045574,0.16807385623199406
171,0.1231,86,781,86,106534,499076,7056,100900,4.622957501204194,0.16817339360241076
172,0.1232,118,1215,118,107749,497861,7174,100782,4.611702916002816,0.16835075328701748
173,0.1233,88,794,88,108543,497067,7262,100694,4.604348067731298,0.16845193982210283
174,0.1234,137,1013,137,109556,496054,7399,100557,4.594964615213605,0.1685470096930831
175,0.1235,37,486,37,110042,495568,7436,100520,4.590462781133054,0.16863281931526888
176,0.1236,67,530,67,110572,495038,7503,100453,4.5855533735966505,0.16868936726163788
177,0.1237,66,684,66,111256,494354,7569,100387,4.579217458964764,0.1687911208408366
178,0.1238,16,124,16,111380,494230,7585,100371,4.5780688428619065,0.16880395424831104
179,0.1239,114,979,114,112359,493251,7699,100257,4.569000333469191,0.16892274409106534
180,0.124,47,435,47,112794,492816,7746,100210,4.564970914076105,0.168980786677144
181,0.1241,52,394,52,113188,492422,7798,100158,4.561321279039609,0.16902021667960443
182,0.1242,75,706,75,113894,491716,7873,100083,4.554781577679796,0.16911654125809608
183,0.1243,28,217,28,114111,491499,7901,100055,4.552771499499796,0.16913925017834383
184,0.1244,79,652,79,114763,490847,7980,99976,4.546732001926711,0.16921480714190207
185,0.1245,26,275,26,115038,490572,8006,99950,4.544184667827634,0.16925703022071997
186,0.1246,55,420,55,115458,490152,8061,99895,4.540294193930861,0.16930007270607256
187,0.1247,115,889,115,116347,489263,8176,99780,4.532059357516025,0.16939340591433902
188,0.1248,56,441,56,116788,488822,8232,99724,4.527974359924413,0.16944130110475647
189,0.1249,68,992,68,117780,487830,8300,99656,4.51878543110156,0.16963127631977612
190,0.125,36,205,36,117985,487625,8336,99620,4.516886509318612,0.16963958824681352
191,0.1251,33,189,33,118174,487436,8369,99587,4.5151357960650635,0.16964752658754426
192,0.1252,46,495,46,118669,486941,8415,99541,4.510550594686724,0.1697255840758966
193,0.1253,60,426,60,119095,486515,8475,99481,4.506604542591426,0.16976395743315653
194,0.1254,144,1159,144,120254,485356,8619,99337,4.495868687242951,0.16989599670254305
195,0.1255,32,169,32,120423,485187,8651,99305,4.494303234651154,0.16989967356268348
196,0.1256,75,678,75,121101,484509,8726,99230,4.4880228982177925,0.16999035527864337
197,0.1257,112,595,112,121696,483914,8838,99118,4.4825113935306975,0.17000439083961086
198,0.1258,96,1243,96,122939,482671,8934,99022,4.470997443402868,0.17023068869661487
199,0.1259,109,908,109,123847,481763,9043,98913,4.462586609359368,0.17034111966053359
200,0.126,67,416,67,124263,481347,9110,98846,4.458733187594946,0.17036744669446202
201,0.1261,79,992,79,125255,480355,9189,98767,4.449544258772092,0.1705461025483404
202,0.1262,70,521,70,125776,479834,9259,98697,4.444718218533477,0.17059932829874286
203,0.1263,57,681,57,126457,479153,9316,98640,4.4384100930008525,0.17071857914512636
204,0.1264,59,590,59,127047,478563,9375,98581,4.4329449034791955,0.17080832513202945
205,0.1265,48,613,48,127660,477950,9423,98533,4.427266664196525,0.17092091180485808
206,0.1266,41,442,41,128102,477508,9464,98492,4.423172403571826,0.17099305555555555
207,0.1267,101,1052,101,129154,476456,9565,98391,4.413427692763719,0.17116032613895524
208,0.1268,74,726,74,129880,475730,9639,98317,4.406702730742154,0.17126994827949626
209,0.1269,81,1060,81,130940,474670,9720,98236,4.396883915669346,0.17146966518067536
210,0.127,103,1133,103,132073,473537,9823,98133,4.3863888991811475,0.17166022355554778
211,0.1271,194,1684,194,133757,471853,10017,97939,4.370789951461707,0.17188553015837357
212,0.1272,124,1504,124,135261,470349,10141,97815,4.356858349698025,0.1721597989312945
213,0.1273,81,1049,81,136310,469300,10222,97734,4.347141427989181,0.17236003484799853
214,0.1274,105,1199,105,137509,468101,10327,97629,4.336035051317204,0.1725717214925848
215,0.1275,179,1938,179,139447,466163,10506,97450,4.318083293193523,0.17290232837070826
216,0.1276,141,1351,141,140798,464812,10647,97309,4.3055689354922375,0.17311041572899785
217,0.1277,83,1054,83,141852,463758,10730,97226,4.295805698617955,0.17331332087902684
218,0.1278,88,886,88,142738,462872,10818,97138,4.287598651302383,0.17345761682827093
219,0.1279,64,721,64,143459,462151,10882,97074,4.280920004446256,0.17358666010997362
220,0.128,53,532,53,143991,461619,10935,97021,4.275992070843677,0.17367356437061435
221,0.1281,78,700,78,144691,460919,11013,96943,4.269507947682389,0.17377595175867866
222,0.1282,22,229,22,144920,460690,11035,96921,4.267386713105339,0.17381472029784203
223,0.1283,25,225,25,145145,460465,11060,96896,4.265302530660639,0.17384782932426202
224,0.1284,43,322,43,145467,460143,11103,96853,4.262319834006447,0.17388455213322895
225,0.1285,13,147,13,145614,459996,11116,96840,4.260958168142577,0.1739111695364524
226,0.1286,46,590,46,146204,459406,11162,96794,4.25549297862092,0.17402732829917297
227,0.1287,91,702,91,146906,458704,11253,96703,4.2489903293934566,0.17411195753744552
228,0.1288,32,452,32,147358,458252,11285,96671,4.244803438437882,0.1742061511236694
229,0.1289,49,763,49,148121,457489,11334,96622,4.237735744192078,0.17437300468678657
230,0.129,59,656,59,148777,456833,11393,96563,4.231659194486642,0.17449168407433374
231,0.1291,84,694,84,149471,456139,11477,96479,4.22523064952388,0.1745853374301959
232,0.1292,13,180,13,149651,455959,11490,96466,4.22356330356812,0.17462279947504186
233,0.1293,25,270,25,149921,455689,11515,96441,4.22106228463448,0.17467082027783312
234,0.1294,41,486,41,150407,455203,11556,96400,4.21656045055393,0.17476337148275117
235,0.1295,64,800,64,151207,454403,11620,96336,4.209150024083886,0.1749213329726059
236,0.1296,104,695,104,151902,453708,11724,96232,4.2027122160880355,0.17498636214859803
237,0.1297,34,505,34,152407,453203,11758,96198,4.198034384378821,0.17509615017082242
238,0.1298,76,609,76,153016,452594,11834,96122,4.1923931972285,0.17517622959782475
239,0.1299,107,789,107,153805,451805,11941,96015,4.18508466412242,0.17526742360629405
240,0.13,97,630,97,154435,451175,12038,95918,4.179248953277261,0.1753230255185133
241,0.1301,83,616,83,155051,450559,12121,95835,4.173542924895328,0.17539541063774491
242,0.1302,67,550,67,155601,450009,12188,95768,4.168448256697173,0.17547093409945821
243,0.1303,65,499,65,156100,449510,12253,95703,4.163826003186483,0.17553323196622236
244,0.1304,31,506,31,156606,449004,12284,95672,4.159138908444181,0.17564937687726281
245,0.1305,88,488,88,157094,448516,12372,95584,4.154618548297455,0.17567358941371072
246,0.1306,52,582,52,157676,447934,12424,95532,4.149227463040498,0.1757828456609981
247,0.1307,56,518,56,158194,447416,12480,95476,4.144429211901145,0.17586554968575702
248,0.1308,24,364,24,158558,447052,12504,95452,4.141057467857276,0.175947089791043
249,0.1309,60,528,60,159086,446524,12564,95392,4.136166586387047,0.17602728098081621
250,0.131,60,687,60,159773,445837,12624,95332,4.129802882655897,0.17615938828720787
251,0.1311,78,611,78,160384,445226,12702,95254,4.124143169439401,0.17623963883955002
252,0.1312,20,267,20,160651,444959,12722,95234,4.121669939605025,0.17629624967372773
253,0.1313,60,337,60,160988,444622,12782,95174,4.1185482974545184,0.17631475594483842
254,0.1314,35,498,35,161486,444124,12817,95139,4.1139353069769165,0.1764241195854342
255,0.1315,60,473,60,161959,443651,12877,95079,4.109553892326503,0.17648729419189577
256,0.1316,26,412,26,162371,443239,12903,95053,4.105737522694431,0.17658259829237663
257,0.1317,14,121,14,162492,443118,12917,95039,4.104616695690837,0.17660088041222172
258,0.1318,46,369,46,162861,442749,12963,94993,4.10119863648153,0.17665162847610935
259,0.1319,24,275,24,163136,442474,12987,94969,4.098651302382452,0.1767052506033198
260,0.132,19,207,19,163343,442267,13006,94950,4.096733854533328,0.17674422067805
261,0.1321,23,204,23,163547,442063,13029,94927,4.094844195783467,0.1767761038380603
262,0.1322,30,223,30,163770,441840,13059,94897,4.092778539404943,0.1768035369277691
263,0.1323,17,178,17,163948,441662,13076,94880,4.091129719515358,0.17683610975468836
264,0.1324,11,148,11,164096,441514,13087,94869,4.0897587906184,0.17686802154430695
265,0.1325,53,290,53,164386,441224,13140,94816,4.08707251102301,0.17688232221476008
266,0.1326,34,257,34,164643,440967,13174,94782,4.084691911519508,0.1769149359121529
267,0.1327,30,234,30,164877,440733,13204,94752,4.08252436177702,0.17694613294490041
268,0.1328,32,240,32,165117,440493,13236,94720,4.080301233836007,0.1769762692610232
269,0.1329,14,178,14,165295,440315,13250,94706,4.078652413946423,0.17701361254978776
270,0.133,4,90,4,165385,440225,13254,94702,4.077818740968543,0.17703724059544573
271,0.1331,19,180,19,165565,440045,13273,94683,4.076151395012783,0.1770675932436678
272,0.1332,12,209,12,165774,439836,13285,94671,4.074215421097485,0.17711835392239952
273,0.1333,36,213,36,165987,439623,13321,94635,4.072242395049835,0.1771335197601159
274,0.1334,5,100,5,166087,439523,13326,94630,4.07131609174108,0.17715897879446527
275,0.1335,13,185,13,166272,439338,13339,94617,4.069602430619883,0.1772003258701576
276,0.1336,47,275,47,166547,439063,13386,94570,4.0670550965208045,0.17721917497606032
277,0.1337,28,166,28,166713,438897,13414,94542,4.065517433028271,0.17723113608116392
278,0.1338,47,230,47,166943,438667,13461,94495,4.063386935418134,0.17723506176359155
279,0.1339,11,90,11,167033,438577,13472,94484,4.062553262440254,0.17724800726370904
280,0.134,23,162,23,167195,438415,13495,94461,4.06105265108007,0.1772663809216403
281,0.1341,11,77,11,167272,438338,13506,94450,4.060339397532328,0.1772750137015098
282,0.1342,14,66,14,167338,438272,13520,94436,4.05972803734855,0.17727535535415273
283,0.1343,12,97,12,167435,438175,13532,94424,4.058829523139057,0.17728910493635924
284,0.1344,12,83,12,167518,438092,13544,94412,4.0580606913927895,0.17729819869897692
285,0.1345,17,141,17,167659,437951,13561,94395,4.056754603727445,0.17731888658879752
286,0.1346,12,52,12,167711,437899,13573,94383,4.0562729260068915,0.17731766244208896
287,0.1347,16,112,16,167823,437787,13589,94367,4.0552354663010854,0.1773302465075899
288,0.1348,19,97,19,167920,437690,13608,94348,4.054336952091593,0.1773331980046538
289,0.1349,18,134,18,168054,437556,13626,94330,4.053095705657861,0.17735003365382807
290,0.135,15,167,15,168221,437389,13641,94315,4.051548779132239,0.17738252862494922
291,0.1351,18,203,18,168424,437186,13659,94297,4.049668383415465,0.17742241990806856
292,0.1352,24,115,24,168539,437071,13683,94273,4.048603134610397,0.17742366527146256
293,0.1353,8,87,8,168626,436984,13691,94265,4.047797250731779,0.1774403340053346
294,0.1354,33,279,33,168905,436705,13724,94232,4.045212864500352,0.17748245083691663
295,0.1355,13,146,13,169051,436559,13737,94219,4.043860461669569,0.17751112517851153
296,0.1356,8,85,8,169136,436474,13745,94211,4.043073103857127,0.17752715829541066
297,0.1357,4,108,4,169244,436366,13749,94207,4.042072696283671,0.17755709393429367
298,0.1358,7,88,7,169332,436278,13756,94200,4.0412575493719665,0.17757569588182734
299,0.1359,9,102,9,169434,436176,13765,94191,4.0403127199970355,0.17759589114707364
300,0.136,11,96,11,169530,436080,13776,94180,4.0394234688206305,0.17761098329121563
301,0.1361,41,419,41,169949,435661,13817,94139,4.035542257956945,0.1776878067195168
302,0.1362,39,328,39,170277,435333,13856,94100,4.0325039831042275,0.17773731520324573
303,0.1363,77,734,77,171011,434599,13933,94023,4.025704916817963,0.17786433406101146
304,0.1364,110,1036,110,172047,433563,14043,93913,4.016108414539257,0.17804222372202716
305,0.1365,179,1607,179,173654,431956,14222,93734,4.001222720367557,0.17830660655519412
306,0.1366,75,885,75,174539,431071,14297,93659,3.993024936085072,0.17848989003868657
307,0.1367,44,396,44,174935,430675,14341,93615,3.9893567749824004,0.17855576112456847
308,0.1368,20,265,20,175200,430410,14361,93595,3.9869020712141983,0.17861470787492487
309,0.1369,60,612,60,175812,429798,14421,93535,3.9812330949646153,0.1787294132034479
310,0.137,83,816,83,176628,428982,14504,93452,3.973674459965171,0.17887809752045233
311,0.1371,80,710,80,177338,428272,14584,93372,3.9670977064730075,0.17899563687112283
312,0.1372,32,240,32,177578,428032,14616,93340,3.9648745785319943,0.17902764245107142
313,0.1373,66,748,66,178326,427284,14682,93274,3.957945829782504,0.1791808021392429
314,0.1374,106,935,106,179261,426349,14788,93168,3.9492848938456406,0.17933580614301362
315,0.1375,98,821,98,180082,425528,14886,93070,3.941679943680759,0.1794646334926089
316,0.1376,28,283,28,180365,425245,14914,93042,3.939058505316981,0.17951829777710032
317,0.1377,26,209,26,180574,425036,14940,93016,3.9371225314016822,0.17954954328909067
318,0.1378,96,860,96,181434,424176,15036,92920,3.9291563229463855,0.17969583984405216
319,0.1379,18,109,18,181543,424067,15054,92902,3.928146652339842,0.17970516607378778
320,0.138,10,105,10,181648,423962,15064,92892,3.927174033865649,0.17972580264446053
321,0.1381,37,395,37,182043,423567,15101,92855,3.923515135796065,0.17980450097013684
322,0.1382,16,320,16,182363,423247,15117,92839,3.9205509652080477,0.179890560875513
323,0.1383,46,544,46,182907,422703,15163,92793,3.915511875208418,0.18000721635085432
324,0.1384,63,605,63,183512,422098,15226,92730,3.909907740190448,0.18011840847817134
325,0.1385,5,42,5,183554,422056,15231,92725,3.909518692800771,0.18012514059376705
326,0.1386,29,319,29,183873,421737,15260,92696,3.906563785245841,0.18019061763145056
327,0.1387,6,45,6,183918,421692,15266,92690,3.906146948756901,0.1801968187067199
328,0.1388,27,251,27,184169,421441,15293,92663,3.903821927451925,0.18024174097069853
329,0.1389,40,349,40,184518,421092,15333,92623,3.9005891289043686,0.18030036109515976
330,0.139,52,429,52,184947,420663,15385,92571,3.8966152877098077,0.18036801926606577
331,0.1391,82,794,82,185741,419869,15467,92489,3.8892604394382895,0.18051635770301236
332,0.1392,224,2030,224,187771,417839,15691,92265,3.8704564822705545,0.1808748804165425
333,0.1393,236,2150,236,189921,415689,15927,92029,3.8505409611323134,0.1812600695661765
334,0.1394,270,2327,270,192248,413362,16197,91759,3.8289858831375745,0.18165746425113982
335,0.1395,283,2254,283,194502,411108,16480,91476,3.8081070065582274,0.18201136526431402
336,0.1396,269,2359,269,196861,408749,16749,91207,3.786255511504687,0.18243005384473834
337,0.1397,210,1844,210,198705,406905,16959,90997,3.7691744784912373,0.18276086458781046
338,0.1398,85,605,85,199310,406300,17044,90912,3.763570343473267,0.1828435355542505
339,0.1399,106,778,106,200088,405522,17150,90806,3.7563637037311497,0.18295562611821214
340,0.14,162,1320,162,201408,404202,17312,90644,3.7441365000555784,0.18317618006410075
341,0.1401,140,1148,140,202556,403054,17452,90504,3.733502538071066,0.1833705461161606
342,0.1402,153,1197,153,203753,401857,17605,90351,3.7224146874652635,0.1835626401846374
343,0.1403,102,952,102,204705,400905,17707,90249,3.713596279965912,0.18374888527834446
344,0.1404,186,1540,186,206245,399365,17893,90063,3.6993312090110786,0.18401685232557188
345,0.1405,169,1557,169,207802,397808,18062,89894,3.6849086664937567,0.18432157341983424
346,0.1406,146,1182,146,208984,396626,18208,89748,3.6739597613842676,0.18452466620337435
347,0.1407,71,555,71,209539,396071,18279,89677,3.668818778020675,0.18461630310366692
348,0.1408,94,907,94,210446,395164,18373,89583,3.6604172070102634,0.18480361920754537
349,0.1409,147,1394,147,211840,393770,18520,89436,3.647504538886213,0.1850887613150499
350,0.141,103,731,103,212571,393039,18623,89333,3.6407332616992107,0.18519524350501274
351,0.1411,137,1007,137,213578,392032,18760,89196,3.6314053873800436,0.18535081084226188
352,0.1412,114,1079,114,214657,390953,18874,89082,3.6214105746785727,0.18557396856479216
353,0.1413,113,923,113,215580,390030,18987,88969,3.61286079513876,0.18573942743095498
354,0.1414,95,757,95,216337,389273,19082,88874,3.6058486790914817,0.1858717089096031
355,0.1415,100,819,100,217156,388454,19182,88774,3.598262254992775,0.18602009940741113
356,0.1416,216,1571,216,218727,386883,19398,88558,3.5837100300122273,0.1862649624243597
357,0.1417,127,758,127,219485,386125,19525,88431,3.576688650931861,0.1863447095811664
358,0.1418,87,683,87,220168,385442,19612,88344,3.5703619993330618,0.18646393097305536
359,0.1419,151,1150,151,221318,384292,19763,88193,3.5597095112823745,0.18665777749558188
360,0.142,79,689,79,222007,383603,19842,88114,3.5533272814850494,0.18679420076020156
361,0.1421,124,825,124,222832,382778,19966,87990,3.545685279187817,0.18690735139176834
362,0.1422,144,1041,144,223873,381737,20110,87846,3.536042461743673,0.18707235994488727
363,0.1423,86,845,86,224718,380892,20196,87760,3.52821519878469,0.18726048325836656
364,0.1424,102,700,102,225418,380192,20298,87658,3.521731075623402,0.18736347119803357
365,0.1425,131,953,131,226371,379239,20429,87527,3.512903405090963,0.18751794260935886
366,0.1426,120,818,120,227189,378421,20549,87407,3.5053262440253437,0.18763792644495395
367,0.1427,209,1315,209,228504,377106,20758,87198,3.49314535551521,0.18780368034735861
368,0.1428,70,424,70,228928,376682,20828,87128,3.489217829486087,0.18785278454539575
369,0.1429,117,971,117,229899,375711,20945,87011,3.480223424358072,0.18804163190857578
370,0.143,99,862,99,230761,374849,21044,86912,3.4722386898366002,0.18821858060771698
371,0.1431,110,795,110,231556,374054,21154,86802,3.4648745785319943,0.18834950613640702
372,0.1432,78,678,78,232234,373376,21232,86724,3.458594242098633,0.18848945881330145
373,0.1433,99,662,99,232896,372714,21331,86625,3.452462114194672,0.18858620757218525
374,0.1434,195,1375,195,234271,371339,21526,86430,3.439725443699285,0.18880701838700306
375,0.1435,229,1727,229,235998,369612,21755,86201,3.4237281855570787,0.18911483437286783
376,0.1436,110,1146,110,237144,368466,21865,86091,3.4131127496387417,0.18939538935711034
377,0.1437,219,1671,219,238815,366795,22084,85872,3.397634221349439,0.1897023639894227
378,0.1438,232,1953,232,240768,364842,22316,85640,3.3795435177294455,0.19010748487175957
379,0.1439,249,1932,249,242700,362910,22565,85391,3.361647337804291,0.19047693402423818
380,0.144,123,913,123,243613,361997,22688,85268,3.3531901885953537,0.19064313102970276
381,0.1441,192,1460,192,245073,360537,22880,85076,3.3396661602875244,0.1909190261504938
382,0.1442,195,1608,195,246681,358929,23075,84881,3.3247712030827374,0.19125526689349046
383,0.1443,297,2104,297,248785,356825,23372,84584,3.3052817814665234,0.19162273537694066
384,0.1444,255,2002,255,250787,354823,23627,84329,3.28673718922524,0.1920269064014282
385,0.1445,394,2975,394,253762,351848,24021,83935,3.259179665789766,0.19260732979487497
386,0.1446,101,716,101,254478,351132,24122,83834,3.2525473340990776,0.19273690357407244
387,0.1447,92,547,92,255025,350585,24214,83742,3.2474804550001855,0.19280864417823437
388,0.1448,238,1868,238,256893,348717,24452,83504,3.230177109192634,0.19319746148382425
389,0.1449,116,795,116,257688,347922,24568,83388,3.2228129978880284,0.19333657925853795
390,0.145,108,870,108,258558,347052,24676,83280,3.2147541591018562,0.19352499930286385
391,0.1451,62,396,62,258954,346656,24738,83218,3.211085997999185,0.1935869580388672
392,0.1452,87,695,87,259649,345961,24825,83131,3.2046481900033346,0.19373700744828615
393,0.1453,251,2077,251,261726,343884,25076,82880,3.185408870280485,0.1942056968254117
394,0.1454,60,389,60,262115,343495,25136,82820,3.1818055504094263,0.19426949556079426
395,0.1455,94,624,94,262739,342871,25230,82726,3.1760254177627925,0.194376370134188
396,0.1456,87,630,87,263369,342241,25317,82639,3.170189706917633,0.19449962342308416
397,0.1457,178,1164,178,264533,341077,25495,82461,3.15940753640372,0.19469563533850565
398,0.1458,313,2224,313,266757,338853,25808,82148,3.1388065508169993,0.1951254272555172
399,0.1459,299,2006,299,268763,336847,26107,81849,3.120224906443366,0.19548550738483292
400,0.146,484,3276,484,272039,333571,26591,81365,3.0898792100485384,0.19609048142364124
401,0.1461,590,3999,590,276038,329572,27181,80775,3.052836340731409,0.19684559653171585
402,0.1462,648,4261,648,280299,325311,27829,80127,3.0133665567453405,0.19763071049087652
403,0.1463,384,2529,384,282828,322782,28213,79743,2.9899403460669163,0.19810694987888952
404,0.1464,560,3307,560,286135,319475,28773,79183,2.9593074956463745,0.19862388312789409
405,0.1465,398,2515,398,288650,316960,29171,78785,2.9360109674311756,0.1990802157955249
406,0.1466,557,3522,557,292172,313438,29728,78228,2.90338656489681,0.19973140379813412
407,0.1467,265,1792,265,293964,311646,29993,77963,2.886787209603913,0.20010574704383113
408,0.1468,431,2748,431,296712,308898,30424,77532,2.8613323946793137,0.2006365965375359
409,0.1469,330,2029,330,298741,306869,30754,77202,2.8425377005446664,0.20100970914232005
410,0.147,669,4409,669,303150,302460,31423,76533,2.8016969876616398,0.20193776666059796
411,0.1471,522,3502,522,306652,298958,31945,76011,2.769257845789025,0.20271275758796062
412,0.1472,120,691,120,307343,298267,32065,75891,2.762857089925525,0.20283142415770877
413,0.1473,143,802,143,308145,297465,32208,75748,2.755428137389307,0.202961847524068
414,0.1474,213,1367,213,309512,296098,32421,75535,2.7427655711586203,0.203251594987528
415,0.1475,190,1284,190,310796,294814,32611,75345,2.7308718366742006,0.20354766465221702
416,0.1476,130,824,130,311620,293990,32741,75215,2.723239097410056,0.2037215097303666
417,0.1477,130,873,130,312493,293117,32871,75085,2.715152469524621,0.203923389878382
418,0.1478,105,716,105,313209,292401,32976,74980,2.7085201378339323,0.20409329823806893
419,0.1479,48,358,48,313567,292043,33024,74932,2.705203971988588,0.20418829620546358
420,0.148,182,1121,182,314688,290922,33206,74750,2.6948201118974398,0.204418167100571
421,0.1481,110,659,110,315347,290263,33316,74640,2.6887157730927416,0.20454750988618894
422,0.1482,228,1402,228,316749,288861,33544,74412,2.6757290007039907,0.20483768405579275
423,0.1483,155,872,155,317621,287989,33699,74257,2.667651635851643,0.20499053129641184
424,0.1484,237,1439,237,319060,286550,33936,74020,2.654322131238653,0.20528607482597
425,0.1485,82,543,82,319603,286007,34018,73938,2.649292304272111,0.20541471613718762
426,0.1486,157,992,157,320595,285015,34175,73781,2.640103375449257,0.20563495691144829
427,0.1487,46,314,46,320909,284701,34221,73735,2.637194783059765,0.20571315381267508
428,0.1488,207,1127,207,322036,283574,34428,73528,2.6267553447700913,0.20590195518367302
429,0.1489,102,456,102,322492,283118,34530,73426,2.622531401682167,0.20593811703464368
430,0.149,200,1112,200,323604,282006,34730,73226,2.6122309088888067,0.2061357084947302
431,0.1491,199,1069,199,324673,280937,34929,73027,2.6023287265182113,0.20631194132736663
432,0.1492,163,976,163,325649,279961,35092,72864,2.5932880062247583,0.20651597817614964
433,0.1493,231,1272,231,326921,278689,35323,72633,2.5815054281373895,0.20674196321323457
434,0.1494,201,1034,201,327955,277655,35524,72432,2.571927451924858,0.2068971427102406
435,0.1495,140,728,140,328683,276927,35664,72292,2.5651839638371188,0.20701050057413828
436,0.1496,301,1932,301,330615,274995,35965,71991,2.547287783911964,0.20747522954816622
437,0.1497,249,1279,249,331894,273716,36214,71742,2.5354403645929824,0.20767213380497773
438,0.1498,250,1540,250,333434,272176,36464,71492,2.521175293638149,0.20802635101318714
439,0.1499,298,1823,298,335257,270353,36762,71194,2.5042887843195376,0.20844568975865693
440,0.15,329,1966,329,337223,268387,37091,70865,2.486077661269406,0.2088860198318654
441,0.1501,198,1299,198,338522,267088,37289,70667,2.474044981288673,0.20922562212254445
442,0.1502,232,1535,232,340057,265553,37521,70435,2.4598262254992775,0.20963546317130374
443,0.1503,126,703,126,340760,264850,37647,70309,2.4533143132387267,0.20977804564400776
444,0.1504,179,925,179,341685,263925,37826,70130,2.444746007632739,0.20993548966487555
445,0.1505,194,1199,194,342884,262726,38020,69936,2.4336396309607617,0.2102314060517883
446,0.1506,112,551,112,343435,262175,38132,69824,2.4285356997295193,0.2103138864876099
447,0.1507,337,1861,337,345296,260314,38469,69487,2.411297195153581,0.21069372136530817
448,0.1508,245,1613,245,346909,258701,38714,69242,2.396355922783356,0.21114035060970962
449,0.1509,157,1104,157,348013,257597,38871,69085,2.3861295342546964,0.21147476751091276
450,0.151,215,1358,215,349371,256239,39086,68870,2.3735503353217977,0.2118366455557982
451,0.1511,145,804,145,350175,255435,39231,68725,2.366102856719404,0.21200950148075023
452,0.1512,171,841,171,351016,254594,39402,68554,2.358312645892771,0.21214428063921176
453,0.1513,76,358,76,351374,254236,39478,68478,2.3549964800474266,0.21219407896775472
454,0.1514,223,1167,223,352541,253069,39701,68255,2.344186520434251,0.21241799554343901
455,0.1515,87,442,87,352983,252627,39788,68168,2.340092259809552,0.2124970775729048
456,0.1516,93,559,93,353542,252068,39881,68075,2.3349142243136094,0.212639351789669
457,0.1517,100,534,100,354076,251534,39981,67975,2.3299677646448553,0.21274831068921377
458,0.1518,153,648,153,354724,250886,40134,67822,2.3239653192041203,0.21280294187783175
459,0.1519,213,1145,213,355869,249741,40347,67609,2.3133591463188705,0.21304238222782418
460,0.152,143,728,143,356597,249013,40490,67466,2.3066156582311312,0.21317686165590766
461,0.1521,212,1034,212,357631,247979,40702,67254,2.2970376820186003,0.21334695288881558
462,0.1522,272,1295,272,358926,246684,40974,66982,2.2850420541702174,0.21354561858792473
463,0.1523,310,1650,310,360576,245034,41284,66672,2.2697580495757532,0.21389386152335854
464,0.1524,496,2666,496,363242,242368,41780,66176,2.2450628033643336,0.2144783239991703
465,0.1525,325,1695,325,364937,240673,42105,65851,2.229361962280929,0.21483146507288173
466,0.1526,385,2079,385,367016,238594,42490,65466,2.210104116491904,0.21530618956784844
467,0.1527,396,2222,396,369238,236372,42886,65070,2.1895216569713587,0.2158624212949755
468,0.1528,179,1032,179,370270,235340,43065,64891,2.1799622068250026,0.21613690791423937
469,0.1529,280,1611,280,371881,233729,43345,64611,2.165039460520953,0.21656834484145607
470,0.153,383,2094,383,373975,231635,43728,64228,2.1456426692356145,0.21708696254685445
471,0.1531,261,1331,261,375306,230304,43989,63967,2.13331357219608,0.2173744609560575
472,0.1532,603,3217,603,378523,227087,44592,63364,2.103514394753418,0.21815727954112743
473,0.1533,313,1678,313,380201,225409,44905,63051,2.0879710252325023,0.21857796574915067
474,0.1534,458,2538,458,382739,222871,45363,62593,2.0644614472562894,0.21926757839867725
475,0.1535,322,1856,322,384595,221015,45685,62271,2.047269257845789,0.21981672232302338
476,0.1536,329,1823,329,386418,219192,46014,61942,2.030382748527178,0.22032909573370707
477,0.1537,323,1856,323,388274,217336,46337,61619,2.013190559116677,0.22089225860801923
478,0.1538,101,492,101,388766,216844,46438,61518,2.0086331468376004,0.22099999281511126
479,0.1539,450,2724,450,391490,214120,46888,61068,1.9834006447071029,0.22191374623893484
480,0.154,186,1085,186,392575,213035,47074,60882,1.9733502538071066,0.2222644085617176
481,0.1541,214,1278,214,393853,211757,47288,60668,1.9615120975212124,0.22269615490501973
482,0.1542,404,2262,404,396115,209495,47692,60264,1.9405591166771647,0.22339940465378355
483,0.1543,99,588,99,396703,208907,47791,60165,1.935112453221683,0.22360186121186895
484,0.1544,51,354,51,397057,208553,47842,60114,1.9318333395086886,0.22374910204826048
485,0.1545,252,1514,252,398571,207039,48094,59862,1.9178091074141317,0.22428540919666842
486,0.1546,136,685,136,399256,206354,48230,59726,1.9114639297491571,0.22446632591701743
487,0.1547,143,713,143,399969,205641,48373,59583,1.9048593871577308,0.22465161523843996
488,0.1548,213,867,213,400836,204774,48586,59370,1.8968283374708215,0.22476376521897146
489,0.1549,152,758,152,401594,204016,48738,59218,1.8898069583904553,0.22496334060189793
490,0.155,95,418,95,402012,203598,48833,59123,1.8859350105598578,0.2250410130899319
491,0.1551,174,909,174,402921,202689,49007,58949,1.877514913483271,0.22530748591565444
492,0.1552,149,684,149,403605,202005,49156,58800,1.8711789988513838,0.22545580031057688
493,0.1553,172,867,172,404472,201138,49328,58628,1.8631479491644745,0.22569543358253197
494,0.1554,329,1886,329,406358,199252,49657,58299,1.8456778687613473,0.2263590512170405
495,0.1555,499,2674,499,409032,196578,50156,57800,1.8209085182852274,0.22722090746841314
496,0.1556,352,1711,352,410743,194867,50508,57448,1.8050594686724222,0.22768364940649585
497,0.1557,404,2121,404,412864,192746,50912,57044,1.7854125754937196,0.22836782897634011
498,0.1558,321,1310,321,414174,191436,51233,56723,1.7732780021490238,0.22857522797883614
499,0.1559,435,1942,435,416116,189494,51668,56288,1.7552891918929934,0.22901595723039117
500,0.156,339,1899,339,418015,187595,52007,55949,1.737698692059728,0.22972850901685116
501,0.1561,412,1823,412,419838,185772,52419,55537,1.7208121827411167,0.23014889622848714
502,0.1562,189,813,189,420651,184959,52608,55348,1.7132813368409352,0.23032204638233592
503,0.1563,381,2015,381,422666,182944,52989,54967,1.6946163251695134,0.2310401788904254
504,0.1564,576,2984,576,425650,179960,53565,54391,1.6669754344362517,0.2320920328908347
505,0.1565,470,2543,470,428193,177417,54035,53921,1.6434195412946015,0.23308319428714694
506,0.1566,705,3314,705,431507,174103,54740,53216,1.612721849642447,0.23410273668281137
507,0.1567,124,625,124,432132,173478,54864,53092,1.6069324539627257,0.2343293463388798
508,0.1568,110,620,110,432752,172858,54974,52982,1.601189373448442,0.2345997166135317
509,0.1569,326,1526,326,434278,171332,55300,52656,1.5870539849568344,0.23508402235834064
510,0.157,260,1075,260,435353,170257,55560,52396,1.5770962243877136,0.23532582089619272
511,0.1571,423,1953,423,437306,168304,55983,51973,1.5590055207677203,0.2359438343540179
512,0.1572,226,1092,226,438398,167212,56209,51747,1.5488902886361111,0.23633191602080755
513,0.1573,284,1304,284,439702,165908,56493,51463,1.5368112934899403,0.2367519126286395
514,0.1574,166,788,166,440490,165120,56659,51297,1.5295120234169477,0.23702851439581918
515,0.1575,283,1540,283,442030,163580,56942,51014,1.5152469524621142,0.23772332870443721
516,0.1576,85,506,85,442536,163074,57027,50929,1.5105598577198118,0.23798264510310604
517,0.1577,220,1116,220,443652,161958,57247,50709,1.5002223127941012,0.23844319993228852
518,0.1578,131,653,131,444305,161305,57378,50578,1.4941735521879285,0.2387072110551578
519,0.1579,196,954,196,445259,160351,57574,50382,1.4853366186224017,0.23907978342262484
520,0.158,247,1167,247,446426,159184,57821,50135,1.474526659009226,0.23951480754255466
521,0.1581,292,1281,292,447707,157903,58113,49843,1.462660713624069,0.23992279033049974
522,0.1582,296,1349,296,449056,156554,58409,49547,1.4501648819889585,0.24040155069601798
523,0.1583,287,1460,287,450516,155094,58696,49260,1.4366408536811293,0.24105229161161515
524,0.1584,241,1165,241,451681,153929,58937,49019,1.4258494201341287,0.2415347773813982
525,0.1585,142,695,142,452376,153234,59079,48877,1.4194116121382785,0.24183245840157142
526,0.1586,261,1138,261,453514,152096,59340,48616,1.4088702804846418,0.2422177049703057
527,0.1587,281,1416,281,454930,150680,59621,48335,1.3957538256326651,0.24287114036630406
528,0.1588,89,446,89,455376,150234,59710,48246,1.391622512875616,0.24307738814993954
529,0.1589,198,973,198,456349,149261,59908,48048,1.3826095816814257,0.24351651470536062
530,0.159,165,733,165,457082,148528,60073,47883,1.3758197784282487,0.2437898081064706
531,0.1591,194,1032,194,458114,147496,60267,47689,1.3662603282818926,0.24432717678100263
532,0.1592,115,434,115,458548,147062,60382,47574,1.3622401719218942,0.24442549168704658
533,0.1593,68,323,68,458871,146739,60450,47506,1.3592482122346141,0.24456742773301757
534,0.1594,114,504,114,459375,146235,60564,47392,1.3545796435584867,0.24475925361648943
535,0.1595,141,543,141,459918,145692,60705,47251,1.3495498165919448,0.2448961610423804
536,0.1596,124,489,124,460407,145203,60829,47127,1.3450201934121309,0.24503197629075027
537,0.1597,180,763,180,461170,144440,61009,46947,1.337952499166327,0.24529879249896805
538,0.1598,270,944,270,462114,143496,61279,46677,1.329208195931676,0.24544493697843542
539,0.1599,112,684,112,462798,142812,61391,46565,1.3228722812997888,0.24588519197156994
540,0.16,250,1088,250,463886,141724,61641,46315,1.3127941013005298,0.24630528773286392
541,0.1601,218,905,218,464791,140819,61859,46097,1.3044110563562934,0.24661880202871878
542,0.1602,227,897,227,465688,139922,62086,45870,1.2961021156767571,0.246888994143989
543,0.1603,264,933,264,466621,138989,62350,45606,1.287459705806069,0.2470597795173217
544,0.1604,213,925,213,467546,138064,62563,45393,1.2788914002000815,0.24743127817417707
545,0.1605,270,1133,270,468679,136931,62833,45123,1.2683963837118826,0.24785503202346557
546,0.1606,314,1129,314,469808,135802,63147,44809,1.257938419356034,0.24809673829390236
547,0.1607,104,435,104,470243,135367,63251,44705,1.2539089999629478,0.2482618063885557
548,0.1608,106,419,106,470662,134948,63357,44599,1.2500277890992626,0.248397355567066
549,0.1609,90,432,90,471094,134516,63447,44509,1.2460261588054393,0.2486189079737467
550,0.161,169,743,169,471837,133773,63616,44340,1.2391437252213864,0.2489430866921561
551,0.1611,313,1365,313,473202,132408,63929,44027,1.226499685056875,0.24953665655907276
552,0.1612,266,968,266,474170,131440,64195,43761,1.2175330690281225,0.24977597159833562
553,0.1613,109,403,109,474573,131037,64304,43652,1.2138000666938382,0.24988407970736567
554,0.1614,214,783,214,475356,130254,64518,43438,1.2065471117862834,0.2500863597632591
555,0.1615,185,746,185,476102,129508,64703,43253,1.1996368891029678,0.25036321855048305
556,0.1616,217,922,217,477024,128586,64920,43036,1.191096372596243,0.25076039202433253
557,0.1617,244,930,244,477954,127656,65164,42792,1.1824817518248176,0.2510560405519572
558,0.1618,143,727,143,478681,126929,65307,42649,1.1757475267701656,0.25150078429985023
559,0.1619,165,629,165,479310,126300,65472,42484,1.169921078958094,0.2517063228742061
560,0.162,203,708,203,480018,125592,65675,42281,1.1633628515321057,0.2518630154938555
561,0.1621,145,590,145,480608,125002,65820,42136,1.1578976620104486,0.25210305256733956
562,0.1622,106,440,106,481048,124562,65926,42030,1.1538219274519248,0.2522930272762198
563,0.1623,277,952,277,482000,123610,66203,41753,1.1450035199525732,0.25249300024793936
564,0.1624,120,406,120,482406,123204,66323,41633,1.1412427285190263,0.252570721379302
565,0.1625,72,329,72,482735,122875,66395,41561,1.1381951906332208,0.2527487898027196
566,0.1626,126,476,126,483211,122399,66521,41435,1.1337859868835451,0.25290843170526267
567,0.1627,104,312,104,483523,122087,66625,41331,1.1308959205602283,0.25291583546488144
568,0.1628,93,338,93,483861,121749,66718,41238,1.127765015376635,0.25301404406486405
569,0.1629,107,409,107,484270,121340,66825,41131,1.1239764348438253,0.2531590253029771
570,0.163,93,332,93,484602,121008,66918,41038,1.1209011078587572,0.2532490774224603
571,0.1631,113,332,113,484934,120676,67031,40925,1.1178257808736893,0.2532471952525046
572,0.1632,143,494,143,485428,120182,67174,40782,1.1132498425284376,0.2533609999751497
573,0.1633,65,296,65,485724,119886,67239,40717,1.1105079847345214,0.253525774736462
574,0.1634,92,343,92,486067,119543,67331,40625,1.1073307643854904,0.2536399280755207
575,0.1635,77,342,77,486409,119201,67408,40548,1.1041628070695468,0.2538231851216596
576,0.1636,74,323,74,486732,118878,67482,40474,1.1011708473822668,0.25399116421507106
577,0.1637,34,134,34,486866,118744,67516,40440,1.0999296009485346,0.2540456327269072
578,0.1638,63,309,63,487175,118435,67579,40377,1.0970673237244803,0.2542440117875224
579,0.1639,58,324,58,487499,118111,67637,40319,1.0940661010041128,0.2544909423720255
580,0.164,56,208,56,487707,117903,67693,40263,1.0921393901219014,0.254561663062858
581,0.1641,62,204,62,487911,117699,67755,40201,1.0902497313720405,0.25459784673844205
582,0.1642,106,458,106,488369,117241,67861,40095,1.0860072622179406,0.2548367824274165
583,0.1643,63,275,63,488644,116966,67924,40032,1.0834599281188633,0.25498413992534935
584,0.1644,109,358,109,489002,116608,68033,39923,1.0801437622735188,0.25504852074030065
585,0.1645,68,260,68,489262,116348,68101,39855,1.0777353736707547,0.2551487487436221
586,0.1646,83,281,83,489543,116067,68184,39772,1.075132461373152,0.2552121099339703
587,0.1647,42,177,42,489720,115890,68226,39730,1.073492904516655,0.25530137514458295
588,0.1648,39,154,39,489874,115736,68265,39691,1.0720663974211715,0.25536747154612777
589,0.1649,59,264,59,490138,115472,68324,39632,1.0696209566860573,0.25551887765628223
590,0.165,104,340,104,490478,115132,68428,39528,1.0664715254362889,0.25557998189577136
591,0.1651,76,258,76,490736,114874,68504,39452,1.0640816628996999,0.2556406567914674
592,0.1652,96,308,96,491044,114566,68600,39356,1.0612286487087332,0.25568794584269955
593,0.1653,49,202,49,491246,114364,68649,39307,1.0593575160250472,0.2557867131729474
594,0.1654,55,220,55,491466,114144,68704,39252,1.0573196487457852,0.255886724556051
595,0.1655,69,308,69,491774,113836,68773,39183,1.0544666345548186,0.2560662401401133
596,0.1656,52,145,52,491919,113691,68825,39131,1.0531234947571233,0.2560560652262109
597,0.1657,42,199,42,492118,113492,68867,39089,1.0512801511727,0.2561852393155111
598,0.1658,94,295,94,492413,113197,68961,38995,1.0485475564118716,0.2562224032800673
599,0.1659,88,266,88,492679,112931,69049,38907,1.046083589610582,0.2562402033746493
600,0.166,34,115,34,492794,112816,69083,38873,1.0450183408055134,0.25626775837404164
601,0.1661,96,367,96,493161,112449,69179,38777,1.041618807662381,0.2564175472471665
602,0.1662,56,132,56,493293,112317,69235,38721,1.040396087294824,0.2563659476423152
603,0.1663,53,210,53,493503,112107,69288,38668,1.0384508503464374,0.2564616149892224
604,0.1664,60,219,60,493722,111888,69348,38608,1.036422246100263,0.2565383797576015
605,0.1665,19,55,19,493777,111833,69367,38589,1.0359127792804477,0.2565382723271862
606,0.1666,24,131,24,493908,111702,69391,38565,1.034699321945978,0.25664317514823615
607,0.1667,54,189,54,494097,111513,69445,38511,1.0329486086924302,0.25669892817149254
608,0.1668,42,147,42,494244,111366,69487,38469,1.0315869428285598,0.25674241665832415
609,0.1669,33,142,33,494386,111224,69520,38436,1.030271592130127,0.25682213016169986
610,0.167,40,157,40,494543,111067,69560,38396,1.0288172959353812,0.25689301031024403
611,0.1671,48,172,48,494715,110895,69608,38348,1.0272240542443218,0.2569500747103717
612,0.1672,59,150,59,494865,110745,69667,38289,1.0258345992811886,0.2569145295704336
613,0.1673,52,108,52,494973,110637,69719,38237,1.0248341917077328,0.2568413557773688
614,0.1674,26,129,26,495102,110508,69745,38211,1.0236392604394382,0.2569342182236298
615,0.1675,50,201,50,495303,110307,69795,38161,1.02177739078884,0.25703181830428107
616,0.1676,33,104,33,495407,110203,69828,38128,1.0208140353477342,0.25704674006107964
617,0.1677,42,164,42,495571,110039,69870,38086,1.0192948979213754,0.25712067510548525
618,0.1678,56,173,56,495744,109866,69926,38030,1.0176923931972286,0.2571401525396224
619,0.1679,2,34,2,495778,109832,69928,38028,1.0173774500722517,0.2571892330582984
620,0.168,28,125,28,495903,109707,69956,38000,1.0162195709363073,0.25726607405200835
621,0.1681,31,84,31,495987,109623,69987,37969,1.0154414761569528,0.25725649086671365
622,0.1682,31,93,31,496080,109530,70018,37938,1.0145800140798102,0.2572625925624542
623,0.1683,34,109,34,496189,109421,70052,37904,1.0135703434732668,0.25728152044798913
624,0.1684,23,77,23,496266,109344,70075,37881,1.0128570899255251,0.257300050942435
625,0.1685,13,45,13,496311,109299,70088,37868,1.0124402534365853,0.2573131204685833
626,0.1686,13,67,13,496378,109232,70101,37855,1.011819630219719,0.2573646889256019
627,0.1687,22,62,22,496440,109170,70123,37833,1.0112453221682909,0.2573620946511296
628,0.1688,12,58,12,496498,109112,70135,37821,1.0107080662492127,0.25740303403592113
629,0.1689,10,50,10,496548,109062,70145,37811,1.010244914594835,0.2574401013120179
630,0.169,13,17,13,496565,109045,70158,37798,1.0100874430323465,0.25740416635454194
631,0.1691,14,36,14,496601,109009,70172,37784,1.0097539738411945,0.25739646985891695
632,0.1692,9,29,9,496630,108980,70181,37775,1.0094853458816555,0.2574017921024837
633,0.1693,20,52,20,496682,108928,70201,37755,1.0090036681611028,0.2573917904596988
634,0.1694,25,67,25,496749,108861,70226,37730,1.0083830449442366,0.2573827861192024
635,0.1695,37,76,37,496825,108785,70263,37693,1.0076790544295824,0.25732874561367575
636,0.1696,11,34,11,496859,108751,70274,37682,1.0073641113046057,0.25733270505965183
637,0.1697,13,44,13,496903,108707,70287,37669,1.0069565378487533,0.2573441001257037
638,0.1698,35,84,35,496987,108623,70322,37634,1.0061784430693987,0.2573141798341276
639,0.1699,19,67,19,497054,108556,70341,37615,1.0055578198525326,0.25733558640222753
640,0.17,55,144,55,497198,108412,70396,37560,1.0042239430879247,0.2573096210232099
641,0.1701,19,77,19,497275,108335,70415,37541,1.003510689540183,0.25734870712111657
642,0.1702,21,66,21,497341,108269,70436,37520,1.0028993293564044,0.2573582369040188
643,0.1703,35,81,35,497422,108188,70471,37485,1.0021490236763126,0.25732290815731124
644,0.1704,21,34,21,497456,108154,70492,37464,1.0018340805513357,0.2572758862228571
645,0.1705,10,28,10,497484,108126,70502,37454,1.0015747156248842,0.2572743508723726
646,0.1706,15,35,15,497519,108091,70517,37439,1.0012505094668198,0.2572596715453858
647,0.1707,36,131,36,497650,107960,70553,37403,1.0000370521323503,0.2573075679505789
648,0.1708,23,66,23,497716,107894,70576,37380,0.9994256919485717,0.2573068821674904
649,0.1709,55,146,55,497862,107748,70631,37325,0.9980732891177887,0.2572842637844396
650,0.171,11,33,11,497895,107715,70642,37314,0.9977676090258994,0.2572864737397348
651,0.1711,36,94,36,497989,107621,70678,37278,0.9968968839156693,0.2572688562377932
652,0.1712,32,68,32,498057,107553,70710,37246,0.9962669976657157,0.2572255333255064
653,0.1713,44,122,44,498179,107431,70754,37202,0.9951369076290341,0.2572165411766333
654,0.1714,26,91,26,498270,107340,70780,37176,0.9942939716180667,0.2572448725400648
655,0.1715,38,117,38,498387,107223,70818,37138,0.9932101967468228,0.257257846648333
656,0.1716,9,12,9,498399,107211,70827,37129,0.9930990403497721,0.2572329222668699
657,0.1717,8,18,8,498417,107193,70835,37121,0.9929323057541961,0.2572238313677121
658,0.1718,19,34,19,498451,107159,70854,37102,0.9926173626292193,0.25718662701631073
659,0.1719,7,20,7,498471,107139,70861,37095,0.9924321019674682,0.2571862390282458
660,0.172,8,46,8,498517,107093,70869,37087,0.9920060024454407,0.2572270772645304
661,0.1721,5,13,5,498530,107080,70874,37082,0.9918855830153025,0.25722451131366103
662,0.1722,13,63,13,498593,107017,70887,37069,0.9913020119307866,0.25726996377163636
663,0.1723,21,55,21,498648,106962,70908,37048,0.9907925451109711,0.257259912506076
664,0.1724,4,12,4,498660,106950,70912,37044,0.9906813887139205,0.2572607191966332
665,0.1725,6,30,6,498690,106920,70918,37038,0.9904034977212939,0.25728337431750925
666,0.1726,27,69,27,498759,106851,70945,37011,0.9897643484382527,0.25726738124035536
667,0.1727,3,34,3,498793,106817,70948,37008,0.9894494053132757,0.25731270641404486
668,0.1728,11,34,11,498827,106783,70959,36997,0.9891344621882989,0.2573167338990124
669,0.1729,74,171,74,498998,106612,71033,36923,0.9875504835303272,0.2572403943289093
670,0.173,82,156,82,499154,106456,71115,36841,0.9861054503686687,0.2570954032533828
671,0.1731,73,172,73,499326,106284,71188,36768,0.9845122086776094,0.25702541733076084
672,0.1732,103,267,103,499593,106017,71291,36665,0.9820389788432324,0.25697004527550776
673,0.1733,44,122,44,499715,105895,71335,36621,0.9809088888065508,0.25696062196525304
674,0.1734,97,285,97,500000,105610,71432,36524,0.9782689243765978,0.25696877594382767
675,0.1735,81,186,81,500186,105424,71513,36443,0.9765460002223127,0.25688144529735596
676,0.1736,65,207,65,500393,105217,71578,36378,0.9746285523731891,0.2569158515484304
677,0.1737,57,153,57,500546,105064,71635,36321,0.9732113083107933,0.2568942957173675
678,0.1738,77,167,77,500713,104897,71712,36244,0.9716643817851718,0.25679285253753337
679,0.1739,41,112,41,500825,104785,71753,36203,0.9706269220793656,0.25678071892643345
680,0.174,65,143,65,500968,104642,71818,36138,0.9693023083478454,0.25669839465833216
681,0.1741,37,110,37,501078,104532,71855,36101,0.9682833747082145,0.2567036186385841
682,0.1742,18,35,18,501113,104497,71873,36083,0.9679591685501501,0.2566723573765827
683,0.1743,75,149,75,501262,104348,71948,36008,0.9665789766201045,0.2565476360112856
684,0.1744,20,46,20,501308,104302,71968,35988,0.966152877098077,0.25652576805189253
685,0.1745,45,112,45,501420,104190,72013,35943,0.9651154173922709,0.2564920468412151
686,0.1746,31,98,31,501518,104092,72044,35912,0.9642076401496906,0.2565069569440873
687,0.1747,13,58,13,501576,104034,72057,35899,0.9636703842306125,0.2565442032972923
688,0.1748,56,266,56,501842,103768,72113,35843,0.9612064174293231,0.256734784508384
689,0.1749,11,55,11,501897,103713,72124,35832,0.9606969506095075,0.2567773836396861
690,0.175,29,98,29,501995,103615,72153,35803,0.9597891733669273,0.2568032822160697
691,0.1751,27,85,27,502080,103530,72180,35776,0.9590018155544852,0.25681593039782924
692,0.1752,16,37,16,502117,103493,72196,35760,0.9586590833302456,0.2567987763279786
693,0.1753,25,102,25,502219,103391,72221,35735,0.9577142539553152,0.2568534997053031
694,0.1754,12,62,12,502281,103329,72233,35723,0.9571399459038867,0.256903892069154
695,0.1755,23,63,23,502344,103266,72256,35700,0.9565563748193708,0.25689737057985407
696,0.1756,37,100,37,502444,103166,72293,35663,0.9556300715106154,0.2568843685397143
697,0.1757,22,53,22,502497,103113,72315,35641,0.9551391307569751,0.25686466696455595
698,0.1758,20,56,20,502553,103057,72335,35621,0.9546204009040721,0.25686121807352286
699,0.1759,33,78,33,502631,102979,72368,35588,0.9538978843232429,0.2568288264882692
700,0.176,20,59,20,502690,102920,72388,35568,0.9533513653710771,0.2568309167581307
701,0.1761,6,31,6,502721,102889,72394,35562,0.9530642113453629,0.25685621627868344
702,0.1762,42,79,42,502800,102810,72436,35520,0.9523324317314461,0.25677727174148773
703,0.1763,31,47,31,502847,102763,72467,35489,0.9518970691763311,0.25669791395422853
704,0.1764,25,45,25,502892,102718,72492,35464,0.9514802326873911,0.25664703072759115
705,0.1765,21,40,21,502932,102678,72513,35443,0.951109711363889,0.25660833616901124
706,0.1766,5,11,5,502943,102667,72518,35438,0.9510078179999258,0.2566018609029362
707,0.1767,29,61,29,503004,102606,72547,35409,0.9504427729815851,0.2565590696663406
708,0.1768,48,87,48,503091,102519,72595,35361,0.9496368891029678,0.2564621409921671
709,0.1769,25,55,25,503146,102464,72620,35336,0.9491274222831524,0.2564296081277213
710,0.177,20,83,20,503229,102381,72640,35316,0.9483585905368854,0.25647617595154576
711,0.1771,25,47,25,503276,102334,72665,35291,0.9479232279817703,0.2564287011807448
712,0.1772,75,158,75,503434,102176,72740,35216,0.9464596687539368,0.2563176895306859
713,0.1773,117,307,117,503741,101869,72857,35099,0.9436159175960577,0.2562569359266398
714,0.1774,50,110,50,503851,101759,72907,35049,0.9425969839564267,0.2561911584117888
715,0.1775,44,122,44,503973,101637,72951,35005,0.941466893919745,0.2561803837765841
716,0.1776,18,60,18,504033,101577,72969,34987,0.9409111119344918,0.25619489763041503
717,0.1777,25,33,25,504066,101544,72994,34962,0.9406054318426026,0.2561206100830733
718,0.1778,20,53,20,504119,101491,73014,34942,0.9401144910889622,0.25611105817507496
719,0.1779,4,9,4,504128,101482,73018,34938,0.9400311237911742,0.2561061427943117
720,0.178,3,10,3,504138,101472,73021,34935,0.9399384934602987,0.25610855747872174
721,0.1781,16,43,16,504181,101429,73037,34919,0.9395401830375338,0.2561020330331211
722,0.1782,7,10,7,504191,101419,73044,34912,0.9394475527066583,0.25608262244097085
723,0.1783,13,31,13,504222,101388,73057,34899,0.9391603986809441,0.25606991129014506
724,0.1784,2,10,2,504232,101378,73059,34897,0.9390677683500686,0.2560777838928637
725,0.1785,6,30,6,504262,101348,73065,34891,0.9387898773574419,0.2561014100220935
726,0.1786,18,37,18,504299,101311,73083,34873,0.9384471451332024,0.25607266639252774
727,0.1787,9,10,9,504309,101301,73092,34864,0.9383545148023269,0.25604230161935887
728,0.1788,19,65,19,504374,101236,73111,34845,0.9377524176516359,0.2560607285366804
729,0.1789,5,21,5,504395,101215,73116,34840,0.9375578939567972,0.2560729116901253
730,0.179,0,15,0,504410,101200,73116,34840,0.9374189484604839,0.2561011467215525
731,0.1791,17,50,17,504460,101150,73133,34823,0.9369557968061062,0.2561023144300707
732,0.1792,13,66,13,504526,101084,73146,34810,0.9363444366223276,0.2561555329889473
733,0.1793,8,21,8,504547,101063,73154,34802,0.936149912927489,0.2561513266845766
734,0.1794,20,55,20,504602,101008,73174,34782,0.9356404461076735,0.25614551881581854
735,0.1795,2,14,2,504616,100994,73176,34780,0.9355107636444477,0.25616097338223814
736,0.1796,23,62,23,504678,100932,73199,34757,0.9349364555930194,0.25615193567643657
737,0.1797,2,9,2,504687,100923,73201,34755,0.9348530882952314,0.25615796223411313
738,0.1798,3,7,3,504694,100916,73204,34752,0.9347882470636185,0.25615473066603767
739,0.1799,1,6,1,504700,100910,73205,34751,0.9347326688650932,0.2561605767317062
740,0.18,5,13,5,504713,100897,73210,34746,0.934612249434955,0.25615770810141325
741,0.1801,0,6,0,504719,100891,73210,34746,0.9345566712364296,0.2561690394213968
742,0.1802,1,5,1,504724,100886,73211,34745,0.9345103560709919,0.25617299879820987
743,0.1803,1,12,1,504736,100874,73212,34744,0.9343991996739412,0.2561901812443776
744,0.1804,4,6,4,504742,100868,73216,34740,0.9343436214754159,0.25617957642616956
745,0.1805,0,2,0,504744,100866,73216,34740,0.9343250954092408,0.25618335471881776
746,0.1806,8,32,8,504776,100834,73224,34732,0.9340286783504391,0.2561999321363764
747,0.1807,1,0,1,504776,100834,73225,34731,0.9340286783504391,0.25619444546896325
748,0.1808,1,2,1,504778,100832,73226,34730,0.934010152284264,0.25619273837801154
749,0.1809,7,12,7,504790,100820,73233,34723,0.9338989958872133,0.2561770065588042
750,0.181,3,11,3,504801,100809,73236,34720,0.9337971025232502,0.25618133388426095
751,0.1811,1,3,1,504804,100806,73237,34719,0.9337693134239875,0.2561815163254012
752,0.1812,3,17,3,504821,100789,73240,34716,0.9336118418614991,0.25619718829563487
753,0.1816,10,14,10,504835,100775,73250,34706,0.9334821593982734,0.25616876167137825
754,0.184,0,1,0,504836,100774,73250,34706,0.9334728963651858,0.2561706524948332
755,0.1851,0,1,0,504837,100773,73250,34706,0.9334636333320983,0.25617254334620126
756,0.1853,1,0,1,504837,100773,73251,34705,0.9334636333320983,0.25616705295324704
757,0.1866,4,42,4,504879,100731,73255,34701,0.933074585942421,0.2562245259613681
758,0.1867,63,338,63,505217,100393,73318,34638,0.9299436807588277,0.25651887344387586
759,0.187,15,90,15,505307,100303,73333,34623,0.9291100077809478,0.25660732549693904
760,0.1871,58,367,58,505674,99936,73391,34565,0.9257104746378154,0.2569869369000974
761,0.1872,44,156,44,505830,99780,73435,34521,0.924265441476157,0.2570420175575759
762,0.1873,62,271,62,506101,99509,73497,34459,0.9217551595094298,0.2572181416457662
763,0.1874,13,69,13,506170,99440,73510,34446,0.9211160102263886,0.25727858028471984
764,0.1875,36,146,36,506316,99294,73546,34410,0.9197636073956056,0.2573595404774726
765,0.1876,25,117,25,506433,99177,73571,34385,0.9186798325243618,0.25744598014405295
766,0.1877,62,326,62,506759,98851,73633,34323,0.9156600837378192,0.25773048793308
767,0.1878,1,0,1,506759,98851,73634,34322,0.9156600837378192,0.25772491420933674
768,0.1879,10,23,10,506782,98828,73644,34312,0.9154470339768054,0.2577136848430224
769,0.188,3,8,3,506790,98820,73647,34309,0.9153729297121049,0.25771244432092183
770,0.1881,32,97,32,506887,98723,73679,34277,0.9144744155026122,0.2577218045112782
771,0.1882,45,241,45,507128,98482,73724,34232,0.9122420245285117,0.2579381225793812
772,0.1883,76,309,76,507437,98173,73800,34156,0.9093797473044574,0.25811424555464035
773,0.1884,76,267,76,507704,97906,73876,34080,0.9069065174700804,0.25820920400648556
774,0.1885,34,127,34,507831,97779,73910,34046,0.9057301122679611,0.2582666413806182
775,0.1886,176,741,176,508572,97038,74086,33870,0.8988662047500834,0.258731322761023
776,0.1887,67,219,67,508791,96819,74153,33803,0.896837600503909,0.25878489075347183
777,0.1888,179,665,179,509456,96154,74332,33624,0.8906776835006854,0.25908859745103174
778,0.1889,130,605,130,510061,95549,74462,33494,0.8850735484827151,0.25955689188875025
779,0.189,93,317,93,510378,95232,74555,33401,0.8821371669939605,0.25966120668879683
780,0.1891,111,387,111,510765,94845,74666,33290,0.8785523731890771,0.2598041128497288
781,0.1892,8,52,8,510817,94793,74674,33282,0.8780706954685242,0.25986336131173143
782,0.1893,74,224,74,511041,94569,74748,33208,0.875995776056912,0.25989027759299405
783,0.1894,50,249,50,511290,94320,74798,33158,0.873689280818111,0.26010762641396945
784,0.1895,23,78,23,511368,94242,74821,33135,0.8729667642372818,0.26013330507077415
785,0.1896,68,210,68,511578,94032,74889,33067,0.8710215272888955,0.2601672711823067
786,0.1897,16,80,16,511658,93952,74905,33051,0.8702804846418911,0.26023794713510706
787,0.1898,19,65,19,511723,93887,74924,33032,0.8696783874912001,0.2602604810942412
788,0.1899,40,147,40,511870,93740,74964,32992,0.8683167216273296,0.2603288829971909
789,0.19,37,164,37,512034,93576,75001,32955,0.8667975842009707,0.2604500082983617
790,0.1901,127,545,127,512579,93031,75128,32828,0.8617492311682537,0.26083156548200764
791,0.1902,104,341,104,512920,92690,75232,32724,0.8585905368853978,0.2609278071028753
792,0.1903,54,225,54,513145,92465,75286,32670,0.8565063544406981,0.26107803572142085
793,0.1904,115,360,115,513505,92105,75401,32555,0.8531716625291785,0.2611503288945933
794,0.1905,77,239,77,513744,91866,75478,32478,0.8509577976212531,0.2611947500482532
795,0.1906,157,436,157,514180,91430,75635,32321,0.8469191151950795,0.26117768745303066
796,0.1907,85,198,85,514378,91232,75720,32236,0.8450850346437437,0.2610878932192957
797,0.1908,307,1185,307,515563,90047,76027,31929,0.834108340434992,0.26176460943136354
798,0.1909,96,281,96,515844,89766,76123,31833,0.8315054281373893,0.2617866923247724
799,0.191,30,59,30,515903,89707,76153,31803,0.8309589091852236,0.2617315447288289
800,0.1911,49,255,49,516158,89452,76202,31754,0.8285968357478973,0.261983730178374
801,0.1912,162,495,162,516653,88957,76364,31592,0.8240116343695579,0.26206770690756453
802,0.1913,42,118,42,516771,88839,76406,31550,0.8229185964652266,0.2620671323792041
803,0.1914,86,267,86,517038,88572,76492,31464,0.8204453666308497,0.2621213635909227
804,0.1915,70,217,70,517255,88355,76562,31394,0.8184352884508503,0.26216502851798346
805,0.1916,71,218,71,517473,88137,76633,31323,0.8164159472377636,0.26220492214967356
806,0.1917,52,226,52,517699,87911,76685,31271,0.8143225017599763,0.2623802252017922
807,0.1918,76,202,76,517901,87709,76761,31195,0.8124513690762903,0.26235450447419767
808,0.1919,110,452,110,518353,87257,76871,31085,0.8082644781207159,0.26267090297612006
809,0.192,201,714,201,519067,86543,77072,30884,0.8016506724962021,0.26300595263440263
810,0.1921,99,313,99,519380,86230,77171,30785,0.7987513431397977,0.2630859291543819
811,0.1922,403,1408,403,520788,84822,77574,30382,0.7857089925525214,0.26372348182354777
812,0.1923,446,1490,446,522278,83332,78020,29936,0.7719070732520656,0.2642935339195536
813,0.1924,209,823,209,523101,82509,78229,29727,0.7642835970210086,0.2648615417513097
814,0.1925,525,1673,525,524774,80836,78754,29202,0.7487865426655304,0.26538105018266417
815,0.1926,187,591,187,525365,80245,78941,29015,0.7433120901107859,0.26555921654768444
816,0.1927,92,365,92,525730,79880,79033,28923,0.7399310830338286,0.26582906721322025
817,0.1928,385,1163,385,526893,78717,79418,28538,0.7291581755530031,0.26607617360496016
818,0.1929,151,542,151,527435,78175,79569,28387,0.7241376116195487,0.26638951971622155
819,0.193,231,703,231,528138,77472,79800,28156,0.7176256993589981,0.2665581095921536
820,0.1931,176,570,176,528708,76902,79976,27980,0.7123457704990922,0.2667759958810854
821,0.1932,53,130,53,528838,76772,80029,27927,0.7111415761977101,0.26673607197776483
822,0.1933,238,725,238,529563,76047,80267,27689,0.7044258772092334,0.26691794555409887
823,0.1934,181,500,181,530063,75547,80448,27508,0.6997943606654563,0.2669254281694241
824,0.1935,198,600,198,530663,74947,80646,27310,0.6942365408129237,0.2670721808775927
825,0.1936,131,423,131,531086,74524,80777,27179,0.6903182778168884,0.2672389211724335
826,0.1937,139,358,139,531444,74166,80916,27040,0.6870021119715439,0.26717783530620715
827,0.1938,118,332,118,531776,73834,81034,26922,0.683926784986476,0.26719996824010483
828,0.1939,407,1020,407,532796,72814,81441,26515,0.6744784912371707,0.26694117528617023
829,0.194,193,693,193,533489,72121,81634,26322,0.6680592093074956,0.2673831557347907
830,0.1941,262,757,262,534246,71364,81896,26060,0.6610470932602172,0.2674905567416653
831,0.1942,579,1631,579,535877,69733,82475,25481,0.6459390862944162,0.26761820740647385
832,0.1943,263,795,263,536672,68938,82738,25218,0.6385749749898106,0.26783210841582056
833,0.1944,276,783,276,537455,68155,83014,24942,0.6313220200822557,0.26791411108843466
834,0.1945,371,1084,371,538539,67071,83385,24571,0.621280892215347,0.2681194212260754
835,0.1946,165,529,165,539068,66542,83550,24406,0.6163807477120308,0.26835114570963625
836,0.1947,365,1085,365,540153,65457,83915,24041,0.6063303568120345,0.2686205278330242
837,0.1948,132,415,132,540568,65042,84047,23909,0.6024861980806996,0.2687884340816854
838,0.1949,112,279,112,540847,64763,84159,23797,0.5999018118492719,0.2687104787714544
839,0.195,207,677,207,541524,64086,84366,23590,0.5936307384489977,0.2690588074273461
840,0.1951,149,408,149,541932,63678,84515,23441,0.5898514209492757,0.2690687450498743
841,0.1952,126,333,126,542265,63345,84641,23315,0.58676683093112,0.26903992614816524
842,0.1953,94,345,94,542610,63000,84735,23221,0.5835710845159139,0.2693195393233667
843,0.1954,123,367,123,542977,62633,84858,23098,0.5801715513727815,0.2694241289615192
844,0.1955,169,460,169,543437,62173,85027,22929,0.5759105561525065,0.2694296256257197
845,0.1956,114,314,114,543751,61859,85141,22815,0.5730019637630146,0.26944516616671
846,0.1957,88,242,88,543993,61617,85229,22727,0.5707603097558265,0.26945603718106803
847,0.1958,169,489,169,544482,61128,85398,22558,0.5662306865760125,0.26955524221494637
848,0.1959,68,227,68,544709,60901,85466,22490,0.5641279780651377,0.26969337218644696
849,0.196,412,1294,412,546003,59607,85878,22078,0.5521416132498426,0.27028218155108036
850,0.1961,195,558,195,546561,59049,86073,21883,0.5469728407869873,0.2703874857905402
851,0.1962,313,844,313,547405,58205,86386,21570,0.5391548408610916,0.27038545910372924
852,0.1963,288,945,288,548350,57260,86674,21282,0.5304012745933528,0.27096330625652515
853,0.1964,432,1296,432,549646,55964,87106,20850,0.5183963837118826,0.2714348946806572
854,0.1965,213,700,213,550346,55264,87319,20637,0.5119122605505947,0.2718936509400403
855,0.1966,164,461,164,550807,54803,87483,20473,0.5076420022972322,0.27197247462670704
856,0.1967,332,1179,332,551986,53624,87815,20141,0.49672088628700584,0.27304277096183827
857,0.1968,238,671,238,552657,52953,88053,19903,0.490505391085257,0.2731827165916328
858,0.1969,199,516,199,553173,52437,88252,19704,0.485725666012079,0.2731317835904687
859,0.197,65,271,65,553444,52166,88317,19639,0.4832153840453518,0.2735046305967551
860,0.1971,208,588,208,554032,51578,88525,19431,0.47776872058986997,0.2736413694038784
861,0.1972,180,531,180,554563,51047,88705,19251,0.47285005002037866,0.27384847364078635
862,0.1973,210,599,210,555162,50448,88915,19041,0.4673014932009337,0.27401459223762037
863,0.1974,383,1042,383,556204,49406,89298,18658,0.45764941272370224,0.27412435354960035
864,0.1975,144,382,144,556586,49024,89442,18514,0.45411093408425657,0.2741271580443602
865,0.1976,158,558,158,557144,48466,89600,18356,0.4489421616214013,0.2746999491185538
866,0.1977,215,652,215,557796,47814,89815,18141,0.44290266404831596,0.2750511712531271
867,0.1978,428,1286,428,559082,46528,90243,17713,0.4309904034977213,0.2757273392381812
868,0.1979,1016,3331,1016,562413,43197,91259,16697,0.4001352402830783,0.2787758373125856
869,0.198,173,531,173,562944,42666,91432,16524,0.39521656971358704,0.2791687785098834
870,0.1981,995,3256,995,566200,39410,92427,15529,0.36505613398051057,0.2826589490161816
871,0.1982,233,730,233,566930,38680,92660,15296,0.35829411982659604,0.28338520824069957
872,0.1983,264,791,264,567721,37889,92924,15032,0.35096706065434063,0.2840460308762117
873,0.1984,484,1549,484,569270,36340,93408,14548,0.3366186224017192,0.2858827228423204
874,0.1985,322,784,322,570054,35556,93730,14226,0.3293564044610767,0.28576593949620344
875,0.1986,184,561,184,570615,34995,93914,14042,0.3241598428989588,0.28635520117462326
876,0.1987,300,859,300,571474,34136,94214,13742,0.3162028974767498,0.28702117882952505
877,0.1988,272,799,272,572273,33337,94486,13470,0.308801734039794,0.28777746918195996
878,0.1989,211,584,211,572857,32753,94697,13259,0.3033921227166623,0.2881639572285491
879,0.199,398,976,398,573833,31777,95095,12861,0.29435140242320945,0.28811774721089656
880,0.1991,157,456,157,574289,31321,95252,12704,0.2901274593352847,0.2885633162975582
881,0.1992,126,297,126,574586,31024,95378,12578,0.28737633850828115,0.28847300582542085
882,0.1993,178,510,178,575096,30514,95556,12400,0.28265219163362854,0.2889499930092744
883,0.1994,155,381,155,575477,30133,95711,12245,0.2791229760272704,0.28894709519090095
884,0.1995,288,702,288,576179,29431,95999,11957,0.27262032679980736,0.2889001642988306
885,0.1996,107,306,107,576485,29125,96106,11850,0.26978583867501577,0.2892007321537523
886,0.1997,343,1100,343,577585,28025,96449,11507,0.2595965022787061,0.29108064352929275
887,0.1998,243,689,243,578274,27336,96692,11264,0.2532142724813813,0.2918134715025907
888,0.1999,197,459,197,578733,26877,96889,11067,0.24896254029419393,0.2916666666666667
889,0.2,331,1092,331,579825,25785,97220,10736,0.23884730816258476,0.2939678541113332
890,0.2001,365,803,365,580628,24982,97585,10371,0.23140909259327874,0.29335558509886006
891,0.2002,187,562,187,581190,24420,97772,10184,0.22620326799807328,0.29430123685123105
892,0.2003,317,777,317,581967,23643,98089,9867,0.21900589128904369,0.294449418084154
893,0.2004,174,514,174,582481,23129,98263,9693,0.21424469228204082,0.29532021205289133
894,0.2005,181,492,181,582973,22637,98444,9512,0.20968728000296416,0.29587234439640425
895,0.2006,97,249,97,583222,22388,98541,9415,0.2073807847641632,0.2960412539697513
896,0.2007,82,248,82,583470,22140,98623,9333,0.20508355255844973,0.29653989133543035
897,0.2008,183,461,183,583931,21679,98806,9150,0.20081329430508726,0.29679846897401796
898,0.2009,72,183,72,584114,21496,98878,9078,0.19911815925006485,0.29691895074246094
899,0.201,97,290,97,584404,21206,98975,8981,0.19643187965467412,0.2975121741146851
900,0.2011,62,161,62,584565,21045,99037,8919,0.1949405313275779,0.2976571886263516
901,0.2012,154,323,154,584888,20722,99191,8765,0.1919485716402979,0.2972496354325635
902,0.2013,68,130,68,585018,20592,99259,8697,0.19074437733891586,0.2969374167776298
903,0.2014,80,185,80,585203,20407,99339,8617,0.18903071621771833,0.2968922271223815
904,0.2015,36,142,36,585345,20265,99375,8581,0.18771536551928564,0.29747625320668375
905,0.2016,71,176,71,585521,20089,99446,8510,0.1860850716958761,0.2975628518479667
906,0.2017,136,319,136,585840,19770,99582,8374,0.18313016414094632,0.2975412166003411
907,0.2018,84,232,84,586072,19538,99666,8290,0.18098114046463373,0.2979013942791433
908,0.2019,113,285,113,586357,19253,99779,8177,0.1783411760346808,0.2981042654028436
909,0.202,184,581,184,586938,18672,99963,7993,0.17295935381081182,0.2997562347646728
910,0.2021,52,153,52,587091,18519,100015,7941,0.17154210974841602,0.30011337868480725
911,0.2022,154,384,154,587475,18135,100169,7787,0.1679851050427952,0.3004012036108325
912,0.2023,141,345,141,587820,17790,100310,7646,0.164789358627589,0.30059757823557165
913,0.2024,89,263,89,588083,17527,100399,7557,0.16235318092556228,0.30126774039228194
914,0.2025,103,257,103,588340,17270,100502,7454,0.15997258142206083,0.3014884322925093
915,0.2026,77,243,77,588583,17027,100579,7377,0.15772166438178517,0.3022865104081298
916,0.2027,126,366,126,588949,16661,100705,7251,0.15433139427174034,0.30323686851789894
917,0.2028,60,200,60,589149,16461,100765,7191,0.1524787876542295,0.3040334855403349
918,0.2029,30,75,30,589224,16386,100795,7161,0.15178406017266294,0.30411517390750414
919,0.203,154,456,154,589680,15930,100949,7007,0.14756011708473823,0.30548894798796705
920,0.2031,111,267,111,589947,15663,101060,6896,0.14508688725036126,0.3056873088346115
921,0.2032,190,578,190,590525,15085,101250,6706,0.13973285412575492,0.30774172823642787
922,0.2033,78,191,78,590716,14894,101328,6628,0.1379636148060321,0.3079639438713874
923,0.2034,167,394,167,591110,14500,101495,6461,0.13431397976953574,0.3082391107294499
924,0.2035,56,99,56,591209,14401,101551,6405,0.13339693949386788,0.30784389118523503
925,0.2036,84,193,84,591402,14208,101635,6321,0.1316091741079699,0.30790588922986994
926,0.2037,94,211,94,591613,13997,101729,6227,0.12965467412649598,0.30790150316455694
927,0.2038,115,265,115,591878,13732,101844,6112,0.1271999703582941,0.3080024188671639
928,0.2039,84,213,84,592091,13519,101928,6028,0.12522694431064507,0.30838491840180077
929,0.204,138,431,138,592522,13088,102066,5890,0.12123457704990923,0.31035936347349563
930,0.2041,119,314,119,592836,12774,102185,5771,0.1183259846604172,0.31118899973038555
931,0.2042,235,632,235,593468,12142,102420,5536,0.11247174774908296,0.3131575970132368
932,0.2043,91,209,91,593677,11933,102511,5445,0.11053577383378413,0.3133271953044079
933,0.2044,27,61,27,593738,11872,102538,5418,0.10997072881544333,0.3133603238866397
934,0.2045,106,296,106,594034,11576,102644,5312,0.10722887102152728,0.31454287067740405
935,0.2046,134,351,134,594385,11225,102778,5178,0.10397754640779577,0.3156739620801073
936,0.2047,113,270,113,594655,10955,102891,5065,0.10147652747415614,0.316167290886392
937,0.2048,138,308,138,594963,10647,103029,4927,0.09862351328318945,0.31636060100166946
938,0.2049,76,173,76,595136,10474,103105,4851,0.09702100855904257,0.3165415986949429
939,0.205,50,133,50,595269,10341,103155,4801,0.09578902515839786,0.31706511689340905
940,0.2051,73,159,73,595428,10182,103228,4728,0.09431620289747675,0.317102615694165
941,0.2052,107,298,107,595726,9884,103335,4621,0.0915558190373856,0.31857980006894177
942,0.2053,45,94,45,595820,9790,103380,4576,0.09068509392715551,0.31852986217457885
943,0.2054,63,176,63,595996,9614,103443,4513,0.08905480010374597,0.3194591916188858
944,0.2055,50,107,50,596103,9507,103493,4463,0.08806365556337767,0.3194702934860415
945,0.2056,5,28,5,596131,9479,103498,4458,0.08780429063692616,0.3198679773265409
946,0.2057,6,14,6,596145,9465,103504,4452,0.0876746081737004,0.3198965294244449
947,0.2058,61,157,61,596302,9308,103565,4391,0.08622031197895438,0.3205343455726695
948,0.2059,71,152,71,596454,9156,103636,4320,0.08481233094964616,0.3205699020480855
949,0.206,32,114,32,596568,9042,103668,4288,0.08375634517766498,0.32168042010502623
950,0.2061,19,67,19,596635,8975,103687,4269,0.08313572196079884,0.32233464210208396
951,0.2062,100,259,100,596894,8716,103787,4169,0.08073659639112231,0.32355452076057434
952,0.2063,56,118,56,597012,8598,103843,4113,0.07964355848679092,0.3235780033042247
953,0.2064,68,165,68,597177,8433,103911,4045,0.07811515802734448,0.32417054015066515
954,0.2065,121,318,121,597495,8115,104032,3924,0.07516951350550224,0.32594069274856713
955,0.2066,14,65,14,597560,8050,104046,3910,0.07456741635481122,0.3269230769230769
956,0.2067,91,186,91,597746,7864,104137,3819,0.07284449220052613,0.3268852178378841
957,0.2068,35,91,35,597837,7773,104172,3784,0.07200155618955871,0.3274206108851778
958,0.2069,23,53,23,597890,7720,104195,3761,0.07151061543591834,0.32758470516505533
959,0.207,38,87,38,597977,7633,104233,3723,0.07070473155730113,0.3278443113772455
960,0.2071,17,55,17,598032,7578,104250,3706,0.07019526473748565,0.32842963488124777
961,0.2072,67,136,67,598168,7442,104317,3639,0.06893549223757828,0.3283999639021749
962,0.2073,30,54,30,598222,7388,104347,3609,0.06843528845085034,0.32818041283986543
963,0.2074,66,143,66,598365,7245,104413,3543,0.06711067471933009,0.32842046718576196
964,0.2075,22,72,22,598437,7173,104435,3521,0.0664437363370262,0.3292500467551898
965,0.2076,45,84,45,598521,7089,104480,3476,0.06566564155767164,0.3290108849976337
966,0.2077,46,69,46,598590,7020,104526,3430,0.0650264922746304,0.3282296650717703
967,0.2078,86,157,86,598747,6863,104612,3344,0.0635721960798844,0.32761830116586654
968,0.2079,42,68,42,598815,6795,104654,3302,0.06294230982993071,0.32702783004852926
969,0.208,111,190,111,599005,6605,104765,3191,0.061182333543295414,0.32574520212331565
970,0.2081,37,68,37,599073,6537,104802,3154,0.060552447293341735,0.32545660922505415
971,0.2082,41,86,41,599159,6451,104843,3113,0.05975582644781207,0.325491426181514
972,0.2083,66,108,66,599267,6343,104909,3047,0.058755418874356216,0.3244941427050053
973,0.2084,39,96,39,599363,6247,104948,3008,0.05786616769795102,0.3250135062128579
974,0.2085,58,90,58,599453,6157,105006,2950,0.05703249472007114,0.32392664982980124
975,0.2086,41,81,41,599534,6076,105047,2909,0.05628218903997925,0.32376182526432945
976,0.2087,39,63,39,599597,6013,105086,2870,0.05569861795546334,0.32308904649330183
977,0.2088,37,77,37,599674,5936,105123,2833,0.054985364407721664,0.32306990534838637
978,0.2089,40,46,40,599720,5890,105163,2793,0.054559264885694174,0.32166301969365424
979,0.209,47,79,47,599799,5811,105210,2746,0.053827485271777394,0.32090685988079937
980,0.2091,27,64,27,599863,5747,105237,2719,0.053234651154173925,0.32116702102527755
981,0.2092,42,80,42,599943,5667,105279,2677,0.05249360850716959,0.3208293384467881
982,0.2093,25,60,25,600003,5607,105304,2652,0.051937826521916336,0.32110424990918995
983,0.2094,16,30,16,600033,5577,105320,2636,0.05165993552928971,0.32095458419578715
984,0.2095,15,34,15,600067,5543,105335,2621,0.05134499240431287,0.32104360607545324
985,0.2096,25,56,25,600123,5487,105360,2596,0.05082626255140983,0.32116788321167883
986,0.2097,70,123,70,600246,5364,105430,2526,0.049686909481640666,0.32015209125475286
987,0.2098,14,47,14,600293,5317,105444,2512,0.04925154692652562,0.3208583471707753
988,0.2099,49,78,49,600371,5239,105493,2463,0.048529030345696396,0.31978706829394965
989,0.21,16,42,16,600413,5197,105509,2447,0.048139982956019116,0.32012035583464155
990,0.2101,20,42,20,600455,5155,105529,2427,0.04775093556634184,0.3201002374043788
991,0.2102,31,61,31,600516,5094,105560,2396,0.047185890548001035,0.3198931909212283
992,0.2103,32,78,32,600594,5016,105592,2364,0.04646337396717181,0.3203252032520325
993,0.2104,29,31,29,600625,4985,105621,2335,0.04617621994145763,0.31898907103825136
994,0.2105,23,43,23,600668,4942,105644,2312,0.0457779095186928,0.31872070581748
995,0.2106,34,68,34,600736,4874,105678,2278,0.04514802326873912,0.31851230425055926
996,0.2107,78,179,78,600915,4695,105756,2200,0.043489940346066916,0.31907179115300943
997,0.2108,35,127,35,601042,4568,105791,2165,0.042313535143947534,0.3215505718104857
998,0.2109,60,122,60,601164,4446,105851,2105,0.041183445107265924,0.3213249885513662
999,0.211,103,239,103,601403,4207,105954,2002,0.03896958019934047,0.322435174746336
1000,0.2111,97,262,97,601665,3945,106051,1905,0.03654266553040127,0.32564102564102565
1001,0.2112,65,133,65,601798,3812,106116,1840,0.03531068212975657,0.32554847841472045
1002,0.2113,26,44,26,601842,3768,106142,1814,0.034903108673904185,0.32497312791114297
1003,0.2114,38,88,38,601930,3680,106180,1776,0.034087961762199415,0.3255131964809384
1004,0.2115,49,79,49,602009,3601,106229,1727,0.033356182148282634,0.3241366366366366
1005,0.2116,23,39,23,602048,3562,106252,1704,0.03299492385786802,0.32358526395746295
1006,0.2117,51,114,51,602162,3448,106303,1653,0.03193893808588684,0.3240541070378357
1007,0.2118,61,103,61,602265,3345,106364,1592,0.03098484567786876,0.32246303423131456
1008,0.2119,54,104,54,602369,3241,106418,1538,0.030021490236763124,0.32182464950826534
1009,0.212,65,129,65,602498,3112,106483,1473,0.028826558968468634,0.3212649945474373
1010,0.2121,60,94,60,602592,3018,106543,1413,0.027955833858238542,0.3188896411645227
1011,0.2122,35,55,35,602647,2963,106578,1378,0.027446367038423063,0.31743837825385857
1012,0.2123,31,46,31,602693,2917,106609,1347,0.02702026751639557,0.31590056285178236
1013,0.2124,49,119,49,602812,2798,106658,1298,0.02591796657897662,0.31689453125
1014,0.2125,80,213,80,603025,2585,106738,1218,0.023944940531327577,0.32027346831448855
1015,0.2126,62,130,62,603155,2455,106800,1156,0.022740746229945534,0.32013292716698977
1016,0.2127,93,211,93,603366,2244,106893,1063,0.0207862462484716,0.32143937103114606
1017,0.2128,16,29,16,603395,2215,106909,1047,0.02051761828893253,0.32096873083997546
1018,0.2129,65,117,65,603512,2098,106974,982,0.01943384341768869,0.31883116883116885
1019,0.213,23,35,23,603547,2063,106997,959,0.019109637259624293,0.3173395102581072
1020,0.2131,37,81,37,603628,1982,107034,922,0.0183593315795324,0.3174931129476584
1021,0.2132,29,48,29,603676,1934,107063,893,0.017914705991329802,0.3158825610187478
1022,0.2133,6,6,6,603682,1928,107069,887,0.017859127792804477,0.31509769094138546
1023,0.2134,43,90,43,603772,1838,107112,844,0.0170254548149246,0.31469052945563014
1024,0.2135,5,25,5,603797,1813,107117,839,0.016793878987735746,0.3163650075414781
1025,0.2136,19,32,19,603829,1781,107136,820,0.01649746192893401,0.3152633602460592
1026,0.2137,45,114,45,603943,1667,107181,775,0.015441476156952832,0.31736281736281735
1027,0.2138,9,12,9,603955,1655,107190,766,0.015330319759902183,0.3163981825691863
1028,0.2139,9,28,9,603983,1627,107199,757,0.015070954833450665,0.3175335570469799
1029,0.214,20,55,20,604038,1572,107219,737,0.014561488013635184,0.3191857947163274
1030,0.2141,13,17,13,604055,1555,107232,724,0.014404016451146763,0.3176831943835015
1031,0.2142,49,87,49,604142,1468,107281,675,0.013598132572529549,0.3149790013999067
1032,0.2143,11,9,11,604151,1459,107292,664,0.01351476527474156,0.3127649552520019
1033,0.2144,8,18,8,604169,1441,107300,656,0.013348030679165585,0.312827849308536
1034,0.2145,65,160,65,604329,1281,107365,591,0.011865945385156916,0.3157051282051282
1035,0.2146,4,18,4,604347,1263,107369,587,0.01169921078958094,0.3172972972972973
1036,0.2147,16,41,16,604388,1222,107385,571,0.011319426432991218,0.3184606804238706
1037,0.2148,26,38,26,604426,1184,107411,545,0.01096743117566416,0.3152111046847889
1038,0.2149,24,64,24,604490,1120,107435,521,0.010374597058060691,0.3174893357708714
1039,0.215,29,51,29,604541,1069,107464,492,0.009902182370595428,0.31518257527226134
1040,0.2151,21,44,21,604585,1025,107485,471,0.009494608914743043,0.31483957219251335
1041,0.2152,48,101,48,604686,924,107533,423,0.00855904257290007,0.31403118040089084
1042,0.2153,9,38,9,604724,886,107542,414,0.00820704731557301,0.31846153846153846
1043,0.2154,37,52,37,604776,834,107579,377,0.007725369595020193,0.31131296449215523
1044,0.2155,11,37,11,604813,797,107590,366,0.007382637370780688,0.31470335339638866
1045,0.2156,4,6,4,604819,791,107594,362,0.007327059172255363,0.3139635732870772
1046,0.2157,8,15,8,604834,776,107602,354,0.00718811367594205,0.31327433628318585
1047,0.2158,24,27,24,604861,749,107626,330,0.006938011782578087,0.30583873957367935
1048,0.2159,6,9,6,604870,740,107632,324,0.0068546444847901,0.30451127819548873
1049,0.216,19,57,19,604927,683,107651,305,0.006326651598799511,0.30870445344129555
1050,0.2161,50,95,50,605022,588,107701,255,0.005446663455481863,0.302491103202847
1051,0.2162,7,19,7,605041,569,107708,248,0.005270665826818333,0.30354957160342716
1052,0.2163,21,32,21,605073,537,107729,227,0.0049742487680166,0.29712041884816753
1053,0.2164,17,37,17,605110,500,107746,210,0.004631516543777094,0.29577464788732394
1054,0.2165,26,62,26,605172,438,107772,184,0.004057208492348734,0.2958199356913183
1055,0.2166,17,24,17,605196,414,107789,167,0.0038348956982474343,0.2874354561101549
1056,0.2167,19,60,19,605256,354,107808,148,0.003279113712994183,0.2948207171314741
1057,0.2168,65,162,65,605418,192,107873,83,0.0017785023528104043,0.3018181818181818
1058,0.2169,4,1,4,605419,191,107877,79,0.0017692393197228501,0.29259259259259257
1059,0.217,1,2,1,605421,189,107878,78,0.0017507132535477417,0.29213483146067415
1060,0.2171,10,22,10,605443,167,107888,68,0.0015469265256215494,0.28936170212765955
1061,0.2172,2,12,2,605455,155,107890,66,0.0014357701285708992,0.2986425339366516
1062,0.2173,29,90,29,605545,65,107919,37,0.0006020971506910223,0.3627450980392157
1063,0.2174,6,19,6,605564,46,107925,31,0.00042609952202749267,0.4025974025974026
1064,0.2175,0,2,0,605566,44,107925,31,0.0004075734558523843,0.41333333333333333
1065,0.2176,0,4,0,605570,40,107925,31,0.00037052132350216756,0.43661971830985913
1066,0.2177,0,1,0,605571,39,107925,31,0.00036125829041461335,0.44285714285714284
1067,0.2178,1,1,1,605572,38,107926,30,0.00035199525732705915,0.4411764705882353
1068,0.2179,7,7,7,605579,31,107933,23,0.00028715402571417983,0.42592592592592593
1069,0.218,2,3,2,605582,28,107935,21,0.0002593649264515173,0.42857142857142855
1070,0.2181,2,4,2,605586,24,107937,19,0.00022231279410130054,0.4418604651162791
1071,0.2182,0,1,0,605587,23,107937,19,0.00021304976101374634,0.4523809523809524
1072,0.2184,2,5,2,605592,18,107939,17,0.0001667345955759754,0.4857142857142857
1073,0.2185,1,7,1,605599,11,107940,16,0.00010189336396309608,0.5925925925925926
1074,0.2187,1,0,1,605599,11,107941,15,0.00010189336396309608,0.5769230769230769
1075,0.2188,1,0,1,605599,11,107942,14,0.00010189336396309608,0.56
1076,0.219,2,4,2,605603,7,107944,12,6.484123161287932e-05,0.631578947368421
1077,0.2191,5,6,5,605609,1,107949,7,9.263033087554189e-06,0.875
1078,0.2195,1,0,1,605609,1,107950,6,9.263033087554189e-06,0.8571428571428571
1079,0.2196,6,1,6,605610,0,107956,0,0.0,
