p,Neg,Pos,$\frac{\text{Pos}}{\text{Neg}+\text{Pos}}$,TN,FP,FN,TP,Prec,Rec,$\frac{\text{FP}}{\text{P}}$
0.0,69,2,0.03,69,"605,541",2,"107,954",0.15,1.00,5.61
0.01,"2,504",91,0.04,"2,573","603,037",93,"107,863",0.15,1.00,5.59
0.02,"5,569",208,0.04,"8,142","597,468",301,"107,655",0.15,1.00,5.53
0.03,"16,470",793,0.05,"24,612","580,998","1,094","106,862",0.16,0.99,5.38
0.04,"19,338","1,127",0.06,"43,950","561,660","2,221","105,735",0.16,0.98,5.20
0.05,"19,743","1,206",0.06,"63,693","541,917","3,427","104,529",0.16,0.97,5.02
0.06,"9,413",686,0.07,"73,106","532,504","4,113","103,843",0.16,0.96,4.93
0.07,"10,650",871,0.08,"83,756","521,854","4,984","102,972",0.16,0.95,4.83
0.08,"6,509",575,0.08,"90,265","515,345","5,559","102,397",0.17,0.95,4.77
0.09,"2,787",281,0.09,"93,052","512,558","5,840","102,116",0.17,0.95,4.75
0.1,696,85,0.11,"93,748","511,862","5,925","102,031",0.17,0.95,4.74
0.11,161,20,0.11,"93,909","511,701","5,945","102,011",0.17,0.94,4.74
0.12,1,0,0.00,"93,910","511,700","5,945","102,011",0.17,0.94,4.74
0.13,83,8,0.09,"93,993","511,617","5,953","102,003",0.17,0.94,4.74
0.14,"2,385",157,0.06,"96,378","509,232","6,110","101,846",0.17,0.94,4.72
0.15,"3,695",234,0.06,"100,073","505,537","6,344","101,612",0.17,0.94,4.68
0.16,"1,457",117,0.07,"101,530","504,080","6,461","101,495",0.17,0.94,4.67
0.17,"3,824",345,0.08,"105,354","500,256","6,806","101,150",0.17,0.94,4.63
0.18,"8,711",646,0.07,"114,065","491,545","7,452","100,504",0.17,0.93,4.55
0.19,"6,697",672,0.09,"120,762","484,848","8,124","99,832",0.17,0.92,4.49
0.2,"4,753",425,0.08,"125,515","480,095","8,549","99,407",0.17,0.92,4.45
0.21,"9,845",958,0.09,"135,360","470,250","9,507","98,449",0.17,0.91,4.36
0.22,"9,428",954,0.09,"144,788","460,822","10,461","97,495",0.17,0.90,4.27
0.23,"7,150",764,0.10,"151,938","453,672","11,225","96,731",0.18,0.90,4.20
0.24,"3,009",348,0.10,"154,947","450,663","11,573","96,383",0.18,0.89,4.17
0.25,"3,601",545,0.13,"158,548","447,062","12,118","95,838",0.18,0.89,4.14
0.26,"2,860",398,0.12,"161,408","444,202","12,516","95,440",0.18,0.88,4.11
0.27,"2,855",333,0.10,"164,263","441,347","12,849","95,107",0.18,0.88,4.09
0.28,"2,784",392,0.12,"167,047","438,563","13,241","94,715",0.18,0.88,4.06
0.29,"3,414",486,0.12,"170,461","435,149","13,727","94,229",0.18,0.87,4.03
0.3,"10,045","1,090",0.10,"180,506","425,104","14,817","93,139",0.18,0.86,3.94
0.31,"7,289",774,0.10,"187,795","417,815","15,591","92,365",0.18,0.86,3.87
0.32,"5,690",669,0.11,"193,485","412,125","16,260","91,696",0.18,0.85,3.82
0.33,"16,631","1,947",0.10,"210,116","395,494","18,207","89,749",0.18,0.83,3.66
0.34,"16,824","2,093",0.11,"226,940","378,670","20,300","87,656",0.19,0.81,3.51
0.35,"18,401","2,458",0.12,"245,341","360,269","22,758","85,198",0.19,0.79,3.34
0.36,"12,242","1,691",0.12,"257,583","348,027","24,449","83,507",0.19,0.77,3.22
0.37,"7,509","1,121",0.13,"265,092","340,518","25,570","82,386",0.19,0.76,3.15
0.38,"22,251","3,392",0.13,"287,343","318,267","28,962","78,994",0.20,0.73,2.95
0.39,"25,851","4,126",0.14,"313,194","292,416","33,088","74,868",0.20,0.69,2.71
0.4,"20,888","3,372",0.14,"334,082","271,528","36,460","71,496",0.21,0.66,2.52
0.41,"14,849","2,777",0.16,"348,931","256,679","39,237","68,719",0.21,0.64,2.38
0.42,"13,910","2,519",0.15,"362,841","242,769","41,756","66,200",0.21,0.61,2.25
0.43,"14,713","2,613",0.15,"377,554","228,056","44,369","63,587",0.22,0.59,2.11
0.44,"16,973","3,168",0.16,"394,527","211,083","47,537","60,419",0.22,0.56,1.96
0.45,"20,278","3,952",0.16,"414,805","190,805","51,489","56,467",0.23,0.52,1.77
0.46,"14,781","3,114",0.17,"429,586","176,024","54,603","53,353",0.23,0.49,1.63
0.47,"9,485","1,842",0.16,"439,071","166,539","56,445","51,511",0.24,0.48,1.54
0.48,"9,596","2,193",0.19,"448,667","156,943","58,638","49,318",0.24,0.46,1.45
0.49,"6,099","1,413",0.19,"454,766","150,844","60,051","47,905",0.24,0.44,1.40
0.5,"4,743","1,010",0.18,"459,509","146,101","61,061","46,895",0.24,0.43,1.35
0.51,"11,350","2,411",0.18,"470,859","134,751","63,472","44,484",0.25,0.41,1.25
0.52,"7,516","1,772",0.19,"478,375","127,235","65,244","42,712",0.25,0.40,1.18
0.53,"4,384","1,138",0.21,"482,759","122,851","66,382","41,574",0.25,0.39,1.14
0.54,"3,786","1,039",0.22,"486,545","119,065","67,421","40,535",0.25,0.38,1.10
0.55,"2,584",735,0.22,"489,129","116,481","68,156","39,800",0.25,0.37,1.08
0.56,"2,734",657,0.19,"491,863","113,747","68,813","39,143",0.26,0.36,1.05
0.57,"1,453",408,0.22,"493,316","112,294","69,221","38,735",0.26,0.36,1.04
0.58,"2,259",682,0.23,"495,575","110,035","69,903","38,053",0.26,0.35,1.02
0.59,"1,938",693,0.26,"497,513","108,097","70,596","37,360",0.26,0.35,1.00
0.6,965,407,0.30,"498,478","107,132","71,003","36,953",0.26,0.34,0.99
0.61,955,381,0.29,"499,433","106,177","71,384","36,572",0.26,0.34,0.98
0.62,557,223,0.29,"499,990","105,620","71,607","36,349",0.26,0.34,0.98
0.63,"1,035",281,0.21,"501,025","104,585","71,888","36,068",0.26,0.33,0.97
0.64,865,215,0.20,"501,890","103,720","72,103","35,853",0.26,0.33,0.96
0.65,"1,825",535,0.23,"503,715","101,895","72,638","35,318",0.26,0.33,0.94
0.66,"2,871",927,0.24,"506,586","99,024","73,565","34,391",0.26,0.32,0.92
0.67,"4,323","1,216",0.22,"510,909","94,701","74,781","33,175",0.26,0.31,0.88
0.68,"4,745","1,367",0.22,"515,654","89,956","76,148","31,808",0.26,0.29,0.83
0.69,"6,384","2,073",0.25,"522,038","83,572","78,221","29,735",0.26,0.28,0.77
0.7,"4,822","1,573",0.25,"526,860","78,750","79,794","28,162",0.26,0.26,0.73
0.71,"3,461","1,315",0.28,"530,321","75,289","81,109","26,847",0.26,0.25,0.70
0.72,"1,591",617,0.28,"531,912","73,698","81,726","26,230",0.26,0.24,0.68
0.73,"1,277",441,0.26,"533,189","72,421","82,167","25,789",0.26,0.24,0.67
0.74,"2,742",885,0.24,"535,931","69,679","83,052","24,904",0.26,0.23,0.65
0.75,"4,505","1,274",0.22,"540,436","65,174","84,326","23,630",0.27,0.22,0.60
0.76,"8,722","2,665",0.23,"549,158","56,452","86,991","20,965",0.27,0.19,0.52
0.77,"9,994","3,097",0.24,"559,152","46,458","90,088","17,868",0.28,0.17,0.43
0.78,"9,015","2,969",0.25,"568,167","37,443","93,057","14,899",0.28,0.14,0.35
0.79,"6,170","2,241",0.27,"574,337","31,273","95,298","12,658",0.29,0.12,0.29
0.8,"4,951","1,816",0.27,"579,288","26,322","97,114","10,842",0.29,0.10,0.24
0.81,"3,765","1,425",0.27,"583,053","22,557","98,539","9,417",0.29,0.09,0.21
0.82,"3,558","1,288",0.27,"586,611","18,999","99,827","8,129",0.30,0.08,0.18
0.83,"3,553","1,332",0.27,"590,164","15,446","101,159","6,797",0.31,0.06,0.14
0.84,"3,216","1,252",0.28,"593,380","12,230","102,411","5,545",0.31,0.05,0.11
0.85,"2,256",936,0.29,"595,636","9,974","103,347","4,609",0.32,0.04,0.09
0.86,"1,720",759,0.31,"597,356","8,254","104,106","3,850",0.32,0.04,0.08
0.87,"1,093",504,0.32,"598,449","7,161","104,610","3,346",0.32,0.03,0.07
0.88,731,294,0.29,"599,180","6,430","104,904","3,052",0.32,0.03,0.06
0.89,938,452,0.33,"600,118","5,492","105,356","2,600",0.32,0.02,0.05
0.9,"1,124",561,0.33,"601,242","4,368","105,917","2,039",0.32,0.02,0.04
0.91,843,429,0.34,"602,085","3,525","106,346","1,610",0.31,0.01,0.03
0.92,481,224,0.32,"602,566","3,044","106,570","1,386",0.31,0.01,0.03
0.93,299,113,0.27,"602,865","2,745","106,683","1,273",0.32,0.01,0.03
0.94,418,200,0.32,"603,283","2,327","106,883","1,073",0.32,0.01,0.02
0.95,598,246,0.29,"603,881","1,729","107,129",827,0.32,0.01,0.02
0.96,676,334,0.33,"604,557","1,053","107,463",493,0.32,0.00,0.01
0.97,526,209,0.28,"605,083",527,"107,672",284,0.35,0.00,0.00
0.98,233,91,0.28,"605,316",294,"107,763",193,0.40,0.00,0.00
0.99,189,116,0.38,"605,505",105,"107,879",77,0.42,0.00,0.00
1.0,105,77,0.42,"605,610",0,"107,956",0,nan,0.00,0.00
