p,Neg,Pos,$\frac{\text{Pos}}{\text{Neg}+\text{Pos}}$,TN,FP,FN,TP,Prec,Rec,$\frac{\text{FP}}{\text{P}}$
0.0,1,0,0.00,1,"605,609",0,"107,956",0.15,1.00,5.61
0.1,"101,804","5,864",0.05,"101,805","503,805","5,864","102,092",0.17,0.95,4.67
0.2,"76,581","6,851",0.08,"178,386","427,224","12,715","95,241",0.18,0.88,3.96
0.3,"266,417","40,483",0.13,"444,803","160,807","53,198","54,758",0.25,0.51,1.49
0.4,"84,171","19,296",0.19,"528,974","76,636","72,494","35,462",0.32,0.33,0.71
0.5,"38,219","12,517",0.25,"567,193","38,417","85,011","22,945",0.37,0.21,0.36
0.6,"15,478","6,690",0.30,"582,671","22,939","91,701","16,255",0.41,0.15,0.21
0.7,"14,100","8,576",0.38,"596,771","8,839","100,277","7,679",0.46,0.07,0.08
0.8,"6,794","5,693",0.46,"603,565","2,045","105,970","1,986",0.49,0.02,0.02
0.9,"1,948","1,862",0.49,"605,513",97,"107,832",124,0.56,0.00,0.00
1.0,97,124,0.56,"605,610",0,"107,956",0,nan,0.00,0.00
