,min,max,Neg,Pos,$\frac{\text{Pos}}{\text{Neg}+\text{Pos}}$,TN,FP,FN,TP,Prec,Rec,FP/P
0,0.10215,0.12044,"41,954","1,082",0.0251,"41,954","563,656","1,082","106,874",0.1594,0.9900,5.2212
1,0.12044,0.12458,"38,132","1,600",0.0403,"80,086","525,524","2,682","105,274",0.1669,0.9752,4.8679
2,0.12458,0.12721,"30,235","1,600",0.0503,"110,321","495,289","4,282","103,674",0.1731,0.9603,4.5879
3,0.12721,0.12937,"25,544","1,600",0.0589,"135,865","469,745","5,882","102,074",0.1785,0.9455,4.3513
4,0.12937,0.13093,"21,779","1,600",0.0684,"157,644","447,966","7,482","100,474",0.1832,0.9307,4.1495
5,0.13093,0.13230,"20,353","1,601",0.0729,"177,997","427,613","9,083","98,873",0.1878,0.9159,3.9610
6,0.13230,0.13344,"19,063","1,600",0.0774,"197,060","408,550","10,683","97,273",0.1923,0.9010,3.7844
7,0.13344,0.13446,"18,753","1,600",0.0786,"215,813","389,797","12,283","95,673",0.1971,0.8862,3.6107
8,0.13446,0.13530,"16,357","1,600",0.0891,"232,170","373,440","13,883","94,073",0.2012,0.8714,3.4592
9,0.13530,0.13611,"15,619","1,600",0.0929,"247,789","357,821","15,483","92,473",0.2054,0.8566,3.3145
10,0.13611,0.13688,"14,228","1,600",0.1011,"262,017","343,593","17,083","90,873",0.2092,0.8418,3.1827
11,0.13688,0.13759,"13,159","1,601",0.1085,"275,176","330,434","18,684","89,272",0.2127,0.8269,3.0608
12,0.13759,0.13828,"12,895","1,600",0.1104,"288,071","317,539","20,284","87,672",0.2164,0.8121,2.9414
13,0.13828,0.13890,"11,633","1,600",0.1209,"299,704","305,906","21,884","86,072",0.2196,0.7973,2.8336
14,0.13890,0.13955,"11,369","1,600",0.1234,"311,073","294,537","23,484","84,472",0.2229,0.7825,2.7283
15,0.13955,0.14018,"10,412","1,600",0.1332,"321,485","284,125","25,084","82,872",0.2258,0.7676,2.6319
16,0.14018,0.14078,"9,681","1,600",0.1418,"331,166","274,444","26,684","81,272",0.2285,0.7528,2.5422
17,0.14078,0.14135,"8,635","1,602",0.1565,"339,801","265,809","28,286","79,670",0.2306,0.7380,2.4622
18,0.14135,0.14192,"8,564","1,612",0.1584,"348,365","257,245","29,898","78,058",0.2328,0.7231,2.3829
19,0.14192,0.14256,"9,095","1,601",0.1497,"357,460","248,150","31,499","76,457",0.2355,0.7082,2.2986
20,0.14256,0.14321,"8,956","1,600",0.1516,"366,416","239,194","33,099","74,857",0.2384,0.6934,2.2157
21,0.14321,0.14384,"8,265","1,600",0.1622,"374,681","230,929","34,699","73,257",0.2408,0.6786,2.1391
22,0.14384,0.14453,"8,555","1,600",0.1576,"383,236","222,374","36,299","71,657",0.2437,0.6638,2.0599
23,0.14453,0.14521,"8,410","1,600",0.1598,"391,646","213,964","37,899","70,057",0.2467,0.6489,1.9820
24,0.14521,0.14589,"8,122","1,600",0.1646,"399,768","205,842","39,499","68,457",0.2496,0.6341,1.9067
25,0.14589,0.14658,"8,542","1,600",0.1578,"408,310","197,300","41,099","66,857",0.2531,0.6193,1.8276
26,0.14658,0.14726,"8,348","1,600",0.1608,"416,658","188,952","42,699","65,257",0.2567,0.6045,1.7503
27,0.14726,0.14800,"8,365","1,600",0.1606,"425,023","180,587","44,299","63,657",0.2606,0.5897,1.6728
28,0.14800,0.14870,"7,421","1,600",0.1774,"432,444","173,166","45,899","62,057",0.2638,0.5748,1.6040
29,0.14870,0.14941,"7,414","1,602",0.1777,"439,858","165,752","47,501","60,455",0.2673,0.5600,1.5354
30,0.14941,0.15009,"7,067","1,600",0.1846,"446,925","158,685","49,101","58,855",0.2705,0.5452,1.4699
31,0.15009,0.15074,"6,523","1,601",0.1971,"453,448","152,162","50,702","57,254",0.2734,0.5303,1.4095
32,0.15074,0.15146,"6,342","1,600",0.2015,"459,790","145,820","52,302","55,654",0.2762,0.5155,1.3507
33,0.15146,0.15231,"6,568","1,600",0.1959,"466,358","139,252","53,902","54,054",0.2796,0.5007,1.2899
34,0.15231,0.15312,"5,708","1,600",0.2189,"472,066","133,544","55,502","52,454",0.2820,0.4859,1.2370
35,0.15312,0.15399,"6,143","1,600",0.2066,"478,209","127,401","57,102","50,854",0.2853,0.4711,1.1801
36,0.15399,0.15490,"5,507","1,600",0.2251,"483,716","121,894","58,702","49,254",0.2878,0.4562,1.1291
37,0.15490,0.15608,"5,851","1,601",0.2148,"489,567","116,043","60,303","47,653",0.2911,0.4414,1.0749
38,0.15608,0.15736,"5,563","1,600",0.2234,"495,130","110,480","61,903","46,053",0.2942,0.4266,1.0234
39,0.15736,0.15883,"5,912","1,600",0.2130,"501,042","104,568","63,503","44,453",0.2983,0.4118,0.9686
40,0.15883,0.16056,"5,867","1,600",0.2143,"506,909","98,701","65,103","42,853",0.3027,0.3969,0.9143
41,0.16056,0.16260,"5,910","1,600",0.2130,"512,819","92,791","66,703","41,253",0.3078,0.3821,0.8595
42,0.16261,0.16510,"5,726","1,600",0.2184,"518,545","87,065","68,303","39,653",0.3129,0.3673,0.8065
43,0.16510,0.16832,"6,168","1,600",0.2060,"524,713","80,897","69,903","38,053",0.3199,0.3525,0.7494
44,0.16832,0.17249,"6,497","1,600",0.1976,"531,210","74,400","71,503","36,453",0.3288,0.3377,0.6892
45,0.17249,0.17593,"4,997","1,600",0.2425,"536,207","69,403","73,103","34,853",0.3343,0.3228,0.6429
46,0.17593,0.17889,"4,044","1,600",0.2835,"540,251","65,359","74,703","33,253",0.3372,0.3080,0.6054
47,0.17889,0.18183,"3,898","1,600",0.2910,"544,149","61,461","76,303","31,653",0.3399,0.2932,0.5693
48,0.18183,0.18555,"4,474","1,600",0.2634,"548,623","56,987","77,903","30,053",0.3453,0.2784,0.5279
49,0.18555,0.18984,"4,337","1,600",0.2695,"552,960","52,650","79,503","28,453",0.3508,0.2636,0.4877
50,0.18985,0.19541,"4,245","1,600",0.2737,"557,205","48,405","81,103","26,853",0.3568,0.2487,0.4484
51,0.19541,0.21292,"6,902","1,600",0.1882,"564,107","41,503","82,703","25,253",0.3783,0.2339,0.3844
52,0.21292,0.22376,"5,618","1,600",0.2217,"569,725","35,885","84,303","23,653",0.3973,0.2191,0.3324
53,0.22376,0.22855,"4,060","1,600",0.2827,"573,785","31,825","85,903","22,053",0.4093,0.2043,0.2948
54,0.22855,0.23173,"3,364","1,600",0.3223,"577,149","28,461","87,503","20,453",0.4181,0.1895,0.2636
55,0.23173,0.23467,"3,163","1,600",0.3359,"580,312","25,298","89,103","18,853",0.4270,0.1746,0.2343
56,0.23467,0.23718,"2,848","1,600",0.3597,"583,160","22,450","90,703","17,253",0.4346,0.1598,0.2080
57,0.23718,0.23949,"2,600","1,600",0.3810,"585,760","19,850","92,303","15,653",0.4409,0.1450,0.1839
58,0.23949,0.24181,"2,482","1,600",0.3920,"588,242","17,368","93,903","14,053",0.4472,0.1302,0.1609
59,0.24181,0.24415,"2,297","1,601",0.4107,"590,539","15,071","95,504","12,452",0.4524,0.1153,0.1396
60,0.24415,0.24663,"2,272","1,600",0.4132,"592,811","12,799","97,104","10,852",0.4588,0.1005,0.1186
61,0.24663,0.24933,"2,219","1,600",0.4190,"595,030","10,580","98,704","9,252",0.4665,0.0857,0.0980
62,0.24933,0.25263,"2,235","1,600",0.4172,"597,265","8,345","100,304","7,652",0.4783,0.0709,0.0773
63,0.25263,0.25714,"2,308","1,600",0.4094,"599,573","6,037","101,904","6,052",0.5006,0.0561,0.0559
64,0.25714,0.26301,"2,170","1,600",0.4244,"601,743","3,867","103,504","4,452",0.5352,0.0412,0.0358
65,0.26301,0.27691,"2,267","1,600",0.4138,"604,010","1,600","105,104","2,852",0.6406,0.0264,0.0148
66,0.27692,0.31214,"1,600","2,852",0.6406,"605,610",0,"107,956",0,nan,0.0000,0.0000
