,y_proba,y_test,Neg,Pos,TN,FP,FN,TP,FP/P,Prec
0,0.1064,0,2,0,2,605608,0,107956,5.609766942087517,0.15129126469384666
1,0.1066,0,12,0,14,605596,0,107956,5.6096557856904665,0.15129380900060543
2,0.1067,0,6,0,20,605590,0,107956,5.609600207491941,0.1512950811860763
3,0.1068,0,14,0,34,605576,0,107956,5.609470525028716,0.1512980497020456
4,0.1069,0,1,0,35,605575,0,107956,5.6094612619956274,0.15129826174335803
5,0.107,1,14,1,49,605561,1,107955,5.609331579532402,0.15130004092409982
6,0.1071,2,35,2,84,605526,3,107953,5.609007373374338,0.1513050839618265
7,0.1072,2,44,2,128,605482,5,107951,5.608599799918485,0.15131203630894563
8,0.1073,10,229,10,357,605253,15,107941,5.606478565341435,0.151348721385766
9,0.1074,0,34,0,391,605219,15,107941,5.606163622216458,0.15135593695664368
10,0.1075,8,112,8,503,605107,23,107933,5.605126162510652,0.15137018961068102
11,0.1076,3,68,3,571,605039,26,107930,5.604496276260699,0.1513810558383324
12,0.1077,11,285,11,856,604754,37,107919,5.601856311830746,0.15142849525659033
13,0.1078,4,149,4,1005,604605,41,107915,5.6004761199007005,0.15145539774322125
14,0.1079,11,367,11,1372,604238,52,107904,5.597076586757568,0.15152034285297034
15,0.108,14,170,14,1542,604068,66,107890,5.595501871132684,0.1515398380241531
16,0.1081,13,322,13,1864,603746,79,107877,5.5925191744784915,0.1515929080426012
17,0.1082,20,571,20,2435,603175,99,107857,5.587229982585498,0.15169078184948076
18,0.1083,11,366,11,2801,602809,110,107846,5.583839712475453,0.15175577460230352
19,0.1084,10,505,10,3306,602304,120,107836,5.579161880766238,0.15185174754273806
20,0.1085,8,391,8,3697,601913,128,107828,5.575540034829005,0.15192584337103254
21,0.1086,25,584,25,4281,601329,153,107803,5.570130423505873,0.1520210623692063
22,0.1087,18,329,18,4610,601000,171,107785,5.567082885620067,0.15207009177677294
23,0.1088,20,731,20,5341,600269,191,107765,5.560311608433065,0.1522031427869283
24,0.1089,15,456,15,5797,599813,206,107750,5.5560876653451405,0.15228325958253894
25,0.109,59,897,59,6694,598916,265,107691,5.547778724665604,0.15240579275325605
26,0.1091,26,503,26,7197,598413,291,107665,5.543119419022565,0.15248315341931062
27,0.1092,48,1122,48,8319,597291,339,107617,5.532726295898329,0.15266814960250133
28,0.1093,46,1056,46,9375,596235,385,107571,5.5229445329578715,0.15284183425546244
29,0.1094,32,920,32,10295,595315,417,107539,5.5144225425173214,0.15300332643763853
30,0.1095,65,1524,65,11819,593791,482,107474,5.5003056800918895,0.15325732782899473
31,0.1096,67,1523,67,13342,592268,549,107407,5.486198080699544,0.15350984385607602
32,0.1097,79,1568,79,14910,590700,628,107328,5.471673644818259,0.1537588750021489
33,0.1098,48,1368,48,16278,589332,676,107280,5.459001815554485,0.15400251502988752
34,0.1099,78,1790,78,18068,587542,754,107202,5.442420986327763,0.15430431928883157
35,0.11,88,1524,88,19592,586018,842,107114,5.428304123902331,0.1545362210949718
36,0.1101,108,2600,108,22192,583418,950,107006,5.404220237874689,0.154985921694495
37,0.1102,67,1178,67,23370,582240,1017,106939,5.3933083848975505,0.1551686862194002
38,0.1103,65,1303,65,24673,580937,1082,106874,5.381238652784468,0.15538280138003027
39,0.1104,68,1260,68,25933,579677,1150,106806,5.369567231094149,0.15558433347948894
40,0.1105,75,1476,75,27409,578201,1225,106731,5.35589499425692,0.1558271478044536
41,0.1106,44,871,44,28280,577330,1269,106687,5.34782689243766,0.15597126971990463
42,0.1107,63,1021,63,29301,576309,1332,106624,5.338369335655267,0.15612658928474682
43,0.1108,56,1052,56,30353,575257,1388,106568,5.32862462484716,0.15629817035162982
44,0.1109,77,1139,77,31492,574118,1465,106491,5.318074030160436,0.15646428419253933
45,0.111,40,781,40,32273,573337,1505,106451,5.3108396013190555,0.15659440884511053
46,0.1111,75,1394,75,33667,571943,1580,106376,5.297926933195005,0.1568229697236846
47,0.1112,38,831,38,34498,571112,1618,106338,5.290229352699248,0.15696804192191305
48,0.1113,66,1245,66,35743,569867,1684,106272,5.278696876505243,0.15717478210841263
49,0.1114,55,926,55,36669,568941,1739,106217,5.2701193078661674,0.15732169358875997
50,0.1115,51,950,51,37619,567991,1790,106166,5.261319426432991,0.15747963753250355
51,0.1116,66,1019,66,38638,566972,1856,106100,5.251880395716774,0.1576354387049231
52,0.1117,56,961,56,39599,566011,1912,106044,5.242978620919634,0.15779065701467887
53,0.1118,47,856,47,40455,565155,1959,105997,5.235049464596687,0.15793292726535868
54,0.1119,73,1221,73,41676,563934,2032,105924,5.223739301196784,0.1581290363032165
55,0.112,44,768,44,42444,563166,2076,105880,5.216625291785542,0.15825518723675203
56,0.1121,74,1418,74,43862,561748,2150,105806,5.20349031086739,0.15849803910994467
57,0.1122,38,757,38,44619,560991,2188,105768,5.196478194820112,0.1586300297408809
58,0.1123,44,1178,44,45797,559813,2232,105724,5.185566341842973,0.15885518010268398
59,0.1124,55,1181,55,46978,558632,2287,105669,5.174626699766572,0.15906795262990722
60,0.1125,74,1595,74,48573,557037,2361,105595,5.159852161991923,0.15935692812903693
61,0.1126,58,961,58,49534,556076,2419,105537,5.150950387194783,0.1595147011923889
62,0.1127,92,1638,92,51172,554438,2511,105445,5.135777538997369,0.15979347854089285
63,0.1128,61,1171,61,52343,553267,2572,105384,5.124930527251843,0.15999975707924227
64,0.1129,100,1650,100,53993,551617,2672,105284,5.109646522657379,0.1602737703245999
65,0.113,129,1943,129,55936,549674,2801,105155,5.091648449368261,0.16058390816533782
66,0.1131,79,1397,79,57333,548277,2880,105076,5.078707992144948,0.16082577106097318
67,0.1132,107,1598,107,58931,546679,2987,104969,5.063905665271037,0.16108236348458063
68,0.1133,144,1931,144,60862,544748,3131,104825,5.04601874837897,0.16137524188967214
69,0.1134,54,986,54,61848,543762,3185,104771,5.036885397754641,0.16155076148785028
70,0.1135,102,1762,102,63610,542000,3287,104669,5.02056393345437,0.16185869432429884
71,0.1136,71,1264,71,64874,540736,3358,104598,5.008855459631702,0.1620835102443076
72,0.1137,127,2018,127,66892,538718,3485,104471,4.990162658861017,0.16242659622599268
73,0.1138,61,616,61,67508,538102,3546,104410,4.984456630479084,0.16250280150409643
74,0.1139,76,1188,76,68696,536914,3622,104334,4.97345214717107,0.16270460102799542
75,0.114,90,1110,90,69806,535804,3712,104244,4.963170180443885,0.16286903482238832
76,0.1141,64,809,64,70615,534995,3776,104180,4.955676386676053,0.16299135604490164
77,0.1142,79,1125,79,71740,533870,3855,104101,4.945255474452555,0.16317512865004835
78,0.1143,62,875,62,72615,532995,3917,104039,4.937150320500945,0.16331781349190153
79,0.1144,46,497,46,73112,532498,3963,103993,4.93254659305643,0.16338487111365282
80,0.1145,21,297,21,73409,532201,3984,103972,4.929795472229427,0.1634335314450629
81,0.1146,52,726,52,74135,531475,4036,103920,4.923070510207863,0.16355180635667577
82,0.1147,50,529,50,74664,530946,4086,103870,4.918170365704547,0.16362221494102228
83,0.1148,23,367,23,75031,530579,4109,103847,4.914770832561414,0.1636865450028845
84,0.1149,36,379,36,75410,530200,4145,103811,4.911260143021231,0.1637369067729109
85,0.115,35,540,35,75950,529660,4180,103776,4.9062581051539516,0.16383028435390473
86,0.1151,34,398,34,76348,529262,4214,103742,4.902571417985105,0.16388837985226
87,0.1152,25,487,25,76835,528775,4239,103717,4.898060320871466,0.1639815207148865
88,0.1153,35,408,35,77243,528367,4274,103682,4.894281003371744,0.16404107909355128
89,0.1154,25,361,25,77604,528006,4299,103657,4.890937048427137,0.1641017441262192
90,0.1155,24,328,24,77932,527678,4323,103633,4.8878987735744195,0.16415522618804362
91,0.1156,22,193,22,78125,527485,4345,103611,4.8861110081885215,0.1641762901365244
92,0.1157,12,199,12,78324,527286,4357,103599,4.884267664604098,0.16421217813072114
93,0.1158,16,314,16,78638,526972,4373,103583,4.881359072214606,0.16427274385263776
94,0.1159,12,187,12,78825,526785,4385,103571,4.879626885027234,0.16430556701292603
95,0.116,15,233,15,79058,526552,4400,103556,4.877468598317833,0.16434642950097444
96,0.1161,12,149,12,79207,526403,4412,103544,4.876088406387788,0.16436938345606852
97,0.1162,11,188,11,79395,526215,4423,103533,4.874346956167328,0.16440385678080757
98,0.1163,12,139,12,79534,526076,4435,103521,4.873059394568157,0.16442422692611305
99,0.1164,19,212,19,79746,525864,4454,103502,4.871095631553596,0.1644543874311609
100,0.1165,18,196,18,79942,525668,4472,103484,4.869280077068435,0.16448171507044404
101,0.1166,13,246,13,80188,525422,4485,103471,4.867001370928897,0.16452878311572874
102,0.1167,12,175,12,80363,525247,4497,103459,4.865380340138575,0.1645586331289983
103,0.1168,6,213,6,80576,525034,4503,103453,4.863407314090926,0.16460642781791826
104,0.1169,8,139,8,80715,524895,4511,103445,4.862119752491756,0.16463220549384092
105,0.117,13,208,13,80923,524687,4524,103432,4.860193041609545,0.16466943365827177
106,0.1171,17,153,17,81076,524534,4541,103415,4.858775797547149,0.16468694113693946
107,0.1172,12,215,12,81291,524319,4553,103403,4.8567842454333245,0.164727379317596
108,0.1173,17,181,17,81472,524138,4570,103386,4.855107636444477,0.16475226445522403
109,0.1174,8,151,8,81623,523987,4578,103378,4.853708918448257,0.1647812676830872
110,0.1175,14,166,14,81789,523821,4592,103364,4.8521712549557225,0.16480623739407033
111,0.1176,13,209,13,81998,523612,4605,103351,4.8502352810404235,0.1648438584095074
112,0.1177,27,219,27,82217,523393,4632,103324,4.848206676794249,0.16486548154908834
113,0.1178,14,258,14,82475,523135,4646,103310,4.8458168142576605,0.16491471717389397
114,0.1179,8,148,8,82623,522987,4654,103302,4.844445885360702,0.16494302151243276
115,0.118,17,186,17,82809,522801,4671,103285,4.842722961206418,0.16496934925872803
116,0.1181,16,163,16,82972,522638,4687,103269,4.841213086813146,0.1649909651114303
117,0.1182,13,236,13,83208,522402,4700,103256,4.839027011004483,0.16503585025684958
118,0.1183,7,121,7,83329,522281,4707,103249,4.8379061840008895,0.16505843045097757
119,0.1184,22,226,22,83555,522055,4729,103227,4.835812738523102,0.16508871197315772
120,0.1185,17,186,17,83741,521869,4746,103210,4.834089814368817,0.16511512944763782
121,0.1186,19,284,19,84025,521585,4765,103191,4.8314591129719515,0.1651647950625504
122,0.1187,17,255,17,84280,521330,4782,103174,4.829097039534625,0.16520951026734818
123,0.1188,22,171,22,84451,521159,4804,103152,4.827513060876654,0.16522534441968825
124,0.1189,11,201,11,84652,520958,4815,103141,4.825651191226055,0.16526384435802652
125,0.119,13,192,13,84844,520766,4828,103128,4.823872688873244,0.16529731011998833
126,0.1191,17,264,17,85108,520502,4845,103111,4.82142724813813,0.16534453258671644
127,0.1192,10,113,10,85221,520389,4855,103101,4.820380525399237,0.16536111244767357
128,0.1193,14,158,14,85379,520231,4869,103087,4.818916966171403,0.16538428218020337
129,0.1194,30,210,30,85589,520021,4899,103057,4.816971729223017,0.16539983758052765
130,0.1195,11,162,11,85751,519859,4910,103046,4.815471117862833,0.1654281150416195
131,0.1196,11,204,11,85955,519655,4921,103035,4.813581459112972,0.16546756813181518
132,0.1197,11,208,11,86163,519447,4932,103024,4.811654748230761,0.16550811202449592
133,0.1198,20,206,20,86369,519241,4952,103004,4.809746563414724,0.16553608305410247
134,0.1199,17,249,17,86618,518992,4969,102987,4.807440068175923,0.1655795452901143
135,0.12,20,161,20,86779,518831,4989,102967,4.8059487198488275,0.1655955792717249
136,0.1201,17,295,17,87074,518536,5006,102950,4.8032161250879986,0.165651358196323
137,0.1202,13,210,13,87284,518326,5019,102937,4.801270888139612,0.16568989300827508
138,0.1203,11,185,11,87469,518141,5030,102926,4.799557227018415,0.1657244709507992
139,0.1204,20,187,20,87656,517954,5050,102906,4.797825039831042,0.16574751151628386
140,0.1205,17,169,17,87825,517785,5067,102889,4.796259587239246,0.16576979219364754
141,0.1206,19,187,19,88012,517598,5086,102870,4.794527400051873,0.16579420695346095
142,0.1207,21,224,21,88236,517374,5107,102849,4.792452480640261,0.16582584006075235
143,0.1208,36,327,36,88563,517047,5143,102813,4.7894234688206305,0.1658648727131933
144,0.1209,16,362,16,88925,516685,5159,102797,4.786070250842936,0.16594025330840928
145,0.121,25,322,25,89247,516363,5184,102772,4.783087554188744,0.16599287715926253
146,0.1211,13,320,13,89567,516043,5197,102759,4.780123383600726,0.16606119566517238
147,0.1212,20,382,20,89949,515661,5217,102739,4.776584904961281,0.1661368046571798
148,0.1213,13,270,13,90219,515391,5230,102726,4.774083886027641,0.1661918374676639
149,0.1214,24,435,24,90654,514956,5254,102702,4.770054466634555,0.16627648310229934
150,0.1215,12,238,12,90892,514718,5266,102690,4.767849864759717,0.16632437545350887
151,0.1216,19,412,19,91304,514306,5285,102671,4.764033495127644,0.166409768921694
152,0.1217,21,412,21,91716,513894,5306,102650,4.760217125495572,0.16649257798307987
153,0.1218,28,384,28,92100,513510,5334,102622,4.7566601207899515,0.16655846474456773
154,0.1219,31,465,31,92565,513045,5365,102591,4.752352810404239,0.16664230161978832
155,0.122,52,614,52,93179,512431,5417,102539,4.74666530808848,0.1667382148722702
156,0.1221,17,347,17,93526,512084,5434,102522,4.743451035607099,0.16680930547375067
157,0.1222,54,923,54,94449,511161,5488,102468,4.734901256067286,0.16698689273160167
158,0.1223,27,563,27,95012,510598,5515,102441,4.7296861684389935,0.16710356111112018
159,0.1224,50,932,50,95944,509666,5565,102391,4.721053021601393,0.1672899746265462
160,0.1225,38,595,38,96539,509071,5603,102353,4.715541516914298,0.16740101795153609
161,0.1226,36,752,36,97291,508319,5639,102317,4.708575716032458,0.16755808697816701
162,0.1227,41,594,41,97885,507725,5680,102276,4.70307347437845,0.16766529890934606
163,0.1228,37,973,37,98858,506752,5717,102239,4.694060543184261,0.16788261238671837
164,0.1229,27,555,27,99413,506197,5744,102212,4.688919559820667,0.16799882973460287
165,0.123,53,692,53,100105,505505,5797,102159,4.68250954092408,0.1681175781352853
166,0.1231,39,662,39,100767,504843,5836,102120,4.676377413020119,0.168247487902887
167,0.1232,55,788,55,101555,504055,5891,102065,4.669078142947127,0.16839074770672474
168,0.1233,33,497,33,102052,503558,5924,102032,4.664474415502612,0.1684836275367823
169,0.1234,61,886,61,102938,502672,5985,101971,4.656267368187039,0.16864662288325508
170,0.1235,54,786,54,103724,501886,6039,101917,4.648986624180221,0.1687918079241077
171,0.1236,54,874,54,104598,501012,6093,101863,4.640890733261699,0.16896205681111343
172,0.1237,72,1029,72,105627,499983,6165,101791,4.631359072214606,0.16915154194099447
173,0.1238,42,802,42,106429,499181,6207,101749,4.623930119678388,0.16931922187276388
174,0.1239,70,942,70,107371,498239,6277,101679,4.615204342509911,0.16948816338232892
175,0.124,60,674,60,108045,497565,6337,101619,4.6089610582089,0.1695956500841144
176,0.1241,95,898,95,108943,496667,6432,101524,4.600642854496276,0.16971836754481429
177,0.1242,49,684,49,109627,495983,6481,101475,4.594306939864389,0.169844574848776
178,0.1243,40,597,40,110224,495386,6521,101435,4.588776909111119,0.16995883187756464
179,0.1244,65,903,65,111127,494483,6586,101370,4.580412390233058,0.17012585318862203
180,0.1245,43,616,43,111743,493867,6629,101327,4.574706361851124,0.17024197152525058
181,0.1246,59,731,59,112474,493136,6688,101268,4.567935084664122,0.17036897463677902
182,0.1247,60,724,60,113198,492412,6748,101208,4.561228648708733,0.17049290792089214
183,0.1248,58,848,58,114046,491564,6806,101150,4.553373596650487,0.17065566192126388
184,0.1249,48,741,48,114787,490823,6854,101102,4.54650968913261,0.17080204417789416
185,0.125,30,606,30,115393,490217,6884,101072,4.540896291081552,0.17093502500469313
186,0.1251,88,962,88,116355,489255,6972,100984,4.5319852532513245,0.1710900160782327
187,0.1252,68,818,68,117173,488437,7040,100916,4.5244080921857055,0.1712318423763008
188,0.1253,87,1154,87,118327,487283,7127,100829,4.5137185520026675,0.1714452349212395
189,0.1254,80,870,80,119197,486413,7207,100749,4.505659713216495,0.17158637650256658
190,0.1255,70,801,70,119998,485612,7277,100679,4.498240023713365,0.1717218923708534
191,0.1256,80,1001,80,120999,484611,7357,100599,4.488967727592723,0.1719023940124058
192,0.1257,75,908,75,121907,483703,7432,100524,4.480556893549224,0.17206325623430618
193,0.1258,62,786,62,122693,482917,7494,100462,4.473276149542406,0.17220709007351995
194,0.1259,55,753,55,123446,482164,7549,100407,4.466301085627478,0.17235152453520686
195,0.126,73,886,73,124332,481278,7622,100334,4.458094038311905,0.17251019580063684
196,0.1261,68,809,68,125141,480469,7690,100266,4.4506002445440735,0.17265361998157508
197,0.1262,55,686,55,125827,479783,7745,100211,4.4442458038460115,0.1727793735797267
198,0.1263,61,761,61,126588,479022,7806,100150,4.437196635666383,0.17291927095923146
199,0.1264,53,654,53,127242,478368,7859,100097,4.431138612027122,0.17303899112305843
200,0.1265,55,675,55,127917,477693,7914,100042,4.424886064693023,0.1731624360649779
201,0.1266,45,643,45,128560,477050,7959,99997,4.418929934417726,0.17329091044576958
202,0.1267,43,553,43,129113,476497,8002,99954,4.413807477120308,0.17339548374449867
203,0.1268,40,546,40,129659,475951,8042,99914,4.4087498610545035,0.17350247019700799
204,0.1269,51,703,51,130362,475248,8093,99863,4.402237948793953,0.17364126229545254
205,0.127,48,587,48,130949,474661,8141,99815,4.396800548371559,0.1737496431530647
206,0.1271,57,563,57,131512,474098,8198,99758,4.391585460743266,0.1738380360229744
207,0.1272,43,601,43,132113,473497,8241,99715,4.386018377857646,0.17395832606435316
208,0.1273,53,583,53,132696,472914,8294,99662,4.380618029567602,0.17405898954898563
209,0.1274,60,724,60,133420,472190,8354,99602,4.373911593612212,0.17419271343425582
210,0.1275,68,775,68,134195,471415,8422,99534,4.366732742969358,0.17433080712988375
211,0.1276,81,903,81,135098,470512,8503,99453,4.358368224091296,0.17448966164589053
212,0.1277,66,579,66,135677,469933,8569,99387,4.353004927933602,0.1745714185343919
213,0.1278,66,673,66,136350,469260,8635,99321,4.346770906665679,0.1746822352488036
214,0.1279,82,831,82,137181,468429,8717,99239,4.339073326169921,0.17481873207579077
215,0.128,55,587,55,137768,467842,8772,99184,4.333635925747527,0.17491966858662567
216,0.1281,114,933,114,138701,466909,8886,99070,4.324993515876839,0.17504183017391103
217,0.1282,78,695,78,139396,466214,8964,98992,4.318555707880988,0.17514322211724576
218,0.1283,112,1007,112,140403,465207,9076,98880,4.309227833561821,0.17529210919592192
219,0.1284,36,508,36,140911,464699,9112,98844,4.304522212753344,0.17539744083415107
220,0.1285,87,749,87,141660,463950,9199,98757,4.297584200970766,0.17550341474337444
221,0.1286,44,518,44,142178,463432,9243,98713,4.292785949831413,0.17560060126835603
222,0.1287,96,757,96,142935,462675,9339,98617,4.285773833784134,0.17569642895320084
223,0.1288,63,560,63,143495,462115,9402,98554,4.280586535255104,0.17577929223837951
224,0.1289,66,535,66,144030,461580,9468,98488,4.2756308125532625,0.17585007534799346
225,0.129,50,392,50,144422,461188,9518,98438,4.271999703582941,0.17589961867390008
226,0.1291,43,344,43,144766,460844,9561,98395,4.268813220200823,0.17594445308714163
227,0.1292,62,532,62,145298,460312,9623,98333,4.263885286598244,0.17602054972299044
228,0.1293,34,319,34,145617,459993,9657,98299,4.260930379043314,0.17607094495353687
229,0.1294,60,459,60,146076,459534,9717,98239,4.256678646856127,0.17612720587048852
230,0.1295,62,484,62,146560,459050,9779,98177,4.252195338841751,0.17618851922107148
231,0.1296,42,338,42,146898,458712,9821,98135,4.249064433658157,0.17623332800571792
232,0.1297,55,445,55,147343,458267,9876,98080,4.2449423839341955,0.1762928532013294
233,0.1298,43,321,43,147664,457946,9919,98037,4.24196895031309,0.1763309309817027
234,0.1299,24,270,24,147934,457676,9943,98013,4.239467931379451,0.17638103327580715
235,0.13,49,370,49,148304,457306,9992,97964,4.2360406091370555,0.17642588290381256
236,0.1301,39,302,39,148606,457004,10031,97925,4.233243173144614,0.17646401611737716
237,0.1302,35,256,35,148862,456748,10066,97890,4.230871836674201,0.17649349665908215
238,0.1303,41,375,41,149237,456373,10107,97849,4.227398199266368,0.17655199540978164
239,0.1304,26,292,26,149529,456081,10133,97823,4.224693393604802,0.17660641555215345
240,0.1305,41,308,41,149837,455773,10174,97782,4.221840379413835,0.17664369394188473
241,0.1306,32,234,32,150071,455539,10206,97750,4.219672829671348,0.17667078145417675
242,0.1307,31,273,31,150344,455266,10237,97719,4.217144021638445,0.17671184571010062
243,0.1308,34,285,34,150629,454981,10271,97685,4.214504057208492,0.1767523241885696
244,0.1309,36,213,36,150842,454768,10307,97649,4.212531031160843,0.1767668265096838
245,0.131,29,263,29,151105,454505,10336,97620,4.210094853458816,0.1768077880914648
246,0.1311,31,254,31,151359,454251,10367,97589,4.207742043054578,0.176842925485648
247,0.1312,26,200,26,151559,454051,10393,97563,4.205889436437067,0.17686824482337288
248,0.1313,30,260,30,151819,453791,10423,97533,4.203481047834303,0.1769068642032634
249,0.1314,34,251,34,152070,453540,10457,97499,4.201156026529326,0.17693665965566865
250,0.1315,33,273,33,152343,453267,10490,97466,4.198627218496425,0.176975049615694
251,0.1316,31,275,31,152618,452992,10521,97435,4.1960798843973475,0.17701711580282217
252,0.1317,33,343,33,152961,452649,10554,97402,4.192902664048316,0.17707812548290977
253,0.1318,30,243,30,153204,452406,10584,97372,4.19065174700804,0.17711148863723175
254,0.1319,58,357,58,153561,452049,10642,97314,4.187344844195784,0.1771397054406649
255,0.132,27,222,27,153783,451827,10669,97287,4.185288450850346,0.17717086069559326
256,0.1321,38,216,38,153999,451611,10707,97249,4.183287635703435,0.17718361695149948
257,0.1322,36,292,36,154291,451319,10743,97213,4.180582830041869,0.17722393588705854
258,0.1323,35,338,35,154629,450981,10778,97178,4.177451924858276,0.17728067951087184
259,0.1324,40,316,40,154945,450665,10818,97138,4.174524806402609,0.1773228697177635
260,0.1325,56,294,56,155239,450371,10874,97082,4.171801474674868,0.1773339446491297
261,0.1326,30,239,30,155478,450132,10904,97052,4.169587609766942,0.1773662972601538
262,0.1327,29,197,29,155675,449935,10933,97023,4.167762792248694,0.1773865635021336
263,0.1328,29,193,29,155868,449742,10962,96994,4.165975026862796,0.1774055485645723
264,0.1329,30,201,30,156069,449541,10992,96964,4.164113157212197,0.1774256411194774
265,0.133,27,186,27,156255,449355,11019,96937,4.162390233057913,0.1774453955027714
266,0.1331,26,153,26,156408,449202,11045,96911,4.160972988995517,0.17745594776172696
267,0.1332,27,165,27,156573,449037,11072,96884,4.15944458853607,0.1774689011780093
268,0.1333,27,220,27,156793,448817,11099,96857,4.157406721256808,0.17749975259953746
269,0.1334,20,180,20,156973,448637,11119,96837,4.1557393753010485,0.17752816816200223
270,0.1335,28,206,28,157179,448431,11147,96809,4.153831190485012,0.17755300418164477
271,0.1336,28,190,28,157369,448241,11175,96781,4.1520712141983775,0.17757264844354906
272,0.1337,18,214,18,157583,448027,11193,96763,4.1500889251176405,0.17761522788597442
273,0.1338,23,161,23,157744,447866,11216,96740,4.148597576790544,0.17763300441052798
274,0.1339,17,172,17,157916,447694,11233,96723,4.147004335099485,0.1776634454838846
275,0.134,21,150,21,158066,447544,11254,96702,4.1456148801363515,0.17768068116256253
276,0.1341,33,242,33,158308,447302,11287,96669,4.143373226129164,0.1777098411496201
277,0.1342,15,220,15,158528,447082,11302,96654,4.141335358849902,0.17775905954360205
278,0.1343,19,155,19,158683,446927,11321,96635,4.139899588721331,0.17778100750236403
279,0.1344,35,387,35,159070,446540,11356,96600,4.136314794916448,0.17785469676326546
280,0.1345,32,169,32,159239,446371,11388,96568,4.134749342324651,0.17786160139536855
281,0.1346,38,488,38,159727,445883,11426,96530,4.130228982177925,0.1779640237236202
282,0.1347,31,357,31,160084,445526,11457,96499,4.126922079365667,0.17803422351367557
283,0.1348,18,248,18,160332,445278,11475,96481,4.1246248471599545,0.1780884120060765
284,0.1349,61,651,61,160983,444627,11536,96420,4.118594612619956,0.1782100261160306
285,0.135,47,668,47,161651,443959,11583,96373,4.11240690651747,0.17835886084851535
286,0.1351,24,339,24,161990,443620,11607,96349,4.109266738300789,0.17843431752563574
287,0.1352,95,1118,95,163108,442502,11702,96254,4.098910667308903,0.17865972722345552
288,0.1353,51,760,51,163868,441742,11753,96203,4.091870762162363,0.17883426744369776
289,0.1354,52,808,52,164676,440934,11805,96151,4.084386231427619,0.17902380442574267
290,0.1355,111,1349,111,166025,439585,11916,96040,4.071890399792508,0.17930455075845975
291,0.1356,85,968,85,166993,438617,12001,95955,4.062923783763756,0.17949873917825848
292,0.1357,79,773,79,167766,437844,12080,95876,4.055763459187077,0.17963726298433635
293,0.1358,126,1321,126,169087,436523,12206,95750,4.043526992478417,0.17988889160261745
294,0.1359,79,831,79,169918,435692,12285,95671,4.035829411982659,0.18004829090471108
295,0.136,41,678,41,170596,435014,12326,95630,4.029549075549298,0.18021498405710798
296,0.1361,52,709,52,171305,434305,12378,95578,4.022981585090222,0.18037566783610723
297,0.1362,84,1082,84,172387,433223,12462,95494,4.012958983289488,0.1806145820921211
298,0.1363,46,562,46,172949,432661,12508,95448,4.007753158694283,0.18073541636290993
299,0.1364,106,1240,106,174189,431421,12614,95342,3.9962669976657157,0.18099600769226387
300,0.1365,86,792,86,174981,430629,12700,95256,3.988930675460373,0.1811346587181608
301,0.1366,64,697,64,175678,429932,12764,95192,3.9824743413983477,0.18127527974345106
302,0.1367,93,975,93,176653,428957,12857,95099,3.9734428841379823,0.18146724777504694
303,0.1368,41,431,41,177084,428526,12898,95058,3.9694505168772465,0.1815525302530253
304,0.1369,106,1086,106,178170,427440,13004,94952,3.9593908629441623,0.18176388612383038
305,0.137,62,723,62,178893,426717,13066,94890,3.9526936900218606,0.18191857087807486
306,0.1371,75,899,75,179792,425818,13141,94815,3.9443662232761496,0.1821148486553868
307,0.1372,118,1146,118,180938,424672,13259,94697,3.9337507873578126,0.18233086687884723
308,0.1373,101,1102,101,182040,423570,13360,94596,3.9235429248953277,0.182559257072058
309,0.1374,86,934,86,182974,422636,13446,94510,3.914891251991552,0.18275303299261716
310,0.1375,88,992,88,183966,421644,13534,94422,3.9057023231686983,0.18296496959691202
311,0.1376,51,627,51,184593,421017,13585,94371,3.899894401422802,0.18310670795594775
312,0.1377,63,687,63,185280,420330,13648,94308,3.893530697691652,0.183251139636016
313,0.1378,91,1069,91,186349,419261,13739,94217,3.883628515321057,0.18348790016320077
314,0.1379,50,490,50,186839,418771,13789,94167,3.8790896291081554,0.18358359099930205
315,0.138,97,841,97,187680,417930,13886,94070,3.871299418281522,0.18373046875
316,0.1381,72,747,72,188427,417183,13958,93998,3.864379932565119,0.18388398629839528
317,0.1382,45,525,45,188952,416658,14003,93953,3.859516840194153,0.18400112806030422
318,0.1383,66,720,66,189672,415938,14069,93887,3.8528474563711144,0.18415534742313538
319,0.1384,89,742,89,190414,415196,14158,93798,3.845974285820149,0.18428115066189385
320,0.1385,75,806,75,191220,414390,14233,93723,3.8385082811515803,0.18445306457421873
321,0.1386,73,704,73,191924,413686,14306,93650,3.831987105857942,0.18459167100304336
322,0.1387,101,1031,101,192955,412655,14407,93549,3.822436918744674,0.18480494030074832
323,0.1388,72,587,72,193542,412068,14479,93477,3.8169995183222794,0.18490342106043972
324,0.1389,92,771,92,194313,411297,14571,93385,3.809857719811775,0.1850373106233232
325,0.139,96,760,96,195073,410537,14667,93289,3.802817814665234,0.18516114690389143
326,0.1391,113,987,113,196060,409550,14780,93176,3.793675201007818,0.18534151804362614
327,0.1392,127,1059,127,197119,408491,14907,93049,3.783865648968098,0.18552657813933085
328,0.1393,134,1016,134,198135,407475,15041,92915,3.774454407351143,0.18568516557085474
329,0.1394,129,1260,129,199395,406215,15170,92786,3.7627829856608246,0.18594351514325622
330,0.1395,111,989,111,200384,405226,15281,92675,3.7536218459372335,0.1861313795312723
331,0.1396,174,1532,174,201916,403694,15455,92501,3.7394308792471005,0.18642066123197534
332,0.1397,145,1183,145,203099,402511,15600,92356,3.728472711104524,0.1866279222498166
333,0.1398,179,1452,179,204551,401059,15779,92177,3.7150227870613954,0.1868821416117234
334,0.1399,124,1070,124,205621,399989,15903,92053,3.7051113416577124,0.1870836229427569
335,0.14,228,1738,228,207359,398251,16131,91825,3.6890121901515434,0.18736889788522595
336,0.1401,145,1288,145,208647,396963,16276,91680,3.6770814035347734,0.18762163788287153
337,0.1402,173,1311,173,209958,395652,16449,91507,3.66493756715699,0.1878380569793435
338,0.1403,195,1745,195,211703,393907,16644,91312,3.648773574419208,0.18818718970196963
339,0.1404,122,1045,122,212748,392862,16766,91190,3.639093704842714,0.18838885078462644
340,0.1405,150,1246,150,213994,391616,16916,91040,3.627551965615621,0.18862295299343632
341,0.1406,179,1503,179,215497,390113,17095,90861,3.6136296268850274,0.18891041927422272
342,0.1407,117,943,117,216440,389170,17212,90744,3.604894586683464,0.1890838775280571
343,0.1408,127,1076,127,217516,388094,17339,90617,3.594927563081255,0.18929374925581405
344,0.1409,153,1324,153,218840,386770,17492,90464,3.5826633072733336,0.18955900040650916
345,0.141,159,1352,159,220192,385418,17651,90305,3.5701396865389605,0.1898268530216113
346,0.1411,217,1703,217,221895,383715,17868,90088,3.5543647411908554,0.19013809536875032
347,0.1412,225,1821,225,223716,381894,18093,89863,3.5374967579384196,0.19048577975525535
348,0.1413,198,1479,198,225195,380415,18291,89665,3.5237967320019266,0.19074412865895166
349,0.1414,192,1660,192,226855,378755,18483,89473,3.508420097076587,0.1910885295198066
350,0.1415,244,2088,244,228943,376667,18727,89229,3.4890788839897735,0.19152128371997185
351,0.1416,220,1906,220,230849,374761,18947,89009,3.4714235429248954,0.191924876555189
352,0.1417,316,2821,316,233670,371940,19263,88693,3.445292526584905,0.19254590965041585
353,0.1418,217,1802,217,235472,370138,19480,88476,3.428600540961132,0.1929204080119665
354,0.1419,196,1896,196,237368,368242,19676,88280,3.4110378302271296,0.19337512759516517
355,0.142,222,1968,222,239336,366274,19898,88058,3.392808181110823,0.19381861722264776
356,0.1421,187,1665,187,241001,364609,20085,87871,3.377385231020045,0.19419863861386139
357,0.1422,180,1537,180,242538,363072,20265,87691,3.3631479491644742,0.19453903714368748
358,0.1423,177,1439,177,243977,361633,20442,87514,3.349818444551484,0.19484489487851417
359,0.1424,179,1847,179,245824,359786,20621,87335,3.3327096224387716,0.1953274393285039
360,0.1425,159,1591,159,247415,358195,20780,87176,3.3179721367964725,0.1957379353393014
361,0.1426,179,1494,179,248909,356701,20959,86997,3.3041331653636665,0.19607255385419814
362,0.1427,153,1237,153,250146,355464,21112,86844,3.292674793434362,0.1963428199354296
363,0.1428,184,1461,184,251607,354003,21296,86660,3.2791415020934456,0.1966582172771483
364,0.1429,162,1436,162,253043,352567,21458,86498,3.2658397865797175,0.1970049992597907
365,0.143,161,1254,161,254297,351313,21619,86337,3.2542239430879247,0.19727407745915687
366,0.1431,184,1420,184,255717,349893,21803,86153,3.241070436103598,0.1975777784912601
367,0.1432,156,1235,156,256952,348658,21959,85997,3.2296305902404683,0.19785116931819488
368,0.1433,187,1455,187,258407,347203,22146,85810,3.216152877098077,0.19816956996672155
369,0.1434,238,1847,238,260254,345356,22384,85572,3.1990440549853645,0.19857609623881484
370,0.1435,181,1632,181,261886,343724,22565,85391,3.183926784986476,0.19899327686051524
371,0.1436,187,1474,187,263360,342250,22752,85204,3.1702730742154213,0.19932905061129386
372,0.1437,246,1892,246,265252,340358,22998,84958,3.1527474156137685,0.19975265449689172
373,0.1438,179,1545,179,266797,338813,23177,84779,3.1384360294934974,0.20014306219192052
374,0.1439,247,1966,247,268763,336847,23424,84532,3.120224906443366,0.20060800372111567
375,0.144,261,1748,261,270511,335099,23685,84271,3.104033124606321,0.20094665808236165
376,0.1441,229,1862,229,272373,333237,23914,84042,3.086785356997295,0.20140481548316594
377,0.1442,269,2201,269,274574,331036,24183,83773,3.0663974211715885,0.2019555988418766
378,0.1443,248,1878,248,276452,329158,24431,83525,3.0490014450331615,0.20239505867699906
379,0.1444,241,1831,241,278283,327327,24672,83284,3.03204083144985,0.20282944197793046
380,0.1445,214,1692,214,279975,325635,24886,83070,3.016367779465708,0.20325173413586817
381,0.1446,259,1834,259,281809,323801,25145,82811,2.999379376783134,0.20366098393554544
382,0.1447,240,1655,240,283464,322146,25385,82571,2.9840490570232316,0.2040215755700897
383,0.1448,251,2014,251,285478,320132,25636,82320,2.9653933083848973,0.20454613220955542
384,0.1449,286,2081,286,287559,318051,25922,82034,2.9461169365296973,0.20504142869640202
385,0.145,282,2004,282,289563,316047,26204,81752,2.9275538182222385,0.20551082330523707
386,0.1451,277,2192,277,291755,313855,26481,81475,2.90724924969432,0.20609364328535654
387,0.1452,320,2313,320,294068,311542,26801,81155,2.885823854162807,0.2066606060143062
388,0.1453,329,2395,329,296463,309147,27130,80826,2.8636388899181147,0.20726050265018348
389,0.1454,314,2209,314,298672,306938,27444,80512,2.8431768498277075,0.20779971609239903
390,0.1455,409,2826,409,301498,304112,27853,80103,2.8169995183222794,0.208484832710852
391,0.1456,376,2452,376,303950,301660,28229,79727,2.794286561191597,0.20904488092147872
392,0.1457,371,2587,371,306537,299073,28600,79356,2.7703230945940938,0.20969851676272167
393,0.1458,468,3218,468,309755,295855,29068,78888,2.7405146541183445,0.21051227107644438
394,0.1459,424,2664,424,312419,293191,29492,78464,2.7158379339731002,0.2111205284470813
395,0.146,442,2901,442,315320,290290,29934,78022,2.6889658749861054,0.21183670366428461
396,0.1461,407,2619,407,317939,287671,30341,77615,2.664705991329801,0.21247734651752326
397,0.1462,355,2382,355,320321,285289,30696,77260,2.642641446515247,0.2131022289400881
398,0.1463,404,2940,404,323261,282349,31100,76856,2.6154081292378377,0.21396138695174066
399,0.1464,372,2334,372,325595,280015,31472,76484,2.593788210011486,0.21454197627482827
400,0.1465,375,2429,375,328024,277586,31847,76109,2.571288302641817,0.2151825725554503
401,0.1466,438,2609,438,330633,274977,32285,75671,2.547121049316388,0.21580331272387124
402,0.1467,363,2201,363,332834,272776,32648,75308,2.5267331134906814,0.2163500764183358
403,0.1468,322,1949,322,334783,270827,32970,74986,2.5086794620030384,0.21683973708333695
404,0.1469,394,2457,394,337240,268370,33364,74592,2.4859201897069174,0.2174934832430415
405,0.147,379,2225,379,339465,266145,33743,74213,2.4653099410871095,0.2180439419669877
406,0.1471,302,1926,302,341391,264219,34045,73911,2.44746933936048,0.21858752550794072
407,0.1472,458,2651,458,344042,261568,34503,73453,2.422913038645374,0.21924894260359798
408,0.1473,314,1844,314,345886,259724,34817,73139,2.405832005631924,0.21972703484616796
409,0.1474,294,1881,294,347767,257843,35111,72845,2.388408240394235,0.2202831672150184
410,0.1475,405,2466,405,350233,255377,35516,72440,2.365565600800326,0.2209769475042478
411,0.1476,387,2144,387,352377,253233,35903,72053,2.3457056578606097,0.22150661264241314
412,0.1477,321,2029,321,354406,251204,36224,71732,2.3269109637259624,0.22212450764238115
413,0.1478,464,2480,464,356886,248724,36688,71268,2.303938641668828,0.2227180679516988
414,0.1479,300,1858,300,358744,246866,36988,70968,2.2867279261921523,0.22328636961432696
415,0.148,319,1893,319,360637,244973,37307,70649,2.2691930045574122,0.22384054343486828
416,0.1481,395,2119,395,362756,242854,37702,70254,2.2495646374448848,0.22437625356107158
417,0.1482,325,1889,325,364645,240965,38027,69929,2.232066767942495,0.22492875385179514
418,0.1483,348,1991,348,366636,238974,38375,69581,2.2136240690651747,0.22550598758730211
419,0.1484,397,2207,397,368843,236767,38772,69184,2.1931805550409424,0.22612771326127387
420,0.1485,308,1631,308,370474,235136,39080,68876,2.178072548075142,0.2265568464402721
421,0.1486,310,1601,310,372075,233535,39390,68566,2.1632424321019674,0.22696382997739167
422,0.1487,239,1340,239,373415,232195,39629,68327,2.1508299677646447,0.22736105842500715
423,0.1488,276,1461,276,374876,230734,39905,68051,2.1372966764237282,0.22775909098515654
424,0.1489,299,1855,299,376731,228879,40204,67752,2.120113750046315,0.2284049880154131
425,0.149,400,1975,400,378706,226904,40604,67352,2.1018192596983956,0.22888913055298787
426,0.1491,239,1423,239,380129,225481,40843,67113,2.088637963614806,0.2293724409933218
427,0.1492,257,1588,257,381717,223893,41100,66856,2.07392826707177,0.2299440410801069
428,0.1493,344,1765,344,383482,222128,41444,66512,2.0575790136722367,0.23043237250554324
429,0.1494,260,1250,260,384732,220878,41704,66252,2.046000222312794,0.23073868979208023
430,0.1495,396,2065,396,386797,218813,42100,65856,2.026872058986995,0.23134236604617994
431,0.1496,213,1142,213,387939,217671,42313,65643,2.0162936752010077,0.23169698638260022
432,0.1497,289,1465,289,389404,216206,42602,65354,2.002723331727741,0.2321139366387271
433,0.1498,258,1302,258,390706,214904,42860,65096,1.9906628626477454,0.2324857142857143
434,0.1499,237,1231,237,391937,213673,43097,64859,1.9792600689169662,0.23286013815288728
435,0.15,200,978,200,392915,212695,43297,64659,1.9702008225573382,0.2331280601685932
436,0.1501,281,1358,281,394273,211337,43578,64378,1.9576216236244395,0.23349473187893297
437,0.1502,207,984,207,395257,210353,43785,64171,1.9485067990662863,0.2337536973087963
438,0.1503,199,1120,199,396377,209233,43984,63972,1.9381322020082257,0.23415384052268443
439,0.1504,183,1046,183,397423,208187,44167,63789,1.9284430693986438,0.23453907697738036
440,0.1505,234,1248,234,398671,206939,44401,63555,1.9168828041053763,0.23495900093902267
441,0.1506,117,768,117,399439,206171,44518,63438,1.9097687946941346,0.2352962994558787
442,0.1507,216,1102,216,400541,205069,44734,63222,1.89956093223165,0.2356471145137183
443,0.1508,179,997,179,401538,204072,44913,63043,1.8903256882433583,0.23601445070475263
444,0.1509,160,1025,160,402563,203047,45073,62883,1.8808310793286154,0.2364644831346595
445,0.151,163,881,163,403444,202166,45236,62720,1.87267034717848,0.23678110583420792
446,0.1511,215,1159,215,404603,201007,45451,62505,1.861934491830005,0.23719982391693736
447,0.1512,185,1037,185,405640,199970,45636,62320,1.8523287265182111,0.23759960349231765
448,0.1513,159,826,159,406466,199144,45795,62161,1.8446774611878913,0.23788676068196168
449,0.1514,153,819,153,407285,198325,45948,62008,1.8370910370891844,0.2381872447980087
450,0.1515,172,1016,172,408301,197309,46120,61836,1.8276797954722295,0.23861544695054893
451,0.1516,179,837,179,409138,196472,46299,61657,1.8199266367779465,0.23886118956025862
452,0.1517,174,1139,174,410277,195333,46473,61483,1.8093760420912224,0.2394048657404523
453,0.1518,166,829,166,411106,194504,46639,61317,1.80169698766164,0.23968712498192096
454,0.1519,137,951,137,412057,193553,46776,61180,1.7928878431953759,0.24017304393227418
455,0.152,153,767,153,412824,192786,46929,61027,1.785783096817222,0.24044079696469448
456,0.1521,179,997,179,413821,191789,47108,60848,1.7765478528289302,0.24085149839493028
457,0.1522,138,927,138,414748,190862,47246,60710,1.7679610211567676,0.24132256371933283
458,0.1523,137,732,137,415480,190130,47383,60573,1.761180480936678,0.24161258540982755
459,0.1524,153,798,153,416278,189332,47536,60420,1.7537885805328097,0.24191998462474776
460,0.1525,151,897,151,417175,188435,47687,60269,1.7454796398532735,0.24233225038600104
461,0.1526,131,724,131,417899,187711,47818,60138,1.7387732038978843,0.2426396717356132
462,0.1527,157,827,157,418726,186884,47975,59981,1.731112675534477,0.24297085451562594
463,0.1528,134,813,134,419539,186071,48109,59847,1.7235818296342955,0.24336160834099171
464,0.1529,142,840,142,420379,185231,48251,59705,1.71580088184075,0.24375755299343502
465,0.153,132,675,132,421054,184556,48383,59573,1.709548334506651,0.24402262738142538
466,0.1531,164,808,164,421862,183748,48547,59409,1.7020638037719071,0.24432362629905782
467,0.1532,128,799,128,422661,182949,48675,59281,1.6946626403349512,0.24473021508483672
468,0.1533,142,723,142,423384,182226,48817,59139,1.6879654674126496,0.2450189546951712
469,0.1534,123,651,123,424035,181575,48940,59016,1.6819352328726518,0.24529595870169707
470,0.1535,138,765,138,424800,180810,49078,58878,1.6748490125606728,0.24564433763893062
471,0.1536,120,743,120,425543,180067,49198,58758,1.66796657897662,0.24602951952266303
472,0.1537,122,601,122,426144,179466,49320,58636,1.662399496091,0.24626420609654687
473,0.1538,148,746,148,426890,178720,49468,58488,1.6554892734076847,0.24656841253246095
474,0.1539,119,712,119,427602,178008,49587,58369,1.648893993849346,0.24693180808623513
475,0.154,116,704,116,428306,177304,49703,58253,1.6423728185557078,0.2472989552422556
476,0.1541,124,705,124,429011,176599,49827,58129,1.635842380228982,0.2476440816604751
477,0.1542,123,690,123,429701,175909,49950,58006,1.6294508873985698,0.24797896671867986
478,0.1543,115,632,115,430333,175277,50065,57891,1.6235966504872354,0.2482802099773554
479,0.1544,101,680,101,431013,174597,50166,57790,1.6172977879876986,0.24868000361466003
480,0.1545,124,643,124,431656,173954,50290,57666,1.6113416577124013,0.24896813746654003
481,0.1546,137,666,137,432322,173288,50427,57529,1.6051724776760903,0.24924074050004982
482,0.1547,108,615,108,432937,172673,50535,57421,1.5994757123272445,0.24955452988778498
483,0.1548,124,712,124,433649,171961,50659,57297,1.592880432768906,0.24992366678589187
484,0.1549,131,777,131,434426,171184,50790,57166,1.5856830560598763,0.2503437705276987
485,0.155,129,780,129,435206,170404,50919,57037,1.578457890251584,0.25077712461693363
486,0.1551,138,654,138,435860,169750,51057,56899,1.5723998666123236,0.2510445667088758
487,0.1552,131,725,131,436585,169025,51188,56768,1.5656841676238467,0.2514161200745816
488,0.1553,143,773,143,437358,168252,51331,56625,1.5585238430471673,0.25180431969476647
489,0.1554,152,655,152,438013,167597,51483,56473,1.5524565563748194,0.2520328468782077
490,0.1555,141,795,141,438808,166802,51624,56332,1.5450924450702137,0.25245816415248234
491,0.1556,120,669,120,439477,166133,51744,56212,1.53889547593464,0.2528143200881513
492,0.1557,130,646,130,440123,165487,51874,56082,1.53291155656008,0.2531130257391603
493,0.1558,145,797,145,440920,164690,52019,55937,1.5255289191892993,0.2535365118503175
494,0.1559,111,696,111,441616,163994,52130,55826,1.5190818481603616,0.25396233281776
495,0.156,128,676,128,442292,163318,52258,55698,1.512820037793175,0.25431018738357014
496,0.1561,144,669,144,442961,162649,52402,55554,1.5066230686576012,0.25459778279858664
497,0.1562,139,672,139,443633,161977,52541,55415,1.5003983104227647,0.25490818429381024
498,0.1563,130,570,130,444203,161407,52671,55285,1.495118381562859,0.2551317076772562
499,0.1564,144,576,144,444779,160831,52815,55141,1.4897828745044277,0.25531550386161167
500,0.1565,138,627,138,445406,160204,52953,55003,1.4839749527585313,0.25558183516335437
501,0.1566,125,493,125,445899,159711,53078,54878,1.479408277446367,0.2557353825219373
502,0.1567,120,538,120,446437,159173,53198,54758,1.474424765645263,0.2559610341652215
503,0.1568,122,577,122,447014,158596,53320,54636,1.4690799955537441,0.2562279582801831
504,0.1569,112,473,112,447487,158123,53432,54524,1.464698580903331,0.256406156682201
505,0.157,90,464,90,447951,157659,53522,54434,1.4604005335507058,0.2566515632293381
506,0.1571,124,619,124,448570,157040,53646,54310,1.4546667160695097,0.2569671161580317
507,0.1572,116,440,116,449010,156600,53762,54194,1.4505909815109859,0.25709460421074604
508,0.1573,106,529,106,449539,156071,53868,54088,1.4456908370076698,0.2573670411450378
509,0.1574,89,550,89,450089,155521,53957,53999,1.440596168809515,0.2577271859488354
510,0.1575,110,530,110,450619,154991,54067,53889,1.4356867612731112,0.25799023362696283
511,0.1576,117,423,117,451042,154568,54184,53772,1.4317684982770758,0.2580973408850917
512,0.1577,118,557,118,451599,154011,54302,53654,1.4266089888473081,0.258368044687357
513,0.1578,98,404,98,452003,153607,54400,53556,1.4228667234799364,0.25852106795132335
514,0.1579,96,414,96,452417,153193,54496,53460,1.419031827781689,0.2586945265735315
515,0.158,105,465,105,452882,152728,54601,53355,1.4147245173959762,0.25890054007365965
516,0.1581,108,443,108,453325,152285,54709,53247,1.4106209937381897,0.25906914738337583
517,0.1582,97,461,97,453786,151824,54806,53150,1.4063507354848273,0.25930117966181077
518,0.1583,81,489,81,454275,151335,54887,53069,1.401821112305013,0.25962799162443007
519,0.1584,109,572,109,454847,150763,54996,52960,1.3965226573789322,0.25996082916509183
520,0.1585,104,461,104,455308,150302,55100,52856,1.3922523991255698,0.26017188592130264
521,0.1586,127,635,127,455943,149667,55227,52729,1.3863703731149728,0.2605239233976956
522,0.1587,98,511,98,456454,149156,55325,52631,1.3816369632072325,0.260824532799437
523,0.1588,127,607,127,457061,148549,55452,52504,1.3760143021230873,0.2611450712001313
524,0.1589,102,581,102,457642,147968,55554,52402,1.3706324798992182,0.2615261765733393
525,0.159,131,651,131,458293,147317,55685,52271,1.3646022453592204,0.26189450267551156
526,0.1591,92,540,92,458833,146777,55777,52179,1.359600207491941,0.2622640181748728
527,0.1592,84,406,84,459239,146371,55861,52095,1.3558394160583942,0.2624882851470781
528,0.1593,116,602,116,459841,145769,55977,51979,1.3502630701396865,0.2628547444221939
529,0.1594,99,442,99,460283,145327,56076,51880,1.3461688095149875,0.263073825979808
530,0.1595,86,419,86,460702,144908,56162,51794,1.3422875986513023,0.2633120151294852
531,0.1596,97,422,97,461124,144486,56259,51697,1.3383785986883545,0.26351416789426196
532,0.1597,127,514,127,461638,143972,56386,51570,1.3336173996813516,0.2637285084534269
533,0.1598,98,443,98,462081,143529,56484,51472,1.3295138760235652,0.2639576207301501
534,0.1599,81,458,81,462539,143071,56565,51391,1.3252714068694653,0.2642727113780584
535,0.16,81,369,81,462908,142702,56646,51310,1.321853347660158,0.26446817722615096
536,0.1601,88,379,88,463287,142323,56734,51222,1.3183426581199749,0.2646516314035496
537,0.1602,109,466,109,463753,141857,56843,51113,1.3140260847011747,0.26487536922837746
538,0.1603,81,439,81,464192,141418,56924,51032,1.3099596131757383,0.2651701740711873
539,0.1604,89,406,89,464598,141012,57013,50943,1.3061988217421914,0.2653903258576229
540,0.1605,71,308,71,464906,140704,57084,50872,1.3033458075512245,0.2655447446444231
541,0.1606,77,429,77,465335,140275,57161,50795,1.2993719663566639,0.2658449782802114
542,0.1607,72,342,72,465677,139933,57233,50723,1.2962040090407203,0.26604460389392415
543,0.1608,90,392,90,466069,139541,57323,50633,1.2925729000703992,0.266245648721697
544,0.1609,70,418,70,466487,139123,57393,50563,1.2887009522398014,0.266561580717607
545,0.161,78,398,78,466885,138725,57471,50485,1.2850142650709548,0.26681993552137834
546,0.1611,104,389,104,467274,138336,57575,50381,1.2814109451998963,0.26696588012738653
547,0.1612,79,345,79,467619,137991,57654,50302,1.2782151987846901,0.26714747760139784
548,0.1613,74,336,74,467955,137655,57728,50228,1.2751028196672718,0.267336587131353
549,0.1614,49,331,49,468286,137324,57777,50179,1.2720367557152914,0.26761705146050996
550,0.1615,58,294,58,468580,137030,57835,50121,1.2693134239875505,0.26781048458196854
551,0.1616,71,395,71,468975,136635,57906,50050,1.2656545259179666,0.2680986688807349
552,0.1617,68,268,68,469243,136367,57974,49982,1.263172033050502,0.2682171624210487
553,0.1618,70,344,70,469587,136023,58044,49912,1.2599855496683834,0.2684378949632936
554,0.1619,81,383,81,469970,135640,58125,49831,1.2564378079958503,0.2686727305077344
555,0.162,60,278,60,470248,135362,58185,49771,1.25386268479751,0.26883915887497095
556,0.1621,59,260,59,470508,135102,58244,49712,1.251454296194746,0.2689839514322508
557,0.1622,49,278,49,470786,134824,58293,49663,1.248879172996406,0.26919511943931007
558,0.1623,52,257,52,471043,134567,58345,49611,1.2464985734929046,0.2693644192031622
559,0.1624,67,402,67,471445,134165,58412,49544,1.2427748341917078,0.2696873860289915
560,0.1625,51,273,51,471718,133892,58463,49493,1.2402460261588055,0.26988575946778637
561,0.1626,53,253,53,471971,133639,58516,49440,1.2379024787876542,0.27004735660561835
562,0.1627,84,402,84,472373,133237,58600,49356,1.2341787394864574,0.2703060905949297
563,0.1628,54,253,54,472626,132984,58654,49302,1.2318351921153063,0.27046509331490076
564,0.1629,73,300,73,472926,132684,58727,49229,1.22905628218904,0.2706183725187315
565,0.163,61,298,61,473224,132386,58788,49168,1.226295898328949,0.2708174978243388
566,0.1631,55,294,55,473518,132092,58843,49113,1.2235725666012078,0.27103556745122925
567,0.1632,60,239,60,473757,131853,58903,49053,1.2213587016932825,0.27115186892640375
568,0.1633,73,371,73,474128,131482,58976,48980,1.2179221164177998,0.27141448061087653
569,0.1634,65,338,65,474466,131144,59041,48915,1.2147912112342065,0.27166095557567244
570,0.1635,73,370,73,474836,130774,59114,48842,1.2113638889918115,0.2719245501514342
571,0.1636,83,375,83,475211,130399,59197,48759,1.2078902515839787,0.2721564205896471
572,0.1637,76,367,76,475578,130032,59273,48683,1.2044907184408462,0.2724057857482584
573,0.1638,75,347,75,475925,129685,59348,48608,1.201276445959465,0.2726298845159372
574,0.1639,77,308,77,476233,129377,59425,48531,1.1984234317684983,0.27278705847966367
575,0.164,81,381,81,476614,128996,59506,48450,1.19489421616214,0.2730408124161717
576,0.1641,56,260,56,476874,128736,59562,48394,1.192485827559376,0.2732117653700672
577,0.1642,76,348,76,477222,128388,59638,48318,1.1892622920449072,0.27343723472887166
578,0.1643,87,303,87,477525,128085,59725,48231,1.1864555930193783,0.2735486285986524
579,0.1644,77,285,77,477810,127800,59802,48154,1.1838156285894252,0.27367380110710754
580,0.1645,67,250,67,478060,127550,59869,48087,1.1814998703175368,0.27378627510148773
581,0.1646,107,382,107,478442,127168,59976,47980,1.177961391678091,0.2739397538082079
582,0.1647,84,343,84,478785,126825,60060,47896,1.1747841713290599,0.274128467671316
583,0.1648,71,291,71,479076,126534,60131,47825,1.1720886287005816,0.27429040083964695
584,0.1649,68,337,68,479413,126197,60199,47757,1.168966986550076,0.2745380962783264
585,0.165,66,399,66,479812,125798,60265,47691,1.1652710363481418,0.2748935090985596
586,0.1651,79,404,79,480216,125394,60344,47612,1.16152877098077,0.27520432817358936
587,0.1652,61,282,61,480498,125112,60405,47551,1.1589165956500798,0.27539774010645013
588,0.1653,91,364,91,480862,124748,60496,47460,1.15554485160621,0.2755969525225309
589,0.1654,80,346,80,481208,124402,60576,47380,1.1523398421579163,0.27581469536971276
590,0.1655,74,284,74,481492,124118,60650,47306,1.149709140761051,0.2759590255740153
591,0.1656,70,299,70,481791,123819,60720,47236,1.146939493867872,0.27614509952939115
592,0.1657,52,304,52,482095,123515,60772,47184,1.1441235318092555,0.2764163820526189
593,0.1658,93,403,93,482498,123112,60865,47091,1.1403905294749712,0.2766754992567699
594,0.1659,62,285,62,482783,122827,60927,47029,1.1377505650450184,0.27687570648078375
595,0.166,101,430,101,483213,122397,61028,46928,1.13376746081737,0.2771474974162114
596,0.1661,88,339,88,483552,122058,61116,46840,1.130627292600689,0.27732714419353693
597,0.1662,86,387,86,483939,121671,61202,46754,1.1270424987958056,0.27759536885854236
598,0.1663,87,308,87,484247,121363,61289,46667,1.124189484604839,0.2777301672320419
599,0.1664,122,505,122,484752,120858,61411,46545,1.1195116528956242,0.27804161215748824
600,0.1665,86,355,86,485107,120503,61497,46459,1.1162232761495423,0.2782609216468418
601,0.1666,125,431,125,485538,120072,61622,46334,1.1122309088888065,0.2784394793456967
602,0.1667,95,352,95,485890,119720,61717,46239,1.1089703212419875,0.2786170078151833
603,0.1668,57,278,57,486168,119442,61774,46182,1.1063951980436475,0.27883640052166353
604,0.1669,103,430,103,486598,119012,61877,46079,1.1024120938159991,0.2791127317661169
605,0.167,99,367,99,486965,118645,61976,45980,1.0990125606728667,0.2793014426727411
606,0.1671,91,384,91,487349,118261,62067,45889,1.0954555559672459,0.27955528480048736
607,0.1672,101,369,101,487718,117892,62168,45788,1.0920374967579385,0.2797409579667644
608,0.1673,114,409,114,488127,117483,62282,45674,1.0882489162251288,0.27993895450394407
609,0.1674,87,383,87,488510,117100,62369,45587,1.0847011745525954,0.2802129242041466
610,0.1675,88,391,88,488901,116709,62457,45499,1.0810793286153617,0.28049787926612746
611,0.1676,103,483,103,489384,116226,62560,45396,1.0766052836340732,0.2808776032965809
612,0.1677,121,474,121,489858,115752,62681,45275,1.0722146059505724,0.281164028392754
613,0.1678,135,569,135,490427,115183,62816,45140,1.0669439401237542,0.2815566075984107
614,0.1679,139,521,139,490948,114662,62955,45001,1.0621178998851384,0.2818498963441749
615,0.168,96,475,96,491423,114187,63051,44905,1.0577179591685502,0.28225806451612906
616,0.1681,113,405,113,491828,113782,63164,44792,1.0539664307680907,0.2824674915181556
617,0.1682,126,430,126,492258,113352,63290,44666,1.0499833265404424,0.2826640003037629
618,0.1683,154,596,154,492854,112756,63444,44512,1.04446255882026,0.283032784800468
619,0.1684,113,416,113,493270,112340,63557,44399,1.0406091370558375,0.28326708732351236
620,0.1685,152,586,152,493856,111754,63709,44247,1.0351809996665309,0.2836327972256588
621,0.1686,111,457,111,494313,111297,63820,44136,1.0309477935455185,0.2839551446604003
622,0.1687,117,478,117,494791,110819,63937,44019,1.0265200637296676,0.2842906779989408
623,0.1688,101,394,101,495185,110425,64038,43918,1.0228704286931714,0.2845480520658533
624,0.1689,94,455,94,495640,109970,64132,43824,1.018655748638334,0.28495259893103764
625,0.169,102,415,102,496055,109555,64234,43722,1.0148115899069992,0.2852482759970511
626,0.1691,106,559,106,496614,108996,64340,43616,1.0096335544110564,0.2857966608130422
627,0.1692,125,458,125,497072,108538,64465,43491,1.0053910852569565,0.28607042077498374
628,0.1693,111,470,111,497542,108068,64576,43380,1.001037459705806,0.2864349479689398
629,0.1694,144,658,144,498200,107410,64720,43236,0.9949423839341954,0.28700396957104735
630,0.1695,160,593,160,498793,106817,64880,43076,0.9894494053132757,0.28737832987531103
631,0.1696,93,441,93,499234,106376,64973,42983,0.9853644077216643,0.28778312656083666
632,0.1697,97,446,97,499680,105930,65070,42886,0.9812330949646152,0.2881813783464144
633,0.1698,135,537,135,500217,105393,65205,42751,0.9762588461965986,0.2885773301652446
634,0.1699,140,716,140,500933,104677,65345,42611,0.9696265145059099,0.28930394872630494
635,0.17,114,524,114,501457,104153,65459,42497,0.9647726851680314,0.2897852028639618
636,0.1701,131,512,131,501969,103641,65590,42366,0.9600300122272036,0.29016417021101726
637,0.1702,193,787,193,502756,102854,65783,42173,0.9527400051872985,0.2907941279899605
638,0.1703,123,636,123,503392,102218,65906,42050,0.9468487161436141,0.29147142817534033
639,0.1704,125,579,125,503971,101639,66031,41925,0.9414854199859202,0.29203003538491545
640,0.1705,142,630,142,504601,101009,66173,41783,0.9356497091407611,0.2926144321810746
641,0.1706,177,613,177,505214,100396,66350,41606,0.9299714698580903,0.29299587329755916
642,0.1707,150,640,150,505854,99756,66500,41456,0.9240431286820556,0.2935727841826474
643,0.1708,127,487,127,506341,99269,66627,41329,0.9195320315684168,0.2939515498086744
644,0.1709,135,722,135,507063,98547,66762,41194,0.9128441216792026,0.29478821534123845
645,0.171,69,317,69,507380,98230,66831,41125,0.909907740190448,0.2951096121416526
646,0.1711,89,348,89,507728,97882,66920,41036,0.9066842046759791,0.2953972847291208
647,0.1712,90,326,90,508054,97556,67010,40946,0.9036644558894364,0.29563472007624436
648,0.1713,90,366,90,508420,97190,67100,40856,0.9002741857793916,0.29595931790852326
649,0.1714,119,399,119,508819,96791,67219,40737,0.8965782355774575,0.2962087720318771
650,0.1715,102,426,102,509245,96365,67321,40635,0.8926321834821594,0.2966058394160584
651,0.1716,94,419,94,509664,95946,67415,40541,0.8887509726184742,0.2970319517609736
652,0.1717,104,526,104,510190,95420,67519,40437,0.8838786172144207,0.2976438461028876
653,0.1718,98,359,98,510549,95061,67617,40339,0.8805531883359887,0.29792466765140324
654,0.1719,106,535,106,511084,94526,67723,40233,0.8755974656341472,0.29855519853961515
655,0.172,68,291,68,511375,94235,67791,40165,0.8729019230056689,0.2988467261904762
656,0.1721,135,627,135,512002,93608,67926,40030,0.8670940012597725,0.29954054984360734
657,0.1722,61,279,61,512281,93329,67987,39969,0.8645096150283449,0.2998469594442527
658,0.1723,77,288,77,512569,93041,68064,39892,0.8618418614991292,0.3000910232974506
659,0.1724,79,313,79,512882,92728,68143,39813,0.8589425321427249,0.30038252314378194
660,0.1725,83,336,83,513218,92392,68226,39730,0.8558301530253066,0.30070692238991237
661,0.1726,75,279,75,513497,92113,68301,39655,0.853245766793879,0.300945601359966
662,0.1727,94,327,94,513824,91786,68395,39561,0.8502167549742488,0.3011945457452397
663,0.1728,64,365,64,514189,91421,68459,39497,0.8468357478972914,0.30169266258268534
664,0.1729,60,369,60,514558,91052,68519,39437,0.843417688687984,0.3022247085961269
665,0.173,79,355,79,514913,90697,68598,39358,0.8401293119419022,0.3026258121563954
666,0.1731,77,440,77,515353,90257,68675,39281,0.8360535773833784,0.3032392039401566
667,0.1732,91,299,91,515652,89958,68766,39190,0.8332839304901997,0.3034503050763465
668,0.1733,68,288,68,515940,89670,68834,39122,0.8306161769609841,0.3037611031741102
669,0.1734,103,464,103,516404,89206,68937,39019,0.8263181296083589,0.3043010333398323
670,0.1735,133,357,133,516761,88849,69070,38886,0.8230112267961022,0.30442713430148355
671,0.1736,88,371,88,517132,88478,69158,38798,0.8195746415206195,0.30483358999340016
672,0.1737,99,398,99,517530,88080,69257,38699,0.815887954351773,0.30524771452685384
673,0.1738,117,438,117,517968,87642,69374,38582,0.8118307458594242,0.30566294840917735
674,0.1739,116,374,116,518342,87268,69490,38466,0.8083663714846789,0.3059315698220052
675,0.174,142,506,142,518848,86762,69632,38324,0.8036792767423765,0.3063812097277073
676,0.1741,110,364,110,519212,86398,69742,38214,0.8003075326985069,0.3066638846981029
677,0.1742,111,421,111,519633,85977,69853,38103,0.7964077957686465,0.30708413926499034
678,0.1743,121,425,121,520058,85552,69974,37982,0.792471006706436,0.30746191331941003
679,0.1744,133,452,133,520510,85100,70107,37849,0.7882841157508614,0.3078430894110566
680,0.1745,103,405,103,520915,84695,70210,37746,0.784532587350402,0.30827908952066707
681,0.1746,116,402,116,521317,84293,70326,37630,0.7808088480492053,0.3086374186986869
682,0.1747,100,364,100,521681,83929,70426,37530,0.7774371040053355,0.30899315818506656
683,0.1748,108,423,108,522104,83506,70534,37422,0.7735188410093001,0.3094568668960042
684,0.1749,82,428,82,522532,83078,70616,37340,0.7695542628478269,0.3100865319138335
685,0.175,127,501,127,523033,82577,70743,37213,0.7649134832709622,0.3106519742883379
686,0.1751,103,374,103,523407,82203,70846,37110,0.761449108896217,0.31103065047396344
687,0.1752,120,397,120,523804,81806,70966,36990,0.757771684760458,0.31137412034075224
688,0.1753,132,483,132,524287,81323,71098,36858,0.7532976397791693,0.3118775437676107
689,0.1754,121,383,121,524670,80940,71219,36737,0.7497498981066361,0.31218504890505366
690,0.1755,116,431,116,525101,80509,71335,36621,0.7457575308459001,0.31265260821309654
691,0.1756,95,417,95,525518,80092,71430,36526,0.7418948460483901,0.31321065358692485
692,0.1757,127,525,127,526043,79567,71557,36399,0.7370317536774241,0.3138764810375455
693,0.1758,94,391,94,526434,79176,71651,36305,0.7334099077401904,0.314380720638027
694,0.1759,98,333,98,526767,78843,71749,36207,0.7303253177220349,0.31470664928292047
695,0.176,141,446,141,527213,78397,71890,36066,0.7261940049649858,0.31508871862523263
696,0.1761,112,428,112,527641,77969,72002,35954,0.7222294268035125,0.3155991327475576
697,0.1762,142,567,142,528208,77402,72144,35812,0.7169772870428693,0.31632130301906125
698,0.1763,110,357,110,528565,77045,72254,35702,0.7136703842306125,0.31665587554436037
699,0.1764,132,501,132,529066,76544,72386,35570,0.7090296046537479,0.31726635388979074
700,0.1765,134,422,134,529488,76122,72520,35436,0.7051206046908,0.317646426074329
701,0.1766,117,447,117,529935,75675,72637,35319,0.7009800289006632,0.3182063895345694
702,0.1767,132,446,132,530381,75229,72769,35187,0.6968487161436141,0.3186766410665121
703,0.1768,142,455,142,530836,74774,72911,35045,0.6926340360887769,0.3191159999635764
704,0.1769,100,385,100,531221,74389,73011,34945,0.6890677683500686,0.31961695355516123
705,0.177,154,498,154,531719,73891,73165,34791,0.6844547778724666,0.32011740674628736
706,0.1771,134,376,134,532095,73515,73299,34657,0.6809718774315462,0.3203879007506564
707,0.1772,150,469,150,532564,73046,73449,34507,0.6766275149134833,0.3208371686517345
708,0.1773,159,500,159,533064,72546,73608,34348,0.6719959983697061,0.32132767040245475
709,0.1774,152,512,152,533576,72034,73760,34196,0.6672533254288784,0.3219052998211428
710,0.1775,114,402,114,533978,71632,73874,34082,0.6635295861276816,0.322398168643699
711,0.1776,164,529,164,534507,71103,74038,33918,0.6586294416243654,0.3229639786328449
712,0.1777,221,633,221,535140,70470,74259,33697,0.6527659416799437,0.3234901648314725
713,0.1778,118,386,118,535526,70084,74377,33579,0.6491904109081478,0.3239246404213654
714,0.1779,182,679,182,536205,69405,74559,33397,0.6429008114416984,0.32486722048209177
715,0.178,178,498,178,536703,68907,74737,33219,0.6382878209640965,0.3252746607132366
716,0.1781,161,572,161,537275,68335,74898,33058,0.6329893660380155,0.3260382866667324
717,0.1782,189,596,189,537871,67739,75087,32869,0.6274685983178332,0.3267036418575064
718,0.1783,186,564,186,538435,67175,75273,32683,0.6222442476564526,0.3272947585571512
719,0.1784,204,602,204,539037,66573,75477,32479,0.616667901737745,0.32789847756733836
720,0.1785,199,602,199,539639,65971,75676,32280,0.6110915558190374,0.3285462743381747
721,0.1786,142,525,142,540164,65446,75818,32138,0.6062284634480715,0.3293367765207411
722,0.1787,207,668,207,540832,64778,76025,31931,0.6000407573455853,0.33017609529619785
723,0.1788,211,638,211,541470,64140,76236,31720,0.5941309422357257,0.33089922804089295
724,0.1789,276,816,276,542286,63324,76512,31444,0.5865723072362814,0.33179976363329394
725,0.179,204,560,204,542846,62764,76716,31240,0.5813850087072511,0.3323262839879154
726,0.1791,280,885,280,543731,61879,76996,30960,0.5731872244247657,0.33348054158274
727,0.1792,212,657,212,544388,61222,77208,30748,0.5671014116862425,0.3343264107861259
728,0.1793,229,760,229,545148,60462,77437,30519,0.5600615065397013,0.33544366406172715
729,0.1794,154,404,154,545552,60058,77591,30365,0.5563192411723294,0.3358105791668049
730,0.1795,245,725,245,546277,59333,77836,30120,0.5496035421838527,0.3367131342716287
731,0.1796,139,442,139,546719,58891,77975,29981,0.5455092815591537,0.3373503465658475
732,0.1797,153,453,153,547172,58438,78128,29828,0.5413131275704917,0.3379330659597127
733,0.1798,159,493,159,547665,57945,78287,29669,0.5367464522583275,0.338633095167439
734,0.1799,139,356,139,548021,57589,78426,29530,0.5334488124791582,0.3389616501566822
735,0.18,147,481,147,548502,57108,78573,29383,0.5289932935640446,0.33972320819507235
736,0.1801,111,327,111,548829,56781,78684,29272,0.5259642817444143,0.3401624580200574
737,0.1802,122,294,122,549123,56487,78806,29150,0.5232409500166735,0.3403902518771092
738,0.1803,99,315,99,549438,56172,78905,29051,0.5203230945940939,0.3408821562254321
739,0.1804,107,254,107,549692,55918,79012,28944,0.5179702841898551,0.3410713864862954
740,0.1805,98,295,98,549987,55623,79110,28846,0.5152376894290266,0.34149806437864777
741,0.1806,110,344,110,550331,55279,79220,28736,0.512051206046908,0.3420341605665655
742,0.1807,91,242,91,550573,55037,79311,28645,0.5098095520397199,0.3423077842307784
743,0.1808,94,245,94,550818,54792,79405,28551,0.5075401089332691,0.34257226161765236
744,0.1809,79,269,79,551087,54523,79484,28472,0.505048353032717,0.34305681065124405
745,0.181,103,292,103,551379,54231,79587,28369,0.5023435473711512,0.34345036319612593
746,0.1811,98,292,98,551671,53939,79685,28271,0.4996387417095854,0.343887604914244
747,0.1812,94,265,94,551936,53674,79779,28177,0.49718403794138355,0.3442474740687346
748,0.1813,81,319,81,552255,53355,79860,28096,0.4942291303864537,0.3449435857141103
749,0.1814,72,239,72,552494,53116,79932,28024,0.4920152654785283,0.34537835839290115
750,0.1815,112,312,112,552806,52804,80044,27912,0.4891251991552114,0.34580504484860497
751,0.1816,114,314,114,553120,52490,80158,27798,0.4862166067657194,0.3462285771223595
752,0.1817,86,189,86,553309,52301,80244,27712,0.4844658935121716,0.34634371914563883
753,0.1818,90,215,90,553524,52086,80334,27622,0.4824743413983475,0.3465398705274251
754,0.1819,104,303,104,553827,51783,80438,27518,0.47966764237281856,0.34700697343034764
755,0.182,61,210,61,554037,51573,80499,27457,0.4777224054244322,0.3474250284702012
756,0.1821,76,257,76,554294,51316,80575,27381,0.4753418059209307,0.3479294001041971
757,0.1822,51,226,51,554520,51090,80626,27330,0.4732483604431435,0.3485080336648814
758,0.1823,83,220,83,554740,50870,80709,27247,0.4712104931638816,0.34879731684524495
759,0.1824,56,155,56,554895,50715,80765,27191,0.4697747230353107,0.3490231817831746
760,0.1825,57,152,57,555047,50563,80822,27134,0.4683667420060024,0.34922841293743645
761,0.1826,55,129,55,555176,50434,80877,27079,0.46717181073770797,0.3493478513281643
762,0.1827,58,136,58,555312,50298,80935,27021,0.4659120382378006,0.3494742560043456
763,0.1828,82,203,82,555515,50095,81017,26939,0.4640316425210271,0.3497027286652647
764,0.1829,69,154,69,555669,49941,81086,26870,0.46260513542554377,0.34981968728437335
765,0.183,60,126,60,555795,49815,81146,26810,0.4614379932565119,0.34988580750407833
766,0.1831,32,111,32,555906,49704,81178,26778,0.4604097965837934,0.35012159723856595
767,0.1832,44,115,44,556021,49589,81222,26734,0.4593445477787247,0.3502744913066834
768,0.1833,54,135,54,556156,49454,81276,26680,0.45809403831190487,0.3504347597656763
769,0.1834,60,145,60,556301,49309,81336,26620,0.45675089851420947,0.3505906834015989
770,0.1835,30,103,30,556404,49206,81366,26590,0.4557968061061914,0.3508100691329358
771,0.1836,45,133,45,556537,49073,81411,26545,0.4545648227055467,0.3510407574916025
772,0.1837,40,107,40,556644,48966,81451,26505,0.4535736781651784,0.35119449854911156
773,0.1838,30,94,30,556738,48872,81481,26475,0.4527029530549483,0.3513743082007246
774,0.1839,39,144,39,556882,48728,81520,26436,0.4513690762903405,0.35171092544303123
775,0.184,37,100,37,556982,48628,81557,26399,0.4504427729815851,0.3518599970677223
776,0.1841,46,146,46,557128,48482,81603,26353,0.44909037015080217,0.3521480590632725
777,0.1842,30,123,30,557251,48359,81633,26323,0.447951017081033,0.3524677967917303
778,0.1843,27,74,27,557325,48285,81660,26296,0.447265552632554,0.3525830975717676
779,0.1844,32,83,32,557408,48202,81692,26264,0.446496720886287,0.3526978755405151
780,0.1845,45,105,45,557513,48097,81737,26219,0.44552410241209384,0.35280424134775823
781,0.1846,36,114,36,557627,47983,81773,26183,0.44446811664011265,0.35303238680797133
782,0.1847,25,84,25,557711,47899,81798,26158,0.44369002186075807,0.35321441592287023
783,0.1848,38,130,38,557841,47769,81836,26120,0.44248582755937604,0.353503227814695
784,0.1849,24,83,24,557924,47686,81860,26096,0.441716995813109,0.35369060204385894
785,0.185,29,89,29,558013,47597,81889,26067,0.4408925858683167,0.3538634882710686
786,0.1851,52,92,52,558105,47505,81941,26015,0.4400403868242617,0.3538492927094668
787,0.1852,46,97,46,558202,47408,81987,25969,0.439141872614769,0.35391198877032315
788,0.1853,36,98,36,558300,47310,82023,25933,0.43823409537218866,0.3540679655393689
789,0.1854,47,135,47,558435,47175,82070,25886,0.43698358590536884,0.3543066752439742
790,0.1855,46,166,46,558601,47009,82116,25840,0.43544592241283486,0.35470631031311345
791,0.1856,36,108,36,558709,46901,82152,25804,0.434445514839379,0.35491369231827247
792,0.1857,45,92,45,558801,46809,82197,25759,0.433593315795324,0.35496362032851947
793,0.1858,49,144,49,558945,46665,82246,25710,0.43225943903071623,0.35523316062176163
794,0.1859,42,122,42,559067,46543,82288,25668,0.4311293489940346,0.35545830967581116
795,0.186,57,126,57,559193,46417,82345,25611,0.4299622068250028,0.3555700560892986
796,0.1861,39,119,39,559312,46298,82384,25572,0.4288599058875838,0.3558090997634618
797,0.1862,62,154,62,559466,46144,82446,25510,0.42743339879210046,0.35601641220308705
798,0.1863,66,134,66,559600,46010,82512,25444,0.4261921523583682,0.35608923223332495
799,0.1864,38,107,38,559707,45903,82550,25406,0.4252010078179999,0.3562804134120518
800,0.1865,94,213,94,559920,45690,82644,25312,0.42322798177035087,0.3564970000845047
801,0.1866,61,126,61,560046,45564,82705,25251,0.42206083960131907,0.356576996399068
802,0.1867,36,103,36,560149,45461,82741,25215,0.421106747193301,0.35676891731280774
803,0.1868,47,110,47,560259,45351,82788,25168,0.42008781355367003,0.356896722869014
804,0.1869,68,153,68,560412,45198,82856,25100,0.41867056949127424,0.35705140971293636
805,0.187,30,90,30,560502,45108,82886,25070,0.41783689651339434,0.3572344609421756
806,0.1871,55,133,55,560635,44975,82941,25015,0.41660491311274966,0.35740820117159594
807,0.1872,38,100,38,560735,44875,82979,24977,0.41567860980399424,0.3575702914734009
808,0.1873,38,112,38,560847,44763,83017,24939,0.41464115009818814,0.35779461134544205
809,0.1874,48,131,48,560978,44632,83065,24891,0.41342769276371855,0.35802540166563585
810,0.1875,51,103,51,561081,44529,83116,24840,0.41247360035570046,0.35808502356960603
811,0.1876,59,132,59,561213,44397,83175,24781,0.4112508799881433,0.35822082164850094
812,0.1877,28,121,28,561334,44276,83203,24753,0.41013005298454924,0.35858841935997915
813,0.1878,73,176,73,561510,44100,83276,24680,0.40849975916113973,0.3588252398953184
814,0.1879,31,73,31,561583,44027,83307,24649,0.40782355774574824,0.3589172345506436
815,0.188,31,80,31,561663,43947,83338,24618,0.40708251509874394,0.3590461605775541
816,0.1881,35,104,35,561767,43843,83373,24583,0.4061191596576383,0.35926402244760763
817,0.1882,25,92,25,561859,43751,83398,24558,0.4052669606135833,0.35951338769415453
818,0.1883,16,86,16,561945,43665,83414,24542,0.40447033976805363,0.35981644112774347
819,0.1884,33,79,33,562024,43586,83447,24509,0.4037385601541369,0.3599236360966297
820,0.1885,28,82,28,562106,43504,83475,24481,0.40297899144095745,0.3600941384128852
821,0.1886,31,82,31,562188,43422,83506,24450,0.402219422727778,0.36023691654879775
822,0.1887,33,112,33,562300,43310,83539,24417,0.4011819630219719,0.3605209148493215
823,0.1888,30,103,30,562403,43207,83569,24387,0.4002278706139538,0.3607864603367163
824,0.1889,36,81,36,562484,43126,83605,24351,0.39947756493386194,0.36087852157031286
825,0.189,44,120,44,562604,43006,83649,24307,0.39836600096335545,0.3611040957913033
826,0.1891,16,77,16,562681,42929,83665,24291,0.3976527474156138,0.36136566498066053
827,0.1892,26,91,26,562772,42838,83691,24265,0.39680981140464633,0.361608273847667
828,0.1893,31,91,31,562863,42747,83722,24234,0.3959668753936789,0.3618040936982129
829,0.1894,35,71,35,562934,42676,83757,24199,0.39530920004446257,0.3618542056074766
830,0.1895,42,95,42,563029,42581,83799,24157,0.39442921190114494,0.3619676945668135
831,0.1896,26,94,26,563123,42487,83825,24131,0.3935584867909148,0.3622294274820619
832,0.1897,14,54,14,563177,42433,83839,24117,0.3930582830041869,0.362389181066867
833,0.1898,37,69,37,563246,42364,83876,24080,0.3924191337211457,0.36241045090602614
834,0.1899,36,88,36,563334,42276,83912,24044,0.39160398680944086,0.36254523522316046
835,0.19,29,94,29,563428,42182,83941,24015,0.3907332616992108,0.3627807906702721
836,0.1901,28,56,28,563484,42126,83969,23987,0.3902145318463078,0.3628182051941373
837,0.1902,25,73,25,563557,42053,83994,23962,0.3895383304309163,0.36297811103537075
838,0.1903,21,46,21,563603,42007,84015,23941,0.3891122309088888,0.3630284466549403
839,0.1904,20,64,20,563667,41943,84035,23921,0.38851939679128533,0.3631877808818171
840,0.1905,22,101,22,563768,41842,84057,23899,0.3875838304494424,0.36353265085715153
841,0.1906,17,62,17,563830,41780,84074,23882,0.387009522398014,0.3637111266790533
842,0.1907,21,71,21,563901,41709,84095,23861,0.38635184704879766,0.3639011743175233
843,0.1908,23,55,23,563956,41654,84118,23838,0.38584238022898215,0.3639833872839431
844,0.1909,17,73,17,564029,41581,84135,23821,0.3851661788135907,0.3642243356472279
845,0.191,24,64,24,564093,41517,84159,23797,0.38457334469598725,0.3643476130691735
846,0.1911,22,53,22,564146,41464,84181,23775,0.3840824039423469,0.36442925244102453
847,0.1912,19,76,19,564222,41388,84200,23756,0.38337841342769274,0.3646690408940194
848,0.1913,17,82,17,564304,41306,84217,23739,0.3826188447145133,0.36496271811822584
849,0.1914,22,52,22,564356,41254,84239,23717,0.3821371669939605,0.3650397869818842
850,0.1915,21,75,21,564431,41179,84260,23696,0.3814424395123939,0.3652562620423892
851,0.1916,16,70,16,564501,41109,84276,23680,0.38079402719626515,0.36549414252419393
852,0.1917,12,74,12,564575,41035,84288,23668,0.38010856274778615,0.3657944762993988
853,0.1918,19,53,19,564628,40982,84307,23649,0.3796176219941458,0.3659080008045675
854,0.1919,25,64,25,564692,40918,84332,23624,0.3790247878765423,0.366025223885222
855,0.192,26,67,26,564759,40851,84358,23598,0.3784041646596762,0.36614997905320484
856,0.1921,17,43,17,564802,40808,84375,23581,0.37800585423691135,0.3662271506002578
857,0.1922,19,54,19,564856,40754,84394,23562,0.3775056504501834,0.36634740966478013
858,0.1923,34,75,34,564931,40679,84428,23528,0.37681092296861685,0.3664397962838943
859,0.1924,18,64,18,564995,40615,84446,23510,0.3762180888510134,0.36662768031189086
860,0.1925,23,48,23,565043,40567,84469,23487,0.37577346326281075,0.3666749929746776
861,0.1926,18,64,18,565107,40503,84487,23469,0.37518062914520733,0.36686362783717874
862,0.1927,26,61,26,565168,40442,84513,23443,0.3746155841268665,0.36695624951083977
863,0.1928,21,53,21,565221,40389,84534,23422,0.37412464337322615,0.3670527025121061
864,0.1929,24,53,24,565274,40336,84558,23398,0.3736337026195858,0.36711959079925943
865,0.193,17,46,17,565320,40290,84575,23381,0.37320760309755824,0.3672158439477941
866,0.1931,25,44,25,565364,40246,84600,23356,0.3728000296417059,0.36722115656740356
867,0.1932,16,44,16,565408,40202,84616,23340,0.3723924561858535,0.36731610588272323
868,0.1933,17,68,17,565476,40134,84633,23323,0.3717625699358998,0.36754022408875303
869,0.1934,20,45,20,565521,40089,84653,23303,0.37134573344695987,0.36760159010600707
870,0.1935,20,47,20,565568,40042,84673,23283,0.3709103708918448,0.3676746940386893
871,0.1936,21,49,21,565617,39993,84694,23262,0.37045648227055467,0.36774958501304245
872,0.1937,27,47,27,565664,39946,84721,23235,0.3700211197154396,0.3677529637074437
873,0.1938,17,52,17,565716,39894,84738,23218,0.3695394419948868,0.3678856635822031
874,0.1939,20,59,20,565775,39835,84758,23198,0.36899292304272113,0.36802944489394446
875,0.194,21,31,21,565806,39804,84779,23177,0.3687057690170069,0.36799987297756465
876,0.1941,13,51,13,565857,39753,84792,23164,0.3682333543295417,0.36816758586709475
877,0.1942,11,54,11,565911,39699,84803,23153,0.36773315054281375,0.3683733214535735
878,0.1943,18,38,18,565949,39661,84821,23135,0.3673811552854867,0.3684151856806166
879,0.1944,11,28,11,565977,39633,84832,23124,0.36712179035903514,0.36846885606386537
880,0.1945,19,48,19,566025,39585,84851,23105,0.36667716477083256,0.3685595788802042
881,0.1946,16,34,16,566059,39551,84867,23089,0.36636222164585575,0.3685983397190294
882,0.1947,31,55,31,566114,39496,84898,23058,0.36585275482604024,0.36860952137353326
883,0.1948,15,50,15,566164,39446,84913,23043,0.3653896031716625,0.36875290051048987
884,0.1949,22,50,22,566214,39396,84935,23021,0.3649264515172848,0.36882580066328086
885,0.195,13,43,13,566257,39353,84948,23008,0.36452814109452,0.3689485415564215
886,0.1951,12,59,12,566316,39294,84960,22996,0.3639816221423543,0.3691764328142559
887,0.1952,25,46,25,566362,39248,84985,22971,0.3635555226203268,0.3691959047879265
888,0.1953,22,56,22,566418,39192,85007,22949,0.3630367927674238,0.36930528958336684
889,0.1954,22,62,22,566480,39130,85029,22927,0.3624624847159954,0.3694506663228967
890,0.1955,20,57,20,566537,39073,85049,22907,0.3619344918300048,0.36958696353662474
891,0.1956,26,68,26,566605,39005,85075,22881,0.3613046055800511,0.3697282099343955
892,0.1957,17,36,17,566641,38969,85092,22864,0.36097113638889916,0.36977018744036355
893,0.1958,20,55,20,566696,38914,85112,22844,0.3604616695690837,0.3698953981670391
894,0.1959,26,47,26,566743,38867,85138,22818,0.36002630701396865,0.3699116478884656
895,0.196,24,66,24,566809,38801,85162,22794,0.3594149468301901,0.3700625050734638
896,0.1961,19,54,19,566863,38747,85181,22775,0.35891474304346216,0.37019277656773186
897,0.1962,15,41,15,566904,38706,85196,22760,0.3585349586868724,0.3702860117788696
898,0.1963,19,57,19,566961,38649,85215,22741,0.3580069658008818,0.3704349242547646
899,0.1964,11,47,11,567008,38602,85226,22730,0.3575716032457668,0.37060588273658124
900,0.1965,15,54,15,567062,38548,85241,22715,0.3570713994590389,0.3707784470234889
901,0.1966,17,42,17,567104,38506,85258,22698,0.3566823520693616,0.37085811384876805
902,0.1967,16,65,16,567169,38441,85274,22682,0.35608025491867057,0.3710878065539977
903,0.1968,11,56,11,567225,38385,85285,22671,0.35556152506576755,0.37131485849056606
904,0.1969,19,62,19,567287,38323,85304,22652,0.35498721701433916,0.3714965149651496
905,0.197,20,48,20,567335,38275,85324,22632,0.3545425914261366,0.3715829050848014
906,0.1971,20,54,20,567389,38221,85344,22612,0.35404238763940865,0.3717061463350484
907,0.1972,20,64,20,567453,38157,85364,22592,0.3534495535218052,0.3718908953233798
908,0.1973,22,59,22,567512,38098,85386,22570,0.3529030345696395,0.37202479066394145
909,0.1974,19,85,19,567597,38013,85405,22551,0.3521156767571974,0.37234991083812163
910,0.1975,18,75,18,567672,37938,85423,22533,0.35142094927563083,0.3726248945775661
911,0.1976,16,68,16,567740,37870,85439,22517,0.35079106302567714,0.3728782685014987
912,0.1977,27,78,27,567818,37792,85466,22490,0.3500685464448479,0.3730798580007299
913,0.1978,21,70,21,567888,37722,85487,22469,0.3494201341287191,0.37329501088202555
914,0.1979,14,71,14,567959,37651,85501,22455,0.34876245877950274,0.373589991015872
915,0.198,20,84,20,568043,37567,85521,22435,0.3479843640001482,0.37390420319322687
916,0.1981,30,87,30,568130,37480,85551,22405,0.347178480121531,0.37413375636636886
917,0.1982,21,66,21,568196,37414,85572,22384,0.3465671199377524,0.3743269005652363
918,0.1983,15,75,15,568271,37339,85587,22369,0.34587239245618584,0.37463991424934684
919,0.1984,28,97,28,568368,37242,85615,22341,0.3449738782466931,0.37495594380947583
920,0.1985,22,75,22,568443,37167,85637,22319,0.34427915076512655,0.37519752546817736
921,0.1986,25,89,25,568532,37078,85662,22294,0.3434547408203342,0.3754968672101327
922,0.1987,24,83,24,568615,36995,85686,22270,0.3426859090740672,0.3757698472960432
923,0.1988,27,93,27,568708,36902,85713,22243,0.34182444699692466,0.3760757460478485
924,0.1989,28,114,28,568822,36788,85741,22215,0.3407684612249435,0.37650627934172837
925,0.199,41,139,41,568961,36649,85782,22174,0.33948089962577344,0.37696139265253387
926,0.1991,33,96,33,569057,36553,85815,22141,0.3385916484493683,0.3772276552969639
927,0.1992,24,87,24,569144,36466,85839,22117,0.33778576457075105,0.3775327313384429
928,0.1993,42,113,42,569257,36353,85881,22075,0.33673904183185743,0.37781543095776
929,0.1994,33,89,33,569346,36264,85914,22042,0.3359146318870651,0.37803999588378556
930,0.1995,32,106,32,569452,36158,85946,22010,0.33493275037978437,0.37838674185118965
931,0.1996,24,103,24,569555,36055,85970,21986,0.3339786579717663,0.37880119226064335
932,0.1997,36,104,36,569659,35951,86006,21950,0.33301530253066064,0.3790953524118754
933,0.1998,33,125,33,569784,35826,86039,21917,0.33185742339471636,0.37956115892835496
934,0.1999,35,98,35,569882,35728,86074,21882,0.33094964615213607,0.3798298906439854
935,0.2,28,70,28,569952,35658,86102,21854,0.33030123383600724,0.37999026290165533
936,0.2001,37,89,37,570041,35569,86139,21817,0.32947682389121496,0.3801798348029136
937,0.2002,41,116,41,570157,35453,86180,21776,0.32840231205305864,0.38050638662216707
938,0.2003,43,91,43,570248,35362,86223,21733,0.32755937604209123,0.38064629126893773
939,0.2004,39,103,39,570351,35259,86262,21694,0.32660528363407315,0.3809105753867224
940,0.2005,44,112,44,570463,35147,86306,21650,0.32556782392826705,0.3811821046886279
941,0.2006,36,102,36,570565,35045,86342,21614,0.32462299455333654,0.38147514075433736
942,0.2007,54,125,54,570690,34920,86396,21560,0.32346511541739226,0.38172804532577903
943,0.2008,38,108,38,570798,34812,86434,21522,0.32246470784393644,0.3820428160613484
944,0.2009,45,125,45,570923,34687,86479,21477,0.32130682870799215,0.38239797735204045
945,0.201,60,120,60,571043,34567,86539,21417,0.32019526473748566,0.38255573020863104
946,0.2011,51,96,51,571139,34471,86590,21366,0.31930601356108046,0.3826494976449308
947,0.2012,48,136,48,571275,34335,86638,21318,0.3180462410611731,0.3830521265699962
948,0.2013,46,96,46,571371,34239,86684,21272,0.31715698988476787,0.38320332906991406
949,0.2014,35,109,35,571480,34130,86719,21237,0.3161473192782245,0.3835678292123467
950,0.2015,70,135,70,571615,33995,86789,21167,0.31489680981140467,0.3837243029621841
951,0.2016,38,94,38,571709,33901,86827,21129,0.31402608470117455,0.38395420679629294
952,0.2017,38,90,38,571799,33811,86865,21091,0.31319241172329465,0.38415722560198173
953,0.2018,66,124,66,571923,33687,86931,21025,0.31204379562043794,0.38428498318467613
954,0.2019,59,91,59,572014,33596,86990,20966,0.3112008596094705,0.38426010776731057
955,0.202,58,114,58,572128,33482,87048,20908,0.31014487383748934,0.384408898694613
956,0.2021,52,126,52,572254,33356,87100,20856,0.30897773166845754,0.38471187191027817
957,0.2022,39,115,39,572369,33241,87139,20817,0.3079124828633888,0.3850863886936254
958,0.2023,49,114,49,572483,33127,87188,20768,0.3068564970914076,0.38534186844790796
959,0.2024,46,109,46,572592,33018,87234,20722,0.3058468264848642,0.38559732043170825
960,0.2025,56,138,56,572730,32880,87290,20666,0.30456852791878175,0.3859485302356852
961,0.2026,48,106,48,572836,32774,87338,20618,0.30358664641150096,0.3861627210068924
962,0.2027,45,128,45,572964,32646,87383,20573,0.302400978176294,0.3865724647212462
963,0.2028,45,108,45,573072,32538,87428,20528,0.3014005706028382,0.38683903064108843
964,0.2029,42,97,42,573169,32441,87470,20486,0.30050205639334543,0.38706142422582046
965,0.203,50,120,50,573289,32321,87520,20436,0.29939049242283894,0.38736091893018937
966,0.2031,37,102,37,573391,32219,87557,20399,0.2984456630479084,0.3876810217035995
967,0.2032,59,116,59,573507,32103,87616,20340,0.2973711512097521,0.38784966535095244
968,0.2033,40,94,40,573601,32009,87656,20300,0.29650042609952204,0.3880785333307844
969,0.2034,43,76,43,573677,31933,87699,20257,0.2957964355848679,0.38813949032381684
970,0.2035,62,103,62,573780,31830,87761,20195,0.2948423431768498,0.3881787602114368
971,0.2036,38,96,38,573876,31734,87799,20157,0.2939530920004446,0.3884488639648494
972,0.2037,68,99,68,573975,31635,87867,20089,0.29303605172477676,0.38838836903565077
973,0.2038,40,115,40,574090,31520,87907,20049,0.291970802919708,0.3887800810564486
974,0.2039,33,103,33,574193,31417,87940,20016,0.2910167105116899,0.3891664884412731
975,0.204,61,101,61,574294,31316,88001,19955,0.290081144169847,0.3892063739735913
976,0.2041,55,120,55,574414,31196,88056,19900,0.2889695801993405,0.38946297166118676
977,0.2042,50,121,50,574535,31075,88106,19850,0.28784875319574643,0.3897889052528228
978,0.2043,43,125,43,574660,30950,88149,19807,0.28669087405980215,0.3902318891975491
979,0.2044,52,106,52,574766,30844,88201,19755,0.2857089925525214,0.3904227356271863
980,0.2045,40,119,40,574885,30725,88241,19715,0.28460669161510244,0.39086042823156225
981,0.2046,52,120,52,575005,30605,88293,19663,0.28349512764459595,0.3911633643669929
982,0.2047,43,114,43,575119,30491,88336,19620,0.28243914187261476,0.3915308016204027
983,0.2048,49,96,49,575215,30395,88385,19571,0.28154989069620956,0.39168634671576674
984,0.2049,48,116,48,575331,30279,88433,19523,0.2804753788580533,0.3920123689811654
985,0.205,68,140,68,575471,30139,88501,19455,0.2791785542257957,0.3922853570996491
986,0.2051,42,97,42,575568,30042,88543,19413,0.27828004001630297,0.39253867151956323
987,0.2052,56,107,56,575675,29935,88599,19357,0.27728889547593466,0.3927006410776597
988,0.2053,55,114,55,575789,29821,88654,19302,0.2762329097039535,0.3929320277670338
989,0.2054,62,117,62,575906,29704,88716,19240,0.27514913483270964,0.39310232101994114
990,0.2055,47,91,47,575997,29613,88763,19193,0.2743061988217422,0.39325082981600623
991,0.2056,40,86,40,576083,29527,88803,19153,0.2735095779762125,0.3934470008216927
992,0.2057,45,86,45,576169,29441,88848,19108,0.2727129571306829,0.393581742157408
993,0.2058,65,113,65,576282,29328,88913,19043,0.2716662343917893,0.3936862996423477
994,0.2059,49,92,49,576374,29236,88962,18994,0.27081403534773424,0.39382127306655607
995,0.206,57,140,57,576514,29096,89019,18937,0.2695172107154767,0.39424978660504234
996,0.2061,60,112,60,576626,28984,89079,18877,0.2684797510096706,0.3944129876099538
997,0.2062,37,92,37,576718,28892,89116,18840,0.2676275519656156,0.39470376267493507
998,0.2063,51,108,51,576826,28784,89167,18789,0.2666271443921598,0.39495091753725853
999,0.2064,58,110,58,576936,28674,89225,18731,0.26560821075252883,0.39512709629785886
1000,0.2065,44,97,44,577033,28577,89269,18687,0.26470969654303605,0.3953749153689912
1001,0.2066,59,117,59,577150,28460,89328,18628,0.2636259216717922,0.3955997281685355
1002,0.2067,64,100,64,577250,28360,89392,18564,0.2626996183630368,0.3956184468502259
1003,0.2068,46,108,46,577358,28252,89438,18518,0.2616992107895809,0.39593756681633524
1004,0.2069,55,93,55,577451,28159,89493,18463,0.2608377487124384,0.3960147569816825
1005,0.207,54,120,54,577571,28039,89547,18409,0.2597261847419319,0.39633568722011714
1006,0.2071,49,97,49,577668,27942,89596,18360,0.25882767053243916,0.39652714785538423
1007,0.2072,39,89,39,577757,27853,89635,18321,0.25800326058764683,0.3967817386407935
1008,0.2073,44,92,44,577849,27761,89679,18277,0.25715106154359185,0.39699813197793127
1009,0.2074,52,138,52,577987,27623,89731,18225,0.2558727629775094,0.3975091607049381
1010,0.2075,52,100,52,578087,27523,89783,18173,0.25494645966875396,0.3976934523809524
1011,0.2076,46,101,46,578188,27422,89829,18127,0.25401089332691096,0.3979670245230411
1012,0.2077,63,97,63,578285,27325,89892,18064,0.2531123791174182,0.3979818898852145
1013,0.2078,47,91,47,578376,27234,89939,18017,0.2522694431064508,0.39815694680780533
1014,0.2079,46,73,46,578449,27161,89985,17971,0.25159324169105934,0.39818753877514845
1015,0.208,58,100,58,578549,27061,90043,17913,0.2506669383823039,0.3982967937030284
1016,0.2081,53,89,53,578638,26972,90096,17860,0.2498425284375116,0.39837615988579583
1017,0.2082,49,87,49,578725,26885,90145,17811,0.24903664455889438,0.39849203508143904
1018,0.2083,48,91,48,578816,26794,90193,17763,0.24819370854792694,0.3986578988711089
1019,0.2084,53,75,53,578891,26719,90246,17710,0.24749898106636037,0.3986135181975737
1020,0.2085,50,86,50,578977,26633,90296,17660,0.2467023602208307,0.3987085995529768
1021,0.2086,67,88,67,579065,26545,90363,17593,0.24588721330912594,0.39859078345190085
1022,0.2087,51,96,51,579161,26449,90414,17542,0.24499796213272074,0.39876338341933576
1023,0.2088,41,72,41,579233,26377,90455,17501,0.24433102375041685,0.39885591868362275
1024,0.2089,41,83,41,579316,26294,90496,17460,0.24356219200414983,0.3990492297847054
1025,0.209,51,82,51,579398,26212,90547,17409,0.24280262329097038,0.3990967653194562
1026,0.2091,44,89,44,579487,26123,90591,17365,0.24197821334617808,0.3993055555555556
1027,0.2092,41,91,41,579578,26032,90632,17324,0.24113527733521065,0.39957560660577546
1028,0.2093,45,83,45,579661,25949,90677,17279,0.24036644558894366,0.39971777551586934
1029,0.2094,54,80,54,579741,25869,90731,17225,0.23962540294193932,0.39970761590940734
1030,0.2095,46,71,46,579812,25798,90777,17179,0.23896772759272297,0.3997254345347511
1031,0.2096,36,94,36,579906,25704,90813,17143,0.23809700248249288,0.4000980231988237
1032,0.2097,53,87,53,579993,25617,90866,17090,0.23729111860387564,0.4001685906291709
1033,0.2098,36,84,36,580077,25533,90902,17054,0.2365130238245211,0.400450841806185
1034,0.2099,32,80,32,580157,25453,90934,17022,0.23577198117751677,0.4007533843437316
1035,0.21,36,95,36,580252,25358,90970,16986,0.2348919930341991,0.40114301908180616
1036,0.2101,30,78,30,580330,25280,91000,16956,0.23416947645336988,0.40145847144615965
1037,0.2102,43,68,43,580398,25212,91043,16913,0.23353959020341622,0.4014955489614243
1038,0.2103,33,68,33,580466,25144,91076,16880,0.23290970395346253,0.40167523320007614
1039,0.2104,33,75,33,580541,25069,91109,16847,0.23221497647189596,0.40192289340585935
1040,0.2105,28,68,28,580609,25001,91137,16819,0.23158509022194226,0.40217599234815876
1041,0.2106,39,86,39,580695,24915,91176,16780,0.23078846937641262,0.402446336491186
1042,0.2107,35,76,35,580771,24839,91211,16745,0.2300844788617585,0.40267891496729513
1043,0.2108,26,84,26,580855,24755,91237,16719,0.22930638408240395,0.40312002700487054
1044,0.2109,38,76,38,580931,24679,91275,16681,0.22860239356774983,0.4033123791102515
1045,0.211,34,85,34,581016,24594,91309,16647,0.2278150357553077,0.4036517058267258
1046,0.2111,46,88,46,581104,24506,91355,16601,0.22699988884360295,0.4038484929574038
1047,0.2112,44,86,44,581190,24420,91399,16557,0.22620326799807328,0.4040559338165312
1048,0.2113,34,63,34,581253,24357,91433,16523,0.22561969691355738,0.4041829745596869
1049,0.2114,25,61,25,581314,24296,91458,16498,0.22505465189521656,0.40442221895376773
1050,0.2115,50,86,50,581400,24210,91508,16448,0.22425803104968692,0.40454523095085837
1051,0.2116,34,74,34,581474,24136,91542,16414,0.2235725666012079,0.40478421701602957
1052,0.2117,36,85,36,581559,24051,91578,16378,0.2227852087887658,0.40510524623413885
1053,0.2118,38,74,38,581633,23977,91616,16340,0.2220997443402868,0.40528809187191506
1054,0.2119,39,80,39,581713,23897,91655,16301,0.22135870169328245,0.4055176874471367
1055,0.212,30,62,30,581775,23835,91685,16271,0.2207843936418541,0.4056998952775146
1056,0.2121,39,69,39,581844,23766,91724,16232,0.22014524435881286,0.40582029101455075
1057,0.2122,39,93,39,581937,23673,91763,16193,0.2192837822816703,0.40618572216926707
1058,0.2123,41,67,41,582004,23606,91804,16152,0.21866315906480419,0.4062578600533226
1059,0.2124,34,66,34,582070,23540,91838,16118,0.2180517988810256,0.40642493317867767
1060,0.2125,35,69,35,582139,23471,91873,16083,0.21741264959798437,0.40660868685847196
1061,0.2126,43,83,43,582222,23388,91916,16040,0.21664381785171738,0.4068174901085523
1062,0.2127,31,61,31,582283,23327,91947,16009,0.21607877283337656,0.4069808826520236
1063,0.2128,39,70,39,582353,23257,91986,15970,0.21543036051724776,0.4071175465878094
1064,0.2129,44,68,44,582421,23189,92030,15926,0.2148004742672941,0.40715837913843794
1065,0.213,55,86,55,582507,23103,92085,15871,0.21400385342176442,0.4072201980807718
1066,0.2131,37,66,37,582573,23037,92122,15834,0.21339249323798584,0.4073473797947056
1067,0.2132,23,55,23,582628,22982,92145,15811,0.21288302641817036,0.4075735313071946
1068,0.2133,30,56,30,582684,22926,92175,15781,0.21236429656526734,0.40770403286227297
1069,0.2134,33,58,33,582742,22868,92208,15748,0.21182704064618918,0.407810234099855
1070,0.2135,30,72,30,582814,22796,92238,15718,0.2111601022638853,0.40811133613750844
1071,0.2136,39,62,39,582876,22734,92277,15679,0.21058579421245693,0.4081691094160831
1072,0.2137,24,74,24,582950,22660,92301,15655,0.2099003297639779,0.4085867153856192
1073,0.2138,21,62,21,583012,22598,92322,15634,0.20932602171254955,0.40892446118434816
1074,0.2139,35,72,35,583084,22526,92357,15599,0.20865908333024566,0.40915409836065575
1075,0.214,32,73,32,583157,22453,92389,15567,0.2079828819148542,0.4094423987375066
1076,0.2141,51,75,51,583232,22378,92440,15516,0.20728815443328763,0.40945796168258825
1077,0.2142,25,81,25,583313,22297,92465,15491,0.20653784875319575,0.4099449560707103
1078,0.2143,35,58,35,583371,22239,92500,15456,0.2060005928341176,0.41002785515320334
1079,0.2144,31,101,31,583472,22138,92531,15425,0.20506502649227462,0.4106434523334132
1080,0.2145,31,71,31,583543,22067,92562,15394,0.20440735114305827,0.41093403806625556
1081,0.2146,33,64,33,583607,22003,92595,15361,0.2038145170254548,0.41111765335617173
1082,0.2147,26,72,26,583679,21931,92621,15335,0.20314757864315092,0.41150110019857244
1083,0.2148,32,75,32,583754,21856,92653,15303,0.20245285116158435,0.41182486073360425
1084,0.2149,34,66,34,583820,21790,92687,15269,0.20184149097780577,0.4120186729269543
1085,0.215,32,58,32,583878,21732,92719,15237,0.20130423505872763,0.4121561308123022
1086,0.2151,36,56,36,583934,21676,92755,15201,0.20078550520582458,0.4122081514222957
1087,0.2152,32,60,32,583994,21616,92787,15169,0.20022972322057134,0.41236917221693625
1088,0.2153,39,95,39,584089,21521,92826,15130,0.1993497350772537,0.4128127472647404
1089,0.2154,35,54,35,584143,21467,92861,15095,0.19884953129052577,0.41286034680816147
1090,0.2155,46,72,46,584215,21395,92907,15049,0.19818259290822188,0.4129349138404127
1091,0.2156,26,57,26,584272,21338,92933,15023,0.19765460002223129,0.41316245427793513
1092,0.2157,40,95,40,584367,21243,92973,14983,0.19677461187891362,0.4135979683100536
1093,0.2158,42,82,42,584449,21161,93015,14941,0.19601504316573418,0.4138551880782228
1094,0.2159,50,51,50,584500,21110,93065,14891,0.19554262847826892,0.41362739923891
1095,0.216,46,59,46,584559,21051,93111,14845,0.19499610952610322,0.4135558279474036
1096,0.2161,38,76,38,584635,20975,93149,14807,0.1942921190114491,0.41381141355989043
1097,0.2162,29,58,29,584693,20917,93178,14778,0.19375486309237097,0.4140075640846057
1098,0.2163,51,74,51,584767,20843,93229,14727,0.19306939864389194,0.41402867585043573
1099,0.2164,37,75,37,584842,20768,93266,14690,0.1923746711623254,0.4142929663263579
1100,0.2165,40,75,40,584917,20693,93306,14650,0.19167994368075883,0.4145092380386498
1101,0.2166,44,72,44,584989,20621,93350,14606,0.1910130052984549,0.4146251454849973
1102,0.2167,34,94,34,585083,20527,93384,14572,0.19014228018822482,0.4151685233197527
1103,0.2168,51,76,51,585159,20451,93435,14521,0.1894382896735707,0.41521788859659153
1104,0.2169,44,86,44,585245,20365,93479,14477,0.18864166882804106,0.4155042764479651
1105,0.217,46,66,46,585311,20299,93525,14431,0.18803030864426248,0.41551972358191763
1106,0.2171,39,84,39,585395,20215,93564,14392,0.18725221386490792,0.41586962175282455
1107,0.2172,39,89,39,585484,20126,93603,14353,0.1864278039201156,0.4162823747788509
1108,0.2173,44,89,44,585573,20037,93647,14309,0.18560339397532327,0.4166132883014034
1109,0.2174,42,80,42,585653,19957,93689,14267,0.18486235132831894,0.4168712014960262
1110,0.2175,43,82,43,585735,19875,93732,14224,0.1841027826151395,0.41713833250241944
1111,0.2176,43,96,43,585831,19779,93775,14181,0.1832135314387343,0.41757950530035337
1112,0.2177,46,91,46,585922,19688,93821,14135,0.18237059542776687,0.41791088904000234
1113,0.2178,55,86,55,586008,19602,93876,14080,0.1815739745822372,0.41802743305029394
1114,0.2179,48,107,48,586115,19495,93924,14032,0.1805828300418689,0.41852835028484503
1115,0.218,55,74,55,586189,19421,93979,13977,0.1798973655933899,0.41849811365950057
1116,0.2181,43,104,43,586293,19317,94022,13934,0.17893401015228427,0.41905506601305226
1117,0.2182,43,113,43,586406,19204,94065,13891,0.17788728741339063,0.41973107720199426
1118,0.2183,49,92,49,586498,19112,94114,13842,0.17703508836933565,0.42004005583540693
1119,0.2184,57,124,57,586622,18988,94171,13785,0.17588647226647894,0.4206206328380069
1120,0.2185,52,93,52,586715,18895,94223,13733,0.1750250101893364,0.4208961628049528
1121,0.2186,44,97,44,586812,18798,94267,13689,0.17412649597984364,0.42136854741896757
1122,0.2187,43,91,43,586903,18707,94310,13646,0.1732835599688762,0.42178468766420424
1123,0.2188,61,113,61,587016,18594,94371,13585,0.1722368372299826,0.4221697380279064
1124,0.2189,55,109,55,587125,18485,94426,13530,0.17122716662343918,0.4226143995002343
1125,0.219,66,99,66,587224,18386,94492,13464,0.17031012634777132,0.4227315541601256
1126,0.2191,58,94,58,587318,18292,94550,13406,0.16943940123754123,0.42292889141270745
1127,0.2192,52,88,52,587406,18204,94602,13354,0.16862425432583644,0.42315736104949614
1128,0.2193,42,95,42,587501,18109,94644,13312,0.1677442661825188,0.4236657012825817
1129,0.2194,71,117,71,587618,17992,94715,13241,0.16666049131127497,0.42394262478788464
1130,0.2195,48,95,48,587713,17897,94763,13193,0.1657805031679573,0.4243486651656481
1131,0.2196,63,114,63,587827,17783,94826,13130,0.16472451739597613,0.424740400478763
1132,0.2197,50,86,50,587913,17697,94876,13080,0.16392789655044648,0.42499268934594014
1133,0.2198,52,99,52,588012,17598,94928,13028,0.16301085627477863,0.4253901913406909
1134,0.2199,41,100,41,588112,17498,94969,12987,0.1620845529660232,0.42601279317697227
1135,0.22,65,109,65,588221,17389,95034,12922,0.16107488235947978,0.4263138794497047
1136,0.2201,48,93,48,588314,17296,95082,12874,0.16021342028233726,0.42671528007954923
1137,0.2202,45,89,45,588403,17207,95127,12829,0.15938901033754493,0.42712078838726864
1138,0.2203,50,104,50,588507,17103,95177,12779,0.15842565489643928,0.42764875175691053
1139,0.2204,48,88,48,588595,17015,95225,12731,0.15761050798473453,0.42799031802595305
1140,0.2205,51,89,51,588684,16926,95276,12680,0.1567860980399422,0.42829156252111056
1141,0.2206,56,77,56,588761,16849,95332,12624,0.15607284449220052,0.428324228955315
1142,0.2207,47,100,47,588861,16749,95379,12577,0.15514654118344512,0.42886858078155904
1143,0.2208,49,93,49,588954,16656,95428,12528,0.15428507910630257,0.4292763157894737
1144,0.2209,42,99,42,589053,16557,95470,12486,0.1533680388306347,0.42991426505526287
1145,0.221,58,101,58,589154,16456,95528,12428,0.15243247248879174,0.43027281539952916
1146,0.2211,52,89,52,589243,16367,95580,12376,0.15160806254399942,0.43057440072365444
1147,0.2212,49,102,49,589345,16265,95629,12327,0.15066323316906888,0.4311345831001679
1148,0.2213,50,71,50,589416,16194,95679,12277,0.15000555781985253,0.43121070563029046
1149,0.2214,49,81,49,589497,16113,95728,12228,0.14925525213976065,0.43145972266327937
1150,0.2215,43,67,43,589564,16046,95771,12185,0.1486346289228945,0.43161772519570685
1151,0.2216,50,65,50,589629,15981,95821,12135,0.1480325317722035,0.4316047801963295
1152,0.2217,38,77,38,589706,15904,95859,12097,0.1473192782244618,0.4320202849898218
1153,0.2218,54,72,54,589778,15832,95913,12043,0.14665233984215792,0.4320358744394619
1154,0.2219,56,74,56,589852,15758,95969,11987,0.14596687539367892,0.4320418093350153
1155,0.222,59,98,59,589950,15660,96028,11928,0.1450590981510986,0.432361896476729
1156,0.2221,48,89,48,590039,15571,96076,11880,0.14423468820630628,0.4327711194492004
1157,0.2222,54,81,54,590120,15490,96130,11826,0.14348438252621437,0.432933079513838
1158,0.2223,52,90,52,590210,15400,96182,11774,0.1426507095483345,0.43328181349819683
1159,0.2224,49,80,49,590290,15320,96231,11725,0.14190966690133017,0.43353669809576634
1160,0.2225,52,78,52,590368,15242,96283,11673,0.14118715032050094,0.4336986810328813
1161,0.2226,43,86,43,590454,15156,96326,11630,0.1403905294749713,0.4341820353916225
1162,0.2227,62,76,62,590530,15080,96388,11568,0.13968653896031716,0.4341038727108976
1163,0.2228,41,59,41,590589,15021,96429,11527,0.13914002000815148,0.43419466626487874
1164,0.2229,38,67,38,590656,14954,96467,11489,0.13851939679128533,0.4344817153878153
1165,0.223,42,77,42,590733,14877,96509,11447,0.13780614324354368,0.4348503266980702
1166,0.2231,57,57,57,590790,14820,96566,11390,0.13727815035755309,0.43456695917588706
1167,0.2232,49,70,49,590860,14750,96615,11341,0.13662973804142428,0.43467095933463645
1168,0.2233,43,73,43,590933,14677,96658,11298,0.13595353662603282,0.43495668912415786
1169,0.2234,38,97,38,591030,14580,96696,11260,0.13505502241654008,0.4357585139318885
1170,0.2235,46,79,46,591109,14501,96742,11214,0.13432324280262328,0.43608788644759866
1171,0.2236,58,93,58,591202,14408,96800,11156,0.13346178072548076,0.436394930370834
1172,0.2237,38,58,38,591260,14350,96838,11118,0.1329245248064026,0.4365478247212188
1173,0.2238,52,86,52,591346,14264,96890,11066,0.13212790396087296,0.4368732727990525
1174,0.2239,40,76,40,591422,14188,96930,11026,0.13142391344621884,0.4372967399064012
1175,0.224,39,72,39,591494,14116,96969,10987,0.13075697506391493,0.43767677170059355
1176,0.2241,49,74,49,591568,14042,97018,10938,0.13007151061543593,0.4378702962369896
1177,0.2242,49,70,49,591638,13972,97067,10889,0.12942309829930712,0.437995253610072
1178,0.2243,52,69,52,591707,13903,97119,10837,0.1287839490162659,0.43803556992724335
1179,0.2244,36,57,36,591764,13846,97155,10801,0.1282559561302753,0.4382277761999432
1180,0.2245,45,77,45,591841,13769,97200,10756,0.1275427025825336,0.43857288481141693
1181,0.2246,50,73,50,591914,13696,97250,10706,0.12686650116714218,0.4387345299565609
1182,0.2247,38,64,38,591978,13632,97288,10668,0.1262736670495387,0.4390123456790124
1183,0.2248,51,69,51,592047,13563,97339,10617,0.12563451776649745,0.4390818858560794
1184,0.2249,44,71,44,592118,13492,97383,10573,0.12497684241728112,0.43935175566174944
1185,0.225,52,80,52,592198,13412,97435,10521,0.12423579977027678,0.43960222287218487
1186,0.2251,43,70,43,592268,13342,97478,10478,0.12358738745414799,0.43988245172124263
1187,0.2252,46,61,46,592329,13281,97524,10432,0.12302234243580717,0.4399274659469489
1188,0.2253,53,77,53,592406,13204,97577,10379,0.1223090888880655,0.44010516049696813
1189,0.2254,52,66,52,592472,13138,97629,10327,0.12169772870428693,0.44010227999147666
1190,0.2255,50,58,50,592530,13080,97679,10277,0.12116047278520879,0.4399965749025988
1191,0.2256,45,69,45,592599,13011,97724,10232,0.12052132350216754,0.4402185604267952
1192,0.2257,69,62,69,592661,12949,97793,10163,0.11994701545073919,0.4397282796815507
1193,0.2258,56,83,56,592744,12866,97849,10107,0.1191781837044722,0.4399512471161799
1194,0.2259,54,57,54,592801,12809,97903,10053,0.1186501908184816,0.43972530837197094
1195,0.226,49,69,49,592870,12740,97952,10004,0.11801104153544037,0.43985226873021455
1196,0.2261,54,86,54,592956,12654,98006,9950,0.1172144206899107,0.4401875774199257
1197,0.2262,52,68,52,593024,12586,98058,9898,0.11658453443995702,0.4402241594022416
1198,0.2263,42,70,42,593094,12516,98100,9856,0.11593612212382823,0.4405506883604506
1199,0.2264,50,62,50,593156,12454,98150,9806,0.11536181407239987,0.44052111410601974
1200,0.2265,44,73,44,593229,12381,98194,9762,0.11468561265700841,0.44086167186018155
1201,0.2266,58,62,58,593291,12319,98252,9704,0.11411130460558006,0.4406302501929801
1202,0.2267,48,71,48,593362,12248,98300,9656,0.11345362925636371,0.4408327246165084
1203,0.2268,49,54,49,593416,12194,98349,9607,0.11295342546963577,0.44066785927251045
1204,0.2269,54,57,54,593473,12137,98403,9553,0.1124254325836452,0.4404333794375288
1205,0.227,42,87,42,593560,12050,98445,9511,0.11161954870502798,0.4411205417188442
1206,0.2271,47,77,47,593637,11973,98492,9464,0.1109062951572863,0.4414796846573681
1207,0.2272,42,70,42,593707,11903,98534,9422,0.1102578828411575,0.44182883939038686
1208,0.2273,36,81,36,593788,11822,98570,9386,0.10950757716106561,0.4425688419464353
1209,0.2274,49,71,49,593859,11751,98619,9337,0.10884990181184927,0.4427636570561457
1210,0.2275,37,61,37,593920,11690,98656,9300,0.10828485679350847,0.44306812767984755
1211,0.2276,59,63,59,593983,11627,98715,9241,0.10770128570899255,0.44283112900134175
1212,0.2277,66,70,66,594053,11557,98781,9175,0.10705287339286376,0.44255257572834267
1213,0.2278,38,44,38,594097,11513,98819,9137,0.10664529993701137,0.4424697336561743
1214,0.2279,35,59,35,594156,11454,98854,9102,0.10609878098484568,0.44279042615294806
1215,0.228,48,66,48,594222,11388,98902,9054,0.1054874208010671,0.4429116524801878
1216,0.2281,48,52,48,594274,11336,98950,9006,0.10500574308051429,0.4427293284829417
1217,0.2282,64,59,64,594333,11277,99014,8942,0.10445922412834859,0.4422572827538454
1218,0.2283,52,65,52,594398,11212,99066,8890,0.10385712697765756,0.4422445527808178
1219,0.2284,39,58,39,594456,11154,99105,8851,0.10331987105857943,0.44243939015246186
1220,0.2285,51,69,51,594525,11085,99156,8800,0.10268072177553818,0.44254463163188335
1221,0.2286,51,56,51,594581,11029,99207,8749,0.10216199192263514,0.4423601982000202
1222,0.2287,43,63,43,594644,10966,99250,8706,0.10157842083811923,0.4425579503863359
1223,0.2288,34,51,34,594695,10915,99284,8672,0.10110600615065397,0.442742635421453
1224,0.2289,39,42,39,594737,10873,99323,8633,0.1007169587609767,0.4425817697118835
1225,0.229,46,66,46,594803,10807,99369,8587,0.10010559857719811,0.4427658038568629
1226,0.2291,42,63,42,594866,10744,99411,8545,0.0995220274926822,0.44299860023847787
1227,0.2292,33,42,33,594908,10702,99444,8512,0.09913298010300493,0.44301030498594773
1228,0.2293,37,64,37,594972,10638,99481,8475,0.09854014598540146,0.4434154763773348
1229,0.2294,34,44,34,595016,10594,99515,8441,0.09813257252954907,0.4434462831625952
1230,0.2295,50,50,50,595066,10544,99565,8391,0.09766942087517137,0.443147610245577
1231,0.2296,36,52,36,595118,10492,99601,8355,0.09718774315461855,0.4433066270493978
1232,0.2297,39,43,39,595161,10449,99640,8316,0.09678943273185373,0.44316546762589926
1233,0.2298,40,49,40,595210,10400,99680,8276,0.09633554411056357,0.44313557506960805
1234,0.2299,41,66,41,595276,10334,99721,8235,0.09572418392678499,0.4434810706015402
1235,0.23,27,43,27,595319,10291,99748,8208,0.09532587350402015,0.4436996594410509
1236,0.2301,42,50,42,595369,10241,99790,8166,0.09486272184964245,0.44363557342315424
1237,0.2302,35,59,35,595428,10182,99825,8131,0.09431620289747675,0.4440015289684923
1238,0.2303,37,47,37,595475,10135,99862,8094,0.0938808403423617,0.44401777387678976
1239,0.2304,36,47,36,595522,10088,99898,8058,0.09344547778724666,0.4440648076711121
1240,0.2305,45,57,45,595579,10031,99943,8013,0.09291748490125606,0.4440811350033252
1241,0.2306,38,64,38,595643,9967,99981,7975,0.0923246507836526,0.44448779400289823
1242,0.2307,38,51,38,595694,9916,100019,7937,0.09185223609618734,0.4445751414328124
1243,0.2308,37,45,37,595739,9871,100056,7900,0.09143539960724739,0.44454448258398516
1244,0.2309,29,50,29,595789,9821,100085,7871,0.09097224795286969,0.44489034591905946
1245,0.231,32,56,32,595845,9765,100117,7839,0.09045351809996666,0.4452965235173824
1246,0.2311,35,63,35,595908,9702,100152,7804,0.08986994701545074,0.4457900148520507
1247,0.2312,27,67,27,595975,9635,100179,7777,0.0892493237985846,0.44664599127038823
1248,0.2313,33,40,33,596015,9595,100212,7744,0.08887880247508244,0.44662321933214144
1249,0.2314,31,62,31,596077,9533,100243,7713,0.08830449442365408,0.44723414125014493
1250,0.2315,29,52,29,596129,9481,100272,7684,0.08782281670310127,0.44765511214681036
1251,0.2316,49,68,49,596197,9413,100321,7635,0.08719293045314758,0.44785312060065696
1252,0.2317,31,45,31,596242,9368,100352,7604,0.08677609396420764,0.44803205279283526
1253,0.2318,40,60,40,596302,9308,100392,7564,0.08622031197895438,0.448316737790422
1254,0.2319,37,59,37,596361,9249,100429,7527,0.0856737930267887,0.4486766809728183
1255,0.232,33,59,33,596420,9190,100462,7494,0.08512727407462299,0.4491728602253656
1256,0.2321,34,57,34,596477,9133,100496,7460,0.0845992811886324,0.44958717531489184
1257,0.2322,38,56,38,596533,9077,100534,7422,0.08408055133572936,0.4498454451784957
1258,0.2323,35,67,35,596600,9010,100569,7387,0.08345992811886324,0.4505092394950296
1259,0.2324,51,67,51,596667,8943,100620,7336,0.0828393049019971,0.4506419313225628
1260,0.2325,37,55,37,596722,8888,100657,7299,0.08232983808218163,0.4509174028541422
1261,0.2326,44,76,44,596798,8812,100701,7255,0.08162584756752751,0.45154664840978403
1262,0.2327,40,55,40,596853,8757,100741,7215,0.08111638074771203,0.45172802404207363
1263,0.2328,31,55,31,596908,8702,100772,7184,0.08060691392789655,0.4522220823366486
1264,0.2329,42,64,42,596972,8638,100814,7142,0.08001407981029308,0.4525982256020279
1265,0.233,41,63,41,597035,8575,100855,7101,0.07943050872577717,0.452985455473335
1266,0.2331,52,56,52,597091,8519,100907,7049,0.07891177887287414,0.4527877697841727
1267,0.2332,52,57,52,597148,8462,100959,6997,0.07838378598688354,0.4526165987450676
1268,0.2333,41,44,41,597192,8418,101000,6956,0.07797621253103117,0.4524521920124886
1269,0.2334,38,62,38,597254,8356,101038,6918,0.0774019044796028,0.4529265418357994
1270,0.2335,36,50,36,597304,8306,101074,6882,0.0769387528252251,0.4531208849091388
1271,0.2336,53,53,53,597357,8253,101127,6829,0.07644781207158471,0.4527914069752022
1272,0.2337,40,69,40,597426,8184,101167,6789,0.07580866278854348,0.453416149068323
1273,0.2338,47,39,47,597465,8145,101214,6742,0.07544740449812887,0.45287835023846307
1274,0.2339,32,48,32,597513,8097,101246,6710,0.07500277890992627,0.4531640440332275
1275,0.234,36,36,36,597549,8061,101282,6674,0.07466930971877432,0.4529351883271123
1276,0.2341,28,65,28,597614,7996,101310,6646,0.0740672125680833,0.45389974047261306
1277,0.2342,41,52,41,597666,7944,101351,6605,0.07358553484753047,0.45398309162141726
1278,0.2343,29,46,29,597712,7898,101380,6576,0.07315943532550298,0.4543319054856985
1279,0.2344,24,34,24,597746,7864,101404,6552,0.07284449220052613,0.45449500554938954
1280,0.2345,23,47,23,597793,7817,101427,6529,0.07240912964541109,0.4551094381709187
1281,0.2346,35,44,35,597837,7773,101462,6494,0.07200155618955871,0.4551762809280157
1282,0.2347,34,53,34,597890,7720,101496,6460,0.07151061543591834,0.45557122708039494
1283,0.2348,32,46,32,597936,7674,101528,6428,0.07108451591389084,0.4558218692384059
1284,0.2349,42,61,42,597997,7613,101570,6386,0.07051947089555004,0.4561754411029359
1285,0.235,20,27,20,598024,7586,101590,6366,0.07026936900218607,0.45627866972477066
1286,0.2351,38,48,38,598072,7538,101628,6328,0.06982474341398348,0.45636809461993366
1287,0.2352,40,54,40,598126,7484,101668,6288,0.06932453962725554,0.4565785652047633
1288,0.2353,39,49,39,598175,7435,101707,6249,0.0688706510059654,0.4566647179187372
1289,0.2354,31,44,31,598219,7391,101738,6218,0.06846307755011301,0.4569035197295907
1290,0.2355,20,29,20,598248,7362,101758,6198,0.06819444959057394,0.4570796460176991
1291,0.2356,40,63,40,598311,7299,101798,6158,0.06761087850605803,0.457605707066954
1292,0.2357,33,49,33,598360,7250,101831,6125,0.06715698988476787,0.45794392523364486
1293,0.2358,32,49,32,598409,7201,101863,6093,0.06670310126347771,0.4583270648412818
1294,0.2359,35,44,35,598453,7157,101898,6058,0.06629552780762533,0.458418463866818
1295,0.236,32,40,32,598493,7117,101930,6026,0.06592500648412317,0.45849501635851786
1296,0.2361,27,56,27,598549,7061,101957,5999,0.06540627663122013,0.4593415007656968
1297,0.2362,39,54,39,598603,7007,101996,5960,0.0649060728444922,0.45962828719056065
1298,0.2363,36,57,36,598660,6950,102032,5924,0.06437807995850162,0.46015224483455025
1299,0.2364,33,46,33,598706,6904,102065,5891,0.06395198043647411,0.4604142243063697
1300,0.2365,23,47,23,598753,6857,102088,5868,0.06351661788135907,0.46113948919449904
1301,0.2366,25,45,25,598798,6812,102113,5843,0.06309978139241913,0.4617147372580008
1302,0.2367,31,48,31,598846,6764,102144,5812,0.06265515580421653,0.4621501272264631
1303,0.2368,28,33,28,598879,6731,102172,5784,0.06234947571232725,0.4621654015181782
1304,0.2369,32,45,32,598924,6686,102204,5752,0.061932639223387306,0.46245377070268534
1305,0.237,38,39,38,598963,6647,102242,5714,0.061571380932972694,0.46226033492435886
1306,0.2371,42,61,42,599024,6586,102284,5672,0.061006335914631886,0.46271822483276226
1307,0.2372,31,46,31,599070,6540,102315,5641,0.060580236392604396,0.46309826779410557
1308,0.2373,26,52,26,599122,6488,102341,5615,0.06009855867205158,0.4639345616789226
1309,0.2374,33,42,33,599164,6446,102374,5582,0.0597095112823743,0.46408380445626873
1310,0.2375,26,53,26,599217,6393,102400,5556,0.05921857052873393,0.4649761486316847
1311,0.2376,30,59,30,599276,6334,102430,5526,0.058672051576568233,0.46593591905564924
1312,0.2377,28,28,28,599304,6306,102458,5498,0.058412686650116716,0.46577431379193496
1313,0.2378,25,48,25,599352,6258,102483,5473,0.057968061061914114,0.4665416418037678
1314,0.2379,42,45,42,599397,6213,102525,5431,0.05755122457297417,0.4664204740638956
1315,0.238,42,43,42,599440,6170,102567,5389,0.057152914150209344,0.46621680076131156
1316,0.2381,34,55,34,599495,6115,102601,5355,0.056643447330393865,0.46687009590235395
1317,0.2382,33,39,33,599534,6076,102634,5322,0.05628218903997925,0.4669240217582032
1318,0.2383,38,39,38,599573,6037,102672,5284,0.05592093074956464,0.46674322056355444
1319,0.2384,28,55,28,599628,5982,102700,5256,0.055411463929749154,0.46769887880405764
1320,0.2385,34,56,34,599684,5926,102734,5222,0.054892734076846125,0.4684248295658414
1321,0.2386,34,57,34,599741,5869,102768,5188,0.054364741190855534,0.4692050284887402
1322,0.2387,29,51,29,599792,5818,102797,5159,0.05389232650339027,0.46998269108135193
1323,0.2388,32,44,32,599836,5774,102829,5127,0.053484753047537886,0.47032382350243096
1324,0.2389,31,52,31,599888,5722,102860,5096,0.05300307532698507,0.4710667406174894
1325,0.239,33,44,33,599932,5678,102893,5063,0.05259550187113268,0.4713713806908109
1326,0.2391,31,57,31,599989,5621,102924,5032,0.0520675089851421,0.4723552051065428
1327,0.2392,49,58,49,600047,5563,102973,4983,0.05153025306606395,0.4725014223402238
1328,0.2393,38,47,38,600094,5516,103011,4945,0.051094890510948905,0.47270815409616673
1329,0.2394,46,57,46,600151,5459,103057,4899,0.050566897624958314,0.4729677543927399
1330,0.2395,43,49,43,600200,5410,103100,4856,0.05011300900366816,0.47301772842392364
1331,0.2396,27,51,27,600251,5359,103127,4829,0.0496405943162029,0.47398900667451904
1332,0.2397,33,39,33,600290,5320,103160,4796,0.04927933602578828,0.47410043495452747
1333,0.2398,53,64,53,600354,5256,103213,4743,0.04868650190818482,0.47434743474347435
1334,0.2399,42,38,42,600392,5218,103255,4701,0.048334506650857756,0.47393890513156567
1335,0.24,48,52,48,600444,5166,103303,4653,0.04785282893030494,0.4738771769019248
1336,0.2401,40,61,40,600505,5105,103343,4613,0.047287783911964136,0.47468614941345955
1337,0.2402,41,45,41,600550,5060,103384,4572,0.046870947423024195,0.4746677740863787
1338,0.2403,36,48,36,600598,5012,103420,4536,0.04642632183482159,0.4750733137829912
1339,0.2404,44,47,44,600645,4965,103464,4492,0.04599095927970655,0.47499206936660676
1340,0.2405,30,53,30,600698,4912,103494,4462,0.04550001852606617,0.4759974397269042
1341,0.2406,33,46,33,600744,4866,103527,4429,0.04507391900403868,0.47649273803119957
1342,0.2407,45,59,45,600803,4807,103572,4384,0.04452740005187299,0.476988358176477
1343,0.2408,42,43,42,600846,4764,103614,4342,0.04412908962910816,0.4768284647485175
1344,0.2409,41,65,41,600911,4699,103655,4301,0.04352699247841713,0.47788888888888886
1345,0.241,53,44,53,600955,4655,103708,4248,0.04311941902256475,0.4771425362237448
1346,0.2411,42,32,42,600987,4623,103750,4206,0.04282300196376301,0.4763846415222562
1347,0.2412,41,44,41,601031,4579,103791,4165,0.04241542850791063,0.4763266239707228
1348,0.2413,41,56,41,601087,4523,103832,4124,0.04189669865500759,0.4769284144790101
1349,0.2414,35,47,35,601134,4476,103867,4089,0.04146133609989255,0.4774080560420315
1350,0.2415,29,43,29,601177,4433,103896,4060,0.04106302567712772,0.4780407394324738
1351,0.2416,41,46,41,601223,4387,103937,4019,0.04063692615510023,0.47811087318581963
1352,0.2417,30,40,30,601263,4347,103967,3989,0.04026640483159806,0.47852687140115163
1353,0.2418,30,37,30,601300,4310,103997,3959,0.03992367260735855,0.47877615189261097
1354,0.2419,30,29,30,601329,4281,104027,3929,0.03965504464781948,0.47856272838002434
1355,0.242,33,41,33,601370,4240,104060,3896,0.03927526029122976,0.47885939036381514
1356,0.2421,34,32,34,601402,4208,104094,3862,0.03897884323242803,0.4785625774473358
1357,0.2422,42,33,42,601435,4175,104136,3820,0.03867316314053874,0.47779862414008756
1358,0.2423,44,46,44,601481,4129,104180,3776,0.03824706361851125,0.47767235926628715
1359,0.2424,28,32,28,601513,4097,104208,3748,0.03795064655970951,0.4777565328234544
1360,0.2425,26,44,26,601557,4053,104234,3722,0.03754307310385713,0.47871382636655946
1361,0.2426,28,24,28,601581,4029,104262,3694,0.03732076030975583,0.4783115369674997
1362,0.2427,38,30,38,601611,3999,104300,3656,0.037042869317129204,0.47759634225996084
1363,0.2428,33,31,33,601642,3968,104333,3623,0.03675571529141502,0.4772757212488473
1364,0.2429,37,28,37,601670,3940,104370,3586,0.0364963503649635,0.47648153069359556
1365,0.243,27,35,27,601705,3905,104397,3559,0.036172144206899105,0.47682207931404075
1366,0.2431,35,40,35,601745,3865,104432,3524,0.03580162288339694,0.47692515902016513
1367,0.2432,34,30,34,601775,3835,104466,3490,0.035523731890770315,0.4764505119453925
1368,0.2433,21,33,21,601808,3802,104487,3469,0.035218051798881024,0.47710081144271765
1369,0.2434,36,31,36,601839,3771,104523,3433,0.034930897773166845,0.47654081066074405
1370,0.2435,18,29,18,601868,3742,104541,3415,0.03466226981362777,0.47715523263937404
1371,0.2436,32,19,32,601887,3723,104573,3383,0.034486272184964244,0.47607655502392343
1372,0.2437,26,46,26,601933,3677,104599,3357,0.034060172662936754,0.47725334091555305
1373,0.2438,20,34,20,601967,3643,104619,3337,0.03374522953795991,0.478080229226361
1374,0.2439,25,39,25,602006,3604,104644,3312,0.033383971247545295,0.47888953152111047
1375,0.244,52,39,52,602045,3565,104696,3260,0.03302271295713068,0.4776556776556777
1376,0.2441,26,29,26,602074,3536,104722,3234,0.03275408499759161,0.4776957163958641
1377,0.2442,24,33,24,602107,3503,104746,3210,0.032448404905702326,0.4781766721287055
1378,0.2443,28,33,28,602140,3470,104774,3182,0.032142724813813035,0.4783523752254961
1379,0.2444,20,32,20,602172,3438,104794,3162,0.0318463077550113,0.47909090909090907
1380,0.2445,27,30,27,602202,3408,104821,3135,0.03156841676238468,0.479138010087116
1381,0.2446,30,28,30,602230,3380,104851,3105,0.03130905183593316,0.47879722436391675
1382,0.2447,24,23,24,602253,3357,104875,3081,0.031096002074919412,0.4785647716682199
1383,0.2448,21,23,21,602276,3334,104896,3060,0.030882952313905664,0.4785736628088833
1384,0.2449,25,29,25,602305,3305,104921,3035,0.030614324354366593,0.47870662460567825
1385,0.245,26,25,26,602330,3280,104947,3009,0.03038274852717774,0.4784544442677691
1386,0.2451,21,36,21,602366,3244,104968,2988,0.03004927933602579,0.47946084724005134
1387,0.2452,34,31,34,602397,3213,105002,2954,0.02976212531031161,0.4790011350737798
1388,0.2453,25,31,25,602428,3182,105027,2929,0.029474971284597428,0.47929962362952055
1389,0.2454,28,38,28,602466,3144,105055,2901,0.02912297602727037,0.47990074441687347
1390,0.2455,20,19,20,602485,3125,105075,2881,0.02894697839860684,0.4796869796869797
1391,0.2456,26,31,26,602516,3094,105101,2855,0.02865982437289266,0.47991259035131956
1392,0.2457,25,24,25,602540,3070,105126,2830,0.02843751157879136,0.47966101694915253
1393,0.2458,21,34,21,602574,3036,105147,2809,0.028122568453814518,0.48058169375534643
1394,0.2459,20,18,20,602592,3018,105167,2789,0.027955833858238542,0.4802824177716549
1395,0.246,27,26,27,602618,2992,105194,2762,0.027714994997962133,0.48001390337156763
1396,0.2461,38,32,38,602650,2960,105232,2724,0.0274185779391604,0.4792399718508093
1397,0.2462,29,31,29,602681,2929,105261,2695,0.02713142391344622,0.4791963015647226
1398,0.2463,27,27,27,602708,2902,105288,2668,0.026881322020082254,0.47899461400359067
1399,0.2464,27,37,27,602745,2865,105315,2641,0.02653858979584275,0.4796585543043952
1400,0.2465,19,22,19,602767,2843,105334,2622,0.026334803067916558,0.4797804208600183
1401,0.2466,26,31,26,602798,2812,105360,2596,0.02604764904220238,0.48002958579881655
1402,0.2467,21,27,21,602825,2785,105381,2575,0.025797547148838414,0.480410447761194
1403,0.2468,16,26,16,602851,2759,105397,2559,0.025556708288562005,0.4811959383226777
1404,0.2469,17,31,17,602882,2728,105414,2542,0.025269554262847826,0.4823529411764706
1405,0.247,33,25,33,602907,2703,105447,2509,0.025037978435658973,0.4813891020721412
1406,0.2471,24,30,24,602937,2673,105471,2485,0.024760087443032347,0.4817758821248546
1407,0.2472,23,19,23,602956,2654,105494,2462,0.024584089814368815,0.4812353401094605
1408,0.2473,28,26,28,602982,2628,105522,2434,0.02434325095409241,0.4808376135914658
1409,0.2474,30,35,30,603017,2593,105552,2404,0.02401904479602801,0.4810886531919151
1410,0.2475,38,18,38,603035,2575,105590,2366,0.023852310200452035,0.47885043513458814
1411,0.2476,14,25,14,603060,2550,105604,2352,0.02362073437326318,0.47980416156670747
1412,0.2477,27,25,27,603085,2525,105631,2325,0.02338915854607433,0.4793814432989691
1413,0.2478,22,39,22,603124,2486,105653,2303,0.023027900255659713,0.4808937147629985
1414,0.2479,42,39,42,603163,2447,105695,2261,0.0226666419652451,0.4802463891248938
1415,0.248,28,32,28,603195,2415,105723,2233,0.022370224906443366,0.48042168674698793
1416,0.2481,25,33,25,603228,2382,105748,2208,0.02206454481455408,0.48104575163398694
1417,0.2482,14,23,14,603251,2359,105762,2194,0.02185149505354033,0.48188007906874586
1418,0.2483,24,27,24,603278,2332,105786,2170,0.02160139316017637,0.482007996446024
1419,0.2484,23,17,23,603295,2315,105809,2147,0.021443921597687945,0.48117436127297175
1420,0.2485,22,25,22,603320,2290,105831,2125,0.021212345770499092,0.4813137032842582
1421,0.2486,19,17,19,603337,2273,105850,2106,0.021054874208010672,0.48093171957067826
1422,0.2487,30,28,30,603365,2245,105880,2076,0.020795509281559155,0.48044434158759547
1423,0.2488,13,32,13,603397,2213,105893,2063,0.02049909222275742,0.4824602432179607
1424,0.2489,19,24,19,603421,2189,105912,2044,0.02027677942865612,0.48287266713914484
1425,0.249,13,28,13,603449,2161,105925,2031,0.0200174145022046,0.4844942748091603
1426,0.2491,14,16,14,603465,2145,105939,2017,0.019869205972803734,0.4846227775108121
1427,0.2492,16,31,16,603496,2114,105955,2001,0.019582051947089556,0.48626974483596597
1428,0.2493,22,16,22,603512,2098,105977,1979,0.01943384341768869,0.4854059357370616
1429,0.2494,22,23,22,603535,2075,105999,1957,0.01922079365667494,0.4853670634920635
1430,0.2495,21,19,21,603554,2056,106020,1936,0.019044796028011412,0.4849699398797595
1431,0.2496,17,17,17,603571,2039,106037,1919,0.018887324465522992,0.4848408287013643
1432,0.2497,21,20,21,603591,2019,106058,1898,0.018702063803771908,0.4845545059994894
1433,0.2498,19,23,19,603614,1996,106077,1879,0.01848901404275816,0.4849032258064516
1434,0.2499,20,16,20,603630,1980,106097,1859,0.018340805513357292,0.48424068767908307
1435,0.25,17,24,17,603654,1956,106114,1842,0.01811849271925599,0.4849921011058452
1436,0.2501,12,11,12,603665,1945,106126,1830,0.018016599355292897,0.4847682119205298
1437,0.2502,21,19,21,603684,1926,106147,1809,0.01784060172662937,0.4843373493975904
1438,0.2503,23,19,23,603703,1907,106170,1786,0.017664604097965837,0.4836176550230165
1439,0.2504,22,28,22,603731,1879,106192,1764,0.01740523917151432,0.48421630524293163
1440,0.2505,11,19,11,603750,1860,106203,1753,0.01722924154285079,0.48519236091890394
1441,0.2506,12,20,12,603770,1840,106215,1741,0.017043980881099707,0.4861770455180117
1442,0.2507,14,11,14,603781,1829,106229,1727,0.016942087517136613,0.4856580427446569
1443,0.2508,19,14,19,603795,1815,106248,1708,0.016812405053910854,0.4848140789100199
1444,0.2509,15,26,15,603821,1789,106263,1693,0.016571566193634445,0.4862148190695003
1445,0.251,25,21,25,603842,1768,106288,1668,0.016377042498795805,0.48544819557625146
1446,0.2511,22,17,22,603859,1751,106310,1646,0.016219570936307385,0.4845451869296438
1447,0.2512,14,8,14,603867,1743,106324,1632,0.01614546667160695,0.48355555555555557
1448,0.2513,12,15,12,603882,1728,106336,1620,0.016006521175293636,0.4838709677419355
1449,0.2514,14,20,14,603902,1708,106350,1606,0.015821260513542556,0.48461074230537116
1450,0.2515,22,25,22,603927,1683,106372,1584,0.015589684686353699,0.48484848484848486
1451,0.2516,10,16,10,603943,1667,106382,1574,0.015441476156952832,0.48565257636531933
1452,0.2517,11,17,11,603960,1650,106393,1563,0.015284004594464412,0.4864612511671335
1453,0.2518,11,12,11,603972,1638,106404,1552,0.015172848197413762,0.4865203761755486
1454,0.2519,15,18,15,603990,1620,106419,1537,0.015006113601837786,0.4868546088058283
1455,0.252,16,11,16,604001,1609,106435,1521,0.01490422023787469,0.48594249201277956
1456,0.2521,13,20,13,604021,1589,106448,1508,0.014718959576123606,0.486922828543752
1457,0.2522,25,11,25,604032,1578,106473,1483,0.01461706621216051,0.48448219536099313
1458,0.2523,16,27,16,604059,1551,106489,1467,0.014366964318796546,0.4860834990059642
1459,0.2524,15,14,15,604073,1537,106504,1452,0.014237281855570789,0.4857811977249916
1460,0.2525,22,18,22,604091,1519,106526,1430,0.014070547259994813,0.4849101390301797
1461,0.2526,15,23,15,604114,1496,106541,1415,0.013857497498981066,0.48608725523874957
1462,0.2527,17,23,17,604137,1473,106558,1398,0.01364444773796732,0.48693834900731453
1463,0.2528,11,15,11,604152,1458,106569,1387,0.013505502241654007,0.4875219683655536
1464,0.2529,12,8,12,604160,1450,106581,1375,0.013431397976953573,0.48672566371681414
1465,0.253,11,17,11,604177,1433,106592,1364,0.013273926414465153,0.487665355738291
1466,0.2531,10,13,10,604190,1420,106602,1354,0.013153506984326949,0.48810382119682766
1467,0.2532,17,11,17,604201,1409,106619,1337,0.013051613620363852,0.4868900218499636
1468,0.2533,13,22,13,604223,1387,106632,1324,0.01284782689243766,0.4883806713389893
1469,0.2534,13,8,13,604231,1379,106645,1311,0.012773722627737226,0.48736059479553906
1470,0.2535,12,21,12,604252,1358,106657,1299,0.012579198932898588,0.4888972525404592
1471,0.2536,7,16,7,604268,1342,106664,1292,0.01243099040349772,0.4905087319665907
1472,0.2537,8,18,8,604286,1324,106672,1284,0.012264255807921745,0.49233128834355827
1473,0.2538,13,12,13,604298,1312,106685,1271,0.012153099410871096,0.49206349206349204
1474,0.2539,8,15,8,604313,1297,106693,1263,0.012014153914557783,0.493359375
1475,0.254,29,21,29,604334,1276,106722,1234,0.011819630219719145,0.49163346613545816
1476,0.2541,14,17,14,604351,1259,106736,1220,0.011662158657230724,0.49213392496974584
1477,0.2542,8,20,8,604371,1239,106744,1212,0.01147689799547964,0.4944920440636475
1478,0.2543,19,26,19,604397,1213,106763,1193,0.01123605913520323,0.49584372402327515
1479,0.2544,18,11,18,604408,1202,106781,1175,0.011134165771240136,0.4943205721497686
1480,0.2545,12,14,12,604422,1188,106793,1163,0.011004483308014377,0.49468311356869415
1481,0.2546,16,16,16,604438,1172,106809,1147,0.01085627477861351,0.4946097455799914
1482,0.2547,16,18,16,604456,1154,106825,1131,0.010689540183037534,0.4949671772428884
1483,0.2548,10,14,10,604470,1140,106835,1121,0.010559857719811775,0.4957983193277311
1484,0.2549,9,12,9,604482,1128,106844,1112,0.010448701322761125,0.49642857142857144
1485,0.255,14,18,14,604500,1110,106858,1098,0.010281966727185149,0.49728260869565216
1486,0.2551,19,11,19,604511,1099,106877,1079,0.010180073363222053,0.4954086317722681
1487,0.2552,9,10,9,604521,1089,106886,1070,0.010087443032346512,0.49559981472904124
1488,0.2553,22,20,22,604541,1069,106908,1048,0.009902182370595428,0.49504015115729805
1489,0.2554,15,13,15,604554,1056,106923,1033,0.009781762940457224,0.4944949736716132
1490,0.2555,13,8,13,604562,1048,106936,1020,0.00970765867575679,0.4932301740812379
1491,0.2556,14,10,14,604572,1038,106950,1006,0.009615028344881248,0.49217221135029354
1492,0.2557,7,16,7,604588,1022,106957,999,0.00946681981548038,0.4943097476496784
1493,0.2558,17,18,17,604606,1004,106974,982,0.009300085219904405,0.4944612286002014
1494,0.2559,11,10,11,604616,994,106985,971,0.009207454889028863,0.494147582697201
1495,0.256,11,13,11,604629,981,106996,960,0.009087035458890658,0.4945904173106646
1496,0.2561,17,18,17,604647,963,107013,943,0.008920300863314684,0.4947534102833158
1497,0.2562,15,18,15,604665,945,107028,928,0.008753566267738709,0.4954618259476775
1498,0.2563,22,11,22,604676,934,107050,906,0.008651672903775613,0.4923913043478261
1499,0.2564,11,8,11,604684,926,107061,895,0.008577568639075179,0.4914881933003844
1500,0.2565,13,14,13,604698,912,107074,882,0.00844788617584942,0.4916387959866221
1501,0.2566,7,10,7,604708,902,107081,875,0.008355255844973878,0.4924029262802476
1502,0.2567,5,9,5,604717,893,107086,870,0.00827188854718589,0.49347702779353375
1503,0.2568,11,16,11,604733,877,107097,859,0.008123680017785023,0.49481566820276496
1504,0.2569,14,19,14,604752,858,107111,845,0.007947682389121495,0.4961832061068702
1505,0.257,18,13,18,604765,845,107129,827,0.00782726295898329,0.4946172248803828
1506,0.2571,15,16,15,604781,829,107144,812,0.007679054429582423,0.4948202315661182
1507,0.2572,11,12,11,604793,817,107155,801,0.007567898032531772,0.49505562422744126
1508,0.2573,12,13,12,604806,804,107167,789,0.007447478602393568,0.4952919020715631
1509,0.2574,14,12,14,604818,792,107181,775,0.007336322205342917,0.49457562220804085
1510,0.2575,11,11,11,604829,781,107192,764,0.007234428841379821,0.49449838187702266
1511,0.2576,14,17,14,604846,764,107206,750,0.0070769572788914005,0.4953764861294584
1512,0.2577,13,9,13,604855,755,107219,737,0.006993589981103413,0.49396782841823056
1513,0.2578,10,8,10,604863,747,107229,727,0.006919485716402979,0.4932157394843962
1514,0.2579,8,12,8,604875,735,107237,719,0.0068083293193523286,0.49449793672627235
1515,0.258,8,17,8,604892,718,107245,711,0.006650857756863907,0.49755073477956613
1516,0.2581,9,10,9,604902,708,107254,702,0.006558227425988366,0.4978723404255319
1517,0.2582,6,15,6,604917,693,107260,696,0.006419281929675053,0.5010799136069114
1518,0.2583,14,9,14,604926,684,107274,682,0.006335914631887065,0.4992679355783309
1519,0.2584,21,10,21,604936,674,107295,661,0.006243284301011523,0.4951310861423221
1520,0.2585,13,22,13,604958,652,107308,648,0.006039497573085331,0.49846153846153846
1521,0.2586,10,10,10,604968,642,107318,638,0.005946867242209789,0.4984375
1522,0.2587,13,11,13,604979,631,107331,625,0.005844973878246693,0.49761146496815284
1523,0.2588,12,12,12,604991,619,107343,613,0.005733817481196043,0.49756493506493504
1524,0.2589,20,16,20,605007,603,107363,593,0.005585608951795175,0.49581939799331104
1525,0.259,10,10,10,605017,593,107373,583,0.005492978620919634,0.4957482993197279
1526,0.2591,13,9,13,605026,584,107386,570,0.005409611323131646,0.49393414211438474
1527,0.2592,7,10,7,605036,574,107393,563,0.005316980992256104,0.4951627088830255
1528,0.2593,11,12,11,605048,562,107404,552,0.005205824595205454,0.4955116696588869
1529,0.2594,13,12,13,605060,550,107417,539,0.0050946681981548034,0.494949494949495
1530,0.2595,7,10,7,605070,540,107424,532,0.005002037867279262,0.4962686567164179
1531,0.2596,16,9,16,605079,531,107440,516,0.0049186705694912744,0.49283667621776506
1532,0.2597,10,11,10,605090,520,107450,506,0.004816777205528178,0.49317738791423
1533,0.2598,13,7,13,605097,513,107463,493,0.004751935973915299,0.4900596421471173
1534,0.2599,12,16,12,605113,497,107475,481,0.0046037274445144315,0.4918200408997955
1535,0.26,11,14,11,605127,483,107486,470,0.0044740449812886735,0.4931794333683106
1536,0.2601,14,10,14,605137,473,107500,456,0.0043814146504131315,0.4908503767491927
1537,0.2602,16,7,16,605144,466,107516,440,0.004316573418800252,0.4856512141280353
1538,0.2603,6,9,6,605153,457,107522,434,0.004233206121012264,0.48709315375982043
1539,0.2604,13,14,13,605167,443,107535,421,0.004103523657786505,0.48726851851851855
1540,0.2605,13,7,13,605174,436,107548,408,0.004038682426173626,0.4834123222748815
1541,0.2606,6,15,6,605189,421,107554,402,0.0038997369298603133,0.488456865127582
1542,0.2607,9,8,9,605197,413,107563,393,0.00382563266515988,0.48759305210918114
1543,0.2608,1,13,1,605210,400,107564,392,0.0037052132350216755,0.494949494949495
1544,0.2609,8,10,8,605220,390,107572,384,0.0036125829041461334,0.49612403100775193
1545,0.261,16,8,16,605228,382,107588,368,0.0035384786394457002,0.49066666666666664
1546,0.2611,4,9,4,605237,373,107592,364,0.0034551113416577124,0.49389416553595655
1547,0.2612,11,11,11,605248,362,107603,353,0.003353217977694616,0.4937062937062937
1548,0.2613,10,8,10,605256,354,107613,343,0.003279113712994183,0.4921090387374462
1549,0.2614,5,14,5,605270,340,107618,338,0.003149431249768424,0.49852507374631266
1550,0.2615,10,5,10,605275,335,107628,328,0.003103116084330653,0.4947209653092006
1551,0.2616,6,9,6,605284,326,107634,322,0.0030197487865426657,0.49691358024691357
1552,0.2617,9,6,9,605290,320,107643,313,0.0029641705880173405,0.49447077409162715
1553,0.2618,3,5,3,605295,315,107646,310,0.0029178554225795694,0.496
1554,0.2619,5,3,5,605298,312,107651,305,0.002890066323316907,0.49432739059967584
1555,0.262,9,5,9,605303,307,107660,296,0.002843751157879136,0.49087893864013266
1556,0.2621,17,10,17,605313,297,107677,279,0.002751120827003594,0.484375
1557,0.2622,6,12,6,605325,285,107683,273,0.0026399644299529438,0.489247311827957
1558,0.2623,2,6,2,605331,279,107685,271,0.0025843862314276185,0.49272727272727274
1559,0.2624,3,8,3,605339,271,107688,268,0.0025102819667271853,0.4972170686456401
1560,0.2625,3,5,3,605344,266,107691,265,0.0024639668012894143,0.4990583804143126
1561,0.2626,6,6,6,605350,260,107697,259,0.002408388602764089,0.49903660886319845
1562,0.2627,5,11,5,605361,249,107702,254,0.002306495238800993,0.5049701789264414
1563,0.2628,8,8,8,605369,241,107710,246,0.0022323909741005597,0.5051334702258727
1564,0.2629,10,15,10,605384,226,107720,236,0.0020934454777872466,0.5108225108225108
1565,0.263,5,6,5,605390,220,107725,231,0.0020378672792619214,0.5121951219512195
1566,0.2631,1,6,1,605396,214,107726,230,0.0019822890807365966,0.5180180180180181
1567,0.2632,9,3,9,605399,211,107735,221,0.001954499981473934,0.5115740740740741
1568,0.2633,6,2,6,605401,209,107741,215,0.0019359739152988254,0.5070754716981132
1569,0.2634,4,6,4,605407,203,107745,211,0.0018803957167735003,0.5096618357487923
1570,0.2635,6,15,6,605422,188,107751,205,0.0017414502204601875,0.5216284987277354
1571,0.2636,11,4,11,605426,184,107762,194,0.0017043980881099707,0.5132275132275133
1572,0.2637,7,7,7,605433,177,107769,187,0.0016395568564970915,0.5137362637362637
1573,0.2638,3,4,3,605437,173,107772,184,0.0016025047241468747,0.5154061624649859
1574,0.2639,6,1,6,605438,172,107778,178,0.0015932416910593205,0.5085714285714286
1575,0.264,5,5,5,605443,167,107783,173,0.0015469265256215494,0.5088235294117647
1576,0.2641,2,4,2,605447,163,107785,171,0.0015098743932713328,0.5119760479041916
1577,0.2642,4,8,4,605455,155,107789,167,0.0014357701285708992,0.5186335403726708
1578,0.2643,6,2,6,605457,153,107795,161,0.0014172440623957908,0.5127388535031847
1579,0.2644,1,6,1,605463,147,107796,160,0.0013616658638704658,0.5211726384364821
1580,0.2645,4,2,4,605465,145,107800,156,0.0013431397976953574,0.5182724252491694
1581,0.2646,5,5,5,605470,140,107805,151,0.0012968246322575864,0.5189003436426117
1582,0.2647,2,2,2,605472,138,107807,149,0.001278298566082478,0.519163763066202
1583,0.2648,3,4,3,605476,134,107810,146,0.0012412464337322614,0.5214285714285715
1584,0.2649,4,4,4,605480,130,107814,142,0.0012041943013820445,0.5220588235294118
1585,0.265,2,3,2,605483,127,107816,140,0.001176405202119382,0.5243445692883895
1586,0.2651,3,2,3,605485,125,107819,137,0.0011578791359442735,0.5229007633587787
1587,0.2652,3,1,3,605486,124,107822,134,0.0011486161028567193,0.5193798449612403
1588,0.2653,4,5,4,605491,119,107826,130,0.0011023009374189485,0.5220883534136547
1589,0.2654,5,3,5,605494,116,107831,125,0.001074511838156286,0.5186721991701245
1590,0.2655,6,2,6,605496,114,107837,119,0.0010559857719811775,0.5107296137339056
1591,0.2656,4,0,4,605496,114,107841,115,0.0010559857719811775,0.5021834061135371
1592,0.2657,3,12,3,605508,102,107844,112,0.0009448293749305273,0.5233644859813084
1593,0.2658,5,5,5,605513,97,107849,107,0.0008985142094927563,0.5245098039215687
1594,0.2659,2,7,2,605520,90,107851,105,0.0008336729778798769,0.5384615384615384
1595,0.266,3,0,3,605520,90,107854,102,0.0008336729778798769,0.53125
1596,0.2661,5,2,5,605522,88,107859,97,0.0008151469117047686,0.5243243243243243
1597,0.2662,7,4,7,605526,84,107866,90,0.0007780947793545518,0.5172413793103449
1598,0.2663,1,1,1,605527,83,107867,89,0.0007688317462669976,0.5174418604651163
1599,0.2664,0,4,0,605531,79,107867,89,0.0007317796139167809,0.5297619047619048
1600,0.2665,6,4,6,605535,75,107873,83,0.0006947274815665642,0.5253164556962026
1601,0.2666,5,2,5,605537,73,107878,78,0.0006762014153914558,0.5165562913907285
1602,0.2667,3,0,3,605537,73,107881,75,0.0006762014153914558,0.5067567567567568
1603,0.2668,3,1,3,605538,72,107884,72,0.0006669383823039016,0.5
1604,0.2669,4,4,4,605542,68,107888,68,0.0006298862499536849,0.5
1605,0.267,1,3,1,605545,65,107889,67,0.0006020971506910223,0.5075757575757576
1606,0.2671,2,6,2,605551,59,107891,65,0.0005465189521656972,0.5241935483870968
1607,0.2672,1,4,1,605555,55,107892,64,0.0005094668198154803,0.5378151260504201
1608,0.2673,0,3,0,605558,52,107892,64,0.00048167772055281784,0.5517241379310345
1609,0.2674,4,0,4,605558,52,107896,60,0.00048167772055281784,0.5357142857142857
1610,0.2675,2,1,2,605559,51,107898,58,0.00047241468746526364,0.5321100917431193
1611,0.2676,6,0,6,605559,51,107904,52,0.00047241468746526364,0.5048543689320388
1612,0.2677,3,3,3,605562,48,107907,49,0.0004446255882026011,0.5051546391752577
1613,0.2678,3,2,3,605564,46,107910,46,0.00042609952202749267,0.5
1614,0.2679,1,2,1,605566,44,107911,45,0.0004075734558523843,0.5056179775280899
1615,0.268,2,4,2,605570,40,107913,43,0.00037052132350216756,0.5180722891566265
1616,0.2681,4,1,4,605571,39,107917,39,0.00036125829041461335,0.5
1617,0.2682,3,0,3,605571,39,107920,36,0.00036125829041461335,0.48
1618,0.2683,1,2,1,605573,37,107921,35,0.000342732224239505,0.4861111111111111
1619,0.2684,2,2,2,605575,35,107923,33,0.0003242061580643966,0.4852941176470588
1620,0.2685,2,0,2,605575,35,107925,31,0.0003242061580643966,0.4696969696969697
1621,0.2686,0,1,0,605576,34,107925,31,0.00031494312497684244,0.47692307692307695
1622,0.2687,0,1,0,605577,33,107925,31,0.00030568009188928824,0.484375
1623,0.2688,1,0,1,605577,33,107926,30,0.00030568009188928824,0.47619047619047616
1624,0.269,2,2,2,605579,31,107928,28,0.00028715402571417983,0.4745762711864407
1625,0.2691,2,2,2,605581,29,107930,26,0.0002686279595390715,0.4727272727272727
1626,0.2692,1,0,1,605581,29,107931,25,0.0002686279595390715,0.46296296296296297
1627,0.2693,0,1,0,605582,28,107931,25,0.0002593649264515173,0.4716981132075472
1628,0.2694,1,0,1,605582,28,107932,24,0.0002593649264515173,0.46153846153846156
1629,0.2696,1,0,1,605582,28,107933,23,0.0002593649264515173,0.45098039215686275
1630,0.2698,0,1,0,605583,27,107933,23,0.00025010189336396307,0.46
1631,0.2699,0,1,0,605584,26,107933,23,0.00024083886027640892,0.46938775510204084
1632,0.27,1,2,1,605586,24,107934,22,0.00022231279410130054,0.4782608695652174
1633,0.2701,2,1,2,605587,23,107936,20,0.00021304976101374634,0.46511627906976744
1634,0.2702,1,0,1,605587,23,107937,19,0.00021304976101374634,0.4523809523809524
1635,0.2703,1,0,1,605587,23,107938,18,0.00021304976101374634,0.43902439024390244
1636,0.2704,0,1,0,605588,22,107938,18,0.00020378672792619216,0.45
1637,0.2705,2,2,2,605590,20,107940,16,0.00018526066175108378,0.4444444444444444
1638,0.2711,0,2,0,605592,18,107940,16,0.0001667345955759754,0.47058823529411764
1639,0.2712,2,1,2,605593,17,107942,14,0.00015747156248842122,0.45161290322580644
1640,0.2713,1,1,1,605594,16,107943,13,0.00014820852940086702,0.4482758620689655
1641,0.2714,1,1,1,605595,15,107944,12,0.00013894549631331284,0.4444444444444444
1642,0.2715,1,1,1,605596,14,107945,11,0.00012968246322575864,0.44
1643,0.2716,2,2,2,605598,12,107947,9,0.00011115639705065027,0.42857142857142855
1644,0.2717,1,0,1,605598,12,107948,8,0.00011115639705065027,0.4
1645,0.2718,0,1,0,605599,11,107948,8,0.00010189336396309608,0.42105263157894735
1646,0.272,0,1,0,605600,10,107948,8,9.263033087554189e-05,0.4444444444444444
1647,0.2722,0,1,0,605601,9,107948,8,8.33672977879877e-05,0.47058823529411764
1648,0.2723,1,0,1,605601,9,107949,7,8.33672977879877e-05,0.4375
1649,0.2725,0,2,0,605603,7,107949,7,6.484123161287932e-05,0.5
1650,0.2726,0,1,0,605604,6,107949,7,5.5578198525325135e-05,0.5384615384615384
1651,0.2727,2,0,2,605604,6,107951,5,5.5578198525325135e-05,0.45454545454545453
1652,0.2729,1,1,1,605605,5,107952,4,4.6315165437770945e-05,0.4444444444444444
1653,0.2731,0,1,0,605606,4,107952,4,3.7052132350216754e-05,0.5
1654,0.2734,1,0,1,605606,4,107953,3,3.7052132350216754e-05,0.42857142857142855
1655,0.2735,2,0,2,605606,4,107955,1,3.7052132350216754e-05,0.2
1656,0.2737,1,0,1,605606,4,107956,0,3.7052132350216754e-05,0.0
1657,0.2742,0,2,0,605608,2,107956,0,1.8526066175108377e-05,0.0
1658,0.275,0,2,0,605610,0,107956,0,0.0,
