p,Neg,Pos,$\frac{\text{Pos}}{\text{Neg}+\text{Pos}}$,TN,FP,FN,TP,Prec,Rec,$\frac{\text{FP}}{\text{P}}$
0.0,1,0,0.00,1,"605,609",0,"107,956",0.15,1.00,5.61
0.05,"41,550","2,025",0.05,"41,551","564,059","2,025","105,931",0.16,0.98,5.22
0.1,"60,254","3,839",0.06,"101,805","503,805","5,864","102,092",0.17,0.95,4.67
0.15,"27,269","2,139",0.07,"129,074","476,536","8,003","99,953",0.17,0.93,4.41
0.2,"49,312","4,712",0.09,"178,386","427,224","12,715","95,241",0.18,0.88,3.96
0.25,"174,792","22,983",0.12,"353,178","252,432","35,698","72,258",0.22,0.67,2.34
0.3,"91,625","17,500",0.16,"444,803","160,807","53,198","54,758",0.25,0.51,1.49
0.35,"42,818","9,060",0.17,"487,621","117,989","62,258","45,698",0.28,0.42,1.09
0.4,"41,353","10,236",0.20,"528,974","76,636","72,494","35,462",0.32,0.33,0.71
0.45,"26,105","8,115",0.24,"555,079","50,531","80,609","27,347",0.35,0.25,0.47
0.5,"12,114","4,402",0.27,"567,193","38,417","85,011","22,945",0.37,0.21,0.36
0.55,"7,416","2,886",0.28,"574,609","31,001","87,897","20,059",0.39,0.19,0.29
0.6,"8,062","3,804",0.32,"582,671","22,939","91,701","16,255",0.41,0.15,0.21
0.65,"7,926","4,457",0.36,"590,597","15,013","96,158","11,798",0.44,0.11,0.14
0.7,"6,174","4,119",0.40,"596,771","8,839","100,277","7,679",0.46,0.07,0.08
0.75,"3,984","3,214",0.45,"600,755","4,855","103,491","4,465",0.48,0.04,0.04
0.8,"2,810","2,479",0.47,"603,565","2,045","105,970","1,986",0.49,0.02,0.02
0.85,"1,470","1,355",0.48,"605,035",575,"107,325",631,0.52,0.01,0.01
0.9,478,507,0.51,"605,513",97,"107,832",124,0.56,0.00,0.00
0.95,82,117,0.59,"605,595",15,"107,949",7,0.32,0.00,0.00
1.0,15,7,0.32,"605,610",0,"107,956",0,nan,0.00,0.00
