p,Neg,Pos,mPrec,TN,FP,FN,TP,Prec,Rec,FP/P,$\hat{p}$
0.0,"15,141",234,0.02,"15,141","590,469",234,"107,722",0.15,1.00,5.47,0.98
0.1,"186,554","10,665",0.05,"201,695","403,915","10,899","97,057",0.19,0.90,3.74,0.70
0.2,"200,039","29,681",0.13,"401,734","203,876","40,580","67,376",0.25,0.62,1.89,0.38
0.3,"92,610","21,655",0.19,"494,344","111,266","62,235","45,721",0.29,0.42,1.03,0.22
0.4,"37,522","8,823",0.19,"531,866","73,744","71,058","36,898",0.33,0.34,0.68,0.16
0.5,"21,011","7,011",0.25,"552,877","52,733","78,069","29,887",0.36,0.28,0.49,0.12
0.6,"11,071","4,163",0.27,"563,948","41,662","82,232","25,724",0.38,0.24,0.39,0.09
0.7,"10,443","4,064",0.28,"574,391","31,219","86,296","21,660",0.41,0.20,0.29,0.07
0.8,"15,350","8,331",0.35,"589,741","15,869","94,627","13,329",0.46,0.12,0.15,0.04
0.9,"10,186","7,310",0.42,"599,927","5,683","101,937","6,019",0.51,0.06,0.05,0.02
1.0,"5,683","6,019",0.51,"605,610",0,"107,956",0,nan,0.00,0.00,0.00
