p,Neg,Pos,$\frac{\text{Pos}}{\text{Neg}+\text{Pos}}$,TN,FP,FN,TP,Prec,Rec,$\frac{\text{FP}}{\text{P}}$
0.0,1,0,0.00,1,"605,609",0,"107,956",0.15,1.00,5.61
0.05,"19,650",328,0.02,"19,651","585,959",328,"107,628",0.16,1.00,5.43
0.1,"107,781","4,744",0.04,"127,432","478,178","5,072","102,884",0.18,0.95,4.43
0.15,"162,280","15,837",0.09,"289,712","315,898","20,909","87,047",0.22,0.81,2.93
0.2,"115,014","20,184",0.15,"404,726","200,884","41,093","66,863",0.25,0.62,1.86
0.25,"69,016","15,326",0.18,"473,742","131,868","56,419","51,537",0.28,0.48,1.22
0.3,"34,685","9,256",0.21,"508,427","97,183","65,675","42,281",0.30,0.39,0.90
0.35,"23,585","5,614",0.19,"532,012","73,598","71,289","36,667",0.33,0.34,0.68
0.4,"14,975","5,081",0.25,"546,987","58,623","76,370","31,586",0.35,0.29,0.54
0.45,"9,676","3,257",0.25,"556,663","48,947","79,627","28,329",0.37,0.26,0.45
0.5,"6,403","2,553",0.29,"563,066","42,544","82,180","25,776",0.38,0.24,0.39
0.55,"5,723","1,928",0.25,"568,789","36,821","84,108","23,848",0.39,0.22,0.34
0.6,"8,514","3,591",0.30,"577,303","28,307","87,699","20,257",0.42,0.19,0.26
0.65,"10,291","5,753",0.36,"587,594","18,016","93,452","14,504",0.45,0.13,0.17
0.7,"8,059","5,367",0.40,"595,653","9,957","98,819","9,137",0.48,0.08,0.09
0.75,"5,285","3,884",0.42,"600,938","4,672","102,703","5,253",0.53,0.05,0.04
0.8,"2,728","2,140",0.44,"603,666","1,944","104,843","3,113",0.62,0.03,0.02
0.85,"1,127","1,345",0.54,"604,793",817,"106,188","1,768",0.68,0.02,0.01
0.9,554,994,0.64,"605,347",263,"107,182",774,0.75,0.01,0.00
0.95,221,587,0.73,"605,568",42,"107,769",187,0.82,0.00,0.00
1.0,42,187,0.82,"605,610",0,"107,956",0,nan,0.00,0.00
