p,Neg,Pos,$\frac{\text{Pos}}{\text{Neg}+\text{Pos}}$,TN,FP,FN,TP,Prec,Rec,$\frac{\text{FP}}{\text{P}}$
0.0,"30,281",605,0.02,"30,281","575,329",605,"107,351",0.16,0.99,5.33
0.05,"74,596","3,122",0.04,"104,877","500,733","3,727","104,229",0.17,0.97,4.64
0.1,"117,045","9,018",0.07,"221,922","383,688","12,745","95,211",0.20,0.88,3.55
0.15,"103,015","14,069",0.12,"324,937","280,673","26,814","81,142",0.22,0.75,2.60
0.2,"71,839","12,686",0.15,"396,776","208,834","39,500","68,456",0.25,0.63,1.93
0.25,"54,495","11,244",0.17,"451,271","154,339","50,744","57,212",0.27,0.53,1.43
0.3,"35,450","9,220",0.21,"486,721","118,889","59,964","47,992",0.29,0.44,1.10
0.35,"21,165","5,612",0.21,"507,886","97,724","65,576","42,380",0.30,0.39,0.91
0.4,"17,658","4,044",0.19,"525,544","80,066","69,620","38,336",0.32,0.36,0.74
0.45,"12,536","3,427",0.21,"538,080","67,530","73,047","34,909",0.34,0.32,0.63
0.5,"9,535","3,574",0.27,"547,615","57,995","76,621","31,335",0.35,0.29,0.54
0.55,"6,904","2,274",0.25,"554,519","51,091","78,895","29,061",0.36,0.27,0.47
0.6,"5,338","1,949",0.27,"559,857","45,753","80,844","27,112",0.37,0.25,0.42
0.65,"3,834","1,536",0.29,"563,691","41,919","82,380","25,576",0.38,0.24,0.39
0.7,"3,889","1,304",0.25,"567,580","38,030","83,684","24,272",0.39,0.22,0.35
0.75,"4,896","1,877",0.28,"572,476","33,134","85,561","22,395",0.40,0.21,0.31
0.8,"6,778","3,082",0.31,"579,254","26,356","88,643","19,313",0.42,0.18,0.24
0.85,"7,240","4,147",0.36,"586,494","19,116","92,790","15,166",0.44,0.14,0.18
0.9,"6,112","3,799",0.38,"592,606","13,004","96,589","11,367",0.47,0.11,0.12
0.95,"4,766","3,499",0.42,"597,372","8,238","100,088","7,868",0.49,0.07,0.08
1.0,"8,238","7,868",0.49,"605,610",0,"107,956",0,nan,0.00,0.00
