p,Neg,Pos,$\frac{\text{Pos}}{\text{Neg}+\text{Pos}}$,TN,FP,FN,TP,Prec,Rec,$\frac{\text{FP}}{\text{P}}$
0.0,"15,253",639,0.04,"15,253","590,357",639,"107,317",0.15,0.99,5.47
0.1,"78,657","5,306",0.06,"93,910","511,700","5,945","102,011",0.17,0.94,4.74
0.2,"30,515","2,503",0.08,"124,425","481,185","8,448","99,508",0.17,0.92,4.46
0.3,"43,628","4,942",0.10,"168,053","437,557","13,390","94,566",0.18,0.88,4.05
0.4,"98,325","12,399",0.11,"266,378","339,232","25,789","82,167",0.19,0.76,3.14
0.5,"160,367","28,214",0.15,"426,745","178,865","54,003","53,953",0.23,0.50,1.66
0.6,"60,537","13,655",0.18,"487,282","118,328","67,658","40,298",0.25,0.37,1.10
0.7,"13,576","4,178",0.24,"500,858","104,752","71,836","36,120",0.26,0.33,0.97
0.8,"30,433","9,638",0.24,"531,291","74,319","81,474","26,482",0.26,0.25,0.69
0.9,"48,667","15,904",0.25,"579,958","25,652","97,378","10,578",0.29,0.10,0.24
1.0,"25,652","10,578",0.29,"605,610",0,"107,956",0,nan,0.00,0.00
