,y_proba,y_test,Neg,Pos,TN,FP,FN,TP,FP/P,Prec
0,0.1077,0,1,0,1,605609,0,107956,5.609776205120605,0.1512910526721462
1,0.108,0,4,0,5,605605,0,107956,5.609739152988254,0.15129190076251364
2,0.1082,0,22,0,27,605583,0,107956,5.609535366260328,0.1512965654295
3,0.1083,0,1,0,28,605582,0,107956,5.609526103227241,0.1512967774666521
4,0.1084,0,3,0,31,605579,0,107956,5.609498314127978,0.15129741358167434
5,0.1085,0,21,0,52,605558,0,107956,5.609303790433139,0.15130186653660616
6,0.1086,0,19,0,71,605539,0,107956,5.609127792804476,0.1513058956264585
7,0.1087,0,3,0,74,605536,0,107956,5.609100003705214,0.15130653181815634
8,0.1088,0,28,0,102,605508,0,107956,5.608840638778762,0.1513124698653331
9,0.1089,0,10,0,112,605498,0,107956,5.608748008447886,0.15131459070942205
10,0.109,0,6,0,118,605492,0,107956,5.608692430249361,0.15131586324441304
11,0.1091,1,54,1,172,605438,1,107955,5.6081922264626325,0.15132612739401705
12,0.1092,0,8,0,180,605430,1,107955,5.608118122197933,0.15132782438655143
13,0.1093,3,33,3,213,605397,4,107952,5.607812442106043,0.15133125580886775
14,0.1094,2,64,2,277,605333,6,107950,5.60721960798844,0.15134245453768
15,0.1095,9,147,9,424,605186,15,107941,5.605857942124569,0.1513629409628299
16,0.1096,3,83,3,507,605103,18,107938,5.6050891103783025,0.15137698954197584
17,0.1097,8,252,8,759,604851,26,107930,5.602754826040239,0.15142098344372254
18,0.1098,3,62,3,821,604789,29,107927,5.602180517988811,0.1514305838510711
19,0.1099,12,244,12,1065,604545,41,107915,5.599920337915447,0.15146815259804058
20,0.11,2,164,2,1229,604381,43,107913,5.598401200489088,0.15150064439683614
21,0.1101,4,121,4,1350,604260,47,107909,5.597280373485494,0.15152161916623721
22,0.1102,5,234,5,1584,604026,52,107904,5.595112823743007,0.15156546289663309
23,0.1103,10,388,10,1972,603638,62,107894,5.591518766905035,0.15163618783132735
24,0.1104,4,115,4,2087,603523,66,107890,5.590453518099967,0.15165592981854423
25,0.1105,31,905,31,2992,602618,97,107859,5.5820704731557305,0.15181209243930485
26,0.1106,9,280,9,3272,602338,106,107850,5.579476823891215,0.15186119731676684
27,0.1107,13,321,13,3593,602017,119,107837,5.57650339027011,0.15191433731443368
28,0.1108,37,966,37,4559,601051,156,107800,5.567555300307533,0.1520770937757018
29,0.1109,39,896,39,5455,600155,195,107761,5.559255622661084,0.15222286259951745
30,0.111,12,187,12,5642,599968,207,107749,5.557523435473711,0.1522487095830678
31,0.1111,32,699,32,6341,599269,239,107717,5.551048575345511,0.15236086711759497
32,0.1112,13,329,13,6670,598940,252,107704,5.548001037459706,0.1524162095765336
33,0.1113,21,557,21,7227,598383,273,107683,5.542841528029938,0.15251123832616215
34,0.1114,19,618,19,7845,597765,292,107664,5.5371169735818295,0.15262202149330406
35,0.1115,14,312,14,8157,597453,306,107650,5.534226907258513,0.15267273008340626
36,0.1116,13,489,13,8646,596964,319,107637,5.529697284078699,0.15276305313219823
37,0.1117,15,426,15,9072,596538,334,107622,5.525751231983401,0.15283742331288344
38,0.1118,21,396,21,9468,596142,355,107601,5.522083070880729,0.1528981460561597
39,0.1119,29,492,29,9960,595650,384,107572,5.517525658601652,0.15297018580192315
40,0.112,35,1070,35,11030,594580,419,107537,5.50761421319797,0.15316108283946978
41,0.1121,58,954,58,11984,593626,477,107479,5.498777279632443,0.15329943446416727
42,0.1122,33,728,33,12712,592898,510,107446,5.492033791544704,0.15341889128771005
43,0.1123,59,1334,59,14046,591564,569,107387,5.479676905405906,0.1536402408752545
44,0.1124,64,1126,64,15172,590438,633,107323,5.46924673014932,0.15381054544464365
45,0.1125,35,975,35,16147,589463,668,107288,5.460215272888955,0.15398327379508606
46,0.1126,104,2486,104,18633,586977,772,107184,5.437187372633295,0.15440798316240756
47,0.1127,69,1080,69,19713,585897,841,107115,5.427183296898736,0.15456442312687227
48,0.1128,33,758,33,20471,585139,874,107082,5.420161917818371,0.15469337104768563
49,0.1129,32,755,32,21226,584384,906,107050,5.413168327837267,0.15482316461151752
50,0.113,16,553,16,21779,583831,922,107034,5.4080458705398495,0.15492751840084532
51,0.1131,54,1353,54,23132,582478,976,106980,5.395512986772388,0.15516536177693202
52,0.1132,23,586,23,23718,581892,999,106957,5.390084849383082,0.1552691518750844
53,0.1133,34,529,34,24247,581363,1033,106923,5.385184704879766,0.1553467599224741
54,0.1134,48,873,48,25120,580490,1081,106875,5.377098076994331,0.15548507706967915
55,0.1135,61,1047,61,26167,579443,1142,106814,5.367399681351662,0.15564722837071243
56,0.1136,43,872,43,27039,578571,1185,106771,5.3593223164993145,0.15579229056441893
57,0.1137,56,1332,56,28371,577239,1241,106715,5.346983956426692,0.15602657488661517
58,0.1138,37,738,37,29109,576501,1278,106678,5.340147838008077,0.15614941325772602
59,0.1139,78,1430,78,30539,575071,1356,106600,5.326901700692875,0.15638042398752477
60,0.114,46,1160,46,31699,573911,1402,106554,5.316156582311312,0.15658997891147966
61,0.1141,61,1358,61,33057,572553,1463,106493,5.303577383378413,0.156827372519682
62,0.1142,73,1326,73,34383,571227,1536,106420,5.291294601504316,0.1570434164100188
63,0.1143,90,1364,90,35747,569863,1626,106330,5.278659824372893,0.15724800463772917
64,0.1144,76,1391,76,37138,568472,1702,106254,5.265774945348105,0.15747725743486987
65,0.1145,75,1080,75,38218,567392,1777,106179,5.255770869613547,0.1576359433526681
66,0.1146,48,1122,48,39340,566270,1825,106131,5.245377746489311,0.15783884913912977
67,0.1147,40,673,40,40013,565597,1865,106091,5.239143725221386,0.15794684436821857
68,0.1148,58,1221,58,41234,564376,1923,106033,5.227833561821483,0.15816165952426056
69,0.1149,59,1005,59,42239,563371,1982,105974,5.218524213568491,0.1583249295953507
70,0.115,39,683,39,42922,562688,2021,105935,5.212197561969691,0.15843756496560843
71,0.1151,51,731,51,43653,561957,2072,105884,5.205426284782689,0.15854671995280314
72,0.1152,54,930,54,44583,561027,2126,105830,5.196811664011264,0.1586996912381515
73,0.1153,88,1514,88,46097,559513,2214,105742,5.182787431916707,0.15894957572660107
74,0.1154,64,1368,64,47465,558145,2278,105678,5.170115602652933,0.15919605075449328
75,0.1155,64,1053,64,48518,557092,2342,105614,5.160361628811738,0.1593678041243025
76,0.1156,107,1581,107,50099,555511,2449,105507,5.145716773500315,0.15961290010256907
77,0.1157,100,1511,100,51610,554000,2549,105407,5.13172033050502,0.15985119963846303
78,0.1158,105,1654,105,53264,552346,2654,105302,5.116399273778206,0.16011909106391262
79,0.1159,86,1660,86,54924,550686,2740,105216,5.101022638852866,0.16041420822013044
80,0.116,51,846,51,55770,549840,2791,105165,5.093186112860795,0.16055602628987564
81,0.1161,115,1360,115,57130,548480,2906,105050,5.080588387861721,0.16074242957477086
82,0.1162,154,2040,154,59170,546440,3060,104896,5.061691800363111,0.1610474470933589
83,0.1163,57,925,57,60095,545515,3117,104839,5.0531234947571235,0.16120297561020613
84,0.1164,46,793,46,60888,544722,3163,104793,5.0457779095186925,0.1613403847486201
85,0.1165,76,1221,76,62109,543501,3239,104717,5.034467746118789,0.16154596138953253
86,0.1166,57,712,57,62821,542789,3296,104660,5.02787246656045,0.16164979789913955
87,0.1167,55,1033,55,63854,541756,3351,104605,5.018303753381007,0.16183680636672076
88,0.1168,55,704,55,64558,541052,3406,104550,5.011782578087369,0.16194187750347738
89,0.1169,46,663,46,65221,540389,3452,104504,5.005641187150321,0.1620485879052804
90,0.117,54,694,54,65915,539695,3506,104450,4.999212642187558,0.16215293140519604
91,0.1171,60,712,60,66627,538983,3566,104390,4.992617362629219,0.16225424442741612
92,0.1172,34,440,34,67067,538543,3600,104356,4.988541628070696,0.16232098665575775
93,0.1173,41,527,41,67594,538016,3641,104315,4.983660009633555,0.16240069372332955
94,0.1174,28,554,28,68148,537462,3669,104287,4.97852828930305,0.1625043435985097
95,0.1175,45,440,45,68588,537022,3714,104242,4.974452554744525,0.1625570747773148
96,0.1176,24,401,24,68989,536621,3738,104218,4.970738078476416,0.16262743060269427
97,0.1177,39,676,39,69665,535945,3777,104179,4.964476268109229,0.16274815504496004
98,0.1178,24,420,24,70085,535525,3801,104155,4.960585794212457,0.16282359929964982
99,0.1179,38,432,38,70517,535093,3839,104117,4.956584163918634,0.16288387227984544
100,0.118,15,346,15,70863,534747,3854,104102,4.95337915447034,0.1629524347694056
101,0.1181,51,763,51,71626,533984,3905,104051,4.9463114602245355,0.16308039527612123
102,0.1182,38,407,38,72033,533577,3943,104013,4.942541405757901,0.16313461628946502
103,0.1183,47,549,47,72582,533028,3990,103966,4.937456000592834,0.1632134682587277
104,0.1184,43,719,43,73301,532309,4033,103923,4.930795879802883,0.16334135975556086
105,0.1185,19,456,19,73757,531853,4052,103904,4.926571936714958,0.16343351311900617
106,0.1186,32,492,32,74249,531361,4084,103872,4.922014524435881,0.1635179532549474
107,0.1187,53,560,53,74809,530801,4137,103819,4.916827225906851,0.16359238599476852
108,0.1188,35,658,35,75467,530143,4172,103784,4.910732150135241,0.1637160114650425
109,0.1189,28,401,28,75868,529742,4200,103756,4.907017673867131,0.16378267966118282
110,0.119,40,497,40,76365,529245,4240,103716,4.902413946422617,0.1638584367757255
111,0.1191,20,279,20,76644,528966,4260,103696,4.899829560191189,0.16390426483651618
112,0.1192,41,406,41,77050,528560,4301,103655,4.896068768757642,0.16395530001660827
113,0.1193,31,343,31,77393,528217,4332,103624,4.892891548408611,0.16400328563673455
114,0.1194,33,586,33,77979,527631,4365,103591,4.887463411019304,0.164111833871443
115,0.1195,24,267,24,78246,527364,4389,103567,4.884990181184927,0.16414948702790003
116,0.1196,10,183,10,78429,527181,4399,103557,4.883295046129905,0.1641838608106694
117,0.1197,14,190,14,78619,526991,4413,103543,4.881535069843269,0.16421477668135262
118,0.1198,13,171,13,78790,526820,4426,103530,4.879951091185298,0.16424208772903942
119,0.1199,15,161,15,78951,526659,4441,103515,4.878459742858201,0.16426415561416371
120,0.12,9,145,9,79096,526514,4450,103506,4.877116603060506,0.16429002253896702
121,0.1201,5,163,5,79259,526351,4455,103501,4.875606728667234,0.1643259051332694
122,0.1202,11,123,11,79382,526228,4466,103490,4.874467375597465,0.16434340450804963
123,0.1203,12,155,12,79537,526073,4478,103478,4.873031605468895,0.16436793841960382
124,0.1204,6,139,6,79676,525934,4484,103472,4.871744043869724,0.16439627204062243
125,0.1205,9,168,9,79844,525766,4493,103463,4.870187854311015,0.16442821293996304
126,0.1206,16,235,16,80079,525531,4509,103447,4.86801104153544,0.16446839158126358
127,0.1207,2,171,2,80250,525360,4511,103445,4.866427062877468,0.16451046031758654
128,0.1208,8,148,8,80398,525212,4519,103437,4.86505613398051,0.16453855808249118
129,0.1209,14,221,14,80619,524991,4533,103423,4.863009003668161,0.16457781016972886
130,0.121,6,117,6,80736,524874,4539,103417,4.861925228796918,0.16460047971401787
131,0.1211,12,131,12,80867,524743,4551,103405,4.860711771462448,0.1646188477874641
132,0.1212,12,182,12,81049,524561,4563,103393,4.859025899440513,0.1646505954257796
133,0.1213,10,117,10,81166,524444,4573,103383,4.857942124569269,0.1646679738208137
134,0.1214,3,130,3,81296,524314,4576,103380,4.856737930267887,0.16469808537280906
135,0.1215,4,106,4,81402,524208,4580,103376,4.855756048760606,0.1647205792372017
136,0.1216,13,130,13,81532,524078,4593,103363,4.854551854459224,0.16473740160429426
137,0.1217,1,95,1,81627,523983,4594,103362,4.853671866315906,0.16476101666547116
138,0.1218,7,117,7,81744,523866,4601,103355,4.852588091444662,0.16478242915973795
139,0.1219,10,149,10,81893,523717,4611,103345,4.851207899514617,0.16480826457351905
140,0.122,7,237,7,82130,523480,4618,103338,4.8490125606728665,0.16486125159137102
141,0.1221,18,331,18,82461,523149,4636,103320,4.845946496720886,0.1649243617800721
142,0.1222,28,408,28,82869,522741,4664,103292,4.842167179221164,0.16499449709520106
143,0.1223,24,554,24,83423,522187,4688,103268,4.837035458890659,0.16510860093851676
144,0.1224,29,362,29,83785,521825,4717,103239,4.833682240912965,0.16516548705412565
145,0.1225,22,318,22,84103,521507,4739,103217,4.830736596391122,0.16522016122319616
146,0.1226,15,126,15,84229,521381,4754,103202,4.82956945422209,0.16523344375367244
147,0.1227,8,104,8,84333,521277,4762,103194,4.828606098780985,0.1652502678266885
148,0.1228,16,285,16,84618,520992,4778,103178,4.825966134351032,0.16530432414246118
149,0.1229,14,214,14,84832,520778,4792,103164,4.823983845270296,0.1653422914309343
150,0.123,16,138,16,84970,520640,4808,103148,4.822705546704213,0.1653574611887372
151,0.1231,13,220,13,85190,520420,4821,103135,4.820667679424951,0.16539840110335094
152,0.1232,4,115,4,85305,520305,4825,103131,4.819602430619883,0.16542355590629992
153,0.1233,9,201,9,85506,520104,4834,103122,4.817740560969284,0.16546485544569706
154,0.1234,17,270,17,85776,519834,4851,103105,4.815239542035644,0.1655137983012783
155,0.1235,42,620,42,86396,519214,4893,103063,4.809496461521361,0.16562238360087228
156,0.1236,23,386,23,86782,518828,4916,103040,4.805920930749565,0.1656943274135347
157,0.1237,29,537,29,87319,518291,4945,103011,4.800946681981548,0.16579859713955533
158,0.1238,43,710,43,88029,517581,4988,102968,4.794369928489385,0.16593049058172682
159,0.1239,32,595,32,88624,516986,5020,102936,4.7888584238022895,0.16604669619726353
160,0.124,39,637,39,89261,516349,5059,102897,4.782957871725518,0.16616498128369017
161,0.1241,43,615,43,89876,515734,5102,102854,4.777261106376672,0.1662722199590034
162,0.1242,30,318,30,90194,515416,5132,102824,4.77431546185483,0.16631728778467908
163,0.1243,41,454,41,90648,514962,5173,102783,4.77011004483308,0.16638418765024404
164,0.1244,12,234,12,90882,514728,5185,102771,4.767942495090592,0.16643103875471862
165,0.1245,30,571,30,91453,514157,5215,102741,4.762653303197599,0.16654455031463872
166,0.1246,20,341,20,91794,513816,5235,102721,4.759494608914743,0.16660962764602935
167,0.1247,39,691,39,92485,513125,5274,102682,4.753093853051243,0.16674380122343527
168,0.1248,26,381,26,92866,512744,5300,102656,4.749564637444885,0.1668118297042574
169,0.1249,34,693,34,93559,512051,5334,102622,4.74314535551521,0.16695381121344194
170,0.125,36,797,36,94356,511254,5370,102586,4.7357627181444295,0.167121725531083
171,0.1251,34,826,34,95182,510428,5404,102552,4.728111452814109,0.1673007275930699
172,0.1252,61,810,61,95992,509618,5465,102491,4.720608396013191,0.16743913257279341
173,0.1253,55,811,55,96803,508807,5520,102436,4.713096076179184,0.16758637726730613
174,0.1254,53,683,53,97486,508124,5573,102383,4.706769424580385,0.16770159883506658
175,0.1255,62,1166,62,98652,506958,5635,102321,4.695968728000296,0.16793784128453468
176,0.1256,65,873,65,99525,506085,5700,102256,4.687882100114861,0.16808993640080153
177,0.1257,74,711,74,100236,505374,5774,102182,4.6812960835896105,0.1681853195425607
178,0.1258,77,887,77,101123,504487,5851,102105,4.67307977324095,0.16832566205950622
179,0.1259,63,973,63,102096,503514,5914,102042,4.6640668420467595,0.16850960109387075
180,0.126,60,1163,60,103259,502351,5974,101982,4.6532939345659345,0.16875133411546284
181,0.1261,66,861,66,104120,501490,6040,101916,4.64531846307755,0.1689012041643603
182,0.1262,53,701,53,104821,500789,6093,101863,4.638825076883174,0.16902457803176626
183,0.1263,75,911,75,105732,499878,6168,101788,4.630386453740413,0.16917691875558866
184,0.1264,56,805,56,106537,499073,6224,101732,4.6229297121049315,0.1693261540766139
185,0.1265,49,623,49,107160,498450,6273,101683,4.617158842491385,0.1694341087725554
186,0.1266,36,604,36,107764,497846,6309,101647,4.611563970506503,0.16955494059146645
187,0.1267,69,771,69,108535,497075,6378,101578,4.604422171995998,0.1696775928626433
188,0.1268,52,630,52,109165,496445,6430,101526,4.598586461150839,0.169784153412122
189,0.1269,42,545,42,109710,495900,6472,101484,4.593538108118122,0.16988067976377003
190,0.127,44,596,44,110306,495304,6516,101440,4.58801734039794,0.16998914107221857
191,0.1271,53,569,53,110875,494735,6569,101387,4.582746674571122,0.17007760156478036
192,0.1272,57,629,57,111504,494106,6626,101330,4.57692022675905,0.17017781927864623
193,0.1273,36,484,36,111988,493622,6662,101294,4.572436918744674,0.17026605436733924
194,0.1274,37,389,37,112377,493233,6699,101257,4.568833598873615,0.17032582549748523
195,0.1275,55,670,55,113047,492563,6754,101202,4.5626273667049535,0.17044116780207658
196,0.1276,69,696,69,113743,491867,6823,101133,4.5561802956760165,0.17054468802698144
197,0.1277,49,610,49,114353,491257,6872,101084,4.550529845492608,0.1706517023133634
198,0.1278,73,752,73,115105,490505,6945,101011,4.5435640446107675,0.17076630217948457
199,0.1279,74,779,74,115884,489726,7019,100937,4.536348141835562,0.1708876296636153
200,0.128,65,806,65,116690,488920,7084,100872,4.528882137166994,0.17102978677228584
201,0.1281,104,1254,104,117944,487666,7188,100768,4.517266293675201,0.17124775250920238
202,0.1282,41,527,41,118471,487139,7229,100727,4.51238467523806,0.17134346943010823
203,0.1283,84,910,84,119381,486229,7313,100643,4.503955315128386,0.17149054649054649
204,0.1284,92,946,92,120327,485283,7405,100551,4.49519248582756,0.17163735802292118
205,0.1285,71,854,71,121181,484429,7476,100480,4.487281855570788,0.1717874062460998
206,0.1286,119,1272,119,122453,483157,7595,100361,4.4754992774834195,0.17199298050788495
207,0.1287,68,808,68,123261,482349,7663,100293,4.4680147467486755,0.17213486154448185
208,0.1288,111,1027,111,124288,481322,7774,100182,4.458501611767757,0.17228084415584416
209,0.1289,78,941,78,125229,480381,7852,100104,4.449785097632369,0.1724489004883847
210,0.129,106,1179,106,126408,479202,7958,99998,4.438863981622142,0.17264848066298344
211,0.1291,65,648,65,127056,478554,8023,99933,4.432861536181408,0.17274891224867628
212,0.1292,73,974,73,128030,477580,8096,99860,4.423839341954129,0.17293571626489332
213,0.1293,109,921,109,128951,476659,8205,99751,4.415308088480492,0.17305563748026578
214,0.1294,88,931,88,129882,475728,8293,99663,4.4066842046759795,0.17320917428322655
215,0.1295,96,1178,96,131060,474550,8389,99567,4.39577235169884,0.17342632250917495
216,0.1296,79,846,79,131906,473704,8468,99488,4.387935825706769,0.17356836801630168
217,0.1297,115,999,115,132905,472705,8583,99373,4.378682055652303,0.17370533388803625
218,0.1298,74,985,74,133890,471720,8657,99299,4.369557968061062,0.17389789131359903
219,0.1299,81,672,81,134562,471048,8738,99218,4.363333209826226,0.17398547344572532
220,0.13,69,896,69,135458,470152,8807,99149,4.355033532179777,0.17415918819745618
221,0.1301,80,714,80,136172,469438,8887,99069,4.348419726555263,0.17426170654011297
222,0.1302,34,397,34,136569,469041,8921,99035,4.344742302419505,0.17433406797682
223,0.1303,86,768,86,137337,468273,9007,98949,4.337628293008263,0.17444492632514252
224,0.1304,54,484,54,137821,467789,9061,98895,4.333144984993886,0.17451525012176097
225,0.1305,58,434,58,138255,467355,9119,98837,4.329124828633888,0.17456445869952242
226,0.1306,61,576,61,138831,466779,9180,98776,4.323789321575457,0.1746532167516864
227,0.1307,53,454,53,139285,466325,9233,98723,4.319583904553707,0.1747161303110532
228,0.1308,55,523,55,139808,465802,9288,98668,4.314739338248916,0.17479759774655873
229,0.1309,54,469,54,140277,465333,9342,98614,4.310394975730853,0.17486394998111524
230,0.131,43,440,43,140717,464893,9385,98571,4.3063192411723294,0.1749375292831485
231,0.1311,51,516,51,141233,464377,9436,98520,4.301539516099152,0.17502313922440518
232,0.1312,53,432,53,141665,463945,9489,98467,4.297537885805328,0.17507983471191937
233,0.1313,30,380,30,142045,463565,9519,98437,4.294017933232057,0.1751541809459753
234,0.1314,55,445,55,142490,463120,9574,98382,4.289895883508096,0.17521219870988883
235,0.1315,73,504,73,142994,462616,9647,98309,4.285227314831968,0.17526228996746446
236,0.1316,50,485,50,143479,462131,9697,98259,4.280734743784505,0.17534038794411036
237,0.1317,60,426,60,143905,461705,9757,98199,4.276788691689207,0.17538542321540834
238,0.1318,46,425,46,144330,461280,9803,98153,4.272851902626996,0.1754508582797225
239,0.1319,44,439,44,144769,460841,9847,98109,4.26878543110156,0.1755237498881832
240,0.132,55,445,55,145214,460396,9902,98054,4.2646633813775985,0.17558241561464769
241,0.1321,73,471,73,145685,459925,9975,97981,4.26030049279336,0.17562277516284105
242,0.1322,41,404,41,146089,459521,10016,97940,4.256558227425988,0.1756894204258235
243,0.1323,76,569,76,146658,458952,10092,97864,4.25128756159917,0.17575644378035113
244,0.1324,83,600,83,147258,458352,10175,97781,4.245729741746637,0.1758230495223265
245,0.1325,47,446,47,147704,457906,10222,97734,4.2415984289895885,0.1758944640414657
246,0.1326,57,528,57,148232,457378,10279,97677,4.23670754751936,0.17597715541703074
247,0.1327,34,417,34,148649,456961,10313,97643,4.23284486272185,0.1760589537760276
248,0.1328,37,305,37,148954,456656,10350,97606,4.2300196376301455,0.17610083317997627
249,0.1329,46,345,46,149299,456311,10396,97560,4.22682389121494,0.17614209806976716
250,0.133,38,342,38,149641,455969,10434,97522,4.223655933898996,0.17619437353091558
251,0.1331,47,341,47,149982,455628,10481,97475,4.22049723961614,0.17623299819382646
252,0.1332,31,249,31,150231,455379,10512,97444,4.218190744377339,0.176266182846951
253,0.1333,38,270,38,150501,455109,10550,97406,4.215689725443699,0.17629566618100867
254,0.1334,29,220,29,150721,454889,10579,97377,4.213651858164438,0.17632264162559347
255,0.1335,30,250,30,150971,454639,10609,97347,4.211336099892549,0.1763577337106376
256,0.1336,31,206,31,151177,454433,10640,97316,4.209427915076513,0.17637730199782872
257,0.1337,21,173,21,151350,454260,10661,97295,4.207825410352366,0.17640126551295882
258,0.1338,40,217,40,151567,454043,10701,97255,4.205815332172366,0.17641094290202394
259,0.1339,21,206,21,151773,453837,10722,97234,4.203907147356331,0.17644550339248483
260,0.134,23,189,23,151962,453648,10745,97211,4.202156434102783,0.1764716560862217
261,0.1341,14,171,14,152133,453477,10759,97197,4.200572455444811,0.1765055186916397
262,0.1342,19,244,19,152377,453233,10778,97178,4.198312275371448,0.1765553377385263
263,0.1343,16,240,16,152617,452993,10794,97162,4.196089147430435,0.1766084103570812
264,0.1344,29,195,29,152812,452798,10823,97133,4.194282855978361,0.1766276132823936
265,0.1345,25,329,25,153141,452469,10848,97108,4.191235318092557,0.17669589520667714
266,0.1346,33,358,33,153499,452111,10881,97075,4.187919152247212,0.17676160717862435
267,0.1347,42,552,42,154051,451559,10923,97033,4.182805957982882,0.17687644005016478
268,0.1348,49,748,49,154799,450811,10972,96984,4.175877209233391,0.1770443322775856
269,0.1349,82,1083,82,155882,449728,11054,96902,4.16584534439957,0.17727164626895706
270,0.135,61,786,61,156668,448942,11115,96841,4.1585646003927526,0.17743498789812068
271,0.1351,86,1164,86,157832,447778,11201,96755,4.1477824298788395,0.177684364400321
272,0.1352,128,1712,128,159544,446066,11329,96627,4.131924117232947,0.17805094224543158
273,0.1353,88,1009,88,160553,445057,11417,96539,4.122577716847605,0.17824910080576667
274,0.1354,119,1326,119,161879,443731,11536,96420,4.110294934973508,0.17850564008953052
275,0.1355,109,1489,109,163368,442242,11645,96311,4.096502278706139,0.1788329096672008
276,0.1356,75,948,75,164316,441294,11720,96236,4.0877209233391385,0.17903372835004558
277,0.1357,81,1223,81,165539,440071,11801,96155,4.07639223387306,0.17931804873318338
278,0.1358,134,1393,134,166932,438678,11935,96021,4.063488828782097,0.179579539142583
279,0.1359,142,1822,142,168754,436856,12077,95879,4.046611582496572,0.1799750344918205
280,0.136,57,656,57,169410,436200,12134,95822,4.040535032791137,0.1801090932329866
281,0.1361,113,1212,113,170622,434988,12247,95709,4.029308236689022,0.18034584706527454
282,0.1362,131,1407,131,172029,433581,12378,95578,4.016275149134833,0.18062245941201038
283,0.1363,47,397,47,172426,433184,12425,95531,4.012597724999074,0.18068524630471994
284,0.1364,146,1585,146,174011,431599,12571,95385,3.9979158175553002,0.18100170024137355
285,0.1365,108,1106,108,175117,430493,12679,95277,3.9876709029604656,0.18121421914525362
286,0.1366,86,800,86,175917,429693,12765,95191,3.980260476490422,0.18135626157398588
287,0.1367,98,984,98,176901,428709,12863,95093,3.9711456519322685,0.18154378944715752
288,0.1368,62,580,62,177481,428129,12925,95031,3.9657730927414874,0.18164806177842344
289,0.1369,79,783,79,178264,427346,13004,94952,3.9585201378339323,0.18179659887650346
290,0.137,48,471,48,178735,426875,13052,94904,3.954157249249694,0.18188543425473236
291,0.1371,57,492,57,179227,426383,13109,94847,3.949599836970618,0.1819676534351438
292,0.1372,56,621,56,179848,425762,13165,94791,3.9438474934232466,0.18209673174489438
293,0.1373,41,409,41,180257,425353,13206,94750,3.9400589128904366,0.18217545370820779
294,0.1374,44,480,44,180737,424873,13250,94706,3.9356126570084107,0.18227449531255113
295,0.1375,28,339,28,181076,424534,13278,94678,3.93247248879173,0.18234940640817238
296,0.1376,52,589,52,181665,423945,13330,94626,3.9270165623031605,0.18247453097068675
297,0.1377,70,696,70,182361,423249,13400,94556,3.920569491274223,0.18260928341750274
298,0.1378,44,481,44,182842,422768,13444,94512,3.9161139723591094,0.1827095576863594
299,0.1379,93,1102,93,183944,421666,13537,94419,3.9059061098966246,0.18295242062838485
300,0.138,76,1181,76,185125,420485,13613,94343,3.894966467820223,0.1832514937027512
301,0.1381,117,1114,117,186239,419371,13730,94226,3.8846474489606875,0.1834629096353756
302,0.1382,137,1321,137,187560,418050,13867,94089,3.8724109822520285,0.18371770163959394
303,0.1383,291,3152,291,190712,414898,14158,93798,3.8432139019600577,0.18438910469121048
304,0.1384,93,992,93,191704,413906,14251,93705,3.834024973137204,0.18460001851811722
305,0.1385,284,2872,284,194576,411034,14535,93421,3.8074215421097484,0.18519193981623733
306,0.1386,236,2147,236,196723,408887,14771,93185,3.7875338100707694,0.1856008699947418
307,0.1387,66,710,66,197433,408177,14837,93119,3.780957056578606,0.18575651910248636
308,0.1388,126,1148,126,198581,407029,14963,92993,3.7703230945940938,0.18597781697605306
309,0.1389,211,2079,211,200660,404950,15174,92782,3.7510652488050686,0.18640955373574533
310,0.139,157,1835,157,202495,403115,15331,92625,3.734067583089407,0.1868418929277444
311,0.1391,253,2216,253,204711,400899,15584,92372,3.713540701767387,0.18726420162547566
312,0.1392,276,2892,276,207603,398007,15860,92096,3.68675201007818,0.18791152063953903
313,0.1393,177,1600,177,209203,396407,16037,91919,3.6719311571380935,0.18823286083477023
314,0.1394,271,2208,271,211411,394199,16308,91648,3.6514783800807735,0.18863551694257658
315,0.1395,294,2951,294,214362,391248,16602,91354,3.6241431694394013,0.1892946983228416
316,0.1396,234,1938,234,216300,389310,16836,91120,3.6061914113157214,0.1896634265137481
317,0.1397,228,2176,228,218476,387134,17064,90892,3.5860350513172032,0.1901402852564505
318,0.1398,448,3646,448,222122,383488,17512,90444,3.5522620326799808,0.1908375041145143
319,0.1399,236,2111,236,224233,381377,17748,90208,3.532707769832154,0.19128683058197354
320,0.14,388,3285,388,227518,378092,18136,89820,3.5022787061395384,0.19195917181008396
321,0.1401,260,2162,260,229680,375930,18396,89560,3.482252028604246,0.1923994070764141
322,0.1402,303,2933,303,232613,372997,18699,89257,3.45508355255845,0.1930908115451678
323,0.1403,319,2576,319,235189,370421,19018,88938,3.4312219793249104,0.19361327414941254
324,0.1404,415,3656,415,238845,366765,19433,88523,3.397356330356812,0.19443297429319464
325,0.1405,339,2475,339,241320,364290,19772,88184,3.3744303234651154,0.1948929662256837
326,0.1406,344,2730,344,244050,361560,20116,87840,3.3491422431360927,0.19546061415220295
327,0.1407,523,3773,523,247823,357787,20639,87317,3.3141928192967507,0.19617213055825156
328,0.1408,320,2709,320,250532,355078,20959,86997,3.289099262662566,0.1967923994797263
329,0.1409,418,3165,418,253697,351913,21377,86579,3.2597817629404573,0.19744715981135347
330,0.141,438,3470,438,257167,348443,21815,86141,3.227639038126644,0.1982148445409863
331,0.1411,358,2556,358,259723,345887,22173,85783,3.2039627255548555,0.19872356198021637
332,0.1412,479,3606,479,263329,342281,22652,85304,3.1705602282411354,0.1995018534326508
333,0.1413,393,3048,393,266377,339233,23045,84911,3.14232650339027,0.2001938021049455
334,0.1414,393,2625,393,269002,336608,23438,84518,3.1180110415354405,0.2006952788476608
335,0.1415,259,1742,259,270744,334866,23697,84259,3.1018748378969208,0.20103549060542797
336,0.1416,236,1757,236,272501,333109,23933,84023,3.0855996887620885,0.2014302427049471
337,0.1417,183,1225,183,273726,331884,24116,83840,3.0742524732298344,0.20167226332855454
338,0.1418,215,1441,215,275167,330443,24331,83625,3.060904442550669,0.20195958151801152
339,0.1419,245,1832,245,276999,328611,24576,83380,3.0439345659342694,0.20238306176591236
340,0.142,241,1770,241,278769,326841,24817,83139,3.0275389973692985,0.20278794087516464
341,0.1421,213,1555,213,280324,325286,25030,82926,3.013134980918152,0.20314444455332034
342,0.1422,275,2037,275,282361,323249,25305,82651,2.994266182518804,0.2036240453313624
343,0.1423,192,1449,192,283810,321800,25497,82459,2.980844047574938,0.20397566906364484
344,0.1424,207,1520,207,285330,320280,25704,82252,2.9667642372818555,0.2043365496407739
345,0.1425,272,1735,272,287065,318545,25976,81980,2.950692874874949,0.2046813557206167
346,0.1426,161,1195,161,288260,317350,26137,81819,2.939623550335322,0.2049733320974324
347,0.1427,240,1635,240,289895,315715,26377,81579,2.9244784912371706,0.20533660211329646
348,0.1428,226,1458,226,291353,314257,26603,81353,2.9109729889955167,0.20563939233083087
349,0.1429,219,1560,219,292913,312697,26822,81134,2.896522657378932,0.20601222351719392
350,0.143,209,1399,209,294312,311298,27031,80925,2.883563674089444,0.2063239534652481
351,0.1431,317,2267,317,296579,309031,27348,80608,2.8625643780799583,0.20687867487597494
352,0.1432,222,1814,222,298393,307217,27570,80386,2.8457612360591353,0.20739261564022982
353,0.1433,297,2035,297,300428,305182,27867,80089,2.8269109637259624,0.20787705277583832
354,0.1434,317,2444,317,302872,302738,28184,79772,2.80427211085998,0.20854879610990562
355,0.1435,329,2334,329,305206,300404,28513,79443,2.7826521916336286,0.20914473459050617
356,0.1436,216,1722,216,306928,298682,28729,79227,2.7667012486568603,0.2096457083583614
357,0.1437,253,1866,253,308794,296816,28982,78974,2.749416428915484,0.21015460762659996
358,0.1438,511,3145,511,311939,293671,29493,78463,2.720284189855126,0.21084609307400023
359,0.1439,301,2119,301,314058,291552,29794,78162,2.7006558227425987,0.21141206446063715
360,0.144,470,3232,470,317290,288320,30264,77692,2.6707176998036237,0.2122662644940603
361,0.1441,527,2894,527,320184,285426,30791,77165,2.6439104820482418,0.2128155414778635
362,0.1442,201,1412,201,321596,284014,30992,76964,2.6308310793286154,0.213209669287325
363,0.1443,457,2600,457,324196,281414,31449,76507,2.6067471933009743,0.2137538730613739
364,0.1444,397,2508,397,326704,278906,31846,76110,2.5835155063173887,0.2143847037879983
365,0.1445,273,1858,273,328562,277048,32119,75837,2.566304790840713,0.21490570582484378
366,0.1446,258,1682,258,330244,275366,32377,75579,2.5507243691874466,0.215358531963698
367,0.1447,307,2148,307,332392,273218,32684,75272,2.5308273741153804,0.215994720078051
368,0.1448,352,2181,352,334573,271037,33036,74920,2.5106246989514247,0.21655870527262058
369,0.1449,308,2030,308,336603,269007,33344,74612,2.4918207417836897,0.2171358394035254
370,0.145,321,2008,321,338611,266999,33665,74291,2.4732205713438806,0.21767704884409153
371,0.1451,233,1450,233,340061,265549,33898,74058,2.4597891733669273,0.21806970998831002
372,0.1452,352,2263,352,342324,263286,34250,73706,2.438826929489792,0.21871735827556738
373,0.1453,228,1586,228,343910,261700,34478,73478,2.4241357590129313,0.2192208319161759
374,0.1454,234,1673,234,345583,260027,34712,73244,2.408638704657453,0.21977309756924546
375,0.1455,348,2003,348,347586,258024,35060,72896,2.390084849383082,0.2202828478182038
376,0.1456,316,2106,316,349692,255918,35376,72580,2.370576901700693,0.22094502858464893
377,0.1457,322,2205,322,351897,253713,35698,72258,2.350151913742636,0.22167002586119625
378,0.1458,375,2287,375,354184,251426,36073,71883,2.3289673570713996,0.2223352891506268
379,0.1459,400,2493,400,356677,248933,36473,71483,2.305874615584127,0.22309435234195546
380,0.146,308,1880,308,358557,247053,36781,71175,2.288460113379525,0.22366039443417926
381,0.1461,413,2623,413,361180,244430,37194,70762,2.2641631775908704,0.2245044290464225
382,0.1462,275,1670,275,362850,242760,37469,70487,2.2486939123346548,0.22502051097057593
383,0.1463,318,1906,318,364756,240854,37787,70169,2.2310385712697767,0.225607109442067
384,0.1464,475,2668,475,367424,238186,38262,69694,2.206324798992182,0.22636741587631545
385,0.1465,324,1825,324,369249,236361,38586,69370,2.1894197636073955,0.22689880973797227
386,0.1466,513,2805,513,372054,233556,39099,68857,2.163436955796806,0.22769193123311499
387,0.1467,325,1993,325,374047,231563,39424,68532,2.1449757308533104,0.22836768356687048
388,0.1468,336,1682,336,375729,229881,39760,68196,2.1293953092000444,0.2287865216034783
389,0.1469,383,2090,383,377819,227791,40143,67813,2.110035570047056,0.22940487950095398
390,0.147,383,1950,383,379769,225841,40526,67430,2.0919726555263254,0.22992385881999924
391,0.1471,243,1151,243,380920,224690,40769,67187,2.081310904442551,0.23018942910883694
392,0.1472,221,1288,221,382208,223402,40990,66966,2.069380117825781,0.23062458673132025
393,0.1473,310,1766,310,383974,221636,41300,66656,2.0530216013931604,0.23121002317095168
394,0.1474,211,1184,211,385158,220452,41511,66445,2.042054170217496,0.23159879678072617
395,0.1475,254,1449,254,386607,219003,41765,66191,2.02863203527363,0.23209113796222922
396,0.1476,306,1591,306,388198,217412,42071,65885,2.013894549631331,0.23256511717384934
397,0.1477,207,1157,207,389355,216255,42278,65678,2.003177220349031,0.23295605693551305
398,0.1478,306,1503,306,390858,214752,42584,65372,1.9892548816184372,0.233368079850352
399,0.1479,175,1084,175,391942,213668,42759,65197,1.9792137537515284,0.23379412977605651
400,0.148,200,1003,200,392945,212665,42959,64997,1.9699229315647115,0.23408676736463757
401,0.1481,227,1268,227,394213,211397,43186,64770,1.9581774056096928,0.23453200418587303
402,0.1482,168,914,168,395127,210483,43354,64602,1.9497109933676684,0.23484377556028138
403,0.1483,216,1155,216,396282,209328,43570,64386,1.9390121901515431,0.23523093447905477
404,0.1484,160,1080,160,397362,208248,43730,64226,1.9290081144169846,0.23571423328464366
405,0.1485,153,1080,153,398442,207168,43883,64073,1.919004038682426,0.23622166265424474
406,0.1486,163,852,163,399294,206316,44046,63910,1.91111193449183,0.23650573964015306
407,0.1487,232,1204,232,400498,205112,44278,63678,1.8999592426544147,0.23690613490085197
408,0.1488,143,846,143,401344,204266,44421,63535,1.892122716662344,0.23724706031717582
409,0.1489,210,1075,210,402419,203191,44631,63325,1.8821649560932232,0.2376029956925663
410,0.149,157,907,157,403326,202284,44788,63168,1.8737633850828115,0.23796392568147914
411,0.1491,172,924,172,404250,201360,44960,62996,1.8652043425099114,0.23829986835933362
412,0.1492,127,814,127,405064,200546,45087,62869,1.8576642335766422,0.23866902036710133
413,0.1493,194,1110,194,406174,199436,45281,62675,1.8473822668494573,0.2391162522747996
414,0.1494,143,672,143,406846,198764,45424,62532,1.8411575086146208,0.23931480007347988
415,0.1495,198,1083,198,407929,197681,45622,62334,1.8311256437807997,0.23973232313520373
416,0.1496,177,811,177,408740,196870,45799,62157,1.823613323946793,0.23996340149868547
417,0.1497,100,724,100,409464,196146,45899,62057,1.8169068879914039,0.24034190152709303
418,0.1498,170,888,170,410352,195258,46069,61887,1.8086813146096559,0.24066966108615762
419,0.1499,148,859,148,411211,194399,46217,61739,1.8007243691874468,0.24103803418469733
420,0.15,170,849,170,412060,193550,46387,61569,1.7928600540961133,0.24133443608668895
421,0.1501,159,814,159,412874,192736,46546,61410,1.785319945162844,0.24163276227050592
422,0.1502,149,784,149,413658,191952,46695,61261,1.7780577272222016,0.24193465580361198
423,0.1503,125,576,125,414234,191376,46820,61136,1.7727222201637705,0.24211126599923963
424,0.1504,153,881,153,415115,190495,46973,60983,1.764561488013635,0.2424983497562411
425,0.1505,164,786,164,415901,189709,47137,60819,1.7572807440068177,0.24276328394430963
426,0.1506,128,651,128,416552,189058,47265,60691,1.7512505094668198,0.24300798001193197
427,0.1507,152,791,152,417343,188267,47417,60539,1.7439234502945644,0.24331808718439266
428,0.1508,126,679,126,418022,187588,47543,60413,1.737633850828115,0.24359982419425727
429,0.1509,116,768,116,418790,186820,47659,60297,1.7305198414168736,0.24400182909310164
430,0.151,107,620,107,419410,186200,47766,60190,1.72477676090259,0.24428751166849305
431,0.1511,145,837,145,420247,185363,47911,60045,1.7170236022083072,0.24467417525101057
432,0.1512,86,553,86,420800,184810,47997,59959,1.7119011449108896,0.24496157601657073
433,0.1513,107,532,107,421332,184278,48104,59852,1.7069732113083107,0.24516446155736699
434,0.1514,139,679,139,422011,183599,48243,59713,1.7006836118418616,0.24541740645755244
435,0.1515,99,517,99,422528,183082,48342,59614,1.695894623735596,0.24563239608398985
436,0.1516,123,821,123,423349,182261,48465,59491,1.688289673570714,0.24608276250041364
437,0.1517,78,466,78,423815,181795,48543,59413,1.6839731001519138,0.24631438426586183
438,0.1518,117,536,117,424351,181259,48660,59296,1.6790081144169846,0.2464966431793145
439,0.1519,161,804,161,425155,180455,48821,59135,1.6715606358145911,0.24681747986142993
440,0.152,109,610,109,425765,179845,48930,59026,1.665910185631183,0.2471040854687258
441,0.1521,139,598,139,426363,179247,49069,58887,1.6603708918448257,0.24728514197888585
442,0.1522,86,423,86,426786,178824,49155,58801,1.6564526288487902,0.2474529195160442
443,0.1523,96,592,96,427378,178232,49251,58705,1.6509689132609582,0.24776628386448718
444,0.1524,107,560,107,427938,177672,49358,58598,1.6457816147319277,0.24801286663562874
445,0.1525,129,644,129,428582,177028,49487,58469,1.639816221423543,0.2482791712845599
446,0.1526,98,523,98,429105,176505,49585,58371,1.634971655118752,0.24851836713840494
447,0.1527,89,595,89,429700,175910,49674,58282,1.6294601504316573,0.24886417981826878
448,0.1528,139,608,139,430308,175302,49813,58143,1.6238282263144244,0.249065090278224
449,0.1529,87,467,87,430775,174835,49900,58056,1.6195023898625367,0.2492839998110704
450,0.153,154,744,154,431519,174091,50054,57902,1.6126106932453963,0.249585116792317
451,0.1531,126,607,126,432126,173484,50180,57776,1.6069880321612509,0.24983135864395054
452,0.1532,95,533,95,432659,172951,50275,57681,1.6020508355255845,0.25009972597037705
453,0.1533,118,544,118,433203,172407,50393,57563,1.597011745525955,0.25030656172544247
454,0.1534,94,536,94,433739,171871,50487,57469,1.592046759791026,0.25058428534054245
455,0.1535,86,523,86,434262,171348,50573,57383,1.587202193486235,0.25087548255374215
456,0.1536,95,511,95,434773,170837,50668,57288,1.582468783578495,0.25112547945205477
457,0.1537,68,390,68,435163,170447,50736,57220,1.5788562006743487,0.25133198926502304
458,0.1538,114,581,114,435744,169866,50850,57106,1.5734743784504799,0.251599316215216
459,0.1539,135,576,135,436320,169290,50985,56971,1.5681388713920486,0.2517932829785071
460,0.154,95,512,95,436832,168778,51080,56876,1.5633961984512208,0.2520495980572026
461,0.1541,86,484,86,437316,168294,51166,56790,1.5589128904368446,0.2523058058324892
462,0.1542,110,559,110,437875,167735,51276,56680,1.5537348549409018,0.25256778735824253
463,0.1543,69,406,69,438281,167329,51345,56611,1.549974063507355,0.2527953916227561
464,0.1544,81,483,81,438764,166846,51426,56530,1.545500018526066,0.25307105508201416
465,0.1545,94,522,94,439286,166324,51520,56436,1.5406647152543629,0.2533488956724726
466,0.1546,90,404,90,439690,165920,51610,56346,1.536922449886991,0.25350705910935545
467,0.1547,90,524,90,440214,165396,51700,56256,1.5320686205491125,0.2538032591630123
468,0.1548,128,526,128,440740,164870,51828,56128,1.527196265145059,0.2539751490963719
469,0.1549,67,329,67,441069,164541,51895,56061,1.5241487272592538,0.2541273424538309
470,0.155,94,423,94,441492,164118,51989,55967,1.5202304642632183,0.2542972033532499
471,0.1551,94,362,94,441854,163756,52083,55873,1.5168772462855238,0.25439718798519323
472,0.1552,80,381,80,442235,163375,52163,55793,1.5133480306791656,0.2545672725945394
473,0.1553,89,351,89,442586,163024,52252,55704,1.510096706065434,0.2546724699169745
474,0.1554,122,464,122,443050,162560,52374,55582,1.505798658712809,0.25479733384676034
475,0.1555,70,397,70,443447,162163,52444,55512,1.5021212345770498,0.25502239577351554
476,0.1556,160,612,160,444059,161551,52604,55352,1.4964522583274666,0.25519241319852654
477,0.1557,103,444,103,444503,161107,52707,55249,1.4923394716365928,0.2553615337684187
478,0.1558,108,424,108,444927,160683,52815,55141,1.4884119456074698,0.25549058492104676
479,0.1559,76,305,76,445232,160378,52891,55065,1.4855867205157658,0.2555896455210891
480,0.156,73,415,73,445647,159963,52964,54992,1.4817425617844306,0.2558302900607104
481,0.1561,85,317,85,445964,159646,53049,54907,1.478806180295676,0.25591345728095155
482,0.1562,66,336,66,446300,159310,53115,54841,1.4756938011782579,0.2560856591844073
483,0.1563,85,458,85,446758,158852,53200,54756,1.471451332024158,0.2563387139058462
484,0.1564,58,278,58,447036,158574,53258,54698,1.4688762088258178,0.25647061030046137
485,0.1565,83,405,83,447441,158169,53341,54615,1.4651246804253584,0.2566687344913151
486,0.1566,73,349,73,447790,157820,53414,54542,1.4618918818778022,0.25683502698222843
487,0.1567,89,431,89,448221,157389,53503,54453,1.4578995146170661,0.25704534511569943
488,0.1568,60,304,60,448525,157085,53563,54393,1.4550835525584498,0.2572040590510597
489,0.1569,73,290,73,448815,156795,53636,54320,1.452397272963059,0.25730052341141085
490,0.157,83,328,83,449143,156467,53719,54237,1.4493589981103412,0.2574084972283393
491,0.1571,67,353,67,449496,156114,53786,54170,1.4460891474304347,0.25760400220653973
492,0.1572,93,296,93,449792,155818,53879,54077,1.4433472896365185,0.2576383429810143
493,0.1573,68,352,68,450144,155466,53947,54009,1.4400867019896995,0.25783029001074115
494,0.1574,57,226,57,450370,155240,54004,53952,1.4379932565119122,0.25790661210753757
495,0.1575,86,324,86,450694,154916,54090,53866,1.4349920337915447,0.258001168683124
496,0.1576,82,361,82,451055,154555,54172,53784,1.4316480788469377,0.25815617815195424
497,0.1577,66,271,66,451326,154284,54238,53718,1.4291377968802104,0.25825713214296014
498,0.1578,60,214,60,451540,154070,54298,53658,1.4271555077994738,0.2583089424632211
499,0.1579,75,273,75,451813,153797,54373,53583,1.4246266997665715,0.25838075031343427
500,0.158,57,207,57,452020,153590,54430,53526,1.4227092519174478,0.2584348867301416
501,0.1581,53,228,53,452248,153362,54483,53473,1.4205972803734854,0.2585297459327483
502,0.1582,56,259,56,452507,153103,54539,53417,1.418198154803809,0.25865291497191556
503,0.1583,51,222,51,452729,152881,54590,53366,1.416141761458372,0.25874800603160286
504,0.1584,46,197,46,452926,152684,54636,53320,1.4143169439401237,0.258829925632512
505,0.1585,75,346,75,453272,152338,54711,53245,1.41111193449183,0.25899515037721993
506,0.1586,57,219,57,453491,152119,54768,53188,1.4090833302456556,0.259065691866327
507,0.1587,88,332,88,453823,151787,54856,53100,1.4060080032605877,0.25916724828808074
508,0.1588,77,393,77,454216,151394,54933,53023,1.402367631257179,0.25938645024631024
509,0.1589,76,278,76,454494,151116,55009,52947,1.3997925080588387,0.25946398906220136
510,0.159,75,228,75,454722,150888,55084,52872,1.3976805365148763,0.25948174322732626
511,0.1591,48,213,48,454935,150675,55132,52824,1.3957075104672274,0.25957867114826116
512,0.1592,53,220,53,455155,150455,55185,52771,1.3936696431879654,0.25966657809532245
513,0.1593,62,246,62,455401,150209,55247,52709,1.3913909370484272,0.2597551720399373
514,0.1594,43,225,43,455626,149984,55290,52666,1.3893067546037274,0.25988650382432765
515,0.1595,64,214,64,455840,149770,55354,52602,1.3873244655229908,0.25992726266479554
516,0.1596,71,353,71,456193,149417,55425,52531,1.3840546148430841,0.26012141739457684
517,0.1597,72,250,72,456443,149167,55497,52459,1.3817388565711957,0.2601797387241725
518,0.1598,78,343,78,456786,148824,55575,52381,1.3785616362221647,0.26033647275167116
519,0.1599,54,291,54,457077,148533,55629,52327,1.3758660935936864,0.26051478641840087
520,0.16,64,407,64,457484,148126,55693,52263,1.3720960391270518,0.26080772896715887
521,0.1601,86,376,86,457860,147750,55779,52177,1.3686131386861313,0.26098025779409484
522,0.1602,52,378,52,458238,147372,55831,52125,1.365111712179036,0.2612821245432262
523,0.1603,88,332,88,458570,147040,55919,52037,1.3620363851939679,0.26139132094616657
524,0.1604,75,365,75,458935,146675,55994,51962,1.3586553781170105,0.26159275462275405
525,0.1605,109,446,109,459381,146229,56103,51853,1.3545240653599615,0.261775426338587
526,0.1606,94,472,94,459853,145757,56197,51759,1.3501519137426359,0.2620496567366694
527,0.1607,102,370,102,460223,145387,56299,51657,1.3467245915002408,0.26215972067152515
528,0.1608,88,385,88,460608,145002,56387,51569,1.3431583237615325,0.26234286848009114
529,0.1609,61,306,61,460914,144696,56448,51508,1.3403238356367408,0.26252268047542354
530,0.161,141,630,141,461544,144066,56589,51367,1.3344881247915819,0.26283688015841744
531,0.1611,96,355,96,461899,143711,56685,51271,1.3311997480455,0.26295247766460494
532,0.1612,153,666,153,462565,143045,56838,51118,1.325030568009189,0.2632736412189758
533,0.1613,119,547,119,463112,142498,56957,50999,1.3199636889102968,0.26356480979033264
534,0.1614,109,487,109,463599,142011,57066,50890,1.315452591796658,0.26381408079792223
535,0.1615,124,538,124,464137,141473,57190,50766,1.3104690799955538,0.2640775284931778
536,0.1616,141,636,141,464773,140837,57331,50625,1.3045777909518692,0.2644127816485778
537,0.1617,143,592,143,465365,140245,57474,50482,1.2990940753640372,0.2646819800028313
538,0.1618,142,550,142,465915,139695,57616,50340,1.2939994071658825,0.26489857131581024
539,0.1619,123,488,123,466403,139207,57739,50217,1.289479047019156,0.26510368274347496
540,0.162,111,429,111,466832,138778,57850,50106,1.2855052058245953,0.26527392473687555
541,0.1621,105,419,105,467251,138359,57955,50001,1.28162399496091,0.26545444892758546
542,0.1622,71,390,71,467641,137969,58026,49930,1.2780114120567638,0.26572786443780966
543,0.1623,86,323,86,467964,137646,58112,49844,1.2750194523694838,0.26584884527174785
544,0.1624,120,598,120,468562,137048,58232,49724,1.2694801585831264,0.2662283425781166
545,0.1625,101,382,101,468944,136666,58333,49623,1.2659416799436807,0.26637643661193094
546,0.1626,107,417,107,469361,136249,58440,49516,1.2620789951461706,0.2665518262320674
547,0.1627,96,474,96,469835,135775,58536,49420,1.25768831746267,0.2668538567455925
548,0.1628,88,412,88,470247,135363,58624,49332,1.2538719478305977,0.2670998132055551
549,0.1629,103,368,103,470615,134995,58727,49229,1.2504631516543776,0.267223597359736
550,0.163,69,350,69,470965,134645,58796,49160,1.2472210900737337,0.26745735970185797
551,0.1631,68,325,68,471290,134320,58864,49092,1.2442106043202785,0.2676596951126426
552,0.1632,89,451,89,471741,133869,58953,49003,1.2400329763977918,0.26796338422503174
553,0.1633,68,273,68,472014,133596,59021,48935,1.2375041683648893,0.26809144748015407
554,0.1634,57,291,57,472305,133305,59078,48878,1.234808625736411,0.26829067476109186
555,0.1635,74,304,74,472609,133001,59152,48804,1.2319926636777947,0.26844146200599545
556,0.1636,56,257,56,472866,132744,59208,48748,1.2296120641742931,0.26859586097458843
557,0.1637,50,223,50,473089,132521,59258,48698,1.2275464077957687,0.26872458185951803
558,0.1638,47,192,47,473281,132329,59305,48651,1.2257679054429582,0.26881975908940214
559,0.1639,52,265,52,473546,132064,59357,48599,1.2233132016747563,0.2690036144645002
560,0.164,37,219,37,473765,131845,59394,48562,1.221284597428582,0.26918024245178956
561,0.1641,44,209,44,473974,131636,59438,48518,1.219348623513283,0.2693140313287521
562,0.1642,58,251,58,474225,131385,59496,48460,1.2170236022083072,0.26945425227279046
563,0.1643,70,279,70,474504,131106,59566,48390,1.2144392159768795,0.26958818023799974
564,0.1644,56,185,56,474689,130921,59622,48334,1.212725554855682,0.2696382248751778
565,0.1645,43,195,43,474884,130726,59665,48291,1.2109192634036088,0.2697565035722864
566,0.1646,52,221,52,475105,130505,59717,48239,1.2088721330912593,0.26987759029673725
567,0.1647,52,270,52,475375,130235,59769,48187,1.2063711141576197,0.27007319725146
568,0.1648,75,267,75,475642,129968,59844,48112,1.2038978843232429,0.2701707097933513
569,0.1649,36,177,36,475819,129791,59880,48076,1.2022583274667458,0.2702918472791468
570,0.165,67,258,67,476077,129533,59947,48009,1.1998684649301568,0.2704092552748082
571,0.1651,55,255,55,476332,129278,60002,47954,1.1975063914928303,0.2705719057506545
572,0.1652,52,218,52,476550,129060,60054,47902,1.1954870502797437,0.27069088278839526
573,0.1653,54,299,54,476849,128761,60108,47848,1.1927174033865648,0.2709261702404747
574,0.1654,100,461,100,477310,128300,60208,47748,1.1884471451332024,0.2712214850495319
575,0.1655,40,190,40,477500,128110,60248,47708,1.1866871688465672,0.271348781125937
576,0.1656,86,484,86,477984,127626,60334,47622,1.182203860832191,0.27174061900849084
577,0.1657,95,420,95,478404,127206,60429,47527,1.178313386935418,0.2719978481454562
578,0.1658,65,340,65,478744,126866,60494,47462,1.1751639556856497,0.2722568950484145
579,0.1659,136,715,136,479459,126151,60630,47326,1.1685408870280485,0.27280849910939203
580,0.166,134,625,134,480084,125526,60764,47192,1.162751491348327,0.27323151032318577
581,0.1661,115,531,115,480615,124995,60879,47077,1.1578328207788358,0.27358896275977496
582,0.1662,119,572,119,481187,124423,60998,46958,1.152534365852755,0.27399770102870213
583,0.1663,137,715,137,481902,123708,61135,46821,1.1459112971951535,0.2745632707633306
584,0.1664,173,837,173,482739,122871,61308,46648,1.1381581385008708,0.27517859354998553
585,0.1665,122,584,122,483323,122287,61430,46526,1.132748527177739,0.27560673644802236
586,0.1666,210,1061,210,484384,121226,61640,46316,1.122920449071844,0.2764441155053658
587,0.1667,119,484,119,484868,120742,61759,46197,1.1184371410574678,0.27672982346845254
588,0.1668,224,854,224,485722,119888,61983,45973,1.1105265108006965,0.2771778778615829
589,0.1669,190,773,190,486495,119115,62173,45783,1.1033661862240172,0.2776443619692173
590,0.167,199,860,199,487355,118255,62372,45584,1.0953999777687207,0.2782243543966943
591,0.1671,210,923,210,488278,117332,62582,45374,1.086850198228908,0.27887109264563076
592,0.1672,229,948,229,489226,116384,62811,45145,1.0780688428619067,0.27948541747921424
593,0.1673,163,736,163,489962,115648,62974,44982,1.071251250509467,0.2800348627280085
594,0.1674,197,906,197,490868,114742,63171,44785,1.0628589425321426,0.2807361763212497
595,0.1675,224,915,224,491783,113827,63395,44561,1.0543832672570306,0.2813407581382428
596,0.1676,236,945,236,492728,112882,63631,44325,1.0456297009892919,0.28195309369175675
597,0.1677,260,1105,260,493833,111777,63891,44065,1.0353940494275446,0.2827543281015387
598,0.1678,268,1253,268,495086,110524,64159,43797,1.023787468968839,0.28380453729563704
599,0.1679,230,1078,230,496164,109446,64389,43567,1.0138019193004557,0.2847274414592224
600,0.168,189,834,189,496998,108612,64578,43378,1.0060765497054356,0.285400355286532
601,0.1681,220,900,220,497898,107712,64798,43158,0.9977398199266367,0.286060847086896
602,0.1682,236,1028,236,498926,106684,65034,42922,0.9882174219126311,0.28690025801104235
603,0.1683,169,692,169,499618,105992,65203,42753,0.9818074030160435,0.28742478738781135
604,0.1684,159,680,159,500298,105312,65362,42594,0.9755085405165067,0.28798020364285426
605,0.1685,247,1011,247,501309,104301,65609,42347,0.9661436140649894,0.2887662975287764
606,0.1686,233,923,233,502232,103378,65842,42114,0.9575938345251769,0.28945921425233
607,0.1687,302,1239,302,503471,102139,66144,41812,0.9461169365296973,0.29045994817681015
608,0.1688,343,1295,343,504766,100844,66487,41469,0.9341213086813146,0.29139291561557973
609,0.1689,204,713,204,505479,100131,66691,41265,0.9275167660898884,0.29183993889501825
610,0.169,120,503,120,505982,99628,66811,41145,0.9228574604468487,0.29227905919458985
611,0.1691,217,1066,217,507048,98562,67028,40928,0.9129830671755159,0.2934117141013693
612,0.1692,189,708,189,507756,97854,67217,40739,0.9064248397495276,0.2939470247415093
613,0.1693,153,555,153,508311,97299,67370,40586,0.901283856385935,0.29434673822388224
614,0.1694,123,531,123,508842,96768,67493,40463,0.8963651858164438,0.29485320372219104
615,0.1695,263,939,263,509781,95829,67756,40200,0.8876671977472304,0.29552521888714905
616,0.1696,132,513,132,510294,95316,67888,40068,0.882915261773315,0.29595816344619746
617,0.1697,123,472,123,510766,94844,68011,39945,0.8785431101559895,0.2963520762079992
618,0.1698,172,628,172,511394,94216,68183,39773,0.8727259253770054,0.2968378001179201
619,0.1699,104,387,104,511781,93829,68287,39669,0.869141131572122,0.2971505191089005
620,0.17,108,469,108,512250,93360,68395,39561,0.8647967690540591,0.2976279143250502
621,0.1701,139,582,139,512832,92778,68534,39422,0.8594056837971025,0.2981996974281392
622,0.1702,135,540,135,513372,92238,68669,39287,0.8544036459298232,0.2987036685040867
623,0.1703,122,465,122,513837,91773,68791,39165,0.8500963355441106,0.2991110296476195
624,0.1704,133,541,133,514378,91232,68924,39032,0.8450850346437437,0.2996376589080636
625,0.1705,94,365,94,514743,90867,69018,38938,0.8417040275667864,0.2999730364777936
626,0.1706,118,564,118,515307,90303,69136,38820,0.8364796769054059,0.3006435724077043
627,0.1707,88,353,88,515660,89950,69224,38732,0.8332098262254993,0.30099003745667613
628,0.1708,107,420,107,516080,89530,69331,38625,0.8293193523287266,0.3013928446022395
629,0.1709,104,418,104,516498,89112,69435,38521,0.8254474044981289,0.3018106602524426
630,0.171,81,388,81,516886,88724,69516,38440,0.8218533476601578,0.3022868107325973
631,0.1711,110,407,110,517293,88317,69626,38330,0.8180832931935232,0.3026522539025796
632,0.1712,122,458,122,517751,87859,69748,38208,0.8138408240394235,0.3030769352804461
633,0.1713,86,367,86,518118,87492,69834,38122,0.8104412908962911,0.3034852803031509
634,0.1714,144,583,144,518701,86909,69978,37978,0.805040942606247,0.30409890541049106
635,0.1715,91,348,91,519049,86561,70069,37887,0.8018174070917782,0.3044404088454616
636,0.1716,163,457,163,519506,86104,70232,37724,0.7975842009707659,0.30464838324127014
637,0.1717,117,384,117,519890,85720,70349,37607,0.7940271962651451,0.30493728056305597
638,0.1718,101,398,101,520288,85322,70450,37506,0.7903405090962985,0.3053538281173674
639,0.1719,156,600,156,520888,84722,70606,37350,0.7847826892437659,0.3059669703126024
640,0.172,144,602,144,521490,84120,70750,37206,0.7792063433250583,0.3066613916225706
641,0.1721,150,475,150,521965,83645,70900,37056,0.7748064026084701,0.3070065699538529
642,0.1722,169,606,169,522571,83039,71069,36887,0.7691930045574122,0.3075813418274603
643,0.1723,142,509,142,523080,82530,71211,36745,0.7644781207158472,0.30806958708866067
644,0.1724,132,428,132,523508,82102,71343,36613,0.760513542554374,0.30841090005475297
645,0.1725,119,425,119,523933,81677,71462,36494,0.7565767534921635,0.3088236538575454
646,0.1726,224,775,224,524708,80902,71686,36270,0.749397902849309,0.30954494247772507
647,0.1727,137,548,137,525256,80354,71823,36133,0.7443217607173293,0.3101891198159451
648,0.1728,249,806,249,526062,79548,72072,35884,0.7368557560487606,0.3108670039503777
649,0.1729,219,611,219,526673,78937,72291,35665,0.731196042832265,0.3112074832899949
650,0.173,150,452,150,527125,78485,72441,35515,0.7270091518766905,0.3115350877192982
651,0.1731,218,682,218,527807,77803,72659,35297,0.7206917633109785,0.3120866489832007
652,0.1732,157,487,157,528294,77316,72816,35140,0.7161806661973397,0.31247776908301916
653,0.1733,195,679,195,528973,76637,73011,34945,0.7098910667308903,0.3131777526841247
654,0.1734,160,533,160,529506,76104,73171,34785,0.704953870095224,0.3136920704488272
655,0.1735,159,548,159,530054,75556,73330,34626,0.6998777279632443,0.31426185765370024
656,0.1736,198,681,198,530735,74875,73528,34428,0.6935696024306199,0.3149776309890854
657,0.1737,93,293,93,531028,74582,73621,34335,0.6908555337359665,0.3152400451720117
658,0.1738,264,805,264,531833,73777,73885,34071,0.6833987921004854,0.31591684593131075
659,0.1739,133,476,133,532309,73301,74018,33938,0.6789895883508096,0.3164706869702254
660,0.174,188,597,188,532906,72704,74206,33750,0.6734595575975397,0.317038345200744
661,0.1741,191,598,191,533504,72106,74397,33559,0.6679202638111823,0.3175980693701793
662,0.1742,146,468,146,533972,71638,74543,33413,0.663585164326207,0.31806455911890413
663,0.1743,210,671,210,534643,70967,74753,33203,0.6573696691244582,0.31873860036478835
664,0.1744,177,481,177,535124,70486,74930,33026,0.6529141502093445,0.31905479557925653
665,0.1745,155,478,155,535602,70008,75085,32871,0.6484864203934937,0.3195112705216808
666,0.1746,195,675,195,536277,69333,75280,32676,0.6422338730593946,0.3203246772343617
667,0.1747,152,498,152,536775,68835,75432,32524,0.6376208825817926,0.3208792509791928
668,0.1748,175,601,175,537376,68234,75607,32349,0.6320537996961725,0.3216149846395514
669,0.1749,259,793,259,538169,67441,75866,32090,0.624708214457742,0.32241211280907456
670,0.175,185,634,185,538803,66807,76051,31905,0.6188354514802327,0.32321298322392417
671,0.1751,113,341,113,539144,66466,76164,31792,0.6156767571973767,0.32355635164566754
672,0.1752,133,316,133,539460,66150,76297,31659,0.6127496387417096,0.3236818697665859
673,0.1753,136,412,136,539872,65738,76433,31523,0.6089332691096373,0.32410729891734613
674,0.1754,112,361,112,540233,65377,76545,31411,0.6055893141650301,0.3245340331446047
675,0.1755,144,462,144,540695,64915,76689,31267,0.6013097928785801,0.3250816161028051
676,0.1756,115,418,115,541113,64497,76804,31152,0.5974378450479825,0.3256908070131418
677,0.1757,109,318,109,541431,64179,76913,31043,0.5944922005261403,0.32600659511457436
678,0.1758,114,349,114,541780,63830,77027,30929,0.5912594019785838,0.3263964372777256
679,0.1759,162,463,162,542243,63367,77189,30767,0.5869706176590462,0.326842586100665
680,0.176,63,227,63,542470,63140,77252,30704,0.5848679091481714,0.3271812795703508
681,0.1761,78,245,78,542715,62895,77330,30626,0.5825984660417207,0.3274772510986837
682,0.1762,91,290,91,543005,62605,77421,30535,0.57991218644633,0.3278398110371484
683,0.1763,67,203,67,543208,62402,77488,30468,0.5780317907295565,0.32807149779261335
684,0.1764,80,251,80,543459,62151,77568,30388,0.5757067694245804,0.3283804666140762
685,0.1765,103,280,103,543739,61871,77671,30285,0.5731131201600652,0.32862754459828986
686,0.1766,80,231,80,543970,61640,77751,30205,0.5709733595168401,0.32886929065273013
687,0.1767,65,178,65,544148,61462,77816,30140,0.5693245396272556,0.32903211720268116
688,0.1768,75,194,75,544342,61268,77891,30065,0.56752751120827,0.3291800335037719
689,0.1769,57,168,57,544510,61100,77948,30008,0.5659713216495609,0.3293673442507793
690,0.177,49,138,49,544648,60962,77997,29959,0.5646930230834785,0.32950583473564965
691,0.1771,41,166,41,544814,60796,78038,29918,0.5631553595909444,0.329805763167758
692,0.1772,57,175,57,544989,60621,78095,29861,0.5615343288006225,0.33002144072854267
693,0.1773,40,130,40,545119,60491,78135,29821,0.5603301344992404,0.33019975197094514
694,0.1774,45,155,45,545274,60336,78180,29776,0.5588943643706695,0.33043323863636365
695,0.1775,41,143,41,545417,60193,78221,29735,0.5575697506391493,0.33065341161818346
696,0.1776,60,160,60,545577,60033,78281,29675,0.5560876653451406,0.33079546974628793
697,0.1777,39,109,39,545686,59924,78320,29636,0.5550779947385972,0.33090665475658776
698,0.1778,43,140,43,545826,59784,78363,29593,0.5537811701063396,0.3311030802107925
699,0.1779,50,139,50,545965,59645,78413,29543,0.5524936085071696,0.33124411355787775
700,0.178,48,158,48,546123,59487,78461,29495,0.5510300492793361,0.3314715335685869
701,0.1781,44,132,44,546255,59355,78505,29451,0.5498073289117789,0.33163299777042093
702,0.1782,44,152,44,546407,59203,78549,29407,0.5483993478824707,0.33186999210021445
703,0.1783,28,91,28,546498,59112,78577,29379,0.5475564118715032,0.3319998643929891
704,0.1784,45,115,45,546613,58997,78622,29334,0.5464911630664345,0.33209179110391596
705,0.1785,81,250,81,546863,58747,78703,29253,0.544175404794546,0.33242045454545455
706,0.1786,62,146,62,547009,58601,78765,29191,0.542823001963763,0.3325018224895207
707,0.1787,33,86,33,547095,58515,78798,29158,0.5420263811182333,0.3325767340002053
708,0.1788,28,115,28,547210,58400,78826,29130,0.5409611323131647,0.3328001827944705
709,0.1789,51,155,51,547365,58245,78877,29079,0.5395253621845937,0.3330012367733956
710,0.179,40,142,40,547507,58103,78917,29039,0.538210011486161,0.33323770397741614
711,0.1791,51,130,51,547637,57973,78968,28988,0.537005817184779,0.3333448327411138
712,0.1792,60,159,60,547796,57814,79028,28928,0.5355329949238579,0.33349473150261694
713,0.1793,41,120,41,547916,57694,79069,28887,0.5344214309533514,0.3336413300839676
714,0.1794,63,184,63,548100,57510,79132,28824,0.5327170328652414,0.3338661477517548
715,0.1795,42,157,42,548257,57353,79174,28782,0.5312627366704954,0.33414988100075466
716,0.1796,44,148,44,548405,57205,79218,28738,0.5298918077735374,0.3343844175790931
717,0.1797,64,186,64,548591,57019,79282,28674,0.5281688836192523,0.3346130955854037
718,0.1798,75,180,75,548771,56839,79357,28599,0.5265015376634925,0.33473395912825676
719,0.1799,55,218,55,548989,56621,79412,28544,0.5244821964504057,0.3351611577525979
720,0.18,68,177,68,549166,56444,79480,28476,0.5228426395939086,0.33532736693358456
721,0.1801,60,195,60,549361,56249,79540,28416,0.5210363481418355,0.3356286541073643
722,0.1802,72,194,72,549555,56055,79612,28344,0.5192393197228501,0.33583336295453736
723,0.1803,87,201,87,549756,55854,79699,28257,0.5173774500722517,0.33594892463530335
724,0.1804,53,162,53,549918,55692,79752,28204,0.5158768387120679,0.33617812529798796
725,0.1805,87,222,87,550140,55470,79839,28117,0.5138204453666309,0.33638005910009927
726,0.1806,52,154,52,550294,55316,79891,28065,0.5123939382711475,0.33658747196603545
727,0.1807,77,215,77,550509,55101,79968,27988,0.5104023861573234,0.3368436255099953
728,0.1808,64,184,64,550693,54917,80032,27924,0.5086979880692134,0.3370794654820681
729,0.1809,56,108,56,550801,54809,80088,27868,0.5076975804957575,0.337070769379634
730,0.181,72,149,72,550950,54660,80160,27796,0.506317388565712,0.3371009993208499
731,0.1811,77,217,77,551167,54443,80237,27719,0.5043073103857127,0.3373700737567245
732,0.1812,67,195,67,551362,54248,80304,27652,0.5025010189336396,0.3376312576312576
733,0.1813,68,169,68,551531,54079,80372,27584,0.500935566341843,0.3377784308683247
734,0.1814,81,188,81,551719,53891,80453,27503,0.49919411612138276,0.3378995994790771
735,0.1815,62,210,62,551929,53681,80515,27441,0.4972488791729964,0.33826828727102387
736,0.1816,63,207,63,552136,53474,80578,27378,0.4953314313238727,0.33861871073071786
737,0.1817,85,197,85,552333,53277,80663,27293,0.4935066138056245,0.3387489139878367
738,0.1818,53,140,53,552473,53137,80716,27240,0.49220978917336694,0.33890291998954925
739,0.1819,41,125,41,552598,53012,80757,27199,0.49105191003742266,0.3390931418384012
740,0.182,41,125,41,552723,52887,80798,27158,0.4898940309014784,0.3392841526641264
741,0.1821,37,135,37,552858,52752,80835,27121,0.48864352143465856,0.33955153806668087
742,0.1822,30,125,30,552983,52627,80865,27091,0.4874856422987143,0.33983541985498883
743,0.1823,52,133,52,553116,52494,80917,27039,0.4862536588980696,0.33997208705820225
744,0.1824,27,105,27,553221,52389,80944,27012,0.4852810404238764,0.34019722673517966
745,0.1825,43,88,43,553309,52301,80987,26969,0.4844658935121716,0.3402169799419705
746,0.1826,32,104,32,553413,52197,81019,26937,0.48350253807106597,0.3403973007809538
747,0.1827,27,138,27,553551,52059,81046,26910,0.4822242395049835,0.3407666299433955
748,0.1828,19,73,19,553624,51986,81065,26891,0.48154803808959207,0.3409232095541159
749,0.1829,32,152,32,553776,51834,81097,26859,0.48014005706028384,0.3413137127825855
750,0.183,38,137,38,553913,51697,81135,26821,0.4788710215272889,0.34159046333324844
751,0.1831,19,106,19,554019,51591,81154,26802,0.47788914002000815,0.34189277103823046
752,0.1832,23,112,23,554131,51479,81177,26779,0.4768516803142021,0.3421886580285722
753,0.1833,16,102,16,554233,51377,81193,26763,0.47590685093927154,0.3425006398771436
754,0.1834,33,90,33,554323,51287,81226,26730,0.4750731779613917,0.3426176346180961
755,0.1835,27,97,27,554420,51190,81253,26703,0.47417466375189893,0.3428164276635898
756,0.1836,36,110,36,554530,51080,81289,26667,0.47315573011226797,0.3429971574465896
757,0.1837,14,76,14,554606,51004,81303,26653,0.47245173959761383,0.3432143914907864
758,0.1838,21,80,21,554686,50924,81324,26632,0.4717106969506095,0.3433905822889267
759,0.1839,36,129,36,554815,50795,81360,26596,0.470515765682315,0.3436575312374824
760,0.184,20,93,20,554908,50702,81380,26576,0.46965430360517246,0.34390123968011593
761,0.1841,25,109,25,555017,50593,81405,26551,0.4686446329986291,0.3441745307476926
762,0.1842,25,121,25,555138,50472,81430,26526,0.467523805995035,0.34450245460921064
763,0.1843,41,128,41,555266,50344,81471,26485,0.4663381377598281,0.34472660063257365
764,0.1844,20,82,20,555348,50262,81491,26465,0.4655785690466486,0.34492421181591876
765,0.1845,36,99,36,555447,50163,81527,26429,0.46466152877098077,0.3450621474827658
766,0.1846,35,128,35,555575,50035,81562,26394,0.46347586053577383,0.34534011958811445
767,0.1847,30,91,30,555666,49944,81592,26364,0.4626329245248064,0.34549457461865074
768,0.1848,27,99,27,555765,49845,81619,26337,0.46171588424913856,0.3457115854138773
769,0.1849,32,118,32,555883,49727,81651,26305,0.46062284634480716,0.3459727483164983
770,0.185,31,111,31,555994,49616,81682,26274,0.45959464967208863,0.3462116220845961
771,0.1851,34,94,34,556088,49522,81716,26240,0.4587239245618585,0.34634777329003985
772,0.1852,39,118,39,556206,49404,81755,26201,0.45763088665752716,0.3465511540242047
773,0.1853,40,92,40,556298,49312,81795,26161,0.4567786876134722,0.34662727067958077
774,0.1854,27,88,27,556386,49224,81822,26134,0.45596354070176737,0.34679795111335227
775,0.1855,24,88,24,556474,49136,81846,26110,0.4551483937900626,0.34699518911304256
776,0.1856,19,67,19,556541,49069,81865,26091,0.4545277705731965,0.3471394358701437
777,0.1857,37,90,37,556631,48979,81902,26054,0.4536940975953166,0.3472338837578132
778,0.1858,26,129,26,556760,48850,81928,26028,0.45249916632702214,0.34760543817943856
779,0.1859,60,152,60,556912,48698,81988,25968,0.45109118529771386,0.34778881954303165
780,0.186,45,102,45,557014,48596,82033,25923,0.45014635592278335,0.34787101276184595
781,0.1861,51,153,51,557167,48443,82084,25872,0.44872911186038755,0.3481396757047702
782,0.1862,47,117,47,557284,48326,82131,25825,0.4476453369891437,0.3482758155655352
783,0.1863,34,115,34,557399,48211,82165,25791,0.446580088184075,0.34851760763222617
784,0.1864,50,105,50,557504,48106,82215,25741,0.4456074697098818,0.3485720476119544
785,0.1865,35,113,35,557617,47993,82250,25706,0.4445607469709882,0.34879713428947473
786,0.1866,27,91,27,557708,47902,82277,25679,0.4437178109600208,0.348989548932469
787,0.1867,43,147,43,557855,47755,82320,25636,0.4423561450961503,0.3493071357523402
788,0.1868,28,89,28,557944,47666,82348,25608,0.44153173515135796,0.3494827633266916
789,0.1869,33,104,33,558048,47562,82381,25575,0.4405683797102523,0.349686205340662
790,0.187,30,115,30,558163,47447,82411,25545,0.4395031309051836,0.3499698597106532
791,0.1871,39,108,39,558271,47339,82450,25506,0.43850272333172774,0.3501407097261308
792,0.1872,55,123,55,558394,47216,82505,25451,0.4373633702619586,0.3502415126536117
793,0.1873,45,155,45,558549,47061,82550,25406,0.43592760013338766,0.35058716381249394
794,0.1874,42,126,42,558675,46935,82592,25364,0.43476045796435586,0.3508208965545858
795,0.1875,44,119,44,558794,46816,82636,25320,0.4336581570269369,0.3510036597537984
796,0.1876,33,130,33,558924,46686,82669,25287,0.43245396272555486,0.3513400858655329
797,0.1877,45,107,45,559031,46579,82714,25242,0.43146281818518656,0.35145709472159953
798,0.1878,41,88,41,559119,46491,82755,25201,0.4306476712734818,0.35151760307984153
799,0.1879,19,88,19,559207,46403,82774,25182,0.42983252436177705,0.35177760704058114
800,0.188,33,118,33,559325,46285,82807,25149,0.42873948645744564,0.3520592434974942
801,0.1881,44,94,44,559419,46191,82851,25105,0.4278687613472155,0.3521235412926391
802,0.1882,27,83,27,559502,46108,82878,25078,0.42709992960094856,0.35228837130896523
803,0.1883,32,112,32,559614,45996,82910,25046,0.42606246989514246,0.3525520114861631
804,0.1884,38,106,38,559720,45890,82948,25008,0.4250805883878617,0.3527320939941888
805,0.1885,29,79,29,559799,45811,82977,24979,0.42434880877394493,0.35286057352733435
806,0.1886,34,72,34,559871,45739,83011,24945,0.423681870391641,0.35290872050251826
807,0.1887,34,125,34,559996,45614,83045,24911,0.4225239912556968,0.3532222616093584
808,0.1888,36,84,36,560080,45530,83081,24875,0.4217458964763422,0.35331297493075775
809,0.1889,16,58,16,560138,45472,83097,24859,0.4212086405572641,0.35345722369936444
810,0.189,26,100,26,560238,45372,83123,24833,0.42028233724850866,0.3537212449255751
811,0.1891,19,71,19,560309,45301,83142,24814,0.4196246618992923,0.35390430007844254
812,0.1892,32,112,32,560421,45189,83174,24782,0.4185872021934862,0.3541753011962099
813,0.1893,22,86,22,560507,45103,83196,24760,0.4177905813479566,0.35440791262900245
814,0.1894,20,66,20,560573,45037,83216,24740,0.417179221164178,0.3545580922080342
815,0.1895,20,71,20,560644,44966,83236,24720,0.41652154581496165,0.35473409293114827
816,0.1896,37,94,37,560738,44872,83273,24683,0.4156508207047316,0.3548702465674646
817,0.1897,23,88,23,560826,44784,83296,24660,0.41483567379302677,0.35510627268014516
818,0.1898,34,66,34,560892,44718,83330,24626,0.4142243136092482,0.35512805722196583
819,0.1899,15,81,15,560973,44637,83345,24611,0.41347400792915634,0.3554037661737523
820,0.19,26,88,26,561061,44549,83371,24585,0.41265886101745153,0.35561373564382215
821,0.1901,27,87,27,561148,44462,83398,24558,0.41185297713883434,0.3558099101709649
822,0.1902,23,62,23,561210,44400,83421,24535,0.41127866908740596,0.35591499238413
823,0.1903,19,60,19,561270,44340,83440,24516,0.4107228871021527,0.35604740327640294
824,0.1904,30,97,30,561367,44243,83470,24486,0.40982437289266,0.3562688239316737
825,0.1905,20,86,20,561453,44157,83490,24466,0.4090277520471303,0.35652769479620533
826,0.1906,16,84,16,561537,44073,83506,24450,0.40824965726777573,0.3568145002407951
827,0.1907,18,64,18,561601,44009,83524,24432,0.40765682315017227,0.3569790038135036
828,0.1908,25,58,25,561659,43951,83549,24407,0.40711956723109416,0.35704672459697473
829,0.1909,44,74,44,561733,43877,83593,24363,0.40643410278261516,0.3570193434935522
830,0.191,28,84,28,561817,43793,83621,24335,0.40565600800326057,0.3571952794739314
831,0.1911,22,74,22,561891,43719,83643,24313,0.40497054355478157,0.3573759407337723
832,0.1912,23,63,23,561954,43656,83666,24290,0.40438697247026567,0.35748977128896475
833,0.1913,24,79,24,562033,43577,83690,24266,0.4036551928563489,0.35767875830962664
834,0.1914,20,61,20,562094,43516,83710,24246,0.40309014783800806,0.35781116259850654
835,0.1915,23,81,23,562175,43435,83733,24223,0.4023398421579162,0.35802122439327205
836,0.1916,17,74,17,562249,43361,83750,24206,0.4016543777094372,0.35825180931519823
837,0.1917,13,73,13,562322,43288,83763,24193,0.4009781762940457,0.3585157303537292
838,0.1918,20,84,20,562406,43204,83783,24173,0.40020008151469116,0.3587722813422978
839,0.1919,21,52,21,562458,43152,83804,24152,0.39971840379413837,0.35884939973849994
840,0.192,24,66,24,562524,43086,83828,24128,0.39910704361035976,0.3589728330407356
841,0.1921,27,96,27,562620,42990,83855,24101,0.39821779243395455,0.35922851053047355
842,0.1922,19,63,19,562683,42927,83874,24082,0.39763422134943865,0.3593845602829471
843,0.1923,26,69,26,562752,42858,83900,24056,0.39699507206639745,0.3595062318797262
844,0.1924,25,63,25,562815,42795,83925,24031,0.3964115009818815,0.35960554275282075
845,0.1925,21,45,21,562860,42750,83946,24010,0.3959946644929416,0.35964649490713
846,0.1926,18,56,18,562916,42694,83964,23992,0.39547593464003855,0.35977566505713343
847,0.1927,28,67,28,562983,42627,83992,23964,0.39485531142317243,0.3598684506915349
848,0.1928,19,58,19,563041,42569,84011,23945,0.39431805550409427,0.3599993986228463
849,0.1929,30,58,30,563099,42511,84041,23915,0.3937807995850161,0.3600246891277512
850,0.193,21,51,21,563150,42460,84062,23894,0.3933083848975509,0.36009886367061517
851,0.1931,22,55,22,563205,42405,84084,23872,0.39279891807773537,0.3601852829790123
852,0.1932,15,47,15,563252,42358,84099,23857,0.3923635555226203,0.36029600543683454
853,0.1933,16,53,16,563305,42305,84115,23841,0.39187261476897994,0.3604299579717594
854,0.1934,11,42,11,563347,42263,84126,23830,0.3914835673793027,0.36055255473348163
855,0.1935,16,54,16,563401,42209,84142,23814,0.39098336359257474,0.36069248595186526
856,0.1936,26,50,26,563451,42159,84168,23788,0.390520211938197,0.3607139066219843
857,0.1937,27,61,27,563512,42098,84195,23761,0.3899551669198562,0.3607859214382241
858,0.1938,11,44,11,563556,42054,84206,23750,0.38954759346400386,0.3609203087958179
859,0.1939,17,42,17,563598,42012,84223,23733,0.3891585460743266,0.36098562628336756
860,0.194,18,34,18,563632,41978,84241,23715,0.3888436029493497,0.36099736653829173
861,0.1941,21,62,21,563694,41916,84262,23694,0.3882692948979214,0.3611339734796525
862,0.1942,16,47,16,563741,41869,84278,23678,0.38783393234280633,0.3612369749950417
863,0.1943,19,51,19,563792,41818,84297,23659,0.38736151765534105,0.36133298715579515
864,0.1944,16,73,16,563865,41745,84313,23643,0.3866853162399496,0.3615801064415489
865,0.1945,18,52,18,563917,41693,84331,23625,0.38620363851939676,0.36169202976208703
866,0.1946,17,51,17,563968,41642,84348,23608,0.38573122383193154,0.3618084291187739
867,0.1947,20,67,20,564035,41575,84368,23588,0.3851106006150654,0.36198456179120053
868,0.1948,19,55,19,564090,41520,84387,23569,0.3846011337952499,0.36210419579345204
869,0.1949,13,63,13,564153,41457,84400,23556,0.384017562710734,0.3623275344931014
870,0.195,21,81,21,564234,41376,84421,23535,0.38326725703064213,0.3625733696908074
871,0.1951,25,93,25,564327,41283,84446,23510,0.3824057949534996,0.36284783850107266
872,0.1952,23,106,23,564433,41177,84469,23487,0.38142391344621884,0.3632160089075838
873,0.1953,19,65,19,564498,41112,84488,23468,0.3808218162955278,0.36339423970269435
874,0.1954,27,73,27,564571,41039,84515,23441,0.3801456148801364,0.3635390818858561
875,0.1955,27,114,27,564685,40925,84542,23414,0.3790896291081552,0.36391613173969134
876,0.1956,25,91,25,564776,40834,84567,23389,0.3782466930971877,0.36418417077993864
877,0.1957,21,109,21,564885,40725,84588,23368,0.37723702249064434,0.3645951976034824
878,0.1958,24,70,24,564955,40655,84612,23344,0.37658861017451556,0.36475569930780166
879,0.1959,16,78,16,565033,40577,84628,23328,0.37586609359368633,0.3650418590094672
880,0.196,20,151,20,565184,40426,84648,23308,0.3744673755974656,0.36570747167916656
881,0.1961,20,70,20,565254,40356,84668,23288,0.37381896328133685,0.3659103764691094
882,0.1962,34,83,34,565337,40273,84702,23254,0.37305013153506983,0.36604908149290855
883,0.1963,14,68,14,565405,40205,84716,23240,0.37242024528511614,0.36630152100244306
884,0.1964,32,151,32,565556,40054,84748,23208,0.3710215272888955,0.36685530018020296
885,0.1965,26,67,26,565623,39987,84774,23182,0.37040090407202936,0.3669838053475597
886,0.1966,30,103,30,565726,39884,84804,23152,0.3694468116640113,0.3672821879560886
887,0.1967,17,79,17,565805,39805,84821,23135,0.3687150320500945,0.36757229107086115
888,0.1968,21,62,21,565867,39743,84842,23114,0.3681407239986661,0.3677235630080977
889,0.1969,36,107,36,565974,39636,84878,23078,0.36714957945829785,0.36798800905698886
890,0.197,23,44,23,566018,39592,84901,23055,0.36674200600244544,0.3680144300604977
891,0.1971,24,80,24,566098,39512,84925,23031,0.3660009633554411,0.36824264905744847
892,0.1972,21,54,21,566152,39458,84946,23010,0.3655007595687132,0.36834859448037394
893,0.1973,20,57,20,566209,39401,84966,22990,0.3649727666827226,0.36848263371319584
894,0.1974,25,58,25,566267,39343,84991,22965,0.36443551076364444,0.368572253964178
895,0.1975,18,40,18,566307,39303,85009,22947,0.36406498944014226,0.3686265060240964
896,0.1976,23,69,23,566376,39234,85032,22924,0.36342584015710105,0.36880208500917017
897,0.1977,13,63,13,566439,39171,85045,22911,0.3628422690725851,0.36904416739151447
898,0.1978,19,67,19,566506,39104,85064,22892,0.362221645855719,0.36924962900832314
899,0.1979,28,79,28,566585,39025,85092,22864,0.36148986624180224,0.36943560244954676
900,0.198,24,80,24,566665,38945,85116,22840,0.3607488235947979,0.3696690135146071
901,0.1981,22,54,22,566719,38891,85138,22818,0.36024861980806994,0.36976778103680175
902,0.1982,21,42,21,566761,38849,85159,22797,0.35985957241839267,0.3698050157350031
903,0.1983,20,45,20,566806,38804,85179,22777,0.35944273592945275,0.36987057696367387
904,0.1984,27,68,27,566874,38736,85206,22750,0.35881284967949906,0.3700029274956901
905,0.1985,24,54,24,566928,38682,85230,22726,0.3583126458927711,0.3700820739968734
906,0.1986,16,60,16,566988,38622,85246,22710,0.3577568639075179,0.3702797886910585
907,0.1987,26,60,26,567048,38562,85272,22684,0.35720108192226463,0.37037520817686054
908,0.1988,24,57,24,567105,38505,85296,22660,0.35667308903627404,0.3704733098994523
909,0.1989,26,82,26,567187,38423,85322,22634,0.3559135203230946,0.3707027859213522
910,0.199,25,65,25,567252,38358,85347,22609,0.35531142317240355,0.3708399626027195
911,0.1991,20,68,20,567320,38290,85367,22589,0.3546815369224499,0.3710474876394159
912,0.1992,26,77,26,567397,38213,85393,22563,0.3539682833747082,0.37124851915229695
913,0.1993,16,87,16,567484,38126,85409,22547,0.353162399496091,0.37161505117597615
914,0.1994,31,83,31,567567,38043,85440,22516,0.352393567749824,0.37180270480027744
915,0.1995,25,83,25,567650,37960,85465,22491,0.351624736003557,0.37205339862037023
916,0.1996,23,106,23,567756,37854,85488,22468,0.35064285449627625,0.37246775637412555
917,0.1997,11,103,11,567859,37751,85499,22457,0.34968876208825816,0.37299030029231994
918,0.1998,32,77,32,567936,37674,85531,22425,0.3489755085405165,0.373134328358209
919,0.1999,17,104,17,568040,37570,85548,22408,0.34801215309941086,0.37360365467338025
920,0.2,36,93,36,568133,37477,85584,22372,0.3471506910222683,0.3738074153285769
921,0.2001,33,126,33,568259,37351,85617,22339,0.3459835488532365,0.37425029318143743
922,0.2002,34,122,34,568381,37229,85651,22305,0.3448534588165549,0.37465985823227066
923,0.2003,42,100,42,568481,37129,85693,22263,0.34392715550779945,0.3748484644396552
924,0.2004,37,154,37,568635,36975,85730,22226,0.34250064841231614,0.37543284741811794
925,0.2005,38,133,38,568768,36842,85768,22188,0.3412686650116714,0.37587667287819754
926,0.2006,41,109,41,568877,36733,85809,22147,0.340258994405128,0.37613790760869564
927,0.2007,47,151,47,569028,36582,85856,22100,0.3388602764089073,0.37660611431103236
928,0.2008,55,118,55,569146,36464,85911,22045,0.33776723850457596,0.3767796407390316
929,0.2009,73,177,73,569323,36287,85984,21972,0.3361276816480788,0.3771434456478827
930,0.201,43,139,43,569462,36148,86027,21929,0.33484012004890884,0.37758493035108565
931,0.2011,67,169,67,569631,35979,86094,21862,0.33327466745711215,0.3779671859061911
932,0.2012,59,165,59,569796,35814,86153,21803,0.33174626699766574,0.37841262127497094
933,0.2013,44,168,44,569964,35646,86197,21759,0.3301900774389566,0.37904363731382285
934,0.2014,49,137,49,570101,35509,86246,21710,0.32892104190596166,0.379419423618029
935,0.2015,58,155,58,570256,35354,86304,21652,0.3274852717773908,0.37981966810511175
936,0.2016,48,130,48,570386,35224,86352,21604,0.32628107747600876,0.3801647075385373
937,0.2017,66,186,66,570572,35038,86418,21538,0.32455815332172366,0.3806914592760181
938,0.2018,65,168,65,570740,34870,86483,21473,0.32300196376301454,0.38111211685568747
939,0.2019,46,128,46,570868,34742,86529,21427,0.3218162955278076,0.381473766668447
940,0.202,50,139,50,571007,34603,86579,21377,0.32052873392863757,0.3818685244730261
941,0.2021,94,166,94,571173,34437,86673,21283,0.3189910704361036,0.38196338837042354
942,0.2022,63,149,63,571322,34288,86736,21220,0.317610878506058,0.3822872378756215
943,0.2023,62,153,62,571475,34135,86798,21158,0.3161936344436622,0.3826524153147776
944,0.2024,49,140,49,571615,33995,86847,21109,0.31489680981140467,0.3830756387921022
945,0.2025,84,175,84,571790,33820,86931,21025,0.31327577902108267,0.38335308596955053
946,0.2026,46,105,46,571895,33715,86977,20979,0.31230316054688945,0.3835704099169927
947,0.2027,59,137,59,572032,33578,87036,20920,0.31103412501389455,0.3838672978824911
948,0.2028,54,117,54,572149,33461,87090,20866,0.3099503501426507,0.3840815800614796
949,0.2029,67,90,67,572239,33371,87157,20799,0.3091166771647708,0.38395791028244414
950,0.203,43,120,43,572359,33251,87200,20756,0.3080051131942643,0.38432055103968005
951,0.2031,57,109,57,572468,33142,87257,20699,0.30699544258772093,0.38444679705057483
952,0.2032,56,117,56,572585,33025,87313,20643,0.3059116677164771,0.3846426175747186
953,0.2033,53,122,53,572707,32903,87366,20590,0.30478157767979547,0.38491017516310544
954,0.2034,62,133,62,572840,32770,87428,20528,0.3035495942791508,0.38515516529700927
955,0.2035,49,112,49,572952,32658,87477,20479,0.3025121345733447,0.3854000037638557
956,0.2036,51,128,51,573080,32530,87528,20428,0.30132646633813776,0.38573964273575284
957,0.2037,55,105,55,573185,32425,87583,20373,0.3003538478639446,0.3858668888973067
958,0.2038,47,88,47,573273,32337,87630,20326,0.2995387009522398,0.38596357974289347
959,0.2039,49,92,49,573365,32245,87679,20277,0.2986865019081848,0.3860667910589848
960,0.204,52,113,52,573478,32132,87731,20225,0.2976397791692912,0.38629027637183183
961,0.2041,46,116,46,573594,32016,87777,20179,0.2965652673311349,0.3866079126353099
962,0.2042,41,110,41,573704,31906,87818,20138,0.29554633369150396,0.386941818461302
963,0.2043,49,106,49,573810,31800,87867,20089,0.2945644521842232,0.3871533465667097
964,0.2044,47,92,47,573902,31708,87914,20042,0.2937122531401682,0.3872850241545894
965,0.2045,38,118,38,574020,31590,87952,20004,0.29261921523583684,0.3877195022677056
966,0.2046,41,97,41,574117,31493,87993,19963,0.29172070102634406,0.3879625310945274
967,0.2047,62,118,62,574235,31375,88055,19901,0.29062766312201266,0.3881152976051174
968,0.2048,40,95,40,574330,31280,88095,19861,0.289747674978695,0.38835767779276903
969,0.2049,35,81,35,574411,31199,88130,19826,0.28899736929860315,0.3885546300832925
970,0.205,44,131,44,574542,31068,88174,19782,0.28778391196413355,0.38902654867256636
971,0.2051,37,94,37,574636,30974,88211,19745,0.28691318685390343,0.3893018395473097
972,0.2052,58,115,58,574751,30859,88269,19687,0.28584793804883474,0.38948680409923636
973,0.2053,48,84,48,574835,30775,88317,19639,0.28506984326948015,0.3895544888324672
974,0.2054,57,127,57,574962,30648,88374,19582,0.2838934380673608,0.3898467051562811
975,0.2055,52,108,52,575070,30540,88426,19530,0.2828930304939049,0.39005392450569204
976,0.2056,58,124,58,575194,30416,88484,19472,0.2817444143910482,0.39031430404105194
977,0.2057,40,97,40,575291,30319,88524,19432,0.2808459001815555,0.39058511386705796
978,0.2058,58,143,58,575434,30176,88582,19374,0.2795212864500352,0.3909989909182644
979,0.2059,82,131,82,575565,30045,88664,19292,0.2783078291155656,0.3910249913857754
980,0.206,55,128,55,575693,29917,88719,19237,0.2771221608803587,0.3913618423729503
981,0.2061,42,140,42,575833,29777,88761,19195,0.27582533624810107,0.39195867026055703
982,0.2062,48,117,48,575950,29660,88809,19147,0.27474156137685724,0.3923002847952138
983,0.2063,66,109,66,576059,29551,88875,19081,0.27373189077031385,0.39235482809672645
984,0.2064,70,106,70,576165,29445,88945,19011,0.2727500092630331,0.3923353145121347
985,0.2065,65,110,65,576275,29335,89010,18946,0.27173107562340215,0.39241109339077485
986,0.2066,67,118,67,576393,29217,89077,18879,0.27063803771907075,0.39252744510978044
987,0.2067,62,146,62,576539,29071,89139,18817,0.26928563488828783,0.39293768793852324
988,0.2068,57,111,57,576650,28960,89196,18760,0.2682574382155693,0.3931265716680637
989,0.2069,55,101,55,576751,28859,89251,18705,0.26732187187372636,0.39325960810697164
990,0.207,46,114,46,576865,28745,89297,18659,0.2662658861017452,0.39361657244114423
991,0.2071,53,118,53,576983,28627,89350,18606,0.26517284819741377,0.3939195054305253
992,0.2072,75,129,75,577112,28498,89425,18531,0.26397791692911926,0.3940334687107955
993,0.2073,41,124,41,577236,28374,89466,18490,0.26282930082626255,0.3945459201092523
994,0.2074,51,102,51,577338,28272,89517,18439,0.26188447145133203,0.39474641947292927
995,0.2075,59,98,59,577436,28174,89576,18380,0.2609766942087517,0.39481032779138203
996,0.2076,61,117,61,577553,28057,89637,18319,0.25989291933750786,0.3950103501811282
997,0.2077,48,88,48,577641,27969,89685,18271,0.2590777724258031,0.3951340830449827
998,0.2078,30,58,30,577699,27911,89715,18241,0.25854051650672494,0.3952374761657133
999,0.2079,54,115,54,577814,27796,89769,18187,0.25747526770165624,0.39551573407563667
1000,0.208,41,81,41,577895,27715,89810,18146,0.25672496202156436,0.3956738841281263
1001,0.2081,40,73,40,577968,27642,89850,18106,0.2560487606061729,0.39577686456238526
1002,0.2082,43,88,43,578056,27554,89893,18063,0.2552336136944681,0.3959708003595151
1003,0.2083,35,73,35,578129,27481,89928,18028,0.25455741227907663,0.39614142257575424
1004,0.2084,40,90,40,578219,27391,89968,17988,0.2537237393011968,0.3963948081711805
1005,0.2085,30,84,30,578303,27307,89998,17958,0.2529456445218422,0.3967303656246548
1006,0.2086,44,80,44,578383,27227,90042,17914,0.2522046018748379,0.3968454398440442
1007,0.2087,62,110,62,578493,27117,90104,17852,0.25118566823520694,0.3969845893837977
1008,0.2088,34,65,34,578558,27052,90138,17818,0.2505835710845159,0.3971027412525072
1009,0.2089,32,77,32,578635,26975,90170,17786,0.24987031753677424,0.39735484015102435
1010,0.209,48,89,48,578724,26886,90218,17738,0.24904590759198192,0.39749910362136964
1011,0.2091,36,63,36,578787,26823,90254,17702,0.248462336507466,0.3975743964065132
1012,0.2092,34,68,34,578855,26755,90288,17668,0.24783245025751233,0.39772190081714426
1013,0.2093,55,84,55,578939,26671,90343,17613,0.24705435547815777,0.3977282991599675
1014,0.2094,29,57,29,578996,26614,90372,17584,0.24652636259216718,0.39784605638264176
1015,0.2095,48,73,48,579069,26541,90420,17536,0.24585016117677572,0.3978492184132314
1016,0.2096,41,62,41,579131,26479,90461,17495,0.24527585312534736,0.3978487287942875
1017,0.2097,39,81,39,579212,26398,90500,17456,0.24452554744525548,0.39804806859123454
1018,0.2098,24,62,24,579274,26336,90524,17432,0.24395123939382712,0.3982818497532444
1019,0.2099,32,78,32,579352,26258,90556,17400,0.2432287228129979,0.39855238444271385
1020,0.21,26,68,26,579420,26190,90582,17374,0.2425988365630442,0.39881553576347445
1021,0.2101,34,62,34,579482,26128,90616,17340,0.24202452851161585,0.39891414373792217
1022,0.2102,41,68,41,579550,26060,90657,17299,0.24139464226166216,0.39897137849120135
1023,0.2103,33,83,33,579633,25977,90690,17266,0.24062581051539517,0.3992784959415397
1024,0.2104,39,88,39,579721,25889,90729,17227,0.23981066360369038,0.39955005102514146
1025,0.2105,47,78,47,579799,25811,90776,17180,0.23908814702286116,0.39961852480751786
1026,0.2106,27,66,27,579865,25745,90803,17153,0.23847678683908258,0.3998554711175346
1027,0.2107,34,72,34,579937,25673,90837,17119,0.2378098484567787,0.4000514114787811
1028,0.2108,27,59,27,579996,25614,90864,17092,0.23726332950461299,0.40022479276916595
1029,0.2109,25,55,25,580051,25559,90889,17067,0.2367538626847975,0.4003894336789753
1030,0.211,27,58,27,580109,25501,90916,17040,0.23621660676571937,0.40055475893843584
1031,0.2111,26,51,26,580160,25450,90942,17014,0.23574419207825412,0.4006688018085908
1032,0.2112,42,69,42,580229,25381,90984,16972,0.23510504279521285,0.4007272212121928
1033,0.2113,19,66,19,580295,25315,91003,16953,0.2344936826114343,0.4010835620327434
1034,0.2114,39,76,39,580371,25239,91042,16914,0.23378969209678016,0.4012525798875525
1035,0.2115,22,60,22,580431,25179,91064,16892,0.23323391011152692,0.4015117301704262
1036,0.2116,28,70,28,580501,25109,91092,16864,0.23258549779539814,0.40178209801539083
1037,0.2117,35,69,35,580570,25040,91127,16829,0.23194634851235688,0.40194415916310394
1038,0.2118,33,65,33,580635,24975,91160,16796,0.23134425136166586,0.40209714873955615
1039,0.2119,27,40,27,580675,24935,91187,16769,0.23097373003816368,0.4020957222328793
1040,0.212,32,61,32,580736,24874,91219,16737,0.2304086850198229,0.4022253730984595
1041,0.2121,28,50,28,580786,24824,91247,16709,0.22994553336544518,0.4023065995714251
1042,0.2122,25,65,25,580851,24759,91272,16684,0.22934343621475417,0.4025770335159134
1043,0.2123,29,46,29,580897,24713,91301,16655,0.22891733669272665,0.4026058789402437
1044,0.2124,25,63,25,580960,24650,91326,16630,0.22833376560821075,0.40285852713178294
1045,0.2125,19,52,19,581012,24598,91345,16611,0.22785208788765793,0.40309155766944116
1046,0.2126,24,56,24,581068,24542,91369,16587,0.2273333580347549,0.40329208101339686
1047,0.2127,35,82,35,581150,24460,91404,16552,0.22657378932157546,0.40358919340680777
1048,0.2128,21,49,21,581199,24411,91425,16531,0.22611990070028531,0.40376630355136534
1049,0.2129,25,61,25,581260,24350,91450,16506,0.2255548556819445,0.40400430781280594
1050,0.213,35,59,35,581319,24291,91485,16471,0.2250083367297788,0.4040773269221334
1051,0.2131,16,44,16,581363,24247,91501,16455,0.22460076327392642,0.4042798879661933
1052,0.2132,31,62,31,581425,24185,91532,16424,0.22402645522249806,0.40444236499298186
1053,0.2133,31,41,31,581466,24144,91563,16393,0.22364667086590834,0.4043959839159287
1054,0.2134,27,59,27,581525,24085,91590,16366,0.22310015191374263,0.40458826728634645
1055,0.2135,21,51,21,581576,24034,91611,16345,0.22262773722627738,0.4047896183659823
1056,0.2136,31,60,31,581636,23974,91642,16314,0.22207195524102413,0.4049344718030183
1057,0.2137,26,54,26,581690,23920,91668,16288,0.2215717514542962,0.40509351372861124
1058,0.2138,34,66,34,581756,23854,91702,16254,0.22096039127051761,0.4052558093148499
1059,0.2139,17,57,17,581813,23797,91719,16237,0.22043239838452702,0.40558025678173554
1060,0.214,35,72,35,581885,23725,91754,16202,0.21976546000222313,0.4057905677862098
1061,0.2141,35,61,35,581946,23664,91789,16167,0.21920041498388232,0.4058898847631242
1062,0.2142,26,84,26,582030,23580,91815,16141,0.21842232020452776,0.4063593565116689
1063,0.2143,38,61,38,582091,23519,91853,16103,0.21785727518618697,0.40641562768159106
1064,0.2144,34,86,34,582177,23433,91887,16069,0.2170606543406573,0.40678952964406867
1065,0.2145,26,84,26,582261,23349,91913,16043,0.21628255956130274,0.4072654346060114
1066,0.2146,43,63,43,582324,23286,91956,16000,0.21569898847678684,0.4072697653107977
1067,0.2147,29,67,29,582391,23219,91985,15971,0.21507836525992072,0.40752743046695583
1068,0.2148,32,72,32,582463,23147,92017,15939,0.2144114268776168,0.40779307168807244
1069,0.2149,42,85,42,582548,23062,92059,15897,0.2136240690651747,0.4080443543212095
1070,0.215,30,56,30,582604,23006,92089,15867,0.21310533921227168,0.40817534021042884
1071,0.2151,41,88,41,582692,22918,92130,15826,0.2122901923005669,0.4084761511459839
1072,0.2152,42,74,42,582766,22844,92172,15784,0.2116047278520879,0.40861551206378793
1073,0.2153,44,82,44,582848,22762,92216,15740,0.21084515913890844,0.40880993195158694
1074,0.2154,58,81,58,582929,22681,92274,15682,0.21009485345881657,0.4087792925475067
1075,0.2155,37,63,37,582992,22618,92311,15645,0.20951128237430064,0.4088806418733502
1076,0.2156,47,109,47,583101,22509,92358,15598,0.20850161176775722,0.40932112210355054
1077,0.2157,45,61,45,583162,22448,92403,15553,0.20793656674941643,0.40927870319202125
1078,0.2158,44,102,44,583264,22346,92447,15509,0.2069917373744859,0.40969488838990886
1079,0.2159,48,107,48,583371,22239,92495,15461,0.2060005928341176,0.410106100795756
1080,0.216,56,91,56,583462,22148,92551,15405,0.20515765682315018,0.4102202220861183
1081,0.2161,54,115,54,583577,22033,92605,15351,0.20409240801808143,0.41063021613524503
1082,0.2162,41,90,41,583667,21943,92646,15310,0.20325873504020156,0.41097361286339357
1083,0.2163,52,90,52,583757,21853,92698,15258,0.2024250620623217,0.4111449435477352
1084,0.2164,45,55,45,583812,21798,92743,15213,0.2019155952425062,0.4110399610926481
1085,0.2165,41,73,41,583885,21725,92784,15172,0.20123939382711475,0.41119874244518523
1086,0.2166,43,64,43,583949,21661,92827,15129,0.20064655970951129,0.41122587659690135
1087,0.2167,51,72,51,584021,21589,92878,15078,0.19997962132720737,0.41121444350505904
1088,0.2168,55,91,55,584112,21498,92933,15023,0.19913668531623996,0.4113523726075409
1089,0.2169,51,104,51,584216,21394,92984,14972,0.1981733298751343,0.4117032392894462
1090,0.217,35,81,35,584297,21313,93019,14937,0.19742302419504243,0.4120551724137931
1091,0.2171,32,77,32,584374,21236,93051,14905,0.19670977064730075,0.41241249550372155
1092,0.2172,46,89,46,584463,21147,93097,14859,0.19588536070250842,0.4126812197967005
1093,0.2173,37,67,37,584530,21080,93134,14822,0.1952647374856423,0.4128460809982731
1094,0.2174,62,90,62,584620,20990,93196,14760,0.19443106450776243,0.4128671328671329
1095,0.2175,53,97,53,584717,20893,93249,14707,0.19353255029826966,0.4131179775280899
1096,0.2176,45,100,45,584817,20793,93294,14662,0.19260624698951426,0.41353828797066705
1097,0.2177,35,78,35,584895,20715,93329,14627,0.19188373040868503,0.41387018278535453
1098,0.2178,47,83,47,584978,20632,93376,14580,0.19111489866241801,0.41406338748154037
1099,0.2179,49,102,49,585080,20530,93425,14531,0.1901700692874875,0.41444910299192833
1100,0.218,37,89,37,585169,20441,93462,14494,0.18934565934269518,0.4148847860312008
1101,0.2181,33,83,33,585252,20358,93495,14461,0.1885768275964282,0.4153192222637066
1102,0.2182,37,73,37,585325,20285,93532,14424,0.18790062618103673,0.4155694488461206
1103,0.2183,47,86,47,585411,20199,93579,14377,0.18710400533550706,0.41580865340120315
1104,0.2184,34,65,34,585476,20134,93613,14343,0.18650190818481605,0.41601647475128345
1105,0.2185,43,90,43,585566,20044,93656,14300,0.18566823520693615,0.4163754949918472
1106,0.2186,40,109,40,585675,19935,93696,14260,0.18465856460039276,0.4170200321684457
1107,0.2187,42,82,42,585757,19853,93738,14218,0.1838989958872133,0.41730503947638753
1108,0.2188,48,84,48,585841,19769,93786,14170,0.18312090110785875,0.4175137747134565
1109,0.2189,47,108,47,585949,19661,93833,14123,0.1821204935344029,0.41803812455600287
1110,0.219,47,86,47,586035,19575,93880,14076,0.18132387268887323,0.41829366140679325
1111,0.2191,30,59,30,586094,19516,93910,14046,0.18077735373670756,0.41850902806745727
1112,0.2192,63,70,63,586164,19446,93973,13983,0.18012894142057875,0.4182895091088576
1113,0.2193,48,72,48,586236,19374,94021,13935,0.17946200303827486,0.41835539944159233
1114,0.2194,24,65,24,586301,19309,94045,13911,0.17885990588758383,0.4187537627934979
1115,0.2195,40,69,40,586370,19240,94085,13871,0.1782207566045426,0.4189242245779348
1116,0.2196,46,100,46,586470,19140,94131,13825,0.17729445329578716,0.4193841953587138
1117,0.2197,48,89,48,586559,19051,94179,13777,0.17647004335099484,0.41967223102229806
1118,0.2198,42,52,42,586611,18999,94221,13735,0.17598836563044204,0.4195943056149569
1119,0.2199,22,74,22,586685,18925,94243,13713,0.175302901181963,0.42015442122679086
1120,0.22,52,68,52,586753,18857,94295,13661,0.17467301493200935,0.42010578756381084
1121,0.2201,49,76,49,586829,18781,94344,13612,0.1739690244173552,0.42021424381810885
1122,0.2202,41,70,41,586899,18711,94385,13571,0.17332061210122643,0.42038907130908865
1123,0.2203,45,56,45,586955,18655,94430,13526,0.17280188224832338,0.4203101208787794
1124,0.2204,30,54,30,587009,18601,94460,13496,0.17230167846159547,0.420475433841169
1125,0.2205,50,71,50,587080,18530,94510,13446,0.17164400311237912,0.4205028771578684
1126,0.2206,64,88,64,587168,18442,94574,13382,0.17082885620067434,0.42050025138260433
1127,0.2207,46,68,46,587236,18374,94620,13336,0.17019896995072067,0.4205613371176285
1128,0.2208,51,72,51,587308,18302,94671,13285,0.16953203156841676,0.4205844176401684
1129,0.2209,48,73,48,587381,18229,94719,13237,0.1688558301530253,0.42067628551452363
1130,0.221,46,81,46,587462,18148,94765,13191,0.16810552447293342,0.4209132390950573
1131,0.2211,36,51,36,587513,18097,94801,13155,0.16763310978546817,0.4209330602841418
1132,0.2212,53,88,53,587601,18009,94854,13102,0.16681796287376338,0.4211372183472084
1133,0.2213,27,69,27,587670,17940,94881,13075,0.16617881359072215,0.42157020796388844
1134,0.2214,38,61,38,587731,17879,94919,13037,0.16561376857238133,0.42169103376892225
1135,0.2215,28,56,28,587787,17823,94947,13009,0.1650950387194783,0.4219317592112091
1136,0.2216,37,72,37,587859,17751,94984,12972,0.1644281003371744,0.42222439214920415
1137,0.2217,37,77,37,587936,17674,95021,12935,0.16371484678943274,0.42258812767486686
1138,0.2218,30,81,30,588017,17593,95051,12905,0.16296454110934083,0.42314250114761626
1139,0.2219,42,79,42,588096,17514,95093,12863,0.16223276149542407,0.4234453698521908
1140,0.222,36,80,36,588176,17434,95129,12827,0.16149171884841973,0.4238789200621262
1141,0.2221,42,52,42,588228,17382,95171,12785,0.1610100411278669,0.42380747174064376
1142,0.2222,39,67,39,588295,17315,95210,12746,0.16038941791100078,0.4240045241342603
1143,0.2223,26,94,26,588389,17221,95236,12720,0.1595186928007707,0.4248355098360108
1144,0.2224,48,82,48,588471,17139,95284,12672,0.15875912408759124,0.4250779913454765
1145,0.2225,32,59,32,588530,17080,95316,12640,0.15821260513542554,0.4253028263795424
1146,0.2226,40,80,40,588610,17000,95356,12600,0.1574715624884212,0.42567567567567566
1147,0.2227,30,71,30,588681,16929,95386,12570,0.15681388713920486,0.42611613953015354
1148,0.2228,22,52,22,588733,16877,95408,12548,0.15633220941865206,0.42644010195412063
1149,0.2229,41,72,41,588805,16805,95449,12507,0.15566527103634814,0.4266853165938865
1150,0.223,37,53,37,588858,16752,95486,12470,0.15517433028270777,0.4267332831428376
1151,0.2231,46,84,46,588942,16668,95532,12424,0.1543962355033532,0.4270589852880517
1152,0.2232,26,56,26,588998,16612,95558,12398,0.1538775056504502,0.4273698724577732
1153,0.2233,45,71,45,589069,16541,95603,12353,0.15321983030123384,0.4275282065480723
1154,0.2234,45,87,45,589156,16454,95648,12308,0.15241394642261663,0.4279257353452472
1155,0.2235,40,54,40,589210,16400,95688,12268,0.1519137426358887,0.4279335844844426
1156,0.2236,43,69,43,589279,16331,95731,12225,0.15127459335284746,0.4281061773357613
1157,0.2237,59,88,59,589367,16243,95790,12166,0.15045944644114267,0.4282445703826252
1158,0.2238,35,73,35,589440,16170,95825,12131,0.14978324502575124,0.42864209745238685
1159,0.2239,37,71,37,589511,16099,95862,12094,0.1491255696765349,0.42897173057141846
1160,0.224,32,67,32,589578,16032,95894,12062,0.14850494645966875,0.42934434398804017
1161,0.2241,42,84,42,589662,15948,95936,12020,0.14772685168031421,0.42977688787185353
1162,0.2242,38,76,38,589738,15872,95974,11982,0.14702286116566007,0.43017160910461694
1163,0.2243,22,72,22,589810,15800,95996,11960,0.14635592278335618,0.430835734870317
1164,0.2244,35,76,35,589886,15724,96031,11925,0.14565193226870207,0.43129950450287535
1165,0.2245,48,74,48,589960,15650,96079,11877,0.14496646782022304,0.43146728666400264
1166,0.2246,30,60,30,590020,15590,96109,11847,0.1444106858349698,0.4317891897802238
1167,0.2247,52,77,52,590097,15513,96161,11795,0.14369743228722812,0.431924710707485
1168,0.2248,38,74,38,590171,15439,96199,11757,0.14301196783874912,0.4323062215031622
1169,0.2249,28,52,28,590223,15387,96227,11729,0.1425302901181963,0.4325490485322319
1170,0.225,48,89,48,590312,15298,96275,11681,0.141705880173404,0.4329663812594981
1171,0.2251,36,70,36,590382,15228,96311,11645,0.1410574678572752,0.4333345737357199
1172,0.2252,58,80,58,590462,15148,96369,11587,0.14031642521027085,0.4334019076117449
1173,0.2253,51,72,51,590534,15076,96420,11536,0.13964948682796696,0.43348865173605894
1174,0.2254,42,50,42,590584,15026,96462,11494,0.13918633517358925,0.4334087481146305
1175,0.2255,26,49,26,590633,14977,96488,11468,0.13873244655229908,0.4336547551522027
1176,0.2256,31,73,31,590706,14904,96519,11437,0.13805624513690762,0.4341900459359933
1177,0.2257,40,48,40,590754,14856,96559,11397,0.13761161954870502,0.4341218146497543
1178,0.2258,32,55,32,590809,14801,96591,11365,0.13710215272888954,0.43434227623633725
1179,0.2259,38,54,38,590863,14747,96629,11327,0.13660194894216163,0.4344174273222367
1180,0.226,41,69,41,590932,14678,96670,11286,0.1359627996591204,0.4346787860114004
1181,0.2261,27,58,27,590990,14620,96697,11259,0.13542554374004223,0.435063178639051
1182,0.2262,29,46,29,591036,14574,96726,11230,0.13499944421801474,0.4352038443652147
1183,0.2263,33,51,33,591087,14523,96759,11197,0.13452702953054949,0.4353421461897356
1184,0.2264,40,84,40,591171,14439,96799,11157,0.13374893475119493,0.4358884200656353
1185,0.2265,35,66,35,591237,14373,96834,11122,0.13313757456741634,0.4362424004706805
1186,0.2266,40,46,40,591283,14327,96874,11082,0.13271147504538885,0.43614467314731004
1187,0.2267,24,53,24,591336,14274,96898,11058,0.1322205342917485,0.43652297489341546
1188,0.2268,30,41,30,591377,14233,96928,11028,0.13184074993515876,0.43656228969557814
1189,0.2269,32,52,32,591429,14181,96960,10996,0.13135907221460594,0.43674782539619494
1190,0.227,42,52,42,591481,14129,97002,10954,0.13087739449405314,0.4367101223936531
1191,0.2271,25,60,25,591541,14069,97027,10929,0.1303216125087999,0.4371949755980478
1192,0.2272,29,34,29,591575,14035,97056,10900,0.13000666938382305,0.4371365550431121
1193,0.2273,36,51,36,591626,13984,97092,10864,0.12953425469635776,0.43721828718609146
1194,0.2274,19,51,19,591677,13933,97111,10845,0.1290618400088925,0.4376866575187667
1195,0.2275,35,50,35,591727,13883,97146,10810,0.1285986883545148,0.4377758879034544
1196,0.2276,40,47,40,591774,13836,97186,10770,0.12816332579939976,0.4376981224091685
1197,0.2277,36,55,36,591829,13781,97222,10734,0.12765385897958428,0.43785437487252704
1198,0.2278,30,51,30,591880,13730,97252,10704,0.127181444292119,0.43807808791028896
1199,0.2279,34,45,34,591925,13685,97286,10670,0.12676460780317908,0.4381030589201396
1200,0.228,25,62,25,591987,13623,97311,10645,0.12619029975175072,0.4386434811274106
1201,0.2281,30,61,30,592048,13562,97341,10615,0.1256252547334099,0.43905364602721597
1202,0.2282,30,61,30,592109,13501,97371,10585,0.1250602097150691,0.4394669102383127
1203,0.2283,32,54,32,592163,13447,97403,10553,0.12456000592834117,0.4397083333333333
1204,0.2284,40,63,40,592226,13384,97443,10513,0.12397643484382526,0.4399296982884881
1205,0.2285,41,41,41,592267,13343,97484,10472,0.12359665048723555,0.4397228637413395
1206,0.2286,40,76,40,592343,13267,97524,10432,0.12289265997258142,0.4401873496772016
1207,0.2287,42,67,42,592410,13200,97566,10390,0.1222720367557153,0.440440864773209
1208,0.2288,75,92,75,592502,13108,97641,10315,0.1214198377116603,0.4403791145455322
1209,0.2289,42,43,42,592545,13065,97683,10273,0.12102152728889548,0.44018339189304995
1210,0.229,37,65,37,592610,13000,97720,10236,0.12041943013820446,0.44052332587364434
1211,0.2291,51,64,51,592674,12936,97771,10185,0.11982659602060099,0.4405086285195277
1212,0.2292,47,73,47,592747,12863,97818,10138,0.11915039460520953,0.44076344506760573
1213,0.2293,38,63,38,592810,12800,97856,10100,0.11856682352069361,0.4410480349344978
1214,0.2294,44,113,44,592923,12687,97900,10056,0.11752010078179999,0.44215802664556125
1215,0.2295,44,74,44,592997,12613,97944,10012,0.11683463633332099,0.4425193370165746
1216,0.2296,43,89,43,593086,12524,97987,9969,0.11601022638852866,0.443204552527453
1217,0.2297,68,95,68,593181,12429,98055,9901,0.11513023824521101,0.44339453649798477
1218,0.2298,41,69,41,593250,12360,98096,9860,0.11449108896216978,0.44374437443744374
1219,0.2299,40,75,40,593325,12285,98136,9820,0.11379636148060321,0.4442433838498077
1220,0.23,57,105,57,593430,12180,98193,9763,0.11282374300641002,0.4449254887663492
1221,0.2301,82,104,82,593534,12076,98275,9681,0.11186038756530438,0.4449602426805166
1222,0.2302,39,65,39,593599,12011,98314,9642,0.11125829041461337,0.44529626379716436
1223,0.2303,51,96,51,593695,11915,98365,9591,0.11036903923820816,0.44596856691155956
1224,0.2304,57,88,57,593783,11827,98422,9534,0.1095538923265034,0.44632741912831797
1225,0.2305,58,79,58,593862,11748,98480,9476,0.10882211271258661,0.44647568790049
1226,0.2306,62,79,62,593941,11669,98542,9414,0.10809033309866983,0.4465208936109662
1227,0.2307,69,92,69,594033,11577,98611,9345,0.10723813405461484,0.44665901921422424
1228,0.2308,66,120,66,594153,11457,98677,9279,0.10612657008410833,0.4474826388888889
1229,0.2309,60,102,60,594255,11355,98737,9219,0.10518174070917781,0.44808982210557013
1230,0.231,56,83,56,594338,11272,98793,9163,0.10441290896291082,0.4483973574749205
1231,0.2311,60,78,60,594416,11194,98853,9103,0.1036903923820816,0.4484899246194019
1232,0.2312,56,90,56,594506,11104,98909,9047,0.10285671940420171,0.44896034936231455
1233,0.2313,70,84,70,594590,11020,98979,8977,0.10207862462484717,0.4489173376006401
1234,0.2314,66,89,66,594679,10931,99045,8911,0.10125421468005484,0.44909787319826633
1235,0.2315,61,73,61,594752,10858,99106,8850,0.10057801326466338,0.44905622082403085
1236,0.2316,56,70,56,594822,10788,99162,8794,0.09992960094853459,0.4490858952098866
1237,0.2317,69,89,69,594911,10699,99231,8725,0.09910519100374227,0.44918657331136735
1238,0.2318,50,67,50,594978,10632,99281,8675,0.09848456778687613,0.4493188998808722
1239,0.2319,53,72,53,595050,10560,99334,8622,0.09781762940457224,0.44948389114795123
1240,0.232,55,65,55,595115,10495,99389,8567,0.09721553225388121,0.4494281817227993
1241,0.2321,36,62,36,595177,10433,99425,8531,0.09664122420245286,0.4498523518245096
1242,0.2322,65,71,65,595248,10362,99490,8466,0.0959835488532365,0.44964945825366476
1243,0.2323,32,45,32,595293,10317,99522,8434,0.09556671236429656,0.4497893445682897
1244,0.2324,64,66,64,595359,10251,99586,8370,0.09495535218051798,0.4494925084581924
1245,0.2325,51,72,51,595431,10179,99637,8319,0.0942884137982141,0.4497242945183263
1246,0.2326,42,53,42,595484,10126,99679,8277,0.09379747304457371,0.4497636254958431
1247,0.2327,49,76,49,595560,10050,99728,8228,0.0930934825299196,0.45015866068497645
1248,0.2328,48,76,48,595636,9974,99776,8180,0.09238949201526547,0.4505894017847306
1249,0.2329,46,58,46,595694,9916,99822,8134,0.09185223609618734,0.4506371191135734
1250,0.233,52,62,52,595756,9854,99874,8082,0.09127792804475898,0.4506021409455843
1251,0.2331,51,51,51,595807,9803,99925,8031,0.09080551335729371,0.45031961422002914
1252,0.2332,34,55,34,595862,9748,99959,7997,0.09029604653747823,0.45066215835446605
1253,0.2333,45,72,45,595934,9676,100004,7952,0.08962910815517433,0.4511005218969821
1254,0.2334,36,44,36,595978,9632,100040,7916,0.08922153469932195,0.4511055390927741
1255,0.2335,45,58,45,596036,9574,100085,7871,0.0886842787802438,0.45118945256520493
1256,0.2336,29,34,29,596070,9540,100114,7842,0.08836933565526696,0.45115636865723163
1257,0.2337,32,22,32,596092,9518,100146,7810,0.08816554892734077,0.4507156048014774
1258,0.2338,45,49,45,596141,9469,100191,7765,0.08771166030605061,0.4505628408959034
1259,0.2339,45,57,45,596198,9412,100236,7720,0.08718366742006002,0.45061872519262197
1260,0.234,58,78,58,596276,9334,100294,7662,0.0864611508392308,0.4508119557542951
1261,0.2341,35,42,35,596318,9292,100329,7627,0.08607210344955352,0.45079496424138543
1262,0.2342,49,37,49,596355,9255,100378,7578,0.08572937122531402,0.45018713241846375
1263,0.2343,43,44,43,596399,9211,100421,7535,0.08532179776946164,0.449958198972889
1264,0.2344,48,44,48,596443,9167,100469,7487,0.08491422431360925,0.4495616668668188
1265,0.2345,43,65,43,596508,9102,100512,7444,0.08431212716291822,0.44989725613441317
1266,0.2346,56,69,56,596577,9033,100568,7388,0.08367297787987699,0.4499116984349309
1267,0.2347,24,38,24,596615,8995,100592,7364,0.08332098262254993,0.4501497646555413
1268,0.2348,37,44,37,596659,8951,100629,7327,0.08291340916669754,0.45011672195601427
1269,0.2349,41,46,41,596705,8905,100670,7286,0.08248730964467005,0.45000308813538387
1270,0.235,35,44,35,596749,8861,100705,7251,0.08207973618881767,0.4500372393247269
1271,0.2351,18,43,18,596792,8818,100723,7233,0.08168142576605283,0.45062612921313316
1272,0.2352,42,71,42,596863,8747,100765,7191,0.08102375041683649,0.4511858451499561
1273,0.2353,59,82,59,596945,8665,100824,7132,0.08026418170365704,0.45147812875862503
1274,0.2354,35,56,35,597001,8609,100859,7097,0.07974545185075402,0.4518655290971603
1275,0.2355,28,44,28,597045,8565,100887,7069,0.07933787839490163,0.4521555583983625
1276,0.2356,32,44,32,597089,8521,100919,7037,0.07893030493904925,0.4523074945365728
1277,0.2357,45,61,45,597150,8460,100964,6992,0.07836525992070843,0.4524980585037536
1278,0.2358,63,79,63,597229,8381,101027,6929,0.07763348030679165,0.45258001306335727
1279,0.2359,35,33,35,597262,8348,101062,6894,0.07732780021490236,0.4523028473953549
1280,0.236,33,47,33,597309,8301,101095,6861,0.07689243765978732,0.45251286110011874
1281,0.2361,35,41,35,597350,8260,101130,6826,0.0765126533031976,0.4524724910513058
1282,0.2362,40,50,40,597400,8210,101170,6786,0.07604950164881989,0.4525206721792478
1283,0.2363,43,46,43,597446,8164,101213,6743,0.0756234021267924,0.45233782786610316
1284,0.2364,22,44,22,597490,8120,101235,6721,0.07521582867094001,0.4528670574759113
1285,0.2365,31,44,31,597534,8076,101266,6690,0.07480825521508763,0.45306785859406745
1286,0.2366,37,32,37,597566,8044,101303,6653,0.0745118381562859,0.4526774171599646
1287,0.2367,52,48,52,597614,7996,101355,6601,0.0740672125680833,0.45221620881002944
1288,0.2368,36,47,36,597661,7949,101391,6565,0.07363185001296825,0.4523218961003169
1289,0.2369,26,50,26,597711,7899,101417,6539,0.07316869835859054,0.4529020639977836
1290,0.237,47,54,47,597765,7845,101464,6492,0.07266849457186261,0.4528143963172212
1291,0.2371,28,61,28,597826,7784,101492,6464,0.07210344955352181,0.4536777091521617
1292,0.2372,38,43,38,597869,7741,101530,6426,0.07170513913075698,0.45358932730994567
1293,0.2373,36,51,36,597920,7690,101566,6390,0.0712327244432917,0.4538352272727273
1294,0.2374,40,72,40,597992,7618,101606,6350,0.0705657860609878,0.45461053837342497
1295,0.2375,27,58,27,598050,7560,101633,6323,0.07002853014190967,0.45544911042281927
1296,0.2376,39,64,39,598114,7496,101672,6284,0.0694356960243062,0.4560232220609579
1297,0.2377,54,65,54,598179,7431,101726,6230,0.06883359887361518,0.45604274943269163
1298,0.2378,26,51,26,598230,7380,101752,6204,0.0683611841861499,0.45671378091872794
1299,0.2379,23,33,23,598263,7347,101775,6181,0.06805550409426063,0.4569041986989947
1300,0.238,48,42,48,598305,7305,101823,6133,0.06766645670458335,0.4563923202857568
1301,0.2381,43,46,43,598351,7259,101866,6090,0.06724035718255586,0.4562139486103828
1302,0.2382,36,48,36,598399,7211,101902,6054,0.06679573159435326,0.45638899359215984
1303,0.2383,43,45,43,598444,7166,101945,6011,0.06637889510541331,0.4561736358807012
1304,0.2384,30,38,30,598482,7128,101975,5981,0.06602689984808625,0.4562514303150507
1305,0.2385,36,57,36,598539,7071,102011,5945,0.06549890696209566,0.4567455439459127
1306,0.2386,26,44,26,598583,7027,102037,5919,0.06509133350624328,0.45720685926154797
1307,0.2387,28,47,28,598630,6980,102065,5891,0.06465597095112824,0.45769559474788285
1308,0.2388,32,46,32,598676,6934,102097,5859,0.06422987142910075,0.4579848354568905
1309,0.2389,45,50,45,598726,6884,102142,5814,0.06376671977472304,0.4578673806898724
1310,0.239,40,55,40,598781,6829,102182,5774,0.06325725295490756,0.4581448861382211
1311,0.2391,21,19,21,598800,6810,102203,5753,0.06308125532624402,0.4579320226060654
1312,0.2392,31,41,31,598841,6769,102234,5722,0.06270147096965431,0.45808982467376513
1313,0.2393,24,31,24,598872,6738,102258,5698,0.062414316943940125,0.4581859118687681
1314,0.2394,38,45,38,598917,6693,102296,5660,0.061997480455000184,0.4581882943414555
1315,0.2395,21,27,21,598944,6666,102317,5639,0.06174737856163622,0.45826899634295004
1316,0.2396,23,34,23,598978,6632,102340,5616,0.06143243543665938,0.45852384062704116
1317,0.2397,30,48,30,599026,6584,102370,5586,0.06098780984845678,0.4589975349219392
1318,0.2398,26,27,26,599053,6557,102396,5560,0.06073770795509281,0.4588594536601469
1319,0.2399,18,31,18,599084,6526,102414,5542,0.060450553929378634,0.4592310241962214
1320,0.24,33,31,33,599115,6495,102447,5509,0.060163399903664455,0.4589303565478174
1321,0.2401,24,24,24,599139,6471,102471,5485,0.059941087109563154,0.45876547340247575
1322,0.2402,34,37,34,599176,6434,102505,5451,0.05959835488532365,0.45864535128313
1323,0.2403,30,39,30,599215,6395,102535,5421,0.059237096594909035,0.45878469871360866
1324,0.2404,13,30,13,599245,6365,102548,5408,0.05895920560228241,0.45935615391149237
1325,0.2405,20,33,20,599278,6332,102568,5388,0.05865352551039312,0.4597269624573379
1326,0.2406,26,37,26,599315,6295,102594,5362,0.05831079328615362,0.4599811272196963
1327,0.2407,26,35,26,599350,6260,102620,5336,0.05798658712808922,0.4601586754053122
1328,0.2408,22,37,22,599387,6223,102642,5314,0.05764385490384972,0.46060500996792925
1329,0.2409,23,37,23,599424,6186,102665,5291,0.05730112267961021,0.4610089744706805
1330,0.241,39,41,39,599465,6145,102704,5252,0.05692133832302049,0.46082302360270244
1331,0.2411,25,41,25,599506,6104,102729,5227,0.05654155396643077,0.4613008560586003
1332,0.2412,43,61,43,599567,6043,102772,5184,0.05597650894808996,0.46174400997595083
1333,0.2413,19,29,19,599596,6014,102791,5165,0.05570788098855089,0.4620270149387244
1334,0.2414,28,22,28,599618,5992,102819,5137,0.0555040942606247,0.4615868451792614
1335,0.2415,39,29,39,599647,5963,102858,5098,0.055235466301085626,0.46089865292469034
1336,0.2416,19,27,19,599674,5936,102877,5079,0.054985364407721664,0.4610985020426691
1337,0.2417,24,28,24,599702,5908,102901,5055,0.054725999481270146,0.4610964152148135
1338,0.2418,22,23,22,599725,5885,102923,5033,0.0545129497202564,0.4609818648104048
1339,0.2419,26,45,26,599770,5840,102949,5007,0.05409611323131646,0.4616022863464552
1340,0.242,29,44,29,599814,5796,102978,4978,0.053688539775464075,0.4620382402079079
1341,0.2421,29,55,29,599869,5741,103007,4949,0.053179072955648596,0.46295603367633303
1342,0.2422,34,55,34,599924,5686,103041,4915,0.052669606135833116,0.4636355060843317
1343,0.2423,27,33,27,599957,5653,103068,4888,0.052363926043943826,0.46371312019732475
1344,0.2424,40,56,40,600013,5597,103108,4848,0.0518451961910408,0.46414552417424604
1345,0.2425,27,46,27,600059,5551,103135,4821,0.0514190966690133,0.4648091014269186
1346,0.2426,36,47,36,600106,5504,103171,4785,0.050983734113898255,0.4650597725726504
1347,0.2427,33,54,33,600160,5450,103204,4752,0.05048353032717033,0.46579102136835915
1348,0.2428,30,33,30,600193,5417,103234,4722,0.05017785023528104,0.4657264029983233
1349,0.2429,31,42,31,600235,5375,103265,4691,0.04978880284560377,0.4660242400158951
1350,0.243,24,28,24,600263,5347,103289,4667,0.04952943791915225,0.4660475334531656
1351,0.2431,40,51,40,600314,5296,103329,4627,0.04905702323168698,0.4662904363599718
1352,0.2432,30,30,30,600344,5266,103359,4597,0.04877913223906036,0.4660853695630133
1353,0.2433,37,49,37,600393,5217,103396,4560,0.0483252436177702,0.4664007364222154
1354,0.2434,38,49,38,600442,5168,103434,4522,0.04787135499648005,0.4666666666666667
1355,0.2435,37,46,37,600488,5122,103471,4485,0.04744525547445255,0.4668470906630582
1356,0.2436,23,42,23,600530,5080,103494,4462,0.04705620808477528,0.4676168518130371
1357,0.2437,33,72,33,600602,5008,103527,4429,0.04638926970247138,0.46932287803327327
1358,0.2438,25,47,25,600649,4961,103552,4404,0.04595390714735633,0.4702616123865456
1359,0.2439,31,43,31,600692,4918,103583,4373,0.0455555967245915,0.47067054138413517
1360,0.244,31,43,31,600735,4875,103614,4342,0.04515728630182667,0.4710860366713681
1361,0.2441,38,47,38,600782,4828,103652,4304,0.04472192374671162,0.4713096802452913
1362,0.2442,22,21,22,600803,4807,103674,4282,0.04452740005187299,0.47111893497634505
1363,0.2443,36,41,36,600844,4766,103710,4246,0.04414761569528326,0.4711495783399911
1364,0.2444,28,35,28,600879,4731,103738,4218,0.04382340953721887,0.4713375796178344
1365,0.2445,30,38,30,600917,4693,103768,4188,0.04347141427989181,0.47156851705888975
1366,0.2446,39,46,39,600963,4647,103807,4149,0.043045314757864314,0.4716916780354707
1367,0.2447,41,29,41,600992,4618,103848,4108,0.04277668679832524,0.47077698831079534
1368,0.2448,23,27,23,601019,4591,103871,4085,0.04252658490496128,0.47083909635776855
1369,0.2449,22,31,22,601050,4560,103893,4063,0.0422394308792471,0.4711817232981561
1370,0.245,36,32,36,601082,4528,103929,4027,0.041943013820445366,0.470718877849211
1371,0.2451,21,18,21,601100,4510,103950,4006,0.04177627922486939,0.4704086425551902
1372,0.2452,28,35,28,601135,4475,103978,3978,0.041452073066805,0.47060215308174613
1373,0.2453,41,37,41,601172,4438,104019,3937,0.04110934084256549,0.470089552238806
1374,0.2454,26,42,26,601214,4396,104045,3911,0.04072029345288821,0.47080775249789336
1375,0.2455,23,38,23,601252,4358,104068,3888,0.040368298195561154,0.47150133398011157
1376,0.2456,28,43,28,601295,4315,104096,3860,0.039969987772796325,0.47217125382263
1377,0.2457,30,35,30,601330,4280,104126,3830,0.03964578161473193,0.4722564734895191
1378,0.2458,23,19,23,601349,4261,104149,3807,0.039469783986068395,0.471864154685176
1379,0.2459,25,30,25,601379,4231,104174,3782,0.03919189299344177,0.4719830275801822
1380,0.246,35,30,35,601409,4201,104209,3747,0.03891400200081515,0.47143935581278307
1381,0.2461,20,26,20,601435,4175,104229,3727,0.03867316314053874,0.4716527461402177
1382,0.2462,21,29,21,601464,4146,104250,3706,0.03840453518099966,0.4719816607233826
1383,0.2463,26,43,26,601507,4103,104276,3680,0.038006224758234834,0.47282538866760887
1384,0.2464,27,36,27,601543,4067,104303,3653,0.03767275556708288,0.47318652849740933
1385,0.2465,26,29,26,601572,4038,104329,3627,0.037404127607543816,0.4731898238747554
1386,0.2466,19,28,19,601600,4010,104348,3608,0.0371447626810923,0.4736151220792859
1387,0.2467,16,22,16,601622,3988,104364,3592,0.0369409759531661,0.47387862796833774
1388,0.2468,23,18,23,601640,3970,104387,3569,0.03677424135759013,0.47340496087014194
1389,0.2469,31,48,31,601688,3922,104418,3538,0.03632961576938753,0.4742627345844504
1390,0.247,27,48,27,601736,3874,104445,3511,0.03588499018118493,0.4754231550440081
1391,0.2471,22,28,22,601764,3846,104467,3489,0.03562562525473341,0.4756646216768916
1392,0.2472,9,24,9,601788,3822,104476,3480,0.03540331246063211,0.47658175842235007
1393,0.2473,30,40,30,601828,3782,104506,3450,0.03503279113712994,0.47704646017699115
1394,0.2474,14,19,14,601847,3763,104520,3436,0.03485679350846641,0.4772885122933741
1395,0.2475,20,19,20,601866,3744,104540,3416,0.034680795879802884,0.4770949720670391
1396,0.2476,20,26,20,601892,3718,104560,3396,0.03443995701952647,0.4773685690188361
1397,0.2477,25,26,25,601918,3692,104585,3371,0.034199118159250065,0.47727594506583604
1398,0.2478,24,17,24,601935,3675,104609,3347,0.03404164659676164,0.4766448305326118
1399,0.2479,28,28,28,601963,3647,104637,3319,0.033782281670310124,0.47645707723227104
1400,0.248,36,30,36,601993,3617,104673,3283,0.0335043906776835,0.47579710144927534
1401,0.2481,22,25,22,602018,3592,104695,3261,0.033272814850494645,0.4758499927039253
1402,0.2482,29,27,29,602045,3565,104724,3232,0.03302271295713068,0.47550389877887306
1403,0.2483,28,37,28,602082,3528,104752,3204,0.032679980732891176,0.47593582887700536
1404,0.2484,23,20,23,602102,3508,104775,3181,0.03249472007114009,0.4755568844371356
1405,0.2485,16,17,16,602119,3491,104791,3165,0.032337248508651675,0.4755108173076923
1406,0.2486,26,25,26,602144,3466,104817,3139,0.03210567268146282,0.4752460257380772
1407,0.2487,33,27,33,602171,3439,104850,3106,0.03185557078809886,0.4745607333842628
1408,0.2488,25,40,25,602211,3399,104875,3081,0.03148504946459669,0.475462962962963
1409,0.2489,17,24,17,602235,3375,104892,3064,0.03126273667049539,0.4758502873116944
1410,0.249,24,20,24,602255,3355,104916,3040,0.031077476008744304,0.47537138389366695
1411,0.2491,25,26,25,602281,3329,104941,3015,0.030836637148467894,0.47525220680958385
1412,0.2492,25,29,25,602310,3300,104966,2990,0.030568009188928824,0.4753577106518283
1413,0.2493,18,31,18,602341,3269,104984,2972,0.030280855163214642,0.47620573626021473
1414,0.2494,30,37,30,602378,3232,105014,2942,0.029938122938975138,0.4765144152899255
1415,0.2495,26,31,26,602409,3201,105040,2916,0.02965096891326096,0.4767042667974497
1416,0.2496,30,33,30,602442,3168,105070,2886,0.02934528882137167,0.4767096134786918
1417,0.2497,25,23,25,602465,3145,105095,2861,0.029132239060357924,0.4763569763569764
1418,0.2498,20,23,20,602488,3122,105115,2841,0.028919189299344176,0.4764380345463693
1419,0.2499,27,21,27,602509,3101,105142,2814,0.02872466560450554,0.4757396449704142
1420,0.25,26,25,26,602534,3076,105168,2788,0.028493089777316686,0.47544338335607095
1421,0.2501,19,24,19,602558,3052,105187,2769,0.028270776983215385,0.4756914619481189
1422,0.2502,25,30,25,602588,3022,105212,2744,0.02799288599058876,0.47589316684009714
1423,0.2503,27,40,27,602628,2982,105239,2717,0.02762236466708659,0.476750307071416
1424,0.2504,38,37,38,602665,2945,105277,2679,0.027279632442847087,0.47635135135135137
1425,0.2505,26,35,26,602700,2910,105303,2653,0.026955426284782688,0.4769009527233507
1426,0.2506,24,25,24,602725,2885,105327,2629,0.026723850457593835,0.4767863619876678
1427,0.2507,18,33,18,602758,2852,105345,2611,0.026418170365704548,0.47794252242357677
1428,0.2508,39,30,39,602788,2822,105384,2572,0.02614027937307792,0.4768261030774935
1429,0.2509,29,23,29,602811,2799,105413,2543,0.025927229612064173,0.4760389367278173
1430,0.251,31,30,31,602841,2769,105444,2512,0.025649338619437547,0.47566748721832985
1431,0.2511,22,19,22,602860,2750,105466,2490,0.02547334099077402,0.4751908396946565
1432,0.2512,25,31,25,602891,2719,105491,2465,0.02518618696505984,0.47550154320987653
1433,0.2513,30,22,30,602913,2697,105521,2435,0.024982400237133648,0.47447388932190177
1434,0.2514,36,36,36,602949,2661,105557,2399,0.024648931045981697,0.4741106719367589
1435,0.2515,25,34,25,602983,2627,105582,2374,0.024333987921004854,0.47470505898820237
1436,0.2516,26,35,26,603018,2592,105608,2348,0.024009781762940458,0.47530364372469636
1437,0.2517,11,24,11,603042,2568,105619,2337,0.023787468968839157,0.4764525993883792
1438,0.2518,23,30,23,603072,2538,105642,2314,0.02350957797621253,0.476916735366859
1439,0.2519,26,23,26,603095,2515,105668,2288,0.023296528215198786,0.4763689360816157
1440,0.252,30,33,30,603128,2482,105698,2258,0.022990848123309496,0.47637130801687766
1441,0.2521,33,38,33,603166,2444,105731,2225,0.022638852865982436,0.4765474405654316
1442,0.2522,29,36,29,603202,2408,105760,2196,0.022305383674830488,0.4769765421372719
1443,0.2523,16,26,16,603228,2382,105776,2180,0.02206454481455408,0.4778605874616396
1444,0.2524,13,8,13,603236,2374,105789,2167,0.021990440549853645,0.47720766351024
1445,0.2525,22,11,22,603247,2363,105811,2145,0.021888547185890547,0.4758207630878438
1446,0.2526,14,22,14,603269,2341,105825,2131,0.021684760457964355,0.47652057245080504
1447,0.2527,21,27,21,603296,2314,105846,2110,0.021434658564600393,0.4769439421338155
1448,0.2528,29,17,29,603313,2297,105875,2081,0.02127718700211197,0.4753312014618547
1449,0.2529,24,17,24,603330,2280,105899,2057,0.02111971543962355,0.47429098455153335
1450,0.253,23,18,23,603348,2262,105922,2034,0.020952980844047574,0.473463687150838
1451,0.2531,19,25,19,603373,2237,105941,2015,0.02072140501685872,0.47389463781749763
1452,0.2532,11,10,11,603383,2227,105952,2004,0.02062877468598318,0.47364689198770976
1453,0.2533,13,17,13,603400,2210,105965,1991,0.020471303123494756,0.4739347774339443
1454,0.2534,15,14,15,603414,2196,105980,1976,0.020341620660268997,0.473633748801534
1455,0.2535,18,34,18,603448,2162,105998,1958,0.020026677535292157,0.47524271844660193
1456,0.2536,13,26,13,603474,2136,106011,1945,0.019785838675015748,0.4765988728252879
1457,0.2537,17,19,17,603493,2117,106028,1928,0.019609841046352217,0.4766378244746601
1458,0.2538,19,27,19,603520,2090,106047,1909,0.019359739152988255,0.47736934233558387
1459,0.2539,9,13,9,603533,2077,106056,1900,0.01923931972285005,0.4777470455116922
1460,0.254,11,19,11,603552,2058,106067,1889,0.01906332209418652,0.4785913351912845
1461,0.2541,23,26,23,603578,2032,106090,1866,0.01882248323391011,0.4787070292457671
1462,0.2542,22,14,22,603592,2018,106112,1844,0.018692800770684352,0.47747281201450026
1463,0.2543,10,18,10,603610,2000,106122,1834,0.018526066175108376,0.47835159102764735
1464,0.2544,20,20,20,603630,1980,106142,1814,0.018340805513357292,0.47812335266209804
1465,0.2545,19,14,19,603644,1966,106161,1795,0.018211123050131534,0.4772666843924488
1466,0.2546,19,21,19,603665,1945,106180,1776,0.018016599355292897,0.47729105079279766
1467,0.2547,21,20,21,603685,1925,106201,1755,0.017831338693541813,0.47690217391304346
1468,0.2548,17,18,17,603703,1907,106218,1738,0.017664604097965837,0.47681755829903977
1469,0.2549,14,19,14,603722,1888,106232,1724,0.01748860646930231,0.47729789590254706
1470,0.255,16,25,16,603747,1863,106248,1708,0.017257030642113452,0.4782973956874825
1471,0.2551,19,24,19,603771,1839,106267,1689,0.01703471784801215,0.47874149659863946
1472,0.2552,11,10,11,603781,1829,106278,1678,0.016942087517136613,0.478471628172227
1473,0.2553,24,21,24,603802,1808,106302,1654,0.016747563822297973,0.4777585210860774
1474,0.2554,14,23,14,603825,1785,106316,1640,0.016534514061284228,0.47883211678832116
1475,0.2555,5,18,5,603843,1767,106321,1635,0.016367779465708252,0.48059964726631393
1476,0.2556,15,19,15,603862,1748,106336,1620,0.01619178183704472,0.4809976247030879
1477,0.2557,29,27,29,603889,1721,106365,1591,0.01594167994368076,0.4803743961352657
1478,0.2558,15,10,15,603899,1711,106380,1576,0.015849049612805217,0.47946455734712506
1479,0.2559,25,16,25,603915,1695,106405,1551,0.01570084108340435,0.477818853974122
1480,0.256,20,21,20,603936,1674,106425,1531,0.015506317388565711,0.4776911076443058
1481,0.2561,25,15,25,603951,1659,106450,1506,0.0153673718922524,0.4758293838862559
1482,0.2562,16,17,16,603968,1642,106466,1490,0.015209900329763978,0.47573435504469985
1483,0.2563,16,16,16,603984,1626,106482,1474,0.015061691800363111,0.4754838709677419
1484,0.2564,15,18,15,604002,1608,106497,1459,0.014894957204787136,0.4757091620476035
1485,0.2565,15,18,15,604020,1590,106512,1444,0.01472822260921116,0.4759393539881345
1486,0.2566,13,16,13,604036,1574,106525,1431,0.014580014079810293,0.4762063227953411
1487,0.2567,14,14,14,604050,1560,106539,1417,0.014450331616584534,0.4759825327510917
1488,0.2568,6,15,6,604065,1545,106545,1411,0.014311386120271222,0.47733423545331527
1489,0.2569,11,6,11,604071,1539,106556,1400,0.014255807921745897,0.47635250085062947
1490,0.257,20,26,20,604097,1513,106576,1380,0.014014969061469488,0.47701348081576217
1491,0.2571,12,9,12,604106,1504,106588,1368,0.0139316017636815,0.4763231197771588
1492,0.2572,19,23,19,604129,1481,106607,1349,0.013718552002667753,0.476678445229682
1493,0.2573,9,22,9,604151,1459,106616,1340,0.01351476527474156,0.47874240800285817
1494,0.2574,13,13,13,604164,1446,106629,1327,0.013394345844603356,0.47854309412188967
1495,0.2575,12,16,12,604180,1430,106641,1315,0.01324613731520249,0.4790528233151184
1496,0.2576,14,11,14,604191,1419,106655,1301,0.013144243951239394,0.4783088235294118
1497,0.2577,22,23,22,604214,1396,106677,1279,0.012931194190225648,0.47813084112149534
1498,0.2578,11,19,11,604233,1377,106688,1268,0.012755196561562118,0.4793950850661626
1499,0.2579,12,5,12,604238,1372,106700,1256,0.012708881396124347,0.4779299847792998
1500,0.258,20,19,20,604257,1353,106720,1236,0.012532883767460817,0.47740440324449596
1501,0.2581,11,33,11,604290,1320,106731,1225,0.01222720367557153,0.481335952848723
1502,0.2582,17,16,17,604306,1304,106748,1208,0.012078995146170663,0.48089171974522293
1503,0.2583,12,11,12,604317,1293,106760,1196,0.011977101782207566,0.48051426275612696
1504,0.2584,13,21,13,604338,1272,106773,1183,0.011782578087368928,0.48187372708757636
1505,0.2585,9,23,9,604361,1249,106782,1174,0.011569528326355182,0.4845233182005778
1506,0.2586,18,15,18,604376,1234,106800,1156,0.011430582830041868,0.48368200836820086
1507,0.2587,21,16,21,604392,1218,106821,1135,0.011282374300641001,0.48236294092647686
1508,0.2588,21,16,21,604408,1202,106842,1114,0.011134165771240136,0.48100172711571676
1509,0.2589,25,31,25,604439,1171,106867,1089,0.010847011745525955,0.481858407079646
1510,0.259,12,20,12,604459,1151,106879,1077,0.010661751083774871,0.4833931777378815
1511,0.2591,15,16,15,604475,1135,106894,1062,0.010513542554374004,0.48338643604915793
1512,0.2592,17,23,17,604498,1112,106911,1045,0.010300492793360257,0.48446917014371815
1513,0.2593,6,10,6,604508,1102,106917,1039,0.010207862462484715,0.4852872489490892
1514,0.2594,19,12,19,604520,1090,106936,1020,0.010096706065434067,0.4834123222748815
1515,0.2595,19,15,19,604535,1075,106955,1001,0.009957760569120754,0.4821772639691715
1516,0.2596,24,21,24,604556,1054,106979,977,0.009763236874282115,0.4810438207779419
1517,0.2597,16,21,16,604577,1033,106995,961,0.009568713179443477,0.4819458375125376
1518,0.2598,13,17,13,604594,1016,107008,948,0.009411241616955055,0.48268839103869654
1519,0.2599,19,15,19,604609,1001,107027,929,0.009272296120641742,0.4813471502590674
1520,0.26,8,17,8,604626,984,107035,921,0.009114824558153321,0.48346456692913387
1521,0.2601,15,10,15,604636,974,107050,906,0.00902219422727778,0.4819148936170213
1522,0.2602,18,24,18,604660,950,107068,888,0.00879988143317648,0.48313384113166485
1523,0.2603,14,23,14,604683,927,107082,874,0.008586831672162733,0.4852859522487507
1524,0.2604,14,17,14,604700,910,107096,860,0.008429360109674312,0.4858757062146893
1525,0.2605,11,7,11,604707,903,107107,849,0.008364518878061432,0.4845890410958904
1526,0.2606,7,8,7,604715,895,107114,842,0.008290414613360999,0.48474381116868165
1527,0.2607,5,15,5,604730,880,107119,837,0.008151469117047686,0.48747815958066393
1528,0.2608,16,9,16,604739,871,107135,821,0.008068101819259698,0.4852245862884161
1529,0.2609,15,12,15,604751,859,107150,806,0.007956945422209049,0.4840840840840841
1530,0.261,5,17,5,604768,842,107155,801,0.007799473859720627,0.48752282410225195
1531,0.2611,8,9,8,604777,833,107163,793,0.007716106561932639,0.48769987699877
1532,0.2612,8,18,8,604795,815,107171,785,0.007549371966356664,0.490625
1533,0.2613,8,9,8,604804,806,107179,777,0.007466004668568676,0.490840176879343
1534,0.2614,20,18,20,604822,788,107199,757,0.0072992700729927005,0.4899676375404531
1535,0.2615,8,9,8,604831,779,107207,749,0.007215902775204713,0.49018324607329844
1536,0.2616,11,15,11,604846,764,107218,738,0.0070769572788914005,0.49134487350199735
1537,0.2617,15,12,15,604858,752,107233,723,0.00696580088184075,0.4901694915254237
1538,0.2618,15,11,15,604869,741,107248,708,0.006863907517877654,0.4886128364389234
1539,0.2619,15,10,15,604879,731,107263,693,0.006771277187002112,0.4866573033707865
1540,0.262,11,9,11,604888,722,107274,682,0.006687909889214124,0.48575498575498577
1541,0.2621,4,5,4,604893,717,107278,678,0.006641594723776354,0.4860215053763441
1542,0.2622,13,10,13,604903,707,107291,665,0.006548964392900812,0.4846938775510204
1543,0.2623,7,9,7,604912,698,107298,658,0.006465597095112824,0.48525073746312686
1544,0.2624,16,13,16,604925,685,107314,642,0.006345177664974619,0.48379804069329313
1545,0.2625,8,9,8,604934,676,107322,634,0.006261810367186631,0.48396946564885496
1546,0.2626,8,10,8,604944,666,107330,626,0.006169180036311089,0.4845201238390093
1547,0.2627,14,14,14,604958,652,107344,612,0.006039497573085331,0.48417721518987344
1548,0.2628,7,10,7,604968,642,107351,605,0.005946867242209789,0.48516439454691257
1549,0.2629,14,14,14,604982,628,107365,591,0.0058171847789840305,0.48482362592288764
1550,0.263,13,13,13,604995,615,107378,578,0.005696765348845826,0.4844928751047779
1551,0.2631,7,16,7,605011,599,107385,571,0.005548556819444959,0.488034188034188
1552,0.2632,5,20,5,605031,579,107390,566,0.005363296157693875,0.4943231441048035
1553,0.2633,16,10,16,605041,569,107406,550,0.005270665826818333,0.4915102770330652
1554,0.2634,11,17,11,605058,552,107417,539,0.005113194264329912,0.4940421631530706
1555,0.2635,17,10,17,605068,542,107434,522,0.005020563933454371,0.4906015037593985
1556,0.2636,11,9,11,605077,533,107445,511,0.004937196635666383,0.48946360153256707
1557,0.2637,12,8,12,605085,525,107457,499,0.004863092370965949,0.4873046875
1558,0.2638,9,10,9,605095,515,107466,490,0.004770462040090407,0.48756218905472637
1559,0.2639,7,6,7,605101,509,107473,483,0.004714883841565082,0.48689516129032256
1560,0.264,5,8,5,605109,501,107478,478,0.004640779576864648,0.4882533197139939
1561,0.2641,8,16,8,605125,485,107486,470,0.004492571047463782,0.49214659685863876
1562,0.2642,8,8,8,605133,477,107494,462,0.004418466782763348,0.49201277955271566
1563,0.2643,14,9,14,605142,468,107508,448,0.0043350994849753605,0.4890829694323144
1564,0.2644,10,7,10,605149,461,107518,438,0.004270258253362481,0.4872080088987764
1565,0.2645,8,15,8,605164,446,107526,430,0.004131312757049168,0.4908675799086758
1566,0.2646,6,2,6,605166,444,107532,424,0.00411278669087406,0.48847926267281105
1567,0.2647,9,12,9,605178,432,107541,415,0.004001630293823409,0.4899645808736718
1568,0.2648,18,19,18,605197,413,107559,397,0.00382563266515988,0.4901234567901235
1569,0.2649,7,5,7,605202,408,107566,390,0.003779317499722109,0.48872180451127817
1570,0.265,4,10,4,605212,398,107570,386,0.003686687168846567,0.4923469387755102
1571,0.2651,5,4,5,605216,394,107575,381,0.0036496350364963502,0.4916129032258065
1572,0.2652,5,3,5,605219,391,107580,376,0.0036218459372336876,0.49022164276401564
1573,0.2653,8,10,8,605229,381,107588,368,0.003529215606358146,0.49132176234979974
1574,0.2654,8,1,8,605230,380,107596,360,0.003519952573270592,0.4864864864864865
1575,0.2655,5,2,5,605232,378,107601,355,0.0035014265070954834,0.4843110504774898
1576,0.2656,7,3,7,605235,375,107608,348,0.003473637407832821,0.48132780082987553
1577,0.2657,1,2,1,605237,373,107609,347,0.0034551113416577124,0.48194444444444445
1578,0.2658,11,2,11,605239,371,107620,336,0.003436585275482604,0.4752475247524752
1579,0.2659,4,6,4,605245,365,107624,332,0.0033810070769572788,0.4763271162123386
1580,0.266,5,2,5,605247,363,107629,327,0.0033624810107821704,0.47391304347826085
1581,0.2661,6,5,6,605252,358,107635,321,0.0033161658453443998,0.4727540500736377
1582,0.2662,10,1,10,605253,357,107645,311,0.0033069028122568456,0.4655688622754491
1583,0.2663,5,7,5,605260,350,107650,306,0.003242061580643966,0.46646341463414637
1584,0.2664,1,5,1,605265,345,107651,305,0.003195746415206195,0.46923076923076923
1585,0.2665,3,5,3,605270,340,107654,302,0.003149431249768424,0.470404984423676
1586,0.2666,6,4,6,605274,336,107660,296,0.0031123791174182073,0.46835443037974683
1587,0.2667,3,5,3,605279,331,107663,293,0.0030660639519804363,0.46955128205128205
1588,0.2668,0,1,0,605280,330,107663,293,0.0030568009188928825,0.47030497592295345
1589,0.2669,1,5,1,605285,325,107664,292,0.0030104857534551115,0.473257698541329
1590,0.267,9,5,9,605290,320,107673,283,0.0029641705880173405,0.4693200663349917
1591,0.2671,5,4,5,605294,316,107678,278,0.0029271184556671236,0.468013468013468
1592,0.2672,7,5,7,605299,311,107685,271,0.0028808032902293526,0.46563573883161513
1593,0.2673,3,3,3,605302,308,107688,268,0.00285301419096669,0.4652777777777778
1594,0.2674,7,3,7,605305,305,107695,261,0.0028252250917040274,0.46113074204946997
1595,0.2675,4,2,4,605307,303,107699,257,0.002806699025528919,0.4589285714285714
1596,0.2676,16,10,16,605317,293,107715,241,0.0027140686946533774,0.45131086142322097
1597,0.2677,6,6,6,605323,287,107721,235,0.002658490496128052,0.4501915708812261
1598,0.2678,2,2,2,605325,285,107723,233,0.0026399644299529438,0.4498069498069498
1599,0.2679,1,8,1,605333,277,107724,232,0.00256586016525251,0.45579567779960706
1600,0.268,6,3,6,605336,274,107730,226,0.0025380710659898475,0.452
1601,0.2681,6,2,6,605338,272,107736,220,0.0025195449998147395,0.44715447154471544
1602,0.2682,4,2,4,605340,270,107740,216,0.002501018933639631,0.4444444444444444
1603,0.2683,2,3,2,605343,267,107742,214,0.0024732298343769685,0.44490644490644493
1604,0.2684,6,1,6,605344,266,107748,208,0.0024639668012894143,0.4388185654008439
1605,0.2685,4,3,4,605347,263,107752,204,0.0024361777020267517,0.43683083511777304
1606,0.2686,3,4,3,605351,259,107755,201,0.002399125569676535,0.4369565217391304
1607,0.2687,2,3,2,605354,256,107757,199,0.0023713364704138723,0.43736263736263736
1608,0.2688,2,6,2,605360,250,107759,197,0.002315758271888547,0.4407158836689038
1609,0.2689,3,5,3,605365,245,107762,194,0.002269443106450776,0.4419134396355353
1610,0.269,4,6,4,605371,239,107766,190,0.0022138649079254513,0.4428904428904429
1611,0.2691,3,6,3,605377,233,107769,187,0.002158286709400126,0.4452380952380952
1612,0.2692,3,3,3,605380,230,107772,184,0.0021304976101374634,0.4444444444444444
1613,0.2693,9,8,9,605388,222,107781,175,0.00205639334543703,0.44080604534005036
1614,0.2694,3,1,3,605389,221,107784,172,0.0020471303123494756,0.43765903307888043
1615,0.2695,5,3,5,605392,218,107789,167,0.002019341213086813,0.43376623376623374
1616,0.2696,1,4,1,605396,214,107790,166,0.0019822890807365966,0.4368421052631579
1617,0.2697,4,1,4,605397,213,107794,162,0.0019730260476490424,0.432
1618,0.2698,1,5,1,605402,208,107795,161,0.0019267108822112714,0.4363143631436314
1619,0.2699,3,3,3,605405,205,107798,158,0.0018989217829486088,0.43526170798898073
1620,0.27,0,1,0,605406,204,107798,158,0.0018896587498610545,0.43646408839779005
1621,0.2701,2,1,2,605407,203,107800,156,0.0018803957167735003,0.43454038997214484
1622,0.2702,0,10,0,605417,193,107800,156,0.0017877653858979585,0.4469914040114613
1623,0.2703,10,6,10,605423,187,107810,146,0.0017321871873726333,0.43843843843843844
1624,0.2704,3,3,3,605426,184,107813,143,0.0017043980881099707,0.43730886850152906
1625,0.2705,5,3,5,605429,181,107818,138,0.001676608988847308,0.43260188087774293
1626,0.2706,8,15,8,605444,166,107826,130,0.0015376634925339952,0.4391891891891892
1627,0.2707,6,6,6,605450,160,107832,124,0.0014820852940086702,0.43661971830985913
1628,0.2708,2,4,2,605454,156,107834,122,0.0014450331616584534,0.43884892086330934
1629,0.2709,0,4,0,605458,152,107834,122,0.0014079810293082366,0.44525547445255476
1630,0.271,1,1,1,605459,151,107835,121,0.0013987179962206824,0.44485294117647056
1631,0.2711,2,6,2,605465,145,107837,119,0.0013431397976953574,0.45075757575757575
1632,0.2712,1,1,1,605466,144,107838,118,0.0013338767646078032,0.45038167938931295
1633,0.2713,4,4,4,605470,140,107842,114,0.0012968246322575864,0.44881889763779526
1634,0.2714,3,4,3,605474,136,107845,111,0.0012597724999073698,0.4493927125506073
1635,0.2715,4,4,4,605478,132,107849,107,0.001222720367557153,0.4476987447698745
1636,0.2716,1,2,1,605480,130,107850,106,0.0012041943013820445,0.4491525423728814
1637,0.2717,5,5,5,605485,125,107855,101,0.0011578791359442735,0.4469026548672566
1638,0.2718,1,3,1,605488,122,107856,100,0.0011300900366816111,0.45045045045045046
1639,0.2719,4,6,4,605494,116,107860,96,0.001074511838156286,0.4528301886792453
1640,0.272,6,8,6,605502,108,107866,90,0.0010004075734558523,0.45454545454545453
1641,0.2721,1,5,1,605507,103,107867,89,0.0009540924080180815,0.4635416666666667
1642,0.2722,0,3,0,605510,100,107867,89,0.0009263033087554189,0.4708994708994709
1643,0.2723,0,2,0,605512,98,107867,89,0.0009077772425803105,0.47593582887700536
1644,0.2724,2,2,2,605514,96,107869,87,0.0008892511764052022,0.47540983606557374
1645,0.2725,5,2,5,605516,94,107874,82,0.0008707251102300938,0.4659090909090909
1646,0.2726,1,1,1,605517,93,107875,81,0.0008614620771425395,0.46551724137931033
1647,0.2727,1,2,1,605519,91,107876,80,0.0008429360109674311,0.4678362573099415
1648,0.2728,6,4,6,605523,87,107882,74,0.0008058838786172144,0.45962732919254656
1649,0.2729,0,3,0,605526,84,107882,74,0.0007780947793545518,0.46835443037974683
1650,0.273,1,2,1,605528,82,107883,73,0.0007595687131794435,0.47096774193548385
1651,0.2731,1,1,1,605529,81,107884,72,0.0007503056800918893,0.47058823529411764
1652,0.2732,2,1,2,605530,80,107886,70,0.0007410426470043351,0.4666666666666667
1653,0.2733,3,6,3,605536,74,107889,67,0.00068546444847901,0.475177304964539
1654,0.2734,1,3,1,605539,71,107890,66,0.0006576753492163474,0.48175182481751827
1655,0.2735,4,1,4,605540,70,107894,62,0.0006484123161287932,0.4696969696969697
1656,0.2736,1,1,1,605541,69,107895,61,0.000639149283041239,0.46923076923076923
1657,0.2737,1,2,1,605543,67,107896,60,0.0006206232168661307,0.47244094488188976
1658,0.2738,1,1,1,605544,66,107897,59,0.0006113601837785765,0.472
1659,0.2739,1,2,1,605546,64,107898,58,0.0005928341176034681,0.47540983606557374
1660,0.274,4,5,4,605551,59,107902,54,0.0005465189521656972,0.4778761061946903
1661,0.2741,1,8,1,605559,51,107903,53,0.00047241468746526364,0.5096153846153846
1662,0.2742,2,1,2,605560,50,107905,51,0.00046315165437770943,0.504950495049505
1663,0.2743,2,4,2,605564,46,107907,49,0.00042609952202749267,0.5157894736842106
1664,0.2744,1,1,1,605565,45,107908,48,0.00041683648893993847,0.5161290322580645
1665,0.2745,1,2,1,605567,43,107909,47,0.0003983104227648301,0.5222222222222223
1666,0.2746,0,2,0,605569,41,107909,47,0.00037978435658972176,0.5340909090909091
1667,0.2747,1,6,1,605575,35,107910,46,0.0003242061580643966,0.5679012345679012
1668,0.2748,4,1,4,605576,34,107914,42,0.00031494312497684244,0.5526315789473685
1669,0.2749,2,1,2,605577,33,107916,40,0.00030568009188928824,0.547945205479452
1670,0.275,1,3,1,605580,30,107917,39,0.0002778909926266257,0.5652173913043478
1671,0.2751,3,3,3,605583,27,107920,36,0.00025010189336396307,0.5714285714285714
1672,0.2752,2,1,2,605584,26,107922,34,0.00024083886027640892,0.5666666666666667
1673,0.2753,2,0,2,605584,26,107924,32,0.00024083886027640892,0.5517241379310345
1674,0.2755,2,1,2,605585,25,107926,30,0.00023157582718885472,0.5454545454545454
1675,0.2756,2,3,2,605588,22,107928,28,0.00020378672792619216,0.56
1676,0.2757,1,2,1,605590,20,107929,27,0.00018526066175108378,0.574468085106383
1677,0.2758,2,0,2,605590,20,107931,25,0.00018526066175108378,0.5555555555555556
1678,0.2759,2,0,2,605590,20,107933,23,0.00018526066175108378,0.5348837209302325
1679,0.276,5,0,5,605590,20,107938,18,0.00018526066175108378,0.47368421052631576
1680,0.2761,0,1,0,605591,19,107938,18,0.00017599762866352957,0.4864864864864865
1681,0.2762,0,1,0,605592,18,107938,18,0.0001667345955759754,0.5
1682,0.2764,2,1,2,605593,17,107940,16,0.00015747156248842122,0.48484848484848486
1683,0.2765,1,1,1,605594,16,107941,15,0.00014820852940086702,0.4838709677419355
1684,0.2766,0,2,0,605596,14,107941,15,0.00012968246322575864,0.5172413793103449
1685,0.2767,1,0,1,605596,14,107942,14,0.00012968246322575864,0.5
1686,0.2769,1,0,1,605596,14,107943,13,0.00012968246322575864,0.48148148148148145
1687,0.2771,1,1,1,605597,13,107944,12,0.00012041943013820446,0.48
1688,0.2772,1,1,1,605598,12,107945,11,0.00011115639705065027,0.4782608695652174
1689,0.2773,3,1,3,605599,11,107948,8,0.00010189336396309608,0.42105263157894735
1690,0.2775,0,2,0,605601,9,107948,8,8.33672977879877e-05,0.47058823529411764
1691,0.2778,1,0,1,605601,9,107949,7,8.33672977879877e-05,0.4375
1692,0.2779,0,2,0,605603,7,107949,7,6.484123161287932e-05,0.5
1693,0.2781,0,1,0,605604,6,107949,7,5.5578198525325135e-05,0.5384615384615384
1694,0.2782,1,0,1,605604,6,107950,6,5.5578198525325135e-05,0.5
1695,0.2784,1,0,1,605604,6,107951,5,5.5578198525325135e-05,0.45454545454545453
1696,0.2785,1,1,1,605605,5,107952,4,4.6315165437770945e-05,0.4444444444444444
1697,0.2786,1,0,1,605605,5,107953,3,4.6315165437770945e-05,0.375
1698,0.2787,1,0,1,605605,5,107954,2,4.6315165437770945e-05,0.2857142857142857
1699,0.2788,0,1,0,605606,4,107954,2,3.7052132350216754e-05,0.3333333333333333
1700,0.2794,1,0,1,605606,4,107955,1,3.7052132350216754e-05,0.2
1701,0.2833,0,1,0,605607,3,107955,1,2.7789099262662567e-05,0.25
1702,0.2839,1,0,1,605607,3,107956,0,2.7789099262662567e-05,0.0
1703,0.2841,0,1,0,605608,2,107956,0,1.8526066175108377e-05,0.0
1704,0.2847,0,2,0,605610,0,107956,0,0.0,
