p,Neg,Pos,mPrec,TN,FP,FN,TP,Prec,Rec,FP/P,$\hat{p}$
0.0,20,0,0.00,20,"605,590",0,"107,956",0.15,1.00,5.61,1.00
0.1,"133,586","5,446",0.04,"133,606","472,004","5,446","102,510",0.18,0.95,4.37,0.81
0.2,"277,789","37,103",0.12,"411,395","194,215","42,549","65,407",0.25,0.61,1.80,0.36
0.3,"99,836","23,785",0.19,"511,231","94,379","66,334","41,622",0.31,0.39,0.87,0.19
0.4,"37,267","10,629",0.22,"548,498","57,112","76,963","30,993",0.35,0.29,0.53,0.12
0.5,"15,335","5,490",0.26,"563,833","41,777","82,453","25,503",0.38,0.24,0.39,0.09
0.6,"14,877","5,910",0.28,"578,710","26,900","88,363","19,593",0.42,0.18,0.25,0.07
0.7,"17,941","11,179",0.38,"596,651","8,959","99,542","8,414",0.48,0.08,0.08,0.02
0.8,"7,345","5,616",0.43,"603,996","1,614","105,158","2,798",0.63,0.03,0.01,0.01
0.9,"1,402","2,180",0.61,"605,398",212,"107,338",618,0.74,0.01,0.00,0.00
1.0,212,618,0.74,"605,610",0,"107,956",0,nan,0.00,0.00,0.00
