p,Neg,Pos,$\frac{\text{Pos}}{\text{Neg}+\text{Pos}}$,TN,FP,FN,TP,Prec,Rec,$\frac{\text{FP}}{\text{P}}$
0.0,"30,281","1,401",0.04,"30,281","575,329","1,401","106,555",0.16,0.99,5.33
0.05,"44,675","2,585",0.05,"74,956","530,654","3,986","103,970",0.16,0.96,4.92
0.1,"31,584","2,249",0.07,"106,540","499,070","6,235","101,721",0.17,0.94,4.62
0.15,"18,841","1,455",0.07,"125,381","480,229","7,690","100,266",0.17,0.93,4.45
0.2,"21,348","1,953",0.08,"146,729","458,881","9,643","98,313",0.18,0.91,4.25
0.25,"65,507","6,473",0.09,"212,236","393,374","16,116","91,840",0.19,0.85,3.64
0.3,"132,330","18,110",0.12,"344,566","261,044","34,226","73,730",0.22,0.68,2.42
0.35,"82,583","15,486",0.16,"427,149","178,461","49,712","58,244",0.25,0.54,1.65
0.4,"35,646","7,054",0.17,"462,795","142,815","56,766","51,190",0.26,0.47,1.32
0.45,"26,295","5,848",0.18,"489,090","116,520","62,614","45,342",0.28,0.42,1.08
0.5,"30,576","7,376",0.19,"519,666","85,944","69,990","37,966",0.31,0.35,0.80
0.55,"19,602","5,458",0.22,"539,268","66,342","75,448","32,508",0.33,0.30,0.61
0.6,"18,716","6,122",0.25,"557,984","47,626","81,570","26,386",0.36,0.24,0.44
0.65,"8,069","3,026",0.27,"566,053","39,557","84,596","23,360",0.37,0.22,0.37
0.7,"4,875","1,872",0.28,"570,928","34,682","86,468","21,488",0.38,0.20,0.32
0.75,"5,551","2,292",0.29,"576,479","29,131","88,760","19,196",0.40,0.18,0.27
0.8,"5,624","2,662",0.32,"582,103","23,507","91,422","16,534",0.41,0.15,0.22
0.85,"5,643","3,101",0.35,"587,746","17,864","94,523","13,433",0.43,0.12,0.17
0.9,"5,265","3,175",0.38,"593,011","12,599","97,698","10,258",0.45,0.10,0.12
0.95,"3,936","2,683",0.41,"596,947","8,663","100,381","7,575",0.47,0.07,0.08
1.0,"8,663","7,575",0.47,"605,610",0,"107,956",0,nan,0.00,0.00
