,y_proba,y_test,Neg,Pos,TN,FP,FN,TP,FP/P,Prec
0,0.1025,0,5,0,5,605605,0,107956,5.609739152988254,0.15129190076251364
1,0.1026,2,73,2,78,605532,2,107954,5.609062951572863,0.15130500107920827
2,0.1027,10,288,10,366,605244,12,107944,5.606395198043647,0.15135420113630627
3,0.1029,1,3,1,369,605241,13,107943,5.606367408944385,0.15135364786646924
4,0.1031,4,136,4,505,605105,17,107939,5.605107636444477,0.1513777550894475
5,0.1032,0,8,0,513,605097,17,107939,5.605033532179777,0.1513794534918293
6,0.1033,13,390,13,903,604707,30,107926,5.601420949275631,0.15144681764667087
7,0.1034,20,385,20,1288,604322,50,107906,5.597854681536923,0.1515048551868222
8,0.1035,0,1,0,1289,604321,50,107906,5.597845418503835,0.15150506790672075
9,0.1036,40,760,40,2049,603561,90,107866,5.590805513357294,0.1516192104038784
10,0.1037,15,392,15,2441,603169,105,107851,5.587174404386973,0.15168490337824533
11,0.1038,35,581,35,3022,602588,140,107816,5.581792582163104,0.15176716347317865
12,0.1039,19,330,19,3352,602258,159,107797,5.578735781244211,0.15181500024645977
13,0.104,2,105,2,3457,602153,161,107795,5.577763162770017,0.15183506397651658
14,0.1041,73,1444,73,4901,600709,234,107722,5.564387342991589,0.1520571516492079
15,0.1042,31,479,31,5380,600230,265,107691,5.559950350142651,0.15212290636949602
16,0.1043,11,191,11,5571,600039,276,107680,5.558181110822928,0.15215078300851043
17,0.1044,53,1311,53,6882,598728,329,107627,5.546037274445144,0.15236955921597498
18,0.1045,64,1661,64,8543,597067,393,107563,5.530651376486717,0.15265174630657224
19,0.1046,16,334,16,8877,596733,409,107547,5.5275575234354735,0.1527048901005282
20,0.1047,70,1368,70,10245,595365,479,107477,5.514885694171699,0.15291772546319088
21,0.1048,59,1334,59,11579,594031,538,107418,5.502528808032903,0.15313729152083758
22,0.1049,73,1403,73,12982,592628,611,107345,5.489532772611064,0.15335591515672747
23,0.105,47,1158,47,14140,591470,658,107298,5.478806180295676,0.153553110617544
24,0.1051,26,542,26,14682,590928,684,107272,5.473785616362222,0.15364079060441135
25,0.1052,37,880,37,15562,590048,721,107235,5.465634147245174,0.15378978119357564
26,0.1053,41,938,41,16500,589110,762,107194,5.456945422209048,0.15394712654242973
27,0.1054,25,447,25,16947,588663,787,107169,5.452804846418911,0.1540156244610768
28,0.1055,6,172,6,17119,588491,793,107163,5.4512116047278525,0.15404640812817866
29,0.1056,103,2130,103,19249,586361,896,107060,5.431481344251361,0.15439393961244324
30,0.1057,24,614,24,19863,585747,920,107036,5.4257938419356035,0.15450148170494946
31,0.1058,22,450,22,20313,585297,942,107014,5.421625477046204,0.15457503925259022
32,0.1059,48,1233,48,21546,584064,990,106966,5.410204157249249,0.15479212190498243
33,0.106,21,577,21,22123,583487,1011,106945,5.404859387157731,0.15489577539859103
34,0.1061,12,154,12,22277,583333,1023,106933,5.4034328800622475,0.15491564121657447
35,0.1062,28,565,28,22842,582768,1051,106905,5.398199266367779,0.1550082430369175
36,0.1063,31,532,31,23374,582236,1082,106874,5.393271332765201,0.15508989856481548
37,0.1064,18,436,18,23810,581800,1100,106856,5.389232650339027,0.15516600450733023
38,0.1065,68,1281,68,25091,580519,1168,106788,5.37736670495387,0.15537161705031377
39,0.1066,63,970,63,26061,579549,1231,106725,5.368381562858943,0.1555136869530246
40,0.1067,63,870,63,26931,578679,1294,106662,5.360322724072771,0.15563347297184904
41,0.1068,74,1363,74,28294,577316,1368,106588,5.347697209974434,0.15585228336140744
42,0.1069,57,836,57,29130,576480,1425,106531,5.339953314313239,0.15597259780589184
43,0.107,105,1704,105,30834,574776,1530,106426,5.324169105932047,0.1562326593286573
44,0.1071,82,1698,82,32532,573078,1612,106344,5.3084404757493795,0.15652127838074129
45,0.1072,61,1149,61,33681,571929,1673,106283,5.297797250731779,0.15671058607043226
46,0.1073,111,2079,111,35760,569850,1784,106172,5.278539404942754,0.15705406037081635
47,0.1074,126,2031,126,37791,567819,1910,106046,5.259726184741932,0.15736979958893843
48,0.1075,98,1633,98,39424,566186,2008,105948,5.244599651709956,0.15762928225621678
49,0.1076,166,2736,166,42160,563450,2174,105782,5.219255993182408,0.1580647667774404
50,0.1077,109,1791,109,43951,561659,2283,105673,5.202665900922598,0.15835146523769278
51,0.1078,130,2094,130,46045,559565,2413,105543,5.183269109637259,0.15868550671469897
52,0.1079,148,2331,148,48376,557234,2561,105395,5.161676979510171,0.15905582158342
53,0.108,182,2687,182,51063,554547,2743,105213,5.136787209603913,0.15947162604583484
54,0.1081,129,2207,129,53270,552340,2872,105084,5.116343695579681,0.15984205018374747
55,0.1082,183,3116,183,56386,549224,3055,104901,5.0874800844788615,0.1603684311102618
56,0.1083,124,2274,124,58660,546950,3179,104777,5.066415947237764,0.1607682357797053
57,0.1084,78,1203,78,59863,545747,3257,104699,5.055272518433436,0.16096493790414576
58,0.1085,104,1265,104,61128,544482,3361,104595,5.04355478157768,0.16114420939272228
59,0.1086,140,2162,140,63290,542320,3501,104455,5.023528104042388,0.16150129488616596
60,0.1087,159,2424,159,65714,539896,3660,104296,5.001074511838156,0.16190204162734093
61,0.1088,130,1841,130,67555,538055,3790,104166,4.984021267923969,0.16219650245009118
62,0.1089,72,1037,72,68592,537018,3862,104094,4.9744155026121755,0.16236476621869503
63,0.109,135,1616,135,70208,535402,3997,103959,4.9594464411426875,0.1625982817219067
64,0.1091,102,1626,102,71834,533776,4099,103857,4.9443847493423245,0.16287896015419528
65,0.1092,96,1518,96,73352,532258,4195,103761,4.930323465115418,0.16314135269543834
66,0.1093,52,803,52,74155,531455,4247,103709,4.922885249546112,0.1632790901247552
67,0.1094,94,1265,94,75420,530190,4341,103615,4.911167512690355,0.16348088134363092
68,0.1095,112,1572,112,76992,528618,4453,103503,4.8966060246767205,0.1637392208137366
69,0.1096,93,1099,93,78091,527519,4546,103410,4.886425951313498,0.16390116796026177
70,0.1097,71,865,71,78956,526654,4617,103339,4.878413427692764,0.1640319813077288
71,0.1098,71,844,71,79800,525810,4688,103268,4.870595427766868,0.1641577038141534
72,0.1099,127,1324,127,81124,524486,4815,103141,4.858331171958946,0.16433486768414998
73,0.11,114,1434,114,82558,523052,4929,103027,4.845047982511393,0.16455910516085032
74,0.1101,62,725,62,83283,522327,4991,102965,4.8383322835229166,0.1646670675460425
75,0.1102,77,988,77,84271,521339,5068,102888,4.829180406832413,0.16482465513346908
76,0.1103,86,1073,86,85344,520266,5154,102802,4.819241172329468,0.1649932270634987
77,0.1104,78,976,78,86320,519290,5232,102724,4.810200452036015,0.16514740825769195
78,0.1105,87,938,87,87258,518352,5319,102637,4.801511726999889,0.16527990028808884
79,0.1106,37,535,37,87793,517817,5356,102600,4.796556004298047,0.1653726445277934
80,0.1107,72,895,72,88688,516922,5428,102528,4.788265589684686,0.1655145693760594
81,0.1108,56,787,56,89475,516135,5484,102472,4.780975582644781,0.16564959659363698
82,0.1109,38,436,38,89911,515699,5522,102434,4.776936900218607,0.1657151454460448
83,0.111,48,534,48,90445,515165,5570,102386,4.771990440549853,0.16579359437520141
84,0.1111,40,419,40,90864,514746,5610,102346,4.768109229686169,0.1658520933669534
85,0.1112,34,379,34,91243,514367,5644,102312,4.764598540145985,0.16590803319068753
86,0.1113,42,452,42,91695,513915,5686,102270,4.760411649190411,0.16597288152097178
87,0.1114,20,147,20,91842,513768,5706,102250,4.75904998332654,0.16598540951725438
88,0.1115,14,217,14,92059,513551,5720,102236,4.7570399051465415,0.16602494044206845
89,0.1116,26,279,26,92338,513272,5746,102210,4.754455518915114,0.16606497021846292
90,0.1117,18,152,18,92490,513120,5764,102192,4.753047537885806,0.16608159762852018
91,0.1118,17,163,17,92653,512957,5781,102175,4.751537663492534,0.16610256010092142
92,0.1119,27,283,27,92936,512674,5808,102148,4.748916225128756,0.16614239568525524
93,0.112,14,118,14,93054,512556,5822,102134,4.747823187224425,0.16615529779238314
94,0.1121,10,72,10,93126,512484,5832,102124,4.747156248842121,0.16616119542863092
95,0.1122,12,65,12,93191,512419,5844,102112,4.74655415169143,0.16616248814136308
96,0.1123,7,89,7,93280,512330,5851,102105,4.745729741746637,0.16617705697103843
97,0.1124,12,124,12,93404,512206,5863,102093,4.744581125643781,0.16619431254161246
98,0.1125,13,114,13,93518,512092,5876,102080,4.7435251398717995,0.1662075119022033
99,0.1126,4,41,4,93559,512051,5880,102076,4.74314535551521,0.16621317740467362
100,0.1127,10,39,10,93598,512012,5890,102066,4.742784097224796,0.16621015571311787
101,0.1128,7,68,7,93666,511944,5897,102059,4.742154210974841,0.166219057561608
102,0.1129,14,55,14,93721,511889,5911,102045,4.7416447441550265,0.16621493515589625
103,0.113,3,26,3,93747,511863,5914,102042,4.741403905294749,0.1662179001637061
104,0.1131,11,55,11,93802,511808,5925,102031,4.7408944384749345,0.16621785191230926
105,0.1132,3,14,3,93816,511794,5928,102028,4.740764756011709,0.166217567959441
106,0.1133,1,18,1,93834,511776,5929,102027,4.740598021416132,0.1662210839634215
107,0.1134,0,7,0,93841,511769,5929,102027,4.74053318018452,0.16622297962189392
108,0.1135,1,11,1,93852,511758,5930,102026,4.740431286820557,0.1662246001850814
109,0.1136,2,2,2,93854,511756,5932,102024,4.740412760754381,0.1662224249731174
110,0.1137,0,5,0,93859,511751,5932,102024,4.740366445588943,0.16622377907213556
111,0.1138,7,10,7,93869,511741,5939,102017,4.740273815258068,0.1662169780271703
112,0.1139,6,17,6,93886,511724,5945,102011,4.74011634369558,0.16621343087814774
113,0.114,0,2,0,93888,511722,5945,102011,4.740097817629405,0.1662139725255119
114,0.1141,0,3,0,93891,511719,5945,102011,4.740070028530142,0.1662147850031773
115,0.1142,0,11,0,93902,511708,5945,102011,4.739968135166179,0.1662177641559085
116,0.1143,0,2,0,93904,511706,5945,102011,4.7399496091000035,0.16621830583151517
117,0.1144,0,1,0,93905,511705,5945,102011,4.739940346066916,0.16621857667064244
118,0.1145,0,2,0,93907,511703,5945,102011,4.739921820000741,0.16621911835154485
119,0.1149,0,1,0,93908,511702,5945,102011,4.739912556967654,0.16621938919332
120,0.1151,0,1,0,93909,511701,5945,102011,4.7399032939345656,0.1662196600359778
121,0.1154,0,1,0,93910,511700,5945,102011,4.739894030901478,0.1662199308795182
122,0.1198,0,3,0,93913,511697,5945,102011,4.739866241802216,0.16622074341543536
123,0.12,6,34,6,93947,511663,5951,102005,4.739551298677239,0.16622180071308917
124,0.1201,3,23,3,93970,511640,5954,102002,4.7393382489162255,0.16622395468367548
125,0.1202,7,74,7,94044,511566,5961,101995,4.738652784467746,0.1662344901321955
126,0.1203,14,98,14,94142,511468,5975,101981,4.737745007225166,0.16624201848890455
127,0.1204,33,230,33,94372,511238,6008,101948,4.735614509615028,0.16625950364163566
128,0.1205,14,322,14,94694,510916,6022,101934,4.732631812960836,0.16632781267846944
129,0.1206,40,331,40,95025,510585,6062,101894,4.729565749008856,0.16636325490343343
130,0.1207,26,177,26,95202,510408,6088,101868,4.727926192152358,0.16637594810183642
131,0.1208,25,183,25,95385,510225,6113,101843,4.726231057097336,0.16639164275864773
132,0.1209,38,458,38,95843,509767,6151,101805,4.721988587943236,0.16646445553426253
133,0.121,35,407,35,96250,509360,6186,101770,4.718218533476602,0.16652758005661644
134,0.1211,58,415,58,96665,508945,6244,101712,4.714374374745266,0.16656158858409875
135,0.1212,43,405,43,97070,508540,6287,101669,4.710622846344807,0.1666134062263913
136,0.1213,48,433,48,97503,508107,6335,101621,4.706611953017896,0.16666611997480843
137,0.1214,60,780,60,98283,507327,6395,101561,4.699386787209604,0.1667975062737318
138,0.1215,50,481,50,98764,506846,6445,101511,4.69493126829449,0.16686090568531306
139,0.1216,49,498,49,99262,506348,6494,101462,4.690318277816888,0.16693045524094702
140,0.1217,68,701,68,99963,505647,6562,101394,4.683824891622513,0.16702990407567198
141,0.1218,46,454,46,100417,505193,6608,101348,4.679619474600763,0.1670917547206207
142,0.1219,9,283,9,100700,504910,6617,101339,4.676998036236985,0.1671573891255903
143,0.122,22,195,22,100895,504715,6639,101317,4.675191744784913,0.1671809409404124
144,0.1221,27,288,27,101183,504427,6666,101290,4.672523991255697,0.1672233072540477
145,0.1222,21,162,21,101345,504265,6687,101269,4.671023379895513,0.16723916410969492
146,0.1223,40,213,40,101558,504052,6727,101229,4.669050353847864,0.16724298301119644
147,0.1224,19,217,19,101775,503835,6746,101210,4.667040275667865,0.16727681412126372
148,0.1225,40,244,40,102019,503591,6786,101170,4.664780095594502,0.16728922665317372
149,0.1226,27,229,27,102248,503362,6813,101143,4.6626588610174515,0.1673154068204564
150,0.1227,44,251,44,102499,503111,6857,101099,4.660333839712475,0.16732427467271313
151,0.1228,29,399,29,102898,502712,6886,101070,4.656637889510542,0.1673948544342163
152,0.1229,17,200,17,103098,502512,6903,101053,4.65478528289303,0.167426872002187
153,0.123,79,663,79,103761,501849,6982,100974,4.648643891955982,0.1675019035438263
154,0.1231,32,343,32,104104,501506,7014,100942,4.645466671606951,0.16755305022176187
155,0.1232,63,563,63,104667,500943,7077,100879,4.640251583978658,0.1676226525451047
156,0.1233,93,960,93,105627,499983,7170,100786,4.631359072214606,0.16776165214916217
157,0.1234,98,1025,98,106652,498958,7268,100688,4.621864463299863,0.16791240165030702
158,0.1235,53,613,53,107265,498345,7321,100635,4.616186224017192,0.16801061805068618
159,0.1236,59,616,59,107881,497729,7380,100576,4.610480195635259,0.16810155355546083
160,0.1237,39,575,39,108456,497154,7419,100537,4.605153951609915,0.1682089909334422
161,0.1238,76,1039,76,109495,496115,7495,100461,4.595529660231946,0.1683959797242933
162,0.1239,78,1080,78,110575,495035,7573,100383,4.585525584497388,0.16859248460745224
163,0.124,78,1306,78,111881,493729,7651,100305,4.573428063285042,0.16885397132150684
164,0.1241,85,1185,85,113066,492544,7736,100220,4.562451369076291,0.1690723458239704
165,0.1242,107,1272,107,114338,491272,7843,100113,4.550668790988921,0.16928565993388403
166,0.1243,100,1054,100,115392,490218,7943,100013,4.540905554114639,0.16944721642882193
167,0.1244,153,1772,153,117164,488446,8096,99860,4.524491459483493,0.1697415970600334
168,0.1245,115,1586,115,118750,486860,8211,99745,4.509800289006632,0.1700377596508724
169,0.1246,160,1945,160,120695,484915,8371,99585,4.4917836896513395,0.17037639007698888
170,0.1247,147,1678,147,122373,483237,8518,99438,4.476240320130423,0.1706577423091775
171,0.1248,126,1437,126,123810,481800,8644,99312,4.462929341583608,0.17089992978978236
172,0.1249,95,1057,95,124867,480743,8739,99217,4.4531383156100635,0.17107559142009793
173,0.125,100,932,100,125799,479811,8839,99117,4.444505168772463,0.17120781858884007
174,0.1251,135,1611,135,127410,478200,8974,98982,4.429582422468413,0.17149183446469224
175,0.1252,62,874,62,128284,477326,9036,98920,4.421486531549891,0.171662796791648
176,0.1253,95,954,95,129238,476372,9131,98825,4.412649597984364,0.17181070137709342
177,0.1254,139,1472,139,130710,474900,9270,98686,4.399014413279485,0.17205092174495193
178,0.1255,93,1100,93,131810,473800,9363,98593,4.388825076883174,0.17224704005814187
179,0.1256,128,1368,128,133178,472432,9491,98465,4.3761532476194,0.17247419411907927
180,0.1257,105,1094,105,134272,471338,9596,98360,4.366019489421616,0.17265287924479286
181,0.1258,102,1163,102,135435,470175,9698,98258,4.355246581940791,0.1728576630843037
182,0.1259,110,1139,110,136574,469036,9808,98148,4.344695987254067,0.17304437360715394
183,0.126,102,1023,102,137597,468013,9910,98046,4.335219904405498,0.1732080931493007
184,0.1261,81,1007,81,138604,467006,9991,97965,4.325892030086331,0.1733982806197132
185,0.1262,94,898,94,139502,466108,10085,97871,4.317573826373708,0.17353660331324394
186,0.1263,94,950,94,140452,465158,10179,97777,4.308773944940532,0.17369145638484018
187,0.1264,95,1061,95,141513,464097,10274,97682,4.298945866834637,0.17387976410652586
188,0.1265,103,930,103,142443,463167,10377,97579,4.290331246063211,0.17401639958198542
189,0.1266,92,1040,92,143483,462127,10469,97487,4.280697691652154,0.17420400490337984
190,0.1267,87,672,87,144155,461455,10556,97400,4.274472933417318,0.17428492184913796
191,0.1268,78,905,78,145060,460550,10634,97322,4.266089888473082,0.17445220408982706
192,0.1269,53,746,53,145806,459804,10687,97269,4.259179665789766,0.1746072776817401
193,0.127,91,904,91,146710,458900,10778,97178,4.250805883878617,0.1747560594017386
194,0.1271,36,573,36,147283,458327,10814,97142,4.245498165919448,0.17488284674752327
195,0.1272,57,628,57,147911,457699,10871,97085,4.239680981140465,0.17499603449270346
196,0.1273,78,772,78,148683,456927,10949,97007,4.232529919596873,0.1751237512050172
197,0.1274,74,673,74,149356,456254,11023,96933,4.2262958983289485,0.17522646049166016
198,0.1275,59,641,59,149997,455613,11082,96874,4.220358294119826,0.1753416822477271
199,0.1276,60,594,60,150591,455019,11142,96814,4.214856052465819,0.17544075834536899
200,0.1277,60,627,60,151218,454392,11202,96754,4.209048130719923,0.17555058006408467
201,0.1278,50,564,50,151782,453828,11252,96704,4.203823780058542,0.17565554772474626
202,0.1279,31,404,31,152186,453424,11283,96673,4.2000815146911705,0.17573809709923885
203,0.128,37,349,37,152535,453075,11320,96636,4.196848716143614,0.17579419003803817
204,0.1281,49,424,49,152959,452651,11369,96587,4.192921190114491,0.17585636827750448
205,0.1282,44,486,44,153445,452165,11413,96543,4.18841935603394,0.17594604051699628
206,0.1283,51,523,51,153968,451642,11464,96492,4.183574789729149,0.17603724636676432
207,0.1284,59,447,59,154415,451195,11523,96433,4.179434213939012,0.1760921647541762
208,0.1285,65,526,65,154941,450669,11588,96368,4.174561858534958,0.17616358674093344
209,0.1286,24,265,24,155206,450404,11612,96344,4.172107154766757,0.176212807362807
210,0.1287,37,319,37,155525,450085,11649,96307,4.169152247211827,0.1762599013162711
211,0.1288,30,276,30,155801,449809,11679,96277,4.166595650079662,0.17630373237914906
212,0.1289,27,166,27,155967,449643,11706,96250,4.1650579865871284,0.17631660416968162
213,0.129,29,269,29,156236,449374,11735,96221,4.162566230686576,0.17635975403000395
214,0.1291,34,191,34,156427,449183,11769,96187,4.160796991366853,0.17637017070979336
215,0.1292,43,293,43,156720,448890,11812,96144,4.158082922672199,0.176400004403395
216,0.1293,20,167,20,156887,448723,11832,96124,4.156535996146578,0.17642384008721715
217,0.1294,24,249,24,157136,448474,11856,96100,4.154229500907777,0.1764682118499965
218,0.1295,39,275,39,157411,448199,11895,96061,4.1516821668087,0.1764983647521405
219,0.1296,32,214,32,157625,447985,11927,96029,4.149699877727963,0.17651935428132365
220,0.1297,49,331,49,157956,447654,11976,95980,4.146633813775983,0.17655260708491374
221,0.1298,14,159,14,158115,447495,11990,95966,4.145160991515062,0.17658304827761329
222,0.1299,16,144,16,158259,447351,12006,95950,4.1438271147504535,0.17660560168304495
223,0.13,27,189,27,158448,447162,12033,95923,4.142076401496906,0.17662612666525498
224,0.1301,13,116,13,158564,447046,12046,95910,4.1410018896587495,0.17664414796042405
225,0.1302,15,102,15,158666,446944,12061,95895,4.140057060283819,0.17665458819281593
226,0.1303,47,309,47,158975,446635,12108,95848,4.1371947830597655,0.17668387765146557
227,0.1304,3,61,3,159036,446574,12111,95845,4.1366297380414245,0.17669919379667748
228,0.1305,23,202,23,159238,446372,12134,95822,4.134758605357739,0.17673010029620395
229,0.1306,10,124,10,159362,446248,12144,95812,4.133609989254881,0.17675534073718777
230,0.1307,21,174,21,159536,446074,12165,95791,4.131998221497647,0.17678019432884576
231,0.1308,25,224,25,159760,445850,12190,95766,4.129923302086035,0.17681530826268058
232,0.1309,38,237,38,159997,445613,12228,95728,4.1277279632442845,0.17683493398800387
233,0.131,15,94,15,160091,445519,12243,95713,4.126857238134055,0.17684283264847606
234,0.1311,44,343,44,160434,445176,12287,95669,4.1236800177850235,0.17688801782396066
235,0.1312,21,170,21,160604,445006,12308,95648,4.122105302160139,0.17691166624125595
236,0.1313,10,81,10,160685,444925,12318,95638,4.121354996480047,0.17692294885147522
237,0.1314,37,285,37,160970,444640,12355,95601,4.118715032050095,0.17695991233542066
238,0.1315,16,109,16,161079,444531,12371,95585,4.1177053614435515,0.1769712432144206
239,0.1316,17,136,17,161215,444395,12388,95568,4.116445588943644,0.17698990486385177
240,0.1317,35,250,35,161465,444145,12423,95533,4.1141298306717555,0.1770185184498905
241,0.1318,27,212,27,161677,443933,12450,95506,4.112166067657194,0.17704689501500634
242,0.1319,30,260,30,161937,443673,12480,95476,4.10975767905443,0.1770864825864464
243,0.132,34,237,34,162174,443436,12514,95442,4.107562340212679,0.17711244474630622
244,0.1321,13,139,13,162313,443297,12527,95429,4.10627477861351,0.17713828551063063
245,0.1322,27,225,27,162538,443072,12554,95402,4.104190596168809,0.1771710426130138
246,0.1323,46,224,46,162762,442848,12600,95356,4.102115676757197,0.1771744542961405
247,0.1324,40,229,40,162991,442619,12640,95316,4.099994442180147,0.1771886938012957
248,0.1325,37,259,37,163250,442360,12677,95279,4.097595316610471,0.17721742656317716
249,0.1326,39,272,39,163522,442088,12716,95240,4.095075771610656,0.1772474168478099
250,0.1327,37,245,37,163767,441843,12753,95203,4.092806328504206,0.17727159312237686
251,0.1328,57,405,57,164172,441438,12810,95146,4.089054800103746,0.17731799680944643
252,0.1329,40,243,40,164415,441195,12850,95106,4.08680388306347,0.17733698053891378
253,0.133,57,314,57,164729,440881,12907,95049,4.083895290673978,0.1773533857033568
254,0.1331,29,245,29,164974,440636,12936,95020,4.081625847567527,0.1773899666950431
255,0.1332,43,286,43,165260,440350,12979,94977,4.078976620104487,0.17741866186461733
256,0.1333,60,383,60,165643,439967,13039,94917,4.0754288784319534,0.1774534291547326
257,0.1334,42,245,42,165888,439722,13081,94875,4.073159435325503,0.17747013170668746
258,0.1335,14,84,14,165972,439638,13095,94861,4.072381340546149,0.17747647797283064
259,0.1336,37,225,37,166197,439413,13132,94824,4.070297158101448,0.17749425816631945
260,0.1337,33,196,33,166393,439217,13165,94791,4.068481603616288,0.17750857665053707
261,0.1338,23,167,23,166560,439050,13188,94768,4.066934677090667,0.17752867082039198
262,0.1339,10,102,10,166662,438948,13198,94758,4.065989847715736,0.1775471889017549
263,0.134,16,114,16,166776,438834,13214,94742,4.0649338619437545,0.17756045999070422
264,0.1341,36,136,36,166912,438698,13250,94706,4.063674089443848,0.17755022459524114
265,0.1342,14,113,14,167025,438585,13264,94692,4.0626273667049535,0.1775662554357304
266,0.1343,20,133,20,167158,438452,13284,94672,4.061395383304309,0.17757970003226267
267,0.1344,11,86,11,167244,438366,13295,94661,4.060598762458779,0.17759137904834088
268,0.1345,10,142,10,167386,438224,13305,94651,4.0592834117603465,0.17762326999765424
269,0.1346,13,112,13,167498,438112,13318,94638,4.05824595205454,0.17764054434537777
270,0.1347,24,127,24,167625,437985,13342,94614,4.057069546852421,0.1776458461243825
271,0.1348,15,88,15,167713,437897,13357,94599,4.056254399940717,0.17765203870076018
272,0.1349,14,93,14,167806,437804,13371,94585,4.055392937863574,0.1776614467992389
273,0.135,9,87,9,167893,437717,13380,94576,4.054587053984957,0.17767658037960296
274,0.1351,21,103,21,167996,437614,13401,94555,4.053632961576938,0.17767851941770377
275,0.1352,11,100,11,168096,437514,13412,94544,4.052706658268184,0.17769491296061707
276,0.1353,21,75,21,168171,437439,13433,94523,4.052011930786617,0.17768750399464622
277,0.1354,14,49,14,168220,437390,13447,94509,4.051558042165326,0.17768222914500686
278,0.1355,29,147,29,168367,437243,13476,94480,4.050196376301456,0.17768650218252738
279,0.1356,12,75,12,168442,437168,13488,94468,4.04950164881989,0.17769300799795348
280,0.1357,8,78,8,168520,437090,13496,94460,4.04877913223906,0.1777067068008654
281,0.1358,7,50,7,168570,437040,13503,94453,4.0483159805846824,0.17771259452147065
282,0.1359,16,95,16,168665,436945,13519,94437,4.047435992441365,0.17771960661068686
283,0.136,15,79,15,168744,436866,13534,94422,4.046704212827448,0.1777228170032073
284,0.1361,8,35,8,168779,436831,13542,94414,4.046380006669384,0.17772214326723074
285,0.1362,8,64,8,168843,436767,13550,94406,4.045787172551781,0.1777311723299189
286,0.1363,15,87,15,168930,436680,13565,94391,4.0449812886731635,0.17773706340583462
287,0.1364,9,55,9,168985,436625,13574,94382,4.044471821853348,0.1777415363639274
288,0.1365,9,80,9,169065,436545,13583,94373,4.043730779206343,0.17775438014910025
289,0.1366,11,37,11,169102,436508,13594,94362,4.043388046982104,0.1777497315727014
290,0.1367,13,73,13,169175,436435,13607,94349,4.042711845566712,0.17775403930789171
291,0.1368,6,46,6,169221,436389,13613,94343,4.042285746044685,0.17776015013227014
292,0.1369,18,129,18,169350,436260,13631,94325,4.04109081477639,0.1777754742406966
293,0.137,13,52,13,169402,436208,13644,94312,4.040609137055838,0.17777275126291187
294,0.1371,51,323,51,169725,435885,13695,94261,4.037617177368557,0.177801963987279
295,0.1372,4,61,4,169786,435824,13699,94257,4.037052132350217,0.17781622053987975
296,0.1373,41,427,41,170213,435397,13740,94216,4.033096817221831,0.17789593533391362
297,0.1374,5,49,5,170262,435348,13745,94211,4.0326429286005405,0.17790463385571767
298,0.1375,55,467,55,170729,434881,13800,94156,4.0283170921486535,0.1779762096034871
299,0.1376,63,621,63,171350,434260,13863,94093,4.022564748601282,0.1780873771891141
300,0.1377,93,972,93,172322,433288,13956,94000,4.013561080440179,0.17827069836597836
301,0.1378,30,355,30,172677,432933,13986,93970,4.010272703694097,0.17834402157512863
302,0.1379,93,895,93,173572,432038,14079,93877,4.001982289080736,0.17850222944772445
303,0.138,94,864,94,174436,431174,14173,93783,3.9939790284930896,0.1786489179113718
304,0.1381,74,677,74,175113,430497,14247,93709,3.9877079550928154,0.17876369213629756
305,0.1382,97,922,97,176035,429575,14344,93612,3.9791674385860905,0.17892646415144106
306,0.1383,67,678,67,176713,428897,14411,93545,3.972887102152729,0.1790533686035962
307,0.1384,88,903,88,177616,427994,14499,93457,3.9645225832746673,0.17922489361416508
308,0.1385,126,1093,126,178709,426901,14625,93331,3.9543980881099707,0.17940265112488274
309,0.1386,181,1896,181,180605,425005,14806,93150,3.936835377375968,0.1797724619081163
310,0.1387,224,2068,224,182673,422937,15030,92926,3.9176794249509057,0.1801369743517174
311,0.1388,197,1568,197,184241,421369,15227,92729,3.903154989069621,0.180372224750923
312,0.1389,171,1860,171,186101,419509,15398,92558,3.88592574752677,0.18075369043504072
313,0.139,285,2448,285,188549,417061,15683,92273,3.8632498425284374,0.18116402989001323
314,0.1391,167,1376,167,189925,415685,15850,92106,3.850503908999963,0.18138564882008543
315,0.1392,150,1432,150,191357,414253,16000,91956,3.8372392456185853,0.18165619339047706
316,0.1393,207,1762,207,193119,412491,16207,91749,3.820917781318315,0.1819550214183722
317,0.1394,211,1883,211,195002,410608,16418,91538,3.8034754900144505,0.18229359588645533
318,0.1395,212,1837,212,196839,408771,16630,91326,3.786459298232613,0.18261657238495732
319,0.1396,216,1639,216,198478,407132,16846,91110,3.771277187002112,0.18286294611855283
320,0.1397,151,1287,151,199765,405845,16997,90959,3.7593556634184297,0.18308830041626073
321,0.1398,195,1686,195,201451,404159,17192,90764,3.7437381896328135,0.1833901435172744
322,0.1399,198,1553,198,203004,402606,17390,90566,3.729352699247842,0.18363978490263033
323,0.14,148,1192,148,204196,401414,17538,90418,3.7183111638074773,0.18383919712422128
324,0.1401,209,1532,209,205728,399882,17747,90209,3.7041201971173443,0.18406581634839245
325,0.1402,163,1261,163,206989,398621,17910,90046,3.692439512393938,0.18426863283176478
326,0.1403,180,1246,180,208235,397375,18090,89866,3.680897773166846,0.18443850168602396
327,0.1404,129,1359,129,209594,396016,18219,89737,3.6683093112008596,0.1847379223597178
328,0.1405,91,740,91,210334,395276,18310,89646,3.6614546667160695,0.18486684456469288
329,0.1406,123,998,123,211332,394278,18433,89523,3.6522101596946905,0.18504095692237096
330,0.1407,93,764,93,212096,393514,18526,89430,3.645133202415799,0.18517674927113703
331,0.1408,83,656,83,212752,392858,18609,89347,3.6390566527103636,0.1852884146784044
332,0.1409,152,1268,152,214020,391590,18761,89195,3.6273111267553446,0.18551951495990932
333,0.141,77,742,77,214762,390848,18838,89118,3.6204379562043796,0.1856756520253518
334,0.1411,129,988,129,215750,389860,18967,88989,3.611286079513876,0.18583937734024714
335,0.1412,100,799,100,216549,389061,19067,88889,3.6038849160769204,0.18597970499006172
336,0.1413,82,639,82,217188,388422,19149,88807,3.597965837933973,0.18608885880782602
337,0.1414,123,1001,123,218189,387421,19272,88684,3.5886935418133312,0.18626983543546066
338,0.1415,108,1025,108,219214,386396,19380,88576,3.5791989328985885,0.18648678237875074
339,0.1416,87,667,87,219881,385729,19467,88489,3.5730204898291897,0.18659983383169765
340,0.1417,89,658,89,220539,385071,19556,88400,3.5669254140575792,0.18670626078471544
341,0.1418,131,898,131,221437,384173,19687,88269,3.5586072103449555,0.18683563273375356
342,0.1419,132,912,132,222349,383261,19819,88137,3.550159324169106,0.18696939740940777
343,0.142,109,851,109,223200,382410,19928,88028,3.542276483011597,0.18711923781667297
344,0.1421,144,1015,144,224215,381395,20072,87884,3.53287450442773,0.1872745211270907
345,0.1422,154,1181,154,225396,380214,20226,87730,3.5219348623513285,0.18747969842545262
346,0.1423,204,1728,204,227124,378486,20430,87526,3.5059283411760345,0.18781919778889813
347,0.1424,137,1105,137,228229,377381,20567,87389,3.4956926896142875,0.1880263356068593
348,0.1425,153,962,153,229191,376419,20720,87236,3.48678165178406,0.1881485155988828
349,0.1426,151,1100,151,230291,375319,20871,87085,3.4765923153877507,0.18833098329599224
350,0.1427,138,1036,138,231327,374283,21009,86947,3.4669958131090444,0.1885111549552284
351,0.1428,136,1143,136,232470,373140,21145,86811,3.45640816628997,0.18873967009529277
352,0.1429,106,742,106,233212,372398,21251,86705,3.449534995739005,0.18885740236940293
353,0.143,132,979,132,234191,371419,21383,86573,3.4404664863462893,0.1890273192544848
354,0.1431,152,1012,152,235203,370407,21535,86421,3.4310922968616846,0.18917623263022407
355,0.1432,134,932,134,236135,369475,21669,86287,3.4224591500240837,0.18932469139594787
356,0.1433,129,970,129,237105,368505,21798,86158,3.4134740079291563,0.18949859566316152
357,0.1434,141,964,141,238069,367541,21939,86017,3.404544444032754,0.1896493943442735
358,0.1435,156,1038,156,239107,366503,22095,85861,3.394929415687873,0.18980511269685474
359,0.1436,124,861,124,239968,365642,22219,85737,3.3869539441994885,0.1899445920169082
360,0.1437,69,441,69,240409,365201,22288,85668,3.382868946607877,0.19000640984410105
361,0.1438,100,759,100,241168,364442,22388,85568,3.375838304494424,0.1901468856247639
362,0.1439,111,839,111,242007,363603,22499,85457,3.3680666197339657,0.1903019641027925
363,0.144,91,482,91,242489,363121,22590,85366,3.3636018377857644,0.19034219498001057
364,0.1441,120,852,120,243341,362269,22710,85246,3.355709733595168,0.19048746969375327
365,0.1442,96,572,96,243913,361697,22806,85150,3.3504112786690876,0.1905573943654092
366,0.1443,112,786,112,244699,360911,22918,85038,3.34313053466227,0.19068996678992442
367,0.1444,98,739,98,245438,360172,23016,84940,3.336285153210567,0.19082837577957906
368,0.1445,49,347,49,245785,359825,23065,84891,3.333070880729186,0.19088811736029287
369,0.1446,91,638,91,246423,359187,23156,84800,3.3271610656193262,0.19099658323329285
370,0.1447,76,546,76,246969,358641,23232,84724,3.3221034495535218,0.1910931174089069
371,0.1448,119,567,119,247536,358074,23351,84605,3.3168513097928787,0.19112042812060206
372,0.1449,97,747,97,248283,357327,23448,84508,3.3099318240764757,0.19126597032828999
373,0.145,108,863,108,249146,356464,23556,84400,3.3019378265219164,0.19144225883719243
374,0.1451,122,840,122,249986,355624,23678,84278,3.2941568787283706,0.1915835799791772
375,0.1452,98,761,98,250747,354863,23776,84180,3.2871077105487423,0.19173520589099474
376,0.1453,87,686,87,251433,354177,23863,84093,3.28075326985068,0.19187487165445957
377,0.1454,173,1554,173,252987,352623,24036,83920,3.2663585164326205,0.1922376489830326
378,0.1455,264,2161,264,255148,350462,24300,83656,3.2463411019304163,0.1927033663658268
379,0.1456,299,2046,299,257194,348416,24599,83357,3.22738893623328,0.1930574630650828
380,0.1457,209,1494,209,258688,346922,24808,83148,3.213549964800474,0.19333596856325713
381,0.1458,230,1800,230,260488,345122,25038,82918,3.196876505242877,0.1937155406036819
382,0.1459,313,2307,313,262795,342815,25351,82605,3.1755066879098894,0.1941728174509896
383,0.146,291,2307,291,265102,340508,25642,82314,3.1541368705769015,0.19467766577898027
384,0.1461,124,809,124,265911,339699,25766,82190,3.1466430768090703,0.19481427579292185
385,0.1462,175,1369,175,267280,338330,25941,82015,3.133961984512209,0.19511353768927905
386,0.1463,227,1651,227,268931,336679,26168,81788,3.1186687168846565,0.19544671383884513
387,0.1464,130,840,130,269771,335839,26298,81658,3.110887769091111,0.19558942938512133
388,0.1465,206,1433,206,271204,334406,26504,81452,3.097613842676646,0.19586493466519822
389,0.1466,204,1493,204,272697,332913,26708,81248,3.0837841342769274,0.19617491748378046
390,0.1467,238,1590,238,274287,331323,26946,81010,3.0690559116677165,0.19646741832450956
391,0.1468,308,1925,308,276212,329398,27254,80702,3.0512245729741747,0.19678614971958058
392,0.1469,258,1732,258,277944,327666,27512,80444,3.035180999666531,0.1971135233147926
393,0.147,329,2213,329,280157,325453,27841,80115,3.0146819074437734,0.19753777418336751
394,0.1471,261,1867,261,282024,323586,28102,79854,2.9973878246693095,0.1979327781082689
395,0.1472,520,3699,520,285723,319887,28622,79334,2.9631238652784466,0.19872201111664967
396,0.1473,323,2335,323,288058,317552,28945,79011,2.9414946830190076,0.1992394651039053
397,0.1474,502,3218,502,291276,314334,29447,78509,2.9116862425432584,0.19984828544736702
398,0.1475,635,3993,635,295269,310341,30082,77874,2.8746989514246546,0.20059503110389862
399,0.1476,336,2077,336,297346,308264,30418,77538,2.8554596317018044,0.20097874039014832
400,0.1477,449,2814,449,300160,305450,30867,77089,2.829393456593427,0.20151932221289856
401,0.1478,344,2031,344,302191,303419,31211,76745,2.8105802363926045,0.2018734020054503
402,0.1479,285,1854,285,304045,301565,31496,76460,2.793406573048279,0.2022617551749223
403,0.148,356,2037,356,306082,299528,31852,76104,2.7745377746489313,0.2026025471738297
404,0.1481,322,1951,322,308033,297577,32174,75782,2.756465597095113,0.20297354556874214
405,0.1482,189,1119,189,309152,296458,32363,75593,2.7461002630701397,0.20317913404345103
406,0.1483,177,1134,177,310286,295324,32540,75416,2.735595983548853,0.20342018665371958
407,0.1484,272,1853,272,312139,293471,32812,75144,2.7184315832376154,0.20385497063331662
408,0.1485,238,1360,238,313499,292111,33050,74906,2.7058338582385417,0.20409408828473885
409,0.1486,163,1036,163,314535,291075,33213,74743,2.6962373559598354,0.20431744747388045
410,0.1487,167,1063,167,315598,290012,33380,74576,2.686390751787765,0.2045486960624047
411,0.1488,291,1550,291,317148,288462,33671,74285,2.672033050502056,0.20478460194019524
412,0.1489,220,1407,220,318555,287055,33891,74065,2.658999962947868,0.20509802835622507
413,0.149,144,874,144,319429,286181,34035,73921,2.6509040720293453,0.20527794902555388
414,0.1491,216,1238,216,320667,284943,34251,73705,2.639436437066953,0.20550790747473846
415,0.1492,166,953,166,321620,283990,34417,73539,2.630608766534514,0.20568681141949324
416,0.1493,164,963,164,322583,283027,34581,73375,2.621688465671199,0.20587707139690575
417,0.1494,193,1202,193,323785,281825,34774,73182,2.610554299899959,0.20614241409324324
418,0.1495,159,1004,159,324789,280821,34933,73023,2.601254214680055,0.20637060399498083
419,0.1496,193,972,193,325761,279849,35126,72830,2.5922505465189523,0.2065050655128318
420,0.1497,248,1460,248,327221,278389,35374,72582,2.578726518211123,0.20680341110804026
421,0.1498,183,1204,183,328425,277185,35557,72399,2.567573826373708,0.20710043937937664
422,0.1499,187,1161,187,329586,276024,35744,72212,2.5568194449590576,0.20736512020583742
423,0.15,414,2609,414,332195,273415,36158,71798,2.5326521916336286,0.20798173881053147
424,0.1501,319,1869,319,334064,271546,36477,71479,2.51533958279299,0.208378398075942
425,0.1502,230,1421,230,335485,270125,36707,71249,2.5021768127755752,0.20871243855712504
426,0.1503,362,1941,362,337426,268184,37069,70887,2.4841972655526328,0.2090624087580477
427,0.1504,465,2665,465,340091,265519,37534,70422,2.459511282374301,0.20962609505835847
428,0.1505,317,1751,317,341842,263768,37851,70105,2.4432917114379933,0.20997505039341308
429,0.1506,372,2126,372,343968,261642,38223,69733,2.423598503093853,0.21043530743115804
430,0.1507,421,2216,421,346184,259426,38644,69312,2.403071621771833,0.21084267714715063
431,0.1508,316,1734,316,347918,257692,38960,68996,2.387009522398014,0.21119845234596923
432,0.1509,274,1382,274,349300,256310,39234,68722,2.374208010671014,0.21143148982254056
433,0.151,428,2372,428,351672,253938,39662,68294,2.3522360961873354,0.21194046525484744
434,0.1511,263,1531,263,353203,252407,39925,68031,2.33805439253029,0.21230628077818486
435,0.1512,386,2271,386,355474,250136,40311,67645,2.3170180443884547,0.21286672268008472
436,0.1513,403,1927,403,357401,248209,40714,67242,2.2991681796287375,0.21316147357275772
437,0.1514,395,2079,395,359480,246130,41109,66847,2.2799103338397124,0.21358438479504885
438,0.1515,397,2326,397,361806,243804,41506,66450,2.2583645188780612,0.2141793498230482
439,0.1516,361,1903,361,363709,241901,41867,66089,2.2407369669124457,0.21458164226111237
440,0.1517,264,1572,264,365281,240329,42131,65825,2.226175478898811,0.21500617336373198
441,0.1518,333,1985,333,367266,238344,42464,65492,2.2077883582200157,0.21555049434563384
442,0.1519,390,2027,390,369293,236317,42854,65102,2.1890121901515434,0.2159850573454228
443,0.152,201,1103,201,370396,235214,43055,64901,2.178795064655971,0.2162537693884011
444,0.1521,261,1329,261,371725,233885,43316,64640,2.1664844936826113,0.21653127878737125
445,0.1522,219,1150,219,372875,232735,43535,64421,2.155832005631924,0.21679185343725182
446,0.1523,244,1271,244,374146,231464,43779,64177,2.144058690577643,0.21707746895728264
447,0.1524,259,1364,259,375510,230100,44038,63918,2.131423913446219,0.2173948533763239
448,0.1525,163,746,163,376256,229354,44201,63755,2.124513690762903,0.2175129388725696
449,0.1526,213,1161,213,377417,228193,44414,63542,2.113759309348253,0.21780725658559993
450,0.1527,221,1255,221,378672,226938,44635,63321,2.1021342028233723,0.2181534422705239
451,0.1528,165,830,165,379502,226108,44800,63156,2.0944458853607024,0.2183334255213231
452,0.1529,189,728,189,380230,225380,44989,62967,2.087702397272963,0.21837230836457464
453,0.153,153,683,153,380913,224697,45142,62814,2.0813757456741637,0.2184751192128301
454,0.1531,140,701,140,381614,223996,45282,62674,2.0748823594797883,0.2186276903756933
455,0.1532,146,761,146,382375,223235,45428,62528,2.0678331913001595,0.21881069277688153
456,0.1533,177,766,177,383141,222469,45605,62351,2.060737707955093,0.21891369988062637
457,0.1534,104,552,104,383693,221917,45709,62247,2.0556245136907627,0.2190530820230571
458,0.1535,164,917,164,384610,221000,45873,62083,2.0471303123494757,0.2193102376334856
459,0.1536,155,850,155,385460,220150,46028,61928,2.0392567342250545,0.21954211246534647
460,0.1537,185,1157,185,386617,218993,46213,61743,2.0285394049427543,0.2199326057221019
461,0.1538,198,1113,198,387730,217880,46411,61545,2.0182296491163068,0.2202558826160866
462,0.1539,131,721,131,388451,217159,46542,61414,2.01155100226018,0.22045926920412243
463,0.154,160,744,160,389195,216415,46702,61254,2.00465930564304,0.22060078726829427
464,0.1541,260,1369,260,390564,215046,46962,60994,1.991978213346178,0.22096073032893784
465,0.1542,173,662,173,391226,214384,47135,60821,1.9858460854422173,0.22100252539016368
466,0.1543,198,995,198,392221,213389,47333,60623,1.9766293675201008,0.2212421353809322
467,0.1544,180,1020,180,393241,212369,47513,60443,1.9671810737707955,0.22155550342360306
468,0.1545,302,1753,302,394994,210616,47815,60141,1.950942976768313,0.2221216810645708
469,0.1546,248,1218,248,396212,209398,48063,59893,1.939660602467672,0.2224099580008244
470,0.1547,428,2276,428,398488,207122,48491,59465,1.9185779391603988,0.2230603892913008
471,0.1548,173,932,173,399420,206190,48664,59292,1.9099447923227981,0.22333717540172215
472,0.1549,306,1611,306,401031,204579,48970,58986,1.8950220460187484,0.22380058050196347
473,0.155,392,1872,392,402903,202707,49362,58594,1.877681648078847,0.22423947860896054
474,0.1551,268,1430,268,404333,201277,49630,58326,1.8644355107636446,0.22467382888487422
475,0.1552,287,1532,287,405865,199745,49917,58039,1.8502445440735114,0.22514585854824193
476,0.1553,372,1823,372,407688,197922,50289,57667,1.8333580347549001,0.2256239509525058
477,0.1554,457,2480,457,410168,195442,50746,57210,1.8103857126977658,0.22643794626601016
478,0.1555,448,2168,448,412336,193274,51194,56762,1.7903034569639482,0.22701530979538947
479,0.1556,326,1604,326,413940,191670,51520,56436,1.7754455518915113,0.22746729220575077
480,0.1557,294,1277,294,415217,190393,51814,56142,1.7636166586387048,0.22772425821891415
481,0.1558,323,1508,323,416725,188885,52137,55819,1.749648004742673,0.22810824506342356
482,0.1559,378,1840,378,418565,187045,52515,55441,1.7326040238615732,0.22863588000956755
483,0.156,314,1623,314,420188,185422,52829,55127,1.7175701211604728,0.2291716032908056
484,0.1561,166,786,166,420974,184636,52995,54961,1.7102893771536551,0.2293893496162306
485,0.1562,342,1792,342,422766,182844,53337,54619,1.693690021860758,0.23001057006775794
486,0.1563,249,1197,249,423963,181647,53586,54370,1.6826021712549557,0.23036476186037447
487,0.1564,229,1250,229,425213,180397,53815,54141,1.671023379895513,0.23084105773904443
488,0.1565,192,1030,192,426243,179367,54007,53949,1.6614824558153323,0.2312271768759965
489,0.1566,179,883,179,427126,178484,54186,53770,1.6533031975990218,0.2315137737132622
490,0.1567,192,1106,192,428232,177378,54378,53578,1.6430582830041869,0.23198358128821076
491,0.1568,273,1353,273,429585,176025,54651,53305,1.6305253992367261,0.23243797148214362
492,0.1569,258,1250,258,430835,174775,54909,53047,1.6189466078772834,0.23284406246982292
493,0.157,203,1129,203,431964,173646,55112,52844,1.6084886435214347,0.233317144244779
494,0.1571,103,631,103,432595,173015,55215,52741,1.602643669643188,0.2336194829816262
495,0.1572,196,906,196,433501,172109,55411,52545,1.5942513616658638,0.23389300880465072
496,0.1573,191,980,191,434481,171129,55602,52354,1.5851735892400607,0.23426390374211908
497,0.1574,153,692,153,435173,170437,55755,52201,1.5787635703434733,0.2344658144611432
498,0.1575,181,683,181,435856,169754,55936,52020,1.5724369187446738,0.23456311380053568
499,0.1576,150,803,150,436659,168951,56086,51870,1.5649987031753678,0.23489613759560912
500,0.1577,163,835,163,437494,168116,56249,51707,1.55726407054726,0.23522106421984962
501,0.1578,118,613,118,438107,167503,56367,51589,1.5515858312645894,0.2354672922790426
502,0.1579,173,699,173,438806,166804,56540,51416,1.5451109711363888,0.23561543396572265
503,0.158,111,571,111,439377,166233,56651,51305,1.5398217792433955,0.2358438525682869
504,0.1581,99,377,99,439754,165856,56750,51206,1.5363296157693875,0.23590494881646717
505,0.1582,105,546,105,440300,165310,56855,51101,1.5312719997035829,0.23612940192504078
506,0.1583,205,867,205,441167,164443,57060,50896,1.5232409500166735,0.23635291331342673
507,0.1584,124,558,124,441725,163885,57184,50772,1.5180721775538182,0.23652617897389788
508,0.1585,240,1006,240,442731,162879,57424,50532,1.5087535662677387,0.23678254635421792
509,0.1586,154,752,154,443483,162127,57578,50378,1.501787765385898,0.23706736312086774
510,0.1587,151,685,151,444168,161442,57729,50227,1.4954425877209234,0.2372902975872707
511,0.1588,189,885,189,445053,160557,57918,50038,1.4872448034384378,0.23760298202711366
512,0.1589,137,573,137,445626,159984,58055,49901,1.4819370854792693,0.23775400814731876
513,0.159,203,929,203,446555,159055,58258,49698,1.4733317277409315,0.23807083011980665
514,0.1591,256,1037,256,447592,158018,58514,49442,1.4637259624291379,0.2383206401233973
515,0.1592,161,723,161,448315,157295,58675,49281,1.4570287895068361,0.23856111068081481
516,0.1593,139,689,139,449004,156606,58814,49142,1.4506465597095113,0.23884557808581372
517,0.1594,265,1272,265,450276,155334,59079,48877,1.4388639816221425,0.23934557883757487
518,0.1595,253,1267,253,451543,154067,59332,48624,1.4271277187002112,0.23989224977922058
519,0.1596,216,1039,216,452582,153028,59548,48408,1.4175034273222424,0.24031454159137394
520,0.1597,190,782,190,453364,152246,59738,48218,1.410259735447775,0.24053196583925293
521,0.1598,207,890,207,454254,151356,59945,48011,1.4020156359998517,0.24081718639493999
522,0.1599,194,825,194,455079,150531,60139,47817,1.3943736337026196,0.2410762901566943
523,0.16,239,885,239,455964,149646,60378,47578,1.3861758494201342,0.24123838883705837
524,0.1601,296,1294,296,457258,148352,60674,47282,1.374189484604839,0.24168600550006644
525,0.1602,208,1045,208,458303,147307,60882,47074,1.364509615028345,0.24217387501864895
526,0.1603,249,1177,249,459480,146130,61131,46825,1.3536070250842935,0.24267316213624937
527,0.1604,207,835,207,460315,145295,61338,46618,1.345872392456186,0.24291215290261733
528,0.1605,152,694,152,461009,144601,61490,46466,1.3394438474934232,0.24319217865984183
529,0.1606,204,788,204,461797,143813,61694,46262,1.3321445774204306,0.24338813626200184
530,0.1607,145,642,145,462439,143171,61839,46117,1.3261977101782207,0.2436340391361312
531,0.1608,123,526,123,462965,142645,61962,45994,1.3213253547741672,0.24382020685012112
532,0.1609,175,730,175,463695,141915,62137,45819,1.3145633406202526,0.24406340886573555
533,0.161,138,604,138,464299,141311,62275,45681,1.30896846863537,0.24429387353469667
534,0.1611,98,438,98,464737,140873,62373,45583,1.3049112601430213,0.24447054532972926
535,0.1612,99,391,99,465128,140482,62472,45484,1.3012894142057876,0.2445823430089371
536,0.1613,75,352,75,465480,140130,62547,45409,1.2980288265589686,0.24474099784950873
537,0.1614,84,361,84,465841,139769,62631,45325,1.2946848716143613,0.2448755767339838
538,0.1615,70,340,70,466181,139429,62701,45255,1.291535440364593,0.24504017673431375
539,0.1616,68,389,68,466570,139040,62769,45187,1.2879321204935343,0.24527892219924333
540,0.1617,82,399,82,466969,138641,62851,45105,1.2842361702916003,0.24547473142272486
541,0.1618,107,457,107,467426,138184,62958,44998,1.2800029641705881,0.24564640630629647
542,0.1619,117,483,117,467909,137701,63075,44881,1.2755289191892993,0.24581284025807582
543,0.162,79,354,79,468263,137347,63154,44802,1.2722498054763052,0.24596346946730424
544,0.1621,90,374,90,468637,136973,63244,44712,1.2687854311015598,0.24609626551448938
545,0.1622,97,502,97,469139,136471,63341,44615,1.2641353884916078,0.24637465071844317
546,0.1623,117,471,117,469610,136000,63458,44498,1.2597724999073696,0.24652904741326773
547,0.1624,103,492,103,470102,135508,63561,44395,1.255215087628293,0.24677187150853516
548,0.1625,159,800,159,470902,134708,63720,44236,1.2478046611582496,0.24720582975679542
549,0.1626,127,634,127,471536,134074,63847,44109,1.2419318981807403,0.2475488682983225
550,0.1627,121,598,121,472134,133476,63968,43988,1.236392604394383,0.24786999053329126
551,0.1628,154,709,154,472843,132767,64122,43834,1.229825113935307,0.24820924003827838
552,0.1629,201,979,201,473822,131788,64323,43633,1.2207566045425915,0.24873304792470685
553,0.163,142,579,142,474401,131209,64465,43491,1.2153933083848976,0.2489467658843732
554,0.1631,166,696,166,475097,130513,64631,43325,1.2089462373559599,0.2492262911446289
555,0.1632,155,786,155,475883,129727,64786,43170,1.2016654933491422,0.24968622937355767
556,0.1633,156,745,156,476628,128982,64942,43014,1.1947645336989143,0.25008721133049605
557,0.1634,267,1035,267,477663,127947,65209,42747,1.185177294453296,0.25043059510000354
558,0.1635,125,554,125,478217,127393,65334,42622,1.1800455741227909,0.2506955268652766
559,0.1636,134,614,134,478831,126779,65468,42488,1.1743580718070326,0.25101171521915083
560,0.1637,144,656,144,479487,126123,65612,42344,1.168281522101597,0.25134892887034255
561,0.1638,165,685,165,480172,125438,65777,42179,1.1619363444366224,0.251639153546478
562,0.1639,100,357,100,480529,125081,65877,42079,1.1586294416243654,0.251728882507777
563,0.164,110,517,110,481046,124564,65987,41969,1.1538404535181,0.25201611692577447
564,0.1641,111,473,111,481519,124091,66098,41858,1.1494590388676869,0.2522341201212421
565,0.1642,115,497,115,482016,123594,66213,41743,1.1448553114231723,0.2524722233982714
566,0.1643,79,340,79,482356,123254,66292,41664,1.141705880173404,0.25263464267090313
567,0.1644,91,396,91,482752,122858,66383,41573,1.1380377190707325,0.25282945429997994
568,0.1645,84,311,84,483063,122547,66467,41489,1.1351569157805033,0.25292618693457536
569,0.1646,113,461,113,483524,122086,66580,41376,1.1308866575271408,0.2531230500055059
570,0.1647,51,211,51,483735,121875,66631,41325,1.1289321575456668,0.2532169117647059
571,0.1648,78,310,78,484045,121565,66709,41247,1.126060617288525,0.2533412770557453
572,0.1649,74,275,74,484320,121290,66783,41173,1.1235132831894477,0.253430011756523
573,0.165,48,221,48,484541,121069,66831,41125,1.1214661528770982,0.25355438548898235
574,0.1651,56,251,56,484792,120818,66887,41069,1.119141131572122,0.25368930179693244
575,0.1652,64,278,64,485070,120540,66951,41005,1.1165660083737818,0.25383020211086693
576,0.1653,40,213,40,485283,120327,66991,40965,1.114592982326133,0.25398035860427054
577,0.1654,95,368,95,485651,119959,67086,40870,1.111184186149913,0.25412083641631794
578,0.1655,57,245,57,485896,119714,67143,40813,1.108914743043462,0.25424383437054204
579,0.1656,67,307,67,486203,119407,67210,40746,1.106070991885583,0.25441921162887987
580,0.1657,63,260,63,486463,119147,67273,40683,1.103662603282819,0.25453919789776636
581,0.1658,86,271,86,486734,118876,67359,40597,1.1011523213160916,0.25456973907808844
582,0.1659,88,417,88,487151,118459,67447,40509,1.0972896365185816,0.2548248704141714
583,0.166,88,387,88,487538,118072,67535,40421,1.0937048427136982,0.2550333453212445
584,0.1661,67,293,67,487831,117779,67602,40354,1.0909907740190448,0.2551902512442058
585,0.1662,137,465,137,488296,117314,67739,40217,1.086683463633332,0.25529578305222467
586,0.1663,87,381,87,488677,116933,67826,40130,1.083154248026974,0.2555025690328085
587,0.1664,72,292,72,488969,116641,67898,40058,1.080449442365408,0.2556366026586002
588,0.1665,93,303,93,489272,116338,67991,39965,1.0776427433398792,0.2556892701995483
589,0.1666,65,305,65,489577,116033,68056,39900,1.0748175182481752,0.2558791275740222
590,0.1667,67,230,67,489807,115803,68123,39833,1.0726870206380377,0.2559369297591817
591,0.1668,59,214,59,490021,115589,68182,39774,1.070704731557301,0.2560068999697483
592,0.1669,71,322,71,490343,115267,68253,39703,1.0677220349031087,0.25619797380138093
593,0.167,54,203,54,490546,115064,68307,39649,1.0658416391863352,0.2562745212102409
594,0.1671,43,161,43,490707,114903,68350,39606,1.064350290859239,0.2563345824515077
595,0.1672,43,145,43,490852,114758,68393,39563,1.0630071510615435,0.25636821949054245
596,0.1673,63,200,63,491052,114558,68456,39500,1.0611545444440327,0.2563969414116761
597,0.1674,34,144,34,491196,114414,68490,39466,1.0598206676794248,0.25647257603327267
598,0.1675,56,186,56,491382,114228,68546,39410,1.05809774352514,0.25651206081828715
599,0.1676,33,114,33,491496,114114,68579,39377,1.0570417577531588,0.25654272888964175
600,0.1677,39,189,39,491685,113925,68618,39338,1.0552910444996109,0.2566699072835583
601,0.1678,34,112,34,491797,113813,68652,39304,1.0542535847938048,0.25669259455187865
602,0.1679,44,161,44,491958,113652,68696,39260,1.0527622364667086,0.25674897980537825
603,0.168,17,105,17,492063,113547,68713,39243,1.0517896179925155,0.256842725309248
604,0.1681,49,179,49,492242,113368,68762,39194,1.0501315350698432,0.2569053892843565
605,0.1682,21,121,21,492363,113247,68783,39173,1.0490107080662492,0.2570069544679176
606,0.1683,48,123,48,492486,113124,68831,39125,1.04787135499648,0.2569803414143935
607,0.1684,46,104,46,492590,113020,68877,39079,1.0469079995553745,0.25693134077147123
608,0.1685,21,63,21,492653,112957,68898,39058,1.0463244284708586,0.2569351708712956
609,0.1686,61,168,61,492821,112789,68959,38997,1.0447682389121493,0.25692092814884115
610,0.1687,79,267,79,493088,112522,69038,38918,1.0422950090777725,0.25698626518753304
611,0.1688,58,138,58,493226,112384,69096,38860,1.0410167105116899,0.25693581232974533
612,0.1689,101,268,101,493494,112116,69197,38759,1.0385342176442254,0.2568947804473902
613,0.169,42,124,42,493618,111992,69239,38717,1.0373856015413687,0.2568990571233304
614,0.1691,81,255,81,493873,111737,69320,38636,1.0350235281040423,0.256934423067971
615,0.1692,54,190,54,494063,111547,69374,38582,1.0332635518174071,0.2569923199381865
616,0.1693,37,117,37,494180,111430,69411,38545,1.0321797769461631,0.25700950158359726
617,0.1694,55,190,55,494370,111240,69466,38490,1.030419800659528,0.2570627128831897
618,0.1695,27,102,27,494472,111138,69493,38463,1.0294749712845974,0.2571038963643291
619,0.1696,47,129,47,494601,111009,69540,38416,1.028280040016303,0.2570921867157437
620,0.1697,15,55,15,494656,110954,69555,38401,1.0277705731964875,0.2571122493388236
621,0.1698,23,67,23,494723,110887,69578,38378,1.0271499499796213,0.25711318795430943
622,0.1699,23,102,23,494825,110785,69601,38355,1.0262051206046907,0.2571744669438112
623,0.17,25,78,25,494903,110707,69626,38330,1.0254826040238616,0.25718445755080954
624,0.1701,24,72,24,494975,110635,69650,38306,1.0248156656415577,0.2571890882967081
625,0.1702,19,62,19,495037,110573,69669,38287,1.0242413575901292,0.2572013972860406
626,0.1703,16,57,16,495094,110516,69685,38271,1.0237133647041388,0.2572200528271959
627,0.1704,13,61,13,495155,110455,69698,38258,1.023148319685798,0.25726062953474144
628,0.1705,25,36,25,495191,110419,69723,38233,1.022814850494646,0.25719801953555954
629,0.1706,10,25,10,495216,110394,69733,38223,1.022583274667457,0.25719130382123173
630,0.1707,8,38,8,495254,110356,69741,38215,1.02223127941013,0.25721708812621574
631,0.1708,14,47,14,495301,110309,69755,38201,1.021795916855015,0.25722846946333583
632,0.1709,18,65,18,495366,110244,69773,38183,1.021193819704324,0.2572510392314067
633,0.171,9,57,9,495423,110187,69782,38174,1.0206658268183333,0.25730481730373883
634,0.1711,24,56,24,495479,110131,69806,38150,1.0201470969654303,0.257281782561488
635,0.1712,18,57,18,495536,110074,69824,38132,1.0196191040794398,0.25729052804879693
636,0.1713,30,55,30,495591,110019,69854,38102,1.0191096372596242,0.25723563843074243
637,0.1714,20,41,20,495632,109978,69874,38082,1.0187298529030346,0.25720653789004455
638,0.1715,23,59,23,495691,109919,69897,38059,1.0181833339508688,0.25719363689197045
639,0.1716,19,41,19,495732,109878,69916,38040,1.0178035495942792,0.2571695128381941
640,0.1717,21,46,21,495778,109832,69937,38019,1.0173774500722517,0.25714401661131814
641,0.1718,15,36,15,495814,109796,69952,38004,1.0170439808810996,0.25713125845737483
642,0.1719,26,55,26,495869,109741,69978,37978,1.0165345140612843,0.2570962435434846
643,0.172,23,78,23,495947,109663,70001,37955,1.015811997480455,0.25711634082564455
644,0.1721,14,45,14,495992,109618,70015,37941,1.015395160991515,0.2571242689364932
645,0.1722,29,86,29,496078,109532,70044,37912,1.0145985401459854,0.25712813000189905
646,0.1723,30,121,30,496199,109411,70074,37882,1.0134777131423913,0.2571880537432193
647,0.1724,62,164,62,496363,109247,70136,37820,1.0119585757160325,0.2571617018093794
648,0.1725,29,85,29,496448,109162,70165,37791,1.0111712179035903,0.25716385511013723
649,0.1726,55,152,55,496600,109010,70220,37736,1.0097632368742822,0.25715181333733117
650,0.1727,19,48,19,496648,108962,70239,37717,1.0093186112860795,0.25713974052181976
651,0.1728,44,104,44,496752,108858,70283,37673,1.008355255844974,0.2570991803782135
652,0.1729,27,65,27,496817,108793,70310,37646,1.007753158694283,0.257076325295857
653,0.173,38,101,38,496918,108692,70348,37608,1.0068175923524398,0.25706083390293916
654,0.1731,15,34,15,496952,108658,70363,37593,1.0065026492274631,0.2570443962776323
655,0.1732,40,126,40,497078,108532,70403,37553,1.005335507058431,0.2570626689940788
656,0.1733,19,49,19,497127,108483,70422,37534,1.004881618437141,0.2570522610380983
657,0.1734,13,38,13,497165,108445,70435,37521,1.004529623179814,0.25705301234534067
658,0.1735,22,53,22,497218,108392,70457,37499,1.0040386824261736,0.2570343612697151
659,0.1736,9,29,9,497247,108363,70466,37490,1.0037700544666346,0.2570396220852502
660,0.1737,30,70,30,497317,108293,70496,37460,1.0031216421505058,0.2570101473040006
661,0.1738,15,41,15,497358,108252,70511,37445,1.002741857793916,0.2570059781601543
662,0.1739,6,24,6,497382,108228,70517,37439,1.0025195449998148,0.25701771849492333
663,0.174,8,37,8,497419,108191,70525,37431,1.0021768127755752,0.25704220516130805
664,0.1741,5,34,5,497453,108157,70530,37426,1.0018618696505983,0.257076719122425
665,0.1742,19,47,19,497500,108110,70549,37407,1.0014265070954833,0.25706274868228457
666,0.1743,9,45,9,497545,108065,70558,37398,1.0010096706065434,0.25709630627719765
667,0.1744,25,76,25,497621,107989,70583,37373,1.0003056800918892,0.2571029567562362
668,0.1745,13,40,13,497661,107949,70596,37360,0.9999351587683871,0.2571072679600025
669,0.1746,15,52,15,497713,107897,70611,37345,0.9994534810478343,0.2571225953925173
670,0.1747,17,39,17,497752,107858,70628,37328,0.9990922227574197,0.25710467951455374
671,0.1748,13,63,13,497815,107795,70641,37315,0.9985086516729038,0.25714974846668043
672,0.1749,12,31,12,497846,107764,70653,37303,0.9982214976471896,0.2571432510495151
673,0.175,15,52,15,497898,107712,70668,37288,0.9977398199266367,0.25715862068965517
674,0.1751,15,37,15,497935,107675,70683,37273,0.9973970877023973,0.2571473907884207
675,0.1752,23,62,23,497997,107613,70706,37250,0.9968227796509689,0.2571395042212297
676,0.1753,19,36,19,498033,107577,70725,37231,0.9964893104598169,0.25710596099663
677,0.1754,16,41,16,498074,107536,70741,37215,0.9961095261032272,0.25709666945306076
678,0.1755,23,62,23,498136,107474,70764,37192,0.9955352180517989,0.25708874234443474
679,0.1756,31,106,31,498242,107368,70795,37161,0.9945533365445182,0.25711794864698434
680,0.1757,37,167,37,498409,107201,70832,37124,0.9930064100188966,0.25722501299151224
681,0.1758,36,122,36,498531,107079,70868,37088,0.9918763199822149,0.2572572086538528
682,0.1759,35,132,35,498663,106947,70903,37053,0.9906535996146578,0.2573125
683,0.176,13,43,13,498706,106904,70916,37040,0.990255289191893,0.2573222920024454
684,0.1761,43,131,43,498837,106773,70959,36997,0.9890418318574234,0.2573346317034152
685,0.1762,45,106,45,498943,106667,71004,36952,0.9880599503501426,0.2572918624973019
686,0.1763,55,168,55,499111,106499,71059,36897,0.9865037607914335,0.257308432592262
687,0.1764,28,60,28,499171,106439,71087,36869,0.9859479788061803,0.25727105255812655
688,0.1765,35,91,35,499262,106348,71122,36834,0.9851050427952128,0.25725300666284867
689,0.1766,34,76,34,499338,106272,71156,36800,0.9844010522805587,0.2572131514202639
690,0.1767,48,112,48,499450,106160,71204,36752,0.9833635925747527,0.2571652485445589
691,0.1768,23,44,23,499494,106116,71227,36729,0.9829560191189003,0.2571248556127271
692,0.1769,29,111,29,499605,106005,71256,36700,0.9819278224461818,0.2571738901930556
693,0.177,41,55,41,499660,105950,71297,36659,0.9814183556263663,0.2570595123729919
694,0.1771,42,103,42,499763,105847,71339,36617,0.9804642632183482,0.2570263364779874
695,0.1772,18,31,18,499794,105816,71357,36599,0.980177109192634,0.25698837903310745
696,0.1773,73,151,73,499945,105665,71430,36526,0.9787783911964133,0.25687983065032244
697,0.1774,33,73,33,500018,105592,71463,36493,0.9781021897810219,0.2568392159622761
698,0.1775,6,28,6,500046,105564,71469,36487,0.9778428248545704,0.2568584522460243
699,0.1776,31,61,31,500107,105503,71500,36456,0.9772777798362295,0.25680654273416975
700,0.1777,13,38,13,500145,105465,71513,36443,0.9769257845789026,0.25680722721763394
701,0.1778,26,52,26,500197,105413,71539,36417,0.9764441068583497,0.2567651413664246
702,0.1779,11,21,11,500218,105392,71550,36406,0.9762495831635111,0.25674551122018646
703,0.178,59,135,59,500353,105257,71609,36347,0.9749990736966913,0.2566806022428745
704,0.1781,19,75,19,500428,105182,71628,36328,0.9743043462151246,0.2567168397993075
705,0.1782,28,94,28,500522,105088,71656,36300,0.9734336211048946,0.25674031742439246
706,0.1783,7,38,7,500560,105050,71663,36293,0.9730816258475675,0.2567725320673822
707,0.1784,27,59,27,500619,104991,71690,36266,0.9725351068954018,0.2567377191926772
708,0.1785,11,27,11,500646,104964,71701,36255,0.9722850050020378,0.25672891041573725
709,0.1786,34,101,34,500747,104863,71735,36221,0.9713494386601949,0.2567335771597063
710,0.1787,31,102,31,500849,104761,71766,36190,0.9704046092852644,0.25675589389220366
711,0.1788,9,26,9,500875,104735,71775,36181,0.9701637704249879,0.2567557977802379
712,0.1789,26,68,26,500943,104667,71801,36155,0.9695338841750343,0.2567425544304157
713,0.179,15,53,15,500996,104614,71816,36140,0.9690429434213939,0.2567600210295977
714,0.1791,15,28,15,501024,104586,71831,36125,0.9687835784949423,0.2567318830795034
715,0.1792,17,39,17,501063,104547,71848,36108,0.9684223202045278,0.2567132345099712
716,0.1793,21,65,21,501128,104482,71869,36087,0.9678202230538367,0.25672089863341135
717,0.1794,16,47,16,501175,104435,71885,36071,0.9673848604987217,0.25672213286265355
718,0.1795,14,31,14,501206,104404,71899,36057,0.9670977064730075,0.2567047080684318
719,0.1796,36,57,36,501263,104347,71935,36021,0.9665697135870169,0.25661831756525705
720,0.1797,13,33,13,501296,104314,71948,36008,0.9662640334951277,0.25660979746582857
721,0.1798,5,26,5,501322,104288,71953,36003,0.9660231946348512,0.2566308601407075
722,0.1799,10,26,10,501348,104262,71963,35993,0.9657823557745748,0.2566254322484047
723,0.18,28,69,28,501417,104193,71991,35965,0.9651432064915336,0.25660326203284867
724,0.1801,17,51,17,501468,104142,72008,35948,0.9646707918040683,0.25660646727104003
725,0.1802,22,70,22,501538,104072,72030,35926,0.9640223794879396,0.25661795168502405
726,0.1803,23,76,23,501614,103996,72053,35903,0.9633183889732854,0.2566351439252604
727,0.1804,44,76,44,501690,103920,72097,35859,0.9626143984586313,0.2565406820767068
728,0.1805,16,28,16,501718,103892,72113,35843,0.9623550335321798,0.25650695960210396
729,0.1806,41,89,41,501807,103803,72154,35802,0.9615306235873875,0.25645213280326634
730,0.1807,12,34,12,501841,103769,72166,35790,0.9612156804624106,0.25645067677469746
731,0.1808,29,62,29,501903,103707,72195,35761,0.9606413724109822,0.25641007256144777
732,0.1809,24,29,24,501932,103678,72219,35737,0.9603727444514432,0.2563354014991213
733,0.181,18,71,18,502003,103607,72237,35719,0.9597150691022268,0.2563699524855375
734,0.1811,22,35,22,502038,103572,72259,35697,0.9593908629441624,0.2563169118755789
735,0.1812,43,89,43,502127,103483,72302,35654,0.9585664529993702,0.25625103315437303
736,0.1813,29,55,29,502182,103428,72331,35625,0.9580569861795546,0.2561972772971457
737,0.1814,26,64,26,502246,103364,72357,35599,0.9574641520619511,0.2561761044306758
738,0.1815,22,52,22,502298,103312,72379,35577,0.9569824743413984,0.25615419507664394
739,0.1816,20,56,20,502354,103256,72399,35557,0.9564637444884954,0.25615036055700835
740,0.1817,27,83,27,502437,103173,72426,35530,0.9556949127422283,0.25615884299546515
741,0.1818,46,95,46,502532,103078,72472,35484,0.9548149245989107,0.25608752760497105
742,0.1819,15,38,15,502570,103040,72487,35469,0.9544629293415836,0.2560772224187598
743,0.182,12,48,12,502618,102992,72499,35457,0.954018303753381,0.2561015247491856
744,0.1821,18,43,18,502661,102949,72517,35439,0.9536199933306162,0.25608434257305546
745,0.1822,16,47,16,502708,102902,72533,35423,0.9531846307755011,0.25608530634375565
746,0.1823,20,68,20,502776,102834,72553,35403,0.9525547445255474,0.2561036480826407
747,0.1824,35,87,35,502863,102747,72588,35368,0.9517488606469302,0.25607645802411033
748,0.1825,13,37,13,502900,102710,72601,35355,0.9514061284226907,0.256075037120197
749,0.1826,25,79,25,502979,102631,72626,35330,0.950674348808774,0.25608686512855083
750,0.1827,15,34,15,503013,102597,72641,35315,0.9503594056837971,0.2560690875340797
751,0.1828,12,55,12,503068,102542,72653,35303,0.9498499388639816,0.25610649642714645
752,0.1829,5,7,5,503075,102535,72658,35298,0.9497850976323687,0.25609251775699576
753,0.183,21,80,21,503155,102455,72679,35277,0.9490440549853644,0.25612784247669385
754,0.1831,14,33,14,503188,102422,72693,35263,0.9487383748934751,0.25611359262083744
755,0.1832,13,56,13,503244,102366,72706,35250,0.9482196450405721,0.25614754098360654
756,0.1833,10,44,10,503288,102322,72716,35240,0.9478120715847197,0.2561753972754104
757,0.1834,19,62,19,503350,102260,72735,35221,0.9472377635332914,0.2561881278140252
758,0.1835,28,70,28,503420,102190,72763,35193,0.9465893512171626,0.25616706579416665
759,0.1836,14,28,14,503448,102162,72777,35179,0.9463299862907111,0.2561434677190351
760,0.1837,37,102,37,503550,102060,72814,35142,0.9453851569157805,0.2561332925176018
761,0.1838,23,109,23,503659,101951,72837,35119,0.9443754863092371,0.25621215437367767
762,0.1839,9,38,9,503697,101913,72846,35110,0.9440234910519101,0.2562343548163447
763,0.184,20,60,20,503757,101853,72866,35090,0.9434677090666568,0.25623799683079823
764,0.1841,20,80,20,503837,101773,72886,35070,0.9427266664196524,0.25627909355977285
765,0.1842,35,225,35,504062,101548,72921,35035,0.9406424839749528,0.25651069313164887
766,0.1843,34,88,34,504150,101460,72955,35001,0.939827337063248,0.2564908655220173
767,0.1844,15,44,15,504194,101416,72970,34986,0.9394197636073957,0.25649184029559685
768,0.1845,10,61,10,504255,101355,72980,34976,0.9388547185890548,0.2565520681283054
769,0.1846,34,102,34,504357,101253,73014,34942,0.9379098892141243,0.256558610815375
770,0.1847,37,131,37,504488,101122,73051,34905,0.9366964318796547,0.2566034684290619
771,0.1848,41,241,41,504729,100881,73092,34864,0.9344640409055541,0.2568345058749862
772,0.1849,58,250,58,504979,100631,73150,34806,0.9321482826336656,0.25699033498970003
773,0.185,43,174,43,505153,100457,73193,34763,0.9305365148764312,0.2570847507765123
774,0.1851,65,295,65,505448,100162,73258,34698,0.9278039201156026,0.25728904048643036
775,0.1852,69,225,69,505673,99937,73327,34629,0.925719737670903,0.25733840643253125
776,0.1853,75,379,75,506052,99558,73402,34554,0.9222090481307199,0.25765032211882605
777,0.1854,37,169,37,506221,99389,73439,34517,0.9206435955389233,0.25777037623407467
778,0.1855,79,323,79,506544,99066,73518,34438,0.9176516358516432,0.25795481783317353
779,0.1856,60,145,60,506689,98921,73578,34378,0.9163084960539479,0.25790140961297536
780,0.1857,56,222,56,506911,98699,73634,34322,0.9142521027085109,0.2580194104690237
781,0.1858,121,423,121,507334,98276,73755,34201,0.9103338397124755,0.2581655683628101
782,0.1859,82,385,82,507719,97891,73837,34119,0.9067675719737671,0.25845769259904555
783,0.186,87,280,87,507999,97611,73924,34032,0.9041739227092519,0.2585173537521934
784,0.1861,124,487,124,508486,97124,74048,33908,0.8996628255956131,0.25877648208071313
785,0.1862,84,235,84,508721,96889,74132,33824,0.8974860128200378,0.2587653867633671
786,0.1863,81,293,81,509014,96596,74213,33743,0.8947719441253844,0.2588864422774457
787,0.1864,69,279,69,509293,96317,74282,33674,0.8921875578939568,0.2590487033717719
788,0.1865,114,478,114,509771,95839,74396,33560,0.8877598280781059,0.2593528543497245
789,0.1866,99,313,99,510084,95526,74495,33461,0.8848604987217015,0.2594137393690837
790,0.1867,65,229,65,510313,95297,74560,33396,0.8827392641446515,0.2595012937766623
791,0.1868,60,242,60,510555,95055,74620,33336,0.8804976101374634,0.2596443675958595
792,0.1869,70,253,70,510808,94802,74690,33266,0.8781540627663122,0.259752631414561
793,0.187,74,309,74,511117,94493,74764,33192,0.875291785542258,0.25995222618161884
794,0.1871,49,162,49,511279,94331,74813,33143,0.8737911741820742,0.25999811726312816
795,0.1872,97,369,97,511648,93962,74910,33046,0.8703731149727667,0.2601883345930965
796,0.1873,116,318,116,511966,93644,75026,32930,0.8674274704509245,0.26016401472656314
797,0.1874,83,235,83,512201,93409,75109,32847,0.8652506576753493,0.2601618932961602
798,0.1875,80,250,80,512451,93159,75189,32767,0.8629348994034607,0.2602083763480139
799,0.1876,111,366,111,512817,92793,75300,32656,0.8595446292934158,0.2603129558625418
800,0.1877,84,314,84,513131,92479,75384,32572,0.8566360369039239,0.2604697283508329
801,0.1878,80,296,80,513427,92183,75464,32492,0.8538941791100078,0.26061359534790457
802,0.1879,95,347,95,513774,91836,75559,32397,0.8506799066286265,0.26077612228634905
803,0.188,74,274,74,514048,91562,75633,32323,0.8481418355626367,0.2609113290551721
804,0.1881,54,195,54,514243,91367,75687,32269,0.8463355441105636,0.2610000323530363
805,0.1882,173,589,173,514832,90778,75860,32096,0.8408796176219941,0.2612106710939662
806,0.1883,116,340,116,515172,90438,75976,31980,0.8377301863722257,0.26123609273146103
807,0.1884,153,475,153,515647,89963,76129,31827,0.8333302456556375,0.2613268741275967
808,0.1885,134,405,134,516052,89558,76263,31693,0.8295787172551781,0.26138341127083486
809,0.1886,114,340,114,516392,89218,76377,31579,0.8264292860054097,0.26142205518348965
810,0.1887,124,418,124,516810,88800,76501,31455,0.8225573381748119,0.2615691655232631
811,0.1888,116,372,116,517182,88428,76617,31339,0.8191114898662418,0.2616664022643967
812,0.1889,109,319,109,517501,88109,76726,31230,0.816156582311312,0.26169148392394775
813,0.189,145,459,145,517960,87650,76871,31085,0.8119048501241246,0.26180149071461656
814,0.1891,141,335,141,518295,87315,77012,30944,0.8088017340397939,0.26166296011297235
815,0.1892,152,490,152,518785,86825,77164,30792,0.8042628478268924,0.26179888961629694
816,0.1893,112,357,112,519142,86468,77276,30680,0.8009559450146356,0.26189094137330554
817,0.1894,80,247,80,519389,86221,77356,30600,0.7986679758420097,0.2619392061358831
818,0.1895,162,421,162,519810,85800,77518,30438,0.7947682389121494,0.26185928870076913
819,0.1896,112,330,112,520140,85470,77630,30326,0.7917114379932565,0.26189160247331517
820,0.1897,149,361,149,520501,85109,77779,30177,0.7883674830486495,0.26175771559426125
821,0.1898,211,721,211,521222,84388,77990,29966,0.7816888361925228,0.26204592755828393
822,0.1899,163,435,163,521657,83953,78153,29803,0.7776594167994368,0.261990576321249
823,0.19,109,387,109,522044,83566,78262,29694,0.7740746229945533,0.26217552533992583
824,0.1901,158,527,158,522571,83039,78420,29536,0.7691930045574122,0.2623673106817677
825,0.1902,146,416,146,522987,82623,78566,29390,0.7653395827929897,0.2623802594341728
826,0.1903,150,487,150,523474,82136,78716,29240,0.7608284856793508,0.2625341186611119
827,0.1904,71,270,71,523744,81866,78787,29169,0.7583274667457112,0.2627009501508533
828,0.1905,155,459,155,524203,81407,78942,29014,0.7540757345585238,0.26275798987511434
829,0.1906,137,387,137,524590,81020,79079,28877,0.7504909407536404,0.2627642246831124
830,0.1907,101,287,101,524877,80733,79180,28776,0.7478324502575123,0.2627729227734707
831,0.1908,101,233,101,525110,80500,79281,28675,0.7456741635481122,0.262651705976643
832,0.1909,145,433,145,525543,80067,79426,28530,0.7416632702212013,0.26271443962540403
833,0.191,138,462,138,526005,79605,79564,28392,0.7373837489347512,0.2628961915608767
834,0.1911,164,513,164,526518,79092,79728,28228,0.7326318129608359,0.26302646291464776
835,0.1912,115,313,115,526831,78779,79843,28113,0.7297324836044314,0.2630037795157729
836,0.1913,103,306,103,527137,78473,79946,28010,0.7268979954796398,0.2630466835081656
837,0.1914,123,354,123,527491,78119,80069,27887,0.7236188817666457,0.2630700149048167
838,0.1915,186,547,186,528038,77572,80255,27701,0.7185520026677535,0.26313489688714103
839,0.1916,179,529,179,528567,77043,80434,27522,0.7136518581644373,0.26320470520728734
840,0.1917,157,338,157,528905,76705,80591,27365,0.7105209529808441,0.262948015758624
841,0.1918,131,372,131,529277,76333,80722,27234,0.7070751046722739,0.2629602093330887
842,0.1919,126,360,126,529637,75973,80848,27108,0.7037404127607544,0.262977658346349
843,0.192,173,498,173,530135,75475,81021,26935,0.6991274222831524,0.26301142466556
844,0.1921,125,420,125,530555,75055,81146,26810,0.6952369483863796,0.263191478918176
845,0.1922,95,302,95,530857,74753,81241,26715,0.6924395123939383,0.26328497654432925
846,0.1923,91,237,91,531094,74516,81332,26624,0.6902441735521879,0.2632390745501285
847,0.1924,163,372,163,531466,74144,81495,26461,0.6867983252436177,0.263018736643308
848,0.1925,199,575,199,532041,73569,81694,26262,0.6814720812182741,0.2630645791387445
849,0.1926,142,419,142,532460,73150,81836,26120,0.6775908703545889,0.26312078170645714
850,0.1927,46,186,46,532646,72964,81882,26074,0.6758679462003039,0.2632726832125043
851,0.1928,110,341,110,532987,72623,81992,25964,0.6727092519174479,0.2633612950997596
852,0.1929,157,395,157,533382,72228,82149,25807,0.6690503538478639,0.2632427194369358
853,0.193,75,177,75,533559,72051,82224,25732,0.6674107969913669,0.26315412699549
854,0.1931,127,359,127,533918,71692,82351,25605,0.664085368112935,0.2631633041100959
855,0.1932,149,420,149,534338,71272,82500,25456,0.6601948942161622,0.2631709536018526
856,0.1933,72,233,72,534571,71039,82572,25384,0.658036607506762,0.2632566918681227
857,0.1934,119,289,119,534860,70750,82691,25265,0.6553595909444588,0.26313596833828046
858,0.1935,90,326,90,535186,70424,82781,25175,0.6523398421579162,0.2633395746817435
859,0.1936,95,291,95,535477,70133,82876,25080,0.6496442995294379,0.26340940837910787
860,0.1937,63,311,63,535788,69822,82939,25017,0.6467634962392086,0.26378388637585803
861,0.1938,87,209,87,535997,69613,83026,24930,0.6448275223239097,0.26368953809377743
862,0.1939,117,339,117,536336,69274,83143,24813,0.6416873541072289,0.26372400012754155
863,0.194,89,255,89,536591,69019,83232,24724,0.6393252806699026,0.2637423594295041
864,0.1941,93,285,93,536876,68734,83325,24631,0.6366853162399496,0.2638140630857388
865,0.1942,131,368,131,537244,68366,83456,24500,0.6332765200637297,0.2638209893825512
866,0.1943,125,371,125,537615,67995,83581,24375,0.6298399347882471,0.26388437804481973
867,0.1944,112,328,112,537943,67667,83693,24263,0.6268016599355293,0.2639290764712281
868,0.1945,92,200,92,538143,67467,83785,24171,0.6249490533180184,0.26376612322399007
869,0.1946,231,687,231,538830,66780,84016,23940,0.6185853495868687,0.2638888888888889
870,0.1947,115,383,115,539213,66397,84131,23825,0.6150376079143355,0.26407084746514153
871,0.1948,155,476,155,539689,65921,84286,23670,0.6106284041646597,0.26420064515408914
872,0.1949,163,557,163,540246,65364,84449,23507,0.605468894734892,0.26450698203013356
873,0.195,128,413,128,540659,64951,84577,23379,0.6016432620697321,0.26467791237405186
874,0.1951,194,564,194,541223,64387,84771,23185,0.5964189114083516,0.2647535742017997
875,0.1952,107,383,107,541606,64004,84878,23078,0.5928711697358183,0.26501458395535243
876,0.1953,195,576,195,542182,63428,85073,22883,0.5875356626773871,0.265122637902469
877,0.1954,132,400,132,542582,63028,85205,22751,0.5838304494423654,0.26522808612830645
878,0.1955,142,436,142,543018,62592,85347,22609,0.5797917670161917,0.2653607352026385
879,0.1956,128,342,128,543360,62250,85475,22481,0.5766238097002483,0.2653220190957265
880,0.1957,123,392,123,543752,61858,85598,22358,0.572992700729927,0.26548399354041985
881,0.1958,356,1097,356,544849,60761,85954,22002,0.56283115343288,0.26584343245169945
882,0.1959,113,319,113,545168,60442,86067,21889,0.5598762458779503,0.26586583425441207
883,0.196,98,293,98,545461,60149,86165,21791,0.5571621771832969,0.2659384915792043
884,0.1961,107,331,107,545792,59818,86272,21684,0.5540961132313165,0.26605482074059533
885,0.1962,194,670,194,546462,59148,86466,21490,0.5478898810626551,0.26649966517026713
886,0.1963,136,400,136,546862,58748,86602,21354,0.5441846678276335,0.2665851039924097
887,0.1964,206,648,206,547510,58100,86808,21148,0.5381822223868984,0.26685846961437515
888,0.1965,123,395,123,547905,57705,86931,21025,0.5345233243173144,0.26705194970151147
889,0.1966,101,291,101,548196,57414,87032,20924,0.5318277816888362,0.26709898133728205
890,0.1967,194,547,194,548743,56867,87226,20730,0.526760902589944,0.2671495032024434
891,0.1968,133,409,133,549152,56458,87359,20597,0.5229723220571344,0.26730257608201935
892,0.1969,103,309,103,549461,56149,87462,20494,0.5201100448330801,0.26739558733348123
893,0.197,119,248,119,549709,55901,87581,20375,0.5178128126273667,0.26712203052074046
894,0.1971,161,588,161,550297,55313,87742,20214,0.5123661491718848,0.2676393872390006
895,0.1972,170,579,170,550876,54734,87912,20044,0.507002853014191,0.26804675171841985
896,0.1973,103,278,103,551154,54456,88015,19941,0.5044277298158509,0.26803500141134723
897,0.1974,241,702,241,551856,53754,88256,19700,0.49792508058838786,0.2681950608544123
898,0.1975,82,257,82,552113,53497,88338,19618,0.4955444810848864,0.2683170348081789
899,0.1976,173,647,173,552760,52850,88511,19445,0.4895512986772389,0.2689674251331351
900,0.1977,358,1165,358,553925,51685,88869,19087,0.47875986513023827,0.2696970553326174
901,0.1978,169,478,169,554403,51207,89038,18918,0.47433213531438734,0.2697754010695187
902,0.1979,330,1362,330,555765,49845,89368,18588,0.46171588424913856,0.27162333961685153
903,0.198,253,835,253,556600,49010,89621,18335,0.4539812516210308,0.27225480733536267
904,0.1981,282,902,282,557502,48108,89903,18053,0.44562599577605694,0.272864678587083
905,0.1982,101,259,101,557761,47849,90004,17952,0.44322687020638035,0.27282260148022064
906,0.1983,265,815,265,558576,47034,90269,17687,0.4356774982400237,0.2732806971462122
907,0.1984,193,647,193,559223,46387,90462,17494,0.42968431583237615,0.27385294532020477
908,0.1985,369,1234,369,560457,45153,90831,17125,0.41825373300233426,0.27497671729984907
909,0.1986,259,798,259,561255,44355,91090,16866,0.41086183259846604,0.275493703141079
910,0.1987,401,1421,401,562676,42934,91491,16465,0.39769906258105153,0.27719321874105624
911,0.1988,313,925,313,563601,42009,91804,16152,0.38913075697506394,0.27771186877804716
912,0.1989,384,1113,384,564714,40896,92188,15768,0.3788210011486161,0.2782719186785261
913,0.199,455,1439,455,566153,39457,92643,15313,0.3654914965356256,0.2795873653459923
914,0.1991,416,1265,416,567418,38192,93059,14897,0.35377375967986957,0.28060426830416846
915,0.1992,416,1185,416,568603,37007,93475,14481,0.3427970654711179,0.28125
916,0.1993,314,946,314,569549,36061,93789,14167,0.3340342361702916,0.28205383451461336
917,0.1994,446,1392,446,570941,34669,94235,13721,0.3211400941124162,0.2835503203141145
918,0.1995,576,1735,576,572676,32934,94811,13145,0.30506873170550963,0.2852709477202196
919,0.1996,296,859,296,573535,32075,95107,12849,0.2971117862833006,0.2860163832250022
920,0.1997,425,1243,425,574778,30832,95532,12424,0.28559783615547074,0.287220270020344
921,0.1998,264,679,264,575457,30153,95796,12160,0.27930823668902144,0.28738212842388866
922,0.1999,382,983,382,576440,29170,96178,11778,0.2702026751639557,0.2876330956334864
923,0.2,329,1029,329,577469,28141,96507,11449,0.26067101411686244,0.2891891891891892
924,0.2001,263,699,263,578168,27442,96770,11186,0.254196153988662,0.2895826861344103
925,0.2002,311,929,311,579097,26513,97081,10875,0.2455907962503242,0.2908687279340965
926,0.2003,105,253,105,579350,26260,97186,10770,0.24324724887917298,0.29084526059951393
927,0.2004,95,272,95,579622,25988,97281,10675,0.24072770387935827,0.2911654801843821
928,0.2005,275,750,275,580372,25238,97556,10400,0.23378042906369262,0.291823334642797
929,0.2006,178,403,178,580775,24835,97734,10222,0.23004742672940828,0.2915822802863907
930,0.2007,264,976,264,581751,23859,97998,9958,0.22100670643595538,0.2944672797705296
931,0.2008,133,365,133,582116,23494,98131,9825,0.21762569935899811,0.2948767970227198
932,0.2009,235,555,235,582671,22939,98366,9590,0.21248471599540553,0.2948138584032709
933,0.201,96,291,96,582962,22648,98462,9494,0.20978917336692726,0.2953767656026383
934,0.2011,284,710,284,583672,21938,98746,9210,0.2032124198747638,0.2956851162193399
935,0.2012,125,444,125,584116,21494,98871,9085,0.19909963318388973,0.2970993165244122
936,0.2013,283,847,283,584963,20647,99154,8802,0.19125384415873134,0.29888960575910895
937,0.2014,96,287,96,585250,20360,99250,8706,0.18859535366260327,0.2995252184683135
938,0.2015,237,706,237,585956,19654,99487,8469,0.18205565230279003,0.30114141450058673
939,0.2016,283,805,283,586761,18849,99770,8186,0.1745989106673089,0.3027926761605326
940,0.2017,89,331,89,587092,18518,99859,8097,0.17153284671532848,0.30422693969566034
941,0.2018,54,228,54,587320,18290,99913,8043,0.16942087517136611,0.305434246003114
942,0.2019,118,294,118,587614,17996,100031,7925,0.16669754344362517,0.30573666139423633
943,0.202,196,475,196,588089,17521,100227,7729,0.16229760272703694,0.3060990099009901
944,0.2021,140,388,140,588477,17133,100367,7589,0.1587035458890659,0.30697354582962544
945,0.2022,115,316,115,588793,16817,100482,7474,0.15577642743339878,0.30768597422913835
946,0.2023,141,277,141,589070,16540,100623,7333,0.15321056726814627,0.3071670925313115
947,0.2024,186,468,186,589538,16072,100809,7147,0.14887546778317093,0.30780826047633403
948,0.2025,149,358,149,589896,15714,100958,6998,0.1455593019378265,0.30811905600563577
949,0.2026,45,109,45,590005,15605,101003,6953,0.14454963133128312,0.30822767975884385
950,0.2027,114,334,114,590339,15271,101117,6839,0.14145577828004002,0.3093170511080959
951,0.2028,108,302,108,590641,14969,101225,6731,0.13865834228759866,0.31018433179723504
952,0.2029,202,440,202,591081,14529,101427,6529,0.13458260772907482,0.3100484376483997
953,0.203,181,463,181,591544,14066,101608,6348,0.1302938234095372,0.31096306456353484
954,0.2031,65,153,65,591697,13913,101673,6283,0.12887657934714142,0.3111012081600317
955,0.2032,64,165,64,591862,13748,101737,6219,0.12734817888769498,0.31146391546050983
956,0.2033,178,384,178,592246,13364,101915,6041,0.12379117418207418,0.3113115176500902
957,0.2034,79,217,79,592463,13147,101994,5962,0.12178109600207492,0.3119995813491025
958,0.2035,128,334,128,592797,12813,102122,5834,0.11868724295083181,0.3128653402692122
959,0.2036,87,228,87,593025,12585,102209,5747,0.11657527140686946,0.31349552694741434
960,0.2037,106,258,106,593283,12327,102315,5641,0.11418540887028049,0.31394701691896704
961,0.2038,61,160,61,593443,12167,102376,5580,0.11270332357627182,0.31441933847974307
962,0.2039,68,162,68,593605,12005,102444,5512,0.11120271221608803,0.3146657532682537
963,0.204,72,169,72,593774,11836,102516,5440,0.10963725962429138,0.3148877054873813
964,0.2041,40,86,40,593860,11750,102556,5400,0.10884063877876171,0.31486880466472306
965,0.2042,53,115,53,593975,11635,102609,5347,0.10777538997369299,0.3148627959015428
966,0.2043,50,95,50,594070,11540,102659,5297,0.10689540183037534,0.3146047395616796
967,0.2044,72,192,72,594262,11348,102731,5225,0.10511689947756493,0.3152718276715139
968,0.2045,60,120,60,594382,11228,102791,5165,0.10400533550705843,0.3150735069846886
969,0.2046,26,40,26,594422,11188,102817,5139,0.10363481418355626,0.3147547008023519
970,0.2047,63,136,63,594558,11052,102880,5076,0.10237504168364889,0.31473214285714285
971,0.2048,65,131,65,594689,10921,102945,5011,0.1011615843491793,0.3145242279688677
972,0.2049,22,47,22,594736,10874,102967,4989,0.10072622179406425,0.3145054529408057
973,0.205,39,87,39,594823,10787,103006,4950,0.09992033791544704,0.3145453390099765
974,0.2051,44,132,44,594955,10655,103050,4906,0.09869761754788989,0.3152753679069469
975,0.2052,61,191,61,595146,10464,103111,4845,0.09692837822816704,0.31648050166568686
976,0.2053,40,76,40,595222,10388,103151,4805,0.09622438771351291,0.3162640689791351
977,0.2054,18,58,18,595280,10330,103169,4787,0.09568713179443478,0.3166633591321029
978,0.2055,22,43,22,595323,10287,103191,4765,0.09528882137166994,0.31656922668083975
979,0.2056,58,189,58,595512,10098,103249,4707,0.0935381081181222,0.31793313069908813
980,0.2057,35,82,35,595594,10016,103284,4672,0.09277853940494275,0.31808278867102396
981,0.2058,30,59,30,595653,9957,103314,4642,0.09223202045277706,0.31796698404000273
982,0.2059,38,106,38,595759,9851,103352,4604,0.09125013894549631,0.31850570736769285
983,0.206,23,64,23,595823,9787,103375,4581,0.09065730482789285,0.3188335189309577
984,0.2061,62,172,62,595995,9615,103437,4519,0.08906406313683353,0.3197254846469506
985,0.2062,18,58,18,596053,9557,103455,4501,0.08852680721775538,0.3201735666524399
986,0.2063,10,35,10,596088,9522,103465,4491,0.08820260105969098,0.32048811817597944
987,0.2064,53,115,53,596203,9407,103518,4438,0.08713735225462226,0.3205489346334417
988,0.2065,112,225,112,596428,9182,103630,4326,0.08505316980992256,0.3202546639028724
989,0.2066,39,85,39,596513,9097,103669,4287,0.08426581199748046,0.32030783024506876
990,0.2067,18,48,18,596561,9049,103687,4269,0.08382118640927785,0.3205436251689443
991,0.2068,30,83,30,596644,8966,103717,4239,0.08305235466301085,0.3210147671336615
992,0.2069,15,58,15,596702,8908,103732,4224,0.08251509874393272,0.32165702101736215
993,0.207,33,97,33,596799,8811,103765,4191,0.08161658453443996,0.3223350253807107
994,0.2071,49,135,49,596934,8676,103814,4142,0.08036607506762014,0.3231393353097207
995,0.2072,17,41,17,596975,8635,103831,4125,0.07998629071103042,0.3232758620689655
996,0.2073,24,77,24,597052,8558,103855,4101,0.07927303716328875,0.3239592384864523
997,0.2074,15,28,15,597080,8530,103870,4086,0.07901367223683722,0.32387444514901714
998,0.2075,72,132,72,597212,8398,103942,4014,0.07779095186928008,0.323396712858524
999,0.2076,57,109,57,597321,8289,103999,3957,0.07678128126273667,0.32312591866731993
1000,0.2077,25,75,25,597396,8214,104024,3932,0.0760865537811701,0.32372797628849004
1001,0.2078,13,48,13,597444,8166,104037,3919,0.0756419281929675,0.3242863053371949
1002,0.2079,15,44,15,597488,8122,104052,3904,0.07523435473711512,0.3246299684017961
1003,0.208,44,74,44,597562,8048,104096,3860,0.07454889028863611,0.32415183070204906
1004,0.2081,28,42,28,597604,8006,104124,3832,0.07415984289895884,0.3237033282649096
1005,0.2082,26,59,26,597663,7947,104150,3806,0.07361332394679314,0.32383221305198673
1006,0.2083,21,41,21,597704,7906,104171,3785,0.07323353959020341,0.3237533145154392
1007,0.2084,22,41,22,597745,7865,104193,3763,0.07285375523361369,0.3236154110767114
1008,0.2085,43,88,43,597833,7777,104236,3720,0.07203860832190892,0.3235626685222232
1009,0.2086,9,32,9,597865,7745,104245,3711,0.07174219126310719,0.3239350558659218
1010,0.2087,19,32,19,597897,7713,104264,3692,0.07144577420430545,0.3237176676896098
1011,0.2088,30,59,30,597956,7654,104294,3662,0.07089925525213976,0.3236125839519265
1012,0.2089,39,78,39,598034,7576,104333,3623,0.07017673867131054,0.32351102777033663
1013,0.209,9,24,9,598058,7552,104342,3614,0.06995442587720924,0.32366111409636394
1014,0.2091,5,22,5,598080,7530,104347,3609,0.06975063914928305,0.32399676811203876
1015,0.2092,25,65,25,598145,7465,104372,3584,0.06914854199859202,0.3243732464476423
1016,0.2093,18,48,18,598193,7417,104390,3566,0.06870391641038942,0.32468360193025586
1017,0.2094,27,46,27,598239,7371,104417,3539,0.06827781688836193,0.3243813015582035
1018,0.2095,6,11,6,598250,7360,104423,3533,0.06817592352439883,0.3243367300100982
1019,0.2096,5,20,5,598270,7340,104428,3528,0.06799066286264775,0.32462274567537724
1020,0.2097,15,48,15,598318,7292,104443,3513,0.06754603727444515,0.32512725590004626
1021,0.2098,14,38,14,598356,7254,104457,3499,0.06719404201711808,0.32539756347065935
1022,0.2099,14,48,14,598404,7206,104471,3485,0.06674941642891548,0.32597511925919
1023,0.21,5,8,5,598412,7198,104476,3480,0.06667531216421504,0.32590372728975464
1024,0.2101,10,34,10,598446,7164,104486,3470,0.06636036903923821,0.32631182997931163
1025,0.2102,20,42,20,598488,7122,104506,3450,0.06597132164956093,0.3263337116912599
1026,0.2103,21,20,21,598508,7102,104527,3429,0.06578606098780986,0.32561010350394076
1027,0.2104,15,25,15,598533,7077,104542,3414,0.065554485160621,0.32542179010580496
1028,0.2105,26,60,26,598593,7017,104568,3388,0.06499870317536774,0.3256126862085536
1029,0.2106,23,39,23,598632,6978,104591,3365,0.06463744488495313,0.3253408102098037
1030,0.2107,4,5,4,598637,6973,104595,3361,0.06459112971951536,0.3252370814786143
1031,0.2108,11,16,11,598653,6957,104606,3350,0.0644429211901145,0.3250218298243912
1032,0.2109,19,33,19,598686,6924,104625,3331,0.0641372410982252,0.3248171623598245
1033,0.211,13,18,13,598704,6906,104638,3318,0.06397050650264922,0.3245305164319249
1034,0.2111,11,17,11,598721,6889,104649,3307,0.0638130349401608,0.32434287956061203
1035,0.2112,26,34,26,598755,6855,104675,3281,0.06349809181518397,0.32369771112865037
1036,0.2113,11,12,11,598767,6843,104686,3270,0.06338693541813331,0.3233461880747553
1037,0.2114,18,34,18,598801,6809,104704,3252,0.06307199229315646,0.3232283073253156
1038,0.2115,7,5,7,598806,6804,104711,3245,0.0630256771277187,0.3229177032540551
1039,0.2116,17,28,17,598834,6776,104728,3228,0.06276631220126719,0.32267093162734906
1040,0.2117,13,37,13,598871,6739,104741,3215,0.06242357997702768,0.32298573437813943
1041,0.2118,10,10,10,598881,6729,104751,3205,0.062330949646152135,0.3226293537346487
1042,0.2119,10,25,10,598906,6704,104761,3195,0.06209937381896328,0.3227598747348217
1043,0.212,15,27,15,598933,6677,104776,3180,0.06184927192559932,0.3226133712082784
1044,0.2121,18,30,18,598963,6647,104794,3162,0.061571380932972694,0.3223570190641248
1045,0.2122,30,57,30,599020,6590,104824,3132,0.0610433880469821,0.3221559349927998
1046,0.2123,23,55,23,599075,6535,104847,3109,0.06053392122716662,0.32237660721692246
1047,0.2124,25,24,25,599099,6511,104872,3084,0.06031160843306532,0.32141740489838455
1048,0.2125,57,53,57,599152,6458,104929,3027,0.05982066767942495,0.31913547706905643
1049,0.2126,14,31,14,599183,6427,104943,3013,0.05953351365371077,0.3191737288135593
1050,0.2127,9,12,9,599195,6415,104952,3004,0.05942235725666012,0.3189298226988003
1051,0.2128,4,12,4,599207,6403,104956,3000,0.05931120085960947,0.3190471126236308
1052,0.2129,11,4,11,599211,6399,104967,2989,0.05927414872725925,0.3183851725607158
1053,0.213,28,63,28,599274,6336,104995,2961,0.05869057764274334,0.31848983543078413
1054,0.2131,16,35,16,599309,6301,105011,2945,0.05836637148467894,0.31851611507678995
1055,0.2132,22,34,22,599343,6267,105033,2923,0.058051428359702104,0.31806311207834603
1056,0.2133,37,56,37,599399,6211,105070,2886,0.05753269850679907,0.3172474442123777
1057,0.2134,9,10,9,599409,6201,105079,2877,0.05744006817592352,0.3169200264375413
1058,0.2135,8,16,8,599425,6185,105087,2869,0.057291859646522655,0.3168765186657831
1059,0.2136,4,11,4,599436,6174,105091,2865,0.05718996628255956,0.31695984069034183
1060,0.2137,8,14,8,599450,6160,105099,2857,0.057060283819333805,0.31684595763557727
1061,0.2138,19,20,19,599470,6140,105118,2838,0.05687502315758272,0.3161060369792827
1062,0.2139,0,3,0,599473,6137,105118,2838,0.056847234058320054,0.3162116991643454
1063,0.214,11,7,11,599480,6130,105129,2827,0.056782392826707176,0.31561906888467123
1064,0.2141,16,21,16,599501,6109,105145,2811,0.056587869131868536,0.31513452914798207
1065,0.2142,2,4,2,599505,6105,105147,2809,0.05655081699951832,0.3151222795602423
1066,0.2143,17,34,17,599539,6071,105164,2792,0.05623587387454148,0.3150174884350671
1067,0.2144,5,20,5,599559,6051,105169,2787,0.056050613212790396,0.3153428377460964
1068,0.2145,9,11,9,599570,6040,105178,2778,0.0559487198488273,0.31503742345202995
1069,0.2146,24,80,24,599650,5960,105202,2754,0.055207677201822965,0.31604314895570346
1070,0.2147,13,38,13,599688,5922,105215,2741,0.05485568194449591,0.3164030936165301
1071,0.2148,11,22,11,599710,5900,105226,2730,0.05465189521656971,0.3163383545770568
1072,0.2149,35,67,35,599777,5833,105261,2695,0.05403127199970358,0.3160178236397749
1073,0.215,26,54,26,599831,5779,105287,2669,0.05353106821297566,0.31593276515151514
1074,0.2151,14,19,14,599850,5760,105301,2655,0.053355070584312124,0.3155080213903743
1075,0.2152,8,17,8,599867,5743,105309,2647,0.05319759902182371,0.31549463647199044
1076,0.2153,8,14,8,599881,5729,105317,2639,0.053067916558597945,0.315368068833652
1077,0.2154,3,29,3,599910,5700,105320,2636,0.05279928859905888,0.31621880998080615
1078,0.2155,13,24,13,599934,5676,105333,2623,0.05257697580495758,0.3160621761658031
1079,0.2156,19,44,19,599978,5632,105352,2604,0.05216940234910519,0.3161728994657601
1080,0.2157,11,23,11,600001,5609,105363,2593,0.05195635258809145,0.3161424042916362
1081,0.2158,40,80,40,600081,5529,105403,2553,0.05121530994108711,0.31588715664439493
1082,0.2159,37,101,37,600182,5428,105440,2516,0.050279743599244135,0.31671701913393757
1083,0.216,18,21,18,600203,5407,105458,2498,0.050085219904405495,0.31600253004427575
1084,0.2161,50,51,50,600254,5356,105508,2448,0.04961280521694023,0.31368528959507946
1085,0.2162,19,40,19,600294,5316,105527,2429,0.049242283893438064,0.31362169141381535
1086,0.2163,17,30,17,600324,5286,105544,2412,0.04896439290081144,0.3133281371784879
1087,0.2164,59,143,59,600467,5143,105603,2353,0.04763977916929119,0.3139007470651014
1088,0.2165,22,34,22,600501,5109,105625,2331,0.04732483604431435,0.3133064516129032
1089,0.2166,22,43,22,600544,5066,105647,2309,0.04692652562154952,0.3130847457627119
1090,0.2167,82,175,82,600719,4891,105729,2227,0.04530549483122754,0.31286878336611407
1091,0.2168,25,40,25,600759,4851,105754,2202,0.04493497350772537,0.3122075712462782
1092,0.2169,27,51,27,600810,4800,105781,2175,0.04446255882026011,0.3118279569892473
1093,0.217,22,49,22,600859,4751,105803,2153,0.04400867019896995,0.31184820393974505
1094,0.2171,31,77,31,600936,4674,105834,2122,0.043295416651228276,0.3122424955856386
1095,0.2172,18,42,18,600978,4632,105852,2104,0.042906369261551,0.31235154394299286
1096,0.2173,37,115,37,601093,4517,105889,2067,0.04184112045648227,0.3139428918590523
1097,0.2174,61,114,61,601207,4403,105950,2006,0.040785134684501095,0.3129973474801061
1098,0.2175,21,38,21,601245,4365,105971,1985,0.04043313942717403,0.3125984251968504
1099,0.2176,50,146,50,601391,4219,106021,1935,0.03908073659639112,0.3144296392590185
1100,0.2177,32,53,32,601444,4166,106053,1903,0.03858979584275075,0.31356071840500904
1101,0.2178,46,112,46,601556,4054,106099,1857,0.03755233613694468,0.31416004060226693
1102,0.2179,46,85,46,601641,3969,106145,1811,0.036764978324502574,0.3133217993079585
1103,0.218,73,180,73,601821,3789,106218,1738,0.035097632368742825,0.3144563054098064
1104,0.2181,15,70,15,601891,3719,106233,1723,0.03444922005261403,0.3166115398750459
1105,0.2182,37,76,37,601967,3643,106270,1686,0.03374522953795991,0.31638206042409456
1106,0.2183,60,123,60,602090,3520,106330,1626,0.03260587646819074,0.31597357170617957
1107,0.2184,38,98,38,602188,3422,106368,1588,0.031698099225610434,0.31696606786427145
1108,0.2185,69,143,69,602331,3279,106437,1519,0.030373485494090184,0.3165902459358066
1109,0.2186,40,113,40,602444,3166,106477,1479,0.02932676275519656,0.31840688912809473
1110,0.2187,42,112,42,602556,3054,106519,1437,0.028289303049390493,0.3199732798931196
1111,0.2188,38,101,38,602657,2953,106557,1399,0.02735373670754752,0.32146139705882354
1112,0.2189,66,129,66,602786,2824,106623,1333,0.02615880543925303,0.3206639403415925
1113,0.219,41,110,41,602896,2714,106664,1292,0.025139871799622068,0.3225162256615077
1114,0.2191,50,95,50,602991,2619,106714,1242,0.02425988365630442,0.32167832167832167
1115,0.2192,44,101,44,603092,2518,106758,1198,0.023324317314461447,0.3223896663078579
1116,0.2193,48,83,48,603175,2435,106806,1150,0.02255548556819445,0.3207810320781032
1117,0.2194,52,141,52,603316,2294,106858,1098,0.02124939790284931,0.32370283018867924
1118,0.2195,33,73,33,603389,2221,106891,1065,0.020573196487457854,0.32410225197808884
1119,0.2196,28,82,28,603471,2139,106919,1037,0.01981362777427841,0.32651133501259444
1120,0.2197,51,107,51,603578,2032,106970,986,0.01882248323391011,0.3267064280980782
1121,0.2198,42,95,42,603673,1937,107012,944,0.017942495090592463,0.32766400555362724
1122,0.2199,32,63,32,603736,1874,107044,912,0.01735892400607655,0.3273510409188801
1123,0.22,55,137,55,603873,1737,107099,857,0.016089888473081626,0.33037779491133384
1124,0.2201,36,80,36,603953,1657,107135,821,0.015348845826077291,0.33131557707828896
1125,0.2202,11,35,11,603988,1622,107146,810,0.015024639668012894,0.33305921052631576
1126,0.2203,22,40,22,604028,1582,107168,788,0.014654118344510726,0.33248945147679326
1127,0.2204,11,32,11,604060,1550,107179,777,0.014357701285708993,0.3339063171465406
1128,0.2205,85,143,85,604203,1407,107264,692,0.013033087554188744,0.3296808003811339
1129,0.2206,8,20,8,604223,1387,107272,684,0.01284782689243766,0.3302752293577982
1130,0.2207,89,177,89,604400,1210,107361,595,0.011208270035940568,0.3296398891966759
1131,0.2208,7,24,7,604424,1186,107368,588,0.010985957241839268,0.3314543404735062
1132,0.2209,64,161,64,604585,1025,107432,524,0.009494608914743043,0.3382827630729503
1133,0.221,26,35,26,604620,990,107458,498,0.009170402756678646,0.3346774193548387
1134,0.2211,26,42,26,604662,948,107484,472,0.008781355367001371,0.3323943661971831
1135,0.2212,39,92,39,604754,856,107523,433,0.007929156322946386,0.3359193173002327
1136,0.2213,16,35,16,604789,821,107539,417,0.007604950164881989,0.3368336025848142
1137,0.2214,59,125,59,604914,696,107598,358,0.0064470710289377155,0.3396584440227704
1138,0.2215,35,76,35,604990,620,107633,323,0.005743080514283597,0.3425238600212089
1139,0.2216,51,81,51,605071,539,107684,272,0.004992774834191708,0.3353884093711467
1140,0.2217,4,4,4,605075,535,107688,268,0.004955722701841491,0.33374844333748444
1141,0.2218,53,143,53,605218,392,107741,215,0.003631108970321242,0.3542009884678748
1142,0.2219,17,28,17,605246,364,107758,198,0.0033717440438697246,0.35231316725978645
1143,0.222,11,32,11,605278,332,107769,187,0.0030753269850679905,0.3603082851637765
1144,0.2221,28,68,28,605346,264,107797,159,0.002445440735114306,0.375886524822695
1145,0.2222,21,23,21,605369,241,107818,138,0.0022323909741005597,0.3641160949868074
1146,0.2223,20,41,20,605410,200,107838,118,0.0018526066175108377,0.3710691823899371
1147,0.2224,30,31,30,605441,169,107868,88,0.0015654525917966578,0.3424124513618677
1148,0.2225,6,20,6,605461,149,107874,82,0.0013801919300455742,0.354978354978355
1149,0.2226,24,49,24,605510,100,107898,58,0.0009263033087554189,0.3670886075949367
1150,0.2227,4,4,4,605514,96,107902,54,0.0008892511764052022,0.36
1151,0.2228,18,37,18,605551,59,107920,36,0.0005465189521656972,0.37894736842105264
1152,0.2229,5,13,5,605564,46,107925,31,0.00042609952202749267,0.4025974025974026
1153,0.223,7,13,7,605577,33,107932,24,0.00030568009188928824,0.42105263157894735
1154,0.2231,2,0,2,605577,33,107934,22,0.00030568009188928824,0.4
1155,0.2232,0,2,0,605579,31,107934,22,0.00028715402571417983,0.41509433962264153
1156,0.2233,13,24,13,605603,7,107947,9,6.484123161287932e-05,0.5625
1157,0.2234,1,2,1,605605,5,107948,8,4.6315165437770945e-05,0.6153846153846154
1158,0.2236,1,0,1,605605,5,107949,7,4.6315165437770945e-05,0.5833333333333334
1159,0.2238,7,5,7,605610,0,107956,0,0.0,
