,y_proba,y_test,Neg,Pos,TN,FP,FN,TP,FP/P,Prec
0,0.1038105095989779,2,165,2,165,605445,2,107954,5.608257067694246,0.15132345293447286
1,0.1040102404271901,14,342,14,507,605103,16,107940,5.6050891103783025,0.1513793698276261
2,0.1046351225980311,3,141,3,648,604962,19,107937,5.603783022712957,0.15140573910189242
3,0.1047051177097949,16,532,16,1180,604430,35,107921,5.598855089110378,0.15149975222888717
4,0.104743164411265,4,152,4,1332,604278,39,107917,5.59744710808107,0.15152732046700693
5,0.1048602653666778,7,364,7,1696,603914,46,107910,5.5940753640372005,0.15159646204679808
6,0.1049353558276666,11,356,11,2052,603558,57,107899,5.590777724258031,0.15165920076687697
7,0.1052612915592358,4,137,4,2189,603421,61,107895,5.5895086887250365,0.15168363990125344
8,0.105440852983467,10,304,10,2493,603117,71,107885,5.58669272666642,0.1517365633289358
9,0.1055505082749086,47,1313,47,3806,601804,118,107838,5.574530364222461,0.15196112969638212
10,0.1056822387730738,61,1213,61,5019,600591,179,107777,5.563294305087258,0.1521483183881824
11,0.10606395589609,5,93,5,5112,600498,184,107772,5.562432843010115,0.15216231098309965
12,0.1060813927807806,4,107,4,5219,600391,188,107768,5.561441698469747,0.15218051313335
13,0.1061757635257711,1,37,1,5256,600354,189,107767,5.561098966245507,0.1521872674302838
14,0.1061936529962022,46,1126,46,6382,599228,235,107721,5.550668790988921,0.15237449943348105
15,0.1062051340148493,12,212,12,6594,599016,247,107709,5.54870502797436,0.15240581555767801
16,0.1062811236089928,7,227,7,6821,598789,254,107702,5.546602319463485,0.15244638643662836
17,0.1062950307585698,9,221,9,7042,598568,263,107693,5.5445551891511355,0.15248328875585654
18,0.106324247622506,48,1160,48,8202,597408,311,107645,5.533810070769573,0.15267646545720676
19,0.1063553249500023,8,70,8,8272,597338,319,107637,5.533161658453444,0.1526820100003546
20,0.1063699847168683,5,81,5,8353,597257,324,107632,5.5324113527733525,0.15269354465738577
21,0.1064048648430615,14,502,14,8855,596755,338,107618,5.5277613101634,0.15278552698641204
22,0.1064466590459585,4,202,4,9057,596553,342,107614,5.525890177479714,0.15282454304163642
23,0.1064771246714715,23,485,23,9542,596068,365,107591,5.5213976064322505,0.1529021869968266
24,0.1065095756864654,16,293,16,9835,595775,381,107575,5.518683537737597,0.1529466126395109
25,0.1065538447187548,0,15,0,9850,595760,381,107575,5.518544592241284,0.1529498745263637
26,0.106556847102774,0,40,0,9890,595720,381,107575,5.518174070917781,0.15295857357154538
27,0.1065621761332699,8,228,8,10118,595492,389,107567,5.516062099373819,0.15299853924066117
28,0.1065956557655755,3,202,3,10320,595290,392,107564,5.514190966690133,0.15303889570237916
29,0.1066088238047565,3,68,3,10388,595222,395,107561,5.513561080440179,0.15305008800725117
30,0.1066353636542161,10,187,10,10575,595035,405,107551,5.511828893252806,0.15307876900479087
31,0.1066669410142299,1,45,1,10620,594990,406,107550,5.5114120567638665,0.1530873686907507
32,0.1066777339084382,15,504,15,11124,594486,421,107535,5.506743488087739,0.15317917840064613
33,0.1066939391475649,3,103,3,11227,594383,424,107532,5.505789395679721,0.15319803679932756
34,0.1067093852590404,1,12,1,11239,594371,425,107531,5.505678239282671,0.15319944949579856
35,0.1067153698379209,44,1030,44,12269,593341,469,107487,5.49613731520249,0.15337144063878727
36,0.106753575546967,6,38,6,12307,593303,475,107481,5.4957853199451625,0.1533725085047604
37,0.106787847181977,17,470,17,12777,592833,492,107464,5.491431694394012,0.15345489128184184
38,0.1068489365302232,3,38,3,12815,592795,495,107461,5.4910796991366855,0.15345959192066902
39,0.1069288691813813,9,205,9,13020,592590,504,107452,5.489180777353737,0.1534936475240057
40,0.1069455025583419,3,7,3,13027,592583,507,107449,5.489115936122124,0.15349155467178643
41,0.1069825354571634,2,31,2,13058,592552,509,107447,5.48882878209641,0.15349593356561939
42,0.1069857887666143,6,98,6,13156,592454,515,107441,5.487921004853829,0.15351016938255024
43,0.1070139845241898,8,256,8,13412,592198,523,107433,5.485549668383415,0.15355666058250705
44,0.107046244856257,5,102,5,13514,592096,528,107428,5.484604839008485,0.15357300106929855
45,0.1070754948824197,7,57,7,13571,592039,535,107421,5.484076846122495,0.15357704514911502
46,0.1070920884089088,1,44,1,13615,591995,536,107420,5.483669272666642,0.15358549645060515
47,0.1071376939747435,5,58,5,13673,591937,541,107415,5.483132016747564,0.15359218247749346
48,0.1071630438700224,98,2037,98,15710,589900,639,107317,5.464263218348216,0.15392194969428458
49,0.107168981906848,1,106,1,15816,589794,640,107316,5.463281336840935,0.15394414080991523
50,0.1071773285805119,43,787,43,16603,589007,683,107273,5.45599132980103,0.15406589303153903
51,0.1072494061027817,2,11,2,16614,588996,685,107271,5.455889436437067,0.154065897134289
52,0.1073218323878871,101,2071,101,18685,586925,786,107170,5.436705694912742,0.1544024953356529
53,0.1073814841660765,10,91,10,18776,586834,796,107160,5.4358627589017745,0.154410556863604
54,0.1074029996292191,75,1253,75,20029,585581,871,107085,5.42425617844307,0.15459832011387883
55,0.1074742848778735,2,76,2,20105,585505,873,107083,5.423552187928415,0.15461284342206333
56,0.1075232957712918,0,18,0,20123,585487,873,107083,5.423385453332839,0.15461686183346088
57,0.1075694514794065,2,30,2,20153,585457,875,107081,5.4231075623402125,0.15462111826354655
58,0.1076084111141002,1,31,1,20184,585426,876,107080,5.422820408314498,0.1546268191178127
59,0.1076298418044561,8,172,8,20356,585254,884,107072,5.4212271666234395,0.15465546577768277
60,0.1076613973034991,5,165,5,20521,585089,889,107067,5.419698766163993,0.15468622680436203
61,0.1077139820511099,129,2142,129,22663,582947,1018,106938,5.399857349290452,0.15500844343622489
62,0.1077528464219855,2,125,2,22788,582822,1020,106936,5.398699470154507,0.15503408441801328
63,0.107753080920565,9,247,9,23035,582575,1029,106927,5.396411500981881,0.15507859295549542
64,0.1077634084967584,1,10,1,23045,582565,1030,106926,5.396318870651006,0.15507961670275608
65,0.1077681884833876,84,1769,84,24814,580796,1114,106842,5.379932565119122,0.15537535738280897
66,0.1077815803687866,42,766,42,25580,580030,1156,106800,5.3728370817740565,0.15549699343360074
67,0.1078144007964428,35,899,35,26479,579131,1191,106765,5.364509615028345,0.15565770904043763
68,0.1078433411479166,1,31,1,26510,579100,1192,106764,5.364222461002631,0.15566351346622653
69,0.1078468518114366,34,748,34,27258,578352,1226,106730,5.35729371225314,0.15579156947635467
70,0.1079053216028552,67,1347,67,28605,577005,1293,106663,5.344816406684204,0.15601578543971636
71,0.1079106413017867,31,537,31,29142,576468,1324,106632,5.339842157916188,0.15610013175230567
72,0.107928456490725,3,69,3,29211,576399,1327,106629,5.339203008633147,0.1561121945220401
73,0.1079726397791874,20,325,20,29536,576074,1347,106609,5.336192522879692,0.1561617910508977
74,0.1079841557830447,25,372,25,29908,575702,1372,106584,5.332746674571122,0.15621601498491836
75,0.108034006337389,1,35,1,29943,575667,1373,106583,5.332422468413057,0.15622279223158667
76,0.1080629020834416,15,220,15,30163,575447,1388,106568,5.330384601133796,0.15625462783076619
77,0.1080705194504477,92,2121,92,32284,573326,1480,106476,5.310737707955093,0.15662795931756598
78,0.1080729902447577,20,348,20,32632,572978,1500,106456,5.307514172440624,0.15668335702952751
79,0.1080834538733832,3,32,3,32664,572946,1503,106453,5.3072177553818225,0.15668701308067867
80,0.1081417161642664,51,882,51,33546,572064,1554,106402,5.299047760198599,0.1568273133804789
81,0.10814801742625,10,213,10,33759,571851,1564,106392,5.29707473415095,0.15686413276657482
82,0.1081638780693169,0,3,0,33762,571848,1564,106392,5.2970469450516875,0.15686482661004955
83,0.1081797259771616,1,19,1,33781,571829,1565,106391,5.296870947423024,0.15686797794226062
84,0.1081976960137476,0,33,0,33814,571796,1565,106391,5.296565267331135,0.1568756110040446
85,0.1082033860358352,21,423,21,34237,571373,1586,106370,5.292647004335099,0.15694739746482073
86,0.1082540323067608,11,138,11,34375,571235,1597,106359,5.291368705769017,0.15696567561105912
87,0.1082885013786437,19,507,19,34882,570728,1616,106340,5.286672347993627,0.15705955679488617
88,0.1083030148089083,8,106,8,34988,570622,1624,106332,5.285690466486346,0.15707418820185715
89,0.1083359408216404,15,329,15,35317,570293,1639,106317,5.2826429286005405,0.1571318780390476
90,0.1083985102835153,5,55,5,35372,570238,1644,106312,5.282133461780726,0.15713842288079224
91,0.1084053970258688,1,57,1,35429,570181,1645,106311,5.2816054688947345,0.1571504171520136
92,0.1084071991579355,4,58,4,35487,570123,1649,106307,5.281068212975657,0.15715890779533728
93,0.108412771007391,10,147,10,35634,569976,1659,106297,5.279706547111786,0.15718060605702136
94,0.1084285762768699,1,76,1,35710,569900,1660,106296,5.279002556597132,0.15719702571443783
95,0.1084434987613019,9,210,9,35920,569690,1669,106287,5.277057319648746,0.1572346396401061
96,0.1084784375212032,2,28,2,35948,569662,1671,106285,5.276797954722294,0.157238659243994
97,0.1084839234459417,2,7,2,35955,569655,1673,106283,5.276733113490681,0.15723779399885787
98,0.108556070664737,4,85,4,36040,569570,1677,106279,5.275945755678239,0.15725258156777625
99,0.1085590298191887,2,47,2,36087,569523,1679,106277,5.275510393123124,0.15726102397158923
100,0.1086506810732123,12,249,12,36336,569274,1691,106265,5.273203897884323,0.15730401945705577
101,0.1086572569536765,20,328,20,36664,568946,1711,106245,5.270165623031605,0.15735547422877377
102,0.1086577871124979,6,172,6,36836,568774,1717,106239,5.2685723813405465,0.15738807993327536
103,0.1086716604816384,0,48,0,36884,568726,1717,106239,5.268127755752343,0.1573992725548732
104,0.1086826604499229,19,380,19,37264,568346,1736,106220,5.264607803179073,0.1574642066158093
105,0.1087034843814667,2,44,2,37308,568302,1738,106218,5.264200229723221,0.1574719800747198
106,0.1087552438186352,1,4,1,37312,568298,1739,106217,5.26416317759087,0.15747166482583783
107,0.1087847008678959,6,185,6,37497,568113,1745,106211,5.2624495164696725,0.1575073703442262
108,0.1088105431486759,4,74,4,37571,568039,1749,106207,5.261764052021194,0.15751965899686465
109,0.1088439683338604,6,55,6,37626,567984,1755,106201,5.261254585201378,0.15752501168077013
110,0.1088454664219047,6,176,6,37802,567808,1761,106195,5.2596242913779685,0.15755864588139815
111,0.1088505185092024,13,335,13,38137,567473,1774,106182,5.2565211752936385,0.15762074058679887
112,0.1089486526934903,113,1558,113,39695,565915,1887,106069,5.242089369743229,0.15784453201266696
113,0.1089672042958838,0,25,0,39720,565890,1887,106069,5.24185779391604,0.15785040456337365
114,0.1089773740499769,0,31,0,39751,565859,1887,106069,5.241570639890326,0.1578576871331452
115,0.1089870698408052,7,50,7,39801,565809,1894,106062,5.241107488235948,0.15786066075184074
116,0.1090624893927853,1,41,1,39842,565768,1895,106061,5.240727703879358,0.15786904108039396
117,0.1091157207289083,25,471,25,40313,565297,1920,106036,5.23636481529512,0.15794843989495527
118,0.1091178580023705,4,58,4,40371,565239,1924,106032,5.235827559376042,0.1579570694995017
119,0.1091345476606623,1,14,1,40385,565225,1925,106031,5.235697876912816,0.15795910949026898
120,0.1091741822664307,6,81,6,40466,565144,1931,106025,5.234947571232724,0.1579706452473222
121,0.1091743237421975,180,2877,180,43343,562267,2111,105845,5.208297825039831,0.15842403668845942
122,0.1091982791583635,4,70,4,43413,562197,2115,105841,5.207649412723702,0.1584355979749655
123,0.1092008360717168,35,501,35,43914,561696,2150,105806,5.203008633146838,0.15851038648573337
124,0.1092029733451789,10,111,10,44025,561585,2160,105796,5.201980436474119,0.15852414138250864
125,0.1092127408895124,9,117,9,44142,561468,2169,105787,5.200896661602875,0.15854058793115075
126,0.1092174867754435,2,19,2,44161,561449,2171,105785,5.200720663974212,0.15854258026419518
127,0.109245608990852,19,199,19,44360,561250,2190,105766,5.198877320389788,0.1585659114623937
128,0.109256204681302,56,926,56,45286,560324,2246,105710,5.190299751750714,0.1587156211244471
129,0.1092623854657352,92,1526,92,46812,558798,2338,105618,5.1761643632591054,0.1589636613206184
130,0.1093347298513505,112,1861,112,48673,556937,2450,105506,5.158925858683167,0.15926804268442718
131,0.1093387758442369,0,23,0,48696,556914,2450,105506,5.158712808922154,0.15927357265783038
132,0.1093413200241104,76,997,76,49693,555917,2526,105430,5.1494775649338616,0.15941706849808043
133,0.109355833454375,20,301,20,49994,555616,2546,105410,5.146689391974508,0.15946422682315067
134,0.1093579707278371,4,27,4,50021,555589,2550,105406,5.146439290081144,0.15946565405184607
135,0.1093671808663443,102,1579,102,51600,554010,2652,105304,5.131812960835896,0.15971752457857713
136,0.1093861266998038,177,2866,177,54466,551144,2829,105127,5.105265108006966,0.16018839778079483
137,0.1093929094877384,0,7,0,54473,551137,2829,105127,5.105200266775353,0.16019010642058684
138,0.1093998533151379,21,360,21,54833,550777,2850,105106,5.101865574863833,0.1602511423531331
139,0.1094327214164775,26,425,26,55258,550352,2876,105080,5.0979287858016225,0.1603217419961186
140,0.1094625170783056,2,67,2,55325,550285,2878,105078,5.097308162584757,0.16033556975294608
141,0.1094929688340951,77,990,77,56315,549295,2955,105001,5.088137759828078,0.16047935490970447
142,0.1094963174067686,39,585,39,56900,548710,2994,104962,5.082718885471859,0.1605728867077066
143,0.1094993527485066,35,527,35,57427,548183,3029,104927,5.077837267034718,0.16065746964523586
144,0.1095225416237963,5,86,5,57513,548097,3034,104922,5.077040646189189,0.16067220096199344
145,0.1095237133860186,5,59,5,57572,548038,3039,104917,5.076494127237022,0.16068029190372995
146,0.1095241705349639,26,301,26,57873,547737,3065,104891,5.073705954277669,0.16072096201817881
147,0.1095625876822788,2,3,2,57876,547734,3067,104889,5.073678165178406,0.16071912880790287
148,0.1095651530397475,2,41,2,57917,547693,3069,104887,5.073298380821816,0.16072665420331606
149,0.1095786007166475,8,213,8,58130,547480,3077,104879,5.071325354774167,0.16076884046974135
150,0.1096126336588341,0,4,0,58134,547476,3077,104879,5.071288302641817,0.16076982624491265
151,0.109617956348002,1,7,1,58141,547469,3078,104878,5.071223461410204,0.16077026490502755
152,0.1096569131297283,62,1064,62,59205,546405,3140,104816,5.061367594205047,0.16095304051927073
153,0.1096862313001549,2,76,2,59281,546329,3142,104814,5.060663603690393,0.16096924945826033
154,0.1096970812007405,1,32,1,59313,546297,3143,104813,5.0603671866315905,0.16097587197247776
155,0.1097250151152112,1,24,1,59337,546273,3144,104812,5.06014487383749,0.16098051713677938
156,0.1097304276109864,53,934,53,60271,545339,3197,104759,5.051493200933714,0.16114339684170695
157,0.1097348374037094,45,348,45,60619,544991,3242,104714,5.0482696654192445,0.16117160865315797
158,0.1097453621099025,0,1,0,60620,544990,3242,104714,5.048260402386157,0.1611718567224459
159,0.1097497001079043,5,20,5,60640,544970,3247,104709,5.048075141724406,0.1611703625944505
160,0.1097547882484983,11,168,11,60808,544802,3258,104698,5.046518952165697,0.16119784449576596
161,0.1097563030269335,8,96,8,60904,544706,3266,104690,5.045629700989292,0.16121134099994455
162,0.1097584403003956,0,12,0,60916,544694,3266,104690,5.045518544592241,0.16121432003252312
163,0.1097677175080771,1,49,1,60965,544645,3267,104689,5.045064655970951,0.16122519381396938
164,0.1098078115522756,26,407,26,61372,544238,3293,104663,5.041294601504316,0.1612927087491004
165,0.1098112277822111,0,6,0,61378,544232,3293,104663,5.041239023305791,0.1612942001402384
166,0.1098879879922081,121,1959,121,63337,542273,3414,104542,5.023092741487273,0.1616258126357614
167,0.1098914587421458,11,166,11,63503,542107,3425,104531,5.021555077994739,0.16165304235136196
168,0.1098957344443428,5,99,5,63602,542008,3430,104526,5.0206380377190705,0.1616713119495649
169,0.1098967869793271,22,196,22,63798,541812,3452,104504,5.01882248323391,0.16169180400918437
170,0.1099325157998882,2,56,2,63854,541756,3454,104502,5.018303753381007,0.16170322069514034
171,0.1099331000622987,22,314,22,64168,541442,3476,104480,5.015395160991515,0.16175327671142956
172,0.1099450929381147,0,6,0,64174,541436,3476,104480,5.01533958279299,0.16175477925922258
173,0.1099627611272436,12,266,12,64440,541170,3488,104468,5.0128756159917005,0.16180584166359477
174,0.1099939585930449,3,32,3,64472,541138,3491,104465,5.012579198932898,0.1618099668062261
175,0.109998213318733,5,85,5,64557,541053,3496,104460,5.0117918411204565,0.16182478122051763
176,0.1100186825486318,1,47,1,64604,541006,3497,104459,5.011356478565341,0.16183526604850768
177,0.1100301926954436,8,89,8,64693,540917,3505,104451,5.010532068620549,0.16184719415899146
178,0.1100511335636257,1,12,1,64705,540905,3506,104450,5.010420912223498,0.1618489048663139
179,0.1100710408628395,9,199,9,64904,540706,3515,104441,5.008577568639075,0.16188713580005798
180,0.1100797843506089,8,102,8,65006,540604,3523,104433,5.007632739264145,0.1619023404858946
181,0.1100833286615414,2,53,2,65059,540551,3525,104431,5.007141798510505,0.16191304563538209
182,0.1100850600031298,3,148,3,65207,540403,3528,104428,5.005770869613547,0.16194630841259183
183,0.110115308038252,8,93,8,65300,540310,3536,104420,5.004909407536403,0.16195926977184247
184,0.1101386972711266,11,121,11,65421,540189,3547,104409,5.0037885805328095,0.1619753706961548
185,0.110144782111457,15,112,15,65533,540077,3562,104394,5.0027511208270035,0.16198401479663166
186,0.110148249333956,18,128,18,65661,539949,3580,104376,5.001565452591796,0.1619927831451519
187,0.1101691427489689,1,15,1,65676,539934,3581,104375,5.001426507095483,0.1619952538300722
188,0.1101706766478372,11,133,11,65809,539801,3592,104364,5.000194523694839,0.1620143907228738
189,0.1101769215313764,2,28,2,65837,539773,3594,104362,4.999935158768387,0.16201883145613885
190,0.1101823722249904,0,59,0,65896,539714,3594,104362,4.999388639816221,0.16203367304479596
191,0.1101884321759509,28,396,28,66292,539318,3622,104334,4.99572047871355,0.16209690951010794
192,0.1101936894212571,10,91,10,66383,539227,3632,104324,4.994877542702582,0.16210681049365164
193,0.1102148232399843,1,31,1,66414,539196,3633,104323,4.994590388676868,0.1621133175555034
194,0.110223812613935,9,148,9,66562,539048,3642,104314,4.99321945977991,0.1621388891479447
195,0.1102383260441996,0,21,0,66583,539027,3642,104314,4.993024936085072,0.16214418170146158
196,0.1102401694460513,2,12,2,66595,539015,3644,104312,4.992913779688021,0.16214460142353734
197,0.1102418396965079,10,233,10,66828,538782,3654,104302,4.990755492978621,0.16219032039360332
198,0.1102448468031058,26,437,26,67265,538345,3680,104276,4.98670754751936,0.16226671708518706
199,0.110253407701851,1,28,1,67293,538317,3681,104275,4.986448182592908,0.16227248394004282
200,0.1102557919906456,12,239,12,67532,538078,3693,104263,4.984234317684983,0.16231721157453752
201,0.1102597174246053,0,23,0,67555,538055,3693,104263,4.984021267923969,0.16232302379818098
202,0.1102703054209102,8,71,8,67626,537984,3701,104255,4.983363592574753,0.1623305342715095
203,0.1102931701134693,1,16,1,67642,537968,3702,104254,4.9832153840453515,0.1623332741637627
204,0.1103023424926787,22,218,22,67860,537750,3724,104232,4.981196042832265,0.16235969232782227
205,0.110340611207735,1,21,1,67881,537729,3725,104231,4.981001519137426,0.1623636986728145
206,0.1103461416164788,20,256,20,68137,537473,3745,104211,4.978630182667012,0.16240236627374222
207,0.1103642100915126,1,86,1,68223,537387,3746,104210,4.977833561821483,0.16242282928380275
208,0.1103655809305765,32,337,32,68560,537050,3778,104178,4.974711919670977,0.16246639260918114
209,0.1103782854562777,1,46,1,68606,537004,3779,104177,4.97428582014895,0.16247674213677574
210,0.1103785926314726,8,250,8,68856,536754,3787,104169,4.971970061877061,0.1625296642498397
211,0.1103788099965932,5,54,5,68910,536700,3792,104164,4.971469858090333,0.16253682528586408
212,0.1103918753691783,9,70,9,68980,536630,3801,104155,4.970821445774204,0.16254281857409272
213,0.1104107893733039,7,99,7,69079,536531,3808,104148,4.969904405498537,0.16255878528873274
214,0.1104243263841721,1,26,1,69105,536505,3809,104147,4.96966356663826,0.16256407534823897
215,0.1104468298502308,5,38,5,69143,536467,3814,104142,4.969311571380933,0.16256718216572044
216,0.1104885470913828,3,38,3,69181,536429,3817,104139,4.968959576123606,0.1625729040476577
217,0.1105043805992233,5,98,5,69279,536331,3822,104134,4.968051798881025,0.16259124230051603
218,0.1105217704727343,6,171,6,69450,536160,3828,104128,4.966467820223054,0.16262681793193062
219,0.1105332828389359,1,14,1,69464,536146,3829,104127,4.966338137759828,0.16262906603901772
220,0.1105382789687172,4,43,4,69507,536103,3833,104123,4.965939827337063,0.16263475710139857
221,0.1105501143519228,3,30,3,69537,536073,3836,104120,4.9656619363444365,0.16263845434111276
222,0.1105734530784759,7,85,7,69622,535988,3843,104113,4.964874578531995,0.16265089415576606
223,0.1105952849539923,9,116,9,69738,535872,3852,104104,4.963800066693838,0.16266860007250272
224,0.110599428437402,1,33,1,69771,535839,3853,104103,4.9634943866019485,0.1626756799834985
225,0.11061705275958,0,5,0,69776,535834,3853,104103,4.9634480714365115,0.1626769510123653
226,0.1106235825251947,13,188,13,69964,535646,3866,104090,4.9617066212160506,0.16270774194355173
227,0.1106387956167581,0,13,0,69977,535633,3866,104090,4.961586201785913,0.16271104837562508
228,0.1106563293203588,4,46,4,70023,535587,3870,104086,4.961160102263885,0.16271751347954344
229,0.1106707749934687,0,20,0,70043,535567,3870,104086,4.960974841602134,0.16272260116031662
230,0.1106786830161074,19,211,19,70254,535356,3889,104067,4.95902034162066,0.16275141807535856
231,0.1107142916344821,2,51,2,70305,535305,3891,104065,4.958547926933195,0.16276178112829817
232,0.1107177579270109,6,42,6,70347,535263,3897,104059,4.958158879543518,0.1627646162653561
233,0.110752845335214,8,252,8,70599,535011,3905,104051,4.9558245952054545,0.16281831809746158
234,0.1107583939537836,10,97,10,70696,534914,3915,104041,4.954926080995961,0.1628299332503854
235,0.1107657596933357,2,33,2,70729,534881,3917,104039,4.954620400904072,0.16283572278219496
236,0.1107761267284363,22,320,22,71049,534561,3939,104017,4.951656230316055,0.16288848034226047
237,0.1107792795691517,2,24,2,71073,534537,3941,104015,4.951433917521953,0.16289198060612134
238,0.1107807424359386,1,3,1,71076,534534,3942,104014,4.951406128422691,0.162891434943027
239,0.1107916198538036,9,113,9,71189,534421,3951,104005,4.950359405683797,0.16290846550735716
240,0.1108112589458624,4,20,4,71209,534401,3955,104001,4.9501741450220464,0.1629083242220419
241,0.110842372692466,14,206,14,71415,534195,3969,103987,4.94826596020601,0.16294254617021475
242,0.1108469877664235,0,12,0,71427,534183,3969,103987,4.94815480380896,0.1629456101038908
243,0.1108508750361441,5,106,5,71533,534077,3974,103982,4.947172922301679,0.16296612068789876
244,0.1108510399215942,1,27,1,71560,534050,3975,103981,4.946922820408314,0.16297170513658427
245,0.1108874041828385,12,125,12,71685,533925,3987,103969,4.94576494127237,0.16298789454047224
246,0.1109126852852682,1,10,1,71695,533915,3988,103968,4.945672310941495,0.16298913750640792
247,0.1109337524114944,0,1,0,71696,533914,3988,103968,4.945663047908407,0.16298939302253396
248,0.1109445118274269,5,35,5,71731,533879,3993,103963,4.945338841750343,0.1629917753926521
249,0.1109455063794092,16,169,16,71900,533710,4009,103947,4.9437733891585465,0.16301397146114605
250,0.1109840650024908,25,395,25,72295,533315,4034,103922,4.940114491088962,0.16308218135481775
251,0.1109876956418468,11,118,11,72413,533197,4045,103911,4.939021453184631,0.16309793629965405
252,0.1109902455801264,0,8,0,72421,533189,4045,103911,4.93894734891993,0.16309998430387695
253,0.1109978006280767,1,8,1,72429,533181,4046,103910,4.9388732446552295,0.16310071873562804
254,0.1109995319696651,0,41,0,72470,533140,4046,103910,4.93849346029864,0.16311121576014442
255,0.1110058724188023,1,41,1,72511,533099,4047,103909,4.93811367594205,0.16312040037173786
256,0.1110096394544629,1,12,1,72523,533087,4048,103908,4.938002519545,0.16312215951459588
257,0.1110248458618606,3,48,3,72571,533039,4051,103905,4.9375578939567975,0.16313051068853776
258,0.1110389634322429,1,45,1,72616,532994,4052,103904,4.937141057467858,0.1631407226902895
259,0.1110518758366539,11,202,11,72818,532792,4063,103893,4.935269924784171,0.16317802366947548
260,0.1110531692376619,1,9,1,72827,532783,4064,103892,4.935186557486383,0.16317901598146622
261,0.1111382845804703,1,38,1,72865,532745,4065,103891,4.934834562229057,0.1631874414893283
262,0.1111527980107349,0,7,0,72872,532738,4065,103891,4.934769720997443,0.16318923580295588
263,0.1111627046663115,9,151,9,73023,532587,4074,103882,4.9333710030012226,0.16321611893116553
264,0.1111671998356846,2,31,2,73054,532556,4076,103880,4.9330838489755084,0.16322143939060643
265,0.1111678796683863,1,5,1,73059,532551,4077,103879,4.9330375338100705,0.1632214069104222
266,0.1111711774281164,81,827,81,73886,531724,4158,103798,4.925377005446664,0.16332715468543968
267,0.1112076420800046,0,4,0,73890,531720,4158,103798,4.925339953314313,0.16332818267932617
268,0.1112187705043265,32,320,32,74210,531400,4190,103766,4.922375782726296,0.1633683163141604
269,0.1112681742678709,7,88,7,74298,531312,4197,103759,4.921560635814591,0.16338173212129037
270,0.1112774126080589,15,116,15,74414,531196,4212,103744,4.920486123976435,0.16339181654959523
271,0.111292757422813,2,3,2,74417,531193,4214,103742,4.920458334877172,0.16338995330230655
272,0.1112932819631285,5,14,5,74431,531179,4219,103737,4.9203286524139465,0.16338696772486438
273,0.1113017586833091,1,10,1,74441,531169,4220,103736,4.9202360220830705,0.1633882234350021
274,0.1113339117952572,1,16,1,74457,531153,4221,103735,4.92008781355367,0.16339102329859756
275,0.1113559586736031,3,95,3,74552,531058,4224,103732,4.919207825410353,0.16341152192063518
276,0.1113674197039305,12,129,12,74681,530929,4236,103720,4.918012894142058,0.16342891897726144
277,0.1113862062252154,6,61,6,74742,530868,4242,103714,4.917447849123717,0.1634367189740648
278,0.1113884096885969,3,45,3,74787,530823,4245,103711,4.917031012634777,0.163444354439636
279,0.1113919155019396,16,351,16,75138,530472,4261,103695,4.913779688021045,0.16351371168793077
280,0.1114063419913608,0,7,0,75145,530465,4261,103695,4.913714846789433,0.16351551658887348
281,0.1114067723010457,15,226,15,75371,530239,4276,103680,4.9116214013116455,0.1635540187310997
282,0.1114455496979084,0,7,0,75378,530232,4276,103680,4.911556560080032,0.16355582478325068
283,0.1114477548054712,2,7,2,75385,530225,4278,103678,4.91149171884842,0.1635549918520657
284,0.1114855254589273,9,228,9,75613,529997,4287,103669,4.909379747304458,0.16360196065435104
285,0.1114879250450111,6,17,6,75630,529980,4293,103663,4.909222275741969,0.16359843003079022
286,0.1115060751150193,0,21,0,75651,529959,4293,103663,4.90902775204713,0.16360385213897244
287,0.111511415370217,2,6,2,75657,529953,4295,103661,4.908972173848605,0.16360276130262275
288,0.1115141976563476,2,45,2,75702,529908,4297,103659,4.908555337359665,0.16361174114182084
289,0.1115196483499617,4,126,4,75828,529782,4301,103655,4.9073881951906335,0.16363900435244547
290,0.1115210242208828,7,39,7,75867,529743,4308,103648,4.907026936900219,0.16363983700431486
291,0.1115380544917299,2,37,2,75904,529706,4310,103646,4.9066842046759795,0.1636467556745696
292,0.1115437666064371,10,155,10,76059,529551,4320,103636,4.905248434547408,0.16367360669123024
293,0.1115520993649556,6,56,6,76115,529495,4326,103630,4.904729704694505,0.163680157946693
294,0.1115532675832934,0,2,0,76117,529493,4326,103630,4.90471117862833,0.16368067500311945
295,0.1116219579186741,5,30,5,76147,529463,4331,103625,4.904433287635704,0.16368182622321067
296,0.1116331250047971,0,14,0,76161,529449,4331,103625,4.904303605172478,0.16368544593523032
297,0.1116586193182609,4,37,4,76198,529412,4335,103621,4.903960872948238,0.16368972865553613
298,0.1116778873327063,9,54,9,76252,529358,4344,103612,4.90346066916151,0.1636918021391219
299,0.1116802316598709,2,16,2,76268,529342,4346,103610,4.903312460632109,0.16369329743803637
300,0.1116905986949715,8,81,8,76349,529261,4354,103602,4.902562154952017,0.16370367678312683
301,0.111693751535687,1,8,1,76357,529253,4355,103601,4.902488050687317,0.16370442471723337
302,0.1116941461810509,11,233,11,76590,529020,4366,103590,4.900329763977917,0.16375017783468487
303,0.1117074859805361,4,63,4,76653,528957,4370,103586,4.899746192893401,0.1637611988433988
304,0.1117291514941495,5,127,5,76780,528830,4375,103581,4.898569787691281,0.16378747365241908
305,0.1117406262058451,2,5,2,76785,528825,4377,103579,4.898523472525844,0.16378612405993637
306,0.1117472483921544,3,50,3,76835,528775,4380,103576,4.898060320871466,0.16379510746405082
307,0.1117616025091434,3,43,3,76878,528732,4383,103573,4.897662010448701,0.1638022789634749
308,0.1117653470026793,0,26,0,76904,528706,4383,103573,4.897421171588425,0.16380901469129924
309,0.1117725023875369,1,9,1,76913,528697,4384,103572,4.897337804290637,0.16381002389805605
310,0.1117856475950327,8,17,8,76930,528680,4392,103564,4.897180332728149,0.1638038478815141
311,0.1118323637349628,4,92,4,77022,528588,4396,103560,4.896328133684094,0.16382239602118492
312,0.1118479699329298,12,138,12,77160,528450,4408,103548,4.895049835118011,0.16384229064016026
313,0.1118482243780297,0,2,0,77162,528448,4408,103548,4.895031309051836,0.16384280913170338
314,0.1118873904768941,4,45,4,77207,528403,4412,103544,4.894614472562896,0.16384918355495
315,0.1119203443853376,0,8,0,77215,528395,4412,103544,4.894540368298196,0.1638512577954518
316,0.1119543288845512,0,7,0,77222,528388,4412,103544,4.894475527066582,0.16385307279897204
317,0.1119596148131625,1,41,1,77263,528347,4413,103543,4.894095742709993,0.16386238111063633
318,0.111987361117621,3,33,3,77296,528314,4416,103540,4.893790062618104,0.16386696926821703
319,0.1119951507392205,1,28,1,77324,528286,4417,103539,4.893530697691652,0.1638729078463182
320,0.1119981734362441,2,39,2,77363,528247,4419,103537,4.8931694394012375,0.16388037683765339
321,0.1120402765477896,9,77,9,77440,528170,4428,103528,4.892456185853496,0.16388844036232503
322,0.1120557097015599,8,86,8,77526,528084,4436,103520,4.891659565007966,0.16390016529344337
323,0.1121180185609099,0,3,0,77529,528081,4436,103520,4.891631775908704,0.16390094379204592
324,0.112125391890598,12,209,12,77738,527872,4448,103508,4.889695801993405,0.16393930754854447
325,0.1121582567817991,9,133,9,77871,527739,4457,103499,4.88846381859276,0.1639619287812204
326,0.1121852858618697,7,102,7,77973,527637,4464,103492,4.8875189892178295,0.1639791548162103
327,0.1121889878720205,16,86,16,78059,527551,4480,103476,4.8867223683723,0.1639803051216509
328,0.1121918845745942,0,10,0,78069,527541,4480,103476,4.8866297380414245,0.16398290378864594
329,0.1122803892732562,5,75,5,78144,527466,4485,103471,4.885935010559858,0.16399577136861526
330,0.1122867845640396,38,426,38,78570,527040,4523,103433,4.88198895846456,0.1640561927314889
331,0.1123127291060891,41,396,41,78966,526644,4564,103392,4.878320797361888,0.1641049082909548
332,0.112320813957896,1,0,1,78966,526644,4565,103391,4.878320797361888,0.1641035815470569
333,0.1123275217050977,0,5,0,78971,526639,4565,103391,4.87827448219645,0.1641048838944177
334,0.1123480202290106,2,0,2,78971,526639,4567,103389,4.87827448219645,0.16410223037706262
335,0.1123870760230479,19,204,19,79175,526435,4586,103370,4.876384823446589,0.1641301672739975
336,0.1123878306901795,1,7,1,79182,526428,4587,103369,4.8763199822149765,0.16413066432517145
337,0.1124091696976954,1,20,1,79202,526408,4588,103368,4.876134721553226,0.16413454942709788
338,0.1124181987076485,17,202,17,79404,526206,4605,103351,4.87426358886954,0.16416464275673212
339,0.1124205470815546,0,6,0,79410,526200,4605,103351,4.874208010671014,0.16416620734459955
340,0.1124383151174608,13,74,13,79484,526126,4618,103338,4.873522546222535,0.16416824472884867
341,0.1124714726077186,8,139,8,79623,525987,4626,103330,4.872234984623365,0.16419388003184404
342,0.1125121000659142,13,271,13,79894,525716,4639,103317,4.8697247026566375,0.1642473447339011
343,0.1125176039064539,16,123,16,80017,525593,4655,103301,4.868585349586868,0.16425820567536023
344,0.1125234304602692,16,231,16,80248,525362,4671,103285,4.866445588943644,0.16429729243915903
345,0.1125351326546361,0,4,0,80252,525358,4671,103285,4.866408536811294,0.16429833784834955
346,0.1125419399417172,50,825,50,81077,524533,4721,103235,4.858766534514062,0.16444769405257995
347,0.112544551080908,10,82,10,81159,524451,4731,103225,4.8580069658008815,0.16445586576513999
348,0.1125730912847961,2,13,2,81172,524438,4733,103223,4.857886546370744,0.16445660953922578
349,0.1126003296005342,1,24,1,81196,524414,4734,103222,4.857664233576642,0.1644615668954617
350,0.1126181508855277,52,834,52,82030,523580,4786,103170,4.849938863981622,0.16461108895093737
351,0.1126219579470714,2,11,2,82041,523569,4788,103168,4.849836970617659,0.16461131224101977
352,0.1126249448535797,4,27,4,82068,523542,4792,103164,4.849586868724295,0.16461307215823687
353,0.1126475889814123,61,712,61,82780,522830,4853,103103,4.8429915891659565,0.16471890761471275
354,0.1126614398099946,5,20,5,82800,522810,4858,103098,4.842806328504206,0.1647174984182979
355,0.1126617203586896,0,7,0,82807,522803,4858,103098,4.842741487272592,0.16471934059859306
356,0.1126703390486588,16,119,16,82926,522684,4874,103082,4.841639186335174,0.16472930776040884
357,0.1126757897422728,17,282,17,83208,522402,4891,103065,4.839027011004483,0.1647808757296548
358,0.1126784278429274,11,124,11,83332,522278,4902,103054,4.837878394901627,0.1647988588461809
359,0.1126808588458147,4,9,4,83341,522269,4906,103050,4.837795027603838,0.1647958881786736
360,0.1127011390645102,8,25,8,83366,522244,4914,103042,4.83756345177665,0.16479179127631197
361,0.1127082407572666,4,103,4,83469,522141,4918,103038,4.836609359368632,0.16481359738570872
362,0.1127100601963881,3,19,3,83488,522122,4921,103035,4.836433361739968,0.1648145985728385
363,0.112731343273096,12,146,12,83634,521976,4933,103023,4.835080958909185,0.164837063739302
364,0.112746835701498,3,22,3,83656,521954,4936,103020,4.834877172181259,0.16483885729646353
365,0.1127603046260029,14,178,14,83834,521776,4950,103006,4.833228352291674,0.1648671056464495
366,0.112762441899465,2,27,2,83861,521749,4952,103004,4.832978250398311,0.164871557239421
367,0.1127654288059733,2,43,2,83904,521706,4954,103002,4.832579939975545,0.16488023204441116
368,0.1127884735397225,3,58,3,83962,521648,4957,102999,4.832042684056468,0.16489153073656002
369,0.1128164586159044,36,495,36,84457,521153,4993,102963,4.8274574826781285,0.16497413942279962
370,0.1128340287250174,11,141,11,84598,521012,5004,102952,4.826151395012783,0.16499669852747914
371,0.1128505441487817,5,59,5,84657,520953,5009,102947,4.825604876060617,0.16500560987337715
372,0.1128650575790463,1,10,1,84667,520943,5010,102946,4.825512245729742,0.16500691629440492
373,0.1128852928864606,26,279,26,84946,520664,5036,102920,4.822927859498314,0.1650459280546005
374,0.1128906506456227,7,31,7,84977,520633,5043,102913,4.8226407054726,0.16504476012996636
375,0.1129007885783965,45,406,45,85383,520227,5088,102868,4.818879914039053,0.16509200041727184
376,0.1129018330841563,0,3,0,85386,520224,5088,102868,4.818852124939791,0.1650927952854474
377,0.1129177439014545,8,109,8,85495,520115,5096,102860,4.817842454333247,0.16511095950880855
378,0.1129205670445658,2,17,2,85512,520098,5098,102858,4.817684982770759,0.1651127848515786
379,0.112926354794857,7,80,7,85592,520018,5105,102851,4.816943940123754,0.16512460886639085
380,0.1129547485143248,2,23,2,85615,519995,5107,102849,4.816730890362741,0.16512802563723822
381,0.1129714559985626,20,210,20,85825,519785,5127,102829,4.814785653414354,0.16515690299286556
382,0.1130055415314399,3,19,3,85844,519766,5130,102826,4.814609655785691,0.16515792043585525
383,0.113005854513835,80,722,80,86566,519044,5210,102746,4.8079217458964765,0.16524228437253735
384,0.1130325053859983,2,34,2,86600,519010,5212,102744,4.8076068027715,0.16524863531235826
385,0.1130398638571332,2,52,2,86652,518958,5214,102742,4.807125125050947,0.16525977159401642
386,0.1130435318692052,12,110,12,86762,518848,5226,102730,4.806106191411316,0.1652729021940931
387,0.1130788974154859,3,14,3,86776,518834,5229,102727,4.80597650894809,0.16527259593185545
388,0.1131104702768624,4,14,4,86790,518820,5233,102723,4.805846826484864,0.1652709466601667
389,0.1131324780531571,21,248,21,87038,518572,5254,102702,4.803549594279151,0.16530870437198403
390,0.1131516419070456,4,47,4,87085,518525,5258,102698,4.803114231724035,0.16531583666412866
391,0.113156838690669,5,49,5,87134,518476,5263,102693,4.802660343102746,0.165322158703992
392,0.1131684421027931,1,9,1,87143,518467,5264,102692,4.802576975804958,0.1653232103213509
393,0.1131749512779995,73,669,73,87812,517798,5337,102619,4.796380006669384,0.16540326909159483
394,0.1131948612397915,2,15,2,87827,517783,5339,102617,4.79624106117307,0.16540457769181174
395,0.113216513561339,2,18,2,87845,517765,5341,102615,4.796074326577495,0.16540668622457202
396,0.1132513416565012,0,14,0,87859,517751,5341,102615,4.795944644114269,0.16541041901071304
397,0.1132519333660539,2,40,2,87899,517711,5343,102613,4.795574122790766,0.16541839425848429
398,0.1132655271516048,0,1,0,87900,517710,5343,102613,4.795564859757679,0.16541866092342214
399,0.113274159953221,5,14,5,87914,517696,5348,102608,4.795435177294453,0.16541566715674894
400,0.1132900384343787,58,502,58,88416,517194,5406,102550,4.790785134684501,0.16547154954303714
401,0.1132921833368618,1,41,1,88457,517153,5407,102549,4.790405350327911,0.1654811506175549
402,0.1133023026567147,1,0,1,88457,517153,5408,102548,4.790405350327911,0.16547980396997908
403,0.1133208077072854,0,10,0,88467,517143,5408,102548,4.7903127199970355,0.1654824743299483
404,0.113352787083996,1,15,1,88482,517128,5409,102547,4.7901737745007225,0.1654851333360229
405,0.1133719255711211,9,28,9,88510,517100,5418,102538,4.789914409574271,0.1654804902217101
406,0.1133976529384212,0,22,0,88532,517078,5418,102538,4.789710622846345,0.16548636574910913
407,0.1134036259869645,4,76,4,88608,517002,5422,102534,4.789006632331691,0.165501278376075
408,0.1134059230500938,2,31,2,88639,516971,5424,102532,4.7887194783059766,0.16550686598773534
409,0.1134060111039984,0,7,0,88646,516964,5424,102532,4.788654637074363,0.16550873613388947
410,0.113431686837199,0,3,0,88649,516961,5424,102532,4.788626847975101,0.16550953763803627
411,0.1134379024268045,4,43,4,88692,516918,5428,102528,4.788228537552336,0.1655156381670073
412,0.1134667612996433,3,85,3,88777,516833,5431,102525,4.787441179739894,0.1655343113352859
413,0.1134830082285336,5,96,5,88873,516737,5436,102520,4.7865519285634885,0.16555323557101495
414,0.1134836630974088,8,19,8,88892,516718,5444,102512,4.786375930934826,0.16554753484165818
415,0.1135213941724899,11,75,11,88967,516643,5455,102501,4.785681203453259,0.16555276316979572
416,0.1135235118310424,2,37,2,89004,516606,5457,102499,4.785338471229019,0.16555996155740949
417,0.1135394168201149,0,5,0,89009,516601,5457,102499,4.785292156063582,0.1655612986593442
418,0.1135559628460363,0,5,0,89014,516596,5457,102499,4.785245840898144,0.1655626357828766
419,0.1135609204327521,0,6,0,89020,516590,5457,102499,4.785190262699619,0.1655642403596252
420,0.1135659964075162,0,2,0,89022,516588,5457,102499,4.785171736633443,0.16556477522545296
421,0.113590502533712,14,145,14,89167,516443,5471,102485,4.783828596835748,0.1655846883643978
422,0.1135928998094627,4,19,4,89186,516424,5475,102481,4.783652599207084,0.16558437886266875
423,0.11359533081235,0,1,0,89187,516423,5475,102481,4.783643336173997,0.16558464640719725
424,0.1136138358629206,4,22,4,89209,516401,5479,102477,4.78343954944607,0.1655851395590084
425,0.1136245321629233,0,4,0,89213,516397,5479,102477,4.783402497313721,0.16558620979391606
426,0.1136408940407673,0,3,0,89216,516394,5479,102477,4.783374708214458,0.1655870124791758
427,0.1136427972158275,1,19,1,89235,516375,5480,102476,4.783198710585794,0.16559074801527346
428,0.1136458152396313,0,33,0,89268,516342,5480,102476,4.782893030493905,0.16559957855136728
429,0.1136616974151656,7,62,7,89330,516280,5487,102469,4.782318722442477,0.16560673229370876
430,0.1136747765925381,4,44,4,89374,516236,5491,102465,4.781911148986624,0.16561311522043765
431,0.1136799007725085,0,11,0,89385,516225,5491,102465,4.781809255622661,0.16561605973912621
432,0.1136802833203414,5,59,5,89444,516166,5496,102460,4.781262736670495,0.16562511113338269
433,0.113681750813787,1,13,1,89457,516153,5497,102459,4.7811423172403575,0.16562724292448255
434,0.1136872015074011,1,39,1,89496,516114,5498,102458,4.780781058949943,0.16563633659460822
435,0.1136898072111163,1,21,1,89517,516093,5499,102457,4.780586535255104,0.16564061110662032
436,0.113698951205729,7,40,7,89557,516053,5506,102450,4.780216013931602,0.16564188047592332
437,0.1137196525223949,2,20,2,89577,516033,5508,102448,4.780030753269851,0.16564453879747315
438,0.1137309305824397,4,113,4,89690,515920,5512,102444,4.778984030530957,0.1656694115440097
439,0.1137650161153169,1,4,1,89694,515916,5513,102443,4.778946978398607,0.1656691339496959
440,0.1137790045820398,7,72,7,89766,515844,5520,102436,4.778280040016303,0.16567898039723103
441,0.1137795295455816,1,1,1,89767,515843,5521,102435,4.778270776983216,0.16567789893866514
442,0.1137832811682211,0,29,0,89796,515814,5521,102435,4.778002149023676,0.165685670336709
443,0.1138114555970336,8,83,8,89879,515731,5529,102427,4.7772333172774095,0.16569711950666335
444,0.1138152605449317,13,91,13,89970,515640,5542,102414,4.776390381266442,0.16570396761448028
445,0.1138454404901456,3,14,3,89984,515626,5545,102411,4.776260698803216,0.16570367146303538
446,0.1138534968874749,1,21,1,90005,515605,5546,102410,4.776066175108378,0.1657079520723607
447,0.1138539485883873,0,30,0,90035,515575,5546,102410,4.775788284115751,0.1657159963429533
448,0.1138701048763954,0,1,0,90036,515574,5546,102410,4.775779021082664,0.16571626449875726
449,0.1138859279650979,4,58,4,90094,515516,5550,102406,4.775241765163585,0.1657264185447354
450,0.1138967046515889,2,24,2,90118,515492,5552,102404,4.7750194523694836,0.16573015523647994
451,0.1138973627290042,0,1,0,90119,515491,5552,102404,4.775010189336396,0.16573042345382305
452,0.1139058090256297,0,4,0,90123,515487,5552,102404,4.7749731372040465,0.1657314963318773
453,0.1139291556665827,0,15,0,90138,515472,5552,102404,4.774834191707733,0.165735519748299
454,0.1139372435647843,9,48,9,90186,515424,5561,102395,4.77438956611953,0.16573624313917182
455,0.1139377540105638,0,20,0,90206,515404,5561,102395,4.774204305457779,0.16574160851668585
456,0.1139392132376175,2,5,2,90211,515399,5563,102393,4.774157990292341,0.1657402491453434
457,0.1139464372045128,3,25,3,90236,515374,5566,102390,4.773926414465152,0.1657429050575948
458,0.1139613900053106,2,2,2,90238,515372,5568,102388,4.773907888398977,0.16574074074074074
459,0.1139933693820212,0,3,0,90241,515369,5568,102388,4.773880099299714,0.16574154562392657
460,0.113997335396163,3,22,3,90263,515347,5571,102385,4.773676312571789,0.16574339681285735
461,0.1140102039890098,0,6,0,90269,515341,5571,102385,4.773620734373263,0.16574500668581216
462,0.1140172662789632,2,48,2,90317,515293,5573,102383,4.77317610878506,0.16575518556654298
463,0.1140549436343335,1,15,1,90332,515278,5574,102382,4.773037163288747,0.16575786031149822
464,0.1140630000316627,2,37,2,90369,515241,5576,102380,4.772694431064508,0.16576508894613362
465,0.1140982929133219,8,82,8,90451,515159,5584,102372,4.771934862351328,0.16577629301201074
466,0.1141039975857345,7,47,7,90498,515112,5591,102365,4.771499499796214,0.16577945413351428
467,0.1141218820419906,0,3,0,90501,515109,5591,102365,4.77147171069695,0.16578025957368245
468,0.114132806649866,0,2,0,90503,515107,5591,102365,4.771453184630776,0.16578079653814262
469,0.1141544055087722,6,53,6,90556,515054,5597,102359,4.770962243877135,0.1657869205863822
470,0.1141548957773847,6,48,6,90604,515006,5603,102353,4.770517618288933,0.16579170304474383
471,0.1141775120669926,5,52,5,90656,514954,5608,102348,4.77003594056838,0.16579891203981195
472,0.1142394148246379,3,15,3,90671,514939,5611,102345,4.769896995072067,0.16579888673608906
473,0.1142544181609458,0,2,0,90673,514937,5611,102345,4.769878469005891,0.1657994239261796
474,0.1142853508531076,2,10,2,90683,514927,5613,102343,4.769785838675015,0.1657994070665997
475,0.1142855717183492,0,2,0,90685,514925,5613,102343,4.769767312608841,0.16579994427055994
476,0.1142863975376564,0,4,0,90689,514921,5613,102343,4.76973026047649,0.16580101868892402
477,0.1142894546250092,2,26,2,90715,514895,5615,102341,4.769489421616214,0.16580529975568503
478,0.1143203950166291,0,5,0,90720,514890,5615,102341,4.769443106450776,0.16580664289382743
479,0.1143239639620291,19,140,19,90860,514750,5634,102322,4.7681462818185185,0.16581857546607204
480,0.1143350724482143,6,90,6,90950,514660,5640,102316,4.767312608840639,0.1658346515909857
481,0.1143773747929879,1,13,1,90963,514647,5641,102315,4.7671921894105,0.16583679383819425
482,0.1143952492106836,0,1,0,90964,514646,5641,102315,4.767182926377413,0.16583706263442907
483,0.1144103435904302,4,50,4,91014,514596,5645,102311,4.766719774723035,0.16584509496569175
484,0.1144573302417056,19,109,19,91123,514487,5664,102292,4.765710104116492,0.16584870755975803
485,0.1144753923992873,0,4,0,91127,514483,5664,102292,4.765673051984142,0.16584978314620405
486,0.1144950748625371,1,0,1,91127,514483,5665,102291,4.765673051984142,0.16584843070557448
487,0.1145181253188457,0,6,0,91133,514477,5665,102291,4.765617473785617,0.16585004410086127
488,0.1145283078294559,0,1,0,91134,514476,5665,102291,4.765608210752529,0.1658503130031276
489,0.1145572691823627,1,2,1,91136,514474,5666,102290,4.765589684686354,0.1658494983494497
490,0.1145823616363091,3,10,3,91146,514464,5669,102287,4.765497054355478,0.16584812995844353
491,0.1145918665674632,0,1,0,91147,514463,5669,102287,4.765487791322391,0.16584839886501823
492,0.1146134231722643,2,9,2,91156,514454,5671,102285,4.765404424024602,0.16584811403202976
493,0.1146208209464972,8,76,8,91232,514378,5679,102277,4.764700433509948,0.16585773244358676
494,0.1146444426673311,27,241,27,91473,514137,5706,102250,4.762468042535848,0.1658860423727301
495,0.1146738107547955,1,12,1,91485,514125,5707,102249,4.7623568861387975,0.16588791869871214
496,0.114691931259112,1,11,1,91496,514114,5708,102248,4.762254992774834,0.1658895259603934
497,0.1146977531347564,2,4,2,91500,514110,5710,102246,4.762217940642484,0.16588789595623307
498,0.1147494269486849,0,7,0,91507,514103,5710,102246,4.762153099410871,0.16588977997855112
499,0.1147684205549225,1,2,1,91509,514101,5711,102245,4.762134573344696,0.16588896496448424
500,0.114852225977099,0,4,0,91513,514097,5711,102245,4.762097521212346,0.16589004156783085
501,0.1149321435969928,1,4,1,91517,514093,5712,102244,4.762060469079995,0.16588976485266987
502,0.1149515292445071,0,20,0,91537,514073,5712,102244,4.761875208418244,0.1658951481137142
503,0.1150270833360875,4,29,4,91566,514044,5716,102240,4.7616065804587056,0.16589754074420235
504,0.115168890127481,0,3,0,91569,514041,5716,102240,4.761578791359443,0.16589834831838074
505,0.1151807400801352,6,71,6,91640,513970,5722,102234,4.760921116010226,0.16590934171151112
506,0.1151907730124462,2,29,2,91669,513941,5724,102232,4.760652488050687,0.16591444285939178
507,0.1153248155569654,0,12,0,91681,513929,5724,102232,4.760541331653637,0.16591767411439542
508,0.1153918322892488,0,20,0,91701,513909,5724,102232,4.760356070991886,0.16592305981909986
509,0.115400276156634,6,44,6,91745,513865,5730,102226,4.759948497536033,0.16592678678961387
510,0.115410591746861,0,5,0,91750,513860,5730,102226,4.759902182370595,0.16592813340994603
511,0.1154714386754589,0,13,0,91763,513847,5730,102226,4.759781762940457,0.16593163472510564
512,0.1155742814232196,0,7,0,91770,513840,5730,102226,4.759716921708844,0.16593352010985835
513,0.1156585511010845,0,18,0,91788,513822,5730,102226,4.759550187113268,0.16593836843882295
514,0.1156848604448841,5,56,5,91844,513766,5735,102221,4.759031457260365,0.16594668393975848
515,0.1156888350062103,8,106,8,91950,513660,5743,102213,4.758049575753085,0.16596441149392813
516,0.1157837845674074,1,7,1,91957,513653,5744,102212,4.757984734521472,0.16596494361588984
517,0.1158521592275971,2,6,2,91963,513647,5746,102210,4.757929156322946,0.16596385199810995
518,0.1158529572011423,3,9,3,91972,513638,5749,102207,4.757845789025159,0.1659622145182635
519,0.1159080341736152,0,6,0,91978,513632,5749,102207,4.7577902108266334,0.1659638314559487
520,0.1159475392421321,0,2,0,91980,513630,5749,102207,4.757771684760458,0.16596437044217868
521,0.1159926431799907,3,16,3,91996,513614,5752,102204,4.757623476231057,0.16596461941677573
522,0.1160202013276983,27,269,27,92265,513345,5779,102177,4.755131720330505,0.1660005653737803
523,0.1160326545849405,1,18,1,92283,513327,5780,102176,4.754964985734929,0.16600406496800177
524,0.1160821680367704,5,32,5,92315,513295,5785,102171,4.754668568676127,0.16600592071698517
525,0.1160828990145553,8,92,8,92407,513203,5793,102163,4.753816369632072,0.16601989710188733
526,0.1160951465992407,0,12,0,92419,513191,5793,102163,4.753705213235022,0.1660231346509489
527,0.1161015536842847,10,87,10,92506,513104,5803,102153,4.752899329356405,0.16603305610500976
528,0.1161247693601603,0,4,0,92510,513100,5803,102153,4.752862277224054,0.16603413555074092
529,0.1161337052223224,0,25,0,92535,513075,5803,102153,4.752630701396866,0.16604088240457196
530,0.1161832247283986,7,89,7,92624,512986,5810,102146,4.751806291452073,0.16605541574816463
531,0.1161876519675988,3,3,3,92627,512983,5813,102143,4.751778502352811,0.16605215841957582
532,0.1162405673977673,1,4,1,92631,512979,5814,102142,4.75174145022046,0.1660518824751553
533,0.1163063042557841,2,2,2,92633,512977,5816,102140,4.751722924154285,0.16604971086801373
534,0.1163169607765619,0,13,0,92646,512964,5816,102140,4.751602504724147,0.1660532202684424
535,0.1163208176479479,3,37,3,92683,512927,5819,102137,4.751259772499908,0.1660591418128845
536,0.1163256827405757,3,37,3,92720,512890,5822,102134,4.7509170402756675,0.16606506412757877
537,0.1163307645199128,19,199,19,92919,512691,5841,102115,4.749073696691244,0.16609304398460653
538,0.1163469144047573,10,113,10,93032,512578,5851,102105,4.748026973952351,0.1661100111764926
539,0.1163759271701905,19,225,19,93257,512353,5870,102086,4.745942791507651,0.16614505264151527
540,0.116480680123234,0,2,0,93259,512351,5870,102086,4.745924265441476,0.1661455934457072
541,0.1165027941575661,0,6,0,93265,512345,5870,102086,4.745868687242951,0.16614721587940712
542,0.1165536923492163,1,8,1,93273,512337,5871,102085,4.745794582978251,0.1661480220434815
543,0.1165564175489451,11,125,11,93398,512212,5882,102074,4.744636703842306,0.16616689945725607
544,0.1165993324114193,2,9,2,93407,512203,5884,102072,4.744553336544518,0.16616661918521836
545,0.1166205911443828,0,3,0,93410,512200,5884,102072,4.744525547445256,0.16616743071473222
546,0.1166706644407143,1,1,1,93411,512199,5885,102071,4.7445162844121676,0.16616634379019
547,0.1167338690200458,1,22,1,93433,512177,5886,102070,4.744312497684242,0.16617093774979771
548,0.1167443323784515,1,18,1,93451,512159,5887,102069,4.744145763088666,0.16617444987854674
549,0.1168341604790541,2,11,2,93462,512148,5889,102067,4.7440438697247025,0.16617471080973276
550,0.1168498019800108,1,10,1,93472,512138,5890,102066,4.7439512393938275,0.16617605876874783
551,0.1168850586707043,2,19,2,93491,512119,5892,102064,4.743775241765164,0.16617848426283371
552,0.1169653916043799,0,4,0,93495,512115,5892,102064,4.743738189632813,0.16617956654330415
553,0.1169735432140795,1,35,1,93530,512080,5893,102063,4.743413983474749,0.16618767941668308
554,0.116980773321335,0,4,0,93534,512076,5893,102063,4.743376931342398,0.16618876182753417
555,0.1169973709810905,3,12,3,93546,512064,5896,102060,4.743265774945348,0.1661879359868691
556,0.1170576443260428,0,1,0,93547,512063,5896,102060,4.743256511912261,0.16618820659704978
557,0.1170582403607609,6,34,6,93581,512029,5902,102054,4.742941568787284,0.16618926106080123
558,0.1170616222675431,1,2,1,93583,512027,5903,102053,4.742923042721109,0.16618844450234496
559,0.1170652353415339,3,33,3,93616,511994,5906,102050,4.742617362629219,0.1661933021086437
560,0.1170810079150574,0,10,0,93626,511984,5906,102050,4.742524732298344,0.16619600869007253
561,0.1171550393643025,0,2,0,93628,511982,5906,102050,4.742506206232169,0.16619655001693723
562,0.117161349329646,0,6,0,93634,511976,5906,102050,4.742450628033644,0.16619817401868978
563,0.1171946364935269,0,10,0,93644,511966,5906,102050,4.742357997702768,0.1662008807588076
564,0.1172059160899817,3,17,3,93661,511949,5909,102047,4.742200526140279,0.16620140847823112
565,0.117240154707111,0,2,0,93663,511947,5909,102047,4.742182000074104,0.16620194985618753
566,0.1172440087966677,0,13,0,93676,511934,5909,102047,4.742061580643966,0.16620546889887472
567,0.1172584197600151,1,9,1,93685,511925,5910,102046,4.741978213346178,0.16620654721477074
568,0.1172764598116616,0,4,0,93689,511921,5910,102046,4.741941161213828,0.16620763005177802
569,0.1172903991367257,10,27,10,93716,511894,5920,102036,4.7416910593204635,0.16620135846106235
570,0.1173035271360047,0,1,0,93717,511893,5920,102036,4.741681796287376,0.1662016291786184
571,0.1173102187506855,1,14,1,93731,511879,5921,102035,4.7415521138241505,0.16620406115514552
572,0.117336583996051,0,7,0,93738,511872,5921,102035,4.741487272592538,0.16620595627676504
573,0.1173583261698855,0,8,0,93746,511864,5921,102035,4.7414131683278375,0.16620812218296496
574,0.1174022477794123,0,3,0,93749,511861,5921,102035,4.741385379228575,0.16620893441234347
575,0.1174076984730263,1,14,1,93763,511847,5922,102034,4.741255696765349,0.166211366698106
576,0.1174099458127884,6,31,6,93794,511816,5928,102028,4.740968542739635,0.16621161076755658
577,0.1174795898420045,0,1,0,93795,511815,5928,102028,4.740959279706547,0.16621188153974226
578,0.1175161454202822,1,13,1,93808,511802,5929,102027,4.740838860276409,0.1662140433247696
579,0.1175597096616415,1,29,1,93837,511773,5930,102026,4.74057023231687,0.16622053799370803
580,0.1175617901570338,0,11,0,93848,511762,5930,102026,4.7404683389529065,0.16622351691463502
581,0.1175659374557709,0,5,0,93853,511757,5930,102026,4.740422023787469,0.16622487100489913
582,0.1175678293140733,0,9,0,93862,511748,5930,102026,4.740338656489681,0.16622730842297
583,0.1176172016172142,4,19,4,93881,511729,5934,102022,4.740162658861017,0.16622702040404008
584,0.117649652632208,2,6,2,93887,511723,5936,102020,4.740107080662492,0.16622592844236106
585,0.1177193505382555,3,22,3,93909,511701,5939,102017,4.7399032939345656,0.16622781147041474
586,0.1177627441989093,0,1,0,93910,511700,5939,102017,4.739894030901478,0.16622808232458935
587,0.1177754405999587,1,2,1,93912,511698,5940,102016,4.739875504835303,0.1662272654689318
588,0.1178107345431291,6,37,6,93949,511661,5946,102010,4.739532772611064,0.1662291358072974
589,0.1178798635709152,0,1,0,93950,511660,5946,102010,4.739523509577976,0.16622940668437433
590,0.1179624750271215,2,13,2,93963,511647,5948,102008,4.739403090147838,0.16623021078619094
591,0.1181728917265504,1,0,1,93963,511647,5949,102007,4.739403090147838,0.1662288520892881
592,0.1182347065739906,1,7,1,93970,511640,5950,102006,4.7393382489162255,0.16622938958291913
593,0.1183062673091338,24,307,24,94277,511333,5974,101982,4.736494497758346,0.16627997032519995
594,0.1187106161912109,1,1,1,94278,511332,5975,101981,4.736485234725259,0.1662788820716339
595,0.1187975881124688,0,1,0,94279,511331,5975,101981,4.736475971692171,0.16627915318793698
596,0.1191156474633184,4,46,4,94325,511285,5979,101977,4.736049872170144,0.16628618763269207
597,0.1191747536161495,0,1,0,94326,511284,5979,101977,4.7360406091370555,0.16628645878345436
598,0.1191872081984616,41,475,41,94801,510809,6020,101936,4.731640668420468,0.1663595786175326
599,0.119217878860789,1,29,1,94830,510780,6021,101935,4.731372040460928,0.16636609190243426
600,0.1192344479077375,0,3,0,94833,510777,6021,101935,4.731344251361666,0.16636690647482014
601,0.1193678359267351,1,6,1,94839,510771,6022,101934,4.7312886731631405,0.16636717506793644
602,0.1193757169321085,22,279,22,95118,510492,6044,101912,4.728704286931713,0.16641302146948747
603,0.1194266393241391,0,12,0,95130,510480,6044,101912,4.728593130534662,0.16641628238121986
604,0.1194677817717847,1,11,1,95141,510469,6045,101911,4.728491237170699,0.1664179104477612
605,0.1195010170917708,0,4,0,95145,510465,6045,101911,4.728454185038349,0.16641899747867323
606,0.1195083500867627,0,12,0,95157,510453,6045,101911,4.728343028641298,0.166422258656616
607,0.1195337289469219,0,25,0,95182,510428,6045,101911,4.728111452814109,0.16642905318785836
608,0.1195600273431367,2,13,2,95195,510415,6047,101909,4.727991033383971,0.16642986392824713
609,0.1195644298356458,29,331,29,95526,510084,6076,101880,4.724924969431991,0.16648038119889405
610,0.1195928312652396,30,333,30,95859,509751,6106,101850,4.721840379413835,0.16653013974797296
611,0.1196204758034224,0,3,0,95862,509748,6106,101850,4.721812590314572,0.1665309566087528
612,0.119624562758892,0,3,0,95865,509745,6106,101850,4.72178480121531,0.1665317734775464
613,0.1197176827195015,3,0,3,95865,509745,6109,101847,4.72178480121531,0.16652768512341562
614,0.1197931310671406,12,104,12,95969,509641,6121,101835,4.720821445774204,0.16653965159711911
615,0.119807588229048,0,7,0,95976,509634,6121,101835,4.720756604542592,0.16654155811660118
616,0.1198148188077084,1,3,1,95979,509631,6122,101834,4.720728815443329,0.1665410121593223
617,0.1198741583489047,0,1,0,95980,509630,6122,101834,4.720719552410241,0.16654128452370048
618,0.1199017907289662,6,48,6,96028,509582,6128,101828,4.7202749268220385,0.1665461801409856
619,0.1199098741359031,0,6,0,96034,509576,6128,101828,4.720219348623513,0.16654781453834125
620,0.1199509691384601,39,455,39,96489,509121,6167,101789,4.716004668568676,0.16661865086510289
621,0.1200463252688292,2,28,2,96517,509093,6169,101787,4.715745303642224,0.16662355945521215
622,0.1200626444027899,0,1,0,96518,509092,6169,101787,4.715736040609137,0.16662383221554514
623,0.1200738891771169,0,3,0,96521,509089,6169,101787,4.7157082515098745,0.1666246505019022
624,0.1200753624768759,0,9,0,96530,509080,6169,101787,4.715624884212087,0.1666271054091971
625,0.1201178860039725,30,308,30,96838,508772,6199,101757,4.71277187002112,0.16667021550163874
626,0.1201181471100871,0,2,0,96840,508770,6199,101757,4.712753343954945,0.16667076148966384
627,0.1201828805897528,0,9,0,96849,508761,6199,101757,4.712669976657157,0.16667321848004482
628,0.1201828892124445,5,48,5,96897,508713,6204,101752,4.7122253510689545,0.16667949841514257
629,0.1201863787162572,23,343,23,97240,508370,6227,101729,4.709048130719923,0.16674179108636467
630,0.1202081476422689,0,2,0,97242,508368,6227,101729,4.709029604653748,0.1667423376938421
631,0.1202217861988035,6,46,6,97288,508322,6233,101723,4.7086035051317205,0.16674671540624053
632,0.1202463019563195,37,480,37,97768,507842,6270,101686,4.704157249249694,0.16682744681130318
633,0.1202493983833382,0,1,0,97769,507841,6270,101686,4.704147986216607,0.16682772051115044
634,0.1202669206452879,0,4,0,97773,507837,6270,101686,4.704110934084256,0.16682881531952035
635,0.1203062673772805,37,484,37,98257,507353,6307,101649,4.69962762606988,0.16691078190219408
636,0.1203093360117239,0,3,0,98260,507350,6307,101649,4.699599836970617,0.1669116041241447
637,0.1203592410690739,0,8,0,98268,507342,6307,101649,4.699525732705918,0.16691379675561707
638,0.120371612564053,1,5,1,98273,507337,6308,101648,4.69947941754048,0.16691379919045626
639,0.1203760917619471,0,5,0,98278,507332,6308,101648,4.699433102375042,0.1669151696279024
640,0.1203976701472771,0,5,0,98283,507327,6308,101648,4.699386787209604,0.16691654008785253
641,0.1204078784704811,0,8,0,98291,507319,6308,101648,4.699312682944903,0.16691873287058248
642,0.1204419482448171,0,5,0,98296,507314,6308,101648,4.699266367779465,0.16692010338904562
643,0.1204495134315752,2,9,2,98305,507305,6310,101646,4.6991830004816775,0.16691983427237989
644,0.1204722511754957,1,5,1,98310,507300,6311,101645,4.6991366853162395,0.16691983676686728
645,0.1204743768204801,1,1,1,98311,507299,6312,101644,4.699127422283152,0.1669187428051558
646,0.1204793782419764,1,20,1,98331,507279,6313,101643,4.698942161621401,0.16692285711470434
647,0.1204829823031426,1,4,1,98335,507275,6314,101642,4.6989051094890515,0.16692258550836978
648,0.1204852063773667,0,1,0,98336,507274,6314,101642,4.698895846455963,0.16692285963909637
649,0.1204874772006559,1,0,1,98336,507274,6315,101641,4.698895846455963,0.16692149150538252
650,0.1205232445753888,0,2,0,98338,507272,6315,101641,4.698877320389788,0.16692203976594358
651,0.1205443900100135,0,2,0,98340,507270,6315,101641,4.6988587943236135,0.1669225880301062
652,0.1205589718972861,1,9,1,98349,507261,6316,101640,4.698775427025826,0.16692368710184413
653,0.1205637756575279,0,1,0,98350,507260,6316,101640,4.698766163992738,0.16692396124158318
654,0.1206496237951563,0,10,0,98360,507250,6316,101640,4.698673533661863,0.16692670268849874
655,0.1206590818119008,0,9,0,98369,507241,6316,101640,4.698590166364074,0.16692917006771438
656,0.1206791090701886,3,56,3,98425,507185,6319,101637,4.698071436511171,0.16694041936723705
657,0.1206827131313548,4,16,4,98441,507169,6323,101633,4.697923227981771,0.16693933331362248
658,0.1206869342517475,0,5,0,98446,507164,6323,101633,4.697876912816333,0.16694070437272193
659,0.1206900382064385,1,36,1,98482,507128,6324,101632,4.697543443625181,0.1669492082265589
660,0.1206916579406778,0,5,0,98487,507123,6324,101632,4.697497128459743,0.16695057946135966
661,0.1206961371385718,1,2,1,98489,507121,6325,101631,4.697478602393568,0.16694975950797697
662,0.1207138620248589,4,42,4,98531,507079,6329,101627,4.697089555003891,0.16695580460846451
663,0.1207289738319891,0,6,0,98537,507073,6329,101627,4.697033976805365,0.1669574503039264
664,0.1207357956290916,0,2,0,98539,507071,6329,101627,4.69701545073919,0.16695799887629004
665,0.1207708950309168,1,23,1,98562,507048,6330,101626,4.696802400978176,0.16696293911026264
666,0.1207803732971456,0,13,0,98575,507035,6330,101626,4.696681981548038,0.16696650516461545
667,0.1207926211890343,0,1,0,98576,507034,6330,101626,4.69667271851495,0.16696677948279828
668,0.120792986493156,0,4,0,98580,507030,6330,101626,4.6966356663826,0.16696787676454353
669,0.1208010544458198,31,503,31,99083,506527,6361,101595,4.69197636073956,0.16706351686010373
670,0.1208075225772807,0,1,0,99084,506526,6361,101595,4.691967097706473,0.1670637915809518
671,0.1208120246477477,0,2,0,99086,506524,6361,101595,4.691948571640298,0.16706434102535853
672,0.1208316930070481,1,1,1,99087,506523,6362,101594,4.6919393086072105,0.16706324605297992
673,0.1208717000961783,28,356,28,99443,506167,6390,101566,4.6886416688280415,0.16712273317394316
674,0.1208907924881251,4,14,4,99457,506153,6394,101562,4.688511986364816,0.16712110117407009
675,0.1208964373959353,0,3,0,99460,506150,6394,101562,4.688484197265552,0.16712192617555685
676,0.1209232435031189,0,5,0,99465,506145,6394,101562,4.688437882100115,0.16712330119613564
677,0.1209287046602013,1,16,1,99481,506129,6395,101561,4.688289673570714,0.16712633085948428
678,0.1209315587171638,0,2,0,99483,506127,6395,101561,4.688271147504539,0.16712688089940891
679,0.1209762176728431,0,9,0,99492,506118,6395,101561,4.688187780206751,0.1671293561238746
680,0.12099821676696,1,13,1,99505,506105,6396,101560,4.688067360776612,0.16713156097520837
681,0.1210314238352603,0,4,0,99509,506101,6396,101560,4.6880303086442625,0.16713266113836497
682,0.1210489133327413,0,1,0,99510,506100,6396,101560,4.688021045611175,0.16713293618141725
683,0.1210490314708697,3,4,3,99514,506096,6399,101557,4.6879839934788246,0.16712992447992522
684,0.121062007352422,2,24,2,99538,506072,6401,101555,4.687761680684724,0.1671337843775869
685,0.1210728564365656,2,20,2,99558,506052,6403,101553,4.687576420022972,0.167136544300985
686,0.1210942873853347,3,5,3,99563,506047,6406,101550,4.687530104857535,0.16713380744144557
687,0.1211360018535952,0,6,0,99569,506041,6406,101550,4.68747452665901,0.16713545789848763
688,0.1211362691804407,19,343,19,99912,505698,6425,101531,4.684297306309978,0.16720380614232852
689,0.1211464885308989,21,329,21,100241,505369,6446,101510,4.6812497684241725,0.1672656328526774
690,0.1211509590424851,0,2,0,100243,505367,6446,101510,4.681231242357998,0.16726618408672597
691,0.1211915698979474,1,1,1,100244,505366,6447,101509,4.68122197932491,0.16726508753862
692,0.1211947277976162,3,6,3,100250,505360,6450,101506,4.681166401126385,0.16726262469803876
693,0.1212516040937886,1,3,1,100253,505357,6451,101505,4.681138612027122,0.16726207935247223
694,0.1213291923035644,0,2,0,100255,505355,6451,101505,4.681120085960947,0.16726263059025145
695,0.1213434702072152,0,16,0,100271,505339,6451,101505,4.6809718774315465,0.16726704062329034
696,0.1213443851215678,1,6,1,100277,505333,6452,101504,4.68091629923302,0.16726732219689966
697,0.1213475571881625,2,10,2,100287,505323,6454,101502,4.680823668902145,0.16726733407489802
698,0.1214135386282214,1,24,1,100311,505299,6455,101501,4.680601356108044,0.16727257745550428
699,0.121415945856711,23,257,23,100568,505042,6478,101478,4.678220756604542,0.16731187759678165
700,0.1214346457090163,3,38,3,100606,505004,6481,101475,4.677868761347216,0.16731824185173766
701,0.1214777731405654,0,12,0,100618,504992,6481,101475,4.677757604950165,0.16732155253294903
702,0.1214891626990732,1,8,1,100626,504984,6482,101474,4.677683500685465,0.16732238671103358
703,0.121518952594975,2,17,2,100643,504967,6484,101472,4.677526029122976,0.16732433105390648
704,0.1215493338757087,32,395,32,101038,504572,6516,101440,4.673867131053392,0.16738942463185547
705,0.1215894089938642,11,44,11,101082,504528,6527,101429,4.67345955759754,0.1673864647161432
706,0.1216004229032719,3,13,3,101095,504515,6530,101426,4.673339138167401,0.16738593361399873
707,0.1216245600680017,1,4,1,101099,504511,6531,101425,4.673302086035052,0.16738566449261968
708,0.1216299688343563,24,317,24,101416,504194,6555,101401,4.670365704546296,0.16744028599971927
709,0.1216303497697307,7,36,7,101452,504158,6562,101394,4.670032235355145,0.16744061616508574
710,0.1216709495425804,0,1,0,101453,504157,6562,101394,4.670022972322057,0.16744089267460543
711,0.1216946284890079,2,3,2,101456,504154,6564,101392,4.669995183222794,0.16743897243149158
712,0.1217579304403597,0,3,0,101459,504151,6564,101392,4.669967394123532,0.1674398019628664
713,0.1217580380634342,0,13,0,101472,504138,6564,101392,4.669846974693393,0.16744339669380542
714,0.1217581339674047,1,6,1,101478,504132,6565,101391,4.669791396494868,0.16744368091715756
715,0.1218276199333318,1,2,1,101480,504130,6566,101390,4.669772870428694,0.167442859030255
716,0.1218438634905467,2,28,2,101508,504102,6568,101388,4.669513505502242,0.16744785215280186
717,0.1218500184932846,0,5,0,101513,504097,6568,101388,4.669467190336804,0.1674492349108566
718,0.1218704988546507,2,10,2,101523,504087,6570,101386,4.669374560005928,0.16744925042074543
719,0.1218864699511071,0,2,0,101525,504085,6570,101386,4.669356033939753,0.16744980354137523
720,0.1218986444148851,4,33,4,101558,504052,6574,101382,4.669050353847864,0.1674534301013818
721,0.1218991806684751,5,53,5,101611,503999,6579,101377,4.668559413094224,0.16746121418754625
722,0.1219264266315958,0,1,0,101612,503998,6579,101377,4.668550150061136,0.16746149081148048
723,0.1220293645671121,2,30,2,101642,503968,6581,101375,4.66827225906851,0.16746703934793994
724,0.1220297262199428,1,4,1,101646,503964,6582,101374,4.668235206936159,0.1674667706306229
725,0.1220900360678324,0,1,0,101647,503963,6582,101374,4.668225943903072,0.16746704728110126
726,0.1221092225346388,0,1,0,101648,503962,6582,101374,4.668216680869984,0.1674673239324937
727,0.1221190772720172,0,1,0,101649,503961,6582,101374,4.668207417836896,0.16746760058480015
728,0.1221539612504133,0,1,0,101650,503960,6582,101374,4.668198154803809,0.16746787723802067
729,0.1221797342756716,0,12,0,101662,503948,6582,101374,4.668086998406758,0.1674711971479642
730,0.1221851138065283,3,31,3,101693,503917,6585,101371,4.667799844381044,0.16747564795601433
731,0.1221964540621804,2,1,2,101694,503916,6587,101369,4.6677905813479565,0.16747317379416307
732,0.1222253260108956,2,33,2,101727,503883,6589,101367,4.667484901256067,0.16747955390334573
733,0.1222400497480166,0,17,0,101744,503866,6589,101367,4.667327429693579,0.16748425812868764
734,0.1222441423517634,1,19,1,101763,503847,6590,101366,4.667151432064915,0.16748814053895075
735,0.122252907428791,2,17,2,101780,503830,6592,101364,4.666993960502427,0.1674900940855329
736,0.122257386626685,1,11,1,101791,503819,6593,101363,4.6668920671384635,0.16749176280854355
737,0.1222789601571248,1,11,1,101802,503808,6594,101362,4.6667901737745,0.16749343159773286
738,0.1222968867460388,31,376,31,102178,503432,6625,101331,4.66330727333358,0.16755489340452376
739,0.1223024040515278,0,3,0,102181,503429,6625,101331,4.663279484234318,0.16755572458495932
740,0.1223497715965676,0,5,0,102186,503424,6625,101331,4.66323316906888,0.1675571099040107
741,0.1223587140298932,3,63,3,102249,503361,6628,101328,4.662649597984364,0.1675704370345748
742,0.1223687720653939,0,8,0,102257,503353,6628,101328,4.662575493719664,0.16757265401095783
743,0.1223804531343463,0,3,0,102260,503350,6628,101328,4.662547704620401,0.16757348539222527
744,0.1223933913811846,4,17,4,102277,503333,6632,101324,4.662390233057913,0.16757268997133912
745,0.1223978705790787,2,27,2,102304,503306,6634,101322,4.6621401311645485,0.16757741950422408
746,0.1224059572063682,0,3,0,102307,503303,6634,101322,4.662112342065286,0.16757825098201365
747,0.1224107455001104,4,62,4,102369,503241,6638,101318,4.661538034013858,0.16758992918805277
748,0.1224152246980045,10,81,10,102450,503160,6648,101308,4.660787728333766,0.16759861564218453
749,0.1224302747650365,78,573,78,103023,502587,6726,101230,4.655480010374597,0.16765013240766657
750,0.122431254777389,9,67,9,103090,502520,6735,101221,4.654859387157731,0.16765632945253015
751,0.1224544758048294,0,1,0,103091,502519,6735,101221,4.654850124124644,0.16765660714877265
752,0.1224820600632856,0,1,0,103092,502518,6735,101221,4.6548408610915555,0.16765688484593508
753,0.1225003177609506,0,6,0,103098,502512,6735,101221,4.65478528289303,0.16765855104822827
754,0.1225051434139453,1,0,1,103098,502512,6736,101220,4.65478528289303,0.16765717238774822
755,0.1225085061609462,0,5,0,103103,502507,6736,101220,4.654738967727592,0.1676585609058399
756,0.1225092560177875,0,15,0,103118,502492,6736,101220,4.654600022231279,0.16766272659811302
757,0.1225266101367133,4,41,4,103159,502451,6740,101216,4.654220237874689,0.16766859874732262
758,0.122551229452504,14,146,14,103305,502305,6754,101202,4.6528678350439066,0.16768985281032367
759,0.1225557086503981,16,156,16,103461,502149,6770,101186,4.651422801882248,0.16771113891950576
760,0.1225600951246413,1,48,1,103509,502101,6771,101185,4.650978176294045,0.16772310313847827
761,0.1226113340003319,20,259,20,103768,501842,6791,101165,4.648579050724369,0.1677675383536178
762,0.1226240589950192,1,12,1,103780,501830,6792,101164,4.648467894327318,0.16776949687724918
763,0.122630048724359,0,1,0,103781,501829,6792,101164,4.648458631294231,0.16776977510518365
764,0.1226648354940591,0,1,0,103782,501828,6792,101164,4.648449368261144,0.1677700533340409
765,0.1226670940891069,6,60,6,103842,501768,6798,101158,4.64789358627589,0.1677784670092184
766,0.1226808407568183,0,9,0,103851,501759,6798,101158,4.647810218978102,0.1677809715101747
767,0.1227085608226596,1,8,1,103859,501751,6799,101157,4.6477361147134015,0.1677818174580533
768,0.1227132917718122,0,1,0,103860,501750,6799,101157,4.647726851680314,0.1677820957461101
769,0.1227350752344005,34,381,34,104241,501369,6833,101123,4.644197636073956,0.16784123274665888
770,0.1227442535006934,28,269,28,104510,501100,6861,101095,4.641705880173404,0.16787751475850846
771,0.1227767045156872,26,258,26,104768,500842,6887,101069,4.639316017636815,0.16791352874428278
772,0.1227801215578029,11,65,11,104833,500777,6898,101058,4.638713920486124,0.16791645550690804
773,0.1227944974107155,0,4,0,104837,500773,6898,101058,4.638676868353774,0.16791757154417103
774,0.1228128535819017,1,2,1,104839,500771,6899,101057,4.638658342287599,0.16791674697754175
775,0.1228281596351426,1,20,1,104859,500751,6900,101056,4.638473081625848,0.16792094475471372
776,0.1228326388330366,1,17,1,104876,500734,6901,101055,4.638315610063359,0.16792430569518552
777,0.1228390797395629,0,1,0,104877,500733,6901,101055,4.638306347030271,0.1679245847374823
778,0.1228789785891925,1,76,1,104953,500657,6902,101054,4.637602356515617,0.16794441185220146
779,0.1228878465638137,0,2,0,104955,500655,6902,101054,4.637583830449443,0.16794497007689763
780,0.1229024924834379,9,129,9,105084,500526,6911,101045,4.6363888991811475,0.1679685357173135
781,0.1229252469127048,0,7,0,105091,500519,6911,101045,4.636324057949535,0.16797049025540092
782,0.1229440242717455,0,7,0,105098,500512,6911,101045,4.636259216717922,0.1679724448389762
783,0.1229520577919373,2,1,2,105099,500511,6913,101043,4.6362499536848345,0.16796995780927398
784,0.1229533375342954,0,7,0,105106,500504,6913,101043,4.636185112453222,0.16797191241914597
785,0.1229640380177231,3,14,3,105120,500490,6916,101040,4.636055429989996,0.1679716722357987
786,0.1229686435875362,2,35,2,105155,500455,6918,101038,4.6357312238319315,0.16797867971863348
787,0.1229706916532212,1,11,1,105166,500444,6919,101037,4.635629330467968,0.1679803684571915
788,0.1229727696989248,1,5,1,105171,500439,6920,101036,4.63558301530253,0.16798038156199344
789,0.1229731227854303,2,40,2,105211,500399,6922,101034,4.6352124939790285,0.16798878678090493
790,0.122985997706462,9,94,9,105305,500305,6931,101025,4.634341768868798,0.1680025942494138
791,0.1229904769043561,6,128,6,105433,500177,6937,101019,4.633156100633592,0.16803006008024005
792,0.1230097280911818,12,130,12,105563,500047,6949,101007,4.631951906332209,0.16804979253112035
793,0.1230190167084646,3,1,3,105564,500046,6952,101004,4.631942643299122,0.1680459196406289
794,0.1230333420202859,0,1,0,105565,500045,6952,101004,4.631933380266035,0.1680461992283491
795,0.1230365389704142,17,171,17,105736,499874,6969,100987,4.630349401608062,0.16807048551994555
796,0.1230485153910524,1,17,1,105753,499857,6970,100986,4.630191930045574,0.16807385623199406
797,0.123053522505948,0,2,0,105755,499855,6970,100986,4.630173403979399,0.16807441569400225
798,0.1230582876076955,0,2,0,105757,499853,6970,100986,4.630154877913224,0.16807497515973496
799,0.1230828072939265,0,1,0,105758,499852,6970,100986,4.630145614880137,0.16807525489399805
800,0.123083785938306,11,38,11,105796,499814,6981,100975,4.629793619622809,0.16807065375697625
801,0.1230845082241391,3,24,3,105820,499790,6984,100972,4.629571306828708,0.16807321368528635
802,0.1230947685584557,0,2,0,105822,499788,6984,100972,4.629552780762533,0.16807377322058725
803,0.1231018623430649,6,65,6,105887,499723,6990,100966,4.6289506836118415,0.16808365060788527
804,0.1231111756056148,4,28,4,105915,499695,6994,100962,4.62869131868539,0.16808594588925127
805,0.1231149934905132,3,31,3,105946,499664,6997,100959,4.628404164659676,0.16809046606606806
806,0.1231250832410912,2,36,2,105982,499628,6999,100957,4.628070695468524,0.16809777133961054
807,0.1231264816588556,27,259,27,106241,499369,7026,100930,4.625671569898848,0.16813288044791014
808,0.1231309608567497,30,293,30,106534,499076,7056,100900,4.622957501204194,0.16817339360241076
809,0.1231509277576311,0,4,0,106538,499072,7056,100900,4.622920449071844,0.16817451481069118
810,0.1231545217145518,1,5,1,106543,499067,7057,100899,4.622874133906406,0.1681745298900271
811,0.1231560038164065,1,12,1,106555,499055,7058,100898,4.622762977509356,0.1681765071597275
812,0.1231672884724035,16,299,16,106854,498756,7074,100882,4.619993330616177,0.16823817036278554
813,0.123182572204044,0,1,0,106855,498755,7074,100882,4.619984067583089,0.168238450929479
814,0.1231848627411998,12,65,12,106920,498690,7086,100870,4.619381970432398,0.16824004269797851
815,0.1231916756266932,0,3,0,106923,498687,7086,100870,4.619354181333136,0.16824088451973707
816,0.123212205067411,2,15,2,106938,498672,7088,100868,4.619215235836823,0.16824231911131868
817,0.1232232798885147,5,20,5,106958,498652,7093,100863,4.619029975175072,0.16824099480413335
818,0.1232260097298945,28,341,28,107299,498311,7121,100835,4.6158712808922155,0.1682978773120408
819,0.1232275645515497,17,214,17,107513,498097,7138,100818,4.6138889918114785,0.16833440471519331
820,0.1232330728484981,0,2,0,107515,498095,7138,100818,4.613870465745304,0.16833496684827345
821,0.1232352686174306,13,71,13,107586,498024,7151,100805,4.613212790396087,0.16833687079283066
822,0.1232387347245818,11,59,11,107645,497965,7162,100794,4.6126662714439215,0.16833817946786603
823,0.1232406349315735,1,8,1,107653,497957,7163,100793,4.612592167179221,0.16833903966597077
824,0.1232423462954585,11,96,11,107749,497861,7174,100782,4.611702916002816,0.16835075328701748
825,0.1232536112504893,0,7,0,107756,497854,7174,100782,4.611638074771203,0.16835272185434888
826,0.1232792109677665,1,2,1,107758,497852,7175,100781,4.611619548705028,0.16835189506759568
827,0.1232893918354041,1,27,1,107785,497825,7176,100780,4.611369446811664,0.1683580992474169
828,0.1233121956667168,12,104,12,107889,497721,7188,100768,4.6104060913705585,0.16837068016287685
829,0.1233426237116415,5,61,5,107950,497660,7193,100763,4.6098410463522175,0.16838089445091514
830,0.1233497509639631,69,593,69,108543,497067,7262,100694,4.604348067731298,0.16845193982210283
831,0.1233607331068426,31,167,31,108710,496900,7293,100663,4.602801141205676,0.1684558782923307
832,0.1233609525705474,41,296,41,109006,496604,7334,100622,4.600059283411761,0.16848228308881394
833,0.123362712877492,4,48,4,109054,496556,7338,100618,4.599614657823558,0.1684902557713497
834,0.1233660307145794,1,0,1,109054,496556,7339,100617,4.599614657823558,0.16848886336120353
835,0.1233758584192422,0,1,0,109055,496555,7339,100617,4.59960539479047,0.16848914550581742
836,0.1233881057882533,0,3,0,109058,496552,7339,100617,4.599577605691207,0.1684899919453287
837,0.1233951638924859,5,20,5,109078,496532,7344,100612,4.5993923450294565,0.16848867274895168
838,0.123404679132939,3,18,3,109096,496514,7347,100609,4.599225610433881,0.168489574174835
839,0.1234240825916523,4,19,4,109115,496495,7351,100605,4.599049612805217,0.16848936526544966
840,0.123426125621367,48,437,48,109552,496058,7399,100557,4.595001667345956,0.1685458796711447
841,0.1234333712089351,0,1,0,109553,496057,7399,100557,4.594992404312868,0.16854616217520876
842,0.1234375914497227,0,3,0,109556,496054,7399,100557,4.594964615213605,0.1685470096930831
843,0.1234585766363609,31,376,31,109932,495678,7430,100526,4.591481714772685,0.16861007306224043
844,0.1234594780315623,0,1,0,109933,495677,7430,100526,4.591472451739597,0.16861035586872256
845,0.1234659526019864,1,19,1,109952,495658,7431,100525,4.5912964541109345,0.16861433486026942
846,0.1234688379368499,0,1,0,109953,495657,7431,100525,4.591287191077846,0.16861461768386163
847,0.1234738095276889,0,1,0,109954,495656,7431,100525,4.591277928044759,0.16861490050840264
848,0.1234745670911766,0,12,0,109966,495644,7431,100525,4.591166771647709,0.1686182944769017
849,0.1234848642074433,2,7,2,109973,495637,7433,100523,4.591101930416095,0.16861748523886205
850,0.1234929470258466,0,3,0,109976,495634,7433,100523,4.591074141316833,0.16861833376107302
851,0.1234971617943971,0,2,0,109978,495632,7433,100523,4.591055615250657,0.1686188994472914
852,0.1235014977956418,0,2,0,109980,495630,7433,100523,4.591037089184483,0.16861946513730536
853,0.1235043697493012,0,3,0,109983,495627,7433,100523,4.59100930008522,0.1686203136794431
854,0.1235079335227564,2,13,2,109996,495614,7435,100521,4.590888880655082,0.1686212015734691
855,0.1235209518602366,1,15,1,110011,495599,7436,100520,4.590749935158768,0.1686240498960778
856,0.123528589740647,0,3,0,110014,495596,7436,100520,4.590722146059505,0.16862489850968604
857,0.1235286518149241,0,1,0,110015,495595,7436,100520,4.590712883026418,0.16862518138278687
858,0.1235362723085833,0,1,0,110016,495594,7436,100520,4.590703619993331,0.16862546425683678
859,0.1235415224194596,0,2,0,110018,495592,7436,100520,4.5906850939271555,0.16862603000778378
860,0.1235459438595728,0,24,0,110042,495568,7436,100520,4.590462781133054,0.16863281931526888
861,0.1235522551059105,3,17,3,110059,495551,7439,100517,4.5903053095705655,0.1686334445063315
862,0.1235709794687203,1,8,1,110067,495543,7440,100516,4.590231205305865,0.16863431304619173
863,0.1235784850732053,8,59,8,110126,495484,7448,100508,4.589684686353699,0.16863984751473174
864,0.123581642972874,5,29,5,110155,495455,7453,100503,4.589416058394161,0.16864107873373627
865,0.1235843646041116,21,183,21,110338,495272,7474,100482,4.5877209233391385,0.1686635759054912
866,0.123586262679783,3,39,3,110377,495233,7477,100479,4.587359665048724,0.16867043134937687
867,0.1235874454284874,3,10,3,110387,495223,7480,100476,4.587267034717848,0.16866907616094706
868,0.1235924147012333,8,105,8,110492,495118,7488,100468,4.586294416243655,0.16868764544499032
869,0.1236352219324148,5,23,5,110515,495095,7493,100463,4.586081366482641,0.1686871807615715
870,0.1236386830247457,1,14,1,110529,495081,7494,100462,4.585951684019415,0.16868975036227443
871,0.1236392253050977,0,4,0,110533,495077,7494,100462,4.585914631887065,0.1686908833846314
872,0.1236392386281705,1,7,1,110540,495070,7495,100461,4.585849790655452,0.16869147030129414
873,0.1236418229676292,8,32,8,110572,495038,7503,100453,4.5855533735966505,0.16868936726163788
874,0.1236654939039781,4,20,4,110592,495018,7507,100449,4.5853681129348995,0.168689448785575
875,0.1236791614649237,0,4,0,110596,495014,7507,100449,4.585331060802549,0.1686905819505158
876,0.1236864278119664,6,36,6,110632,494978,7513,100443,4.584997591611398,0.16869240419803802
877,0.1236867426197624,0,2,0,110634,494976,7513,100443,4.584979065545222,0.16869297083230464
878,0.1236922191599421,0,8,0,110642,494968,7513,100443,4.584904961280522,0.1686952374074379
879,0.1236941103799027,3,7,3,110649,494961,7516,100440,4.584840120048908,0.16869303209097733
880,0.1236984616678687,8,64,8,110713,494897,7524,100432,4.584247285931306,0.16869999613659
881,0.1236985895777968,0,4,0,110717,494893,7524,100432,4.584210233798955,0.16870112963507328
882,0.1236993726883994,0,3,0,110720,494890,7524,100432,4.584182444699692,0.16870197976893178
883,0.1237032705539204,0,11,0,110731,494879,7524,100432,4.584080551335729,0.16870509699971947
884,0.1237107993633138,2,60,2,110791,494819,7526,100430,4.583524769350476,0.168719309062258
885,0.1237231642032226,19,200,19,110991,494619,7545,100411,4.581672162732965,0.16874947481639582
886,0.1237488905928608,0,8,0,110999,494611,7545,100411,4.5815980584682645,0.16875174363300852
887,0.123749975082455,24,257,24,111256,494354,7569,100387,4.579217458964764,0.1687911208408366
888,0.1237533697907549,3,4,3,111260,494350,7572,100384,4.579180406832413,0.16878806323499246
889,0.1237541529013575,3,7,3,111267,494343,7575,100381,4.579115565600801,0.16878585696894693
890,0.1237712237982393,4,38,4,111305,494305,7579,100377,4.578763570343473,0.1687910513518149
891,0.1237917695083392,2,10,2,111315,494295,7581,100375,4.578670940012597,0.16879109422032387
892,0.1237962434059674,2,42,2,111357,494253,7583,100373,4.57828189262292,0.1688002206428915
893,0.1237970633764171,1,6,1,111363,494247,7584,100372,4.578226314424395,0.16880052605113527
894,0.1238099750165056,0,3,0,111366,494244,7584,100372,4.578198525325132,0.16880137769585749
895,0.1238110021640091,1,9,1,111375,494235,7585,100371,4.5781151580273445,0.1688025347877418
896,0.123830273407735,0,4,0,111379,494231,7585,100371,4.578078105894995,0.1688036703542874
897,0.1238345943322963,0,1,0,111380,494230,7585,100371,4.5780688428619065,0.16880395424831104
898,0.123852725591289,0,3,0,111383,494227,7585,100371,4.578041053762644,0.16880480593611147
899,0.1238605485600287,0,10,0,111393,494217,7585,100371,4.577948423431769,0.1688076449575168
900,0.1238644443247176,0,1,0,111394,494216,7585,100371,4.577939160398681,0.16880792886490958
901,0.1238647552294637,2,2,2,111396,494214,7587,100369,4.577920634332505,0.16880570080207474
902,0.1238673525405696,1,12,1,111408,494202,7588,100368,4.577809477935455,0.16880770977344972
903,0.1238756474603284,1,2,1,111410,494200,7589,100367,4.57779095186928,0.1688068796283682
904,0.1238807245844443,48,427,48,111837,493773,7637,100319,4.5738356367408946,0.16886105182362326
905,0.1238825628991524,16,113,16,111950,493660,7653,100303,4.572788914002,0.1688707882477528
906,0.1238893745452544,3,14,3,111964,493646,7656,100300,4.572659231538775,0.1688705707252848
907,0.1238938537431485,1,12,1,111976,493634,7657,100299,4.572548075141724,0.16887258327117705
908,0.1239067286641802,10,68,10,112044,493566,7667,100289,4.571918188891771,0.16887792474593966
909,0.1239112078620743,2,53,2,112097,493513,7669,100287,4.57142724813813,0.16889019872010777
910,0.1239119909726769,15,109,15,112206,493404,7684,100272,4.570417577531587,0.16890020819436866
911,0.1239208262614867,0,1,0,112207,493403,7684,100272,4.5704083144985,0.16890049269381396
912,0.1239211194851035,3,12,3,112219,493391,7687,100269,4.570297158101448,0.16889970690294107
913,0.1239450297385056,10,106,10,112325,493285,7697,100259,4.569315276594168,0.1689158680738075
914,0.1239496075796587,2,34,2,112359,493251,7699,100257,4.569000333469191,0.16892274409106534
915,0.1239610830884402,0,10,0,112369,493241,7699,100257,4.568907703138316,0.16892559031369947
916,0.1239655366057129,0,5,0,112374,493236,7699,100257,4.568861387972878,0.16892701346098438
917,0.1239842003114588,0,1,0,112375,493235,7699,100257,4.568852124939791,0.16892729809331886
918,0.1239908630153633,11,47,11,112422,493188,7710,100246,4.568416762384675,0.1689252722290937
919,0.1240052391818573,0,5,0,112427,493183,7710,100246,4.5683704472192375,0.16892669552718184
920,0.1240052697945305,1,21,1,112448,493162,7711,100245,4.568175923524398,0.16893127313968323
921,0.1240105636626084,2,41,2,112489,493121,7713,100243,4.567796139167809,0.16894014466668014
922,0.124013415735087,2,14,2,112503,493107,7715,100241,4.5676664567045835,0.16894132954016866
923,0.1240225933007831,3,29,3,112532,493078,7718,100238,4.567397828745044,0.16894538492135724
924,0.1240244958323152,3,47,3,112579,493031,7721,100235,4.5669624661899295,0.1689545667542047
925,0.1240374845598261,3,21,3,112600,493010,7724,100232,4.56676794249509,0.16895634496546097
926,0.1240393140813502,0,1,0,112601,493009,7724,100232,4.566758679462003,0.1689566297676661
927,0.1240454818982702,10,63,10,112664,492946,7734,100222,4.566175108377487,0.1689605642920724
928,0.1240472126165739,12,130,12,112794,492816,7746,100210,4.564970914076105,0.168980786677144
929,0.1240516918144679,22,106,22,112900,492710,7768,100188,4.563989032568824,0.16898016184908704
930,0.1240530375252163,0,3,0,112903,492707,7768,100188,4.563961243469562,0.16898101687482606
931,0.1240557610466021,2,10,2,112913,492697,7770,100186,4.563868613138686,0.16898106371746197
932,0.1240850826790186,1,4,1,112917,492693,7771,100185,4.563831561006336,0.1689808021211784
933,0.1240939983181138,0,3,0,112920,492690,7771,100185,4.563803771907073,0.16898165717900063
934,0.1241244319744683,18,207,18,113127,492483,7789,100167,4.56188632405795,0.16901543912933434
935,0.1241289172631562,3,13,3,113140,492470,7792,100164,4.561765904627811,0.16901494008106183
936,0.1241371569691557,2,27,2,113167,492443,7794,100162,4.561515802734448,0.16901983614718066
937,0.1241375187036932,4,19,4,113186,492424,7798,100158,4.561339805105784,0.1690196462261763
938,0.124146807320976,0,2,0,113188,492422,7798,100158,4.561321279039609,0.16902021667960443
939,0.1241503303207315,9,54,9,113242,492368,7807,100149,4.560821075252881,0.1690229984962457
940,0.1241630772531768,5,61,5,113303,492307,7812,100144,4.56025603023454,0.16903338841524446
941,0.12416310786585,14,107,14,113410,492200,7826,100130,4.559264885694172,0.16904428274779262
942,0.1241713127370844,0,4,0,113414,492196,7826,100130,4.559227833561821,0.16904542431026157
943,0.1241758601337867,1,40,1,113454,492156,7827,100129,4.558857312238319,0.1690554378382029
944,0.1241989711749532,0,5,0,113459,492151,7827,100129,4.558810997072881,0.16905686499628553
945,0.1242011742361847,3,35,3,113494,492116,7830,100126,4.5584867909148175,0.169062646688347
946,0.1242050145574951,2,41,2,113535,492075,7832,100124,4.558107006558227,0.16907154520693213
947,0.124210597906438,0,4,0,113539,492071,7832,100124,4.558069954425878,0.16907268720607233
948,0.1242201498489564,1,8,1,113547,492063,7833,100123,4.557995850161177,0.16907356810191393
949,0.1242241782004523,1,13,1,113560,492050,7834,100122,4.5578754307310385,0.16907587660341927
950,0.1242428734722276,5,39,5,113599,492011,7839,100117,4.557514172440624,0.16907999621703415
951,0.124248173208537,34,295,34,113894,491716,7873,100083,4.554781577679796,0.16911654125809608
952,0.1242540565330135,0,8,0,113902,491708,7873,100083,4.554707473415095,0.16911882742387094
953,0.1242566292154461,0,12,0,113914,491696,7873,100083,4.554596317018045,0.16912225678842946
954,0.1242589956190862,5,37,5,113951,491659,7878,100078,4.554253584793805,0.1691258109599366
955,0.1242917105840997,12,70,12,114021,491589,7890,100066,4.553605172477676,0.16912896874022867
956,0.1242950790849149,5,52,5,114073,491537,7895,100061,4.5531234947571235,0.1691368124976758
957,0.1243088367459716,0,3,0,114076,491534,7895,100061,4.553095705657861,0.1691376701966717
958,0.1243142553697811,1,12,1,114088,491522,7896,100060,4.55298454926081,0.16913969661010647
959,0.1243142935146466,1,14,1,114102,491508,7897,100059,4.552854866797584,0.16914229495560096
960,0.1243208169641748,2,6,2,114108,491502,7899,100057,4.552799288599059,0.1691412014693378
961,0.1243232091537419,2,3,2,114111,491499,7901,100055,4.552771499499796,0.16913925017834383
962,0.1243532679791686,1,19,1,114130,491480,7902,100054,4.552595501871132,0.1691432783238157
963,0.1243551690179031,4,45,4,114175,491435,7906,100050,4.5521786653821925,0.1691505279085691
964,0.1243563132787261,1,15,1,114190,491420,7907,100049,4.5520397198858795,0.1691534129430283
965,0.1243692223751641,1,7,1,114197,491413,7908,100048,4.551974878654266,0.16915401015451567
966,0.124374841540596,3,8,3,114205,491405,7911,100045,4.5519007743895665,0.16915208386169583
967,0.1243824171831968,0,2,0,114207,491403,7911,100045,4.551882248323391,0.1691526558547835
968,0.1243842297080498,16,188,16,114395,491215,7927,100029,4.550140798102931,0.1691839578921731
969,0.1244106773803725,3,22,3,114417,491193,7930,100026,4.549937011375005,0.16918603766117124
970,0.1244166807230437,21,175,21,114592,491018,7951,100005,4.5483159805846824,0.16920661294061315
971,0.1244330129606261,0,2,0,114594,491016,7951,100005,4.548297454518508,0.16920718553147857
972,0.1244342253931231,18,114,18,114708,490902,7969,99987,4.547241468746527,0.16921452252453506
973,0.1244426872574541,0,12,0,114720,490890,7969,99987,4.547130312349475,0.1692179590676232
974,0.1244448431146717,10,40,10,114760,490850,7979,99977,4.546759791025973,0.1692153540714964
975,0.1244493206983652,1,3,1,114763,490847,7980,99976,4.546732001926711,0.16921480714190207
976,0.124452309617574,0,3,0,114766,490844,7980,99976,4.546704212827448,0.16921566636200536
977,0.1244554459503867,0,6,0,114772,490838,7980,99976,4.546648634628923,0.1692173848283893
978,0.1244631731879188,0,2,0,114774,490836,7980,99976,4.546630108562748,0.1692179576582737
979,0.124466674817291,0,19,0,114793,490817,7980,99976,4.546454110934084,0.1692233997356096
980,0.1244790559469194,1,20,1,114813,490797,7981,99975,4.546268850272333,0.1692277223700514
981,0.1244858676730612,0,3,0,114816,490794,7981,99975,4.54624106117307,0.16922858172991473
982,0.1244999718771533,0,6,0,114822,490788,7981,99975,4.546185482974545,0.16923030047582532
983,0.124517494139103,7,67,7,114889,490721,7988,99968,4.545564859757679,0.16923965064526342
984,0.1245188586942618,10,46,10,114935,490675,7998,99958,4.545138760235652,0.16923876586645176
985,0.1245267827563858,0,4,0,114939,490671,7998,99958,4.545101708103301,0.16923991202599262
986,0.1245269637733808,0,1,0,114940,490670,7998,99958,4.545092445070214,0.16924019856830358
987,0.1245424686907944,6,96,6,115036,490574,8004,99952,4.544203193893809,0.16925927054862952
988,0.124546130358797,2,2,2,115038,490572,8006,99950,4.544184667827634,0.16925703022071997
989,0.1245579286423814,0,2,0,115040,490570,8006,99950,4.544166141761458,0.1692576034681298
990,0.1245637624626153,1,7,1,115047,490563,8007,99949,4.544101300529846,0.16925820305091174
991,0.1245690933789528,0,2,0,115049,490561,8007,99949,4.5440827744636705,0.16925877631200148
992,0.1245694818623601,0,1,0,115050,490560,8007,99949,4.544073511430583,0.16925906294400256
993,0.1245705833056724,1,11,1,115061,490549,8008,99948,4.54397161806662,0.1692608091150336
994,0.1245855241143541,7,37,7,115098,490512,8015,99941,4.54362888584238,0.16926156696638006
995,0.1245905733418478,3,15,3,115113,490497,8018,99938,4.543489940346067,0.1692616460745044
996,0.1245968839124425,6,44,6,115157,490453,8024,99932,4.543082366890214,0.16926581806787097
997,0.1246050273975803,0,1,0,115158,490452,8024,99932,4.543073103857127,0.16926610477248705
998,0.1246059088687387,0,1,0,115159,490451,8024,99932,4.54306384082404,0.1692663914780744
999,0.1246071587696846,4,37,4,115196,490414,8028,99928,4.5427211085998,0.16927137151007382
1000,0.1246090506111541,1,26,1,115222,490388,8029,99927,4.5424802697395235,0.16927741968271176
1001,0.1246114449518577,5,13,5,115235,490375,8034,99922,4.542359850309385,0.16927411116776808
1002,0.1246177425204556,0,4,0,115239,490371,8034,99922,4.542322798177035,0.16927525821922335
1003,0.1246346040536486,0,3,0,115242,490368,8034,99922,4.5422950090777725,0.16927611851801658
1004,0.1246421440408157,16,134,16,115376,490234,8050,99906,4.54105376264404,0.16929203239909174
1005,0.1246482436410922,11,82,11,115458,490152,8061,99895,4.540294193930861,0.16930007270607256
1006,0.1246515222354194,0,2,0,115460,490150,8061,99895,4.540275667864686,0.16930064656085553
1007,0.1246559314013825,3,3,3,115463,490147,8064,99892,4.540247878765423,0.16929728373887148
1008,0.124657532258375,1,0,1,115463,490147,8065,99891,4.540247878765423,0.16929587585884298
1009,0.1246649490945746,0,6,0,115469,490141,8065,99891,4.540192300566898,0.1692975974184451
1010,0.1246750545203247,15,130,15,115599,490011,8080,99876,4.538988106265515,0.16931378382639387
1011,0.1246866143111907,0,11,0,115610,490000,8080,99876,4.538886212901552,0.16931694118763943
1012,0.1246936949531575,34,378,34,115988,489622,8114,99842,4.535384786394457,0.16937760406063815
1013,0.124698412594775,2,14,2,116002,489608,8116,99840,4.535255103931231,0.1693788086480911
1014,0.1247007697136471,0,2,0,116004,489606,8116,99840,4.5352365778650565,0.16937938335318248
1015,0.1247039684301165,3,26,3,116030,489580,8119,99837,4.5349957390047795,0.16938262724013728
1016,0.1247160737143792,46,191,46,116221,489389,8165,99791,4.533226499685057,0.1693726874639329
1017,0.1247186763360491,0,2,0,116223,489387,8165,99791,4.5332079736188815,0.16937326240966227
1018,0.124721322843837,1,23,1,116246,489364,8166,99790,4.532994923857868,0.16937846471380996
1019,0.1247226281764572,0,7,0,116253,489357,8166,99790,4.5329300826262555,0.16938047719839022
1020,0.1247283618384496,1,59,1,116312,489298,8167,99789,4.532383563674089,0.1693960314860114
1021,0.1247327830553114,0,2,0,116314,489296,8167,99789,4.5323650376079145,0.16939660660176376
1022,0.1247413311128753,9,33,9,116347,489263,8176,99780,4.532059357516025,0.16939340591433902
1023,0.1247582297626435,1,0,1,116347,489263,8177,99779,4.532059357516025,0.16939199581693665
1024,0.1247653535556379,0,3,0,116350,489260,8177,99779,4.5320315684167625,0.16939285853738037
1025,0.1247682521704552,4,29,4,116379,489231,8181,99775,4.531762940457224,0.16939555793998703
1026,0.1247734565490072,1,3,1,116382,489228,8182,99774,4.53173515135796,0.16939501054325792
1027,0.1247852508921241,5,34,5,116416,489194,8187,99769,4.5314202082329835,0.16939773805824815
1028,0.1248058040223139,24,220,24,116636,488974,8211,99745,4.529382340953722,0.16942718002986146
1029,0.1248087814393664,8,74,8,116710,488900,8219,99737,4.528696876505243,0.16943719134203253
1030,0.1248192669401797,4,11,4,116721,488889,8223,99733,4.5285949831412795,0.16943471361926668
1031,0.1248225484114004,1,6,1,116727,488883,8224,99732,4.528539404942754,0.16943502968833618
1032,0.1248351197043668,1,13,1,116740,488870,8225,99731,4.528418985512617,0.16943736079279512
1033,0.1248407124620676,0,1,0,116741,488869,8225,99731,4.5284097224795286,0.16943764865783215
1034,0.1248444523825101,7,47,7,116788,488822,8232,99724,4.527974359924413,0.16944130110475647
1035,0.1248552735940118,0,1,0,116789,488821,8232,99724,4.527965096891326,0.1694415890033897
1036,0.1248826796840547,15,115,15,116904,488706,8247,99709,4.5268998480862574,0.1694535319459905
1037,0.1249023198416676,25,322,25,117226,488384,8272,99684,4.523917151432065,0.16951100893093995
1038,0.124904509818749,0,4,0,117230,488380,8272,99684,4.523880099299714,0.16951216194155738
1039,0.1249087361228488,7,38,7,117268,488342,8279,99677,4.523528104042388,0.16951323001467639
1040,0.1249108431038807,14,482,14,117750,487860,8293,99663,4.519063322094187,0.16963250800394197
1041,0.124914326377624,0,4,0,117754,487856,8293,99663,4.519026269961836,0.16963366291132712
1042,0.124919187175123,2,8,2,117762,487848,8295,99661,4.518952165697136,0.1696331460454223
1043,0.1249258222290201,1,3,1,117765,487845,8296,99660,4.518924376597873,0.16963259887149898
1044,0.1249260007522488,0,3,0,117768,487842,8296,99660,4.5188965874986105,0.1696334650775657
1045,0.1249312946203266,4,12,4,117780,487830,8300,99656,4.51878543110156,0.16963127631977612
1046,0.1249656693043919,12,53,12,117833,487777,8312,99644,4.51829449034792,0.16962961828058581
1047,0.124982599918998,4,49,4,117882,487728,8316,99640,4.517840601726629,0.16963811443592433
1048,0.1249946040014932,15,61,15,117943,487667,8331,99625,4.517275556708289,0.16963452592577458
1049,0.124999883078431,4,14,4,117957,487653,8335,99621,4.517145874245063,0.16963291410823567
1050,0.125032720179373,0,3,0,117960,487650,8335,99621,4.5171180851458,0.1696337806566304
1051,0.1250339289460315,1,22,1,117982,487628,8336,99620,4.516914298417874,0.16963872163038443
1052,0.1250339690614205,0,3,0,117985,487625,8336,99620,4.516886509318612,0.16963958824681352
1053,0.1250625981415629,1,16,1,118001,487609,8337,99619,4.516738300789211,0.16964279632442594
1054,0.1250647234672932,0,5,0,118006,487604,8337,99619,4.516691985623773,0.16964424077394788
1055,0.1250718867588457,1,0,1,118006,487604,8338,99618,4.516691985623773,0.16964282673333084
1056,0.1250778603208225,2,5,2,118011,487599,8340,99616,4.516645670458335,0.1696414430830275
1057,0.1250838388235682,6,43,6,118054,487556,8346,99610,4.51624736003557,0.16964538137426213
1058,0.1250850847344268,0,3,0,118057,487553,8346,99610,4.5162195709363075,0.1696462481457449
1059,0.1250903080520803,0,1,0,118058,487552,8346,99610,4.516210307903219,0.16964653707154073
1060,0.125090332100322,2,8,2,118066,487544,8348,99608,4.51613620363852,0.16964602011063576
1061,0.1251172013578499,6,18,6,118084,487526,8354,99602,4.515969469042943,0.16964273548527747
1062,0.1251213825651487,1,8,1,118092,487518,8355,99601,4.515895364778243,0.16964363272181618
1063,0.1251356773443076,2,3,2,118095,487515,8357,99599,4.51586757567898,0.16964167095317093
1064,0.1251412730646975,12,76,12,118171,487439,8369,99587,4.515163585164326,0.16964665960281147
1065,0.1251454340202593,0,3,0,118174,487436,8369,99587,4.5151357960650635,0.16964752658754426
1066,0.1251521235422783,0,2,0,118176,487434,8369,99587,4.515117269998888,0.1696481045822892
1067,0.1251577102954892,1,5,1,118181,487429,8370,99586,4.51507095483345,0.16964813505617404
1068,0.1251657283881639,20,393,20,118574,487036,8390,99566,4.511430582830042,0.16973348198608257
1069,0.1251682248215258,0,4,0,118578,487032,8390,99566,4.511393530697692,0.16973463939529285
1070,0.1251902805605947,0,2,0,118580,487030,8390,99566,4.511375004631517,0.1697352181058173
1071,0.1251911131437834,0,2,0,118582,487028,8390,99566,4.511356478565341,0.16973579682028797
1072,0.1252092246057213,0,8,0,118590,487020,8390,99566,4.511282374300641,0.1697381117176339
1073,0.1252201585227846,10,31,10,118621,486989,8400,99556,4.510995220274927,0.16973292756736483
1074,0.1252296537889362,3,9,3,118630,486980,8403,99553,4.510911852977139,0.16973128536672277
1075,0.1252351071187962,3,13,3,118643,486967,8406,99550,4.510791433547,0.16973080064175464
1076,0.125239785556669,7,17,7,118660,486950,8413,99543,4.510633961984512,0.16972581087924324
1077,0.1252451362420243,2,9,2,118669,486941,8415,99541,4.510550594686724,0.1697255840758966
1078,0.1252590849785636,2,10,2,118679,486931,8417,99539,4.510457964355849,0.1697256466656436
1079,0.125260159355107,0,1,0,118680,486930,8417,99539,4.510448701322761,0.16972593606823208
1080,0.1252618665175423,4,18,4,118698,486912,8421,99535,4.510281966727185,0.1697254824391633
1081,0.1252631397816596,2,48,2,118746,486864,8423,99533,4.509837341138983,0.16973654367263133
1082,0.1252646385530011,0,1,0,118747,486863,8423,99533,4.509828078105895,0.16973683312983034
1083,0.1252747617390716,13,57,13,118804,486806,8436,99520,4.5093000852199046,0.16973492562158254
1084,0.1252756938622797,0,8,0,118812,486798,8436,99520,4.509225980955204,0.1697372415651575
1085,0.1252792206364681,1,35,1,118847,486763,8437,99519,4.508901774797139,0.1697459584295612
1086,0.1252854349515439,15,70,15,118917,486693,8452,99504,4.50825336248101,0.1697449833417776
1087,0.1252937057841982,14,105,14,119022,486588,8466,99490,4.507280744006818,0.16975556154641533
1088,0.1252985269338522,8,57,8,119079,486531,8474,99482,4.506752751120827,0.16976073909623166
1089,0.1253218626457727,1,15,1,119094,486516,8475,99481,4.5066138056245135,0.16976366773208737
1090,0.1253454131745079,0,1,0,119095,486515,8475,99481,4.506604542591426,0.16976395743315653
1091,0.1253575867927615,34,131,34,119226,486384,8509,99447,4.5053910852569565,0.1697537344387716
1092,0.1253597458664846,0,1,0,119227,486383,8509,99447,4.505381822223869,0.16975402420497415
1093,0.1253701012179449,19,122,19,119349,486261,8528,99428,4.504251732187187,0.16976245072043353
1094,0.1253731735756667,4,52,4,119401,486209,8532,99424,4.503770054466634,0.16977185370359935
1095,0.1253760239917099,0,1,0,119402,486208,8532,99424,4.503760791433547,0.16977214359871046
1096,0.125408825918383,1,22,1,119424,486186,8533,99423,4.503557004705621,0.16977710383549433
1097,0.1254107885533133,14,184,14,119608,486002,8547,99409,4.50185260661751,0.16981061168990674
1098,0.1254197045888617,13,87,13,119695,485915,8560,99396,4.501046722738893,0.16981741330677194
1099,0.1254242973454444,0,1,0,119696,485914,8560,99396,4.501037459705806,0.16981770343920316
1100,0.1254268979822946,6,39,6,119735,485875,8566,99390,4.500676201415391,0.16982050865847095
1101,0.1254384909878838,7,29,7,119764,485846,8573,99383,4.500407573455853,0.16981899393228975
1102,0.1254456956190568,29,334,29,120098,485512,8602,99354,4.497313720404609,0.16987480893059265
1103,0.125446806208037,17,156,17,120254,485356,8619,99337,4.495868687242951,0.16989599670254305
1104,0.1254636475195919,6,29,6,120283,485327,8625,99331,4.4956000592834116,0.16989590495640186
1105,0.1254643179544243,4,10,4,120293,485317,8629,99327,4.4955074289525365,0.16989313154671903
1106,0.1255012611111833,5,3,5,120296,485314,8634,99322,4.495479639853274,0.16988690398812253
1107,0.1255063377185037,11,47,11,120343,485267,8645,99311,4.495044277298159,0.16988494264238477
1108,0.1255282976443573,2,60,2,120403,485207,8647,99309,4.494488495312905,0.1698995408166757
1109,0.1255404979585828,4,18,4,120421,485189,8651,99305,4.494321760717329,0.16989909220625019
1110,0.1255446331245349,0,2,0,120423,485187,8651,99305,4.494303234651154,0.16989967356268348
1111,0.1255549163186957,0,3,0,120426,485184,8651,99305,4.494275445551891,0.16990054560479326
1112,0.1255602860012922,17,85,17,120511,485099,8668,99288,4.49348808773945,0.16990111005207165
1113,0.1255728218463266,7,58,7,120569,485041,8675,99281,4.492950831820371,0.1699080301614521
1114,0.1255911865919768,26,351,26,120920,484690,8701,99255,4.48969950720664,0.16997319953077772
1115,0.1256089674768653,0,1,0,120921,484689,8701,99255,4.489690244173552,0.1699734906086885
1116,0.1256142942124334,0,27,0,120948,484662,8701,99255,4.489440142280189,0.1699813500891394
1117,0.1256144727002151,0,2,0,120950,484660,8701,99255,4.489421616214013,0.1699819323017905
1118,0.1256183290625708,3,12,3,120962,484648,8704,99252,4.489310459816963,0.16998116115773249
1119,0.12562191928827,1,16,1,120978,484632,8705,99251,4.489162251287562,0.16998439755910003
1120,0.1256273371959505,4,25,4,121003,484607,8709,99247,4.488930675460373,0.16998598964809697
1121,0.1256279367040364,7,69,7,121072,484538,8716,99240,4.488291526177331,0.16999612866534883
1122,0.1256309764661921,1,2,1,121074,484536,8717,99239,4.488273000111157,0.169995289280973
1123,0.125638676653548,9,27,9,121101,484509,8726,99230,4.4880228982177925,0.16999035527864337
1124,0.1256826685776671,0,4,0,121105,484505,8726,99230,4.487985846085442,0.16999152012471413
1125,0.1256827241369904,2,6,2,121111,484499,8728,99228,4.487930267886917,0.16999042360555533
1126,0.1256955279451519,1,18,1,121129,484481,8729,99227,4.487763533291341,0.16999424369719107
1127,0.1257102147545333,12,78,12,121207,484403,8741,99215,4.487041016710512,0.16999989719302694
1128,0.1257230203684331,3,4,3,121211,484399,8744,99212,4.487003964578162,0.1699967958109083
1129,0.125724355599754,0,23,0,121234,484376,8744,99212,4.486790914817147,0.17000349561677072
1130,0.1257327489349734,0,1,0,121235,484375,8744,99212,4.48678165178406,0.17000378692465734
1131,0.1257347554446161,0,1,0,121236,484374,8744,99212,4.486772388750973,0.17000407823354227
1132,0.1257355485541317,25,122,25,121358,484252,8769,99187,4.485642298714291,0.1700040621213186
1133,0.1257362171462432,0,1,0,121359,484251,8769,99187,4.485633035681204,0.1700043535045712
1134,0.125737134843305,30,158,30,121517,484093,8799,99157,4.48416947645337,0.17000771538791257
1135,0.1257372281328674,0,2,0,121519,484091,8799,99157,4.484150950387194,0.17000829835678818
1136,0.1257402061382301,1,4,1,121523,484087,8800,99156,4.4841138982548445,0.17000804124524427
1137,0.1257461562914138,0,5,0,121528,484082,8800,99156,4.484067583089407,0.17000949869521534
1138,0.1257498277346509,38,168,38,121696,483914,8838,99118,4.4825113935306975,0.17000439083961086
1139,0.1257559333085164,2,14,2,121710,483900,8840,99116,4.482381711067472,0.17000562591764207
1140,0.1257597324414962,4,19,4,121729,483881,8844,99112,4.482205713438808,0.17000547176381192
1141,0.1257726571532239,0,3,0,121732,483878,8844,99112,4.482177924339545,0.17000634659256592
1142,0.1258068111629642,17,427,17,122159,483451,8861,99095,4.47822260921116,0.1701067383519928
1143,0.1258144178594654,23,415,23,122574,483036,8884,99072,4.474378450479825,0.17019522150528768
1144,0.1258167918082028,2,36,2,122610,483000,8886,99070,4.474044981288674,0.17020289655883314
1145,0.1258231451853712,22,159,22,122769,482841,8908,99048,4.472572159027752,0.17021803127400587
1146,0.125823208089384,3,11,3,122780,482830,8911,99045,4.472470265663789,0.17021697099892588
1147,0.1258306374698908,6,45,6,122825,482785,8917,99039,4.472053429174849,0.17022157903420965
1148,0.1258394369810802,6,64,6,122889,482721,8923,99033,4.471460595057246,0.17023174743963942
1149,0.1258420676386552,7,32,7,122921,482689,8930,99026,4.4711641779984435,0.17023112692641584
1150,0.125847320468175,3,14,3,122935,482675,8933,99023,4.471034495535218,0.1702309445794897
1151,0.1258486135715763,1,4,1,122939,482671,8934,99022,4.470997443402868,0.17023068869661487
1152,0.1258516899987752,4,10,4,122949,482661,8938,99018,4.470904813071992,0.17022790920765576
1153,0.1258601873018201,0,1,0,122950,482660,8938,99018,4.470895550038905,0.17022820185738502
1154,0.1258647404214369,0,3,0,122953,482657,8938,99018,4.470867760939642,0.17022907981261012
1155,0.1258666579175111,16,144,16,123097,482513,8954,99002,4.469533884175034,0.17024840287868756
1156,0.1258857807336139,20,155,20,123252,482358,8974,98982,4.468098114046463,0.17026524925172876
1157,0.1259001106811065,24,144,24,123396,482214,8998,98958,4.466764237281856,0.17027317214181
1158,0.1259037166726355,1,9,1,123405,482205,8999,98957,4.466680869984067,0.17027438132568887
1159,0.1259039170239852,5,69,5,123474,482136,9004,98952,4.466041720701027,0.17028746076325788
1160,0.1259101327940587,4,9,4,123483,482127,9008,98948,4.465958353403239,0.17028438669707008
1161,0.1259187475535367,0,1,0,123484,482126,9008,98948,4.465949090370151,0.17028467974819042
1162,0.1259362668182413,33,358,33,123842,481768,9041,98915,4.462632924524806,0.17034251045751297
1163,0.1259451235351646,2,5,2,123847,481763,9043,98913,4.462586609359368,0.17034111966053359
1164,0.1259592557847637,8,75,8,123922,481688,9051,98905,4.461891881877802,0.17035169214923362
1165,0.1259633414554669,26,99,26,124021,481589,9077,98879,4.460974841602134,0.1703435848315497
1166,0.1259821602974118,2,1,2,124022,481588,9079,98877,4.460965578569047,0.17034101969972348
1167,0.1259851441441444,7,14,7,124036,481574,9086,98870,4.460835896105821,0.17033512276808788
1168,0.1259873333099088,1,3,1,124039,481571,9087,98869,4.460808107006558,0.17033457377162153
1169,0.1259878044205686,8,40,8,124079,481531,9095,98861,4.4604375856830565,0.17033487711753437
1170,0.1259881978511125,8,104,8,124183,481427,9103,98853,4.45947423024195,0.17035396705038947
1171,0.1260087124352465,1,2,1,124185,481425,9104,98852,4.459455704175776,0.17035312445607873
1172,0.1260211494482851,1,5,1,124190,481420,9105,98851,4.459409389010338,0.17035316257403868
1173,0.1260323224619968,5,66,5,124256,481354,9110,98846,4.458798028826559,0.17036539124439848
1174,0.1260421135228669,0,2,0,124258,481352,9110,98846,4.458779502760384,0.17036597851078425
1175,0.1260491657108536,0,5,0,124263,481347,9110,98846,4.458733187594946,0.17036744669446202
1176,0.1260503540609543,3,33,3,124296,481314,9113,98843,4.458427507503057,0.1703728473499415
1177,0.1260576439962488,3,54,3,124350,481260,9116,98840,4.457927303716329,0.17038441647991726
1178,0.1260594261127202,15,442,15,124792,480818,9131,98825,4.45383304309163,0.17049287233693844
1179,0.1260605271977228,5,46,5,124838,480772,9136,98820,4.453406943569602,0.17049924774669079
1180,0.1260700221764608,0,1,0,124839,480771,9136,98820,4.453397680536515,0.17049954191835276
1181,0.1260802003546991,4,59,4,124898,480712,9140,98816,4.452851161584349,0.1705111746110628
1182,0.1260922729997133,2,2,2,124900,480710,9142,98814,4.452832635518174,0.170508900407921
1183,0.1260945111319421,0,4,0,124904,480706,9142,98814,4.452795583385824,0.17051007730535617
1184,0.1261090120011025,5,65,5,124969,480641,9147,98809,4.4521934862351324,0.17052204676848737
1185,0.1261127835203877,0,7,0,124976,480634,9147,98809,4.45212864500352,0.17052410677150298
1186,0.1261174378048052,5,61,5,125037,480573,9152,98804,4.451563599985179,0.17053490214489012
1187,0.1261207264459969,2,18,2,125055,480555,9154,98802,4.451396865389603,0.1705373370823171
1188,0.1261400699624654,9,82,9,125137,480473,9163,98793,4.450637296676423,0.1705485908028436
1189,0.1261407114940764,26,118,26,125255,480355,9189,98767,4.449544258772092,0.1705461025483404
1190,0.1261633842768581,0,5,0,125260,480350,9189,98767,4.449497943606654,0.17054757501506604
1191,0.1261638337348566,5,51,5,125311,480299,9194,98762,4.449025528919189,0.1705554337107835
1192,0.1261728064143905,17,142,17,125453,480157,9211,98745,4.447710178220756,0.17057291216820808
1193,0.1261748866728196,1,0,1,125453,480157,9212,98744,4.447710178220756,0.17057147940666884
1194,0.1261825537298513,4,7,4,125460,480150,9216,98740,4.447645336989144,0.17056781081034394
1195,0.126184344255531,6,56,6,125516,480094,9222,98734,4.447126607136241,0.17057571506561534
1196,0.1261981279486424,24,157,24,125673,479937,9246,98710,4.445672310941495,0.17058759485489428
1197,0.1261999515941863,3,17,3,125690,479920,9249,98707,4.4455148393790065,0.17058830645649098
1198,0.1262145613495689,0,2,0,125692,479918,9249,98707,4.445496313312831,0.1705888960898682
1199,0.1262277734614185,8,65,8,125757,479853,9257,98699,4.44489421616214,0.17059659287324216
1200,0.126231472976359,2,14,2,125771,479839,9259,98697,4.4447645336989146,0.17059785389327545
1201,0.1262362781364791,0,5,0,125776,479834,9259,98697,4.444718218533477,0.17059932829874286
1202,0.1262541144649945,6,67,6,125843,479767,9265,98691,4.44409759531661,0.17061048511732918
1203,0.1262561700881108,1,5,1,125848,479762,9266,98690,4.4440512801511725,0.17061052602463125
1204,0.1262579217571989,12,183,12,126031,479579,9278,98678,4.44235614509615,0.1706473073391243
1205,0.1262724351874635,4,24,4,126055,479555,9282,98674,4.442133832302049,0.17064865304230678
1206,0.126289802296033,0,1,0,126056,479554,9282,98674,4.4421245692689615,0.17064894816577544
1207,0.1262907826862949,3,83,3,126139,479471,9285,98671,4.441355737522694,0.17066914356680538
1208,0.1262957310084931,7,72,7,126211,479399,9292,98664,4.440688799140391,0.1706803583692435
1209,0.1263033483308897,0,12,0,126223,479387,9292,98664,4.44057764274334,0.170683901593458
1210,0.1263042486654951,7,134,7,126357,479253,9299,98657,4.439336396309607,0.17071343288747381
1211,0.1263078388716224,9,54,9,126411,479199,9308,98648,4.43883619252288,0.17071646993062178
1212,0.1263133561771113,0,3,0,126414,479196,9308,98648,4.438808403423617,0.17071735624147694
1213,0.1263141776039203,0,8,0,126422,479188,9308,98648,4.4387342991589165,0.1707197197820835
1214,0.1263385763491783,1,0,1,126422,479188,9309,98647,4.4387342991589165,0.17071828463142594
1215,0.12634043554658,7,35,7,126457,479153,9316,98640,4.4384100930008525,0.17071857914512636
1216,0.1263696661554768,3,13,3,126470,479140,9319,98637,4.438289673570714,0.17071811442823095
1217,0.1263716952265148,3,8,3,126478,479132,9322,98634,4.4382155693060135,0.1707161722912044
1218,0.1263808463513015,3,73,3,126551,479059,9325,98631,4.437539367890622,0.17073343834928767
1219,0.1263931549873632,0,3,0,126554,479056,9325,98631,4.4375115787913595,0.1707343249891377
1220,0.1264129191398571,7,82,7,126636,478974,9332,98624,4.43675201007818,0.17074851367213875
1221,0.1264254642107246,2,7,2,126643,478967,9334,98622,4.436687168846567,0.17074771160808117
1222,0.1264274079599739,5,84,5,126727,478883,9339,98617,4.4359090740672125,0.17076536796536795
1223,0.1264320404537536,4,4,4,126731,478879,9343,98613,4.435872021934863,0.17076080707611535
1224,0.1264362149608867,10,138,10,126869,478741,9353,98603,4.4345937233687795,0.17078726028156524
1225,0.1264389202031566,3,7,3,126876,478734,9356,98600,4.434528882137167,0.17078502218819608
1226,0.1264412268906201,18,169,18,127045,478565,9374,98582,4.43296342954537,0.17080916993417622
1227,0.126443772185197,1,2,1,127047,478563,9375,98581,4.4329449034791955,0.17080832513202945
1228,0.1264641038484943,8,37,8,127084,478526,9383,98573,4.432602171254956,0.17080778168043959
1229,0.1264703441105261,11,180,11,127264,478346,9394,98562,4.430934825299196,0.1708452647562523
1230,0.1264720596766601,7,75,7,127339,478271,9401,98555,4.430240097817629,0.17085741627457846
1231,0.1264857919492764,0,3,0,127342,478268,9401,98555,4.4302123087183665,0.1708583048872878
1232,0.126486776631276,1,5,1,127347,478263,9402,98554,4.430165993552929,0.17085834848834205
1233,0.1265213303036951,14,226,14,127573,478037,9416,98540,4.428072548075142,0.1709051869915033
1234,0.1265245011319942,3,39,3,127612,477998,9419,98537,4.427711289784727,0.17091243376377843
1235,0.1265358437339597,4,48,4,127660,477950,9423,98533,4.427266664196525,0.17092091180485808
1236,0.1265541912327912,0,10,0,127670,477940,9423,98533,4.427174033865649,0.17092387674704626
1237,0.1265650233150666,1,1,1,127671,477939,9424,98532,4.427164770832562,0.17092273505518923
1238,0.1265768088283663,4,29,4,127700,477910,9428,98528,4.426896142873022,0.17092558089508325
1239,0.1265772227183062,2,8,2,127708,477902,9430,98526,4.426822038608322,0.17092507650565206
1240,0.1265782697176996,1,2,1,127710,477900,9431,98525,4.426803512542147,0.17092423125298173
1241,0.1265833022820441,2,34,2,127744,477866,9433,98523,4.42648856941717,0.17093143692887963
1242,0.1266019921863109,0,14,0,127758,477852,9433,98523,4.4263588869539445,0.1709355888093689
1243,0.1266039612577609,1,4,1,127762,477848,9434,98522,4.426321834821594,0.17093533667609348
1244,0.1266074451438215,1,7,1,127769,477841,9435,98521,4.426256993589981,0.170935974266173
1245,0.1266155170256415,19,252,19,128021,477589,9454,98502,4.423922709251918,0.1709834036636573
1246,0.1266211977644565,0,7,0,128028,477582,9454,98502,4.4238578680203045,0.17098548128397942
1247,0.1266245010008634,0,8,0,128036,477574,9454,98502,4.423783763755604,0.17098785576903047
1248,0.1266329064136907,1,14,1,128050,477560,9455,98501,4.423654081292378,0.170990572178988
1249,0.1266337238300664,0,1,0,128051,477559,9455,98501,4.423644818259291,0.17099086900670069
1250,0.1266495044935436,9,51,9,128102,477508,9464,98492,4.423172403571826,0.17099305555555555
1251,0.1266527850873013,1,0,1,128102,477508,9465,98491,4.423172403571826,0.1709916163048894
1252,0.1266619241711747,5,48,5,128150,477460,9470,98486,4.422727777983623,0.1709986700142027
1253,0.1266627508961765,8,61,8,128211,477399,9478,98478,4.422162732965282,0.1710052667496705
1254,0.1266712357292835,0,2,0,128213,477397,9478,98478,4.422144206899107,0.17100586064684176
1255,0.1266717905048723,10,193,10,128406,477204,9488,98468,4.420356441513209,0.17104879167303602
1256,0.126672904760022,1,12,1,128418,477192,9489,98467,4.420245285116159,0.1710509172965245
1257,0.1266763276863534,3,97,3,128515,477095,9492,98464,4.419346770906666,0.17107542406599496
1258,0.1266879137447384,11,58,11,128573,477037,9503,98453,4.418809514987587,0.17107682149125095
1259,0.1266892078273832,0,5,0,128578,477032,9503,98453,4.41876319982215,0.17107830786206418
1260,0.1267035634057466,1,6,1,128584,477026,9504,98452,4.418707621623624,0.17107865113870557
1261,0.1267069249816612,0,3,0,128587,477023,9504,98452,4.4186798325243615,0.17107954298622877
1262,0.1267088214355064,5,83,5,128670,476940,9509,98447,4.417911000778095,0.171097018180807
1263,0.1267131303145401,0,2,0,128672,476938,9509,98447,4.41789247471192,0.17109761290266517
1264,0.1267150027849045,2,6,2,128678,476932,9511,98445,4.4178368965133945,0.17109651584960817
1265,0.1267159415859585,0,3,0,128681,476929,9511,98445,4.417809107414132,0.1710974079468311
1266,0.1267165473417811,1,3,1,128684,476926,9512,98444,4.417781318314869,0.17109685941220432
1267,0.1267172927807599,7,56,7,128740,476870,9519,98437,4.417262588461966,0.17110342825656563
1268,0.126717836528179,3,7,3,128747,476863,9522,98434,4.417197747230353,0.17110118773433547
1269,0.1267195129482432,0,3,0,128750,476860,9522,98434,4.41716995813109,0.17110207997997545
1270,0.1267245550583672,0,1,0,128751,476859,9522,98434,4.417160695098003,0.1711023773972567
1271,0.1267337526570223,0,10,0,128761,476849,9522,98434,4.417068064767127,0.1711053516269384
1272,0.1267344012564013,1,2,1,128763,476847,9523,98433,4.417049538700952,0.17110450563204005
1273,0.1267353875392891,2,1,2,128764,476846,9525,98431,4.417040275667865,0.17110192133528718
1274,0.1267366465363922,0,2,0,128766,476844,9525,98431,4.417021749601689,0.17110251618791014
1275,0.1267388804542954,2,1,2,128767,476843,9527,98429,4.417012486568602,0.17109993185832092
1276,0.1267392582597102,38,387,38,129154,476456,9565,98391,4.413427692763719,0.17116032613895524
1277,0.1267557169077604,0,17,0,129171,476439,9565,98391,4.4132702212012305,0.17116538802776474
1278,0.1267566476477594,1,21,1,129192,476418,9566,98390,4.413075697506391,0.17117019944050882
1279,0.1267631573203272,12,249,12,129441,476169,9578,98378,4.41076920226759,0.17122707106642276
1280,0.1267650055250432,0,1,0,129442,476168,9578,98378,4.410759939234503,0.17122736908794073
1281,0.126781249272054,12,52,12,129494,476116,9590,98366,4.41027826151395,0.17122555624023034
1282,0.1267891814693594,0,4,0,129498,476112,9590,98366,4.4102412093816,0.17122674845685998
1283,0.1267907364391222,6,13,6,129511,476099,9596,98360,4.410120789951462,0.17122196710296123
1284,0.1267910736833865,2,9,2,129520,476090,9598,98358,4.410037422653674,0.17122176419797788
1285,0.1267925617446318,0,10,0,129530,476080,9598,98358,4.409944792322798,0.17122474488108377
1286,0.1267936606672535,0,2,0,129532,476078,9598,98358,4.409926266256623,0.17122534103015827
1287,0.1267985329256803,7,53,7,129585,476025,9605,98351,4.409435325502983,0.1712310402941627
1288,0.1268024081235683,6,103,6,129688,475922,9611,98345,4.408481233094965,0.171253093073431
1289,0.126803805693376,14,80,14,129768,475842,9625,98331,4.40774019044796,0.17125674665997878
1290,0.1268133887124156,2,29,2,129797,475813,9627,98329,4.407471562488421,0.1712625099714008
1291,0.1268169215538329,3,14,3,129811,475799,9630,98326,4.407341880025196,0.17126235575876333
1292,0.1268287961105052,3,7,3,129818,475792,9633,98323,4.407277038793582,0.17126011339191624
1293,0.1268326372419029,4,36,4,129854,475756,9637,98319,4.406943569602431,0.17126507860471193
1294,0.1268352690526643,0,4,0,129858,475752,9637,98319,4.40690651747008,0.17126627194197233
1295,0.1268402173748625,1,16,1,129874,475736,9638,98318,4.406758308940679,0.17126960181446343
1296,0.1268440473581402,1,6,1,129880,475730,9639,98317,4.406702730742154,0.17126994827949626
1297,0.1268543582200832,1,13,1,129893,475717,9640,98316,4.406582311312016,0.17127238329503705
1298,0.1268571203288382,3,17,3,129910,475700,9643,98313,4.406424839749527,0.17127312447627493
1299,0.1268653636714457,3,19,3,129929,475681,9646,98310,4.406248842120864,0.17127446249157216
1300,0.1268663818167281,13,173,13,130102,475508,9659,98297,4.404646337396717,0.17130732565941392
1301,0.1268698453235256,0,1,0,130103,475507,9659,98297,4.40463707436363,0.17130762420617493
1302,0.1268728268223061,0,1,0,130104,475506,9659,98297,4.404627811330542,0.17130792275397655
1303,0.1268868985543959,38,571,38,130675,474935,9697,98259,4.399338619437549,0.17142363667449415
1304,0.1268889386555954,0,9,0,130684,474926,9697,98259,4.399255252139761,0.1714263283233162
1305,0.1269132772889821,2,32,2,130716,474894,9699,98257,4.3989588350809585,0.1714330080554688
1306,0.1269206807115863,1,5,1,130721,474889,9700,98256,4.3989125199155215,0.17143305795217614
1307,0.1269253327176709,2,39,2,130760,474850,9702,98254,4.398551261625107,0.1714418325469723
1308,0.1269253845407287,4,5,4,130765,474845,9706,98250,4.398504946459669,0.1714375452586395
1309,0.126929665421753,0,1,0,130766,474844,9706,98250,4.398495683426582,0.17143784440248894
1310,0.1269341446196471,0,3,0,130769,474841,9706,98250,4.398467894327318,0.1714387418403011
1311,0.1269363133065182,0,7,0,130776,474834,9706,98250,4.398403053095706,0.17144083589840234
1312,0.1269394735628917,2,16,2,130792,474818,9708,98248,4.3982548445663046,0.17144273085473574
1313,0.1269398962979861,5,110,5,130902,474708,9713,98243,4.397235910926674,0.17146841527460463
1314,0.1269467944285321,0,4,0,130906,474704,9713,98243,4.397198858794324,0.17146961237252312
1315,0.1269470195406788,4,22,4,130928,474682,9717,98239,4.396995072066398,0.17147041215106446
1316,0.1269487893539185,3,12,3,130940,474670,9720,98236,4.396883915669346,0.17146966518067536
1317,0.1269514987385729,7,31,7,130971,474639,9727,98229,4.396596761643632,0.17146882004231342
1318,0.1269563784759716,7,78,7,131049,474561,9734,98222,4.395874245062803,0.1714820446835887
1319,0.1269574055062265,3,30,3,131079,474531,9737,98219,4.395596354070177,0.1714866870362287
1320,0.1269645983749171,0,4,0,131083,474527,9737,98219,4.395559301937826,0.17148788468186596
1321,0.1269674953697346,19,89,19,131172,474438,9756,98200,4.394734891993034,0.17148704766361994
1322,0.1269721159627841,4,14,4,131186,474424,9760,98196,4.394605209529808,0.17148545283084768
1323,0.1269807013272562,0,41,0,131227,474383,9760,98196,4.394225425173219,0.17149773219066713
1324,0.1269808615629069,2,37,2,131264,474346,9762,98194,4.39388269294898,0.17150592098368672
1325,0.1269850786951625,3,98,3,131362,474248,9765,98191,4.392974915706399,0.17153094041461187
1326,0.1269922414467296,13,82,13,131444,474166,9778,98178,4.392215346993219,0.17153669820946843
1327,0.1270055688370824,4,4,4,131448,474162,9782,98174,4.392178294860869,0.17153210701406166
1328,0.1270148304768955,0,9,0,131457,474153,9782,98174,4.392094927563082,0.17153480440377616
1329,0.1270236366071115,2,21,2,131478,474132,9784,98172,4.3919004038682425,0.17153820347228046
1330,0.1270240606270941,23,290,23,131768,473842,9807,98149,4.3892141242728515,0.1715918607110951
1331,0.1270269391913795,14,273,14,132041,473569,9821,98135,4.38668531623995,0.17165351300673076
1332,0.1270299991618486,1,4,1,132045,473565,9822,98134,4.386648264107599,0.17165326509229506
1333,0.1270305958569236,0,4,0,132049,473561,9822,98134,4.386611211975249,0.17165446610517845
1334,0.1270319097713405,0,7,0,132056,473554,9822,98134,4.386546370743637,0.17165656791816516
1335,0.1270434613258986,1,16,1,132072,473538,9823,98133,4.386398162214236,0.1716599232775495
1336,0.1270455300583559,0,1,0,132073,473537,9823,98133,4.3863888991811475,0.17166022355554778
1337,0.1270514042515077,1,9,1,132082,473528,9824,98132,4.38630553188336,0.1716614771017738
1338,0.127054068730584,2,9,2,132091,473519,9826,98130,4.386222164585572,0.17166128166059944
1339,0.127056511642088,22,256,22,132347,473263,9848,98108,4.3838508281151585,0.17170629940966553
1340,0.1270575550878473,3,65,3,132412,473198,9851,98105,4.383248730964467,0.1717214857965038
1341,0.1270628841772818,2,10,2,132422,473188,9853,98103,4.383156100633592,0.17172159197326756
1342,0.1270658166700646,3,35,3,132457,473153,9856,98100,4.382831894475527,0.1717277633552909
1343,0.1270755077378313,0,4,0,132461,473149,9856,98100,4.382794842343177,0.1717289658275113
1344,0.1270767972589118,2,24,2,132485,473125,9858,98098,4.382572529549075,0.17173328104785696
1345,0.1270803301003292,0,7,0,132492,473118,9858,98098,4.382507688317463,0.1717353855634296
1346,0.1270863311644663,6,31,6,132523,473087,9864,98092,4.382220534291749,0.1717360057004897
1347,0.1270872783809257,1,10,1,132533,473077,9865,98091,4.382127903960873,0.17173756232842177
1348,0.1270875034930725,6,51,6,132584,473026,9871,98085,4.381655489273408,0.1717441968373924
1349,0.1270879689636157,7,55,7,132639,472971,9878,98078,4.381146022453592,0.171750585326303
1350,0.1270919826909665,7,78,7,132717,472893,9885,98071,4.380423505872763,0.1717638940458593
1351,0.1270944709455499,2,12,2,132729,472881,9887,98069,4.380312349475712,0.17176460285489098
1352,0.1270974566792078,31,302,31,133031,472579,9918,98038,4.377514913483271,0.1718105138823414
1353,0.1270986775991606,1,9,1,133040,472570,9919,98037,4.377431546185483,0.17181177237573322
1354,0.1270990561591537,0,2,0,133042,472568,9919,98037,4.377413020119308,0.17181237458487045
1355,0.1271053583516649,1,3,1,133045,472565,9920,98036,4.377385231020045,0.17181182647769633
1356,0.1271125999151777,8,33,8,133078,472532,9928,98028,4.377079550928156,0.17181015143017386
1357,0.1271132315353621,1,2,1,133080,472530,9929,98027,4.377061024861981,0.17180930213808612
1358,0.1271150220610419,41,251,41,133331,472279,9970,97986,4.374736003557005,0.17182537942886203
1359,0.1271256294657273,22,124,22,133455,472155,9992,97964,4.3735873874541475,0.17183079322036277
1360,0.1271285239909502,0,3,0,133458,472152,9992,97964,4.373559598354885,0.17183169740894835
1361,0.1271297837339606,2,23,2,133481,472129,9994,97962,4.373346548593871,0.17183572447205797
1362,0.1271410154012298,2,18,2,133499,472111,9996,97960,4.373179813998296,0.17183824470986947
1363,0.127141454219845,0,4,0,133503,472107,9996,97960,4.373142761865945,0.17183945045056107
1364,0.1271416120963048,10,75,10,133578,472032,10006,97950,4.372448034384379,0.17184753202732717
1365,0.1271426390763842,10,175,10,133753,471857,10016,97940,4.370827003594057,0.17188577686439205
1366,0.127145933417739,0,2,0,133755,471855,10016,97940,4.3708084775278815,0.17188638018936636
1367,0.1271459449428942,1,2,1,133757,471853,10017,97939,4.370789951461707,0.17188553015837357
1368,0.1271537403959173,0,3,0,133760,471850,10017,97939,4.3707621623624435,0.1718864351540658
1369,0.1271591128819923,10,45,10,133805,471805,10027,97929,4.370345325873504,0.1718854763802055
1370,0.12716695594199,0,1,0,133806,471804,10027,97929,4.370336062840416,0.17188577807499303
1371,0.1271723937237341,4,21,4,133827,471783,10031,97925,4.370141539145578,0.17188629964824084
1372,0.127174403596708,2,36,2,133863,471747,10033,97923,4.369808069954426,0.17189425456843435
1373,0.1271752648945002,3,26,3,133889,471721,10036,97920,4.369567231094149,0.17189773910234693
1374,0.1271791550320212,18,374,18,134263,471347,10054,97902,4.3661028567194045,0.17198449184803136
1375,0.1271822996098387,9,135,9,134398,471212,10063,97893,4.364852347252584,0.1720121945862363
1376,0.1271847922705054,2,42,2,134440,471170,10065,97891,4.364463299862907,0.17202198006892055
1377,0.1271865239772126,7,44,7,134484,471126,10072,97884,4.364055726407055,0.1720250962197501
1378,0.1271869071539987,0,8,0,134492,471118,10072,97884,4.363981622142354,0.17202751484177561
1379,0.1271891532768158,0,4,0,134496,471114,10072,97884,4.363944570010004,0.17202872417829237
1380,0.1271919367348253,7,76,7,134572,471038,10079,97877,4.36324057949535,0.17204151762565587
1381,0.1272033681296754,2,28,2,134600,471010,10081,97875,4.362981214568898,0.17204707454054863
1382,0.1272052546528301,1,8,1,134608,471002,10082,97874,4.362907110304198,0.17204803858837428
1383,0.1272100723985349,15,78,15,134686,470924,10097,97859,4.362184593723369,0.17204979755020808
1384,0.1272102029750283,3,9,3,134695,470915,10100,97856,4.3621012264255805,0.17204815294731976
1385,0.127211606047015,15,274,15,134969,470641,10115,97841,4.359563155359591,0.1721092312509455
1386,0.1272161535576423,8,165,8,135134,470476,10123,97833,4.358034754900144,0.17214754649319297
1387,0.1272173911263914,0,3,0,135137,470473,10123,97833,4.3580069658008815,0.17214845523362413
1388,0.1272208140527228,0,23,0,135160,470450,10123,97833,4.357793916039868,0.17215542256235009
1389,0.1272356092583014,5,37,5,135197,470413,10128,97828,4.357451183815629,0.17215934788232456
1390,0.1272385166771333,3,18,3,135215,470395,10131,97825,4.357284449220052,0.17216043081904897
1391,0.1272418175095537,9,28,9,135243,470367,10140,97816,4.357025084293601,0.17215580191593202
1392,0.1272466619975533,1,18,1,135261,470349,10141,97815,4.356858349698025,0.1721597989312945
1393,0.1272501704588681,2,22,2,135283,470327,10143,97813,4.356654562970099,0.17216355123737107
1394,0.1272573188564479,0,1,0,135284,470326,10143,97813,4.3566452999370116,0.17216385426805764
1395,0.1272592099974766,0,5,0,135289,470321,10143,97813,4.356598984771574,0.17216536943749186
1396,0.1272595189395164,6,45,6,135334,470276,10149,97807,4.356182148282634,0.1721702638522892
1397,0.1272647566352985,11,82,11,135416,470194,10160,97796,4.3554225795694546,0.172179087659994
1398,0.1272782390233918,1,15,1,135431,470179,10161,97795,4.355283634073141,0.1721821773531887
1399,0.1272873441151824,3,59,3,135490,470120,10164,97792,4.354737115120975,0.17219569229035483
1400,0.1272929303210656,0,1,0,135491,470119,10164,97792,4.354727852087888,0.1721959954992948
1401,0.1272953183178368,2,17,2,135508,470102,10166,97790,4.3545703805253995,0.17219823487564537
1402,0.1272992922911644,0,13,0,135521,470089,10166,97790,4.354449961095261,0.1722021768721858
1403,0.1273003439609877,3,7,3,135528,470082,10169,97787,4.3543851198636485,0.17219992639147408
1404,0.1273037714890585,1,18,1,135546,470064,10170,97786,4.354218385268072,0.17220392709342255
1405,0.1273050891798771,0,6,0,135552,470058,10170,97786,4.354162807069547,0.17220574664872748
1406,0.1273186547687312,9,143,9,135695,469915,10179,97777,4.352838193338027,0.17223600121192478
1407,0.1273215333330166,0,16,0,135711,469899,10179,97777,4.352689984808626,0.1722408556993778
1408,0.1273273911063923,0,10,0,135721,469889,10179,97777,4.3525973544777505,0.17224388989300046
1409,0.1273281199725243,14,243,14,135964,469646,10193,97763,4.350346437437475,0.1722972318028089
1410,0.1273289611915002,1,1,1,135965,469645,10194,97762,4.350337174404387,0.17229607671389321
1411,0.1273295722668124,0,3,0,135968,469642,10194,97762,4.350309385305124,0.17229698768426024
1412,0.1273326106257973,8,104,8,136072,469538,10202,97754,4.3493460298640185,0.17231690205396868
1413,0.1273373940147658,9,189,9,136261,469349,10211,97745,4.347595316610471,0.17236119585112875
1414,0.1273461951684429,11,46,11,136307,469303,10222,97734,4.347169217088443,0.17235912294964878
1415,0.1273491276224702,0,3,0,136310,469300,10222,97734,4.347141427989181,0.17236003484799853
1416,0.127350686927422,3,18,3,136328,469282,10225,97731,4.346974693393605,0.1723611275226494
1417,0.127351105783725,7,80,7,136408,469202,10232,97724,4.3462336507466,0.1723752306297471
1418,0.1273542507984567,0,21,0,136429,469181,10232,97724,4.346039127051762,0.17238161596740195
1419,0.1273549545060363,0,2,0,136431,469179,10232,97724,4.346020600985587,0.17238222411947018
1420,0.127357875078785,0,12,0,136443,469167,10232,97724,4.3459094445885365,0.17238587312199347
1421,0.1273594337039303,0,11,0,136454,469156,10232,97724,4.345807551224573,0.17238921817668643
1422,0.1273608585964404,4,58,4,136512,469098,10236,97720,4.345270295305495,0.17240101761059107
1423,0.1273665647305647,0,1,0,136513,469097,10236,97720,4.345261032272408,0.17240132176699005
1424,0.1273702262368579,5,47,5,136560,469050,10241,97715,4.3448256697172924,0.1724083173802193
1425,0.1273719046961309,6,78,6,136638,468972,10247,97709,4.344103153136463,0.17242328576394833
1426,0.1273737139388639,27,399,27,137037,468573,10274,97682,4.340407202934529,0.17250532004132413
1427,0.1273774114995425,4,38,4,137075,468535,10278,97678,4.340055207677202,0.1725110514947555
1428,0.1273829512315453,1,16,1,137091,468519,10279,97677,4.339906999147801,0.1725144649555984
1429,0.1273848160770613,3,14,3,137105,468505,10282,97674,4.339777316684575,0.17251434616967426
1430,0.127388884105028,0,12,0,137117,468493,10282,97674,4.339666160287525,0.17251800263879738
1431,0.1273905122347384,23,97,23,137214,468396,10305,97651,4.338767646078032,0.17251394318846314
1432,0.1273990157455586,0,2,0,137216,468394,10305,97651,4.338749120011856,0.17251455272990662
1433,0.1274052444686851,2,25,2,137241,468369,10307,97649,4.3385175441846675,0.1725192485044645
1434,0.1274060409936168,1,16,1,137257,468353,10308,97648,4.338369335655267,0.1725226633875205
1435,0.1274063014275389,0,8,0,137265,468345,10308,97648,4.338295231390567,0.17252510190055353
1436,0.1274063397569799,4,73,4,137338,468272,10312,97644,4.337619029975175,0.17254150792697148
1437,0.1274145163221747,1,17,1,137355,468255,10313,97643,4.337461558412687,0.1725452289988655
1438,0.1274151569277673,2,3,2,137358,468252,10315,97641,4.337433769313424,0.1725432193011753
1439,0.1274207853066241,1,41,1,137399,468211,10316,97640,4.337053984956834,0.17255425898337196
1440,0.1274293359124408,1,0,1,137399,468211,10317,97639,4.337053984956834,0.17255279667756473
1441,0.1274299774744398,0,26,0,137425,468185,10317,97639,4.336813146096558,0.17256072559665198
1442,0.1274344823754802,4,8,4,137433,468177,10321,97635,4.336739041831858,0.172557315857564
1443,0.1274358022702304,4,50,4,137483,468127,10325,97631,4.33627589017748,0.17256671580428382
1444,0.1274379911075821,0,3,0,137486,468124,10325,97631,4.336248101078217,0.1725676308649504
1445,0.1274389615733743,1,10,1,137496,468114,10326,97630,4.336155470747341,0.17256921858649849
1446,0.1274389730985294,1,13,1,137509,468101,10327,97629,4.336035051317204,0.1725717214925848
1447,0.127450315700495,0,7,0,137516,468094,10327,97629,4.33597021008559,0.17257385681685206
1448,0.1274512792670031,11,248,11,137764,467846,10338,97618,4.333672977879877,0.17263344792948798
1449,0.1274521410376275,24,131,24,137895,467715,10362,97594,4.332459520545408,0.17263832700346182
1450,0.1274563518598659,14,168,14,138063,467547,10376,97580,4.330903330986699,0.17266915224365498
1451,0.1274624284894336,2,15,2,138078,467532,10378,97578,4.330764385490385,0.17267080745341615
1452,0.1274686631993264,0,1,0,138079,467531,10378,97578,4.3307551224572975,0.17267111300651733
1453,0.1274708191426392,2,3,2,138082,467528,10380,97576,4.330727333358035,0.17266910161669358
1454,0.1274737491736582,8,58,8,138140,467470,10388,97568,4.330190077438957,0.17267511211635322
1455,0.1274752521187555,4,75,4,138215,467395,10392,97564,4.32949534995739,0.17269217766244985
1456,0.1274754762584936,4,19,4,138234,467376,10396,97560,4.329319352328726,0.17269212795785718
1457,0.1274768937514757,3,39,3,138273,467337,10399,97557,4.328958094038312,0.17269965692678627
1458,0.127480250920483,0,59,0,138332,467278,10399,97557,4.328411575086146,0.17271769631839387
1459,0.1274807996728877,3,6,3,138338,467272,10402,97554,4.328355996887621,0.17271513705105643
1460,0.127489725647162,37,255,37,138593,467017,10439,97517,4.325993923450294,0.17273893157896603
1461,0.1274939674709266,13,173,13,138766,466844,10452,97504,4.324391418726147,0.17277282811315003
1462,0.1274949405181084,1,1,1,138767,466843,10453,97503,4.32438215569306,0.1727716684445358
1463,0.1275024510998227,0,1,0,138768,466842,10453,97503,4.324372892659973,0.17277197459001142
1464,0.1275040332397623,18,221,18,138989,466621,10471,97485,4.3223257623476234,0.17281326559192775
1465,0.1275059006494326,1,57,1,139046,466564,10472,97484,4.321797769461632,0.1728292627577795
1466,0.127506200188652,4,39,4,139085,466525,10476,97480,4.321436511171218,0.17283534720436874
1467,0.1275069656937896,0,5,0,139090,466520,10476,97480,4.321390196005781,0.1728368794326241
1468,0.1275077031337493,1,54,1,139144,466466,10477,97479,4.320889992219052,0.17285196251407495
1469,0.1275118111796784,4,36,4,139180,466430,10481,97475,4.3205565230279,0.17285713019036894
1470,0.1275127925773557,1,21,1,139201,466409,10482,97474,4.320361999333062,0.17286210082588055
1471,0.1275144682249846,4,27,4,139228,466382,10486,97470,4.3201118974396975,0.1728645105453204
1472,0.1275172717752498,5,55,5,139283,466327,10491,97465,4.319602430619883,0.17287403865255271
1473,0.127518418977662,14,121,14,139404,466206,10505,97451,4.318481603616288,0.17289060545686472
1474,0.1275287254843767,1,4,1,139408,466202,10506,97450,4.318444551483938,0.1728903649769716
1475,0.1275346390632718,0,3,0,139411,466199,10506,97450,4.318416762384675,0.17289128517925162
1476,0.1275447646005052,0,36,0,139447,466163,10506,97450,4.318083293193523,0.17290232837070826
1477,0.1275503470120831,0,4,0,139451,466159,10506,97450,4.318046241061173,0.17290355547906439
1478,0.1275533822851131,1,0,1,139451,466159,10507,97449,4.318046241061173,0.1729020879760401
1479,0.1275537910212315,35,426,35,139877,465733,10542,97414,4.314100188965875,0.17298147730521515
1480,0.1275587831024404,0,9,0,139886,465724,10542,97414,4.314016821668087,0.17298424187321756
1481,0.1275636013748385,2,34,2,139920,465690,10544,97412,4.31370187854311,0.17299174927455416
1482,0.1275764182208439,4,90,4,140010,465600,10548,97408,4.3128682055652305,0.17301352733886552
1483,0.1275778809688596,40,269,40,140279,465331,10588,97368,4.310376449664679,0.17303744986218209
1484,0.1275780283190413,5,29,5,140308,465302,10593,97363,4.310107821705139,0.1730390196653426
1485,0.1275873767265572,1,6,1,140314,465296,10594,97362,4.310052243506614,0.17303939515656047
1486,0.1275882164571843,1,12,1,140326,465284,10595,97361,4.309941087109563,0.17304161593900239
1487,0.1275907996528886,2,21,2,140347,465263,10597,97359,4.309746563414724,0.1730451350995873
1488,0.1275923204467996,5,26,5,140373,465237,10602,97354,4.309505724554448,0.17304578281558006
1489,0.1275936671507984,1,23,1,140396,465214,10603,97353,4.309292674793435,0.17305138765693687
1490,0.1275947087634162,0,1,0,140397,465213,10603,97353,4.3092834117603465,0.17305169526775524
1491,0.1275967996446937,8,32,8,140429,465181,10611,97345,4.308986994701545,0.17304977903243585
1492,0.1276039921545516,9,83,9,140512,465098,10620,97336,4.308218162955278,0.1730620837289353
1493,0.1276060322557511,1,22,1,140534,465076,10621,97335,4.3080143762273515,0.1730673831059492
1494,0.1276132066628536,2,26,2,140560,465050,10623,97333,4.307773537367075,0.17307244351269507
1495,0.127613467339204,1,6,1,140566,465044,10624,97332,4.30771795916855,0.17307281960823365
1496,0.1276180353722818,0,2,0,140568,465042,10624,97332,4.307699433102375,0.17307343511613268
1497,0.1276212836252813,0,12,0,140580,465030,10624,97332,4.307588276705324,0.17307712825546534
1498,0.1276224308380423,3,68,3,140648,464962,10627,97329,4.306958390455371,0.17309364723959658
1499,0.1276261181657922,2,10,2,140658,464952,10629,97327,4.306865760124495,0.17309378440240522
1500,0.1276286572139586,5,29,5,140687,464923,10634,97322,4.306597132164956,0.17309535878487137
1501,0.1276305080581129,2,7,2,140694,464916,10636,97320,4.306532290933343,0.17309457238597314
1502,0.1276312006770313,1,4,1,140698,464912,10637,97319,4.306495238800993,0.17309433311219055
1503,0.1276319881564028,5,27,5,140725,464885,10642,97314,4.306245136907629,0.17309529188063302
1504,0.1276334911015,1,27,1,140752,464858,10643,97313,4.3059950350142655,0.1731021344039447
1505,0.1276371158560965,1,33,1,140785,464825,10644,97312,4.305689354922376,0.17311082529703614
1506,0.1276474496461833,0,8,0,140793,464817,10644,97312,4.3056152506576755,0.1731132889425737
1507,0.1276479826616715,3,5,3,140798,464812,10647,97309,4.3055689354922375,0.17311041572899785
1508,0.1276524618595656,3,35,3,140833,464777,10650,97306,4.305244729334174,0.17311678168526712
1509,0.1276594749863659,0,8,0,140841,464769,10650,97306,4.305170625069473,0.1731192456522706
1510,0.1276608980320908,0,25,0,140866,464744,10650,97306,4.304939049242284,0.17312694600124545
1511,0.1276769503157102,37,539,37,141405,464205,10687,97269,4.299946274408092,0.1732386539715107
1512,0.1276840402626382,0,10,0,141415,464195,10687,97269,4.299853644077217,0.17324173945257398
1513,0.1276841938531204,0,2,0,141417,464193,10687,97269,4.299835118011042,0.1732423565619757
1514,0.1276842491886418,3,2,3,141419,464191,10690,97266,4.299816591944866,0.17323855611382527
1515,0.127696101819778,6,90,6,141509,464101,10696,97260,4.298982918966987,0.17325749384086175
1516,0.1277014003729558,0,1,0,141510,464100,10696,97260,4.298973655933899,0.17325780247969216
1517,0.1277080700126325,0,2,0,141512,464098,10696,97260,4.298955129867724,0.17325841976065184
1518,0.1277081850834025,2,21,2,141533,464077,10698,97258,4.298760606172885,0.17326195587305263
1519,0.1277087778210305,7,97,7,141630,463980,10705,97251,4.297862091963393,0.17328158993355677
1520,0.1277167002036356,0,5,0,141635,463975,10705,97251,4.297815776797955,0.1732831337108402
1521,0.1277217514888973,2,3,2,141638,463972,10707,97249,4.297787987698692,0.17328111385710798
1522,0.1277278606789508,1,7,1,141645,463965,10708,97248,4.297723146467079,0.17328180209653019
1523,0.1277316619354508,0,1,0,141646,463964,10708,97248,4.297713883433992,0.17328211086006715
1524,0.1277408306832489,4,86,4,141732,463878,10712,97244,4.296917262588462,0.17330277551049506
1525,0.1277439561648429,15,75,15,141807,463803,10727,97229,4.296222535106895,0.17330384006616378
1526,0.1277476619325168,3,44,3,141851,463759,10730,97226,4.295814961651043,0.17331301193436544
1527,0.1277488772066387,0,1,0,141852,463758,10730,97226,4.295805698617955,0.17331332087902684
1528,0.127751906133543,2,13,2,141865,463745,10732,97224,4.2956852791878175,0.17331438992172474
1529,0.1277585193246754,0,2,0,141867,463743,10732,97224,4.295666753121642,0.17331500783468545
1530,0.1277589672125477,0,2,0,141869,463741,10732,97224,4.295648227055467,0.17331562575205225
1531,0.1277638472982744,2,11,2,141880,463730,10734,97222,4.295546333691504,0.17331607695489096
1532,0.1277693091959288,0,3,0,141883,463727,10734,97222,4.295518544592241,0.1733170038630963
1533,0.127775213096911,1,3,1,141886,463724,10735,97221,4.295490755492978,0.17331645705015644
1534,0.1277775252429693,8,28,8,141914,463696,10743,97213,4.295231390566527,0.17331331820313098
1535,0.1277801129475106,3,22,3,141936,463674,10746,97210,4.295027603838601,0.17331569451080794
1536,0.1277880684393346,2,29,2,141965,463645,10748,97208,4.294758975879062,0.17332170818378434
1537,0.1277917660000131,1,0,1,141965,463645,10749,97207,4.294758975879062,0.17332023421508705
1538,0.1277946762373182,3,56,3,142021,463589,10752,97204,4.294240246026159,0.17333311935063384
1539,0.1277948903533899,1,3,1,142024,463586,10753,97203,4.294212456926896,0.1733325725005305
1540,0.1277950565020195,7,78,7,142102,463508,10760,97196,4.293489940346067,0.17334636457025454
1541,0.1278015609894906,14,167,14,142269,463341,10774,97182,4.291943013820445,0.17337736364074266
1542,0.1278031702949862,6,24,6,142293,463317,10780,97176,4.291720701026344,0.1733759386825527
1543,0.1278050625637714,2,17,2,142310,463300,10782,97174,4.291563229463856,0.17337824769748464
1544,0.1278058207329909,6,52,6,142362,463248,10788,97168,4.291081551743303,0.17338548506823503
1545,0.1278077814967069,1,6,1,142368,463242,10789,97167,4.2910259735447775,0.17338586639400866
1546,0.127810299930885,5,121,5,142489,463121,10794,97162,4.289905146541184,0.17341593444741318
1547,0.1278137474255058,0,1,0,142490,463120,10794,97162,4.289895883508096,0.17341624396286157
1548,0.1278149858947332,0,3,0,142493,463117,10794,97162,4.289868094408833,0.17341717251583585
1549,0.1278192611142569,5,60,5,142553,463057,10799,97157,4.28931231242358,0.1734283684449157
1550,0.127820437941782,2,9,2,142562,463048,10801,97155,4.289228945125792,0.17342820370472847
1551,0.1278206942574505,1,2,1,142564,463046,10802,97154,4.289210419059617,0.17342734737593715
1552,0.1278259460260574,7,146,7,142710,462900,10809,97147,4.287858016228834,0.1734622272773535
1553,0.12783562130998,1,12,1,142722,462888,10810,97146,4.287746859831783,0.1734644682287147
1554,0.1278424881713863,2,1,2,142723,462887,10812,97144,4.287737596798696,0.17346182622033424
1555,0.1278426781748321,5,8,5,142731,462879,10817,97139,4.287663492533995,0.17345692459885217
1556,0.1278479388650004,1,7,1,142738,462872,10818,97138,4.287598651302383,0.17345761682827093
1557,0.1278507852730535,0,1,0,142739,462871,10818,97138,4.287589388269295,0.17345792656903727
1558,0.1278592384442752,0,1,0,142740,462870,10818,97138,4.287580125236207,0.17345823631090984
1559,0.1278600918058647,0,3,0,142743,462867,10818,97138,4.287552336136945,0.1734591655431648
1560,0.1278626345352694,2,4,2,142747,462863,10820,97136,4.287515284004594,0.17345745260259393
1561,0.1278803898799942,0,3,0,142750,462860,10820,97136,4.287487494905331,0.17345838184558462
1562,0.1278877369190514,0,1,0,142751,462859,10820,97136,4.287478231872244,0.17345869159546068
1563,0.1279024518415047,1,2,1,142753,462857,10821,97135,4.287459705806069,0.17345783511193016
1564,0.1279036378139979,1,73,1,142826,462784,10822,97134,4.2867835043906775,0.17347897370686421
1565,0.1279044221263677,4,27,4,142853,462757,10826,97130,4.286533402497314,0.17348143464663404
1566,0.1279059009152614,0,22,0,142875,462735,10826,97130,4.286329615769388,0.1734882516320899
1567,0.1279113516088754,9,71,9,142946,462664,10835,97121,4.285671940420171,0.17349696758576955
1568,0.1279170249796793,3,9,3,142955,462655,10838,97118,4.285588573122383,0.17349532757028296
1569,0.1279187977360881,19,144,19,143099,462511,10857,97099,4.284254696357776,0.17351191008023445
1570,0.1279216853695938,3,52,3,143151,462459,10860,97096,4.2837730186372225,0.1735236035778431
1571,0.1279217728684852,19,202,19,143353,462257,10879,97077,4.281901885953537,0.1735581959973826
1572,0.127924306578587,0,8,0,143361,462249,10879,97077,4.281827781688836,0.1735606783879169
1573,0.1279284214064224,0,1,0,143362,462248,10879,97077,4.281818518655749,0.17356098869172665
1574,0.1279293024434308,0,1,0,143363,462247,10879,97077,4.281809255622661,0.17356129899664596
1575,0.1279327734781327,0,7,0,143370,462240,10879,97077,4.281744414391048,0.17356347116214954
1576,0.1279349028564985,1,2,1,143372,462238,10880,97076,4.281725888324873,0.17356261420239794
1577,0.1279359896322643,0,2,0,143374,462236,10880,97076,4.281707362258698,0.17356323483136424
1578,0.1279375337647513,0,7,0,143381,462229,10880,97076,4.281642521027085,0.1735654070677001
1579,0.1279438026238693,0,21,0,143402,462208,10880,97076,4.281447997332246,0.1735719241029602
1580,0.1279445729843416,2,57,2,143459,462151,10882,97074,4.280920004446256,0.17358666010997362
1581,0.1279527028584572,1,8,1,143467,462143,10883,97073,4.280845900181555,0.1735876655889674
1582,0.1279614092777308,0,16,0,143483,462127,10883,97073,4.280697691652154,0.17359263233190272
1583,0.1279652716729936,0,2,0,143485,462125,10883,97073,4.28067916558598,0.1735932531947539
1584,0.1279715854968252,2,7,2,143492,462118,10885,97071,4.280614324354366,0.17359247052427712
1585,0.1279735360258757,0,1,0,143493,462117,10885,97071,4.280605061321279,0.17359278096096484
1586,0.1279809434087156,0,41,0,143534,462076,10885,97071,4.280225276964689,0.1736055098212098
1587,0.127990841307854,1,14,1,143548,462062,10886,97070,4.280095594501463,0.1736083787012727
1588,0.1279912692254471,1,7,1,143555,462055,10887,97069,4.280030753269851,0.17360907419463303
1589,0.1279973805192982,0,1,0,143556,462054,10887,97069,4.280021490236763,0.17360938469710602
1590,0.1279990906052272,1,5,1,143561,462049,10888,97068,4.279975175071326,0.17360945920084705
1591,0.1280042392297452,0,4,0,143565,462045,10888,97068,4.279938122938975,0.17361070123570727
1592,0.128006177847745,0,1,0,143566,462044,10888,97068,4.279928859905888,0.17361101174719912
1593,0.1280075503674076,4,15,4,143581,462029,10892,97064,4.279789914409574,0.17360975723180222
1594,0.1280131495656959,1,5,1,143586,462024,10893,97063,4.279743599244137,0.17360983174353903
1595,0.128015438365749,28,268,28,143854,461756,10921,97035,4.277261106376672,0.173651687303482
1596,0.1280259718649795,1,2,1,143856,461754,10922,97034,4.277242580310497,0.17365083001066595
1597,0.1280267971084766,3,32,3,143888,461722,10925,97031,4.276946163251695,0.17365633831048782
1598,0.1280283476853879,2,0,2,143888,461722,10927,97029,4.276946163251695,0.17365338048611995
1599,0.1280315416202211,0,5,0,143893,461717,10927,97029,4.2768998480862574,0.1736549344424837
1600,0.1280394376458037,0,8,0,143901,461709,10927,97029,4.276825743821557,0.17365742083051447
1601,0.128044932162964,8,90,8,143991,461619,10935,97021,4.275992070843677,0.17367356437061435
1602,0.128050387015802,0,2,0,143993,461617,10935,97021,4.275973544777502,0.1736741861455898
1603,0.1280514703565671,1,3,1,143996,461614,10936,97020,4.275945755678239,0.17367363962809282
1604,0.1280521626404911,0,1,0,143997,461613,10936,97020,4.275936492645152,0.17367395051849782
1605,0.1280574420091882,1,4,1,144001,461609,10937,97019,4.275899440512801,0.17367371488718789
1606,0.1280613676046493,0,9,0,144010,461600,10937,97019,4.2758160732150134,0.17367651297216888
1607,0.1280625033491023,18,98,18,144108,461502,10955,97001,4.274908295972433,0.17368035623801484
1608,0.1280659113484041,0,1,0,144109,461501,10955,97001,4.274899032939346,0.1736806672133672
1609,0.1280691148020774,9,132,9,144241,461369,10964,96992,4.273676312571789,0.17370840728489276
1610,0.12806959059162,2,33,2,144274,461336,10966,96990,4.2733706324798995,0.1737157144750558
1611,0.1280721193846064,1,12,1,144286,461324,10967,96989,4.273259476082848,0.1737179682364552
1612,0.1280727387304665,0,5,0,144291,461319,10967,96989,4.273213160917411,0.17371952399034224
1613,0.1280735848485275,6,10,6,144301,461309,10973,96983,4.273120530586535,0.17371375552578222
1614,0.1280736223297036,2,6,2,144307,461303,10975,96981,4.27306495238801,0.1737126623725559
1615,0.1280738294868365,0,1,0,144308,461302,10975,96981,4.273055689354923,0.1737129735277628
1616,0.1280742559793594,0,28,0,144336,461274,10975,96981,4.272796324428471,0.17372168632614127
1617,0.1280753224863309,19,167,19,144503,461107,10994,96962,4.271249397902849,0.17374554042600468
1618,0.1280893545725536,1,22,1,144525,461085,10995,96961,4.271045611174923,0.1737509094232375
1619,0.1280898930241821,0,4,0,144529,461081,10995,96961,4.271008559042573,0.1737521548557277
1620,0.1280949543640961,10,72,10,144601,461009,11005,96951,4.270341620660269,0.17375976772528498
1621,0.1280980604471252,1,8,1,144609,461001,11006,96950,4.270267516395569,0.17376077827622854
1622,0.1281019665061269,0,2,0,144611,460999,11006,96950,4.270248990329393,0.17376140113164465
1623,0.128112230125282,0,2,0,144613,460997,11006,96950,4.270230464263219,0.17376202399152607
1624,0.1281155502840577,0,6,0,144619,460991,11006,96950,4.270174886064693,0.17376389259796288
1625,0.1281208547530632,4,53,4,144672,460938,11010,96946,4.269683945311052,0.17377447641445176
1626,0.1281231323215012,2,5,2,144677,460933,11012,96944,4.269637630145615,0.17377307184200103
1627,0.1281241297000668,1,14,1,144691,460919,11013,96943,4.269507947682389,0.17377595175867866
1628,0.1281522665999104,1,5,1,144696,460914,11014,96942,4.269461632516951,0.17377602822233695
1629,0.1281533057680571,3,28,3,144724,460886,11017,96939,4.2692022675905,0.1737803074440909
1630,0.1281573295879718,1,6,1,144730,460880,11018,96938,4.269146689391975,0.17378069549566347
1631,0.1281576322420504,0,1,0,144731,460879,11018,96938,4.269137426358887,0.17378100703277238
1632,0.1281583106653135,1,6,1,144737,460873,11019,96937,4.269081848160361,0.1737813950986895
1633,0.128162676533398,0,12,0,144749,460861,11019,96937,4.268970691763311,0.17378513368638826
1634,0.1281631788798723,6,44,6,144793,460817,11025,96931,4.268563118307458,0.17378995532032387
1635,0.1281920373617466,0,5,0,144798,460812,11025,96931,4.26851680314202,0.1737915132955501
1636,0.128192710989927,0,4,0,144802,460808,11025,96931,4.268479751009671,0.1737927596958434
1637,0.1281974152738381,0,31,0,144833,460777,11025,96931,4.2681925969839565,0.17380241990432269
1638,0.1282023253359731,0,1,0,144834,460776,11025,96931,4.268183333950869,0.1738027315418311
1639,0.1282053843984602,0,2,0,144836,460774,11025,96931,4.268164807884694,0.17380335482020065
1640,0.1282079288147823,0,1,0,144837,460773,11025,96931,4.268155544851607,0.1738036664610618
1641,0.1282090307377888,1,6,1,144843,460767,11026,96930,4.268099966653081,0.17380405489002093
1642,0.1282179072183937,2,2,2,144845,460765,11028,96928,4.268081440586906,0.1738017152806293
1643,0.1282207423318468,5,34,5,144879,460731,11033,96923,4.267766497461929,0.1738049041161724
1644,0.1282225232879449,0,5,0,144884,460726,11033,96923,4.267720182296491,0.1738064624880525
1645,0.1282253844486905,1,4,1,144888,460722,11034,96922,4.267683130164141,0.1738062276290967
1646,0.1282286802194898,1,5,1,144893,460717,11035,96921,4.267636814998703,0.17380630444840559
1647,0.12823110197454,0,1,0,144894,460716,11035,96921,4.2676275519656155,0.17380661613199985
1648,0.1282343737075379,0,24,0,144918,460692,11035,96921,4.267405239171515,0.17381409687363816
1649,0.1282443519552119,0,2,0,144920,460690,11035,96921,4.267386713105339,0.17381472029784203
1650,0.1282572168257287,1,12,1,144932,460678,11036,96920,4.267275556708289,0.17381697925745787
1651,0.1282613684049849,2,60,2,144992,460618,11038,96918,4.266719774723035,0.1738327211157665
1652,0.1282675084399936,3,21,3,145013,460597,11041,96915,4.266525251028197,0.17383482328631492
1653,0.1282686484814317,3,23,3,145036,460574,11044,96912,4.266312201267183,0.17383754928374884
1654,0.1282716196612516,1,11,1,145047,460563,11045,96911,4.266210307903219,0.1738394974474146
1655,0.1282721649116533,1,2,1,145049,460561,11046,96910,4.266191781837045,0.1738386391399732
1656,0.1282790937358078,5,26,5,145075,460535,11051,96905,4.265950942976768,0.17383933696900114
1657,0.1282801646616486,1,5,1,145080,460530,11052,96904,4.265904627811331,0.17383941417279894
1658,0.1282813734761191,1,8,1,145088,460522,11053,96903,4.26583052354663,0.1738404269632686
1659,0.1282853170496184,0,2,0,145090,460520,11053,96903,4.265811997480455,0.17384105069220324
1660,0.1283026627096833,3,34,3,145124,460486,11056,96900,4.265497054355478,0.17384720821836214
1661,0.1283137955622983,0,5,0,145129,460481,11056,96900,4.26545073919004,0.17384876771902882
1662,0.1283247761511455,1,1,1,145130,460480,11057,96899,4.265441476156953,0.17384759741576197
1663,0.1283352572731594,0,10,0,145140,460470,11057,96899,4.265348845826077,0.17385071649122932
1664,0.1283367698873994,0,2,0,145142,460468,11057,96899,4.265330319759903,0.1738513403197534
1665,0.128346032143465,3,2,3,145144,460466,11060,96896,4.265311793693727,0.17384751741238189
1666,0.1283467288464221,0,1,0,145145,460465,11060,96896,4.265302530660639,0.17384782932426202
1667,0.1283584960632056,2,10,2,145155,460455,11062,96894,4.265209900329764,0.17384798393825054
1668,0.1283657668861017,2,5,2,145160,460450,11064,96892,4.265163585164326,0.1738465789407581
1669,0.1283666130041627,9,27,9,145187,460423,11073,96883,4.264913483270962,0.1738416596986216
1670,0.1283704323924268,0,4,0,145191,460419,11073,96883,4.264876431138612,0.1738429074361836
1671,0.1283814129812741,1,11,1,145202,460408,11074,96882,4.264774537774649,0.17384485635844893
1672,0.1283845276994636,8,75,8,145277,460333,11082,96874,4.264079810293082,0.17385639448176352
1673,0.1283900143367844,0,1,0,145278,460332,11082,96874,4.264070547259995,0.17385670649634066
1674,0.1283915501003574,0,2,0,145280,460330,11082,96874,4.2640520211938195,0.17385733052885477
1675,0.1283923897155004,7,67,7,145347,460263,11089,96867,4.263431397976953,0.17386785848904204
1676,0.1283944230056304,1,4,1,145351,460259,11090,96866,4.2633943458446035,0.17386762396230648
1677,0.1283947789557304,2,12,2,145363,460247,11092,96864,4.263283189447553,0.1738684032445958
1678,0.1284015405059344,0,5,0,145368,460242,11092,96864,4.263236874282115,0.17386996370529129
1679,0.1284051958083245,1,1,1,145369,460241,11093,96863,4.263227611249027,0.17386879290042792
1680,0.1284126488640469,1,5,1,145374,460236,11094,96862,4.26318129608359,0.17386887046803257
1681,0.1284203726159678,0,7,0,145381,460229,11094,96862,4.263116454851977,0.17387105517769988
1682,0.1284288941396724,1,2,1,145383,460227,11095,96861,4.263097928785801,0.173870196450112
1683,0.1284315813442122,1,4,1,145387,460223,11096,96860,4.2630608766534515,0.17386996192667878
1684,0.128433523535074,1,12,1,145399,460211,11097,96859,4.262949720256401,0.1738722243165132
1685,0.128438002732968,2,22,2,145421,460189,11099,96857,4.262745933528475,0.17387612513149722
1686,0.1284422378266131,2,13,2,145434,460176,11101,96855,4.262625514098336,0.17387721688739047
1687,0.1284494082421302,2,33,2,145467,460143,11103,96853,4.262319834006447,0.17388455213322895
1688,0.1284659837407737,3,22,3,145489,460121,11106,96850,4.2621160472785204,0.17388697077585727
1689,0.1284682695893028,0,3,0,145492,460118,11106,96850,4.262088258179258,0.17388790738426624
1690,0.1284687929449565,0,3,0,145495,460115,11106,96850,4.262060469079995,0.173888844002765
1691,0.1284719599717151,0,1,0,145496,460114,11106,96850,4.262051206046908,0.17388915621117343
1692,0.1284828878744358,0,32,0,145528,460082,11106,96850,4.261754788988107,0.17389914747222282
1693,0.1284887801099772,0,4,0,145532,460078,11106,96850,4.261717736855756,0.17390039646058378
1694,0.1284896769868015,1,10,1,145542,460068,11107,96849,4.261625106524881,0.1739020356713837
1695,0.1284953719296742,1,6,1,145548,460062,11108,96848,4.261569528326355,0.1739024258856907
1696,0.1285097218198236,0,4,0,145552,460058,11108,96848,4.261532476194005,0.17390367494693898
1697,0.1285118895837778,1,1,1,145553,460057,11109,96847,4.261523213160918,0.17390250384267306
1698,0.1285184126043257,0,1,0,145554,460056,11109,96847,4.26151395012783,0.17390281610980726
1699,0.1285207638387736,1,9,1,145563,460047,11110,96846,4.261430582830042,0.1739041431657428
1700,0.1285382861007233,3,7,3,145570,460040,11113,96843,4.261365741598429,0.1739018788506742
1701,0.1285398303244461,1,30,1,145600,460010,11114,96842,4.2610878506058025,0.1739097641743228
1702,0.128545714511602,0,3,0,145603,460007,11114,96842,4.26106006150654,0.17391070110568574
1703,0.1285487255961146,2,7,2,145610,460000,11116,96840,4.260995220274927,0.17390992026434882
1704,0.1285493881716769,0,4,0,145614,459996,11116,96840,4.260958168142577,0.1739111695364524
1705,0.1285603408451205,6,47,6,145661,459949,11122,96834,4.2605228055874615,0.17391694789532008
1706,0.1285623308462014,0,3,0,145664,459946,11122,96834,4.260495016488199,0.17391788498150076
1707,0.1285653971210918,0,3,0,145667,459943,11122,96834,4.260467227388936,0.17391882207777978
1708,0.128565423335234,2,51,2,145718,459892,11124,96832,4.259994812701471,0.17393178666628348
1709,0.1285687136193897,1,2,1,145720,459890,11125,96831,4.259976286635296,0.1739309276998712
1710,0.1285731928172838,0,8,0,145728,459882,11125,96831,4.259902182370595,0.17393342709798407
1711,0.128575369998626,0,6,0,145734,459876,11125,96831,4.25984660417207,0.1739353016937096
1712,0.1285781655265959,0,1,0,145735,459875,11125,96831,4.259837341138983,0.17393561413025907
1713,0.1285798531081511,4,24,4,145759,459851,11129,96827,4.259615028344881,0.17393717732692868
1714,0.128581535431256,1,8,1,145767,459843,11130,96826,4.259540924080181,0.17393819307344222
1715,0.1285836388318523,1,24,1,145791,459819,11131,96825,4.25931861128608,0.17394420850669368
1716,0.1285974608161754,1,1,1,145792,459818,11132,96824,4.259309348252992,0.17394303699684896
1717,0.1285986658196557,0,1,0,145793,459817,11132,96824,4.2593000852199046,0.1739433494837786
1718,0.1286016576083005,0,6,0,145799,459811,11132,96824,4.259244507021379,0.1739452244289346
1719,0.1286102546633303,0,1,0,145800,459810,11132,96824,4.259235243988291,0.17394553692372366
1720,0.1286103904412181,1,2,1,145802,459808,11133,96823,4.259216717922117,0.17394467789253562
1721,0.1286110723879328,15,201,15,146003,459607,11148,96808,4.257354848271518,0.1739852448262538
1722,0.1286221681289749,1,8,1,146011,459599,11149,96807,4.257280744006818,0.17398626183039004
1723,0.1286261214316634,0,4,0,146015,459595,11149,96807,4.257243691874467,0.1739875126257634
1724,0.1286293502522386,4,32,4,146047,459563,11153,96803,4.256947274815666,0.17399158108151827
1725,0.128633840938923,1,24,1,146071,459539,11154,96802,4.256724962021564,0.17399760219002375
1726,0.1286423532753245,0,1,0,146072,459538,11154,96802,4.256715698988477,0.17399791494409894
1727,0.1286435234029267,8,132,8,146204,459406,11162,96794,4.25549297862092,0.17402732829917297
1728,0.1286529323108959,3,3,3,146207,459403,11165,96791,4.255465189521657,0.17402381183543872
1729,0.1286530961663993,20,69,20,146276,459334,11185,96771,4.2548260402386155,0.174015698474209
1730,0.1286553026497842,1,4,1,146280,459330,11186,96770,4.254788988106266,0.17401546484445243
1731,0.1286608735600505,0,18,0,146298,459312,11186,96770,4.254622253510689,0.17402109760790674
1732,0.1286690356027125,1,29,1,146327,459283,11187,96769,4.2543536255511505,0.174028687964435
1733,0.1286732183434438,9,73,9,146400,459210,11196,96760,4.253677424135759,0.17403816752702483
1734,0.1286741810266801,0,2,0,146402,459208,11196,96760,4.253658898069584,0.17403879359963165
1735,0.1286750792908374,5,73,5,146475,459135,11201,96755,4.252982696654192,0.1740542193599453
1736,0.1286837811624641,1,1,1,146476,459134,11202,96754,4.252973433621105,0.1740530466568805
1737,0.1286845782559926,0,1,0,146477,459133,11202,96754,4.252964170588017,0.17405335976556385
1738,0.1286891645693026,6,87,6,146564,459046,11208,96748,4.2521582867094,0.17407168843132528
1739,0.1286905218335466,0,1,0,146565,459045,11208,96748,4.252149023676313,0.17407200162650482
1740,0.1286937288641182,11,52,11,146617,458993,11219,96737,4.2516673459557595,0.17407194141039714
1741,0.1286950010314407,0,5,0,146622,458988,11219,96737,4.251621030790322,0.17407350758018805
1742,0.1286991977103951,1,22,1,146644,458966,11220,96736,4.251417244062396,0.17407891279858628
1743,0.1287039534943466,0,3,0,146647,458963,11220,96736,4.2513894549631335,0.17407985258206332
1744,0.1287057660191996,3,23,3,146670,458940,11223,96733,4.251176405202119,0.17408259893858438
1745,0.1287094041879606,0,1,0,146671,458939,11223,96733,4.251167142169032,0.17408291222159836
1746,0.1287106026101403,6,41,6,146712,458898,11229,96727,4.250787357812442,0.17408683914510686
1747,0.1287130636299197,1,1,1,146713,458897,11230,96726,4.2507780947793545,0.17408566600014758
1748,0.1287144669040007,1,4,1,146717,458893,11231,96725,4.250741042647005,0.17408543279735358
1749,0.1287192249640114,2,1,2,146718,458892,11233,96723,4.250731779613917,0.17408277314327367
1750,0.1287195042580252,0,1,0,146719,458891,11233,96723,4.250722516580829,0.17408308645930448
1751,0.1287199069325535,0,24,0,146743,458867,11233,96723,4.250500203786728,0.17409060638240428
1752,0.1287265516907092,5,21,5,146764,458846,11238,96718,4.2503056800918895,0.17408975383574168
1753,0.1287310308886032,9,61,9,146825,458785,11247,96709,4.2497406350735485,0.17409548978026765
1754,0.1287338675444818,0,2,0,146827,458783,11247,96709,4.249722109007373,0.17409611659573856
1755,0.1287374134893728,4,49,4,146876,458734,11251,96705,4.249268220386083,0.17410552733963586
1756,0.1287382170341934,2,7,2,146883,458727,11253,96703,4.24920337915447,0.1741047476729741
1757,0.1287404179925926,0,21,0,146904,458706,11253,96703,4.249008855459632,0.1741113305690041
1758,0.1287411004194059,0,2,0,146906,458704,11253,96703,4.2489903293934566,0.17411195753744552
1759,0.1287525095467174,2,15,2,146921,458689,11255,96701,4.248851383897144,0.17411368587839177
1760,0.128758662205157,1,7,1,146928,458682,11256,96700,4.24878654266553,0.17411439333647832
1761,0.1287651541634462,2,68,2,146996,458614,11258,96698,4.248156656415577,0.1741327397931253
1762,0.1287661667928599,0,18,0,147014,458596,11258,96698,4.24798992182,0.17413838435135262
1763,0.1287693113706774,3,79,3,147093,458517,11261,96695,4.247258142206084,0.17415869973991915
1764,0.1287836818128851,1,9,1,147102,458508,11262,96694,4.247174774908296,0.1741600354465582
1765,0.1287851712437343,0,1,0,147103,458507,11262,96694,4.247165511875209,0.17416034913481784
1766,0.1287888383215813,0,7,0,147110,458500,11262,96694,4.247100670643595,0.17416254498427577
1767,0.1287986178078537,0,8,0,147118,458492,11262,96694,4.247026566378895,0.17416505459431614
1768,0.1288030301859188,9,64,9,147182,458428,11271,96685,4.246433732261291,0.17417174521223608
1769,0.1288060429516832,0,2,0,147184,458426,11271,96685,4.246415206195117,0.17417237273266067
1770,0.1288063864701495,1,0,1,147184,458426,11272,96684,4.246415206195117,0.17417088504980996
1771,0.1288141962036811,0,16,0,147200,458410,11272,96684,4.246266997665716,0.17417590534215827
1772,0.128819987257673,0,13,0,147213,458397,11272,96684,4.246146578235577,0.17417998454279646
1773,0.1288228729476078,2,11,2,147224,458386,11274,96682,4.246044684871614,0.17418046077237384
1774,0.1288230239990481,0,3,0,147227,458383,11274,96682,4.246016895772351,0.17418140217812328
1775,0.128824466455567,0,22,0,147249,458361,11274,96682,4.245813109044425,0.17418830613123668
1776,0.128828514140075,3,25,3,147274,458336,11277,96679,4.245581533217237,0.17419168851292308
1777,0.1288310057859402,1,4,1,147278,458332,11278,96678,4.245544481084886,0.17419145600980163
1778,0.1288327346672022,1,1,1,147279,458331,11279,96677,4.245535218051799,0.1741902819418819
1779,0.1288354849838343,1,8,1,147287,458323,11280,96676,4.245461113787099,0.17419130484919793
1780,0.1288368048639884,0,6,0,147293,458317,11280,96676,4.245405535588573,0.17419318802219128
1781,0.1288381062137686,1,1,1,147294,458316,11281,96675,4.245396272555485,0.17419201392455014
1782,0.1288395440372934,3,40,3,147334,458276,11284,96672,4.245025751231983,0.17420010523508508
1783,0.1288424163273121,1,12,1,147346,458264,11285,96671,4.244914594834933,0.17420238406299837
1784,0.1288479869669464,0,2,0,147348,458262,11285,96671,4.244896068768758,0.17420301189512968
1785,0.1288483599048661,0,10,0,147358,458252,11285,96671,4.244803438437882,0.1742061511236694
1786,0.1288521301602616,0,4,0,147362,458248,11285,96671,4.244766386305532,0.17420740684676503
1787,0.1288528391027601,2,10,2,147372,458238,11287,96669,4.244673755974656,0.17420756991712125
1788,0.1288537452363804,0,7,0,147379,458231,11287,96669,4.2446089147430435,0.1742097675256803
1789,0.1288640050019442,1,10,1,147389,458221,11288,96668,4.2445162844121676,0.17421141886034863
1790,0.1288676431707052,0,1,0,147390,458220,11288,96668,4.24450702137908,0.1742117328181543
1791,0.128868162991362,8,93,8,147483,458127,11296,96660,4.243645559301938,0.17422902843794105
1792,0.128869262517515,0,1,0,147484,458126,11296,96660,4.24363629626885,0.17422934248521052
1793,0.1288694556955582,5,29,5,147513,458097,11301,96655,4.243367668309311,0.17423100772958006
1794,0.1288696524222113,1,30,1,147543,458067,11302,96654,4.243089777316684,0.17423894173827925
1795,0.1288745291346515,0,1,0,147544,458066,11302,96654,4.243080514283597,0.17423925584078453
1796,0.1288801259778481,0,2,0,147546,458064,11302,96654,4.243061988217422,0.17423988404919255
1797,0.1288888953975148,11,196,11,147742,457868,11313,96643,4.241246433732261,0.17428509082777438
1798,0.1288937128728198,3,61,3,147803,457807,11316,96640,4.24068138871392,0.17429979781656316
1799,0.1288954153752508,0,2,0,147805,457805,11316,96640,4.240662862647746,0.1743004265526788
1800,0.128901906710552,0,11,0,147816,457794,11316,96640,4.2405609692837825,0.17430388468239683
1801,0.1289056665295699,1,6,1,147822,457788,11317,96639,4.240505391085257,0.1743042817178817
1802,0.1289126714679456,4,51,4,147873,457737,11321,96635,4.240032976397791,0.1743143593110763
1803,0.1289127944581319,0,4,0,147877,457733,11321,96635,4.2399959242654415,0.17431561706303395
1804,0.1289159207457236,1,5,1,147882,457728,11322,96634,4.2399496091000035,0.17431569984955678
1805,0.1289163458611182,2,32,2,147914,457696,11324,96632,4.239653192041202,0.1743227836226927
1806,0.1289244057756045,0,11,0,147925,457685,11324,96632,4.239551298677239,0.17432624292597917
1807,0.1289258993476435,0,2,0,147927,457683,11324,96632,4.239532772611064,0.1743268719049638
1808,0.1289261894803976,0,9,0,147936,457674,11324,96632,4.239449405313276,0.17432970236656287
1809,0.1289266731195836,0,4,0,147940,457670,11324,96632,4.239412353180925,0.17433096037899917
1810,0.1289284085460232,3,51,3,147991,457619,11327,96629,4.23893993849346,0.17434253258469132
1811,0.1289324681454233,1,16,1,148007,457603,11328,96628,4.23879172996406,0.17434607591419463
1812,0.1289351183392442,1,0,1,148007,457603,11329,96627,4.23879172996406,0.17434458618263177
1813,0.1289358518942759,0,8,0,148015,457595,11329,96627,4.238717625699359,0.17434710278552637
1814,0.1289375497347921,3,90,3,148105,457505,11332,96624,4.2378839527214796,0.1743709497247031
1815,0.1289381175445637,0,7,0,148112,457498,11332,96624,4.237819111489866,0.17437315248266627
1816,0.1289442376145059,0,3,0,148115,457495,11332,96624,4.237791322390604,0.1743740965388301
1817,0.1289453340255627,2,4,2,148119,457491,11334,96622,4.237754270258254,0.17437237530972924
1818,0.1289468704225431,0,2,0,148121,457489,11334,96622,4.237735744192078,0.17437300468678657
1819,0.1289533436392711,0,1,0,148122,457488,11334,96622,4.23772648115899,0.174373319377019
1820,0.1289604712100666,3,33,3,148155,457455,11337,96619,4.237420801067102,0.17437923454267842
1821,0.1289633569000015,7,15,7,148170,457440,11344,96612,4.237281855570788,0.174373524506725
1822,0.128964224541469,1,6,1,148176,457434,11345,96611,4.237226277372263,0.1743739226958099
1823,0.1289642819344277,0,1,0,148177,457433,11345,96611,4.237217014339175,0.17437423742518646
1824,0.1289647614757617,4,47,4,148224,457386,11349,96607,4.23678165178406,0.17438306982218188
1825,0.1289649504079607,3,44,3,148268,457342,11352,96604,4.236374078328208,0.17439244980557672
1826,0.1289720149217413,0,3,0,148271,457339,11352,96604,4.236346289228945,0.17439339426619707
1827,0.1289766853466721,0,1,0,148272,457338,11352,96604,4.236337026195858,0.17439370908867716
1828,0.1289774864704491,0,3,0,148275,457335,11352,96604,4.236309237096595,0.17439465356293743
1829,0.1289778984928293,0,1,0,148276,457334,11352,96604,4.236299974063507,0.1743949683899642
1830,0.1289888438572597,3,25,3,148301,457309,11355,96601,4.236068398236318,0.17439836796591504
1831,0.1289893574508913,6,39,6,148340,457270,11361,96595,4.235707139945904,0.17440170438644795
1832,0.1289933230551538,3,28,3,148368,457242,11364,96592,4.235447775019453,0.1744060494660855
1833,0.1289934696881848,0,3,0,148371,457239,11364,96592,4.235419985920189,0.17440699419136885
1834,0.1289937576279123,1,27,1,148398,457212,11365,96591,4.235169884026826,0.17441400642466726
1835,0.1289952216023204,10,186,10,148584,457026,11375,96581,4.23344695987254,0.17445769291211996
1836,0.128996520646766,4,7,4,148591,457019,11379,96577,4.233382118640928,0.1744539339157075
1837,0.1290004019242005,8,80,8,148671,456939,11387,96569,4.232641075993923,0.17446721637266308
1838,0.1290012887680743,1,9,1,148680,456930,11388,96568,4.2325577086961355,0.17446856176535416
1839,0.1290020824455787,0,4,0,148684,456926,11388,96568,4.232520656563786,0.17446982261777003
1840,0.1290033528325637,2,2,2,148686,456924,11390,96566,4.23250213049761,0.1744674700536595
1841,0.1290038265390889,0,2,0,148688,456922,11390,96566,4.232483604431435,0.17446810048275663
1842,0.1290125324136605,0,1,0,148689,456921,11390,96566,4.232474341398348,0.1744684156990137
1843,0.129015546095871,0,2,0,148691,456919,11390,96566,4.232455815332172,0.17446904613494493
1844,0.1290230651362102,0,6,0,148697,456913,11390,96566,4.232400237133647,0.17447093747007564
1845,0.1290249260836038,0,4,0,148701,456909,11390,96566,4.232363185001297,0.17447219838294412
1846,0.1290276946783028,0,6,0,148707,456903,11390,96566,4.232307606802771,0.17447408978641984
1847,0.1290357087143007,2,23,2,148730,456880,11392,96564,4.232094557041758,0.17447835734058006
1848,0.1290365356922006,0,28,0,148758,456852,11392,96564,4.231835192115306,0.1744871850470532
1849,0.1290378752732082,0,7,0,148765,456845,11392,96564,4.231770350883694,0.17448939211324715
1850,0.129040475932134,0,1,0,148766,456844,11392,96564,4.231761087850606,0.1744897074129756
1851,0.1290435756568846,1,8,1,148774,456836,11393,96563,4.231686983585905,0.17449073814734034
1852,0.1290439612102717,0,2,0,148776,456834,11393,96563,4.2316684575197305,0.1744913687641964
1853,0.1290479971108648,0,1,0,148777,456833,11393,96563,4.231659194486642,0.17449168407433374
1854,0.1290607609344969,1,31,1,148808,456802,11394,96562,4.231372040460928,0.17449996747168228
1855,0.1290639055123144,0,6,0,148814,456796,11394,96562,4.231316462262403,0.17450185955565836
1856,0.1290706188997732,4,91,4,148905,456705,11398,96558,4.230473526251436,0.17452459318624236
1857,0.1290763358466695,1,18,1,148923,456687,11399,96557,4.23030679165586,0.17452877934509908
1858,0.1290764122252656,1,6,1,148929,456681,11400,96556,4.2302512134573345,0.17452918008014648
1859,0.129078958839746,2,34,2,148963,456647,11402,96554,4.229936270332358,0.1745369223844498
1860,0.1290810224764608,6,22,6,148985,456625,11408,96548,4.229732483604431,0.17453491041681354
1861,0.1290833901031831,1,1,1,148986,456624,11409,96547,4.229723220571344,0.17453373369175174
1862,0.1290885027098303,13,57,13,149043,456567,11422,96534,4.229195227685353,0.1745323186904381
1863,0.1290932119494907,1,28,1,149071,456539,11423,96533,4.2289358627589015,0.17453966210547633
1864,0.1291042615306773,8,114,8,149185,456425,11431,96525,4.227879876986921,0.1745637037706845
1865,0.1291047084938626,4,7,4,149192,456418,11435,96521,4.227815035755308,0.17455994241679462
1866,0.1291073739541468,5,30,5,149222,456388,11440,96516,4.227537144762681,0.17456194927148294
1867,0.1291093368134761,2,0,2,149222,456388,11442,96514,4.227537144762681,0.1745589634329411
1868,0.1291114098547399,4,6,4,149228,456382,11446,96510,4.227481566564156,0.17455488594517554
1869,0.12911309868496,17,90,17,149318,456292,11463,96493,4.226647893586276,0.17455792034877937
1870,0.1291158012969496,0,5,0,149323,456287,11463,96493,4.226601578420838,0.17455949925829445
1871,0.1291183808967992,0,10,0,149333,456277,11463,96493,4.226508948089963,0.17456265716301536
1872,0.1291194833643211,0,1,0,149334,456276,11463,96493,4.226499685056875,0.17456297295977163
1873,0.1291249571106109,1,8,1,149342,456268,11464,96492,4.226425580792174,0.17456400607858746
1874,0.1291286597725005,0,1,0,149343,456267,11464,96492,4.226416317759087,0.17456432188349716
1875,0.1291342457278937,0,1,0,149344,456266,11464,96492,4.226407054726,0.1745646376895495
1876,0.1291398249691406,3,30,3,149374,456236,11467,96489,4.226129163733373,0.1745696322764485
1877,0.1291408692310077,4,17,4,149391,456219,11471,96485,4.2259716921708845,0.17456902790643816
1878,0.1291431521860251,0,5,0,149396,456214,11471,96485,4.225925377005447,0.17457060714783273
1879,0.1291440847225502,0,1,0,149397,456213,11471,96485,4.225916113972359,0.17457092299954044
1880,0.1291455566967463,6,74,6,149471,456139,11477,96479,4.22523064952388,0.1745853374301959
1881,0.1291530748134535,2,6,2,149477,456133,11479,96477,4.225175071325355,0.17458424567054523
1882,0.1291588239217471,0,1,0,149478,456132,11479,96477,4.225165808292267,0.17458456159780242
1883,0.1291710120331725,0,1,0,149479,456131,11479,96477,4.225156545259179,0.17458487752620303
1884,0.1291866368781885,0,1,0,149480,456130,11479,96477,4.225147282226092,0.17458519345574702
1885,0.1291997890161536,0,1,0,149481,456129,11479,96477,4.225138019193005,0.17458550938643447
1886,0.1292022001930163,0,1,0,149482,456128,11479,96477,4.225128756159917,0.1745858253182653
1887,0.129209442598881,0,16,0,149498,456112,11479,96477,4.2249805476305164,0.17459088038306952
1888,0.129210034367582,0,3,0,149501,456109,11479,96477,4.224952758531254,0.1745918282403101
1889,0.1292157680018276,0,2,0,149503,456107,11479,96477,4.2249342324650785,0.1745924601508549
1890,0.1292189999172415,1,13,1,149516,456094,11480,96476,4.22481381303494,0.17459507392728524
1891,0.1292222471871618,6,86,6,149602,456008,11486,96470,4.22401719218941,0.17461328776892474
1892,0.1292282675288335,0,5,0,149607,456003,11486,96470,4.223970877023973,0.17461486805690052
1893,0.1292304996037023,1,14,1,149621,455989,11487,96469,4.223841194560747,0.174617799000105
1894,0.1292353969726706,1,6,1,149627,455983,11488,96468,4.223785616362222,0.17461820143324927
1895,0.1292371978224906,1,14,1,149641,455969,11489,96467,4.223655933898996,0.1746211325836839
1896,0.1292376061014204,1,10,1,149651,455959,11490,96466,4.22356330356812,0.17462279947504186
1897,0.1292528089815559,0,6,0,149657,455953,11490,96466,4.223507725369595,0.17462469610929385
1898,0.1292548284167272,2,63,2,149720,455890,11492,96464,4.222924154285079,0.17464162475513892
1899,0.1292605063357477,0,6,0,149726,455884,11492,96464,4.222868576086554,0.17464352183768203
1900,0.1292656129368914,4,24,4,149750,455860,11496,96460,4.222646263292453,0.17464513325608344
1901,0.1292791807457027,2,6,2,149756,455854,11498,96458,4.222590685093927,0.17464404177349035
1902,0.1292794433482484,1,2,1,149758,455852,11499,96457,4.222572159027752,0.17464317981419822
1903,0.1292825169353897,0,5,0,149763,455847,11499,96457,4.222525843862314,0.17464476085633998
1904,0.1292825174918326,2,7,2,149770,455840,11501,96455,4.222461002630701,0.1746439855512
1905,0.12928649784382,2,2,2,149772,455838,11503,96453,4.2224424765645265,0.17464162914115927
1906,0.1292941713276514,0,4,0,149776,455834,11503,96453,4.222405424432176,0.17464289400257474
1907,0.1292958849478093,1,1,1,149777,455833,11504,96452,4.222396161399089,0.17464171578080157
1908,0.1292990773050682,0,1,0,149778,455832,11504,96452,4.222386898366001,0.17464203199803
1909,0.1293041362301478,1,0,1,149778,455832,11505,96451,4.222386898366001,0.17464053755049494
1910,0.1293146751712741,3,27,3,149805,455805,11508,96448,4.222136796472637,0.174644592243048
1911,0.1293205291013435,2,28,2,149833,455777,11510,96446,4.2218774315461856,0.17465045823879122
1912,0.1293261971743546,0,2,0,149835,455775,11510,96446,4.22185890548001,0.1746510907770621
1913,0.1293271208305821,1,1,1,149836,455774,11511,96445,4.221849642446923,0.17464991244415712
1914,0.1293291205557528,3,36,3,149872,455738,11514,96442,4.221516173255771,0.1746568148067659
1915,0.1293357845587867,1,43,1,149915,455695,11515,96441,4.221117862833006,0.17466892214961532
1916,0.1293468761594293,0,6,0,149921,455689,11515,96441,4.22106228463448,0.17467082027783312
1917,0.12935091366844,2,11,2,149932,455678,11517,96439,4.220960391270518,0.17467131060988886
1918,0.1293510040833917,5,21,5,149953,455657,11522,96434,4.220765867575679,0.1746704800476733
1919,0.1293520737909707,0,14,0,149967,455643,11522,96434,4.220636185112453,0.17467490947820685
1920,0.1293532695670031,8,97,8,150064,455546,11530,96426,4.21973767090296,0.1746936438804867
1921,0.1293632034495741,0,15,0,150079,455531,11530,96426,4.219598725406647,0.17469839136019655
1922,0.1293736337973967,0,2,0,150081,455529,11530,96426,4.219580199340472,0.17469902437698726
1923,0.129374275689403,0,11,0,150092,455518,11530,96426,4.219478305976509,0.17470250605133855
1924,0.1293794576781863,0,1,0,150093,455517,11530,96426,4.219469042943421,0.17470282257407016
1925,0.1293826566745908,1,7,1,150100,455510,11531,96425,4.219404201711808,0.17470354298966365
1926,0.1293832649114917,0,1,0,150101,455509,11531,96425,4.219394938678721,0.1747038595194353
1927,0.1293835584835451,3,10,3,150111,455499,11534,96422,4.219302308347846,0.17470253895032078
1928,0.129390951939051,0,1,0,150112,455498,11534,96422,4.219293045314758,0.17470285548630235
1929,0.1293966615462846,0,10,0,150122,455488,11534,96422,4.219200414983883,0.1747060209092062
1930,0.1294008193931546,0,1,0,150123,455487,11534,96422,4.2191911519507945,0.17470633745780553
1931,0.1294062581694584,0,3,0,150126,455484,11534,96422,4.219163362851532,0.1747072871104862
1932,0.1294083060579768,1,5,1,150131,455479,11535,96421,4.219117047686094,0.17470737452437035
1933,0.1294096325963729,0,20,0,150151,455459,11535,96421,4.218931787024343,0.17471370587808943
1934,0.1294103693627776,1,25,1,150176,455434,11536,96420,4.218700211197154,0.17472012525051916
1935,0.1294147564246711,0,7,0,150183,455427,11536,96420,4.218635369965542,0.17472234151857308
1936,0.1294162913105508,2,10,2,150193,455417,11538,96418,4.218542739634666,0.17472251669430175
1937,0.1294194579154881,4,28,4,150221,455389,11542,96414,4.218283374708214,0.1747254001881106
1938,0.1294239928711848,0,1,0,150222,455388,11542,96414,4.218274111675127,0.17472571683321192
1939,0.1294252896638511,7,109,7,150331,455279,11549,96407,4.217264441068584,0.17474976707764925
1940,0.1294262657790697,3,57,3,150388,455222,11552,96404,4.216736448182593,0.17476333602839605
1941,0.1294301572300755,0,11,0,150399,455211,11552,96404,4.21663455481863,0.17476682106179128
1942,0.1294372134137359,4,2,4,150401,455209,11556,96400,4.216616028752455,0.17476147053438215
1943,0.1294428704220613,0,6,0,150407,455203,11556,96400,4.21656045055393,0.17476337148275117
1944,0.1294533220496416,14,238,14,150645,454965,11570,96386,4.214355848679092,0.17481785650157522
1945,0.1294555036299181,0,4,0,150649,454961,11570,96386,4.214318796546741,0.17481912479799472
1946,0.1294566376862899,0,6,0,150655,454955,11570,96386,4.214263218348216,0.17482102727712975
1947,0.1294618093888655,0,4,0,150659,454951,11570,96386,4.214226166215866,0.17482229561955756
1948,0.1294631975626499,0,4,0,150663,454947,11570,96386,4.214189114083515,0.17482356398038934
1949,0.1294678259065064,0,2,0,150665,454945,11570,96386,4.214170588017341,0.1748241981677069
1950,0.1294752330854495,1,17,1,150682,454928,11571,96385,4.2140131164548515,0.17482809220896298
1951,0.1294764671678714,1,1,1,150683,454927,11572,96384,4.214003853421764,0.17482691257747443
1952,0.1294780894825652,5,47,5,150730,454880,11577,96379,4.213568490866649,0.1748343337705144
1953,0.1294816631704293,3,25,3,150755,454855,11580,96376,4.21333691503946,0.17483777218625224
1954,0.1294822477636019,0,7,0,150762,454848,11580,96376,4.213272073807848,0.1748399924531588
1955,0.1294848847662107,1,10,1,150772,454838,11581,96375,4.213179443476972,0.1748416673772208
1956,0.1294849734002437,0,11,0,150783,454827,11581,96375,4.213077550113009,0.1748451565850632
1957,0.129485788006804,0,1,0,150784,454826,11581,96375,4.213068287079921,0.1748454737926818
1958,0.1294863627440529,2,14,2,150798,454812,11583,96373,4.212938604616696,0.1748469207253463
1959,0.1294910186506314,21,167,21,150965,454645,11604,96352,4.211391678091074,0.17486846570852474
1960,0.1294915811982274,0,4,0,150969,454641,11604,96352,4.211354625958724,0.1748697351871984
1961,0.129498504446818,0,3,0,150972,454638,11604,96352,4.211326836859461,0.1748706873082996
1962,0.1295019847749151,0,4,0,150976,454634,11604,96352,4.211289784727111,0.17487195681922954
1963,0.1295044960013601,3,55,3,151031,454579,11607,96349,4.210780317907296,0.17488492144164028
1964,0.1295084740496617,2,30,2,151061,454549,11609,96347,4.210502426914669,0.17489144956579827
1965,0.1295153550135735,2,36,2,151097,454513,11611,96345,4.210168957723517,0.1748998834545382
1966,0.1295204173631774,0,2,0,151099,454511,11611,96345,4.2101504316573415,0.17490051846580595
1967,0.1295312212800502,1,8,1,151107,454503,11612,96344,4.210076327392642,0.1749015606874504
1968,0.1295367635954039,1,10,1,151117,454493,11613,96343,4.209983697061766,0.17490323798735014
1969,0.1295391862165963,2,34,2,151151,454459,11615,96341,4.209668753936789,0.17491103848946987
1970,0.1295411188647668,5,51,5,151202,454408,11620,96336,4.209196339249324,0.17491974492686257
1971,0.1295483129054583,0,5,0,151207,454403,11620,96336,4.209150024083886,0.1749213329726059
1972,0.1295516039638232,5,42,5,151249,454361,11625,96331,4.208760976694209,0.17492718252671186
1973,0.1295528459344858,2,20,2,151269,454341,11627,96329,4.208575716032458,0.17493053916138523
1974,0.1295538984641441,2,14,2,151283,454327,11629,96327,4.208446033569232,0.17493198996102816
1975,0.1295547423731741,0,5,0,151288,454322,11629,96327,4.208399718403794,0.17493357837751453
1976,0.129556651464225,1,5,1,151293,454317,11630,96326,4.208353403238356,0.17493366845669517
1977,0.1295590547878848,0,13,0,151306,454304,11630,96326,4.208232983808218,0.17493779852169333
1978,0.1295621767996145,3,52,3,151358,454252,11633,96323,4.2077513060876655,0.17494982518276347
1979,0.1295777448396779,3,40,3,151398,454212,11636,96320,4.2073807847641636,0.17495804058619663
1980,0.1295837739719101,4,7,4,151405,454205,11640,96316,4.20731594353255,0.1749542705909493
1981,0.1295879602340442,0,1,0,151406,454204,11640,96316,4.207306680499463,0.17495458838915934
1982,0.1295889608223741,0,1,0,151407,454203,11640,96316,4.207297417466375,0.1749549061885239
1983,0.1295925152211705,2,5,2,151412,454198,11642,96314,4.207251102300938,0.17495349783474293
1984,0.1295966454295543,4,23,4,151435,454175,11646,96310,4.207038052539923,0.17495481257436624
1985,0.1296059889976706,2,14,2,151449,454161,11648,96308,4.206908370076698,0.17495626456712368
1986,0.1296112527912649,4,3,4,151452,454158,11652,96304,4.206880580977435,0.17495122279103734
1987,0.1296157319891589,0,6,0,151458,454152,11652,96304,4.20682500277891,0.17495312976877353
1988,0.1296161210629202,0,3,0,151461,454149,11652,96304,4.206797213679647,0.1749540832732313
1989,0.1296244066696291,50,305,50,151766,453844,11702,96254,4.203971988587943,0.17497609516849724
1990,0.1296298880582877,1,10,1,151776,453834,11703,96253,4.203879358257067,0.17497777624266708
1991,0.129633439461274,0,8,0,151784,453826,11703,96253,4.203805253992368,0.17498032100843697
1992,0.1296343456815836,4,8,4,151792,453818,11707,96249,4.203731149727667,0.1749768664544501
1993,0.129639223551651,9,60,9,151852,453758,11716,96240,4.203175367742413,0.17498245448165267
1994,0.1296423314212199,0,2,0,151854,453756,11716,96240,4.203156841676239,0.17498309078611482
1995,0.1296432094856161,0,4,0,151858,453752,11716,96240,4.203119789543888,0.17498436340892232
1996,0.1296433483880257,1,11,1,151869,453741,11717,96239,4.203017896179925,0.17498636314047783
1997,0.1296455021461789,6,25,6,151894,453716,11723,96233,4.202786320352736,0.17498531682028698
1998,0.1296481774360424,1,7,1,151901,453709,11724,96232,4.202721479121124,0.17498604395744272
1999,0.129648572077914,0,1,0,151902,453708,11724,96232,4.2027122160880355,0.17498636214859803
2000,0.1296523735662491,1,11,1,151913,453697,11725,96231,4.202610322724073,0.1749883621128584
2001,0.129662345511075,4,28,4,151941,453669,11729,96227,4.202350957797622,0.1749912710767127
2002,0.1296666619530319,1,3,1,151944,453666,11730,96226,4.202323168698358,0.1749907254515432
2003,0.1296679793237598,0,1,0,151945,453665,11730,96226,4.202313905665271,0.17499104367956558
2004,0.1296725938410224,2,53,2,151998,453612,11732,96224,4.2018229649116305,0.17500491055514736
2005,0.1296729250925282,0,2,0,152000,453610,11732,96224,4.201804438845455,0.17500554712876978
2006,0.1296730411428692,1,30,1,152030,453580,11733,96223,4.201526547852829,0.1750135957788517
2007,0.1296757907151814,0,10,0,152040,453570,11733,96223,4.201433917521953,0.1750167790422941
2008,0.1296773290506942,0,3,0,152043,453567,11733,96223,4.201406128422691,0.17501773404390766
2009,0.1296795338067952,7,55,7,152098,453512,11740,96216,4.200896661602875,0.17502473950753827
2010,0.1296847144655462,0,3,0,152101,453509,11740,96216,4.200868872503612,0.17502569466551457
2011,0.1297009041341567,0,40,0,152141,453469,11740,96216,4.20049835118011,0.175038431101449
2012,0.1297033102881165,0,2,0,152143,453467,11740,96216,4.200479825113935,0.1750390679719038
2013,0.1297091643450449,7,103,7,152246,453364,11747,96209,4.199525732705918,0.17506136582401247
2014,0.129711984821789,5,44,5,152290,453320,11752,96204,4.199118159250065,0.1750678769262125
2015,0.1297168628692837,1,6,1,152296,453314,11753,96203,4.19906258105154,0.17506828724134102
2016,0.1297200556382245,1,2,1,152298,453312,11754,96202,4.1990440549853645,0.17506742321396726
2017,0.1297271174278678,0,7,0,152305,453305,11754,96202,4.198979213753751,0.17506965334381547
2018,0.1297277053054863,0,7,0,152312,453298,11754,96202,4.198914372522139,0.17507188353048225
2019,0.1297286681702164,0,1,0,152313,453297,11754,96202,4.1989051094890515,0.1750722021332159
2020,0.1297295793092978,1,21,1,152334,453276,11755,96201,4.198710585794212,0.17507739177436
2021,0.1297317699092217,0,2,0,152336,453274,11755,96201,4.198692059728037,0.17507802902770828
2022,0.1297371293819479,3,67,3,152403,453207,11758,96198,4.198071436511171,0.17509487536516777
2023,0.1297429861066102,0,2,0,152405,453205,11758,96198,4.198052910444996,0.17509551276567475
2024,0.1297457983053637,0,2,0,152407,453203,11758,96198,4.198034384378821,0.17509615017082242
2025,0.1297517367436585,3,19,3,152426,453184,11761,96195,4.197858386750157,0.17509770122265322
2026,0.1297521674809542,3,13,3,152439,453171,11764,96192,4.19773796732002,0.17509734001015723
2027,0.1297536292923563,4,38,4,152477,453133,11768,96188,4.197385972062692,0.17510344589047205
2028,0.1297562159415526,2,30,2,152507,453103,11770,96186,4.197108081070065,0.17511000584391823
2029,0.129758785616097,4,32,4,152539,453071,11774,96182,4.196811664011264,0.17511420055966923
2030,0.1297604321156782,4,41,4,152580,453030,11778,96178,4.196431879654674,0.1751212655314562
2031,0.1297648572653034,13,82,13,152662,452948,11791,96165,4.195672310941495,0.17512788806675492
2032,0.1297669482530341,2,4,2,152666,452944,11793,96163,4.195635258809144,0.17512615938241544
2033,0.1297678384578836,3,11,3,152677,452933,11796,96160,4.195533365445181,0.1751251609472348
2034,0.1297690908625843,6,48,6,152725,452885,11802,96154,4.1950887398569785,0.1751314569638951
2035,0.1297735700604784,7,54,7,152779,452831,11809,96147,4.194588536070251,0.17513816582813882
2036,0.1297743600456647,0,4,0,152783,452827,11809,96147,4.194551483937901,0.17513944194078407
2037,0.129779915167173,0,4,0,152787,452823,11809,96147,4.19451443180555,0.1751407180720258
2038,0.1297979129840158,2,0,2,152787,452823,11811,96145,4.19451443180555,0.17513771294501684
2039,0.1298060155073618,5,28,5,152815,452795,11816,96140,4.194255066879099,0.17513913304853945
2040,0.1298151163524418,6,28,6,152843,452767,11822,96134,4.193995701952647,0.17513905057560472
2041,0.1298162510876987,2,39,2,152882,452728,11824,96132,4.193634443662233,0.17514848959661844
2042,0.1298195734116194,0,36,0,152918,452692,11824,96132,4.1933009744710805,0.17515997842659942
2043,0.1298255853461108,4,58,4,152976,452634,11828,96128,4.192763718552003,0.17517247914396405
2044,0.1298269970384439,3,7,3,152983,452627,11831,96125,4.19269887732039,0.1751702043910546
2045,0.1298271434344808,1,10,1,152993,452617,11832,96124,4.192606246989515,0.17517189347980194
2046,0.1298377727895398,2,21,2,153014,452596,11834,96122,4.192411723294676,0.17517559110508493
2047,0.1298432149327032,0,2,0,153016,452594,11834,96122,4.1923931972285,0.17517622959782475
2048,0.129851429431511,8,32,8,153048,452562,11842,96114,4.192096780169699,0.1751744198762111
2049,0.1298520217013274,0,16,0,153064,452546,11842,96114,4.191948571640298,0.1751795283053257
2050,0.1298600539760506,1,23,1,153087,452523,11843,96113,4.191735521879284,0.17518536880554686
2051,0.129862650296902,4,12,4,153099,452511,11847,96109,4.191624365482234,0.17518318690532608
2052,0.1298631837203355,17,150,17,153249,452361,11864,96092,4.1902349105191,0.17520553265275238
2053,0.1298676013802614,5,13,5,153262,452348,11869,96087,4.190114491088962,0.1752021661637204
2054,0.1298676765501122,2,9,2,153271,452339,11871,96085,4.190031123791174,0.17520203346315988
2055,0.1298709921867605,1,0,1,153271,452339,11872,96084,4.190031123791174,0.1752005295182733
2056,0.1298742843480959,0,7,0,153278,452332,11872,96084,4.189966282559562,0.1752027657836387
2057,0.1298744232505054,3,16,3,153294,452316,11875,96081,4.1898180740301605,0.17520336544510637
2058,0.1298759087150229,2,14,2,153308,452302,11877,96079,4.189688391566935,0.17520483021840655
2059,0.1298849554991872,3,33,3,153341,452269,11880,96076,4.189382711475045,0.17521086177497744
2060,0.1298855433768057,5,24,5,153365,452245,11885,96071,4.1891603986809445,0.17521100970972942
2061,0.1298880165597822,8,156,8,153521,452089,11893,96063,4.187715365519286,0.17524883608925992
2062,0.1298960176708999,0,2,0,153523,452087,11893,96063,4.18769683945311,0.17524947550852868
2063,0.1299026927272522,1,4,1,153527,452083,11894,96062,4.187659787320761,0.1752492497423127
2064,0.129905935698698,0,1,0,153528,452082,11894,96062,4.1876505242876725,0.1752495694562013
2065,0.12990716806385,3,14,3,153542,452068,11897,96059,4.187520841824447,0.17524953158665785
2066,0.1299082295944475,0,3,0,153545,452065,11897,96059,4.187493052725184,0.17525049076486343
2067,0.1299095748149779,11,85,11,153630,451980,11908,96048,4.186705694912742,0.1752611180450634
2068,0.129914054012872,28,106,28,153736,451874,11936,96020,4.1857238134054615,0.17525287738139128
2069,0.1299194667452723,1,13,1,153749,451861,11937,96019,4.185603393975323,0.17525553040811856
2070,0.1299275916324443,0,2,0,153751,451859,11937,96019,4.1855848679091485,0.17525617016927125
2071,0.1299412055916776,2,18,2,153769,451841,11939,96017,4.185418133313572,0.17525891745671324
2072,0.1299441988240104,1,11,1,153780,451830,11940,96016,4.185316239949609,0.175260930991556
2073,0.1299457266869316,1,25,1,153805,451805,11941,96015,4.18508466412242,0.17526742360629405
2074,0.1299541189627424,0,10,0,153815,451795,11941,96015,4.184992033791545,0.17527062302623173
2075,0.1299659584642938,0,1,0,153816,451794,11941,96015,4.184982770758457,0.17527094297464993
2076,0.1299690968736446,2,0,2,153816,451794,11943,96013,4.184982770758457,0.17526793195413715
2077,0.1299742534623955,6,38,6,153854,451756,11949,96007,4.18463077550113,0.17527105700823167
2078,0.1299869249544042,57,291,57,154145,451465,12006,95950,4.181935232872652,0.17527835371701542
2079,0.1299873817378489,0,28,0,154173,451437,12006,95950,4.1816758679462005,0.17528731957463367
2080,0.1299906867148025,0,10,0,154183,451427,12006,95950,4.181583237615325,0.1752905218889358
2081,0.1300005379284442,4,72,4,154255,451355,12010,95946,4.18091629923302,0.17530755470938295
2082,0.1300020652969545,1,10,1,154265,451345,12011,95945,4.180823668902145,0.1753092510369274
2083,0.1300042212854681,0,3,0,154268,451342,12011,95945,4.180795879802883,0.175310212009421
2084,0.1300254394515808,13,61,13,154329,451281,12024,95932,4.180230834784542,0.17531016258751161
2085,0.1300293141668188,0,8,0,154337,451273,12024,95932,4.180156730519841,0.1753127255781654
2086,0.1300303273583287,0,3,0,154340,451270,12024,95932,4.180128941420579,0.1753136867189813
2087,0.1300345163119484,1,14,1,154354,451256,12025,95931,4.179999258957353,0.17531666505234955
2088,0.1300401383513928,0,2,0,154356,451254,12025,95931,4.1799807328911776,0.17531730584719976
2089,0.1300426740882748,3,16,3,154372,451238,12028,95928,4.179832524361777,0.17531791083510306
2090,0.1300443271880699,10,63,10,154435,451175,12038,95918,4.179248953277261,0.1753230255185133
2091,0.1300507509269231,0,1,0,154436,451174,12038,95918,4.179239690244174,0.17532334598202862
2092,0.1300535780521216,0,1,0,154437,451173,12038,95918,4.179230427211086,0.17532366644671546
2093,0.1300654780408296,26,198,26,154635,450975,12064,95892,4.177396346659751,0.17534793651838565
2094,0.1300662231668601,3,13,3,154648,450962,12067,95889,4.177275927229612,0.17534758096812478
2095,0.1300676340293431,6,36,6,154684,450926,12073,95883,4.17694245803846,0.17535007653495097
2096,0.1300688859814104,0,3,0,154687,450923,12073,95883,4.176914668939197,0.175351038576753
2097,0.130081268752646,1,2,1,154689,450921,12074,95882,4.176896142873022,0.17535017181690662
2098,0.1300879280626248,1,2,1,154691,450919,12075,95881,4.1768776168068475,0.1753493050475494
2099,0.1300934072409486,0,4,0,154695,450915,12075,95881,4.176840564674497,0.1753505877877673
2100,0.1300979290558234,16,143,16,154838,450772,12091,95865,4.175515950942977,0.17537232203454944
2101,0.1300983145745221,1,9,1,154847,450763,12092,95864,4.175432583645189,0.17537370089658944
2102,0.130099043662997,11,57,11,154904,450706,12103,95853,4.174904590759199,0.1753753940562684
2103,0.1301023399962619,0,1,0,154905,450705,12103,95853,4.1748953277261105,0.17537571492869924
2104,0.130106663165984,3,25,3,154930,450680,12106,95850,4.174663751898922,0.17537921065632261
2105,0.1301147040580698,1,5,1,154935,450675,12107,95849,4.174617436733484,0.17537930630676787
2106,0.1301235188455155,0,1,0,154936,450674,12107,95849,4.174608173700396,0.1753796272069062
2107,0.1301277894310833,2,24,2,154960,450650,12109,95847,4.174385860906296,0.17538431135029103
2108,0.130128625553455,3,17,3,154977,450633,12112,95844,4.174228389343806,0.17538524036693218
2109,0.1301328391125571,5,49,5,155026,450584,12117,95839,4.173774500722517,0.17539342231201835
2110,0.1301367771151153,0,1,0,155027,450583,12117,95839,4.173765237689429,0.175393743297305
2111,0.1301401634315886,0,4,0,155031,450579,12117,95839,4.173728185557079,0.1753950272502004
2112,0.130144681496521,4,20,4,155051,450559,12121,95835,4.173542924895328,0.17539541063774491
2113,0.130150541607752,6,38,6,155089,450521,12127,95829,4.173190929638,0.17539855404045027
2114,0.1301510714142075,1,25,1,155114,450496,12128,95828,4.172959353810811,0.17540507098351893
2115,0.1301513385096686,2,22,2,155136,450474,12130,95826,4.172755567082886,0.17540911587040087
2116,0.1301594887977681,8,68,8,155204,450406,12138,95818,4.172125680832932,0.1754188757725768
2117,0.1301603042796991,0,11,0,155215,450395,12138,95818,4.1720237874689685,0.17542240847434976
2118,0.1301643821463688,0,3,0,155218,450392,12138,95818,4.171995998369706,0.17542337196316435
2119,0.1301711989443756,0,1,0,155219,450391,12138,95818,4.171986735336619,0.1754236931284545
2120,0.1301778884194255,9,54,9,155273,450337,12147,95809,4.171486531549891,0.17542744980279998
2121,0.130182795752999,9,62,9,155335,450275,12156,95800,4.170912223498462,0.1754337774115277
2122,0.1301831580406685,3,31,3,155366,450244,12159,95797,4.170625069472748,0.17543920694599857
2123,0.130184311549477,0,4,0,155370,450240,12159,95797,4.170588017340398,0.17544049212782284
2124,0.1301875757058002,0,1,0,155371,450239,12159,95797,4.170578754307311,0.17544081342622098
2125,0.1301948833402018,3,53,3,155424,450186,12162,95794,4.17008781355367,0.1754533133081798
2126,0.1302001898589904,2,22,2,155446,450164,12164,95792,4.169884026825744,0.17545736286440666
2127,0.1302106130053375,1,27,1,155473,450137,12165,95791,4.16963392493238,0.17546453012118815
2128,0.1302175275092386,0,4,0,155477,450133,12165,95791,4.16959687280003,0.1754658157545739
2129,0.1302237170235742,20,114,20,155591,450019,12185,95771,4.1685408870280485,0.1754722512321589
2130,0.1302241567429379,0,1,0,155592,450018,12185,95771,4.168531623994961,0.17547257273415184
2131,0.1302246194189284,2,2,2,155594,450016,12187,95769,4.168513097928786,0.17547019430728217
2132,0.1302378633525486,0,1,0,155595,450015,12187,95769,4.168503834895699,0.1754705158084517
2133,0.1302449584290046,0,1,0,155596,450014,12187,95769,4.1684945718626105,0.17547083731079935
2134,0.1302494974891772,1,5,1,155601,450009,12188,95768,4.168448256697173,0.17547093409945821
2135,0.1302509676221703,2,11,2,155612,449998,12190,95766,4.168346363333209,0.17547144919782176
2136,0.130255998407036,0,11,0,155623,449987,12190,95766,4.168244469969247,0.17547498593686156
2137,0.1302591364409435,0,4,0,155627,449983,12190,95766,4.168207417836896,0.1754762720591334
2138,0.1302642442006351,3,17,3,155644,449966,12193,95763,4.168049946274408,0.17547720571932224
2139,0.1302682733834769,4,49,4,155693,449917,12197,95759,4.167596057653118,0.17548691897756177
2140,0.1302730011798622,0,3,0,155696,449914,12197,95759,4.167568268553855,0.1754878837692171
2141,0.1302779040177434,0,1,0,155697,449913,12197,95759,4.167559005520768,0.17548820536879298
2142,0.1302796469616179,0,3,0,155700,449910,12197,95759,4.167531216421505,0.17548917017459303
2143,0.1302810419824918,2,24,2,155724,449886,12199,95757,4.167308903627403,0.17549386686899676
2144,0.130281170644175,0,1,0,155725,449885,12199,95757,4.167299640594316,0.1754941884972198
2145,0.1302819758794859,2,14,2,155739,449871,12201,95755,4.16716995813109,0.17549566919464982
2146,0.1302827868137415,0,5,0,155744,449866,12201,95755,4.167123642965652,0.17549727741417578
2147,0.1302886388485664,0,1,0,155745,449865,12201,95755,4.167114379932565,0.17549759906161796
2148,0.130288777750976,0,1,0,155746,449864,12201,95755,4.167105116899478,0.1754979207102392
2149,0.1303063358923268,1,5,1,155751,449859,12202,95754,4.16705880173404,0.1754980178258216
2150,0.1303083711728796,6,36,6,155787,449823,12208,95748,4.166725332542888,0.17550053063670906
2151,0.1303086379214148,8,81,8,155868,449742,12216,95740,4.165975026862796,0.17551449910354514
2152,0.1303116828967692,0,2,0,155870,449740,12216,95740,4.165956500796621,0.17551514262667742
2153,0.1303157427139709,2,50,2,155920,449690,12218,95738,4.165493349142243,0.17552820903950658
2154,0.1303180426346806,0,2,0,155922,449688,12218,95738,4.165474823076068,0.1755288526766234
2155,0.1303241045629082,0,1,0,155923,449687,12218,95738,4.16546556004298,0.1755291744969519
2156,0.1303290370156951,5,20,5,155943,449667,12223,95733,4.165280299381229,0.17552805280528053
2157,0.1303354488006473,22,79,22,156022,449588,12245,95711,4.164548519767313,0.17552021918250355
2158,0.1303356356583097,8,29,8,156051,449559,12253,95703,4.164279891807774,0.1755174576625549
2159,0.1303376262195586,0,4,0,156055,449555,12253,95703,4.164242839675423,0.17551874525454006
2160,0.1303493595434436,0,45,0,156100,449510,12253,95703,4.163826003186483,0.17553323196622236
2161,0.1303537683221018,5,39,5,156139,449471,12258,95698,4.163464744896069,0.17553822759547957
2162,0.130353925874492,0,1,0,156140,449470,12258,95698,4.163455481862981,0.17553854958471518
2163,0.1303605745583953,3,26,3,156166,449444,12261,95695,4.163214643002704,0.17554238460282606
2164,0.1303647822916172,0,9,0,156175,449435,12261,95695,4.163131275704917,0.1755452827765854
2165,0.1303700717124802,0,10,0,156185,449425,12261,95695,4.163038645374042,0.17554850308189024
2166,0.1303743026816961,2,47,2,156232,449378,12263,95693,4.162603282818926,0.1755606150391417
2167,0.1303817171241596,1,20,1,156252,449358,12264,95692,4.162418022157175,0.1755655444454637
2168,0.1303870747566034,3,81,3,156333,449277,12267,95689,4.1616677164770834,0.17558710084665832
2169,0.1303912701858475,1,11,1,156344,449266,12268,95688,4.16156582311312,0.17558913229373488
2170,0.1303951986521001,0,1,0,156345,449265,12268,95688,4.161556560080032,0.1755894545034159
2171,0.1304008580567793,1,46,1,156391,449219,12269,95687,4.161130460558005,0.17560276451351242
2172,0.1304044948718354,1,1,1,156392,449218,12270,95686,4.161121197524918,0.1756015738552112
2173,0.1304139016934795,1,12,1,156404,449206,12271,95685,4.1610100411278665,0.17560392812507455
2174,0.1304186811876407,0,10,0,156414,449196,12271,95685,4.1609174107969915,0.17560715091919152
2175,0.130420554388909,5,78,5,156492,449118,12276,95680,4.160194894216162,0.17562472696302114
2176,0.1304232707661351,0,11,0,156503,449107,12276,95680,4.160093000852199,0.17562827306818996
2177,0.1304386023637135,7,72,7,156575,449035,12283,95673,4.159426062469895,0.17564089383669781
2178,0.1304456655558445,1,15,1,156590,449020,12284,95672,4.159287116973582,0.1756442172824275
2179,0.130446248866569,0,16,0,156606,449004,12284,95672,4.159138908444181,0.17564937687726281
2180,0.1304544615731924,0,2,0,156608,449002,12284,95672,4.159120382378006,0.17565002184793105
2181,0.1304661983026365,45,188,45,156796,448814,12329,95627,4.157378932157545,0.1756425397793333
2182,0.1304667593872434,2,6,2,156802,448808,12331,95625,4.15732335395902,0.17564144715695043
2183,0.1304695209680887,6,19,6,156821,448789,12337,95619,4.1571473563303565,0.1756384917194457
2184,0.1304766487661497,0,1,0,156822,448788,12337,95619,4.157138093297269,0.17563881434294562
2185,0.1304775624338976,1,21,1,156843,448767,12338,95618,4.156943569602431,0.17564407542456167
2186,0.1304781101719522,4,23,4,156866,448744,12342,95614,4.156730519841417,0.1756454392146345
2187,0.1304826859053235,1,1,1,156867,448743,12343,95613,4.156721256808329,0.1756442475144942
2188,0.1304990170362879,2,17,2,156884,448726,12345,95611,4.156563785245841,0.17564670415569766
2189,0.1304997761541123,2,23,2,156907,448703,12347,95609,4.1563507354848275,0.17565109716486133
2190,0.130501822281914,1,5,1,156912,448698,12348,95608,4.1563044203193895,0.1756511962021363
2191,0.1305043569261018,2,9,2,156921,448689,12350,95606,4.156221053021602,0.17565107156964513
2192,0.1305052071469745,0,1,0,156922,448688,12350,95606,4.156211789988514,0.17565139428323664
2193,0.1305068416928822,0,9,0,156931,448679,12350,95606,4.156128422690726,0.17565429875892224
2194,0.1305102340510822,0,3,0,156934,448676,12350,95606,4.156100633591463,0.1756552669388295
2195,0.1305111173960896,0,3,0,156937,448673,12350,95606,4.156072844492201,0.17565623512940973
2196,0.1305141281808025,0,7,0,156944,448666,12350,95606,4.156008003260587,0.17565849428227062
2197,0.1305178743170675,8,32,8,156976,448634,12358,95598,4.155711586201786,0.17565670522865248
2198,0.1305326811185322,2,4,2,156980,448630,12360,95596,4.155674534069436,0.17565496687038107
2199,0.1305388682896644,3,10,3,156990,448620,12363,95593,4.15558190373856,0.17565365031706334
2200,0.1305389104805333,1,9,1,156999,448611,12364,95592,4.155498536440772,0.17565504049040523
2201,0.1305437136833877,0,5,0,157004,448606,12364,95592,4.155452221275334,0.17565665437947217
2202,0.1305459275211651,0,3,0,157007,448603,12364,95592,4.155424432176072,0.17565762272714744
2203,0.1305497514407541,8,87,8,157094,448516,12372,95584,4.154618548297455,0.17567358941371072
2204,0.1305558554394375,2,21,2,157115,448495,12374,95582,4.154424024602616,0.17567733978830202
2205,0.1305572992421479,5,22,5,157137,448473,12379,95577,4.154220237874689,0.17567686793493245
2206,0.1305628651874555,0,1,0,157138,448472,12379,95577,4.154210974841602,0.17567719084126612
2207,0.1305648961082226,1,0,1,157138,448472,12380,95576,4.154210974841602,0.17567567567567569
2208,0.1305689083937606,0,2,0,157140,448470,12380,95576,4.154192448775427,0.17567632148752127
2209,0.1305803898909376,6,114,6,157254,448356,12386,95570,4.153136463003446,0.17570404797711453
2210,0.1305811339195672,0,1,0,157255,448355,12386,95570,4.153127199970358,0.1757043710070322
2211,0.13058313671012,0,1,0,157256,448354,12386,95570,4.153117936937271,0.17570469403813768
2212,0.1305838058258839,2,32,2,157288,448322,12388,95568,4.152821519878469,0.17571200058835426
2213,0.1305847811220355,2,1,2,157289,448321,12390,95566,4.152812256845381,0.17570929255525505
2214,0.1305875131094044,0,3,0,157292,448318,12390,95566,4.152784467746119,0.17571026174699017
2215,0.1305934202746196,4,2,4,157294,448316,12394,95562,4.152765941679943,0.1757048455719849
2216,0.1306004355079027,2,3,2,157297,448313,12396,95560,4.152738152580681,0.17570278355424887
2217,0.1306010347660549,1,5,1,157302,448308,12397,95559,4.152691837415243,0.1757028832416749
2218,0.130604533311268,0,22,0,157324,448286,12397,95559,4.152488050687317,0.17570999089814193
2219,0.1306127458053106,9,194,9,157518,448092,12406,95550,4.150691022268331,0.17575904731422518
2220,0.1306128409059314,7,79,7,157597,448013,12413,95543,4.149959242654415,0.1757739772902884
2221,0.1306220058803216,0,3,0,157600,448010,12413,95543,4.149931453555152,0.17577494742922953
2222,0.1306245285921866,0,1,0,157601,448009,12413,95543,4.149922190522065,0.17577527081125632
2223,0.1306282371054418,0,3,0,157604,448006,12413,95543,4.149894401422802,0.17577624096447605
2224,0.1306352522829545,1,0,1,157604,448006,12414,95542,4.149894401422802,0.17577472458734095
2225,0.1306398666689899,10,70,10,157674,447936,12424,95532,4.1492459891066735,0.17578219876791273
2226,0.1306486664297796,0,2,0,157676,447934,12424,95532,4.149227463040498,0.1757828456609981
2227,0.1306516013484832,0,3,0,157679,447931,12424,95532,4.149199673941236,0.17578381600955356
2228,0.1306520317607401,0,1,0,157680,447930,12424,95532,4.149190410908147,0.1757841394614527
2229,0.1306540144189462,1,4,1,157684,447926,12425,95531,4.149153358775798,0.17578391666682
2230,0.1306551687000323,2,18,2,157702,447908,12427,95529,4.148986624180221,0.17578670572669877
2231,0.1306572560570391,0,7,0,157709,447901,12427,95529,4.148921782948609,0.17578897006054137
2232,0.1306604744862022,1,10,1,157719,447891,12428,95528,4.148829152617733,0.17579068821664315
2233,0.1306638482517778,4,30,4,157749,447861,12432,95524,4.148551261625107,0.1757943263063942
2234,0.1306688968233331,4,3,4,157752,447858,12436,95520,4.148523472525844,0.17578922959707607
2235,0.1306832563863,0,7,0,157759,447851,12436,95520,4.148458631294231,0.17579149420929716
2236,0.1306860244819343,0,10,0,157769,447841,12436,95520,4.148366000963356,0.17579472947083064
2237,0.1306947105846207,0,1,0,157770,447840,12436,95520,4.148356737930268,0.17579505300353357
2238,0.1307048458456812,9,95,9,157865,447745,12445,95511,4.14747674978695,0.17581214013282873
2239,0.1307064870587985,1,8,1,157873,447737,12446,95510,4.1474026455222495,0.17581321203798642
2240,0.1307068054648853,0,2,0,157875,447735,12446,95510,4.147384119456075,0.17581385930841517
2241,0.1307120791736546,7,67,7,157942,447668,12453,95503,4.146763496239209,0.17582492437924704
2242,0.1307135385970156,1,8,1,157950,447660,12454,95502,4.146689391974508,0.1758259966639787
2243,0.1307148596233696,6,88,6,158038,447572,12460,95496,4.145874245062803,0.1758453821620865
2244,0.1307158223462021,0,1,0,158039,447571,12460,95496,4.145864982029716,0.17584570596261603
2245,0.1307196385932323,0,6,0,158045,447565,12460,95496,4.145809403831191,0.17584764879083564
2246,0.1307197334614314,1,19,1,158064,447546,12461,95495,4.145633406202527,0.17585228371338443
2247,0.1307229924218854,0,12,0,158076,447534,12461,95495,4.1455222498054765,0.1758561697441573
2248,0.13072674646508,1,1,1,158077,447533,12462,95494,4.145512986772388,0.17585497590359228
2249,0.1307359050997893,2,18,2,158095,447515,12464,95492,4.145346252176813,0.17585776978933973
2250,0.1307386288736822,6,49,6,158144,447466,12470,95486,4.144892363555523,0.1758645331447347
2251,0.1307387265642655,3,16,3,158160,447450,12473,95483,4.144744155026122,0.1758651619997311
2252,0.130740057312646,2,13,2,158173,447437,12475,95481,4.144623735595983,0.1758663370895789
2253,0.1307415187184485,2,8,2,158181,447429,12477,95479,4.144549631331283,0.1758658925637493
2254,0.1307445204115444,0,1,0,158182,447428,12477,95479,4.144540368298196,0.17586621649748482
2255,0.1307474854414856,3,12,3,158194,447416,12480,95476,4.144429211901145,0.17586554968575702
2256,0.1307550566038571,0,2,0,158196,447414,12480,95476,4.14441068583497,0.1758661975722522
2257,0.1307620936924897,4,49,4,158245,447365,12484,95472,4.143956797213679,0.17587599960945918
2258,0.1307699431521441,2,43,2,158288,447322,12486,95470,4.143558486790915,0.17588689590119236
2259,0.1307704011816753,0,5,0,158293,447317,12486,95470,4.143512171625477,0.17588851612142517
2260,0.1307745259425858,0,5,0,158298,447312,12486,95470,4.143465856460039,0.17589013637150827
2261,0.1307765088693807,1,5,1,158303,447307,12487,95469,4.143419541294602,0.17589023833036097
2262,0.1307875069636757,8,80,8,158383,447227,12495,95461,4.142678498647597,0.17590401851524265
2263,0.1307885362361627,0,4,0,158387,447223,12495,95461,4.142641446515247,0.17590531506364662
2264,0.1307960716246302,0,4,0,158391,447219,12495,95461,4.1426043943828965,0.17590661163116386
2265,0.1307980954410003,0,17,0,158408,447202,12495,95461,4.142446922820408,0.1759121222563543
2266,0.130800303524679,1,6,1,158414,447196,12496,95460,4.142391344621883,0.1759125486496049
2267,0.130805248916013,1,29,1,158443,447167,12497,95459,4.142122716662344,0.17592043138367863
2268,0.1308064474258969,0,7,0,158450,447160,12497,95459,4.142057875430731,0.17592270082691538
2269,0.1308071563364377,1,0,1,158450,447160,12498,95458,4.142057875430731,0.1759211821207553
2270,0.1308124176122826,0,27,0,158477,447133,12498,95458,4.1418077735373675,0.1759299361766045
2271,0.1308135268840797,0,3,0,158480,447130,12498,95458,4.141779984438104,0.17593090890325624
2272,0.1308151255493206,0,15,0,158495,447115,12498,95458,4.141641038941791,0.1759357726978674
2273,0.1308160811466877,2,13,2,158508,447102,12500,95456,4.1415206195116525,0.17593695051957578
2274,0.1308237403386936,0,1,0,158509,447101,12500,95456,4.141511356478565,0.17593727479324753
2275,0.1308356081737477,3,29,3,158538,447072,12503,95453,4.1412427285190265,0.1759421224828349
2276,0.1308376999310069,1,20,1,158558,447052,12504,95452,4.141057467857276,0.175947089791043
2277,0.1308506295343405,0,21,0,158579,447031,12504,95452,4.1408629441624365,0.1759539008595661
2278,0.1308569868852513,3,15,3,158594,447016,12507,95449,4.1407239986661235,0.17595420902731052
2279,0.1308619365493958,0,1,0,158595,447015,12507,95449,4.140714735633035,0.17595453338839076
2280,0.1308659906387337,2,7,2,158602,447008,12509,95447,4.140649894401423,0.1759537657501544
2281,0.1308702346111524,6,35,6,158637,446973,12515,95441,4.140325688243358,0.17595600408544027
2282,0.1308733827274238,1,3,1,158640,446970,12516,95440,4.1402978991440955,0.1759554580483398
2283,0.130877908430542,0,1,0,158641,446969,12516,95440,4.140288636111008,0.17595578244461282
2284,0.1308782158983359,2,8,2,158649,446961,12518,95438,4.140214531846308,0.17595533915069902
2285,0.130878399967521,1,5,1,158654,446956,12519,95437,4.14016821668087,0.17595544190282691
2286,0.1308805528031071,1,28,1,158682,446928,12520,95436,4.139908851754418,0.1759630063942297
2287,0.130883328269591,0,1,0,158683,446927,12520,95436,4.139899588721331,0.1759633308319336
2288,0.130885087619223,3,11,3,158694,446916,12523,95433,4.139797695357368,0.17596234159185323
2289,0.1308861455349093,0,26,0,158720,446890,12523,95433,4.139556856497092,0.17597077756244894
2290,0.1308923796364603,1,1,1,158721,446889,12524,95432,4.139547593464004,0.17596958259038467
2291,0.1308935604761541,0,1,0,158722,446888,12524,95432,4.139538330430916,0.17596990706593893
2292,0.130896290252222,16,83,16,158805,446805,12540,95416,4.138769498684649,0.17597252780692743
2293,0.1309019227173471,2,71,2,158876,446734,12542,95414,4.138111823335433,0.1759925334041627
2294,0.1309055981398973,3,13,3,158889,446721,12545,95411,4.1379914039052945,0.1759921937830639
2295,0.1309065040977378,6,31,6,158920,446690,12551,95405,4.13770424987958,0.17599313773416098
2296,0.1309071343706153,6,76,6,158996,446614,12557,95399,4.137000259364926,0.17600869351842113
2297,0.1309116955306414,0,15,0,159011,446599,12557,95399,4.136861313868613,0.17601356462569973
2298,0.1309150098949794,1,15,1,159026,446584,12558,95398,4.1367223683723,0.176016915690927
2299,0.1309248391469178,0,4,0,159030,446580,12558,95398,4.13668531623995,0.17601821476148477
2300,0.1309255259020924,1,8,1,159038,446572,12559,95397,4.136611211975249,0.17601929261636737
2301,0.1309255840181719,0,1,0,159039,446571,12559,95397,4.136601948942162,0.1760196173943849
2302,0.1309410193470368,0,16,0,159055,446555,12559,95397,4.136453740412761,0.1760248140056684
2303,0.1309427340756062,0,4,0,159059,446551,12559,95397,4.136416688280411,0.17602611320643308
2304,0.1309427494326437,2,11,2,159070,446540,12561,95395,4.136314794916448,0.17602664526188566
2305,0.130943786133354,0,1,0,159071,446539,12561,95395,4.13630553188336,0.17602697007384663
2306,0.1309494691656853,3,15,3,159086,446524,12564,95392,4.136166586387047,0.17602728098081621
2307,0.130956325011996,0,1,0,159087,446523,12564,95392,4.136157323353959,0.17602760580533847
2308,0.1309571460548101,0,2,0,159089,446521,12564,95392,4.136138797287784,0.17602825545797943
2309,0.1309578639059007,5,26,5,159115,446495,12569,95387,4.135897958427507,0.17602909858603902
2310,0.1309598305881187,1,3,1,159118,446492,12570,95386,4.1358701693282445,0.17602855255241956
2311,0.1309625925980769,2,10,2,159128,446482,12572,95384,4.135777538997369,0.1760287598779034
2312,0.1309634878987576,1,14,1,159142,446468,12573,95383,4.135647856534144,0.17603178733637107
2313,0.1309695000455303,0,2,0,159144,446466,12573,95383,4.135629330467968,0.17603243708117944
2314,0.1309806951333954,0,11,0,159155,446455,12573,95383,4.135527437104005,0.1760360107633647
2315,0.1309807276525643,0,4,0,159159,446451,12573,95383,4.135490384971655,0.17603731032013495
2316,0.1309851082741816,0,16,0,159175,446435,12573,95383,4.135342176442254,0.17604250873909688
2317,0.1309931685549694,3,40,3,159215,446395,12576,95380,4.134971655118752,0.17605094365742235
2318,0.130995379928857,1,0,1,159215,446395,12577,95379,4.134971655118752,0.17604942282206235
2319,0.1310009429324155,1,26,1,159241,446369,12578,95378,4.134730816258475,0.17605635102732456
2320,0.1310031935723132,3,10,3,159251,446359,12581,95375,4.1346381859276,0.17605503808142003
2321,0.1310068355634476,1,8,1,159259,446351,12582,95374,4.1345640816629,0.17605611703355023
2322,0.1310164600684045,1,2,1,159261,446349,12583,95373,4.134545555596724,0.17605524604871134
2323,0.1310194495467007,2,110,2,159371,446239,12585,95371,4.133526621957094,0.176087959971197
2324,0.1310197746207152,0,7,0,159378,446232,12585,95371,4.13346178072548,0.1760902358369507
2325,0.1310233940123918,0,3,0,159381,446229,12585,95371,4.133433991626218,0.17609121122599705
2326,0.1310235510199554,0,24,0,159405,446205,12585,95371,4.133211678832117,0.1760990147273882
2327,0.131030875604684,13,126,13,159531,446079,12598,95358,4.132044536663085,0.17612021343203366
2328,0.1310366002575532,8,84,8,159615,445995,12606,95350,4.131266441883731,0.17613536654074574
2329,0.1310373310135781,6,57,6,159672,445938,12612,95344,4.1307384489977395,0.17614478220225316
2330,0.1310380886609898,7,47,7,159719,445891,12619,95337,4.130303086442625,0.1761494231636205
2331,0.1310422613976185,0,4,0,159723,445887,12619,95337,4.130266034310274,0.17615072502328055
2332,0.1310462004118003,5,50,5,159773,445837,12624,95332,4.129802882655897,0.17615938828720787
2333,0.1310544839915046,0,2,0,159775,445835,12624,95332,4.129784356589722,0.17616003932242727
2334,0.1310650208561675,1,1,1,159776,445834,12625,95331,4.129775093556634,0.1761588424972051
2335,0.1310658104762038,0,3,0,159779,445831,12625,95331,4.129747304457371,0.17615981905603129
2336,0.1310692198171858,2,18,2,159797,445813,12627,95329,4.129580569861796,0.1761626338373292
2337,0.131069782028572,1,49,1,159846,445764,12628,95328,4.129126681240505,0.17617706415914483
2338,0.1310798611073339,11,44,11,159890,445720,12639,95317,4.128719107784653,0.176174642399688
2339,0.131091950906256,1,24,1,159914,445696,12640,95316,4.128496794990552,0.17618093498850304
2340,0.1310928314137788,1,6,1,159920,445690,12641,95315,4.128441216792027,0.17618136616112606
2341,0.1310976300072037,0,5,0,159925,445685,12641,95315,4.128394901626589,0.1761829944547135
2342,0.1311013094736322,13,87,13,160012,445598,12654,95302,4.1275890177479715,0.1761915326308005
2343,0.1311027855832038,1,9,1,160021,445589,12655,95301,4.127505650450184,0.17619294126347315
2344,0.131103886947043,3,43,3,160064,445546,12658,95298,4.127107340027418,0.17620237998387706
2345,0.1311064237519648,0,1,0,160065,445545,12658,95298,4.127098076994331,0.17620270577598304
2346,0.1311078751908687,5,8,5,160073,445537,12663,95293,4.1270239727296305,0.17619769613372038
2347,0.1311132101876791,3,7,3,160080,445530,12666,95290,4.126959131498018,0.17619540697459413
2348,0.1311144195998475,5,26,5,160106,445504,12671,95285,4.126718292637741,0.1761962613884528
2349,0.1311187743657989,2,16,2,160122,445488,12673,95283,4.126570084108341,0.17619842780030734
2350,0.131123652248461,0,1,0,160123,445487,12673,95283,4.126560821075253,0.17619875362908446
2351,0.1311242287159463,0,2,0,160125,445485,12673,95283,4.126542295009078,0.17619940529025385
2352,0.1311275937660542,9,123,9,160248,445362,12682,95274,4.125402941939309,0.17622577852751203
2353,0.131130201068473,4,24,4,160272,445338,12686,95270,4.125180629145207,0.17622750680715046
2354,0.1311320653425392,2,12,2,160284,445326,12688,95268,4.125069472748157,0.1762283710141067
2355,0.1311365815913108,9,48,9,160332,445278,12697,95259,4.1246248471599545,0.1762303043084932
2356,0.1311402171912336,0,2,0,160334,445276,12697,95259,4.124606321093779,0.17623095636730277
2357,0.1311415828348722,3,9,3,160343,445267,12700,95256,4.124522953795991,0.1762293186413899
2358,0.1311422478983898,1,9,1,160352,445258,12701,95255,4.124439586498203,0.1762307289556403
2359,0.1311464918708086,1,32,1,160384,445226,12702,95254,4.124143169439401,0.17623963883955002
2360,0.1311690042716461,2,17,2,160401,445209,12704,95252,4.123985697876913,0.1762421340300225
2361,0.1311787601018857,0,4,0,160405,445205,12704,95252,4.123948645744562,0.17624343842340834
2362,0.1311802983607334,3,61,3,160466,445144,12707,95249,4.123383600726222,0.17625875982849518
2363,0.1311827453500121,1,6,1,160472,445138,12708,95248,4.123328022527696,0.17625919250313665
2364,0.1311842976526147,0,4,0,160476,445134,12708,95248,4.123290970395346,0.17626049720382989
2365,0.1311909054505984,2,27,2,160503,445107,12710,95246,4.123040868501982,0.17626625557737258
2366,0.1311929610512545,1,32,1,160535,445075,12711,95245,4.122744451443181,0.17627517026946996
2367,0.1311955699963227,2,18,2,160553,445057,12713,95243,4.122577716847605,0.1762779937071997
2368,0.1311972587802767,0,4,0,160557,445053,12713,95243,4.122540664715254,0.17627929875475665
2369,0.1311990205886376,0,1,0,160558,445052,12713,95243,4.122531401682167,0.17627962501966518
2370,0.13120057490801,0,9,0,160567,445043,12713,95243,4.122448034384379,0.17628256145819066
2371,0.1312030625156874,0,1,0,160568,445042,12713,95243,4.122438771351291,0.1762828877351768
2372,0.1312103247671287,2,15,2,160583,445027,12715,95241,4.122299825854978,0.17628473276225873
2373,0.1312117450782479,0,1,0,160584,445026,12715,95241,4.12229056282189,0.17628505905413436
2374,0.1312168456849163,3,8,3,160592,445018,12718,95238,4.12221645855719,0.17628309542142984
2375,0.1312208078588621,0,2,0,160594,445016,12718,95238,4.122197932491015,0.17628374801482266
2376,0.1312277552233084,0,3,0,160597,445013,12718,95238,4.122170143391752,0.17628472691397146
2377,0.1312302146805061,0,6,0,160603,445007,12718,95238,4.122114565193227,0.17628668474488426
2378,0.1312359923276757,0,1,0,160604,445006,12718,95238,4.122105302160139,0.17628701105426436
2379,0.1312360878477748,0,1,0,160605,445005,12718,95238,4.122096039127052,0.17628733736485247
2380,0.1312469482889142,0,10,0,160615,444995,12718,95238,4.122003408796176,0.17629060053717563
2381,0.1312485168206779,0,1,0,160616,444994,12718,95238,4.121994145763089,0.1762909268610523
2382,0.1312495782432536,3,32,3,160648,444962,12721,95235,4.121697728704287,0.17629679542833449
2383,0.1312499626742183,1,3,1,160651,444959,12722,95234,4.121669939605025,0.17629624967372773
2384,0.1312536941400727,3,19,3,160670,444940,12725,95231,4.121493941976361,0.17629787604295677
2385,0.1312558065766079,2,41,2,160711,444899,12727,95229,4.121114157619771,0.1763082084246697
2386,0.131256004080689,2,4,2,160715,444895,12729,95227,4.121077105487421,0.17630646409514888
2387,0.1312638315099788,0,1,0,160716,444894,12729,95227,4.121067842454333,0.17630679051545858
2388,0.1312656753251891,0,1,0,160717,444893,12729,95227,4.121058579421246,0.17630711693697698
2389,0.1312664752595624,0,4,0,160721,444889,12729,95227,4.121021527288895,0.17630842263513763
2390,0.1312695140047745,4,15,4,160736,444874,12733,95223,4.120882581792582,0.17630721888845893
2391,0.1312702441099438,0,10,0,160746,444864,12733,95223,4.120789951461707,0.17631048331102211
2392,0.1312766124371184,8,37,8,160783,444827,12741,95215,4.120447219237467,0.1763103610459927
2393,0.1312792497044499,1,3,1,160786,444824,12742,95214,4.120419430138204,0.17630981523522418
2394,0.1312797056372249,3,12,3,160798,444812,12745,95211,4.120308273741154,0.1763091572025636
2395,0.1312820667872658,2,5,2,160803,444807,12747,95209,4.120261958575716,0.17630773902995467
2396,0.1312884210936737,2,1,2,160804,444806,12749,95207,4.120252695542629,0.17630501487927142
2397,0.1312911969096067,1,7,1,160811,444799,12750,95206,4.120187854311015,0.17630577494652827
2398,0.1312993159584517,1,3,1,160814,444796,12751,95205,4.120160065211753,0.1763052290643906
2399,0.1312998082796116,3,8,3,160822,444788,12754,95202,4.120085960947052,0.17630326487527548
2400,0.1312998637190828,3,30,3,160852,444758,12757,95199,4.119808069954426,0.1763084838237119
2401,0.1313038456795796,1,4,1,160856,444754,12758,95198,4.119771017822075,0.17630826443832046
2402,0.1313051536508064,4,22,4,160878,444732,12762,95194,4.119567231094149,0.17630934609557605
2403,0.1313068930856533,3,9,3,160887,444723,12765,95191,4.119483863796361,0.17630770826464956
2404,0.1313153300233145,0,12,0,160899,444711,12765,95191,4.119372707399311,0.17631162692488636
2405,0.1313159268961526,1,0,1,160899,444711,12766,95190,4.119372707399311,0.17631010129634878
2406,0.1313159763402531,0,1,0,160900,444710,12766,95190,4.119363444366224,0.17631042785701057
2407,0.1313203231890639,6,27,6,160927,444683,12772,95184,4.119113342472859,0.17631009118912622
2408,0.1313204555381472,0,1,0,160928,444682,12772,95184,4.119104079439772,0.1763104177703356
2409,0.131325876457611,2,3,2,160931,444679,12774,95182,4.119076290340509,0.1763083460372207
2410,0.1313305744453307,0,1,0,160932,444678,12774,95182,4.1190670273074215,0.1763086726188271
2411,0.1313324086076353,2,2,2,160934,444676,12776,95180,4.119048501241246,0.17630627426573012
2412,0.131335569745611,4,48,4,160982,444628,12780,95176,4.118603875653044,0.17631584797445
2413,0.131343326115574,2,6,2,160988,444622,12782,95174,4.1185482974545184,0.17631475594483842
2414,0.1313553594527522,1,31,1,161019,444591,12783,95173,4.118261143428804,0.17632335613342126
2415,0.131356095631066,0,2,0,161021,444589,12783,95173,4.118242617362629,0.17632400947084084
2416,0.1313568102178066,2,56,2,161077,444533,12785,95171,4.117723887509726,0.1763392526273661
2417,0.1313569602691457,3,18,3,161095,444515,12788,95168,4.11755715291415,0.1763405554742321
2418,0.1313612761781672,2,36,2,161131,444479,12790,95166,4.117223683722998,0.17634926664751827
2419,0.1313680207606049,5,27,5,161158,444452,12795,95161,4.116973581829634,0.17635045856938214
2420,0.1313729022721506,2,22,2,161180,444430,12797,95159,4.116769795101708,0.17635459581273896
2421,0.131377060763898,0,3,0,161183,444427,12797,95159,4.116742006002445,0.17635557631220974
2422,0.1313775667332883,5,140,5,161323,444287,12802,95154,4.1154451813701876,0.17639371126777534
2423,0.1313795863085895,0,2,0,161325,444285,12802,95154,4.115426655304013,0.17639436525723948
2424,0.1313849790618912,3,52,3,161377,444233,12805,95151,4.11494497758346,0.17640678996781514
2425,0.1313879354537562,0,3,0,161380,444230,12805,95151,4.114917188484197,0.17640777113024003
2426,0.1313936096149693,0,3,0,161383,444227,12805,95151,4.114889399384935,0.1764087523035793
2427,0.1313974371927543,5,20,5,161403,444207,12810,95146,4.114704138723184,0.17640765880601386
2428,0.1314034468712936,4,42,4,161445,444165,12814,95142,4.1143150913335065,0.1764152885091423
2429,0.1314036191269612,0,3,0,161448,444162,12814,95142,4.114287302234244,0.17641626985892928
2430,0.1314065505717364,0,1,0,161449,444161,12814,95142,4.114278039201156,0.17641659697795117
2431,0.13140752305544,0,6,0,161455,444155,12814,95142,4.114222461002631,0.17641855971755824
2432,0.1314148676489339,0,1,0,161456,444154,12814,95142,4.114213197969543,0.1764188868450721
2433,0.1314231343372516,3,24,3,161480,444130,12817,95139,4.113990885175442,0.17642215666021968
2434,0.1314320852252095,0,2,0,161482,444128,12817,95139,4.113972359109267,0.1764228109637712
2435,0.1314409807742759,0,1,0,161483,444127,12817,95139,4.113963096076179,0.17642313811736693
2436,0.1314434824835427,0,1,0,161484,444126,12817,95139,4.113953833043092,0.176423465272176
2437,0.1314472625096171,0,2,0,161486,444124,12817,95139,4.1139353069769165,0.1764241195854342
2438,0.1314543985199053,0,1,0,161487,444123,12817,95139,4.113926043943829,0.1764244467438833
2439,0.1314596923879832,1,4,1,161491,444119,12818,95138,4.1138889918114785,0.17642422815095585
2440,0.1314605549122709,1,3,1,161494,444116,12819,95137,4.113861202712216,0.1764236823902695
2441,0.13146222703394,1,6,1,161500,444110,12820,95136,4.113805624513691,0.17642411812048675
2442,0.1314671627102546,0,12,0,161512,444098,12820,95136,4.11369446811664,0.17642804422569794
2443,0.1314696467291875,0,1,0,161513,444097,12820,95136,4.113685205083552,0.17642837140901985
2444,0.1314703274059728,2,3,2,161516,444094,12822,95134,4.11365741598429,0.1764262983376234
2445,0.1314737737199047,3,11,3,161527,444083,12825,95131,4.113555522620326,0.1764253153664408
2446,0.1314738144115726,0,4,0,161531,444079,12825,95131,4.113518470487977,0.17642662413530907
2447,0.1314759784037502,0,3,0,161534,444076,12825,95131,4.113490681388714,0.17642760572470312
2448,0.1314774405588206,0,1,0,161535,444075,12825,95131,4.113481418355627,0.17642793292359507
2449,0.1314782936094666,2,6,2,161541,444069,12827,95129,4.113425840157101,0.17642684134585068
2450,0.1314802353877594,0,4,0,161545,444065,12827,95129,4.113388788024751,0.17642815016487573
2451,0.1314805514518753,7,74,7,161619,443991,12834,95122,4.112703323576272,0.17644167363799426
2452,0.1314850174122359,10,71,10,161690,443920,12844,95112,4.112045648227055,0.1764496356431529
2453,0.1314864283840772,0,1,0,161691,443919,12844,95112,4.112036385193968,0.17644996298914162
2454,0.1314910317502133,0,4,0,161695,443915,12844,95112,4.111999333061617,0.1764512723852423
2455,0.1314921743905248,0,3,0,161698,443912,12844,95112,4.111971543962355,0.1764522544450711
2456,0.1314938087283556,2,17,2,161715,443895,12846,95110,4.111814072399866,0.17645476387046502
2457,0.131504393518151,1,13,1,161728,443882,12847,95109,4.111693652969729,0.17645749186906645
2458,0.1315046005638314,3,10,3,161738,443872,12850,95106,4.111601022638853,0.1764561818849749
2459,0.1315085850210345,0,2,0,161740,443870,12850,95106,4.1115824965726775,0.176456836668052
2460,0.131508916472853,3,37,3,161777,443833,12853,95103,4.111239764348438,0.17646436682648775
2461,0.1315103568354105,0,17,0,161794,443816,12853,95103,4.11108229278595,0.1764699333294985
2462,0.1315156639741028,0,4,0,161798,443812,12853,95103,4.1110452406536,0.17647124314595067
2463,0.1315171320558403,1,8,1,161806,443804,12854,95102,4.110971136388899,0.1764723346928778
2464,0.1315205776225721,2,19,2,161825,443785,12856,95100,4.110795138760236,0.17647550033866224
2465,0.1315222717720864,5,53,5,161878,443732,12861,95095,4.110304198006595,0.17648521696203048
2466,0.1315260091356651,0,6,0,161884,443726,12861,95095,4.11024861980807,0.17648718219965442
2467,0.1315379679481331,3,26,3,161910,443700,12864,95092,4.110007780947794,0.17649111345380036
2468,0.1315399764445494,5,17,5,161927,443683,12869,95087,4.109850309385305,0.17648903985002876
2469,0.13154167175516,0,4,0,161931,443679,12869,95087,4.109813257252955,0.176490350170575
2470,0.1315467082124169,8,28,8,161959,443651,12877,95079,4.109553892326503,0.17648729419189577
2471,0.131551321929817,0,2,0,161961,443649,12877,95079,4.109535366260328,0.17648794939190093
2472,0.1315558264592782,3,0,3,161961,443649,12880,95076,4.109535366260328,0.17648336349714605
2473,0.131563272265579,2,19,2,161980,443630,12882,95074,4.109359368631665,0.17648653063649053
2474,0.1315641109529581,1,7,1,161987,443623,12883,95073,4.109294527400052,0.17648729524629847
2475,0.1315674541692629,0,4,0,161991,443619,12883,95073,4.109257475267702,0.17648860573388875
2476,0.1315685621973027,0,5,0,161996,443614,12883,95073,4.109211160102264,0.17649024387074497
2477,0.1315829105904213,1,11,1,162007,443603,12884,95072,4.109109266738301,0.1764923191163503
2478,0.1315868240136102,0,13,0,162020,443590,12884,95072,4.108988847308162,0.1764965785594677
2479,0.1315891364370975,1,4,1,162024,443586,12885,95071,4.1089517951758125,0.17649636039260605
2480,0.1315896790481755,0,2,0,162026,443584,12885,95071,4.108933269109637,0.1764970157150681
2481,0.131591824662287,0,2,0,162028,443582,12885,95071,4.108914743043462,0.1764976710423965
2482,0.131598561722843,0,1,0,162029,443581,12885,95071,4.108905480010375,0.1764979987078856
2483,0.131603976621828,0,4,0,162033,443577,12885,95071,4.108868427878025,0.17649930938200828
2484,0.1316103689867716,0,2,0,162035,443575,12885,95071,4.108849901811849,0.17649996472636945
2485,0.1316106937871609,0,3,0,162038,443572,12885,95071,4.108822112712587,0.17650094775203615
2486,0.1316122365912247,0,6,0,162044,443566,12885,95071,4.108766534514062,0.17650291383621994
2487,0.1316235976978936,0,3,0,162047,443563,12885,95071,4.108738745414799,0.17650389689473742
2488,0.1316326577069216,8,140,8,162187,443423,12893,95063,4.1074419207825414,0.17653755157979967
2489,0.1316327073767021,0,1,0,162188,443422,12893,95063,4.107432657749453,0.17653787942096807
2490,0.1316329250225323,3,22,3,162210,443400,12896,95060,4.107228871021527,0.17654050440144115
2491,0.1316348386432765,0,5,0,162215,443395,12896,95060,4.10718255585609,0.17654214372603097
2492,0.1316357012245263,0,10,0,162225,443385,12896,95060,4.107089925525214,0.1765454224665472
2493,0.1316364372726254,0,23,0,162248,443362,12896,95060,4.1068768757642005,0.17655296403193035
2494,0.1316388624269737,1,14,1,162262,443348,12897,95059,4.106747193300975,0.17655602546029306
2495,0.1316437369170509,0,10,0,162272,443338,12897,95059,4.106654562970099,0.17655930475095516
2496,0.1316463656047402,0,1,0,162273,443337,12897,95059,4.1066452999370116,0.17655963268672129
2497,0.1316474178614727,0,2,0,162275,443335,12897,95059,4.106626773870836,0.1765602885619082
2498,0.1316483876083874,2,86,2,162361,443249,12899,95057,4.105830153025306,0.17658543653609657
2499,0.131648592131435,4,10,4,162371,443239,12903,95053,4.105737522694431,0.17658259829237663
2500,0.1316622156398422,0,3,0,162374,443236,12903,95053,4.105709733595169,0.1765835824250542
2501,0.1316634584021033,3,19,3,162393,443217,12906,95050,4.105533735966505,0.17658522629104142
2502,0.1316653760375261,1,10,1,162403,443207,12907,95049,4.105441105635629,0.17658697720043995
2503,0.1316705405417079,0,1,0,162404,443206,12907,95049,4.105431842602542,0.17658730527352276
2504,0.1316746874348424,0,1,0,162405,443205,12907,95049,4.1054225795694546,0.17658763334782462
2505,0.1316764733452451,1,16,1,162421,443189,12908,95048,4.105274371040053,0.1765913528798652
2506,0.1316823909613008,1,2,1,162423,443187,12909,95047,4.105255844973878,0.17659047923393914
2507,0.1316895962355218,3,22,3,162445,443165,12912,95044,4.105052058245952,0.17659310788188232
2508,0.13170665182449,1,21,1,162466,443144,12913,95043,4.104857534551114,0.17659846856204256
2509,0.1317125674075355,0,4,0,162470,443140,12913,95043,4.104820482418763,0.17659978111534552
2510,0.1317176126300378,1,0,1,162470,443140,12914,95042,4.104820482418763,0.17659825114923947
2511,0.1317213852261529,1,11,1,162481,443129,12915,95041,4.1047185890548,0.17660033075050635
2512,0.1317248691324912,0,1,0,162482,443128,12915,95041,4.1047093260217125,0.17660065890082854
2513,0.1317288703574877,1,0,1,162482,443128,12916,95040,4.1047093260217125,0.17659912889655274
2514,0.1317461160839367,0,1,0,162483,443127,12916,95040,4.104700062988625,0.17659945704586122
2515,0.1317466968183192,1,9,1,162492,443118,12917,95039,4.104616695690837,0.17660088041222172
2516,0.1317503912505947,2,8,2,162500,443110,12919,95037,4.104542591426137,0.17660044560315305
2517,0.1317521575751991,0,4,0,162504,443106,12919,95037,4.104505539293786,0.17660175826871297
2518,0.1317570839981448,2,9,2,162513,443097,12921,95035,4.104422171995998,0.17660165163937472
2519,0.131764715210265,1,4,1,162517,443093,12922,95034,4.1043851198636485,0.17660143423392619
2520,0.1317668425672078,3,6,3,162523,443087,12925,95031,4.104329541665122,0.17659881289977292
2521,0.1317713217651018,3,26,3,162549,443061,12928,95028,4.104088702804846,0.17660275530627834
2522,0.1317826414186335,2,21,2,162570,443040,12930,95026,4.103894179110008,0.17660658729598228
2523,0.1317880194274593,1,34,1,162604,443006,12931,95025,4.103579235985031,0.1766162172811604
2524,0.1317880895186532,0,1,0,162605,443005,12931,95025,4.103569972951943,0.1766165455457874
2525,0.1317911640052769,2,10,2,162615,442995,12933,95023,4.103477342621068,0.1766167674687464
2526,0.1317914346552836,0,9,0,162624,442986,12933,95023,4.1033939753232795,0.1766197219749112
2527,0.131796327157798,2,31,2,162655,442955,12935,95021,4.103106821297565,0.176626838371972
2528,0.1317966146988909,3,38,3,162693,442917,12938,95018,4.102754826040239,0.17663472352607656
2529,0.1317985283196352,0,3,0,162696,442914,12938,95018,4.102727036940976,0.1766357086025743
2530,0.1317985290317426,2,12,2,162708,442902,12940,95016,4.102615880543925,0.17663658773270274
2531,0.1318033849910457,4,32,4,162740,442870,12944,95012,4.102319463485124,0.17664097329897635
2532,0.1318100552810988,0,2,0,162742,442868,12944,95012,4.102300937418948,0.17664163010336878
2533,0.1318114643307964,2,3,2,162745,442865,12946,95010,4.102273148319686,0.17663955379967464
2534,0.1318204704424532,2,14,2,162759,442851,12948,95008,4.10214346585646,0.17664108995108382
2535,0.1318290657138848,2,9,2,162768,442842,12950,95006,4.102060098558672,0.17664098406984874
2536,0.1318292621557808,0,9,0,162777,442833,12950,95006,4.101976731260884,0.17664393991510471
2537,0.1318337281161414,1,6,1,162783,442827,12951,95005,4.101921153062359,0.17664437965758825
2538,0.1318362759454082,10,62,10,162845,442765,12961,94995,4.10134684501093,0.17664943469205593
2539,0.1318407458486167,1,2,1,162847,442763,12962,94994,4.101328318944756,0.17664856059521308
2540,0.1318443500854522,1,11,1,162858,442752,12963,94993,4.101226425580792,0.17665064296274258
2541,0.1318491589426949,0,3,0,162861,442749,12963,94993,4.10119863648153,0.17665162847610935
2542,0.1318523498790559,0,1,0,162862,442748,12963,94993,4.101189373448442,0.17665195698300856
2543,0.1318707969785313,0,1,0,162863,442747,12963,94993,4.1011801104153545,0.17665228549112955
2544,0.1318759224933639,0,1,0,162864,442746,12963,94993,4.101170847382267,0.17665261400047236
2545,0.1318827072038107,1,11,1,162875,442735,12964,94992,4.101068954018304,0.17665469652816393
2546,0.1318864307387094,0,1,0,162876,442734,12964,94992,4.101059690985216,0.1766550250499325
2547,0.1318995802407169,1,2,1,162878,442732,12965,94991,4.1010411649190415,0.1766541509290099
2548,0.1318998458191217,0,12,0,162890,442720,12965,94991,4.10093000852199,0.1766580932880302
2549,0.1319044757212709,1,9,1,162899,442711,12966,94990,4.100846641224202,0.17665951895198262
2550,0.1319063826527022,0,50,0,162949,442661,12966,94990,4.100383489569825,0.1766759477802515
2551,0.1319091770515996,1,9,1,162958,442652,12967,94989,4.100300122272037,0.17667737393539557
2552,0.1319108264079689,0,1,0,162959,442651,12967,94989,4.1002908592389495,0.17667770255189347
2553,0.1319168910248042,0,1,0,162960,442650,12967,94989,4.100281596205861,0.1766780311696138
2554,0.1319206710980015,6,58,6,163018,442592,12973,94983,4.099744340286784,0.1766879040133935
2555,0.1319213075299828,0,5,0,163023,442587,12973,94983,4.099698025121346,0.17668954740777945
2556,0.1319275191641693,0,32,0,163055,442555,12973,94983,4.099401608062544,0.17670006585580927
2557,0.1319294654282606,6,43,6,163098,442512,12979,94977,4.099003297639779,0.17670501163744745
2558,0.1319339399565592,0,4,0,163102,442508,12979,94977,4.098966245507429,0.17670632668818664
2559,0.1319372896118091,2,9,2,163111,442499,12981,94975,4.098882878209641,0.17670622206841632
2560,0.1319380959813387,1,1,1,163112,442498,12982,94974,4.0988736151765535,0.17670501905215527
2561,0.1319404460171079,2,4,2,163116,442494,12984,94972,4.098836563044204,0.1767032705324616
2562,0.1319462584102039,3,19,3,163135,442475,12987,94969,4.09866056541554,0.17670492181511005
2563,0.1319475505261913,0,1,0,163136,442474,12987,94969,4.098651302382452,0.1767052506033198
2564,0.1319500146064964,0,1,0,163137,442473,12987,94969,4.0986420393493646,0.17670557939275308
2565,0.1319517091038179,1,45,1,163182,442428,12988,94968,4.098225202860425,0.17671884420427394
2566,0.1319523224486037,0,2,0,163184,442426,12988,94968,4.098206676794249,0.17671950189246624
2567,0.1319548536816355,2,8,2,163192,442418,12990,94966,4.098132572529549,0.17671906867342532
2568,0.1319599701791632,0,5,0,163197,442413,12990,94966,4.098086257364112,0.17672071294189018
2569,0.1319729001767636,2,14,2,163211,442399,12992,94964,4.097956574900886,0.17672225292772298
2570,0.1319813684108272,0,4,0,163215,442395,12992,94964,4.097919522768535,0.17672356841515635
2571,0.1319841601188118,2,25,2,163240,442370,12994,94962,4.097687946941346,0.17672872637401085
2572,0.1319894976106822,0,3,0,163243,442367,12994,94962,4.097660157842084,0.17672971308081267
2573,0.1319967992373807,0,2,0,163245,442365,12994,94962,4.097641631775908,0.1767303708914683
2574,0.1320048380043643,0,2,0,163247,442363,12994,94962,4.097623105709734,0.1767310287070209
2575,0.1320061178430787,2,28,2,163275,442335,12996,94960,4.097363740783282,0.17673717417805862
2576,0.1320064228727912,0,4,0,163279,442331,12996,94960,4.097326688650932,0.17673848994306623
2577,0.132008031463823,0,5,0,163284,442326,12996,94960,4.097280373485494,0.176740134676876
2578,0.1320195584252866,0,1,0,163285,442325,12996,94960,4.097271110452406,0.17674046362731138
2579,0.1320316560856152,0,2,0,163287,442323,12996,94960,4.097252584386231,0.17674112153185564
2580,0.1320329182856683,0,17,0,163304,442306,12996,94960,4.097095112823743,0.17674671391824534
2581,0.1320337605646833,0,2,0,163306,442304,12996,94960,4.097076586757568,0.1767473718693231
2582,0.1320385688580726,2,16,2,163322,442288,12998,94958,4.096928378228167,0.17674957096004437
2583,0.1320446730350082,1,3,1,163325,442285,12999,94957,4.0969005891289045,0.17674902557878944
2584,0.1320449596736646,7,16,7,163341,442269,13006,94950,4.096752380599503,0.17674356268114122
2585,0.1320461344408107,0,2,0,163343,442267,13006,94950,4.096733854533328,0.17674422067805
2586,0.1320548432017799,0,1,0,163344,442266,13006,94950,4.096724591500241,0.17674454967834166
2587,0.1320553625283955,0,4,0,163348,442262,13006,94950,4.096687539367891,0.1767458656917567
2588,0.1320610308458777,2,18,2,163366,442244,13008,94948,4.0965208047723145,0.17674872298917332
2589,0.1320623137925904,2,19,2,163385,442225,13010,94946,4.096344807143651,0.1767519095409097
2590,0.13207129176026,1,2,1,163387,442223,13011,94945,4.096326281077476,0.17675103505793346
2591,0.1320754488894883,0,1,0,163388,442222,13011,94945,4.096317018044388,0.17675136410092207
2592,0.1320765533707994,2,7,2,163395,442215,13013,94943,4.096252176812776,0.17675060224366015
2593,0.132078369778323,0,14,0,163409,442201,13013,94943,4.09612249434955,0.17675520903147016
2594,0.1320826135690964,0,7,0,163416,442194,13013,94943,4.096057653117937,0.17675751251542904
2595,0.1320844628109188,3,8,3,163424,442186,13016,94940,4.095983548853236,0.17675554711557437
2596,0.1320857581469139,1,4,1,163428,442182,13017,94939,4.095946496720886,0.1767553307355326
2597,0.132090921299435,0,3,0,163431,442179,13017,94939,4.095918707621624,0.17675631797854474
2598,0.1320912088405279,5,16,5,163447,442163,13022,94934,4.095770499092223,0.17675391968303678
2599,0.1321046494227358,0,4,0,163451,442159,13022,94934,4.095733446959873,0.17675523605781493
2600,0.1321077586319484,0,6,0,163457,442153,13022,94934,4.0956778687613475,0.1767572106567465
2601,0.1321099480865625,2,25,2,163482,442128,13024,94932,4.095446292934159,0.1767623729192269
2602,0.1321175056011891,1,3,1,163485,442125,13025,94931,4.095418503834896,0.17676182744443783
2603,0.1321205404714493,0,11,0,163496,442114,13025,94931,4.095316610470933,0.1767654479605992
2604,0.1321236598555218,0,6,0,163502,442108,13025,94931,4.095261032272408,0.17676742285010957
2605,0.1321367632015928,4,44,4,163546,442064,13029,94927,4.094853458816555,0.17677577464054334
2606,0.1321388616333634,0,1,0,163547,442063,13029,94927,4.094844195783467,0.1767761038380603
2607,0.1321612122480057,4,40,4,163587,442023,13033,94923,4.094473674459965,0.17678314020404287
2608,0.1321614202554494,0,3,0,163590,442020,13033,94923,4.094445885360702,0.17678412792419307
2609,0.1321643568258233,2,8,2,163598,442012,13035,94921,4.094371781096002,0.17678369554488177
2610,0.1321665004474371,1,14,1,163612,441998,13036,94920,4.094242098632776,0.17678677190930459
2611,0.1321776719490238,0,7,0,163619,441991,13036,94920,4.094177257401164,0.17678907677436298
2612,0.1321792254421245,0,5,0,163624,441986,13036,94920,4.094130942235726,0.17679072314334351
2613,0.1321847160764791,0,3,0,163627,441983,13036,94920,4.094103153136463,0.17679171097945068
2614,0.1321919042278421,0,1,0,163628,441982,13036,94920,4.094093890103376,0.17679204026060621
2615,0.1321928739747569,0,16,0,163644,441966,13036,94920,4.093945681573975,0.17679730892591725
2616,0.1321936632629996,1,14,1,163658,441952,13037,94919,4.093815999110749,0.17680038594001166
2617,0.1322021110123916,5,45,5,163703,441907,13042,94914,4.093399162621809,0.17680753919835476
2618,0.132202797744984,10,32,10,163735,441875,13052,94904,4.093102745563007,0.17680274377350827
2619,0.1322038545636041,2,4,2,163739,441871,13054,94902,4.093065693430657,0.1768009940887489
2620,0.1322128835322132,1,1,1,163740,441870,13055,94901,4.093056430397569,0.17679978985451897
2621,0.132214335685618,0,4,0,163744,441866,13055,94901,4.093019378265219,0.17680110737060958
2622,0.1322188371586482,1,1,1,163745,441865,13056,94900,4.093010115232132,0.17679990312334076
2623,0.1322196256173416,0,2,0,163747,441863,13056,94900,4.0929915891659565,0.17680056188671722
2624,0.132222585274382,0,2,0,163749,441861,13056,94900,4.092973063099781,0.17680122065500287
2625,0.1322239995318809,2,0,2,163749,441861,13058,94898,4.092973063099781,0.1767981533611919
2626,0.1322260100730087,0,2,0,163751,441859,13058,94898,4.092954537033607,0.17679881212541243
2627,0.1322312952334805,0,3,0,163754,441856,13058,94898,4.092926747934343,0.17679980028094808
2628,0.132246303245455,0,10,0,163764,441846,13058,94898,4.092834117603468,0.176803094212511
2629,0.1322474986510765,1,1,1,163765,441845,13059,94897,4.092824854570381,0.17680188992104215
2630,0.1322494478232725,0,5,0,163770,441840,13059,94897,4.092778539404943,0.1768035369277691
2631,0.1322550933566077,0,1,0,163771,441839,13059,94897,4.092769276371855,0.17680386633279677
2632,0.1322698314192875,0,4,0,163775,441835,13059,94897,4.092732224239505,0.17680518396518188
2633,0.1322757385845027,0,7,0,163782,441828,13059,94897,4.092667383007892,0.1768074898691136
2634,0.1322787542604488,1,2,1,163784,441826,13060,94896,4.092648856941717,0.1768066149701335
2635,0.1322902416815058,6,48,6,163832,441778,13066,94890,4.092204231353515,0.176813225308757
2636,0.1322918576065198,0,9,0,163841,441769,13066,94890,4.092120864055726,0.17681619054185246
2637,0.132298725310402,0,2,0,163843,441767,13066,94890,4.092102337989552,0.1768168494960468
2638,0.1322994510284264,1,7,1,163850,441760,13067,94889,4.092037496757938,0.17681762194656098
2639,0.1323007119847158,1,18,1,163868,441742,13068,94888,4.091870762162363,0.17682201889570096
2640,0.132302551309722,0,7,0,163875,441735,13068,94888,4.091805920930749,0.17682432545753723
2641,0.1323080815815045,0,1,0,163876,441734,13068,94888,4.091796657897662,0.17682465497128333
2642,0.132309542987307,1,4,1,163880,441730,13069,94887,4.091759605765311,0.17682443903193526
2643,0.1323141525669236,0,2,0,163882,441728,13069,94887,4.091741079699137,0.1768250980684476
2644,0.1323194512307503,2,18,2,163900,441710,13071,94885,4.09157434510356,0.176827961497964
2645,0.1323210887790613,2,19,2,163919,441691,13073,94883,4.091398347474898,0.17683115469627675
2646,0.1323267887203185,0,2,0,163921,441689,13073,94883,4.091379821408722,0.17683181381063492
2647,0.132331630009606,0,1,0,163922,441688,13073,94883,4.091370558375634,0.17683214336965658
2648,0.1323331629997096,0,6,0,163928,441682,13073,94883,4.091314980177109,0.176834120749583
2649,0.1323350255984721,0,2,0,163930,441680,13073,94883,4.0912964541109345,0.17683477988605253
2650,0.13234117649544,1,0,1,163930,441680,13074,94882,4.0912964541109345,0.1768332457386099
2651,0.1323478713574151,0,5,0,163935,441675,13074,94882,4.0912501389454965,0.1768348935900566
2652,0.1323497513070774,2,13,2,163948,441662,13076,94880,4.091129719515358,0.17683610975468836
2653,0.1323558945380381,1,5,1,163953,441657,13077,94879,4.09108340434992,0.17683622347801453
2654,0.1323751294776235,3,11,3,163964,441646,13080,94876,4.090981510985957,0.17683524627135513
2655,0.1323804233457014,1,23,1,163987,441623,13081,94875,4.090768461224943,0.17684129297779302
2656,0.1323863896384075,1,0,1,163987,441623,13082,94874,4.090768461224943,0.17683975865661877
2657,0.1323949849098391,1,1,1,163988,441622,13083,94873,4.090759198191856,0.17683855394738068
2658,0.1323952984080749,0,4,0,163992,441618,13083,94873,4.090722146059505,0.1768398724302924
2659,0.1323990848609587,1,6,1,163998,441612,13084,94872,4.09066656786098,0.17684031583420942
2660,0.1324045422281995,1,0,1,163998,441612,13085,94871,4.09066656786098,0.1768387814711743
2661,0.1324097415497832,1,0,1,163998,441612,13086,94870,4.09066656786098,0.1768372471024191
2662,0.1324117645842788,0,19,0,164017,441593,13086,94870,4.090490570232316,0.17684351017684352
2663,0.1324161111880829,0,27,0,164044,441566,13086,94870,4.090240468338953,0.17685241109843486
2664,0.1324248288019457,0,3,0,164047,441563,13086,94870,4.0902126792396905,0.1768534001450321
2665,0.1324307359671609,0,2,0,164049,441561,13086,94870,4.090194153173515,0.1768540595155761
2666,0.132439283375308,1,2,1,164051,441559,13087,94869,4.09017562710734,0.1768531843975333
2667,0.1324445082073554,0,41,0,164092,441518,13087,94869,4.089795842750751,0.176866702586006
2668,0.1324483041767902,0,4,0,164096,441514,13087,94869,4.0897587906184,0.17686802154430695
2669,0.1324544484110846,0,2,0,164098,441512,13087,94869,4.089740264552225,0.17686868103083442
2670,0.1324558063896428,0,6,0,164104,441506,13087,94869,4.089684686353699,0.17687065951992542
2671,0.1324589509674603,0,3,0,164107,441503,13087,94869,4.089656897254437,0.17687164878106987
2672,0.1324624976048337,12,64,12,164171,441439,13099,94857,4.089064063136833,0.17687433805212047
2673,0.1324633746826717,1,1,1,164172,441438,13100,94856,4.089054800103746,0.17687313302032096
2674,0.1324692511753548,0,1,0,164173,441437,13100,94856,4.089045537070659,0.1768734628272232
2675,0.1324777442321143,0,2,0,164175,441435,13100,94856,4.089027011004483,0.1768741224447175
2676,0.1324804137508833,0,22,0,164197,441413,13100,94856,4.088823224276557,0.17688137856187847
2677,0.1324807551917841,0,1,0,164198,441412,13100,94856,4.08881396124347,0.17688170839953157
2678,0.1324849323834773,0,1,0,164199,441411,13100,94856,4.088804698210382,0.1768820382384148
2679,0.1324882574046366,0,2,0,164201,441409,13100,94856,4.088786172144207,0.1768826979198717
2680,0.1324891903908277,0,4,0,164205,441405,13100,94856,4.088749120011856,0.17688401729754727
2681,0.1325116221527188,0,3,0,164208,441402,13100,94856,4.088721330912594,0.17688500684372074
2682,0.1325120544539098,2,2,2,164210,441400,13102,94854,4.088702804846419,0.17688259667993153
2683,0.1325161638912944,0,1,0,164211,441399,13102,94854,4.088693541813331,0.17688292652908236
2684,0.1325210976878614,0,6,0,164217,441393,13102,94854,4.088637963614806,0.17688490564982182
2685,0.1325248058673977,2,21,2,164238,441372,13104,94852,4.088443439919968,0.1768887629050546
2686,0.132532967548943,4,23,4,164261,441349,13108,94848,4.088230390158953,0.176890210127994
2687,0.132535161353167,0,1,0,164262,441348,13108,94848,4.088221127125866,0.17689054002640825
2688,0.1325354853873576,9,48,9,164310,441300,13117,94839,4.087776501537664,0.17689255957876596
2689,0.1325372846715475,20,58,20,164368,441242,13137,94819,4.087239245618585,0.17688098929039792
2690,0.1325409073236522,0,1,0,164369,441241,13137,94819,4.087229982585498,0.17688131925530723
2691,0.1325416082085358,0,1,0,164370,441240,13137,94819,4.08722071955241,0.17688164922144764
2692,0.1325440731677126,0,1,0,164371,441239,13137,94819,4.087211456519323,0.17688197918881912
2693,0.1325480859544397,2,15,2,164386,441224,13139,94817,4.08707251102301,0.1768838577646113
2694,0.1325484900254801,1,0,1,164386,441224,13140,94816,4.08707251102301,0.17688232221476008
2695,0.1325500793147661,0,1,0,164387,441223,13140,94816,4.087063247989922,0.1768826521950828
2696,0.1325502996146893,8,26,8,164413,441197,13148,94808,4.0868224091296455,0.1768789470247479
2697,0.1325508217162972,0,2,0,164415,441195,13148,94808,4.08680388306347,0.1768796070171249
2698,0.1325628595749227,2,27,2,164442,441168,13150,94806,4.086553781170107,0.17688544593581032
2699,0.1325676675018341,0,1,0,164443,441167,13150,94806,4.086544518137019,0.17688577596259514
2700,0.1325721515150163,4,61,4,164504,441106,13154,94802,4.085979473118678,0.17689976637781113
2701,0.1325736715693046,12,57,12,164561,441049,13166,94790,4.085451480232687,0.17690015097818562
2702,0.1325831228078217,1,9,1,164570,441040,13167,94789,4.0853681129348995,0.17690158614035448
2703,0.1325868190059019,1,2,1,164572,441038,13168,94788,4.085349586868724,0.176900710305211
2704,0.1325897729785824,0,15,0,164587,441023,13168,94788,4.085210641372411,0.17690566263103968
2705,0.132597312671212,1,3,1,164590,441020,13169,94787,4.085182852273149,0.17690511695442576
2706,0.1325981410006753,0,15,0,164605,441005,13169,94787,4.085043906776835,0.17691006957923971
2707,0.1326006450697713,0,8,0,164613,440997,13169,94787,4.084969802512134,0.17691271109252982
2708,0.1326034354923901,1,3,1,164616,440994,13170,94786,4.0849420134128716,0.17691216544103924
2709,0.1326044880540269,0,3,0,164619,440991,13170,94786,4.084914224313609,0.17691315603320037
2710,0.1326065431595348,0,3,0,164622,440988,13170,94786,4.084886435214346,0.1769141466364549
2711,0.1326119938531488,0,6,0,164628,440982,13170,94786,4.084830857015821,0.17691612787624494
2712,0.1326250827998813,1,1,1,164629,440981,13171,94785,4.084821593982734,0.176914921812881
2713,0.1326354111335415,1,9,1,164638,440972,13172,94784,4.084738226684946,0.1769163574463002
2714,0.1326366493783437,0,1,0,164639,440971,13172,94784,4.084728963651858,0.1769166876650708
2715,0.1326407119314351,0,1,0,164640,440970,13172,94784,4.084719700618771,0.1769170178850741
2716,0.1326444448681427,0,2,0,164642,440968,13172,94784,4.084701174552595,0.176917678328779
2717,0.1326469133932836,2,1,2,164643,440967,13174,94782,4.084691911519508,0.1769149359121529
2718,0.1326544857068591,0,11,0,164654,440956,13174,94782,4.084590018155545,0.1769185684047053
2719,0.1326632128215606,1,6,1,164660,440950,13175,94781,4.08453443995702,0.17691901346011338
2720,0.1326688734063553,17,103,17,164763,440847,13192,94764,4.083580347549002,0.17692691150853884
2721,0.1326695908914514,0,6,0,164769,440841,13192,94764,4.083524769350476,0.17692889349427282
2722,0.1326698611354634,0,1,0,164770,440840,13192,94764,4.083515506317388,0.1769292238295457
2723,0.1326716736603163,0,8,0,164778,440832,13192,94764,4.083441402052689,0.1769318665561356
2724,0.1326749962275334,1,2,1,164780,440830,13193,94763,4.083422875986513,0.1769309905095847
2725,0.132688021843935,0,3,0,164783,440827,13193,94763,4.083395086887251,0.17693198155305365
2726,0.1326884955437564,1,14,1,164797,440813,13194,94762,4.083265404424025,0.17693506978481072
2727,0.1326885476183379,0,2,0,164799,440811,13194,94762,4.0832468783578495,0.1769357305166616
2728,0.1326984620109829,0,1,0,164800,440810,13194,94762,4.083237615324762,0.17693606088443758
2729,0.1326987118460767,0,19,0,164819,440791,13194,94762,4.0830616176960985,0.17694233810659263
2730,0.1327004770925662,1,0,1,164819,440791,13195,94761,4.0830616176960985,0.1769408012667304
2731,0.1327014313606861,0,5,0,164824,440786,13195,94761,4.083015302530661,0.17694245323006197
2732,0.1327034874081383,0,1,0,164825,440785,13195,94761,4.083006039497573,0.17694278362642984
2733,0.1327041246753102,1,11,1,164836,440774,13196,94760,4.08290414613361,0.17694488118401447
2734,0.132708210113487,1,5,1,164841,440769,13197,94759,4.082857830968172,0.17694499634006064
2735,0.1327178569575809,1,7,1,164848,440762,13198,94758,4.082792989736559,0.17694577233343292
2736,0.1327287206341613,2,1,2,164849,440761,13200,94756,4.082783726703472,0.17694302888610447
2737,0.1327313945717605,2,11,2,164860,440750,13202,94754,4.0826818333395085,0.1769435895903672
2738,0.1327374132732681,0,2,0,164862,440748,13202,94754,4.082663307273333,0.17694425044164167
2739,0.1327483281643691,2,14,2,164876,440734,13204,94752,4.082533624810107,0.17694580250464065
2740,0.1327483409299736,0,1,0,164877,440733,13204,94752,4.08252436177702,0.17694613294490041
2741,0.132759582458954,1,1,1,164878,440732,13205,94751,4.082515098743933,0.1769449263562055
2742,0.1327608324018741,0,1,0,164879,440731,13205,94751,4.082505835710845,0.17694525679668038
2743,0.1327700373973413,0,1,0,164880,440730,13205,94751,4.082496572677758,0.1769455872383894
2744,0.1327719505927999,0,1,0,164881,440729,13205,94751,4.08248730964467,0.17694591768133264
2745,0.1327895038067946,2,27,2,164908,440702,13207,94749,4.082237207751306,0.17695176589454498
2746,0.1327905479180157,0,3,0,164911,440699,13207,94749,4.0822094186520435,0.17695275731723714
2747,0.1327943550001217,0,4,0,164915,440695,13207,94749,4.082172366519694,0.17695407923144157
2748,0.1327944677341472,2,19,2,164934,440676,13209,94747,4.08199636889103,0.17695728424068446
2749,0.1327978225637235,8,65,8,164999,440611,13217,94739,4.081394271740339,0.17696647053329598
2750,0.1328124900546091,0,1,0,165000,440610,13217,94739,4.081385008707251,0.1769668010961074
2751,0.1328214969973367,1,8,1,165008,440602,13218,94738,4.08131090444255,0.17696790824522735
2752,0.1328238120493825,5,59,5,165067,440543,13223,94733,4.080764385490385,0.17697972634678186
2753,0.1328299126430609,0,1,0,165068,440542,13223,94733,4.0807551224572975,0.17698005698005698
2754,0.1328345859440692,2,2,2,165070,440540,13225,94731,4.080736596391122,0.1769776431004108
2755,0.132835363336675,2,15,2,165085,440525,13227,94729,4.080597650894809,0.17697952747667461
2756,0.132836371430729,0,7,0,165092,440518,13227,94729,4.080532809663196,0.17698184202807302
2757,0.1328415981324846,9,23,9,165115,440495,13236,94720,4.080319759902182,0.17697560793326048
2758,0.1328446734564032,0,1,0,165116,440494,13236,94720,4.080310496869095,0.176975938596524
2759,0.1328475302127824,0,1,0,165117,440493,13236,94720,4.080301233836007,0.1769762692610232
2760,0.1328525679478739,0,2,0,165119,440491,13236,94720,4.0802827077698325,0.17697693059372846
2761,0.1328539480123305,1,6,1,165125,440485,13237,94719,4.080227129571306,0.17697737685069617
2762,0.1328549179836431,0,1,0,165126,440484,13237,94719,4.080217866538219,0.17697770752406097
2763,0.1328565257656132,0,9,0,165135,440475,13237,94719,4.080134499240431,0.17698068363995112
2764,0.132862108653159,2,11,2,165146,440464,13239,94717,4.080032605876468,0.1769812455972839
2765,0.1328678143516688,0,1,0,165147,440463,13239,94717,4.080023342843381,0.17698157629208863
2766,0.1328678879879413,0,16,0,165163,440447,13239,94717,4.07987513431398,0.1769868675770418
2767,0.1328742830328326,0,9,0,165172,440438,13239,94717,4.079791767016192,0.17698984406386933
2768,0.1328909032624783,2,32,2,165204,440406,13241,94715,4.07949534995739,0.17699735200076244
2769,0.1328979986879442,3,23,3,165227,440383,13244,94712,4.079282300196376,0.1770003457330007
2770,0.1328988196800378,0,1,0,165228,440382,13244,94712,4.079273037163289,0.1770006765166494
2771,0.1329006657539312,5,36,5,165264,440346,13249,94707,4.078939567972137,0.1770048948421932
2772,0.1329033255470273,0,3,0,165267,440343,13249,94707,4.078911778872874,0.17700588730025232
2773,0.1329202440706684,0,4,0,165271,440339,13249,94707,4.078874726740524,0.17700721059497687
2774,0.1329320113912594,0,10,0,165281,440329,13249,94707,4.078782096409649,0.17701051891835315
2775,0.1329356493490879,0,3,0,165284,440326,13249,94707,4.078754307310386,0.1770115114394813
2776,0.1329371441014804,0,4,0,165288,440322,13249,94707,4.078717255178035,0.17701283481829957
2777,0.1329469713438613,1,7,1,165295,440315,13250,94706,4.078652413946423,0.17701361254978776
2778,0.1329530033307497,1,38,1,165333,440277,13251,94705,4.078300418689095,0.1770246475582356
2779,0.1329532822851565,0,1,0,165334,440276,13251,94705,4.078291155656008,0.17702497845717885
2780,0.132966122847929,0,1,0,165335,440275,13251,94705,4.07828189262292,0.17702530935735916
2781,0.1329782797147717,0,4,0,165339,440271,13251,94705,4.07824484049057,0.17702663297045101
2782,0.1329797359800812,0,5,0,165344,440266,13251,94705,4.078198525325132,0.17702828751465033
2783,0.1329814537369877,0,1,0,165345,440265,13251,94705,4.078189262292045,0.17702861842720152
2784,0.1329936023194196,2,7,2,165352,440258,13253,94703,4.078124421060432,0.17702785810554414
2785,0.1329967132405207,0,2,0,165354,440256,13253,94703,4.078105894994257,0.17702851994264981
2786,0.1330248430202998,0,1,0,165355,440255,13253,94703,4.078096631961169,0.17702885086305842
2787,0.1330249001172527,0,1,0,165356,440254,13253,94703,4.078087368928082,0.1770291817847042
2788,0.1330330531898082,0,1,0,165357,440253,13253,94703,4.078078105894995,0.17702951270758716
2789,0.1330358807061,0,4,0,165361,440249,13253,94703,4.078041053762644,0.17703083641149112
2790,0.1330434033651472,0,8,0,165369,440241,13253,94703,4.077966949497943,0.17703348387868637
2791,0.1330448664808628,1,16,1,165385,440225,13254,94702,4.077818740968543,0.17703724059544573
2792,0.1330620424794362,0,21,0,165406,440204,13254,94702,4.077624217273704,0.1770441909419599
2793,0.1330627608932486,5,43,5,165449,440161,13259,94697,4.0772259068509396,0.17705073122211876
2794,0.1330707249938034,0,7,0,165456,440154,13259,94697,4.077161065619326,0.17705304841909242
2795,0.1330773174958566,0,8,0,165464,440146,13259,94697,4.077086961354626,0.17705569671847626
2796,0.1330819716521317,1,5,1,165469,440141,13260,94696,4.077040646189189,0.17705581326647185
2797,0.1330892821424078,0,1,0,165470,440140,13260,94696,4.0770313831561005,0.177056144313397
2798,0.1330905531899057,0,2,0,165472,440138,13260,94696,4.077012857089925,0.17705680641096117
2799,0.1330911522684907,0,1,0,165473,440137,13260,94696,4.077003594056838,0.17705713746160015
2800,0.1331032830482065,0,1,0,165474,440136,13260,94696,4.076994331023751,0.17705746851347712
2801,0.1331073564962939,5,18,5,165492,440118,13265,94691,4.076827596428174,0.17705573391622056
2802,0.1331080007134079,0,18,0,165510,440100,13265,94691,4.076660861832599,0.17706169325960983
2803,0.133112988961419,0,15,0,165525,440085,13265,94691,4.076521916336286,0.17706665968555058
2804,0.133137049534224,0,1,0,165526,440084,13265,94691,4.0765126533031975,0.17706699079051938
2805,0.1331396927197323,0,1,0,165527,440083,13265,94691,4.07650339027011,0.17706732189672647
2806,0.1331440694291895,8,32,8,165559,440051,13273,94683,4.076206973211308,0.1770656064510579
2807,0.1331457490722312,0,1,0,165560,440050,13273,94683,4.076197710178221,0.1770659375800633
2808,0.1331476693564899,0,5,0,165565,440045,13273,94683,4.076151395012783,0.1770675932436678
2809,0.1331505759555015,1,5,1,165570,440040,13274,94682,4.076105079847345,0.17706770995021712
2810,0.1331567944238768,0,7,0,165577,440033,13274,94682,4.076040238615732,0.17707002795881918
2811,0.1331736588421489,0,10,0,165587,440023,13274,94682,4.0759476082848565,0.17707333950496068
2812,0.1331747461816764,3,48,3,165635,439975,13277,94679,4.075502982696654,0.1770846192116771
2813,0.1331748437833498,0,1,0,165636,439974,13277,94679,4.075493719663567,0.17708495042579017
2814,0.1331769230135873,0,1,0,165637,439973,13277,94679,4.075484456630479,0.1770852816411423
2815,0.133179897499911,0,1,0,165638,439972,13277,94679,4.075475193597391,0.17708561285773336
2816,0.133191444925251,0,2,0,165640,439970,13277,94679,4.075456667531216,0.17708627529463256
2817,0.1331917938966362,0,4,0,165644,439966,13277,94679,4.075419615398866,0.1770876001832992
2818,0.1332031054636074,0,8,0,165652,439958,13277,94679,4.075345511134166,0.1770902500201071
2819,0.1332057128862003,3,41,3,165693,439917,13280,94676,4.074965726777576,0.1770992137944193
2820,0.1332059103902815,0,1,0,165694,439916,13280,94676,4.074956463744488,0.17709954507362624
2821,0.1332119554459253,0,1,0,165695,439915,13280,94676,4.074947200711401,0.17709987635407257
2822,0.1332164118772459,1,4,1,165699,439911,13281,94675,4.07491014857905,0.17709966216848178
2823,0.133219936783371,1,30,1,165729,439881,13282,94674,4.0746322575864244,0.17710806184583439
2824,0.1332240149538422,0,2,0,165731,439879,13282,94674,4.074613731520249,0.1771087244856918
2825,0.1332260999815862,3,14,3,165745,439865,13285,94671,4.074484049057023,0.17710874478051994
2826,0.1332305157907727,0,28,0,165773,439837,13285,94671,4.074224684130572,0.1771180225553219
2827,0.1332371214055521,0,1,0,165774,439836,13285,94671,4.074215421097485,0.17711835392239952
2828,0.1332523877983648,0,10,0,165784,439826,13285,94671,4.074122790766609,0.17712166766137136
2829,0.1332580009238079,0,1,0,165785,439825,13285,94671,4.074113527733521,0.17712199904208825
2830,0.1332678106632581,24,90,24,165875,439735,13309,94647,4.073279854755641,0.17711487288119734
2831,0.1332729705001769,0,2,0,165877,439733,13309,94647,4.073261328689466,0.1771155357610689
2832,0.133290395473832,0,1,0,165878,439732,13309,94647,4.073252065656378,0.17711586720286537
2833,0.1333005341494272,8,43,8,165921,439689,13317,94639,4.072853755233614,0.17711780030243596
2834,0.1333097703746101,0,2,0,165923,439687,13317,94639,4.072835229167438,0.17711846326025685
2835,0.133314953191115,0,7,0,165930,439680,13317,94639,4.072770387935826,0.1771207836517137
2836,0.1333150202544018,0,1,0,165931,439679,13317,94639,4.072761124902738,0.17712111514117063
2837,0.133315834860962,0,1,0,165932,439678,13317,94639,4.0727518618696505,0.17712144663186835
2838,0.1333182875218513,0,1,0,165933,439677,13317,94639,4.072742598836563,0.1771217781238069
2839,0.1333215089583864,0,1,0,165934,439676,13317,94639,4.072733335803475,0.17712210961698624
2840,0.1333216280523854,0,2,0,165936,439674,13317,94639,4.072714809737301,0.17712277260706738
2841,0.1333358268947803,0,5,0,165941,439669,13317,94639,4.072668494571863,0.17712443010398496
2842,0.1333386600101262,3,42,3,165983,439627,13320,94636,4.0722794471821855,0.177133733760339
2843,0.1333406270033196,0,2,0,165985,439625,13320,94636,4.07226092111601,0.1771343968584643
2844,0.1333496678185016,1,2,1,165987,439623,13321,94635,4.072242395049835,0.1771335197601159
2845,0.1333533531808861,0,1,0,165988,439622,13321,94635,4.0722331320167475,0.1771338513112603
2846,0.1333587723242406,1,9,1,165997,439613,13322,94634,4.07214976471896,0.17713529509758594
2847,0.1333619562089753,0,3,0,166000,439610,13322,94634,4.072121975619697,0.17713628978519178
2848,0.1333714092599041,0,2,0,166002,439608,13322,94634,4.072103449553522,0.17713695291646855
2849,0.1333781757661156,0,8,0,166010,439600,13322,94634,4.072029345288821,0.1771396054912267
2850,0.1333794163903892,0,3,0,166013,439597,13322,94634,4.072001556189559,0.1771406002272425
2851,0.1333816508179812,0,18,0,166031,439579,13322,94634,4.071834821593983,0.17714656887795693
2852,0.1333836264597296,3,24,3,166055,439555,13325,94631,4.071612508799881,0.1771499065868443
2853,0.1333861219563901,0,5,0,166060,439550,13325,94631,4.071566193634443,0.17715156473180438
2854,0.1333926342152423,0,2,0,166062,439548,13325,94631,4.071547667568269,0.1771522279984799
2855,0.1333948857174185,0,7,0,166069,439541,13325,94631,4.071482826336656,0.1771545494709569
2856,0.1334007252789034,0,2,0,166071,439539,13325,94631,4.07146430027048,0.17715521275998278
2857,0.1334028368669516,0,3,0,166074,439536,13325,94631,4.071436511171218,0.1771562077028345
2858,0.1334111976451155,0,2,0,166076,439534,13325,94631,4.071417985105043,0.1771568710042777
2859,0.1334160774747234,0,6,0,166082,439528,13325,94631,4.071362406906517,0.1771588609384097
2860,0.1334198672082848,1,1,1,166083,439527,13326,94630,4.07135314387343,0.17715765215095935
2861,0.1334199842226509,0,3,0,166086,439524,13326,94630,4.071325354774167,0.17715864713172605
2862,0.1334433060464072,0,1,0,166087,439523,13326,94630,4.07131609174108,0.17715897879446527
2863,0.1334571748440659,3,57,3,166144,439466,13329,94627,4.070788098855089,0.17717326383232881
2864,0.1334722860140467,1,10,1,166154,439456,13330,94626,4.070695468524214,0.1771750405368464
2865,0.1334811109557132,1,4,1,166158,439452,13331,94625,4.070658416391863,0.1771748268508099
2866,0.1334819422769895,1,10,1,166168,439442,13332,94624,4.070565786060988,0.17717660364074853
2867,0.1334974896971191,0,1,0,166169,439441,13332,94624,4.0705565230279,0.17717693539175944
2868,0.1334984650746391,3,22,3,166191,439419,13335,94621,4.070352736299974,0.17717961201408133
2869,0.1335004566765494,0,6,0,166197,439413,13335,94621,4.070297158101448,0.17718160266949295
2870,0.1335023572412424,0,2,0,166199,439411,13335,94621,4.070278632035274,0.1771822662312371
2871,0.1335053999474769,0,8,0,166207,439403,13335,94621,4.070204527770573,0.17718492052791635
2872,0.1335065974069504,0,1,0,166208,439402,13335,94621,4.070195264737485,0.17718525232059293
2873,0.1335084702859664,0,3,0,166211,439399,13335,94621,4.070167475638223,0.17718624770607844
2874,0.1335102767550351,1,10,1,166221,439389,13336,94620,4.070074845307348,0.1771880249209283
2875,0.1335109133159719,1,14,1,166235,439375,13337,94619,4.069945162844122,0.1771911294883463
2876,0.133514530925008,0,3,0,166238,439372,13337,94619,4.069917373744859,0.17719212496090758
2877,0.1335208577708111,0,2,0,166240,439370,13337,94619,4.069898847678684,0.1771927886154958
2878,0.1335243467798786,0,2,0,166242,439368,13337,94619,4.069880321612509,0.1771934522750554
2879,0.1335266059087837,0,4,0,166246,439364,13337,94619,4.069843269480159,0.17719477960908867
2880,0.1335418654424742,0,13,0,166259,439351,13337,94619,4.06972285005002,0.17719909358203645
2881,0.1335445314410185,0,3,0,166262,439348,13337,94619,4.069695060950758,0.1772000891440857
2882,0.1335469097234418,2,5,2,166267,439343,13339,94617,4.06964874578532,0.17719866656678404
2883,0.1335469819400019,0,2,0,166269,439341,13339,94617,4.069630219719145,0.1771993302844044
2884,0.1335498831000768,0,3,0,166272,439338,13339,94617,4.069602430619883,0.1772003258701576
2885,0.133556358121986,3,5,3,166277,439333,13342,94614,4.069556115454445,0.1771973622850208
2886,0.1335711718796505,0,1,0,166278,439332,13342,94614,4.0695468524213565,0.1771976941488465
2887,0.1335725284258925,1,8,1,166286,439324,13343,94613,4.069472748156657,0.17719880809908284
2888,0.1335877595237536,17,50,17,166336,439274,13360,94596,4.069009596502279,0.17718920336411487
2889,0.1335878377045289,0,4,0,166340,439270,13360,94596,4.068972544369928,0.1771905309572065
2890,0.1335879831598687,4,16,4,166356,439254,13364,94592,4.068824335840528,0.17718967642353786
2891,0.1335931296039174,2,25,2,166381,439229,13366,94590,4.068592760013339,0.17719489190156215
2892,0.1335969755923161,0,1,0,166382,439228,13366,94590,4.068583496980251,0.1771952238403351
2893,0.133597406692739,1,14,1,166396,439214,13367,94589,4.068453814517025,0.17719832972088953
2894,0.1335978853120416,0,7,0,166403,439207,13367,94589,4.068388973285413,0.17720065343314675
2895,0.1336056740330443,5,35,5,166438,439172,13372,94584,4.068064767127348,0.17720456538193483
2896,0.133607339968729,0,1,0,166439,439171,13372,94584,4.068055504094261,0.1772048973780105
2897,0.133614329711242,3,5,3,166444,439166,13375,94581,4.068009188928823,0.17720193275091006
2898,0.1336255806189113,0,11,0,166455,439155,13375,94581,4.06790729556486,0.17720558478348847
2899,0.1336346545500406,5,53,5,166508,439102,13380,94576,4.067416354811219,0.17721547449960462
2900,0.1336389490270327,2,31,2,166539,439071,13382,94574,4.067129200785505,0.17722268549316494
2901,0.1336405875362655,1,0,1,166539,439071,13383,94573,4.067129200785505,0.17722114368380418
2902,0.1336426959741368,2,7,2,166546,439064,13385,94571,4.067064359553893,0.17722038471989282
2903,0.1336470622800405,0,1,0,166547,439063,13385,94571,4.0670550965208045,0.17722071682089222
2904,0.13364720118245,1,0,1,166547,439063,13386,94570,4.0670550965208045,0.17721917497606032
2905,0.1336536145858592,0,3,0,166550,439060,13386,94570,4.067027307421542,0.17722017127972564
2906,0.1336542377016361,1,10,1,166560,439050,13387,94569,4.066934677090667,0.17722195049276732
2907,0.1336556736500453,2,12,2,166572,439038,13389,94567,4.066823520693616,0.17722285210970662
2908,0.1336579416551914,0,2,0,166574,439036,13389,94567,4.066804994627441,0.1772235163595407
2909,0.1336593984396722,12,22,12,166596,439014,13401,94555,4.066601207899515,0.1772123193064065
2910,0.133664146352908,0,6,0,166602,439008,13401,94555,4.06654562970099,0.1772143120868576
2911,0.1336676907354973,0,1,0,166603,439007,13401,94555,4.0665363666679015,0.17721464422129013
2912,0.1336696253299351,0,3,0,166606,439004,13401,94555,4.066508577568639,0.17721564063205755
2913,0.1336704412093528,1,0,1,166606,439004,13402,94554,4.066508577568639,0.1772140985609812
2914,0.1336782206013666,0,1,0,166607,439003,13402,94554,4.066499314535552,0.17721443069812598
2915,0.1336840784341263,0,5,0,166612,438998,13402,94554,4.066452999370114,0.17721609140252498
2916,0.1336848907900504,1,15,1,166627,438983,13403,94553,4.066314053873801,0.17721953157800036
2917,0.1336885068028926,0,1,0,166628,438982,13403,94553,4.066304790840713,0.17721986373902368
2918,0.1336955656722477,0,2,0,166630,438980,13403,94553,4.066286264774538,0.17722052806480573
2919,0.1336969598474012,0,2,0,166632,438978,13403,94553,4.066267738708363,0.17722119239556838
2920,0.1337106716163605,0,2,0,166634,438976,13403,94553,4.066249212642187,0.1772218567313117
2921,0.1337130171394692,5,23,5,166657,438953,13408,94548,4.066036162881174,0.17722178590105736
2922,0.1337139185032077,1,24,1,166681,438929,13409,94547,4.065813850087072,0.17722821645209907
2923,0.1337212257235266,1,6,1,166687,438923,13410,94546,4.065758271888547,0.17722866745771546
2924,0.1337216170274465,0,1,0,166688,438922,13410,94546,4.06574900885546,0.1772289996775814
2925,0.1337253157016248,0,1,0,166689,438921,13410,94546,4.0657397458223725,0.1772293318986929
2926,0.1337311591135627,0,1,0,166690,438920,13410,94546,4.065730482789284,0.1772296641210499
2927,0.133731643866644,1,11,1,166701,438909,13411,94545,4.065628589425321,0.1772317763106097
2928,0.1337334321037221,0,6,0,166707,438903,13411,94545,4.065573011226796,0.177233769739506
2929,0.1337372261970518,1,2,1,166709,438901,13412,94544,4.065554485160621,0.17723289186326613
2930,0.1337373941891559,0,1,0,166710,438900,13412,94544,4.065545222127533,0.177233224105998
2931,0.1337380894707183,1,3,1,166713,438897,13413,94543,4.065517433028271,0.17723267846430713
2932,0.1337482240088444,1,0,1,166713,438897,13414,94542,4.065517433028271,0.17723113608116392
2933,0.1337500686064391,0,4,0,166717,438893,13414,94542,4.06548038089592,0.17723246506134768
2934,0.133751368586662,2,10,2,166727,438883,13416,94540,4.065387750565045,0.17723270275184985
2935,0.1337548136636356,8,18,8,166745,438865,13424,94532,4.065221015969469,0.17722634360523212
2936,0.1337608982436154,0,5,0,166750,438860,13424,94532,4.0651747008040315,0.17722800491945886
2937,0.1337630536198994,0,15,0,166765,438845,13424,94532,4.065035755307718,0.1772329890490216
2938,0.1337718788324626,0,1,0,166766,438844,13424,94532,4.06502649227463,0.17723332133429326
2939,0.1337814574487341,0,2,0,166768,438842,13424,94532,4.065007966208455,0.17723398590857448
2940,0.1337822948447263,0,7,0,166775,438835,13424,94532,4.064943124976843,0.17723631195780767
2941,0.1337823599544765,0,1,0,166776,438834,13424,94532,4.0649338619437545,0.17723664425553934
2942,0.1337899258340901,1,3,1,166779,438831,13425,94531,4.064906072844492,0.1772360985597024
2943,0.1337917849835766,0,1,0,166780,438830,13425,94531,4.064896809811405,0.17723643086014912
2944,0.1337927864586699,12,48,12,166828,438782,13437,94519,4.064452184223202,0.17723386980335684
2945,0.1337941824434214,1,2,1,166830,438780,13438,94518,4.064433658157027,0.17723299168569917
2946,0.133798425607585,0,7,0,166837,438773,13438,94518,4.064368816925414,0.17723531805337048
2947,0.1337990652522874,1,3,1,166840,438770,13439,94517,4.064341027826152,0.17723477227084103
2948,0.1338017855758647,1,7,1,166847,438763,13440,94516,4.0642761865945385,0.17723555587225448
2949,0.1338060534238637,2,6,2,166853,438757,13442,94514,4.064220608396013,0.17723446427801248
2950,0.1338156402920396,9,27,9,166880,438730,13451,94505,4.063970506502649,0.17722955169859442
2951,0.1338183069943191,0,2,0,166882,438728,13451,94505,4.0639519804364745,0.17723021643446674
2952,0.1338218753676328,0,1,0,166883,438727,13451,94505,4.063942717403386,0.1772305488042728
2953,0.1338225706491952,1,9,1,166892,438718,13452,94504,4.063859350105599,0.1772319971794112
2954,0.1338245623865199,2,8,2,166900,438710,13454,94502,4.063785245840898,0.17723157018221644
2955,0.1338278643126796,0,4,0,166904,438706,13454,94502,4.063748193708548,0.17723289973143688
2956,0.1338333150062937,1,2,1,166906,438704,13455,94501,4.063729667642373,0.17723202145516265
2957,0.1338364595841112,1,2,1,166908,438702,13456,94500,4.0637111415761975,0.17723114316900537
2958,0.1338419165054457,2,11,2,166919,438691,13458,94498,4.063609248212234,0.17723171333242058
2959,0.1338424511712721,3,24,3,166943,438667,13461,94495,4.063386935418134,0.17723506176359155
2960,0.1338548031611228,0,6,0,166949,438661,13461,94495,4.063331357219608,0.1772370563212268
2961,0.1338657660212875,0,1,0,166950,438660,13461,94495,4.06332209418652,0.1772373887518639
2962,0.1338674752972849,1,8,1,166958,438652,13462,94494,4.06324798992182,0.17723850502489
2963,0.1338715293445365,0,6,0,166964,438646,13462,94494,4.0631924117232945,0.17724049968113442
2964,0.1338736494970958,0,7,0,166971,438639,13462,94494,4.063127570491682,0.1772428268368306
2965,0.1338781371425202,1,4,1,166975,438635,13463,94493,4.063090518359331,0.17724261340616138
2966,0.1338782760449298,0,8,0,166983,438627,13463,94493,4.063016414094631,0.1772452731092437
2967,0.1338791774086682,1,7,1,166990,438620,13464,94492,4.062951572863018,0.1772460571137022
2968,0.1338862129143782,0,2,0,166992,438618,13464,94492,4.062933046796843,0.17724672206486466
2969,0.1338890053779835,0,2,0,166994,438616,13464,94492,4.062914520730668,0.1772473870210164
2970,0.1339051986828027,1,5,1,166999,438611,13465,94491,4.0628682055652305,0.1772475061057734
2971,0.1339206753360793,2,12,2,167011,438599,13467,94489,4.062757049168179,0.1772484092682634
2972,0.1339233094805986,4,3,4,167014,438596,13471,94485,4.062729260068917,0.17724323320470997
2973,0.1339233195396967,0,3,0,167017,438593,13471,94485,4.062701470969654,0.17724423067543588
2974,0.1339242480201105,0,1,0,167018,438592,13471,94485,4.062692207936567,0.1772445631681727
2975,0.1339297946579324,1,15,1,167033,438577,13472,94484,4.062553262440254,0.17724800726370904
2976,0.1339526248696221,3,5,3,167038,438572,13475,94481,4.062506947274816,0.17724503942384717
2977,0.133955245036301,3,38,3,167076,438534,13478,94478,4.062154952017488,0.17725304495958816
2978,0.1339555208258107,0,1,0,167077,438533,13478,94478,4.062145688984401,0.17725337751003262
2979,0.1339618541046067,0,1,0,167078,438532,13478,94478,4.062136425951313,0.1772537100617249
2980,0.1339664370326799,0,7,0,167085,438525,13478,94478,4.062071584719701,0.17725603795851055
2981,0.1339697106628868,0,1,0,167086,438524,13478,94478,4.062062321686613,0.17725637052018567
2982,0.1339732006732613,7,55,7,167141,438469,13485,94471,4.061552854866798,0.17726385709460726
2983,0.1339794357488545,1,0,1,167141,438469,13486,94470,4.061552854866798,0.17726231332291312
2984,0.1339819966706778,0,1,0,167142,438468,13486,94470,4.06154359183371,0.17726264593630028
2985,0.1339824004578393,5,24,5,167166,438444,13491,94465,4.061321279039609,0.1772629098026117
2986,0.1339833652539461,0,5,0,167171,438439,13491,94465,4.061274963874171,0.1772645729812499
2987,0.1340106682843621,0,4,0,167175,438435,13491,94465,4.061237911741821,0.17726590354663163
2988,0.1340224726799431,0,2,0,167177,438433,13491,94465,4.0612193856756456,0.17726656883681305
2989,0.134023187468694,2,4,2,167181,438429,13493,94463,4.061182333543296,0.17726481163162516
2990,0.1340233932790495,0,2,0,167183,438427,13493,94463,4.06116380747712,0.17726547692769615
2991,0.1340352642594918,1,7,1,167190,438420,13494,94462,4.061098966245507,0.1772662615738569
2992,0.1340368109771011,0,1,0,167191,438419,13494,94462,4.06108970321242,0.17726659423023153
2993,0.1340428181504815,0,4,0,167195,438415,13494,94462,4.06105265108007,0.17726792486821535
2994,0.1340479892541791,1,0,1,167195,438415,13495,94461,4.06105265108007,0.1772663809216403
2995,0.1340679098803656,0,3,0,167198,438412,13495,94461,4.061024861980807,0.1772673789064186
2996,0.1340694557922063,1,0,1,167198,438412,13496,94460,4.061024861980807,0.17726583494722936
2997,0.1340704467810418,0,6,0,167204,438406,13496,94460,4.060969283782281,0.1772678309368584
2998,0.134071072516293,0,3,0,167207,438403,13496,94460,4.060941494683019,0.177268828948529
2999,0.1340784043307798,0,2,0,167209,438401,13496,94460,4.060922968616844,0.1772694942958858
3000,0.1340905650003597,0,7,0,167216,438394,13496,94460,4.060858127385231,0.17727182305096706
3001,0.1340985085221713,0,1,0,167217,438393,13496,94460,4.060848864352144,0.17727215573525906
3002,0.1341101852508437,1,13,1,167230,438380,13497,94459,4.060728444922005,0.17727493670696026
3003,0.1341104219062241,2,9,2,167239,438371,13499,94457,4.060645077624217,0.1772748429136607
3004,0.1341110888366498,0,4,0,167243,438367,13499,94457,4.0606080254918675,0.17727617374592736
3005,0.1341212921555781,1,5,1,167248,438362,13500,94456,4.0605617103264295,0.1772762932183222
3006,0.1341344095184308,6,15,6,167263,438347,13506,94450,4.060422764830116,0.17727201917428215
3007,0.1341426332514362,0,8,0,167271,438339,13506,94450,4.060348660565415,0.1772746809712663
3008,0.134142893147327,0,1,0,167272,438338,13506,94450,4.060339397532328,0.1772750137015098
3009,0.1341539369706832,6,15,6,167287,438323,13512,94444,4.060200452036015,0.17727073936636467
3010,0.1341543944021764,1,6,1,167293,438317,13513,94443,4.06014487383749,0.1772711915308957
3011,0.1341590054935604,5,27,5,167320,438290,13518,94438,4.059894771944125,0.17727245423555735
3012,0.1341635777103574,0,4,0,167324,438286,13518,94438,4.059857719811776,0.17727378529970492
3013,0.1341680569082515,1,4,1,167328,438282,13519,94437,4.059820667679425,0.1772735719957426
3014,0.1341784034091795,0,1,0,167329,438281,13519,94437,4.059811404646338,0.17727390476762564
3015,0.1341953099580889,0,1,0,167330,438280,13519,94437,4.0598021416132495,0.17727423754075805
3016,0.1341964295554446,1,2,1,167332,438278,13520,94436,4.059783615547075,0.1772733586877762
3017,0.134203555358376,0,1,0,167333,438277,13520,94436,4.059774352513987,0.17727369146238217
3018,0.1342207266474168,0,5,0,167338,438272,13520,94436,4.05972803734855,0.17727535535415273
3019,0.1342520416575673,6,27,6,167365,438245,13526,94430,4.0594779354551855,0.17727507391936922
3020,0.1342628845876564,0,4,0,167369,438241,13526,94430,4.059440883322835,0.1772764051356278
3021,0.134266968102251,2,4,2,167373,438237,13528,94428,4.059403831190485,0.1772746472923883
3022,0.1342794423469603,1,2,1,167375,438235,13529,94427,4.05938530512431,0.17727376835591802
3023,0.1342823965413782,0,1,0,167376,438234,13529,94427,4.059376042091222,0.1772741011637796
3024,0.1342827564167613,1,26,1,167402,438208,13530,94426,4.059135203230946,0.1772812099865949
3025,0.1342994191172449,0,1,0,167403,438207,13530,94426,4.059125940197858,0.1772815428259233
3026,0.1343078149941534,1,4,1,167407,438203,13531,94425,4.059088888065508,0.17728132955834092
3027,0.1343162360490668,1,21,1,167428,438182,13532,94424,4.058894364370669,0.17728677483918695
3028,0.1343229678639116,0,4,0,167432,438178,13532,94424,4.058857312238319,0.1772881063157855
3029,0.1343271404418663,0,2,0,167434,438176,13532,94424,4.058838786172144,0.17728877206158467
3030,0.1343316196397604,0,1,0,167435,438175,13532,94424,4.058829523139057,0.17728910493635924
3031,0.1343517481501963,1,3,1,167438,438172,13533,94423,4.058801734039794,0.1772885588486561
3032,0.1343564229869588,0,1,0,167439,438171,13533,94423,4.058792471006706,0.1772888917261554
3033,0.1343756472108134,0,3,0,167442,438168,13533,94423,4.058764681907443,0.1772898903661534
3034,0.1343798483564845,1,3,1,167445,438165,13534,94422,4.058736892808181,0.17728934427614643
3035,0.1343873460963059,1,11,1,167456,438154,13535,94421,4.058634999444218,0.177291461296531
3036,0.1343998691652388,0,2,0,167458,438152,13535,94421,4.058616473378043,0.1772921270886808
3037,0.1344229422525016,0,2,0,167460,438150,13535,94421,4.058597947311868,0.1772927928858312
3038,0.1344252070849956,1,0,1,167460,438150,13536,94420,4.058597947311868,0.17729124809884148
3039,0.1344306577786096,1,9,1,167469,438141,13537,94419,4.05851458001408,0.17729269941415052
3040,0.134434580165426,0,1,0,167470,438140,13537,94419,4.058505316980992,0.1772930323213015
3041,0.1344366905279227,0,8,0,167478,438132,13537,94419,4.058431212716292,0.17729569562351774
3042,0.1344410778753189,0,1,0,167479,438131,13537,94419,4.058421949683204,0.17729602854192095
3043,0.1344412069609311,1,17,1,167496,438114,13538,94418,4.058264478120716,0.177300143465557
3044,0.1344424551581378,4,20,4,167516,438094,13542,94414,4.058079217458965,0.17730062271364938
3045,0.1344430050784692,2,2,2,167518,438092,13544,94412,4.0580606913927895,0.17729819869897692
3046,0.1344566058659927,2,6,2,167524,438086,13546,94410,4.058005113194264,0.1772971064571377
3047,0.1344610850638867,6,17,6,167541,438069,13552,94404,4.057847641631776,0.17729349657165716
3048,0.1344631087936035,0,2,0,167543,438067,13552,94404,4.0578291155656006,0.17729416249899055
3049,0.1344693716755078,0,5,0,167548,438062,13552,94404,4.057782800400163,0.1772958273392104
3050,0.1344805282451333,3,10,3,167558,438052,13555,94401,4.057690170069288,0.1772945217699966
3051,0.1344831202223363,0,1,0,167559,438051,13555,94401,4.0576809070362,0.1772948547474702
3052,0.1344849785131857,1,3,1,167562,438048,13556,94400,4.057653117936937,0.17729430855219663
3053,0.1344870003924277,0,1,0,167563,438047,13556,94400,4.05764385490385,0.17729464153239666
3054,0.1344894577110798,0,16,0,167579,438031,13556,94400,4.0574956463744485,0.17729996938570444
3055,0.1344993884448821,0,9,0,167588,438022,13556,94400,4.057412279076661,0.17730296644391103
3056,0.134507716197466,0,1,0,167589,438021,13556,94400,4.0574030160435735,0.177303299456633
3057,0.1345084274654684,2,52,2,167641,437969,13558,94398,4.05692133832302,0.17731752719458568
3058,0.1345105002847283,0,1,0,167642,437968,13558,94398,4.056912075289933,0.17731786026906302
3059,0.1345116073770062,0,2,0,167644,437966,13558,94398,4.056893549223758,0.17731852642177157
3060,0.1345118786592743,2,3,2,167647,437963,13560,94396,4.056865760124495,0.17731643496212143
3061,0.1345167528329596,0,2,0,167649,437961,13560,94396,4.05684723405832,0.17731710111823457
3062,0.1345201126633174,1,6,1,167655,437955,13561,94395,4.0567916558597945,0.17731755424063117
3063,0.1345324194065986,0,1,0,167656,437954,13561,94395,4.056782392826707,0.17731788732579568
3064,0.1345417205925156,0,3,0,167659,437951,13561,94395,4.056754603727445,0.17731888658879752
3065,0.1345674388102274,2,3,2,167662,437948,13563,94393,4.056726814628182,0.1773167950618119
3066,0.134571158531005,0,12,0,167674,437936,13563,94393,4.056615658231131,0.17732079221684335
3067,0.1345724705025955,2,5,2,167679,437931,13565,94391,4.056569343065694,0.17731936684938815
3068,0.1345736751055051,1,2,1,167681,437929,13566,94390,4.056550816999518,0.17731848759860158
3069,0.1345767481789224,1,2,1,167683,437927,13567,94389,4.056532290933343,0.17731760833790455
3070,0.1345795324066511,0,2,0,167685,437925,13567,94389,4.0565137648671685,0.17731827455223798
3071,0.1345888967613542,0,1,0,167686,437924,13567,94389,4.05650450183408,0.177318607661282
3072,0.1345961053334627,1,5,1,167691,437919,13568,94388,4.056458186668642,0.177318727726669
3073,0.1346008431497886,1,1,1,167692,437918,13569,94387,4.056448923635555,0.17731751533425386
3074,0.1346169005850756,3,13,3,167705,437905,13572,94384,4.056328504205417,0.177317209260383
3075,0.1346401609227975,0,2,0,167707,437903,13572,94384,4.056309978139242,0.1773178755070103
3076,0.1346420092639019,1,4,1,167711,437899,13573,94383,4.0562729260068915,0.17731766244208896
3077,0.1346656550279057,2,11,2,167722,437888,13575,94381,4.056171032642928,0.17731823570412705
3078,0.1346660828418332,0,3,0,167725,437885,13575,94381,4.056143243543666,0.17731923511928246
3079,0.134666396158038,0,2,0,167727,437883,13575,94381,4.056124717477491,0.17731990140231163
3080,0.1346670922339143,0,2,0,167729,437881,13575,94381,4.056106191411316,0.17732056769034799
3081,0.1346726119377913,1,1,1,167730,437880,13576,94380,4.056096928378228,0.1773193552023447
3082,0.1346768043405572,0,3,0,167733,437877,13576,94380,4.056069139278965,0.17732035464070928
3083,0.1346798796933079,3,13,3,167746,437864,13579,94377,4.0559487198488275,0.17732004862458925
3084,0.1346926046879953,0,2,0,167748,437862,13579,94377,4.055930193782652,0.17732071494197155
3085,0.1346960374928917,0,8,0,167756,437854,13579,94377,4.055856089517952,0.17732338026157815
3086,0.1347026917011299,0,11,0,167767,437843,13579,94377,4.0557541961539885,0.17732704520686934
3087,0.134718712417794,3,18,3,167785,437825,13582,94374,4.055587461558413,0.17732840535213332
3088,0.1347296158075052,0,4,0,167789,437821,13582,94374,4.055550409426062,0.177329738159885
3089,0.1347476500870648,7,34,7,167823,437787,13589,94367,4.0552354663010854,0.1773302465075899
3090,0.1347518965106613,0,1,0,167824,437786,13589,94367,4.055226203267998,0.1773305797392855
3091,0.1347591521985117,1,9,1,167833,437777,13590,94366,4.05514283597021,0.17733203293099786
3092,0.134765946486914,2,0,2,167833,437777,13592,94364,4.05514283597021,0.17732894101375388
3093,0.1347770812730408,0,2,0,167835,437775,13592,94364,4.055124309904035,0.17732960748977242
3094,0.1347832177590882,0,3,0,167838,437772,13592,94364,4.0550965208047725,0.17733060721319363
3095,0.1347900025313926,0,1,0,167839,437771,13592,94364,4.055087257771684,0.17733094045683895
3096,0.1347966496458555,2,11,2,167850,437760,13594,94362,4.054985364407722,0.17733151420163046
3097,0.1347980742895547,1,4,1,167854,437756,13595,94361,4.054948312275371,0.1773313011987965
3098,0.1347983999055421,2,1,2,167855,437755,13597,94359,4.054939049242284,0.1773285423800163
3099,0.1348019255693242,0,1,0,167856,437754,13597,94359,4.054929786209196,0.17732887563355904
3100,0.1348036209273765,8,33,8,167889,437721,13605,94351,4.054624106117307,0.17732750454825663
3101,0.1348210954862993,1,1,1,167890,437720,13606,94350,4.054614843084219,0.1773262916533539
3102,0.1348217763821699,0,8,0,167898,437712,13606,94350,4.054540738819519,0.17732895790340222
3103,0.1348345670775013,1,8,1,167906,437704,13607,94349,4.054466634554819,0.17733007801854325
3104,0.1348391279548994,0,8,0,167914,437696,13607,94349,4.0543925302901185,0.17733274441071714
3105,0.1348404940169158,1,6,1,167920,437690,13608,94348,4.054336952091593,0.1773331980046538
3106,0.1348582742582348,0,2,0,167922,437688,13608,94348,4.054318426025418,0.17733386462570203
3107,0.1348613412805093,0,2,0,167924,437686,13608,94348,4.054299899959243,0.1773345312517621
3108,0.1348637857280867,0,2,0,167926,437684,13608,94348,4.054281373893067,0.1773351978828341
3109,0.1348641866866402,3,11,3,167937,437673,13611,94345,4.054179480529104,0.17733422553372255
3110,0.1348663549826382,1,2,1,167939,437671,13612,94344,4.05416095446293,0.17733334586430835
3111,0.1348692967509104,0,25,0,167964,437646,13612,94344,4.053929378635741,0.1773416793548751
3112,0.1348712200995299,0,6,0,167970,437640,13612,94344,4.0538738004372155,0.17734367950915816
3113,0.1348715789698933,0,4,0,167974,437636,13612,94344,4.053836748304865,0.1773450129704124
3114,0.1348765953781021,0,3,0,167977,437633,13612,94344,4.053808959205602,0.17734601307951284
3115,0.1348868655033126,0,3,0,167980,437630,13612,94344,4.0537811701063395,0.17734701319989324
3116,0.134909090528936,5,30,5,168010,437600,13617,94339,4.053503279113713,0.1773492825305157
3117,0.1349149376707344,0,1,0,168011,437599,13617,94339,4.053494016080625,0.1773496159326839
3118,0.1349187119254611,0,3,0,168014,437596,13617,94339,4.053466226981363,0.17735061614670966
3119,0.1349218155236233,2,11,2,168025,437585,13619,94337,4.0533643336174,0.17735119058809373
3120,0.1349482669065636,7,29,7,168054,437556,13626,94330,4.053095705657861,0.17735003365382807
3121,0.1349548432439493,0,3,0,168057,437553,13626,94330,4.053067916558598,0.17735103396799673
3122,0.1349593224418434,0,2,0,168059,437551,13626,94330,4.053049390492423,0.17735170085037819
3123,0.1349718559023769,0,1,0,168060,437550,13626,94330,4.053040127459336,0.17735203429344965
3124,0.1349718986459461,0,2,0,168062,437548,13626,94330,4.05302160139316,0.17735270118335408
3125,0.1349722947525479,0,1,0,168063,437547,13626,94330,4.053012338360072,0.17735303463018706
3126,0.1349783504146094,0,4,0,168067,437543,13626,94330,4.052975286227722,0.17735436843005756
3127,0.1349819066731205,0,1,0,168068,437542,13626,94330,4.052966023194635,0.17735470188315985
3128,0.1349881710872705,1,4,1,168072,437538,13627,94329,4.0529289710622844,0.1773544889981894
3129,0.1349945352300759,1,11,1,168083,437527,13628,94328,4.052827077698321,0.1773566103543259
3130,0.1349970213493938,0,19,0,168102,437508,13628,94328,4.052651080069658,0.17736294647222076
3131,0.134997366937644,0,2,0,168104,437506,13628,94328,4.052632554003483,0.17736361345833473
3132,0.1350028176312581,1,8,1,168112,437498,13629,94327,4.0525584497387825,0.17736473464015418
3133,0.1350038272682695,0,4,0,168116,437494,13629,94327,4.052521397606432,0.1773660686584396
3134,0.1350088888077954,0,16,0,168132,437478,13629,94327,4.052373189077032,0.177371404932259
3135,0.1350171871897256,0,5,0,168137,437473,13629,94327,4.052326873911594,0.17737307258367807
3136,0.1350274038143797,1,8,1,168145,437465,13630,94326,4.052252769646893,0.17737419399726584
3137,0.1350290279895578,0,1,0,168146,437464,13630,94326,4.052243506613806,0.17737452753906618
3138,0.1350328317630046,11,71,11,168217,437393,13641,94315,4.051585831264589,0.17738119418929188
3139,0.1350352686462519,0,1,0,168218,437392,13641,94315,4.051576568231502,0.1773815277963239
3140,0.1350407362683109,0,2,0,168220,437390,13641,94315,4.051558042165326,0.1773821950141526
3141,0.1350499971611036,0,1,0,168221,437389,13641,94315,4.051548779132239,0.17738252862494922
3142,0.1350534674082638,0,2,0,168223,437387,13641,94315,4.051530253066064,0.17738319585030712
3143,0.1350554587974309,1,1,1,168224,437386,13642,94314,4.0515209900329765,0.17738198232085764
3144,0.1350679806293104,0,5,0,168229,437381,13642,94314,4.0514746748675385,0.17738365040107582
3145,0.1350739779289382,0,1,0,168230,437380,13642,94314,4.051465411834451,0.1773839840208842
3146,0.1350790164085528,8,89,8,168319,437291,13650,94306,4.050641001889659,0.17740130211419552
3147,0.135095829268561,2,31,2,168350,437260,13652,94304,4.050353847863945,0.17740855287416002
3148,0.1350982296826504,0,4,0,168354,437256,13652,94304,4.050316795731594,0.17740988787719167
3149,0.135102302532534,1,9,1,168363,437247,13653,94303,4.050233428433806,0.17741134418210894
3150,0.1351126813152688,3,9,3,168372,437238,13656,94300,4.050150061136018,0.177409705420873
3151,0.1351171605131628,1,15,1,168387,437223,13657,94299,4.050011115639705,0.17741316445979657
3152,0.1351258516111193,0,13,0,168400,437210,13657,94299,4.049890696209567,0.1774175037487606
3153,0.1351275952331365,1,17,1,168417,437193,13658,94298,4.0497332246470785,0.17742163084605383
3154,0.1351369399398114,0,2,0,168419,437191,13658,94298,4.049714698580903,0.17742229848595173
3155,0.1351370293383732,0,1,0,168420,437190,13658,94298,4.049705435547816,0.17742263230778493
3156,0.1351388952478195,0,1,0,168421,437189,13658,94298,4.049696172514728,0.17742296613087433
3157,0.135142040090968,1,2,1,168423,437187,13659,94297,4.049677646448553,0.17742208608349452
3158,0.135143284651806,0,1,0,168424,437186,13659,94297,4.049668383415465,0.17742241990806856
3159,0.1351523316312821,0,2,0,168426,437184,13659,94297,4.049649857349291,0.17742308756098524
3160,0.1351524618077873,2,5,2,168431,437179,13661,94295,4.049603542183853,0.17742166126659065
3161,0.1351564149858876,1,4,1,168435,437175,13662,94294,4.049566490051502,0.17742144885214378
3162,0.1351586158361923,2,8,2,168443,437167,13664,94292,4.049492385786802,0.17742102401125956
3163,0.1351610566140026,1,3,1,168446,437164,13665,94291,4.04946459668754,0.17742047774505837
3164,0.1351616594450588,0,1,0,168447,437163,13665,94291,4.049455333654452,0.177420811584822
3165,0.1351620045875354,1,4,1,168451,437159,13666,94290,4.049418281522102,0.17742059915438735
3166,0.1351631820788935,2,0,2,168451,437159,13668,94288,4.049418281522102,0.1774175035328076
3167,0.1351781199291423,0,1,0,168452,437158,13668,94288,4.049409018489014,0.17741783737200018
3168,0.1351892542863757,0,10,0,168462,437148,13668,94288,4.049316388158139,0.177421175833026
3169,0.1351941104600526,0,1,0,168463,437147,13668,94288,4.0493071251250505,0.17742150968603873
3170,0.1352123207754459,3,9,3,168472,437138,13671,94285,4.049223757827263,0.17741987079972074
3171,0.1352160048492218,1,4,1,168476,437134,13672,94284,4.049186705694913,0.1774196583480424
3172,0.1352217053013696,0,2,0,168478,437132,13672,94284,4.0491681796287375,0.17742032607222966
3173,0.1352240105906279,0,1,0,168479,437131,13672,94284,4.04915891659565,0.17742065993620804
3174,0.1352250721889338,3,22,3,168501,437109,13675,94281,4.048955129867724,0.17742336137300288
3175,0.1352285459518717,2,9,2,168510,437100,13677,94279,4.048871762569936,0.17742327039645903
3176,0.1352376906343812,2,12,2,168522,437088,13679,94277,4.048760606172885,0.17742418111844024
3177,0.1352385311337457,0,1,0,168523,437087,13679,94277,4.048751343139798,0.1774245150217177
3178,0.1352440444303777,0,7,0,168530,437080,13679,94277,4.048686501908185,0.1774268523798501
3179,0.1352447717904397,1,2,1,168532,437078,13680,94276,4.04866797584201,0.17742597213910125
3180,0.1352478713995845,3,7,3,168539,437071,13683,94273,4.048603134610397,0.17742366527146256
3181,0.1352523505974786,2,8,2,168547,437063,13685,94271,4.048529030345696,0.17742324037234583
3182,0.1352572999151922,0,2,0,168549,437061,13685,94271,4.0485105042795215,0.17742390821557896
3183,0.1352575232039277,1,10,1,168559,437051,13686,94270,4.048417873948646,0.17742569934182914
3184,0.135284669633059,0,5,0,168564,437046,13686,94270,4.048371558783208,0.17742736902333076
3185,0.1353036610740359,0,2,0,168566,437044,13686,94270,4.048353032717033,0.17742803690473052
3186,0.1353040552805733,2,10,2,168576,437034,13688,94268,4.048260402386157,0.17742827996130262
3187,0.1353102153453608,0,2,0,168578,437032,13688,94268,4.048241876319982,0.17742894786373048
3188,0.1353121393210093,0,3,0,168581,437029,13688,94268,4.048214087220719,0.17742994972680065
3189,0.1353137102411193,0,13,0,168594,437016,13688,94268,4.048093667790582,0.17743429126418261
3190,0.1353223055125509,1,11,1,168605,437005,13689,94267,4.0479917744266185,0.17743641675074162
3191,0.1353253491214174,0,7,0,168612,436998,13689,94267,4.047926933195005,0.17743875467045636
3192,0.1353358496138898,1,9,1,168621,436989,13690,94266,4.047843565897217,0.1774402123274134
3193,0.1353401240331198,1,2,1,168623,436987,13691,94265,4.047825039831042,0.17743933199310308
3194,0.1353474932691203,0,3,0,168626,436984,13691,94265,4.047797250731779,0.1774403340053346
3195,0.1353515432351558,0,3,0,168629,436981,13691,94265,4.047769461632517,0.17744133602888304
3196,0.1353529439627344,0,8,0,168637,436973,13691,94265,4.047695357367816,0.17744400814700756
3197,0.1353578001364112,0,1,0,168638,436972,13691,94265,4.047686094334729,0.17744434216743185
3198,0.1353587356005618,0,1,0,168639,436971,13691,94265,4.047676831301642,0.1774446761891137
3199,0.1353637360361874,1,6,1,168645,436965,13692,94264,4.047621253103116,0.17744513194874525
3200,0.1353680148022911,0,6,0,168651,436959,13692,94264,4.0475656749045905,0.1774471361368013
3201,0.1353705597581905,1,1,1,168652,436958,13693,94263,4.047556411871503,0.17744592175384633
3202,0.1353741964808152,1,33,1,168685,436925,13694,94262,4.047250731779614,0.17745539706355765
3203,0.1353815424669101,1,7,1,168692,436918,13695,94261,4.047185890548001,0.17745618708570934
3204,0.1353833111716784,3,8,3,168700,436910,13698,94258,4.047111786283301,0.1774542141092837
3205,0.1353853949777282,0,5,0,168705,436905,13698,94258,4.047065471117863,0.17745588454015057
3206,0.1353856258215157,5,21,5,168726,436884,13703,94253,4.046870947423024,0.17745515752056437
3207,0.1353887618652924,4,20,4,168746,436864,13707,94249,4.046685686761273,0.17745564503222477
3208,0.1353913015053274,0,16,0,168762,436848,13707,94249,4.046537478231873,0.17746099111838326
3209,0.1353953306881692,1,22,1,168784,436826,13708,94248,4.046333691503946,0.1774667937048321
3210,0.135405709470904,4,24,4,168808,436802,13712,94244,4.046111378709845,0.17746861853775378
3211,0.1354088897305465,1,0,1,168808,436802,13713,94243,4.046111378709845,0.17746706964569858
3212,0.135410188668798,2,41,2,168849,436761,13715,94241,4.0457315943532555,0.17747767428371267
3213,0.1354117785620359,0,6,0,168855,436755,13715,94241,4.045676016154729,0.1774796796962689
3214,0.1354141133114512,0,5,0,168860,436750,13715,94241,4.045629700989292,0.17748135090801917
3215,0.1354212128802863,3,14,3,168874,436736,13718,94238,4.0455000185260666,0.1774813832692373
3216,0.135423682687513,0,1,0,168875,436735,13718,94238,4.045490755492978,0.17748171752612657
3217,0.1354428000186632,1,5,1,168880,436730,13719,94237,4.0454444403275405,0.17748183973768614
3218,0.1354429065092096,5,24,5,168904,436706,13724,94232,4.04522212753344,0.17748211655598206
3219,0.135446564326445,0,1,0,168905,436705,13724,94232,4.045212864500352,0.17748245083691663
3220,0.1354764168481358,1,15,1,168920,436690,13725,94231,4.045073919004039,0.17748591598373392
3221,0.135477399917478,2,8,2,168928,436682,13727,94229,4.044999814739338,0.17748549191860782
3222,0.135483588104162,1,2,1,168930,436680,13728,94228,4.0449812886731635,0.17748461126974918
3223,0.1354933709090234,1,5,1,168935,436675,13729,94227,4.044934973507726,0.1774847335289752
3224,0.1354979621044392,1,1,1,168936,436674,13730,94226,4.0449257104746374,0.1774835185533999
3225,0.1355045850311078,1,1,1,168937,436673,13731,94225,4.04491644744155,0.17748230356867045
3226,0.1355111829454789,0,13,0,168950,436660,13731,94225,4.044796028011412,0.17748664965105437
3227,0.1355215741075069,2,14,2,168964,436646,13733,94223,4.044666345548186,0.1774882315599517
3228,0.1355279153614716,1,23,1,168987,436623,13734,94222,4.044453295787172,0.17749437218020325
3229,0.1355318086567387,1,8,1,168995,436615,13735,94221,4.044379191522472,0.1774954976678296
3230,0.1355332661162014,2,26,2,169021,436589,13737,94219,4.044138352662196,0.17750109267381048
3231,0.1355461817111867,0,5,0,169026,436584,13737,94219,4.044092037496758,0.17750276467917475
3232,0.135547000848037,0,8,0,169034,436576,13737,94219,4.044017933232057,0.17750543995327764
3233,0.1355474239215817,0,17,0,169051,436559,13737,94219,4.043860461669569,0.17751112517851153
3234,0.1355503280708274,1,2,1,169053,436557,13738,94218,4.043841935603394,0.17751024445386462
3235,0.1355624471069222,0,11,0,169064,436546,13738,94218,4.043740042239431,0.1775139233256212
3236,0.1355673032805991,1,4,1,169068,436542,13739,94217,4.0437029901070805,0.17751371149617812
3237,0.1355755478675056,1,1,1,169069,436541,13740,94216,4.043693727073993,0.17751249630245103
3238,0.1355778029878098,0,1,0,169070,436540,13740,94216,4.043684464040906,0.1775128307546217
3239,0.1355857681340835,0,1,0,169071,436539,13740,94216,4.043675201007818,0.1775131652080527
3240,0.1355890132797204,0,1,0,169072,436538,13740,94216,4.043665937974731,0.17751349966274393
3241,0.135594898121916,0,4,0,169076,436534,13740,94216,4.04362888584238,0.1775148374941121
3242,0.1355982650094803,0,25,0,169101,436509,13740,94216,4.043397310015191,0.1775231993970512
3243,0.1356011878422063,0,1,0,169102,436508,13740,94216,4.043388046982104,0.17752353388955464
3244,0.1356051674766445,1,10,1,169112,436498,13741,94215,4.043295416651229,0.17752532913269506
3245,0.1356102540028037,0,1,0,169113,436497,13741,94215,4.043286153618141,0.17752566363677474
3246,0.1356249121029009,0,1,0,169114,436496,13741,94215,4.043276890585053,0.177525998142115
3247,0.1356260743409802,0,7,0,169121,436489,13741,94215,4.04321204935344,0.17752833971479393
3248,0.1356307160244741,2,10,2,169131,436479,13743,94213,4.043119419022565,0.17752858531879132
3249,0.1356314142307941,2,3,2,169134,436476,13745,94211,4.043091629923302,0.1775264892488416
3250,0.1356378789346506,0,2,0,169136,436474,13745,94211,4.043073103857127,0.17752715829541066
3251,0.1356505063076808,3,3,3,169139,436471,13748,94208,4.043045314757864,0.1775235123304295
3252,0.1356528935231411,1,8,1,169147,436463,13749,94207,4.042971210493164,0.17752463866433
3253,0.135667765534285,0,7,0,169154,436456,13749,94207,4.042906369261551,0.1775269803999902
3254,0.1356726274683795,0,4,0,169158,436452,13749,94207,4.042869317129201,0.1775283185623913
3255,0.1356829127441298,0,13,0,169171,436439,13749,94207,4.042748897699062,0.17753266772952214
3256,0.1356869030616658,0,15,0,169186,436424,13749,94207,4.042609952202749,0.17753768626408936
3257,0.1356930912483498,0,3,0,169189,436421,13749,94207,4.042582163103487,0.17753869000505063
3258,0.1356934490299461,0,2,0,169191,436419,13749,94207,4.042563637037311,0.17753935917199684
3259,0.1357095093681521,0,6,0,169197,436413,13749,94207,4.042508058838786,0.17754136670310203
3260,0.1357206860896668,0,6,0,169203,436407,13749,94207,4.042452480640261,0.17754337427960815
3261,0.1357232839952856,0,4,0,169207,436403,13749,94207,4.042415428507911,0.17754471268916908
3262,0.135734504092131,0,34,0,169241,436369,13749,94207,4.042100485382933,0.1775560899852236
3263,0.1357360419705544,0,1,0,169242,436368,13749,94207,4.042091222349846,0.17755642463365218
3264,0.1357490390440365,0,2,0,169244,436366,13749,94207,4.042072696283671,0.17755709393429367
3265,0.1357547120031697,1,10,1,169254,436356,13750,94206,4.041980065952796,0.17755889038415867
3266,0.1357549462092517,0,5,0,169259,436351,13750,94206,4.041933750787358,0.17756056370946005
3267,0.1357565039922249,0,7,0,169266,436344,13750,94206,4.0418689095557445,0.17756290641786826
3268,0.1357766347572097,0,34,0,169300,436310,13750,94206,4.041553966430768,0.17757428616667548
3269,0.1357786586531755,0,4,0,169304,436306,13750,94206,4.041516914298418,0.17757562505654914
3270,0.1357810717236385,0,3,0,169307,436303,13750,94206,4.041489125199155,0.17757662923720427
3271,0.1357870074383458,1,7,1,169314,436296,13751,94205,4.041424283967542,0.17757742209722507
3272,0.1357873061319977,0,3,0,169317,436293,13751,94205,4.0413964948682795,0.1775784263088645
3273,0.1358078175526953,0,1,0,169318,436292,13751,94205,4.041387231835192,0.1775787610486016
3274,0.1358175433088235,3,5,3,169323,436287,13754,94202,4.041340916669754,0.17757578385225706
3275,0.135823442399882,1,4,1,169327,436283,13755,94201,4.041303864537404,0.1775755724960602
3276,0.1358262201899226,1,1,1,169328,436282,13756,94200,4.041294601504316,0.1775743569056066
3277,0.1358269214072406,0,1,0,169329,436281,13756,94200,4.041285338471229,0.17757469164776873
3278,0.1358376097628628,0,3,0,169332,436278,13756,94200,4.0412575493719665,0.17757569588182734
3279,0.135854122938529,0,5,0,169337,436273,13756,94200,4.0412112342065285,0.17757736963049958
3280,0.1358685716319934,0,1,0,169338,436272,13756,94200,4.041201971173441,0.17757770438402026
3281,0.1358685760231408,1,6,1,169344,436266,13757,94199,4.041146392974916,0.17757816255549377
3282,0.1358735085860433,0,5,0,169349,436261,13757,94199,4.041100077809478,0.17757983636843494
3283,0.1358869736716443,0,1,0,169350,436260,13757,94199,4.04109081477639,0.17758017113480967
3284,0.1358961346254872,0,1,0,169351,436259,13757,94199,4.041081551743303,0.17758050590244656
3285,0.1359026430538057,0,2,0,169353,436257,13757,94199,4.041063025677127,0.17758117544150692
3286,0.1359101667328247,0,1,0,169354,436256,13757,94199,4.04105376264404,0.17758151021293042
3287,0.1359139885145675,0,2,0,169356,436254,13757,94199,4.041035236577865,0.177582179759564
3288,0.1359245238924259,1,11,1,169367,436243,13758,94198,4.040933343213902,0.17758431192158977
3289,0.1359300439158633,1,2,1,169369,436241,13759,94197,4.040914817147727,0.17758343105131985
3290,0.1359316591562608,0,1,0,169370,436240,13759,94197,4.040905554114639,0.17758376583835592
3291,0.1359328411179372,4,20,4,169390,436220,13763,94193,4.040720293452888,0.17758425981263656
3292,0.1359330949993058,1,1,1,169391,436219,13764,94192,4.040711030419801,0.17758304409222284
3293,0.1359335266949481,0,4,0,169395,436215,13764,94192,4.04067397828745,0.17758438331319157
3294,0.1359338294090806,1,9,1,169404,436206,13765,94191,4.040590610989662,0.17758584607379002
3295,0.1359342734274009,0,9,0,169413,436197,13765,94191,4.0405072436918745,0.17758885947645875
3296,0.1359387202037802,0,13,0,169426,436184,13765,94191,4.040386824261736,0.17759321234975253
3297,0.1359455451147422,0,3,0,169429,436181,13765,94191,4.040359035162473,0.1775942168892777
3298,0.1359494095972467,0,5,0,169434,436176,13765,94191,4.0403127199970355,0.17759589114707364
3299,0.1359513141736825,0,1,0,169435,436175,13765,94191,4.040303456963948,0.17759622600242098
3300,0.1359596213756323,1,3,1,169438,436172,13766,94190,4.040275667864686,0.17759567993182016
3301,0.1359656556240147,0,3,0,169441,436169,13766,94190,4.040247878765423,0.1775966845099263
3302,0.1359662804240745,0,9,0,169450,436160,13766,94190,4.040164511467635,0.1775996983124352
3303,0.1359739949904502,0,1,0,169451,436159,13766,94190,4.040155248434547,0.1776000331856947
3304,0.1360046557344491,4,21,4,169472,436138,13770,94186,4.039960724739709,0.17760086286873686
3305,0.1360132001827087,3,32,3,169504,436106,13773,94183,4.039664307680907,0.177606927543283
3306,0.1360167744990692,0,1,0,169505,436105,13773,94183,4.039655044647819,0.17760726246869626
3307,0.1360211488807291,0,2,0,169507,436103,13773,94183,4.039636518581644,0.17760793232331232
3308,0.1360263081552211,0,7,0,169514,436096,13773,94183,4.039571677350032,0.17761027685425973
3309,0.1360281486027475,1,2,1,169516,436094,13774,94182,4.039553151283856,0.17760939586177765
3310,0.1360318838033526,1,0,1,169516,436094,13775,94181,4.039553151283856,0.1776078449860921
3311,0.1360403235776545,0,4,0,169520,436090,13775,94181,4.0395160991515064,0.1776091847376153
3312,0.1360420671996717,1,3,1,169523,436087,13776,94180,4.039488310052244,0.17760863866693571
3313,0.1360420680765713,0,7,0,169530,436080,13776,94180,4.0394234688206305,0.17761098329121563
3314,0.1360617882185573,3,6,3,169536,436074,13779,94177,4.039367890622105,0.17760834020115002
3315,0.1360748166730651,0,22,0,169558,436052,13779,94177,4.039164103894179,0.17761570943875193
3316,0.1360833823166883,0,2,0,169560,436050,13779,94177,4.039145577828004,0.17761637939976652
3317,0.1360920683918252,0,6,0,169566,436044,13779,94177,4.0390899996294785,0.17761838931313548
3318,0.1360927344923225,0,6,0,169572,436038,13779,94177,4.039034421430953,0.17762039927199344
3319,0.1360964768158321,1,4,1,169576,436034,13780,94176,4.038997369298603,0.17762018822730616
3320,0.1360975190854392,2,5,2,169581,436029,13782,94174,4.0389510541331655,0.17761876111602537
3321,0.1360976813611857,28,290,28,169871,435739,13810,94146,4.036264774537774,0.17767251384734423
3322,0.1361005859731585,0,5,0,169876,435734,13810,94146,4.0362184593723365,0.17767419038272816
3323,0.1361027194216714,2,9,2,169885,435725,13812,94144,4.036135092074549,0.17767410435409506
3324,0.136114518818806,0,2,0,169887,435723,13812,94144,4.036116566008374,0.17767477499070522
3325,0.1361165684315154,1,24,1,169911,435699,13813,94143,4.0358942532142725,0.17768127102041742
3326,0.1361229469189437,4,32,4,169943,435667,13817,94139,4.035597836155471,0.17768579442286422
3327,0.1361299701004331,0,2,0,169945,435665,13817,94139,4.035579310089296,0.17768646518335082
3328,0.1361368835208659,0,3,0,169948,435662,13817,94139,4.035551520990033,0.17768747133357618
3329,0.1361376846668088,0,1,0,169949,435661,13817,94139,4.035542257956945,0.1776878067195168
3330,0.1361521626009164,0,2,0,169951,435659,13817,94139,4.035523731890771,0.17768847749519628
3331,0.136166311280373,3,7,3,169958,435652,13820,94136,4.035458890659157,0.1776861688071455
3332,0.1361676888922307,0,10,0,169968,435642,13820,94136,4.035366260328282,0.17768952278124045
3333,0.1361717718817275,0,1,0,169969,435641,13820,94136,4.035356997295194,0.17768985818561395
3334,0.1361769290588745,1,0,1,169969,435641,13821,94135,4.035356997295194,0.17768830600102684
3335,0.1361852707275165,1,2,1,169971,435639,13822,94134,4.035338471229019,0.1776874246139384
3336,0.1361863596628187,30,258,30,170229,435381,13852,94104,4.03294860869243,0.1777274143743449
3337,0.1361966352204284,0,4,0,170233,435377,13852,94104,4.03291155656008,0.17772875702810867
3338,0.1362230299221286,0,2,0,170235,435375,13852,94104,4.032893030493905,0.17772942836259795
3339,0.1362243272072272,0,6,0,170241,435369,13852,94104,4.03283745229538,0.17773144239649613
3340,0.1362275357891181,1,4,1,170245,435365,13853,94103,4.03280040016303,0.17773123210467867
3341,0.1362314794776927,2,4,2,170249,435361,13855,94101,4.032763348030679,0.17772946878151785
3342,0.1362320681411136,0,7,0,170256,435354,13855,94101,4.032698506799067,0.17773181856815026
3343,0.1362369021196355,1,5,1,170261,435349,13856,94100,4.032652191633629,0.1777319439643856
3344,0.1362371749798742,0,2,0,170263,435347,13856,94100,4.032633665567453,0.17773261535148938
3345,0.1362418114384368,0,14,0,170277,435333,13856,94100,4.0325039831042275,0.17773731520324573
3346,0.1362503597163571,0,5,0,170282,435328,13856,94100,4.03245766793879,0.17773899378196847
3347,0.1362515712207591,0,2,0,170284,435326,13856,94100,4.032439141872615,0.17773966522233514
3348,0.1362614102373514,1,5,1,170289,435321,13857,94099,4.032392826707177,0.17773979071436666
3349,0.1362645191561074,0,2,0,170291,435319,13857,94099,4.032374300641002,0.17774046216789002
3350,0.1362744065028348,26,304,26,170595,435015,13883,94073,4.029558338582385,0.17780218035563083
3351,0.1362944054518989,2,20,2,170615,434995,13885,94071,4.029373077920634,0.17780579360609072
3352,0.1362998078447282,0,2,0,170617,434993,13885,94071,4.02935455185446,0.17780646575839595
3353,0.1363053527766,13,156,13,170773,434837,13898,94058,4.027909518692801,0.17783870144357575
3354,0.1363070222296271,1,3,1,170776,434834,13899,94057,4.027881729593538,0.17783815568803402
3355,0.1363098026547045,0,2,0,170778,434832,13899,94057,4.027863203527363,0.17783882818512012
3356,0.1363140936317524,9,75,9,170853,434757,13908,94048,4.027168476045796,0.17785005814997967
3357,0.1363159606561697,5,44,5,170897,434713,13913,94043,4.0267609025899445,0.17785708341843876
3358,0.1363161728142326,0,7,0,170904,434706,13913,94043,4.026696061358331,0.1778594380320341
3359,0.1363186587465141,2,6,2,170910,434700,13915,94041,4.026640483159806,0.17785834652504723
3360,0.1363297968087866,1,0,1,170910,434700,13916,94040,4.026640483159806,0.17785679161780837
3361,0.1363394732446209,0,3,0,170913,434697,13916,94040,4.026612694060543,0.1778578007591676
3362,0.1363401898675132,0,2,0,170915,434695,13916,94040,4.026594167994368,0.17785847352643575
3363,0.1363417386101181,11,58,11,170973,434637,13927,94029,4.02605691207529,0.17786088002633044
3364,0.1363441187795241,6,31,6,171004,434606,13933,94023,4.0257697580495755,0.17786197881690183
3365,0.1363471878109967,0,6,0,171010,434600,13933,94023,4.02571417985105,0.1778639975937483
3366,0.1363497524881801,0,1,0,171011,434599,13933,94023,4.025704916817963,0.17786433406101146
3367,0.1363572719851984,0,2,0,171013,434597,13933,94023,4.025686390751788,0.1778650069993568
3368,0.1363595149242355,2,7,2,171020,434590,13935,94021,4.025621549520175,0.17786425178439344
3369,0.136372383153142,1,3,1,171023,434587,13936,94020,4.025593760420913,0.17786370592897938
3370,0.1363849231875366,0,6,0,171029,434581,13936,94020,4.025538182222387,0.17786572480944984
3371,0.1363903071238582,0,1,0,171030,434580,13936,94020,4.025528919189299,0.1778660612939841
3372,0.1363928316608775,0,1,0,171031,434579,13936,94020,4.025519656156212,0.1778663977797915
3373,0.1363957578174722,1,1,1,171032,434578,13937,94019,4.025510393123124,0.17786517895485596
3374,0.1363985748102293,58,610,58,171642,433968,13995,93961,4.019859942939716,0.1779803723606773
3375,0.1363994858648778,6,59,6,171701,433909,14001,93955,4.01931342398755,0.17799092190412683
3376,0.136405677919297,3,21,3,171722,433888,14004,93952,4.019118900292712,0.17799333131251893
3377,0.1364101326596956,0,11,0,171733,433877,14004,93952,4.019017006928749,0.1779970407082597
3378,0.1364156795146673,34,290,34,172023,433587,14038,93918,4.016330727333358,0.17804191429465124
3379,0.136428208832466,1,3,1,172026,433584,14039,93917,4.016302938234095,0.1780413686419552
3380,0.1364322109554987,2,14,2,172040,433570,14041,93915,4.01617325577087,0.17804297752542728
3381,0.1364402571111422,1,0,1,172040,433570,14042,93914,4.01617325577087,0.17804141926579764
3382,0.1364402917971218,1,4,1,172044,433566,14043,93913,4.01613620363852,0.17804121111930524
3383,0.1364423873280069,0,3,0,172047,433563,14043,93913,4.016108414539257,0.17804222372202716
3384,0.1364504275798419,1,4,1,172051,433559,14044,93912,4.016071362406906,0.17804201558000346
3385,0.1364524472848068,1,0,1,172051,433559,14045,93911,4.016071362406906,0.17804045727719112
3386,0.1364535380428553,1,27,1,172078,433532,14046,93910,4.015821260513542,0.17804801286207772
3387,0.136455558399946,2,6,2,172084,433526,14048,93908,4.015765682315017,0.17804692151055868
3388,0.1364566222463394,4,7,4,172091,433519,14052,93904,4.0157008410834045,0.1780430508339606
3389,0.1364568006403635,0,5,0,172096,433514,14052,93904,4.015654525917967,0.1780447387081973
3390,0.1364628986087528,62,590,62,172686,432924,14114,93842,4.0101893363963095,0.17814741270317372
3391,0.1364652612123716,0,3,0,172689,432921,14114,93842,4.010161547297047,0.17814842728133903
3392,0.1364682498423539,0,4,0,172693,432917,14114,93842,4.010124495164697,0.17814978007020288
3393,0.1364700875258013,0,6,0,172699,432911,14114,93842,4.010068916966171,0.17815180929202112
3394,0.1364801543750757,0,1,0,172700,432910,14114,93842,4.010059653933084,0.17815214750015188
3395,0.1364851732875566,2,3,2,172703,432907,14116,93840,4.010031864833821,0.17815004167085907
3396,0.1364938226608332,0,7,0,172710,432900,14116,93840,4.009967023602209,0.17815240915821848
3397,0.1364995766814375,69,569,69,173279,432331,14185,93771,4.00469635777539,0.17823729999125645
3398,0.1365057711721397,4,19,4,173298,432312,14189,93767,4.004520360146726,0.17823748904632195
3399,0.1365061564788114,3,13,3,173311,432299,14192,93764,4.0043999407165884,0.17823720733068094
3400,0.1365158600286818,5,17,5,173328,432282,14197,93759,4.0042424691541,0.17823515657524794
3401,0.1365161166835192,0,2,0,173330,432280,14197,93759,4.004223943087925,0.17823583422521905
3402,0.136518068698093,0,2,0,173332,432278,14197,93759,4.004205417021749,0.178236511880343
3403,0.1365254071399302,0,15,0,173347,432263,14197,93759,4.004066471525436,0.17824159445802648
3404,0.1365305229552027,15,159,15,173506,432104,14212,93744,4.002593649264515,0.178272048196437
3405,0.1365399205701948,1,1,1,173507,432103,14213,93743,4.002584386231428,0.1782708245379826
3406,0.1365411034248164,9,147,9,173654,431956,14222,93734,4.001222720367557,0.17830660655519412
3407,0.1365507087022453,6,69,6,173723,431887,14228,93728,4.000583571084516,0.1783206339240699
3408,0.1365516984461865,0,7,0,173730,431880,14228,93728,4.000518729852903,0.17832300878221033
3409,0.1365539968002168,0,1,0,173731,431879,14228,93728,4.000509466819816,0.17832334805282274
3410,0.1365667262895238,0,11,0,173742,431868,14228,93728,4.000407573455853,0.17832708011476495
3411,0.1365741973896195,0,39,0,173781,431829,14228,93728,4.000046315165438,0.1783403132295831
3412,0.1365802593191735,1,1,1,173782,431828,14229,93727,4.00003705213235,0.1783390891533712
3413,0.1365925041693224,0,1,0,173783,431827,14229,93727,4.000027789099263,0.1783394284887947
3414,0.13660526096166,1,7,1,173790,431820,14230,93726,3.9999629478676497,0.17834024043566118
3415,0.1366203633718724,0,1,0,173791,431819,14230,93726,3.999953684834562,0.17834057977908646
3416,0.1366222694373886,51,593,51,174384,431226,14281,93675,3.994460706213643,0.17846222430515468
3417,0.1366301390333988,16,149,16,174533,431077,14297,93659,3.993080514283597,0.17848784912794244
3418,0.1366377119766539,0,6,0,174539,431071,14297,93659,3.993024936085072,0.17848989003868657
3419,0.1366639876662552,3,3,3,174542,431068,14300,93656,3.992997146985809,0.17848621370472859
3420,0.1366804045225884,0,9,0,174551,431059,14300,93656,3.992913779688021,0.17848927513030882
3421,0.1366847692355741,3,2,3,174553,431057,14303,93653,3.992895253621846,0.178485258523756
3422,0.1366852136290008,25,303,25,174856,430754,14328,93628,3.990088554596317,0.17854922556456934
3423,0.1366928000975157,2,3,2,174859,430751,14330,93626,3.9900607654970544,0.178547114003856
3424,0.136695619501995,0,1,0,174860,430750,14330,93626,3.9900515024639667,0.17854745449829892
3425,0.1366998296792241,0,5,0,174865,430745,14330,93626,3.990005187298529,0.1785491569899937
3426,0.1367058873070236,0,7,0,174872,430738,14330,93626,3.9899403460669163,0.17855154053291225
3427,0.1367092588274082,1,6,1,174878,430732,14331,93625,3.9898847678683906,0.17855201704182455
3428,0.1367093652107038,0,6,0,174884,430726,14331,93625,3.9898291896698654,0.17855406016199074
3429,0.1367101542164416,4,6,4,174890,430720,14335,93621,3.9897736114713402,0.17854983684281794
3430,0.1367194937095404,3,15,3,174905,430705,14338,93618,3.989634665975027,0.1785502447918554
3431,0.1367380973904929,0,11,0,174916,430694,14338,93618,3.9895327726110636,0.1785539907535971
3432,0.136738304608258,0,2,0,174918,430692,14338,93618,3.9895142465448887,0.17855467185443727
3433,0.136745627597031,0,10,0,174928,430682,14338,93618,3.9894216162140133,0.1785580774365821
3434,0.1367498287959987,3,7,3,174935,430675,14341,93615,3.9893567749824004,0.17855576112456847
3435,0.1367534839615016,3,11,3,174946,430664,14344,93612,3.989254881618437,0.17855480701004814
3436,0.1367556280096135,0,4,0,174950,430660,14344,93612,3.989217829486087,0.17855616931669058
3437,0.1367598207434046,0,1,0,174951,430659,14344,93612,3.9892085664529993,0.17855650989659927
3438,0.1367634999444046,0,2,0,174953,430657,14344,93612,3.9891900403868243,0.17855719106031445
3439,0.136763620264686,1,11,1,174964,430646,14345,93611,3.989088147022861,0.17855937069032937
3440,0.1367642645987388,0,1,0,174965,430645,14345,93611,3.9890788839897735,0.17855971128608925
3441,0.1367699570730905,0,13,0,174978,430632,14345,93611,3.9889584645596354,0.17856413914921135
3442,0.1367782014431918,0,5,0,174983,430627,14345,93611,3.9889121493941975,0.17856584223196334
3443,0.1367827733086662,1,11,1,174994,430616,14346,93610,3.9888102560302348,0.17856802218890325
3444,0.136792877603451,0,16,0,175010,430600,14346,93610,3.9886620475008336,0.17857347246332578
3445,0.1367983205285716,1,19,1,175029,430581,14347,93609,3.98848604987217,0.17857837806902077
3446,0.1367998698336659,2,16,2,175045,430565,14349,93607,3.9883378413427693,0.17858069488641132
3447,0.1368022487467608,0,1,0,175046,430564,14349,93607,3.9883285783096816,0.17858103557808425
3448,0.1368276773426139,0,3,0,175049,430561,14349,93607,3.988300789210419,0.1785820576609026
3449,0.1368432652354579,0,18,0,175067,430543,14349,93607,3.988134054614843,0.17858819040351046
3450,0.136848101443163,12,133,12,175200,430410,14361,93595,3.9869020712141983,0.17861470787492487
3451,0.1368506381688352,3,11,3,175211,430399,14364,93592,3.986800177850235,0.17861375481639952
3452,0.136855123353733,1,9,1,175220,430390,14365,93591,3.9867168105524473,0.17861525513329682
3453,0.1368577248123376,0,1,0,175221,430389,14365,93591,3.9867075475193596,0.1786155960151151
3454,0.1368651964058123,0,3,0,175224,430386,14365,93591,3.986679758420097,0.17861661866837666
3455,0.136866595836813,5,13,5,175237,430373,14370,93586,3.986559338989959,0.17861321210247366
3456,0.1368723775265415,6,65,6,175302,430308,14376,93580,3.9859572418392677,0.1786259658552973
3457,0.1368728753992915,1,9,1,175311,430299,14377,93579,3.98587387454148,0.17862746670026228
3458,0.1368734161483604,0,4,0,175315,430295,14377,93579,3.9858368224091296,0.1786288305966702
3459,0.1368764745456046,1,37,1,175352,430258,14378,93578,3.9854940901848903,0.17863987965699188
3460,0.1368793692436822,1,14,1,175366,430244,14379,93577,3.9853644077216646,0.17864308609238652
3461,0.1368848090579489,0,9,0,175375,430235,14379,93577,3.9852810404238763,0.17864615549090132
3462,0.1368961426795775,1,10,1,175385,430225,14380,93576,3.985188410093001,0.17864799799924017
3463,0.1369053924405752,0,2,0,175387,430223,14380,93576,3.985169884026826,0.17864868012348248
3464,0.1369066779793329,15,145,15,175532,430078,14395,93561,3.9838267442291304,0.17867462125624714
3465,0.1369093172733896,2,8,2,175540,430070,14397,93559,3.98375263996443,0.1786742139950232
3466,0.1369137579452018,1,1,1,175541,430069,14398,93558,3.9837433769313426,0.17867298668708834
3467,0.1369176588147241,0,1,0,175542,430068,14398,93558,3.983734113898255,0.17867332790961488
3468,0.1369199766187704,0,4,0,175546,430064,14398,93558,3.9836970617659047,0.17867469281275425
3469,0.1369300085806881,16,181,16,175727,429883,14414,93542,3.9820204527770575,0.17871137221187372
3470,0.1369403336898879,0,17,0,175744,429866,14414,93542,3.9818629812145687,0.1787171766575979
3471,0.1369444361344348,7,67,7,175811,429799,14421,93535,3.981242357997703,0.17872907168271124
3472,0.1369458758670268,0,1,0,175812,429798,14421,93535,3.9812330949646153,0.1787294132034479
3473,0.1369507156747704,4,43,4,175855,429755,14425,93531,3.9808347845418504,0.17873782214697126
3474,0.1369509228925355,0,2,0,175857,429753,14425,93531,3.9808162584756754,0.17873850528584861
3475,0.1369724390276822,3,49,3,175906,429704,14428,93528,3.9803623698543853,0.1787505351354657
3476,0.1369786267301483,0,4,0,175910,429700,14428,93528,3.980325317722035,0.17875190165663918
3477,0.1369833937659228,68,610,68,176520,429090,14496,93460,3.974674867538627,0.17885369821069755
3478,0.1369958252973302,4,57,4,176577,429033,14500,93456,3.9741468746526363,0.17886692351417924
3479,0.1369971665397051,0,12,0,176589,429021,14500,93456,3.9740357182555854,0.17887103164349819
3480,0.1370162465262915,0,8,0,176597,429013,14500,93456,3.9739616139908853,0.17887377050121633
3481,0.1370296175546989,0,11,0,176608,429002,14500,93456,3.973859720626922,0.1788775365675327
3482,0.1370309765295821,4,10,4,176618,428992,14504,93452,3.9737670902960467,0.1788746736492332
3483,0.1370425146307493,0,10,0,176628,428982,14504,93452,3.973674459965171,0.17887809752045233
3484,0.1370506039496982,0,1,0,176629,428981,14504,93452,3.9736651969320835,0.17887843991478333
3485,0.1370645137137297,1,15,1,176644,428966,14505,93451,3.97352625143577,0.17888200422268036
3486,0.1370650668156931,2,8,2,176652,428958,14507,93449,3.9734521471710695,0.1788815999785608
3487,0.1370693405023068,1,2,1,176654,428956,14508,93448,3.9734336211048946,0.17888071301138583
3488,0.1370745777882278,0,2,0,176656,428954,14508,93448,3.9734150950387193,0.17888139785069734
3489,0.1370778146900898,2,17,2,176673,428937,14510,93446,3.973257623476231,0.17888407547718818
3490,0.1370808740951469,1,0,1,176673,428937,14511,93445,3.973257623476231,0.17888250360847044
3491,0.1370845398861612,4,6,4,176679,428931,14515,93441,3.9732020452777057,0.1788782706576922
3492,0.1370878072614347,12,143,12,176822,428788,14527,93429,3.9718774315461856,0.17890838482852914
3493,0.1370903665844149,0,4,0,176826,428784,14527,93429,3.9718403794138353,0.17890975521482613
3494,0.1370995380430015,0,10,0,176836,428774,14527,93429,3.97174774908296,0.17891318127241704
3495,0.1371020084967441,0,3,0,176839,428771,14527,93429,3.971719959983697,0.1789142091152815
3496,0.1371059273746244,9,63,9,176902,428708,14536,93420,3.9711363888991813,0.1789216437348696
3497,0.1371063212954801,0,8,0,176910,428700,14536,93420,3.9710622846344807,0.17892438519880488
3498,0.137108760963855,0,19,0,176929,428681,14536,93420,3.970886287005817,0.17893089651236063
3499,0.1371120899373266,0,1,0,176930,428680,14536,93420,3.97087702397273,0.17893123922620188
3500,0.1371188204175774,0,7,0,176937,428673,14536,93420,3.970812182741117,0.17893363825985026
3501,0.1371302770990016,13,91,13,177028,428582,14549,93407,3.9699692467301495,0.17894438388548417
3502,0.1371304843167667,1,14,1,177042,428568,14550,93406,3.9698395642669237,0.1789476104173771
3503,0.1371366275508364,16,133,16,177175,428435,14566,93390,3.968607580866279,0.17896804484261966
3504,0.137145146797373,2,35,2,177210,428400,14568,93388,3.9682833747082142,0.17897690249679946
3505,0.1371478315699567,1,0,1,177210,428400,14569,93387,3.9682833747082142,0.178975329013563
3506,0.1371489948922066,15,128,15,177338,428272,14584,93372,3.9670977064730075,0.17899563687112283
3507,0.1371554055224496,1,10,1,177348,428262,14585,93371,3.967005076142132,0.17899749440698728
3508,0.1371571992796041,1,1,1,177349,428261,14586,93370,3.9669958131090444,0.17899626364230653
3509,0.1371679611071645,0,2,0,177351,428259,14586,93370,3.9669772870428694,0.1789969499395164
3510,0.137173191745503,0,1,0,177352,428258,14586,93370,3.9669680240097818,0.17899729309009485
3511,0.1371760930711382,2,7,2,177359,428251,14588,93368,3.966903182778169,0.17899654728834646
3512,0.1371852230969875,2,7,2,177366,428244,14590,93366,3.966838341546556,0.17899580146086155
3513,0.1371859535415238,1,1,1,177367,428243,14591,93365,3.9668290785134683,0.1789945706354197
3514,0.137186489675221,2,32,2,177399,428211,14593,93363,3.9665326614546665,0.1790024042609486
3515,0.1371955561255424,18,139,18,177538,428072,14611,93345,3.9652450998554967,0.1790217810313051
3516,0.1371971278091368,0,1,0,177539,428071,14611,93345,3.965235836822409,0.17902212436902587
3517,0.1372036311726082,1,1,1,177540,428070,14612,93344,3.9652265737893218,0.1790208931866041
3518,0.1372224148129609,1,9,1,177549,428061,14613,93343,3.9651432064915335,0.17902240872720576
3519,0.1372228364490127,2,19,2,177568,428042,14615,93341,3.9649672088628702,0.1790257833492845
3520,0.1372235787576242,0,6,0,177574,428036,14615,93341,3.9649116306643446,0.17902784357576187
3521,0.1372280799475877,0,1,0,177575,428035,14615,93341,3.9649023676312574,0.17902818695145153
3522,0.1372361475189036,0,3,0,177578,428032,14615,93341,3.9648745785319943,0.17902921708642372
3523,0.1372480661739554,1,0,1,177578,428032,14616,93340,3.9648745785319943,0.17902764245107142
3524,0.1372573761143209,1,41,1,177619,427991,14617,93339,3.9644947941754047,0.17904014731551993
3525,0.1372699280086461,1,3,1,177622,427988,14618,93338,3.964467005076142,0.17903960285886375
3526,0.1372703384397959,2,4,2,177626,427984,14620,93336,3.964429952943792,0.17903782705440036
3527,0.1372739148225044,0,2,0,177628,427982,14620,93336,3.964411426877617,0.17903851392048614
3528,0.1372866664761779,0,4,0,177632,427978,14620,93336,3.9643743747452667,0.1790398876684685
3529,0.1372883223880862,6,38,6,177670,427940,14626,93330,3.9640223794879397,0.17904348993803595
3530,0.1372943971841559,6,119,6,177789,427821,14632,93324,3.9629200785505208,0.17907492156693436
3531,0.1373029848686925,24,218,24,178007,427603,14656,93300,3.960900737337434,0.17911204197326566
3532,0.137305471043543,1,16,1,178023,427587,14657,93299,3.9607525288080327,0.17911596779333674
3533,0.1373096947755925,1,11,1,178034,427576,14658,93298,3.9606506354440696,0.1791181744529387
3534,0.1373163394039676,0,13,0,178047,427563,14658,93298,3.9605302160139315,0.17912264500509734
3535,0.1373190535766834,7,94,7,178141,427469,14665,93291,3.9596594909037015,0.1791439434672402
3536,0.1373247082216042,7,80,7,178221,427389,14672,93284,3.9589184482566973,0.17916043274761703
3537,0.1373339311424576,10,101,10,178322,427288,14682,93274,3.9579828819148544,0.17917942531341127
3538,0.1373466829220339,0,4,0,178326,427284,14682,93274,3.957945829782504,0.1791808021392429
3539,0.1373539806445199,3,11,3,178337,427273,14685,93271,3.957843936418541,0.17917985799471323
3540,0.1373546881903585,0,3,0,178340,427270,14685,93271,3.9578161473192783,0.1791808906503042
3541,0.1373556544953693,2,25,2,178365,427245,14687,93269,3.9575845714920894,0.1791863427304549
3542,0.1373824663205585,77,711,77,179076,426534,14764,93192,3.9509985549668385,0.17930986712229136
3543,0.1373842403854699,0,1,0,179077,426533,14764,93192,3.950989291933751,0.17931021213141565
3544,0.137386404976144,2,2,2,179079,426531,14766,93190,3.950970765867576,0.1793077439626261
3545,0.1373896552376069,1,6,1,179085,426525,14767,93189,3.9509151876690503,0.17930823491381798
3546,0.1373998371952622,2,1,2,179086,426524,14769,93187,3.950905924635963,0.1793054216670419
3547,0.1374059042452748,2,6,2,179092,426518,14771,93185,3.9508503464374374,0.17930433343659744
3548,0.1374151643771519,2,3,2,179095,426515,14773,93183,3.950822557338175,0.1793022101297292
3549,0.1374253358224542,0,7,0,179102,426508,14773,93183,3.950757716106562,0.17930462524846497
3550,0.1374273556433489,14,151,14,179253,426357,14787,93169,3.949358998110341,0.1793346242536466
3551,0.1374366002919993,0,2,0,179255,426355,14787,93169,3.9493404720441663,0.17933531463416513
3552,0.1374461326337128,1,6,1,179261,426349,14788,93168,3.9492848938456406,0.17933580614301362
3553,0.1374580927286478,0,3,0,179264,426346,14788,93168,3.949257104746378,0.1793368417405498
3554,0.1374653901610513,0,1,0,179265,426345,14788,93168,3.949247841713291,0.17933718694238643
3555,0.1374739854324829,0,1,0,179266,426344,14788,93168,3.949238578680203,0.17933753214555198
3556,0.1374825462929236,46,392,46,179658,425952,14834,93122,3.945607469709882,0.179400239657544
3557,0.1374862940013295,0,7,0,179665,425945,14834,93122,3.945542628478269,0.17940265900163177
3558,0.1375052684736123,0,3,0,179668,425942,14834,93122,3.945514839379006,0.17940369588335928
3559,0.1375134925666888,22,246,22,179914,425696,14856,93100,3.943236133239468,0.17945396649164605
3560,0.1375215653776179,0,3,0,179917,425693,14856,93100,3.9432083441402055,0.17945500421169908
3561,0.1375218833141097,4,30,4,179947,425663,14860,93096,3.9429304531475786,0.1794590551681995
3562,0.1375306138121897,7,49,7,179996,425614,14867,93089,3.9424765645262885,0.17946493465432048
3563,0.1375352629593204,2,9,2,180005,425605,14869,93087,3.9423931972285007,0.17946488474855984
3564,0.1375389056112205,7,15,7,180020,425590,14876,93080,3.9422542517321872,0.17945900090616385
3565,0.137539801322253,0,3,0,180023,425587,14876,93080,3.9422264626329246,0.17946003890743
3566,0.1375410943295906,2,4,2,180027,425583,14878,93078,3.9421894105005744,0.17945825886272537
3567,0.1375497067452045,8,55,8,180082,425528,14886,93070,3.941679943680759,0.1794646334926089
3568,0.1375544993130235,1,5,1,180087,425523,14887,93069,3.941633628515321,0.1794647815623843
3569,0.1375810933600097,0,1,0,180088,425522,14887,93069,3.9416243654822334,0.1794651276246599
3570,0.1375831914801479,5,26,5,180114,425496,14892,93064,3.9413835266219572,0.17946621413144093
3571,0.1375903838164207,0,3,0,180117,425493,14892,93064,3.9413557375226946,0.17946725239462585
3572,0.1375955367506532,0,5,0,180122,425488,14892,93064,3.9413094223572567,0.1794689828599639
3573,0.1376063644925867,16,223,16,180345,425265,14908,93048,3.9392437659787323,0.1795208686643013
3574,0.1376093403394501,1,1,1,180346,425264,14909,93047,3.9392345029456446,0.17951963203559254
3575,0.1376145195408896,2,17,2,180363,425247,14911,93045,3.9390770313831562,0.17952235419416082
3576,0.137622091752938,3,2,3,180365,425245,14914,93042,3.939058505316981,0.17951829777710032
3577,0.1376536866721973,0,2,0,180367,425243,14914,93042,3.939039979250806,0.1795189905168006
3578,0.1376595264444697,0,1,0,180368,425242,14914,93042,3.9390307162177183,0.17951933688865565
3579,0.1376722406219426,0,2,0,180370,425240,14914,93042,3.9390121901515434,0.17952002963637556
3580,0.1376829032540061,0,2,0,180372,425238,14914,93042,3.938993664085368,0.179520722389442
3581,0.1376832354972945,0,4,0,180376,425234,14914,93042,3.9389566119530177,0.17952210791161466
3582,0.1376914838906059,0,1,0,180377,425233,14914,93042,3.9389473489199305,0.17952245429549948
3583,0.13769893240091,2,23,2,180400,425210,14916,93040,3.9387342991589165,0.17952725518572119
3584,0.137717771297632,2,6,2,180406,425204,14918,93038,3.9386787209603913,0.1795261673117964
3585,0.1377255357802709,12,119,12,180525,425085,14930,93026,3.9375764200229724,0.17954839793017327
3586,0.1377442710946975,0,1,0,180526,425084,14930,93026,3.9375671569898847,0.17954874447511146
3587,0.1377453811990789,1,0,1,180526,425084,14931,93025,3.9375671569898847,0.17954716092559675
3588,0.1377470260827565,9,48,9,180574,425036,14940,93016,3.9371225314016822,0.17954954328909067
3589,0.1377519825124023,0,1,0,180575,425035,14940,93016,3.9371132683685945,0.17954988987570722
3590,0.1377551161325223,2,9,2,180584,425026,14942,93014,3.9370299010708067,0.17954984171106478
3591,0.1377628329472636,0,27,0,180611,424999,14942,93014,3.9367797991774425,0.17955920025173114
3592,0.137779474639948,0,2,0,180613,424997,14942,93014,3.9367612731112676,0.17955989351577475
3593,0.1377813717029975,0,1,0,180614,424996,14942,93014,3.93675201007818,0.17956024014980407
3594,0.1377857814292966,6,11,6,180625,424985,14948,93008,3.9366501167142167,0.17955454996496092
3595,0.1378013844560346,1,0,1,180625,424985,14949,93007,3.9366501167142167,0.17955296606897403
3596,0.1378173763485559,1,3,1,180628,424982,14950,93006,3.936622327614954,0.1795524220638316
3597,0.1378258053950126,0,2,0,180630,424980,14950,93006,3.936603801548779,0.1795531153351635
3598,0.1378262456911386,46,332,46,180962,424648,14996,92960,3.9335284745637114,0.17959536946878718
3599,0.1378315072612334,40,470,40,181432,424178,15036,92920,3.929174849012561,0.1796951448274795
3600,0.1378367280618716,0,2,0,181434,424176,15036,92920,3.9291563229463855,0.17969583984405216
3601,0.1378644320383442,0,5,0,181439,424171,15036,92920,3.929110007780948,0.17969757740900538
3602,0.1378830302030926,2,2,2,181441,424169,15038,92918,3.9290914817147726,0.17969509966407973
3603,0.1378858656345116,4,11,4,181452,424158,15042,92914,3.9289895883508095,0.17969257666243774
3604,0.1378921007101047,0,1,0,181453,424157,15042,92914,3.9289803253177222,0.17969292418255906
3605,0.1379021394511493,1,15,1,181468,424142,15043,92913,3.928841379821409,0.17969655065708676
3606,0.1379049081449313,1,0,1,181468,424142,15044,92912,3.928841379821409,0.17969496416235053
3607,0.1379076193615815,2,8,2,181476,424134,15046,92910,3.9287672755567082,0.17969457144846473
3608,0.1379082887970149,4,35,4,181511,424099,15050,92906,3.928443069398644,0.17970038974478003
3609,0.1379116730092513,2,28,2,181539,424071,15052,92904,3.9281837044721923,0.17970694907877557
3610,0.1379318718296094,0,1,0,181540,424070,15052,92904,3.9281744414391047,0.17970729669190327
3611,0.1379431643163067,2,2,2,181542,424068,15054,92902,3.9281559153729297,0.17970481846141942
3612,0.137946627777337,0,1,0,181543,424067,15054,92902,3.928146652339842,0.17970516607378778
3613,0.1379952845734844,4,9,4,181552,424058,15058,92898,3.9280632850420543,0.17970194755453076
3614,0.1380003875980822,0,4,0,181556,424054,15058,92898,3.928026232909704,0.17970333802751512
3615,0.138022850212094,1,7,1,181563,424047,15059,92897,3.927961391678091,0.1797041845925284
3616,0.1380258806852179,0,22,0,181585,424025,15059,92897,3.927757604950165,0.17971183273298486
3617,0.1380268794927438,0,4,0,181589,424021,15059,92897,3.9277205528178145,0.17971322337392004
3618,0.1380289194782732,1,10,1,181599,424011,15060,92896,3.927627922486939,0.17971511316348976
3619,0.1380317431201454,0,1,0,181600,424010,15060,92896,3.9276186594538514,0.17971546083814077
3620,0.1380433179845928,4,48,4,181648,423962,15064,92892,3.927174033865649,0.17972580264446053
3621,0.1380558911255204,2,21,2,181669,423941,15066,92890,3.9269795101708103,0.17972993106063684
3622,0.1380667000142746,1,6,1,181675,423935,15067,92889,3.926923931972285,0.1797304304753649
3623,0.1380686346722248,4,11,4,181686,423924,15071,92885,3.926822038608322,0.17972790721523813
3624,0.1380871117297306,0,2,0,181688,423922,15071,92885,3.926803512542147,0.1797286027472538
3625,0.138098836906792,5,33,5,181721,423889,15076,92880,3.9264978324502575,0.17973214337547339
3626,0.1381004802134165,4,52,4,181773,423837,15080,92876,3.9260161547297048,0.17974388103260416
3627,0.1381010856872186,0,16,0,181789,423821,15080,92876,3.9258679462003037,0.1797494469679522
3628,0.1381114038374635,4,54,4,181843,423767,15084,92872,3.925367742413576,0.17976188402346707
3629,0.1381148787197361,17,200,17,182043,423567,15101,92855,3.923515135796065,0.17980450097013684
3630,0.1381526674604945,0,6,0,182049,423561,15101,92855,3.92345955759754,0.17980659003594002
3631,0.1381530147180696,0,2,0,182051,423559,15101,92855,3.9234410315313646,0.1798072864019953
3632,0.138172227072539,0,2,0,182053,423557,15101,92855,3.9234225054651897,0.17980798277344445
3633,0.1381870150887053,0,2,0,182055,423555,15101,92855,3.9234039793990143,0.17980867915028756
3634,0.1381965527156902,0,9,0,182064,423546,15101,92855,3.9233206121012265,0.17981181291283324
3635,0.1382035520003525,0,4,0,182068,423542,15101,92855,3.9232835599688762,0.1798132057312494
3636,0.1382093531391271,0,4,0,182072,423538,15101,92855,3.923246507836526,0.1798145985712432
3637,0.1382098531461733,11,209,11,182281,423329,15112,92844,3.9213105339212273,0.17986992733056553
3638,0.1382268736549693,1,18,1,182299,423311,15113,92843,3.9211437993256513,0.1798746110656897
3639,0.1382303896906332,0,4,0,182303,423307,15113,92843,3.921106747193301,0.17987600503729537
3640,0.1382355094009944,4,60,4,182363,423247,15117,92839,3.9205509652080477,0.179890560875513
3641,0.1382723033960871,0,10,0,182373,423237,15117,92839,3.920458334877172,0.1798940466132895
3642,0.1382810338941671,5,40,5,182413,423197,15122,92834,3.92008781355367,0.1799000447647525
3643,0.1382985677350042,3,45,3,182458,423152,15125,92831,3.91967097706473,0.17991096605895932
3644,0.1383028797253082,0,3,0,182461,423149,15125,92831,3.9196431879654674,0.179912012093492
3645,0.1383070701361377,38,441,38,182902,422708,15163,92793,3.915558190373856,0.18000547040645895
3646,0.138340126632679,0,5,0,182907,422703,15163,92793,3.915511875208418,0.18000721635085432
3647,0.1383510722585345,0,3,0,182910,422700,15163,92793,3.9154840861091555,0.18000826393374886
3648,0.138356784574564,10,120,10,183030,422580,15173,92783,3.914372522138649,0.18003426710881457
3649,0.1383606350578408,0,1,0,183031,422579,15173,92783,3.9143632591055617,0.1800346164443634
3650,0.1383726284481925,0,1,0,183032,422578,15173,92783,3.914353996072474,0.18003496578126787
3651,0.1383745913891234,1,2,1,183034,422576,15174,92782,3.9143354700062987,0.1800340734014025
3652,0.1383999968541618,1,3,1,183037,422573,15175,92781,3.914307680907036,0.18003353035001185
3653,0.1384095839743855,47,451,47,183488,422122,15222,92734,3.9101300529845493,0.18011638205634198
3654,0.1384320836957718,2,6,2,183494,422116,15224,92732,3.910074474786024,0.18011529616508173
3655,0.138434086478142,0,2,0,183496,422114,15224,92732,3.9100559487198487,0.18011599585118657
3656,0.138439892834821,0,3,0,183499,422111,15224,92732,3.910028159620586,0.18011704539053652
3657,0.1384404280016068,2,13,2,183512,422098,15226,92730,3.909907740190448,0.18011840847817134
3658,0.1384800432443405,0,3,0,183515,422095,15226,92730,3.9098799510911855,0.18011945806827562
3659,0.1384843810395576,0,3,0,183518,422092,15226,92730,3.9098521619919224,0.18012050767061236
3660,0.1384974461647338,2,22,2,183540,422070,15228,92728,3.9096483752639966,0.18012501991072227
3661,0.138508855808639,0,3,0,183543,422067,15228,92728,3.909620586164734,0.1801260696005206
3662,0.1385304665195119,2,6,2,183549,422061,15230,92726,3.9095650079662083,0.1801249837311354
3663,0.1385363933262713,1,1,1,183550,422060,15231,92725,3.909555744933121,0.18012374097924377
3664,0.1385382549498078,0,2,0,183552,422058,15231,92725,3.9095372188669457,0.18012444078378656
3665,0.1385438465223239,0,2,0,183554,422056,15231,92725,3.909518692800771,0.18012514059376705
3666,0.1385540444116514,0,2,0,183556,422054,15231,92725,3.9095001667345954,0.1801258404091853
3667,0.1385804165437823,4,25,4,183581,422029,15235,92721,3.9092685909074065,0.18012821758135017
3668,0.1385819273432108,22,243,22,183824,421786,15257,92699,3.907017673867131,0.1801782364889161
3669,0.1385920562889955,0,1,0,183825,421785,15257,92699,3.9070084108340435,0.18017858670046105
3670,0.1385959078809434,0,5,0,183830,421780,15257,92699,3.9069620956686055,0.1801803377786071
3671,0.1386051884728746,0,15,0,183845,421765,15257,92699,3.9068231501722925,0.1801855912172669
3672,0.1386079540614146,3,17,3,183862,421748,15260,92696,3.906665678609804,0.18018676474018552
3673,0.1386131840829673,0,1,0,183863,421747,15260,92696,3.9066564155767165,0.1801871149962192
3674,0.1386167441633689,0,6,0,183869,421741,15260,92696,3.9066008373781913,0.1801892165610172
3675,0.1386211989037675,0,4,0,183873,421737,15260,92696,3.906563785245841,0.18019061763145056
3676,0.1386538150235994,4,23,4,183896,421714,15264,92692,3.906350735484827,0.1801922994677356
3677,0.1386656566038277,1,5,1,183901,421709,15265,92691,3.9063044203193895,0.18019245723172628
3678,0.1386913881346673,0,1,0,183902,421708,15265,92691,3.906295157286302,0.18019280752878603
3679,0.1387010472250406,0,3,0,183905,421705,15265,92691,3.9062673681870392,0.18019385842813707
3680,0.1387154457313602,1,5,1,183910,421700,15266,92690,3.9062210530216013,0.18019401621337897
3681,0.1387229059315183,0,1,0,183911,421699,15266,92690,3.906211789988514,0.1801943665202794
3682,0.1387425296124303,0,7,0,183918,421692,15266,92690,3.906146948756901,0.1801968187067199
3683,0.1387726079601839,8,49,8,183967,421643,15274,92682,3.905693060135611,0.18020123462791038
3684,0.1387870064665035,9,109,9,184076,421534,15283,92673,3.9046833895290676,0.1802250844504256
3685,0.1388049895958072,2,6,2,184082,421528,15285,92671,3.904627811330542,0.18022399887981114
3686,0.1388216331504653,3,21,3,184103,421507,15288,92668,3.9044332876357033,0.18022657655467497
3687,0.1388231311514752,2,10,2,184113,421497,15290,92666,3.904340657304828,0.18022689302808642
3688,0.1388234946751471,3,9,3,184122,421488,15293,92663,3.90425729000704,0.18022526456235619
3689,0.1388308595215818,0,33,0,184155,421455,15293,92663,3.9039516099151506,0.18023683278935965
3690,0.1388320430295963,0,2,0,184157,421453,15293,92663,3.9039330838489756,0.18023753394175634
3691,0.1388404898241541,0,1,0,184158,421452,15293,92663,3.903923820815888,0.1802378845200004
3692,0.1388409789211401,0,5,0,184163,421447,15293,92663,3.90387750565045,0.18023963743167803
3693,0.1388453334239197,0,6,0,184169,421441,15293,92663,3.903821927451925,0.18024174097069853
3694,0.1388535458518116,4,45,4,184214,421396,15297,92659,3.903405090962985,0.18025114044217058
3695,0.1388792871613678,0,3,0,184217,421393,15297,92659,3.9033773018637223,0.18025219238520618
3696,0.1388837663592619,0,3,0,184220,421390,15297,92659,3.9033495127644597,0.18025324434052006
3697,0.1388890439222011,2,0,2,184220,421390,15299,92657,3.9033495127644597,0.18025005495606433
3698,0.1389076371477618,3,22,3,184242,421368,15302,92654,3.9031457260365334,0.18025298528078565
3699,0.138910233435133,0,6,0,184248,421362,15302,92654,3.9030901478380082,0.18025508933574053
3700,0.1389140251905243,2,17,2,184265,421345,15304,92652,3.90293267627552,0.18025786142720676
3701,0.1389147126330271,0,2,0,184267,421343,15304,92652,3.9029141502093445,0.18025856282648664
3702,0.1389171583724048,0,3,0,184270,421340,15304,92652,3.902886361110082,0.18025961493564102
3703,0.1389326493898466,23,198,23,184468,421142,15327,92629,3.901052280558746,0.1802923870751755
3704,0.138933229459592,0,2,0,184470,421140,15327,92629,3.901033754492571,0.18029308891739285
3705,0.1389340673743259,0,3,0,184473,421137,15327,92629,3.9010059653933085,0.18029414169096436
3706,0.13893854657222,0,12,0,184485,421125,15327,92629,3.9008948089962576,0.1802983529082012
3707,0.138945374384534,6,33,6,184518,421092,15333,92623,3.9005891289043686,0.18030036109515976
3708,0.1389519951605214,13,103,13,184621,420989,15346,92610,3.8996350364963503,0.18031577164285756
3709,0.1389628276671267,1,35,1,184656,420954,15347,92609,3.899310830338286,0.18032646432862182
3710,0.1389690746579883,1,17,1,184673,420937,15348,92608,3.8991533587757976,0.18033083760916765
3711,0.1389791978829051,32,240,32,184913,420697,15380,92576,3.8969302308347844,0.18036405577538658
3712,0.1389838587886056,0,1,0,184914,420696,15380,92576,3.896920967801697,0.1803644071759223
3713,0.1389951517979707,2,0,2,184914,420696,15382,92574,3.896920967801697,0.180361213396458
3714,0.1390019596291003,0,2,0,184916,420694,15382,92574,3.896902441735522,0.18036191619193093
3715,0.1390182580551453,0,4,0,184920,420690,15382,92574,3.8968653896031715,0.18036332179930795
3716,0.1390197711137614,0,2,0,184922,420688,15382,92574,3.8968468635369966,0.1803640246112122
3717,0.1390260980717359,0,5,0,184927,420683,15382,92574,3.8968005483715586,0.1803657816649359
3718,0.1390407097493523,3,14,3,184941,420669,15385,92571,3.896670865908333,0.1803659106850596
3719,0.1390411482361353,0,4,0,184945,420665,15385,92571,3.8966338137759826,0.18036731640025253
3720,0.1390450642521319,0,1,0,184946,420664,15385,92571,3.8966245507428954,0.1803676678324744
3721,0.1390499320109288,0,1,0,184947,420663,15385,92571,3.8966152877098077,0.18036801926606577
3722,0.1390503054313499,3,51,3,184998,420612,15388,92568,3.8961428730223426,0.1803811528118789
3723,0.1390507090701392,0,6,0,185004,420606,15388,92568,3.896087294823817,0.18038326181762912
3724,0.1390551965854207,0,2,0,185006,420604,15388,92568,3.896068768757642,0.18038396483050517
3725,0.1390563906239152,42,382,42,185388,420222,15430,92526,3.8925302901181964,0.1804512158019144
3726,0.1390609866466353,0,4,0,185392,420218,15430,92526,3.892493237985846,0.18045262353143088
3727,0.1390698494395901,0,5,0,185397,420213,15430,92526,3.892446922820408,0.18045438322421348
3728,0.1390718632618438,11,97,11,185494,420116,15441,92515,3.8915484086109156,0.18047094303699932
3729,0.1390745513267195,0,13,0,185507,420103,15441,92515,3.8914279891807775,0.18047551978276222
3730,0.1390790305246136,0,24,0,185531,420079,15441,92515,3.8912056763866762,0.18048396976944717
3731,0.1390919054456453,11,47,11,185578,420032,15452,92504,3.890770313831561,0.1804829319306351
3732,0.1390963846435394,8,58,8,185636,419974,15460,92496,3.890233057912483,0.1804905653013835
3733,0.1391024785767712,0,1,0,185637,419973,15460,92496,3.8902237948793954,0.18049091749939997
3734,0.1391044573399704,0,1,0,185638,419972,15460,92496,3.8902145318463077,0.18049126969879095
3735,0.1391148968188678,3,16,3,185654,419956,15463,92493,3.890066323316907,0.18049210750728364
3736,0.1391228517194105,2,30,2,185684,419926,15465,92491,3.88978843232428,0.18049947601270058
3737,0.1391273309173046,0,29,0,185713,419897,15465,92491,3.889519804364741,0.18050969187412663
3738,0.1391336400250521,0,5,0,185718,419892,15465,92491,3.8894734891993035,0.1805114533464225
3739,0.139139499774113,1,1,1,185719,419891,15466,92490,3.889464226166216,0.18051020627228567
3740,0.1391473478338617,1,22,1,185741,419869,15467,92489,3.8892604394382895,0.18051635770301236
3741,0.1391504313321594,0,4,0,185745,419865,15467,92489,3.8892233873059396,0.1805177670126514
3742,0.1391517259887336,32,236,32,185981,419629,15499,92457,3.8870373114972767,0.18054975140894303
3743,0.1391520884062211,0,2,0,185983,419627,15499,92457,3.8870187854311014,0.1805504565657197
3744,0.1391572587897293,0,8,0,185991,419619,15499,92457,3.8869446811664012,0.1805532772479085
3745,0.1391592375529285,1,5,1,185996,419614,15500,92456,3.8868983660009633,0.18055343995938056
3746,0.1391613216707312,57,485,57,186481,419129,15557,92399,3.8824057949534994,0.18063331821522965
3747,0.1391633550945867,1,3,1,186484,419126,15558,92398,3.8823780058542368,0.18063277578373643
3748,0.1391637167508226,2,32,2,186516,419094,15560,92396,3.882081588795435,0.18064087274433518
3749,0.1391688054862006,1,6,1,186522,419088,15561,92395,3.8820260105969098,0.18064138984091357
3750,0.1391700222413524,5,12,5,186534,419076,15566,92390,3.8819148541998594,0.1806376181407953
3751,0.1391740466654186,6,82,6,186616,418994,15572,92384,3.8811552854866798,0.18065696999088737
3752,0.1391764970378899,0,3,0,186619,418991,15572,92384,3.881127496387417,0.1806580298215595
3753,0.1391775190759033,0,2,0,186621,418989,15572,92384,3.881108970321242,0.18065873638224936
3754,0.1391783095627429,25,236,25,186857,418753,15597,92359,3.8789228945125793,0.18070207703986602
3755,0.1391807063143482,2,1,2,186858,418752,15599,92357,3.8789136314794916,0.18069922462723215
3756,0.1391904159633224,1,7,1,186865,418745,15600,92356,3.8788487902478788,0.18070009645842994
3757,0.1392005989415794,0,3,0,186868,418742,15600,92356,3.878821001148616,0.1807011571166391
3758,0.1392015761323481,1,2,1,186870,418740,15601,92355,3.878802475082441,0.18070026120388577
3759,0.139203270450323,3,17,3,186887,418723,15604,92352,3.8786450035199524,0.1807014626033361
3760,0.1392077700822482,2,31,2,186918,418692,15606,92350,3.8783578494942383,0.18070921763768927
3761,0.1392107605777367,22,162,22,187080,418530,15628,92328,3.8768572381340545,0.18073124038382485
3762,0.139218121203529,8,55,8,187135,418475,15636,92320,3.876347771314239,0.1807378693996613
3763,0.139218830175781,2,19,2,187154,418456,15638,92318,3.8761717736855754,0.1807413846436976
3764,0.1392266601385179,0,1,0,187155,418455,15638,92318,3.876162510652488,0.18074173850223094
3765,0.1392267678384617,8,142,8,187297,418313,15646,92310,3.8748471599540553,0.18077916584251003
3766,0.1392323893980389,14,124,14,187421,418189,15660,92296,3.873698543851199,0.18080061118348237
3767,0.1392342785488473,1,1,1,187422,418188,15661,92295,3.873689280818111,0.18079936060554416
3768,0.1392349125106363,9,141,9,187563,418047,15670,92286,3.872383193152766,0.1808348666458959
3769,0.139236868595933,19,182,19,187745,417865,15689,92267,3.870697321130831,0.18086887315439926
3770,0.1392372037490295,0,3,0,187748,417862,15689,92267,3.8706695320315685,0.1808699368199024
3771,0.1392374856519458,0,2,0,187750,417860,15689,92267,3.870651005965393,0.18087064593718818
3772,0.1392387163560134,0,13,0,187763,417847,15689,92267,3.870530586535255,0.18087525533508197
3773,0.1392414638499563,1,4,1,187767,417843,15690,92266,3.870493534402905,0.18087506787764968
3774,0.1392478972248021,0,4,0,187771,417839,15690,92266,3.8704564822705545,0.18087648621362268
3775,0.1392494204902581,1,0,1,187771,417839,15691,92265,3.8704564822705545,0.1808748804165425
3776,0.1392591111535117,0,2,0,187773,417837,15691,92265,3.8704379562043796,0.18087558958796476
3777,0.1392633356718041,3,69,3,187842,417768,15694,92262,3.8697988069213385,0.18089524145638491
3778,0.1392643895270413,2,17,2,187859,417751,15696,92260,3.8696413353588497,0.18089805906147122
3779,0.1392662943844464,3,18,3,187877,417733,15699,92257,3.869474600763274,0.1808996254828526
3780,0.1392678148696982,8,73,8,187950,417660,15707,92249,3.8687983993478823,0.18091267265335578
3781,0.1392692121775139,2,14,2,187964,417646,15709,92247,3.8686687168846565,0.18091442714451855
3782,0.1392731358016124,2,12,2,187976,417634,15711,92245,3.868557560487606,0.18091547210220463
3783,0.1392751021895314,2,21,2,187997,417613,15713,92243,3.8683630367927675,0.180919710663403
3784,0.1392822546326444,0,1,0,187998,417612,15713,92243,3.86835377375968,0.18092006550882114
3785,0.1392850629047999,85,775,85,188773,416837,15798,92158,3.8611749231168253,0.18105875303293745
3786,0.1392858846043826,0,1,0,188774,416836,15798,92158,3.8611656600837376,0.1810591087517731
3787,0.1392903909109242,24,170,24,188944,416666,15822,92134,3.8595909444588536,0.1810809748427673
3788,0.1392912004062738,0,14,0,188958,416652,15822,92134,3.859461261995628,0.1810859575538635
3789,0.1392940850884395,1,7,1,188965,416645,15823,92133,3.859396420764015,0.1810868394466742
3790,0.1392997215053221,1,12,1,188977,416633,15824,92132,3.859285264366964,0.1810895010466522
3791,0.1393042007032162,3,40,3,189017,416593,15827,92129,3.8589147430434623,0.1810989106034337
3792,0.1393130245850996,5,24,5,189041,416569,15832,92124,3.858692430249361,0.1810994057319444
3793,0.1393150968610487,18,129,18,189170,416440,15850,92106,3.857497498981066,0.18111635918874597
3794,0.1393153701397557,0,2,0,189172,416438,15850,92106,3.8574789729148913,0.18111707148250691
3795,0.139317075624248,15,144,15,189316,416294,15865,92091,3.8561450961502834,0.18114421157193858
3796,0.1393215548221421,11,149,11,189465,416145,15876,92080,3.8547649042202377,0.1811795956515323
3797,0.1393232989022404,4,45,4,189510,416100,15880,92076,3.854348067731298,0.18118919429488997
3798,0.1393340199523122,1,19,1,189529,416081,15881,92075,3.8541720701026345,0.1811943576382056
3799,0.1393365485454875,17,120,17,189649,415961,15898,92058,3.853060506132128,0.18120975790275562
3800,0.1393377053564336,0,2,0,189651,415959,15898,92058,3.853041980065953,0.18121047130312568
3801,0.1393452947882286,5,49,5,189700,415910,15903,92053,3.852588091444663,0.18121989200000788
3802,0.1393480218980131,4,28,4,189728,415882,15907,92049,3.8523287265182113,0.18122343389161127
3803,0.1393482540346418,9,81,9,189809,415801,15916,92040,3.8515784208381194,0.18123782837541672
3804,0.1393488707055183,9,95,9,189904,415706,15925,92031,3.8506984326948017,0.18125722568967792
3805,0.1393496751898446,2,17,2,189921,415689,15927,92029,3.8505409611323134,0.1812600695661765
3806,0.1393515422142618,3,39,3,189960,415650,15930,92026,3.8501797028418987,0.1812691559183416
3807,0.1393522181947786,6,33,6,189993,415617,15936,92020,3.8498740227500092,0.18127126273301591
3808,0.1393525010959072,11,40,11,190033,415577,15947,92009,3.849503501426507,0.18126780486459437
3809,0.1393557499172342,5,43,5,190076,415534,15952,92004,3.8491051910037424,0.18127509664300998
3810,0.139358019782916,1,6,1,190082,415528,15953,92003,3.8490496128052167,0.18127562651345436
3811,0.1393658700710102,0,1,0,190083,415527,15953,92003,3.8490403497721295,0.18127598368569345
3812,0.1393756815847507,24,116,24,190199,415411,15977,91979,3.847965837933973,0.1812787008021443
3813,0.139379200308407,5,27,5,190226,415384,15982,91974,3.8477157360406093,0.18128027940822852
3814,0.1393848991212624,0,2,0,190228,415382,15982,91974,3.847697209974434,0.1812809940160361
3815,0.1393867116461154,47,452,47,190680,414930,16029,91927,3.8435103190188595,0.18136673657461572
3816,0.1393882141196622,0,2,0,190682,414928,16029,91927,3.8434917929526846,0.1813674522299277
3817,0.1393977582619839,0,6,0,190688,414922,16029,91927,3.843436214754159,0.18136959922975088
3818,0.1393978105377742,2,9,2,190697,414913,16031,91925,3.843352847456371,0.18136958949407897
3819,0.1394001714160969,1,28,1,190725,414885,16032,91924,3.8430934825299197,0.18137799447128997
3820,0.139402237459878,0,11,0,190736,414874,16032,91924,3.8429915891659565,0.1813819312625543
3821,0.1394051013278207,5,29,5,190765,414845,16037,91919,3.8427229612064173,0.18138423408134752
3822,0.1394132558405574,0,12,0,190777,414833,16037,91919,3.842611804809367,0.18138852930032837
3823,0.139415586141925,1,15,1,190792,414818,16038,91918,3.8424728593130535,0.1813922831612516
3824,0.1394166341063718,1,1,1,190793,414817,16039,91917,3.842463596279966,0.18139102566632592
3825,0.1394173342155991,2,5,2,190798,414812,16041,91915,3.8424172811145283,0.1813895845297369
3826,0.1394191626611093,52,443,52,191241,414369,16093,91863,3.8383137574567416,0.18146422983928318
3827,0.139421949908263,4,26,4,191267,414343,16097,91859,3.838072918596465,0.1814670823110142
3828,0.1394237789299219,47,369,47,191636,413974,16144,91812,3.834654859387158,0.18152341108690237
3829,0.1394241324557658,31,306,31,191942,413668,16175,91781,3.831820371262366,0.18158310729668078
3830,0.1394254200985022,4,40,4,191982,413628,16179,91777,3.831449849938864,0.18159100127620423
3831,0.1394312824757512,0,1,0,191983,413627,16179,91777,3.8314405869057766,0.1815913605749064
3832,0.1394329402608509,6,129,6,192112,413498,16185,91771,3.8302456556374818,0.18162800409286933
3833,0.1394340093770595,0,4,0,192116,413494,16185,91771,3.830208603505132,0.1816294419759928
3834,0.1394341563683215,12,131,12,192247,413363,16197,91759,3.828995146170662,0.18165710462026996
3835,0.1394392333144786,0,1,0,192248,413362,16197,91759,3.8289858831375745,0.18165746425113982
3836,0.1394516268635372,2,27,2,192275,413335,16199,91757,3.8287357812442107,0.1816639344911422
3837,0.1394575595766416,39,342,39,192617,412993,16238,91718,3.825567823928267,0.18172379837174146
3838,0.1394614035939155,0,9,0,192626,412984,16238,91718,3.825484456630479,0.18172703892594044
3839,0.1394620374257255,0,7,0,192633,412977,16238,91718,3.825419615398866,0.18172955943688762
3840,0.1394620387745357,36,299,36,192932,412678,16274,91682,3.8226499685056874,0.18177888809580459
3841,0.139463886534616,2,25,2,192957,412653,16276,91680,3.8224183926784985,0.18178465418681705
3842,0.1394690360222973,4,63,4,193020,412590,16280,91676,3.8218348215939826,0.18180087493505412
3843,0.1394701795882437,1,2,1,193022,412588,16281,91675,3.8218162955278077,0.1817999734265651
3844,0.1394779773005027,0,1,0,193023,412587,16281,91675,3.82180703249472,0.18180033395338138
3845,0.1394804246918338,1,24,1,193047,412563,16282,91674,3.8215847197006187,0.1818073643941242
3846,0.139481537884985,5,28,5,193075,412535,16287,91669,3.8213253547741672,0.18180934701033707
3847,0.1394822917162511,13,54,13,193129,412481,16300,91656,3.820825150987439,0.18180772290071945
3848,0.1394885058504067,19,58,19,193187,412423,16319,91637,3.820287895068361,0.18179780184898622
3849,0.1394888949507423,18,51,18,193238,412372,16337,91619,3.819815480380896,0.1817869763547365
3850,0.1394929850483008,7,70,7,193308,412302,16344,91612,3.819167068064767,0.18180086284564428
3851,0.1394940135274366,0,1,0,193309,412301,16344,91612,3.8191578050316797,0.1818012236239192
3852,0.1394944884407193,0,3,0,193312,412298,16344,91612,3.819130015932417,0.18180230596733543
3853,0.1394969808336454,56,460,56,193772,411838,16400,91556,3.814869020712142,0.1818774160995165
3854,0.1395001744424389,1,4,1,193776,411834,16401,91555,3.814831968579792,0.18187723609375653
3855,0.1395013179692805,0,1,0,193777,411833,16401,91555,3.814822705546704,0.1818775974000175
3856,0.1395013950327922,1,3,1,193780,411830,16402,91554,3.8147949164474415,0.18187705608442065
3857,0.13950643108674,41,270,41,194050,411560,16443,91513,3.812293897513802,0.18190799347212036
3858,0.1395072355710662,1,20,1,194070,411540,16444,91512,3.812108636852051,0.18191359938932755
3859,0.1395110657229528,0,2,0,194072,411538,16444,91512,3.8120901107858756,0.18191432263194512
3860,0.1395136228985868,0,2,0,194074,411536,16444,91512,3.8120715847197006,0.1819150458803136
3861,0.1395175161901061,0,2,0,194076,411534,16444,91512,3.8120530586535257,0.18191576913443303
3862,0.1395175508811779,0,1,0,194077,411533,16444,91512,3.812043795620438,0.18191613076364938
3863,0.1395191740707345,0,1,0,194078,411532,16444,91512,3.8120345325873504,0.1819164923943035
3864,0.1395222914352745,4,15,4,194093,411517,16448,91508,3.811895587091037,0.1819154117588589
3865,0.1395225537107428,0,1,0,194094,411516,16448,91508,3.8118863240579497,0.1819157734024619
3866,0.1395227573693241,0,4,0,194098,411512,16448,91508,3.8118492719255994,0.18191721999125282
3867,0.1395291537088573,0,4,0,194102,411508,16448,91508,3.811812219793249,0.1819186666030504
3868,0.13954495062886,25,310,25,194412,411198,16473,91483,3.808940679536107,0.18199016871534832
3869,0.1395450256164408,7,90,7,194502,411108,16480,91476,3.8081070065582274,0.18201136526431402
3870,0.1395555963333034,1,16,1,194518,411092,16481,91475,3.8079587980288268,0.18201553225739056
3871,0.1395562713535384,1,0,1,194518,411092,16482,91474,3.8079587980288268,0.18201390464138043
3872,0.1395571338367703,2,5,2,194523,411087,16484,91472,3.807912482863389,0.18201246022855028
3873,0.1395577506111282,1,8,1,194531,411079,16485,91471,3.8078383785986882,0.1820137299771167
3874,0.139558676189448,1,7,1,194538,411072,16486,91470,3.8077735373670754,0.18201463758253042
3875,0.1395588081174998,7,83,7,194621,410989,16493,91463,3.8070047056208085,0.18203330865435902
3876,0.1395600755311974,0,2,0,194623,410987,16493,91463,3.8069861795546336,0.18203403323713802
3877,0.1395637751648134,1,12,1,194635,410975,16494,91462,3.8068750231575827,0.18203675286652854
3878,0.1395649058703107,31,268,31,194903,410707,16525,91431,3.804392530290118,0.1820834113331395
3879,0.1395681351800113,0,2,0,194905,410705,16525,91431,3.804374004223943,0.18208413656857902
3880,0.1395734242132445,28,216,28,195121,410489,16553,91403,3.8023731890770316,0.18211686976480995
3881,0.1395741944875935,0,1,0,195122,410488,16553,91403,3.802363926043944,0.1821172326262077
3882,0.1395808984880656,0,1,0,195123,410487,16553,91403,3.8023546630108562,0.18211759548905138
3883,0.1395826264580961,2,3,2,195126,410484,16555,91401,3.8023268739115936,0.18211542484832183
3884,0.1395859736001914,1,2,1,195128,410482,16556,91400,3.8023083478454187,0.1821145209431699
3885,0.139588993539884,0,5,0,195133,410477,16556,91400,3.8022620326799808,0.18211633527736876
3886,0.1395890506526732,0,1,0,195134,410476,16556,91400,3.802252769646893,0.18211669814854664
3887,0.1395911272044418,0,9,0,195143,410467,16556,91400,3.8021694023491053,0.18211996405422154
3888,0.1395917167495432,42,307,42,195450,410160,16598,91358,3.799325651191226,0.18216295327386056
3889,0.139592339495141,0,1,0,195451,410159,16598,91358,3.7993163881581387,0.18216331649774584
3890,0.1395941144458861,2,5,2,195456,410154,16600,91356,3.7992700729927007,0.18216187114912963
3891,0.1396043704870097,6,53,6,195509,410101,16606,91350,3.7987791322390603,0.18217133877487532
3892,0.1396103765462614,1,11,1,195520,410090,16607,91349,3.798677238875097,0.18217370407965874
3893,0.1396111906818202,15,148,15,195668,409942,16622,91334,3.7973063099781394,0.18220301789832347
3894,0.1396148557441555,1,11,1,195679,409931,16623,91333,3.7972044166141763,0.1822053847872578
3895,0.13961495344205,0,2,0,195681,409929,16623,91333,3.797185890548001,0.1822061117738827
3896,0.1396158128344571,4,71,4,195752,409858,16627,91329,3.7965282151987845,0.18222539690774103
3897,0.1396166282660935,0,1,0,195753,409857,16627,91329,3.7965189521656972,0.18222576049610326
3898,0.1396200619390004,3,59,3,195812,409798,16630,91326,3.7959724332135316,0.1822423192662894
3899,0.13962027640847,0,2,0,195814,409796,16630,91326,3.7959539071473563,0.18224304660342192
3900,0.139622088933323,10,98,10,195912,409698,16640,91316,3.795046129904776,0.182262371909767
3901,0.1396303688526431,96,840,96,196752,408858,16736,91220,3.7872651821112306,0.18241154379916732
3902,0.1396337736087054,5,46,5,196798,408812,16741,91215,3.786839082589203,0.18242014931193715
3903,0.1396344974798302,0,5,0,196803,408807,16741,91215,3.786792767423765,0.18242197343316893
3904,0.1396379850730555,8,51,8,196854,408756,16749,91207,3.7863203527363,0.18242749963497298
3905,0.139644331193531,0,2,0,196856,408754,16749,91207,3.7863018266701247,0.18242822940189335
3906,0.1396497641856533,0,5,0,196861,408749,16749,91207,3.786255511504687,0.18243005384473834
3907,0.1396518515987561,2,12,2,196873,408737,16751,91205,3.7861443551076364,0.18243116201479373
3908,0.1396545399483169,7,69,7,196942,408668,16758,91198,3.7855052058245953,0.18244489523192214
3909,0.1396622598890094,0,2,0,196944,408666,16758,91198,3.78548667975842,0.18244562521005714
3910,0.1396687668505095,21,209,21,197153,408457,16779,91177,3.7835507058431213,0.18248758090922557
3911,0.1396714609699063,0,1,0,197154,408456,16779,91177,3.7835414428100336,0.1824879461524759
3912,0.1396716681876714,0,1,0,197155,408455,16779,91177,3.7835321797769463,0.18248831139718832
3913,0.1396747914041947,12,90,12,197245,408365,16791,91165,3.782698506799066,0.18250155145837088
3914,0.139678744027512,0,1,0,197246,408364,16791,91165,3.782689243765979,0.1825019168056309
3915,0.1396792255783321,39,381,39,197627,407983,16830,91126,3.7791600281596205,0.1825773528427658
3916,0.1396826953486228,1,7,1,197634,407976,16831,91125,3.7790951869280076,0.18257827573978014
3917,0.1396827978725213,0,2,0,197636,407974,16831,91125,3.7790766608618327,0.18257900737128305
3918,0.1396871745465168,0,4,0,197640,407970,16831,91125,3.7790396087294824,0.1825804706518799
3919,0.1396875163988821,2,7,2,197647,407963,16833,91123,3.7789747674978695,0.18257975579359068
3920,0.1396981781485784,0,1,0,197648,407962,16833,91123,3.778965504464782,0.1825801216225693
3921,0.1396984240763856,0,1,0,197649,407961,16833,91123,3.778956241431694,0.18258048745301392
3922,0.139702064987545,1,3,1,197652,407958,16834,91122,3.7789284523324316,0.18257994710266892
3923,0.1397045431174773,47,385,47,198037,407573,16881,91075,3.7753621845937233,0.18264386902183505
3924,0.1397067304868215,0,2,0,198039,407571,16881,91075,3.7753436585275484,0.18264460158108156
3925,0.139713267029816,0,6,0,198045,407565,16881,91075,3.7752880803290227,0.1826467992940799
3926,0.1397136416223879,2,4,2,198049,407561,16883,91073,3.775251028196673,0.18264498610203075
3927,0.1397167231021806,1,7,1,198056,407554,16884,91072,3.77518618696506,0.18264591096332722
3928,0.1397169151721926,1,2,1,198058,407552,16885,91071,3.7751676608988847,0.18264500434195774
3929,0.1397178036386087,0,2,0,198060,407550,16885,91071,3.7751491348327098,0.18264573694248737
3930,0.139718120820282,0,1,0,198061,407549,16885,91071,3.775139871799622,0.1826461032449561
3931,0.1397224662515324,70,529,70,198590,407020,16955,91001,3.770239727296306,0.18272522644627434
3932,0.1397262411828643,1,11,1,198601,407009,16956,91000,3.770137833932343,0.18272762138836848
3933,0.1397328234475346,0,3,0,198604,407006,16956,91000,3.77011004483308,0.18272872214390992
3934,0.1397342453641303,3,92,3,198696,406914,16959,90997,3.769257845789025,0.182757561090235
3935,0.1397419547594749,0,2,0,198698,406912,16959,90997,3.76923931972285,0.1827582951904866
3936,0.1397475867955485,0,1,0,198699,406911,16959,90997,3.7692300566897625,0.18275866224282397
3937,0.1397483744527828,0,6,0,198705,406905,16959,90997,3.7691744784912373,0.18276086458781046
3938,0.1397632252059889,1,9,1,198714,406896,16960,90996,3.769091111193449,0.18276252681304378
3939,0.1397670782728205,2,10,2,198724,406886,16962,90994,3.7689984808625736,0.18276291475857637
3940,0.1397682146175809,5,21,5,198745,406865,16967,90989,3.768803957167735,0.18276241629071976
3941,0.139768421835346,0,2,0,198747,406863,16967,90989,3.76878543110156,0.1827631504945245
3942,0.1397697388837216,0,1,0,198748,406862,16967,90989,3.7687761680684724,0.18276351759863896
3943,0.1397699848115289,7,9,7,198757,406853,16974,90982,3.768692800770684,0.18275533058141755
3944,0.139772548568988,0,2,0,198759,406851,16974,90982,3.768674274704509,0.1827560647847772
3945,0.139772693815475,2,25,2,198784,406826,16976,90980,3.7684426988773203,0.1827619594781903
3946,0.1397729010332401,0,4,0,198788,406822,16976,90980,3.76840564674497,0.1827634280296182
3947,0.1397732761283907,3,26,3,198814,406796,16979,90977,3.768164807884694,0.18276804888975498
3948,0.1397736257226883,7,30,7,198844,406766,16986,90970,3.767886916892067,0.18276757156404197
3949,0.1397766797736911,3,30,3,198874,406736,16989,90967,3.7676090258994406,0.18277366220416594
3950,0.1397803279160676,3,35,3,198909,406701,16992,90964,3.767284819741376,0.18278159002541872
3951,0.1397805136876426,4,7,4,198916,406694,16996,90960,3.7672199785097633,0.18277759246384034
3952,0.1397809737296712,0,1,0,198917,406693,16996,90960,3.7672107154766756,0.1827779597430338
3953,0.1397853208444609,0,4,0,198921,406689,16996,90960,3.7671736633443254,0.18277942887456822
3954,0.1397887814808854,0,3,0,198924,406686,16996,90960,3.7671458742450628,0.1827805307387179
3955,0.1397907800071537,0,1,0,198925,406685,16996,90960,3.767136611211975,0.18278089802971997
3956,0.1397923355511497,1,20,1,198945,406665,16997,90959,3.766951350550224,0.1827866019323827
3957,0.139792447445698,2,4,2,198949,406661,16999,90957,3.766914298417874,0.1827847867239529
3958,0.1397985326382633,23,155,23,199104,406506,17022,90934,3.765478528289303,0.18280395625603088
3959,0.1397985599852257,0,1,0,199105,406505,17022,90934,3.7654692652562156,0.18280432374622818
3960,0.1397995292878144,1,4,1,199109,406501,17023,90933,3.7654322131238653,0.18280415090243127
3961,0.1398021692648504,0,1,0,199110,406500,17023,90933,3.7654229500907777,0.18280451839745251
3962,0.1398121650382447,1,0,1,199110,406500,17024,90932,3.7654229500907777,0.182802875568922
3963,0.1398177467262028,0,12,0,199122,406488,17024,90932,3.7653117936937273,0.1828072855936633
3964,0.1398191475306917,3,57,3,199179,406431,17027,90929,3.7647838008077366,0.18282330706128358
3965,0.1398202695215675,0,7,0,199186,406424,17027,90929,3.7647189595761237,0.18282588020983084
3966,0.1398232818249149,2,12,2,199198,406412,17029,90927,3.764607803179073,0.1828270053223254
3967,0.1398295062589908,0,2,0,199200,406410,17029,90927,3.764589277112898,0.18282774054614878
3968,0.1398304910166955,12,84,12,199284,406326,17041,90915,3.7638111823335434,0.18283890507822162
3969,0.1398336682752116,0,2,0,199286,406324,17041,90915,3.763792656267368,0.18283964049481236
3970,0.1398363044087336,0,3,0,199289,406321,17041,90915,3.7637648671681054,0.182840743630791
3971,0.1398406718595325,0,5,0,199294,406316,17041,90915,3.763718552002668,0.18284258222033622
3972,0.1398437595939032,1,4,1,199298,406312,17042,90914,3.7636814998703176,0.18284240968895432
3973,0.1398450292718892,2,12,2,199310,406300,17044,90912,3.763570343473267,0.1828435355542505
3974,0.1398569494778085,0,1,0,199311,406299,17044,90912,3.763561080440179,0.18284390329256595
3975,0.1398596676584329,0,3,0,199314,406296,17044,90912,3.7635332913409165,0.18284500651638752
3976,0.1398602241395915,1,0,1,199314,406296,17045,90911,3.7635332913409165,0.18284336302586246
3977,0.1398629420316894,13,102,13,199416,406194,17058,90898,3.762588461965986,0.18285951091548447
3978,0.1398649948661195,29,182,29,199598,406012,17087,90869,3.760902589944051,0.18287879794155945
3979,0.1398698020229379,4,30,4,199628,405982,17091,90865,3.7606246989514247,0.18288326184922118
3980,0.1398756417099282,0,6,0,199634,405976,17091,90865,3.7605691207528995,0.18288547040199984
3981,0.1398770217773588,7,7,7,199641,405969,17098,90858,3.7605042795212866,0.18287653448785995
3982,0.139877480286883,4,27,4,199668,405942,17102,90854,3.7602541776279224,0.1828798943630786
3983,0.1398801209078222,0,1,0,199669,405941,17102,90854,3.760244914594835,0.1828802624825129
3984,0.1398809748145461,1,3,1,199672,405938,17103,90853,3.760217125495572,0.1828797220561564
3985,0.1398840601070294,0,2,0,199674,405936,17103,90853,3.760198599429397,0.1828804583032233
3986,0.1398840792541838,2,9,2,199683,405927,17105,90851,3.7601152321316094,0.18288048182487954
3987,0.1398842864719489,0,2,0,199685,405925,17105,90851,3.760096706065434,0.18288121809427185
3988,0.1398909579225484,2,10,2,199695,405915,17107,90849,3.7600040757345585,0.18288160977848636
3989,0.1398947791923044,0,1,0,199696,405914,17107,90849,3.759994812701471,0.182881977925087
3990,0.1398953136329003,0,6,0,199702,405908,17107,90849,3.7599392345029456,0.18288418683581711
3991,0.1398966462167217,0,2,0,199704,405906,17107,90849,3.7599207084367707,0.18288492315125163
3992,0.1398997928307943,2,21,2,199725,405885,17109,90847,3.759726184741932,0.18288936488891394
3993,0.1399034636850793,16,90,16,199815,405795,17125,90831,3.758892511764052,0.1828961834458929
3994,0.1399040846034076,1,20,1,199835,405775,17126,90830,3.758707251102301,0.18290190392766886
3995,0.1399064613150337,0,1,0,199836,405774,17126,90830,3.7586979880692133,0.1829022722330066
3996,0.1399078655272254,0,1,0,199837,405773,17126,90830,3.7586887250361256,0.18290264053982758
3997,0.1399079680511239,2,8,2,199845,405765,17128,90828,3.7586146207714255,0.1829022962466245
3998,0.1399086549102662,0,6,0,199851,405759,17128,90828,3.7585590425729,0.1829045061590416
3999,0.1399123447251195,0,2,0,199853,405757,17128,90828,3.758540516506725,0.18290524280838125
4000,0.1399153203290465,0,55,0,199908,405702,17128,90828,3.7580310496869096,0.18292550299075586
4001,0.1399161886797667,2,14,2,199922,405688,17130,90826,3.757901367223684,0.1829273696209976
4002,0.1399207855872106,5,23,5,199945,405665,17135,90821,3.75768831746267,0.18292761528018917
4003,0.1399216691131886,2,6,2,199951,405659,17137,90819,3.7576327392641447,0.18292653450908197
4004,0.1399253172555651,0,2,0,199953,405657,17137,90819,3.7576142131979697,0.18292727140888987
4005,0.1399262599066654,0,10,0,199963,405647,17137,90819,3.757521582867094,0.1829309559969867
4006,0.1399304219228862,1,30,1,199993,405617,17138,90818,3.7572436918744674,0.18294036480103135
4007,0.1399307391045595,2,16,2,200009,405601,17140,90816,3.7570954833450667,0.18294296931813375
4008,0.1399349011207803,8,53,8,200062,405548,17148,90808,3.7566045425914263,0.18294933475167016
4009,0.1399388118009906,0,2,0,200064,405546,17148,90808,3.756586016525251,0.18295007192447327
4010,0.13993977821195,0,7,0,200071,405539,17148,90808,3.756521175293638,0.18295265207606776
4011,0.1399408504226972,0,3,0,200074,405536,17148,90808,3.7564933861943755,0.18295375787760101
4012,0.1399416680356117,1,5,1,200079,405531,17149,90807,3.756447071028938,0.18295395476469664
4013,0.1399432909988846,1,0,1,200079,405531,17150,90806,3.756447071028938,0.1829523086128981
4014,0.1399446924406515,0,5,0,200084,405526,17150,90806,3.7564007558635,0.18295415165655246
4015,0.1399483403883754,0,4,0,200088,405522,17150,90806,3.7563637037311497,0.18295562611821214
4016,0.1399510190235567,0,8,0,200096,405514,17150,90806,3.756289599466449,0.18295857511283042
4017,0.1399525355496894,10,81,10,200177,405433,17160,90796,3.755539293786357,0.18297197463267967
4018,0.1399577044150947,2,0,2,200177,405433,17162,90794,3.755539293786357,0.18296868167189612
4019,0.1399606669769842,1,12,1,200189,405421,17163,90793,3.755428137389307,0.1829714598943198
4020,0.1399625186576917,10,86,10,200275,405335,17173,90783,3.754631516543777,0.18298670880717893
4021,0.1399626457401835,2,20,2,200295,405315,17175,90781,3.754446255882026,0.1829907921047539
4022,0.1399626841887212,0,1,0,200296,405314,17175,90781,3.7544369928489383,0.18299116096715348
4023,0.1399671249380776,0,32,0,200328,405282,17175,90781,3.754140575790137,0.18300296534915927
4024,0.1399685412855064,2,32,2,200360,405250,17177,90779,3.753844158731335,0.1830114771515375
4025,0.1399741190506055,0,5,0,200365,405245,17177,90779,3.753797843565897,0.18301332193603537
4026,0.1399778299027892,0,3,0,200368,405242,17177,90779,3.7537700544666346,0.18301442882458605
4027,0.1399792603707813,1,10,1,200378,405232,17178,90778,3.753677424135759,0.18301647144210803
4028,0.1399802156454095,11,34,11,200412,405198,17189,90767,3.753362481010782,0.18301089794642766
4029,0.1399839207627581,0,1,0,200413,405197,17189,90767,3.7533532179776947,0.18301126694679454
4030,0.1399850818570636,7,23,7,200436,405174,17196,90760,3.7531401682166807,0.18300822286836554
4031,0.1399887299994401,10,59,10,200495,405115,17206,90750,3.752593649264515,0.18301352182549685
4032,0.1399935920139487,1,5,1,200500,405110,17207,90749,3.7525473340990776,0.18301371962594204
4033,0.1399980712118427,0,9,0,200509,405101,17207,90749,3.7524639668012894,0.18301704144398506
4034,0.1400027407252475,1,1,1,200510,405100,17208,90748,3.7524547037682017,0.18301576289508076
4035,0.1400032682546337,0,5,0,200515,405095,17208,90748,3.752408388602764,0.18301760839620607
4036,0.1400048254341109,10,144,10,200659,404951,17218,90738,3.7510745118381563,0.1830542941239366
4037,0.1400050807794867,23,184,23,200843,404767,17241,90715,3.749370113750046,0.1830843501883015
4038,0.1400111782695032,0,10,0,200853,404757,17241,90715,3.7492774834191707,0.18308804533858625
4039,0.1400113389470933,6,94,6,200947,404663,17247,90709,3.7484067583089407,0.1831128929370251
4040,0.1400147875491279,2,15,2,200962,404648,17249,90707,3.748267812812627,0.18311513964732365
4041,0.140017477554415,2,15,2,200977,404633,17251,90705,3.7481288673163142,0.18311738651183637
4042,0.1400175057297524,9,29,9,201006,404604,17260,90696,3.747860239356775,0.18311326468806785
4043,0.1400237301638283,0,1,0,201007,404603,17260,90696,3.7478509763236874,0.18311363439053985
4044,0.140024345941546,4,11,4,201018,404592,17264,90692,3.747749082959724,0.18311110393228935
4045,0.140027204919148,24,180,24,201198,404412,17288,90668,3.7460817370039647,0.18313807869435242
4046,0.1400276952749982,0,4,0,201202,404408,17288,90668,3.7460446848716145,0.18313955837083598
4047,0.1400336869990127,0,1,0,201203,404407,17288,90668,3.746035421838527,0.18313992829369288
4048,0.1400362271027876,1,1,1,201204,404406,17289,90667,3.746026158805439,0.18313864823975454
4049,0.1400365109020397,3,6,3,201210,404400,17292,90664,3.745970580606914,0.1831359177803274
4050,0.1400375317944805,14,127,14,201337,404273,17306,90650,3.7447941754047944,0.1831598046564819
4051,0.1400381661969068,0,1,0,201338,404272,17306,90650,3.744784912371707,0.18316017473460464
4052,0.1400416204882511,0,8,0,201346,404264,17306,90650,3.7447108081070066,0.18316313541342535
4053,0.1400421245432683,1,15,1,201361,404249,17307,90649,3.744571862610693,0.18316703643983204
4054,0.1400462865594891,4,17,4,201378,404232,17311,90645,3.744414391048205,0.18316672627743863
4055,0.1400484520035175,1,30,1,201408,404202,17312,90644,3.7441365000555784,0.18317618006410075
4056,0.1400517709046477,0,6,0,201414,404196,17312,90644,3.7440809218570528,0.18317840109934524
4057,0.1400523395735261,1,2,1,201416,404194,17313,90643,3.744062395790878,0.18317749076968778
4058,0.1400546764375935,1,0,1,201416,404194,17314,90642,3.744062395790878,0.1831758400763081
4059,0.1400575209382056,0,2,0,201418,404192,17314,90642,3.7440438697247025,0.18317658042899235
4060,0.1400620001360997,0,6,0,201424,404186,17314,90642,3.7439882915261773,0.18317880152295343
4061,0.1400731662309477,0,9,0,201433,404177,17314,90642,3.7439049242283895,0.1831821332648908
4062,0.1400754982824161,0,3,0,201436,404174,17314,90642,3.743877135129127,0.18318324387246976
4063,0.1400785103767864,1,11,1,201447,404163,17315,90641,3.7437752417651637,0.18318566543520262
4064,0.1400805595264806,0,5,0,201452,404158,17315,90641,3.743728926599726,0.18318751654712317
4065,0.1400880614051031,0,3,0,201455,404155,17315,90641,3.743701137500463,0.1831886272322331
4066,0.1400882599942057,9,66,9,201521,404089,17324,90632,3.7430897773166847,0.1831982066659794
4067,0.1400884672119708,2,3,2,201524,404086,17326,90630,3.743061988217422,0.18319601549171646
4068,0.140089084928387,0,4,0,201528,404082,17326,90630,3.743024936085072,0.18319749672536748
4069,0.1400927391920997,10,84,10,201612,403998,17336,90620,3.7422468413057173,0.1832120949904775
4070,0.1400929464098649,1,9,1,201621,403989,17337,90619,3.742163474007929,0.1832137773752143
4071,0.1400959066766893,11,147,11,201768,403842,17348,90608,3.7408018081440586,0.18325007584184447
4072,0.1400975478452696,0,5,0,201773,403837,17348,90608,3.740755492978621,0.18325192893041692
4073,0.1400992907874957,7,32,7,201805,403805,17355,90601,3.7404590759198193,0.1832522259034073
4074,0.1400999070183562,0,4,0,201809,403801,17355,90601,3.740422023787469,0.1832537085205966
4075,0.1401000952718219,0,2,0,201811,403799,17355,90601,3.7404034977212937,0.1832544498381877
4076,0.1401056785434706,3,57,3,201868,403742,17358,90598,3.7398755048353034,0.18327062345753933
4077,0.1401085794047784,0,1,0,201869,403741,17358,90598,3.7398662418022157,0.1832709941962904
4078,0.1401094566505516,0,5,0,201874,403736,17358,90598,3.7398199266367778,0.18327284791254497
4079,0.1401155424864142,0,5,0,201879,403731,17358,90598,3.7397736114713402,0.18327470166629917
4080,0.1401185050483037,7,90,7,201969,403641,17365,90591,3.7389399384934605,0.1832965085223134
4081,0.1401204838115029,21,112,21,202081,403529,17386,90570,3.737902478787654,0.1833033460905608
4082,0.1401215359433809,1,1,1,202082,403528,17387,90569,3.737893215754567,0.18330206416958614
4083,0.140124963009397,22,153,22,202235,403375,17409,90547,3.7364759716921707,0.18332246792003595
4084,0.1401261016667281,3,60,3,202295,403315,17412,90544,3.7359201897069174,0.18333977916773816
4085,0.1401310776026512,1,0,1,202295,403315,17413,90543,3.7359201897069174,0.1833381255340604
4086,0.140136820752003,5,16,5,202311,403299,17418,90538,3.7357719811775167,0.1833357970342441
4087,0.1401439722703557,7,50,7,202361,403249,17425,90531,3.735308829523139,0.18334278423589453
4088,0.140144726966091,27,185,27,202546,403064,17452,90504,3.7335951684019415,0.18336683091286307
4089,0.1401472433421688,0,10,0,202556,403054,17452,90504,3.733502538071066,0.1833705461161606
4090,0.1401514300852681,12,47,12,202603,403007,17464,90492,3.733067175515951,0.18336815272168738
4091,0.1401555543173878,0,1,0,202604,403006,17464,90492,3.7330579124828636,0.18336852428986541
4092,0.1401559092831622,6,115,6,202719,402891,17470,90486,3.7319926636777945,0.18340133407110587
4093,0.1401570464003962,1,2,1,202721,402889,17471,90485,3.7319741376116196,0.18340042239761317
4094,0.1401633197622313,11,78,11,202799,402811,17482,90474,3.73125162103079,0.18341121258501678
4095,0.1401670541883492,0,1,0,202800,402810,17482,90474,3.731242357997703,0.18341158440168343
4096,0.1401691085804129,21,89,21,202889,402721,17503,90453,3.7304179480529105,0.18340991212026586
4097,0.1401703226993722,0,3,0,202892,402718,17503,90453,3.730390158953648,0.1834110278179374
4098,0.1401721416554671,0,1,0,202893,402717,17503,90453,3.73038089592056,0.18341139972017761
4099,0.1401723699902404,1,9,1,202902,402708,17504,90452,3.7302975286227724,0.18341309108605727
4100,0.1401733855748085,0,1,0,202903,402707,17504,90452,3.7302882655896847,0.18341346300077663
4101,0.1401845764502988,4,21,4,202924,402686,17508,90448,3.730093741894846,0.1834146499734352
4102,0.1401857236921095,0,3,0,202927,402683,17508,90448,3.7300659527955835,0.18341576579042893
4103,0.1401895384682631,0,2,0,202929,402681,17508,90448,3.730047426729408,0.18341650967596715
4104,0.1401943489733591,5,35,5,202964,402646,17513,90443,3.7297232205713438,0.1834212484967217
4105,0.1401948681881132,0,3,0,202967,402643,17513,90443,3.729695431472081,0.18342236445569332
4106,0.1401964451234508,2,3,2,202970,402640,17515,90441,3.7296676423728186,0.18342016828878013
4107,0.1402041246308086,14,43,14,203013,402597,17529,90427,3.7292693319500536,0.18341297786720323
4108,0.1402043318485737,3,5,3,203018,402592,17532,90424,3.729223016784616,0.183409869050903
4109,0.1402112206995819,1,5,1,203023,402587,17533,90423,3.729176701619178,0.18341007281799557
4110,0.1402153590095251,4,39,4,203062,402548,17537,90419,3.7288154433287635,0.18341795698292176
4111,0.1402154605810063,0,2,0,203064,402546,17537,90419,3.7287969172625886,0.1834187011248263
4112,0.1402166640278123,1,13,1,203077,402533,17538,90418,3.7286764978324505,0.18342188168803797
4113,0.1402166947828519,40,389,40,203466,402144,17578,90378,3.7250731779613915,0.18350043246799128
4114,0.1402181747071034,0,1,0,203467,402143,17578,90378,3.7250639149283042,0.18350080504181548
4115,0.1402198382074191,4,36,4,203503,402107,17582,90374,3.724730445737152,0.18350758709473056
4116,0.1402204591442712,3,10,3,203513,402097,17585,90371,3.7246378154062767,0.1835063394982009
4117,0.1402217153031102,0,3,0,203516,402094,17585,90371,3.724610026307014,0.18350745738275817
4118,0.1402263506368586,0,1,0,203517,402093,17585,90371,3.7246007632739264,0.18350783001397056
4119,0.1402308216073125,0,2,0,203519,402091,17585,90371,3.7245822372077515,0.1835085752809354
4120,0.1402308447738112,0,1,0,203520,402090,17585,90371,3.724572974174664,0.18350894791668781
4121,0.1402309358642672,0,8,0,203528,402082,17585,90371,3.7244988699099633,0.18351192905718922
4122,0.1402318004409189,2,22,2,203550,402060,17587,90369,3.724295083182037,0.1835168115606514
4123,0.1402363484481058,6,65,6,203615,401995,17593,90363,3.723692986031346,0.18353108916682576
4124,0.1402437023906104,1,5,1,203620,401990,17594,90362,3.723646670865908,0.18353129468347848
4125,0.1402463052832902,3,39,3,203659,401951,17597,90359,3.7232854125754935,0.18354085840222623
4126,0.1402473239111316,0,2,0,203661,401949,17597,90359,3.7232668865093186,0.18354160403649747
4127,0.1402491364359845,2,64,2,203725,401885,17599,90357,3.722674052391715,0.1835621503244339
4128,0.1402492639959325,6,28,6,203753,401857,17605,90351,3.7224146874652635,0.1835626401846374
4129,0.1402507844811843,6,37,6,203790,401820,17611,90345,3.722071955241024,0.18356648684892263
4130,0.1402568511687174,6,103,6,203893,401717,17617,90339,3.721117862833006,0.18359495667159836
4131,0.1402576556530436,1,3,1,203896,401714,17618,90338,3.7210900737337433,0.1835944168502516
4132,0.1402620247578751,0,2,0,203898,401712,17618,90338,3.7210715476675684,0.18359516309318158
4133,0.1402639317707459,2,26,2,203924,401686,17620,90336,3.720830708807292,0.18360154627232117
4134,0.1402648993836722,0,2,0,203926,401684,17620,90336,3.720812182741117,0.18360229258973212
4135,0.140267294721871,3,48,3,203974,401636,17623,90333,3.720367557152914,0.18361522778874279
4136,0.1402677639900411,0,2,0,203976,401634,17623,90333,3.720349031086739,0.18361597424217477
4137,0.1402735877754987,0,1,0,203977,401633,17623,90333,3.7203397680536514,0.1836163474711667
4138,0.1402776391219475,0,2,0,203979,401631,17623,90333,3.7203212419874765,0.18361709393370246
4139,0.1402793493665901,1,14,1,203993,401617,17624,90332,3.7201915595242507,0.1836206598651486
4140,0.1402815874509784,4,41,4,204034,401576,17628,90328,3.7198117751676607,0.18362932604735882
4141,0.1402817216924007,0,3,0,204037,401573,17628,90328,3.719783986068398,0.18363044596372033
4142,0.1402826911168083,5,36,5,204073,401537,17633,90323,3.7194505168772465,0.18363558736225755
4143,0.1402871703147023,9,71,9,204144,401466,17642,90314,3.71879284152803,0.18364715929887349
4144,0.1402974217146916,0,1,0,204145,401465,17642,90314,3.7187835784949423,0.18364753273319925
4145,0.1403023823424558,1,11,1,204156,401454,17643,90313,3.718681685130979,0.18364998058023413
4146,0.1403024965994105,15,175,15,204331,401279,17658,90298,3.7170606543406572,0.18369044930906042
4147,0.1403033611760621,16,128,16,204459,401151,17674,90282,3.7158749861054505,0.18371171655139154
4148,0.1403059572453755,1,4,1,204463,401147,17675,90281,3.7158379339731002,0.1837115508273847
4149,0.1403127542226959,0,4,0,204467,401143,17675,90281,3.71580088184075,0.18371304616787132
4150,0.1403136373905734,0,14,0,204481,401129,17675,90281,3.715671199377524,0.18371828005128102
4151,0.1403153259522881,5,62,5,204543,401067,17680,90276,3.715096891326096,0.1837331558605699
4152,0.1403181165884675,5,16,5,204559,401051,17685,90271,3.714948682796695,0.18373083232584742
4153,0.1403213055459833,3,32,3,204591,401019,17688,90268,3.714652265737893,0.18373781516710191
4154,0.1403281607706917,1,3,1,204594,401016,17689,90267,3.7146244766386305,0.18373727566392486
4155,0.1403283679884568,0,1,0,204595,401015,17689,90267,3.714615213605543,0.18373764965946238
4156,0.1403299380267534,0,2,0,204597,401013,17689,90267,3.714596687539368,0.18373839765510502
4157,0.140330650356187,5,15,5,204612,400998,17694,90262,3.7144577420430545,0.18373570003664047
4158,0.140331223646128,1,19,1,204631,400979,17695,90261,3.714281744414391,0.1837411448579106
4159,0.140337810232202,1,11,1,204642,400968,17696,90260,3.714179851050428,0.1837435976776568
4160,0.1403421368315205,10,57,10,204699,400911,17706,90250,3.7136518581644373,0.18374830249144375
4161,0.1403439626748541,1,3,1,204702,400908,17707,90249,3.7136240690651747,0.18374776293527323
4162,0.1403480120211099,0,3,0,204705,400905,17707,90249,3.713596279965912,0.18374888527834446
4163,0.1403561334523648,1,2,1,204707,400903,17708,90248,3.7135777538997368,0.1837479716014016
4164,0.1403583996684044,0,3,0,204710,400900,17708,90248,3.713549964800474,0.18374909395945824
4165,0.1403621699198931,2,23,2,204733,400877,17710,90246,3.7133369150394606,0.18375437517689053
4166,0.1403647479390735,0,3,0,204736,400874,17710,90246,3.713309125940198,0.1837554976380518
4167,0.1403653735240273,0,1,0,204737,400873,17710,90246,3.7132998629071103,0.1837558717948196
4168,0.1403654484837687,0,1,0,204738,400872,17710,90246,3.7132905998740227,0.18375624595311107
4169,0.1403691512658896,0,4,0,204742,400868,17710,90246,3.7132535477416724,0.18375774260151412
4170,0.1403741927343124,0,2,0,204744,400866,17710,90246,3.7132350216754975,0.18375849093485805
4171,0.1403759156230535,1,27,1,204771,400839,17711,90245,3.7129849197821336,0.18376693193017896
4172,0.1403787802294224,4,31,4,204802,400808,17715,90241,3.712697765756419,0.18377188427224167
4173,0.1403847651530159,0,5,0,204807,400803,17715,90241,3.7126514505909816,0.1837737555086713
4174,0.1403870910652247,2,20,2,204827,400783,17717,90239,3.7124661899292306,0.18377791626444437
4175,0.1403884051550329,0,7,0,204834,400776,17717,90239,3.7124013486976177,0.18378053623616386
4176,0.1403928662811266,51,311,51,205145,400465,17768,90188,3.709520545407388,0.18381218498613072
4177,0.140394125775482,8,61,8,205206,400404,17776,90180,3.7089555003890475,0.18382173083508635
4178,0.1403985557534112,4,36,4,205242,400368,17780,90176,3.7086220311978955,0.18382856583711146
4179,0.1404048809868795,1,2,1,205244,400366,17781,90175,3.7086035051317205,0.1838276515112906
4180,0.140407102067252,30,225,30,205469,400141,17811,90145,3.706519322687021,0.1838620723414497
4181,0.1404073754187291,1,23,1,205492,400118,17812,90144,3.706306272926007,0.18386903329240284
4182,0.1404083886239368,0,6,0,205498,400112,17812,90144,3.7062506947274816,0.18387128357429589
4183,0.1404184551064314,0,3,0,205501,400109,17812,90144,3.706222905628219,0.18387240873589758
4184,0.140419364945018,0,2,0,205503,400107,17812,90144,3.7062043795620436,0.1838731588512823
4185,0.1404195727562532,3,12,3,205515,400095,17815,90141,3.7060932231649932,0.183872665410129
4186,0.1404249637251942,0,3,0,205518,400092,17815,90141,3.7060654340657306,0.18387379062609005
4187,0.1404259108858864,0,10,0,205528,400082,17815,90141,3.705972803734855,0.18387754144542381
4188,0.1404265767904759,3,47,3,205575,400035,17818,90138,3.70553744117974,0.18389017754955903
4189,0.1404266439839112,0,3,0,205578,400032,17818,90138,3.7055096520804773,0.1838913030173205
4190,0.1404288612276437,3,22,3,205600,400010,17821,90135,3.705305865352551,0.18389456181334096
4191,0.1404295020271763,3,16,3,205616,399994,17824,90132,3.7051576568231503,0.18389556971064583
4192,0.140431218447298,0,2,0,205618,399992,17824,90132,3.705139130756975,0.1838963201149097
4193,0.1404405291881277,22,250,22,205868,399742,17846,90110,3.7028233724850863,0.1839535206552183
4194,0.1404433994828373,1,6,1,205874,399736,17847,90109,3.702767794286561,0.18395410793210096
4195,0.1404450083860218,45,343,45,206217,399393,17892,90064,3.69959057393753,0.18400799253049807
4196,0.1404457534694557,1,7,1,206224,399386,17893,90063,3.6995257327059172,0.1840089570108428
4197,0.1404483063976904,0,21,0,206245,399365,17893,90063,3.6993312090110786,0.18401685232557188
4198,0.1404543915902557,2,27,2,206272,399338,17895,90061,3.6990811071177148,0.18402366984811983
4199,0.1404552597860111,0,8,0,206280,399330,17895,90061,3.699007002853014,0.18402667805497036
4200,0.1404557259945041,0,4,0,206284,399326,17895,90061,3.698969950720664,0.18402818219527695
4201,0.1404575385193571,54,544,54,206828,398782,17949,90007,3.6939308607210344,0.18414285100523947
4202,0.1404575920580435,1,10,1,206838,398772,17950,90006,3.693838230390159,0.1841449492407596
4203,0.1404629069185821,1,4,1,206842,398768,17951,90005,3.6938011782578086,0.1841447870483844
4204,0.1404714754618929,16,117,16,206959,398651,17967,89989,3.692717403386565,0.1841621643745907
4205,0.1404721792093987,0,1,0,206960,398650,17967,89989,3.6927081403534774,0.18416254126256806
4206,0.1404728863335098,12,92,12,207052,398558,17979,89977,3.6918559413094223,0.18417718280164164
4207,0.140475954659787,23,207,23,207259,398351,18002,89954,3.6899384934602986,0.18421683169330644
4208,0.1404777547474004,1,9,1,207268,398342,18003,89953,3.6898551261625108,0.18421855640545162
4209,0.1404784718223717,1,4,1,207272,398338,18004,89952,3.6898180740301605,0.18421839480636507
4210,0.1404862060597762,0,4,0,207276,398334,18004,89952,3.68978102189781,0.18421990390877477
4211,0.1404899895343509,35,362,35,207638,397972,18039,89917,3.6864278039201155,0.1842980677982082
4212,0.140490368075997,2,7,2,207645,397965,18041,89915,3.6863629626885026,0.18429736820529638
4213,0.1404945737588574,3,27,3,207672,397938,18044,89912,3.686112860795139,0.18430255201393872
4214,0.1404962063803067,1,3,1,207675,397935,18045,89911,3.686085071695876,0.1843020133402754
4215,0.1405037737470506,0,4,0,207679,397931,18045,89911,3.686048019563526,0.18430352450178542
4216,0.1405052610467606,0,25,0,207704,397906,18045,89911,3.685816443736337,0.1843129698226999
4217,0.1405136452879662,3,1,3,207705,397905,18048,89908,3.6858071807032493,0.1843083312662844
4218,0.1405225918932943,0,4,0,207709,397901,18048,89908,3.6857701285708995,0.1843098425818302
4219,0.140524792251397,0,2,0,207711,397899,18048,89908,3.685751602504724,0.18431059824889762
4220,0.1405303811843992,6,32,6,207743,397867,18054,89902,3.6854551854459223,0.1843126561958632
4221,0.1405328642989671,1,4,1,207747,397863,18055,89901,3.685418133313572,0.18431249538711345
4222,0.1405353805462627,5,43,5,207790,397820,18060,89896,3.6850198228908075,0.18432038317381427
4223,0.1405381029929526,1,1,1,207791,397819,18061,89895,3.68501055985772,0.1843190886462148
4224,0.1405400382465599,0,2,0,207793,397817,18061,89895,3.6849920337915445,0.1843198444983925
4225,0.1405431061790866,1,7,1,207800,397810,18062,89894,3.6849271925599316,0.18432081754506832
4226,0.1405450216315324,0,2,0,207802,397808,18062,89894,3.6849086664937567,0.18432157341983424
4227,0.1405523647582266,6,29,6,207831,397779,18068,89888,3.6846400385342175,0.1843224987542729
4228,0.1405563938247306,13,124,13,207955,397655,18081,89875,3.683491422431361,0.1843476298894427
4229,0.1405566603878757,2,24,2,207979,397631,18083,89873,3.68326910963726,0.1843533591519249
4230,0.1405574648722019,2,23,2,208002,397608,18085,89871,3.683056059876246,0.18435871083677452
4231,0.1405593226370717,11,80,11,208082,397528,18096,89860,3.6823150172292416,0.18437056308321093
4232,0.1405626868783583,1,0,1,208082,397528,18097,89859,3.6823150172292416,0.1843688896092838
4233,0.1405629530008487,6,47,6,208129,397481,18103,89853,3.6818796546741264,0.18437662875974178
4234,0.140565315313961,2,4,2,208133,397477,18105,89851,3.681842602541776,0.1843747947993959
4235,0.14056776711545,3,21,3,208154,397456,18108,89848,3.6816480788469375,0.18437771904191225
4236,0.1405719793424484,1,0,1,208154,397456,18109,89847,3.6816480788469375,0.18437604529420093
4237,0.140572047631759,2,40,2,208194,397416,18111,89845,3.6812775575234356,0.18438783321464267
4238,0.1405807513525223,1,0,1,208194,397416,18112,89844,3.6812775575234356,0.18438615933998276
4239,0.1405807826570336,0,2,0,208196,397414,18112,89844,3.68125903145726,0.18438691617172012
4240,0.140586724490711,1,1,1,208197,397413,18113,89843,3.681249768424173,0.18438562070041212
4241,0.1405873400984958,7,69,7,208266,397344,18120,89836,3.6806106191411314,0.18440001642103535
4242,0.1405913649899627,1,2,1,208268,397342,18121,89835,3.6805920930749565,0.18439909930066484
4243,0.1405941303853478,1,1,1,208269,397341,18122,89834,3.680582830041869,0.18439780366398112
4244,0.1405987932901378,32,319,32,208588,397022,18154,89802,3.677627922486939,0.18446502226677403
4245,0.1406034509904349,4,19,4,208607,397003,18158,89798,3.6774519248582758,0.18446552081856857
4246,0.1406046011007967,1,2,1,208609,397001,18159,89797,3.6774333987921004,0.18446460338785287
4247,0.1406122751693443,1,4,1,208613,396997,18160,89796,3.67739634665975,0.184464443819036
4248,0.1406128201628242,0,1,0,208614,396996,18160,89796,3.677387083626663,0.18446482275797466
4249,0.1406157775021017,26,204,26,208818,396792,18186,89770,3.6754974248768018,0.1844985839420259
4250,0.1406244237887292,0,3,0,208821,396789,18186,89770,3.675469635777539,0.18449972151373215
4251,0.1406273640520723,0,23,0,208844,396766,18186,89770,3.675256586016525,0.1845084433628755
4252,0.1406295030626896,0,4,0,208848,396762,18186,89770,3.675219533884175,0.18450996029038172
4253,0.1406296302681119,7,23,7,208871,396739,18193,89763,3.6750064841231613,0.18450694961171793
4254,0.1406419460506789,10,68,10,208939,396671,18203,89753,3.6743765978732075,0.18451597783004128
4255,0.1406480372259026,2,27,2,208966,396644,18205,89751,3.6741264959798436,0.18452286721697386
4256,0.1406482061473165,3,14,3,208980,396630,18208,89748,3.673996813516618,0.18452314866215166
4257,0.1406484133650816,0,3,0,208983,396627,18208,89748,3.6739690244173553,0.1845242868157286
4258,0.1406498227502696,0,1,0,208984,396626,18208,89748,3.6739597613842676,0.18452466620337435
4259,0.1406507013086693,0,3,0,208987,396623,18208,89748,3.673931972285005,0.18452580437567206
4260,0.1406523433921769,6,19,6,209006,396604,18214,89742,3.6737559746563413,0.18452295279492378
4261,0.1406541224184679,7,55,7,209061,396549,18221,89735,3.673246507836526,0.18453208413190647
4262,0.1406619540776835,1,2,1,209063,396547,18222,89734,3.673227981770351,0.18453116613645196
4263,0.1406635852332647,0,1,0,209064,396546,18222,89734,3.6732187187372634,0.1845315456115818
4264,0.1406667520911322,0,1,0,209065,396545,18222,89734,3.6732094557041757,0.18453192508827237
4265,0.1406681809260112,1,5,1,209070,396540,18223,89733,3.673163140538738,0.18453214552319377
4266,0.1406712056691879,0,4,0,209074,396536,18223,89733,3.673126088406388,0.1845336634661062
4267,0.1406804299646137,4,23,4,209097,396513,18227,89729,3.672913038645374,0.18453568387757535
4268,0.1406830638711403,23,246,23,209343,396267,18250,89706,3.670634332505836,0.1845905019414659
4269,0.1406833188059323,1,3,1,209346,396264,18251,89705,3.670606543406573,0.18458996355734625
4270,0.1406874551393352,3,0,3,209346,396264,18254,89702,3.670606543406573,0.1845849298099044
4271,0.1406880559193103,0,7,0,209353,396257,18254,89702,3.67054170217496,0.18458758866488736
4272,0.1406882143741912,6,35,6,209388,396222,18260,89696,3.6702174960168956,0.184590815734342
4273,0.1406911032817117,0,4,0,209392,396218,18260,89696,3.6701804438845453,0.18459233526920402
4274,0.1406929158065647,9,67,9,209459,396151,18269,89687,3.6695598206676796,0.1846026864922052
4275,0.1407006626170397,0,1,0,209460,396150,18269,89687,3.669550557634592,0.18460306646056188
4276,0.1407027963030279,0,7,0,209467,396143,18269,89687,3.669485716402979,0.18460572628285615
4277,0.1407113520591046,0,1,0,209468,396142,18269,89687,3.6694764533698914,0.18460610626372653
4278,0.1407113762383789,0,6,0,209474,396136,18269,89687,3.669420875171366,0.18460838618179873
4279,0.1407131116218325,0,3,0,209477,396133,18269,89687,3.6693930860721036,0.18460952616195297
4280,0.1407241328572779,1,2,1,209479,396131,18270,89686,3.669374560005928,0.18460860776794555
4281,0.1407253668215586,8,43,8,209522,396088,18278,89678,3.6689762495831637,0.18461152077337648
4282,0.1407296804527587,1,8,1,209530,396080,18279,89677,3.668902145318463,0.18461288257297373
4283,0.1407388866745032,0,7,0,209537,396073,18279,89677,3.6688373040868503,0.18461554297478128
4284,0.1407412663823397,0,2,0,209539,396071,18279,89677,3.668818778020675,0.18461630310366692
4285,0.1407518465047723,2,4,2,209543,396067,18281,89675,3.668781725888325,0.18461446611575694
4286,0.1407548795410755,2,75,2,209618,395992,18283,89673,3.6680869984067583,0.1846396178435753
4287,0.1407590534652839,25,254,25,209872,395738,18308,89648,3.6657341880025194,0.18469424334447224
4288,0.1407602395713382,0,6,0,209878,395732,18308,89648,3.665678609803994,0.18469652643289794
4289,0.1407717784599712,5,43,5,209921,395689,18313,89643,3.6652802993812292,0.1847044909464037
4290,0.1407726955526681,29,229,29,210150,395460,18342,89614,3.6631590648041796,0.18474294643703848
4291,0.1407737173973335,0,3,0,210153,395457,18342,89614,3.663131275704917,0.18474408900965014
4292,0.1407743570381712,4,48,4,210201,395409,18346,89610,3.662686650116714,0.18475564874778103
4293,0.140775004346758,0,16,0,210217,395393,18346,89610,3.6625384415873135,0.1847617437417913
4294,0.1407753051626358,2,10,2,210227,395383,18348,89608,3.662445811256438,0.18476219146334674
4295,0.1407830001932718,3,13,3,210240,395370,18351,89605,3.6623253918262995,0.18476210113923397
4296,0.1407840939030577,0,1,0,210241,395369,18351,89605,3.6623161287932122,0.18476248211244314
4297,0.1407877420454342,1,6,1,210247,395363,18352,89604,3.6622605505946866,0.18476308697292806
4298,0.1407910917738052,1,1,1,210248,395362,18353,89603,3.6622512875615993,0.18476178693307765
4299,0.1407978001240252,0,2,0,210250,395360,18353,89603,3.662232761495424,0.18476254889548274
4300,0.1408027596555034,1,4,1,210254,395356,18354,89602,3.6621957093630737,0.18476239179475337
4301,0.1408031022941612,1,6,1,210260,395350,18355,89601,3.6621401311645485,0.18476299667389076
4302,0.140806251436401,1,10,1,210270,395340,18356,89600,3.662047500833673,0.1847651255825463
4303,0.1408086140357548,6,37,6,210307,395303,18362,89594,3.6617047686094333,0.18476913653827515
4304,0.1408105963538427,0,1,0,210308,395302,18362,89594,3.661695505576346,0.18476951758727644
4305,0.1408162547169466,0,2,0,210310,395300,18362,89594,3.6616769795101707,0.1847702796899941
4306,0.1408205758255908,0,5,0,210315,395295,18362,89594,3.661630664344733,0.1847721849742931
4307,0.1408236523152133,0,29,0,210344,395266,18362,89594,3.661362036385194,0.18478323639813554
4308,0.1408258437963722,0,2,0,210346,395264,18362,89594,3.661343510319019,0.1847839986140272
4309,0.1408278516213578,4,30,4,210376,395234,18366,89590,3.661065619326392,0.1847887068296949
4310,0.1408363276832492,2,26,2,210402,395208,18368,89588,3.660824780466116,0.18479525408625483
4311,0.1408379051460622,4,21,4,210423,395187,18372,89584,3.6606302567712774,0.18479653279589744
4312,0.1408417539460003,1,3,1,210426,395184,18373,89583,3.6606024676720144,0.1847959947768722
4313,0.140842637269919,0,6,0,210432,395178,18373,89583,3.660546889473489,0.18479828204001558
4314,0.1408448274771262,0,2,0,210434,395176,18373,89583,3.6605283634073142,0.18479904447364567
4315,0.1408475066469327,0,12,0,210446,395164,18373,89583,3.6604172070102634,0.18480361920754537
4316,0.1408511547893093,6,38,6,210484,395126,18379,89577,3.6600652117529364,0.18480801645543765
4317,0.1408548133400282,0,2,0,210486,395124,18379,89577,3.660046685686761,0.1848087790204683
4318,0.1408548823592672,1,2,1,210488,395122,18380,89576,3.660028159620586,0.18480785973946665
4319,0.1408620591585857,0,1,0,210489,395121,18380,89576,3.6600188965874985,0.1848082410248052
4320,0.140870356161056,1,8,1,210497,395113,18381,89575,3.6599447923227983,0.18480960948073813
4321,0.1408735835436842,0,1,0,210498,395112,18381,89575,3.6599355292897107,0.18480999077755336
4322,0.1408739087613385,0,1,0,210499,395111,18381,89575,3.659926266256623,0.18481037207594195
4323,0.1408748075636053,1,2,1,210501,395109,18382,89574,3.659907740190448,0.18480945277635072
4324,0.140876959642085,1,3,1,210504,395106,18383,89573,3.6598799510911855,0.18480891476626798
4325,0.1408771561552564,0,2,0,210506,395104,18383,89573,3.65986142502501,0.18480967737276577
4326,0.1408792258581246,3,1,3,210507,395103,18386,89570,3.6598521619919224,0.1848050128643436
4327,0.1408827946993525,47,510,47,211017,394593,18433,89523,3.65512801511727,0.18492055623032497
4328,0.1408872408339804,4,14,4,211031,394579,18437,89519,3.6549983326540443,0.18491916925911694
4329,0.1408899087286535,4,7,4,211038,394572,18441,89515,3.6549334914224314,0.18491510823467683
4330,0.1408915641091523,0,1,0,211039,394571,18441,89515,3.6549242283893437,0.18491549022281165
4331,0.1408995053650842,1,0,1,211039,394571,18442,89514,3.6549242283893437,0.18491380645960936
4332,0.1409013178899372,28,300,28,211339,394271,18470,89486,3.6521453184630777,0.18498130259613815
4333,0.1409036308745301,1,0,1,211339,394271,18471,89485,3.6521453184630777,0.1849796178238616
4334,0.1409123327998347,8,127,8,211466,394144,18479,89477,3.650968913260958,0.18501471193351818
4335,0.1409156736189318,0,1,0,211467,394143,18479,89477,3.6509596502278705,0.18501509449567843
4336,0.1409163476811449,0,2,0,211469,394141,18479,89477,3.6509411241616956,0.18501585962474515
4337,0.1409163882122694,2,31,2,211500,394110,18481,89475,3.6506539701359815,0.18502434939048978
4338,0.1409180293808497,4,21,4,211521,394089,18485,89471,3.650459446441143,0.18502564314666226
4339,0.1409207583356646,0,4,0,211525,394085,18485,89471,3.6504223943087926,0.18502717368825947
4340,0.1409256524450386,0,3,0,211528,394082,18485,89471,3.65039460520953,0.1850283216110747
4341,0.1409269585683255,0,1,0,211529,394081,18485,89471,3.6503853421764423,0.18502870425517834
4342,0.1409313877753277,0,1,0,211530,394080,18485,89471,3.6503760791433546,0.18502908690086464
4343,0.1409337689049311,21,202,21,211732,393878,18506,89450,3.648504946459669,0.18507100768008475
4344,0.1409393635377441,9,55,9,211787,393823,18515,89441,3.6479954796398535,0.18507689378890213
4345,0.1409401680220704,1,32,1,211819,393791,18516,89440,3.6476990625810517,0.18508746334568768
4346,0.1409436414908323,1,1,1,211820,393790,18517,89439,3.647689799547964,0.18508615997798145
4347,0.1409441864843122,0,9,0,211829,393781,18517,89439,3.647606432250176,0.18508960721824427
4348,0.1409454504612551,2,0,2,211829,393781,18519,89437,3.647606432250176,0.1850862343704084
4349,0.1409493451640905,1,11,1,211840,393770,18520,89436,3.647504538886213,0.1850887613150499
4350,0.1409614694637967,18,107,18,211947,393663,18538,89418,3.6465133943458445,0.1850993932694517
4351,0.1409710148883463,1,3,1,211950,393660,18539,89417,3.646485605246582,0.18509885587597835
4352,0.140973075397967,7,22,7,211972,393638,18546,89410,3.6462818185186556,0.18509547705404017
4353,0.1409751916096733,12,22,12,211994,393616,18558,89398,3.6460780317907298,0.18508366217128283
4354,0.1409782345978352,0,3,0,211997,393613,18558,89398,3.6460502426914667,0.18508481173306612
4355,0.1409826612721613,0,4,0,212001,393609,18558,89398,3.646013190559117,0.18508634450432396
4356,0.140989590115993,13,107,13,212108,393502,18571,89385,3.6450220460187484,0.1851054180377604
4357,0.1409924959864302,2,14,2,212122,393488,18573,89383,3.6448923635555226,0.1851074096394275
4358,0.1409931105268183,0,3,0,212125,393485,18573,89383,3.64486457445626,0.18510855968919043
4359,0.1409948005192027,1,1,1,212126,393484,18574,89382,3.6448553114231723,0.18510725542904244
4360,0.1409961441288068,2,12,2,212138,393472,18576,89380,3.644744155026122,0.18510848044535386
4361,0.1409979261047839,1,6,1,212144,393466,18577,89379,3.6446885768275963,0.1851090929801489
4362,0.1410004753412385,10,43,10,212187,393423,18587,89369,3.644290266404832,0.18510870105552701
4363,0.1410028331223734,2,14,2,212201,393409,18589,89367,3.644160583941606,0.18511069315790346
4364,0.141007812607052,0,2,0,212203,393407,18589,89367,3.6441420578754307,0.18511146002063078
4365,0.1410101336235155,8,69,8,212272,393338,18597,89359,3.6435029085923896,0.18512441552361006
4366,0.141022447858291,0,2,0,212274,393336,18597,89359,3.643484382526214,0.1851251825687028
4367,0.1410245999367707,0,10,0,212284,393326,18597,89359,3.6433917521953387,0.18512901788951386
4368,0.1410246492005473,24,245,24,212529,393081,18621,89335,3.641122309088888,0.18518249809293225
4369,0.1410249630000742,0,1,0,212530,393080,18621,89335,3.6411130460558003,0.18518288195847973
4370,0.1410280592039249,1,2,1,212532,393078,18622,89334,3.6410945199896254,0.1851819606477451
4371,0.1410314216150037,0,12,0,212544,393066,18622,89334,3.6409833635925746,0.1851865671641791
4372,0.1410317745750458,1,19,1,212563,393047,18623,89333,3.6408073659639113,0.18519217214644057
4373,0.1410370188935277,0,3,0,212566,393044,18623,89333,3.6407795768646487,0.18519332389396675
4374,0.1410419257656537,0,5,0,212571,393039,18623,89333,3.6407332616992107,0.18519524350501274
4375,0.1410514173998474,6,41,6,212612,392998,18629,89327,3.640353477342621,0.18520085004924067
4376,0.1410527399538159,1,5,1,212617,392993,18630,89326,3.640307162177183,0.1852010806126236
4377,0.1410529943900045,2,33,2,212650,392960,18632,89324,3.640001482085294,0.1852103739705236
4378,0.1410559087303053,11,47,11,212697,392913,18643,89313,3.639566119530179,0.185209839369922
4379,0.1410561575713254,1,1,1,212698,392912,18644,89312,3.6395568564970913,0.1852085337934238
4380,0.1410578633600486,0,2,0,212700,392910,18644,89312,3.6395383304309163,0.18520930193977048
4381,0.1410595568726818,18,125,18,212825,392785,18662,89294,3.6383804512949722,0.1852269026445873
4382,0.1410702818431385,0,1,0,212826,392784,18662,89294,3.6383711882618845,0.1852272868705894
4383,0.1410709175240596,3,60,3,212886,392724,18665,89291,3.6378154062766312,0.18524527245002748
4384,0.1410709647816283,0,2,0,212888,392722,18665,89291,3.6377968802104563,0.18524604108187953
4385,0.1410727923705352,2,16,2,212904,392706,18667,89289,3.637648671681055,0.18524880963495471
4386,0.1410775917052953,0,13,0,212917,392693,18667,89289,3.637528252250917,0.1852538061587362
4387,0.1410806260684147,0,1,0,212918,392692,18667,89289,3.6375189892178295,0.18525419051788347
4388,0.1410855173652225,0,1,0,212919,392691,18667,89289,3.6375097261847418,0.18525457487862568
4389,0.1410893092181221,0,4,0,212923,392687,18667,89289,3.6374726740523915,0.18525611233754377
4390,0.1410918497893868,0,2,0,212925,392685,18667,89289,3.6374541479862166,0.1852568810765726
4391,0.1410922491618369,0,2,0,212927,392683,18667,89289,3.6374356219200417,0.18525764982198137
4392,0.1410965237352175,1,12,1,212939,392671,18668,89288,3.637324465522991,0.18526057195736567
4393,0.1411025688746618,2,6,2,212945,392665,18670,89286,3.6372688873244656,0.1852594973347913
4394,0.141108579628671,11,56,11,213001,392609,18681,89275,3.6367501574715626,0.185262428302247
4395,0.1411102207972513,1,22,1,213023,392587,18682,89274,3.6365463707436363,0.18526919588844085
4396,0.1411204891638768,0,2,0,213025,392585,18682,89274,3.6365278446774614,0.18526996486524067
4397,0.1411229781349907,31,237,31,213262,392348,18713,89243,3.6343325058357108,0.1853086955528654
4398,0.1411259971470056,0,1,0,213263,392347,18713,89243,3.634323242802623,0.18530908033804688
4399,0.1411309719015308,0,1,0,213264,392346,18713,89243,3.634313979769536,0.18530946512482635
4400,0.1411312345099153,0,3,0,213267,392343,18713,89243,3.6342861906702733,0.18531061949475275
4401,0.1411332897582932,2,7,2,213274,392336,18715,89241,3.6342213494386604,0.18530992966856805
4402,0.1411372211322928,17,64,17,213338,392272,18732,89224,3.633628515321057,0.18530579693289248
4403,0.1411374755684815,27,226,27,213564,392046,18759,89197,3.6315350698432693,0.18534711154240166
4404,0.1411419242741939,0,1,0,213565,392045,18759,89197,3.631525806810182,0.1853474966856592
4405,0.1411460381633128,1,7,1,213572,392038,18760,89196,3.6314609655785692,0.18534849989817842
4406,0.1411470293747949,0,6,0,213578,392032,18760,89196,3.6314053873800436,0.18535081084226188
4407,0.1411553987025366,42,498,42,214076,391534,18802,89154,3.6267923969024416,0.18547165729121592
4408,0.1411588087059141,0,10,0,214086,391524,18802,89154,3.626699766571566,0.18547551583388464
4409,0.1411596131381993,0,1,0,214087,391523,18802,89154,3.6266905035384784,0.18547590169698155
4410,0.1411615069593661,3,1,3,214088,391522,18805,89151,3.626681240505391,0.18547120391617586
4411,0.1411678283383435,1,1,1,214089,391521,18806,89150,3.6266719774723035,0.1854698952089891
4412,0.1411763309678638,0,9,0,214098,391512,18806,89150,3.6265886101745157,0.18547336797999425
4413,0.1411817815323945,23,265,23,214363,391247,18829,89127,3.6241339064063136,0.18553668599882592
4414,0.1411870500531387,6,16,6,214379,391231,18835,89121,3.623985697876913,0.18553269269202585
4415,0.1411901175211855,1,4,1,214383,391227,18836,89120,3.6239486457445627,0.1855325420997737
4416,0.1411902079645735,1,1,1,214384,391226,18837,89119,3.623939382711475,0.18553123275978722
4417,0.1411904484120385,0,1,0,214385,391225,18837,89119,3.6239301196783873,0.18553161900637877
4418,0.1411965336046038,2,40,2,214425,391185,18839,89117,3.6235595983548854,0.18554367876877464
4419,0.1412014728943497,1,0,1,214425,391185,18840,89116,3.6235595983548854,0.18554198304813024
4420,0.1412054462742758,0,1,0,214426,391184,18840,89116,3.6235503353217977,0.18554236935248802
4421,0.1412182532954651,0,3,0,214429,391181,18840,89116,3.623522546222535,0.18554352827521303
4422,0.1412235971534912,1,23,1,214452,391158,18841,89115,3.6233094964615216,0.18555071802912093
4423,0.1412256024237466,0,6,0,214458,391152,18841,89115,3.623253918262996,0.18555303612365623
4424,0.1412263909295735,0,1,0,214459,391151,18841,89115,3.6232446552299087,0.18555342247837656
4425,0.1412265458940823,0,12,0,214471,391139,18841,89115,3.623133498832858,0.18555805886051965
4426,0.141231505403258,5,34,5,214505,391105,18846,89110,3.622818555707881,0.18556271669981153
4427,0.1412327331142305,0,1,0,214506,391104,18846,89110,3.6228092926747935,0.1855631031165272
4428,0.1412398948622174,1,15,1,214521,391089,18847,89109,3.62267034717848,0.18556720352854447
4429,0.1412408661591883,0,1,0,214522,391088,18847,89109,3.622661084145393,0.18556758996828385
4430,0.1412436088162489,6,54,6,214576,391034,18853,89103,3.6221608803586647,0.18557828286509892
4431,0.1412440943166763,0,5,0,214581,391029,18853,89103,3.6221145651932267,0.1855802154407538
4432,0.1412440943687173,0,1,0,214582,391028,18853,89103,3.6221053021601395,0.18558060196071488
4433,0.1412443059976745,20,70,20,214652,390958,18873,89083,3.6214568898440107,0.1855737322437042
4434,0.1412471674505825,1,5,1,214657,390953,18874,89082,3.6214105746785727,0.18557396856479216
4435,0.1412503369745091,1,1,1,214658,390952,18875,89081,3.621401311645485,0.1855726585463916
4436,0.1412532266610348,1,0,1,214658,390952,18876,89080,3.621401311645485,0.18557096193587094
4437,0.1412662350050358,2,10,2,214668,390942,18878,89078,3.6213086813146096,0.1855714345235615
4438,0.1412698437703251,0,2,0,214670,390940,18878,89078,3.6212901552484347,0.18557220770887758
4439,0.1412725231987474,5,36,5,214706,390904,18883,89073,3.6209566860572826,0.18557764226202506
4440,0.1412727375185084,0,4,0,214710,390900,18883,89073,3.6209196339249323,0.18557918882937166
4441,0.1412735864584916,3,36,3,214746,390864,18886,89070,3.6205861647337803,0.18558801835252348
4442,0.1412743209461789,0,1,0,214747,390863,18886,89070,3.620576901700693,0.18558840504820465
4443,0.1412792199056087,0,1,0,214748,390862,18886,89070,3.6205676386676053,0.18558879174549728
4444,0.1412806053712123,1,0,1,214748,390862,18887,89069,3.6205676386676053,0.18558709481154584
4445,0.1412852481934347,1,8,1,214756,390854,18888,89068,3.620493534402905,0.18558849146319611
4446,0.1412875133271885,2,5,2,214761,390849,18890,89066,3.6204472192374673,0.1855870310367461
4447,0.1412912860175129,1,19,1,214780,390830,18891,89065,3.6202712216088035,0.18559268173246232
4448,0.1412936784579985,0,3,0,214783,390827,18891,89065,3.620243432509541,0.1855938419477716
4449,0.1412978187693783,2,11,2,214794,390816,18893,89063,3.620141539145578,0.18559470199779526
4450,0.1413014646514198,8,47,8,214841,390769,18901,89055,3.6197061765904626,0.18559930307779518
4451,0.141302734473942,1,17,1,214858,390752,18902,89054,3.619548705027974,0.18560418169009976
4452,0.1413048674461144,3,22,3,214880,390730,18905,89051,3.6193449183000483,0.18560760013422792
4453,0.141307080469853,2,40,2,214920,390690,18907,89049,3.618974396976546,0.18561968070138138
4454,0.1413078849541793,1,1,1,214921,390689,18908,89048,3.6189651339434583,0.18561837006526494
4455,0.1413108721080504,3,23,3,214944,390666,18911,89045,3.6187520841824448,0.1856221766855461
4456,0.1413109580360445,1,5,1,214949,390661,18912,89044,3.618705769017007,0.18562241377513264
4457,0.1413110270725592,18,95,18,215044,390566,18930,89026,3.617825780873689,0.18562861765834293
4458,0.1413141896461071,1,10,1,215054,390556,18931,89025,3.6177331505428136,0.18563079021062134
4459,0.1413151695513922,55,498,55,215552,390058,18986,88970,3.6131201600652116,0.185730270464357
4460,0.1413170172464968,1,1,1,215553,390057,18987,88969,3.6131108970321244,0.185728958344641
4461,0.1413196898592369,0,1,0,215554,390056,18987,88969,3.6131016339990367,0.185729346067533
4462,0.1413257529887808,0,8,0,215562,390048,18987,88969,3.613027529734336,0.18573244790894686
4463,0.1413301720186051,0,2,0,215564,390046,18987,88969,3.6130090036681612,0.18573322338548898
4464,0.1413321379237211,0,16,0,215580,390030,18987,88969,3.61286079513876,0.18573942743095498
4465,0.1413514274183817,0,3,0,215583,390027,18987,88969,3.6128330060394975,0.18574059073562202
4466,0.1413537180382147,1,11,1,215594,390016,18988,88968,3.6127311126755344,0.1857431563476024
4467,0.1413554465526997,0,3,0,215597,390013,18988,88968,3.6127033235762718,0.18574431971205538
4468,0.141358921449619,1,19,1,215616,389994,18989,88967,3.6125273259476085,0.18574998799484718
4469,0.1413594362889873,0,2,0,215618,389992,18989,88967,3.612508799881433,0.18575076363530071
4470,0.1413655664777783,1,7,1,215625,389985,18990,88966,3.6124439586498203,0.18575177836563656
4471,0.1413664825340476,3,10,3,215635,389975,18993,88963,3.612351328318945,0.18575055643945562
4472,0.1413679933397492,0,1,0,215636,389974,18993,88963,3.612342065285857,0.18575094427868383
4473,0.1413721995533976,1,5,1,215641,389969,18994,88962,3.6122957501204196,0.1857511833646183
4474,0.1413748438707066,0,1,0,215642,389968,18994,88962,3.612286487087332,0.18575157121082414
4475,0.1413749240497954,0,2,0,215644,389966,18994,88962,3.6122679610211565,0.18575234690809475
4476,0.1413796433801435,0,3,0,215647,389963,18994,88962,3.612240171921894,0.18575351046614813
4477,0.141379652934413,0,4,0,215651,389959,18994,88962,3.6122031197895437,0.18575506189956173
4478,0.1413805884613153,1,5,1,215656,389954,18995,88961,3.612156804624106,0.18575530104507063
4479,0.1413828853483059,0,3,0,215659,389951,18995,88961,3.6121290155248436,0.18575646465321397
4480,0.1413835672048959,0,1,0,215660,389950,18995,88961,3.612119752491756,0.18575685252583465
4481,0.1413840583707079,2,6,2,215666,389944,18997,88959,3.6120641742932307,0.18575577935406543
4482,0.1413879530735433,2,14,2,215680,389930,18999,88957,3.611934491830005,0.18575780925354
4483,0.1413901792402507,0,11,0,215691,389919,18999,88957,3.6118325984660418,0.18576207619509016
4484,0.1413923661326562,7,64,7,215755,389855,19006,88950,3.611239764348438,0.1857750023495995
4485,0.1413954392145214,2,16,2,215771,389839,19008,88948,3.6110915558190375,0.18577780933901714
4486,0.141396264432816,14,64,14,215835,389775,19022,88934,3.610498721701434,0.1857788343231483
4487,0.1413979772691948,0,1,0,215836,389774,19022,88934,3.6104894586683463,0.18577922240697878
4488,0.1413987042305078,0,2,0,215838,389772,19022,88934,3.6104709326021713,0.18577999857950392
4489,0.1414012641926137,1,4,1,215842,389768,19023,88933,3.610433880469821,0.18577985005253803
4490,0.1414014984249737,0,14,0,215856,389754,19023,88933,3.6103041980065953,0.18578528349422482
4491,0.1414042668421014,0,5,0,215861,389749,19023,88933,3.6102578828411573,0.18578722408613652
4492,0.1414047278318042,0,2,0,215863,389747,19023,88933,3.6102393567749824,0.18578800033425252
4493,0.1414072013386319,0,2,0,215865,389745,19023,88933,3.6102208307088075,0.18578877658885515
4494,0.1414107623537933,0,3,0,215868,389742,19023,88933,3.6101930416095445,0.18578994098292162
4495,0.1414157885698928,0,7,0,215875,389735,19023,88933,3.6101282003779316,0.18579265795917002
4496,0.1414168701704103,0,1,0,215876,389734,19023,88933,3.6101189373448443,0.1857930461051211
4497,0.1414252058854884,16,159,16,216035,389575,19039,88917,3.608646115083923,0.1858275582454879
4498,0.141427007287843,1,16,1,216051,389559,19040,88916,3.6084979065545224,0.18583207064109933
4499,0.1414298952779226,13,63,13,216114,389496,19053,88903,3.6079143354700065,0.185834418550206
4500,0.1414331155662744,2,18,2,216132,389478,19055,88901,3.6077476008744305,0.18583800710315462
4501,0.1414333214623335,2,10,2,216142,389468,19057,88899,3.607654970543555,0.1858384880227942
4502,0.1414342280691281,0,1,0,216143,389467,19057,88899,3.6076457075104673,0.18583887650878197
4503,0.1414384760012877,0,3,0,216146,389464,19057,88899,3.6076179184112047,0.18584004197649065
4504,0.1414386344561685,2,6,2,216152,389458,19059,88897,3.607562340212679,0.1858389689665625
4505,0.1414431541631024,9,86,9,216238,389372,19068,88888,3.6067657193671496,0.185857065194664
4506,0.1414443710448918,2,18,2,216256,389354,19070,88886,3.6065989847715736,0.1858606557377049
4507,0.141445351398508,11,53,11,216309,389301,19081,88875,3.606108044017933,0.1858625276048986
4508,0.1414464847849386,1,19,1,216328,389282,19082,88874,3.60593204638927,0.18586821037485673
4509,0.1414484347000943,0,9,0,216337,389273,19082,88874,3.6058486790914817,0.1858717089096031
4510,0.1414500678027213,0,4,0,216341,389269,19082,88874,3.6058116269591314,0.1858732638562104
4511,0.1414551279400392,2,16,2,216357,389253,19084,88872,3.6056634184297307,0.18587607843137255
4512,0.1414584264214374,0,14,0,216371,389239,19084,88872,3.605533735966505,0.18588152123670026
4513,0.1414601738116305,1,0,1,216371,389239,19085,88871,3.605533735966505,0.18587981845182072
4514,0.1414630377024479,0,1,0,216372,389238,19085,88871,3.6055244729334173,0.18588020723307866
4515,0.1414664652242297,1,4,1,216376,389234,19086,88870,3.605487420801067,0.1858800595686294
4516,0.1414685184172661,2,12,2,216388,389222,19088,88868,3.6053762644040166,0.1858813194168462
4517,0.141472824927757,1,15,1,216403,389207,19089,88867,3.605237318907703,0.18588544869622695
4518,0.1414745529392553,0,1,0,216404,389206,19089,88867,3.6052280558746155,0.18588583751853796
4519,0.1414758275772446,1,22,1,216426,389184,19090,88866,3.6050242691466896,0.18589268904926262
4520,0.1414852720245302,0,5,0,216431,389179,19090,88866,3.6049779539812516,0.1858946333504168
4521,0.1414902431657106,0,1,0,216432,389178,19090,88866,3.604968690948164,0.18589502221552828
4522,0.1414906691737943,12,143,12,216575,389035,19102,88854,3.603644077216644,0.18593020554982434
4523,0.1414939015876871,4,30,4,216605,389005,19106,88850,3.6033661862240174,0.18593506398384446
4524,0.1414942233702916,0,3,0,216608,389002,19106,88850,3.6033383971247543,0.18593623130174197
4525,0.1414996881008854,0,16,0,216624,388986,19106,88850,3.6031901885953537,0.18594245724474506
4526,0.141501195479632,12,115,12,216739,388871,19118,88838,3.602124939790285,0.18596677056534416
4527,0.141503006473974,0,14,0,216753,388857,19118,88838,3.6019952573270593,0.185972220768482
4528,0.1415033941684816,0,3,0,216756,388854,19118,88838,3.6019674682277967,0.18597338871071736
4529,0.1415048821974768,14,58,14,216814,388796,19132,88824,3.6014302123087183,0.1859721117206147
4530,0.1415069927922964,1,4,1,216818,388792,19133,88823,3.601393160176368,0.18597196486710008
4531,0.1415126835057912,2,7,2,216825,388785,19135,88821,3.601328318944755,0.185971281767817
4532,0.1415139204743193,5,22,5,216847,388763,19140,88816,3.6011245322168293,0.18597132620990453
4533,0.1415144336716455,0,1,0,216848,388762,19140,88816,3.6011152691837416,0.1859717156150409
4534,0.1415161176347044,0,3,0,216851,388759,19140,88816,3.601087480084479,0.18597288384023453
4535,0.1415169552238936,1,0,1,216851,388759,19141,88815,3.601087480084479,0.18597117933555846
4536,0.1415215675742165,1,4,1,216855,388755,19142,88814,3.6010504279521287,0.18597103245813693
4537,0.1415231156346455,14,148,14,217003,388607,19156,88800,3.5996794990551706,0.18600481350294404
4538,0.1415238376591397,5,27,5,217030,388580,19161,88795,3.5994293971618068,0.18600680806493847
4539,0.1415269932008369,0,5,0,217035,388575,19161,88795,3.599383081996369,0.1860087563106186
4540,0.1415288602252542,0,11,0,217046,388564,19161,88795,3.5992811886324056,0.1860130425947767
4541,0.141530037624717,10,46,10,217092,388518,19171,88785,3.598855089110378,0.18601391568877632
4542,0.1415318687519333,5,33,5,217125,388485,19176,88780,3.598549409018489,0.18601824981928278
4543,0.1415323081435144,4,10,4,217135,388475,19180,88776,3.5984567786876136,0.1860153252690932
4544,0.1415330856337227,2,4,2,217139,388471,19182,88774,3.5984197265552633,0.18601347316367903
4545,0.1415392667095968,0,4,0,217143,388467,19182,88774,3.598382674422913,0.1860150322373811
4546,0.1415415118557826,0,1,0,217144,388466,19182,88774,3.5983734113898254,0.1860154220098902
4547,0.1415417383809835,0,1,0,217145,388465,19182,88774,3.598364148356738,0.18601581178403273
4548,0.1415428714230049,0,2,0,217147,388463,19182,88774,3.5983456222905628,0.1860165913372182
4549,0.1415452443085093,0,8,0,217155,388455,19182,88774,3.598271518025862,0.18601970961529998
4550,0.1415489947781645,0,1,0,217156,388454,19182,88774,3.598262254992775,0.18602009940741113
4551,0.1415529995957431,13,50,13,217206,388404,19195,88761,3.597799103338397,0.18601741535946686
4552,0.1415537462475327,1,4,1,217210,388400,19196,88760,3.597762051206047,0.18601726884064046
4553,0.1415573541228039,0,4,0,217214,388396,19196,88760,3.5977249990736966,0.18601882822389323
4554,0.1415590341177322,6,45,6,217259,388351,19202,88754,3.5973081625847567,0.1860261368042674
4555,0.1415620364754209,0,1,0,217260,388350,19202,88754,3.597298899551669,0.18602652671115733
4556,0.1415666693976793,0,6,0,217266,388344,19202,88754,3.597243321353144,0.18602886618682116
4557,0.1415673491018141,2,0,2,217266,388344,19204,88752,3.597243321353144,0.1860254539966799
4558,0.1415674866710941,1,0,1,217266,388344,19205,88751,3.597243321353144,0.18602374789088127
4559,0.1415681034119071,1,5,1,217271,388339,19206,88750,3.597197006187706,0.186023991330758
4560,0.1415686030914588,0,1,0,217272,388338,19206,88750,3.5971877431546186,0.1860243812462271
4561,0.1415697532030072,11,35,11,217307,388303,19217,88739,3.5968635369965543,0.1860192603586267
4562,0.1415734439462575,0,1,0,217308,388302,19217,88739,3.5968542739634666,0.18601965030259454
4563,0.1415737378248475,0,1,0,217309,388301,19217,88739,3.596845010930379,0.1860200402481972
4564,0.1415745672091173,7,107,7,217416,388194,19224,88732,3.595853866390011,0.18604982743654153
4565,0.1415748846174201,4,18,4,217434,388176,19228,88728,3.5956871317944348,0.18605002264606713
4566,0.1415757586212975,0,3,0,217437,388173,19228,88728,3.595659342695172,0.18605119301490247
4567,0.1415867477652266,3,13,3,217450,388160,19231,88725,3.595538923265034,0.18605114440588402
4568,0.1415875937305036,2,21,2,217471,388139,19233,88723,3.5953443995701955,0.18605592393606535
4569,0.1415885159590369,3,41,3,217512,388098,19236,88720,3.5949646152136054,0.18606680116941893
4570,0.1415901571276172,0,4,0,217516,388094,19236,88720,3.594927563081255,0.1860683620866837
4571,0.1415934556090153,0,4,0,217520,388090,19236,88720,3.5948905109489053,0.18606992303013778
4572,0.1415982210476521,0,2,0,217522,388088,19236,88720,3.59487198488273,0.18607070351168606
4573,0.1416052396096729,0,11,0,217533,388077,19236,88720,3.594770091518767,0.18607499627724167
4574,0.1416053024412445,1,6,1,217539,388071,19237,88719,3.5947145133202416,0.1860756307808469
4575,0.1416064292782613,0,1,0,217540,388070,19237,88719,3.594705250287154,0.18607602104914334
4576,0.1416114743793138,7,48,7,217588,388022,19244,88712,3.5942606246989515,0.18608280508627453
4577,0.1416144104078629,26,239,26,217827,387783,19270,88686,3.592046759791026,0.18613173155021628
4578,0.1416249367137006,44,336,44,218163,387447,19314,88642,3.588934380673608,0.18618787663651123
4579,0.141625306982676,3,38,3,218201,387409,19317,88639,3.588582385416281,0.18619761032500926
4580,0.1416271936984841,0,3,0,218204,387406,19317,88639,3.5885545963170182,0.18619878372842905
4581,0.1416288158740263,1,6,1,218210,387400,19318,88638,3.5884990181184926,0.1861994210546217
4582,0.1416335972105642,4,24,4,218234,387376,19322,88634,3.5882767053243914,0.18620197054683726
4583,0.1416382973612951,35,139,35,218373,387237,19357,88599,3.5869891437252215,0.18619650467808235
4584,0.1416399113850547,7,20,7,218393,387217,19364,88592,3.58680388306347,0.1861923586985534
4585,0.1416428849913146,24,216,24,218609,387001,19388,88568,3.5848030679165586,0.1862358564162088
4586,0.141644101873104,4,44,4,218653,386957,19392,88564,3.5843954944607064,0.18624624359386863
4587,0.1416452985599908,2,36,2,218689,386921,19394,88562,3.5840620252695543,0.18625692190888002
4588,0.1416473193564408,4,38,4,218727,386883,19398,88558,3.5837100300122273,0.1862649624243597
4589,0.1416524644446225,1,1,1,218728,386882,19399,88557,3.5837007669791396,0.186263642654473
4590,0.1416527546203647,1,17,1,218745,386865,19400,88556,3.5835432954166513,0.18626859141687052
4591,0.141656601587098,2,2,2,218747,386863,19402,88554,3.583524769350476,0.18626595178548516
4592,0.1416588865732959,1,3,1,218750,386860,19403,88553,3.5834969802512133,0.18626541554395862
4593,0.1416617178627604,10,56,10,218806,386804,19413,88543,3.5829782503983103,0.18627024047695684
4594,0.1416620850810143,1,0,1,218806,386804,19414,88542,3.5829782503983103,0.18626852860863455
4595,0.1416629003500127,1,1,1,218807,386803,19415,88541,3.582968987365223,0.18626720858998957
4596,0.1416633081614018,0,6,0,218813,386797,19415,88541,3.5829134091666974,0.1862695597658929
4597,0.1416642103331994,1,20,1,218833,386777,19416,88540,3.5827281485049465,0.18627568548989412
4598,0.1416650163441586,6,30,6,218863,386747,19422,88534,3.58245025751232,0.18627717076845066
4599,0.1416654796150521,1,1,1,218864,386746,19423,88533,3.5824409944792324,0.18627585060564428
4600,0.1416692078689022,0,1,0,218865,386745,19423,88533,3.5824317314461447,0.18627624253594738
4601,0.1416705215771107,24,112,24,218977,386633,19447,88509,3.5813942717403386,0.1862790492105518
4602,0.141672792095908,2,21,2,218998,386612,19449,88507,3.5811997480455,0.18628385730732722
4603,0.1416760725270159,0,5,0,219003,386607,19449,88507,3.581153432880062,0.18628581771953678
4604,0.1416791196512884,2,28,2,219031,386579,19451,88505,3.5808940679536105,0.1862933712775004
4605,0.141682702226129,2,12,2,219043,386567,19453,88503,3.58078291155656,0.18629465131454312
4606,0.1416845535820586,6,11,6,219054,386556,19459,88497,3.580681018192597,0.18628868778852045
4607,0.1416897836197214,10,80,10,219134,386476,19469,88487,3.5799399755455927,0.18630293307057602
4608,0.1416905881040477,2,6,2,219140,386470,19471,88485,3.5798843973470675,0.1863018601762272
4609,0.141691732386143,0,3,0,219143,386467,19471,88485,3.5798566082478045,0.18630303693846959
4610,0.1416939541985038,0,1,0,219144,386466,19471,88485,3.5798473452147173,0.18630342919585388
4611,0.1416978885608318,0,2,0,219146,386464,19471,88485,3.579828819148542,0.18630421371557787
4612,0.1417090870438524,0,3,0,219149,386461,19471,88485,3.5798010300492793,0.18630539050755243
4613,0.1417091466402952,0,7,0,219156,386454,19471,88485,3.5797361888176664,0.18630813641330782
4614,0.1417113454279611,0,1,0,219157,386453,19471,88485,3.5797269257845787,0.18630852869216613
4615,0.141711472120198,25,163,25,219320,386290,19496,88460,3.5782170513913076,0.18632964718272776
4616,0.1417159659554098,1,2,1,219322,386288,19497,88459,3.5781985253251323,0.18632871824361186
4617,0.1417185341721427,15,66,15,219388,386222,19512,88444,3.5775871651413538,0.18632891338330532
4618,0.1417212984024287,5,8,5,219396,386214,19517,88439,3.5775130608766537,0.18632348262836218
4619,0.1417214349703236,0,8,0,219404,386206,19517,88439,3.577438956611953,0.1863266230551254
4620,0.1417235451466148,0,6,0,219410,386200,19517,88439,3.577383378413428,0.18632897844467058
4621,0.1417264411627782,2,9,2,219419,386191,19519,88437,3.5773000111156397,0.18632908298709727
4622,0.1417267209052768,2,30,2,219449,386161,19521,88435,3.5770221201230132,0.18633743225817326
4623,0.1417301949450736,4,5,4,219454,386156,19525,88431,3.5769758049575753,0.1863325375537046
4624,0.1417346741429677,0,17,0,219471,386139,19525,88431,3.576818333395087,0.18633921233959164
4625,0.1417449751367215,0,14,0,219485,386125,19525,88431,3.576688650931861,0.1863447095811664
4626,0.1417526759387962,1,1,1,219486,386124,19526,88430,3.5766793878987735,0.18634338768612213
4627,0.1417531949510787,1,0,1,219486,386124,19527,88429,3.5766793878987735,0.18634167311132793
4628,0.1417574783221171,3,4,3,219490,386120,19530,88426,3.576642335766423,0.18633809999452108
4629,0.1417589515314558,1,21,1,219511,386099,19531,88425,3.5764478120715846,0.18634463167300283
4630,0.1417605537054929,1,17,1,219528,386082,19532,88424,3.576290340509096,0.18634959305045667
4631,0.1417632916111837,0,1,0,219529,386081,19532,88424,3.5762810774760085,0.18634998577464937
4632,0.1417656353626591,0,1,0,219530,386080,19532,88424,3.5762718144429213,0.18635037850049735
4633,0.1417676776508777,1,6,1,219536,386074,19533,88423,3.5762162362443957,0.18635102013289861
4634,0.1417685583337724,1,6,1,219542,386068,19534,88422,3.5761606580458705,0.1863516617842315
4635,0.1417690347605356,15,108,15,219650,385960,19549,88407,3.5751602504724147,0.18636836036233548
4636,0.1417733014556039,1,2,1,219652,385958,19550,88406,3.57514172440624,0.18636743091802918
4637,0.1417739165893939,1,4,1,219656,385954,19551,88405,3.5751046722738895,0.18636728722338988
4638,0.1417750692825247,23,101,23,219757,385853,19574,88382,3.574169105932046,0.18636751821354391
4639,0.1417764958544334,2,48,2,219805,385805,19576,88380,3.5737244803438437,0.18638295180151207
4640,0.1417807073754385,12,66,12,219871,385739,19588,88368,3.573113120160065,0.18638830474977167
4641,0.1417823485440187,2,14,2,219885,385725,19590,88366,3.5729834376968395,0.18639037653108792
4642,0.14178470299544,0,25,0,219910,385700,19590,88366,3.5727518618696505,0.18640020587850636
4643,0.1417865051806591,0,6,0,219916,385694,19590,88366,3.5726962836711254,0.1864025650761507
4644,0.1417912024810476,1,2,1,219918,385692,19591,88365,3.57267775760495,0.18640163524639441
4645,0.1417951058817581,11,155,11,220073,385537,19602,88354,3.5712419874763794,0.18644371807018914
4646,0.1417973142475352,0,7,0,220080,385530,19602,88354,3.5711771462447666,0.1864464721324206
4647,0.1418004471338868,6,15,6,220095,385515,19608,88348,3.571038200748453,0.18644207291981016
4648,0.1418042477293691,0,1,0,220096,385514,19608,88348,3.5710289377153654,0.18644246637206613
4649,0.1418049704378851,3,24,3,220120,385490,19611,88345,3.570806624921264,0.18644675889286355
4650,0.1418074618272807,0,3,0,220123,385487,19611,88345,3.5707788358220016,0.18644793935403264
4651,0.141821337606037,0,24,0,220147,385463,19611,88345,3.5705565230279004,0.18645738358153513
4652,0.1418233385467305,1,5,1,220152,385458,19612,88344,3.5705102078624624,0.18645763420162853
4653,0.1418269978377604,0,3,0,220155,385455,19612,88344,3.5704824187632,0.18645881481387677
4654,0.1418311378499627,0,5,0,220160,385450,19612,88344,3.570436103597762,0.18646078253418152
4655,0.1418460595816765,0,4,0,220164,385446,19612,88344,3.570399051465412,0.186462356740328
4656,0.1418480963532457,0,4,0,220168,385442,19612,88344,3.5703619993330618,0.18646393097305536
4657,0.1418521048723872,0,1,0,220169,385441,19612,88344,3.570352736299974,0.18646432453539052
4658,0.1418529889566391,0,1,0,220170,385440,19612,88344,3.5703434732668864,0.18646471809938706
4659,0.141853909279162,17,113,17,220283,385327,19629,88327,3.5692967505279927,0.18648000439139117
4660,0.1418562637305833,23,248,23,220531,385079,19652,88304,3.5669995183222794,0.18653817310718804
4661,0.1418584856777265,0,1,0,220532,385078,19652,88304,3.566990255289192,0.18653856716140454
4662,0.1418662835488291,1,6,1,220538,385072,19653,88303,3.5669346770906665,0.1865392130974386
4663,0.1418669251151718,5,16,5,220554,385056,19658,88298,3.566786468561266,0.1865369258525332
4664,0.1418689386971144,0,3,0,220557,385053,19658,88298,3.566758679462003,0.18653810808469826
4665,0.1418714976425409,0,1,0,220558,385052,19658,88298,3.5667494164289155,0.1865385021654167
4666,0.1418823589551246,1,5,1,220563,385047,19659,88297,3.5667031012634776,0.18653875405624662
4667,0.1418876412142702,2,11,2,220574,385036,19661,88295,3.5666012078995144,0.18653965195603076
4668,0.141888033016393,4,53,4,220627,384983,19665,88291,3.5661102671458744,0.1865536665863749
4669,0.1418904105816355,1,30,1,220657,384953,19666,88290,3.5658323761532476,0.18656377379063188
4670,0.1418925122142871,2,23,2,220680,384930,19668,88288,3.565619326392234,0.18656940353071946
4671,0.1418936649352075,0,2,0,220682,384928,19668,88288,3.5656008003260586,0.18657019204760616
4672,0.1418956573490918,0,2,0,220684,384926,19668,88288,3.5655822742598837,0.1865709805711581
4673,0.1418979622745107,2,23,2,220707,384903,19670,88286,3.5653692244988697,0.1865766110370275
4674,0.1419050731336825,0,1,0,220708,384902,19670,88286,3.5653599614657825,0.18657700533403215
4675,0.1419058187845139,26,290,26,220998,384612,19696,88260,3.5626736818703915,0.1866467035476831
4676,0.1419083304869165,11,79,11,221077,384533,19707,88249,3.561941902256475,0.18665896755798655
4677,0.1419088446904838,0,1,0,221078,384532,19707,88249,3.561932639223387,0.1866593623686231
4678,0.1419090525083967,0,1,0,221079,384531,19707,88249,3.5619233761903,0.1866597571809298
4679,0.1419115633751226,6,44,6,221123,384487,19713,88243,3.5615158027344473,0.18666680769149407
4680,0.1419157365630164,7,21,7,221144,384466,19720,88236,3.5613212790396087,0.18666305621723622
4681,0.1419166513804353,0,1,0,221145,384465,19720,88236,3.561312016006521,0.18666345110334018
4682,0.1419207153370391,1,2,1,221147,384463,19721,88235,3.561293489940346,0.186662520256062
4683,0.1419261159502014,0,2,0,221149,384461,19721,88235,3.5612749638741708,0.18666331003435613
4684,0.1419300464128698,1,6,1,221155,384455,19722,88234,3.5612193856756456,0.1866639587551223
4685,0.1419374701351161,1,1,1,221156,384454,19723,88233,3.561210122642558,0.18666263298969507
4686,0.1419383627518032,1,6,1,221162,384448,19724,88232,3.5611545444440327,0.18666328171278665
4687,0.1419398471073359,2,8,2,221170,384440,19726,88230,3.561080440179332,0.18666299955571541
4688,0.1419472064530273,37,148,37,221318,384292,19763,88193,3.5597095112823745,0.18665777749558188
4689,0.1419524175006877,2,16,2,221334,384276,19765,88191,3.5595613027529733,0.18666065566484008
4690,0.1419575304287171,6,20,6,221354,384256,19771,88185,3.5593760420912224,0.1866582282232067
4691,0.1419631211117684,2,38,2,221392,384218,19773,88183,3.5590240468338954,0.1866697995982227
4692,0.1419686462590979,0,1,0,221393,384217,19773,88183,3.5590147838008077,0.18667019475021168
4693,0.1419687419139617,0,1,0,221394,384216,19773,88183,3.55900552076772,0.18667058990387364
4694,0.1419708939924414,0,1,0,221395,384215,19773,88183,3.558996257734633,0.18667098505920854
4695,0.1419712976762132,0,2,0,221397,384213,19773,88183,3.5589777316684574,0.18667177537489732
4696,0.1419724652522718,2,11,2,221408,384202,19775,88181,3.5588758383044943,0.18667267873738047
4697,0.1419736474176061,1,11,1,221419,384191,19776,88180,3.558773944940531,0.1866753039454158
4698,0.1419766727745894,0,1,0,221420,384190,19776,88180,3.558764681907444,0.1866756991341533
4699,0.1419769659760596,0,2,0,221422,384188,19776,88180,3.5587461558412685,0.18667648951664803
4700,0.1419772997882104,10,55,10,221477,384133,19786,88170,3.558236689021453,0.1866810077429108
4701,0.1419797144921843,0,9,0,221486,384124,19786,88170,3.5581533217236654,0.18668456512257195
4702,0.1419806258718036,3,8,3,221494,384116,19789,88167,3.558079217458965,0.18668256109154893
4703,0.14198117661805,0,13,0,221507,384103,19789,88167,3.5579587980288268,0.18668769983272282
4704,0.1419841936900784,2,11,2,221518,384092,19791,88165,3.5578569046648636,0.18668860387458525
4705,0.1419851570354447,5,40,5,221558,384052,19796,88160,3.5574863833413612,0.18669580612097955
4706,0.1419859197398815,2,19,2,221577,384033,19798,88158,3.557310385712698,0.1866998735681112
4707,0.1419861919959017,0,3,0,221580,384030,19798,88158,3.557282596613435,0.18670105974738876
4708,0.1419872972981597,28,269,28,221849,383761,19826,88130,3.554790840712883,0.1867592304154985
4709,0.1419876026876173,0,2,0,221851,383759,19826,88130,3.554772314646708,0.1867600219543155
4710,0.1419878327153588,0,4,0,221855,383755,19826,88130,3.554735262514358,0.18676160505207837
4711,0.1419906711937958,0,7,0,221862,383748,19826,88130,3.554670421282745,0.18676437553774491
4712,0.1419914753767884,0,1,0,221863,383747,19826,88130,3.5546611582496572,0.18676477132812153
4713,0.1420032598512109,7,53,7,221916,383694,19833,88123,3.554170217496017,0.1867736855602914
4714,0.1420038976529959,1,19,1,221935,383675,19834,88122,3.5539942198673535,0.1867794835490688
4715,0.1420060945805469,0,4,0,221939,383671,19834,88122,3.5539571677350033,0.18678106712053802
4716,0.1420104487682594,0,2,0,221941,383669,19834,88122,3.553938641668828,0.1867818589163422
4717,0.1420168660136466,1,12,1,221953,383657,19835,88121,3.5538274852717775,0.18678488611168811
4718,0.1420276839260376,1,2,1,221955,383655,19836,88120,3.553808959205602,0.18678395421546287
4719,0.1420277916332793,4,33,4,221988,383622,19840,88116,3.553503279113713,0.18679012502702771
4720,0.1420317120028671,1,2,1,221990,383620,19841,88115,3.5534847530475377,0.18678919308510075
4721,0.1420321631239317,0,3,0,221993,383617,19841,88115,3.553456963948275,0.18679038097903047
4722,0.1420343560433693,0,1,0,221994,383616,19841,88115,3.5534477009151875,0.18679077694703125
4723,0.1420365009819482,1,1,1,221995,383615,19842,88114,3.5534384378821002,0.18678944902687772
4724,0.1420393999932851,0,4,0,221999,383611,19842,88114,3.55340138574975,0.18679103291112406
4725,0.1420441173656066,0,8,0,222007,383603,19842,88114,3.5533272814850494,0.18679420076020156
4726,0.1420532518471647,0,7,0,222014,383596,19842,88114,3.5532624402534365,0.18679697271628756
4727,0.1420573546115661,0,1,0,222015,383595,19842,88114,3.553253177220349,0.18679736871673003
4728,0.1420603763977976,0,3,0,222018,383592,19842,88114,3.5532253881210862,0.1867985567281315
4729,0.1420611992894327,0,2,0,222020,383590,19842,88114,3.5532068620549113,0.18679934874412768
4730,0.1420614471545365,5,26,5,222046,383564,19847,88109,3.5529660231946347,0.18680102528658626
4731,0.1420727213154209,0,1,0,222047,383563,19847,88109,3.5529567601615475,0.18680142132668465
4732,0.1420733919393812,0,1,0,222048,383562,19847,88109,3.55294749712846,0.18680181736846235
4733,0.142080335922084,0,8,0,222056,383554,19847,88109,3.5528733928637592,0.1868049857631402
4734,0.1420824641389957,2,3,2,222059,383551,19849,88107,3.5528456037644967,0.18680272570379386
4735,0.142083115622186,0,6,0,222065,383545,19849,88107,3.5527900255659715,0.18680510206677806
4736,0.1420853834900134,1,4,1,222069,383541,19850,88106,3.552752973433621,0.18680496218570244
4737,0.1420869433368898,1,4,1,222073,383537,19851,88105,3.552715921301271,0.186804822301661
4738,0.14208980562656,0,1,0,222074,383536,19851,88105,3.552706658268183,0.18680521837584094
4739,0.1420954943844572,1,9,1,222083,383527,19852,88104,3.5526232909703954,0.18680705890834148
4740,0.1420955791287872,3,7,3,222090,383520,19855,88101,3.5525584497387825,0.1868046588256248
4741,0.142096173274826,44,237,44,222327,383283,19899,88057,3.550363110897032,0.18682267577544873
4742,0.1420966149870689,0,2,0,222329,383281,19899,88057,3.550344584830857,0.18682346850879836
4743,0.1420974944827487,3,10,3,222339,383271,19902,88054,3.5502519544999815,0.1868222564048162
4744,0.1420999137258233,5,30,5,222369,383241,19907,88049,3.5499740635073547,0.1868255214411509
4745,0.1421010634639671,0,9,0,222378,383232,19907,88049,3.549890696209567,0.18682908922702168
4746,0.1421020566325046,0,8,0,222386,383224,19907,88049,3.5498165919448663,0.18683226070663925
4747,0.1421035367836945,0,3,0,222389,383221,19907,88049,3.5497888028456037,0.18683345003925564
4748,0.142104138120192,1,7,1,222396,383214,19908,88048,3.549723961613991,0.18683449970504729
4749,0.1421059167785126,3,7,3,222403,383207,19911,88045,3.549659120382378,0.18683209832531214
4750,0.1421082756333694,0,6,0,222409,383201,19911,88045,3.5496035421838528,0.18683447710962003
4751,0.1421088982695134,6,63,6,222472,383138,19917,88039,3.549019971099337,0.1868491034154893
4752,0.1421120152235495,2,5,2,222477,383133,19919,88037,3.548973655933899,0.18684763461171128
4753,0.1421163822086475,0,1,0,222478,383132,19919,88037,3.5489643929008112,0.18684803117352797
4754,0.1421208275276945,0,1,0,222479,383131,19919,88037,3.548955129867724,0.18684842773702798
4755,0.1421252065583389,0,3,0,222482,383128,19919,88037,3.5489273407684614,0.186849617437628
4756,0.1421271754253072,0,1,0,222483,383127,19919,88037,3.5489180777353737,0.1868500140078614
4757,0.1421305541682048,1,12,1,222495,383115,19920,88036,3.548806921338323,0.1868530471122846
4758,0.1421311795705248,2,25,2,222520,383090,19922,88034,3.548575345511134,0.1868595104473557
4759,0.1421375525635038,13,100,13,222620,382990,19935,88021,3.5476490422023788,0.1868767396090537
4760,0.142138463943123,5,65,5,222685,382925,19940,88016,3.547046945051688,0.18689389966046702
4761,0.1421420317613979,7,93,7,222778,382832,19947,88009,3.546185482974545,0.18691872627914732
4762,0.1421427282422483,5,16,5,222794,382816,19952,88004,3.5460372744451445,0.18691644365150165
4763,0.1421433839233553,3,9,3,222803,382807,19955,88001,3.5459539071473563,0.18691483577169463
4764,0.142143748665959,8,20,8,222823,382787,19963,87993,3.5457686464856053,0.18690895959896342
4765,0.1421449526745244,2,2,2,222825,382785,19965,87991,3.54575012041943,0.18690629938654477
4766,0.1421452482768569,1,4,1,222829,382781,19966,87990,3.54571306828708,0.18690616031998572
4767,0.1421472424820152,0,3,0,222832,382778,19966,87990,3.545685279187817,0.18690735139176834
4768,0.1421527584837249,0,1,0,222833,382777,19966,87990,3.54567601615473,0.18690774841906932
4769,0.1421541619202792,0,6,0,222839,382771,19966,87990,3.545620437956204,0.18691013061829675
4770,0.1421597361984382,0,2,0,222841,382769,19966,87990,3.5456019118900293,0.18691092469820014
4771,0.1421615738903475,0,1,0,222842,382768,19966,87990,3.5455926488569416,0.18691132174068206
4772,0.1421659312215037,0,12,0,222854,382756,19966,87990,3.545481492459891,0.1869160863820404
4773,0.1421669495275696,5,53,5,222907,382703,19971,87985,3.5449905517062508,0.18692849615881432
4774,0.1421694102168882,3,18,3,222925,382685,19974,87982,3.5448238171106747,0.18693046251383674
4775,0.1421705002758569,1,12,1,222937,382673,19975,87981,3.544712660713624,0.1869335010432292
4776,0.1421756077406525,3,7,3,222944,382666,19978,87978,3.544647819482011,0.18693109866480823
4777,0.1421843626605865,0,1,0,222945,382665,19978,87978,3.544638556448924,0.18693149584717078
4778,0.1421932537507914,0,1,0,222946,382664,19978,87978,3.544629293415836,0.18693189303122118
4779,0.1421954055853755,1,8,1,222954,382656,19979,87977,3.5445551891511355,0.18693334296575037
4780,0.1421983287755986,0,5,0,222959,382651,19979,87977,3.544508873985698,0.1869353289647025
4781,0.1421985593196539,0,2,0,222961,382649,19979,87977,3.5444903479195227,0.18693612337609908
4782,0.1422019275713255,0,1,0,222962,382648,19979,87977,3.5444810848864354,0.18693652058432936
4783,0.1422040936610659,0,7,0,222969,382641,19979,87977,3.5444162436548226,0.18693930108920612
4784,0.1422057960504062,2,18,2,222987,382623,19981,87975,3.5442495090592465,0.1869429959328344
4785,0.1422065106238385,24,90,24,223077,382533,20005,87951,3.5434158360813663,0.18693728160787615
4786,0.1422110899184841,10,60,10,223137,382473,20015,87941,3.542860054096113,0.18694384095711436
4787,0.1422111362736562,1,1,1,223138,382472,20016,87940,3.542850791063026,0.18694250996998377
4788,0.1422150878525371,0,4,0,223142,382468,20016,87940,3.5428137389306755,0.18694409959014302
4789,0.1422155935943107,0,2,0,223144,382466,20016,87940,3.5427952128645,0.1869448944103604
4790,0.1422199145088946,60,462,60,223606,382004,20076,87880,3.5385156915780502,0.18702488273701595
4791,0.1422310103346477,1,10,1,223616,381994,20077,87879,3.5384230612471748,0.187027132863561
4792,0.1422351745180283,3,5,3,223621,381989,20080,87876,3.538376746081737,0.18702393240611664
4793,0.1422356921065076,0,1,0,223622,381988,20080,87876,3.5383674830486496,0.18702433044455416
4794,0.1422357115430124,5,21,5,223643,381967,20085,87871,3.538172959353811,0.1870240380726974
4795,0.1422401907409065,1,20,1,223663,381947,20086,87870,3.5379876986920595,0.1870302692324884
4796,0.1422403022103151,11,81,11,223744,381866,20097,87859,3.537237393011968,0.18704348288892436
4797,0.1422420361922493,1,15,1,223759,381851,20098,87858,3.5370984475156546,0.1870477252937457
4798,0.1422447814082092,11,113,11,223872,381738,20109,87847,3.536051724776761,0.18707369272868596
4799,0.1422448515412466,1,1,1,223873,381737,20110,87846,3.536042461743673,0.18707235994488727
4800,0.142250420737169,1,17,1,223890,381720,20111,87845,3.535884990181185,0.18707740142472287
4801,0.1422534172001067,3,46,3,223936,381674,20114,87842,3.5354588906591573,0.1870905357857879
4802,0.1422559233957298,0,7,0,223943,381667,20114,87842,3.5353940494275444,0.18709332515457638
4803,0.1422566664946664,12,44,12,223987,381623,20126,87830,3.5349864759716922,0.18709008143520225
4804,0.1422567077842836,0,1,0,223988,381622,20126,87830,3.5349772129386046,0.18709047996387276
4805,0.1422582587213964,3,27,3,224015,381595,20129,87827,3.5347271110452407,0.187096045775443
4806,0.1422591596573194,0,3,0,224018,381592,20129,87827,3.534699321945978,0.18709724148362125
4807,0.1422605296361733,0,8,0,224026,381584,20129,87827,3.5346252176812776,0.18710043011348265
4808,0.1422615777759826,0,1,0,224027,381583,20129,87827,3.53461595464819,0.18710082869985728
4809,0.1422619720635289,10,128,10,224155,381455,20139,87817,3.533430286412983,0.18713454030924495
4810,0.1422655833557828,0,1,0,224156,381454,20139,87817,3.5334210233798955,0.18713493908637013
4811,0.142266857755754,0,4,0,224160,381450,20139,87817,3.533383971247545,0.1871365342118666
4812,0.1422669663205188,1,43,1,224203,381407,20140,87816,3.5329856608247803,0.18715195120443798
4813,0.1422676593777009,0,3,0,224206,381404,20140,87816,3.5329578717255177,0.1871531477771621
4814,0.1422704748557648,0,4,0,224210,381400,20140,87816,3.5329208195931674,0.18715474323126235
4815,0.1422704829386747,0,1,0,224211,381399,20140,87816,3.53291155656008,0.18715514209903775
4816,0.1422707772083405,0,3,0,224214,381396,20140,87816,3.5328837674608176,0.1871563387125649
4817,0.1422709837160838,0,8,0,224222,381388,20140,87816,3.532809663196117,0.18715952975677957
4818,0.142280922783135,0,5,0,224227,381383,20140,87816,3.532763348030679,0.18716152421467225
4819,0.1422830448434947,0,4,0,224231,381379,20140,87816,3.5327262958983288,0.1871631198115922
4820,0.1422887380054565,1,3,1,224234,381376,20141,87815,3.532698506799066,0.1871625841075383
4821,0.1422898372754697,0,1,0,224235,381375,20141,87815,3.532689243765979,0.1871629830132782
4822,0.1422901410981844,1,2,1,224237,381373,20142,87814,3.5326707176998036,0.18716204839435022
4823,0.1422915286870877,3,21,3,224258,381352,20145,87811,3.532476194004965,0.18716522828952836
4824,0.1422944230785227,16,138,16,224396,381214,20161,87795,3.5311978954388823,0.18719256986539703
4825,0.1422988972108294,0,3,0,224399,381211,20161,87795,3.5311701063396197,0.18719376724391584
4826,0.1422993087707478,0,1,0,224400,381210,20161,87795,3.5311608433065325,0.18719416637349282
4827,0.1423000412245811,0,2,0,224402,381208,20161,87795,3.531142317240357,0.18719496463775284
4828,0.1423003987784106,0,1,0,224403,381207,20161,87795,3.5311330542072694,0.18719536377243595
4829,0.1423012219946748,5,27,5,224430,381180,20166,87790,3.5308829523139056,0.18719747531825062
4830,0.1423056755108472,0,1,0,224431,381179,20166,87790,3.530873689280818,0.1871978744863733
4831,0.1423098456542864,1,5,1,224436,381174,20167,87789,3.5308273741153804,0.18719813716647155
4832,0.1423112250697767,0,2,0,224438,381172,20167,87789,3.530808848049205,0.1871989355191583
4833,0.142311657159693,1,2,1,224440,381170,20168,87788,3.53079032198303,0.18719800067383432
4834,0.1423130399278823,1,8,1,224448,381162,20169,87787,3.5307162177183296,0.18719946092218984
4835,0.1423191030253371,0,1,0,224449,381161,20169,87787,3.5307069546852423,0.18719986011242185
4836,0.1423191342715692,1,1,1,224450,381160,20170,87786,3.5306976916521546,0.187198526056305
4837,0.1423201732849845,0,9,0,224459,381151,20170,87786,3.5306143243543664,0.1872021188347262
4838,0.1423205119767889,0,11,0,224470,381140,20170,87786,3.5305124309904037,0.18720651019563855
4839,0.1423279430213829,2,7,2,224477,381133,20172,87784,3.530447589758791,0.187205838133401
4840,0.1423297357448517,0,2,0,224479,381131,20172,87784,3.5304290636926154,0.1872066365972511
4841,0.1423301152439922,0,1,0,224480,381130,20172,87784,3.5304198006595278,0.18720703583173035
4842,0.142330910398737,5,50,5,224530,381080,20177,87779,3.5299566490051504,0.1872183321638275
4843,0.1423319836861064,0,3,0,224533,381077,20177,87779,3.529928859905888,0.18721953009026226
4844,0.142333445811972,3,33,3,224566,381044,20180,87776,3.5296231798139983,0.18722750735890106
4845,0.1423341899522156,2,5,2,224571,381039,20182,87774,3.5295768646485604,0.1872260368206513
4846,0.1423357163307693,1,6,1,224577,381033,20183,87773,3.529521286450035,0.18722669931698827
4847,0.1423364628840005,7,19,7,224596,381014,20190,87766,3.529345288821372,0.18722215111566193
4848,0.142337144090926,0,8,0,224604,381006,20190,87766,3.5292711845566713,0.18722534622375056
4849,0.1423384611898238,1,6,1,224610,381000,20191,87765,3.529215606358146,0.18722600876771944
4850,0.1423406706435667,0,2,0,224612,380998,20191,87765,3.5291970802919708,0.18722680757653654
4851,0.1423429403877178,1,6,1,224618,380992,20192,87764,3.5291415020934456,0.18722747015504868
4852,0.1423436408357963,2,57,2,224675,380935,20194,87762,3.528613509207455,0.18724677136828272
4853,0.1423443220905756,0,2,0,224677,380933,20194,87762,3.52859498314128,0.18724757038159143
4854,0.1423450108146502,2,41,2,224718,380892,20196,87760,3.52821519878469,0.18726048325836656
4855,0.1423515761796153,3,13,3,224731,380879,20199,87757,3.528094779354552,0.187260475080873
4856,0.1423521507493315,9,30,9,224761,380849,20208,87748,3.5278168883619254,0.1872568539704693
4857,0.1423548078144146,0,2,0,224763,380847,20208,87748,3.52779836229575,0.1872576531973239
4858,0.1423555061040528,0,2,0,224765,380845,20208,87748,3.527779836229575,0.1872584524310009
4859,0.1423555718049307,4,16,4,224781,380829,20212,87744,3.527631627700174,0.1872579085862822
4860,0.142356166846918,6,52,6,224833,380777,20218,87738,3.5271499499796213,0.1872682838329616
4861,0.1423567983023984,1,4,1,224837,380773,20219,87737,3.527112897847271,0.18726814795842137
4862,0.1423617547321974,0,6,0,224843,380767,20219,87737,3.527057319648746,0.1872705462493383
4863,0.1423636341217257,10,98,10,224941,380669,20229,87727,3.5261495424061655,0.1872923765360934
4864,0.1423657433790007,1,10,1,224951,380659,20230,87726,3.52605691207529,0.18729464009308583
4865,0.1423735800316478,0,3,0,224954,380656,20230,87726,3.5260291229760274,0.18729583972056996
4866,0.1423764526717574,10,46,10,225000,380610,20240,87716,3.525603023454,0.1872968829405158
4867,0.1423804284781373,0,4,0,225004,380606,20240,87716,3.5255659713216496,0.18729848266790797
4868,0.1423818909409107,0,1,0,225005,380605,20240,87716,3.525556708288562,0.18729888260402588
4869,0.1423819999554651,5,44,5,225049,380561,20245,87711,3.5251491348327098,0.18730780401134384
4870,0.1423829248570312,0,7,0,225056,380554,20245,87711,3.525084293601097,0.18731060403831165
4871,0.1423836550852971,0,9,0,225065,380545,20245,87711,3.5250009263033086,0.18731420419599534
4872,0.1423876128083549,1,5,1,225070,380540,20246,87710,3.524954611137871,0.18731446876668445
4873,0.1423899091593087,0,2,0,225072,380538,20246,87710,3.5249360850716958,0.18731526883190106
4874,0.142392323832261,0,4,0,225076,380534,20246,87710,3.5248990329393455,0.187316868982838
4875,0.1423945803954909,3,22,3,225098,380512,20249,87707,3.5246952462114196,0.18732046328747873
4876,0.1423961383381699,10,40,10,225138,380472,20259,87697,3.5243247248879173,0.18731910912512362
4877,0.1423998489239049,0,4,0,225142,380468,20259,87697,3.524287672755567,0.18732070957888777
4878,0.1424023540737376,0,1,0,225143,380467,20259,87697,3.5242784097224797,0.18732110969660204
4879,0.1424030484380526,1,1,1,225144,380466,20260,87696,3.524269146689392,0.1873197739244108
4880,0.1424145458556031,1,6,1,225150,380460,20261,87695,3.524213568490867,0.1873204387435785
4881,0.1424167200385411,0,1,0,225151,380459,20261,87695,3.524204305457779,0.18732083886926096
4882,0.1424202110462735,10,80,10,225231,380379,20271,87685,3.523463262810775,0.18733549258221097
4883,0.1424212616656365,1,15,1,225246,380364,20272,87684,3.5233243173144615,0.18733976002461286
4884,0.1424234183447293,0,2,0,225248,380362,20272,87684,3.523305791248286,0.18734056054319448
4885,0.1424244946764134,2,3,2,225251,380359,20274,87682,3.5232780021490235,0.18733828873966168
4886,0.1424250967384986,0,2,0,225253,380357,20274,87682,3.5232594760828486,0.18733908926392887
4887,0.1424283210099941,2,25,2,225278,380332,20276,87680,3.5230279002556597,0.18734562361648846
4888,0.1424288348053259,0,3,0,225281,380329,20276,87680,3.523000111156397,0.18734682452687876
4889,0.1424292638396686,4,49,4,225330,380280,20280,87676,3.522546222535107,0.18735949533716845
4890,0.1424304191799354,0,3,0,225333,380277,20280,87676,3.5225184334358444,0.18736069648020207
4891,0.1424333154673406,3,23,3,225356,380254,20283,87673,3.5223053836748304,0.1873646957751957
4892,0.1424373094072893,2,6,2,225362,380248,20285,87671,3.522249805476305,0.18736362490089098
4893,0.1424396802398247,1,13,1,225375,380235,20286,87670,3.522129386046167,0.18736709374766244
4894,0.1424413996406019,0,3,0,225378,380232,20286,87670,3.5221015969469045,0.18736829507033523
4895,0.1424430660745197,1,10,1,225388,380222,20287,87669,3.5220089666160286,0.18737056280202014
4896,0.1424431434231166,0,1,0,225389,380221,20287,87669,3.5219997035829413,0.18737096326059544
4897,0.1424434053709453,0,6,0,225395,380215,20287,87669,3.5219441253844157,0.18737336604799482
4898,0.142444620056634,0,1,0,225396,380214,20287,87669,3.5219348623513285,0.18737376651855273
4899,0.1424470392217911,4,8,4,225404,380206,20291,87665,3.521860758086628,0.1873700229336719
4900,0.1424478483227093,2,4,2,225408,380202,20293,87663,3.5218237059542776,0.1873681510692187
4901,0.1424479791695038,4,8,4,225416,380194,20297,87659,3.521749601689577,0.18736440719627748
4902,0.1424487719667162,1,2,1,225418,380192,20298,87658,3.521731075623402,0.18736347119803357
4903,0.1424501867650669,0,3,0,225421,380189,20298,87658,3.5217032865241396,0.18736467263870454
4904,0.1424528057757004,1,4,1,225425,380185,20299,87657,3.5216662343917893,0.18736453760030095
4905,0.1424543258264267,1,4,1,225429,380181,20300,87656,3.521629182259439,0.18736440255901093
4906,0.1424549571329399,0,2,0,225431,380179,20300,87656,3.521610656193264,0.18736520354398453
4907,0.1424576089734189,0,10,0,225441,380169,20300,87656,3.5215180258623886,0.18736920857158126
4908,0.1424577522887139,1,2,1,225443,380167,20301,87655,3.5214994997962132,0.1873682725481059
4909,0.142459272657284,0,1,0,225444,380166,20301,87655,3.5214902367631256,0.1873686730608502
4910,0.1424606761864908,3,22,3,225466,380144,20304,87652,3.5212864500351997,0.1873722733841247
4911,0.1424615732579582,0,17,0,225483,380127,20304,87652,3.521128978472711,0.1873790828575032
4912,0.1424618301363415,0,1,0,225484,380126,20304,87652,3.5211197154396237,0.18737948343017413
4913,0.1424663093342356,0,2,0,225486,380124,20304,87652,3.5211011893734483,0.18738028458065398
4914,0.1424674060355081,3,16,3,225502,380108,20307,87649,3.5209529808440476,0.18738148226536427
4915,0.14246784759475,0,1,0,225503,380107,20307,87649,3.52094371781096,0.18738188286200497
4916,0.1424684269737765,1,10,1,225513,380097,20308,87648,3.5208510874800845,0.18738415162107558
4917,0.1424743903377856,5,60,5,225573,380037,20313,87643,3.520295305494831,0.18739950393431407
4918,0.1424749980148178,4,14,4,225587,380023,20317,87639,3.5201656230316054,0.18739816363099845
4919,0.1424862371094849,0,2,0,225589,380021,20317,87639,3.5201470969654305,0.18739896506008638
4920,0.1424868310886044,3,27,3,225616,379994,20320,87636,3.519896995072066,0.1874045719906764
4921,0.1424898217574258,31,194,31,225810,379800,20351,87605,3.518099966653081,0.18742846139857297
4922,0.1424943009553199,40,258,40,226068,379542,20391,87565,3.5157101041164918,0.1874624015482534
4923,0.1424956531172773,2,15,2,226083,379527,20393,87563,3.5155711586201788,0.18746494251643153
4924,0.1424979236360747,1,8,1,226091,379519,20394,87562,3.515497054355478,0.18746641374836484
4925,0.1425007221511643,2,25,2,226116,379494,20396,87560,3.5152654785282893,0.18747296886441397
4926,0.142501201217018,13,108,13,226224,379386,20409,87547,3.5142650709548335,0.18749370894753636
4927,0.1425050424079037,1,16,1,226240,379370,20410,87546,3.5141168624254324,0.1874983937153578
4928,0.1425088997412568,0,6,0,226246,379364,20410,87546,3.5140612842269072,0.18750080315264184
4929,0.1425127048351117,0,2,0,226248,379362,20410,87546,3.5140427581607323,0.18750160631216428
4930,0.1425187477184019,0,1,0,226249,379361,20410,87546,3.5140334951276446,0.18750200789450575
4931,0.1425192821035982,2,28,2,226277,379333,20412,87544,3.513774130201193,0.18750977238116248
4932,0.1425209124305309,5,12,5,226289,379321,20417,87539,3.5136629738041423,0.1875058904168273
4933,0.1425235814503202,3,23,3,226312,379298,20420,87536,3.5134499240431287,0.18750990716186053
4934,0.1425238204667678,1,2,1,226314,379296,20421,87535,3.5134313979769534,0.18750897005554473
4935,0.1425258808190788,3,13,3,226327,379283,20424,87532,3.5133109785468153,0.18750897036299177
4936,0.1425294265534109,0,4,0,226331,379279,20424,87532,3.513273926414465,0.18751057708580132
4937,0.1425315105979555,0,2,0,226333,379277,20424,87532,3.51325540034829,0.18751138045753188
4938,0.1425370132565163,0,2,0,226335,379275,20424,87532,3.5132368742821147,0.18751218383614643
4939,0.1425382665494567,3,16,3,226351,379259,20427,87529,3.513088665752714,0.18751338937590512
4940,0.1425394562618833,0,5,0,226356,379254,20427,87529,3.513042350587276,0.18751539794722602
4941,0.1425396606452952,1,9,1,226365,379245,20428,87528,3.5129589832894883,0.18751727284997205
4942,0.1425436930964034,0,5,0,226370,379240,20428,87528,3.5129126681240503,0.18751928152743977
4943,0.1425474695405303,0,1,0,226371,379239,20428,87528,3.512903405090963,0.18751968326809737
4944,0.1425476975204544,1,0,1,226371,379239,20429,87527,3.512903405090963,0.18751794260935886
4945,0.142551235974732,0,2,0,226373,379237,20429,87527,3.5128848790247877,0.18751874609010122
4946,0.1425520878702598,0,1,0,226374,379236,20429,87527,3.5128756159917005,0.18751914783305446
4947,0.1425543782958017,1,6,1,226380,379230,20430,87526,3.512820037793175,0.18751981763490988
4948,0.1425551680647692,0,4,0,226384,379226,20430,87526,3.5127829856608246,0.1875214246537776
4949,0.1425559114210066,0,2,0,226386,379224,20430,87526,3.5127644595946497,0.18752222817354045
4950,0.142560886509372,6,33,6,226419,379191,20436,87520,3.51245877950276,0.1875250422638421
4951,0.1425614276897274,0,9,0,226428,379182,20436,87520,3.5123754122049724,0.1875286585444245
4952,0.1425641462498561,3,15,3,226443,379167,20439,87517,3.512236466708659,0.18752946319136718
4953,0.1425672403189454,0,2,0,226445,379165,20439,87517,3.512217940642484,0.18753026686266022
4954,0.1425683446549186,0,4,0,226449,379161,20439,87517,3.5121808885101338,0.18753187422591167
4955,0.1425686252128002,12,43,12,226492,379118,20451,87505,3.511782578087369,0.1875282615730472
4956,0.1425747094274026,1,9,1,226501,379109,20452,87504,3.511699210789581,0.18753013739437177
4957,0.1425767096428589,0,1,0,226502,379108,20452,87504,3.5116899477564933,0.1875305392917456
4958,0.1425839660111656,2,2,2,226504,379106,20454,87502,3.5116714216903184,0.18752786064533827
4959,0.1425868293107955,1,5,1,226509,379101,20455,87501,3.5116251065248805,0.18752812889786155
4960,0.1425876300791484,0,4,0,226513,379097,20455,87501,3.51158805439253,0.18752973651837343
4961,0.1425879807369345,2,12,2,226525,379085,20457,87499,3.51147689799548,0.18753107693362825
4962,0.1425924599348285,3,16,3,226541,379069,20460,87496,3.5113286894660787,0.18753228381897485
4963,0.1425945392472839,0,1,0,226542,379068,20460,87496,3.511319426432991,0.1875326857622963
4964,0.1425959090834198,0,3,0,226545,379065,20460,87496,3.5112916373337284,0.1875338916025986
4965,0.1425981573092966,0,19,0,226564,379046,20460,87496,3.511115639705065,0.18754152895130557
4966,0.1425989600218236,0,3,0,226567,379043,20460,87496,3.5110878506058025,0.18754273490533482
4967,0.1426032288968788,0,7,0,226574,379036,20460,87496,3.5110230093741897,0.18754554885838484
4968,0.1426056863940287,6,75,6,226649,378961,20466,87490,3.510328281892623,0.18756525337066488
4969,0.142607655916624,0,1,0,226650,378960,20466,87490,3.5103190188595352,0.18756565548290277
4970,0.1426088252638997,9,82,9,226732,378878,20475,87481,3.509559450146356,0.18758295647773496
4971,0.1426107288981497,2,10,2,226742,378868,20477,87479,3.5094668198154806,0.1875834946938653
4972,0.1426189061869981,3,12,3,226754,378856,20480,87476,3.5093556634184297,0.1875830953054905
4973,0.1426193241648816,1,6,1,226760,378850,20481,87475,3.5093000852199046,0.18758376668632393
4974,0.1426196682076609,1,1,1,226761,378849,20482,87474,3.509290822186817,0.18758242677285916
4975,0.1426217404298288,1,10,1,226771,378839,20483,87473,3.5091981918559414,0.18758470723464118
4976,0.142624147405555,0,5,0,226776,378834,20483,87473,3.5091518766905034,0.18758671862099432
4977,0.1426248404336025,17,60,17,226836,378774,20500,87456,3.50859609470525,0.18758123672865323
4978,0.1426264243333016,0,1,0,226837,378773,20500,87456,3.508586831672163,0.187581639065781
4979,0.1426280619550762,0,1,0,226838,378772,20500,87456,3.508577568639075,0.18758204140463464
4980,0.1426287590994134,1,0,1,226838,378772,20501,87455,3.508577568639075,0.18758029886728997
4981,0.1426291967976933,0,1,0,226839,378771,20501,87455,3.5085683056059875,0.187580701204995
4982,0.1426319507190073,22,174,22,227013,378597,20523,87433,3.5069565378487533,0.18761238546874665
4983,0.1426323257783046,1,0,1,227013,378597,20524,87432,3.5069565378487533,0.1876106422561686
4984,0.1426350495141109,0,2,0,227015,378595,20524,87432,3.506938011782578,0.18761144740540783
4985,0.1426384374012479,0,1,0,227016,378594,20524,87432,3.5069287487494907,0.18761184998261898
4986,0.1426391484019618,1,0,1,227016,378594,20525,87431,3.5069287487494907,0.1876101067539295
4987,0.1426396492432461,1,6,1,227022,378588,20526,87430,3.506873170550965,0.18761077898278608
4988,0.1426399053900618,4,29,4,227051,378559,20530,87426,3.5066045425914263,0.1876154811850167
4989,0.1426407264277603,0,1,0,227052,378558,20530,87426,3.5065952795583386,0.18761588380716934
4990,0.1426424102921064,1,1,1,227053,378557,20531,87425,3.506586016525251,0.18761454305101913
4991,0.142645070071349,1,12,1,227065,378545,20532,87424,3.5064748601282005,0.1876176312158105
4992,0.1426452300036801,0,5,0,227070,378540,20532,87424,3.5064285449627626,0.18761964443605086
4993,0.1426457114906618,3,17,3,227087,378523,20535,87421,3.506271073400274,0.187621259207115
4994,0.1426459152065012,0,2,0,227089,378521,20535,87421,3.506252547334099,0.1876220645488065
4995,0.1426462701625459,14,90,14,227179,378431,20549,87407,3.505418874356219,0.187633898479729
4996,0.1426462886170825,0,4,0,227183,378427,20549,87407,3.505381822223869,0.1876355096450667
4997,0.1426485027949284,0,1,0,227184,378426,20549,87407,3.5053725591907816,0.18763591244072447
4998,0.1426499175932791,0,5,0,227189,378421,20549,87407,3.5053262440253437,0.18763792644495395
4999,0.1426504725012646,3,13,3,227202,378408,20552,87404,3.5052058245952056,0.18763793118253716
5000,0.1426510170595242,8,48,8,227250,378360,20560,87396,3.5047611990070027,0.18764331538402082
5001,0.1426515045405006,0,1,0,227251,378359,20560,87396,3.5047519359739154,0.18764371826389412
5002,0.1426515833934583,0,7,0,227258,378352,20560,87396,3.5046870947423026,0.18764653847144808
5003,0.1426534911885968,14,93,14,227351,378259,20574,87382,3.50382563266516,0.18765959183147532
5004,0.1426535244763804,1,0,1,227351,378259,20575,87381,3.50382563266516,0.18765784726398077
5005,0.1426557617073942,4,24,4,227375,378235,20579,87377,3.5036033198710586,0.18766054139498123
5006,0.1426594783450864,7,7,7,227382,378228,20586,87370,3.5035384786394457,0.1876511497042513
5007,0.1426624361295821,0,1,0,227383,378227,20586,87370,3.503529215606358,0.18765155273766798
5008,0.1426649996786984,0,2,0,227385,378225,20586,87370,3.503510689540183,0.1876523588096951
5009,0.1426664601224785,4,18,4,227403,378207,20590,87366,3.503343954944607,0.18765263449555708
5010,0.1426686583021155,0,6,0,227409,378201,20590,87366,3.503288376746082,0.18765505287101533
5011,0.1426745059781453,1,3,1,227412,378198,20591,87365,3.5032605876468192,0.18765451721893708
5012,0.1426750869787741,0,8,0,227420,378190,20591,87365,3.5031864833821187,0.18765774183501413
5013,0.1426787505018503,10,44,10,227464,378146,20601,87355,3.502778909926266,0.18765802866159256
5014,0.1426789276185131,0,4,0,227468,378142,20601,87355,3.5027418577939162,0.18765964120069517
5015,0.1426834412003005,3,24,3,227492,378118,20604,87352,3.5025195449998145,0.18766408146604507
5016,0.1426834680745181,6,36,6,227528,378082,20610,87346,3.502186075808663,0.1876681248227438
5017,0.1426847769311144,0,1,0,227529,378081,20610,87346,3.5021768127755752,0.187668528039843
5018,0.1426893484673754,7,28,7,227557,378053,20617,87339,3.5019174478491237,0.18766760064633686
5019,0.1426936685761834,0,2,0,227559,378051,20617,87339,3.501898921782949,0.1876684071423967
5020,0.142697058430378,2,4,2,227563,378047,20619,87337,3.5018618696505985,0.18766652914582366
5021,0.1426974987166146,6,19,6,227582,378028,20625,87331,3.501685872021935,0.18766371768892404
5022,0.1427038453735374,3,12,3,227594,378016,20628,87328,3.5015747156248844,0.18766332003850913
5023,0.1427091242345368,21,145,21,227739,377871,20649,87307,3.500231575827189,0.18768514418136714
5024,0.1427144298033992,39,335,39,228074,377536,20688,87268,3.497128459742858,0.18775225686525934
5025,0.1427150695793602,2,4,2,228078,377532,20690,87266,3.497091407610508,0.1877503775833803
5026,0.142717441121113,1,3,1,228081,377529,20691,87265,3.497063618511245,0.18774984186542856
5027,0.1427194418025585,1,9,1,228090,377520,20692,87264,3.4969802512134573,0.1877517298357947
5028,0.1427195306925878,4,12,4,228102,377508,20696,87260,3.4968690948164065,0.18774958689066373
5029,0.1427230938146774,2,9,2,228111,377499,20698,87258,3.4967857275186187,0.187749727276835
5030,0.1427287902641604,2,16,2,228127,377483,20700,87256,3.496637518989218,0.18775269559903515
5031,0.1427289828884214,0,5,0,228132,377478,20700,87256,3.49659120382378,0.18775471560075227
5032,0.1427290630353566,1,3,1,228135,377475,20701,87255,3.4965634147245175,0.1877541798463624
5033,0.1427307106593706,0,3,0,228138,377472,20701,87255,3.496535625625255,0.18775539187522997
5034,0.142732504144565,1,2,1,228140,377470,20702,87254,3.4965170995590795,0.18775445210490527
5035,0.1427343381026479,0,1,0,228141,377469,20702,87254,3.4965078365259923,0.18775485611859108
5036,0.1427347828831943,1,4,1,228145,377465,20703,87253,3.496470784393642,0.18775472437047844
5037,0.1427355328442638,0,1,0,228146,377464,20703,87253,3.4964615213605543,0.18775512838996636
5038,0.1427358116032182,0,1,0,228147,377463,20703,87253,3.4964522583274666,0.18775553241119308
5039,0.1427390781944574,3,2,3,228149,377461,20706,87250,3.4964337322612917,0.18775109691829975
5040,0.1427439595235633,9,84,9,228233,377377,20715,87241,3.495655637481937,0.18776930725886642
5041,0.1427468808183931,40,246,40,228479,377131,20755,87201,3.493376931342399,0.18779881636415324
5042,0.1427494536406292,3,25,3,228504,377106,20758,87198,3.49314535551521,0.18780368034735861
5043,0.1427517426671416,0,1,0,228505,377105,20758,87198,3.493136092482122,0.18780408483253394
5044,0.1427560878756044,0,1,0,228506,377104,20758,87198,3.493126829449035,0.18780448931945157
5045,0.1427563376662577,11,29,11,228535,377075,20769,87187,3.4928582014894958,0.18779697670711795
5046,0.1427569224159595,0,3,0,228538,377072,20769,87187,3.492830412390233,0.18779819023433042
5047,0.1427615595028058,0,1,0,228539,377071,20769,87187,3.4928211493571455,0.18779859474688643
5048,0.1427665757699983,0,7,0,228546,377064,20769,87187,3.4927563081255326,0.18780142638357267
5049,0.1427749414105434,1,5,1,228551,377059,20770,87186,3.4927099929600947,0.18780169953365142
5050,0.1427874599394179,0,3,0,228554,377056,20770,87186,3.492682203860832,0.1878029131358214
5051,0.1427893279271364,1,4,1,228558,377052,20771,87185,3.492645151728482,0.1878027817687948
5052,0.1427903130572219,0,3,0,228561,377049,20771,87185,3.492617362629219,0.18780399539887213
5053,0.1427918175965942,2,5,2,228566,377044,20773,87183,3.4925710474637817,0.18780251902625225
5054,0.142794537447584,0,2,0,228568,377042,20773,87183,3.4925525213976063,0.18780332812752437
5055,0.1427956576961232,0,2,0,228570,377040,20773,87183,3.4925339953314314,0.18780413723576816
5056,0.1427957491806877,0,4,0,228574,377036,20773,87183,3.492496943199081,0.18780575547317108
5057,0.142796929530602,0,2,0,228576,377034,20773,87183,3.492478417132906,0.1878065646023304
5058,0.1427972096244678,3,38,3,228614,376996,20776,87180,3.4921264218755788,0.18781669022095068
5059,0.1427981286881098,1,1,1,228615,376995,20777,87179,3.4921171588424915,0.1878153451076536
5060,0.1428002483634259,1,15,1,228630,376980,20778,87178,3.491978213346178,0.18781966485550178
5061,0.1428006844443582,0,3,0,228633,376977,20778,87178,3.4919504242469155,0.1878208788012625
5062,0.1428021101570735,0,1,0,228634,376976,20778,87178,3.491941161213828,0.1878212834533366
5063,0.142803250889373,0,6,0,228640,376970,20778,87178,3.4918855830153026,0.1878237114023975
5064,0.1428039957658227,1,5,1,228645,376965,20779,87177,3.4918392678498646,0.1878239849011725
5065,0.1428042636597792,1,2,1,228647,376963,20780,87176,3.4918207417836897,0.18782304438971945
5066,0.1428092560422688,4,16,4,228663,376947,20784,87172,3.4916725332542886,0.18782251965551938
5067,0.1428099782934411,2,4,2,228667,376943,20786,87170,3.4916354811219388,0.1878206385082943
5068,0.1428113625476998,0,1,0,228668,376942,20786,87170,3.491626218088851,0.1878210431964698
5069,0.1428132714426374,16,89,16,228757,376853,20802,87154,3.4908018081440586,0.1878290629236197
5070,0.1428192640616712,5,48,5,228805,376805,20807,87149,3.490357182555856,0.1878397427331158
5071,0.1428202320423375,4,8,4,228813,376797,20811,87145,3.4902830782911556,0.1878359794974372
5072,0.1428269839458996,0,6,0,228819,376791,20811,87145,3.4902275000926304,0.18783840874603394
5073,0.1428322864919384,2,10,2,228829,376781,20813,87143,3.490134869761755,0.18783895638078651
5074,0.1428324503669407,2,24,2,228853,376757,20815,87141,3.4899125569676537,0.18784517286127553
5075,0.1428328260952267,0,1,0,228854,376756,20815,87141,3.489903293934566,0.18784557778989733
5076,0.1428345574857428,0,12,0,228866,376744,20815,87141,3.489792137537515,0.1878504370695323
5077,0.1428355713111866,0,3,0,228869,376741,20815,87141,3.4897643484382526,0.18785165192872325
5078,0.1428367656898325,2,16,2,228885,376725,20817,87139,3.489616139908852,0.18785462980528775
5079,0.1428376363988053,0,1,0,228886,376724,20817,87139,3.489606876875764,0.18785503478397717
5080,0.1428383541544184,9,32,9,228918,376692,20826,87130,3.4893104598169624,0.18785223641828114
5081,0.1428394264533815,0,2,0,228920,376690,20826,87130,3.4892919337507875,0.18785304644042947
5082,0.1428494719300356,2,8,2,228928,376682,20828,87128,3.489217829486087,0.18785278454539575
5083,0.142850872683293,3,38,3,228966,376644,20831,87125,3.48886583422876,0.18786292313630276
5084,0.1428555535317539,1,17,1,228983,376627,20832,87124,3.4887083626662716,0.18786805850553423
5085,0.1428566600344196,0,16,0,228999,376611,20832,87124,3.4885601541368705,0.18787454041640161
5086,0.1428594148191416,1,7,1,229006,376604,20833,87123,3.4884953129052576,0.18787562509838762
5087,0.1428595397661496,0,30,0,229036,376574,20833,87123,3.488217421912631,0.18788778016678995
5088,0.1428603422744771,6,35,6,229071,376539,20839,87117,3.487893215754567,0.18789145400900667
5089,0.1428661427606579,0,5,0,229076,376534,20839,87117,3.487846900589129,0.18789348022542818
5090,0.1428675333321429,1,1,1,229077,376533,20840,87116,3.487837637556041,0.1878921339202716
5091,0.1428726687861438,18,157,18,229234,376376,20858,87098,3.4863833413612952,0.1879242417050363
5092,0.1428748116245163,7,51,7,229285,376325,20865,87091,3.48591092667383,0.1879326566195384
5093,0.1428751260421292,0,4,0,229289,376321,20865,87091,3.48587387454148,0.1879342787843215
5094,0.1428758760845997,0,11,0,229300,376310,20865,87091,3.4857719811775167,0.18793873988187337
5095,0.1428792471700831,1,3,1,229303,376307,20866,87090,3.485744192078254,0.18793820417482202
5096,0.1428809318859968,9,71,9,229374,376236,20875,87081,3.4850865167290377,0.18795122993544378
5097,0.1428826098665868,0,1,0,229375,376235,20875,87081,3.48507725369595,0.18795163560075628
5098,0.1428858723262506,0,6,0,229381,376229,20875,87081,3.485021675497425,0.1879540696294058
5099,0.1428863506453821,6,21,6,229402,376208,20881,87075,3.484827151802586,0.1879520724913282
5100,0.1428876063081848,1,1,1,229403,376207,20882,87074,3.4848178887694985,0.18795072536970003
5101,0.1428884769442997,5,48,5,229451,376159,20887,87069,3.484373263181296,0.18796143583721192
5102,0.1428887448382562,1,12,1,229463,376147,20888,87068,3.4842621067842456,0.18796455209783794
5103,0.1428903515241447,2,6,2,229469,376141,20890,87066,3.48420652858572,0.18796348069005867
5104,0.1428919298392172,0,1,0,229470,376140,20890,87066,3.4841972655526328,0.18796388647815443
5105,0.1428924461939414,0,1,0,229471,376139,20890,87066,3.484188002519545,0.1879642922680023
5106,0.1428958631108157,17,144,17,229615,375995,20907,87049,3.4828541257549372,0.1879929337168822
5107,0.1428999960477846,1,7,1,229622,375988,20908,87048,3.4827892845233244,0.18799402206307933
5108,0.1429014508682703,0,4,0,229626,375984,20908,87048,3.482752232390974,0.18799564608925518
5109,0.1429055790315389,0,10,0,229636,375974,20908,87048,3.4826596020600986,0.1879997062774555
5110,0.1429083270995935,1,1,1,229637,375973,20909,87047,3.482650339027011,0.1879983586022202
5111,0.1429228275630166,7,40,7,229677,375933,20916,87040,3.482279817703509,0.18800232410961332
5112,0.1429239076318585,0,6,0,229683,375927,20916,87040,3.4822242395049834,0.18800476059848759
5113,0.1429300164800651,0,1,0,229684,375926,20916,87040,3.482214976471896,0.18800516668610653
5114,0.1429336504336839,0,1,0,229685,375925,20916,87040,3.4822057134388085,0.1880055727754798
5115,0.1429366389083707,0,5,0,229690,375920,20916,87040,3.4821593982733705,0.18800760324866078
5116,0.1429380927421414,1,1,1,229691,375919,20917,87039,3.4821501352402833,0.18800625542705818
5117,0.1429390940672862,1,27,1,229718,375892,20918,87038,3.481900033346919,0.18801546670122912
5118,0.1429392888284747,3,22,3,229740,375870,20921,87035,3.481696246618993,0.18801913999632755
5119,0.1429397135842857,0,4,0,229744,375866,20921,87035,3.481659194486643,0.18802076469914733
5120,0.1429397615440968,0,1,0,229745,375865,20921,87035,3.481649931453555,0.18802117087923959
5121,0.1429440209446266,22,129,22,229874,375736,20943,87013,3.4804550001852608,0.18803498224739545
5122,0.1429458382239212,0,1,0,229875,375735,20943,87013,3.480445737152173,0.18803538859163085
5123,0.1429481511285413,1,3,1,229878,375732,20944,87012,3.4804179480529105,0.1880348529640579
5124,0.1429486526381866,1,21,1,229899,375711,20945,87011,3.480223424358072,0.18804163190857578
5125,0.1429566532441717,0,4,0,229903,375707,20945,87011,3.4801863722257216,0.18804325744838107
5126,0.1429618240410009,0,2,0,229905,375705,20945,87011,3.4801678461595467,0.18804407022882286
5127,0.1429643167295807,8,111,8,230016,375594,20953,87003,3.479139649486828,0.1880751496442908
5128,0.1429651330677272,1,3,1,230019,375591,20954,87002,3.4791118603875653,0.18807461418568808
5129,0.1429655542027298,0,4,0,230023,375587,20954,87002,3.479074808255215,0.1880762404639972
5130,0.1429682890300855,2,21,2,230044,375566,20956,87000,3.4788802845603763,0.18808126840277928
5131,0.1429695225652398,0,1,0,230045,375565,20956,87000,3.478871021527289,0.18808167500783673
5132,0.142970831823859,26,167,26,230212,375398,20982,86974,3.4773240950016673,0.18810395093128476
5133,0.1429717398434686,0,14,0,230226,375384,20982,86974,3.4771944125384415,0.18810964663745408
5134,0.1429749757478762,0,3,0,230229,375381,20982,86974,3.477166623439179,0.18811086719079495
5135,0.1429785303480979,1,9,1,230238,375372,20983,86973,3.477083256141391,0.18811277292930603
5136,0.1429809535027696,0,9,0,230247,375363,20983,86973,3.476999888843603,0.18811643480066445
5137,0.1429855946968441,1,5,1,230252,375358,20984,86972,3.4769535736781654,0.18811671317024636
5138,0.1429859320467472,0,23,0,230275,375335,20984,86972,3.4767405239171514,0.18812607206899312
5139,0.1429865476270677,0,3,0,230278,375332,20984,86972,3.476712734817889,0.1881272928635703
5140,0.1429886737844701,1,3,1,230281,375329,20985,86971,3.476684945718626,0.188126757516764
5141,0.1429944937972438,0,1,0,230282,375328,20985,86971,3.4766756826855385,0.1881271644541736
5142,0.1429945417570549,0,4,0,230286,375324,20985,86971,3.4766386305531882,0.18812879222141707
5143,0.1429974914798243,0,3,0,230289,375321,20985,86971,3.4766108414539256,0.18813001306533533
5144,0.1429975840827211,0,1,0,230290,375320,20985,86971,3.476601578420838,0.18813042001682923
5145,0.1429982471621015,1,9,1,230299,375311,20986,86970,3.47651821112305,0.18813232644214234
5146,0.1429988672761979,1,6,1,230305,375305,20987,86969,3.476462632924525,0.1881330120231724
5147,0.1429989729951379,1,2,1,230307,375303,20988,86968,3.4764441068583496,0.18813206971668134
5148,0.1430017369628535,0,8,0,230315,375295,20988,86968,3.4763700025936495,0.18813532556142282
5149,0.1430037737344227,3,6,3,230321,375289,20991,86965,3.476314424395124,0.1881324985830301
5150,0.1430074385704814,0,4,0,230325,375285,20991,86965,3.4762773722627736,0.18813412655489453
5151,0.1430075739668092,0,3,0,230328,375282,20991,86965,3.476249583163511,0.18813534755228264
5152,0.1430081996435139,9,71,9,230399,375211,21000,86956,3.4755919078142945,0.18814843984966473
5153,0.1430109497181507,0,3,0,230402,375208,21000,86956,3.475564118715032,0.18814966115924217
5154,0.1430121007987743,0,2,0,230404,375206,21000,86956,3.475545592648857,0.1881504753744358
5155,0.1430141981651742,0,2,0,230406,375204,21000,86956,3.4755270665826816,0.18815128959667649
5156,0.143014498105739,4,38,4,230444,375166,21004,86952,3.4751750713253546,0.18815973409388945
5157,0.1430171001473713,5,34,5,230478,375132,21009,86947,3.474860128200378,0.1881647943317052
5158,0.143019481437629,2,4,2,230482,375128,21011,86945,3.4748230760680276,0.18816290932385143
5159,0.1430218799232304,0,3,0,230485,375125,21011,86945,3.474795286968765,0.18816413097582618
5160,0.1430225739206183,1,3,1,230488,375122,21012,86944,3.4747674978695025,0.18816359567680807
5161,0.1430229732668491,1,18,1,230506,375104,21013,86943,3.4746007632739264,0.1881691689373592
5162,0.1430231044955002,0,2,0,230508,375102,21013,86943,3.4745822372077515,0.18816998344317112
5163,0.1430239808319773,1,8,1,230516,375094,21014,86942,3.474508132943051,0.18817148447307136
5164,0.1430261440134351,1,0,1,230516,375094,21015,86941,3.474508132943051,0.1881697274016038
5165,0.1430341150673443,0,2,0,230518,375092,21015,86941,3.4744896068768756,0.18817054193098762
5166,0.1430428330296545,0,1,0,230519,375091,21015,86941,3.4744803438437883,0.18817094919832392
5167,0.1430437103975701,10,61,10,230580,375030,21025,86931,3.4739152988254474,0.18817822283699273
5168,0.1430454443795042,2,26,2,230606,375004,21027,86929,3.473674459965171,0.1881852995997255
5169,0.1430463052194779,6,28,6,230634,374976,21033,86923,3.4734150950387193,0.18818616190985477
5170,0.1430469620058691,0,1,0,230635,374975,21033,86923,3.473405832005632,0.18818656932915925
5171,0.1430481895954641,9,84,9,230719,374891,21042,86914,3.4726277372262775,0.1882049782917032
5172,0.1430497679105366,2,42,2,230761,374849,21044,86912,3.4722386898366002,0.18821858060771698
5173,0.1430516095508426,0,2,0,230763,374847,21044,86912,3.472220163770425,0.18821939583202493
5174,0.1430537358497602,1,11,1,230774,374836,21045,86911,3.4721182704064617,0.1882221216380399
5175,0.1430545240316031,1,2,1,230776,374834,21046,86910,3.472099744340287,0.18822117883502548
5176,0.1430589929615567,1,4,1,230780,374830,21047,86909,3.4720626922079365,0.18822105128654934
5177,0.1430645692220283,0,3,0,230783,374827,21047,86909,3.472034903108674,0.18822227419997575
5178,0.1430652196254195,2,11,2,230794,374816,21049,86907,3.4719330097447108,0.18822324207371086
5179,0.1430653035499143,0,3,0,230797,374813,21049,86907,3.471905220645448,0.18822446504374946
5180,0.1430665800283386,0,3,0,230800,374810,21049,86907,3.4718774315461856,0.1882256880296805
5181,0.1430757317083685,1,12,1,230812,374798,21050,86906,3.4717662751491347,0.1882288219292014
5182,0.1430765293169632,0,1,0,230813,374797,21050,86906,3.4717570121160475,0.1882292296129763
5183,0.1430794385147183,0,1,0,230814,374796,21050,86906,3.47174774908296,0.18822963729851722
5184,0.1430852012995525,2,3,2,230817,374793,21052,86904,3.471719959983697,0.1882273439073678
5185,0.1430865172393752,9,48,9,230865,374745,21061,86895,3.4712753343954943,0.18823108916038472
5186,0.1430900679876626,3,2,3,230867,374743,21064,86892,3.4712568083293194,0.18822662926337907
5187,0.1430914439765506,1,3,1,230870,374740,21065,86891,3.471229019230057,0.18822609400148604
5188,0.1430927429290797,0,7,0,230877,374733,21065,86891,3.471164177998444,0.18822894823492714
5189,0.1430954308966276,1,14,1,230891,374719,21066,86890,3.471034495535218,0.1882328984053604
5190,0.1430975278112193,1,15,1,230906,374704,21067,86889,3.4708955500389047,0.18823725663084145
5191,0.1430977047485783,25,192,25,231098,374512,21092,86864,3.4691170476860944,0.1882716049382716
5192,0.1431015813258483,40,295,40,231393,374217,21132,86824,3.466384452925266,0.1883216460141289
5193,0.1431092798500871,1,9,1,231402,374208,21133,86823,3.466301085627478,0.1883235617561509
5194,0.1431103584338467,0,1,0,231403,374207,21133,86823,3.4662918225943904,0.18832397024054834
5195,0.1431118079865921,4,16,4,231419,374191,21137,86819,3.4661436140649893,0.188323463699269
5196,0.1431131944974155,0,5,0,231424,374186,21137,86819,3.4660972988995518,0.18832550623095196
5197,0.1431165351384832,0,4,0,231428,374182,21137,86819,3.4660602467672015,0.18832714028819894
5198,0.1431174860330627,1,13,1,231441,374169,21138,86818,3.4659398273370634,0.18833069045330997
5199,0.1431181221610827,0,3,0,231444,374166,21138,86818,3.465912038237801,0.18833191607517832
5200,0.1431214335546091,1,13,1,231457,374153,21139,86817,3.4657916188076623,0.18833546651625918
5201,0.1431233720504718,0,5,0,231462,374148,21139,86817,3.4657453036422248,0.18833750935537405
5202,0.14312539342244,0,1,0,231463,374147,21139,86817,3.465736040609137,0.18833791792851504
5203,0.1431288227440859,0,1,0,231464,374146,21139,86817,3.4657267775760494,0.1883383265034287
5204,0.1431295598190723,0,2,0,231466,374144,21139,86817,3.4657082515098745,0.18833914365857415
5205,0.1431325206674023,1,5,1,231471,374139,21140,86816,3.4656619363444365,0.18833942575739498
5206,0.1431360907293196,2,15,2,231486,374124,21142,86814,3.465522990848123,0.18834203298491337
5207,0.1431368642850576,8,26,8,231512,374098,21150,86806,3.465282151987847,0.18833856942009616
5208,0.1431403199024252,1,6,1,231518,374092,21151,86805,3.4652265737893218,0.18833926018177596
5209,0.1431411678630959,0,3,0,231521,374089,21151,86805,3.4651987846900587,0.1883404860987559
5210,0.1431418693770787,1,3,1,231524,374086,21152,86804,3.465170995590796,0.18833995096443837
5211,0.1431438912047813,1,0,1,231524,374086,21153,86803,3.465170995590796,0.18833818988953957
5212,0.1431443375624142,0,1,0,231525,374085,21153,86803,3.465161732557709,0.18833859853153043
5213,0.1431463485749728,0,15,0,231540,374070,21153,86803,3.4650227870613954,0.1883447283741942
5214,0.1431471641544999,0,1,0,231541,374069,21153,86803,3.4650135240283078,0.18834513704455902
5215,0.1431479268900453,0,1,0,231542,374068,21153,86803,3.46500426099522,0.1883455457166973
5216,0.1431490504005052,1,14,1,231556,374054,21154,86802,3.4648745785319943,0.18834950613640702
5217,0.1431511627953257,1,1,1,231557,374053,21155,86801,3.464865315498907,0.18834815364518914
5218,0.1431523318685632,1,21,1,231578,374032,21156,86800,3.4646707918040685,0.1883549753489341
5219,0.1431523798283743,1,11,1,231589,374021,21157,86799,3.4645688984401053,0.1883577101688295
5220,0.1431525847511679,0,1,0,231590,374020,21157,86799,3.4645596354070176,0.18835811891436768
5221,0.1431527485067499,0,3,0,231593,374017,21157,86799,3.464531846307755,0.18835934516162633
5222,0.1431552142614949,1,5,1,231598,374012,21158,86798,3.464485531142317,0.188359627612248
5223,0.1431556317252792,1,2,1,231600,374010,21159,86797,3.464467005076142,0.18835868378735565
5224,0.1431568110664573,5,32,5,231632,373978,21164,86792,3.4641705880173403,0.18836295765783362
5225,0.143159575034173,9,43,9,231675,373935,21173,86783,3.4637722775945754,0.18836468295139325
5226,0.1431612737590797,0,5,0,231680,373930,21173,86783,3.463725962429138,0.1883667272249752
5227,0.1431615526174804,1,0,1,231680,373930,21174,86782,3.463725962429138,0.18836496553161194
5228,0.1431687034535975,0,1,0,231681,373929,21174,86782,3.46371669939605,0.18836537438871656
5229,0.1431796143607717,1,1,1,231682,373928,21175,86781,3.4637074363629625,0.18836402154071225
5230,0.1431823590528319,0,4,0,231686,373924,21175,86781,3.4636703842306127,0.18836565698223376
5231,0.1431833351586539,2,31,2,231717,373893,21177,86779,3.463383230204898,0.1883748089747152
5232,0.1431853255250563,1,14,1,231731,373879,21178,86778,3.4632535477416724,0.18837877205816908
5233,0.1431880827402731,0,3,0,231734,373876,21178,86778,3.46322575864241,0.18837999887117013
5234,0.1431887656618924,2,27,2,231761,373849,21180,86776,3.462975656749046,0.18838751696065129
5235,0.1431896828962259,2,17,2,231778,373832,21182,86774,3.4628181851865576,0.18839094584091393
5236,0.1431912917363887,3,11,3,231789,373821,21185,86771,3.4627162918225944,0.18839015875221454
5237,0.1431926494715476,1,2,1,231791,373819,21186,86770,3.462697765756419,0.18838921467946476
5238,0.143193486156497,1,15,1,231806,373804,21187,86769,3.462558820260106,0.18839358798713776
5239,0.1431982483881306,2,9,2,231815,373795,21189,86767,3.462475452962318,0.188393745033242
5240,0.1432019672115397,12,93,12,231908,373702,21201,86755,3.4616139908851755,0.1884106442078196
5241,0.1432037591684609,5,48,5,231956,373654,21206,86750,3.461169365296973,0.18842147331474096
5242,0.1432040814025456,2,49,2,232005,373605,21208,86748,3.4607154766756825,0.18843800301073307
5243,0.1432050702079222,1,3,1,232008,373602,21209,86747,3.46068768757642,0.18843746809485848
5244,0.1432065554259992,0,1,0,232009,373601,21209,86747,3.4606784245433326,0.1884378774318559
5245,0.1432077503062893,2,10,2,232019,373591,21211,86745,3.4605857942124567,0.18843844496194084
5246,0.1432100092166784,0,1,0,232020,373590,21211,86745,3.4605765311793695,0.18843885431262017
5247,0.1432101036811583,0,3,0,232023,373587,21211,86745,3.460548742080107,0.1884400823753291
5248,0.1432115641249384,0,5,0,232028,373582,21211,86745,3.460502426914669,0.18844212918208145
5249,0.1432145755392007,3,34,3,232062,373548,21214,86742,3.460187483789692,0.1884507593039171
5250,0.1432172319443013,0,2,0,232064,373546,21214,86742,3.460168957723517,0.18845157814238042
5251,0.1432178846200982,1,4,1,232068,373542,21215,86741,3.4601319055911666,0.18845145269323438
5252,0.1432190444691543,5,57,5,232125,373485,21220,86736,3.4596039127051763,0.18846597612885982
5253,0.1432197119356575,0,1,0,232126,373484,21220,86736,3.4595946496720886,0.18846638564164964
5254,0.1432224243268481,2,6,2,232132,373478,21222,86734,3.4595390714735634,0.188465315984807
5255,0.1432248010809021,5,44,5,232176,373434,21227,86729,3.459131498017711,0.18847451881181235
5256,0.1432251200263553,0,5,0,232181,373429,21227,86729,3.4590851828522733,0.18847656674446603
5257,0.143232607639688,3,4,3,232185,373425,21230,86726,3.459048130719923,0.18847291432594954
5258,0.1432367365975626,0,1,0,232186,373424,21230,86726,3.4590388676868353,0.18847332391611432
5259,0.1432367848024373,0,28,0,232214,373396,21230,86726,3.458779502760384,0.18848479316355227
5260,0.14324683717417,1,6,1,232220,373390,21231,86725,3.4587239245618586,0.18848548732382123
5261,0.1432475509719375,1,7,1,232227,373383,21232,86724,3.4586590833302457,0.18848659116249047
5262,0.1432493872704724,0,7,0,232234,373376,21232,86724,3.458594242098633,0.18848945881330145
5263,0.1432514954841481,7,34,7,232268,373342,21239,86717,3.4582792989736557,0.18849104136643344
5264,0.1432521841024771,3,32,3,232300,373310,21242,86714,3.4579828819148544,0.188498860928995
5265,0.1432537576640213,0,5,0,232305,373305,21242,86714,3.4579365667494164,0.18850090974503228
5266,0.1432550174783422,0,1,0,232306,373304,21242,86714,3.4579273037163287,0.18850131951358426
5267,0.1432553088803611,1,0,1,232306,373304,21243,86713,3.4579273037163287,0.18849955545121158
5268,0.1432577340136816,1,4,1,232310,373300,21244,86712,3.4578902515839784,0.18849943044964043
5269,0.143262852471532,19,86,19,232396,373214,21263,86693,3.457093630738449,0.18850115349407598
5270,0.1432668402313088,3,17,3,232413,373197,21266,86690,3.4569361591759606,0.1885028278685851
5271,0.1432681965051661,1,10,1,232423,373187,21267,86689,3.456843528845085,0.18850516226113126
5272,0.143270043771466,0,3,0,232426,373184,21267,86689,3.4568157397458226,0.1885063919821342
5273,0.1432725688568617,0,2,0,232428,373182,21267,86689,3.456797213679647,0.18850721180504967
5274,0.1432738942666203,0,3,0,232431,373179,21267,86689,3.4567694245803846,0.18850844155279342
5275,0.1432807968414531,2,24,2,232455,373155,21269,86687,3.4565471117862834,0.18851475071872512
5276,0.1432836958301375,1,0,1,232455,373155,21270,86686,3.4565471117862834,0.18851298601038186
5277,0.1432851914824889,1,6,1,232461,373149,21271,86685,3.456491533587758,0.18851368102402172
5278,0.1432864857011371,1,4,1,232465,373145,21272,86684,3.456454481455408,0.18851355612629914
5279,0.1432960203835631,3,30,3,232495,373115,21275,86681,3.456176590462781,0.18852056129239925
5280,0.1433031941897217,1,1,1,232496,373114,21276,86680,3.456167327429694,0.1885192064272261
5281,0.1433060824259025,0,4,0,232500,373110,21276,86680,3.4561302752973435,0.18852084647339
5282,0.1433128000143474,8,48,8,232548,373062,21284,86672,3.4556856497091406,0.18852640874940726
5283,0.1433149532975925,1,22,1,232570,373040,21285,86671,3.4554818629812147,0.18853366571606944
5284,0.1433162659666954,1,21,1,232591,373019,21286,86670,3.455287339286376,0.18854051326005192
5285,0.1433183979093133,6,48,6,232639,372971,21292,86664,3.454842713698173,0.18854961001664364
5286,0.1433194324954866,2,15,2,232654,372956,21294,86662,3.45470376820186,0.18855223250612466
5287,0.1433212177760395,2,6,2,232660,372950,21296,86660,3.4546481900033346,0.18855116294249472
5288,0.1433246797553863,4,29,4,232689,372921,21300,86656,3.454379562043796,0.18855599823315788
5289,0.1433247120838039,0,14,0,232703,372907,21300,86656,3.45424987958057,0.18856174235088552
5290,0.1433284431690353,1,8,1,232711,372899,21301,86655,3.4541757753158695,0.18856325915996813
5291,0.1433345206953792,1,10,1,232721,372889,21302,86654,3.454083144984994,0.18856559669062525
5292,0.1433355149949372,0,2,0,232723,372887,21302,86654,3.4540646189188187,0.18856641735993088
5293,0.1433383258882737,0,4,0,232727,372883,21302,86654,3.4540275667864684,0.18856805871997248
5294,0.1433395274133361,5,39,5,232766,372844,21307,86649,3.453666308496054,0.18857523400791742
5295,0.1433414768850757,1,18,1,232784,372826,21308,86648,3.453499573900478,0.18858085549998477
5296,0.1433452074193678,6,44,6,232828,372782,21314,86642,3.4530920004446255,0.18858831928675907
5297,0.1433466037332118,16,64,16,232892,372718,21330,86626,3.452499166327022,0.18858633181232365
5298,0.1433494536568588,1,4,1,232896,372714,21331,86625,3.452462114194672,0.18858620757218525
5299,0.1433523575765964,28,188,28,233084,372526,21359,86597,3.4507206639742116,0.18861394441141044
5300,0.1433530922923681,0,3,0,233087,372523,21359,86597,3.450692874874949,0.18861517686008014
5301,0.1433558695283445,0,5,0,233092,372518,21359,86597,3.450646559709511,0.18861723097698835
5302,0.1433560864594501,4,15,4,233107,372503,21363,86593,3.450507614213198,0.18861632425462213
5303,0.1433580464362803,4,19,4,233126,372484,21367,86589,3.4503316165845344,0.1886170609031679
5304,0.1433583754450972,4,10,4,233136,372474,21371,86585,3.450238986253659,0.1886140997126731
5305,0.1433595648786982,0,9,0,233145,372465,21371,86585,3.450155618955871,0.188617797625531
5306,0.1433629082792417,3,19,3,233164,372446,21374,86582,3.4499796213272074,0.18862030202950583
5307,0.1433654626710719,2,12,2,233176,372434,21376,86580,3.4498684649301565,0.1886216978131386
5308,0.1433666069335967,1,29,1,233205,372405,21377,86579,3.449599836970618,0.1886318477332543
5309,0.1433693635727049,0,1,0,233206,372404,21377,86579,3.44959057393753,0.18863225871110695
5310,0.1433707769032675,1,2,1,233208,372402,21378,86578,3.449572047871355,0.18863131291123797
5311,0.1433733917902941,2,8,2,233216,372394,21380,86576,3.4494979436066546,0.18863106521123385
5312,0.1433741952191558,0,2,0,233218,372392,21380,86576,3.4494794175404793,0.18863188719039237
5313,0.1433772834518988,1,18,1,233236,372374,21381,86575,3.4493126829449037,0.18863751745836682
5314,0.143377550006977,10,41,10,233277,372333,21391,86565,3.4489328985883136,0.18863669050638704
5315,0.1433831580017852,2,12,2,233289,372321,21393,86563,3.4488217421912633,0.18863808718543248
5316,0.143384425097123,1,11,1,233300,372310,21394,86562,3.4487198488273,0.1886408410188462
5317,0.1433922326450492,0,3,0,233303,372307,21394,86562,3.4486920597280375,0.18864207431750674
5318,0.1433962404905296,15,138,15,233441,372169,21409,86547,3.447413761161955,0.1886722939683813
5319,0.1433962728189471,17,87,17,233528,372082,21426,86530,3.4466078772833377,0.18867801104201373
5320,0.1433989277388122,4,9,4,233537,372073,21430,86526,3.4465245099855495,0.18867463731931383
5321,0.143399848064334,1,0,1,233537,372073,21431,86525,3.4465245099855495,0.18867286817648574
5322,0.1434011837652575,0,1,0,233538,372072,21431,86525,3.4465152469524623,0.18867327958970512
5323,0.1434048098515076,0,1,0,233539,372071,21431,86525,3.4465059839193746,0.18867369100471876
5324,0.1434098984270637,0,6,0,233545,372065,21431,86525,3.4464504057208494,0.18867615953248
5325,0.1434141848604508,3,43,3,233588,372022,21434,86522,3.4460520952980844,0.188688544610768
5326,0.1434179541458441,0,6,0,233594,372016,21434,86522,3.4459965170995592,0.18869101361283033
5327,0.1434196601138065,0,1,0,233595,372015,21434,86522,3.4459872540664716,0.188691425119456
5328,0.1434229776225732,16,72,16,233667,371943,21450,86506,3.4453203156841674,0.188692744449219
5329,0.1434240085918131,59,461,59,234128,371482,21509,86447,3.441050057430805,0.1887781730355579
5330,0.1434240372778611,0,2,0,234130,371480,21509,86447,3.4410315313646302,0.1887789975258065
5331,0.1434282863411827,0,3,0,234133,371477,21509,86447,3.441003742265367,0.18878023427468313
5332,0.1434308179341954,1,7,1,234140,371470,21510,86446,3.4409389010337543,0.1887813485442745
5333,0.143431454647842,0,2,0,234142,371468,21510,86446,3.4409203749675794,0.1887821730717995
5334,0.1434331541581668,0,1,0,234143,371467,21510,86446,3.4409111119344917,0.18878258533826295
5335,0.1434391531720808,0,1,0,234144,371466,21510,86446,3.4409018489014045,0.18878299760652703
5336,0.1434439948595176,1,2,1,234146,371464,21511,86445,3.440883322835229,0.18878205058210257
5337,0.1434458184793614,0,1,0,234147,371463,21511,86445,3.4408740598021414,0.18878246285280012
5338,0.1434475515413447,3,27,3,234174,371436,21514,86442,3.4406239579087776,0.1887882798474703
5339,0.1434499438495489,12,97,12,234271,371339,21526,86430,3.439725443699285,0.18880701838700306
5340,0.1434542817598895,0,1,0,234272,371338,21526,86430,3.4397161806661973,0.1888074308383286
5341,0.1434562194727969,3,60,3,234332,371278,21529,86427,3.439160398680944,0.18882686446510308
5342,0.143461831188033,7,40,7,234372,371238,21536,86420,3.438789877357442,0.1888309611106984
5343,0.1434632608082091,3,5,3,234377,371233,21539,86417,3.438743562192004,0.18882770676281002
5344,0.1434634723566133,0,6,0,234383,371227,21539,86417,3.438687983993479,0.18883018241253027
5345,0.143472791368912,18,123,18,234506,371104,21557,86399,3.4375486309237098,0.18884903486971671
5346,0.1434742462955479,0,1,0,234507,371103,21557,86399,3.437539367890622,0.18884944765268785
5347,0.143477270566806,32,200,32,234707,370903,21589,86367,3.4356867612731112,0.18887528156231548
5348,0.1434812398163859,0,2,0,234709,370901,21589,86367,3.4356682352069363,0.18887610766552657
5349,0.143485745595594,43,359,43,235068,370542,21632,86324,3.432342806328504,0.18894818174256783
5350,0.1434872824734221,0,1,0,235069,370541,21632,86324,3.4323335432954165,0.18894859531809177
5351,0.1434912933269687,0,7,0,235076,370534,21632,86324,3.4322687020638036,0.1889514903974539
5352,0.1434920958080154,0,1,0,235077,370533,21632,86324,3.4322594390307164,0.18895190398746217
5353,0.1434941742411665,8,42,8,235119,370491,21640,86316,3.431870391641039,0.18895507293014335
5354,0.1434943796055407,11,47,11,235166,370444,21651,86305,3.431435029085924,0.188954984028427
5355,0.1434998470763259,4,42,4,235208,370402,21655,86301,3.4310459816962466,0.18896525750870916
5356,0.1435017796924898,5,6,5,235214,370396,21660,86296,3.4309904034977214,0.18895886067634204
5357,0.1435041412922834,2,21,2,235235,370375,21662,86294,3.430795879802883,0.18896399799417082
5358,0.1435068992358538,5,29,5,235264,370346,21667,86289,3.4305272518433436,0.18896711815782846
5359,0.1435155555946609,3,26,3,235290,370320,21670,86286,3.430286412983067,0.1889725496379811
5360,0.1435159358263189,7,34,7,235324,370286,21677,86279,3.4299714698580903,0.18897418768411944
5361,0.1435176353366438,1,7,1,235331,370279,21678,86278,3.4299066286264774,0.18897530866901613
5362,0.1435196322166719,56,494,56,235825,369785,21734,86222,3.4253306902812257,0.1890804307828608
5363,0.1435216845929199,0,16,0,235841,369769,21734,86222,3.4251824817518246,0.1890870653148856
5364,0.143523851769501,0,2,0,235843,369767,21734,86222,3.4251639556856497,0.18908789466412568
5365,0.1435302966099554,2,34,2,235877,369733,21736,86220,3.424849012560673,0.18909843777757795
5366,0.1435350330917565,4,24,4,235901,369709,21740,86216,3.4246266997665717,0.18910127762241596
5367,0.1435376590394229,0,3,0,235904,369706,21740,86216,3.4245989106673087,0.18910252192260957
5368,0.1435433354996482,0,3,0,235907,369703,21740,86216,3.424571121568046,0.18910376623917846
5369,0.14354493824758,15,89,15,235996,369614,21755,86201,3.423746711623254,0.18911400458519356
5370,0.1435490287157532,0,2,0,235998,369612,21755,86201,3.4237281855570787,0.18911483437286783
5371,0.1435588432085654,0,3,0,236001,369609,21755,86201,3.423700396457816,0.18911607906803274
5372,0.1435672549693123,1,3,1,236004,369606,21756,86200,3.4236726073585535,0.1891155447712404
5373,0.1435709503484206,2,9,2,236013,369597,21758,86198,3.4235892400607657,0.18911572088329184
5374,0.1435754295463147,1,18,1,236031,369579,21759,86197,3.4234225054651897,0.18912141051744716
5375,0.1435773828785153,0,12,0,236043,369567,21759,86197,3.423311349068139,0.18912638997375836
5376,0.1435823396855587,0,6,0,236049,369561,21759,86197,3.4232557708696136,0.18912887980024487
5377,0.1435828888299974,0,17,0,236066,369544,21759,86197,3.4230982993071253,0.18913593466464504
5378,0.1435845187472296,0,1,0,236067,369543,21759,86197,3.4230890362740376,0.1891363496730592
5379,0.143587878070695,0,4,0,236071,369539,21759,86197,3.4230519841416873,0.18913800972492847
5380,0.1435886560055149,2,83,2,236154,369456,21761,86195,3.4222831523954205,0.18916890339316714
5381,0.1435891091792716,0,4,0,236158,369452,21761,86195,3.42224610026307,0.18917056405506893
5382,0.1435968603756109,1,14,1,236172,369438,21762,86194,3.4221164177998444,0.18917459704322787
5383,0.1435973977647039,1,0,1,236172,369438,21763,86193,3.4221164177998444,0.18917281747730072
5384,0.1435989614767868,0,5,0,236177,369433,21763,86193,3.4220701026344065,0.18917489344330657
5385,0.1436036565506808,0,14,0,236191,369419,21763,86193,3.4219404201711807,0.18918070639052528
5386,0.1436058292924681,0,1,0,236192,369418,21763,86193,3.4219311571380935,0.1891811216147108
5387,0.1436085838369067,0,3,0,236195,369415,21763,86193,3.4219033680388304,0.18918236729820373
5388,0.1436124414596282,0,7,0,236202,369408,21763,86193,3.4218385268072176,0.18918527395681747
5389,0.1436179154752351,19,128,19,236330,369280,21782,86174,3.420652858572011,0.18920461780992154
5390,0.1436252051690434,0,2,0,236332,369278,21782,86174,3.420634332505836,0.18920544865320604
5391,0.1436268548139646,1,3,1,236335,369275,21783,86173,3.420606543406573,0.18920491472132933
5392,0.1436295415458955,0,2,0,236337,369273,21783,86173,3.420588017340398,0.18920574557686312
5393,0.1436305468892459,0,3,0,236340,369270,21783,86173,3.4205602282411354,0.1892069918738459
5394,0.143631868608656,0,1,0,236341,369269,21783,86173,3.4205509652080477,0.1892074073098221
5395,0.1436326244758073,0,3,0,236344,369266,21783,86173,3.420523176108785,0.1892086536286967
5396,0.1436327008323012,13,82,13,236426,369184,21796,86160,3.4197636073956055,0.1892195790435363
5397,0.1436340206871357,0,2,0,236428,369182,21796,86160,3.4197450813294306,0.18922041015324745
5398,0.1436384403984917,48,526,48,236954,368656,21844,86112,3.414872725925377,0.1893536924321852
5399,0.1436404208623798,13,100,13,237054,368556,21857,86099,3.4139464226166214,0.18937216130912451
5400,0.143647721045887,2,4,2,237058,368552,21859,86097,3.4139093704842716,0.1893702614544407
5401,0.1436489436136585,6,85,6,237143,368467,21865,86091,3.4131220126718294,0.18939497269875352
5402,0.1436491893229593,0,1,0,237144,368466,21865,86091,3.4131127496387417,0.18939538935711034
5403,0.1436517361477892,2,24,2,237168,368442,21867,86089,3.4128904368446404,0.1894018229779707
5404,0.143656259687737,1,2,1,237170,368440,21868,86088,3.412871910778465,0.18940087299352296
5405,0.1436573631725049,0,1,0,237171,368439,21868,86088,3.412862647745378,0.1894012896923615
5406,0.1436576561840372,0,1,0,237172,368438,21868,86088,3.41285338471229,0.1894017063930336
5407,0.1436648692394936,0,1,0,237173,368437,21868,86088,3.4128441216792025,0.1894021230955393
5408,0.1436684211107542,9,69,9,237242,368368,21877,86079,3.4122049723961614,0.18941482725158268
5409,0.1436689846824243,1,2,1,237244,368366,21878,86078,3.4121864463299865,0.189413877177386
5410,0.1436716137616857,0,2,0,237246,368364,21878,86078,3.412167920263811,0.1894147107881754
5411,0.1436738883727354,0,2,0,237248,368362,21878,86078,3.412149394197636,0.18941554440630226
5412,0.1436745265481527,0,5,0,237253,368357,21878,86078,3.4121030790321982,0.18941762848372154
5413,0.1436763014889739,0,1,0,237254,368356,21878,86078,3.4120938159991105,0.1894180453047087
5414,0.1436763870102682,0,4,0,237258,368352,21878,86078,3.4120567638667607,0.1894197126070022
5415,0.1436768660598132,3,5,3,237263,368347,21881,86075,3.4120104487013228,0.18941644550659958
5416,0.1436809706445981,0,2,0,237265,368345,21881,86075,3.411991922635148,0.18941727916905066
5417,0.1436868149850235,0,11,0,237276,368334,21881,86075,3.4118900292711847,0.189421864443706
5418,0.1436938723961434,0,8,0,237284,368326,21881,86075,3.411815925006484,0.18942519932834656
5419,0.1436939050693787,22,115,22,237399,368211,21903,86053,3.4107506762014155,0.189433897469313
5420,0.1436973765804876,0,1,0,237400,368210,21903,86053,3.410741413168328,0.18943431448301976
5421,0.1436988943100763,3,43,3,237443,368167,21906,86050,3.410343102745563,0.18944689432583986
5422,0.1436997077423619,0,1,0,237444,368166,21906,86050,3.4103338397124756,0.1894473114113109
5423,0.143705772505775,23,212,23,237656,367954,21929,86027,3.408370076697914,0.18949471453651143
5424,0.143706630064066,1,38,1,237694,367916,21930,86026,3.408018081440587,0.18950879187208938
5425,0.143712278021674,0,4,0,237698,367912,21930,86026,3.4079810293082367,0.1895104617811243
5426,0.1437128504133403,0,2,0,237700,367910,21930,86026,3.4079625032420617,0.18951129674667794
5427,0.1437213390646382,0,3,0,237703,367907,21930,86026,3.407934714142799,0.18951254920880395
5428,0.1437218439327659,3,33,3,237736,367874,21933,86023,3.4076290340509097,0.18952097061668177
5429,0.1437221455173821,6,51,6,237787,367823,21939,86017,3.407156619363444,0.18953155297020977
5430,0.1437249020408567,124,862,124,238649,366961,22063,85893,3.3991718848419725,0.18967040149805456
5431,0.143725499259722,0,1,0,238650,366960,22063,85893,3.3991626218088853,0.18967082033242574
5432,0.143732758418731,11,100,11,238750,366860,22074,85882,3.3982363185001296,0.1896930260501566
5433,0.1437336705014363,3,19,3,238769,366841,22077,85879,3.3980603208714664,0.18969561760028272
5434,0.1437397997541432,4,30,4,238799,366811,22081,85875,3.3977824298788395,0.18970102896930766
5435,0.1437449742765679,0,3,0,238802,366808,22081,85875,3.397754640779577,0.18970228614725979
5436,0.143746087283296,3,13,3,238815,366795,22084,85872,3.397634221349439,0.1897023639894227
5437,0.143751034624967,2,5,2,238820,366790,22086,85870,3.397587906184001,0.18970087924711704
5438,0.1437542949477598,4,30,4,238850,366760,22090,85866,3.3973100151913744,0.189706291728712
5439,0.1437554589136777,0,5,0,238855,366755,22090,85866,3.3972637000259365,0.189708387370449
5440,0.1437560949401626,0,18,0,238873,366737,22090,85866,3.3970969654303604,0.18971593206408266
5441,0.1437639438965709,0,1,0,238874,366736,22090,85866,3.3970877023972728,0.18971635123132466
5442,0.1437640316532172,0,3,0,238877,366733,22090,85866,3.39705991329801,0.18971760874416427
5443,0.1437654331312866,3,43,3,238920,366690,22093,85863,3.3966616028752457,0.18973026363762918
5444,0.1437675505866249,0,1,0,238921,366689,22093,85863,3.396652339842158,0.18973068288285103
5445,0.1437700254982891,0,7,0,238928,366682,22093,85863,3.396587498610545,0.1897336176512833
5446,0.1437787247520667,0,1,0,238929,366681,22093,85863,3.3965782355774574,0.18973403691132795
5447,0.1437800009218056,1,15,1,238944,366666,22094,85862,3.396439290081144,0.18973853551603437
5448,0.1437809369371124,1,7,1,238951,366659,22095,85861,3.396374448849531,0.18973968001414301
5449,0.1437839728012365,0,19,0,238970,366640,22095,85861,3.396198451220868,0.18974764696652605
5450,0.1437843865137833,0,1,0,238971,366639,22095,85861,3.39618918818778,0.18974806629834254
5451,0.143785256676641,33,281,33,239252,366358,22128,85828,3.3935862758901774,0.18980684939383352
5452,0.1437856110527758,0,1,0,239253,366357,22128,85828,3.39357701285709,0.18980726914868915
5453,0.1437868976633708,11,45,11,239298,366312,22139,85817,3.39316017636815,0.18980644904440988
5454,0.1437891441005395,0,1,0,239299,366311,22139,85817,3.3931509133350626,0.18980686885129874
5455,0.1437938405357902,3,14,3,239313,366297,22142,85814,3.393021230871837,0.18980737031392733
5456,0.143796171162606,111,948,111,240261,365349,22253,85703,3.3842398755048353,0.19000691716254445
5457,0.1438016862109871,1,0,1,240261,365349,22254,85702,3.3842398755048353,0.1900051213720843
5458,0.1438023632636749,1,3,1,240264,365346,22255,85701,3.3842120864055727,0.19000458932217706
5459,0.1438065655304775,0,4,0,240268,365342,22255,85701,3.3841750342732224,0.19000627434634834
5460,0.1438116779807993,1,1,1,240269,365341,22256,85700,3.3841657712401347,0.19000489977629528
5461,0.1438131241537311,0,1,0,240270,365340,22256,85700,3.3841565082070475,0.19000532103582832
5462,0.1438146856813866,0,2,0,240272,365338,22256,85700,3.384137982140872,0.19000616356049824
5463,0.1438158573080353,0,1,0,240273,365337,22256,85700,3.3841287191077845,0.19000658482563515
5464,0.1438174146801024,0,4,0,240277,365333,22256,85700,3.3840916669754346,0.19000826990486283
5465,0.1438176463034473,38,252,38,240529,365081,22294,85662,3.3817573826373706,0.1900462125867734
5466,0.1438177076916348,13,182,13,240711,364899,22307,85649,3.3800715106154358,0.1900996120280192
5467,0.143819788373348,1,9,1,240720,364890,22308,85648,3.379988143317648,0.1901016118507207
5468,0.1438246054013789,0,1,0,240721,364889,22308,85648,3.3799788802845603,0.19010203379522658
5469,0.1438323553040195,1,13,1,240734,364876,22309,85647,3.379858460854422,0.19010572157248354
5470,0.1438355923883604,7,33,7,240767,364843,22316,85640,3.3795527807625327,0.19010706286363746
5471,0.1438399911653325,0,1,0,240768,364842,22316,85640,3.3795435177294455,0.19010748487175957
5472,0.143852736425456,3,6,3,240774,364836,22319,85637,3.37948793953092,0.19010462336255446
5473,0.1438555335363797,29,181,29,240955,364655,22348,85608,3.3778113305420727,0.19012888023221983
5474,0.1438556099397594,1,3,1,240958,364652,22349,85607,3.37778354144281,0.19012834835061598
5475,0.1438559905159492,0,11,0,240969,364641,22349,85607,3.377681648078847,0.19013299337254136
5476,0.1438571997888028,0,8,0,240977,364633,22349,85607,3.3776075438141464,0.19013637171286424
5477,0.143858458398514,60,438,60,241415,364195,22409,85547,3.3735503353217977,0.19021350018455024
5478,0.1438586771528313,0,8,0,241423,364187,22409,85547,3.373476231057097,0.1902168837579547
5479,0.1438609797566468,1,13,1,241436,364174,22410,85546,3.373355811626959,0.19022058169527706
5480,0.1438636105770944,87,833,87,242269,363341,22497,85459,3.3656397050650266,0.19041666666666668
5481,0.1438687155106365,1,4,1,242273,363337,22498,85458,3.3656026529326764,0.19041655989928585
5482,0.1438727893610558,0,1,0,242274,363336,22498,85458,3.3655933898995887,0.19041698418428055
5483,0.1438732469461304,1,0,1,242274,363336,22499,85457,3.3655933898995887,0.19041518027241958
5484,0.1438793757473435,0,2,0,242276,363334,22499,85457,3.3655748638334138,0.1904160288419331
5485,0.1438793847456474,1,2,1,242278,363332,22500,85456,3.3655563377672384,0.19041507348681339
5486,0.1438800829155105,2,22,2,242300,363310,22502,85454,3.3653525510393125,0.19042080024244368
5487,0.1438810249636103,0,2,0,242302,363308,22502,85454,3.365334024973137,0.1904216488918402
5488,0.1438825551246211,0,3,0,242305,363305,22502,85454,3.3653062358738746,0.19042292188011828
5489,0.1438853515525206,1,2,1,242307,363303,22503,85453,3.3652877098076996,0.19042196650295484
5490,0.1438860638125449,1,12,1,242319,363291,22504,85452,3.365176553410649,0.19042525454436057
5491,0.1438868444421518,10,42,10,242361,363249,22514,85442,3.3647875060209715,0.19042503638361366
5492,0.143897605332208,5,14,5,242375,363235,22519,85437,3.364657823557746,0.1904219563511875
5493,0.1439003384865122,8,36,8,242411,363199,22527,85429,3.3643243543665937,0.1904228001818879
5494,0.1439007222736972,0,1,0,242412,363198,22527,85429,3.364315091333506,0.19042322463873107
5495,0.1439017774889534,1,2,1,242414,363196,22528,85428,3.364296565267331,0.19042226898248868
5496,0.1439030992083635,0,2,0,242416,363194,22528,85428,3.364278039201156,0.19042311790326824
5497,0.143906312773571,0,4,0,242420,363190,22528,85428,3.364240987068806,0.19042481576753495
5498,0.1439175817698588,1,32,1,242452,363158,22529,85427,3.363944570010004,0.19043659507116822
5499,0.1439190270726572,0,1,0,242453,363157,22529,85427,3.3639353069769165,0.19043701959945072
5500,0.1439213955114229,1,2,1,242455,363155,22530,85426,3.3639167809107415,0.19043606394385854
5501,0.1439259247496881,0,11,0,242466,363144,22530,85426,3.3638148875467784,0.19044073388768754
5502,0.1439274675394044,0,8,0,242474,363136,22530,85426,3.363740783282078,0.19044413035433227
5503,0.1439308046127292,10,39,10,242513,363097,22540,85416,3.363379524991663,0.19044264045858203
5504,0.1439320685170356,0,1,0,242514,363096,22540,85416,3.363370261958576,0.19044306506849315
5505,0.1439365799465178,2,14,2,242528,363082,22542,85414,3.36324057949535,0.19044539973600658
5506,0.1439430797823565,3,33,3,242561,363049,22545,85411,3.3629348994034607,0.19045399812692324
5507,0.1439434956593855,17,109,17,242670,362940,22562,85394,3.3619252287969172,0.19046960524965761
5508,0.143945901182809,3,26,3,242696,362914,22565,85391,3.3616843899366406,0.19047523449437326
5509,0.1439467029578414,0,3,0,242699,362911,22565,85391,3.361656600837378,0.19047650913892866
5510,0.1439467071683773,0,1,0,242700,362910,22565,85391,3.361647337804291,0.19047693402423818
5511,0.1439521931827997,0,3,0,242703,362907,22565,85391,3.3616195487050278,0.19047820869154
5512,0.1439576245476882,13,86,13,242789,362821,22578,85378,3.3608229278594983,0.19049127731208682
5513,0.1439650893537725,1,0,1,242789,362821,22579,85377,3.3608229278594983,0.19048947117122345
5514,0.1439655061420872,0,10,0,242799,362811,22579,85377,3.360730297528623,0.19049372138477602
5515,0.1439666261791407,3,5,3,242804,362806,22582,85374,3.360683982363185,0.19049042795305457
5516,0.1439751285022071,1,0,1,242804,362806,22583,85373,3.360683982363185,0.19048862173372694
5517,0.1439791539728352,0,2,0,242806,362804,22583,85373,3.36066545629701,0.19048947179351014
5518,0.1439797317500178,3,24,3,242830,362780,22586,85370,3.3604431435029087,0.19049425415597457
5519,0.1439890482801405,0,1,0,242831,362779,22586,85370,3.360433880469821,0.19049467922498992
5520,0.1439905878078005,4,26,4,242857,362753,22590,85366,3.3601930416095445,0.19049850597720694
5521,0.143993487586092,17,120,17,242977,362633,22607,85349,3.3590814776390383,0.1905188154881223
5522,0.1439935713640024,2,17,2,242994,362616,22609,85347,3.3589240060765495,0.19052243154010487
5523,0.1439947100418571,0,2,0,242996,362614,22609,85347,3.3589054800103746,0.1905232821607238
5524,0.1439987904064249,2,4,2,243000,362610,22611,85345,3.3588684278780243,0.1905213693339733
5525,0.1440005709158027,1,13,1,243013,362597,22612,85344,3.3587480084478862,0.19052509147410038
5526,0.1440035388630451,0,1,0,243014,362596,22612,85344,3.3587387454147986,0.1905255168102871
5527,0.1440062963586897,0,6,0,243020,362590,22612,85344,3.3586831672162734,0.19052806886728849
5528,0.1440064925262315,52,381,52,243401,362209,22664,85292,3.3551539516099154,0.1905962221313472
5529,0.144008413387108,0,1,0,243402,362208,22664,85292,3.3551446885768277,0.19059664804469273
5530,0.1440101157017164,0,13,0,243415,362195,22664,85292,3.3550242691466896,0.19060218509141047
5531,0.1440176953863298,0,1,0,243416,362194,22664,85292,3.355015006113602,0.19060261103140658
5532,0.1440180508431119,0,6,0,243422,362188,22664,85292,3.3549594279150767,0.1906051667113614
5533,0.1440182679035206,1,1,1,243423,362187,22665,85291,3.354950164881989,0.19060378387317364
5534,0.1440195192015602,1,13,1,243436,362174,22666,85290,3.354829745451851,0.1906075125596696
5535,0.1440210611249947,7,51,7,243487,362123,22673,85283,3.3543573307643855,0.19061657644287291
5536,0.1440250886935417,9,75,9,243562,362048,22682,85274,3.3536626032828187,0.1906322514877426
5537,0.1440318924728277,1,16,1,243578,362032,22683,85273,3.353514394753418,0.19063726092934352
5538,0.1440327375220227,5,13,5,243591,362019,22688,85268,3.35339397532328,0.19063375416678777
5539,0.1440395901076697,0,2,0,243593,362017,22688,85268,3.3533754492571046,0.19063460657075468
5540,0.1440425667167103,0,17,0,243610,362000,22688,85268,3.3532179776946163,0.19064185231226022
5541,0.1440494177836392,0,3,0,243613,361997,22688,85268,3.3531901885953537,0.19064313102970276
5542,0.144050986523483,0,5,0,243618,361992,22688,85268,3.3531438734299157,0.19064526226356035
5543,0.1440524912569186,0,1,0,243619,361991,22688,85268,3.3531346103968285,0.19064568851605
5544,0.1440548549976428,0,5,0,243624,361986,22688,85268,3.3530882952313905,0.19064781980708947
5545,0.1440553407679716,0,2,0,243626,361984,22688,85268,3.3530697691652156,0.19064867233684812
5546,0.1440584079810435,4,27,4,243653,361957,22692,85264,3.3528196672718513,0.1906529433993484
5547,0.1440594885530862,0,1,0,243654,361956,22692,85264,3.352810404238764,0.19065336970618488
5548,0.1440609539372661,2,0,2,243654,361956,22694,85262,3.352810404238764,0.19064975023366681
5549,0.1440623981996571,0,2,0,243656,361954,22694,85262,3.3527918781725887,0.1906506028406855
5550,0.1440650483212352,110,897,110,244553,361057,22804,85152,3.3444829374930527,0.1908343399617668
5551,0.1440673294485071,1,22,1,244575,361035,22805,85151,3.3442791507651264,0.19084193587427664
5552,0.1440674079298291,6,29,6,244604,361006,22811,85145,3.3440105228055876,0.1908434588289615
5553,0.1440675420905685,0,7,0,244611,360999,22811,85145,3.3439456815739748,0.19084645316310428
5554,0.1440677695244063,0,5,0,244616,360994,22811,85145,3.343899366408537,0.19084859203073481
5555,0.144072420965476,1,0,1,244616,360994,22812,85144,3.343899366408537,0.19084677835109315
5556,0.1440727993675639,1,6,1,244622,360988,22813,85143,3.3438437882100116,0.19084753133048366
5557,0.1440766627097273,3,15,3,244637,360973,22816,85140,3.343704842713698,0.19084850699262296
5558,0.1440827760717737,0,1,0,244638,360972,22816,85140,3.3436955796806105,0.190848934796643
5559,0.1440873494337159,4,18,4,244656,360954,22820,85136,3.3435288450850345,0.19084938016992087
5560,0.1440877879559606,0,1,0,244657,360953,22820,85136,3.343519582051947,0.19084980799795556
5561,0.1440899474953135,2,23,2,244680,360930,22822,85134,3.343306532290933,0.19085602066071236
5562,0.1441018388519783,0,2,0,244682,360928,22822,85134,3.3432880062247583,0.19085687639834822
5563,0.1441044318904081,1,1,1,244683,360927,22823,85133,3.3432787431916706,0.19085549029278573
5564,0.144104941940586,0,1,0,244684,360926,22823,85133,3.343269480158583,0.1908559181632923
5565,0.1441124227423042,1,6,1,244690,360920,22824,85132,3.3432139019600577,0.19085667141947577
5566,0.1441163736513047,6,57,6,244747,360863,22830,85126,3.342685909074067,0.19087017841247206
5567,0.144117312598071,9,48,9,244795,360815,22839,85117,3.3422412834858646,0.19087439340527254
5568,0.1441181161660898,3,29,3,244824,360786,22842,85114,3.3419726555263254,0.19088136353442475
5569,0.1441188523142881,8,44,8,244868,360742,22850,85106,3.341565082070473,0.19088568301304482
5570,0.1441287116257111,0,1,0,244869,360741,22850,85106,3.3415558190373855,0.19088611115472348
5571,0.1441305354409414,9,92,9,244961,360649,22859,85097,3.3407036199933304,0.1909091724883678
5572,0.1441308965015314,0,1,0,244962,360648,22859,85097,3.340694356960243,0.19090960078071542
5573,0.1441325146724094,6,18,6,244980,360630,22865,85091,3.340527622364667,0.19090641903791833
5574,0.1441338195940029,0,2,0,244982,360628,22865,85091,3.340509096298492,0.1909072756602254
5575,0.1441339589348004,4,31,4,245013,360597,22869,85087,3.3402219422727777,0.19091329282630742
5576,0.1441417920771805,3,8,3,245021,360589,22872,85084,3.3401478380080776,0.19091127351219392
5577,0.1441443601027072,8,52,8,245073,360537,22880,85076,3.3396661602875244,0.1909190261504938
5578,0.1441506063470509,1,5,1,245078,360532,22881,85075,3.339619845122087,0.19091935270316668
5579,0.144151810626984,14,122,14,245200,360410,22895,85061,3.3384897550854054,0.19094621198686335
5580,0.1441543368069169,0,5,0,245205,360405,22895,85061,3.3384434399199674,0.19094835520556003
5581,0.1441649428956867,0,1,0,245206,360404,22895,85061,3.3384341768868797,0.1909487838550728
5582,0.1441663570073529,2,10,2,245216,360394,22897,85059,3.3383415465560042,0.19094943798784608
5583,0.144168354684461,1,10,1,245226,360384,22898,85058,3.3382489162251288,0.19095190844150306
5584,0.1441725055785353,0,6,0,245232,360378,22898,85058,3.3381933380266036,0.19095448055388428
5585,0.1441744286737904,52,401,52,245633,359977,22950,85006,3.334478861758494,0.19103201695345665
5586,0.144175412790977,2,3,2,245636,359974,22952,85004,3.3344510726592316,0.19102966888250655
5587,0.1441754128818463,2,0,2,245636,359974,22954,85002,3.3344510726592316,0.19102603286469383
5588,0.1441754666452867,4,11,4,245647,359963,22958,84998,3.3343491792952684,0.1910234829569333
5589,0.1441763611399903,0,1,0,245648,359962,22958,84998,3.3343399162621807,0.19102391226177634
5590,0.1441796688190314,0,2,0,245650,359960,22958,84998,3.334321390196006,0.19102477087725134
5591,0.1441829267648612,41,345,41,245995,359615,22999,84957,3.3311256437807995,0.1910984047578345
5592,0.1441835389229495,1,0,1,245995,359615,23000,84956,3.3311256437807995,0.19109658524735082
5593,0.1441863200304553,1,3,1,245998,359612,23001,84955,3.331097854681537,0.1910960552627613
5594,0.1441876833414283,2,8,2,246006,359604,23003,84953,3.3310237504168363,0.19109585497472764
5595,0.1441991215468185,0,1,0,246007,359603,23003,84953,3.331014487383749,0.19109628483250704
5596,0.1442024258205589,0,3,0,246010,359600,23003,84953,3.3309866982844865,0.19109757441744854
5597,0.1442053803291461,2,6,2,246016,359594,23005,84951,3.330931120085961,0.19109651441361392
5598,0.1442071608385239,1,2,1,246018,359592,23006,84950,3.330912594019786,0.19109555452578159
5599,0.1442087439069385,1,0,1,246018,359592,23007,84949,3.330912594019786,0.191093734886096
5600,0.1442161809332773,0,1,0,246019,359591,23007,84949,3.330903330986698,0.19109416475457777
5601,0.1442196187282906,19,152,19,246171,359439,23026,84930,3.32949534995739,0.19112494345915218
5602,0.1442209976866258,1,5,1,246176,359434,23027,84929,3.3294490347919523,0.1911252737064067
5603,0.1442263847051238,0,1,0,246177,359433,23027,84929,3.3294397717588646,0.19112570381805824
5604,0.1442298685536694,46,478,46,246655,358955,23073,84883,3.325012041943014,0.1912477074968795
5605,0.1442325883539676,0,2,0,246657,358953,23073,84883,3.3249935158768387,0.19124856929135986
5606,0.1442359691009634,0,1,0,246658,358952,23073,84883,3.324984252843751,0.1912490001915126
5607,0.14423650363083,2,16,2,246674,358936,23075,84881,3.3248360443143503,0.191252250364452
5608,0.1442495106252826,0,7,0,246681,358929,23075,84881,3.3247712030827374,0.19125526689349046
5609,0.1442502588721444,40,292,40,246973,358637,23115,84841,3.3220663974211715,0.19130824978916655
5610,0.1442531453536677,0,9,0,246982,358628,23115,84841,3.3219830301233837,0.19131213230237062
5611,0.1442578705054885,2,1,2,246983,358627,23117,84839,3.321973767090296,0.19130891657985055
5612,0.144263826607268,0,6,0,246989,358621,23117,84839,3.321918188891771,0.19131150498353855
5613,0.144263925623394,0,1,0,246990,358620,23117,84839,3.321908925858683,0.19131193639096286
5614,0.1442641499975084,5,47,5,247037,358573,23122,84834,3.321473563303568,0.19132309593669022
5615,0.144265838564434,5,51,5,247088,358522,23127,84829,3.321001148616103,0.19133598435551064
5616,0.1442662924737643,0,1,0,247089,358521,23127,84829,3.320991885583015,0.19133641592421338
5617,0.1442689881223783,0,2,0,247091,358519,23127,84829,3.3209733595168403,0.19133727906745943
5618,0.1442781717302377,0,3,0,247094,358516,23127,84829,3.3209455704175777,0.19133857379693014
5619,0.1442830314721656,197,1356,197,248450,357160,23324,84632,3.308384897550854,0.19156526148051573
5620,0.1442870802619281,11,72,11,248522,357088,23335,84621,3.30771795916855,0.19157635456827912
5621,0.1442941818662579,0,1,0,248523,357087,23335,84621,3.3077086961354625,0.19157678828547367
5622,0.144294917675602,1,2,1,248525,357085,23336,84620,3.3076901700692876,0.19157582549439106
5623,0.1442983309146844,1,5,1,248530,357080,23337,84619,3.3076438549038496,0.191576163858193
5624,0.1443011989426224,0,2,0,248532,357078,23337,84619,3.3076253288376747,0.19157703131332113
5625,0.1443078269625313,5,10,5,248542,357068,23342,84614,3.307532698506799,0.19157221711548128
5626,0.1443105619288363,0,2,0,248544,357066,23342,84614,3.307514172440624,0.1915730845861257
5627,0.1443147554184819,0,1,0,248545,357065,23342,84614,3.3075049094075366,0.19157351832439395
5628,0.1443161282354565,0,1,0,248546,357064,23342,84614,3.307495646374449,0.19157395206462627
5629,0.1443170695324445,1,10,1,248556,357054,23343,84613,3.3074030160435735,0.19157645918757799
5630,0.1443192830963862,1,20,1,248576,357034,23344,84612,3.307217755381822,0.19158330427536988
5631,0.1443202141437141,0,2,0,248578,357032,23344,84612,3.307199229315647,0.19158417186693355
5632,0.1443204502794404,4,20,4,248598,357012,23348,84608,3.307013968653896,0.1915855260178434
5633,0.1443210713604259,1,34,1,248632,356978,23349,84607,3.306699025528919,0.19159844650520286
5634,0.1443212832493636,1,6,1,248638,356972,23350,84606,3.306643447330394,0.19159921916399822
5635,0.1443227125290062,0,1,0,248639,356971,23350,84606,3.306634184297306,0.19159965306164045
5636,0.144324706088811,11,64,11,248703,356907,23361,84595,3.306041350179703,0.19160728603720933
5637,0.1443284424539233,2,0,2,248703,356907,23363,84593,3.306041350179703,0.19160362400906003
5638,0.1443288499453346,0,7,0,248710,356900,23363,84593,3.30597650894809,0.19160666194027992
5639,0.1443307191527937,0,8,0,248718,356892,23363,84593,3.3059024046833896,0.19161013397963692
5640,0.1443391024673356,0,1,0,248719,356891,23363,84593,3.305893141650302,0.19161056799340406
5641,0.1443405488575216,1,9,1,248728,356882,23364,84592,3.305809774352514,0.1916126431001599
5642,0.1443440254605191,7,56,7,248784,356826,23371,84585,3.305291044499611,0.19162413261110395
5643,0.144348631951355,1,1,1,248785,356825,23372,84584,3.3052817814665234,0.19162273537694066
5644,0.1443550070625953,0,1,0,248786,356824,23372,84584,3.3052725184334357,0.1916231694939829
5645,0.144358708261064,1,13,1,248799,356811,23373,84583,3.3051520990032976,0.19162698178951232
5646,0.1443589641466935,0,1,0,248800,356810,23373,84583,3.30514283597021,0.19162741593092777
5647,0.1443698916498276,17,59,17,248859,356751,23390,84566,3.3045963170180443,0.19162189537226076
5648,0.1443748428466493,8,48,8,248907,356703,23398,84558,3.304151691429842,0.1916280840590943
5649,0.1443793664724705,0,1,0,248908,356702,23398,84558,3.304142428396754,0.19162851833386213
5650,0.1443805812971258,0,1,0,248909,356701,23398,84558,3.3041331653636665,0.1916289526105983
5651,0.1443836268875891,3,17,3,248926,356684,23401,84555,3.303975693801178,0.19163083952234503
5652,0.1443838880417015,2,10,2,248936,356674,23403,84553,3.3038830634703027,0.19163151847008456
5653,0.1443860192993512,0,4,0,248940,356670,23403,84553,3.3038460113379524,0.19163325574596066
5654,0.1443908409443571,14,177,14,249117,356493,23417,84539,3.3022064544814556,0.19168450361878503
5655,0.1443915938747906,3,6,3,249123,356487,23420,84536,3.30215087628293,0.19168161297710096
5656,0.1443938624510233,1,7,1,249130,356480,23421,84535,3.302086035051317,0.19168282257973085
5657,0.1443942732641495,1,7,1,249137,356473,23422,84534,3.302021193819704,0.19168403222624583
5658,0.1443960730726847,0,4,0,249141,356469,23422,84534,3.3019841416873543,0.1916857708450963
5659,0.1444002019370636,0,3,0,249144,356466,23422,84534,3.3019563525880913,0.19168707482993197
5660,0.1444006094139335,7,47,7,249191,356419,23429,84527,3.3015209900329765,0.19169467463136075
5661,0.1444037642748632,9,119,9,249310,356300,23438,84518,3.3004186890955576,0.19172992028456187
5662,0.1444080969434638,167,1294,167,250604,355006,23605,84351,3.2884323242802624,0.19198738155987044
5663,0.1444152606850529,0,2,0,250606,355004,23605,84351,3.288413798214087,0.19198825551091941
5664,0.1444170324512101,9,97,9,250703,354907,23614,84342,3.2875152840045945,0.19201409678792666
5665,0.144425880687101,0,2,0,250705,354905,23614,84342,3.2874967579384196,0.19201497107549967
5666,0.1444284576437896,0,1,0,250706,354904,23614,84342,3.287487494905332,0.1920154082222718
5667,0.1444305248818368,3,5,3,250711,354899,23617,84339,3.287441179739894,0.19201207545795218
5668,0.1444376009717944,2,11,2,250722,354888,23619,84337,3.2873392863759308,0.1920132050771245
5669,0.1444378896402873,1,6,1,250728,354882,23620,84336,3.2872837081774056,0.19201398849773915
5670,0.1444412149815289,4,31,4,250759,354851,23624,84332,3.2869965541516915,0.1920201829305779
5671,0.1444431894395409,3,26,3,250785,354825,23627,84329,3.286755715291415,0.19202603187036893
5672,0.1444493313084234,0,2,0,250787,354823,23627,84329,3.28673718922524,0.1920269064014282
5673,0.1444500325983755,3,23,3,250810,354800,23630,84326,3.286524139464226,0.1920314442779521
5674,0.1444503259664817,1,1,1,250811,354799,23631,84325,3.2865148764311387,0.19203004162833276
5675,0.1444554487768448,1,28,1,250839,354771,23632,84324,3.286255511504687,0.19204044682813515
5676,0.1444614869812409,3,13,3,250852,354758,23635,84321,3.2861350920745487,0.19204061228161676
5677,0.1444624977694439,3,13,3,250865,354745,23638,84318,3.2860146726444106,0.19204077774715703
5678,0.1444632859246872,0,1,0,250866,354744,23638,84318,3.286005409611323,0.19204121513590336
5679,0.1444660233019765,1,9,1,250875,354735,23639,84317,3.285922042313535,0.19204331149841022
5680,0.1444700408980109,1,0,1,250875,354735,23640,84316,3.285922042313535,0.19204147126415838
5681,0.1444753221228341,180,1390,180,252265,353345,23820,84136,3.2730464263218346,0.19231920929137494
5682,0.1444758532540954,0,7,0,252272,353338,23820,84136,3.2729815850902217,0.19232228658160255
5683,0.1444765670785847,0,6,0,252278,353332,23820,84136,3.2729260068916965,0.19232492433732296
5684,0.1444783594474794,0,2,0,252280,353330,23820,84136,3.2729074808255216,0.19232580360530876
5685,0.1444816839489776,1,2,1,252282,353328,23821,84135,3.2728889547593463,0.1923248366147537
5686,0.1444838057275668,2,4,2,252286,353324,23823,84133,3.272851902626996,0.19232290259385493
5687,0.144484307157074,0,2,0,252288,353322,23823,84133,3.272833376560821,0.1923237818747071
5688,0.1444845420018468,1,6,1,252294,353316,23824,84132,3.272777798362296,0.192324573435014
5689,0.1444849729257222,2,14,2,252308,353302,23826,84130,3.27264811589907,0.19232703597359133
5690,0.1444857091849009,0,4,0,252312,353298,23826,84130,3.27261106376672,0.19232879468163905
5691,0.1444942562197067,2,38,2,252350,353260,23828,84128,3.272259068509393,0.19234181093217007
5692,0.1444950808043044,1,5,1,252355,353255,23829,84127,3.272212753343955,0.1923421631434307
5693,0.1444977654022397,3,5,3,252360,353250,23832,84124,3.2721664381785174,0.1923388221522084
5694,0.1444992240714665,3,17,3,252377,353233,23835,84121,3.2720089666160286,0.19234075828733704
5695,0.1445000183789329,1,28,1,252405,353205,23836,84120,3.271749601689577,0.19235122620476763
5696,0.1445074585113935,1,1,1,252406,353204,23837,84119,3.27174033865649,0.19234981924115585
5697,0.144512603066254,1,13,1,252419,353191,23838,84118,3.2716199192263513,0.19235369041112807
5698,0.14451925843638,0,1,0,252420,353190,23838,84118,3.271610656193264,0.19235413026974124
5699,0.1445210406806594,1,26,1,252446,353164,23839,84117,3.2713698173329875,0.19236372035373137
5700,0.1445276612831471,2,50,2,252496,353114,23841,84115,3.2709066656786097,0.1923820240651924
5701,0.1445280486905914,121,871,121,253367,352243,23962,83994,3.2628385638593502,0.19254212732986886
5702,0.144529052535339,1,6,1,253373,352237,23963,83993,3.2627829856608246,0.1925429246039933
5703,0.1445320778271842,2,12,2,253385,352225,23965,83991,3.262671829263774,0.1925445192290058
5704,0.1445325142013303,1,15,1,253400,352210,23966,83990,3.2625328837674608,0.19254928931682713
5705,0.1445337656753468,0,1,0,253401,352209,23966,83990,3.262523620734373,0.19254973074216125
5706,0.1445340585045872,11,62,11,253463,352147,23977,83979,3.261949312682945,0.1925567381903395
5707,0.1445345137768524,41,277,41,253740,351870,24018,83938,3.2593834525176923,0.19260316469638006
5708,0.1445365570250783,3,15,3,253755,351855,24021,83935,3.259244507021379,0.19260423598522225
5709,0.1445395741330928,0,2,0,253757,351853,24021,83935,3.259225980955204,0.19260511992069537
5710,0.1445424661458867,0,3,0,253760,351850,24021,83935,3.2591981918559414,0.1926064458391179
5711,0.1445450731687896,0,1,0,253761,351849,24021,83935,3.2591889288228537,0.19260688781598223
5712,0.1445473261500526,0,1,0,253762,351848,24021,83935,3.259179665789766,0.19260732979487497
5713,0.1445552570132977,2,8,2,253770,351840,24023,83933,3.259105561525066,0.19260716014989457
5714,0.1445557955680411,0,2,0,253772,351838,24023,83933,3.2590870354588906,0.19260804413327184
5715,0.1445567876312666,2,2,2,253774,351836,24025,83931,3.2590685093927156,0.1926052225157022
5716,0.144561342205863,7,42,7,253816,351794,24032,83924,3.2586794620030384,0.19261081708811661
5717,0.1445618456627873,0,2,0,253818,351792,24032,83924,3.258660935936863,0.19261170119986412
5718,0.1445661651274546,0,8,0,253826,351784,24032,83924,3.258586831672163,0.1926152377280197
5719,0.1445668525965918,0,1,0,253827,351783,24032,83924,3.258577568639075,0.1926156798031705
5720,0.1445690231803237,0,7,0,253834,351776,24032,83924,3.2585127274074623,0.19261877438604544
5721,0.1445707848066098,49,376,49,254210,351400,24081,83875,3.255029826966542,0.19269427373499512
5722,0.144570855629613,1,2,1,254212,351398,24082,83874,3.255011300900367,0.19269330441654872
5723,0.1445768155856589,0,3,0,254215,351395,24082,83874,3.2549835118011043,0.19269463251460592
5724,0.1445803147428064,0,1,0,254216,351394,24082,83874,3.2549742487680167,0.1926950752180266
5725,0.1445846462757197,0,4,0,254220,351390,24082,83874,3.2549371966356664,0.19269684605205117
5726,0.1445875423519262,2,7,2,254227,351383,24084,83872,3.2548723554040535,0.1926962355400857
5727,0.1445958857884415,1,36,1,254263,351347,24085,83871,3.2545388862129014,0.1927103198856665
5728,0.144601579316646,1,7,1,254270,351340,24086,83870,3.2544740449812886,0.19271156453206498
5729,0.1446084483450015,0,1,0,254271,351339,24086,83870,3.2544647819482013,0.19271200733440716
5730,0.1446084859126646,0,2,0,254273,351337,24086,83870,3.254446255882026,0.1927128929451962
5731,0.144615291503836,0,4,0,254277,351333,24086,83870,3.2544092037496757,0.19271466419119354
5732,0.1446169953798073,14,59,14,254336,351274,24100,83856,3.25386268479751,0.19271482085813435
5733,0.1446240553115698,1,6,1,254342,351268,24101,83855,3.253807106598985,0.1927156229388012
5734,0.1446280543859985,5,5,5,254347,351263,24106,83850,3.253760791433547,0.19270856076467494
5735,0.1446334063979305,5,49,5,254396,351214,24111,83845,3.2533069028122568,0.19272098726839348
5736,0.1446336123894677,0,4,0,254400,351210,24111,83845,3.2532698506799065,0.1927227591913666
5737,0.1446362042151748,0,2,0,254402,351208,24111,83845,3.2532513246137316,0.19272364516507184
5738,0.1446433525682433,4,34,4,254436,351174,24115,83841,3.252936381488755,0.19273128512809903
5739,0.1446441570525695,0,2,0,254438,351172,24115,83841,3.2529178554225795,0.19273217122246922
5740,0.1446445215174003,0,1,0,254439,351171,24115,83841,3.252908592389492,0.1927326142727097
5741,0.1446447819147281,3,28,3,254467,351143,24118,83838,3.2526492274630403,0.19273945298760176
5742,0.1446469428544382,0,2,0,254469,351141,24118,83838,3.2526307013968654,0.1927403391887884
5743,0.1446479424637871,4,8,4,254477,351133,24122,83834,3.252556597132165,0.1927364604671159
5744,0.1446481777074507,0,1,0,254478,351132,24122,83834,3.2525473340990776,0.19273690357407244
5745,0.1446522422997525,1,2,1,254480,351130,24123,83833,3.2525288080329022,0.19273593386104104
5746,0.1446595151251672,1,11,1,254491,351119,24124,83832,3.252426914668939,0.19273895220381146
5747,0.1446605055723915,0,8,0,254499,351111,24124,83832,3.252352810404239,0.1927424972927487
5748,0.1446630243077002,1,0,1,254499,351111,24125,83831,3.252352810404239,0.19274064128090643
5749,0.144666273252679,5,20,5,254519,351091,24130,83826,3.2521675497424876,0.1927402239967626
5750,0.1446668118074224,4,9,4,254528,351082,24134,83822,3.2520841824446998,0.19273678788882145
5751,0.1446674465235848,17,127,17,254655,350955,24151,83805,3.2509077772425803,0.19276152359922716
5752,0.144668044670497,3,0,3,254655,350955,24154,83802,3.2509077772425803,0.19275595332565088
5753,0.1446703236350821,0,1,0,254656,350954,24154,83802,3.2508985142094926,0.1927563966914775
5754,0.1446709181531923,0,1,0,254657,350953,24154,83802,3.2508892511764054,0.19275684005934376
5755,0.1446736094527611,0,4,0,254661,350949,24154,83802,3.250852199044055,0.19275861355120516
5756,0.1446749218539552,0,1,0,254662,350948,24154,83802,3.2508429360109674,0.1927590569292697
5757,0.1446789982473663,2,9,2,254671,350939,24156,83800,3.2507595687131796,0.19275933376117624
5758,0.1446795368021098,0,8,0,254679,350931,24156,83800,3.250685464448479,0.19276288095396923
5759,0.144686097846222,0,2,0,254681,350929,24156,83800,3.2506669383823037,0.19276376777256635
5760,0.1446868906066585,3,6,3,254687,350923,24159,83797,3.2506113601837785,0.19276085756348915
5761,0.144690395650288,0,3,0,254690,350920,24159,83797,3.250583571084516,0.19276218781414114
5762,0.1446977731067908,0,1,0,254691,350919,24159,83797,3.250574308051428,0.19276263123510523
5763,0.144699772682313,1,15,1,254706,350904,24160,83796,3.2504353625551152,0.19276742581090406
5764,0.1447058139941877,17,145,17,254851,350759,24177,83779,3.2490922227574197,0.19280016937529054
5765,0.1447058835828364,6,17,6,254868,350742,24183,83773,3.2489347511949314,0.19279656628654937
5766,0.1447111159690969,0,2,0,254870,350740,24183,83773,3.248916225128756,0.19279745370104
5767,0.144719738442594,2,3,2,254873,350737,24185,83771,3.2488884360294934,0.19279506936581145
5768,0.1447205619081309,1,3,1,254876,350734,24186,83770,3.248860646930231,0.1927945427429897
5769,0.1447286382310465,4,24,4,254900,350710,24190,83766,3.2486383341361296,0.19279776098104384
5770,0.1447314240329151,0,1,0,254901,350709,24190,83766,3.248629071103042,0.19279820472984638
5771,0.1447320663075348,17,63,17,254964,350646,24207,83749,3.248045500018526,0.19279457636482925
5772,0.1447345453059716,0,1,0,254965,350645,24207,83749,3.2480362369854383,0.19279502018904496
5773,0.1447383345978303,4,25,4,254990,350620,24211,83745,3.24780466115825,0.1927986831351513
5774,0.1447397607523519,0,13,0,255003,350607,24211,83745,3.2476842417281113,0.19280445353077688
5775,0.1447425768420275,1,1,1,255004,350606,24212,83744,3.247674978695024,0.1928030390238287
5776,0.1447441942909099,2,21,2,255025,350585,24214,83742,3.2474804550001855,0.19280864417823437
5777,0.1447548048135591,0,14,0,255039,350571,24214,83742,3.2473507725369597,0.19281485932956186
5778,0.1447555377567815,0,13,0,255052,350558,24214,83742,3.247230353106821,0.19282063090029933
5779,0.1447594882092651,0,4,0,255056,350554,24214,83742,3.247193300974471,0.1928224068377328
5780,0.1447595717450386,0,4,0,255060,350550,24214,83742,3.247156248842121,0.1928241828078804
5781,0.1447621193323394,1,1,1,255061,350549,24215,83741,3.2471469858090334,0.19282276819636648
5782,0.1447703013520826,1,2,1,255063,350547,24216,83740,3.247128459742858,0.19282179756704668
5783,0.1447712885471696,0,2,0,255065,350545,24216,83740,3.247109933676683,0.19282268556362758
5784,0.1447749065545588,3,8,3,255073,350537,24219,83737,3.2470358294119825,0.19282066160995132
5785,0.1447770008266873,1,4,1,255077,350533,24220,83736,3.2469987772796323,0.19282057894991353
5786,0.144777374729331,176,1342,176,256419,349191,24396,83560,3.2345677868761347,0.19309025282437245
5787,0.1447816156927915,2,17,2,256436,349174,24398,83558,3.2344103153136463,0.19309410905595148
5788,0.1447816466563421,0,1,0,256437,349173,24398,83558,3.2344010522805586,0.19309455527799024
5789,0.1447822542852678,2,7,2,256444,349166,24400,83556,3.2343362110489458,0.19309394946409011
5790,0.1447844678489257,0,1,0,256445,349165,24400,83556,3.2343269480158585,0.19309439569607206
5791,0.1447853099940916,0,1,0,256446,349164,24400,83556,3.234317684982771,0.19309484193011647
5792,0.1447900144867476,5,97,5,256543,349067,24405,83551,3.233419170773278,0.19312881109893718
5793,0.1447904946977593,0,3,0,256546,349064,24405,83551,3.233391381674015,0.19313015036464293
5794,0.1447905530414911,17,108,17,256654,348956,24422,83534,3.2323909741005594,0.19314666235057457
5795,0.1447910617742954,0,1,0,256655,348955,24422,83534,3.2323817110674717,0.1931471089438113
5796,0.1448037395621635,1,2,1,256657,348953,24423,83533,3.232363185001297,0.1931461365223383
5797,0.1448039247516413,2,22,2,256679,348931,24425,83531,3.2321593982733705,0.19315223071622478
5798,0.1448157550260531,15,141,15,256820,348790,24440,83516,3.2308533106080253,0.19318723311728267
5799,0.1448210524513828,0,7,0,256827,348783,24440,83516,3.2307884693764124,0.1931903613008589
5800,0.1448211577566576,1,0,1,256827,348783,24441,83515,3.2307884693764124,0.19318849497337484
5801,0.1448229844889137,5,20,5,256847,348763,24446,83510,3.2306032087146614,0.19318810103800144
5802,0.1448264471257924,1,0,1,256847,348763,24447,83509,3.2306032087146614,0.19318623459303402
5803,0.1448375835116417,0,1,0,256848,348762,24447,83509,3.2305939456815738,0.1931866815030386
5804,0.1448386298122119,0,1,0,256849,348761,24447,83509,3.2305846826484865,0.19318712841511093
5805,0.1448439359175415,3,26,3,256875,348735,24450,83506,3.23034384378821,0.19319314919223304
5806,0.144843969387742,2,15,2,256890,348720,24452,83504,3.2302048982918965,0.1931961205300955
5807,0.144844577046851,0,1,0,256891,348719,24452,83504,3.2301956352588093,0.19319656751260345
5808,0.1448446437597884,0,2,0,256893,348717,24452,83504,3.230177109192634,0.19319746148382425
5809,0.1448568707292348,4,20,4,256913,348697,24456,83500,3.229991848530883,0.19319893474503524
5810,0.1448593877330357,8,89,8,257002,348608,24464,83492,3.2291674385860905,0.19322379078916918
5811,0.144859880752227,0,1,0,257003,348607,24464,83492,3.229158175553003,0.1932242379639851
5812,0.144864122565581,1,15,1,257018,348592,24465,83491,3.22901923005669,0.1932290786723847
5813,0.1448643870988461,0,1,0,257019,348591,24465,83491,3.229009967023602,0.1932295258770326
5814,0.1448687720267759,0,3,0,257022,348588,24465,83491,3.2289821779243395,0.19323086750339638
5815,0.1448739813960514,1,2,1,257024,348586,24466,83490,3.2289636518581646,0.19322989474074007
5816,0.1448775080759135,1,4,1,257028,348582,24467,83489,3.2289265997258143,0.1932298163959164
5817,0.1448775823099075,2,29,2,257057,348553,24469,83487,3.228657971766275,0.19323905193963523
5818,0.1448782547530142,0,1,0,257058,348552,24469,83487,3.2286487087331874,0.1932394992118767
5819,0.144880563023949,0,4,0,257062,348548,24469,83487,3.2286116566008376,0.19324128832154802
5820,0.1448902377112544,2,9,2,257071,348539,24471,83485,3.2285282893030494,0.1932415791715275
5821,0.1448905855799568,0,1,0,257072,348538,24471,83485,3.2285190262699617,0.19324202646618352
5822,0.144895484088307,12,55,12,257127,348483,24483,83473,3.2280095594501463,0.1932442193186343
5823,0.1449002079400768,0,1,0,257128,348482,24483,83473,3.2280002964170587,0.1932446666898172
5824,0.144900378325886,0,2,0,257130,348480,24483,83473,3.2279817703508837,0.19324556143839725
5825,0.1449046418717344,0,1,0,257131,348479,24483,83473,3.227972507317796,0.19324600881579435
5826,0.1449055811037394,1,23,1,257154,348456,24484,83472,3.2277594575567825,0.19325443129410458
5827,0.144907989790726,4,12,4,257166,348444,24488,83468,3.2276483011597317,0.19325232917816593
5828,0.1449082090829944,6,11,6,257177,348433,24494,83462,3.2275464077957685,0.19324604359855985
5829,0.144909144246785,0,3,0,257180,348430,24494,83462,3.227518618696506,0.1932473859205542
5830,0.1449099668160131,0,1,0,257181,348429,24494,83462,3.2275093556634182,0.19324783336536303
5831,0.1449100529097685,0,1,0,257182,348428,24494,83462,3.227500092630331,0.19324828081224385
5832,0.1449123651947808,3,23,3,257205,348405,24497,83459,3.227287042869317,0.19325296852712892
5833,0.1449186897929731,1,4,1,257209,348401,24498,83458,3.2272499907369667,0.1932528904109906
5834,0.1449232614213973,0,3,0,257212,348398,24498,83458,3.227222201637704,0.19325423289244564
5835,0.1449266405451029,1,7,1,257219,348391,24499,83457,3.2271573604060912,0.19325549730460717
5836,0.144927497889471,0,1,0,257220,348390,24499,83457,3.227148097373004,0.19325594481378822
5837,0.1449281847903266,0,1,0,257221,348389,24499,83457,3.2271388343399163,0.1932563923250418
5838,0.1449313400547672,3,30,3,257251,348359,24502,83454,3.2268609433472895,0.193264213907409
5839,0.1449358773612788,3,23,3,257274,348336,24505,83451,3.226647893586276,0.19326890341765732
5840,0.1449373941399264,5,28,5,257302,348308,24510,83446,3.2263885286598244,0.19327209475766294
5841,0.1449394915805641,8,45,8,257347,348263,24518,83438,3.2259716921708845,0.19327729145867162
5842,0.144940690503046,3,12,3,257359,348251,24521,83435,3.2258605357738337,0.19327705786150118
5843,0.1449457325812079,1,2,1,257361,348249,24522,83434,3.2258420097076588,0.19327608453425316
5844,0.1449470453975578,0,5,0,257366,348244,24522,83434,3.225795694542221,0.1932783231946034
5845,0.1449479243459552,0,6,0,257372,348238,24522,83434,3.2257401163436956,0.19328100965547915
5846,0.144948868277323,1,22,1,257394,348216,24523,83433,3.2255363296157693,0.19328899175024153
5847,0.1449491430450508,45,294,45,257688,347922,24568,83388,3.2228129978880284,0.19333657925853795
5848,0.1449515400279014,1,0,1,257688,347922,24569,83387,3.2228129978880284,0.19333470899053812
5849,0.1449544404703805,0,11,0,257699,347911,24569,83387,3.2227111045240653,0.19333963987776434
5850,0.1449560816389608,1,0,1,257699,347911,24570,83386,3.2227111045240653,0.19333776956482424
5851,0.1449571860497922,0,1,0,257700,347910,24570,83386,3.2227018414909776,0.19333821783647426
5852,0.144963791069761,1,15,1,257715,347895,24571,83385,3.2225628959946646,0.19334307178631052
5853,0.1449684754511788,1,3,1,257718,347892,24572,83384,3.222535106895402,0.1933425463044547
5854,0.1449701574981435,0,2,0,257720,347890,24572,83384,3.2225165808292267,0.19334344291564062
5855,0.1449747188897313,13,92,13,257812,347798,24585,83371,3.2216643817851716,0.19336037609382864
5856,0.1449753932617777,0,8,0,257820,347790,24585,83371,3.2215902775204714,0.19336396380934268
5857,0.1449755233740576,0,1,0,257821,347789,24585,83371,3.2215810144873838,0.19336441228314316
5858,0.1449791260018572,2,7,2,257828,347782,24587,83369,3.221516173255771,0.1933638098949092
5859,0.1449832531906969,0,2,0,257830,347780,24587,83369,3.221497647189596,0.19336470686468019
5860,0.1449866741652723,4,27,4,257857,347753,24591,83365,3.2212475452962317,0.1933693327580848
5861,0.1449902587482325,0,28,0,257885,347725,24591,83365,3.22098818036978,0.1933818924122573
5862,0.1449929155237274,0,3,0,257888,347722,24591,83365,3.2209603912705176,0.19338323818625938
5863,0.1449934926186336,1,6,1,257894,347716,24592,83364,3.2209048130719924,0.19338405864340727
5864,0.1450040084185752,0,2,0,257896,347714,24592,83364,3.220886287005817,0.1933849558548569
5865,0.1450051333467942,1,0,1,257896,347714,24593,83363,3.220886287005817,0.19338308469252594
5866,0.1450090306945269,0,2,0,257898,347712,24593,83363,3.220867760939642,0.19338398190570086
5867,0.1450096405358282,0,2,0,257900,347710,24593,83363,3.2208492348734667,0.1933848791272012
5868,0.1450121165590946,0,2,0,257902,347708,24593,83363,3.220830708807292,0.19338577635702703
5869,0.145012141645536,1,0,1,257902,347708,24594,83362,3.220830708807292,0.19338390516621431
5870,0.1450134538772846,0,1,0,257903,347707,24594,83362,3.220821445774204,0.19338435378094923
5871,0.1450153285566956,0,2,0,257905,347705,24594,83362,3.2208029197080292,0.1933852510166633
5872,0.1450165973431207,46,410,46,258315,347295,24640,83316,3.217005076142132,0.19348321338748894
5873,0.1450172933163512,2,6,2,258321,347289,24642,83314,3.216949497943607,0.19348216338483476
5874,0.1450192253223757,26,158,26,258479,347131,24668,83288,3.2154859387157733,0.19350446890123346
5875,0.1450245961816497,1,8,1,258487,347123,24669,83287,3.2154118344510727,0.1935061917706373
5876,0.1450261662936367,0,3,0,258490,347120,24669,83287,3.21538404535181,0.19350754053721245
5877,0.1450266100980953,3,25,3,258515,347095,24672,83284,3.215152469524621,0.19351315933165883
5878,0.1450276423741041,3,17,3,258532,347078,24675,83281,3.214994997962133,0.1935151815112499
5879,0.1450282475060153,0,1,0,258533,347077,24675,83281,3.214985734929045,0.19351563117218687
5880,0.1450316169872507,0,6,0,258539,347071,24675,83281,3.21493015673052,0.19351832918169312
5881,0.1450360928243336,0,8,0,258547,347063,24675,83281,3.2148560524658194,0.19352192664473072
5882,0.1450391838472397,0,1,0,258548,347062,24675,83281,3.2148467894327317,0.19352237633701488
5883,0.1450403795918283,1,9,1,258557,347053,24676,83280,3.214763422134944,0.19352454959298962
5884,0.1450467471030873,0,1,0,258558,347052,24676,83280,3.2147541591018562,0.19352499930286385
5885,0.1450511800787403,0,1,0,258559,347051,24676,83280,3.2147448960687686,0.19352544901482813
5886,0.1450577070687139,0,3,0,258562,347048,24676,83280,3.214717106969506,0.19352679816326152
5887,0.1450595353131927,1,1,1,258563,347047,24677,83279,3.2147078439364187,0.1935253737863852
5888,0.1450600045525345,6,52,6,258615,346995,24683,83273,3.2142261662158655,0.1935375161527234
5889,0.145060273892668,1,1,1,258616,346994,24684,83272,3.2142169031827783,0.19353609162704002
5890,0.1450624799430539,3,5,3,258621,346989,24687,83269,3.2141705880173403,0.19353271757875506
5891,0.1450640680022446,1,1,1,258622,346988,24688,83268,3.2141613249842527,0.1935312929976572
5892,0.1450724906239788,1,1,1,258623,346987,24689,83267,3.2141520619511654,0.19352986840331526
5893,0.1450736564923717,0,1,0,258624,346986,24689,83267,3.2141427989180777,0.19353031820812405
5894,0.1450763293942646,2,2,2,258626,346984,24691,83265,3.214124272851903,0.19352746897726666
5895,0.1450764565542655,0,2,0,258628,346982,24691,83265,3.2141057467857275,0.19352836858827605
5896,0.145078138985672,0,3,0,258631,346979,24691,83265,3.214077957686465,0.1935297180204721
5897,0.1450787413005707,2,8,2,258639,346971,24693,83263,3.2140038534217643,0.19352956763063822
5898,0.1450819684061476,1,0,1,258639,346971,24694,83262,3.2140038534217643,0.19352769313372056
5899,0.1450850146124278,2,6,2,258645,346965,24696,83260,3.213948275223239,0.1935266430356209
5900,0.145088947018925,0,1,0,258646,346964,24696,83260,3.2139390121901514,0.19352709286325262
5901,0.1450894696579584,2,12,2,258658,346952,24698,83258,3.213827855793101,0.19352874177727156
5902,0.1450895790375118,1,10,1,258668,346942,24699,83257,3.2137352254622256,0.1935313657167962
5903,0.145092023980295,0,2,0,258670,346940,24699,83257,3.21371669939605,0.19353226545047966
5904,0.1450932172062728,0,1,0,258671,346939,24699,83257,3.2137074363629625,0.19353271532045857
5905,0.1450934262168191,0,4,0,258675,346935,24699,83257,3.2136703842306127,0.1935345148212891
5906,0.1450950297311258,6,30,6,258705,346905,24705,83251,3.213392493237986,0.19353676340676407
5907,0.1450979628078493,1,1,1,258706,346904,24706,83250,3.213383230204898,0.19353533850667434
5908,0.1450995845657583,3,12,3,258718,346892,24709,83247,3.2132720738078477,0.19353511306810126
5909,0.1451000861419689,2,4,2,258722,346888,24711,83245,3.2132350216754975,0.1935331629984214
5910,0.1451010312208776,0,1,0,258723,346887,24711,83245,3.21322575864241,0.19353361293742385
5911,0.145104748256901,0,2,0,258725,346885,24711,83245,3.213207232576235,0.19353451282170506
5912,0.1451062728760468,0,5,0,258730,346880,24711,83245,3.213160917410797,0.19353676256902064
5913,0.1451065877219383,1,1,1,258731,346879,24712,83244,3.213151654377709,0.19353533756623106
5914,0.1451087804092585,0,2,0,258733,346877,24712,83244,3.2131331283115343,0.193536237477361
5915,0.1451094827930874,0,3,0,258736,346874,24712,83244,3.2131053392122717,0.1935375873597478
5916,0.1451107350739164,0,10,0,258746,346864,24712,83244,3.2130127088813962,0.19354208710370419
5917,0.1451110669198324,0,3,0,258749,346861,24712,83244,3.2129849197821336,0.19354343706769278
5918,0.1451127809581179,0,2,0,258751,346859,24712,83244,3.2129663937159583,0.1935443370541475
5919,0.1451141271827835,0,2,0,258753,346857,24712,83244,3.2129478676497834,0.19354523704897222
5920,0.1451147513842925,0,2,0,258755,346855,24712,83244,3.212929341583608,0.19354613705216706
5921,0.1451172601560119,1,2,1,258757,346853,24713,83243,3.212910815517433,0.1935451620103419
5922,0.1451228490323611,0,2,0,258759,346851,24713,83243,3.2128922894512577,0.19354606202365066
5923,0.1451236650257166,4,20,4,258779,346831,24717,83239,3.2127070287895068,0.19354756202478665
5924,0.145124769077604,0,5,0,258784,346826,24717,83239,3.2126607136240692,0.193549812237685
5925,0.1451274807461196,1,12,1,258796,346814,24718,83238,3.2125495572270184,0.1935533377359017
5926,0.1451287955582667,0,2,0,258798,346812,24718,83238,3.2125310311608435,0.19355423787931636
5927,0.1451303518247346,0,6,0,258804,346806,24718,83238,3.212475452962318,0.19355693835979573
5928,0.1451313167435165,2,20,2,258824,346786,24720,83236,3.212290192300567,0.19356218984144996
5929,0.1451342518038423,0,8,0,258832,346778,24720,83236,3.2122160880358663,0.19356579088122713
5930,0.1451347455987265,1,8,1,258840,346770,24721,83235,3.212141983771166,0.19356751665678307
5931,0.1451369640731767,5,45,5,258885,346725,24726,83230,3.211725147282226,0.1935783977392983
5932,0.1451372736676331,0,1,0,258886,346724,24726,83230,3.2117158842491387,0.1935788479697828
5933,0.1451387251906531,1,6,1,258892,346718,24727,83229,3.211660306050613,0.19357967377374422
5934,0.1451392637453966,2,3,2,258895,346715,24729,83227,3.2116325169513504,0.19357727321359625
5935,0.1451397421381397,8,49,8,258944,346666,24737,83219,3.2111786283300603,0.19358433069309233
5936,0.1451398345509729,1,7,1,258951,346659,24738,83218,3.2111137870984474,0.19358560704573635
5937,0.1451418212663404,0,2,0,258953,346657,24738,83218,3.2110952610322725,0.1935865077057284
5938,0.1451446379823671,0,1,0,258954,346656,24738,83218,3.211085997999185,0.1935869580388672
5939,0.1451505203419855,0,2,0,258956,346654,24738,83218,3.21106747193301,0.1935878587114304
5940,0.1451561740769152,4,3,4,258959,346651,24742,83214,3.2110396828337473,0.19358170588440557
5941,0.1451575621709754,0,4,0,258963,346647,24742,83214,3.211002630701397,0.1935835072267547
5942,0.1451610303931017,11,62,11,259025,346585,24753,83203,3.2104283226499684,0.19359079360056586
5943,0.1451650881969069,2,51,2,259076,346534,24755,83201,3.2099559079625033,0.19361001547465298
5944,0.1451674786071476,2,14,2,259090,346520,24757,83199,3.2098262254992775,0.19361257007486288
5945,0.1451691593140296,1,1,1,259091,346519,24758,83198,3.20981696246619,0.1936111440785447
5946,0.1451693623598917,0,1,0,259092,346518,24758,83198,3.209807699433102,0.19361159463459587
5947,0.1451721931531335,5,19,5,259111,346499,24763,83193,3.209631701804439,0.19361077236718394
5948,0.1451735911795842,0,1,0,259112,346498,24763,83193,3.2096224387713512,0.193611222948584
5949,0.1451738653817627,0,3,0,259115,346495,24763,83193,3.2095946496720886,0.1936125747053676
5950,0.1451797429861424,1,3,1,259118,346492,24764,83192,3.209566860572826,0.1936120497854237
5951,0.1451810270273474,0,8,0,259126,346484,24764,83192,3.2094927563081255,0.19361565458624638
5952,0.14518191313355,0,2,0,259128,346482,24764,83192,3.2094742302419506,0.1936165558074261
5953,0.1451845673204458,2,15,2,259143,346467,24766,83190,3.209335284745637,0.1936195616503397
5954,0.1451892019600593,3,6,3,259149,346461,24769,83187,3.209279706547112,0.19361663501284773
5955,0.145189229435378,2,2,2,259151,346459,24771,83185,3.2092611804809366,0.19361378257347944
5956,0.1451892610550294,0,1,0,259152,346458,24771,83185,3.2092519174478493,0.19361423321222504
5957,0.1451898559699953,0,2,0,259154,346456,24771,83185,3.209233391381674,0.19361513449600945
5958,0.1451907540545238,21,173,21,259327,346283,24792,83164,3.207630886657527,0.19365369882663053
5959,0.1451924679808298,0,1,0,259328,346282,24792,83164,3.2076216236244397,0.19365414976504614
5960,0.1451994812599396,0,1,0,259329,346281,24792,83164,3.207612360591352,0.19365460070556184
5961,0.14520035629341,1,7,1,259336,346274,24793,83163,3.207547519359739,0.19365587967501635
5962,0.1452037612406614,20,141,20,259477,346133,24813,83143,3.206241431694394,0.19368192025643177
5963,0.1452045851744067,0,4,0,259481,346129,24813,83143,3.2062043795620436,0.19368372500419315
5964,0.1452048116555279,0,2,0,259483,346127,24813,83143,3.2061858534958687,0.1936846273906865
5965,0.1452106008051396,3,30,3,259513,346097,24816,83140,3.2059079625032423,0.19369252883605095
5966,0.1452139330858605,1,5,1,259518,346092,24817,83139,3.2058616473378043,0.19369290661671687
5967,0.1452150679177497,0,4,0,259522,346088,24817,83139,3.205824595205454,0.1936947116560701
5968,0.1452195868207902,4,13,4,259535,346075,24821,83135,3.205704175775316,0.19369306400130473
5969,0.1452199410160594,2,57,2,259592,346018,24823,83133,3.2051761828893253,0.19371503270410648
5970,0.1452247348433721,1,29,1,259621,345989,24824,83132,3.204907554929786,0.19372624504510383
5971,0.1452286455947208,0,2,0,259623,345987,24824,83132,3.204889028863611,0.193727147947306
5972,0.1452297710979946,0,1,0,259624,345986,24824,83132,3.2048797658305235,0.1937275994015632
5973,0.1452338616864927,0,1,0,259625,345985,24824,83132,3.204870502797436,0.19372805085792452
5974,0.1452345683770092,1,10,1,259635,345975,24825,83131,3.2047778724665603,0.19373068659025974
5975,0.145237303834255,0,2,0,259637,345973,24825,83131,3.2047593464003854,0.19373158954472575
5976,0.1452400190706233,0,3,0,259640,345970,24825,83131,3.204731557301123,0.19373294399220697
5977,0.1452411201314385,0,3,0,259643,345967,24825,83131,3.20470376820186,0.19373429845862716
5978,0.1452429975571949,0,1,0,259644,345966,24825,83131,3.2046945051687725,0.19373474995164264
5979,0.1452455008862817,0,2,0,259646,345964,24825,83131,3.204675979102597,0.19373565294398676
5980,0.1452475189327436,0,3,0,259649,345961,24825,83131,3.2046481900033346,0.19373700744828615
5981,0.1452532687138704,3,7,3,259656,345954,24828,83128,3.2045833487717217,0.19373453092882012
5982,0.1452569197868999,0,2,0,259658,345952,24828,83128,3.2045648227055468,0.19373543395171064
5983,0.1452612455812038,1,0,1,259658,345952,24829,83127,3.2045648227055468,0.19373355489315489
5984,0.145261503606814,0,10,0,259668,345942,24829,83127,3.2044721923746713,0.1937380701006132
5985,0.1452616700123288,1,0,1,259668,345942,24830,83126,3.2044721923746713,0.19373619100002798
5986,0.1452630231482314,1,1,1,259669,345941,24831,83125,3.2044629293415836,0.19373476341635087
5987,0.1452653450474294,0,1,0,259670,345940,24831,83125,3.204453666308496,0.19373521494412269
5988,0.1452706190294374,1,9,1,259679,345931,24832,83124,3.204370299010708,0.19373739963407954
5989,0.1452724700856171,2,0,2,259679,345931,24834,83122,3.204370299010708,0.19373364129839438
5990,0.1452735711464324,0,1,0,259680,345930,24834,83122,3.2043610359776205,0.19373409283723186
5991,0.1452737422335063,3,4,3,259684,345926,24837,83119,3.20432398384527,0.19373026139449243
5992,0.1452750982273314,4,32,4,259716,345894,24841,83115,3.2040275667864684,0.1937371943245946
5993,0.1452784815542523,0,2,0,259718,345892,24841,83115,3.2040090407202935,0.1937380975135604
5994,0.1452828141520526,1,6,1,259724,345886,24842,83114,3.2039534625217683,0.19373892773892773
5995,0.1452858415563334,0,1,0,259725,345885,24842,83114,3.2039441994886806,0.1937393793458726
5996,0.1452861565839578,0,1,0,259726,345884,24842,83114,3.203934936455593,0.19373983095492286
5997,0.1452865387087197,0,1,0,259727,345883,24842,83114,3.2039256734225057,0.19374028256607856
5998,0.145288189896054,12,79,12,259806,345804,24854,83102,3.2031938938085887,0.1937534098380531
5999,0.1452950064198751,2,25,2,259831,345779,24856,83100,3.2029623179813997,0.19376094422902496
6000,0.1452958829236088,0,1,0,259832,345778,24856,83100,3.202953054948312,0.19376139601471748
6001,0.1452976726222923,3,34,3,259866,345744,24859,83097,3.2026381118233354,0.19377111796679888
6002,0.1452977777701529,0,1,0,259867,345743,24859,83097,3.2026288487902477,0.1937715698162485
6003,0.1452979811208843,1,35,1,259902,345708,24860,83096,3.2023046426321833,0.19378550573222264
6004,0.1452989898378172,1,18,1,259920,345690,24861,83095,3.2021379080366077,0.19379176043938104
6005,0.1453007818983955,0,2,0,259922,345688,24861,83095,3.2021193819704323,0.1937926643546969
6006,0.1453015653032025,0,7,0,259929,345681,24861,83095,3.2020545407388195,0.19379582812470847
6007,0.1453034318144983,5,65,5,259994,345616,24866,83090,3.2014524435881286,0.19381580850279678
6008,0.1453034842202111,3,29,3,260023,345587,24869,83087,3.2011838156285894,0.19382327829539464
6009,0.1453042537937846,0,1,0,260024,345586,24869,83087,3.2011745525955018,0.19382373044255177
6010,0.1453042872631469,0,1,0,260025,345585,24869,83087,3.2011652895624145,0.19382418259181847
6011,0.1453045328753136,5,29,5,260054,345556,24874,83082,3.2008966616028753,0.1938278920674322
6012,0.1453045922117249,0,1,0,260055,345555,24874,83082,3.2008873985697877,0.1938283442633277
6013,0.145304768261416,3,28,3,260083,345527,24877,83079,3.200628033643336,0.19383536394730824
6014,0.1453060445010966,1,11,1,260094,345516,24878,83078,3.200526140279373,0.19383845784122036
6015,0.1453132934283985,1,3,1,260097,345513,24879,83077,3.2004983511801104,0.1938379336895401
6016,0.1453147774800427,163,1414,163,261511,344099,25042,82914,3.1874004223943087,0.1941720743864941
6017,0.1453198637532738,1,4,1,261515,344095,25043,82913,3.1873633702619584,0.19417200614508393
6018,0.1453221010773649,0,3,0,261518,344092,25043,82913,3.1873355811626958,0.19417337033524198
6019,0.145326580275259,3,3,3,261521,344089,25046,82910,3.187307792063433,0.1941690729954871
6020,0.1453267196952513,0,5,0,261526,344084,25046,82910,3.1872614768979957,0.19417134666997662
6021,0.1453271736434774,0,10,0,261536,344074,25046,82910,3.1871688465671197,0.1941758941787046
6022,0.1453287954013863,1,9,1,261545,344065,25047,82909,3.187085479269332,0.19417809983746082
6023,0.1453337443124076,2,16,2,261561,344049,25049,82907,3.1869372707399313,0.1941816018512446
6024,0.1453343630776332,0,1,0,261562,344048,25049,82907,3.1869280077068436,0.19418205665702473
6025,0.1453353854809879,0,3,0,261565,344045,25049,82907,3.186900218607581,0.19418342108714798
6026,0.1453358828294922,1,23,1,261588,344022,25050,82906,3.186687168846567,0.19419199490312183
6027,0.1453369838903074,2,16,2,261604,344006,25052,82904,3.1865389603171663,0.19419549788011525
6028,0.1453379511367205,0,1,0,261605,344005,25052,82904,3.1865296972840786,0.1941959527674516
6029,0.1453394204806801,1,15,1,261620,343990,25053,82903,3.186390751787765,0.19420088874729732
6030,0.1453397512048695,4,19,4,261639,343971,25057,82899,3.186214754159102,0.19420198186801602
6031,0.1453401055409989,0,3,0,261642,343968,25057,82899,3.1861869650598393,0.19420334670986514
6032,0.1453421277016675,7,41,7,261683,343927,25064,82892,3.1858071807032493,0.1942087863942327
6033,0.1453424303346146,3,12,3,261695,343915,25067,82889,3.185696024306199,0.19420858286239118
6034,0.1453442304027635,2,6,2,261701,343909,25069,82887,3.1856404461076737,0.1942075370903195
6035,0.1453450691268004,1,8,1,261709,343901,25070,82886,3.185566341842973,0.19420928941134571
6036,0.1453470400313788,6,16,6,261725,343885,25076,82880,3.185418133313572,0.19420524176068796
6037,0.1453498262259064,0,1,0,261726,343884,25076,82880,3.185408870280485,0.1942056968254117
6038,0.1453561757685919,1,7,1,261733,343877,25077,82879,3.185344029048872,0.1942069941605976
6039,0.1453637073680497,0,9,0,261742,343868,25077,82879,3.1852606617510837,0.19421108994322162
6040,0.1453679360262812,3,3,3,261745,343865,25080,82876,3.185232872651821,0.19420679053571135
6041,0.1453722618205851,3,1,3,261746,343864,25083,82873,3.1852236096187334,0.19420158083315953
6042,0.14537268625171,1,1,1,261747,343863,25084,82872,3.185214346585646,0.1942001476326057
6043,0.1453733069004943,0,2,0,261749,343861,25084,82872,3.185195820519471,0.1942010578042945
6044,0.1453751194253473,2,20,2,261769,343841,25086,82870,3.18501055985772,0.19420638324299117
6045,0.1453787575941084,0,2,0,261771,343839,25086,82870,3.1849920337915445,0.19420729349509852
6046,0.1453832764971489,6,33,6,261804,343806,25092,82864,3.1846863536996555,0.19421098272669746
6047,0.1453846656852182,0,3,0,261807,343803,25092,82864,3.184658564600393,0.1942123482716029
6048,0.1453863488755626,1,7,1,261814,343796,25093,82863,3.18459372336878,0.19421364602645202
6049,0.1453864543724543,0,3,0,261817,343793,25093,82863,3.1845659342695174,0.19421501162529065
6050,0.1453864836660402,0,9,0,261826,343784,25093,82863,3.184482566971729,0.19421910853703414
6051,0.1453890733902019,0,3,0,261829,343781,25093,82863,3.1844547778724666,0.19422047421269256
6052,0.1453937726502206,0,18,0,261847,343763,25093,82863,3.1842880432768905,0.19422866866998262
6053,0.145395831601801,2,13,2,261860,343750,25095,82861,3.1841676238467524,0.19423080980096621
6054,0.1453968577957147,1,6,1,261866,343744,25096,82860,3.1841120456482273,0.19423165277400117
6055,0.1453982580533679,1,2,1,261868,343742,25097,82859,3.184093519582052,0.19423067456475723
6056,0.1453990355603653,0,1,0,261869,343741,25097,82859,3.184084256548964,0.19423112986404126
6057,0.1453993591141831,0,3,0,261872,343738,25097,82859,3.1840564674497016,0.19423249577470073
6058,0.1454058091137531,0,3,0,261875,343735,25097,82859,3.184028678350439,0.19423386170457155
6059,0.1454069462161312,5,50,5,261925,343685,25102,82854,3.183565526696061,0.19424718489985676
6060,0.1454075704403411,0,7,0,261932,343678,25102,82854,3.1835006854644483,0.19425037277390678
6061,0.1454084152670271,2,1,2,261933,343677,25104,82852,3.183491422431361,0.19424705002473455
6062,0.1454089538217705,3,12,3,261945,343665,25107,82849,3.1833802660343102,0.19424684770019274
6063,0.1454096910302761,4,22,4,261967,343643,25111,82845,3.183176479306384,0.1942493106488342
6064,0.1454102883116471,2,8,2,261975,343635,25113,82843,3.183102375041684,0.19424917580742734
6065,0.1454158685820746,0,1,0,261976,343634,25113,82843,3.183093112008596,0.19424963128140557
6066,0.1454174299398054,1,0,1,261976,343634,25114,82842,3.183093112008596,0.19424774195968825
6067,0.1454198866151917,10,56,10,262032,343578,25124,82832,3.182574382155693,0.19425435613611314
6068,0.1454216788164579,1,7,1,262039,343571,25125,82831,3.1825095409240802,0.19425565546127832
6069,0.1454314326806607,1,3,1,262042,343568,25126,82830,3.1824817518248176,0.1942551325287642
6070,0.1454359118785548,0,2,0,262044,343566,25126,82830,3.1824632257586423,0.19425604367770805
6071,0.1454379101843781,0,4,0,262048,343562,25126,82830,3.182426173626292,0.1942578660012383
6072,0.1454379657139679,1,4,1,262052,343558,25127,82829,3.182389121493942,0.19425779866646967
6073,0.1454393164507248,0,1,0,262053,343557,25127,82829,3.1823798584608545,0.19425825425787902
6074,0.1454398116407676,7,53,7,262106,343504,25134,82822,3.181888917707214,0.19426917429385024
6075,0.1454423893822722,2,1,2,262107,343503,25136,82820,3.1818796546741264,0.19426585007142472
6076,0.1454495222148111,0,4,0,262111,343499,25136,82820,3.181842602541776,0.1942676727990073
6077,0.1454498462603164,0,4,0,262115,343495,25136,82820,3.1818055504094263,0.19426949556079426
6078,0.1454538157733234,0,4,0,262119,343491,25136,82820,3.181768498277076,0.1942713183567865
6079,0.1454556158414724,3,6,3,262125,343485,25139,82817,3.1817129200785503,0.19426838250817496
6080,0.145458619969715,3,11,3,262136,343474,25142,82814,3.1816110267145876,0.1942677251060316
6081,0.1454600511619384,0,2,0,262138,343472,25142,82814,3.1815925006484123,0.1942686365491712
6082,0.1454616707972429,6,29,6,262167,343443,25148,82808,3.181323872688873,0.19427051197533848
6083,0.1454627718580582,5,8,5,262175,343435,25153,82803,3.181249768424173,0.19426470657238445
6084,0.1454649434353851,2,0,2,262175,343435,25155,82801,3.181249768424173,0.1942609258720521
6085,0.1454663751244331,1,0,1,262175,343435,25156,82800,3.181249768424173,0.19425903550858095
6086,0.1454673565626691,0,2,0,262177,343433,25156,82800,3.1812312423579976,0.19425994702428015
6087,0.145468457178002,1,3,1,262180,343430,25157,82799,3.181203453258735,0.19425942392469775
6088,0.1454687734999856,2,17,2,262197,343413,25159,82797,3.1810459816962466,0.19426339128598577
6089,0.1454713737204446,0,1,0,262198,343412,25159,82797,3.181036718663159,0.1942638470797191
6090,0.1454753963578309,1,2,1,262200,343410,25160,82796,3.181018192596984,0.19426286819049943
6091,0.1454754052631786,2,7,2,262207,343403,25162,82794,3.180953351365371,0.19426227777295477
6092,0.1454790583130238,0,2,0,262209,343401,25162,82794,3.180934825299196,0.19426318938514062
6093,0.1454870940082588,1,1,1,262210,343400,25163,82793,3.1809255622661086,0.19426175465106185
6094,0.145492946667821,0,3,0,262213,343397,25163,82793,3.180897773166846,0.19426312208170066
6095,0.1454931801981503,0,3,0,262216,343394,25163,82793,3.180869984067583,0.1942644895315906
6096,0.14549578920804,5,20,5,262236,343374,25168,82788,3.180684723405832,0.1942641530685514
6097,0.1454966733573754,1,3,1,262239,343371,25169,82787,3.1806569343065694,0.1942636299212968
6098,0.1454989524518063,0,2,0,262241,343369,25169,82787,3.1806384082403945,0.19426454162325532
6099,0.145500268405934,7,46,7,262287,343323,25176,82780,3.180212308718367,0.1942722768907987
6100,0.1455045095640629,0,9,0,262296,343314,25176,82780,3.1801289414205787,0.19427638032922312
6101,0.1455073866071281,0,6,0,262302,343308,25176,82780,3.1800733632220535,0.19427911605114437
6102,0.1455099082912425,0,2,0,262304,343306,25176,82780,3.180054837155878,0.194280027975573
6103,0.1455108771858681,0,2,0,262306,343304,25176,82780,3.180036311089703,0.19428093990856263
6104,0.1455129349586861,9,64,9,262370,343240,25185,82771,3.1794434769720996,0.1942931051076146
6105,0.1455195266365644,0,1,0,262371,343239,25185,82771,3.1794342139390124,0.19429356118400976
6106,0.1455198654449506,0,6,0,262377,343233,25185,82771,3.1793786357404867,0.19429629768734566
6107,0.1455253266365362,0,2,0,262379,343231,25185,82771,3.179360109674312,0.19429720987225413
6108,0.1455260499226555,1,1,1,262380,343230,25186,82770,3.179350846641224,0.19429577464788733
6109,0.1455267354818052,2,4,2,262384,343226,25188,82768,3.179313794508874,0.19429381634483114
6110,0.1455280936949328,1,0,1,262384,343226,25189,82767,3.179313794508874,0.19429192498468284
6111,0.1455293668974617,0,7,0,262391,343219,25189,82767,3.179248953277261,0.19429511767992375
6112,0.1455297102657154,1,0,1,262391,343219,25190,82766,3.179248953277261,0.19429322628731058
6113,0.1455312146796992,2,4,2,262395,343215,25192,82764,3.1792119011449107,0.1942912678794025
6114,0.1455316118970816,4,50,4,262445,343165,25196,82760,3.1787487494905333,0.19430650936197688
6115,0.1455319023519125,0,1,0,262446,343164,25196,82760,3.1787394864574456,0.19430696556193125
6116,0.1455321565010957,2,17,2,262463,343147,25198,82758,3.1785820148949573,0.19431093788520915
6117,0.1455326950558392,6,31,6,262494,343116,25204,82752,3.178294860869243,0.19431373101524416
6118,0.1455329374491571,0,3,0,262497,343113,25204,82752,3.1782670717699806,0.19431509985558804
6119,0.1455333584080919,4,5,4,262502,343108,25208,82748,3.1782207566045426,0.19430981364592725
6120,0.1455337519389202,1,6,1,262508,343102,25209,82747,3.1781651784060174,0.19431065941213904
6121,0.1455388091017059,1,10,1,262518,343092,25210,82746,3.178072548075142,0.19431333042142787
6122,0.1455403342351288,16,149,16,262667,342943,25226,82730,3.176692356145096,0.19435106290509382
6123,0.1455429344555879,0,11,0,262678,342932,25226,82730,3.176590462781133,0.19435608534471013
6124,0.1455450802038452,1,1,1,262679,342931,25227,82729,3.1765811997480453,0.19435464925057558
6125,0.14554538597368,2,26,2,262705,342905,25229,82727,3.176340360887769,0.19436273588451997
6126,0.1455472712559676,0,17,0,262722,342888,25229,82727,3.176182889325281,0.194370499160039
6127,0.1455472973172636,0,4,0,262726,342884,25229,82727,3.1761458371929305,0.1943723259032309
6128,0.1455494246138621,1,13,1,262739,342871,25230,82726,3.1760254177627925,0.194376370134188
6129,0.1455503014455063,0,4,0,262743,342867,25230,82726,3.175988365630442,0.19437819700981923
6130,0.1455507285655384,1,1,1,262744,342866,25231,82725,3.1759791025973545,0.19437676078676475
6131,0.1455511618055634,0,5,0,262749,342861,25231,82725,3.1759327874319165,0.19437904442345377
6132,0.1455517504538617,7,26,7,262775,342835,25238,82718,3.1756919485716404,0.19437766858652153
6133,0.1455567372532829,0,2,0,262777,342833,25238,82718,3.175673422505465,0.1943785821205919
6134,0.1455567789492236,0,4,0,262781,342829,25238,82718,3.175636370373115,0.19438040921449334
6135,0.1455636471850726,3,35,3,262816,342794,25241,82715,3.1753121642150504,0.19439071794016108
6136,0.1455637388667051,0,2,0,262818,342792,25241,82715,3.1752936381488754,0.19439163163003192
6137,0.1455664979434214,2,0,2,262818,342792,25243,82713,3.1752936381488754,0.19438784503119821
6138,0.1455681263829666,5,66,5,262884,342726,25248,82708,3.174682277965097,0.19440853340353614
6139,0.1455697167488099,0,4,0,262888,342722,25248,82708,3.1746452258327467,0.19441036128152692
6140,0.1455712601166998,1,4,1,262892,342718,25249,82707,3.1746081737003964,0.19441029558676617
6141,0.1455722102099814,0,2,0,262894,342716,25249,82707,3.1745896476342215,0.19441120954908409
6142,0.1455768672077698,0,2,0,262896,342714,25249,82707,3.174571121568046,0.19441212351999548
6143,0.1455783728020504,2,42,2,262938,342672,25251,82705,3.174182074178369,0.19442753134278534
6144,0.1455819720617622,1,8,1,262946,342664,25252,82704,3.1741079699136687,0.194429294164112
6145,0.1455835215087198,2,3,2,262949,342661,25254,82702,3.1740801808144057,0.1944268777491225
6146,0.1455852031670571,0,3,0,262952,342658,25254,82702,3.174052391715143,0.19442824901260108
6147,0.1455892707519802,7,27,7,262979,342631,25261,82695,3.1738022898217793,0.1944273333866258
6148,0.1455910977967378,0,11,0,262990,342620,25261,82695,3.173700396457816,0.19443236189647672
6149,0.1455927796413367,6,29,6,263019,342591,25267,82689,3.173431768498277,0.19443425507900677
6150,0.1455937499498742,5,13,5,263032,342578,25272,82684,3.173311349068139,0.1944307274103964
6151,0.1455943894697194,2,9,2,263041,342569,25274,82682,3.173227981770351,0.1944310536600737
6152,0.1455945934588377,3,15,3,263056,342554,25277,82679,3.1730890362740376,0.1944322289192043
6153,0.1455956929373744,0,3,0,263059,342551,25277,82679,3.173061247174775,0.19443360063965384
6154,0.1455968332505108,0,1,0,263060,342550,25277,82679,3.1730519841416873,0.1944340578841048
6155,0.1455970717941234,1,4,1,263064,342546,25278,82678,3.173014932009337,0.19443399243692736
6156,0.1455982708793595,1,0,1,263064,342546,25279,82677,3.173014932009337,0.1944320979815297
6157,0.1455990726567318,4,33,4,263097,342513,25283,82673,3.172709251917448,0.1944396099589356
6158,0.1456018970873381,0,7,0,263104,342506,25283,82673,3.172644410685835,0.19444281114542344
6159,0.1456051085549944,2,7,2,263111,342499,25285,82671,3.1725795694542223,0.1944422231107557
6160,0.1456077611975557,0,2,0,263113,342497,25285,82671,3.172561043388047,0.1944431377714221
6161,0.1456081355222244,0,4,0,263117,342493,25285,82671,3.1725239912556966,0.1944449671185707
6162,0.1456098078150131,2,16,2,263133,342477,25287,82669,3.172375782726296,0.19444849534042424
6163,0.1456099686911876,4,12,4,263145,342465,25291,82665,3.172264626329245,0.19444640462917226
6164,0.1456107983224942,0,3,0,263148,342462,25291,82665,3.1722368372299825,0.1944477767819969
6165,0.1456116538446429,5,40,5,263188,342422,25296,82660,3.1718663159064806,0.19445659896208262
6166,0.1456159725237137,0,5,0,263193,342417,25296,82660,3.1718200007410426,0.19445888627236949
6167,0.1456218574105977,0,2,0,263195,342415,25296,82660,3.1718014746748677,0.1944598012115509
6168,0.145622693685875,0,4,0,263199,342411,25296,82660,3.1717644225425174,0.19446163111574302
6169,0.1456265682171479,3,11,3,263210,342400,25299,82657,3.1716625291785543,0.19446097817469188
6170,0.1456271516105802,3,39,3,263249,342361,25302,82654,3.1713012708881396,0.19447313624225027
6171,0.1456309792923557,2,3,2,263252,342358,25304,82652,3.171273481788877,0.19447071833603916
6172,0.1456336353405755,0,1,0,263253,342357,25304,82652,3.1712642187557893,0.19447117590451027
6173,0.1456354584902498,3,11,3,263264,342346,25307,82649,3.171162325391826,0.19447052318262567
6174,0.1456373806515451,5,28,5,263292,342318,25312,82644,3.1709029604653747,0.19447385883914325
6175,0.1456376261026551,0,7,0,263299,342311,25312,82644,3.170838119233762,0.19447706227718228
6176,0.1456406577932317,0,4,0,263303,342307,25312,82644,3.1708010671014115,0.19447889286058864
6177,0.1456412184317599,3,34,3,263337,342273,25315,82641,3.170486123976435,0.1944887671387622
6178,0.1456421464539898,1,9,1,263346,342264,25316,82640,3.170402756678647,0.19449099090618116
6179,0.1456426001184081,0,7,0,263353,342257,25316,82640,3.170337915447034,0.19449419506374485
6180,0.1456466256518838,1,16,1,263369,342241,25317,82639,3.170189706917633,0.19449962342308416
6181,0.1456503510973425,0,1,0,263370,342240,25317,82639,3.1701804438845453,0.1945000811995886
6182,0.1456509791218983,0,13,0,263383,342227,25317,82639,3.1700600244544073,0.19450603249024398
6183,0.1456521949241166,2,3,2,263386,342224,25319,82637,3.1700322353551447,0.19450361412320735
6184,0.1456530510923175,0,4,0,263390,342220,25319,82637,3.1699951832227944,0.1945054453616158
6185,0.1456534789653216,1,0,1,263390,342220,25320,82636,3.1699951832227944,0.1945035494379272
6186,0.1456541979272869,6,24,6,263414,342196,25326,82630,3.169772870428693,0.19450316129427106
6187,0.1456550940747567,0,2,0,263416,342194,25326,82630,3.1697543443625182,0.19450407698246802
6188,0.1456584861460702,3,8,3,263424,342186,25329,82627,3.1696802400978177,0.19450205149089128
6189,0.1456590069349674,0,1,0,263425,342185,25329,82627,3.16967097706473,0.1945025093453104
6190,0.1456631358925705,1,10,1,263435,342175,25330,82626,3.1695783467338545,0.19450519184276874
6191,0.1456657779936997,2,20,2,263455,342155,25332,82624,3.1693930860721036,0.19451055725447822
6192,0.1456694289461982,0,1,0,263456,342154,25332,82624,3.169383823039016,0.19451101516556885
6193,0.1456711739414307,4,26,4,263482,342128,25336,82620,3.1691429841787393,0.1945153361522597
6194,0.1456721802140309,1,5,1,263487,342123,25337,82619,3.169096669013302,0.19451572954876137
6195,0.1456727271112287,0,1,0,263488,342122,25337,82619,3.169087405980214,0.19451618751191904
6196,0.1456779636431658,2,8,2,263496,342114,25339,82617,3.1690133017155135,0.19451605839931627
6197,0.1456795118216755,6,25,6,263521,342089,25345,82611,3.168781725888325,0.19451612903225807
6198,0.1456801741158513,10,79,10,263600,342010,25355,82601,3.168049946274408,0.19453334934799146
6199,0.1456813144289878,3,18,3,263618,341992,25358,82598,3.167883211678832,0.19453590522621825
6200,0.1456823253776845,0,1,0,263619,341991,25358,82598,3.1678739486457443,0.19453636340084177
6201,0.145683591105174,0,3,0,263622,341988,25358,82598,3.1678461595464817,0.19453773793766163
6202,0.1456859683961223,12,99,12,263721,341889,25370,82586,3.166929119270814,0.1945603392425938
6203,0.1456874297314888,1,6,1,263727,341883,25371,82585,3.1668735410722886,0.1945611918919683
6204,0.1456878059170819,6,27,6,263754,341856,25377,82579,3.1666234391789247,0.19456218266636824
6205,0.1456904475940163,16,83,16,263837,341773,25393,82563,3.165854607432658,0.19456986916028807
6206,0.1456919089293829,2,10,2,263847,341763,25395,82561,3.1657619771017824,0.19457065827056683
6207,0.1456933999420739,1,0,1,263847,341763,25396,82560,3.1657619771017824,0.19456876011906024
6208,0.1456970480844505,0,4,0,263851,341759,25396,82560,3.165724924969432,0.1945705942934443
6209,0.145697348726607,1,3,1,263854,341756,25397,82559,3.1656971358701695,0.19457007176272345
6210,0.1456997701208715,0,7,0,263861,341749,25397,82559,3.1656322946385567,0.19457328167274715
6211,0.1457007933954201,40,267,40,264128,341482,25437,82519,3.1631590648041796,0.19461982400984904
6212,0.1457021140361191,7,41,7,264169,341441,25444,82512,3.1627792804475896,0.19462534762108064
6213,0.1457051353885831,1,9,1,264178,341432,25445,82511,3.162695913149802,0.194627579651038
6214,0.1457081395168257,2,27,2,264205,341405,25447,82509,3.162445811256438,0.19463617620555113
6215,0.1457104580954406,4,16,4,264221,341389,25451,82505,3.162297602727037,0.19463592313172634
6216,0.1457195702896083,3,34,3,264255,341355,25454,82502,3.16198265960206,0.1946458357417714
6217,0.1457202569320758,4,38,4,264293,341317,25458,82498,3.161630664344733,0.19465568703325745
6218,0.1457203927486114,0,1,0,264294,341316,25458,82498,3.1616214013116455,0.19465614632834216
6219,0.1457236615608083,0,1,0,264295,341315,25458,82498,3.161612138278558,0.1946566056255943
6220,0.1457251389717087,4,37,4,264332,341278,25462,82494,3.1612694060543185,0.19466599964131656
6221,0.1457258254256302,0,1,0,264333,341277,25462,82494,3.161260143021231,0.19466645900734122
6222,0.1457259434560349,0,1,0,264334,341276,25462,82494,3.161250879988143,0.1946669183755339
6223,0.1457263007861745,0,1,0,264335,341275,25462,82494,3.161241616955056,0.19466737774589457
6224,0.1457266548099,5,16,5,264351,341259,25467,82489,3.161093408425655,0.1946652255585867
6225,0.1457272771300316,0,11,0,264362,341248,25467,82489,3.1609915150616916,0.1946702789702103
6226,0.1457293685891384,0,4,0,264366,341244,25467,82489,3.160954462929342,0.1946721166394876
6227,0.1457300468812134,4,34,4,264400,341210,25471,82485,3.1606395198043646,0.1946801354748109
6228,0.1457337099252563,16,64,16,264464,341146,25487,82469,3.160046685686761,0.19467913081453678
6229,0.1457349756542705,0,1,0,264465,341145,25487,82469,3.160037422653674,0.19467959038180985
6230,0.1457381123490879,2,4,2,264469,341141,25489,82467,3.1600003705213235,0.19467762648486336
6231,0.1457404582486209,0,7,0,264476,341134,25489,82467,3.1599355292897107,0.1946808435296423
6232,0.1457417604914644,0,7,0,264483,341127,25489,82467,3.159870688058098,0.19468406068074617
6233,0.1457468439289586,1,5,1,264488,341122,25490,82466,3.15982437289266,0.19468445753892935
6234,0.1457472111850784,1,16,1,264504,341106,25491,82465,3.159676164363259,0.19468991031019592
6235,0.1457483122458937,2,5,2,264509,341101,25493,82463,3.159629849197821,0.1946884060023987
6236,0.1457495243783091,0,21,0,264530,341080,25493,82463,3.1594353255029826,0.19469805899282955
6237,0.1457496875173522,2,3,2,264533,341077,25495,82461,3.15940753640372,0.19469563533850565
6238,0.1457512186609569,48,340,48,264873,340737,25543,82413,3.1562581051539516,0.19476072314781992
6239,0.1457531832433082,0,1,0,264874,340736,25543,82413,3.156248842120864,0.1947611834129349
6240,0.1457533005034055,10,53,10,264927,340683,25553,82403,3.155757901367224,0.19476654864495635
6241,0.1457538861128278,0,4,0,264931,340679,25553,82403,3.1557208492348736,0.19476839005204666
6242,0.145755403731919,1,11,1,264942,340668,25554,82402,3.1556189558709105,0.19477155080719502
6243,0.1457577797012995,13,47,13,264989,340621,25567,82389,3.1551835933157952,0.19476844519042102
6244,0.1457580110905927,1,8,1,264997,340613,25568,82388,3.1551094890510947,0.1947702251294914
6245,0.1457584764157564,0,1,0,264998,340612,25568,82388,3.1551002260180074,0.19477068557919622
6246,0.1457592696896983,1,0,1,264998,340612,25569,82387,3.1551002260180074,0.19476878195929542
6247,0.1457607614704821,0,3,0,265001,340609,25569,82387,3.155072436918745,0.19477016331123698
6248,0.1457613673367238,6,50,6,265051,340559,25575,82381,3.154609285264367,0.19478176573509245
6249,0.1457614853336372,2,5,2,265056,340554,25577,82379,3.154562970098929,0.19478026070323196
6250,0.1457615974047259,0,8,0,265064,340546,25577,82379,3.154488865834229,0.19478394514393804
6251,0.1457650545078369,2,1,2,265065,340545,25579,82377,3.1544796028011413,0.1947805978407366
6252,0.1457655525858383,0,3,0,265068,340542,25579,82377,3.1544518137018787,0.19478197952799473
6253,0.1457698509656199,0,2,0,265070,340540,25579,82377,3.1544332876357033,0.1947829006637236
6254,0.1457767104560781,1,1,1,265071,340539,25580,82376,3.154424024602616,0.19478145726682666
6255,0.145777124419739,1,18,1,265089,340521,25581,82375,3.15425729000704,0.1947878438197571
6256,0.1457792970808003,6,23,6,265112,340498,25587,82369,3.154044240246026,0.19478701341083604
6257,0.1457796622000723,0,2,0,265114,340496,25587,82369,3.154025714179851,0.19478793468364608
6258,0.1457807632608876,4,6,4,265120,340490,25591,82365,3.153970135981326,0.19478308167102198
6259,0.1457827958788758,0,1,0,265121,340489,25591,82365,3.1539608729482382,0.19478354231011177
6260,0.1457836696759508,27,311,27,265432,340178,25618,82338,3.151080069658009,0.19487546033759667
6261,0.1457869708394455,1,4,1,265436,340174,25619,82337,3.1510430175256587,0.1948753996937358
6262,0.1457888173636752,7,44,7,265480,340130,25626,82330,3.150635444069806,0.1948823557259859
6263,0.1457932965615693,17,96,17,265576,340034,25643,82313,3.149746192893401,0.19489424572685493
6264,0.1457992447381262,1,6,1,265582,340028,25644,82312,3.1496906146948755,0.19489510820665815
6265,0.1458018330327252,7,60,7,265642,339968,25651,82305,3.1491348327096222,0.1949094543103632
6266,0.1458032943680917,0,8,0,265650,339960,25651,82305,3.149060728444922,0.1949131469574793
6267,0.1458062984963343,1,3,1,265653,339957,25652,82304,3.1490329393456595,0.19491262512995516
6268,0.1458081271506912,0,1,0,265654,339956,25652,82304,3.149023676312572,0.19491308672381943
6269,0.1458095648712221,0,1,0,265655,339955,25652,82304,3.149014413279484,0.19491354831987004
6270,0.1458104246345118,4,10,4,265665,339945,25656,82300,3.1489217829486087,0.19491053772099137
6271,0.145810889163637,6,23,6,265688,339922,25662,82294,3.148708733187595,0.19490971445894992
6272,0.1458117583085086,13,65,13,265753,339857,25675,82281,3.148106636036904,0.19491493303137836
6273,0.1458162380273588,0,2,0,265755,339855,25675,82281,3.148088109970729,0.19491585650122237
6274,0.1458176386664122,0,7,0,265762,339848,25675,82281,3.148023268739116,0.19491908871458724
6275,0.145818620292752,0,1,0,265763,339847,25675,82281,3.1480140057060284,0.19491955046810447
6276,0.1458194568327474,0,1,0,265764,339846,25675,82281,3.1480047426729407,0.19492001222380942
6277,0.1458197636374404,1,5,1,265769,339841,25676,82280,3.147958427507503,0.19492041381499617
6278,0.145821121850568,0,2,0,265771,339839,25676,82280,3.147939901441328,0.19492133734799902
6279,0.1458219760191576,0,5,0,265776,339834,25676,82280,3.1478935862758903,0.194923646218794
6280,0.1458226641644851,2,3,2,265779,339831,25678,82278,3.1478657971766277,0.1949212170316198
6281,0.1458242428353344,6,30,6,265809,339801,25684,82272,3.147587906184001,0.19492362695552665
6282,0.1458264523485159,25,250,25,266059,339551,25709,82247,3.145272147912112,0.19499144140086014
6283,0.1458278634402702,0,4,0,266063,339547,25709,82247,3.1452350957797623,0.19499329056364006
6284,0.1458300182853503,2,12,2,266075,339535,25711,82245,3.1451239393827115,0.19499502110104794
6285,0.1458305651825481,1,0,1,266075,339535,25712,82244,3.1451239393827115,0.19499311250678672
6286,0.1458305865289896,41,323,41,266398,339212,25753,82203,3.1421319796954315,0.19506424783170984
6287,0.14583093154641,38,238,38,266636,338974,25791,82165,3.1399273778205936,0.19510185473204808
6288,0.1458311594205486,0,1,0,266637,338973,25791,82165,3.139918114787506,0.19510231800502448
6289,0.1458331581398692,6,41,6,266678,338932,25797,82159,3.1395383304309163,0.1951098456153183
6290,0.1458356019381348,1,4,1,266682,338928,25798,82158,3.139501278298566,0.19510978754933672
6291,0.1458383892815715,0,2,0,266684,338926,25798,82158,3.139482752232391,0.19511071425178825
6292,0.1458421154204112,0,1,0,266685,338925,25798,82158,3.1394734891993035,0.19511117760631513
6293,0.145843311523677,9,50,9,266735,338875,25807,82149,3.1390103375449256,0.19511714296572166
6294,0.1458460448998265,1,22,1,266757,338853,25808,82148,3.1388065508169993,0.1951254272555172
6295,0.1458503835833206,6,59,6,266816,338794,25814,82142,3.1382600318648337,0.1951413041412471
6296,0.1458511422506007,1,7,1,266823,338787,25815,82141,3.138195190633221,0.1951426372206173
6297,0.1458519467349269,1,2,1,266825,338785,25816,82140,3.138176664567046,0.19514165231335748
6298,0.1458551151794789,1,3,1,266828,338782,25817,82139,3.1381488754677833,0.19514113099607766
6299,0.1458566929580242,0,1,0,266829,338781,25817,82139,3.1381396124346956,0.1951415946022997
6300,0.1458607146049784,0,1,0,266830,338780,25817,82139,3.138130349401608,0.19514205821072464
6301,0.1458615114563133,3,0,3,266830,338780,25820,82136,3.138130349401608,0.19513632173640347
6302,0.1458616055982159,12,118,12,266948,338662,25832,82124,3.1370373114972767,0.1951680901931148
6303,0.1458641994826895,5,10,5,266958,338652,25837,82119,3.1369446811664012,0.19516316476183007
6304,0.1458650760687914,1,7,1,266965,338645,25838,82118,3.1368798399347884,0.19516449877959802
6305,0.1458658881303088,1,1,1,266966,338644,25839,82117,3.1368705769017007,0.19516304980737284
6306,0.1458673166325924,6,60,6,267026,338584,25845,82111,3.1363147949164474,0.19517940550755297
6307,0.1458691651400084,4,32,4,267058,338552,25849,82107,3.1360183778576456,0.195186600072743
6308,0.1458717958304865,18,103,18,267161,338449,25867,82089,3.135064285449628,0.19519995814884744
6309,0.1458724840401774,0,9,0,267170,338440,25867,82089,3.1349809181518395,0.19520413574331377
6310,0.1458808672050012,2,2,2,267172,338438,25869,82087,3.1349623920856646,0.19520123654955115
6311,0.1458814057597447,0,2,0,267174,338436,25869,82087,3.1349438660194893,0.19520216492320278
6312,0.1458820472304758,0,2,0,267176,338434,25869,82087,3.1349253399533143,0.19520309330568508
6313,0.1458860769083601,6,31,6,267207,338403,25875,82081,3.1346381859276002,0.1952060007039507
6314,0.1458901810278952,2,5,2,267212,338398,25877,82079,3.1345918707621623,0.1952044939437829
6315,0.1458923552061799,0,1,0,267213,338397,25877,82079,3.1345826077290746,0.19520495819024153
6316,0.1458925360354921,0,1,0,267214,338396,25877,82079,3.1345733446959874,0.19520542243890837
6317,0.145892657708696,0,2,0,267216,338394,25877,82079,3.134554818629812,0.19520635094286673
6318,0.1458931656199723,2,1,2,267217,338393,25879,82077,3.1345455555967248,0.19520298713344592
6319,0.1458933015853912,0,1,0,267218,338392,25879,82077,3.134536292563637,0.1952034513840497
6320,0.1458937844557991,6,60,6,267278,338332,25885,82071,3.133980510578384,0.1952198247871685
6321,0.1458962080004544,13,68,13,267346,338264,25898,82058,3.13335062432843,0.19522651681330028
6322,0.1458982636536931,15,108,15,267454,338156,25913,82043,3.132350216754974,0.1952479658447545
6323,0.1459018020254465,2,5,2,267459,338151,25915,82041,3.1323039015895366,0.19524645876170893
6324,0.1459025706394283,1,4,1,267463,338147,25916,82040,3.1322668494571864,0.195246402197117
6325,0.1459029030862618,0,1,0,267464,338146,25916,82040,3.1322575864240987,0.19524686686372225
6326,0.1459046820002781,9,40,9,267504,338106,25925,82031,3.1318870651005963,0.19524821665313932
6327,0.145905450167823,0,1,0,267505,338105,25925,82031,3.131877802067509,0.19524868137936288
6328,0.1459064571976345,4,24,4,267529,338081,25929,82027,3.131655489273408,0.19525217325068792
6329,0.1459065512286383,0,1,0,267530,338080,25929,82027,3.13164622624032,0.19525263801840959
6330,0.145906616981326,0,1,0,267531,338079,25929,82027,3.1316369632072325,0.1952531027883439
6331,0.1459078739217282,2,19,2,267550,338060,25931,82025,3.1314609655785692,0.19525810252686956
6332,0.1459090481431456,0,3,0,267553,338057,25931,82025,3.131433176479306,0.19525949695535633
6333,0.1459094576437015,28,154,28,267707,337903,25959,81997,3.130006669383823,0.19527744701119315
6334,0.1459111385747249,28,240,28,267947,337663,25987,81969,3.12778354144281,0.1953354367636405
6335,0.1459138243497772,0,7,0,267954,337656,25987,81969,3.1277187002111972,0.19533869526362824
6336,0.145915617772619,45,237,45,268191,337419,26032,81924,3.1255233613694466,0.19536274600982967
6337,0.1459156405990255,2,7,2,268198,337412,26034,81922,3.1254585201378338,0.19536216953550153
6338,0.145918527923354,8,43,8,268241,337369,26042,81914,3.1250602097150693,0.19536685246003296
6339,0.1459189056514542,1,3,1,268244,337366,26043,81913,3.1250324206158067,0.1953663312495975
6340,0.14592792710164,7,40,7,268284,337326,26050,81906,3.1246618992923043,0.19537153652392947
6341,0.1459286590154483,4,67,4,268351,337259,26054,81902,3.124041276075438,0.19539508685206877
6342,0.1459343113240318,0,1,0,268352,337258,26054,81902,3.1240320130423505,0.19539555301078348
6343,0.1459346848009607,5,25,5,268377,337233,26059,81897,3.1238004372151615,0.19539760933361963
6344,0.1459349494388227,0,2,0,268379,337231,26059,81897,3.1237819111489866,0.19539854173426732
6345,0.1459356282740433,1,4,1,268383,337227,26060,81896,3.1237448590166363,0.1953984868403786
6346,0.1459364279134039,6,15,6,268398,337212,26066,81890,3.123605913520323,0.19539396137455797
6347,0.1459366368039346,13,46,13,268444,337166,26079,81877,3.123179813998296,0.19539044919017856
6348,0.1459371351521197,2,50,2,268494,337116,26081,81875,3.122716662343918,0.1954099252728579
6349,0.1459396811370067,0,1,0,268495,337115,26081,81875,3.1227073993108303,0.19541039165612545
6350,0.1459411741365011,3,58,3,268553,337057,26084,81872,3.1221701433917524,0.19543168412785938
6351,0.1459423169851188,10,130,10,268683,336927,26094,81862,3.1209659490903703,0.19547313802416014
6352,0.1459427029638303,0,1,0,268684,336926,26094,81862,3.1209566860572826,0.19547360478332712
6353,0.145946256852383,0,2,0,268686,336924,26094,81862,3.1209381599911077,0.1954745383083484
6354,0.145948242570493,13,77,13,268763,336847,26107,81849,3.120224906443366,0.19548550738483292
6355,0.1459516146170321,0,1,0,268764,336846,26107,81849,3.1202156434102783,0.1954859742772185
6356,0.1459532579796382,1,3,1,268767,336843,26108,81848,3.1201878543110158,0.19548545347284751
6357,0.1459543277630583,72,503,72,269270,336340,26180,81776,3.115528548667976,0.19558208726764822
6358,0.1459567143292663,1,10,1,269280,336330,26181,81775,3.1154359183371003,0.19558484112842467
6359,0.1459573533687009,1,1,1,269281,336329,26182,81774,3.1154266553040126,0.1955833849553818
6360,0.1459588585050314,18,79,18,269360,336250,26200,81756,3.114694875690096,0.1955857092960388
6361,0.1459593431722035,0,7,0,269367,336243,26200,81756,3.114630034458483,0.19558898466264274
6362,0.1459596207443295,116,823,116,270190,335420,26316,81640,3.1070065582274258,0.19575121085695105
6363,0.14596224742651,1,3,1,270193,335417,26317,81639,3.106978769128163,0.19575069055474564
6364,0.1459645070090842,3,7,3,270200,335410,26320,81636,3.1069139278965503,0.19574819084705283
6365,0.1459654466523345,1,11,1,270211,335399,26321,81635,3.106812034532587,0.19575142554324107
6366,0.1459657552668639,0,2,0,270213,335397,26321,81635,3.1067935084664122,0.1957523643269581
6367,0.1459719675128781,0,3,0,270216,335394,26321,81635,3.1067657193671496,0.1957537725194171
6368,0.1459734896362955,1,0,1,270216,335394,26322,81634,3.1067657193671496,0.19575184400088244
6369,0.1459755401877753,0,1,0,270217,335393,26322,81634,3.106756456334062,0.1957523133993722
6370,0.1459770172139691,0,6,0,270223,335387,26322,81634,3.1067008781355367,0.1957551298375861
6371,0.1459809031472297,0,3,0,270226,335384,26322,81634,3.106673089036274,0.19575653808708496
6372,0.1459822078780314,0,2,0,270228,335382,26322,81634,3.106654562970099,0.19575747693134077
6373,0.1459826962369162,2,16,2,270244,335366,26324,81632,3.106506354440698,0.19576113074882853
6374,0.1459831812691953,2,35,2,270279,335331,26326,81630,3.1061821482826337,0.19577370545446696
6375,0.1459844985863991,0,4,0,270283,335327,26326,81630,3.1061450961502834,0.19577558357336608
6376,0.1459891653442601,1,4,1,270287,335323,26327,81629,3.106108044017933,0.19577553291505978
6377,0.145989474322823,0,1,0,270288,335322,26327,81629,3.1060987809848455,0.19577600245592408
6378,0.1459898043836948,0,2,0,270290,335320,26327,81629,3.1060802549186706,0.1957769415444095
6379,0.1459920717593233,97,686,97,270976,334634,26424,81532,3.0997258142206086,0.1959122081092641
6380,0.1459923551002052,17,125,17,271101,334509,26441,81515,3.098567935084664,0.19593821510297482
6381,0.1459931595845315,2,17,2,271118,334492,26443,81513,3.0984104635221756,0.19594235646206176
6382,0.1459972052694597,3,10,3,271128,334482,26446,81510,3.0983178331913,0.19594126810130963
6383,0.1459994534654514,0,4,0,271132,334478,26446,81510,3.09828078105895,0.19594315220631364
6384,0.1459994878367832,42,319,42,271451,334159,26488,81468,3.09532587350402,0.19601228986567282
6385,0.1460002235988885,0,2,0,271453,334157,26488,81468,3.095307347437845,0.19601323308270677
6386,0.1460021669280088,0,5,0,271458,334152,26488,81468,3.0952610322724072,0.1960155911650065
6387,0.1460058720591751,8,28,8,271486,334124,26496,81460,3.0950016673459557,0.196013321013321
6388,0.1460075132277554,1,1,1,271487,334123,26497,81459,3.094992404312868,0.19601185806892502
6389,0.1460082198427828,0,1,0,271488,334122,26497,81459,3.094983141279781,0.19601232972633495
6390,0.146009649092402,12,49,12,271537,334073,26509,81447,3.0945292526584907,0.19601222564497497
6391,0.1460191659794376,30,208,30,271745,333865,26539,81417,3.0926025417762792,0.1960523210733911
6392,0.146020766112576,6,8,6,271753,333857,26545,81411,3.0925284375115787,0.19604448211757228
6393,0.1460241623154837,2,0,2,271753,333857,26547,81409,3.0925284375115787,0.19604061011496246
6394,0.1460253907162235,12,84,12,271837,333773,26559,81397,3.091750342732224,0.19605703687646026
6395,0.1460270032113278,20,142,20,271979,333631,26579,81377,3.0904349920337917,0.19608537666743775
6396,0.1460346179430027,0,3,0,271982,333628,26579,81377,3.090407202934529,0.19608679413501043
6397,0.146043473592972,0,1,0,271983,333627,26579,81377,3.0903979399014414,0.1960872666287554
6398,0.1460443158911047,2,16,2,271999,333611,26581,81375,3.0902497313720403,0.19609095246586633
6399,0.1460473924839318,0,2,0,272001,333609,26581,81375,3.0902312053058654,0.1960918975189405
6400,0.1460475231895605,0,1,0,272002,333608,26581,81375,3.0902219422727777,0.19609237004889357
6401,0.1460499278308114,10,37,10,272039,333571,26591,81365,3.0898792100485384,0.19609048142364124
6402,0.1460508247400246,2,5,2,272044,333566,26593,81363,3.0898328948831004,0.19608896943814483
6403,0.1460516225271185,61,487,61,272531,333079,26654,81302,3.0853217977694616,0.19620108064800268
6404,0.1460532171275698,1,14,1,272545,333065,26655,81301,3.085192115306236,0.19620576977840845
6405,0.146054446983199,8,38,8,272583,333027,26663,81293,3.084840120048909,0.19620824483491023
6406,0.1460557353611508,0,4,0,272587,333023,26663,81293,3.0848030679165586,0.19621013912086427
6407,0.1460561017250126,66,437,66,273024,332586,26729,81227,3.0807551224572975,0.19628914509693993
6408,0.1460584064136473,5,8,5,273032,332578,26734,81222,3.080681018192597,0.19628322861285646
6409,0.1460592588098742,106,705,106,273737,331873,26840,81116,3.0741505798658713,0.1964120109736579
6410,0.1460604087107477,5,60,5,273797,331813,26845,81111,3.073594797880618,0.19643082019935873
6411,0.1460613151206376,5,54,5,273851,331759,26850,81106,3.0730945940938903,0.196446780424594
6412,0.1460636363427636,0,7,0,273858,331752,26850,81106,3.0730297528622774,0.19645011117623978
6413,0.1460642742190195,1,17,1,273875,331735,26851,81105,3.0728722812997886,0.19645625423893034
6414,0.1460654343029499,1,38,1,273913,331697,26852,81104,3.0725202860424616,0.1964723922664916
6415,0.1460671774153931,10,46,10,273959,331651,26862,81094,3.072094186520434,0.19647482101539693
6416,0.1460702844722044,0,1,0,273960,331650,26862,81094,3.072084923487347,0.19647529703641967
6417,0.1460719838045616,15,118,15,274078,331532,26877,81079,3.070991885583015,0.19650227453945726
6418,0.1460726166911722,1,16,1,274094,331516,26878,81078,3.0708436770536145,0.19650794727989257
6419,0.1460736448746594,2,3,2,274097,331513,26880,81076,3.070815887954352,0.196505481241623
6420,0.1460740272166923,0,1,0,274098,331512,26880,81076,3.070806624921264,0.19650595751694183
6421,0.1460752426083961,2,7,2,274105,331505,26882,81074,3.0707417836896513,0.19650539654223798
6422,0.1460769992137068,0,16,0,274121,331489,26882,81074,3.0705935751602507,0.1965130174058265
6423,0.1460770958890663,3,16,3,274137,331473,26885,81071,3.0704453666308495,0.19651479599751784
6424,0.1460776407630084,33,233,33,274370,331240,26918,81038,3.0682870799214497,0.19656154342458243
6425,0.1460785064145863,0,6,0,274376,331234,26918,81038,3.068231501722924,0.19656440408274148
6426,0.1460790739628986,2,22,2,274398,331212,26920,81036,3.068027714994998,0.1965709960994353
6427,0.1460799742045543,0,1,0,274399,331211,26920,81036,3.0680184519619105,0.19657147292763805
6428,0.1460824206291618,2,2,2,274401,331209,26922,81034,3.067999925895735,0.19656852875609773
6429,0.1460866816349159,0,3,0,274404,331206,26922,81034,3.0679721367964725,0.19656995924704057
6430,0.1460906547320087,1,0,1,274404,331206,26923,81033,3.0679721367964725,0.1965680103047019
6431,0.1460910583089115,0,1,0,274405,331205,26923,81033,3.0679628737633853,0.1965684871360719
6432,0.1460945286163219,0,2,0,274407,331203,26923,81033,3.06794434769721,0.19656944080575203
6433,0.1461005410351497,0,4,0,274411,331199,26923,81033,3.0679072955648596,0.19657134817287353
6434,0.1461049734904574,0,2,0,274413,331197,26923,81033,3.0678887694986847,0.1965723018703151
6435,0.1461072174090784,4,2,4,274415,331195,26927,81029,3.0678702434325094,0.19656545955596957
6436,0.1461094526883515,0,5,0,274420,331190,26927,81029,3.067823928267072,0.1965678437917709
6437,0.1461100780406293,0,4,0,274424,331186,26927,81029,3.0677868761347216,0.19656975122205644
6438,0.1461109359334355,3,11,3,274435,331175,26930,81026,3.0676849827707584,0.1965691495168619
6439,0.1461113051696343,1,5,1,274440,331170,26931,81025,3.067638667605321,0.19656958478390082
6440,0.1461133214362207,1,8,1,274448,331162,26932,81024,3.0675645633406203,0.19657145075281549
6441,0.1461149533120108,0,5,0,274453,331157,26932,81024,3.0675182481751824,0.19657383528110223
6442,0.1461155042418069,0,1,0,274454,331156,26932,81024,3.067508985142095,0.19657431219370178
6443,0.1461155923514455,0,2,0,274456,331154,26932,81024,3.0674904590759198,0.19657526602584321
6444,0.1461166965763509,21,140,21,274596,331014,26953,81003,3.066193634443662,0.1966011111192014
6445,0.1461168689040961,0,12,0,274608,331002,26953,81003,3.0660824780466114,0.1966068372956639
6446,0.1461175253847826,1,0,1,274608,331002,26954,81002,3.0660824780466114,0.19660488733119097
6447,0.146117859727074,66,429,66,275037,330573,27020,80936,3.062108636852051,0.19668099604139885
6448,0.1461204864092546,0,4,0,275041,330569,27020,80936,3.0620715847197006,0.19668290786260192
6449,0.1461217811507217,3,3,3,275044,330566,27023,80933,3.062043795620438,0.19667848524540765
6450,0.1461220045826766,0,4,0,275048,330562,27023,80933,3.0620067434880878,0.1966803970886645
6451,0.1461222989341076,2,14,2,275062,330548,27025,80931,3.061877061024862,0.19668318431803325
6452,0.1461235933381833,0,1,0,275063,330547,27025,80931,3.0618677979917743,0.19668366231001413
6453,0.1461239030218482,0,1,0,275064,330546,27025,80931,3.0618585349586867,0.19668414030431836
6454,0.1461239090865207,3,25,3,275089,330521,27028,80928,3.061626959131498,0.1966902337835309
6455,0.1461262603486158,1,11,1,275100,330510,27029,80927,3.061525065767535,0.19669353995873
6456,0.1461279547714489,1,10,1,275110,330500,27030,80926,3.0614324354366595,0.19669636824119038
6457,0.1461328758557808,86,467,86,275577,330033,27116,80840,3.0571065989847717,0.19675179435007897
6458,0.1461345170243612,7,70,7,275647,329963,27123,80833,3.056458186668643,0.1967716336088959
6459,0.1461356571892368,0,2,0,275649,329961,27123,80833,3.0564396606024675,0.19677259161526214
6460,0.1461371793126541,0,1,0,275650,329960,27123,80833,3.0564303975693803,0.1967730706219434
6461,0.1461391545325959,3,16,3,275666,329944,27126,80830,3.056282189039979,0.19677486890601645
6462,0.1461394934721792,0,2,0,275668,329942,27126,80830,3.0562636629738043,0.1967758269794436
6463,0.146140901246753,1,3,1,275671,329939,27127,80829,3.0562358738745417,0.1967753086900635
6464,0.1461413593239755,0,3,0,275674,329936,27127,80829,3.0562080847752786,0.19677674582790647
6465,0.1461427898155934,0,1,0,275675,329935,27127,80829,3.0561988217421914,0.19677722487851906
6466,0.1461433869484294,1,10,1,275685,329925,27128,80828,3.056106191411316,0.1967800600360801
6467,0.1461449419129705,0,1,0,275686,329924,27128,80828,3.056096928378228,0.19678053910875662
6468,0.1461458385218695,0,8,0,275694,329916,27128,80828,3.0560228241135277,0.19678437177414643
6469,0.1461471562675063,1,13,1,275707,329903,27129,80827,3.0559024046833896,0.1967886446083802
6470,0.1461492169050909,4,4,4,275711,329899,27133,80823,3.0558653525510393,0.19678273868942983
6471,0.1461499154814269,48,327,48,276038,329572,27181,80775,3.052836340731409,0.19684559653171585
6472,0.1461507199657531,4,33,4,276071,329539,27185,80771,3.05253066063952,0.1968535984986961
6473,0.1461508420502138,0,1,0,276072,329538,27185,80771,3.0525213976064323,0.19685407826784204
6474,0.1461545396119485,0,1,0,276073,329537,27185,80771,3.0525121345733446,0.19685455803932655
6475,0.1461547499491014,1,3,1,276076,329534,27186,80770,3.052484345474082,0.19685403993136796
6476,0.1461547656506814,7,19,7,276095,329515,27193,80763,3.0523083478454187,0.1968494532975202
6477,0.1461553212481078,0,5,0,276100,329510,27193,80763,3.0522620326799808,0.1968518523032225
6478,0.1461555962291612,0,3,0,276103,329507,27193,80763,3.052234243580718,0.19685329173471128
6479,0.1461585676902564,2,9,2,276112,329498,27195,80761,3.05215087628293,0.1968536948610512
6480,0.1461604059107534,0,6,0,276118,329492,27195,80761,3.0520952980844047,0.1968565738702703
6481,0.1461624641749202,1,0,1,276118,329492,27196,80760,3.0520952980844047,0.19685461618712402
6482,0.1461657554520734,5,14,5,276132,329478,27201,80755,3.051965615621179,0.19685154534130603
6483,0.1461658566043674,0,8,0,276140,329470,27201,80755,3.0518915113564784,0.1968553842403559
6484,0.1461674871637214,40,273,40,276413,329197,27241,80715,3.049362703323576,0.19690811686410742
6485,0.1461736773556902,1,3,1,276416,329194,27242,80714,3.0493349142243136,0.19690759877826244
6486,0.1461746662266415,0,18,0,276434,329176,27242,80714,3.0491681796287375,0.1969162458220498
6487,0.1461767847956347,0,3,0,276437,329173,27242,80714,3.049140390529475,0.19691768706985097
6488,0.1461790050953205,2,19,2,276456,329154,27244,80712,3.0489643929008112,0.19692289675162125
6489,0.1461796072825002,0,1,0,276457,329153,27244,80712,3.048955129867724,0.196923377209569
6490,0.146181891719668,1,0,1,276457,329153,27245,80711,3.048955129867724,0.1969214178361603
6491,0.1461830000439429,201,1238,201,277695,327915,27446,80510,3.037487494905332,0.1971230948154496
6492,0.1461830049326355,1,3,1,277698,327912,27447,80509,3.0374597058060693,0.19712257694878568
6493,0.1461837783354859,0,1,0,277699,327911,27447,80509,3.0374504427729816,0.19712305959551443
6494,0.1461874761627939,1,7,1,277706,327904,27448,80508,3.0373856015413687,0.197124472346552
6495,0.1461880154530881,11,50,11,277756,327854,27459,80497,3.036922449886991,0.1971269814448844
6496,0.1461884813277751,0,7,0,277763,327847,27459,80497,3.036857608655378,0.19713036067629253
6497,0.1461898496393283,0,24,0,277787,327823,27459,80497,3.036635295861277,0.19714194749216302
6498,0.1461898918532952,0,4,0,277791,327819,27459,80497,3.0365982437289265,0.1971438787605678
6499,0.1461909254454665,0,2,0,277793,327817,27459,80497,3.0365797176627516,0.19714484440895977
6500,0.1461920222275825,2,3,2,277796,327814,27461,80495,3.036551928563489,0.19714236032024765
6501,0.1461943171648808,0,3,0,277799,327811,27461,80495,3.036524139464226,0.19714380881005913
6502,0.1461954637569915,8,38,8,277837,327773,27469,80487,3.036172144206899,0.19714642629696763
6503,0.1461982064670673,0,4,0,277841,327769,27469,80487,3.0361350920745487,0.19714835789308668
6504,0.1461983076193613,0,4,0,277845,327765,27469,80487,3.036098039942199,0.19715028952705682
6505,0.1462010339741937,0,7,0,277852,327758,27469,80487,3.036033198710586,0.197153669977587
6506,0.1462020926071005,0,7,0,277859,327751,27469,80487,3.035968357478973,0.1971570505440454
6507,0.1462060777595044,99,723,99,278582,327028,27568,80388,3.0292711845566713,0.19731183851395134
6508,0.1462071172416353,1,13,1,278595,327015,27569,80387,3.0291507651265333,0.19731616437818175
6509,0.1462073506466782,0,2,0,278597,327013,27569,80387,3.029132239060358,0.1973171330387825
6510,0.1462083902649976,68,426,68,279023,326587,27637,80319,3.02518618696506,0.1973895690896669
6511,0.1462085455526825,0,1,0,279024,326586,27637,80319,3.0251769239319724,0.19739005418955285
6512,0.1462087324984325,0,1,0,279025,326585,27637,80319,3.0251676608988847,0.19739053929182312
6513,0.1462105690113814,3,50,3,279075,326535,27640,80316,3.024704509244507,0.1974088794177721
6514,0.1462119264738586,0,2,0,279077,326533,27640,80316,3.024685983178332,0.19740984984601168
6515,0.1462124619818963,12,118,12,279195,326415,27652,80304,3.0235929452740007,0.19744344375354975
6516,0.1462129101865951,0,3,0,279198,326412,27652,80304,3.0235651561747376,0.19744490012686985
6517,0.1462131006435659,5,23,5,279221,326389,27657,80299,3.023352106413724,0.1974461995436305
6518,0.1462137373197045,0,1,0,279222,326388,27657,80299,3.0233428433806364,0.19744668504279705
6519,0.1462151867362719,0,3,0,279225,326385,27657,80299,3.023315054281374,0.19744814155462226
6520,0.1462175798414599,8,36,8,279261,326349,27665,80291,3.0229815850902217,0.19744983277591974
6521,0.1462208381270603,2,2,2,279263,326347,27667,80289,3.022963059024047,0.19744685664820627
6522,0.1462225758665911,0,1,0,279264,326346,27667,80289,3.022953795990959,0.19744734221107382
6523,0.1462291681959485,17,142,17,279406,326204,27684,80272,3.0216384452925267,0.1974827542093506
6524,0.1462304547624917,11,69,11,279475,326135,27695,80261,3.020999296009485,0.19749456195434995
6525,0.1462349339603857,13,70,13,279545,326065,27708,80248,3.0203508836933564,0.19750291031790762
6526,0.1462352011442301,63,469,63,280014,325596,27771,80185,3.0160065211752936,0.19760659074722572
6527,0.1462372167041951,0,3,0,280017,325593,27771,80185,3.015978732076031,0.19760805169329043
6528,0.1462376457873246,1,2,1,280019,325591,27772,80184,3.015960206009856,0.19760704824102027
6529,0.1462380789705165,51,239,51,280258,325352,27823,80133,3.0137463411019305,0.19762260009618113
6530,0.146239428579316,1,13,1,280271,325339,27824,80132,3.013625921671792,0.19762695729164353
6531,0.1462394314650795,0,2,0,280273,325337,27824,80132,3.013607395605617,0.19762793209838483
6532,0.1462430200263752,1,10,1,280283,325327,27825,80131,3.0135147652747416,0.19763082736066373
6533,0.146245914549233,4,13,4,280296,325314,27829,80127,3.0133943458446035,0.19762924815201224
6534,0.1462473758845996,0,3,0,280299,325311,27829,80127,3.0133665567453405,0.19763071049087652
6535,0.1462507312964434,0,1,0,280300,325310,27829,80127,3.0133572937122532,0.19763119794197373
6536,0.1462553854587421,1,3,1,280303,325307,27830,80126,3.0133295046129907,0.1976306812716281
6537,0.1462572239605784,0,5,0,280308,325302,27830,80126,3.0132831894475527,0.19763311858085775
6538,0.1462616192109423,8,91,8,280399,325211,27838,80118,3.0124402534365853,0.19766165263279953
6539,0.1462620527675549,1,3,1,280402,325208,27839,80117,3.0124124643373227,0.1976611361253315
6540,0.1462645436019751,2,9,2,280411,325199,27841,80115,3.0123290970395344,0.19766156609443541
6541,0.1462654967510713,1,2,1,280413,325197,27842,80114,3.0123105709733595,0.197660561889512
6542,0.1462667066868167,0,2,0,280415,325195,27842,80114,3.0122920449071846,0.19766153724689065
6543,0.1462679050433588,18,139,18,280554,325056,27860,80096,3.0110044833080143,0.1976937050785878
6544,0.1462691749161801,0,10,0,280564,325046,27860,80096,3.010911852977139,0.1976985846937617
6545,0.1462705299855104,34,200,34,280764,324846,27894,80062,3.009059246359628,0.1977288668043111
6546,0.1462706840651589,7,32,7,280796,324814,27901,80055,3.008762829300826,0.19773062397960822
6547,0.1462710474584947,0,1,0,280797,324813,27901,80055,3.0087535662677385,0.19773111236254778
6548,0.1462711595075402,7,41,7,280838,324772,27908,80048,3.008373781911149,0.19773726594535843
6549,0.1462769018387462,0,1,0,280839,324771,27908,80048,3.0083645188780612,0.19773775440381997
6550,0.1462771500635795,0,4,0,280843,324767,27908,80048,3.0083274667457114,0.1977397082617986
6551,0.1462785642281592,0,3,0,280846,324764,27908,80048,3.0082996776464483,0.1977411736806221
6552,0.1462788357684782,0,3,0,280849,324761,27908,80048,3.0082718885471857,0.1977426391211658
6553,0.1462805379168522,5,6,5,280855,324755,27913,80043,3.0082163103486605,0.197735660749312
6554,0.1462814694677424,14,96,14,280951,324659,27927,80029,3.007327059172255,0.1977548135847863
6555,0.1462817475895495,0,3,0,280954,324656,27927,80029,3.0072992700729926,0.1977562795754723
6556,0.1462834666825445,0,3,0,280957,324653,27927,80029,3.00727148097373,0.1977577455878937
6557,0.1462841760856132,1,0,1,280957,324653,27928,80028,3.00727148097373,0.19775576318137003
6558,0.1462855151526706,4,35,4,280992,324618,27932,80024,3.0069472748156656,0.19776493789572017
6559,0.1462858947909914,0,2,0,280994,324616,27932,80024,3.0069287487494907,0.19776591538157373
6560,0.1462859886104662,4,10,4,281004,324606,27936,80020,3.006836118418615,0.19776287238091472
6561,0.1462861761280301,2,14,2,281018,324592,27938,80018,3.0067064359553894,0.19776574973431205
6562,0.1462932136769094,0,2,0,281020,324590,27938,80018,3.006687909889214,0.19776672730148687
6563,0.1462977868697749,12,64,12,281084,324526,27950,80006,3.0060950757716105,0.19777421810882698
6564,0.1462990962017638,0,1,0,281085,324525,27950,80006,3.0060858127385233,0.19777470700638516
6565,0.1462991973952949,4,24,4,281109,324501,27954,80002,3.0058634999444216,0.19777850844122294
6566,0.146302266067669,9,68,9,281177,324433,27963,79993,3.005233613694468,0.1977939103816273
6567,0.146302841323191,7,75,7,281252,324358,27970,79986,3.0045388862129014,0.19781671052371247
6568,0.1463028442089546,6,23,6,281275,324335,27976,79980,3.004325836451888,0.19781605926072493
6569,0.1463030384669638,15,38,15,281313,324297,27991,79965,3.003973841194561,0.19780488890867803
6570,0.146303676593189,7,40,7,281353,324257,27998,79958,3.0036033198710586,0.1978105711069604
6571,0.1463053952502509,0,12,0,281365,324245,27998,79958,3.0034921634740077,0.19781644371763693
6572,0.146308053876109,0,2,0,281367,324243,27998,79958,3.003473637407833,0.19781742251998388
6573,0.1463086801215332,0,2,0,281369,324241,27998,79958,3.003455111341658,0.19781840133201714
6574,0.1463108459438649,0,1,0,281370,324240,27998,79958,3.00344584830857,0.19781889074166623
6575,0.1463119286983776,0,1,0,281371,324239,27998,79958,3.0034365852754825,0.19781938015373693
6576,0.1463131593194273,1,11,1,281382,324228,27999,79957,3.0033346919115194,0.1978227791729035
6577,0.1463132466565163,2,10,2,281392,324218,28001,79955,3.003242061580644,0.19782370420587223
6578,0.1463183458059853,0,1,0,281393,324217,28001,79955,3.003232798547556,0.1978241936601249
6579,0.14631843962546,1,2,1,281395,324215,28002,79954,3.0032142724813813,0.19782318782489502
6580,0.1463200245561419,1,5,1,281400,324210,28003,79953,3.0031679573159433,0.19782365035888985
6581,0.1463219491196291,0,4,0,281404,324206,28003,79953,3.0031309051835935,0.19782560823834183
6582,0.1463222284221988,1,3,1,281407,324203,28004,79952,3.0031031160843304,0.19782509185832167
6583,0.146323994434818,2,11,2,281418,324192,28006,79950,3.0030012227203677,0.1978265065249343
6584,0.146324095587112,0,7,0,281425,324185,28006,79950,3.002936381488755,0.1978299330669207
6585,0.1463260439460088,0,5,0,281430,324180,28006,79950,3.002890066323317,0.19783238066958653
6586,0.1463289652801688,1,8,1,281438,324172,28007,79949,3.0028159620586163,0.1978343120006137
6587,0.1463301436690601,0,11,0,281449,324161,28007,79949,3.002714068694653,0.19783969711217242
6588,0.1463314962183434,0,2,0,281451,324159,28007,79949,3.0026955426284783,0.19784067625486257
6589,0.1463329052093861,4,8,4,281459,324151,28011,79945,3.0026214383637777,0.1978366526765917
6590,0.1463346228669542,3,27,3,281486,324124,28014,79942,3.002371336470414,0.19784391658788417
6591,0.1463394657785021,178,1243,178,282729,322881,28192,79764,2.990857386342584,0.1981000633312223
6592,0.1463432969588588,0,3,0,282732,322878,28192,79764,2.990829597243321,0.19810153933270747
6593,0.1463451603334246,2,6,2,282738,322872,28194,79762,2.990774019044796,0.19810050815380717
6594,0.1463455813960266,2,0,2,282738,322872,28196,79760,2.990774019044796,0.19809652486637921
6595,0.1463463193990946,7,44,7,282782,322828,28203,79753,2.990366445588944,0.19810423244017974
6596,0.146348763516786,1,9,1,282791,322819,28204,79752,2.9902830782911556,0.1981066693825437
6597,0.1463495888719051,9,37,9,282828,322782,28213,79743,2.9899403460669163,0.19810694987888952
6598,0.1463524322592299,3,9,3,282837,322773,28216,79740,2.989856978769128,0.19810540280686587
6599,0.1463533078778096,1,2,1,282839,322771,28217,79739,2.989838452702953,0.1981043949218653
6600,0.1463555286369717,0,3,0,282842,322768,28217,79739,2.9898106636036905,0.19810587145068284
6601,0.1463557188519414,0,4,0,282846,322764,28217,79739,2.9897736114713402,0.19810784019001101
6602,0.1463580068412395,0,1,0,282847,322763,28217,79739,2.9897643484382526,0.19810833238095713
6603,0.1463640135576714,0,1,0,282848,322762,28217,79739,2.989755085405165,0.1981088245743489
6604,0.1463659506462193,128,779,128,283627,321983,28345,79611,2.9825391826299605,0.19823752346897613
6605,0.1463662928796542,1,2,1,283629,321981,28346,79610,2.982520656563785,0.1982365142645129
6606,0.1463669229653147,0,9,0,283638,321972,28346,79610,2.9824372892659974,0.19824095701500566
6607,0.146368807994126,3,15,3,283653,321957,28349,79607,2.982298343769684,0.19824237232421232
6608,0.1463693184870488,2,2,2,283655,321955,28351,79605,2.982279817703509,0.198239366470764
6609,0.1463706569369071,1,35,1,283690,321920,28352,79604,2.9819556115454446,0.19825464978432172
6610,0.1463709387148853,25,102,25,283792,321818,28377,79579,2.981010782170514,0.19825509408391193
6611,0.14637425868774,6,50,6,283842,321768,28383,79573,2.9805476305161362,0.198267807176441
6612,0.1463753597485552,1,5,1,283847,321763,28384,79572,2.9805013153506983,0.198268279616779
6613,0.1463754179127794,19,134,19,283981,321629,28403,79553,2.9792600689169664,0.19829653374279005
6614,0.1463796479600021,0,2,0,283983,321627,28403,79553,2.979241542850791,0.1982975223091879
6615,0.1463797097905511,4,6,4,283989,321621,28407,79549,2.979185964652266,0.19829249445372285
6616,0.1463821996434784,0,2,0,283991,321619,28407,79549,2.9791674385860905,0.1982934830295537
6617,0.146383068310014,17,96,17,284087,321523,28424,79532,2.9782781874096855,0.19830696537881337
6618,0.1463863985016266,8,37,8,284124,321486,28432,79524,2.977935455185446,0.19830926909553379
6619,0.146387407178693,4,55,4,284179,321431,28436,79520,2.9774259883656304,0.19832847405293913
6620,0.1463882848360437,6,19,6,284198,321412,28442,79514,2.9772499907369667,0.19832587559799064
6621,0.1463887787252392,1,0,1,284198,321412,28443,79513,2.9772499907369667,0.1983238760366652
6622,0.1463895804675405,7,19,7,284217,321393,28450,79506,2.9770739931083035,0.19831927742398958
6623,0.1463963179532611,22,107,22,284324,321286,28472,79484,2.976082848567935,0.19832821818000348
6624,0.1463964098768545,0,3,0,284327,321283,28472,79484,2.9760550594686723,0.1983297027948908
6625,0.1464067096006758,2,17,2,284344,321266,28474,79482,2.975897587906184,0.19833411520456745
6626,0.1464067097027338,4,28,4,284372,321238,28478,79478,2.9756382229797325,0.19833997145110252
6627,0.1464076513407354,0,23,0,284395,321215,28478,79478,2.975425173218719,0.19835135627525313
6628,0.1464078107635491,1,2,1,284397,321213,28479,79477,2.9754066471525435,0.1983503456537473
6629,0.1464084558250617,1,2,1,284399,321211,28480,79476,2.9753881210863686,0.1983493350171081
6630,0.1464092634157903,0,1,0,284400,321210,28480,79476,2.975378858053281,0.19834983004147885
6631,0.146411161913404,0,7,0,284407,321203,28480,79476,2.975314016821668,0.19835329528126006
6632,0.1464136515063778,11,43,11,284450,321160,28491,79465,2.974915706398903,0.1983525741029641
6633,0.1464141480972281,1,0,1,284450,321160,28492,79464,2.974915706398903,0.19835057310595472
6634,0.1464150620318978,2,16,2,284466,321144,28494,79462,2.9747674978695025,0.19835449294319107
6635,0.1464152925436967,0,1,0,284467,321143,28494,79462,2.9747582348364148,0.1983549880805282
6636,0.1464155193250079,13,84,13,284551,321059,28507,79449,2.9739801400570602,0.19837056937689135
6637,0.1464206945084671,4,9,4,284560,321050,28511,79445,2.9738967727592724,0.19836702081174545
6638,0.1464210343754332,0,3,0,284563,321047,28511,79445,2.97386898366001,0.19836850673671383
6639,0.1464234537831646,5,1,5,284564,321046,28516,79440,2.973859720626922,0.19835899382250566
6640,0.1464242041968984,0,3,0,284567,321043,28516,79440,2.9738319315276596,0.1983604797207372
6641,0.1464245447581361,0,5,0,284572,321038,28516,79440,2.9737856163622216,0.19836295626726064
6642,0.1464257099176123,0,1,0,284573,321037,28516,79440,2.973776353329134,0.1983634515839861
6643,0.1464272627857032,0,7,0,284580,321030,28516,79440,2.973711512097521,0.19836691887032737
6644,0.146432079010779,0,1,0,284581,321029,28516,79440,2.973702249064434,0.19836741420684248
6645,0.1464333367179661,0,2,0,284583,321027,28516,79440,2.9736837229982584,0.1983684048872941
6646,0.14643706018539,6,26,6,284609,321001,28522,79434,2.9734428841379823,0.198369273415161
6647,0.1464377890562866,7,27,7,284636,320974,28529,79427,2.973192782244618,0.19836863544296843
6648,0.1464382708221685,19,92,19,284728,320882,28548,79408,2.9723405832005634,0.1983761772714782
6649,0.1464418265273465,0,9,0,284737,320873,28548,79408,2.972257215902775,0.19838063760208455
6650,0.1464425124577247,0,16,0,284753,320857,28548,79408,2.9721090073733745,0.19838856757398224
6651,0.1464427500200626,25,144,25,284897,320713,28573,79383,2.9707751306087666,0.19840988162840917
6652,0.1464442275932108,3,9,3,284906,320704,28576,79380,2.9706917633109784,0.19840833424980753
6653,0.1464459462985889,1,3,1,284909,320701,28577,79379,2.970663974211716,0.19840781843631275
6654,0.146446008305663,1,15,1,284924,320686,28578,79378,2.9705250287154024,0.1984132538793793
6655,0.1464463057252406,3,27,3,284951,320659,28581,79375,2.9702749268220385,0.19842063424608908
6656,0.146446481053889,191,1178,191,286129,319481,28772,79184,2.9593630738448997,0.1986229039419061
6657,0.1464489346092673,1,6,1,286135,319475,28773,79183,2.9593074956463745,0.19862388312789409
6658,0.1464504621246556,1,2,1,286137,319473,28774,79182,2.959288969580199,0.19862286939835197
6659,0.1464507740581311,1,18,1,286155,319455,28775,79181,2.9591222349846236,0.19862982771249962
6660,0.1464526986216183,0,7,0,286162,319448,28775,79181,2.9590573937530107,0.19863331568952586
6661,0.1464535031059446,0,5,0,286167,319443,28775,79181,2.9590110785875727,0.1986358071766878
6662,0.1464537306089099,1,19,1,286186,319424,28776,79180,2.958835080958909,0.19864326499483195
6663,0.1464556249410944,45,311,45,286497,319113,28821,79135,2.95595427766868,0.19870784034069222
6664,0.1464556375541457,0,1,0,286498,319112,28821,79135,2.955945014635592,0.19870833929696896
6665,0.1464564592795725,1,1,1,286499,319111,28822,79134,2.955935751602505,0.19870682619995228
6666,0.1464578280934426,0,2,0,286501,319109,28822,79134,2.9559172255363295,0.19870782411743584
6667,0.1464590848159266,0,4,0,286505,319105,28822,79134,2.9558801734039792,0.19870981998247284
6668,0.1464592233509281,0,1,0,286506,319104,28822,79134,2.955870910370892,0.19871031895499677
6669,0.1464601041389884,71,357,71,286863,318747,28893,79063,2.952564007558635,0.1987456323370453
6670,0.1464642876043914,0,1,0,286864,318746,28893,79063,2.9525547445255476,0.1987461319376887
6671,0.1464645300257728,0,2,0,286866,318744,28893,79063,2.952536218459372,0.19874713114651074
6672,0.1464690849266095,0,5,0,286871,318739,28893,79063,2.9524899032939347,0.19874962921252282
6673,0.1464708128305888,1,1,1,286872,318738,28894,79062,2.952480640260847,0.19874811463046757
6674,0.1464710847278357,5,42,5,286914,318696,28899,79057,2.9520915928711697,0.19875902884453417
6675,0.1464713677254517,0,5,0,286919,318691,28899,79057,2.9520452777057318,0.19876152739925781
6676,0.1464783973135828,0,2,0,286921,318689,28899,79057,2.952026751639557,0.19876252683873627
6677,0.1464789320688829,159,1009,159,287930,317680,29058,78898,2.942680351254215,0.19894699151238848
6678,0.1464797888034205,0,7,0,287937,317673,29058,78898,2.942615510022602,0.19895050318858415
6679,0.1464799793832764,0,1,0,287938,317672,29058,78898,2.9426062469895142,0.19895100486673223
6680,0.1464827226485472,7,47,7,287985,317625,29065,78891,2.942170884434399,0.19896044548013195
6681,0.1464844471193083,1,5,1,287990,317620,29066,78890,2.9421245692689615,0.1989609341504628
6682,0.1464845790068181,0,1,0,287991,317619,29066,78890,2.942115306235874,0.1989614359320974
6683,0.1464860066886734,0,2,0,287993,317617,29066,78890,2.942096780169699,0.19896243950295958
6684,0.1464868033514882,11,78,11,288071,317539,29077,78879,2.9413742635888696,0.19897936017032528
6685,0.1464880297762503,0,2,0,288073,317537,29077,78879,2.9413557375226946,0.19898036406199548
6686,0.1464903908095204,0,1,0,288074,317536,29077,78879,2.941346474489607,0.19898086601162923
6687,0.1464906641993834,0,5,0,288079,317531,29077,78879,2.941300159324169,0.19898337579778513
6688,0.1464929370035387,8,42,8,288121,317489,29085,78871,2.9409111119344917,0.1989882934705823
6689,0.1464932158828597,5,46,5,288167,317443,29090,78866,2.940485012412464,0.19900128435135211
6690,0.1464945782114026,1,13,1,288180,317430,29091,78865,2.940364592982326,0.19900579114043832
6691,0.146495491754654,4,37,4,288217,317393,29095,78861,2.940021860758087,0.19901628753274414
6692,0.1464998070725418,0,1,0,288218,317392,29095,78861,2.940012597724999,0.19901678977824774
6693,0.1465059408775471,1,16,1,288234,317376,29096,78860,2.939864389195598,0.19902280459120322
6694,0.1465062990790597,1,21,1,288255,317355,29097,78859,2.9396698655007594,0.19903133155315056
6695,0.1465122527841122,3,7,3,288262,317348,29100,78856,2.9396050242691465,0.19902878315211356
6696,0.1465123473531424,3,17,3,288279,317331,29103,78853,2.939447552706658,0.1990312582032591
6697,0.1465176188334173,1,2,1,288281,317329,29104,78852,2.9394290266404832,0.19903024122812552
6698,0.1465202796551716,3,7,3,288288,317322,29107,78849,2.9393641854088703,0.19902769258729186
6699,0.1465203490880528,0,8,0,288296,317314,29107,78849,2.93929008114417,0.19903171169442882
6700,0.1465226360948031,4,44,4,288340,317270,29111,78845,2.9388825076883176,0.19904573166883355
6701,0.1465277003482665,4,6,4,288346,317264,29115,78841,2.938826929489792,0.19904065841127982
6702,0.14652770323403,2,0,2,288346,317264,29117,78839,2.938826929489792,0.1990366142139797
6703,0.1465279427696479,4,9,4,288355,317255,29121,78835,2.938743562192004,0.1990330480446363
6704,0.1465282053674384,4,8,4,288363,317247,29125,78831,2.9386694579273036,0.19902897914047232
6705,0.1465317107478484,24,117,24,288480,317130,29149,78807,2.93758568305606,0.19903924109138574
6706,0.1465324976704846,4,23,4,288503,317107,29153,78803,2.937372633295046,0.1990427117274128
6707,0.1465335987312998,0,7,0,288510,317100,29153,78803,2.937307792063433,0.199046231021235
6708,0.1465355896356073,0,1,0,288511,317099,29153,78803,2.9372985290303455,0.19904673378765453
6709,0.1465358235909692,0,4,0,288515,317095,29153,78803,2.9372614768979957,0.1990487448787314
6710,0.1465367261569936,0,1,0,288516,317094,29153,78803,2.937252213864908,0.1990492476578504
6711,0.1465377741124251,0,1,0,288517,317093,29153,78803,2.9372429508318203,0.19904975043950937
6712,0.1465379842844215,4,26,4,288543,317067,29157,78799,2.937002111971544,0.19905473064117657
6713,0.1465382635869913,0,3,0,288546,317064,29157,78799,2.936974322872281,0.1990562391534445
6714,0.146539205327051,3,13,3,288559,317051,29160,78796,2.936853903442143,0.19905670625266833
6715,0.1465413072927586,7,74,7,288633,316977,29167,78789,2.936168438993664,0.19907975925167903
6716,0.1465416493133075,0,2,0,288635,316975,29167,78789,2.936149912927489,0.19908076530457544
6717,0.1465423092719195,1,2,1,288637,316973,29168,78788,2.9361313868613137,0.19907974762546082
6718,0.1465431426283414,0,2,0,288639,316971,29168,78788,2.936112860795139,0.19908075369100892
6719,0.1465466167965587,1,8,1,288647,316963,29169,78787,2.936038756530438,0.19908275426405558
6720,0.1465495855787122,2,3,2,288650,316960,29171,78785,2.9360109674311756,0.1990802157955249
6721,0.1465510959944527,1,11,1,288661,316949,29172,78784,2.9359090740672125,0.1990837256432999
6722,0.1465528001030466,0,2,0,288663,316947,29172,78784,2.9358905480010375,0.19908473180013697
6723,0.1465538035533955,3,5,3,288668,316942,29175,78781,2.9358442328355996,0.19908117546869905
6724,0.1465541354587714,11,89,11,288757,316853,29186,78770,2.9350198228908075,0.19910369215136633
6725,0.1465550845402145,0,5,0,288762,316848,29186,78770,2.9349735077253696,0.19910620851427388
6726,0.1465557235796491,0,1,0,288763,316847,29186,78770,2.934964244692282,0.1991067117944881
6727,0.1465576911639494,1,9,1,288772,316838,29187,78769,2.934880877394494,0.19910921697543268
6728,0.1465579909552776,17,115,17,288887,316723,29204,78752,2.9338156285894255,0.19913268853909855
6729,0.1465590858914182,1,0,1,288887,316723,29205,78751,2.9338156285894255,0.19913066345701613
6730,0.1465623087746627,0,4,0,288891,316719,29205,78751,2.933778576457075,0.19913267757352013
6731,0.1465639377355583,3,1,3,288892,316718,29208,78748,2.9337693134239875,0.19912710574360376
6732,0.1465642699818975,4,23,4,288915,316695,29212,78744,2.933556263662974,0.19913058651271118
6733,0.1465662536917934,2,20,2,288935,316675,29214,78742,2.9333710030012226,0.1991366076825225
6734,0.1465666537935269,2,10,2,288945,316665,29216,78740,2.933278372670347,0.1991375931007448
6735,0.1465675099854273,0,1,0,288946,316664,29216,78740,2.93326910963726,0.1991380967314443
6736,0.1465702158171208,0,1,0,288947,316663,29216,78740,2.933259846604172,0.19913860036469122
6737,0.1465714895776973,24,211,24,289158,316452,29240,78716,2.931305346622698,0.19919629119766782
6738,0.1465775630703238,1,8,1,289166,316444,29241,78715,2.9312312423579976,0.19919829739421346
6739,0.1465777439524829,0,4,0,289170,316440,29241,78715,2.9311941902256473,0.19920031380091358
6740,0.1465786742460664,1,0,1,289170,316440,29242,78714,2.9311941902256473,0.19919828725003416
6741,0.1465793787882143,0,2,0,289172,316438,29242,78714,2.9311756641594724,0.19919929546098716
6742,0.1465805473075934,7,31,7,289203,316407,29249,78707,2.9308885101337583,0.19920073700248536
6743,0.1465820422682179,1,25,1,289228,316382,29250,78706,2.9306569343065694,0.19921131494755598
6744,0.1465837618319278,9,47,9,289275,316335,29259,78697,2.930221571751454,0.19921677231211649
6745,0.1465842526079338,2,11,2,289286,316324,29261,78695,2.930119678387491,0.19921826545052262
6746,0.146586919415934,0,1,0,289287,316323,29261,78695,2.9301104153544038,0.19921876977757977
6747,0.1465903179935236,0,4,0,289291,316319,29261,78695,2.9300733632220535,0.1992207871113429
6748,0.1465909356380864,1,6,1,289297,316313,29262,78694,2.9300177850235283,0.1992217859430339
6749,0.1465955952461994,3,29,3,289326,316284,29265,78691,2.929749157063989,0.1992303310336097
6750,0.146596108893488,91,613,91,289939,315671,29356,78600,2.9240709177813184,0.19935526579433943
6751,0.1465991456319605,0,1,0,289940,315670,29356,78600,2.9240616547482308,0.19935577142567276
6752,0.146600537138957,0,3,0,289943,315667,29356,78600,2.924033865648968,0.19935728833506228
6753,0.146600588091382,115,672,115,290615,314995,29471,78485,2.9178091074141315,0.1994637592762021
6754,0.146601562332578,0,10,0,290625,314985,29471,78485,2.917716477083256,0.19946882862734136
6755,0.1466019757702237,0,2,0,290627,314983,29471,78485,2.917697951017081,0.19946984252849023
6756,0.1466021985079672,1,11,1,290638,314972,29472,78484,2.917596057653118,0.19947338457159122
6757,0.1466023668169043,0,2,0,290640,314970,29472,78484,2.917577531586943,0.1994743985319758
6758,0.1466030479617471,2,13,2,290653,314957,29474,78482,2.9174571121568045,0.19947692018330668
6759,0.1466041852813335,0,8,0,290661,314949,29474,78482,2.9173830078921044,0.19948097633384254
6760,0.1466047200366336,96,588,96,291249,314361,29570,78386,2.911936344436622,0.19958395608368745
6761,0.1466063969130296,0,1,0,291250,314360,29570,78386,2.911927081403535,0.19958446425934318
6762,0.1466083202408867,2,11,2,291261,314349,29572,78384,2.911825188039572,0.19958597826003927
6763,0.1466096359749476,2,11,2,291272,314338,29574,78382,2.9117232946756086,0.19958749236096965
6764,0.1466103440189672,0,3,0,291275,314335,29574,78382,2.911695505576346,0.19958901702752874
6765,0.1466115686802293,20,56,20,291331,314279,29594,78362,2.911176775723443,0.19957671256949733
6766,0.1466120256801933,10,76,10,291407,314203,29604,78352,2.9104727852087886,0.19959496121562584
6767,0.1466129983225873,8,33,8,291440,314170,29612,78344,2.9101671051168996,0.19959542844331668
6768,0.1466139489038419,2,4,2,291444,314166,29614,78342,2.9101300529845493,0.1995933840838913
6769,0.146614297350892,1,11,1,291455,314155,29615,78341,2.910028159620586,0.1995969385675268
6770,0.1466153884746643,0,2,0,291457,314153,29615,78341,2.9100096335544112,0.1995979556375384
6771,0.1466162128469217,1,17,1,291474,314136,29616,78340,2.9098521619919224,0.19960456180760097
6772,0.1466169571169283,18,154,18,291628,313982,29634,78322,2.908425654896439,0.19964619274848078
6773,0.146617315318441,40,222,40,291850,313760,29674,78282,2.9063692615510024,0.19967758556481194
6774,0.1466177518361252,0,12,0,291862,313748,29674,78282,2.9062581051539516,0.19968369767619826
6775,0.1466184281017359,4,11,4,291873,313737,29678,78278,2.9061562117899884,0.1996811346504598
6776,0.1466185600350044,0,2,0,291875,313735,29678,78278,2.9061376857238135,0.19968215339797404
6777,0.1466191363235242,0,5,0,291880,313730,29678,78278,2.9060913705583755,0.19968470031223853
6778,0.1466201710910205,0,1,0,291881,313729,29678,78278,2.9060821075252883,0.19968520970288797
6779,0.1466227447654682,13,37,13,291918,313692,29691,78265,2.9057393753010485,0.1996775156458489
6780,0.1466234316300801,1,2,1,291920,313690,29692,78264,2.9057208492348736,0.19967649264964765
6781,0.1466236865055279,16,158,16,292078,313532,29708,78248,2.90425729000704,0.19972433508601767
6782,0.146625979300568,0,1,0,292079,313531,29708,78248,2.9042480269739523,0.1997248448742786
6783,0.1466279108279742,2,18,2,292097,313513,29710,78246,2.9040812923783763,0.19972993600657546
6784,0.1466300403131283,6,29,6,292126,313484,29716,78240,2.903812664418837,0.19973246469452982
6785,0.146632562844283,0,3,0,292129,313481,29716,78240,2.9037848753195745,0.1997339943480181
6786,0.1466402535097357,4,12,4,292141,313469,29720,78236,2.903673718922524,0.1997319411291661
6787,0.1466420869899415,0,1,0,292142,313468,29720,78236,2.9036644558894364,0.19973245103445458
6788,0.1466422432859369,2,13,2,292155,313455,29722,78234,2.9035440364592984,0.19973499383439414
6789,0.1466435670698952,0,2,0,292157,313453,29722,78234,2.903525510393123,0.19973601370482044
6790,0.146644895177607,0,1,0,292158,313452,29722,78234,2.9035162473600358,0.1997365236439393
6791,0.1466481467815318,5,9,5,292167,313443,29727,78229,2.9034328800622475,0.19973089728139873
6792,0.1466493743755011,1,5,1,292172,313438,29728,78228,2.90338656489681,0.19973140379813412
6793,0.1466537307373986,5,12,5,292184,313426,29733,78223,2.903275408499759,0.19972730684873446
6794,0.1466543483819615,3,22,3,292206,313404,29736,78220,2.903071621771833,0.1997323963802014
6795,0.1466549682806243,0,4,0,292210,313400,29736,78220,2.9030345696394826,0.19973443644349115
6796,0.1466564542722274,0,1,0,292211,313399,29736,78220,2.9030253066063954,0.1997349464658252
6797,0.1466582940037056,3,10,3,292221,313389,29739,78217,2.90293267627552,0.19973391623213127
6798,0.1466584801510772,0,9,0,292230,313380,29739,78217,2.9028493089777316,0.19973850667906037
6799,0.1466589548694276,1,14,1,292244,313366,29740,78216,2.902719626514506,0.1997436041493225
6800,0.1466624814331616,1,12,1,292256,313354,29741,78215,2.902608470117455,0.19974768176234584
6801,0.1466655045056337,0,2,0,292258,313352,29741,78215,2.90258994405128,0.19974870201012854
6802,0.1466687337864108,4,52,4,292310,313300,29745,78211,2.9021082663307274,0.19976705635346134
6803,0.1466693257334316,0,2,0,292312,313298,29745,78211,2.902089740264552,0.1997680768513623
6804,0.1466698756984542,1,0,1,292312,313298,29746,78210,2.902089740264552,0.19976603287799993
6805,0.1466710454917588,0,3,0,292315,313295,29746,78210,2.9020619511652894,0.19976756363264836
6806,0.146675373546463,0,5,0,292320,313290,29746,78210,2.902015635999852,0.19977011494252875
6807,0.1466759573001724,0,2,0,292322,313288,29746,78210,2.9019971099336765,0.19977113548472789
6808,0.1466779576481729,1,2,1,292324,313286,29747,78209,2.9019785838675016,0.19977011200653905
6809,0.1466785880707974,1,2,1,292326,313284,29748,78208,2.9019600578013263,0.19976908851266437
6810,0.1466843098350303,0,7,0,292333,313277,29748,78208,2.9018952165697134,0.19977266051061981
6811,0.1466845160537249,0,1,0,292334,313276,29748,78208,2.901885953536626,0.19977317080646975
6812,0.146685104882938,1,19,1,292353,313257,29749,78207,2.9017099559079624,0.19978082275764822
6813,0.1466867993969553,1,8,1,292361,313249,29750,78206,2.901635851643262,0.19978286137614795
6814,0.1466868479953812,0,8,0,292369,313241,29750,78206,2.9015617473785618,0.19978694433729216
6815,0.1466871300075478,0,1,0,292370,313240,29750,78206,2.901552484345474,0.19978745471916945
6816,0.1466877606044625,0,4,0,292374,313236,29750,78206,2.901515432213124,0.1997894962727556
6817,0.1466883996106846,0,1,0,292375,313235,29750,78206,2.901506169180036,0.1997900066676715
6818,0.1466893125712685,26,117,26,292492,313118,29776,78180,2.9004223943087926,0.19979657447776375
6819,0.1466899210772464,0,4,0,292496,313114,29776,78180,2.9003853421764423,0.19979861689675793
6820,0.1466903950275956,3,28,3,292524,313086,29779,78177,2.9001259772499908,0.1998067795830426
6821,0.1466934277069267,1,14,1,292538,313072,29780,78176,2.899996294786765,0.19981188402241035
6822,0.1466953999939863,0,1,0,292539,313071,29780,78176,2.8999870317536773,0.1998123947276273
6823,0.146695823968213,0,9,0,292548,313062,29780,78176,2.8999036644558895,0.19981699119206212
6824,0.1466998696531412,2,7,2,292555,313055,29782,78174,2.8998388232242767,0.19981647577250153
6825,0.1467013054770863,1,0,1,292555,313055,29783,78173,2.8998388232242767,0.19981443045998754
6826,0.1467014851865516,1,18,1,292573,313037,29784,78172,2.8996720886287006,0.19982157874691023
6827,0.1467046522694975,2,11,2,292584,313026,29786,78170,2.8995701952647375,0.19982310657573185
6828,0.1467093061443837,0,1,0,292585,313025,29786,78170,2.89956093223165,0.19982361737752272
6829,0.1467118142448789,37,212,37,292797,312813,29823,78133,2.8975971692170885,0.19985624613117925
6830,0.1467119735300909,46,335,46,293132,312478,29869,78087,2.8944940531327576,0.1999334297748134
6831,0.1467124563304006,0,2,0,293134,312476,29869,78087,2.8944755270665827,0.19993445359647483
6832,0.14671878135815,0,1,0,293135,312475,29869,78087,2.894466264033495,0.19993496551123766
6833,0.146719336480268,7,55,7,293190,312420,29876,78080,2.8939567972136797,0.19994878361075544
6834,0.1467206691450557,0,2,0,293192,312418,29876,78080,2.8939382711475043,0.1999498076814734
6835,0.1467233362940307,0,1,0,293193,312417,29876,78080,2.893929008114417,0.1999503197207661
6836,0.1467243073138168,0,1,0,293194,312416,29876,78080,2.8939197450813294,0.1999508317626813
6837,0.1467280150073707,2,6,2,293200,312410,29878,78078,2.8938641668828042,0.19994980639609924
6838,0.1467298135404448,1,4,1,293204,312406,29879,78077,2.893827114750454,0.19994980575338747
6839,0.1467326279600088,12,54,12,293258,312352,29891,78065,2.893326910963726,0.19995287090469935
6840,0.1467331163188935,0,4,0,293262,312348,29891,78065,2.8932898588313756,0.19995491953392946
6841,0.1467349713599443,8,73,8,293335,312275,29899,78057,2.892613657415984,0.19997591793652583
6842,0.1467369955399493,0,2,0,293337,312273,29899,78057,2.8925951313498093,0.19997694258704174
6843,0.1467372063782178,0,6,0,293343,312267,29899,78057,2.8925395531512836,0.19998001660159254
6844,0.1467375404516459,0,2,0,293345,312265,29899,78057,2.8925210270851087,0.199981041294111
6845,0.146738786290338,3,24,3,293369,312241,29902,78054,2.8922987142910075,0.1999871891774171
6846,0.146739296266683,1,12,1,293381,312229,29903,78053,2.8921875578939567,0.19999128835047478
6847,0.1467410565525096,65,402,65,293783,311827,29968,77988,2.88846381859276,0.2000641329861601
6848,0.1467420008146724,4,16,4,293799,311811,29972,77984,2.8883156100633594,0.20006413627676087
6849,0.1467427751821825,16,124,16,293923,311687,29988,77968,2.8871669939605025,0.20009495579422823
6850,0.1467435796665088,1,19,1,293942,311668,29989,77967,2.8869909963318388,0.20010266018196518
6851,0.1467474951198786,3,19,3,293961,311649,29992,77964,2.8868149987031755,0.20010625928806278
6852,0.146749174620831,1,3,1,293964,311646,29993,77963,2.886787209603913,0.20010574704383113
6853,0.1467501340811922,1,1,1,293965,311645,29994,77962,2.886777946570825,0.20010420757327255
6854,0.1467509205930098,0,3,0,293968,311642,29994,77962,2.8867501574715626,0.20010574840094045
6855,0.1467546253144451,1,1,1,293969,311641,29995,77961,2.886740894438475,0.20010420891063188
6856,0.146754985609849,0,3,0,293972,311638,29995,77961,2.8867131053392123,0.2001057497580846
6857,0.1467557263752604,0,1,0,293973,311637,29995,77961,2.8867038423061246,0.20010626337917545
6858,0.1467600299011123,0,2,0,293975,311635,29995,77961,2.8866853162399497,0.20010729062926724
6859,0.1467607598142099,0,1,0,293976,311634,29995,77961,2.886676053206862,0.2001078042582682
6860,0.1467614324644103,2,1,2,293977,311633,29997,77959,2.8866667901737744,0.2001042115854535
6861,0.1467641256630216,1,1,1,293978,311632,29998,77958,2.886657527140687,0.20010267203983675
6862,0.1467659845200056,6,49,6,294027,311583,30004,77952,2.886203638519397,0.2001155223535754
6863,0.1467673172742115,2,4,2,294031,311579,30006,77950,2.8861665863870467,0.2001134703706271
6864,0.1467678749576922,1,11,1,294042,311568,30007,77949,2.8860646930230835,0.20011706806121426
6865,0.1467693929881327,5,5,5,294047,311563,30012,77944,2.8860183778576456,0.20010936902289303
6866,0.146769586061415,16,130,16,294177,311433,30028,77928,2.8848141835562635,0.20014331173384084
6867,0.1467704153778094,1,4,1,294181,311429,30029,77927,2.8847771314239132,0.20014331357420972
6868,0.1467717869751613,3,49,3,294230,311380,30032,77924,2.884323242802623,0.20016234099829439
6869,0.1467730364375897,0,3,0,294233,311377,30032,77924,2.8842954537033605,0.2001638834731994
6870,0.1467730467966767,2,4,2,294237,311373,30034,77922,2.88425840157101,0.20016183100219628
6871,0.1467736415287333,3,29,3,294266,311344,30037,77919,2.8839897736114715,0.2001705787603754
6872,0.1467762661730554,5,103,5,294369,311241,30042,77914,2.883035681203453,0.20021328262517507
6873,0.1467775064311673,0,5,0,294374,311236,30042,77914,2.8829893660380157,0.20021585506873957
6874,0.1467803051466899,15,62,15,294436,311174,30057,77899,2.882415057986587,0.20021692587252263
6875,0.1467812697013996,2,16,2,294452,311158,30059,77897,2.8822668494571864,0.20022104843788152
6876,0.1467857488992936,5,34,5,294486,311124,30064,77892,2.881951906332209,0.20022826824603615
6877,0.1467870763294389,1,0,1,294486,311124,30065,77891,2.881951906332209,0.20022621235684998
6878,0.1467904009156025,3,13,3,294499,311111,30068,77888,2.881831486902071,0.20022673580137737
6879,0.1467935093386552,0,2,0,294501,311109,30068,77888,2.881812960835896,0.20022776525268832
6880,0.1467953260744116,9,69,9,294570,311040,30077,77879,2.8811738115528547,0.20024478104695323
6881,0.1468027332489265,5,31,5,294601,311009,30082,77874,2.8808866575271406,0.20025046093555132
6882,0.1468039481563176,0,1,0,294602,311008,30082,77874,2.8808773944940533,0.20025097587442978
6883,0.1468064162333675,1,4,1,294606,311004,30083,77873,2.880840342361703,0.2002509791013611
6884,0.1468072124468206,8,90,8,294696,310914,30091,77865,2.880006669383823,0.2002808793684844
6885,0.1468080510690989,2,11,2,294707,310903,30093,77863,2.8799047760198597,0.20028243210568825
6886,0.1468089392223295,0,2,0,294709,310901,30093,77863,2.879886249953685,0.2002834624605159
6887,0.1468100748471794,0,3,0,294712,310898,30093,77863,2.879858460854422,0.20028500801263502
6888,0.1468125873647061,1,15,1,294727,310883,30094,77862,2.8797195153581088,0.20029067897979394
6889,0.1468158543849273,5,20,5,294747,310863,30099,77857,2.879534254696358,0.2002906976744186
6890,0.1468175974973705,4,35,4,294782,310828,30103,77853,2.8792100485382934,0.20030050349772693
6891,0.1468180380583201,5,38,5,294820,310790,30108,77848,2.8788580532809664,0.20030979986517017
6892,0.1468191391191354,5,8,5,294828,310782,30113,77843,2.878783949016266,0.2003036346091991
6893,0.1468191412280549,0,9,0,294837,310773,30113,77843,2.878700581718478,0.20030827346274985
6894,0.1468214750635619,2,2,2,294839,310771,30115,77841,2.8786820556523027,0.20030518872294217
6895,0.146822005841206,0,2,0,294841,310769,30115,77841,2.878663529586128,0.20030621960320116
6896,0.1468275384068967,2,9,2,294850,310760,30117,77839,2.8785801622883396,0.20030674294066633
6897,0.1468280608449857,52,314,52,295164,310446,30169,77787,2.8756715698988478,0.20036163850059113
6898,0.1468288835630782,1,0,1,295164,310446,30170,77786,2.8756715698988478,0.20035957880854746
6899,0.1468315906362556,1,22,1,295186,310424,30171,77785,2.8754677831709214,0.20036887346764243
6900,0.1468322426616638,0,1,0,295187,310423,30171,77785,2.8754585201378338,0.20036938960557227
6901,0.1468354017714867,4,16,4,295203,310407,30175,77781,2.875310311608433,0.20036940863705216
6902,0.146836206255813,1,3,1,295206,310404,30176,77780,2.8752825225091705,0.20036889722399687
6903,0.1468364491814647,13,40,13,295246,310364,30189,77767,2.874912001185668,0.20036276411830026
6904,0.1468393749032889,0,1,0,295247,310363,30189,77767,2.8749027381525805,0.20036328034421458
6905,0.1468452022638766,67,405,67,295652,309958,30256,77700,2.8711512097521212,0.200434403520629
6906,0.1468459875993256,155,990,155,296642,308968,30411,77545,2.8619808069954424,0.2006271457881106
6907,0.1468468434324569,13,70,13,296712,308898,30424,77532,2.8613323946793137,0.2006365965375359
6908,0.146850489073314,2,7,2,296719,308891,30426,77530,2.861267553447701,0.20063609379407435
6909,0.1468568104598734,0,3,0,296722,308888,30426,77530,2.861239764348438,0.20063765145515997
6910,0.1468577330228857,4,7,4,296729,308881,30430,77526,2.8611749231168253,0.20063301130673097
6911,0.1468587125940129,25,154,25,296883,308727,30455,77501,2.859748416021342,0.20066126743788643
6912,0.1468588980931971,4,27,4,296910,308700,30459,77497,2.859498314127978,0.200667017092313
6913,0.1468619876096443,0,14,0,296924,308686,30459,77497,2.8593686316647524,0.2006742917218003
6914,0.1468638730315668,0,1,0,296925,308685,30459,77497,2.8593593686316647,0.20067481135837506
6915,0.1468650700737984,5,11,5,296936,308674,30464,77492,2.8592574752677016,0.20067017810993198
6916,0.1468651285586018,1,1,1,296937,308673,30465,77491,2.859248212234614,0.20066862783687758
6917,0.1468660018492303,5,40,5,296977,308633,30470,77486,2.858877690911112,0.2006790652622637
6918,0.1468670531220889,0,1,0,296978,308632,30470,77486,2.8588684278780243,0.20067958499733243
6919,0.146868626274644,0,1,0,296979,308631,30470,77486,2.8588591648449366,0.20068010473509326
6920,0.1468732895501786,4,15,4,296994,308616,30474,77482,2.8587202193486236,0.20067962020005284
6921,0.1468743291684981,4,41,4,297035,308575,30478,77478,2.8583404349920336,0.20069265100905834
6922,0.1468791109145689,0,1,0,297036,308574,30478,77478,2.8583311719589464,0.2006931708681732
6923,0.1468843588214144,0,1,0,297037,308573,30478,77478,2.8583219089258587,0.20069369072998128
6924,0.1468855402509144,3,2,3,297039,308571,30481,77475,2.8583033828596838,0.2006885189847842
6925,0.1468876516117642,11,42,11,297081,308529,30492,77464,2.8579143354700065,0.20068757723585662
6926,0.1468900898221709,0,2,0,297083,308527,30492,77464,2.857895809403831,0.20068861709210836
6927,0.1468906180335858,1,3,1,297086,308524,30493,77463,2.8578680203045685,0.20068810607611137
6928,0.1468910460590677,1,0,1,297086,308524,30494,77462,2.8578680203045685,0.20068603524480164
6929,0.1468971343380025,6,13,6,297099,308511,30500,77456,2.8577476008744305,0.2006803690470947
6930,0.1469003355634043,35,217,35,297316,308294,30535,77421,2.8557375226944313,0.20072073940603813
6931,0.1469006196256449,1,7,1,297323,308287,30536,77420,2.8556726814628184,0.20072230993992848
6932,0.1469011400477305,8,46,8,297369,308241,30544,77412,2.855246581940791,0.2007296714922482
6933,0.1469038033968071,0,13,0,297382,308228,30544,77412,2.8551261625106523,0.2007364381288248
6934,0.1469054445653873,0,3,0,297385,308225,30544,77412,2.8550983734113897,0.20073799972513012
6935,0.1469059562420389,4,15,4,297400,308210,30548,77408,2.8549594279150767,0.2007375174395386
6936,0.1469103172156284,0,2,0,297402,308208,30548,77408,2.8549409018489014,0.2007385585660346
6937,0.1469109085173068,8,17,8,297419,308191,30556,77400,2.854783430286413,0.20073082618629584
6938,0.1469128638826274,1,11,1,297430,308180,30557,77399,2.85468153692245,0.20073447983422335
6939,0.1469128642971897,0,2,0,297432,308178,30557,77399,2.854663010856275,0.20073552105027012
6940,0.1469149643956989,2,9,2,297441,308169,30559,77397,2.8545796435584867,0.20073606075224476
6941,0.1469170710564195,0,1,0,297442,308168,30559,77397,2.854570380525399,0.20073658138057138
6942,0.1469184041676002,158,1017,158,298459,307151,30717,77239,2.845149875875357,0.20093915034210047
6943,0.1469185978855294,1,22,1,298481,307129,30718,77238,2.8449460891474305,0.20094857258817744
6944,0.1469190673084802,14,119,14,298600,307010,30732,77224,2.8438437882100116,0.20098169344722228
6945,0.14692068743429,5,66,5,298666,306944,30737,77219,2.843232428026233,0.2010058230490703
6946,0.1469301574674362,9,44,9,298710,306900,30746,77210,2.8428248545703805,0.20101012730728177
6947,0.1469308848679961,5,18,5,298728,306882,30751,77205,2.8426581199748044,0.20100914636527661
6948,0.1469368062202575,1,3,1,298731,306879,30752,77204,2.842630330875542,0.2010086361541646
6949,0.1469419466245709,1,9,1,298740,306870,30753,77203,2.842546963577754,0.2010112660874365
6950,0.1469428407422466,1,0,1,298740,306870,30754,77202,2.842546963577754,0.2010091857776667
6951,0.1469490709311234,0,1,0,298741,306869,30754,77202,2.8425377005446664,0.20100970914232005
6952,0.1469522213175139,0,3,0,298744,306866,30754,77202,2.8425099114454038,0.20101127925263235
6953,0.1469570309447922,0,1,0,298745,306865,30754,77202,2.842500648412316,0.20101180262818727
6954,0.1469571768408191,0,3,0,298748,306862,30754,77202,2.8424728593130535,0.2010133727712048
6955,0.1469577707286555,21,191,21,298939,306671,30775,77181,2.8407036199933304,0.20106968310703083
6956,0.146958810346975,88,589,88,299528,306082,30863,77093,2.835247693504761,0.20119527630978012
6957,0.146962606794211,1,6,1,299534,306076,30864,77092,2.835192115306236,0.20119634207449474
6958,0.1469641284586329,0,2,0,299536,306074,30864,77092,2.835173589240061,0.20119739225296607
6959,0.1469656678208339,0,5,0,299541,306069,30864,77092,2.835127274074623,0.2012000177471089
6960,0.1469669557578022,0,17,0,299558,306052,30864,77092,2.8349698025121346,0.20120894493976155
6961,0.1469697288333942,273,1843,273,301401,304209,31137,76819,2.8178980325317724,0.20160985544369442
6962,0.1469707594989134,0,3,0,301404,304206,31137,76819,2.8178702434325094,0.20161144281871268
6963,0.1469726288986882,1,3,1,301407,304203,31138,76818,2.8178424543332468,0.20161093483036369
6964,0.1469737299595035,0,2,0,301409,304201,31138,76818,2.817823928267072,0.20161199310270617
6965,0.1469746911664818,0,2,0,301411,304199,31138,76818,2.8178054022008965,0.20161305138615862
6966,0.1469762770410647,1,8,1,301419,304191,31139,76817,2.8177312979361964,0.20161518918237936
6967,0.1469770053005306,3,30,3,301449,304161,31142,76814,2.8174534069435695,0.20162477852877486
6968,0.14697737810188,1,5,1,301454,304156,31143,76813,2.817407091778132,0.20162532909501824
6969,0.1469787510170339,1,1,1,301455,304155,31144,76812,2.8173978287450443,0.20162376268810683
6970,0.1469802314514545,25,156,25,301611,303999,31169,76787,2.8159527955833856,0.20165394736151013
6971,0.1469814385209622,4,21,4,301632,303978,31173,76783,2.815758271888547,0.20165668227575828
6972,0.1469815023499943,7,24,7,301656,303954,31180,76776,2.8155359590944458,0.20165471594043022
6973,0.1469856212262074,97,711,97,302367,303243,31277,76679,2.808949942569195,0.20182827001331852
6974,0.146989438721398,2,0,2,302367,303243,31279,76677,2.808949942569195,0.20182406822488946
6975,0.1469906433000384,1,4,1,302371,303239,31280,76676,2.8089128904368446,0.20182409223115697
6976,0.1469965794736267,0,1,0,302372,303238,31280,76676,2.808903627403757,0.2018246234674163
6977,0.1469982169752793,5,20,5,302392,303218,31285,76671,2.808718366742006,0.20182474354350877
6978,0.1469986071084044,0,1,0,302393,303217,31285,76671,2.8087091037089182,0.20182527481784104
6979,0.1470017726804573,0,1,0,302394,303216,31285,76671,2.808699840675831,0.20182580609497033
6980,0.1470066856163232,0,16,0,302410,303200,31285,76671,2.80855163214643,0.20183430690945084
6981,0.1470143462931126,5,24,5,302434,303176,31290,76666,2.8083293193523287,0.2018365530931282
6982,0.1470155710942051,16,62,16,302496,303114,31306,76650,2.8077550113009004,0.20183587701835878
6983,0.1470162890637641,0,7,0,302503,303107,31306,76650,2.8076901700692876,0.20183959742677554
6984,0.1470194106110106,0,3,0,302506,303104,31306,76650,2.807662380970025,0.20184119192951228
6985,0.1470212873987344,2,27,2,302533,303077,31308,76648,2.8074122790766607,0.20185133978537098
6986,0.1470219617707808,0,2,0,302535,303075,31308,76648,2.8073937530104858,0.20185240293582427
6987,0.1470228742623493,0,1,0,302536,303074,31308,76648,2.807384489977398,0.20185293451525063
6988,0.1470237820526572,2,34,2,302570,303040,31310,76646,2.8070695468524214,0.20186680572894444
6989,0.1470244340780654,0,1,0,302571,303039,31310,76646,2.8070602838193337,0.20186733739810633
6990,0.1470272465151048,0,3,0,302574,303036,31310,76646,2.807032494720071,0.2018689324223956
6991,0.1470273219207235,0,8,0,302582,303028,31310,76646,2.8069583904553705,0.2018731859437307
6992,0.1470275412025079,7,47,7,302629,302981,31317,76639,2.8065230279002558,0.2018834624097782
6993,0.1470280872958008,0,7,0,302636,302974,31317,76639,2.806458186668643,0.20188718510693784
6994,0.1470318895497198,24,128,24,302764,302846,31341,76615,2.8052725184334357,0.20190480708162367
6995,0.1470322906630338,0,3,0,302767,302843,31341,76615,2.805244729334173,0.20190640334371657
6996,0.1470355437379354,0,1,0,302768,302842,31341,76615,2.8052354663010854,0.2019069354366898
6997,0.1470380410059985,2,4,2,302772,302838,31343,76613,2.8051984141687356,0.2019048572806502
6998,0.1470381805589768,0,2,0,302774,302836,31343,76613,2.8051798881025602,0.20190592148088413
6999,0.147038832584385,3,4,3,302778,302832,31346,76610,2.80514283597021,0.20190173992336113
7000,0.1470391057315011,1,4,1,302782,302828,31347,76609,2.8051057838378597,0.20190176498338328
7001,0.1470405836796765,2,6,2,302788,302822,31349,76607,2.8050502056393345,0.20190075086511575
7002,0.1470416580192961,11,54,11,302842,302768,31360,76596,2.804550001852607,0.2019063485201548
7003,0.1470422597708662,2,5,2,302847,302763,31362,76594,2.804503686687169,0.2019048020729814
7004,0.1470433783222339,9,28,9,302875,302735,31371,76585,2.8042443217607174,0.20190076979858695
7005,0.1470448512648372,42,231,42,303106,302504,31413,76543,2.8021045611174924,0.20193538004521866
7006,0.147046251901625,10,44,10,303150,302460,31423,76533,2.8016969876616398,0.20193776666059796
7007,0.1470501958904571,0,1,0,303151,302459,31423,76533,2.8016877246285525,0.20193829948917127
7008,0.1470514369362792,14,141,14,303292,302318,31437,76519,2.8003816369632073,0.20198396671919586
7009,0.1470517921865978,271,1807,271,305099,300511,31708,76248,2.7836433361739967,0.20237870893595108
7010,0.147052851465273,0,6,0,305105,300505,31708,76248,2.7835877579754715,0.2023819319288765
7011,0.1470571685334587,0,3,0,305108,300502,31708,76248,2.783559968876209,0.20238354346383544
7012,0.1470599922175018,3,14,3,305122,300488,31711,76245,2.783430286412983,0.2023847127806696
7013,0.1470616477313528,0,6,0,305128,300482,31711,76245,2.7833747082144575,0.20238793609165256
7014,0.1470680471841735,1,6,1,305134,300476,31712,76244,2.7833191300159323,0.20238904225950308
7015,0.1470724199927684,5,40,5,305174,300436,31717,76239,2.7829486086924304,0.20239994690382956
7016,0.1470733093698982,0,7,0,305181,300429,31717,76239,2.7828837674608176,0.2024037083054573
7017,0.1470813446837297,0,2,0,305183,300427,31717,76239,2.782865241394642,0.20240478301731507
7018,0.1470830882868813,1,3,1,305186,300424,31718,76238,2.7828374522953796,0.2024042775751204
7019,0.1470879075894588,4,13,4,305199,300411,31722,76234,2.7827170328652415,0.20240279308101794
7020,0.1470897672564151,10,36,10,305235,300375,31732,76224,2.7823835636740895,0.2024009622967666
7021,0.1470923867873529,4,10,4,305245,300365,31736,76220,2.782290933343214,0.2023978650238326
7022,0.1470925453124514,0,6,0,305251,300359,31736,76220,2.782235355144689,0.20240108981116844
7023,0.1470930838671948,2,5,2,305256,300354,31738,76218,2.782189039979251,0.20239954112360983
7024,0.1470938619656022,0,4,0,305260,300350,31738,76218,2.7821519878469005,0.2024016910624376
7025,0.1470944461694739,1,8,1,305268,300342,31739,76217,2.7820778835822,0.20240387296545828
7026,0.1470959948132087,2,13,2,305281,300329,31741,76215,2.781957464152062,0.20240662445823066
7027,0.147097635981789,0,5,0,305286,300324,31741,76215,2.7819111489866244,0.20240931218280178
7028,0.1470990877814599,0,1,0,305287,300323,31741,76215,2.7819018859535367,0.2024098497362816
7029,0.1471007718228678,0,1,0,305288,300322,31741,76215,2.781892622920449,0.20241038729261665
7030,0.1471014845080184,0,1,0,305289,300321,31741,76215,2.7818833598873614,0.202410924851807
7031,0.147103851398177,4,41,4,305330,300280,31745,76211,2.7815035755307718,0.2024244935469905
7032,0.1471065629496694,0,4,0,305334,300276,31745,76211,2.7814665233984215,0.2024266442134788
7033,0.1471093013945578,0,2,0,305336,300274,31745,76211,2.7814479973322466,0.20242771956386044
7034,0.1471103933195283,7,45,7,305381,300229,31752,76204,2.7810311608433067,0.20243708707791294
7035,0.1471146952239111,9,8,9,305389,300221,31761,76195,2.780957056578606,0.20242231998639804
7036,0.1471155047746666,0,1,0,305390,300220,31761,76195,2.7809477935455185,0.20242285775008967
7037,0.1471163707281967,172,1188,172,306578,299032,31933,76023,2.769943310237504,0.20269827092026502
7038,0.1471195130260718,0,1,0,306579,299031,31933,76023,2.7699340472044165,0.20269881137116255
7039,0.1471234883214997,0,2,0,306581,299029,31933,76023,2.7699155211382416,0.20269989228160362
7040,0.1471243416578265,0,2,0,306583,299027,31933,76023,2.769896995072066,0.20270097320357286
7041,0.1471253246584812,2,11,2,306594,299016,31935,76021,2.7697951017081035,0.20270266667022188
7042,0.1471304268503918,7,41,7,306635,298975,31942,76014,2.7694153173515135,0.20270994615842064
7043,0.1471375092234346,1,1,1,306636,298974,31943,76013,2.7694060543184262,0.2027083605564993
7044,0.1471400722667058,0,1,0,306637,298973,31943,76013,2.7693967912853386,0.20270890113230894
7045,0.1471415373017425,2,5,2,306642,298968,31945,76011,2.7693504761199006,0.20270735161169026
7046,0.1471477343121102,0,10,0,306652,298958,31945,76011,2.769257845789025,0.20271275758796062
7047,0.14715284138505,1,7,1,306659,298951,31946,76010,2.7691930045574122,0.20271441563255913
7048,0.1471554603453869,0,3,0,306662,298948,31946,76010,2.7691652154581496,0.20271603752953665
7049,0.1471560550465988,27,112,27,306774,298836,31973,75983,2.7681277557523436,0.20271917912379042
7050,0.1471571296826531,2,18,2,306792,298818,31975,75981,2.7679610211567676,0.20272466041798404
7051,0.1471580714227128,8,48,8,306840,298770,31983,75973,2.767516395568565,0.20273360676516972
7052,0.1471588759070391,0,1,0,306841,298769,31983,75973,2.7675071325354774,0.20273414776032578
7053,0.1471602095810358,0,3,0,306844,298766,31983,75973,2.767479343436215,0.2027357707631178
7054,0.1471622338600021,0,2,0,306846,298764,31983,75973,2.7674608173700395,0.20273685277941597
7055,0.1471637423263203,2,11,2,306857,298753,31985,75971,2.7673589240060767,0.20273854890532766
7056,0.1471656786820314,1,5,1,306862,298748,31986,75970,2.767312608840639,0.20273912648978698
7057,0.1471691967169322,8,62,8,306924,298686,31994,75962,2.7667383007892106,0.20275565330657044
7058,0.1471698574252774,0,1,0,306925,298685,31994,75962,2.766729037756123,0.2027561944977539
7059,0.1471702335347197,1,8,1,306933,298677,31995,75961,2.7666549334914223,0.20275839610504007
7060,0.1471705729255134,1,2,1,306935,298675,31996,75960,2.7666364074252474,0.20275735048780813
7061,0.1471730331700616,0,1,0,306936,298674,31996,75960,2.7666271443921597,0.20275789170230143
7062,0.1471738950569527,0,5,0,306941,298669,31996,75960,2.766580829226722,0.20276059781810804
7063,0.1471741271350835,0,4,0,306945,298665,31996,75960,2.766543777094372,0.20276276276276275
7064,0.1471789175185416,4,19,4,306964,298646,32000,75956,2.766367779465708,0.20276453409218317
7065,0.147182132042876,1,4,1,306968,298642,32001,75955,2.766330727333358,0.20276457099229306
7066,0.147182375038549,0,1,0,306969,298641,32001,75955,2.7663214643002703,0.20276511228096403
7067,0.1471829257699469,2,8,2,306977,298633,32003,75953,2.76624736003557,0.20276518609878638
7068,0.1471833777831909,1,0,1,306977,298633,32004,75952,2.76624736003557,0.20276305778394757
7069,0.1471857801852525,2,10,2,306987,298623,32006,75950,2.7661547297046947,0.2027642141852189
7070,0.1471894814133174,0,19,0,307006,298604,32006,75950,2.765978732076031,0.20277449980510154
7071,0.1471939625204187,0,1,0,307007,298603,32006,75950,2.7659694690429433,0.2027750411824228
7072,0.147195049056643,6,35,6,307042,298568,32012,75944,2.765645262884879,0.20278121929337378
7073,0.1472037722260617,0,4,0,307046,298564,32012,75944,2.7656082107525286,0.20278338513462996
7074,0.1472074232979185,5,8,5,307054,298556,32017,75939,2.7655341064878285,0.20277707312514187
7075,0.1472080061858958,0,2,0,307056,298554,32017,75939,2.765515580421653,0.20277815606700259
7076,0.1472147193167565,1,3,1,307059,298551,32018,75938,2.7654877913223905,0.20277765168002265
7077,0.1472150066047781,2,7,2,307066,298544,32020,75936,2.7654229500907777,0.20277718436231573
7078,0.1472194858026722,1,13,1,307079,298531,32021,75935,2.7653025306606396,0.20278209503666556
7079,0.1472206872203652,2,3,2,307082,298528,32023,75933,2.765274741561377,0.20277946167958746
7080,0.147222399883442,0,1,0,307083,298527,32023,75933,2.7652654785282893,0.20278000320461465
7081,0.1472234857540905,1,6,1,307089,298521,32024,75932,2.765209900329764,0.2027811233986642
7082,0.1472240119800628,0,2,0,307091,298519,32024,75932,2.7651913742635887,0.20278220648362535
7083,0.1472302088853979,0,2,0,307093,298517,32024,75932,2.765172848197414,0.20278328958015646
7084,0.1472303719753784,0,3,0,307096,298514,32024,75932,2.7651450590981512,0.20278491424664705
7085,0.1472310240007866,1,22,1,307118,298492,32025,75931,2.764941272370225,0.2027947001119055
7086,0.1472319519978411,0,1,0,307119,298491,32025,75931,2.7649320093371372,0.2027952417325905
7087,0.1472345054393389,2,8,2,307127,298483,32027,75929,2.764857905072437,0.20279531638943196
7088,0.1472353578972078,4,30,4,307157,298453,32031,75925,2.7645800140798102,0.20280304932447954
7089,0.1472372394171747,8,53,8,307210,298400,32039,75917,2.76408907332617,0.2028147265552994
7090,0.1472373225635269,11,43,11,307253,298357,32050,75906,2.763690762903405,0.20281459829050694
7091,0.1472421336606567,4,25,4,307278,298332,32054,75902,2.7634591870762164,0.20281962622316518
7092,0.147243357085516,3,15,3,307293,298317,32057,75899,2.763320241579903,0.20282136520084657
7093,0.1472446907595127,8,40,8,307333,298277,32065,75891,2.7629497202564006,0.2028260032926386
7094,0.1472480828918952,0,4,0,307337,298273,32065,75891,2.7629126681240503,0.20282817160389563
7095,0.1472497562719573,0,6,0,307343,298267,32065,75891,2.762857089925525,0.20283142415770877
7096,0.1472536501895734,0,5,0,307348,298262,32065,75891,2.7628107747600876,0.2028341346989066
7097,0.1472547463566208,0,1,0,307349,298261,32065,75891,2.762801511727,0.20283467681583955
7098,0.1472568270017724,0,5,0,307354,298256,32065,75891,2.762755196561562,0.20283738744397256
7099,0.1472635097882524,1,3,1,307357,298253,32066,75890,2.7627274074622994,0.20283688322379412
7100,0.1472644781147302,1,2,1,307359,298251,32067,75889,2.7627088813961245,0.2028358368525151
7101,0.1472677780123857,2,6,2,307365,298245,32069,75887,2.762653303197599,0.20283482834935262
7102,0.1472709627456289,1,2,1,307367,298243,32070,75886,2.762634777131424,0.20283378193083135
7103,0.1472722861145922,0,2,0,307369,298241,32070,75886,2.762616251065249,0.20283486623526237
7104,0.1472747585657016,14,56,14,307425,298185,32084,75872,2.762097521212346,0.20283539674434645
7105,0.1472823387120614,0,1,0,307426,298184,32084,75872,2.7620882581792583,0.20283593900378552
7106,0.1472831627298006,1,14,1,307440,298170,32085,75871,2.7619585757160325,0.20284139973960075
7107,0.1472832027024305,0,4,0,307444,298166,32085,75871,2.7619215235836823,0.20284356895173472
7108,0.1472886836689686,1,3,1,307447,298163,32086,75870,2.7618937344844197,0.20284306464937585
7109,0.1472896254090283,1,4,1,307451,298159,32087,75869,2.7618566823520694,0.20284310265541616
7110,0.1473009047296431,2,13,2,307464,298146,32089,75867,2.7617362629219313,0.20284589038348935
7111,0.1473025847359299,13,139,13,307603,298007,32102,75854,2.760448701322761,0.20289358879369604
7112,0.1473027178123958,1,4,1,307607,298003,32103,75853,2.7604116491904107,0.20289362749293846
7113,0.1473102554525576,2,6,2,307613,297997,32105,75851,2.7603560709918855,0.20289261946031542
7114,0.1473146900638748,3,28,3,307641,297969,32108,75848,2.760096706065434,0.2029014196786128
7115,0.1473184395372997,40,191,40,307832,297778,32148,75808,2.7583274667457114,0.2029198096288405
7116,0.1473202397456475,11,39,11,307871,297739,32159,75797,2.7579662084552967,0.20291752334447014
7117,0.1473217561480795,0,8,0,307879,297731,32159,75797,2.757892104190596,0.20292186931100212
7118,0.147322869432315,18,81,18,307960,297650,32177,75779,2.7571417985105042,0.20292746412303275
7119,0.147325742958587,0,1,0,307961,297649,32177,75779,2.7571325354774165,0.20292800754094498
7120,0.1473264014129131,1,15,1,307976,297634,32178,75778,2.7569935899811036,0.20293402461624158
7121,0.1473278908586053,10,19,10,307995,297615,32188,75768,2.75681759235244,0.20292300399321875
7122,0.1473279151094444,0,7,0,308002,297608,32188,75768,2.756752751120827,0.20292680836475832
7123,0.1473299826584958,1,6,1,308008,297602,32189,75767,2.7566971729223018,0.2029279345633944
7124,0.1473300782442209,3,22,3,308030,297580,32192,75764,2.7564933861943755,0.20293348761463958
7125,0.147330871241381,1,8,1,308038,297572,32193,75763,2.756419281929675,0.20293570117990545
7126,0.1473317331282721,2,2,2,308040,297570,32195,75761,2.7564007558635,0.20293251832823955
7127,0.1473391264076004,1,1,1,308041,297569,32196,75760,2.7563914928304123,0.20293092687682981
7128,0.1473392275350977,4,19,4,308060,297550,32200,75756,2.756215495201749,0.20293271471661317
7129,0.1473392758809783,2,63,2,308123,297487,32202,75754,2.755631924117233,0.20296269702417472
7130,0.1473412158545103,0,1,0,308124,297486,32202,75754,2.7556226610841454,0.20296324081020256
7131,0.1473413679451936,0,4,0,308128,297482,32202,75754,2.755585608951795,0.20296541598345283
7132,0.1473466154463055,6,14,6,308142,297468,32208,75748,2.7554559264885694,0.20296021606790707
7133,0.1473468516156985,0,3,0,308145,297465,32208,75748,2.755428137389307,0.202961847524068
7134,0.1473503674128804,1,0,1,308145,297465,32209,75747,2.755428137389307,0.20295971190636958
7135,0.1473524783127379,0,3,0,308148,297462,32209,75747,2.755400348290044,0.2029613433759636
7136,0.1473526907606413,6,32,6,308180,297430,32215,75741,2.7551039312312424,0.2029659325081531
7137,0.1473552032691501,0,6,0,308186,297424,32215,75741,2.7550483530327172,0.2029691959320944
7138,0.1473590991312764,17,119,17,308305,297305,32232,75724,2.7539460520952983,0.2029976221687858
7139,0.1473626794020373,0,2,0,308307,297303,32232,75724,2.753927526029123,0.20299871054910235
7140,0.1473627320134975,0,6,0,308313,297297,32232,75724,2.7538719478305977,0.20300197576007786
7141,0.1473634731545325,3,17,3,308330,297280,32235,75721,2.7537144762681094,0.20300481768145393
7142,0.1473685582576861,6,30,6,308360,297250,32241,75715,2.7534365852754825,0.20300832517796577
7143,0.1473699058896869,1,1,1,308361,297249,32242,75714,2.753427322242395,0.20300673257132745
7144,0.147372557388076,2,9,2,308370,297240,32244,75712,2.753343954944607,0.2030073575151762
7145,0.1473731648474456,14,82,14,308452,297158,32258,75698,2.7525843862314274,0.20302207822859228
7146,0.1473736681964326,14,48,14,308500,297110,32272,75684,2.752139760643225,0.20301828892095902
7147,0.1473741065875052,9,105,9,308605,297005,32281,75675,2.751167142169032,0.20305624127938177
7148,0.1473772139100835,3,7,3,308612,296998,32284,75672,2.751102300937419,0.20305363994955322
7149,0.1473813102582729,0,2,0,308614,296996,32284,75672,2.751083774871244,0.20305472967896357
7150,0.1473813217093093,1,6,1,308620,296990,32285,75671,2.7510281966727184,0.20305586042006005
7151,0.1473816931079776,0,2,0,308622,296988,32285,75671,2.7510096706065434,0.20305695018770512
7152,0.1473913278533194,6,14,6,308636,296974,32291,75665,2.7508799881433177,0.2030517471332845
7153,0.1473960986943914,0,1,0,308637,296973,32291,75665,2.75087072511023,0.20305229203677563
7154,0.1474016389793642,35,219,35,308856,296754,32326,75630,2.748842120864056,0.20309680329981955
7155,0.1474073178723546,5,61,5,308917,296693,32331,75625,2.748277075845715,0.20311937644701572
7156,0.1474079529660836,4,19,4,308936,296674,32335,75621,2.748101078217051,0.20312118078405567
7157,0.147408889183806,2,3,2,308939,296671,32337,75619,2.7480732891177886,0.2031185366246743
7158,0.1474099496649732,1,6,1,308945,296665,32338,75618,2.7480177109192634,0.20311966971363182
7159,0.1474124321639776,7,22,7,308967,296643,32345,75611,2.747813924191337,0.20311668914235978
7160,0.1474129286803369,2,24,2,308991,296619,32347,75609,2.747591611397236,0.20312550372352428
7161,0.1474148475799626,2,15,2,309006,296604,32349,75607,2.7474526659009224,0.20312940778214508
7162,0.147415065984517,0,2,0,309008,296602,32349,75607,2.7474341398347475,0.20313049926251112
7163,0.1474164082692683,0,3,0,309011,296599,32349,75607,2.747406350735485,0.20313213650505366
7164,0.1474233916825639,1,12,1,309023,296587,32350,75606,2.747295194338434,0.20313654474963258
7165,0.1474237570594553,60,401,60,309424,296186,32410,75546,2.743580718070325,0.20322705605113361
7166,0.1474255952348229,0,1,0,309425,296185,32410,75546,2.7435714550372374,0.2032276027557562
7167,0.1474260203697334,0,2,0,309427,296183,32410,75546,2.743552928971062,0.20322869617382555
7168,0.1474283865641944,0,1,0,309428,296182,32410,75546,2.743543665937975,0.20322924288727243
7169,0.147430873050258,0,11,0,309439,296171,32410,75546,2.7434417725740117,0.20323525692933064
7170,0.1474342927486407,4,55,4,309494,296116,32414,75542,2.7429323057541963,0.20325675755667846
7171,0.1474401767833808,0,1,0,309495,296115,32414,75542,2.7429230427211087,0.2032573044500709
7172,0.1474446559812749,0,1,0,309496,296114,32414,75542,2.742913779688021,0.20325785134640637
7173,0.147445841605975,2,4,2,309500,296110,32416,75540,2.7428767275556707,0.2032557513789856
7174,0.1474462440501903,5,12,5,309512,296098,32421,75535,2.7427655711586203,0.203251594987528
7175,0.1474501426469817,3,35,3,309547,296063,32424,75532,2.742441365000556,0.2032643065703252
7176,0.1474521580349751,4,17,4,309564,296046,32428,75528,2.7422838934380676,0.20326502930775567
7177,0.1474526965897186,7,25,7,309589,296021,32435,75521,2.7420523176108786,0.20326369562525906
7178,0.1474560125197667,3,10,3,309599,296011,32438,75518,2.741959687280003,0.20326273319175622
7179,0.1474602401122947,3,3,3,309602,296008,32441,75515,2.74193189818074,0.20325794096193237
7180,0.1474657914367498,0,1,0,309603,296007,32441,75515,2.741922635147653,0.20325848805723484
7181,0.1474707306162296,51,430,51,310033,295577,32492,75464,2.7379395309200043,0.20338453162858014
7182,0.1474744893939138,28,191,28,310224,295386,32520,75436,2.7361702916002817,0.20342913850850272
7183,0.1474775938524032,6,48,6,310272,295338,32526,75430,2.735725666012079,0.20344258404177276
7184,0.1474779918355462,0,2,0,310274,295336,32526,75430,2.735707139945904,0.203443681459465
7185,0.1474784787283921,4,20,4,310294,295316,32530,75426,2.735521879284153,0.2034460622211673
7186,0.1474791375542974,0,5,0,310299,295311,32530,75426,2.735475564118715,0.20344880602691395
7187,0.1474804499189493,1,11,1,310310,295300,32531,75425,2.735373670754752,0.2034526940454515
7188,0.1474809221290682,5,29,5,310339,295271,32536,75420,2.735105042795213,0.20345786652494935
7189,0.1474835810299064,1,10,1,310349,295261,32537,75419,2.735012412464337,0.20346120643142332
7190,0.1474838345307897,0,2,0,310351,295259,32537,75419,2.734993886398162,0.20346230421012307
7191,0.1474901086173925,0,1,0,310352,295258,32537,75419,2.7349846233650745,0.20346285310391526
7192,0.147491604785803,0,6,0,310358,295252,32537,75419,2.7349290451665493,0.20346614652886252
7193,0.1474920681050663,1,0,1,310358,295252,32538,75418,2.7349290451665493,0.20346399762592063
7194,0.1474927058466183,1,0,1,310358,295252,32539,75417,2.7349290451665493,0.203461848711384
7195,0.1474930785466864,1,2,1,310360,295250,32540,75416,2.7349105191003744,0.20346079759136257
7196,0.1474975811048766,0,3,0,310363,295247,32540,75416,2.7348827300011114,0.2034624443227406
7197,0.1474981209761277,4,6,4,310369,295241,32544,75412,2.734827151802586,0.2034571418550504
7198,0.1474984034430289,0,2,0,310371,295239,32544,75412,2.7348086257364113,0.20345823969178553
7199,0.1475024337854013,7,56,7,310427,295183,32551,75405,2.7342898958835082,0.20347393871361188
7200,0.1475045347864388,3,12,3,310439,295171,32554,75402,2.7341787394864574,0.2034740793311979
7201,0.1475051191329163,0,2,0,310441,295169,32554,75402,2.7341602134202825,0.20347517749635022
7202,0.1475059615251898,1,2,1,310443,295167,32555,75401,2.734141687354107,0.20347412620625635
7203,0.1475102545424915,0,2,0,310445,295165,32555,75401,2.734123161287932,0.20347522438647905
7204,0.1475130413404696,3,19,3,310464,295146,32558,75398,2.7339471636592685,0.2034792089468457
7205,0.1475238176026865,1,27,1,310491,295119,32559,75397,2.7336970617659047,0.2034918869900355
7206,0.1475263963290055,13,115,13,310606,295004,32572,75384,2.732631812960836,0.2035271121094636
7207,0.14752864182902,2,5,2,310611,294999,32574,75382,2.732585497795398,0.20352555881646198
7208,0.1475307252286673,27,128,27,310739,294871,32601,75355,2.7313998295601913,0.20353783904966155
7209,0.147535051981403,1,14,1,310753,294857,32602,75354,2.7312701470969656,0.20354338471844435
7210,0.147539531179297,2,24,2,310777,294833,32604,75352,2.731047834302864,0.2035522779150965
7211,0.1475414045794212,4,11,4,310788,294822,32608,75348,2.730945940938901,0.20354972039873573
7212,0.1475421360170581,3,4,3,310792,294818,32611,75345,2.730908888806551,0.2035454651059128
7213,0.1475498767675405,0,4,0,310796,294814,32611,75345,2.7308718366742006,0.20354766465221702
7214,0.1475509131371896,0,2,0,310798,294812,32611,75345,2.7308533106080253,0.20354876444319572
7215,0.1475550175296781,3,16,3,310814,294796,32614,75342,2.7307051020786246,0.20355110796513734
7216,0.147555395265933,5,22,5,310836,294774,32619,75337,2.7305013153506983,0.20355244777917975
7217,0.1475556122485411,2,9,2,310845,294765,32621,75335,2.7304179480529105,0.20355309375844366
7218,0.1475561185904933,2,13,2,310858,294752,32623,75333,2.7302975286227724,0.2035559398516557
7219,0.1475610928440139,1,10,1,310868,294742,32624,75332,2.7302048982918965,0.20355928814237154
7220,0.1475716773613263,0,1,0,310869,294741,32624,75332,2.7301956352588093,0.20355983819408602
7221,0.1475724259231834,1,3,1,310872,294738,32625,75331,2.7301678461595467,0.2035593362318919
7222,0.147577522260333,2,26,2,310898,294712,32627,75329,2.72992700729927,0.203569334208912
7223,0.1475795782485085,1,4,1,310902,294708,32628,75328,2.72988995516692,0.20356938243846545
7224,0.147580870793553,1,1,1,310903,294707,32629,75327,2.729880692133832,0.20356778025803035
7225,0.147581689148366,1,4,1,310907,294703,32630,75326,2.7298436400014823,0.2035678284674985
7226,0.1475854771291344,0,2,0,310909,294701,32630,75326,2.729825113935307,0.2035689287538477
7227,0.1475870862099411,1,0,1,310909,294701,32631,75325,2.729825113935307,0.2035667763886862
7228,0.1475890159649158,14,107,14,311016,294594,32645,75311,2.728833969394939,0.20359551776807558
7229,0.147592076240553,0,1,0,311017,294593,32645,75311,2.728824706361851,0.20359606816903844
7230,0.1475929591700529,0,2,0,311019,294591,32645,75311,2.7288061802956762,0.20359716897989197
7231,0.1475967935958007,0,1,0,311020,294590,32645,75311,2.7287969172625886,0.20359771938978266
7232,0.1475985272215081,1,12,1,311032,294578,32646,75310,2.7286857608655377,0.20360217146812007
7233,0.1476011248567738,2,16,2,311048,294562,32648,75308,2.728537552336137,0.20360667261470247
7234,0.1476011554899381,0,3,0,311051,294559,32648,75308,2.7285097632368744,0.20360832407324794
7235,0.1476023840886862,1,2,1,311053,294557,32649,75307,2.728491237170699,0.20360727186208985
7236,0.1476043275170114,0,3,0,311056,294554,32649,75307,2.7284634480714365,0.2036089233522864
7237,0.1476068632865802,0,4,0,311060,294550,32649,75307,2.728426395939086,0.20361112538089046
7238,0.1476070832087596,0,1,0,311061,294549,32649,75307,2.7284171329059985,0.20361167589548365
7239,0.1476080300688493,2,2,2,311063,294547,32651,75305,2.7283986068398236,0.20360847041519312
7240,0.1476122280935522,2,6,2,311069,294541,32653,75303,2.7283430286412984,0.20360746693200377
7241,0.1476138379379469,4,14,4,311083,294527,32657,75299,2.7282133461780727,0.20360656092324497
7242,0.1476138498514612,0,2,0,311085,294525,32657,75299,2.7281948201118973,0.20360766202301636
7243,0.1476141905930005,4,33,4,311118,294492,32661,75295,2.7278891400200083,0.20361721747925157
7244,0.1476187711142222,1,9,1,311127,294483,32662,75294,2.72780577272222,0.20362001963345475
7245,0.1476214375026838,6,57,6,311184,294426,32668,75288,2.7272777798362298,0.20363848812866162
7246,0.147622904184259,1,1,1,311185,294425,32669,75287,2.727268516803142,0.2036368849266456
7247,0.1476231225107761,15,50,15,311235,294375,32684,75272,2.7268053651487643,0.2036321138816222
7248,0.1476245553085142,10,27,10,311262,294348,32694,75262,2.7265552632554004,0.20362544303454994
7249,0.1476271232663633,0,4,0,311266,294344,32694,75262,2.72651821112305,0.20362764673733652
7250,0.1476289663122286,0,1,0,311267,294343,32694,75262,2.7265089480899625,0.20362819767048607
7251,0.1476321768974301,1,15,1,311282,294328,32695,75261,2.7263700025936495,0.2036343072981068
7252,0.1476354319237227,35,279,35,311561,294049,32730,75226,2.7237856163622216,0.20371268025184483
7253,0.1476393495441874,0,8,0,311569,294041,32730,75226,2.723711512097521,0.20371709359352447
7254,0.1476422614463775,1,1,1,311570,294040,32731,75225,2.723702249064434,0.20371548887655208
7255,0.1476449003709974,9,42,9,311612,293998,32740,75216,2.7233132016747565,0.20371925224937298
7256,0.1476478537425695,0,6,0,311618,293992,32740,75216,2.723257623476231,0.2037225628913783
7257,0.1476490632076126,1,2,1,311620,293990,32741,75215,2.723239097410056,0.2037215097303666
7258,0.1476509166180059,2,11,2,311631,293979,32743,75213,2.723137204046093,0.203723265942924
7259,0.1476524315286963,0,8,0,311639,293971,32743,75213,2.7230630997813923,0.20372768050619744
7260,0.1476581334232285,0,3,0,311642,293968,32743,75213,2.7230353106821297,0.20372933601675058
7261,0.1476625539539221,0,1,0,311643,293967,32743,75213,2.723026047649042,0.20372988785958068
7262,0.1476626198895156,3,10,3,311653,293957,32746,75210,2.7229334173181665,0.20372893568493392
7263,0.1476726413353508,4,10,4,311663,293947,32750,75206,2.722840786987291,0.20372582641885614
7264,0.1476727162250814,2,5,2,311668,293942,32752,75204,2.7227944718218535,0.2037242716973772
7265,0.1476786439439029,0,1,0,311669,293941,32752,75204,2.722785208788766,0.2037248235788105
7266,0.1476789462319292,2,11,2,311680,293930,32754,75202,2.7226833154248027,0.2037265801935351
7267,0.1476793534826098,8,75,8,311755,293855,32762,75194,2.721988587943236,0.2037507214489133
7268,0.1476806412837666,0,1,0,311756,293854,32762,75194,2.7219793249101487,0.20375127354707248
7269,0.1476813688706032,16,60,16,311816,293794,32778,75178,2.7214235429248954,0.20374987803952604
7270,0.1476857513281438,28,155,28,311971,293639,32806,75150,2.7199877727963244,0.20377505836670834
7271,0.1476868808117646,0,1,0,311972,293638,32806,75150,2.7199785097632367,0.20377561092009502
7272,0.147687837111506,0,1,0,311973,293637,32806,75150,2.7199692467301495,0.20377616347647828
7273,0.1476955896413051,14,120,14,312093,293517,32820,75136,2.718857682759643,0.2038122570547371
7274,0.1477011079299909,1,8,1,312101,293509,32821,75135,2.7187835784949423,0.20381452024175084
7275,0.1477036956980649,5,44,5,312145,293465,32826,75130,2.71837600503909,0.2038280497565078
7276,0.1477039799094989,0,2,0,312147,293463,32826,75130,2.718357478972915,0.2038291557354589
7277,0.147707809835182,0,2,0,312149,293461,32826,75130,2.71833895290674,0.2038302617264122
7278,0.147708751208509,2,16,2,312165,293445,32828,75128,2.7181907443773388,0.20383478985167117
7279,0.1477109102793307,22,142,22,312307,293303,32850,75106,2.7168753936789063,0.20386581218156993
7280,0.1477109308093481,0,1,0,312308,293302,32850,75106,2.7168661306458186,0.20386636555123666
7281,0.1477110217273064,1,2,1,312310,293300,32851,75105,2.7168476045796437,0.20386531127427696
7282,0.1477164480281526,1,1,1,312311,293299,32852,75104,2.716838341546556,0.20386370360719103
7283,0.1477176976951116,0,1,0,312312,293298,32852,75104,2.7168290785134683,0.20386425698014668
7284,0.1477182487252891,0,1,0,312313,293297,32852,75104,2.716819815480381,0.2038648103561065
7285,0.1477193194530205,2,2,2,312315,293295,32854,75102,2.7168012894142057,0.20386159496412837
7286,0.1477248660908424,4,49,4,312364,293246,32858,75098,2.7163474007929156,0.20388006863149666
7287,0.1477267426248545,1,21,1,312385,293225,32859,75097,2.716152877098077,0.20388953144259642
7288,0.1477335909032313,12,102,12,312487,293123,32871,75085,2.7152080477231464,0.20392006691869813
7289,0.1477344686192052,0,5,0,312492,293118,32871,75085,2.715161732557709,0.20392283604424732
7290,0.1477358815033269,0,1,0,312493,293117,32871,75085,2.715152469524621,0.203923389878382
7291,0.1477505069670725,7,82,7,312575,293035,32878,75078,2.7143929008114416,0.20395367726757815
7292,0.1477602221600056,0,8,0,312583,293027,32878,75078,2.7143187965467415,0.20395810977845996
7293,0.1477645206738659,6,28,6,312611,292999,32884,75072,2.71405943162029,0.20396064889654442
7294,0.1477647013578997,2,3,2,312614,292996,32886,75070,2.714031642521027,0.20395798579602573
7295,0.147774952757889,1,5,1,312619,292991,32887,75069,2.7139853273555894,0.20395859370754768
7296,0.1477752564332082,54,387,54,313006,292604,32941,75015,2.7104005335507058,0.2040563735824318
7297,0.1477759352980316,1,0,1,313006,292604,32942,75014,2.7104005335507058,0.20405420844463545
7298,0.1477766091855416,7,23,7,313029,292581,32949,75007,2.710187483789692,0.20405181888418555
7299,0.1477841395414071,0,3,0,313032,292578,32949,75007,2.7101596946904296,0.2040534842281377
7300,0.1477852079573466,0,3,0,313035,292575,32949,75007,2.7101319055911666,0.2040551495992731
7301,0.1477862089937028,0,1,0,313036,292574,32949,75007,2.7101226425580793,0.2040557047290257
7302,0.1477884610879759,0,4,0,313040,292570,32949,75007,2.710085590425729,0.20405792527824101
7303,0.147789322255456,0,1,0,313041,292569,32949,75007,2.7100763273926414,0.20405848042309618
7304,0.1477923821718238,0,1,0,313042,292568,32949,75007,2.7100670643595537,0.2040590355709719
7305,0.1477988533508872,3,0,3,313042,292568,32952,75004,2.7100670643595537,0.20405253936643705
7306,0.1478009292066296,2,7,2,313049,292561,32954,75002,2.710002223127941,0.20405209447087982
7307,0.1478015793847408,0,5,0,313054,292556,32954,75002,2.7099559079625033,0.2040548702517698
7308,0.1478032826981267,3,8,3,313062,292548,32957,74999,2.7098818036978027,0.20405281501413425
7309,0.1478060293543485,3,59,3,313121,292489,32960,74996,2.709335284745637,0.2040790780576078
7310,0.1478203626818039,0,2,0,313123,292487,32960,74996,2.709316758679462,0.20408018874342487
7311,0.1478268250784308,1,12,1,313135,292475,32961,74995,2.7092056022824114,0.20408468718534847
7312,0.1478303356924018,6,26,6,313161,292449,32967,74989,2.7089647634221348,0.20408613153783767
7313,0.1478313042763249,2,20,2,313181,292429,32969,74987,2.708779502760384,0.20409290831101531
7314,0.1478342508824081,0,2,0,313183,292427,32969,74987,2.708760976694209,0.20409401928070242
7315,0.1478414389291802,4,6,4,313189,292421,32973,74983,2.7087053984956833,0.20408868711282402
7316,0.1478430606870892,2,9,2,313198,292412,32975,74981,2.7086220311978955,0.204089353907124
7317,0.1478439412928248,1,9,1,313207,292403,32976,74980,2.7085386639001077,0.2040921871725148
7318,0.1478459599969261,0,2,0,313209,292401,32976,74980,2.7085201378339323,0.20409329823806893
7319,0.1478512126600225,0,2,0,313211,292399,32976,74980,2.7085016117677574,0.2040944093157203
7320,0.14785636187336,0,1,0,313212,292398,32976,74980,2.7084923487346697,0.20409496485908246
7321,0.1478711376483308,2,15,2,313227,292383,32978,74978,2.7083534032383563,0.20409896532293847
7322,0.1478789662244888,0,3,0,313230,292380,32978,74978,2.7083256141390937,0.20410063208096735
7323,0.147881404899591,0,1,0,313231,292379,32978,74978,2.708316351106006,0.2041011876730265
7324,0.1478869515374129,0,4,0,313235,292375,32978,74978,2.7082792989736557,0.2041034100715116
7325,0.1478967791579833,1,4,1,313239,292371,32979,74977,2.708242246841306,0.20410346592332065
7326,0.1478977107596038,1,4,1,313243,292367,32980,74976,2.7082051947089556,0.20410352177665017
7327,0.1478989303965913,7,33,7,313276,292334,32987,74969,2.707899514617066,0.20410669120589814
7328,0.1479058114623692,0,15,0,313291,292319,32987,74969,2.7077605691207527,0.2041150268998715
7329,0.1479067328814168,0,1,0,313292,292318,32987,74969,2.7077513060876655,0.20411558263701138
7330,0.1479156068981125,0,1,0,313293,292317,32987,74969,2.7077420430545778,0.20411613837717746
7331,0.147917047947134,0,1,0,313294,292316,32987,74969,2.70773278002149,0.20411669412036973
7332,0.1479175207320693,2,14,2,313308,292302,32989,74967,2.7076030975582643,0.20412014082321134
7333,0.1479186099565957,0,16,0,313324,292286,32989,74967,2.7074548890288637,0.20412903366344182
7334,0.1479356938384994,1,10,1,313334,292276,32990,74966,2.707362258697988,0.20413242494050246
7335,0.1479361919059091,3,7,3,313341,292269,32993,74963,2.7072974174663753,0.20412981439525968
7336,0.1479371600631943,0,1,0,313342,292268,32993,74963,2.7072881544332876,0.2041303702574129
7337,0.1479393916322616,2,18,2,313360,292250,32995,74961,2.7071214198377116,0.20413604167631144
7338,0.1479416031520154,0,1,0,313361,292249,32995,74961,2.707112156804624,0.20413659758721167
7339,0.1479426897150337,0,5,0,313366,292244,32995,74961,2.7070658416391864,0.2041393771871298
7340,0.1479426983834741,29,201,29,313567,292043,33024,74932,2.705203971988588,0.20418829620546358
7341,0.1479520893947046,4,33,4,313600,292010,33028,74928,2.704898291896699,0.20419798440063444
7342,0.1479540769264705,14,139,14,313739,291871,33042,74914,2.7036107302975285,0.20424499366113663
7343,0.1479544424307314,0,8,0,313747,291863,33042,74914,2.7035366260328284,0.2042494485750197
7344,0.1479597338046894,0,1,0,313748,291862,33042,74914,2.7035273629997407,0.2042500054529195
7345,0.1479621092007385,5,20,5,313768,291842,33047,74909,2.7033421023379898,0.20425029515938606
7346,0.1479634474029657,1,14,1,313782,291828,33048,74908,2.7032124198747636,0.20425592251646962
7347,0.1479636847307133,1,3,1,313785,291825,33049,74907,2.703184630775501,0.20425542357907137
7348,0.1479639770077992,2,7,2,313792,291818,33051,74905,2.703119789543888,0.20425498264357567
7349,0.1479656277684386,0,6,0,313798,291812,33051,74905,2.703064211345363,0.204258324539086
7350,0.1479661881120901,0,4,0,313802,291808,33051,74905,2.7030271592130126,0.20426055253018027
7351,0.1479662625038745,3,25,3,313827,291783,33054,74902,2.7027955833858237,0.20426796841976083
7352,0.1479669118096435,3,9,3,313836,291774,33057,74899,2.702712216088036,0.20426647176094231
7353,0.1479678991191944,7,6,7,313842,291768,33064,74892,2.7026566378895107,0.20425462281132384
7354,0.1479748341954259,0,1,0,313843,291767,33064,74892,2.702647374856423,0.20425517988103387
7355,0.1479845404096984,2,16,2,313859,291751,33066,74890,2.702499166327022,0.2042597527281455
7356,0.1479846631497503,3,13,3,313872,291738,33069,74887,2.702378746896884,0.20426048414592568
7357,0.1479850141452618,0,7,0,313879,291731,33069,74887,2.702313905665271,0.20426438418190052
7358,0.1479891423476443,5,39,5,313918,291692,33074,74882,2.7019526473748563,0.20427526229356147
7359,0.1479924211389723,0,3,0,313921,291689,33074,74882,2.7019248582755937,0.20427693407279898
7360,0.1480006866603914,0,12,0,313933,291677,33074,74882,2.7018137018785433,0.20428362146339335
7361,0.1480017793641442,6,38,6,313971,291639,33080,74876,2.701461706621216,0.20429177523430145
7362,0.1480028043761367,27,153,27,314124,291486,33107,74849,2.7000444625588202,0.20431845169039267
7363,0.1480034849324002,1,0,1,314124,291486,33108,74848,2.7000444625588202,0.20431627967919985
7364,0.1480040498829416,2,10,2,314134,291476,33110,74846,2.6999518322279448,0.20431751300768178
7365,0.1480051461336597,0,1,0,314135,291475,33110,74846,2.699942569194857,0.20431807076307393
7366,0.1480155021385796,40,236,40,314371,291239,33150,74806,2.697756493386194,0.20436285156196643
7367,0.1480211162144968,0,9,0,314380,291230,33150,74806,2.6976731260884064,0.20436787638374368
7368,0.1480232721268854,0,4,0,314384,291226,33150,74806,2.697636073956056,0.2043701097171832
7369,0.1480280641865153,1,3,1,314387,291223,33151,74805,2.6976082848567935,0.20436961106800572
7370,0.1480292647459193,0,2,0,314389,291221,33151,74805,2.6975897587906186,0.20437072776250867
7371,0.1480356287327938,0,1,0,314390,291220,33151,74805,2.697580495757531,0.20437128611433644
7372,0.1480362407509601,0,2,0,314392,291218,33151,74805,2.6975619696913555,0.20437240282714475
7373,0.1480363807638733,0,5,0,314397,291213,33151,74805,2.697515654525918,0.20437519466255757
7374,0.1480389236092083,9,47,9,314444,291166,33160,74796,2.697080291970803,0.20438187571387192
7375,0.148039414348985,26,119,26,314563,291047,33186,74770,2.695977991033384,0.2043918133930353
7376,0.1480416267351712,0,5,0,314568,291042,33186,74770,2.6959316758679464,0.20439460706592458
7377,0.1480417684974808,0,1,0,314569,291041,33186,74770,2.6959224128348587,0.20439516580966674
7378,0.1480479531535735,20,119,20,314688,290922,33206,74750,2.6948201118974398,0.204418167100571
7379,0.1480545442332411,1,1,1,314689,290921,33207,74749,2.694810848864352,0.20441655044165505
7380,0.1480604688343419,0,5,0,314694,290916,33207,74749,2.6947645336989146,0.20441934557586863
7381,0.1480607570720971,2,3,2,314697,290913,33209,74747,2.6947367445996515,0.20441667122463492
7382,0.1480615026628351,2,2,2,314699,290911,33211,74745,2.6947182185334766,0.20441343776664406
7383,0.1480638981624276,0,2,0,314701,290909,33211,74745,2.6946996924673017,0.20441455583693874
7384,0.1480672478248149,0,1,0,314702,290908,33211,74745,2.694690429434214,0.2044151148766727
7385,0.148073576794748,1,1,1,314703,290907,33212,74744,2.6946811664011263,0.20441349811705697
7386,0.1480772153665263,0,7,0,314710,290900,33212,74744,2.6946163251695134,0.20441741147126713
7387,0.1480858504348071,4,28,4,314738,290872,33216,74740,2.694356960243062,0.20442436243886963
7388,0.1480879661108771,0,2,0,314740,290870,33216,74740,2.694338434176887,0.20442548070348185
7389,0.1480902346513752,1,2,1,314742,290868,33217,74739,2.6943199081107116,0.20442442294595015
7390,0.1480949981345137,0,6,0,314748,290862,33217,74739,2.6942643299121865,0.20442777782336483
7391,0.1480962261528862,0,5,0,314753,290857,33217,74739,2.6942180147467485,0.20443057363866127
7392,0.1480964129276107,0,3,0,314756,290854,33217,74739,2.694190225647486,0.20443225116454636
7393,0.1481005277863532,6,26,6,314782,290828,33223,74733,2.6939493867872097,0.20443373335777065
7394,0.1481011490294742,2,52,2,314834,290776,33225,74731,2.693467709066657,0.2044584645437707
7395,0.1481051812413558,0,3,0,314837,290773,33225,74731,2.693439919967394,0.20446014270705656
7396,0.1481067464562682,12,40,12,314877,290733,33237,74719,2.693069398643892,0.20445639919880038
7397,0.1481077533053623,1,19,1,314896,290714,33238,74718,2.6928934010152283,0.20446485255806826
7398,0.1481103283774492,5,14,5,314910,290700,33243,74713,2.6927637185520026,0.20446180075695172
7399,0.148112002811953,3,12,3,314922,290688,33246,74710,2.692652562154952,0.20446198391890485
7400,0.1481137459243963,6,16,6,314938,290672,33252,74704,2.692504353625551,0.20445787353301803
7401,0.148115763647251,3,25,3,314963,290647,33255,74701,2.692272777798362,0.20446533168376452
7402,0.1481161623730409,2,9,2,314972,290638,33257,74699,2.6921894105005744,0.20446601357103167
7403,0.1481186767158051,0,5,0,314977,290633,33257,74699,2.6921430953351364,0.20446881192997055
7404,0.1481189114353906,6,9,6,314986,290624,33263,74693,2.6920597280373486,0.20446078337443918
7405,0.1481208619423502,18,169,18,315155,290455,33281,74675,2.690494275445552,0.20451619970969243
7406,0.1481236783385147,1,0,1,315155,290455,33282,74674,2.690494275445552,0.2045140210720047
7407,0.148124100575194,15,81,15,315236,290374,33297,74659,2.68974396976546,0.20452671402311573
7408,0.1481260590926497,0,3,0,315239,290371,33297,74659,2.6897161806661973,0.2045283949264444
7409,0.1481346031732877,0,1,0,315240,290370,33297,74659,2.6897069176331097,0.20452895523369377
7410,0.1481407770767152,2,12,2,315252,290358,33299,74657,2.6895957612360593,0.204531320630659
7411,0.1481424183881925,4,16,4,315268,290342,33303,74653,2.689447552706658,0.20453156892560173
7412,0.1481468704550556,6,49,6,315317,290293,33309,74647,2.688993664085368,0.2045459527593577
7413,0.1481477937156342,7,30,7,315347,290263,33316,74640,2.6887157730927416,0.20454750988618894
7414,0.1481502730507223,0,1,0,315348,290262,33316,74640,2.688706510059654,0.20454807044083068
7415,0.1481511857664053,0,1,0,315349,290261,33316,74640,2.688697247026566,0.2045486309985448
7416,0.1481513496529497,12,75,12,315424,290186,33328,74628,2.688002519545,0.2045645178090753
7417,0.1481517290032919,4,10,4,315434,290176,33332,74624,2.6879098892141244,0.20456140350877192
7418,0.1481540216288747,0,3,0,315437,290173,33332,74624,2.6878821001148614,0.20456308577099044
7419,0.1481558761471149,3,7,3,315444,290166,33335,74621,2.6878172588832485,0.20456046953427617
7420,0.1481596854073398,0,2,0,315446,290164,33335,74621,2.6877987328170736,0.2045615910741944
7421,0.1481607768155692,0,1,0,315447,290163,33335,74621,2.687789469783986,0.2045621518487653
7422,0.1481618400289507,3,21,3,315468,290142,33338,74618,2.6875949460891473,0.20456738677486566
7423,0.1481651797589029,0,4,0,315472,290138,33338,74618,2.687557893956797,0.2045696301088947
7424,0.148167973662754,7,31,7,315503,290107,33345,74611,2.687270739931083,0.20457175132568176
7425,0.1481704775955238,3,11,3,315514,290096,33348,74608,2.6871688465671197,0.20457137843292095
7426,0.1481705669305205,1,13,1,315527,290083,33349,74607,2.6870484271369817,0.20457648962132222
7427,0.1481737411213242,15,108,15,315635,289975,33364,74592,2.686048019563526,0.20460436627560916
7428,0.1481745650236381,2,2,2,315637,289973,33366,74590,2.686029493497351,0.20460112518275306
7429,0.1481839004967327,0,1,0,315638,289972,33366,74590,2.6860202304642633,0.20460168640725035
7430,0.1481860707977613,0,2,0,315640,289970,33366,74590,2.686001704398088,0.20460280886548168
7431,0.1481907814816231,0,1,0,315641,289969,33366,74590,2.6859924413650007,0.20460337009921575
7432,0.1481917713909947,0,1,0,315642,289968,33366,74590,2.685983178331913,0.20460393133602883
7433,0.1481943000493232,1,4,1,315646,289964,33367,74589,2.6859461261995627,0.20460399448091224
7434,0.1481948386040667,0,8,0,315654,289956,33367,74589,2.685872021934862,0.2046084845492326
7435,0.14819648399043,22,90,22,315744,289866,33389,74567,2.6850383489569825,0.20461099845513442
7436,0.1481965413742346,0,1,0,315745,289865,33389,74567,2.6850290859238948,0.20461155990692365
7437,0.1481980845801667,0,1,0,315746,289864,33389,74567,2.6850198228908075,0.20461212136179413
7438,0.1482024003100152,0,1,0,315747,289863,33389,74567,2.68501055985772,0.2046126828197459
7439,0.1482054581738394,1,1,1,315748,289862,33390,74566,2.685001296824632,0.20461106171863852
7440,0.1482069425984255,1,3,1,315751,289859,33391,74565,2.6849735077253696,0.20461056351941695
7441,0.1482108767077237,0,1,0,315752,289858,33391,74565,2.684964244692282,0.20461112498387862
7442,0.1482112064595092,52,290,52,316042,289568,33443,74513,2.6822779650968913,0.20466050137194744
7443,0.1482121652688555,53,454,53,316496,289114,33496,74460,2.678072548075142,0.20480012322113242
7444,0.1482138331416898,0,1,0,316497,289113,33496,74460,2.6780632850420543,0.20480068651962605
7445,0.1482139791233358,27,156,27,316653,288957,33523,74433,2.6766182518803956,0.20482952200115578
7446,0.1482204439185684,3,4,3,316657,288953,33526,74430,2.6765811997480453,0.2048252119664376
7447,0.1482252638389532,0,1,0,316658,288952,33526,74430,2.676571936714958,0.20482577563005322
7448,0.148225856838994,7,18,7,316676,288934,33533,74423,2.676405202119382,0.20482060342858402
7449,0.1482292200615443,0,14,0,316690,288920,33533,74423,2.6762755196561563,0.2048284953886548
7450,0.1482385028073516,6,29,6,316719,288891,33539,74417,2.676006891696617,0.2048317130368723
7451,0.1482477125255853,1,2,1,316721,288889,33540,74416,2.675988365630442,0.20483065193157265
7452,0.1482496609373799,4,28,4,316749,288861,33544,74412,2.6757290007039907,0.20483768405579275
7453,0.1482537526431886,1,3,1,316752,288858,33545,74411,2.675701211604728,0.2048371867679323
7454,0.1482549587740007,26,81,26,316833,288777,33571,74385,2.674950905924636,0.2048259454458341
7455,0.1482568585887621,4,22,4,316855,288755,33575,74381,2.67474711919671,0.20482959552344027
7456,0.1482627350916585,4,37,4,316892,288718,33579,74377,2.67440438697247,0.20484170809292335
7457,0.1482632344760447,2,8,2,316900,288710,33581,74375,2.67433028270777,0.20484184144208656
7458,0.1482645845275876,32,168,32,317068,288542,33613,74343,2.672774093149061,0.2048665555203439
7459,0.1482688709177145,0,4,0,317072,288538,33613,74343,2.6727370410167106,0.20486881374334837
7460,0.1482699719785297,0,4,0,317076,288534,33613,74343,2.6726999888843603,0.2048710720161377
7461,0.1482717538235776,0,3,0,317079,288531,33613,74343,2.6726721997850977,0.20487276575340202
7462,0.14827513964692,2,2,2,317081,288529,33615,74341,2.6726536737189224,0.20486951249758867
7463,0.1482765147871245,4,38,4,317119,288491,33619,74337,2.6723016784615954,0.20488220313757483
7464,0.1482779149334018,0,4,0,317123,288487,33619,74337,2.672264626329245,0.20488446188785747
7465,0.1482810225527116,0,6,0,317129,288481,33619,74337,2.67220904813072,0.20488785010666505
7466,0.1482818302270247,0,5,0,317134,288476,33619,74337,2.672162732965282,0.2048906737079432
7467,0.1482835253532362,4,8,4,317142,288468,33623,74333,2.672088628700582,0.20488642534061371
7468,0.1482855812630193,4,40,4,317182,288428,33627,74329,2.6717181073770795,0.20490025002963416
7469,0.1482869892171613,1,1,1,317183,288427,33628,74328,2.671708844343992,0.20489862303758735
7470,0.1482968245740965,12,35,12,317218,288392,33640,74316,2.6713846381859274,0.204892089504505
7471,0.148302787630376,0,8,0,317226,288384,33640,74316,2.6713105339212273,0.2048966087675765
7472,0.1483030028503319,0,8,0,317234,288376,33640,74316,2.6712364296565267,0.20490112823001336
7473,0.1483047085263751,10,83,10,317317,288293,33650,74306,2.67046759791026,0.20492610294016256
7474,0.148305180699217,0,19,0,317336,288274,33650,74306,2.670291600281596,0.20493684152462904
7475,0.1483059480857997,0,1,0,317337,288273,33650,74306,2.6702823372485085,0.2049374067444612
7476,0.1483064262021544,1,6,1,317343,288267,33651,74305,2.6702267590499833,0.20493860529770638
7477,0.148307408787826,1,0,1,317343,288267,33652,74304,2.6702267590499833,0.20493641245438823
7478,0.1483090238377248,0,2,0,317345,288265,33652,74304,2.6702082329838084,0.20493754292286434
7479,0.1483091877242691,19,144,19,317489,288121,33671,74285,2.6688743562192005,0.2049772906629581
7480,0.1483154544830482,1,4,1,317493,288117,33672,74284,2.6688373040868503,0.2049773593339974
7481,0.1483157774742747,2,0,2,317493,288117,33674,74282,2.6688373040868503,0.20497297177972346
7482,0.1483163804667499,1,22,1,317515,288095,33675,74281,2.668633517358924,0.20498322184692144
7483,0.1483186148868887,1,13,1,317528,288082,33676,74280,2.668513097928786,0.2049883817839619
7484,0.1483192805343352,0,2,0,317530,288080,33676,74280,2.6684945718626105,0.20498951319130146
7485,0.1483201683131164,1,0,1,317530,288080,33677,74279,2.6684945718626105,0.20498731920553925
7486,0.1483222621464325,0,4,0,317534,288076,33677,74279,2.6684575197302607,0.20498958203971243
7487,0.1483227165959577,0,1,0,317535,288075,33677,74279,2.668448256697173,0.20499014775606175
7488,0.1483233750836984,2,1,2,317536,288074,33679,74277,2.6684389936640853,0.20498632541375628
7489,0.1483264256460153,0,2,0,317538,288072,33679,74277,2.6684204675979104,0.2049874568440923
7490,0.1483280379767455,3,21,3,317559,288051,33682,74274,2.6682259439030718,0.2049927551231629
7491,0.1483351305637948,0,2,0,317561,288049,33682,74274,2.6682074178368964,0.20499388667018104
7492,0.1483403382398004,1,0,1,317561,288049,33683,74273,2.6682074178368964,0.20499169247244164
7493,0.1483411416265411,1,2,1,317563,288047,33684,74272,2.6681888917707215,0.2049906298041229
7494,0.1483427422596712,0,4,0,317567,288043,33684,74272,2.668151839638371,0.204992892924665
7495,0.1483432808498264,1,10,1,317577,288033,33685,74271,2.6680592093074957,0.2049963566507684
7496,0.1483458792206424,2,4,2,317581,288029,33687,74269,2.6680221571751455,0.20499423126818256
7497,0.1483472214575652,3,6,3,317587,288023,33690,74266,2.6679665789766203,0.20499104306230662
7498,0.1483490083109137,9,34,9,317621,287989,33699,74257,2.667651635851643,0.20499053129641184
7499,0.1483543213244446,0,6,0,317627,287983,33699,74257,2.667596057653118,0.20499392667844524
7500,0.1483546384483734,0,1,0,317628,287982,33699,74257,2.6675867946200302,0.20499449258638633
7501,0.1483550860883795,14,69,14,317697,287913,33713,74243,2.666947645336989,0.2050028164658324
7502,0.1483562350020546,5,44,5,317741,287869,33718,74238,2.666540071881137,0.20501674919291812
7503,0.1483623961118788,6,35,6,317776,287834,33724,74232,2.6662158657230726,0.20502339352493745
7504,0.1483626487902621,0,1,0,317777,287833,33724,74232,2.666206602689985,0.20502395978622623
7505,0.1483638040506828,0,1,0,317778,287832,33724,74232,2.666197339656897,0.20502452605064297
7506,0.1483677339950126,1,12,1,317790,287820,33725,74231,2.666086183259847,0.20502912573090532
7507,0.1483728116093988,0,2,0,317792,287818,33725,74231,2.6660676571936714,0.20503025833519772
7508,0.1483738846492873,2,6,2,317798,287812,33727,74229,2.6660120789951463,0.20502926464129753
7509,0.1483742507154259,17,122,17,317920,287690,33744,74212,2.6648819889584647,0.2050610386237158
7510,0.1483745635854752,10,69,10,317989,287621,33754,74202,2.664242839675423,0.20507817358211058
7511,0.1483791902181497,3,35,3,318024,287586,33757,74199,2.663918633517359,0.20509142170073386
7512,0.1483865250856288,0,4,0,318028,287582,33757,74199,2.6638815813850085,0.20509368927610902
7513,0.1483867712315416,2,5,2,318033,287577,33759,74197,2.663835266219571,0.20509212934041696
7514,0.1483876388906083,1,13,1,318046,287564,33760,74196,2.663714846789433,0.20509730207872623
7515,0.148389702919489,0,6,0,318052,287558,33760,74196,2.6636592685909073,0.20510070379318543
7516,0.1483898383898903,6,28,6,318080,287530,33766,74190,2.663399903664456,0.20510339489107596
7517,0.1483905123098353,1,3,1,318083,287527,33767,74189,2.663372114565193,0.20510289840648466
7518,0.1483958534734838,4,27,4,318110,287500,33771,74185,2.6631220126718294,0.20510941841657795
7519,0.1483987419826861,0,3,0,318113,287497,33771,74185,2.6630942235725668,0.20511111971289697
7520,0.1483999356615251,1,7,1,318120,287490,33772,74184,2.663029382340954,0.2051128917201679
7521,0.1484017361051751,0,2,0,318122,287488,33772,74184,2.6630108562747785,0.20511402596828066
7522,0.1484032373045227,0,1,0,318123,287487,33772,74184,2.6630015932416913,0.20511459309704122
7523,0.1484037617128121,1,2,1,318125,287485,33773,74183,2.662983067175516,0.20511352953537498
7524,0.1484040475515485,0,2,0,318127,287483,33773,74183,2.662964541109341,0.2051146638058319
7525,0.1484045543704162,16,157,16,318284,287326,33789,74167,2.6615102449145946,0.2051685648131499
7526,0.148411358465295,0,1,0,318285,287325,33789,74167,2.6615009818815074,0.20516913237360715
7527,0.1484116412331436,0,19,0,318304,287306,33789,74167,2.6613249842528437,0.20517991661894527
7528,0.1484119993939721,0,1,0,318305,287305,33789,74167,2.661315721219756,0.20518048424220964
7529,0.1484125191552224,32,181,32,318486,287124,33821,74135,2.659639112230909,0.20521288050955133
7530,0.1484171334067821,1,1,1,318487,287123,33822,74134,2.659629849197821,0.20521124850175915
7531,0.1484174423195472,0,4,0,318491,287119,33822,74134,2.659592797065471,0.20521352071816704
7532,0.1484190157941071,2,17,2,318508,287102,33824,74132,2.6594353255029826,0.20521877785590503
7533,0.148420569046057,71,275,71,318783,286827,33895,74061,2.6568879914039054,0.20521879364234888
7534,0.148420573162978,7,52,7,318835,286775,33902,74054,2.6564063136833527,0.20523294967976521
7535,0.1484215973649007,0,1,0,318836,286774,33902,74054,2.656397050650265,0.20523351846309046
7536,0.1484234949920012,4,39,4,318875,286735,33906,74050,2.6560357923598503,0.20524689219341158
7537,0.1484235108849513,5,11,5,318886,286724,33911,74045,2.655933898995887,0.20524213554934043
7538,0.1484284985203454,0,8,0,318894,286716,33911,74045,2.6558597947311866,0.20524668686471098
7539,0.1484289219332856,8,34,8,318928,286682,33919,74037,2.65554485160621,0.2052484066544873
7540,0.1484329777182395,2,17,2,318945,286665,33921,74035,2.6553873800437215,0.20525367341280842
7541,0.1484345611387127,0,6,0,318951,286659,33921,74035,2.6553318018451963,0.2052570877253295
7542,0.1484362243532739,3,5,3,318956,286654,33924,74032,2.6552854866797584,0.2052533228348203
7543,0.1484364985665424,0,2,0,318958,286652,33924,74032,2.6552669606135835,0.20525446096860409
7544,0.1484391196268503,4,35,4,318993,286617,33928,74028,2.654942754455519,0.2052655658611654
7545,0.1484471299687391,8,67,8,319060,286550,33936,74020,2.654322131238653,0.20528607482597
7546,0.1484531156633641,9,42,9,319102,286508,33945,74011,2.6539330838489756,0.20529015114321297
7547,0.1484542198497385,3,11,3,319113,286497,33948,74008,2.6538311904850125,0.2052898018058002
7548,0.1484566079835934,0,2,0,319115,286495,33948,74008,2.653812664418837,0.20529094071339213
7549,0.1484586068962741,0,4,0,319119,286491,33948,74008,2.6537756122864873,0.205293218566487
7550,0.1484621547265611,1,18,1,319137,286473,33949,74007,2.6536088776909112,0.20530126498002663
7551,0.1484656961021723,1,4,1,319141,286469,33950,74006,2.653571825558561,0.20530133851168597
7552,0.1484672661457874,1,9,1,319150,286460,33951,74005,2.6534884582607727,0.20530425977556768
7553,0.1484674602954235,3,60,3,319210,286400,33954,74002,2.65293267627552,0.20533182390774746
7554,0.148472882704188,11,32,11,319242,286368,33965,73991,2.652636259216718,0.2053258001048954
7555,0.1484741615817709,0,2,0,319244,286366,33965,73991,2.6526177331505427,0.20532693967371246
7556,0.1484783740619023,0,7,0,319251,286359,33965,73991,2.65255289191893,0.20533092826418758
7557,0.14847926723964,0,4,0,319255,286355,33965,73991,2.6525158397865796,0.20533320752832002
7558,0.1484803213571233,0,1,0,319256,286354,33965,73991,2.6525065767534923,0.20533377735225963
7559,0.1484816393722104,0,1,0,319257,286353,33965,73991,2.6524973137204046,0.20533434717936194
7560,0.1484820731152762,1,5,1,319262,286348,33966,73990,2.6524509985549667,0.2053349910361938
7561,0.1484823654304262,0,3,0,319265,286345,33966,73990,2.652423209455704,0.20533670057030262
7562,0.1484832262120648,2,14,2,319279,286331,33968,73988,2.6522935269924783,0.20534026792925159
7563,0.1484835601291154,2,15,2,319294,286316,33970,73986,2.652154581496165,0.205344405526475
7564,0.1484853879503627,1,9,1,319303,286307,33971,73985,2.652071214198377,0.20534732938838499
7565,0.1484855308696467,10,31,10,319334,286276,33981,73975,2.651784060172663,0.2053429414491563
7566,0.148485797870117,0,5,0,319339,286271,33981,73975,2.651737745007225,0.2053457914869284
7567,0.1484877054099588,0,14,0,319353,286257,33981,73975,2.6516080625439993,0.20535377201359123
7568,0.1484901152759574,2,17,2,319370,286240,33983,73973,2.651450590981511,0.20535905145011424
7569,0.1484905462787919,1,3,1,319373,286237,33984,73972,2.6514228018822483,0.20535855572736939
7570,0.1484929686351142,1,1,1,319374,286236,33985,73971,2.6514135388491606,0.2053569197711316
7571,0.1484963939394295,1,3,1,319377,286233,33986,73970,2.651385749749898,0.20535642401645737
7572,0.1484981763111198,4,15,4,319392,286218,33990,73966,2.6512468042535846,0.20535615130044643
7573,0.1484999113104174,0,15,0,319407,286203,33990,73966,2.6511078587572716,0.20536470379183105
7574,0.148500550027555,0,2,0,319409,286201,33990,73966,2.6510893326910963,0.20536584417783973
7575,0.1485016145852591,3,21,3,319430,286180,33993,73963,2.6508948089962576,0.20537119977342333
7576,0.148512159395764,4,25,4,319455,286155,33997,73959,2.6506632331690687,0.20537663073360102
7577,0.1485127233345101,1,8,1,319463,286147,33998,73958,2.6505891289043686,0.20537898668443927
7578,0.148514253543904,0,4,0,319467,286143,33998,73958,2.6505520767720183,0.20538126803313514
7579,0.1485144299145614,1,4,1,319471,286139,33999,73957,2.650515024639668,0.20538134275304362
7580,0.1485188164182179,0,2,0,319473,286137,33999,73957,2.650496498573493,0.20538248346265142
7581,0.1485196018890802,0,2,0,319475,286135,33999,73957,2.6504779725073178,0.20538362418493053
7582,0.1485216421220023,2,5,2,319480,286130,34001,73955,2.6504316573418802,0.2053820625685602
7583,0.1485216539715098,0,4,0,319484,286126,34001,73955,2.65039460520953,0.20538434407813796
7584,0.148526657499854,0,1,0,319485,286125,34001,73955,2.6503853421764423,0.20538491446345256
7585,0.1485283978770271,2,2,2,319487,286123,34003,73953,2.6503668161102674,0.20538164165342873
7586,0.1485301181477216,0,6,0,319493,286117,34003,73953,2.6503112379117417,0.20538506401533035
7587,0.1485311366977481,0,8,0,319501,286109,34003,73953,2.650237133647041,0.2053896273419578
7588,0.1485328782278862,0,2,0,319503,286107,34003,73953,2.6502186075808662,0.2053907682052991
7589,0.14853488043071,1,16,1,319519,286091,34004,73952,2.6500703990514656,0.2053976886094161
7590,0.1485374292008943,2,5,2,319524,286086,34006,73950,2.6500240838860276,0.20539612705396126
7591,0.1485375743256459,2,7,2,319531,286079,34008,73948,2.6499592426544147,0.20539570643312863
7592,0.1485428798945084,1,35,1,319566,286044,34009,73947,2.6496350364963503,0.2054134686700501
7593,0.1485443631569483,1,5,1,319571,286039,34010,73946,2.6495887213309124,0.2054141144769921
7594,0.148544609302861,2,3,2,319574,286036,34012,73944,2.64956093223165,0.20541141174509694
7595,0.1485478829087714,1,3,1,319577,286033,34013,73943,2.649533143132387,0.20541091628330777
7596,0.1485494143981391,1,0,1,319577,286033,34014,73942,2.649533143132387,0.20540870893812072
7597,0.1485498707725476,4,26,4,319603,286007,34018,73938,2.649292304272111,0.20541471613718762
7598,0.1485504596056528,0,4,0,319607,286003,34018,73938,2.6492552521397608,0.20541699889704146
7599,0.1485616760111007,22,192,22,319799,285811,34040,73916,2.64747674978695,0.20547804307155149
7600,0.1485622865342931,0,1,0,319800,285810,34040,73916,2.647467486753863,0.20547861427864542
7601,0.1485624316590447,0,1,0,319801,285809,34040,73916,2.647458223720775,0.20547918548891514
7602,0.1485666036466011,5,5,5,319806,285804,34045,73911,2.647411908555337,0.20547099787331638
7603,0.1485677372279071,0,4,0,319810,285800,34045,73911,2.6473748564229873,0.2054732827186269
7604,0.1485698691288396,13,105,13,319915,285695,34058,73898,2.646402237948794,0.20550455654031086
7605,0.1485717523028897,0,3,0,319918,285692,34058,73898,2.646374448849531,0.2055062710308963
7606,0.1485721107626982,5,15,5,319933,285677,34063,73893,2.646235503353218,0.20550379620101789
7607,0.1485753309095022,1,6,1,319939,285671,34064,73892,2.6461799251546925,0.20550501581085928
7608,0.1485761360783851,4,31,4,319970,285640,34068,73888,2.6458927711289784,0.2055138959969738
7609,0.1485808751179065,5,36,5,320006,285604,34073,73883,2.6455593019378267,0.20552342643823004
7610,0.1485846501109055,1,5,1,320011,285599,34074,73882,2.6455129867723888,0.20552407498588243
7611,0.1485910073798561,0,13,0,320024,285586,34074,73882,2.6453925673422507,0.2055315076724493
7612,0.1485990908486677,2,7,2,320031,285579,34076,73880,2.645327726110638,0.2055310897765809
7613,0.1485999140296325,1,14,1,320045,285565,34077,73879,2.645198043647412,0.20553688474421608
7614,0.1485999586121703,22,148,22,320193,285417,34099,73857,2.643827114750454,0.20557290535914094
7615,0.148600188242901,0,1,0,320194,285416,34099,73857,2.6438178517173663,0.20557347755049782
7616,0.1486040492432252,3,7,3,320201,285409,34102,73854,2.6437530104857534,0.20557084921074534
7617,0.1486043785323109,0,2,0,320203,285407,34102,73854,2.6437344844195785,0.2055719936202371
7618,0.1486093217494137,0,5,0,320208,285402,34102,73854,2.6436881692541405,0.20557485469971273
7619,0.1486123888741996,2,16,2,320224,285386,34104,73852,2.64353996072474,0.20557958790551112
7620,0.1486125739782487,0,1,0,320225,285385,34104,73852,2.643530697691652,0.2055801601728107
7621,0.1486138723495278,5,12,5,320237,285373,34109,73847,2.6434195412946013,0.2055759701575636
7622,0.1486164713112858,33,150,33,320387,285223,34142,73814,2.6420300863314683,0.20558883903330297
7623,0.148621486720431,1,2,1,320389,285221,34143,73813,2.6420115602652934,0.20558777163165606
7624,0.1486225570676698,2,21,2,320410,285200,34145,73811,2.6418170365704547,0.20559537172955702
7625,0.1486256992781681,2,12,2,320422,285188,34147,73809,2.641705880173404,0.2055978183661702
7626,0.1486258444029197,3,23,3,320445,285165,34150,73806,2.6414928304123904,0.20560435244072642
7627,0.1486265304980949,1,1,1,320446,285164,34151,73805,2.6414835673793027,0.20560271221191803
7628,0.148626945463735,0,5,0,320451,285159,34151,73805,2.6414372522138647,0.20560557604662305
7629,0.148628906576624,1,0,1,320451,285159,34152,73804,2.6414372522138647,0.20560336302070129
7630,0.1486293374469292,0,2,0,320453,285157,34152,73804,2.64141872614769,0.20560450856778312
7631,0.1486311499717822,2,57,2,320510,285100,34154,73802,2.640890733261699,0.20563273539852103
7632,0.1486323640872483,14,38,14,320548,285062,34168,73788,2.640538738004372,0.2056235195764247
7633,0.1486339380465526,0,9,0,320557,285053,34168,73788,2.6404553707065843,0.2056286767677049
7634,0.1486342919669249,0,11,0,320568,285042,34168,73788,2.640353477342621,0.2056349803528133
7635,0.1486399111865956,7,23,7,320591,285019,34175,73781,2.640140427581607,0.20563266443701225
7636,0.1486425221364569,0,1,0,320592,285018,34175,73781,2.64013116454852,0.2056332375508293
7637,0.1486491460266793,0,3,0,320595,285015,34175,73781,2.640103375449257,0.20563495691144829
7638,0.1486503513910695,0,1,0,320596,285014,34175,73781,2.6400941124161696,0.205635530038044
7639,0.1486506468558232,0,1,0,320597,285013,34175,73781,2.640084849383082,0.20563610316783446
7640,0.1486528573078222,1,2,1,320599,285011,34176,73780,2.640066323316907,0.2056350354384586
7641,0.14866324147314,1,1,1,320600,285010,34177,73779,2.6400570602838194,0.20563339455780416
7642,0.148663600986776,2,16,2,320616,284994,34179,73777,2.6399088517544183,0.205638136861675
7643,0.1486638454354299,0,1,0,320617,284993,34179,73777,2.639899588721331,0.2056387100370711
7644,0.1486640154378505,0,2,0,320619,284991,34179,73777,2.6398810626551557,0.20563985639744906
7645,0.1486677206710341,2,6,2,320625,284985,34181,73775,2.6398254844566305,0.2056388672092764
7646,0.1486678736530192,1,2,1,320627,284983,34182,73774,2.6398069583904555,0.20563779940182353
7647,0.1486701998796958,3,13,3,320640,284970,34185,73771,2.639686538960317,0.20563860835533157
7648,0.148670255014531,4,48,4,320688,284922,34189,73767,2.6392419133721146,0.20565726855298044
7649,0.1486727241993782,1,1,1,320689,284921,34190,73766,2.639232650339027,0.2056556273296774
7650,0.1486772033972723,0,12,0,320701,284909,34190,73766,2.6391214939419765,0.20566250784136056
7651,0.1486788679258154,1,5,1,320706,284904,34191,73765,2.6390751787765385,0.20566316018390216
7652,0.148679811036263,0,2,0,320708,284902,34191,73765,2.6390566527103636,0.20566430700343216
7653,0.1486815970416732,0,2,0,320710,284900,34191,73765,2.6390381266441882,0.20566545383575202
7654,0.1486836647259587,1,0,1,320710,284900,34192,73764,2.6390381266441882,0.20566323913188947
7655,0.148684134713392,1,9,1,320719,284891,34193,73763,2.6389547593464004,0.2056661852370251
7656,0.148692319320499,0,2,0,320721,284889,34193,73763,2.638936233280225,0.20566733212138785
7657,0.1486963259592775,5,7,5,320728,284882,34198,73758,2.638871392048612,0.2056602721391925
7658,0.1486981576329166,0,2,0,320730,284880,34198,73758,2.6388528659824373,0.2056614190353504
7659,0.1487003799605963,0,4,0,320734,284876,34198,73758,2.638815813850087,0.2056637128660417
7660,0.1487011188772529,1,11,1,320745,284865,34199,73757,2.638713920486124,0.205667806213785
7661,0.1487026927445288,0,6,0,320751,284859,34199,73757,2.6386583422875987,0.20567124723938698
7662,0.1487054987816959,4,51,4,320802,284808,34203,73753,2.6381859276001336,0.2056916396373281
7663,0.1487055233784308,0,8,0,320810,284800,34203,73753,2.638111823335433,0.20569622900937937
7664,0.1487068166081664,1,2,1,320812,284798,34204,73752,2.6380932972692577,0.2056951610654023
7665,0.1487072432938788,4,26,4,320838,284772,34208,73748,2.6378524584089815,0.20570121611067724
7666,0.1487131040744977,0,1,0,320839,284771,34208,73748,2.637843195375894,0.20570178986329873
7667,0.1487144016933256,0,2,0,320841,284769,34208,73748,2.637824669309719,0.20570293737814385
7668,0.1487152869714693,0,2,0,320843,284767,34208,73748,2.6378061432435436,0.20570408490579195
7669,0.1487176497500515,1,4,1,320847,284763,34209,73747,2.6377690911111933,0.20570416445845305
7670,0.1487251830626695,2,8,2,320855,284755,34211,73745,2.637694986846493,0.20570432357043236
7671,0.1487259762106517,1,0,1,320855,284755,34212,73744,2.637694986846493,0.20570210795567073
7672,0.1487351280343002,1,16,1,320871,284739,34213,73743,2.637546778317092,0.2057090732589084
7673,0.148739600093164,1,11,1,320882,284728,34214,73742,2.637444884953129,0.20571316986079727
7674,0.148742488182225,1,9,1,320891,284719,34215,73741,2.637361517655341,0.20571611895330022
7675,0.1487457847904019,1,6,1,320897,284713,34216,73740,2.637305939456816,0.2057173464861502
7676,0.1487460044299453,0,4,0,320901,284709,34216,73740,2.6372688873244656,0.2057196421248211
7677,0.1487470774698338,5,8,5,320909,284701,34221,73735,2.637194783059765,0.20571315381267508
7678,0.1487523830386962,3,30,3,320939,284671,34224,73732,2.6369168920671386,0.20572372441078898
7679,0.1487546810581728,9,73,9,321012,284598,34233,73723,2.636240690651747,0.2057456861305924
7680,0.1487595787970277,1,10,1,321022,284588,34234,73722,2.6361480603208713,0.20574921157656778
7681,0.1487597387031526,24,112,24,321134,284476,34258,73698,2.6351106006150653,0.20576032877875
7682,0.1487622882259698,2,0,2,321134,284476,34260,73696,2.6351106006150653,0.2057558938163787
7683,0.1487639180735638,0,1,0,321135,284475,34260,73696,2.635101337581978,0.2057564682791181
7684,0.1487677389195839,2,3,2,321138,284472,34262,73694,2.635073548482715,0.2057537566379835
7685,0.1487687202788981,0,1,0,321139,284471,34262,73694,2.635064285449628,0.20575433110437927
7686,0.1487712390498276,0,1,0,321140,284470,34262,73694,2.63505502241654,0.20575490557398288
7687,0.1487714831311019,0,3,0,321143,284467,34262,73694,2.6350272333172775,0.20575662900204097
7688,0.1487719348032325,0,2,0,321145,284465,34262,73694,2.635008707251102,0.2057577779701194
7689,0.1487756795075777,0,1,0,321146,284464,34262,73694,2.634999444218015,0.20575835245897062
7690,0.1487770032907328,0,1,0,321147,284463,34262,73694,2.6349901811849272,0.20575892695102985
7691,0.1487772403720949,1,1,1,321148,284462,34263,73693,2.6349809181518395,0.2057572838575477
7692,0.1487776326371911,3,7,3,321155,284455,34266,73690,2.6349160769202267,0.20575465244523866
7693,0.1487782358053958,0,1,0,321156,284454,34266,73690,2.634906813887139,0.20575522694781986
7694,0.1487791061097429,1,2,1,321158,284452,34267,73689,2.634888287820964,0.2057541582784434
7695,0.148779193367029,0,2,0,321160,284450,34267,73689,2.634869761754789,0.2057553072968875
7696,0.1487803951389892,10,66,10,321226,284384,34277,73679,2.63425840157101,0.2057710514630107
7697,0.1487826388113936,6,24,6,321250,284360,34283,73673,2.634036088776909,0.20577153502610093
7698,0.1487848340536901,1,14,1,321264,284346,34284,73672,2.6339064063136832,0.20577736314933887
7699,0.1487870103465239,0,1,0,321265,284345,34284,73672,2.633897143280596,0.20577793791914908
7700,0.1487885888359811,1,1,1,321266,284344,34285,73671,2.6338878802475083,0.2057762942893454
7701,0.1487893889545267,2,21,2,321287,284323,34287,73669,2.6336933565526697,0.20578392813247223
7702,0.1487972873884732,0,7,0,321294,284316,34287,73669,2.633628515321057,0.2057879520091624
7703,0.1487974768642311,2,26,2,321320,284290,34289,73667,2.63338767646078,0.2057984618264205
7704,0.1487983817914529,0,1,0,321321,284289,34289,73667,2.633378413427693,0.2057990367531205
7705,0.1487986231550084,0,5,0,321326,284284,34289,73667,2.633332098262255,0.20580191143480533
7706,0.1488001899345777,0,2,0,321328,284282,34289,73667,2.63331357219608,0.205803061329966
7707,0.1488003667337481,0,4,0,321332,284278,34289,73667,2.63327652006373,0.20580536115883724
7708,0.1488061298713404,2,2,2,321334,284276,34291,73665,2.6332579939975544,0.2058020735260839
7709,0.1488073850094239,0,1,0,321335,284275,34291,73665,2.633248730964467,0.2058026484885735
7710,0.1488075545236274,1,4,1,321339,284271,34292,73664,2.633211678832117,0.20580272954586726
7711,0.1488087393357064,0,3,0,321342,284268,34292,73664,2.6331838897328543,0.20580445447738677
7712,0.1488091975342769,6,21,6,321363,284247,34298,73658,2.6329893660380157,0.20580321593719003
7713,0.1488094171738203,2,18,2,321381,284229,34300,73656,2.6328226314424397,0.20580912863070538
7714,0.1488096913870888,0,2,0,321383,284227,34300,73656,2.6328041053762643,0.20581027877825994
7715,0.1488121171993688,0,3,0,321386,284224,34300,73656,2.6327763162770017,0.2058120040236951
7716,0.1488136943956356,0,3,0,321389,284221,34300,73656,2.632748527177739,0.20581372929805491
7717,0.1488203594019798,0,2,0,321391,284219,34300,73656,2.632730001111564,0.2058148794970311
7718,0.1488210795444594,4,36,4,321427,284183,34304,73652,2.632396531920412,0.20582670784020568
7719,0.1488250472679765,0,1,0,321428,284182,34304,73652,2.6323872688873244,0.2058272830418574
7720,0.1488255587423535,6,75,6,321503,284107,34310,73646,2.6316925414057577,0.20585711370694307
7721,0.148826910904311,0,8,0,321511,284099,34310,73646,2.6316184371410576,0.2058617171448937
7722,0.1488291140324064,0,1,0,321512,284098,34310,73646,2.63160917410797,0.205862292589114
7723,0.1488291814231083,0,3,0,321515,284095,34310,73646,2.6315813850087073,0.20586401894107748
7724,0.1488299278792249,2,23,2,321538,284072,34312,73644,2.6313683352476933,0.20587281530599694
7725,0.148830554080898,0,1,0,321539,284071,34312,73644,2.631359072214606,0.20587339082789372
7726,0.1488305622706977,2,15,2,321554,284056,34314,73642,2.6312201267182926,0.20587758388361133
7727,0.1488321330227732,4,15,4,321569,284041,34318,73638,2.631081181221979,0.205877336941783
7728,0.1488350414685918,6,48,6,321617,283993,34324,73632,2.6306365556337767,0.20589164627752535
7729,0.1488353475471076,8,19,8,321636,283974,34332,73624,2.630460558005113,0.20588482038490147
7730,0.1488363936305492,6,7,6,321643,283967,34338,73618,2.6303957167735,0.2058755260986898
7731,0.1488406471617336,0,1,0,321644,283966,34338,73618,2.630386453740413,0.20587610183900845
7732,0.14884065311597,11,34,11,321678,283932,34349,73607,2.6300715106154358,0.20587124761214862
7733,0.1488416485492708,3,14,3,321692,283918,34352,73604,2.62994182815221,0.20587264559943164
7734,0.1488425576021741,0,8,0,321700,283910,34352,73604,2.62986772388751,0.20587725235934817
7735,0.1488451435921704,62,271,62,321971,283639,34414,73542,2.6273574419207826,0.20589561034881473
7736,0.1488477272462725,14,60,14,322031,283579,34428,73528,2.6268016599355293,0.20589907226685558
7737,0.1488483992520408,0,5,0,322036,283574,34428,73528,2.6267553447700913,0.20590195518367302
7738,0.1488501590013156,5,21,5,322057,283553,34433,73523,2.6265608210752527,0.20590294503130985
7739,0.148853162004411,0,2,0,322059,283551,34433,73523,2.6265422950090778,0.2059040983101542
7740,0.1488557202283046,1,5,1,322064,283546,34434,73522,2.62649597984364,0.20590475763720076
7741,0.1488560089968577,0,4,0,322068,283542,34434,73522,2.62645892771129,0.20590706427979297
7742,0.1488576412023051,0,1,0,322069,283541,34434,73522,2.6264496646782023,0.2059076409485161
7743,0.1488585710816672,2,21,2,322090,283520,34436,73520,2.6262551409833637,0.20591530360743895
7744,0.1488614844692097,0,2,0,322092,283518,34436,73520,2.6262366149171883,0.2059164570717963
7745,0.148863674545506,2,6,2,322098,283512,34438,73518,2.626181036718663,0.2059154692882951
7746,0.1488646546794858,1,9,1,322107,283503,34439,73517,2.6260976694208753,0.20591843594196405
7747,0.1488650813651983,36,84,36,322191,283419,34475,73481,2.6253195746415208,0.20588680302605772
7748,0.1488664940316931,0,6,0,322197,283413,34475,73481,2.625263996442995,0.20589026433618945
7749,0.1488688488704963,4,0,4,322197,283413,34479,73477,2.625263996442995,0.20588136400571605
7750,0.1488731041309639,5,16,5,322213,283397,34484,73472,2.6251157879135945,0.205879468376351
7751,0.1488803000708497,8,16,8,322229,283381,34492,73464,2.6249675793841933,0.20587089632753716
7752,0.1488811581920905,0,6,0,322235,283375,34492,73464,2.624912001185668,0.20587435790370448
7753,0.1488817685669501,7,65,7,322300,283310,34499,73457,2.6243099040349773,0.20589628525059772
7754,0.1488866357127104,0,1,0,322301,283309,34499,73457,2.6243006410018896,0.20589686236917196
7755,0.148888109583733,0,6,0,322307,283303,34499,73457,2.6242450628033644,0.20590032514855924
7756,0.1488904116102003,0,1,0,322308,283302,34499,73457,2.6242357997702768,0.20590090228978106
7757,0.1488942704997147,1,10,1,322318,283292,34500,73456,2.6241431694394013,0.205904447957662
7758,0.1488949229873459,0,2,0,322320,283290,34500,73456,2.624124643373226,0.20590560230528163
7759,0.1488997424508333,0,3,0,322323,283287,34500,73456,2.6240968542739633,0.20590733385097956
7760,0.1489007438055388,0,3,0,322326,283284,34500,73456,2.6240690651747007,0.20590906542580031
7761,0.148902423572741,1,6,1,322332,283278,34501,73455,2.6240134869761755,0.20591030266333646
7762,0.1489026884127819,0,3,0,322335,283275,34501,73455,2.623985697876913,0.20591203431166427
7763,0.1489040237731465,0,1,0,322336,283274,34501,73455,2.6239764348438253,0.2059126115342459
7764,0.14890419328735,0,1,0,322337,283273,34501,73455,2.6239671718107376,0.2059131887600637
7765,0.14890472804265,8,44,8,322381,283229,34509,73447,2.6235595983548854,0.20592077964314953
7766,0.1489090218718911,1,0,1,322381,283229,34510,73446,2.6235595983548854,0.20591855330482933
7767,0.1489106220214408,1,11,1,322392,283218,34511,73445,2.6234577049909222,0.20592267770977085
7768,0.1489141476852229,0,1,0,322393,283217,34511,73445,2.6234484419578346,0.2059232550706271
7769,0.1489194879426321,0,2,0,322395,283215,34511,73445,2.6234299158916596,0.20592440980205237
7770,0.1489200277708182,1,5,1,322400,283210,34512,73444,2.6233836007262217,0.20592507023613923
7771,0.1489217313523193,0,1,0,322401,283209,34512,73444,2.6233743376931344,0.20592564761827323
7772,0.1489237177218621,1,5,1,322406,283204,34513,73443,2.6233280225276965,0.20592630808614681
7773,0.1489247106350169,1,9,1,322415,283195,34514,73442,2.6232446552299087,0.20592927822968451
7774,0.1489259779023284,1,1,1,322416,283194,34515,73441,2.623235392196821,0.20592762908856393
7775,0.1489287212502064,1,0,1,322416,283194,34516,73440,2.623235392196821,0.20592540251350125
7776,0.1489313650254134,2,8,2,322424,283186,34518,73438,2.6231612879321204,0.2059255686661582
7777,0.1489332004481004,1,9,1,322433,283177,34519,73437,2.6230779206343326,0.20592853898052235
7778,0.1489354793548395,0,1,0,322434,283176,34519,73437,2.623068657601245,0.20592911643714615
7779,0.1489368793733296,0,3,0,322437,283173,34519,73437,2.6230408685019824,0.20593084882644908
7780,0.1489369441810623,3,32,3,322469,283141,34522,73434,2.6227444514431806,0.20594264881161045
7781,0.1489436711856843,0,1,0,322470,283140,34522,73434,2.622735188410093,0.20594322637096368
7782,0.1489464269073006,8,22,8,322492,283118,34530,73426,2.622531401682167,0.20593811703464368
7783,0.1489510416359705,2,10,2,322502,283108,34532,73424,2.622438771351291,0.20593943881615115
7784,0.1489533300489733,7,33,7,322535,283075,34539,73417,2.622133091259402,0.20594291035983978
7785,0.1489544016352793,0,1,0,322536,283074,34539,73417,2.6221238282263144,0.20594348805439688
7786,0.1489557158469756,2,10,2,322546,283064,34541,73415,2.622031197895439,0.20594481021322433
7787,0.1489567502712003,0,1,0,322547,283063,34541,73415,2.6220219348623512,0.20594538793417827
7788,0.1489636902525621,0,1,0,322548,283062,34541,73415,2.6220126718292636,0.20594596565837348
7789,0.148965831234858,4,45,4,322593,283017,34545,73411,2.6215958353403237,0.20596305565219344
7790,0.1489674365170215,2,9,2,322602,283008,34547,73409,2.621512468042536,0.20596380082880447
7791,0.148967606031225,2,2,2,322604,283006,34549,73407,2.6214939419763605,0.20596050087959755
7792,0.1489681407865251,80,371,80,322975,282635,34629,73327,2.618057356700878,0.20599670751372337
7793,0.1489693589746465,1,0,1,322975,282635,34630,73326,2.618057356700878,0.20599447692303371
7794,0.1489710933287395,2,20,2,322995,282615,34632,73324,2.617872096039127,0.2060015901601117
7795,0.1489717759186145,0,3,0,322998,282612,34632,73324,2.6178443069398645,0.20600332644070843
7796,0.1489723045406821,1,15,1,323013,282597,34633,73323,2.617705361443551,0.20600977747808497
7797,0.1489726200745248,0,12,0,323025,282585,34633,73323,2.6175942050465006,0.20601672342290706
7798,0.1489772420637717,0,1,0,323026,282584,34633,73323,2.617584942013413,0.20601730227278475
7799,0.1489775102710744,7,25,7,323051,282559,34640,73316,2.617353366186224,0.2060161573586231
7800,0.1489775604290979,1,0,1,323051,282559,34641,73315,2.617353366186224,0.2060139262772779
7801,0.1489779197832015,4,10,4,323061,282549,34645,73311,2.6172607358553486,0.2060107907604114
7802,0.1489789619472179,1,2,1,323063,282547,34646,73310,2.617242209789173,0.20600971738647827
7803,0.1489842236293102,1,6,1,323069,282541,34647,73309,2.617186631590648,0.20601095967401994
7804,0.1489847489756304,5,30,5,323099,282511,34652,73304,2.6169087405980216,0.2060171718449194
7805,0.1489856183074403,0,2,0,323101,282509,34652,73304,2.6168902145318462,0.20601832985304078
7806,0.1489870194944278,2,10,2,323111,282499,34654,73302,2.6167975842009707,0.2060196570554889
7807,0.1489902352657618,1,12,1,323123,282487,34655,73301,2.61668642780392,0.2060243740654547
7808,0.1489942317018686,3,14,3,323137,282473,34658,73298,2.616556745340694,0.20602578625014406
7809,0.1489944240474952,1,8,1,323145,282465,34659,73297,2.616482641075994,0.20602818738370035
7810,0.1489952023256148,0,10,0,323155,282455,34659,73297,2.6163900107451186,0.20603397872675347
7811,0.1489958517613319,1,3,1,323158,282452,34660,73296,2.6163622216458555,0.20603348437658117
7812,0.1489963818184743,0,2,0,323160,282450,34660,73296,2.6163436955796806,0.20603464269450675
7813,0.1489988920987146,0,19,0,323179,282431,34660,73296,2.616167697951017,0.20604564736441147
7814,0.1489991258231143,3,2,3,323181,282429,34663,73293,2.616149171884842,0.20604010997351865
7815,0.1490006699587916,0,3,0,323184,282426,34663,73293,2.6161213827855794,0.20604184763816383
7816,0.1490008855036835,2,3,2,323187,282423,34665,73291,2.6160935936863168,0.2060391213165633
7817,0.1490037453498222,0,1,0,323188,282422,34665,73291,2.616084330653229,0.20603970054510237
7818,0.1490040160122554,0,1,0,323189,282421,34665,73291,2.6160750676201414,0.20604027977689818
7819,0.1490055653175919,43,235,43,323424,282186,34708,73248,2.613898254844566,0.20608045375512754
7820,0.1490064873096093,0,1,0,323425,282185,34708,73248,2.613888991811479,0.20608103355625393
7821,0.1490096930787655,1,0,1,323425,282185,34709,73247,2.613888991811479,0.20607879988295932
7822,0.1490110000757304,0,7,0,323432,282178,34709,73247,2.613824150579866,0.2060828585496237
7823,0.1490118508178016,3,18,3,323450,282160,34712,73244,2.61365741598429,0.20608659441086763
7824,0.1490130455487468,0,3,0,323453,282157,34712,73244,2.6136296268850274,0.2060883340226955
7825,0.1490142479796022,0,2,0,323455,282155,34712,73244,2.613611100818852,0.20608949378023012
7826,0.1490153292584276,1,13,1,323468,282142,34713,73243,2.613490681388714,0.2060947985987028
7827,0.1490154792736245,0,4,0,323472,282138,34713,73243,2.6134536292563637,0.2060971183040174
7828,0.1490161873796684,2,4,2,323476,282134,34715,73241,2.6134165771240134,0.20609497010200492
7829,0.1490212349267277,1,22,1,323498,282112,34716,73240,2.613212790396087,0.20610549539611428
7830,0.1490223358893065,0,8,0,323506,282104,34716,73240,2.613138686131387,0.20611013553064073
7831,0.149026409251718,0,2,0,323508,282102,34716,73240,2.6131201600652116,0.2061112955969179
7832,0.149027480838024,0,2,0,323510,282100,34716,73240,2.6131016339990367,0.20611245567625372
7833,0.1490281523641613,1,13,1,323523,282087,34717,73239,2.6129812145688986,0.2061177622802722
7834,0.1490283110063436,0,5,0,323528,282082,34717,73239,2.6129348994034607,0.2061206627246912
7835,0.1490289334509665,0,3,0,323531,282079,34717,73239,2.612907110304198,0.20612240303052476
7836,0.1490344473583792,0,2,0,323533,282077,34717,73239,2.6128885842380227,0.2061235632507402
7837,0.149035103160571,1,3,1,323536,282074,34718,73238,2.61286079513876,0.2061230693024722
7838,0.1490409197097898,4,28,4,323564,282046,34722,73234,2.6126014302123086,0.2061303760414321
7839,0.1490431723651755,0,3,0,323567,282043,34722,73234,2.612573641113046,0.2061321166301224
7840,0.1490435873782134,1,11,1,323578,282032,34723,73233,2.612471747749083,0.20613626447862862
7841,0.1490445858868093,4,4,4,323582,282028,34727,73229,2.6124346956167326,0.2061296469879552
7842,0.1490467185877189,0,13,0,323595,282015,34727,73229,2.6123142761865945,0.20613719021292407
7843,0.1490473925989421,3,9,3,323604,282006,34730,73226,2.6122309088888067,0.2061357084947302
7844,0.1490504283842713,3,14,3,323618,281992,34733,73223,2.612101226425581,0.2061371282181214
7845,0.1490520607463619,0,6,0,323624,281986,34733,73223,2.6120456482270553,0.2061406101759809
7846,0.149054351601711,0,1,0,323625,281985,34733,73223,2.612036385193968,0.20614119051372717
7847,0.1490547869043004,1,14,1,323639,281971,34734,73222,2.6119067027307423,0.2061470806012506
7848,0.1490553455744623,0,1,0,323640,281970,34734,73222,2.6118974396976546,0.2061476609833555
7849,0.1490554721619351,1,4,1,323644,281966,34735,73221,2.6118603875653044,0.2061477475245434
7850,0.1490555745072164,30,179,30,323823,281787,34765,73191,2.610202304642632,0.20618460862363303
7851,0.1490570296094692,1,0,1,323823,281787,34766,73190,2.610202304642632,0.20618237237905554
7852,0.1490577361068189,0,2,0,323825,281785,34766,73190,2.6101837785764572,0.2061835340516938
7853,0.1490586975101851,0,1,0,323826,281784,34766,73190,2.6101745155433695,0.20618411489292174
7854,0.1490622153047129,0,2,0,323828,281782,34766,73190,2.6101559894771946,0.20618527658519545
7855,0.1490645859100426,1,0,1,323828,281782,34767,73189,2.6101559894771946,0.20618304030470094
7856,0.1490655121410455,2,5,2,323833,281777,34769,73187,2.6101096743117567,0.20618147192391342
7857,0.1490658305063717,0,1,0,323834,281776,34769,73187,2.610100411278669,0.20618205277733173
7858,0.1490662248599053,1,20,1,323854,281756,34770,73186,2.609915150616918,0.20619143409345753
7859,0.1490674124964752,24,61,24,323915,281695,34794,73162,2.609350105598577,0.20617319089097863
7860,0.1490674166272495,1,2,1,323917,281693,34795,73161,2.609331579532402,0.20617211585609857
7861,0.1490678829637086,0,1,0,323918,281692,34795,73161,2.6093223164993145,0.20617269686320813
7862,0.1490685153457094,0,1,0,323919,281691,34795,73161,2.6093130534662268,0.20617327787359238
7863,0.1490690651079367,1,3,1,323922,281688,34796,73160,2.609285264366964,0.20617278383984128
7864,0.1490692362322173,0,2,0,323924,281686,34796,73160,2.6092667383007893,0.20617394588074828
7865,0.1490733496084921,1,7,1,323931,281679,34797,73159,2.6092018970691764,0.20617577598791562
7866,0.1490808629969513,4,27,4,323958,281652,34801,73155,2.6089517951758125,0.20618251612848676
7867,0.1490820354129715,1,2,1,323960,281650,34802,73154,2.608933269109637,0.20618144102095806
7868,0.1490821132173886,0,2,0,323962,281648,34802,73154,2.6089147430434623,0.20618260325477308
7869,0.1490825995443885,2,11,2,323973,281637,34804,73152,2.608812849679499,0.2061845209406154
7870,0.1490827921579958,23,170,23,324143,281467,34827,73129,2.6072381340546147,0.20623188078827737
7871,0.1490847074306792,2,19,2,324162,281448,34829,73127,2.6070621364259514,0.20623845448776704
7872,0.1490848840352888,2,13,2,324175,281435,34831,73125,2.606941716995813,0.20624153880866425
7873,0.1490851511372685,1,9,1,324184,281426,34832,73124,2.606858349698025,0.20624453532647016
7874,0.1490853666821604,4,32,4,324216,281394,34836,73120,2.6065619326392233,0.20625419588507082
7875,0.1490868899935709,27,110,27,324326,281284,34863,73093,2.6055429989995926,0.20625774246071274
7876,0.1490877481148117,3,11,3,324337,281273,34866,73090,2.6054411056356295,0.2062574252955303
7877,0.1490882265282992,4,7,4,324344,281266,34870,73086,2.6053762644040166,0.2062525398473834
7878,0.1490932507557831,0,2,0,324346,281264,34870,73086,2.6053577383378412,0.20625370396500636
7879,0.1490979631560393,0,1,0,324347,281263,34870,73086,2.605348475304754,0.20625428602874568
7880,0.149101251505143,13,92,13,324439,281171,34883,73073,2.604496276260699,0.2062787231399826
7881,0.1491027469936442,0,1,0,324440,281170,34883,73073,2.6044870132276112,0.2062793054485198
7882,0.1491060080935224,0,28,0,324468,281142,34883,73073,2.6042276483011597,0.20629561142244118
7883,0.149110890430195,18,67,18,324535,281075,34901,73055,2.6036070250842935,0.2062942987038658
7884,0.1491110503193846,0,9,0,324544,281066,34901,73055,2.6035236577865057,0.20629954168208042
7885,0.149111962016501,2,12,2,324556,281054,34903,73053,2.603412501389455,0.2063020499453555
7886,0.1491228670571829,5,46,5,324602,281008,34908,73048,2.6029864018674274,0.20631764466638047
7887,0.1491268647123333,0,2,0,324604,281006,34908,73048,2.6029678758012524,0.2063188101250092
7888,0.1491285903446124,1,15,1,324619,280991,34909,73047,2.602828930304939,0.20632530971251672
7889,0.1491310958536256,7,20,7,324639,280971,34916,73040,2.602643669643188,0.20632127250283183
7890,0.1491312957075836,0,7,0,324646,280964,34916,73040,2.602578828411575,0.2063253522559067
7891,0.1491316350056727,4,9,4,324655,280955,34920,73036,2.602495461113787,0.20632162964595144
7892,0.1491321084686392,2,2,2,324657,280953,34922,73034,2.602476935047612,0.2063183111244198
7893,0.1491354810465162,0,1,0,324658,280952,34922,73034,2.6024676720145243,0.20631889396755804
7894,0.1491361209395015,2,4,2,324662,280948,34924,73032,2.602430619882174,0.2063167410588169
7895,0.1491412501054566,2,3,2,324665,280945,34926,73030,2.6024028307829115,0.2063140052263578
7896,0.1491492386064462,3,8,3,324673,280937,34929,73027,2.6023287265182113,0.20631194132736663
7897,0.1491511604467528,20,116,20,324789,280821,34949,73007,2.601254214680055,0.2063347163028364
7898,0.1491519844287169,0,17,0,324806,280804,34949,73007,2.6010967431175662,0.20634463032523015
7899,0.1491582303400133,1,3,1,324809,280801,34950,73006,2.6010689540183036,0.20634413677513447
7900,0.1491596829529557,0,5,0,324814,280796,34950,73006,2.601022638852866,0.20634705287138003
7901,0.1491610394952811,6,16,6,324830,280780,34956,73000,2.600874430323465,0.206342924981627
7902,0.1491648114909264,5,24,5,324854,280756,34961,72995,2.6006521175293638,0.20634570644323266
7903,0.1491661074388553,0,1,0,324855,280755,34961,72995,2.600642854496276,0.20634628975265018
7904,0.1491693652137657,24,114,24,324969,280641,34985,72971,2.599586868724295,0.20635894709455563
7905,0.1491715234678505,1,4,1,324973,280637,34986,72970,2.599549816591945,0.20635903701001393
7906,0.1491736007434218,0,1,0,324974,280636,34986,72970,2.599540553558857,0.20635962059467317
7907,0.1491743077287874,11,97,11,325071,280539,34997,72959,2.5986420393493646,0.2063915495985833
7908,0.1491760026657446,0,1,0,325072,280538,34997,72959,2.598632776316277,0.2063921334551637
7909,0.1491760081145975,0,11,0,325083,280527,34997,72959,2.5985308829523137,0.2063985560955738
7910,0.1491772410992866,16,114,16,325197,280413,35013,72943,2.5974748971803328,0.2064292102016097
7911,0.149178596221805,0,1,0,325198,280412,35013,72943,2.597465634147245,0.20642979439940004
7912,0.149179209997246,0,1,0,325199,280411,35013,72943,2.597456371114158,0.20643037860049696
7913,0.1491802524715985,4,15,4,325214,280396,35017,72939,2.5973174256178444,0.2064301583483097
7914,0.1491805748720511,0,2,0,325216,280394,35017,72939,2.597298899551669,0.20643132682200643
7915,0.1491826110545279,17,95,17,325311,280299,35034,72922,2.5964189114083513,0.20644865395885295
7916,0.1491864938321882,2,10,2,325321,280289,35036,72920,2.596326281077476,0.20645000552081064
7917,0.149189966093974,2,25,2,325346,280264,35038,72918,2.596094705250287,0.20646012537445282
7918,0.1492006372259832,0,1,0,325347,280263,35038,72918,2.5960854422171997,0.2064607099475906
7919,0.1492024416840532,4,28,4,325375,280235,35042,72914,2.595826077290748,0.20646809137219702
7920,0.14920837879607,0,1,0,325376,280234,35042,72914,2.5958168142576605,0.20646867602251748
7921,0.1492121896730304,4,22,4,325398,280212,35046,72910,2.595613027529734,0.20647255056326141
7922,0.149212977655479,0,1,0,325399,280211,35046,72910,2.595603764496647,0.2064731352709128
7923,0.1492154234319691,1,5,1,325404,280206,35047,72909,2.595557449331209,0.2064738116477635
7924,0.1492161161841497,17,85,17,325489,280121,35064,72892,2.594770091518767,0.20648531357202143
7925,0.1492180954496769,3,31,3,325520,280090,35067,72889,2.5944829374930527,0.20649670376991267
7926,0.1492203545255647,0,1,0,325521,280089,35067,72889,2.594473674459965,0.20649728878287033
7927,0.1492224239813621,2,7,2,325528,280082,35069,72887,2.594408833228352,0.20649688782867617
7928,0.14922375112379,0,1,0,325529,280081,35069,72887,2.594399570195265,0.2064974728587294
7929,0.1492243827431539,2,4,2,325533,280077,35071,72885,2.5943625180629146,0.2064953167763102
7930,0.1492266387747807,0,4,0,325537,280073,35071,72885,2.5943254659305643,0.20649765694501895
7931,0.1492269031792561,7,41,7,325578,280032,35078,72878,2.5939456815739748,0.20650590802187527
7932,0.1492283972400209,0,7,0,325585,280025,35078,72878,2.593880840342362,0.20651000416545057
7933,0.1492295201827304,0,1,0,325586,280024,35078,72878,2.593871577309274,0.20651058934208363
7934,0.1492310618092428,0,3,0,325589,280021,35078,72878,2.5938437882100116,0.20651234489188125
7935,0.1492424444165105,7,40,7,325629,279981,35085,72871,2.5934732668865093,0.20652001405688503
7936,0.1492426360594759,0,1,0,325630,279980,35085,72871,2.5934640038534216,0.20652059934646635
7937,0.1492427115184902,6,15,6,325645,279965,35091,72865,2.5933250583571086,0.2065158858373721
7938,0.1492440458255889,1,0,1,325645,279965,35092,72864,2.5933250583571086,0.2065136369176003
7939,0.1492468140214068,0,1,0,325646,279964,35092,72864,2.593315795324021,0.20651422222726087
7940,0.1492475162376275,0,3,0,325649,279961,35092,72864,2.5932880062247583,0.20651597817614964
7941,0.1492533944014686,2,7,2,325656,279954,35094,72862,2.5932231649931454,0.2065155775248288
7942,0.149257821837407,0,1,0,325657,279953,35094,72862,2.5932139019600577,0.20651616286155633
7943,0.1492597089612428,1,7,1,325664,279946,35095,72861,2.593149060728445,0.20651801126394884
7944,0.1492706510666662,0,1,0,325665,279945,35095,72861,2.593139797695357,0.2065185966225064
7945,0.149272259659098,12,47,12,325712,279898,35107,72849,2.5927044351402424,0.20651911993581804
7946,0.1492740024191964,41,257,41,325969,279641,35148,72808,2.590323835636741,0.20657740552533843
7947,0.1492762850470811,0,1,0,325970,279640,35148,72808,2.590314572603653,0.20657799164699472
7948,0.1492769197714374,0,2,0,325972,279638,35148,72808,2.5902960465374782,0.20657916390028544
7949,0.1492791006651558,11,45,11,326017,279593,35159,72797,2.5898792100485384,0.2065807769800505
7950,0.1492799395312133,8,24,8,326041,279569,35167,72789,2.589656897254437,0.20657683378836297
7951,0.1492841451110266,0,1,0,326042,279568,35167,72789,2.5896476342213495,0.20657742005976892
7952,0.1492849525037534,0,3,0,326045,279565,35167,72789,2.589619845122087,0.20657917889395325
7953,0.1492873881044534,1,0,1,326045,279565,35168,72788,2.589619845122087,0.206576927115705
7954,0.1492892361479677,0,1,0,326046,279564,35168,72788,2.589610582088999,0.20657751339569522
7955,0.1492921599762367,0,2,0,326048,279562,35168,72788,2.5895920560228243,0.20657868596565915
7956,0.149298199509924,15,49,15,326097,279513,35183,72773,2.589138167401534,0.2065736361933202
7957,0.1493008695899279,0,3,0,326100,279510,35183,72773,2.589110378302271,0.2065753953497614
7958,0.1493009823333553,32,234,32,326334,279276,35215,72741,2.5869428285597835,0.20664058838067478
7959,0.1493074585694639,1,2,1,326336,279274,35216,72740,2.5869243024936086,0.20663950865590572
7960,0.1493113240530167,4,5,4,326341,279269,35220,72736,2.5868779873281706,0.20663342850243605
7961,0.1493155429877198,0,6,0,326347,279263,35220,72736,2.5868224091296455,0.20663695067315532
7962,0.1493170512475732,0,6,0,326353,279257,35220,72736,2.5867668309311203,0.206640472963951
7963,0.1493172433341774,0,9,0,326362,279248,35220,72736,2.586683463633332,0.20664575662530116
7964,0.1493176402421059,8,49,8,326411,279199,35228,72728,2.586229575012042,0.2066564941024701
7965,0.1493188775666006,20,107,20,326518,279092,35248,72708,2.585238430471674,0.20667424673109722
7966,0.1493205829608707,0,1,0,326519,279091,35248,72708,2.585229167438586,0.20667483420930702
7967,0.1493242973694889,0,2,0,326521,279089,35248,72708,2.585210641372411,0.20667600917574624
7968,0.1493250621587648,0,3,0,326524,279086,35248,72708,2.585182852273148,0.20667777165045453
7969,0.1493257515842774,0,2,0,326526,279084,35248,72708,2.5851643262069732,0.20667894665029335
7970,0.1493268155430447,1,2,1,326528,279082,35249,72707,2.5851458001407983,0.2066778665620585
7971,0.1493269255949874,57,260,57,326788,278822,35306,72650,2.582737411538034,0.20670209860244912
7972,0.1493293615391699,0,7,0,326795,278815,35306,72650,2.5826725703064213,0.20670621541262998
7973,0.1493302307821714,1,2,1,326797,278813,35307,72649,2.582654044240246,0.20670513455224176
7974,0.1493312951998838,6,28,6,326825,278785,35313,72643,2.5823946793137944,0.20670805968790193
7975,0.1493324343313042,0,2,0,326827,278783,35313,72643,2.5823761532476195,0.20670923608384126
7976,0.149333840737064,2,6,2,326833,278777,35315,72641,2.5823205750490943,0.20670825057339123
7977,0.1493339097359227,2,39,2,326872,278738,35317,72639,2.5819593167586796,0.20672667818326185
7978,0.1493364379031647,1,1,1,326873,278737,35318,72638,2.581950053725592,0.20672500889363216
7979,0.149338288617965,1,20,1,326893,278717,35319,72637,2.581764793063841,0.2067345184628608
7980,0.1493396977909561,3,18,3,326911,278699,35322,72634,2.581598058468265,0.20673833656388668
7981,0.1493407988517714,1,3,1,326914,278696,35323,72633,2.5815702693690024,0.20673784401515388
7982,0.1493433386291722,0,4,0,326918,278692,35323,72633,2.581533217236652,0.206740197822529
7983,0.1493441550013501,0,2,0,326920,278690,35323,72633,2.5815146911704767,0.20674137474631607
7984,0.1493450438509414,0,1,0,326921,278689,35323,72633,2.5815054281373895,0.20674196321323457
7985,0.1493507532496444,1,0,1,326921,278689,35324,72632,2.5815054281373895,0.2067397052837718
7986,0.1493512338738002,0,1,0,326922,278688,35324,72632,2.581496165104302,0.2067402937492884
7987,0.1493526488918427,0,3,0,326925,278685,35324,72632,2.581468376005039,0.20674205916593846
7988,0.1493536522988572,6,27,6,326952,278658,35330,72626,2.581218274111675,0.2067444005420116
7989,0.1493551322451432,4,14,4,326966,278644,35334,72622,2.581088591648449,0.2067436074086305
7990,0.1493605615217071,0,1,0,326967,278643,35334,72622,2.581079328615362,0.206744195977396
7991,0.1493618113112321,1,7,1,326974,278636,35335,72621,2.581014487383749,0.20674605772981036
7992,0.1493636287347791,1,5,1,326979,278631,35336,72620,2.580968172218311,0.20674674235802887
7993,0.1493686262895036,0,8,0,326987,278623,35336,72620,2.5808940679536105,0.2067514512744738
7994,0.1493714014136476,0,7,0,326994,278616,35336,72620,2.5808292267219977,0.20675557175232606
7995,0.1493810256975702,0,5,0,326999,278611,35336,72620,2.58078291155656,0.20675851505134799
7996,0.1493835886535519,1,10,1,327009,278601,35337,72619,2.5806902812256847,0.20676214338591195
7997,0.1493862096738838,8,42,8,327051,278559,35345,72611,2.5803012338360074,0.20676880143520232
7998,0.1493892009772491,82,417,82,327468,278142,35427,72529,2.5764385490384973,0.20682919317536952
7999,0.1493905084238085,0,3,0,327471,278139,35427,72529,2.5764107599392343,0.206830962619914
8000,0.1493958470751792,3,5,3,327476,278134,35430,72526,2.576364444773797,0.20682712599098843
8001,0.1494032001007371,19,93,19,327569,278041,35449,72507,2.575502982696654,0.20683900635576297
8002,0.14940593163242,0,3,0,327572,278038,35449,72507,2.5754751935973914,0.20684077650515625
8003,0.1494075677452251,1,11,1,327583,278027,35450,72506,2.5753733002334283,0.2068450046072695
8004,0.1494087785479658,0,2,0,327585,278025,35450,72506,2.5753547741672533,0.2068461847882213
8005,0.1494114527353516,1,10,1,327595,278015,35451,72505,2.575262143836378,0.2068498231199361
8006,0.1494179479439874,0,2,0,327597,278013,35451,72505,2.5752436177702025,0.20685100337215206
8007,0.1494206199616732,2,7,2,327604,278006,35453,72503,2.5751787765385896,0.2068506086862249
8008,0.1494210430149612,1,3,1,327607,278003,35454,72502,2.575150987439327,0.20685011626082367
8009,0.1494233986376015,0,3,0,327610,278000,35454,72502,2.5751231983400644,0.20685188672247234
8010,0.1494255222128553,2,5,2,327615,277995,35456,72500,2.575076883174627,0.20685031170202142
8011,0.1494275205186786,0,2,0,327617,277993,35456,72500,2.5750583571084515,0.20685149204121053
8012,0.1494279686052472,0,4,0,327621,277989,35456,72500,2.5750213049761013,0.20685385276000104
8013,0.1494280674869545,5,22,5,327643,277967,35461,72495,2.5748175182481754,0.2068555221393475
8014,0.1494281280682331,4,9,4,327652,277958,35465,72491,2.574734150950387,0.20685178157164094
8015,0.1494298480616112,3,4,3,327656,277954,35468,72488,2.574697098818037,0.20684735277164268
8016,0.1494319997165726,1,0,1,327656,277954,35469,72487,2.574697098818037,0.20684508947297833
8017,0.1494332286975019,0,1,0,327657,277953,35469,72487,2.5746878357849496,0.2068456797169273
8018,0.1494364475974736,0,3,0,327660,277950,35469,72487,2.5746600466856866,0.20684745046898587
8019,0.1494407924816419,0,3,0,327663,277947,35469,72487,2.574632257586424,0.2068492212513626
8020,0.1494416162208803,0,1,0,327664,277946,35469,72487,2.5746229945533368,0.20684981151889234
8021,0.149444925975304,48,247,48,327911,277699,35517,72439,2.5723350253807107,0.2068869988404572
8022,0.1494452261757728,0,4,0,327915,277695,35517,72439,2.5722979732483604,0.20688936235841135
8023,0.149446292489709,6,39,6,327954,277656,35523,72433,2.5719367149579457,0.2068988171579227
8024,0.1494499622090486,1,1,1,327955,277655,35524,72432,2.571927451924858,0.2068971427102406
8025,0.1494558496525954,1,4,1,327959,277651,35525,72431,2.571890399792508,0.20689724121777184
8026,0.1494558548862888,0,2,0,327961,277649,35525,72431,2.571871873726333,0.20689842321755028
8027,0.1494576509699914,14,58,14,328019,277591,35539,72417,2.571334617807255,0.2069009851203401
8028,0.1494680698320289,15,99,15,328118,277492,35554,72402,2.570417577531587,0.2069255260164507
8029,0.1494695386102318,0,2,0,328120,277490,35554,72402,2.570399051465412,0.20692670881300515
8030,0.149472913371472,0,1,0,328121,277489,35554,72402,2.5703897884323244,0.20692730021635308
8031,0.1494748654792267,15,120,15,328241,277369,35569,72387,2.5692782244618178,0.20696428367204567
8032,0.1494748744247902,3,15,3,328256,277354,35572,72384,2.5691392789655043,0.20696635767345842
8033,0.149477198307536,1,1,1,328257,277353,35573,72383,2.569130015932417,0.20696468193151404
8034,0.1494784371373788,1,3,1,328260,277350,35574,72382,2.569102226833154,0.206964189722416
8035,0.1494808018931803,0,3,0,328263,277347,35574,72382,2.5690744377338914,0.20696596507581586
8036,0.1494831764524447,3,11,3,328274,277336,35577,72379,2.5689725443699283,0.20696567204723845
8037,0.1494835896555968,1,8,1,328282,277328,35578,72378,2.568898440105228,0.20696813895100455
8038,0.1494880688534909,2,12,2,328294,277316,35580,72376,2.5687872837081773,0.20697070564954304
8039,0.1494886674033171,0,1,0,328295,277315,35580,72376,2.5687780206750896,0.20697129751695068
8040,0.149495759432436,0,2,0,328297,277313,35580,72376,2.5687594946089147,0.2069724812619213
8041,0.1494959951824932,0,6,0,328303,277307,35580,72376,2.5687039164103895,0.20697603257807787
8042,0.1494995056377391,2,2,2,328305,277305,35582,72374,2.568685390344214,0.20697268065854685
8043,0.1495001802758191,0,2,0,328307,277303,35582,72374,2.5686668642780393,0.20697386445205146
8044,0.1495034296406748,2,4,2,328311,277299,35584,72372,2.568629812145689,0.20697169625161937
8045,0.1495047894326452,3,8,3,328319,277291,35587,72369,2.5685557078809884,0.20696962763827717
8046,0.1495051011401501,14,61,14,328380,277230,35601,72355,2.567990662862648,0.20697398343750448
8047,0.149507325439784,0,2,0,328382,277228,35601,72355,2.5679721367964725,0.20697516755677478
8048,0.1495084127169522,0,5,0,328387,277223,35601,72355,2.567925821631035,0.206978127914228
8049,0.1495087942550219,0,1,0,328388,277222,35601,72355,2.5679165585979473,0.20697871999588074
8050,0.1495106683710078,0,1,0,328389,277221,35601,72355,2.5679072955648596,0.20697931208092088
8051,0.1495143381555412,2,27,2,328416,277194,35603,72353,2.567657193671496,0.20699076232952937
8052,0.1495237926617725,6,18,6,328434,277176,35609,72347,2.5674904590759198,0.20698780909983033
8053,0.1495241545215538,0,1,0,328435,277175,35609,72347,2.567481196042832,0.20698840130235008
8054,0.1495260195561921,2,2,2,328437,277173,35611,72345,2.567462669976657,0.20698504798036152
8055,0.1495270702166926,0,1,0,328438,277172,35611,72345,2.5674534069435695,0.20698564018345317
8056,0.1495282718596666,6,29,6,328467,277143,35617,72339,2.5671847789840307,0.2069892011605748
8057,0.1495369076515641,0,5,0,328472,277138,35617,72339,2.567138463818593,0.20699216257436112
8058,0.1495382089443287,1,9,1,328481,277129,35618,72338,2.567055096520805,0.20699522415564273
8059,0.1495382871686652,6,35,6,328516,277094,35624,72332,2.56673089036274,0.20700234098206774
8060,0.149540978219989,0,4,0,328520,277090,35624,72332,2.5666938382303903,0.20700471063642242
8061,0.1495440477452033,38,142,38,328662,276948,35662,72294,2.5653784875319574,0.20700259418970227
8062,0.1495459187330401,0,1,0,328663,276947,35662,72294,2.5653692244988697,0.20700318691104425
8063,0.1495459895061433,0,1,0,328664,276946,35662,72294,2.5653599614657825,0.20700377963578054
8064,0.1495477074704505,1,7,1,328671,276939,35663,72293,2.5652951202341696,0.20700565812983918
8065,0.1495492009351439,1,12,1,328683,276927,35664,72292,2.5651839638371188,0.20701050057413828
8066,0.1495518087210232,14,71,14,328754,276856,35678,72278,2.5645262884879023,0.20702080003666215
8067,0.1495573945499489,4,49,4,328803,276807,35682,72274,2.564072399866612,0.20704077277193544
8068,0.1495620620139177,24,149,24,328952,276658,35706,72250,2.562692207936567,0.20707464431884623
8069,0.1495652702247355,0,1,0,328953,276657,35706,72250,2.562682944903479,0.207075237814088
8070,0.1495663389291875,1,5,1,328958,276652,35707,72249,2.5626366297380416,0.2070759327144376
8071,0.1495679422424433,1,10,1,328968,276642,35708,72248,2.5625439994071657,0.2070795952879131
8072,0.1495686672093726,80,473,80,329441,276169,35788,72168,2.5581625847567526,0.20717868041580423
8073,0.1495707381836591,0,11,0,329452,276158,35788,72168,2.5580606913927895,0.20718522303818837
8074,0.1495709462288412,0,1,0,329453,276157,35788,72168,2.5580514283597022,0.20718581784253212
8075,0.1495718254608272,2,13,2,329466,276144,35790,72166,2.5579310089295637,0.20718899830610663
8076,0.1495740374534263,0,1,0,329467,276143,35790,72166,2.5579217458964765,0.2071895931486123
8077,0.1495756122747199,0,1,0,329468,276142,35790,72166,2.557912482863389,0.20719018799453356
8078,0.1495764855675471,0,1,0,329469,276141,35790,72166,2.557903219830301,0.2071907828438705
8079,0.1495773750097767,1,1,1,329470,276140,35791,72165,2.557893956797214,0.20718910150586412
8080,0.1495788810862807,1,9,1,329479,276131,35792,72164,2.5578105894994256,0.2071921790436268
8081,0.1495816376203461,0,1,0,329480,276130,35792,72164,2.557801326466338,0.20719277392088292
8082,0.1495822291061511,1,22,1,329502,276108,35793,72163,2.557597539738412,0.20720358571342432
8083,0.1495833602841747,1,9,1,329511,276099,35794,72162,2.557514172440624,0.2072066639675416
8084,0.149584661454296,5,27,5,329538,276072,35799,72157,2.55726407054726,0.2072113465564327
8085,0.1495900054456611,0,2,0,329540,276070,35799,72157,2.557245544481085,0.20721253664994385
8086,0.149590152933525,1,2,1,329542,276068,35800,72156,2.5572270184149097,0.20721145010108435
8087,0.1495901759105526,0,3,0,329545,276065,35800,72156,2.557199229315647,0.20721323527300192
8088,0.1495923010156637,0,13,0,329558,276052,35800,72156,2.557078809885509,0.20722097137343198
8089,0.1495941926918259,19,98,19,329656,275954,35819,72137,2.5561710326429288,0.20723603885190942
8090,0.1495988193340181,34,265,34,329921,275689,35853,72103,2.5537163288747267,0.2073164420113171
8091,0.1495994542921997,0,4,0,329925,275685,35853,72103,2.5536792767423764,0.20731882641149205
8092,0.1496070114218745,12,70,12,329995,275615,35865,72091,2.5530308644262476,0.20733320678964412
8093,0.1496115513951695,0,2,0,329997,275613,35865,72091,2.5530123383600727,0.20733439937418033
8094,0.1496176822599297,0,3,0,330000,275610,35865,72091,2.55298454926081,0.20733618827670902
8095,0.1496197364165618,0,6,0,330006,275604,35865,72091,2.5529289710622844,0.20733976617437697
8096,0.1496209149665526,1,8,1,330014,275596,35866,72090,2.5528548667975843,0.20734225709404464
8097,0.1496238874775844,0,2,0,330016,275594,35866,72090,2.552836340731409,0.207343449799243
8098,0.1496254593984659,2,20,2,330036,275574,35868,72088,2.552651080069658,0.20735081774827274
8099,0.1496304706846203,2,10,2,330046,275564,35870,72086,2.5525584497387825,0.2073522220624191
8100,0.1496318723816217,70,389,70,330435,275175,35940,72016,2.548955129867724,0.20742473163186834
8101,0.1496321886489274,14,105,14,330540,275070,35954,72002,2.547982511393531,0.20745551355338374
8102,0.1496329017817893,1,14,1,330554,275056,35955,72001,2.547852828930305,0.2074615985270431
8103,0.1496331134075348,0,1,0,330555,275055,35955,72001,2.5478435658972174,0.20746219630261398
8104,0.1496385641011488,0,2,0,330557,275053,35955,72001,2.5478250398310425,0.20746339186409032
8105,0.1496396572983754,2,18,2,330575,275035,35957,71999,2.5476583052354664,0.2074695851126979
8106,0.1496440563900054,0,3,0,330578,275032,35957,71999,2.547630516136204,0.2074713786376433
8107,0.1496462110846261,0,3,0,330581,275029,35957,71999,2.547602727036941,0.2074731721935982
8108,0.1496480463026904,3,6,3,330587,275023,35960,71996,2.5475471488384156,0.20746990798774706
8109,0.14964893574492,2,10,2,330597,275013,35962,71994,2.54745451850754,0.20747131902238283
8110,0.1496496930372608,3,8,3,330605,275005,35965,71991,2.5473804142428396,0.20746925036599845
8111,0.1496497607902608,0,10,0,330615,274995,35965,71991,2.547287783911964,0.20747522954816622
8112,0.1496506902825202,0,9,0,330624,274986,35965,71991,2.5472044166141763,0.20748061110678806
8113,0.1496530264892407,0,1,0,330625,274985,35965,71991,2.5471951535810886,0.20748120907497924
8114,0.1496570660189608,0,5,0,330630,274980,35965,71991,2.5471488384156507,0.20748419896763706
8115,0.1496608788686817,2,8,2,330638,274972,35967,71989,2.5470747341509505,0.20748441467484818
8116,0.1496653527967832,0,3,0,330641,274969,35967,71989,2.547046945051688,0.20748620870537646
8117,0.1496710151161427,1,1,1,330642,274968,35968,71988,2.5470376820186003,0.20748452253311658
8118,0.1496770400657893,1,4,1,330646,274964,35969,71987,2.54700062988625,0.20748463039449375
8119,0.1496783948167686,2,9,2,330655,274955,35971,71985,2.546917262588462,0.20748544416902057
8120,0.1496792246181206,0,6,0,330661,274949,35971,71985,2.5468616843899365,0.20748903249609435
8121,0.1496815192636834,0,5,0,330666,274944,35971,71985,2.546815369224499,0.20749202286346774
8122,0.149681630733092,6,41,6,330707,274903,35977,71979,2.546435584867909,0.20750283958233637
8123,0.1496821586417826,7,46,7,330753,274857,35984,71972,2.5460094853458815,0.2075143658690594
8124,0.1496842406589708,1,2,1,330755,274855,35985,71971,2.5459909592797065,0.20751327755127932
8125,0.149686109930986,11,83,11,330838,274772,35996,71960,2.5452221275334397,0.20753781018192724
8126,0.1496879916812857,6,29,6,330867,274743,36002,71954,2.5449534995739005,0.2075414555072585
8127,0.1496947457228836,2,3,2,330870,274740,36004,71952,2.544925710474638,0.20753867986570212
8128,0.1496965261514098,2,9,2,330879,274731,36006,71950,2.5448423431768497,0.2075394959631477
8129,0.1496997334498656,0,1,0,330880,274730,36006,71950,2.5448330801437624,0.2075400946117457
8130,0.1497002943908991,1,2,1,330882,274728,36007,71949,2.544814554077587,0.20753900604885817
8131,0.1497019768450238,5,39,5,330921,274689,36012,71944,2.5444532957871724,0.20755092561873797
8132,0.1497138941675936,2,11,2,330932,274678,36014,71942,2.5443514024232097,0.20755293981882175
8133,0.1497146096567765,8,40,8,330972,274638,36022,71934,2.5439808810997073,0.20755860254146324
8134,0.1497156171251487,8,24,8,330996,274614,36030,71926,2.543758568305606,0.2075546834420269
8135,0.1497184538165913,0,1,0,330997,274613,36030,71926,2.5437493052725184,0.2075552823780296
8136,0.1497199000852372,55,292,55,331289,274321,36085,71871,2.5410444996109525,0.20760445070943293
8137,0.1497215134107168,9,25,9,331314,274296,36094,71862,2.5408129237837636,0.20759884214722757
8138,0.1497256703415069,0,25,0,331339,274271,36094,71862,2.540581347956575,0.2076138362999194
8139,0.1497307526559431,26,117,26,331456,274154,36120,71836,2.539497573085331,0.207624497817856
8140,0.1497314696209613,0,1,0,331457,274153,36120,71836,2.5394883100522434,0.20762509790773695
8141,0.1497344278600177,3,9,3,331466,274144,36123,71833,2.5394049427544556,0.20762362816025343
8142,0.1497453600471586,23,104,23,331570,274040,36146,71810,2.5384415873133497,0.2076333670666474
8143,0.1497455713856576,65,311,65,331881,273729,36211,71745,2.5355607840231205,0.20767119956928742
8144,0.149748013981872,3,13,3,331894,273716,36214,71742,2.5354403645929824,0.20767213380497773
8145,0.1497514044251608,33,144,33,332038,273572,36247,71709,2.5341064878283746,0.20768301760015756
8146,0.1497536951220198,0,2,0,332040,273570,36247,71709,2.534087961762199,0.20768422058682978
8147,0.1497558013941141,0,4,0,332044,273566,36247,71709,2.5340509096298494,0.20768662660198392
8148,0.1497589035497956,0,2,0,332046,273564,36247,71709,2.534032383563674,0.20768782963046634
8149,0.1497603469079,0,1,0,332047,273563,36247,71709,2.5340231205305863,0.20768843114993396
8150,0.149762075721229,1,1,1,332048,273562,36248,71708,2.534013857497499,0.20768673791525472
8151,0.1497631461937407,0,1,0,332049,273561,36248,71708,2.5340045944644114,0.20768733943678697
8152,0.1497651613701977,3,17,3,332066,273544,36251,71705,2.533847122901923,0.2076906812184829
8153,0.1497694867456138,1,1,1,332067,273543,36252,71704,2.5338378598688354,0.20768898788403664
8154,0.1497733122088833,10,23,10,332090,273520,36262,71694,2.533624810107822,0.20767987393327036
8155,0.1497761658117027,0,1,0,332091,273519,36262,71694,2.533615547074734,0.20768047553249733
8156,0.1497777914067773,11,42,11,332133,273477,36273,71683,2.533226499685057,0.2076804960018542
8157,0.1497780224006515,43,260,43,332393,273217,36316,71640,2.5308181110822927,0.2077382799247224
8158,0.1497797897126006,1,17,1,332410,273200,36317,71639,2.5306606395198044,0.20774622359999884
8159,0.1497802275441997,0,1,0,332411,273199,36317,71639,2.5306513764867167,0.20774682604585343
8160,0.1497813565893667,9,24,9,332435,273175,36326,71630,2.5304290636926154,0.20774060700975913
8161,0.1497823701344728,0,1,0,332436,273174,36326,71630,2.5304198006595278,0.2077412094987297
8162,0.1497825373185956,8,69,8,332505,273105,36334,71622,2.5297806513764867,0.2077644048769026
8163,0.1497842689104947,4,22,4,332527,273083,36338,71618,2.5295768646485604,0.20776847180599997
8164,0.1497872321925204,33,230,33,332757,272853,36371,71585,2.527446367038423,0.2078313078115655
8165,0.1497875708993775,0,4,0,332761,272849,36371,71585,2.527409314906073,0.20783372140961695
8166,0.1497894110561498,4,42,4,332803,272807,36375,71581,2.5270202675163955,0.20784986701046493
8167,0.1497911407645339,0,2,0,332805,272805,36375,71581,2.5270017414502206,0.20785107408547385
8168,0.1497925703986193,1,11,1,332816,272794,36376,71580,2.5268998480862574,0.20785541301027372
8169,0.1497929047023922,0,2,0,332818,272792,36376,71580,2.526881322020082,0.20785662016656406
8170,0.1497955972087345,0,2,0,332820,272790,36376,71580,2.526862795953907,0.20785782733687602
8171,0.1497968030838934,0,2,0,332822,272788,36376,71580,2.5268442698877323,0.20785903452120988
8172,0.1497974953696949,9,30,9,332852,272758,36385,71571,2.5265663788951054,0.20785643962605532
8173,0.1497978634462641,0,1,0,332853,272757,36385,71571,2.5265571158620177,0.20785704328431032
8174,0.1498040491559455,4,16,4,332869,272741,36389,71567,2.526408907332617,0.20785749968051861
8175,0.1498059945891938,30,236,30,333105,272505,36419,71537,2.524222831523954,0.20793100842339016
8176,0.1498063616738969,1,7,1,333112,272498,36420,71536,2.5241579902923412,0.20793293686089165
8177,0.1498085283538396,6,58,6,333170,272440,36426,71530,2.5236207343732633,0.20795418205076024
8178,0.1498088980502293,0,11,0,333181,272429,36426,71530,2.5235188410093,0.20796083254108774
8179,0.1498108645605601,0,1,0,333182,272428,36426,71530,2.5235095779762124,0.20796143715221044
8180,0.1498199756701984,0,4,0,333186,272424,36426,71530,2.523472525843862,0.20796385563185774
8181,0.1498223162936707,13,126,13,333312,272298,36439,71517,2.5223053836748304,0.20801012172243794
8182,0.1498281756651423,0,1,0,333313,272297,36439,71517,2.522296120641743,0.2080107267301506
8183,0.1498346385522095,0,6,0,333319,272291,36439,71517,2.5222405424432175,0.20801435685033506
8184,0.1498373231324053,0,1,0,333320,272290,36439,71517,2.5222312794101303,0.20801496188268417
8185,0.1498389468886753,2,0,2,333320,272290,36441,71515,2.5222312794101303,0.20801035470688325
8186,0.1498399999304827,0,12,0,333332,272278,36441,71515,2.5221201230130794,0.20801761525103768
8187,0.1498403976245272,3,20,3,333352,272258,36444,71512,2.5219348623513285,0.2080228059458359
8188,0.1498449347761541,0,1,0,333353,272257,36444,71512,2.521925599318241,0.2080234110696427
8189,0.1498496425486747,20,81,20,333434,272176,36464,71492,2.521175293638149,0.20802635101318714
8190,0.1498546362254116,0,2,0,333436,272174,36464,71492,2.521156767571974,0.2080275616441545
8191,0.1498602158277684,3,18,3,333454,272156,36467,71489,2.520990032976398,0.20803154418076794
8192,0.1498606469901796,0,1,0,333455,272155,36467,71489,2.52098076994331,0.2080321495501158
8193,0.1498720520778545,3,26,3,333481,272129,36470,71486,2.5207399310830336,0.20804097609242903
8194,0.1498804587853726,3,44,3,333525,272085,36473,71483,2.5203323576271814,0.2080607041400829
8195,0.1498805182603305,0,2,0,333527,272083,36473,71483,2.5203138315610065,0.2080619153234022
8196,0.149882344624741,3,8,3,333535,272075,36476,71480,2.520239727296306,0.2080598448574464
8197,0.1498891768454862,7,17,7,333552,272058,36483,71473,2.5200822557338176,0.20805400385991366
8198,0.1498893076922807,1,2,1,333554,272056,36484,71472,2.5200637296676422,0.20805290980647867
8199,0.1498915364053417,5,25,5,333579,272031,36489,71467,2.5198321538404533,0.20805652434657554
8200,0.1498923728287479,43,159,43,333738,271872,36532,71424,2.5183593315795325,0.2080536912751678
8201,0.1498956543492035,0,12,0,333750,271860,36532,71424,2.5182481751824817,0.20806096409969588
8202,0.1498959108721869,4,16,4,333766,271844,36536,71420,2.518099966653081,0.20806143376526523
8203,0.1498980512960845,1,24,1,333790,271820,36537,71419,2.5178776538589798,0.20807367461156803
8204,0.1498983130449113,5,49,5,333839,271771,36542,71414,2.5174237652376896,0.20809184550606816
8205,0.1499005194249287,2,1,2,333840,271770,36544,71412,2.517414502204602,0.208087836774656
8206,0.1499022081354542,1,1,1,333841,271769,36545,71411,2.5174052391715143,0.20808613555568506
8207,0.1499038103684022,12,129,12,333970,271640,36557,71399,2.51621030790322,0.20813668416710637
8208,0.1499066873333482,1,10,1,333980,271630,36558,71398,2.5161176775723444,0.2081404433457327
8209,0.1499070176668581,1,8,1,333988,271622,36559,71397,2.516043573307644,0.20814298916386556
8210,0.1499114799892117,3,22,3,334010,271600,36562,71394,2.5158397865797175,0.2081494136923678
8211,0.149911560665626,18,87,18,334097,271513,36580,71376,2.5150339027011004,0.20816065840548983
8212,0.1499173779132782,10,29,10,334126,271484,36590,71366,2.514765274741561,0.2081551698993729
8213,0.1499183204013668,0,2,0,334128,271482,36590,71366,2.5147467486753863,0.20815638417024454
8214,0.1499199137925484,2,25,2,334153,271457,36592,71364,2.5145151728481974,0.20816694426537463
8215,0.1499213851764853,0,4,0,334157,271453,36592,71364,2.514478120715847,0.20816937316410797
8216,0.1499227217514194,2,25,2,334182,271428,36594,71362,2.514246544888658,0.20817993523731732
8217,0.1499268358700993,0,4,0,334186,271424,36594,71362,2.5142094927563083,0.20818236450730193
8218,0.1499295050355471,5,36,5,334222,271388,36599,71357,2.5138760235651563,0.2081926796889816
8219,0.1499304202756582,0,2,0,334224,271386,36599,71357,2.513857497498981,0.2081938945507275
8220,0.1499311502802027,25,190,25,334414,271196,36624,71332,2.512097521212346,0.20825158819133036
8221,0.1499356294780968,26,212,26,334626,270984,36650,71306,2.5101337581977843,0.20832043004469894
8222,0.1499394686818519,1,5,1,334631,270979,36651,71305,2.5100874430323463,0.2083211602061446
8223,0.1499439310042055,3,9,3,334640,270970,36654,71302,2.5100040757345585,0.20831969895287958
8224,0.1499450702638398,106,613,106,335253,270357,36760,71196,2.504325836451888,0.2084478836373857
8225,0.1499488517528838,2,4,2,335257,270353,36762,71194,2.5042887843195376,0.20844568975865693
8226,0.1499533636891961,4,8,4,335265,270345,36766,71190,2.504214680054837,0.20844130176995038
8227,0.1499549612200324,1,7,1,335272,270338,36767,71189,2.504149838823224,0.2084432563164845
8228,0.1499559510155353,1,7,1,335279,270331,36768,71188,2.5040849975916113,0.20844521095458818
8229,0.1499592868850932,0,1,0,335280,270330,36768,71188,2.504075734558524,0.20844582130370873
8230,0.1499617257887863,66,343,66,335623,269987,36834,71122,2.5008985142094926,0.20850226760361057
8231,0.1499617723177253,3,20,3,335643,269967,36837,71119,2.5007132535477417,0.20850753182481838
8232,0.1499684471204674,0,2,0,335645,269965,36837,71119,2.5006947274815667,0.2085087544417211
8233,0.1499704304107331,10,97,10,335742,269868,36847,71109,2.4997962132720737,0.20854485786431343
8234,0.1499733879494804,6,19,6,335761,269849,36853,71103,2.4996202156434104,0.20854255144419157
8235,0.1499741711764483,2,16,2,335777,269833,36855,71101,2.4994720071140093,0.20854769544838592
8236,0.1499781485168365,1,1,1,335778,269832,36856,71100,2.499462744080922,0.2085459857097603
8237,0.1499803920506639,18,112,18,335890,269720,36874,71082,2.4984252843751156,0.20857271964366406
8238,0.1499832602131661,0,14,0,335904,269706,36874,71082,2.49829560191189,0.20858128807352372
8239,0.1499868961711356,0,2,0,335906,269704,36874,71082,2.498277075845715,0.20858251219240226
8240,0.1499874666717894,0,1,0,335907,269703,36874,71082,2.498267812812627,0.20858312425722964
8241,0.1499939031827718,0,2,0,335909,269701,36874,71082,2.4982492867464523,0.20858434839766068
8242,0.1499983282285681,1,5,1,335914,269696,36875,71081,2.4982029715810143,0.20858508643482396
8243,0.1499984714941663,0,1,0,335915,269695,36875,71081,2.498193708547927,0.2085856985233702
8244,0.1500010657706904,34,249,34,336164,269446,36909,71047,2.495887213309126,0.20865920885304542
8245,0.1500028015798437,9,99,9,336263,269347,36918,71038,2.494970173033458,0.2086989732214992
8246,0.1500028814257269,14,67,14,336330,269280,36932,71024,2.494349549816592,0.20870750858056325
8247,0.1500063062280812,0,1,0,336331,269279,36932,71024,2.4943402867835043,0.20870812187961904
8248,0.1500072029298964,30,215,30,336546,269064,36962,70994,2.4923487346696804,0.20877026860123862
8249,0.1500121670866,3,13,3,336559,269051,36965,70991,2.492228315239542,0.20877126943142318
8250,0.1500131738344887,4,18,4,336577,269033,36969,70987,2.492061580643966,0.20877301335215576
8251,0.1500144486382127,0,5,0,336582,269028,36969,70987,2.4920152654785284,0.20877608340808493
8252,0.1500149014541352,3,10,3,336592,269018,36972,70984,2.491922635147653,0.20877524249857354
8253,0.1500180727720571,0,1,0,336593,269017,36972,70984,2.491913372114565,0.20877585654159841
8254,0.1500212426795039,2,36,2,336629,268981,36974,70982,2.491579902923413,0.20879330986019068
8255,0.1500249244243394,14,109,14,336738,268872,36988,70968,2.4905702323168697,0.20882768361581922
8256,0.1500282395869471,1,5,1,336743,268867,36989,70967,2.490523917151432,0.20882842799719864
8257,0.1500293092597113,8,40,8,336783,268827,36997,70959,2.49015339582793,0.20883438399463192
8258,0.1500337884576054,7,64,7,336847,268763,37004,70952,2.4895605617103262,0.20885742460591966
8259,0.150037310983315,1,0,1,336847,268763,37005,70951,2.4895605617103262,0.20885509575701913
8260,0.1500384991932161,0,1,0,336848,268762,37005,70951,2.489551298677239,0.20885571055567495
8261,0.1500435358087076,0,1,0,336849,268761,37005,70951,2.4895420356441513,0.20885632535795026
8262,0.1500449486846236,31,143,31,336992,268618,37036,70920,2.488217421912631,0.20887205555784624
8263,0.1500462534962023,41,160,41,337152,268458,37077,70879,2.4867353366186222,0.20887495321759786
8264,0.1500470149168056,14,71,14,337223,268387,37091,70865,2.486077661269406,0.2088860198318654
8265,0.1500534712534086,6,34,6,337257,268353,37097,70859,2.485762718144429,0.20889296369232221
8266,0.1500548209483094,18,83,18,337340,268270,37115,70841,2.484993886398162,0.20890209990239184
8267,0.1500611697776475,0,3,0,337343,268267,37115,70841,2.4849660972988996,0.20890394800476544
8268,0.1500617409724431,2,33,2,337376,268234,37117,70839,2.48466041720701,0.2089196131806425
8269,0.1500628930545448,8,48,8,337424,268186,37125,70831,2.4842157916188077,0.20893052560786038
8270,0.1500652566496026,0,5,0,337429,268181,37125,70831,2.4841694764533697,0.20893360706995623
8271,0.1500654639179151,0,4,0,337433,268177,37125,70831,2.48413242432102,0.20893607230507835
8272,0.1500697189719562,2,10,2,337443,268167,37127,70829,2.484039793990144,0.20893756858488005
8273,0.1500712946587181,0,1,0,337444,268166,37127,70829,2.4840305309570567,0.20893818492898125
8274,0.1500781733270337,3,5,3,337449,268161,37130,70826,2.4839842157916188,0.20893426591580208
8275,0.1500787024541011,0,11,0,337460,268150,37130,70826,2.4838823224276556,0.20894104597375626
8276,0.1500794633598486,0,6,0,337466,268144,37130,70826,2.4838267442291304,0.20894474437265834
8277,0.1500837278217433,13,106,13,337572,268038,37143,70813,2.4828448627218496,0.20897975806475413
8278,0.1500837388148833,0,2,0,337574,268036,37143,70813,2.4828263366556746,0.20898099153310176
8279,0.1500850748528439,1,1,1,337575,268035,37144,70812,2.482817073622587,0.2089792738315523
8280,0.1500879806568799,0,5,0,337580,268030,37144,70812,2.482770758457149,0.2089823575589803
8281,0.1500979124105169,13,38,13,337618,267992,37157,70799,2.482418763199822,0.2089754450383865
8282,0.1500987568953077,2,4,2,337622,267988,37159,70797,2.4823817110674717,0.20897324261699898
8283,0.1501038927161953,0,3,0,337625,267985,37159,70797,2.482353921968209,0.20897509312773405
8284,0.1501090916518361,0,1,0,337626,267984,37159,70797,2.482344658935122,0.20897570997192877
8285,0.1501111774981436,1,12,1,337638,267972,37160,70796,2.482233502538071,0.20898077740518586
8286,0.1501132992431485,0,1,0,337639,267971,37160,70796,2.4822242395049834,0.20898139429165177
8287,0.1501234070232083,0,3,0,337642,267968,37160,70796,2.482196450405721,0.2089832449729015
8288,0.150125464877594,6,35,6,337677,267933,37166,70790,2.4818722442476564,0.2089908273131733
8289,0.1501286693934777,5,25,5,337702,267908,37171,70785,2.4816406684204675,0.20899457620913334
8290,0.150134453789688,61,408,61,338110,267500,37232,70724,2.4778613509207457,0.20910402573442452
8291,0.1501363390142871,0,3,0,338113,267497,37232,70724,2.4778335618214826,0.20910588047460094
8292,0.1501366573796134,0,1,0,338114,267496,37232,70724,2.4778242987883954,0.20910649872863815
8293,0.1501379524318856,47,319,47,338433,267177,37279,70677,2.4748693912334656,0.20919391216324212
8294,0.1501388272393914,0,5,0,338438,267172,37279,70677,2.4748230760680276,0.20919700813085135
8295,0.1501418381931952,0,3,0,338441,267169,37279,70677,2.474795286968765,0.20919886575540336
8296,0.1501451738963142,4,27,4,338468,267142,37283,70673,2.474545185075401,0.20920622234063022
8297,0.1501455551055977,5,23,5,338491,267119,37288,70668,2.4743321353143872,0.20920876173446581
8298,0.1501456509561244,1,31,1,338522,267088,37289,70667,2.474044981288673,0.20922562212254445
8299,0.15015088875822,0,1,0,338523,267087,37289,70667,2.4740357182555854,0.20922624158411152
8300,0.1501556818437475,2,17,2,338540,267070,37291,70665,2.473878246693097,0.20923209024827158
8301,0.1501662047134356,0,3,0,338543,267067,37291,70665,2.4738504575938345,0.20923394881148366
8302,0.1501667492173291,8,38,8,338581,267029,37299,70657,2.4734984623365075,0.20923876026841504
8303,0.1501680604853043,2,12,2,338593,267017,37301,70655,2.4733873059394567,0.20924151247364306
8304,0.1501706839113297,0,4,0,338597,267013,37301,70655,2.4733502538071064,0.2092439911392255
8305,0.1501724618353569,5,48,5,338645,266965,37306,70650,2.472905628218904,0.20926202923448306
8306,0.1501745902420186,17,71,17,338716,266894,37323,70633,2.4722479528696875,0.20926622166522973
8307,0.1501748519908453,15,100,15,338816,266794,37338,70618,2.4713216495609323,0.20929308975377284
8308,0.1501764251328322,0,1,0,338817,266793,37338,70618,2.4713123865278446,0.2092937100450193
8309,0.1501767119870235,0,1,0,338818,266792,37338,70618,2.4713031234947573,0.2092943303399425
8310,0.1501825706928693,0,2,0,338820,266790,37338,70618,2.471284597428582,0.20929557094081944
8311,0.1501832380737847,3,27,3,338847,266763,37341,70615,2.471034495535218,0.20930528961580186
8312,0.1501898501358873,3,28,3,338875,266735,37344,70612,2.4707751306087666,0.20931563049323101
8313,0.1501949677583516,2,12,2,338887,266723,37346,70610,2.470663974211716,0.20931838865453425
8314,0.1502078313727559,1,0,1,338887,266723,37347,70609,2.470663974211716,0.20931604472744952
8315,0.1502083048131997,0,1,0,338888,266722,37347,70609,2.470654711178628,0.20931666523385042
8316,0.1502171158407409,32,264,32,339152,266458,37379,70577,2.468209270443514,0.20940555135223346
8317,0.1502187301588692,1,6,1,339158,266452,37380,70576,2.4681536922449885,0.2094069335485479
8318,0.1502254486381137,0,5,0,339163,266447,37380,70576,2.468107377079551,0.2094100402643143
8319,0.1502315929898846,0,1,0,339164,266446,37380,70576,2.4680981140464633,0.20941066161852936
8320,0.1502340813246123,2,13,2,339177,266433,37382,70574,2.467977694616325,0.209414047779423
8321,0.1502362815025347,0,6,0,339183,266427,37382,70574,2.4679221164178,0.2094177762083792
8322,0.1502372941968411,4,44,4,339227,266383,37386,70570,2.4675145429619474,0.20943573732835144
8323,0.1502382647347204,129,811,129,340038,265572,37515,70441,2.460002223127941,0.20963772235002812
8324,0.1502415768862028,3,5,3,340043,265567,37518,70438,2.4599559079625033,0.2096337852115296
8325,0.1502436594738408,3,14,3,340057,265553,37521,70435,2.4598262254992775,0.20963546317130374
8326,0.150256795042206,1,4,1,340061,265549,37522,70434,2.4597891733669273,0.2096356065634273
8327,0.1502614108710306,27,159,27,340220,265390,37549,70407,2.458316351106006,0.20967131927920737
8328,0.1502654286210353,0,2,0,340222,265388,37549,70407,2.458297825039831,0.20967256808469453
8329,0.1502673306345807,0,1,0,340223,265387,37549,70407,2.4582885620067434,0.20967319249301655
8330,0.150269905241896,11,34,11,340257,265353,37560,70396,2.4579736188817667,0.20966853214752687
8331,0.1502712441166309,8,36,8,340293,265317,37568,70388,2.4576401496906146,0.209672182422067
8332,0.150271359105521,0,1,0,340294,265316,37568,70388,2.457630886657527,0.2096728069966399
8333,0.1502748671745022,0,9,0,340303,265307,37568,70388,2.457547519359739,0.2096784283352448
8334,0.1502805288527308,1,5,1,340308,265302,37569,70387,2.457501204194301,0.2096791971139954
8335,0.1502820693500385,1,2,1,340310,265300,37570,70386,2.4574826781281263,0.20967809202647714
8336,0.1502839129429957,1,3,1,340313,265297,37571,70385,2.4574548890288637,0.20967761154902556
8337,0.1502932050626077,2,15,2,340328,265282,37573,70383,2.4573159435325502,0.20968227250383567
8338,0.1502935869322506,0,6,0,340334,265276,37573,70383,2.457260365334025,0.20968602063403632
8339,0.1502945779970317,1,3,1,340337,265273,37574,70382,2.4572325762347624,0.2096855402124205
8340,0.150296229446383,2,4,2,340341,265269,37576,70380,2.457195524102412,0.20968332990713512
8341,0.150300347055972,0,1,0,340342,265268,37576,70380,2.4571862610693245,0.20968395461912478
8342,0.1503032104819625,0,1,0,340343,265267,37576,70380,2.457176998036237,0.2096845793348369
8343,0.1503032113373462,10,82,10,340425,265185,37586,70370,2.4564174293230576,0.2097122677355426
8344,0.1503066886658293,0,3,0,340428,265182,37586,70370,2.456389640223795,0.20971414266641236
8345,0.1503102653726576,1,4,1,340432,265178,37587,70369,2.4563525880914447,0.20971428741726197
8346,0.1503105194488339,0,5,0,340437,265173,37587,70369,2.456306272926007,0.20971741242527017
8347,0.1503111678637233,4,9,4,340446,265164,37591,70365,2.456222905628219,0.2097136164087158
8348,0.1503116969445476,1,1,1,340447,265163,37592,70364,2.4562136425951313,0.2097118860777225
8349,0.1503126287751348,0,11,0,340458,265152,37592,70364,2.456111749231168,0.2097187615493747
8350,0.1503192934205707,14,80,14,340538,265072,37606,70350,2.455370706584164,0.2097357955053634
8351,0.1503214988617691,0,3,0,340541,265069,37606,70350,2.4553429174849013,0.20973767139011207
8352,0.1503232347422467,1,3,1,340544,265066,37607,70349,2.4553151283856387,0.2097371912407018
8353,0.1503240427847551,0,10,0,340554,265056,37607,70349,2.4552224980547632,0.20974344449247925
8354,0.1503283557773493,8,59,8,340613,264997,37615,70341,2.454675979102597,0.20976149437284172
8355,0.1503285219826492,1,10,1,340623,264987,37616,70340,2.4545833487717217,0.20976539318337026
8356,0.1503299969459296,1,10,1,340633,264977,37617,70339,2.454490718440846,0.20976929224969879
8357,0.150333258361994,2,7,2,340640,264970,37619,70337,2.4544258772092333,0.20976895799968387
8358,0.1503356068750412,0,1,0,340641,264969,37619,70337,2.4544166141761457,0.20976958360423018
8359,0.150337184266632,0,2,0,340643,264967,37619,70337,2.4543980881099707,0.20977083482451744
8360,0.1503382799183772,17,87,17,340730,264880,37636,70320,2.4535922042313536,0.20978520286396182
8361,0.1503397358657114,0,1,0,340731,264879,37636,70320,2.453582941198266,0.20978582871667278
8362,0.1503439415966058,11,28,11,340759,264851,37647,70309,2.4533235762718144,0.20977741973982575
8363,0.150346079319372,0,1,0,340760,264850,37647,70309,2.4533143132387267,0.20977804564400776
8364,0.1503546757132221,4,67,4,340827,264783,37651,70305,2.4526936900218606,0.20981055722675834
8365,0.1503567729197782,0,3,0,340830,264780,37651,70305,2.452665900922598,0.2098124356506558
8366,0.1503639953090563,0,1,0,340831,264779,37651,70305,2.4526566378895107,0.2098130617994294
8367,0.1503640927508709,1,8,1,340839,264771,37652,70304,2.45258253362481,0.20981571290009698
8368,0.1503661428845192,1,5,1,340844,264766,37653,70303,2.452536218459372,0.20981648555969068
8369,0.1503694979144656,1,1,1,340845,264765,37654,70302,2.452526955426285,0.209814753467217
8370,0.1503706220824132,2,5,2,340850,264760,37656,70300,2.452480640260847,0.20981316779084344
8371,0.1503747712171058,0,6,0,340856,264754,37656,70300,2.452425062062322,0.20981692503297975
8372,0.1503798647538235,0,2,0,340858,264752,37656,70300,2.4524065359961464,0.20981817747692896
8373,0.1503809214812773,65,381,65,341239,264371,37721,70235,2.4488773203897884,0.20990358810063178
8374,0.1503820801839771,12,23,12,341262,264348,37733,70223,2.448664270628775,0.20988967961957253
8375,0.1503838679201988,0,1,0,341263,264347,37733,70223,2.448655007595687,0.20989030696117406
8376,0.1503849116056441,3,36,3,341299,264311,37736,70220,2.448321538404535,0.2099058084303099
8377,0.1503866255278539,6,38,6,341337,264273,37742,70214,2.447969543147208,0.20991548251501554
8378,0.1503919193959318,13,71,13,341408,264202,37755,70201,2.4473118677979917,0.20992933675834247
8379,0.1503941195738542,5,12,5,341420,264190,37760,70196,2.4472007114009413,0.20992505667103287
8380,0.1503947465511345,6,10,6,341430,264180,37766,70190,2.4471080810700654,0.20991715763974042
8381,0.15039479547739,6,12,6,341442,264168,37772,70184,2.446996924673015,0.20991051347083314
8382,0.1503961781230246,0,5,0,341447,264163,37772,70184,2.446950609507577,0.20991365258249664
8383,0.1504015576810728,13,33,13,341480,264130,37785,70171,2.446644929415688,0.20990364970490666
8384,0.1504111561236702,0,1,0,341481,264129,37785,70171,2.4466356663826003,0.20990427759497457
8385,0.150411298950659,7,25,7,341506,264104,37792,70164,2.4464040905554114,0.20990343078009263
8386,0.1504127398473112,2,4,2,341510,264100,37794,70162,2.446367038423061,0.20990121521441266
8387,0.150414449888653,0,1,0,341511,264099,37794,70162,2.446357775389974,0.20990184317045663
8388,0.1504171560803143,0,3,0,341514,264096,37794,70162,2.446329986290711,0.20990372706113242
8389,0.1504176400545153,6,5,6,341519,264091,37800,70156,2.4462836711252733,0.20989268415273735
8390,0.1504225533024322,0,3,0,341522,264088,37800,70156,2.4462558820260107,0.20989456804011442
8391,0.150423645014516,9,69,9,341591,264019,37809,70147,2.445616732742969,0.20991662826260002
8392,0.1504243968953893,1,13,1,341604,264006,37810,70146,2.445496313312831,0.2099224305106658
8393,0.1504370250250533,11,62,11,341666,263944,37821,70135,2.444922005261403,0.2099353745670934
8394,0.150439907421358,0,2,0,341668,263942,37821,70135,2.4449034791952275,0.20993663137540147
8395,0.1504439074678315,5,9,5,341677,263933,37826,70130,2.4448201118974398,0.20993046221820436
8396,0.1504466231144225,0,8,0,341685,263925,37826,70130,2.444746007632739,0.20993548966487555
8397,0.1504510431339271,2,30,2,341715,263895,37828,70128,2.4444681166401128,0.20994961424812064
8398,0.1504530512745095,0,1,0,341716,263894,37828,70128,2.444458853607025,0.20995024279837854
8399,0.150462154288565,0,1,0,341717,263893,37828,70128,2.4444495905739374,0.2099508713524
8400,0.1504633849649272,1,15,1,341732,263878,37829,70127,2.4443106450776244,0.20995793476145566
8401,0.1504643696833545,0,2,0,341734,263876,37829,70127,2.444292119011449,0.20995919198330554
8402,0.1504645267371487,2,26,2,341760,263850,37831,70125,2.444051280151173,0.2099708061980687
8403,0.1504678257538793,0,4,0,341764,263846,37831,70125,2.4440142280188226,0.20997332103685648
8404,0.1504690059350428,5,25,5,341789,263821,37836,70120,2.4437826521916337,0.20997721154335647
8405,0.1504710899337332,1,0,1,341789,263821,37837,70119,2.4437826521916337,0.20997484578067915
8406,0.1504727664868388,9,28,9,341817,263793,37846,70110,2.443523287265182,0.2099711592887755
8407,0.1504737491273406,1,10,1,341827,263783,37847,70109,2.4434306569343067,0.20997508176296528
8408,0.1504805141538469,0,3,0,341830,263780,37847,70109,2.443402867835044,0.20997696839368774
8409,0.1504820075211221,0,3,0,341833,263777,37847,70109,2.443375078735781,0.20997885505831332
8410,0.1504843005824544,4,31,4,341864,263746,37851,70105,2.443087924710067,0.2099888872580882
8411,0.15048437031869,3,8,3,341872,263738,37854,70102,2.4430138204453664,0.20998682003354902
8412,0.1504851885381277,2,6,2,341878,263732,37856,70100,2.442958242246841,0.20998586115171702
8413,0.1504910964333135,4,23,4,341901,263709,37860,70096,2.4427451924858277,0.20999086292895552
8414,0.1504938718691632,3,21,3,341922,263688,37863,70093,2.442550668790989,0.20999697406383228
8415,0.1504950223379514,1,7,1,341929,263681,37864,70092,2.442485827559376,0.2099990113040899
8416,0.1504954018983641,1,0,1,341929,263681,37865,70091,2.442485827559376,0.20999664441594862
8417,0.1504957801291359,45,251,45,342180,263430,37910,70046,2.4401608062544,0.21004809941345104
8418,0.1505053878778063,1,0,1,342180,263430,37911,70045,2.4401608062544,0.2100457305645101
8419,0.1505098502001599,1,1,1,342181,263429,37912,70044,2.4401515432213126,0.2100439915675332
8420,0.1505154682029748,21,122,21,342303,263307,37933,70023,2.4390214531846306,0.2100711007110071
8421,0.1505171093715551,6,6,6,342309,263301,37939,70017,2.4389658749861054,0.21006066279048835
8422,0.1505227445376898,0,4,0,342313,263297,37939,70017,2.438928822853755,0.21006318366465254
8423,0.1505277824272295,4,5,4,342318,263292,37943,70013,2.4388825076883176,0.2100568548326608
8424,0.1505283501898245,0,2,0,342320,263290,37943,70013,2.4388639816221422,0.21005811528849125
8425,0.1505349457000705,19,188,19,342508,263102,37962,69994,2.4371225314016822,0.21013161370896077
8426,0.1505371618712156,12,82,12,342590,263020,37974,69982,2.4363629626885026,0.21015489396460083
8427,0.1505418396107628,1,22,1,342612,262998,37975,69981,2.4361591759605767,0.21016640689052463
8428,0.1505444635991734,22,138,22,342750,262860,37997,69959,2.434880877394494,0.21020134066865173
8429,0.1505477830625651,13,89,13,342839,262771,38010,69946,2.4340564674497016,0.21022670918528358
8430,0.1505482835282414,3,14,3,342853,262757,38013,69943,2.433926784986476,0.21022843402464683
8431,0.1505486012820028,7,31,7,342884,262726,38020,69936,2.4336396309607617,0.2102314060517883
8432,0.1505523069323562,6,20,6,342904,262706,38026,69930,2.433454370299011,0.21022980074315467
8433,0.1505531525012125,0,4,0,342908,262702,38026,69930,2.4334173181666605,0.21023232881983694
8434,0.1505533975123791,0,6,0,342914,262696,38026,69930,2.4333617399681353,0.2102361210488657
8435,0.1505536706940898,3,2,3,342916,262694,38029,69927,2.43334321390196,0.2102302620700437
8436,0.1505563268791595,5,14,5,342930,262680,38034,69922,2.433213531438734,0.2102272385614037
8437,0.150560005456595,0,1,0,342931,262679,38034,69922,2.433204268405647,0.21022787063177803
8438,0.150564855058199,0,2,0,342933,262677,38034,69922,2.4331857423394716,0.210229134783929
8439,0.1505669626335073,5,10,5,342943,262667,38039,69917,2.433093112008596,0.21022358261371563
8440,0.150568085378818,22,100,22,343043,262567,38061,69895,2.4321668086998405,0.21023455312186054
8441,0.1505688006216813,2,8,2,343051,262559,38063,69893,2.4320927044351404,0.21023486097241106
8442,0.1505738758490802,0,4,0,343055,262555,38063,69893,2.43205565230279,0.2102373905091924
8443,0.1505777269655129,0,3,0,343058,262552,38063,69893,2.4320278632035275,0.2102392877017251
8444,0.1505803913737516,1,9,1,343067,262543,38064,69892,2.4319444959057392,0.2102426038172876
8445,0.1505856035162064,2,6,2,343073,262537,38066,69890,2.431888917707214,0.21024164703829712
8446,0.1505859837554062,1,4,1,343077,262533,38067,69889,2.4318518655748638,0.2102418010841641
8447,0.1505881120887231,1,2,1,343079,262531,38068,69888,2.431833339508689,0.21024069021325495
8448,0.1505886701066984,22,84,22,343163,262447,38090,69866,2.4310552447293343,0.21024154938266032
8449,0.1505892554128221,1,4,1,343167,262443,38091,69865,2.431018192596984,0.21024170347990417
8450,0.1505944514177745,0,1,0,343168,262442,38091,69865,2.4310089295638964,0.21024233615301513
8451,0.1505967949425233,0,4,0,343172,262438,38091,69865,2.430971877431546,0.21024486688353702
8452,0.1505980378077032,3,16,3,343188,262422,38094,69862,2.4308236689021454,0.21024786026411144
8453,0.1505985627286726,0,2,0,343190,262420,38094,69862,2.43080514283597,0.21024912574259214
8454,0.1506015599403362,1,8,1,343198,262412,38095,69861,2.43073103857127,0.21025181101082543
8455,0.1506042250253527,0,1,0,343199,262411,38095,69861,2.4307217755381822,0.2102524437809987
8456,0.1506165652450876,7,31,7,343230,262380,38102,69854,2.430434621512468,0.2102554223830192
8457,0.1506244925457293,0,1,0,343231,262379,38102,69854,2.4304253584793805,0.21025605523834176
8458,0.1506302124222672,5,3,5,343234,262376,38107,69849,2.430397569380118,0.21024606817668748
8459,0.1506306045581583,8,50,8,343284,262326,38115,69841,2.42993441772574,0.21025869517441528
8460,0.1506327647067183,15,122,15,343406,262204,38130,69826,2.4288043276890585,0.21030027407162002
8461,0.1506330846593398,0,3,0,343409,262201,38130,69826,2.428776538589796,0.21030217422077122
8462,0.1506411343891747,0,2,0,343411,262199,38130,69826,2.4287580125236206,0.21030344100594836
8463,0.150648754481803,0,1,0,343412,262198,38130,69826,2.4287487494905333,0.21030407440425994
8464,0.1506490162600814,2,23,2,343435,262175,38132,69824,2.4285356997295193,0.2103138864876099
8465,0.1506503088963146,0,1,0,343436,262174,38132,69824,2.428526436696432,0.21031451996698775
8466,0.1506504973905527,8,41,8,343477,262133,38140,69816,2.428146652339842,0.2103214650443291
8467,0.1506528558501441,25,142,25,343619,261991,38165,69791,2.4268313016414096,0.2103519781061058
8468,0.1506614505515782,22,102,22,343721,261889,38187,69769,2.425886472266479,0.21036429092619505
8469,0.1506630502298597,0,1,0,343722,261888,38187,69769,2.4258772092333913,0.21036492520887543
8470,0.1506649726842113,18,129,18,343851,261759,38205,69751,2.424682277965097,0.2104039093843323
8471,0.1506652763184585,0,5,0,343856,261754,38205,69751,2.424635962799659,0.2104070828494291
8472,0.1506665649953255,0,1,0,343857,261753,38205,69751,2.4246266997665717,0.210407717553936
8473,0.1506667211314521,0,7,0,343864,261746,38205,69751,2.424561858534959,0.2104121605927052
8474,0.1506735854041686,1,0,1,343864,261746,38206,69750,2.424561858534959,0.21040977870019548
8475,0.1506789325962514,1,4,1,343868,261742,38207,69749,2.4245248064026086,0.21040993571469513
8476,0.1506791016181993,113,688,113,344556,261054,38320,69636,2.418151839638371,0.21057788260909008
8477,0.1506801986554087,4,47,4,344603,261007,38324,69632,2.417716477083256,0.21059826578231847
8478,0.1506821706729433,0,2,0,344605,261005,38324,69632,2.417697951017081,0.21059953967644274
8479,0.150686188261144,3,14,3,344619,260991,38327,69629,2.4175682685538553,0.21060129453753554
8480,0.150690667459038,2,17,2,344636,260974,38329,69627,2.417410796991367,0.2106073484351227
8481,0.1506942275812442,0,1,0,344637,260973,38329,69627,2.4174015339582793,0.21060798548094373
8482,0.1506946916823155,1,4,1,344641,260969,38330,69626,2.417364481825929,0.21060814591872232
8483,0.1506955866212618,18,33,18,344674,260936,38348,69608,2.41705880173404,0.21058618519773464
8484,0.1507008637890752,0,1,0,344675,260935,38348,69608,2.4170495387009523,0.21058682228938444
8485,0.1507045471330498,3,17,3,344692,260918,38351,69605,2.416892067138464,0.21059048840776587
8486,0.1507059417156207,3,19,3,344711,260899,38354,69602,2.4167160695098002,0.21059542936329995
8487,0.1507069980712222,0,2,0,344713,260897,38354,69602,2.4166975434436253,0.2105967037721748
8488,0.1507089737242063,3,10,3,344723,260887,38357,69599,2.41660491311275,0.2105959102654878
8489,0.1507097249894749,2,2,2,344725,260885,38359,69597,2.4165863870465745,0.210592407453356
8490,0.1507098569633153,1,5,1,344730,260880,38360,69596,2.416540071881137,0.21059320495285588
8491,0.1507112355836986,3,21,3,344751,260859,38363,69593,2.4163455481862983,0.21059942139856924
8492,0.1507113914839571,0,2,0,344753,260857,38363,69593,2.416327022120123,0.210600696020578
8493,0.1507121923997026,14,84,14,344837,260773,38377,69579,2.4155489273407684,0.21062079236692982
8494,0.1507140994817766,1,0,1,344837,260773,38378,69578,2.4155489273407684,0.21061840285030164
8495,0.150714164950479,7,43,7,344880,260730,38385,69571,2.4151506169180035,0.21062909285772674
8496,0.1507175658378167,4,3,4,344883,260727,38389,69567,2.415122827818741,0.21062144634779922
8497,0.1507191283764831,0,1,0,344884,260726,38389,69567,2.415113564785653,0.21062208402842325
8498,0.150722058125696,64,318,64,345202,260408,38453,69503,2.412167920263811,0.2106719691068197
8499,0.1507261508665464,1,0,1,345202,260408,38454,69502,2.412167920263811,0.21066957655118063
8500,0.1507275444445126,2,4,2,345206,260404,38456,69500,2.412130868131461,0.2106673456520685
8501,0.1507369981480436,2,17,2,345223,260387,38458,69498,2.4119733965689725,0.21067341649362656
8502,0.1507378422430709,0,1,0,345224,260386,38458,69498,2.411964133535885,0.21067405512240667
8503,0.1507479939830346,1,0,1,345224,260386,38459,69497,2.411964133535885,0.2106716623772671
8504,0.1507497574969354,10,72,10,345296,260314,38469,69487,2.411297195153581,0.21069372136530817
8505,0.150751202309929,5,31,5,345327,260283,38474,69482,2.411010041127867,0.210701560201962
8506,0.1507552420477186,0,2,0,345329,260281,38474,69482,2.4109915150616916,0.21070283809887708
8507,0.1507581044261906,5,38,5,345367,260243,38479,69477,2.4106395198043646,0.21071515225039428
8508,0.1507596889935823,0,2,0,345369,260241,38479,69477,2.4106209937381897,0.21071643040416355
8509,0.1507617274840618,0,14,0,345383,260227,38479,69477,2.410491311274964,0.21072537791473564
8510,0.1507628240945987,1,5,1,345388,260222,38480,69476,2.410444996109526,0.2107261797159825
8511,0.1507642765329502,3,27,3,345415,260195,38483,69473,2.410194894216162,0.21073625586954148
8512,0.1507671473564051,64,426,64,345841,259769,38547,69409,2.406248842120864,0.21085552497433
8513,0.1507704108150973,7,36,7,345877,259733,38554,69402,2.4059153729297122,0.21086180442675498
8514,0.1507748042278321,6,15,6,345892,259718,38560,69396,2.405776427433399,0.2108570282637627
8515,0.1507785676909818,2,32,2,345924,259686,38562,69394,2.405480010374597,0.21087273611279933
8516,0.150782052926951,0,5,0,345929,259681,38562,69394,2.4054336952091595,0.21087594013522754
8517,0.150783194575806,0,1,0,345930,259680,38562,69394,2.405424432176072,0.21087658095139694
8518,0.1507880504935866,6,14,6,345944,259666,38568,69388,2.405294749712846,0.21087116400347664
8519,0.1507906891116263,4,44,4,345988,259622,38572,69384,2.4048871762569934,0.21088977100721568
8520,0.1507912062676604,4,9,4,345997,259613,38576,69380,2.4048038089592056,0.21088594590158452
8521,0.1507937542605979,1,0,1,345997,259613,38577,69379,2.4048038089592056,0.21088354732029957
8522,0.1507952751095926,1,8,1,346005,259605,38578,69378,2.404729704694505,0.2108862767984972
8523,0.1507966735781796,89,590,89,346595,259015,38667,69289,2.399264515172848,0.21105134265802428
8524,0.1507974706334413,1,2,1,346597,259013,38668,69288,2.399245989106673,0.21105022525060843
8525,0.1507985806602535,0,2,0,346599,259011,38668,69288,2.399227463040498,0.21105151097018268
8526,0.1507993733719193,0,3,0,346602,259008,38668,69288,2.399199673941235,0.2110534395789166
8527,0.1508000404010508,0,2,0,346604,259006,38668,69288,2.39918114787506,0.21105472533765465
8528,0.1508011774276641,0,2,0,346606,259004,38668,69288,2.3991626218088853,0.21105601111205877
8529,0.1508020528977469,1,3,1,346609,259001,38669,69287,2.3991348327096222,0.211055536602008
8530,0.150807297670728,1,7,1,346616,258994,38670,69286,2.3990699914780094,0.21105763372730596
8531,0.1508084676359205,0,4,0,346620,258990,38670,69286,2.3990329393456595,0.21106020543688847
8532,0.150810486582567,0,1,0,346621,258989,38670,69286,2.399023676312572,0.21106084837407663
8533,0.1508183071804691,0,5,0,346626,258984,38670,69286,2.398977361147134,0.21106406311877418
8534,0.1508231017374573,0,1,0,346627,258983,38670,69286,2.3989680981140467,0.21106470607946531
8535,0.1508251402279369,26,125,26,346752,258858,38696,69260,2.397810218978102,0.21108259833352636
8536,0.1508259406299113,0,7,0,346759,258851,38696,69260,2.397745377746489,0.21108710162109773
8537,0.1508262368384738,11,94,11,346853,258757,38707,69249,2.396874652636259,0.2111211380279629
8538,0.1508274193118821,0,3,0,346856,258754,38707,69249,2.3968468635369966,0.21112306899632016
8539,0.150830535223919,0,1,0,346857,258753,38707,69249,2.396837600503909,0.21112371266028865
8540,0.150835733431304,0,1,0,346858,258752,38707,69249,2.3968283374708212,0.21112435632818194
8541,0.1508381809550812,1,4,1,346862,258748,38708,69248,2.3967912853384714,0.21112452590885256
8542,0.1508397232261955,1,25,1,346887,258723,38709,69247,2.3965597095112825,0.21113821386102388
8543,0.1508400087442628,3,15,3,346902,258708,38712,69244,2.396420764014969,0.2111406547299605
8544,0.1508491769772851,2,7,2,346909,258701,38714,69242,2.396355922783356,0.21114035060970962
8545,0.1508520656525637,0,3,0,346912,258698,38714,69242,2.3963281336840936,0.21114228212477892
8546,0.1508551214940663,0,1,0,346913,258697,38714,69242,2.396318870651006,0.2111429259709885
8547,0.1508555527524512,0,1,0,346914,258696,38714,69242,2.3963096076179182,0.21114356982112473
8548,0.1508584228377498,0,1,0,346915,258695,38714,69242,2.396300344584831,0.21114421367518763
8549,0.1508586878534676,12,94,12,347009,258601,38726,69230,2.395429619474601,0.21117588025537548
8550,0.1508597600796398,4,65,4,347074,258536,38730,69226,2.3948275223239097,0.21120813273045685
8551,0.1508627861157943,0,8,0,347082,258528,38730,69226,2.394753418059209,0.21121328801479158
8552,0.1508637797869401,10,47,10,347129,258481,38740,69216,2.3943180555040944,0.21121951070653683
8553,0.1508641986115349,0,1,0,347130,258480,38740,69216,2.3943087924710067,0.21122015526585616
8554,0.1508653149957412,1,6,1,347136,258474,38741,69215,2.3942532142724815,0.21122161561724684
8555,0.150866534105428,3,21,3,347157,258453,38744,69212,2.394058690577643,0.21122793096607817
8556,0.1508796525894592,0,1,0,347158,258452,38744,69212,2.394049427544555,0.21122857561404365
8557,0.1508819518119183,7,41,7,347199,258411,38751,69205,2.3936696431879656,0.21123815686657552
8558,0.1508839889378659,0,2,0,347201,258409,38751,69205,2.3936511171217902,0.21123944642170359
8559,0.1508847924928369,1,5,1,347206,258404,38752,69204,2.3936048019563527,0.21124026275304633
8560,0.1508949677610439,1,0,1,347206,258404,38753,69203,2.3936048019563527,0.21123785511298598
8561,0.150902176543983,13,103,13,347309,258301,38766,69190,2.3926507095483345,0.2112729815475845
8562,0.1509072941664473,5,18,5,347327,258283,38771,69185,2.3924839749527584,0.2112725518218574
8563,0.1509087626911507,8,60,8,347387,258223,38779,69177,2.391928192967505,0.2112919975565058
8564,0.1509121936670454,5,20,5,347407,258203,38784,69172,2.391742932305754,0.21129285987017946
8565,0.1509128024289402,2,4,2,347411,258199,38786,69170,2.391705880173404,0.2112906231194768
8566,0.150913504144909,0,1,0,347412,258198,38786,69170,2.3916966171403162,0.21129126854182448
8567,0.150915016402396,3,10,3,347422,258188,38789,69167,2.3916039868094408,0.21129049502833316
8568,0.1509210630773433,0,2,0,347424,258186,38789,69167,2.391585460743266,0.21129178593139517
8569,0.15092608903763,0,1,0,347425,258185,38789,69167,2.391576197710178,0.21129243138884138
8570,0.1509293234198503,10,101,10,347526,258084,38799,69157,2.3906406313683353,0.2113335431684905
8571,0.1509311118942234,15,39,15,347565,258045,38814,69142,2.3902793730779206,0.21132257699725235
8572,0.150932059378743,0,2,0,347567,258043,38814,69142,2.3902608470117457,0.21132386875926465
8573,0.150933658155762,32,205,32,347772,257838,38846,69110,2.388361925228797,0.21137917956372268
8574,0.1509362480804187,0,5,0,347777,257833,38846,69110,2.3883156100633594,0.2113824122247609
8575,0.1509364057623012,18,129,18,347906,257704,38864,69092,2.3871206787950645,0.21142241643104567
8576,0.150936538576637,0,1,0,347907,257703,38864,69092,2.3871114157619773,0.21142306338836273
8577,0.1509381677237714,0,4,0,347911,257699,38864,69092,2.387074363629627,0.21142565125722557
8578,0.1509418556549182,1,6,1,347917,257693,38865,69091,2.3870187854311014,0.21142712005483744
8579,0.1509420484145377,1,9,1,347926,257684,38866,69090,2.3869354181333136,0.21143052996872455
8580,0.1509434968234984,0,3,0,347929,257681,38866,69090,2.386907629034051,0.2114324710577132
8581,0.1509477248112468,0,18,0,347947,257663,38866,69090,2.386740894438475,0.21144411834015295
8582,0.1509486797900119,1,6,1,347953,257657,38867,69089,2.3866853162399497,0.2114455877042106
8583,0.1509490443389799,4,60,4,348013,257597,38871,69085,2.3861295342546964,0.21147476751091276
8584,0.1509507992922333,2,15,2,348028,257582,38873,69083,2.385990588758383,0.21147965040637962
8585,0.1509531796911074,2,0,2,348028,257582,38875,69081,2.385990588758383,0.21147482267658108
8586,0.1509550310146631,0,3,0,348031,257579,38875,69081,2.3859627996591204,0.21147676483193534
8587,0.1509555159667422,0,4,0,348035,257575,38875,69081,2.38592574752677,0.2114793544278997
8588,0.1509561410414752,4,15,4,348050,257560,38879,69077,2.3857868020304567,0.21147940986477343
8589,0.1509661377334475,4,4,4,348054,257556,38883,69073,2.385749749898107,0.21147234323957761
8590,0.1509691214503017,0,2,0,348056,257554,38883,69073,2.3857312238319315,0.21147363812544584
8591,0.1509712306282496,3,27,3,348083,257527,38886,69070,2.3854811219385677,0.21148387768411836
8592,0.1509737372791263,112,778,112,348861,256749,38998,68958,2.3782744821964505,0.21171789368972727
8593,0.1509766662639192,0,1,0,348862,256748,38998,68958,2.378265219163363,0.21171854371734017
8594,0.1509828805280279,3,65,3,348927,256683,39001,68955,2.377663122012672,0.211753542277007
8595,0.1509844758212183,10,58,10,348985,256625,39011,68945,2.3771258660935937,0.2117670547040575
8596,0.1509867914138159,1,0,1,348985,256625,39012,68944,2.3771258660935937,0.2117646336106939
8597,0.1509868590949592,3,18,3,349003,256607,39015,68941,2.3769591314980176,0.21176907859977637
8598,0.150993364331548,0,5,0,349008,256602,39015,68941,2.37691281633258,0.21177233115133792
8599,0.1509972836074172,7,31,7,349039,256571,39022,68934,2.3766256623068656,0.2117755487626918
8600,0.1509989067901434,1,4,1,349043,256567,39023,68933,2.3765886101745157,0.21177572964669739
8601,0.1510003441833191,0,2,0,349045,256565,39023,68933,2.3765700841083404,0.2117770308880546
8602,0.1510025101740394,0,1,0,349046,256564,39023,68933,2.3765608210752527,0.21177768151472978
8603,0.1510062880882834,0,3,0,349049,256561,39023,68933,2.37653303197599,0.21177963341874198
8604,0.1510084453064432,0,6,0,349055,256555,39023,68933,2.376477453777465,0.21178353733470973
8605,0.1510150575586417,1,10,1,349065,256545,39024,68932,2.3763848234465894,0.21178762247409186
8606,0.1510192424288098,0,1,0,349066,256544,39024,68932,2.3763755604135017,0.2117882731752879
8607,0.1510228458569296,1,2,1,349068,256542,39025,68931,2.376357034347327,0.2117871528513886
8608,0.1510244728902595,0,4,0,349072,256538,39025,68931,2.3763199822149765,0.21178975570638064
8609,0.1510303882632921,3,7,3,349079,256531,39028,68928,2.3762551409833637,0.21178704537284265
8610,0.1510316270767948,1,10,1,349089,256521,39029,68927,2.376162510652488,0.2117911309948133
8611,0.1510324678493307,1,5,1,349094,256516,39030,68926,2.37611619548705,0.21179196293041463
8612,0.1510346433721247,24,106,24,349200,256410,39054,68902,2.3751343139797694,0.21180282313594334
8613,0.15103951219314,19,100,19,349300,256310,39073,68883,2.374208010671014,0.21182190268548215
8614,0.1510406821854449,4,51,4,349351,256259,39077,68879,2.3737355959835487,0.21184543178588783
8615,0.1510423233540253,4,6,4,349357,256253,39081,68875,2.3736800177850235,0.21183964469378214
8616,0.1510472033184885,5,11,5,349368,256242,39086,68870,2.3735781244210603,0.21183469081424247
8617,0.1510479240153459,0,3,0,349371,256239,39086,68870,2.3735503353217977,0.2118366455557982
8618,0.151050013731761,0,5,0,349376,256234,39086,68870,2.37350402015636,0.21183990353855997
8619,0.1510523985512237,0,3,0,349379,256231,39086,68870,2.373476231057097,0.21184185837631997
8620,0.151053064653919,25,182,25,349561,256049,39111,68845,2.3717903590351623,0.21189988119201955
8621,0.1510545932256478,0,1,0,349562,256048,39111,68845,2.371781096002075,0.211900533406383
8622,0.1510567770754231,12,54,12,349616,255994,39123,68833,2.371280892215347,0.2119066456913988
8623,0.1510584356933804,0,1,0,349617,255993,39123,68833,2.3712716291822593,0.2119072980611158
8624,0.1510695451653522,0,1,0,349618,255992,39123,68833,2.371262366149172,0.21190795043484953
8625,0.1510706399601689,1,1,1,349619,255991,39124,68832,2.3712531031160844,0.2119061765946377
8626,0.1510719049184624,5,19,5,349638,255972,39129,68827,2.3710771054874207,0.21190644059864716
8627,0.1510730360733737,1,0,1,349638,255972,39130,68826,2.3710771054874207,0.21190401418727947
8628,0.1510768848424961,0,2,0,349640,255970,39130,68826,2.3710585794212458,0.21190531903102255
8629,0.1510772358311663,2,6,2,349646,255964,39132,68824,2.3710030012227206,0.21190438070372059
8630,0.1510778488234266,9,108,9,349754,255856,39141,68815,2.3700025936492644,0.2119530232142692
8631,0.1510789082523726,1,2,1,349756,255854,39142,68814,2.3699840675830894,0.21195190163490088
8632,0.1510884202498958,3,0,3,349756,255854,39145,68811,2.3699840675830894,0.21194461983891089
8633,0.1510887922836603,1,4,1,349760,255850,39146,68810,2.369947015450739,0.21194480379473912
8634,0.1510889499655428,41,213,41,349973,255637,39187,68769,2.3679739894030902,0.21198436527067932
8635,0.1510944065920728,10,31,10,350004,255606,39197,68759,2.367686835377376,0.2119803308001788
8636,0.1510993575645861,1,9,1,350013,255597,39198,68758,2.367603468079588,0.21198378320050562
8637,0.1511138840891685,12,57,12,350070,255540,39210,68746,2.367075475193597,0.21199188370759145
8638,0.1511139386954724,0,1,0,350071,255539,39210,68746,2.36706621216051,0.21199253742849652
8639,0.1511194057926593,1,1,1,350072,255538,39211,68745,2.3670569491274223,0.21199076115615065
8640,0.1511347329320915,0,2,0,350074,255536,39211,68745,2.3670384230612473,0.21199206860716477
8641,0.1511356606231995,0,1,0,350075,255535,39211,68745,2.3670291600281597,0.21199272233871963
8642,0.151139676107281,2,15,2,350090,255520,39213,68743,2.3668902145318462,0.21199766855916338
8643,0.1511411059004955,0,4,0,350094,255516,39213,68743,2.366853162399496,0.21200028372381338
8644,0.1511414045026734,14,50,14,350144,255466,39227,68729,2.3663900107451186,0.211998951248477
8645,0.1511418989449832,1,0,1,350144,255466,39228,68728,2.3663900107451186,0.21199652060186186
8646,0.1511484455776394,3,31,3,350175,255435,39231,68725,2.366102856719404,0.21200950148075023
8647,0.1511515227121607,1,0,1,350175,255435,39232,68724,2.366102856719404,0.2120070706042405
8648,0.1511518329937709,10,15,10,350190,255420,39242,68714,2.365963911223091,0.21199257097373309
8649,0.1511526484855173,1,1,1,350191,255419,39243,68713,2.3659546481900033,0.21199079387410066
8650,0.1511562338759272,2,19,2,350210,255400,39245,68711,2.3657786505613396,0.21199835858702729
8651,0.1511573069513994,2,9,2,350219,255391,39247,68709,2.365695283263552,0.21199938290651033
8652,0.1511608965799381,1,6,1,350225,255385,39248,68708,2.3656397050650266,0.2120008762916817
8653,0.1511610299711423,6,47,6,350272,255338,39254,68702,2.3652043425099114,0.21201703493395876
8654,0.1511653625076104,0,3,0,350275,255335,39254,68702,2.365176553410649,0.21201899783049466
8655,0.1511707295756475,1,2,1,350277,255333,39255,68701,2.365158027344474,0.21201787466747316
8656,0.1511757113730229,0,23,0,350300,255310,39255,68701,2.36494497758346,0.21203292480810837
8657,0.1511763970921315,1,0,1,350300,255310,39256,68700,2.36494497758346,0.21203049288602205
8658,0.1511779278438027,1,3,1,350303,255307,39257,68699,2.3649171884841973,0.21203002413535552
8659,0.1511857865702214,3,6,3,350309,255301,39260,68696,2.364861610285672,0.2120266545677892
8660,0.1511871113610774,0,2,0,350311,255299,39260,68696,2.3648430842194967,0.21202796339449684
8661,0.1511877714779476,0,4,0,350315,255295,39260,68696,2.3648060320871465,0.21203058109638848
8662,0.1511955649330229,0,3,0,350318,255292,39260,68696,2.364778242987884,0.21203254441522526
8663,0.1511962945580038,0,1,0,350319,255291,39260,68696,2.364768979954796,0.21203319886291733
8664,0.1512072059537077,0,1,0,350320,255290,39260,68696,2.364759716921709,0.2120338533146494
8665,0.1512084589504562,0,2,0,350322,255288,39260,68696,2.3647411908555336,0.21203516223023358
8666,0.1512096049360514,0,3,0,350325,255285,39260,68696,2.364713401756271,0.21203712563391064
8667,0.1512103738039674,28,114,28,350439,255171,39288,68668,2.36365741598429,0.2120436389687468
8668,0.1512112368424243,27,176,27,350615,254995,39315,68641,2.3620271221608804,0.21209321583507398
8669,0.1512118251339119,1,0,1,350615,254995,39316,68640,2.3620271221608804,0.2120907812813818
8670,0.1512120292735619,5,27,5,350642,254968,39321,68635,2.3617770202675166,0.21209630318631162
8671,0.1512149354560358,1,8,1,350650,254960,39322,68634,2.361702916002816,0.2120991118500343
8672,0.1512175535536813,0,1,0,350651,254959,39322,68634,2.3616936529697283,0.21209976730028152
8673,0.1512182233566235,2,0,2,350651,254959,39324,68632,2.3616936529697283,0.2120948975713169
8674,0.1512192141105685,1,22,1,350673,254937,39325,68631,2.361489866241802,0.21210688325174307
8675,0.1512277946110705,30,101,30,350774,254836,39355,68601,2.360554299899959,0.21210003802904429
8676,0.1512287455729976,0,1,0,350775,254835,39355,68601,2.360545036866872,0.21210069380031907
8677,0.1512294357796508,0,12,0,350787,254823,39355,68601,2.360433880469821,0.21210856337192044
8678,0.1512295667322722,0,3,0,350790,254820,39355,68601,2.3604060913705585,0.21211053085606685
8679,0.1512371296639942,1,4,1,350794,254816,39356,68600,2.360369039238208,0.2121107180844485
8680,0.1512472721081662,43,219,43,351013,254597,39399,68557,2.3583404349920336,0.21214962525606987
8681,0.1512497445599732,3,3,3,351016,254594,39402,68554,2.358312645892771,0.21214428063921176
8682,0.1512540777266661,0,5,0,351021,254589,39402,68554,2.3582663307273335,0.2121475631531551
8683,0.1512547085501628,0,9,0,351030,254580,39402,68554,2.3581829634295453,0.212153471934244
8684,0.1512556188543105,1,10,1,351040,254570,39403,68553,2.3580903330986698,0.21215759942808157
8685,0.1512567972553975,11,24,11,351064,254546,39414,68542,2.3578680203045685,0.212146535928292
8686,0.1512674329488672,2,9,2,351073,254537,39416,68540,2.3577846530067808,0.2121475685362932
8687,0.1512717175096739,1,1,1,351074,254536,39417,68539,2.357775389973693,0.21214578658206298
8688,0.1512791821329888,1,0,1,351074,254536,39418,68538,2.357775389973693,0.21214334796362444
8689,0.1512800461114999,10,23,10,351097,254513,39428,68528,2.357562340212679,0.21213406347801053
8690,0.1512812271442133,0,1,0,351098,254512,39428,68528,2.357553077179592,0.2121347201584943
8691,0.1512816361004985,3,18,3,351116,254494,39431,68525,2.357386342584016,0.21213922400849486
8692,0.1512881963768794,1,0,1,351116,254494,39432,68524,2.357386342584016,0.2121367849469689
8693,0.1512907591184432,1,4,1,351120,254490,39433,68523,2.3573492904516655,0.2121369728153356
8694,0.1512926755747735,0,2,0,351122,254488,39433,68523,2.3573307643854906,0.21213828631223086
8695,0.1512963063123888,2,10,2,351132,254478,39435,68521,2.3572381340546147,0.21213997566555934
8696,0.1512984301871136,0,1,0,351133,254477,39435,68521,2.3572288710215274,0.21214063244973652
8697,0.1512997510173032,1,8,1,351141,254469,39436,68520,2.357154766756827,0.2121434476096709
8698,0.1513009965147941,18,95,18,351236,254374,39454,68502,2.356274778613509,0.2121619445235942
8699,0.1513011540294606,0,1,0,351237,254373,39454,68502,2.3562655155804215,0.21216260162601627
8700,0.1513029173439979,1,1,1,351238,254372,39455,68501,2.3562562525473343,0.21216081865005745
8701,0.151305846460004,0,6,0,351244,254366,39455,68501,2.3562006743488086,0.21216476134135728
8702,0.1513077420423357,0,3,0,351247,254363,39455,68501,2.356172885249546,0.21216673274195946
8703,0.1513158132193391,0,4,0,351251,254359,39455,68501,2.3561358331171958,0.21216936133308556
8704,0.1513206211754327,4,30,4,351281,254329,39459,68497,2.3558579421245693,0.21217931641193707
8705,0.1513211594969453,2,3,2,351284,254326,39461,68495,2.3558301530253067,0.2121764073588769
8706,0.1513225658568599,1,1,1,351285,254325,39462,68494,2.355820889992219,0.21217462417020064
8707,0.1513228006655256,0,2,0,351287,254323,39462,68494,2.355802363926044,0.21217593868972204
8708,0.1513232005789298,5,29,5,351316,254294,39467,68489,2.355533735966505,0.21218279773098336
8709,0.1513248390881627,1,0,1,351316,254294,39468,68488,2.355533735966505,0.2121803570211474
8710,0.1513285684002141,6,29,6,351345,254265,39474,68482,2.3552651080069658,0.2121847763108565
8711,0.1513290160819137,0,6,0,351351,254259,39474,68482,2.3552095298084406,0.21218872098679747
8712,0.1513333461701201,1,5,1,351356,254254,39475,68481,2.3551632146430026,0.21218956729205074
8713,0.1513392084524454,1,6,1,351362,254248,39476,68480,2.3551076364444774,0.21219107111871297
8714,0.1513409521709811,0,1,0,351363,254247,39476,68480,2.3550983734113897,0.2121917286127284
8715,0.1513421898724635,2,9,2,351372,254238,39478,68478,2.355015006113602,0.21219276391626074
8716,0.1513476958232167,0,2,0,351374,254236,39478,68478,2.3549964800474266,0.21219407896775472
8717,0.1513530879963396,4,24,4,351398,254212,39482,68474,2.3547741672533253,0.21220009544882643
8718,0.1513545335407483,0,2,0,351400,254210,39482,68474,2.3547556411871504,0.21220141066802198
8719,0.1513555257830625,0,7,0,351407,254203,39482,68474,2.3546907999555375,0.2122060140635992
8720,0.1513561986881508,4,16,4,351423,254187,39486,68470,2.3545425914261364,0.21220677065738539
8721,0.1513598757007382,0,5,0,351428,254182,39486,68470,2.354496276260699,0.21221005913491936
8722,0.1513607607993545,15,98,15,351526,254084,39501,68455,2.3535884990181186,0.21223789991287875
8723,0.1513611943055469,0,2,0,351528,254082,39501,68455,2.3535699729519433,0.21223921596592019
8724,0.1513628237986485,4,44,4,351572,254038,39505,68451,2.353162399496091,0.21225840261218212
8725,0.1513649591958299,3,5,3,351577,254033,39508,68448,2.353116084330653,0.21225436537346387
8726,0.1513693855151336,0,1,0,351578,254032,39508,68448,2.353106821297566,0.212255023567353
8727,0.151379302777479,1,17,1,351595,254015,39509,68447,2.352949349735077,0.21226377061483215
8728,0.1513794202033046,1,1,1,351596,254014,39510,68446,2.35294008670199,0.21226198598275756
8729,0.1513816381269896,6,8,6,351604,254006,39516,68440,2.3528659824372893,0.2122525942328328
8730,0.1513827507097016,0,3,0,351607,254003,39516,68440,2.3528381933380267,0.2122545690246028
8731,0.1513839284020169,1,4,1,351611,253999,39517,68439,2.3528011412056764,0.21225475905445387
8732,0.1513905289782113,0,1,0,351612,253998,39517,68439,2.3527918781725887,0.21225541733734032
8733,0.151390532686213,2,4,2,351616,253994,39519,68437,2.3527548260402384,0.21225316424289228
8734,0.151390843365768,1,1,1,351617,253993,39520,68436,2.352745563007151,0.21225137937344346
8735,0.1513937012837986,0,1,0,351618,253992,39520,68436,2.3527362999740635,0.2122520376642227
8736,0.1513943614006688,0,15,0,351633,253977,39520,68436,2.35259735447775,0.21226191251593454
8737,0.1513950793972878,0,6,0,351639,253971,39520,68436,2.352541776279225,0.21226586271389888
8738,0.1513999404112756,0,5,0,351644,253966,39520,68436,2.352495461113787,0.2122691546578495
8739,0.1514017753578245,8,33,8,351677,253933,39528,68428,2.352189781021898,0.21227133555237762
8740,0.1514037823308468,0,4,0,351681,253929,39528,68428,2.3521527288895476,0.21227396954308422
8741,0.1514116381078878,0,4,0,351685,253925,39528,68428,2.3521156767571973,0.21227660359915992
8742,0.1514131261008521,0,5,0,351690,253920,39528,68428,2.3520693615917594,0.21227989626118357
8743,0.1514217110966069,0,5,0,351695,253915,39528,68428,2.352023046426322,0.21228318902535498
8744,0.1514224366341739,1,6,1,351701,253909,39529,68427,2.3519674682277967,0.2122846967139879
8745,0.1514246070494219,10,46,10,351747,253863,39539,68417,2.351541368705769,0.21229055479707087
8746,0.1514266710509405,5,13,5,351760,253850,39544,68412,2.3514209492756306,0.2122868969968535
8747,0.151428371939705,4,30,4,351790,253820,39548,68408,2.351143058283004,0.21229688295244362
8748,0.1514291858693307,0,1,0,351791,253819,39548,68408,2.3511337952499165,0.21229754179506993
8749,0.1514342699743939,1,12,1,351803,253807,39549,68407,2.351022638852866,0.21230300359388482
8750,0.151434293056521,2,5,2,351808,253802,39551,68405,2.350976323687428,0.21230140872172237
8751,0.1514343845337917,85,391,85,352199,253411,39636,68320,2.3473544777501947,0.21235131212099548
8752,0.1514390652155327,2,17,2,352216,253394,39638,68318,2.347197006187706,0.21235763664395485
8753,0.1514395846395954,42,217,42,352433,253177,39680,68276,2.3451869280077067,0.21239807996814464
8754,0.1514443568792152,14,55,14,352488,253122,39694,68262,2.3446774611878913,0.212400119483235
8755,0.1514443624095013,6,51,6,352539,253071,39700,68256,2.3442050465004263,0.2124191244433241
8756,0.1514453050169604,1,2,1,352541,253069,39701,68255,2.344186520434251,0.21241799554343901
8757,0.1514509809384479,2,11,2,352552,253058,39703,68253,2.3440846270702878,0.21242036531584665
8758,0.1514538666936106,2,26,2,352578,253032,39705,68251,2.3438437882100116,0.2124326528325495
8759,0.1514551468531026,0,3,0,352581,253029,39705,68251,2.343815999110749,0.21243463645418326
8760,0.1514561886845232,0,3,0,352584,253026,39705,68251,2.343788210011486,0.2124366201128621
8761,0.1514569460376452,0,1,0,352585,253025,39705,68251,2.3437789469783987,0.21243728134065415
8762,0.1514624041009113,3,35,3,352620,252990,39708,68248,2.3434547408203343,0.21245307217701517
8763,0.1514636845313234,17,34,17,352654,252956,39725,68231,2.343139797695357,0.21243387808348407
8764,0.1514653230405563,1,2,1,352656,252954,39726,68230,2.3431212716291823,0.21243274882933147
8765,0.1514681592184152,0,1,0,352657,252953,39726,68230,2.3431120085960946,0.2124334102365318
8766,0.1514726372690229,0,2,0,352659,252951,39726,68230,2.3430934825299197,0.2124347330632883
8767,0.1514764913539449,0,1,0,352660,252950,39726,68230,2.343084219496832,0.21243539448284451
8768,0.1514795028956977,2,2,2,352662,252948,39728,68228,2.343065693430657,0.21243181308690562
8769,0.1514826771594821,1,12,1,352674,252936,39729,68227,2.3429545370336062,0.21243729819437482
8770,0.1514848296899386,0,15,0,352689,252921,39729,68227,2.342815591537293,0.21244722059611146
8771,0.1514895229000474,0,2,0,352691,252919,39729,68227,2.342797065471118,0.21244854365304255
8772,0.1514898264864937,0,4,0,352695,252915,39729,68227,2.3427600133387676,0.21245118981634292
8773,0.1514925986132057,3,0,3,352695,252915,39732,68224,2.3427600133387676,0.21244383273286646
8774,0.1514968602783206,0,2,0,352697,252913,39732,68224,2.3427414872725927,0.2124451558057776
8775,0.1514991969178718,2,28,2,352725,252885,39734,68222,2.342482122346141,0.2124587754237684
8776,0.151500814661157,0,1,0,352726,252884,39734,68222,2.3424728593130535,0.21245943707062465
8777,0.1515036761157659,1,31,1,352757,252853,39735,68221,2.3421857052873394,0.21247749739935343
8778,0.151505293859051,2,0,2,352757,252853,39737,68219,2.3421857052873394,0.21247259181741168
8779,0.1515063973228159,0,2,0,352759,252851,39737,68219,2.342167179221164,0.21247391534556329
8780,0.151508813938417,0,5,0,352764,252846,39737,68219,2.3421208640557265,0.21247722423808263
8781,0.15151616328787,0,3,0,352767,252843,39737,68219,2.342093074956464,0.21247920962306346
8782,0.1515184647886615,0,1,0,352768,252842,39737,68219,2.3420838119233762,0.21247987142630217
8783,0.1515204097425226,0,12,0,352780,252830,39737,68219,2.3419726555263254,0.21248781338674158
8784,0.1515229439865555,1,4,1,352784,252826,39738,68218,2.341935603393975,0.21248800787431008
8785,0.1515241423402333,15,67,15,352851,252759,39753,68203,2.3413149801771094,0.21249556022208235
8786,0.15152489378595,6,14,6,352865,252745,39759,68197,2.3411852977138836,0.21249010724679226
8787,0.1515255581657893,0,1,0,352866,252744,39759,68197,2.341176034680796,0.21249076933143474
8788,0.1515277494196665,10,54,10,352920,252690,39769,68187,2.340675830894068,0.2125019867425836
8789,0.1515303422981712,1,5,1,352925,252685,39770,68186,2.3406295157286303,0.21250284382197207
8790,0.1515310166386067,3,8,3,352933,252677,39773,68183,2.3405554114639298,0.2125007791560182
8791,0.1515356333629878,0,2,0,352935,252675,39773,68183,2.340536885397755,0.21250210373436224
8792,0.1515368673349207,10,11,10,352946,252664,39783,68173,2.3404349920337917,0.21248484432905182
8793,0.1515397626580805,0,2,0,352948,252662,39783,68173,2.3404164659676163,0.2124861689030187
8794,0.1515483707575325,5,35,5,352983,252627,39788,68168,2.340092259809552,0.2124970775729048
8795,0.1515500092667653,0,2,0,352985,252625,39788,68168,2.340073733743377,0.212498402396561
8796,0.1515610836351907,5,27,5,353012,252598,39793,68163,2.339823631850013,0.21250401389196316
8797,0.151566385026247,3,17,3,353029,252581,39796,68160,2.3396661602875244,0.21250791136773908
8798,0.1515743076649707,0,15,0,353044,252566,39796,68160,2.3395272147912114,0.2125178501275232
8799,0.1515776414038369,2,6,2,353050,252560,39798,68158,2.3394716365926858,0.21251691517158375
8800,0.1515795491679263,2,39,2,353089,252521,39800,68156,2.339110378302271,0.2125378496119148
8801,0.1515813414567976,5,42,5,353131,252479,39805,68151,2.338721330912594,0.21255341047313103
8802,0.1515851616247641,0,1,0,353132,252478,39805,68151,2.3387120678795066,0.21255407339947416
8803,0.1515858927002002,1,1,1,353133,252477,39806,68150,2.338702804846419,0.21255228037563897
8804,0.1515876955396345,1,1,1,353134,252476,39807,68149,2.3386935418133312,0.21255048732943468
8805,0.1515911621003246,2,15,2,353149,252461,39809,68147,2.3385545963170182,0.21255551951292545
8806,0.151593447524044,2,9,2,353158,252452,39811,68145,2.33847122901923,0.2125565741413675
8807,0.1515971189009325,3,8,3,353166,252444,39814,68142,2.3383971247545294,0.21255450955437855
8808,0.1515989087204044,0,2,0,353168,252442,39814,68142,2.3383785986883545,0.21255583560002994
8809,0.1515994455545684,0,1,0,353169,252441,39814,68142,2.338369335655267,0.21255649862906018
8810,0.1516006444663469,3,10,3,353179,252431,39817,68139,2.3382767053243914,0.21255576005240664
8811,0.151603513159059,1,0,1,353179,252431,39818,68138,2.3382767053243914,0.212553303656935
8812,0.1516069777440848,0,1,0,353180,252430,39818,68138,2.3382674422913037,0.21255396670909135
8813,0.1516150615544747,3,14,3,353194,252416,39821,68135,2.338137759828078,0.21255588034353348
8814,0.151616430982354,0,1,0,353195,252415,39821,68135,2.3381284967949907,0.21255654344096084
8815,0.1516188365294613,1,1,1,353196,252414,39822,68134,2.338119233761903,0.21255474999064103
8816,0.151620575988483,2,5,2,353201,252409,39824,68132,2.338072918596465,0.21255315232684743
8817,0.1516230534536727,1,5,1,353206,252404,39825,68131,2.3380266034310275,0.21255401126242063
8818,0.1516231611118757,2,16,2,353222,252388,39827,68129,2.3378783949016264,0.2125597082214048
8819,0.1516343294252644,0,1,0,353223,252387,39827,68129,2.337869131868539,0.2125603714011157
8820,0.1516396808702654,12,86,12,353309,252301,39839,68117,2.3370725110230093,0.21258793201380696
8821,0.1516417983817367,7,17,7,353326,252284,39846,68110,2.336915039460521,0.21258200840215485
8822,0.1516441600681595,6,81,6,353407,252203,39852,68104,2.336164733780429,0.21262101671209183
8823,0.1516461961119965,2,0,2,353407,252203,39854,68102,2.336164733780429,0.21261610027942118
8824,0.1516468812752096,0,6,0,353413,252197,39854,68102,2.336109155581904,0.21262008310984423
8825,0.151646915136509,0,3,0,353416,252194,39854,68102,2.336081366482641,0.21262207458101257
8826,0.151647883574302,26,121,26,353537,252073,39880,68076,2.334960539479047,0.21263849020299924
8827,0.1516492978908107,1,5,1,353542,252068,39881,68075,2.3349142243136094,0.212639351789669
8828,0.1516554389301006,1,0,1,353542,252068,39882,68074,2.3349142243136094,0.21263689237900682
8829,0.1516560377339946,3,1,3,353543,252067,39885,68071,2.3349049612805217,0.21263017823563587
8830,0.1516587027209082,0,2,0,353545,252065,39885,68071,2.334886435214347,0.21263150660969088
8831,0.1516635038921491,1,19,1,353564,252046,39886,68070,2.334710437585683,0.2126416673955691
8832,0.1516642353941354,4,14,4,353578,252032,39890,68066,2.3345807551224573,0.21264112865434961
8833,0.1516666520097365,7,26,7,353604,252006,39897,68059,2.3343399162621807,0.21264118225985346
8834,0.151669321777185,0,2,0,353606,252004,39897,68059,2.334321390196006,0.21264251100564577
8835,0.1516710062897117,1,2,1,353608,252002,39898,68058,2.3343028641298305,0.21264137974129851
8836,0.1516759298405176,2,6,2,353614,251996,39900,68056,2.3342472859313053,0.21264044592753678
8837,0.1516822496628499,1,20,1,353634,251976,39901,68055,2.3340620252695543,0.21265127440779175
8838,0.1516853191258249,0,1,0,353635,251975,39901,68055,2.3340527622364666,0.21265193888072992
8839,0.1516862459782501,1,4,1,353639,251971,39902,68054,2.3340157101041163,0.21265213655183188
8840,0.1516888547099261,9,54,9,353693,251917,39911,68045,2.3335155063173887,0.21266587907313994
8841,0.1516890060398855,0,5,0,353698,251912,39911,68045,2.3334691911519507,0.21266920242407575
8842,0.151690493219159,2,1,2,353699,251911,39913,68043,2.333459928118863,0.21266494558592797
8843,0.1516924277447417,0,2,0,353701,251909,39913,68043,2.333441402052688,0.21266627494124118
8844,0.151695787425985,0,3,0,353704,251906,39913,68043,2.3334136129534255,0.21266826900537272
8845,0.1517018481046509,1,1,1,353705,251905,39914,68042,2.333404349920338,0.2126664728845715
8846,0.1517046010301555,1,3,1,353708,251902,39915,68041,2.3333765608210753,0.21266600613234232
8847,0.1517050571669599,10,53,10,353761,251849,39925,68031,2.332885620067435,0.21267662873577592
8848,0.1517058616512862,2,7,2,353768,251842,39927,68029,2.332820778835822,0.21267636015768857
8849,0.1517064772623174,4,23,4,353791,251819,39931,68025,2.3326077290748084,0.2126818073810983
8850,0.1517068689786406,9,57,9,353848,251762,39940,68016,2.3320797361888177,0.21269755893150874
8851,0.1517078473380848,1,5,1,353853,251757,39941,68015,2.3320334210233797,0.2126984226261211
8852,0.1517109186160253,0,1,0,353854,251756,39941,68015,2.3320241579902925,0.21269908778469593
8853,0.1517219116023139,6,17,6,353871,251739,39947,68009,2.3318666864278037,0.21269562280295734
8854,0.1517232856598643,0,1,0,353872,251738,39947,68009,2.3318574233947165,0.21269628800270213
8855,0.1517242230975664,8,35,8,353907,251703,39955,68001,2.331533217236652,0.21269987238195331
8856,0.1517248930223319,0,4,0,353911,251699,39955,68001,2.331496165104302,0.2127025336252737
8857,0.1517258616067993,3,8,3,353919,251691,39958,67998,2.3314220608396012,0.21270046826759756
8858,0.1517259848397596,1,6,1,353925,251685,39959,67997,2.331366482641076,0.21270199761012507
8859,0.1517275984691379,9,38,9,353963,251647,39968,67988,2.331014487383749,0.21270511677382015
8860,0.1517304640376537,3,13,3,353976,251634,39971,67985,2.3308940679536105,0.21270637853193958
8861,0.1517339841170197,1,9,1,353985,251625,39972,67984,2.3308107006558227,0.2127099049150681
8862,0.1517433696310192,0,1,0,353986,251624,39972,67984,2.330801437622735,0.2127105704487998
8863,0.1517471804843433,0,8,0,353994,251616,39972,67984,2.330727333358035,0.21271589486858572
8864,0.1517496587221251,9,82,9,354076,251534,39981,67975,2.3299677646448553,0.21274831068921377
8865,0.1517528146211179,27,92,27,354168,251442,40008,67948,2.3291155656008002,0.21274304142271205
8866,0.151753562952916,0,1,0,354169,251441,40008,67948,2.3291063025677126,0.2127437075165394
8867,0.151753802955662,2,16,2,354185,251425,40010,67946,2.328958094038312,0.21274943560936968
8868,0.1517555455068683,1,34,1,354219,251391,40011,67945,2.328643150913335,0.21276962196557858
8869,0.1517595531337993,10,26,10,354245,251365,40021,67935,2.3284023120530586,0.2127622925148763
8870,0.1517626904676943,0,1,0,354246,251364,40021,67935,2.328393049019971,0.21276295885674557
8871,0.1517631195332682,0,2,0,354248,251362,40021,67935,2.328374522953796,0.2127642915530055
8872,0.1517633950533705,3,9,3,354257,251353,40024,67932,2.328291155656008,0.2127628920870069
8873,0.1517655396158053,6,35,6,354292,251318,40030,67926,2.327966949497944,0.21277142248562228
8874,0.1517671696655884,1,5,1,354297,251313,40031,67925,2.327920634332506,0.2127722890132127
8875,0.1517719840797473,0,1,0,354298,251312,40031,67925,2.327911371299418,0.212772955515808
8876,0.1517743313599003,0,1,0,354299,251311,40031,67925,2.327902108266331,0.2127736220225789
8877,0.1517793334266977,0,3,0,354302,251308,40031,67925,2.327874319167068,0.21277562156794566
8878,0.1517824439549768,1,8,1,354310,251300,40032,67924,2.3278002149023678,0.21277848783299502
8879,0.1517842313265581,6,19,6,354329,251281,40038,67918,2.327624217273704,0.21277635581565105
8880,0.1517850336874889,0,1,0,354330,251280,40038,67918,2.3276149542406164,0.21277702241242114
8881,0.1517853787571391,0,1,0,354331,251279,40038,67918,2.327605691207529,0.2127776890133679
8882,0.151786539168316,2,4,2,354335,251275,40040,67916,2.327568639075179,0.21277542286593293
8883,0.1517883123591333,1,3,1,354338,251272,40041,67915,2.3275408499759163,0.21277495637353652
8884,0.1517903428297632,13,29,13,354367,251243,40054,67902,2.327272222016377,0.21276222406743017
8885,0.1517915552048496,7,47,7,354414,251196,40061,67895,2.326836859461262,0.2127762926563269
8886,0.1517930731134068,1,11,1,354425,251185,40062,67894,2.3267349660972987,0.21278116077836523
8887,0.1517985043195907,0,1,0,354426,251184,40062,67894,2.3267257030642114,0.21278182764089032
8888,0.1518040766270263,0,1,0,354427,251183,40062,67894,2.3267164400311238,0.21278249450759534
8889,0.151804719346529,11,39,11,354466,251144,40073,67883,2.326355181740709,0.21278136333288405
8890,0.1518050133076252,0,4,0,354470,251140,40073,67883,2.326318129608359,0.2127840312453961
8891,0.1518060354772896,1,0,1,354470,251140,40074,67882,2.326318129608359,0.2127815636539173
8892,0.1518062476195941,1,0,1,354470,251140,40075,67881,2.326318129608359,0.2127790960469687
8893,0.1518067823748942,1,2,1,354472,251138,40076,67880,2.326299603542184,0.21277796237202917
8894,0.1518071359621301,12,52,12,354524,251086,40088,67868,2.325817925821631,0.21278303454416625
8895,0.1518093178595153,1,7,1,354531,251079,40089,67867,2.3257530845900183,0.21278523637230126
8896,0.1518093742008089,11,45,11,354576,251034,40100,67856,2.3253362481010784,0.2127881087522343
8897,0.1518120339460008,1,11,1,354587,251023,40101,67855,2.3252343547371153,0.21279298038748362
8898,0.1518122508936777,0,1,0,354588,251022,40101,67855,2.3252250917040276,0.21279364770742323
8899,0.1518167518972651,0,9,0,354597,251013,40101,67855,2.32514172440624,0.21279965377522989
8900,0.1518211928079818,0,2,0,354599,251011,40101,67855,2.3251231983400644,0.21280098850300752
8901,0.1518227336152435,8,22,8,354621,250989,40109,67847,2.324919411612138,0.2127959201595805
8902,0.1518255893387196,0,11,0,354632,250978,40109,67847,2.3248175182481754,0.2128032619775739
8903,0.1518257872349936,3,26,3,354658,250952,40112,67844,2.324576679387899,0.2128132097015019
8904,0.1518283396736491,4,1,4,354659,250951,40116,67840,2.324567416354811,0.21280400011292666
8905,0.1518324661471465,2,3,2,354662,250948,40118,67838,2.3245396272555485,0.2128010640366892
8906,0.1518366111532754,5,12,5,354674,250936,40123,67833,2.3244284708584977,0.21279672741075825
8907,0.1518400877341693,8,43,8,354717,250893,40131,67825,2.324030160435733,0.2128056777464718
8908,0.1518412474023479,0,4,0,354721,250889,40131,67825,2.323993108303383,0.21280834855073827
8909,0.1518418494763625,1,2,1,354723,250887,40132,67824,2.3239745822372075,0.21280721405913194
8910,0.1518483312904784,2,1,2,354724,250886,40134,67822,2.3239653192041203,0.21280294187783175
8911,0.1518559453096879,2,0,2,354724,250886,40136,67820,2.3239653192041203,0.21279800192026507
8912,0.1518570658506435,0,1,0,354725,250885,40136,67820,2.3239560561710326,0.21279866961610266
8913,0.1518584335491204,0,16,0,354741,250869,40136,67820,2.323807847641632,0.21280935331938033
8914,0.1518621614113772,2,15,2,354756,250854,40138,67818,2.3236689021453185,0.2128144298840187
8915,0.1518633286565737,0,1,0,354757,250853,40138,67818,2.323659639112231,0.2128150977026463
8916,0.15186470704996,29,97,29,354854,250756,40167,67789,2.3227611249027382,0.21280823745467672
8917,0.1518663455591929,0,7,0,354861,250749,40167,67789,2.3226962836711254,0.21281291400084135
8918,0.151869859935616,0,1,0,354862,250748,40167,67789,2.3226870206380377,0.21281358209564352
8919,0.1518700549821383,0,2,0,354864,250746,40167,67789,2.3226684945718628,0.21281491829783225
8920,0.151870065054734,1,12,1,354876,250734,40168,67788,2.322557338174812,0.21282046452050407
8921,0.1518711585438077,0,2,0,354878,250732,40168,67788,2.322538812108637,0.21282180082883334
8922,0.1518718745472625,1,0,1,354878,250732,40169,67787,2.322538812108637,0.21281932945915313
8923,0.1518744680694133,4,19,4,354897,250713,40173,67783,2.3223628144799733,0.21282213905355168
8924,0.1518747854180907,1,1,1,354898,250712,40174,67782,2.3223535514468856,0.21282033570491124
8925,0.1518754466898758,11,57,11,354955,250655,40185,67771,2.3218255585608953,0.21283123865513495
8926,0.1518765558551866,37,188,37,355143,250467,40222,67734,2.320084108340435,0.21286545296840675
8927,0.1518775962124329,2,4,2,355147,250463,40224,67732,2.3200470562080846,0.21286318138248558
8928,0.1518785551042972,0,3,0,355150,250460,40224,67732,2.320019267108822,0.21286518831397394
8929,0.1518787344706588,0,2,0,355152,250458,40224,67732,2.320000741042647,0.21286652628932398
8930,0.1518836996781187,2,12,2,355164,250446,40226,67730,2.3198895846455962,0.2128696067585236
8931,0.1518894944861021,4,20,4,355184,250426,40230,67726,2.3197043239838453,0.21287309210691746
8932,0.151890349666079,7,19,7,355203,250407,40237,67719,2.3195283263551816,0.21286848607155656
8933,0.1518918221883391,5,41,5,355244,250366,40242,67714,2.319148541998592,0.21288355130784709
8934,0.1518946480616226,2,16,2,355260,250350,40244,67712,2.3190003334691913,0.21288931088907195
8935,0.1519056739864587,11,33,11,355293,250317,40255,67701,2.318694653377302,0.21288417636737544
8936,0.1519074198414525,7,34,7,355327,250283,40262,67694,2.318379710252325,0.21288961151278238
8937,0.1519098364570536,7,27,7,355354,250256,40269,67687,2.318129608358961,0.21289036085084434
8938,0.1519187859440977,0,2,0,355356,250254,40269,67687,2.318111082292786,0.21289170003239594
8939,0.1519190618611225,1,10,1,355366,250244,40270,67686,2.3180184519619105,0.2128959204856415
8940,0.1519205285390138,0,5,0,355371,250239,40270,67686,2.3179721367964725,0.21289926869544704
8941,0.1519210923317524,21,183,21,355554,250056,40291,67665,2.31627700174145,0.21296986979142077
8942,0.1519216385803697,0,1,0,355555,250055,40291,67665,2.3162677387083628,0.21297054009819968
8943,0.1519237058572405,0,2,0,355557,250053,40291,67665,2.3162492126421874,0.212971880724416
8944,0.1519250077369078,2,3,2,355560,250050,40293,67663,2.316221423542925,0.21296893737429692
8945,0.1519267414004487,1,4,1,355564,250046,40294,67662,2.3161843714105745,0.21296914147582058
8946,0.1519277681366464,12,73,12,355637,249973,40306,67650,2.315508169995183,0.21298835411793227
8947,0.1519304403308259,1,8,1,355645,249965,40307,67649,2.3154340657304826,0.2129912409402608
8948,0.1519320355873448,0,4,0,355649,249961,40307,67649,2.3153970135981328,0.21299392336513334
8949,0.1519320391572432,16,55,16,355704,249906,40323,67633,2.314887546778317,0.21299116014095906
8950,0.1519415470291204,0,3,0,355707,249903,40323,67633,2.3148597576790544,0.21299317242769325
8951,0.1519477587605936,0,2,0,355709,249901,40323,67633,2.3148412316128795,0.2129945139733068
8952,0.1519493932761691,24,156,24,355865,249745,40347,67609,2.313396198451221,0.21303969699452346
8953,0.1519499274884985,0,4,0,355869,249741,40347,67609,2.3133591463188705,0.21304238222782418
8954,0.1519510317854019,5,16,5,355885,249725,40352,67604,2.31321093778947,0.2130407242956049
8955,0.1519512369590916,0,1,0,355886,249724,40352,67604,2.313201674756382,0.21304139565370847
8956,0.151951942309971,4,9,4,355895,249715,40356,67600,2.3131183074585944,0.21303751792382963
8957,0.1519553878809874,0,8,0,355903,249707,40356,67600,2.313044203193894,0.2130428890632731
8958,0.1519580608054976,17,97,17,356000,249610,40373,67583,2.312145688984401,0.21306586210918904
8959,0.1519631258815827,7,56,7,356056,249554,40380,67576,2.311626959131498,0.213086116103806
8960,0.1519632156491358,2,27,2,356083,249527,40382,67574,2.311376857238134,0.21309929643867412
8961,0.1519676017379415,2,3,2,356086,249524,40384,67572,2.3113490681388713,0.21309634937053762
8962,0.1519696341925458,0,1,0,356087,249523,40384,67572,2.3113398051057836,0.21309702139737302
8963,0.1519699372959527,0,1,0,356088,249522,40384,67572,2.3113305420726964,0.2130976934284471
8964,0.1519734042410233,1,1,1,356089,249521,40385,67571,2.3113212790396087,0.2130958838444363
8965,0.1519744297238716,0,1,0,356090,249520,40385,67571,2.311312016006521,0.213096555878281
8966,0.1519753762543758,0,1,0,356091,249519,40385,67571,2.311302752973434,0.21309722791636443
8967,0.1519778834389174,0,2,0,356093,249517,40385,67571,2.3112842269072584,0.21309857200524776
8968,0.1519805716865629,16,66,16,356159,249451,40401,67555,2.31067286672348,0.2131032220210343
8969,0.1519809469340194,0,1,0,356160,249450,40401,67555,2.3106636036903923,0.2131038942603429
8970,0.151982174783189,2,15,2,356175,249435,40403,67553,2.3105246581940793,0.21310901359041984
8971,0.1519821986879727,3,10,3,356185,249425,40406,67550,2.3104320278632033,0.2131082892972632
8972,0.1519884614961691,0,5,0,356190,249420,40406,67550,2.310385712697766,0.21311165094488438
8973,0.1519895305887658,0,1,0,356191,249419,40406,67550,2.310376449664678,0.21311232328713534
8974,0.151989602747429,2,5,2,356196,249414,40408,67548,2.3103301344992406,0.21311071989702235
8975,0.1519919500641875,1,4,1,356200,249410,40409,67547,2.3102930823668903,0.21311092671876627
8976,0.1519924590713402,1,0,1,356200,249410,40410,67546,2.3102930823668903,0.21310844407425636
8977,0.1519952665923837,4,16,4,356216,249394,40414,67542,2.3101448738374892,0.21310927127243356
8978,0.1519956157813312,0,3,0,356219,249391,40414,67542,2.3101170847382266,0.21311128850577252
8979,0.1519964292620815,1,3,1,356222,249388,40415,67541,2.310089295638964,0.21311082292879477
8980,0.1519990854736673,1,9,1,356231,249379,40416,67540,2.3100059283411762,0.21311439200552823
8981,0.1520080057075823,2,0,2,356231,249379,40418,67538,2.3100059283411762,0.21310942612734565
8982,0.1520146497029666,0,4,0,356235,249375,40418,67538,2.309968876208826,0.2131121159434924
8983,0.1520186875185224,1,2,1,356237,249373,40419,67537,2.3099503501426506,0.21311097788015526
8984,0.1520204360293733,3,15,3,356252,249358,40422,67534,2.3098114046463376,0.2131136159953549
8985,0.1520214882236418,3,23,3,356275,249335,40425,67531,2.3095983548853236,0.21312163501290765
8986,0.1520231667164165,0,10,0,356285,249325,40425,67531,2.309505724554448,0.21312836114828188
8987,0.1520239809756278,0,1,0,356286,249324,40425,67531,2.3094964615213605,0.21312903378516987
8988,0.1520241836305123,6,22,6,356308,249302,40431,67525,2.309292674793434,0.21312893156201965
8989,0.1520274203168377,1,3,1,356311,249299,40432,67524,2.3092648856941715,0.21312846605202274
8990,0.1520278930534578,3,4,3,356315,249295,40435,67521,2.3092278335618213,0.21312370587344073
8991,0.1520323061407328,18,76,18,356391,249219,40453,67503,2.3085238430471673,0.21313012673574933
8992,0.1520323125198284,0,1,0,356392,249218,40453,67503,2.3085145800140796,0.2131307996627947
8993,0.1520363931756167,0,3,0,356395,249215,40453,67503,2.308486790914817,0.21313281846942705
8994,0.152036423488448,23,123,23,356518,249092,40476,67480,2.307347437845048,0.21315846000277977
8995,0.1520364733494245,0,1,0,356519,249091,40476,67480,2.3073381748119606,0.2131591333381769
8996,0.1520368708646612,0,1,0,356520,249090,40476,67480,2.307328911778873,0.21315980667782797
8997,0.1520372279727743,3,12,3,356532,249078,40479,67477,2.307217755381822,0.21316043025698536
8998,0.1520441024698184,0,1,0,356533,249077,40479,67477,2.307208492348735,0.2131611036347669
8999,0.1520479037938461,11,64,11,356597,249013,40490,67466,2.3066156582311312,0.21317686165590766
9000,0.1520503204094472,13,98,13,356695,248915,40503,67453,2.305707880988551,0.21321056491174833
9001,0.1520552336825447,1,6,1,356701,248909,40504,67452,2.3056523027900258,0.21321212159526617
9002,0.1520558718152153,1,5,1,356706,248904,40505,67451,2.305605987624588,0.21321300437799307
9003,0.1520591430709826,2,11,2,356717,248893,40507,67449,2.3055040942606246,0.21321544404473639
9004,0.1520600222313124,6,28,6,356745,248865,40513,67443,2.305244729334173,0.21321939375545354
9005,0.152065257912772,25,87,25,356832,248778,40538,67418,2.304438845455556,0.21321585345798175
9006,0.152067674528373,18,70,18,356902,248708,40556,67400,2.303790433139427,0.21321826717450998
9007,0.1520678786704251,0,1,0,356903,248707,40556,67400,2.3037811701063395,0.21321894168746658
9008,0.1520719882938923,0,2,0,356905,248705,40556,67400,2.3037626440401646,0.21322029072618276
9009,0.1520737068126259,0,7,0,356912,248698,40556,67400,2.3036978028085517,0.21322501249612463
9010,0.15207818601052,5,5,5,356917,248693,40561,67395,2.303651487643114,0.21321593986484777
9011,0.1520792124748328,0,22,0,356939,248671,40561,67395,2.3034477009151875,0.2132307809128473
9012,0.1520824756204563,0,2,0,356941,248669,40561,67395,2.3034291748490126,0.2132321302014782
9013,0.1520833155074961,2,7,2,356948,248662,40563,67393,2.3033643336173997,0.2132318741991109
9014,0.1520838487732484,23,78,23,357026,248584,40586,67370,2.3026418170365703,0.21322724194028245
9015,0.1520849803831933,0,3,0,357029,248581,40586,67370,2.3026140279373077,0.21322926656348612
9016,0.1520854459632529,0,3,0,357032,248578,40586,67370,2.302586238838045,0.21323129122513831
9017,0.1520892688776262,2,0,2,357032,248578,40588,67368,2.302586238838045,0.2132263108252676
9018,0.1520898535832169,1,19,1,357051,248559,40589,67367,2.3024102412093814,0.21323664402423353
9019,0.1520898772285627,50,280,50,357331,248279,40639,67317,2.2998165919448663,0.21330118252449334
9020,0.1520904310768073,2,3,2,357334,248276,40641,67315,2.2997888028456037,0.21329822460082828
9021,0.1520915157377955,7,17,7,357351,248259,40648,67308,2.2996313312831154,0.21329226440027
9022,0.1520917164405292,0,1,0,357352,248258,40648,67308,2.2996220682500277,0.21329294030408852
9023,0.1520957252637035,0,2,0,357354,248256,40648,67308,2.2996035421838528,0.21329429212457696
9024,0.1520972444531759,0,1,0,357355,248255,40648,67308,2.299594279150765,0.21329496804124692
9025,0.1520992593203273,2,9,2,357364,248246,40650,67306,2.2995109118529773,0.21329606530777812
9026,0.1521005468281471,1,6,1,357370,248240,40651,67305,2.2994553336544516,0.2132976279136098
9027,0.1521032537390508,0,1,0,357371,248239,40651,67305,2.2994460706213644,0.2132983038815506
9028,0.1521068059345809,0,1,0,357372,248238,40651,67305,2.2994368075882767,0.21329897985377588
9029,0.1521078147007904,0,1,0,357373,248237,40651,67305,2.299427544555189,0.21329965583028568
9030,0.1521088698567213,6,33,6,357406,248204,40657,67299,2.2991218644633,0.21330700500470676
9031,0.1521102957827156,1,0,1,357406,248204,40658,67298,2.2991218644633,0.2133045115403389
9032,0.1521149266354502,0,1,0,357407,248203,40658,67298,2.2991126014302123,0.21330518762222625
9033,0.1521153529693867,0,9,0,357416,248194,40658,67298,2.299029234132424,0.21331127255207738
9034,0.1521170609663991,0,3,0,357419,248191,40658,67298,2.2990014450331615,0.21331330093917697
9035,0.1521190219469636,4,5,4,357424,248186,40662,67294,2.298955129867724,0.21330670723976164
9036,0.1521194116674306,0,1,0,357425,248185,40662,67294,2.2989458668346363,0.2133073833757556
9037,0.152120638696643,0,1,0,357426,248184,40662,67294,2.2989366038015486,0.21330805951603599
9038,0.1521217091512512,12,81,12,357507,248103,40674,67282,2.2981862981214567,0.21333291056962125
9039,0.1521228820918012,0,2,0,357509,248101,40674,67282,2.2981677720552818,0.213334263419398
9040,0.1521242896514353,4,5,4,357514,248096,40678,67278,2.298121456889844,0.21332766810199952
9041,0.1521262121731931,1,2,1,357516,248094,40679,67277,2.298102930823669,0.21332652653541384
9042,0.1521273799981389,0,1,0,357517,248093,40679,67277,2.298093667790581,0.21332720296794241
9043,0.1521287112293656,1,5,1,357522,248088,40680,67276,2.2980473526251437,0.2133280907142223
9044,0.1521311546588823,0,1,0,357523,248087,40680,67276,2.298038089592056,0.21332876716672533
9045,0.1521312393779727,0,4,0,357527,248083,40680,67276,2.2980010374597057,0.21333147301963792
9046,0.1521312914143001,0,4,0,357531,248079,40680,67276,2.2979639853273555,0.21333417894119325
9047,0.1521345521551253,0,1,0,357532,248078,40680,67276,2.2979547222942682,0.21333485543230782
9048,0.1521349226581343,0,3,0,357535,248075,40680,67276,2.297926933195005,0.2133368849313939
9049,0.1521350066356563,14,51,14,357586,248024,40694,67262,2.29745451850754,0.2133364627671384
9050,0.152135590614702,0,2,0,357588,248022,40694,67262,2.297435992441365,0.21333781606424684
9051,0.1521362661027845,3,4,3,357592,248018,40697,67259,2.297398940309015,0.21333303729736072
9052,0.1521404376707173,0,8,0,357600,248010,40697,67259,2.2973248360443144,0.21333845065642357
9053,0.1521425517785281,0,2,0,357602,248008,40697,67259,2.2973063099781394,0.21333980403911604
9054,0.1521458883643314,1,20,1,357622,247988,40698,67258,2.297121049316388,0.21335084346827557
9055,0.1521469894251467,0,1,0,357623,247987,40698,67258,2.297111786283301,0.21335152024615775
9056,0.1521474895888058,4,8,4,357631,247979,40702,67254,2.2970376820186003,0.21334695288881558
9057,0.1521516004255242,0,3,0,357634,247976,40702,67254,2.2970098929193377,0.21334898328204802
9058,0.1521528431887925,0,1,0,357635,247975,40702,67254,2.29700062988625,0.2133496600883802
9059,0.1521548762426394,5,60,5,357695,247915,40707,67249,2.2964448479009967,0.2133777969565052
9060,0.1521551187091996,4,9,4,357704,247906,40711,67245,2.296361480603209,0.2133739064765779
9061,0.1521561487476989,0,2,0,357706,247904,40711,67245,2.2963429545370335,0.21337526059102202
9062,0.1521564694723693,1,10,1,357716,247894,40712,67244,2.296250324206158,0.21337953531468754
9063,0.1521591646522817,0,1,0,357717,247893,40712,67244,2.2962410611730704,0.2133802124155526
9064,0.1521615349848139,0,2,0,357719,247891,40712,67244,2.2962225351068954,0.21338156663017438
9065,0.1521617353619112,0,1,0,357720,247890,40712,67244,2.2962132720738078,0.21338224374393117
9066,0.1521626720642024,11,66,11,357786,247824,40723,67233,2.2956019118900293,0.21339948009407822
9067,0.1521679774747635,4,39,4,357825,247785,40727,67229,2.2952406535996146,0.2134159116737669
9068,0.1521701635890041,1,3,1,357828,247782,40728,67228,2.295212864500352,0.2134154471286626
9069,0.1521729400724888,2,2,2,357830,247780,40730,67226,2.295194338434177,0.2134118080290534
9070,0.1521731062878097,1,9,1,357839,247771,40731,67225,2.295110971136389,0.2134154084496311
9071,0.1521743000426251,0,1,0,357840,247770,40731,67225,2.295101708103301,0.21341608596961856
9072,0.1521765699212809,0,1,0,357841,247769,40731,67225,2.295092445070214,0.2134167634939078
9073,0.152177507701485,0,2,0,357843,247767,40731,67225,2.2950739190040386,0.2134181185553919
9074,0.1521783393793253,0,9,0,357852,247758,40731,67225,2.2949905517062508,0.2134242165450199
9075,0.1521794894073164,2,3,2,357855,247755,40733,67223,2.294962762606988,0.2134212548177968
9076,0.152184051440518,0,1,0,357856,247754,40733,67223,2.2949534995739005,0.21342193239506377
9077,0.1521846822482656,5,32,5,357888,247722,40738,67218,2.2946570825150987,0.21343112973899792
9078,0.1521860464631125,0,4,0,357892,247718,40738,67218,2.2946200303827484,0.21343384052632916
9079,0.1521877349175277,4,23,4,357915,247695,40742,67214,2.294406980621735,0.21343943805988397
9080,0.1521886217015424,5,19,5,357934,247676,40747,67209,2.294230982993071,0.21343982723851565
9081,0.1521895714492288,1,4,1,357938,247672,40748,67208,2.294193930860721,0.2134400406504065
9082,0.1521924607630169,0,1,0,357939,247671,40748,67208,2.2941846678276336,0.21344071849821677
9083,0.1521947769611925,4,3,4,357942,247668,40752,67204,2.2941568787283706,0.213432759978658
9084,0.1521958503865786,14,60,14,358002,247608,40766,67190,2.2936010967431177,0.21343845894827795
9085,0.152198574419626,2,9,2,358011,247599,40768,67188,2.2935177294453295,0.21343956389558655
9086,0.1521996270233762,2,13,2,358024,247586,40770,67186,2.2933973100151914,0.21344338124102524
9087,0.1521998548903034,3,18,3,358042,247568,40773,67183,2.2932305754196154,0.2134480907129763
9088,0.1522002719645089,7,35,7,358077,247533,40780,67176,2.292906369261551,0.213454334003794
9089,0.1522003233879304,3,5,3,358082,247528,40783,67173,2.292860054096113,0.21345022735866742
9090,0.1522030536175201,5,41,5,358123,247487,40788,67168,2.2924802697395235,0.21346554162495432
9091,0.1522039620165383,2,6,2,358129,247481,40790,67166,2.2924246915409983,0.21346461272473596
9092,0.1522057418651656,49,186,49,358315,247295,40839,67117,2.290701767386713,0.21346831545869752
9093,0.1522081584807667,32,180,32,358495,247115,40871,67085,2.2890344214309533,0.21351050286441756
9094,0.1522141907650195,1,7,1,358502,247108,40872,67084,2.2889695801993404,0.21351275653103835
9095,0.1522186699629136,7,13,7,358515,247095,40879,67077,2.2888491607692023,0.2135040678354532
9096,0.1522192083960011,0,1,0,358516,247094,40879,67077,2.2888398977361146,0.21350474741462452
9097,0.1522195614915739,4,11,4,358527,247083,40883,67073,2.2887380043721515,0.21350220909357134
9098,0.1522242880622158,2,25,2,358552,247058,40885,67071,2.2885064285449626,0.21351419321361606
9099,0.1522309505717779,3,1,3,358553,247057,40888,67068,2.2884971655118753,0.21350736171906087
9100,0.1522336916053704,0,3,0,358556,247054,40888,67068,2.2884693764126127,0.21350940080605624
9101,0.1522338284264619,0,4,0,358560,247050,40888,67068,2.2884323242802624,0.21351211964930378
9102,0.15223400324104,2,2,2,358562,247048,40890,67066,2.288413798214087,0.21350847144667223
9103,0.1522343981406144,3,12,3,358574,247036,40893,67063,2.2883026418170367,0.21350911655242455
9104,0.1522365190316847,45,199,45,358773,246837,40938,67018,2.286459298232613,0.2135317264341814
9105,0.1522372284125744,5,10,5,358783,246827,40943,67013,2.2863666679017376,0.2135260005098139
9106,0.1522402465684711,0,1,0,358784,246826,40943,67013,2.2863574048686504,0.2135266808777749
9107,0.1522407146032009,0,1,0,358785,246825,40943,67013,2.2863481418355627,0.21352736125007168
9108,0.1522417243241474,6,19,6,358804,246806,40949,67007,2.286172144206899,0.21352525229993657
9109,0.1522429021511914,2,34,2,358838,246772,40951,67005,2.2858572010819223,0.21354337634689605
9110,0.1522433111527001,1,6,1,358844,246766,40952,67004,2.285801622883397,0.21354495330974918
9111,0.1522459388975156,2,6,2,358850,246760,40954,67002,2.2857460446848714,0.21354402381422863
9112,0.1522466068540833,1,1,1,358851,246759,40955,67001,2.285736781651784,0.21354219785823558
9113,0.1522486700595519,0,2,0,358853,246757,40955,67001,2.285718255585609,0.21354355904869357
9114,0.152249353809115,18,69,18,358922,246688,40973,66983,2.2850791063025677,0.21354540266712574
9115,0.1522499534072618,1,4,1,358926,246684,40974,66982,2.2850420541702174,0.21354561858792473
9116,0.1522509656537461,0,2,0,358928,246682,40974,66982,2.2850235281040425,0.2135469802081208
9117,0.1522524586532404,51,322,51,359250,246360,41025,66931,2.28204083144985,0.2136384383847605
9118,0.1522535680179094,2,13,2,359263,246347,41027,66929,2.2819204120197116,0.21364228348165834
9119,0.1522553670447856,4,19,4,359282,246328,41031,66925,2.2817444143910484,0.2136452005248154
9120,0.152257677670433,7,21,7,359303,246307,41038,66918,2.2815498906962097,0.2136419506744353
9121,0.1522577614510104,1,4,1,359307,246303,41039,66917,2.2815128385638594,0.21364216844390524
9122,0.1522596686940685,2,5,2,359312,246298,41041,66915,2.2814665233984215,0.2136405577035436
9123,0.1522619888799619,0,2,0,359314,246296,41041,66915,2.2814479973322466,0.21364192189929473
9124,0.1522625459582987,2,6,2,359320,246290,41043,66913,2.281392419133721,0.2136409932216486
9125,0.1522638594281738,0,4,0,359324,246286,41043,66913,2.281355367001371,0.21364372172324944
9126,0.152268092039473,1,1,1,359325,246285,41044,66912,2.2813461039682834,0.21364189312158163
9127,0.1522705276415895,1,2,1,359327,246283,41045,66911,2.281327577902108,0.21364074662988436
9128,0.1522718841230737,15,55,15,359382,246228,41060,66896,2.2808181110822927,0.21364060244503774
9129,0.1522754905880499,14,125,14,359507,246103,41074,66882,2.2796602319463486,0.213690751952969
9130,0.1522788942460606,1,3,1,359510,246100,41075,66881,2.279632442847086,0.2136902879088507
9131,0.1522806118748473,1,0,1,359510,246100,41076,66880,2.279632442847086,0.21368777557671417
9132,0.1522807308402907,0,1,0,359511,246099,41076,66880,2.2796231798139983,0.21368845833107014
9133,0.1522884431950152,15,79,15,359590,246020,41091,66865,2.2788914002000813,0.21370471579014655
9134,0.1522907724798474,1,6,1,359596,246014,41092,66864,2.278835822001556,0.21370630085848158
9135,0.1522919787646441,0,2,0,359598,246012,41092,66864,2.278817295935381,0.21370766693514365
9136,0.1522928447069757,29,134,29,359732,245878,41121,66835,2.277576049501649,0.2137263241374679
9137,0.1522975280749369,2,8,2,359740,245870,41123,66833,2.2775019452369483,0.21372676309469368
9138,0.1522988942555604,6,18,6,359758,245852,41129,66827,2.2773352106413722,0.2137239789048833
9139,0.1522999342209952,1,11,1,359769,245841,41130,66826,2.2772333172774095,0.21372898323136116
9140,0.1523008162111028,0,6,0,359775,245835,41130,66826,2.277177739078884,0.21373308471475497
9141,0.1523036895744781,2,8,2,359783,245827,41132,66824,2.2771036348141838,0.21373352396122194
9142,0.152304127347076,1,2,1,359785,245825,41133,66823,2.2770851087480084,0.21373237634656228
9143,0.1523049739324078,0,1,0,359786,245824,41133,66823,2.2770758457149207,0.21373305996859077
9144,0.1523052284078913,1,1,1,359787,245823,41134,66822,2.2770665826818335,0.21373122870987862
9145,0.1523076058996377,1,8,1,359795,245815,41135,66821,2.276992478417133,0.21373418288360904
9146,0.1523076614036998,4,29,4,359824,245786,41139,66817,2.2767238504575937,0.21374394999408194
9147,0.1523098394082688,0,1,0,359825,245785,41139,66817,2.2767145874245065,0.21374463375154348
9148,0.1523108711296847,36,202,36,360027,245583,41175,66781,2.2748434547408203,0.21379224238388547
9149,0.1523113452610545,0,3,0,360030,245580,41175,66781,2.2748156656415577,0.21379429570272857
9150,0.1523144390562289,1,9,1,360039,245571,41176,66780,2.27473229834377,0.21379793885724713
9151,0.1523152901018828,0,4,0,360043,245567,41176,66780,2.2746952462114196,0.21380067681136686
9152,0.1523154317502549,9,28,9,360071,245539,41185,66771,2.274435881284968,0.21379718869072395
9153,0.1523161296857819,1,4,1,360075,245535,41186,66770,2.274398829152618,0.21379740958358015
9154,0.1523162362345811,1,4,1,360079,245531,41187,66769,2.2743617770202675,0.21379763048350944
9155,0.152318484419517,18,47,18,360126,245484,41205,66751,2.2739264144651523,0.21378448924688134
9156,0.1523209026457672,1,5,1,360131,245479,41206,66750,2.273880099299715,0.21378539469427887
9157,0.152321666825848,1,1,1,360132,245478,41207,66749,2.273870836266627,0.21378356131916842
9158,0.1523224756401477,0,1,0,360133,245477,41207,66749,2.2738615732335394,0.2137842460269164
9159,0.152323596124372,14,46,14,360179,245431,41221,66735,2.273435473711512,0.21378048858620094
9160,0.1523239217824672,0,2,0,360181,245429,41221,66735,2.273416947645337,0.2137818582539947
9161,0.152324727746948,3,23,3,360204,245406,41224,66732,2.2732038978843234,0.21379005439901583
9162,0.1523292384055762,31,148,31,360352,245258,41255,66701,2.2718329689873653,0.21381335367788715
9163,0.1523300554016224,0,5,0,360357,245253,41255,66701,2.2717866538219273,0.2138167806792027
9164,0.1523308795741565,4,16,4,360373,245237,41259,66697,2.2716384452925267,0.21381766655766926
9165,0.1523308854870945,2,1,2,360374,245236,41261,66695,2.271629182259439,0.21381331127717348
9166,0.1523312294292118,5,66,5,360440,245170,41266,66690,2.2710178220756605,0.2138459565189508
9167,0.1523316032735343,0,1,0,360441,245169,41266,66690,2.271008559042573,0.2138466422325474
9168,0.152331799836139,0,1,0,360442,245168,41266,66690,2.270999296009485,0.2138473279505416
9169,0.152332385235989,0,1,0,360443,245167,41266,66690,2.270990032976398,0.21384801367293343
9170,0.1523346534863465,0,5,0,360448,245162,41266,66690,2.27094371781096,0.21385144235085873
9171,0.152335446832223,3,13,3,360461,245149,41269,66687,2.270823298380822,0.21385279441757848
9172,0.1523378983097609,2,5,2,360466,245144,41271,66685,2.270776983215384,0.21385118125639374
9173,0.1523405596565432,1,24,1,360490,245120,41272,66684,2.2705546704212827,0.2138651203961463
9174,0.1523407945584879,0,6,0,360496,245114,41272,66684,2.2704990922227575,0.21386923585141662
9175,0.1523422426294873,7,37,7,360533,245077,41279,66677,2.2701563599985177,0.21387696709585122
9176,0.1523422826067403,0,1,0,360534,245076,41279,66677,2.2701470969654305,0.2138776531420708
9177,0.1523423069899357,4,39,4,360573,245037,41283,66673,2.269785838675016,0.21389432485322896
9178,0.1523425230393691,1,3,1,360576,245034,41284,66672,2.2697580495757532,0.21389386152335854
9179,0.1523548844540777,2,7,2,360583,245027,41286,66670,2.2696932083441403,0.2138936210486466
9180,0.1523553915085192,5,25,5,360608,245002,41291,66665,2.2694616325169514,0.21389816695383213
9181,0.1523554230088212,0,4,0,360612,244998,41291,66665,2.269424580384601,0.21390091220324517
9182,0.1523561504393756,0,2,0,360614,244996,41291,66665,2.2694060543184262,0.21390228485437704
9183,0.152359543582243,0,1,0,360615,244995,41291,66665,2.2693967912853386,0.21390297118654944
9184,0.152360969646643,7,60,7,360675,244935,41298,66658,2.2688410093000853,0.21392650027439641
9185,0.1523623069994354,42,187,42,360862,244748,41340,66616,2.2671088221127125,0.21394894721290836
9186,0.1523623332149907,1,10,1,360872,244738,41341,66615,2.267016191781837,0.21395329417092496
9187,0.1523626861722113,0,2,0,360874,244736,41341,66615,2.266997665715662,0.21395466852523357
9188,0.1523642961942831,0,2,0,360876,244734,41341,66615,2.2669791396494867,0.21395604289719897
9189,0.1523656518918867,0,2,0,360878,244732,41341,66615,2.266960613583312,0.21395741728682147
9190,0.1523662968104416,2,4,2,360882,244728,41343,66613,2.2669235614509615,0.21395511673695403
9191,0.152367079624368,2,6,2,360888,244722,41345,66611,2.2668679832524363,0.2139541905291119
9192,0.1523677653381963,3,11,3,360899,244711,41348,66608,2.266766089888473,0.213954175620505
9193,0.1523709960704603,0,5,0,360904,244706,41348,66608,2.266719774723035,0.21395761192879215
9194,0.1523710741475749,21,116,21,361020,244590,41369,66587,2.265645262884879,0.21398432403423132
9195,0.1523721668155484,0,1,0,361021,244589,41369,66587,2.2656359998517916,0.21398501169756023
9196,0.1523747580049295,1,15,1,361036,244574,41370,66586,2.265497054355478,0.2139928011312508
9197,0.1523791082788543,8,61,8,361097,244513,41378,66578,2.2649320093371372,0.2140145487976187
9198,0.1523815083711822,6,41,6,361138,244472,41384,66572,2.2645522249805476,0.21402759738172092
9199,0.1523858883840228,0,19,0,361157,244453,41384,66572,2.264376227351884,0.21404067197170645
9200,0.1523878425235131,1,5,1,361162,244448,41385,66571,2.2643299121864464,0.2140415858838206
9201,0.1523885109529996,2,6,2,361168,244442,41387,66569,2.264274333987921,0.21404066094125287
9202,0.1523889752372813,3,17,3,361185,244425,41390,66566,2.2641168624254324,0.21404477943091602
9203,0.1523889925515042,1,3,1,361188,244422,41391,66565,2.26408907332617,0.21404431696501783
9204,0.1523916664977813,7,28,7,361216,244394,41398,66558,2.2638297083997183,0.21404589775913968
9205,0.1523924633809105,17,94,17,361310,244300,41415,66541,2.2629589832894883,0.21406764229943925
9206,0.1523947460285928,1,0,1,361310,244300,41416,66540,2.2629589832894883,0.2140651138849569
9207,0.1523952579231643,11,153,11,361463,244147,41427,66529,2.2615417392270927,0.21414270815898234
9208,0.1523964835871849,0,2,0,361465,244145,41427,66529,2.2615232131609173,0.21414408672756652
9209,0.152400717413058,4,22,4,361487,244123,41431,66525,2.261319426432991,0.21414913342432593
9210,0.1524011492240196,1,8,1,361495,244115,41432,66524,2.261245322168291,0.21415211869726597
9211,0.1524024403092998,19,86,19,361581,244029,41451,66505,2.260448701322761,0.2141633444324937
9212,0.1524033713877119,1,0,1,361581,244029,41452,66504,2.260448701322761,0.21416081382654983
9213,0.1524094590449042,2,11,2,361592,244018,41454,66502,2.260346807958798,0.21416333891536776
9214,0.1524111892317592,1,4,1,361596,244014,41455,66501,2.260309755826448,0.2141635669774407
9215,0.1524118519806857,0,1,0,361597,244013,41455,66501,2.2603004927933603,0.21416425668407865
9216,0.1524133927115398,1,9,1,361606,244004,41456,66500,2.260217125495572,0.21416793342436813
9217,0.1524161567947243,1,14,1,361620,243990,41457,66499,2.2600874430323463,0.21417505934187683
9218,0.1524184722526061,0,2,0,361622,243988,41457,66499,2.2600689169661714,0.21417643894913474
9219,0.1524245574451714,2,8,2,361630,243980,41459,66497,2.259994812701471,0.21417689555103922
9220,0.1524277089381581,14,71,14,361701,243909,41473,66483,2.259337137352255,0.214190443052656
9221,0.152428527171188,19,67,19,361768,243842,41492,66464,2.2587165141353887,0.2141885751484019
9222,0.1524290646357617,1,24,1,361792,243818,41493,66463,2.258494201341287,0.2142026098923234
9223,0.1524333286593693,80,301,80,362093,243517,41573,66383,2.2557060283819332,0.21420780897063568
9224,0.1524343018207339,0,1,0,362094,243516,41573,66383,2.255696765348846,0.2142085001887712
9225,0.1524346123637533,86,521,86,362615,242995,41659,66297,2.25087072511023,0.21435083998292875
9226,0.1524352435607936,1,6,1,362621,242989,41660,66296,2.250815146911705,0.21435245808881775
9227,0.1524393260733396,16,71,16,362692,242918,41676,66280,2.2501574715624884,0.2143610243274536
9228,0.1524425839224192,0,2,0,362694,242916,41676,66280,2.2501389454963134,0.21436241089794175
9229,0.1524444205166494,0,3,0,362697,242913,41676,66280,2.250111156397051,0.2143644907873076
9230,0.1524449211150572,99,513,99,363210,242400,41775,66181,2.2453592204231354,0.21446881045819413
9231,0.1524456697257278,5,25,5,363235,242375,41780,66176,2.2451276445959465,0.214473458196538
9232,0.1524469857365704,0,7,0,363242,242368,41780,66176,2.2450628033643336,0.2144783239991703
9233,0.1524502177473887,0,1,0,363243,242367,41780,66176,2.245053540331246,0.21447901913185521
9234,0.1524507779889186,1,4,1,363247,242363,41781,66175,2.2450164881988957,0.21447925377101038
9235,0.1524524052953792,9,53,9,363300,242310,41790,66166,2.2445255474452557,0.2144931858556257
9236,0.1524524163278372,0,7,0,363307,242303,41790,66166,2.244460706213643,0.21449805328898527
9237,0.1524532208121635,0,2,0,363309,242301,41790,66166,2.2444421801474674,0.21449944402480656
9238,0.1524532988461216,11,21,11,363330,242280,41801,66155,2.244247656452629,0.2144860343346248
9239,0.1524550978729978,7,45,7,363375,242235,41808,66148,2.243830819963689,0.21449950224234152
9240,0.1524553661462563,2,14,2,363389,242221,41810,66146,2.243701137500463,0.21450414603378443
9241,0.1524554772489373,8,49,8,363438,242172,41818,66138,2.243247248879173,0.2145178554052739
9242,0.1524562817332636,1,4,1,363442,242168,41819,66137,2.2432101967468228,0.21451809085159176
9243,0.1524566136381755,1,5,1,363447,242163,41820,66136,2.243163881581385,0.21451902211813856
9244,0.1524570046554892,0,7,0,363454,242156,41820,66136,2.243099040349772,0.2145238929326742
9245,0.1524581732037397,1,5,1,363459,242151,41821,66135,2.2430527251843344,0.21452482435141396
9246,0.152458746319627,0,2,0,363461,242149,41821,66135,2.243034199118159,0.21452621608646572
9247,0.1524642675931542,3,32,3,363493,242117,41824,66132,2.2427377820593577,0.21454084198164472
9248,0.1524654439709571,1,17,1,363510,242100,41825,66131,2.242580310496869,0.21455012636626428
9249,0.152465900693459,7,34,7,363544,242066,41832,66124,2.242265367371892,0.21455595574158798
9250,0.1524664392482024,9,35,9,363579,242031,41841,66115,2.241941161213828,0.21455738513561753
9251,0.1524718414152331,0,1,0,363580,242030,41841,66115,2.24193189818074,0.21455808142270685
9252,0.1524729921314765,11,89,11,363669,241941,41852,66104,2.241107488235948,0.2145920238926131
9253,0.1524735290846273,1,8,1,363677,241933,41853,66103,2.2410333839712475,0.21459504733213
9254,0.1524737966158028,1,10,1,363687,241923,41854,66102,2.240940753640372,0.21459946432919405
9255,0.1524750349374131,0,1,0,363688,241922,41854,66102,2.2409314906072844,0.21460016102641352
9256,0.1524786256881464,3,12,3,363700,241910,41857,66099,2.240820334210234,0.21460087205244002
9257,0.1524791642428898,1,10,1,363710,241900,41858,66098,2.240727703879358,0.21460528964473796
9258,0.1524792272070697,1,6,1,363716,241894,41859,66097,2.240672125680833,0.21460692033208761
9259,0.152481780738536,6,1,6,363717,241893,41865,66091,2.240662862647745,0.2145923164839732
9260,0.152482963896249,1,3,1,363720,241890,41866,66090,2.2406350735484826,0.21459185661406585
9261,0.1524872963294332,3,9,3,363729,241881,41869,66087,2.2405517062506948,0.21459047693266833
9262,0.15248982547729,0,2,0,363731,241879,41869,66087,2.2405331801845194,0.21459187053116252
9263,0.1524900841620339,1,1,1,363732,241878,41870,66086,2.240523917151432,0.21459001701497576
9264,0.1524956704102362,5,24,5,363756,241854,41875,66081,2.240301604357331,0.2145939889911832
9265,0.1524961424070716,1,1,1,363757,241853,41876,66080,2.2402923413242433,0.2145921353021599
9266,0.152496202444096,0,2,0,363759,241851,41876,66080,2.240273815258068,0.2145935290698241
9267,0.1524993082035282,0,3,0,363762,241848,41876,66080,2.2402460261588053,0.21459561975526747
9268,0.1525005459726802,6,18,6,363780,241830,41882,66074,2.2400792915632293,0.21459286011224277
9269,0.152501553892698,2,0,2,363780,241830,41884,66072,2.2400792915632293,0.21458775844262135
9270,0.1525047230354058,1,13,1,363793,241817,41885,66071,2.239958872133091,0.21459426804552303
9271,0.1525059966662943,11,60,11,363853,241757,41896,66060,2.239403090147838,0.21460803009580368
9272,0.1525072963389329,9,61,9,363914,241696,41905,66051,2.2388380451294974,0.21462759994410993
9273,0.1525136304912638,1,10,1,363924,241686,41906,66050,2.238745414798622,0.2146320222528401
9274,0.1525143876270931,2,9,2,363933,241677,41908,66048,2.2386620475008336,0.21463319522300756
9275,0.1525197247392705,11,52,11,363985,241625,41919,66037,2.238180369780281,0.21464139217712944
9276,0.152519747344427,2,5,2,363990,241620,41921,66035,2.238134054614843,0.21463977507272758
9277,0.1525223437091344,0,4,0,363994,241616,41921,66035,2.2380970024824927,0.21464256576445387
9278,0.1525247932460706,0,2,0,363996,241614,41921,66035,2.2380784764163177,0.21464396113753012
9279,0.1525250107353865,0,5,0,364001,241609,41921,66035,2.23803216125088,0.21464744964959498
9280,0.152525495530582,1,1,1,364002,241608,41922,66034,2.2380228982177925,0.2146455945547097
9281,0.1525286725085557,1,6,1,364008,241602,41923,66033,2.237967320019267,0.2146472280462236
9282,0.1525294884919874,1,19,1,364027,241583,41924,66032,2.2377913223906036,0.2146579328056174
9283,0.1525314669150473,6,58,6,364085,241525,41930,66026,2.2372540664715252,0.21468309321055695
9284,0.1525333503941341,0,1,0,364086,241524,41930,66026,2.237244803438438,0.21468379125345471
9285,0.1525358283282974,62,192,62,364278,241332,41992,65964,2.2354663010856273,0.21465948141205873
9286,0.1525377019906404,1,3,1,364281,241329,41993,65963,2.2354385119863647,0.21465902138682424
9287,0.1525384476812882,2,20,2,364301,241309,41995,65961,2.2352532513246137,0.21466788166758877
9288,0.1525384684943088,1,0,1,364301,241309,41996,65960,2.2352532513246137,0.21466532582199963
9289,0.1525395434105693,96,574,96,364875,240735,42092,65864,2.2299362703323578,0.21482131383337846
9290,0.1525407629117405,12,49,12,364924,240686,42104,65852,2.2294823817110676,0.2148249156711403
9291,0.1525422134866748,0,8,0,364932,240678,42104,65852,2.229408277446367,0.2148305222979806
9292,0.1525422475964425,1,3,1,364935,240675,42105,65851,2.2293804883471044,0.21483006335514768
9293,0.1525444882324821,0,2,0,364937,240673,42105,65851,2.229361962280929,0.21483146507288173
9294,0.1525507090733082,17,108,17,365045,240565,42122,65834,2.2283615547074733,0.21486362553402588
9295,0.1525518962172983,0,1,0,365046,240564,42122,65834,2.2283522916743856,0.21486432679064485
9296,0.1525522684052566,16,115,16,365161,240449,42138,65818,2.227287042869317,0.21490398900305943
9297,0.1525534969059089,10,46,10,365207,240403,42148,65808,2.2268609433472895,0.2149106335174112
9298,0.1525545246313923,10,51,10,365258,240352,42158,65798,2.2263885286598244,0.21492079046219173
9299,0.1525582777942797,13,47,13,365305,240305,42171,65785,2.225953166104709,0.2149204482341795
9300,0.1525642439644662,2,7,2,365312,240298,42173,65783,2.2258883248730963,0.2149202335329537
9301,0.152566062216149,2,10,2,365322,240288,42175,65781,2.225795694542221,0.21492212540309538
9302,0.152568730541988,0,3,0,365325,240285,42175,65781,2.225767905442958,0.21492423202838604
9303,0.1525704380673962,5,49,5,365374,240236,42180,65776,2.225314016821668,0.2149458191182045
9304,0.1525707090828079,96,474,96,365848,239762,42276,65680,2.2209233391381673,0.21503264122157398
9305,0.1525712307828592,3,8,3,365856,239754,42279,65677,2.2208492348734667,0.21503056336783102
9306,0.1525716128899591,0,5,0,365861,239749,42279,65677,2.2208029197080292,0.21503408354233103
9307,0.1525729987661213,2,0,2,365861,239749,42281,65675,2.2208029197080292,0.21502894337052753
9308,0.1525739948660437,5,62,5,365923,239687,42286,65670,2.220228611656601,0.21505974973555544
9309,0.1525786336716332,0,1,0,365924,239686,42286,65670,2.2202193486235133,0.21506045402743026
9310,0.1525788391070665,16,101,16,366025,239585,42302,65654,2.2192837822816704,0.21509047009065027
9311,0.1525806235855486,2,20,2,366045,239565,42304,65652,2.219098521619919,0.21509942106763386
9312,0.1525823319752341,1,2,1,366047,239563,42305,65651,2.219079995553744,0.21509825892652368
9313,0.152583160088302,15,35,15,366082,239528,42320,65636,2.2187557893956797,0.2150843480882411
9314,0.1525839703141528,0,2,0,366084,239526,42320,65636,2.218737263329505,0.21508575772868183
9315,0.1525840952897058,0,6,0,366090,239520,42320,65636,2.218681685130979,0.21508998676086985
9316,0.1525861196298869,9,48,9,366138,239472,42329,65627,2.2182370595427767,0.21510067224081364
9317,0.1525870312352528,1,12,1,366150,239460,42330,65626,2.218125903145726,0.21510656011747506
9318,0.1525877988809336,1,4,1,366154,239456,42331,65625,2.2180888510133756,0.2151068077002501
9319,0.1525896419275277,25,186,25,366340,239270,42356,65600,2.216365926859091,0.21517368058516745
9320,0.1525901804822711,22,115,22,366455,239155,42378,65578,2.215300678054022,0.21519822270643482
9321,0.1525918622019556,0,1,0,366456,239154,42378,65578,2.2152914150209346,0.2151989288948978
9322,0.1525965714705297,5,41,5,366497,239113,42383,65573,2.2149116306643446,0.21521500823798928
9323,0.1526008229051638,0,3,0,366500,239110,42383,65573,2.214883841565082,0.21521712730936743
9324,0.1526045461177921,4,12,4,366512,239098,42387,65569,2.2147726851680316,0.21521530063971483
9325,0.1526060878548472,1,6,1,366518,239092,42388,65568,2.214717106969506,0.21521696317206065
9326,0.152609976709059,4,24,4,366542,239068,42392,65564,2.2144947941754047,0.21522361406549542
9327,0.1526107474090982,1,2,1,366544,239066,42393,65563,2.21447626810923,0.21522245091570402
9328,0.1526107811933852,0,1,0,366545,239065,42393,65563,2.214467005076142,0.21522315742479353
9329,0.1526131536870327,7,7,7,366552,239058,42400,65556,2.2144021638445293,0.2152100691366779
9330,0.1526148427268086,1,4,1,366556,239054,42401,65555,2.214365111712179,0.2152103188021365
9331,0.1526160489676254,11,35,11,366591,239019,42412,65544,2.2140409055541146,0.21520670600171393
9332,0.1526175734515617,5,32,5,366623,238987,42417,65539,2.213744488495313,0.21521643472150162
9333,0.1526284973840271,0,3,0,366626,238984,42417,65539,2.21371669939605,0.215218554920318
9334,0.1526336529657367,1,1,1,366627,238983,42418,65538,2.2137074363629625,0.21521668456362616
9335,0.1526351728633645,0,1,0,366628,238982,42418,65538,2.2136981733298753,0.21521739130434783
9336,0.1526397115271104,2,34,2,366662,238948,42420,65536,2.213383230204898,0.21523626857240447
9337,0.1526409795057436,4,11,4,366673,238937,42424,65532,2.213281336840935,0.21523373479730284
9338,0.1526429743903927,0,1,0,366674,238936,42424,65532,2.2132720738078477,0.21523444171472864
9339,0.1526455353121777,1,3,1,366677,238933,42425,65531,2.213244284708585,0.2152339849703085
9340,0.152649532373762,65,339,65,367016,238594,42490,65466,2.210104116491904,0.21530618956784844
9341,0.1526506262363598,0,2,0,367018,238592,42490,65466,2.210085590425729,0.21530760578573824
9342,0.1526509860057918,3,17,3,367035,238575,42493,65463,2.2099281188632407,0.21531190180174847
9343,0.1526520870666071,0,4,0,367039,238571,42493,65463,2.2098910667308904,0.21531473453626898
9344,0.152653229726056,2,50,2,367089,238521,42495,65461,2.2094279150765126,0.2153449875321565
9345,0.1526560940684361,7,31,7,367120,238490,42502,65454,2.2091407610507985,0.21534888005685257
9346,0.1526573728967123,0,2,0,367122,238488,42502,65454,2.2091222349846236,0.2153502970961565
9347,0.1526632846446379,168,937,168,368059,237551,42670,65286,2.200442772981585,0.21558131932359653
9348,0.1526642356490389,1,16,1,368075,237535,42671,65285,2.200294564452184,0.2155901195429628
9349,0.152666813153711,3,13,3,368088,237522,42674,65282,2.200174145022046,0.2155916038097251
9350,0.1526684514926297,3,12,3,368100,237510,42677,65279,2.200062988624995,0.21559237620917537
9351,0.152669948347338,0,4,0,368104,237506,42677,65279,2.2000259364926453,0.21559522433409845
9352,0.1526715124137297,36,216,36,368320,237290,42713,65243,2.1980251213457334,0.2156558127543111
9353,0.1526770784555303,11,40,11,368360,237250,42724,65232,2.1976546000222315,0.21565580761830455
9354,0.1526808458314045,1,0,1,368360,237250,42725,65231,2.1976546000222315,0.21565321458207293
9355,0.152681477561705,1,17,1,368377,237233,42726,65230,2.1974971284597427,0.21566274221970952
9356,0.1526829233500852,0,1,0,368378,237232,42726,65230,2.1974878654266554,0.21566345524396452
9357,0.1526830322288152,0,3,0,368381,237229,42726,65230,2.197460076327393,0.21566559434501867
9358,0.1526834370207856,1,7,1,368388,237222,42727,65229,2.19739523509578,0.21566799250126467
9359,0.1526845380816009,1,1,1,368389,237221,42728,65228,2.1973859720626923,0.2156661123032313
9360,0.1526859567595991,3,34,3,368423,237187,42731,65225,2.1970710289377156,0.21568257873364813
9361,0.152689027296269,34,133,34,368556,237054,42765,65191,2.195839045537071,0.21568925871395722
9362,0.1526905690333242,5,27,5,368583,237027,42770,65186,2.1955889436437066,0.2156955524745792
9363,0.1526951115290871,16,80,16,368663,236947,42786,65170,2.1948479009967024,0.21571113178007195
9364,0.1526952623718621,1,10,1,368673,236937,42787,65169,2.194755270665827,0.21571567595479732
9365,0.1527011875693854,9,92,9,368765,236845,42796,65160,2.193903071621772,0.21575801725137
9366,0.1527020555898101,0,2,0,368767,236843,42796,65160,2.193884545555597,0.21575944609821757
9367,0.1527023623919484,3,14,3,368781,236829,42799,65157,2.193754863092371,0.21576165782519718
9368,0.1527078365237744,8,34,8,368815,236795,42807,65149,2.193439919967394,0.21576517499933762
9369,0.1527089480560528,8,57,8,368872,236738,42815,65141,2.1929119270814037,0.21578513245373146
9370,0.1527096803505486,0,2,0,368874,236736,42815,65141,2.1928934010152283,0.21578656207660735
9371,0.152712978562504,3,25,3,368899,236711,42818,65138,2.1926618251880394,0.21579664004187524
9372,0.1527143987496668,25,136,25,369035,236575,42843,65113,2.191402052688132,0.21582893585426002
9373,0.152714535125536,3,16,3,369051,236559,42846,65110,2.1912538441587315,0.21583258472033917
9374,0.1527154998104821,8,38,8,369089,236521,42854,65102,2.1909018489014045,0.21583897779678604
9375,0.1527169264171344,0,1,0,369090,236520,42854,65102,2.190892585868317,0.21583969339106565
9376,0.1527180440749486,0,2,0,369092,236518,42854,65102,2.1908740598021414,0.21584112459385982
9377,0.1527185483829229,1,5,1,369097,236513,42855,65101,2.190827744636704,0.21584210282016086
9378,0.1527221869715031,3,6,3,369103,236507,42858,65098,2.1907721664381787,0.21583859684023807
9379,0.1527278189827598,1,7,1,369110,236500,42859,65097,2.190707325206566,0.21584100637605813
9380,0.1527289336318556,2,9,2,369119,236491,42861,65095,2.1906239579087776,0.21584224731917265
9381,0.1527300167843363,0,1,0,369120,236490,42861,65095,2.19061469487569,0.21584296301208614
9382,0.1527316006581077,3,11,3,369131,236479,42864,65092,2.190512801511727,0.21584303530511886
9383,0.1527328389199876,0,5,0,369136,236474,42864,65092,2.1904664863462893,0.21584661400821048
9384,0.1527334380881646,6,21,6,369157,236453,42870,65086,2.1902719626514506,0.21584604313206585
9385,0.1527415306953745,1,4,1,369161,236449,42871,65085,2.1902349105191004,0.2158463058892198
9386,0.1527421104211724,0,1,0,369162,236448,42871,65085,2.1902256474860127,0.21584702171901582
9387,0.1527458824910091,0,5,0,369167,236443,42871,65085,2.190179332320575,0.21585060093921626
9388,0.1527463360939603,5,10,5,369177,236433,42876,65080,2.1900867019896997,0.2158447562791654
9389,0.1527468497646607,5,38,5,369215,236395,42881,65075,2.1897347067323722,0.21585895777357614
9390,0.152747950825476,4,15,4,369230,236380,42885,65071,2.1895957612360593,0.21585929388192443
9391,0.1527488096689883,1,8,1,369238,236372,42886,65070,2.1895216569713587,0.2158624212949755
9392,0.1527532888668823,0,24,0,369262,236348,42886,65070,2.1892993441772575,0.21587960904790027
9393,0.1527544295258149,19,52,19,369314,236296,42905,65051,2.1888176664567047,0.21586742194214642
9394,0.1527585205727368,1,2,1,369316,236294,42906,65050,2.1887991403905294,0.21586625252203462
9395,0.1527636482360689,0,10,0,369326,236284,42906,65050,2.188706510059654,0.21587341620925618
9396,0.1527657545556202,0,1,0,369327,236283,42906,65050,2.188697247026566,0.215874132604129
9397,0.1527707140682544,5,27,5,369354,236256,42911,65045,2.1884471451332024,0.21588046504990027
9398,0.1527714647032094,1,1,1,369355,236255,42912,65044,2.1884378821001147,0.21587857908589142
9399,0.1527730843143801,0,3,0,369358,236252,42912,65044,2.188410093000852,0.2158807285858425
9400,0.1527741369181303,1,5,1,369363,236247,42913,65043,2.1883637778354146,0.215881708652793
9401,0.1527754115228811,4,24,4,369387,236223,42917,65039,2.1881414650413133,0.215888495727971
9402,0.152777050032114,1,10,1,369397,236213,42918,65038,2.1880488347104374,0.2158930592761518
9403,0.1527775635122742,2,8,2,369405,236205,42920,65036,2.1879747304457373,0.21589358686234608
9404,0.1527853505709309,1,0,1,369405,236205,42921,65035,2.1879747304457373,0.21589098393307662
9405,0.1527868435704253,22,95,22,369500,236110,42943,65013,2.1870947423024196,0.2159018075670075
9406,0.1527876480547516,1,7,1,369507,236103,42944,65012,2.1870299010708067,0.215904222639191
9407,0.152793010934684,1,14,1,369521,236089,42945,65011,2.186900218607581,0.21591165725672534
9408,0.1527945217132594,8,80,8,369601,236009,42953,65003,2.1861591759605767,0.2159482014006086
9409,0.1527947344970336,3,19,3,369620,235990,42956,65000,2.185983178331913,0.2159540184059271
9410,0.1527973421983079,7,20,7,369640,235970,42963,64993,2.185797917670162,0.21595013340510294
9411,0.1527975495984299,10,40,10,369680,235930,42973,64983,2.1854273963466597,0.21595278369495502
9412,0.1527982055706141,0,1,0,369681,235929,42973,64983,2.185418133313572,0.21595350135587812
9413,0.152798817577063,1,19,1,369700,235910,42974,64982,2.1852421356849088,0.21596453212448322
9414,0.1528031613932509,26,67,26,369767,235843,43000,64956,2.1846215124680426,0.21594486683798816
9415,0.1528092249885364,0,9,0,369776,235834,43000,64956,2.1845381451702544,0.21595132816915455
9416,0.1528103260493516,1,4,1,369780,235830,43001,64955,2.1845010930379045,0.21595159333078445
9417,0.152814696578606,2,1,2,369781,235829,43003,64953,2.184491830004817,0.2159470978981455
9418,0.1528188527631557,38,349,38,370130,235480,43041,64915,2.18125903145726,0.2160988032423975
9419,0.1528260118738514,3,19,3,370149,235461,43044,64912,2.181083033828597,0.2161046432269212
9420,0.1528273363920519,0,2,0,370151,235459,43044,64912,2.1810645077624216,0.2161060821450806
9421,0.1528291672994953,2,31,2,370182,235428,43046,64910,2.1807773537367074,0.21612316789750216
9422,0.1528352072527985,0,3,0,370185,235425,43046,64910,2.180749564637445,0.21612532671849768
9423,0.152836616059531,4,15,4,370200,235410,43050,64906,2.1806106191411314,0.21612568094939996
9424,0.1528374050770297,0,3,0,370203,235407,43050,64906,2.180582830041869,0.21612783995364837
9425,0.152837913141267,0,2,0,370205,235405,43050,64906,2.180564303975694,0.21612927931377804
9426,0.1528410376374613,0,1,0,370206,235404,43050,64906,2.180555040942606,0.21612999900103227
9427,0.1528418842749238,0,6,0,370212,235398,43050,64906,2.180499462744081,0.2161343172252118
9428,0.1528481294145459,15,57,15,370269,235341,43065,64891,2.1799714698580903,0.21613618801460205
9429,0.1528495643131139,0,1,0,370270,235340,43065,64891,2.1799622068250026,0.21613690791423937
9430,0.152850621151766,0,7,0,370277,235333,43065,64891,2.1798973655933898,0.21614194734598166
9431,0.1528558279387847,1,5,1,370282,235328,43066,64890,2.1798510504279522,0.21614293613307664
9432,0.1528563886648929,2,5,2,370287,235323,43068,64888,2.1798047352625143,0.21614131394252709
9433,0.1528579344571345,100,572,100,370859,234751,43168,64788,2.1745062803364332,0.2162923692741179
9434,0.1528604891499796,2,7,2,370866,234744,43170,64786,2.1744414391048204,0.21629219109938905
9435,0.1528616183144891,2,18,2,370884,234726,43172,64784,2.1742747045092443,0.21629995659577309
9436,0.1528646743055912,1,21,1,370905,234705,43173,64783,2.1740801808144057,0.2163125066780639
9437,0.1528698317494079,1,4,1,370909,234701,43174,64782,2.174043128682056,0.21631277902251547
9438,0.1528721292332285,18,111,18,371020,234590,43192,64764,2.173014932009337,0.2163458647621211
9439,0.1528726377324114,10,52,10,371072,234538,43202,64754,2.1725332542887843,0.21635726982345002
9440,0.1528737387932267,1,15,1,371087,234523,43203,64753,2.172394308792471,0.2163654953955546
9441,0.152878109322481,1,1,1,371088,234522,43204,64752,2.1723850457593836,0.21636359991178652
9442,0.1528787964587121,1,0,1,371088,234522,43205,64751,2.1723850457593836,0.21636098144503513
9443,0.1528791577894409,0,1,0,371089,234521,43205,64751,2.172375782726296,0.21636170440268385
9444,0.152888948950983,0,4,0,371093,234517,43205,64751,2.1723387305939457,0.21636459628159377
9445,0.1528909241905803,0,2,0,371095,234515,43205,64751,2.1723202045277707,0.21636604225003842
9446,0.152891276159484,6,15,6,371110,234500,43211,64745,2.1721812590314573,0.21636117562532373
9447,0.1528929401649734,2,6,2,371116,234494,43213,64743,2.172125680832932,0.21636027630272994
9448,0.1528999484924918,0,6,0,371122,234488,43213,64743,2.1720701026344065,0.2163646146288319
9449,0.1529054804765406,1,3,1,371125,234485,43214,64742,2.172042313535144,0.2163641649984794
9450,0.1529057507364149,17,110,17,371235,234375,43231,64725,2.171023379895513,0.21639919759277834
9451,0.1529066477403077,6,29,6,371264,234346,43237,64719,2.170754751935974,0.2164044605687727
9452,0.1529081767946743,37,177,37,371441,234169,43274,64682,2.1691151950794767,0.21643561507239392
9453,0.1529083341478642,1,1,1,371442,234168,43275,64681,2.1691059320463895,0.21643371736227995
9454,0.1529094738764103,1,11,1,371453,234157,43276,64680,2.1690040386824263,0.21643906209739758
9455,0.1529111269382018,11,92,11,371545,234065,43287,64669,2.168151839638371,0.21647686570661526
9456,0.1529125983726046,1,5,1,371550,234060,43288,64668,2.1681055244729333,0.21647786615248654
9457,0.1529129409626445,1,2,1,371552,234058,43289,64667,2.1680869984067583,0.21647669261026029
9458,0.1529183975567408,2,49,2,371601,234009,43291,64665,2.167633109785468,0.21650696076658832
9459,0.1529192104502016,0,2,0,371603,234007,43291,64665,2.167614583719293,0.21650841056409706
9460,0.1529196884312754,4,11,4,371614,233996,43295,64661,2.16751269035533,0.21650589137371634
9461,0.1529211250482572,6,35,6,371649,233961,43301,64655,2.1671884841972657,0.21651552495512633
9462,0.1529217535346202,0,2,0,371651,233959,43301,64655,2.1671699581310904,0.21651697509158982
9463,0.1529239018938546,19,136,19,371787,233823,43320,64636,2.165910185631183,0.2165657594510469
9464,0.1529239935383648,1,1,1,371788,233822,43321,64635,2.1659009225980954,0.21656386012055337
9465,0.152927549810972,3,5,3,371793,233817,43324,64632,2.165854607432658,0.21655961320024528
9466,0.1529283432645117,0,8,0,371801,233809,43324,64632,2.1657805031679573,0.21656541829038237
9467,0.1529289071415295,2,3,2,371804,233806,43326,64630,2.1657527140686947,0.2165623450253991
9468,0.1529294442319789,1,3,1,371807,233803,43327,64629,2.165724924969432,0.21656189684752306
9469,0.1529312664254381,5,6,5,371813,233797,43332,64624,2.1656693467709065,0.21655312461254403
9470,0.1529340792397411,0,6,0,371819,233791,43332,64624,2.1656137685723813,0.21655747867902084
9471,0.1529348881034334,1,11,1,371830,233780,43333,64623,2.165511875208418,0.21656283616451577
9472,0.152935102330243,7,37,7,371867,233743,43340,64616,2.165169142984179,0.21657131174189484
9473,0.1529383526314332,2,5,2,371872,233738,43342,64614,2.165122827818741,0.21656968949428862
9474,0.1529388911861766,2,3,2,371875,233735,43344,64612,2.1650950387194783,0.21656661538409971
9475,0.1529406772008838,0,2,0,371877,233733,43344,64612,2.1650765126533034,0.21656806717055757
9476,0.1529416229172411,0,1,0,371878,233732,43344,64612,2.1650672496202157,0.21656879307108573
9477,0.1529431520391226,0,2,0,371880,233730,43344,64612,2.1650487235540403,0.21657024488674073
9478,0.1529444309950994,1,0,1,371880,233730,43345,64611,2.1650487235540403,0.21656761893269783
9479,0.1529480245623799,0,1,0,371881,233729,43345,64611,2.165039460520953,0.21656834484145607
9480,0.1529532697136326,0,2,0,371883,233727,43345,64611,2.1650209344547777,0.2165697966735716
9481,0.1529535784623625,0,2,0,371885,233725,43345,64611,2.165002408388603,0.21657124852515286
9482,0.1529537617194674,0,1,0,371886,233724,43345,64611,2.164993145355515,0.21657197445824325
9483,0.1529563529088485,9,36,9,371922,233688,43354,64602,2.164659676164363,0.21657447450467665
9484,0.1529610248823683,7,36,7,371958,233652,43361,64595,2.1643262069732114,0.21658222882376016
9485,0.1529700040785287,16,65,16,372023,233587,43377,64579,2.16372410982252,0.21658740433181517
9486,0.1529717468917392,28,123,28,372146,233464,43405,64551,2.162584756752751,0.2166031911145412
9487,0.1529722533014958,0,4,0,372150,233460,43405,64551,2.1625477046204007,0.2166060984326082
9488,0.1529741566389928,1,10,1,372160,233450,43406,64550,2.162455074289525,0.21661073825503355
9489,0.1529745057173402,5,35,5,372195,233415,43411,64545,2.162130868131461,0.21662303664921467
9490,0.1529789849152343,13,94,13,372289,233321,43424,64532,2.161260143021231,0.21665721010028438
9491,0.1529813706537553,2,12,2,372301,233309,43426,64530,2.1611489866241804,0.21666067909172404
9492,0.1529874062822399,2,13,2,372314,233296,43428,64528,2.161028567194042,0.21666487589986033
9493,0.1529876057293484,0,1,0,372315,233295,43428,64528,2.1610193041609547,0.21666560339530527
9494,0.1529901740288222,19,154,19,372469,233141,43447,64509,2.159592797065471,0.2167277003191668
9495,0.1529928569758539,4,26,4,372495,233115,43451,64505,2.1593519582051948,0.21673610644445937
9496,0.1529936281341125,0,8,0,372503,233107,43451,64505,2.159277853940494,0.2167419324489604
9497,0.1529952431483492,2,18,2,372521,233089,43453,64503,2.159111119344918,0.21674977821984462
9498,0.1529976722058282,0,3,0,372524,233086,43453,64503,2.1590833302456556,0.21675196327821256
9499,0.1529981074720005,0,2,0,372526,233084,43453,64503,2.1590648041794807,0.2167534200082665
9500,0.1529997223462432,2,11,2,372537,233073,43455,64501,2.1589629108155175,0.21675616821362081
9501,0.1530013857357234,0,2,0,372539,233071,43455,64501,2.158944384749342,0.21675762504536716
9502,0.1530019404299616,1,3,1,372542,233068,43456,64500,2.1589165956500795,0.21675717819120335
9503,0.1530028787352178,74,413,74,372955,232655,43530,64426,2.1550909629849198,0.21686341435500756
9504,0.1530066076539867,2,8,2,372963,232647,43532,64424,2.155016858720219,0.2168639820110344
9505,0.1530081815329877,4,11,4,372974,232636,43536,64420,2.154914965356256,0.21686146719810406
9506,0.1530133883200064,2,17,2,372991,232619,43538,64418,2.1547574937937677,0.21686860559458923
9507,0.1530145306941777,1,13,1,373004,232606,43539,64417,2.1546370743636296,0.21687546082289924
9508,0.1530158652454452,0,6,0,373010,232600,43539,64417,2.1545814961651044,0.21687984189457168
9509,0.1530185959701983,3,0,3,373010,232600,43542,64414,2.1545814961651044,0.2168719319628031
9510,0.1530187281327242,1,3,1,373013,232597,43543,64413,2.154553707065842,0.21687148580855864
9511,0.1530225123769106,6,52,6,373065,232545,43549,64407,2.1540720293452886,0.21689363937606077
9512,0.1530239572020257,4,16,4,373081,232529,43553,64403,2.153923820815888,0.21689477725539855
9513,0.1530251310945682,0,1,0,373082,232528,43553,64403,2.1539145577828003,0.21689550771054555
9514,0.1530253079908478,4,21,4,373103,232507,43557,64399,2.1537200340879616,0.21690029841094488
9515,0.1530276123446707,0,4,0,373107,232503,43557,64399,2.1536829819556114,0.21690322059130623
9516,0.1530282351265277,3,18,3,373125,232485,43560,64396,2.1535162473600358,0.21690845827115915
9517,0.1530325057408569,3,2,3,373127,232483,43563,64393,2.1534977212938604,0.21690200622482114
9518,0.1530327143244218,4,54,4,373181,232429,43567,64389,2.1529975175071328,0.21693091389336228
9519,0.1530332290538629,0,1,0,373182,232428,43567,64389,2.152988254474045,0.21693164475080606
9520,0.1530366821967131,2,2,2,373184,232426,43569,64387,2.1529697284078697,0.21692782998049276
9521,0.1530375693828678,21,130,21,373314,232296,43590,64366,2.1517655341064876,0.21696745791506833
9522,0.153041564813672,113,529,113,373843,231767,43703,64253,2.1468653896031715,0.21705627998108237
9523,0.1530418378246235,6,19,6,373862,231748,43709,64247,2.1466893919745083,0.21705434213415767
9524,0.1530420020243801,0,1,0,373863,231747,43709,64247,2.1466801289414206,0.2170550754407184
9525,0.1530432059822523,7,60,7,373923,231687,43716,64240,2.1461243469561673,0.2170805637876909
9526,0.1530463170225175,9,39,9,373962,231648,43725,64231,2.1457630886657526,0.21708536259754832
9527,0.1530476275601825,1,3,1,373965,231645,43726,64230,2.14573529956649,0.217084917617237
9528,0.1530495126037137,2,10,2,373975,231635,43728,64228,2.1456426692356145,0.21708696254685445
9529,0.1530542396377796,0,3,0,373978,231632,43728,64228,2.145614880136352,0.2170891637936862
9530,0.1530549140195457,0,1,0,373979,231631,43728,64228,2.1456056171032643,0.21708989755255037
9531,0.1530593386502449,1,3,1,373982,231628,43729,64227,2.1455778280040017,0.2170894526034713
9532,0.1530632859445819,0,2,0,373984,231626,43729,64227,2.1455593019378267,0.21709092015291379
9533,0.1530658518322322,22,106,22,374090,231520,43751,64205,2.144577420430546,0.21711049116577902
9534,0.1530666563165585,4,29,4,374119,231491,43755,64201,2.1443087924710067,0.21712119367449914
9535,0.153068125856755,1,4,1,374123,231487,43756,64200,2.1442717403386564,0.21712148318999483
9536,0.1530700203978617,11,68,11,374191,231419,43767,64189,2.143641854088703,0.21714229655489703
9537,0.1530715376173433,0,1,0,374192,231418,43767,64189,2.1436325910556153,0.2171430311190195
9538,0.1530720869078253,5,14,5,374206,231404,43772,64184,2.1435029085923896,0.21714007334533203
9539,0.1530726050546491,2,10,2,374216,231394,43774,64182,2.143410278261514,0.217142122499797
9540,0.1530791108445706,0,4,0,374220,231390,43774,64182,2.143373226129164,0.21714506110186352
9541,0.1530815588434956,1,6,1,374226,231384,43775,64181,2.1433176479306386,0.21714682049633752
9542,0.1530821408765992,5,36,5,374262,231348,43780,64176,2.1429841787394865,0.2171600276119706
9543,0.1530856665403814,0,1,0,374263,231347,43780,64176,2.142974915706399,0.21716076244488586
9544,0.1530858669142003,1,8,1,374271,231339,43781,64175,2.1429008114416983,0.21716399223048655
9545,0.1530869246241405,3,6,3,374277,231333,43784,64172,2.142845233243173,0.21716045413783186
9546,0.1530876832147235,0,2,0,374279,231331,43784,64172,2.142826707176998,0.21716192390601788
9547,0.1530903703539431,8,44,8,374323,231287,43792,64164,2.1424191337211456,0.2171730676152729
9548,0.1530910250885457,15,67,15,374390,231220,43807,64149,2.1417985105042794,0.2171825750163355
9549,0.1530914038220345,4,8,4,374398,231212,43811,64145,2.1417244062395793,0.21717785595059538
9550,0.1530926627114646,19,98,19,374496,231114,43830,64126,2.140816628996999,0.21719956645440996
9551,0.1530934021278578,0,1,0,374497,231113,43830,64126,2.1408073659639113,0.21720030212810637
9552,0.1530943796150944,0,11,0,374508,231102,43830,64126,2.140705472599948,0.21720839486769547
9553,0.1530965863020358,9,31,9,374539,231071,43839,64117,2.140418318574234,0.21720733905172296
9554,0.1530978813257519,1,5,1,374544,231066,43840,64116,2.140372003408796,0.21720836636380267
9555,0.1531039886323371,0,1,0,374545,231065,43840,64116,2.140362740375709,0.21720910221186324
9556,0.1531043668772425,1,1,1,374546,231064,43841,64115,2.140353477342621,0.21720718614806608
9557,0.1531047897890061,4,12,4,374558,231052,43845,64111,2.1402423209455703,0.21720540853697787
9558,0.1531056285703497,1,9,1,374567,231043,43846,64110,2.1401589536477825,0.21720937954213576
9559,0.1531096122730452,0,12,0,374579,231031,43846,64110,2.1400477972507317,0.21721821095679691
9560,0.1531097919770354,0,4,0,374583,231027,43846,64110,2.1400107451183814,0.21722115492127386
9561,0.1531103968951004,0,1,0,374584,231026,43846,64110,2.140001482085294,0.21722189092486177
9562,0.1531111077849521,1,8,1,374592,231018,43847,64109,2.1399273778205936,0.21722512680981407
9563,0.1531147667173955,84,499,84,375091,230519,43931,64025,2.135305124309904,0.21736990059210168
9564,0.153115542069856,2,6,2,375097,230513,43933,64023,2.1352495461113787,0.2173690143140397
9565,0.1531183552313376,1,4,1,375101,230509,43934,64022,2.1352124939790285,0.21736930917288844
9566,0.1531188629536878,6,26,6,375127,230483,43940,64016,2.134971655118752,0.21737255474551695
9567,0.1531191882953258,2,9,2,375136,230474,43942,64014,2.134888287820964,0.21737388280676972
9568,0.1531216695327491,5,11,5,375147,230463,43947,64009,2.134786394457001,0.21736871417316417
9569,0.1531231634570188,0,1,0,375148,230462,43947,64009,2.1347771314239132,0.21736945233995877
9570,0.1531258003729228,1,5,1,375153,230457,43948,64008,2.1347308162584757,0.21737048545667567
9571,0.1531266986884569,1,8,1,375161,230449,43949,64007,2.134656711993775,0.21737373325726084
9572,0.1531323956217374,1,5,1,375166,230444,43950,64006,2.1346103968283376,0.21737476651383936
9573,0.1531329028833935,0,1,0,375167,230443,43950,64006,2.13460113379525,0.21737550475634151
9574,0.1531344606068012,0,3,0,375170,230440,43950,64006,2.1345733446959874,0.21737771951393464
9575,0.1531349503612183,9,9,9,375179,230431,43959,63997,2.134489977398199,0.21736044126237994
9576,0.1531369746815685,0,1,0,375180,230430,43959,63997,2.134480714365112,0.21736117951138992
9577,0.1531378463153514,3,12,3,375192,230418,43962,63994,2.134369557968061,0.21736206404630246
9578,0.153138931034977,8,20,8,375212,230398,43970,63986,2.13418429730631,0.2173555628023262
9579,0.1531389473761667,0,1,0,375213,230397,43970,63986,2.1341750342732224,0.21735630114510687
9580,0.153141613243529,0,3,0,375216,230394,43970,63986,2.13414724517396,0.21735851620354643
9581,0.1531421517982725,3,2,3,375218,230392,43973,63983,2.1341287191077845,0.217352016985138
9582,0.1531440997631306,6,17,6,375235,230375,43979,63977,2.133971247545296,0.21734861662227536
9583,0.1531443079710684,1,1,1,375236,230374,43980,63976,2.133961984512209,0.21734669611007304
9584,0.1531451661105701,0,4,0,375240,230370,43980,63976,2.1339249323798586,0.21734964973194812
9585,0.1531476984360944,5,47,5,375287,230323,43985,63971,2.1334895698247434,0.21737106430983982
9586,0.1531490792842564,4,12,4,375299,230311,43989,63967,2.133378413427693,0.21736929026294863
9587,0.1531494680396025,0,7,0,375306,230304,43989,63967,2.13331357219608,0.2173744609560575
9588,0.1531510959585985,3,11,3,375317,230293,43992,63964,2.133211678832117,0.21737460791077187
9589,0.1531511374950354,18,156,18,375473,230137,44010,63946,2.1317666456704583,0.21744201466932805
9590,0.1531515049662583,0,1,0,375474,230136,44010,63946,2.1317573826373706,0.21744275406179228
9591,0.1531522594753926,0,5,0,375479,230131,44010,63946,2.131711067471933,0.21744645109954194
9592,0.1531534003124214,1,1,1,375480,230130,44011,63945,2.1317018044388454,0.21744452945677123
9593,0.1531553341418471,0,8,0,375488,230122,44011,63945,2.131627700174145,0.21745044496662325
9594,0.1531577024612264,5,14,5,375502,230108,44016,63940,2.131498017710919,0.21744749156600282
9595,0.1531598133397412,2,2,2,375504,230106,44018,63938,2.131479491644744,0.21744364788943152
9596,0.153160528843095,8,46,8,375550,230060,44026,63930,2.1310533921227166,0.21745637606721316
9597,0.1531635920230475,32,119,32,375669,229941,44058,63898,2.1299510911852977,0.21745922086584832
9598,0.1531674013762122,2,24,2,375693,229917,44060,63896,2.1297287783911965,0.21747165714246816
9599,0.1531675634670612,4,7,4,375700,229910,44064,63892,2.1296639371595836,0.21746618470943016
9600,0.1531680999960931,0,3,0,375703,229907,44064,63892,2.129636148060321,0.2174684052702698
9601,0.1531690413142248,8,57,8,375760,229850,44072,63884,2.1291081551743303,0.21748929303383333
9602,0.1531702973303453,1,6,1,375766,229844,44073,63883,2.129052576975805,0.21749107164135403
9603,0.1531703548896262,6,17,6,375783,229827,44079,63877,2.1288951054133167,0.21748767466564978
9604,0.1531713983911605,0,1,0,375784,229826,44079,63877,2.128885842380229,0.21748841516770342
9605,0.1531732047209104,9,34,9,375818,229792,44088,63868,2.1285708992552523,0.2174896138391337
9606,0.1531732538377824,4,10,4,375828,229782,44092,63864,2.1284782689243764,0.21748636112870598
9607,0.1531756429861548,1,16,1,375844,229766,44093,63863,2.1283300603949757,0.21749554710195518
9608,0.1531764340415177,0,4,0,375848,229762,44093,63863,2.1282930082626255,0.21749851000425713
9609,0.1531765940012499,23,152,23,376000,229610,44116,63840,2.126885027233317,0.2175498381325609
9610,0.1531766161407482,3,2,3,376002,229608,44119,63837,2.126866501167142,0.21754332157644532
9611,0.1531780725507505,1,2,1,376004,229606,44120,63836,2.1268479751009672,0.21754213779895176
9612,0.1531799349984805,0,5,0,376009,229601,44120,63836,2.1268016599355293,0.2175458445935584
9613,0.1531823483204683,0,6,0,376015,229595,44120,63836,2.126746081737004,0.21755029291383665
9614,0.1531839904933579,0,5,0,376020,229590,44120,63836,2.126699766571566,0.21755399998636793
9615,0.1531900661220785,2,9,2,376029,229581,44122,63834,2.1266163992737783,0.21755533970655896
9616,0.1531905762945807,1,0,1,376029,229581,44123,63833,2.1266163992737783,0.2175526730149209
9617,0.1531906822471831,0,1,0,376030,229580,44123,63833,2.1266071362406906,0.21755341447038815
9618,0.1531909959185946,5,23,5,376053,229557,44128,63828,2.126394086479677,0.2175571348228437
9619,0.1531948780735773,1,0,1,376053,229557,44129,63827,2.126394086479677,0.21755446786464155
9620,0.1531958083656124,17,81,17,376134,229476,44146,63810,2.125643780799585,0.2175691986661484
9621,0.1531966059168147,4,10,4,376144,229466,44150,63806,2.1255511504687097,0.2175659456068087
9622,0.1531970185877394,0,1,0,376145,229465,44150,63806,2.125541887435622,0.21756668746654118
9623,0.1531974058185477,6,45,6,376190,229420,44156,63800,2.125125050946682,0.21758406657117524
9624,0.1531974234800985,2,5,2,376195,229415,44158,63798,2.125078735781244,0.21758244006916475
9625,0.1531996758959429,12,63,12,376258,229352,44170,63786,2.1244951646967283,0.21759717266270492
9626,0.1531998400956996,0,4,0,376262,229348,44170,63786,2.124458112564378,0.21760014191461927
9627,0.1532011980708959,0,9,0,376271,229339,44170,63786,2.12437474526659,0.21760682302771855
9628,0.1532012590592264,27,160,27,376431,229179,44197,63759,2.1228926599725813,0.2176535649181738
9629,0.1532023601200417,11,47,11,376478,229132,44208,63748,2.1224572974174665,0.2176591095329145
9630,0.1532027892607433,3,9,3,376487,229123,44211,63745,2.1223739301196782,0.21765778439433464
9631,0.1532028364098146,10,46,10,376533,229077,44221,63735,2.1219478305976507,0.21766525962050737
9632,0.1532036408941409,2,13,2,376546,229064,44223,63733,2.1218274111675126,0.21766957994788197
9633,0.153204155093837,32,213,32,376759,228851,44255,63701,2.1198543851198637,0.21774248680576444
9634,0.1532056722802541,10,93,10,376852,228758,44265,63691,2.118992923042721,0.21778498131298107
9635,0.1532092667644607,1,2,1,376854,228756,44266,63690,2.118974396976546,0.2177837959828481
9636,0.1532115980502842,1,2,1,376856,228754,44267,63689,2.118955870910371,0.21778261062839596
9637,0.153216798037948,0,3,0,376859,228751,44267,63689,2.118928081811108,0.21778484475447954
9638,0.1532168130562964,16,74,16,376933,228677,44283,63673,2.1182426173626294,0.21779716093723278
9639,0.153220516109018,0,1,0,376934,228676,44283,63673,2.1182333543295417,0.21779790592750445
9640,0.1532214558600455,0,1,0,376935,228675,44283,63673,2.118224091296454,0.21779865092287273
9641,0.1532219113096672,0,5,0,376940,228670,44283,63673,2.1181777761310165,0.21780237597616497
9642,0.1532234122134539,54,258,54,377198,228412,44337,63619,2.1157879135944273,0.21785015974331493
9643,0.1532242166977802,6,24,6,377222,228388,44343,63613,2.115565600800326,0.21785199365755598
9644,0.1532259639280745,3,15,3,377237,228373,44346,63610,2.1154266553040126,0.2178551491011463
9645,0.1532269756209405,0,4,0,377241,228369,44346,63610,2.1153896031716624,0.21785813363289824
9646,0.1532296472890471,4,45,4,377286,228324,44350,63606,2.1149727666827225,0.21788099886959203
9647,0.1532297766000879,1,0,1,377286,228324,44351,63605,2.1149727666827225,0.2178783197284271
9648,0.1532304431259686,2,30,2,377316,228294,44353,63603,2.114694875690096,0.21789535349798045
9649,0.1532307051274662,4,18,4,377334,228276,44357,63599,2.11452814109452,0.21789807280513918
9650,0.1532337100742203,17,39,17,377373,228237,44374,63582,2.1141668828041054,0.21788163210757353
9651,0.1532348111350356,7,12,7,377385,228225,44381,63575,2.1140557264070545,0.21787183002056204
9652,0.1532398189765841,1,4,1,377389,228221,44382,63574,2.1140186742747047,0.2178721362600456
9653,0.1532414237148158,0,2,0,377391,228219,44382,63574,2.1140001482085293,0.21787362959358175
9654,0.1532447626954599,6,45,6,377436,228174,44388,63568,2.1135833117195895,0.21789115040001097
9655,0.1532476270191112,1,2,1,377438,228172,44389,63567,2.1135647856534145,0.21788996328910432
9656,0.1532481547363932,199,1056,199,378494,227116,44588,63368,2.1037830227129573,0.21814626623153083
9657,0.1532487221888996,0,5,0,378499,227111,44588,63368,2.1037367075475193,0.21815002117192636
9658,0.153249241893354,4,21,4,378520,227090,44592,63364,2.1035421838526807,0.2181550262692199
9659,0.15324935621674,0,3,0,378523,227087,44592,63364,2.103514394753418,0.21815727954112743
9660,0.1532522176864139,4,30,4,378553,227057,44596,63360,2.1032365037607916,0.21816904657785186
9661,0.1532525095310375,0,1,0,378554,227056,44596,63360,2.103227240727704,0.21816979780728335
9662,0.1532526294829103,6,47,6,378601,227009,44602,63354,2.1027918781725887,0.21818895658193366
9663,0.1532531680376538,10,26,10,378627,226983,44612,63344,2.1025510393123126,0.21818156768058086
9664,0.1532564207131384,0,1,0,378628,226982,44612,63344,2.102541776279225,0.21818231918601846
9665,0.1532625212056396,2,25,2,378653,226957,44614,63342,2.102310200452036,0.21819572234144796
9666,0.1532650931990644,6,32,6,378685,226925,44620,63336,2.102013783393234,0.21820361674492955
9667,0.1532652428368123,0,2,0,378687,226923,44620,63336,2.1019952573270593,0.2182051202546691
9668,0.1532653544775977,0,22,0,378709,226901,44620,63336,2.101791470599133,0.21822166022939873
9669,0.1532658930323411,0,14,0,378723,226887,44620,63336,2.101661788135907,0.21823218697346522
9670,0.153268205100976,2,8,2,378731,226879,44622,63334,2.1015876838712066,0.21823281520814022
9671,0.1532685793228826,4,29,4,378760,226850,44626,63330,2.101319055911668,0.2182438486456682
9672,0.1532705701615743,2,8,2,378768,226842,44628,63328,2.1012449516469673,0.2182444773753317
9673,0.1532708401684583,1,0,1,378768,226842,44629,63327,2.1012449516469673,0.21824178323666554
9674,0.15327119877845,1,7,1,378775,226835,44630,63326,2.1011801104153545,0.21824435399657433
9675,0.1532750574730577,3,17,3,378792,226818,44633,63323,2.101022638852866,0.21824905821652232
9676,0.1532759156125594,3,15,3,378807,226803,44636,63320,2.1008836933565527,0.21825225852483257
9677,0.1532795076040685,4,36,4,378843,226767,44640,63316,2.1005502241654006,0.2182685645142942
9678,0.1532799397007158,0,1,0,378844,226766,44640,63316,2.1005409611323134,0.21826931695175847
9679,0.1532818869970247,47,245,47,379089,226521,44687,63269,2.098271518025862,0.21832706442596364
9680,0.1532842700771636,16,85,16,379174,226436,44703,63253,2.0974841602134204,0.2183479524593616
9681,0.1532881220726178,12,34,12,379208,226402,44715,63241,2.0971692170884433,0.21834119933849602
9682,0.1532903883648156,0,9,0,379217,226393,44715,63241,2.0970858497906555,0.21834798400740243
9683,0.1532922986781206,2,7,2,379224,226386,44717,63239,2.0970210085590426,0.2183478636167458
9684,0.1532931893439629,5,17,5,379241,226369,44722,63234,2.0968635369965543,0.21834718562998312
9685,0.1532932960353577,1,10,1,379251,226359,44723,63233,2.096770906665679,0.21835202629906902
9686,0.153296085298096,0,3,0,379254,226356,44723,63233,2.0967431175664157,0.2183542883189624
9687,0.1532971863589113,0,5,0,379259,226351,44723,63233,2.096696802400978,0.2183580584562683
9688,0.1532977752332517,7,25,7,379284,226326,44730,63226,2.0964652265737893,0.21835801514063105
9689,0.1532985142922287,1,3,1,379287,226323,44731,63225,2.0964374374745267,0.21835757801815242
9690,0.1532987969738641,0,2,0,379289,226321,44731,63225,2.0964189114083513,0.21835908629371498
9691,0.1533006561159698,2,11,2,379300,226310,44733,63223,2.0963170180443886,0.2183619829173186
9692,0.1533014880150908,1,5,1,379305,226305,44734,63222,2.0962707028789507,0.2183630542229222
9693,0.1533019260182072,1,5,1,379310,226300,44735,63221,2.0962243877135127,0.21836412557292909
9694,0.1533036762325491,0,7,0,379317,226293,44735,63221,2.0961595464819,0.21836940527919202
9695,0.1533063924881441,2,17,2,379334,226276,44737,63219,2.0960020749194115,0.2183768286153474
9696,0.153306530240953,0,1,0,379335,226275,44737,63219,2.0959928118863242,0.21837758295508716
9697,0.1533077381225523,0,2,0,379337,226273,44737,63219,2.095974285820149,0.21837909165020103
9698,0.1533086978762571,47,252,47,379589,226021,44784,63172,2.0936400014820853,0.21844235510541404
9699,0.153308755822099,1,4,1,379593,226017,44785,63171,2.093602949349735,0.21844267396987427
9700,0.1533113797117274,6,24,6,379617,225993,44791,63165,2.093380636555634,0.2184445873882099
9701,0.1533123907157097,0,1,0,379618,225992,44791,63165,2.093371373522546,0.21844534284143216
9702,0.153312768960615,1,9,1,379627,225983,44792,63164,2.0932880062247583,0.21844943921258045
9703,0.1533138700214303,0,2,0,379629,225981,44792,63164,2.093269480158583,0.2184509502152899
9704,0.1533147078749712,47,164,47,379793,225817,44839,63117,2.091750342732224,0.21844781161095614
9705,0.1533155405325458,13,85,13,379878,225732,44852,63104,2.090962984919782,0.21847692115941225
9706,0.1533164722523362,1,9,1,379887,225723,44853,63103,2.090879617621994,0.21848102317658383
9707,0.1533226142896654,0,11,0,379898,225712,44853,63103,2.090777724258031,0.21848934439000745
9708,0.1533240702661808,2,4,2,379902,225708,44855,63101,2.0907406721256807,0.21848695850891073
9709,0.153330406606737,0,1,0,379903,225707,44855,63101,2.0907314090925935,0.21848771502174455
9710,0.1533309338612219,0,3,0,379906,225704,44855,63101,2.0907036199933304,0.2184899845916795
9711,0.153331617844851,7,36,7,379942,225668,44862,63094,2.090370150802179,0.2184982788594067
9712,0.1533327520572114,0,1,0,379943,225667,44862,63094,2.090360887769091,0.21849903553457703
9713,0.1533332033673765,5,37,5,379980,225630,44867,63089,2.090018155544852,0.21851350274834702
9714,0.1533339829054493,17,78,17,380058,225552,44884,63072,2.0892956389640225,0.21852652586063528
9715,0.1533343903961301,0,5,0,380063,225547,44884,63072,2.0892493237985845,0.21853031158724823
9716,0.15333591062207,0,7,0,380070,225540,44884,63072,2.0891844825669716,0.21853561182487213
9717,0.1533409018916154,0,1,0,380071,225539,44884,63072,2.089175219533884,0.2185363690226637
9718,0.1533418285646774,2,7,2,380078,225532,44886,63070,2.089110378302271,0.21853625408001331
9719,0.1533429216749685,2,17,2,380095,225515,44888,63068,2.0889529067397827,0.21854371186105903
9720,0.1533433524445909,4,35,4,380130,225480,44892,63064,2.0886287005817183,0.218559387823001
9721,0.1533438991622051,5,20,5,380150,225460,44897,63059,2.0884434399199674,0.21856099598293352
9722,0.1533473494595392,2,12,2,380162,225448,44899,63057,2.0883322835229166,0.2185646695897818
9723,0.1533474008728626,3,9,3,380171,225439,44902,63054,2.0882489162251288,0.21856336202264873
9724,0.1533482805031525,3,30,3,380201,225409,44905,63051,2.0879710252325023,0.21857796574915067
9725,0.1533503766659225,0,2,0,380203,225407,44905,63051,2.087952499166327,0.21857948124163656
9726,0.1533512357944705,0,5,0,380208,225402,44905,63051,2.0879061840008895,0.21858327006479392
9727,0.1533527597010466,13,69,13,380277,225333,44918,63038,2.087267034717848,0.2186003446948549
9728,0.1533544917137704,0,1,0,380278,225332,44918,63038,2.0872577716847607,0.21860110274993932
9729,0.1533549661997694,13,67,13,380345,225265,44931,63025,2.0866371484678945,0.21861667071351765
9730,0.153357284928352,1,27,1,380372,225238,44932,63024,2.0863870465745302,0.2186344367276991
9731,0.153359498041971,11,70,11,380442,225168,44943,63013,2.0857386342584014,0.21865771858658273
9732,0.1533603967910363,14,118,14,380560,225050,44957,62999,2.08464559635407,0.2187093168176248
9733,0.1533605991027863,5,15,5,380575,225035,44962,62994,2.0845066508577568,0.21870714407229827
9734,0.1533606273320628,3,26,3,380601,225009,44965,62991,2.0842658119974806,0.21871875
9735,0.1533611540123902,0,6,0,380607,225003,44965,62991,2.084210233798955,0.21872330673555698
9736,0.1533612012753626,0,5,0,380612,224998,44965,62991,2.0841639186335175,0.21872710416022834
9737,0.1533620474010049,1,8,1,380620,224990,44966,62990,2.084089814368817,0.218730467393569
9738,0.1533635103515736,51,307,51,380927,224683,45017,62939,2.081246063210938,0.21882540278560056
9739,0.1533637533020616,0,1,0,380928,224682,45017,62939,2.0812368001778503,0.21882616359723386
9740,0.1533640688598448,4,38,4,380966,224644,45021,62935,2.0808848049205233,0.2188442132422743
9741,0.1533641247665684,1,0,1,380966,224644,45022,62934,2.0808848049205233,0.2188414969156194
9742,0.1533656332102843,9,18,9,380984,224626,45031,62925,2.0807180703249473,0.21883074654583012
9743,0.1533680046093191,0,5,0,380989,224621,45031,62925,2.0806717551595093,0.21883455168912105
9744,0.1533708240791571,1,9,1,380998,224612,45032,62924,2.0805883878617215,0.21883868454732625
9745,0.1533741434167015,14,78,14,381076,224534,45046,62910,2.079865871280892,0.2188600214302612
9746,0.1533746361092674,2,16,2,381092,224518,45048,62908,2.0797176627514915,0.21886676918580783
9747,0.1533746899188143,0,2,0,381094,224516,45048,62908,2.079699136685316,0.21886829213983522
9748,0.1533758034595847,4,30,4,381124,224486,45052,62904,2.0794212456926897,0.21888026723268034
9749,0.153376370716979,51,215,51,381339,224271,45103,62853,2.0774296935788654,0.21890542065449073
9750,0.1533769092717224,21,124,21,381463,224147,45124,62832,2.0762810774760085,0.218942849476791
9751,0.1533776665835772,1,0,1,381463,224147,45125,62831,2.0762810774760085,0.2189401278146757
9752,0.1533780909760962,3,11,3,381474,224136,45128,62828,2.076179184112046,0.2189403548877211
9753,0.1533794716908889,3,4,3,381478,224132,45131,62825,2.0761421319796955,0.21893524116853744
9754,0.1533798004745331,0,4,0,381482,224128,45131,62825,2.0761050798473453,0.21893829303056597
9755,0.1533805043204498,1,13,1,381495,224115,45132,62824,2.075984660417207,0.2189454901564444
9756,0.1533849835183438,1,13,1,381508,224102,45133,62823,2.0758642409870687,0.218952687984665
9757,0.1533862624397083,9,44,9,381552,224058,45142,62814,2.0754566675312165,0.2189617669204384
9758,0.1533885431987857,18,68,18,381620,223990,45160,62796,2.0748267812812626,0.21896466354703506
9759,0.153389847090532,0,3,0,381623,223987,45160,62796,2.074798992182,0.21896695410815845
9760,0.1534016042201204,2,11,2,381634,223976,45162,62794,2.074697098818037,0.21896990619660356
9761,0.1534019673418803,9,61,9,381695,223915,45171,62785,2.0741320537996963,0.2189919776770143
9762,0.1534091606719606,4,9,4,381704,223906,45175,62781,2.074048686501908,0.21898795550548159
9763,0.1534107622034143,17,143,17,381847,223763,45192,62764,2.072724072770388,0.2190509096873942
9764,0.1534122803940091,2,4,2,381851,223759,45194,62762,2.0726870206380377,0.21904851651362378
9765,0.1534139810943601,0,2,0,381853,223757,45194,62762,2.0726684945718628,0.21905004554671767
9766,0.1534172332356884,5,17,5,381870,223740,45199,62757,2.0725110230093744,0.21904941412999088
9767,0.1534179044576454,0,14,0,381884,223726,45199,62757,2.0723813405461486,0.21906011875050177
9768,0.1534188715746071,17,80,17,381964,223646,45216,62740,2.071640297899144,0.21907495478130914
9769,0.1534209411453992,0,1,0,381965,223645,45216,62740,2.0716310348660567,0.21907571974789183
9770,0.1534209412290834,2,2,2,381967,223643,45218,62738,2.0716125087998813,0.21907179596411774
9771,0.1534250102743022,2,4,2,381971,223639,45220,62736,2.071575456667531,0.21906940200785682
9772,0.1534264440837206,2,3,2,381974,223636,45222,62734,2.0715476675682685,0.2190662429723784
9773,0.1534275375104435,1,2,1,381976,223634,45223,62733,2.0715291415020936,0.21906504590263542
9774,0.1534289325131709,0,5,0,381981,223629,45223,62733,2.0714828263366556,0.2190688708697383
9775,0.1534353140372049,0,6,0,381987,223623,45223,62733,2.0714272481381304,0.21907346100657923
9776,0.1534381786834604,1,4,1,381991,223619,45224,62732,2.07139019600578,0.21907379404995966
9777,0.1534394473782463,118,560,118,382551,223059,45342,62614,2.06620289747675,0.2191806716070472
9778,0.1534406256867479,1,1,1,382552,223058,45343,62613,2.066193634443662,0.21917870557389443
9779,0.1534432132184081,6,58,6,382610,223000,45349,62607,2.0656563785245843,0.2192068121579653
9780,0.1534456824538395,13,97,13,382707,222903,45362,62594,2.0647578643150912,0.2192457363825189
9781,0.1534463555237341,1,24,1,382731,222879,45363,62593,2.06453555152099,0.21926143369577403
9782,0.1534465986286922,0,8,0,382739,222871,45363,62593,2.0644614472562894,0.21926757839867725
9783,0.1534511341066771,13,47,13,382786,222824,45376,62580,2.0640260847011747,0.21926812518394978
9784,0.1534556133045712,15,135,15,382921,222689,45391,62565,2.0627755752343546,0.21933084198644015
9785,0.1534587863115714,4,7,4,382928,222682,45395,62561,2.0627107340027417,0.21932527704448487
9786,0.1534607707392842,5,45,5,382973,222637,45400,62556,2.062293897513802,0.21934619713667586
9787,0.1534608824204345,0,1,0,382974,222636,45400,62556,2.062284634480714,0.21934696625431288
9788,0.1534616693310822,17,75,17,383049,222561,45417,62539,2.061589906999148,0.2193581199579095
9789,0.1534622520338518,8,58,8,383107,222503,45425,62531,2.0610526510800695,0.21938084579383513
9790,0.1534639528693658,10,46,10,383153,222457,45435,62521,2.060626551558042,0.21938886510537656
9791,0.1534641451397554,4,29,4,383182,222428,45439,62517,2.0603579235985032,0.21940023513309587
9792,0.1534658355060905,0,13,0,383195,222415,45439,62517,2.0602375041683647,0.2194102452514986
9793,0.1534665938934185,1,6,1,383201,222409,45440,62516,2.0601819259698395,0.21941212599806967
9794,0.1534672997778731,0,3,0,383204,222406,45440,62516,2.060154136870577,0.21941443623167042
9795,0.1534716513936046,0,7,0,383211,222399,45440,62516,2.060089295638964,0.2194198269659372
9796,0.1534725459462907,100,636,100,383847,221763,45540,62416,2.0541980065952794,0.21963621520239004
9797,0.1534727950887761,0,1,0,383848,221762,45540,62416,2.054188743562192,0.21963698808493268
9798,0.1534749770285392,1,5,1,383853,221757,45541,62415,2.054142428396754,0.21963810649888096
9799,0.1534753795184719,1,12,1,383865,221745,45542,62414,2.0540312719997034,0.2196446355737457
9800,0.1534770186489931,2,11,2,383876,221734,45544,62412,2.0539293786357407,0.21964764592850156
9801,0.153479858716366,0,5,0,383881,221729,45544,62412,2.0538830634703027,0.21965151104557246
9802,0.1534818403185384,27,97,27,383978,221632,45571,62385,2.05298454926081,0.21965234475401121
9803,0.1534838411291524,4,44,4,384022,221588,45575,62381,2.0525769758049575,0.21967538710211326
9804,0.1534843538892742,0,2,0,384024,221586,45575,62381,2.0525584497387825,0.21967693429166066
9805,0.1534859972172321,0,1,0,384025,221585,45575,62381,2.052549186705695,0.2196777078946071
9806,0.1534867021782943,0,2,0,384027,221583,45575,62381,2.05253066063952,0.2196792551168458
9807,0.1534882803140852,4,15,4,384042,221568,45579,62377,2.0523917151432065,0.21967986757998909
9808,0.1534898568275956,11,32,11,384074,221536,45590,62366,2.0520952980844047,0.21967439468549008
9809,0.1534901018618878,0,1,0,384075,221535,45590,62366,2.052086035051317,0.21967516845660987
9810,0.1534919507773518,3,22,3,384097,221513,45593,62363,2.051882248323391,0.2196839465118573
9811,0.1534935219289985,0,1,0,384098,221512,45593,62363,2.0518729852903035,0.2196847203874945
9812,0.1534936426665785,0,5,0,384103,221507,45593,62363,2.0518266701248655,0.2196885898474654
9813,0.1534941174346088,0,14,0,384117,221493,45593,62363,2.0516969876616398,0.21969942506059412
9814,0.1534945653132257,7,38,7,384155,221455,45600,62356,2.051344992404313,0.2197095954702249
9815,0.1534954291866498,0,6,0,384161,221449,45600,62356,2.0512894142057876,0.2197142404115502
9816,0.1534963689570527,0,5,0,384166,221444,45600,62356,2.0512430990403496,0.21971811134601832
9817,0.1534964091399999,2,2,2,384168,221442,45602,62354,2.0512245729741747,0.21971416087612228
9818,0.1534984622728371,2,17,2,384185,221425,45604,62352,2.0510671014116864,0.21972182382645528
9819,0.1534998915090034,0,7,0,384192,221418,45604,62352,2.0510022601800735,0.21972724389470347
9820,0.1535015914273355,2,27,2,384219,221391,45606,62350,2.050752158286709,0.2197426526303918
9821,0.1535017372335246,6,52,6,384271,221339,45612,62344,2.0502704805661565,0.21976642943003283
9822,0.1535040384306229,21,102,21,384373,221237,45633,62323,2.049325651191226,0.21978769925236283
9823,0.1535051042149499,3,10,3,384383,221227,45636,62320,2.0492330208603504,0.2197871957735402
9824,0.1535054224075604,10,46,10,384429,221181,45646,62310,2.048806921338323,0.2197953374181191
9825,0.1535055884422838,0,17,0,384446,221164,45646,62310,2.0486494497758345,0.2198085185942979
9826,0.153513101528148,0,7,0,384453,221157,45646,62310,2.0485846085442216,0.21981394659695838
9827,0.1535131201636742,1,2,1,384455,221155,45647,62309,2.0485660824780467,0.2198127451810459
9828,0.1535144726542303,0,1,0,384456,221154,45647,62309,2.048556819444959,0.2198135206358502
9829,0.153515247389891,0,2,0,384458,221152,45647,62309,2.048538293378784,0.21981507156187272
9830,0.1535174688567233,1,8,1,384466,221144,45648,62308,2.0484641891140836,0.21981852306563368
9831,0.1535189920837097,7,27,7,384493,221117,45655,62301,2.0482140872207197,0.21982019490646323
9832,0.1535193703749224,0,1,0,384494,221116,45655,62301,2.048204824187632,0.2198209705134131
9833,0.1535198854723243,4,10,4,384504,221106,45659,62297,2.0481121938567566,0.2198177154087995
9834,0.1535219645416879,1,0,1,384504,221106,45660,62296,2.0481121938567566,0.21981496249144325
9835,0.1535222721048028,0,5,0,384509,221101,45660,62296,2.0480658786913186,0.21981884070755867
9836,0.1535234712816038,8,49,8,384558,221052,45668,62288,2.0476119900700285,0.21983482741582552
9837,0.1535255151410453,0,1,0,384559,221051,45668,62288,2.047602727036941,0.21983560328793425
9838,0.1535280078094921,0,10,0,384569,221041,45668,62288,2.0475100967060653,0.2198433623102471
9839,0.153534451870451,4,4,4,384573,221037,45672,62284,2.047473044573715,0.219835451660837
9840,0.1535358232991688,0,1,0,384574,221036,45672,62284,2.047463781540628,0.21983622758718058
9841,0.1535362288632719,11,15,11,384589,221021,45683,62273,2.0473248360443144,0.21981757467507254
9842,0.1535401387367071,0,1,0,384590,221020,45683,62273,2.0473155730112267,0.21981835061226362
9843,0.1535447305963494,1,1,1,384591,221019,45684,62272,2.0473063099781394,0.2198163725639007
9844,0.1535474038381203,1,4,1,384595,221015,45685,62271,2.047269257845789,0.21981672232302338
9845,0.1535504101025127,1,1,1,384596,221014,45686,62270,2.0472599948127015,0.21981474421428673
9846,0.15355518930146,0,2,0,384598,221012,45686,62270,2.0472414687465266,0.2198162961289457
9847,0.1535559447184632,1,2,1,384600,221010,45687,62269,2.047222942680351,0.21981509395331106
9848,0.1535564768699265,3,8,3,384608,221002,45690,62266,2.0471488384156507,0.21981303924198992
9849,0.153557333712565,0,1,0,384609,221001,45690,62266,2.0471395753825634,0.21981381523439017
9850,0.1535579258066658,0,1,0,384610,221000,45690,62266,2.0471303123494757,0.21981459123226932
9851,0.1535588419305248,4,24,4,384634,220976,45694,62262,2.0469079995553745,0.21982219899872193
9852,0.1535610808006726,1,1,1,384635,220975,45695,62261,2.046898736522287,0.2198202205934274
9853,0.1535652034017218,12,26,12,384661,220949,45707,62249,2.0466578976620102,0.21980734327219825
9854,0.15356699874328,11,73,11,384734,220876,45718,62238,2.045981696246619,0.21983370656343382
9855,0.1535682743141626,0,7,0,384741,220869,45718,62238,2.045916855015006,0.21983914209115282
9856,0.1535690011861588,15,52,15,384793,220817,45733,62223,2.0454351772944532,0.21983818541548897
9857,0.1535707049257993,45,175,45,384968,220642,45778,62178,2.0438141465041313,0.2198500813238102
9858,0.1535725268499409,1,1,1,384969,220641,45779,62177,2.0438048834710436,0.2198481001916427
9859,0.1535733462342168,11,103,11,385072,220538,45790,62166,2.042850791063026,0.21989784368102325
9860,0.1535740551331985,0,2,0,385074,220536,45790,62166,2.0428322649968504,0.2198993993675319
9861,0.1535764319558288,27,186,27,385260,220350,45817,62139,2.0411093408425653,0.21996962713592388
9862,0.1535778853981053,7,14,7,385274,220336,45824,62132,2.0409796583793396,0.21996119914468187
9863,0.1535836277407797,0,2,0,385276,220334,45824,62132,2.0409611323131647,0.21996275657955294
9864,0.1535846808988175,14,61,14,385337,220273,45838,62118,2.0403960872948237,0.2199715996614623
9865,0.1535859932679205,26,102,26,385439,220171,45864,62092,2.039451257919893,0.2199792392201599
9866,0.1535863241909929,1,16,1,385455,220155,45865,62091,2.0393030493904925,0.21998894581322676
9867,0.1535881812796385,1,4,1,385459,220151,45866,62090,2.039265997258142,0.2199892999245326
9868,0.1535889278849203,1,9,1,385468,220142,45867,62089,2.0391826299603544,0.21999355138166962
9869,0.1535908033888869,10,59,10,385527,220083,45877,62079,2.0386361110081883,0.22001190805282073
9870,0.1535912271868021,0,1,0,385528,220082,45877,62079,2.038626847975101,0.22001268779172176
9871,0.1535912441550748,0,10,0,385538,220072,45877,62079,2.0385342176442256,0.22002048548472272
9872,0.1535941587582818,18,100,18,385638,219972,45895,62061,2.03760791433547,0.2200487177032475
9873,0.1535947122768453,19,109,19,385747,219863,45914,62042,2.0365982437289265,0.2200812330394991
9874,0.1535992965534665,6,75,6,385822,219788,45920,62036,2.03590351624736,0.22012319745656864
9875,0.1535998962130332,7,20,7,385842,219768,45927,62029,2.035718255585609,0.22011944768751973
9876,0.1536006877968708,3,8,3,385850,219760,45930,62026,2.0356441513209087,0.22011739405080452
9877,0.1536017839777342,1,0,1,385850,219760,45931,62025,2.0356441513209087,0.22011462639955995
9878,0.1536027450212818,0,2,0,385852,219758,45931,62025,2.0356256252547333,0.22011618869839558
9879,0.153605581552607,69,448,69,386300,219310,46000,61956,2.031475786431509,0.220275468773332
9880,0.1536072242191759,0,3,0,386303,219307,46000,61956,2.0314479973322466,0.2202778182697333
9881,0.1536088766623207,0,5,0,386308,219302,46000,61956,2.0314016821668086,0.22028173420844918
9882,0.1536140651815032,0,1,0,386309,219301,46000,61956,2.031392419133721,0.22028251741289995
9883,0.1536202813642621,1,2,1,386311,219299,46001,61955,2.031373893067546,0.22028131155468011
9884,0.1536216016570081,0,1,0,386312,219298,46001,61955,2.0313646300344583,0.22028209476876692
9885,0.1536246199151841,1,9,1,386321,219289,46002,61954,2.0312812627366705,0.2202863715719147
9886,0.1536264811696257,1,1,1,386322,219288,46003,61953,2.031271999703583,0.2202843824335712
9887,0.1536275054536064,2,19,2,386341,219269,46005,61951,2.0310960020749196,0.22029372021904559
9888,0.1536287285314853,2,9,2,386350,219260,46007,61949,2.0310126347771313,0.22029522525950448
9889,0.1536292117748263,1,6,1,386356,219254,46008,61948,2.030957056578606,0.22029715293632335
9890,0.1536329123289094,0,1,0,386357,219253,46008,61948,2.0309477935455185,0.22029793635157768
9891,0.1536329807810691,0,6,0,386363,219247,46008,61948,2.0308922153469933,0.22030263696011665
9892,0.1536348567203126,4,24,4,386387,219223,46012,61944,2.030669902552892,0.22031034936532382
9893,0.153635939593816,0,7,0,386394,219216,46012,61944,2.030605061321279,0.22031583440034144
9894,0.1536361002316524,1,0,1,386394,219216,46013,61943,2.030605061321279,0.2203130612927205
9895,0.1536384356573587,0,5,0,386399,219211,46013,61943,2.030558746155841,0.22031697930671448
9896,0.153640260621981,0,1,0,386400,219210,46013,61943,2.0305494831227535,0.2203177629262359
9897,0.1536424069851428,1,14,1,386414,219196,46014,61942,2.0304198006595278,0.22032596091599144
9898,0.1536467365832811,0,2,0,386416,219194,46014,61942,2.030401274593353,0.2203275283136987
9899,0.1536475383351763,0,2,0,386418,219192,46014,61942,2.030382748527178,0.22032909573370707
9900,0.1536513348078572,0,1,0,386419,219191,46014,61942,2.0303734854940902,0.22032987945207427
9901,0.1536523869364546,1,0,1,386419,219191,46015,61941,2.0303734854940902,0.22032710612808218
9902,0.1536537915382464,0,1,0,386420,219190,46015,61941,2.0303642224610026,0.22032788984494772
9903,0.1536581250207203,177,1063,177,387483,218127,46192,61764,2.0205176182889324,0.2206716185943814
9904,0.1536585363116754,1,5,1,387488,218122,46193,61763,2.020471303123495,0.22067277631884524
9905,0.1536671444974861,0,4,0,387492,218118,46193,61763,2.0204342509911446,0.22067593012744702
9906,0.1536757859670315,0,1,0,387493,218117,46193,61763,2.020424987958057,0.220676718593683
9907,0.1536789666263801,1,0,1,387493,218117,46194,61762,2.020424987958057,0.2206739340929473
9908,0.1536807918571179,2,15,2,387508,218102,46196,61760,2.0202860424617435,0.2206801923805304
9909,0.1536869074684143,2,1,2,387509,218101,46198,61758,2.0202767794286562,0.22067541154652878
9910,0.1536894119735282,0,2,0,387511,218099,46198,61758,2.020258253362481,0.22067698860489465
9911,0.1536900932560626,1,3,1,387514,218096,46199,61757,2.0202304642632183,0.22067656948469375
9912,0.1536940622819133,1,2,1,387516,218094,46200,61756,2.0202119381970434,0.2206753618009648
9913,0.1536944175242502,2,6,2,387522,218088,46202,61754,2.0201563599985177,0.2206745234811072
9914,0.1536963207453059,0,1,0,387523,218087,46202,61754,2.0201470969654305,0.22067531205220106
9915,0.1536995129755274,0,4,0,387527,218083,46202,61754,2.02011004483308,0.2206784663929359
9916,0.1537002325892998,3,16,3,387543,218067,46205,61751,2.019961836303679,0.22068272948845322
9917,0.1537005496970745,2,30,2,387573,218037,46207,61749,2.0196839453110527,0.2207008213420257
9918,0.1537021888275958,4,23,4,387596,218014,46211,61745,2.019470895550039,0.2207078235195293
9919,0.153703673365856,6,21,6,387617,217993,46217,61739,2.0192763718552005,0.22070767734831911
9920,0.1537050288949686,3,23,3,387640,217970,46220,61736,2.0190633220941865,0.22071746762672234
9921,0.1537110397107809,0,4,0,387644,217966,46220,61736,2.019026269961836,0.22072062409278445
9922,0.1537139446769735,0,3,0,387647,217963,46220,61736,2.0189984808625736,0.22072299150157848
9923,0.1537147158526711,0,7,0,387654,217956,46220,61736,2.0189336396309607,0.2207285156529325
9924,0.1537152802949579,1,4,1,387658,217952,46221,61735,2.0188965874986105,0.22072888621923795
9925,0.1537174431203162,1,0,1,387658,217952,46222,61734,2.0188965874986105,0.220726099983553
9926,0.1537186096578847,2,0,2,387658,217952,46224,61732,2.0188965874986105,0.22072052745241058
9927,0.1537190990703195,6,25,6,387683,217927,46230,61726,2.0186650116714215,0.2207235395293453
9928,0.1537207469886147,0,2,0,387685,217925,46230,61726,2.0186464856052466,0.22072511809362383
9929,0.1537228747376028,0,2,0,387687,217923,46230,61726,2.0186279595390713,0.22072669668048162
9930,0.1537250814208845,5,8,5,387695,217915,46235,61721,2.018553855274371,0.2207190776580984
9931,0.1537256199756279,2,5,2,387700,217910,46237,61719,2.018507540108933,0.22071745062207423
9932,0.1537260575183567,0,1,0,387701,217909,46237,61719,2.0184982770758455,0.22071823994735865
9933,0.1537319639905213,0,4,0,387705,217905,46237,61719,2.0184612249434957,0.22072139730495235
9934,0.1537326178963894,6,23,6,387728,217882,46243,61713,2.0182481751824817,0.22072283123804073
9935,0.1537333205721665,4,16,4,387744,217866,46247,61709,2.018099966653081,0.22072431369042297
9936,0.1537358330547444,0,1,0,387745,217865,46247,61709,2.0180907036199933,0.22072510319271463
9937,0.1537362165262996,1,0,1,387745,217865,46248,61708,2.0180907036199933,0.22072231581733573
9938,0.1537439285682907,0,3,0,387748,217862,46248,61708,2.0180629145207307,0.22072468433665987
9939,0.1537441622623123,29,122,29,387870,217740,46277,61679,2.016932824484049,0.22074017872800347
9940,0.153745055650927,3,18,3,387888,217722,46280,61676,2.016766089888473,0.22074603254139258
9941,0.1537454009727888,18,116,18,388004,217606,46298,61658,2.015691578050317,0.22078749856766358
9942,0.1537486414602064,39,270,39,388274,217336,46337,61619,2.013190559116677,0.22089225860801923
9943,0.1537507077591876,2,2,2,388276,217334,46339,61617,2.013172033050502,0.22088825636043607
9944,0.1537516256759631,2,16,2,388292,217318,46341,61615,2.013023824521101,0.22089534045810283
9945,0.1537518141346467,2,5,2,388297,217313,46343,61613,2.012977509355663,0.22089371374486422
9946,0.1537536693832598,0,4,0,388301,217309,46343,61613,2.0129404572233134,0.2208968815654556
9947,0.1537596220490537,1,13,1,388314,217296,46344,61612,2.012820037793175,0.2209043842413986
9948,0.1537652910720959,2,15,2,388329,217281,46346,61610,2.012681092296862,0.2209106783653829
9949,0.153771793324443,26,107,26,388436,217174,46372,61584,2.0116899477564933,0.22092280759655328
9950,0.153777511936086,1,1,1,388437,217173,46373,61583,2.0116806847234057,0.2209208052920834
9951,0.1537851608299713,0,3,0,388440,217170,46373,61583,2.011652895624143,0.22092318288951152
9952,0.1537857369517672,0,3,0,388443,217167,46373,61583,2.0116251065248805,0.2209255605381166
9953,0.1537859100811852,0,2,0,388445,217165,46373,61583,2.0116065804587056,0.22092714566561913
9954,0.1537862874814778,3,19,3,388464,217146,46376,61580,2.011430582830042,0.2209338203109864
9955,0.1537892858136647,6,26,6,388490,217120,46382,61574,2.0111897439697652,0.22093765922481287
9956,0.1537913806436164,22,130,22,388620,216990,46404,61552,2.0099855496683836,0.22097924190965815
9957,0.1537955208892578,3,10,3,388630,216980,46407,61549,2.0098929193375077,0.22097878497391654
9958,0.1537984258554504,4,24,4,388654,216956,46411,61545,2.0096706065434065,0.22098663918621478
9959,0.1537996292701746,2,12,2,388666,216944,46413,61543,2.009559450146356,0.22099056688463017
9960,0.1538007303309899,1,1,1,388667,216943,46414,61542,2.0095501871132684,0.2209885631183008
9961,0.1538047088485707,1,6,1,388673,216937,46415,61541,2.009494608914743,0.22099052707933842
9962,0.1538073937898877,1,6,1,388679,216931,46416,61540,2.0094390307162175,0.22099249113911323
9963,0.1538128639555358,0,1,0,388680,216930,46416,61540,2.0094297676831303,0.22099328473444177
9964,0.1538164143336775,3,7,3,388687,216923,46419,61537,2.0093649264515174,0.2209904474610357
9965,0.1538169142834164,0,1,0,388688,216922,46419,61537,2.0093556634184297,0.2209912410803745
9966,0.1538192518265844,1,2,1,388690,216920,46420,61536,2.009337137352255,0.22099003074094292
9967,0.1538195713019207,7,33,7,388723,216887,46427,61529,2.0090314572603654,0.22099663812424572
9968,0.1538284593596975,3,10,3,388733,216877,46430,61526,2.00893882692949,0.22099618179401803
9969,0.1538316135021454,0,1,0,388734,216876,46430,61526,2.008929563896402,0.2209969755964397
9970,0.1538326431571216,1,0,1,388734,216876,46431,61525,2.008929563896402,0.22099417746344302
9971,0.1538356303738546,0,2,0,388736,216874,46431,61525,2.0089110378302273,0.22099576507099522
9972,0.1538368046976995,2,6,2,388742,216868,46433,61523,2.0088554596317016,0.22099493158902406
9973,0.1538432760171313,1,1,1,388743,216867,46434,61522,2.0088461965986144,0.22099292716307037
9974,0.1538479153307512,1,1,1,388744,216866,46435,61521,2.0088369335655267,0.22099092270831613
9975,0.1538486627053535,0,3,0,388747,216863,46435,61521,2.008809144466264,0.2209933042128858
9976,0.1538491496956423,3,19,3,388766,216844,46438,61518,2.0086331468376004,0.22099999281511126
9977,0.1538532421884685,1,2,1,388768,216842,46439,61517,2.0086146207714255,0.22099878214823304
9978,0.1538551819818454,4,3,4,388771,216839,46443,61513,2.008586831672163,0.2209899695349773
9979,0.1538564172121701,156,1075,156,389846,215764,46599,61357,1.9986290711030419,0.22140869872727076
9980,0.1538577371242734,3,10,3,389856,215754,46602,61354,1.9985364407721664,0.22140825959553675
9981,0.153857751958272,0,2,0,389858,215752,46602,61354,1.9985179147059913,0.22140985759961893
9982,0.1538593548675586,0,1,0,389859,215751,46602,61354,1.9985086516729038,0.22141065661031017
9983,0.1538595161758664,0,5,0,389864,215746,46602,61354,1.998462336507466,0.22141465175027067
9984,0.1538600268989152,26,128,26,389992,215618,46628,61328,1.9972766682722591,0.221443891588974
9985,0.1538632946824342,2,1,2,389993,215617,46630,61326,1.9972674052391715,0.22143906868922486
9986,0.1538665753119242,2,1,2,389994,215616,46632,61324,1.997258142206084,0.22143424568498593
9987,0.1538758618220933,166,1088,166,391082,214528,46798,61158,1.987179962206825,0.22183933895809
9988,0.1538778818256577,0,1,0,391083,214527,46798,61158,1.9871706991737375,0.22184014364220034
9989,0.1538783073698364,1,4,1,391087,214523,46799,61157,1.9871336470413872,0.22184053975623913
9990,0.1538829840457958,53,228,53,391315,214295,46852,61104,1.9850216754974248,0.22187444398854025
9991,0.1538831796622786,2,6,2,391321,214289,46854,61102,1.9849660972988996,0.2218736269522243
9992,0.1538866196856536,0,2,0,391323,214287,46854,61102,1.9849475712327245,0.22187523829927847
9993,0.1538873817798391,0,3,0,391326,214284,46854,61102,1.9849197821334619,0.221877655363744
9994,0.1538909821470903,1,0,1,391326,214284,46855,61101,1.9849197821334619,0.22187482978375728
9995,0.1538968670765235,1,4,1,391330,214280,46856,61100,1.9848827300011116,0.22187522695911105
9996,0.1539028678280793,0,1,0,391331,214279,46856,61100,1.984873466968024,0.22187603266770523
9997,0.1539074864193593,6,22,6,391353,214257,46862,61094,1.9846696802400978,0.22187680451496453
9998,0.1539082266562633,1,5,1,391358,214252,46863,61093,1.98462336507466,0.2218780075904774
9999,0.1539090161197152,1,5,1,391363,214247,46864,61092,1.9845770499092223,0.22187921071842348
10000,0.1539113280746262,2,7,2,391370,214240,46866,61090,1.9845122086776095,0.2218791995060473
10001,0.1539120754492286,0,18,0,391388,214222,46866,61090,1.9843454740820334,0.22189370604986342
10002,0.153921100165501,1,0,1,391388,214222,46867,61089,1.9843454740820334,0.22189087976869795
10003,0.1539227903979066,2,4,2,391392,214218,46869,61087,1.9843084219496832,0.22188845099071938
10004,0.1539262703912471,5,26,5,391418,214192,46874,61082,1.9840675830894068,0.22189527525302064
10005,0.1539272695958007,0,18,0,391436,214174,46874,61082,1.9839008484938307,0.2219097857994013
10006,0.1539299880557992,3,6,3,391442,214168,46877,61079,1.9838452702953056,0.2219061424829335
10007,0.1539304684906563,0,1,0,391443,214167,46877,61079,1.9838360072622179,0.22190694869316901
10008,0.1539326474410779,0,1,0,391444,214166,46877,61079,1.9838267442291304,0.22190775490926265
10009,0.1539382337557097,0,2,0,391446,214164,46877,61079,1.9838082181629553,0.22190936735902458
10010,0.1539404504735605,1,1,1,391447,214163,46878,61078,1.9837989551298678,0.22190734665256992
10011,0.1539407818088853,3,17,3,391464,214146,46881,61075,1.9836414835673792,0.22191257207843879
10012,0.1539417226555391,2,5,2,391469,214141,46883,61073,1.9835951684019415,0.22191094929763747
10013,0.1539436593965029,2,4,2,391473,214137,46885,61071,1.9835581162695912,0.22190852010115986
10014,0.1539437790896201,0,2,0,391475,214135,46885,61071,1.9835395902034163,0.22191013277326802
10015,0.1539440055510482,1,4,1,391479,214131,46886,61070,1.983502538071066,0.22191053084836174
10016,0.1539445067436347,1,4,1,391483,214127,46887,61069,1.9834654859387157,0.2219109289379206
10017,0.1539457196704874,0,2,0,391485,214125,46887,61069,1.9834469598725406,0.2219125416978568
10018,0.1539494266281258,1,5,1,391490,214120,46888,61068,1.9834006447071029,0.22191374623893484
10019,0.1539505345896372,0,1,0,391491,214119,46888,61068,1.9833913816740154,0.2219145526496528
10020,0.1539542922565125,4,18,4,391509,214101,46892,61064,1.9832246470784394,0.22191775843584757
10021,0.1539550142152038,0,7,0,391516,214094,46892,61064,1.9831598058468265,0.2219234040078791
10022,0.1539567582830669,0,2,0,391518,214092,46892,61064,1.9831412797806514,0.2219250170812194
10023,0.15395908509682,0,1,0,391519,214091,46892,61064,1.983132016747564,0.22192582362668314
10024,0.1539594934130979,1,0,1,391519,214091,46893,61063,1.983132016747564,0.22192299584959696
10025,0.1539607129794393,0,2,0,391521,214089,46893,61063,1.9831134906813888,0.22192460894342037
10026,0.1539623630041346,1,8,1,391529,214081,46894,61062,1.9830393864166882,0.22192823368212167
10027,0.1539631058263497,4,26,4,391555,214055,46898,61058,1.9827985475564118,0.2219378946105782
10028,0.1539652051161544,0,1,0,391556,214054,46898,61058,1.9827892845233244,0.2219387013289133
10029,0.1539676608407555,3,33,3,391589,214021,46901,61055,1.9824836044314351,0.22195684101848218
10030,0.1539705324152477,10,60,10,391649,213961,46911,61045,1.9819278224461818,0.22197697504781713
10031,0.1539773522463728,0,4,0,391653,213957,46911,61045,1.9818907703138315,0.22198020378033614
10032,0.1539900761392875,1,9,1,391662,213948,46912,61044,1.9818074030160435,0.22198463955315065
10033,0.1539908987401825,4,9,4,391671,213939,46916,61040,1.9817240357182555,0.22198058760850828
10034,0.1539967453533988,0,7,0,391678,213932,46916,61040,1.9816591944866426,0.22198623859883915
10035,0.1539982210766671,3,15,3,391693,213917,46919,61037,1.9815202489903294,0.2219898601220568
10036,0.1539985108189742,0,5,0,391698,213912,46919,61037,1.9814739338248917,0.22199389704999836
10037,0.1540038423585847,0,1,0,391699,213911,46919,61037,1.981464670791804,0.2219947044532057
10038,0.1540091324143624,4,15,4,391714,213896,46923,61033,1.9813257252954908,0.2219954970192304
10039,0.1540110802597879,2,3,2,391717,213893,46925,61031,1.9812979361962282,0.22199225967903857
10040,0.1540112315632629,0,2,0,391719,213891,46925,61031,1.981279410130053,0.22199387462625764
10041,0.1540125867543979,0,3,0,391722,213888,46925,61031,1.9812516210307902,0.2219962970911432
10042,0.1540128393720009,1,21,1,391743,213867,46926,61030,1.9810570973359516,0.22201042572308902
10043,0.1540149496691333,3,3,3,391746,213864,46929,61027,1.981029308236689,0.22200435809102517
10044,0.1540154555917668,0,4,0,391750,213860,46929,61027,1.9809922561043387,0.22200758857275898
10045,0.1540185026587406,50,278,50,392028,213582,46979,60977,1.9784171329059987,0.22209069817416294
10046,0.1540265185702247,71,459,71,392487,213123,47050,60906,1.9741654007188114,0.22226114754277831
10047,0.1540289879221117,2,10,2,392497,213113,47052,60904,1.9740727703879357,0.2222635821865067
10048,0.1540306386498843,1,5,1,392502,213108,47053,60903,1.974026455222498,0.2222647995883377
10049,0.154032854189293,4,10,4,392512,213098,47057,60899,1.9739338248916225,0.22226155760829497
10050,0.1540348914495925,1,3,1,392515,213095,47058,60898,1.97390603579236,0.22226115265718469
10051,0.1540353256715826,2,10,2,392525,213085,47060,60896,1.9738134054614842,0.22226358762103943
10052,0.154035479852051,0,3,0,392528,213082,47060,60896,1.9737856163622216,0.22226602135937923
10053,0.1540386550345095,0,6,0,392534,213076,47060,60896,1.9737300381636964,0.2222708889959558
10054,0.1540412394615439,8,24,8,392558,213052,47068,60888,1.973507725369595,0.22226764985033218
10055,0.1540429685849694,0,5,0,392563,213047,47068,60888,1.9734614102041572,0.22227170679175717
10056,0.1540476486669378,0,1,0,392564,213046,47068,60888,1.9734521471710698,0.22227251819781407
10057,0.1540492499950909,0,5,0,392569,213041,47068,60888,1.973405832005632,0.22227657531696168
10058,0.1540496862946314,6,6,6,392575,213035,47074,60882,1.9733502538071066,0.2222644085617176
10059,0.1540526776990415,1,0,1,392575,213035,47075,60881,1.9733502538071066,0.22226156924020501
10060,0.1540547051478429,7,16,7,392591,213019,47082,60874,1.9732020452777057,0.22225467609613975
10061,0.1540556935796568,2,0,2,392591,213019,47084,60872,1.9732020452777057,0.22224899686371585
10062,0.1540579335848614,4,58,4,392649,212961,47088,60868,1.9726647893586275,0.22228471053102483
10063,0.1540607798459266,3,14,3,392663,212947,47091,60865,1.9725351068954018,0.22228755496472033
10064,0.1540616368744308,4,13,4,392676,212934,47095,60861,1.9724146874652637,0.22228674738399168
10065,0.1540620751264005,2,18,2,392694,212916,47097,60859,1.9722479528696877,0.22229568075974795
10066,0.1540672551024598,0,7,0,392701,212909,47097,60859,1.9721831116380748,0.22230136465912745
10067,0.1540695670573708,1,2,1,392703,212907,47098,60858,1.9721645855718997,0.22230014793709935
10068,0.1540708788518068,1,3,1,392706,212904,47099,60857,1.972136796472637,0.22229974320666568
10069,0.1540715942524121,0,3,0,392709,212901,47099,60857,1.9721090073733742,0.22230217929704338
10070,0.1540724777031887,1,1,1,392710,212900,47100,60856,1.9720997443402868,0.2223001504989845
10071,0.1540740087207177,2,8,2,392718,212892,47102,60854,1.9720256400755865,0.2223009651282576
10072,0.1540750177509849,0,5,0,392723,212887,47102,60854,1.9719793249101485,0.22230502555335152
10073,0.1540789382368204,0,8,0,392731,212879,47102,60854,1.9719052206454482,0.22231152254203915
10074,0.1540795812443519,2,8,2,392739,212871,47104,60852,1.9718311163807478,0.2223123376552208
10075,0.1540813286002949,1,6,1,392745,212865,47105,60851,1.9717755381822224,0.22231436963860352
10076,0.1540814913212171,0,1,0,392746,212864,47105,60851,1.971766275149135,0.2223151818497342
10077,0.1540829919974511,13,55,13,392801,212809,47118,60838,1.9712568083293194,0.22232291967388643
10078,0.1540845250461612,0,1,0,392802,212808,47118,60838,1.9712475452962317,0.22232373212106152
10079,0.1540870163269101,0,9,0,392811,212799,47118,60838,1.971164177998444,0.22233104441285353
10080,0.1540875077850562,0,5,0,392816,212794,47118,60838,1.971117862833006,0.22233510700502865
10081,0.1540914343369996,0,1,0,392817,212793,47118,60838,1.9711085997999185,0.22233591954128004
10082,0.1540936241266593,3,20,3,392837,212773,47121,60835,1.9709233391381673,0.2223436449226631
10083,0.1540937428606493,0,2,0,392839,212771,47121,60835,1.9709048130719924,0.22234527020606273
10084,0.1541006117340654,0,1,0,392840,212770,47121,60835,1.9708955500389047,0.22234608285667293
10085,0.1541035161760262,1,1,1,392841,212769,47122,60834,1.9708862870058173,0.2223440532450302
10086,0.1541070405871943,7,15,7,392856,212754,47129,60827,1.9707473415095038,0.22233634645680803
10087,0.1541074687659787,1,6,1,392862,212748,47130,60826,1.9706917633109786,0.2223383801092209
10088,0.1541077615927801,4,17,4,392879,212731,47134,60822,1.97053429174849,0.22234082609220152
10089,0.1541148412647048,0,1,0,392880,212730,47134,60822,1.9705250287154026,0.22234163888401473
10090,0.1541197301579987,0,1,0,392881,212729,47134,60822,1.9705157656823151,0.2223424516817705
10091,0.154121299242337,1,2,1,392883,212727,47135,60821,1.97049723961614,0.2223412344451431
10092,0.1541294943200047,66,409,66,393292,212318,47201,60755,1.9667086590833303,0.222486294873532
10093,0.1541316831738003,0,1,0,393293,212317,47201,60755,1.9666993960502428,0.2224871096267651
10094,0.15413588807968,0,4,0,393297,212313,47201,60755,1.9666623439178925,0.22249036869937158
10095,0.1541371246586097,0,9,0,393306,212304,47201,60755,1.9665789766201045,0.22249770196184707
10096,0.1541452610244035,69,432,69,393738,211872,47270,60686,1.962577346326281,0.2226535269557305
10097,0.1541454815734989,0,1,0,393739,211871,47270,60686,1.9625680832931935,0.22265434386201785
10098,0.1541456991711225,2,11,2,393750,211860,47272,60684,1.9624661899292304,0.22265762592462135
10099,0.1541462703441037,1,2,1,393752,211858,47273,60683,1.9624476638630552,0.22265640765976497
10100,0.1541474386899258,13,95,13,393847,211763,47286,60670,1.9615676757197378,0.22269695668292755
10101,0.1541484058797753,0,2,0,393849,211761,47286,60670,1.9615491496535626,0.2226985915699755
10102,0.1541488436107644,2,4,2,393853,211757,47288,60668,1.9615120975212124,0.22269615490501973
10103,0.1541511419794952,16,73,16,393926,211684,47304,60652,1.960835896105821,0.22271018154045003
10104,0.1541521525642569,0,1,0,393927,211683,47304,60652,1.9608266330727333,0.22271099932068958
10105,0.1541528641273516,1,13,1,393940,211670,47305,60651,1.9607062136425952,0.222718776737747
10106,0.1541530484120903,0,1,0,393941,211669,47305,60651,1.9606969506095075,0.2227195945945946
10107,0.154156075430889,3,18,3,393959,211651,47308,60648,1.9605302160139315,0.22272575367518793
10108,0.1541584468744822,2,12,2,393971,211639,47310,60646,1.960419059616881,0.22272986025671632
10109,0.1541588307999693,0,1,0,393972,211638,47310,60646,1.9604097965837934,0.2227306782624025
10110,0.1541589297723137,0,5,0,393977,211633,47310,60646,1.9603634814183557,0.22273476838096218
10111,0.1541606246264727,1,2,1,393979,211631,47311,60645,1.9603449553521806,0.2227335497803699
10112,0.1541623468535898,2,1,2,393980,211630,47313,60643,1.9603356923190929,0.22272865836862266
10113,0.1541626911743926,0,1,0,393981,211629,47313,60643,1.9603264292860054,0.222729476405947
10114,0.1541659724996941,0,3,0,393984,211626,47313,60643,1.9602986401867428,0.2227319305539742
10115,0.154166709819038,3,16,3,394000,211610,47316,60640,1.960150431657342,0.2227364554637282
10116,0.1541669060365943,0,1,0,394001,211609,47316,60640,1.9601411686242542,0.2227372735988011
10117,0.1541678833768709,0,2,0,394003,211607,47316,60640,1.960122642558079,0.22273890988697764
10118,0.1541679296007204,0,2,0,394005,211605,47316,60640,1.9601041164919042,0.2227405461991956
10119,0.1541685429425603,0,1,0,394006,211604,47316,60640,1.9600948534588165,0.22274136436432024
10120,0.1541688678710487,1,8,1,394014,211596,47317,60639,1.9600207491941162,0.22274505482395723
10121,0.1541719889635331,21,65,21,394079,211531,47338,60618,1.9594186520434251,0.22273827939841778
10122,0.1541729912291596,1,7,1,394086,211524,47339,60617,1.9593538108118123,0.22274115256429572
10123,0.1541730913657818,86,496,86,394582,211028,47425,60531,1.9547593464003854,0.22290183716982312
10124,0.1541742856532013,0,1,0,394583,211027,47425,60531,1.9547500833672977,0.22290265799571363
10125,0.1541781053051363,49,267,49,394850,210760,47474,60482,1.952276853532921,0.22298169162592812
10126,0.1541782240391263,4,26,4,394876,210734,47478,60478,1.9520360146726443,0.22299160804094215
10127,0.1541783981689271,0,2,0,394878,210732,47478,60478,1.9520174886064694,0.22299325246119242
10128,0.1541899740496125,0,3,0,394881,210729,47478,60478,1.9519896995072066,0.2229957191370429
10129,0.154197764423509,2,0,2,394881,210729,47480,60476,1.9519896995072066,0.22298998912261941
10130,0.1541993008235551,7,19,7,394900,210710,47487,60469,1.951813701878543,0.22298555566618358
10131,0.1542076443264765,0,1,0,394901,210709,47487,60469,1.9518044388454556,0.22298637795101373
10132,0.1542105157703609,0,2,0,394903,210707,47487,60469,1.9517859127792805,0.22298802253886774
10133,0.1542109623914751,1,2,1,394905,210705,47488,60468,1.9517673867131053,0.2229868017833634
10134,0.1542145459837666,5,17,5,394922,210688,47493,60463,1.951609915150617,0.22298645404221265
10135,0.1542145563968683,0,2,0,394924,210686,47493,60463,1.9515913890844419,0.2229880987943898
10136,0.1542149902018225,3,1,3,394925,210685,47496,60460,1.9515821260513542,0.22298032418078886
10137,0.154214994968255,0,5,0,394930,210680,47496,60460,1.9515358108859164,0.2229844360846795
10138,0.1542189994250691,158,966,158,395896,209714,47654,60302,1.942587720923339,0.22332750651813227
10139,0.1542199666149185,6,14,6,395910,209700,47660,60296,1.9424580384601133,0.22332182699002948
10140,0.1542204043459077,8,49,8,395959,209651,47668,60288,1.9420041498388232,0.22333934703766406
10141,0.1542211081512976,0,2,0,395961,209649,47668,60288,1.941985623772648,0.22334100178930638
10142,0.1542223425161887,5,23,5,395984,209626,47673,60283,1.9417725740116343,0.22334564612517552
10143,0.1542244923626386,0,2,0,395986,209624,47673,60283,1.9417540479454594,0.2233473011074185
10144,0.1542259561890269,0,5,0,395991,209619,47673,60283,1.9417077327800214,0.2233514386703322
10145,0.1542309848339257,0,10,0,396001,209609,47673,60283,1.941615102449146,0.2233597142560728
10146,0.1542313612360546,0,1,0,396002,209608,47673,60283,1.9416058394160585,0.22336054184837584
10147,0.154231524101476,0,1,0,396003,209607,47673,60283,1.9415965763829708,0.22336136944681168
10148,0.1542332567337294,0,2,0,396005,209605,47673,60283,1.9415780503167956,0.22336302466208205
10149,0.1542376983970764,2,8,2,396013,209597,47675,60281,1.9415039460520953,0.22336389035045465
10150,0.1542394441120142,5,24,5,396037,209573,47680,60276,1.941281633257994,0.22336936583052003
10151,0.154240428606192,7,51,7,396088,209522,47687,60269,1.9408092185705288,0.22339144004062403
10152,0.1542426994131816,2,15,2,396103,209507,47689,60267,1.9406702730742154,0.22339810359782633
10153,0.1542454001926784,0,1,0,396104,209506,47689,60267,1.940661010041128,0.22339893169442457
10154,0.1542488834980043,0,1,0,396105,209505,47689,60267,1.9406517470080402,0.22339975979716203
10155,0.1542489808233031,3,10,3,396115,209495,47692,60264,1.9405591166771647,0.22339940465378355
10156,0.1542509266143849,2,12,2,396127,209483,47694,60262,1.9404479602801141,0.2234035848671894
10157,0.1542567100087059,0,10,0,396137,209473,47694,60262,1.9403553299492386,0.22341186720299552
10158,0.1542604958501853,1,5,1,396142,209468,47695,60261,1.940309014783801,0.22341312947439837
10159,0.1542617058179905,0,1,0,396143,209467,47695,60261,1.9402997517507132,0.22341395776485942
10160,0.1542657538265344,0,1,0,396144,209466,47695,60261,1.9402904887176258,0.22341478606146215
10161,0.1542697406676348,0,2,0,396146,209464,47695,60261,1.9402719626514506,0.22341644267309296
10162,0.1542698470393506,0,6,0,396152,209458,47695,60261,1.9402163844529252,0.2234214126553932
10163,0.154271640865854,0,7,0,396159,209451,47695,60261,1.9401515432213123,0.22342721124755294
10164,0.1542750595918287,0,1,0,396160,209450,47695,60261,1.9401422801882249,0.22342803964243207
10165,0.154277253157438,0,1,0,396161,209449,47695,60261,1.9401330171551372,0.22342886804345408
10166,0.1542779222759755,2,3,2,396164,209446,47697,60259,1.9401052280558746,0.2234255946311711
10167,0.1542795387897227,2,4,2,396168,209442,47699,60257,1.9400681759235243,0.22342314951112166
10168,0.1542822456019859,8,59,8,396227,209383,47707,60249,1.9395216569713587,0.22344899715167338
10169,0.1542843658605414,0,1,0,396228,209382,47707,60249,1.9395123939382712,0.22344982587313772
10170,0.1542844541633955,0,2,0,396230,209380,47707,60249,1.939493867872096,0.2234514833345078
10171,0.1542845208951727,2,6,2,396236,209374,47709,60247,1.9394382896735707,0.22345069560605443
10172,0.1542865509369658,2,8,2,396244,209366,47711,60245,1.9393641854088703,0.22345156540348873
10173,0.1542906286016517,0,2,0,396246,209364,47711,60245,1.9393456593426952,0.22345322300071585
10174,0.1542906472706629,1,2,1,396248,209362,47712,60244,1.93932713327652,0.22345200032640222
10175,0.1542930600084714,2,0,2,396248,209362,47714,60242,1.93932713327652,0.22344623967003457
10176,0.1542967907198758,0,1,0,396249,209361,47714,60242,1.9393178702434326,0.223447068467339
10177,0.1542990271622435,19,90,19,396339,209271,47733,60223,1.9384841972655527,0.22346694175009463
10178,0.1543041084154231,3,16,3,396355,209255,47736,60220,1.9383359887361518,0.22347156508024862
10179,0.1543055257400948,0,2,0,396357,209253,47736,60220,1.9383174626699766,0.22347322366248196
10180,0.154307370239336,0,1,0,396358,209252,47736,60220,1.9383081996368892,0.22347405296283102
10181,0.1543088375591856,0,3,0,396361,209249,47736,60220,1.9382804105376263,0.22347654090080862
10182,0.1543089735411155,10,35,10,396396,209214,47746,60210,1.937956204379562,0.22347675040085516
10183,0.1543129468943043,0,1,0,396397,209213,47746,60210,1.9379469413464745,0.22347757986511915
10184,0.1543162849458016,8,41,8,396438,209172,47754,60202,1.9375671569898847,0.22348853267204705
10185,0.1543169719101665,2,2,2,396440,209170,47756,60200,1.9375486309237098,0.22348442662508816
10186,0.154320122752581,8,72,8,396512,209098,47764,60192,1.9368816925414059,0.22352111106985034
10187,0.1543257676720399,2,3,2,396515,209095,47766,60190,1.936853903442143,0.22351783426481237
10188,0.1543291665704094,1,7,1,396522,209088,47767,60189,1.9367890622105302,0.22352076114929978
10189,0.1543298813711553,5,40,5,396562,209048,47772,60184,1.936418540887028,0.22353954953348784
10190,0.1543319444474249,2,7,2,396569,209041,47774,60182,1.9363536996554152,0.22353959357112876
10191,0.1543369724284082,8,57,8,396626,208984,47782,60174,1.9358257067694247,0.22356385468758128
10192,0.1543378378475806,7,27,7,396653,208957,47789,60167,1.9355756048760606,0.22356608849452297
10193,0.1543413014027781,2,25,2,396678,208932,47791,60165,1.9353440290488717,0.22358108786051126
10194,0.1543424628686241,0,25,0,396703,208907,47791,60165,1.935112453221683,0.22360186121186895
10195,0.1543504902705891,0,1,0,396704,208906,47791,60165,1.9351031901885953,0.2236026922262154
10196,0.1543527909057696,1,0,1,396704,208906,47792,60164,1.9351031901885953,0.22359980674174007
10197,0.1543549958024965,1,3,1,396707,208903,47793,60163,1.9350754010893327,0.22359941427010474
10198,0.1543603554546849,0,2,0,396709,208901,47793,60163,1.9350568750231576,0.2236010763238486
10199,0.1543617264077159,0,1,0,396710,208900,47793,60163,1.9350476119900701,0.22360190735998633
10200,0.154361734335915,2,14,2,396724,208886,47795,60161,1.9349179295268442,0.22360777113292474
10201,0.1543664406472502,2,18,2,396742,208868,47797,60159,1.9347511949312683,0.22361696037944148
10202,0.1543666368648065,1,1,1,396743,208867,47798,60158,1.9347419318981807,0.22361490567791098
10203,0.1543670091845406,1,10,1,396753,208857,47799,60157,1.9346493015673052,0.22362033202732942
10204,0.1543687510843233,0,5,0,396758,208852,47799,60157,1.9346029864018675,0.22362448840001636
10205,0.1543727220573718,2,17,2,396775,208835,47801,60155,1.934445514839379,0.2236328488047883
10206,0.1543767175046052,0,1,0,396776,208834,47801,60155,1.9344362518062914,0.22363368018766566
10207,0.154377086475238,1,10,1,396786,208824,47802,60154,1.934343621475416,0.2236391080311401
10208,0.1543796329999935,0,4,0,396790,208820,47802,60154,1.9343065693430657,0.22364243384118912
10209,0.154381363399885,1,0,1,396790,208820,47803,60153,1.9343065693430657,0.22363954746387185
10210,0.1543830583526216,0,1,0,396791,208819,47803,60153,1.9342973063099782,0.2236403789242003
10211,0.1543836581178843,8,35,8,396826,208784,47811,60145,1.9339731001519138,0.223646389939352
10212,0.1543841964979416,5,6,5,396832,208778,47816,60140,1.9339175219533884,0.22363694509106866
10213,0.1543880416355973,1,3,1,396835,208775,47817,60139,1.9338897328541258,0.22363655295001375
10214,0.1543881225922801,1,7,1,396842,208768,47818,60138,1.933824891622513,0.22363948740452053
10215,0.1543909242284316,0,5,0,396847,208763,47818,60138,1.9337785764570752,0.22364364580273038
10216,0.1543947594337939,2,4,2,396851,208759,47820,60136,1.933741524324725,0.22364119823723014
10217,0.1543953820999226,0,9,0,396860,208750,47820,60136,1.9336581570269369,0.22364868382883452
10218,0.1543959729264862,0,2,0,396862,208748,47820,60136,1.9336396309607617,0.22365034736168757
10219,0.1543976528190017,1,11,1,396873,208737,47821,60135,1.9335377375967986,0.2236566098366509
10220,0.1544016635100442,1,5,1,396878,208732,47822,60134,1.9334914224313609,0.2236578816213281
10221,0.1544044042835623,0,2,0,396880,208730,47822,60134,1.9334728963651857,0.2236595453463461
10222,0.1544089563936528,0,8,0,396888,208722,47822,60134,1.9333987921004854,0.2236662004939447
10223,0.154411535463311,2,6,2,396894,208716,47824,60132,1.93334321390196,0.2236654168898411
10224,0.1544144439253103,3,17,3,396911,208699,47827,60129,1.9331857423394716,0.22367089737676135
10225,0.1544154573209366,1,4,1,396915,208695,47828,60128,1.9331486902071213,0.22367133764596037
10226,0.1544204798070536,0,5,0,396920,208690,47828,60128,1.9331023750416836,0.22367549792052616
10227,0.154420928559682,1,6,1,396926,208684,47829,60127,1.9330467968431584,0.2236776024790652
10228,0.1544239266515485,0,2,0,396928,208682,47829,60127,1.9330282707769832,0.2236792666912194
10229,0.1544247021957885,0,1,0,396929,208681,47829,60127,1.9330190077438956,0.22368009880658313
10230,0.1544265565376398,1,38,1,396967,208643,47830,60126,1.9326670124865686,0.2237088354683762
10231,0.1544322470190275,0,4,0,396971,208639,47830,60126,1.9326299603542183,0.22371216490242404
10232,0.1544323894444998,2,14,2,396985,208625,47832,60124,1.9325002778909925,0.22371804174155066
10233,0.1544343909157925,0,2,0,396987,208623,47832,60124,1.9324817518248176,0.22371970663858573
10234,0.154435460494457,3,4,3,396991,208619,47835,60121,1.9324446996924673,0.22371437076728437
10235,0.1544363166073612,1,5,1,396996,208614,47836,60120,1.9323983845270296,0.2237156444662752
10236,0.1544372746722695,1,3,1,396999,208611,47837,60119,1.9323705954277668,0.2237152532281472
10237,0.1544411501689766,1,2,1,397001,208609,47838,60118,1.9323520693615917,0.2237140294797322
10238,0.1544416588171019,0,1,0,397002,208608,47838,60118,1.9323428063285042,0.223714861978372
10239,0.1544427598779172,0,4,0,397006,208604,47838,60118,1.932305754196154,0.22371819203489107
10240,0.1544451686752019,0,10,0,397016,208594,47838,60118,1.9322131238652784,0.2237265176099318
10241,0.1544454854017387,2,20,2,397036,208574,47840,60116,1.9320278632035273,0.22373739253414715
10242,0.1544462075861928,0,8,0,397044,208566,47840,60116,1.931953758938827,0.22374405430955555
10243,0.1544472015412642,2,9,2,397053,208557,47842,60114,1.931870391641039,0.2237457708498498
10244,0.1544496478730959,0,4,0,397057,208553,47842,60114,1.9318333395086886,0.22374910204826048
10245,0.1544505431482966,3,14,3,397071,208539,47845,60111,1.9317036570454629,0.22375209380234506
10246,0.1544546287911953,3,8,3,397079,208531,47848,60108,1.9316295527807625,0.22375008840860783
10247,0.1544619320840364,0,6,0,397085,208525,47848,60108,1.9315739745822371,0.22375508593508617
10248,0.1544663201689372,3,20,3,397105,208505,47851,60105,1.9313887139204862,0.22376307657942743
10249,0.1544668659487377,1,5,1,397110,208500,47852,60104,1.9313423987550484,0.22376435198284464
10250,0.1544675336616295,1,23,1,397133,208477,47853,60103,1.9311293489940347,0.22378062402263757
10251,0.1544713716940662,4,23,4,397156,208454,47857,60099,1.9309162992330209,0.22378822802202916
10252,0.1544746894217757,9,59,9,397215,208395,47866,60090,1.9303697802808553,0.2238113861109559
10253,0.1544752062040851,1,1,1,397216,208394,47867,60089,1.9303605172477676,0.2238093287098252
10254,0.1544755724931162,0,1,0,397217,208393,47867,60089,1.9303512542146801,0.22381016232000656
10255,0.1544758879733192,0,1,0,397218,208392,47867,60089,1.9303419911815924,0.22381099593639772
10256,0.1544776531041877,2,16,2,397234,208376,47869,60087,1.9301937826521915,0.22381855227722255
10257,0.1544827365510174,0,1,0,397235,208375,47869,60087,1.930184519619104,0.22381938598386364
10258,0.1544828738211435,2,2,2,397237,208373,47871,60085,1.930165993552929,0.22381527091761094
10259,0.1544840966887536,2,1,2,397238,208372,47873,60083,1.9301567305198415,0.22381032202790038
10260,0.1544854780315507,0,14,0,397252,208358,47873,60083,1.9300270480566157,0.22382199440472952
10261,0.1544903780988751,1,10,1,397262,208348,47874,60082,1.92993441772574,0.22382744104608276
10262,0.1544924923183919,2,8,2,397270,208340,47876,60080,1.9298603134610397,0.22382832873854408
10263,0.154492856246768,0,8,0,397278,208332,47876,60080,1.9297862091963391,0.2238349999254877
10264,0.1544939573075833,1,2,1,397280,208330,47877,60079,1.9297676831301642,0.22383377606563118
10265,0.1544956759189001,11,52,11,397332,208278,47888,60068,1.9292860054096113,0.22384533400907783
10266,0.1544957686410153,0,1,0,397333,208277,47888,60068,1.9292767423765238,0.22384616817902328
10267,0.1544990578749786,2,7,2,397340,208270,47890,60066,1.929211901144911,0.22384622264623458
10268,0.1545002051552655,0,1,0,397341,208269,47890,60066,1.9292026381118232,0.22384705685057857
10269,0.1545023910941884,0,3,0,397344,208266,47890,60066,1.9291748490125606,0.22384955950091678
10270,0.154505790375176,0,10,0,397354,208256,47890,60066,1.9290822186816852,0.2238579020728826
10271,0.1545073863306634,1,2,1,397356,208254,47891,60065,1.92906369261551,0.22385667805857953
10272,0.1545096982855744,1,2,1,397358,208252,47892,60064,1.9290451665493349,0.22385545401690543
10273,0.1545142627650928,0,1,0,397359,208251,47892,60064,1.9290359035162474,0.22385628831783538
10274,0.1545149603683147,0,1,0,397360,208250,47892,60064,1.9290266404831597,0.22385712262498417
10275,0.1545151345660928,1,0,1,397360,208250,47893,60063,1.9290266404831597,0.2238542299478594
10276,0.1545154205229436,0,4,0,397364,208246,47893,60063,1.9289895883508097,0.223857567207958
10277,0.1545170461368819,24,119,24,397483,208127,47917,60039,1.9278872874133905,0.22388744285256149
10278,0.1545188720942694,5,12,5,397495,208115,47922,60034,1.92777613101634,0.2238829904269641
10279,0.1545195674906583,64,420,64,397915,207695,47986,59970,1.9238856571195673,0.2240487176134347
10280,0.1545211208853457,1,6,1,397921,207689,47987,59969,1.9238300789210419,0.22405084099858774
10281,0.1545214558434632,1,4,1,397925,207685,47988,59968,1.9237930267886918,0.22405129029003973
10282,0.1545219608984785,0,4,0,397929,207681,47988,59968,1.9237559746563415,0.22405463872459827
10283,0.1545220242928553,9,35,9,397964,207646,47997,59959,1.9234317684982771,0.22405784645279422
10284,0.1545221038834398,82,498,82,398462,207148,48079,59877,1.9188187780206751,0.22423743095215803
10285,0.1545252672789079,0,1,0,398463,207147,48079,59877,1.9188095149875875,0.2242382707172389
10286,0.1545259350413572,0,3,0,398466,207144,48079,59877,1.9187817258883249,0.22424079005022077
10287,0.1545281474527916,0,9,0,398475,207135,48079,59877,1.9186983585905368,0.22424834838883645
10288,0.1545284023209909,4,16,4,398491,207119,48083,59873,1.918550150061136,0.22425016479894527
10289,0.1545293609454839,0,4,0,398495,207115,48083,59873,1.9185130979287859,0.22425352450297392
10290,0.1545297464768019,1,1,1,398496,207114,48084,59872,1.9185038348956982,0.2242514588779936
10291,0.1545304799612404,0,3,0,398499,207111,48084,59872,1.9184760457964356,0.22425397871774608
10292,0.1545334928191797,8,58,8,398557,207053,48092,59864,1.9179387898773574,0.2242794576591225
10293,0.154539705895642,1,9,1,398566,207044,48093,59863,1.9178554225795694,0.2242841139423095
10294,0.1545431777236833,1,4,1,398570,207040,48094,59862,1.9178183704472191,0.22428456886797402
10295,0.1545459409712352,0,1,0,398571,207039,48094,59862,1.9178091074141317,0.22428540919666842
10296,0.1545521664083579,14,85,14,398656,206954,48108,59848,1.9170217496016895,0.22431615954902887
10297,0.154557038766694,8,37,8,398693,206917,48116,59840,1.9166790173774502,0.22432401024153067
10298,0.1545571146260276,2,6,2,398699,206911,48118,59838,1.9166234391789247,0.22432324019958838
10299,0.1545600536715931,0,5,0,398704,206906,48118,59838,1.916577124013487,0.22432744504093813
10300,0.1545609637594472,1,6,1,398710,206900,48119,59837,1.9165215458149616,0.22432958307246464
10301,0.1545610333118048,1,8,1,398718,206892,48120,59836,1.9164474415502613,0.22433340331723703
10302,0.1545648914030453,2,7,2,398725,206885,48122,59834,1.9163826003186484,0.22433347455561847
10303,0.1545676407977523,0,3,0,398728,206882,48122,59834,1.9163548112193858,0.22433599784039954
10304,0.1545702511386741,0,3,0,398731,206879,48122,59834,1.916327022120123,0.22433852118194464
10305,0.1545713603954823,0,1,0,398732,206878,48122,59834,1.9163177590870355,0.22433936230840756
10306,0.1545727309714212,1,7,1,398739,206871,48123,59833,1.9162529178554226,0.2243423420721099
10307,0.1545756287386771,0,2,0,398741,206869,48123,59833,1.9162343917892475,0.2243440244167648
10308,0.154578317878373,3,18,3,398759,206851,48126,59830,1.9160676571936714,0.22435044116378744
10309,0.1545802498194923,0,7,0,398766,206844,48126,59830,1.9160028159620586,0.22435633020091947
10310,0.1545865529213617,0,2,0,398768,206842,48126,59830,1.9159842898958834,0.22435801283974321
10311,0.1545902753989584,1,0,1,398768,206842,48127,59829,1.9159842898958834,0.22435510422955626
10312,0.1545911368239997,4,8,4,398776,206834,48131,59825,1.915910185631183,0.22435020006825196
10313,0.1545912509277082,0,2,0,398778,206832,48131,59825,1.915891659565008,0.2243518827557499
10314,0.1545938348984087,6,34,6,398812,206798,48137,59819,1.915576716440031,0.22436303761575593
10315,0.1545938927051154,3,13,3,398825,206785,48140,59816,1.915456297009893,0.2243652499427984
10316,0.1545951127435889,7,22,7,398847,206763,48147,59809,1.9152525102819666,0.22436339900664737
10317,0.1545951129281348,5,30,5,398877,206733,48152,59804,1.9149746192893402,0.22437410190705231
10318,0.154595320103034,0,3,0,398880,206730,48152,59804,1.9149468301900774,0.22437662737211764
10319,0.1545974233652078,0,1,0,398881,206729,48152,59804,1.91493756715699,0.22437746920643972
10320,0.1545997081879349,25,130,25,399011,206599,48177,59779,1.9137333728556079,0.22441417834806177
10321,0.1546009216806272,3,15,3,399026,206584,48180,59776,1.9135944273592946,0.22441808079291184
10322,0.1546013943382564,6,22,6,399048,206562,48186,59770,1.9133906406313683,0.22441914602826546
10323,0.1546056020638227,5,15,5,399063,206547,48191,59765,1.913251695135055,0.22441722490912913
10324,0.1546063449127149,0,1,0,399064,206546,48191,59765,1.9132424321019674,0.22441806759765837
10325,0.1546065904675583,2,46,2,399110,206500,48193,59763,1.9128163325799399,0.22445101272050566
10326,0.1546101483598952,0,1,0,399111,206499,48193,59763,1.9128070695468524,0.22445185569101112
10327,0.1546114664916533,0,2,0,399113,206497,48193,59763,1.9127885434806773,0.2244535416510178
10328,0.1546126238521523,0,2,0,399115,206495,48193,59763,1.9127700174145021,0.2244552276363527
10329,0.1546134073335696,6,11,6,399126,206484,48199,59757,1.9126681240505392,0.22444702356135982
10330,0.1546136879837941,4,25,4,399151,206459,48203,59753,1.9124365482233503,0.22445644824425645
10331,0.1546151881491488,0,6,0,399157,206453,48203,59753,1.9123809700248249,0.22446150725378092
10332,0.1546188660505483,1,0,1,399157,206453,48204,59752,1.9123809700248249,0.22445859394075995
10333,0.1546249915584452,3,4,3,399161,206449,48207,59749,1.9123439178924748,0.224453226545654
10334,0.1546264348665289,19,76,19,399237,206373,48226,59730,1.9116399273778206,0.22446195646046832
10335,0.1546365859903168,1,3,1,399240,206370,48227,59729,1.911612138278558,0.22446157257261395
10336,0.1546373204800661,0,1,0,399241,206369,48227,59729,1.9116028752454703,0.22446241610233825
10337,0.1546390414825522,2,6,2,399247,206363,48229,59727,1.9115472970469451,0.22446164831448007
10338,0.1546411319155108,0,3,0,399250,206360,48229,59727,1.9115195079476823,0.22446417900912108
10339,0.1546440071698597,0,1,0,399251,206359,48229,59727,1.9115102449145949,0.2244650225866825
10340,0.1546441296018212,0,2,0,399253,206357,48229,59727,1.9114917188484197,0.22446670976082742
10341,0.1546457157365252,0,1,0,399254,206356,48229,59727,1.9114824558153323,0.22446755335741103
10342,0.1546469855346425,1,2,1,399256,206354,48230,59726,1.9114639297491571,0.22446632591701743
10343,0.1546546127190102,3,12,3,399268,206342,48233,59723,1.9113527733521065,0.22446770525999285
10344,0.1546581054629281,0,3,0,399271,206339,48233,59723,1.9113249842528437,0.22447023626072118
10345,0.1546581136565049,0,9,0,399280,206330,48233,59723,1.9112416169550557,0.22447782960537938
10346,0.1546590349409153,0,1,0,399281,206329,48233,59723,1.9112323539219682,0.22447867334205343
10347,0.1546599563073064,0,1,0,399282,206328,48233,59723,1.9112230908888808,0.22447951708507016
10348,0.1546624448508721,3,2,3,399284,206326,48236,59720,1.9112045648227056,0.224472459649835
10349,0.1546635004723469,0,5,0,399289,206321,48236,59720,1.9111582496572679,0.22447667840671176
10350,0.154666032115728,3,16,3,399305,206305,48239,59717,1.911010041127867,0.22448143386637195
10351,0.1546668808381773,24,125,24,399430,206180,48263,59693,1.9098521619919226,0.22451696862787873
10352,0.1546712598819576,2,2,2,399432,206178,48265,59691,1.9098336359257475,0.22451282398474437
10353,0.1546736198622454,0,7,0,399439,206171,48265,59691,1.9097687946941346,0.22451873528371863
10354,0.1546749370322974,0,3,0,399442,206168,48265,59691,1.909741005594872,0.22452126879285636
10355,0.1546759076424265,37,215,37,399657,205953,48302,59654,1.9077494534810477,0.22459498431893737
10356,0.1546768283960501,0,2,0,399659,205951,48302,59654,1.9077309274148728,0.22459667551439166
10357,0.1546797989697979,2,7,2,399666,205944,48304,59652,1.90766608618326,0.2245967559752406
10358,0.1546823766348636,3,25,3,399691,205919,48307,59649,1.907434510356071,0.22460913965538018
10359,0.1546831053502273,4,5,4,399696,205914,48311,59645,1.9073881951906333,0.22460168926679194
10360,0.1546870545611654,1,5,1,399701,205909,48312,59644,1.9073418800251956,0.2246029982715315
10361,0.1546875845481214,5,15,5,399716,205894,48317,59639,1.9072029345288821,0.22460108536415435
10362,0.1546898105187679,0,1,0,399717,205893,48317,59639,1.9071936714957947,0.22460193121732974
10363,0.1546904267856916,14,58,14,399775,205835,48331,59625,1.9066564155767165,0.22461011075114895
10364,0.154694169637599,0,5,0,399780,205830,48331,59625,1.9066101004112788,0.22461434141379896
10365,0.1546941825149759,1,9,1,399789,205821,48332,59624,1.9065267331134907,0.22461903595848481
10366,0.1546949268256121,2,3,2,399792,205818,48334,59622,1.906498944014228,0.22461573236889693
10367,0.1547014167064279,3,2,3,399794,205816,48337,59619,1.906480417948053,0.22460866125416767
10368,0.1547023593909558,1,3,1,399797,205813,48338,59618,1.9064526288487902,0.2246082786110138
10369,0.1547068674000419,1,8,1,399805,205805,48339,59617,1.9063785245840899,0.22461212710325443
10370,0.1547104606153472,3,3,3,399808,205802,48342,59614,1.9063507354848273,0.22460590167887393
10371,0.1547109993214816,1,17,1,399825,205785,48343,59613,1.9061932639223387,0.22461736712409286
10372,0.1547128966992058,1,1,1,399826,205784,48344,59612,1.9061840008892512,0.22461529186574025
10373,0.1547135875704383,0,2,0,399828,205782,48344,59612,1.906165474823076,0.2246169845588069
10374,0.1547138606797604,0,1,0,399829,205781,48344,59612,1.9061562117899886,0.22461783091490733
10375,0.1547142518549283,1,5,1,399834,205776,48345,59611,1.9061098966245507,0.2246191411033698
10376,0.1547151513511558,1,6,1,399840,205770,48346,59610,1.9060543184260255,0.2246212977617002
10377,0.1547188018307666,4,31,4,399871,205739,48350,59606,1.9057671644003111,0.22463585143869302
10378,0.1547286716665659,1,0,1,399871,205739,48351,59605,1.9057671644003111,0.22463292932947418
10379,0.1547349072590619,0,3,0,399874,205736,48351,59605,1.9057393753010485,0.22463546907564227
10380,0.1547377944589253,0,4,0,399878,205732,48351,59605,1.9057023231686983,0.22463885549320298
10381,0.1547388820446129,0,3,0,399881,205729,48351,59605,1.9056745340694357,0.22464139537337846
10382,0.1547393184150358,2,6,2,399887,205723,48353,59603,1.9056189558709105,0.22464063077120222
10383,0.1547422258056009,9,16,9,399903,205707,48362,59594,1.9054707473415096,0.22462787550744248
10384,0.1547425866414051,2,20,2,399923,205687,48364,59592,1.9052854866797584,0.22463896501419262
10385,0.1547440928038282,1,2,1,399925,205685,48365,59591,1.9052669606135832,0.2246377357921561
10386,0.1547444374857834,5,25,5,399950,205660,48370,59586,1.9050353847863946,0.22464429246812392
10387,0.1547451805973887,3,19,3,399969,205641,48373,59583,1.9048593871577308,0.22465161523843996
10388,0.1547549166554046,0,1,0,399970,205640,48373,59583,1.9048501241246434,0.22465246226760122
10389,0.1547550308069659,2,2,2,399972,205638,48375,59581,1.9048315980584682,0.2246483095102538
10390,0.154755391905379,1,7,1,399979,205631,48376,59580,1.9047667568268554,0.22465131536776378
10391,0.1547557410604345,4,8,4,399987,205623,48380,59576,1.904692652562155,0.22464639761085073
10392,0.154757582381474,6,26,6,400013,205597,48386,59570,1.9044518137018784,0.2246508803885853
10393,0.1547586993997109,0,1,0,400014,205596,48386,59570,1.904442550668791,0.2246517275970524
10394,0.1547639312378602,1,1,1,400015,205595,48387,59569,1.9044332876357035,0.22464965078215746
10395,0.1547648294503029,2,24,2,400039,205571,48389,59567,1.904210974841602,0.22466413716630584
10396,0.154765116891926,0,6,0,400045,205565,48389,59567,1.9041553966430769,0.22466922136897846
10397,0.1547671285790443,1,0,1,400045,205565,48390,59566,1.9041553966430769,0.22466629703806798
10398,0.154770280143917,5,34,5,400079,205531,48395,59561,1.9038404535181,0.22468048828331297
10399,0.1547704619234717,1,2,1,400081,205529,48396,59560,1.9038219274519248,0.22467925866407132
10400,0.1547760888363855,0,1,0,400082,205528,48396,59560,1.9038126644188373,0.22468010622887494
10401,0.154779408004089,20,43,20,400125,205485,48416,59540,1.9034143539960724,0.22465805112725215
10402,0.1547809567922795,0,2,0,400127,205483,48416,59540,1.9033958279298973,0.22465974651256684
10403,0.1547842729378483,15,109,15,400236,205374,48431,59525,1.902386157323354,0.22470828504448864
10404,0.1547848194818298,9,30,9,400266,205344,48440,59516,1.9021082663307274,0.22470739258476177
10405,0.1547908676522119,1,8,1,400274,205336,48441,59515,1.9020341620660268,0.22471125274210782
10406,0.1547916595435212,3,10,3,400284,205326,48444,59512,1.9019415317351513,0.2247109553764943
10407,0.1547945472748519,0,1,0,400285,205325,48444,59512,1.9019322687020639,0.22471180386426368
10408,0.1547975861020436,0,5,0,400290,205320,48444,59512,1.901885953536626,0.22471604639922668
10409,0.1547976927481635,1,8,1,400298,205312,48445,59511,1.9018118492719256,0.2247199072588106
10410,0.1547980687489152,0,6,0,400304,205306,48445,59511,1.9017562710734002,0.2247249987727374
10411,0.1547983418582373,0,2,0,400306,205304,48445,59511,1.9017377450072253,0.2247266959953175
10412,0.1547989699868302,0,5,0,400311,205299,48445,59511,1.9016914298417873,0.22473093916392886
10413,0.1547995297378841,1,0,1,400311,205299,48446,59510,1.9016914298417873,0.22472801151018282
10414,0.1548002324017092,3,6,3,400317,205293,48449,59507,1.901635851643262,0.22472432024169184
10415,0.1548005712311104,1,0,1,400317,205293,48450,59506,1.901635851643262,0.22472139245238842
10416,0.1548022947884879,7,26,7,400343,205267,48457,59499,1.9013950127829857,0.22472296291819946
10417,0.1548027311589108,3,20,3,400363,205247,48460,59496,1.9012097521212346,0.22473115436479907
10418,0.1548029191977683,2,5,2,400368,205242,48462,59494,1.9011634369557968,0.22472954188323463
10419,0.1548048236059619,0,4,0,400372,205238,48462,59494,1.9011263848234465,0.2247329374612816
10420,0.1548084432384593,3,7,3,400379,205231,48465,59491,1.9010615435918337,0.22473009421204132
10421,0.1548093690228965,0,6,0,400385,205225,48465,59491,1.9010059653933085,0.22473518789948474
10422,0.1548104177428509,0,2,0,400387,205223,48465,59491,1.9009874393271333,0.2247368858466118
10423,0.1548144839990984,1,7,1,400394,205216,48466,59490,1.9009225980955204,0.22473990011559994
10424,0.1548189631969924,2,3,2,400397,205213,48468,59488,1.9008948089962578,0.2247365895859857
10425,0.1548202829221915,12,31,12,400428,205182,48480,59476,1.9006076549705435,0.2247277618662576
10426,0.1548220143343894,1,10,1,400438,205172,48481,59475,1.900515024639668,0.22473332401274151
10427,0.1548223342440136,0,1,0,400439,205171,48481,59475,1.9005057616065804,0.22473417319740333
10428,0.1548251001585815,1,1,1,400440,205170,48482,59474,1.900496498573493,0.22473209292483487
10429,0.1548268134419076,2,17,2,400457,205153,48484,59472,1.9003390270110045,0.22474067076051016
10430,0.1548269526405223,16,52,16,400509,205101,48500,59456,1.8998573492904516,0.22473795817158496
10431,0.1548302601348542,4,7,4,400516,205094,48504,59452,1.8997925080588387,0.22473218268278486
10432,0.1548303940266594,4,9,4,400525,205085,48508,59448,1.899709140761051,0.22472810575618166
10433,0.1548319114031945,0,2,0,400527,205083,48508,59448,1.8996906146948758,0.2247298048243873
10434,0.1548346664673695,2,19,2,400546,205064,48510,59446,1.899514617066212,0.22474008544100413
10435,0.1548350057449394,0,2,0,400548,205062,48510,59446,1.8994960910000371,0.22474178474753126
10436,0.1548379278670335,0,1,0,400549,205061,48510,59446,1.8994868279669495,0.2247426344104315
10437,0.154837993088997,3,6,3,400555,205055,48513,59443,1.8994312497684243,0.22473893942487277
10438,0.1548412030222974,0,1,0,400556,205054,48513,59443,1.8994219867353366,0.22473978910913922
10439,0.1548443370724275,2,5,2,400561,205049,48515,59441,1.8993756715698988,0.2247381753563462
10440,0.1548465311417176,0,4,0,400565,205045,48515,59441,1.8993386194375486,0.2247415742232103
10441,0.154846923705726,0,3,0,400568,205042,48515,59441,1.899310830338286,0.22474412344082606
10442,0.1548480495015125,0,1,0,400569,205041,48515,59441,1.8993015673051985,0.2247449731928827
10443,0.1548482322257049,71,261,71,400830,204780,48586,59370,1.8968839156693467,0.22475865985235663
10444,0.1548487454162631,0,1,0,400831,204779,48586,59370,1.8968746526362592,0.2247595107306861
10445,0.1548498620263655,0,5,0,400836,204774,48586,59370,1.8968283374708215,0.22476376521897146
10446,0.1548603719411788,1,5,1,400841,204769,48587,59369,1.8967820223053837,0.2247650849177324
10447,0.154860732287871,0,6,0,400847,204763,48587,59369,1.8967264441068583,0.22477019066224463
10448,0.1548651063827865,0,3,0,400850,204760,48587,59369,1.8966986550075957,0.224772743621488
10449,0.1548652582712014,1,12,1,400862,204748,48588,59368,1.896587498610545,0.22478002089990762
10450,0.1548660470463472,1,4,1,400866,204744,48589,59367,1.8965504464781948,0.22478049002124106
10451,0.1548663020941134,0,3,0,400869,204741,48589,59367,1.8965226573789322,0.224783043300468
10452,0.1548668929296483,1,5,1,400874,204736,48590,59366,1.8964763422134945,0.22478436361708734
10453,0.1548779942455579,1,0,1,400874,204736,48591,59365,1.8964763422134945,0.22478142831719683
10454,0.1548782784113189,0,5,0,400879,204731,48591,59365,1.8964300270480565,0.22478568399369925
10455,0.1548802097849666,2,8,2,400887,204723,48593,59363,1.8963559227833562,0.22478662253962725
10456,0.154881925976431,0,2,0,400889,204721,48593,59363,1.896337396717181,0.2247883249269172
10457,0.1548820672805205,15,70,15,400959,204651,48608,59348,1.8956889844010523,0.22480388183288574
10458,0.154882431917357,23,62,23,401021,204589,48631,59325,1.8951146763496238,0.22478913585486182
10459,0.1548828911061208,1,3,1,401024,204586,48632,59324,1.8950868872503612,0.22478875374180593
10460,0.1548921727532315,3,9,3,401033,204577,48635,59321,1.8950035199525732,0.2247876073331363
10461,0.1548927113079749,1,8,1,401041,204569,48636,59320,1.8949294156878729,0.2247914842983224
10462,0.1548938502013735,2,25,2,401066,204544,48638,59318,1.894697839860684,0.22480690664059244
10463,0.1548943076621473,1,13,1,401079,204531,48639,59317,1.8945774204305459,0.224815045025924
10464,0.1548944395621741,8,17,8,401096,204514,48647,59309,1.8944199488680573,0.22480602525177865
10465,0.1548977261339426,1,7,1,401103,204507,48648,59308,1.8943551076364444,0.22480905179766125
10466,0.1549025717209715,2,7,2,401110,204500,48650,59306,1.8942902664048316,0.22480914004988514
10467,0.1549036727817868,0,4,0,401114,204496,48650,59306,1.8942532142724813,0.22481254880554355
10468,0.1549044151902538,1,3,1,401117,204493,48651,59305,1.8942254251732187,0.22481216688526828
10469,0.1549064955128663,4,32,4,401149,204461,48655,59301,1.893929008114417,0.22482768556501695
10470,0.15490827552883,0,2,0,401151,204459,48655,59301,1.893910482048242,0.22482939035486807
10471,0.1549087201709429,0,2,0,401153,204457,48655,59301,1.8938919559820668,0.22483109517057304
10472,0.1549115874704917,7,32,7,401185,204425,48662,59294,1.893595538923265,0.2248378008410467
10473,0.154912754726724,0,1,0,401186,204424,48662,59294,1.8935862758901776,0.22483865341008197
10474,0.1549129172587391,0,5,0,401191,204419,48662,59294,1.8935399607247396,0.22484291635224657
10475,0.1549163925816714,9,29,9,401220,204390,48671,59285,1.8932713327652007,0.22484118706741255
10476,0.1549169727633782,0,3,0,401223,204387,48671,59285,1.893243543665938,0.2248437452592615
10477,0.1549175006705266,0,3,0,401226,204384,48671,59285,1.8932157545666752,0.2248463035093242
10478,0.1549177582550682,0,2,0,401228,204382,48671,59285,1.8931972285005,0.2248480090417079
10479,0.1549183737342035,0,6,0,401234,204376,48671,59285,1.893141650301975,0.22485312579410682
10480,0.1549214339822321,7,17,7,401251,204359,48678,59278,1.8929841787394865,0.2248470434726537
10481,0.1549217693091796,1,19,1,401270,204340,48679,59277,1.8928081811108228,0.2248603087054325
10482,0.1549222374529623,7,13,7,401283,204327,48686,59270,1.8926877616806848,0.22485081393187328
10483,0.1549224090455105,4,19,4,401302,204308,48690,59266,1.8925117640520213,0.22485525886468316
10484,0.1549232135298367,0,1,0,401303,204307,48690,59266,1.8925025010189336,0.22485611196898014
10485,0.1549232680590012,0,1,0,401304,204306,48690,59266,1.8924932379858461,0.2248569650797505
10486,0.154925087359726,0,1,0,401305,204305,48690,59266,1.8924839749527584,0.22485781819699435
10487,0.1549285191266615,1,39,1,401344,204266,48691,59265,1.892122716662344,0.22488815357586014
10488,0.1549286441211036,1,1,1,401345,204265,48692,59264,1.8921134536292563,0.2248860656701919
10489,0.1549288182509045,6,59,6,401404,204206,48698,59258,1.8915669346770907,0.2249187744815231
10490,0.1549303486357013,0,6,0,401410,204200,48698,59258,1.8915113564785653,0.22492389678810285
10491,0.1549319326763221,8,34,8,401444,204166,48706,59250,1.8911964133535886,0.22492938925501868
10492,0.1549321138532702,0,6,0,401450,204160,48706,59250,1.8911408351550631,0.22493451273679815
10493,0.1549322930230142,15,64,15,401514,204096,48721,59235,1.8905480010374598,0.22494503115850395
10494,0.15493322659474,1,3,1,401517,204093,48722,59234,1.890520211938197,0.22494465056754528
10495,0.1549344495982846,1,5,1,401522,204088,48723,59233,1.8904738967727592,0.22494597848253653
10496,0.1549345697653537,0,3,0,401525,204085,48723,59233,1.8904461076734966,0.22494854130746852
10497,0.1549353264358197,0,1,0,401526,204084,48723,59233,1.890436844640409,0.224949395595423
10498,0.1549357025797967,1,6,1,401532,204078,48724,59232,1.8903812664418838,0.22495157798792298
10499,0.1549381988806165,1,7,1,401539,204071,48725,59231,1.8903164252102709,0.22495461485290655
10500,0.1549427568214615,1,14,1,401553,204057,48726,59230,1.8901867427470451,0.22496363284172785
10501,0.1549438236320404,0,5,0,401558,204052,48726,59230,1.8901404275816074,0.2249679051359379
10502,0.1549453387203061,9,36,9,401594,204016,48735,59221,1.8898069583904553,0.22497217336468658
10503,0.1549488215592236,1,0,1,401594,204016,48736,59220,1.8898069583904553,0.22496922913279338
10504,0.1549495549807012,2,0,2,401594,204016,48738,59218,1.8898069583904553,0.22496334060189793
10505,0.1549507684733936,0,1,0,401595,204015,48738,59218,1.8897976953573679,0.22496419521868458
10506,0.1549517705201099,9,41,9,401636,203974,48747,59209,1.889417911000778,0.2249727376008329
10507,0.1549573678092035,3,7,3,401643,203967,48750,59206,1.8893530697691652,0.2249698867285018
10508,0.1549617716694573,2,8,2,401651,203959,48752,59204,1.8892789655044648,0.22497083556579003
10509,0.1549632125288795,0,1,0,401652,203958,48752,59204,1.8892697024713772,0.22497169044162912
10510,0.1549659844648466,11,41,11,401693,203917,48763,59193,1.8888899181147876,0.22497434533085023
10511,0.1549670855256618,2,15,2,401708,203902,48765,59191,1.8887509726184741,0.22498128038374263
10512,0.1549687128433147,0,2,0,401710,203900,48765,59191,1.888732446552299,0.2249829906762299
10513,0.154972132914818,1,5,1,401715,203895,48766,59190,1.8886861313868613,0.22498432065682195
10514,0.1549797832881048,7,56,7,401771,203839,48773,59183,1.8881674015339582,0.22501159598816828
10515,0.154980172315333,2,9,2,401780,203830,48775,59181,1.8880840342361702,0.22501340248126503
10516,0.1549812912559886,1,2,1,401782,203828,48776,59180,1.888065508169995,0.2250121669302835
10517,0.1549825899738429,0,2,0,401784,203826,48776,59180,1.8880469821038202,0.2250138780103876
10518,0.154982938229901,5,13,5,401797,203813,48781,59175,1.8879265626736819,0.2250102666281351
10519,0.1549846515132271,3,28,3,401825,203785,48784,59172,1.8876671977472304,0.2250253843784345
10520,0.1549958202746557,1,9,1,401834,203776,48785,59171,1.8875838304494423,0.22503013915351763
10521,0.1549973984372161,4,33,4,401867,203743,48789,59167,1.887278150357553,0.22504659389144574
10522,0.1550002339203907,1,5,1,401872,203738,48790,59166,1.8872318351921153,0.2250479262392356
10523,0.1550046263969786,0,1,0,401873,203737,48790,59166,1.8872225721590277,0.22504878225048783
10524,0.1550051148283126,0,2,0,401875,203735,48790,59166,1.8872040460928527,0.22505049429252835
10525,0.155006130500497,5,22,5,401897,203713,48795,59161,1.8870002593649264,0.22505458889049507
10526,0.1550076947083137,3,8,3,401905,203705,48798,59158,1.886926155100226,0.22505259393676555
10527,0.1550081010091101,0,1,0,401906,203704,48798,59158,1.8869168920671384,0.22505345009929165
10528,0.1550096785069053,1,3,1,401909,203701,48799,59157,1.8868891029678758,0.225053070479118
10529,0.1550122343030986,2,5,2,401914,203696,48801,59155,1.886842787802438,0.22505145500682897
10530,0.1550135517027241,0,1,0,401915,203695,48801,59155,1.8868335247693504,0.22505231120410882
10531,0.1550231131948706,5,11,5,401926,203684,48806,59150,1.8867316314053875,0.2250469878326244
10532,0.1550234846268841,2,2,2,401928,203682,48808,59148,1.8867131053392123,0.22504280333295285
10533,0.1550241401654329,1,2,1,401930,203680,48809,59147,1.8866945792730372,0.22504156726668112
10534,0.155030505991972,3,5,3,401935,203675,48812,59144,1.8866482641075994,0.22503700265201526
10535,0.1550336228916711,1,11,1,401946,203664,48813,59143,1.8865463707436363,0.225043472966854
10536,0.1550347916145409,11,38,11,401984,203626,48824,59132,1.8861943754863093,0.22504357621842153
10537,0.1550368500575754,6,11,6,401995,203615,48830,59126,1.8860924821223461,0.22503530092372337
10538,0.155040273578458,0,4,0,401999,203611,48830,59126,1.8860554299899959,0.22503872693986762
10539,0.1550434800904487,2,11,2,402010,203600,48832,59124,1.885953536626033,0.22504224966124145
10540,0.155046002717718,1,2,1,402012,203598,48833,59123,1.8859350105598578,0.2250410130899319
10541,0.1550502703371842,3,14,3,402026,203584,48836,59120,1.885805328096632,0.2250441561605457
10542,0.1550521457334667,6,26,6,402052,203558,48842,59114,1.8855644892363554,0.2250487299750259
10543,0.1550533191475555,0,1,0,402053,203557,48842,59114,1.885555226203268,0.22504958674539632
10544,0.1550536278108738,2,4,2,402057,203553,48844,59112,1.8855181740709177,0.22504711324310434
10545,0.155053963031826,0,4,0,402061,203549,48844,59112,1.8854811219385677,0.22505054043044076
10546,0.1550540175609905,0,4,0,402065,203545,48844,59112,1.8854440698062174,0.22505396772216235
10547,0.1550555642052621,4,17,4,402082,203528,48848,59108,1.885286598243729,0.22505673251191763
10548,0.1550558914693672,0,3,0,402085,203525,48848,59108,1.8852588091444662,0.22505930328633492
10549,0.1550593936230929,1,0,1,402085,203525,48849,59107,1.8852588091444662,0.22505635261506596
10550,0.1550599090480116,0,5,0,402090,203520,48849,59107,1.8852124939790285,0.22506063732974904
10551,0.1550611525227828,1,8,1,402098,203512,48850,59106,1.8851383897143281,0.22506454241521906
10552,0.1550620612042451,2,0,2,402098,203512,48852,59104,1.8851383897143281,0.22505864075303866
10553,0.1550622532615733,2,31,2,402129,203481,48854,59102,1.8848512356886138,0.22507930825681785
10554,0.1550657724344655,2,10,2,402139,203471,48856,59100,1.8847586053577383,0.22508197782694966
10555,0.1550657778745594,6,14,6,402153,203457,48862,59094,1.8846289228945126,0.2250762708959402
10556,0.1550669618639,2,6,2,402159,203451,48864,59092,1.8845733446959874,0.22507551144003077
10557,0.1550673222105922,1,13,1,402172,203438,48865,59091,1.884452925265849,0.22508370503830052
10558,0.1550730912507804,24,99,24,402271,203339,48889,59067,1.883535884990181,0.2250977492892693
10559,0.1550735784739766,2,8,2,402279,203331,48891,59065,1.8834617807254808,0.22509870577295385
10560,0.1550737459692585,0,7,0,402286,203324,48891,59065,1.8833969394938679,0.22510471094443746
10561,0.1550746095269743,0,1,0,402287,203323,48891,59065,1.8833876764607804,0.2251055688522341
10562,0.1550796006477006,0,1,0,402288,203322,48891,59065,1.8833784134276927,0.22510642676657
10563,0.1550803014531327,20,105,20,402393,203217,48911,59045,1.8824057949534996,0.22513745796188545
10564,0.155080459180774,0,1,0,402394,203216,48911,59045,1.8823965319204121,0.22513831640998852
10565,0.1550814019965739,0,1,0,402395,203215,48911,59045,1.8823872688873244,0.22513917486463814
10566,0.1550837483685503,1,3,1,402398,203212,48912,59044,1.8823594797880618,0.2251387956805564
10567,0.1550849821843934,4,19,4,402417,203193,48916,59040,1.8821834821593983,0.22514328860212102
10568,0.1550903280598036,1,6,1,402423,203187,48917,59039,1.882127903960873,0.2251454851921625
10569,0.1550940773854124,11,79,11,402502,203108,48928,59028,1.8813961243469561,0.2251808221686453
10570,0.1550960369519359,2,18,2,402520,203090,48930,59026,1.88122938975138,0.22519037372766257
10571,0.1550965341876094,0,5,0,402525,203085,48930,59026,1.8811830745859424,0.22519466943394212
10572,0.1551002043758663,1,3,1,402528,203082,48931,59025,1.8811552854866798,0.22519429088120502
10573,0.1551004449361113,0,2,0,402530,203080,48931,59025,1.8811367594205046,0.225196009232941
10574,0.1551113499956407,0,1,0,402531,203079,48931,59025,1.8811274963874172,0.22519686841864298
10575,0.1551120748651594,0,9,0,402540,203070,48931,59025,1.8810441290896291,0.22520460138499399
10576,0.1551156426363599,0,1,0,402541,203069,48931,59025,1.8810348660565415,0.22520546063626026
10577,0.1551189929700202,5,39,5,402580,203030,48936,59020,1.880673607766127,0.22522419385613432
10578,0.155119168742841,0,3,0,402583,203027,48936,59020,1.8806458186668642,0.22522677229657276
10579,0.1551194778407499,2,22,2,402605,203005,48938,59018,1.880442031938938,0.22523976902790976
10580,0.1551196097407768,6,35,6,402640,202970,48944,59012,1.8801178257808737,0.2252521165576261
10581,0.1551208646016491,0,1,0,402641,202969,48944,59012,1.880108562747786,0.22525297636088112
10582,0.1551213835888595,1,11,1,402652,202958,48945,59011,1.880006669383823,0.22525947726639411
10583,0.155123264036477,0,1,0,402653,202957,48945,59011,1.8799974063507354,0.2252603371404141
10584,0.1551253538219521,0,4,0,402657,202953,48945,59011,1.8799603542183854,0.2252637767021423
10585,0.1551289524235316,4,11,4,402668,202942,48949,59007,1.8798584608544222,0.22526140584617615
10586,0.1551336219393884,6,13,6,402681,202929,48955,59001,1.879738041424284,0.2252548390791433
10587,0.1551341804264968,1,1,1,402682,202928,48956,59000,1.8797287783911965,0.22525274121132524
10588,0.1551352631079687,1,0,1,402682,202928,48957,58999,1.8797287783911965,0.22524978333657852
10589,0.1551380222708493,5,14,5,402696,202914,48962,58994,1.8795990959279707,0.22524703330940635
10590,0.1551384442103029,3,26,3,402722,202888,48965,58991,1.8793582570676943,0.22526052108034628
10591,0.1551385225990433,17,42,17,402764,202846,48982,58974,1.878969209678017,0.22524635245588573
10592,0.1551388829457355,23,143,23,402907,202703,49005,58951,1.8776445959464967,0.22530135216736608
10593,0.155141159688075,1,1,1,402908,202702,49006,58950,1.8776353329134092,0.2252992524421751
10594,0.1551471611124253,1,13,1,402921,202689,49007,58949,1.877514913483271,0.22530748591565444
10595,0.1551501062631168,1,0,1,402921,202689,49008,58948,1.877514913483271,0.22530452497162098
10596,0.1551532130313343,0,1,0,402922,202688,49008,58948,1.8775056504501835,0.22530538610894527
10597,0.1551537408036786,16,46,16,402968,202642,49024,58932,1.877079550928156,0.2252976213232202
10598,0.155158791986254,3,3,3,402971,202639,49027,58929,1.8770517618288933,0.2252913200391485
10599,0.1551596421030369,1,0,1,402971,202639,49028,58928,1.8770517618288933,0.2252883582409096
10600,0.1551604692044665,0,6,0,402977,202633,49028,58928,1.876996183630368,0.2252935261755384
10601,0.1551607861341548,1,6,1,402983,202627,49029,58927,1.8769406054318427,0.22529573243001444
10602,0.1551663444740414,0,3,0,402986,202624,49029,58927,1.87691281633258,0.2252983165807051
10603,0.1551709252873929,4,30,4,403016,202594,49033,58923,1.8766349253399532,0.2253123123926934
10604,0.1551717906854687,0,5,0,403021,202589,49033,58923,1.8765886101745155,0.22531662026981553
10605,0.1551719049487672,1,3,1,403024,202586,49034,58922,1.876560821075253,0.22531624271532802
10606,0.1551742584921321,0,1,0,403025,202585,49034,58922,1.8765515580421652,0.22531710432225524
10607,0.1551754876090344,14,49,14,403074,202536,49048,58908,1.876097669420875,0.2253178500940928
10608,0.1551788428644026,0,3,0,403077,202533,49048,58908,1.8760698803216125,0.2253204355858492
10609,0.1551790293331988,1,3,1,403080,202530,49049,58907,1.8760420912223499,0.2253200579872015
10610,0.1551816360590058,1,8,1,403088,202522,49050,58906,1.8759679869576493,0.22532398977921264
10611,0.155185259116877,0,1,0,403089,202521,49050,58906,1.8759587239245619,0.22532485167943633
10612,0.1551870158298715,1,12,1,403101,202509,49051,58905,1.8758475675275113,0.2253322316325828
10613,0.1551874677178093,8,54,8,403155,202455,49059,58897,1.8753473637407834,0.22535507667819646
10614,0.1551886569984517,0,1,0,403156,202454,49059,58897,1.8753381007076957,0.2253559389480048
10615,0.1551924253367923,4,12,4,403168,202442,49063,58893,1.875226944310645,0.2253544301375629
10616,0.1551925509300253,0,2,0,403170,202440,49063,58893,1.87520841824447,0.22535615479101376
10617,0.1551926296858603,16,56,16,403226,202384,49079,58877,1.874689688391567,0.22535701846046674
10618,0.1551981528997101,0,2,0,403228,202382,49079,58877,1.8746711623253918,0.22535874362222927
10619,0.1552049606785065,0,1,0,403229,202381,49079,58877,1.8746618992923043,0.22535960621301548
10620,0.155206823843112,0,11,0,403240,202370,49079,58877,1.8745600059283412,0.22536909514750408
10621,0.1552081084085037,4,28,4,403268,202342,49083,58873,1.8743006410018896,0.22538139080833797
10622,0.1552081484784024,0,2,0,403270,202340,49083,58873,1.8742821149357145,0.22538311646051307
10623,0.1552127204232182,12,49,12,403319,202291,49095,58861,1.8738282263144244,0.2253898112976351
10624,0.1552134336020085,24,106,24,403425,202185,49119,58837,1.8728463448071437,0.22541011868731373
10625,0.1552159801019138,0,2,0,403427,202183,49119,58837,1.8728278187409686,0.22541184583556814
10626,0.1552166257752093,4,13,4,403440,202170,49123,58833,1.8727073993108303,0.22541120217009
10627,0.1552172860307151,9,43,9,403483,202127,49132,58824,1.8723090888880656,0.22542163088089334
10628,0.155219276466451,0,3,0,403486,202124,49132,58824,1.8722812997888028,0.2254242224504499
10629,0.1552230548469119,1,6,1,403492,202118,49133,58823,1.8722257215902776,0.22542643739389365
10630,0.1552235409689606,0,1,0,403493,202117,49133,58823,1.8722164585571899,0.22542730129531693
10631,0.1552261226772181,6,24,6,403517,202093,49139,58817,1.8719941457630886,0.2254302249817945
10632,0.1552263817159056,3,6,3,403523,202087,49142,58814,1.8719385675645634,0.22542650277308252
10633,0.155231416545296,3,20,3,403543,202067,49145,58811,1.8717533069028123,0.22543487760562408
10634,0.1552318908041439,0,5,0,403548,202062,49145,58811,1.8717069917373745,0.22543919838388796
10635,0.1552336989515343,0,13,0,403561,202049,49145,58811,1.8715865723072362,0.22545043318255004
10636,0.1552360248642539,1,9,1,403570,202040,49146,58810,1.8715032050094482,0.22545524247651907
10637,0.1552378738357059,4,5,4,403575,202035,49150,58806,1.8714568898440105,0.22544768652167413
10638,0.1552408930249445,0,1,0,403576,202034,49150,58806,1.871447626810923,0.22544855083576137
10639,0.1552430515033381,1,2,1,403578,202032,49151,58805,1.8714291007447479,0.22544731000586574
10640,0.1552458192272753,1,12,1,403590,202020,49152,58804,1.8713179443476973,0.2254547127564948
10641,0.1552474380449089,1,1,1,403591,202019,49153,58803,1.8713086813146096,0.2254526075254388
10642,0.155248671860752,3,14,3,403605,202005,49156,58800,1.8711789988513838,0.22545580031057688
10643,0.1552504035995459,1,2,1,403607,202003,49157,58799,1.8711604727852087,0.22545455939755063
10644,0.1552517854757552,5,29,5,403636,201974,49162,58794,1.8708918448256697,0.22546478095471836
10645,0.1552523240304986,8,39,8,403675,201935,49170,58786,1.870530586535255,0.22547474119844585
10646,0.1552546343804893,0,2,0,403677,201933,49170,58786,1.87051206046908,0.22547647083641775
10647,0.1552547998250925,4,15,4,403692,201918,49174,58782,1.8703731149727667,0.22547756041426928
10648,0.1552555058619058,0,4,0,403696,201914,49174,58782,1.8703360628404164,0.2254810200386657
10649,0.1552599617931435,19,52,19,403748,201862,49193,58763,1.8698543851198637,0.2254695443645084
10650,0.155260217733595,2,3,2,403751,201859,49195,58761,1.869826596020601,0.22546619599416776
10651,0.1552652347070262,3,9,3,403760,201850,49198,58758,1.869743228722813,0.2254650663064833
10652,0.155270096660573,0,2,0,403762,201848,49198,58758,1.869724702656638,0.22546679662018526
10653,0.1552701446861377,1,5,1,403767,201843,49199,58757,1.8696783874912002,0.22546815042210283
10654,0.1552703879647307,0,1,0,403768,201842,49199,58757,1.8696691244581125,0.22546901561402768
10655,0.1552718140756008,3,0,3,403768,201842,49202,58754,1.8696691244581125,0.2254600991573163
10656,0.1552731359152779,0,5,0,403773,201837,49202,58754,1.8696228092926748,0.22546442509526424
10657,0.155273328744995,0,2,0,403775,201835,49202,58754,1.8696042832264996,0.22546615551692512
10658,0.1552773159120694,14,51,14,403826,201784,49216,58740,1.8691318685390343,0.22546867083262961
10659,0.1552797092135456,0,3,0,403829,201781,49216,58740,1.8691040794397717,0.2254712671915124
10660,0.1552797914540545,3,19,3,403848,201762,49219,58737,1.8689280818111083,0.2254787926249237
10661,0.1552828584191996,1,7,1,403855,201755,49220,58736,1.8688632405794954,0.2254818784526145
10662,0.1552872203612835,1,3,1,403858,201752,49221,58735,1.8688354514802328,0.22548150195595174
10663,0.1552891198836397,2,6,2,403864,201746,49223,58733,1.8687798732817074,0.2254807489279366
10664,0.1552897944597806,27,102,27,403966,201644,49250,58706,1.8678350439067768,0.2254887651238717
10665,0.155291726575794,9,21,9,403987,201623,49259,58697,1.8676405202119382,0.2254801782421635
10666,0.15529492382388,0,5,0,403992,201618,49259,58697,1.8675942050465004,0.22548450915237309
10667,0.155295303548019,8,29,8,404021,201589,49267,58689,1.8673255770869615,0.2254858266929975
10668,0.1552987486525792,4,21,4,404042,201568,49271,58685,1.8671310533921228,0.22549211728587182
10669,0.155299403021774,0,46,0,404088,201522,49271,58685,1.8667049538700953,0.22553198030798557
10670,0.1553035671694065,1,15,1,404103,201507,49272,58684,1.8665660083737818,0.22554200568044244
10671,0.1553052376109901,1,1,1,404104,201506,49273,58683,1.8665567453406944,0.22553989599867788
10672,0.1553073933523245,13,104,13,404208,201402,49286,58670,1.8655933898995887,0.22559137469623797
10673,0.1553091691390914,0,7,0,404215,201395,49286,58670,1.8655285486679758,0.2255974467921481
10674,0.155310850788784,2,11,2,404226,201384,49288,58668,1.8654266553040126,0.22560103363942596
10675,0.1553122382521052,3,11,3,404237,201373,49291,58665,1.8653247619400497,0.22560164283681616
10676,0.1553122849506866,0,1,0,404238,201372,49291,58665,1.865315498906962,0.22560251041197985
10677,0.1553123028489106,0,7,0,404245,201365,49291,58665,1.8652506576753491,0.22560858362496636
10678,0.1553153734645721,3,7,3,404252,201358,49294,58662,1.8651858164437363,0.22560572263672024
10679,0.1553177016990393,7,71,7,404323,201287,49301,58655,1.86452814109452,0.2256464903709289
10680,0.1553179399183619,0,2,0,404325,201285,49301,58655,1.864509615028345,0.2256482265138109
10681,0.1553216259820608,3,9,3,404334,201276,49304,58652,1.8644262477305569,0.225647102274476
10682,0.1553220450174494,0,3,0,404337,201273,49304,58652,1.8643984586312943,0.22564970664614792
10683,0.15532581335579,3,17,3,404354,201256,49307,58649,1.8642409870688057,0.2256555279813778
10684,0.1553274545243703,0,1,0,404355,201255,49307,58649,1.8642317240357182,0.2256563962078306
10685,0.1553280663216655,1,2,1,404357,201253,49308,58648,1.864213197969543,0.2256551533083751
10686,0.1553284299206118,0,3,0,404360,201250,49308,58648,1.8641854088702805,0.22565775804354016
10687,0.1553290360452552,0,3,0,404363,201247,49308,58648,1.864157619771018,0.22566036283883875
10688,0.1553351560288494,0,2,0,404365,201245,49308,58648,1.8641390937048428,0.2256620994024464
10689,0.1553402118621096,3,18,3,404383,201227,49311,58645,1.8639723591092667,0.22566879078931165
10690,0.1553495635881372,1,10,1,404393,201217,49312,58644,1.8638797287783913,0.22567449521090122
10691,0.1553497158855032,16,79,16,404472,201138,49328,58628,1.8631479491644745,0.22569543358253197
10692,0.1553508270321313,5,19,5,404491,201119,49333,58623,1.862971951535811,0.22569703782984654
10693,0.1553521696836563,0,2,0,404493,201117,49333,58623,1.8629534254696358,0.2256987756987757
10694,0.15535457783905,3,26,3,404519,201091,49336,58620,1.8627125866093595,0.22571242650484577
10695,0.1553555298772092,2,4,2,404523,201087,49338,58618,1.8626755344770092,0.22570994012437187
10696,0.1553580891849336,1,12,1,404535,201075,49339,58617,1.8625643780799586,0.22571738829074442
10697,0.1553618128320046,3,13,3,404548,201062,49342,58614,1.8624439586498203,0.22571974306443415
10698,0.1553744301522091,0,3,0,404551,201059,49342,58614,1.8624161695505577,0.22572235080274036
10699,0.1553756976945616,7,59,7,404610,201000,49349,58607,1.861869650598392,0.22575277245991054
10700,0.155379207246273,4,31,4,404641,200969,49353,58603,1.8615824965726777,0.2257678023823833
10701,0.1553808484148533,0,1,0,404642,200968,49353,58603,1.8615732335395903,0.22576867215520993
10702,0.1553812938296565,0,1,0,404643,200967,49353,58603,1.8615639705065026,0.22576954193473822
10703,0.1553825912826457,0,6,0,404649,200961,49353,58603,1.8615083923079774,0.22577476075264674
10704,0.1553839607485376,11,41,11,404690,200920,49364,58592,1.8611286079513876,0.22577761336662658
10705,0.1553841521546592,2,6,2,404696,200914,49366,58590,1.8610730297528624,0.22577686663789384
10706,0.1553853820516553,0,3,0,404699,200911,49366,58590,1.8610452406535996,0.2257794767650221
10707,0.1553853838824785,1,3,1,404702,200908,49367,58589,1.861017451554337,0.22577910341930735
10708,0.1553854327871238,0,3,0,404705,200905,49367,58589,1.8609896624550744,0.22578171364270463
10709,0.1553867753329293,4,8,4,404713,200897,49371,58585,1.8609155581903738,0.22577673981239546
10710,0.1553888270487717,9,46,9,404759,200851,49380,58576,1.8604894586683465,0.2257899139256901
10711,0.1553891647888834,2,3,2,404762,200848,49382,58574,1.8604616695690837,0.22578655626739444
10712,0.1553915370228537,3,23,3,404785,200825,49385,58571,1.8602486198080699,0.22579762216842203
10713,0.1553934730917466,1,4,1,404789,200821,49386,58570,1.8602115676757198,0.22579811944130676
10714,0.1553936057525927,6,4,6,404793,200817,49392,58564,1.8601745155433695,0.22578369271457818
10715,0.1553955553096694,3,8,3,404801,200809,49395,58561,1.860100411278669,0.22578170181593862
10716,0.1553955804805025,0,6,0,404807,200803,49395,58561,1.8600448330801438,0.2257869249394673
10717,0.1553968771493465,1,7,1,404814,200796,49396,58560,1.859979991848531,0.22579003377596818
10718,0.1553980881960321,0,3,0,404817,200793,49396,58560,1.8599522027492683,0.22579264554487513
10719,0.1553990152595135,4,23,4,404840,200770,49400,58556,1.8597391529882545,0.2258007295836129
10720,0.1554001361230209,15,67,15,404907,200703,49415,58541,1.8591185297713884,0.22581429078397186
10721,0.1554003398948039,0,1,0,404908,200702,49415,58541,1.8591092667383007,0.22581516183657804
10722,0.1554008461625623,2,11,2,404919,200691,49417,58539,1.8590073733743377,0.22581877097558153
10723,0.1554029930021185,0,2,0,404921,200689,49417,58539,1.8589888473081626,0.22582051321616492
10724,0.1554067167639926,7,21,7,404942,200668,49424,58532,1.858794323613324,0.2258179012345679
10725,0.1554107884604828,3,6,3,404948,200662,49427,58529,1.8587387454147986,0.22581416793021364
10726,0.155412637896412,13,63,13,405011,200599,49440,58516,1.8581551743302827,0.22583022982073597
10727,0.1554155824275314,19,109,19,405120,200490,49459,58497,1.8571455037237392,0.22586847988509076
10728,0.155417799864463,33,159,33,405279,200331,49492,58464,1.8556726814628182,0.22590853764562685
10729,0.1554184095917058,104,710,104,405989,199621,49596,58360,1.8490959279706547,0.2262182098681686
10730,0.1554210368974605,0,1,0,405990,199620,49596,58360,1.8490866649375672,0.22621908675091093
10731,0.1554222495488615,0,1,0,405991,199619,49596,58360,1.8490774019044796,0.22621996364045135
10732,0.1554232544914864,19,81,19,406072,199538,49615,58341,1.8483270962243876,0.22623400897320062
10733,0.1554289562872023,0,3,0,406075,199535,49615,58341,1.848299307125125,0.22623664086615272
10734,0.1554290842899137,2,0,2,406075,199535,49617,58339,1.848299307125125,0.22623063976981006
10735,0.1554308792571438,0,1,0,406076,199534,49617,58339,1.8482900440920376,0.22623151706460157
10736,0.1554311345863932,21,157,21,406233,199377,49638,58318,1.8468357478972914,0.22630629232231902
10737,0.1554335663356422,7,47,7,406280,199330,49645,58311,1.8464003853421764,0.22632655516784983
10738,0.1554338995221713,1,0,1,406280,199330,49646,58310,1.8464003853421764,0.22632355224344047
10739,0.155437629525374,10,72,10,406352,199258,49656,58300,1.8457334469598725,0.2263567817734258
10740,0.1554380729184373,0,2,0,406354,199256,49656,58300,1.8457149208936974,0.22635853950208887
10741,0.1554438568352261,1,3,1,406357,199253,49657,58299,1.8456871317944348,0.22635817233024788
10742,0.1554482322373137,0,1,0,406358,199252,49657,58299,1.8456778687613473,0.2263590512170405
10743,0.1554511039646149,0,2,0,406360,199250,49657,58299,1.8456593426951722,0.2263608090111008
10744,0.1554512928558208,6,50,6,406410,199200,49663,58293,1.8451961910407944,0.22638673672682363
10745,0.1554524091499965,3,7,3,406417,199193,49666,58290,1.8451313498091815,0.22638387777057126
10746,0.1554527618951994,2,23,2,406440,199170,49668,58288,1.8449183000481677,0.22639809211599562
10747,0.1554565867238986,8,40,8,406480,199130,49676,58280,1.8445477787246656,0.22640923041062896
10748,0.1554569935222671,4,12,4,406492,199118,49680,58276,1.844436622327615,0.22640776397274218
10749,0.1554572410930935,11,55,11,406547,199063,49691,58265,1.8439271555077994,0.22642308648883916
10750,0.1554581750049399,4,17,4,406564,199046,49695,58261,1.843769683945311,0.22642602027927727
10751,0.1554583619115018,0,1,0,406565,199045,49695,58261,1.8437604209122236,0.22642690026660864
10752,0.1554589932243776,2,38,2,406603,199007,49697,58259,1.8434084256548964,0.2264543313146704
10753,0.1554601012316958,2,22,2,406625,198985,49699,58257,1.8432046389269703,0.22646768412623133
10754,0.1554604411706205,3,13,3,406638,198972,49702,58254,1.843084219496832,0.22647010799841386
10755,0.1554608425433679,2,1,2,406639,198971,49704,58252,1.8430749564637445,0.22646497397200094
10756,0.1554630955092435,0,1,0,406640,198970,49704,58252,1.8430656934306568,0.22646585439814634
10757,0.1554660206228376,0,5,0,406645,198965,49704,58252,1.843019378265219,0.22647025663156012
10758,0.1554665461165905,2,18,2,406663,198947,49706,58250,1.8428526436696433,0.22648009113636627
10759,0.1554691054243149,5,57,5,406720,198890,49711,58245,1.8423246507836526,0.22651525463278044
10760,0.155469478798895,6,12,6,406732,198878,49717,58239,1.842213494386602,0.2265077766153152
10761,0.1554698632301323,4,14,4,406746,198864,49721,58235,1.8420838119233762,0.2265080766552962
10762,0.1554719006299472,2,9,2,406755,198855,49723,58233,1.8420004446255882,0.22650998879761017
10763,0.1554743236986756,2,3,2,406758,198852,49725,58231,1.8419726555263256,0.22650661459528634
10764,0.1554755397703587,28,209,28,406967,198643,49753,58203,1.8400366816110267,0.2266066047359118
10765,0.1554771782795916,1,20,1,406987,198623,49754,58202,1.8398514209492756,0.22662124014406698
10766,0.1554775822808589,1,0,1,406987,198623,49755,58201,1.8398514209492756,0.2266182288259664
10767,0.155477704408179,0,2,0,406989,198621,49755,58201,1.8398328948831004,0.22661999361425422
10768,0.1554778634369525,1,2,1,406991,198619,49756,58200,1.8398143688169255,0.22661874705531912
10769,0.1554795082178934,1,12,1,407003,198607,49757,58199,1.8397032124198747,0.22662632493010287
10770,0.1554809963113832,23,75,23,407078,198532,49780,58176,1.8390084849383082,0.22662324508780404
10771,0.1554819182436549,2,21,2,407099,198511,49782,58174,1.8388139612434695,0.2266357597833921
10772,0.155483218498645,1,5,1,407104,198506,49783,58173,1.8387676460780318,0.22663716159093653
10773,0.1554834687321548,1,4,1,407108,198502,49784,58172,1.8387305939456815,0.22663768048185637
10774,0.1554853273410392,21,132,21,407240,198370,49805,58151,1.8375078735781245,0.22669099216048588
10775,0.155490377475673,7,12,7,407252,198358,49812,58144,1.8373967171810737,0.22668049371934723
10776,0.1554923615633874,0,4,0,407256,198354,49812,58144,1.8373596650487236,0.2266840287253702
10777,0.1554925976326038,0,2,0,407258,198352,49812,58144,1.8373411389825485,0.2266857962697274
10778,0.1554938102840047,1,3,1,407261,198349,49813,58143,1.8373133498832859,0.22668543268406033
10779,0.1554958163716288,1,3,1,407264,198346,49814,58142,1.837285560784023,0.2266850690870528
10780,0.1554964568570235,0,2,0,407266,198344,49814,58142,1.837267034717848,0.22668683670843634
10781,0.1554995988003588,0,12,0,407278,198332,49814,58142,1.8371558783207973,0.2266974430156663
10782,0.1555014856623123,5,27,5,407305,198305,49819,58137,1.8369057764274335,0.2267062337682595
10783,0.1555039366873084,5,5,5,407310,198300,49824,58132,1.8368594612619957,0.22669557621513695
10784,0.1555067215284941,1,3,1,407313,198297,49825,58131,1.836831672162733,0.22669521269128176
10785,0.1555074016594566,1,23,1,407336,198274,49826,58130,1.8366186224017191,0.22671253178577558
10786,0.1555078933887278,13,67,13,407403,198207,49839,58117,1.8359979991848532,0.22673257283750253
10787,0.155508429750078,2,10,2,407413,198197,49841,58115,1.8359053688539775,0.22673538499953183
10788,0.1555091044354134,6,14,6,407427,198183,49847,58109,1.8357756863907517,0.22672966772275374
10789,0.1555105656268872,4,31,4,407458,198152,49851,58105,1.8354885323650376,0.2267450255017424
10790,0.1555119690803174,3,13,3,407471,198139,49854,58102,1.8353681129348993,0.22674747600891348
10791,0.1555138743482487,0,7,0,407478,198132,49854,58102,1.8353032717032864,0.2267536704730832
10792,0.1555142364338509,0,5,0,407483,198127,49854,58102,1.8352569565378487,0.22675809529756585
10793,0.1555145167084899,4,10,4,407493,198117,49858,58098,1.8351643262069732,0.22675487383642645
10794,0.1555146534848561,0,4,0,407497,198113,49858,58098,1.835127274074623,0.22675841396349103
10795,0.1555203539329718,2,8,2,407505,198105,49860,58096,1.8350531698099226,0.22675945839399533
10796,0.1555203988566785,15,47,15,407552,198058,49875,58081,1.8346178072548076,0.2267557849448932
10797,0.155528338013703,1,4,1,407556,198054,49876,58080,1.8345807551224573,0.22675630724542623
10798,0.1555299226466451,0,2,0,407558,198052,49876,58080,1.8345622290562822,0.2267580778661003
10799,0.1555324032785112,5,23,5,407581,198029,49881,58075,1.8343491792952684,0.22676334614063037
10800,0.1555346562443867,1,2,1,407583,198027,49882,58074,1.8343306532290933,0.22676209776611572
10801,0.1555357885048826,5,14,5,407597,198013,49887,58069,1.8342009707658675,0.22675939738052656
10802,0.1555383799747195,5,25,5,407622,197988,49892,58064,1.8339693949386788,0.2267664380672676
10803,0.1555403096566541,0,1,0,407623,197987,49892,58064,1.8339601319055912,0.22676732369723218
10804,0.1555421508257745,247,1252,247,408875,196735,50139,57817,1.8223628144799733,0.227132373738961
10805,0.1555466651200911,17,157,17,409032,196578,50156,57800,1.8209085182852274,0.22722090746841314
10806,0.155550642787939,1,3,1,409035,196575,50157,57799,1.8208807291859646,0.22722054926997257
10807,0.155551013603406,0,6,0,409041,196569,50157,57799,1.8208251509874394,0.22722590891936092
10808,0.1555576407562399,0,5,0,409046,196564,50157,57799,1.8207788358220016,0.22723037548700087
10809,0.1555592291155038,11,61,11,409107,196503,50168,57788,1.8202137908036609,0.2272514560090605
10810,0.1555623446154294,4,12,4,409119,196491,50172,57784,1.82010263440661,0.22725002457968735
10811,0.1555630522143812,3,19,3,409138,196472,50175,57781,1.8199266367779465,0.22725788879580575
10812,0.15556722124615,22,99,22,409237,196373,50197,57759,1.8190095965022788,0.22727952402688367
10813,0.1555674781900692,1,2,1,409239,196371,50198,57758,1.8189910704361036,0.22727827205867887
10814,0.1555686265318023,3,33,3,409272,196338,50201,57755,1.8186853903442144,0.227298666236378
10815,0.1555718424939531,6,43,6,409315,196295,50207,57749,1.8182870799214494,0.22731888964116453
10816,0.1555736987498673,6,47,6,409362,196248,50213,57743,1.8178517173663344,0.227342701119331
10817,0.1555748586541499,37,174,37,409536,196074,50250,57706,1.8162399496091,0.22738592481677042
10818,0.1555759197769013,1,4,1,409540,196070,50251,57705,1.8162028974767497,0.22738646438774504
10819,0.1555771503823409,1,12,1,409552,196058,50252,57704,1.816091741079699,0.22739417249233534
10820,0.1555804950382763,32,139,32,409691,195919,50284,57672,1.8148041794805292,0.2274213201572611
10821,0.1555812513486262,0,1,0,409692,195918,50284,57672,1.8147949164474415,0.22742221696439133
10822,0.1555845929302104,2,1,2,409693,195917,50286,57670,1.814785653414354,0.22741702058859484
10823,0.1555853399380569,9,35,9,409728,195882,50295,57661,1.8144614472562897,0.2274209897334969
10824,0.1555857971689942,8,27,8,409755,195855,50303,57653,1.8142113453629256,0.22742083090079998
10825,0.1555867943585218,0,6,0,409761,195849,50303,57653,1.8141557671644004,0.2274262135998927
10826,0.1555873000205617,3,14,3,409775,195835,50306,57650,1.8140260847011747,0.22742963094463184
10827,0.1555891812053669,0,1,0,409776,195834,50306,57650,1.814016821668087,0.22743052815956827
10828,0.1555912027069711,13,46,13,409822,195788,50319,57637,1.8135907221460594,0.22743217914570385
10829,0.1555914044069616,14,100,14,409922,195688,50333,57623,1.812664418837304,0.22747926461938092
10830,0.1555926948793873,0,1,0,409923,195687,50333,57623,1.8126551558042165,0.22748016264655954
10831,0.1555932200329637,11,22,11,409945,195665,50344,57612,1.8124513690762902,0.2274663708114041
10832,0.1555938291896182,9,45,9,409990,195620,50353,57603,1.8120345325873504,0.22747933639519316
10833,0.1555990831352479,3,20,3,410010,195600,50356,57600,1.8118492719255994,0.22748815165876776
10834,0.1556014172164478,1,1,1,410011,195599,50357,57599,1.8118400088925117,0.22748599909951894
10835,0.1556040994134131,0,1,0,410012,195598,50357,57599,1.8118307458594243,0.22748689755407844
10836,0.1556050836246904,1,1,1,410013,195597,50358,57598,1.8118214828263366,0.22748474495941862
10837,0.1556055606389652,1,1,1,410014,195596,50359,57597,1.8118122197932491,0.22748259233075163
10838,0.1556068478077147,1,8,1,410022,195588,50360,57596,1.8117381155285486,0.22748672901921133
10839,0.1556086129389418,1,6,1,410028,195582,50361,57595,1.8116825373300234,0.22748906891226298
10840,0.1556091309271402,21,111,21,410139,195471,50382,57574,1.8106543406573048,0.22752474856250865
10841,0.1556119219136723,0,1,0,410140,195470,50382,57574,1.8106450776242173,0.22752564771344114
10842,0.1556184653815902,1,11,1,410151,195459,50383,57573,1.8105431842602542,0.22753248600967466
10843,0.1556184979197327,1,2,1,410153,195457,50384,57572,1.810524658194079,0.22753123159795913
10844,0.1556229853196986,47,186,47,410339,195271,50431,57525,1.808801734039794,0.2275550246048197
10845,0.1556263884031406,0,1,0,410340,195270,50431,57525,1.8087924710067065,0.22755592476117012
10846,0.1556264649582562,34,190,34,410530,195080,50465,57491,1.807032494720071,0.22762312379489333
10847,0.1556267604769167,2,3,2,410533,195077,50467,57489,1.8070047056208085,0.22761971128338732
10848,0.155635016350911,12,39,12,410572,195038,50479,57477,1.8066434473303938,0.22761816129734866
10849,0.1556354203521784,2,11,2,410583,195027,50481,57475,1.8065415539664307,0.2276219594300243
10850,0.1556374710304834,0,4,0,410587,195023,50481,57475,1.8065045018340806,0.2276255653510127
10851,0.1556380897314913,0,4,0,410591,195019,50481,57475,1.8064674497017303,0.22762917138625077
10852,0.1556388603034469,2,9,2,410600,195010,50483,57473,1.8063840824039423,0.22763116724690374
10853,0.1556389658748863,0,4,0,410604,195006,50483,57473,1.806347030271592,0.22763477358512985
10854,0.1556393950579828,1,5,1,410609,195001,50484,57472,1.8063007151061543,0.22763622248715704
10855,0.1556404414526069,4,4,4,410613,194997,50488,57468,1.8062636629738043,0.2276275919434377
10856,0.1556410565699644,9,56,9,410669,194941,50497,57459,1.805744933120901,0.22765055467511885
10857,0.1556426950791973,0,1,0,410670,194940,50497,57459,1.8057356700878135,0.22765145662225286
10858,0.1556448240995997,9,60,9,410730,194880,50506,57450,1.8051798881025602,0.2276780406610391
10859,0.1556450419340881,0,1,0,410731,194879,50506,57450,1.8051706250694728,0.22767894296731647
10860,0.1556490382063312,2,12,2,410743,194867,50508,57448,1.8050594686724222,0.22768364940649585
10861,0.1556517330579848,0,11,0,410754,194856,50508,57448,1.804957575308459,0.22769357600355128
10862,0.1556519593685461,7,28,7,410782,194828,50515,57441,1.8046982103820075,0.22769741823212522
10863,0.1556554714621471,0,2,0,410784,194826,50515,57441,1.8046796843158324,0.2276992234418295
10864,0.1556595060479874,1,7,1,410791,194819,50516,57440,1.8046148430842195,0.22770248038722107
10865,0.1556606071088027,0,3,0,410794,194816,50516,57440,1.804587053984957,0.22770518838005835
10866,0.1556611531298459,13,78,13,410872,194738,50529,57427,1.8038645374041276,0.22773580790355522
10867,0.1556616842469292,0,2,0,410874,194736,50529,57427,1.8038460113379524,0.22773761416226806
10868,0.1556642819097159,0,1,0,410875,194735,50529,57427,1.803836748304865,0.2277385173023691
10869,0.1556645087234552,0,1,0,410876,194734,50529,57427,1.8038274852717775,0.22773942044963336
10870,0.1556653225912854,1,4,1,410880,194730,50530,57426,1.8037904331394272,0.22773997049445582
10871,0.1556665226479103,0,1,0,410881,194729,50530,57426,1.8037811701063395,0.22774087366897344
10872,0.1556684963685654,11,44,11,410925,194685,50541,57415,1.8033735966504871,0.2277469258230861
10873,0.1556689879213493,1,5,1,410930,194680,50542,57414,1.8033272814850494,0.22774837957269908
10874,0.1556705801217575,1,0,1,410930,194680,50543,57413,1.8033272814850494,0.22774531621266755
10875,0.1556721194264367,1,5,1,410935,194675,50544,57412,1.8032809663196117,0.2277467699643377
10876,0.1556736006781702,6,17,6,410952,194658,50550,57406,1.8031234947571233,0.22774374761965216
10877,0.1556740545268878,0,2,0,410954,194656,50550,57406,1.8031049686909482,0.22774555466512209
10878,0.1556756601485563,2,10,2,410964,194646,50552,57404,1.8030123383600727,0.22774846260662568
10879,0.1556766490512139,0,1,0,410965,194645,50552,57404,1.803003075326985,0.22774936619466848
10880,0.1556789015426828,0,2,0,410967,194643,50552,57404,1.8029845492608099,0.22775117339226414
10881,0.1556794400974262,2,2,2,410969,194641,50554,57402,1.802966023194635,0.22774685271957562
10882,0.1556830858827529,14,56,14,411025,194585,50568,57388,1.802447293341732,0.22775456100455208
10883,0.1556858983949247,8,25,8,411050,194560,50576,57380,1.802215717514543,0.2277526395173454
10884,0.1556893401119313,0,2,0,411052,194558,50576,57380,1.8021971914483679,0.22775444752280322
10885,0.1556895633864702,7,43,7,411095,194515,50583,57373,1.801798881025603,0.22777186686146222
10886,0.155690058654876,0,1,0,411096,194514,50583,57373,1.8017896179925155,0.22777277112355937
10887,0.1556901270511183,10,81,10,411177,194433,50593,57363,1.8010393123124235,0.22781537435066482
10888,0.1556903203270275,3,19,3,411196,194414,50596,57360,1.80086331468376,0.2278233653991278
10889,0.1556930941174187,7,33,7,411229,194381,50603,57353,1.8005576345918708,0.22783175892012997
10890,0.155698316259943,29,140,29,411369,194241,50632,57324,1.7992608099596132,0.2278695367002564
10891,0.1557020775791182,1,0,1,411369,194241,50633,57323,1.7992608099596132,0.22786646738007027
10892,0.155702273047322,29,110,29,411479,194131,50662,57294,1.7982418763199821,0.2278771005269961
10893,0.1557027524594616,2,18,2,411497,194113,50664,57292,1.7980751417244063,0.22788727352280186
10894,0.1557028078018579,17,111,17,411608,194002,50681,57275,1.7970469450516877,0.22793570442181338
10895,0.1557042362723449,64,296,64,411904,193706,50745,57211,1.7943050872577717,0.2280076678742373
10896,0.1557063501968503,0,1,0,411905,193705,50745,57211,1.794295824224684,0.22800857657542764
10897,0.1557066692788905,0,4,0,411909,193701,50745,57211,1.794258772092334,0.22801221145262085
10898,0.1557068207095541,2,7,2,411916,193694,50747,57209,1.794193930860721,0.2280124191420589
10899,0.1557096504666345,6,38,6,411954,193656,50753,57203,1.7938419356033939,0.22802849409429202
10900,0.1557105266100296,3,13,3,411967,193643,50756,57200,1.7937215161732558,0.22803107920093446
10901,0.1557188426427216,1,3,1,411970,193640,50757,57199,1.7936937270739932,0.2280307288738992
10902,0.1557199579682364,1,1,1,411971,193639,50758,57198,1.7936844640409055,0.22802856037984826
10903,0.155721315882099,0,4,0,411975,193635,50758,57198,1.7936474119085553,0.2280321967205272
10904,0.1557219522089603,15,67,15,412042,193568,50773,57183,1.7930267886916893,0.2280469469712982
10905,0.1557221140630466,2,3,2,412045,193565,50775,57181,1.7929989995924265,0.2280435181418647
10906,0.1557229187918624,13,69,13,412114,193496,50788,57168,1.7923598503093854,0.22806625602400027
10907,0.1557240198526777,4,14,4,412128,193482,50792,57164,1.7922301678461596,0.22806667570996544
10908,0.1557250593174694,47,407,47,412535,193075,50839,57117,1.788460113379525,0.2282926712284965
10909,0.1557252982927638,2,8,2,412543,193067,50841,57115,1.7883860091148245,0.2282938021120624
10910,0.1557259426188303,1,2,1,412545,193065,50842,57114,1.7883674830486493,0.22829254253954168
10911,0.1557266978267023,8,21,8,412566,193044,50850,57106,1.7881729593538107,0.22828702778333002
10912,0.1557275948365557,0,3,0,412569,193041,50850,57106,1.788145170254548,0.22828976561781672
10913,0.15572760352089,0,3,0,412572,193038,50850,57106,1.7881173811552855,0.22829250351797364
10914,0.1557279847541682,1,8,1,412580,193030,50851,57105,1.788043276890585,0.2282967197713235
10915,0.155729523112565,1,19,1,412599,193011,50852,57104,1.7878672792619215,0.22831097695060273
10916,0.1557331753304196,2,11,2,412610,193000,50854,57102,1.7877653858979585,0.22831484754220277
10917,0.1557349884536603,5,23,5,412633,192977,50859,57097,1.7875523361369448,0.22832041715652168
10918,0.1557355321703117,15,66,15,412699,192911,50874,57082,1.786940975953166,0.22833439336301417
10919,0.1557357358054898,3,11,3,412710,192900,50877,57079,1.786839082589203,0.22833518015513304
10920,0.155737776716298,13,45,13,412755,192855,50890,57066,1.786422246100263,0.22833615422473502
10921,0.1557380833830536,1,3,1,412758,192852,50891,57065,1.7863944570010004,0.22833580748808605
10922,0.1557384017940302,0,1,0,412759,192851,50891,57065,1.786385193967913,0.22833672113830247
10923,0.1557390445268514,0,8,0,412767,192843,50891,57065,1.7863110897032124,0.228344030603262
10924,0.1557392155494731,1,5,1,412772,192838,50892,57064,1.7862647745377747,0.22834551144048468
10925,0.155739952640624,0,1,0,412773,192837,50892,57064,1.7862555115046872,0.228346425184373
10926,0.1557403863749243,0,1,0,412774,192836,50892,57064,1.7862462484715995,0.22834733893557424
10927,0.1557405516195075,1,5,1,412779,192831,50893,57063,1.7861999333061618,0.22834881989963746
10928,0.1557445295204285,0,8,0,412787,192823,50893,57063,1.7861258290414614,0.22835613039546032
10929,0.1557482097863572,0,4,0,412791,192819,50893,57063,1.7860887769091112,0.22835978581890654
10930,0.1557487630881928,16,63,16,412854,192756,50909,57047,1.7855052058245953,0.22836795394771078
10931,0.1557490016638271,3,10,3,412864,192746,50912,57044,1.7854125754937196,0.22836782897634011
10932,0.1557527528558064,0,1,0,412865,192745,50912,57044,1.785403312460632,0.22836874321927708
10933,0.1557534945691682,1,1,1,412866,192744,50913,57043,1.7853940494275446,0.22836656831620541
10934,0.1557569212065673,4,38,4,412904,192706,50917,57039,1.7850420541702174,0.2283889567358706
10935,0.1557587000254261,2,7,2,412911,192699,50919,57037,1.7849772129386046,0.2283891789729955
10936,0.1557618951246729,1,8,1,412919,192691,50920,57036,1.7849031086739042,0.22839340559891402
10937,0.1557706104364941,3,1,3,412920,192690,50923,57033,1.7848938456408165,0.2283850506361048
10938,0.1557714777504889,1,2,1,412922,192688,50924,57032,1.7848753195746416,0.22838378984462598
10939,0.1557738718444023,0,3,0,412925,192685,50924,57032,1.7848475304753788,0.22838653355598537
10940,0.1557754051459392,0,1,0,412926,192684,50924,57032,1.7848382674422913,0.22838744814108827
10941,0.1557759119467506,0,2,0,412928,192682,50924,57032,1.7848197413761162,0.22838927733326925
10942,0.155776174181828,0,2,0,412930,192680,50924,57032,1.784801215309941,0.22839110655475106
10943,0.1557799028428103,3,2,3,412932,192678,50927,57029,1.784782689243766,0.228383665656149
10944,0.1557803733600581,0,3,0,412935,192675,50927,57029,1.7847549001445033,0.2283864095088585
10945,0.1557815963611387,1,6,1,412941,192669,50928,57028,1.784699321945978,0.22838880723436805
10946,0.1557846169175515,31,100,31,413041,192569,50959,56997,1.7837730186372225,0.22838447544938012
10947,0.1557850707662691,20,76,20,413117,192493,50979,56977,1.7830690281225685,0.22839219144586523
10948,0.1557862209641363,0,1,0,413118,192492,50979,56977,1.7830597650894808,0.2283931069591813
10949,0.1557874090143485,0,2,0,413120,192490,50979,56977,1.7830412390233057,0.2283949380078327
10950,0.1557887110366388,15,42,15,413162,192448,50994,56962,1.7826521916336284,0.2283869933041979
10951,0.1557900780794992,2,5,2,413167,192443,50996,56960,1.7826058764681907,0.22838538429770291
10952,0.15579241986776,0,1,0,413168,192442,50996,56960,1.7825966134351032,0.22838630002967097
10953,0.1557926209587159,0,1,0,413169,192441,50996,56960,1.7825873504020155,0.2283872157689825
10954,0.1557950314117051,0,2,0,413171,192439,50996,56960,1.7825688243358406,0.22838904726963621
10955,0.155799155571699,22,54,22,413225,192385,51018,56938,1.7820686205491125,0.22837042711663183
10956,0.1558005331505167,3,10,3,413235,192375,51021,56935,1.781975990218237,0.22837030203361278
10957,0.1558047215226665,0,8,0,413243,192367,51021,56935,1.7819018859535367,0.22837763034392022
10958,0.1558049926758488,0,3,0,413246,192364,51021,56935,1.781874096854274,0.22838037858154264
10959,0.1558088442954827,0,2,0,413248,192362,51021,56935,1.7818555707880988,0.2283822107767041
10960,0.1558092297584405,1,2,1,413250,192360,51022,56934,1.7818370447219238,0.22838094779657753
10961,0.1558094718737429,1,4,1,413254,192356,51023,56933,1.7817999925895736,0.22838151703444595
10962,0.1558098419843219,2,11,2,413265,192345,51025,56931,1.7816980992256104,0.2283854041303615
10963,0.1558106893361343,1,1,1,413266,192344,51026,56930,1.781688836192523,0.22838322488506624
10964,0.1558130318433688,0,2,0,413268,192342,51026,56930,1.7816703101263478,0.2283850572868192
10965,0.1558130938184994,6,31,6,413299,192311,51032,56924,1.7813831561006337,0.22839488835837662
10966,0.1558189912011653,39,237,39,413536,192074,51071,56885,1.7791878172588833,0.22849143834928642
10967,0.1558221428445518,0,1,0,413537,192073,51071,56885,1.7791785542257956,0.22849235614039315
10968,0.1558228829725071,5,8,5,413545,192065,51076,56880,1.7791044499610953,0.22848420333808672
10969,0.1558232182969781,22,103,22,413648,191962,51098,56858,1.7781503575530773,0.22851056988988022
10970,0.1558245447930971,0,2,0,413650,191960,51098,56858,1.7781318314869021,0.22851240665868225
10971,0.1558250553043114,10,20,10,413670,191940,51108,56848,1.777946570825151,0.2284997668697847
10972,0.1558258188131868,2,7,2,413677,191933,51110,56846,1.777881729593538,0.22849999397055218
10973,0.1558266699294516,1,19,1,413696,191914,51111,56845,1.7777057319648746,0.22851434520962055
10974,0.1558286485867083,0,1,0,413697,191913,51111,56845,1.7776964689317871,0.22851526383071097
10975,0.1558290038723709,1,9,1,413706,191904,51112,56844,1.777613101633999,0.22852043031501762
10976,0.1558300914309189,1,7,1,413713,191897,51113,56843,1.7775482604023862,0.22852375974913564
10977,0.1558309742076177,10,59,10,413772,191838,51123,56833,1.7770017414502204,0.22854695561605495
10978,0.155831294482216,3,7,3,413779,191831,51126,56830,1.7769369002186075,0.22854408210374766
10979,0.155833147433169,0,7,0,413786,191824,51126,56830,1.7768720589869946,0.2285505159780257
10980,0.1558339197248735,1,12,1,413798,191812,51127,56829,1.776760902589944,0.22855844369995296
10981,0.1558356777170348,0,2,0,413800,191810,51127,56829,1.7767423765237689,0.22856028217616706
10982,0.1558356861247407,1,7,1,413807,191803,51128,56828,1.776677535292156,0.2285636143521926
10983,0.155839586925703,2,11,2,413818,191792,51130,56826,1.776575641928193,0.22856752125751154
10984,0.1558395911603153,0,12,0,413830,191780,51130,56826,1.7764644855311422,0.2285785540171999
10985,0.1558409239540723,76,224,76,414054,191556,51206,56750,1.7743895661195301,0.2285486456227397
10986,0.1558414972506689,0,1,0,414055,191555,51206,56750,1.7743803030864427,0.22854956605787238
10987,0.1558430384856322,13,74,13,414129,191481,51219,56737,1.7736948386379636,0.22857729898718063
10988,0.1558436992023051,1,12,1,414141,191469,51220,56736,1.773583682240913,0.22858524203783162
10989,0.1558472623868195,13,31,13,414172,191438,51233,56723,1.7732965282151987,0.22857338582613707
10990,0.1558497156862051,0,2,0,414174,191436,51233,56723,1.7732780021490238,0.22857522797883614
10991,0.1558514026143056,1,4,1,414178,191432,51234,56722,1.7732409500166735,0.2285758037347776
10992,0.1558515678588888,1,13,1,414191,191419,51235,56721,1.7731205305865352,0.22858466994438623
10993,0.1558548699769907,0,2,0,414193,191417,51235,56721,1.77310200452036,0.22858651234393765
10994,0.155855080186076,1,2,1,414195,191415,51236,56720,1.7730834784541851,0.22858524593467267
10995,0.1558566040926333,0,4,0,414199,191411,51236,56720,1.7730464263218348,0.22858893084701226
10996,0.1558574966051458,0,2,0,414201,191409,51236,56720,1.7730279002556597,0.22859077334773445
10997,0.1558583530228792,3,6,3,414207,191403,51239,56717,1.7729723220571343,0.22858697404481704
10998,0.1558598863244162,3,14,3,414221,191389,51242,56714,1.7728426395939085,0.22859054505588405
10999,0.1558605905307811,5,61,5,414282,191328,51247,56709,1.7722775945755678,0.22863121227881325
11000,0.1558609828555534,0,1,0,414283,191327,51247,56709,1.7722683315424803,0.22863213404505797
11001,0.1558642928535762,1,3,1,414286,191324,51248,56708,1.7722405424432177,0.22863178944652304
11002,0.1558649693317506,3,7,3,414293,191317,51251,56705,1.7721757012116048,0.22862891195135915
11003,0.1558690091921752,1,6,1,414299,191311,51252,56704,1.7721201230130794,0.2286313327822914
11004,0.1558707021426132,2,1,2,414300,191310,51254,56702,1.772110859979992,0.22862603422415045
11005,0.1558720379406969,1,2,1,414302,191308,51255,56701,1.7720923339138168,0.2286247676495611
11006,0.1558741417482927,0,1,0,414303,191307,51255,56701,1.7720830708807291,0.22862568949388729
11007,0.1558763560669294,1,3,1,414306,191304,51256,56700,1.7720552817814665,0.22862534475250398
11008,0.1558769010462369,1,5,1,414311,191299,51257,56699,1.7720089666160288,0.22862684376486908
11009,0.1558771021371928,22,57,22,414368,191242,51279,56677,1.771480973730038,0.22861095761115527
11010,0.155879512590182,33,147,33,414515,191095,51312,56644,1.7701193078661677,0.2286438550248447
11011,0.1558816225706245,0,2,0,414517,191093,51312,56644,1.7701007817999925,0.22864570088440564
11012,0.1558822500712776,2,8,2,414525,191085,51314,56642,1.7700266775352922,0.22864685722589786
11013,0.1558832389739351,1,0,1,414525,191085,51315,56641,1.7700266775352922,0.22864374349079225
11014,0.1558845358980217,12,50,12,414575,191035,51327,56629,1.7695635258809144,0.2286525292331546
11015,0.1558851531613537,1,8,1,414583,191027,51328,56628,1.769489421616214,0.22865680079142356
11016,0.155893446190014,0,3,0,414586,191024,51328,56628,1.7694616325169514,0.22865957068790077
11017,0.1558937109369175,6,32,6,414618,190992,51334,56622,1.7691652154581496,0.22867043058954664
11018,0.1558969243122508,0,1,0,414619,190991,51334,56622,1.769155952425062,0.22867135408884023
11019,0.1558975130218457,0,3,0,414622,190988,51334,56622,1.7691281633257994,0.22867412463147693
11020,0.1558975588843137,0,1,0,414623,190987,51334,56622,1.769118900292712,0.22867504816060805
11021,0.1558992524026421,0,3,0,414626,190984,51334,56622,1.769091111193449,0.22867781879275947
11022,0.1558996531808193,1,11,1,414637,190973,51335,56621,1.7689892178294861,0.2286848631226928
11023,0.1558996818415098,1,1,1,414638,190972,51336,56620,1.7689799547963985,0.2286826714918091
11024,0.1559005646075142,29,95,29,414733,190877,51365,56591,1.7680999666530808,0.2286800717668547
11025,0.155902637066078,1,0,1,414733,190877,51366,56590,1.7680999666530808,0.22867695490711892
11026,0.1559030039041904,7,45,7,414778,190832,51373,56583,1.767683130164141,0.22869672412747813
11027,0.1559061546479285,1,1,1,414779,190831,51374,56582,1.7676738671310535,0.22869453100685896
11028,0.1559063514601454,1,0,1,414779,190831,51375,56581,1.7676738671310535,0.2286914135126833
11029,0.1559066240230288,1,5,1,414784,190826,51376,56580,1.7676275519656157,0.22869291771420255
11030,0.1559068397351466,2,12,2,414796,190814,51378,56578,1.7675163955685649,0.22869777519079032
11031,0.1559081123783108,1,17,1,414813,190797,51379,56577,1.7673589240060765,0.22871037376603848
11032,0.1559098295697756,3,10,3,414823,190787,51382,56574,1.767266293675201,0.22871026556328605
11033,0.1559106726769566,49,169,49,414992,190618,51431,56525,1.7657008410834043,0.2287137406278956
11034,0.1559106751306945,61,248,61,415240,190370,51492,56464,1.763403608877691,0.22875292706839415
11035,0.1559122348185287,0,7,0,415247,190363,51492,56464,1.763338767646078,0.22875941448869047
11036,0.1559127598448867,23,84,23,415331,190279,51515,56441,1.7625606728667236,0.22876540207522697
11037,0.155914315940198,0,3,0,415334,190276,51515,56441,1.7625328837674608,0.22876818378952404
11038,0.155915297229721,3,32,3,415366,190244,51518,56438,1.7622364667086592,0.22878848071606359
11039,0.155916442532165,2,3,2,415369,190241,51520,56436,1.7622086776093964,0.2287850103576742
11040,0.155917150180674,13,59,13,415428,190182,51533,56423,1.7616621586572307,0.2287990916648081
11041,0.1559208573124517,0,2,0,415430,190180,51533,56423,1.7616436325910556,0.2288009472715255
11042,0.1559276668269334,2,8,2,415438,190172,51535,56421,1.7615695283263553,0.22880211522630406
11043,0.1559284485078136,10,33,10,415471,190139,51545,56411,1.7612638482344658,0.22880146015007097
11044,0.155931641946054,0,8,0,415479,190131,51545,56411,1.7611897439697655,0.2288088844902694
11045,0.1559324219360503,13,62,13,415541,190069,51558,56398,1.760615435918337,0.2288257657211716
11046,0.1559325435906966,26,113,26,415654,189956,51584,56372,1.7595687131794435,0.228849339092592
11047,0.1559329655271609,0,1,0,415655,189955,51584,56372,1.7595594501463558,0.22885026813950562
11048,0.1559344131645726,0,1,0,415656,189954,51584,56372,1.7595501871132684,0.22885119719396246
11049,0.1559355610324783,0,8,0,415664,189946,51584,56372,1.759476082848568,0.22885862990118463
11050,0.1559368350525681,24,143,24,415807,189803,51608,56348,1.7581514691170477,0.22891639684583853
11051,0.155939082933581,24,76,24,415883,189727,51632,56324,1.7574474786023935,0.2289118922499807
11052,0.1559399792604298,1,10,1,415893,189717,51633,56323,1.757354848271518,0.22891806210372298
11053,0.1559401172031365,0,1,0,415894,189716,51633,56323,1.7573455852384305,0.22891899251744643
11054,0.1559414511243446,4,35,4,415929,189681,51637,56319,1.7570213790803662,0.2289390243902439
11055,0.1559418107214649,0,1,0,415930,189680,51637,56319,1.7570121160472785,0.22893995504046766
11056,0.1559419777836227,1,4,1,415934,189676,51638,56318,1.7569750639149284,0.2289405432652829
11057,0.1559436759823846,3,13,3,415947,189663,51641,56315,1.7568546444847901,0.2289432388262365
11058,0.155943781345358,0,3,0,415950,189660,51641,56315,1.7568268553855275,0.22894603110072162
11059,0.1559450353144995,12,66,12,416016,189594,51653,56303,1.7562154952017488,0.22896985323123095
11060,0.1559452170312568,2,30,2,416046,189564,51655,56301,1.7559376042091221,0.22899151973644072
11061,0.155946702364122,8,35,8,416081,189529,51663,56293,1.7556133980510578,0.22899903181977202
11062,0.1559475149236062,4,34,4,416115,189495,51667,56289,1.755298454926081,0.22901816228883898
11063,0.1559488935471589,1,1,1,416116,189494,51668,56288,1.7552891918929934,0.22901595723039117
11064,0.1559510337772579,3,7,3,416123,189487,51671,56285,1.7552243506613805,0.22901306902332244
11065,0.1559510986907071,0,2,0,416125,189485,51671,56285,1.7552058245952054,0.22901493266061765
11066,0.1559547154416863,11,73,11,416198,189412,51682,56274,1.754529623179814,0.2290484602297241
11067,0.1559547997090784,1,7,1,416205,189405,51683,56273,1.754464781948201,0.22905184835435
11068,0.1559586229267697,1,6,1,416211,189399,51684,56272,1.7544092037496757,0.22905430433384485
11069,0.1559612852276835,0,1,0,416212,189398,51684,56272,1.7543999407165882,0.22905523669963773
11070,0.1559625595939859,1,5,1,416217,189393,51685,56271,1.7543536255511505,0.22905676045330206
11071,0.1559658197807766,0,6,0,416223,189387,51685,56271,1.754298047352625,0.2290623549813155
11072,0.1559684342885059,0,1,0,416224,189386,51685,56271,1.7542887843195376,0.2290632874292204
11073,0.1559690586558089,0,6,0,416230,189380,51685,56271,1.7542332061210122,0.22906888227607458
11074,0.1559697624551356,1,1,1,416231,189379,51686,56270,1.7542239430879247,0.2290666764367044
11075,0.1559730512369845,0,1,0,416232,189378,51686,56270,1.754214680054837,0.22906760893636424
11076,0.1559753090929574,4,52,4,416284,189326,51690,56266,1.7537330023342843,0.22910355386168932
11077,0.1559756427749628,0,7,0,416291,189319,51690,56266,1.7536681611026714,0.22911008408494005
11078,0.1559761725887617,105,639,105,416930,188680,51795,56161,1.7477490829597244,0.22937743270122243
11079,0.1559819813517685,8,16,8,416946,188664,51803,56153,1.7476008744303235,0.2293672416539701
11080,0.1559826948775304,7,30,7,416976,188634,51810,56146,1.7473229834376969,0.22937331481330175
11081,0.1559845080007711,11,64,11,417040,188570,51821,56135,1.7467301493200933,0.22939866369710468
11082,0.1559873723063107,4,5,4,417045,188565,51825,56131,1.7466838341546556,0.22939075424199823
11083,0.1559906358264054,4,34,4,417079,188531,51829,56127,1.7463688910296788,0.22941003359792037
11084,0.1559957806150968,6,19,6,417098,188512,51835,56121,1.7461928934010151,0.22940895136796752
11085,0.1559959487848182,0,1,0,417099,188511,51835,56121,1.7461836303679277,0.2294098891396056
11086,0.1559968709019986,1,1,1,417100,188510,51836,56120,1.7461743673348402,0.22940767689980787
11087,0.1559978259084476,0,1,0,417101,188509,51836,56120,1.7461651043017525,0.2294086146777365
11088,0.1559985504434439,3,11,3,417112,188498,51839,56117,1.7460632109377894,0.22940948020358523
11089,0.1559987971186749,0,3,0,417115,188495,51839,56117,1.7460354218385268,0.22941229375500793
11090,0.1560048638682196,42,253,42,417368,188242,51881,56075,1.7436918744673755,0.22951738929341797
11091,0.1560085751236949,0,5,0,417373,188237,51881,56075,1.7436455593019378,0.2295220865123285
11092,0.1560089315131378,0,1,0,417374,188236,51881,56075,1.7436362962688503,0.22952302597918228
11093,0.1560102686420234,2,5,2,417379,188231,51883,56073,1.7435899811034126,0.2295214159407951
11094,0.1560127080483102,1,0,1,417379,188231,51884,56072,1.7435899811034126,0.22951826215805782
11095,0.1560136533054593,0,1,0,417380,188230,51884,56072,1.7435807180703249,0.22951920164386702
11096,0.1560174467056379,7,30,7,417410,188200,51891,56065,1.7433028270776982,0.22952531062575482
11097,0.1560191256416597,0,2,0,417412,188198,51891,56065,1.7432843010115233,0.2295271899550894
11098,0.1560229674394123,0,1,0,417413,188197,51891,56065,1.7432750379784356,0.22952812963129754
11099,0.1560241956920033,2,3,2,417416,188194,51893,56063,1.743247248879173,0.22952464003078724
11100,0.1560244604389067,17,100,17,417516,188094,51910,56046,1.7423209455704176,0.22956500368640945
11101,0.1560245864742514,2,8,2,417524,188086,51912,56044,1.742246841305717,0.2295662147216647
11102,0.1560263783001466,0,1,0,417525,188085,51912,56044,1.7422375782726296,0.2295671550696558
11103,0.1560276543788934,0,1,0,417526,188084,51912,56044,1.7422283152395421,0.22956809542535064
11104,0.156028262523835,5,6,5,417532,188078,51917,56039,1.7421727370410167,0.22955795786446662
11105,0.1560296982097337,42,245,42,417777,187833,51959,55997,1.739903293934566,0.22965590780461798
11106,0.1560345844299547,0,2,0,417779,187831,51959,55997,1.7398847678683909,0.2296577915579835
11107,0.1560355937950922,11,38,11,417817,187793,51970,55986,1.7395327726110639,0.22965883033403206
11108,0.1560385142652065,14,68,14,417885,187725,51984,55972,1.73890288636111,0.22967865833391465
11109,0.1560385478126374,15,86,15,417971,187639,51999,55957,1.7381062655155803,0.22971231054697122
11110,0.1560390528199499,7,27,7,417998,187612,52006,55950,1.7378561636222165,0.22971563708624498
11111,0.1560412211857505,1,15,1,418013,187597,52007,55949,1.737717218125903,0.22972662248610118
11112,0.1560431392255109,0,1,0,418014,187596,52007,55949,1.7377079550928156,0.2297275657476031
11113,0.1560447108332583,0,1,0,418015,187595,52007,55949,1.737698692059728,0.22972850901685116
11114,0.1560510065712357,2,5,2,418020,187590,52009,55947,1.7376523768942902,0.2297268998139913
11115,0.1560511334425178,2,8,2,418028,187582,52011,55945,1.7375782726295899,0.22972812049587932
11116,0.1560528269608462,6,8,6,418036,187574,52017,55939,1.7375041683648893,0.2297166886367463
11117,0.1560529154669829,2,4,2,418040,187570,52019,55937,1.7374671162325392,0.22971413552793143
11118,0.1560535420869118,13,123,13,418163,187447,52032,55924,1.73632776316277,0.22978908744262874
11119,0.1560556599276132,0,1,0,418164,187446,52032,55924,1.7363185001296824,0.22979003163906808
11120,0.1560575324154614,2,5,2,418169,187441,52034,55922,1.7362721849642446,0.22978842305527133
11121,0.156058969842378,3,5,3,418174,187436,52037,55919,1.7362258697988069,0.22978364940108073
11122,0.1560590899034762,2,11,2,418185,187425,52039,55917,1.7361239764348437,0.22978770619128633
11123,0.156059302266547,1,17,1,418202,187408,52040,55916,1.7359665048723554,0.22980059509131856
11124,0.1560598482848906,0,5,0,418207,187403,52040,55916,1.7359201897069176,0.22980531729951217
11125,0.1560637150291502,0,6,0,418213,187397,52040,55916,1.7358646115083922,0.2298109842055295
11126,0.1560685107482761,92,486,92,418699,186911,52132,55824,1.731362777427841,0.22997919541887243
11127,0.1560699501047433,0,1,0,418700,186910,52132,55824,1.7313535143947534,0.22998014287244473
11128,0.1560718763214197,0,5,0,418705,186905,52132,55824,1.7313071992293156,0.2299848802574064
11129,0.1560718829284893,0,2,0,418707,186903,52132,55824,1.7312886731631405,0.2299867752660396
11130,0.1560746815149096,0,1,0,418708,186902,52132,55824,1.731279410130053,0.22998772278206703
11131,0.1560773445777553,2,8,2,418716,186894,52134,55822,1.7312053058653525,0.22998895828869956
11132,0.1560784553652452,36,100,36,418816,186794,52170,55786,1.730279002556597,0.2299694945997197
11133,0.1560787747779142,0,2,0,418818,186792,52170,55786,1.730260476490422,0.2299713906454831
11134,0.1560794561272326,0,4,0,418822,186788,52170,55786,1.7302234243580719,0.22997518283080626
11135,0.1560800748951902,2,14,2,418836,186774,52172,55784,1.730093741894846,0.22998210737225736
11136,0.1560804299632951,4,15,4,418851,186759,52176,55780,1.7299547963985327,0.22998363149843942
11137,0.1560807786945169,9,34,9,418885,186725,52185,55771,1.729639853273556,0.22998729875956717
11138,0.1560826669802797,1,3,1,418888,186722,52186,55770,1.7296120641742931,0.22998696864226448
11139,0.1560850755216413,2,24,2,418912,186698,52188,55768,1.729389751380192,0.23000338191746472
11140,0.1560893724287589,2,6,2,418918,186692,52190,55766,1.7293341731816667,0.23000272212094466
11141,0.1560929362110293,1,9,1,418927,186683,52191,55765,1.7292508058838787,0.23000808420774765
11142,0.1560930625229785,0,1,0,418928,186682,52191,55765,1.729241542850791,0.2300090329020363
11143,0.1560935036892042,4,13,4,418941,186669,52195,55761,1.729121123420653,0.2300086622942705
11144,0.1560971890910199,0,1,0,418942,186668,52195,55761,1.7291118603875653,0.23000961106138293
11145,0.1560993840090315,0,9,0,418951,186659,52195,55761,1.7290284930897772,0.23001815031763057
11146,0.1561019605565125,124,506,124,419457,186153,52319,55637,1.724341398347475,0.2301046362546011
11147,0.1561020209861771,6,7,6,419464,186146,52325,55631,1.724276557115862,0.23009219239216303
11148,0.1561042607918018,0,1,0,419465,186145,52325,55631,1.7242672940827746,0.2300931440672358
11149,0.1561052381658903,0,4,0,419469,186141,52325,55631,1.7242302419504243,0.23009695084625184
11150,0.156106145165098,5,11,5,419480,186130,52330,55626,1.7241283485864611,0.23009149721206507
11151,0.1561071545302354,70,260,70,419740,185870,52400,55556,1.721719959983697,0.230116060407744
11152,0.156110799804977,0,1,0,419741,185869,52400,55556,1.7217106969506095,0.23011701356528944
11153,0.1561162715684015,0,6,0,419747,185863,52400,55556,1.721655118752084,0.23012273267638422
11154,0.1561178289353036,0,1,0,419748,185862,52400,55556,1.7216458557189966,0.23012368588920462
11155,0.156121675568745,0,5,0,419753,185857,52400,55556,1.721599540553559,0.23012845207176083
11156,0.1561259456763528,1,5,1,419758,185852,52401,55555,1.7215532253881212,0.23013002936948804
11157,0.1561276204039878,1,0,1,419758,185852,52402,55554,1.7215532253881212,0.23012684026080546
11158,0.1561358508636264,0,1,0,419759,185851,52402,55554,1.7215439623550335,0.23012779354197302
11159,0.1561368271501392,4,4,4,419763,185847,52406,55550,1.7215069102226832,0.23011884986143158
11160,0.1561373945395279,0,10,0,419773,185837,52406,55550,1.7214142798918077,0.2301283830529399
11161,0.1561376188699621,2,13,2,419786,185824,52408,55548,1.7212938604616697,0.2301343983560645
11162,0.1561401411060901,0,2,0,419788,185822,52408,55548,1.7212753343954945,0.23013630525748852
11163,0.1561413015572405,0,1,0,419789,185821,52408,55548,1.7212660713624068,0.23013725872005103
11164,0.1561414456541567,1,7,1,419796,185814,52409,55547,1.721201230130794,0.2301407435335452
11165,0.1561422281101986,1,3,1,419799,185811,52410,55546,1.7211734410315314,0.23014041440687447
11166,0.1561458196788621,0,2,0,419801,185809,52410,55546,1.7211549149653562,0.230142321476663
11167,0.1561481962076271,9,35,9,419836,185774,52419,55537,1.7208307088072918,0.23014698874067074
11168,0.156148460578594,0,2,0,419838,185772,52419,55537,1.7208121827411167,0.23014889622848714
11169,0.1561536186864163,27,101,27,419939,185671,52446,55510,1.7198766163992738,0.23015909213412333
11170,0.1561544312832203,1,7,1,419946,185664,52447,55509,1.719811775167661,0.23016258038835194
11171,0.1561561404605669,2,3,2,419949,185661,52449,55507,1.7197839860683983,0.23015905924500762
11172,0.1561563574998966,2,5,2,419954,185656,52451,55505,1.7197376709029604,0.23015744668499466
11173,0.156160601834895,2,0,2,419954,185656,52453,55503,1.7197376709029604,0.23015106216230785
11174,0.1561612076902787,0,2,0,419956,185654,52453,55503,1.7197191448367855,0.23015297088618616
11175,0.1561622401198025,2,6,2,419962,185648,52455,55501,1.71966356663826,0.23015231247071313
11176,0.1561629137898059,1,7,1,419969,185641,52456,55500,1.7195987254066472,0.2301558009629221
11177,0.1561637452565631,1,1,1,419970,185640,52457,55499,1.7195894623735597,0.23015356288281863
11178,0.1561640560241355,0,1,0,419971,185639,52457,55499,1.719580199340472,0.23015451733032538
11179,0.156164550528283,3,4,3,419975,185635,52460,55496,1.7195431472081217,0.2301487573144888
11180,0.15616631014942,0,3,0,419978,185632,52460,55496,1.7195153581088591,0.23015162071596829
11181,0.1561666697277847,41,152,41,420130,185480,52501,55455,1.718107377079551,0.23016581235602965
11182,0.1561669146287021,0,1,0,420131,185479,52501,55455,1.7180981140464633,0.23016676766251337
11183,0.1561687894840212,0,3,0,420134,185476,52501,55455,1.7180703249472007,0.2301696336295454
11184,0.1561704830023496,1,0,1,420134,185476,52502,55454,1.7180703249472007,0.23016643838459303
11185,0.1561745295170923,1,1,1,420135,185475,52503,55453,1.7180610619141132,0.23016419843272679
11186,0.1561751230176284,0,1,0,420136,185474,52503,55453,1.7180517988810255,0.23016515376026764
11187,0.1561783052054924,1,9,1,420145,185465,52504,55452,1.7179684315832375,0.23017055666474345
11188,0.156181756073225,3,11,3,420156,185454,52507,55449,1.7178665382192746,0.23017147980722533
11189,0.1561825189429918,0,2,0,420158,185452,52507,55449,1.7178480121530995,0.23017339072897164
11190,0.1561843113007932,0,4,0,420162,185448,52507,55449,1.7178109600207492,0.23017721266765465
11191,0.1561854924502129,0,4,0,420166,185444,52507,55449,1.717773907888399,0.23018103473326332
11192,0.1561897193443673,3,28,3,420194,185416,52510,55446,1.7175145429619474,0.230198204781161
11193,0.1561932363038883,4,13,4,420207,185403,52514,55442,1.7173941235318093,0.2301978450870892
11194,0.1561937653889921,3,22,3,420229,185381,52517,55439,1.717190336803883,0.23020928494311105
11195,0.1561948774724686,0,3,0,420232,185378,52517,55439,1.7171625477046204,0.23021215279652185
11196,0.1561971815334633,1,15,1,420247,185363,52518,55438,1.7170236022083072,0.230223296414882
11197,0.1562010316138371,34,128,34,420375,185235,52552,55404,1.7158379339731002,0.23023699400346578
11198,0.1562045199285855,21,91,21,420466,185144,52573,55383,1.7149949979621326,0.23025689423640588
11199,0.156213094944503,0,1,0,420467,185143,52573,55383,1.7149857349290452,0.23025785154203704
11200,0.1562169681452101,1,1,1,420468,185142,52574,55382,1.7149764718959577,0.23025560858791638
11201,0.1562188564698719,0,1,0,420469,185141,52574,55382,1.71496720886287,0.2302565659001426
11202,0.15621899132754,7,35,7,420504,185106,52581,55375,1.7146430027048056,0.2302676718742853
11203,0.1562210674515537,0,1,0,420505,185105,52581,55375,1.7146337396717182,0.23026862940785098
11204,0.1562232923428517,1,2,1,420507,185103,52582,55374,1.714615213605543,0.2302673436544867
11205,0.156226242952739,0,1,0,420508,185102,52582,55374,1.7146059505724554,0.23026830120261482
11206,0.1562267092886756,5,19,5,420527,185083,52587,55369,1.7144299529437919,0.2302704905760817
11207,0.1562280965818804,0,1,0,420528,185082,52587,55369,1.7144206899107044,0.23027144823685491
11208,0.1562297228932951,9,59,9,420587,185023,52596,55360,1.7138741709585386,0.23029914761027195
11209,0.1562358895698649,0,1,0,420588,185022,52596,55360,1.713864907925451,0.23030010566514963
11210,0.1562378380613422,1,18,1,420606,185004,52597,55359,1.713698173329875,0.23031414984835435
11211,0.1562401420543853,0,2,0,420608,185002,52597,55359,1.7136796472637,0.23031606625034842
11212,0.1562406216390439,3,17,3,420625,184985,52600,55356,1.7135221757012116,0.2303227497597164
11213,0.1562428641410873,0,11,0,420636,184974,52600,55356,1.7134202823372484,0.23033329172387967
11214,0.1562456888687556,1,5,1,420641,184969,52601,55355,1.7133739671718107,0.2303348812436544
11215,0.1562466195581026,1,2,1,420643,184967,52602,55354,1.7133554411056355,0.23033359548270854
11216,0.1562469607105162,5,5,5,420648,184962,52607,55349,1.7133091259401978,0.23032237392379043
11217,0.1562474605142997,1,3,1,420651,184959,52608,55348,1.7132813368409352,0.23032204638233592
11218,0.1562513007559795,0,3,0,420654,184956,52608,55348,1.7132535477416726,0.23032492176576336
11219,0.1562555891357747,0,2,0,420656,184954,52608,55348,1.7132350216754975,0.23032683872793402
11220,0.1562568359182434,5,28,5,420684,184926,52613,55343,1.712975656749046,0.23033766320249388
11221,0.1562596041961053,2,11,2,420695,184915,52615,55341,1.7128737633850828,0.2303418020777837
11222,0.1562634068377128,4,26,4,420721,184889,52619,55337,1.7126329245248064,0.23035391672841407
11223,0.1562636778732345,7,8,7,420729,184881,52626,55330,1.7125588202601059,0.23033916015503036
11224,0.1562646369458725,13,53,13,420782,184828,52639,55317,1.7120678795064657,0.23034833121655665
11225,0.1562664382076118,0,6,0,420788,184822,52639,55317,1.7120123013079402,0.23035408659151574
11226,0.1562670001214688,2,30,2,420818,184792,52641,55315,1.7117344103153136,0.23037645716284824
11227,0.1562677251008345,25,129,25,420947,184663,52666,55290,1.7105394790470192,0.23042012394093844
11228,0.1562680249503105,1,13,1,420960,184650,52667,55289,1.710419059616881,0.23042940080603821
11229,0.1562716950924056,0,2,0,420962,184648,52667,55289,1.7104005335507058,0.2304313215552416
11230,0.1562727075233498,1,0,1,420962,184648,52668,55288,1.7104005335507058,0.230428114163777
11231,0.1562732469707613,0,5,0,420967,184643,52668,55288,1.710354218385268,0.23043291613005407
11232,0.1562778010615211,4,28,4,420995,184615,52672,55284,1.7100948534588165,0.23044697977065348
11233,0.1562798057234024,9,21,9,421016,184594,52681,55275,1.7099003297639779,0.23043828089498852
11234,0.1562813306043082,0,2,0,421018,184592,52681,55275,1.7098818036978027,0.2304402022787628
11235,0.1562814992417308,4,18,4,421036,184574,52685,55271,1.709715069102227,0.2304446621776564
11236,0.1562837429223436,8,46,8,421082,184528,52693,55263,1.7092889695801994,0.23046319503234067
11237,0.1562841846590974,0,1,0,421083,184527,52693,55263,1.7092797065471117,0.23046415613661955
11238,0.1562851807852095,1,9,1,421092,184518,52694,55262,1.709196339249324,0.23046959713070314
11239,0.1562855457564736,1,2,1,421094,184516,52695,55261,1.7091778131831488,0.23046831013817004
11240,0.1562867050867267,6,41,6,421135,184475,52701,55255,1.708798028826559,0.2304884661911317
11241,0.1562946652214587,8,15,8,421150,184460,52709,55247,1.7086590833302457,0.23047720759093393
11242,0.1562961045145986,0,1,0,421151,184459,52709,55247,1.708649820297158,0.23047816909046917
11243,0.1562962632028364,0,1,0,421152,184458,52709,55247,1.7086405572640706,0.23047913059802674
11244,0.1562976641306913,0,1,0,421153,184457,52709,55247,1.708631294230983,0.2304800921136068
11245,0.1562995405399851,0,2,0,421155,184455,52709,55247,1.7086127681648078,0.23048201516883463
11246,0.1562997884914203,1,8,1,421163,184447,52710,55246,1.7085386639001074,0.23048649731114385
11247,0.1563025426806102,0,1,0,421164,184446,52710,55246,1.70852940086702,0.23048745890559552
11248,0.1563034725060169,43,216,43,421380,184230,52753,55203,1.7065285857201082,0.23055719136459887
11249,0.1563056979857552,0,2,0,421382,184228,52753,55203,1.706510059653933,0.23055911724045758
11250,0.1563071276461299,54,265,54,421647,183963,52807,55149,1.7040553558857312,0.23064087122352706
11251,0.1563087879943706,1,3,1,421650,183960,52808,55148,1.7040275667864686,0.2306405473677167
11252,0.156310245700244,0,2,0,421652,183958,52808,55148,1.7040090407202935,0.2306424765585138
11253,0.1563125914655322,0,2,0,421654,183956,52808,55148,1.7039905146541183,0.23064440578158457
11254,0.1563135544216055,0,2,0,421656,183954,52808,55148,1.7039719885879432,0.23064633503692986
11255,0.1563216164053572,0,8,0,421664,183946,52808,55148,1.7038978843232429,0.23065405238107187
11256,0.1563228614911228,5,10,5,421674,183936,52813,55143,1.7038052539923672,0.23064761020415847
11257,0.1563236253682432,0,2,0,421676,183934,52813,55143,1.7037867279261922,0.2306495396880503
11258,0.1563257731869639,17,111,17,421787,183823,52830,55126,1.7027585312534737,0.23070194895144988
11259,0.1563266034661646,0,3,0,421790,183820,52830,55126,1.702730742154211,0.23070484544625144
11260,0.1563268195815879,36,126,36,421916,183694,52866,55090,1.7015635999851793,0.23071060037523453
11261,0.1563273366561981,0,1,0,421917,183693,52866,55090,1.7015543369520916,0.23071156656880934
11262,0.1563282654914662,1,6,1,421923,183687,52867,55089,1.7014987587535664,0.23071414212483668
11263,0.1563296704852029,1,3,1,421926,183684,52868,55088,1.7014709696543036,0.23071381904075855
11264,0.1563319416927767,8,75,8,422001,183609,52876,55080,1.700776242172737,0.23076052939180272
11265,0.1563352386083778,47,257,47,422258,183352,52923,55033,1.6983956426692357,0.23085764624452043
11266,0.1563366597146364,3,26,3,422284,183326,52926,55030,1.6981548038089591,0.23087314772860762
11267,0.1563418501008085,0,1,0,422285,183325,52926,55030,1.6981455407758717,0.23087411633907406
11268,0.1563455505070743,0,3,0,422288,183322,52926,55030,1.698117751676609,0.23087702221923878
11269,0.1563465186060986,0,1,0,422289,183321,52926,55030,1.6981084886435214,0.2308779908622158
11270,0.1563479788286693,0,2,0,422291,183319,52926,55030,1.6980899625773462,0.2308799281725537
11271,0.1563488543007235,48,293,48,422584,183026,52974,54982,1.695375893882693,0.2310090417128836
11272,0.1563497408295292,15,82,15,422666,182944,52989,54967,1.6946163251695134,0.2310401788904254
11273,0.1563503561642078,2,8,2,422674,182936,52991,54965,1.694542220904813,0.23104148364235544
11274,0.1563508047014283,0,1,0,422675,182935,52991,54965,1.6945329578717254,0.2310424548129466
11275,0.1563525668209156,1,0,1,422675,182935,52992,54964,1.6945329578717254,0.23103922252720693
11276,0.1563526549385555,0,3,0,422678,182932,52992,54964,1.6945051687724628,0.23104213605945456
11277,0.1563543337609004,0,1,0,422679,182931,52992,54964,1.6944959057393754,0.23104310725319993
11278,0.1563548832548122,0,1,0,422680,182930,52992,54964,1.6944866427062877,0.23104407845511027
11279,0.1563553036574869,56,263,56,422943,182667,53048,54908,1.692050465004261,0.23111859412817004
11280,0.1563561762708826,2,15,2,422958,182652,53050,54906,1.6919115195079477,0.23112671431818757
11281,0.1563582632749911,1,5,1,422963,182647,53051,54905,1.69186520434251,0.23112834242607935
11282,0.1563615792954109,8,16,8,422979,182631,53059,54897,1.691716995813109,0.23111801556027078
11283,0.1563635821126225,0,2,0,422981,182629,53059,54897,1.691698469746934,0.23111996160420334
11284,0.156363693866258,6,9,6,422990,182620,53065,54891,1.691615102449146,0.23110929599050148
11285,0.1563649388289596,0,2,0,422992,182618,53065,54891,1.6915965763829708,0.23111124210029935
11286,0.1563666053751559,4,18,4,423010,182600,53069,54887,1.691429841787395,0.2311158084442517
11287,0.1563691107296302,1,7,1,423017,182593,53070,54886,1.691365000555782,0.23111938318756606
11288,0.1563717432639904,1,14,1,423031,182579,53071,54885,1.6912353180925561,0.23112977124953676
11289,0.156373248027408,16,84,16,423115,182495,53087,54869,1.6904572233132016,0.2311597377866905
11290,0.1563765517087617,11,57,11,423172,182438,53098,54858,1.689929230427211,0.23117962376104106
11291,0.1563787132052272,0,1,0,423173,182437,53098,54858,1.6899199673941234,0.23118059798984386
11292,0.1563787383641834,0,4,0,423177,182433,53098,54858,1.6898829152617734,0.23118449498716764
11293,0.1563790411896918,7,41,7,423218,182392,53105,54851,1.6895031309051836,0.23120176359260336
11294,0.1563795025706029,0,1,0,423219,182391,53105,54851,1.689493867872096,0.23120273813237116
11295,0.1563799754410982,11,20,11,423239,182371,53116,54840,1.689308607210345,0.2311865807234909
11296,0.1563803487295138,9,42,9,423281,182329,53125,54831,1.6889195598206677,0.23119834710743803
11297,0.1563803495762762,0,5,0,423286,182324,53125,54831,1.68887324465523,0.23120322152178954
11298,0.1563805856930755,2,5,2,423291,182319,53127,54829,1.6888269294897922,0.2312016124951507
11299,0.1563819898980941,1,1,1,423292,182318,53128,54828,1.6888176664567045,0.2311993455508421
11300,0.1563842696698973,18,53,18,423345,182265,53146,54810,1.6883267257030643,0.23119266055045873
11301,0.1563888173009024,38,215,38,423560,182050,53184,54772,1.68633517358924,0.23127918858889798
11302,0.1563891859308389,147,872,147,424432,181178,53331,54625,1.678257808736893,0.23165523763480533
11303,0.1563947614446169,2,5,2,424437,181173,53333,54623,1.678211493571455,0.23165363280123497
11304,0.1563951251397385,1,5,1,424442,181168,53334,54622,1.6781651784060172,0.23165528648373554
11305,0.1563973614291881,0,1,0,424443,181167,53334,54622,1.6781559153729297,0.23165626895232602
11306,0.1563979801257047,1,12,1,424455,181155,53335,54621,1.6780447589758791,0.23166480048859936
11307,0.1563998262266095,3,18,3,424473,181137,53338,54618,1.677878024380303,0.23167271107717757
11308,0.1564039846990511,5,13,5,424486,181124,53343,54613,1.6777576049501648,0.23166919066586916
11309,0.1564040805708357,0,3,0,424489,181121,53343,54613,1.6777298158509022,0.23167213893625865
11310,0.1564076617116385,0,10,0,424499,181111,53343,54613,1.6776371855200267,0.23168196704620658
11311,0.1564080129704525,1,3,1,424502,181108,53344,54612,1.6776093964207641,0.23168165620227388
11312,0.1564094814793959,0,4,0,424506,181104,53344,54612,1.6775723442884138,0.23168558774118006
11313,0.1564118178346751,0,1,0,424507,181103,53344,54612,1.6775630812553262,0.23168657064675563
11314,0.1564171309413412,14,96,14,424603,181007,53358,54598,1.676673830078921,0.2317353197088347
11315,0.1564183850740338,1,0,1,424603,181007,53359,54597,1.676673830078921,0.23173205887845708
11316,0.156421675790961,0,1,0,424604,181006,53359,54597,1.6766645670458336,0.2317330424485257
11317,0.1564223133140832,0,1,0,424605,181005,53359,54597,1.6766553040127459,0.23173402602694373
11318,0.15642347777083,2,3,2,424608,181002,53361,54595,1.6766275149134833,0.2317304549718375
11319,0.1564244288444665,2,8,2,424616,180994,53363,54593,1.676553410648783,0.23173180183966008
11320,0.1564279950930207,5,12,5,424628,180982,53368,54588,1.676442254251732,0.2317272997410536
11321,0.1564314859535059,1,1,1,424629,180981,53369,54587,1.6764329912186446,0.2317250220743055
11322,0.1564342220080062,70,411,70,425040,180570,53439,54517,1.6726258846196598,0.2319013811907932
11323,0.1564367730690027,1,1,1,425041,180569,53440,54516,1.6726166215865723,0.23189910032541422
11324,0.15643693664712,0,4,0,425045,180565,53440,54516,1.672579569454222,0.23190304618408122
11325,0.1564379571366512,0,1,0,425046,180564,53440,54516,1.6725703064211346,0.23190403266972945
11326,0.1564388149393773,2,4,2,425050,180560,53442,54514,1.6725332542887843,0.23190144380067554
11327,0.1564398865080916,1,4,1,425054,180556,53443,54513,1.672496202156434,0.23190212235556368
11328,0.1564422143931097,0,1,0,425055,180555,53443,54513,1.6724869391233466,0.231903108887641
11329,0.156442744453468,4,52,4,425107,180503,53447,54509,1.6720052614027938,0.23194134767586336
11330,0.1564448087625513,110,515,110,425622,179988,53557,54399,1.6672347993627032,0.23209051696553137
11331,0.1564475287507565,1,0,1,425622,179988,53558,54398,1.6672347993627032,0.23208724070550288
11332,0.1564498672663658,7,28,7,425650,179960,53565,54391,1.6669754344362517,0.2320920328908347
11333,0.1564535506332374,2,12,2,425662,179948,53567,54389,1.6668642780392011,0.23209736405262507
11334,0.1564565667464556,7,50,7,425712,179898,53574,54382,1.6664011263848235,0.2321239542427864
11335,0.1564566175433966,2,7,2,425719,179891,53576,54380,1.6663362851532106,0.23212433463809007
11336,0.1564567734121983,0,2,0,425721,179889,53576,54380,1.6663177590870355,0.2321263163286649
11337,0.1564610328872386,69,449,69,426170,179440,53645,54311,1.6621586572307236,0.23234553007259862
11338,0.1564626265267877,0,1,0,426171,179439,53645,54311,1.662149394197636,0.2323465240641711
11339,0.1564631943837042,1,16,1,426187,179423,53646,54310,1.6620011856682353,0.232359144836202
11340,0.1564636711779367,0,5,0,426192,179418,53646,54310,1.6619548705027973,0.2323641155531216
11341,0.1564647277370044,1,2,1,426194,179416,53647,54309,1.6619363444366224,0.23236281955289337
11342,0.15646590785469,0,2,0,426196,179414,53647,54309,1.6619178183704473,0.23236480791364136
11343,0.1564677557785228,5,17,5,426213,179397,53652,54304,1.6617603468079587,0.23236528726877506
11344,0.1564679441144733,0,1,0,426214,179396,53652,54304,1.6617510837748712,0.23236628155755243
11345,0.1564693876621138,1,1,1,426215,179395,53653,54303,1.6617418207417838,0.23236399113385653
11346,0.1564725955347922,117,592,117,426807,178803,53770,54186,1.6562581051539516,0.23256891956272613
11347,0.1564756393608978,4,10,4,426817,178793,53774,54182,1.656165474823076,0.23256572593625927
11348,0.1564784048361456,2,5,2,426822,178788,53776,54180,1.6561191596576383,0.23256412897908726
11349,0.1564809594247956,0,1,0,426823,178787,53776,54180,1.6561098966245507,0.23256512724978215
11350,0.1564854107530035,0,3,0,426826,178784,53776,54180,1.656082107525288,0.2325681221132879
11351,0.1564861052434334,2,0,2,426826,178784,53778,54178,1.656082107525288,0.2325615336406796
11352,0.1564862524014157,1,9,1,426835,178775,53779,54177,1.6559987402275,0.23256722414918093
11353,0.1564886916764845,92,519,92,427354,178256,53871,54085,1.6511912260550594,0.23278284934643476
11354,0.1564898071244751,0,8,0,427362,178248,53871,54085,1.651117121790359,0.23279086483624797
11355,0.1564914078368957,61,311,61,427673,177937,53932,54024,1.6482363185001296,0.23290122046378486
11356,0.1564921428901155,10,76,10,427749,177861,53942,54014,1.6475323279854757,0.232944474393531
11357,0.1564948986973809,3,11,3,427760,177850,53945,54011,1.6474304346215125,0.23294560102820225
11358,0.1564952478525735,1,5,1,427765,177845,53946,54010,1.6473841194560748,0.23294731621056264
11359,0.1564961391052133,0,4,0,427769,177841,53946,54010,1.6473470673237245,0.23295133512471372
11360,0.156500349390995,5,23,5,427792,177818,53951,54005,1.6471340175627107,0.2329579032278937
11361,0.156504356677418,5,18,5,427810,177800,53956,54000,1.6469672829671347,0.23295944779982744
11362,0.1565066360464056,21,142,21,427952,177658,53977,53979,1.645651932268702,0.23303271929786692
11363,0.1565073012107509,22,116,22,428068,177542,53999,53957,1.6445774204305459,0.23307660076285427
11364,0.1565122983676288,1,2,1,428070,177540,54000,53956,1.6445588943643707,0.23307530151708886
11365,0.156512866208684,1,9,1,428079,177531,54001,53955,1.6444755270665827,0.23308105025789896
11366,0.1565153779170918,2,5,2,428084,177526,54003,53953,1.644429211901145,0.23307945861179633
11367,0.1565158236562128,2,11,2,428095,177515,54005,53951,1.6443273185371818,0.23308390865181064
11368,0.1565193018273553,0,1,0,428096,177514,54005,53951,1.6443180555040942,0.23308491564599398
11369,0.1565212348105829,1,4,1,428100,177510,54006,53950,1.644281003371744,0.23308563034649615
11370,0.1565212542474797,12,22,12,428122,177488,54018,53938,1.6440772166438178,0.23306802174345148
11371,0.1565237810252494,3,7,3,428129,177481,54021,53935,1.644012375412205,0.23306512946382274
11372,0.1565281404808794,2,10,2,428139,177471,54023,53933,1.6439197450813294,0.23306857271265838
11373,0.1565294013134151,4,9,4,428148,177462,54027,53929,1.6438363777835414,0.2330643802049345
11374,0.1565305570108306,0,1,0,428149,177461,54027,53929,1.643827114750454,0.23306538744111674
11375,0.1565328004059888,3,15,3,428164,177446,54030,53926,1.6436881692541405,0.23307055304876995
11376,0.1565332637514876,0,2,0,428166,177444,54030,53926,1.6436696431879654,0.23307256774862775
11377,0.1565361066103524,0,5,0,428171,177439,54030,53926,1.6436233280225276,0.23307760465066021
11378,0.1565374685898333,1,11,1,428182,177428,54031,53925,1.6435214346585647,0.23308537170471097
11379,0.1565378496687758,3,3,3,428185,177425,54034,53922,1.6434936455593019,0.2330784492558797
11380,0.1565433718209906,0,1,0,428186,177424,54034,53922,1.6434843825262144,0.2330794567444434
11381,0.1565446462892209,1,7,1,428193,177417,54035,53921,1.6434195412946015,0.23308319428714694
11382,0.1565506322120393,4,29,4,428222,177388,54039,53917,1.6431509133350624,0.2330991547956162
11383,0.1565509027474729,12,63,12,428285,177325,54051,53905,1.6425673422505465,0.23312286468018856
11384,0.1565512395883873,0,8,0,428293,177317,54051,53905,1.6424932379858461,0.23313093044779476
11385,0.1565522976491278,3,5,3,428298,177312,54054,53902,1.6424469228204084,0.23312602178068803
11386,0.1565524252929503,1,6,1,428304,177306,54055,53901,1.642391344621883,0.23312875475223502
11387,0.156553230632491,0,3,0,428307,177303,54055,53901,1.6423635555226204,0.23313177972699434
11388,0.1565537830607714,4,9,4,428316,177294,54059,53897,1.6422801882248323,0.23312758714655848
11389,0.1565576090475196,1,18,1,428334,177276,54060,53896,1.6421134536292563,0.23314242209264097
11390,0.156557813136559,4,8,4,428342,177268,54064,53892,1.642039349364556,0.2331372209724866
11391,0.1565615187397118,1,8,1,428350,177260,54065,53891,1.6419652450998554,0.23314197213077165
11392,0.1565625595459364,1,0,1,428350,177260,54066,53890,1.6419652450998554,0.23313865455332036
11393,0.1565640139934618,0,4,0,428354,177256,54066,53890,1.6419281929675054,0.23314268903636662
11394,0.1565649230356799,1,7,1,428361,177249,54067,53889,1.6418633517358925,0.23314643200166135
11395,0.1565654406032725,0,12,0,428373,177237,54067,53889,1.6417521953388416,0.2331585369019496
11396,0.1565657319029687,3,18,3,428391,177219,54070,53886,1.6415854607432658,0.2331667423898228
11397,0.1565662050872325,0,3,0,428394,177216,54070,53886,1.641557671644003,0.23316976919282395
11398,0.1565678935705124,0,9,0,428403,177207,54070,53886,1.6414743043462152,0.2331788500733471
11399,0.1565732586371088,0,2,0,428405,177205,54070,53886,1.64145577828004,0.23318086814285283
11400,0.156575785834572,3,0,3,428405,177205,54073,53883,1.64145577828004,0.23317091324517067
11401,0.1565759820918301,0,1,0,428406,177204,54073,53883,1.6414465152469524,0.23317192226304378
11402,0.1565781967815489,247,1182,247,429588,176022,54320,53636,1.6304976101374633,0.23354727464316505
11403,0.1565784691923956,0,17,0,429605,176005,54320,53636,1.630340138574975,0.23356456381917864
11404,0.156578772017904,23,128,23,429733,175877,54343,53613,1.629154470339768,0.23361802257178962
11405,0.1565797290310504,5,25,5,429758,175852,54348,53608,1.628922894512579,0.2336267759086551
11406,0.156586938652235,15,53,15,429811,175799,54363,53593,1.628431953758939,0.23363064099881425
11407,0.1565887522912251,1,0,1,429811,175799,54364,53592,1.628431953758939,0.23362730011203578
11408,0.1565917823892278,196,935,196,430746,174864,54560,53396,1.6197710178220757,0.23392622448085518
11409,0.1565939697547057,1,7,1,430753,174857,54561,53395,1.6197061765904628,0.23393004223402206
11410,0.1565947483700197,0,2,0,430755,174855,54561,53395,1.6196876505242876,0.23393209200438117
11411,0.1565948559679507,1,2,1,430757,174853,54562,53394,1.6196691244581125,0.23393078550868138
11412,0.1565949070582575,0,2,0,430759,174851,54562,53394,1.6196505983919374,0.2339328353304563
11413,0.1565950874468235,0,1,0,430760,174850,54562,53394,1.61964133535885,0.23393386025481502
11414,0.1565951756298645,0,3,0,430763,174847,54562,53394,1.6196135462595873,0.2339369350817776
11415,0.1566003048346897,33,139,33,430902,174708,54595,53361,1.6183259846604172,0.23396866737697802
11416,0.1566039513519093,0,2,0,430904,174706,54595,53361,1.618307458594242,0.23397071913078174
11417,0.1566040453871879,1,4,1,430908,174702,54596,53360,1.6182704064618918,0.2339714639001675
11418,0.1566040738448378,0,2,0,430910,174700,54596,53360,1.6182518803957169,0.23397351574147154
11419,0.1566057159890598,11,38,11,430948,174662,54607,53349,1.6178998851383897,0.23397555381100035
11420,0.156607410645068,0,9,0,430957,174653,54607,53349,1.6178165178406017,0.23398478960710872
11421,0.1566077053376852,14,35,14,430992,174618,54621,53335,1.6174923116825373,0.2339736700109233
11422,0.1566093438469181,4,10,4,431002,174608,54625,53331,1.6173996813516618,0.23397049210534399
11423,0.1566140449559144,48,179,48,431181,174429,54673,53283,1.6157415984289896,0.2339929384485666
11424,0.1566157310805046,0,3,0,431184,174426,54673,53283,1.615713809329727,0.23399602123763225
11425,0.1566171958046464,48,245,48,431429,174181,54721,53235,1.6134443662232762,0.23408643191332185
11426,0.156622588057235,2,1,2,431430,174180,54723,53233,1.6134351031901886,0.23408072537629776
11427,0.1566237974206231,2,8,2,431438,174172,54725,53231,1.6133609989254882,0.23408222406916357
11428,0.1566291274676979,13,41,13,431479,174131,54738,53218,1.6129812145688984,0.2340806425363648
11429,0.1566335997982303,0,4,0,431483,174127,54738,53218,1.6129441624365481,0.23408476104598738
11430,0.1566351664639582,0,2,0,431485,174125,54738,53218,1.612925636370373,0.2340868203551462
11431,0.1566391985784471,2,13,2,431498,174112,54740,53216,1.612805216940235,0.23409346846846846
11432,0.1566464397913078,0,8,0,431506,174104,54740,53216,1.6127311126755344,0.23410170684497625
11433,0.1566486479494326,0,1,0,431507,174103,54740,53216,1.612721849642447,0.23410273668281137
11434,0.1566519843125721,4,20,4,431527,174083,54744,53212,1.6125365889806957,0.23410985723399108
11435,0.1566528082337952,0,12,0,431539,174071,54744,53212,1.6124254325836451,0.23412221767576105
11436,0.1566556200202507,0,1,0,431540,174070,54744,53212,1.6124161695505577,0.23412324777149093
11437,0.1566563449785814,0,1,0,431541,174069,54744,53212,1.61240690651747,0.2341242778762853
11438,0.1566581306756709,2,4,2,431545,174065,54746,53210,1.61236985438512,0.23412165878341218
11439,0.1566585883737396,2,8,2,431553,174057,54748,53208,1.6122957501204194,0.23412316018744636
11440,0.1566730298139633,0,1,0,431554,174056,54748,53208,1.612286487087332,0.23412419036891016
11441,0.1566750735139893,0,2,0,431556,174054,54748,53208,1.6122679610211568,0.23412625075903581
11442,0.1566771398986747,2,24,2,431580,174030,54750,53206,1.6120456482270555,0.23414423770881373
11443,0.1566772213266138,2,10,2,431590,174020,54752,53204,1.6119530178961798,0.23414780128859627
11444,0.1566787951918046,5,22,5,431612,173998,54757,53199,1.6117492311682537,0.2341536199861794
11445,0.1566792295484967,10,46,10,431658,173952,54767,53189,1.6113231316462262,0.23416732338063143
11446,0.1566795686253004,0,3,0,431661,173949,54767,53189,1.6112953425469636,0.23417041622273685
11447,0.1566816190965688,1,18,1,431679,173931,54768,53188,1.6111286079513876,0.23418560314196524
11448,0.156686622624913,0,2,0,431681,173929,54768,53188,1.6111100818852124,0.23418766538832408
11449,0.1566904993397432,2,14,2,431695,173915,54770,53186,1.6109803994219867,0.23419535801251426
11450,0.1566911018228071,0,2,0,431697,173913,54770,53186,1.6109618733558115,0.2341974205082365
11451,0.1566928454082095,1,6,1,431703,173907,54771,53185,1.6109062951572863,0.23420023602768922
11452,0.1566942466871893,1,0,1,431703,173907,54772,53184,1.6109062951572863,0.2341968638123043
11453,0.1566948171067123,0,3,0,431706,173904,54772,53184,1.6108785060580237,0.2341999577256394
11454,0.1566949785376372,3,20,3,431726,173884,54775,53181,1.6106932453962726,0.23421046836808843
11455,0.1566956877400953,2,1,2,431727,173883,54777,53179,1.610683982363185,0.2342047546485101
11456,0.1567002029569742,0,1,0,431728,173882,54777,53179,1.6106747193300974,0.2342057861103404
11457,0.1567006139578431,2,1,2,431729,173881,54779,53177,1.61066545629701,0.23420007222824124
11458,0.1567016757338435,1,0,1,431729,173881,54780,53176,1.61066545629701,0.2341966995071722
11459,0.1567048781480948,1,0,1,431729,173881,54781,53175,1.61066545629701,0.2341933267563949
11460,0.1567058643171938,2,27,2,431756,173854,54783,53173,1.610415354403646,0.2342144326445753
11461,0.1567085551606822,0,3,0,431759,173851,54783,53173,1.6103875653043833,0.2342175276622736
11462,0.1567098525351828,8,41,8,431800,173810,54791,53165,1.6100077809477935,0.23423284502698535
11463,0.1567104616900962,1,2,1,431802,173808,54792,53164,1.6099892548816184,0.23423153516733342
11464,0.156712512009454,0,2,0,431804,173806,54792,53164,1.6099707288154432,0.2342335991540732
11465,0.1567137425895024,0,4,0,431808,173802,54792,53164,1.6099336766830932,0.23423772723667863
11466,0.1567150616265692,16,86,16,431894,173716,54808,53148,1.6091370558375635,0.23427251569222088
11467,0.1567153160790615,0,1,0,431895,173715,54808,53148,1.6091277928044758,0.23427354835297073
11468,0.1567197577224564,2,2,2,431897,173713,54810,53146,1.6091092667383007,0.23426886303827488
11469,0.1567212830935609,2,5,2,431902,173708,54812,53144,1.609062951572863,0.2342672755805547
11470,0.1567235699742881,4,19,4,431921,173689,54816,53140,1.6088869539441994,0.23427339537713432
11471,0.1567252084160705,1,16,1,431937,173673,54817,53139,1.6087387454147986,0.23428654568541346
11472,0.1567263146449473,0,1,0,431938,173672,54817,53139,1.608729482381711,0.23428757864477473
11473,0.1567286127120385,2,19,2,431957,173653,54819,53137,1.6085534847530476,0.2343004541646457
11474,0.1567295268560207,0,3,0,431960,173650,54819,53137,1.6085256956537848,0.234303553554657
11475,0.1567348711122892,0,2,0,431962,173648,54819,53137,1.6085071695876099,0.23430561986022003
11476,0.1567364654910491,33,108,33,432070,173540,54852,53104,1.6075067620141539,0.2343057835195284
11477,0.1567372894122721,11,40,11,432110,173500,54863,53093,1.6071362406906518,0.23430997427104985
11478,0.1567377625667092,0,2,0,432112,173498,54863,53093,1.6071177146244766,0.2343120424023902
11479,0.1567382292793769,0,1,0,432113,173497,54863,53093,1.6071084515913892,0.23431307648175118
11480,0.1567423035501766,1,17,1,432130,173480,54864,53092,1.6069509800289006,0.23432727786310753
11481,0.1567496719715619,0,2,0,432132,173478,54864,53092,1.6069324539627257,0.2343293463388798
11482,0.1567529995059549,0,2,0,432134,173476,54864,53092,1.6069139278965505,0.2343314148511705
11483,0.156753042112449,1,3,1,432137,173473,54865,53091,1.6068861387972877,0.2343311382214297
11484,0.1567556546824229,1,5,1,432142,173468,54866,53090,1.60683982363185,0.23433293019888946
11485,0.156756296383934,0,2,0,432144,173466,54866,53090,1.6068212975656748,0.23433499885238088
11486,0.1567575109924402,0,3,0,432147,173463,54866,53090,1.6067935084664122,0.2343381019011004
11487,0.1567576594310643,0,4,0,432151,173459,54866,53090,1.606756456334062,0.2343422394272321
11488,0.1567602982382311,1,0,1,432151,173459,54867,53089,1.606756456334062,0.2343388597559899
11489,0.1567607522628496,0,2,0,432153,173457,54867,53089,1.606737930267887,0.23434092855314154
11490,0.1567619496989376,0,2,0,432155,173455,54867,53089,1.6067194042017119,0.2343429973868211
11491,0.1567632763702815,26,104,26,432259,173351,54893,53063,1.6057560487606062,0.2343627160864611
11492,0.1567642860395397,1,2,1,432261,173349,54894,53062,1.605737522694431,0.23436140470206837
11493,0.1567659359154447,0,8,0,432269,173341,54894,53062,1.6056634184297307,0.2343696859140559
11494,0.1567671819182375,3,6,3,432275,173335,54897,53059,1.6056078402312053,0.23436575174253735
11495,0.1567682752837461,1,7,1,432282,173328,54898,53058,1.6055429989995924,0.2343696164957197
11496,0.1567710850738327,0,2,0,432284,173326,54898,53058,1.6055244729334173,0.23437168704502084
11497,0.1567721746929863,0,18,0,432302,173308,54898,53058,1.6053577383378412,0.2343903236351749
11498,0.1567752988781834,0,3,0,432305,173305,54898,53058,1.6053299492385786,0.23439343002169083
11499,0.1567773265866865,12,74,12,432379,173231,54910,53046,1.6046444847900996,0.2344294824485034
11500,0.1567792982851893,0,3,0,432382,173228,54910,53046,1.604616695690837,0.2344325905760273
11501,0.1567797780760775,1,8,1,432390,173220,54911,53045,1.6045425914261366,0.2344374958566283
11502,0.1567815966023957,0,1,0,432391,173219,54911,53045,1.604533328393049,0.23443853198034154
11503,0.1567835821651826,1,7,1,432398,173212,54912,53044,1.604468487161436,0.2344424015274733
11504,0.1567861569123204,1,5,1,432403,173207,54913,53043,1.6044221719959983,0.23444419889502763
11505,0.1567865867381221,0,2,0,432405,173205,54913,53043,1.6044036459298232,0.23444627134825502
11506,0.1567892608023157,0,2,0,432407,173203,54913,53043,1.604385119863648,0.2344483438381231
11507,0.1567930045352776,0,12,0,432419,173191,54913,53043,1.6042739634665975,0.2344607795468409
11508,0.1567930363391591,2,22,2,432441,173169,54915,53041,1.6040701767386714,0.23447681358030148
11509,0.1567933186971724,8,29,8,432470,173140,54923,53033,1.6038015487791322,0.23447980086040332
11510,0.1567993104359614,0,4,0,432474,173136,54923,53033,1.6037644966467821,0.23448394784431112
11511,0.1568024872615159,0,2,0,432476,173134,54923,53033,1.603745970580607,0.2344860213912728
11512,0.1568038917841896,3,15,3,432491,173119,54926,53030,1.6036070250842935,0.23449141937395257
11513,0.1568046787740523,0,1,0,432492,173118,54926,53030,1.603597762051206,0.23449245626757698
11514,0.1568049410250388,0,5,0,432497,173113,54926,53030,1.6035514468857683,0.23449764087325276
11515,0.1568063639763461,1,4,1,432501,173109,54927,53029,1.603514394753418,0.23449840362964208
11516,0.1568071414732802,2,12,2,432513,173097,54929,53027,1.6034032383563674,0.23450407740885532
11517,0.1568095446937938,6,18,6,432531,173079,54935,53021,1.6032365037607914,0.23450243255196815
11518,0.1568107958234243,0,4,0,432535,173075,54935,53021,1.6031994516284411,0.23450658127521054
11519,0.15681094222305,2,2,2,432537,173073,54937,53019,1.6031809255622662,0.23450188418873733
11520,0.1568167714962941,0,1,0,432538,173072,54937,53019,1.6031716625291785,0.23450292139005977
11521,0.1568198414910699,0,2,0,432540,173070,54937,53019,1.6031531364630034,0.2345049958202301
11522,0.1568217289537967,9,16,9,432556,173054,54946,53010,1.6030049279336025,0.23449111755962912
11523,0.1568235282488353,0,18,0,432574,173036,54946,53010,1.6028381933380267,0.23450979004273467
11524,0.1568235949101988,6,25,6,432599,173011,54952,53004,1.6026066175108378,0.23451540826936265
11525,0.1568243989764761,13,79,13,432678,172932,54965,52991,1.601874837896921,0.2345533655271929
11526,0.1568251917060091,0,4,0,432682,172928,54965,52991,1.6018377857645707,0.23455751840261332
11527,0.1568268706213965,0,4,0,432686,172924,54965,52991,1.6018007336322206,0.23456167142509352
11528,0.1568278571190773,2,23,2,432709,172901,54967,52989,1.6015876838712069,0.23457877728097748
11529,0.1568296516381996,0,7,0,432716,172894,54967,52989,1.601522842639594,0.23458604675872022
11530,0.1568318589733744,2,3,2,432719,172891,54969,52987,1.6014950535403312,0.2345823851813811
11531,0.1568329115853088,4,10,4,432729,172881,54973,52983,1.6014024232094557,0.23457921581128466
11532,0.1568340019768407,0,8,0,432737,172873,54973,52983,1.6013283189447554,0.23458752479455935
11533,0.1568379167006965,1,0,1,432737,172873,54974,52982,1.6013283189447554,0.23458413583936596
11534,0.1568410084350979,0,11,0,432748,172862,54974,52982,1.6012264255807922,0.2345955615380528
11535,0.1568420156764117,0,1,0,432749,172861,54974,52982,1.6012171625477045,0.23459660029312399
11536,0.1568444515579633,0,3,0,432752,172858,54974,52982,1.601189373448442,0.2345997166135317
11537,0.1568503397236137,1,0,1,432752,172858,54975,52981,1.601189373448442,0.23459632747222578
11538,0.1568504057894312,0,6,0,432758,172852,54975,52981,1.6011337952499167,0.234602560298982
11539,0.1568527122992631,2,17,2,432775,172835,54977,52979,1.6009763236874281,0.23461344292205089
11540,0.1568555662523097,0,8,0,432783,172827,54977,52979,1.6009022194227278,0.23462175495779564
11541,0.1568570641469366,1,1,1,432784,172826,54978,52978,1.6008929563896401,0.2346194044392482
11542,0.15685860357355,2,2,2,432786,172824,54980,52976,1.6008744303234652,0.2346147032772365
11543,0.1568621026531934,0,2,0,432788,172822,54980,52976,1.60085590425729,0.2346167813709599
11544,0.1568638696571734,0,1,0,432789,172821,54980,52976,1.6008466412242024,0.23461782043162663
11545,0.1568653408977461,0,5,0,432794,172816,54980,52976,1.6008003260587647,0.23462301587301587
11546,0.1568655562434429,0,5,0,432799,172811,54980,52976,1.600754010893327,0.23462821154450877
11547,0.1568680915179274,5,10,5,432809,172801,54985,52971,1.6006613805624514,0.2346216537037365
11548,0.1568702235468887,1,3,1,432812,172798,54986,52970,1.6006335914631886,0.23462138124091989
11549,0.1568712988163833,0,2,0,432814,172796,54986,52970,1.6006150653970137,0.23462345968834988
11550,0.1568722909485758,0,3,0,432817,172793,54986,52970,1.6005872762977509,0.23462657742854232
11551,0.1568733930106358,1,0,1,432817,172793,54987,52969,1.6005872762977509,0.23462318725029013
11552,0.156876952154826,9,34,9,432851,172759,54996,52960,1.6002723331727742,0.23462801093394886
11553,0.1568789482377077,9,43,9,432894,172716,55005,52951,1.5998740227500092,0.23464219402925549
11554,0.1568832542349449,1,21,1,432915,172695,55006,52950,1.5996794990551706,0.23466063950009972
11555,0.156883447398815,0,4,0,432919,172691,55006,52950,1.5996424469228203,0.2346647993937272
11556,0.1568837916144383,4,6,4,432925,172685,55010,52946,1.5995868687242951,0.2346574717126636
11557,0.1568852432037714,0,1,0,432926,172684,55010,52946,1.5995776056912074,0.23465851172273192
11558,0.1568902833652715,6,17,6,432943,172667,55016,52940,1.599420134128719,0.23465583957944566
11559,0.1568906316135882,0,2,0,432945,172665,55016,52940,1.599401608062544,0.23465791981560694
11560,0.1568911635147863,1,4,1,432949,172661,55017,52939,1.5993645559301939,0.23465868794326242
11561,0.156892612841777,2,15,2,432964,172646,55019,52937,1.5992256104338805,0.23466750597341113
11562,0.1568930643820746,11,70,11,433034,172576,55030,52926,1.5985771981177517,0.23470301815504963
11563,0.1568940258722708,54,236,54,433270,172340,55084,52872,1.596391122309089,0.23476546542812993
11564,0.1568960673506964,0,17,0,433287,172323,55084,52872,1.5962336507466004,0.2347831879038167
11565,0.1568964213436482,0,4,0,433291,172319,55084,52872,1.5961965986142503,0.2347873582869653
11566,0.1568966080471261,0,3,0,433294,172316,55084,52872,1.5961688095149875,0.23479048617155443
11567,0.156904421178973,78,368,78,433662,171948,55162,52794,1.5927600133387676,0.2349093627359372
11568,0.156905562711984,6,58,6,433720,171890,55168,52788,1.5922227574196894,0.2349495722767694
11569,0.1569072038805643,2,6,2,433726,171884,55170,52786,1.5921671792211642,0.23494903636444564
11570,0.1569080760886757,36,146,36,433872,171738,55206,52750,1.5908147763903813,0.2349791525604932
11571,0.1569143111642689,1,12,1,433884,171726,55207,52749,1.5907036199933307,0.23498830604744403
11572,0.1569181407244376,1,1,1,433885,171725,55208,52748,1.590694356960243,0.2349859448575107
11573,0.1569208579186979,3,8,3,433893,171717,55211,52745,1.5906202526955426,0.23498409530343667
11574,0.1569213655777076,1,7,1,433900,171710,55212,52744,1.5905554114639298,0.23498801536172223
11575,0.1569228377094201,1,0,1,433900,171710,55213,52743,1.5905554114639298,0.2349846070224056
11576,0.1569231414899028,0,1,0,433901,171709,55213,52743,1.5905461484308423,0.23498565394828294
11577,0.1569240661175762,0,5,0,433906,171704,55213,52743,1.5904998332654043,0.2349908887176037
11578,0.1569255153970684,6,27,6,433933,171677,55219,52737,1.5902497313720405,0.23499870774550607
11579,0.1569256393752963,0,3,0,433936,171674,55219,52737,1.5902219422727777,0.23500184928546283
11580,0.1569258447756017,5,16,5,433952,171658,55224,52732,1.590073733743377,0.23500155978430412
11581,0.1569264968548887,1,7,1,433959,171651,55225,52731,1.5900088925117641,0.23500548172313288
11582,0.1569284333595529,2,12,2,433971,171639,55227,52729,1.5898977361147133,0.23501123154817086
11583,0.1569300209167415,0,6,0,433977,171633,55227,52729,1.589842157916188,0.2350175163352083
11584,0.1569347115602583,3,9,3,433986,171624,55230,52726,1.5897587906184,0.23501671495431245
11585,0.1569348869679082,41,160,41,434146,171464,55271,52685,1.5882767053243914,0.23504454626163845
11586,0.15693532750184,2,2,2,434148,171462,55273,52683,1.5882581792582162,0.23503981797497156
11587,0.1569354457705052,0,2,0,434150,171460,55273,52683,1.5882396531920413,0.23504191520591766
11588,0.1569371169785861,8,37,8,434187,171423,55281,52675,1.5878969209678018,0.23505341413131756
11589,0.1569381158562263,0,4,0,434191,171419,55281,52675,1.5878598688354515,0.23505760975305007
11590,0.156940263613079,11,51,11,434242,171368,55292,52664,1.5873874541479862,0.23507356091986858
11591,0.1569415453254136,5,20,5,434262,171348,55297,52659,1.587202193486235,0.23507747525746964
11592,0.1569433863022559,0,4,0,434266,171344,55297,52659,1.587165141353885,0.23508167301330785
11593,0.1569489329400778,3,11,3,434277,171333,55300,52656,1.5870632479899218,0.23508297282455834
11594,0.1569490337892334,0,1,0,434278,171332,55300,52656,1.5870539849568344,0.23508402235834064
11595,0.1569509062770816,1,5,1,434283,171327,55301,52655,1.5870076697913964,0.23508585511335733
11596,0.1569511567684919,13,63,13,434346,171264,55314,52642,1.5864240987068805,0.2351075897921449
11597,0.1569592871186119,8,31,8,434377,171233,55322,52634,1.5861369446811664,0.23511281251814695
11598,0.1569605794877812,0,3,0,434380,171230,55322,52634,1.5861091555819038,0.23511596326340992
11599,0.1569648829288697,38,184,38,434564,171046,55360,52596,1.5844047574937938,0.23517943856699547
11600,0.1569671625752521,1,7,1,434571,171039,55361,52595,1.584339916262181,0.23518337998694294
11601,0.1569679820787914,16,60,16,434631,170979,55377,52579,1.5837841342769277,0.23519176231671424
11602,0.1569686307013974,0,3,0,434634,170976,55377,52579,1.583756345177665,0.23519491847643756
11603,0.1569725678810593,0,1,0,434635,170975,55377,52579,1.5837470821445774,0.23519597054850283
11604,0.1569746095676135,2,8,2,434643,170967,55379,52577,1.583672977879877,0.23519754500232617
11605,0.1569779873566713,0,1,0,434644,170966,55379,52577,1.5836637148467894,0.23519859713791083
11606,0.1569787646157076,10,22,10,434666,170944,55389,52567,1.5834599281188633,0.23518752992022765
11607,0.1569802266698675,0,2,0,434668,170942,55389,52567,1.5834414020526881,0.2351896344218801
11608,0.156981089225603,3,15,3,434683,170927,55392,52564,1.583302456556375,0.2351951532723913
11609,0.1569811552914205,0,4,0,434687,170923,55392,52564,1.5832654044240246,0.23519936282647314
11610,0.1569818937099293,0,3,0,434690,170920,55392,52564,1.583237615324762,0.23520252009092374
11611,0.1569838755570284,5,23,5,434713,170897,55397,52559,1.5830245655637483,0.23520961621079764
11612,0.1569873243011962,0,1,0,434714,170896,55397,52559,1.5830153025306606,0.23521066881475017
11613,0.1569878906209441,2,0,2,434714,170896,55399,52557,1.5830153025306606,0.23520382362286477
11614,0.1569910873342976,0,1,0,434715,170895,55399,52557,1.5830060394975731,0.23520487621502606
11615,0.1569933985427859,0,1,0,434716,170894,55399,52557,1.5829967764644854,0.23520592881660857
11616,0.1569948128743106,7,24,7,434740,170870,55406,52550,1.5827744636703842,0.23520723301405425
11617,0.1569999940946962,56,292,56,435032,170578,55462,52494,1.5800696580088185,0.23532312437239994
11618,0.1570026219029145,1,1,1,435033,170577,55463,52493,1.5800603949757308,0.2353207513336621
11619,0.1570058229573783,1,1,1,435034,170576,55464,52492,1.5800511319426433,0.23531837825237148
11620,0.157010544716368,7,15,7,435049,170561,55471,52485,1.57991218644633,0.23531020506980624
11621,0.157015023914262,7,42,7,435091,170519,55478,52478,1.5795231390566526,0.23533052014152656
11622,0.1570199269489821,11,24,11,435115,170495,55489,52467,1.5793008262625514,0.23531812595868354
11623,0.1570211144024663,5,8,5,435123,170487,55494,52462,1.579226721997851,0.23530942054012352
11624,0.1570295377991278,0,1,0,435124,170486,55494,52462,1.5792174589647634,0.2353104759854316
11625,0.1570298093626458,1,6,1,435130,170480,55495,52461,1.5791618807662382,0.2353133788760255
11626,0.1570301054412002,3,13,3,435143,170467,55498,52458,1.5790414613361,0.23531681058652013
11627,0.1570333552118859,0,1,0,435144,170466,55498,52458,1.5790321983030124,0.23531786617860795
11628,0.1570335149677103,3,2,3,435146,170464,55501,52455,1.5790136722368373,0.2353096864780481
11629,0.1570350019960383,2,2,2,435148,170462,55503,52453,1.5789951461706622,0.235304936859341
11630,0.1570353068580681,0,1,0,435149,170461,55503,52453,1.5789858831375745,0.23530599244551711
11631,0.1570359427036312,1,1,1,435150,170460,55504,52452,1.578976620104487,0.23530361757105944
11632,0.1570359806249344,0,1,0,435151,170459,55504,52452,1.5789673570713996,0.23530467316552345
11633,0.1570367863090271,18,61,18,435212,170398,55522,52434,1.5784023120530586,0.23530731672291233
11634,0.1570372302143105,2,6,2,435218,170392,55524,52432,1.5783467338545334,0.2353067892148063
11635,0.15703842481826,5,12,5,435230,170380,55529,52427,1.5782355774574828,0.23530230199230726
11636,0.1570390821918799,0,1,0,435231,170379,55529,52427,1.578226314424395,0.23530335807832822
11637,0.1570394159995286,0,2,0,435233,170377,55529,52427,1.57820778835822,0.23530547027881007
11638,0.157040591899562,5,29,5,435262,170348,55534,52422,1.577939160398681,0.235318938815819
11639,0.1570436394137426,2,18,2,435280,170330,55536,52420,1.577772425803105,0.235331088664422
11640,0.1570450606662581,11,34,11,435314,170296,55547,52409,1.577457482678128,0.23532924721043533
11641,0.1570457722177308,4,5,4,435319,170291,55551,52405,1.5774111675126903,0.23532079606279413
11642,0.1570467129405488,1,0,1,435319,170291,55552,52404,1.5774111675126903,0.2353173623116819
11643,0.1570488856763747,0,1,0,435320,170290,55552,52404,1.5774019044796028,0.2353184189964705
11644,0.1570493157480005,8,33,8,435353,170257,55560,52396,1.5770962243877136,0.23532582089619272
11645,0.1570513033648192,3,18,3,435371,170239,55563,52393,1.5769294897921375,0.23533454310251894
11646,0.1570519105192002,1,3,1,435374,170236,55564,52392,1.576901700692875,0.23533427960544046
11647,0.1570538639868937,4,3,4,435377,170233,55568,52388,1.5768739115936121,0.23532371159953464
11648,0.1570544025416372,3,7,3,435384,170226,55571,52385,1.5768090703619992,0.23532080624946655
11649,0.1570548919392183,0,7,0,435391,170219,55571,52385,1.5767442291303864,0.2353282061418483
11650,0.1570618213785505,4,16,4,435407,170203,55575,52381,1.5765960206009857,0.2353313805125256
11651,0.1570648374563193,0,5,0,435412,170198,55575,52381,1.5765497054355477,0.23533666698116174
11652,0.1570649592779291,0,2,0,435414,170196,55575,52381,1.5765311793693728,0.23533878163511954
11653,0.1570656364698974,84,379,84,435793,169817,55659,52297,1.5730204898291897,0.23545116471721728
11654,0.1570663748884062,3,8,3,435801,169809,55662,52294,1.5729463855644892,0.23544931855940712
11655,0.1570665889815811,2,7,2,435808,169802,55664,52292,1.5728815443328763,0.23544985456608464
11656,0.1570671275363245,0,2,0,435810,169800,55664,52292,1.5728630182667012,0.23545197485726635
11657,0.157071729775609,0,2,0,435812,169798,55664,52292,1.5728444922005262,0.23545409518663604
11658,0.1570718715454906,4,37,4,435849,169761,55668,52288,1.5725017599762867,0.23547955631414688
11659,0.1570719785228764,0,1,0,435850,169760,55668,52288,1.572492496943199,0.235480616803574
11660,0.157073123838848,0,3,0,435853,169757,55668,52288,1.5724647078439364,0.23548379832916752
11661,0.1570755685127746,0,1,0,435854,169756,55668,52288,1.5724554448108488,0.23548485885680315
11662,0.1570773836925215,3,9,3,435863,169747,55671,52285,1.572372077513061,0.23548407436765872
11663,0.1570792036490271,7,46,7,435909,169701,55678,52278,1.5719459779910334,0.23550876434257295
11664,0.1570792479804661,0,1,0,435910,169700,55678,52278,1.5719367149579457,0.23550982529800252
11665,0.1570807475654726,30,118,30,436028,169582,55708,52248,1.5708436770536145,0.23553171347428212
11666,0.1570810678737289,0,1,0,436029,169581,55708,52248,1.5708344140205268,0.23553277524579744
11667,0.1570836828469211,5,60,5,436089,169521,55713,52243,1.5702786320352737,0.23557926444328206
11668,0.1570843314161645,0,1,0,436090,169520,55713,52243,1.570269369002186,0.235580326745219
11669,0.1570843788837119,1,1,1,436091,169519,55714,52242,1.5702601059690986,0.23557794201865973
11670,0.1570856594233352,0,4,0,436095,169515,55714,52242,1.5702230538367483,0.23558219131752323
11671,0.1570886863752653,0,3,0,436098,169512,55714,52242,1.5701952647374857,0.23558537839227253
11672,0.1570926751376095,53,116,53,436214,169396,55767,52189,1.5691207528993294,0.23552587043346798
11673,0.1570929505430029,0,5,0,436219,169391,55767,52189,1.5690744377338917,0.23553118512501128
11674,0.1570931655731594,3,10,3,436229,169381,55770,52186,1.568981807403016,0.2355314645231465
11675,0.1570943163061898,4,9,4,436238,169372,55774,52182,1.5688984401052282,0.23552723038175793
11676,0.157096476206785,0,1,0,436239,169371,55774,52182,1.5688891770721405,0.23552829345574197
11677,0.1570967679557609,2,4,2,436243,169367,55776,52180,1.5688521249397902,0.23552564467133386
11678,0.1570972215363094,1,2,1,436245,169365,55777,52179,1.5688335988736153,0.2355243202253277
11679,0.1570972248666248,0,3,0,436248,169362,55777,52179,1.5688058097743525,0.23552750958061938
11680,0.1570987196019432,1,3,1,436251,169359,55778,52178,1.5687780206750899,0.23552724827004068
11681,0.1570995187643283,0,1,0,436252,169358,55778,52178,1.5687687576420022,0.2355283114256825
11682,0.1571013700977891,11,73,11,436325,169285,55789,52167,1.5680925562266108,0.23556797861387568
11683,0.1571019927093387,0,1,0,436326,169284,55789,52167,1.5680832931935234,0.23556904236151563
11684,0.1571037970860875,4,14,4,436340,169270,55793,52163,1.5679536107302976,0.23557012730713128
11685,0.1571109767346718,0,4,0,436344,169266,55793,52163,1.5679165585979473,0.23557438275925918
11686,0.1571121526347052,23,112,23,436456,169154,55816,52140,1.5668790988921413,0.23561416034777263
11687,0.1571126432119185,2,6,2,436462,169148,55818,52138,1.5668235206936159,0.23561364026644252
11688,0.1571143732220017,0,1,0,436463,169147,55818,52138,1.5668142576605284,0.23561470501841517
11689,0.1571180738031854,1,4,1,436467,169143,55819,52137,1.5667772055281781,0.2356155097613883
11690,0.1571181398690029,0,1,0,436468,169142,55819,52137,1.5667679424950907,0.23561657455068036
11691,0.1571203649853733,1,8,1,436476,169134,55820,52136,1.56669383823039,0.23562163872192343
11692,0.157124359509422,7,58,7,436534,169076,55827,52129,1.566156582311312,0.23565923012590131
11693,0.1571264093529709,3,16,3,436550,169060,55830,52126,1.566008373781911,0.23566591013897806
11694,0.1571282502001943,4,5,4,436555,169055,55834,52122,1.5659620586164733,0.23565741464980536
11695,0.1571307202555373,1,9,1,436564,169046,55835,52121,1.5658786913186853,0.23566354835938455
11696,0.1571333821136938,132,652,132,437216,168394,55967,51989,1.5598391937456,0.235902950772065
11697,0.1571349452885357,8,52,8,437268,168342,55975,51981,1.5593575160250472,0.2359308832940728
11698,0.1571351425194841,0,2,0,437270,168340,55975,51981,1.559338989958872,0.23593302499534768
11699,0.1571360038677612,1,5,1,437275,168335,55976,51980,1.5592926747934344,0.23593491137689218
11700,0.1571368168729189,1,2,1,437277,168333,55977,51979,1.5592741487272592,0.2359335850974981
11701,0.1571393731176952,3,12,3,437289,168321,55980,51976,1.5591629923302086,0.2359360318115998
11702,0.1571396020802583,1,0,1,437289,168321,55981,51975,1.5591629923302086,0.2359325634600719
11703,0.1571421621449123,2,16,2,437305,168305,55983,51973,1.5590147838008077,0.2359427632355478
11704,0.1571488298945098,0,1,0,437306,168304,55983,51973,1.5590055207677203,0.2359438343540179
11705,0.1571500984312611,0,10,0,437316,168294,55983,51973,1.5589128904368446,0.2359545460736288
11706,0.15715265094563,11,36,11,437352,168258,55994,51962,1.5585794212456927,0.2359549541367723
11707,0.1571546358666194,0,1,0,437353,168257,55994,51962,1.558570158212605,0.23595602559270545
11708,0.1571564597013533,1,1,1,437354,168256,55995,51961,1.5585608951795176,0.23595362755827207
11709,0.1571567884571121,4,56,4,437410,168200,55999,51957,1.5580421653266145,0.23599976380492102
11710,0.1571572201584784,0,26,0,437436,168174,55999,51957,1.5578013264663382,0.23602763808822927
11711,0.15715988895066,0,1,0,437437,168173,55999,51957,1.5577920634332505,0.23602871030754555
11712,0.1571628234259485,0,2,0,437439,168171,55999,51957,1.5577735373670756,0.2360308547754034
11713,0.1571654054532137,5,17,5,437456,168154,56004,51952,1.557616065804587,0.23603173016637438
11714,0.1571658770413331,11,76,11,437532,168078,56015,51941,1.556912075289933,0.2360750662442789
11715,0.1571661930769125,0,3,0,437535,168075,56015,51941,1.5568842861906702,0.2360782852156207
11716,0.1571667042305495,2,6,2,437541,168069,56017,51939,1.556828707992145,0.2360777789898549
11717,0.1571678504072827,16,84,16,437625,167985,56033,51923,1.5560506132127905,0.23611237426560197
11718,0.1571688600621889,5,20,5,437645,167965,56038,51918,1.5558653525510393,0.2361164801280681
11719,0.1571695134517995,6,13,6,437658,167952,56044,51912,1.555744933120901,0.23610959502237747
11720,0.1571720585831405,0,2,0,437660,167950,56044,51912,1.555726407054726,0.2361117428204965
11721,0.1571724345835403,1,8,1,437668,167942,56045,51911,1.5556523027900255,0.2361168599018435
11722,0.1571754859484319,1,2,1,437670,167940,56046,51910,1.5556337767238504,0.23611553331817148
11723,0.1571771196083679,57,301,57,437971,167639,56103,51853,1.5528456037644967,0.23624095639021012
11724,0.1571773626285357,1,8,1,437979,167631,56104,51852,1.5527714994997963,0.23624608739629038
11725,0.1571776052209624,9,20,9,437999,167611,56113,51843,1.5525862388380451,0.23623629553346032
11726,0.1571781338455852,0,1,0,438000,167610,56113,51843,1.5525769758049577,0.23623737201131906
11727,0.1571781437757058,10,40,10,438040,167570,56123,51833,1.5522064544814553,0.2362456301873721
11728,0.1571817060451018,2,10,2,438050,167560,56125,51831,1.5521138241505799,0.23624943593857542
11729,0.1571818418264298,3,23,3,438073,167537,56128,51828,1.551900774389566,0.23626376131105692
11730,0.1571820710252471,0,1,0,438074,167536,56128,51828,1.5518915113564786,0.23626483835086887
11731,0.1571884304684246,0,2,0,438076,167534,56128,51828,1.5518729852903035,0.23626699245995203
11732,0.1571886287532401,0,1,0,438077,167533,56128,51828,1.5518637222572158,0.23626806952922352
11733,0.15719506828563,5,13,5,438090,167520,56133,51823,1.5517433028270777,0.236264663107553
11734,0.1571962628895794,5,20,5,438110,167500,56138,51818,1.5515580421653266,0.23626879690677463
11735,0.1571971243903955,3,21,3,438131,167479,56141,51815,1.551363518470488,0.2362809743996644
11736,0.1571978311516156,0,1,0,438132,167478,56141,51815,1.5513542554374005,0.23628205186668066
11737,0.1571980143737799,1,2,1,438134,167476,56142,51814,1.5513357293712253,0.23628072415522824
11738,0.1572026210474798,17,88,17,438222,167388,56159,51797,1.5505205824595205,0.23631635376508428
11739,0.1572045510118682,0,3,0,438225,167385,56159,51797,1.550492793360258,0.23631958828735936
11740,0.1572071224990901,0,1,0,438226,167384,56159,51797,1.5504835303271702,0.23632066648112748
11741,0.1572078576643013,0,2,0,438228,167382,56159,51797,1.5504650042609953,0.2363228228981791
11742,0.1572104794917807,1,2,1,438230,167380,56160,51796,1.5504464781948202,0.23632149505420302
11743,0.1572111628154015,1,5,1,438235,167375,56161,51795,1.5504001630293824,0.236323401925446
11744,0.1572122603559154,2,7,2,438242,167368,56163,51793,1.5503353217977696,0.23632398100026922
11745,0.157219289486242,3,2,3,438244,167366,56166,51790,1.5503167957315944,0.23631568380514337
11746,0.1572213634612943,0,1,0,438245,167365,56166,51790,1.5503075326985067,0.2363167621090096
11747,0.1572223996685143,11,61,11,438306,167304,56177,51779,1.549742487680166,0.23634421657545313
11748,0.1572277043251875,9,30,9,438336,167274,56186,51770,1.5494645966875393,0.23634520918171692
11749,0.1572279743686141,0,3,0,438339,167271,56186,51770,1.5494368075882767,0.2363484461813085
11750,0.157228527132678,3,2,3,438341,167269,56189,51767,1.5494182815221016,0.2363401449989956
11751,0.1572298362694124,10,30,10,438371,167239,56199,51757,1.549140390529475,0.23633765000273976
11752,0.1572317906681175,0,4,0,438375,167235,56199,51757,1.5491033383971247,0.23634196682983855
11753,0.1572370860517855,1,2,1,438377,167233,56200,51756,1.5490848123309497,0.2363406381142432
11754,0.1572453255241121,1,4,1,438381,167229,56201,51755,1.5490477601985995,0.2363414678697987
11755,0.1572454837691222,2,2,2,438383,167227,56203,51753,1.5490292341324243,0.23633665174901816
11756,0.1572455030459431,2,8,2,438391,167219,56205,51751,1.548955129867724,0.23633831118418047
11757,0.1572495501325028,3,7,3,438398,167212,56208,51748,1.5488902886361111,0.23633540372670808
11758,0.1572498892093066,1,0,1,438398,167212,56209,51747,1.5488902886361111,0.23633191602080755
11759,0.1572504454928539,0,1,0,438399,167211,56209,51747,1.5488810256030234,0.23633299536897487
11760,0.1572508099251386,8,27,8,438426,167184,56217,51739,1.5486309237096596,0.2363342362383121
11761,0.1572518531547877,0,3,0,438429,167181,56217,51739,1.5486031346103968,0.2363374748766673
11762,0.1572520414971151,3,3,3,438432,167178,56220,51736,1.5485753455111342,0.23633024840805064
11763,0.1572541262113072,1,17,1,438449,167161,56221,51735,1.5484178739486458,0.23634511366128208
11764,0.157258838124923,0,1,0,438450,167160,56221,51735,1.5484086109155581,0.23634619338038787
11765,0.1572599439510175,0,2,0,438452,167158,56221,51735,1.548390084849383,0.23634835284819525
11766,0.1572650092344973,0,1,0,438453,167157,56221,51735,1.5483808218162955,0.2363494325968971
11767,0.1572693918867589,1,17,1,438470,167140,56222,51734,1.5482233502538072,0.23636430092199165
11768,0.1572694884323913,0,2,0,438472,167138,56222,51734,1.548204824187632,0.23636646076245477
11769,0.1572695751089231,8,37,8,438509,167101,56230,51726,1.5478620919633925,0.2363785090505285
11770,0.1572699354556153,3,4,3,438513,167097,56233,51723,1.5478250398310422,0.23637236084452976
11771,0.1572729116469016,5,60,5,438573,167037,56238,51718,1.547269257845789,0.2364197389773948
11772,0.1572738396653298,4,10,4,438583,167027,56242,51714,1.5471766275149135,0.2364165839965987
11773,0.1572745418745597,1,2,1,438585,167025,56243,51713,1.5471581014487383,0.23641525477969078
11774,0.1572756730997905,9,34,9,438619,166991,56252,51704,1.5468431583237616,0.2364205857472736
11775,0.157276877911948,0,1,0,438620,166990,56252,51704,1.546833895290674,0.23642166680384463
11776,0.1572778508397367,0,1,0,438621,166989,56252,51704,1.5468246322575865,0.2364227478703022
11777,0.1572805296911808,23,99,23,438720,166890,56275,51681,1.5459075919819185,0.23644948323428086
11778,0.1572817541193162,1,3,1,438723,166887,56276,51680,1.545879802882656,0.23644923524594288
11779,0.1572824504319437,0,5,0,438728,166882,56276,51680,1.5458334877172182,0.23645464444871478
11780,0.157282702230117,15,57,15,438785,166825,56291,51665,1.5453054948312275,0.2364639113918257
11781,0.1572830748225218,7,19,7,438804,166806,56298,51658,1.545129497202564,0.23646001171817782
11782,0.1572897311897188,0,1,0,438805,166805,56298,51658,1.5451202341694765,0.23646109409831412
11783,0.157291603677567,2,4,2,438809,166801,56300,51656,1.5450831820371262,0.23645843346745585
11784,0.157291939876553,3,10,3,438819,166791,56303,51653,1.5449905517062508,0.23645877204226254
11785,0.1572932272651386,1,13,1,438832,166778,56304,51652,1.5448701322761125,0.23646934944833586
11786,0.157294421869088,1,9,1,438841,166769,56305,51651,1.5447867649783245,0.2364755974727589
11787,0.1572946549442383,3,15,3,438856,166754,56308,51648,1.5446478194820112,0.23648135090338002
11788,0.1572957998172091,3,8,3,438864,166746,56311,51645,1.5445737152173107,0.2364795252551616
11789,0.1572959057309239,1,8,1,438872,166738,56312,51644,1.5444996109526103,0.23648469196179173
11790,0.1572981461149089,0,1,0,438873,166737,56312,51644,1.5444903479195227,0.23648577486136615
11791,0.1572988719769266,1,0,1,438873,166737,56313,51643,1.5444903479195227,0.23648227859694113
11792,0.1572992650603307,53,241,53,439114,166496,56366,51590,1.5422579569454222,0.23655805507918895
11793,0.157301917385734,1,4,1,439118,166492,56367,51589,1.542220904813072,0.23655889325525836
11794,0.1573031681510734,2,14,2,439132,166478,56369,51587,1.5420912223498462,0.23656707862334625
11795,0.1573058446397713,3,13,3,439145,166465,56372,51584,1.5419708029197081,0.23657067906754903
11796,0.157308222746131,1,1,1,439146,166464,56373,51583,1.5419615398866204,0.23656826280572538
11797,0.1573083343596764,39,207,39,439353,166257,56412,51544,1.5400440920374967,0.23665639735354752
11798,0.1573090550733581,1,0,1,439353,166257,56413,51543,1.5400440920374967,0.23665289256198346
11799,0.157312455547091,10,32,10,439385,166225,56423,51533,1.539747674978695,0.23665261437008056
11800,0.1573125195708685,0,1,0,439386,166224,56423,51533,1.5397384119456075,0.23665370114393566
11801,0.1573132600314173,0,2,0,439388,166222,56423,51533,1.5397198858794323,0.23665587472159078
11802,0.1573175389551823,50,163,50,439551,166059,56473,51483,1.538210011486161,0.23665774884849822
11803,0.157317566657393,0,4,0,439555,166055,56473,51483,1.5381729593538107,0.2366621004146402
11804,0.1573186906226842,0,2,0,439557,166053,56473,51483,1.5381544332876358,0.23666427625772285
11805,0.1573188739036826,5,22,5,439579,166031,56478,51478,1.5379506465597095,0.23667066650115628
11806,0.1573225355604812,1,0,1,439579,166031,56479,51477,1.5379506465597095,0.2366671570700848
11807,0.1573240311482319,1,4,1,439583,166027,56480,51476,1.5379135944273592,0.23666799998160945
11808,0.1573293633687024,0,2,0,439585,166025,56480,51476,1.5378950683611843,0.2366701762290748
11809,0.157330164577177,0,1,0,439586,166024,56480,51476,1.5378858053280966,0.2366712643678161
11810,0.1573310329198768,0,1,0,439587,166023,56480,51476,1.5378765422950091,0.2366723525165633
11811,0.1573312777947322,0,1,0,439588,166022,56480,51476,1.5378672792619215,0.23667344067531657
11812,0.15733159889837,0,4,0,439592,166018,56480,51476,1.5378302271295714,0.23667779341039294
11813,0.1573341089679779,2,3,2,439595,166015,56482,51474,1.5378024380303086,0.23667403868701406
11814,0.1573352450312942,1,1,1,439596,166014,56483,51473,1.5377931749972211,0.23667161715412877
11815,0.1573356064895654,1,3,1,439599,166011,56484,51472,1.5377653858979585,0.23667137201528396
11816,0.1573433193033999,1,13,1,439612,165998,56485,51471,1.5376449664678202,0.23668200984967971
11817,0.157346102609703,6,43,6,439655,165955,56491,51465,1.5372466560450553,0.23670775457639592
11818,0.15734941157488,2,47,2,439702,165908,56493,51463,1.5368112934899403,0.2367519126286395
11819,0.1573538681280902,0,3,0,439705,165905,56493,51463,1.5367835043906777,0.23675518015531266
11820,0.1573565192853243,34,116,34,439821,165789,56527,51429,1.5357089925525214,0.23676214678341573
11821,0.157361652050102,0,2,0,439823,165787,56527,51429,1.5356904664863462,0.2367643267530937
11822,0.1573640378862193,1,19,1,439842,165768,56528,51428,1.5355144688576827,0.23678152452163023
11823,0.1573649589461965,0,1,0,439843,165767,56528,51428,1.5355052058245953,0.23678261470107506
11824,0.157366131247996,0,1,0,439844,165766,56528,51428,1.5354959427915076,0.23678370489055867
11825,0.1573683175631001,0,5,0,439849,165761,56528,51428,1.5354496276260698,0.23678915598856295
11826,0.1573692442800117,3,34,3,439883,165727,56531,51425,1.5351346845010931,0.23681568670792807
11827,0.1573742123681957,1,10,1,439893,165717,56532,51424,1.5350420541702174,0.23682307809211525
11828,0.1573789191740297,3,10,3,439903,165707,56535,51421,1.534949423839342,0.2368234405511956
11829,0.157379914179058,5,20,5,439923,165687,56540,51416,1.5347641631775908,0.2368276808703703
11830,0.1573802377398337,27,108,27,440031,165579,56567,51389,1.533763755604135,0.23685059547951773
11831,0.1573858094765057,1,8,1,440039,165571,56568,51388,1.5336896513394347,0.23685581146668264
11832,0.1573859483043563,3,8,3,440047,165563,56571,51385,1.5336155470747341,0.23685399266183602
11833,0.157389628739437,3,16,3,440063,165547,56574,51382,1.5334673385453332,0.23686090840782006
11834,0.1573903136349927,0,1,0,440064,165546,56574,51382,1.5334580755122458,0.23686200029502877
11835,0.1573918208728397,5,6,5,440070,165540,56579,51377,1.5334024973137204,0.23685096142764284
11836,0.1573923371071814,0,1,0,440071,165539,56579,51377,1.533393234280633,0.2368520533293994
11837,0.1573977412098942,2,14,2,440085,165525,56581,51375,1.5332635518174071,0.23686030428769017
11838,0.1573989088712302,2,12,2,440097,165513,56583,51373,1.5331523954203565,0.2368663721955313
11839,0.1574011132503537,0,5,0,440102,165508,56583,51373,1.5331060802549186,0.23687183294064487
11840,0.1574049646431932,0,2,0,440104,165506,56583,51373,1.5330875541887437,0.23687401730919083
11841,0.1574054953533849,0,6,0,440110,165500,56583,51373,1.5330319759902182,0.23688057065655937
11842,0.1574068160565904,11,59,11,440169,165441,56594,51362,1.5324854570380526,0.23690631587201283
11843,0.1574075884925135,0,7,0,440176,165434,56594,51362,1.5324206158064397,0.23691396520231
11844,0.1574098882163079,0,1,0,440177,165433,56594,51362,1.532411352773352,0.23691505800410526
11845,0.1574119795435765,0,1,0,440178,165432,56594,51362,1.5324020897402646,0.236916150815982
11846,0.1574177527381227,2,4,2,440182,165428,56596,51360,1.5323650376079143,0.23691348229606804
11847,0.1574177820223369,0,9,0,440191,165419,56596,51360,1.5322816703101263,0.2369233182180931
11848,0.1574200713127394,1,2,1,440193,165417,56597,51359,1.5322631442439512,0.2369219839834668
11849,0.1574206098674828,2,1,2,440194,165416,56599,51357,1.5322538812108637,0.2369160365912729
11850,0.1574207386518148,0,4,0,440198,165412,56599,51357,1.5322168290785134,0.2369204083609741
11851,0.1574216936986746,1,11,1,440209,165401,56600,51356,1.5321149357145503,0.23692891117703235
11852,0.1574257740767314,1,1,1,440210,165400,56601,51355,1.5321056726814628,0.2369264838181357
11853,0.1574304074205203,0,1,0,440211,165399,56601,51355,1.5320964096483753,0.23692757688439428
11854,0.157432803207058,0,5,0,440216,165394,56601,51355,1.5320500944829374,0.23693304236697746
11855,0.1574354165869408,0,2,0,440218,165392,56601,51355,1.5320315684167625,0.23693522863061542
11856,0.1574355986213625,13,82,13,440300,165310,56614,51342,1.5312719997035829,0.23697911858648893
11857,0.1574371074700498,0,1,0,440301,165309,56614,51342,1.5312627366704954,0.23698021241535927
11858,0.1574380302768658,0,2,0,440303,165307,56614,51342,1.5312442106043203,0.23698240010339305
11859,0.1574393948005134,0,2,0,440305,165305,56614,51342,1.5312256845381451,0.23698458783181858
11860,0.1574408950704214,0,2,0,440307,165303,56614,51342,1.53120715847197,0.236986775600637
11861,0.1574426151377512,8,39,8,440346,165264,56622,51334,1.5308459001815555,0.23700126501629748
11862,0.157443326922933,33,136,33,440482,165128,56655,51301,1.529586127681648,0.2370338540583748
11863,0.1574440095334066,2,4,2,440486,165124,56657,51299,1.5295490755492978,0.23703118430111403
11864,0.1574494401246734,2,4,2,440490,165120,56659,51297,1.5295120234169477,0.23702851439581918
11865,0.1574535429912837,2,15,2,440505,165105,56661,51295,1.5293730779206343,0.23703789279112755
11866,0.1574547420346536,1,2,1,440507,165103,56662,51294,1.5293545518544591,0.2370365578081027
11867,0.1574592212325477,1,0,1,440507,165103,56663,51293,1.5293545518544591,0.23703303203386383
11868,0.1574595954072825,2,2,2,440509,165101,56665,51291,1.5293360257882842,0.23702817109689822
11869,0.1574613939662863,2,2,2,440511,165099,56667,51289,1.529317499722109,0.23702330998022073
11870,0.157461874370136,1,16,1,440527,165083,56668,51288,1.5291692911927082,0.23703731091504868
11871,0.1574640592444509,0,1,0,440528,165082,56668,51288,1.5291600281596205,0.23703840643342422
11872,0.1574648843674715,0,4,0,440532,165078,56668,51288,1.5291229760272704,0.23704278860819167
11873,0.1574662650196708,0,4,0,440536,165074,56668,51288,1.5290859238949202,0.23704717094499034
11874,0.1574664765426087,0,2,0,440538,165072,56668,51288,1.529067397828745,0.23704936217415418
11875,0.1574667332909613,1,13,1,440551,165059,56669,51287,1.528946978398607,0.23706007968716777
11876,0.1574715168722704,1,8,1,440559,165051,56670,51286,1.5288728741339064,0.237065319385958
11877,0.1574720592897394,0,3,0,440562,165048,56670,51286,1.5288450850346438,0.23706860687640408
11878,0.1574754319094393,5,28,5,440590,165020,56675,51281,1.5285857201081923,0.23708165935432568
11879,0.1574765253783365,3,2,3,440592,165018,56678,51278,1.5285671940420171,0.23707326996338351
11880,0.1574775166867049,0,1,0,440593,165017,56678,51278,1.5285579310089297,0.2370743660278786
11881,0.1574776701073457,0,2,0,440595,165015,56678,51278,1.5285394049427545,0.23707655818727374
11882,0.1574783967193424,20,63,20,440658,164952,56698,51258,1.5279558338582386,0.23707506590814487
11883,0.1574789852363827,0,7,0,440665,164945,56698,51258,1.5278909926266258,0.23708274168258534
11884,0.157480260519393,50,231,50,440896,164714,56748,51208,1.5257512319834006,0.23715971508229824
11885,0.1574813117308184,1,2,1,440898,164712,56749,51207,1.5257327059172254,0.23715837883650814
11886,0.1574814849475284,2,3,2,440901,164709,56751,51205,1.5257049168179628,0.2371546078531267
11887,0.1574851141296201,0,3,0,440904,164706,56751,51205,1.5256771277187002,0.23715790302485745
11888,0.1574872014400218,0,7,0,440911,164699,56751,51205,1.5256122864870874,0.2371655921150141
11889,0.1574875307452213,1,1,1,440912,164698,56752,51204,1.5256030234539997,0.23716315735843113
11890,0.1574888709911962,0,10,0,440922,164688,56752,51204,1.5255103931231242,0.23717414262686898
11891,0.1574891868206064,1,28,1,440950,164660,56753,51203,1.5252510281966727,0.23720137309311926
11892,0.1574914345930228,0,9,0,440959,164651,56753,51203,1.5251676608988847,0.23721126316862323
11893,0.1574944115741842,1,2,1,440961,164649,56754,51202,1.5251491348327095,0.23720992721831263
11894,0.1574952875741306,0,4,0,440965,164645,56754,51202,1.5251120827003595,0.23721432310849816
11895,0.157496215950933,4,24,4,440989,164621,56758,51198,1.524889769906258,0.23722656485295548
11896,0.1574974059397756,3,1,3,440990,164620,56761,51195,1.5248805068731706,0.2372170609086486
11897,0.1575009042560791,0,2,0,440992,164618,56761,51195,1.5248619808069954,0.23721925926612392
11898,0.1575014407045108,1,4,1,440996,164614,56762,51194,1.5248249286746451,0.2372201215895611
11899,0.1575014430207408,1,26,1,441022,164588,56763,51193,1.5245840898143688,0.2372451698713047
11900,0.1575043078142964,4,2,4,441024,164586,56767,51189,1.5245655637481936,0.23723322905804659
11901,0.1575076855094426,2,4,2,441028,164582,56769,51187,1.5245285116158436,0.23723055675282362
11902,0.1575097580737946,3,14,3,441042,164568,56772,51184,1.5243988291526178,0.23723534428417814
11903,0.1575147735078331,1,6,1,441048,164562,56773,51183,1.5243432509540924,0.23723840645206146
11904,0.1575186047318948,11,41,11,441089,164521,56784,51172,1.5239634665975026,0.23724460228194702
11905,0.1575219706311582,0,3,0,441092,164518,56784,51172,1.52393567749824,0.2372479020816913
11906,0.1575220227150563,0,2,0,441094,164516,56784,51172,1.5239171514320649,0.237250101999184
11907,0.1575229957829578,3,9,3,441103,164507,56787,51169,1.5238337841342768,0.23724939260742967
11908,0.1575239384308581,0,2,0,441105,164505,56787,51169,1.523815258068102,0.23725159268154716
11909,0.1575241905689523,1,12,1,441117,164493,56788,51168,1.523704101671051,0.2372612572509633
11910,0.157525103726427,30,218,30,441335,164275,56818,51138,1.5216847604579644,0.23739514328290306
11911,0.1575270875643367,3,11,3,441346,164264,56821,51135,1.5215828670940013,0.2373966452954749
11912,0.1575277385891244,1,2,1,441348,164262,56822,51134,1.5215643410278261,0.23739530910509016
11913,0.1575284907118835,11,44,11,441392,164218,56833,51123,1.5211567675719737,0.2374048601984759
11914,0.1575307631637702,0,1,0,441393,164217,56833,51123,1.5211475045388863,0.23740596266369463
11915,0.1575313297265822,2,7,2,441400,164210,56835,51121,1.5210826633072734,0.2374065972851099
11916,0.1575347257874766,1,2,1,441402,164208,56836,51120,1.5210641372410982,0.23740526081141328
11917,0.1575358242259978,0,1,0,441403,164207,56836,51120,1.5210548742080108,0.23740636334505194
11918,0.1575382940261046,26,153,26,441556,164054,56862,51094,1.519637630145615,0.23748303493409187
11919,0.1575388446533144,55,315,55,441871,163739,56917,51039,1.5167197747230352,0.23763607073350157
11920,0.1575393928236238,2,26,2,441897,163713,56919,51037,1.5164789358627588,0.23765774155995342
11921,0.1575423979802578,17,68,17,441965,163645,56936,51020,1.5158490496128052,0.2376726527379871
11922,0.1575451018330512,1,6,1,441971,163639,56937,51019,1.51579347141428,0.23767574467292157
11923,0.1575496589441591,5,59,5,442030,163580,56942,51014,1.5152469524621142,0.23772332870443721
11924,0.157551297453392,0,2,0,442032,163578,56942,51014,1.515228426395939,0.2377255442886967
11925,0.1575526925324242,1,8,1,442040,163570,56943,51013,1.5151543221312387,0.23773085472754132
11926,0.1575529721066527,2,3,2,442043,163567,56945,51011,1.515126533031976,0.2377270736049362
11927,0.1575541266708125,0,12,0,442055,163555,56945,51011,1.5150153766349252,0.23774036893077188
11928,0.1575557297212248,0,1,0,442056,163554,56945,51011,1.5150061136018378,0.2377414769417193
11929,0.1575578243180593,4,17,4,442073,163537,56949,51007,1.5148486420393494,0.23774610336341262
11930,0.1575583854517825,0,1,0,442074,163536,56949,51007,1.5148393790062618,0.237747211514708
11931,0.1575607766681681,0,2,0,442076,163534,56949,51007,1.5148208529400866,0.23774942784829006
11932,0.1575611569225096,2,4,2,442080,163530,56951,51005,1.5147838008077366,0.2377467546088051
11933,0.1575648534483858,1,21,1,442101,163509,56952,51004,1.514589277112898,0.23776647569144993
11934,0.1575666830381721,0,1,0,442102,163508,56952,51004,1.5145800140798102,0.23776758409785934
11935,0.1575702593944064,2,7,2,442109,163501,56954,51002,1.5145151728481974,0.23776823634168287
11936,0.1575704588924646,1,1,1,442110,163500,56955,51001,1.51450590981511,0.23776579130167225
11937,0.1575704908694787,0,3,0,442113,163497,56955,51001,1.514478120715847,0.2377691167283611
11938,0.157580994110989,0,2,0,442115,163495,56955,51001,1.5144595946496722,0.23777133373116516
11939,0.1575832694620928,0,1,0,442116,163494,56955,51001,1.5144503316165845,0.23777244224807106
11940,0.1575835775304596,1,9,1,442125,163485,56956,51000,1.5143669643187965,0.2377788656549409
11941,0.1575841316655983,0,1,0,442126,163484,56956,51000,1.514357701285709,0.23777997426381456
11942,0.1575850546111221,0,5,0,442131,163479,56956,51000,1.5143113861202713,0.23778551746324816
11943,0.1575853833750332,1,9,1,442140,163470,56957,50999,1.5142280188224833,0.23779194195897776
11944,0.1575895338090161,0,8,0,442148,163462,56957,50999,1.5141539145577827,0.23780081226889738
11945,0.1575902475329882,2,11,2,442159,163451,56959,50997,1.5140520211938198,0.2378059016638066
11946,0.157590799307954,1,0,1,442159,163451,56960,50996,1.5140520211938198,0.2378023474331653
11947,0.1575949455413693,3,9,3,442168,163442,56963,50993,1.5139686538960317,0.23780166484016135
11948,0.1575969232885729,0,3,0,442171,163439,56963,50993,1.5139408647967691,0.2378049917922698
11949,0.1575974472634486,2,22,2,442193,163417,56965,50991,1.5137370780688428,0.23782228275064363
11950,0.1575974741307384,1,11,1,442204,163406,56966,50990,1.5136351847048797,0.23783092968152392
11951,0.1575986843408657,0,1,0,442205,163405,56966,50990,1.5136259216717922,0.23783203899344668
11952,0.1576007598055911,2,11,2,442216,163394,56968,50988,1.513524028307829,0.23783713184875596
11953,0.1576036679226589,4,26,4,442242,163368,56972,50984,1.5132831894475527,0.23785175785623647
11954,0.15760458474678,0,1,0,442243,163367,56972,50984,1.5132739264144652,0.23785286749303713
11955,0.1576047732041335,2,2,2,442245,163365,56974,50982,1.51325540034829,0.237847975479013
11956,0.1576052261815971,2,8,2,442253,163357,56976,50980,1.5131812960835895,0.23784974129525
11957,0.1576056794067797,0,1,0,442254,163356,56976,50980,1.513172033050502,0.2378508510002986
11958,0.157608419609335,0,9,0,442263,163347,56976,50980,1.513088665752714,0.23786083881172226
11959,0.1576095619052802,0,1,0,442264,163346,56976,50980,1.5130794027196266,0.23786194862032606
11960,0.1576114010293531,0,5,0,442269,163341,56976,50980,1.5130330875541886,0.2378674978186925
11961,0.1576117103717887,1,2,1,442271,163339,56977,50979,1.5130145614880137,0.23786616149833426
11962,0.1576119204954604,1,17,1,442288,163322,56978,50978,1.5128570899255251,0.23788147456836212
11963,0.1576125801059731,0,1,0,442289,163321,56978,50978,1.5128478268924377,0.2378825846130873
11964,0.1576129300682164,0,2,0,442291,163319,56978,50978,1.5128293008262625,0.23788480473361737
11965,0.1576143004553412,0,6,0,442297,163313,56978,50978,1.5127737226277371,0.23789146534385486
11966,0.1576152443422471,2,3,2,442300,163310,56980,50976,1.5127459335284745,0.23788768281642292
11967,0.1576157204770867,0,1,0,442301,163309,56980,50976,1.512736670495387,0.2378887929626432
11968,0.1576170593038671,1,12,1,442313,163297,56981,50975,1.5126255140983365,0.23789855884109917
11969,0.1576193933483932,0,1,0,442314,163296,56981,50975,1.5126162510652488,0.23789966911061225
11970,0.1576203054044748,3,16,3,442330,163280,56984,50972,1.5124680425358479,0.2379067639975356
11971,0.1576246454901478,2,4,2,442334,163276,56986,50970,1.5124309904034978,0.23790409155830214
11972,0.1576293549435898,3,14,3,442348,163262,56989,50967,1.512301307940272,0.23790896657315302
11973,0.1576298973610588,1,8,1,442356,163254,56990,50966,1.5122272036755715,0.2379142937167398
11974,0.1576300957820472,4,14,4,442370,163240,56994,50962,1.5120975212123458,0.23791561236589762
11975,0.1576307939587732,0,3,0,442373,163237,56994,50962,1.5120697321130832,0.23791894453288764
11976,0.1576391498021379,1,3,1,442376,163234,56995,50961,1.5120419430138206,0.23791871892434463
11977,0.1576413404199504,3,29,3,442405,163205,56998,50958,1.5117733150542814,0.23794026045582103
11978,0.1576423459659634,23,95,23,442500,163110,57021,50935,1.5108933269109637,0.23796397953701323
11979,0.1576429522009396,2,7,2,442507,163103,57023,50933,1.5108284856793508,0.23796464146218393
11980,0.1576453688165407,0,10,0,442517,163093,57023,50933,1.5107358553484753,0.23797575995439807
11981,0.1576457453251683,0,1,0,442518,163092,57023,50933,1.5107265923153876,0.23797687186076394
11982,0.1576470281291034,0,6,0,442524,163086,57023,50933,1.5106710141168624,0.23798354351716436
11983,0.1576478179236678,4,5,4,442529,163081,57027,50929,1.5106246989514247,0.23797486098780432
11984,0.1576479614451619,0,1,0,442530,163080,57027,50929,1.510615435918337,0.23797597297309928
11985,0.1576492821483674,0,2,0,442532,163078,57027,50929,1.5105969098521619,0.2379781969748653
11986,0.1576494087453272,0,4,0,442536,163074,57027,50929,1.5105598577198118,0.23798264510310604
11987,0.1576535265568752,2,5,2,442541,163069,57029,50927,1.510513542554374,0.23798108375857494
11988,0.1576549400709415,3,23,3,442564,163046,57032,50924,1.5103004927933603,0.23799598074496425
11989,0.1576552574602267,2,21,2,442585,163025,57034,50922,1.5101059690985217,0.23801221797921915
11990,0.15765695233634,0,2,0,442587,163023,57034,50922,1.5100874430323465,0.23801444296431326
11991,0.1576589772504892,1,11,1,442598,163012,57035,50921,1.5099855496683834,0.23802311938784573
11992,0.1576594174110249,0,1,0,442599,163011,57035,50921,1.509976286635296,0.23802423199895295
11993,0.1576609664696541,0,4,0,442603,163007,57035,50921,1.5099392345029456,0.23802868254739912
11994,0.1576622776486524,0,2,0,442605,163005,57035,50921,1.5099207084367705,0.23803090788403466
11995,0.1576654752894659,2,14,2,442619,162991,57037,50919,1.5097910259735448,0.2380393623486513
11996,0.157665523580762,10,31,10,442650,162960,57047,50909,1.5095038719478306,0.23803823836086577
11997,0.1576667459606061,0,6,0,442656,162954,57047,50909,1.5094482937493052,0.23804491660549043
11998,0.1576671395533845,10,43,10,442699,162911,57057,50899,1.5090499833265405,0.2380571535475422
11999,0.1576677121170382,0,11,0,442710,162900,57057,50899,1.5089480899625773,0.23806940163424525
12000,0.157667997490655,2,5,2,442715,162895,57059,50897,1.5089017747971396,0.23806784164047298
12001,0.1576681859480085,9,54,9,442769,162841,57068,50888,1.5084015710104117,0.23809590649841622
12002,0.1576690985514703,1,4,1,442773,162837,57069,50887,1.5083645188780614,0.2380967977391402
12003,0.1576733232136825,0,7,0,442780,162830,57069,50887,1.5082996776464486,0.2381045962651544
12004,0.157674692883766,2,3,2,442783,162827,57071,50885,1.508271888547186,0.23810080856479748
12005,0.1576747573520708,0,1,0,442784,162826,57071,50885,1.5082626255140983,0.2381019226899879
12006,0.1576794709552935,0,2,0,442786,162824,57071,50885,1.5082440994479231,0.23810415097164836
12007,0.1576835463945764,0,3,0,442789,162821,57071,50885,1.5082163103486605,0.2381074934723405
12008,0.1576850812295282,0,1,0,442790,162820,57071,50885,1.508207047315573,0.23810860766009218
12009,0.157686564144889,0,2,0,442792,162818,57071,50885,1.508188521249398,0.23811083606687786
12010,0.1576872661473722,1,12,1,442804,162806,57072,50884,1.5080773648523473,0.23812064205157002
12011,0.1576881491011358,65,278,65,443082,162528,57137,50819,1.5055022416540071,0.2381988028891899
12012,0.1576914282654831,1,0,1,443082,162528,57138,50818,1.5055022416540071,0.2381952321580906
12013,0.1576928453909498,0,9,0,443091,162519,57138,50818,1.5054188743562191,0.23820528084673545
12014,0.15769588220783,8,42,8,443133,162477,57146,50810,1.5050298269665419,0.23822361419120716
12015,0.1576976047226136,0,3,0,443136,162474,57146,50810,1.5050020378672793,0.23822696498565293
12016,0.157698141500092,0,1,0,443137,162473,57146,50810,1.5049927748341918,0.23822808193808226
12017,0.1576988694041761,1,8,1,443145,162465,57147,50809,1.5049186705694912,0.23823344617721803
12018,0.1577005633520854,1,3,1,443148,162462,57148,50808,1.5048908814702286,0.23823322548881698
12019,0.157700919247725,1,3,1,443151,162459,57149,50807,1.504863092370966,0.23823300479213752
12020,0.1577029399043706,2,7,2,443158,162452,57151,50805,1.5047982511393532,0.2382336804887999
12021,0.1577043802479839,1,8,1,443166,162444,57152,50804,1.5047241468746526,0.2382390456182473
12022,0.1577079252950002,0,2,0,443168,162442,57152,50804,1.5047056208084775,0.23824128002400982
12023,0.1577089190730011,0,5,0,443173,162437,57152,50804,1.5046593056430397,0.23824686622178662
12024,0.1577091355247114,1,1,1,443174,162436,57153,50803,1.5046500426099523,0.23824441120057777
12025,0.1577108101779721,3,10,3,443184,162426,57156,50800,1.5045574122790766,0.23824486694868355
12026,0.1577127009238239,0,2,0,443186,162424,57156,50800,1.5045388862129017,0.2382471016395903
12027,0.157718100086174,0,3,0,443189,162421,57156,50800,1.5045110971136388,0.23825045375455514
12028,0.1577193532966084,1,0,1,443189,162421,57157,50799,1.5045110971136388,0.23824688115561393
12029,0.15772272661117,10,14,10,443203,162407,57167,50789,1.504381414650413,0.23822679599992494
12030,0.1577228301549,0,10,0,443213,162397,57167,50789,1.5042887843195376,0.23823797059844454
12031,0.1577240223038922,0,2,0,443215,162395,57167,50789,1.5042702582533625,0.23824020564395076
12032,0.1577271783405204,0,1,0,443216,162394,57167,50789,1.504260995220275,0.23824132318243013
12033,0.1577280563405675,0,3,0,443219,162391,57167,50789,1.5042332061210122,0.23824467586077494
12034,0.157728444742576,2,3,2,443222,162388,57169,50787,1.5042054170217496,0.23824088190453852
12035,0.1577295765369638,0,5,0,443227,162383,57169,50787,1.5041591018563119,0.2382464699535582
12036,0.1577303727145307,1,1,1,443228,162382,57170,50786,1.5041498388232242,0.238244014110936
12037,0.1577305522972595,37,227,37,443455,162155,57207,50749,1.5020471303123495,0.23836564836733928
12038,0.1577315093075804,5,34,5,443489,162121,57212,50744,1.5017321871873726,0.23838583139548541
12039,0.1577323137919066,0,6,0,443495,162115,57212,50744,1.5016766089888474,0.23839255093747505
12040,0.1577352723036463,1,6,1,443501,162109,57213,50743,1.501621030790322,0.23839569278183903
12041,0.1577356617295291,10,43,10,443544,162066,57223,50733,1.5012227203675572,0.23840807522591742
12042,0.1577373087816465,1,2,1,443546,162064,57224,50732,1.501204194301382,0.23840673696874
12043,0.1577377443831735,0,2,0,443548,162062,57224,50732,1.501185668235207,0.23840897769673958
12044,0.1577384919008259,11,23,11,443571,162039,57235,50721,1.5009726184741932,0.23839537507050199
12045,0.1577406525002413,0,7,0,443578,162032,57235,50721,1.5009077772425803,0.23840321875602224
12046,0.1577423603020368,2,31,2,443609,162001,57237,50719,1.5006206232168662,0.23843080105302744
12047,0.1577448839488258,7,28,7,443637,161973,57244,50712,1.5003612582904147,0.2384371253261866
12048,0.1577461633591734,1,4,1,443641,161969,57245,50711,1.5003242061580644,0.23843802896370134
12049,0.1577463180872141,2,8,2,443649,161961,57247,50709,1.500250101893364,0.23843983636620117
12050,0.1577469591384514,0,3,0,443652,161958,57247,50709,1.5002223127941012,0.23844319993228852
12051,0.1577505511011679,0,2,0,443654,161956,57247,50709,1.500203786727926,0.23844544236240095
12052,0.157751629503122,7,54,7,443708,161902,57254,50702,1.4997035829411982,0.23848093168519877
12053,0.1577516715324086,0,1,0,443709,161901,57254,50702,1.4996943199081108,0.23848205340470266
12054,0.1577522289198295,1,1,1,443710,161900,57255,50701,1.499685056875023,0.23847959322863016
12055,0.1577538034893588,0,1,0,443711,161899,57255,50701,1.4996757938419356,0.23848071495766698
12056,0.1577544221219215,0,2,0,443713,161897,57255,50701,1.4996572677757605,0.23848295844739836
12057,0.1577572050565533,6,13,6,443726,161884,57261,50695,1.4995368483456224,0.2384760489041721
12058,0.1577576884910646,1,3,1,443729,161881,57262,50694,1.4995090592463596,0.2384758320592732
12059,0.1577636825602707,0,14,0,443743,161867,57262,50694,1.4993793767831338,0.23849153889942182
12060,0.1577641097764679,0,1,0,443744,161866,57262,50694,1.4993701137500464,0.23849266089574708
12061,0.1577641945436508,1,2,1,443746,161864,57263,50693,1.4993515876838712,0.238491322327658
12062,0.1577702720116538,2,7,2,443753,161857,57265,50691,1.4992867464522583,0.23849201121628996
12063,0.1577713380388752,2,8,2,443761,161849,57267,50689,1.4992126421875578,0.23849382228119206
12064,0.1577718023513348,0,1,0,443762,161848,57267,50689,1.4992033791544703,0.23849494440967925
12065,0.1577773265694267,8,54,8,443816,161794,57275,50681,1.4987031753677424,0.23852688551594306
12066,0.1577781422852553,2,0,2,443816,161794,57277,50679,1.4987031753677424,0.23851971779943804
12067,0.1577783671692018,1,3,1,443819,161791,57278,50678,1.4986753862684798,0.23851950166847868
12068,0.1577794101534453,1,1,1,443820,161790,57279,50677,1.4986661232353922,0.23851704029331613
12069,0.1577805589008565,0,4,0,443824,161786,57279,50677,1.4986290711030419,0.2385215308077171
12070,0.1577814787949637,0,1,0,443825,161785,57279,50677,1.4986198080699544,0.23852265346273688
12071,0.1577815128300491,3,13,3,443838,161772,57282,50674,1.4984993886398161,0.2385264961449027
12072,0.1577827660404835,2,13,2,443851,161759,57284,50672,1.498378969209678,0.2385339239564847
12073,0.1577840127066858,0,1,0,443852,161758,57284,50672,1.4983697061765904,0.2385350468389587
12074,0.1577890502825135,0,3,0,443855,161755,57284,50672,1.4983419170773278,0.2385384155498124
12075,0.1577904871946748,5,19,5,443874,161736,57289,50667,1.4981659194486643,0.2385418285052471
12076,0.1577937854584058,5,9,5,443883,161727,57294,50662,1.4980825521508763,0.2385340107067692
12077,0.1577941113447411,5,20,5,443903,161707,57299,50657,1.497897291489125,0.23853854702303592
12078,0.1577946659243763,0,5,0,443908,161702,57299,50657,1.4978509763236874,0.23854416342137608
12079,0.1577948865192211,1,6,1,443914,161696,57300,50656,1.4977953981251622,0.2385473176612417
12080,0.1577991784912699,17,101,17,444015,161595,57317,50639,1.496859831783319,0.23859984733831527
12081,0.1578008170005027,0,1,0,444016,161594,57317,50639,1.4968505687502316,0.23860097157369495
12082,0.1578062375833265,1,7,1,444023,161587,57318,50638,1.4967857275186187,0.2386052538579338
12083,0.1578072468166466,3,11,3,444034,161576,57321,50635,1.4966838341546556,0.2386068582684215
12084,0.15780729450422,0,4,0,444038,161572,57321,50635,1.4966467820223053,0.23861135589306667
12085,0.1578091960054847,0,1,0,444039,161571,57321,50635,1.4966375189892178,0.23861248032572124
12086,0.1578104242144316,0,1,0,444040,161570,57321,50635,1.4966282559561304,0.2386136047689734
12087,0.1578131105703887,2,4,2,444044,161566,57323,50633,1.49659120382378,0.23861092653594032
12088,0.1578139638450429,0,3,0,444047,161563,57323,50633,1.4965634147245175,0.23861429998680464
12089,0.1578151768361596,2,4,2,444051,161559,57325,50631,1.4965263625921672,0.23861162165983316
12090,0.1578153971127049,8,25,8,444076,161534,57333,50623,1.4962947867649783,0.2386110286250277
12091,0.1578167949703836,3,22,3,444098,161512,57336,50620,1.4960910000370522,0.23862500707106896
12092,0.1578168342306516,0,1,0,444099,161511,57336,50620,1.4960817370039645,0.23862613196562502
12093,0.1578172162332338,0,1,0,444100,161510,57336,50620,1.496072473970877,0.23862725687078679
12094,0.1578188045409735,1,8,1,444108,161502,57337,50619,1.4959983697061765,0.2386326672040958
12095,0.1578201157199719,5,6,5,444114,161496,57342,50614,1.4959427915076513,0.2386214699919853
12096,0.1578224125403438,1,1,1,444115,161495,57343,50613,1.4959335284745636,0.2386190054123371
12097,0.157823594892939,6,21,6,444136,161474,57349,50607,1.495739004779725,0.2386210928843225
12098,0.1578249553876081,0,1,0,444137,161473,57349,50607,1.4957297417466375,0.23862221803093173
12099,0.1578251336787182,14,60,14,444197,161413,57363,50593,1.4951739597613842,0.23863947246776035
12100,0.1578321173384009,0,1,0,444198,161412,57363,50593,1.4951646967282968,0.23864059809910143
12101,0.1578327742033163,1,8,1,444206,161404,57364,50592,1.4950905924635962,0.2386460121889092
12102,0.1578342416299683,0,2,0,444208,161402,57364,50592,1.495072066397421,0.23864826363010275
12103,0.1578375479296678,1,1,1,444209,161401,57365,50591,1.4950628033643336,0.2386457979546398
12104,0.1578381299886864,0,7,0,444216,161394,57365,50591,1.4949979621327207,0.23865367832629666
12105,0.1578387208278624,0,1,0,444217,161393,57365,50591,1.4949886990996333,0.23865480413616122
12106,0.1578397934410568,2,13,2,444230,161380,57367,50589,1.494868279669495,0.2386622572168572
12107,0.157840592776345,2,23,2,444253,161357,57369,50587,1.4946552299084812,0.2386809723323142
12108,0.1578411313310885,8,36,8,444289,161321,57377,50579,1.4943217607173294,0.238692779613025
12109,0.1578430182567446,0,1,0,444290,161320,57377,50579,1.4943124976842417,0.2386939060590187
12110,0.1578433630864781,1,12,1,444302,161308,57378,50578,1.494201341287191,0.23870383130551334
12111,0.1578476449486022,0,2,0,444304,161306,57378,50578,1.494182815221016,0.23870608446130903
12112,0.1578476922733741,0,1,0,444305,161305,57378,50578,1.4941735521879285,0.2387072110551578
12113,0.1578509842049121,1,7,1,444312,161298,57379,50577,1.4941087109563156,0.23871150442477876
12114,0.1578533177710324,1,16,1,444328,161282,57380,50576,1.4939605024269147,0.23872593907239756
12115,0.1578538563257759,3,9,3,444337,161273,57383,50573,1.4938771351291267,0.23872530045410345
12116,0.1578539084124987,1,3,1,444340,161270,57384,50572,1.493849346029864,0.2387250875652609
12117,0.1578593788939011,0,1,0,444341,161269,57384,50572,1.4938400829967764,0.23872621447217487
12118,0.1578622183193033,6,27,6,444368,161242,57390,50566,1.4935899811034126,0.23873508082791964
12119,0.1578624164849229,1,2,1,444370,161240,57391,50565,1.4935714550372374,0.23873374094095984
12120,0.1578630632938959,6,14,6,444384,161226,57397,50559,1.4934417725740117,0.23872795523762305
12121,0.157865720286197,1,3,1,444387,161223,57398,50558,1.493413983474749,0.23872774233760347
12122,0.1578671115819248,0,1,0,444388,161222,57398,50558,1.4934047204416614,0.23872886958164133
12123,0.157867662292914,3,5,3,444393,161217,57401,50555,1.4933584052762237,0.23872372173847345
12124,0.157868480394677,0,2,0,444395,161215,57401,50555,1.4933398792100485,0.23872597629503706
12125,0.1578684938851627,4,12,4,444407,161203,57405,50551,1.493228722812998,0.23872512443684654
12126,0.1578687047304459,6,12,6,444419,161191,57411,50545,1.4931175664159473,0.23871708164884572
12127,0.157869298369489,0,4,0,444423,161187,57411,50545,1.493080514283597,0.23872159144578997
12128,0.1578694002973643,0,3,0,444426,161184,57411,50545,1.4930527251843344,0.23872497390532238
12129,0.1578705389951433,3,16,3,444442,161168,57414,50542,1.4929045166549335,0.23873222804780123
12130,0.1578712658885998,0,5,0,444447,161163,57414,50542,1.4928582014894958,0.23873786637065728
12131,0.1578726087493598,2,9,2,444456,161154,57416,50540,1.4927748341917078,0.23874082401957541
12132,0.1578742026322702,0,1,0,444457,161153,57416,50540,1.49276557115862,0.2387419517886751
12133,0.1578763390689186,0,2,0,444459,161151,57416,50540,1.4927470450924452,0.23874420735883906
12134,0.1578767097818027,2,5,2,444464,161146,57418,50538,1.4927007299270072,0.23874265414485743
12135,0.1578775006348428,3,5,3,444469,161141,57421,50535,1.4926544147615695,0.23873750448799108
12136,0.1578794981034486,1,0,1,444469,161141,57422,50534,1.4926544147615695,0.23873390811385378
12137,0.1578817897625327,1,0,1,444469,161141,57423,50533,1.4926544147615695,0.2387303117057362
12138,0.1578828442544305,13,54,13,444523,161087,57436,50520,1.4921542109748416,0.23874446497516622
12139,0.1578830429729671,0,1,0,444524,161086,57436,50520,1.4921449479417541,0.23874559322514485
12140,0.1578848120577404,1,10,1,444534,161076,57437,50519,1.4920523176108784,0.2387532786691557
12141,0.1578850164118398,3,9,3,444543,161067,57440,50516,1.4919689503130906,0.23875264080762632
12142,0.1578861366482567,1,15,1,444558,161052,57441,50515,1.4918300048167772,0.23876597011821316
12143,0.1578864630390248,1,5,1,444563,161047,57442,50514,1.4917836896513395,0.23876801489877625
12144,0.1578865198312586,1,5,1,444568,161042,57443,50513,1.4917373744859017,0.2387700597953251
12145,0.1578885532638578,1,14,1,444582,161028,57444,50512,1.491607692022676,0.2387822634017207
12146,0.15789199857846,5,13,5,444595,161015,57449,50507,1.4914872725925377,0.2387789449797184
12147,0.1578928822956408,0,7,0,444602,161008,57449,50507,1.4914224313609248,0.23878684726851523
12148,0.1578931103749657,11,65,11,444667,160943,57460,50496,1.4908203342102337,0.2388206527651001
12149,0.1578959567962342,2,18,2,444685,160925,57462,50494,1.490653599614658,0.23883378504297154
12150,0.1578973374707785,6,40,6,444725,160885,57468,50488,1.4902830782911556,0.23885737535068338
12151,0.1579012025783031,1,10,1,444735,160875,57469,50487,1.49019044796028,0.23886507508445226
12152,0.1579023650218791,2,15,2,444750,160860,57471,50485,1.490051502463967,0.23887482552225034
12153,0.157905198121196,0,1,0,444751,160859,57471,50485,1.4900422394308792,0.2388759557877205
12154,0.1579068937188207,2,11,2,444762,160848,57473,50483,1.489940346066916,0.23888118638533865
12155,0.157908076071416,37,135,37,444897,160713,57510,50446,1.4886898366000962,0.23890054413972409
12156,0.1579085540082342,1,7,1,444904,160706,57511,50445,1.4886249953684834,0.238904859555484
12157,0.1579086817909215,0,2,0,444906,160704,57511,50445,1.4886064693023084,0.23890712245854823
12158,0.1579117710868789,0,1,0,444907,160703,57511,50445,1.4885972062692208,0.23890825392615606
12159,0.1579136398874061,0,5,0,444912,160698,57511,50445,1.488550891103783,0.23891391142495844
12160,0.1579145789918879,0,5,0,444917,160693,57511,50445,1.4885045759383453,0.23891956919171348
12161,0.1579150431278727,6,64,6,444981,160629,57517,50439,1.4879117418207417,0.23897037921428166
12162,0.1579165985168779,0,2,0,444983,160627,57517,50439,1.4878932157545666,0.23897264362805948
12163,0.1579173211563737,6,16,6,444999,160611,57523,50433,1.487745007225166,0.23896912492181724
12164,0.1579182057429513,0,5,0,445004,160606,57523,50433,1.487698692059728,0.23897478665080862
12165,0.1579197739376351,0,1,0,445005,160605,57523,50433,1.4876894290266405,0.2389759190288005
12166,0.1579260348600959,0,1,0,445006,160604,57523,50433,1.487680165993553,0.23897705141752393
12167,0.1579276732547831,0,2,0,445008,160602,57523,50433,1.4876616399273779,0.23897931622716612
12168,0.157927755379981,1,7,1,445015,160595,57524,50432,1.487596798695765,0.23898363716491255
12169,0.1579281100829733,2,23,2,445038,160572,57526,50430,1.4873837489347512,0.2390024739101999
12170,0.1579294534491113,0,3,0,445041,160569,57526,50430,1.4873559598354886,0.2390058720657444
12171,0.1579297485922061,1,5,1,445046,160564,57527,50429,1.4873096446700507,0.23900792917300573
12172,0.1579299337741195,0,1,0,445047,160563,57527,50429,1.4873003816369632,0.23900906195495564
12173,0.1579312617493078,1,15,1,445062,160548,57528,50428,1.48716143614065,0.23902244805096315
12174,0.1579321261270791,6,17,6,445079,160531,57534,50422,1.4870039645781614,0.23902006608107018
12175,0.157934345831966,1,11,1,445090,160520,57535,50421,1.4869020712141985,0.23902892277935536
12176,0.1579359803565748,4,8,4,445098,160512,57539,50417,1.486827966949498,0.2390235576900284
12177,0.1579383969721759,5,27,5,445125,160485,57544,50412,1.4865778650561339,0.2390361171567163
12178,0.1579385370656571,0,2,0,445127,160483,57544,50412,1.486559338989959,0.23903838402996752
12179,0.157939575659644,0,1,0,445128,160482,57544,50412,1.4865500759568713,0.23903951748271643
12180,0.1579397518127937,1,7,1,445135,160475,57545,50411,1.4864852347252584,0.23904384359322098
12181,0.1579423367900495,0,1,0,445136,160474,57545,50411,1.486475971692171,0.2390449771202314
12182,0.157943860072378,1,12,1,445148,160462,57546,50410,1.4863648152951203,0.23905497173640883
12183,0.1579452025064077,1,12,1,445160,160450,57547,50409,1.4862536588980695,0.23906496758497384
12184,0.1579464557168421,2,11,2,445171,160439,57549,50407,1.4861517655341066,0.2390702218680933
12185,0.1579469590113354,0,1,0,445172,160438,57549,50407,1.4861425025010189,0.23907135573525576
12186,0.1579475444723728,25,85,25,445257,160353,57574,50382,1.4853551446885769,0.2390775144138373
12187,0.1579476891799754,0,2,0,445259,160351,57574,50382,1.4853366186224017,0.23907978342262484
12188,0.1579500951479711,0,3,0,445262,160348,57574,50382,1.4853088295231391,0.23908318701656148
12189,0.1579501062665712,0,2,0,445264,160346,57574,50382,1.485290303456964,0.23908545613302457
12190,0.1579508096804381,24,188,24,445452,160158,57598,50358,1.4835488532365038,0.23921222139884854
12191,0.157953162042333,5,4,5,445456,160154,57603,50353,1.4835118011041535,0.23919869648040207
12192,0.157953779547966,0,3,0,445459,160151,57603,50353,1.4834840120048909,0.23920210542317485
12193,0.1579539946252893,5,11,5,445470,160140,57608,50348,1.4833821186409277,0.23919653376914599
12194,0.1579544904974717,0,4,0,445474,160136,57608,50348,1.4833450665085777,0.2392010794169628
12195,0.157955411322335,22,100,22,445574,160036,57630,50326,1.4824187631998222,0.239235223091623
12196,0.1579564622826393,1,5,1,445579,160031,57631,50325,1.4823724480343843,0.23923729297001273
12197,0.1579565645438026,0,6,0,445585,160025,57631,50325,1.482316869835859,0.2392441169479439
12198,0.157958562171067,2,6,2,445591,160019,57633,50323,1.4822612916373337,0.2392437078662369
12199,0.1579586550718221,1,5,1,445596,160014,57634,50322,1.482214976471896,0.23924577818347786
12200,0.1579587873725918,2,7,2,445603,160007,57636,50320,1.482150135240283,0.2392465066301521
12201,0.1579635346751255,8,27,8,445630,159980,57644,50312,1.4819000333469192,0.23924828333935672
12202,0.1579643340104137,28,89,28,445719,159891,57672,50284,1.4810756234021267,0.2392482455096943
12203,0.1579648725651571,33,114,33,445833,159777,57705,50251,1.4800196376301455,0.23925857504713657
12204,0.1579706996991891,0,1,0,445834,159776,57705,50251,1.480010374597058,0.2392597142272184
12205,0.1579709442175018,2,19,2,445853,159757,57707,50249,1.4798343769683946,0.23927411597763873
12206,0.1579748736932572,1,6,1,445859,159751,57708,50248,1.4797787987698692,0.2392773298920471
12207,0.1579764032347965,0,1,0,445860,159750,57708,50248,1.4797695357367817,0.2392784693187554
12208,0.1579767511054757,3,19,3,445879,159731,57711,50245,1.4795935381081182,0.2392892521050025
12209,0.1579776535214015,1,4,1,445883,159727,57712,50244,1.479556485975768,0.23929018769258611
12210,0.1579781278213061,0,5,0,445888,159722,57712,50244,1.4795101708103302,0.23929588600059057
12211,0.1579783944505914,1,4,1,445892,159718,57713,50243,1.47947311867798,0.23929682179071352
12212,0.1579795923005242,2,0,2,445892,159718,57715,50241,1.47947311867798,0.23928957558380445
12213,0.1579846295261846,1,0,1,445892,159718,57716,50240,1.47947311867798,0.23928595242858094
12214,0.1579847918507571,8,39,8,445931,159679,57724,50232,1.4791118603875653,0.2393014182201028
12215,0.1579856837567801,16,64,16,445995,159615,57740,50216,1.478519026269962,0.239316402247523
12216,0.1579857990075576,1,12,1,446007,159603,57741,50215,1.4784078698729113,0.23932646388775033
12217,0.157991168123856,5,26,5,446033,159577,57746,50210,1.4781670310126347,0.23933799520465995
12218,0.1579912693544744,5,18,5,446051,159559,57751,50205,1.4780002964170589,0.2393404015941725
12219,0.1579950888739927,1,0,1,446051,159559,57752,50204,1.4780002964170589,0.23933677531309144
12220,0.1579959680600058,6,19,6,446070,159540,57758,50198,1.4778242987883952,0.23933669625914236
12221,0.1579976065692387,0,2,0,446072,159538,57758,50198,1.4778057727222202,0.2393389785253843
12222,0.1579987853234769,0,2,0,446074,159536,57758,50198,1.477787246656045,0.23934126083515309
12223,0.1579999422527276,0,2,0,446076,159534,57758,50198,1.47776872058987,0.23934354318845003
12224,0.1580000478714783,0,3,0,446079,159531,57758,50198,1.4777409314906074,0.23934696680001336
12225,0.1580018788876273,1,5,1,446084,159526,57759,50197,1.4776946163251694,0.23934904612274285
12226,0.1580032886025936,2,6,2,446090,159520,57761,50195,1.4776390381266442,0.23934863982070906
12227,0.1580057290794591,2,10,2,446100,159510,57763,50193,1.4775464077957687,0.23935279895852707
12228,0.1580072840810772,1,1,1,446101,159509,57764,50192,1.477537144762681,0.23935031306479226
12229,0.1580088309407178,4,3,4,446104,159506,57768,50188,1.4775093556634185,0.23933922763646076
12230,0.1580100978008004,1,13,1,446117,159493,57769,50187,1.4773889362332802,0.2393504387638306
12231,0.1580132021073814,5,28,5,446145,159465,57774,50182,1.4771295713068286,0.23936426469255462
12232,0.1580144149525965,0,1,0,446146,159464,57774,50182,1.4771203082737412,0.23936540644705837
12233,0.1580165650588638,1,11,1,446157,159453,57775,50181,1.477018414909778,0.2393743381321732
12234,0.1580175980888572,1,1,1,446158,159452,57776,50180,1.4770091518766906,0.239371851625706
12235,0.1580185197464787,1,1,1,446159,159451,57777,50179,1.476999888843603,0.23936936507179316
12236,0.1580186991496725,0,1,0,446160,159450,57777,50179,1.4769906258105154,0.23937050694321874
12237,0.1580196980303028,7,57,7,446217,159393,57784,50172,1.4764626329245247,0.23941020685706105
12238,0.1580227741098056,0,1,0,446218,159392,57784,50172,1.4764533698914373,0.23941134927754767
12239,0.1580229021321161,0,1,0,446219,159391,57784,50172,1.4764441068583496,0.23941249170893716
12240,0.1580255003642334,5,9,5,446228,159382,57789,50167,1.4763607395605618,0.2394046261256317
12241,0.1580267193774216,0,3,0,446231,159379,57789,50167,1.476332950461299,0.23940805360159584
12242,0.1580307901770163,3,9,3,446240,159370,57792,50164,1.476249583163511,0.2394074470014413
12243,0.158035966825845,7,20,7,446260,159350,57799,50157,1.47606432250176,0.23940488861947334
12244,0.15803764322081,9,76,9,446336,159274,57808,50148,1.4753603319871058,0.23945908261787205
12245,0.1580381481024528,0,1,0,446337,159273,57808,50148,1.4753510689540184,0.23946022605182862
12246,0.1580398159786715,0,3,0,446340,159270,57808,50148,1.4753232798547555,0.239463656419219
12247,0.1580405672913076,2,16,2,446356,159254,57810,50146,1.4751750713253549,0.23947468958930276
12248,0.1580439747195762,5,43,5,446399,159211,57815,50141,1.47477676090259,0.2395057128663686
12249,0.1580455065115361,0,1,0,446400,159210,57815,50141,1.4747674978695025,0.23950685690538856
12250,0.1580460156237137,0,3,0,446403,159207,57815,50141,1.4747397087702396,0.23951028908802569
12251,0.1580463913351772,6,22,6,446425,159185,57821,50135,1.4745359220423135,0.23951366329065546
12252,0.158047966112459,0,1,0,446426,159184,57821,50135,1.474526659009226,0.23951480754255466
12253,0.1580505918990253,0,7,0,446433,159177,57821,50135,1.4744618177776132,0.23952281761198593
12254,0.1580517219444853,0,1,0,446434,159176,57821,50135,1.4744525547445255,0.23952396195135467
12255,0.1580535433477317,2,10,2,446444,159166,57823,50133,1.47435992441365,0.23952813916932236
12256,0.1580568140513308,0,7,0,446451,159159,57823,50133,1.4742950831820372,0.23953615045008886
12257,0.1580628756290684,36,91,36,446542,159068,57859,50097,1.4734521471710698,0.2395094781631726
12258,0.158063300167289,4,17,4,446559,159051,57863,50093,1.4732946756085812,0.2395144015606472
12259,0.1580636801133946,1,9,1,446568,159042,57864,50092,1.4732113083107934,0.2395210726137309
12260,0.1580691107046615,3,10,3,446578,159032,57867,50089,1.4731186779799177,0.23952161667168767
12261,0.1580698036119731,21,63,21,446641,158969,57888,50068,1.4725351068954018,0.23951740600946245
12262,0.1580722436845928,3,18,3,446659,158951,57891,50065,1.4723683722998258,0.23952711754124087
12263,0.1580724291804055,0,1,0,446660,158950,57891,50065,1.4723591092667383,0.23952826352175682
12264,0.1580726850937185,1,1,1,446661,158949,57892,50064,1.4723498462336508,0.23952577112428414
12265,0.1580727386769452,0,5,0,446666,158944,57892,50064,1.4723035310682129,0.23953150118655744
12266,0.1580745509145068,60,305,60,446971,158639,57952,50004,1.4694783059765089,0.23966296496887027
12267,0.1580750085185694,8,30,8,447001,158609,57960,49996,1.4692004149838824,0.23966827257256537
12268,0.1580755485408182,4,8,4,447009,158601,57964,49992,1.4691263107191819,0.2396628841811566
12269,0.1580760438142708,3,20,3,447029,158581,57967,49989,1.4689410500574307,0.23967492928033754
12270,0.1580782317315403,0,5,0,447034,158576,57967,49989,1.468894734891993,0.2396806750893007
12271,0.1580795700524697,4,20,4,447054,158556,57971,49985,1.468709474230242,0.23968907792712224
12272,0.1580802174580247,0,1,0,447055,158555,57971,49985,1.4687002111971543,0.23969022729452383
12273,0.1580810108327323,4,31,4,447086,158524,57975,49981,1.4684130571714402,0.23971127790700464
12274,0.1580821118935476,2,14,2,447100,158510,57977,49979,1.4682833747082145,0.23972008115536073
12275,0.1580825286066605,5,29,5,447129,158481,57982,49974,1.4680147467486755,0.23973519464632653
12276,0.1580832665019539,1,8,1,447137,158473,57983,49973,1.467940642483975,0.23974074820337163
12277,0.1580845290499552,5,28,5,447165,158445,57988,49968,1.4676812775575234,0.23975471779591484
12278,0.1580855113261026,1,10,1,447175,158435,57989,49967,1.467588647226648,0.23976257425552538
12279,0.1580875866635256,1,10,1,447185,158425,57990,49966,1.4674960168957722,0.23977043154454847
12280,0.1580914450563396,0,6,0,447191,158419,57990,49966,1.467440438697247,0.23977733522086522
12281,0.1580919619923888,0,1,0,447192,158418,57990,49966,1.4674311756641594,0.23977848587223588
12282,0.1580925461171549,0,1,0,447193,158417,57990,49966,1.467421912631072,0.23977963653465015
12283,0.1580936577850788,1,1,1,447194,158416,57991,49965,1.4674126495979845,0.23977713899059896
12284,0.1580955608651388,0,1,0,447195,158415,57991,49965,1.4674033865648968,0.23977828966311546
12285,0.1580957838628094,0,1,0,447196,158414,57991,49965,1.4673941235318093,0.239779440346676
12286,0.1580960229754464,1,7,1,447203,158407,57992,49964,1.4673292823001964,0.23978384708044786
12287,0.1580963224175529,1,0,1,447203,158407,57993,49963,1.4673292823001964,0.23978019868503145
12288,0.158096354827784,0,2,0,447205,158405,57993,49963,1.4673107562340213,0.23978250019196806
12289,0.1581016914175134,5,12,5,447217,158393,57998,49958,1.4671995998369707,0.23977806681993366
12290,0.1581034414891523,0,3,0,447220,158390,57998,49958,1.4671718107377079,0.23978151938103556
12291,0.1581075275609883,9,87,9,447307,158303,58007,49949,1.4663659268590907,0.23984883698595932
12292,0.1581105113022781,0,2,0,447309,158301,58007,49949,1.4663474007929156,0.23985114045618247
12293,0.1581109584921088,1,14,1,447323,158287,58008,49948,1.4662177183296898,0.23986361562657574
12294,0.1581113788563341,0,1,0,447324,158286,58008,49948,1.4662084552966024,0.2398647675211541
12295,0.1581118326966087,16,17,16,447341,158269,58024,49932,1.4660509837341138,0.239825937435459
12296,0.1581128951270086,5,43,5,447384,158226,58029,49927,1.465652673311349,0.2398572204099869
12297,0.1581137234424605,10,13,10,447397,158213,58039,49917,1.4655322538812108,0.23983567962331234
12298,0.1581153790281738,1,3,1,447400,158210,58040,49916,1.4655044647819482,0.23983548427394943
12299,0.1581160411243549,0,2,0,447402,158208,58040,49916,1.465485938715773,0.23983778901039765
12300,0.1581169560916068,16,58,16,447460,158150,58056,49900,1.4649486827966949,0.23984619081951453
12301,0.1581183003204585,3,3,3,447463,158147,58059,49897,1.4649208936974323,0.23983868796985253
12302,0.158125620121696,1,2,1,447465,158145,58060,49896,1.4649023676312571,0.23983733975514443
12303,0.158125838375982,2,5,2,447470,158140,58062,49894,1.4648560524658194,0.23983579607179595
12304,0.1581323666386857,0,6,0,447476,158134,58062,49894,1.464800474267294,0.23984271348087757
12305,0.1581354424893297,5,45,5,447521,158089,58067,49889,1.4643836377783541,0.2398763330736905
12306,0.1581362031229623,1,0,1,447521,158089,58068,49888,1.4643836377783541,0.23987267822884262
12307,0.1581364362426956,2,5,2,447526,158084,58070,49886,1.4643373226129164,0.23987113525989326
12308,0.1581419309689216,1,9,1,447535,158075,58071,49885,1.4642539553151284,0.23987786112713982
12309,0.1581426299220765,25,120,25,447655,157955,58096,49860,1.463142391344622,0.23992493323388592
12310,0.1581450007642328,1,0,1,447655,157955,58097,49859,1.463142391344622,0.23992127575620506
12311,0.1581478834192898,3,4,3,447659,157951,58100,49856,1.4631053392122717,0.2399149210565573
12312,0.1581481612918716,13,44,13,447703,157907,58113,49843,1.4626977657564193,0.23991817087845968
12313,0.1581491643418341,0,3,0,447706,157904,58113,49843,1.4626699766571567,0.23992163545081277
12314,0.1581499954861049,0,1,0,447707,157903,58113,49843,1.462660713624069,0.23992279033049974
12315,0.1581547056505955,1,23,1,447730,157880,58114,49842,1.4624476638630552,0.23994569665225637
12316,0.1581548578002146,10,26,10,447756,157854,58124,49832,1.4622068250027789,0.23993913889236637
12317,0.1581554446405581,2,3,2,447759,157851,58126,49830,1.4621790359035163,0.23993528536553657
12318,0.1581559588610299,5,25,5,447784,157826,58131,49825,1.4619474600763274,0.23994587071576828
12319,0.1581564319279105,1,5,1,447789,157821,58132,49824,1.4619011449108896,0.23994798815285703
12320,0.1581588485435116,5,36,5,447825,157785,58137,49819,1.4615676757197378,0.23997129149727364
12321,0.1581594896970464,53,160,53,447985,157625,58190,49766,1.460085590425729,0.23996219700951343
12322,0.1581600297192952,21,134,21,448119,157491,58211,49745,1.4588443439919967,0.24004034048138354
12323,0.1581635671507785,12,43,12,448162,157448,58223,49733,1.458446033569232,0.2400461432274195
12324,0.1581638925268066,0,2,0,448164,157446,58223,49733,1.4584275075030568,0.24004846050999376
12325,0.1581700369369553,2,11,2,448175,157435,58225,49731,1.4583256141390937,0.24005386984350713
12326,0.1581791648038919,6,35,6,448210,157400,58231,49725,1.4580014079810293,0.24007242003621002
12327,0.1581801893015338,0,1,0,448211,157399,58231,49725,1.4579921449479418,0.2400735791120295
12328,0.158181581419493,17,40,17,448251,157359,58248,49708,1.4576216236244395,0.24005756590861896
12329,0.158181639673041,0,1,0,448252,157358,58248,49708,1.457612360591352,0.24005872523736393
12330,0.1581837013330997,0,3,0,448255,157355,58248,49708,1.4575845714920894,0.2400622032907859
12331,0.1581855560608559,0,3,0,448258,157352,58248,49708,1.4575567823928266,0.2400656814449918
12332,0.1581857656628217,1,8,1,448266,157344,58249,49707,1.4574826781281263,0.24007128678441544
12333,0.1581871566655894,3,11,3,448277,157333,58252,49704,1.457380784764163,0.2400730304245135
12334,0.1581889216994499,1,4,1,448281,157329,58253,49703,1.457343732631813,0.240073998222497
12335,0.1581914342956304,0,1,0,448282,157328,58253,49703,1.4573344695987254,0.24007515782660568
12336,0.1581935448460417,50,241,50,448523,157087,58303,49653,1.455102078624625,0.2401712295637032
12337,0.1581944296153839,4,40,4,448563,157047,58307,49649,1.4547315573011226,0.24020300344467238
12338,0.1581957793825607,5,29,5,448592,157018,58312,49644,1.4544629293415836,0.24021832751062122
12339,0.1581964263277871,0,4,0,448596,157014,58312,49644,1.4544258772092333,0.24022297709258775
12340,0.1581998602066508,15,49,15,448645,156965,58327,49629,1.4539719885879432,0.24022478871603242
12341,0.1582000438718599,1,9,1,448654,156956,58328,49628,1.4538886212901552,0.24023157650156837
12342,0.158200664690977,0,1,0,448655,156955,58328,49628,1.4538793582570677,0.24023273938320192
12343,0.1582029782317701,0,9,0,448664,156946,58328,49628,1.4537959909592797,0.24024320582454714
12344,0.158203446061346,0,2,0,448666,156944,58328,49628,1.4537774648931046,0.24024553182425498
12345,0.1582052993010901,1,3,1,448669,156941,58329,49627,1.453749675793842,0.24024534293791874
12346,0.1582060007669025,0,3,0,448672,156938,58329,49627,1.4537218866945794,0.24024883208675235
12347,0.1582062980428075,3,31,3,448703,156907,58332,49624,1.453434732668865,0.24027385719335112
12348,0.1582063082597429,1,1,1,448704,156906,58333,49623,1.4534254696357776,0.24027134203913253
12349,0.1582068001021907,3,14,3,448718,156892,58336,49620,1.4532957871725518,0.24027659409622684
12350,0.1582073386569341,1,6,1,448724,156886,58337,49619,1.4532402089740264,0.24027989637054792
12351,0.1582077906892506,1,5,1,448729,156881,58338,49618,1.4531938938085887,0.24028203526409328
12352,0.1582103195544589,7,46,7,448775,156835,58345,49611,1.452767794286561,0.24030981467308643
12353,0.1582126773455958,1,2,1,448777,156833,58346,49610,1.4527492682203862,0.2403084628686853
12354,0.15821340822998,5,15,5,448792,156818,58351,49605,1.4526103227240728,0.24030752387088647
12355,0.1582172330240903,1,13,1,448805,156805,58352,49604,1.4524899032939345,0.2403189783391228
12356,0.1582202510795362,1,2,1,448807,156803,58353,49603,1.4524713772277595,0.2403176264255884
12357,0.1582211382386085,15,65,15,448872,156738,58368,49588,1.4518692800770685,0.2403381057161967
12358,0.1582227767478413,2,1,2,448873,156737,58370,49586,1.4518600170439808,0.2403319067675441
12359,0.1582271012330451,3,3,3,448876,156734,58373,49583,1.4518322279447182,0.24032435523975243
12360,0.1582366363610773,13,76,13,448952,156658,58386,49570,1.451128237430064,0.24036503287623406
12361,0.1582380555293442,0,8,0,448960,156650,58386,49570,1.4510541331653637,0.24037435748230046
12362,0.1582382070401152,0,17,0,448977,156633,58386,49570,1.4508966616028753,0.24039417467253144
12363,0.1582382511195761,12,10,12,448987,156623,58398,49558,1.4508040312719996,0.24036162400997182
12364,0.1582393658782719,0,4,0,448991,156619,58398,49558,1.4507669791396496,0.24036628721923395
12365,0.1582407889015851,10,41,10,449032,156578,58408,49548,1.4503871947830598,0.2403772449860765
12366,0.1582452373397483,0,1,0,449033,156577,58408,49548,1.4503779317499723,0.24037841115827774
12367,0.1582457875453936,0,3,0,449036,156574,58408,49548,1.4503501426507095,0.2403819097427737
12368,0.158247328431023,0,3,0,449039,156571,58408,49548,1.450322353551447,0.24038540842911135
12369,0.1582473375050498,1,17,1,449056,156554,58409,49547,1.4501648819889585,0.24040155069601798
12370,0.1582513071259327,5,31,5,449087,156523,58414,49542,1.4498777279632442,0.24041928517700725
12371,0.1582526055464349,0,3,0,449090,156520,58414,49542,1.4498499388639816,0.2404227853752754
12372,0.1582567777808908,1,0,1,449090,156520,58415,49541,1.4498499388639816,0.24041909919878093
12373,0.1582571167959992,1,10,1,449100,156510,58416,49540,1.4497573085331061,0.2404270808056297
12374,0.1582594986923859,0,12,0,449112,156498,58416,49540,1.4496461521360555,0.24044108368359235
12375,0.1582608197705993,0,2,0,449114,156496,58416,49540,1.4496276260698804,0.24044341765516705
12376,0.1582619159632792,0,1,0,449115,156495,58416,49540,1.4496183630367927,0.24044458465794646
12377,0.1582664787991386,1,5,1,449120,156490,58417,49539,1.449572047871355,0.24044673322687582
12378,0.1582715615137799,16,57,16,449177,156433,58433,49523,1.4490440549853645,0.24045427178620676
12379,0.1582749087661879,2,13,2,449190,156420,58435,49521,1.4489236355552262,0.24046207408918088
12380,0.1582762448817411,0,4,0,449194,156416,58435,49521,1.448886583422876,0.24046674468405385
12381,0.1582766099204274,0,4,0,449198,156412,58435,49521,1.4488495312905258,0.24047141546036818
12382,0.1582769201950892,2,17,2,449215,156395,58437,49519,1.4486920597280373,0.24048389133327505
12383,0.1582789107938608,44,195,44,449410,156200,58481,49475,1.4468857682759644,0.2405494104776954
12384,0.1582793514243939,9,74,9,449484,156126,58490,49466,1.4462003038274853,0.24060274718860655
12385,0.1582798027346534,4,16,4,449500,156110,58494,49462,1.4460520952980844,0.24060669741015314
12386,0.1582799258687524,0,7,0,449507,156103,58494,49462,1.4459872540664716,0.24061489066718555
12387,0.1582806457679654,7,43,7,449550,156060,58501,49455,1.4455889436437066,0.2406393693890957
12388,0.1582817468287806,7,30,7,449580,156030,58508,49448,1.4453110526510802,0.24064863391701302
12389,0.158285145869454,1,15,1,449595,156015,58509,49447,1.4451721071547667,0.24066250693558905
12390,0.1582876337608753,0,3,0,449598,156012,58509,49447,1.4451443180555041,0.24066602095795267
12391,0.158287927239823,6,14,6,449612,155998,58515,49441,1.4450146355922784,0.24066024464682947
12392,0.1582905139769201,4,18,4,449630,155980,58519,49437,1.4448479009967024,0.24066654658572562
12393,0.1582907792212844,58,249,58,449879,155731,58577,49379,1.4425414057579014,0.24074399102920385
12394,0.1582914826374668,0,2,0,449881,155729,58577,49379,1.4425228796917262,0.24074633851434366
12395,0.1582925720429472,0,1,0,449882,155728,58577,49379,1.4425136166586388,0.24074751227408134
12396,0.1582942102835977,0,1,0,449883,155727,58577,49379,1.442504353625551,0.2407486860452644
12397,0.1582943365719197,2,2,2,449885,155725,58579,49377,1.442485827559376,0.24074362999873233
12398,0.158294919069882,2,8,2,449893,155717,58581,49375,1.4424117232946756,0.24074561660133015
12399,0.1582953940578415,0,1,0,449894,155716,58581,49375,1.4424024602615881,0.2407467904491177
12400,0.1582960563150443,1,1,1,449895,155715,58582,49374,1.4423931972285005,0.24074426224712198
12401,0.1582993016667463,1,1,1,449896,155714,58583,49373,1.442383934195413,0.24074173399581641
12402,0.1583000159746092,0,3,0,449899,155711,58583,49373,1.4423561450961502,0.24074525560258236
12403,0.1583009482005274,0,3,0,449902,155708,58583,49373,1.4423283559968876,0.240748777312379
12404,0.1583019495125732,0,12,0,449914,155696,58583,49373,1.442217199599837,0.24076286518196313
12405,0.1583074425671684,3,12,3,449926,155684,58586,49370,1.4421060432027863,0.2407658470451686
12406,0.1583107502489248,12,106,12,450032,155578,58598,49358,1.4411241616955055,0.24084592262950386
12407,0.158312584356535,7,30,7,450062,155548,58605,49351,1.4408462707028789,0.24085525063567903
12408,0.1583129446333401,2,1,2,450063,155547,58607,49349,1.4408370076697914,0.2408490160862096
12409,0.1583170170062838,8,21,8,450084,155526,58615,49341,1.4406424839749528,0.24084405980465376
12410,0.1583206732539274,0,1,0,450085,155525,58615,49341,1.4406332209418653,0.2408452354221784
12411,0.1583208820005219,0,4,0,450089,155521,58615,49341,1.440596168809515,0.24084993800704865
12412,0.158322911436261,23,193,23,450282,155328,58638,49318,1.438808403423617,0.24099176138307127
12413,0.1583241937870236,0,2,0,450284,155326,58638,49318,1.438789877357442,0.24099411661226325
12414,0.1583246031950769,0,1,0,450285,155325,58638,49318,1.4387806143243544,0.2409952942441227
12415,0.1583249946984375,0,3,0,450288,155322,58638,49318,1.4387528252250916,0.24099882720875684
12416,0.1583250709484776,0,2,0,450290,155320,58638,49318,1.4387342991589165,0.24100118257606115
12417,0.1583265978982421,0,1,0,450291,155319,58638,49318,1.438725036125829,0.24100236027697827
12418,0.1583294056518435,1,7,1,450298,155312,58639,49317,1.4386601948942161,0.241006895405832
12419,0.1583308719418426,0,3,0,450301,155309,58639,49317,1.4386324057949536,0.2410104287822662
12420,0.1583314141929663,0,3,0,450304,155306,58639,49317,1.4386046166956907,0.24101396226230679
12421,0.1583370028752114,13,60,13,450364,155246,58652,49304,1.4380488347104377,0.2410364214128575
12422,0.1583386873200877,5,20,5,450384,155226,58657,49299,1.4378635740486865,0.24104143747708104
12423,0.1583394194908124,17,62,17,450446,155164,58674,49282,1.437289265997258,0.2410514267826223
12424,0.1583401693277369,10,21,10,450467,155143,58684,49272,1.4370947423024194,0.2410390626910941
12425,0.1583407687220582,1,11,1,450478,155132,58685,49271,1.4369928489384565,0.24104832120859282
12426,0.1583411787082483,6,24,6,450502,155108,58691,49265,1.436770536144355,0.24105434670920328
12427,0.1583467597707694,5,14,5,450516,155094,58696,49260,1.4366408536811293,0.24105229161161515
12428,0.1583560936458659,0,1,0,450517,155093,58696,49260,1.4366315906480418,0.24105347119934623
12429,0.1583594690589194,9,71,9,450588,155022,58705,49251,1.4359739152988253,0.24110381695084518
12430,0.1583606126679324,2,22,2,450610,155000,58707,49249,1.4357701285708993,0.24112235555620834
12431,0.1583630433726101,0,4,0,450614,154996,58707,49249,1.435733076438549,0.24112707777424172
12432,0.1583631925920963,0,8,0,450622,154988,58707,49249,1.4356589721738486,0.24113652276521885
12433,0.1583636233550188,1,2,1,450624,154986,58708,49248,1.4356404461076735,0.24113516848321043
12434,0.1583643609444025,6,32,6,450656,154954,58714,49242,1.4353440290488717,0.2411506591706008
12435,0.1583654196888791,0,2,0,450658,154952,58714,49242,1.4353255029826966,0.2411530211465567
12436,0.1583680862134729,0,2,0,450660,154950,58714,49242,1.4353069769165216,0.24115538316878232
12437,0.1583684087342083,0,6,0,450666,154944,58714,49242,1.4352513987179962,0.241162469513091
12438,0.1583704621105359,1,1,1,450667,154943,58715,49241,1.4352421356849088,0.2411599341770168
12439,0.1583719433848505,2,7,2,450674,154936,58717,49239,1.435177294453296,0.2411607689482062
12440,0.1583728277151804,1,10,1,450684,154926,58718,49238,1.4350846641224202,0.24116886424639017
12441,0.1583731254728005,2,13,2,450697,154913,58720,49236,1.4349642446922821,0.24117678754243224
12442,0.1583772520016124,1,5,1,450702,154908,58721,49235,1.4349179295268442,0.24117897748147132
12443,0.1583777920238611,1,9,1,450711,154899,58722,49234,1.4348345622290564,0.24118589351060338
12444,0.1583780779330123,1,12,1,450723,154887,58723,49233,1.4347234058320055,0.24119635508524398
12445,0.1583798830409973,0,1,0,450724,154886,58723,49233,1.434714142798918,0.24119753673102454
12446,0.1583805595013829,0,5,0,450729,154881,58723,49233,1.4346678276334803,0.2412034451336018
12447,0.1583806148191608,4,12,4,450741,154869,58727,49229,1.4345566712364297,0.24120275553900578
12448,0.1583807474780806,0,1,0,450742,154868,58727,49229,1.434547408203342,0.24120393734351803
12449,0.1583840187221143,5,17,5,450759,154851,58732,49224,1.4343899366408537,0.24120543917677326
12450,0.1583841450916782,54,195,54,450954,154656,58786,49170,1.4325836451887806,0.24123517117541432
12451,0.1583852866601367,3,28,3,450982,154628,58789,49167,1.432324280262329,0.241257145661081
12452,0.1583861500825605,1,2,1,450984,154626,58790,49166,1.432305754196154,0.24125579021747665
12453,0.158389907007459,1,15,1,450999,154611,58791,49165,1.4321668086998407,0.2412698256909548
12454,0.1583908431638807,0,1,0,451000,154610,58791,49165,1.432157545666753,0.24127100969206233
12455,0.158392109518344,1,10,1,451010,154600,58792,49164,1.4320649153358775,0.2412791268330029
12456,0.1583941877830791,1,0,1,451010,154600,58793,49163,1.4320649153358775,0.24127540328715222
12457,0.1583960891908956,7,25,7,451035,154575,58800,49156,1.4318333395086886,0.24127894134913194
12458,0.1583986500002566,2,21,2,451056,154554,58802,49154,1.43163881581385,0.24129636538574822
12459,0.1584032711000789,1,12,1,451068,154542,58803,49153,1.4315276594167994,0.24130685583838582
12460,0.1584041814659333,7,66,7,451134,154476,58810,49146,1.4309162992330209,0.24135898871438252
12461,0.1584067515980957,8,44,8,451178,154432,58818,49138,1.4305087257771685,0.24138134302696862
12462,0.1584078576922426,0,1,0,451179,154431,58818,49138,1.430499462744081,0.24138252877402747
12463,0.1584095521269546,3,19,3,451198,154412,58821,49135,1.4303234651154173,0.2413938795462473
12464,0.1584127394433916,41,139,41,451337,154273,58862,49094,1.4290359035162474,0.24140593114910483
12465,0.1584128096941,1,2,1,451339,154271,58863,49093,1.4290173774500723,0.24140457504769772
12466,0.1584158953714432,11,53,11,451392,154218,58874,49082,1.4285264366964319,0.2414264633546483
12467,0.1584215843473186,1,2,1,451394,154216,58875,49081,1.4285079106302567,0.24142510710930315
12468,0.1584244288416049,3,1,3,451395,154215,58878,49078,1.4284986475971693,0.24141510037236893
12469,0.1584267361682782,2,9,2,451404,154206,58880,49076,1.4284152802993813,0.2414183252821204
12470,0.1584269424354459,1,0,1,451404,154206,58881,49075,1.4284152802993813,0.24141459359212125
12471,0.1584285763892802,0,2,0,451406,154204,58881,49075,1.4283967542332061,0.24141696879658006
12472,0.1584340829530605,0,10,0,451416,154194,58881,49075,1.4283041239023306,0.24142884551997598
12473,0.1584360109378187,5,11,5,451427,154183,58886,49070,1.4282022305383675,0.24142325082532606
12474,0.1584360865009797,0,1,0,451428,154182,58886,49070,1.42819296750528,0.2414244386279102
12475,0.1584365382166755,23,92,23,451520,154090,58909,49047,1.427340768461225,0.24144788984773824
12476,0.1584402847394049,0,3,0,451523,154087,58909,49047,1.4273129793619623,0.24145145568934792
12477,0.1584405748243428,2,2,2,451525,154085,58911,49045,1.4272944532957872,0.24144636439718406
12478,0.1584418881812238,0,5,0,451530,154080,58911,49045,1.4272481381303495,0.2414523076923077
12479,0.1584447969628365,1,4,1,451534,154076,58912,49044,1.4272110859979992,0.24145332808192202
12480,0.1584486994040117,24,119,24,451653,153957,58936,49020,1.4261087850605803,0.2415051951698961
12481,0.1584495628264356,1,28,1,451681,153929,58937,49019,1.4258494201341287,0.2415347773813982
12482,0.1584519977212806,3,2,3,451683,153927,58940,49016,1.4258308940679536,0.24152594570889363
12483,0.1584549432890128,1,14,1,451697,153913,58941,49015,1.4257012116047278,0.24153887092959078
12484,0.1584557395884223,0,5,0,451702,153908,58941,49015,1.42565489643929,0.24154482242032693
12485,0.158456508609103,0,2,0,451704,153906,58941,49015,1.425636370373115,0.24154720309874286
12486,0.1584573088936573,14,53,14,451757,153853,58955,49001,1.4251454296194745,0.24155796779950112
12487,0.158461178364606,1,5,1,451762,153848,58956,49000,1.4250991144540368,0.24156018299416313
12488,0.1584617331800893,9,43,9,451805,153805,58965,48991,1.424700804031272,0.24157774315075248
12489,0.1584621735915458,0,5,0,451810,153800,58965,48991,1.4246544888658341,0.24158369947384253
12490,0.1584622732023381,12,46,12,451856,153754,58977,48979,1.4242283893438068,0.2415936231397947
12491,0.1584670897662931,0,1,0,451857,153753,58977,48979,1.4242191263107191,0.24159481482943
12492,0.158467392190395,2,0,2,451857,153753,58979,48977,1.4242191263107191,0.24158733290583534
12493,0.1584742088314776,7,35,7,451892,153718,58986,48970,1.4238949201526547,0.2416028575939375
12494,0.1584746395944001,4,22,4,451914,153696,58990,48966,1.4236911334247286,0.2416141161145158
12495,0.1584764773045353,4,17,4,451931,153679,58994,48962,1.42353366186224,0.2416194156167804
12496,0.1584768749166332,2,1,2,451932,153678,58996,48960,1.4235243988291526,0.2416131229088325
12497,0.1584788939201364,15,63,15,451995,153615,59011,48945,1.4229408277446367,0.24163210900473933
12498,0.1584791024528542,1,5,1,452000,153610,59012,48944,1.422894512579199,0.2416343296108692
12499,0.1584840488270626,0,1,0,452001,153609,59012,48944,1.4228852495461113,0.24163552255459064
12500,0.1584843577174614,1,9,1,452010,153600,59013,48943,1.4228018822483235,0.24164251541647946
12501,0.158487243723163,7,46,7,452056,153554,59020,48936,1.422375782726296,0.24167119363919207
12502,0.1584873645890875,1,7,1,452063,153547,59021,48935,1.422310941494683,0.24167580328127933
12503,0.1584894872107167,3,23,3,452086,153524,59024,48932,1.4220978917336693,0.24169202197020587
12504,0.1584901489121532,6,41,6,452127,153483,59030,48926,1.4217181073770795,0.24171850065955566
12505,0.1584960576998975,1,2,1,452129,153481,59031,48925,1.4216995813109043,0.24171714277244746
12506,0.1584964313916077,3,6,3,452135,153475,59034,48922,1.4216440031123792,0.24171306886959787
12507,0.158499321081778,0,2,0,452137,153473,59034,48922,1.421625477046204,0.24171545739766298
12508,0.1585001371244235,8,32,8,452169,153441,59042,48914,1.4213290599874022,0.2417237033925527
12509,0.1585035772171696,4,15,4,452184,153426,59046,48910,1.421190114491089,0.24172663292740787
12510,0.1585044583984169,1,14,1,452198,153412,59047,48909,1.4210604320278633,0.24173961180500295
12511,0.1585055594592321,2,3,2,452201,153409,59049,48907,1.4210326429286004,0.24173570058720023
12512,0.158505771644062,0,14,0,452215,153395,59049,48907,1.4209029604653747,0.24175242953604018
12513,0.1585085415258504,4,7,4,452222,153388,59053,48903,1.4208381192337618,0.24174580183992367
12514,0.1585174932273538,0,2,0,452224,153386,59053,48903,1.4208195931675869,0.24174819194320996
12515,0.1585191523322974,6,30,6,452254,153356,59059,48897,1.4205417021749602,0.24176155607086175
12516,0.1585200892484847,3,7,3,452261,153349,59062,48894,1.4204768609433474,0.2417586764436841
12517,0.1585252780386668,0,1,0,452262,153348,59062,48894,1.4204675979102597,0.24175987183671047
12518,0.1585291093652377,0,1,0,452263,153347,59062,48894,1.4204583348771722,0.24176106724155833
12519,0.1585303880964021,1,6,1,452269,153341,59063,48893,1.4204027566786468,0.24176449063955616
12520,0.1585337343266891,5,31,5,452300,153310,59068,48888,1.4201156026529327,0.2417828069516019
12521,0.1585354047789045,1,11,1,452311,153299,59069,48887,1.4200137092889695,0.24179221113232371
12522,0.1585435727173559,0,2,0,452313,153297,59069,48887,1.4199951832227944,0.24179460293593955
12523,0.1585452764106623,0,2,0,452315,153295,59069,48887,1.4199766571566195,0.2417969947868752
12524,0.1585477704613364,10,53,10,452368,153242,59079,48877,1.419485716402979,0.24182288651734868
12525,0.1585493835880113,0,6,0,452374,153236,59079,48877,1.4194301382044536,0.24183006535947713
12526,0.1585499475896634,0,2,0,452376,153234,59079,48877,1.4194116121382785,0.24183245840157142
12527,0.1585552347890116,0,3,0,452379,153231,59079,48877,1.419383823039016,0.24183604805351594
12528,0.1585560523405222,2,2,2,452381,153229,59081,48875,1.4193652969728408,0.24183093852669912
12529,0.1585561294561815,2,10,2,452391,153219,59083,48873,1.4192726666419653,0.24183540169823645
12530,0.1585563721212174,2,4,2,452395,153215,59085,48871,1.419235614509615,0.24183268509446473
12531,0.1585595544771764,0,5,0,452400,153210,59085,48871,1.4191892993441773,0.24183866865266898
12532,0.1585603089023118,2,3,2,452403,153207,59087,48869,1.4191615102449147,0.24183475524060255
12533,0.1585610479458599,38,153,38,452556,153054,59125,48831,1.4177442661825188,0.24187532506129727
12534,0.1585628513874536,1,0,1,452556,153054,59126,48830,1.4177442661825188,0.2418715698123675
12535,0.1585635705714154,0,14,0,452570,153040,59126,48830,1.417614583719293,0.24188834398375192
12536,0.1585645896694151,23,122,23,452692,152918,59149,48807,1.4164844936826115,0.24194819680257776
12537,0.1585654408833052,1,2,1,452694,152916,59150,48806,1.4164659676164364,0.24194683772716907
12538,0.1585666246575489,1,2,1,452696,152914,59151,48805,1.4164474415502613,0.24194547861133556
12539,0.1585678711422919,19,69,19,452765,152845,59170,48786,1.41580829226722,0.24195684195386621
12540,0.1585685300055395,1,1,1,452766,152844,59171,48785,1.4157990292341325,0.24195428237009556
12541,0.1585689722031072,13,64,13,452830,152780,59184,48772,1.415206195116529,0.24198221798840994
12542,0.1585748110324151,5,7,5,452837,152773,59189,48767,1.415141353884916,0.24197181700903048
12543,0.1585762955661028,0,1,0,452838,152772,59189,48767,1.4151320908518286,0.2419730176293422
12544,0.1585781060056743,4,5,4,452843,152767,59193,48763,1.4150857756863908,0.24196397558676128
12545,0.1585805388783744,6,20,6,452863,152747,59199,48757,1.4149005150246396,0.24196542004128951
12546,0.158581527556173,6,8,6,452871,152739,59205,48751,1.4148264107599393,0.24195245421609013
12547,0.1585822669129243,0,12,0,452883,152727,59205,48751,1.4147152543628885,0.2419668648686209
12548,0.1585846031431172,2,8,2,452891,152719,59207,48749,1.4146411500981881,0.24196894792225068
12549,0.1585880583956466,16,77,16,452968,152642,59223,48733,1.4139278965504465,0.24200124146492863
12550,0.1585919278665953,2,14,2,452982,152628,59225,48731,1.4137982140872207,0.2420105383916289
12551,0.1585930227043273,29,103,29,453085,152525,59254,48702,1.4128441216792027,0.24202517554801295
12552,0.1585935595336128,1,0,1,453085,152525,59255,48701,1.4128441216792027,0.242021408764275
12553,0.1585938725918929,1,0,1,453085,152525,59256,48700,1.4128441216792027,0.24201764194309852
12554,0.1585983808284688,11,50,11,453135,152475,59267,48689,1.4123809700248249,0.2420363484520093
12555,0.1585989786007956,7,36,7,453171,152439,59274,48682,1.412047500833673,0.2420532913022509
12556,0.1586012868469399,1,1,1,453172,152438,59275,48681,1.4120382378005853,0.24205072618698384
12557,0.1586019744058307,4,22,4,453194,152416,59279,48677,1.4118344510726593,0.24206213045705222
12558,0.1586044540772223,1,1,1,453195,152415,59280,48676,1.4118251880395716,0.24205956507252935
12559,0.158606487015493,0,3,0,453198,152412,59280,48676,1.411797398940309,0.24206317632081475
12560,0.158614869274879,21,122,21,453320,152290,59301,48655,1.4106673089036275,0.24213093134937422
12561,0.1586150771860617,0,2,0,453322,152288,59301,48655,1.4106487828374523,0.24213334129579034
12562,0.1586156888149057,1,0,1,453322,152288,59302,48654,1.4106487828374523,0.24212956972658778
12563,0.1586196963125478,0,3,0,453325,152285,59302,48654,1.4106209937381897,0.24213318469784362
12564,0.158620061351234,0,7,0,453332,152278,59302,48654,1.4105561525065768,0.24214162005056436
12565,0.1586214629319613,2,11,2,453343,152267,59304,48652,1.4104542591426137,0.24214733300484276
12566,0.1586228752297143,12,44,12,453387,152223,59316,48640,1.4100466856867613,0.24215510074030558
12567,0.1586279328563607,2,8,2,453395,152215,59318,48638,1.409972581422061,0.24215719954394507
12568,0.1586311152123196,1,3,1,453398,152212,59319,48637,1.4099447923227981,0.2421570433509751
12569,0.1586316700230677,0,1,0,453399,152211,59319,48637,1.4099355292897107,0.24215824902413766
12570,0.1586339909994932,0,1,0,453400,152210,59319,48637,1.409926266256623,0.24215945470930608
12571,0.1586357470242628,0,1,0,453401,152209,59319,48637,1.4099170032235355,0.2421606604064806
12572,0.158636294278048,0,1,0,453402,152208,59319,48637,1.409907740190448,0.24216186611566132
12573,0.1586372720973445,1,11,1,453413,152197,59320,48636,1.409805846826485,0.2421713563010063
12574,0.1586449403000481,9,35,9,453448,152162,59329,48627,1.4094816406684205,0.2421796014721922
12575,0.1586464210182858,11,62,11,453510,152100,59340,48616,1.408907332616992,0.24221287789712828
12576,0.1586464304269716,0,1,0,453511,152099,59340,48616,1.4088980695839046,0.24221408464738559
12577,0.1586469390751596,0,1,0,453512,152098,59340,48616,1.408888806550817,0.2422152914096675
12578,0.1586490595822408,0,2,0,453514,152096,59340,48616,1.4088702804846418,0.2422177049703057
12579,0.1586501562430901,0,6,0,453520,152090,59340,48616,1.4088147022861166,0.24222494594082888
12580,0.158660350847127,4,9,4,453529,152081,59344,48612,1.4087313349883286,0.24222070525628697
12581,0.1586611375983913,9,29,9,453558,152052,59353,48603,1.4084627070287896,0.2422217238543769
12582,0.1586630135831979,0,1,0,453559,152051,59353,48603,1.408453443995702,0.24222293101557907
12583,0.1586695123135685,3,16,3,453575,152035,59356,48600,1.408305235466301,0.24223091683903605
12584,0.1586725120344632,4,24,4,453599,152011,59360,48596,1.4080829226721998,0.24224478707123878
12585,0.1586727472005279,0,5,0,453604,152006,59360,48596,1.408036607506762,0.24225082501669973
12586,0.1586735584290872,5,47,5,453651,151959,59365,48591,1.407601244951647,0.24228870605833958
12587,0.1586739483887156,2,2,2,453653,151957,59367,48589,1.407582718885472,0.24228356586518804
12588,0.1586794860002838,0,1,0,453654,151956,59367,48589,1.4075734558523842,0.24228477399087486
12589,0.158680425892433,0,1,0,453655,151955,59367,48589,1.4075641928192968,0.2422859821286102
12590,0.1586820594279708,0,3,0,453658,151952,59367,48589,1.4075364037200342,0.24228960661410884
12591,0.1586848373273796,0,2,0,453660,151950,59367,48589,1.407517877653859,0.24229202299802033
12592,0.1586857680254168,0,3,0,453663,151947,59367,48589,1.4074900885545962,0.2422956476642598
12593,0.158687249550049,15,54,15,453717,151893,59382,48574,1.4069898847678683,0.24230421964712395
12594,0.1586873118054841,2,17,2,453734,151876,59384,48572,1.40683241320538,0.24231720945083013
12595,0.1586873483479823,1,0,1,453734,151876,59385,48571,1.40683241320538,0.2423134294851008
12596,0.1586886228080093,2,15,2,453749,151861,59387,48569,1.4066934677090666,0.24232400339270568
12597,0.1586889352556992,1,10,1,453759,151851,59388,48568,1.406600837378191,0.24233231380258358
12598,0.1586900698026009,1,0,1,453759,151851,59389,48567,1.406600837378191,0.24232853336526658
12599,0.1586938382390071,1,1,1,453760,151850,59390,48566,1.4065915743451036,0.242325961999042
12600,0.1586944359648576,85,395,85,454155,151455,59475,48481,1.4029326762755197,0.24248259443021766
12601,0.158697490225475,0,4,0,454159,151451,59475,48481,1.4028956241431694,0.24248744573154873
12602,0.1587012702967443,1,2,1,454161,151449,59476,48480,1.4028770980769942,0.24248608255930856
12603,0.158704064098739,4,31,4,454192,151418,59480,48476,1.4025899440512801,0.24250852952064594
12604,0.1587099523840838,3,32,3,454224,151386,59483,48473,1.4022935269924783,0.24253598787144937
12605,0.1587139615426047,3,8,3,454232,151378,59486,48470,1.402219422727778,0.24253432608782674
12606,0.158717188740313,6,26,6,454258,151352,59492,48464,1.4019785838675016,0.24254313968851343
12607,0.1587179911621149,11,44,11,454302,151308,59503,48453,1.4015710104116492,0.24255485304939403
12608,0.1587202282027397,1,0,1,454302,151308,59504,48452,1.4015710104116492,0.24255106127352824
12609,0.1587206203173841,3,7,3,454309,151301,59507,48449,1.4015061691800363,0.24254818523153943
12610,0.158721388361642,0,1,0,454310,151300,59507,48449,1.4014969061469487,0.24254939949636795
12611,0.1587215137067874,0,2,0,454312,151298,59507,48449,1.4014783800807737,0.24255182806249906
12612,0.1587237635910021,24,138,24,454450,151160,59531,48425,1.400200081514691,0.24262845404213743
12613,0.1587309418226646,0,2,0,454452,151158,59531,48425,1.400181555448516,0.24263088539605077
12614,0.1587329444813724,3,2,3,454454,151156,59534,48422,1.400163029382341,0.24262193227710468
12615,0.1587333584382657,4,14,4,454468,151142,59538,48418,1.4000333469191153,0.24262377229905793
12616,0.1587334251463626,0,1,0,454469,151141,59538,48418,1.4000240838860276,0.24262498809875777
12617,0.1587342387014748,0,2,0,454471,151139,59538,48418,1.4000055578198525,0.24262741973471239
12618,0.158734637421567,7,25,7,454496,151114,59545,48411,1.3997739819926638,0.2426312492168901
12619,0.1587359247783382,30,190,30,454686,150924,59575,48381,1.3980140057060284,0.24274855121547378
12620,0.1587389589834131,1,8,1,454694,150916,59576,48380,1.3979399014413278,0.24275449582530506
12621,0.1587425552593552,0,1,0,454695,150915,59576,48380,1.3979306384082404,0.2427557138914674
12622,0.1587450072388745,0,4,0,454699,150911,59576,48380,1.39789358627589,0.24276058627835678
12623,0.1587452078076116,2,1,2,454700,150910,59578,48378,1.3978843232428027,0.2427542049696921
12624,0.1587456187768683,40,227,40,454927,150683,59618,48338,1.3957816147319277,0.24287889217720743
12625,0.1587473607041621,1,0,1,454927,150683,59619,48337,1.3957816147319277,0.2428750879308612
12626,0.1587488344616075,2,3,2,454930,150680,59621,48335,1.3957538256326651,0.24287114036630406
12627,0.1587530758615437,1,7,1,454937,150673,59622,48334,1.3956889844010523,0.24287587873793384
12628,0.1587595523767002,0,3,0,454940,150670,59622,48334,1.3956611953017897,0.24287954010974655
12629,0.1587611598128605,0,2,0,454942,150668,59622,48334,1.3956426692356145,0.24288198108561723
12630,0.1587630600650952,2,16,2,454958,150652,59624,48332,1.3954944607062136,0.2428939010171672
12631,0.1587639671787607,1,2,1,454960,150650,59625,48331,1.3954759346400385,0.2428925374784527
12632,0.1587646156145326,3,25,3,454985,150625,59628,48328,1.3952443588128496,0.24291164244821642
12633,0.1587650239809213,0,1,0,454986,150624,59628,48328,1.3952350957797621,0.2429128634042382
12634,0.1587745572074449,3,4,3,454990,150620,59631,48325,1.3951980436474118,0.24290633089547362
12635,0.1587757803460971,13,40,13,455030,150580,59644,48312,1.3948275223239097,0.24290569756450736
12636,0.1587773742864797,17,91,17,455121,150489,59661,48295,1.3939845863129423,0.24295214906632326
12637,0.1587775343838672,3,9,3,455130,150480,59664,48292,1.3939012190151543,0.24295172358279837
12638,0.1587902530735217,1,10,1,455140,150470,59665,48291,1.3938085886842788,0.2429601380552523
12639,0.1587947015553187,0,2,0,455142,150468,59665,48291,1.3937900626181037,0.24296258282643804
12640,0.1587952969384335,0,1,0,455143,150467,59665,48291,1.3937807995850162,0.24296380523048128
12641,0.1587958535667609,2,33,2,455176,150434,59667,48289,1.3934751194931267,0.24299653286232595
12642,0.1587959305746341,2,2,2,455178,150432,59669,48287,1.3934565934269518,0.24299135965861343
12643,0.1587964016021955,3,9,3,455187,150423,59672,48284,1.3933732261291638,0.2429909364038509
12644,0.1587967516578221,0,3,0,455190,150420,59672,48284,1.393345437029901,0.2429946050406635
12645,0.1588009617737031,1,2,1,455192,150418,59673,48283,1.393326910963726,0.24299324110095066
12646,0.1588038375211578,1,9,1,455201,150409,59674,48282,1.393243543665938,0.24300043786583186
12647,0.1588049858815058,2,5,2,455206,150404,59676,48280,1.3931972285005,0.24299893297900182
12648,0.1588058207002126,1,0,1,455206,150404,59677,48279,1.3931972285005,0.2429951228841924
12649,0.1588082166676035,0,1,0,455207,150403,59677,48279,1.3931879654674126,0.24299634591961022
12650,0.1588085064648562,1,18,1,455225,150385,59678,48278,1.3930212308718366,0.2430145522820052
12651,0.1588085785614483,2,7,2,455232,150378,59680,48276,1.3929563896402237,0.24301549427648073
12652,0.1588154151485506,3,2,3,455234,150376,59683,48273,1.3929378635740486,0.24300650896807938
12653,0.1588165070103698,0,5,0,455239,150371,59683,48273,1.3928915484086108,0.2430126256015787
12654,0.1588168219872266,1,0,1,455239,150371,59684,48272,1.3928915484086108,0.2430088148084755
12655,0.1588217475919246,0,2,0,455241,150369,59684,48272,1.3928730223424357,0.24301126152204228
12656,0.1588258170206867,3,18,3,455259,150351,59687,48269,1.39270628774686,0.24302185077031518
12657,0.1588259198332816,0,1,0,455260,150350,59687,48269,1.3926970247137722,0.24302307432823647
12658,0.1588261452660135,3,38,3,455298,150312,59690,48266,1.3923450294564452,0.24305814339957094
12659,0.1588282837452025,0,2,0,455300,150310,59690,48266,1.39232650339027,0.2430605914108452
12660,0.1588317864600351,1,11,1,455311,150299,59691,48265,1.392224610026307,0.24307024435446506
12661,0.158832631579445,3,5,3,455316,150294,59694,48262,1.3921782948608692,0.24306492878583372
12662,0.1588332019899271,1,10,1,455326,150284,59695,48261,1.3920856645299937,0.24307335868442922
12663,0.158833438748295,0,1,0,455327,150283,59695,48261,1.3920764014969063,0.24307458296397777
12664,0.1588351592963776,1,4,1,455331,150279,59696,48260,1.392039349364556,0.24307566775293518
12665,0.158836075292993,1,0,1,455331,150279,59697,48259,1.392039349364556,0.24307185526196495
12666,0.1588374619820039,0,1,0,455332,150278,59697,48259,1.3920300863314683,0.24307307957710653
12667,0.1588379699513199,9,25,9,455357,150253,59706,48250,1.3917985105042796,0.2430693742663839
12668,0.1588395972310135,1,3,1,455360,150250,59707,48249,1.3917707214050168,0.2430692346057159
12669,0.1588452549408561,0,4,0,455364,150246,59707,48249,1.3917336692726667,0.24307413284969395
12670,0.1588481433807479,3,12,3,455376,150234,59710,48246,1.391622512875616,0.24307738814993954
12671,0.1588564580036149,0,5,0,455381,150229,59710,48246,1.3915761977101782,0.24308351177730192
12672,0.158860937201509,0,12,0,455393,150217,59710,48246,1.3914650413131275,0.24309820974186624
12673,0.1588646990982104,0,13,0,455406,150204,59710,48246,1.3913446218829895,0.24311413454270597
12674,0.1588683123929653,3,10,3,455416,150194,59713,48243,1.3912519915521138,0.24311494328174685
12675,0.1588687529304995,1,13,1,455429,150181,59714,48242,1.3911315721219757,0.2431270568432087
12676,0.1588694289646361,2,9,2,455438,150172,59716,48240,1.3910482048241877,0.24313045581920448
12677,0.1588725139023244,1,0,1,455438,150172,59717,48239,1.3910482048241877,0.24312664116404836
12678,0.1588750268116324,14,71,14,455509,150101,59731,48225,1.3903905294749712,0.24316025130340954
12679,0.1588756318539138,43,144,43,455653,149957,59774,48182,1.3890566527103634,0.2431727221798838
12680,0.1588777176152004,3,6,3,455659,149951,59777,48179,1.3890010745118382,0.24316862665926411
12681,0.1588791827337956,3,12,3,455671,149939,59780,48176,1.3888899181147876,0.24317189511142517
12682,0.1588797774027468,0,9,0,455680,149930,59780,48176,1.3888065508169996,0.24318294246514494
12683,0.1588807028771584,1,3,1,455683,149927,59781,48175,1.388778761717737,0.24318280481772017
12684,0.1588845681555918,0,8,0,455691,149919,59781,48175,1.3887046574530364,0.24319262572314154
12685,0.1588883450529096,0,4,0,455695,149915,59781,48175,1.3886676053206861,0.2431975364733202
12686,0.1588883827223699,0,4,0,455699,149911,59781,48175,1.388630553188336,0.2432024474218269
12687,0.1588903018786895,9,35,9,455734,149876,59790,48166,1.3883063470302717,0.2432110360428596
12688,0.1588933083270679,5,25,5,455759,149851,59795,48161,1.3880747712030828,0.2432226329717391
12689,0.158899442789526,0,1,0,455760,149850,59795,48161,1.388065508169995,0.2432238613006348
12690,0.1588997121473866,0,1,0,455761,149849,59795,48161,1.3880562451369076,0.2432250896419373
12691,0.1588998963270275,2,11,2,455772,149838,59797,48159,1.3879543517729445,0.24323095804481887
12692,0.1589003933306747,0,3,0,455775,149835,59797,48159,1.3879265626736819,0.24323464347404467
12693,0.1589066725329269,3,4,3,455779,149831,59800,48156,1.3878895105413316,0.24322809073322996
12694,0.1589080009159513,0,3,0,455782,149828,59800,48156,1.387861721442069,0.24323177630515597
12695,0.1589083110421598,0,3,0,455785,149825,59800,48156,1.3878339323428064,0.2432354619887767
12696,0.1589089228364412,0,1,0,455786,149824,59800,48156,1.3878246693097187,0.24323669057480554
12697,0.1589090227171472,0,1,0,455787,149823,59800,48156,1.3878154062766312,0.24323791917324564
12698,0.1589098734037996,0,2,0,455789,149821,59800,48156,1.387796880210456,0.24324037640736046
12699,0.1589114822651164,0,3,0,455792,149818,59800,48156,1.3877690911111935,0.24324406235162194
12700,0.1589127649236795,1,15,1,455807,149803,59801,48155,1.38763014561488,0.24325867103122883
12701,0.1589135096082642,0,3,0,455810,149800,59801,48155,1.3876023565156175,0.24326235760652673
12702,0.1589140780243459,1,9,1,455819,149791,59802,48154,1.3875189892178295,0.24326959508954507
12703,0.1589171127579219,6,37,6,455856,149754,59808,48148,1.38717625699359,0.24329213449080858
12704,0.1589176257091858,0,2,0,455858,149752,59808,48148,1.3871577309274148,0.24329459322890348
12705,0.1589194722643276,1,2,1,455860,149750,59809,48147,1.3871392048612399,0.24329322829552746
12706,0.1589195948008296,13,53,13,455913,149697,59822,48134,1.3866482641075994,0.2433086826634855
12707,0.1589205375719881,0,2,0,455915,149695,59822,48134,1.3866297380414243,0.24331114245130897
12708,0.1589212362788598,1,3,1,455918,149692,59823,48133,1.3866019489421617,0.2433110072033363
12709,0.158926701061103,1,6,1,455924,149686,59824,48132,1.3865463707436363,0.24331456187000172
12710,0.1589267497414538,1,4,1,455928,149682,59825,48131,1.386509318611286,0.243315656706081
12711,0.1589269712006707,0,2,0,455930,149680,59825,48131,1.3864907925451109,0.24331811678824736
12712,0.1589282900360779,0,11,0,455941,149669,59825,48131,1.386388899181148,0.24333164812942365
12713,0.1589297778972611,1,1,1,455942,149668,59826,48130,1.3863796361480603,0.24332905287212206
12714,0.1589299454395437,4,8,4,455950,149660,59830,48126,1.38630553188336,0.24332359216526953
12715,0.158930959762212,0,2,0,455952,149658,59830,48126,1.3862870058171848,0.2433260526635117
12716,0.1589321656743746,8,42,8,455994,149616,59838,48118,1.3858979584275075,0.24334712290248517
12717,0.158934587023147,5,29,5,456023,149587,59843,48113,1.3856293304679683,0.24336368234699038
12718,0.1589346133764219,0,2,0,456025,149585,59843,48113,1.3856108044017934,0.2433661443211363
12719,0.1589351225626865,0,2,0,456027,149583,59843,48113,1.3855922783356183,0.2433686063450955
12720,0.1589371615053948,62,304,62,456331,149279,59905,48051,1.3827763162770017,0.24350580246287945
12721,0.1589396311138878,2,7,2,456338,149272,59907,48049,1.3827114750453888,0.24350677322738076
12722,0.1589444129682331,1,8,1,456346,149264,59908,48048,1.3826373707806885,0.24351281219591306
12723,0.1589470915323743,0,3,0,456349,149261,59908,48048,1.3826095816814257,0.24351651470536062
12724,0.1589509701083,0,2,0,456351,149259,59908,48048,1.3825910556152508,0.24351898310754308
12725,0.1589517153996925,3,6,3,456357,149253,59911,48045,1.3825354774167253,0.24351488611136454
12726,0.1589539427498803,2,3,2,456360,149250,59913,48043,1.3825076883174627,0.2435109203063464
12727,0.1589585286168683,2,4,2,456364,149246,59915,48041,1.3824706361851125,0.2435081885780614
12728,0.1589607838034137,15,72,15,456436,149174,59930,48026,1.3818036978028085,0.2435395537525355
12729,0.1589607857590995,0,5,0,456441,149169,59930,48026,1.3817573826373708,0.2435457288470803
12730,0.1589633810814343,1,0,1,456441,149169,59931,48025,1.3817573826373708,0.24354189275535768
12731,0.1589645486050322,0,2,0,456443,149167,59931,48025,1.3817388565711957,0.24354436285447686
12732,0.1589665814234514,0,1,0,456444,149166,59931,48025,1.3817295935381082,0.2435455979228261
12733,0.1589669844517844,2,0,2,456444,149166,59933,48023,1.3817295935381082,0.24353792554351408
12734,0.1589676289207449,1,2,1,456446,149164,59934,48022,1.381711067471933,0.2435365593906261
12735,0.1589718206813702,1,1,1,456447,149163,59935,48021,1.3817018044388454,0.24353395813047712
12736,0.1589723226402178,1,13,1,456460,149150,59936,48020,1.3815813850087073,0.24354617842470963
12737,0.158973185791141,3,23,3,456483,149127,59939,48017,1.3813683352476935,0.24356308079373454
12738,0.1589785924569402,0,1,0,456484,149126,59939,48017,1.3813590722146059,0.24356431625774183
12739,0.1589787685382716,12,29,12,456513,149097,59951,48005,1.3810904442550669,0.24355409889295898
12740,0.1589830430002597,1,13,1,456526,149084,59952,48004,1.3809700248249286,0.2435663257022244
12741,0.1589839239680029,4,14,4,456540,149070,59956,48000,1.3808403423617028,0.24356827523215102
12742,0.1589868726955467,0,1,0,456541,149069,59956,48000,1.3808310793286154,0.24356951118643724
12743,0.1589877636598176,2,9,2,456550,149060,59958,47998,1.3807477120308274,0.24357295821534777
12744,0.1589881243488267,8,31,8,456581,149029,59966,47990,1.3804605580051132,0.24358056837157838
12745,0.158991702779953,17,79,17,456660,148950,59983,47973,1.3797287783911965,0.24361298578632257
12746,0.1589920983071314,1,9,1,456669,148941,59984,47972,1.3796454110934084,0.2436202790064648
12747,0.1589924820944283,4,5,4,456674,148936,59988,47968,1.3795990959279707,0.24361109982529558
12748,0.1589925122352556,1,7,1,456681,148929,59989,47967,1.3795342546963578,0.24361591906387128
12749,0.1589927895855414,1,4,1,456685,148925,59990,47966,1.3794972025640075,0.2436170266797365
12750,0.1589943825471454,2,9,2,456694,148916,59992,47964,1.3794138352662195,0.24362047947988621
12751,0.1589945820522494,0,1,0,456695,148915,59992,47964,1.379404572233132,0.24362171689210124
12752,0.1589949379129683,1,11,1,456706,148904,59993,47963,1.379302678869169,0.24363148724773578
12753,0.1589953736567038,1,1,1,456707,148903,59994,47962,1.3792934158360814,0.24362888273690092
12754,0.1589955843949731,11,65,11,456772,148838,60005,47951,1.3786913186853904,0.24366707488731584
12755,0.1589959122114472,0,3,0,456775,148835,60005,47951,1.3786635295861276,0.24367078958869026
12756,0.1589985523101833,0,2,0,456777,148833,60005,47951,1.3786450035199527,0.24367326611919668
12757,0.1589994162325204,0,1,0,456778,148832,60005,47951,1.378635740486865,0.24367450440332752
12758,0.1590014583977422,0,6,0,456784,148826,60005,47951,1.3785801622883398,0.2436819343724114
12759,0.1590025204973553,1,5,1,456789,148821,60006,47950,1.3785338471229018,0.24368428274491669
12760,0.1590033415805433,0,2,0,456791,148819,60006,47950,1.378515321056727,0.24368675960135996
12761,0.159004113522016,6,13,6,456804,148806,60012,47944,1.3783949016265886,0.24367979669631512
12762,0.1590083093896605,2,13,2,456817,148793,60014,47942,1.3782744821964503,0.24368821002871882
12763,0.1590104649178909,0,2,0,456819,148791,60014,47942,1.3782559561302754,0.24369068737832494
12764,0.1590114523791476,14,28,14,456847,148763,60028,47928,1.3779965912038237,0.24367154572400365
12765,0.1590132712158538,0,3,0,456850,148760,60028,47928,1.377968802104561,0.24367526234442366
12766,0.1590159737033764,2,17,2,456867,148743,60030,47926,1.3778113305420727,0.24368863420264505
12767,0.159016237838582,3,8,3,456875,148735,60033,47923,1.3777372262773722,0.24368700993603107
12768,0.1590162969658318,0,1,0,456876,148734,60033,47923,1.3777279632442847,0.24368824908342954
12769,0.1590176874547408,0,5,0,456881,148729,60033,47923,1.377681648078847,0.24369444500945833
12770,0.1590190945548989,5,9,5,456890,148720,60038,47918,1.377598280781059,0.24368636784344835
12771,0.1590225371695298,2,4,2,456894,148716,60040,47916,1.3775612286487087,0.24368363236909557
12772,0.1590245258476455,2,19,2,456913,148697,60042,47914,1.3773852310200452,0.24369948782112902
12773,0.1590301922915152,0,3,0,456916,148694,60042,47914,1.3773574419207826,0.24370320638020834
12774,0.1590364273671084,0,5,0,456921,148689,60042,47914,1.3773111267553448,0.24370940423086118
12775,0.1590372508423329,4,4,4,456925,148685,60046,47910,1.3772740746229946,0.24369897505023017
12776,0.1590377173004843,17,59,17,456984,148626,60063,47893,1.376727555670829,0.24370671538120997
12777,0.1590427051341149,2,13,2,456997,148613,60065,47891,1.3766071362406906,0.24371514065871433
12778,0.1590478622599112,8,85,8,457082,148528,60073,47883,1.3758197784282487,0.2437898081064706
12779,0.1590502854394217,1,7,1,457089,148521,60074,47882,1.3757549371966358,0.24379464672128226
12780,0.1590509871992894,0,2,0,457091,148519,60074,47882,1.3757364111304606,0.24379712934251863
12781,0.1590510137281834,1,6,1,457097,148513,60075,47881,1.3756808329319352,0.2438007271097895
12782,0.1590510446532253,1,2,1,457099,148511,60076,47880,1.37566230686576,0.24379935944111492
12783,0.1590510626019284,1,6,1,457105,148505,60077,47879,1.3756067286672349,0.24380295747107708
12784,0.1590514836721359,2,16,2,457121,148489,60079,47877,1.375458520137834,0.24381512074391698
12785,0.1590534038148905,17,62,17,457183,148427,60096,47860,1.3748842120864055,0.24382664160132866
12786,0.1590596850839699,66,323,66,457506,148104,60162,47794,1.3718922523991255,0.24397390478718517
12787,0.1590602756502998,0,1,0,457507,148103,60162,47794,1.371882989366038,0.24397515020648605
12788,0.1590628289763954,3,5,3,457512,148098,60165,47791,1.3718366742006003,0.24396979922302936
12789,0.1590643701320056,3,19,3,457531,148079,60168,47788,1.3716606765719368,0.24398188566731507
12790,0.1590661491134792,0,3,0,457534,148076,60168,47788,1.371632887472674,0.24398562267695953
12791,0.1590664412358885,0,3,0,457537,148073,60168,47788,1.3716050983734114,0.2439893598010834
12792,0.1590730191328855,3,27,3,457564,148046,60171,47785,1.3713549964800473,0.24401141800838477
12793,0.1590746138690009,0,1,0,457565,148045,60171,47785,1.3713457334469599,0.24401266404534544
12794,0.1590749023156865,0,23,0,457588,148022,60171,47785,1.371132683685946,0.2440413264081468
12795,0.1590765741290997,0,3,0,457591,148019,60171,47785,1.3711048945866835,0.2440450654736369
12796,0.1590807066760739,0,2,0,457593,148017,60171,47785,1.3710863685205084,0.24404755824761748
12797,0.1590919797124365,1,15,1,457608,148002,60172,47784,1.3709474230241951,0.24406239465538904
12798,0.1590922858924141,1,8,1,457616,147994,60173,47783,1.3708733187594946,0.24406850651506562
12799,0.1590940571886618,0,5,0,457621,147989,60173,47783,1.3708270035940568,0.24407474000367774
12800,0.1590945991432388,1,2,1,457623,147987,60174,47782,1.3708084775278817,0.2440733721886509
12801,0.1591034705804961,1,0,1,457623,147987,60175,47781,1.3708084775278817,0.24406951084957704
12802,0.1591059582560643,0,1,0,457624,147986,60175,47781,1.3707992144947942,0.2440707575842711
12803,0.159106389896085,4,15,4,457639,147971,60179,47777,1.3706602689984808,0.2440740135275967
12804,0.1591069284508285,0,14,0,457653,147957,60179,47777,1.370530586535255,0.24409147107809578
12805,0.159108036726267,0,1,0,457654,147956,60179,47777,1.3705213235021676,0.24409271814154998
12806,0.1591132404364764,0,3,0,457657,147953,60179,47777,1.3704935344029048,0.24409645940836866
12807,0.1591146734699922,4,50,4,457707,147903,60183,47773,1.3700303827485272,0.24414337987285104
12808,0.1591154779543184,1,1,1,457708,147902,60184,47772,1.3700211197154397,0.24414076474135551
12809,0.1591158870590743,0,3,0,457711,147899,60184,47772,1.369993330616177,0.24414450787290912
12810,0.1591162534693243,4,37,4,457748,147862,60188,47768,1.3696505983919374,0.244175228748147
12811,0.1591165308196101,3,14,3,457762,147848,60191,47765,1.3695209159287116,0.24418111270723317
12812,0.1591180721878376,0,4,0,457766,147844,60191,47765,1.3694838637963616,0.2441861059562699
12813,0.1591191507739428,1,9,1,457775,147835,60192,47764,1.3694004964985735,0.24419347747176623
12814,0.1591193256290418,28,126,28,457901,147709,60220,47736,1.3682333543295417,0.2442426258026555
12815,0.1591209085455853,3,6,3,457907,147703,60223,47733,1.3681777761310163,0.24423852309707525
12816,0.1591240360807438,1,1,1,457908,147702,60224,47732,1.3681685130979289,0.24423590572776488
12817,0.1591241324069041,0,1,0,457909,147701,60224,47732,1.3681592500648412,0.24423715544457691
12818,0.159124215631907,1,1,1,457910,147700,60225,47731,1.3681499870317537,0.24423453802109185
12819,0.1591273132052131,1,1,1,457911,147699,60226,47730,1.368140723998666,0.2442319205440339
12820,0.1591337209307194,0,1,0,457912,147698,60226,47730,1.3681314609655786,0.2442331702724277
12821,0.1591339061279407,1,0,1,457912,147698,60227,47729,1.3681314609655786,0.24422930301340143
12822,0.1591353989558041,0,1,0,457913,147697,60227,47729,1.3681221979324911,0.24423055274119104
12823,0.1591362528856416,2,10,2,457923,147687,60229,47727,1.3680295676016154,0.24423531579108967
12824,0.1591366066095911,28,149,28,458072,147538,60257,47699,1.3666493756715699,0.24431332175765863
12825,0.1591462483949619,0,1,0,458073,147537,60257,47699,1.3666401126384824,0.24431457313200433
12826,0.1591482670817142,3,18,3,458091,147519,60260,47696,1.3664733780429064,0.2443254872832518
12827,0.15914843695673,3,12,3,458103,147507,60263,47693,1.3663622216458557,0.24432889344262296
12828,0.1591494022537518,0,1,0,458104,147506,60263,47693,1.366352958612768,0.24433014513394025
12829,0.1591494861592501,4,9,4,458113,147497,60267,47689,1.3662695913149803,0.2443259250151138
12830,0.1591498569802441,0,1,0,458114,147496,60267,47689,1.3662603282818926,0.24432717678100263
12831,0.1591502095409258,1,3,1,458117,147493,60268,47688,1.36623253918263,0.24432706052330913
12832,0.1591505623719053,0,1,0,458118,147492,60268,47688,1.3662232761495423,0.2443283123270827
12833,0.1591527759842877,1,5,1,458123,147487,60269,47687,1.3661769609841046,0.24433069978583213
12834,0.1591531490611534,1,0,1,458123,147487,60270,47686,1.3661769609841046,0.24432682799362618
12835,0.1591539653571442,10,44,10,458167,147443,60280,47676,1.3657693875282522,0.24434319569083482
12836,0.1591547413463705,2,4,2,458171,147439,60282,47674,1.365732335395902,0.24434045911856206
12837,0.1591553924563116,19,70,19,458241,147369,60301,47655,1.3650839230797733,0.24435454097957174
12838,0.1591568741888323,0,1,0,458242,147368,60301,47655,1.3650746600466857,0.24435579393199777
12839,0.1591585184264538,0,1,0,458243,147367,60301,47655,1.3650653970135982,0.24435704689727314
12840,0.1591597344490904,0,4,0,458247,147363,60301,47655,1.365028344881248,0.24436205888687199
12841,0.1591608672635333,0,3,0,458250,147360,60301,47655,1.3650005557819853,0.24436581801399893
12842,0.1591620608926066,4,13,4,458263,147347,60305,47651,1.364880136351847,0.24436660888829628
12843,0.1591634458940682,1,4,1,458267,147343,60306,47650,1.3648430842194967,0.24436774653449098
12844,0.1591671768690976,1,4,1,458271,147339,60307,47649,1.3648060320871467,0.24436888423903008
12845,0.159168745299858,1,2,1,458273,147337,60308,47648,1.3647875060209715,0.2443675154499064
12846,0.1591711092871733,2,22,2,458295,147315,60310,47646,1.3645837192930452,0.2443873390062628
12847,0.1591743981878544,0,1,0,458296,147314,60310,47646,1.3645744562599578,0.2443885925318014
12848,0.1591761402869027,0,1,0,458297,147313,60310,47646,1.3645651932268703,0.24438984607019937
12849,0.1591774574752698,0,2,0,458299,147311,60310,47646,1.3645466671606952,0.24439235318557426
12850,0.1591783232851524,1,0,1,458299,147311,60311,47645,1.3645466671606952,0.24438847740002873
12851,0.1591785569025038,0,3,0,458302,147308,60311,47645,1.3645188780614323,0.24439223812919011
12852,0.1591828595896872,1,2,1,458304,147306,60312,47644,1.3645003519952574,0.24439086945370608
12853,0.1591843534603594,0,3,0,458307,147303,60312,47644,1.3644725628959946,0.2443946303354245
12854,0.1591896329229809,7,11,7,458318,147292,60319,47637,1.3643706695320317,0.24438128754572178
12855,0.1591901014767008,2,0,2,458318,147292,60321,47635,1.3643706695320317,0.244373534707865
12856,0.159195713841959,2,1,2,458319,147291,60323,47633,1.364361406498944,0.24436703535737006
12857,0.1591999591327954,3,13,3,458332,147278,60326,47630,1.3642409870688057,0.24437170357296775
12858,0.1592010315169983,3,10,3,458342,147268,60329,47627,1.3641483567379302,0.24437261089304496
12859,0.1592053633709902,3,3,3,458345,147265,60332,47624,1.3641205676386676,0.24436474095510777
12860,0.1592068001334642,0,1,0,458346,147264,60332,47624,1.36411130460558,0.24436599482779853
12861,0.1592085172592207,1,15,1,458361,147249,60333,47623,1.3639723591092667,0.2443809269674453
12862,0.1592097884389403,0,4,0,458365,147245,60333,47623,1.3639353069769165,0.24438594330521174
12863,0.1592103053062102,4,8,4,458373,147237,60337,47619,1.3638612027122161,0.24438046557457815
12864,0.1592139751157803,4,5,4,458378,147232,60341,47615,1.3638148875467784,0.2443712246018671
12865,0.1592147139187756,3,5,3,458383,147227,60344,47612,1.3637685723813406,0.2443658610442468
12866,0.1592165618050284,4,12,4,458395,147215,60348,47608,1.3636574159842898,0.24436539833592544
12867,0.1592169744954456,1,8,1,458403,147207,60349,47607,1.3635833117195895,0.24437155440574085
12868,0.1592181161197487,2,7,2,458410,147200,60351,47605,1.3635184704879766,0.24437257770591103
12869,0.1592197113743976,1,5,1,458415,147195,60352,47604,1.3634721553225388,0.24437497112408174
12870,0.159219880134281,2,8,2,458423,147187,60354,47602,1.3633980510578383,0.24437724922865253
12871,0.1592200157940926,1,5,1,458428,147182,60355,47601,1.3633517358924006,0.24437964298732437
12872,0.1592217709102493,0,2,0,458430,147180,60355,47601,1.3633332098262254,0.24438215226331111
12873,0.1592242566758577,4,22,4,458452,147158,60359,47597,1.3631294230982993,0.24439423891556059
12874,0.1592245844923318,1,5,1,458457,147153,60360,47596,1.3630831079328616,0.24439663361557698
12875,0.1592291377282828,0,1,0,458458,147152,60360,47596,1.363073844899774,0.24439788855341263
12876,0.1592312951842337,2,13,2,458471,147139,60362,47594,1.3629534254696358,0.2444064436946999
12877,0.1592347655890997,10,55,10,458526,147084,60372,47584,1.3624439586498203,0.24443668194053467
12878,0.1592369816705451,6,15,6,458541,147069,60378,47578,1.362305013153507,0.24443222859843716
12879,0.1592395907125825,1,1,1,458542,147068,60379,47577,1.3622957501204194,0.24442960260987953
12880,0.1592439781371581,1,1,1,458543,147067,60380,47576,1.362286487087332,0.24442697656735665
12881,0.1592449692467164,0,1,0,458544,147066,60380,47576,1.3622772240542442,0.24442823234450942
12882,0.1592462274563077,2,2,2,458546,147064,60382,47574,1.3622586979880693,0.24442298009638405
12883,0.1592499203746548,0,2,0,458548,147062,60382,47574,1.3622401719218942,0.24442549168704658
12884,0.1592501239637336,5,4,5,458552,147058,60387,47569,1.362203119789544,0.24441110431748936
12885,0.1592516580475746,6,27,6,458579,147031,60393,47563,1.3619530178961798,0.2444217190663638
12886,0.1592565177109269,2,5,2,458584,147026,60395,47561,1.361906702730742,0.2444202336230067
12887,0.1592576036509047,0,2,0,458586,147024,60395,47561,1.361888176664567,0.24442274584371868
12888,0.1592602520239276,0,2,0,458588,147022,60395,47561,1.361869650598392,0.24442525811607385
12889,0.159265350795853,1,11,1,458599,147011,60396,47560,1.3617677572344289,0.24443519332274594
12890,0.159265721616847,0,3,0,458602,147008,60396,47560,1.361739968135166,0.24443896221372477
12891,0.15926597969791,0,3,0,458605,147005,60396,47560,1.3617121790359035,0.24444273122092874
12892,0.1592691217464016,0,1,0,458606,147004,60396,47560,1.361702916002816,0.24444398758249214
12893,0.1592695644215354,2,2,2,458608,147002,60398,47558,1.3616843899366409,0.24443873355263157
12894,0.1592699275543046,1,1,1,458609,147001,60399,47557,1.3616751269035532,0.24443610645668643
12895,0.1592707055083018,0,2,0,458611,146999,60399,47557,1.3616566008373783,0.2444386192150332
12896,0.1592763426972113,2,6,2,458617,146993,60401,47555,1.3616010226388529,0.24443839052573144
12897,0.1592785739934931,0,3,0,458620,146990,60401,47555,1.3615732335395903,0.24444215991158857
12898,0.1592797169341099,0,1,0,458621,146989,60401,47555,1.3615639705065026,0.24444341639937495
12899,0.1592813491740836,9,31,9,458652,146958,60410,47546,1.3612768164807885,0.24444741496318842
12900,0.1592821459393944,1,1,1,458653,146957,60411,47545,1.361267553447701,0.24444478720013163
12901,0.1592828197573656,0,1,0,458654,146956,60411,47545,1.3612582904146133,0.24444604397920833
12902,0.1592878220832627,0,2,0,458656,146954,60411,47545,1.3612397643484382,0.2444485575761315
12903,0.1592884558576569,0,3,0,458659,146951,60411,47545,1.3612119752491756,0.24445232806844358
12904,0.1592912813119411,2,17,2,458676,146934,60413,47543,1.3610545036866872,0.2444659265620099
12905,0.1592938758290685,8,35,8,458711,146899,60421,47535,1.3607302975286228,0.24447884629231512
12906,0.1592969295512129,1,7,1,458718,146892,60422,47534,1.36066545629701,0.2444837624597533
12907,0.1592979506027963,0,2,0,458720,146890,60422,47534,1.3606469302308348,0.244486277414311
12908,0.1593014828566244,2,7,2,458727,146883,60424,47532,1.360582088999222,0.2444873080780804
12909,0.1593062520887262,2,1,2,458728,146882,60426,47530,1.3605728259661343,0.24448079336666462
12910,0.1593067108106783,2,8,2,458736,146874,60428,47528,1.360498721701434,0.24448308144977932
12911,0.1593076950515635,1,2,1,458738,146872,60429,47527,1.3604801956352588,0.24448171029686366
12912,0.1593116388513647,0,1,0,458739,146871,60429,47527,1.3604709326021713,0.24448296793176885
12913,0.1593158744488462,0,1,0,458740,146870,60429,47527,1.3604616695690837,0.24448422557961286
12914,0.159316838737512,1,1,1,458741,146869,60430,47526,1.3604524065359962,0.2444815967488876
12915,0.1593240718910595,2,13,2,458754,146856,60432,47524,1.360331987105858,0.24449017388620228
12916,0.1593291018609567,1,6,1,458760,146850,60433,47523,1.3602764089073327,0.24449383402015712
12917,0.1593294743020166,2,9,2,458769,146841,60435,47521,1.3601930416095447,0.24449738117533262
12918,0.1593307086347846,5,20,5,458789,146821,60440,47516,1.3600077809477935,0.24450310543025774
12919,0.1593325344902766,0,4,0,458793,146817,60440,47516,1.3599707288154432,0.24450813809286123
12920,0.1593356007317131,5,32,5,458825,146785,60445,47511,1.3596743117566417,0.2445289661135587
12921,0.1593369173573057,0,3,0,458828,146782,60445,47511,1.3596465226573788,0.24453274178688889
12922,0.1593369437103778,0,1,0,458829,146781,60445,47511,1.3596372596242914,0.24453400037057624
12923,0.1593369827203737,0,1,0,458830,146780,60445,47511,1.359627996591204,0.24453525896721928
12924,0.159337671835596,0,1,0,458831,146779,60445,47511,1.3596187335581162,0.24453651757681816
12925,0.1593411643755981,0,1,0,458832,146778,60445,47511,1.3596094705250288,0.24453777619937309
12926,0.1593479979099264,5,35,5,458867,146743,60450,47506,1.3592852643669644,0.24456239156958337
12927,0.1593489415236176,0,4,0,458871,146739,60450,47506,1.3592482122346141,0.24456742773301757
12928,0.1593502993608667,0,4,0,458875,146735,60450,47506,1.3592111601022638,0.24457246410387096
12929,0.1593504608763869,7,25,7,458900,146710,60457,47499,1.358979584275075,0.24457671889562277
12930,0.1593505339147396,1,11,1,458911,146699,60458,47498,1.358877690911112,0.2445866825955087
12931,0.1593559854860977,0,1,0,458912,146698,60458,47498,1.3588684278780243,0.24458794207913653
12932,0.1593559921764731,0,3,0,458915,146695,60458,47498,1.3588406387787617,0.2445917206078489
12933,0.1593565240408412,1,2,1,458917,146693,60459,47497,1.3588221127125866,0.2445903496575519
12934,0.1593587195611013,0,2,0,458919,146691,60459,47497,1.3588035866464114,0.24459286876635014
12935,0.1593617917208188,1,16,1,458935,146675,60460,47496,1.3586553781170105,0.24460913318672717
12936,0.1593631169635687,2,1,2,458936,146674,60462,47494,1.358646115083923,0.24460261217090354
12937,0.1593648956004994,23,102,23,459038,146572,60485,47471,1.3577012857089925,0.24464165159268822
12938,0.1593661185797767,1,5,1,459043,146567,60486,47470,1.3576549705435548,0.244644062730304
12939,0.1593663243718116,2,4,2,459047,146563,60488,47468,1.3576179184112045,0.2446413202014111
12940,0.1593666271178714,5,44,5,459091,146519,60493,47463,1.357210344955352,0.24467734119660586
12941,0.1593683695939265,0,3,0,459094,146516,60493,47463,1.3571825558560895,0.24468112527644745
12942,0.1593751470494483,0,2,0,459096,146514,60493,47463,1.3571640297899144,0.2446836480613681
12943,0.1593777268582254,1,2,1,459098,146512,60494,47462,1.3571455037237392,0.2446822770061967
12944,0.1593788818218104,0,1,0,459099,146511,60494,47462,1.3571362406906518,0.24468353843060633
12945,0.1593794203765539,1,2,1,459101,146509,60495,47461,1.3571177146244766,0.2446821673454658
12946,0.1593802514813871,6,28,6,459129,146481,60501,47455,1.356858349698025,0.2446941258972032
12947,0.1593824317812732,4,21,4,459150,146460,60505,47451,1.3566638260031865,0.2447050450980089
12948,0.1593829849297335,0,2,0,459152,146458,60505,47451,1.3566452999370113,0.24470756901433147
12949,0.1593832120338901,0,1,0,459153,146457,60505,47451,1.3566360369039239,0.24470883099201685
12950,0.1593849702798582,0,2,0,459155,146455,60505,47451,1.3566175108377487,0.24471135498643673
12951,0.1593851390397415,1,1,1,459156,146454,60506,47450,1.356608247804661,0.24470872184173612
12952,0.1593862702085078,0,2,0,459158,146452,60506,47450,1.3565897217384861,0.2447112458870976
12953,0.1593907331734912,2,5,2,459163,146447,60508,47448,1.3565434065730482,0.2447097655947807
12954,0.1593949097141523,1,1,1,459164,146446,60509,47447,1.3565341435399607,0.24470713228430113
12955,0.1594023037646803,0,2,0,459166,146444,60509,47447,1.3565156174737856,0.24470965645646264
12956,0.1594037270811064,1,2,1,459168,146442,60510,47446,1.3564970914076104,0.24470828519557683
12957,0.1594040025984616,0,1,0,459169,146441,60510,47446,1.356487828374523,0.24470954731364145
12958,0.1594069214304874,0,1,0,459170,146440,60510,47446,1.3564785653414353,0.24471080944472526
12959,0.1594110317287883,2,4,2,459174,146436,60512,47444,1.3564415132090852,0.24470806684547142
12960,0.1594120704253152,0,3,0,459177,146433,60512,47444,1.3564137241098224,0.24471185339158333
12961,0.1594128954413837,5,9,5,459186,146424,60517,47439,1.3563303568120346,0.24470373408025256
12962,0.1594136100510134,0,3,0,459189,146421,60517,47439,1.3563025677127718,0.2447075208913649
12963,0.1594142329888806,0,1,0,459190,146420,60517,47439,1.3562933046796843,0.2447087831877808
12964,0.1594143557822464,3,23,3,459213,146397,60520,47436,1.3560802549186706,0.2447261302255034
12965,0.1594164041567257,0,1,0,459214,146396,60520,47436,1.356070991885583,0.24472739279375955
12966,0.1594191305169768,0,4,0,459218,146392,60520,47436,1.3560339397532328,0.2447324431970613
12967,0.159420628834284,11,33,11,459251,146359,60531,47425,1.3557282596613436,0.24473124716178837
12968,0.1594211725777626,5,2,5,459253,146357,60536,47420,1.3557097335951684,0.24471428497706127
12969,0.1594213985357827,1,6,1,459259,146351,60537,47419,1.355654155396643,0.24471796459720288
12970,0.1594214401406333,1,5,1,459264,146346,60538,47418,1.3556078402312053,0.24472038149501454
12971,0.1594217312493817,0,7,0,459271,146339,60538,47418,1.3555429989995924,0.2447292226861481
12972,0.1594228659256519,1,1,1,459272,146338,60539,47417,1.355533735966505,0.24472658770096256
12973,0.1594234782599682,2,12,2,459284,146326,60541,47415,1.3554225795694541,0.24473394893182135
12974,0.1594234850452349,3,2,3,459286,146324,60544,47412,1.3554040535032792,0.24472478011314366
12975,0.1594235596881664,2,5,2,459291,146319,60546,47410,1.3553577383378412,0.2447232990414445
12976,0.1594276332815252,0,2,0,459293,146317,60546,47410,1.3553392122716663,0.24472582551735172
12977,0.1594303175702106,3,10,3,459303,146307,60549,47407,1.3552465819407906,0.24472676213386746
12978,0.159430967898369,0,1,0,459304,146306,60549,47407,1.3552373189077032,0.2447280254809951
12979,0.1594312386033705,1,0,1,459304,146306,60550,47406,1.3552373189077032,0.24472412653836623
12980,0.1594314290806849,0,1,0,459305,146305,60550,47406,1.3552280558746155,0.24472538988493167
12981,0.1594354470962631,0,1,0,459306,146304,60550,47406,1.355218792841528,0.24472665324454082
12982,0.1594378060750418,0,2,0,459308,146302,60550,47406,1.3552002667753529,0.24472918000289096
12983,0.1594378851069549,7,46,7,459354,146256,60557,47399,1.3547741672533253,0.24476001136040898
12984,0.1594394612563566,1,3,1,459357,146253,60558,47398,1.3547463781540627,0.2447599031246934
12985,0.1594429662935092,0,1,0,459358,146252,60558,47398,1.3547371151209753,0.24476116705396334
12986,0.1594468289356805,1,0,1,459358,146252,60559,47397,1.3547371151209753,0.24475726701403053
12987,0.1594474284351617,0,1,0,459359,146251,60559,47397,1.3547278520878876,0.24475853094274147
12988,0.1594486880749772,5,16,5,459375,146235,60564,47392,1.3545796435584867,0.24475925361648943
12989,0.1594582868228939,0,1,0,459376,146234,60564,47392,1.3545703805253992,0.24476051769906934
12990,0.1594583224580273,0,2,0,459378,146232,60564,47392,1.354551854459224,0.2447630459034004
12991,0.1594595378201899,5,14,5,459392,146218,60569,47387,1.3544221719959983,0.24476124067043722
12992,0.1594630833030198,12,54,12,459446,146164,60581,47375,1.3539219682092705,0.24478270529454013
12993,0.1594641310485346,0,1,0,459447,146163,60581,47375,1.3539127051761828,0.24478397007306057
12994,0.1594674153423367,2,20,2,459467,146143,60583,47373,1.3537274445144318,0.2448014634448831
12995,0.159467693212367,1,3,1,459470,146140,60584,47372,1.3536996554151692,0.24480135598825914
12996,0.15946795540237,0,1,0,459471,146139,60584,47372,1.3536903923820816,0.24480262103963082
12997,0.1594740405949354,0,3,0,459474,146136,60584,47372,1.353662603282819,0.24480641627219546
12998,0.1594741800823445,0,1,0,459475,146135,60584,47372,1.3536533402497313,0.24480768137586753
12999,0.1594744444726633,5,39,5,459514,146096,60589,47367,1.3532920819593168,0.2448375141499925
13000,0.1594794477623221,2,0,2,459514,146096,60591,47365,1.3532920819593168,0.24482970727950337
13001,0.1594801939878057,2,6,2,459520,146090,60593,47363,1.3532365037607914,0.2448294934686978
13002,0.1594819510941857,12,53,12,459573,146037,60605,47351,1.352745563007151,0.2448497321447039
13003,0.159492507719818,0,1,0,459574,146036,60605,47351,1.3527362999740635,0.24485099825738027
13004,0.1594933084110507,1,0,1,459574,146036,60606,47350,1.3527362999740635,0.2448470933780108
13005,0.1594950457803782,7,12,7,459586,146024,60613,47343,1.352625143577013,0.2448349511550575
13006,0.1594962241666352,0,1,0,459587,146023,60613,47343,1.3526158805439252,0.24483621732879618
13007,0.1594972864478891,0,7,0,459594,146016,60613,47343,1.3525510393123124,0.24484508091167206
13008,0.1594973252274505,0,5,0,459599,146011,60613,47343,1.3525047241468746,0.24485141243522243
13009,0.1594973766198606,38,100,38,459699,145911,60651,47305,1.3515784208381192,0.24482962073534284
13010,0.1594976533098023,0,4,0,459703,145907,60651,47305,1.351541368705769,0.24483468935676872
13011,0.1595020876298033,0,2,0,459705,145905,60651,47305,1.351522842639594,0.2448372237461829
13012,0.1595035194739341,1,6,1,459711,145899,60652,47304,1.3514672644410686,0.2448409186192761
13013,0.1595036116954537,5,28,5,459739,145871,60657,47299,1.351207899514617,0.24485686183154734
13014,0.1595048540519567,3,0,3,459739,145871,60660,47296,1.351207899514617,0.24484513400322
13015,0.1595050993749658,0,5,0,459744,145866,60660,47296,1.3511615843491793,0.24485147182157982
13016,0.1595087728974842,0,3,0,459747,145863,60660,47296,1.3511337952499167,0.24485527467009044
13017,0.1595123850450202,0,2,0,459749,145861,60660,47296,1.3511152691837416,0.24485780996805706
13018,0.1595142235910982,1,7,1,459756,145854,60661,47295,1.3510504279521287,0.24486277433483994
13019,0.1595157197818474,0,4,0,459760,145850,60661,47295,1.3510133758197784,0.2448678454011235
13020,0.159516486911356,1,3,1,459763,145847,60662,47294,1.3509855867205158,0.2448677391128761
13021,0.1595187878137926,1,1,1,459764,145846,60663,47293,1.3509763236874281,0.24486509715800536
13022,0.1595204147656704,1,0,1,459764,145846,60664,47292,1.3509763236874281,0.24486118733755138
13023,0.1595222872535187,1,7,1,459771,145839,60665,47291,1.3509114824558153,0.24486615233262568
13024,0.1595230866646965,16,57,16,459828,145782,60681,47275,1.3503834895698248,0.24487586567697622
13025,0.1595262252944466,0,1,0,459829,145781,60681,47275,1.350374226536737,0.2448771340958064
13026,0.1595263418816998,1,0,1,459829,145781,60682,47274,1.350374226536737,0.24487322265675585
13027,0.1595319096136386,1,0,1,459829,145781,60683,47273,1.350374226536737,0.24486931117718358
13028,0.1595328652301662,0,2,0,459831,145779,60683,47273,1.350355700470562,0.24487184799950273
13029,0.1595356917836779,1,5,1,459836,145774,60684,47272,1.3503093853051242,0.2448742786693327
13030,0.1595396347368801,0,2,0,459838,145772,60684,47272,1.350290859238949,0.24487681564824598
13031,0.1595399921624949,11,38,11,459876,145734,60695,47261,1.349938863981622,0.2448819917614446
13032,0.1595415084741666,1,2,1,459878,145732,60696,47260,1.349920337915447,0.24488061681313214
13033,0.1595454724834503,8,31,8,459909,145701,60704,47252,1.3496331838897329,0.24488865164055496
13034,0.1595466746060921,1,6,1,459915,145695,60705,47251,1.3495776056912074,0.24489235330092357
13035,0.159549880018966,0,3,0,459918,145692,60705,47251,1.3495498165919448,0.2448961610423804
13036,0.1595628026784344,0,2,0,459920,145690,60705,47251,1.3495312905257697,0.24489869960246916
13037,0.1595629830670004,0,3,0,459923,145687,60705,47251,1.349503501426507,0.2449025075412827
13038,0.1595635496345915,0,2,0,459925,145685,60705,47251,1.349484975360332,0.2449050462329477
13039,0.1595660234006736,0,1,0,459926,145684,60705,47251,1.3494757123272445,0.24490631559851764
13040,0.1595695457184435,0,1,0,459927,145683,60705,47251,1.3494664492941568,0.2449075849772461
13041,0.1595727085024979,2,6,2,459933,145677,60707,47249,1.3494108710956316,0.24490737381172056
13042,0.1595736483649465,5,8,5,459941,145669,60712,47244,1.349336766830931,0.24489795918367346
13043,0.1595750176839862,2,5,2,459946,145664,60714,47242,1.3492904516654933,0.24489647807740558
13044,0.1595784188289927,0,5,0,459951,145659,60714,47242,1.3492441365000556,0.24490282580183617
13045,0.1595789716417513,0,1,0,459952,145658,60714,47242,1.3492348734669681,0.24490409538621047
13046,0.1595826622826638,6,15,6,459967,145643,60720,47236,1.3490959279706547,0.2448996521135012
13047,0.1595851963217257,2,1,2,459968,145642,60722,47234,1.3490866649375672,0.24489309193471454
13048,0.15958600103672,0,2,0,459970,145640,60722,47234,1.349068138871392,0.2448956313448158
13049,0.1595886942218763,0,5,0,459975,145635,60722,47234,1.3490218237059544,0.24490198010048272
13050,0.1595895805534427,13,34,13,460009,145601,60735,47221,1.3487068805809774,0.24489425480494964
13051,0.1595897546255749,7,22,7,460031,145579,60742,47214,1.3485030938530513,0.24489478352429808
13052,0.1595898472237015,3,7,3,460038,145572,60745,47211,1.3484382526214385,0.24489192511787866
13053,0.1595904640017034,1,12,1,460050,145560,60746,47210,1.3483270962243876,0.24490325258079576
13054,0.1595916966364387,0,1,0,460051,145559,60746,47210,1.3483178331913002,0.24490452303015525
13055,0.1595957486196444,1,4,1,460055,145555,60747,47209,1.3482807810589499,0.24490568778402605
13056,0.1595978157307886,13,36,13,460091,145519,60760,47196,1.347947311867798,0.24490050073943387
13057,0.1596028651339904,0,1,0,460092,145518,60760,47196,1.3479380488347104,0.2449017715370964
13058,0.1596046670069999,0,4,0,460096,145514,60760,47196,1.3479009967023603,0.24490685485963365
13059,0.1596048959441474,3,5,3,460101,145509,60763,47193,1.3478546815369226,0.24490145405859826
13060,0.15960639913911,5,10,5,460111,145499,60768,47188,1.3477620512060469,0.24489456995023018
13061,0.1596066559698678,1,2,1,460113,145497,60769,47187,1.3477435251398717,0.24489319299993773
13062,0.1596080926574384,1,1,1,460114,145496,60770,47186,1.3477342621067843,0.24489054504312804
13063,0.159622012134386,0,1,0,460115,145495,60770,47186,1.3477249990736966,0.24489181600676765
13064,0.1596224350465793,27,134,27,460249,145361,60797,47159,1.3464837526399644,0.24495636816954083
13065,0.1596231131952012,0,3,0,460252,145358,60797,47159,1.3464559635407019,0.24496018533428215
13066,0.1596245454496042,0,2,0,460254,145356,60797,47159,1.3464374374745267,0.24496273017686934
13067,0.1596250584230033,0,1,0,460255,145355,60797,47159,1.346428174441439,0.24496400261799142
13068,0.1596251687495903,5,4,5,460259,145351,60802,47154,1.346391122309089,0.24494948183164073
13069,0.1596289306061761,4,9,4,460268,145342,60806,47150,1.346307755011301,0.2449452444776926
13070,0.1596291771440592,1,25,1,460293,145317,60807,47149,1.346076179184112,0.24497313811270563
13071,0.1596298341073603,1,4,1,460297,145313,60808,47148,1.3460391270517618,0.24497430648287186
13072,0.1596304886587875,0,2,0,460299,145311,60808,47148,1.3460206009855866,0.24497685221267906
13073,0.1596311229591357,0,3,0,460302,145308,60808,47148,1.345992811886324,0.24498067090659684
13074,0.159634361197443,13,48,13,460350,145260,60821,47135,1.3455481862981216,0.24499077418851842
13075,0.1596351103697347,0,11,0,460361,145249,60821,47135,1.3454462929341584,0.24500478210246174
13076,0.1596351656817693,0,1,0,460362,145248,60821,47135,1.3454370299010707,0.24500605562861583
13077,0.1596354756488009,0,2,0,460364,145246,60821,47135,1.3454185038348958,0.2450086027206429
13078,0.1596368449678406,0,1,0,460365,145245,60821,47135,1.3454092408018081,0.24500987628651627
13079,0.1596369074929318,3,19,3,460384,145226,60824,47132,1.3452332431731446,0.24502230216575344
13080,0.1596370462965563,0,1,0,460385,145225,60824,47132,1.345223980140057,0.2450235759551251
13081,0.1596372157662087,1,0,1,460385,145225,60825,47131,1.345223980140057,0.2450196510636528
13082,0.1596374226814649,0,1,0,460386,145224,60825,47131,1.3452147171069695,0.24502092485248628
13083,0.159641427674738,0,7,0,460393,145217,60825,47131,1.3451498758753566,0.2450298417451702
13084,0.1596420839525482,2,0,2,460393,145217,60827,47129,1.3451498758753566,0.24502199161926944
13085,0.1596429030172965,1,0,1,460393,145217,60828,47128,1.3451498758753566,0.24501806649509994
13086,0.1596431705574111,0,1,0,460394,145216,60828,47128,1.3451406128422692,0.2450193403485422
13087,0.1596469494892116,0,1,0,460395,145215,60828,47128,1.3451313498091815,0.24502061421523008
13088,0.1596474642454773,1,1,1,460396,145214,60829,47127,1.345122086776094,0.24501796288882766
13089,0.1596487298667691,0,4,0,460400,145210,60829,47127,1.3450850346437437,0.24502305848588676
13090,0.1596489574579329,0,7,0,460407,145203,60829,47127,1.3450201934121309,0.24503197629075027
13091,0.1596501124215179,2,7,2,460414,145196,60831,47125,1.344955352180518,0.24503304371337503
13092,0.1596503834133906,0,4,0,460418,145192,60831,47125,1.3449183000481677,0.24503814015401654
13093,0.1596506509762613,2,3,2,460421,145189,60833,47123,1.344890510948905,0.24503411123590832
13094,0.1596511464823701,1,5,1,460426,145184,60834,47122,1.3448441957834674,0.24503655632169563
13095,0.1596575406359018,0,1,0,460427,145183,60834,47122,1.3448349327503797,0.2450378305296274
13096,0.1596602549570196,1,20,1,460447,145163,60835,47121,1.3446496720886287,0.24505939131701027
13097,0.1596608712481789,0,4,0,460451,145159,60835,47121,1.3446126199562785,0.24506448928645724
13098,0.1596614079588448,8,72,8,460523,145087,60843,47113,1.3439456815739745,0.2451248699271592
13099,0.159666323533202,45,164,45,460687,144923,60888,47068,1.3424265441476158,0.2451573250829466
13100,0.159670199568808,0,1,0,460688,144922,60888,47068,1.342417281114528,0.2451586020105214
13101,0.1596722808058844,3,14,3,460702,144908,60891,47065,1.3422875986513023,0.2451646846171076
13102,0.1596724625738428,0,2,0,460704,144906,60891,47065,1.3422690725851272,0.245167238801694
13103,0.159677391282648,0,1,0,460705,144905,60891,47065,1.3422598095520397,0.2451685159139449
13104,0.1596783573102731,0,4,0,460709,144901,60891,47065,1.3422227574196894,0.2451736244960045
13105,0.1596789486537231,0,2,0,460711,144899,60891,47065,1.3422042313535143,0.24517617886687088
13106,0.1596793523287659,3,16,3,460727,144883,60894,47062,1.3420560228241136,0.2451848185678189
13107,0.1596809290631527,0,7,0,460734,144876,60894,47062,1.3419911815925007,0.24519376048515668
13108,0.1596821350884788,0,2,0,460736,144874,60894,47062,1.3419726555263256,0.2451963154384795
13109,0.1596833819257527,0,1,0,460737,144873,60894,47062,1.341963392493238,0.24519759293510823
13110,0.1596846752643162,0,2,0,460739,144871,60894,47062,1.3419448664270628,0.24520014796830145
13111,0.1596879581934793,5,14,5,460753,144857,60899,47057,1.341815183963837,0.24519837010327541
13112,0.1596922743674122,1,1,1,460754,144856,60900,47056,1.3418059209307496,0.245195714702572
13113,0.1596923418107184,1,0,1,460754,144856,60901,47055,1.3418059209307496,0.24519178160709912
13114,0.1596927650064049,0,1,0,460755,144855,60901,47055,1.3417966578976621,0.2451930592465218
13115,0.1596930017706829,1,3,1,460758,144852,60902,47054,1.3417688687983993,0.24519295905286964
13116,0.1596970172761013,4,13,4,460771,144839,60906,47050,1.3416484493682612,0.24519383601978226
13117,0.1596982836649899,2,1,2,460772,144838,60908,47048,1.3416391863351735,0.24518724659433205
13118,0.1596993034977388,1,3,1,460775,144835,60909,47047,1.341611397235911,0.24518714626697657
13119,0.1596999495861226,0,1,0,460776,144834,60909,47047,1.3416021342028235,0.24518842407533836
13120,0.1597008354253399,1,0,1,460776,144834,60910,47046,1.3416021342028235,0.24518449030644152
13121,0.15970271287582,5,4,5,460780,144830,60915,47041,1.3415650820704732,0.24516993188131608
13122,0.1597045749060214,0,2,0,460782,144828,60915,47041,1.341546556004298,0.2451724874784358
13123,0.1597070363839442,11,33,11,460815,144795,60926,47030,1.3412408759124088,0.24517138016421217
13124,0.1597084057029839,3,6,3,460821,144789,60929,47027,1.3411852977138834,0.2451672436084581
13125,0.1597094323123609,1,3,1,460824,144786,60930,47026,1.3411575086146208,0.24516714282735177
13126,0.1597100468715641,0,3,0,460827,144783,60930,47026,1.3411297195153582,0.24517097737853802
13127,0.1597134117846531,6,48,6,460875,144735,60936,47020,1.3406850939271555,0.24520872988970302
13128,0.1597143571961445,0,5,0,460880,144730,60936,47020,1.3406387787617178,0.24521512385919167
13129,0.1597165066867124,0,1,0,460881,144729,60936,47020,1.34062951572863,0.24521640269310402
13130,0.1597189749677414,1,2,1,460883,144727,60937,47019,1.3406109896624552,0.24521502404222253
13131,0.1597190572584585,2,9,2,460892,144718,60939,47017,1.3405276223646672,0.2452186611729731
13132,0.1597196468602462,2,4,2,460896,144714,60941,47015,1.3404905702323169,0.24521590369740623
13133,0.1597211800007026,0,2,0,460898,144712,60941,47015,1.3404720441661417,0.2452184616668492
13134,0.1597227521166525,1,6,1,460904,144706,60942,47014,1.3404164659676165,0.24522219904026707
13135,0.1597232352426991,5,10,5,460914,144696,60947,47009,1.3403238356367408,0.24521530476513392
13136,0.1597237267352861,3,9,3,460923,144687,60950,47006,1.3402404683389528,0.24521500524275794
13137,0.1597239960540042,3,1,3,460924,144686,60953,47003,1.3402312053058654,0.24520447182676106
13138,0.159724283992054,8,38,8,460962,144648,60961,46995,1.3398792100485384,0.24522158388253157
13139,0.1597254025682134,0,1,0,460963,144647,60961,46995,1.3398699470154507,0.24522286346416755
13140,0.1597260386901971,0,1,0,460964,144646,60961,46995,1.3398606839823632,0.2452241430591575
13141,0.1597265651310251,0,7,0,460971,144639,60961,46995,1.3397958427507504,0.24523310059801495
13142,0.159727651735888,1,4,1,460975,144635,60962,46994,1.3397587906184,0.24523428082388365
13143,0.1597284752518983,1,4,1,460979,144631,60963,46993,1.3397217384860498,0.24523546111134303
13144,0.159729101371045,0,6,0,460985,144625,60963,46993,1.3396661602875246,0.24524313999728628
13145,0.1597297130770322,0,2,0,460987,144623,60963,46993,1.3396476342213495,0.24524569973279894
13146,0.1597364499304629,2,4,2,460991,144619,60965,46991,1.3396105820889992,0.24524294139136787
13147,0.1597382996831822,12,79,12,461070,144540,60977,46979,1.3388788024750824,0.2452968112824315
13148,0.1597404380411627,1,1,1,461071,144539,60978,46978,1.338869539441995,0.24529415143303204
13149,0.1597455478323539,0,1,0,461072,144538,60978,46978,1.3388602764089073,0.2452954322354268
13150,0.1597471409346644,31,97,31,461169,144441,61009,46947,1.3379617621994147,0.24529751081572512
13151,0.1597474671714893,0,1,0,461170,144440,61009,46947,1.337952499166327,0.24529879249896805
13152,0.1597509130639091,29,169,29,461339,144271,61038,46918,1.3363870465745304,0.2454011475555602
13153,0.1597510727437949,5,8,5,461347,144263,61043,46913,1.3363129423098299,0.24539168096413777
13154,0.1597524320858161,0,2,0,461349,144261,61043,46913,1.3362944162436547,0.24539424817182254
13155,0.159755741050993,1,1,1,461350,144260,61044,46912,1.3362851532105673,0.2453915845416693
13156,0.1597561777502799,1,5,1,461355,144255,61045,46911,1.3362388380451296,0.24539405542826653
13157,0.1597584897051909,1,2,1,461357,144253,61046,46910,1.3362203119789544,0.24539267536081774
13158,0.1597588875186985,0,1,0,461358,144252,61046,46910,1.3362110489458667,0.2453939590504389
13159,0.1597617813032328,3,9,3,461367,144243,61049,46907,1.336127681648079,0.24539366989275438
13160,0.159761872461125,1,8,1,461375,144235,61050,46906,1.3360535773833784,0.24539999267556412
13161,0.1597626769454512,0,1,0,461376,144234,61050,46906,1.336044314350291,0.245401276551219
13162,0.1597637383195255,1,0,1,461376,144234,61051,46905,1.336044314350291,0.2453973286456453
13163,0.1597645625058262,3,10,3,461386,144224,61054,46902,1.3359516840194152,0.24539832361897387
13164,0.1597645645875192,3,8,3,461394,144216,61057,46899,1.3358775797547149,0.2453967506475159
13165,0.1597648153768575,0,1,0,461395,144215,61057,46899,1.3358683167216274,0.2453980346808711
13166,0.1597659151837585,1,2,1,461397,144213,61058,46898,1.3358497906554523,0.2453966543003804
13167,0.1597666134994362,0,3,0,461400,144210,61058,46898,1.3358220015561895,0.24540050651987358
13168,0.1597684983887324,10,21,10,461421,144189,61068,46888,1.3356274778613508,0.24538798494847627
13169,0.1597720693301836,1,0,1,461421,144189,61069,46887,1.3356274778613508,0.24538403567166991
13170,0.1597738457114043,0,2,0,461423,144187,61069,46887,1.335608951795176,0.2453866041428975
13171,0.159774005350626,0,2,0,461425,144185,61069,46887,1.3355904257290008,0.2453891726678948
13172,0.1597761356411647,0,4,0,461429,144181,61069,46887,1.3355533735966505,0.2453943098792053
13173,0.1597788378432268,2,1,2,461430,144180,61071,46885,1.335544110563563,0.24538769528694424
13174,0.159779241024707,0,5,0,461435,144175,61071,46885,1.335497795398125,0.24539411703129907
13175,0.1597807853002862,3,11,3,461446,144164,61074,46882,1.3353959020341621,0.24539639667933377
13176,0.1597816076067074,2,2,2,461448,144162,61076,46880,1.335377375967987,0.24539106583892548
13177,0.1597819116271316,5,30,5,461478,144132,61081,46875,1.3350994849753604,0.24540985408911714
13178,0.1597824700023336,59,170,59,461648,143962,61140,46816,1.3335247693504761,0.24539517135099434
13179,0.1597862620444683,0,1,0,461649,143961,61140,46816,1.3335155063173885,0.2453964576442653
13180,0.159794398165134,1,1,1,461650,143960,61141,46815,1.333506243284301,0.24539378849429958
13181,0.1597947959778424,30,119,30,461769,143841,61171,46785,1.332403942346882,0.24542822070441597
13182,0.1597952841445976,1,2,1,461771,143839,61172,46784,1.332385416280707,0.24542683726517786
13183,0.1598067548641575,10,13,10,461784,143826,61182,46774,1.3322649968505687,0.24540398740818467
13184,0.1598124688599611,0,1,0,461785,143825,61182,46774,1.3322557338174812,0.24540527494897665
13185,0.1598127403477635,9,37,9,461822,143788,61191,46765,1.3319130015932417,0.24541728547963035
13186,0.1598208649290666,0,5,0,461827,143783,61191,46765,1.331866686427804,0.24542372525557865
13187,0.1598209311089398,15,45,15,461872,143738,61206,46750,1.331449849938864,0.24542228381840325
13188,0.1598223002625736,18,53,18,461925,143685,61224,46732,1.3309589091852236,0.24541926403629927
13189,0.1598239928209593,11,37,11,461962,143648,61235,46721,1.330616176960984,0.2454233619969638
13190,0.1598245609245375,0,1,0,461963,143647,61235,46721,1.3306069139278967,0.24542465120188267
13191,0.1598254025249923,10,62,10,462025,143585,61245,46711,1.3300326058764682,0.24546495985202002
13192,0.1598273017861363,2,15,2,462040,143570,61247,46709,1.3298936603801548,0.24547637942179643
13193,0.1598315152785738,2,3,2,462043,143567,61249,46707,1.3298658712808922,0.24547231886647677
13194,0.1598329142426125,0,1,0,462044,143566,61249,46707,1.3298566082478047,0.24547360897237128
13195,0.1598361253226624,17,47,17,462091,143519,61266,46690,1.3294212456926897,0.24546682859380997
13196,0.1598373934405066,0,3,0,462094,143516,61266,46690,1.329393456593427,0.24547070018821698
13197,0.1598398606906071,3,1,3,462095,143515,61269,46687,1.3293841935603394,0.24546008979926603
13198,0.1598422356455379,4,3,4,462098,143512,61273,46683,1.3293564044610768,0.24544809274691765
13199,0.1598436300653269,2,4,2,462102,143508,61275,46681,1.3293193523287266,0.24544532018150367
13200,0.1598447810711736,1,3,1,462105,143505,61276,46680,1.329291563229464,0.2454452243867813
13201,0.1598455931038411,0,1,0,462106,143504,61276,46680,1.3292823001963763,0.24544651495393935
13202,0.1598471581239282,2,4,2,462110,143500,61278,46678,1.329245248064026,0.24544374217838025
13203,0.1598493543076395,1,4,1,462114,143496,61279,46677,1.329208195931676,0.24544493697843542
13204,0.1598502658956365,2,19,2,462133,143477,61281,46675,1.3290321983030124,0.24546152551642897
13205,0.1598503963622355,3,4,3,462137,143473,61284,46672,1.3289951461706622,0.24545478450656077
13206,0.1598584012378773,1,4,1,462141,143469,61285,46671,1.3289580940383119,0.24545597980435468
13207,0.1598584865291029,10,34,10,462175,143435,61295,46661,1.328643150913335,0.24546018853631849
13208,0.1598592057222035,0,2,0,462177,143433,61295,46661,1.32862462484716,0.24546277105011205
13209,0.1598616584905531,0,4,0,462181,143429,61295,46661,1.3285875727148098,0.24546793624072807
13210,0.1598629846540041,2,7,2,462188,143422,61297,46659,1.3285227314831969,0.24546903688427565
13211,0.1598668448797408,4,26,4,462214,143396,61301,46655,1.3282818926229205,0.24548673777038796
13212,0.1598763166609728,2,11,2,462225,143385,61303,46653,1.3281799992589574,0.24549300666182552
13213,0.1598765726727324,0,1,0,462226,143384,61303,46653,1.32817073622587,0.24549429847871732
13214,0.1598776297388175,3,34,3,462260,143350,61306,46650,1.327855793100893,0.24552631578947368
13215,0.1598793232571459,2,10,2,462270,143340,61308,46648,1.3277631627700175,0.24553129671347665
13216,0.1598801141963085,0,3,0,462273,143337,61308,46648,1.3277353736707547,0.24553517382951284
13217,0.159880590187972,3,13,3,462286,143324,61311,46645,1.3276149542406166,0.24554006179955676
13218,0.1598819657180306,2,2,2,462288,143322,61313,46643,1.3275964281744415,0.24553470376121916
13219,0.1598841255122468,6,14,6,462302,143308,61319,46637,1.3274667457112157,0.2455289689120535
13220,0.1598842776729417,0,4,0,462306,143304,61319,46637,1.3274296935788654,0.24553413954859668
13221,0.1598843010829068,42,312,42,462618,142992,61361,46595,1.3245396272555485,0.24577107080126803
13222,0.1598855385764443,1,1,1,462619,142991,61362,46594,1.324530364222461,0.2457683888493288
13223,0.1598858201048137,2,2,2,462621,142989,61364,46592,1.324511838156286,0.24576302477568954
13224,0.1598879736684126,6,34,6,462655,142955,61370,46586,1.324196895031309,0.24578323423428178
13225,0.1598891290699907,2,13,2,462668,142942,61372,46584,1.324076475601171,0.2457921340607621
13226,0.1598897283665557,0,2,0,462670,142940,61372,46584,1.3240579495349958,0.24579472784449463
13227,0.1598934264474405,0,3,0,462673,142937,61372,46584,1.3240301604357332,0.24579861862273839
13228,0.1598941831873558,0,2,0,462675,142935,61372,46584,1.324011634369558,0.2458012125433334
13229,0.1598943924750656,1,4,1,462679,142931,61373,46583,1.3239745822372078,0.24580242092932447
13230,0.1598995916934041,1,5,1,462684,142926,61374,46582,1.32392826707177,0.2458049264411001
13231,0.1599029822587756,0,9,0,462693,142917,61374,46582,1.323844899773982,0.2458166006153067
13232,0.1599034790446884,0,2,0,462695,142915,61374,46582,1.3238263737078069,0.2458191950268342
13233,0.1599057880882282,0,1,0,462696,142914,61374,46582,1.3238171106747194,0.24582049225313463
13234,0.1599092375087125,3,4,3,462700,142910,61377,46579,1.3237800585423691,0.24581374116703344
13235,0.1599103385695278,1,4,1,462704,142906,61378,46578,1.3237430064100189,0.24581495007494036
13236,0.1599149956257051,0,17,0,462721,142889,61378,46578,1.3235855348475305,0.2458370059165976
13237,0.1599181393992027,1,8,1,462729,142881,61379,46577,1.32351143058283,0.24584340592637946
13238,0.1599212912320462,1,1,1,462730,142880,61380,46576,1.3235021675497425,0.24584072291191622
13239,0.1599214493836583,0,1,0,462731,142879,61380,46576,1.323492904516655,0.2458420205325803
13240,0.1599221793815496,0,3,0,462734,142876,61380,46576,1.3234651154173922,0.24584591347676457
13241,0.1599250712344281,1,9,1,462743,142867,61381,46575,1.3233817481196042,0.24585361218737134
13242,0.1599282882985653,1,1,1,462744,142866,61382,46574,1.3233724850865167,0.24585092905405406
13243,0.159930074282318,0,1,0,462745,142865,61382,46574,1.3233632220534293,0.24585222683819066
13244,0.1599344407735696,0,3,0,462748,142862,61382,46574,1.3233354329541664,0.2458561202728098
13245,0.1599356912937662,3,14,3,462762,142848,61385,46571,1.3232057504909407,0.24586234749417957
13246,0.15993921622122,1,0,1,462762,142848,61386,46570,1.3232057504909407,0.2458583661531639
13247,0.1599403211761103,3,22,3,462784,142826,61389,46567,1.3230019637630146,0.2458749795398985
13248,0.1599414301685155,0,1,0,462785,142825,61389,46567,1.322992700729927,0.2458762777730844
13249,0.1599446235022176,0,6,0,462791,142819,61389,46567,1.3229371225314017,0.24588406746010794
13250,0.1599455933446328,2,7,2,462798,142812,61391,46565,1.3228722812997888,0.24588519197156994
13251,0.1599516749314518,12,19,12,462817,142793,61403,46553,1.3226962836711254,0.2458620726078185
13252,0.159957380839957,21,81,21,462898,142712,61424,46532,1.3219459779910334,0.24588362114518822
13253,0.1599590220085373,0,3,0,462901,142709,61424,46532,1.3219181888917708,0.24588751908941509
13254,0.159960689805134,5,63,5,462964,142646,61429,46527,1.3213346178072547,0.24594947481934526
13255,0.159964592935477,23,69,23,463033,142577,61452,46504,1.3206954685242136,0.24594750397977586
13256,0.1599658864773859,33,173,33,463206,142404,61485,46471,1.3190929638000668,0.24604103242885506
13257,0.1599668917885634,0,1,0,463207,142403,61485,46471,1.3190837007669791,0.246042335101708
13258,0.159969713763844,22,49,22,463256,142354,61507,46449,1.318629812145689,0.24601833657304173
13259,0.1599711524285474,9,33,9,463289,142321,61516,46440,1.3183241320537997,0.24602539719539523
13260,0.1599711545102404,0,6,0,463295,142315,61516,46440,1.3182685538552743,0.24603321766310826
13261,0.1599722716637633,1,11,1,463306,142304,61517,46439,1.3181666604913114,0.2460435618804406
13262,0.1599738752335166,4,23,4,463329,142281,61521,46435,1.3179536107302976,0.24605756798575637
13263,0.1599779076259174,1,15,1,463344,142266,61522,46434,1.3178146652339842,0.2460731319554849
13264,0.1599779603242587,2,3,2,463347,142263,61524,46432,1.3177868761347216,0.24606905323405495
13265,0.1599786592529048,0,5,0,463352,142258,61524,46432,1.3177405609692838,0.24607557369229954
13266,0.1599787491674806,0,1,0,463353,142257,61524,46432,1.3177312979361961,0.24607687782541643
13267,0.1599836539146342,14,50,14,463403,142207,61538,46418,1.3172681462818185,0.24608614976805832
13268,0.1599866917606069,0,1,0,463404,142206,61538,46418,1.3172588832487309,0.24608745440665028
13269,0.1599899552241928,0,1,0,463405,142205,61538,46418,1.3172496202156434,0.2460887590590755
13270,0.159990752313932,0,2,0,463407,142203,61538,46418,1.3172310941494683,0.24609136840542675
13271,0.1599924106004101,1,4,1,463411,142199,61539,46417,1.317194042017118,0.2460925902362472
13272,0.1599928519671895,1,10,1,463421,142189,61540,46416,1.3171014116862425,0.2461016409957318
13273,0.159995231511826,0,4,0,463425,142185,61540,46416,1.3170643595538922,0.2461068605150556
13274,0.1599973252744151,0,3,0,463428,142182,61540,46416,1.3170365704546296,0.24611077529984413
13275,0.1599982512435497,2,2,2,463430,142180,61542,46414,1.3170180443884545,0.24610539041538967
13276,0.1600025157398202,2,4,2,463434,142176,61544,46412,1.3169809922561044,0.24610261522472268
13277,0.1600037339199854,32,198,32,463632,141978,61576,46380,1.3151469117047687,0.24623323670882044
13278,0.1600071923789589,5,5,5,463637,141973,61581,46375,1.3151005965393308,0.24621976341665427
13279,0.1600079133055916,0,5,0,463642,141968,61581,46375,1.315054281373893,0.24622629988903225
13280,0.1600099961359143,8,25,8,463667,141943,61589,46367,1.314822705546704,0.24622696617280018
13281,0.1600102204018421,4,14,4,463681,141929,61593,46363,1.3146930230834784,0.2462292609351433
13282,0.1600161842373609,13,74,13,463755,141855,61606,46350,1.3140075586349995,0.24627400972343988
13283,0.160020638300279,0,2,0,463757,141853,61606,46350,1.3139890325688244,0.24627662683379117
13284,0.1600236090007621,3,11,3,463768,141842,61609,46347,1.3138871392048612,0.24627900674322092
13285,0.1600253481669117,0,3,0,463771,141839,61609,46347,1.3138593501055986,0.24628293284303826
13286,0.1600305827436806,1,7,1,463778,141832,61610,46346,1.3137945088739857,0.24628808893707022
13287,0.1600315753278954,5,19,5,463797,141813,61615,46341,1.3136185112453223,0.24629293025925572
13288,0.1600427152453837,23,86,23,463883,141727,61638,46318,1.3128218903997926,0.24631338243505543
13289,0.1600471592876491,3,2,3,463885,141725,61641,46315,1.3128033643336174,0.24630397787704744
13290,0.1600479673493003,0,1,0,463886,141724,61641,46315,1.3127941013005298,0.24630528773286392
13291,0.1600502199880481,5,25,5,463911,141699,61646,46310,1.312562525473341,0.2463179954151131
13292,0.1600507167274668,0,5,0,463916,141694,61646,46310,1.3125162103079033,0.24632454628624922
13293,0.1600550389659435,1,3,1,463919,141691,61647,46309,1.3124884212086405,0.24632446808510639
13294,0.1600562744112683,27,50,27,463969,141641,61674,46282,1.312025269554263,0.2462817217690224
13295,0.1600564609889398,0,9,0,463978,141632,61674,46282,1.311941902256475,0.2462935172472514
13296,0.1600582524957502,0,1,0,463979,141631,61674,46282,1.3119326392233872,0.24629482792568902
13297,0.1600627519149856,14,19,14,463998,141612,61688,46268,1.3117566415947237,0.2462635724930807
13298,0.1600650679686107,0,1,0,463999,141611,61688,46268,1.3117473785616363,0.24626488324932536
13299,0.160066109143861,5,21,5,464020,141590,61693,46263,1.3115528548667976,0.24627235125337366
13300,0.160067168721047,0,1,0,464021,141589,61693,46263,1.31154359183371,0.24627366224474587
13301,0.1600673519052548,0,1,0,464022,141588,61693,46263,1.3115343288006225,0.24627497325007586
13302,0.1600687512215298,1,2,1,464024,141586,61694,46262,1.3115158027344473,0.2462735828968102
13303,0.1600729801919234,0,2,0,464026,141584,61694,46262,1.3114972766682722,0.24627620497641686
13304,0.1600744364026697,0,5,0,464031,141579,61694,46262,1.3114509615028345,0.24628276041971667
13305,0.1600762488336689,0,3,0,464034,141576,61694,46262,1.3114231724035719,0.24628669385321394
13306,0.1600763740053841,0,2,0,464036,141574,61694,46262,1.3114046463373967,0.24628931621201475
13307,0.1600771473309484,0,4,0,464040,141570,61694,46262,1.3113675942050464,0.24629456109715064
13308,0.1600780115212153,3,12,3,464052,141558,61697,46259,1.3112564378079958,0.24629825841111294
13309,0.1600802248457731,0,2,0,464054,141556,61697,46259,1.3112379117418207,0.24630088118627372
13310,0.1600812381931792,1,0,1,464054,141556,61698,46258,1.3112379117418207,0.2462968681780911
13311,0.1600816637439845,0,1,0,464055,141555,61698,46258,1.3112286487087332,0.24629817957223407
13312,0.1600839575371224,0,3,0,464058,141552,61698,46258,1.3112008596094704,0.24630211383845377
13313,0.1600865175156285,0,1,0,464059,141551,61698,46258,1.311191596576383,0.24630342528845794
13314,0.1600867041190297,3,16,3,464075,141535,61701,46255,1.311043388046982,0.24631237020075616
13315,0.1600887609107867,4,12,4,464087,141523,61705,46251,1.3109322316499314,0.24631205598219136
13316,0.1600889112934406,0,1,0,464088,141522,61705,46251,1.310922968616844,0.24631336773657556
13317,0.1600898887806772,0,5,0,464093,141517,61705,46251,1.310876653451406,0.24631992671807762
13318,0.1600907353496766,0,2,0,464095,141515,61705,46251,1.310858127385231,0.24632255040848716
13319,0.1600912746096367,2,11,2,464106,141504,61707,46249,1.310756234021268,0.24632895346545727
13320,0.160092410027535,1,7,1,464113,141497,61708,46248,1.310691392789655,0.2463341234120749
13321,0.1600926078375248,0,5,0,464118,141492,61708,46248,1.3106450776242173,0.24634068392457653
13322,0.1600926797563142,0,1,0,464119,141491,61708,46248,1.3106358145911297,0.2463419960690107
13323,0.160094701580319,29,94,29,464213,141397,61737,46219,1.3097650894808996,0.24634892546477913
13324,0.1600974768126004,8,37,8,464250,141360,61745,46211,1.3094223572566601,0.24636537631083696
13325,0.1600981304499282,0,4,0,464254,141356,61745,46211,1.3093853051243098,0.24637063022813183
13326,0.1600993715069155,0,2,0,464256,141354,61745,46211,1.3093667790581347,0.24637325727081277
13327,0.1601014053946741,8,53,8,464309,141301,61753,46203,1.3088758383044945,0.2464107432374776
13328,0.1601047064102406,0,3,0,464312,141298,61753,46203,1.3088480492052317,0.24641468578834247
13329,0.1601053094913438,1,0,1,464312,141298,61754,46202,1.3088480492052317,0.24641066666666667
13330,0.1601053513584675,6,16,6,464328,141282,61760,46196,1.3086998406758308,0.2464075784892094
13331,0.1601066169505348,0,2,0,464330,141280,61760,46196,1.3086813146096559,0.24641020717318485
13332,0.1601092798081267,0,2,0,464332,141278,61760,46196,1.3086627885434807,0.24641283591324664
13333,0.1601095143105743,0,3,0,464335,141275,61760,46196,1.308634999444218,0.2464167791285052
13334,0.1601110690691442,2,5,2,464340,141270,61762,46194,1.3085886842787802,0.24641531173985406
13335,0.1601164302302413,1,1,1,464341,141269,61763,46193,1.3085794212456927,0.24641260628820774
13336,0.1601183451814987,0,2,0,464343,141267,61763,46193,1.3085608951795176,0.24641523525018671
13337,0.1601187406529003,1,4,1,464347,141263,61764,46192,1.3085238430471673,0.2464164732869222
13338,0.1601272253288302,3,10,3,464357,141253,61767,46189,1.3084312127162918,0.2464175584980954
13339,0.1601284807124857,0,9,0,464366,141244,61767,46189,1.3083478454185038,0.2464293907689681
13340,0.1601295218877361,26,149,26,464515,141095,61793,46163,1.3069676534884582,0.24652084290123785
13341,0.1601301097350827,4,27,4,464542,141068,61797,46159,1.3067175515950944,0.24654029600431562
13342,0.1601305814649221,1,2,1,464544,141066,61798,46158,1.3066990255289193,0.24653890526855532
13343,0.1601316545396602,3,14,3,464558,141052,61801,46155,1.3065693430656935,0.2465452680722409
13344,0.1601316825257374,0,2,0,464560,141050,61801,46155,1.3065508169995184,0.24654790203253119
13345,0.1601317992104145,3,7,3,464567,141043,61804,46152,1.3064859757679055,0.2465450466091509
13346,0.1601328569060083,0,1,0,464568,141042,61804,46152,1.3064767127348178,0.2465463636655021
13347,0.1601395201444205,4,15,4,464583,141027,61808,46148,1.3063377672385046,0.24655002003472687
13348,0.1601443234633577,2,2,2,464585,141025,61810,46146,1.3063192411723294,0.24654460359777958
13349,0.1601454483505527,0,2,0,464587,141023,61810,46146,1.3063007151061543,0.24654723805758433
13350,0.1601473502348307,8,24,8,464611,140999,61818,46138,1.306078402312053,0.24654664764317052
13351,0.1601477408206556,3,4,3,464615,140995,61821,46135,1.3060413501797028,0.24653983861486667
13352,0.1601479347405274,3,11,3,464626,140984,61824,46132,1.3059394568157396,0.24654225186515316
13353,0.1601495722563585,34,165,34,464791,140819,61858,46098,1.3044110563562934,0.24662283259414605
13354,0.1601499302595036,1,0,1,464791,140819,61859,46097,1.3044110563562934,0.24661880202871878
13355,0.1601501216645429,0,4,0,464795,140815,61859,46097,1.3043740042239431,0.24662407978085943
13356,0.1601508433074299,0,3,0,464798,140812,61859,46097,1.3043462151246805,0.24662803824320925
13357,0.1601512134249388,0,5,0,464803,140807,61859,46097,1.3042998999592426,0.24663463596284724
13358,0.160158264854173,31,106,31,464909,140701,61890,46066,1.303318018451962,0.2466495687139591
13359,0.1601607300121459,2,26,2,464935,140675,61892,46064,1.3030771795916856,0.2466758416827765
13360,0.1601616285094253,5,26,5,464961,140649,61897,46059,1.3028363407314092,0.24669001863873
13361,0.1601628353447799,52,204,52,465165,140445,61949,46007,1.300946681981548,0.2467498337373694
13362,0.1601639707626782,4,15,4,465180,140430,61953,46003,1.3008077364852346,0.2467535253951822
13363,0.1601677807830638,5,33,5,465213,140397,61958,45998,1.3005020563933454,0.2467770058209716
13364,0.1601720815824848,1,3,1,465216,140394,61959,45997,1.3004742672940828,0.2467769366546668
13365,0.1601723256255427,2,8,2,465224,140386,61961,45995,1.3004001630293824,0.24677944640279856
13366,0.1601752165281535,2,6,2,465230,140380,61963,45993,1.300344584830857,0.24677930816158994
13367,0.1601818099849375,2,12,2,465242,140368,61965,45991,1.3002334284338064,0.24678711519164623
13368,0.1601839964313047,0,6,0,465248,140362,61965,45991,1.300177850235281,0.24679506098640752
13369,0.1601842344696059,1,0,1,465248,140362,61966,45990,1.300177850235281,0.24679101914656135
13370,0.1601856944473325,0,2,0,465250,140360,61966,45990,1.3001593241691058,0.24679366782935336
13371,0.1601926799833657,1,8,1,465258,140352,61967,45989,1.3000852199044055,0.2468002211000263
13372,0.1601939954890512,2,1,2,465259,140351,61969,45987,1.300075956871318,0.2467934613444386
13373,0.1601967214259921,0,3,0,465262,140348,61969,45987,1.3000481677720552,0.24679743472777524
13374,0.1601969449413334,4,15,4,465277,140333,61973,45983,1.299909222275742,0.24680113355804117
13375,0.1601982598051592,4,7,4,465284,140326,61977,45979,1.2998443810441291,0.24679423525938649
13376,0.1602047759300435,0,1,0,465285,140325,61977,45979,1.2998351180110415,0.24679555994503607
13377,0.1602103401738941,2,8,2,465293,140317,61979,45977,1.2997610137463411,0.2467980718649017
13378,0.1602132582976021,1,14,1,465307,140303,61980,45976,1.2996313312831154,0.24681257683367422
13379,0.1602141124825877,54,162,54,465469,140141,62034,45922,1.2981307199229315,0.24680887656331457
13380,0.1602159375694921,0,1,0,465470,140140,62034,45922,1.298121456889844,0.24681020305059603
13381,0.1602172700732178,1,1,1,465471,140139,62035,45921,1.2981121938567564,0.24680748145759432
13382,0.1602177848294834,0,1,0,465472,140138,62035,45921,1.298102930823669,0.24680880795876578
13383,0.1602193015557989,5,40,5,465512,140098,62040,45916,1.2977324095001668,0.24684163557581687
13384,0.1602227741600821,3,26,3,465538,140072,62043,45913,1.2974915706398904,0.24686399440815118
13385,0.1602248454672698,0,2,0,465540,140070,62043,45913,1.2974730445737153,0.2468666491023373
13386,0.1602269337057471,0,5,0,465545,140065,62043,45913,1.2974267294082775,0.24687328608760176
13387,0.1602282687145913,1,3,1,465548,140062,62044,45912,1.2973989403090147,0.24687321883704175
13388,0.1602288449062099,1,2,1,465550,140060,62045,45911,1.2973804142428398,0.24687182410160724
13389,0.1602317265754482,3,21,3,465571,140039,62048,45908,1.297185890548001,0.2468875539804353
13390,0.1602349779929648,1,2,1,465573,140037,62049,45907,1.297167364481826,0.24688615927375984
13391,0.1602357334849418,0,3,0,465576,140034,62049,45907,1.2971395753825632,0.2468901425721062
13392,0.1602389758627571,0,2,0,465578,140032,62049,45907,1.297121049316388,0.2468927981757458
13393,0.1602394571908589,1,7,1,465585,140025,62050,45906,1.2970562080847752,0.24689804282233732
13394,0.1602418893470677,31,91,31,465676,139934,62081,45875,1.2962132720738078,0.24689331517848975
13395,0.1602420061904227,1,1,1,465677,139933,62082,45874,1.2962040090407203,0.24689059077429806
13396,0.1602426613872766,2,1,2,465678,139932,62084,45872,1.2961947460076328,0.24688381305031107
13397,0.1602427911888879,0,1,0,465679,139931,62084,45872,1.2961854829745452,0.24688514178996032
13398,0.160244220850241,0,1,0,465680,139930,62084,45872,1.2961762199414577,0.24688647054391233
13399,0.1602476472134809,0,1,0,465681,139929,62084,45872,1.29616695690837,0.2468877993121673
13400,0.1602477268519966,2,7,2,465688,139922,62086,45870,1.2961021156767571,0.246888994143989
13401,0.1602502071919871,0,1,0,465689,139921,62086,45870,1.2960928526436697,0.24689032299734648
13402,0.1602522443710269,1,5,1,465694,139916,62087,45869,1.296046537478232,0.24689291385203327
13403,0.1602522619615407,64,190,64,465884,139726,62151,45805,1.2942865611915966,0.24688596514868136
13404,0.1602563694326728,0,2,0,465886,139724,62151,45805,1.2942680351254214,0.2468886265758992
13405,0.1602572095782349,0,1,0,465887,139723,62151,45805,1.294258772092334,0.24688995731102584
13406,0.1602574704934881,0,1,0,465888,139722,62151,45805,1.2942495090592463,0.24689128806049793
13407,0.1602585088693441,1,0,1,465888,139722,62152,45804,1.2942495090592463,0.24688722874421914
13408,0.1602597491136913,0,1,0,465889,139721,62152,45804,1.2942402460261588,0.24688855949332975
13409,0.1602601307615932,0,2,0,465891,139719,62152,45804,1.2942217199599837,0.24689122103458871
13410,0.1602609961572702,0,1,0,465892,139718,62152,45804,1.2942124569268962,0.24689255182673753
13411,0.1602648424184714,0,2,0,465894,139716,62152,45804,1.294193930860721,0.24689521345407503
13412,0.1602667079440328,3,4,3,465898,139712,62155,45801,1.2941568787283708,0.24688835822826433
13413,0.1602727557383479,0,1,0,465899,139711,62155,45801,1.2941476156952834,0.2468896890767174
13414,0.160273941827976,0,1,0,465900,139710,62155,45801,1.2941383526621957,0.24689101993951842
13415,0.16027550752668,1,1,1,465901,139709,62156,45800,1.2941290896291082,0.24688829113412286
13416,0.1602766718652348,0,1,0,465902,139708,62156,45800,1.2941198265960205,0.24688962201091058
13417,0.1602809690213914,2,4,2,465906,139704,62158,45798,1.2940827744636705,0.24688682601804832
13418,0.1602811288396533,6,29,6,465935,139675,62164,45792,1.2938141465041313,0.24690106595782538
13419,0.1602841608260228,1,5,1,465940,139670,62165,45791,1.2937678313386936,0.24690366168628444
13420,0.1602846014439365,7,10,7,465950,139660,62172,45784,1.293675201007818,0.24688854856452622
13421,0.1602904955298293,6,32,6,465982,139628,62178,45778,1.2933787839490163,0.24690678834557672
13422,0.1602921703888443,0,6,0,465988,139622,62178,45778,1.2933232057504909,0.24691477885652643
13423,0.1602945089232824,0,1,0,465989,139621,62178,45778,1.2933139427174034,0.24691611065863353
13424,0.1602947203098864,0,1,0,465990,139620,62178,45778,1.2933046796843157,0.2469174424751076
13425,0.1602982640549745,5,21,5,466011,139599,62183,45773,1.293110155989477,0.24692510195714562
13426,0.1603025694356588,1,3,1,466014,139596,62184,45772,1.2930823668902145,0.24692503560485088
13427,0.1603051664127636,0,3,0,466017,139593,62184,45772,1.293054577790952,0.24692903191001536
13428,0.160306770514469,1,0,1,466017,139593,62185,45771,1.293054577790952,0.24692496924969248
13429,0.1603076335941161,2,2,2,466019,139591,62187,45769,1.2930360517247768,0.24691950798446266
13430,0.1603077376653733,2,21,2,466040,139570,62189,45767,1.2928415280299381,0.24693935911339884
13431,0.1603093266457468,3,11,3,466051,139559,62192,45764,1.292739634665975,0.2469418258931703
13432,0.1603094356814012,0,6,0,466057,139553,62192,45764,1.2926840564674498,0.2469498211173287
13433,0.1603103360248691,0,2,0,466059,139551,62192,45764,1.2926655304012746,0.24695248630709873
13434,0.1603105365979003,2,5,2,466064,139546,62194,45762,1.292619215235837,0.2469510220821551
13435,0.1603122714620963,22,51,22,466115,139495,62216,45740,1.2921468005483716,0.24692957594407106
13436,0.160312463884885,1,3,1,466118,139492,62217,45739,1.2921190114491088,0.24692950963931523
13437,0.1603128095779363,3,17,3,466135,139475,62220,45736,1.2919615398866204,0.24693997656726652
13438,0.1603133260846868,5,51,5,466186,139424,62225,45731,1.2914891251991552,0.2469876589884151
13439,0.1603136199358622,0,8,0,466194,139416,62225,45731,1.2914150209344548,0.24699833105586372
13440,0.1603202146634188,12,53,12,466247,139363,62237,45719,1.2909240801808144,0.24702023967754833
13441,0.1603220969462342,0,3,0,466250,139360,62237,45719,1.2908962910815518,0.24702424370133835
13442,0.1603238051061702,10,25,10,466275,139335,62247,45709,1.2906647152543629,0.24701692570415684
13443,0.1603293264863678,87,292,87,466567,139043,62334,45622,1.2879599095927972,0.24705277123439742
13444,0.1603304291495351,0,3,0,466570,139040,62334,45622,1.2879321204935343,0.24705678482849747
13445,0.1603309800666336,1,1,1,466571,139039,62335,45621,1.2879228574604469,0.2470540452723925
13446,0.1603313098488346,0,7,0,466578,139032,62335,45621,1.287858016228834,0.24706341083004338
13447,0.1603332889927372,2,8,2,466586,139024,62337,45619,1.2877839119641334,0.24706595971685902
13448,0.1603400846091099,0,2,0,466588,139022,62337,45619,1.2877653858979585,0.24706863589343644
13449,0.1603414362521382,1,7,1,466595,139015,62338,45618,1.2877005446663456,0.24707392502965342
13450,0.160343256266138,0,1,0,466596,139014,62338,45618,1.287691281633258,0.24707526322630963
13451,0.1603454996612962,9,24,9,466620,138990,62347,45609,1.2874689688391567,0.24707067752263012
13452,0.1603458858315053,0,1,0,466621,138989,62347,45609,1.287459705806069,0.24707201594816847
13453,0.1603460818778752,3,0,3,466621,138989,62350,45606,1.287459705806069,0.2470597795173217
13454,0.1603508426295677,1,3,1,466624,138986,62351,45605,1.2874319167068065,0.24705971580412914
13455,0.1603524687928866,0,3,0,466627,138983,62351,45605,1.2874041276075439,0.24706373112011615
13456,0.1603526895747965,32,167,32,466794,138816,62383,45573,1.2858572010819223,0.24715682605795355
13457,0.1603533345181876,5,23,5,466817,138793,62388,45568,1.2856441513209085,0.24716724252960226
13458,0.1603553685577435,1,2,1,466819,138791,62389,45567,1.2856256252547333,0.2471658403757906
13459,0.1603561621790798,11,44,11,466863,138747,62400,45556,1.285218051798881,0.24717991568232747
13460,0.1603564215218857,2,8,2,466871,138739,62402,45554,1.2851439475341806,0.24718247573157962
13461,0.1603572824489865,0,1,0,466872,138738,62402,45554,1.2851346845010931,0.2471838169860873
13462,0.1603625176998451,1,3,1,466875,138735,62403,45553,1.2851068954018303,0.24718375586039243
13463,0.1603651842579029,0,4,0,466879,138731,62403,45553,1.2850698432694803,0.24718912113911137
13464,0.1603652522684309,0,1,0,466880,138730,62403,45553,1.2850605802363926,0.24719046249518403
13465,0.1603664829869311,1,12,1,466892,138718,62404,45552,1.284949423839342,0.24720247462961958
13466,0.1603685791566386,2,3,2,466895,138715,62406,45550,1.2849216347400794,0.2471983284942881
13467,0.1603723267542387,1,4,1,466899,138711,62407,45549,1.284884582607729,0.24719960924780202
13468,0.1603740298502527,1,11,1,466910,138700,62408,45548,1.284782689243766,0.2472102817941036
13469,0.160374130170802,6,20,6,466930,138680,62414,45542,1.284597428582015,0.24721260218649238
13470,0.1603753437441726,7,10,7,466940,138670,62421,45535,1.2845047982511393,0.24719741592247768
13471,0.1603760134860325,0,3,0,466943,138667,62421,45535,1.2844770091518767,0.24720144189531057
13472,0.1603768220561555,1,7,1,466950,138660,62422,45534,1.2844121679202638,0.2472067494055181
13473,0.1603804926839266,0,5,0,466955,138655,62422,45534,1.284365852754826,0.24721346008719305
13474,0.1603854962122708,0,1,0,466956,138654,62422,45534,1.2843565897217384,0.24721480226724868
13475,0.1603899754101649,2,8,2,466964,138646,62424,45532,1.284282485457038,0.24721736580916287
13476,0.160391251692946,0,6,0,466970,138640,62424,45532,1.2842269072585126,0.24722541971635212
13477,0.1603928160642843,0,10,0,466980,138630,62424,45532,1.2841342769276372,0.24723884406120697
13478,0.1603928358708775,2,29,2,467009,138601,62426,45530,1.2838656489680982,0.24726960696460673
13479,0.1603932938661635,1,10,1,467019,138591,62427,45529,1.2837730186372225,0.2472789485118401
13480,0.160396945063362,10,15,10,467034,138576,62437,45519,1.2836340731409093,0.24725820907683532
13481,0.1603972952621783,2,11,2,467045,138565,62439,45517,1.2835321797769461,0.2472648059017177
13482,0.1603999124197464,1,11,1,467056,138554,62440,45516,1.283430286412983,0.24727549301896018
13483,0.1604005396853662,0,1,0,467057,138553,62440,45516,1.2834210233798955,0.2472768364037399
13484,0.1604048497278805,23,42,23,467099,138511,62463,45493,1.2830319759902182,0.24723919045238146
13485,0.1604064808652466,0,2,0,467101,138509,62463,45493,1.283013449924043,0.24724187780567602
13486,0.160406669010013,4,15,4,467116,138494,62467,45489,1.2828745044277299,0.24724566943685014
13487,0.1604132072669327,2,11,2,467127,138483,62469,45487,1.2827726110637667,0.24725226939174866
13488,0.1604139988125111,0,3,0,467130,138480,62469,45487,1.2827448219645041,0.24725630140188187
13489,0.160414910328012,2,6,2,467136,138474,62471,45485,1.2826892437659787,0.24725618208405134
13490,0.1604167472620626,52,266,52,467402,138208,62523,45433,1.2802252769646894,0.24740117947517168
13491,0.1604192909659276,0,1,0,467403,138207,62523,45433,1.2802160139316017,0.24740252668263996
13492,0.1604213522642504,9,17,9,467420,138190,62532,45424,1.2800585423691133,0.24738854335726035
13493,0.1604243583513455,0,7,0,467427,138183,62532,45424,1.2799937011375004,0.24739797502273878
13494,0.1604288235398436,0,7,0,467434,138176,62532,45424,1.2799288599058876,0.2474074074074074
13495,0.160431114445769,3,11,3,467445,138165,62535,45421,1.2798269665419244,0.24740993321930865
13496,0.160431432750162,0,1,0,467446,138164,62535,45421,1.279817703508837,0.24741128087806738
13497,0.1604333052380102,1,4,1,467450,138160,62536,45420,1.2797806513764867,0.24741257217561827
13498,0.1604333455979995,0,3,0,467453,138157,62536,45420,1.279752862277224,0.24741661537120663
13499,0.1604368130035741,4,2,4,467455,138155,62540,45416,1.279734336211049,0.2474029122246978
13500,0.1604408806320623,0,4,0,467459,138151,62540,45416,1.2796972840786986,0.24740830323533097
13501,0.1604411833817176,0,1,0,467460,138150,62540,45416,1.2796880210456112,0.24740965102469956
13502,0.1604417636274634,1,8,1,467468,138142,62541,45415,1.2796139167809106,0.247416333890835
13503,0.1604452656476796,13,41,13,467509,138101,62554,45402,1.279234132424321,0.24741829833844678
13504,0.1604463112233292,0,7,0,467516,138094,62554,45402,1.2791692911927082,0.24742773684439986
13505,0.1604483336011488,6,23,6,467539,138071,62560,45396,1.2789562414316944,0.24743414346994283
13506,0.1604496104685542,0,3,0,467542,138068,62560,45396,1.2789284523324318,0.24743818950856844
13507,0.1604496654363799,3,4,3,467546,138064,62563,45393,1.2788914002000815,0.24743127817417707
13508,0.160450964165408,18,97,18,467643,137967,62581,45375,1.2779928859905887,0.24748830055306476
13509,0.1604545204999509,0,8,0,467651,137959,62581,45375,1.2779187817258884,0.24749910000327272
13510,0.1604565088575822,0,1,0,467652,137958,62581,45375,1.2779095186928007,0.2475004500008182
13511,0.1604571503576687,0,1,0,467653,137957,62581,45375,1.2779002556597132,0.247501800013091
13512,0.1604571992410012,2,5,2,467658,137952,62583,45373,1.2778539404942755,0.24750034092458748
13513,0.160459710336175,0,1,0,467659,137951,62583,45373,1.2778446774611878,0.24750169099517794
13514,0.1604615906279477,0,1,0,467660,137950,62583,45373,1.2778354144281003,0.24750304108049725
13515,0.1604623740546741,1,3,1,467663,137947,62584,45372,1.2778076253288377,0.24750298659713396
13516,0.1604658725768606,1,3,1,467666,137944,62585,45371,1.277779836229575,0.24750293211139296
13517,0.1604688560891222,0,1,0,467667,137943,62585,45371,1.2777705731964875,0.24750428226976662
13518,0.1604700242661067,4,1,4,467668,137942,62589,45367,1.2777613101634,0.24748921220452896
13519,0.160470454289667,0,4,0,467672,137938,62589,45367,1.2777242580310497,0.24749461280379695
13520,0.1604764654397161,2,1,2,467673,137937,62591,45365,1.277714994997962,0.24748775245223728
13521,0.1604777750446405,16,77,16,467750,137860,62607,45349,1.2770017414502204,0.24752604948446855
13522,0.1604789872300462,2,0,2,467750,137860,62609,45347,1.2770017414502204,0.24751783501722097
13523,0.1604793496659458,2,8,2,467758,137852,62611,45345,1.27692763718552,0.247520428827983
13524,0.1604814153519713,0,1,0,467759,137851,62611,45345,1.2769183741524324,0.24752177995152733
13525,0.160484613333371,1,5,1,467764,137846,62612,45344,1.2768720589869946,0.24752442818931164
13526,0.1604850208638432,2,15,2,467779,137831,62614,45342,1.2767331134906814,0.24753648190508426
13527,0.1604887909031404,1,1,1,467780,137830,62615,45341,1.2767238504575937,0.2475337253167805
13528,0.1604909750437929,0,3,0,467783,137827,62615,45341,1.2766960613583311,0.24753777952480782
13529,0.1604914119329382,28,81,28,467864,137746,62643,45313,1.2759457556782392,0.24753221638925155
13530,0.1604915857291049,2,3,2,467867,137743,62645,45311,1.2759179665789766,0.24752805183169993
13531,0.1604915900616089,4,1,4,467868,137742,62649,45307,1.2759087035458891,0.24751296101043982
13532,0.1604918781226354,0,1,0,467869,137741,62649,45307,1.2758994405128015,0.2475143131856125
13533,0.1604919525310295,1,5,1,467874,137736,62650,45306,1.2758531253473637,0.24751696331989378
13534,0.160495454241687,0,4,0,467878,137732,62650,45306,1.2758160732150134,0.24752237240354463
13535,0.1604959190864888,26,128,26,468006,137604,62676,45280,1.2746304049798065,0.2475886354191728
13536,0.1604960609387362,0,3,0,468009,137601,62676,45280,1.274602615880544,0.2475926968903276
13537,0.1605001959908152,0,3,0,468012,137598,62676,45280,1.2745748267812813,0.2475967584947342
13538,0.1605003842749869,21,52,21,468064,137546,62697,45259,1.2740931490607283,0.24758075544979624
13539,0.1605013608488737,1,2,1,468066,137544,62698,45258,1.2740746229945534,0.24757934814717564
13540,0.1605016735330321,2,6,2,468072,137538,62700,45256,1.274019044796028,0.24757924220707464
13541,0.1605034675645135,0,1,0,468073,137537,62700,45256,1.2740097817629406,0.24758059663116203
13542,0.1605048324513562,1,1,1,468074,137536,62701,45255,1.2740005187298529,0.24757783479492973
13543,0.1605052025718971,0,1,0,468075,137535,62701,45255,1.2739912556967654,0.2475791892335467
13544,0.1605069459424966,0,4,0,468079,137531,62701,45255,1.2739542035644151,0.24758460713621394
13545,0.1605086783915547,70,276,70,468355,137255,62771,45185,1.27139760643225,0.24767046700285025
13546,0.1605086807008872,0,6,0,468361,137249,62771,45185,1.2713420282337249,0.2476786125393293
13547,0.16050915935838,3,6,3,468367,137243,62774,45182,1.2712864500351995,0.24767438673427436
13548,0.1605128924711306,1,5,1,468372,137238,62775,45181,1.2712401348697617,0.24767705118436129
13549,0.1605138066337379,1,8,1,468380,137230,62776,45180,1.2711660306050614,0.24768378926593937
13550,0.1605159139286389,0,7,0,468387,137223,62776,45180,1.2711011893734485,0.24769329451818226
13551,0.1605192704505828,0,2,0,468389,137221,62776,45180,1.2710826633072734,0.24769601043853925
13552,0.1605199216014572,3,9,3,468398,137212,62779,45177,1.2709992960094854,0.24769585885113685
13553,0.16052312308005,0,1,0,468399,137211,62779,45177,1.270990032976398,0.24769721692216592
13554,0.1605240433681528,5,38,5,468437,137173,62784,45172,1.2706380377190707,0.24772820751871452
13555,0.1605250150518924,5,16,5,468453,137157,62789,45167,1.2704898291896698,0.24772931703999473
13556,0.1605253618105392,1,2,1,468455,137155,62790,45166,1.2704713031234947,0.24772790846912862
13557,0.1605255437997644,0,4,0,468459,137151,62790,45166,1.2704342509911446,0.24773334357191046
13558,0.1605297394690516,0,2,0,468461,137149,62790,45166,1.2704157249249695,0.2477360612127362
13559,0.160530278443746,1,1,1,468462,137148,62791,45165,1.2704064618918818,0.24773329384081222
13560,0.1605308467180918,0,2,0,468464,137146,62791,45165,1.2703879358257069,0.2477360115407189
13561,0.1605310883892528,2,0,2,468464,137146,62793,45163,1.2703879358257069,0.24772775891480947
13562,0.1605311837220611,1,3,1,468467,137143,62794,45162,1.270360146726444,0.24772770905899455
13563,0.1605369485010014,12,52,12,468519,137091,62806,45150,1.2698784690058913,0.24774886002600952
13564,0.16054039637214,6,48,6,468567,137043,62812,45144,1.2694338434176886,0.247789359284691
13565,0.160545380074119,11,57,11,468624,136986,62823,45133,1.2689058505316981,0.24782147936239493
13566,0.1605464643143276,0,1,0,468625,136985,62823,45133,1.2688965874986105,0.24782284013661474
13567,0.1605464925806574,7,24,7,468649,136961,62830,45126,1.2686742747045092,0.24782658838906677
13568,0.1605469790823719,0,8,0,468657,136953,62830,45126,1.2686001704398089,0.24783747713904405
13569,0.1605480261748594,3,22,3,468679,136931,62833,45123,1.2683963837118826,0.24785503202346557
13570,0.1605502037571503,0,2,0,468681,136929,62833,45123,1.2683778576457074,0.24785775492716366
13571,0.1605521996210988,0,1,0,468682,136928,62833,45123,1.26836859461262,0.24785911640144795
13572,0.1605525712655593,0,2,0,468684,136926,62833,45123,1.2683500685464448,0.24786183939488818
13573,0.1605545054445837,17,46,17,468730,136880,62850,45106,1.2679239690244173,0.24785423054520678
13574,0.160555002805484,9,14,9,468744,136866,62859,45097,1.2677942865611915,0.2478360985475069
13575,0.1605570346851772,0,3,0,468747,136863,62859,45097,1.267766497461929,0.24784018465596835
13576,0.1605577463703432,7,42,7,468789,136821,62866,45090,1.2673774500722517,0.24786846314956215
13577,0.1605599316148817,0,1,0,468790,136820,62866,45090,1.2673681870391642,0.24786982573800231
13578,0.1605605561959857,0,1,0,468791,136819,62866,45090,1.2673589240060765,0.24787118834142347
13579,0.1605678257529279,0,2,0,468793,136817,62866,45090,1.2673403979399014,0.2478739135932097
13580,0.1605685356823152,0,1,0,468794,136816,62866,45090,1.267331134906814,0.24787527624157532
13581,0.1605696117333543,0,2,0,468796,136814,62866,45090,1.2673126088406388,0.2478780015832527
13582,0.1605703586863716,4,9,4,468805,136805,62870,45086,1.2672292415428508,0.24787372657250772
13583,0.1605718121232767,1,0,1,468805,136805,62871,45085,1.2672292415428508,0.24786959151135302
13584,0.1605733517026228,0,4,0,468809,136801,62871,45085,1.2671921894105005,0.2478750426091068
13585,0.1605778652096447,0,1,0,468810,136800,62871,45085,1.267182926377413,0.24787640542100778
13586,0.1605807200935233,34,91,34,468901,136709,62905,45051,1.2663399903664456,0.24785981514084507
13587,0.1605835329944405,1,8,1,468909,136701,62906,45050,1.266265886101745,0.24786658670378706
13588,0.1605879487429905,4,23,4,468932,136678,62910,45046,1.2660528363407315,0.24788140256652946
13589,0.1605918626615885,1,4,1,468936,136674,62911,45045,1.2660157842083812,0.24788272002377296
13590,0.1605927759415698,0,4,0,468940,136670,62911,45045,1.265978732076031,0.24788817654018655
13591,0.1605932343267222,0,1,0,468941,136669,62911,45045,1.2659694690429435,0.247889540706825
13592,0.1605933641653075,0,1,0,468942,136668,62911,45045,1.2659602060098558,0.24789090488847798
13593,0.1605992233517948,2,1,2,468943,136667,62913,45043,1.2659509429767684,0.2478839909746299
13594,0.1606000510663777,0,3,0,468946,136664,62913,45043,1.2659231538775058,0.24788808356309883
13595,0.1606037516290598,1,8,1,468954,136656,62914,45042,1.2658490496128052,0.24789485850146947
13596,0.1606068396803958,0,2,0,468956,136654,62914,45042,1.26583052354663,0.247897587178584
13597,0.1606084427181004,1,5,1,468961,136649,62915,45041,1.2657842083811923,0.24790026969013154
13598,0.1606085245466297,64,294,64,469255,136355,62979,44977,1.2630608766534515,0.24803675027022257
13599,0.1606131694036142,0,1,0,469256,136354,62979,44977,1.2630516136203638,0.24803811813754956
13600,0.1606143788535237,0,1,0,469257,136353,62979,44977,1.2630423505872763,0.2480394860199636
13601,0.1606147596222229,6,28,6,469285,136325,62985,44971,1.2627829856608248,0.2480529079516371
13602,0.1606155695677298,1,23,1,469308,136302,62986,44970,1.262569935899811,0.24808023301999205
13603,0.1606159840094344,1,6,1,469314,136296,62987,44969,1.2625143577012856,0.2480842964720161
13604,0.1606175739168931,0,1,0,469315,136295,62987,44969,1.2625050946681982,0.2480856651072469
13605,0.1606201985339408,0,3,0,469318,136292,62987,44969,1.2624773055689356,0.24808977110354682
13606,0.1606225261129247,0,2,0,469320,136290,62987,44969,1.2624587795027604,0.24809250850992226
13607,0.1606234328872963,0,2,0,469322,136288,62987,44969,1.2624402534365853,0.2480952459767071
13608,0.1606251921818629,0,1,0,469323,136287,62987,44969,1.2624309904034978,0.24809661473275368
13609,0.160625364537145,0,1,0,469324,136286,62987,44969,1.2624217273704101,0.24809798350390333
13610,0.1606273627459766,0,1,0,469325,136285,62987,44969,1.2624124643373227,0.24809935229015637
13611,0.1606279120851903,2,10,2,469335,136275,62989,44967,1.262319834006447,0.24810474393352533
13612,0.1606293071054864,120,395,120,469730,135880,63109,44847,1.2586609359368632,0.24814775877428386
13613,0.1606309454928045,4,6,4,469736,135874,63113,44843,1.2586053577383378,0.24813935600967257
13614,0.1606330244772294,2,1,2,469737,135873,63115,44841,1.2585960947052504,0.24813240811447923
13615,0.1606365750686024,1,1,1,469738,135872,63116,44840,1.2585868316721627,0.24812962061180222
13616,0.1606405920937531,0,1,0,469739,135871,63116,44840,1.2585775686390752,0.2481309936860512
13617,0.1606412972462828,0,5,0,469744,135866,63116,44840,1.2585312534736375,0.24813785928524787
13618,0.1606421999614423,19,40,19,469784,135826,63135,44821,1.2581607321501351,0.2481137245567322
13619,0.1606425613137758,0,1,0,469785,135825,63135,44821,1.2581514691170477,0.24811509803704482
13620,0.1606426710933957,0,1,0,469786,135824,63135,44821,1.2581422060839602,0.24811647153256386
13621,0.1606474679149545,1,0,1,469786,135824,63136,44820,1.2581422060839602,0.24811230929341688
13622,0.1606497906023489,11,22,11,469808,135802,63147,44809,1.257938419356034,0.24809673829390236
13623,0.1606500199525721,0,2,0,469810,135800,63147,44809,1.2579198932898588,0.24809948562917683
13624,0.1606552200315886,4,7,4,469817,135793,63151,44805,1.2578550520582459,0.24809244842135572
13625,0.1606552754054635,0,6,0,469823,135787,63151,44805,1.2577994738597207,0.2481006910605121
13626,0.1606562933017536,0,6,0,469829,135781,63151,44805,1.2577438956611953,0.24810893424739458
13627,0.1606581463853067,1,0,1,469829,135781,63152,44804,1.2577438956611953,0.24810477060663955
13628,0.1606585157766021,1,6,1,469835,135775,63153,44803,1.25768831746267,0.24810885046904937
13629,0.1606592733285872,1,3,1,469838,135772,63154,44802,1.2576605283634072,0.24810880857709305
13630,0.1606610279457352,1,14,1,469852,135758,63155,44801,1.2575308459001815,0.248123881944406
13631,0.1606623463881216,1,2,1,469854,135756,63156,44800,1.2575123198340064,0.2481224661600833
13632,0.1606633890188526,0,1,0,469855,135755,63156,44800,1.257503056800919,0.24812384038104732
13633,0.1606657888982614,1,5,1,469860,135750,63157,44799,1.2574567416354812,0.24812654736387352
13634,0.1606701246727551,4,10,4,469870,135740,63161,44795,1.2573641113046057,0.24812363253662725
13635,0.160670947854263,1,2,1,469872,135738,63162,44794,1.2573455852384305,0.24812221655994504
13636,0.1606728993217801,1,1,1,469873,135737,63163,44793,1.2573363222053429,0.24811942613416052
13637,0.1606759152894282,0,3,0,469876,135734,63163,44793,1.2573085331060803,0.24812354938596443
13638,0.1606765821474892,2,11,2,469887,135723,63165,44791,1.257206639742117,0.2481303389210809
13639,0.1606777155051992,1,5,1,469892,135718,63166,44790,1.2571603245766794,0.24813304673477077
13640,0.1606782827494388,0,1,0,469893,135717,63166,44790,1.257151061543592,0.24813442137978028
13641,0.1606836112778158,0,8,0,469901,135709,63166,44790,1.2570769572788913,0.2481454190881944
13642,0.1606852294122186,0,7,0,469908,135702,63166,44790,1.2570121160472785,0.24815504288278706
13643,0.160685939588667,3,9,3,469917,135693,63169,44787,1.2569287487494905,0.24815492021276594
13644,0.1606891346520364,1,4,1,469921,135689,63170,44786,1.2568916966171404,0.2481562543288544
13645,0.1606910077441262,0,1,0,469922,135688,63170,44786,1.2568824335840527,0.24815762935381275
13646,0.1606910463355587,1,3,1,469925,135685,63171,44785,1.2568546444847901,0.2481575885188674
13647,0.1606912895865916,0,1,0,469926,135684,63171,44785,1.2568453814517024,0.2481589635893145
13648,0.160692224769493,1,4,1,469930,135680,63172,44784,1.2568083293193524,0.24816029789874988
13649,0.1606932691686315,1,3,1,469933,135677,63173,44783,1.2567805402200896,0.24816025712069156
13650,0.1606965006608764,0,1,0,469934,135676,63173,44783,1.256771277187002,0.24816163228212504
13651,0.1606990339475719,0,1,0,469935,135675,63173,44783,1.2567620141539146,0.24816300745879927
13652,0.1606999878124774,3,5,3,469940,135670,63176,44780,1.2567156989884767,0.2481573843169853
13653,0.1607107894605406,0,1,0,469941,135669,63176,44780,1.2567064359553892,0.24815875953870623
13654,0.1607122892037208,1,1,1,469942,135668,63177,44779,1.2566971729223018,0.24815596823444003
13655,0.1607164490866844,1,1,1,469943,135667,63178,44778,1.256687909889214,0.24815317686829783
13656,0.1607167759284728,1,0,1,469943,135667,63179,44777,1.256687909889214,0.248149010219237
13657,0.1607194589574817,7,28,7,469971,135639,63186,44770,1.2564285449627626,0.24815835130176433
13658,0.1607218741205227,1,3,1,469974,135636,63187,44769,1.2564007558635,0.2481583104681134
13659,0.1607263737536347,1,6,1,469980,135630,63188,44768,1.2563451776649746,0.24816239647889665
13660,0.1607270424922527,1,13,1,469993,135617,63189,44767,1.2562247582348365,0.2481761131807699
13661,0.1607311103644013,1,14,1,470007,135603,63190,44766,1.2560950757716107,0.2481912080235517
13662,0.1607319229054448,1,1,1,470008,135602,63191,44765,1.256085812738523,0.2481884158410352
13663,0.1607319490934314,4,18,4,470026,135584,63195,44761,1.2559190781429472,0.24819651224042807
13664,0.160732183952169,6,27,6,470053,135557,63201,44755,1.2556689762495832,0.24820866054394605
13665,0.1607327203414595,0,1,0,470054,135556,63201,44755,1.2556597132164955,0.24821003710256168
13666,0.1607335374166301,27,79,27,470133,135477,63228,44728,1.254927933602579,0.24820620959462833
13667,0.160734501131049,11,26,11,470159,135451,63239,44717,1.2546870947423023,0.24819612805825675
13668,0.160738660075851,0,2,0,470161,135449,63239,44717,1.2546685686761274,0.24819888325211195
13669,0.1607392975238991,1,3,1,470164,135446,63240,44716,1.2546407795768646,0.24819884326328526
13670,0.1607411702461656,1,4,1,470168,135442,63241,44715,1.2546037274445145,0.24820018095327964
13671,0.1607417719771851,1,3,1,470171,135439,63242,44714,1.2545759383452517,0.24820014099126853
13672,0.1607426480446644,0,1,0,470172,135438,63242,44714,1.2545666753121643,0.2482015187175274
13673,0.160744979275641,1,0,1,470172,135438,63243,44713,1.2545666753121643,0.24819734556011347
13674,0.1607455091242122,8,61,8,470233,135377,63251,44705,1.2540016302938235,0.24824802034628668
13675,0.1607479495818576,0,10,0,470243,135367,63251,44705,1.2539089999629478,0.2482618063885557
13676,0.160753687332777,7,15,7,470258,135352,63258,44698,1.2537700544666346,0.24825326298250486
13677,0.1607574323080959,1,4,1,470262,135348,63259,44697,1.2537330023342843,0.24825460301591268
13678,0.1607604192419602,0,1,0,470263,135347,63259,44697,1.2537237393011968,0.24825598187109818
13679,0.1607623491147274,0,1,0,470264,135346,63259,44697,1.2537144762681092,0.24825736074160062
13680,0.1607709939806487,1,0,1,470264,135346,63260,44696,1.2537144762681092,0.24825318536785862
13681,0.1607724289427755,0,2,0,470266,135344,63260,44696,1.253695950201934,0.24825594312375027
13682,0.1607743595772771,0,2,0,470268,135342,63260,44696,1.253677424135759,0.24825870094091249
13683,0.1607745658765756,1,14,1,470282,135328,63261,44695,1.2535477416725334,0.2482738316770635
13684,0.1607757707650686,7,10,7,470292,135318,63268,44688,1.2534551113416577,0.24825839138695377
13685,0.1607774302906348,2,0,2,470292,135318,63270,44686,1.2534551113416577,0.24825003888802472
13686,0.1607793350590643,1,1,1,470293,135317,63271,44685,1.2534458483085702,0.24824724169731446
13687,0.1607794145927784,0,6,0,470299,135311,63271,44685,1.2533902701100448,0.24825551678926197
13688,0.1607798618305594,4,8,4,470307,135303,63275,44681,1.2533161658453444,0.24824984443061607
13689,0.1607816386955172,1,0,1,470307,135303,63276,44680,1.2533161658453444,0.24824566764638883
13690,0.1607852057982139,0,1,0,470308,135302,63276,44680,1.2533069028122568,0.2482470469269149
13691,0.1607902492191665,0,3,0,470311,135299,63276,44680,1.2532791137129942,0.24825118486045594
13692,0.1607913079141133,1,6,1,470317,135293,63277,44679,1.253223535514469,0.24825528415531306
13693,0.160793277879336,0,1,0,470318,135292,63277,44679,1.2532142724813813,0.24825666357357573
13694,0.1607937058609179,2,2,2,470320,135290,63279,44677,1.2531957464152061,0.24825106825140164
13695,0.1607950436893994,1,7,1,470327,135283,63280,44676,1.2531309051835933,0.2482565473246684
13696,0.1607962456515999,20,39,20,470366,135244,63300,44656,1.2527696468931786,0.24822679266259032
13697,0.160796714153588,1,5,1,470371,135239,63301,44655,1.2527233317277409,0.24822951293539527
13698,0.1607980863423842,0,2,0,470373,135237,63301,44655,1.2527048056615657,0.2482322726969515
13699,0.160798954180007,0,1,0,470374,135236,63301,44655,1.2526955426284783,0.24823365260074157
13700,0.160800264744961,0,1,0,470375,135235,63301,44655,1.2526862795953908,0.24823503251987325
13701,0.1608020239835074,0,5,0,470380,135230,63301,44655,1.2526399644299528,0.24824193234566527
13702,0.160802072819726,0,4,0,470384,135226,63301,44655,1.2526029122976028,0.2482474524824745
13703,0.1608042854080128,7,24,7,470408,135202,63308,44648,1.2523805995035013,0.2482513205448985
13704,0.1608080894060959,0,3,0,470411,135199,63308,44648,1.2523528104042387,0.2482554615867932
13705,0.160808392019516,0,3,0,470414,135196,63308,44648,1.2523250213049761,0.24825960276684236
13706,0.1608147000827816,0,4,0,470418,135192,63308,44648,1.2522879691726259,0.24826512455516014
13707,0.1608163531098597,0,6,0,470424,135186,63308,44648,1.2522323909741007,0.24827340769821057
13708,0.1608163992418218,7,23,7,470447,135163,63315,44641,1.252019341213087,0.24827590042490713
13709,0.1608183155712112,0,2,0,470449,135161,63315,44641,1.2520008151469117,0.2482786620838478
13710,0.1608195839599031,0,1,0,470450,135160,63315,44641,1.251991552113824,0.24828004293635741
13711,0.1608214482224544,0,1,0,470451,135159,63315,44641,1.2519822890807366,0.2482814238042269
13712,0.1608219867771978,1,9,1,470460,135150,63316,44640,1.2518989217829486,0.2482896712831637
13713,0.160823874873727,1,3,1,470463,135147,63317,44639,1.251871132683686,0.24828963323061862
13714,0.160828274164174,0,2,0,470465,135145,63317,44639,1.2518526066175109,0.24829239531882705
13715,0.1608291160356459,0,5,0,470470,135140,63317,44639,1.2518062914520731,0.24829930080821452
13716,0.1608292648284826,0,3,0,470473,135137,63317,44639,1.2517785023528103,0.24830344428622286
13717,0.160829556658087,4,15,4,470488,135122,63321,44635,1.251639556856497,0.24830743726252663
13718,0.1608319799771035,2,6,2,470494,135116,63323,44633,1.2515839786579717,0.2483073619324725
13719,0.1608376535537284,1,8,1,470502,135108,63324,44632,1.2515098743932713,0.24831423166796485
13720,0.1608393062830568,0,1,0,470503,135107,63324,44632,1.2515006113601839,0.24831561319468784
13721,0.1608402643760988,1,2,1,470505,135105,63325,44631,1.2514820852940087,0.24831419415142209
13722,0.1608408430345098,0,3,0,470508,135102,63325,44631,1.251454296194746,0.24831833886932284
13723,0.160841028074495,1,9,1,470517,135093,63326,44630,1.2513709288969581,0.24832659147688388
13724,0.1608418985921011,0,5,0,470522,135088,63326,44630,1.2513246137315202,0.24833350026152082
13725,0.1608432001915503,29,131,29,470653,134957,63355,44601,1.2501111563970506,0.24839327682420165
13726,0.1608486030658989,1,5,1,470658,134952,63356,44600,1.2500648412316129,0.24839600784173943
13727,0.1608489277224277,1,4,1,470662,134948,63357,44599,1.2500277890992626,0.248397355567066
13728,0.1608500628408124,1,4,1,470666,134944,63358,44598,1.2499907369669125,0.2483987033674572
13729,0.1608517013500452,0,2,0,470668,134942,63358,44598,1.2499722109007374,0.24840147042441796
13730,0.1608517410456596,0,4,0,470672,134938,63358,44598,1.2499351587683871,0.2484070047232867
13731,0.160853082263793,1,3,1,470675,134935,63359,44597,1.2499073696691245,0.248406969231112
13732,0.1608569101212524,3,7,3,470682,134928,63362,44594,1.2498425284375116,0.24840409531979368
13733,0.1608580857921372,1,9,1,470691,134919,63363,44593,1.2497591611397236,0.24841236240474174
13734,0.1608618099543098,9,40,9,470731,134879,63372,44584,1.2493886398162215,0.24843003850375844
13735,0.1608625649900312,3,19,3,470750,134860,63375,44581,1.2492126421875578,0.24844377817778546
13736,0.160863677488836,0,3,0,470753,134857,63375,44581,1.2491848530882952,0.2484479318761912
13737,0.1608639919930082,3,24,3,470777,134833,63378,44578,1.248962540294194,0.2484686000300985
13738,0.1608647785496514,4,11,4,470788,134822,63382,44574,1.2488606469302308,0.24846707841869384
13739,0.1608707716874615,2,1,2,470789,134821,63384,44572,1.2488513838971433,0.2484600848416605
13740,0.1608730244689515,1,4,1,470793,134817,63385,44571,1.248814331764793,0.24846143554752825
13741,0.1608747877718756,1,1,1,470794,134816,63386,44570,1.2488050687317056,0.24845863110833621
13742,0.1608785521323944,0,1,0,470795,134815,63386,44570,1.248795805698618,0.24846001616634614
13743,0.1608795418374823,0,1,0,470796,134814,63386,44570,1.2487865426655305,0.24846140123979843
13744,0.1608815444040521,3,9,3,470805,134805,63389,44567,1.2487031753677424,0.24846129830742814
13745,0.1608829493876003,1,0,1,470805,134805,63390,44566,1.2487031753677424,0.24845710845119892
13746,0.1608846488028881,0,6,0,470811,134799,63390,44566,1.248647597169217,0.24846541967496447
13747,0.1608912771270818,0,1,0,470812,134798,63390,44566,1.2486383341361296,0.24846680493298542
13748,0.1608919318819626,0,1,0,470813,134797,63390,44566,1.2486290711030419,0.24846819020645283
13749,0.1608923667640238,5,4,5,470817,134793,63395,44561,1.2485920189706918,0.24845278053458522
13750,0.1608942693987395,1,6,1,470823,134787,63396,44560,1.2485364407721664,0.2484569019833061
13751,0.1608985933456841,0,1,0,470824,134786,63396,44560,1.248527177739079,0.24845828733286496
13752,0.1609004861159838,1,6,1,470830,134780,63397,44559,1.2484715995405535,0.24846240918037907
13753,0.1609053113359762,3,12,3,470842,134768,63400,44556,1.248360443143503,0.2484664629385916
13754,0.1609059951121027,1,0,1,470842,134768,63401,44555,1.248360443143503,0.24846227198964996
13755,0.1609060038050642,0,2,0,470844,134766,63401,44555,1.2483419170773278,0.24846504313493678
13756,0.1609118251112421,1,18,1,470862,134748,63402,44554,1.2481751824817517,0.2484857949158403
13757,0.1609123404663027,1,22,1,470884,134726,63403,44553,1.2479713957538257,0.24851209567210883
13758,0.1609127553426509,1,6,1,470890,134720,63404,44552,1.2479158175553002,0.2485162211611406
13759,0.1609139016931032,4,8,4,470898,134712,63408,44548,1.2478417132906,0.24851054334486222
13760,0.1609143911970385,0,2,0,470900,134710,63408,44548,1.2478231872244248,0.24851331600263307
13761,0.1609166678830952,1,0,1,470900,134710,63409,44547,1.2478231872244248,0.24850912377201448
13762,0.1609233017808028,6,19,6,470919,134691,63415,44541,1.2476471895957613,0.24851031065881093
13763,0.1609258192768625,2,6,2,470925,134685,63417,44539,1.2475916113972358,0.24851024416372808
13764,0.1609288358443734,2,3,2,470928,134682,63419,44537,1.2475638222979732,0.248506017777133
13765,0.1609320272942367,0,3,0,470931,134679,63419,44537,1.2475360331987106,0.2485101776627087
13766,0.1609321976485965,1,1,1,470932,134678,63420,44536,1.247526770165623,0.2485073710759204
13767,0.1609341802078141,0,1,0,470933,134677,63420,44536,1.2475175071325355,0.24850875773520895
13768,0.1609351179505478,2,23,2,470956,134654,63422,44534,1.2473044573715217,0.24853226778578924
13769,0.1609359596391433,1,2,1,470958,134652,63423,44533,1.2472859313053466,0.24853084800625053
13770,0.160938920431484,0,8,0,470966,134644,63423,44533,1.2472118270406463,0.24854194455761622
13771,0.160941205169197,3,5,3,470971,134639,63426,44530,1.2471655118752085,0.24853629813193132
13772,0.1609413815908336,0,7,0,470978,134632,63426,44530,1.2471006706435956,0.24854600864022505
13773,0.1609430438695333,0,10,0,470988,134622,63426,44530,1.24700804031272,0.2485598821112798
13774,0.1609430776570452,0,5,0,470993,134617,63426,44530,1.2469617251472822,0.2485668194276209
13775,0.1609475316675858,0,1,0,470994,134616,63426,44530,1.2469524621141947,0.24856820693735834
13776,0.1609486697931097,19,80,19,471074,134536,63445,44511,1.2462114194671903,0.24859952973241664
13777,0.1609491459854328,2,20,2,471094,134516,63447,44509,1.2460261588054393,0.2486189079737467
13778,0.1609505233807866,0,1,0,471095,134515,63447,44509,1.2460168957723516,0.24862029671999286
13779,0.1609515439322373,2,12,2,471107,134503,63449,44507,1.245905739375301,0.24862856823641138
13780,0.1609545101227436,0,1,0,471108,134502,63449,44507,1.2458964763422136,0.2486299571529923
13781,0.1609553446258377,3,10,3,471118,134492,63452,44504,1.2458038460113379,0.2486312543297057
13782,0.1609554101343393,3,22,3,471140,134470,63455,44501,1.2456000592834118,0.2486492224997346
13783,0.1609587333657581,1,0,1,471140,134470,63456,44500,1.2456000592834118,0.24864502430574956
13784,0.1609600061070249,0,5,0,471145,134465,63456,44500,1.245553744117974,0.24865197105579304
13785,0.1609600427174889,2,11,2,471156,134454,63458,44498,1.2454518507540109,0.24865885824131612
13786,0.1609613947877971,4,28,4,471184,134426,63462,44494,1.2451924858275594,0.24868097473731277
13787,0.1609615548251596,0,1,0,471185,134425,63462,44494,1.245183222794472,0.2486823646454541
13788,0.1609644677025018,0,6,0,471191,134419,63462,44494,1.2451276445959465,0.2486907044205843
13789,0.1609653679961011,0,12,0,471203,134407,63462,44494,1.2450164881988959,0.24870738564904613
13790,0.1609657624960846,1,2,1,471205,134405,63463,44493,1.2449979621327207,0.24870596652841284
13791,0.1609659274774153,1,4,1,471209,134401,63464,44492,1.2449609100003705,0.2487073278440185
13792,0.1609666310022606,0,1,0,471210,134400,63464,44492,1.244951646967283,0.24870871810925027
13793,0.1609673457656315,3,7,3,471217,134393,63467,44489,1.2448868057356701,0.24870585078431592
13794,0.1609691299813651,5,34,5,471251,134359,63472,44484,1.2445718626106932,0.24873212817946466
13795,0.1609739504287401,0,4,0,471255,134355,63472,44484,1.2445348104783431,0.2487376914431416
13796,0.160974650043946,0,2,0,471257,134353,63472,44484,1.244516284412168,0.2487404731683041
13797,0.1609861758320579,0,2,0,471259,134351,63472,44484,1.2444977583459929,0.24874325495568542
13798,0.1609876596232416,5,17,5,471276,134334,63477,44479,1.2443402867835045,0.24874589655114562
13799,0.1609882286182384,0,4,0,471280,134330,63477,44479,1.2443032346511542,0.24875146105621082
13800,0.1609921830356352,1,4,1,471284,134326,63478,44478,1.244266182518804,0.24875282432160353
13801,0.1609925900770213,1,2,1,471286,134324,63479,44477,1.2442476564526288,0.24875140519348327
13802,0.1609938946988348,0,1,0,471287,134323,63479,44477,1.2442383934195413,0.24875279642058165
13803,0.1609962081738978,0,3,0,471290,134320,63479,44477,1.2442106043202785,0.24875697019524937
13804,0.1609973800120058,11,74,11,471364,134246,63490,44466,1.2435251398717997,0.24881373382873
13805,0.1609997390002989,0,3,0,471367,134243,63490,44466,1.2434973507725369,0.24881791068161088
13806,0.1610002048162767,1,4,1,471371,134239,63491,44465,1.2434602986401868,0.24881927656907513
13807,0.1610013302163065,7,47,7,471418,134192,63498,44458,1.2430249360850716,0.24885530366638678
13808,0.1610019082009553,4,9,4,471427,134183,63502,44454,1.2429415687872838,0.24885102190475658
13809,0.1610022933664631,2,9,2,471436,134174,63504,44452,1.2428582014894958,0.2488551498662009
13810,0.1610052856381208,10,23,10,471459,134151,63514,44442,1.242645151728482,0.24884513950714754
13811,0.1610055882684597,0,4,0,471463,134147,63514,44442,1.2426080995961317,0.24885071308983195
13812,0.1610056243405231,0,5,0,471468,134142,63514,44442,1.242561784430694,0.24885768041929848
13813,0.1610095394213647,0,2,0,471470,134140,63514,44442,1.2425432583645188,0.24886046746032636
13814,0.1610126173987863,2,10,2,471480,134130,63516,44440,1.2424506280336434,0.2488659909279274
13815,0.1610150510914977,0,4,0,471484,134126,63516,44440,1.242413575901293,0.24887156569559715
13816,0.1610153983048774,6,32,6,471516,134094,63522,44434,1.2421171588424913,0.2488909302742427
13817,0.1610160396147824,0,1,0,471517,134093,63522,44434,1.2421078958094038,0.24889232441031328
13818,0.161019092402729,1,4,1,471521,134089,63523,44433,1.2420708436770536,0.24889369377443676
13819,0.1610198920084974,1,0,1,471521,134089,63524,44432,1.2420708436770536,0.24888948639095682
13820,0.161022082086946,4,5,4,471526,134084,63528,44428,1.2420245285116158,0.24887962713991216
13821,0.1610239207503393,0,4,0,471530,134080,63528,44428,1.2419874763792655,0.24888520402446948
13822,0.1610249179324845,27,101,27,471631,133979,63555,44401,1.2410519100374227,0.2489124341293867
13823,0.1610253454106216,1,3,1,471634,133976,63556,44400,1.24102412093816,0.24891240974122078
13824,0.1610256863476739,3,17,3,471651,133959,63559,44397,1.2408666493756715,0.24892350131198276
13825,0.1610269708694826,34,108,34,471759,133851,63593,44363,1.2398662418022157,0.24893106041051768
13826,0.1610293513416061,1,6,1,471765,133845,63594,44362,1.2398106636036903,0.24893522701128462
13827,0.1610308625402709,1,7,1,471772,133838,63595,44361,1.2397458223720774,0.24894079091352925
13828,0.1610319720747603,0,2,0,471774,133836,63595,44361,1.2397272963059025,0.24894358490883686
13829,0.1610341984018008,3,7,3,471781,133829,63598,44358,1.2396624550742896,0.24894071958111422
13830,0.1610356762002996,1,5,1,471786,133824,63599,44357,1.2396161399088517,0.24894349004663796
13831,0.1610432153989446,1,4,1,471790,133820,63600,44356,1.2395790877765016,0.24894486350574713
13832,0.1610449152394037,16,37,16,471827,133783,63616,44340,1.239236355552262,0.24892911078299826
13833,0.1610452999932751,0,5,0,471832,133778,63616,44340,1.2391900403868243,0.24893609854141635
13834,0.1610473049649415,0,5,0,471837,133773,63616,44340,1.2391437252213864,0.2489430866921561
13835,0.1610506590580824,1,9,1,471846,133764,63617,44339,1.2390603579235986,0.24895144944217673
13836,0.1610511044186337,12,59,12,471905,133705,63629,44327,1.2385138389714327,0.24898332883975915
13837,0.1610528877120721,1,14,1,471919,133691,63630,44326,1.238384156508207,0.2489986911362398
13838,0.1610553414478493,0,2,0,471921,133689,63630,44326,1.2383656304420319,0.24900148863859786
13839,0.1610580287564262,0,1,0,471922,133688,63630,44326,1.2383563674089444,0.2490028874133495
13840,0.1610606787922545,0,1,0,471923,133687,63630,44326,1.238347104375857,0.24900428620381657
13841,0.161065867452537,6,55,6,471978,133632,63636,44320,1.2378376375560414,0.24905592519331055
13842,0.1610663880173895,0,1,0,471979,133631,63636,44320,1.2378283745229537,0.24905732476917802
13843,0.1610675365482521,1,0,1,471979,133631,63637,44319,1.2378283745229537,0.24905310480472043
13844,0.1610690010123348,10,25,10,472004,133606,63647,44309,1.237596798695765,0.249045892701571
13845,0.161069905873117,0,1,0,472005,133605,63647,44309,1.2375875356626773,0.2490472925121126
13846,0.1610724110271784,76,275,76,472280,133330,63723,44233,1.2350402015636,0.24911158293112867
13847,0.1610731806330239,1,5,1,472285,133325,63724,44232,1.2349938863981622,0.24911436890688624
13848,0.1610758707436278,0,1,0,472286,133324,63724,44232,1.2349846233650748,0.24911577192547704
13849,0.1610760301426613,5,21,5,472307,133303,63729,44227,1.2347900996702361,0.2491240917028108
13850,0.1610766642141122,3,19,3,472326,133284,63732,44224,1.2346141020415724,0.24913806701669783
13851,0.1610781397424183,0,1,0,472327,133283,63732,44224,1.234604839008485,0.24913947055609076
13852,0.1610809196865834,0,1,0,472328,133282,63732,44224,1.2345955759753975,0.24914087411129765
13853,0.1610811692232286,0,1,0,472329,133281,63732,44224,1.2345863129423098,0.2491422776823188
13854,0.1610856662833273,0,7,0,472336,133274,63732,44224,1.234521471710697,0.2491521031222887
13855,0.1610864527645414,0,1,0,472337,133273,63732,44224,1.2345122086776095,0.2491535068198336
13856,0.1610898653655561,0,6,0,472343,133267,63732,44224,1.234456630479084,0.24916192933726217
13857,0.1610924035309029,3,6,3,472349,133261,63735,44221,1.2344010522805589,0.24915766105858622
13858,0.1610967585028035,3,15,3,472364,133246,63738,44218,1.2342621067842454,0.2491660280394897
13859,0.1610981946475541,1,14,1,472378,133232,63739,44217,1.2341324243210197,0.24918145495325417
13860,0.161099599012493,1,3,1,472381,133229,63740,44216,1.234104635221757,0.24918143650145116
13861,0.1610998794833543,28,151,28,472532,133078,63768,44188,1.2327059172255364,0.249275100696129
13862,0.1611066281428196,2,8,2,472540,133070,63770,44186,1.2326318129608358,0.24927788057950084
13863,0.161107224413279,1,4,1,472544,133066,63771,44185,1.2325947608284857,0.24927927063881164
13864,0.1611084019288162,6,10,6,472554,133056,63777,44179,1.23250213049761,0.24926792112167462
13865,0.1611090755261242,1,4,1,472558,133052,63778,44178,1.23246507836526,0.24926931106471817
13866,0.1611098265890985,0,4,0,472562,133048,63778,44178,1.2324280262329097,0.2492749370859806
13867,0.1611107552396802,6,23,6,472585,133025,63784,44172,1.232214976471896,0.2492818727179354
13868,0.161111740692532,0,1,0,472586,133024,63784,44172,1.2322057134388085,0.24928327953226936
13869,0.1611129244403366,45,214,45,472800,132810,63829,44127,1.2302234243580719,0.24939385204903441
13870,0.161112931702488,0,5,0,472805,132805,63829,44127,1.2301771091926341,0.2494008997807067
13871,0.1611133243524284,2,7,2,472812,132798,63831,44125,1.2301122679610212,0.24940228234881842
13872,0.161116475974547,76,279,76,473091,132519,63907,44049,1.2275278817295936,0.24947329074350957
13873,0.1611198899688731,4,14,4,473105,132505,63911,44045,1.2273981992663678,0.24947606910223732
13874,0.1611199494079664,1,1,1,473106,132504,63912,44044,1.2273889362332802,0.249473231075968
13875,0.161121488977126,0,1,0,473107,132503,63912,44044,1.2273796732001927,0.24947464414575155
13876,0.1611234802343676,1,6,1,473113,132497,63913,44043,1.2273240950016673,0.2494788716438201
13877,0.1611237323938475,2,14,2,473127,132483,63915,44041,1.2271944125384415,0.24949015431329452
13878,0.1611238363687542,1,2,1,473129,132481,63916,44040,1.2271758864722664,0.2494887293863053
13879,0.1611240498103699,1,0,1,473129,132481,63917,44039,1.2271758864722664,0.24948447767958304
13880,0.161124644200824,1,1,1,473130,132480,63918,44038,1.227166623439179,0.24948163926625047
13881,0.1611256494350239,5,46,5,473176,132434,63923,44033,1.2267405239171514,0.24952540701660933
13882,0.1611368163873009,0,1,0,473177,132433,63923,44033,1.226731260884064,0.24952682103068013
13883,0.1611392519070348,1,4,1,473181,132429,63924,44032,1.2266942087517136,0.24952822436685726
13884,0.1611409000424603,0,1,0,473182,132428,63924,44032,1.2266849457186262,0.24952963844497336
13885,0.1611415852671079,1,6,1,473188,132422,63925,44031,1.2266293675201008,0.24953387020906417
13886,0.1611441410793625,0,1,0,473189,132421,63925,44031,1.2266201044870133,0.24953528438328837
13887,0.1611461659595497,0,1,0,473190,132420,63925,44031,1.2266108414539256,0.24953669857354166
13888,0.1611481889356967,1,1,1,473191,132419,63926,44030,1.2266015784208382,0.2495338596421629
13889,0.1611497004775616,2,10,2,473201,132409,63928,44028,1.2265089480899625,0.24953949568401185
13890,0.1611498655084165,1,1,1,473202,132408,63929,44027,1.226499685056875,0.24953665655907276
13891,0.161150734687413,0,1,0,473203,132407,63929,44027,1.2264904220237876,0.24953807089336522
13892,0.1611524804217267,0,21,0,473224,132386,63929,44027,1.226295898328949,0.24956777561744317
13893,0.1611572403339895,1,2,1,473226,132384,63930,44026,1.2262773722627738,0.24956635111388242
13894,0.1611609053279217,0,1,0,473227,132383,63930,44026,1.226268109229686,0.24956776581693677
13895,0.1611617373636302,0,1,0,473228,132382,63930,44026,1.2262588461965986,0.2495691805360301
13896,0.1611617670020178,3,4,3,473232,132378,63933,44023,1.2262217940642484,0.2495620773124869
13897,0.1611634972831159,1,1,1,473233,132377,63934,44022,1.226212531031161,0.24955923786416023
13898,0.1611640392483869,0,1,0,473234,132376,63934,44022,1.2262032679980732,0.249560652615109
13899,0.1611651009210754,0,1,0,473235,132375,63934,44022,1.2261940049649858,0.24956206738209832
13900,0.1611656504017055,4,7,4,473242,132368,63938,44018,1.2261291637333729,0.2495549533409681
13901,0.1611660526245867,6,11,6,473253,132357,63944,44012,1.2260272703694097,0.24954498806479597
13902,0.1611690449958075,3,11,3,473264,132346,63947,44009,1.2259253770054466,0.24954778713390605
13903,0.1611791572562892,0,1,0,473265,132345,63947,44009,1.2259161139723591,0.24954920217290222
13904,0.1611793205660003,0,1,0,473266,132344,63947,44009,1.2259068509392717,0.24955061722794622
13905,0.161183379040407,0,1,0,473267,132343,63947,44009,1.225897587906184,0.24955203229903827
13906,0.1611844924376313,53,167,53,473434,132176,64000,43956,1.2243506613805624,0.24956282787909068
13907,0.1611851073122457,0,3,0,473437,132173,64000,43956,1.2243228722812998,0.24956707867528913
13908,0.1611858517283151,0,1,0,473438,132172,64000,43956,1.2243136092482123,0.24956849563953487
13909,0.161186892285931,1,0,1,473438,132172,64001,43955,1.2243136092482123,0.24956423489868107
13910,0.161187462554245,4,7,4,473445,132165,64005,43951,1.2242487680165994,0.24955711008653386
13911,0.1611935142716191,4,11,4,473456,132154,64009,43947,1.2241468746526363,0.2495556527220175
13912,0.1611944637003891,2,1,2,473457,132153,64011,43945,1.2241376116195488,0.24954854683187772
13913,0.1611944916845715,6,5,6,473462,132148,64017,43939,1.2240912964541109,0.24953006184442916
13914,0.1611949174823121,1,4,1,473466,132144,64018,43938,1.2240542443217608,0.2495314682931816
13915,0.1611956938408677,0,1,0,473467,132143,64018,43938,1.2240449812886731,0.24953288543340849
13916,0.1611972309802208,0,2,0,473469,132141,64018,43938,1.224026455222498,0.24953571976215222
13917,0.161200229131176,0,12,0,473481,132129,64018,43938,1.2239152988254474,0.24955272708684761
13918,0.1612012501059422,0,1,0,473482,132128,64018,43938,1.22390603579236,0.24955414446855156
13919,0.1612028773149342,2,6,2,473488,132122,64020,43936,1.2238504575938345,0.24955412420906747
13920,0.1612029136050951,2,8,2,473496,132114,64022,43934,1.2237763533291341,0.24955693901663184
13921,0.1612038608795741,1,7,1,473503,132107,64023,43933,1.2237115120975213,0.24956259940922518
13922,0.1612095787034247,0,4,0,473507,132103,64023,43933,1.223674459965171,0.24956827012656502
13923,0.1612107257833915,9,34,9,473541,132069,64032,43924,1.223359516840194,0.2495781082202133
13924,0.1612136487916946,1,4,1,473545,132065,64033,43923,1.223322464707844,0.24957951678523535
13925,0.1612149982100165,0,7,0,473552,132058,64033,43923,1.2232576234762311,0.2495894443150113
13926,0.1612160151243761,1,8,1,473560,132050,64034,43922,1.2231835192115306,0.24959652672016003
13927,0.1612197310185918,1,3,1,473563,132047,64035,43921,1.223155730112268,0.2495965175486452
13928,0.1612237330855118,8,20,8,473583,132027,64043,43913,1.2229704694505168,0.24959076958053883
13929,0.1612253812209372,0,1,0,473584,132026,64043,43913,1.2229612064174293,0.2495921882015926
13930,0.1612309656473477,4,9,4,473593,132017,64047,43909,1.2228778391196413,0.24958789491036004
13931,0.1612309803939318,3,6,3,473599,132011,64050,43906,1.222822260921116,0.24958361045265665
13932,0.1612344964737488,21,66,21,473665,131945,64071,43885,1.2222109007373374,0.24958766990843428
13933,0.1612348959210969,0,1,0,473666,131944,64071,43885,1.22220163770425,0.24958908939935961
13934,0.1612355999835301,0,2,0,473668,131942,64071,43885,1.2221831116380748,0.2495919284296496
13935,0.161236581663423,1,11,1,473679,131931,64072,43884,1.2220812182741116,0.24960327617097516
13936,0.1612366656744052,97,412,97,474091,131519,64169,43787,1.2182648486420393,0.24977467970291947
13937,0.1612373614335907,1,0,1,474091,131519,64170,43786,1.2182648486420393,0.24977040015972163
13938,0.161237602118193,0,1,0,474092,131518,64170,43786,1.2182555856089519,0.2497718249440971
13939,0.1612417215124664,7,35,7,474127,131483,64177,43779,1.2179313794508875,0.24979174036585228
13940,0.1612425700001642,2,16,2,474143,131467,64179,43777,1.2177831709214866,0.24980598479833832
13941,0.1612453865063986,1,4,1,474147,131463,64180,43776,1.2177461187891363,0.24980740588567613
13942,0.1612469491571434,0,2,0,474149,131461,64180,43776,1.2177275927229612,0.24981025696627995
13943,0.1612472522655487,1,2,1,474151,131459,64181,43775,1.217709066656786,0.2498088270541105
13944,0.1612477517298977,3,0,3,474151,131459,64184,43772,1.217709066656786,0.24979598358737895
13945,0.1612485200561208,7,10,7,474161,131449,64191,43765,1.2176164363259105,0.24978026869998973
13946,0.161248564289382,4,7,4,474168,131442,64195,43761,1.2175515950942977,0.24977312032328214
13947,0.1612491028441254,0,2,0,474170,131440,64195,43761,1.2175330690281225,0.24977597159833562
13948,0.1612525751155434,0,1,0,474171,131439,64195,43761,1.217523805995035,0.24977739726027398
13949,0.1612560327188736,9,35,9,474206,131404,64204,43752,1.2171995998369707,0.24978875973417983
13950,0.1612601986805808,0,1,0,474207,131403,64204,43752,1.217190336803883,0.24979018583540294
13951,0.1612626043550517,0,1,0,474208,131402,64204,43752,1.2171810737707955,0.24979161195291
13952,0.1612638017444772,0,4,0,474212,131398,64204,43752,1.2171440216384453,0.2497973165857836
13953,0.161269318479025,0,3,0,474215,131395,64204,43752,1.2171162325391827,0.24980159523143416
13954,0.1612698227941603,1,0,1,474215,131395,64205,43751,1.2171162325391827,0.24979731195688168
13955,0.161271373464408,1,4,1,474219,131391,64206,43750,1.2170791804068324,0.24979873359179175
13956,0.1612735387127546,1,1,1,474220,131390,64207,43749,1.217069917373745,0.24979587641815929
13957,0.1612745135224972,5,32,5,474252,131358,64212,43744,1.2167735003149431,0.2498201048531713
13958,0.1612762364846172,1,1,1,474253,131357,64213,43743,1.2167642372818557,0.24981724728726443
13959,0.1612847296651396,0,2,0,474255,131355,64213,43743,1.2167457112156805,0.2498201007435836
13960,0.1612856182326565,2,5,2,474260,131350,64215,43741,1.2166993960502428,0.24981866572239578
13961,0.1612857312844191,3,10,3,474270,131340,64218,43738,1.216606765719367,0.24982008019282834
13962,0.1612901239616658,0,1,0,474271,131339,64218,43738,1.2165975026862796,0.24982150710830092
13963,0.1612933303709637,0,1,0,474272,131338,64218,43738,1.216588239653192,0.24982293404007402
13964,0.161295032306091,1,4,1,474276,131334,64219,43737,1.216551187520842,0.24982435697517008
13965,0.1612964185058435,2,14,2,474290,131320,64221,43735,1.2164215050576161,0.24983576590214504
13966,0.1612972043880211,0,1,0,474291,131319,64221,43735,1.2164122420245285,0.2498371930947022
13967,0.1612973630762589,1,1,1,474292,131318,64222,43734,1.216402978991441,0.24983433494047483
13968,0.1613004963028531,19,70,19,474362,131248,64241,43715,1.2157545666753122,0.2498528260260741
13969,0.1613064566562402,1,3,1,474365,131245,64242,43714,1.2157267775760494,0.24985282266130923
13970,0.1613088847629001,3,15,3,474380,131230,64245,43711,1.2155878320797362,0.24986138183730514
13971,0.1613121094551125,1,1,1,474381,131229,64246,43710,1.2155785690466487,0.24985852211342238
13972,0.1613148771189553,6,14,6,474395,131215,64252,43704,1.215448886583423,0.2498527890051967
13973,0.1613175737095056,0,2,0,474397,131213,64252,43704,1.2154303605172478,0.2498556458205892
13974,0.1613176417879203,2,5,2,474402,131208,64254,43702,1.21538404535181,0.24985421073695044
13975,0.1613206854328607,4,20,4,474422,131188,64258,43698,1.215198784690059,0.24986562675114074
13976,0.1613210008179822,1,5,1,474427,131183,64259,43697,1.2151524695246212,0.2498684812442818
13977,0.1613235335990801,1,1,1,474428,131182,64260,43696,1.2151432064915335,0.24986562060407827
13978,0.1613238906959061,4,23,4,474451,131159,64264,43692,1.2149301567305197,0.24988132753029724
13979,0.1613239892660428,0,5,0,474456,131154,64264,43692,1.214883841565082,0.24988847328506228
13980,0.1613241358506866,2,9,2,474465,131145,64266,43690,1.214800474267294,0.24989275602711128
13981,0.1613253666172134,0,2,0,474467,131143,64266,43690,1.214781948201119,0.24989561467228727
13982,0.1613260170989267,6,10,6,474477,131133,64272,43684,1.2146893178702434,0.24988416458353593
13983,0.1613285593647555,0,1,0,474478,131132,64272,43684,1.214680054837156,0.2498855939959729
13984,0.1613332355380353,2,9,2,474487,131123,64274,43682,1.214596687539368,0.24988987729183948
13985,0.1613353666711755,0,2,0,474489,131121,64274,43682,1.2145781614731928,0.2498927363946843
13986,0.1613368585959066,0,3,0,474492,131118,64274,43682,1.2145503723739302,0.2498970251716247
13987,0.161341996633313,17,36,17,474528,131082,64291,43665,1.214216903182778,0.24987553434393722
13988,0.1613420711272029,0,2,0,474530,131080,64291,43665,1.2141983771166032,0.2498783942315946
13989,0.1613438719075747,0,1,0,474531,131079,64291,43665,1.2141891140835155,0.24987982419997254
13990,0.1613467646263654,12,36,12,474567,131043,64303,43653,1.2138556448923636,0.24987979118010717
13991,0.1613487969886044,0,2,0,474569,131041,64303,43653,1.2138371188261885,0.24988265195141218
13992,0.1613490757713298,1,4,1,474573,131037,64304,43652,1.2138000666938382,0.24988407970736567
13993,0.1613510040703686,0,2,0,474575,131035,64304,43652,1.213781540627663,0.24988694064240613
13994,0.1613511522306036,3,12,3,474587,131023,64307,43649,1.2136703842306125,0.24989122469542915
13995,0.1613541877144187,6,13,6,474600,131010,64313,43643,1.2135499648004742,0.2498840558135274
13996,0.1613552870718273,1,4,1,474604,131006,64314,43642,1.213512912668124,0.24988548394484908
13997,0.1613553644291782,1,5,1,474609,131001,64315,43641,1.2134665975026864,0.24988834301027243
13998,0.1613562904002828,1,16,1,474625,130985,64316,43640,1.2133183889732855,0.24990694345025052
13999,0.1613581813609301,1,6,1,474631,130979,64317,43639,1.21326281077476,0.24991123480969887
14000,0.1613592510118477,0,6,0,474637,130973,64317,43639,1.2132072325762349,0.2499198222344398
14001,0.1613593686526043,1,6,1,474643,130967,64318,43638,1.2131516543777094,0.24992411442971277
14002,0.1613607176630942,3,11,3,474654,130956,64321,43635,1.2130497610137463,0.2499269721806966
14003,0.1613615650082505,0,1,0,474655,130955,64321,43635,1.2130404979806588,0.24992840368864197
14004,0.1613639188075346,2,12,2,474667,130943,64323,43633,1.2129293415836082,0.24993699019338284
14005,0.1613659463261445,1,1,1,474668,130942,64324,43632,1.2129200785505205,0.2499341253565823
14006,0.1613665090114028,0,1,0,474669,130941,64324,43632,1.212910815517433,0.24993555704490386
14007,0.1613680014028259,3,14,3,474683,130927,64327,43629,1.2127811330542073,0.24994271179449576
14008,0.16136811093558,0,2,0,474685,130925,64327,43629,1.2127626069880322,0.2499455755811955
14009,0.1613681155268009,1,5,1,474690,130920,64328,43628,1.2127162918225944,0.24994843825194216
14010,0.1613728133602471,0,1,0,474691,130919,64328,43628,1.2127070287895068,0.24994987023552395
14011,0.1613732683797833,1,4,1,474695,130915,64329,43627,1.2126699766571567,0.2499513011195013
14012,0.1613777725284227,2,2,2,474697,130913,64331,43625,1.2126514505909816,0.24994557059207737
14013,0.1613795047310211,6,13,6,474710,130900,64337,43619,1.2125310311608433,0.249938402122405
14014,0.1613798130786498,1,7,1,474717,130893,64338,43618,1.2124661899292304,0.24994412959641513
14015,0.161381685566498,2,12,2,474729,130881,64340,43616,1.2123550335321798,0.24995272125022205
14016,0.1613817502307619,1,5,1,474734,130876,64341,43615,1.212308718366742,0.2499555851018104
14017,0.1613845549521359,9,23,9,474757,130853,64350,43606,1.2120956686057283,0.24994984494924308
14018,0.1613887793610884,0,1,0,474758,130852,64350,43606,1.2120864055726408,0.24995127767141662
14019,0.1613912228031893,7,30,7,474788,130822,64357,43599,1.2118085145800142,0.249964167158771
14020,0.161393311073184,0,1,0,474789,130821,64357,43599,1.2117992515469265,0.2499656002751978
14021,0.1613935093956183,1,5,1,474794,130816,64358,43598,1.2117529363814887,0.24996846583416468
14022,0.1613951746875751,0,1,0,474795,130815,64358,43598,1.2117436733484013,0.2499698990327556
14023,0.1614002713397817,2,10,2,474805,130805,64360,43596,1.2116510430175256,0.2499756308736762
14024,0.1614021229663972,6,36,6,474841,130769,64366,43590,1.2113175738263737,0.2500014338233186
14025,0.1614047872284629,5,14,5,474855,130755,64371,43585,1.211187891363148,0.25
14026,0.1614060485454723,2,18,2,474873,130737,64373,43583,1.211021156767572,0.2500172097292336
14027,0.1614076730940065,0,4,0,474877,130733,64373,43583,1.2109841046352217,0.25002294683218984
14028,0.1614084704445197,2,6,2,474883,130727,64375,43581,1.2109285264366965,0.25002294788535234
14029,0.1614122097324794,3,10,3,474893,130717,64378,43578,1.210835896105821,0.2500243839467569
14030,0.1614122831424464,3,19,3,474912,130698,64381,43575,1.2106598984771573,0.25003873233375223
14031,0.1614124489075277,5,14,5,474926,130684,64386,43570,1.2105302160139315,0.2500373018696845
14032,0.1614136318623461,3,27,3,474953,130657,64389,43567,1.2102801141205677,0.2500631371108458
14033,0.1614140504650048,0,1,0,474954,130656,64389,43567,1.21027085108748,0.2500645724158119
14034,0.16141537167907,0,2,0,474956,130654,64389,43567,1.210252325021305,0.25006744307517464
14035,0.161418031945248,0,1,0,474957,130653,64389,43567,1.2102430619882174,0.2500688784295718
14036,0.1614250881562514,1,0,1,474957,130653,64390,43566,1.2102430619882174,0.2500645738983693
14037,0.1614254575860413,0,1,0,474958,130652,64390,43566,1.21023379895513,0.2500660092527753
14038,0.1614263909317854,0,3,0,474961,130649,64390,43566,1.2102060098558671,0.25007031541486097
14039,0.1614275921585471,0,2,0,474963,130647,64390,43566,1.210187483789692,0.2500731862719774
14040,0.1614279299850493,0,3,0,474966,130644,64390,43566,1.2101596946904294,0.2500774926812468
14041,0.1614286051334635,0,1,0,474967,130643,64390,43566,1.210150431657342,0.25007892818396293
14042,0.1614289170625744,2,1,2,474968,130642,64392,43564,1.2101411686242542,0.25007175413016774
14043,0.1614312458048423,112,313,112,475281,130329,64504,43452,1.20724183926785,0.2500388419907815
14044,0.1614356342637901,0,1,0,475282,130328,64504,43452,1.2072325762347622,0.2500402808148233
14045,0.1614370748847854,0,8,0,475290,130320,64504,43452,1.2071584719700619,0.2500517920033147
14046,0.1614395438978814,0,5,0,475295,130315,64504,43452,1.2071121568046241,0.2500589870343621
14047,0.1614397682503042,13,58,13,475353,130257,64517,43439,1.206574900885546,0.25008635777450255
14048,0.1614414858438181,0,1,0,475354,130256,64517,43439,1.2065656378524585,0.2500877975762112
14049,0.1614430986936634,0,1,0,475355,130255,64517,43439,1.2065563748193708,0.2500892373944984
14050,0.16144850975905,1,1,1,475356,130254,64518,43438,1.2065471117862834,0.2500863597632591
14051,0.1614509901898797,0,1,0,475357,130253,64518,43438,1.2065378487531957,0.25008779959813693
14052,0.1614517503199715,1,14,1,475371,130239,64519,43437,1.20640816628997,0.2501036412630415
14053,0.1614518143876686,0,4,0,475375,130235,64519,43437,1.2063711141576197,0.2501094016306601
14054,0.1614542565771629,7,29,7,475404,130206,64526,43430,1.2061024861980807,0.25012094266166
14055,0.1614558950863958,0,1,0,475405,130205,64526,43430,1.2060932231649932,0.2501223831600772
14056,0.1614569221394933,6,31,6,475436,130174,64532,43424,1.205806069139279,0.2501411306581873
14057,0.1614570823280226,1,0,1,475436,130174,64533,43423,1.205806069139279,0.25013681112000785
14058,0.1614579853955646,0,1,0,475437,130173,64533,43423,1.2057968061061914,0.25013825203345696
14059,0.1614590068536855,2,7,2,475444,130166,64535,43421,1.2057319648745786,0.25013969940145286
14060,0.1614591650382646,0,4,0,475448,130162,64535,43421,1.2056949127422283,0.25014546355345857
14061,0.1614603812190514,0,1,0,475449,130161,64535,43421,1.2056856497091408,0.25014690463296885
14062,0.1614605751721758,0,1,0,475450,130160,64535,43421,1.2056763866760531,0.25014834572908323
14063,0.1614623798935671,2,5,2,475455,130155,64537,43419,1.2056300715106154,0.25014691140378165
14064,0.1614635045148808,1,1,1,475456,130154,64538,43418,1.205620808477528,0.2501440324476298
14065,0.1614642942571267,12,35,12,475491,130119,64550,43406,1.2052966023194636,0.25014263074484944
14066,0.1614648718083273,0,1,0,475492,130118,64550,43406,1.2052873392863759,0.2501440722897121
14067,0.161466014560083,6,14,6,475506,130104,64556,43400,1.2051576568231501,0.2501383253412025
14068,0.1614667354227184,0,3,0,475509,130101,64556,43400,1.2051298677238875,0.250142650474637
14069,0.1614672251327295,1,7,1,475516,130094,64557,43399,1.2050650264922746,0.2501484209737569
14070,0.1614769625655258,1,2,1,475518,130092,64558,43398,1.2050465004260995,0.25014698253501644
14071,0.1614774456080945,0,3,0,475521,130089,64558,43398,1.205018711326837,0.25015130816718256
14072,0.16147777512501,4,17,4,475538,130072,64562,43394,1.2048612397643483,0.25015853250781134
14073,0.1614791317661822,5,36,5,475574,130036,64567,43389,1.2045277705731965,0.2501888424390947
14074,0.1614806326884074,0,2,0,475576,130034,64567,43389,1.2045092445070213,0.25019172774084175
14075,0.1614829192151942,0,1,0,475577,130033,64567,43389,1.204499981473934,0.2501931704166715
14076,0.1614829922459164,1,13,1,475590,130020,64568,43388,1.2043795620437956,0.2502076028787599
14077,0.1614840744652519,2,2,2,475592,130018,64570,43386,1.2043610359776205,0.25020184078798646
14078,0.1614869704202665,0,1,0,475593,130017,64570,43386,1.204351772944533,0.25020328368021316
14079,0.1614897067752853,1,8,1,475601,130009,64571,43385,1.2042776686798324,0.2502105032469405
14080,0.1614920178773385,7,21,7,475622,129988,64578,43378,1.2040831449849938,0.25021053724490383
14081,0.1614922716494097,1,1,1,475623,129987,64579,43377,1.2040738819519063,0.25020765556863017
14082,0.1614959417607303,4,8,4,475631,129979,64583,43373,1.203999777687206,0.2502019013337025
14083,0.1614990470076651,3,30,3,475661,129949,64586,43370,1.2037218866945794,0.2502322307421575
14084,0.1614990563475341,1,5,1,475666,129944,64587,43369,1.2036755715291414,0.250235123735669
14085,0.1615022109936393,4,13,4,475679,129931,64591,43365,1.2035551520990033,0.2502365894192595
14086,0.1615040862679009,1,0,1,475679,129931,64592,43364,1.2035551520990033,0.2502322629042961
14087,0.1615080263656517,3,12,3,475691,129919,64595,43361,1.2034439957019527,0.2502366112650046
14088,0.1615115257532031,0,2,0,475693,129917,64595,43361,1.2034254696357776,0.2502394995325431
14089,0.1615130465789614,0,1,0,475694,129916,64595,43361,1.2034162066026899,0.25024094369131505
14090,0.1615133982410513,2,5,2,475699,129911,64597,43359,1.2033698914372521,0.25023951059040805
14091,0.1615182586074191,0,6,0,475705,129905,64597,43359,1.203314313238727,0.25024817619355433
14092,0.1615185962149552,0,1,0,475706,129904,64597,43359,1.2033050502056393,0.2502496205190953
14093,0.1615193587800961,0,1,0,475707,129903,64597,43359,1.2032957871725518,0.2502510648613083
14094,0.1615224195975605,2,30,2,475737,129873,64599,43357,1.2030178961799252,0.2502857472724124
14095,0.1615231343027673,1,0,1,475737,129873,64600,43356,1.2030178961799252,0.25028141939282683
14096,0.161523807401563,0,1,0,475738,129872,64600,43356,1.2030086331468377,0.25028286420209206
14097,0.1615240250763584,3,2,3,475740,129870,64603,43353,1.2029901070806626,0.25027276978230373
14098,0.1615242431417191,0,3,0,475743,129867,64603,43353,1.2029623179813997,0.250277104260478
14099,0.161525001438204,1,1,1,475744,129866,64604,43352,1.2029530549483123,0.25027422092392243
14100,0.1615258394741454,18,29,18,475773,129837,64622,43334,1.2026844269887733,0.2502382038563039
14101,0.1615258846226938,2,4,2,475777,129833,64624,43332,1.202647374856423,0.2502353246903243
14102,0.1615260788033245,1,7,1,475784,129826,64625,43331,1.2025825336248102,0.250241110668353
14103,0.1615307257734078,0,6,0,475790,129820,64625,43331,1.2025269554262847,0.2502497819822005
14104,0.1615330277205733,0,1,0,475791,129819,64625,43331,1.2025176923931973,0.2502512272596015
14105,0.1615375752952262,48,201,48,475992,129618,64673,43283,1.2006558227425987,0.2503340061653779
14106,0.1615380171899644,0,6,0,475998,129612,64673,43283,1.2006002445440735,0.25034269354232336
14107,0.1615383996704877,1,6,1,476004,129606,64674,43282,1.2005446663455481,0.25034704548609504
14108,0.1615389775972559,0,7,0,476011,129599,64674,43282,1.2004798251139353,0.25035718210792396
14109,0.1615445855280322,0,1,0,476012,129598,64674,43282,1.2004705620808478,0.25035863026376676
14110,0.1615463617400944,2,2,2,476014,129596,64676,43280,1.2004520360146727,0.2503528540688123
14111,0.1615484603234942,0,3,0,476017,129593,64676,43280,1.20042424691541,0.25035719863714984
14112,0.1615490608745088,27,85,27,476102,129508,64703,43253,1.1996368891029678,0.25036321855048305
14113,0.1615508761240022,0,1,0,476103,129507,64703,43253,1.1996276260698804,0.2503646677471637
14114,0.1615516087244856,0,1,0,476104,129506,64703,43253,1.1996183630367927,0.25036611696062144
14115,0.1615524155566716,3,14,3,476118,129492,64706,43250,1.199488680573567,0.2503733892162879
14116,0.1615536163386254,0,1,0,476119,129491,64706,43250,1.1994794175404795,0.2503748386312456
14117,0.1615571990719769,0,11,0,476130,129480,64706,43250,1.1993775241765163,0.2503907833034215
14118,0.1615609213771053,0,1,0,476131,129479,64706,43250,1.1993682611434289,0.2503922329197761
14119,0.1615626628836415,0,2,0,476133,129477,64706,43250,1.1993497350772537,0.2503951322028403
14120,0.1615651138668843,5,8,5,476141,129469,64711,43245,1.1992756308125532,0.250385029586484
14121,0.161565511165326,3,2,3,476143,129467,64714,43242,1.1992571047463783,0.25037490808238133
14122,0.1615658195259261,0,3,0,476146,129464,64714,43242,1.1992293156471154,0.2503792572348384
14123,0.1615680985674039,2,4,2,476150,129460,64716,43240,1.1991922635147654,0.25037637521713957
14124,0.1615681339920428,0,3,0,476153,129457,64716,43240,1.1991644744155026,0.25038072462173633
14125,0.1615685556437289,8,16,8,476169,129441,64724,43232,1.1990162658861017,0.2503691949523087
14126,0.1615701212137658,12,32,12,476201,129409,64736,43220,1.1987198488273,0.2503634962839384
14127,0.1615715914115571,0,1,0,476202,129408,64736,43220,1.1987105857942124,0.25036494659035613
14128,0.1615718885363243,0,3,0,476205,129405,64736,43220,1.1986827966949498,0.2503692976104272
14129,0.1615725441884593,1,1,1,476206,129404,64737,43219,1.1986735336618621,0.25036640540368316
14130,0.1615734219517224,1,8,1,476214,129396,64738,43218,1.1985994293971618,0.2503736660989259
14131,0.1615737293499802,0,1,0,476215,129395,64738,43218,1.1985901663640743,0.2503751165902916
14132,0.1615741676784988,0,3,0,476218,129392,64738,43218,1.1985623772648115,0.250379468165228
14133,0.1615767528278866,3,51,3,476269,129341,64741,43215,1.1980899625773462,0.25044043672778693
14134,0.1615793578930214,2,18,2,476287,129323,64743,43213,1.1979232279817704,0.25045787545787546
14135,0.1615796763512532,0,1,0,476288,129322,64743,43213,1.1979139649486827,0.2504593270930536
14136,0.1615813877994245,0,1,0,476289,129321,64743,43213,1.1979047019155953,0.25046077874505895
14137,0.1615827715239711,0,6,0,476295,129315,64743,43213,1.1978491237170699,0.25046948901047944
14138,0.161583404209368,0,2,0,476297,129313,64743,43213,1.1978305976508947,0.25047239256691745
14139,0.1615847948214362,2,8,2,476305,129305,64745,43211,1.1977564933861944,0.25047531823135244
14140,0.1615884618474758,3,8,3,476313,129297,64748,43208,1.197682389121494,0.25047389930726643
14141,0.1615887348975539,0,2,0,476315,129295,64748,43208,1.197663863055319,0.2504768033019716
14142,0.161588798965251,1,2,1,476317,129293,64749,43207,1.1976453369891438,0.2504753623188406
14143,0.1615896031129917,0,2,0,476319,129291,64749,43207,1.1976268109229686,0.25047826641468307
14144,0.1615958482434422,0,3,0,476322,129288,64749,43207,1.197599021823706,0.2504826226847155
14145,0.16159600693168,7,22,7,476344,129266,64756,43200,1.1973952350957797,0.250484153398351
14146,0.1615965919817001,0,3,0,476347,129263,64756,43200,1.1973674459965171,0.2504885105790807
14147,0.1615979866596477,9,23,9,476370,129240,64765,43191,1.1971543962355033,0.2504828018163787
14148,0.1615994025790806,13,49,13,476419,129191,64778,43178,1.1967005076142132,0.2504974792451079
14149,0.1616008349361929,0,2,0,476421,129189,64778,43178,1.196681981548038,0.2505003858047074
14150,0.1616011868421631,0,5,0,476426,129184,64778,43178,1.1966356663826003,0.25050765249881063
14151,0.1616018124143627,13,50,13,476476,129134,64791,43165,1.1961725147282225,0.2505237987452046
14152,0.161602739785896,5,19,5,476495,129115,64796,43160,1.195996517099559,0.2505296763894935
14153,0.1616081770119057,5,34,5,476529,129081,64801,43155,1.1956815739745823,0.2505573747648575
14154,0.1616087155666491,7,25,7,476554,129056,64808,43148,1.1954499981473934,0.2505632854056816
14155,0.1616097744839695,1,11,1,476565,129045,64809,43147,1.1953481047834302,0.2505749396023044
14156,0.1616132272330205,36,135,36,476700,128910,64845,43111,1.1940975953166104,0.25061475052464527
14157,0.1616132424732533,3,8,3,476708,128902,64848,43108,1.19402349105191,0.25061333643392825
14158,0.1616137331577152,2,5,2,476713,128897,64850,43106,1.1939771758864723,0.2506119079318384
14159,0.1616151025072822,0,4,0,476717,128893,64850,43106,1.193940123754122,0.2506177361496288
14160,0.1616186886578928,1,5,1,476722,128888,64851,43105,1.1938938085886843,0.25062066479449746
14161,0.1616192227893737,0,2,0,476724,128886,64851,43105,1.1938752825225092,0.250623579140769
14162,0.1616206118158519,8,55,8,476779,128831,64859,43097,1.1933658157026936,0.25066888464938814
14163,0.1616213425862003,1,5,1,476784,128826,64860,43096,1.1933195005372559,0.2506718162887821
14164,0.1616217128766672,6,14,6,476798,128812,64866,43090,1.1931898180740301,0.2506660771835115
14165,0.161622592045502,0,10,0,476808,128802,64866,43090,1.1930971877431547,0.25068065994927047
14166,0.1616226965300441,0,4,0,476812,128798,64866,43090,1.1930601356108044,0.25068649353067113
14167,0.161623998453654,8,23,8,476835,128775,64874,43082,1.1928470858497906,0.2506851626643081
14168,0.1616260756275166,1,22,1,476857,128753,64875,43081,1.1926432991218645,0.25071289733114516
14169,0.161632280964749,2,1,2,476858,128752,64877,43079,1.1926340360887768,0.2507056351880627
14170,0.1616341505421486,4,15,4,476873,128737,64881,43075,1.1924950905924636,0.25071007845784926
14171,0.1616352593811004,11,55,11,476928,128682,64892,43064,1.191985623772648,0.2507423753682764
14172,0.1616376190861304,1,11,1,476939,128671,64893,43063,1.1918837304086851,0.25075407315965387
14173,0.1616377592603407,0,1,0,476940,128670,64893,43063,1.1918744673755974,0.2507555332987836
14174,0.1616398699366501,6,20,6,476960,128650,64899,43057,1.1916892067138465,0.2507585596393857
14175,0.1616440439599546,0,2,0,476962,128648,64899,43057,1.1916706806476713,0.25076148044611396
14176,0.1616451467478469,0,1,0,476963,128647,64899,43057,1.1916614176145837,0.2507629408749942
14177,0.1616466088915528,0,1,0,476964,128646,64899,43057,1.1916521545814962,0.25076440132088545
14178,0.1616474945066238,3,12,3,476976,128634,64902,43054,1.1915409981844456,0.2507688364941056
14179,0.1616482075653112,14,43,14,477019,128591,64916,43040,1.1911426877616806,0.25077054844404567
14180,0.1616490081094083,4,5,4,477024,128586,64920,43036,1.191096372596243,0.25076039202433253
14181,0.1616519842339528,0,3,0,477027,128583,64920,43036,1.1910685834969803,0.2507647754619244
14182,0.1616556017674135,1,2,1,477029,128581,64921,43035,1.1910500574308052,0.250763332090248
14183,0.1616620234798659,2,1,2,477030,128580,64923,43033,1.1910407943977175,0.25075606160372466
14184,0.161664040392154,0,1,0,477031,128579,64923,43033,1.19103153136463,0.2507575227839545
14185,0.161666913425657,1,8,1,477039,128571,64924,43032,1.1909574270999297,0.25076484676841315
14186,0.1616682801932744,1,11,1,477050,128560,64925,43031,1.1908555337359665,0.2507765558799704
14187,0.1616691503070279,1,0,1,477050,128560,64926,43030,1.1908555337359665,0.2507721895215339
14188,0.1616709633142239,100,438,100,477488,128122,65026,42930,1.1867983252436178,0.2509763112971494
14189,0.1616733687841255,1,0,1,477488,128122,65027,42929,1.1867983252436178,0.2509719323476624
14190,0.161675893614383,0,3,0,477491,128119,65027,42929,1.186770536144355,0.2509763341284318
14191,0.1616764163838439,2,2,2,477493,128117,65029,42927,1.18675201007818,0.25097051051191505
14192,0.1616777595196091,0,3,0,477496,128114,65029,42927,1.1867242209789173,0.2509749124478926
14193,0.1616803294219192,19,63,19,477559,128051,65048,42908,1.1861406498944014,0.2509841540954264
14194,0.1616838658787609,1,1,1,477560,128050,65049,42907,1.186131386861314,0.2509812408968337
14195,0.1616847664215034,1,1,1,477561,128049,65050,42906,1.1861221238282262,0.2509783276300781
14196,0.1616857604982673,0,4,0,477565,128045,65050,42906,1.1860850716958762,0.25098420015092043
14197,0.1616861092739191,21,35,21,477600,128010,65071,42885,1.1857608655378118,0.25094356183621525
14198,0.1616862931636507,1,1,1,477601,128009,65072,42884,1.1857516025047241,0.2509406470715594
14199,0.1616892839818189,0,1,0,477602,128008,65072,42884,1.1857423394716367,0.25094211548814455
14200,0.1616897860078039,0,1,0,477603,128007,65072,42884,1.185733076438549,0.2509435839219151
14201,0.1616900323151017,0,1,0,477604,128006,65072,42884,1.1857238134054615,0.25094505237287146
14202,0.1616902493930361,16,63,16,477667,127943,65088,42868,1.1851402423209456,0.2509674435487176
14203,0.1616975017971763,1,0,1,477667,127943,65089,42867,1.1851402423209456,0.25096305836894794
14204,0.1616984822561958,5,22,5,477689,127921,65094,42862,1.1849364555930193,0.25097345754554024
14205,0.1616992099194732,0,9,0,477698,127912,65094,42862,1.1848530882952313,0.2509866841556677
14206,0.1616995398503899,0,1,0,477699,127911,65094,42862,1.1848438252621438,0.25098815386507234
14207,0.1617034396927137,5,26,5,477725,127885,65099,42857,1.1846029864018675,0.2510044394466505
14208,0.1617037039678507,2,7,2,477732,127878,65101,42855,1.1845381451702546,0.25100595666918524
14209,0.1617053943302982,1,0,1,477732,127878,65102,42854,1.1845381451702546,0.25100156971159476
14210,0.1617066779180353,1,0,1,477732,127878,65103,42853,1.1845381451702546,0.25099718270261406
14211,0.1617080926292504,1,1,1,477733,127877,65104,42852,1.184528882137167,0.2509942657662143
14212,0.1617085594917219,0,4,0,477737,127873,65104,42852,1.1844918300048168,0.2510001464343242
14213,0.1617107563517323,0,2,0,477739,127871,65104,42852,1.1844733039386417,0.2510030868717162
14214,0.1617109072504988,6,45,6,477784,127826,65110,42846,1.1840564674497018,0.2510429361582451
14215,0.1617114991854297,0,1,0,477785,127825,65110,42846,1.1840472044166142,0.2510444070756016
14216,0.1617118921372238,4,1,4,477786,127824,65114,42842,1.1840379413835267,0.2510283243293919
14217,0.1617122030815445,6,18,6,477804,127806,65120,42836,1.1838712067879507,0.25102846895840414
14218,0.1617130240619915,3,10,3,477814,127796,65123,42833,1.1837785764570752,0.2510300124832238
14219,0.1617134898573456,0,1,0,477815,127795,65123,42833,1.1837693134239875,0.25103148369552475
14220,0.1617180760390954,1,2,1,477817,127793,65124,42832,1.1837507873578124,0.25103003663003665
14221,0.1617184909776963,0,1,0,477818,127792,65124,42832,1.183741524324725,0.25103150787696926
14222,0.1617195015657089,0,3,0,477821,127789,65124,42832,1.1837137352254623,0.25103592172124184
14223,0.1617222404388176,2,6,2,477827,127783,65126,42830,1.1836581570269369,0.2510359702953468
14224,0.1617228689779856,0,1,0,477828,127782,65126,42830,1.1836488939938494,0.2510374416805383
14225,0.1617263525600001,0,4,0,477832,127778,65126,42830,1.1836118418614991,0.2510433273937916
14226,0.1617275609179956,2,6,2,477838,127772,65128,42828,1.1835562636629737,0.2510433763188746
14227,0.1617301840139743,0,1,0,477839,127771,65128,42828,1.1835470006298863,0.2510448478596006
14228,0.1617318057718833,1,5,1,477844,127766,65129,42827,1.1835006854644485,0.25104781556101363
14229,0.1617318627989376,1,0,1,477844,127766,65130,42826,1.1835006854644485,0.2510434252485462
14230,0.1617320057498182,0,8,0,477852,127758,65130,42826,1.183426581199748,0.2510551986118276
14231,0.1617327585487855,1,5,1,477857,127753,65131,42825,1.1833802660343102,0.25105816693829214
14232,0.1617331304148209,0,2,0,477859,127751,65131,42825,1.183361739968135,0.2510611105900009
14233,0.1617334892878853,30,72,30,477931,127679,65161,42795,1.1826948015858312,0.2510353484988913
14234,0.1617359709857116,0,2,0,477933,127677,65161,42795,1.1826762755196563,0.2510382936787273
14235,0.1617468017538602,0,2,0,477935,127675,65161,42795,1.1826577494534811,0.25104123892767055
14236,0.161747278622636,0,5,0,477940,127670,65161,42795,1.1826114342880434,0.25104860235238907
14237,0.1617484844977948,2,11,2,477951,127659,65163,42793,1.1825095409240802,0.2510560157698355
14238,0.161749972291363,1,3,1,477954,127656,65164,42792,1.1824817518248176,0.2510560405519572
14239,0.1617518065836519,0,1,0,477955,127655,65164,42792,1.18247248879173,0.25105751347926336
14240,0.1617537100767158,0,2,0,477957,127653,65164,42792,1.1824539627255548,0.2510604593857256
14241,0.1617575010285957,3,7,3,477964,127646,65167,42789,1.182389121493942,0.2510575879367501
14242,0.1617593585259011,0,6,0,477970,127640,65167,42789,1.1823335432954167,0.25106642648844973
14243,0.1617667022161647,3,5,3,477975,127635,65170,42786,1.1822872281299788,0.2510606087277976
14244,0.1617741690956074,2,9,2,477984,127626,65172,42784,1.182203860832191,0.251065078340473
14245,0.1617744785296022,0,2,0,477986,127624,65172,42784,1.1821853347660158,0.25106802497535324
14246,0.1617752272324187,0,1,0,477987,127623,65172,42784,1.1821760717329282,0.25106949831873104
14247,0.1617769321496119,2,26,2,478013,127597,65174,42782,1.1819352328726518,0.25109902041918314
14248,0.1617773872096883,0,2,0,478015,127595,65174,42782,1.1819167068064766,0.251101967988637
14249,0.1617811982259339,1,3,1,478018,127592,65175,42781,1.181888917707214,0.25110199386052956
14250,0.1617840210288669,0,2,0,478020,127590,65175,42781,1.181870391641039,0.25110494156869423
14251,0.1617851505571885,0,3,0,478023,127587,65175,42781,1.1818426025417763,0.2511093632607062
14252,0.1617862817218606,0,7,0,478030,127580,65175,42781,1.1817777613101634,0.2511196811476805
14253,0.1617866320141002,3,7,3,478037,127573,65178,42778,1.1817129200785506,0.25111681175925
14254,0.161787521908717,0,1,0,478038,127572,65178,42778,1.1817036570454629,0.25111828588200763
14255,0.1617895081047706,0,1,0,478039,127571,65178,42778,1.1816943940123754,0.2511197600220723
14256,0.1617897653038752,4,18,4,478057,127553,65182,42774,1.1815276594167994,0.2511287112436666
14257,0.1617898755087752,5,18,5,478075,127535,65187,42769,1.1813609248212236,0.25113326756858323
14258,0.1617961779347592,1,7,1,478082,127528,65188,42768,1.1812960835896107,0.251139192934655
14259,0.1617973094030319,7,9,7,478091,127519,65195,42761,1.1812127162918227,0.25112168193563544
14260,0.1617973448276708,2,15,2,478106,127504,65197,42759,1.1810737707955092,0.25113500878053363
14261,0.1617974284111516,2,3,2,478109,127501,65199,42757,1.1810459816962466,0.2511306370332084
14262,0.1617977080079695,13,91,13,478200,127410,65212,42744,1.1802030456852792,0.25120772946859904
14263,0.1617979710358226,1,21,1,478221,127389,65213,42743,1.1800085219904406,0.251234335692286
14264,0.1618008022471852,0,9,0,478230,127380,65213,42743,1.1799251546926526,0.25124762671713996
14265,0.161802873351068,0,1,0,478231,127379,65213,42743,1.179915891659565,0.25124910358448643
14266,0.1618056382777842,0,1,0,478232,127378,65213,42743,1.1799066286264774,0.25125058046919546
14267,0.1618065414411652,0,3,0,478235,127375,65213,42743,1.1798788395272148,0.25125501122750094
14268,0.1618079082951358,1,2,1,478237,127373,65214,42742,1.1798603134610397,0.2512535637656879
14269,0.1618096538465117,1,0,1,478237,127373,65215,42741,1.1798603134610397,0.2512491623264399
14270,0.1618102144977352,4,19,4,478256,127354,65219,42737,1.1796843158323762,0.25125961985055056
14271,0.1618118972416699,11,66,11,478322,127288,65230,42726,1.1790729556485975,0.2513087157528204
14272,0.1618120420964725,12,50,12,478372,127238,65242,42714,1.1786098039942199,0.25132978723404253
14273,0.1618136639556613,0,1,0,478373,127237,65242,42714,1.1786005409611322,0.25133126607080863
14274,0.1618143468927987,8,29,8,478402,127208,65250,42706,1.1783319130015932,0.25133891262638747
14275,0.1618217621603027,0,6,0,478408,127202,65250,42706,1.1782763348030678,0.2513477882147986
14276,0.16182330836718,0,9,0,478417,127193,65250,42706,1.17819296750528,0.25136110277282386
14277,0.1618254880417297,0,1,0,478418,127192,65250,42706,1.1781837044721923,0.2513625822552355
14278,0.1618301149600397,12,64,12,478482,127128,65262,42694,1.177590870354589,0.25140441167811
14279,0.1618321996742319,1,2,1,478484,127126,65263,42693,1.1775723442884138,0.25140296433261294
14280,0.1618329520955255,1,12,1,478496,127114,65264,42692,1.1774611878913632,0.251416322155872
14281,0.1618341545881168,0,5,0,478501,127109,65264,42692,1.1774148727259255,0.25142372541975605
14282,0.1618344534698399,2,17,2,478518,127092,65266,42690,1.177257401163437,0.25144008198748985
14283,0.1618361438322875,0,10,0,478528,127082,65266,42690,1.1771647708325614,0.25145489244398367
14284,0.1618373878475337,31,92,31,478620,126990,65297,42659,1.1763125717885063,0.25145447364853313
14285,0.1618381014983287,0,1,0,478621,126989,65297,42659,1.1763033087554189,0.2514559558615486
14286,0.1618384688802917,1,6,1,478627,126983,65298,42658,1.1762477305568935,0.2514604370405739
14287,0.1618426044928228,2,10,2,478637,126973,65300,42656,1.176155100226018,0.25146643557410586
14288,0.1618428220112646,2,6,2,478643,126967,65302,42654,1.1760995220274926,0.25146650473703136
14289,0.1618437747881668,1,10,1,478653,126957,65303,42653,1.176006891696617,0.2514769176345734
14290,0.1618438527781877,0,9,0,478662,126948,65303,42653,1.175923524398829,0.25149026243949035
14291,0.1618445909689208,1,3,1,478665,126945,65304,42652,1.1758957352995665,0.2514902975878111
14292,0.1618460392647455,1,5,1,478670,126940,65305,42651,1.1758494201341287,0.2514932985830616
14293,0.1618478703864211,2,10,2,478680,126930,65307,42649,1.1757567898032533,0.2514993012106452
14294,0.1618486813338647,0,1,0,478681,126929,65307,42649,1.1757475267701656,0.25150078429985023
14295,0.1618500447579752,25,66,25,478747,126863,65332,42624,1.175136166586387,0.2514883147380035
14296,0.161850934652592,0,5,0,478752,126858,65332,42624,1.1750898514209493,0.25149573406025416
14297,0.1618561120357406,0,1,0,478753,126857,65332,42624,1.1750805883878617,0.2514972179772364
14298,0.1618563203275152,13,60,13,478813,126797,65345,42611,1.1745248064026084,0.25152885341896486
14299,0.1618568716488896,1,5,1,478818,126792,65346,42610,1.1744784912371706,0.2515318591279914
14300,0.1618579588367481,1,5,1,478823,126787,65347,42609,1.174432176071733,0.25153486504994216
14301,0.1618610082274397,1,4,1,478827,126783,65348,42608,1.1743951239393826,0.2515363862306734
14302,0.1618611914735349,0,4,0,478831,126779,65348,42608,1.1743580718070326,0.2515423261525383
14303,0.1618619297631829,0,2,0,478833,126777,65348,42608,1.1743395457408574,0.25154529621867344
14304,0.1618628228230332,11,34,11,478867,126743,65359,42597,1.1740246026158805,0.2515471831817645
14305,0.1618667776151204,0,4,0,478871,126739,65359,42597,1.1739875504835304,0.25155312514763545
14306,0.1618675249720272,0,2,0,478873,126737,65359,42597,1.1739690244173553,0.2515560962358416
14307,0.1618696680842891,0,1,0,478874,126736,65359,42597,1.1739597613842676,0.2515575818062634
14308,0.1618707991267718,1,2,1,478876,126734,65360,42596,1.1739412353180925,0.251556132994744
14309,0.161870862133311,14,41,14,478917,126693,65374,42582,1.1735614509615029,0.25155516171909614
14310,0.1618720201957627,3,14,3,478931,126679,65377,42579,1.1734317684982771,0.2515627030923206
14311,0.1618720655359004,1,4,1,478935,126675,65378,42578,1.1733947163659268,0.2515642263357223
14312,0.1618730665903867,5,10,5,478945,126665,65383,42573,1.1733020860350514,0.25155697892908213
14313,0.1618757938239344,0,2,0,478947,126663,65383,42573,1.1732835599688762,0.25155995178330853
14314,0.1618799892071594,1,0,1,478947,126663,65384,42572,1.1732835599688762,0.2515555292935858
14315,0.1618802626738729,4,11,4,478958,126652,65388,42568,1.173181666604913,0.25155418981207894
14316,0.1618868825049414,0,1,0,478959,126651,65388,42568,1.1731724035718256,0.25155567637203863
14317,0.1618869568689454,0,1,0,478960,126650,65388,42568,1.173163140538738,0.25155716294956804
14318,0.161887295797612,2,5,2,478965,126645,65390,42566,1.1731168253733002,0.2515557499216954
14319,0.1618914823303705,1,0,1,478965,126645,65391,42565,1.1731168253733002,0.251551326753738
14320,0.1618923504209885,3,2,3,478967,126643,65394,42562,1.173098299307125,0.25154103011140333
14321,0.1618956124181069,9,34,9,479001,126609,65403,42553,1.1727833561821484,0.251551766945295
14322,0.1618958669874782,4,33,4,479034,126576,65407,42549,1.172477676090259,0.2515831485587583
14323,0.1618961667965698,1,17,1,479051,126559,65408,42548,1.1723202045277705,0.2516040140266222
14324,0.1618981451341382,5,15,5,479066,126544,65413,42543,1.1721812590314573,0.2516042037530975
14325,0.1619078234574626,0,3,0,479069,126541,65413,42543,1.1721534699321945,0.2516086678810532
14326,0.1619100135220256,0,1,0,479070,126540,65413,42543,1.172144206899107,0.25161015595890773
14327,0.161910029615435,2,20,2,479090,126520,65415,42541,1.1719589462373559,0.2516310680760199
14328,0.1619109682989946,2,8,2,479098,126512,65417,42539,1.1718848419726555,0.2516341222471325
14329,0.1619138895904493,0,1,0,479099,126511,65417,42539,1.171875578939568,0.25163561076604557
14330,0.1619147705308561,0,5,0,479104,126506,65417,42539,1.17182926377413,0.25164305362477446
14331,0.1619176191093054,2,6,2,479110,126500,65419,42537,1.171773685575605,0.2516431313854363
14332,0.1619192405978601,1,4,1,479114,126496,65420,42536,1.1717366334432546,0.2516446589994794
14333,0.1619193992860979,3,5,3,479119,126491,65423,42533,1.171690318277817,0.25163882052252934
14334,0.1619206250107644,15,46,15,479165,126445,65438,42518,1.1712642187557893,0.25164089179287774
14335,0.1619244209713148,10,20,10,479185,126425,65448,42508,1.1710789580940384,0.25162638442459434
14336,0.1619253091203842,0,1,0,479186,126424,65448,42508,1.1710696950609507,0.2516278739374423
14337,0.1619268600863575,0,1,0,479187,126423,65448,42508,1.1710604320278633,0.25162936346792475
14338,0.1619277319210747,0,3,0,479190,126420,65448,42508,1.1710326429286004,0.2516338321651828
14339,0.1619286976091728,9,13,9,479203,126407,65457,42499,1.1709122234984624,0.2516133233869726
14340,0.1619289831591496,1,5,1,479208,126402,65458,42498,1.1708659083330246,0.25161634103019537
14341,0.1619323721221734,0,1,0,479209,126401,65458,42498,1.170856645299937,0.2516178307746049
14342,0.1619331625123416,2,7,2,479216,126394,65460,42496,1.170791804068324,0.2516193972408076
14343,0.1619332290280091,0,1,0,479217,126393,65460,42496,1.1707825410352366,0.25162088709152164
14344,0.161934955613405,1,3,1,479220,126390,65461,42495,1.170754751935974,0.25162092548183673
14345,0.1619354329396377,10,85,10,479305,126305,65471,42485,1.1699673941235318,0.25170329995852836
14346,0.161935855704188,0,1,0,479306,126304,65471,42485,1.1699581310904443,0.2517047911889993
14347,0.1619364031157618,0,4,0,479310,126300,65471,42485,1.169921078958094,0.2517107562875848
14348,0.16194982334499,1,0,1,479310,126300,65472,42484,1.169921078958094,0.2517063228742061
14349,0.1619501336626559,0,2,0,479312,126298,65472,42484,1.169902552891919,0.25170930549466175
14350,0.1619512587935973,14,52,14,479364,126246,65486,42470,1.1694208751713662,0.2517247919580834
14351,0.1619515499423026,0,7,0,479371,126239,65486,42470,1.1693560339397533,0.25173523641299517
14352,0.1619520061505041,6,13,6,479384,126226,65492,42464,1.169235614509615,0.2517280218151639
14353,0.161953440904928,0,5,0,479389,126221,65492,42464,1.1691892993441773,0.2517354832972701
14354,0.1619544793070239,7,26,7,479415,126195,65499,42457,1.1689484604839009,0.25174323458956904
14355,0.1619546691733214,0,3,0,479418,126192,65499,42457,1.1689206713846383,0.2517477127050857
14356,0.1619570420280453,0,1,0,479419,126191,65499,42457,1.1689114083515506,0.251749205445662
14357,0.1619579876419826,3,3,3,479422,126188,65502,42454,1.168883619252288,0.251740373098042
14358,0.1619593948496024,1,11,1,479433,126177,65503,42453,1.1687817258883249,0.2517523572318093
14359,0.1619610166075114,0,2,0,479435,126175,65503,42453,1.1687631998221497,0.25175534312213865
14360,0.1619683322029894,1,9,1,479444,126166,65504,42452,1.1686798325243617,0.25176434307132095
14361,0.1619686325430138,0,3,0,479447,126163,65504,42452,1.168652043425099,0.25176882246537974
14362,0.1619690211128196,6,5,6,479452,126158,65510,42446,1.1686057282596614,0.2517496619297288
14363,0.1619714380474223,1,3,1,479455,126155,65511,42445,1.1685779391603988,0.2517497034400949
14364,0.1619717769760889,12,60,12,479515,126095,65523,42433,1.1680221571751455,0.25178605335611887
14365,0.1619721849641181,16,64,16,479579,126031,65539,42417,1.1674293230575419,0.2518106477963526
14366,0.161972726663872,2,1,2,479580,126030,65541,42415,1.1674200600244544,0.2518032592240791
14367,0.1619733435228703,0,1,0,479581,126029,65541,42415,1.167410796991367,0.25180475410225356
14368,0.1619762314288511,0,5,0,479586,126024,65541,42415,1.167364481825929,0.2518122287593728
14369,0.1619777945771386,0,2,0,479588,126022,65541,42415,1.167345955759754,0.25181521874647494
14370,0.1619806843236703,8,22,8,479610,126000,65549,42407,1.1671421690318278,0.251812573111569
14371,0.1619823823576003,0,1,0,479611,125999,65549,42407,1.1671329059987403,0.2518140683823617
14372,0.1619830591137638,0,1,0,479612,125998,65549,42407,1.1671236429656526,0.2518155636709124
14373,0.1619855507604925,0,9,0,479621,125989,65549,42407,1.1670402756678646,0.25182902206703245
14374,0.1619864352937997,1,14,1,479635,125975,65550,42406,1.1669105932046389,0.2518455170120144
14375,0.1619869588022818,5,10,5,479645,125965,65555,42401,1.1668179628737634,0.25183825713029945
14376,0.1619934093183577,1,5,1,479650,125960,65556,42400,1.1667716477083256,0.25184129246851983
14377,0.1619957848660484,1,9,1,479659,125951,65557,42399,1.1666882804105376,0.25185031185031187
14378,0.1619966417718841,2,9,2,479668,125942,65559,42397,1.1666049131127496,0.25185488805327344
14379,0.161999268448063,4,29,4,479697,125913,65563,42393,1.1663362851532106,0.25188050336886386
14380,0.1620037217763371,8,16,8,479713,125897,65571,42385,1.1661880766238097,0.25186888674962266
14381,0.1620055745691921,0,3,0,479716,125894,65571,42385,1.1661602875245471,0.2518733769513724
14382,0.1620083234778034,3,12,3,479728,125882,65574,42382,1.1660491311274963,0.2518780012361527
14383,0.1620095938287586,0,1,0,479729,125881,65574,42382,1.1660398680944088,0.2518794981665607
14384,0.1620114910391757,3,1,3,479730,125880,65577,42379,1.1660306050613212,0.2518676564106526
14385,0.1620122130995517,2,2,2,479732,125878,65579,42377,1.1660120789951463,0.2518617574514873
14386,0.1620146243289507,3,6,3,479738,125872,65582,42374,1.1659565007966208,0.2518573992843812
14387,0.1620157969080675,2,12,2,479750,125860,65584,42372,1.1658453443995702,0.2518664701127015
14388,0.1620208842942388,1,17,1,479767,125843,65585,42371,1.1656878728370819,0.25188747666662703
14389,0.1620211179997681,0,7,0,479774,125836,65585,42371,1.165623031605469,0.2518979590623458
14390,0.1620214003858577,26,57,26,479831,125779,65611,42345,1.1650950387194783,0.25186766910137753
14391,0.1620242803751944,0,3,0,479834,125776,65611,42345,1.1650672496202157,0.25187216350128777
14392,0.1620336318952538,2,14,2,479848,125762,65613,42343,1.16493756715699,0.25188423901728085
14393,0.1620346148411328,6,17,6,479865,125745,65619,42337,1.1647800955945016,0.2518830094834664
14394,0.1620357098721213,4,15,4,479880,125730,65623,42333,1.1646411500981881,0.25188768497527714
14395,0.162036139407747,7,32,7,479912,125698,65630,42326,1.1643447330393863,0.2519044898347855
14396,0.1620367562667453,11,9,11,479921,125689,65641,42315,1.1642613657415983,0.25186900311897337
14397,0.1620381007451924,2,7,2,479928,125682,65643,42313,1.1641965245099855,0.2518705913866484
14398,0.162039650718674,0,2,0,479930,125680,65643,42313,1.1641779984438105,0.25187358997101067
14399,0.1620399133714693,1,13,1,479943,125667,65644,42312,1.1640575790136722,0.2518886289357598
14400,0.1620419336870024,25,54,25,479997,125613,65669,42287,1.1635573752269444,0.2518582489577129
14401,0.1620428655069177,0,1,0,479998,125612,65669,42287,1.1635481121938567,0.25185974901577735
14402,0.162044321797133,2,7,2,480005,125605,65671,42285,1.1634832709622438,0.25186133778068975
14403,0.1620444781161906,1,10,1,480015,125595,65672,42284,1.1633906406313683,0.25187188391639215
14404,0.1620469049930446,3,3,3,480018,125592,65675,42281,1.1633628515321057,0.2518630154938555
14405,0.1620509532724134,0,1,0,480019,125591,65675,42281,1.163353588499018,0.25186451582157837
14406,0.1620570467918204,0,2,0,480021,125589,65675,42281,1.163335062432843,0.2518675165306487
14407,0.1620576095883468,2,10,2,480031,125579,65677,42279,1.1632424321019674,0.2518736074539194
14408,0.1620608268769088,0,1,0,480032,125578,65677,42279,1.16323316906888,0.2518751079788153
14409,0.1620629378393031,2,6,2,480038,125572,65679,42277,1.1631775908703545,0.2518751973499991
14410,0.1620634040395988,1,11,1,480049,125561,65680,42276,1.1630756975063914,0.2518872477463253
14411,0.1620677053517741,6,22,6,480071,125539,65686,42270,1.1628719107784653,0.25189352180157204
14412,0.1620688074929578,1,0,1,480071,125539,65687,42269,1.1628719107784653,0.2518890636918383
14413,0.1620696300704163,0,1,0,480072,125538,65687,42269,1.1628626477453778,0.25189056475593985
14414,0.162069908904033,2,5,2,480077,125533,65689,42267,1.1628163325799399,0.25188915375446963
14415,0.1620703439436268,6,34,6,480111,125499,65695,42261,1.1625013894549632,0.2519134477825465
14416,0.1620706946177227,0,1,0,480112,125498,65695,42261,1.1624921264218755,0.25191494942149156
14417,0.1620717885875627,0,1,0,480113,125497,65695,42261,1.162482863388788,0.25191645107833904
14418,0.1620717963641126,3,7,3,480120,125490,65698,42258,1.1624180221571752,0.25191358466270836
14419,0.1620720328468927,3,19,3,480139,125471,65701,42255,1.1622420245285117,0.25192874092269535
14420,0.1620730065726337,1,1,1,480140,125470,65702,42254,1.162232761495424,0.251925782833703
14421,0.1620749037830507,9,27,9,480167,125443,65711,42245,1.1619826596020602,0.25192619626926194
14422,0.1620754571806248,7,14,7,480181,125429,65718,42238,1.1618529771388344,0.25191600016699767
14423,0.1620825362604058,1,3,1,480184,125426,65719,42237,1.1618251880395716,0.25191604587774286
14424,0.162092096065454,0,8,0,480192,125418,65719,42237,1.1617510837748712,0.25192806656526795
14425,0.1620924176012773,0,2,0,480194,125416,65719,42237,1.161732557708696,0.25193107191639874
14426,0.1620933703781795,0,3,0,480197,125413,65719,42237,1.1617047686094335,0.2519355800775425
14427,0.1620940243236786,2,8,2,480205,125405,65721,42235,1.161630664344733,0.2519386781197805
14428,0.1620943999061507,0,1,0,480206,125404,65721,42235,1.1616214013116455,0.25194018098413856
14429,0.1620952726090435,1,1,1,480207,125403,65722,42234,1.161612138278558,0.2519372214964477
14430,0.1620968792208382,0,7,0,480214,125396,65722,42234,1.1615472970469451,0.25194774205094556
14431,0.1620988789199171,2,2,2,480216,125394,65724,42232,1.16152877098077,0.2519418228675742
14432,0.1620991226159964,21,94,21,480310,125300,65745,42211,1.1606580458705398,0.2519894215902239
14433,0.162100737816785,0,1,0,480311,125299,65745,42211,1.1606487828374523,0.25199092591487077
14434,0.1621033261153443,31,89,31,480400,125210,65776,42180,1.15982437289266,0.25198637911464244
14435,0.162104425557739,10,57,10,480457,125153,65786,42170,1.1592963800066693,0.2520275156433963
14436,0.1621087615536713,5,13,5,480470,125140,65791,42165,1.1591759605765313,0.2520247452257852
14437,0.1621091164954074,0,2,0,480472,125138,65791,42165,1.1591574345103561,0.2520277580198801
14438,0.1621133227992394,0,7,0,480479,125131,65791,42165,1.1590925932787433,0.25203830336648814
14439,0.1621139558875761,3,1,3,480480,125130,65794,42162,1.1590833302456556,0.2520263969586113
14440,0.1621204714431824,1,14,1,480494,125116,65795,42161,1.1589536477824298,0.2520430184663761
14441,0.1621212418302632,9,36,9,480530,125080,65804,42152,1.158620178591278,0.25205702257941065
14442,0.1621212929497121,2,1,2,480531,125079,65806,42150,1.1586109155581903,0.2520495847012181
14443,0.1621241318971509,0,6,0,480537,125073,65806,42150,1.158555337359665,0.2520586282987388
14444,0.1621340695001705,1,11,1,480548,125062,65807,42149,1.158453443995702,0.25207073697304605
14445,0.1621354344508904,2,13,2,480561,125049,65809,42147,1.1583330245655636,0.252081389506926
14446,0.162135632648458,5,12,5,480573,125037,65814,42142,1.158221868168513,0.2520771149486479
14447,0.1621357080094033,1,1,1,480574,125036,65815,42141,1.1582126051354256,0.252074148955897
14448,0.1621433493227059,3,15,3,480589,125021,65818,42138,1.1580736596391121,0.2520833457965171
14449,0.1621453080553858,2,5,2,480594,125016,65820,42136,1.1580273444736744,0.25208193739829615
14450,0.1621461122031264,0,7,0,480601,125009,65820,42136,1.1579625032420615,0.2520924945406683
14451,0.1621462844373531,0,3,0,480604,125006,65820,42136,1.157934714142799,0.2520970193009537
14452,0.162146509780433,0,2,0,480606,125004,65820,42136,1.1579161880766238,0.2521000358980495
14453,0.162149197677134,0,2,0,480608,125002,65820,42136,1.1578976620104486,0.25210305256733956
14454,0.1621538677877755,0,4,0,480612,124998,65820,42136,1.1578606098780986,0.2521090861225125
14455,0.1621602919647132,6,24,6,480636,124974,65826,42130,1.1576382970839971,0.2521184412102643
14456,0.1621607147292635,0,1,0,480637,124973,65826,42130,1.1576290340509097,0.252119949970976
14457,0.1621616019521617,1,8,1,480645,124965,65827,42129,1.157554929786209,0.2521275449746849
14458,0.1621661688274484,8,9,8,480654,124956,65835,42121,1.1574715624884213,0.2521053167102593
14459,0.1621675101537755,1,4,1,480658,124952,65836,42120,1.157434510356071,0.2521068760773798
14460,0.1621680630312016,3,18,3,480676,124934,65839,42117,1.157267775760495,0.2521206098736314
14461,0.1621690210981633,0,2,0,480678,124932,65839,42117,1.1572492496943199,0.2521236283964585
14462,0.1621736161601335,0,1,0,480679,124931,65839,42117,1.1572399866612324,0.2521251376849768
14463,0.1621737452293686,1,1,1,480680,124930,65840,42116,1.1572307236281447,0.2521221699412138
14464,0.1621788810846276,1,18,1,480698,124912,65841,42115,1.157063989032569,0.2521448628066121
14465,0.1621789560710876,4,13,4,480711,124899,65845,42111,1.1569435696024306,0.2521465780492186
14466,0.1621821131858125,1,0,1,480711,124899,65846,42110,1.1569435696024306,0.2521421001263405
14467,0.1621828466670581,1,1,1,480712,124898,65847,42109,1.1569343065693432,0.2521391318926752
14468,0.1621851201901568,2,2,2,480714,124896,65849,42107,1.156915780503168,0.25213319521206207
14469,0.1621861431996993,1,2,1,480716,124894,65850,42106,1.1568972544369929,0.2521317365269461
14470,0.162186240384688,1,0,1,480716,124894,65851,42105,1.1568972544369929,0.2521272582470554
14471,0.16219075713433,0,1,0,480717,124893,65851,42105,1.1568879914039052,0.2521287680091977
14472,0.1621997717583218,29,164,29,480881,124729,65880,42076,1.1553688539775464,0.2522466352927071
14473,0.1622020723316211,3,2,3,480883,124727,65883,42073,1.1553503279113713,0.25223621103117505
14474,0.1622023646808969,1,6,1,480889,124721,65884,42072,1.155294749712846,0.25224080147248384
14475,0.1622051766065603,1,5,1,480894,124716,65885,42071,1.155248434547408,0.2522438799186987
14476,0.1622061449160719,2,14,2,480908,124702,65887,42069,1.1551187520841824,0.2522560876891066
14477,0.1622098951592984,9,39,9,480947,124663,65896,42060,1.154757493793768,0.2522747311408744
14478,0.1622100730199362,0,1,0,480948,124662,65896,42060,1.1547482307606802,0.25227624428689677
14479,0.1622121289808845,2,1,2,480949,124661,65898,42058,1.1547389677275928,0.2522687876006934
14480,0.1622179959121312,0,1,0,480950,124660,65898,42058,1.154729704694505,0.25227030074736984
14481,0.1622215374885561,1,8,1,480958,124652,65899,42057,1.1546556004298048,0.2522779214079624
14482,0.1622226201539858,1,7,1,480965,124645,65900,42056,1.1545907591981919,0.25228402948992507
14483,0.1622241274731385,2,5,2,480970,124640,65902,42054,1.1545444440327541,0.2522826256493935
14484,0.1622297907983445,1,7,1,480977,124633,65903,42053,1.1544796028011413,0.25228873450679723
14485,0.16223076561583,2,5,2,480982,124628,65905,42051,1.1544332876357035,0.2522873307375254
14486,0.1622309132057765,1,1,1,480983,124627,65906,42050,1.1544240246026158,0.2522843583697811
14487,0.1622313844837331,0,2,0,480985,124625,65906,42050,1.1544054985364407,0.25228738563071845
14488,0.1622318150149083,0,1,0,480986,124624,65906,42050,1.1543962355033532,0.2522888992884313
14489,0.1622322284796792,1,0,1,480986,124624,65907,42049,1.1543962355033532,0.2522844131922987
14490,0.1622339554128228,1,2,1,480988,124622,65908,42048,1.154377709437178,0.2522829543409132
14491,0.1622341182934631,2,1,2,480989,124621,65910,42046,1.1543684464040906,0.2522754954490091
14492,0.1622358754101347,0,2,0,480991,124619,65910,42046,1.1543499203379155,0.25227852278522783
14493,0.1622366962489923,0,4,0,480995,124615,65910,42046,1.1543128682055652,0.252284577675641
14494,0.1622452130163091,0,7,0,481002,124608,65910,42046,1.1542480269739523,0.25229517443325694
14495,0.1622462594109331,8,14,8,481016,124594,65918,42038,1.1541183445107266,0.25228047433866246
14496,0.162249653128563,5,18,5,481034,124576,65923,42033,1.1539516099151506,0.25228529071058586
14497,0.1622499341367734,3,14,3,481048,124562,65926,42030,1.1538219274519248,0.2522930272762198
14498,0.1622506500059253,36,86,36,481134,124476,65962,41994,1.1530253066063951,0.2522616687691476
14499,0.1622519913322524,33,135,33,481269,124341,65995,41961,1.1517747971395753,0.2523180719414078
14500,0.1622534270922852,2,6,2,481275,124335,65997,41959,1.1517192189410501,0.25231818345821255
14501,0.1622535022766402,10,17,10,481292,124318,66007,41949,1.1515617473785615,0.25229901303325375
14502,0.1622582264078456,5,13,5,481305,124305,66012,41944,1.1514413279484235,0.2522962544135604
14503,0.1622605688971968,2,1,2,481306,124304,66014,41942,1.1514320649153358,0.252288776872827
14504,0.1622674361799863,17,39,17,481345,124265,66031,41925,1.1510708066249213,0.25227149647993263
14505,0.1622735260170738,0,2,0,481347,124263,66031,41925,1.1510522805587462,0.25227453245721715
14506,0.1622767373417036,15,47,15,481394,124216,66046,41910,1.1506169180036312,0.25227839110073075
14507,0.1622771005162473,2,1,2,481395,124215,66048,41908,1.1506076549705435,0.2522709077009204
14508,0.1622791310210316,0,11,0,481406,124204,66048,41908,1.1505057616065804,0.2522876131766519
14509,0.1622814086560063,0,4,0,481410,124200,66048,41908,1.1504687094742303,0.2522936884436632
14510,0.1622815600629723,1,2,1,481412,124198,66049,41907,1.1504501834080552,0.2522922247975678
14511,0.1622893173640528,2,8,2,481420,124190,66051,41905,1.1503760791433546,0.25229537312983535
14512,0.1622935460807228,0,2,0,481422,124188,66051,41905,1.1503575530771797,0.2522984111311133
14513,0.1622958979470464,0,7,0,481429,124181,66051,41905,1.1502927118455668,0.25230904471177584
14514,0.1622979307378305,16,64,16,481493,124117,66067,41889,1.1496998777279632,0.252334252978808
14515,0.1623038448185748,5,5,5,481498,124112,66072,41884,1.1496535625625255,0.2523193329959758
14516,0.1623043478517524,3,15,3,481513,124097,66075,41881,1.149514617066212,0.25232862186554844
14517,0.1623055161479661,1,2,1,481515,124095,66076,41880,1.1494960910000371,0.25232715770447356
14518,0.1623055961371173,1,11,1,481526,124084,66077,41879,1.149394197636074,0.2523393768490567
14519,0.1623086257601842,28,98,28,481624,123986,66105,41851,1.1484864203934937,0.25236225932692946
14520,0.1623104350709431,0,1,0,481625,123985,66105,41851,1.148477157360406,0.2523637810849273
14521,0.1623130536274517,4,33,4,481658,123952,66109,41847,1.1481714772685168,0.25239597343771675
14522,0.16231586566221,2,13,2,481671,123939,66111,41845,1.1480510578383787,0.2524067461274912
14523,0.1623168398361603,17,45,17,481716,123894,66128,41828,1.1476342213494386,0.2523985952378079
14524,0.1623194400234812,8,19,8,481735,123875,66136,41820,1.147458223720775,0.25239144210748665
14525,0.1623196828596577,3,9,3,481744,123866,66139,41817,1.147374856422987,0.25239161531358073
14526,0.1623213919541253,0,2,0,481746,123864,66139,41817,1.147356330356812,0.2523946620312528
14527,0.1623216284369054,1,3,1,481749,123861,66140,41816,1.1473285412575494,0.25239471984644823
14528,0.1623239816410718,10,34,10,481783,123827,66150,41806,1.1470135981325724,0.2524013934421281
14529,0.162325398294504,1,1,1,481784,123826,66151,41805,1.147004335099485,0.25239840368047045
14530,0.1623311548069761,1,8,1,481792,123818,66152,41804,1.1469302308347846,0.2524060813176993
14531,0.1623336363933671,34,150,34,481942,123668,66186,41770,1.1455407758716514,0.2524812920852525
14532,0.1623384297644161,1,3,1,481945,123665,66187,41769,1.1455129867723888,0.25248135207998357
14533,0.1623401670619434,4,5,4,481950,123660,66191,41765,1.145466671606951,0.2524709082665861
14534,0.1623415879893065,8,32,8,481982,123628,66199,41757,1.1451702545481492,0.25248359887535143
14535,0.1623419950801241,2,2,2,481984,123626,66201,41755,1.145151728481974,0.2524776123012922
14536,0.1623428312542896,0,3,0,481987,123623,66201,41755,1.1451239393827115,0.25248219231094826
14537,0.1623442766486567,0,1,0,481988,123622,66201,41755,1.1451146763496238,0.2524837190177594
14538,0.162346891649516,1,2,1,481990,123620,66202,41754,1.145096150283449,0.25248225234922056
14539,0.162348093116282,0,1,0,481991,123619,66202,41754,1.1450868872503612,0.25248377909332237
14540,0.1623483834038007,1,9,1,482000,123610,66203,41753,1.1450035199525732,0.25249300024793936
14541,0.1623524656578378,0,1,0,482001,123609,66203,41753,1.1449942569194858,0.2524945271585975
14542,0.1623580071955507,3,12,3,482013,123597,66206,41750,1.1448831005224351,0.25249928937325744
14543,0.162358502866298,0,2,0,482015,123595,66206,41750,1.14486457445626,0.2525023435846261
14544,0.1623604292899197,0,1,0,482016,123594,66206,41750,1.1448553114231723,0.2525038707180182
14545,0.1623615816947242,1,12,1,482028,123582,66207,41749,1.1447441550261217,0.2525176766607593
14546,0.1623621473679189,0,6,0,482034,123576,66207,41749,1.1446885768275965,0.25252684107061846
14547,0.1623651455287175,8,15,8,482049,123561,66215,41741,1.144549631331283,0.25251358120288925
14548,0.1623662208274336,0,1,0,482050,123560,66215,41741,1.1445403682981956,0.25251510880151967
14549,0.1623796596806223,1,4,1,482054,123556,66216,41740,1.1445033161658453,0.2525166973187494
14550,0.1623847659032881,0,6,0,482060,123550,66216,41740,1.14444773796732,0.2525258636336136
14551,0.1623870524793138,3,16,3,482076,123534,66219,41737,1.1442995294379192,0.25253674268322934
14552,0.1623883259970517,15,53,15,482129,123481,66234,41722,1.1438085886842788,0.2525498931617465
14553,0.1623889759098348,13,39,13,482168,123442,66247,41709,1.1434473303938641,0.25255069602969404
14554,0.1623917050602314,0,1,0,482169,123441,66247,41709,1.1434380673607767,0.25255222524977294
14555,0.1623949162494201,3,14,3,482183,123427,66250,41706,1.143308384897551,0.2525600576504999
14556,0.1624001156114156,4,18,4,482201,123409,66254,41702,1.143141650301975,0.2525694835595448
14557,0.1624018425082911,10,22,10,482223,123387,66264,41692,1.1429378635740486,0.25255786623374266
14558,0.1624155860524371,0,1,0,482224,123386,66264,41692,1.1429286005409611,0.2525593961642375
14559,0.1624158784017129,0,4,0,482228,123382,66264,41692,1.1428915484086108,0.25256551607158
14560,0.1624243465516307,0,1,0,482229,123381,66264,41692,1.1428822853755234,0.25256704609475805
14561,0.1624285582725926,36,120,36,482349,123261,66300,41656,1.1417707214050168,0.25258766531042887
14562,0.1624285840731699,1,2,1,482351,123259,66301,41655,1.1417521953388416,0.25258619644178176
14563,0.1624295216265567,8,17,8,482368,123242,66309,41647,1.1415947237763533,0.2525759753531163
14564,0.1624303759019433,7,18,7,482386,123224,66316,41640,1.1414279891807773,0.2525718167701863
14565,0.1624395379360681,1,1,1,482387,123223,66317,41639,1.1414187261476898,0.2525688151302301
14566,0.1624429840447749,3,12,3,482399,123211,66320,41636,1.1413075697506392,0.2525735985489575
14567,0.1624450983323649,0,5,0,482404,123206,66320,41636,1.1412612545852014,0.252581259630434
14568,0.1624461993931801,1,1,1,482405,123205,66321,41635,1.1412519915521138,0.25257825770444065
14569,0.162448527920396,2,1,2,482406,123204,66323,41633,1.1412427285190263,0.252570721379302
14570,0.1624563266384313,3,19,3,482425,123185,66326,41630,1.1410667308903628,0.2525862330491763
14571,0.1624578378228879,3,10,3,482435,123175,66329,41627,1.1409741005594871,0.2525879540296841
14572,0.1624635283552906,17,47,17,482482,123128,66346,41610,1.140538738004372,0.25258288919375005
14573,0.1624642177321668,0,4,0,482486,123124,66346,41610,1.1405016858720218,0.2525890223026212
14574,0.1624700720413846,3,2,3,482488,123122,66349,41607,1.140483159805847,0.2525784773779966
14575,0.1624705628175753,0,5,0,482493,123117,66349,41607,1.140436844640409,0.25258614409557806
14576,0.1624775209309772,3,25,3,482518,123092,66352,41604,1.1402052688132203,0.2526108709379706
14577,0.1624777796161443,2,2,2,482520,123090,66354,41602,1.1401867427470451,0.2526048624098317
14578,0.1624820719417001,10,63,10,482583,123027,66364,41592,1.1396031716625292,0.2526561332531482
14579,0.1624828613586977,5,16,5,482599,123011,66369,41587,1.1394549631331283,0.2526579909840946
14580,0.1624892523682872,1,2,1,482601,123009,66370,41586,1.1394364370669532,0.252656520550442
14581,0.1624895611818662,1,1,1,482602,123008,66371,41585,1.1394271740338657,0.2526535150340537
14582,0.1625062214751201,4,32,4,482634,122976,66375,41581,1.139130756975064,0.2526844801497353
14583,0.1625089070300771,1,0,1,482634,122976,66376,41580,1.139130756975064,0.25267993874425726
14584,0.1625093835138315,0,5,0,482639,122971,66376,41580,1.1390844418096262,0.25268761660518624
14585,0.1625268406001848,0,1,0,482640,122970,66376,41580,1.1390751787765385,0.25268915223336375
14586,0.1625276304760418,3,32,3,482672,122938,66379,41577,1.138778761717737,0.25272467556149897
14587,0.1625313708018674,1,0,1,482672,122938,66380,41576,1.138778761717737,0.25272013324094
14588,0.1625319008270025,0,5,0,482677,122933,66380,41576,1.138732446552299,0.252727814283717
14589,0.1625327325534572,1,13,1,482690,122920,66381,41575,1.138612027122161,0.252743244475516
14590,0.162533009098873,0,3,0,482693,122917,66381,41575,1.1385842380228983,0.2527478539989787
14591,0.1625334847852596,7,22,7,482715,122895,66388,41568,1.138380451294972,0.25274985863081667
14592,0.1625405975346542,1,1,1,482716,122894,66389,41567,1.1383711882618845,0.2527468518372137
14593,0.1625417259083363,6,13,6,482729,122881,66395,41561,1.1382507688317463,0.2527395677503314
14594,0.1625444487097729,0,6,0,482735,122875,66395,41561,1.1381951906332208,0.2527487898027196
14595,0.1625500642350099,2,0,2,482735,122875,66397,41559,1.1381951906332208,0.25273970103506577
14596,0.1625565266970668,0,5,0,482740,122870,66397,41559,1.138148875467783,0.2527473864099399
14597,0.1625600606552466,1,2,1,482742,122868,66398,41558,1.138130349401608,0.25274591609599456
14598,0.1625655321846497,6,22,6,482764,122846,66404,41552,1.1379265626736819,0.25275246657501915
14599,0.1625708598543369,6,28,6,482792,122818,66410,41546,1.1376671977472304,0.2527682460879511
14600,0.1625737335467642,7,39,7,482831,122779,66417,41539,1.1373059394568157,0.25279640696697864
14601,0.1625740423603431,13,18,13,482849,122761,66430,41526,1.1371392048612399,0.2527649783610389
14602,0.162576102485144,3,10,3,482859,122751,66433,41523,1.1370465745303642,0.25276671901822567
14603,0.1625769573196896,0,4,0,482863,122747,66433,41523,1.1370095223980141,0.25277287392707126
14604,0.1625780308779398,2,3,2,482866,122744,66435,41521,1.1369817332987513,0.2527683925364502
14605,0.1625786592495335,1,9,1,482875,122735,66436,41520,1.1368983660009633,0.25277769322090654
14606,0.1625815790569566,6,29,6,482904,122706,66442,41514,1.1366297380414243,0.2527950310559006
14607,0.1625864221444894,0,5,0,482909,122701,66442,41514,1.1365834228759866,0.2528027281308041
14608,0.1625866060087526,0,3,0,482912,122698,66442,41514,1.1365556337767238,0.2528073466007356
14609,0.1625875853685942,0,4,0,482916,122694,66442,41514,1.1365185816443737,0.2528135048231511
14610,0.1625880606537222,0,1,0,482917,122693,66442,41514,1.136509318611286,0.2528150444256335
14611,0.1625913558260093,0,1,0,482918,122692,66442,41514,1.1365000555781986,0.25281658404686796
14612,0.1625944243793285,0,2,0,482920,122690,66442,41514,1.1364815295120234,0.2528196633455945
14613,0.1625944911964666,0,1,0,482921,122689,66442,41514,1.136472266478936,0.25282120302308725
14614,0.1625947835457424,2,15,2,482936,122674,66444,41512,1.1363333209826225,0.2528351991034558
14615,0.1625973760073876,7,36,7,482972,122638,66451,41505,1.1359998517914707,0.25285878776432746
14616,0.1626020171948672,0,3,0,482975,122635,66451,41505,1.1359720626922079,0.2528634092847569
14617,0.1626060883016177,0,1,0,482976,122634,66451,41505,1.1359627996591204,0.25286494982910823
14618,0.1626121582697975,8,35,8,483011,122599,66459,41497,1.135638593501056,0.25288245904836193
14619,0.1626140618539971,2,8,2,483019,122591,66461,41495,1.1355644892363554,0.2528856818985166
14620,0.1626199232694584,0,2,0,483021,122589,66461,41495,1.1355459631701805,0.25288876429146045
14621,0.1626233453110913,10,25,10,483046,122564,66471,41485,1.1353143873429916,0.25288176093728093
14622,0.1626249746364911,1,1,1,483047,122563,66472,41484,1.135305124309904,0.25287874816363604
14623,0.1626326482641458,0,1,0,483048,122562,66472,41484,1.1352958612768165,0.2528802896748473
14624,0.1626356176874638,0,5,0,483053,122557,66472,41484,1.1352495461113787,0.25288799751281693
14625,0.1626406994300171,21,43,21,483096,122514,66493,41463,1.1348512356886138,0.25285863261311037
14626,0.1626420719934085,24,66,24,483162,122448,66517,41439,1.1342398755048353,0.25285104980870965
14627,0.1626476578835839,0,1,0,483163,122447,66517,41439,1.1342306124717478,0.25285259265587057
14628,0.1626485180548329,4,48,4,483211,122399,66521,41435,1.1337859868835451,0.25290843170526267
14629,0.1626544398061291,0,1,0,483212,122398,66521,41435,1.1337767238504577,0.25290997540178106
14630,0.1626546014765527,1,5,1,483217,122393,66522,41434,1.1337304086850197,0.2529131339766949
14631,0.1626548965108711,0,2,0,483219,122391,66522,41434,1.1337118826188448,0.2529162215779033
14632,0.1626629165611525,0,3,0,483222,122388,66522,41434,1.133684093519582,0.25292085312107043
14633,0.1626635594163613,0,1,0,483223,122387,66522,41434,1.1336748304864945,0.2529223970064888
14634,0.162664497086932,0,3,0,483226,122384,66522,41434,1.133647041387232,0.2529270287758366
14635,0.1626659851144718,2,10,2,483236,122374,66524,41432,1.1335544110563562,0.2529333479848113
14636,0.1626735779300105,10,16,10,483252,122358,66534,41422,1.1334062025269553,0.25291244352179754
14637,0.1626739855536519,6,15,6,483267,122343,66540,41416,1.1332672570306421,0.25290823710452554
14638,0.162684581123998,2,7,2,483274,122336,66542,41414,1.1332024157990293,0.2529099236641221
14639,0.1626883873803661,6,13,6,483287,122323,66548,41408,1.133081996368891,0.25290262686968257
14640,0.1626886360684267,6,20,6,483307,122303,66554,41402,1.13289673570714,0.2529061421459332
14641,0.1626890471173211,1,3,1,483310,122300,66555,41401,1.1328689466078772,0.25290621315691414
14642,0.1626905694800947,4,8,4,483318,122292,66559,41397,1.1327948423431768,0.2529003170646775
14643,0.1626912833859939,1,3,1,483321,122289,66560,41396,1.1327670532439142,0.2529003879402511
14644,0.1626913201524004,14,20,14,483341,122269,66574,41382,1.132581792582163,0.25286738241746154
14645,0.1626948180000277,2,2,2,483343,122267,66576,41380,1.132563266515988,0.2528613417905614
14646,0.1626970106494604,0,15,0,483358,122252,66576,41380,1.1324243210196747,0.25288452136501416
14647,0.1627022867810923,4,11,4,483369,122241,66580,41376,1.1323224276557116,0.2528832578521792
14648,0.1627106904221807,0,1,0,483370,122240,66580,41376,1.132313164622624,0.25288480344220615
14649,0.1627345536924341,1,1,1,483371,122239,66581,41375,1.1323039015895364,0.252881782732529
14650,0.1627397331319468,0,4,0,483375,122235,66581,41375,1.1322668494571864,0.25288796528329566
14651,0.1627436645035271,3,8,3,483383,122227,66584,41372,1.1321927451924858,0.25288663133637734
14652,0.1627437688427483,1,1,1,483384,122226,66585,41371,1.1321834821593983,0.25288361033515283
14653,0.1627440364186724,0,1,0,483385,122225,66585,41371,1.1321742191263107,0.2528851561162865
14654,0.1627448845226833,1,2,1,483387,122223,66586,41370,1.1321556930601355,0.25288368084208984
14655,0.1627452275278179,2,5,2,483392,122218,66588,41368,1.1321093778946978,0.25288227598938784
14656,0.1627455462887951,36,131,36,483523,122087,66624,41332,1.1308959205602283,0.2529204070518116
14657,0.1627458987250417,1,0,1,483523,122087,66625,41331,1.1308959205602283,0.25291583546488144
14658,0.1627514431064933,2,5,2,483528,122082,66627,41329,1.1308496053947905,0.2529144304850959
14659,0.1627535760989,0,3,0,483531,122079,66627,41329,1.130821816295528,0.25291907372956035
14660,0.1627568694672635,0,1,0,483532,122078,66627,41329,1.1308125532624402,0.25292062151560213
14661,0.1627600964708163,5,19,5,483551,122059,66632,41324,1.1306365556337767,0.2529271711255149
14662,0.162763455734237,1,6,1,483557,122053,66633,41323,1.1305809774352513,0.25293188718049164
14663,0.1627668502251406,3,19,3,483576,122034,66636,41320,1.1304049798065878,0.25294758622378394
14664,0.1627683831062271,0,2,0,483578,122032,66636,41320,1.1303864537404127,0.2529506831872276
14665,0.1627720355039766,3,8,3,483586,122024,66639,41317,1.1303123494757124,0.2529493513569771
14666,0.1627750353288376,13,38,13,483624,121986,66652,41304,1.1299603542183854,0.2529487415028477
14667,0.1627757632473469,0,1,0,483625,121985,66652,41304,1.1299510911852977,0.25295029058907825
14668,0.162777761706152,0,1,0,483626,121984,66652,41304,1.1299418281522102,0.2529518396942825
14669,0.1627811833824107,24,86,24,483712,121898,66676,41280,1.1291452073066806,0.252975278530194
14670,0.1627853802477682,0,3,0,483715,121895,66676,41280,1.1291174182074177,0.2529799295235177
14671,0.1627914958513301,0,3,0,483718,121892,66676,41280,1.1290896291081551,0.2529845806878631
14672,0.1628003732201061,1,0,1,483718,121892,66677,41279,1.1290896291081551,0.2529800025739868
14673,0.162800445760601,5,5,5,483723,121887,66682,41274,1.1290433139427174,0.25296486292680237
14674,0.1628011897332045,1,8,1,483731,121879,66683,41273,1.128969209678017,0.2529726880455036
14675,0.1628082972665583,1,6,1,483737,121873,66684,41272,1.1289136314794916,0.25297741273100616
14676,0.1628086013444625,0,4,0,483741,121869,66684,41272,1.1288765793471414,0.25298361540017533
14677,0.1628148558503683,7,33,7,483774,121836,66691,41265,1.1285708992552521,0.25300274063310463
14678,0.1628240451487336,1,0,1,483774,121836,66692,41264,1.1285708992552521,0.25299816063764563
14679,0.162826595133888,0,3,0,483777,121833,66692,41264,1.1285431101559895,0.25300281427616694
14680,0.1628276264679525,1,0,1,483777,121833,66693,41263,1.1285431101559895,0.2529982341688331
14681,0.1628317958501022,3,12,3,483789,121821,66696,41260,1.128431953758939,0.253003108884542
14682,0.1628394944577849,5,13,5,483802,121808,66701,41255,1.1283115343288006,0.2530003740885425
14683,0.1628411802716683,15,56,15,483858,121752,66716,41240,1.1277928044758976,0.2530185530578188
14684,0.1628485934059471,2,3,2,483861,121749,66718,41238,1.127765015376635,0.25301404406486405
14685,0.1628545078124295,1,4,1,483865,121745,66719,41237,1.1277279632442847,0.2530156704421347
14686,0.1628551079775541,0,19,0,483884,121726,66719,41237,1.1275519656156212,0.25304516976246144
14687,0.1628563106098398,1,2,1,483886,121724,66720,41236,1.127533439549446,0.2530436917034855
14688,0.1628579814116577,2,2,2,483888,121722,66722,41234,1.127514913483271,0.25303762978963645
14689,0.1628607878660664,0,5,0,483893,121717,66722,41234,1.1274685983178332,0.2530453940141515
14690,0.1628637859639811,0,8,0,483901,121709,66722,41234,1.1273944940531329,0.2530578177644943
14691,0.1628692214537656,2,2,2,483903,121707,66724,41232,1.1273759679869577,0.253051755564966
14692,0.1628759770298071,5,10,5,483913,121697,66729,41227,1.127283337656082,0.25304436424345095
14693,0.1628794579012464,1,6,1,483919,121691,66730,41226,1.1272277594575568,0.2530490986207701
14694,0.1628801060318714,0,6,0,483925,121685,66730,41226,1.1271721812590314,0.2530584184002308
14695,0.1628831070556537,1,4,1,483929,121681,66731,41225,1.1271351291266813,0.25306004689821127
14696,0.1628843417466497,0,1,0,483930,121680,66731,41225,1.1271258660935937,0.25306160031920444
14697,0.1628867794867282,9,22,9,483952,121658,66740,41216,1.1269220793656676,0.2530545083929909
14698,0.1628887779455333,5,18,5,483970,121640,66745,41211,1.1267553447700915,0.25305954522846036
14699,0.1628923452759809,18,47,18,484017,121593,66763,41193,1.1263199822149765,0.2530500165861929
14700,0.1628926317046516,0,1,0,484018,121592,66763,41193,1.1263107191818889,0.2530515710907025
14701,0.1628995044814156,0,13,0,484031,121579,66763,41193,1.1261902997517508,0.2530717813874622
14702,0.1629008232965883,5,32,5,484063,121547,66768,41188,1.125893882692949,0.2530985958767321
14703,0.1629016069140677,4,5,4,484068,121542,66772,41184,1.1258475675275113,0.25308801297887246
14704,0.1629029072016599,25,102,25,484170,121440,66797,41159,1.1249027381525807,0.2531319380808
14705,0.1629073341775342,15,35,15,484205,121405,66812,41144,1.1245785319945163,0.2531175214858289
14706,0.1629144499460985,0,2,0,484207,121403,66812,41144,1.1245600059283412,0.25312063587762307
14707,0.1629150119564327,0,1,0,484208,121402,66812,41144,1.1245507428952537,0.2531221931022603
14708,0.1629151327828519,0,5,0,484213,121397,66812,41144,1.124504427729816,0.25312997951286137
14709,0.1629160978840606,0,6,0,484219,121391,66812,41144,1.1244488495312905,0.2531393238379426
14710,0.1629183738400825,0,2,0,484221,121389,66812,41144,1.1244303234651154,0.2531424387662813
14711,0.1629197233537149,7,21,7,484242,121368,66819,41137,1.1242357997702768,0.25314298021599335
14712,0.1629205591436221,0,1,0,484243,121367,66819,41137,1.1242265367371893,0.25314453798060355
14713,0.1629227299175684,1,6,1,484249,121361,66820,41136,1.124170958538664,0.2531492889099491
14714,0.1629261611878568,1,0,1,484249,121361,66821,41135,1.124170958538664,0.25314469279243795
14715,0.1629263091369505,0,1,0,484250,121360,66821,41135,1.1241616955055764,0.25314625065386626
14716,0.1629298735752961,2,14,2,484264,121346,66823,41133,1.1240320130423507,0.2531588697616307
14717,0.1629320727825858,0,3,0,484267,121343,66823,41133,1.1240042239430879,0.25316354415421355
14718,0.1629377754236,2,1,2,484268,121342,66825,41131,1.1239949609100004,0.25315590898180007
14719,0.1629386427073338,0,1,0,484269,121341,66825,41131,1.1239856978769127,0.25315746713279824
14720,0.1629470749752583,0,1,0,484270,121340,66825,41131,1.1239764348438253,0.2531590253029771
14721,0.1629510186363897,9,15,9,484285,121325,66834,41122,1.123837489347512,0.2531410244572076
14722,0.1629530460446732,1,0,1,484285,121325,66835,41121,1.123837489347512,0.25313642687416127
14723,0.162954667790797,2,5,2,484290,121320,66837,41119,1.123791174182074,0.2531350229932467
14724,0.1629575252425672,1,3,1,484293,121317,66838,41118,1.1237633850828115,0.2531351001939237
14725,0.1629619781822725,0,2,0,484295,121315,66838,41118,1.1237448590166363,0.2531382169879273
14726,0.1629630792430878,6,5,6,484300,121310,66844,41112,1.1236985438511986,0.25311841991848394
14727,0.1629661575898103,0,5,0,484305,121305,66844,41112,1.1236522286857609,0.25312621215759434
14728,0.1629708592968368,0,1,0,484306,121304,66844,41112,1.1236429656526734,0.25312777066298886
14729,0.1629752333166738,1,0,1,484306,121304,66845,41111,1.1236429656526734,0.25312317212080165
14730,0.1629771128831285,6,1,6,484307,121303,66851,41105,1.1236337026195857,0.25309713807201617
14731,0.162978545526727,9,60,9,484367,121243,66860,41096,1.1230779206343324,0.25314927404998183
14732,0.1629819730936978,0,3,0,484370,121240,66860,41096,1.1230501315350698,0.25315395229647153
14733,0.1629824652263442,0,6,0,484376,121234,66860,41096,1.1229945533365444,0.25316330930819936
14734,0.1629861305953041,1,0,1,484376,121234,66861,41095,1.1229945533365444,0.25315870854868816
14735,0.1629895739317318,8,11,8,484387,121223,66869,41087,1.1228926599725815,0.2531390548949541
14736,0.1629932421313026,0,1,0,484388,121222,66869,41087,1.1228833969394938,0.25314061450689734
14737,0.1629954855264608,2,11,2,484399,121211,66871,41085,1.1227815035755309,0.25314856804850394
14738,0.1629994931349097,4,26,4,484425,121185,66875,41081,1.1225406647152543,0.25317071968249666
14739,0.1629997658935763,0,1,0,484426,121184,66875,41081,1.1225314016821668,0.2531722799124888
14740,0.1630102092477534,1,9,1,484435,121175,66876,41080,1.1224480343843788,0.25318172013189116
14741,0.1630105207207969,24,69,24,484504,121106,66900,41056,1.1218088851013375,0.2531789198455865
14742,0.1630140525286528,0,2,0,484506,121104,66900,41056,1.1217903590351626,0.25318204242723236
14743,0.1630182700559963,0,6,0,484512,121098,66900,41056,1.1217347808366371,0.25319141063433526
14744,0.1630273572961647,0,1,0,484513,121097,66900,41056,1.1217255178035497,0.2531929720695886
14745,0.1630274756403397,1,16,1,484529,121081,66901,41055,1.1215773092741488,0.253213351754083
14746,0.1630280325548047,2,12,2,484541,121069,66903,41053,1.1214661528770982,0.25322288153365985
14747,0.1630302150995687,0,3,0,484544,121066,66903,41053,1.1214383637778353,0.2532275674041907
14748,0.1630316519294346,0,1,0,484545,121065,66903,41053,1.1214291007447479,0.25322912939957315
14749,0.1630336408346474,0,1,0,484546,121064,66903,41053,1.1214198377116602,0.25323069141422555
14750,0.1630373253763317,0,1,0,484547,121063,66903,41053,1.1214105746785727,0.25323225344814826
14751,0.1630377183249535,5,26,5,484573,121037,66908,41048,1.1211697358182964,0.2532498380479378
14752,0.1630384851905285,0,3,0,484576,121034,66908,41048,1.1211419467190338,0.25325452548709915
14753,0.1630406699649739,1,7,1,484583,121027,66909,41047,1.121077105487421,0.25326085615212807
14754,0.1630445455950235,0,1,0,484584,121026,66909,41047,1.1210678424543332,0.25326241878659617
14755,0.163045761458422,5,10,5,484594,121016,66914,41042,1.1209752121234577,0.2532550074664626
14756,0.1630488649332987,4,8,4,484602,121008,66918,41038,1.1209011078587572,0.2532490774224603
14757,0.1630540259614875,3,8,3,484610,121000,66921,41035,1.1208270035940568,0.2532477551146357
14758,0.1630542839038839,0,1,0,484611,120999,66921,41035,1.1208177405609694,0.25324931804436107
14759,0.1630544307225514,3,12,3,484623,120987,66924,41032,1.1207065841639186,0.25325424795857276
14760,0.1630565818364543,2,9,2,484632,120978,66926,41030,1.1206232168661308,0.2532590983161325
14761,0.1630566548751776,3,0,3,484632,120978,66929,41027,1.1206232168661308,0.25324527020770965
14762,0.1630597846805331,0,5,0,484637,120973,66929,41027,1.1205769017006928,0.2532530864197531
14763,0.163061589927986,0,2,0,484639,120971,66929,41027,1.1205583756345177,0.25325621303966717
14764,0.1630698243306558,0,2,0,484641,120969,66929,41027,1.1205398495683427,0.2532593397367836
14765,0.1630705429772219,0,1,0,484642,120968,66929,41027,1.120530586535255,0.25326090311429367
14766,0.1630707555127507,5,10,5,484652,120958,66934,41022,1.1204379562043796,0.25325348808494874
14767,0.163072420332912,1,3,1,484655,120955,66935,41021,1.120410167105117,0.25325356842989083
14768,0.1630875045818881,0,1,0,484656,120954,66935,41021,1.1204009040720293,0.25325513196480937
14769,0.1630886449890565,4,7,4,484663,120947,66939,41017,1.1203360628404164,0.25324763527697514
14770,0.1630898508642154,0,2,0,484665,120945,66939,41017,1.1203175367742413,0.2532507625245428
14771,0.1630915020752925,0,2,0,484667,120943,66939,41017,1.1202990107080661,0.2532538898493455
14772,0.1630933471363462,2,5,2,484672,120938,66941,41015,1.1202526955426284,0.2532524868325996
14773,0.1630946652747235,1,0,1,484672,120938,66942,41014,1.1202526955426284,0.253247875913851
14774,0.1630956134949194,3,6,3,484678,120932,66945,41011,1.1201971173441032,0.2532434251557647
14775,0.1630966436687363,0,4,0,484682,120928,66945,41011,1.120160065211753,0.2532496804352256
14776,0.1630970535785224,2,6,2,484688,120922,66947,41009,1.1201044870132275,0.25324984098165265
14777,0.1631032126645779,3,3,3,484691,120919,66950,41006,1.120076697913965,0.2532406978539447
14778,0.163104082708849,2,13,2,484704,120906,66952,41004,1.1199562784838268,0.25325180655919954
14779,0.1631146962780457,6,29,6,484733,120877,66958,40998,1.1196876505242876,0.25326949806949806
14780,0.1631178835964274,0,3,0,484736,120874,66958,40998,1.119659861425025,0.2532741919541366
14781,0.1631184730108046,14,19,14,484755,120855,66972,40984,1.1194838637963616,0.25323933044568986
14782,0.1631229663690055,5,9,5,484764,120846,66977,40979,1.1194004964985735,0.25323034141819867
14783,0.1631239530902864,1,0,1,484764,120846,66978,40978,1.1194004964985735,0.25322572671544397
14784,0.1631260738843563,8,15,8,484779,120831,66986,40970,1.11926155100226,0.25321227928133944
14785,0.1631286973681563,2,11,2,484790,120820,66988,40968,1.1191596576382972,0.2532202635547754
14786,0.163130214934733,0,7,0,484797,120813,66988,40968,1.1190948164066843,0.25323121998256903
14787,0.1631302426368989,27,105,27,484902,120708,67015,40941,1.1181221979324911,0.2532709760035633
14788,0.1631332370745308,6,11,6,484913,120697,67021,40935,1.118020304568528,0.2532604929716888
14789,0.1631345969244728,2,7,2,484920,120690,67023,40933,1.117955463336915,0.25326222134225945
14790,0.163138373535546,4,3,4,484923,120687,67027,40929,1.1179276742376523,0.2532484407484408
14791,0.1631387650823608,0,1,0,484924,120686,67027,40929,1.1179184112045648,0.25325000773443057
14792,0.1631419705731925,1,1,1,484925,120685,67028,40928,1.1179091481714774,0.2532469541435404
14793,0.1631439697441767,1,1,1,484926,120684,67029,40927,1.1178998851383897,0.25324390047707146
14794,0.1631458325931006,2,8,2,484934,120676,67031,40925,1.1178257808736893,0.2532471952525046
14795,0.1631503113145521,2,0,2,484934,120676,67033,40923,1.1178257808736893,0.25323795320515596
14796,0.1631532636080904,3,19,3,484953,120657,67036,40920,1.1176497832450258,0.25325386657754506
14797,0.1631532700154358,5,5,5,484958,120652,67041,40915,1.1176034680795879,0.253238594514969
14798,0.1631587540083899,2,10,2,484968,120642,67043,40913,1.1175108377487124,0.25324502491411593
14799,0.1631600285266006,0,2,0,484970,120640,67043,40913,1.1174923116825373,0.2532481600465482
14800,0.1631600564126114,11,25,11,484995,120615,67054,40902,1.1172607358553486,0.25323650142090304
14801,0.1631611544227124,2,4,2,484999,120611,67056,40900,1.1172236837229983,0.25323352588987746
14802,0.1631648677034406,7,17,7,485016,120594,67063,40893,1.11706621216051,0.253227814003604
14803,0.1631680473190729,5,10,5,485026,120584,67068,40888,1.1169735818296342,0.25322037257233454
14804,0.1631692346925178,0,8,0,485034,120576,67068,40888,1.116899477564934,0.25323291879304366
14805,0.1631696858283057,0,1,0,485035,120575,67068,40888,1.1168902145318462,0.2532344871580486
14806,0.1631719857603649,2,1,2,485036,120574,67070,40886,1.1168809514987588,0.25322680540071846
14807,0.1631726061673673,8,38,8,485074,120536,67078,40878,1.1165289562414318,0.2532494083536744
14808,0.1631735660406525,0,1,0,485075,120535,67078,40878,1.116519693208344,0.2532509773066606
14809,0.1631779001668473,1,1,1,485076,120534,67079,40877,1.1165104301752566,0.2532479199063261
14810,0.1631812054417434,0,1,0,485077,120533,67079,40877,1.116501167142169,0.2532494888792516
14811,0.1631877754807904,1,8,1,485085,120525,67080,40876,1.1164270628774686,0.2532574147619903
14812,0.1631880486709148,16,63,16,485148,120462,67096,40860,1.1158434917929527,0.2532822553650463
14813,0.1631889219215401,0,1,0,485149,120461,67096,40860,1.115834228759865,0.2532838254164058
14814,0.163197330511006,0,1,0,485150,120460,67096,40860,1.1158249657267776,0.25328539548723034
14815,0.1632043871232745,0,5,0,485155,120455,67096,40860,1.1157786505613398,0.2532932461333416
14816,0.1632071432723005,2,5,2,485160,120450,67098,40858,1.115732335395902,0.2532918392144221
14817,0.1632090005756576,2,2,2,485162,120448,67100,40856,1.115713809329727,0.2532857213708278
14818,0.1632112394651443,12,31,12,485193,120417,67112,40844,1.1154266553040126,0.2532788460942199
14819,0.1632123525538761,0,1,0,485194,120416,67112,40844,1.1154173922709252,0.25328041671834306
14820,0.1632133865621833,0,5,0,485199,120411,67112,40844,1.1153710771054874,0.25328827013115873
14821,0.1632143219116085,4,4,4,485203,120407,67116,40840,1.1153340249731372,0.25327602994164233
14822,0.1632144329568073,3,8,3,485211,120399,67119,40837,1.1152599207084368,0.2532747029199434
14823,0.1632160240590695,0,1,0,485212,120398,67119,40837,1.1152506576753491,0.2532762737619003
14824,0.1632166259985388,3,3,3,485215,120395,67122,40834,1.1152228685760865,0.25326709214843485
14825,0.1632172554394756,0,1,0,485216,120394,67122,40834,1.115213605542999,0.2532686630113876
14826,0.1632203445515363,2,4,2,485220,120390,67124,40832,1.1151765534106488,0.2532656833434643
14827,0.1632217642900429,0,4,0,485224,120386,67124,40832,1.1151395012782985,0.2532719671500701
14828,0.1632248307505791,11,79,11,485303,120307,67135,40821,1.1144077216643817,0.2533451665756417
14829,0.1632285935840701,4,32,4,485335,120275,67139,40817,1.11411130460558,0.25337695230054874
14830,0.1632292830581674,2,4,2,485339,120271,67141,40815,1.1140742524732299,0.2533739741504538
14831,0.1632327151578557,23,70,23,485409,120201,67164,40792,1.113425840157101,0.2533774760393309
14832,0.1632345057794824,4,3,4,485412,120198,67168,40788,1.1133980510578383,0.25336364652826954
14833,0.1632369787845275,6,15,6,485427,120183,67174,40782,1.113259105561525,0.2533594259621657
14834,0.1632404078383487,0,1,0,485428,120182,67174,40782,1.1132498425284376,0.2533609999751497
14835,0.163251680855628,0,4,0,485432,120178,67174,40782,1.1132127903960873,0.253367296222664
14836,0.1632523346654152,0,4,0,485436,120174,67174,40782,1.113175738263737,0.2533735927831208
14837,0.1632527661768867,0,5,0,485441,120169,67174,40782,1.1131294230982993,0.2533814639238029
14838,0.1632529868125738,0,6,0,485447,120163,67174,40782,1.113073844899774,0.25339090993817764
14839,0.1632537158709947,7,33,7,485480,120130,67181,40775,1.1127681648078847,0.2534103974394829
14840,0.1632578208002248,5,10,5,485490,120120,67186,40770,1.1126755344770092,0.2534029461122506
14841,0.1632587337088737,0,2,0,485492,120118,67186,40770,1.112657008410834,0.2534060961662772
14842,0.1632603333450949,0,3,0,485495,120115,67186,40770,1.1126292193115714,0.25341082139416354
14843,0.163260743254881,2,8,2,485503,120107,67188,40768,1.1125551150468709,0.2534141414141414
14844,0.1632631459631808,0,3,0,485506,120104,67188,40768,1.1125273259476083,0.2534188671739022
14845,0.1632662062985815,1,9,1,485515,120095,67189,40767,1.1124439586498203,0.25342840447091297
14846,0.1632677723852076,4,13,4,485528,120082,67193,40763,1.1123235392196822,0.25343032111660296
14847,0.1632722566592674,13,45,13,485573,120037,67206,40750,1.111906702730742,0.2534408876339505
14848,0.1632767993060583,6,24,6,485597,120013,67212,40744,1.1116843899366409,0.2534508606157119
14849,0.1632807323400435,5,24,5,485621,119989,67217,40739,1.1114620771425396,0.25346548205664227
14850,0.1632839119556758,3,9,3,485630,119980,67220,40736,1.1113787098447516,0.25346574080987583
14851,0.1632872013153999,0,3,0,485633,119977,67220,40736,1.1113509207454888,0.2534704722082221
14852,0.1632895371102302,0,1,0,485634,119976,67220,40736,1.1113416577124013,0.25347204938025786
14853,0.1632907513408899,0,1,0,485635,119975,67220,40736,1.1113323946793139,0.253473626571921
14854,0.1633017366179526,2,8,2,485643,119967,67222,40734,1.1112582904146133,0.25347695409487186
14855,0.16330367066442,5,8,5,485651,119959,67227,40729,1.111184186149913,0.25346634471771384
14856,0.1633177540433853,0,2,0,485653,119957,67227,40729,1.1111656600837378,0.25346949952080455
14857,0.1633204375904348,0,7,0,485660,119950,67227,40729,1.111100818852125,0.2534805419500993
14858,0.1633219126035979,0,2,0,485662,119948,67227,40729,1.1110822927859498,0.2534836971066176
14859,0.1633220159229246,1,5,1,485667,119943,67228,40728,1.111035977620512,0.2534869391489441
14860,0.16332374608897,6,24,6,485691,119919,67234,40722,1.1108136648264109,0.25349692793247053
14861,0.1633243442839929,1,2,1,485693,119917,67235,40721,1.1107951387602357,0.25349543694518106
14862,0.1633247600583728,0,3,0,485696,119914,67235,40721,1.110767349660973,0.2535001711955676
14863,0.1633275238996252,0,3,0,485699,119911,67235,40721,1.1107395605617103,0.25350490562279
14864,0.1633289417339244,2,0,2,485699,119911,67237,40719,1.1107395605617103,0.2534956110315632
14865,0.1633296312569159,0,1,0,485700,119910,67237,40719,1.1107302975286228,0.25349718917505554
14866,0.1633314861385939,0,1,0,485701,119909,67237,40719,1.1107210344955352,0.2534987673381976
14867,0.1633346904768815,0,2,0,485703,119907,67237,40719,1.11070250842936,0.25350192372343205
14868,0.1633407286735715,0,3,0,485706,119904,67237,40719,1.1106747193300974,0.2535066584486655
14869,0.1633423885946553,0,9,0,485715,119895,67237,40719,1.1105913520323094,0.2535208636856065
14870,0.1633435760086259,0,2,0,485717,119893,67237,40719,1.1105728259661343,0.2535240206211242
14871,0.163344126050116,1,1,1,485718,119892,67238,40718,1.1105635629330468,0.2535209513728909
14872,0.1633480049414649,1,6,1,485724,119886,67239,40717,1.1105079847345214,0.253525774736462
14873,0.163351425500765,0,2,0,485726,119884,67239,40717,1.1104894586683465,0.2535289319493652
14874,0.1633536606785601,4,25,4,485751,119859,67243,40713,1.1102578828411576,0.25354980943128314
14875,0.1633627667522783,8,11,8,485762,119848,67251,40705,1.1101559894771944,0.25352998698249174
14876,0.1633676421376963,2,8,2,485770,119840,67253,40703,1.110081885212494,0.25353332129086914
14877,0.1633680702452869,0,3,0,485773,119837,67253,40703,1.1100540961132312,0.25353805905070387
14878,0.1633690775364637,21,82,21,485855,119755,67274,40682,1.1092945274000519,0.2535699371092703
14879,0.1633698515120166,0,2,0,485857,119753,67274,40682,1.1092760013338767,0.2535730981394334
14880,0.1633770762385419,0,7,0,485864,119746,67274,40682,1.1092111601022638,0.25358416236567183
14881,0.1633781226331659,5,4,5,485868,119742,67279,40677,1.1091741079699136,0.25356722084042416
14882,0.1633820709351844,3,12,3,485880,119730,67282,40674,1.109062951572863,0.25357223011894964
14883,0.1633839715953483,0,2,0,485882,119728,67282,40674,1.1090444255066878,0.25357539182803207
14884,0.1633881954232096,0,2,0,485884,119726,67282,40674,1.1090258994405129,0.2535785536159601
14885,0.1633939353316398,1,1,1,485885,119725,67283,40673,1.1090166364074252,0.2535754809910348
14886,0.163399562871591,1,7,1,485892,119718,67284,40672,1.1089517951758123,0.2535818941330507
14887,0.1634011919920592,0,8,0,485900,119710,67284,40672,1.108877690911112,0.2535945430285194
14888,0.1634018296439287,1,9,1,485909,119701,67285,40671,1.108794323613324,0.25360412042002345
14889,0.1634068628099224,0,1,0,485910,119700,67285,40671,1.1087850605802363,0.25360570177899994
14890,0.1634092412368497,1,21,1,485931,119679,67286,40670,1.1085905368853977,0.2536342602697865
14891,0.1634147106513483,1,1,1,485932,119678,67287,40669,1.1085812738523102,0.25363118736240775
14892,0.1634150722591443,0,1,0,485933,119677,67287,40669,1.1085720108192227,0.2536327691367418
14893,0.1634156588715442,9,9,9,485942,119668,67296,40660,1.1084886435214347,0.25360510952547277
14894,0.1634156867852593,1,1,1,485943,119667,67297,40659,1.108479380488347,0.2536020358519516
14895,0.1634156901664224,2,11,2,485954,119656,67299,40657,1.108377487124384,0.253610125192592
14896,0.1634185023914646,6,13,6,485967,119643,67305,40651,1.1082570676942458,0.25360275493780177
14897,0.1634256828791338,3,0,3,485967,119643,67308,40648,1.1082570676942458,0.25358878539656
14898,0.1634296009110015,1,1,1,485968,119642,67309,40647,1.1082478046611584,0.2535857108098497
14899,0.1634324861199418,10,42,10,486010,119600,67319,40637,1.1078587572714809,0.2536055967098735
14900,0.1634349531226769,0,3,0,486013,119597,67319,40637,1.1078309681722183,0.2536103448706267
14901,0.1634396065862412,7,5,7,486018,119592,67326,40630,1.1077846530067805,0.25358564991074883
14902,0.1634404889824169,3,41,3,486059,119551,67329,40627,1.1074048686501907,0.2536365793055226
14903,0.1634429941924931,2,8,2,486067,119543,67331,40625,1.1073307643854904,0.2536399280755207
14904,0.1634524602208604,0,1,0,486068,119542,67331,40625,1.107321501352403,0.2536415116721922
14905,0.1634538451220135,0,2,0,486070,119540,67331,40625,1.1073029752862278,0.25364467892485876
14906,0.1634543326904935,5,21,5,486091,119519,67336,40620,1.1071084515913892,0.25365463753364265
14907,0.1634578958590758,9,36,9,486127,119483,67345,40611,1.106774982400237,0.25366971904006397
14908,0.163461837809603,1,4,1,486131,119479,67346,40610,1.106737930267887,0.25367139528637195
14909,0.1634630192759136,0,2,0,486133,119477,67346,40610,1.1067194042017119,0.2536745644555773
14910,0.163466267040172,0,6,0,486139,119471,67346,40610,1.1066638260031865,0.2536840724383281
14911,0.1634675877980004,1,3,1,486142,119468,67347,40609,1.1066360369039239,0.25368416449583636
14912,0.1634698364892828,1,7,1,486149,119461,67348,40608,1.106571195672311,0.25369059593050497
14913,0.1634714781755607,0,1,0,486150,119460,67348,40608,1.1065619326392233,0.25369218082315015
14914,0.1634767786070075,0,1,0,486151,119459,67348,40608,1.1065526696061359,0.2536937657355982
14915,0.1634790864846682,1,8,1,486159,119451,67349,40607,1.1064785653414353,0.25370178310362496
14916,0.1634803691420529,0,1,0,486160,119450,67349,40607,1.1064693023083478,0.25370336817508765
14917,0.1634856022799565,1,0,1,486160,119450,67350,40606,1.1064693023083478,0.2536987054530914
14918,0.1634864023162468,0,1,0,486161,119449,67350,40606,1.1064600392752604,0.253700290525132
14919,0.1634918114793555,1,5,1,486166,119444,67351,40605,1.1064137241098224,0.25370355328680594
14920,0.163492631410283,1,2,1,486168,119442,67352,40604,1.1063951980436475,0.25370206065756096
14921,0.1635006010140058,1,12,1,486180,119430,67353,40603,1.1062840416465967,0.2537164209881712
14922,0.1635016583311338,1,5,1,486185,119425,67354,40602,1.106237726481159,0.25371968480318946
14923,0.1635065138578202,7,26,7,486211,119399,67361,40595,1.1059968876208826,0.2537282648099304
14924,0.163507139742406,0,3,0,486214,119396,67361,40595,1.10596909852162,0.2537330224825146
14925,0.1635083191342472,6,35,6,486249,119361,67367,40589,1.1056448923635556,0.2537605501719287
14926,0.1635114987498795,10,36,10,486285,119325,67377,40579,1.1053114231724035,0.2537710126075645
14927,0.1635235981172271,0,1,0,486286,119324,67377,40579,1.105302160139316,0.2537725996385309
14928,0.1635254058571567,2,10,2,486296,119314,67379,40577,1.1052095298084406,0.25377913703710653
14929,0.1635283757509633,5,13,5,486309,119301,67384,40572,1.1050891103783023,0.2537764350453172
14930,0.1635301556918574,0,1,0,486310,119300,67384,40572,1.1050798473452148,0.25377802241793435
14931,0.1635307611185086,6,17,6,486327,119283,67390,40566,1.1049223757827262,0.2537770020456806
14932,0.1635323742603995,0,1,0,486328,119282,67390,40566,1.1049131127496388,0.2537785896601772
14933,0.1635332492331578,11,49,11,486377,119233,67401,40555,1.1044592241283486,0.2538050416802263
14934,0.1635345800110569,1,19,1,486396,119214,67402,40554,1.1042832264996851,0.2538305543037404
14935,0.1635418096666677,1,6,1,486402,119208,67403,40553,1.1042276483011597,0.25383541665362636
14936,0.1635468252602676,5,7,5,486409,119201,67408,40548,1.1041628070695468,0.2538231851216596
14937,0.1635559593540377,0,12,0,486421,119189,67408,40548,1.1040516506724962,0.25384225320370357
14938,0.1635563823827511,2,3,2,486424,119186,67410,40546,1.1040238615732336,0.25383767811083563
14939,0.1635705524862811,0,1,0,486425,119185,67410,40546,1.104014598540146,0.25383926726809447
14940,0.1635737604956787,7,53,7,486478,119132,67417,40539,1.1035236577865055,0.25389081298419874
14941,0.1635850821924828,18,72,18,486550,119060,67435,40521,1.1028567194042016,0.2539212061586279
14942,0.1635865793827297,0,4,0,486554,119056,67435,40521,1.1028196672718515,0.2539275710158732
14943,0.1635872331410111,1,6,1,486560,119050,67436,40520,1.1027640890733261,0.2539324434417497
14944,0.1635876257773537,2,6,2,486566,119044,67438,40518,1.102708510874801,0.2539326406036525
14945,0.1635972810809149,0,1,0,486567,119043,67438,40518,1.1026992478417132,0.25393423204918497
14946,0.1636019352636174,0,2,0,486569,119041,67438,40518,1.102680721775538,0.25393741500009404
14947,0.1636028277187368,9,31,9,486600,119010,67447,40509,1.102393567749824,0.25394467116769787
14948,0.1636054712766443,0,4,0,486604,119006,67447,40509,1.1023565156174737,0.25395103908723315
14949,0.1636096577293882,5,33,5,486637,118973,67452,40504,1.1020508355255845,0.25398019777146547
14950,0.1636105936698177,0,1,0,486638,118972,67452,40504,1.102041572492497,0.25398179036344026
14951,0.1636163538491157,0,1,0,486639,118971,67452,40504,1.1020323094594093,0.253983382975388
14952,0.1636173724396281,3,16,3,486655,118955,67455,40501,1.1018841009300084,0.2539948324302629
14953,0.1636203473760097,1,1,1,486656,118954,67456,40500,1.101874837896921,0.2539917468360781
14954,0.1636211895390353,3,6,3,486662,118948,67459,40497,1.1018192596983956,0.2539872683370441
14955,0.1636238324205167,0,1,0,486663,118947,67459,40497,1.101809996665308,0.25398886129299314
14956,0.163626534730472,0,1,0,486664,118946,67459,40497,1.1018007336322206,0.2539904542689237
14957,0.1636273765063363,1,1,1,486665,118945,67460,40496,1.101791470599133,0.25398736836823654
14958,0.163628200053841,0,1,0,486666,118944,67460,40496,1.1017822075660455,0.2539889613647767
14959,0.1636289200980173,1,1,1,486667,118943,67461,40495,1.1017729445329578,0.2539858753872979
14960,0.163640863561228,9,15,9,486682,118928,67470,40486,1.1016339990366446,0.25396765654208536
14961,0.1636411719312386,0,2,0,486684,118926,67470,40486,1.1016154729704695,0.2539708428474644
14962,0.1636428443711215,0,2,0,486686,118924,67470,40486,1.1015969469042943,0.25397402923279594
14963,0.16364336141654,1,4,1,486690,118920,67471,40485,1.101559894771944,0.25397572221699444
14964,0.1636442403875662,5,12,5,486702,118908,67476,40480,1.1014487383748934,0.2539714407609105
14965,0.1636495814433511,0,4,0,486706,118904,67476,40480,1.1014116862425432,0.2539778145861567
14966,0.163649859670858,0,1,0,486707,118903,67476,40480,1.1014024232094557,0.25397940809245656
14967,0.1636499921266047,6,25,6,486732,118878,67482,40474,1.1011708473822668,0.25399116421507106
14968,0.1636587938761544,11,48,11,486780,118830,67493,40463,1.1007262217940643,0.25401618401310794
14969,0.1636653171958864,0,1,0,486781,118829,67493,40463,1.1007169587609766,0.2540177786706175
14970,0.1636653480074924,3,16,3,486797,118813,67496,40460,1.1005687502315757,0.25402924538371224
14971,0.1636720949950595,0,2,0,486799,118811,67496,40460,1.1005502241654008,0.25403243528325936
14972,0.1636782605412831,0,1,0,486800,118810,67496,40460,1.1005409611323131,0.2540340302630753
14973,0.1636837601198848,2,3,2,486803,118807,67498,40458,1.1005131720330505,0.25402944777571973
14974,0.1636879907192713,1,4,1,486807,118803,67499,40457,1.1004761199007003,0.2540311440411905
14975,0.16369048770322,1,5,1,486812,118798,67500,40456,1.1004298047352625,0.2540344355557788
14976,0.1636907892502113,0,12,0,486824,118786,67500,40456,1.100318648338212,0.25405357882970575
14977,0.1636958497668634,0,1,0,486825,118785,67500,40456,1.1003093853051242,0.2540551742327667
14978,0.1637082973202962,7,13,7,486838,118772,67507,40449,1.1001889658749862,0.2540431224524403
14979,0.1637083739672426,1,0,1,486838,118772,67508,40448,1.1001889658749862,0.2540384373822384
14980,0.1637089205473649,0,1,0,486839,118771,67508,40448,1.1001797028418985,0.2540400329106451
14981,0.163710690771788,1,0,1,486839,118771,67509,40447,1.1001797028418985,0.25403534776218767
14982,0.1637139891104505,0,6,0,486845,118765,67509,40447,1.1001241246433733,0.25404492123709266
14983,0.1637140190586334,0,3,0,486848,118762,67509,40447,1.1000963355441105,0.2540497082451369
14984,0.1637210223149836,3,6,3,486854,118756,67512,40444,1.1000407573455853,0.2540452261306533
14985,0.1637287299397615,1,0,1,486854,118756,67513,40443,1.1000407573455853,0.2540405404556561
14986,0.1637304626527034,0,4,0,486858,118752,67513,40443,1.100003705213235,0.25404692358428344
14987,0.1637342775711326,0,2,0,486860,118750,67513,40443,1.0999851791470598,0.25405011526888743
14988,0.1637393775981947,2,5,2,486865,118745,67515,40441,1.099938863981622,0.25404872287764
14989,0.1637423993670749,1,0,1,486865,118745,67516,40440,1.099938863981622,0.25404403681251375
14990,0.1637498180031257,0,1,0,486866,118744,67516,40440,1.0999296009485346,0.2540456327269072
14991,0.1637542343074124,0,1,0,486867,118743,67516,40440,1.099920337915447,0.25404722866135204
14992,0.1637565761735365,1,8,1,486875,118735,67517,40439,1.0998462336507466,0.2540553105406662
14993,0.1637593665274854,0,2,0,486877,118733,67517,40439,1.0998277075845715,0.25405850275174024
14994,0.1637606159536356,1,5,1,486882,118728,67518,40438,1.0997813924191338,0.25406179711747484
14995,0.1637649131653073,3,9,3,486891,118719,67521,40435,1.0996980251213457,0.2540621033715772
14996,0.1637654828749694,0,1,0,486892,118718,67521,40435,1.0996887620882583,0.2540636997103416
14997,0.1637717867111176,1,3,1,486895,118715,67522,40434,1.0996609729889955,0.2540638018460688
14998,0.1637726014299962,4,4,4,486899,118711,67526,40430,1.0996239208566454,0.2540514386613129
14999,0.1637754975411522,0,3,0,486902,118708,67526,40430,1.0995961317573826,0.2540562279279619
15000,0.1637800556304689,0,2,0,486904,118706,67526,40430,1.0995776056912074,0.25405942087271266
15001,0.1637803309453404,2,9,2,486913,118697,67528,40428,1.0994942383934196,0.25406441476826397
15002,0.1637811354296666,0,1,0,486914,118696,67528,40428,1.099484975360332,0.25406601141248336
15003,0.1637816531670546,1,0,1,486914,118696,67529,40427,1.099484975360332,0.2540613236301478
15004,0.1637841741434447,0,4,0,486918,118692,67529,40427,1.0994479232279817,0.2540677103300046
15005,0.1637855797937767,2,9,2,486927,118683,67531,40425,1.0993645559301939,0.25407270533222714
15006,0.1637860113110242,0,2,0,486929,118681,67531,40425,1.0993460298640187,0.2540758990861438
15007,0.1637865660209335,0,1,0,486930,118680,67531,40425,1.099336766830931,0.25407749599321205
15008,0.1637876037186068,1,0,1,486930,118680,67532,40424,1.099336766830931,0.2540728077232502
15009,0.1637911358932929,0,1,0,486931,118679,67532,40424,1.0993275037978436,0.2540744046309623
15010,0.1637932294975235,0,1,0,486932,118678,67532,40424,1.099318240764756,0.2540760015587485
15011,0.1637934017258418,2,4,2,486936,118674,67534,40422,1.0992811886324059,0.2540730125207422
15012,0.1637941139195092,1,1,1,486937,118673,67535,40421,1.0992719255993182,0.25406992092725056
15013,0.1637993784060676,0,1,0,486938,118672,67535,40421,1.0992626625662307,0.25407151791719307
15014,0.1638013472898825,18,95,18,487033,118577,67553,40403,1.098382674422913,0.2541388853943892
15015,0.1638018731419288,0,4,0,487037,118573,67553,40403,1.0983456222905628,0.2541452797906602
15016,0.1638020233878467,4,27,4,487064,118546,67557,40399,1.098095520397199,0.2541696813363113
15017,0.1638042377261115,0,1,0,487065,118545,67557,40399,1.0980862573641113,0.2541712804509764
15018,0.1638111179672425,0,1,0,487066,118544,67557,40399,1.0980769943310238,0.25417287958576346
15019,0.1638114384078052,0,1,0,487067,118543,67557,40399,1.0980677312979361,0.25417447874067267
15020,0.163821378738269,1,15,1,487082,118528,67558,40398,1.097928785801623,0.25419377571951723
15021,0.1638320385543649,10,72,10,487154,118456,67568,40388,1.097261847419319,0.25426204326257207
15022,0.1638345614091158,5,7,5,487161,118449,67573,40383,1.097197006187706,0.2542497733454216
15023,0.163834619989277,0,1,0,487162,118448,67573,40383,1.0971877431546186,0.25425137410203297
15024,0.1638347032598513,4,1,4,487163,118447,67577,40379,1.097178480121531,0.2542341933940287
15025,0.1638378731318285,1,5,1,487168,118442,67578,40378,1.0971321649560932,0.25423750157410907
15026,0.1638433765105834,1,4,1,487172,118438,67579,40377,1.097095112823743,0.2542392091427132
15027,0.1638452938105138,0,2,0,487174,118436,67579,40377,1.0970765867575678,0.2542424108857587
15028,0.1638460485641108,0,1,0,487175,118435,67579,40377,1.0970673237244803,0.2542440117875224
15029,0.1638552422347976,1,2,1,487177,118433,67580,40376,1.0970487976583052,0.2542425177414378
15030,0.163855734878588,4,12,4,487189,118421,67584,40372,1.0969376412612546,0.2542429452179882
15031,0.1638569972577236,1,6,1,487195,118415,67585,40371,1.0968820630627292,0.2542478556043984
15032,0.1638591098242197,0,1,0,487196,118414,67585,40371,1.0968728000296417,0.25424945681267125
15033,0.163863850671701,2,11,2,487207,118403,67587,40369,1.0967709066656786,0.2542576776761646
15034,0.1638656166081436,1,9,1,487216,118394,67588,40368,1.0966875393678905,0.25426739396077147
15035,0.1638689968424624,0,3,0,487219,118391,67588,40368,1.096659750268628,0.25427219874148865
15036,0.1638703827668667,0,3,0,487222,118388,67588,40368,1.0966319611693653,0.254277003703797
15037,0.16387182718177,6,25,6,487247,118363,67594,40362,1.0964003853421764,0.2542888643880926
15038,0.1638720636436013,0,2,0,487249,118361,67594,40362,1.0963818592760013,0.2542920685722926
15039,0.1638736969875346,0,3,0,487252,118358,67594,40362,1.0963540701767387,0.254296875
15040,0.1638748511516802,1,24,1,487276,118334,67595,40361,1.0961317573826375,0.25433063423548313
15041,0.163879774737169,0,2,0,487278,118332,67595,40361,1.0961132313164623,0.2543338395518391
15042,0.1638831077615541,0,1,0,487279,118331,67595,40361,1.0961039682833746,0.25433544224031457
15043,0.1638873256755257,2,36,2,487315,118295,67597,40359,1.0957704990922228,0.25438375332484525
15044,0.1638884660665991,0,4,0,487319,118291,67597,40359,1.0957334469598725,0.25439016703435235
15045,0.1638945806419925,0,4,0,487323,118287,67597,40359,1.0956963948275222,0.25439658106728186
15046,0.1638974454896211,4,13,4,487336,118274,67601,40355,1.0955759753973842,0.254398628245781
15047,0.163898854178747,0,1,0,487337,118273,67601,40355,1.0955667123642965,0.25440023198930833
15048,0.163902162349547,1,0,1,487337,118273,67602,40354,1.0955667123642965,0.25439553165602324
15049,0.1639099785561121,1,6,1,487343,118267,67603,40353,1.0955111341657713,0.25440045391501703
15050,0.1639118849316559,1,4,1,487347,118263,67604,40352,1.095474082033421,0.2544021687734451
15051,0.1639153391360994,0,1,0,487348,118262,67604,40352,1.0954648190003335,0.25440377268084785
15052,0.1639156482752869,0,1,0,487349,118261,67604,40352,1.0954555559672459,0.25440537660847473
15053,0.1639173155229228,0,4,0,487353,118257,67604,40352,1.0954185038348958,0.2544117925212315
15054,0.1639193724815993,0,2,0,487355,118255,67604,40352,1.0953999777687207,0.2544150005989647
15055,0.1639241512278311,0,15,0,487370,118240,67604,40352,1.0952610322724072,0.25443906376109765
15056,0.1639300256938622,1,2,1,487372,118238,67605,40351,1.095242506206232,0.2544375713321857
15057,0.1639304395013156,2,22,2,487394,118216,67607,40349,1.095038719478306,0.25446346923974394
15058,0.1639354114068443,23,96,23,487490,118120,67630,40326,1.0941494683019009,0.2545094227686404
15059,0.1639354763874763,4,3,4,487493,118117,67634,40322,1.094121679202638,0.25449542095064975
15060,0.16393636298365,1,2,1,487495,118115,67635,40321,1.0941031531364631,0.2544939281476432
15061,0.1639409350092915,2,4,2,487499,118111,67637,40319,1.0940661010041128,0.2544909423720255
15062,0.1639534248223108,0,1,0,487500,118110,67637,40319,1.0940568379710252,0.2544925487126726
15063,0.1639535905000615,0,1,0,487501,118109,67637,40319,1.0940475749379377,0.2544941550735981
15064,0.1639543927499647,3,31,3,487532,118078,67640,40316,1.0937604209122236,0.2545298433021453
15065,0.1639552725079486,1,1,1,487533,118077,67641,40315,1.093751157879136,0.2545267437749381
15066,0.1639564079258469,3,6,3,487539,118071,67644,40312,1.0936955796806107,0.254522265647197
15067,0.1639639783103007,1,10,1,487549,118061,67645,40311,1.093602949349735,0.2545336296820145
15068,0.1639642559156459,3,4,3,487553,118057,67648,40308,1.093565897217385,0.25452593691787956
15069,0.1639679274024701,2,4,2,487557,118053,67650,40306,1.0935288450850347,0.2545229510163616
15070,0.1639699861612786,0,10,0,487567,118043,67650,40306,1.0934362147541592,0.25453902455967514
15071,0.1639786121227097,0,2,0,487569,118041,67650,40306,1.093417688687984,0.2545422395119579
15072,0.1639793945293407,3,2,3,487571,118039,67653,40303,1.093399162621809,0.2545313309166235
15073,0.1639827852254743,1,6,1,487577,118033,67654,40302,1.0933435844232835,0.2545362680392838
15074,0.1639834451430404,4,5,4,487582,118028,67658,40298,1.0932972692578458,0.2545254727587383
15075,0.1639907640661659,2,7,2,487589,118021,67660,40296,1.0932324280262329,0.25452730913294214
15076,0.1639941240009353,6,23,6,487612,117998,67666,40290,1.093019378265219,0.25453603558071364
15077,0.16399510891942,1,0,1,487612,117998,67667,40289,1.093019378265219,0.2545313260090848
15078,0.1639963661101328,3,11,3,487623,117987,67670,40286,1.0929174849012562,0.25453488592495244
15079,0.1639998203145763,0,2,0,487625,117985,67670,40286,1.092898958835081,0.254538102368722
15080,0.1640035530255972,0,1,0,487626,117984,67670,40286,1.0928896958019934,0.25453971062109054
15081,0.1640056525354238,0,1,0,487627,117983,67670,40286,1.092880432768906,0.2545413188937821
15082,0.1640073792570843,2,1,2,487628,117982,67672,40284,1.0928711697358182,0.2545335068808209
15083,0.1640131785889282,0,1,0,487629,117981,67672,40284,1.0928619067027308,0.25453511515496163
15084,0.1640153563072387,0,1,0,487630,117980,67672,40284,1.0928526436696433,0.2545367234494263
15085,0.1640192840981118,1,7,1,487637,117973,67673,40283,1.0927878024380302,0.2545432716611061
15086,0.1640206869340822,1,5,1,487642,117968,67674,40282,1.0927414872725925,0.25454660347551344
15087,0.1640249855574541,5,3,5,487645,117965,67679,40277,1.0927136981733299,0.2545278750268576
15088,0.1640268332430919,2,17,2,487662,117948,67681,40275,1.0925562266108415,0.25454579928329
15089,0.1640279686609902,4,6,4,487668,117942,67685,40271,1.092500648412316,0.2545366057150803
15090,0.1640285984808243,2,14,2,487682,117928,67687,40269,1.0923709659490903,0.25454970701087887
15091,0.1640303026263458,0,1,0,487683,117927,67687,40269,1.0923617029160029,0.25455131608890236
15092,0.1640324057538299,3,3,3,487686,117924,67690,40266,1.09233391381674,0.25454200644794234
15093,0.164032686518821,0,1,0,487687,117923,67690,40266,1.0923246507836526,0.2545436155484895
15094,0.1640343241817556,0,1,0,487688,117922,67690,40266,1.0923153877505651,0.25454522466938073
15095,0.1640373866638933,0,1,0,487689,117921,67690,40266,1.0923061247174775,0.25454683381061655
15096,0.1640462635490787,2,1,2,487690,117920,67692,40264,1.09229686168439,0.25453901785262734
15097,0.1640463041379185,1,17,1,487707,117903,67693,40263,1.0921393901219014,0.254561663062858
15098,0.164050955264484,9,23,9,487730,117880,67702,40254,1.0919263403608879,0.25455626241036083
15099,0.1640595622849267,1,0,1,487730,117880,67703,40253,1.0919263403608879,0.25455154838016103
15100,0.1640623248013092,8,20,8,487750,117860,67711,40245,1.0917410796991367,0.2545460295373328
15101,0.1640653993410961,1,3,1,487753,117857,67712,40244,1.091713290599874,0.2545461445531654
15102,0.1640666696545633,1,1,1,487754,117856,67713,40243,1.0917040275667864,0.2545430394879158
15103,0.1640672945612984,3,9,3,487763,117847,67716,40240,1.0916206602689984,0.2545433843390032
15104,0.1640725873462115,1,5,1,487768,117842,67717,40239,1.0915743451035607,0.2545467197196374
15105,0.1640734725850567,1,0,1,487768,117842,67718,40238,1.0915743451035607,0.254542004048583
15106,0.1640745046461419,1,2,1,487770,117840,67719,40237,1.0915558190373855,0.2545405087394118
15107,0.1640815667877891,0,1,0,487771,117839,67719,40237,1.091546556004298,0.2545421189807434
15108,0.1640828290290014,1,8,1,487779,117831,67720,40236,1.0914724517395975,0.25455028563836857
15109,0.164083062157958,0,1,0,487780,117830,67720,40236,1.09146318870651,0.2545518960434249
15110,0.1640891924567266,0,1,0,487781,117829,67720,40236,1.0914539256734226,0.25455350646885777
15111,0.1640899160818679,1,3,1,487784,117826,67721,40235,1.0914261365741598,0.2545536217030134
15112,0.164093379701249,0,1,0,487785,117825,67721,40235,1.0914168735410723,0.25455523219030746
15113,0.1640937153702208,1,1,1,487786,117824,67722,40234,1.0914076105079846,0.25455212643459996
15114,0.1640969029325368,1,5,1,487791,117819,67723,40233,1.0913612953425469,0.25455546275909197
15115,0.1641011493696177,1,3,1,487794,117816,67724,40232,1.0913335062432843,0.2545555780522373
15116,0.1641013996511722,3,11,3,487805,117805,67727,40229,1.0912316128793211,0.25455914550033537
15117,0.1641083954947682,2,0,2,487805,117805,67729,40227,1.0912316128793211,0.2545497114508454
15118,0.1641096279272241,0,4,0,487809,117801,67729,40227,1.091194560746971,0.25455615460551295
15119,0.1641118537194402,2,8,2,487817,117793,67731,40225,1.0911204564822705,0.25455960713336456
15120,0.1641131583164594,1,2,1,487819,117791,67732,40224,1.0911019304160954,0.25455811157168623
15121,0.1641154824326091,0,1,0,487820,117790,67732,40224,1.091092667383008,0.2545597225562292
15122,0.1641160528608028,3,11,3,487831,117779,67735,40221,1.0909907740190448,0.25456329113924053
15123,0.1641253233588795,1,3,1,487834,117776,67736,40220,1.0909629849197822,0.25456340666852323
15124,0.1641291218451528,0,2,0,487836,117774,67736,40220,1.090944458853607,0.25456662911249794
15125,0.1641296329838071,0,1,0,487837,117773,67736,40220,1.0909351958205196,0.25456824036507947
15126,0.1641307447275556,1,8,1,487845,117765,67737,40219,1.090861091555819,0.25457641280129634
15127,0.1641333506877152,1,2,1,487847,117763,67738,40218,1.0908425654896439,0.2545749172368829
15128,0.1641351487347147,0,3,0,487850,117760,67738,40218,1.0908147763903813,0.2545797516109838
15129,0.1641369198229969,3,3,3,487853,117757,67741,40215,1.0907869872911187,0.2545704302028208
15130,0.1641375653503158,1,9,1,487862,117748,67742,40214,1.0907036199933307,0.25458021549486587
15131,0.1641392578320624,1,0,1,487862,117748,67743,40213,1.0907036199933307,0.2545754964833092
15132,0.1641444631174272,1,8,1,487870,117740,67744,40212,1.09062951572863,0.2545836709886548
15133,0.1641449795316641,3,12,3,487882,117728,67747,40209,1.0905183593315795,0.25458885504979833
15134,0.1641455305896109,0,1,0,487883,117727,67747,40209,1.090509096298492,0.2545904670246176
15135,0.164146474901833,2,8,2,487891,117719,67749,40207,1.0904349920337915,0.2545939237364335
15136,0.164147156934713,1,11,1,487902,117708,67750,40206,1.0903330986698285,0.25460693795356965
15137,0.1641482703904328,5,9,5,487911,117699,67755,40201,1.0902497313720405,0.25459784673844205
15138,0.1641535282272056,0,2,0,487913,117697,67755,40201,1.0902312053058654,0.25460107157785405
15139,0.1641562222167889,0,2,0,487915,117695,67755,40201,1.0902126792396902,0.2546042964989613
15140,0.1641567924451241,2,10,2,487925,117685,67757,40199,1.0901200489088148,0.2546109802133212
15141,0.1641579537635337,0,3,0,487928,117682,67757,40199,1.090092259809552,0.2546158182428538
15142,0.1641585980851923,0,2,0,487930,117680,67757,40199,1.090073733743377,0.2546190436980219
15143,0.1641630772830864,3,15,3,487945,117665,67760,40196,1.0899347882470636,0.2546290724118053
15144,0.1641656762735797,0,1,0,487946,117664,67760,40196,1.0899255252139761,0.2546306854174585
15145,0.164166777334395,1,1,1,487947,117663,67761,40195,1.0899162621808884,0.2546275766828415
15146,0.1641695095284282,1,3,1,487950,117660,67762,40194,1.0898884730816258,0.2546276939450378
15147,0.1641736736352035,0,2,0,487952,117658,67762,40194,1.0898699470154507,0.25463092010237437
15148,0.1641752303130254,0,1,0,487953,117657,67762,40194,1.0898606839823632,0.25463253321169965
15149,0.1641774305466579,2,1,2,487954,117656,67764,40192,1.0898514209492756,0.2546247022451979
15150,0.1641787606786641,0,1,0,487955,117655,67764,40192,1.089842157916188,0.2546263153560093
15151,0.164179686492737,0,1,0,487956,117654,67764,40192,1.0898328948831004,0.25462792848725974
15152,0.1641799562299115,2,3,2,487959,117651,67766,40190,1.0898051057838378,0.254623323471088
15153,0.1641832481266611,0,1,0,487960,117650,67766,40190,1.0897958427507504,0.2546249366447035
15154,0.1641834144545835,27,106,27,488066,117544,67793,40163,1.0888139612434695,0.25466846747449384
15155,0.1641836035855928,10,58,10,488124,117486,67803,40153,1.0882767053243914,0.25471488654457336
15156,0.1641880750613766,0,2,0,488126,117484,67803,40153,1.0882581792582162,0.25471811820828866
15157,0.1641886881400917,0,2,0,488128,117482,67803,40153,1.0882396531920413,0.2547213499540077
15158,0.1641911873088469,2,8,2,488136,117474,67805,40151,1.0881655489273407,0.2547248215701824
15159,0.1641918823343822,1,0,1,488136,117474,67806,40150,1.0881655489273407,0.2547200933867939
15160,0.164200682580296,15,56,15,488192,117418,67821,40135,1.0876468190744377,0.2547396749030485
15161,0.1642060905334859,3,13,3,488205,117405,67824,40132,1.0875263996442994,0.25474650399588666
15162,0.1642078128098234,0,2,0,488207,117403,67824,40132,1.0875078735781245,0.2547497381534262
15163,0.1642098941333302,0,3,0,488210,117400,67824,40132,1.0874800844788617,0.2547545895437118
15164,0.1642108751199535,0,3,0,488213,117397,67824,40132,1.087452295379599,0.25475944111877813
15165,0.1642117336499396,0,1,0,488214,117396,67824,40132,1.0874430323465116,0.2547610583515312
15166,0.164212165608999,5,8,5,488222,117388,67829,40127,1.087368928081811,0.25475034123734247
15167,0.1642135697794397,0,1,0,488223,117387,67829,40127,1.0873596650487236,0.25475195855606486
15168,0.1642139456687174,15,57,15,488280,117330,67844,40112,1.086831672162733,0.25477318631623075
15169,0.1642187176698563,11,48,11,488328,117282,67855,40101,1.0863870465745304,0.2547988029202646
15170,0.1642191676689998,1,3,1,488331,117279,67856,40100,1.0863592574752676,0.2547989248883269
15171,0.1642206441666054,3,21,3,488352,117258,67859,40097,1.086164733780429,0.2548187219980299
15172,0.1642290890174548,0,5,0,488357,117253,67859,40097,1.0861184186149913,0.25482681919288214
15173,0.1642301900782701,2,6,2,488363,117247,67861,40095,1.086062840416466,0.2548270646108477
15174,0.1642365900927124,0,3,0,488366,117244,67861,40095,1.0860350513172032,0.25483192342648675
15175,0.1642396134433447,0,1,0,488367,117243,67861,40095,1.0860257882841158,0.254833543072875
15176,0.1642447123027749,0,1,0,488368,117242,67861,40095,1.086016525251028,0.2548351627398514
15177,0.1642491601635379,0,1,0,488369,117241,67861,40095,1.0860072622179406,0.2548367824274165
15178,0.1642523588569982,0,1,0,488370,117240,67861,40095,1.0859979991848532,0.2548384021355706
15179,0.1642544513621871,0,2,0,488372,117238,67861,40095,1.085979473118678,0.2548416416136475
15180,0.1642604843901272,0,1,0,488373,117237,67861,40095,1.0859702100855904,0.25484326138357105
15181,0.16426051840008,0,1,0,488374,117236,67861,40095,1.085960947052503,0.2548448811740852
15182,0.1642642311430981,0,2,0,488376,117234,67861,40095,1.0859424209863278,0.2548481208168869
15183,0.1642649975979741,1,1,1,488377,117233,67862,40094,1.0859331579532403,0.2548450043539888
15184,0.1642667034993755,4,10,4,488387,117223,67866,40090,1.0858405276223646,0.2548422571561155
15185,0.164267729305138,2,0,2,488387,117223,67868,40088,1.0858405276223646,0.2548327834671447
15186,0.1642700105998009,0,15,0,488402,117208,67868,40088,1.0857015821260514,0.2548570847319703
15187,0.1642717214171846,0,4,0,488406,117204,67868,40088,1.085664529993701,0.2548635658520459
15188,0.1642718539269525,0,2,0,488408,117202,67868,40088,1.085646003927526,0.2548668065356984
15189,0.1642731693185686,4,12,4,488420,117190,67872,40084,1.0855348475304754,0.25486730165189414
15190,0.1642738844840196,1,10,1,488430,117180,67873,40083,1.0854422171995999,0.25487876995860437
15191,0.1642738909321223,7,43,7,488473,117137,67880,40076,1.085043906776835,0.2549153059861462
15192,0.1642744627217952,0,3,0,488476,117134,67880,40076,1.0850161176775723,0.2549201704726162
15193,0.1642750197775824,0,4,0,488480,117130,67880,40076,1.084979065545222,0.2549266567433813
15194,0.1642824358550968,5,9,5,488489,117121,67885,40071,1.084895698247434,0.25491755305613517
15195,0.1642825662547415,0,1,0,488490,117120,67885,40071,1.0848864352143466,0.25491917476191384
15196,0.1642825804128748,3,18,3,488508,117102,67888,40068,1.0847197006187705,0.25493414773811796
15197,0.1642834438352987,0,4,0,488512,117098,67888,40068,1.0846826484864205,0.25494063601542316
15198,0.1642914642413305,0,2,0,488514,117096,67888,40068,1.0846641224202453,0.25494388027792625
15199,0.1643032185144087,1,0,1,488514,117096,67889,40067,1.0846641224202453,0.2549391396193761
15200,0.1643199118931475,0,1,0,488515,117095,67889,40067,1.0846548593871577,0.254940761761749
15201,0.1643204821214827,4,9,4,488524,117086,67893,40063,1.0845714920893696,0.25493639794080775
15202,0.1643221789915843,0,1,0,488525,117085,67893,40063,1.0845622290562822,0.25493802021024764
15203,0.1643255752134214,0,6,0,488531,117079,67893,40063,1.0845066508577568,0.2549477542604778
15204,0.1643273209934037,1,3,1,488534,117076,67894,40062,1.0844788617584942,0.2549478802072064
15205,0.1643291934812519,0,2,0,488536,117074,67894,40062,1.084460335692319,0.2549511251400061
15206,0.1643320451252705,2,4,2,488540,117070,67896,40060,1.084423283559969,0.2549481321199007
15207,0.1643330583373249,1,1,1,488541,117069,67897,40059,1.0844140205268813,0.25494501298304567
15208,0.1643340760205431,0,1,0,488542,117068,67897,40059,1.0844047574937938,0.25494663552413016
15209,0.164335711767874,1,9,1,488551,117059,67898,40058,1.0843213901960058,0.25495649738729736
15210,0.1643368400354751,12,46,12,488597,117013,67910,40046,1.0838952906739783,0.25497424534728985
15211,0.1643376445198014,0,2,0,488599,117011,67910,40046,1.0838767646078031,0.25497749224803734
15212,0.1643383002081087,0,3,0,488602,117008,67910,40046,1.0838489755085405,0.25498236275421193
15213,0.164338932540664,0,1,0,488603,117007,67910,40046,1.0838397124754529,0.25498398629761926
15214,0.1643413979604646,0,2,0,488605,117005,67910,40046,1.083821186409278,0.25498723344646007
15215,0.164341594913978,0,2,0,488607,117003,67910,40046,1.0838026603431028,0.25499048067800495
15216,0.1643430751110683,4,5,4,488612,116998,67914,40042,1.083756345177665,0.25497962302598065
15217,0.1643432821523278,3,14,3,488626,116984,67917,40039,1.0836266627144393,0.2549881227590862
15218,0.1643434146620958,2,5,2,488631,116979,67919,40037,1.0835803475490013,0.25498675294237527
15219,0.1643456681485996,0,1,0,488632,116978,67919,40037,1.0835710845159139,0.254988376906665
15220,0.1643465805127257,5,12,5,488644,116966,67924,40032,1.0834599281188633,0.25498413992534935
15221,0.1643505623175619,0,3,0,488647,116963,67924,40032,1.0834321390196007,0.25498901238892957
15222,0.1643507449596304,2,1,2,488648,116962,67926,40030,1.083422875986513,0.25498114553607826
15223,0.1643520940190011,0,1,0,488649,116961,67926,40030,1.0834136129534255,0.2549827697129135
15224,0.1643537468574342,2,9,2,488658,116952,67928,40028,1.0833302456556375,0.2549878965473309
15225,0.1643539470455521,2,1,2,488659,116951,67930,40026,1.0833209826225498,0.25498002892143434
15226,0.1643548769852055,2,1,2,488660,116950,67932,40024,1.0833117195894624,0.2549721609948144
15227,0.1643559780460208,3,8,3,488668,116942,67935,40021,1.083237615324762,0.2549709167128559
15228,0.1643627355289185,1,10,1,488678,116932,67936,40020,1.0831449849938863,0.25498241500586166
15229,0.1643631666344142,2,1,2,488679,116931,67938,40018,1.0831357219607989,0.25497454587158885
15230,0.1643645248826468,3,7,3,488686,116924,67941,40015,1.083070880729186,0.2549716768935701
15231,0.1643686238142633,3,0,3,488686,116924,67944,40012,1.083070880729186,0.254957434877912
15232,0.1643702875322845,0,2,0,488688,116922,67944,40012,1.0830523546630109,0.2549606841092434
15233,0.1643720499116309,2,24,2,488712,116898,67946,40010,1.0828300418689096,0.25499018533153184
15234,0.1643742510555695,6,10,6,488722,116888,67952,40004,1.082737411538034,0.2549779466129567
15235,0.1643758571846366,3,17,3,488739,116871,67955,40001,1.0825799399755456,0.2549913305114998
15236,0.1643763830366829,1,0,1,488739,116871,67956,40000,1.0825799399755456,0.2549865813311574
15237,0.1643816514701996,0,2,0,488741,116869,67956,40000,1.0825614139093704,0.2549898322804378
15238,0.1643825681359784,1,6,1,488747,116863,67957,39999,1.0825058357108452,0.2549948362254721
15239,0.1643828573453584,0,1,0,488748,116862,67957,39999,1.0824965726777576,0.2549964618356379
15240,0.164383417724544,1,0,1,488748,116862,67958,39998,1.0824965726777576,0.2549917123549662
15241,0.1643837207677822,1,2,1,488750,116860,67959,39997,1.0824780466115824,0.25499021401658833
15242,0.1643867454855963,0,1,0,488751,116859,67959,39997,1.082468783578495,0.25499183964910493
15243,0.1643937397267276,4,3,4,488754,116856,67963,39993,1.0824409944792324,0.25497771742248915
15244,0.1643949807033619,1,3,1,488757,116853,67964,39992,1.0824132053799695,0.2549778443686442
15245,0.1644030477743163,1,3,1,488760,116850,67965,39991,1.082385416280707,0.2549779713212744
15246,0.1644072725030173,6,28,6,488788,116822,67971,39985,1.0821260513542554,0.254994993845938
15247,0.1644095252780336,0,2,0,488790,116820,67971,39985,1.0821075252880803,0.2549982462293932
15248,0.1644118021718806,2,12,2,488802,116808,67973,39983,1.0819963688910297,0.25500825940264427
15249,0.1644136280237827,0,1,0,488803,116807,67973,39983,1.0819871058579422,0.25500988583455575
15250,0.1644137044040005,0,1,0,488804,116806,67973,39983,1.0819778428248545,0.255011512287214
15251,0.1644148283569957,0,1,0,488805,116805,67973,39983,1.081968579791767,0.25501313876061943
15252,0.1644149999392984,0,1,0,488806,116804,67973,39983,1.0819593167586794,0.2550147652547724
15253,0.1644221256982783,1,8,1,488814,116796,67974,39982,1.081885212493979,0.2550230261898991
15254,0.1644253075925775,22,68,22,488882,116728,67996,39960,1.0812553262440254,0.25502910242009597
15255,0.1644261800799278,1,0,1,488882,116728,67997,39959,1.0812553262440254,0.2550243479037827
15256,0.1644282768392283,0,2,0,488884,116726,67997,39959,1.0812368001778503,0.2550276031528225
15257,0.1644337002761595,3,18,3,488902,116708,68000,39956,1.0810700655822743,0.25504263902364294
15258,0.1644360856177901,20,69,20,488971,116639,68020,39936,1.080430916299233,0.2550598754590452
15259,0.1644384282240291,2,4,2,488975,116635,68022,39934,1.0803938641668829,0.2550568758821989
15260,0.1644385921616426,1,1,1,488976,116634,68023,39933,1.0803846011337952,0.25505374695817123
15261,0.1644462700892335,3,7,3,488983,116627,68026,39930,1.0803197599021823,0.25505087603875903
15262,0.1644471335116573,1,2,1,488985,116625,68027,39929,1.0803012338360072,0.2550493759341825
15263,0.16444931644749,6,17,6,489002,116608,68033,39923,1.0801437622735188,0.25504852074030065
15264,0.1644524141998459,0,1,0,489003,116607,68033,39923,1.0801344992404314,0.2550501501309653
15265,0.1644583062207396,11,23,11,489026,116584,68044,39912,1.0799214494794176,0.2550352724670279
15266,0.1644610123736959,27,111,27,489137,116473,68071,39885,1.078893252806699,0.2550876833932386
15267,0.1644617611990117,1,11,1,489148,116462,68072,39884,1.0787913594427359,0.25510086602791243
15268,0.1644683940217906,0,6,0,489154,116456,68072,39884,1.0787357812442107,0.2551106562619931
15269,0.1644738246130575,6,21,6,489175,116435,68078,39878,1.078541257549372,0.25511633709288417
15270,0.1644784126831734,1,11,1,489186,116424,68079,39877,1.0784393641854089,0.25512952572280406
15271,0.1644819284026831,0,1,0,489187,116423,68079,39877,1.0784301011523214,0.2551311580294306
15272,0.1644844884508662,0,7,0,489194,116416,68079,39877,1.0783652599207085,0.25514258476067386
15273,0.1644906031230025,0,1,0,489195,116415,68079,39877,1.0783559968876208,0.2551442172344074
15274,0.1644918736779782,1,7,1,489202,116408,68080,39876,1.078291155656008,0.2551508791686929
15275,0.1644944339639253,0,1,0,489203,116407,68080,39876,1.0782818926229205,0.25515251178951004
15276,0.1644970659896214,1,5,1,489208,116402,68081,39875,1.0782355774574828,0.2551559090589146
15277,0.1644981855824775,1,0,1,489208,116402,68082,39874,1.0782355774574828,0.2551511428498298
15278,0.1645009673855183,1,3,1,489211,116399,68083,39873,1.07820778835822,0.2551512747005222
15279,0.1645063930433263,1,6,1,489217,116393,68084,39872,1.0781522101596948,0.25515630499472053
15280,0.1645074394379503,0,1,0,489218,116392,68084,39872,1.078142947126607,0.2551579378487687
15281,0.1645120804945095,0,1,0,489219,116391,68084,39872,1.0781336840935196,0.2551595707237158
15282,0.164514517692459,0,1,0,489220,116390,68084,39872,1.078124421060432,0.255161203619562
15283,0.1645176482970545,1,5,1,489225,116385,68085,39871,1.0780781058949942,0.2551646016792955
15284,0.164525844596377,4,14,4,489239,116371,68089,39867,1.0779484234317684,0.25516839693288446
15285,0.1645287689143056,1,7,1,489246,116364,68090,39866,1.0778835822001556,0.2551750624079882
15286,0.1645299852656705,6,9,6,489255,116355,68096,39860,1.0778002149023675,0.25516115609896617
15287,0.1645385695910644,2,1,2,489256,116354,68098,39858,1.07779095186928,0.25515325327119553
15288,0.1645433561581961,1,5,1,489261,116349,68099,39857,1.0777446367038424,0.25515665211323507
15289,0.1645453411465582,1,1,1,489262,116348,68100,39856,1.0777353736707547,0.25515351719546236
15290,0.1645463730103532,1,0,1,489262,116348,68101,39855,1.0777353736707547,0.2551487487436221
15291,0.1645506889815829,0,1,0,489263,116347,68101,39855,1.0777261106376672,0.25515038219741104
15292,0.1645528752002676,4,28,4,489291,116319,68105,39851,1.0774667457112157,0.2551770506499328
15293,0.164553796854449,0,1,0,489292,116318,68105,39851,1.077457482678128,0.25517868463011223
15294,0.1645591102758607,0,1,0,489293,116317,68105,39851,1.0774482196450406,0.25518031863121765
15295,0.1645604426986827,0,1,0,489294,116316,68105,39851,1.077438956611953,0.2551819526532494
15296,0.1645608858456357,1,0,1,489294,116316,68106,39850,1.077438956611953,0.2551771832537172
15297,0.1645635257158833,0,2,0,489296,116314,68106,39850,1.077420430545778,0.25518045132040673
15298,0.1645643801293933,3,6,3,489302,116308,68109,39847,1.0773648523472525,0.25517594697576124
15299,0.1645698057872013,5,14,5,489316,116294,68114,39842,1.0772351698840268,0.2551749756622432
15300,0.1645728146819222,2,2,2,489318,116292,68116,39840,1.0772166438178516,0.2551687034048113
15301,0.164578689615657,1,0,1,489318,116292,68117,39839,1.0772166438178516,0.25516393285125955
15302,0.1645923604895462,0,2,0,489320,116290,68117,39839,1.0771981177516765,0.2551672014808268
15303,0.1645925322088155,0,7,0,489327,116283,68117,39839,1.0771332765200636,0.25517864234380805
15304,0.1645932239119701,0,1,0,489328,116282,68117,39839,1.0771240134869762,0.25518027683655625
15305,0.1645965616729864,2,2,2,489330,116280,68119,39837,1.077105487420801,0.2551740041123004
15306,0.1646003296494488,17,48,17,489378,116232,68136,39820,1.0766608618325986,0.2551713531386974
15307,0.1646011885723625,0,1,0,489379,116231,68136,39820,1.076651598799511,0.2551729883179217
15308,0.1646021294755314,3,12,3,489391,116219,68139,39817,1.0765404424024603,0.255178292188982
15309,0.164605378599373,0,1,0,489392,116218,68139,39817,1.0765311793693728,0.2551799275803506
15310,0.1646077383145811,3,9,3,489401,116209,68142,39814,1.0764478120715848,0.2551803259775802
15311,0.1646101549301822,6,23,6,489424,116186,68148,39808,1.076234762310571,0.2551893021526469
15312,0.1646142669862162,0,1,0,489425,116185,68148,39808,1.0762254992774833,0.2551909380549127
15313,0.1646226847747645,1,0,1,489425,116185,68149,39807,1.0762254992774833,0.2551861633929945
15314,0.164627837336673,7,24,7,489449,116161,68156,39800,1.0760031864833821,0.2551920031289874
15315,0.1646348367182208,2,8,2,489457,116153,68158,39798,1.0759290822186818,0.2551955421895339
15316,0.1646351701600599,0,1,0,489458,116152,68158,39798,1.075919819185594,0.2551971785828791
15317,0.1646410909877016,0,1,0,489459,116151,68158,39798,1.0759105561525066,0.25519881499721064
15318,0.164642102359532,4,11,4,489470,116140,68162,39794,1.0758086627885435,0.2551977118524504
15319,0.1646432034203473,6,19,6,489489,116121,68168,39788,1.07563266515988,0.2552001488047515
15320,0.1646435006378803,0,1,0,489490,116120,68168,39788,1.0756234021267923,0.2552017856684711
15321,0.1646495858304457,16,53,16,489543,116067,68184,39772,1.075132461373152,0.2552121099339703
15322,0.1646513502585305,0,4,0,489547,116063,68184,39772,1.0750954092408018,0.2552186607629865
15323,0.1646557732334213,4,9,4,489556,116054,68188,39768,1.0750120419430138,0.2552142829638947
15324,0.1646566366558451,0,1,0,489557,116053,68188,39768,1.0750027789099263,0.255215920832237
15325,0.1646590448251444,0,1,0,489558,116052,68188,39768,1.0749935158768387,0.25521755872160184
15326,0.1646618104898354,0,3,0,489561,116049,68188,39768,1.074965726777576,0.2552224725158359
15327,0.1646700827196849,0,6,0,489567,116043,68188,39768,1.0749101485790507,0.25523230067196795
15328,0.1646711291143089,1,6,1,489573,116037,68189,39767,1.0748545703805255,0.25523734949038535
15329,0.1646729686194758,0,1,0,489574,116036,68189,39767,1.0748453073474378,0.25523898769600073
15330,0.1646748295875141,0,3,0,489577,116033,68189,39767,1.0748175182481752,0.2552439024390244
15331,0.1646758778771903,1,6,1,489583,116027,68190,39766,1.0747619400496498,0.25524895213520504
15332,0.1646823223317742,0,1,0,489584,116026,68190,39766,1.0747526770165623,0.2552505905309644
15333,0.1646843022939352,1,3,1,489587,116023,68191,39765,1.0747248879172997,0.2552507253446992
15334,0.1646851617828526,0,1,0,489588,116022,68191,39765,1.074715624884212,0.2552523638044253
15335,0.16468985977785,2,4,2,489592,116018,68193,39763,1.074678572751862,0.2552493564683755
15336,0.1646898851447001,3,2,3,489594,116016,68196,39760,1.0746600466856868,0.2552382908792112
15337,0.1646898880980599,0,7,0,489601,116009,68196,39760,1.074595205454074,0.25524976086384327
15338,0.164691431546871,0,3,0,489604,116006,68196,39760,1.0745674163548111,0.25525467688712555
15339,0.164691782539267,0,1,0,489605,116005,68196,39760,1.0745581533217237,0.25525631560363365
15340,0.1646972241864048,1,1,1,489606,116004,68197,39759,1.0745488902886362,0.25525317308988654
15341,0.1647009266510763,1,5,1,489611,115999,68198,39758,1.0745025751231982,0.2552565855788183
15342,0.164706397453364,6,12,6,489623,115987,68204,39752,1.0743914187261476,0.2552475616255402
15343,0.1647091436053849,1,1,1,489624,115986,68205,39751,1.0743821556930602,0.2552444184747363
15344,0.1647105748712644,0,2,0,489626,115984,68205,39751,1.074363629626885,0.25524769640735867
15345,0.1647120752450699,0,5,0,489631,115979,68205,39751,1.0743173144614473,0.25525589160726897
15346,0.16472311962537,0,1,0,489632,115978,68205,39751,1.0743080514283596,0.25525753071040075
15347,0.1647236447995534,0,1,0,489633,115977,68205,39751,1.0742987883952722,0.25525916983458335
15348,0.1647255721661785,3,7,3,489640,115970,68208,39748,1.0742339471636593,0.2552562966387958
15349,0.1647263470248499,7,27,7,489667,115943,68215,39741,1.0739838452702952,0.2552670794686673
15350,0.1647271869101475,1,2,1,489669,115941,68216,39740,1.0739653192041203,0.25526557511835096
15351,0.1647331079799464,1,2,1,489671,115939,68217,39739,1.0739467931379452,0.25526407071005536
15352,0.1647334954635599,3,29,3,489700,115910,68220,39736,1.073678165178406,0.2552972771545687
15353,0.1647375871778405,0,5,0,489705,115905,68220,39736,1.0736318500129682,0.25530547863352204
15354,0.1647391140531138,1,4,1,489709,115901,68221,39735,1.073594797880618,0.25530725539078364
15355,0.1647393960815261,2,3,2,489712,115898,68223,39733,1.0735670087813554,0.25530260680712713
15356,0.1647414265400342,2,0,2,489712,115898,68225,39731,1.0735670087813554,0.25529303664484126
15357,0.1647423706014545,1,4,1,489716,115894,68226,39730,1.073529956649005,0.25529481313936153
15358,0.1647478446156247,0,1,0,489717,115893,68226,39730,1.0735206936159176,0.25529645360904235
15359,0.1647492770649264,0,3,0,489720,115890,68226,39730,1.073492904516655,0.25530137514458295
15360,0.1647533008419349,3,11,3,489731,115879,68229,39727,1.0733910111526919,0.25530506535737696
15361,0.1647545168772616,1,7,1,489738,115872,68230,39726,1.073326169921079,0.25531176493271124
15362,0.164754844290746,1,5,1,489743,115867,68231,39725,1.0732798547556412,0.2553151832999126
15363,0.1647567225179959,11,15,11,489758,115852,68242,39714,1.0731409092593278,0.25528714500597816
15364,0.1647603590556672,9,37,9,489795,115815,68251,39705,1.0727981770350883,0.2553047839506173
15365,0.164767241871949,0,5,0,489800,115810,68251,39705,1.0727518618696505,0.25531299231585375
15366,0.1647747140067426,0,1,0,489801,115809,68251,39705,1.072742598836563,0.2553146340522397
15367,0.1647758230095541,3,1,3,489802,115808,68254,39702,1.0727333358034754,0.25530190984502604
15368,0.1647773972688459,0,1,0,489803,115807,68254,39702,1.072724072770388,0.25530355156293205
15369,0.1647819233781473,1,3,1,489806,115804,68255,39701,1.0726962836711254,0.2553036879843092
15370,0.1647839848588571,0,2,0,489808,115802,68255,39701,1.0726777576049502,0.25530697156968035
15371,0.1647863284027381,1,2,1,489810,115800,68256,39700,1.072659231538775,0.25530546623794215
15372,0.1647946648122768,1,7,1,489817,115793,68257,39699,1.0725943903071622,0.2553121704010496
15373,0.1647953185333164,0,3,0,489820,115790,68257,39699,1.0725666012078996,0.25531709638623956
15374,0.1648150328867811,0,1,0,489821,115789,68257,39699,1.072557338174812,0.2553187384235439
15375,0.164819405350768,0,7,0,489828,115782,68257,39699,1.072492496943199,0.2553302332760916
15376,0.1648194080326513,2,10,2,489838,115772,68259,39697,1.0723998666123236,0.25533707684490153
15377,0.1648196909536284,0,2,0,489840,115770,68259,39697,1.0723813405461484,0.2553403616201509
15378,0.1648353251087848,6,26,6,489866,115744,68265,39691,1.072140501685872,0.2553543281757648
15379,0.164837077929778,0,1,0,489867,115743,68265,39691,1.0721312386527844,0.2553559710230709
15380,0.1648412133941296,0,5,0,489872,115738,68265,39691,1.0720849234873466,0.25536418557669416
15381,0.1648490146185425,0,2,0,489874,115736,68265,39691,1.0720663974211715,0.25536747154612777
15382,0.1648516055037198,1,13,1,489887,115723,68266,39690,1.0719459779910334,0.255384041232072
15383,0.164866748512614,0,1,0,489888,115722,68266,39690,1.0719367149579457,0.25538568450312715
15384,0.1648782581113303,6,29,6,489917,115693,68272,39684,1.0716680869984068,0.2554045965619107
15385,0.1648795858638727,1,1,1,489918,115692,68273,39683,1.0716588239653193,0.25540144810941273
15386,0.1648806322584967,4,2,4,489920,115690,68277,39679,1.0716402978991442,0.2553855659751945
15387,0.1648814195102353,6,6,6,489926,115684,68283,39673,1.0715847197006187,0.2553666716015371
15388,0.1648854874872364,0,2,0,489928,115682,68283,39673,1.0715661936344436,0.255369959125873
15389,0.1648857302461238,2,3,2,489931,115679,68285,39671,1.071538404535181,0.25536530415191505
15390,0.1648909687677946,12,48,12,489979,115631,68297,39659,1.0710937789469783,0.2553866958593599
15391,0.1648917517055738,3,7,3,489986,115624,68300,39656,1.0710289377153654,0.25538382277176713
15392,0.1648920519222226,0,1,0,489987,115623,68300,39656,1.071019674682278,0.25538546744891455
15393,0.1648942167279977,0,1,0,489988,115622,68300,39656,1.0710104116491903,0.2553871121472456
15394,0.1648976415774098,0,1,0,489989,115621,68300,39656,1.0710011486161028,0.2553887568667607
15395,0.164899514065258,2,6,2,489995,115615,68302,39654,1.0709455704175774,0.25538903451429457
15396,0.1649002086727739,4,3,4,489998,115612,68306,39650,1.0709177813183148,0.25537478584586054
15397,0.1649034018188759,0,1,0,489999,115611,68306,39650,1.0709085182852274,0.2553764306554769
15398,0.164908778088227,0,1,0,490000,115610,68306,39650,1.0708992552521397,0.25537807548628105
15399,0.1649129108416374,0,1,0,490001,115609,68306,39650,1.0708899922190522,0.25537972033827344
15400,0.1649135131295632,0,2,0,490003,115607,68306,39650,1.070871466152877,0.25538301010582454
15401,0.1649147471231354,0,3,0,490006,115604,68306,39650,1.0708436770536145,0.25538794491607303
15402,0.1649159245632334,1,1,1,490007,115603,68307,39649,1.0708344140205268,0.2553847937546698
15403,0.1649190295567285,0,1,0,490008,115602,68307,39649,1.0708251509874394,0.25538643873469413
15404,0.1649215030829144,0,1,0,490009,115601,68307,39649,1.0708158879543517,0.2553880837359098
15405,0.1649334957970195,7,54,7,490063,115547,68314,39642,1.0703156841676238,0.2554433626094633
15406,0.1649372454236726,0,1,0,490064,115546,68314,39642,1.0703064211345363,0.2554450086346883
15407,0.1649385408336252,1,2,1,490066,115544,68315,39641,1.0702878950683612,0.2554435029158746
15408,0.1649394046918109,1,4,1,490070,115540,68316,39640,1.070250842936011,0.25544528934141
15409,0.1649397348431227,1,8,1,490078,115532,68317,39639,1.0701767386713106,0.25545366080002063
15410,0.1649410869452045,1,0,1,490078,115532,68318,39638,1.0701767386713106,0.2554488625378617
15411,0.164941607330971,1,17,1,490095,115515,68319,39637,1.070019267108822,0.25547205321233374
15412,0.1649416959229898,0,1,0,490096,115514,68319,39637,1.0700100040757345,0.25547369981501894
15413,0.1649429986077478,5,38,5,490134,115476,68324,39632,1.0696580088184076,0.2555122882120845
15414,0.1649434593562993,0,4,0,490138,115472,68324,39632,1.0696209566860573,0.25551887765628223
15415,0.1649512296910909,0,4,0,490142,115468,68324,39632,1.069583904553707,0.25552546744036103
15416,0.1649555328936426,1,2,1,490144,115466,68325,39631,1.0695653784875319,0.2555239624235156
15417,0.1649570780307325,4,12,4,490156,115454,68329,39627,1.0694542220904812,0.2555245323411636
15418,0.1649583544886354,1,7,1,490163,115447,68330,39626,1.0693893808588684,0.2555312659199216
15419,0.1649601704612771,0,1,0,490164,115446,68330,39626,1.069380117825781,0.25553291374329345
15420,0.1649633124407171,56,132,56,490296,115314,68386,39570,1.0681573974582237,0.25548152165491594
15421,0.1649662516436392,1,1,1,490297,115313,68387,39569,1.0681481344251362,0.25547836417401637
15422,0.1649668145627509,3,13,3,490310,115300,68390,39566,1.068027714994998,0.2554853873671432
15423,0.1649671896021729,0,1,0,490311,115299,68390,39566,1.0680184519619105,0.25548703709682624
15424,0.1649732403895661,0,2,0,490313,115297,68390,39566,1.0679999258957353,0.2554903366201094
15425,0.1649781213602332,0,3,0,490316,115294,68390,39566,1.0679721367964727,0.25549528606483274
15426,0.1649781598670104,3,5,3,490321,115289,68393,39563,1.0679258216310348,0.2554891121845375
15427,0.164978924847582,1,0,1,490321,115289,68394,39562,1.0679258216310348,0.25548430426668217
15428,0.1649808798051008,1,1,1,490322,115288,68395,39561,1.0679165585979473,0.2554811461488289
15429,0.1649821227558867,3,6,3,490328,115282,68398,39558,1.067860980399422,0.2554766210281581
15430,0.164985872138767,6,20,6,490348,115262,68404,39552,1.067675719737671,0.25548077047295464
15431,0.1649918901485652,4,6,4,490354,115256,68408,39548,1.0676201415391455,0.2554714348466448
15432,0.1649965904822043,0,1,0,490355,115255,68408,39548,1.067610878506058,0.2554730851469287
15433,0.1649983676522826,1,5,1,490360,115250,68409,39547,1.0675645633406203,0.25547652732288095
15434,0.1650002477562332,0,1,0,490361,115249,68409,39547,1.0675553003075327,0.2554781777306907
15435,0.1650006899746819,0,3,0,490364,115246,68409,39547,1.06752751120827,0.25548312908206444
15436,0.1650072441986783,7,15,7,490379,115231,68416,39540,1.0673885657119566,0.2554742167460312
15437,0.165009707963726,0,1,0,490380,115230,68416,39540,1.0673793026788692,0.2554758674161659
15438,0.1650126571397417,0,3,0,490383,115227,68416,39540,1.0673515135796066,0.2554808195545562
15439,0.1650159372208112,0,2,0,490385,115225,68416,39540,1.0673329875134314,0.255484121086809
15440,0.1650205076646339,1,3,1,490388,115222,68417,39539,1.0673051984141688,0.255484262831075
15441,0.165023990814201,0,8,0,490396,115214,68417,39539,1.0672310941494683,0.2554974701621293
15442,0.1650242160215997,3,41,3,490437,115173,68420,39536,1.0668513097928787,0.2555507436542153
15443,0.1650245293689445,3,6,3,490443,115167,68423,39533,1.0667957315943533,0.25554621848739495
15444,0.1650262808763496,0,2,0,490445,115165,68423,39533,1.0667772055281781,0.2555495222950523
15445,0.1650270520613936,0,1,0,490446,115164,68423,39533,1.0667679424950907,0.25555117423091595
15446,0.1650285905078929,1,1,1,490447,115163,68424,39532,1.066758679462003,0.2555480138336727
15447,0.1650300457961097,2,2,2,490449,115161,68426,39530,1.0667401533958278,0.2555416927940216
15448,0.1650321404622793,1,7,1,490456,115154,68427,39529,1.066675312164215,0.2555484442375697
15449,0.1650325193222956,0,12,0,490468,115142,68427,39529,1.0665641557671643,0.2555682707165532
15450,0.1650378123787824,1,9,1,490477,115133,68428,39528,1.0664807884693763,0.25557832937844704
15451,0.1650383755378724,0,1,0,490478,115132,68428,39528,1.0664715254362889,0.25557998189577136
15452,0.1650524405402441,9,32,9,490510,115100,68437,39519,1.066175108377487,0.2555895459160905
15453,0.165055087069065,0,5,0,490515,115095,68437,39519,1.0661287932120493,0.2555978113236835
15454,0.1650626025387101,4,10,4,490525,115085,68441,39515,1.0660361628811739,0.25559508408796894
15455,0.1650663835727323,0,3,0,490528,115082,68441,39515,1.066008373781911,0.2556000439853296
15456,0.1650665491330239,3,15,3,490543,115067,68444,39512,1.0658694282855978,0.2556103998602656
15457,0.1650704803746018,5,8,5,490551,115059,68449,39507,1.0657953240208975,0.25559954970692134
15458,0.165088447447412,0,3,0,490554,115056,68449,39507,1.0657675349216347,0.25560451078201124
15459,0.1650917253771552,28,97,28,490651,114959,68477,39479,1.064869020712142,0.25563009103977
15460,0.1650949133259666,0,7,0,490658,114952,68477,39479,1.0648041794805292,0.25564167816047295
15461,0.1650960255633413,9,12,9,490670,114940,68486,39470,1.0646930230834784,0.25561815944563177
15462,0.1651004183992882,2,2,2,490672,114938,68488,39468,1.0646744970173034,0.25561182855588516
15463,0.165101910283316,0,1,0,490673,114937,68488,39468,1.0646652339842158,0.2556134840192999
15464,0.165108114071337,1,2,1,490675,114935,68489,39467,1.0646467079180406,0.25561197393816143
15465,0.1651112639956145,1,0,1,490675,114935,68490,39466,1.0646467079180406,0.2556071528034145
15466,0.1651130742814401,0,4,0,490679,114931,68490,39466,1.0646096557856906,0.2556137748790456
15467,0.1651136767422022,2,6,2,490685,114925,68492,39464,1.0645540775871651,0.2556140657689343
15468,0.1651166216407562,4,39,4,490724,114886,68496,39460,1.0641928192967505,0.2556593627304886
15469,0.1651207242031073,1,1,1,490725,114885,68497,39459,1.064183556263663,0.2556561965479708
15470,0.1651228567163494,0,1,0,490726,114884,68497,39459,1.0641742932305753,0.25565785296385324
15471,0.1651445744887308,1,0,1,490726,114884,68498,39458,1.0641742932305753,0.2556530302833966
15472,0.1651497282198847,6,10,6,490736,114874,68504,39452,1.0640816628996999,0.2556406567914674
15473,0.1651514483983898,4,5,4,490741,114869,68508,39448,1.0640353477342621,0.25562964547003897
15474,0.1651557700079152,4,3,4,490744,114866,68512,39444,1.0640075586349995,0.2556153198107705
15475,0.1651574539482892,0,2,0,490746,114864,68512,39444,1.0639890325688244,0.2556186328641418
15476,0.1651675862984845,37,96,37,490842,114768,68549,39407,1.0630997813924192,0.255599156802335
15477,0.1651678576328233,4,4,4,490846,114764,68553,39403,1.063062729260069,0.2555864744076229
15478,0.1651703682038744,0,1,0,490847,114763,68553,39403,1.0630534662269813,0.2555881322730044
15479,0.1651706149556907,2,3,2,490850,114760,68555,39401,1.0630256771277187,0.2555834484727006
15480,0.1651717206287387,0,1,0,490851,114759,68555,39401,1.0630164140946312,0.2555851063829787
15481,0.1651728415663604,0,1,0,490852,114758,68555,39401,1.0630071510615435,0.2555867643147659
15482,0.1651776688324767,0,2,0,490854,114756,68555,39401,1.0629886249953684,0.2555900802428693
15483,0.1651796748064803,1,5,1,490859,114751,68556,39400,1.0629423098299307,0.2555935413977204
15484,0.1651813522791172,0,1,0,490860,114750,68556,39400,1.0629330467968432,0.255595199481025
15485,0.1651822482093352,0,2,0,490862,114748,68556,39400,1.062914520730668,0.25559851571217274
15486,0.1651832247669654,0,3,0,490865,114745,68556,39400,1.0628867316314055,0.25560349022024714
15487,0.1651842051745272,2,8,2,490873,114737,68558,39398,1.062812627366705,0.2556070976741168
15488,0.1651846648249363,4,19,4,490892,114718,68562,39394,1.0626366297380414,0.25561928986710963
15489,0.1651847437292707,0,8,0,490900,114710,68562,39394,1.062562525473341,0.2556325598297254
15490,0.1651916735878263,2,5,2,490905,114705,68564,39392,1.0625162103079033,0.2556311933392603
15491,0.1651926789022801,1,0,1,490905,114705,68565,39391,1.0625162103079033,0.2556263627868342
15492,0.1651970599454852,0,2,0,490907,114703,68565,39391,1.0624976842417282,0.25562968058457824
15493,0.1651981579206792,8,37,8,490944,114666,68573,39383,1.0621549520174887,0.2556524222812222
15494,0.1652051880460059,0,1,0,490945,114665,68573,39383,1.062145688984401,0.25565408184461985
15495,0.1652073728898461,0,1,0,490946,114664,68573,39383,1.0621364259513135,0.2556557414295637
15496,0.165226703512686,0,1,0,490947,114663,68573,39383,1.0621271629182258,0.25565740103605417
15497,0.1652327572817781,1,1,1,490948,114662,68574,39382,1.0621178998851384,0.25565422866194076
15498,0.1652402511863921,18,53,18,491001,114609,68592,39364,1.061626959131498,0.25565521227747723
15499,0.1652444023015037,6,34,6,491035,114575,68598,39358,1.0613120160065213,0.25568266713440263
15500,0.1652478871993933,2,9,2,491044,114566,68600,39356,1.0612286487087332,0.25568794584269955
15501,0.1652532016498291,1,9,1,491053,114557,68601,39355,1.0611452814109452,0.25569806122979366
15502,0.1652536062183386,1,5,1,491058,114552,68602,39354,1.0610989662455075,0.25570153210401153
15503,0.1652550037601288,0,2,0,491060,114550,68602,39354,1.0610804401793323,0.25570485497452955
15504,0.1652552103093653,0,3,0,491063,114547,68602,39354,1.0610526510800697,0.25570983944223885
15505,0.1652686007898809,0,6,0,491069,114541,68602,39354,1.0609970728815443,0.255719808960655
15506,0.1652701032546466,0,1,0,491070,114540,68602,39354,1.0609878098484569,0.25572147062263634
15507,0.1652707631296199,2,11,2,491081,114529,68604,39352,1.0608859164844937,0.2557300771375283
15508,0.1652754365458305,0,1,0,491082,114528,68604,39352,1.060876653451406,0.2557317390174162
15509,0.1652782291031155,1,0,1,491082,114528,68605,39351,1.060876653451406,0.2557269023063576
15510,0.1652796413861224,0,2,0,491084,114526,68605,39351,1.060858127385231,0.255730226089669
15511,0.1652952214139085,11,20,11,491104,114506,68616,39340,1.06067286672348,0.2557102557102557
15512,0.165295759968652,9,31,9,491135,114475,68625,39331,1.0603857126977658,0.2557182424612824
15513,0.1652981535561489,4,12,4,491147,114463,68629,39327,1.0602745563007152,0.2557188373756421
15514,0.1653055151103046,0,5,0,491152,114458,68629,39327,1.0602282411352772,0.25572715154273823
15515,0.1653073707371361,0,2,0,491154,114456,68629,39327,1.0602097150691023,0.25573047736095667
15516,0.1653094876817212,0,1,0,491155,114455,68629,39327,1.0602004520360147,0.25573214030250613
15517,0.165311662758716,0,1,0,491156,114454,68629,39327,1.0601911890029272,0.255733803265683
15518,0.165317238460255,8,37,8,491193,114417,68637,39319,1.0598484567786877,0.2557566217411667
15519,0.1653241241615947,5,33,5,491226,114384,68642,39314,1.0595427766867984,0.25578732319223413
15520,0.1653291398017536,0,1,0,491227,114383,68642,39314,1.0595335136537107,0.2557889874233069
15521,0.1653300124583949,0,1,0,491228,114382,68642,39314,1.0595242506206233,0.2557906516760358
15522,0.1653305825642006,1,0,1,491228,114382,68643,39313,1.0595242506206233,0.25578580955789065
15523,0.1653355069037961,1,3,1,491231,114379,68644,39312,1.0594964615213605,0.255785960140802
15524,0.1653377197520672,0,7,0,491238,114372,68644,39312,1.0594316202897476,0.25579761068165846
15525,0.1653394849386057,5,7,5,491245,114365,68649,39307,1.0593667790581347,0.2557850486751002
15526,0.1653441327453876,0,1,0,491246,114364,68649,39307,1.0593575160250472,0.2557867131729474
15527,0.1653504447467546,0,2,0,491248,114362,68649,39307,1.059338989958872,0.25579004223363205
15528,0.1653548980168046,0,1,0,491249,114361,68649,39307,1.0593297269257846,0.2557917067964703
15529,0.1653635067837673,5,9,5,491258,114352,68654,39302,1.0592463596279966,0.25578247230791257
15530,0.1653657819952999,1,0,1,491258,114352,68655,39301,1.0592463596279966,0.25577762881297467
15531,0.1653697418593605,0,1,0,491259,114351,68655,39301,1.059237096594909,0.2557792934683571
15532,0.1653748651612983,0,3,0,491262,114348,68655,39301,1.0592093074956463,0.25578428756451393
15533,0.165382494595322,2,3,2,491265,114345,68657,39299,1.0591815183963837,0.2557795943870245
15534,0.1653851386402646,1,1,1,491266,114344,68658,39298,1.059172255363296,0.25577641530310724
15535,0.1653866647839173,3,4,3,491270,114340,68661,39295,1.059135203230946,0.25576854232434015
15536,0.1653898825210058,0,2,0,491272,114338,68661,39295,1.0591166771647709,0.255771871928557
15537,0.1653921948869477,1,0,1,491272,114338,68662,39294,1.0591166771647709,0.255767027702562
15538,0.1653924097304923,0,1,0,491273,114337,68662,39294,1.0591074141316832,0.2557686925164843
15539,0.1653939688601982,9,13,9,491286,114324,68671,39285,1.0589869947015451,0.25574673358982875
15540,0.1653973874439096,1,0,1,491286,114324,68672,39284,1.0589869947015451,0.25574188844331025
15541,0.1654007005368969,0,5,0,491291,114319,68672,39284,1.0589406795361074,0.25575021321198155
15542,0.1654015731935382,4,22,4,491313,114297,68676,39280,1.058736892808181,0.255767465180333
15543,0.1654098350035389,0,7,0,491320,114290,68676,39280,1.0586720515765682,0.2557791235267305
15544,0.1654134160101553,1,4,1,491324,114286,68677,39279,1.058634999444218,0.25578093966724186
15545,0.1654217892358768,0,2,0,491326,114284,68677,39279,1.058616473378043,0.25578427095068473
15546,0.1654226789980973,8,19,8,491345,114265,68685,39271,1.0584404757493793,0.2557771467278033
15547,0.1654328485761904,0,2,0,491347,114263,68685,39271,1.0584219496832044,0.2557804785910613
15548,0.1654336658833047,0,7,0,491354,114256,68685,39271,1.0583571084515915,0.2557921407960815
15549,0.1654415988035819,2,3,2,491357,114253,68687,39269,1.0583293193523287,0.25578744414481314
15550,0.1654479879622443,17,109,17,491466,114144,68704,39252,1.0573196487457852,0.255886724556051
15551,0.1654542230378374,1,9,1,491475,114135,68705,39251,1.0572362814479974,0.25589688759078405
15552,0.1654606679009899,2,22,2,491497,114113,68707,39249,1.057032494720071,0.25592389248966496
15553,0.1654607646672668,1,1,1,491498,114112,68708,39248,1.0570232316869836,0.2559207094418362
15554,0.1654614609861359,0,19,0,491517,114093,68708,39248,1.0568472340583202,0.25595241977031585
15555,0.1654634004773926,0,6,0,491523,114087,68708,39248,1.0567916558597947,0.2559624351909218
15556,0.1654660589277836,0,1,0,491524,114086,68708,39248,1.0567823928267073,0.25596410450389345
15557,0.1654687266227518,0,1,0,491525,114085,68708,39248,1.0567731297936196,0.2559657738386388
15558,0.1654791623623331,1,4,1,491529,114081,68709,39247,1.0567360776612693,0.2559675988730043
15559,0.1654818686223866,0,3,0,491532,114078,68709,39247,1.0567082885620067,0.2559726072069134
15560,0.1654923917800597,0,1,0,491533,114077,68709,39247,1.0566990255289193,0.2559742766951032
15561,0.165499973965248,5,13,5,491546,114064,68714,39242,1.056578606098781,0.2559717166973243
15562,0.1655004913613497,1,2,1,491548,114062,68715,39241,1.0565600800326058,0.25597020280098887
15563,0.1655012838753558,0,2,0,491550,114060,68715,39241,1.0565415539664307,0.25597354224695207
15564,0.1655098943488763,0,1,0,491551,114059,68715,39241,1.0565322909333432,0.25597521200260925
15565,0.1655100554271289,0,2,0,491553,114057,68715,39241,1.056513764867168,0.25597855157927696
15566,0.1655119279149771,6,31,6,491584,114026,68721,39235,1.056226610841454,0.2560012005663541
15567,0.1655171248840205,0,2,0,491586,114024,68721,39235,1.0562080847752788,0.2560045413319936
15568,0.1655215502750971,6,17,6,491603,114007,68727,39229,1.0560506132127905,0.25600381111488163
15569,0.1655244322495365,23,51,23,491654,113956,68750,39206,1.0555781985253252,0.25597733119181
15570,0.1655273643917769,13,55,13,491709,113901,68763,39193,1.0550687317055096,0.2560061138908122
15571,0.1655294716716586,1,2,1,491711,113899,68764,39192,1.0550502056393345,0.2560045985720911
15572,0.1655349612125359,6,57,6,491768,113842,68770,39186,1.054522212753344,0.2560707844316073
15573,0.165535382832978,0,1,0,491769,113841,68770,39186,1.0545129497202563,0.25607245780156446
15574,0.1655425882675401,0,1,0,491770,113840,68770,39186,1.0545036866871689,0.25607413119339195
15575,0.1655438421941787,0,2,0,491772,113838,68770,39186,1.0544851606209937,0.25607747804265996
15576,0.1655448170039212,3,2,3,491774,113836,68773,39183,1.0544666345548186,0.2560662401401133
15577,0.1655530995723391,0,2,0,491776,113834,68773,39183,1.0544481084886435,0.25606958703934857
15578,0.16556364354081,8,14,8,491790,113820,68781,39175,1.0543184260254177,0.2560541194156672
15579,0.1655765325375928,1,12,1,491802,113808,68782,39174,1.054207269628367,0.25606934149115584
15580,0.1655768729585366,0,2,0,491804,113806,68782,39174,1.054188743562192,0.2560726892404236
15581,0.1655814550840195,2,3,2,491807,113803,68784,39172,1.0541609544629293,0.25606798496486355
15582,0.1655849725398267,5,14,5,491821,113789,68789,39167,1.0540312719997036,0.2560671042652789
15583,0.1655886856191638,12,34,12,491855,113755,68801,39155,1.0537163288747267,0.2560656595382905
15584,0.1655945366056058,5,10,5,491865,113745,68806,39150,1.0536236985438512,0.25605807907387423
15585,0.1656092813402481,0,2,0,491867,113743,68806,39150,1.053605172477676,0.2560614285807722
15586,0.1656123001147371,4,2,4,491869,113741,68810,39146,1.053586646411501,0.2560453145133334
15587,0.1656141490026833,0,1,0,491870,113740,68810,39146,1.0535773833784134,0.2560469892599715
15588,0.1656145743660329,0,1,0,491871,113739,68810,39146,1.0535681203453258,0.25604866402851817
15589,0.1656201444815422,1,3,1,491874,113736,68811,39145,1.0535403312460632,0.2560488222866151
15590,0.165621520064089,2,1,2,491875,113735,68813,39143,1.0535310682129757,0.2560407645311948
15591,0.1656271791886504,1,0,1,491875,113735,68814,39142,1.0535310682129757,0.25603589814033506
15592,0.165629491929854,2,6,2,491881,113729,68816,39140,1.0534754900144503,0.2560362140133055
15593,0.1656303758521436,6,32,6,491913,113697,68822,39134,1.0531790729556485,0.2560606159745078
15594,0.1656348159174688,2,3,2,491916,113694,68824,39132,1.053151283856386,0.2560559067174434
15595,0.165637580750816,1,3,1,491919,113691,68825,39131,1.0531234947571233,0.2560560652262109
15596,0.1656505129030181,1,17,1,491936,113674,68826,39130,1.052966023194635,0.25607968377791157
15597,0.16565485843356,1,6,1,491942,113668,68827,39129,1.0529104449961095,0.2560848707762587
15598,0.1656620594118184,2,1,2,491943,113667,68829,39127,1.052901181963022,0.25607680929879445
15599,0.1656628772930236,1,2,1,491945,113665,68830,39126,1.052882655896847,0.2560752923928765
15600,0.165663011600168,2,3,2,491948,113662,68832,39124,1.052854866797584,0.2560705823832026
15601,0.1656693221900939,0,1,0,491949,113661,68832,39124,1.0528456037644967,0.25607225840233006
15602,0.1656722745881099,5,7,5,491956,113654,68837,39119,1.0527807625328838,0.25605964404705017
15603,0.1656817903976834,1,1,1,491957,113653,68838,39118,1.0527714994997963,0.25605645050434966
15604,0.1656837824956857,0,3,0,491960,113650,68838,39118,1.0527437104005335,0.2560614788437369
15605,0.165692904673729,6,16,6,491976,113634,68844,39112,1.0525955018711326,0.25605907847014
15606,0.1656930198355843,0,6,0,491982,113628,68844,39112,1.0525399236726074,0.2560691370957182
15607,0.1656936116695816,0,1,0,491983,113627,68844,39112,1.0525306606395197,0.2560708136101454
15608,0.1657220736381614,17,119,17,492102,113508,68861,39095,1.0514283597021008,0.25618762409651186
15609,0.1657260905919213,2,4,2,492106,113504,68863,39093,1.0513913075697507,0.2561845907848778
15610,0.1657268657097909,1,1,1,492107,113503,68864,39092,1.051382044536663,0.256181395196435
15611,0.1657304947109839,0,5,0,492112,113498,68864,39092,1.0513357293712253,0.2561897896323481
15612,0.165732734933969,2,4,2,492116,113494,68866,39090,1.051298677238875,0.2561867561474335
15613,0.1657328153134017,1,0,1,492116,113494,68867,39089,1.051298677238875,0.2561818813367151
15614,0.1657436615343385,0,2,0,492118,113492,68867,39089,1.0512801511727,0.2561852393155111
15615,0.1657536960566251,9,35,9,492153,113457,68876,39080,1.0509559450146355,0.2562001350492012
15616,0.165754330696734,1,1,1,492154,113456,68877,39079,1.050946681981548,0.25619693840757857
15617,0.1657687623189412,3,6,3,492160,113450,68880,39076,1.0508911037830226,0.25619238687174645
15618,0.1657691863630329,0,3,0,492163,113447,68880,39076,1.05086331468376,0.2561974259619861
15619,0.1657725144750633,0,7,0,492170,113440,68880,39076,1.0507984734521472,0.25620918461013925
15620,0.1657730530298068,2,3,2,492173,113437,68882,39074,1.0507706843528846,0.25620447049721
15621,0.1657740278395493,5,14,5,492187,113423,68887,39069,1.0506410018896588,0.256203604123495
15622,0.1657742021849734,1,0,1,492187,113423,68888,39068,1.0506410018896588,0.25619872648221864
15623,0.1657764408158117,0,1,0,492188,113422,68888,39068,1.0506317388565711,0.2562004065840383
15624,0.1657780928480585,9,14,9,492202,113408,68897,39059,1.0505020563933454,0.25618002584165755
15625,0.1657854716709617,2,12,2,492214,113396,68899,39057,1.0503908999962948,0.256190432461152
15626,0.1657907435108713,0,1,0,492215,113395,68899,39057,1.0503816369632073,0.2561921129273476
15627,0.1657924612987141,6,4,6,492219,113391,68905,39051,1.050344584830857,0.2561695595701972
15628,0.1657931816062126,0,1,0,492220,113390,68905,39051,1.0503353217977696,0.25617124002072933
15629,0.1658025248709944,0,1,0,492221,113389,68905,39051,1.0503260587646819,0.25617292049330886
15630,0.1658041193317965,8,42,8,492263,113347,68913,39043,1.0499370113750046,0.25620447535927554
15631,0.1658052609768044,3,0,3,492263,113347,68916,39040,1.0499370113750046,0.256189832466024
15632,0.1658105717703983,36,103,36,492366,113244,68952,39004,1.0489829189669866,0.25618727339603803
15633,0.1658320029170826,0,2,0,492368,113242,68952,39004,1.0489643929008114,0.2561906388345178
15634,0.1658376149288485,3,19,3,492387,113223,68955,39001,1.048788395272148,0.25620795669539626
15635,0.1658415109503651,6,26,6,492413,113197,68961,38995,1.0485475564118716,0.2562224032800673
15636,0.1658565943500876,7,30,7,492443,113167,68968,38988,1.048269665419245,0.25623870395320564
15637,0.1658595866877717,31,102,31,492545,113065,68999,38957,1.0473248360443144,0.2562589625185828
15638,0.165862544944806,1,1,1,492546,113064,69000,38956,1.0473155730112267,0.2562557558216024
15639,0.165869560693228,3,31,3,492577,113033,69003,38953,1.0470284189855126,0.2562933428078902
15640,0.165871138417617,0,2,0,492579,113031,69003,38953,1.0470098929193374,0.2562967154437309
15641,0.1658835307144446,16,28,16,492607,113003,69019,38937,1.046750527992886,0.25626563117019874
15642,0.165884069269188,6,14,6,492621,112989,69025,38931,1.0466208455296602,0.25625987361769353
15643,0.1658905553861496,1,1,1,492622,112988,69026,38930,1.0466115824965727,0.2562566647796838
15644,0.1658927506637965,4,6,4,492628,112982,69030,38926,1.0465560042980473,0.25624720225399583
15645,0.1658964246103276,2,10,2,492638,112972,69032,38924,1.0464633739671718,0.25625427924369304
15646,0.1658999901527242,0,3,0,492641,112969,69032,38924,1.0464355848679092,0.2562593404567689
15647,0.1659002653129545,1,0,1,492641,112969,69033,38923,1.0464355848679092,0.25625444394701496
15648,0.1659044540235726,0,1,0,492642,112968,69033,38923,1.0464263218348215,0.2562561310413389
15649,0.1659131726371773,1,4,1,492646,112964,69034,38922,1.0463892697024715,0.2562579829609049
15650,0.1659179289600237,2,5,2,492651,112959,69036,38920,1.0463429545370335,0.25625662533990873
15651,0.165937891861332,1,1,1,492652,112958,69037,38919,1.046333691503946,0.25625341559288106
15652,0.1659433097422812,12,26,12,492678,112932,69049,38907,1.0460928526436697,0.2562385157963369
15653,0.1659487039770824,0,1,0,492679,112931,69049,38907,1.046083589610582,0.2562402033746493
15654,0.1659524885366624,1,2,1,492681,112929,69050,38906,1.0460650635444069,0.2562386801462114
15655,0.1659539850624123,1,4,1,492685,112925,69051,38905,1.0460280114120568,0.2562405321741421
15656,0.1659548384474694,1,1,1,492686,112924,69052,38904,1.0460187483789691,0.25623732117922915
15657,0.1659591640535078,0,2,0,492688,112922,69052,38904,1.046000222312794,0.25624069658688237
15658,0.1659634028965992,1,14,1,492702,112908,69053,38903,1.0458705398495682,0.25625942784119726
15659,0.1659737075431157,1,0,1,492702,112908,69054,38902,1.0458705398495682,0.25625452868717474
15660,0.1659754704162731,0,2,0,492704,112906,69054,38902,1.0458520137833933,0.2562579047217538
15661,0.1659782914445845,0,1,0,492705,112905,69054,38902,1.0458427507503056,0.2562595927724018
15662,0.1659867643438855,1,1,1,492706,112904,69055,38901,1.0458334877172182,0.25625638154210995
15663,0.1659915126564784,2,18,2,492724,112886,69057,38899,1.0456667531216421,0.2562769707151563
15664,0.1659956925934412,1,5,1,492729,112881,69058,38898,1.0456204379562044,0.2562805131144625
15665,0.1660013046052071,7,19,7,492748,112862,69065,38891,1.045444440327541,0.2562782943335552
15666,0.1660017253106913,0,4,0,492752,112858,69065,38891,1.0454073881951906,0.25628504965436344
15667,0.1660071748501036,2,0,2,492752,112858,69067,38889,1.0454073881951906,0.2562752476160978
15668,0.1660151379806877,0,1,0,492753,112857,69067,38889,1.0453981251621032,0.25627693645961014
15669,0.1660216721343421,6,17,6,492770,112840,69073,38883,1.0452406535996146,0.25627624025362006
15670,0.1660226486198194,0,2,0,492772,112838,69073,38883,1.0452221275334395,0.2562796185102919
15671,0.166035177795744,1,3,1,492775,112835,69074,38882,1.0451943384341769,0.25627978407165974
15672,0.1660414687217898,7,14,7,492789,112821,69081,38875,1.045064655970951,0.2562691171817319
15673,0.1660470311514164,1,0,1,492789,112821,69082,38874,1.045064655970951,0.2562642143775339
15674,0.1660488893183641,0,2,0,492791,112819,69082,38874,1.045046129904776,0.25626759309922015
15675,0.1660498521797277,1,3,1,492794,112816,69083,38873,1.0450183408055134,0.25626775837404164
15676,0.1660549254003534,15,40,15,492834,112776,69098,38858,1.0446478194820112,0.2562617882532941
15677,0.166063220843617,0,4,0,492838,112772,69098,38858,1.044610767349661,0.25626854844028224
15678,0.1660636798290828,0,1,0,492839,112771,69098,38858,1.0446015043165735,0.256270238542759
15679,0.1660660974942754,8,33,8,492872,112738,69106,38850,1.044295824224684,0.25628677731746574
15680,0.1660971474874317,11,69,11,492941,112669,69117,38839,1.043656674941643,0.25634949969638565
15681,0.1660997687685168,0,5,0,492946,112664,69117,38839,1.0436103597762052,0.25635795990838467
15682,0.1661000585303374,0,1,0,492947,112663,69117,38839,1.0436010967431175,0.25635965201779515
15683,0.1661014852024764,2,5,2,492952,112658,69119,38837,1.0435547815776798,0.2563582956533219
15684,0.1661059277545154,4,15,4,492967,112643,69123,38833,1.0434158360813666,0.25636404446909083
15685,0.1661127415500726,32,117,32,493084,112526,69155,38801,1.0423320612101226,0.25640500373363645
15686,0.1661151905797639,0,9,0,493093,112517,69155,38801,1.0422486939123345,0.25642025403454977
15687,0.1661157857214813,0,2,0,493095,112515,69155,38801,1.0422301678461596,0.2564236432366703
15688,0.1661174077953196,0,3,0,493098,112512,69155,38801,1.0422023787468968,0.2564287272078407
15689,0.1661212836354031,1,2,1,493100,112510,69156,38800,1.0421838526807217,0.25642720243209305
15690,0.1661228537298665,0,1,0,493101,112509,69156,38800,1.0421745896476342,0.25642889715747247
15691,0.1661270925729578,4,12,4,493113,112497,69160,38796,1.0420634332505836,0.25642957704586467
15692,0.1661294173607383,0,1,0,493114,112496,69160,38796,1.042054170217496,0.25643127197736826
15693,0.1661331263044573,8,8,8,493122,112488,69168,38788,1.0419800659527956,0.25640551045770643
15694,0.1661336648592007,5,6,5,493128,112482,69173,38783,1.0419244877542702,0.25639110170892143
15695,0.1661339641248162,6,31,6,493159,112451,69179,38777,1.041637333728556,0.25641415610865714
15696,0.1661423462538092,0,2,0,493161,112449,69179,38777,1.041618807662381,0.2564175472471665
15697,0.1661510424323469,0,2,0,493163,112447,69179,38777,1.0416002815962058,0.2564209384753743
15698,0.166155202332837,6,10,6,493173,112437,69185,38771,1.0415076512653303,0.2564083910904185
15699,0.1661699111944251,0,2,0,493175,112435,69185,38771,1.0414891251991552,0.25641178260121955
15700,0.1661773475617378,0,1,0,493176,112434,69185,38771,1.0414798621660677,0.25641347839026485
15701,0.166178603323639,5,12,5,493188,112422,69190,38766,1.041368705769017,0.25640923882847844
15702,0.1661872155270507,0,3,0,493191,112419,69190,38766,1.0413409166697543,0.2564143268181367
15703,0.1661875354213141,18,26,18,493217,112393,69208,38748,1.0411000778094779,0.2563698797811315
15704,0.1662016890834045,0,1,0,493218,112392,69208,38748,1.0410908147763904,0.25637157602223104
15705,0.1662054048932681,1,0,1,493218,112392,69209,38747,1.0410908147763904,0.25636665585983764
15706,0.1662108077493949,6,14,6,493232,112378,69215,38741,1.0409611323131647,0.25636088115988065
15707,0.1662163716815539,1,2,1,493234,112376,69216,38740,1.0409426062469895,0.2563593530797533
15708,0.1662186150767121,13,40,13,493274,112336,69229,38727,1.0405720849234874,0.2563632391783561
15709,0.1662210589149365,1,2,1,493276,112334,69230,38726,1.0405535588573123,0.25636171057857804
15710,0.1662244217819281,0,4,0,493280,112330,69230,38726,1.040516506724962,0.25636849909967163
15711,0.1662308508854288,0,1,0,493281,112329,69230,38726,1.0405072436918745,0.25637019628612095
15712,0.1662310533747416,1,1,1,493282,112328,69231,38725,1.0404979806587868,0.25636697053352137
15713,0.1662342131190771,4,10,4,493292,112318,69235,38721,1.0404053503279114,0.25636425029297066
15714,0.1662418196543091,0,1,0,493293,112317,69235,38721,1.040396087294824,0.2563659476423152
15715,0.1662506282709257,9,40,9,493333,112277,69244,38712,1.0400255659713216,0.25638953831073785
15716,0.166251320900704,0,1,0,493334,112276,69244,38712,1.040016302938234,0.25639123638964684
15717,0.1662625815543532,0,2,0,493336,112274,69244,38712,1.039997776872059,0.25639463261494444
15718,0.1662699934535012,1,4,1,493340,112270,69245,38711,1.0399607247397087,0.2563965002218822
15719,0.1662731829732706,0,2,0,493342,112268,69245,38711,1.0399421986735338,0.2563998966743719
15720,0.1662787475288582,1,0,1,493342,112268,69246,38710,1.0399421986735338,0.25639497145279444
15721,0.1662788802561225,1,5,1,493347,112263,69247,38709,1.0398958835080958,0.2563985374771481
15722,0.1662797844254289,5,6,5,493353,112257,69252,38704,1.0398403053095706,0.2563840992044303
15723,0.1662797924995207,0,2,0,493355,112255,69252,38704,1.0398217792433955,0.25638749594260696
15724,0.1662942636293038,0,1,0,493356,112254,69252,38704,1.039812516210308,0.2563891943454471
15725,0.1662946762661988,0,2,0,493358,112252,69252,38704,1.0397939901441329,0.2563925912186332
15726,0.1663115755063435,0,3,0,493361,112249,69252,38704,1.03976620104487,0.2563976866971839
15727,0.1663192178944451,0,1,0,493362,112248,69252,38704,1.0397569380117826,0.2563993852350416
15728,0.1663203245367432,0,5,0,493367,112243,69252,38704,1.0397106228463449,0.2564078782619065
15729,0.1663282059513791,0,5,0,493372,112238,69252,38704,1.0396643076809071,0.2564163718514396
15730,0.1663334061973762,4,12,4,493384,112226,69256,38700,1.0395531512838563,0.2564170520652505
15731,0.1663341422894965,0,5,0,493389,112221,69256,38700,1.0395068361184185,0.256425547140557
15732,0.1663365957171456,2,14,2,493403,112207,69258,38698,1.0393771536551928,0.25643948179318116
15733,0.1663422929999976,7,12,7,493415,112195,69265,38691,1.0392659972581422,0.2564253807510306
15734,0.1663453734926335,23,80,23,493495,112115,69288,38668,1.038524954611138,0.25644800806456963
15735,0.1663475331737852,0,8,0,493503,112107,69288,38668,1.0384508503464374,0.2564616149892224
15736,0.1663509052034093,1,5,1,493508,112102,69289,38667,1.0384045351809996,0.2564651884671252
15737,0.1663545752929763,0,1,0,493509,112101,69289,38667,1.0383952721479122,0.2564668895256288
15738,0.1663622431726446,0,1,0,493510,112100,69289,38667,1.0383860091148245,0.25646859060669774
15739,0.1663623371400853,11,28,11,493538,112072,69300,38656,1.038126644188373,0.2564619712329494
15740,0.1663632287073352,0,1,0,493539,112071,69300,38656,1.0381173811552855,0.2564636727328216
15741,0.1663647054770248,2,5,2,493544,112066,69302,38654,1.0380710659898478,0.25646231422505306
15742,0.1663710412982091,0,1,0,493545,112065,69302,38654,1.03806180295676,0.2564640158175147
15743,0.1663786292265506,0,9,0,493554,112056,69302,38654,1.037978435658972,0.2564793311658151
15744,0.1663800613579125,3,2,3,493556,112054,69305,38651,1.0379599095927972,0.2564679340433297
15745,0.1663881114582867,1,4,1,493560,112050,69306,38650,1.0379228574604469,0.25646980756469806
15746,0.1663919646073371,0,2,0,493562,112048,69306,38650,1.0379043313942717,0.25647321132330886
15747,0.1664143179472843,3,36,3,493598,112012,69309,38647,1.03757086220312,0.256519690161225
15748,0.1664144295769024,1,4,1,493602,112008,69310,38646,1.0375338100707696,0.25652156597236053
15749,0.1664157284213419,2,5,2,493607,112003,69312,38644,1.0374874949053319,0.25652020949637233
15750,0.1664281182208999,19,61,19,493668,111942,69331,38625,1.036922449886991,0.25653031540775867
15751,0.1664294353343912,2,2,2,493670,111940,69333,38623,1.036903923820816,0.2565238471603249
15752,0.1664332373067551,1,1,1,493671,111939,69334,38622,1.0368946607877283,0.2565206129077251
15753,0.1664418741216386,6,12,6,493683,111927,69340,38616,1.0367835043906777,0.2565114286283653
15754,0.1664434741017875,4,12,4,493695,111915,69344,38612,1.036672347993627,0.2565121207491015
15755,0.1664435324721421,3,25,3,493720,111890,69347,38609,1.0364407721664382,0.2565399105641898
15756,0.166444070587982,1,2,1,493722,111888,69348,38608,1.036422246100263,0.2565383797576015
15757,0.1664618354101074,1,2,1,493724,111886,69349,38607,1.0364037200340879,0.2565368488899816
15758,0.1664652845939693,1,9,1,493733,111877,69350,38606,1.0363203527363,0.25654725118451915
15759,0.1664835440917141,0,1,0,493734,111876,69350,38606,1.0363110897032124,0.25654895602131816
15760,0.1664876825319314,1,1,1,493735,111875,69351,38605,1.036301826670125,0.25654572036150985
15761,0.1664971194984173,0,1,0,493736,111874,69351,38605,1.0362925636370373,0.25654742522212404
15762,0.1665009960695344,0,1,0,493737,111873,69351,38605,1.0362833006039498,0.2565491301053975
15763,0.1665038354808872,4,6,4,493743,111867,69355,38601,1.0362277224054244,0.2565395964590478
15764,0.1665076094446094,1,2,1,493745,111865,69356,38600,1.0362091963392492,0.2565380653308078
15765,0.1665181654290647,1,0,1,493745,111865,69357,38599,1.0362091963392492,0.25653312420246704
15766,0.1665224575329708,0,1,0,493746,111864,69357,38599,1.0361999333061618,0.25653482916065745
15767,0.1665269144594645,0,5,0,493751,111859,69357,38599,1.036153618140724,0.2565433542915631
15768,0.1665285953875669,1,3,1,493754,111856,69358,38598,1.0361258290414614,0.2565435282544831
15769,0.1665301850051853,1,2,1,493756,111854,69359,38597,1.0361073029752863,0.2565419970621664
15770,0.16653645660212,2,7,2,493763,111847,69361,38595,1.0360424617436734,0.2565440501987477
15771,0.1665431673834652,0,1,0,493764,111846,69361,38595,1.0360331987105857,0.2565457554788921
15772,0.1665458705948703,0,3,0,493767,111843,69361,38595,1.0360054096113231,0.2565508714553504
15773,0.1665469199181922,6,10,6,493777,111833,69367,38589,1.0359127792804477,0.2565382723271862
15774,0.1665604083475971,0,3,0,493780,111830,69367,38589,1.0358849901811849,0.25654338880061694
15775,0.1665623754558148,0,2,0,493782,111828,69367,38589,1.0358664641150097,0.2565467998962883
15776,0.1665680252701911,0,2,0,493784,111826,69367,38589,1.0358479380488348,0.2565502110826713
15777,0.1665710221884845,15,26,15,493810,111800,69382,38574,1.0356070991885582,0.25652040911327756
15778,0.1665713106811647,0,7,0,493817,111793,69382,38574,1.0355422579569453,0.25653235084825793
15779,0.1665816006768942,0,4,0,493821,111789,69382,38574,1.0355052058245953,0.2565391751960256
15780,0.1665864443497262,0,1,0,493822,111788,69382,38574,1.0354959427915076,0.2565408813397002
15781,0.16659266536713,0,1,0,493823,111787,69382,38574,1.0354866797584201,0.25654258750606873
15782,0.1665933893964229,0,1,0,493824,111786,69382,38574,1.0354774167253324,0.2565442936951317
15783,0.1665987228640646,1,2,1,493826,111784,69383,38573,1.0354588906591575,0.25654276156081857
15784,0.1665988199876898,0,3,0,493829,111781,69383,38573,1.0354311015598947,0.256547880335741
15785,0.1666041124133708,0,2,0,493831,111779,69383,38573,1.0354125754937196,0.25655129296584017
15786,0.1666231226652888,5,19,5,493850,111760,69388,38568,1.035236577865056,0.25655899100633284
15787,0.1666238210914722,2,38,2,493888,111722,69390,38566,1.034884582607729,0.25661396784839774
15788,0.1666256376267053,0,2,0,493890,111720,69390,38566,1.034866056541554,0.25661738285668656
15789,0.1666280676436271,0,1,0,493891,111719,69390,38566,1.0348567935084665,0.2566190903949163
15790,0.1666334737723521,0,1,0,493892,111718,69390,38566,1.0348475304753788,0.25662079795587023
15791,0.1666412012445666,1,16,1,493908,111702,69391,38565,1.034699321945978,0.25664317514823615
15792,0.1666529772459754,7,18,7,493926,111684,69398,38558,1.034532587350402,0.2566392886143688
15793,0.1666539262392539,2,7,2,493933,111677,69400,38556,1.0344677461187892,0.2566413504356566
15794,0.1666599950385819,0,4,0,493937,111673,69400,38556,1.034430693986439,0.25664818377277354
15795,0.1666675251572459,5,13,5,493950,111660,69405,38551,1.0343102745563006,0.25664565178315835
15796,0.1666697095759134,0,4,0,493954,111656,69405,38551,1.0342732224239506,0.25665248623566145
15797,0.1666697684047612,1,3,1,493957,111653,69406,38550,1.0342454333246878,0.25665266339553805
15798,0.1666709255282031,1,0,1,493957,111653,69407,38549,1.0342454333246878,0.2566477144112595
15799,0.1666712991209681,0,11,0,493968,111642,69407,38549,1.0341435399607248,0.2566665113089333
15800,0.1666716573821858,4,16,4,493984,111626,69411,38545,1.033995331431324,0.25667405824027273
15801,0.1666739168854544,2,3,2,493987,111623,69413,38543,1.0339675423320611,0.25666928599017086
15802,0.1666778705748998,0,2,0,493989,111621,69413,38543,1.0339490162658862,0.256672704509736
15803,0.1666782400924177,0,4,0,493993,111617,69413,38543,1.033911964133536,0.2566795418220565
15804,0.1666866210617531,0,1,0,493994,111616,69413,38543,1.0339027011004482,0.2566812512070539
15805,0.1666996283787704,2,14,2,494008,111602,69415,38541,1.0337730186372225,0.256695283829416
15806,0.1667062410307349,0,6,0,494014,111596,69415,38541,1.0337174404386973,0.25670554227139214
15807,0.1667212816447974,1,1,1,494015,111595,69416,38540,1.0337081774056096,0.25670230126219734
15808,0.1667332841756516,0,3,0,494018,111592,69416,38540,1.033680388306347,0.2567074307942344
15809,0.1667347118648431,16,35,16,494053,111557,69432,38524,1.0333561821482826,0.2566880551169035
15810,0.1667349022772738,13,41,13,494094,111516,69445,38511,1.0329763977916928,0.25669379511687895
15811,0.1667378219313203,0,1,0,494095,111515,69445,38511,1.0329671347586054,0.2566955061122739
15812,0.1667381245132101,0,1,0,494096,111514,69445,38511,1.032957871725518,0.2566972171304783
15813,0.1667434557995584,0,1,0,494097,111513,69445,38511,1.0329486086924302,0.25669892817149254
15814,0.1667593958408134,1,3,1,494100,111510,69446,38510,1.0329208195931676,0.2566991067857619
15815,0.1667611585346234,0,1,0,494101,111509,69446,38510,1.03291155656008,0.2567008178963998
15816,0.1667649424786352,12,47,12,494148,111462,69458,38498,1.032476194004965,0.25672179247799415
15817,0.1667653098650014,7,21,7,494169,111441,69465,38491,1.0322816703101263,0.256723047781661
15818,0.1667907222092118,4,27,4,494196,111414,69469,38487,1.0320315684167625,0.25674945464006244
15819,0.1667955016625419,1,2,1,494198,111412,69470,38486,1.0320130423505873,0.2567479219202391
15820,0.166806936446132,0,1,0,494199,111411,69470,38486,1.0320037793174996,0.25674963474919443
15821,0.1668109014630368,0,3,0,494202,111408,69470,38486,1.031975990218237,0.2567547733731837
15822,0.1668111283232905,2,6,2,494208,111402,69472,38484,1.0319204120197116,0.25675513390176535
15823,0.1668119419127013,1,1,1,494209,111401,69473,38483,1.0319111489866242,0.2567518881268181
15824,0.1668150165347016,7,12,7,494221,111389,69480,38476,1.0317999925895736,0.2567377306242285
15825,0.1668209062711774,0,1,0,494222,111388,69480,38476,1.0317907295564859,0.25673944376234453
15826,0.1668245712784985,3,8,3,494230,111380,69483,38473,1.0317166252917855,0.2567382701714347
15827,0.1668271273433087,0,1,0,494231,111379,69483,38473,1.031707362258698,0.25673998345033766
15828,0.1668328416018577,0,8,0,494239,111371,69483,38473,1.0316332579939975,0.25675369050479163
15829,0.1668334580811198,2,4,2,494243,111367,69485,38471,1.0315962058616472,0.2567506240072612
15830,0.1668346575663483,0,1,0,494244,111366,69485,38471,1.0315869428285598,0.25675233754012694
15831,0.1668483343593639,2,0,2,494244,111366,69487,38469,1.0315869428285598,0.25674241665832415
15832,0.1668524747205734,2,1,2,494245,111365,69489,38467,1.0315776797954723,0.2567342089807251
15833,0.1668699534637721,0,1,0,494246,111364,69489,38467,1.0315684167623846,0.25673592247265253
15834,0.1668704120801946,5,27,5,494273,111337,69494,38462,1.0313183148690208,0.2567573882335663
15835,0.1668809701706662,1,6,1,494279,111331,69495,38461,1.0312627366704954,0.2567627109591967
15836,0.166883137074882,2,9,2,494288,111322,69497,38459,1.0311793693727074,0.2567682149271269
15837,0.1668962543457327,13,62,13,494350,111260,69510,38446,1.030605061321279,0.25681001429468425
15838,0.1668964230911782,2,6,2,494356,111254,69512,38444,1.0305494831227537,0.25681037822816605
15839,0.1669049930313121,1,3,1,494359,111251,69513,38443,1.0305216940234911,0.25681056020949405
15840,0.1669058268866214,0,4,0,494363,111247,69513,38443,1.0304846418911409,0.2568174226735253
15841,0.1669062183014916,1,13,1,494376,111234,69514,38442,1.0303642224610026,0.2568347630882707
15842,0.1669067274874919,0,1,0,494377,111233,69514,38442,1.030354959427915,0.2568364790379155
15843,0.1669070572472853,0,1,0,494378,111232,69514,38442,1.0303456963948274,0.2568381950104895
15844,0.1669155538457981,1,2,1,494380,111230,69515,38441,1.0303271703286525,0.25683666174476016
15845,0.1669160883564035,0,1,0,494381,111229,69515,38441,1.0303179072955648,0.25683837776441504
15846,0.1669176372382882,4,5,4,494386,111224,69519,38437,1.030271592130127,0.25682709590340835
15847,0.1669191178787643,1,0,1,494386,111224,69520,38436,1.030271592130127,0.25682213016169986
15848,0.1669533397338614,1,6,1,494392,111218,69521,38435,1.0302160139316017,0.25682746085945485
15849,0.1669583138978012,0,2,0,494394,111216,69521,38435,1.0301974878654268,0.25683089321153885
15850,0.1669593505987451,1,1,1,494395,111215,69522,38434,1.030188224832339,0.2568276433521106
15851,0.1669732177436215,1,1,1,494396,111214,69523,38433,1.0301789617992516,0.25682439340581503
15852,0.1669846095420611,1,2,1,494398,111212,69524,38432,1.0301604357330765,0.25682285958675255
15853,0.1669886204179737,0,2,0,494400,111210,69524,38432,1.0301419096669013,0.2568262920837733
15854,0.166990238316096,0,1,0,494401,111209,69524,38432,1.0301326466338139,0.25682800836669095
15855,0.166992958672967,2,1,2,494402,111208,69526,38430,1.0301233836007262,0.25681979176412406
15856,0.1669941533142633,20,105,20,494507,111103,69546,38410,1.029150765126533,0.2569007377284918
15857,0.1669965312782163,2,3,2,494510,111100,69548,38408,1.0291229760272704,0.2568959520560773
15858,0.1670005695348805,0,3,0,494513,111097,69548,38408,1.0290951869280076,0.2569011069863884
15859,0.1670074085704122,1,0,1,494513,111097,69549,38407,1.0290951869280076,0.2568961365582192
15860,0.1670085328144034,1,0,1,494513,111097,69550,38406,1.0290951869280076,0.2568911660635573
15861,0.1670091419950262,0,1,0,494514,111096,69550,38406,1.0290859238949202,0.2568928843761287
15862,0.1670107993545556,0,1,0,494515,111095,69550,38406,1.0290766608618327,0.25689460271168757
15863,0.1670163840163927,2,7,2,494522,111088,69552,38404,1.0290118196302198,0.2568966901238862
15864,0.1670172768582729,1,0,1,494522,111088,69553,38403,1.0290118196302198,0.25689171923393384
15865,0.1670183445002421,2,11,2,494533,111077,69555,38401,1.0289099262662567,0.2569006810366743
15866,0.1670271292783746,0,1,0,494534,111076,69555,38401,1.028900663233169,0.25690239970028833
15867,0.1670320389103425,1,3,1,494537,111073,69556,38400,1.0288728741339064,0.2569025844132385
15868,0.1670342710401496,2,1,2,494538,111072,69558,38398,1.028863611100819,0.2568943600722553
15869,0.1670360443614228,1,0,1,494538,111072,69559,38397,1.028863611100819,0.2568893884350601
15870,0.1670380849993144,1,5,1,494543,111067,69560,38396,1.0288172959353812,0.25689301031024403
15871,0.1670561702772044,4,9,4,494552,111058,69564,38392,1.0287339286375932,0.25688859150217463
15872,0.1670599440220914,27,87,27,494639,110971,69591,38365,1.0279280447589758,0.2569038945733112
15873,0.1670621872696067,0,1,0,494640,110970,69591,38365,1.0279187817258884,0.2569056148926909
15874,0.1670627982486472,0,5,0,494645,110965,69591,38365,1.0278724665604506,0.2569142168351972
15875,0.1670647013753339,0,2,0,494647,110963,69591,38365,1.0278539404942755,0.2569176577734919
15876,0.1670708478993476,0,1,0,494648,110962,69591,38365,1.0278446774611878,0.25691937827720374
15877,0.1670711203377071,0,5,0,494653,110957,69591,38365,1.02779836229575,0.2569279811414259
15878,0.1670754753096077,2,5,2,494658,110952,69593,38363,1.0277520471303123,0.25692663161772095
15879,0.1670764510090273,0,1,0,494659,110951,69593,38363,1.0277427840972249,0.2569283523313286
15880,0.1670783527386791,0,1,0,494660,110950,69593,38363,1.0277335210641372,0.2569300730679847
15881,0.1670885298181771,6,7,6,494667,110943,69599,38357,1.0276686798325243,0.2569122572002679
15882,0.1670905420222496,4,10,4,494677,110933,69603,38353,1.0275760495016488,0.2569095561539595
15883,0.1670929656922547,1,12,1,494689,110921,69604,38352,1.0274648931045982,0.256925230952684
15884,0.1670943159859718,1,7,1,494696,110914,69605,38351,1.0274000518729853,0.2569323016112284
15885,0.1671141853957442,0,1,0,494697,110913,69605,38351,1.0273907888398977,0.2569340229392218
15886,0.1671163041472241,0,1,0,494698,110912,69605,38351,1.0273815258068102,0.2569357442902796
15887,0.1671218199195396,0,1,0,494699,110911,69605,38351,1.0273722627737227,0.2569374656644022
15888,0.167125603166659,0,3,0,494702,110908,69605,38351,1.02734447367446,0.25694262992516365
15889,0.167132355134405,0,1,0,494703,110907,69605,38351,1.0273352106413725,0.2569443513915502
15890,0.1671361960548455,0,4,0,494707,110903,69605,38351,1.0272981585090222,0.25695123748777254
15891,0.1671368853505689,0,3,0,494710,110900,69605,38351,1.0272703694097596,0.25695640230216216
15892,0.1671417654825541,0,1,0,494711,110899,69605,38351,1.027261106376672,0.2569581239530988
15893,0.1671433082341893,1,2,1,494713,110897,69606,38350,1.027242580310497,0.25695658874215227
15894,0.1671480594231615,2,2,2,494715,110895,69608,38348,1.0272240542443218,0.2569500747103717
15895,0.1671553290778245,1,5,1,494720,110890,69609,38347,1.027177739078884,0.2569537045102756
15896,0.1671577287298469,14,38,14,494758,110852,69623,38333,1.026825743821557,0.25694942521030933
15897,0.1671686374258751,1,4,1,494762,110848,69624,38332,1.0267886916892066,0.25695133395897574
15898,0.1671693232990778,1,1,1,494763,110847,69625,38331,1.0267794286561192,0.2569480754534851
15899,0.1671736342891163,2,5,2,494768,110842,69627,38329,1.0267331134906814,0.25694672556998344
15900,0.1671940145266133,0,5,0,494773,110837,69627,38329,1.0266867983252437,0.25695533834788087
15901,0.1671986665742211,1,2,1,494775,110835,69628,38328,1.0266682722590685,0.2569538022163673
15902,0.167200785325701,4,13,4,494788,110822,69632,38324,1.0265478528289302,0.2569562710364341
15903,0.1672032822010408,9,17,9,494805,110805,69641,38315,1.0263903812664419,0.2569407188841202
15904,0.1672047595647171,1,10,1,494815,110795,69642,38314,1.0262977509355664,0.2569529672923834
15905,0.1672063864929672,0,1,0,494816,110794,69642,38314,1.0262884879024787,0.25695469055986264
15906,0.1672122647466499,0,3,0,494819,110791,69642,38314,1.0262606988032161,0.25695986050098923
15907,0.16721235339187,1,0,1,494819,110791,69643,38313,1.0262606988032161,0.25695487713273957
15908,0.1672206772333224,2,3,2,494822,110788,69645,38311,1.0262329097039535,0.2569500801480895
15909,0.1672277894126662,8,17,8,494839,110771,69653,38303,1.026075438141465,0.25693950655379205
15910,0.1672343796650346,4,6,4,494845,110765,69657,38299,1.0260198599429398,0.25692990930070303
15911,0.1672366194060403,2,3,2,494848,110762,69659,38297,1.0259920708436772,0.25692511019126657
15912,0.1672401406853859,1,2,1,494850,110760,69660,38296,1.025973544777502,0.2569235723486475
15913,0.1672463678894966,7,15,7,494865,110745,69667,38289,1.0258345992811886,0.2569145295704336
15914,0.1672564749461236,5,2,5,494867,110743,69672,38284,1.0258160732150134,0.2568930462265227
15915,0.1672572450214715,1,8,1,494875,110735,69673,38283,1.025741968950313,0.2569018507831269
15916,0.1672667964053837,2,2,2,494877,110733,69675,38281,1.025723442884138,0.256895325271451
15917,0.1672697102787602,0,1,0,494878,110732,69675,38281,1.0257141798510505,0.25689704925073653
15918,0.1672751665683219,0,2,0,494880,110730,69675,38281,1.0256956537848754,0.2569004972787244
15919,0.1672772760232041,2,4,2,494884,110726,69677,38279,1.025658601652525,0.25689741954967954
15920,0.1672838254817932,19,35,19,494919,110691,69696,38260,1.0253343954944607,0.2568629952131909
15921,0.1672962905163098,1,8,1,494927,110683,69697,38259,1.0252602912297604,0.25687180244658997
15922,0.167301454960306,0,1,0,494928,110682,69697,38259,1.0252510281966727,0.25687352710133543
15923,0.1673073887854757,0,1,0,494929,110681,69697,38259,1.0252417651635852,0.25687525177924
15924,0.1673094121720279,3,18,3,494947,110663,69700,38256,1.0250750305680092,0.25689133018620863
15925,0.1673117490995201,3,4,3,494951,110659,69703,38253,1.025037978435659,0.25688325991189426
15926,0.16732400668298,1,1,1,494952,110658,69704,38252,1.0250287154025715,0.25687999462762745
15927,0.1673309103598406,4,8,4,494960,110650,69708,38248,1.024954611137871,0.25687383309379574
15928,0.167332879022899,0,1,0,494961,110649,69708,38248,1.0249453481047834,0.2568755582718255
15929,0.1673372601379908,11,4,11,494965,110645,69719,38237,1.0249082959724332,0.25682755470775515
15930,0.1673389450571262,0,3,0,494968,110642,69719,38237,1.0248805068731706,0.2568327299350479
15931,0.1673444955096384,0,1,0,494969,110641,69719,38237,1.024871243840083,0.2568344550571609
15932,0.1673457912361204,0,4,0,494973,110637,69719,38237,1.0248341917077328,0.2568413557773688
15933,0.1673552792033701,0,1,0,494974,110636,69719,38237,1.0248249286746451,0.2568430810153621
15934,0.167356461506534,2,4,2,494978,110632,69721,38235,1.024787876542295,0.25683999811912644
15935,0.1673592734320739,1,1,1,494979,110631,69722,38234,1.0247786135092074,0.2568367312665838
15936,0.1673666245076296,0,1,0,494980,110630,69722,38234,1.02476935047612,0.256838456577816
15937,0.1673687547175499,2,11,2,494991,110619,69724,38232,1.0246674571121568,0.25684745147832394
15938,0.1673696051363868,0,2,0,494993,110617,69724,38232,1.0246489310459816,0.25685090259256027
15939,0.167371364242617,0,3,0,494996,110614,69724,38232,1.024621141946719,0.2568560794378082
15940,0.1673728677731508,0,1,0,494997,110613,69724,38232,1.0246118789136314,0.2568578050992643
15941,0.1673855927678382,0,1,0,494998,110612,69724,38232,1.024602615880544,0.256859530783908
15942,0.1673859361387829,0,2,0,495000,110610,69724,38232,1.0245840898143688,0.2568629822227597
15943,0.167387419426855,4,3,4,495003,110607,69728,38228,1.0245563007151062,0.25684818759028455
15944,0.1673882922625854,4,17,4,495020,110590,69732,38224,1.0243988291526178,0.25685755372478397
15945,0.167396291766774,1,9,1,495029,110581,69733,38223,1.0243154618548298,0.2568680949436843
15946,0.1674022738717995,1,0,1,495029,110581,69734,38222,1.0243154618548298,0.2568631008783425
15947,0.167407463860696,1,2,1,495031,110579,69735,38221,1.0242969357886547,0.2568615591397849
15948,0.1674091216042728,0,6,0,495037,110573,69735,38221,1.0242413575901292,0.25687191687836874
15949,0.1674143721650153,0,7,0,495044,110566,69735,38221,1.0241765163585164,0.256884001962537
15950,0.1674150830927909,7,38,7,495082,110528,69742,38214,1.0238245211011894,0.2569146575950303
15951,0.1674195481432201,0,7,0,495089,110521,69742,38214,1.0237596798695765,0.25692674891585704
15952,0.1674265160688143,0,2,0,495091,110519,69742,38214,1.0237411538034014,0.2569302037879959
15953,0.1674288561813061,1,1,1,495092,110518,69743,38213,1.023731890770314,0.25692693520516907
15954,0.1674344878007951,0,1,0,495093,110517,69743,38213,1.0237226277372262,0.2569286626773348
15955,0.1674380836588664,0,2,0,495095,110515,69743,38213,1.023704101671051,0.25693211769135604
15956,0.1674413170948223,1,0,1,495095,110515,69744,38212,1.023704101671051,0.25692712150450153
15957,0.167442221321685,1,4,1,495099,110511,69745,38211,1.023667049538701,0.25692903538144996
15958,0.1674455517172322,0,2,0,495101,110509,69745,38211,1.0236485234725259,0.2569324905863367
15959,0.1674496438295738,0,1,0,495102,110508,69745,38211,1.0236392604394382,0.2569342182236298
15960,0.1674567384390176,0,1,0,495103,110507,69745,38211,1.0236299974063507,0.2569359458841566
15961,0.1674578394998329,0,1,0,495104,110506,69745,38211,1.0236207343732633,0.2569376735679176
15962,0.1674595884092634,1,0,1,495104,110506,69746,38210,1.0236207343732633,0.2569326770488717
15963,0.1674655175002757,0,1,0,495105,110505,69746,38210,1.0236114713401756,0.25693440473388696
15964,0.1674803367813756,0,1,0,495106,110504,69746,38210,1.0236022083070881,0.25693613244213725
15965,0.1674806213757681,0,5,0,495111,110499,69746,38210,1.0235558931416504,0.25694477133193017
15966,0.1674829608870951,15,75,15,495186,110424,69761,38195,1.0228611656600837,0.2569994415249732
15967,0.1674837011063318,1,0,1,495186,110424,69762,38194,1.0228611656600837,0.2569944421267949
15968,0.1674876963593386,0,1,0,495187,110423,69762,38194,1.0228519026269962,0.25699617136666736
15969,0.1674965686992576,0,2,0,495189,110421,69762,38194,1.022833376560821,0.2569996299162265
15970,0.1674966090072195,1,2,1,495191,110419,69763,38193,1.022814850494646,0.256998088983393
15971,0.1674977877203523,8,28,8,495219,110391,69771,38185,1.0225554855681944,0.2570065151841482
15972,0.1674992624128717,5,13,5,495232,110378,69776,38180,1.0224350661380563,0.2570039984383204
15973,0.1675004169164493,0,5,0,495237,110373,69776,38180,1.0223887509726184,0.25701264868430795
15974,0.1675008509726775,0,1,0,495238,110372,69776,38180,1.022379487939531,0.25701437880338196
15975,0.1675025861306227,1,0,1,495238,110372,69777,38179,1.022379487939531,0.25700937725091044
15976,0.1675109972472912,0,3,0,495241,110369,69777,38179,1.0223516988402683,0.25701456768182673
15977,0.1675171892716667,1,3,1,495244,110366,69778,38178,1.0223239097410055,0.25701475657044376
15978,0.1675177123135496,2,6,2,495250,110360,69780,38176,1.0222683315424803,0.2570151343781979
15979,0.1675201511828926,4,3,4,495253,110357,69784,38172,1.0222405424432177,0.2570003164365208
15980,0.167521252243708,1,9,1,495262,110348,69785,38171,1.0221571751454297,0.257010887495876
15981,0.1675241776801189,3,4,3,495266,110344,69788,38168,1.0221201230130794,0.25700280112044815
15982,0.1675268716132168,0,1,0,495267,110343,69788,38168,1.022110859979992,0.25700453165085413
15983,0.1675300328957092,2,6,2,495273,110337,69790,38166,1.0220552817814665,0.25700490899173756
15984,0.1675308401641204,0,4,0,495277,110333,69790,38166,1.0220182296491163,0.2570118317295066
15985,0.1675344472276204,0,1,0,495278,110332,69790,38166,1.0220089666160288,0.25701356247222185
15986,0.1675412338879144,4,17,4,495295,110315,69794,38162,1.0218514950535402,0.25702297325511697
15987,0.1675437099175735,0,6,0,495301,110309,69794,38162,1.021795916855015,0.2570333600501108
15988,0.1675440695877403,0,2,0,495303,110307,69794,38162,1.02177739078884,0.25703682250166704
15989,0.1675484741827695,1,0,1,495303,110307,69795,38161,1.02177739078884,0.25703181830428107
15990,0.1675502731771067,7,30,7,495333,110277,69802,38154,1.0214994997962132,0.25704872971279585
15991,0.1675511091032136,3,12,3,495345,110265,69805,38151,1.0213883433991626,0.2570544954721863
15992,0.1675599814431326,4,5,4,495350,110260,69809,38147,1.0213420282337249,0.2570431313886811
15993,0.1675642637165525,1,5,1,495355,110255,69810,38146,1.0212957130682871,0.2570467853990202
15994,0.1675801382284456,0,3,0,495358,110252,69810,38146,1.0212679239690243,0.2570519818326393
15995,0.1675856903349944,4,6,4,495364,110246,69814,38142,1.0212123457704991,0.2570423484378791
15996,0.1676000593930045,2,11,2,495375,110235,69816,38140,1.021110452406536,0.2570513900589722
15997,0.1676200349179127,1,1,1,495376,110234,69817,38139,1.0211011893734485,0.2570481152231201
15998,0.1676211507918495,2,3,2,495379,110231,69819,38137,1.0210734002741857,0.2570432977461447
15999,0.1676239385154758,2,11,2,495390,110220,69821,38135,1.0209715069102228,0.2570523406693404
16000,0.1676354461040273,0,3,0,495393,110217,69821,38135,1.02094371781096,0.2570575388265746
16001,0.1676373081434013,2,1,2,495394,110216,69823,38133,1.0209344547778725,0.257049255471894
16002,0.1676378878525981,3,3,3,495397,110213,69826,38130,1.0209066656786099,0.2570394288911509
16003,0.1676425512336067,0,1,0,495398,110212,69826,38130,1.0208974026455222,0.2570411616399941
16004,0.1676430444458999,1,5,1,495403,110207,69827,38129,1.0208510874800845,0.25704481717182615
16005,0.1676448113288689,0,3,0,495406,110204,69827,38129,1.0208232983808219,0.25705001584273224
16006,0.1676456302324613,1,1,1,495407,110203,69828,38128,1.0208140353477342,0.25704674006107964
16007,0.1676571004841912,5,14,5,495421,110189,69833,38123,1.0206843528845084,0.25704595717136847
16008,0.1676662415832054,0,1,0,495422,110188,69833,38123,1.020675089851421,0.2570476903264087
16009,0.167673504471507,0,1,0,495423,110187,69833,38123,1.0206658268183333,0.25704942350482096
16010,0.1676784564962655,0,2,0,495425,110185,69833,38123,1.0206473007521584,0.2570528899317636
16011,0.1676803522039803,1,7,1,495432,110178,69834,38122,1.0205824595205455,0.2570600134861767
16012,0.1676982183725131,0,2,0,495434,110176,69834,38122,1.0205639334543704,0.257063480289687
16013,0.1677041082321621,2,3,2,495437,110173,69836,38120,1.0205361443551075,0.25705866089431056
16014,0.1677070068391705,1,8,1,495445,110165,69837,38119,1.0204620400904072,0.25706751908499903
16015,0.1677081112484261,31,115,31,495560,110050,69868,38088,1.0193967912853386,0.257111612145432
16016,0.1677092936566526,2,1,2,495561,110049,69870,38086,1.0193875282522509,0.25710331791946534
16017,0.1677121590863738,0,2,0,495563,110047,69870,38086,1.0193690021860757,0.25710678916919255
16018,0.1677270324120837,0,1,0,495564,110046,69870,38086,1.0193597391529883,0.2571085248292064
16019,0.1677296543270805,0,2,0,495566,110044,69870,38086,1.0193412130868131,0.2571119962195369
16020,0.1677342337692587,0,2,0,495568,110042,69870,38086,1.019322687020638,0.2571154677036077
16021,0.1677486099045646,0,3,0,495571,110039,69870,38086,1.0192948979213754,0.25712067510548525
16022,0.1677545331774199,0,3,0,495574,110036,69870,38086,1.0192671088221128,0.2571258827182998
16023,0.1677552594636998,5,10,5,495584,110026,69875,38081,1.019174478491237,0.25711816457020936
16024,0.1677688800961762,2,11,2,495595,110015,69877,38079,1.0190725851272742,0.25712723000256593
16025,0.1677694845873205,7,12,7,495607,110003,69884,38072,1.0189614287302233,0.2571129495188249
16026,0.1677777774373685,1,6,1,495613,109997,69885,38071,1.0189058505316981,0.2571183510279061
16027,0.1677777920957949,3,2,3,495615,109995,69888,38068,1.018887324465523,0.2571067721172744
16028,0.1677803537533938,3,11,3,495626,109984,69891,38065,1.0187854311015598,0.25711082141723346
16029,0.1677848404682081,6,6,6,495632,109978,69897,38059,1.0187298529030346,0.25709113262224986
16030,0.1677858244247429,0,1,0,495633,109977,69897,38059,1.018720589869947,0.25709286930206166
16031,0.1677908316846109,0,1,0,495634,109976,69897,38059,1.0187113268368595,0.25709460600533657
16032,0.1677926537187701,0,3,0,495637,109973,69897,38059,1.018683537737597,0.25709981625594464
16033,0.1677976963813902,7,14,7,495651,109959,69904,38052,1.0185538552743711,0.25708900014188135
16034,0.1677980082454836,0,2,0,495653,109957,69904,38052,1.018535329208196,0.25709247410630437
16035,0.1677982791324532,1,1,1,495654,109956,69905,38051,1.0185260661751083,0.2570891917274183
16036,0.1678018094369911,0,4,0,495658,109952,69905,38051,1.0184890140427583,0.25709613994310926
16037,0.1678330910830415,3,11,3,495669,109941,69908,38048,1.018387120678795,0.2571001898789775
16038,0.1678342620435496,12,43,12,495712,109898,69920,38036,1.0179888102560302,0.2571146592399313
16039,0.1678377576901743,2,6,2,495718,109892,69922,38034,1.017933232057505,0.2571150440084907
16040,0.1678383098814973,0,1,0,495719,109891,69922,38034,1.0179239690244173,0.2571167821531181
16041,0.1678433138288555,3,15,3,495734,109876,69925,38031,1.017785023528104,0.2571277897597815
16042,0.1678442850720373,0,6,0,495740,109870,69925,38031,1.0177294453295787,0.2571382208369112
16043,0.1678451391755245,1,4,1,495744,109866,69926,38030,1.0176923931972286,0.2571401525396224
16044,0.1678568644429668,0,1,0,495745,109865,69926,38030,1.017683130164141,0.25714189120659925
16045,0.1678699971576933,2,3,2,495748,109862,69928,38028,1.0176553410648783,0.2571370613293664
16046,0.1678708004110639,0,1,0,495749,109861,69928,38028,1.0176460780317906,0.25713880004598044
16047,0.1678761040699695,0,5,0,495754,109856,69928,38028,1.017599762866353,0.2571474939817695
16048,0.167893269837523,0,2,0,495756,109854,69928,38028,1.0175812368001778,0.25715097172069623
16049,0.167902715307135,0,1,0,495757,109853,69928,38028,1.0175719737670903,0.2571527106254353
16050,0.1679090244848649,0,6,0,495763,109847,69928,38028,1.0175163955685649,0.25716314454775996
16051,0.1679094989802018,0,1,0,495764,109846,69928,38028,1.0175071325354774,0.2571648836171335
16052,0.1679107132243424,0,1,0,495765,109845,69928,38028,1.01749786950239,0.2571666227100282
16053,0.1679138688100251,0,1,0,495766,109844,69928,38028,1.0174886064693023,0.2571683618264445
16054,0.1679173383309762,0,2,0,495768,109842,69928,38028,1.0174700804031271,0.2571718401298438
16055,0.1679231000615196,0,3,0,495771,109839,69928,38028,1.0174422913038645,0.2571770577613666
16056,0.1679255506710598,0,6,0,495777,109833,69928,38028,1.0173867131053391,0.2571874936595857
16057,0.1679309308685209,0,1,0,495778,109832,69928,38028,1.0173774500722517,0.2571892330582984
16058,0.167956682581398,2,7,2,495785,109825,69930,38026,1.0173126088406388,0.257191361573476
16059,0.1679588892466653,0,1,0,495786,109824,69930,38026,1.0173033458075513,0.2571931011159959
16060,0.1679597818279606,2,7,2,495793,109817,69932,38024,1.0172385045759385,0.2571952300106195
16061,0.1679648567054937,0,5,0,495798,109812,69932,38024,1.0171921894105005,0.25720392867772396
16062,0.1679659435880246,0,1,0,495799,109811,69932,38024,1.017182926377413,0.2572056684817533
16063,0.1679741259682174,3,12,3,495811,109799,69935,38021,1.0170717699803624,0.25721147341361117
16064,0.1679758516177522,0,1,0,495812,109798,69935,38021,1.0170625069472747,0.2572132134569981
16065,0.167981059715345,2,7,2,495819,109791,69937,38019,1.0169976657156619,0.2572153440227319
16066,0.1679880636238381,1,2,1,495821,109789,69938,38018,1.0169791396494867,0.25721379907582187
16067,0.1679880966999571,1,4,1,495825,109785,69939,38017,1.0169420875171367,0.25721573456380836
16068,0.1679943436123959,0,1,0,495826,109784,69939,38017,1.016932824484049,0.25721747484793744
16069,0.1679961479528167,0,3,0,495829,109781,69939,38017,1.0169050353847864,0.25722269584162166
16070,0.167998349988502,2,5,2,495834,109776,69941,38015,1.0168587202193486,0.2572213463607392
16071,0.1680021231433568,2,22,2,495856,109754,69943,38013,1.0166549334914223,0.2572495888797905
16072,0.1680029772468439,8,27,8,495883,109727,69951,38005,1.0164048315980585,0.2572563831803536
16073,0.1680272388964049,0,2,0,495885,109725,69951,38005,1.0163863055318834,0.25725986597170514
16074,0.1680405909787623,1,2,1,495887,109723,69952,38004,1.0163677794657082,0.2572583210922851
16075,0.1680466292688315,0,2,0,495889,109721,69952,38004,1.016349253399533,0.2572618040277543
16076,0.1680474123528954,4,14,4,495903,109707,69956,38000,1.0162195709363073,0.25726607405200835
16077,0.1680504247665016,0,1,0,495904,109706,69956,38000,1.0162103079032199,0.2572678157962439
16078,0.1680576261236765,0,1,0,495905,109705,69956,38000,1.0162010448701322,0.2572695575640635
16079,0.1680610093576872,0,3,0,495908,109702,69956,38000,1.0161732557708696,0.2572747830090317
16080,0.1680648007537055,2,2,2,495910,109700,69958,37998,1.0161547297046944,0.2572682094544273
16081,0.1680719861097401,1,5,1,495915,109695,69959,37997,1.0161084145392567,0.25727189014977114
16082,0.1680856818744053,9,12,9,495927,109683,69968,37988,1.015997258142206,0.25724752998219014
16083,0.1680902667469138,0,1,0,495928,109682,69968,37988,1.0159879951091186,0.25724927202546216
16084,0.168092139234762,0,2,0,495930,109680,69968,37988,1.0159694690429435,0.2572527561827884
16085,0.1680922222083036,1,2,1,495932,109678,69969,37987,1.0159509429767684,0.25725121051027666
16086,0.1681002222513343,0,2,0,495934,109676,69969,37987,1.0159324169105932,0.25725469481183505
16087,0.1681002821228654,1,8,1,495942,109668,69970,37986,1.0158583126458929,0.25726360274696247
16088,0.1681065546877985,0,1,0,495943,109667,69970,37986,1.0158490496128052,0.2572653450996593
16089,0.1681117200748819,8,18,8,495961,109649,69978,37978,1.0156823150172292,0.2572564639259756
16090,0.1681182198123276,2,4,2,495965,109645,69980,37976,1.015645262884879,0.2572533718102438
16091,0.1681381673311597,7,20,7,495985,109625,69987,37969,1.015460002223128,0.2572530048646964
16092,0.1681390176758944,0,2,0,495987,109623,69987,37969,1.0154414761569528,0.25725649086671365
16093,0.1681523108971477,0,1,0,495988,109622,69987,37969,1.0154322131238653,0.2572582339031513
16094,0.1681535594798461,0,2,0,495990,109620,69987,37969,1.0154136870576902,0.25726172004688697
16095,0.1681564834374594,2,5,2,495995,109615,69989,37967,1.0153673718922525,0.25726037050588824
16096,0.1681586200748775,1,4,1,495999,109611,69990,37966,1.0153303197599022,0.2572623105226424
16097,0.1681629640433777,0,1,0,496000,109610,69990,37966,1.0153210567268147,0.2572640537756817
16098,0.1681642234739873,1,1,1,496001,109609,69991,37965,1.015311793693727,0.2572607640912356
16099,0.168170196302214,1,1,1,496002,109608,69992,37964,1.0153025306606396,0.25725747431762125
16100,0.1681747479253907,2,9,2,496011,109599,69994,37962,1.0152191633628516,0.25726309797304164
16101,0.1681847486662402,6,8,6,496019,109591,70000,37956,1.015145059098151,0.25724684337872
16102,0.1681905888409883,0,1,0,496020,109590,70000,37956,1.0151357960650635,0.25724858688137936
16103,0.1682105784110377,4,15,4,496035,109575,70004,37952,1.0149968505687503,0.25725460424193536
16104,0.1682162765363495,1,0,1,496035,109575,70005,37951,1.0149968505687503,0.2572495695673983
16105,0.1682164613444051,0,3,0,496038,109572,70005,37951,1.0149690614694875,0.2572548009462931
16106,0.1682339966202787,1,0,1,496038,109572,70006,37950,1.0149690614694875,0.25724976613657624
16107,0.168234524778521,10,37,10,496075,109535,70016,37940,1.014626329245248,0.25726394304119343
16108,0.1682471809014835,1,0,1,496075,109535,70017,37939,1.014626329245248,0.25725890665473233
16109,0.1682487046524642,1,5,1,496080,109530,70018,37938,1.0145800140798102,0.2572625925624542
16110,0.1682621495761316,0,2,0,496082,109528,70018,37938,1.014561488013635,0.25726608167306364
16111,0.1682622580265108,1,1,1,496083,109527,70019,37937,1.0145522249805476,0.2572627895621982
16112,0.1682902201933153,0,1,0,496084,109526,70019,37937,1.0145429619474602,0.25726453415433026
16113,0.1682960054024791,22,70,22,496154,109456,70041,37915,1.0138945496313312,0.2572758548153979
16114,0.1682974093641537,2,9,2,496163,109447,70043,37913,1.0138111823335434,0.2572814875135722
16115,0.1683063019117062,0,2,0,496165,109445,70043,37913,1.0137926562673683,0.2572849794378317
16116,0.168307707251592,0,2,0,496167,109443,70043,37913,1.0137741302011931,0.25728847145687994
16117,0.1683203047961108,4,6,4,496173,109437,70047,37909,1.0137185520026677,0.2572787859867251
16118,0.1683216808395488,1,0,1,496173,109437,70048,37908,1.0137185520026677,0.2572737452916624
16119,0.1683300230598298,0,2,0,496175,109435,70048,37908,1.0137000259364926,0.2572772374663201
16120,0.1683425867375597,3,12,3,496187,109423,70051,37905,1.013588869539442,0.25728306907037357
16121,0.1683433899909303,0,2,0,496189,109421,70051,37905,1.0135703434732668,0.257286561774568
16122,0.1683472559585079,1,0,1,496189,109421,70052,37904,1.0135703434732668,0.25728152044798913
16123,0.16836169630834,1,0,1,496189,109421,70053,37903,1.0135703434732668,0.2572764790529717
16124,0.1683619868765346,0,1,0,496190,109420,70053,37903,1.0135610804401793,0.2572782253958988
16125,0.1683714528510417,0,4,0,496194,109416,70053,37903,1.013524028307829,0.2572852110046905
16126,0.1683907830901832,2,3,2,496197,109413,70055,37901,1.0134962392085665,0.2572803671069959
16127,0.1684122675849284,1,4,1,496201,109409,70056,37900,1.0134591870762162,0.25728231133196205
16128,0.1684156352065844,0,4,0,496205,109405,70056,37900,1.0134221349438661,0.25728929771562403
16129,0.1684188166936512,6,19,6,496224,109386,70062,37894,1.0132461373152024,0.25729223248234656
16130,0.168420622080211,4,8,4,496232,109378,70066,37890,1.013172033050502,0.2572860363419073
16131,0.1684266000644232,1,6,1,496238,109372,70067,37889,1.0131164548519767,0.25729147567923616
16132,0.1684335476116778,6,24,6,496262,109348,70073,37883,1.0128941420578754,0.25730314947259747
16133,0.1684335906144876,0,1,0,496263,109347,70073,37883,1.012884879024788,0.2573048970997759
16134,0.1684381283921536,0,2,0,496265,109345,70073,37883,1.0128663529586128,0.25730839242535386
16135,0.1684404493263436,2,1,2,496266,109344,70075,37881,1.0128570899255251,0.257300050942435
16136,0.1684523056398858,0,1,0,496267,109343,70075,37881,1.0128478268924377,0.25730179861979025
16137,0.1684530732747721,0,3,0,496270,109340,70075,37881,1.012820037793175,0.25730704179430924
16138,0.1684610990405123,1,7,1,496277,109333,70076,37880,1.0127551965615622,0.2573142317594234
16139,0.1684687375326831,1,4,1,496281,109329,70077,37879,1.012718144429212,0.2573161784685615
16140,0.1684779157766651,4,2,4,496283,109327,70081,37875,1.0126996183630368,0.25729949321340745
16141,0.168482469090423,1,0,1,496283,109327,70082,37874,1.0126996183630368,0.25729444772793664
16142,0.1684871959417277,3,22,3,496305,109305,70085,37871,1.0124958316351107,0.25731776920150023
16143,0.1684930669094503,1,1,1,496306,109304,70086,37870,1.012486568602023,0.2573144713060731
16144,0.1685222683892292,2,4,2,496310,109300,70088,37868,1.0124495164696727,0.25731137203739946
16145,0.1685335382976122,0,1,0,496311,109299,70088,37868,1.0124402534365853,0.2573131204685833
16146,0.1685513017995114,0,1,0,496312,109298,70088,37868,1.0124309904034978,0.2573148689235285
16147,0.1685743285187957,0,1,0,496313,109297,70088,37868,1.0124217273704101,0.2573166174022356
16148,0.1685758589852842,1,0,1,496313,109297,70089,37867,1.0124217273704101,0.25731157076458916
16149,0.1685827075267814,1,0,1,496313,109297,70090,37866,1.0124217273704101,0.2573065240583571
16150,0.1685846960943309,1,0,1,496313,109297,70091,37865,1.0124217273704101,0.25730147728353786
16151,0.1686006636866698,0,2,0,496315,109295,70091,37865,1.012403201304235,0.2573049741777657
16152,0.1686007354072272,1,0,1,496315,109295,70092,37864,1.012403201304235,0.2572999272895304
16153,0.1686067887471201,1,3,1,496318,109292,70093,37863,1.0123754122049724,0.25730012571778055
16154,0.1686071894408251,1,1,1,496319,109291,70094,37862,1.012366149171885,0.25729682711191754
16155,0.168613332951746,3,31,3,496350,109260,70097,37859,1.0120789951461706,0.2573358981504768
16156,0.1686163482828751,0,1,0,496351,109259,70097,37859,1.0120697321130832,0.2573376473307141
16157,0.1686167629511307,3,3,3,496354,109256,70100,37856,1.0120419430138206,0.25732775028549676
16158,0.1686225453217127,0,1,0,496355,109255,70100,37856,1.0120326799807329,0.2573294994935797
16159,0.1686261281238417,0,1,0,496356,109254,70100,37856,1.0120234169476454,0.25733124872544355
16160,0.1686445545369935,0,2,0,496358,109252,70100,37856,1.0120048908814703,0.2573347472605161
16161,0.168649832915839,1,20,1,496378,109232,70101,37855,1.011819630219719,0.2573646889256019
16162,0.1686706021847001,3,15,3,496393,109217,70104,37852,1.0116806847234059,0.25737578959536
16163,0.1686810645825526,0,3,0,496396,109214,70104,37852,1.011652895624143,0.2573810398052575
16164,0.1686859580655878,4,5,4,496401,109209,70108,37848,1.0116065804587053,0.25736959138293314
16165,0.1686874449023084,0,1,0,496402,109208,70108,37848,1.0115973174256179,0.2573713415297574
16166,0.1687110983776197,5,3,5,496405,109205,70113,37843,1.0115695283263553,0.25735134105870194
16167,0.1687116799260511,6,16,6,496421,109189,70119,37837,1.0114213197969544,0.25734904030579625
16168,0.168714175444601,1,3,1,496424,109186,70120,37836,1.0113935306976916,0.2573492402497585
16169,0.1687146374724643,2,4,2,496428,109182,70122,37834,1.0113564785653415,0.2573461391957338
16170,0.1687192182529401,0,1,0,496429,109181,70122,37834,1.0113472155322538,0.257347889671122
16171,0.1687320646804357,0,3,0,496432,109178,70122,37834,1.0113194264329912,0.2573531412401709
16172,0.168736788210523,1,7,1,496439,109171,70123,37833,1.0112545852013783,0.2573603439362194
16173,0.1687418179346981,0,1,0,496440,109170,70123,37833,1.0112453221682909,0.2573620946511296
16174,0.1687590056374517,0,2,0,496442,109168,70123,37833,1.0112267961021157,0.2573655961524071
16175,0.1687627491332403,0,2,0,496444,109166,70123,37833,1.0112082700359406,0.25736909774896427
16176,0.1687826591127629,3,5,3,496449,109161,70126,37830,1.0111619548705029,0.25736269567524545
16177,0.168811058935301,0,2,0,496451,109159,70126,37830,1.0111434288043277,0.257366197470559
16178,0.1688119183624095,1,12,1,496463,109147,70127,37829,1.011032272407277,0.2573821576311779
16179,0.1688133786698414,2,1,2,496464,109146,70129,37827,1.0110230093741894,0.257373803351636
16180,0.1688160675596381,1,13,1,496477,109133,70130,37826,1.0109025899440514,0.2573915173619853
16181,0.1688320484659006,0,1,0,496478,109132,70130,37826,1.0108933269109637,0.2573932688251065
16182,0.1688370651430066,0,1,0,496479,109131,70130,37826,1.0108840638778762,0.25739502031206407
16183,0.1688408985679335,5,17,5,496496,109114,70135,37821,1.0107265923153876,0.2573995304046007
16184,0.1688436384378919,0,1,0,496497,109113,70135,37821,1.0107173292823002,0.2574012822083384
16185,0.1688455591185032,0,1,0,496498,109112,70135,37821,1.0107080662492127,0.25740303403592113
16186,0.1688502592766825,0,3,0,496501,109109,70135,37821,1.01068027714995,0.25740828966174367
16187,0.1688737653726216,4,8,4,496509,109101,70139,37817,1.0106061728852496,0.25740208823969835
16188,0.1688878786079067,0,3,0,496512,109098,70139,37817,1.010578383785987,0.2574073443828064
16189,0.1688948146908649,0,8,0,496520,109090,70139,37817,1.0105042795212864,0.2574213618139367
16190,0.1688954612097756,1,7,1,496527,109083,70140,37816,1.0104394382896735,0.25742857337354236
16191,0.1689004778868816,4,12,4,496539,109071,70144,37812,1.010328281892623,0.25742938256980047
16192,0.1689131493157983,0,1,0,496540,109070,70144,37812,1.0103190188595355,0.2574311351969608
16193,0.1689136079432066,0,6,0,496546,109064,70144,37812,1.01026344066101,0.25744165146109643
16194,0.1689183323603658,1,2,1,496548,109062,70145,37811,1.010244914594835,0.2574401013120179
16195,0.1689612755160638,3,7,3,496555,109055,70148,37808,1.010180073363222,0.25743720338002085
16196,0.168983732518179,0,2,0,496557,109053,70148,37808,1.0101615472970469,0.25744070924207246
16197,0.1689892490354841,6,5,6,496562,109048,70154,37802,1.0101152321316091,0.25741913517194415
16198,0.1690011099591774,2,1,2,496563,109047,70156,37800,1.0101059690985217,0.25741077447956034
16199,0.1690201847744865,0,2,0,496565,109045,70156,37800,1.0100874430323465,0.2574142803636487
16200,0.1690397798161345,2,0,2,496565,109045,70158,37798,1.0100874430323465,0.25740416635454194
16201,0.1690637489735495,1,0,1,496565,109045,70159,37797,1.0100874430323465,0.2573991092466733
16202,0.1690724922095529,3,6,3,496571,109039,70162,37794,1.0100318648338211,0.2573944549249828
16203,0.1690738223035328,1,0,1,496571,109039,70163,37793,1.0100318648338211,0.25738939740655986
16204,0.1690944685306279,0,1,0,496572,109038,70163,37793,1.0100226018007337,0.2573911503701534
16205,0.1690951547085158,0,1,0,496573,109037,70163,37793,1.010013338767646,0.25739290335762444
16206,0.1691099810310694,3,13,3,496586,109024,70166,37790,1.009892919337508,0.2574005203863392
16207,0.16912198842872,1,7,1,496593,109017,70167,37789,1.009828078105895,0.257407735378663
16208,0.1691422802240912,0,2,0,496595,109015,70167,37789,1.00980955203972,0.257411242200485
16209,0.1691447935952598,5,5,5,496600,109010,70172,37784,1.0097632368742822,0.25739471640530265
16210,0.1691470046412505,0,1,0,496601,109009,70172,37784,1.0097539738411945,0.25739646985891695
16211,0.1691575841712,1,3,1,496604,109006,70173,37783,1.0097261847419319,0.25739667141270806
16212,0.1691660860270632,0,1,0,496605,109005,70173,37783,1.0097169217088444,0.2573984249393683
16213,0.1691679279503785,0,3,0,496608,109002,70173,37783,1.0096891326095816,0.25740368566270394
16214,0.169178022845806,1,1,1,496609,109001,70174,37782,1.0096798695764941,0.257400380153015
16215,0.1691848385429141,0,5,0,496614,108996,70174,37782,1.0096335544110564,0.2574091485099947
16216,0.1691878428465001,3,4,3,496618,108992,70177,37779,1.0095965022787061,0.2574009852082496
16217,0.1692168893295238,2,0,2,496618,108992,70179,37777,1.0095965022787061,0.25739086591855226
16218,0.169220996915075,1,7,1,496625,108985,70180,37776,1.0095316610470932,0.2573980825968752
16219,0.1692247229719971,0,1,0,496626,108984,70180,37776,1.0095223980140058,0.25739983646770237
16220,0.1692360642693789,0,2,0,496628,108982,70180,37776,1.0095038719478306,0.2574033442810613
16221,0.1692371783533854,0,1,0,496629,108981,70180,37776,1.009494608914743,0.2574050982235941
16222,0.1692491032257593,1,1,1,496630,108980,70181,37775,1.0094853458816555,0.2574017921024837
16223,0.1692563461162805,0,1,0,496631,108979,70181,37775,1.009476082848568,0.25740354607029453
16224,0.1692618365777822,0,1,0,496632,108978,70181,37775,1.0094668198154804,0.25740530006200896
16225,0.1692622947278005,1,2,1,496634,108976,70182,37774,1.0094482937493052,0.2574037478705281
16226,0.1692646388412099,0,2,0,496636,108974,70182,37774,1.00942976768313,0.2574072559762314
16227,0.1692647320112517,0,2,0,496638,108972,70182,37774,1.009411241616955,0.2574107641775585
16228,0.1692798227828377,2,5,2,496643,108967,70184,37772,1.0093649264515172,0.25740941399355316
16229,0.169281799464334,5,12,5,496655,108955,70189,37767,1.0092537700544666,0.2574051607802511
16230,0.1692896638101397,0,3,0,496658,108952,70189,37767,1.009225980955204,0.25741042400779723
16231,0.169297090783443,0,3,0,496661,108949,70189,37767,1.0091981918559414,0.2574156874505848
16232,0.1693185067981996,1,0,1,496661,108949,70190,37766,1.0091981918559414,0.25741062604369014
16233,0.169320166100027,0,1,0,496662,108948,70190,37766,1.0091889288228537,0.25741238054991344
16234,0.1693206639609026,11,19,11,496681,108929,70201,37755,1.0090129311941902,0.2573900357230509
16235,0.1693212738475586,0,1,0,496682,108928,70201,37755,1.0090036681611028,0.2573917904596988
16236,0.169351383517981,10,25,10,496707,108903,70211,37745,1.0087720923339139,0.2573850308221046
16237,0.169354322720903,0,1,0,496708,108902,70211,37745,1.0087628293008262,0.2573867859553895
16238,0.1693824431962755,0,1,0,496709,108901,70211,37745,1.0087535662677387,0.25738854111261134
16239,0.1693846865914337,1,7,1,496716,108894,70212,37744,1.0086887250361258,0.2573957637174539
16240,0.1693855688300551,2,2,2,496718,108892,70214,37742,1.0086701989699507,0.25738914576428384
16241,0.1693958845639707,1,2,1,496720,108890,70215,37741,1.0086516729037756,0.25738759198259575
16242,0.1694053105195198,2,3,2,496723,108887,70217,37739,1.008623883804513,0.2573827288475441
16243,0.1694135108237987,6,13,6,496736,108874,70223,37733,1.0085034643743747,0.25737515943986305
16244,0.1694142585596685,0,1,0,496737,108873,70223,37733,1.0084942013412872,0.2573769149966577
16245,0.1694167897666329,0,2,0,496739,108871,70223,37733,1.008475675275112,0.257380426182096
16246,0.1694220123509357,0,2,0,496741,108869,70223,37733,1.008457149208937,0.2573839374633361
16247,0.1694258834560463,0,3,0,496744,108866,70223,37733,1.0084293601096743,0.25738920456483333
16248,0.1694344341329268,0,3,0,496747,108863,70223,37733,1.0084015710104117,0.25739447188190673
16249,0.1694373166267707,1,0,1,496747,108863,70224,37732,1.0084015710104117,0.25738940618711414
16250,0.1694458559401505,0,1,0,496748,108862,70224,37732,1.008392307977324,0.25739116198480155
16251,0.1694475018814591,2,1,2,496749,108861,70226,37730,1.0083830449442366,0.2573827861192024
16252,0.1694556931484805,1,3,1,496752,108858,70227,37729,1.008355255844974,0.2573829875773431
16253,0.169464268807474,0,2,0,496754,108856,70227,37729,1.0083367297787988,0.25738649930074703
16254,0.1694918344314853,0,2,0,496756,108854,70227,37729,1.0083182037126237,0.25739001111997983
16255,0.1695019172437427,2,0,2,496756,108854,70229,37727,1.0083182037126237,0.2573798787018781
16256,0.1695167542642283,2,1,2,496757,108853,70231,37725,1.008308940679536,0.2573715018624896
16257,0.1695272538836238,31,63,31,496820,108790,70262,37694,1.0077253695950201,0.25732503208541546
16258,0.169527576715988,1,0,1,496820,108790,70263,37693,1.0077253695950201,0.25731996204337704
16259,0.1695301930865458,0,5,0,496825,108785,70263,37693,1.0076790544295824,0.25732874561367575
16260,0.1695590658466773,0,2,0,496827,108783,70263,37693,1.0076605283634072,0.2573322592096999
16261,0.1695609126436242,0,2,0,496829,108781,70263,37693,1.007642002297232,0.25733577290167536
16262,0.1695631485908392,1,4,1,496833,108777,70264,37692,1.007604950164882,0.2573377301681585
16263,0.1695961804584652,0,3,0,496836,108774,70264,37692,1.0075771610656192,0.25734300110605873
16264,0.1696017538216891,4,9,4,496845,108765,70268,37688,1.0074937937678314,0.25733853181566785
16265,0.1696095456165091,1,3,1,496848,108762,70269,37687,1.0074660046685686,0.25733873225491466
16266,0.1696296764554022,0,2,0,496850,108760,70269,37687,1.0074474786023935,0.25734224668310035
16267,0.1696324733787675,4,7,4,496857,108753,70273,37683,1.0073826373707806,0.2573342620667049
16268,0.1696415162976035,0,1,0,496858,108752,70273,37683,1.0073733743376931,0.2573360193942705
16269,0.1696457713122348,1,0,1,496858,108752,70274,37682,1.0073733743376931,0.2573309477307183
16270,0.169648474340034,0,1,0,496859,108751,70274,37682,1.0073641113046057,0.25733270505965183
16271,0.1696621316040689,2,2,2,496861,108749,70276,37680,1.0073455852384305,0.2573260761188016
16272,0.1696624888077123,0,2,0,496863,108747,70276,37680,1.0073270591722554,0.25732959085414575
16273,0.1696631064138114,0,2,0,496865,108745,70276,37680,1.0073085331060803,0.25733310568550455
16274,0.1696745923355478,0,4,0,496869,108741,70276,37680,1.00727148097373,0.25734013563628166
16275,0.1696797739456637,2,3,2,496872,108738,70278,37678,1.0072436918744674,0.2573352639055841
16276,0.1696849060592719,4,18,4,496890,108720,70282,37674,1.0070769572788913,0.25734661256608876
16277,0.169691727560492,0,2,0,496892,108718,70282,37674,1.0070584312127162,0.25735012842231814
16278,0.1696974111655785,0,2,0,496894,108716,70282,37674,1.0070399051465413,0.2573536443746158
16279,0.1697305895246273,3,5,3,496899,108711,70285,37671,1.0069935899811033,0.2573472148214944
16280,0.169736783009267,1,4,1,496903,108707,70286,37670,1.0069565378487533,0.25734917370898436
16281,0.1697401821210508,1,0,1,496903,108707,70287,37669,1.0069565378487533,0.2573441001257037
16282,0.1697525325369848,1,1,1,496904,108706,70288,37668,1.0069472748156656,0.2573407845655649
16283,0.169756787551616,0,2,0,496906,108704,70288,37668,1.0069287487494905,0.2573443008225617
16284,0.1697727513150564,1,3,1,496909,108701,70289,37667,1.0069009596502279,0.2573445015303892
16285,0.1697731478434501,14,24,14,496933,108677,70303,37653,1.0066786468561266,0.2573156563930841
16286,0.169778474199111,0,2,0,496935,108675,70303,37653,1.0066601207899515,0.2573191733639495
16287,0.1697802501571291,0,1,0,496936,108674,70303,37653,1.0066508577568638,0.2573209318854347
16288,0.1697960148493768,0,1,0,496937,108673,70303,37653,1.0066415947237763,0.2573226904309555
16289,0.1698077034564374,6,11,6,496948,108662,70309,37647,1.0065397013598132,0.25731158028556
16290,0.1698083437444103,11,32,11,496980,108630,70320,37636,1.0062432843010116,0.25731202056527147
16291,0.1698203268790317,1,6,1,496986,108624,70321,37635,1.0061877061024862,0.25731749841035423
16292,0.1698389255393629,0,1,0,496987,108623,70321,37635,1.0061784430693987,0.2573192577500034
16293,0.1698495656318115,1,0,1,496987,108623,70322,37634,1.0061784430693987,0.2573141798341276
16294,0.1698588872910303,1,2,1,496989,108621,70323,37633,1.0061599170032236,0.2573126205095245
16295,0.1698663325578263,0,1,0,496990,108620,70323,37633,1.006150653970136,0.25731437987596834
16296,0.1698675146208721,0,4,0,496994,108616,70323,37633,1.0061136018377859,0.25732141758234245
16297,0.1698772703192517,1,0,1,496994,108616,70324,37632,1.0061136018377859,0.2573163393687435
16298,0.1698908038849534,1,15,1,497009,108601,70325,37631,1.0059746563414724,0.2573376552327808
16299,0.1698984278364716,0,1,0,497010,108600,70325,37631,1.005965393308385,0.25733941503511565
16300,0.1699007213130471,5,13,5,497023,108587,70330,37626,1.0058449738782467,0.25733689890775785
16301,0.1699117271940816,1,0,1,497023,108587,70331,37625,1.0058449738782467,0.257331819549695
16302,0.1699119847028863,0,1,0,497024,108586,70331,37625,1.0058357108451592,0.25733357955283803
16303,0.1699134463303709,2,1,2,497025,108585,70333,37623,1.0058264478120715,0.25732518056467496
16304,0.1699153138949863,3,15,3,497040,108570,70336,37620,1.0056875023157583,0.25733634311512416
16305,0.1699188180145806,2,10,2,497050,108560,70338,37618,1.0055948719848826,0.2573437863426781
16306,0.1699251806147339,0,3,0,497053,108557,70338,37618,1.00556708288562,0.2573490678980674
16307,0.169935803769171,1,0,1,497053,108557,70339,37617,1.00556708288562,0.2573439873028035
16308,0.1699477246113201,2,1,2,497054,108556,70341,37615,1.0055578198525326,0.25733558640222753
16309,0.1699557025295776,0,1,0,497055,108555,70341,37615,1.0055485568194449,0.2573373469248136
16310,0.169956229209703,1,0,1,497055,108555,70342,37614,1.0055485568194449,0.2573322660755701
16311,0.1699691497376379,0,1,0,497056,108554,70342,37614,1.0055392937863574,0.2573340265995293
16312,0.1699737064972822,1,4,1,497060,108550,70343,37613,1.0055022416540071,0.2573359879039155
16313,0.1699762749925648,1,3,1,497063,108547,70344,37612,1.0054744525547445,0.2573361886712416
16314,0.1699853997577294,0,1,0,497064,108546,70344,37612,1.0054651895216569,0.2573379493424924
16315,0.1699887977271848,0,2,0,497066,108544,70344,37612,1.005446663455482,0.25734147075727304
16316,0.1699890936612526,0,1,0,497067,108543,70344,37612,1.0054374004223943,0.25734323150080396
16317,0.1699892891779259,3,6,3,497073,108537,70347,37609,1.005381822223869,0.2573385518590998
16318,0.1699960550209996,1,1,1,497074,108536,70348,37608,1.0053725591907814,0.25733523100503614
16319,0.1700018201243347,35,87,35,497161,108449,70383,37573,1.0045666753121643,0.2573105422470587
16320,0.1700063831416287,1,0,1,497161,108449,70384,37572,1.0045666753121643,0.25730545606453864
16321,0.1700082984136898,1,3,1,497164,108446,70385,37571,1.0045388862129017,0.25730565619071755
16322,0.1700227434334628,6,17,6,497181,108429,70391,37565,1.004381414650413,0.2573050947299204
16323,0.1700237631366923,2,5,2,497186,108424,70393,37563,1.0043350994849753,0.25730373252412886
16324,0.1700325624815129,1,2,1,497188,108422,70394,37562,1.0043165734188002,0.25730217010083295
16325,0.1700434658561872,0,1,0,497189,108421,70394,37562,1.0043073103857127,0.2573039326496921
16326,0.1700478357277081,2,9,2,497198,108412,70396,37560,1.0042239430879247,0.2573096210232099
16327,0.1700569604928727,0,1,0,497199,108411,70396,37560,1.004214680054837,0.2573113837680087
16328,0.1700590910473137,0,2,0,497201,108409,70396,37560,1.0041961539886621,0.25731490933006324
16329,0.1700628312950502,0,1,0,497202,108408,70396,37560,1.0041868909555745,0.25731667214731996
16330,0.1700672454490843,1,8,1,497210,108400,70397,37559,1.0041127866908741,0.25732568735055733
16331,0.1700766560859,4,22,4,497232,108378,70401,37555,1.0039089999629478,0.2573441236731925
16332,0.1700824562078734,0,4,0,497236,108374,70401,37555,1.0038719478305977,0.2573511776274764
16333,0.1700981414753539,0,4,0,497240,108370,70401,37555,1.0038348956982475,0.25735823196847696
16334,0.170109275480018,1,1,1,497241,108369,70402,37554,1.0038256326651598,0.2573549063547213
16335,0.1701148314468366,0,2,0,497243,108367,70402,37554,1.0038071065989849,0.25735843367301486
16336,0.1701171102108848,0,2,0,497245,108365,70402,37554,1.0037885805328097,0.25736196108800086
16337,0.170121846497825,0,2,0,497247,108363,70402,37554,1.0037700544666346,0.2573654885996834
16338,0.1701276090073151,0,1,0,497248,108362,70402,37554,1.003760791433547,0.25736725239178704
16339,0.1701279470346641,2,0,2,497248,108362,70404,37552,1.003760791433547,0.2573570733445728
16340,0.1701343920301934,9,14,9,497262,108348,70413,37543,1.0036311089703212,0.2573359562961389
16341,0.1701360190750312,1,3,1,497265,108345,70414,37542,1.0036033198710586,0.25733615743692034
16342,0.1701403994749662,1,10,1,497275,108335,70415,37541,1.003510689540183,0.25734870712111657
16343,0.1701513546661351,1,1,1,497276,108334,70416,37540,1.0035014265070954,0.2573453802596762
16344,0.1701563907184213,0,1,0,497277,108333,70416,37540,1.003492163474008,0.25734714443385687
16345,0.1701623424873237,0,1,0,497278,108332,70416,37540,1.0034829004409205,0.25734890863222554
16346,0.1701699800252906,1,3,1,497281,108329,70417,37539,1.0034551113416577,0.25734911015438616
16347,0.1701748150654087,1,7,1,497288,108322,70418,37538,1.0033902701100448,0.257356369121075
16348,0.1701972739756573,0,7,0,497295,108315,70418,37538,1.003325428878432,0.2573687205611129
16349,0.1702058247997157,1,0,1,497295,108315,70419,37537,1.003325428878432,0.25736362888407427
16350,0.1702087247616477,0,1,0,497296,108314,70419,37537,1.0033161658453444,0.2573653934494793
16351,0.1702120901857921,0,1,0,497297,108313,70419,37537,1.0033069028122568,0.2573671580390812
16352,0.1702177787938033,0,3,0,497300,108310,70419,37537,1.0032791137129942,0.2573724519530741
16353,0.170218500013554,8,23,8,497323,108287,70427,37529,1.0030660639519804,0.25737230482251605
16354,0.170231568346376,0,2,0,497325,108285,70427,37529,1.0030475378858053,0.2573758349678357
16355,0.1702497594324116,9,16,9,497341,108269,70436,37520,1.0028993293564044,0.2573582369040188
16356,0.1702514157143475,18,31,18,497372,108238,70454,37502,1.0026121753306902,0.25732125703307257
16357,0.1702529739723203,2,8,2,497380,108230,70456,37500,1.00253807106599,0.2573251904206409
16358,0.1702543463849987,0,1,0,497381,108229,70456,37500,1.0025288080329022,0.257326956199521
16359,0.1702566676509049,0,1,0,497382,108228,70456,37500,1.0025195449998148,0.25732872200263507
16360,0.1702671135513375,5,6,5,497388,108222,70461,37495,1.0024639668012894,0.25731383435014443
16361,0.1702677317495846,1,0,1,497388,108222,70462,37494,1.0024639668012894,0.2573087375442642
16362,0.1702697785036292,0,1,0,497389,108221,70462,37494,1.002454703768202,0.25731050337988537
16363,0.170273358726705,0,1,0,497390,108220,70462,37494,1.0024454407351142,0.2573122692397436
16364,0.17028182588282,1,1,1,497391,108219,70463,37493,1.0024361777020268,0.2573089381794224
16365,0.1702932059401246,0,2,0,497393,108217,70463,37493,1.0024176516358516,0.2573124699746071
16366,0.1702941039741793,2,2,2,497395,108215,70465,37491,1.0023991255696765,0.2573058075851372
16367,0.1703088127003076,0,1,0,497396,108214,70465,37491,1.002389862536589,0.2573075735218421
16368,0.1703104639776843,1,1,1,497397,108213,70466,37490,1.0023805995035013,0.257304242191307
16369,0.170316841039097,1,10,1,497407,108203,70467,37489,1.0022879691726259,0.25731680531532275
16370,0.1703194473754175,0,1,0,497408,108202,70467,37489,1.0022787061395384,0.2573185714972098
16371,0.17032008039478,1,0,1,497408,108202,70468,37488,1.0022787061395384,0.25731347381426317
16372,0.1703251549749104,0,1,0,497409,108201,70468,37488,1.0022694431064507,0.257315239997529
16373,0.1703289255884946,3,10,3,497419,108191,70471,37485,1.0021768127755752,0.25731760894038824
16374,0.1703331912475042,0,2,0,497421,108189,70471,37485,1.0021582867094,0.25732114172741877
16375,0.1703380503536592,0,1,0,497422,108188,70471,37485,1.0021490236763126,0.25732290815731124
16376,0.1703520542398237,2,5,2,497427,108183,70473,37483,1.002102708510875,0.2573215438056925
16377,0.1703843241499129,1,1,1,497428,108182,70474,37482,1.0020934454777872,0.25731821177504394
16378,0.170407597503731,14,19,14,497447,108163,70488,37468,1.0019174478491237,0.25728038673084713
16379,0.1704324445269216,2,3,2,497450,108160,70490,37466,1.0018896587498611,0.2572754865202642
16380,0.1704346629304524,2,3,2,497453,108157,70492,37464,1.0018618696505983,0.2572705859731769
16381,0.1704348768234614,0,2,0,497455,108155,70492,37464,1.0018433435844232,0.2572741194486983
16382,0.1704418918744498,0,1,0,497456,108154,70492,37464,1.0018340805513357,0.2572758862228571
16383,0.1704518150383121,2,0,2,497456,108154,70494,37462,1.0018340805513357,0.2572656850895506
16384,0.1704580148488989,0,1,0,497457,108153,70494,37462,1.0018248175182483,0.2572674518421866
16385,0.1704589136772485,0,1,0,497458,108152,70494,37462,1.0018155544851606,0.2572692186190888
16386,0.1704760101208765,0,1,0,497459,108151,70494,37462,1.0018062914520731,0.2572709854202578
16387,0.170479615736798,0,3,0,497462,108148,70494,37462,1.0017785023528103,0.25727628596937024
16388,0.170483766914377,1,1,1,497463,108147,70495,37461,1.0017692393197228,0.25727295203560246
16389,0.1704842388229598,1,2,1,497465,108145,70496,37460,1.0017507132535477,0.25727138491123247
16390,0.1704988686545898,0,2,0,497467,108143,70496,37460,1.0017321871873726,0.25727491878601405
16391,0.170502569562333,0,3,0,497470,108140,70496,37460,1.00170439808811,0.25728021978021975
16392,0.1705146586114732,0,3,0,497473,108137,70496,37460,1.0016766089888474,0.2572855209928776
16393,0.1705223264211235,1,0,1,497473,108137,70497,37459,1.0016766089888474,0.25728041979175253
16394,0.1705424960273759,0,4,0,497477,108133,70497,37459,1.001639556856497,0.25728748832353426
16395,0.1705430284806731,2,6,2,497483,108127,70499,37457,1.0015839786579717,0.25728788877898673
16396,0.1705445385102391,1,0,1,497483,108127,70500,37456,1.0015839786579717,0.2572827871386082
16397,0.1705467049683202,2,1,2,497484,108126,70502,37454,1.0015747156248842,0.2572743508723726
16398,0.1705604912993534,1,2,1,497486,108124,70503,37453,1.001556189558709,0.25727278347541166
16399,0.1705663756050057,2,4,2,497490,108120,70505,37451,1.0015191374263588,0.2572696484876795
16400,0.1705710188389475,5,8,5,497498,108112,70510,37446,1.0014450331616584,0.2572582750518694
16401,0.1705716475080348,1,5,1,497503,108107,70511,37445,1.0013987179962207,0.25726200945366606
16402,0.1705777387394166,3,1,3,497504,108106,70514,37442,1.001389454963133,0.2572484678594003
16403,0.1705832467724734,1,1,1,497505,108105,70515,37441,1.0013801919300456,0.25724513212317757
16404,0.1705856389964901,0,1,0,497506,108104,70515,37441,1.0013709288969581,0.257246899584321
16405,0.1705858405758477,1,4,1,497510,108100,70516,37440,1.0013338767646078,0.257248866291054
16406,0.1705984692160767,0,2,0,497512,108098,70516,37440,1.0013153506984327,0.25725240143467687
16407,0.1706129964307975,0,3,0,497515,108095,70516,37440,1.00128756159917,0.2572577043322912
16408,0.1706218584805604,0,1,0,497516,108094,70516,37440,1.0012782985660824,0.25725947201341265
16409,0.1706452003515352,1,3,1,497519,108091,70517,37439,1.0012505094668198,0.2572596715453858
16410,0.1706506980952448,3,4,3,497523,108087,70520,37436,1.0012134573344695,0.2572514310452643
16411,0.1706528443393521,1,3,1,497526,108084,70521,37435,1.001185668235207,0.25725163037129173
16412,0.1706555547496203,0,3,0,497529,108081,70521,37435,1.0011578791359443,0.25725693394540805
16413,0.1706590173345868,1,6,1,497535,108075,70522,37434,1.001102300937419,0.25726243737500776
16414,0.1706745961340456,0,1,0,497536,108074,70522,37434,1.0010930379043315,0.25726420540451383
16415,0.1706796845159087,0,1,0,497537,108073,70522,37434,1.0010837748712438,0.2572659734583216
16416,0.1706979295913212,0,3,0,497540,108070,70522,37434,1.0010559857719812,0.2572712777655597
16417,0.1707000564085976,2,11,2,497551,108059,70524,37432,1.000954092408018,0.2572805190699081
16418,0.1707010663883086,0,3,0,497554,108056,70524,37432,1.0009263033087554,0.2572858242604201
16419,0.1707033601825881,1,6,1,497560,108050,70525,37431,1.00087072511023,0.2572913301393309
16420,0.1707063396590373,2,2,2,497562,108048,70527,37429,1.000852199044055,0.2572846566811248
16421,0.1707115027913412,10,29,10,497591,108019,70537,37419,1.000583571084516,0.25728489115636904
16422,0.1707208697634256,1,0,1,497591,108019,70538,37418,1.000583571084516,0.25727978437399013
16423,0.1707230456380196,2,5,2,497596,108014,70540,37416,1.0005372559190782,0.25727841573265486
16424,0.170728856910267,11,41,11,497637,107973,70551,37405,1.0001574715624884,0.2572947763760679
16425,0.1707380088779206,2,11,2,497648,107962,70553,37403,1.0000555781985254,0.25730402779210954
16426,0.1707434611327996,0,2,0,497650,107960,70553,37403,1.0000370521323503,0.2573075679505789
16427,0.170756542201489,2,6,2,497656,107954,70555,37401,0.9999814739338249,0.25730797014206597
16428,0.1707580552848702,0,1,0,497657,107953,70555,37401,0.9999722109007373,0.2573097403580225
16429,0.170758100680672,1,9,1,497666,107944,70556,37400,0.9998888436029494,0.25732056362835753
16430,0.1707732107911237,1,0,1,497666,107944,70557,37399,0.9998888436029494,0.25731545378862414
16431,0.1707824107697982,7,12,7,497678,107932,70564,37392,0.9997776872058987,0.2573009275825053
16432,0.1707868983338399,0,3,0,497681,107929,70564,37392,0.9997498981066361,0.257306239290949
16433,0.1707876826728272,2,2,2,497683,107927,70566,37390,0.9997313720404609,0.2572995588953804
16434,0.1707881480250495,1,2,1,497685,107925,70567,37389,0.9997128459742858,0.25729798918204716
16435,0.1707924304985689,1,5,1,497690,107920,70568,37388,0.999666530808848,0.2573017314944807
16436,0.1708048478940463,3,6,3,497696,107914,70571,37385,0.9996109526103227,0.25729702200290433
16437,0.1708065388435254,4,15,4,497711,107899,70575,37381,0.9994720071140094,0.25730313876651983
16438,0.1708349141689036,0,1,0,497712,107898,70575,37381,0.9994627440809218,0.257304909863091
16439,0.1708364100536933,0,1,0,497713,107897,70575,37381,0.9994534810478343,0.2573066809840444
16440,0.1708396269996175,0,3,0,497716,107894,70575,37381,0.9994256919485717,0.2573119944932025
16441,0.1708406334818039,1,0,1,497716,107894,70576,37380,0.9994256919485717,0.2573068821674904
16442,0.1708544773721809,0,2,0,497718,107892,70576,37380,0.9994071658823965,0.25731042458285147
16443,0.1708682606379213,13,20,13,497738,107872,70589,37367,0.9992219052206455,0.2572793808825453
16444,0.1708693408626606,23,56,23,497794,107816,70612,37344,0.9987031753677424,0.25726095343069716
16445,0.1708720346016436,0,1,0,497795,107815,70612,37344,0.9986939123346549,0.2572627257007833
16446,0.170884227030505,0,3,0,497798,107812,70612,37344,0.9986661232353922,0.25726804265755465
16447,0.1708849738724384,0,1,0,497799,107811,70612,37344,0.9986568602023046,0.25726981502531776
16448,0.1708897679594236,1,8,1,497807,107803,70613,37343,0.9985827559376043,0.25727887781957476
16449,0.1708966201823909,1,4,1,497811,107799,70614,37342,0.998545703805254,0.25728085103451126
16450,0.1708971130714979,1,3,1,497814,107796,70615,37341,0.9985179147059914,0.2572810516959838
16451,0.1708986749053768,1,0,1,497814,107796,70616,37340,0.9985179147059914,0.25727593429610845
16452,0.170905150339633,1,1,1,497815,107795,70617,37339,0.9985086516729038,0.2572725894690424
16453,0.1709111877347608,2,2,2,497817,107793,70619,37337,0.9984901256067287,0.25726589953834494
16454,0.1709156610618937,4,12,4,497829,107781,70623,37333,0.9983789692096781,0.25726670066292706
16455,0.1709193953473806,4,18,4,497847,107763,70627,37329,0.998212234614102,0.2572781407658589
16456,0.1709205023359815,0,1,0,497848,107762,70627,37329,0.9982029715810145,0.2572799139850163
16457,0.1709223748238298,1,5,1,497853,107757,70628,37328,0.9981566564155767,0.25728366130199537
16458,0.1709286319774431,0,1,0,497854,107756,70628,37328,0.9981473933824891,0.2572854346447575
16459,0.1709354473455186,3,7,3,497861,107749,70631,37325,0.9980825521508763,0.2572824903152874
16460,0.1709479946178969,0,1,0,497862,107748,70631,37325,0.9980732891177887,0.2572842637844396
16461,0.1709726412280322,1,0,1,497862,107748,70632,37324,0.9980732891177887,0.2572791441491122
16462,0.17097623669377,1,0,1,497862,107748,70633,37323,0.9980732891177887,0.2572740244432037
16463,0.1709811174341975,0,1,0,497863,107747,70633,37323,0.9980640260847011,0.25727579789067345
16464,0.1709914074363515,0,1,0,497864,107746,70633,37323,0.9980547630516137,0.257277571362593
16465,0.1709930567228123,0,1,0,497865,107745,70633,37323,0.9980455000185261,0.2572793448589627
16466,0.1709942481250127,1,0,1,497865,107745,70634,37322,0.9980455000185261,0.25727422501326974
16467,0.1709984715531233,2,1,2,497866,107744,70636,37320,0.9980362369854385,0.2572657585617383
16468,0.1710049835144585,4,7,4,497873,107737,70640,37316,0.9979713957538257,0.2572576920160217
16469,0.1710050143384282,0,2,0,497875,107735,70640,37316,0.9979528696876505,0.2572612391503678
16470,0.171016401769204,0,2,0,497877,107733,70640,37316,0.9979343436214754,0.2572647863825328
16471,0.1710183616148623,0,1,0,497878,107732,70640,37316,0.9979250805883879,0.2572665600352987
16472,0.1710200525643413,1,7,1,497885,107725,70641,37315,0.997860239356775,0.2572738554881412
16473,0.1710213219457391,0,4,0,497889,107721,70641,37315,0.9978231872244248,0.25728095093631925
16474,0.1710219718500229,0,2,0,497891,107719,70641,37315,0.9978046611582496,0.25728449880717624
16475,0.1710414247119903,1,2,1,497893,107717,70642,37314,0.9977861350920746,0.257282925719329
16476,0.1710489401038242,0,2,0,497895,107715,70642,37314,0.9977676090258994,0.2572864737397348
16477,0.1710565129766963,1,4,1,497899,107711,70643,37313,0.9977305568935492,0.25728844880847307
16478,0.1710574869135639,0,2,0,497901,107709,70643,37313,0.9977120308273741,0.2572919970763057
16479,0.1710684270823033,5,17,5,497918,107692,70648,37308,0.9975545592648857,0.25729655172413796
16480,0.1710817743587373,13,23,13,497941,107669,70661,37295,0.9973415095038719,0.25727077067409837
16481,0.1711018771892378,0,2,0,497943,107667,70661,37295,0.9973229834376969,0.25727432016666435
16482,0.171105803124216,5,5,5,497948,107662,70666,37290,0.997276668272259,0.25725757492135326
16483,0.1711069437104647,1,2,1,497950,107660,70667,37289,0.997258142206084,0.2572560003863428
16484,0.1711131482362903,1,3,1,497953,107657,70668,37288,0.9972303531068213,0.25725620062782434
16485,0.1711262660064563,0,3,0,497956,107654,70668,37288,0.9972025640075587,0.2572615252997751
16486,0.1711317710007737,1,2,1,497958,107652,70669,37287,0.9971840379413835,0.25725995073789665
16487,0.171136537500774,0,5,0,497963,107647,70669,37287,0.9971377227759457,0.25726882581036886
16488,0.1711389555055169,1,5,1,497968,107642,70670,37286,0.997091407610508,0.2572725767277545
16489,0.1711419680920409,5,6,5,497974,107636,70675,37281,0.9970358294119827,0.257257602627711
16490,0.1711489610663346,2,8,2,497982,107628,70677,37279,0.9969617251472822,0.25726155396219647
16491,0.171149245507671,1,5,1,497987,107623,70678,37278,0.9969154099818445,0.2572653052773963
16492,0.1711498973703505,0,2,0,497989,107621,70678,37278,0.9968968839156693,0.2572688562377932
16493,0.1711652899331129,4,8,4,497997,107613,70682,37274,0.9968227796509689,0.25726255633700745
16494,0.1711724551811426,1,0,1,497997,107613,70683,37273,0.9968227796509689,0.25725742997943213
16495,0.1711784092895726,3,3,3,498000,107610,70686,37270,0.9967949905517063,0.2572473771397018
16496,0.1711922775955473,1,1,1,498001,107609,70687,37269,0.9967857275186187,0.25724402600808954
16497,0.1711972667588918,6,16,6,498017,107593,70693,37263,0.9966375189892178,0.25724167449052854
16498,0.1712144483801896,0,1,0,498018,107592,70693,37263,0.9966282559561302,0.2572434503468986
16499,0.1712187202820016,3,9,3,498027,107583,70696,37260,0.9965448886583423,0.25724405045463017
16500,0.1712210186792509,11,24,11,498051,107559,70707,37249,0.996322575864241,0.2572302635213524
16501,0.1712305756369558,1,2,1,498053,107557,70708,37248,0.9963040497980659,0.25722868685473566
16502,0.1712340722942795,1,1,1,498054,107556,70709,37247,0.9962947867649783,0.2572253337292736
16503,0.1712486587162762,0,2,0,498056,107554,70709,37247,0.9962762606988033,0.2572288865408388
16504,0.171249891383979,1,1,1,498057,107553,70710,37246,0.9962669976657157,0.2572255333255064
16505,0.1712606795027668,27,82,27,498139,107471,70737,37219,0.9955074289525362,0.2572327044025157
16506,0.1712735220783564,0,1,0,498140,107470,70737,37219,0.9954981659194486,0.25723448223430945
16507,0.1713021363720991,2,8,2,498148,107462,70739,37217,0.9954240616547483,0.2572384381976652
16508,0.1713023768407334,0,1,0,498149,107461,70739,37217,0.9954147986216607,0.2572402162042605
16509,0.1713131014405752,0,2,0,498151,107459,70739,37217,0.9953962725554856,0.2572437722911886
16510,0.1713278350559733,0,3,0,498154,107456,70739,37217,0.9953684834562229,0.257249106605932
16511,0.1713283758688764,4,7,4,498161,107449,70743,37213,0.99530364222461,0.2572410169913315
16512,0.1713289796094715,7,10,7,498171,107439,70750,37206,0.9952110118937345,0.2572228559576895
16513,0.1713300155623643,1,1,1,498172,107438,70751,37205,0.9952017488606469,0.2572194990424701
16514,0.1713301042861113,1,1,1,498173,107437,70752,37204,0.9951924858275594,0.25721614203441623
16515,0.1713452847215897,1,4,1,498177,107433,70753,37203,0.9951554336952092,0.25721811997013194
16516,0.1713454577329883,1,2,1,498179,107431,70754,37202,0.9951369076290341,0.2572165411766333
16517,0.1713580032568333,5,33,5,498212,107398,70759,37197,0.9948312275371448,0.25724955911338565
16518,0.1713596749556575,12,28,12,498240,107370,70771,37185,0.9945718626106932,0.2572377295838954
16519,0.1713648170664082,2,9,2,498249,107361,70773,37183,0.9944884953129053,0.25724346911667034
16520,0.1713665840289347,0,1,0,498250,107360,70773,37183,0.9944792322798177,0.25724524881869065
16521,0.1713765583533211,2,8,2,498258,107352,70775,37181,0.9944051280151173,0.2572492095230847
16522,0.1713806204252809,0,1,0,498259,107351,70775,37181,0.9943958649820297,0.25725098940027125
16523,0.1713903753363727,0,1,0,498260,107350,70775,37181,0.9943866019489421,0.25725276930208746
16524,0.17139187700891,1,0,1,498260,107350,70776,37180,0.9943866019489421,0.25724763024977515
16525,0.1713919103655989,1,2,1,498262,107348,70777,37179,0.9943680758827671,0.25724605091090247
16526,0.1714107804797077,2,4,2,498266,107344,70779,37177,0.9943310237504168,0.25724289203645145
16527,0.1714360258344425,0,3,0,498269,107341,70779,37177,0.9943032346511542,0.2572482320541386
16528,0.171442860793127,1,0,1,498269,107341,70780,37176,0.9943032346511542,0.2572430925081478
16529,0.1714446554268907,0,1,0,498270,107340,70780,37176,0.9942939716180667,0.2572448725400648
16530,0.1714599298551919,1,2,1,498272,107338,70781,37175,0.9942754455518915,0.257243292990942
16531,0.1714602149120528,1,6,1,498278,107332,70782,37174,0.9942198673533662,0.25724883395845155
16532,0.1714607771217441,1,0,1,498278,107332,70783,37173,0.9942198673533662,0.2572436939898273
16533,0.1714741932235828,19,50,19,498328,107282,70802,37154,0.9937567156989885,0.2572350383560885
16534,0.1714962016231211,0,1,0,498329,107281,70802,37154,0.9937474526659009,0.2572368193304947
16535,0.1715032958043078,3,5,3,498334,107276,70805,37151,0.9937011375004632,0.2572302962742424
16536,0.1715085583105069,0,1,0,498335,107275,70805,37151,0.9936918744673756,0.2572320773267971
16537,0.1715116654977423,1,1,1,498336,107274,70806,37150,0.993682611434288,0.25722871544895587
16538,0.1715228211771774,0,1,0,498337,107273,70806,37150,0.9936733484012005,0.2572304965275614
16539,0.1715241898656192,0,1,0,498338,107272,70806,37150,0.9936640853681129,0.25723227763083184
16540,0.1715291366053676,1,0,1,498338,107272,70807,37149,0.9936640853681129,0.2572271345579936
16541,0.1715344249786945,0,5,0,498343,107267,70807,37149,0.9936177702026752,0.2572360403279415
16542,0.1715444110336688,10,41,10,498384,107226,70817,37139,0.9932379858460855,0.257257645551207
16543,0.1715469077482571,1,3,1,498387,107223,70818,37138,0.9932101967468228,0.257257846648333
16544,0.1715722748503471,2,3,2,498390,107220,70820,37136,0.9931824076475602,0.2572529025464823
16545,0.1715832262328856,1,2,1,498392,107218,70821,37135,0.993163881581385,0.25725132141347945
16546,0.1715966952192783,1,0,1,498392,107218,70822,37134,0.993163881581385,0.25724617601418753
16547,0.1716006988644464,2,5,2,498397,107213,70824,37132,0.9931175664159473,0.2572447954553327
16548,0.1716075870618299,0,1,0,498398,107212,70824,37132,0.9931083033828597,0.2572465776201297
16549,0.1716117452959964,2,1,2,498399,107211,70826,37130,0.9930990403497721,0.25723806818575456
16550,0.1716321962830346,1,0,1,498399,107211,70827,37129,0.9930990403497721,0.2572329222668699
16551,0.1716511990057793,1,0,1,498399,107211,70828,37128,0.9930990403497721,0.257227776276682
16552,0.1716540396944405,1,2,1,498401,107209,70829,37127,0.993080514283597,0.2572261944352067
16553,0.1716564550142352,1,1,1,498402,107208,70830,37126,0.9930712512505094,0.25722283037953636
16554,0.1716935015415381,1,0,1,498402,107208,70831,37125,0.9930712512505094,0.257217684105506
16555,0.171708385659563,2,1,2,498403,107207,70833,37123,0.9930619882174219,0.257209173422019
16556,0.1717346696898637,0,6,0,498409,107201,70833,37123,0.9930064100188966,0.2572198664116848
16557,0.1717377035864352,1,2,1,498411,107199,70834,37122,0.9929878839527215,0.2572182842413786
16558,0.1717432125224159,1,6,1,498417,107193,70835,37121,0.9929323057541961,0.2572238313677121
16559,0.1717509248571921,0,1,0,498418,107192,70835,37121,0.9929230427211087,0.25722561377006925
16560,0.1717519964744753,5,7,5,498425,107185,70840,37116,0.9928582014894958,0.25721235473073645
16561,0.1717587806658488,1,0,1,498425,107185,70841,37115,0.9928582014894958,0.2572072072072072
16562,0.1717593872759726,7,7,7,498432,107178,70848,37108,0.9927933602578829,0.25718364914128883
16563,0.1717654251331493,0,1,0,498433,107177,70848,37108,0.9927840972247953,0.25718543161104757
16564,0.1718090370770987,1,5,1,498438,107172,70849,37107,0.9927377820593575,0.25718919593288003
16565,0.1718114485285,0,2,0,498440,107170,70849,37107,0.9927192559931824,0.2571927611469604
16566,0.171815514839481,1,1,1,498441,107169,70850,37106,0.9927099929600949,0.2571893952521227
16567,0.1718201446905938,1,7,1,498448,107162,70851,37105,0.992645151728482,0.25719672551588374
16568,0.1718277804607888,1,3,1,498451,107159,70852,37104,0.9926173626292193,0.2571969250604798
16569,0.171846290809291,2,0,2,498451,107159,70854,37102,0.9926173626292193,0.25718662701631073
16570,0.1718506564719373,0,1,0,498452,107158,70854,37102,0.9926080995961317,0.2571884098156107
16571,0.1718685808986954,0,1,0,498453,107157,70854,37102,0.9925988365630442,0.25719019263962734
16572,0.1718698008295408,0,1,0,498454,107156,70854,37102,0.9925895735299567,0.25719197548836115
16573,0.1718830092636432,3,9,3,498463,107147,70857,37099,0.9925062062321687,0.2571925737975403
16574,0.1718970955557586,1,1,1,498464,107146,70858,37098,0.9924969431990811,0.25718920717672833
16575,0.1719034268827421,0,1,0,498465,107145,70858,37098,0.9924876801659935,0.2571909902040307
16576,0.1719045888770743,0,3,0,498468,107142,70858,37098,0.9924598910667309,0.2571963394342762
16577,0.1719086359213248,2,1,2,498469,107141,70860,37096,0.9924506280336434,0.2571878228193875
16578,0.171924769735267,1,0,1,498469,107141,70861,37095,0.9924506280336434,0.25718267284173163
16579,0.1719351376504143,0,1,0,498470,107140,70861,37095,0.9924413650005558,0.2571844559226263
16580,0.1719473773208156,0,1,0,498471,107139,70861,37095,0.9924321019674682,0.2571862390282458
16581,0.1719507048546562,1,4,1,498475,107135,70862,37094,0.9923950498351181,0.2571882215088505
16582,0.1719642053086577,0,6,0,498481,107129,70862,37094,0.9923394716365926,0.2571989211152174
16583,0.1719795971380767,0,3,0,498484,107126,70862,37094,0.99231168253733,0.2572042712522535
16584,0.1719886103035076,0,1,0,498485,107125,70862,37094,0.9923024195042425,0.2572060546807286
16585,0.1719932387275239,0,1,0,498486,107124,70862,37094,0.9922931564711549,0.2572078381339361
16586,0.1720144431221233,4,24,4,498510,107100,70866,37090,0.9920708436770536,0.25723004369235036
16587,0.1720180384512212,0,3,0,498513,107097,70866,37090,0.992043054577791,0.2572353957014155
16588,0.1720319597896926,0,1,0,498514,107096,70866,37090,0.9920337915447034,0.25723717975392896
16589,0.1720364823983785,1,1,1,498515,107095,70867,37089,0.9920245285116158,0.257233812350885
16590,0.1720410235599014,0,1,0,498516,107094,70867,37089,0.9920152654785283,0.25723559642953747
16591,0.1720415780783649,1,0,1,498516,107094,70868,37088,0.9920152654785283,0.2572304448544201
16592,0.1720457241842782,1,1,1,498517,107093,70869,37087,0.9920060024454407,0.2572270772645304
16593,0.1720516685783378,0,1,0,498518,107092,70869,37087,0.9919967394123532,0.2572288613459658
16594,0.1720607852321172,1,0,1,498518,107092,70870,37086,0.9919967394123532,0.2572237095812121
16595,0.172063078303204,0,2,0,498520,107090,70870,37086,0.9919782133461781,0.2572272777716125
16596,0.1720783189068216,0,1,0,498521,107089,70870,37086,0.9919689503130905,0.2572290619039362
16597,0.1720880745590734,1,0,1,498521,107089,70871,37085,0.9919689503130905,0.2572239099976417
16598,0.1720895991863645,1,3,1,498524,107086,70872,37084,0.9919411612138278,0.2572241104251925
16599,0.1720955652918904,0,1,0,498525,107085,70872,37084,0.9919318981807403,0.2572258946097982
16600,0.1720993201230579,1,1,1,498526,107084,70873,37083,0.9919226351476528,0.25722252665311757
16601,0.1721244196689839,0,2,0,498528,107082,70873,37083,0.9919041090814776,0.25722609509936534
16602,0.1721322367221762,0,2,0,498530,107080,70873,37083,0.9918855830153025,0.25722966364462446
16603,0.1721373082022095,1,0,1,498530,107080,70874,37082,0.9918855830153025,0.25722451131366103
16604,0.1721563812702318,0,1,0,498531,107079,70874,37082,0.9918763199822149,0.2572262956000583
16605,0.1721765285686938,1,6,1,498537,107073,70875,37081,0.9918207417836896,0.257231849272306
16606,0.1721798665210323,0,13,0,498550,107060,70875,37081,0.9917003223535514,0.2572550488757536
16607,0.1721856787378608,1,1,1,498551,107059,70876,37080,0.9916910593204639,0.2572516806693539
16608,0.1721896160305971,0,1,0,498552,107058,70876,37080,0.9916817962873763,0.25725346542896393
16609,0.1721937242713991,0,2,0,498554,107056,70876,37080,0.9916632702212013,0.25725703502247876
16610,0.1721956494660513,0,5,0,498559,107051,70876,37080,0.9916169550557634,0.2572659594396764
16611,0.1721989338315813,2,2,2,498561,107049,70878,37078,0.9915984289895884,0.2572592227688081
16612,0.1721994161496843,1,0,1,498561,107049,70879,37077,0.9915984289895884,0.25725406935598016
16613,0.1722035622555977,5,7,5,498568,107042,70884,37072,0.9915335877579755,0.25724079548135503
16614,0.1722088714635689,0,1,0,498569,107041,70884,37072,0.9915243247248879,0.2572425804750439
16615,0.1722222315133176,0,1,0,498570,107040,70884,37072,0.9915150616918004,0.25724436549350504
16616,0.1722234135906882,2,10,2,498580,107030,70886,37070,0.9914224313609248,0.25725190839694656
16617,0.1722300713626653,0,1,0,498581,107029,70886,37070,0.9914131683278372,0.25725369364117723
16618,0.1722354359083652,0,9,0,498590,107020,70886,37070,0.9913298010300493,0.2572697619543341
16619,0.1722431615555976,1,3,1,498593,107017,70887,37069,0.9913020119307866,0.25726996377163636
16620,0.1722525175631709,1,0,1,498593,107017,70888,37068,0.9913020119307866,0.25726480896692927
16621,0.172264038712136,3,10,3,498603,107007,70891,37065,0.9912093815999111,0.2572671997334666
16622,0.1722740972090741,0,5,0,498608,107002,70891,37065,0.9911630664344733,0.25727612846800446
16623,0.1722747005708294,0,1,0,498609,107001,70891,37065,0.9911538034013857,0.2572779142892841
16624,0.1722754664123997,0,1,0,498610,107000,70891,37065,0.9911445403682982,0.25727970013535556
16625,0.1722816384591427,1,3,1,498613,106997,70892,37064,0.9911167512690355,0.25727990226362446
16626,0.1722975225625357,0,1,0,498614,106996,70892,37064,0.991107488235948,0.25728168818547825
16627,0.1722991283120077,0,1,0,498615,106995,70892,37064,0.9910982252028604,0.25728347413212643
16628,0.1723114151254822,3,9,3,498624,106986,70895,37061,0.9910148579050725,0.257284080890265
16629,0.1723117156048655,0,2,0,498626,106984,70895,37061,0.9909963318388973,0.2572876531639418
16630,0.1723338408350904,6,10,6,498636,106974,70901,37055,0.9909037015080218,0.25727457664775844
16631,0.1723351262537996,1,1,1,498637,106973,70902,37054,0.9908944384749342,0.25727120609330195
16632,0.1723462613059727,6,8,6,498645,106965,70908,37048,0.9908203342102337,0.25725455340837283
16633,0.1723495495065291,0,3,0,498648,106962,70908,37048,0.9907925451109711,0.257259912506076
16634,0.1723633776447198,2,4,2,498652,106958,70910,37046,0.9907554929786209,0.2572567428682537
16635,0.1723706890471509,0,1,0,498653,106957,70910,37046,0.9907462299455334,0.25725852933619436
16636,0.1723740152589966,0,1,0,498654,106956,70910,37046,0.9907369669124458,0.2572603158289468
16637,0.1724085388019169,0,2,0,498656,106954,70910,37046,0.9907184408462707,0.2572638888888889
16638,0.1724191949916428,0,1,0,498657,106953,70910,37046,0.9907091778131831,0.25726567545607953
16639,0.1724243786545381,1,1,1,498658,106952,70911,37045,0.9906999147800956,0.2572623040757794
16640,0.1724270056914155,1,1,1,498659,106951,70912,37044,0.990690651747008,0.2572589326018265
16641,0.1724395692274782,0,1,0,498660,106950,70912,37044,0.9906813887139205,0.2572607191966332
16642,0.1724600151133213,0,3,0,498663,106947,70912,37044,0.9906535996146578,0.25726607912994565
16643,0.1724677441027759,0,1,0,498664,106946,70912,37044,0.9906443365815703,0.25726786582401556
16644,0.1724707866454321,0,3,0,498667,106943,70912,37044,0.9906165474823077,0.25727322605513
16645,0.172483802097121,0,1,0,498668,106942,70912,37044,0.9906072844492201,0.2572750128484714
16646,0.1724850314983779,1,0,1,498668,106942,70913,37043,0.9906072844492201,0.2572698544987325
16647,0.1724919619872165,4,10,4,498678,106932,70917,37039,0.9905146541183445,0.25726708851088065
16648,0.1724984394663825,0,3,0,498681,106929,70917,37039,0.9904868650190819,0.2572724494332074
16649,0.1725087289132313,0,1,0,498682,106928,70917,37039,0.9904776019859943,0.25727423645696584
16650,0.1725223218039076,0,1,0,498683,106927,70917,37039,0.9904683389529068,0.2572760235055499
16651,0.1725246555870217,0,1,0,498684,106926,70917,37039,0.9904590759198192,0.25727781057896015
16652,0.1725256570737311,0,1,0,498685,106925,70917,37039,0.9904498128867316,0.2572795976771971
16653,0.1725362020233343,1,0,1,498685,106925,70918,37038,0.9904498128867316,0.2572744385710217
16654,0.172546805945106,0,5,0,498690,106920,70918,37038,0.9904034977212939,0.25728337431750925
16655,0.1725525583558358,0,1,0,498691,106919,70918,37038,0.9903942346882063,0.2572851615412936
16656,0.1725782217874137,1,1,1,498692,106918,70919,37037,0.9903849716551187,0.25728178944809144
16657,0.1725787603421572,1,6,1,498698,106912,70920,37036,0.9903293934565934,0.25728735376663797
16658,0.1725880683308968,2,3,2,498701,106909,70922,37034,0.9903016043573307,0.2572823965041718
16659,0.1725991450965418,0,1,0,498702,106908,70922,37034,0.9902923413242433,0.25728418390740715
16660,0.1725992163057977,7,21,7,498723,106887,70929,37027,0.9900978176294045,0.25728560112289284
16661,0.1726068029823846,0,1,0,498724,106886,70929,37027,0.9900885545963171,0.2572873889085767
16662,0.1726094557057638,12,21,12,498745,106865,70941,37015,0.9898940309014784,0.257262996941896
16663,0.172614930695877,1,0,1,498745,106865,70942,37014,0.9898940309014784,0.2572578347083313
16664,0.172618666331055,0,4,0,498749,106861,70942,37014,0.9898569787691281,0.25726498696785405
16665,0.1726370395343128,2,6,2,498755,106855,70944,37012,0.9898014005706028,0.2572653909513648
16666,0.1726488962480976,1,4,1,498759,106851,70945,37011,0.9897643484382527,0.25726738124035536
16667,0.1726538478964837,0,4,0,498763,106847,70945,37011,0.9897272963059024,0.2572745346105187
16668,0.1726581343919296,1,1,1,498764,106846,70946,37010,0.9897180332728148,0.25727116004893785
16669,0.1726585186082175,0,2,0,498766,106844,70946,37010,0.9896995072066398,0.25727473688600944
16670,0.1726620215001409,0,22,0,498788,106822,70946,37010,0.9894957204787136,0.257314088658991
16671,0.1726773765681533,1,0,1,498788,106822,70947,37009,0.9894957204787136,0.25730892505788044
16672,0.1726814610434353,1,2,1,498790,106820,70948,37008,0.9894771944125385,0.2573073393219679
16673,0.1727167452666908,0,3,0,498793,106817,70948,37008,0.9894494053132757,0.25731270641404486
16674,0.1727518765062187,0,1,0,498794,106816,70948,37008,0.9894401422801882,0.25731449549449326
16675,0.1727576073993101,0,1,0,498795,106815,70948,37008,0.9894308792471007,0.2573162845998206
16676,0.1727622087015572,0,2,0,498797,106813,70948,37008,0.9894123531809256,0.25731986288511416
16677,0.17276967006609,3,14,3,498811,106799,70951,37005,0.9892826707176998,0.2573294206002615
16678,0.1727734437263354,1,4,1,498815,106795,70952,37004,0.9892456185853495,0.25733141398757986
16679,0.1727801760158992,0,2,0,498817,106793,70952,37004,0.9892270925191745,0.2573349930805232
16680,0.1727834074677391,0,1,0,498818,106792,70952,37004,0.9892178294860869,0.25733678266433
16681,0.1728074326230418,2,2,2,498820,106790,70954,37002,0.9891993034199118,0.2573300322688328
16682,0.1728100928560645,2,2,2,498822,106788,70956,37000,0.9891807773537367,0.25732328149776057
16683,0.1728141418442971,0,1,0,498823,106787,70956,37000,0.9891715143206492,0.25732507111213115
16684,0.172822838147177,2,2,2,498825,106785,70958,36998,0.9891529882544741,0.2573183199682855
16685,0.1728283559321698,0,1,0,498826,106784,70958,36998,0.9891437252213865,0.2573201096103824
16686,0.1728337694367005,1,1,1,498827,106783,70959,36997,0.9891344621882989,0.2573167338990124
16687,0.172851202211257,4,4,4,498831,106779,70963,36993,0.9890974100559488,0.2573032301143477
16688,0.1728537298442732,1,2,1,498833,106777,70964,36992,0.9890788839897736,0.2573016436088447
16689,0.1728630589250418,0,2,0,498835,106775,70964,36992,0.9890603579235985,0.2573052230344933
16690,0.17286493141289,0,2,0,498837,106773,70964,36992,0.9890418318574234,0.2573088025597329
16691,0.1728655739473402,1,3,1,498840,106770,70965,36991,0.9890140427581607,0.25730900591954703
16692,0.17287455377301,0,1,0,498841,106769,70965,36991,0.9890047797250732,0.257310795770729
16693,0.1728803061665842,0,7,0,498848,106762,70965,36991,0.9889399384934603,0.25732332542625197
16694,0.1728806863054713,42,62,42,498910,106700,71007,36949,0.988365630442032,0.25721724481200703
16695,0.1728809383505722,0,3,0,498913,106697,71007,36949,0.9883378413427693,0.2572226167105245
16696,0.1728831916315281,0,4,0,498917,106693,71007,36949,0.9883007892104191,0.25722977959092747
16697,0.1728917845715091,3,8,3,498925,106685,71010,36946,0.9882266849457186,0.2572285927132722
16698,0.1728953004882423,0,2,0,498927,106683,71010,36946,0.9882081588795435,0.25723217456084774
16699,0.1728958390429857,1,2,1,498929,106681,71011,36945,0.9881896328133684,0.25723058499157536
16700,0.1728986230227741,1,4,1,498933,106677,71012,36944,0.9881525806810182,0.25723257740859623
16701,0.1729054468378058,0,6,0,498939,106671,71012,36944,0.9880970024824929,0.25724332416530304
16702,0.1729079332907995,1,5,1,498944,106666,71013,36943,0.9880506873170551,0.2572471084681322
16703,0.1729230290734059,0,2,0,498946,106664,71013,36943,0.98803216125088,0.25725069112229904
16704,0.172930461519822,1,1,1,498947,106663,71014,36942,0.9880228982177924,0.25724731033042025
16705,0.1729317555126605,2,3,2,498950,106660,71016,36940,0.9879951091185297,0.2572423398328691
16706,0.172934177368727,1,0,1,498950,106660,71017,36939,0.9879951091185297,0.25723716738974506
16707,0.172935683389734,8,17,8,498967,106643,71025,36931,0.9878376375560414,0.2572262387340326
16708,0.1729378588070652,0,7,0,498974,106636,71025,36931,0.9877727963244285,0.257238780499697
16709,0.172938653150085,0,1,0,498975,106635,71025,36931,0.9877635332913409,0.2572405722803449
16710,0.172947188303591,8,18,8,498993,106617,71033,36923,0.9875967986957649,0.25723143374669083
16711,0.1729475401035187,0,5,0,498998,106612,71033,36923,0.9875504835303272,0.2572403943289093
16712,0.1729547367090106,1,2,1,499000,106610,71034,36922,0.987531957464152,0.25723880389042164
16713,0.1729547523666714,6,12,6,499012,106598,71040,36916,0.9874208010671014,0.25722925986314926
16714,0.1729584664289399,0,1,0,499013,106597,71040,36916,0.9874115380340138,0.25723105223917
16715,0.1729642649831839,0,1,0,499014,106596,71040,36916,0.9874022750009263,0.2572328446401695
16716,0.1729679309273839,1,10,1,499024,106586,71041,36915,0.9873096446700508,0.25724559410735814
16717,0.1729794940259428,18,33,18,499057,106553,71059,36897,0.9870039645781614,0.25721157197629835
16718,0.1729854138545588,3,3,3,499060,106550,71062,36894,0.9869761754788988,0.2572014165806865
16719,0.1729911662652886,1,2,1,499062,106548,71063,36893,0.9869576494127237,0.2571998243180123
16720,0.1729938742636971,3,7,3,499069,106541,71066,36890,0.9868928081811108,0.25719684029254486
16721,0.1729943916828235,0,1,0,499070,106540,71066,36890,0.9868835451480232,0.2571986334797462
16722,0.1729969766019476,0,1,0,499071,106539,71066,36890,0.9868742821149357,0.2572004266919521
16723,0.1730071269464208,3,3,3,499074,106536,71069,36887,0.9868464930156731,0.2571902693431318
16724,0.1730087914935718,2,6,2,499080,106530,71071,36885,0.9867909148171478,0.2571906704319632
16725,0.1730110851959005,0,1,0,499081,106529,71071,36885,0.9867816517840602,0.25719246377620036
16726,0.1730134950844891,1,0,1,499081,106529,71072,36884,0.9867816517840602,0.25718728427687865
16727,0.1730186585472039,0,3,0,499084,106526,71072,36884,0.9867538626847975,0.2571926643888153
16728,0.1730192656561027,2,9,2,499093,106517,71074,36882,0.9866704953870096,0.25719844629320987
16729,0.1730231343285619,3,3,3,499096,106514,71077,36879,0.9866427062877469,0.25718828673645155
16730,0.1730322255844871,2,1,2,499097,106513,71079,36877,0.9866334432546593,0.25717971964572145
16731,0.1730356076003564,0,3,0,499100,106510,71079,36877,0.9866056541553967,0.257185100462385
16732,0.1730370008241212,0,2,0,499102,106508,71079,36877,0.9865871280892216,0.2571886877985842
16733,0.1730401376211087,0,2,0,499104,106506,71079,36877,0.9865686020230464,0.2571922752348605
16734,0.1730403593594217,2,3,2,499107,106503,71081,36875,0.9865408129237838,0.25718729512198524
16735,0.1730424314153882,2,2,2,499109,106501,71083,36873,0.9865222868576087,0.25718052087547255
16736,0.1730427717520418,32,45,32,499154,106456,71115,36841,0.9861054503686687,0.2570954032533828
16737,0.1730555148485685,2,2,2,499156,106454,71117,36839,0.9860869243024936,0.25708862261240956
16738,0.1730560534033119,0,4,0,499160,106450,71117,36839,0.9860498721701434,0.2570957993984186
16739,0.1730570282130545,1,0,1,499160,106450,71118,36838,0.9860498721701434,0.25709061470604655
16740,0.1730596124031752,2,2,2,499162,106448,71120,36836,0.9860313461039683,0.2570838335054856
16741,0.1730660899068926,0,1,0,499163,106447,71120,36836,0.9860220830708807,0.25708562774369603
16742,0.1730664718819706,2,8,2,499171,106439,71122,36834,0.9859479788061803,0.2570896121390632
16743,0.1730756474437656,7,7,7,499178,106432,71129,36827,0.9858831375745675,0.2570658736972895
16744,0.173078183327142,4,11,4,499189,106421,71133,36823,0.9857812442106043,0.2570648683365446
16745,0.1730845246811012,2,1,2,499190,106420,71135,36821,0.9857719811775167,0.2570562897494432
16746,0.173114859297487,2,2,2,499192,106418,71137,36819,0.9857534551113416,0.25704950536523385
16747,0.1731214820025982,4,17,4,499209,106401,71141,36815,0.9855959835488532,0.2570592671209921
16748,0.1731245113238703,4,1,4,499210,106400,71145,36811,0.9855867205157657,0.2570403111492832
16749,0.1731251537858053,0,1,0,499211,106399,71145,36811,0.9855774574826781,0.2570421059981845
16750,0.17312643747635,2,0,2,499211,106399,71147,36809,0.9855774574826781,0.25703173007094576
16751,0.173130281895484,19,32,19,499243,106367,71166,36790,0.9852810404238764,0.2569905767793402
16752,0.1731306227323142,14,59,14,499302,106308,71180,36776,0.9847345214717107,0.25702384613234186
16753,0.1731306687838964,4,15,4,499317,106293,71184,36772,0.9845955759753974,0.2570300213189809
16754,0.173137534198715,0,2,0,499319,106291,71184,36772,0.9845770499092222,0.257033614561417
16755,0.1731418491346361,2,3,2,499322,106288,71186,36770,0.9845492608099596,0.2570286177634246
16756,0.1731432044023649,0,2,0,499324,106286,71186,36770,0.9845307347437845,0.25703221116206243
16757,0.1731438206811497,1,1,1,499325,106285,71187,36769,0.9845214717106969,0.257028814293903
16758,0.1731443580137467,1,1,1,499326,106284,71188,36768,0.9845122086776094,0.25702541733076084
16759,0.1731534456943,0,3,0,499329,106281,71188,36768,0.9844844195783468,0.2570308076253591
16760,0.1731550001199522,0,1,0,499330,106280,71188,36768,0.9844751565452592,0.25703260444046755
16761,0.1731607020244069,2,11,2,499341,106269,71190,36766,0.984373263181296,0.2570419827314993
16762,0.1731635752683112,4,2,4,499343,106267,71194,36762,0.984354737115121,0.2570247991666026
16763,0.1731665310879498,8,33,8,499376,106234,71202,36754,0.9840490570232316,0.257042549025093
16764,0.1731670696426932,7,11,7,499387,106223,71209,36747,0.9839471636592686,0.2570259494998951
16765,0.1731720473286665,2,5,2,499392,106218,71211,36745,0.9839008484938309,0.2570245448122941
16766,0.1731733087615067,4,17,4,499409,106201,71215,36741,0.9837433769313424,0.2570343216129619
16767,0.1731738148442178,0,1,0,499410,106200,71215,36741,0.9837341138982548,0.25703611979767876
16768,0.1731745945656749,4,7,4,499417,106193,71219,36737,0.983669272666642,0.2570279157629609
16769,0.173184163998339,0,1,0,499418,106192,71219,36737,0.9836600096335544,0.2570297140538309
16770,0.1731874543970779,2,1,2,499419,106191,71221,36735,0.9836507466004668,0.2570211158221737
16771,0.1731887102074693,3,7,3,499426,106184,71224,36732,0.9835859053688539,0.2570181085392818
16772,0.173189023151586,0,5,0,499431,106179,71224,36732,0.9835395902034162,0.2570271007830048
16773,0.1732044571600682,0,1,0,499432,106178,71224,36732,0.9835303271703286,0.2570288993072563
16774,0.1732073879845131,3,5,3,499437,106173,71227,36729,0.9834840120048909,0.2570222949993702
16775,0.1732111392788918,0,3,0,499440,106170,71227,36729,0.9834562229056282,0.25702769088657024
16776,0.173215381416293,8,19,8,499459,106151,71235,36721,0.9832802252769647,0.2570202698919312
16777,0.1732174504744947,6,17,6,499476,106134,71241,36715,0.9831227537144762,0.25701965012005684
16778,0.173218320619215,0,1,0,499477,106133,71241,36715,0.9831134906813888,0.25702144937275984
16779,0.1732192168321037,2,1,2,499478,106132,71243,36713,0.9831042276483012,0.2570128460919178
16780,0.1732220153771919,1,3,1,499481,106129,71244,36712,0.9830764385490385,0.2570130424737995
16781,0.1732286423054364,0,1,0,499482,106128,71244,36712,0.9830671755159509,0.25701484178101375
16782,0.1732288391922236,0,2,0,499484,106126,71244,36712,0.9830486494497759,0.2570184404710231
16783,0.1732328212241482,0,1,0,499485,106125,71244,36712,0.9830393864166883,0.2570202398538194
16784,0.1732358422274579,2,4,2,499489,106121,71246,36710,0.983002334284338,0.25701703411724347
16785,0.1732379268727769,3,7,3,499496,106114,71249,36707,0.9829374930527252,0.2570140245482107
16786,0.1732437949196879,0,1,0,499497,106113,71249,36707,0.9829282300196376,0.2570158241142697
16787,0.17324486949665,42,96,42,499593,106017,71291,36665,0.9820389788432324,0.25697004527550776
16788,0.1732584665801806,1,10,1,499603,106007,71292,36664,0.9819463485123568,0.25698284865179327
16789,0.1732590757441518,4,8,4,499611,105999,71296,36660,0.9818722442476564,0.25697642630328266
16790,0.1732605838867293,4,3,4,499614,105996,71300,36656,0.9818444551483938,0.25696099599024197
16791,0.1732660163593335,4,15,4,499629,105981,71304,36652,0.9817055096520805,0.2569671815077857
16792,0.1732709324579366,0,3,0,499632,105978,71304,36652,0.9816777205528178,0.25697258641239573
16793,0.1732818211744998,1,2,1,499634,105976,71305,36651,0.9816591944866427,0.2569709802491814
16794,0.1732847256841966,2,4,2,499638,105972,71307,36649,0.9816221423542925,0.2569677677200412
16795,0.1732870658506969,0,2,0,499640,105970,71307,36649,0.9816036162881174,0.25697137127591696
16796,0.1732885068552158,12,16,12,499656,105954,71319,36637,0.9814554077587165,0.2569376748883169
16797,0.1732898101207098,2,9,2,499665,105945,71321,36635,0.9813720404609285,0.25694347033244497
16798,0.1732898813543583,1,2,1,499667,105943,71322,36634,0.9813535143947534,0.25694186299332994
16799,0.1732921317837218,0,2,0,499669,105941,71322,36634,0.9813349883285784,0.2569454672979134
16800,0.1732956204573688,0,1,0,499670,105940,71322,36634,0.9813257252954908,0.25694726948812546
16801,0.1733002135496968,1,2,1,499672,105938,71323,36633,0.9813071992293156,0.2569456621613091
16802,0.1733051104385812,2,2,2,499674,105936,71325,36631,0.9812886731631405,0.2569388427897059
16803,0.1733056489933246,1,1,1,499675,105935,71326,36630,0.9812794101300529,0.25693543296040405
16804,0.1733072076635629,1,5,1,499680,105930,71327,36629,0.9812330949646152,0.25693923217755454
16805,0.1733156094540033,0,2,0,499682,105928,71327,36629,0.98121456889844,0.2569428369003276
16806,0.1733173024026251,2,4,2,499686,105924,71329,36627,0.9811775167660899,0.2569396216091083
16807,0.1733277028742527,5,19,5,499705,105905,71334,36622,0.9810015191374264,0.25694780638054543
16808,0.1733348394558465,0,1,0,499706,105904,71334,36622,0.9809922561043388,0.25694960919411197
16809,0.1733353502235691,0,2,0,499708,105902,71334,36622,0.9809737300381637,0.2569532148971401
16810,0.1733401518579574,0,1,0,499709,105901,71334,36622,0.9809644670050761,0.25695501778660285
16811,0.1733465482787888,1,6,1,499715,105895,71335,36621,0.9809088888065508,0.25696062196525304
16812,0.1733535279304386,1,9,1,499724,105886,71336,36620,0.9808255215087628,0.2569716362819811
16813,0.1733603931785391,1,2,1,499726,105884,71337,36619,0.9808069954425878,0.25697002870115015
16814,0.1733609272698433,3,5,3,499731,105879,71340,36616,0.9807606802771499,0.2569634022246395
16815,0.1733717742848401,3,20,3,499751,105859,71343,36613,0.9805754196153988,0.2569838284013701
16816,0.1733742912991868,29,60,29,499811,105799,71372,36584,0.9800196376301457,0.2569407864702949
16817,0.1733752094854593,1,0,1,499811,105799,71373,36583,0.9800196376301457,0.2569355676981641
16818,0.1733801883310071,16,27,16,499838,105772,71389,36567,0.9797695357367816,0.2569007791258896
16819,0.1733866658347244,6,19,6,499857,105753,71395,36561,0.9795935381081181,0.2569037480500864
16820,0.1733957419235778,15,78,15,499935,105675,71410,36546,0.9788710215272889,0.25696627080388973
16821,0.1733965612502424,0,3,0,499938,105672,71410,36546,0.9788432324280262,0.25697169134708686
16822,0.1734117125931007,3,14,3,499952,105658,71413,36543,0.9787135499648004,0.2569813151806246
16823,0.1734161266779624,4,16,4,499968,105642,71417,36539,0.9785653414353996,0.2569893305012625
16824,0.1734166652327059,4,9,4,499977,105633,71421,36535,0.9784819741376116,0.25698469416465025
16825,0.1734249105419362,0,3,0,499980,105630,71421,36535,0.9784541850383489,0.25699011711743397
16826,0.1734262307196597,4,1,4,499981,105629,71425,36531,0.9784449220052615,0.25697101857062465
16827,0.1734333795090479,0,2,0,499983,105627,71425,36531,0.9784263959390863,0.25697463385810154
16828,0.1734352519968961,3,7,3,499990,105620,71428,36528,0.9783615547074734,0.2569716070574331
16829,0.1734447072582974,2,1,2,499991,105619,71430,36526,0.9783522916743859,0.25696296035738153
16830,0.1734448743570161,2,9,2,500000,105610,71432,36524,0.9782689243765978,0.25696877594382767
16831,0.173452346144048,0,1,0,500001,105609,71432,36524,0.9782596613435103,0.2569705838897371
16832,0.1734543986222932,2,1,2,500002,105608,71434,36522,0.9782503983104228,0.2569619362555407
16833,0.1734611672483274,1,9,1,500011,105599,71435,36521,0.9781670310126348,0.25697298057979173
16834,0.1734807270149877,4,2,4,500013,105597,71439,36517,0.9781485049464597,0.25695568346538694
16835,0.1734869676227291,0,1,0,500014,105596,71439,36517,0.9781392419133721,0.2569574915736069
16836,0.173491862611934,0,1,0,500015,105595,71439,36517,0.9781299788802845,0.25695929970727316
16837,0.1734964712770795,5,13,5,500028,105582,71444,36512,0.9780095594501463,0.25695666249102705
16838,0.1735031010154893,0,1,0,500029,105581,71444,36512,0.9780002964170588,0.2569584708606335
16839,0.1735068034724181,1,1,1,500030,105580,71445,36511,0.9779910333839712,0.25695504993278956
16840,0.1735178606875249,1,4,1,500034,105576,71446,36510,0.977953981251621,0.2569570541784553
16841,0.1735228160263915,0,2,0,500036,105574,71446,36510,0.9779354551854459,0.2569606711522761
16842,0.1735259593574365,18,26,18,500062,105548,71464,36492,0.9776946163251695,0.25691354548014644
16843,0.1735343212742092,0,1,0,500063,105547,71464,36492,0.977685353292082,0.2569153542336964
16844,0.173537246959041,21,66,21,500129,105481,71485,36471,0.9770739931083033,0.25692487601442743
16845,0.1735380264023265,28,56,28,500185,105425,71513,36443,0.9765552632554003,0.2568796345899005
16846,0.1735437718439757,0,1,0,500186,105424,71513,36443,0.9765460002223127,0.25688144529735596
16847,0.1735504219502771,0,1,0,500187,105423,71513,36443,0.9765367371892253,0.2568832560303385
16848,0.1735543018850566,0,1,0,500188,105422,71513,36443,0.9765274741561377,0.25688506678884854
16849,0.1735633623834293,2,9,2,500197,105413,71515,36441,0.9764441068583497,0.2568908878142315
16850,0.1735653057220569,1,3,1,500200,105410,71516,36440,0.976416317759087,0.2568910821290095
16851,0.1735703640866303,1,3,1,500203,105407,71517,36439,0.9763885286598244,0.2568912764547467
16852,0.1735783642075613,18,84,18,500287,105323,71535,36421,0.9756104338804699,0.2569491477593408
16853,0.1735813034104833,0,2,0,500289,105321,71535,36421,0.9755919078142947,0.25695277334876043
16854,0.1735920536037527,1,5,1,500294,105316,71536,36420,0.975545592648857,0.25695659536038834
16855,0.1736020826587812,0,3,0,500297,105313,71536,36420,0.9755178035495943,0.25696203424749353
16856,0.1736029842460589,1,0,1,500297,105313,71537,36419,0.9755178035495943,0.25695679169136115
16857,0.1736068052841621,1,0,1,500297,105313,71538,36418,0.9755178035495943,0.25695154906124984
16858,0.1736132024751277,2,5,2,500302,105308,71540,36416,0.9754714883841565,0.2569501284186165
16859,0.1736144315906185,0,1,0,500303,105307,71540,36416,0.975462225351069,0.25695194146327693
16860,0.1736177911788112,5,11,5,500314,105296,71545,36411,0.9753603319871058,0.25694566958583553
16861,0.1736195458856681,0,1,0,500315,105295,71545,36411,0.9753510689540184,0.2569474828165356
16862,0.1736205348850232,0,1,0,500316,105294,71545,36411,0.9753418059209308,0.25694929607282735
16863,0.1736361853818352,20,26,20,500342,105268,71565,36391,0.9751009670606543,0.25689154942502773
16864,0.1736365523652145,1,5,1,500347,105263,71566,36390,0.9750546518952166,0.2568953710828574
16865,0.173640694757043,0,5,0,500352,105258,71566,36390,0.9750083367297788,0.25690443917316164
16866,0.1736444166913464,0,3,0,500355,105255,71566,36390,0.9749805476305161,0.2569098803346394
16867,0.1736453375135905,12,36,12,500391,105219,71578,36378,0.9746470784393642,0.256912222716583
16868,0.1736494146738404,0,2,0,500393,105217,71578,36378,0.9746285523731891,0.2569158515484304
16869,0.1736520769722602,1,0,1,500393,105217,71579,36377,0.9746285523731891,0.25691060355664785
16870,0.1736528641456266,5,5,5,500398,105212,71584,36372,0.9745822372077513,0.25689343428636
16871,0.1736548452651072,4,11,4,500409,105201,71588,36368,0.9744803438437882,0.25689239875961545
16872,0.1736669721515871,0,1,0,500410,105200,71588,36368,0.9744710808107007,0.25689421338155516
16873,0.1736758263096723,0,1,0,500411,105199,71588,36368,0.9744618177776131,0.2568960280291311
16874,0.1736765347822297,14,28,14,500439,105171,71602,36354,0.9742024528511616,0.2568733439321675
16875,0.173680654097711,1,3,1,500442,105168,71603,36353,0.9741746637518989,0.2568735382028109
16876,0.173691286462639,1,7,1,500449,105161,71604,36352,0.974109822520286,0.25688099326563635
16877,0.1736940463088073,1,2,1,500451,105159,71605,36351,0.974091296454111,0.2568793724825101
16878,0.1736976836536046,12,32,12,500483,105127,71617,36339,0.9737948793953092,0.25687444332913917
16879,0.1737009473711041,1,2,1,500485,105125,71618,36338,0.973776353329134,0.2568728218686158
16880,0.1737107628383401,2,12,2,500497,105113,71620,36336,0.9736651969320834,0.256884106639142
16881,0.1737142573832179,1,1,1,500498,105112,71621,36335,0.9736559338989959,0.25688066908453344
16882,0.1737254478299998,1,6,1,500504,105106,71622,36334,0.9736003557004705,0.25688631221719455
16883,0.1737338958523173,13,42,13,500546,105064,71635,36321,0.9732113083107933,0.2568942957173675
16884,0.17375417047017,7,17,7,500563,105047,71642,36314,0.9730538367483048,0.25688839213078574
16885,0.1737567718634658,0,1,0,500564,105046,71642,36314,0.9730445737152174,0.2568902093944539
16886,0.1737630932116415,6,8,6,500572,105038,71648,36308,0.9729704694505169,0.25687320475995074
16887,0.1737756292501307,4,10,4,500582,105028,71652,36304,0.9728778391196413,0.2568703478334701
16888,0.173778245949156,0,1,0,500583,105027,71652,36304,0.9728685760865537,0.25687216534235235
16889,0.1737863992514228,1,0,1,500583,105027,71653,36303,0.9728685760865537,0.25686690723837824
16890,0.1737868425490536,8,19,8,500602,105008,71661,36295,0.9726925784578903,0.2568593731201744
16891,0.1737878933332046,1,5,1,500607,105003,71662,36294,0.9726462632924525,0.2568632030404043
16892,0.173812957973442,3,4,3,500611,104999,71665,36291,0.9726092111601022,0.2568546960152877
16893,0.1738141624188307,1,0,1,500611,104999,71666,36290,0.9726092111601022,0.2568494362618463
16894,0.1738143813272589,0,1,0,500612,104998,71666,36290,0.9725999481270147,0.25685125417586774
16895,0.1738175832140451,39,81,39,500693,104917,71705,36251,0.9718496424469228,0.2567933242661226
16896,0.1738248617047622,0,1,0,500694,104916,71705,36251,0.9718403794138353,0.2567951433408658
16897,0.1738259786136416,0,1,0,500695,104915,71705,36251,0.9718311163807477,0.25679696244138106
16898,0.1738310759751939,4,9,4,500704,104906,71709,36247,0.9717477490829597,0.2567922750490602
16899,0.1738412530419427,3,7,3,500711,104899,71712,36244,0.9716829078513468,0.2567892137760994
16900,0.1738492071659078,0,2,0,500713,104897,71712,36244,0.9716643817851718,0.25679285253753337
16901,0.1738539198355342,0,2,0,500715,104895,71712,36244,0.9716458557189966,0.256796491402093
16902,0.1738575992916756,0,1,0,500716,104894,71712,36244,0.9716365926859091,0.2567983108730462
16903,0.1738594540683479,10,32,10,500748,104862,71722,36234,0.9713401756271074,0.25680387821058004
16904,0.1738668667840132,2,3,2,500751,104859,71724,36232,0.9713123865278447,0.2567988036090183
16905,0.1738708804298997,9,23,9,500774,104836,71733,36223,0.9710993367668309,0.2567932567223644
16906,0.1738724227508318,0,1,0,500775,104835,71733,36223,0.9710900737337433,0.25679507720228556
16907,0.1738737882296393,3,5,3,500780,104830,71736,36220,0.9710437585683056,0.2567883729174052
16908,0.1738776942394745,1,5,1,500785,104825,71737,36219,0.9709974434028679,0.25679220668727487
16909,0.1738860612882709,1,1,1,500786,104824,71738,36218,0.9709881803697803,0.25678875795862227
16910,0.1738884367853292,1,0,1,500786,104824,71739,36217,0.9709881803697803,0.2567834884891627
16911,0.1738965719022477,0,2,0,500788,104822,71739,36217,0.9709696543036052,0.256787129800977
16912,0.1739016725622729,0,1,0,500789,104821,71739,36217,0.9709603912705176,0.2567889504956111
16913,0.1739100346728008,3,13,3,500802,104808,71742,36214,0.9708399718403794,0.25679681184496034
16914,0.1739141222484039,1,1,1,500803,104807,71743,36213,0.9708307088072918,0.25679336264359665
16915,0.1739232571444354,3,4,3,500807,104803,71746,36210,0.9707936566749417,0.2567848354407041
16916,0.173925178658212,5,9,5,500816,104794,71751,36205,0.9707102893771536,0.25677487074376415
16917,0.1739280378251927,1,1,1,500817,104793,71752,36204,0.9707010263440661,0.2567714206685249
16918,0.1739284200601622,0,4,0,500821,104789,71752,36204,0.9706639742117159,0.25677870532579633
16919,0.1739427834265525,1,4,1,500825,104785,71753,36203,0.9706269220793656,0.25678071892643345
16920,0.1739658832336332,1,6,1,500831,104779,71754,36202,0.9705713438808403,0.2567863754690348
16921,0.173967684190986,4,8,4,500839,104771,71758,36198,0.9704972396161399,0.25677985940171244
16922,0.1739728070282583,0,3,0,500842,104768,71758,36198,0.9704694505168773,0.25678532412071
16923,0.1739730245420969,0,1,0,500843,104767,71758,36198,0.9704601874837897,0.2567871457453978
16924,0.1739790294952455,5,2,5,500845,104765,71763,36193,0.9704416614176146,0.2567644262830063
16925,0.1739810530807246,9,14,9,500859,104751,71772,36184,0.9703119789543888,0.2567424699329478
16926,0.1740126888016542,2,8,2,500867,104743,71774,36182,0.9702378746896884,0.2567464963633138
16927,0.1740129012386391,5,10,5,500877,104733,71779,36177,0.9701452443588129,0.25673834362358955
16928,0.1740176808330224,2,1,2,500878,104732,71781,36175,0.9701359813257253,0.25672961598785016
16929,0.1740247048553327,1,7,1,500885,104725,71782,36174,0.9700711400941124,0.2567370953661843
16930,0.174031096934861,16,55,16,500940,104670,71798,36158,0.969561673274297,0.2567529184537166
16931,0.174042013778434,0,2,0,500942,104668,71798,36158,0.9695431472081218,0.2567565648388792
16932,0.1740424422391205,20,22,20,500964,104646,71818,36138,0.9693393604801956,0.256691101261507
16933,0.1740462748566486,0,2,0,500966,104644,71818,36138,0.9693208344140205,0.25669474790811325
16934,0.1740494765488635,0,2,0,500968,104642,71818,36138,0.9693023083478454,0.25669839465833216
16935,0.1740572882067352,9,30,9,500998,104612,71827,36129,0.9690244173552188,0.2567055797528794
16936,0.1740583752915168,3,5,3,501003,104607,71830,36126,0.968978102189781,0.2566988552791456
16937,0.1740661601661168,1,0,1,501003,104607,71831,36125,0.968978102189781,0.2566935736008868
16938,0.1740679228197494,1,4,1,501007,104603,71832,36124,0.9689410500574308,0.25669558791134606
16939,0.1740737279545458,0,4,0,501011,104599,71832,36124,0.9689039979250806,0.25670288438990074
16940,0.1740810935768974,9,30,9,501041,104569,71841,36115,0.968626106932454,0.256710073640215
16941,0.1740840407814781,2,1,2,501042,104568,71843,36113,0.9686168438993664,0.25670133138092566
16942,0.1740989460516456,3,6,3,501048,104562,71846,36110,0.9685612657008411,0.25669642857142855
16943,0.1741071188387863,5,3,5,501051,104559,71851,36105,0.9685334766015784,0.2566754819996588
16944,0.1741074094828941,0,2,0,501053,104557,71851,36105,0.9685149505354033,0.2566791315351694
16945,0.1741121658359804,1,10,1,501063,104547,71852,36104,0.9684223202045278,0.25669209603913234
16946,0.1741246224690628,0,4,0,501067,104543,71852,36104,0.9683852680721775,0.2566993963611026
16947,0.1741295729099919,1,1,1,501068,104542,71853,36103,0.96837600503909,0.2566959365779089
16948,0.1741357047192367,0,3,0,501071,104539,71853,36103,0.9683482159398273,0.25670141209596
16949,0.1741498858162215,2,7,2,501078,104532,71855,36101,0.9682833747082145,0.2567036186385841
16950,0.1741505661141708,0,1,0,501079,104531,71855,36101,0.9682741116751269,0.2567054439956767
16951,0.1741528652926707,1,4,1,501083,104527,71856,36100,0.9682370595427767,0.2567074601605666
16952,0.1741596042955407,1,8,1,501091,104519,71857,36099,0.9681629552780763,0.2567167787907665
16953,0.1741598949396484,7,6,7,501097,104513,71864,36092,0.968107377079551,0.25669072934817394
16954,0.174166081799258,1,0,1,501097,104513,71865,36091,0.968107377079551,0.25668544280390315
16955,0.1741671325903667,0,1,0,501098,104512,71865,36091,0.9680981140464634,0.2566872684082132
16956,0.1741925432160615,0,1,0,501099,104511,71865,36091,0.9680888510133758,0.2566890940384916
16957,0.1741983393455484,1,0,1,501099,104511,71866,36090,0.9680888510133758,0.25668380736979113
16958,0.1741988153852907,0,1,0,501100,104510,71866,36090,0.9680795879802883,0.2566856330014225
16959,0.17420726545438,2,4,2,501104,104506,71868,36088,0.9680425358479381,0.2566823619784628
16960,0.1742127661038251,0,1,0,501105,104505,71868,36088,0.9680332728148505,0.25668418769071005
16961,0.1742170821271594,0,2,0,501107,104503,71868,36088,0.9680147467486754,0.2566878391931205
16962,0.1742277026470065,2,1,2,501108,104502,71870,36086,0.9680054837155878,0.2566790906763024
16963,0.1742293935964856,2,1,2,501109,104501,71872,36084,0.9679962206825002,0.25667034178610804
16964,0.1742311945538384,0,1,0,501110,104500,71872,36084,0.9679869576494127,0.2566721675297331
16965,0.1742425398580979,1,2,1,501112,104498,71873,36083,0.9679684315832376,0.2566705315796587
16966,0.1742442551418044,0,1,0,501113,104497,71873,36083,0.9679591685501501,0.2566723573765827
16967,0.1742559559599365,10,20,10,501133,104477,71883,36073,0.967773907888399,0.2566559943080754
16968,0.1742761246861884,1,1,1,501134,104476,71884,36072,0.9677646448553114,0.25665253151948086
16969,0.174278148829748,1,2,1,501136,104474,71885,36071,0.9677461187891363,0.2566508947312249
16970,0.1742832965637676,3,6,3,501142,104468,71888,36068,0.967690540590611,0.2566459839471737
16971,0.1742883666148365,0,1,0,501143,104467,71888,36068,0.9676812775575234,0.25664781015405413
16972,0.1742886428623027,14,19,14,501162,104448,71902,36054,0.9675052799288599,0.256608446854849
16973,0.1742911153908815,2,14,2,501176,104434,71904,36052,0.9673755974656342,0.2566234357871959
16974,0.1742946072977134,7,11,7,501187,104423,71911,36045,0.967273704101671,0.2566064868866931
16975,0.1742948893546037,2,0,2,501187,104423,71913,36043,0.967273704101671,0.25659590221121126
16976,0.1742972864674577,0,1,0,501188,104422,71913,36043,0.9672644410685834,0.25659772897162997
16977,0.1742990721388761,1,0,1,501188,104422,71914,36042,0.9672644410685834,0.2565924364961841
16978,0.1743044454351425,7,12,7,501200,104410,71921,36035,0.9671532846715328,0.2565773078429278
16979,0.1743059526019729,1,2,1,501202,104408,71922,36034,0.9671347586053577,0.25657566824739036
16980,0.1743084041854902,2,6,2,501208,104402,71924,36032,0.9670791804068324,0.25657604283862884
16981,0.1743097980777834,0,2,0,501210,104400,71924,36032,0.9670606543406574,0.25657969693517146
16982,0.1743174423668601,8,12,8,501222,104388,71932,36024,0.9669494979436066,0.256559268438595
16983,0.1743177330109679,11,15,11,501237,104373,71943,36013,0.9668105524472933,0.25652842876070264
16984,0.1743233235445584,0,1,0,501238,104372,71943,36013,0.9668012894142057,0.25653025608149016
16985,0.1743286101429428,3,10,3,501248,104362,71946,36010,0.9667086590833303,0.2565326418374035
16986,0.1743341661097614,0,1,0,501249,104361,71946,36010,0.9666993960502427,0.256534469370454
16987,0.174336293593057,2,9,2,501258,104352,71948,36008,0.9666160287524547,0.2565403248788829
16988,0.1743406576338552,0,4,0,501262,104348,71948,36008,0.9665789766201045,0.2565476360112856
16989,0.1743552713811856,6,13,6,501275,104335,71954,36002,0.9664585571899663,0.2565396153544682
16990,0.1743583020984788,1,0,1,501275,104335,71955,36001,0.9664585571899663,0.2565343176376696
16991,0.1743606187745597,0,1,0,501276,104334,71955,36001,0.9664492941568787,0.2565361456514768
16992,0.1743800359124321,1,9,1,501285,104325,71956,36000,0.9663659268590907,0.256547300908605
16993,0.1743846826341245,0,3,0,501288,104322,71956,36000,0.9663381377598281,0.2565527857356651
16994,0.1743913923233651,1,4,1,501292,104318,71957,35999,0.9663010856274779,0.2565548009150709
16995,0.1743930832728442,5,5,5,501297,104313,71962,35994,0.9662547704620401,0.2565374500203126
16996,0.174401080189944,1,2,1,501299,104311,71963,35993,0.966236244395865,0.2565358079598586
16997,0.1744063405883748,1,1,1,501300,104310,71964,35992,0.9662269813627774,0.25653233738649484
16998,0.1744125020224926,2,0,2,501300,104310,71966,35990,0.9662269813627774,0.2565217391304348
16999,0.1744156013463688,1,2,1,501302,104308,71967,35989,0.9662084552966023,0.25652009665210235
17000,0.1744198731936151,0,2,0,501304,104306,71967,35989,0.9661899292304272,0.2565237535193699
17001,0.1744395528400666,1,4,1,501308,104302,71968,35988,0.966152877098077,0.25652576805189253
17002,0.1744515091480919,8,28,8,501336,104274,71976,35980,0.9658935121716254,0.25653457298900567
17003,0.1744548050672401,6,13,6,501349,104261,71982,35974,0.9657730927414873,0.25652654472849146
17004,0.1744726409250873,4,8,4,501357,104253,71986,35970,0.9656989884767868,0.25651997175926916
17005,0.1744864482142622,11,37,11,501394,104216,71997,35959,0.9653562562525473,0.2565293383270911
17006,0.1744883553151665,1,0,1,501394,104216,71998,35958,0.9653562562525473,0.2565240344143707
17007,0.1744891770311206,0,1,0,501395,104215,71998,35958,0.9653469932194598,0.2565258644674795
17008,0.174493850731817,0,1,0,501396,104214,71998,35958,0.9653377301863723,0.25652769454669977
17009,0.1744969832009695,4,9,4,501405,104205,72002,35954,0.9652543628885842,0.2565229489365649
17010,0.174498171987946,0,2,0,501407,104203,72002,35954,0.9652358368224091,0.25652660944512223
17011,0.1745040125471973,0,1,0,501408,104202,72002,35954,0.9652265737893215,0.25652843973857703
17012,0.1745173568277561,2,4,2,501412,104198,72004,35952,0.9651895216569714,0.2565251516232608
17013,0.1745194663227889,6,4,6,501416,104194,72010,35946,0.9651524695246212,0.2565006422149279
17014,0.1745219917748374,2,2,2,501418,104192,72012,35944,0.965133943458446,0.25649369184221044
17015,0.1745444896378352,0,1,0,501419,104191,72012,35944,0.9651246804253585,0.2564955221750455
17016,0.1745448762200918,1,0,1,501419,104191,72013,35943,0.9651246804253585,0.25649021650705756
17017,0.1745457393290448,0,1,0,501420,104190,72013,35943,0.9651154173922709,0.2564920468412151
17018,0.1745525897749957,2,5,2,501425,104185,72015,35941,0.9650691022268332,0.2564905870430898
17019,0.1745546257537339,0,3,0,501428,104182,72015,35941,0.9650413131275705,0.25649607844536587
17020,0.174555335858772,0,4,0,501432,104178,72015,35941,0.9650042609952203,0.25650340068084987
17021,0.1745691528418236,1,4,1,501436,104174,72016,35940,0.96496720886287,0.2565054170175714
17022,0.1745697327230893,4,5,4,501441,104169,72020,35936,0.9649208936974323,0.25649334427750614
17023,0.1745884937256743,5,14,5,501455,104155,72025,35931,0.9647912112342065,0.25649244035806573
17024,0.17459088793857,0,1,0,501456,104154,72025,35931,0.964781948201119,0.25649427133526076
17025,0.1746037807526177,0,1,0,501457,104153,72025,35931,0.9647726851680314,0.2564961023385968
17026,0.1746048669711983,0,9,0,501466,104144,72025,35931,0.9646893178702435,0.25651258254506515
17027,0.1746107324148075,0,6,0,501472,104138,72025,35931,0.9646337396717181,0.2565235705259551
17028,0.174620121511852,2,5,2,501477,104133,72027,35929,0.9645874245062803,0.25652211163627536
17029,0.174621638298578,15,38,15,501515,104095,72042,35914,0.9642354292489532,0.2565120813661979
17030,0.1746354778469112,1,0,1,501515,104095,72043,35913,0.9642354292489532,0.25650677104165476
17031,0.1746369508997852,1,3,1,501518,104092,72044,35912,0.9642076401496906,0.2565069569440873
17032,0.1746562662093721,1,1,1,501519,104091,72045,35911,0.9641983771166031,0.2565034785217354
17033,0.174679190632626,0,1,0,501520,104090,72045,35911,0.9641891140835155,0.2565053106763523
17034,0.1746821700507305,1,1,1,501521,104089,72046,35910,0.9641798510504279,0.25650183215594397
17035,0.174683534255727,9,45,9,501566,104044,72055,35901,0.963763014561488,0.2565364964807603
17036,0.1747062852752786,1,3,1,501569,104041,72056,35900,0.9637352254622253,0.25653668331654056
17037,0.1747150287510344,0,1,0,501570,104040,72056,35900,0.9637259624291378,0.2565385165070745
17038,0.1747183154300925,1,3,1,501573,104037,72057,35899,0.9636981733298752,0.2565387034072719
17039,0.1747358943769105,0,2,0,501575,104035,72057,35899,0.9636796472637,0.2565423699744165
17040,0.1747460274267535,0,1,0,501576,104034,72057,35899,0.9636703842306125,0.2565442032972923
17041,0.1747512395151031,1,4,1,501580,104030,72058,35898,0.9636333320982623,0.2565462237722257
17042,0.1747537307858738,0,2,0,501582,104028,72058,35898,0.9636148060320872,0.25654989065648987
17043,0.1747560628571186,1,3,1,501585,104025,72059,35897,0.9635870169328244,0.25655007790054457
17044,0.1747688456209292,2,5,2,501590,104020,72061,35895,0.9635407017673867,0.25654861880427404
17045,0.1747719800873632,0,2,0,501592,104018,72061,35895,0.9635221757012116,0.2565522860634823
17046,0.1747720659243528,1,2,1,501594,104016,72062,35894,0.9635036496350365,0.256550639696948
17047,0.1747749015025098,4,8,4,501602,104008,72066,35890,0.9634295453703361,0.2565440535247109
17048,0.1747794763698974,17,90,17,501692,103918,72083,35873,0.9625958723924561,0.25661880950848054
17049,0.1747838111882106,0,4,0,501696,103914,72083,35873,0.962558820260106,0.2566261526465265
17050,0.1747990863461213,0,8,0,501704,103906,72083,35873,0.9624847159954055,0.2566408401834324
17051,0.1747992266840125,1,3,1,501707,103903,72084,35872,0.9624569268961429,0.2566410302271508
17052,0.1748067556896278,0,1,0,501708,103902,72084,35872,0.9624476638630554,0.25664286634137967
17053,0.1748141042806915,0,3,0,501711,103899,72084,35872,0.9624198747637926,0.2566483748417054
17054,0.174816100137848,2,8,2,501719,103891,72086,35870,0.9623457704990922,0.25665242807364
17055,0.1748203755553874,0,4,0,501723,103887,72086,35870,0.962308718366742,0.25665977375015203
17056,0.1748286197140157,0,1,0,501724,103886,72086,35870,0.9622994553336545,0.25666161023498096
17057,0.1748322583648043,10,64,10,501788,103822,72096,35860,0.961706621216051,0.2567259918958778
17058,0.174837391138796,0,1,0,501789,103821,72096,35860,0.9616973581829634,0.25672782984085163
17059,0.1748413144628566,0,1,0,501790,103820,72096,35860,0.9616880951498759,0.256729667812142
17060,0.1748435408225064,0,1,0,501791,103819,72096,35860,0.9616788321167883,0.2567315058097495
17061,0.1748472239320857,17,51,17,501842,103768,72113,35843,0.9612064174293231,0.256734784508384
17062,0.1748778219322439,5,13,5,501855,103755,72118,35838,0.9610859979991848,0.25673207109239005
17063,0.1748836318747044,0,1,0,501856,103754,72118,35838,0.9610767349660972,0.25673391025273656
17064,0.1748859851188072,0,1,0,501857,103753,72118,35838,0.9610674719330098,0.2567357494394338
17065,0.1748912529414343,1,2,1,501859,103751,72119,35837,0.9610489458668346,0.2567341032180417
17066,0.1748962301605988,0,2,0,501861,103749,72119,35837,0.9610304198006595,0.25673778172596107
17067,0.1748992634449019,0,1,0,501862,103748,72119,35837,0.9610211567675719,0.2567396210194505
17068,0.1749033274990952,2,5,2,501867,103743,72121,35835,0.9609748416021342,0.25673816790611703
17069,0.1749093762702287,0,4,0,501871,103739,72121,35835,0.960937789469784,0.25674552567097025
17070,0.1749125498767464,2,18,2,501889,103721,72123,35833,0.960771054874208,0.2567679894521117
17071,0.1749128751979999,0,3,0,501892,103718,72123,35833,0.9607432657749454,0.25677350932633947
17072,0.1749180407605718,0,1,0,501893,103717,72123,35833,0.9607340027418578,0.2567753493371551
17073,0.1749285434376301,0,1,0,501894,103716,72123,35833,0.9607247397087703,0.25677718937434163
17074,0.1749450086398412,1,2,1,501896,103714,72124,35832,0.9607062136425951,0.25677554354836396
17075,0.1749470446185794,0,1,0,501897,103713,72124,35832,0.9606969506095075,0.2567773836396861
17076,0.1749667402429702,5,8,5,501905,103705,72129,35827,0.9606228463448071,0.2567654731531118
17077,0.1749668441683993,1,4,1,501909,103701,72130,35826,0.9605857942124569,0.2567675073641661
17078,0.1749761107671128,1,4,1,501913,103697,72131,35825,0.9605487420801068,0.2567695417210189
17079,0.1749823894524266,3,14,3,501927,103683,72134,35822,0.9604190596168809,0.25677932690584565
17080,0.1749873751360652,1,1,1,501928,103682,72135,35821,0.9604097965837934,0.2567758399460944
17081,0.1749902639047683,0,6,0,501934,103676,72135,35821,0.960354218385268,0.2567868843057557
17082,0.1750027863221798,1,1,1,501935,103675,72136,35820,0.9603449553521806,0.2567833972543819
17083,0.1750170792177016,0,1,0,501936,103674,72136,35820,0.960335692319093,0.2567852380747559
17084,0.175017258026461,1,1,1,501937,103673,72137,35819,0.9603264292860054,0.2567817509247842
17085,0.1750427823909599,0,2,0,501939,103671,72137,35819,0.9603079032198303,0.2567854326475016
17086,0.1750446548788082,1,0,1,501939,103671,72138,35818,0.9603079032198303,0.2567801045243711
17087,0.1750457720856202,9,43,9,501982,103628,72147,35809,0.9599095927970654,0.25681131980751165
17088,0.1750461994791334,0,2,0,501984,103626,72147,35809,0.9598910667308903,0.25681500340660524
17089,0.1750477146668697,0,1,0,501985,103625,72147,35809,0.9598818036978028,0.25681684524577936
17090,0.1750490910127538,6,9,6,501994,103616,72153,35803,0.9597984364000148,0.25680144026280494
17091,0.1750498323473818,0,1,0,501995,103615,72153,35803,0.9597891733669273,0.2568032822160697
17092,0.175064142773512,1,0,1,501995,103615,72154,35802,0.9597891733669273,0.256797951469333
17093,0.175074347057323,2,9,2,502004,103606,72156,35800,0.9597058060691392,0.25680386783926085
17094,0.1750857159470194,1,1,1,502005,103605,72157,35799,0.9596965430360517,0.25680037875527245
17095,0.1750957687276566,0,1,0,502006,103604,72157,35799,0.9596872800029642,0.2568022208991198
17096,0.1751000504277617,1,1,1,502007,103603,72158,35798,0.9596780169698766,0.2567987317164152
17097,0.175110734294938,0,1,0,502008,103602,72158,35798,0.9596687539367891,0.2568005738880918
17098,0.1751168412199111,1,0,1,502008,103602,72159,35797,0.9596687539367891,0.2567952424335899
17099,0.1751224043236431,1,0,1,502008,103602,72160,35796,0.9596687539367891,0.25678991090259545
17100,0.1751228734048202,12,48,12,502056,103554,72172,35784,0.9592241283485865,0.25681436506911254
17101,0.1751272635694369,0,1,0,502057,103553,72172,35784,0.9592148653154989,0.256816208185909
17102,0.1751281865241706,1,0,1,502057,103553,72173,35783,0.9592148653154989,0.2568108744330252
17103,0.1751282742658423,2,13,2,502070,103540,72175,35781,0.9590944458853607,0.256824168646507
17104,0.1751288557892384,4,6,4,502076,103534,72179,35777,0.9590388676868353,0.2568138912217987
17105,0.1751413322950963,1,1,1,502077,103533,72180,35776,0.9590296046537479,0.2568103999023753
17106,0.1751439704148747,0,2,0,502079,103531,72180,35776,0.9590110785875727,0.2568140868728779
17107,0.1751496056781405,0,1,0,502080,103530,72180,35776,0.9590018155544852,0.25681593039782924
17108,0.1751506832757577,0,1,0,502081,103529,72180,35776,0.9589925525213976,0.25681777394924804
17109,0.1751572157185147,1,2,1,502083,103527,72181,35775,0.9589740264552225,0.25681612611448507
17110,0.1751584962123914,1,1,1,502084,103526,72182,35774,0.958964763422135,0.2568126346015793
17111,0.1751781390276428,0,1,0,502085,103525,72182,35774,0.9589555003890474,0.2568144782087452
17112,0.1751802539637862,3,10,3,502095,103515,72185,35771,0.9588628700581718,0.2568169090935198
17113,0.1751902734440571,4,2,4,502097,103513,72189,35767,0.9588443439919967,0.2567992533026996
17114,0.1751915992680457,0,1,0,502098,103512,72189,35767,0.9588350809589092,0.25680109707852583
17115,0.1751939650587864,0,2,0,502100,103510,72189,35767,0.9588165548927341,0.2568047847096075
17116,0.1752068280532144,0,2,0,502102,103508,72189,35767,0.958798028826559,0.25680847244659843
17117,0.1752116197532717,0,1,0,502103,103507,72189,35767,0.9587887657934714,0.2568103163548114
17118,0.1752193088215267,3,8,3,502111,103499,72192,35764,0.9587146615287709,0.2568090591183588
17119,0.1752231462645267,0,1,0,502112,103498,72192,35764,0.9587053984956835,0.25681090318967126
17120,0.1752327686246466,2,4,2,502116,103494,72194,35762,0.9586683463633332,0.2568076061354627
17121,0.1752373918436996,1,0,1,502116,103494,72195,35761,0.9586683463633332,0.25680226921834043
17122,0.1752387041432019,1,0,1,502116,103494,72196,35760,0.9586683463633332,0.25679693222456806
17123,0.1752459303073456,0,1,0,502117,103493,72196,35760,0.9586590833302456,0.2567987763279786
17124,0.1752642481470193,0,1,0,502118,103492,72196,35760,0.9586498202971581,0.25680062045787494
17125,0.1752668536164737,0,1,0,502119,103491,72196,35760,0.9586405572640705,0.2568024646142577
17126,0.1752702407970894,13,63,13,502182,103428,72209,35747,0.9580569861795546,0.256849290461649
17127,0.175274754622534,8,14,8,502196,103414,72217,35739,0.9579273037163288,0.25683240749390956
17128,0.1752809369800443,1,6,1,502202,103408,72218,35738,0.9578717255178035,0.25683814123294957
17129,0.1752823973075909,0,1,0,502203,103407,72218,35738,0.957862462484716,0.25683998706385425
17130,0.1752838761829663,0,1,0,502204,103406,72218,35738,0.9578531994516284,0.25684183292129015
17131,0.1752866938605579,1,5,1,502209,103401,72219,35737,0.9578068842861907,0.2568457215138927
17132,0.1753005108436095,1,0,1,502209,103401,72220,35736,0.9578068842861907,0.2568403803445525
17133,0.1753132953544991,0,8,0,502217,103393,72220,35736,0.9577327800214902,0.2568551488187222
17134,0.1753432987342293,1,2,1,502219,103391,72221,35735,0.9577142539553152,0.2568534997053031
17135,0.1753529963003638,0,1,0,502220,103390,72221,35735,0.9577049909222276,0.2568553459119497
17136,0.1753532466960367,3,9,3,502229,103381,72224,35732,0.9576216236244396,0.25685593725963785
17137,0.1753554369181096,2,9,2,502238,103372,72226,35730,0.9575382563266516,0.25686187114491527
17138,0.175356143710727,0,2,0,502240,103370,72226,35730,0.9575197302604765,0.25686556434219987
17139,0.1753568987394487,0,3,0,502243,103367,72226,35730,0.9574919411612138,0.25687110433726107
17140,0.1753569465467269,2,10,2,502253,103357,72228,35728,0.9573993108303382,0.2568788870115397
17141,0.175357729780004,1,0,1,502253,103357,72229,35727,0.9573993108303382,0.25687354404532514
17142,0.1753610068038314,2,3,2,502256,103354,72231,35725,0.9573715217310756,0.2568683985360838
17143,0.1753688197404652,0,1,0,502257,103353,72231,35725,0.9573622586979881,0.2568702454737629
17144,0.175377014174814,0,1,0,502258,103352,72231,35725,0.9573529956649005,0.25687209243800196
17145,0.175377869855855,0,11,0,502269,103341,72231,35725,0.9572511023009375,0.2568924107977507
17146,0.1754051129888616,0,2,0,502271,103339,72231,35725,0.9572325762347623,0.25689610539032387
17147,0.1754068113085274,0,1,0,502272,103338,72231,35725,0.9572233132016748,0.2568979527264621
17148,0.1754115001958404,0,2,0,502274,103336,72231,35725,0.9572047871354996,0.25690164747844474
17149,0.1754140006942809,2,6,2,502280,103330,72233,35723,0.9571492089369743,0.2569020445441666
17150,0.1754373089414709,0,1,0,502281,103329,72233,35723,0.9571399459038867,0.256903892069154
17151,0.1754506559238547,2,4,2,502285,103325,72235,35721,0.9571028937715366,0.2569005940480129
17152,0.175457293761962,1,0,1,502285,103325,72236,35720,0.9571028937715366,0.256895249739293
17153,0.17546791497883,2,11,2,502296,103314,72238,35718,0.9570010004075734,0.25690488520628346
17154,0.1754707286523824,0,3,0,502299,103311,72238,35718,0.9569732113083108,0.25691042875946746
17155,0.175473773339656,2,6,2,502305,103305,72240,35716,0.9569176331097855,0.2569108264219075
17156,0.1754800238825231,1,0,1,502305,103305,72241,35715,0.9569176331097855,0.25690548122572293
17157,0.1754923703921152,0,1,0,502306,103304,72241,35715,0.9569083700766979,0.25690732921399234
17158,0.1754927208356647,0,5,0,502311,103299,72241,35715,0.9568620549112602,0.2569165695541456
17159,0.175504043438355,0,1,0,502312,103298,72241,35715,0.9568527918781726,0.25691841770194157
17160,0.1755099347429094,2,6,2,502318,103292,72243,35713,0.9567972136796473,0.25691881586993276
17161,0.1755103320293901,1,5,1,502323,103287,72244,35712,0.9567508985142095,0.25692271167418473
17162,0.1755108343716833,3,4,3,502327,103283,72247,35709,0.9567138463818593,0.2569140669966617
17163,0.175513665798475,1,1,1,502328,103282,72248,35708,0.9567045833487717,0.25691056910569104
17164,0.1755183103247804,1,6,1,502334,103276,72249,35707,0.9566490051502464,0.25691631350596833
17165,0.1755217901199478,5,7,5,502341,103269,72254,35702,0.9565841639186335,0.25690251923063084
17166,0.1755227984986869,1,0,1,502341,103269,72255,35701,0.9565841639186335,0.2568971720515219
17167,0.1755348522461334,0,1,0,502342,103268,72255,35701,0.956574900885546,0.256899020644892
17168,0.1755484847734228,1,2,1,502344,103266,72256,35700,0.9565563748193708,0.25689737057985407
17169,0.1755568993471807,5,6,5,502350,103260,72261,35695,0.9565007966208455,0.25688172429923356
17170,0.1755620268408308,0,2,0,502352,103258,72261,35695,0.9564822705546704,0.2568854216893482
17171,0.1755727965456225,0,2,0,502354,103256,72261,35695,0.9564637444884954,0.25688911918590007
17172,0.1755737447732651,3,22,3,502376,103234,72264,35692,0.9562599577605692,0.2569137526452932
17173,0.175576998105577,6,7,6,502383,103227,72270,35686,0.9561951165289563,0.2568946030969024
17174,0.1755812191276871,2,2,2,502385,103225,72272,35684,0.9561765904627811,0.25688760267513266
17175,0.1755853545463551,0,3,0,502388,103222,72272,35684,0.9561488013635184,0.2568931507638259
17176,0.1755885246168319,0,6,0,502394,103216,72272,35684,0.9560932231649931,0.2569042476601872
17177,0.1755898710599237,12,20,12,502414,103196,72284,35672,0.9559079625032421,0.2568770343059596
17178,0.1755981469769519,9,14,9,502428,103182,72293,35663,0.9557782800400163,0.25685476610608954
17179,0.1756065421367396,0,4,0,502432,103178,72293,35663,0.9557412279076661,0.2568621660748626
17180,0.1756103460791255,0,2,0,502434,103176,72293,35663,0.955722701841491,0.2568658662191459
17181,0.1756222245616238,0,2,0,502436,103174,72293,35663,0.9557041757753159,0.25686956647003323
17182,0.1756235298199241,0,1,0,502437,103173,72293,35663,0.9556949127422283,0.25687141663545476
17183,0.1756273743104345,0,4,0,502441,103169,72293,35663,0.9556578606098781,0.2568788175636741
17184,0.1756343365568231,0,1,0,502442,103168,72293,35663,0.9556485975767905,0.256880667862365
17185,0.1756437135588818,0,2,0,502444,103166,72293,35663,0.9556300715106154,0.2568843685397143
17186,0.1756508493148744,2,2,2,502446,103164,72295,35661,0.9556115454444404,0.25687736358725016
17187,0.1756563736354252,2,6,2,502452,103158,72297,35659,0.955555967245915,0.256877759928539
17188,0.1756631504299976,0,2,0,502454,103156,72297,35659,0.9555374411797399,0.2568814609372186
17189,0.1756640455110778,1,1,1,502455,103155,72298,35658,0.9555281781466524,0.25687795811631475
17190,0.1756666910886472,0,1,0,502456,103154,72298,35658,0.9555189151135648,0.2568798086620753
17191,0.1756676172900358,0,1,0,502457,103153,72298,35658,0.9555096520804772,0.2568816592344987
17192,0.1756720201894799,0,1,0,502458,103152,72298,35658,0.9555003890473897,0.2568835098335855
17193,0.1756752278620711,0,2,0,502460,103150,72298,35658,0.9554818629812145,0.2568872111117515
17194,0.1756810521804562,4,7,4,502467,103143,72302,35654,0.9554170217496016,0.2568787509816495
17195,0.1756898496287917,0,1,0,502468,103142,72302,35654,0.9554077587165142,0.256880601746448
17196,0.1756950905550674,0,1,0,502469,103141,72302,35654,0.9553984956834266,0.25688245253791564
17197,0.1756973832995743,8,13,8,502482,103128,72310,35646,0.9552780762532884,0.256863677634139
17198,0.1757065330690594,1,1,1,502483,103127,72311,35645,0.9552688132202009,0.25686017352203616
17199,0.1757084055569077,1,4,1,502487,103123,72312,35644,0.9552317610878506,0.2568622222862784
17200,0.1757348925502583,1,1,1,502488,103122,72313,35643,0.955222498054763,0.256858717976435
17201,0.1757391455785374,2,9,2,502497,103113,72315,35641,0.9551391307569751,0.25686466696455595
17202,0.1757595303329221,1,5,1,502502,103108,72316,35640,0.9550928155915372,0.2568685674748465
17203,0.1757741666693789,5,8,5,502510,103100,72321,35635,0.9550187113268369,0.2568565971095974
17204,0.1757872584940811,7,11,7,502521,103089,72328,35628,0.9549168179628738,0.2568394645212915
17205,0.1757910142475364,1,1,1,502522,103088,72329,35627,0.9549075549297862,0.2568359586201925
17206,0.1757938187162808,5,11,5,502533,103077,72334,35622,0.9548056615658231,0.256829537343456
17207,0.1758026872937762,0,8,0,502541,103069,72334,35622,0.9547315573011227,0.25684435183249094
17208,0.1758206696071993,0,1,0,502542,103068,72334,35622,0.9547222942680351,0.25684620376378975
17209,0.1758240336029908,0,2,0,502544,103066,72334,35622,0.95470376820186,0.2568499077065067
17210,0.1758435176466418,0,1,0,502545,103065,72334,35622,0.9546945051687724,0.25685175971792595
17211,0.1758451824743657,1,8,1,502553,103057,72335,35621,0.9546204009040721,0.25686121807352286
17212,0.1758532167030696,2,2,2,502555,103055,72337,35619,0.9546018748378969,0.2568542048257063
17213,0.1758565851460626,1,7,1,502562,103048,72338,35618,0.9545370336062841,0.25686181183563384
17214,0.1758709609207102,4,7,4,502569,103041,72342,35614,0.9544721923746712,0.25685334102628826
17215,0.1758769699004471,1,1,1,502570,103040,72343,35613,0.9544629293415836,0.256849833757654
17216,0.1758871684722531,16,37,16,502607,103003,72359,35597,0.9541201971173441,0.25683261183261186
17217,0.1758932563467059,3,8,3,502615,102995,72362,35594,0.9540460928526436,0.256831350251463
17218,0.1758952848113661,2,2,2,502617,102993,72364,35592,0.9540275667864686,0.25682433163762314
17219,0.1759012310251079,1,1,1,502618,102992,72365,35591,0.954018303753381,0.2568208221787665
17220,0.1759201551107268,1,0,1,502618,102992,72366,35590,0.954018303753381,0.25681545943917683
17221,0.1759279988251188,1,9,1,502627,102983,72367,35589,0.953934936455593,0.25682677597205783
17222,0.1759343810297051,0,3,0,502630,102980,72367,35589,0.9539071473563303,0.25683233623682067
17223,0.1759355166985856,1,1,1,502631,102979,72368,35588,0.9538978843232429,0.2568288264882692
17224,0.1759558596915151,0,1,0,502632,102978,72368,35588,0.9538886212901553,0.25683067996478215
17225,0.1759586171184681,2,7,2,502639,102971,72370,35586,0.9538237800585424,0.25683292796466434
17226,0.1759610658460736,0,1,0,502640,102970,72370,35586,0.9538145170254548,0.2568347816045498
17227,0.1759661636381106,3,7,3,502647,102963,72373,35583,0.953749675793842,0.2568316660170629
17228,0.1759797659898431,0,1,0,502648,102962,72373,35583,0.9537404127607544,0.25683351979501245
17229,0.1759887411685501,3,7,3,502655,102955,72376,35580,0.9536755715291415,0.25683040386905837
17230,0.1760033662548673,0,1,0,502656,102954,72376,35580,0.9536663084960539,0.25683225778509244
17231,0.1760033775050069,7,14,7,502670,102940,72383,35573,0.9535366260328282,0.2568206594326886
17232,0.1760070494123288,0,5,0,502675,102935,72383,35573,0.9534903108673904,0.25682993040113206
17233,0.1760143214904187,0,1,0,502676,102934,72383,35573,0.9534810478343029,0.2568317846751428
17234,0.1760453972690863,5,14,5,502690,102920,72388,35568,0.9533513653710771,0.2568309167581307
17235,0.1760551664331883,1,0,1,502690,102920,72389,35567,0.9533513653710771,0.25682555041267413
17236,0.1760672307304188,0,1,0,502691,102919,72389,35567,0.9533421023379895,0.25682740493623907
17237,0.1760850586899612,1,1,1,502692,102918,72390,35566,0.953332839304902,0.25682389301291125
17238,0.1760964664762755,1,1,1,502693,102917,72391,35565,0.9533235762718144,0.25682038098814286
17239,0.1761049307768191,0,1,0,502694,102916,72391,35565,0.9533143132387268,0.2568222355413378
17240,0.1761136977628345,1,9,1,502703,102907,72392,35564,0.9532309459409389,0.2568335608177886
17241,0.1761144066019542,0,10,0,502713,102897,72392,35564,0.9531383156100633,0.2568521099804277
17242,0.1761174560028442,0,2,0,502715,102895,72392,35564,0.9531197895438882,0.2568558201344802
17243,0.176126079648194,1,1,1,502716,102894,72393,35563,0.9531105265108007,0.25685230793676017
17244,0.1761402068699022,1,1,1,502717,102893,72394,35562,0.9531012634777132,0.2568487956375718
17245,0.1761440339899112,0,4,0,502721,102889,72394,35562,0.9530642113453629,0.25685621627868344
17246,0.1761635918653331,4,4,4,502725,102885,72398,35558,0.9530271592130127,0.25684216609001537
17247,0.1761796773589266,1,3,1,502728,102882,72399,35557,0.95299937011375,0.25684236378477165
17248,0.1761839766197177,1,0,1,502728,102882,72400,35556,0.95299937011375,0.25683699562258916
17249,0.176184432004687,0,1,0,502729,102881,72400,35556,0.9529901070806625,0.2568388508852402
17250,0.1761893499474833,0,3,0,502732,102878,72400,35556,0.9529623179813999,0.25684441683401477
17251,0.176189411955296,15,31,15,502763,102847,72415,35541,0.9526751639556856,0.2568214006994826
17252,0.1761952863983699,0,1,0,502764,102846,72415,35541,0.9526659009225981,0.2568232565197598
17253,0.17619644412867,0,2,0,502766,102844,72415,35541,0.952647374856423,0.25682696824077755
17254,0.1761978387334025,3,9,3,502775,102835,72418,35538,0.952564007558635,0.25682756028994097
17255,0.1762074827156568,3,6,3,502781,102829,72421,35535,0.9525084293601097,0.2568225839091093
17256,0.176210560826671,14,16,14,502797,102813,72435,35521,0.9523602208307088,0.2567770757731288
17257,0.1762260009740926,1,3,1,502800,102810,72436,35520,0.9523324317314461,0.25677727174148773
17258,0.1762597097014948,1,1,1,502801,102809,72437,35519,0.9523231686983585,0.256773755132728
17259,0.1762746081047144,20,31,20,502832,102778,72457,35499,0.9520360146726444,0.25672382247228387
17260,0.176294992859099,7,6,7,502838,102772,72464,35492,0.9519804364741191,0.25669733263900946
17261,0.1763157388842815,1,1,1,502839,102771,72465,35491,0.9519711734410315,0.25669381319523804
17262,0.1763256773119036,1,3,1,502842,102768,72466,35490,0.9519433843417688,0.2566940068567461
17263,0.1763304417667467,0,4,0,502846,102764,72466,35490,0.9519063322094187,0.25670143359324143
17264,0.1763471880188027,1,1,1,502847,102763,72467,35489,0.9518970691763311,0.25669791395422853
17265,0.1763714880131224,2,0,2,502847,102763,72469,35487,0.9518970691763311,0.2566871609403255
17266,0.1763810219391007,1,0,1,502847,102763,72470,35486,0.9518970691763311,0.2566817843167039
17267,0.1763886866025517,1,2,1,502849,102761,72471,35485,0.951878543110156,0.25668012094382475
17268,0.1763974465243168,0,5,0,502854,102756,72471,35485,0.9518322279447182,0.2566894047352088
17269,0.1764002200627585,0,3,0,502857,102753,72471,35485,0.9518044388454555,0.25669497533239777
17270,0.176409449075314,1,0,1,502857,102753,72472,35484,0.9518044388454555,0.2566895982985742
17271,0.1764131874553458,1,2,1,502859,102751,72473,35483,0.9517859127792805,0.2566879349508804
17272,0.1764364652701536,0,4,0,502863,102747,72473,35483,0.9517488606469302,0.25669536280112853
17273,0.1764366935512849,19,29,19,502892,102718,72492,35464,0.9514802326873911,0.25664703072759115
17274,0.1764585734575116,2,1,2,502893,102717,72494,35462,0.9514709696543036,0.2566381288039427
17275,0.1764789285941889,0,5,0,502898,102712,72494,35462,0.9514246544888658,0.2566474155774603
17276,0.176493930253791,3,8,3,502906,102704,72497,35459,0.9513505502241654,0.2566461353618552
17277,0.176511971965516,1,4,1,502910,102700,72498,35458,0.9513134980918152,0.25664818541090634
17278,0.1765242036947271,15,18,15,502928,102682,72513,35443,0.9511467634962392,0.2566009049773756
17279,0.1765246448295138,0,4,0,502932,102678,72513,35443,0.951109711363889,0.25660833616901124
17280,0.1765707428514416,1,0,1,502932,102678,72514,35442,0.951109711363889,0.2566029539530843
17281,0.1765801277050684,2,1,2,502933,102677,72516,35440,0.9511004483308014,0.25659404707602973
17282,0.1765818115411962,0,6,0,502939,102671,72516,35440,0.9510448701322761,0.2566051943726423
17283,0.1765831020559127,2,0,2,502939,102671,72518,35438,0.9510448701322761,0.2565944290379338
17284,0.1766143827397027,0,3,0,502942,102668,72518,35438,0.9510170810330134,0.256600002896326
17285,0.1766382821925644,0,1,0,502943,102667,72518,35438,0.9510078179999258,0.2566018609029362
17286,0.1766503266297352,7,12,7,502955,102655,72525,35431,0.9508966616028752,0.2565864750952305
17287,0.1766616294070961,1,3,1,502958,102652,72526,35430,0.9508688725036126,0.25658666589417883
17288,0.1766646088835454,3,4,3,502962,102648,72529,35427,0.9508318203712623,0.25657794676806084
17289,0.1766988639181796,2,1,2,502963,102647,72531,35425,0.9508225573381748,0.2565690364447535
17290,0.1766996900073597,1,0,1,502963,102647,72532,35424,0.9508225573381748,0.2565636520340984
17291,0.1767043630167215,0,4,0,502967,102643,72532,35424,0.9507855052058246,0.2565710850529091
17292,0.176711692558357,0,1,0,502968,102642,72532,35424,0.950776242172737,0.25657294337490766
17293,0.1767222954935898,11,15,11,502983,102627,72543,35413,0.9506372966764237,0.2565415821501014
17294,0.1767280733470444,0,6,0,502989,102621,72543,35413,0.9505817184778984,0.25655273338452844
17295,0.1767342307191478,2,12,2,503001,102609,72545,35411,0.9504705620808478,0.25656426604839877
17296,0.1767364234182132,0,1,0,503002,102608,72545,35411,0.9504612990477602,0.2565661249538107
17297,0.1767429511135794,1,1,1,503003,102607,72546,35410,0.9504520360146727,0.25656259736119463
17298,0.1767471895298402,1,1,1,503004,102606,72547,35409,0.9504427729815851,0.2565590696663406
17299,0.1767565882879764,0,1,0,503005,102605,72547,35409,0.9504335099484975,0.25656092860144625
17300,0.1767615079801195,4,1,4,503006,102604,72551,35405,0.9504242469154099,0.25654124006405377
17301,0.1767635560054547,1,0,1,503006,102604,72552,35404,0.9504242469154099,0.2565358529940293
17302,0.1767719311891115,3,13,3,503019,102591,72555,35401,0.9503038274852718,0.2565438576149342
17303,0.1767961737368339,5,6,5,503025,102585,72560,35396,0.9502482492867464,0.25652807270566236
17304,0.1768173226082089,10,8,10,503033,102577,72570,35386,0.950174145022046,0.2564890586606554
17305,0.1768187502649834,6,20,6,503053,102557,72576,35380,0.9499888843602949,0.2564939066385379
17306,0.1768357746311373,1,8,1,503061,102549,72577,35379,0.9499147800955945,0.25650339307464765
17307,0.176835848495762,1,1,1,503062,102548,72578,35378,0.9499055170625069,0.25649986224497195
17308,0.1768434919242548,16,29,16,503091,102519,72594,35362,0.9496368891029678,0.2564675335978126
17309,0.1768479660552767,1,0,1,503091,102519,72595,35361,0.9496368891029678,0.2564621409921671
17310,0.1768612552465472,0,1,0,503092,102518,72595,35361,0.9496276260698803,0.256464001044394
17311,0.1768666526976758,2,0,2,503092,102518,72597,35359,0.9496276260698803,0.25645321554719064
17312,0.1768680526930801,0,5,0,503097,102513,72597,35359,0.9495813109044425,0.2564625159568295
17313,0.1768769506234657,1,2,1,503099,102511,72598,35358,0.9495627848382674,0.2564608432642581
17314,0.1768787715604896,0,2,0,503101,102509,72598,35358,0.9495442587720924,0.25646456367368553
17315,0.1768857844111771,1,1,1,503102,102508,72599,35357,0.9495349957390048,0.25646103071845644
17316,0.1768882600878916,8,11,8,503113,102497,72607,35349,0.9494331023750416,0.25643834423922346
17317,0.1768901587936148,1,4,1,503117,102493,72608,35348,0.9493960502426915,0.2564403914655291
17318,0.1768979203955064,7,10,7,503127,102483,72615,35341,0.9493034199118159,0.2564212328767123
17319,0.1769099356109714,0,2,0,503129,102481,72615,35341,0.9492848938456409,0.25642495392607856
17320,0.1769217223404457,2,5,2,503134,102476,72617,35339,0.949238578680203,0.25642346624097523
17321,0.176925379195559,0,1,0,503135,102475,72617,35339,0.9492293156471155,0.2564253268898661
17322,0.1769294360802201,0,3,0,503138,102472,72617,35339,0.9492015265478528,0.256430908998556
17323,0.1769314164905217,0,4,0,503142,102468,72617,35339,0.9491644744155026,0.25643835218820527
17324,0.1769377750941206,0,2,0,503144,102466,72617,35339,0.9491459483493275,0.2564420739450673
17325,0.1769463015114646,3,2,3,503146,102464,72620,35336,0.9491274222831524,0.2564296081277213
17326,0.1769632527389665,3,7,3,503153,102457,72623,35333,0.9490625810515395,0.256426446041077
17327,0.1769722714859285,0,8,0,503161,102449,72623,35333,0.9489884767868391,0.25644133486231874
17328,0.176977668937057,0,1,0,503162,102448,72623,35333,0.9489792137537515,0.25644319608654315
17329,0.1769907188157476,2,9,2,503171,102439,72625,35331,0.9488958464559636,0.2564491543877477
17330,0.1770098603740359,2,6,2,503177,102433,72627,35329,0.9488402682574382,0.2564495288976641
17331,0.1770126339124776,1,7,1,503184,102426,72628,35328,0.9487754270258253,0.25645716276841324
17332,0.177015756138072,0,1,0,503185,102425,72628,35328,0.9487661639927378,0.2564590244858551
17333,0.1770222562725975,2,4,2,503189,102421,72630,35326,0.9487291118603876,0.2564556759856839
17334,0.177032738579827,1,9,1,503198,102412,72631,35325,0.9486457445625995,0.2564670350014883
17335,0.1770460981592111,9,31,9,503229,102381,72640,35316,0.9483585905368854,0.25647617595154576
17336,0.177053021049898,0,1,0,503230,102380,72640,35316,0.9483493275037979,0.2564780385777365
17337,0.1770789861453261,0,1,0,503231,102379,72640,35316,0.9483400644707103,0.2564799012309815
17338,0.1770832097683388,0,1,0,503232,102378,72640,35316,0.9483308014376227,0.2564817639112815
17339,0.1770872741515395,4,10,4,503242,102368,72644,35312,0.9482381711067472,0.2564787914003486
17340,0.177096946611658,0,1,0,503243,102367,72644,35312,0.9482289080736597,0.25648065427552497
17341,0.1770998401257699,1,2,1,503245,102365,72645,35311,0.9482103820074845,0.25647897963334204
17342,0.1771002373165489,1,7,1,503252,102358,72646,35310,0.9481455407758717,0.2564866199843101
17343,0.1771041395827841,2,3,2,503255,102355,72648,35308,0.9481177516766089,0.2564814074951149
17344,0.1771093337252414,0,1,0,503256,102354,72648,35308,0.9481084886435215,0.256483270619343
17345,0.1771101723211085,1,1,1,503257,102353,72649,35307,0.9480992256104339,0.2564797326747058
17346,0.1771191966549842,2,0,2,503257,102353,72651,35305,0.9480992256104339,0.2564689302474248
17347,0.1771227794205819,0,1,0,503258,102352,72651,35305,0.9480899625773463,0.2564707933486855
17348,0.1771245817850413,5,11,5,503269,102341,72656,35300,0.9479880692133832,0.2564642802653279
17349,0.1771324858462547,3,1,3,503270,102340,72659,35297,0.9479788061802957,0.25644993715352704
17350,0.1771442571387197,6,6,6,503276,102334,72665,35291,0.9479232279817703,0.2564287011807448
17351,0.1771563214359503,2,3,2,503279,102331,72667,35289,0.9478954388825077,0.2564234849585816
17352,0.1771570150108846,3,6,3,503285,102325,72670,35286,0.9478398606839824,0.2564184549200282
17353,0.1771595312009841,1,0,1,503285,102325,72671,35285,0.9478398606839824,0.25641305137708015
17354,0.1771713179304584,0,1,0,503286,102324,72671,35285,0.9478305976508948,0.25641491472214756
17355,0.1771770252231302,4,3,4,503289,102321,72675,35281,0.9478028085516321,0.25639888955102397
17356,0.1771817330562518,28,44,28,503333,102277,72703,35253,0.9473952350957797,0.25632952810295934
17357,0.1772022985622927,1,1,1,503334,102276,72704,35252,0.9473859720626923,0.2563259845267873
17358,0.1772080842180738,1,3,1,503337,102273,72705,35251,0.9473581829634296,0.2563261685233123
17359,0.1772244190854442,5,10,5,503347,102263,72710,35246,0.947265552632554,0.25631776829153
17360,0.1772378383814896,9,19,9,503366,102244,72719,35237,0.9470895550038905,0.2563045075319499
17361,0.1772404379670052,18,35,18,503401,102209,72737,35219,0.9467653488458261,0.2562723753529121
17362,0.177243502085636,3,32,3,503433,102177,72740,35216,0.9464689317870243,0.256315823950274
17363,0.1772487715499769,0,1,0,503434,102176,72740,35216,0.9464596687539368,0.2563176895306859
17364,0.1772619494154551,16,56,16,503490,102120,72756,35200,0.9459409389010337,0.2563355665598602
17365,0.1772676066669177,2,3,2,503493,102117,72758,35198,0.9459131498017711,0.256330335360303
17366,0.177279014373818,0,6,0,503499,102111,72758,35198,0.9458575716032458,0.2563415362430722
17367,0.1772823341698397,2,7,2,503506,102104,72760,35196,0.9457927303716329,0.25634377276037873
17368,0.1772866450933844,3,8,3,503514,102096,72763,35193,0.9457186261069325,0.25634246006599215
17369,0.1772903238382439,16,26,16,503540,102070,72779,35177,0.9454777872466561,0.25630432723483937
17370,0.1772910695580839,0,4,0,503544,102066,72779,35177,0.9454407351143058,0.2563117973229964
17371,0.177295594361516,0,1,0,503545,102065,72779,35177,0.9454314720812182,0.2563136649130733
17372,0.1772959798205875,31,96,31,503641,101969,72810,35146,0.9445422209048131,0.2563249826787733
17373,0.1772968053883439,4,8,4,503649,101961,72814,35142,0.9444681166401127,0.2563182424892234
17374,0.1773112777678988,16,30,16,503679,101931,72830,35126,0.944190225647486,0.25628753000576404
17375,0.1773121038570788,1,4,1,503683,101927,72831,35125,0.9441531735151358,0.2562895835157458
17376,0.1773191004574551,7,8,7,503691,101919,72838,35118,0.9440790692504354,0.2562665557477178
17377,0.1773209372605102,4,16,4,503707,101903,72842,35114,0.9439308607210345,0.2562747688243065
17378,0.1773310194107927,8,19,8,503726,101884,72850,35106,0.943754863092371,0.25626688079421855
17379,0.1773314998305724,0,5,0,503731,101879,72850,35106,0.9437085479269332,0.25627623462422894
17380,0.1773332527284538,3,3,3,503734,101876,72853,35103,0.9436807588276706,0.25626555895429226
17381,0.1773388772748117,1,3,1,503737,101873,72854,35102,0.9436529697284078,0.2562657419237087
17382,0.1773407148994888,3,4,3,503741,101869,72857,35099,0.9436159175960577,0.2562569359266398
17383,0.1773649629441661,1,1,1,503742,101868,72858,35098,0.9436066545629701,0.2562533767504344
17384,0.1773820814362674,1,1,1,503743,101867,72859,35097,0.9435973915298825,0.25624981747028414
17385,0.1773837261116082,1,0,1,503743,101867,72860,35096,0.9435973915298825,0.25624438717025766
17386,0.1773904235860279,1,1,1,503744,101866,72861,35095,0.943588128496795,0.25624082768087264
17387,0.1774018842482057,2,1,2,503745,101865,72863,35093,0.9435788654637074,0.256231837497627
17388,0.1774041276433638,11,37,11,503782,101828,72874,35082,0.943236133239468,0.2562413264188153
17389,0.1774066106008973,9,9,9,503791,101819,72883,35073,0.94315276594168,0.2562092744645414
17390,0.1774405355859825,1,3,1,503794,101816,72884,35072,0.9431249768424173,0.2562094559055578
17391,0.1774481619095634,17,44,17,503838,101772,72901,35055,0.9427174033865648,0.25619943432217324
17392,0.1774482623454811,6,13,6,503851,101759,72907,35049,0.9425969839564267,0.2561911584117888
17393,0.1774628229170383,1,9,1,503860,101750,72908,35048,0.9425136166586388,0.2562025760610535
17394,0.1774652969920807,3,4,3,503864,101746,72911,35045,0.9424765645262885,0.2561937554371267
17395,0.1774671111990454,2,0,2,503864,101746,72913,35043,0.9424765645262885,0.25618288020235547
17396,0.1774754412292937,0,1,0,503865,101745,72913,35043,0.9424673014932009,0.256184753048513
17397,0.1774811203877337,0,1,0,503866,101744,72913,35043,0.9424580384601133,0.256186625922054
17398,0.1774893379018918,4,10,4,503876,101734,72917,35039,0.9423654081292379,0.2561836034889927
17399,0.1774930976756487,3,11,3,503887,101723,72920,35036,0.9422635147652747,0.25618789257014163
17400,0.1775039483298576,2,6,2,503893,101717,72922,35034,0.9422079365667494,0.25618825456486605
17401,0.1775055089462308,2,5,2,503898,101712,72924,35032,0.9421616214013117,0.25618674311121514
17402,0.1775115450054677,1,9,1,503907,101703,72925,35031,0.9420782541035236,0.2561981657817368
17403,0.1775279266860481,3,12,3,503919,101691,72928,35028,0.941967097706473,0.2562043315120795
17404,0.1775445331316087,6,17,6,503936,101674,72934,35022,0.9418096261439846,0.2562035465558612
17405,0.1775457962855857,0,2,0,503938,101672,72934,35022,0.9417911000778095,0.2562072951263406
17406,0.177546320889072,17,35,17,503973,101637,72951,35005,0.941466893919745,0.2561803837765841
17407,0.1775655739245643,1,0,1,503973,101637,72952,35004,0.941466893919745,0.2561749401716908
17408,0.1775770696813741,7,21,7,503994,101616,72959,34997,0.9412723702249064,0.25617620577836664
17409,0.1775874968814005,2,4,2,503998,101612,72961,34995,0.9412353180925562,0.25617281691274973
17410,0.1776033193798193,0,1,0,503999,101611,72961,34995,0.9412260550594687,0.2561746921804313
17411,0.1776042252623412,1,2,1,504001,101609,72962,34994,0.9412075289932935,0.25617299766476576
17412,0.1776151905956708,0,2,0,504003,101607,72962,34994,0.9411890029271185,0.25617674834005605
17413,0.1776289866684393,4,20,4,504023,101587,72966,34990,0.9410037422653674,0.2561924775035328
17414,0.1776346701223166,2,9,2,504032,101578,72968,34988,0.9409203749675794,0.256198468139947
17415,0.1776361935438736,1,1,1,504033,101577,72969,34987,0.9409111119344918,0.25619489763041503
17416,0.1776676380062162,8,7,8,504040,101570,72977,34979,0.940846270702879,0.2561644537858205
17417,0.1776676760524252,1,2,1,504042,101568,72978,34978,0.9408277446367038,0.2561627583378495
17418,0.1776726704798144,1,0,1,504042,101568,72979,34977,0.9408277446367038,0.25615731077666704
17419,0.1776823699670293,0,1,0,504043,101567,72979,34977,0.9408184816036163,0.2561591867822826
17420,0.1776857647573675,3,9,3,504052,101558,72982,34974,0.9407351143058283,0.25615972812234494
17421,0.1776950738735059,6,7,6,504059,101551,72988,34968,0.9406702730742155,0.25614017096521363
17422,0.1777051900191755,0,3,0,504062,101548,72988,34968,0.9406424839749528,0.2561457997597351
17423,0.1777052459781779,0,1,0,504063,101547,72988,34968,0.9406332209418652,0.2561476760795517
17424,0.1777288073549331,1,1,1,504064,101546,72989,34967,0.9406239579087776,0.25614410349197514
17425,0.1777471704178797,0,1,0,504065,101545,72989,34967,0.94061469487569,0.2561459798406001
17426,0.1777472097832549,5,1,5,504066,101544,72994,34962,0.9406054318426026,0.2561206100830733
17427,0.1777839237368762,2,12,2,504078,101532,72996,34960,0.9404942754455519,0.2561322275298186
17428,0.1777897271566548,0,3,0,504081,101529,72996,34960,0.9404664863462893,0.2561378572632227
17429,0.1778190813962664,0,3,0,504084,101526,72996,34960,0.9404386972470266,0.25614348724411296
17430,0.1778255141237446,4,3,4,504087,101523,73000,34956,0.940410908147764,0.2561273162904183
17431,0.1778271445083676,14,32,14,504119,101491,73014,34942,0.9401144910889622,0.25611105817507496
17432,0.1778924970312917,3,6,3,504125,101485,73017,34939,0.9400589128904369,0.25610596376004224
17433,0.1779046029991492,1,2,1,504127,101483,73018,34938,0.9400403868242617,0.2561042654723246
17434,0.1779092952298254,0,1,0,504128,101482,73018,34938,0.9400311237911742,0.2561061427943117
17435,0.1779761637342924,1,1,1,504129,101481,73019,34937,0.9400218607580866,0.2561025671099122
17436,0.177976420618883,0,4,0,504133,101477,73019,34937,0.9399848086257364,0.2561100766783468
17437,0.1779822381618638,0,1,0,504134,101476,73019,34937,0.9399755455926488,0.25611195413926824
17438,0.1779968053732676,1,2,1,504136,101474,73020,34936,0.9399570195264737,0.25611025584634556
17439,0.1779997026175488,0,1,0,504137,101473,73020,34936,0.9399477564933862,0.25611213336363436
17440,0.1780057623214472,0,1,0,504138,101472,73020,34936,0.9399384934602987,0.2561140109084511
17441,0.1780172543460231,1,0,1,504138,101472,73021,34935,0.9399384934602987,0.25610855747872174
17442,0.1780520035334431,3,9,3,504147,101463,73024,34932,0.9398551261625107,0.25610909490817113
17443,0.1780697398027775,3,4,3,504151,101459,73027,34929,0.9398180740301605,0.25610024342317506
17444,0.178071263352692,2,6,2,504157,101453,73029,34927,0.9397624958316351,0.256100601261182
17445,0.17809065487122,4,12,4,504169,101441,73033,34923,0.9396513394345845,0.2561013170631545
17446,0.1780919972843292,1,2,1,504171,101439,73034,34922,0.9396328133684093,0.25609961792594654
17447,0.1780932544012451,0,1,0,504172,101438,73034,34922,0.9396235503353217,0.2561014960398944
17448,0.1781020453855862,0,1,0,504173,101437,73034,34922,0.9396142873022343,0.25610337418138884
17449,0.1781149999695144,1,1,1,504174,101436,73035,34921,0.9396050242691467,0.25609979685678036
17450,0.1781385060654534,2,5,2,504179,101431,73037,34919,0.9395587091037089,0.2560982764943161
17451,0.1781422739381198,0,2,0,504181,101429,73037,34919,0.9395401830375338,0.2561020330331211
17452,0.1781737959760954,0,1,0,504182,101428,73037,34919,0.9395309200044463,0.25610391134385063
17453,0.178221282729974,3,1,3,504183,101427,73040,34916,0.9395216569713587,0.25608942153245856
17454,0.1782260162088956,0,1,0,504184,101426,73040,34916,0.9395123939382711,0.25609129981957135
17455,0.178227577874097,4,7,4,504191,101419,73044,34912,0.9394475527066583,0.25608262244097085
17456,0.178268192451097,1,1,1,504192,101418,73045,34911,0.9394382896735707,0.2560790440771956
17457,0.1783038914206027,1,0,1,504192,101418,73046,34910,0.9394382896735707,0.2560735872307963
17458,0.1783155138962955,3,6,3,504198,101412,73049,34907,0.9393827114750454,0.25606848641788743
17459,0.1783219266821297,3,2,3,504200,101410,73052,34904,0.9393641854088702,0.256055871003712
17460,0.1783257368536056,1,6,1,504206,101404,73053,34903,0.9393086072103449,0.25606168428620685
17461,0.1783397531862403,4,15,4,504221,101389,73057,34899,0.9391696617140316,0.2560680324019723
17462,0.1783428499912578,0,1,0,504222,101388,73057,34899,0.9391603986809441,0.25606991129014506
17463,0.1783523532134786,1,0,1,504222,101388,73058,34898,0.9391603986809441,0.2560644526950677
17464,0.1783738024220732,0,1,0,504223,101387,73058,34898,0.9391511356478566,0.2560663315845471
17465,0.1784408759981851,1,7,1,504230,101380,73059,34897,0.9390862944162437,0.2560740256976599
17466,0.1784436160638493,0,1,0,504231,101379,73059,34897,0.9390770313831561,0.2560759047814729
17467,0.1784465312208234,0,1,0,504232,101378,73059,34897,0.9390677683500686,0.2560777838928637
17468,0.1784521905138815,2,1,2,504233,101377,73061,34895,0.939058505316981,0.25606874486321474
17469,0.1784796377462625,0,1,0,504234,101376,73061,34895,0.9390492422838934,0.25607062397722186
17470,0.1784805910284157,0,1,0,504235,101375,73061,34895,0.9390399792508058,0.25607250311880825
17471,0.1784987224384474,0,1,0,504236,101374,73061,34895,0.9390307162177183,0.2560743822879745
17472,0.1785199265853952,0,2,0,504238,101372,73061,34895,0.9390121901515432,0.25607814070904916
17473,0.1785221960650854,0,9,0,504247,101363,73061,34895,0.9389288228537552,0.2560950549692495
17474,0.1785237512490248,4,15,4,504262,101348,73065,34891,0.9387898773574419,0.2561014100220935
17475,0.1785558880364859,5,2,5,504264,101346,73070,34886,0.9387713512912668,0.25607786716777264
17476,0.1785650722068927,0,4,0,504268,101342,73070,34886,0.9387342991589166,0.25608538626420413
17477,0.1785702831735906,0,2,0,504270,101340,73070,34886,0.9387157730927415,0.25608914597800714
17478,0.1785715222721424,1,1,1,504271,101339,73071,34885,0.9387065100596539,0.25608556495184404
17479,0.1786138162521196,0,2,0,504273,101337,73071,34885,0.9386879839934789,0.25608932477867014
17480,0.178619300780361,6,20,6,504293,101317,73077,34879,0.9385027233317278,0.25609415841874944
17481,0.1786208430470268,3,4,3,504297,101313,73080,34876,0.9384656711993775,0.25608529323219936
17482,0.1786272837750206,3,1,3,504298,101312,73083,34873,0.93845640816629,0.256070786063076
17483,0.1786359317509148,0,1,0,504299,101311,73083,34873,0.9384471451332024,0.25607266639252774
17484,0.1786568547488972,1,2,1,504301,101309,73084,34872,0.9384286190670273,0.25607096437829063
17485,0.1786569111629776,0,1,0,504302,101308,73084,34872,0.9384193560339398,0.25607284476428255
17486,0.1786772289959947,8,4,8,504306,101304,73092,34864,0.9383823039015895,0.25603666059573466
17487,0.1787053123611686,0,2,0,504308,101302,73092,34864,0.9383637778354145,0.25604042125053245
17488,0.1787195777128446,0,1,0,504309,101301,73092,34864,0.9383545148023269,0.25604230161935887
17489,0.17875086834597,2,8,2,504317,101293,73094,34862,0.9382804105376265,0.25604641768572584
17490,0.178771791655098,2,6,2,504323,101287,73096,34860,0.9382248323391011,0.2560467729733303
17491,0.1787768730963118,1,4,1,504327,101283,73097,34859,0.9381877802067509,0.2560488313672489
17492,0.1787829904567196,12,32,12,504359,101251,73109,34847,0.9378913631479492,0.25604343928639656
17493,0.1788048411098113,1,7,1,504366,101244,73110,34846,0.9378265219163363,0.25605114262620327
17494,0.1788409186723533,0,5,0,504371,101239,73110,34846,0.9377802067508985,0.25606055039129955
17495,0.1788433189398131,1,3,1,504374,101236,73111,34845,0.9377524176516359,0.2560607285366804
17496,0.1788513730343772,0,4,0,504378,101232,73111,34845,0.9377153655192856,0.25606825547300427
17497,0.1788637160623138,3,9,3,504387,101223,73114,34842,0.9376319982214977,0.2560687906515268
17498,0.1788828111432134,0,2,0,504389,101221,73114,34842,0.9376134721553225,0.2560725546254309
17499,0.1788894476966014,0,1,0,504390,101220,73114,34842,0.937604209122235,0.25607443665387836
17500,0.1788914091485084,2,3,2,504393,101217,73116,34840,0.9375764200229724,0.2560691474896551
17501,0.1789020880210702,0,1,0,504394,101216,73116,34840,0.9375671569898848,0.25607102957605693
17502,0.1789331867823503,0,1,0,504395,101215,73116,34840,0.9375578939567972,0.2560729116901253
17503,0.1789965995262253,0,7,0,504402,101208,73116,34840,0.9374930527251844,0.25608608726331883
17504,0.1790004639359827,0,5,0,504407,101203,73116,34840,0.9374467375597466,0.2560954992171593
17505,0.1790007006398962,0,3,0,504410,101200,73116,34840,0.9374189484604839,0.2561011467215525
17506,0.1790657776974288,2,3,2,504413,101197,73118,34838,0.9373911593612212,0.25609585768368437
17507,0.1790930048781348,3,0,3,504413,101197,73121,34835,0.9373911593612212,0.2560794518936721
17508,0.1791017326765822,5,19,5,504432,101178,73126,34830,0.9372151617325577,0.2560878771836951
17509,0.1791185981078267,3,5,3,504437,101173,73129,34827,0.93716884656712,0.2560808823529412
17510,0.1791254573812606,2,11,2,504448,101162,73131,34825,0.9370669532031568,0.2560906557244442
17511,0.1791294443287635,2,11,2,504459,101151,73133,34823,0.9369650598391938,0.2561004309647433
17512,0.1791432613118151,0,1,0,504460,101150,73133,34823,0.9369557968061062,0.2561023144300707
17513,0.1791597741001551,0,1,0,504461,101149,73133,34823,0.9369465337730186,0.2561041979231018
17514,0.1791602892025839,0,1,0,504462,101148,73133,34823,0.936937270739931,0.2561060814438373
17515,0.1791774860566118,0,6,0,504468,101142,73133,34823,0.9368816925414057,0.2561173831500754
17516,0.1791844373041436,1,4,1,504472,101138,73134,34822,0.9368446404090556,0.2561194468961459
17517,0.1791871084167317,0,2,0,504474,101136,73134,34822,0.9368261143428804,0.2561232145221318
17518,0.1792005227934821,0,1,0,504475,101135,73134,34822,0.9368168513097929,0.2561250983766926
17519,0.1792060073217234,12,45,12,504520,101090,73146,34810,0.9364000148208529,0.25614422369389256
17520,0.1792064378574497,0,5,0,504525,101085,73146,34810,0.9363536996554152,0.25615364803708746
17521,0.1792313646436513,0,1,0,504526,101084,73146,34810,0.9363444366223276,0.2561555329889473
17522,0.17925031213966,0,1,0,504527,101083,73146,34810,0.93633517358924,0.2561574179685488
17523,0.1792639355373571,2,3,2,504530,101080,73148,34808,0.9363073844899774,0.25615212527964204
17524,0.1792779985925929,2,8,2,504538,101072,73150,34806,0.936233280225277,0.25615625781951457
17525,0.1793256056471958,0,2,0,504540,101070,73150,34806,0.9362147541591018,0.25616002826106155
17526,0.1793320473039818,4,6,4,504546,101064,73154,34802,0.9361591759605765,0.2561494413613413
17527,0.1793349865069038,0,1,0,504547,101063,73154,34802,0.936149912927489,0.2561513266845766
17528,0.1793808641596193,0,1,0,504548,101062,73154,34802,0.9361406498944014,0.25615321203556496
17529,0.1793890183910708,2,9,2,504557,101053,73156,34800,0.9360572825966135,0.2561592309334354
17530,0.179391648733556,0,4,0,504561,101049,73156,34800,0.9360202304642632,0.25616677340282223
17531,0.1793947608322174,16,38,16,504599,101011,73172,34784,0.9356682352069362,0.2561508155675835
17532,0.1794065472420471,2,3,2,504602,101008,73174,34782,0.9356404461076735,0.25614551881581854
17533,0.1794761299120329,2,10,2,504612,100998,73176,34780,0.9355478157767979,0.25615342691746823
17534,0.1794887945624325,0,2,0,504614,100996,73176,34780,0.9355292897106229,0.2561572000942729
17535,0.1794892953235544,0,1,0,504615,100995,73176,34780,0.9355200266775353,0.25615908672436016
17536,0.1795415764296251,0,1,0,504616,100994,73176,34780,0.9355107636444477,0.25616097338223814
17537,0.1795527080674294,1,13,1,504629,100981,73177,34779,0.9353903442143096,0.25618002357100766
17538,0.1795590884533794,0,1,0,504630,100980,73177,34779,0.935381081181222,0.256181910591563
17539,0.179569420648718,2,5,2,504635,100975,73179,34777,0.9353347660157842,0.2561803877659261
17540,0.1795833060675877,2,4,2,504639,100971,73181,34775,0.935297713883434,0.2561769775904999
17541,0.1795911876876931,2,9,2,504648,100962,73183,34773,0.935214346585646,0.2561830036468118
17542,0.1796098237847244,0,1,0,504649,100961,73183,34773,0.9352050835525585,0.25618489103688097
17543,0.1796131144896154,2,12,2,504661,100949,73185,34771,0.9350939271555078,0.2561965811965812
17544,0.1796131371647683,0,1,0,504662,100948,73185,34771,0.9350846641224202,0.256198468895291
17545,0.1796323636800215,1,0,1,504662,100948,73186,34770,0.9350846641224202,0.25619298840242266
17546,0.1796409813838612,13,16,13,504678,100932,73199,34757,0.9349364555930194,0.25615193567643657
17547,0.1796762425713363,1,1,1,504679,100931,73200,34756,0.9349271925599318,0.2561483414033769
17548,0.1796931080025808,0,1,0,504680,100930,73200,34756,0.9349179295268443,0.25615022920566605
17549,0.1797039542235176,1,6,1,504686,100924,73201,34755,0.934862351328319,0.25615607426351905
17550,0.1797468083623068,0,1,0,504687,100923,73201,34755,0.9348530882952314,0.25615796223411313
17551,0.1797806250046209,0,1,0,504688,100922,73201,34755,0.9348438252621438,0.25615985023253757
17552,0.1797995222664508,3,6,3,504694,100916,73204,34752,0.9347882470636185,0.25615473066603767
17553,0.1799123121885582,0,2,0,504696,100914,73204,34752,0.9347697209974434,0.25615850692140996
17554,0.1799220712446478,1,4,1,504700,100910,73205,34751,0.9347326688650932,0.2561605767317062
17555,0.1799692707269714,2,7,2,504707,100903,73207,34749,0.9346678276334803,0.2561628284138826
17556,0.1799757249324332,3,6,3,504713,100897,73210,34746,0.934612249434955,0.25615770810141325
17557,0.1801290793171176,0,5,0,504718,100892,73210,34746,0.9345659342695172,0.2561671507984488
17558,0.1801469540231781,0,1,0,504719,100891,73210,34746,0.9345566712364296,0.2561690394213968
17559,0.1801656975824472,1,4,1,504723,100887,73211,34745,0.9345196191040794,0.25617111006252213
17560,0.18020038798946,0,1,0,504724,100886,73211,34745,0.9345103560709919,0.25617299879820987
17561,0.1803394028451914,1,12,1,504736,100874,73212,34744,0.9343991996739412,0.2561901812443776
17562,0.1803642098879977,2,3,2,504739,100871,73214,34742,0.9343714105746785,0.25618487903077136
17563,0.1803669862562628,0,1,0,504740,100870,73214,34742,0.934362147541591,0.25618676813261365
17564,0.1804221074727529,2,2,2,504742,100868,73216,34740,0.9343436214754159,0.25617957642616956
17565,0.180524424248324,0,2,0,504744,100866,73216,34740,0.9343250954092408,0.25618335471881776
17566,0.1805934207236258,2,7,2,504751,100859,73218,34738,0.9342602541776279,0.256185608826154
17567,0.1806324310008266,5,17,5,504768,100842,73223,34733,0.9341027826151395,0.25619030057163933
17568,0.1806354404877052,1,8,1,504776,100834,73224,34732,0.9340286783504391,0.2561999321363764
17569,0.1807132221238248,1,0,1,504776,100834,73225,34731,0.9340286783504391,0.25619444546896325
17570,0.180753635083952,1,2,1,504778,100832,73226,34730,0.934010152284264,0.25619273837801154
17571,0.1808646513233333,6,11,6,504789,100821,73232,34724,0.9339082589203008,0.2561806042273784
17572,0.1809139127399456,1,1,1,504790,100820,73233,34723,0.9338989958872133,0.2561770065588042
17573,0.1809780954199422,0,1,0,504791,100819,73233,34723,0.9338897328541258,0.25617889657818244
17574,0.1810415081638172,3,10,3,504801,100809,73236,34720,0.9337971025232502,0.25618133388426095
17575,0.181114246913346,1,2,1,504803,100807,73237,34719,0.9337785764570751,0.2561796260496141
17576,0.1811417850963008,0,1,0,504804,100806,73237,34719,0.9337693134239875,0.2561815163254012
17577,0.1812051978401758,2,14,2,504818,100792,73239,34717,0.9336396309607617,0.2561970053649573
17578,0.1812069408955808,1,3,1,504821,100789,73240,34716,0.9336118418614991,0.25619718829563487
17579,0.1815648019613046,1,1,1,504822,100788,73241,34715,0.9336025788284116,0.2561935898098197
17580,0.1816282147051796,9,13,9,504835,100775,73250,34706,0.9334821593982734,0.25616876167137825
17581,0.1839849909695801,0,1,0,504836,100774,73250,34706,0.9334728963651858,0.2561706524948332
17582,0.1850891935860776,0,1,0,504837,100773,73250,34706,0.9334636333320983,0.25617254334620126
17583,0.1852650639517204,1,0,1,504837,100773,73251,34705,0.9334636333320983,0.25616705295324704
17584,0.1866499187851938,4,42,4,504879,100731,73255,34701,0.933074585942421,0.2562245259613681
17585,0.1867023182120016,0,1,0,504880,100730,73255,34701,0.9330653229093334,0.256226417880692
17586,0.1867343999636708,63,337,63,505217,100393,73318,34638,0.9299436807588277,0.25651887344387586
17587,0.186966163064409,8,46,8,505263,100347,73326,34630,0.9295175812368002,0.25656222912051685
17588,0.1869996032046051,7,44,7,505307,100303,73333,34623,0.9291100077809478,0.25660732549693904
17589,0.1870630159484801,45,300,45,505607,100003,73378,34578,0.9263310978546815,0.2569307703167609
17590,0.1871240011357284,10,59,10,505666,99944,73388,34568,0.9257845789025159,0.25698822409896516
17591,0.1871315592969046,3,8,3,505674,99936,73391,34565,0.9257104746378154,0.2569869369000974
17592,0.1872160404753815,21,75,21,505749,99861,73412,34544,0.9250157471562488,0.2570142479818459
17593,0.1872222081180166,9,46,9,505795,99815,73421,34535,0.9245896476342214,0.25705247487904725
17594,0.1872233413526016,14,35,14,505830,99780,73435,34521,0.924265441476157,0.2570420175575759
17595,0.1872937688531599,62,271,62,506101,99509,73497,34459,0.9217551595094298,0.2572181416457662
17596,0.187381179423921,13,69,13,506170,99440,73510,34446,0.9211160102263886,0.25727858028471984
17597,0.1874854706814432,10,58,10,506228,99382,73520,34436,0.9205787543073104,0.2573345887698217
17598,0.1874864635141647,1,7,1,506235,99375,73521,34435,0.9205139130756975,0.25734250056049623
17599,0.1875498762580397,25,81,25,506316,99294,73546,34410,0.9197636073956056,0.2573595404774726
17600,0.1875815214611739,8,45,8,506361,99249,73554,34402,0.9193467709066657,0.2574017403536075
17601,0.1876433087527626,17,72,17,506433,99177,73571,34385,0.9186798325243618,0.25744598014405295
17602,0.1876684875020978,4,26,4,506459,99151,73575,34381,0.9184389936640853,0.2574738639427253
17603,0.1876925377005552,58,300,58,506759,98851,73633,34323,0.9156600837378192,0.25773048793308
17604,0.1878145012262399,1,0,1,506759,98851,73634,34322,0.9156600837378192,0.25772491420933674
17605,0.1879256657902904,10,23,10,506782,98828,73644,34312,0.9154470339768054,0.2577136848430224
17606,0.1880310203179961,3,8,3,506790,98820,73647,34309,0.9153729297121049,0.25771244432092183
17607,0.1880570556649586,0,1,0,506791,98819,73647,34309,0.9153636666790174,0.25771438014542397
17608,0.1881025810531394,25,87,25,506878,98732,73672,34284,0.9145577828004001,0.25774342936188127
17609,0.1881031372444593,6,6,6,506884,98726,73678,34278,0.9145022046018748,0.25772157228354037
17610,0.1881118705414844,0,1,0,506885,98725,73678,34278,0.9144929415687872,0.2577235099960151
17611,0.188125781487071,0,2,0,506887,98723,73678,34278,0.9144744155026122,0.25772738550837965
17612,0.1881286164001019,1,0,1,506887,98723,73679,34277,0.9144744155026122,0.2577218045112782
17613,0.188179732973391,3,34,3,506921,98689,73682,34274,0.9141594723776353,0.257770958838173
17614,0.188187795119132,10,35,10,506956,98654,73692,34264,0.9138352662195709,0.2577829940263922
17615,0.1881998019905068,7,23,7,506979,98631,73699,34257,0.9136222164585572,0.2577885136355427
17616,0.1882102626655479,12,64,12,507043,98567,73711,34245,0.9130293823409538,0.25784567659548835
17617,0.1882141534838406,13,85,13,507128,98482,73724,34232,0.9122420245285117,0.2579381225793812
17618,0.1882632147343818,49,193,49,507321,98289,73773,34183,0.9104542591426137,0.2580394347484751
17619,0.1882833418682927,3,13,3,507334,98276,73776,34180,0.9103338397124755,0.2580479555475026
17620,0.1882911184120998,3,16,3,507350,98260,73779,34177,0.9101856311830746,0.25806232397290785
17621,0.1883253842623004,2,1,2,507351,98259,73781,34175,0.910176368149987,0.2580530679432774
17622,0.1883342979068546,0,2,0,507353,98257,73781,34175,0.9101578420838119,0.25805696508396764
17623,0.1883347303560492,4,35,4,507388,98222,73785,34171,0.9098336359257475,0.25810276978390095
17624,0.1883375710447105,12,30,12,507418,98192,73797,34159,0.9095557449331209,0.2580940076010004
17625,0.1883413861403672,3,19,3,507437,98173,73800,34156,0.9093797473044574,0.25811424555464035
17626,0.1883678230467696,51,134,51,507571,98039,73851,34105,0.9081385008707251,0.25808965976510473
17627,0.1884258673188441,21,112,21,507683,97927,73872,34084,0.9071010411649191,0.25819060532834387
17628,0.1884489564834193,4,21,4,507704,97906,73876,34080,0.9069065174700804,0.25820920400648556
17629,0.1884837381680314,6,30,6,507734,97876,73882,34074,0.9066286264774538,0.25823417961348993
17630,0.188492135978174,7,11,7,507745,97865,73889,34067,0.9065267331134906,0.25821635387927117
17631,0.1884925684273687,8,32,8,507777,97833,73897,34059,0.906230316054689,0.2582340096442544
17632,0.1884989465215888,3,15,3,507792,97818,73900,34056,0.9060913705583756,0.2582465080303927
17633,0.1885302201948895,9,32,9,507824,97786,73909,34047,0.905794953499574,0.25825855438319695
17634,0.1885463099740932,1,7,1,507831,97779,73910,34046,0.9057301122679611,0.2582666413806182
17635,0.1885552989031747,42,198,42,508029,97581,73952,34004,0.9038960317166252,0.2584185127484136
17636,0.1885773952139772,9,38,9,508067,97543,73961,33995,0.9035440364592983,0.2584424272833706
17637,0.1885791943268548,1,5,1,508072,97538,73962,33994,0.9034977212938604,0.2584466137517866
17638,0.1885834277000658,38,177,38,508249,97361,74000,33956,0.9018581644373633,0.2585803818241355
17639,0.1885914761950471,1,1,1,508250,97360,74001,33955,0.9018489014042759,0.25857670486996914
17640,0.1885936329387645,60,279,60,508529,97081,74061,33895,0.8992645151728482,0.25878786953334965
17641,0.1886074219987817,2,2,2,508531,97079,74063,33893,0.8992459891066731,0.2587805027028678
17642,0.1886097227179682,23,41,23,508572,97038,74086,33870,0.8988662047500834,0.258731322761023
17643,0.1886636755053317,28,56,28,508628,96982,74114,33842,0.8983474748971804,0.2586834220020791
17644,0.1886716964458484,2,5,2,508633,96977,74116,33840,0.8983011597317425,0.2586819755842131
17645,0.1886866623000664,2,5,2,508638,96972,74118,33838,0.8982548445663048,0.2586805290115435
17646,0.188688780652686,5,15,5,508653,96957,74123,33833,0.8981158990699915,0.2586818564110406
17647,0.1886919031772586,5,15,5,508668,96942,74128,33828,0.8979769535736781,0.25868318421656344
17648,0.1887028163032386,3,37,3,508705,96905,74131,33825,0.8976342213494387,0.2587393865218389
17649,0.1887110857331566,1,2,1,508707,96903,74132,33824,0.8976156952832636,0.25873767469612247
17650,0.1887323925966354,3,12,3,508719,96891,74135,33821,0.897504538886213,0.25874441520288877
17651,0.1887351999286077,0,4,0,508723,96887,74135,33821,0.8974674867538627,0.2587523334455427
17652,0.1887352332852966,9,53,9,508776,96834,74144,33812,0.8969765460002224,0.2588062397624114
17653,0.1887493142663666,9,15,9,508791,96819,74153,33803,0.896837600503909,0.25878489075347183
17654,0.1887500750439414,14,62,14,508853,96757,74167,33789,0.8962632924524806,0.2588283057313131
17655,0.1887557406408377,0,1,0,508854,96756,74167,33789,0.8962540294193931,0.2588302884062967
17656,0.1887649823800034,1,3,1,508857,96753,74168,33788,0.8962262403201304,0.25883055898146945
17657,0.1887726890521568,1,1,1,508858,96752,74169,33787,0.8962169772870429,0.2588268640023288
17658,0.1887743770383818,60,321,60,509179,96431,74229,33727,0.893243543665938,0.25912352679051615
17659,0.1887826464682999,19,49,19,509228,96382,74248,33708,0.8927896550446478,0.25911292182335305
17660,0.1887827126852297,25,48,25,509276,96334,74273,33683,0.8923450294564452,0.2590661221224917
17661,0.188793447724518,16,67,16,509343,96267,74289,33667,0.891724406239579,0.25910847045423063
17662,0.1888230266520779,1,3,1,509346,96264,74290,33666,0.8916966171403164,0.25910875086585083
17663,0.1888395245428188,12,41,12,509387,96223,74302,33654,0.8913168327837268,0.25912209244130985
17664,0.1888402218193147,3,3,3,509390,96220,74305,33651,0.891289043684464,0.2591109639565415
17665,0.1888466187240055,14,32,14,509422,96188,74319,33637,0.8909926266256623,0.2590949354900828
17666,0.1888494635584803,13,34,13,509456,96154,74332,33624,0.8906776835006854,0.25908859745103174
17667,0.1888536055238887,0,6,0,509462,96148,74332,33624,0.8906221053021601,0.2591005763955245
17668,0.1888820574110799,6,17,6,509479,96131,74338,33618,0.8904646337396717,0.25910026281512766
17669,0.1888902306679549,2,44,2,509523,96087,74340,33616,0.8900570602838194,0.2591767345396791
17670,0.1888930379999272,2,4,2,509527,96083,74342,33614,0.8900200081514691,0.25917330393147103
17671,0.1889044639638993,112,494,112,510021,95589,74454,33502,0.8854440698062174,0.2595223524490476
17672,0.1889075078305548,7,37,7,510058,95552,74461,33495,0.8851013375819778,0.25955659565894595
17673,0.1889133010220594,1,3,1,510061,95549,74462,33494,0.8850735484827151,0.25955689188875025
17674,0.1889509099815276,6,34,6,510095,95515,74468,33488,0.8847586053577383,0.2595908622280102
17675,0.1889703514230931,3,8,3,510103,95507,74471,33485,0.8846845010930379,0.25958974199950385
17676,0.1889805870332996,0,6,0,510109,95501,74471,33485,0.8846289228945126,0.2596018172514847
17677,0.1889847102498456,2,2,2,510111,95499,74473,33483,0.8846103968283374,0.25959436200400055
17678,0.1889934428497887,7,13,7,510124,95486,74480,33476,0.8844899773981992,0.25958034149594456
17679,0.188994521925477,6,30,6,510154,95456,74486,33470,0.8842120864055727,0.2596062857763368
17680,0.1889973626141382,20,60,20,510214,95396,74506,33450,0.8836563044203194,0.25961225028328394
17681,0.1889977822005364,6,30,6,510244,95366,74512,33444,0.8833784134276927,0.2596382268457418
17682,0.1890114435952082,4,12,4,510256,95354,74516,33440,0.8832672570306421,0.2596394241967794
17683,0.1890170805044491,1,5,1,510261,95349,74517,33439,0.8832209418652044,0.25964375562940645
17684,0.1890331702836528,5,15,5,510276,95334,74522,33434,0.8830819963688911,0.25964525347912526
17685,0.1890337641669681,14,42,14,510318,95292,74536,33420,0.8826929489792138,0.25964944993473804
17686,0.1890366223445435,10,27,10,510345,95265,74546,33410,0.8824428470858497,0.25964639595881095
17687,0.1890370547937381,9,33,9,510378,95232,74555,33401,0.8821371669939605,0.25966120668879683
17688,0.1890526630960049,3,11,3,510389,95221,74558,33398,0.8820352736299975,0.25966614574829533
17689,0.1890608348385655,2,11,2,510400,95210,74560,33396,0.8819333802660343,0.2596768424490304
17690,0.1890650682117765,16,39,16,510439,95171,74576,33380,0.8815721219756197,0.25966347986402283
17691,0.1890804932483241,24,83,24,510522,95088,74600,33356,0.8808032902293527,0.25969294011397964
17692,0.1890965830275278,25,74,25,510596,95014,74625,33331,0.8801178257808737,0.25969846897035337
17693,0.1891087480528471,1,22,1,510618,94992,74626,33330,0.8799140390529475,0.25973722354701456
17694,0.1891242238311482,14,41,14,510659,94951,74640,33316,0.8795342546963578,0.2597394497415547
17695,0.1891328621691939,3,8,3,510667,94943,74643,33313,0.8794601504316574,0.2597383358283433
17696,0.1891421584284235,1,7,1,510674,94936,74644,33312,0.8793953092000445,0.25974674068991327
17697,0.1891453160170425,22,91,22,510765,94845,74666,33290,0.8785523731890771,0.2598041128497288
17698,0.1891523599967964,7,44,7,510809,94801,74673,33283,0.8781447997332247,0.2598529090284501
17699,0.1891933122291338,1,8,1,510817,94793,74674,33282,0.8780706954685242,0.25986336131173143
17700,0.1892531746678048,10,42,10,510859,94751,74684,33272,0.877681648078847,0.25989080087171834
17701,0.1892797196516661,5,22,5,510881,94729,74689,33267,0.8774778613509208,0.2599065595799869
17702,0.1892907002405134,3,8,3,510889,94721,74692,33264,0.8774037570862203,0.2599054576708208
17703,0.189292550368011,1,7,1,510896,94714,74693,33263,0.8773389158546074,0.259913890777249
17704,0.1892938006327361,10,24,10,510920,94690,74703,33253,0.8771166030605061,0.25990480135685423
17705,0.189304328468515,44,90,44,511010,94600,74747,33209,0.8762829300826263,0.25983303210259057
17706,0.1893150635078034,0,11,0,511021,94589,74747,33209,0.8761810367186632,0.25985539679807196
17707,0.1893218623310254,1,20,1,511041,94569,74748,33208,0.875995776056912,0.25989027759299405
17708,0.1893641111031542,10,53,10,511094,94516,74758,33198,0.8755048353032717,0.25994017883708914
17709,0.1893911050903749,0,15,0,511109,94501,74758,33198,0.8753658898069584,0.25997071237832714
17710,0.1893949415337702,1,2,1,511111,94499,74759,33197,0.8753473637407833,0.2599689888485152
17711,0.1893949914980355,2,8,2,511119,94491,74761,33195,0.8752732594760828,0.25997368544711247
17712,0.1894260797471847,33,143,33,511262,94348,74794,33162,0.8739486457445625,0.26007371970825816
17713,0.1894347170343243,0,18,0,511280,94330,74794,33162,0.8737819111489866,0.2601104383020111
17714,0.1894375243662966,4,10,4,511290,94320,74798,33158,0.873689280818111,0.26010762641396945
17715,0.1894572117326527,1,4,1,511294,94316,74799,33157,0.8736522286857609,0.26010998407505903
17716,0.1894794227122471,4,11,4,511305,94305,74803,33153,0.8735503353217978,0.26010921244645296
17717,0.1895116285032181,1,6,1,511311,94299,74804,33152,0.8734947571232724,0.26011565228989963
17718,0.1895198979331362,0,7,0,511318,94292,74804,33152,0.8734299158916595,0.2601299394243746
17719,0.1895206244765277,8,31,8,511349,94261,74812,33144,0.8731427618659454,0.2601467760291982
17720,0.1895418489805077,9,19,9,511368,94242,74821,33135,0.8729667642372818,0.26013330507077415
17721,0.1895528295693549,0,4,0,511372,94238,74821,33135,0.8729297121049316,0.2601414742527851
17722,0.1895559299615776,11,30,11,511402,94208,74832,33124,0.872651821112305,0.260138849621462
17723,0.1895831892383614,28,84,28,511486,94124,74860,33096,0.8718737263329505,0.26014777550699575
17724,0.1895897224026886,1,0,1,511486,94124,74861,33095,0.8718737263329505,0.2601419599273693
17725,0.1895914586682795,26,83,26,511569,94041,74887,33069,0.8711048945866835,0.2601604909133821
17726,0.1896497550449492,2,9,2,511578,94032,74889,33067,0.8710215272888955,0.2601672711823067
17727,0.1896532344192165,2,10,2,511588,94022,74891,33065,0.8709288969580199,0.2601760998371195
17728,0.1896592532545455,1,2,1,511590,94020,74892,33064,0.8709103708918449,0.26017437285574896
17729,0.1896637742117089,0,1,0,511591,94019,74892,33064,0.8709011078587573,0.26017642013487247
17730,0.1896783718974333,1,4,1,511595,94015,74893,33063,0.870864055726407,0.2601787878310959
17731,0.1896968463631659,2,15,2,511610,94000,74895,33061,0.8707251102300937,0.26019785772188164
17732,0.1897028651984948,0,2,0,511612,93998,74895,33061,0.8707065841639187,0.26020195342321284
17733,0.1897057058871561,2,11,2,511623,93987,74897,33059,0.8706046907999555,0.260212836295515
17734,0.1897417846413083,8,35,8,511658,93952,74905,33051,0.8702804846418911,0.26023794713510706
17735,0.1897747904510902,9,22,9,511680,93930,74914,33042,0.8700766979139649,0.26023060202249315
17736,0.1898075931162686,3,14,3,511694,93916,74917,33039,0.8699470154507392,0.2602418179669962
17737,0.1898141148531551,3,9,3,511703,93907,74920,33036,0.8698636481529513,0.26024278613235863
17738,0.1898170913258649,1,11,1,511714,93896,74921,33035,0.8697617547889881,0.26025951107294515
17739,0.1898189332383167,1,0,1,511714,93896,74922,33034,0.8697617547889881,0.2602536831324352
17740,0.1898351866068828,2,9,2,511723,93887,74924,33032,0.8696783874912001,0.2602604810942412
17741,0.1898607032698143,3,17,3,511740,93870,74927,33029,0.8695209159287117,0.26027785876957266
17742,0.1899057520957773,0,4,0,511744,93866,74927,33029,0.8694838637963614,0.2602860632806651
17743,0.1899251310925364,31,109,31,511853,93757,74958,32998,0.8684741931898181,0.26032898110528185
17744,0.1899330360311278,6,15,6,511868,93742,74964,32992,0.8683352476935048,0.2603247747250146
17745,0.1899455300564228,0,2,0,511870,93740,74964,32992,0.8683167216273296,0.2603288829971909
17746,0.1899701987444808,0,1,0,511871,93739,74964,32992,0.8683074585942421,0.260330937181905
17747,0.1899726157831714,3,3,3,511874,93736,74967,32989,0.8682796694949795,0.26031958966265534
17748,0.189983154010666,20,103,20,511977,93633,74987,32969,0.8673255770869613,0.2604145274166285
17749,0.1899854883140716,3,4,3,511981,93629,74990,32966,0.8672885249546112,0.2604052292744579
17750,0.190008790101816,0,7,0,511988,93622,74990,32966,0.8672236837229983,0.2604196290327677
17751,0.1900159689278589,0,4,0,511992,93618,74990,32966,0.867186631590648,0.26042785818112874
17752,0.1900441765183147,11,42,11,512034,93576,75001,32955,0.8667975842009707,0.2604500082983617
17753,0.1900546799229577,3,8,3,512042,93568,75004,32952,0.8667234799362703,0.2604489408789124
17754,0.1900569154951317,1,1,1,512043,93567,75005,32951,0.8667142169031827,0.2604451540492262
17755,0.1900593408247543,6,18,6,512061,93549,75011,32945,0.8665474823076068,0.2604471358325296
17756,0.190072202845691,10,74,10,512135,93475,75021,32935,0.8658620178591278,0.26054109643224427
17757,0.1900973159357244,2,3,2,512138,93472,75023,32933,0.8658342287598652,0.2605355800799019
17758,0.1901005274390811,1,2,1,512140,93470,75024,32932,0.86581570269369,0.2605338523124634
17759,0.1901033347710533,0,2,0,512142,93468,75024,32932,0.8657971766275149,0.2605379746835443
17760,0.1901033681277423,1,13,1,512155,93455,75025,32931,0.8656767571973767,0.2605589226654851
17761,0.1901277591257025,0,3,0,512158,93452,75025,32931,0.8656489680981141,0.2605651076489718
17762,0.1901433263853911,2,15,2,512173,93437,75027,32929,0.8655100226018008,0.2605843343937452
17763,0.1901438220032312,101,405,101,512578,93032,75128,32828,0.8617584942013413,0.2608294930875576
17764,0.1901473388594918,0,1,0,512579,93031,75128,32828,0.8617492311682537,0.26083156548200764
17765,0.1901628255570607,0,1,0,512580,93030,75128,32828,0.8617399681351662,0.26083363790938996
17766,0.1901652322069929,3,12,3,512592,93018,75131,32825,0.8616288117381156,0.2608408890442853
17767,0.1901738069991784,5,26,5,512618,92992,75136,32820,0.8613879728778391,0.2608654182430929
17768,0.190185803397777,0,5,0,512623,92987,75136,32820,0.8613416577124013,0.26087578592606137
17769,0.1901916939183786,1,4,1,512627,92983,75137,32819,0.8613046055800512,0.26087820543393586
17770,0.1902076593852644,1,1,1,512628,92982,75138,32818,0.8612953425469636,0.2608744038155803
17771,0.1902122403041794,12,25,12,512653,92957,75150,32806,0.8610637667197747,0.26085573658389194
17772,0.1902147535664511,1,5,1,512658,92952,75151,32805,0.861017451554337,0.2608602304444285
17773,0.1902286449508679,28,64,28,512722,92888,75179,32777,0.8604246174367335,0.2608283929495086
17774,0.1902318200379687,27,89,27,512811,92799,75206,32750,0.8596002074919412,0.2608543277923361
17775,0.1902403322988586,26,109,26,512920,92690,75232,32724,0.8585905368853978,0.2609278071028753
17776,0.1902501922535255,14,44,14,512964,92646,75246,32710,0.8581829634295454,0.26093685184594273
17777,0.1902583655104005,8,19,8,512983,92627,75254,32702,0.8580069658008819,0.2609292342554397
17778,0.1902611728423728,1,6,1,512989,92621,75255,32701,0.8579513876023566,0.2609358293037136
17779,0.1902632546535218,15,84,15,513073,92537,75270,32686,0.8571732928230019,0.2610223361523043
17780,0.1902702845762539,7,19,7,513092,92518,75277,32679,0.8569972951943384,0.26102063148478
17781,0.1902719659786869,2,13,2,513105,92505,75279,32677,0.8568768757642002,0.2610359316834689
17782,0.1902738417964419,1,16,1,513121,92489,75280,32676,0.8567286672347993,0.26106339631686176
17783,0.1902780982567005,0,6,0,513127,92483,75280,32676,0.856673089036274,0.2610759114406475
17784,0.1903125977649523,0,2,0,513129,92481,75280,32676,0.8566545629700989,0.2610800834152305
17785,0.1903357306364405,5,8,5,513137,92473,75285,32671,0.8565804587053985,0.26106725052739244
17786,0.1903433637789987,1,8,1,513145,92465,75286,32670,0.8565063544406981,0.26107803572142085
17787,0.1903615776922343,7,14,7,513159,92451,75293,32663,0.8563766719774724,0.2610659078920025
17788,0.1903626567679226,2,1,2,513160,92450,75295,32661,0.8563674089443848,0.2610561821102861
17789,0.1903654974565838,7,7,7,513167,92443,75302,32654,0.8563025677127719,0.2610294411536648
17790,0.1903879546493702,1,6,1,513173,92437,75303,32653,0.8562469895142465,0.2610360540410904
17791,0.190388215775966,3,18,3,513191,92419,75306,32650,0.8560802549186706,0.26105589714477606
17792,0.1903970789434293,4,20,4,513211,92399,75310,32646,0.8558949942569195,0.26107401335519215
17793,0.1904000750858657,1,1,1,513212,92398,75311,32645,0.8558857312238319,0.2610701918540022
17794,0.1904051896361837,5,25,5,513237,92373,75316,32640,0.855654155396643,0.2610928463439802
17795,0.1904222280264954,1,5,1,513242,92368,75317,32639,0.8556078402312053,0.2610973785468014
17796,0.1904278449574756,12,65,12,513307,92303,75329,32627,0.8550057430805142,0.2611622508604819
17797,0.1904359363280199,6,17,6,513324,92286,75335,32621,0.8548482715180259,0.2611623047547375
17798,0.1904467468758218,66,180,66,513504,92106,75401,32555,0.8531809255622661,0.26114823401063686
17799,0.1904489213300196,0,1,0,513505,92105,75401,32555,0.8531716625291785,0.2611503288945933
17800,0.1904724358278472,2,26,2,513531,92079,75403,32553,0.8529308236689022,0.26119295205083765
17801,0.1904768828952927,4,9,4,513540,92070,75407,32549,0.8528474563711141,0.2611881013328626
17802,0.1904878484779111,0,3,0,513543,92067,75407,32549,0.8528196672718515,0.2611943891635103
17803,0.1904956504113756,1,4,1,513547,92063,75408,32548,0.8527826151395013,0.261196844580334
17804,0.1905009970116395,1,0,1,513547,92063,75409,32547,0.8527826151395013,0.2611909156568494
17805,0.1905024616277001,40,117,40,513664,91946,75449,32507,0.8516988402682575,0.26119900685399305
17806,0.1905123340738946,4,16,4,513680,91930,75453,32503,0.8515506317388566,0.261208843313269
17807,0.1905204948392421,1,12,1,513692,91918,75454,32502,0.851439475341806,0.2612280983764668
17808,0.1905299746804411,0,1,0,513693,91917,75454,32502,0.8514302123087184,0.26123019796011865
17809,0.1905340953075286,2,8,2,513701,91909,75456,32500,0.851356108044018,0.2612351196456848
17810,0.1905363204346684,8,23,8,513724,91886,75464,32492,0.8511430582830042,0.2612359098876007
17811,0.1905415407111449,1,0,1,513724,91886,75465,32491,0.8511430582830042,0.2612299701713339
17812,0.1905455150305919,6,11,6,513735,91875,75471,32485,0.8510411649190411,0.2612174332582824
17813,0.1905460538472855,5,8,5,513743,91867,75476,32480,0.8509670606543407,0.2612045324776633
17814,0.1905476206993806,2,1,2,513744,91866,75478,32478,0.8509577976212531,0.2611947500482532
17815,0.1905576639054201,6,20,6,513764,91846,75484,32472,0.8507725369595021,0.26120111327402307
17816,0.1905590631552506,39,106,39,513870,91740,75523,32433,0.8497906554522213,0.2611920465801744
17817,0.1905637647622244,0,1,0,513871,91739,75523,32433,0.8497813924191338,0.26119415004993074
17818,0.1905800660978148,8,15,8,513886,91724,75531,32425,0.8496424469228204,0.26117810050826024
17819,0.1905988647172924,22,75,22,513961,91649,75553,32403,0.8489477194412538,0.2612049785573792
17820,0.1906093996374132,0,2,0,513963,91647,75553,32403,0.8489291933750788,0.26120918984280533
17821,0.1906110334432556,35,94,35,514057,91553,75588,32368,0.8480584682648487,0.26119866689261706
17822,0.1906131014462882,0,8,0,514065,91545,75588,32368,0.8479843640001482,0.26121553025106325
17823,0.1906235669273246,5,17,5,514082,91528,75593,32363,0.8478268924376597,0.26122155765955557
17824,0.1906299962090689,33,70,33,514152,91458,75626,32330,0.847178480121531,0.2611723268814425
17825,0.1906443972987296,0,2,0,514154,91456,75626,32330,0.8471599540553559,0.26117654662078105
17826,0.1906478544941117,9,26,9,514180,91430,75635,32321,0.8469191151950795,0.26117768745303066
17827,0.190658835082959,0,3,0,514183,91427,75635,32321,0.8468913260958169,0.2611840191356628
17828,0.1906614395680088,7,20,7,514203,91407,75642,32314,0.8467060654340657,0.26118443918170725
17829,0.190684357355337,1,2,1,514205,91405,75643,32313,0.8466875393678907,0.26118268966520636
17830,0.1906846390767244,2,8,2,514213,91397,75645,32311,0.8466134351031902,0.26118763539948914
17831,0.1906869796711997,32,81,32,514294,91316,75677,32279,0.8458631294230983,0.26116752295804846
17832,0.1906878127517605,0,2,0,514296,91314,75677,32279,0.8458446033569232,0.2611717492090976
17833,0.1906938808158901,30,44,30,514340,91270,75707,32249,0.8454370299010708,0.2610853390976287
17834,0.1907230628193076,3,19,3,514359,91251,75710,32246,0.8452610322724072,0.26110755726859763
17835,0.190735152820355,7,12,7,514371,91239,75717,32239,0.8451498758753566,0.2610910445585448
17836,0.1907469907286278,3,7,3,514378,91232,75720,32236,0.8450850346437437,0.2610878932192957
17837,0.1907519250879646,5,28,5,514406,91204,75725,32231,0.8448256697172922,0.2611171871835379
17838,0.1907592399328205,6,11,6,514417,91193,75731,32225,0.8447237763533292,0.2611045390461683
17839,0.1907609501638628,5,18,5,514435,91175,75736,32220,0.8445570417577531,0.26111268689979333
17840,0.1907769912584911,0,7,0,514442,91168,75736,32220,0.8444922005261403,0.26112750024313547
17841,0.190781427983151,0,5,0,514447,91163,75736,32220,0.8444458853607025,0.2611380822317499
17842,0.1907839195707935,7,16,7,514463,91147,75743,32213,0.8442976768313016,0.26113002594033724
17843,0.1907858780165522,4,27,4,514490,91120,75747,32209,0.8440475749379377,0.26116323005943454
17844,0.1907954575797273,6,8,6,514498,91112,75753,32203,0.8439734706732372,0.2611442241414264
17845,0.19079856556423,104,426,104,514924,90686,75857,32099,0.8400274185779392,0.2614244410962251
17846,0.1908028518767699,9,29,9,514953,90657,75866,32090,0.8397587906184001,0.26143205129249597
17847,0.1908056592087422,0,5,0,514958,90652,75866,32090,0.8397124754529623,0.2614427009499601
17848,0.1908104034725028,18,64,18,515022,90588,75884,32072,0.8391196413353589,0.2614707321050057
17849,0.1908148421936127,4,27,4,515049,90561,75888,32068,0.8388695394419949,0.26150421189115136
17850,0.1908250042907094,1,3,1,515052,90558,75889,32067,0.8388417503427322,0.2615045871559633
17851,0.1908340790586888,104,398,104,515450,90160,75993,31963,0.8351550631738857,0.2617279300377488
17852,0.1908358924683311,3,21,3,515471,90139,75996,31960,0.834960539479047,0.2617548055266628
17853,0.1908421954266564,13,18,13,515489,90121,76009,31947,0.834793804883471,0.2617147819248288
17854,0.1908421994579462,3,7,3,515496,90114,76012,31944,0.8347289636518581,0.26171164528338986
17855,0.1908485519936343,15,67,15,515563,90047,76027,31929,0.834108340434992,0.26176460943136354
17856,0.1908529887182943,16,88,16,515651,89959,76043,31913,0.8332931935232872,0.26185670211369305
17857,0.1908554803059367,30,86,30,515737,89873,76073,31883,0.8324965726777576,0.2618597851440586
17858,0.1909094854691863,28,63,28,515800,89810,76101,31855,0.8319130015932417,0.2618255044589652
17859,0.1909099838229533,13,20,13,515820,89790,76114,31842,0.8317277409314906,0.2617896606156275
17860,0.1909209644118005,1,1,1,515821,89789,76115,31841,0.831718477898403,0.2617857436487709
17861,0.1909357816395792,0,3,0,515824,89786,76115,31841,0.8316906887991404,0.2617922007449004
17862,0.1909437160878717,8,20,8,515844,89766,76123,31833,0.8315054281373893,0.2617866923247724
17863,0.1909667143928648,0,1,0,515845,89765,76123,31833,0.8314961651043018,0.26178884521126994
17864,0.1909710313603872,1,5,1,515850,89760,76124,31832,0.831449849938864,0.2617935390486216
17865,0.1909867816272281,0,1,0,515851,89759,76124,31832,0.8314405869057764,0.2617956921153704
17866,0.1909991943834542,12,15,12,515866,89744,76136,31820,0.8313016414094632,0.26175512487249514
17867,0.1910005061183582,2,5,2,515871,89739,76138,31818,0.8312553262440253,0.2617537451565932
17868,0.1910182892730214,2,2,2,515873,89737,76140,31816,0.8312368001778503,0.26174590507844314
17869,0.1910213692616621,5,11,5,515884,89726,76145,31811,0.8311349068138871,0.2617392234463579
17870,0.1910335815188687,0,1,0,515885,89725,76145,31811,0.8311256437807996,0.2617413770405477
17871,0.1910480073453938,8,18,8,515903,89707,76153,31803,0.8309589091852236,0.2617315447288289
17872,0.1910649812056115,4,24,4,515927,89683,76157,31799,0.8307365963911223,0.2617589437118256
17873,0.1910720668535015,19,99,19,516026,89584,76176,31780,0.8298195561154544,0.2618568933126792
17874,0.1910769715224543,8,35,8,516061,89549,76184,31772,0.82949534995739,0.2618837629099661
17875,0.1910817984099583,1,1,1,516062,89548,76185,31771,0.8294860869243025,0.26187983745332555
17876,0.191082416799096,0,5,0,516067,89543,76185,31771,0.8294397717588647,0.26189063092470777
17877,0.1910898500081646,4,34,4,516101,89509,76189,31767,0.8291248286338879,0.2619397077740031
17878,0.1911077943780858,0,4,0,516105,89505,76189,31767,0.8290877765015376,0.26194834751632695
17879,0.1911180626973456,5,6,5,516111,89499,76194,31762,0.8290321983030123,0.2619308763741021
17880,0.1911245524641842,0,6,0,516117,89493,76194,31762,0.828976620104487,0.26194383736753124
17881,0.1911260287430454,0,5,0,516122,89488,76194,31762,0.8289303049390493,0.26195463917525774
17882,0.1911286084452632,5,22,5,516144,89466,76199,31757,0.8287265182111231,0.26197173803651125
17883,0.1911288694317066,3,14,3,516158,89452,76202,31754,0.8285968357478973,0.261983730178374
17884,0.1911662795884352,2,3,2,516161,89449,76204,31752,0.8285690466486346,0.26197803648484747
17885,0.1911793551132291,28,65,28,516226,89384,76232,31724,0.8279669494979436,0.261948013343462
17886,0.1911911419000904,0,2,0,516228,89382,76232,31724,0.8279484234317684,0.2619523392730335
17887,0.1911990582230537,0,1,0,516229,89381,76232,31724,0.827939160398681,0.26195450229140005
17888,0.1912001691804065,111,369,111,516598,89012,76343,31613,0.8245211011893735,0.26207668393782385
17889,0.1912033214493284,4,0,4,516598,89012,76347,31609,0.8245211011893735,0.26205221313038357
17890,0.1912058454167132,9,23,9,516621,88989,76356,31600,0.8243080514283597,0.26204711872558856
17891,0.1912069947896031,3,13,3,516634,88976,76359,31597,0.8241876319982215,0.2620570111053055
17892,0.1912270284112153,0,7,0,516641,88969,76359,31597,0.8241227907666087,0.26207222600069674
17893,0.1912288437217064,0,3,0,516644,88966,76359,31597,0.824095001667346,0.2620787472110017
17894,0.1912338510381874,0,2,0,516646,88964,76359,31597,0.8240764756011708,0.2620830948648402
17895,0.19123935879118,1,0,1,516646,88964,76360,31596,0.8240764756011708,0.26207697412076975
17896,0.1912402548704155,2,7,2,516653,88957,76362,31594,0.8240116343695579,0.2620799495649144
17897,0.1912451503118763,2,0,2,516653,88957,76364,31592,0.8240116343695579,0.26206770690756453
17898,0.1912756230785673,8,21,8,516674,88936,76372,31584,0.8238171106747193,0.2620643876535015
17899,0.1912838668143648,6,16,6,516690,88920,76378,31578,0.8236689021453185,0.2620624408703879
17900,0.1912870346372898,2,10,2,516700,88910,76380,31576,0.8235762718144429,0.2620719419683615
17901,0.1912972637820624,7,27,7,516727,88883,76387,31569,0.823326169921079,0.26208780261016834
17902,0.1912988950000795,1,1,1,516728,88882,76388,31568,0.8233169068879914,0.2620838522208385
17903,0.1913104436617625,0,2,0,516730,88880,76388,31568,0.8232983808218163,0.26208820403825717
17904,0.1913238399696569,7,10,7,516740,88870,76395,31561,0.8232057504909408,0.26206707575292076
17905,0.1913296314903532,7,22,7,516762,88848,76402,31554,0.8230019637630146,0.26207205860367766
17906,0.1913318174723835,2,8,2,516770,88840,76404,31552,0.8229278594983142,0.2620772144328527
17907,0.1913384138499241,2,1,2,516771,88839,76406,31550,0.8229185964652266,0.2620671323792041
17908,0.1913503529111246,0,1,0,516772,88838,76406,31550,0.822909333432139,0.26206930923347843
17909,0.1913536231565173,0,7,0,516779,88831,76406,31550,0.8228444922005261,0.262084548226049
17910,0.1913540556057119,0,4,0,516783,88827,76406,31550,0.822807440068176,0.26209325701753655
17911,0.1913568962943731,7,6,7,516789,88821,76413,31543,0.8227518618696505,0.26206340766342096
17912,0.1913805012543405,1,4,1,516793,88817,76414,31542,0.8227148097373004,0.2620659859254397
17913,0.1913820257938735,1,1,1,516794,88816,76415,31541,0.8227055467042128,0.26206203212110635
17914,0.1913866817930258,7,9,7,516803,88807,76422,31534,0.8226221794064248,0.26203870667519796
17915,0.1913986910328451,0,1,0,516804,88806,76422,31534,0.8226129163733373,0.2620408841615423
17916,0.1914189562521426,3,3,3,516807,88803,76425,31531,0.8225851272740746,0.26202901922981037
17917,0.1914219136462678,12,7,12,516814,88796,76437,31519,0.8225202860424617,0.2619706603499148
17918,0.1914428337117648,43,175,43,516989,88621,76480,31476,0.8208992552521398,0.2620881454157889
17919,0.1914439139982155,7,29,7,517018,88592,76487,31469,0.8206306272926007,0.26210842821565705
17920,0.1914442310891868,5,20,5,517038,88572,76492,31464,0.8204453666308497,0.2621213635909227
17921,0.19146545077817,0,6,0,517044,88566,76492,31464,0.8203897884323242,0.26213446638340415
17922,0.1914682817330819,3,5,3,517049,88561,76495,31461,0.8203434732668865,0.2621269433937112
17923,0.1914702517679884,3,8,3,517057,88553,76498,31458,0.820269369002186,0.2621259717859196
17924,0.1914777291956905,1,3,1,517060,88550,76499,31457,0.8202415799029235,0.26212637596140226
17925,0.191493902918954,2,0,2,517060,88550,76501,31455,0.8202415799029235,0.26211407858005914
17926,0.1914972323931366,28,86,28,517146,88464,76529,31427,0.8194449590573938,0.26212976787248415
17927,0.1915034374306196,20,53,20,517199,88411,76549,31407,0.8189540183037534,0.262122552538016
17928,0.1915114612278367,9,41,9,517240,88370,76558,31398,0.8185742339471637,0.26215683655066463
17929,0.1915118936770313,4,15,4,517255,88355,76562,31394,0.8184352884508503,0.26216502851798346
17930,0.1915666075121268,35,87,35,517342,88268,76597,31359,0.8176294045722331,0.2621398179340784
17931,0.1915848926793566,1,3,1,517345,88265,76598,31358,0.8176016154729705,0.2621402238699916
17932,0.1915858034584707,0,3,0,517348,88262,76598,31358,0.8175738263737078,0.2621467981942819
17933,0.1915891146343994,0,1,0,517349,88261,76598,31358,0.8175645633406202,0.2621489897089927
17934,0.1916049191583353,6,35,6,517384,88226,76604,31352,0.8172403571825558,0.2621886969174932
17935,0.1916086178318454,20,50,20,517434,88176,76624,31332,0.8167772055281781,0.26217491716035746
17936,0.1916114900441855,0,5,0,517439,88171,76624,31332,0.8167308903627404,0.26218588654678127
17937,0.1916327265783487,1,3,1,517442,88168,76625,31331,0.8167031012634777,0.26218629444597863
17938,0.19163556726701,8,31,8,517473,88137,76633,31323,0.8164159472377636,0.26220492214967356
17939,0.1916522297757948,19,71,19,517544,88066,76652,31304,0.8157582718885472,0.26224344475161265
17940,0.191657364193614,5,15,5,517559,88051,76657,31299,0.8156193263922339,0.2622454964390448
17941,0.1916693738578335,17,54,17,517613,87997,76674,31282,0.8151191226055059,0.26225907326520176
17942,0.191680528176289,0,2,0,517615,87995,76674,31282,0.8151005965393309,0.26226347074456935
17943,0.1916843363869234,2,2,2,517617,87993,76676,31280,0.8150820704731557,0.262255497891392
17944,0.1916846968778759,0,26,0,517643,87967,76676,31280,0.8148412316128794,0.26231267872567027
17945,0.1916959712226624,3,20,3,517663,87947,76679,31277,0.8146559709511282,0.2623381198416426
17946,0.1917279468878074,2,9,2,517672,87938,76681,31275,0.8145726036533403,0.2623455495625477
17947,0.1917286105728885,0,4,0,517676,87934,76681,31275,0.81453555152099,0.26235435243983257
17948,0.1917337262465185,1,10,1,517686,87924,76682,31274,0.8144429211901145,0.262370173996208
17949,0.1917373735402088,0,1,0,517687,87923,76682,31274,0.814433658157027,0.26237237514366973
17950,0.1917398585245321,0,9,0,517696,87914,76682,31274,0.8143502908592389,0.26239218713293283
17951,0.1917435445894231,0,1,0,517697,87913,76682,31274,0.8143410278261514,0.26239438864976883
17952,0.1917469527057188,3,2,3,517699,87911,76685,31271,0.8143225017599763,0.2623802252017922
17953,0.191776281887871,0,4,0,517703,87907,76685,31271,0.8142854496276261,0.2623890315326654
17954,0.191790362868941,3,9,3,517712,87898,76688,31268,0.814202082329838,0.2623902791064565
17955,0.1917905646496681,5,24,5,517736,87874,76693,31263,0.8139797695357368,0.2624121809345543
17956,0.1917910738104252,0,3,0,517739,87871,76693,31263,0.8139519804364741,0.26241878892675474
17957,0.1917915444156703,13,12,13,517751,87859,76706,31250,0.8138408240394235,0.26236472474792
17958,0.1918089342753521,5,24,5,517775,87835,76711,31245,0.8136185112453221,0.2623866308364125
17959,0.191811272002064,2,9,2,517784,87826,76713,31243,0.8135351439475342,0.26239407402430526
17960,0.1918124280662843,48,106,48,517890,87720,76761,31195,0.8125532624402534,0.26233023588277343
17961,0.1918270946974817,0,3,0,517893,87717,76761,31195,0.8125254733409908,0.2623368541442411
17962,0.1918451116852274,0,2,0,517895,87715,76761,31195,0.8125069472748156,0.26234126650407874
17963,0.1918490372938694,0,6,0,517901,87709,76761,31195,0.8124513690762903,0.26235450447419767
17964,0.1918512439632409,0,2,0,517903,87707,76761,31195,0.8124328430101152,0.26235891742779766
17965,0.1918535316038841,10,66,10,517969,87641,76771,31185,0.8118214828263367,0.2624425630754212
17966,0.1918544865543002,17,63,17,518032,87578,76788,31168,0.8112379117418207,0.26247620972495916
17967,0.1918549300281319,0,1,0,518033,87577,76788,31168,0.8112286487087332,0.2624784201440061
17968,0.1918612301281229,1,3,1,518036,87574,76789,31167,0.8112008596094705,0.2624788405015959
17969,0.1918855072690291,1,4,1,518040,87570,76790,31166,0.8111638074771204,0.2624814714997979
17970,0.1918876673265798,1,3,1,518043,87567,76791,31165,0.8111360183778576,0.2624818919920493
17971,0.1918887236291768,2,3,2,518046,87564,76793,31163,0.8111082292785949,0.2624761006342281
17972,0.1918948946337227,30,109,30,518155,87455,76823,31133,0.8100985586720516,0.26253077883091036
17973,0.1918976965958515,5,21,5,518176,87434,76828,31128,0.809904034977213,0.26254617837081023
17974,0.1918981095228867,2,1,2,518177,87433,76830,31126,0.8098947719441254,0.26253595256370243
17975,0.1918985419720813,0,1,0,518178,87432,76830,31126,0.8098855089110378,0.2625381669731271
17976,0.1919013826607425,2,7,2,518185,87425,76832,31124,0.809820667679425,0.2625412276780066
17977,0.1919115758759586,9,24,9,518209,87401,76841,31115,0.8095983548853236,0.26253839144081814
17978,0.1919123632495898,0,6,0,518215,87395,76841,31115,0.8095427766867983,0.26255168340224455
17979,0.1919141886897311,1,6,1,518221,87389,76842,31114,0.809487198488273,0.262558753786824
17980,0.1919205980290127,8,48,8,518269,87341,76850,31106,0.8090425729000704,0.2626153469484242
17981,0.1919244859658343,1,2,1,518271,87339,76851,31105,0.8090240468338953,0.2626135557731924
17982,0.1919258716008975,1,5,1,518276,87334,76852,31104,0.8089777316684575,0.2626184163866327
17983,0.1919312792705292,1,1,1,518277,87333,76853,31103,0.80896846863537,0.2626144077814178
17984,0.1919341199591905,4,11,4,518288,87322,76857,31099,0.8088665752714068,0.2626138944950642
17985,0.1919435515411036,1,11,1,518299,87311,76858,31098,0.8087646819074438,0.26263206344112355
17986,0.1919468262067175,2,12,2,518311,87299,76860,31096,0.8086535255103932,0.2626462266142996
17987,0.1919482009402604,11,42,11,518353,87257,76871,31085,0.8082644781207159,0.26267090297612006
17988,0.1919536298622408,1,3,1,518356,87254,76872,31084,0.8082366890214532,0.2626713312714428
17989,0.191956451675416,1,4,1,518360,87250,76873,31083,0.808199636889103,0.26267397936332215
17990,0.191969988447506,74,283,74,518643,86967,76947,31009,0.8055781985253251,0.2628415949006578
17991,0.1919850779423303,4,12,4,518655,86955,76951,31005,0.8054670421282745,0.2628433367243133
17992,0.1919923536029422,0,5,0,518660,86950,76951,31005,0.8054207269628367,0.2628544784027807
17993,0.1919927953934863,1,2,1,518662,86948,76952,31004,0.8054022008966616,0.2628526858383071
17994,0.1919958555753602,2,0,2,518662,86948,76954,31002,0.8054022008966616,0.26284018651971175
17995,0.1919960467009776,14,59,14,518721,86889,76968,30988,0.8048556819444959,0.2628841928450843
17996,0.1920062800724316,11,51,11,518772,86838,76979,30977,0.8043832672570307,0.26292916861180665
17997,0.1920090820345604,4,6,4,518778,86832,76983,30973,0.8043276890585053,0.26291753321166333
17998,0.1920127680994514,1,5,1,518783,86827,76984,30972,0.8042813738930675,0.2629224356743266
17999,0.1920187905093447,1,10,1,518793,86817,76985,30971,0.804188743562192,0.2629384996773865
18000,0.1920280124105592,10,21,10,518814,86796,76995,30961,0.8039942198673534,0.26292279864466656
18001,0.1920280327195805,42,136,42,518950,86660,77037,30919,0.802734447367446,0.2629636244567482
18002,0.1920331961509072,0,1,0,518951,86659,77037,30919,0.8027251843343585,0.26296586096038377
18003,0.1920384112167126,6,6,6,518957,86653,77043,30913,0.8026696061358332,0.262941666808431
18004,0.1920455053978993,2,7,2,518964,86646,77045,30911,0.8026047649042203,0.26294478423232986
18005,0.192049892016381,27,103,27,519067,86543,77072,30884,0.8016506724962021,0.26300595263440263
18006,0.1920524921977826,3,21,3,519088,86522,77075,30881,0.8014561488013635,0.26303416437399385
18007,0.1920526939785098,3,18,3,519106,86504,77078,30878,0.8012894142057876,0.2630556644119201
18008,0.1920526993483533,2,28,2,519134,86476,77080,30876,0.8010300492793361,0.26310586952075804
18009,0.1920533492340435,2,7,2,519141,86469,77082,30874,0.8009652080477232,0.26310900522400144
18010,0.1920559475942061,15,22,15,519163,86447,77097,30859,0.800761421319797,0.26306412289226466
18011,0.1920563800434008,2,6,2,519169,86441,77099,30857,0.8007058431212716,0.2630650138962301
18012,0.1920691362571803,16,70,16,519239,86371,77115,30841,0.8000574308051428,0.2631215233935092
18013,0.1920717422878907,5,27,5,519266,86344,77120,30836,0.7998073289117789,0.26315070831199866
18014,0.1920768347814191,3,6,3,519272,86338,77123,30833,0.7997517507132536,0.2631453175273745
18015,0.1920793455793757,6,16,6,519288,86322,77129,30827,0.7996035421838527,0.2631435180838078
18016,0.1920882232954122,12,32,12,519320,86290,77141,30815,0.799307125125051,0.26313991716835317
18017,0.1920891173418487,3,9,3,519329,86281,77144,30812,0.799223757827263,0.2631412637817803
18018,0.1920984486759654,3,4,3,519333,86277,77147,30809,0.7991867056949128,0.2631313735203184
18019,0.1921011119223253,2,5,2,519338,86272,77149,30807,0.7991403905294749,0.263130023317589
18020,0.1921021368342511,2,1,2,519339,86271,77151,30805,0.7991311274963874,0.2631196829409956
18021,0.1921038116328676,7,18,7,519357,86253,77158,30798,0.7989643929008114,0.26311607760719685
18022,0.192107241014069,0,7,0,519364,86246,77158,30798,0.7988995516691986,0.26313181367690786
18023,0.1921214920148078,0,1,0,519365,86245,77158,30798,0.798890288636111,0.26313406184052013
18024,0.1921254476300292,8,7,8,519372,86238,77166,30790,0.7988254474044981,0.26309942919643164
18025,0.1921435641010415,3,8,3,519380,86230,77169,30787,0.7987513431397977,0.26309852414606427
18026,0.1921497966554214,2,0,2,519380,86230,77171,30785,0.7987513431397977,0.2630859291543819
18027,0.1921503171831489,0,5,0,519385,86225,77171,30785,0.7987050279743599,0.26309717118195025
18028,0.1921508529580183,2,6,2,519391,86219,77173,30783,0.7986494497758346,0.26309806669971453
18029,0.1921510143695443,6,16,6,519407,86203,77179,30777,0.7985012412464337,0.2630962557702171
18030,0.1921540128589978,0,1,0,519408,86202,77179,30777,0.7984919782133462,0.26309850485984665
18031,0.1921570239625643,28,127,28,519535,86075,77207,30749,0.7973155730112268,0.26320790248579057
18032,0.1921618614198404,22,43,22,519578,86032,77229,30727,0.796917262588462,0.26316600861603817
18033,0.1921655495781262,7,15,7,519593,86017,77236,30720,0.7967783170921486,0.2631556404567532
18034,0.1921808023691861,7,29,7,519622,85988,77243,30713,0.7965096891326096,0.26317683653096374
18035,0.1921831277265995,5,11,5,519633,85977,77248,30708,0.7964077957686465,0.2631700732741998
18036,0.1921849047586829,24,92,24,519725,85885,77272,30684,0.7955555967245915,0.26322607211179644
18037,0.1921855931008022,92,340,92,520065,85545,77364,30592,0.7924061654748231,0.26341303804988936
18038,0.1921888603739043,107,445,107,520510,85100,77471,30485,0.7882841157508614,0.26374529566985333
18039,0.1921910342222267,1,11,1,520521,85089,77472,30484,0.7881822223868984,0.263764027930399
18040,0.1921925262216985,0,2,0,520523,85087,77472,30484,0.7881636963207233,0.2637685924669684
18041,0.1921934085993708,1,0,1,520523,85087,77473,30483,0.7881636963207233,0.26376222202993854
18042,0.1921962492880321,10,17,10,520540,85070,77483,30473,0.7880062247582348,0.2637373099192508
18043,0.192210330269102,17,68,17,520608,85002,77500,30456,0.7873763385082811,0.2637842332276672
18044,0.1922111873053629,27,68,27,520676,84934,77527,30429,0.7867464522583275,0.26376741242859497
18045,0.1922151248361848,26,45,26,520721,84889,77553,30403,0.7863296157693875,0.2637043333448982
18046,0.1922267396705489,7,13,7,520734,84876,77560,30396,0.7862091963392493,0.26368936081615657
18047,0.1922276619182402,1,4,1,520738,84872,77561,30395,0.7861721442068991,0.263692123504559
18048,0.1922276848270726,8,36,8,520774,84836,77569,30387,0.7858386750157471,0.2637233885595758
18049,0.1922343951626408,5,12,5,520786,84824,77574,30382,0.7857275186186965,0.2637189035293301
18050,0.1922414491979523,0,2,0,520788,84822,77574,30382,0.7857089925525214,0.26372348182354777
18051,0.1922684094012732,13,49,13,520837,84773,77587,30369,0.7852551039312312,0.26375258376613225
18052,0.1922699355996438,7,37,7,520874,84736,77594,30362,0.7849123717069917,0.26379259413717004
18053,0.1922727971859336,1,1,1,520875,84735,77595,30361,0.7849031086739042,0.2637884896086745
18054,0.1922875536655005,0,2,0,520877,84733,77595,30361,0.7848845826077291,0.2637930734877578
18055,0.1922891932017353,0,3,0,520880,84730,77595,30361,0.7848567935084664,0.2637999496050951
18056,0.1922910975709476,87,272,87,521152,84458,77682,30274,0.7823372485086517,0.263867098978489
18057,0.1922918186085673,268,892,268,522044,83566,77950,30006,0.7740746229945533,0.26420244426443135
18058,0.1922936974981158,4,21,4,522065,83545,77954,30002,0.7738800992997147,0.2642253868442143
18059,0.1923035424610798,22,42,22,522107,83503,77976,29980,0.7734910519100374,0.26418053805415787
18060,0.1923076347267409,6,2,6,522109,83501,77982,29974,0.7734725258438623,0.26414628772857457
18061,0.1923093462848716,4,11,4,522120,83490,77986,29970,0.7733706324798992,0.26414595452141726
18062,0.1923118509303173,1,4,1,522124,83486,77987,29969,0.773333580347549,0.2641487814552025
18063,0.1923120213452226,16,100,16,522224,83386,78003,29953,0.7724072770387935,0.2642779625724596
18064,0.192316853085257,2,1,2,522225,83385,78005,29951,0.7723980140057061,0.26426731135737985
18065,0.1923259303764292,3,5,3,522230,83380,78008,29948,0.7723516988402682,0.2642594945644501
18066,0.1923317488430877,0,2,0,522232,83378,78008,29948,0.7723331727740932,0.26426415826906446
18067,0.1923348492353104,2,7,2,522239,83371,78010,29946,0.7722683315424803,0.26426749737462163
18068,0.1923374296087744,4,19,4,522258,83352,78014,29942,0.7720923339138167,0.26428584037989655
18069,0.1923443579210768,4,19,4,522277,83333,78018,29938,0.7719163362851532,0.2643041908343707
18070,0.1923463510398833,2,1,2,522278,83332,78020,29936,0.7719070732520656,0.2642935339195536
18071,0.1923512466706903,3,11,3,522289,83321,78023,29933,0.7718051798881026,0.26429971568333127
18072,0.1923544167781208,80,261,80,522550,83060,78103,29853,0.7693875282522509,0.2643893971464756
18073,0.1923571102419909,39,169,39,522719,82891,78142,29814,0.7678220756604542,0.26453129852269197
18074,0.1923579060415741,0,3,0,522722,82888,78142,29814,0.7677942865611916,0.2645383400472041
18075,0.1923645992222491,0,2,0,522724,82886,78142,29814,0.7677757604950165,0.2645430346051464
18076,0.192369105565345,7,37,7,522761,82849,78149,29807,0.767433028270777,0.26458422099133644
18077,0.1923867481997603,27,87,27,522848,82762,78176,29780,0.7666271443921597,0.2646123225107071
18078,0.1923899322880018,0,1,0,522849,82761,78176,29780,0.7666178813590722,0.2646146737633396
18079,0.1923985699048817,2,10,2,522859,82751,78178,29778,0.7665252510281967,0.26462511885824985
18080,0.192399009579174,0,1,0,522860,82750,78178,29778,0.7665159879951091,0.26462747049623203
18081,0.1924097637837584,6,25,6,522885,82725,78184,29772,0.7662844121679203,0.26464705725486015
18082,0.192415216948047,15,65,15,522950,82660,78199,29757,0.7656823150172293,0.2647019578889314
18083,0.1924161421878394,0,1,0,522951,82659,78199,29757,0.7656730519841417,0.2647043125533732
18084,0.1924184462485595,7,59,7,523010,82600,78206,29750,0.765126533031976,0.26479750778816197
18085,0.1924195631169532,2,19,2,523029,82581,78208,29748,0.7649505354033125,0.2648292070614
18086,0.1924288668803482,1,8,1,523037,82573,78209,29747,0.764876431138612,0.26484152421652424
18087,0.1924321536929493,0,1,0,523038,82572,78209,29747,0.7648671681055245,0.2648438821570705
18088,0.1924351945051043,4,3,4,523041,82569,78213,29743,0.7648393790062619,0.26482477384429093
18089,0.1924361599573924,9,31,9,523072,82538,78222,29734,0.7645522249805476,0.26483896251959527
18090,0.1924423872200511,7,29,7,523101,82509,78229,29727,0.7642835970210086,0.2648615417513097
18091,0.1924503615889395,11,24,11,523125,82485,78240,29716,0.7640612842269072,0.264846124366093
18092,0.1924525438521481,3,4,3,523129,82481,78243,29713,0.764024232094557,0.2648359092286575
18093,0.1924531635510682,1,3,1,523132,82478,78244,29712,0.7639964429952943,0.2648364381852215
18094,0.192455865834412,4,17,4,523149,82461,78248,29708,0.763838971432806,0.2648503597250577
18095,0.1924568496159593,1,4,1,523153,82457,78249,29707,0.7638019193004557,0.2648532505973396
18096,0.1924694045284768,6,28,6,523181,82429,78255,29701,0.7635425543740042,0.26488004994203157
18097,0.1924744134664787,2,3,2,523184,82426,78257,29699,0.7635147652747416,0.26487402452619846
18098,0.1924757656368987,2,1,2,523185,82425,78259,29697,0.763505502241654,0.26486327393375075
18099,0.1924786063255599,1,5,1,523190,82420,78260,29696,0.7634591870762162,0.2648685290235114
18100,0.1924786296919221,117,305,117,523495,82115,78377,29579,0.7606339619845122,0.26482174512507384
18101,0.1924801218047263,93,245,93,523740,81870,78470,29486,0.7583645188780614,0.2647904019540932
18102,0.1924834907576509,7,12,7,523752,81858,78477,29479,0.7582533624810108,0.2647727170662044
18103,0.1924895869144072,0,4,0,523756,81854,78477,29479,0.7582163103486605,0.26478222988691585
18104,0.1924922796242232,24,75,24,523831,81779,78501,29455,0.757521582867094,0.26480212884549686
18105,0.1924926873066299,13,31,13,523862,81748,78514,29442,0.7572344288413798,0.26478999910063855
18106,0.1925029274270365,72,313,72,524175,81435,78586,29370,0.7543350994849753,0.26506024096385544
18107,0.1925144111767717,0,1,0,524176,81434,78586,29370,0.7543258364518878,0.265062633117938
18108,0.1925159565960231,6,27,6,524203,81407,78592,29364,0.7540757345585238,0.26508743263128437
18109,0.192519278578287,138,472,138,524675,80935,78730,29226,0.7497035829411983,0.26530260255444305
18110,0.1925196756835813,2,24,2,524699,80911,78732,29224,0.749481270147097,0.26534707404548963
18111,0.1925256650624568,18,67,18,524766,80844,78750,29206,0.7488606469302308,0.2653884597910041
18112,0.1925295130730916,3,3,3,524769,80841,78753,29203,0.7488328578309682,0.26537566791465234
18113,0.1925311910119155,1,4,1,524773,80837,78754,29202,0.7487958056986179,0.26537863848271975
18114,0.1925461857401884,0,1,0,524774,80836,78754,29202,0.7487865426655304,0.26538105018266417
18115,0.1925513225305769,0,2,0,524776,80834,78754,29202,0.7487680165993553,0.2653858737140572
18116,0.1925616232430115,1,0,1,524776,80834,78755,29201,0.7487680165993553,0.2653791975280593
18117,0.1925649716289512,4,7,4,524783,80827,78759,29197,0.7487031753677424,0.2653693739547735
18118,0.1925671930654993,2,7,2,524790,80820,78761,29195,0.7486383341361296,0.2653729036949507
18119,0.1925692790482831,1,1,1,524791,80819,78762,29194,0.748629071103042,0.265368638251843
18120,0.1925739802591589,3,10,3,524801,80809,78765,29191,0.7485364407721664,0.26537272727272726
18121,0.1925774011882726,36,85,36,524886,80724,78801,29155,0.7477490829597243,0.2653373256036185
18122,0.1925807899671857,3,13,3,524899,80711,78804,29152,0.7476286635295861,0.2653486615147957
18123,0.192582897583082,0,2,0,524901,80709,78804,29152,0.747610137463411,0.2653534921400679
18124,0.1925836773574563,1,5,1,524906,80704,78805,29151,0.7475638222979732,0.26535888216285103
18125,0.1925853089855251,0,1,0,524907,80703,78805,29151,0.7475545592648857,0.2653612977224316
18126,0.1925872746407639,8,22,8,524929,80681,78813,29143,0.7473507725369595,0.26536094114219116
18127,0.1925899917642687,1,5,1,524934,80676,78814,29142,0.7473044573715217,0.26536633338796917
18128,0.1925938781719293,0,1,0,524935,80675,78814,29142,0.7472951943384342,0.2653687498292614
18129,0.192596978564152,1,2,1,524937,80673,78815,29141,0.747276668272259,0.2653668931101681
18130,0.1925999476012728,21,74,21,525011,80599,78836,29120,0.7465912038237801,0.26540526253429214
18131,0.1926177464753316,2,6,2,525017,80593,78838,29118,0.7465356256252548,0.26540638586832677
18132,0.1926244019111351,8,16,8,525033,80577,78846,29110,0.7463874170958539,0.2653915231522423
18133,0.1926250359868865,3,17,3,525050,80560,78849,29107,0.7462299455333654,0.2654125671350543
18134,0.192625427416153,1,6,1,525056,80554,78850,29106,0.7461743673348401,0.2654203902972825
18135,0.1926272092431074,1,9,1,525065,80545,78851,29105,0.7460910000370521,0.2654354765161879
18136,0.1926300249361333,0,1,0,525066,80544,78851,29105,0.7460817370039646,0.265437897290445
18137,0.1926336037082181,3,10,3,525076,80534,78854,29102,0.745989106673089,0.26544200809952934
18138,0.1926405293124728,27,89,27,525165,80445,78881,29075,0.7451646967282967,0.2654766252739226
18139,0.1926408397834264,5,18,5,525183,80427,78886,29070,0.7449979621327207,0.26548672566371684
18140,0.1926422072512967,6,32,6,525215,80395,78892,29064,0.7447015450739191,0.2655240775084735
18141,0.1926439264879528,36,122,36,525337,80273,78928,29028,0.7435714550372374,0.26557853999505954
18142,0.1926487217294001,13,27,13,525364,80246,78941,29015,0.7433213531438734,0.26555678604442573
18143,0.1926487496631114,0,1,0,525365,80245,78941,29015,0.7433120901107859,0.26555921654768444
18144,0.1926551694797354,4,10,4,525375,80235,78945,29011,0.7432194597799103,0.2655566336524907
18145,0.1926552380925995,7,27,7,525402,80208,78952,29004,0.7429693578865464,0.2655752115152181
18146,0.1926753694049093,11,59,11,525461,80149,78963,28993,0.7424228389343807,0.26564475637243223
18147,0.1926755601677813,5,11,5,525472,80138,78968,28988,0.7423209455704176,0.265637886479849
18148,0.1926785785042081,0,6,0,525478,80132,78968,28988,0.7422653673718923,0.2656524926686217
18149,0.1926816924457947,3,15,3,525493,80117,78971,28985,0.742126421875579,0.2656688236695936
18150,0.1926914855516826,1,14,1,525507,80103,78972,28984,0.7419967394123532,0.26569618744671686
18151,0.1926934376800083,3,13,3,525520,80090,78975,28981,0.7418763199822149,0.26570765831430904
18152,0.1926942830217909,0,2,0,525522,80088,78975,28981,0.7418577939160399,0.26571253059989547
18153,0.1927021149017812,0,1,0,525523,80087,78975,28981,0.7418485308829523,0.2657149668096967
18154,0.1927124909177811,6,16,6,525539,80071,78981,28975,0.7417003223535514,0.26571355207893915
18155,0.1927141420049839,0,1,0,525540,80070,78981,28975,0.7416910593204639,0.26571598881195835
18156,0.19271546867034,9,8,9,525548,80062,78990,28966,0.7416169550557634,0.265674872509814
18157,0.1927221904481575,2,9,2,525557,80053,78992,28964,0.7415335877579755,0.2656833337919774
18158,0.1927250311368187,9,32,9,525589,80021,79001,28955,0.7412371706991737,0.2657007047423286
18159,0.1927269992682651,2,14,2,525603,80007,79003,28953,0.741107488235948,0.2657213656387665
18160,0.1927315338573184,11,35,11,525638,79972,79014,28942,0.7407832820778836,0.2657325963604312
18161,0.1927332981658139,0,2,0,525640,79970,79014,28942,0.7407647560117084,0.2657374761275158
18162,0.1927378949657403,0,2,0,525642,79968,79014,28942,0.7407462299455334,0.2657423560738224
18163,0.1927407356544015,3,10,3,525652,79958,79017,28939,0.7406535996146578,0.26574653112574265
18164,0.192744743197664,16,78,16,525730,79880,79033,28923,0.7399310830338286,0.26582906721322025
18165,0.1927517162432488,1,24,1,525754,79856,79034,28922,0.7397087702397273,0.26588096857820515
18166,0.1927548166354715,16,22,16,525776,79834,79050,28906,0.739504983511801,0.2658267426889829
18167,0.1927614704646847,0,1,0,525777,79833,79050,28906,0.7394957204787136,0.26582918732009675
18168,0.1927652638753955,1,1,1,525778,79832,79051,28905,0.739486457445626,0.265824880215566
18169,0.1927805578076754,4,5,4,525783,79827,79055,28901,0.7394401422801882,0.2658100949157531
18170,0.1927863856442906,85,305,85,526088,79522,79140,28816,0.7366149171884842,0.26598238845095906
18171,0.1927865960802582,5,4,5,526092,79518,79145,28811,0.736577865056134,0.26595833064091795
18172,0.1927870294054832,24,76,24,526168,79442,79169,28787,0.7358738745414799,0.2659823152759427
18173,0.1927937146124919,0,7,0,526175,79435,79169,28787,0.735809033309867,0.2659995195062002
18174,0.1927985600034084,107,405,107,526580,79030,79276,28680,0.7320575049094076,0.2662705412682202
18175,0.1928048589009572,15,21,15,526601,79009,79291,28665,0.7318629812145689,0.26622025744376543
18176,0.1928049737754044,6,25,6,526626,78984,79297,28659,0.73163140538738,0.26624118614308406
18177,0.1928251582443652,9,15,9,526641,78969,79306,28650,0.7314924598910667,0.26621693195439466
18178,0.192833031199828,21,37,21,526678,78932,79327,28629,0.7311497276668272,0.266165245767518
18179,0.192835612612587,0,1,0,526679,78931,79327,28629,0.7311404646337397,0.2661677203421346
18180,0.1928364165755276,7,10,7,526689,78921,79334,28622,0.7310478343028641,0.26614470490873415
18181,0.1928368246105388,1,5,1,526694,78916,79335,28621,0.7310015191374264,0.26615025526097996
18182,0.1928395305171142,32,101,32,526795,78815,79367,28589,0.7300659527955834,0.26618189266693976
18183,0.1928429192960273,6,15,6,526810,78800,79373,28583,0.7299270072992701,0.2661780728793198
18184,0.1928439705515506,40,68,40,526878,78732,79413,28543,0.7292971210493164,0.2660731764157539
18185,0.192849323623002,4,13,4,526891,78719,79417,28539,0.7291767016191781,0.2660780547837924
18186,0.192849895011962,1,2,1,526893,78717,79418,28538,0.7291581755530031,0.26607617360496016
18187,0.1928521210931103,0,3,0,526896,78714,79418,28538,0.7291303864537404,0.2660836161563421
18188,0.192857127356367,7,22,7,526918,78692,79425,28531,0.7289265997258142,0.26609029779058596
18189,0.1928689981085518,0,20,0,526938,78672,79425,28531,0.7287413390640631,0.26613994011361625
18190,0.1928762352094572,0,1,0,526939,78671,79425,28531,0.7287320760309756,0.2661424227159941
18191,0.1928765345105477,64,224,64,527163,78447,79489,28467,0.7266571566193635,0.26626073292552893
18192,0.192880028519477,11,35,11,527198,78412,79500,28456,0.7263329504612991,0.26627241082456865
18193,0.1928865312399766,7,24,7,527222,78388,79507,28449,0.7261106376671977,0.2662841524939862
18194,0.1928875686479852,0,1,0,527223,78387,79507,28449,0.7261013746341102,0.2662866449511401
18195,0.1928957330370597,3,15,3,527238,78372,79510,28446,0.7259624291377968,0.2663034320058417
18196,0.1928959970626156,1,2,1,527240,78370,79511,28445,0.7259439030716218,0.2663015494078547
18197,0.1929060558167944,27,96,27,527336,78274,79538,28418,0.7250546518952166,0.2663554905709894
18198,0.1929157271899078,0,5,0,527341,78269,79538,28418,0.7250083367297788,0.26636797360503156
18199,0.192920093791064,6,8,6,527349,78261,79544,28412,0.7249342324650784,0.2663466856655386
18200,0.192922483905142,15,24,15,527373,78237,79559,28397,0.724711919670977,0.2663034304255678
18201,0.1929324108524268,1,27,1,527400,78210,79560,28396,0.7244618177776131,0.2663639945218843
18202,0.1929376894966229,5,13,5,527413,78197,79565,28391,0.7243413983474749,0.2663620670244305
18203,0.1929460774034722,4,22,4,527435,78175,79569,28387,0.7241376116195487,0.26638951971622155
18204,0.1929523763010211,2,1,2,527436,78174,79571,28385,0.7241283485864611,0.26637825054664555
18205,0.1929591293831284,2,8,2,527444,78166,79573,28383,0.7240542443217607,0.2663844803799191
18206,0.1929594098064906,33,97,33,527541,78069,79606,28350,0.723155730112268,0.26639979702872607
18207,0.1929598024860184,1,1,1,527542,78068,79607,28349,0.7231464670791804,0.2663954067489217
18208,0.1929612580945144,6,25,6,527567,78043,79613,28343,0.7229148912519916,0.266416633767601
18209,0.1929624799547554,4,7,4,527574,78036,79617,28339,0.7228500500203787,0.266406580493537
18210,0.1929647923675465,0,1,0,527575,78035,79617,28339,0.7228407869872912,0.2664090849267678
18211,0.1929791399337828,8,52,8,527627,77983,79625,28331,0.7223591092667383,0.26648418834772464
18212,0.1930024792603286,4,10,4,527637,77973,79629,28327,0.7222664789358627,0.26648165569143933
18213,0.1930032177566797,0,2,0,527639,77971,79629,28327,0.7222479528696877,0.26648666955163786
18214,0.1930050848853659,4,9,4,527648,77962,79633,28323,0.7221645855718997,0.266481629580844
18215,0.1930176381386155,151,450,151,528098,77512,79784,28172,0.7179962206825002,0.26656826009613566
18216,0.1930230292552871,0,2,0,528100,77510,79784,28172,0.7179776946163252,0.26657330482012076
18217,0.1930239370361643,8,25,8,528125,77485,79792,28164,0.7177461187891363,0.26658084790201514
18218,0.1930248714836936,4,4,4,528129,77481,79796,28160,0.7177090666567861,0.2665631714959154
18219,0.1930340732807766,4,9,4,528138,77472,79800,28156,0.7176256993589981,0.2665581095921536
18220,0.1930512172658832,0,1,0,528139,77471,79800,28156,0.7176164363259105,0.2665606331714429
18221,0.1930528317203216,4,10,4,528149,77461,79804,28152,0.7175238059950351,0.26655809417401266
18222,0.1930591427028916,0,1,0,528150,77460,79804,28152,0.7175145429619475,0.2665606181115782
18223,0.1930652722845144,14,59,14,528209,77401,79818,28138,0.7169680240097818,0.2666123423568539
18224,0.1930666305005548,8,32,8,528241,77369,79826,28130,0.71667160695098,0.26663759846064894
18225,0.1930746810736107,1,2,1,528243,77367,79827,28129,0.716653080884805,0.26663570182755747
18226,0.1930758086069278,6,23,6,528266,77344,79833,28123,0.7164400311237912,0.2666521281538301
18227,0.1930829703781608,2,7,2,528273,77337,79835,28121,0.7163751898921783,0.2666559198922794
18228,0.1930945899904304,5,14,5,528287,77323,79840,28116,0.7162455074289525,0.266656550232836
18229,0.1931012080431167,5,7,5,528294,77316,79845,28111,0.7161806661973397,0.2666394756561412
18230,0.1931088904240493,10,19,10,528313,77297,79855,28101,0.7160046685686762,0.2666179623901782
18231,0.1931200403359771,8,15,8,528328,77282,79863,28093,0.7158657230723628,0.2666002372479241
18232,0.193122660020716,3,4,3,528332,77278,79866,28090,0.7158286709400126,0.2665894768810265
18233,0.1931356984443602,8,25,8,528357,77253,79874,28082,0.7155970951128238,0.26659704751507096
18234,0.1931368330196577,98,328,98,528685,76925,79972,27984,0.712558820260106,0.26674546511738745
18235,0.1931383645382988,0,1,0,528686,76924,79972,27984,0.7125495572270184,0.2667480077782438
18236,0.1931444167303166,1,7,1,528693,76917,79973,27983,0.7124847159954055,0.2667588179218303
18237,0.193146241808754,3,15,3,528708,76902,79976,27980,0.7123457704990922,0.2667759958810854
18238,0.1931744258535373,0,3,0,528711,76899,79976,27980,0.7123179813998296,0.2667836268461751
18239,0.193180297989568,2,6,2,528717,76893,79978,27978,0.7122624032013042,0.26678490717166803
18240,0.1931939866175421,14,41,14,528758,76852,79992,27964,0.7118826188447145,0.2667913295680049
18241,0.1931940032031745,2,8,2,528766,76844,79994,27962,0.711808514580014,0.2667977024216171
18242,0.1932130745598174,28,51,28,528817,76793,80022,27934,0.7113360998925489,0.26673159739131264
18243,0.193216980774211,0,5,0,528822,76788,80022,27934,0.711289784727111,0.2667443326139684
18244,0.1932183157624555,0,1,0,528823,76787,80022,27934,0.7112805216940234,0.26674687980443273
18245,0.1932184363827069,7,15,7,528838,76772,80029,27927,0.7111415761977101,0.26673607197776483
18246,0.1932558021690255,1,6,1,528844,76766,80030,27926,0.7110859979991848,0.266744354869522
18247,0.1932589070320142,2,2,2,528846,76764,80032,27924,0.7110674719330098,0.2667354424575883
18248,0.1932590461144362,7,17,7,528863,76747,80039,27917,0.7109100003705213,0.26672972559810443
18249,0.1932666768145269,0,1,0,528864,76746,80039,27917,0.7109007373374338,0.2667322740605563
18250,0.1932695175031882,8,15,8,528879,76731,80047,27909,0.7107617918411204,0.2667144495412844
18251,0.1932768485544149,0,1,0,528880,76730,80047,27909,0.7107525288080329,0.2667169984422634
18252,0.1932804980920354,5,16,5,528896,76714,80052,27904,0.7106043202786321,0.2667227436961135
18253,0.1932805749220516,0,2,0,528898,76712,80052,27904,0.7105857942124569,0.2667278427773954
18254,0.1932827012063731,8,18,8,528916,76694,80060,27896,0.7104190596168809,0.2667176594320681
18255,0.1932870008125352,4,13,4,528929,76681,80064,27892,0.7102986401867427,0.2667227678272594
18256,0.1932890254523709,3,9,3,528938,76672,80067,27889,0.7102152728889548,0.2667246870247989
18257,0.1932959241962386,0,2,0,528940,76670,80067,27889,0.7101967468227797,0.2667297889230004
18258,0.1932962026096182,1,6,1,528946,76664,80068,27888,0.7101411686242544,0.2667380824852705
18259,0.1932978118904921,4,10,4,528956,76654,80072,27884,0.7100485382933788,0.2667355411429337
18260,0.1932994141129749,2,5,2,528961,76649,80074,27882,0.710002223127941,0.2667342702164908
18261,0.1933022548016361,16,51,16,529012,76598,80090,27866,0.7095298084404758,0.266752182570072
18262,0.1933027969409324,16,32,16,529044,76566,80106,27850,0.709233391381674,0.2667215752375115
18263,0.1933050194425558,16,53,16,529097,76513,80122,27834,0.7087424506280336,0.2667446117281762
18264,0.1933149610491631,2,9,2,529106,76504,80124,27832,0.7086590833302456,0.26675356540407913
18265,0.1933212720317332,0,1,0,529107,76503,80124,27832,0.7086498202971581,0.2667561221066756
18266,0.1933226506219173,0,1,0,529108,76502,80124,27832,0.7086405572640705,0.2667586788582821
18267,0.1933240907991987,139,441,139,529549,76061,80263,27693,0.7045555596724592,0.26691019141430694
18268,0.1933439876659266,4,12,4,529561,76049,80267,27689,0.7044444032754085,0.26691279955271935
18269,0.1933482317938036,0,2,0,529563,76047,80267,27689,0.7044258772092334,0.26691794555409887
18270,0.1933613297328918,7,19,7,529582,76028,80274,27682,0.7042498795805698,0.2669173657313663
18271,0.1933633373719583,1,12,1,529594,76016,80275,27681,0.7041387231835192,0.2669411844122781
18272,0.1933674849313819,35,120,35,529714,75896,80310,27646,0.7030271592130127,0.2670027621641459
18273,0.1933735066308478,16,49,16,529763,75847,80326,27630,0.7025732705917226,0.2670158585965963
18274,0.1933737838289307,1,1,1,529764,75846,80327,27629,0.702564007558635,0.26701135539985504
18275,0.1933746255494815,4,10,4,529774,75836,80331,27625,0.7024713772277594,0.2670088245812432
18276,0.1933751600063879,2,8,2,529782,75828,80333,27623,0.702397272963059,0.2670153019303825
18277,0.1933762632429204,1,1,1,529783,75827,80334,27622,0.7023880099299715,0.26701079759108354
18278,0.1933780912482627,0,1,0,529784,75826,80334,27622,0.702378746896884,0.2670133787023432
18279,0.193380902941897,5,9,5,529793,75817,80339,27617,0.7022953795990959,0.2670011794961038
18280,0.1933860633657924,2,10,2,529803,75807,80341,27615,0.7022027492682203,0.2670128212565992
18281,0.1933937174457543,32,117,32,529920,75690,80373,27583,0.7011189743969766,0.26708820311213965
18282,0.1933938099893714,0,7,0,529927,75683,80373,27583,0.7010541331653637,0.2671063079813298
18283,0.1934017343027747,4,6,4,529933,75677,80377,27579,0.7009985549668384,0.2670934376694817
18284,0.1934065460591582,0,9,0,529942,75668,80377,27579,0.7009151876690504,0.2671167200984048
18285,0.1934075410256287,0,1,0,529943,75667,80377,27579,0.7009059246359628,0.26711930728551225
18286,0.1934094756441527,25,22,25,529965,75645,80402,27554,0.7007021379080366,0.266998711227822
18287,0.1934136402403449,9,10,9,529975,75635,80411,27545,0.7006095075771611,0.2669606512890095
18288,0.1934192711619864,4,18,4,529993,75617,80415,27541,0.7004427729815851,0.2669788092052967
18289,0.1934245148858464,11,18,11,530011,75599,80426,27530,0.7002760383860092,0.2669472214411077
18290,0.1934299720728072,0,5,0,530016,75594,80426,27530,0.7002297232205713,0.26696016446220083
18291,0.1934327129722806,7,17,7,530033,75577,80433,27523,0.700072251658083,0.2669544131910766
18292,0.1934339204157517,5,3,5,530036,75574,80438,27518,0.7000444625588202,0.2669266286423777
18293,0.1934392189727524,5,19,5,530055,75555,80443,27513,0.6998684649301568,0.26694027244149493
18294,0.193445329290556,0,2,0,530057,75553,80443,27513,0.6998499388639816,0.26694545242854095
18295,0.193449651983406,5,6,5,530063,75547,80448,27508,0.6997943606654563,0.2669254281694241
18296,0.1934572521842943,9,42,9,530105,75505,80457,27499,0.699405313275779,0.2669702147489418
18297,0.1934655717663538,0,1,0,530106,75504,80457,27499,0.6993960502426915,0.266972806617283
18298,0.1934711379381172,6,17,6,530123,75487,80463,27493,0.699238578680203,0.2669741697416974
18299,0.1934791101030526,0,6,0,530129,75481,80463,27493,0.6991830004816777,0.2669897255617923
18300,0.1934805657115485,11,31,11,530160,75450,80474,27482,0.6988958464559636,0.26699180041192244
18301,0.1934849243161176,7,22,7,530182,75428,80481,27475,0.6986920597280374,0.266999018493144
18302,0.1934860109881903,1,3,1,530185,75425,80482,27474,0.6986642706287747,0.2669996792971749
18303,0.1934861762457692,15,51,15,530236,75374,80497,27459,0.6981918559413094,0.26702517674287435
18304,0.1934864081508319,0,2,0,530238,75372,80497,27459,0.6981733298751344,0.26703037021909737
18305,0.1934872794823017,9,40,9,530278,75332,80506,27450,0.6978028085516321,0.26707010955225624
18306,0.1934900780662394,0,1,0,530279,75331,80506,27450,0.6977935455185446,0.2670727079907765
18307,0.1934924532077111,1,1,1,530280,75330,80507,27449,0.697784282485457,0.26706817540548167
18308,0.1935141682210176,3,9,3,530289,75321,80510,27446,0.6977009151876691,0.267070168439285
18309,0.1935168900256992,4,4,4,530293,75317,80514,27442,0.6976638630553188,0.26705203437168523
18310,0.193517931497867,1,1,1,530294,75316,80515,27441,0.6976546000222312,0.26704750041359715
18311,0.1935184015942286,17,37,17,530331,75279,80532,27424,0.6973118677979918,0.26702238493520153
18312,0.1935211754432778,5,29,5,530360,75250,80537,27419,0.6970432398384527,0.26706211222472215
18313,0.1935296229321397,1,8,1,530368,75242,80538,27418,0.6969691355737523,0.26707578414182737
18314,0.1935324636208009,29,71,29,530439,75171,80567,27389,0.6963114602245359,0.2670534321372855
18315,0.1935345506819923,75,198,75,530637,74973,80642,27314,0.6944773796732002,0.26703295628965557
18316,0.1935409883121885,4,26,4,530663,74947,80646,27310,0.6942365408129237,0.2670721808775927
18317,0.1935500529448308,0,8,0,530671,74939,80646,27310,0.6941624365482234,0.2670930767049067
18318,0.1935534908101144,2,14,2,530685,74925,80648,27308,0.6940327540849975,0.2671153150156994
18319,0.1935615434418164,1,5,1,530690,74920,80649,27307,0.6939864389195598,0.26712121063906796
18320,0.1935617852637229,1,4,1,530694,74916,80650,27306,0.6939493867872096,0.26712449374889946
18321,0.1935643841304777,12,35,12,530729,74881,80662,27294,0.6936251806291452,0.26712992414974307
18322,0.1935653790969481,1,3,1,530732,74878,80663,27293,0.6935973915298825,0.26713059478717055
18323,0.1935702826646643,0,1,0,530733,74877,80663,27293,0.693588128496795,0.2671332093569541
18324,0.1935759940711326,2,4,2,530737,74873,80665,27291,0.6935510763644448,0.2671293214831056
18325,0.193576934386188,9,25,9,530762,74848,80674,27282,0.6933195005372559,0.26713012826789384
18326,0.1935769891550827,3,5,3,530767,74843,80677,27279,0.6932731853718181,0.2671216779929888
18327,0.193577018582892,8,11,8,530778,74832,80685,27271,0.6931712920078551,0.2670930335053818
18328,0.1935974243902131,3,7,3,530785,74825,80688,27268,0.6931064507762422,0.2670898102710274
18329,0.1935986493994945,36,120,36,530905,74705,80724,27232,0.6919948868057356,0.2671453937235744
18330,0.1936045861614462,0,1,0,530906,74704,80724,27232,0.6919856237726482,0.26714801444043323
18331,0.1936082148759029,1,6,1,530912,74698,80725,27231,0.6919300455741227,0.2671565501476518
18332,0.1936173389560709,2,20,2,530932,74678,80727,27229,0.6917447849123717,0.26719459899712483
18333,0.1936306226003095,3,7,3,530939,74671,80730,27226,0.6916799436807588,0.26719137953031
18334,0.1936324417161815,0,3,0,530942,74668,80730,27226,0.6916521545814962,0.26719924627554126
18335,0.193640431326767,31,110,31,531052,74558,80761,27195,0.6906332209418652,0.2672648472280916
18336,0.1936418433998076,6,11,6,531063,74547,80767,27189,0.6905313275779021,0.26725053078556266
18337,0.1936438490595097,10,23,10,531086,74524,80777,27179,0.6903182778168884,0.2672389211724335
18338,0.193656066365248,0,1,0,531087,74523,80777,27179,0.6903090147838008,0.2672415488387642
18339,0.1936728015031042,21,45,21,531132,74478,80798,27158,0.6898921782948608,0.26720846943996224
18340,0.193674753416218,6,6,6,531138,74472,80804,27152,0.6898366000963355,0.2671809808706605
18341,0.1936757695691865,5,16,5,531154,74456,80809,27147,0.6896883915669346,0.26718699251006367
18342,0.1936870103105139,36,67,36,531221,74389,80845,27111,0.6890677683500686,0.2671034482758621
18343,0.1936874610034591,16,71,16,531292,74318,80861,27095,0.6884100930008522,0.2671748197962786
18344,0.1936889030966861,4,3,4,531295,74315,80865,27091,0.6883823039015895,0.2671538173283632
18345,0.1936926960543799,13,60,13,531355,74255,80878,27078,0.6878265219163363,0.26721798426968507
18346,0.1936959969631927,0,2,0,531357,74253,80878,27078,0.6878079958501612,0.2672232584302928
18347,0.1936998836855334,2,2,2,531359,74251,80880,27076,0.687789469783986,0.2672140693003839
18348,0.1936999562741662,2,4,2,531363,74247,80882,27074,0.6877524176516359,0.2672101538674115
18349,0.1937013483015939,0,7,0,531370,74240,80882,27074,0.687687576420023,0.26722861598594466
18350,0.1937040024513248,4,7,4,531377,74233,80886,27070,0.6876227351884101,0.26721814753758527
18351,0.1937156024008275,9,18,9,531395,74215,80895,27061,0.6874560005928341,0.2672005213476046
18352,0.1937156189864599,0,1,0,531396,74214,80895,27061,0.6874467375597466,0.26720315971365094
18353,0.1937193815131359,7,31,7,531427,74183,80902,27054,0.6871595835340324,0.26723431156592947
18354,0.1937238707102934,1,1,1,531428,74182,80903,27053,0.6871503205009448,0.26722971304390775
18355,0.1937340867843375,9,2,9,531430,74180,80912,27044,0.6871317944347697,0.26716984114439263
18356,0.193740547543725,3,13,3,531443,74167,80915,27041,0.6870113750046315,0.2671824361710537
18357,0.1937420080390184,1,1,1,531444,74166,80916,27040,0.6870021119715439,0.26717783530620715
18358,0.1937592345946949,20,40,20,531484,74126,80936,27020,0.6866315906480418,0.26713859173867477
18359,0.1937594097070678,10,19,10,531503,74107,80946,27010,0.6864555930193783,0.2671163108082716
18360,0.1937844374526432,11,15,11,531518,74092,80957,26999,0.686316647523065,0.2670761986724832
18361,0.1937856199829678,3,13,3,531531,74079,80960,26996,0.6861962280929268,0.26708879544892405
18362,0.1938002885353949,2,2,2,531533,74077,80962,26994,0.6861777020267517,0.26707957772259106
18363,0.1938015561424999,21,32,21,531565,74045,80983,26973,0.6858812849679499,0.26701181967570137
18364,0.1938035324808056,3,15,3,531580,74030,80986,26970,0.6857423394716365,0.26702970297029704
18365,0.1938043169896584,0,6,0,531586,74024,80986,26970,0.6856867612731112,0.2670455670633899
18366,0.1938055117577213,5,28,5,531614,73996,80991,26965,0.6854273963466597,0.2670833292063272
18367,0.1938185679628144,22,71,22,531685,73925,81013,26943,0.6847697209974434,0.2671114724193996
18368,0.1938238195291991,0,6,0,531691,73919,81013,26943,0.6847141427989181,0.2671273621383673
18369,0.1938249844584049,2,5,2,531696,73914,81015,26941,0.6846678276334803,0.2671260720836845
18370,0.1938266352258412,6,14,6,531710,73900,81021,26935,0.6845381451702546,0.2671195517429464
18371,0.1938298723055144,1,0,1,531710,73900,81022,26934,0.6845381451702546,0.26711228355515004
18372,0.1938323137974397,0,11,0,531721,73889,81022,26934,0.6844362518062914,0.2671414260634974
18373,0.1938348869496747,3,3,3,531724,73886,81025,26931,0.6844084627070288,0.2671275677713084
18374,0.1938359901862072,3,2,3,531726,73884,81028,26928,0.6843899366408537,0.26711105820735626
18375,0.1938429702446026,0,4,0,531730,73880,81028,26928,0.6843528845085035,0.2671216570113483
18376,0.1938439004793443,0,2,0,531732,73878,81028,26928,0.6843343584423284,0.26712695672876613
18377,0.1938467411680055,6,27,6,531759,73851,81034,26922,0.6840842565489644,0.2671548926795868
18378,0.1938482749162222,0,17,0,531776,73834,81034,26922,0.683926784986476,0.26719996824010483
18379,0.1938512934016441,12,56,12,531832,73778,81046,26910,0.683408055133573,0.2672612426505641
18380,0.1938551471425585,9,25,9,531857,73753,81055,26901,0.683176479306384,0.2672621058278856
18381,0.1938577217568528,6,20,6,531877,73733,81061,26895,0.682991218644633,0.26727153476169657
18382,0.193864968886375,117,287,117,532164,73446,81178,26778,0.680332728148505,0.2671815134099617
18383,0.1938689245015964,96,226,96,532390,73220,81274,26682,0.6782392826707176,0.2670817401053032
18384,0.1938813233847848,4,7,4,532397,73213,81278,26678,0.6781744414391048,0.2670711075071828
18385,0.193889699016094,0,3,0,532400,73210,81278,26678,0.6781466523398422,0.26707912862405897
18386,0.1938916471655592,3,12,3,532412,73198,81281,26675,0.6780354959427916,0.267089203288176
18387,0.1938978790262058,0,1,0,532413,73197,81281,26675,0.678026232909704,0.26709187760333225
18388,0.193899345689798,0,3,0,532416,73194,81281,26675,0.6779984438104413,0.2670999008701399
18389,0.1939008265822308,17,73,17,532489,73121,81298,26658,0.6773222423950498,0.26717044668717865
18390,0.1939023698334412,4,13,4,532502,73108,81302,26654,0.6772018229649116,0.2671758785910467
18391,0.1939074367872747,13,24,13,532526,73084,81315,26641,0.6769795101708104,0.26714464778139885
18392,0.1939083007076761,18,53,18,532579,73031,81333,26623,0.67648856941717,0.2671543540650651
18393,0.1939143534839913,4,15,4,532594,73016,81337,26619,0.6763496239208566,0.2671651528077483
18394,0.1939153332290397,32,56,32,532650,72960,81369,26587,0.6758308940679536,0.2670798718193416
18395,0.1939155609274624,0,1,0,532651,72959,81369,26587,0.675821631034866,0.2670825547987865
18396,0.1939167949759166,59,100,59,532751,72859,81428,26528,0.6748953277261106,0.2669161962832161
18397,0.1939247047750382,0,10,0,532761,72849,81428,26528,0.6748026973952351,0.2669430552341085
18398,0.1939300925046982,2,1,2,532762,72848,81430,26526,0.6747934343621476,0.26693098798478476
18399,0.1939327560946992,3,14,3,532776,72834,81433,26523,0.6746637518989218,0.2669464657749328
18400,0.1939483987206943,1,0,1,532776,72834,81434,26522,0.6746637518989218,0.2669390877249487
18401,0.1939496914376337,7,20,7,532796,72814,81441,26515,0.6744784912371707,0.26694117528617023
18402,0.1939510324255277,0,2,0,532798,72812,81441,26515,0.6744599651709956,0.26694655028340736
18403,0.1939581266067143,7,16,7,532814,72796,81448,26508,0.6743117566415947,0.2669378876983807
18404,0.1939620130143749,0,3,0,532817,72793,81448,26508,0.6742839675423321,0.2669459522059194
18405,0.1939708495311497,49,166,49,532983,72627,81497,26459,0.6727463040497981,0.26703066023454375
18406,0.1939761283440361,49,161,49,533144,72466,81546,26410,0.6712549557227019,0.2671022290545734
18407,0.193983826868275,0,2,0,533146,72464,81546,26410,0.6712364296565267,0.2671076319355948
18408,0.193984764690446,0,1,0,533147,72463,81546,26410,0.6712271666234392,0.2671103334580725
18409,0.1939927088234936,2,7,2,533154,72456,81548,26408,0.6711623253918263,0.2671144198090306
18410,0.1939958087327283,0,4,0,533158,72452,81548,26408,0.6711252732594761,0.2671252275945782
18411,0.1940000421059393,4,33,4,533191,72419,81552,26404,0.6708195931675868,0.26718476468028696
18412,0.1940017385506637,8,16,8,533207,72403,81560,26396,0.6706713846381859,0.2671686960394336
18413,0.1940088952655871,3,22,3,533229,72381,81563,26393,0.6704675979102598,0.2672059448842813
18414,0.1940122120209396,8,39,8,533268,72342,81571,26385,0.6701063396198451,0.26725211948099303
18415,0.1940137288675065,0,4,0,533272,72338,81571,26385,0.670069287487495,0.2672629478439675
18416,0.194015534323681,0,1,0,533273,72337,81571,26385,0.6700600244544074,0.2672656550718178
18417,0.1940230005146995,2,1,2,533274,72336,81573,26383,0.6700507614213198,0.26725351755994287
18418,0.1940264151675754,1,3,1,533277,72333,81574,26382,0.6700229723220571,0.2672542166843945
18419,0.1940316934565415,0,6,0,533283,72327,81574,26382,0.6699673941235318,0.267270461660031
18420,0.1940328798991713,3,13,3,533296,72314,81577,26379,0.6698469746933936,0.2672833939590447
18421,0.1940341726161106,25,72,25,533368,72242,81602,26354,0.6691800363110897,0.26729279078258755
18422,0.1940357210144195,4,15,4,533383,72227,81606,26350,0.6690410908147764,0.2673037321078954
18423,0.194036320767443,2,5,2,533388,72222,81608,26348,0.6689947756493386,0.26730242467282134
18424,0.1940375549429709,0,4,0,533392,72218,81608,26348,0.6689577235169885,0.26731327232514257
18425,0.1940379386069773,5,35,5,533427,72183,81613,26343,0.668633517358924,0.26737104926618355
18426,0.1940391614561042,21,61,21,533488,72122,81634,26322,0.6680684723405832,0.26738043964081104
18427,0.1940498872335051,0,1,0,533489,72121,81634,26322,0.6680592093074956,0.2673831557347907
18428,0.1940538492440912,2,2,2,533491,72119,81636,26320,0.6680406832413205,0.2673737035118195
18429,0.194055823964889,24,75,24,533566,72044,81660,26296,0.667345955759754,0.26739882041895463
18430,0.1940569060710197,1,1,1,533567,72043,81661,26295,0.6673366927266664,0.26739408977201085
18431,0.1940581566634231,1,8,1,533575,72035,81662,26294,0.667262588461966,0.267408394268222
18432,0.1940585748978987,1,11,1,533586,72024,81663,26293,0.6671606950980029,0.26743086139731687
18433,0.1940596203941282,0,2,0,533588,72022,81663,26293,0.6671421690318278,0.2674363016833647
18434,0.1940617786195677,6,6,6,533594,72016,81669,26287,0.6670865908333025,0.267407912271243
18435,0.1940624178642365,0,1,0,533595,72015,81669,26287,0.6670773278002149,0.2674106325405383
18436,0.1940638788924516,0,5,0,533600,72010,81669,26287,0.6670310126347772,0.2674242347172345
18437,0.1940656618096472,2,7,2,533607,72003,81671,26285,0.6669661714031643,0.2674283737587498
18438,0.1940802899112053,34,63,34,533670,71940,81705,26251,0.6663826003186484,0.26734629446690633
18439,0.1940870523116127,3,13,3,533683,71927,81708,26248,0.6662621808885101,0.26735930735930735
18440,0.1940879305760176,5,12,5,533695,71915,81713,26243,0.6661510244914595,0.26735467307809857
18441,0.1940898279114504,7,40,7,533735,71875,81720,26236,0.6657805031679573,0.2674114013719155
18442,0.1940898553876136,0,3,0,533738,71872,81720,26236,0.6657527140686946,0.2674195784237779
18443,0.1940945612498428,13,37,13,533775,71835,81733,26223,0.6654099818444551,0.26742336168390135
18444,0.194097609854418,0,3,0,533778,71832,81733,26223,0.6653821927451925,0.26743154352149306
18445,0.1941060298081859,0,2,0,533780,71830,81733,26223,0.6653636666790174,0.26743699835803086
18446,0.1941063057154762,7,29,7,533809,71801,81740,26216,0.6650950387194783,0.26746380729873387
18447,0.1941066240904716,7,10,7,533819,71791,81747,26209,0.6650024083886028,0.26743877551020406
18448,0.1941072518188554,7,16,7,533835,71775,81754,26202,0.6648541998592019,0.2674301111485349
18449,0.1941088704968471,15,19,15,533854,71756,81769,26187,0.6646782022305384,0.26736979671849953
18450,0.1941091156781141,2,9,2,533863,71747,81771,26185,0.6645948349327504,0.2673794061185312
18451,0.1941149503430942,0,2,0,533865,71745,81771,26185,0.6645763088665753,0.2673848667415501
18452,0.1941198510856944,6,16,6,533881,71729,81777,26179,0.6644281003371744,0.26738366629897453
18453,0.1941214479686484,7,23,7,533904,71706,81784,26172,0.6642150505761607,0.2673941028627475
18454,0.1941272916363266,31,51,31,533955,71655,81815,26141,0.6637426358886954,0.2673013211174281
18455,0.1941297173985664,7,37,7,533992,71618,81822,26134,0.6633999036644559,0.2673500286439152
18456,0.1941331089547877,27,83,27,534075,71535,81849,26107,0.6626310719181889,0.2673746953155404
18457,0.194133339354711,16,58,16,534133,71477,81865,26091,0.6620938159991108,0.26741349622827154
18458,0.194135929962104,15,50,15,534183,71427,81880,26076,0.661630664344733,0.2674379249869235
18459,0.1941373204356129,2,14,2,534197,71413,81882,26074,0.6615009818815073,0.2674613025326454
18460,0.1941413872494967,3,20,3,534217,71393,81885,26071,0.6613157212197562,0.2674936386768448
18461,0.1941426027617655,1,7,1,534224,71386,81886,26070,0.6612508799881434,0.26750533574125757
18462,0.1941434527136263,5,14,5,534238,71372,81891,26065,0.6611211975249176,0.2675061834826606
18463,0.194144234431189,4,8,4,534246,71364,81895,26061,0.6610470932602172,0.2674980754426482
18464,0.1941485218156329,1,0,1,534246,71364,81896,26060,0.6610470932602172,0.2674905567416653
18465,0.194150546894813,6,34,6,534280,71330,81902,26054,0.6607321501352403,0.2675388154111558
18466,0.1941512837246322,3,15,3,534295,71315,81905,26051,0.660593204638927,0.2675574635909866
18467,0.1941659835916023,4,4,4,534299,71311,81909,26047,0.6605561525065767,0.2675383635653978
18468,0.1941715334900896,9,65,9,534364,71246,81918,26038,0.6599540553558857,0.2676493565231693
18469,0.1941733723950005,1,2,1,534366,71244,81919,26037,0.6599355292897107,0.2676473309279304
18470,0.1941743365660906,12,42,12,534408,71202,81931,26025,0.6595464819000334,0.26767256009133267
18471,0.1941767317056214,0,3,0,534411,71199,81931,26025,0.6595186928007707,0.2676808195507282
18472,0.1941776004978842,0,1,0,534412,71198,81931,26025,0.6595094297676831,0.26768357281713173
18473,0.1941860895555262,1,1,1,534413,71197,81932,26024,0.6595001667345955,0.26767879367626335
18474,0.1941917329973323,66,199,66,534612,70998,81998,25958,0.6576568231501723,0.26772969181896944
18475,0.1941941588387624,20,66,20,534678,70932,82018,25938,0.6570454629663938,0.2677609166924744
18476,0.1941993427059791,121,351,121,535029,70581,82139,25817,0.6537941383526622,0.26781675968381086
18477,0.1941994315215711,2,5,2,535034,70576,82141,25815,0.6537478231872245,0.26781545994958034
18478,0.1942065826479597,1,3,1,535037,70573,82142,25814,0.6537200340879618,0.2678161992799859
18479,0.1942086260937993,18,37,18,535074,70536,82160,25796,0.6533773018637222,0.2677822530415646
18480,0.1942174584654476,5,2,5,535076,70534,82165,25791,0.6533587757975472,0.26774980534648324
18481,0.194220255935556,3,10,3,535086,70524,82168,25788,0.6532661454666716,0.26775479691004234
18482,0.1942221757809539,0,3,0,535089,70521,82168,25788,0.6532383563674089,0.26776313740148894
18483,0.1942228444597754,55,151,55,535240,70370,82223,25733,0.6518396383711883,0.2677647940230794
18484,0.1942246673685964,2,1,2,535241,70369,82225,25731,0.6518303753381007,0.26775234131113423
18485,0.1942401444494964,6,2,6,535243,70367,82231,25725,0.6518118492719256,0.26771219248220457
18486,0.1942416873707035,3,8,3,535251,70359,82234,25722,0.6517377450072251,0.26771161832204077
18487,0.1942420786499067,4,5,4,535256,70354,82238,25718,0.6516914298417874,0.2676950620368057
18488,0.194244125194169,211,533,211,535789,69821,82449,25507,0.646754233206121,0.2675709130580732
18489,0.1942446126928344,7,26,7,535815,69795,82456,25500,0.6465133943458446,0.26759011490634343
18490,0.1942465897301114,0,1,0,535816,69794,82456,25500,0.6465041313127571,0.2675929229542259
18491,0.1942468940192876,3,4,3,535820,69790,82459,25497,0.6464670791804068,0.26758109710663575
18492,0.1942487058743217,3,8,3,535828,69782,82462,25494,0.6463929749157064,0.267580502959822
18493,0.1942489556422303,13,49,13,535877,69733,82475,25481,0.6459390862944162,0.26761820740647385
18494,0.1942503480798247,4,13,4,535890,69720,82479,25477,0.645818666864278,0.26762397974726093
18495,0.1942506797006289,0,1,0,535891,69719,82479,25477,0.6458094038311905,0.2676267910416404
18496,0.1942541414905355,0,1,0,535892,69718,82479,25477,0.6458001407981029,0.26762960239508377
18497,0.1942548381523352,3,3,3,535895,69715,82482,25474,0.6457723516988403,0.26761495550956516
18498,0.194258022667818,13,30,13,535925,69685,82495,25461,0.6454944607062136,0.2675992684926324
18499,0.1942638678795053,9,14,9,535939,69671,82504,25452,0.6453647782429879,0.26756935756862166
18500,0.1942699953918348,4,28,4,535967,69643,82508,25448,0.6451054133165364,0.26761733497386714
18501,0.1942725107243159,1,1,1,535968,69642,82509,25447,0.6450961502834488,0.2676124472862266
18502,0.1942758581963481,0,4,0,535972,69638,82509,25447,0.6450590981510986,0.26762370510595784
18503,0.1942808567547749,5,13,5,535985,69625,82514,25442,0.6449386787209604,0.26762178253231933
18504,0.1942841781878491,0,2,0,535987,69623,82514,25442,0.6449201526547853,0.26762741282280544
18505,0.1942847578337093,0,2,0,535989,69621,82514,25442,0.6449016265886102,0.26763304335019933
18506,0.194292317818271,2,14,2,536003,69607,82516,25440,0.6447719441253844,0.26765705387860744
18507,0.1942937365160972,4,28,4,536031,69579,82520,25436,0.6445125791989329,0.26770509919486396
18508,0.1942962281037397,16,39,16,536070,69540,82536,25420,0.6441513209085182,0.2676916596461668
18509,0.1942984500962846,8,8,8,536078,69532,82544,25412,0.6440772166438179,0.2676525109538254
18510,0.194298488822817,18,62,18,536140,69470,82562,25394,0.6435029085923895,0.267688480350818
18511,0.1943012907849458,31,59,31,536199,69411,82593,25363,0.6429563896402238,0.26761559077384095
18512,0.1943026569649089,8,24,8,536223,69387,82601,25355,0.6427340768461225,0.26762154060501153
18513,0.1943051001145785,19,51,19,536274,69336,82620,25336,0.6422616621586572,0.26761872570559403
18514,0.1943054600409098,2,1,2,536275,69335,82622,25334,0.6422523991255696,0.26760608013182774
18515,0.1943063598869524,0,12,0,536287,69323,82622,25334,0.642141242728519,0.2676400054935187
18516,0.19431363938505,13,33,13,536320,69290,82635,25321,0.6418355626366298,0.2676327276955111
18517,0.194321908814968,26,107,26,536427,69183,82661,25295,0.6408444180962615,0.26773428734731897
18518,0.1943226552081466,3,8,3,536435,69175,82664,25292,0.640770313831561,0.267733705950226
18519,0.1943257022256788,3,7,3,536442,69168,82667,25289,0.6407054725999481,0.26773028997321535
18520,0.1943283697776587,0,4,0,536446,69164,82667,25289,0.6406684204675979,0.2677416281113358
18521,0.1943288577048065,1,1,1,536447,69163,82668,25288,0.6406591574345104,0.2677367100401266
18522,0.1943290938713113,68,197,68,536644,68966,82736,25220,0.6388343399162622,0.26776803346569555
18523,0.194329915427933,0,2,0,536646,68964,82736,25220,0.6388158138500871,0.26777371952773293
18524,0.1943343515554698,1,6,1,536652,68958,82737,25219,0.6387602356515617,0.26778300434288627
18525,0.1943351608791059,1,10,1,536662,68948,82738,25218,0.6386676053206862,0.267803665866661
18526,0.1943475680154783,0,10,0,536672,68938,82738,25218,0.6385749749898106,0.26783210841582056
18527,0.1943524174899182,28,116,28,536788,68822,82766,25190,0.6375004631516544,0.267944517721142
18528,0.1943569919027928,8,22,8,536810,68800,82774,25182,0.6372966764237282,0.2679449256240557
18529,0.1943576059694927,1,6,1,536816,68794,82775,25181,0.6372410982252028,0.2679542431497739
18530,0.1943640459381043,3,1,3,536817,68793,82778,25178,0.6372318351921153,0.2679337242340722
18531,0.1943703618598393,3,27,3,536844,68766,82781,25175,0.6369817332987513,0.2679873537645969
18532,0.19437225580741,5,17,5,536861,68749,82786,25170,0.6368242617362629,0.2679968909379359
18533,0.1943733111759838,1,0,1,536861,68749,82787,25169,0.6368242617362629,0.26798909687173916
18534,0.1943859599878704,0,1,0,536862,68748,82787,25169,0.6368149987031754,0.2679919503391292
18535,0.1943871381433858,36,101,36,536963,68647,82823,25133,0.6358794323613324,0.267999573469823
18536,0.1943899412193868,8,26,8,536989,68621,82831,25125,0.635638593501056,0.2680114351545666
18537,0.1943932051511804,0,5,0,536994,68616,82831,25125,0.6355922783356183,0.2680257304701251
18538,0.1943942970968343,14,11,14,537005,68605,82845,25111,0.6354903849716551,0.26794784241751674
18539,0.1943951944272303,4,14,4,537019,68591,82849,25107,0.6353607025084294,0.2679566266088924
18540,0.1943969303715576,9,18,9,537037,68573,82858,25098,0.6351939679128534,0.26793778223783243
18541,0.1943994497644545,3,6,3,537043,68567,82861,25095,0.635138389714328,0.2679314983664667
18542,0.1943997340262715,1,0,1,537043,68567,82862,25094,0.635138389714328,0.26792368221565005
18543,0.1944022081232223,1,4,1,537047,68563,82863,25093,0.6351013375819778,0.2679273084479371
18544,0.1944038341258551,2,2,2,537049,68561,82865,25091,0.6350828115158027,0.2679173963182847
18545,0.1944047320906071,4,11,4,537060,68550,82869,25087,0.6349809181518397,0.2679175966765274
18546,0.1944098742615259,14,33,14,537093,68517,82883,25073,0.6346752380599503,0.26790255369163374
18547,0.1944109807593533,21,63,21,537156,68454,82904,25052,0.6340916669754344,0.2679186362372468
18548,0.1944126762236546,13,27,13,537183,68427,82917,25039,0.6338415650820705,0.2678942075193118
18549,0.1944131965642672,0,1,0,537184,68426,82917,25039,0.6338323020489829,0.2678970737709303
18550,0.1944143966064099,2,14,2,537198,68412,82919,25037,0.6337026195857571,0.26792154009138675
18551,0.1944160857921475,1,1,1,537199,68411,82920,25036,0.6336933565526696,0.2679165730307019
18552,0.1944258032963982,4,3,4,537202,68408,82924,25032,0.633665567453407,0.26789383561643837
18553,0.1944367239198589,7,23,7,537225,68385,82931,25025,0.6334525176923932,0.2679049352317739
18554,0.1944367903400015,1,4,1,537229,68381,82932,25024,0.633415465560043,0.2679085702050211
18555,0.1944398739441878,4,14,4,537243,68367,82936,25020,0.6332857830968173,0.26791737608018246
18556,0.1944419225949826,71,200,71,537443,68167,83007,24949,0.6314331764793064,0.2679346191846729
18557,0.1944485271165812,7,12,7,537455,68155,83014,24942,0.6313220200822557,0.26791411108843466
18558,0.1944534862054752,33,92,33,537547,68063,83047,24909,0.6304698210382007,0.26791937357483975
18559,0.194456288167604,15,59,15,537606,68004,83062,24894,0.6299233020860351,0.2679713233869405
18560,0.1944562935374475,3,9,3,537615,67995,83065,24891,0.6298399347882471,0.26797364511336474
18561,0.1944575207230136,2,9,2,537624,67986,83067,24889,0.629756567490459,0.2679838492597577
18562,0.1944577098407093,50,92,50,537716,67894,83117,24839,0.6289043684464041,0.26785502464063493
18563,0.1944602173461306,6,35,6,537751,67859,83123,24833,0.6285801622883397,0.26790877314115563
18564,0.1944662843539251,1,0,1,537751,67859,83124,24832,0.6285801622883397,0.267900874950103
18565,0.1944693428855624,1,0,1,537751,67859,83125,24831,0.6285801622883397,0.26789297658862876
18566,0.1944712947614147,0,10,0,537761,67849,83125,24831,0.6284875319574642,0.267921881743634
18567,0.194474678319401,15,50,15,537811,67799,83140,24816,0.6280243803030865,0.26794795659450416
18568,0.1944753364769849,4,15,4,537826,67784,83144,24812,0.6278854348067732,0.2679597390816018
18569,0.1944794985360226,8,37,8,537863,67747,83152,24804,0.6275427025825336,0.26800358721137535
18570,0.1944818196586932,2,4,2,537867,67743,83154,24802,0.6275056504501834,0.2679993516667567
18571,0.1944825403443777,1,0,1,537867,67743,83155,24801,0.6275056504501834,0.2679914419087137
18572,0.1944836412461189,3,6,3,537873,67737,83158,24798,0.627450072251658,0.2679850867239423
18573,0.1944921896267893,0,6,0,537879,67731,83158,24798,0.6273944940531327,0.26800246409233863
18574,0.1944962791601122,0,4,0,537883,67727,83158,24798,0.6273574419207826,0.2680140502566874
18575,0.1945038471537127,54,164,54,538047,67563,83212,24744,0.6258383044944237,0.2680620104650785
18576,0.1945064993807444,1,1,1,538048,67562,83213,24743,0.6258290414613361,0.2680569849953957
18577,0.1945079466109389,24,91,24,538139,67471,83237,24719,0.6249861054503687,0.2681310337346784
18578,0.1945108352031633,1,7,1,538146,67464,83238,24718,0.6249212642187558,0.2681434553383524
18579,0.1945110849710719,21,53,21,538199,67411,83259,24697,0.6244303234651154,0.26813088982498806
18580,0.1945128146513043,7,14,7,538213,67397,83266,24690,0.6243006410018896,0.26811602071953694
18581,0.1945165576427992,2,8,2,538221,67389,83268,24688,0.6242265367371892,0.26812341844325943
18582,0.1945181252891324,4,7,4,538228,67382,83272,24684,0.6241616955055763,0.268112006603958
18583,0.194521606319326,1,4,1,538232,67378,83273,24683,0.6241246433732262,0.2681157058906595
18584,0.1945222136127833,0,3,0,538235,67375,83273,24683,0.6240968542739634,0.26812444328575463
18585,0.1945272531900682,0,3,0,538238,67372,83273,24683,0.6240690651747008,0.26813318125033947
18586,0.194529959139654,2,7,2,538245,67365,83275,24681,0.624004223943088,0.2681376702952871
18587,0.1945300938787295,5,15,5,538260,67350,83280,24676,0.6238652784467746,0.2681416121530872
18588,0.1945370008523424,0,1,0,538261,67349,83280,24676,0.6238560154136871,0.2681445259440369
18589,0.194537139115815,0,2,0,538263,67347,83280,24676,0.6238374893475119,0.26815035371591883
18590,0.1945446985246075,84,219,84,538482,67128,83364,24592,0.6218088851013376,0.26812036633231573
18591,0.1945459530882527,21,57,21,538539,67071,83385,24571,0.621280892215347,0.2681194212260754
18592,0.194550765532402,3,8,3,538547,67063,83388,24568,0.6212067879506465,0.2681188680686667
18593,0.1945544471471127,1,10,1,538557,67053,83389,24567,0.6211141576197711,0.2681401440733464
18594,0.1945573367977049,3,8,3,538565,67045,83392,24564,0.6210400533550706,0.26813959327140346
18595,0.1945606181516586,23,113,23,538678,66932,83415,24541,0.619993330616177,0.26828681687492484
18596,0.1945678398952554,12,33,12,538711,66899,83427,24529,0.6196876505242876,0.26828761429758935
18597,0.1945710346355867,0,3,0,538714,66896,83427,24529,0.619659861425025,0.26829641782882147
18598,0.1945760611903076,3,13,3,538727,66883,83430,24526,0.6195394419948868,0.2683105602292991
18599,0.1945765831355064,1,1,1,538728,66882,83431,24525,0.6195301789617993,0.26830549082674193
18600,0.1945856263566583,5,34,5,538762,66848,83436,24520,0.6192152358368224,0.26836529200595394
18601,0.1945867219156938,5,6,5,538768,66842,83441,24515,0.6191596576382971,0.2683428746565671
18602,0.1945919254426731,0,12,0,538780,66830,83441,24515,0.6190485012412464,0.26837812688160273
18603,0.1945928358980745,8,31,8,538811,66799,83449,24507,0.6187613472155322,0.2684051431450288
18604,0.1945931660250358,2,5,2,538816,66794,83451,24505,0.6187150320500945,0.2684038160330343
18605,0.1945946284113209,7,21,7,538837,66773,83458,24498,0.6185205083552558,0.2684094619320485
18606,0.1945966611997698,10,29,10,538866,66744,83468,24488,0.6182518803957168,0.26841459137144863
18607,0.1946004135962175,11,28,11,538894,66716,83479,24477,0.6179925154692653,0.2684087594442556
18608,0.1946060874978029,25,49,25,538943,66667,83504,24452,0.6175386268479751,0.26835237436758524
18609,0.1946133372700429,1,10,1,538953,66657,83505,24451,0.6174459965170995,0.26837379812969225
18610,0.1946137860220417,1,1,1,538954,66656,83506,24450,0.617436733484012,0.2683687133668474
18611,0.1946158977025817,4,9,4,538963,66647,83510,24446,0.617353366186224,0.2683631014457752
18612,0.1946217528586188,6,7,6,538970,66640,83516,24440,0.6172885249546112,0.2683355292050944
18613,0.1946271809568818,2,3,2,538973,66637,83518,24438,0.6172607358553485,0.268328300850947
18614,0.194627943081508,0,4,0,538977,66633,83518,24438,0.6172236837229983,0.26834008630628853
18615,0.1946303338596432,3,17,3,538994,66616,83521,24435,0.6170662121605098,0.26836608054826416
18616,0.1946307035475413,3,2,3,538996,66614,83524,24432,0.6170476860943347,0.2683478681106254
18617,0.1946394739341826,8,22,8,539018,66592,83532,24424,0.6168438993664085,0.2683484222554276
18618,0.1946396047724,10,34,10,539052,66558,83542,24414,0.6165289562414317,0.2683682891439124
18619,0.1946414793174383,3,6,3,539058,66552,83545,24411,0.6164733780429064,0.2683618614161802
18620,0.1946445947341039,5,10,5,539068,66542,83550,24406,0.6163807477120308,0.26835114570963625
18621,0.1946625775185603,0,1,0,539069,66541,83550,24406,0.6163714846789433,0.26835409634182544
18622,0.1946634861778163,2,9,2,539078,66532,83552,24404,0.6162881173811553,0.26836456408902964
18623,0.194663592015181,1,4,1,539082,66528,83553,24403,0.616251065248805,0.2683683232341006
18624,0.1946636631075163,12,39,12,539121,66489,83565,24391,0.6158898069583905,0.2683868838028169
18625,0.1946643374520638,4,4,4,539125,66485,83569,24387,0.6158527548260403,0.26836649352936
18626,0.1946715550254574,6,9,6,539134,66476,83575,24381,0.6157693875282523,0.2683447615483672
18627,0.1946720035903674,15,35,15,539169,66441,83590,24366,0.6154451813701879,0.26832733159337935
18628,0.1946753258931088,0,1,0,539170,66440,83590,24366,0.6154359183371003,0.26833028654494195
18629,0.1946755490184452,2,1,2,539171,66439,83592,24364,0.6154266553040127,0.26831712608614255
18630,0.1946793104464567,37,109,37,539280,66330,83629,24327,0.6144169846974693,0.26834110989774645
18631,0.1946800298699968,5,2,5,539282,66328,83634,24322,0.6143984586312943,0.26830667402095976
18632,0.1946850912613877,1,5,1,539287,66323,83635,24321,0.6143521434658564,0.26831340187988173
18633,0.1946875993748877,4,12,4,539299,66311,83639,24317,0.6142409870688058,0.2683166350355299
18634,0.1946877641905507,0,1,0,539300,66310,83639,24317,0.6142317240357182,0.2683195957054741
18635,0.1946927873908296,0,2,0,539302,66308,83639,24317,0.6142131979695431,0.2683255172413793
18636,0.1946949771871345,3,4,3,539306,66304,83642,24314,0.6141761458371929,0.26831313867002143
18637,0.1946989196688431,1,1,1,539307,66303,83643,24313,0.6141668828041054,0.2683080250728348
18638,0.1947022642826846,7,17,7,539324,66286,83650,24306,0.614009411241617,0.26830183680678205
18639,0.1947043162933955,0,8,0,539332,66278,83650,24306,0.6139353069769166,0.26832553210279964
18640,0.1947076774391511,63,218,63,539550,66060,83713,24243,0.6119159657638297,0.2684628417660543
18641,0.194708007477979,64,162,64,539712,65898,83777,24179,0.6104153544036459,0.2684259022836018
18642,0.1947111820334208,5,4,5,539716,65894,83782,24174,0.6103783022712957,0.2683972109961362
18643,0.1947156155343168,30,64,30,539780,65830,83812,24144,0.6097854681536923,0.26834418832107054
18644,0.1947170114653794,1,0,1,539780,65830,83813,24143,0.6097854681536923,0.26833605637246727
18645,0.1947202086526057,1,6,1,539786,65824,83814,24142,0.609729889955167,0.2683458195318231
18646,0.1947260320182449,1,0,1,539786,65824,83815,24141,0.609729889955167,0.2683376868782304
18647,0.1947270047590561,1,13,1,539799,65811,83816,24140,0.6096094705250287,0.2683683338706629
18648,0.1947288393502172,0,1,0,539800,65810,83816,24140,0.6096002074919412,0.26837131739855474
18649,0.1947341382537036,4,16,4,539816,65794,83820,24136,0.6094519989625403,0.2683865228511064
18650,0.1947352238426596,79,287,79,540103,65507,83899,24057,0.6067935084664122,0.2686012237059533
18651,0.1947368076482426,14,41,14,540144,65466,83913,24043,0.6064137241098225,0.26860986046095925
18652,0.1947456410754631,2,8,2,540152,65458,83915,24041,0.6063396198451221,0.2686175264528095
18653,0.1947465039965302,0,1,0,540153,65457,83915,24041,0.6063303568120345,0.2686205278330242
18654,0.194754952320881,33,117,33,540270,65340,83948,24008,0.6052465819407907,0.2687021533778036
18655,0.1947568557013944,9,11,9,540281,65329,83957,23999,0.6051446885768276,0.2686615618842916
18656,0.1947619448318171,2,11,2,540292,65318,83959,23997,0.6050427952128645,0.2686782735262834
18657,0.1947645110484738,9,33,9,540325,65285,83968,23988,0.6047371151209752,0.26870386343015246
18658,0.1947710912678936,0,8,0,540333,65277,83968,23988,0.6046630108562748,0.2687279448832129
18659,0.1947713464032635,2,6,2,540339,65271,83970,23986,0.6046074326577494,0.26872962344690055
18660,0.1947756758680743,0,5,0,540344,65266,83970,23986,0.6045611174923117,0.2687446779904092
18661,0.1947793132398406,14,20,14,540364,65246,83984,23972,0.6043758568305606,0.2686901746284382
18662,0.1947867113318176,1,1,1,540365,65245,83985,23971,0.604366593797473,0.26868498923959827
18663,0.194791769387749,27,45,27,540410,65200,84012,23944,0.6039497573085331,0.26859912052409585
18664,0.194798780429932,7,54,7,540464,65146,84019,23937,0.6034495535218052,0.2687044666210164
18665,0.1948014926438564,5,10,5,540474,65136,84024,23932,0.6033569231909296,0.26869358243140073
18666,0.1948033135883442,2,13,2,540487,65123,84026,23930,0.6032365037607914,0.2687163823790327
18667,0.1948042957198574,2,1,2,540488,65122,84028,23928,0.6032272407277038,0.2687029758562605
18668,0.1948057939711344,1,0,1,540488,65122,84029,23927,0.6032272407277038,0.2686947635571427
18669,0.1948075596516509,0,1,0,540489,65121,84029,23927,0.6032179776946163,0.26869778097206
18670,0.1948099167404053,2,16,2,540505,65105,84031,23925,0.6030697691652155,0.2687296416938111
18671,0.1948153325327767,7,25,7,540530,65080,84038,23918,0.6028381933380266,0.2687476123058945
18672,0.1948234655369844,7,17,7,540547,65063,84045,23911,0.6026807217755382,0.26874143008069773
18673,0.1948272816915396,0,2,0,540549,65061,84045,23911,0.6026621957093631,0.2687474711145079
18674,0.1948318127146791,1,1,1,540550,65060,84046,23910,0.6026529326762755,0.268742272676183
18675,0.1948331639644283,0,3,0,540553,65057,84046,23910,0.6026251435770129,0.26875133476457563
18676,0.1948344283250379,0,3,0,540556,65054,84046,23910,0.6025973544777502,0.2687603974641428
18677,0.1948485434935151,1,12,1,540568,65042,84047,23909,0.6024861980806996,0.2687884340816854
18678,0.1948539557780337,5,8,5,540576,65034,84052,23904,0.6024120938159991,0.26877150374418135
18679,0.1948566573148444,5,15,5,540591,65019,84057,23899,0.6022731483196858,0.26877572594975147
18680,0.1948567577401625,9,12,9,540603,65007,84066,23890,0.6021619919226352,0.26873797765953855
18681,0.1948601714855434,1,0,1,540603,65007,84067,23889,0.6021619919226352,0.2687297516198704
18682,0.1948626614440708,3,1,3,540604,65006,84070,23886,0.6021527288895476,0.26870809521666744
18683,0.1948729987175711,4,14,4,540618,64992,84074,23882,0.6020230464263219,0.26871751018295564
18684,0.1948745718466012,4,6,4,540624,64986,84078,23878,0.6019674682277966,0.2687027367662946
18685,0.1948827412427235,10,41,10,540665,64945,84088,23868,0.6015876838712068,0.26874444056613334
18686,0.1948835835517697,0,4,0,540669,64941,84088,23868,0.6015506317388566,0.26875654494476914
18687,0.1948886971965699,0,2,0,540671,64939,84088,23868,0.6015321056726814,0.2687625975429865
18688,0.1948893102857234,0,13,0,540684,64926,84088,23868,0.6014116862425433,0.2688019460774377
18689,0.1948906944354147,3,8,3,540692,64918,84091,23865,0.6013375819778428,0.268801459738914
18690,0.194895634523293,1,8,1,540700,64910,84092,23864,0.6012634777131424,0.26881744654966544
18691,0.1948978410689129,6,12,6,540712,64898,84098,23858,0.6011523213160918,0.2688043625219703
18692,0.1949033734498224,14,18,14,540730,64880,84112,23844,0.6009855867205157,0.26874351922816825
18693,0.1949168102105157,5,12,5,540742,64868,84117,23839,0.6008744303234651,0.26873865647581363
18694,0.1949169750261788,2,7,2,540749,64861,84119,23837,0.6008095890918522,0.26874337640082074
18695,0.194918546154843,8,5,8,540754,64856,84127,23829,0.6007632739264145,0.2686925635676834
18696,0.1949224622512378,2,14,2,540768,64842,84129,23827,0.6006335914631887,0.26871849237050155
18697,0.1949235842294185,1,14,1,540782,64828,84130,23826,0.600503908999963,0.2687526789541363
18698,0.1949277227626267,0,1,0,540783,64827,84130,23826,0.6004946459668754,0.26875571046665087
18699,0.194928929339213,3,6,3,540789,64821,84133,23823,0.6004390677683501,0.26874915391904697
18700,0.194930260168628,5,17,5,540806,64804,84138,23818,0.6002815962058616,0.26875945024937375
18701,0.1949335139393938,9,18,9,540824,64786,84147,23809,0.6001148616102857,0.26873977086743045
18702,0.194938529598546,10,16,10,540840,64770,84157,23799,0.5999666530808848,0.26870575483521325
18703,0.1949445494031371,1,0,1,540840,64770,84158,23798,0.5999666530808848,0.2686974979676633
18704,0.1949445721453011,0,4,0,540844,64766,84158,23798,0.5999296009485345,0.2687096337112145
18705,0.1949453719036753,1,3,1,540847,64763,84159,23797,0.5999018118492719,0.2687104787714544
18706,0.1949543019778667,123,367,123,541214,64396,84282,23674,0.5965022787061396,0.268808902009765
18707,0.1949549167196712,1,1,1,541215,64395,84283,23673,0.596493015673052,0.2688036517236681
18708,0.1949590530250781,3,17,3,541232,64378,84286,23670,0.5963355441105636,0.26883063783390876
18709,0.1949663588455822,4,26,4,541258,64352,84290,23666,0.5960947052502872,0.26887682065032154
18710,0.1949774179793472,1,5,1,541263,64347,84291,23665,0.5960483900848493,0.2688837885742853
18711,0.1949801157017699,12,59,12,541322,64288,84303,23653,0.5955018711326837,0.268964419326594
18712,0.1949843841562799,5,12,5,541334,64276,84308,23648,0.595390714735633,0.2689595559801647
18713,0.1949878748092919,0,1,0,541335,64275,84308,23648,0.5953814517025455,0.2689626150154112
18714,0.1949881613470865,0,2,0,541337,64273,84308,23648,0.5953629256363704,0.26896873329466225
18715,0.1950014637981773,3,3,3,541340,64270,84311,23645,0.5953351365371077,0.2689529659330035
18716,0.1950238611619021,0,1,0,541341,64269,84311,23645,0.5953258735040201,0.26895602520645173
18717,0.1950279912655601,33,111,33,541452,64158,84344,23612,0.5942976768313016,0.2690213056853139
18718,0.1950279961002293,0,6,0,541458,64152,84344,23612,0.5942420986327763,0.26903969737022015
18719,0.1950295623942242,14,48,14,541506,64104,84358,23598,0.5937974730445738,0.26907026065540124
18720,0.1950332205967352,1,4,1,541510,64100,84359,23597,0.5937604209122235,0.2690741986612997
18721,0.1950338476899466,4,8,4,541518,64092,84363,23593,0.593686316647523,0.2690654045731881
18722,0.1950364748944563,0,2,0,541520,64090,84363,23593,0.593667790581348,0.2690715418039985
18723,0.1950367848357274,2,0,2,541520,64090,84365,23591,0.593667790581348,0.2690548693559608
18724,0.1950405448244211,0,3,0,541523,64087,84365,23591,0.5936400014820853,0.26906407536668264
18725,0.1950438369511183,1,1,1,541524,64086,84366,23590,0.5936307384489977,0.2690588074273461
18726,0.1950508908498863,0,3,0,541527,64083,84366,23590,0.5936029493497351,0.2690680140978408
18727,0.1950563881430566,14,33,14,541560,64050,84380,23576,0.5932972692578458,0.2690525643073973
18728,0.1950591602798044,2,7,2,541567,64043,84382,23574,0.5932324280262329,0.26905737471038726
18729,0.1950627330198653,8,18,8,541585,64025,84390,23566,0.593065693430657,0.26904590654290966
18730,0.1950720245980159,3,3,3,541588,64022,84393,23563,0.5930379043313942,0.2690300850602272
18731,0.1950726744837062,4,11,4,541599,64011,84397,23559,0.5929360109674312,0.26903048989379924
18732,0.1950745802450989,1,5,1,541604,64006,84398,23558,0.5928896958019934,0.26903750399707643
18733,0.195077459633896,1,3,1,541607,64003,84399,23557,0.5928619067027308,0.2690383736866149
18734,0.1950803003225572,2,25,2,541632,63978,84401,23555,0.5926303308755418,0.26909851141855073
18735,0.1950855608339462,1,0,1,541632,63978,84402,23554,0.5926303308755418,0.2690901613124343
18736,0.195085594865826,6,10,6,541642,63968,84408,23548,0.5925377005446664,0.2690707984825632
18737,0.1950859449766542,8,25,8,541667,63943,84416,23540,0.5923061247174775,0.26908084999371307
18738,0.1950872739057771,4,9,4,541676,63934,84420,23536,0.5922227574196895,0.2690751114667886
18739,0.1950910675375533,4,3,4,541679,63931,84424,23532,0.5921949683204268,0.2690509129574792
18740,0.1950937813076166,5,17,5,541696,63914,84429,23527,0.5920374967579384,0.2690614242746538
18741,0.1951001975796025,1,6,1,541702,63908,84430,23526,0.5919819185594131,0.2690715282384427
18742,0.1951026726660469,1,1,1,541703,63907,84431,23525,0.5919726555263255,0.2690662457681398
18743,0.1951160851068753,4,6,4,541709,63901,84435,23521,0.5919170773278002,0.26905126855940154
18744,0.1951182769830552,5,5,5,541714,63896,84440,23516,0.5918707621623625,0.26902484784697756
18745,0.1951224515850296,5,30,5,541744,63866,84445,23511,0.5915928711697358,0.26907538597113656
18746,0.1951307210149476,37,61,37,541805,63805,84482,23474,0.591027826151395,0.26895358562769967
18747,0.1951351280464127,6,37,6,541842,63768,84488,23468,0.5906850939271555,0.26901737814663673
18748,0.1951457128806114,1,7,1,541849,63761,84489,23467,0.5906202526955426,0.26903058650891915
18749,0.1951472141983422,25,83,25,541932,63678,84514,23442,0.5898514209492757,0.2690771349862259
18750,0.1951474911338376,1,0,1,541932,63678,84515,23441,0.5898514209492757,0.2690687450498743
18751,0.1951616703817076,0,2,0,541934,63676,84515,23441,0.5898328948831005,0.26907492223102264
18752,0.1951716673232512,0,11,0,541945,63665,84515,23441,0.5897310015191374,0.26910890179780955
18753,0.1951739430113917,2,5,2,541950,63660,84517,23439,0.5896846863536996,0.26910756725105917
18754,0.1951742334011901,0,1,0,541951,63659,84517,23439,0.5896754233206121,0.26911065696112424
18755,0.1951752697384436,1,2,1,541953,63657,84518,23438,0.589656897254437,0.26910844480165336
18756,0.1951822669533633,2,8,2,541961,63649,84520,23436,0.5895827929897366,0.26911638054774073
18757,0.1951845915800794,6,14,6,541975,63635,84526,23430,0.5894531105265108,0.26910928616550855
18758,0.1951859656838077,3,2,3,541977,63633,84529,23427,0.5894345844603357,0.2690902825637491
18759,0.1951910586680546,2,11,2,541988,63622,84531,23425,0.5893326910963727,0.2691074936528542
18760,0.1951916857612661,2,11,2,541999,63611,84533,23423,0.5892307977324095,0.2691247098834938
18761,0.1951990018324146,0,4,0,542003,63607,84533,23423,0.5891937456000593,0.269137079168103
18762,0.1952016750224377,4,10,4,542013,63597,84537,23419,0.5891011152691837,0.2691344120621495
18763,0.1952024529762621,2,1,2,542014,63596,84539,23417,0.5890918522360962,0.26912070610138716
18764,0.1952051667463254,4,6,4,542020,63590,84543,23413,0.5890362740375709,0.26910566302311417
18765,0.1952057469903016,4,6,4,542026,63584,84547,23409,0.5889806958390456,0.26909061648638394
18766,0.1952292932224364,53,107,53,542133,63477,84600,23356,0.5879895512986772,0.26897608052238203
18767,0.1952295776277571,3,4,3,542137,63473,84603,23353,0.587952499166327,0.2689632137838896
18768,0.1952305125550256,6,39,6,542176,63434,84609,23347,0.5875912408759124,0.26903354420898584
18769,0.1952307928483255,0,1,0,542177,63433,84609,23347,0.5875819778428248,0.26903664438810787
18770,0.1952325880354898,1,8,1,542185,63425,84610,23346,0.5875078735781244,0.2690530246280439
18771,0.1952352977052155,2,2,2,542187,63423,84612,23344,0.5874893475119494,0.2690423778625514
18772,0.1952460649202115,2,3,2,542190,63420,84614,23342,0.5874615584126867,0.2690348309167608
18773,0.1952461515601845,7,27,7,542217,63393,84621,23335,0.5872114565193227,0.2690595885988378
18774,0.1952465134851216,6,12,6,542229,63381,84627,23329,0.587100300122272,0.2690462461077154
18775,0.1952483099190936,11,25,11,542254,63356,84638,23318,0.5868687242950832,0.26903108198537046
18776,0.1952487786902748,3,11,3,542265,63345,84641,23315,0.58676683093112,0.26903992614816524
18777,0.1952500479686089,1,6,1,542271,63339,84642,23314,0.5867112527325947,0.269050119441912
18778,0.1952597509169205,31,122,31,542393,63217,84673,23283,0.5855811626959132,0.2691676300578035
18779,0.1952783376731615,10,19,10,542412,63198,84683,23273,0.5854051650672496,0.26914225578517653
18780,0.1952791479397992,0,1,0,542413,63197,84683,23273,0.585395902034162,0.269145368335839
18781,0.1952801069613944,1,5,1,542418,63192,84684,23272,0.5853495868687243,0.2691524796447076
18782,0.1952815157170868,3,16,3,542434,63176,84687,23269,0.5852013783393234,0.2691769333101972
18783,0.1952834830108916,9,31,9,542465,63145,84696,23260,0.5849142243136093,0.2691973844106244
18784,0.1952886747217188,0,1,0,542466,63144,84696,23260,0.5849049612805217,0.2692004999768529
18785,0.1952897850916724,0,2,0,542468,63142,84696,23260,0.5848864352143466,0.26920673132566375
18786,0.1952901254290709,1,7,1,542475,63135,84697,23259,0.5848215939827337,0.2692200847281061
18787,0.1952959770187882,4,10,4,542485,63125,84701,23255,0.5847289636518581,0.26921741143783284
18788,0.1952967770499649,2,7,2,542492,63118,84703,23253,0.5846641224202452,0.26922230841370365
18789,0.1952998340019464,0,2,0,542494,63116,84703,23253,0.5846455963540702,0.26922854264840396
18790,0.1953041487706331,7,25,7,542519,63091,84710,23246,0.5844140205268813,0.26924725204721034
18791,0.1953059662799599,1,3,1,542522,63088,84711,23245,0.5843862314276187,0.2692481438152271
18792,0.1953099890237636,1,7,1,542529,63081,84712,23244,0.5843213901960058,0.26926151172893137
18793,0.195319686713438,1,5,1,542534,63076,84713,23243,0.584275075030568,0.2692686430565692
18794,0.1953203962132174,6,11,6,542545,63065,84719,23237,0.5841731816666049,0.26925216101596716
18795,0.1953286715345343,2,6,2,542551,63059,84721,23235,0.5841176034680796,0.2692539458131504
18796,0.1953395889627376,1,6,1,542557,63053,84722,23234,0.5840620252695543,0.26926419970563353
18797,0.1953424296513988,6,25,6,542582,63028,84728,23228,0.5838304494423654,0.26929141161194586
18798,0.1953425606836742,1,13,1,542595,63015,84729,23227,0.5837100300122272,0.2693235314579903
18799,0.1953477489516581,6,15,6,542610,63000,84735,23221,0.5835710845159139,0.2693195393233667
18800,0.1953528995328917,3,2,3,542612,62998,84738,23218,0.5835525584497387,0.2693003618817853
18801,0.1953559106364581,7,14,7,542626,62984,84745,23211,0.583422875986513,0.26928476129705897
18802,0.1953563032211192,1,4,1,542630,62980,84746,23210,0.5833858238541628,0.2692887806009978
18803,0.1953613458268157,2,10,2,542640,62970,84748,23208,0.5832931935232872,0.26930307038919443
18804,0.1953628188516384,37,137,37,542777,62833,84785,23171,0.5820241579902924,0.2694177015022557
18805,0.1953637154576221,1,0,1,542777,62833,84786,23170,0.5820241579902924,0.26940920665558177
18806,0.1953702303059177,0,3,0,542780,62830,84786,23170,0.5819963688910297,0.2694186046511628
18807,0.1953767019694657,1,6,1,542786,62824,84787,23169,0.5819407906925044,0.26942890700405847
18808,0.1953772750350038,1,3,1,542789,62821,84788,23168,0.5819130015932417,0.2694298107897522
18809,0.1953782730981298,1,2,1,542791,62819,84789,23167,0.5818944755270666,0.2694275812341544
18810,0.195388630919645,0,1,0,542792,62818,84789,23167,0.5818852124939791,0.26943071465953367
18811,0.1953912474485812,16,40,16,542832,62778,84805,23151,0.5815146911704768,0.2694201026428796
18812,0.1953944702022406,3,16,3,542848,62762,84808,23148,0.581366482641076,0.26944476778023513
18813,0.1954060734494229,32,84,32,542932,62678,84840,23116,0.5805883878617214,0.2694360911019419
18814,0.1954103953656641,0,8,0,542940,62670,84840,23116,0.5805142835970211,0.26946121744806845
18815,0.1954213516435978,2,4,2,542944,62666,84842,23114,0.5804772314646708,0.26945674982513407
18816,0.1954241446010614,1,7,1,542951,62659,84843,23113,0.5804123902330579,0.26947022338292215
18817,0.1954284656727878,0,1,0,542952,62658,84843,23113,0.5804031271999703,0.26947336512341
18818,0.1954337966520928,4,6,4,542958,62652,84847,23109,0.580347549001445,0.2694581453108056
18819,0.1954385908094642,0,1,0,542959,62651,84847,23109,0.5803382859683575,0.26946128731343283
18820,0.1954407843995961,11,18,11,542977,62633,84858,23098,0.5801715513727815,0.2694241289615192
18821,0.1954526321333127,1,1,1,542978,62632,84859,23097,0.580162288339694,0.26941874978128755
18822,0.1954538150901076,2,9,2,542987,62623,84861,23095,0.580078921041906,0.26942999136704077
18823,0.1954539396313675,4,6,4,542993,62617,84865,23091,0.5800233428433806,0.26941475708218604
18824,0.1954617562134807,23,29,23,543022,62588,84888,23068,0.5797547148838416,0.2693097973288503
18825,0.1954638043512794,3,6,3,543028,62582,84891,23065,0.5796991366853163,0.269303069576284
18826,0.1954669876869607,1,0,1,543028,62582,84892,23064,0.5796991366853163,0.2692945379819256
18827,0.195467296075167,1,6,1,543034,62576,84893,23063,0.5796435584867909,0.26930487277992504
18828,0.195472298377796,3,15,3,543049,62561,84896,23060,0.5795046129904776,0.26932645028672875
18829,0.1954779292064545,0,1,0,543050,62560,84896,23060,0.57949534995739,0.269329595888811
18830,0.1954804889247548,0,1,0,543051,62559,84896,23060,0.5794860869243025,0.26933274156437237
18831,0.195481246545299,8,32,8,543083,62527,84904,23052,0.5791896698655008,0.2693651479919139
18832,0.195497427034057,2,7,2,543090,62520,84906,23050,0.5791248286338879,0.2693701063456819
18833,0.1955086257795383,17,70,17,543160,62450,84923,23033,0.578476416317759,0.2694453868020542
18834,0.1955107376042111,4,16,4,543176,62434,84927,23029,0.5783282077883583,0.26946163836982084
18835,0.1955109080191164,3,7,3,543183,62427,84930,23026,0.5782633665567454,0.26945806466712696
18836,0.1955118781298396,2,7,2,543190,62420,84932,23024,0.5781985253251325,0.26946304011984457
18837,0.1955130078571186,2,2,2,543192,62418,84934,23022,0.5781799992589574,0.26945224719101124
18838,0.1955166566580786,0,2,0,543194,62416,84934,23022,0.5781614731927822,0.2694585547414499
18839,0.1955214628785276,1,0,1,543194,62416,84935,23021,0.5781614731927822,0.2694500040965858
18840,0.1955255003665108,55,161,55,543355,62255,84990,22966,0.576670124865686,0.26948756761831005
18841,0.1955274051339807,0,1,0,543356,62254,84990,22966,0.5766608618325985,0.26949072987561606
18842,0.1955371133117896,11,22,11,543378,62232,85001,22955,0.5764570751046723,0.269465998333079
18843,0.1955387648486451,1,12,1,543390,62220,85002,22954,0.5763459187076216,0.26949538591588984
18844,0.1955390217167142,0,2,0,543392,62218,85002,22954,0.5763273926414465,0.2695017141783685
18845,0.195544373531576,1,5,1,543397,62213,85003,22953,0.5762810774760088,0.26950895897423854
18846,0.1955479214644519,3,1,3,543398,62212,85006,22950,0.5762718144429212,0.2694863906437143
18847,0.1955482852878679,2,2,2,543400,62210,85008,22948,0.576253288376746,0.26947556307099746
18848,0.1955496070488455,19,37,19,543437,62173,85027,22929,0.5759105561525065,0.2694296256257197
18849,0.195551664551855,1,1,1,543438,62172,85028,22928,0.5759012931194191,0.26942420681551116
18850,0.1955520169894478,9,36,9,543474,62136,85037,22919,0.5755678239282671,0.26946093704073837
18851,0.1955619633307879,1,4,1,543478,62132,85038,22918,0.5755307717959168,0.2694650205761317
18852,0.1955649701032317,10,24,10,543502,62108,85048,22908,0.5753084590018156,0.26945516138138703
18853,0.195578003926342,4,9,4,543511,62099,85052,22904,0.5752250917040276,0.26944931355363927
18854,0.1955795620184344,5,5,5,543516,62094,85057,22899,0.5751787765385898,0.2694221877095761
18855,0.1955834388649829,20,74,20,543590,62020,85077,22879,0.5744933120901108,0.2694849173724072
18856,0.1955848756224027,1,6,1,543596,62014,85078,22878,0.5744377338915855,0.26949535880883946
18857,0.1955889989492117,2,1,2,543597,62013,85080,22876,0.5744284708584979,0.26948132266842584
18858,0.1955979932932542,1,1,1,543598,62012,85081,22875,0.5744192078254103,0.26947589147926065
18859,0.1956060433050566,0,1,0,543599,62011,85081,22875,0.5744099447923228,0.2694790660415145
18860,0.1956103255837884,16,52,16,543651,61959,85097,22859,0.57392826707177,0.2695064726826853
18861,0.1956150288617332,2,3,2,543654,61956,85099,22857,0.5739004779725073,0.26949877966821123
18862,0.19561507729573,10,18,10,543672,61938,85109,22847,0.5737337433769314,0.26946983546617914
18863,0.1956182345944265,1,1,1,543673,61937,85110,22846,0.5737244803438438,0.2694643973438071
18864,0.195618449790847,1,10,1,543683,61927,85111,22845,0.5736318500129682,0.26948756664936535
18865,0.1956235028951911,1,10,1,543693,61917,85112,22844,0.5735392196820926,0.26951074196859404
18866,0.1956247866889267,8,7,8,543700,61910,85120,22836,0.5734743784504798,0.2694640455006726
18867,0.1956288547100529,18,45,18,543745,61865,85138,22818,0.5730575419615399,0.2694519561187015
18868,0.1956357672777739,0,2,0,543747,61863,85138,22818,0.5730390158953648,0.2694583200481808
18869,0.19564653449277,0,3,0,543750,61860,85138,22818,0.5730112267961022,0.26946786650605825
18870,0.1956492482628333,3,1,3,543751,61859,85141,22815,0.5730019637630146,0.26944516616671
18871,0.1956524116930867,15,44,15,543795,61815,85156,22800,0.5725943903071622,0.26945577025350115
18872,0.1956593015272492,14,36,14,543831,61779,85170,22786,0.5722609211160102,0.2694495358599894
18873,0.1956634024281567,2,13,2,543844,61766,85172,22784,0.572140501685872,0.2694736842105263
18874,0.1956682367866089,0,2,0,543846,61764,85172,22784,0.5721219756196969,0.26948005866490043
18875,0.1956682912023707,0,2,0,543848,61762,85172,22784,0.5721034495535218,0.26948643342085965
18876,0.195669106917123,0,2,0,543850,61760,85172,22784,0.5720849234873467,0.26949280847842544
18877,0.195674494729398,8,12,8,543862,61748,85180,22776,0.571973767090296,0.2694619279731201
18878,0.1956873875020123,5,10,5,543872,61738,85185,22771,0.5718811367594205,0.2694505910613071
18879,0.1956897953295698,3,10,3,543882,61728,85188,22768,0.571788506428545,0.26945654232153
18880,0.1956905950016294,0,5,0,543887,61723,85188,22768,0.5717421912631072,0.2694724881940088
18881,0.1956926921736321,1,4,1,543891,61719,85189,22767,0.5717051391307569,0.26947659967331866
18882,0.1957014859622244,7,17,7,543908,61702,85196,22760,0.5715476675682686,0.26947029433354647
18883,0.1957029188471101,0,5,0,543913,61697,85196,22760,0.5715013524028307,0.26948624743952543
18884,0.1957057595357713,6,9,6,543922,61688,85202,22754,0.5714179851050428,0.26946306340446696
18885,0.1957070143721061,12,31,12,543953,61657,85214,22742,0.5711308310793286,0.2694581689356509
18886,0.1957084313191879,0,4,0,543957,61653,85214,22742,0.5710937789469784,0.2694709402215771
18887,0.1957103707344384,0,3,0,543960,61650,85214,22742,0.5710659898477157,0.2694805194805195
18888,0.1957108108013452,0,1,0,543961,61649,85214,22742,0.5710567268146282,0.26948371271818083
18889,0.1957309562650467,7,10,7,543971,61639,85221,22735,0.5709640964837527,0.2694550453931306
18890,0.1957361721276355,3,7,3,543978,61632,85224,22732,0.5708992552521398,0.2694514247783415
18891,0.1957368294523832,1,1,1,543979,61631,85225,22731,0.5708899922190522,0.26944595908110286
18892,0.1957369082781685,0,1,0,543980,61630,85225,22731,0.5708807291859647,0.26944915304465333
18893,0.1957403906498556,0,1,0,543981,61629,85225,22731,0.5708714661528771,0.269452347083926
18894,0.1957485652987613,4,12,4,543993,61617,85229,22727,0.5707603097558265,0.26945603718106803
18895,0.1957527179650858,6,24,6,544017,61593,85235,22721,0.5705379969617251,0.26948075052778897
18896,0.1957599781848722,7,10,7,544027,61583,85242,22714,0.5704453666308497,0.26945205641956416
18897,0.1957648383723874,1,16,1,544043,61567,85243,22713,0.5702971581014488,0.26949454200284767
18898,0.1957728669330527,4,19,4,544062,61548,85247,22709,0.5701211604727852,0.2695206333004973
18899,0.1957762878621664,22,40,22,544102,61508,85269,22687,0.569750639149283,0.26945780628303345
18900,0.195777173352109,8,33,8,544135,61475,85277,22679,0.5694449590573938,0.2694940228628467
18901,0.1957796766410795,1,0,1,544135,61475,85278,22678,0.5694449590573938,0.26948534217437287
18902,0.1957797840715849,8,14,8,544149,61461,85286,22670,0.569315276594168,0.26946072196930976
18903,0.1957851057188797,0,2,0,544151,61459,85286,22670,0.5692967505279929,0.2694671278631625
18904,0.1957879378300247,1,1,1,544152,61458,85287,22669,0.5692874874949053,0.26946164727138733
18905,0.1957916295354743,3,0,3,544152,61458,85290,22666,0.5692874874949053,0.2694355950739385
18906,0.19580251700019,35,113,35,544265,61345,85325,22631,0.5682407647560117,0.2694936648566257
18907,0.1958171449744802,0,2,0,544267,61343,85325,22631,0.5682222386898366,0.26950008335913495
18908,0.1958185109768316,1,3,1,544270,61340,85326,22630,0.568194449590574,0.2695010122662856
18909,0.1958194475585692,2,14,2,544284,61326,85328,22628,0.5680647671273482,0.26952855134954856
18910,0.1958213869738197,5,6,5,544290,61320,85333,22623,0.5680091889288229,0.26950430649369217
18911,0.1958232885850289,1,1,1,544291,61319,85334,22622,0.5679999258957353,0.26949881464361874
18912,0.1958278938228617,0,3,0,544294,61316,85334,22622,0.5679721367964726,0.26950844671066737
18913,0.1958399363208055,0,7,0,544301,61309,85334,22622,0.5679072955648597,0.2695309242115547
18914,0.1958428131618466,37,116,37,544417,61193,85371,22585,0.5668327837267034,0.2695815130463845
18915,0.1958444593633491,27,65,27,544482,61128,85398,22558,0.5662306865760125,0.26955524221494637
18916,0.1958518810829103,0,1,0,544483,61127,85398,22558,0.5662214235429249,0.26955846328493754
18917,0.1958607569184296,0,4,0,544487,61123,85398,22558,0.5661843714105746,0.26957134833474744
18918,0.1958686488726647,0,4,0,544491,61119,85398,22558,0.5661473192782245,0.2695842346164418
18919,0.1958703880382022,1,1,1,544492,61118,85399,22557,0.5661380562451369,0.26957872721840453
18920,0.1958744468416751,2,12,2,544504,61106,85401,22555,0.5660268998480863,0.2695999330631955
18921,0.1958761107139513,4,2,4,544506,61104,85405,22551,0.5660083737819112,0.2695714541868388
18922,0.1958805791196886,2,7,2,544513,61097,85407,22549,0.5659435325502983,0.2695765487889439
18923,0.1958869160177683,6,19,6,544532,61078,85413,22543,0.5657675349216348,0.26958539122947583
18924,0.1958886116414115,1,5,1,544537,61073,85414,22542,0.5657212197561969,0.2695927764157149
18925,0.1958946675237026,1,3,1,544540,61070,85415,22541,0.5656934306569343,0.269593713745799
18926,0.1958978966066155,1,3,1,544543,61067,85416,22540,0.5656656415576716,0.26959465116557224
18927,0.1958982287211751,1,6,1,544549,61061,85417,22539,0.5656100633591463,0.26960526315789474
18928,0.195898317752751,2,5,2,544554,61056,85419,22537,0.5655637481937086,0.2696039142033424
18929,0.1959029921553085,4,10,4,544564,61046,85423,22533,0.565471117862833,0.26960121561636297
18930,0.1959088734647769,6,10,6,544574,61036,85429,22527,0.5653784875319575,0.26958103466845373
18931,0.1959113775916748,1,2,1,544576,61034,85430,22526,0.5653599614657824,0.269578745811393
18932,0.1959152938267854,0,8,0,544584,61026,85430,22526,0.5652858572010819,0.2696045576407507
18933,0.1959170906155206,12,21,12,544605,61005,85442,22514,0.5650913335062433,0.2695674038242795
18934,0.1959229049866392,0,1,0,544606,61004,85442,22514,0.5650820704731557,0.2695706314806389
18935,0.1959304205312122,2,3,2,544609,61001,85444,22512,0.565054281373893,0.26956282255457237
18936,0.1959331274333321,0,4,0,544613,60997,85444,22512,0.5650172292415429,0.269575734351986
18937,0.1959342726450235,1,1,1,544614,60996,85445,22511,0.5650079662084553,0.26957021567054257
18938,0.195937642154816,0,4,0,544618,60992,85445,22511,0.5649709140761051,0.2695831287498653
18939,0.1959450870764277,21,81,21,544699,60911,85466,22490,0.5642206083960132,0.2696610352393856
18940,0.1959457759013441,0,10,0,544709,60901,85466,22490,0.5641279780651377,0.26969337218644696
18941,0.1959548692166792,20,43,20,544752,60858,85486,22470,0.5637296676423729,0.2696572580645161
18942,0.195957029788789,14,30,14,544782,60828,85500,22456,0.5634517766497462,0.26963162192017676
18943,0.1959580684429491,1,10,1,544792,60818,85501,22455,0.5633591463188706,0.26965523038680006
18944,0.1959601723765548,7,18,7,544810,60800,85508,22448,0.5631924117232947,0.26965212377474534
18945,0.1959664128602598,16,21,16,544831,60779,85524,22432,0.5629978880284561,0.26957974306281623
18946,0.1959750723510953,6,15,6,544846,60764,85530,22426,0.5628589425321427,0.2695756701526626
18947,0.195980583344177,4,16,4,544862,60748,85534,22422,0.5627107340027419,0.2695924011061681
18948,0.1959806346404425,1,4,1,544866,60744,85535,22421,0.5626736818703917,0.2695965851019059
18949,0.1959932829032158,0,2,0,544868,60742,85535,22421,0.5626551558042165,0.26960306867236633
18950,0.1959964683525472,1,1,1,544869,60741,85536,22420,0.562645892771129,0.26959752768725725
18951,0.1959965401772071,5,15,5,544884,60726,85541,22415,0.5625069472748156,0.2696022419744771
18952,0.1959983014564771,3,7,3,544891,60719,85544,22412,0.5624421060432028,0.2695985853652669
18953,0.1960007835197098,1,14,1,544905,60705,85545,22411,0.562312423579977,0.2696352086240916
18954,0.1960073861651161,1,16,1,544921,60689,85546,22410,0.5621642150505761,0.269678335479368
18955,0.1960080122311547,5,1,5,544922,60688,85551,22405,0.5621549520174886,0.26963763493916454
18956,0.1960085104982754,0,9,0,544931,60679,85551,22405,0.5620715847197006,0.26966684319483897
18957,0.1960096141598839,2,3,2,544934,60676,85553,22403,0.5620437956204379,0.2696589992657591
18958,0.1960187538235004,12,15,12,544949,60661,85565,22391,0.5619048501241246,0.2696021769493811
18959,0.1960295682549047,254,822,254,545771,59839,85819,22137,0.5542906369261551,0.27004245144920463
18960,0.1960338588400233,1,5,1,545776,59834,85820,22136,0.5542443217607174,0.2700500182993778
18961,0.1960384171910081,10,49,10,545825,59785,85830,22126,0.5537904331394272,0.27012244997619367
18962,0.1960384850949703,35,134,35,545959,59651,85865,22091,0.5525491867056949,0.2702527464461354
18963,0.1960394626158693,2,3,2,545962,59648,85867,22089,0.5525213976064323,0.2702448095721644
18964,0.1960419134004265,3,5,3,545967,59643,85870,22086,0.5524750824409945,0.2702345556656756
18965,0.1960439348808527,0,1,0,545968,59642,85870,22086,0.552465819407907,0.2702378621769773
18966,0.1960486583941972,8,35,8,546003,59607,85878,22078,0.5521416132498426,0.27028218155108036
18967,0.1960500671588662,0,2,0,546005,59605,85878,22078,0.5521230871836674,0.27028879938298056
18968,0.1960521953755857,10,38,10,546043,59567,85888,22068,0.5517710919263403,0.2703252281496907
18969,0.1960532261038333,0,2,0,546045,59565,85888,22068,0.5517525658601653,0.27033185108963287
18970,0.1960590814383439,0,1,0,546046,59564,85888,22068,0.5517433028270777,0.2703351626813015
18971,0.1960641962635849,17,71,17,546117,59493,85905,22051,0.5510856274778614,0.27041842440890806
18972,0.196064843638359,3,10,3,546127,59483,85908,22048,0.5509929971469858,0.27042474641547387
18973,0.1960691550801562,14,43,14,546170,59440,85922,22034,0.550594686724221,0.27044210422957016
18974,0.1960702284180999,7,31,7,546201,59409,85929,22027,0.5503075326985069,0.27048234196178594
18975,0.1960717359319623,1,13,1,546214,59396,85930,22026,0.5501871132683686,0.27051656800373364
18976,0.196078983503144,4,4,4,546218,59392,85934,22022,0.5501500611360184,0.2704940182278232
18977,0.1960808030578131,3,4,3,546222,59388,85937,22019,0.5501130090036681,0.27048042551623325
18978,0.1960825912870795,0,1,0,546223,59387,85937,22019,0.5501037459705806,0.2704837481266737
18979,0.1960831393851889,4,3,4,546226,59384,85941,22015,0.5500759568713179,0.2704578680327768
18980,0.1960841891120928,6,26,6,546252,59358,85947,22009,0.5498351180110416,0.27049049368908773
18981,0.1960854179138705,1,4,1,546256,59354,85948,22008,0.5497980658786913,0.27049482559425775
18982,0.1960875070593629,21,46,21,546302,59308,85969,21987,0.5493719663566639,0.27045943784980625
18983,0.1960938803228959,1,1,1,546303,59307,85970,21986,0.5493627033235763,0.27045379060927754
18984,0.1960965410167907,6,12,6,546315,59295,85976,21980,0.5492515469265257,0.27043986465702863
18985,0.1961033884196686,2,2,2,546317,59293,85978,21978,0.5492330208603505,0.2704285661552091
18986,0.1961049424906882,55,100,55,546417,59193,86033,21923,0.5483067175515951,0.2702672715617141
18987,0.1961074839446646,3,15,3,546432,59178,86036,21920,0.5481677720552818,0.2702902660978076
18988,0.1961074845919285,10,39,10,546471,59139,86046,21910,0.5478065137648672,0.27033029401966713
18989,0.1961183400185002,12,33,12,546504,59106,86058,21898,0.5475008336729779,0.27033232926769046
18990,0.1961251451292693,1,11,1,546515,59095,86059,21897,0.5473989403090148,0.27036003555906757
18991,0.1961261157942532,0,2,0,546517,59093,86059,21897,0.5473804142428397,0.27036671193974565
18992,0.1961284989134175,0,1,0,546518,59092,86059,21897,0.5473711512097521,0.27037005025373817
18993,0.1961292406542652,8,26,8,546544,59066,86067,21889,0.5471303123494757,0.27038478166882834
18994,0.1961365761705167,5,8,5,546552,59058,86072,21884,0.5470562080847753,0.270366435225223
18995,0.1961494230305293,1,8,1,546560,59050,86073,21883,0.5469821038200748,0.2703841449099873
18996,0.1961498772983196,0,1,0,546561,59049,86073,21883,0.5469728407869873,0.2703874857905402
18997,0.1961523637929564,13,45,13,546606,59004,86086,21870,0.5465560042980474,0.270420654351213
18998,0.1961547001203322,2,27,2,546633,58977,86088,21868,0.5463059024046834,0.27049291854783847
18999,0.1961609800981332,0,3,0,546636,58974,86088,21868,0.5462781133054208,0.2705029563840578
19000,0.1961626044720698,15,37,15,546673,58937,86103,21853,0.5459353810811812,0.27049139745017947
19001,0.1961670724655564,0,2,0,546675,58935,86103,21853,0.5459168550150061,0.2704980937763034
19002,0.196167747066068,1,1,1,546676,58934,86104,21852,0.5459075919819185,0.2704924120515931
19003,0.1961720128644459,0,2,0,546678,58932,86104,21852,0.5458890659157435,0.27049910873440286
19004,0.1961802536441434,1,4,1,546682,58928,86105,21851,0.5458520137833932,0.27050347243714334
19005,0.1961846485862126,1,2,1,546684,58926,86106,21850,0.5458334877172182,0.270501138952164
19006,0.1961854909954669,7,23,7,546707,58903,86113,21843,0.5456204379562044,0.27051494810888466
19007,0.196191419221245,8,14,8,546721,58889,86121,21835,0.5454907554929787,0.2704895693969575
19008,0.1961961991807594,0,4,0,546725,58885,86121,21835,0.5454537033606284,0.2705029732408325
19009,0.1961997127756496,1,3,1,546728,58882,86122,21834,0.5454259142613658,0.27050398929580255
19010,0.1961999313761707,0,4,0,546732,58878,86122,21834,0.5453888621290155,0.27051739518287243
19011,0.1962000596485608,8,11,8,546743,58867,86130,21826,0.5452869687650524,0.2704819501071964
19012,0.1962019000414547,0,1,0,546744,58866,86130,21826,0.5452777057319649,0.2704853021365191
19013,0.1962025512362033,4,10,4,546754,58856,86134,21822,0.5451850754010893,0.2704826594610675
19014,0.1962079052301857,4,5,4,546759,58851,86138,21818,0.5451387602356516,0.2704632510629858
19015,0.1962105969727301,4,15,4,546774,58836,86142,21814,0.5449998147393382,0.27047737135771854
19016,0.1962213992022826,2,1,2,546775,58835,86144,21812,0.5449905517062507,0.2704626334519573
19017,0.1962250739034567,1,0,1,546775,58835,86145,21811,0.5449905517062507,0.27045358728269225
19018,0.1962255885362535,2,3,2,546778,58832,86147,21809,0.5449627626069881,0.2704455549906375
19019,0.1962260172159448,158,401,158,547179,58431,86305,21651,0.5412482863388788,0.2703603806098749
19020,0.1962300471024733,0,2,0,547181,58429,86305,21651,0.5412297602727036,0.2703671328671329
19021,0.1962325289337629,7,42,7,547223,58387,86312,21644,0.5408407128830264,0.2704452024840374
19022,0.1962337505612968,2,14,2,547237,58373,86314,21642,0.5407110304198006,0.27047428607136165
19023,0.1962343584767966,10,17,10,547254,58356,86324,21632,0.5405535588573123,0.27044056608491274
19024,0.1962354256083209,3,12,3,547266,58344,86327,21629,0.5404424024602615,0.27045377815012567
19025,0.1962365305679781,1,0,1,547266,58344,86328,21628,0.5404424024602615,0.2704446556294703
19026,0.1962393078012113,51,131,51,547397,58213,86379,21577,0.539228945125792,0.27042235869156533
19027,0.196240626092974,7,8,7,547405,58205,86386,21570,0.5391548408610916,0.27038545910372924
19028,0.1962517183942154,10,11,10,547416,58194,86396,21560,0.5390529474971285,0.27033126865110213
19029,0.1962545531092359,50,218,50,547634,57976,86446,21510,0.5370336062840416,0.27061369297737964
19030,0.1962548875907384,8,14,8,547648,57962,86454,21502,0.5369039238208159,0.27058793919259033
19031,0.1962552971677147,1,0,1,547648,57962,86455,21501,0.5369039238208159,0.2705787599260033
19032,0.1962555875385344,1,6,1,547654,57956,86456,21500,0.5368483456222906,0.27059001208215866
19033,0.1962587202575433,0,2,0,547656,57954,86456,21500,0.5368298195561154,0.27059682331915325
19034,0.1962588138638197,3,10,3,547666,57944,86459,21497,0.5367371892252399,0.2706033408441485
19035,0.196261226490988,0,1,0,547667,57943,86459,21497,0.5367279261921524,0.2706067472306143
19036,0.1962633441200458,8,29,8,547696,57914,86467,21489,0.5364592982326133,0.2706320919864489
19037,0.1962688859083684,17,68,17,547764,57846,86484,21472,0.5358294119826597,0.2707077838573842
19038,0.1962691297646895,1,4,1,547768,57842,86485,21471,0.5357923598503094,0.2707122413727888
19039,0.1962712735107929,13,45,13,547813,57797,86498,21458,0.5353755233613694,0.2707463251529872
19040,0.1962759003997219,30,63,30,547876,57734,86528,21428,0.5347919522768535,0.27068542987797173
19041,0.1962801425119275,0,5,0,547881,57729,86528,21428,0.5347456371114158,0.27070252788761573
19042,0.1962829832005887,1,10,1,547891,57719,86529,21427,0.5346530067805402,0.27072751623581737
19043,0.1962839217735662,4,8,4,547899,57711,86533,21423,0.5345789025158398,0.2707180225945864
19044,0.1962842380369234,9,38,9,547937,57673,86542,21414,0.5342269072585127,0.27076510678113974
19045,0.1962884866473318,0,7,0,547944,57666,86542,21414,0.5341620660268999,0.2707890743550835
19046,0.1962890012801285,33,112,33,548056,57554,86575,21381,0.5331246063210938,0.27086843605498195
19047,0.1962958576050723,0,1,0,548057,57553,86575,21381,0.5331153432880062,0.2708718676362531
19048,0.196299793765389,14,30,14,548087,57523,86589,21367,0.5328374522953796,0.2708454810495627
19049,0.1963000947170105,0,1,0,548088,57522,86589,21367,0.532828189262292,0.2708489142973038
19050,0.1963049575023248,29,78,29,548166,57444,86618,21338,0.5321056726814628,0.27084867101622195
19051,0.1963060642096943,1,1,1,548167,57443,86619,21337,0.5320964096483752,0.27084285351612086
19052,0.1963072154201407,18,80,18,548247,57363,86637,21319,0.531355367001371,0.2709514247222999
19053,0.196312916280836,1,6,1,548253,57357,86638,21318,0.5312997888028456,0.2709628217349857
19054,0.1963162536051593,3,1,3,548254,57356,86641,21315,0.5312905257697581,0.2709384652540326
19055,0.1963173466557791,2,3,2,548257,57353,86643,21313,0.5312627366704954,0.2709302621208654
19056,0.1963206903298191,1,3,1,548260,57350,86644,21312,0.5312349475712327,0.270931326434619
19057,0.1963231819174616,0,2,0,548262,57348,86644,21312,0.5312164215050577,0.27093821510297483
19058,0.196324658861796,4,23,4,548285,57325,86648,21308,0.5310033717440439,0.27098037719532514
19059,0.1963314451159912,4,3,4,548288,57322,86652,21304,0.5309755826447812,0.2709536285707018
19060,0.1963387413924699,0,3,0,548291,57319,86652,21304,0.5309477935455186,0.27096396728692623
19061,0.1963410633418546,10,24,10,548315,57295,86662,21294,0.5307254807514172,0.2709539502983878
19062,0.1963475770486247,5,3,5,548318,57292,86667,21289,0.5306976916521546,0.2709179063641338
19063,0.1963491538587415,7,32,7,548350,57260,86674,21282,0.5304012745933528,0.27096330625652515
19064,0.1963545125198706,0,1,0,548351,57259,86674,21282,0.5303920115602653,0.2709667562164984
19065,0.1963560096517375,2,2,2,548353,57257,86676,21280,0.5303734854940901,0.2709550912308848
19066,0.1963597569158789,1,6,1,548359,57251,86677,21279,0.5303179072955648,0.2709665096141602
19067,0.196377412460156,0,1,0,548360,57250,86677,21279,0.5303086442624773,0.2709699601421131
19068,0.1963868252012752,0,1,0,548361,57249,86677,21279,0.5302993812293898,0.27097341075794623
19069,0.1963872744581108,3,10,3,548371,57239,86680,21276,0.5302067508985142,0.2709800675030249
19070,0.1963878143403025,12,9,12,548380,57230,86692,21264,0.5301233836007262,0.2708996866002497
19071,0.196388071605671,40,80,40,548460,57150,86732,21224,0.5293823409537219,0.27080409319417154
19072,0.1963913699831068,20,39,20,548499,57111,86752,21204,0.5290210826633073,0.27075272936219114
19073,0.1963922510649624,22,33,22,548532,57078,86774,21182,0.528715402571418,0.27066189624329157
19074,0.1963939507991441,0,1,0,548533,57077,86774,21182,0.5287061395383305,0.27066535478347536
19075,0.1963943686392975,0,6,0,548539,57071,86774,21182,0.5286505613398051,0.270686107880848
19076,0.1963947426526049,11,22,11,548561,57049,86785,21171,0.5284467746118789,0.2706596778317566
19077,0.1963973690981028,0,4,0,548565,57045,86785,21171,0.5284097224795287,0.27067351948450447
19078,0.1964008042674,0,1,0,548566,57044,86785,21171,0.5284004594464411,0.270676980118903
19079,0.1964019825323922,0,2,0,548568,57042,86785,21171,0.5283819333802661,0.27068390165317785
19080,0.196402154136345,5,5,5,548573,57037,86790,21166,0.5283356182148282,0.2706545784688567
19081,0.1964134256098538,1,5,1,548578,57032,86791,21165,0.5282893030493905,0.27066255738711203
19082,0.196415973741706,214,817,214,549395,56215,87005,20951,0.5207214050168587,0.2715055853614286
19083,0.1964173230566007,12,17,12,549412,56198,87017,20939,0.5205639334543704,0.2714520917328908
19084,0.1964178657840617,3,7,3,549419,56191,87020,20936,0.5204990922227574,0.2714483903172689
19085,0.1964179252637456,22,46,22,549465,56145,87042,20914,0.5200729927007299,0.2714024319028277
19086,0.196419137783768,13,29,13,549494,56116,87055,20901,0.5198043647411908,0.27138164301388007
19087,0.1964313176510222,18,67,18,549561,56049,87073,20883,0.5191837415243247,0.27144751208859774
19088,0.1964329429993634,3,3,3,549564,56046,87076,20880,0.5191559524250621,0.2714296856719445
19089,0.1964371143828512,1,2,1,549566,56044,87077,20879,0.5191374263588869,0.2714272714272714
19090,0.1964379805832469,1,6,1,549572,56038,87078,20878,0.5190818481603616,0.27143897238545944
19091,0.1964384113247824,9,14,9,549586,56024,87087,20869,0.5189521656971359,0.27140311861938016
19092,0.196440825204031,2,13,2,549599,56011,87089,20867,0.5188317462669977,0.2714300580139962
19093,0.196442382972985,1,1,1,549600,56010,87090,20866,0.5188224832339101,0.27142411155627244
19094,0.1964427150875445,3,13,3,549613,55997,87093,20863,0.5187020638037719,0.2714415820973198
19095,0.1964449287525087,4,19,4,549632,55978,87097,20859,0.5185260661751083,0.27147077579811807
19096,0.1964484351650028,9,14,9,549646,55964,87106,20850,0.5183963837118826,0.2714348946806572
19097,0.1964536956763918,0,1,0,549647,55963,87106,20850,0.5183871206787951,0.27143842839102755
19098,0.1964561537393144,33,84,33,549731,55879,87139,20817,0.5176090258994405,0.2714222384478982
19099,0.19645793278833,7,4,7,549735,55875,87146,20810,0.5175719737670903,0.2713698898089587
19100,0.1964583859364184,44,113,44,549848,55762,87190,20766,0.5165252510281967,0.2713516621367343
19101,0.1964592579381014,1,3,1,549851,55759,87191,20765,0.516497461928934,0.27135277821337095
19102,0.1964666579084189,1,3,1,549854,55756,87192,20764,0.5164696728296714,0.27135389440669105
19103,0.1964750017274064,1,2,1,549856,55754,87193,20763,0.5164511467634962,0.2713514643804645
19104,0.196479950909534,8,49,8,549905,55705,87201,20755,0.5159972581422061,0.27144912372482344
19105,0.1964844594711022,0,1,0,549906,55704,87201,20755,0.5159879951091185,0.27145267398213424
19106,0.196485887486429,1,6,1,549912,55698,87202,20754,0.5159324169105932,0.27146444828127453
19107,0.1964986598968197,1,1,1,549913,55697,87203,20753,0.5159231538775056,0.271458469587966
19108,0.1965027554218156,1,18,1,549931,55679,87204,20752,0.5157564192819297,0.2715128678154152
19109,0.1965045037345066,8,14,8,549945,55665,87212,20744,0.515626736818704,0.27148634323181825
19110,0.1965111569195031,0,1,0,549946,55664,87212,20744,0.5156174737856164,0.27148989634593235
19111,0.1965115845893625,0,3,0,549949,55661,87212,20744,0.5155896846863537,0.27150055624631897
19112,0.1965117313974284,65,264,65,550213,55397,87277,20679,0.5131442439512394,0.2718202849781797
19113,0.196513847723057,8,18,8,550231,55379,87285,20671,0.5129775093556634,0.27180802103879026
19114,0.1965160149077006,0,7,0,550238,55372,87285,20671,0.5129126681240506,0.2718330418315953
19115,0.196517716867376,1,7,1,550245,55365,87286,20670,0.5128478268924377,0.271848490826593
19116,0.1965191147313476,1,1,1,550246,55364,87287,20669,0.5128385638593501,0.2718424894453724
19117,0.1965211031275801,2,0,2,550246,55364,87289,20667,0.5128385638593501,0.2718233352185293
19118,0.196530070652294,0,7,0,550253,55357,87289,20667,0.5127737226277372,0.27184836367462906
19119,0.1965353377882333,3,4,3,550257,55353,87292,20664,0.512736670495387,0.2718339318836576
19120,0.1965397684650263,4,7,4,550264,55346,87296,20660,0.5126718292637741,0.27182064573849435
19121,0.1965411021365146,1,2,1,550266,55344,87297,20659,0.512653303197599,0.2718182177019328
19122,0.196542127116464,3,12,3,550278,55332,87300,20656,0.5125421468005483,0.27183239458861924
19123,0.1965422300935053,1,0,1,550278,55332,87301,20655,0.5125421468005483,0.2718228117967547
19124,0.196542271840769,2,3,2,550281,55329,87303,20653,0.5125143577012857,0.2718143770893106
19125,0.1965451125294303,1,9,1,550290,55320,87304,20652,0.5124309904034977,0.2718369925762123
19126,0.196546367365765,5,23,5,550313,55297,87309,20647,0.5122179406424839,0.27187137891077634
19127,0.1965481306222325,6,27,6,550340,55270,87315,20641,0.51196783874912,0.2719105268011224
19128,0.1965489481818023,3,6,3,550346,55264,87318,20638,0.5119122605505947,0.27190324365629365
19129,0.196549559568416,1,0,1,550346,55264,87319,20637,0.5119122605505947,0.2718936509400403
19130,0.1965517888704636,12,20,12,550366,55244,87331,20625,0.5117269998888436,0.2718501627805823
19131,0.196552726422525,0,1,0,550367,55243,87331,20625,0.5117177368557561,0.27185374597985973
19132,0.1965541005262533,4,3,4,550370,55240,87335,20621,0.5116899477564933,0.2718261030041787
19133,0.1965560067406362,5,10,5,550380,55230,87340,20616,0.5115973174256179,0.2718139387706669
19134,0.1965598206037117,3,3,3,550383,55227,87343,20613,0.5115695283263552,0.27179588607594934
19135,0.1965658438127036,3,13,3,550396,55214,87346,20610,0.511449108896217,0.2718136737708377
19136,0.1965702741774826,12,50,12,550446,55164,87358,20598,0.5109859572418393,0.27187772234101526
19137,0.196580738609985,2,7,2,550453,55157,87360,20596,0.5109211160102264,0.271883621770755
19138,0.1965859876658417,1,2,1,550455,55155,87361,20595,0.5109025899440512,0.2718811881188119
19139,0.1965954757104835,5,34,5,550489,55121,87366,20590,0.5105876468190744,0.2719551980557647
19140,0.1965977124702027,0,3,0,550492,55118,87366,20590,0.5105598577198118,0.2719659745337349
19141,0.1965998686609158,24,83,24,550575,55035,87390,20566,0.5097910259735448,0.2720334387111282
19142,0.1966004960861775,6,3,6,550578,55032,87396,20560,0.5097632368742822,0.2719864535929728
19143,0.1966034325476611,0,2,0,550580,55030,87396,20560,0.509744710808107,0.27199364995369757
19144,0.1966045148803896,5,4,5,550584,55026,87401,20555,0.5097076586757567,0.27195988409785526
19145,0.1966056428373804,1,7,1,550591,55019,87402,20554,0.5096428174441439,0.2719754409643656
19146,0.1966113292001696,32,64,32,550655,54955,87434,20522,0.5090499833265404,0.27189739920770567
19147,0.1966175966122739,6,4,6,550659,54951,87440,20516,0.5090129311941902,0.27185392290670096
19148,0.1966194194845112,33,121,33,550780,54830,87473,20483,0.5078921041905962,0.2719716383625669
19149,0.1966200554249889,1,5,1,550785,54825,87474,20482,0.5078457890251584,0.271980028417013
19150,0.1966211203035593,5,6,5,550791,54819,87479,20477,0.5077902108266331,0.2719533574160646
19151,0.1966303475847776,0,2,0,550793,54817,87479,20477,0.507771684760458,0.2719605811884081
19152,0.1966337685663326,1,1,1,550794,54816,87480,20476,0.5077624217273704,0.27195452372097967
19153,0.196644738312854,2,6,2,550800,54810,87482,20474,0.5077068435288451,0.27195685670261943
19154,0.1966487129772671,0,3,0,550803,54807,87482,20474,0.5076790544295824,0.27196769437175383
19155,0.1966499478499722,1,4,1,550807,54803,87483,20473,0.5076420022972322,0.27197247462670704
19156,0.1966525498313246,13,41,13,550848,54762,87496,20460,0.5072622179406425,0.271994895110473
19157,0.1966564979681391,0,6,0,550854,54756,87496,20460,0.5072066397421171,0.2720165922144225
19158,0.196659868420294,4,5,4,550859,54751,87500,20456,0.5071603245766794,0.271995957823075
19159,0.1966629335962416,0,3,0,550862,54748,87500,20456,0.5071325354774168,0.27200680814850275
19160,0.1966631110163302,5,7,5,550869,54741,87505,20451,0.5070676942458039,0.27198372167251833
19161,0.1966631743091723,3,11,3,550880,54730,87508,20448,0.5069658008818407,0.2719944664662534
19162,0.1966632814047909,212,803,212,551683,53927,87720,20236,0.4995275853125347,0.2728584334506425
19163,0.1966710388138146,0,4,0,551687,53923,87720,20236,0.4994905331801845,0.27287315093245595
19164,0.1966755549386954,2,9,2,551696,53914,87722,20234,0.49940716588239653,0.272886659114204
19165,0.1966794523854423,12,42,12,551738,53872,87734,20222,0.49901811849271926,0.2729235835560234
19166,0.1966806120844859,1,1,1,551739,53871,87735,20221,0.4990088554596317,0.27291745397613776
19167,0.1966841902993144,0,3,0,551742,53868,87735,20221,0.49898106636036904,0.2729285049062614
19168,0.1966847076094819,1,14,1,551756,53854,87736,20220,0.4988513838971433,0.272970272970273
19169,0.1966897740457601,0,3,0,551759,53851,87736,20220,0.49882359479788063,0.2729813287251421
19170,0.1966916161601322,19,50,19,551809,53801,87755,20201,0.4983604431435029,0.27297910867273856
19171,0.1966937603286526,6,23,6,551832,53778,87761,20195,0.49814739338248915,0.27300501534343613
19172,0.1966974238413911,0,2,0,551834,53776,87761,20195,0.49812886731631406,0.2730123967500777
19173,0.1967001099120885,2,3,2,551837,53773,87763,20193,0.4981010782170514,0.2730038125625287
19174,0.1967042125630345,1,1,1,551838,53772,87764,20192,0.49809181518396384,0.27299767454437296
19175,0.196705919769864,0,2,0,551840,53770,87764,20192,0.49807328911778875,0.2730050566507125
19176,0.1967067862531217,7,35,7,551875,53735,87771,20185,0.4977490829597243,0.27306547619047616
19177,0.1967105644938444,3,10,3,551885,53725,87774,20182,0.4976564526288488,0.27307291596195216
19178,0.1967119342130164,1,1,1,551886,53724,87775,20181,0.49764718959576126,0.2730667749137406
19179,0.1967141482658596,5,4,5,551890,53720,87780,20176,0.49761013746341104,0.27303236981704015
19180,0.1967200621171716,5,8,5,551898,53712,87785,20171,0.4975360331987106,0.27301273635342366
19181,0.1967286178755354,0,1,0,551899,53711,87785,20171,0.497526770165623,0.2730164316071574
19182,0.1967297622144798,1,1,1,551900,53710,87786,20170,0.49751750713253545,0.27301028695181373
19183,0.1967385766813044,3,9,3,551909,53701,87789,20167,0.4974341398347475,0.27301402501759897
19184,0.1967420802383756,18,49,18,551958,53652,87807,20149,0.49698025121345735,0.27301798078616824
19185,0.1967430002625529,2,4,2,551962,53648,87809,20147,0.4969431990811071,0.2730130767667186
19186,0.1967435480470634,2,4,2,551966,53644,87811,20145,0.4969061469487569,0.27300817194974863
19187,0.1967443495987709,4,19,4,551985,53625,87815,20141,0.49673014932009335,0.27303906949000895
19188,0.1967457619631117,0,1,0,551986,53624,87815,20141,0.49672088628700584,0.27304277096183827
19189,0.1967566626157682,1,0,1,551986,53624,87816,20140,0.49672088628700584,0.273032915785478
19190,0.1967577178467257,4,8,4,551994,53616,87820,20136,0.4966467820223054,0.2730231044581842
19191,0.196761333288681,3,3,3,551997,53613,87823,20133,0.49661899292304273,0.27300463753966314
19192,0.1967689845765344,1,6,1,552003,53607,87824,20132,0.49656341472451737,0.2730169923649629
19193,0.196769332513739,5,6,5,552009,53601,87829,20127,0.49650783652599206,0.2729899088541667
19194,0.1967699542840038,8,16,8,552025,53585,87837,20119,0.4963596279965912,0.2729702594160425
19195,0.196773713918204,1,0,1,552025,53585,87838,20118,0.4963596279965912,0.2729603950992497
19196,0.19677386072627,70,276,70,552301,53309,87908,20048,0.49380303086442623,0.27329361887754405
19197,0.1967753469568914,2,7,2,552308,53302,87910,20046,0.49373818963281335,0.27329988547745
19198,0.1967773414578605,45,123,45,552431,53179,87955,20001,0.4925988365630442,0.273312380431812
19199,0.1967788726206736,0,1,0,552432,53178,87955,20001,0.49258957352995664,0.2733161152789735
19200,0.1967803794976574,3,2,3,552434,53176,87958,19998,0.49257104746378155,0.2732937928772515
19201,0.1967931749583548,13,31,13,552465,53145,87971,19985,0.4922838934380674,0.27328045945576374
19202,0.1967952065386957,18,55,18,552520,53090,87989,19967,0.4917744266182519,0.273307143737082
19203,0.1968049452326304,0,4,0,552524,53086,87989,19967,0.49173737448590166,0.2733221086060805
19204,0.1968082327291848,9,23,9,552547,53063,87998,19958,0.49152432472488794,0.2733186343654565
19205,0.1968104774366427,1,5,1,552552,53058,87999,19957,0.49147800955945015,0.27332739847976445
19206,0.1968140180245775,12,11,12,552563,53047,88011,19945,0.49137611619548704,0.2732491231915826
19207,0.196817322698255,1,1,1,552564,53046,88012,19944,0.4913668531623995,0.27324290998766954
19208,0.1968174288015157,3,3,3,552567,53043,88015,19941,0.4913390640631368,0.2732242683327853
19209,0.1968200753596432,1,7,1,552574,53036,88016,19940,0.49127422283152394,0.2732405174303881
19210,0.196820771667561,0,4,0,552578,53032,88016,19940,0.4912371706991737,0.27325549525845527
19211,0.1968211305906007,29,36,29,552614,52996,88045,19911,0.49090370150802176,0.27310134829303084
19212,0.19682906300399,5,32,5,552646,52964,88050,19906,0.49060728444922,0.2731714011252916
19213,0.1968293974854925,3,6,3,552652,52958,88053,19903,0.4905517062506947,0.27316396975062107
19214,0.1968355706580162,0,1,0,552653,52957,88053,19903,0.49054244321760715,0.2731677189129838
19215,0.1968384501558054,0,2,0,552655,52955,88053,19903,0.49052391715143207,0.27317521754646024
19216,0.1968422853645486,0,2,0,552657,52953,88053,19903,0.490505391085257,0.2731827165916328
19217,0.1968502234419557,6,5,6,552662,52948,88059,19897,0.4904590759198192,0.2731416020317112
19218,0.1968580564919493,2,8,2,552670,52940,88061,19895,0.49038497165511874,0.27315164412713666
19219,0.1968600960380069,3,18,3,552688,52922,88064,19892,0.49021823705954276,0.27318922185294037
19220,0.1968651671263263,1,4,1,552692,52918,88065,19891,0.49018118492719254,0.2731942479638506
19221,0.1968655618765026,0,4,0,552696,52914,88065,19891,0.49014413279484237,0.2732092576059337
19222,0.1968706186513068,1,1,1,552697,52913,88066,19890,0.4901348697617548,0.27320302734777413
19223,0.1968707696420268,2,18,2,552715,52895,88068,19888,0.4899681351661788,0.27325062171111386
19224,0.1968723200339878,0,2,0,552717,52893,88068,19888,0.4899496091000037,0.2732581305560517
19225,0.1968896152577927,0,2,0,552719,52891,88068,19888,0.4899310830338286,0.2732656398136825
19226,0.1968913957370387,12,34,12,552753,52857,88080,19876,0.4896161399088518,0.27327347971347254
19227,0.1968934518908384,0,1,0,552754,52856,88080,19876,0.4896068768757642,0.2732772369795963
19228,0.1968979976452111,0,2,0,552756,52854,88080,19876,0.48958835080958907,0.27328475182180667
19229,0.1969008383338724,3,2,3,552758,52852,88083,19873,0.489569824743414,0.2732622894465452
19230,0.1969019099799926,31,52,31,552810,52800,88114,19842,0.4890881470228612,0.27314776575534816
19231,0.1969032634728404,12,21,12,552831,52779,88126,19830,0.48889362332802255,0.2731066396727678
19232,0.1969049355842898,3,10,3,552841,52769,88129,19827,0.48880099299714697,0.2731142211692104
19233,0.1969096085042314,2,3,2,552844,52766,88131,19825,0.4887732038978843,0.2731054813957653
19234,0.1969146791601662,12,41,12,552885,52725,88143,19813,0.4883934195412946,0.27313959579806446
19235,0.1969189848813881,2,3,2,552888,52722,88145,19811,0.48836563044203196,0.27313085078515986
19236,0.1969200518364931,3,4,3,552892,52718,88148,19808,0.48832857830968174,0.27311584810964346
19237,0.1969201518318935,35,87,35,552979,52631,88183,19773,0.4875226944310645,0.2730926468150931
19238,0.1969234655996409,0,1,0,552980,52630,88183,19773,0.4875134313979769,0.2730964186566855
19239,0.1969276855135907,1,0,1,552980,52630,88184,19772,0.4875134313979769,0.2730863788293141
19240,0.1969316567731502,33,103,33,553083,52527,88217,19739,0.48655933898995885,0.2731436636869344
19241,0.1969357327778629,15,56,15,553139,52471,88232,19724,0.4860406091370558,0.27320451554816816
19242,0.1969407333049093,3,0,3,553139,52471,88235,19721,0.4860406091370558,0.2731743129432624
19243,0.1969422030322961,3,5,3,553144,52466,88238,19718,0.4859942939716181,0.27316302781779894
19244,0.1969424649442279,3,0,3,553144,52466,88241,19715,0.4859942939716181,0.2731328188858564
19245,0.1969427414133275,0,3,0,553147,52463,88241,19715,0.48596650487235543,0.27314417135415225
19246,0.196944186414389,0,3,0,553150,52460,88241,19715,0.4859387157730927,0.27315552476619326
19247,0.1969468369383235,1,7,1,553157,52453,88242,19714,0.48587387454147984,0.273171948397467
19248,0.1969494177543608,0,2,0,553159,52451,88242,19714,0.48585534847530476,0.27317951915748634
19249,0.1969496483048033,10,14,10,553173,52437,88252,19704,0.485725666012079,0.2731317835904687
19250,0.1969568646347135,10,60,10,553233,52377,88262,19694,0.48516988402682576,0.2732583147174314
19251,0.196961175992936,2,14,2,553247,52363,88264,19692,0.4850402015636,0.2732912358614947
19252,0.1969780147870346,0,1,0,553248,52362,88264,19692,0.48503093853051243,0.2732950287284537
19253,0.1969788356579268,2,9,2,553257,52353,88266,19690,0.4849475712327244,0.27330899601626807
19254,0.1969797667251599,1,5,1,553262,52348,88267,19689,0.4849012560672867,0.27331787831253385
19255,0.1969801103258696,4,13,4,553275,52335,88271,19685,0.4847808366371485,0.2733268536517634
19256,0.1969929215313723,2,7,2,553282,52328,88273,19683,0.4847159954055356,0.2733332407548847
19257,0.1969941915388145,0,1,0,553283,52327,88273,19683,0.48470673237244805,0.2733370365227052
19258,0.1969950263347842,12,40,12,553323,52287,88285,19671,0.48433621104894586,0.27336779788209786
19259,0.1969961379688398,1,2,1,553325,52285,88286,19670,0.4843176849827708,0.27336529775554164
19260,0.1969981820427612,0,1,0,553326,52284,88286,19670,0.4843084219496832,0.2733690969230342
19261,0.1970024191546994,2,2,2,553328,52282,88288,19668,0.48428989588350807,0.2733564975677554
19262,0.1970039021202195,2,2,2,553330,52280,88290,19666,0.484271369817333,0.2733438968114975
19263,0.1970059750409072,0,3,0,553333,52277,88290,19666,0.48424358071807033,0.27335529516422724
19264,0.1970102082648549,2,5,2,553338,52272,88292,19664,0.48419726555263254,0.2733540925266904
19265,0.1970122237725812,1,3,1,553341,52269,88293,19663,0.4841694764533699,0.27335539120280267
19266,0.1970136777752421,0,1,0,553342,52268,88293,19663,0.4841602134202823,0.27335919144735926
19267,0.1970266842107731,1,19,1,553361,52249,88294,19662,0.4839842157916188,0.27342131245567436
19268,0.1970315372706023,18,44,18,553405,52205,88312,19644,0.4835766423357664,0.2734067279989979
19269,0.1970329010032199,0,1,0,553406,52204,88312,19644,0.48356737930267885,0.2734105333481795
19270,0.1970360590591091,0,1,0,553407,52203,88312,19644,0.48355811626959133,0.2734143388032903
19271,0.1970369473581959,4,27,4,553434,52176,88316,19640,0.48330801437622734,0.2734766625821544
19272,0.1970389730665926,1,10,1,553444,52166,88317,19639,0.4832153840453518,0.2735046305967551
19273,0.1970534811836092,3,6,3,553450,52160,88320,19636,0.4831598058468265,0.27349713075937376
19274,0.1970544608042881,2,10,2,553460,52150,88322,19634,0.48306717551595096,0.2735149894126825
19275,0.1970558357165306,0,3,0,553463,52147,88322,19634,0.48303938641668825,0.2735264206405595
19276,0.1970595507127148,9,30,9,553493,52117,88331,19625,0.48276149542406166,0.2735496640740431
19277,0.1970624959655115,2,11,2,553504,52106,88333,19623,0.48265960206009856,0.2735713588646154
19278,0.1970642479036368,10,50,10,553554,52056,88343,19613,0.48219645040572084,0.273660857553475
19279,0.1970671688854531,2,4,2,553558,52052,88345,19611,0.4821593982733706,0.2736558614626795
19280,0.1970701944897503,1,1,1,553559,52051,88346,19610,0.48215013524028305,0.2736495443825791
19281,0.1970751492145517,25,73,25,553632,51978,88371,19585,0.4814739338248916,0.2736749437558515
19282,0.1970789456437909,2,1,2,553633,51977,88373,19583,0.48146467079180405,0.2736584684181107
19283,0.1970802100586786,0,7,0,553640,51970,88373,19583,0.4813998295601912,0.2736852403113776
19284,0.1970862412921825,12,48,12,553688,51922,88385,19571,0.4809552039719886,0.2737470801337194
19285,0.1970866433372217,5,12,5,553700,51910,88390,19566,0.4808440475749379,0.2737422351558565
19286,0.1970911265652509,23,98,23,553798,51812,88413,19543,0.47993627033235764,0.2738841006236424
19287,0.1970913751899493,1,4,1,553802,51808,88414,19542,0.4798992182000074,0.27388927820602665
19288,0.197098158953719,3,19,3,553821,51789,88417,19539,0.47972322057134387,0.2739316958277254
19289,0.1970985713762287,10,26,10,553847,51763,88427,19529,0.4794823817110675,0.2739297536890535
19290,0.197100579484647,2,0,2,553847,51763,88429,19527,0.4794823817110675,0.2739093842053584
19291,0.1971013112556358,1,1,1,553848,51762,88430,19526,0.4794731186779799,0.2739030411850522
19292,0.1971043069700811,0,5,0,553853,51757,88430,19526,0.47942680351254213,0.27392225355274047
19293,0.1971067104122216,1,1,1,553854,51756,88431,19525,0.4794175404794546,0.2739159102706191
19294,0.1971072558256803,4,8,4,553862,51748,88435,19521,0.47934343621475417,0.2739059057935428
19295,0.1971094485582699,2,1,2,553863,51747,88437,19519,0.4793341731816666,0.27388937221115256
19296,0.1971149072102638,0,4,0,553867,51743,88437,19519,0.4792971210493164,0.2739047458673627
19297,0.1971156570160425,2,4,2,553871,51739,88439,19517,0.47926006891696615,0.27389974177613113
19298,0.197120540237586,2,7,2,553878,51732,88441,19515,0.4791952276853533,0.2739062697376732
19299,0.1971234542450696,21,41,21,553919,51691,88462,19494,0.4788154433287636,0.27384982791318396
19300,0.1971282773740756,2,11,2,553930,51680,88464,19492,0.4787135499648005,0.2738717473163604
19301,0.1971295670065275,52,74,52,554004,51606,88516,19440,0.4780280855163215,0.27362553838358245
19302,0.1971308729798753,1,1,1,554005,51605,88517,19439,0.4780188224832339,0.27361916558752325
19303,0.1971309450538128,1,8,1,554013,51597,88518,19438,0.47794471821853346,0.2736397550503273
19304,0.1971421957724401,1,3,1,554016,51594,88519,19437,0.4779169291192708,0.2736410862862694
19305,0.1971439172426012,0,7,0,554023,51587,88519,19437,0.47785208788765793,0.27366805586843884
19306,0.1971450256306204,0,3,0,554026,51584,88519,19437,0.4778242987883953,0.2736796158882584
19307,0.1971479189140305,6,6,6,554032,51578,88525,19431,0.47776872058986997,0.2736413694038784
19308,0.1971539946960393,3,1,3,554033,51577,88528,19428,0.4777594575567824,0.27361453418773324
19309,0.1971560052056186,1,2,1,554035,51575,88529,19427,0.47774093149060726,0.2736120109292696
19310,0.1971663677789013,20,72,20,554107,51503,88549,19407,0.4770739931083034,0.27368495275701593
19311,0.1971680708330151,1,1,1,554108,51502,88550,19406,0.4770647300752158,0.2736785694138884
19312,0.1971700901591664,11,25,11,554133,51477,88561,19395,0.47683315424802697,0.2736623772434812
19313,0.1971765805443767,0,2,0,554135,51475,88561,19395,0.4768146281818519,0.27367010018343446
19314,0.1971872177511858,15,69,15,554204,51406,88576,19380,0.4761754788988106,0.27378295143107395
19315,0.1971874837155084,3,12,3,554216,51394,88579,19377,0.47606432250175995,0.27379858981786326
19316,0.1971915954973874,2,5,2,554221,51389,88581,19375,0.4760180073363222,0.2737974111129953
19317,0.1971936194403308,0,2,0,554223,51387,88581,19375,0.4759994812701471,0.27380514965659536
19318,0.1971939297367468,5,8,5,554231,51379,88586,19370,0.4759253770054467,0.27378478847757565
19319,0.1971966265402821,1,4,1,554235,51375,88587,19369,0.47588832487309646,0.27379000339251386
19320,0.1971967303557374,3,5,3,554240,51370,88590,19366,0.47584200970765866,0.273778556887582
19321,0.197197659576603,31,116,31,554356,51254,88621,19335,0.4747674978695024,0.2739095326467297
19322,0.1972024337150186,3,6,3,554362,51248,88624,19332,0.4747119196709771,0.27390195522810995
19323,0.1972027382383705,1,3,1,554365,51245,88625,19331,0.4746841305717144,0.27390330990705053
19324,0.1972042319720532,0,2,0,554367,51243,88625,19331,0.4746656045055393,0.2739110720662
19325,0.1972049094938066,4,8,4,554375,51235,88629,19327,0.47459150024083885,0.27390096652589213
19326,0.1972054148051889,0,3,0,554378,51232,88629,19327,0.4745637111415762,0.27391261214019474
19327,0.1972127585525526,35,98,35,554476,51134,88664,19292,0.4736559338989959,0.273932922500213
19328,0.197215478185095,2,2,2,554478,51132,88666,19290,0.47363740783282077,0.2739200817926216
19329,0.1972259054018918,1,6,1,554484,51126,88667,19289,0.47358182963429546,0.2739331108428602
19330,0.1972270597260786,5,5,5,554489,51121,88672,19284,0.47353551446885767,0.273901001349336
19331,0.1972277548709721,1,4,1,554493,51117,88673,19283,0.47349846233650744,0.27390625
19332,0.1972295068090974,1,5,1,554498,51112,88674,19282,0.4734521471710697,0.2739153905162372
19333,0.197231728679547,4,12,4,554510,51100,88678,19278,0.47334099077401903,0.2739208275313308
19334,0.1972352074413368,2,4,2,554514,51096,88680,19276,0.4733039386416688,0.2739157619507759
19335,0.1972367837151103,5,7,5,554521,51089,88685,19271,0.47323909741005593,0.2738914155770324
19336,0.197238048129998,9,23,9,554544,51066,88694,19262,0.4730260476490422,0.2738880673415994
19337,0.1972399932882517,11,19,11,554563,51047,88705,19251,0.47285005002037866,0.27384847364078635
19338,0.1972525520114921,7,29,7,554592,51018,88712,19244,0.4725814220608396,0.2738891577239475
19339,0.1972532120118214,6,14,6,554606,51004,88718,19238,0.47245173959761383,0.2738817231855585
19340,0.1972550508602139,11,13,11,554619,50991,88729,19227,0.47233132016747564,0.273818678971204
19341,0.197264548483541,1,0,1,554619,50991,88730,19226,0.47233132016747564,0.2738083370124044
19342,0.1972660314490611,0,1,0,554620,50990,88730,19226,0.4723220571343881,0.2738122365272872
19343,0.1972661509822456,10,34,10,554654,50956,88740,19216,0.47200711400941125,0.27384141822949326
19344,0.1972676689592793,1,7,1,554661,50949,88741,19215,0.4719422727777984,0.27385838891739356
19345,0.1972719648939853,13,55,13,554716,50894,88754,19202,0.47143280595798287,0.2739385984934946
19346,0.1972781006188077,6,18,6,554734,50876,88760,19196,0.4712660713624069,0.27394679757963236
19347,0.1972857991430465,0,1,0,554735,50875,88760,19196,0.4712568083293194,0.27395070713990094
19348,0.1972863741654339,17,39,17,554774,50836,88777,19179,0.47089555003890476,0.27392701563950583
19349,0.1972870049793099,0,3,0,554777,50833,88777,19179,0.47086776093964205,0.2739387533565674
19350,0.1972887131505301,2,3,2,554780,50830,88779,19177,0.4708399718403794,0.2739297498821546
19351,0.1972887831251323,4,9,4,554789,50821,88783,19173,0.47075660454259144,0.2739234791553562
19352,0.1972893906722836,30,102,30,554891,50719,88813,19143,0.46981177516766087,0.27401162291374426
19353,0.197291652453098,3,3,3,554894,50716,88816,19140,0.4697839860683982,0.2739922125515346
19354,0.197291938820083,5,18,5,554912,50698,88821,19135,0.46961725147282224,0.2740108544670858
19355,0.197295141423422,35,78,35,554990,50620,88856,19100,0.468894734891993,0.27395295467584624
19356,0.1973008783341371,0,2,0,554992,50618,88856,19100,0.46887620882581793,0.2739608135632118
19357,0.1973035226056825,0,1,0,554993,50617,88856,19100,0.46886694579273036,0.2739647431759829
19358,0.1973103865803687,18,47,18,555040,50570,88874,19082,0.4684315832376153,0.27396198242692243
19359,0.1973139094042652,0,1,0,555041,50569,88874,19082,0.4684223202045278,0.27396591578010365
19360,0.1973165901331297,5,10,5,555051,50559,88879,19077,0.46832968987365226,0.2739531276925728
19361,0.1973249061821645,3,4,3,555055,50555,88882,19074,0.46829263774130203,0.27393758347814845
19362,0.1973305220912639,0,1,0,555056,50554,88882,19074,0.46828337470821446,0.27394151778020337
19363,0.197332093219928,1,0,1,555056,50554,88883,19073,0.46828337470821446,0.2739310899507375
19364,0.1973351693295874,0,3,0,555059,50551,88883,19073,0.4682555856089518,0.2739428932551994
19365,0.1973362071095067,0,4,0,555063,50547,88883,19073,0.4682185334766016,0.2739586325768457
19366,0.1973390347439498,1,2,1,555065,50545,88884,19072,0.46820000741042644,0.27395607394745536
19367,0.1973423393875201,4,12,4,555077,50533,88888,19068,0.46808885101337583,0.2739615810117671
19368,0.1973483706210241,23,69,23,555146,50464,88911,19045,0.46744970173033457,0.2739932958321944
19369,0.1973494335687069,4,16,4,555162,50448,88915,19041,0.4673014932009337,0.27401459223762037
19370,0.1973534201427224,15,41,15,555203,50407,88930,19026,0.466921708844344,0.27401955842322817
19371,0.1973588783457913,1,0,1,555203,50407,88931,19025,0.466921708844344,0.27400910243115567
19372,0.1973591886422074,0,1,0,555204,50406,88931,19025,0.46691244581125646,0.27401304892627215
19373,0.1973610835365651,0,1,0,555205,50405,88931,19025,0.4669031827781689,0.2740169955350713
19374,0.1973632291953893,6,17,6,555222,50388,88937,19019,0.4667457112156805,0.27402135231316727
19375,0.1973664362989227,1,3,1,555225,50385,88938,19018,0.4667179221164178,0.27402273676930394
19376,0.1973697846235759,3,10,3,555235,50375,88941,19015,0.46662529178554224,0.2740308401787001
19377,0.1973698209873786,17,50,17,555285,50325,88958,18998,0.4661621401311645,0.2740504594434747
19378,0.1973701683992671,0,1,0,555286,50324,88958,18998,0.466152877098077,0.27405441274054415
19379,0.1973750833408258,4,4,4,555290,50320,88962,18994,0.4661158249657268,0.27402833482413363
19380,0.1973869747268884,11,30,11,555320,50290,88973,18983,0.46583793397310014,0.2740317295338732
19381,0.1973872819117935,0,2,0,555322,50288,88973,18983,0.46581940790692505,0.27403964140838155
19382,0.1973930455126563,9,31,9,555353,50257,88982,18974,0.4655322538812109,0.27406797532897115
19383,0.1973930743826544,4,6,4,555359,50251,88986,18970,0.4654766756826855,0.2740497825804308
19384,0.1973973904048152,104,299,104,555658,49952,89090,18866,0.4627070287895068,0.2741433927170217
19385,0.1973983905827421,4,14,4,555672,49938,89094,18862,0.46257734632628106,0.27415697674418604
19386,0.1974014395694521,0,1,0,555673,49937,89094,18862,0.46256808329319354,0.2741609616418843
19387,0.1974075361691757,1,3,1,555676,49934,89095,18861,0.46254029419393083,0.27416236645105024
19388,0.1974093873606415,15,45,15,555721,49889,89110,18846,0.4621234577049909,0.2741834582090638
19389,0.197409534390043,1,4,1,555725,49885,89111,18845,0.4620864055726407,0.2741888549396188
19390,0.1974100482428721,2,1,2,555726,49884,89113,18843,0.4620771425395532,0.2741717229036623
19391,0.1974196505080644,19,72,19,555798,49812,89132,18824,0.46141020415724926,0.2742584066670552
19392,0.1974258273782721,0,7,0,555805,49805,89132,18824,0.4613453629256364,0.27428638039312825
19393,0.1974331973674509,38,106,38,555911,49699,89170,18786,0.46036348141835565,0.274308242680879
19394,0.1974379013211993,118,280,118,556191,49419,89288,18668,0.45776983215384043,0.2741786244070087
19395,0.197441510055188,2,1,2,556192,49418,89290,18666,0.4577605691207529,0.2741613301216145
19396,0.1974433595242682,1,1,1,556193,49417,89291,18665,0.45775130608766534,0.27415469580799623
19397,0.1974451285460609,0,1,0,556194,49416,89291,18665,0.4577420430545778,0.2741587226979627
19398,0.1974474311402126,3,2,3,556196,49414,89294,18662,0.4577235169884027,0.27413479052823314
19399,0.1974475925482155,3,7,3,556203,49407,89297,18659,0.4576586757567898,0.27413099050921164
19400,0.1974478423161241,1,1,1,556204,49406,89298,18658,0.45764941272370224,0.27412435354960035
19401,0.1974506946556685,1,3,1,556207,49403,89299,18657,0.4576216236244396,0.2741257713781957
19402,0.19745177326551,4,6,4,556213,49397,89303,18653,0.4575660454259143,0.27410727406318885
19403,0.197453724826229,1,3,1,556216,49394,89304,18652,0.45753825632665157,0.2741086911794962
19404,0.1974546495777441,5,10,5,556226,49384,89309,18647,0.45744562599577604,0.27409563287324895
19405,0.1974563052890891,1,0,1,556226,49384,89310,18646,0.45744562599577604,0.2740849625165368
19406,0.1974565877046225,1,2,1,556228,49382,89311,18645,0.45742709992960096,0.27408234965528394
19407,0.1974598603756809,1,10,1,556238,49372,89312,18644,0.4573344695987254,0.27411197365325807
19408,0.1974609239781596,3,8,3,556246,49364,89315,18641,0.457260365334025,0.27411219763252703
19409,0.1974637483125025,3,3,3,556249,49361,89318,18638,0.4572325762347623,0.27409226606273623
19410,0.1974648523133272,3,6,3,556255,49355,89321,18635,0.45717699803623696,0.2740844241800265
19411,0.1974679201526009,1,1,1,556256,49354,89322,18634,0.45716773500314944,0.2740777784314879
19412,0.1974697176354311,1,1,1,556257,49353,89323,18633,0.4571584719700619,0.27407113229194247
19413,0.1974756187871102,10,18,10,556275,49335,89333,18623,0.4569917373744859,0.27403690514729684
19414,0.1974795574713087,1,3,1,556278,49332,89334,18622,0.45696394827522324,0.2740383200400271
19415,0.1974870825392402,3,7,3,556285,49325,89337,18619,0.45689910704361036,0.2740344989991758
19416,0.1974891890549203,5,8,5,556293,49317,89342,18614,0.4568250027789099,0.27401333706260766
19417,0.1974912044921649,2,4,2,556297,49313,89344,18612,0.4567879506465597,0.2740080971659919
19418,0.1974946617266476,6,27,6,556324,49286,89350,18606,0.45653784875319575,0.2740529075590644
19419,0.1974968728152693,2,0,2,556324,49286,89352,18604,0.45653784875319575,0.2740315215790249
19420,0.1974973367701784,3,6,3,556330,49280,89355,18601,0.45648227055467044,0.274023659050397
19421,0.1974973754967108,37,106,37,556436,49174,89392,18564,0.45550038904738965,0.27405592134400186
19422,0.1974973881134154,4,7,4,556443,49167,89396,18560,0.4554355478157768,0.2740413719786791
19423,0.1975001774588396,11,30,11,556473,49137,89407,18549,0.4551576568231502,0.274044854179594
19424,0.1975056951486843,2,2,2,556475,49135,89409,18547,0.45513913075697504,0.2740315002511746
19425,0.1975069987487594,0,1,0,556476,49134,89409,18547,0.4551298677238875,0.2740355491201371
19426,0.1975118274266978,0,1,0,556477,49133,89409,18547,0.45512060469079996,0.27403959810874706
19427,0.1975189216078845,0,3,0,556480,49130,89409,18547,0.4550928155915373,0.27405174579251446
19428,0.1975200004484975,2,5,2,556485,49125,89411,18545,0.4550465004260995,0.27405053938229645
19429,0.1975252960582349,6,17,6,556502,49108,89417,18539,0.4548890288636111,0.2740550209174095
19430,0.1975253061145665,0,4,0,556506,49104,89417,18539,0.4548519767312609,0.2740712268823086
19431,0.1975259912336649,12,46,12,556552,49058,89429,18527,0.4544258772092334,0.27412887475031444
19432,0.1975318240481402,2,1,2,556553,49057,89431,18525,0.4544166141761458,0.27411144979432395
19433,0.1975344921269523,0,4,0,556557,49053,89431,18525,0.4543795620437956,0.2741276746870283
19434,0.1975348947380566,0,1,0,556558,49052,89431,18525,0.4543702990107081,0.274131731210323
19435,0.1975353090476457,5,10,5,556568,49042,89436,18520,0.45427766867983255,0.27411858737159944
19436,0.1975412783705744,5,13,5,556581,49029,89441,18515,0.4541572492496943,0.27411761222314346
19437,0.197548388486589,0,1,0,556582,49028,89441,18515,0.4541479862166068,0.2741216706394445
19438,0.1975494191283921,1,4,1,556586,49024,89442,18514,0.45411093408425657,0.2741271580443602
19439,0.1975507739828836,1,9,1,556595,49015,89443,18513,0.45402756678646855,0.2741529439639853
19440,0.1975509124539738,3,11,3,556606,49004,89446,18510,0.45392567342250545,0.2741653582960571
19441,0.1975544642685977,0,2,0,556608,49002,89446,18510,0.45390714735633036,0.2741734802701742
19442,0.1975554206117909,11,36,11,556644,48966,89457,18499,0.4535736781651784,0.2742014377825539
19443,0.197555633547207,1,4,1,556648,48962,89458,18498,0.4535366260328282,0.2742069374444115
19444,0.1975569145955873,2,0,2,556648,48962,89460,18496,0.4535366260328282,0.2741854190755729
19445,0.1975572717233799,2,1,2,556649,48961,89462,18494,0.4535273629997406,0.274167963827737
19446,0.1975625335518339,1,2,1,556651,48959,89463,18493,0.45350883693356553,0.27416533238451046
19447,0.1975704114926344,8,21,8,556672,48938,89471,18485,0.4533143132387269,0.2741646025836881
19448,0.1975747932955035,1,2,1,556674,48936,89472,18484,0.45329578717255176,0.27416196974191637
19449,0.1975823073305965,6,23,6,556697,48913,89478,18478,0.45308273741153804,0.27419091570090964
19450,0.1975824253334858,0,1,0,556698,48912,89478,18478,0.45307347437845047,0.27419498441905327
19451,0.1975878299017945,2,4,2,556702,48908,89480,18476,0.45303642224610025,0.27418971862756736
19452,0.1975920315224351,1,5,1,556707,48903,89481,18475,0.4529901070806625,0.2741992935379501
19453,0.1975946436486514,0,1,0,556708,48902,89481,18475,0.45298084404757494,0.2742033631654719
19454,0.1975983364383483,3,8,3,556716,48894,89484,18472,0.4529067397828745,0.27420360419202566
19455,0.197605269211532,10,40,10,556756,48854,89494,18462,0.45253621845937236,0.2742587200665518
19456,0.1976060471653564,7,7,7,556763,48847,89501,18455,0.45247137722775943,0.27421176190900715
19457,0.1976060528620955,4,21,4,556784,48826,89505,18451,0.4522768535329208,0.2742542027736076
19458,0.1976087609354196,16,52,16,556836,48774,89521,18435,0.451795175812368,0.2742936213899924
19459,0.1976115628975484,5,17,5,556853,48757,89526,18430,0.4516377042498796,0.2743090181136232
19460,0.1976136931394809,9,31,9,556884,48726,89535,18421,0.4513505502241654,0.2743383918864581
19461,0.1976139952360383,1,10,1,556894,48716,89536,18420,0.45125791989328984,0.27436844613918016
19462,0.1976170805873932,0,1,0,556895,48715,89536,18420,0.4512486568602023,0.27437253295598424
19463,0.1976198681162001,4,8,4,556903,48707,89540,18416,0.4511745525955019,0.2743619921636399
19464,0.1976232128654067,1,0,1,556903,48707,89541,18415,0.4511745525955019,0.27435118143082743
19465,0.1976352551613605,17,93,17,556996,48614,89558,18398,0.4503130905183593,0.27454784217752043
19466,0.1976356770138952,1,5,1,557001,48609,89559,18397,0.45026677535292153,0.2745575023132257
19467,0.1976417529018568,38,125,38,557126,48484,89597,18359,0.4491088962169773,0.2746585281929297
19468,0.197648292490635,0,5,0,557131,48479,89597,18359,0.4490625810515395,0.274679074777821
19469,0.1976496591093058,3,13,3,557144,48466,89600,18356,0.4489421616214013,0.2746999491185538
19470,0.197652372879369,32,92,32,557236,48374,89632,18324,0.44808996257734635,0.2747308764880506
19471,0.1976551748414978,8,27,8,557263,48347,89640,18316,0.44783986068398235,0.2747551115311342
19472,0.1976580563925264,6,18,6,557281,48329,89646,18310,0.44767312608840637,0.27476402707123454
19473,0.1976601977998563,5,3,5,557284,48326,89651,18305,0.4476453369891437,0.27472197625729766
19474,0.1976606925313425,0,1,0,557285,48325,89651,18305,0.44763607395605615,0.27472609935464504
19475,0.1976608045671009,1,5,1,557290,48320,89652,18304,0.4475897587906184,0.2747358309317964
19476,0.1976635922575783,38,82,38,557372,48238,89690,18266,0.44683019007743896,0.27466017081679295
19477,0.1976668248093561,1,0,1,557372,48238,89691,18265,0.44683019007743896,0.27464926394298
19478,0.1976669065119627,2,13,2,557385,48225,89693,18263,0.4467097706473008,0.2746811454698592
19479,0.1976679308349685,4,13,4,557398,48212,89697,18259,0.44658935121716253,0.2746912187269636
19480,0.1976682295594561,3,5,3,557403,48207,89700,18256,0.4465430360517248,0.2746791447873253
19481,0.1976696654980173,0,4,0,557407,48203,89700,18256,0.44650598391937457,0.2746956770339608
19482,0.1976723110802715,5,7,5,557414,48196,89705,18251,0.4464411426877617,0.27467003777446686
19483,0.1976803034972247,1,3,1,557417,48193,89706,18250,0.44641335358849904,0.27467152295952924
19484,0.1976831441858859,1,8,1,557425,48185,89707,18249,0.4463392493237986,0.2746936809465033
19485,0.1976901348137876,11,33,11,557458,48152,89718,18238,0.4460335692319093,0.2747100466937792
19486,0.1976905549636954,2,4,2,557462,48148,89720,18236,0.44599651709955906,0.27470474813208
19487,0.1976914288513434,6,16,6,557478,48132,89726,18230,0.4458483085701582,0.2747054036948856
19488,0.1976917059424517,1,10,1,557488,48122,89727,18229,0.4457556782392827,0.2747358743651188
19489,0.1976924551192783,0,3,0,557491,48119,89727,18229,0.44572788914002,0.27474829685898594
19490,0.197695257344553,1,2,1,557493,48117,89728,18228,0.4457093630738449,0.27474564775039567
19491,0.1976966125541336,0,1,0,557494,48116,89728,18228,0.44570010004075733,0.2747497889786567
19492,0.1976981743179578,53,189,53,557683,47927,89781,18175,0.4439493867872096,0.2749538591873166
19493,0.1977002028279586,5,23,5,557706,47904,89786,18170,0.44373633702619586,0.27499470290885974
19494,0.1977034281910407,4,6,4,557712,47898,89790,18166,0.44368075882767055,0.2749757810607895
19495,0.19770415844318,16,47,16,557759,47851,89806,18150,0.4432453962725555,0.27499583339646366
19496,0.1977044165110503,0,3,0,557762,47848,89806,18150,0.44321760717329284,0.27500833358586624
19497,0.1977062822104492,1,8,1,557770,47840,89807,18149,0.4431435029085924,0.2750306869326706
19498,0.1977095604690542,4,3,4,557773,47837,89811,18145,0.44311571380932974,0.2749992422175745
19499,0.1977097218770571,2,3,2,557776,47834,89813,18143,0.4430879247100671,0.2749897691619807
19500,0.1977099716449657,0,3,0,557779,47831,89813,18143,0.44306013561080443,0.2750022736229424
19501,0.1977249301335921,0,3,0,557782,47828,89813,18143,0.4430323465115417,0.27501477922117296
19502,0.1977318577738348,0,1,0,557783,47827,89813,18143,0.4430230834784542,0.2750189480066697
19503,0.197740900711531,2,13,2,557796,47814,89815,18141,0.44290266404831596,0.2750511712531271
19504,0.1977523764717176,2,4,2,557800,47810,89817,18139,0.44286561191596574,0.27504586877738857
19505,0.1977533338210065,3,4,3,557804,47806,89820,18136,0.44282855978361557,0.27502957144156986
19506,0.1977543871828529,9,22,9,557826,47784,89829,18127,0.44262477305568937,0.2750223786621353
19507,0.1977595048255524,50,104,50,557930,47680,89879,18077,0.4416614176145837,0.2749060936478246
19508,0.1977626970522032,52,159,52,558089,47521,89931,18025,0.4401885953536626,0.2749977115308333
19509,0.1977636155718336,39,134,39,558223,47387,89970,17986,0.43894734891993037,0.2751288758355896
19510,0.197767571187055,142,327,142,558550,47060,90112,17844,0.43591833710030015,0.27492912609392334
19511,0.1977678244775259,1,3,1,558553,47057,90113,17843,0.43589054800103744,0.2749306625577812
19512,0.1977686314917064,37,198,37,558751,46859,90150,17806,0.4340564674497017,0.2753576123095956
19513,0.1977712535207026,7,45,7,558796,46814,90157,17799,0.4336396309607618,0.27547088047296986
19514,0.1977744987469981,14,24,14,558820,46790,90171,17785,0.4334173181666605,0.2754161827332559
19515,0.1977786717213171,0,3,0,558823,46787,90171,17785,0.4333895290673978,0.275428978504615
19516,0.1977810509367261,0,6,0,558829,46781,90171,17785,0.4333339508688725,0.2754545736145959
19517,0.1977810937326105,6,30,6,558859,46751,90177,17779,0.4330560598762459,0.2755152642181931
19518,0.1977812700814797,5,6,5,558865,46745,90182,17774,0.43300048167772054,0.27548474092902864
19519,0.1977813031653946,0,1,0,558866,46744,90182,17774,0.432991218644633,0.27548901081868626
19520,0.1977935150852147,5,6,5,558872,46738,90187,17769,0.43293564044610766,0.2754584773745485
19521,0.1977945296245948,1,6,1,558878,46732,90188,17768,0.43288006224758235,0.27547286821705425
19522,0.1977952705177099,2,2,2,558880,46730,90190,17766,0.4328615361814072,0.27545894319027536
19523,0.1977958900782198,6,25,6,558905,46705,90196,17760,0.4326299603542184,0.27549833242844957
19524,0.1977992864740889,0,8,0,558913,46697,90196,17760,0.43255585608951796,0.27553252555967545
19525,0.1978050079636992,0,1,0,558914,46696,90196,17760,0.4325465930564304,0.27553680029787764
19526,0.1978051312202993,3,6,3,558920,46690,90199,17757,0.4324910148579051,0.275528729033159
19527,0.1978062735839343,19,75,19,558995,46615,90218,17738,0.4317962873763385,0.27563594548816683
19528,0.1978105178154306,0,1,0,558996,46614,90218,17738,0.43178702434325095,0.27564022874191946
19529,0.1978111096576423,4,10,4,559006,46604,90222,17734,0.4316943940123754,0.27563803661910535
19530,0.1978120595326017,1,2,1,559008,46602,90223,17733,0.43167586794620033,0.2756353462345535
19531,0.1978238888905136,1,1,1,559009,46601,90224,17732,0.43166660491311276,0.27562837113145666
19532,0.1978246628806755,1,6,1,559015,46595,90225,17731,0.4316110267145874,0.27564281938873864
19533,0.1978260676307756,5,16,5,559031,46579,90230,17726,0.43146281818518656,0.27565508125340177
19534,0.197829297792777,11,39,11,559070,46540,90241,17715,0.43110155989477195,0.27569838923041007
19535,0.197830016281539,0,3,0,559073,46537,90241,17715,0.4310737707955093,0.2757112619062442
19536,0.1978381415685442,1,4,1,559077,46533,90242,17714,0.43103671866315907,0.27571715410836306
19537,0.1978411363513142,1,5,1,559082,46528,90243,17713,0.4309904034977213,0.2757273392381812
19538,0.1978521378745493,1,2,1,559084,46526,90244,17712,0.4309718774315462,0.27572464896167376
19539,0.1978557346991795,164,455,164,559539,46071,90408,17548,0.42675719737670903,0.2758295477766076
19540,0.1978573575551529,30,122,30,559661,45949,90438,17518,0.4256271073400274,0.27601745789150267
19541,0.1978577140247388,1,1,1,559662,45948,90439,17517,0.4256178443069399,0.27601039943275824
19542,0.1978581065586008,1,6,1,559668,45942,90440,17516,0.4255622661084145,0.276025087459422
19543,0.1978633927110988,7,13,7,559681,45929,90447,17509,0.42544184667827634,0.27600176550332606
19544,0.1978673985403737,8,23,8,559704,45906,90455,17501,0.42522879691726256,0.27601053511441953
19545,0.1978708902642612,30,40,30,559744,45866,90485,17471,0.42485827559376044,0.2758419249411876
19546,0.1978737132915845,450,1602,450,561346,44264,90935,17021,0.4100188965874986,0.27773517173859835
19547,0.1978766919554425,6,27,6,561373,44237,90941,17015,0.40976879469413463,0.2777868477763991
19548,0.1978792099162347,1,0,1,561373,44237,90942,17014,0.40976879469413463,0.2777750567337676
19549,0.1978800169304153,29,117,29,561490,44120,90971,16985,0.4086850198228908,0.27796416005236885
19550,0.1978826703927855,42,67,42,561557,44053,91013,16943,0.40806439660602467,0.27777231293855337
19551,0.197883620267745,14,45,14,561602,44008,91027,16929,0.40764756011708475,0.2778115102482892
19552,0.1978842569790534,1,7,1,561609,44001,91028,16928,0.4075827188854719,0.2778315744555138
19553,0.1978914367706639,15,31,15,561640,43970,91043,16913,0.40729556485975765,0.27779511522099765
19554,0.1978916740647234,0,2,0,561642,43968,91043,16913,0.40727703879358257,0.27780424106042934
19555,0.1978949881727652,0,2,0,561644,43966,91043,16913,0.4072585127274075,0.27781336749946617
19556,0.1978971416705966,15,29,15,561673,43937,91058,16898,0.4069898847678684,0.2777677323908934
19557,0.1978978063427368,1,2,1,561675,43935,91059,16897,0.40697135870169326,0.2777649921094161
19558,0.1979060779979554,3,10,3,561685,43925,91062,16894,0.40687872837081773,0.27777503740607373
19559,0.1979061596169916,3,4,3,561689,43921,91065,16891,0.4068416762384675,0.27775767940538054
19560,0.1979069063176011,13,56,13,561745,43865,91078,16878,0.4063229463855645,0.27785917718914116
19561,0.1979122172074298,0,3,0,561748,43862,91078,16878,0.40629515728630183,0.2778729008890352
19562,0.1979126970864574,9,50,9,561798,43812,91087,16869,0.4058320056319241,0.2779947594799031
19563,0.197913778971254,72,305,72,562103,43507,91159,16797,0.4030067805402201,0.2785387370655346
19564,0.197914461918288,0,1,0,562104,43506,91159,16797,0.40299751750713253,0.2785433560519377
19565,0.1979145022082106,26,74,26,562178,43432,91185,16771,0.40231205305865353,0.2785741574340149
19566,0.1979160242030805,11,12,11,562190,43420,91196,16760,0.40220089666160286,0.27849783981389165
19567,0.1979172984796937,2,0,2,562190,43420,91198,16758,0.40220089666160286,0.27847386087939113
19568,0.1979215193024759,1,11,1,562201,43409,91199,16757,0.40209900329763976,0.278512781305056
19569,0.1979228218601841,0,2,0,562203,43407,91199,16757,0.4020804772314647,0.27852203975799483
19570,0.1979236288743646,45,175,45,562378,43232,91244,16712,0.4004594464411427,0.2787935406379287
19571,0.1979241192296441,0,3,0,562381,43229,91244,16712,0.40043165734188,0.27880749403580185
19572,0.1979250618530341,1,1,1,562382,43228,91245,16711,0.40042239430879245,0.27880011344867284
19573,0.1979303588882977,1,3,1,562385,43225,91246,16710,0.4003946052095298,0.2788020355385
19574,0.1979321541233629,0,7,0,562392,43218,91246,16710,0.4003297639779169,0.2788346015218262
19575,0.1979360674234421,1,1,1,562393,43217,91247,16709,0.40032050094482935,0.27882722023829387
19576,0.1979365097926365,8,13,8,562406,43204,91255,16701,0.40020008151469116,0.27879141974793425
19577,0.1979403457341355,4,5,4,562411,43199,91259,16697,0.4001537663492534,0.2787665286496594
19578,0.1979415396570598,0,1,0,562412,43198,91259,16697,0.40014450331616586,0.2787711829034143
19579,0.1979488734524306,0,1,0,562413,43197,91259,16697,0.4001352402830783,0.2787758373125856
19580,0.1979558996548619,2,2,2,562415,43195,91261,16695,0.4001167142169032,0.27876106194690264
19581,0.1979579755247903,0,3,0,562418,43192,91261,16695,0.4000889251176405,0.27877502629953077
19582,0.1979648174055982,5,4,5,562422,43188,91266,16690,0.4000518729852903,0.27873342463008116
19583,0.1979651284833542,0,2,0,562424,43186,91266,16690,0.4000333469191152,0.278742734985637
19584,0.1979655575198822,0,1,0,562425,43185,91266,16690,0.4000240838860276,0.2787473903966597
19585,0.1979687381575303,4,5,4,562430,43180,91270,16686,0.3999777687205899,0.27872248020579293
19586,0.197970533051663,2,4,2,562434,43176,91272,16684,0.39994071658823965,0.27871700634814567
19587,0.1979815873073456,0,3,0,562437,43173,91272,16684,0.399912927488977,0.27873097549158826
19588,0.197982539761445,1,5,1,562442,43168,91273,16683,0.3998666123235392,0.27874220982105563
19589,0.1979868581739987,18,79,18,562521,43089,91291,16665,0.3991348327096224,0.2788934631991164
19590,0.1979875319735191,4,8,4,562529,43081,91295,16661,0.399060728444922,0.2788825282046132
19591,0.1979884745969091,7,26,7,562555,43055,91302,16654,0.3988198895846456,0.2789194258821953
19592,0.197988859214837,7,19,7,562574,43036,91309,16647,0.39864389195598204,0.2789236465995342
19593,0.1979901634705901,19,69,19,562643,42967,91328,16628,0.39800474267294084,0.2790166960315463
19594,0.197995620906432,3,16,3,562659,42951,91331,16625,0.39785653414353994,0.2790553242916611
19595,0.1979966983859067,12,32,12,562691,42919,91343,16613,0.3975601170847382,0.2790600013438151
19596,0.1979983524541161,0,2,0,562693,42917,91343,16613,0.3975415910185631,0.27906937678481436
19597,0.1980049524009348,2,6,2,562699,42911,91345,16611,0.3974860128200378,0.27907328382782837
19598,0.1980060044121465,43,144,43,562843,42767,91388,16568,0.39615213605543,0.27922811156989974
19599,0.1980086405592205,5,4,5,562847,42763,91393,16563,0.39611508392307976,0.27918619155176483
19600,0.1980086983225256,0,2,0,562849,42761,91393,16563,0.3960965578569047,0.2791956038028454
19601,0.198010542720838,0,4,0,562853,42757,91393,16563,0.39605950572455445,0.27921443020903575
19602,0.1980217962349595,0,1,0,562854,42756,91393,16563,0.3960502426914669,0.2792191372073029
19603,0.1980223522108782,0,1,0,562855,42755,91393,16563,0.39604097965837937,0.2792238443642739
19604,0.1980254781576693,0,1,0,562856,42754,91393,16563,0.3960317166252918,0.27922855167995686
19605,0.1980283497365088,1,8,1,562864,42746,91394,16562,0.39595761236059135,0.27925406353274435
19606,0.1980290658436224,2,0,2,562864,42746,91396,16560,0.39595761236059135,0.2792297575287492
19607,0.1980297639151365,3,4,3,562868,42742,91399,16557,0.3959205602282411,0.2792121283664143
19608,0.1980309956405034,4,8,4,562876,42734,91403,16553,0.3958464559635407,0.27920117395044447
19609,0.198032673240476,0,1,0,562877,42733,91403,16553,0.39583719293045316,0.2792058833451405
19610,0.1980345766475627,21,45,21,562922,42688,91424,16532,0.3954203564415132,0.2791624451198919
19611,0.1980346687721452,1,3,1,562925,42685,91425,16531,0.39539256734225053,0.27916441502296674
19612,0.1980456386795753,1,5,1,562930,42680,91426,16530,0.3953462521768128,0.2791758148961324
19613,0.1980496096618311,6,14,6,562944,42666,91432,16524,0.39521656971358704,0.2791687785098834
19614,0.1980501286818643,3,2,3,562946,42664,91435,16521,0.3951980436474119,0.27914167441074594
19615,0.1980515071473159,14,57,14,563003,42607,91449,16507,0.3946700507614213,0.27924011232533746
19616,0.1980528424519275,6,25,6,563028,42582,91455,16501,0.39443847493423245,0.2792850735406124
19617,0.1980535762144651,179,720,179,563748,41862,91634,16322,0.38776909111119345,0.2805238553554242
19618,0.1980550142301399,19,23,19,563771,41839,91653,16303,0.3875560413501797,0.28039971105225137
19619,0.1980556444140563,2,8,2,563779,41831,91655,16301,0.3874819370854793,0.2804135415949907
19620,0.1980586403112819,2,5,2,563784,41826,91657,16299,0.3874356219200415,0.2804129032258065
19621,0.1980592271171671,2,10,2,563794,41816,91659,16297,0.38734299158916596,0.2804363911689295
19622,0.1980617651979912,2,5,2,563799,41811,91661,16295,0.38729667642372817,0.28043575534368226
19623,0.1980672943819145,0,1,0,563800,41810,91661,16295,0.38728741339064066,0.2804405817055331
19624,0.1980689917641716,0,12,0,563812,41798,91661,16295,0.38717625699359,0.280498511008211
19625,0.1980711608584079,0,3,0,563815,41795,91661,16295,0.38714846789432733,0.28051299707350663
19626,0.1980713393524757,177,654,177,564469,41141,91838,16118,0.3810904442550669,0.28149286575036236
19627,0.1980718853914649,12,16,12,564485,41125,91850,16106,0.380942235725666,0.2814209082490259
19628,0.1980740964800866,2,1,2,564486,41124,91852,16104,0.3809329726925785,0.2814007129377228
19629,0.1980763554109285,25,92,25,564578,41032,91877,16079,0.3800807736485235,0.2815394582479732
19630,0.1980852089788345,10,39,10,564617,40993,91887,16069,0.3797195153581089,0.2816059724510182
19631,0.1980878089060027,0,1,0,564618,40992,91887,16069,0.3797102523250213,0.28161090762517305
19632,0.1980881969596172,2,14,2,564632,40978,91889,16067,0.37958056986179556,0.281654833903059
19633,0.1980910648061003,1,0,1,564632,40978,91890,16066,0.37958056986179556,0.2816422410770633
19634,0.1980926035467269,19,56,19,564688,40922,91909,16047,0.37906184000889254,0.28167950990889784
19635,0.1980939054947615,1,4,1,564692,40918,91910,16046,0.3790247878765423,0.2816866793062285
19636,0.1980979893914377,172,407,172,565099,40511,92082,15874,0.3752547334099077,0.281528775383524
19637,0.1981042339756193,0,1,0,565100,40510,92082,15874,0.3752454703768202,0.28153376844494893
19638,0.1981044109053192,3,2,3,565102,40508,92085,15871,0.37522694431064507,0.28150552510686605
19639,0.1981052293334184,1,1,1,565103,40507,92086,15870,0.3752176812775575,0.2814977739148944
19640,0.1981066371458133,75,160,75,565263,40347,92161,15795,0.37373559598354883,0.2813401731324142
19641,0.1981067115237501,1,4,1,565267,40343,92162,15794,0.37369854385119866,0.28134741792400736
19642,0.1981090514234503,8,21,8,565288,40322,92170,15786,0.37350402015636,0.2813502530833393
19643,0.1981114077561088,3,17,3,565305,40305,92173,15783,0.37334654859387156,0.28139709028669235
19644,0.1981120706870339,8,20,8,565325,40285,92181,15775,0.3731612879321205,0.2813949339992865
19645,0.1981135470220993,1,4,1,565329,40281,92182,15774,0.3731242357997703,0.2814021942734814
19646,0.1981213017309901,0,1,0,565330,40280,92182,15774,0.3731149727666827,0.28140721447175937
19647,0.1981213489251316,0,3,0,565333,40277,92182,15774,0.37308718366742005,0.2814222761413713
19648,0.1981228328727802,3,8,3,565341,40269,92185,15771,0.3730130794027196,0.28142398286937903
19649,0.1981243455397645,3,5,3,565346,40264,92188,15768,0.37296676423728187,0.28141062250142773
19650,0.1981363766149008,1,4,1,565350,40260,92189,15767,0.37292971210493164,0.28141788780409444
19651,0.1981403340561622,0,6,0,565356,40254,92189,15767,0.37287413390640634,0.2814480284179147
19652,0.1981436727539161,0,1,0,565357,40253,92189,15767,0.37286487087331877,0.2814530524812567
19653,0.1981446007821254,0,2,0,565359,40251,92189,15767,0.3728463448071436,0.2814631011460602
19654,0.1981463783275514,1,2,1,565361,40249,92190,15766,0.37282781874096854,0.28146032312773367
19655,0.1981479161460717,237,839,237,566200,39410,92427,15529,0.36505613398051057,0.2826589490161816
19656,0.1981512216498778,5,19,5,566219,39391,92432,15524,0.3648801363518471,0.28269143221342075
19657,0.1981538033935649,1,2,1,566221,39389,92433,15523,0.36486161028567193,0.2826886655011655
19658,0.1981549842878398,2,6,2,566227,39383,92435,15521,0.3648060320871466,0.28269342852979745
19659,0.1981552552120017,2,1,2,566228,39382,92437,15519,0.36479676905405906,0.28267244676781844
19660,0.1981577063530025,0,4,0,566232,39378,92437,15519,0.36475971692170883,0.2826930433357014
19661,0.1981609564504086,0,3,0,566235,39375,92437,15519,0.3647319278224462,0.28270849273144605
19662,0.1981628925860247,4,21,4,566256,39354,92441,15515,0.36453740412760754,0.282764402485921
19663,0.1981662937322926,61,213,61,566469,39141,92502,15454,0.3625643780799585,0.2830662148548402
19664,0.1981686420772934,0,6,0,566475,39135,92502,15454,0.3625087998814332,0.28309732730037185
19665,0.1981696565506631,8,16,8,566491,39119,92510,15446,0.3623605913520323,0.2830752313754238
19666,0.1981759716404625,31,72,31,566563,39047,92541,15415,0.3616936529697284,0.28304138665491535
19667,0.1981783877376087,0,2,0,566565,39045,92541,15415,0.3616751269035533,0.28305178112376056
19668,0.1981832708301737,7,15,7,566580,39030,92548,15408,0.36153618140724,0.2830375840405599
19669,0.1981838955408053,3,5,3,566585,39025,92551,15405,0.36148986624180224,0.283024067609774
19670,0.1981845481531114,2,0,2,566585,39025,92553,15403,0.36148986624180224,0.28299772176085836
19671,0.1981943936079235,34,109,34,566694,38916,92587,15369,0.3604801956352588,0.2831168831168831
19672,0.1982037468000372,4,15,4,566709,38901,92591,15365,0.3603412501389455,0.2831422990454428
19673,0.1982052909334703,0,3,0,566712,38898,92591,15365,0.3603134610396828,0.2831579529329377
19674,0.1982065045299741,8,18,8,566730,38880,92599,15357,0.36014672644410683,0.28314619171414346
19675,0.1982079373500441,6,18,6,566748,38862,92605,15351,0.35997999184853086,0.2831608654750706
19676,0.1982093283559339,3,9,3,566757,38853,92608,15348,0.3598966245507429,0.28316820722864894
19677,0.198211750597073,5,8,5,566765,38845,92613,15343,0.35982252028604245,0.2831438694914003
19678,0.1982224239954901,26,89,26,566854,38756,92639,15317,0.3589981103412501,0.28326521554195255
19679,0.1982254548743498,4,21,4,566875,38735,92643,15313,0.3588035866464115,0.2833222320899941
19680,0.1982268827741231,7,21,7,566896,38714,92650,15306,0.35860906295157285,0.2833395038874491
19681,0.1982312993791473,0,7,0,566903,38707,92650,15306,0.35854422171996,0.283376224242312
19682,0.1982325171855519,5,9,5,566912,38698,92655,15301,0.358460854422172,0.28335709920554086
19683,0.1982327343638404,0,1,0,566913,38697,92655,15301,0.35845159138908445,0.28336234675358346
19684,0.1982346395782517,0,1,0,566914,38696,92655,15301,0.3584423283559969,0.2833675944959905
19685,0.1982382790853366,0,1,0,566915,38695,92655,15301,0.35843306532290936,0.2833728424327728
19686,0.1982386111411027,1,3,1,566918,38692,92656,15300,0.35840527622364665,0.28337531486146095
19687,0.1982436522932477,1,5,1,566923,38687,92657,15299,0.3583589610582089,0.2833882858518875
19688,0.1982436988766708,1,2,1,566925,38685,92658,15298,0.3583404349920338,0.2833855102532279
19689,0.1982458523745021,1,3,1,566928,38682,92659,15297,0.3583126458927711,0.283387984216084
19690,0.1982466552600349,1,0,1,566928,38682,92660,15296,0.3583126458927711,0.28337470821445776
19691,0.1982489028774197,0,2,0,566930,38680,92660,15296,0.35829411982659604,0.28338520824069957
19692,0.1982546889932974,2,9,2,566939,38671,92662,15294,0.358210752528808,0.28340591123876585
19693,0.1982556170215066,6,8,6,566947,38663,92668,15288,0.3581366482641076,0.2833682415525199
19694,0.1982687225923838,9,29,9,566976,38634,92677,15279,0.35786802030456855,0.2834010350008347
19695,0.1982717120556235,11,18,11,566994,38616,92688,15268,0.35770128570899257,0.2833494172667211
19696,0.1982719578614425,0,1,0,566995,38615,92688,15268,0.357692022675905,0.2833546758717963
19697,0.1982727410998089,21,36,21,567031,38579,92709,15247,0.35735855348475304,0.2832645933192138
19698,0.1982776791710015,21,126,21,567157,38453,92730,15226,0.35619141131572124,0.28364909927532184
19699,0.198279186996451,3,4,3,567161,38449,92733,15223,0.356154359183371,0.2836301982411686
19700,0.1982811836253016,0,5,0,567166,38444,92733,15223,0.3561080440179332,0.2836566232507873
19701,0.1982832056879664,4,3,4,567169,38441,92737,15219,0.35608025491867057,0.283619083115915
19702,0.1982844815397198,0,1,0,567170,38440,92737,15219,0.356070991885583,0.28362436869863394
19703,0.1982866242230666,0,1,0,567171,38439,92737,15219,0.3560617288524955,0.28362965447836297
19704,0.1982867655117041,2,4,2,567175,38435,92739,15217,0.35602467672014526,0.2836240960262432
19705,0.1982878511469099,2,11,2,567186,38424,92741,15215,0.35592278335618216,0.28365554913402563
19706,0.1982918932439781,6,5,6,567191,38419,92747,15209,0.35587646819074437,0.28360184977996566
19707,0.1982947121230223,17,22,17,567213,38397,92764,15192,0.35567268146281816,0.28349101494709733
19708,0.1982959335918202,0,3,0,567216,38394,92764,15192,0.3556448923635555,0.28350688612697345
19709,0.1982973120501905,3,5,3,567221,38389,92767,15189,0.35559857719811777,0.2834932248310874
19710,0.1982974298074684,3,5,3,567226,38384,92770,15186,0.35555226203268,0.2834795594549188
19711,0.1982975449445821,2,5,2,567231,38379,92772,15184,0.3555059468672422,0.28347926740473833
19712,0.198306200313395,5,13,5,567244,38366,92777,15179,0.355385527437104,0.2834811840507984
19713,0.19831006800391,1,9,1,567253,38357,92778,15178,0.35530216013931604,0.2835154571775474
19714,0.1983149717807691,10,18,10,567271,38339,92788,15168,0.35513542554374006,0.2834769282523782
19715,0.1983205816749728,30,117,30,567388,38222,92818,15138,0.3540516506724962,0.28369565217391307
19716,0.1983212911149509,45,169,45,567557,38053,92863,15093,0.35248619808069953,0.283991269333534
19717,0.1983232914327426,1,0,1,567557,38053,92864,15092,0.35248619808069953,0.28397779659422334
19718,0.1983234890405264,2,4,2,567561,38049,92866,15090,0.3524491459483493,0.2839722237904364
19719,0.1983240984469231,13,40,13,567601,38009,92879,15077,0.3520786246248472,0.2840108503183513
19720,0.1983265717079003,0,4,0,567605,38005,92879,15077,0.35204157249249696,0.28403225198749105
19721,0.1983266237469846,0,2,0,567607,38003,92879,15077,0.3520230464263218,0.28404295403165036
19722,0.1983281334717246,12,27,12,567634,37976,92891,15065,0.3517729445329579,0.28402556512886257
19723,0.1983287706584988,0,1,0,567635,37975,92891,15065,0.3517636814998703,0.2840309200603318
19724,0.1983327262737202,1,4,1,567639,37971,92892,15064,0.3517266293675201,0.28403884227397
19725,0.1983340147203065,10,23,10,567662,37948,92902,15054,0.35151357960650637,0.2840270178483831
19726,0.1983353706053175,0,9,0,567671,37939,92902,15054,0.35143021230871835,0.28407525522238786
19727,0.1983362258089282,0,2,0,567673,37937,92902,15054,0.35141168624254326,0.2840859768639958
19728,0.1983395455357696,0,1,0,567674,37936,92902,15054,0.3514024232094557,0.28409133798829966
19729,0.1983423862244308,2,10,2,567684,37926,92904,15052,0.35130979287858016,0.2841179357469138
19730,0.1983431413864606,9,28,9,567712,37898,92913,15043,0.35105042795212865,0.2841465027105646
19731,0.1983441212476253,9,9,9,567721,37889,92922,15034,0.35096706065434063,0.2840730873155339
19732,0.1983443316103376,2,0,2,567721,37889,92924,15032,0.35096706065434063,0.2840460308762117
19733,0.198354715116052,3,17,3,567738,37872,92927,15029,0.3508095890918522,0.2840967089469008
19734,0.1983580967288188,2,1,2,567739,37871,92929,15027,0.35080032605876466,0.28407501228779913
19735,0.1983607247940656,4,10,4,567749,37861,92933,15023,0.3507076957278891,0.28407457832236593
19736,0.1983612042835508,6,11,6,567760,37850,92939,15017,0.350605802363926,0.28405243346511055
19737,0.1983651930812377,1,0,1,567760,37850,92940,15016,0.350605802363926,0.2840388907804638
19738,0.1983676868664434,11,28,11,567788,37822,92951,15005,0.3503464374374745,0.28404035815018835
19739,0.1983691056797254,8,17,8,567805,37805,92959,14997,0.3501889658749861,0.28402333244952843
19740,0.198370553997145,4,5,4,567810,37800,92963,14993,0.3501426507095483,0.2839959843161025
19741,0.1983781452214812,5,8,5,567818,37792,92968,14988,0.3500685464448479,0.2839712012125805
19742,0.1983818333797669,0,3,0,567821,37789,92968,14988,0.35004075734558526,0.2839873429713701
19743,0.1983834782539732,0,2,0,567823,37787,92968,14988,0.3500222312794101,0.28399810516342966
19744,0.1983839944188478,272,966,272,568789,36821,93240,14716,0.3410741413168328,0.28554242582998624
19745,0.1983870500496466,4,7,4,568796,36814,93244,14712,0.3410093000852199,0.2855257539882778
19746,0.1983905724351599,1,6,1,568802,36808,93245,14711,0.3409537218866946,0.2855451386866981
19747,0.1983921834023738,5,3,5,568805,36805,93250,14706,0.34092593278743194,0.2854924190949506
19748,0.1983950497756696,20,54,20,568859,36751,93270,14686,0.340425729000704,0.28551431848669245
19749,0.1983961390175952,13,60,13,568919,36691,93283,14673,0.33986994701545076,0.2856670041274044
19750,0.1983988673862912,20,52,20,568971,36639,93303,14653,0.3393882692948979,0.28567807845278015
19751,0.1984012126744694,5,16,5,568987,36623,93308,14648,0.33924006076549706,0.28569756782586647
19752,0.1984058994923898,7,10,7,568997,36613,93315,14641,0.33914743043462153,0.2856557536972724
19753,0.1984079378210726,0,1,0,568998,36612,93315,14641,0.33913816740153396,0.28566132714182585
19754,0.1984109795392037,1,0,1,568998,36612,93316,14640,0.33913816740153396,0.2856473893701709
19755,0.1984110528863773,0,9,0,569007,36603,93316,14640,0.33905480010374595,0.28569755869094315
19756,0.198412343214781,3,14,3,569021,36589,93319,14637,0.3389251176405202,0.28573380705110685
19757,0.1984177024680771,0,7,0,569028,36582,93319,14637,0.3388602764089073,0.2857728577285773
19758,0.1984283999666194,0,1,0,569029,36581,93319,14637,0.3388510133758198,0.2857784372681479
19759,0.1984284230611342,60,191,60,569220,36390,93379,14577,0.3370817740560969,0.28600859379598564
19760,0.1984286058251127,4,3,4,569223,36387,93383,14573,0.33705398495683425,0.28596938775510206
19761,0.1984341843791092,0,6,0,569229,36381,93383,14573,0.33699840675830894,0.286003061584959
19762,0.1984349580185376,5,9,5,569238,36372,93388,14568,0.3369150394605209,0.2859835100117786
19763,0.1984376399863659,3,5,3,569243,36367,93391,14565,0.3368687242950832,0.28596952799811515
19764,0.1984405452039395,3,1,3,569244,36366,93394,14562,0.3368594612619956,0.285933081998115
19765,0.1984439179098536,1,6,1,569250,36360,93395,14561,0.3368038830634703,0.28595275033876005
19766,0.1984449133435873,5,5,5,569255,36355,93400,14556,0.3367575678980325,0.2859107069199191
19767,0.1984454001590153,7,15,7,569270,36340,93407,14549,0.3366186224017192,0.2858967556839396
19768,0.198446677481953,1,0,1,569270,36340,93408,14548,0.3366186224017192,0.2858827228423204
19769,0.1984503138994252,1,4,1,569274,36336,93409,14547,0.336581570269369,0.2858911620777077
19770,0.1984503786692411,3,10,3,569284,36326,93412,14544,0.33648893993849344,0.28590524867308825
19771,0.1984537716631397,3,1,3,569285,36325,93415,14541,0.3364796769054059,0.28586875319466837
19772,0.1984545268251694,3,22,3,569307,36303,93418,14538,0.3362758901774797,0.28595031569009266
19773,0.1984552678787879,16,20,16,569327,36283,93434,14522,0.33609062951572866,0.28583800807007187
19774,0.1984553478497188,8,19,8,569346,36264,93442,14514,0.3359146318870651,0.28583244712276973
19775,0.1984561584042227,0,1,0,569347,36263,93442,14514,0.33590536885397754,0.28583807629438523
19776,0.1984586107847898,42,56,42,569403,36207,93484,14472,0.3353866390010745,0.2855620671283964
19777,0.1984662412845334,2,10,2,569413,36197,93486,14470,0.335294008670199,0.28559022638008963
19778,0.1984683201916417,0,1,0,569414,36196,93486,14470,0.3352847456371114,0.2855958631034619
19779,0.1984743922830787,6,17,6,569431,36179,93492,14464,0.335127274074623,0.2856070927867622
19780,0.1984747078757663,4,9,4,569440,36170,93496,14460,0.335043906776835,0.2856014220817697
19781,0.1984748452546672,1,0,1,569440,36170,93497,14459,0.335043906776835,0.28558731161982265
19782,0.1984809144535138,4,9,4,569449,36161,93501,14455,0.334960539479047,0.2855816342658448
19783,0.1984815911067967,2,2,2,569451,36159,93503,14453,0.3349420134128719,0.2855646882162333
19784,0.1984818349648091,0,2,0,569453,36157,93503,14453,0.3349234873466968,0.28557597312784033
19785,0.1984822442439967,11,25,11,569478,36132,93514,14442,0.33469191151950795,0.28556175109740184
19786,0.1984833016627727,4,19,4,569497,36113,93518,14438,0.3345159138908444,0.28561254970228084
19787,0.1984839039499243,29,83,29,569580,36030,93547,14409,0.33374708214457743,0.2856718015821091
19788,0.1984856938529463,26,68,26,569648,35962,93573,14383,0.33311719589462374,0.2856887476412752
19789,0.1984862234076672,0,1,0,569649,35961,93573,14383,0.33310793286153617,0.28569442237406645
19790,0.1984890121029647,8,20,8,569669,35941,93581,14375,0.3329226721997851,0.2856944113204547
19791,0.1984916386476892,0,1,0,569670,35940,93581,14375,0.33291340916669754,0.28570008943654973
19792,0.1984918127104945,3,4,3,569674,35936,93584,14372,0.3328763570343473,0.28568020990697307
19793,0.1984964159500788,2,2,2,569676,35934,93586,14370,0.33285783096817223,0.2856631679389313
19794,0.1984973836070891,1,2,1,569678,35932,93587,14369,0.3328393049019971,0.2856603248444365
19795,0.1984981387691188,2,18,2,569696,35914,93589,14367,0.3326725703064211,0.2857341739424435
19796,0.1984990602816762,3,12,3,569708,35902,93592,14364,0.3325614139093705,0.2857597580869773
19797,0.198506417056908,0,3,0,569711,35899,93592,14364,0.33253362481010784,0.2857768139585779
19798,0.1985169157317711,29,86,29,569797,35813,93621,14335,0.33173700396457817,0.2858538725372896
19799,0.1985195711480978,0,5,0,569802,35808,93621,14335,0.3316906887991404,0.285882376403486
19800,0.198521793178468,15,33,15,569835,35775,93636,14320,0.3313850087072511,0.2858568719433077
19801,0.1985218564226428,2,2,2,569837,35773,93638,14318,0.331366482641076,0.2858397716156595
19802,0.1985283990883306,13,22,13,569859,35751,93651,14305,0.3311626959131498,0.2857799264823398
19803,0.1985381206196413,36,56,36,569915,35695,93687,14269,0.33064396606024676,0.2855856216475863
19804,0.1985384756366314,0,2,0,569917,35693,93687,14269,0.3306254399940717,0.28559705376085825
19805,0.198539808499843,39,128,39,570045,35565,93726,14230,0.32943977175886474,0.28577166382166885
19806,0.1985413163252926,4,7,4,570052,35558,93730,14226,0.32937493052725186,0.28575445926402054
19807,0.1985431887700657,0,2,0,570054,35556,93730,14226,0.3293564044610767,0.28576593949620344
19808,0.1985519306426483,0,3,0,570057,35553,93730,14226,0.32932861536181407,0.2857831615741578
19809,0.1985533956999524,8,39,8,570096,35514,93738,14218,0.32896735707139946,0.2858923831738116
19810,0.1985534268582964,5,3,5,570099,35511,93743,14213,0.3289395679721368,0.2858378247928566
19811,0.1985558730787325,3,2,3,570101,35509,93746,14210,0.32892104190596166,0.285806231018323
19812,0.1985577841428105,0,2,0,570103,35507,93746,14210,0.3289025158397866,0.2858177283424181
19813,0.19855955913631,3,2,3,570105,35505,93749,14207,0.3288839897736115,0.2857861280978436
19814,0.1985598286939539,23,64,23,570169,35441,93772,14184,0.328291155656008,0.285823677581864
19815,0.1985631993828325,0,9,0,570178,35432,93772,14184,0.32820778835822,0.2858755240245082
19816,0.1985733220856153,1,2,1,570180,35430,93773,14183,0.3281892622920449,0.28587265434462744
19817,0.1985746692155623,0,1,0,570181,35429,93773,14183,0.32817999925895736,0.28587841651213414
19818,0.1985772575239147,2,10,2,570191,35419,93775,14181,0.3280873689280818,0.2859072580645161
19819,0.1985834204437924,61,194,61,570385,35225,93836,14120,0.3262903405090963,0.2861485459519708
19820,0.1985934171577861,13,28,13,570413,35197,93849,14107,0.32603097558264477,0.2861228297906864
19821,0.1985955425865977,0,1,0,570414,35196,93849,14107,0.32602171254955725,0.286128633146056
19822,0.1986016748646112,0,1,0,570415,35195,93849,14107,0.3260124495164697,0.28613443673684635
19823,0.1986017135911436,14,50,14,570465,35145,93863,14093,0.32554929786209197,0.2862220236402778
19824,0.1986045155532724,2,7,2,570472,35138,93865,14091,0.3254844566304791,0.2862337240244571
19825,0.1986045346311826,13,39,13,570511,35099,93878,14078,0.3251231983400645,0.2862720377412205
19826,0.1986066541634377,6,8,6,570519,35091,93884,14072,0.32504909407536403,0.28623151557065274
19827,0.1986069741025326,1,6,1,570525,35085,93885,14071,0.3249935158768387,0.2862519326226707
19828,0.1986139434202788,2,5,2,570530,35080,93887,14069,0.32494720071140093,0.2862520091965248
19829,0.1986170424274493,0,5,0,570535,35075,93887,14069,0.3249008855459632,0.28628113299690705
19830,0.1986174332962893,0,5,0,570540,35070,93887,14069,0.3248545703805254,0.28631026272410914
19831,0.19862601704207,1,12,1,570552,35058,93888,14068,0.3247434139834747,0.28636567194560925
19832,0.1986273523466816,5,6,5,570558,35052,93893,14063,0.3246878357849494,0.28632800570090605
19833,0.1986276699485427,3,8,3,570566,35044,93896,14060,0.32461373152024897,0.2863310524600847
19834,0.1986326833259866,9,22,9,570588,35022,93905,14051,0.3244099447923228,0.28632853096407396
19835,0.1986348359061028,1,9,1,570597,35013,93906,14050,0.3243265774945348,0.2863665083667937
19836,0.1986351103280179,0,2,0,570599,35011,93906,14050,0.3243080514283597,0.2863781822628972
19837,0.1986380819594374,4,6,4,570605,35005,93910,14046,0.32425247322983436,0.28635501824631504
19838,0.1986448828207586,4,8,4,570613,34997,93914,14042,0.32417836896513397,0.286343522502498
19839,0.1986493724499782,0,2,0,570615,34995,93914,14042,0.3241598428989588,0.28635520117462326
19840,0.1986555023868531,3,3,3,570618,34992,93917,14039,0.3241320537996962,0.28632905712712364
19841,0.1986569179675779,0,2,0,570620,34990,93917,14039,0.3241135277335211,0.2863407371147688
19842,0.1986595225631498,3,15,3,570635,34975,93920,14036,0.32397458223720776,0.28638468915141496
19843,0.198659817043613,1,1,1,570636,34974,93921,14035,0.3239653192041202,0.28637597176028895
19844,0.1986631444781029,3,8,3,570644,34966,93924,14032,0.32389121493941975,0.2863790358790155
19845,0.1986733358332928,0,1,0,570645,34965,93924,14032,0.32388195190633223,0.28638488070698204
19846,0.1986760953663258,108,275,108,570920,34690,94032,13924,0.3213346178072548,0.28641954992389024
19847,0.1986768158803483,0,1,0,570921,34689,94032,13924,0.32132535477416724,0.28642544175426327
19848,0.198684985839276,0,2,0,570923,34687,94032,13924,0.32130682870799215,0.28643722614223116
19849,0.1986855041554221,9,16,9,570939,34671,94041,13915,0.32115862017859126,0.28639937430535545
19850,0.1986865805817879,0,2,0,570941,34669,94041,13915,0.3211400941124162,0.2864111641692738
19851,0.1986936579937911,1,5,1,570946,34664,94042,13914,0.3210937789469784,0.28642595413561694
19852,0.1986963137079508,1,3,1,570949,34661,94043,13913,0.3210659898477157,0.2864289537612715
19853,0.1987011200121747,1,0,1,570949,34661,94044,13912,0.3210659898477157,0.2864142630679596
19854,0.1987021621423614,0,1,0,570950,34660,94044,13912,0.32105672681462816,0.2864201597628263
19855,0.1987026745327811,1,5,1,570955,34655,94045,13911,0.3210104116491904,0.28643495449491413
19856,0.1987075750035449,0,4,0,570959,34651,94045,13911,0.3209733595168402,0.28645854783575636
19857,0.198708563425864,3,8,3,570967,34643,94048,13908,0.32089925525213975,0.2864616588741736
19858,0.1987108019424247,2,11,2,570978,34632,94050,13906,0.32079736188817665,0.2864971774691994
19859,0.1987130990298524,4,18,4,570996,34614,94054,13902,0.32063062729260067,0.2865446450655454
19860,0.1987140478390444,0,4,0,571000,34610,94054,13902,0.3205935751602505,0.28656827176781
19861,0.1987159009919813,1,1,1,571001,34609,94055,13901,0.32058431212716293,0.286559472273758
19862,0.1987159244731901,4,31,4,571032,34578,94059,13897,0.32029715810144876,0.2866838576585869
19863,0.1987173972076294,9,20,9,571052,34558,94068,13888,0.32011189743969765,0.2866696940923915
19864,0.1987217606875093,13,30,13,571082,34528,94081,13875,0.31983400644707105,0.28665578579840095
19865,0.198726557221978,20,47,20,571129,34481,94101,13855,0.319398643891956,0.2866393578285336
19866,0.1987374024807788,1,4,1,571133,34477,94102,13854,0.31936159175960577,0.28664832095342535
19867,0.1987408036270467,16,46,16,571179,34431,94118,13838,0.3189354922375783,0.28668503594439493
19868,0.19874093455785,1,0,1,571179,34431,94119,13837,0.3189354922375783,0.28667025772768706
19869,0.1987440037416267,11,34,11,571213,34397,94130,13826,0.3186205491126014,0.2867096613649089
19870,0.1987447356403282,1,5,1,571218,34392,94131,13825,0.31857423394716367,0.2867245992077483
19871,0.198744896568436,1,4,1,571222,34388,94132,13824,0.31853718181481344,0.2867335932962748
19872,0.1987454309916144,6,11,6,571233,34377,94138,13818,0.31843528845085034,0.2867102396514161
19873,0.1987461265673992,76,241,76,571474,34136,94214,13742,0.3162028974767498,0.28702117882952505
19874,0.1987565465744193,8,14,8,571488,34122,94222,13734,0.31607321501352403,0.28698595787362086
19875,0.1987567109738018,12,31,12,571519,34091,94234,13722,0.31578606098780987,0.28699307719657835
19876,0.1987595129359307,2,6,2,571525,34085,94236,13720,0.3157304827892845,0.2869992678590106
19877,0.1987597158995182,2,1,2,571526,34084,94238,13718,0.315721219756197,0.286975440358144
19878,0.1987607129031764,3,12,3,571538,34072,94241,13715,0.3156100633591463,0.2870027413313244
19879,0.1987612092251,0,1,0,571539,34071,94241,13715,0.31560080032605875,0.2870087473318545
19880,0.1987648461996772,1,2,1,571541,34069,94242,13714,0.31558227425988367,0.28700583889667874
19881,0.1987653762229203,3,12,3,571553,34057,94245,13711,0.315471117862833,0.28703316027466086
19882,0.1987655748862364,4,6,4,571559,34051,94249,13707,0.3154155396643077,0.2870095062607312
19883,0.1987684060234148,4,5,4,571564,34046,94253,13703,0.3153692244988699,0.2869798320383673
19884,0.1987693318381417,21,63,21,571627,33983,94274,13682,0.314785653414354,0.2870450015734816
19885,0.1987708307665305,11,11,11,571638,33972,94285,13671,0.3146837600503909,0.286946665827089
19886,0.1987755018335211,0,3,0,571641,33969,94285,13671,0.31465597095112824,0.2869647355163728
19887,0.1987772207302098,1,0,1,571641,33969,94286,13670,0.31465597095112824,0.28694976804718825
19888,0.1987791357386882,8,21,8,571662,33948,94294,13662,0.3144614472562896,0.28695652173913044
19889,0.1987807321038079,0,2,0,571664,33946,94294,13662,0.31444292119011447,0.2869685767097967
19890,0.1987810144247282,2,2,2,571666,33944,94296,13660,0.3144243951239394,0.2869506764137467
19891,0.1987839225073096,13,23,13,571689,33921,94309,13647,0.3142113453629256,0.28689455095862765
19892,0.1987841723597501,0,4,0,571693,33917,94309,13647,0.31417429323057544,0.28691867799175846
19893,0.1987856085741877,18,52,18,571745,33865,94327,13629,0.3136926155100226,0.28696256369225587
19894,0.1987924002208225,3,2,3,571747,33863,94330,13626,0.3136740894438475,0.28692960475057383
19895,0.1987968834371288,2,13,2,571760,33850,94332,13624,0.31355367001370926,0.2869781354004297
19896,0.1987980832147377,0,14,0,571774,33836,94332,13624,0.3134239875504835,0.287062789717657
19897,0.1988081483842033,11,48,11,571822,33788,94343,13613,0.31297936196228093,0.28718803400772136
19898,0.1988124952929932,8,54,8,571876,33734,94351,13605,0.312479158175553,0.28739517100065487
19899,0.1988140599714899,0,1,0,571877,33733,94351,13605,0.3124698951424654,0.2874012421310575
19900,0.1988155561871381,0,4,0,571881,33729,94351,13605,0.31243284301011526,0.2874255292178983
19901,0.1988160275846589,0,2,0,571883,33727,94351,13605,0.3124143169439401,0.2874376743006845
19902,0.1988208326741592,0,1,0,571884,33726,94351,13605,0.31240505391085255,0.28744374722697597
19903,0.1988222309148772,2,4,2,571888,33722,94353,13603,0.3123680017785024,0.2874379292128896
19904,0.1988236733628204,2,4,2,571892,33718,94355,13601,0.31233094964615216,0.2874321097233669
19905,0.1988241256470514,32,104,32,571996,33614,94387,13569,0.3113675942050465,0.28758239196320706
19906,0.198826621059722,0,3,0,571999,33611,94387,13569,0.31133980510578385,0.2876006782534972
19907,0.1988268341544615,1,1,1,572000,33610,94388,13568,0.3113305420726963,0.2875916740853788
19908,0.1988269407125714,68,228,68,572228,33382,94456,13500,0.3092185705287339,0.287956998421569
19909,0.1988323146305774,0,1,0,572229,33381,94456,13500,0.3092093074956464,0.2879631407179881
19910,0.1988432746018388,10,22,10,572251,33359,94466,13490,0.3090055207677202,0.2879463809259536
19911,0.1988475851036252,8,8,8,572259,33351,94474,13482,0.30893141650301975,0.28787393504580105
19912,0.1988476923137544,4,3,4,572262,33348,94478,13478,0.3089036274037571,0.2878315465766882
19913,0.1988493273781541,8,11,8,572273,33337,94486,13470,0.308801734039794,0.28777746918195996
19914,0.1988521890657556,6,26,6,572299,33311,94492,13464,0.30856089517951757,0.28784607161945486
19915,0.1988638429199852,12,64,12,572363,33247,94504,13452,0.3079680610619141,0.28805756011906036
19916,0.1988639609559658,2,18,2,572381,33229,94506,13450,0.3078013264663381,0.28813813492148505
19917,0.1988650055310409,7,6,7,572387,33223,94513,13443,0.3077457482678128,0.2880684009771568
19918,0.1988656264356766,4,3,4,572390,33220,94517,13439,0.30771795916855016,0.28802588996763756
19919,0.1988711013382271,2,0,2,572390,33220,94519,13437,0.30771795916855016,0.2879953704695973
19920,0.1988728050031864,1,1,1,572391,33219,94520,13436,0.3077086961354626,0.28798628228485695
19921,0.1988771772556777,1,5,1,572396,33214,94521,13435,0.30766238097002485,0.2880018864284336
19922,0.1988813646156057,31,113,31,572509,33101,94552,13404,0.3066156582311312,0.288227072357811
19923,0.1988851538516814,0,1,0,572510,33100,94552,13404,0.30660639519804367,0.28823327025632206
19924,0.1988875883198022,14,25,14,572535,33075,94566,13390,0.3063748193708548,0.2881738943290649
19925,0.1988894816755232,3,7,3,572542,33068,94569,13387,0.30630997813924193,0.2881713486169411
19926,0.1988902468983366,17,45,17,572587,33023,94586,13370,0.30589314165030196,0.28819002866811805
19927,0.1988946874291705,1,0,1,572587,33023,94587,13369,0.30589314165030196,0.28817468529056733
19928,0.1988951829483737,0,5,0,572592,33018,94587,13369,0.3058468264848642,0.28820574729989007
19929,0.1988958010097049,12,22,12,572614,32996,94599,13357,0.305643039756938,0.2881582637585485
19930,0.1988978531796476,0,3,0,572617,32993,94599,13357,0.30561525065767536,0.28817691477885654
19931,0.1988986083416772,4,6,4,572623,32987,94603,13353,0.30555967245915,0.2881527837721191
19932,0.1989092626470872,5,4,5,572627,32983,94608,13348,0.30552262032679983,0.2881008396106279
19933,0.198911102238199,20,55,20,572682,32928,94628,13328,0.3050131535069843,0.288135593220339
19934,0.1989130461755989,3,1,3,572683,32927,94631,13325,0.30500389047389675,0.28809564991784137
19935,0.1989147132821765,0,2,0,572685,32925,94631,13325,0.30498536440772167,0.2881081081081081
19936,0.1989156553014023,39,97,39,572782,32828,94670,13286,0.3040868501982289,0.28811207008717526
19937,0.1989175539708377,2,15,2,572797,32813,94672,13284,0.30394790470191557,0.2881749354621776
19938,0.1989190472964194,2,1,2,572798,32812,94674,13282,0.30393864166882806,0.28815030155768645
19939,0.1989279646203426,0,2,0,572800,32810,94674,13282,0.3039201156026529,0.28816280482513235
19940,0.1989286252370681,0,1,0,572801,32809,94674,13282,0.3039108525695654,0.28816905686576555
19941,0.198929264562595,3,2,3,572803,32807,94677,13279,0.30389232650339026,0.28813522544807535
19942,0.1989331259742516,1,12,1,572815,32795,94678,13278,0.3037811701063396,0.2881948212619104
19943,0.1989350588015293,1,2,1,572817,32793,94679,13277,0.3037626440401645,0.28819188191881917
19944,0.1989389452091899,2,0,2,572817,32793,94681,13275,0.3037626440401645,0.2881609794217244
19945,0.1989391915098798,0,1,0,572818,32792,94681,13275,0.30375338100707694,0.2881672346799227
19946,0.1989456006148016,0,2,0,572820,32790,94681,13275,0.30373485494090185,0.2881797460110713
19947,0.1989487379908209,16,37,16,572857,32753,94697,13259,0.3033921227166623,0.2881639572285491
19948,0.1989526259276425,4,10,4,572867,32743,94701,13255,0.3032994923857868,0.2881647028131658
19949,0.1989662481643137,28,78,28,572945,32665,94729,13227,0.30257697580495757,0.2882201690926523
19950,0.1989676088309174,9,6,9,572951,32659,94738,13218,0.30252139760643226,0.2881182291780195
19951,0.1989696350301584,11,26,11,572977,32633,94749,13207,0.30228055874615584,0.2881108202443281
19952,0.1989750028725943,2,2,2,572979,32631,94751,13205,0.30226203267998075,0.28809232917357536
19953,0.1989752283586941,6,17,6,572996,32614,94757,13199,0.3021045611174923,0.28810599611463994
19954,0.1989786707454787,0,6,0,573002,32608,94757,13199,0.302048982918967,0.28814373349051453
19955,0.1989837538866065,2,13,2,573015,32595,94759,13197,0.3019285634888288,0.2881944444444444
19956,0.1989838900163509,23,26,23,573041,32569,94782,13174,0.30168772462855237,0.28800034978029426
19957,0.1989859205912358,2,7,2,573048,32562,94784,13172,0.3016228833969395,0.2880132942668474
19958,0.1989878570678188,0,2,0,573050,32560,94784,13172,0.3016043573307644,0.28802588996763756
19959,0.1989902352479957,1,4,1,573054,32556,94785,13171,0.3015673051984142,0.2880355151223566
19960,0.1989960043069361,2,1,2,573055,32555,94787,13169,0.3015580421653266,0.28801067273204445
19961,0.1990029329558883,20,71,20,573126,32484,94807,13149,0.30090036681611027,0.2881467359147985
19962,0.1990032068900821,1,3,1,573129,32481,94808,13148,0.3008725777168476,0.2881500799929869
19963,0.1990046867093949,26,86,26,573215,32395,94834,13122,0.30007595687131794,0.2882878924357932
19964,0.199006199187755,16,31,16,573246,32364,94850,13106,0.2997888028456038,0.2882340004398504
19965,0.199012488090425,4,15,4,573261,32349,94854,13102,0.29964985734929045,0.2882664847858133
19966,0.1990171613499449,4,3,4,573264,32346,94858,13098,0.2996220682500278,0.28822286770530764
19967,0.1990188403026435,11,19,11,573283,32327,94869,13087,0.29944607062136425,0.2881710485753292
19968,0.1990241866627858,11,34,11,573317,32293,94880,13076,0.29913112749638743,0.2882144195375697
19969,0.1990248292817764,0,1,0,573318,32292,94880,13076,0.29912186446329986,0.28822077235055543
19970,0.1990266715407836,208,490,208,573808,31802,95088,12868,0.2945829782503983,0.28806805462278934
19971,0.1990289394095465,2,10,2,573818,31792,95090,12866,0.2944903479195228,0.2881006762506158
19972,0.199035105719866,3,3,3,573821,31789,95093,12863,0.2944625588202601,0.28807220281286394
19973,0.1990422257130182,2,12,2,573833,31777,95095,12861,0.29435140242320945,0.28811774721089656
19974,0.1990646351770957,3,6,3,573839,31771,95098,12858,0.29429582422468414,0.28810862891841627
19975,0.1990725513534959,3,13,3,573852,31758,95101,12855,0.2941754047945459,0.2881447111828391
19976,0.1990738770636204,0,4,0,573856,31754,95101,12855,0.29413835266219573,0.2881705485440158
19977,0.1990753549629078,0,1,0,573857,31753,95101,12855,0.29412908962910816,0.28817700860832135
19978,0.1990763611436595,4,15,4,573872,31738,95105,12851,0.29399014413279484,0.28821009666061137
19979,0.1990858026916621,4,6,4,573878,31732,95109,12847,0.29393456593426953,0.28818501985239686
19980,0.1990895536677625,3,6,3,573884,31726,95112,12844,0.29387898773574417,0.28817590307381646
19981,0.1990907813506164,0,2,0,573886,31724,95112,12844,0.2938604616695691,0.2881888350385927
19982,0.1990948372713047,10,25,10,573911,31699,95122,12834,0.2936288858423802,0.2881907798711068
19983,0.1990963030732221,2,2,2,573913,31697,95124,12832,0.29361035977620514,0.2881717532394619
19984,0.1990969692689019,53,120,53,574033,31577,95177,12779,0.2924987958056986,0.2881008206330598
19985,0.1990988733072001,8,8,8,574041,31569,95185,12771,0.2924246915409982,0.28802435723951286
19986,0.1990997500425244,13,59,13,574100,31510,95198,12758,0.2918781725888325,0.2881991506279931
19987,0.1991007585049776,0,5,0,574105,31505,95198,12758,0.29183185742339474,0.288231705939498
19988,0.1991066664550093,4,18,4,574123,31487,95202,12754,0.29166512282781876,0.2882846228611469
19989,0.1991073910258502,4,11,4,574134,31476,95206,12750,0.29156322946385566,0.28829195495862164
19990,0.1991093104602534,4,11,4,574145,31465,95210,12746,0.29146133609989255,0.2882992920313949
19991,0.1991143183945971,8,37,8,574182,31428,95218,12738,0.291118603875653,0.28841190055698956
19992,0.1991267068914951,25,96,25,574278,31332,95243,12713,0.2902293526992478,0.2886366216369622
19993,0.1991325090872364,1,3,1,574281,31329,95244,12712,0.29020156359998517,0.288640130787221
19994,0.1991348939356189,1,3,1,574284,31326,95245,12711,0.2901737745007225,0.28864364057497105
19995,0.1991357837129351,3,2,3,574286,31324,95248,12708,0.29015524843454743,0.2886082848837209
19996,0.1991387677067828,4,1,4,574287,31323,95252,12704,0.29014598540145986,0.28855020782701524
19997,0.1991422470135889,0,2,0,574289,31321,95252,12704,0.2901274593352847,0.2885633162975582
19998,0.1991571805463604,5,4,5,574293,31317,95257,12699,0.29009040720293455,0.28850872410032713
19999,0.1991579303385465,10,35,10,574328,31282,95267,12689,0.2897662010448701,0.2885765618248391
20000,0.1991583582420973,6,13,6,574341,31269,95273,12683,0.2896457816147319,0.28856479796141243
20001,0.1991599825084891,0,1,0,574342,31268,95273,12683,0.28963651858164435,0.28857136356396895
20002,0.1991623420857596,1,8,1,574350,31260,95274,12682,0.28956241431694396,0.2886077101633972
20003,0.1991666884501816,3,6,3,574356,31254,95277,12679,0.2895068361184186,0.2885985477886782
20004,0.1991717040628497,1,2,1,574358,31252,95278,12678,0.2894883100522435,0.2885954928295015
20005,0.1991727119303024,1,2,1,574360,31250,95279,12677,0.2894697839860684,0.2885924374530471
20006,0.1991756514164769,13,23,13,574383,31227,95292,12664,0.28925673422505466,0.2885329566425919
20007,0.1991762234858977,3,10,3,574393,31217,95295,12661,0.2891641038941791,0.28855007065043986
20008,0.1991795865869972,17,43,17,574436,31174,95312,12644,0.2887657934714143,0.2885572139303483
20009,0.1991814839972867,2,1,2,574437,31173,95314,12642,0.2887565304383267,0.28853132488873673
20010,0.1991827605238854,0,1,0,574438,31172,95314,12642,0.28874726740523915,0.2885379102569955
20011,0.1991852396834545,12,16,12,574454,31156,95326,12630,0.2885990588758383,0.2884483624902937
20012,0.1991874463005419,3,3,3,574457,31153,95329,12627,0.28857126977657566,0.28841936957514847
20013,0.1991954237354236,3,3,3,574460,31150,95332,12624,0.288543480677313,0.28839036871202084
20014,0.1991971881303709,0,8,0,574468,31142,95332,12624,0.28846937641261255,0.288443083672257
20015,0.1992055074511239,2,2,2,574470,31140,95334,12622,0.2884508503464374,0.28842374662949594
20016,0.1992074846184788,2,1,2,574471,31139,95336,12620,0.2884415873133499,0.2883978153065655
20017,0.1992075704789543,1,7,1,574478,31132,95337,12619,0.288376746081737,0.288427693081301
20018,0.1992138077487322,0,4,0,574482,31128,95337,12619,0.2883396939493868,0.28845406542162894
20019,0.1992165201731695,1,3,1,574485,31125,95338,12618,0.28831190485012415,0.2884575817845141
20020,0.1992184072652315,19,44,19,574529,31081,95357,12599,0.28790433139427174,0.28843864468864466
20021,0.1992213022467177,0,1,0,574530,31080,95357,12599,0.28789506836118417,0.2884452482886513
20022,0.1992324177257101,3,3,3,574533,31077,95360,12596,0.2878672792619215,0.288416183912257
20023,0.1992381193789566,0,4,0,574537,31073,95360,12596,0.2878302271295713,0.2884426023036937
20024,0.1992408000743203,0,5,0,574542,31068,95360,12596,0.28778391196413355,0.2884756320996702
20025,0.1992432647979929,18,44,18,574586,31024,95378,12578,0.28737633850828115,0.28847300582542085
20026,0.1992571931087793,7,21,7,574607,31003,95385,12571,0.2871818148134425,0.28849772800293755
20027,0.1992576291023094,2,2,2,574609,31001,95387,12569,0.28716328874726743,0.28847831076428737
20028,0.1992590070356852,10,22,10,574631,30979,95397,12559,0.28695950201934123,0.2884606550599476
20029,0.1992640677654741,74,215,74,574846,30764,95471,12485,0.28496794990551705,0.2886771948484358
20030,0.1992643660053079,0,7,0,574853,30757,95471,12485,0.28490310867390417,0.2887239258128671
20031,0.199274212840401,14,43,14,574896,30714,95485,12471,0.28450479825113933,0.28878082667592914
20032,0.199281975857998,0,1,0,574897,30713,95485,12471,0.2844955352180518,0.28878751389403484
20033,0.199282972767018,0,1,0,574898,30712,95485,12471,0.28448627218496425,0.2887942014218558
20034,0.1992876089246066,6,12,6,574910,30700,95491,12465,0.2843751157879136,0.28877562840264104
20035,0.1992882379595918,3,3,3,574913,30697,95494,12462,0.2843473266886509,0.28874626381519497
20036,0.1992919657969557,0,20,0,574933,30677,95494,12462,0.28416206602689986,0.28888013166740073
20037,0.1992962705822634,0,5,0,574938,30672,95494,12462,0.28411575086146207,0.28891361802754206
20038,0.1993010013516464,27,68,27,575006,30604,95521,12435,0.2834858646115084,0.2889239991635493
20039,0.1993041190973849,1,0,1,575006,30604,95522,12434,0.2834858646115084,0.28890747711324877
20040,0.1993142289192116,1,4,1,575010,30600,95523,12433,0.28344881247915815,0.2889178072641926
20041,0.1993226005574335,9,38,9,575048,30562,95532,12424,0.2830968172218311,0.28902433350393153
20042,0.1993236171475579,2,0,2,575048,30562,95534,12422,0.2830968172218311,0.28899125255909175
20043,0.1993249151135496,6,15,6,575063,30547,95540,12416,0.2829578717255178,0.2889928543165049
20044,0.1993286675652281,1,1,1,575064,30546,95541,12415,0.28294860869243027,0.2889830311212495
20045,0.1993303781265402,5,10,5,575074,30536,95546,12410,0.2828559783615547,0.28896754063242214
20046,0.199331220868556,2,5,2,575079,30531,95548,12408,0.28280966319611694,0.28896807098441973
20047,0.1993366018614782,7,11,7,575090,30520,95555,12401,0.28270776983215384,0.288926166678316
20048,0.1993453406612846,1,6,1,575096,30514,95556,12400,0.28265219163362854,0.2889499930092744
20049,0.1993504985889151,2,8,2,575104,30506,95558,12398,0.2825780873689281,0.2889707253402946
20050,0.1993545335021612,4,23,4,575127,30483,95562,12394,0.2823650376079143,0.2890594024768524
20051,0.1993584324020637,2,5,2,575132,30478,95564,12392,0.2823187224424766,0.28905994868206203
20052,0.1993664570364749,12,30,12,575162,30448,95576,12380,0.2820408314498499,0.2890632296628374
20053,0.1993739515815073,3,5,3,575167,30443,95579,12377,0.2819945162844122,0.2890471742176553
20054,0.1993753822446891,15,45,15,575212,30398,95594,12362,0.2815776797954722,0.2891019644527596
20055,0.1993776416630866,9,29,9,575241,30369,95603,12353,0.28130905183593313,0.2891484481063621
20056,0.1993791403180372,0,1,0,575242,30368,95603,12353,0.2812997888028456,0.2891552164041104
20057,0.1993804927118019,5,7,5,575249,30361,95608,12348,0.28123494757123274,0.28911938935587345
20058,0.1993815959483344,6,13,6,575262,30348,95614,12342,0.2811145281410945,0.28910751932536893
20059,0.19938177907863,0,1,0,575263,30347,95614,12342,0.281105265108007,0.2891142917379184
20060,0.1993821342855949,0,2,0,575265,30345,95614,12342,0.28108673904183185,0.2891278375149343
20061,0.1993951912402934,18,33,18,575298,30312,95632,12324,0.2807810589499426,0.289051505769772
20062,0.1993978987575821,3,2,3,575300,30310,95635,12321,0.28076253288376746,0.28901503600666184
20063,0.199406524435749,5,13,5,575313,30297,95640,12316,0.28064211345362927,0.2890197826954216
20064,0.1994155877045965,0,2,0,575315,30295,95640,12316,0.28062358738745413,0.2890333481964751
20065,0.1994167987316591,1,1,1,575316,30294,95641,12315,0.2806143243543666,0.2890234457508977
20066,0.1994193098752019,5,10,5,575326,30284,95646,12310,0.28052169402349103,0.2890078414800207
20067,0.1994260518194394,0,1,0,575327,30283,95646,12310,0.2805124309904035,0.28901462681661305
20068,0.1994268425908955,4,4,4,575331,30279,95650,12306,0.2804753788580533,0.28897499119408243
20069,0.1994321248264657,5,8,5,575339,30271,95655,12301,0.28040127459335284,0.2889457859626045
20070,0.1994383528147393,3,12,3,575351,30259,95658,12298,0.2802901181963022,0.2889771365462791
20071,0.1994402521941203,1,0,1,575351,30259,95659,12297,0.2802901181963022,0.2889604286117116
20072,0.1994476181008595,52,126,52,575477,30133,95711,12245,0.2791229760272704,0.28894709519090095
20073,0.1994536950207382,4,13,4,575490,30120,95715,12241,0.2790025565971322,0.28896862680295554
20074,0.1994537240322528,4,6,4,575496,30114,95719,12237,0.2789469783986068,0.28894240986045194
20075,0.1994561017297557,1,0,1,575496,30114,95720,12236,0.2789469783986068,0.28892561983471077
20076,0.1994561866083807,0,1,0,575497,30113,95720,12236,0.2789377153655193,0.2889324423244941
20077,0.1994565132477757,0,1,0,575498,30112,95720,12236,0.27892845233243174,0.28893926513648815
20078,0.1994565802134888,4,2,4,575500,30110,95724,12232,0.2789099262662566,0.28888573992725897
20079,0.1994620403372071,4,10,4,575510,30100,95728,12228,0.27881729593538107,0.28888678888678887
20080,0.1994662602571069,2,10,2,575520,30090,95730,12226,0.27872466560450554,0.2889214481519992
20081,0.1994691428220079,4,5,4,575525,30085,95734,12222,0.27867835043906775,0.28888836362776843
20082,0.1994696998077959,8,7,8,575532,30078,95742,12214,0.27861350920745487,0.28880166461742174
20083,0.1994730209260544,1,0,1,575532,30078,95743,12213,0.27861350920745487,0.28878484783996594
20084,0.1994779185955702,1,2,1,575534,30076,95744,12212,0.2785949831412798,0.28878168747635263
20085,0.1994780851708923,12,45,12,575579,30031,95756,12200,0.27817814665233986,0.2888873102697071
20086,0.1994796724187703,111,262,111,575841,29769,95867,12089,0.2757512319834006,0.2888097854651441
20087,0.1994835223078613,7,12,7,575853,29757,95874,12082,0.27564007558635,0.2887736322569851
20088,0.199487968787804,0,6,0,575859,29751,95874,12082,0.27558449738782465,0.2888150503191261
20089,0.1994894837675772,1,0,1,575859,29751,95875,12081,0.27558449738782465,0.288798049340218
20090,0.1994953964354589,3,6,3,575865,29745,95878,12078,0.27552891918929934,0.28878846567678074
20091,0.1994986873080487,0,4,0,575869,29741,95878,12078,0.2754918670569491,0.2888160883808795
20092,0.1995040782517904,0,1,0,575870,29740,95878,12078,0.2754826040238616,0.28882299488258645
20093,0.199505591436162,0,3,0,575873,29737,95878,12078,0.2754548149245989,0.2888437163697238
20094,0.1995113237693725,11,20,11,575893,29717,95889,12067,0.2752695542628478,0.28879475397281257
20095,0.1995118129292636,4,7,4,575900,29710,95893,12063,0.27520471303123495,0.28877504608239773
20096,0.1995151130054482,0,2,0,575902,29708,95893,12063,0.27518618696505986,0.2887888726628522
20097,0.1995166060049426,25,68,25,575970,29640,95918,12038,0.27455630071510617,0.288833437305053
20098,0.199521550855616,0,1,0,575971,29639,95918,12038,0.2745470376820186,0.28884036758883797
20099,0.1995278149710404,10,13,10,575984,29626,95928,12028,0.2744266182518804,0.2887597829740241
20100,0.1995375571457436,0,1,0,575985,29625,95928,12028,0.27441735521879285,0.2887667154826783
20101,0.1995382052107297,4,31,4,576016,29594,95932,12024,0.2741302011930787,0.28891345091066367
20102,0.199539881270728,7,9,7,576025,29585,95939,12017,0.27404683389529066,0.28885630498533726
20103,0.1995407035571512,29,73,29,576098,29512,95968,11988,0.27337063247989923,0.28886746987951806
20104,0.1995410613919657,6,17,6,576115,29495,95974,11982,0.2732131609174108,0.2888829953950382
20105,0.1995413313394452,17,44,17,576159,29451,95991,11965,0.2728055874615584,0.2888980104307514
20106,0.199542727315762,4,10,4,576169,29441,95995,11961,0.2727129571306829,0.288899087000628
20107,0.1995497382534481,4,10,4,576179,29431,95999,11957,0.27262032679980736,0.2889001642988306
20108,0.199558399911105,2,6,2,576185,29425,96001,11955,0.272564748601282,0.2889076848719188
20109,0.199567117969137,2,1,2,576186,29424,96003,11953,0.2725554855681944,0.2888802958165164
20110,0.1995671483835004,3,4,3,576190,29420,96006,11950,0.27251843343584425,0.288856659415035
20111,0.1995694857004446,3,5,3,576195,29415,96009,11947,0.27247211827040646,0.28883999806585753
20112,0.199573425775916,2,2,2,576197,29413,96011,11945,0.2724535922042314,0.2888195754146719
20113,0.199583799240345,0,4,0,576201,29409,96011,11945,0.27241654007188115,0.288847511728007
20114,0.1995885594302673,27,78,27,576279,29331,96038,11918,0.27169402349105193,0.2889282164416107
20115,0.1995931115907593,7,8,7,576287,29323,96045,11911,0.2716199192263515,0.2888635591987195
20116,0.1995933501973975,2,9,2,576296,29314,96047,11909,0.27153655192856346,0.28889212332920944
20117,0.1995973837319262,0,1,0,576297,29313,96047,11909,0.27152728889547595,0.2888991315317064
20118,0.1995995941839251,3,1,3,576298,29312,96050,11906,0.2715180258623884,0.28885438400698726
20119,0.1996000638596476,0,2,0,576300,29310,96050,11906,0.2714994997962133,0.288868400621118
20120,0.199600869206286,1,1,1,576301,29309,96051,11905,0.2714902367631257,0.2888581549958752
20121,0.1996012124208021,0,2,0,576303,29307,96051,11905,0.2714717106969506,0.28887217315345043
20122,0.1996025006881621,0,3,0,576306,29304,96051,11905,0.27144392159768793,0.2888932029411051
20123,0.19960970354743,10,22,10,576328,29282,96061,11895,0.27124013486976173,0.288874857323263
20124,0.1996170377198654,3,4,3,576332,29278,96064,11892,0.27120308273741156,0.28885110517367013
20125,0.1996218391189493,0,2,0,576334,29276,96064,11892,0.2711845566712364,0.2888651379712398
20126,0.1996227343335656,1,24,1,576358,29252,96065,11891,0.27096224387713513,0.2890163575820917
20127,0.199627208494239,27,78,27,576436,29174,96092,11864,0.2702397272963059,0.28909790925483697
20128,0.1996355549636272,0,1,0,576437,29173,96092,11864,0.27023046426321834,0.289104954065843
20129,0.1996412696468787,0,1,0,576438,29172,96092,11864,0.27022120123013077,0.2891119992201969
20130,0.199642791392912,1,4,1,576442,29168,96093,11863,0.2701841490977806,0.2891228583266311
20131,0.1996444811502354,1,1,1,576443,29167,96094,11862,0.27017488606469303,0.28911257890760195
20132,0.1996446471235943,1,2,1,576445,29165,96095,11861,0.2701563599985179,0.2891093452932287
20133,0.19964721198422,3,14,3,576459,29151,96098,11858,0.27002667753529214,0.28915603891828623
20134,0.1996473218388966,7,19,7,576478,29132,96105,11851,0.26985067990662864,0.2891686796964595
20135,0.1996486027388156,1,7,1,576485,29125,96106,11850,0.26978583867501577,0.2892007321537523
20136,0.1996539668789216,28,71,28,576556,29054,96134,11822,0.2691281633257994,0.28921616596535865
20137,0.1996574818820293,0,3,0,576559,29051,96134,11822,0.26910037422653676,0.2892373938785996
20138,0.199658689406556,0,1,0,576560,29050,96134,11822,0.2690911111934492,0.28924447054218044
20139,0.1996600280864237,3,5,3,576565,29045,96137,11819,0.2690447960280114,0.28922768206734534
20140,0.1996600338867161,1,2,1,576567,29043,96138,11818,0.2690262699618363,0.2892244438462103
20141,0.1996625322166755,0,1,0,576568,29042,96138,11818,0.26901700692874875,0.2892315222711698
20142,0.1996640635625166,1,1,1,576569,29041,96139,11817,0.2690077438956612,0.2892212051495423
20143,0.1996727731559454,11,12,11,576581,29029,96150,11806,0.26889658749861056,0.28911473001101995
20144,0.1996747462339304,19,74,19,576655,28955,96169,11787,0.26821112305013156,0.2893083304697855
20145,0.1996773119179314,0,1,0,576656,28954,96169,11787,0.268201860017044,0.2893154316290715
20146,0.1996785338222093,1,3,1,576659,28951,96170,11786,0.26817407091778134,0.2893192920440877
20147,0.1996788375834279,0,4,0,576663,28947,96170,11786,0.2681370187854311,0.2893477033363612
20148,0.1996818649104031,4,9,4,576672,28938,96174,11782,0.2680536514876431,0.28934184675834973
20149,0.1996853125653838,1,0,1,576672,28938,96175,11781,0.2680536514876431,0.2893243940175348
20150,0.199687421739758,1,0,1,576672,28938,96176,11780,0.2680536514876431,0.2893069404194705
20151,0.1996882209572151,4,14,4,576686,28924,96180,11776,0.26792396902441734,0.2893366093366093
20152,0.1997002876969837,9,28,9,576714,28896,96189,11767,0.26766460409796583,0.28937855052504735
20153,0.1997053229771369,25,75,25,576789,28821,96214,11742,0.26696987661639926,0.28947563050070263
20154,0.1997063202974263,1,2,1,576791,28819,96215,11741,0.2669513505502242,0.2894723865877712
20155,0.1997080598674693,10,26,10,576817,28793,96225,11731,0.26671051168994775,0.28948277563912744
20156,0.1997095190978152,1,1,1,576818,28792,96226,11730,0.2667012486568602,0.28947238537090964
20157,0.1997120154826907,7,24,7,576842,28768,96233,11723,0.2664789358627589,0.289521128151935
20158,0.1997221457661587,0,1,0,576843,28767,96233,11723,0.2664696728296713,0.2895282785873055
20159,0.1997246695713691,1,5,1,576848,28762,96234,11722,0.2664233576642336,0.2895464875012351
20160,0.1997249864548199,7,26,7,576874,28736,96241,11715,0.26618251880395716,0.28960965118291265
20161,0.1997284636896399,2,0,2,576874,28736,96243,11713,0.26618251880395716,0.2895745259462533
20162,0.1997292034157075,1,0,1,576874,28736,96244,11712,0.26618251880395716,0.28955696202531644
20163,0.1997316904411144,1,1,1,576875,28735,96245,11711,0.2661732557708696,0.2895465559016961
20164,0.1997392696140202,0,1,0,576876,28734,96245,11711,0.2661639927377821,0.28955371492149834
20165,0.1997433650148239,0,1,0,576877,28733,96245,11711,0.2661547297046945,0.2895608742953219
20166,0.1997463069690736,204,708,204,577585,28025,96449,11507,0.2595965022787061,0.29108064352929275
20167,0.199750527768369,0,4,0,577589,28021,96449,11507,0.2595594501463559,0.29111009917020847
20168,0.199750834483633,10,30,10,577619,27991,96459,11497,0.2592815591537293,0.2911517423014587
20169,0.1997516130964188,3,2,3,577621,27989,96462,11494,0.25926303308755416,0.29111263075247573
20170,0.1997563712285154,0,1,0,577622,27988,96462,11494,0.25925377005446665,0.2911200040524796
20171,0.199756747815087,22,37,22,577659,27951,96484,11472,0.2589110378302271,0.2909976409710068
20172,0.1997579019309671,1,4,1,577663,27947,96485,11471,0.2588739856978769,0.2910091836216957
20173,0.1997587072776055,3,5,3,577668,27942,96488,11468,0.25882767053243916,0.2909921339761482
20174,0.1997597816923584,31,123,31,577791,27819,96519,11437,0.25768831746266996,0.29134399836967595
20175,0.1997614381276221,1,0,1,577791,27819,96520,11436,0.25768831746266996,0.29132594573939624
20176,0.1997632610942509,6,12,6,577803,27807,96526,11430,0.25757716106561934,0.2913066748222341
20177,0.1997661903645207,5,7,5,577810,27800,96531,11425,0.25751231983400646,0.2912683237731039
20178,0.1997702517336295,0,1,0,577811,27799,96531,11425,0.2575030568009189,0.2912757495410973
20179,0.1997820803737084,1,1,1,577812,27798,96532,11424,0.2574937937678313,0.2912651063178828
20180,0.1997847688754607,74,214,74,578026,27584,96606,11350,0.2555115046870947,0.29151898083936917
20181,0.1997850903537408,2,3,2,578029,27581,96608,11348,0.25548371558783206,0.29150504765085156
20182,0.1997933023845328,2,3,2,578032,27578,96610,11346,0.2554559264885694,0.2914911108827459
20183,0.1997942333590971,0,1,0,578033,27577,96610,11346,0.25544666345548184,0.29149859979960435
20184,0.199796328804765,7,8,7,578041,27569,96617,11339,0.25537255919078145,0.29143106816078956
20185,0.1998023192215549,5,14,5,578055,27555,96622,11334,0.2552428767275557,0.2914448815860526
20186,0.1998083367999529,0,8,0,578063,27547,96622,11334,0.25516877246285524,0.2915048481263342
20187,0.1998095457407639,2,3,2,578066,27544,96624,11332,0.2551409833635926,0.29149089412490997
20188,0.1998105376121747,13,39,13,578105,27505,96637,11319,0.254779725073178,0.29154646610344115
20189,0.1998122924151743,1,6,1,578111,27499,96638,11318,0.2547241468746526,0.2915732797485638
20190,0.1998129448681168,1,1,1,578112,27498,96639,11317,0.2547148838415651,0.291562540255056
20191,0.1998139405122441,5,20,5,578132,27478,96644,11312,0.254529623179814,0.29162155194637795
20192,0.1998149257499672,8,27,8,578159,27451,96652,11304,0.25427952128645004,0.2916784930976648
20193,0.1998205353371964,9,23,9,578182,27428,96661,11295,0.25406647152543627,0.29168711101929085
20194,0.1998231454343286,0,5,0,578187,27423,96661,11295,0.25402015635999853,0.2917247791724779
20195,0.1998279319636587,1,6,1,578193,27417,96662,11294,0.2539645781614732,0.29175169848363514
20196,0.1998310969373408,1,3,1,578196,27414,96663,11293,0.2539367890622105,0.2917560131242411
20197,0.1998317125566195,1,6,1,578202,27408,96664,11292,0.2538812108636852,0.2917829457364341
20198,0.1998329988627653,14,25,14,578227,27383,96678,11278,0.25364963503649635,0.29171516515351387
20199,0.1998354904504078,2,11,2,578238,27372,96680,11276,0.25354774167253324,0.2917615400538191
20200,0.1998363718935288,5,15,5,578253,27357,96685,11271,0.2534087961762199,0.29178316247281766
20201,0.1998418124687728,2,13,2,578266,27344,96687,11269,0.25328837674608173,0.2918447155103204
20202,0.1998464793269362,2,1,2,578267,27343,96689,11267,0.25327911371299416,0.2918155918155918
20203,0.1998487227351551,3,7,3,578274,27336,96692,11264,0.2532142724813813,0.2918134715025907
20204,0.1998514365052184,21,38,21,578312,27298,96713,11243,0.25286227722405424,0.29171531615682
20205,0.1998567151284078,5,20,5,578332,27278,96718,11238,0.2526770165623032,0.29177484681690724
20206,0.1998584202347682,2,1,2,578333,27277,96720,11236,0.2526677535292156,0.2917456443278893
20207,0.1998629985351276,1,4,1,578337,27273,96721,11235,0.2526307013968654,0.29175755687129945
20208,0.1998695715322177,37,55,37,578392,27218,96758,11198,0.25212123457704994,0.29149312786339027
20209,0.1998717495438279,12,27,12,578419,27191,96770,11186,0.25187113268368594,0.2914766657112333
20210,0.1998756385400123,0,3,0,578422,27188,96770,11186,0.2518433435844233,0.29149945275446915
20211,0.1998757051590493,12,26,12,578448,27162,96782,11174,0.25160250472414686,0.2914753756260434
20212,0.1998787145375741,2,14,2,578462,27148,96784,11172,0.2514728222609211,0.29154488517745303
20213,0.1998799838374781,9,8,9,578470,27140,96793,11163,0.25139871799622066,0.29143931284755764
20214,0.19988740393851,0,1,0,578471,27139,96793,11163,0.25138945496313314,0.29144692183175813
20215,0.1998917430523035,0,5,0,578476,27134,96793,11163,0.25134313979769535,0.29148497271326734
20216,0.1998938243691375,20,100,20,578576,27034,96813,11143,0.2504168364889399,0.29187730832700315
20217,0.1998940269192409,16,47,16,578623,26987,96829,11127,0.2499814739338249,0.29193996956498924
20218,0.1998951253004945,31,44,31,578667,26943,96860,11096,0.2495739004779725,0.29170062304476985
20219,0.1999032117316198,7,7,7,578674,26936,96867,11089,0.24950905924635963,0.29162393162393163
20220,0.199906610479077,0,3,0,578677,26933,96867,11089,0.24948127014709698,0.29164694124454266
20221,0.199906969873546,1,2,1,578679,26931,96868,11088,0.24946274408092187,0.2916436518582814
20222,0.1999092499260274,2,2,2,578681,26929,96870,11086,0.24944421801474675,0.2916217282651585
20223,0.1999094511677382,5,19,5,578700,26910,96875,11081,0.2492682203860832,0.29167434392356084
20224,0.1999122807648335,0,1,0,578701,26909,96875,11081,0.24925895735299566,0.2916820215846275
20225,0.1999142174447277,2,2,2,578703,26907,96877,11079,0.24924043128682055,0.2916600852945822
20226,0.1999155781158177,4,18,4,578721,26889,96881,11075,0.24907369669124457,0.291723738278369
20227,0.1999309605054131,8,7,8,578728,26882,96889,11067,0.2490088554596317,0.29162823789823183
20228,0.1999329188925448,0,1,0,578729,26881,96889,11067,0.24899959242654415,0.29163592284178347
20229,0.1999409669122694,0,3,0,578732,26878,96889,11067,0.24897180332728147,0.29165898010278035
20230,0.1999410133643034,0,1,0,578733,26877,96889,11067,0.24896254029419393,0.2916666666666667
20231,0.1999525597112003,0,8,0,578741,26869,96889,11067,0.2488884360294935,0.2917281737663433
20232,0.1999584142513355,1,0,1,578741,26869,96890,11066,0.2488884360294935,0.29170950309740346
20233,0.1999600585545719,2,1,2,578742,26868,96892,11064,0.24887917299640594,0.29167984814931985
20234,0.1999624431500311,0,5,0,578747,26863,96892,11064,0.24883285783096817,0.2917183009465552
20235,0.1999653851042808,235,876,235,579623,25987,97127,10829,0.2407184408462707,0.294138418079096
20236,0.199970382617421,2,8,2,579631,25979,97129,10827,0.24064433658157028,0.2941639950008151
20237,0.1999705052493385,3,2,3,579633,25977,97132,10824,0.24062581051539517,0.29412244232493684
20238,0.1999756935087085,2,3,2,579636,25974,97134,10822,0.24059802141613248,0.29410805522339384
20239,0.1999776301886027,8,20,8,579656,25954,97142,10814,0.24041276075438142,0.29411444734551784
20240,0.1999781428169868,1,4,1,579660,25950,97143,10813,0.2403757086220312,0.2941272475042842
20241,0.1999790209431984,4,2,4,579662,25948,97147,10809,0.24035718255585609,0.29406643632505375
20242,0.1999805162628292,0,5,0,579667,25943,97147,10809,0.24031086739041832,0.2941064431867653
20243,0.1999938197699561,0,1,0,579668,25942,97147,10809,0.24030160435733078,0.29411444586541863
20244,0.2000107340377828,5,8,5,579676,25934,97152,10804,0.24022750009263033,0.2940824214709565
20245,0.200011242920581,0,1,0,579677,25933,97152,10804,0.2402182370595428,0.29409042654544465
20246,0.2000175072924238,1,0,1,579677,25933,97153,10803,0.2402182370595428,0.2940712108013937
20247,0.2000178399441407,5,7,5,579684,25926,97158,10798,0.2401533958279299,0.29403115129070906
20248,0.2000183021290797,7,11,7,579695,25915,97165,10791,0.2400515024639668,0.2939846346646325
20249,0.2000202661654086,24,49,24,579744,25866,97189,10767,0.23959761384267664,0.29391532225042993
20250,0.200020836606447,4,6,4,579750,25860,97193,10763,0.23954203564415133,0.2938863555689048
20251,0.2000217955593621,0,1,0,579751,25859,97193,10763,0.23953277261106376,0.29389438042706567
20252,0.2000254945427804,1,5,1,579756,25854,97194,10762,0.239486457445626,0.2939152283154905
20253,0.2000274254208205,1,5,1,579761,25849,97195,10761,0.23944014228018823,0.29393608303742147
20254,0.2000339701339467,1,3,1,579764,25846,97196,10760,0.23941235318092557,0.2939408840080861
20255,0.2000340038851744,11,27,11,579791,25819,97207,10749,0.2391622512875616,0.2939455261430759
20256,0.2000380677499815,1,2,1,579793,25817,97208,10748,0.2391437252213865,0.2939422945439628
20257,0.2000424336870734,6,18,6,579811,25799,97214,10742,0.23897699062581051,0.29397115568813115
20258,0.20004420970255,4,4,4,579815,25795,97218,10738,0.2389399384934603,0.2939260394711631
20259,0.2000467015906369,1,8,1,579823,25787,97219,10737,0.23886583422875987,0.2939710875041069
20260,0.2000495765662231,1,2,1,579825,25785,97220,10736,0.23884730816258476,0.2939678541113332
20261,0.2000520769979725,10,19,10,579844,25766,97230,10726,0.23867131053392124,0.29392743615038913
20262,0.2000596740427434,0,9,0,579853,25757,97230,10726,0.23858794323613325,0.2939999451799468
20263,0.2000644485503964,6,10,6,579863,25747,97236,10720,0.2384953129052577,0.2939644061754463
20264,0.2000706595499046,0,1,0,579864,25746,97236,10720,0.23848604987217015,0.2939724675039763
20265,0.2000745163641355,1,0,1,579864,25746,97237,10719,0.23848604987217015,0.2939531057178116
20266,0.2000812526880157,23,34,23,579898,25712,97260,10696,0.2381711067471933,0.2937815864645133
20267,0.2000822947729261,40,97,40,579995,25615,97300,10656,0.23727259253770056,0.2937884260152739
20268,0.2000852083032371,9,44,9,580039,25571,97309,10647,0.23686501908184815,0.29396984924623115
20269,0.2000901695584918,3,2,3,580041,25569,97312,10644,0.23684649301567307,0.2939275950625466
20270,0.2000933494162498,6,20,6,580061,25549,97318,10638,0.23666123235392197,0.29397297371984416
20271,0.2000962194108737,0,2,0,580063,25547,97318,10638,0.23664270628774686,0.293989222053337
20272,0.2000966085689034,3,5,3,580068,25542,97321,10635,0.2365963911223091,0.29397130773695995
20273,0.2001029852177231,50,85,50,580153,25457,97371,10585,0.235809033309867,0.29368514510848454
20274,0.2001096284851247,7,17,7,580170,25440,97378,10578,0.23565156174737856,0.2936864900882892
20275,0.2001135658340599,27,51,27,580221,25389,97405,10551,0.2351791470599133,0.29357262103505843
20276,0.2001137314101843,1,1,1,580222,25388,97406,10550,0.23516988402682573,0.29356113306249654
20277,0.2001163605376107,117,267,117,580489,25121,97523,10433,0.23269665419244878,0.2934409630421331
20278,0.2001174216909015,18,40,18,580529,25081,97541,10415,0.2323261328689466,0.29341334234843364
20279,0.2001178966258913,6,5,6,580534,25076,97547,10409,0.23227981770350883,0.2933352120614344
20280,0.2001237205889155,0,1,0,580535,25075,97547,10409,0.2322705546704213,0.2933434787509864
20281,0.200125340688068,2,0,2,580535,25075,97549,10407,0.2322705546704213,0.29330364691956484
20282,0.2001311827691139,7,16,7,580551,25059,97556,10400,0.23212234614102042,0.29329648326235935
20283,0.2001340722937796,7,12,7,580563,25047,97563,10393,0.23201118974396975,0.2932562076749436
20284,0.2001357641547991,1,1,1,580564,25046,97564,10392,0.2320019267108822,0.2932445397595801
20285,0.2001384416602017,17,55,17,580619,24991,97581,10375,0.23149245989106673,0.29336085505853077
20286,0.200142710619557,3,2,3,580621,24989,97584,10372,0.23147393382489162,0.2933174966771302
20287,0.2001477355457316,0,2,0,580623,24987,97584,10372,0.2314554077587165,0.29333408750247464
20288,0.2001481910956729,1,5,1,580628,24982,97585,10371,0.23140909259327874,0.29335558509886006
20289,0.2001539255077314,1,5,1,580633,24977,97586,10370,0.23136277742784098,0.2933770899934931
20290,0.2001592483160802,0,2,0,580635,24975,97586,10370,0.23134425136166586,0.29339369076248406
20291,0.2001808344347765,92,315,92,580950,24660,97678,10278,0.22842639593908629,0.29417825862957236
20292,0.2001852921453276,6,14,6,580964,24646,97684,10272,0.22829671347586053,0.29417492410790996
20293,0.2001871333327905,9,16,9,580980,24630,97693,10263,0.22814850494645966,0.29412776201530394
20294,0.2001889675166049,1,0,1,580980,24630,97694,10262,0.22814850494645966,0.29410753181244986
20295,0.2001906589965726,0,2,0,580982,24628,97694,10262,0.22812997888028455,0.2941243909429636
20296,0.2001916592615392,0,2,0,580984,24626,97694,10262,0.22811145281410944,0.29414125200642055
20297,0.2001918082052661,9,8,9,580992,24618,97703,10253,0.22803734854940902,0.2940265550170629
20298,0.2001931820680102,0,4,0,580996,24614,97703,10253,0.2280002964170588,0.29406028623053315
20299,0.2001994448542114,1,1,1,580997,24613,97704,10252,0.22799103338397125,0.29404847268033846
20300,0.2002012748317391,0,1,0,580998,24612,97704,10252,0.22798177035088368,0.29405690683799907
20301,0.2002027887941134,2,4,2,581002,24608,97706,10250,0.2279447182185335,0.2940501463078777
20302,0.2002029254541845,10,39,10,581041,24569,97716,10240,0.22758345992811888,0.2941767933580396
20303,0.2002047348549587,5,8,5,581049,24561,97721,10235,0.22750935566341843,0.2941430049430969
20304,0.2002061233634321,13,38,13,581087,24523,97734,10222,0.22715736040609136,0.2942006044035113
20305,0.2002098218665449,1,10,1,581097,24513,97735,10221,0.22706473007521583,0.2942649853169805
20306,0.2002160556054,2,5,2,581102,24508,97737,10219,0.22701841490977806,0.29426670890085527
20307,0.2002175121140629,1,5,1,581107,24503,97738,10218,0.2269720997443403,0.29428875896431556
20308,0.2002180329572919,11,36,11,581143,24467,97749,10207,0.22663863055318834,0.29437042164157584
20309,0.2002211371560788,0,2,0,581145,24465,97749,10207,0.22662010448701322,0.2943874019381634
20310,0.2002233055472547,6,10,6,581155,24455,97755,10201,0.2265274741561377,0.29435018467220686
20311,0.2002263904220453,1,1,1,581156,24454,97756,10200,0.22651821112305012,0.29433831592312576
20312,0.20022981217299,4,8,4,581164,24446,97760,10196,0.2264441068583497,0.2943248080364875
20313,0.2002373880779287,0,1,0,581165,24445,97760,10196,0.22643484382526213,0.2943333044658064
20314,0.2002436711619039,8,17,8,581182,24428,97768,10188,0.22627737226277372,0.29431476773746246
20315,0.2002483467989081,4,7,4,581189,24421,97772,10184,0.22621253103116085,0.29429273226412367
20316,0.2002484680281565,0,1,0,581190,24420,97772,10184,0.22620326799807328,0.29430123685123105
20317,0.2002519224355254,1,2,1,581192,24418,97773,10183,0.2261847419318982,0.29429785266321784
20318,0.200253347478182,0,1,0,581193,24417,97773,10183,0.22617547889881062,0.2943063583815029
20319,0.2002540717404476,2,2,2,581195,24415,97775,10181,0.2261569528326355,0.2942825760203492
20320,0.2002566362564485,6,11,6,581206,24404,97781,10175,0.2260550594686724,0.29425373781775066
20321,0.2002663314715743,7,19,7,581225,24385,97788,10168,0.2258790618400089,0.2942725667814661
20322,0.2002744861893277,85,213,85,581438,24172,97873,10083,0.22390603579235985,0.29435118960735657
20323,0.2002776632464871,4,21,4,581459,24151,97877,10079,0.22371151209752121,0.29444931346771835
20324,0.200279832871891,4,11,4,581470,24140,97881,10075,0.2236096187335581,0.29446149349700423
20325,0.2002801626940924,1,1,1,581471,24139,97882,10074,0.22360035570047057,0.29444947826849444
20326,0.2002804534100366,2,5,2,581476,24134,97884,10072,0.22355404053503278,0.2944512658597907
20327,0.2002823609748934,4,9,4,581485,24125,97888,10068,0.22347067323724482,0.2944462316848478
20328,0.2002839260326883,2,6,2,581491,24119,97890,10066,0.22341509503871948,0.2944566330261811
20329,0.2002849091490011,5,25,5,581516,24094,97895,10061,0.22318351921153062,0.29456887717757285
20330,0.2002849702781638,1,1,1,581517,24093,97896,10060,0.22317425617844308,0.2945568471290955
20331,0.2002867182911298,72,110,72,581627,23983,97968,9988,0.22215532253881212,0.29401548379500164
20332,0.2002899930404829,1,0,1,581627,23983,97969,9987,0.22215532253881212,0.2939947012069473
20333,0.2002905995935285,0,1,0,581628,23982,97969,9987,0.22214605950572455,0.2940033560010598
20334,0.2002911363144899,0,1,0,581629,23981,97969,9987,0.222136796472637,0.2940120113047574
20335,0.2002912468375903,2,4,2,581633,23977,97971,9985,0.2220997443402868,0.2940050644838349
20336,0.2003008008218037,4,9,4,581642,23968,97975,9981,0.2220163770424988,0.29399982326430824
20337,0.2003008438358098,1,6,1,581648,23962,97976,9980,0.22196079884397346,0.2940309940486713
20338,0.2003013729081333,45,130,45,581778,23832,98021,9935,0.22075660454259144,0.2942221695738443
20339,0.2003031936439749,2,6,2,581784,23826,98023,9933,0.2207010263440661,0.29423264907135877
20340,0.2003061117130912,4,3,4,581787,23823,98027,9929,0.22067323724480345,0.2941751599905191
20341,0.2003097321779849,2,12,2,581799,23811,98029,9927,0.22056208084775278,0.2942379512715632
20342,0.2003118807720315,1,2,1,581801,23809,98030,9926,0.22054355478157767,0.29423447458129537
20343,0.2003152318970472,41,120,41,581921,23689,98071,9885,0.21943199081107118,0.2944242568654316
20344,0.2003321533954601,8,27,8,581948,23662,98079,9877,0.2191818889177072,0.2944929783237425
20345,0.2003333340207072,0,3,0,581951,23659,98079,9877,0.21915409981844455,0.29451932251908397
20346,0.2003377758607542,2,1,2,581952,23658,98081,9875,0.219144836785357,0.29448602868815793
20347,0.2003410446496519,0,2,0,581954,23656,98081,9875,0.2191263107191819,0.29450359368942175
20348,0.2003435754379674,7,11,7,581965,23645,98088,9868,0.2190244173552188,0.29445289887506343
20349,0.2003468055879243,1,2,1,581967,23643,98089,9867,0.21900589128904369,0.294449418084154
20350,0.2003522137637448,0,1,0,581968,23642,98089,9867,0.21899662825595614,0.2944582052582888
20351,0.2003525450099162,4,6,4,581974,23636,98093,9863,0.2189410500574308,0.29442669930445686
20352,0.2003626970496332,3,19,3,581993,23617,98096,9860,0.2187650524287673,0.29453057322938136
20353,0.2003651145465647,34,102,34,582095,23515,98130,9826,0.21782022305383675,0.2947122161902762
20354,0.2003676524958298,38,134,38,582229,23381,98168,9788,0.21657897662010447,0.29509481745002863
20355,0.2003693315543928,1,0,1,582229,23381,98169,9787,0.21657897662010447,0.2950735648818138
20356,0.2003724045709531,18,29,18,582258,23352,98187,9769,0.21631034866056542,0.2949488240089369
20357,0.2003730501207484,0,2,0,582260,23350,98187,9769,0.2162918225943903,0.2949666354660467
20358,0.2003750807720055,0,1,0,582261,23349,98187,9769,0.21628255956130274,0.2949755420013286
20359,0.2003786123895453,1,1,1,582262,23348,98188,9768,0.2162732965282152,0.29496315980190846
20360,0.2003813878047036,0,1,0,582263,23347,98188,9768,0.21626403349512766,0.29497206703910617
20361,0.2003838506779408,1,3,1,582266,23344,98189,9767,0.21623624439586497,0.2949774999244964
20362,0.2003842284933648,15,35,15,582301,23309,98204,9752,0.21591203823780059,0.2949699041166329
20363,0.2003876060274755,1,11,1,582312,23298,98205,9751,0.21581014487383748,0.29504674876698234
20364,0.20039629458771,5,7,5,582319,23291,98210,9746,0.2157453036422246,0.29500257287283954
20365,0.2003972186275284,1,10,1,582329,23281,98211,9745,0.21565267331134907,0.29507055047538305
20366,0.2004010777542873,1,2,1,582331,23279,98212,9744,0.21563414724517396,0.29506707446325287
20367,0.2004019237907389,0,3,0,582334,23276,98212,9744,0.2156063581459113,0.2950938824954573
20368,0.2004022630769716,8,30,8,582364,23246,98220,9736,0.21532846715328466,0.2951913164756534
20369,0.2004055681558234,10,16,10,582380,23230,98230,9726,0.2151802586238838,0.2951207670833839
20370,0.2004069930617441,0,2,0,582382,23228,98230,9726,0.2151617325577087,0.29513867815743156
20371,0.2004074849014971,0,3,0,582385,23225,98230,9726,0.21513394345844603,0.2951655488452551
20372,0.2004156265076199,13,31,13,582416,23194,98243,9713,0.21484678943273186,0.29516516242744706
20373,0.2004177614168063,1,4,1,582420,23190,98244,9712,0.21480973730038164,0.29517962433894596
20374,0.200419152171402,1,0,1,582420,23190,98245,9711,0.21480973730038164,0.29515820187836234
20375,0.2004220035893916,9,41,9,582461,23149,98254,9702,0.2144299529437919,0.29533347538887705
20376,0.2004259463999725,3,10,3,582471,23139,98257,9699,0.21433732261291638,0.2953590352640234
20377,0.2004287173377527,0,1,0,582472,23138,98257,9699,0.2143280595798288,0.29536802996619665
20378,0.2004399065316593,6,9,6,582481,23129,98263,9693,0.21424469228204082,0.29532021205289133
20379,0.2004510776941913,8,8,8,582489,23121,98271,9685,0.2141705880173404,0.2952203865146619
20380,0.2004510968454464,1,2,1,582491,23119,98272,9684,0.2141520619511653,0.295216900893211
20381,0.2004539375341077,1,7,1,582498,23112,98273,9683,0.2140872207195524,0.2952584235401738
20382,0.200456069087196,0,5,0,582503,23107,98273,9683,0.21404090555411465,0.2953034461726136
20383,0.2004579711723443,0,2,0,582505,23105,98273,9683,0.21402237948793953,0.2953214590703916
20384,0.2004644904981623,2,7,2,582512,23098,98275,9681,0.21395753825632666,0.2953415296378779
20385,0.2004649181229549,3,0,3,582512,23098,98278,9678,0.21395753825632666,0.2952770319746156
20386,0.2004720872059525,11,42,11,582554,23056,98289,9667,0.21356849086664936,0.29541912416343247
20387,0.2004734218543436,7,12,7,582566,23044,98296,9660,0.21345733446959872,0.2953767123287671
20388,0.2004823874728735,2,8,2,582574,23036,98298,9658,0.2133832302048983,0.29540588487184194
20389,0.200482564915277,2,8,2,582582,23028,98300,9656,0.21330912594019785,0.2954350752661853
20390,0.2004871523641073,3,1,3,582583,23027,98303,9653,0.2132998629071103,0.2953794369645043
20391,0.200487669799026,2,3,2,582586,23024,98305,9651,0.21327207380784763,0.29536342769701607
20392,0.2004885197508869,3,5,3,582591,23019,98308,9648,0.21322575864240986,0.29534392506198914
20393,0.2004914742402211,15,38,15,582629,22981,98323,9633,0.21287376338508282,0.29536395413012817
20394,0.2004935643245349,104,290,104,582919,22691,98427,9529,0.2101874837896921,0.295747982619491
20395,0.2004956139320736,3,14,3,582933,22677,98430,9526,0.21005780132646634,0.2958109492904388
20396,0.2005154768070235,0,3,0,582936,22674,98430,9526,0.2100300122272037,0.2958385093167702
20397,0.2005208926116777,0,2,0,582938,22672,98430,9526,0.21001148616102858,0.29585688552083983
20398,0.2005213043314567,1,3,1,582941,22669,98431,9525,0.2099836970617659,0.2958625830900168
20399,0.2005213839162193,1,1,1,582942,22668,98432,9524,0.20997443402867835,0.29584990059642147
20400,0.2005283421023477,1,2,1,582944,22666,98433,9523,0.20995590796250324,0.2958464071577247
20401,0.200539225876023,6,22,6,582966,22644,98439,9517,0.20975212123457704,0.2959174155032493
20402,0.2005403186031102,1,4,1,582970,22640,98440,9516,0.20971506910222684,0.2959323298917776
20403,0.2005405624823775,2,3,2,582973,22637,98442,9514,0.20968728000296416,0.29591614568753694
20404,0.2005452824020431,1,0,1,582973,22637,98443,9513,0.20968728000296416,0.29589424572317263
20405,0.2005455372695845,1,0,1,582973,22637,98444,9512,0.20968728000296416,0.29587234439640425
20406,0.2005562744015263,0,1,0,582974,22636,98444,9512,0.20967801696987662,0.29588154784123427
20407,0.2005638518171191,1,0,1,582974,22636,98445,9511,0.20967801696987662,0.295859644756898
20408,0.2005653229728165,3,4,3,582978,22632,98448,9508,0.2096409648375264,0.2958307405102676
20409,0.2005796589657564,2,3,2,582981,22629,98450,9506,0.20961317573826374,0.29581453244126343
20410,0.2005828418477606,0,2,0,582983,22627,98450,9506,0.20959464967208863,0.2958329443251486
20411,0.2005828671715716,6,13,6,582996,22614,98456,9500,0.20947423024195042,0.29582113719872954
20412,0.2005924070141113,3,5,3,583001,22609,98459,9497,0.20942791507651265,0.29580140783654146
20413,0.2005937729115822,2,2,2,583003,22607,98461,9495,0.20940938901033754,0.2957759641143854
20414,0.2005999051895958,2,0,2,583003,22607,98463,9493,0.20940938901033754,0.29573208722741434
20415,0.2006026176917986,2,9,2,583012,22598,98465,9491,0.20932602171254955,0.2957711365265356
20416,0.2006032106807717,2,4,2,583016,22594,98467,9489,0.20928896958019935,0.2957641118349282
20417,0.200605346960354,0,2,0,583018,22592,98467,9489,0.20927044351402424,0.2957825504192513
20418,0.2006086951459182,4,8,4,583026,22584,98471,9485,0.2091963392493238,0.29576849917365683
20419,0.2006089349167659,6,7,6,583033,22577,98477,9479,0.20913149801771092,0.29570127277264785
20420,0.2006128232808246,6,14,6,583047,22563,98483,9473,0.20900181555448516,0.2956985890872768
20421,0.2006146743387578,2,6,2,583053,22557,98485,9471,0.20894623735595982,0.29571000374672163
20422,0.2006163365996519,0,2,0,583055,22555,98485,9471,0.20892771128978474,0.2957284706176232
20423,0.2006168645675667,1,5,1,583060,22550,98486,9470,0.20888139612434695,0.2957526545908807
20424,0.2006195122546563,0,1,0,583061,22549,98486,9470,0.2088721330912594,0.29576189137699493
20425,0.2006247997815872,21,73,21,583134,22476,98507,9449,0.20819593167586795,0.2959749412685983
20426,0.2006272645609941,4,4,4,583138,22472,98511,9445,0.20815887954351772,0.2959238023623774
20427,0.2006373848555316,1,5,1,583143,22467,98512,9444,0.20811256437807996,0.2959481056688916
20428,0.2006399575414958,0,1,0,583144,22466,98512,9444,0.20810330134499241,0.2959573801316202
20429,0.2006435171335452,0,3,0,583147,22463,98512,9444,0.20807551224572973,0.2959852070078666
20430,0.2006435558600776,10,36,10,583183,22427,98522,9434,0.2077420430545778,0.2960986786353222
20431,0.2006462545916356,3,1,3,583184,22426,98525,9431,0.20773278002149023,0.29604168628558875
20432,0.2006463178141064,0,3,0,583187,22423,98525,9431,0.20770499092222758,0.2960695674012683
20433,0.2006463578222064,15,32,15,583219,22391,98540,9416,0.20740857386342584,0.2960354638915962
20434,0.2006488163714666,1,3,1,583222,22388,98541,9415,0.2073807847641632,0.2960412539697513
20435,0.2006512197008997,6,21,6,583243,22367,98547,9409,0.20718626106932453,0.2961039778449144
20436,0.200654433381035,0,1,0,583244,22366,98547,9409,0.207176998036237,0.29611329661683716
20437,0.2006550417132317,0,13,0,583257,22353,98547,9409,0.20705657860609877,0.2962344940494931
20438,0.2006605656590484,3,0,3,583257,22353,98550,9406,0.20705657860609877,0.2961680153657231
20439,0.2006678593110039,6,12,6,583269,22341,98556,9400,0.20694542220904813,0.29614693928987745
20440,0.2006739936423501,7,14,7,583283,22327,98563,9393,0.20681573974582237,0.2961223203026482
20441,0.2006774951124772,6,15,6,583298,22312,98569,9387,0.20667679424950905,0.2961292154326635
20442,0.2006775193061323,1,0,1,583298,22312,98570,9386,0.20667679424950905,0.29610700990598776
20443,0.2006793565351931,2,3,2,583301,22309,98572,9384,0.2066490051502464,0.29609061937967374
20444,0.2006808640993656,2,4,2,583305,22305,98574,9382,0.20661195301789617,0.29608356739356834
20445,0.2006829249985314,3,9,3,583314,22296,98577,9379,0.20652858572010818,0.2961010260457774
20446,0.2006876918592486,11,38,11,583352,22258,98588,9368,0.20617659046278114,0.2962119774868779
20447,0.2006880757288141,8,7,8,583359,22251,98596,9360,0.20611174923116826,0.2960994590490652
20448,0.2007042521587362,0,4,0,583363,22247,98596,9360,0.20607469709881804,0.2961369316923466
20449,0.2007141245433766,1,19,1,583382,22228,98597,9359,0.20589869947015452,0.2962927786747713
20450,0.2007163631997353,1,7,1,583389,22221,98598,9358,0.20583385823854164,0.29633617277304536
20451,0.2007182893531335,0,1,0,583390,22220,98598,9358,0.20582459520545407,0.29634555703337767
20452,0.2007201885014305,2,17,2,583407,22203,98600,9356,0.20566712364296566,0.29646059761082416
20453,0.2007289442769165,10,25,10,583432,22178,98610,9346,0.2054355478157768,0.29647252886689507
20454,0.2007326866178859,2,12,2,583444,22166,98612,9344,0.20532439141872616,0.29654078070453826
20455,0.2007409320500073,1,2,1,583446,22164,98613,9343,0.20530586535255105,0.2965372774304123
20456,0.2007420008916604,5,12,5,583458,22152,98618,9338,0.20519470895550038,0.2965385836773579
20457,0.2007436899655393,1,2,1,583460,22150,98619,9337,0.2051761828893253,0.2965350779686855
20458,0.200744516801715,1,3,1,583463,22147,98620,9336,0.2051483937900626,0.2965409903757584
20459,0.2007472751604828,0,2,0,583465,22145,98620,9336,0.2051298677238875,0.2965598297385725
20460,0.2007497991278676,3,5,3,583470,22140,98623,9333,0.20508355255844973,0.29653989133543035
20461,0.2007509737808771,1,1,1,583471,22139,98624,9332,0.2050742895253622,0.2965269613294779
20462,0.2007549412987864,2,13,2,583484,22126,98626,9330,0.20495387009522398,0.29660478128179046
20463,0.2007577432609152,7,8,7,583492,22118,98633,9323,0.20487976583052356,0.29652364746668364
20464,0.200771850382158,3,5,3,583497,22113,98636,9320,0.20483345066508576,0.296503674482232
20465,0.2007792447497128,1,3,1,583500,22110,98637,9319,0.2048056615658231,0.29650959305100383
20466,0.2007818573772621,0,2,0,583502,22108,98637,9319,0.204787135499648,0.2965284627867757
20467,0.2007898500882767,7,8,7,583510,22100,98644,9312,0.20471303123494758,0.296447217623838
20468,0.2007923449919484,0,1,0,583511,22099,98644,9312,0.20470376820186,0.29645665531183346
20469,0.2007979969709797,0,1,0,583512,22098,98644,9312,0.20469450516877247,0.2964660936007641
20470,0.2007985532427358,6,14,6,583526,22084,98650,9306,0.2045648227055467,0.2964638419878942
20471,0.2007986057218535,73,177,73,583703,21907,98723,9233,0.2029252658490496,0.2964996788696211
20472,0.2008013552048646,9,17,9,583720,21890,98732,9224,0.2027677942865612,0.2964581860255833
20473,0.2008019101582991,0,4,0,583724,21886,98732,9224,0.20273074215421097,0.2964963034394085
20474,0.2008041558854258,6,13,6,583737,21873,98738,9218,0.20261032272407278,0.29648451320317776
20475,0.200805361932365,0,1,0,583738,21872,98738,9218,0.2026010596909852,0.2964940495336121
20476,0.2008067960297282,1,2,1,583740,21870,98739,9217,0.2025825336248101,0.2964904944188889
20477,0.2008125399466498,1,3,1,583743,21867,98740,9216,0.20255474452554745,0.29649647717401795
20478,0.2008128626208757,1,4,1,583747,21863,98741,9215,0.20251769239319722,0.2965120020593346
20479,0.2008184037303679,2,2,2,583749,21861,98743,9213,0.2024991663270221,0.2964858080710562
20480,0.200819443980359,0,4,0,583753,21857,98743,9213,0.20246211419467192,0.29652397811393627
20481,0.2008228566936621,0,1,0,583754,21856,98743,9213,0.20245285116158435,0.2965335221603528
20482,0.2008281711440163,15,40,15,583794,21816,98758,9198,0.2020823298380822,0.2965757399883923
20483,0.2008312047408118,22,70,22,583864,21746,98780,9176,0.2014339175219534,0.2967466528685079
20484,0.2008335541709937,0,4,0,583868,21742,98780,9176,0.20139686538960316,0.2967850443107575
20485,0.2008359427027739,3,8,3,583876,21734,98783,9173,0.20132276112490274,0.2967936066263306
20486,0.2008403761042178,4,3,4,583879,21731,98787,9169,0.20129497202564006,0.2967313915857605
20487,0.2008434111173013,19,52,19,583931,21679,98806,9150,0.20081329430508726,0.29679846897401796
20488,0.2008518733777949,1,1,1,583932,21678,98807,9149,0.2008040312719997,0.29678528562623674
20489,0.2008557577358234,1,2,1,583934,21676,98808,9148,0.20078550520582458,0.29678172852322865
20490,0.2008559022404239,1,1,1,583935,21675,98809,9147,0.20077624217273704,0.2967685419505548
20491,0.2008594190437552,0,5,0,583940,21670,98809,9147,0.20072992700729927,0.2968166920855372
20492,0.2008621328138185,7,7,7,583947,21663,98816,9140,0.2006650857756864,0.2967243450313281
20493,0.2008692465391862,2,1,2,583948,21662,98818,9138,0.20065582274259883,0.29668831168831167
20494,0.2008735034883775,0,1,0,583949,21661,98818,9138,0.20064655970951129,0.29669794473846556
20495,0.2008790873634053,3,14,3,583963,21647,98821,9135,0.20051687724628553,0.29676434279773894
20496,0.200889843110842,0,12,0,583975,21635,98821,9135,0.2004057208492349,0.29688007799805005
20497,0.2008920140619135,0,7,0,583982,21628,98821,9135,0.20034087961762198,0.2969476318954588
20498,0.2008995141843733,0,1,0,583983,21627,98821,9135,0.20033161658453444,0.29695728496196605
20499,0.2009006081734838,1,9,1,583992,21618,98822,9134,0.20024824928674645,0.2970213319458897
20500,0.2009023148649344,0,2,0,583994,21616,98822,9134,0.20022972322057134,0.29704065040650407
20501,0.200904621726366,0,1,0,583995,21615,98822,9134,0.2002204601874838,0.29705031057920583
20502,0.2009056851889192,8,28,8,584023,21587,98830,9126,0.19996109526103228,0.2971380197310585
20503,0.200908447142948,0,2,0,584025,21585,98830,9126,0.19994256919485717,0.2971573703233369
20504,0.2009104807695351,0,2,0,584027,21583,98830,9126,0.19992404312868206,0.2971767234361262
20505,0.2009110872872504,1,0,1,584027,21583,98831,9125,0.19992404312868206,0.2971538361339065
20506,0.200913755302924,1,4,1,584031,21579,98832,9124,0.19988699099633184,0.29716965768817377
20507,0.20091528612167,4,15,4,584046,21564,98836,9120,0.19974804550001854,0.2972233085647243
20508,0.2009161016728472,1,3,1,584049,21561,98837,9119,0.19972025640075586,0.29722946544980444
20509,0.2009170852222347,1,2,1,584051,21559,98838,9118,0.19970173033458075,0.2972259347393813
20510,0.2009238788602569,16,21,16,584072,21538,98854,9102,0.1995072066397421,0.2970626631853786
20511,0.2009396244413188,17,31,17,584103,21507,98871,9085,0.19922005261402795,0.2969730648535565
20512,0.2009396954485815,1,7,1,584110,21500,98872,9084,0.19915521138241507,0.2970180486528904
20513,0.2009450642235207,6,4,6,584114,21496,98878,9078,0.19911815925006485,0.29691895074246094
20514,0.2009537277176632,14,26,14,584140,21470,98892,9064,0.19887732038978842,0.29684941376825835
20515,0.2009557745996512,6,35,6,584175,21435,98898,9058,0.19855311423172403,0.2970517823762831
20516,0.2009558350422992,3,8,3,584183,21427,98901,9055,0.1984790099670236,0.29706056033068695
20517,0.2009581551125445,25,85,25,584268,21342,98926,9030,0.1976916521545815,0.2973133148952983
20518,0.2009735182525273,6,11,6,584279,21331,98932,9024,0.1975897587906184,0.29728216109372424
20519,0.2009789608902056,0,2,0,584281,21329,98932,9024,0.1975712327244433,0.2973017494152143
20520,0.2009792684746738,0,1,0,584282,21328,98932,9024,0.19756196969135573,0.29731154454401687
20521,0.2009800780505775,3,3,3,584285,21325,98935,9021,0.19753418059209307,0.29727146905687735
20522,0.2009820415046783,5,30,5,584315,21295,98940,9016,0.19725628959946645,0.2974497707103032
20523,0.2009961684095939,1,9,1,584324,21286,98941,9015,0.19717292230167846,0.29751493350054453
20524,0.2010015664007117,2,6,2,584330,21280,98943,9013,0.19711734410315312,0.2975274815964084
20525,0.2010094044893244,0,1,0,584331,21279,98943,9013,0.19710808107006558,0.29753730357850255
20526,0.2010144164264135,0,3,0,584334,21276,98943,9013,0.19708029197080293,0.29756677341609167
20527,0.2010155630541535,1,1,1,584335,21275,98944,9012,0.19707102893771536,0.29755340575164263
20528,0.201017070627628,5,8,5,584343,21267,98949,9007,0.19699692467301494,0.2975160203474929
20529,0.2010171301964767,6,13,6,584356,21254,98955,9001,0.19687650524287673,0.2975045447033548
20530,0.2010175651812423,1,0,1,584356,21254,98956,9000,0.19687650524287673,0.2974813247834997
20531,0.2010220430908376,0,3,0,584359,21251,98956,9000,0.19684871614361407,0.2975108260883938
20532,0.2010245007759057,1,1,1,584360,21250,98957,8999,0.1968394531105265,0.2974974379318325
20533,0.2010274871115561,0,1,0,584361,21249,98957,8999,0.19683019007743896,0.297507273208146
20534,0.2010378544280902,0,2,0,584363,21247,98957,8999,0.19681166401126385,0.29752694571182964
20535,0.2010389692577168,17,41,17,584404,21206,98974,8982,0.19643187965467412,0.2975354445475023
20536,0.2010439867061036,1,0,1,584404,21206,98975,8981,0.19643187965467412,0.2975121741146851
20537,0.2010539940218078,0,2,0,584406,21204,98975,8981,0.196413353588499,0.2975318866986914
20538,0.2010606825715774,1,6,1,584412,21198,98976,8980,0.1963577753899737,0.29756776459672607
20539,0.2010662852142674,4,15,4,584427,21183,98980,8976,0.19621882989366038,0.2976226002188401
20540,0.2010688992053361,0,1,0,584428,21182,98980,8976,0.19620956686057284,0.2976324689966178
20541,0.2010689253585698,0,7,0,584435,21175,98980,8976,0.19614472562895996,0.29770156877052173
20542,0.2010708125177109,0,1,0,584436,21174,98980,8976,0.1961354625958724,0.29771144278606965
20543,0.2010708323969785,0,2,0,584438,21172,98980,8976,0.19611693652969728,0.2977311927822741
20544,0.2010789757980286,10,30,10,584468,21142,98990,8966,0.19583904553707066,0.29779460608476155
20545,0.2010848511924824,0,2,0,584470,21140,98990,8966,0.19582051947089554,0.2978143891583073
20546,0.2010960615110489,1,10,1,584480,21130,98991,8965,0.19572788914002,0.29789001495264994
20547,0.2011020463597192,6,5,6,584485,21125,98997,8959,0.19568157397458225,0.29779949474803885
20548,0.2011141248705538,0,2,0,584487,21123,98997,8959,0.19566304790840713,0.29781929392992484
20549,0.20112426214266,10,12,10,584499,21111,99007,8949,0.1955518915113565,0.29770459081836326
20550,0.2011260367734127,6,7,6,584506,21104,99013,8943,0.1954870502797436,0.2976337071920658
20551,0.2011263931154077,6,20,6,584526,21084,99019,8937,0.19530178961799252,0.29769161586889176
20552,0.2011303753650057,2,8,2,584534,21076,99021,8935,0.19522768535329207,0.2977241678051381
20553,0.2011313959366965,15,26,15,584560,21050,99036,8920,0.19498684649301568,0.297630964297631
20554,0.2011317783690782,0,1,0,584561,21049,99036,8920,0.1949775834599281,0.2976408955921119
20555,0.2011429581510325,0,1,0,584562,21048,99036,8920,0.19496832042684056,0.297650827549386
20556,0.2011487073626378,1,3,1,584565,21045,99037,8919,0.1949405313275779,0.2976571886263516
20557,0.201164444193776,2,1,2,584566,21044,99039,8917,0.19493126829449034,0.29762023964487166
20558,0.2011693323709593,7,24,7,584590,21020,99046,8910,0.19470895550038905,0.29769462078182424
20559,0.2011753903130276,1,0,1,584590,21020,99047,8909,0.19470895550038905,0.2976711550669919
20560,0.2011782310016888,0,1,0,584591,21019,99047,8909,0.19469969246730148,0.29768110130981024
20561,0.2011799154447174,5,6,5,584597,21013,99052,8904,0.19464411426877617,0.29762342480863724
20562,0.2011822178356873,1,2,1,584599,21011,99053,8903,0.19462558820260106,0.29761984355151433
20563,0.2011849259073672,2,3,2,584602,21008,99055,8901,0.1945977991033384,0.29760272827576983
20564,0.2011856516647686,0,3,0,584605,21005,99055,8901,0.19457001000407573,0.2976325820905504
20565,0.2011857894955403,1,0,1,584605,21005,99056,8900,0.19457001000407573,0.2976090954689851
20566,0.2011937881088808,14,40,14,584645,20965,99070,8886,0.19419948868057357,0.29767846973300727
20567,0.2011990228152943,0,2,0,584647,20963,99070,8886,0.19418096261439846,0.2976984153572984
20568,0.2011994444763088,5,3,5,584650,20960,99075,8881,0.1941531735151358,0.29761066988371704
20569,0.2012018247774231,1,2,1,584652,20958,99076,8880,0.1941346474489607,0.29760707822240096
20570,0.2012088070661631,0,2,0,584654,20956,99076,8880,0.19411612138278558,0.29762702775170935
20571,0.2012099394863725,0,2,0,584656,20954,99076,8880,0.19409759531661047,0.2976469799557552
20572,0.2012108742938847,38,82,38,584738,20872,99114,8842,0.19333802660343102,0.2975701689439322
20573,0.201215246544801,1,8,1,584746,20864,99115,8841,0.1932639223387306,0.2976266621780845
20574,0.2012179039284928,11,29,11,584775,20835,99126,8830,0.19299529437919152,0.29765717175122197
20575,0.2012180657548317,3,6,3,584781,20829,99129,8827,0.1929397161806662,0.2976463447531697
20576,0.2012233262662207,1,2,1,584783,20827,99130,8826,0.19292119011449108,0.29764273429332616
20577,0.2012258297796367,2,5,2,584788,20822,99132,8824,0.1928748749490533,0.2976455508331647
20578,0.2012286505890303,0,3,0,584791,20819,99132,8824,0.19284708584979066,0.2976756738521742
20579,0.2012356475813689,7,10,7,584801,20809,99139,8817,0.19275445551891512,0.29761020725038817
20580,0.201238700085929,49,83,49,584884,20726,99188,8768,0.1919856237726481,0.29728080287516107
20581,0.2012418042847159,3,2,3,584886,20724,99191,8765,0.191967097706473,0.2972294753976059
20582,0.2012492519413138,0,2,0,584888,20722,99191,8765,0.1919485716402979,0.2972496354325635
20583,0.2012528073304046,1,2,1,584890,20720,99192,8764,0.1919300455741228,0.2972459639126306
20584,0.2012694070858441,5,3,5,584893,20717,99197,8759,0.19190225647486012,0.29715700909214277
20585,0.2012725895641625,1,2,1,584895,20715,99198,8758,0.19188373040868503,0.29715332677365724
20586,0.2012792595253183,4,12,4,584907,20703,99202,8754,0.19177257401163436,0.2971789387921377
20587,0.2012803678013064,7,17,7,584924,20686,99209,8747,0.19161510244914595,0.297183433560969
20588,0.2012884789422164,19,50,19,584974,20636,99228,8728,0.19115195079476824,0.29723470916768835
20589,0.2012896164403977,0,1,0,584975,20635,99228,8728,0.1911426877616807,0.29724483193134216
20590,0.201304884505708,1,1,1,584976,20634,99229,8727,0.19113342472859313,0.29723102074180036
20591,0.2013209557257538,4,7,4,584983,20627,99233,8723,0.19106858349698025,0.297206132879046
20592,0.2013243680655478,19,20,19,585003,20607,99252,8704,0.19088332283522916,0.2969533622189622
20593,0.2013245777282806,0,1,0,585004,20606,99252,8704,0.19087405980214162,0.29696349368816105
20594,0.2013294511935405,3,5,3,585009,20601,99255,8701,0.19082774463670385,0.29694218824653607
20595,0.2013388002337836,1,5,1,585014,20596,99256,8700,0.19078142947126608,0.2969688694702348
20596,0.2013474109208224,1,0,1,585014,20596,99257,8699,0.19078142947126608,0.29694487113841955
20597,0.2013493413411272,2,4,2,585018,20592,99259,8697,0.19074437733891586,0.2969374167776298
20598,0.2013524612952203,1,1,1,585019,20591,99260,8696,0.1907351143058283,0.29692354969781815
20599,0.2013527698024062,2,0,2,585019,20591,99262,8694,0.1907351143058283,0.2968755335495988
20600,0.2013528205240972,18,46,18,585065,20545,99280,8676,0.1903090147838008,0.2969097566818384
20601,0.20136969954581,5,3,5,585068,20542,99285,8671,0.19028122568453815,0.29681990894464794
20602,0.2013730631374899,1,1,1,585069,20541,99286,8670,0.1902719626514506,0.2968059977405772
20603,0.2013732665277298,2,3,2,585072,20538,99288,8668,0.19024417355218792,0.29678833116482917
20604,0.2013797392589197,0,2,0,585074,20536,99288,8668,0.1902256474860128,0.29680865634844544
20605,0.2014030434852166,0,1,0,585075,20535,99288,8668,0.19021638445292527,0.2968188199842482
20606,0.2014148859989719,1,0,1,585075,20535,99289,8667,0.19021638445292527,0.29679474008629547
20607,0.201415049129605,6,6,6,585081,20529,99295,8661,0.19016080625439993,0.29671120246659816
20608,0.2014175997690352,1,2,1,585083,20527,99296,8660,0.19014228018822482,0.2967074382430534
20609,0.2014186471339563,1,12,1,585095,20515,99297,8659,0.19003112379117418,0.29680537464865975
20610,0.2014193997028774,0,1,0,585096,20514,99297,8659,0.19002186075808664,0.29681554862372744
20611,0.2014366427085726,0,5,0,585101,20509,99297,8659,0.18997554559264887,0.2968664289632474
20612,0.2014366792716048,31,48,31,585149,20461,99328,8628,0.18953092000444627,0.2966069648320671
20613,0.2014440261257774,0,6,0,585155,20455,99328,8628,0.18947534180592093,0.2966681566550906
20614,0.2014498164731649,11,48,11,585203,20407,99339,8617,0.18903071621771833,0.2968922271223815
20615,0.201454180724287,5,11,5,585214,20396,99344,8612,0.18892882285375523,0.29688361831218973
20616,0.2014611521441359,0,4,0,585218,20392,99344,8612,0.188891770721405,0.29692456212936147
20617,0.2014715686280639,4,2,4,585220,20390,99348,8608,0.18887324465522992,0.2968480584867922
20618,0.2014801950836733,2,5,2,585225,20385,99350,8606,0.18882692948979213,0.29685074678348455
20619,0.201490755498301,4,16,4,585241,20369,99354,8602,0.18867872096039126,0.2969176072624348
20620,0.2014907799178719,0,6,0,585247,20363,99354,8602,0.18862314276186595,0.29697911272225097
20621,0.2014963164813622,1,2,1,585249,20361,99355,8601,0.18860461669569084,0.2969753470064222
20622,0.2015155868609207,13,64,13,585313,20297,99368,8588,0.18801178257808737,0.29731694651203044
20623,0.2015162922288552,1,3,1,585316,20294,99369,8587,0.18798399347882472,0.29732349987881307
20624,0.2015302844944053,1,7,1,585323,20287,99370,8586,0.18791915224721184,0.29737124649326363
20625,0.2015354699803404,2,13,2,585336,20274,99372,8584,0.18779873281707363,0.29745651119273686
20626,0.2015385310619958,3,6,3,585342,20268,99375,8581,0.1877431546185483,0.2974453187285521
20627,0.2015480281472814,0,3,0,585345,20265,99375,8581,0.18771536551928564,0.29747625320668375
20628,0.2015511803167595,1,3,1,585348,20262,99376,8580,0.18768757642002298,0.2974828375286041
20629,0.2015525006306184,1,3,1,585351,20259,99377,8579,0.1876597873207603,0.29748942367709275
20630,0.201558844485315,1,1,1,585352,20258,99378,8578,0.18765052428767276,0.29747537799972257
20631,0.2015650933375674,0,1,0,585353,20257,99378,8578,0.1876412612545852,0.29748569446852785
20632,0.2015704674246793,0,10,0,585363,20247,99378,8578,0.18754863092370966,0.29758889852558545
20633,0.2015749982518424,0,1,0,585364,20246,99378,8578,0.18753936789062212,0.2975992228698307
20634,0.2015830893792361,1,0,1,585364,20246,99379,8577,0.18753936789062212,0.29757485341567497
20635,0.2015836868714299,1,5,1,585369,20241,99380,8576,0.18749305272518432,0.2976021098657043
20636,0.2015915805223821,1,2,1,585371,20239,99381,8575,0.18747452665900924,0.2975983896716874
20637,0.2015916400912308,0,1,0,585372,20238,99381,8575,0.18746526362592167,0.2976087182868844
20638,0.2016007734073321,16,22,16,585394,20216,99397,8559,0.18726147689799547,0.2974456993918332
20639,0.2016054940826235,0,3,0,585397,20213,99397,8559,0.1872336877987328,0.29747671347143056
20640,0.2016194396297475,0,3,0,585400,20210,99397,8559,0.18720589869947016,0.29750773401925684
20641,0.2016227410519028,7,18,7,585418,20192,99404,8552,0.18703916410389418,0.29752296131366546
20642,0.201631138551403,2,13,2,585431,20179,99406,8550,0.18691874467375597,0.29760868808521007
20643,0.2016351924663315,1,8,1,585439,20171,99407,8549,0.18684464040905555,0.29766713091922004
20644,0.2016354924888679,0,1,0,585440,20170,99407,8549,0.18683537737596798,0.2976774957345312
20645,0.2016453422917326,0,2,0,585442,20168,99407,8549,0.1868168513097929,0.29769822753073094
20646,0.2016495473013771,39,79,39,585521,20089,99446,8510,0.1860850716958761,0.2975628518479667
20647,0.2016541545526816,6,20,6,585541,20069,99452,8504,0.185899811034125,0.2976236307003115
20648,0.2016594794303193,3,10,3,585551,20059,99455,8501,0.18580718070324947,0.29765406162464986
20649,0.2016658045205398,0,1,0,585552,20058,99455,8501,0.1857979176701619,0.297664484050562
20650,0.2016689068264986,0,7,0,585559,20051,99455,8501,0.18573307643854903,0.2977374614738022
20651,0.2016707443571629,1,0,1,585559,20051,99456,8500,0.18573307643854903,0.29771286469825925
20652,0.2016776160132547,2,1,2,585560,20050,99458,8498,0.18572381340546149,0.29767409275606
20653,0.2016797290978768,1,3,1,585563,20047,99459,8497,0.18569602430619883,0.2976807735426009
20654,0.2016979665701522,1,3,1,585566,20044,99460,8496,0.18566823520693615,0.297687456201822
20655,0.2016987720374142,4,3,4,585569,20041,99464,8492,0.1856404461076735,0.29762029930256195
20656,0.2017015312280027,0,2,0,585571,20039,99464,8492,0.18562192004149838,0.2976411622445761
20657,0.2017026178779254,4,5,4,585576,20034,99468,8488,0.18557560487606062,0.29759483907159384
20658,0.2017026992865462,56,148,56,585724,19886,99524,8432,0.1842046759791026,0.2977611413235398
20659,0.2017036847321125,2,13,2,585737,19873,99526,8430,0.1840842565489644,0.2978482846341377
20660,0.2017059058314506,6,6,6,585743,19867,99532,8424,0.18402867835043907,0.29776253932345975
20661,0.2017123825249299,9,15,9,585758,19852,99541,8415,0.18388973285412574,0.2976969611207415
20662,0.2017206798523618,21,30,21,585788,19822,99562,8394,0.18361184186149912,0.29749078537000284
20663,0.2017235089007581,0,2,0,585790,19820,99562,8394,0.183593315795324,0.2975118735379599
20664,0.2017288749983998,0,4,0,585794,19816,99562,8394,0.1835562636629738,0.2975540588443814
20665,0.2017341571010379,0,4,0,585798,19812,99562,8394,0.1835192115306236,0.29759625611572005
20666,0.2017404442984709,1,1,1,585799,19811,99563,8393,0.18350994849753605,0.29758190327613104
20667,0.2017445398234668,5,12,5,585811,19799,99568,8388,0.18339879210048537,0.29758399262071167
20668,0.201749176748398,14,29,14,585840,19770,99582,8374,0.18313016414094632,0.2975412166003411
20669,0.2017523135321902,1,3,1,585843,19767,99583,8373,0.18310237504168364,0.29754797441364605
20670,0.2017524026956785,2,1,2,585844,19766,99585,8371,0.1830931120085961,0.29750861854497634
20671,0.2017559535664436,4,2,4,585846,19764,99589,8367,0.183074585942421,0.2974298816252533
20672,0.2017567277304414,0,1,0,585847,19763,99589,8367,0.18306532290933344,0.2974404550302169
20673,0.2017584458102037,1,0,1,585847,19763,99590,8366,0.18306532290933344,0.29741547868747553
20674,0.2017670974759876,28,81,28,585928,19682,99618,8338,0.18231501722924154,0.2975731620271235
20675,0.2017691837589821,0,5,0,585933,19677,99618,8338,0.18226870206380377,0.29762627164019273
20676,0.2017735327100484,0,2,0,585935,19675,99618,8338,0.18225017599762866,0.2976475207939171
20677,0.2017754917948202,1,1,1,585936,19674,99619,8337,0.18224091296454112,0.29763307272143086
20678,0.2017800139296299,2,7,2,585943,19667,99621,8335,0.18217607173292824,0.29765731019212915
20679,0.2017808454317362,0,3,0,585946,19664,99621,8335,0.18214828263366556,0.2976892031858281
20680,0.2017831980026613,0,4,0,585950,19660,99621,8335,0.18211123050131536,0.29773173781032325
20681,0.2017924138232469,3,9,3,585959,19651,99624,8332,0.18202786320352737,0.29775220669692315
20682,0.2017925925234239,2,0,2,585959,19651,99626,8330,0.18202786320352737,0.29770201207962543
20683,0.201793026203598,2,1,2,585960,19650,99628,8328,0.1820186001704398,0.2976624490671242
20684,0.2017985271770704,0,6,0,585966,19644,99628,8328,0.1819630219719145,0.2977262977262977
20685,0.2018003396743908,1,1,1,585967,19643,99629,8327,0.18195375893882693,0.2977118341079728
20686,0.2018006002650375,0,2,0,585969,19641,99629,8327,0.18193523287265181,0.29773312356979403
20687,0.2018079900792351,14,23,14,585992,19618,99643,8313,0.18172218311163807,0.29762629336579427
20688,0.20180868092276,0,2,0,585994,19616,99643,8313,0.18170365704546296,0.29764760643059185
20689,0.201810157476123,2,3,2,585997,19613,99645,8311,0.1816758679462003,0.2976292794728549
20690,0.2018109354876379,1,3,1,586000,19610,99646,8310,0.18164807884693765,0.29763610315186245
20691,0.201822355939421,3,3,3,586003,19607,99649,8307,0.18162028974767497,0.29759260586085834
20692,0.2018236425918592,1,2,1,586005,19605,99650,8306,0.18160176368149988,0.297588764286482
20693,0.2018247383357799,0,3,0,586008,19602,99650,8306,0.1815739745822372,0.29762075390569015
20694,0.2018277978474495,2,1,2,586009,19601,99652,8304,0.18156471154914966,0.2975810786597384
20695,0.2018294036300756,0,1,0,586010,19600,99652,8304,0.1815554485160621,0.29759174311926606
20696,0.2018325965028572,6,25,6,586035,19575,99658,8298,0.18132387268887323,0.29770745883112687
20697,0.2018368838741554,7,19,7,586054,19556,99665,8291,0.1811478750602097,0.2977340467554853
20698,0.2018438745008042,0,5,0,586059,19551,99665,8291,0.18110155989477195,0.297787515264708
20699,0.2018470525299635,1,13,1,586072,19538,99666,8290,0.18098114046463373,0.2979013942791433
20700,0.2018504563561506,0,2,0,586074,19536,99666,8290,0.18096261439845862,0.2979228060087688
20701,0.2018515746647732,15,25,15,586099,19511,99681,8275,0.18073103857126976,0.29781184769308283
20702,0.2018537694200724,0,1,0,586100,19510,99681,8275,0.18072177553818222,0.29782256613280544
20703,0.2018558046414716,2,9,2,586109,19501,99683,8273,0.18063840824039423,0.297868510117376
20704,0.2018559252621757,4,14,4,586123,19487,99687,8269,0.18050872577716848,0.29791756737282027
20705,0.201856438947473,10,30,10,586153,19457,99697,8259,0.18023083478454185,0.297986722470775
20706,0.2018647033244959,0,3,0,586156,19454,99697,8259,0.1802030456852792,0.29801898026197093
20707,0.2018648603430697,0,1,0,586157,19453,99697,8259,0.18019378265219163,0.29802973441108543
20708,0.201867017563417,1,7,1,586164,19446,99698,8258,0.18012894142057875,0.2980796996823563
20709,0.2018744679715004,0,6,0,586170,19440,99698,8258,0.18007336322205342,0.2981442703444292
20710,0.2018802475013507,1,1,1,586171,19439,99699,8257,0.18006410018896588,0.29812969381860194
20711,0.2018846845063062,11,31,11,586202,19408,99710,8246,0.17977694616325168,0.29818471107253924
20712,0.2018937658515741,1,2,1,586204,19406,99711,8245,0.1797584200970766,0.29818089761672273
20713,0.2018954166661148,1,9,1,586213,19397,99712,8244,0.1796750527992886,0.2982525957816287
20714,0.2018954416811291,2,1,2,586214,19396,99714,8242,0.17966578976620104,0.2982126058325494
20715,0.2018982823697903,1,4,1,586218,19392,99715,8241,0.17962873763385082,0.2982303767234828
20716,0.2018993585825927,20,19,20,586237,19373,99735,8221,0.1794527400051873,0.2979270855983185
20717,0.2018995372061251,2,9,2,586246,19364,99737,8219,0.1793693727073993,0.2979733894065185
20718,0.2019072872446792,3,6,3,586252,19358,99740,8216,0.179313794508874,0.29796184811779214
20719,0.2019084939798587,1,1,1,586253,19357,99741,8215,0.17930453147578643,0.2979471928042942
20720,0.2019119857037463,1,0,1,586253,19357,99742,8214,0.17930453147578643,0.297921729353306
20721,0.2019121133531421,8,29,8,586282,19328,99750,8206,0.17903590351624735,0.2980315246604198
20722,0.2019145959087996,0,2,0,586284,19326,99750,8206,0.17901737745007226,0.29805317448786867
20723,0.2019154558471516,2,8,2,586292,19318,99752,8204,0.17894327318537182,0.298088801685924
20724,0.2019162838815232,5,10,5,586302,19308,99757,8199,0.17885064285449628,0.29806958228814484
20725,0.201917661601139,1,0,1,586302,19308,99758,8198,0.17885064285449628,0.2980440631135025
20726,0.2019196971621413,9,23,9,586325,19285,99767,8189,0.17863759309348254,0.29806362378976486
20727,0.2019279338493814,0,1,0,586326,19284,99767,8189,0.17862833006039497,0.2980744731190624
20728,0.2019349375346275,9,21,9,586347,19263,99776,8180,0.17843380636555634,0.29807236818132127
20729,0.201936421078213,1,5,1,586352,19258,99777,8179,0.17838749120011857,0.298101104348143
20730,0.2019386212114534,0,2,0,586354,19256,99777,8179,0.17836896513394346,0.2981228357936942
20731,0.2019429308783067,1,0,1,586354,19256,99778,8178,0.17836896513394346,0.29809725158562367
20732,0.2019436602452257,1,3,1,586357,19253,99779,8177,0.1783411760346808,0.2981042654028436
20733,0.2019555976476957,5,2,5,586359,19251,99784,8172,0.1783226499685057,0.2979980308500164
20734,0.2019562452414495,94,312,94,586671,18939,99878,8078,0.1754325836451888,0.29899692786023613
20735,0.2019567158799566,3,11,3,586682,18928,99881,8075,0.1753306902812257,0.29904084731326147
20736,0.2019600958989938,2,2,2,586684,18926,99883,8073,0.17531216421505058,0.29901107448424014
20737,0.2019715582197397,3,5,3,586689,18921,99886,8070,0.17526584904961282,0.2989885517394687
20738,0.2019739469607555,1,0,1,586689,18921,99887,8069,0.17526584904961282,0.298962578732864
20739,0.2019786869031699,1,0,1,586689,18921,99888,8068,0.17526584904961282,0.2989366038015488
20740,0.2019798755965094,12,62,12,586751,18859,99900,8056,0.17469154099818446,0.2993126509381386
20741,0.2019828091812034,11,36,11,586787,18823,99911,8045,0.1743580718070325,0.29942682745273186
20742,0.2019860456157796,3,5,3,586792,18818,99914,8042,0.17431175664159473,0.2994043186895011
20743,0.2019897014500614,0,3,0,586795,18815,99914,8042,0.17428396754233205,0.2994377629668243
20744,0.2019921096637893,0,2,0,586797,18813,99914,8042,0.17426544147615694,0.29946006330292313
20745,0.2019945699300273,0,2,0,586799,18811,99914,8042,0.17424691540998186,0.299482366960861
20746,0.2019982580052826,5,7,5,586806,18804,99919,8037,0.17418207417836898,0.2994299765284453
20747,0.202002142779616,0,3,0,586809,18801,99919,8037,0.1741542850791063,0.2994634473507713
20748,0.2020075641771628,0,3,0,586812,18798,99919,8037,0.17412649597984364,0.2994969256567915
20749,0.2020100562673643,3,18,3,586830,18780,99922,8034,0.17395976138426766,0.29961960170060414
20750,0.2020101819465967,2,2,2,586832,18778,99924,8032,0.17394123531809255,0.29958970533383067
20751,0.2020148728412832,0,1,0,586833,18777,99924,8032,0.173931972285005,0.2996008803013913
20752,0.2020201286238317,13,30,13,586863,18747,99937,8019,0.1736540812923784,0.2995965030262273
20753,0.2020264720865329,16,62,16,586925,18685,99953,8003,0.17307977324095003,0.2998726019184652
20754,0.20203566203889,0,2,0,586927,18683,99953,8003,0.17306124717477492,0.2998950760698494
20755,0.2020366181052837,1,1,1,586928,18682,99954,8002,0.17305198414168735,0.2998800779493329
20756,0.202042099647045,9,10,9,586938,18672,99963,7993,0.17295935381081182,0.2997562347646728
20757,0.2020517185869151,2,1,2,586939,18671,99965,7991,0.17295009077772425,0.29971495011627036
20758,0.2020532797524486,0,1,0,586940,18670,99965,7991,0.1729408277446367,0.2997261918157608
20759,0.2020560026516337,1,2,1,586942,18668,99966,7990,0.1729223016784616,0.29972240978317954
20760,0.2020570517594714,1,1,1,586943,18667,99967,7989,0.17291303864537405,0.2997073829531813
20761,0.2020574555279327,1,2,1,586945,18665,99968,7988,0.17289451257919894,0.2997035980940232
20762,0.2020584281392324,11,22,11,586967,18643,99979,7977,0.17269072585127274,0.2996619083395943
20763,0.2020606755715754,0,2,0,586969,18641,99979,7977,0.17267219978509762,0.2996844240739349
20764,0.2020660610094467,0,2,0,586971,18639,99979,7977,0.1726536737189225,0.2997069431920649
20765,0.2020661306651706,6,19,6,586990,18620,99985,7971,0.172477676090259,0.2997630777330676
20766,0.2020686795173479,2,0,2,586990,18620,99987,7969,0.172477676090259,0.2997104065591034
20767,0.2020709769210379,4,4,4,586994,18616,99991,7965,0.17244062395790877,0.29965012602987096
20768,0.2020741987997126,1,5,1,586999,18611,99992,7964,0.172394308792471,0.2996801505174036
20769,0.2020755837039057,0,1,0,587000,18610,99992,7964,0.17238504575938346,0.29969142771129675
20770,0.2020782855851583,0,7,0,587007,18603,99992,7964,0.17232020452777058,0.2997703918395001
20771,0.2020857719207008,0,2,0,587009,18601,99992,7964,0.17230167846159547,0.29979296066252586
20772,0.2020932700996401,0,2,0,587011,18599,99992,7964,0.17228315239542036,0.2998155328840869
20773,0.2021035332470629,1,3,1,587014,18596,99993,7963,0.1722553632961577,0.2998230355058549
20774,0.2021081788404269,1,10,1,587024,18586,99994,7962,0.17216273296528214,0.29990959770980863
20775,0.2021130684378785,2,1,2,587025,18585,99996,7960,0.1721534699321946,0.2998681484271991
20776,0.2021179339703132,4,10,4,587035,18575,100000,7956,0.17206083960131904,0.2998756172025178
20777,0.2021224576096712,2,11,2,587046,18564,100002,7954,0.17195894623735597,0.29994720567161925
20778,0.2021286124946146,1,7,1,587053,18557,100003,7953,0.1718941050057431,0.3
20779,0.2021320922612229,2,20,2,587073,18537,100005,7951,0.171708844343992,0.3001736635457566
20780,0.2021394549338751,0,1,0,587074,18536,100005,7951,0.17169958131090443,0.30018499641333485
20781,0.2021423018091259,1,3,1,587077,18533,100006,7950,0.17167179221164178,0.3001925763697466
20782,0.2021438159603161,1,0,1,587077,18533,100007,7949,0.17167179221164178,0.3001661505928555
20783,0.2021446666827796,8,14,8,587091,18519,100015,7941,0.17154210974841602,0.30011337868480725
20784,0.2021505421879236,3,24,3,587115,18495,100018,7938,0.1713197969543147,0.3003064351378958
20785,0.2021593177716571,2,10,2,587125,18485,100020,7936,0.17122716662343918,0.30036713220544264
20786,0.20216365040403,0,2,0,587127,18483,100020,7936,0.17120864055726406,0.3003898709262273
20787,0.2021662190241444,4,6,4,587133,18477,100024,7932,0.17115306235873876,0.30035215267522436
20788,0.2021677498428904,0,4,0,587137,18473,100024,7932,0.17111601022638853,0.30039765195985607
20789,0.2021706233087002,0,5,0,587142,18468,100024,7932,0.17106969506095077,0.3004545454545455
20790,0.2021721417139347,1,2,1,587144,18466,100025,7931,0.17105116899477565,0.30045080880403074
20791,0.2021741150325879,1,1,1,587145,18465,100026,7930,0.17104190596168808,0.30043568857738207
20792,0.202177751278117,6,7,6,587152,18458,100032,7924,0.1709770647300752,0.30035630354029264
20793,0.202181349243992,1,3,1,587155,18455,100033,7923,0.17094927563081255,0.30036393964667524
20794,0.2021839309002095,0,2,0,587157,18453,100033,7923,0.17093074956463744,0.30038671519563237
20795,0.2021880144255398,2,14,2,587171,18439,100035,7921,0.17080106710141169,0.30049317147192717
20796,0.2021955487599674,1,2,1,587173,18437,100036,7920,0.17078254103523657,0.3004894335470653
20797,0.2022008092469493,0,1,0,587174,18436,100036,7920,0.17077327800214903,0.3005008347245409
20798,0.2022069387881481,37,78,37,587252,18358,100073,7883,0.1700507614213198,0.3004077588506536
20799,0.2022071669682735,3,5,3,587257,18353,100076,7880,0.170004446255882,0.300385011245378
20800,0.2022072287041911,6,11,6,587268,18342,100082,7874,0.16990255289191894,0.3003509307293256
20801,0.2022170673213506,0,1,0,587269,18341,100082,7874,0.16989328985883137,0.30036238794583253
20802,0.2022177269765373,1,3,1,587272,18338,100083,7873,0.16986550075956872,0.30037007363320745
20803,0.2022200683184515,0,6,0,587278,18332,100083,7873,0.16980992256104338,0.30043884754817785
20804,0.2022216006344316,2,4,2,587282,18328,100085,7871,0.16977287042869318,0.3004313141722966
20805,0.2022236870446929,0,3,0,587285,18325,100085,7871,0.1697450813294305,0.30046571995724536
20806,0.2022263563719906,14,20,14,587305,18305,100099,7857,0.1695598206676794,0.3003210763703081
20807,0.2022267829876028,10,28,10,587333,18277,100109,7847,0.1693004557412279,0.30037513397642013
20808,0.2022296317680195,20,48,20,587381,18229,100129,7827,0.1688558301530253,0.3003914645379183
20809,0.2022308785068003,34,85,34,587466,18144,100163,7793,0.1680684723405832,0.30045880402513786
20810,0.2022311625867655,6,8,6,587474,18136,100169,7787,0.16799436807588278,0.30038961539945225
20811,0.202233159506019,0,1,0,587475,18135,100169,7787,0.1679851050427952,0.3004012036108325
20812,0.2022529099791353,2,6,2,587481,18129,100171,7785,0.1679295268442699,0.30041676313961563
20813,0.2022542389926309,0,3,0,587484,18126,100171,7785,0.16790173774500722,0.3004515456755818
20814,0.2022556829221609,58,182,58,587666,17944,100229,7727,0.16621586572307237,0.3010011296794048
20815,0.2022669586721205,0,4,0,587670,17940,100229,7727,0.16617881359072215,0.3010480383371644
20816,0.2022687822882088,0,2,0,587672,17938,100229,7727,0.16616028752454703,0.30107149814923045
20817,0.2022707967221223,1,4,1,587676,17934,100230,7726,0.1661232353921968,0.301091192517537
20818,0.2022716073049299,0,4,0,587680,17930,100230,7726,0.16608618325984661,0.3011381353289679
20819,0.2022746666434113,6,5,6,587685,17925,100236,7720,0.16603986809440882,0.301033339832326
20820,0.2022787277034168,21,29,21,587714,17896,100257,7699,0.16577124013486977,0.30080093768314126
20821,0.2022804800652257,6,12,6,587726,17884,100263,7693,0.16566008373781912,0.3007780427728037
20822,0.2022877887293461,3,3,3,587729,17881,100266,7690,0.16563229463855644,0.3007312971725783
20823,0.2022883453054826,1,1,1,587730,17880,100267,7689,0.1656230316054689,0.3007157104305996
20824,0.2022942522033599,6,10,6,587740,17870,100273,7683,0.16553040127459334,0.3006691973545181
20825,0.202294785703054,3,7,3,587747,17863,100276,7680,0.16546556004298046,0.30066945934306855
20826,0.2022951897471159,5,6,5,587753,17857,100281,7675,0.16540998184445516,0.3006031646561178
20827,0.2022957819375815,6,10,6,587763,17847,100287,7669,0.1653173515135796,0.30055651356011914
20828,0.2023000067786835,0,2,0,587765,17845,100287,7669,0.16529882544740448,0.30058007368503564
20829,0.2023014315417334,1,0,1,587765,17845,100288,7668,0.16529882544740448,0.30055265942852666
20830,0.2023176406844959,21,34,21,587799,17811,100309,7647,0.16498388232242767,0.3003770916804148
20831,0.2023179250534805,0,2,0,587801,17809,100309,7647,0.16496535625625255,0.3004006913890635
20832,0.2023191379003591,0,4,0,587805,17805,100309,7647,0.16492830412390233,0.30044790193305043
20833,0.2023257358506005,0,1,0,587806,17804,100309,7647,0.1649190410908148,0.3004597068877451
20834,0.2023283361176051,1,9,1,587815,17795,100310,7646,0.1648356737930268,0.3005385008450926
20835,0.2023314395192491,0,4,0,587819,17791,100310,7646,0.16479862166067658,0.30058576089947714
20836,0.2023444167227937,0,1,0,587820,17790,100310,7646,0.164789358627589,0.30059757823557165
20837,0.2023504702053471,7,11,7,587831,17779,100317,7639,0.16468746526362593,0.30053505389881185
20838,0.2023552944657838,0,1,0,587832,17778,100317,7639,0.16467820223053836,0.3005468780737302
20839,0.2023560672202542,1,0,1,587832,17778,100318,7638,0.16467820223053836,0.300519357884797
20840,0.2023572196096348,2,4,2,587836,17774,100320,7636,0.16464115009818814,0.3005116096025187
20841,0.2023728264839595,3,9,3,587845,17765,100323,7633,0.16455778280040018,0.30053547523427043
20842,0.2023738737720545,0,1,0,587846,17764,100323,7633,0.1645485197673126,0.30054730873725244
20843,0.2023751101597916,1,0,1,587846,17764,100324,7632,0.1645485197673126,0.300519766892424
20844,0.2023757236422778,0,2,0,587848,17762,100324,7632,0.1645299937011375,0.3005434354571946
20845,0.2023859127202103,1,2,1,587850,17760,100325,7631,0.16451146763496238,0.30053956126186443
20846,0.2023873689731218,0,9,0,587859,17751,100325,7631,0.1644281003371744,0.30064612717673944
20847,0.2023894857886238,6,16,6,587875,17735,100331,7625,0.16427989180777353,0.3006703470031546
20848,0.2023895980879436,16,88,16,587963,17647,100347,7609,0.16346474489606877,0.3012749445676275
20849,0.2023920418930634,1,3,1,587966,17644,100348,7608,0.16343695579680612,0.3012830666877871
20850,0.2023948522631241,4,13,4,587979,17631,100352,7604,0.1633165363666679,0.3013275212997821
20851,0.2023990977217306,0,3,0,587982,17628,100352,7604,0.16328874726740525,0.30136334812935955
20852,0.2023993583846751,6,18,6,588000,17610,100358,7598,0.16312201267182927,0.3014122500793399
20853,0.202403619078836,3,19,3,588019,17591,100361,7595,0.16294601504316572,0.301556420233463
20854,0.202415977457937,0,2,0,588021,17589,100361,7595,0.16292748897699064,0.30158036848792885
20855,0.2024204077850429,0,1,0,588022,17588,100361,7595,0.16291822594390307,0.3015923440416154
20856,0.2024283093595142,1,0,1,588022,17588,100362,7594,0.16291822594390307,0.30156460964180765
20857,0.2024287803447781,15,18,15,588040,17570,100377,7579,0.1627514913483271,0.30136387132689174
20858,0.2024367520899818,1,4,1,588044,17566,100378,7578,0.1627144392159769,0.3013840279987273
20859,0.2024368662103905,0,2,0,588046,17564,100378,7578,0.16269591314980178,0.30140800254554134
20860,0.2024389473601565,0,1,0,588047,17563,100378,7578,0.1626866501167142,0.30141999124935365
20861,0.2024410816727193,0,2,0,588049,17561,100378,7578,0.1626681240505391,0.30144397151835794
20862,0.2024454345071978,17,23,17,588072,17538,100395,7561,0.16245507428952535,0.30124706163592174
20863,0.2024474104247574,3,11,3,588083,17527,100398,7558,0.16235318092556228,0.3012955949770779
20864,0.2024487641593151,1,0,1,588083,17527,100399,7557,0.16235318092556228,0.30126774039228194
20865,0.2024584753794126,1,7,1,588090,17520,100400,7556,0.16228833969394937,0.3013239751156484
20866,0.2024624391047785,1,0,1,588090,17520,100401,7555,0.16228833969394937,0.301296111665005
20867,0.2024625104656056,6,10,6,588100,17510,100407,7549,0.16219570936307384,0.3012490522367213
20868,0.2024699142435942,2,2,2,588102,17508,100409,7547,0.16217718329689873,0.301217321891838
20869,0.2024702121665298,2,0,2,588102,17508,100411,7545,0.16217718329689873,0.3011615375404143
20870,0.2024709191198184,43,91,43,588193,17417,100454,7502,0.1613342472859313,0.3010554195593724
20871,0.2024726811604022,4,14,4,588207,17403,100458,7498,0.16120456482270554,0.3011124051242922
20872,0.2024743076915258,5,16,5,588223,17387,100463,7493,0.16105635629330467,0.3011655948553055
20873,0.202475853517669,0,1,0,588224,17386,100463,7493,0.16104709326021713,0.3011777000683307
20874,0.2024864955985004,0,1,0,588225,17385,100463,7493,0.16103783022712956,0.3011898062545221
20875,0.2025052850817693,6,14,6,588239,17371,100469,7487,0.1609081477639038,0.3011907635368895
20876,0.2025126424078626,6,13,6,588252,17358,100475,7481,0.16078772833376562,0.3011795966021176
20877,0.2025179243925084,1,5,1,588257,17353,100476,7480,0.16074141316832782,0.30121209680666855
20878,0.2025301075424498,0,1,0,588258,17352,100476,7480,0.16073215013524028,0.3012242268041237
20879,0.2025332453377921,22,50,22,588308,17302,100498,7458,0.16026899848086257,0.30121163166397413
20880,0.2025339998399218,1,10,1,588318,17292,100499,7457,0.16017636814998704,0.3013051032364944
20881,0.2025409426634369,0,4,0,588322,17288,100499,7457,0.1601393160176368,0.3013538088502728
20882,0.2025474142528122,2,8,2,588330,17280,100501,7455,0.1600652117529364,0.3013947847180109
20883,0.202549457650086,1,10,1,588340,17270,100502,7454,0.15997258142206083,0.3014884322925093
20884,0.2025526278785823,0,1,0,588341,17269,100502,7454,0.1599633183889733,0.301500626946568
20885,0.2025543854912635,4,15,4,588356,17254,100506,7450,0.15982437289265997,0.3015705958549223
20886,0.2025573190759575,6,14,6,588370,17240,100512,7444,0.1596946904294342,0.3015718684167882
20887,0.2025648966883942,0,4,0,588374,17236,100512,7444,0.159657638297084,0.30162074554294976
20888,0.2025653552798473,1,3,1,588377,17233,100513,7443,0.15962984919782133,0.30162911330847786
20889,0.2025796810409752,8,25,8,588402,17208,100521,7435,0.15939827337063248,0.30170839589335713
20890,0.2025809304829755,16,25,16,588427,17183,100537,7419,0.15916669754344362,0.30156084871148686
20891,0.2025813371363834,9,72,9,588499,17111,100546,7410,0.15849975916113973,0.30218995962644263
20892,0.2025845053014118,2,0,2,588499,17111,100548,7408,0.15849975916113973,0.30213303968351074
20893,0.2025856931302346,5,9,5,588508,17102,100553,7403,0.15841639186335174,0.30210161191593554
20894,0.2025864736331631,0,2,0,588510,17100,100553,7403,0.15839786579717663,0.3021262702526221
20895,0.2025925920678703,2,2,2,588512,17098,100555,7401,0.15837933973100152,0.30209396301889874
20896,0.2025967854314759,1,9,1,588521,17089,100556,7400,0.15829597243321353,0.30217648740250724
20897,0.2026008088278201,0,1,0,588522,17088,100556,7400,0.15828670940012599,0.3021888271806599
20898,0.2026029736264179,1,6,1,588528,17082,100557,7399,0.15823113120160065,0.3022343858502512
20899,0.2026043554073119,5,15,5,588543,17067,100562,7394,0.15809218570528735,0.30227709414987125
20900,0.2026117376599004,1,2,1,588545,17065,100563,7393,0.15807365963911224,0.30227328481478455
20901,0.2026181965490957,1,0,1,588545,17065,100564,7392,0.15807365963911224,0.3022447561025473
20902,0.2026252039074367,2,6,2,588551,17059,100566,7390,0.1580180814405869,0.3022618512004581
20903,0.202625209549188,0,4,0,588555,17055,100566,7390,0.15798102930823668,0.3023113111065658
20904,0.2026262001419642,4,9,4,588564,17046,100570,7386,0.1578976620104487,0.30230844793713163
20905,0.202629305074184,5,8,5,588572,17038,100575,7381,0.15782355774574827,0.30226463000122855
20906,0.2026383094704213,0,4,0,588576,17034,100575,7381,0.15778650561339805,0.3023141511365964
20907,0.2026429629072655,2,3,2,588579,17031,100577,7379,0.1577587165141354,0.3022941417451864
20908,0.2026497791897748,2,4,2,588583,17027,100579,7377,0.15772166438178517,0.3022865104081298
20909,0.2026517274167852,27,93,27,588676,16934,100606,7350,0.15686020230464262,0.3026684236534344
20910,0.2026600423371976,0,1,0,588677,16933,100606,7350,0.15685093927155508,0.3026808878639377
20911,0.2026601598079264,3,5,3,588682,16928,100609,7347,0.1568046241061173,0.3026570545829042
20912,0.2026642215716951,3,2,3,588684,16926,100612,7344,0.1567860980399422,0.3025957972805933
20913,0.2026642707500366,0,3,0,588687,16923,100612,7344,0.15675830894067955,0.30263320558783535
20914,0.2026679785236004,0,1,0,588688,16922,100612,7344,0.15674904590759198,0.3026456770790406
20915,0.2026698225523734,1,2,1,588690,16920,100613,7343,0.15673051984141687,0.3026418827020566
20916,0.202674367497699,1,5,1,588695,16915,100614,7342,0.1566842046759791,0.3026755163457971
20917,0.202681614068867,1,6,1,588701,16909,100615,7341,0.15662862647745376,0.30272164948453606
20918,0.2026837513534015,1,0,1,588701,16909,100616,7340,0.15662862647745376,0.30269289455235265
20919,0.2026962188383774,4,3,4,588704,16906,100620,7336,0.1566008373781911,0.30261529576767593
20920,0.2026978590718719,0,2,0,588706,16904,100620,7336,0.156582311312016,0.30264026402640265
20921,0.2027010766889981,3,3,3,588709,16901,100623,7333,0.15655452221275334,0.3025914005116778
20922,0.2027036083072516,8,26,8,588735,16875,100631,7325,0.15631368335247695,0.30268595041322316
20923,0.2027047939026753,0,7,0,588742,16868,100631,7325,0.15624884212086407,0.3027735295333361
20924,0.2027098702055646,13,21,13,588763,16847,100644,7312,0.1560543184260254,0.3026615340038909
20925,0.2027170196149704,2,15,2,588778,16832,100646,7310,0.1559153729297121,0.30279181509402703
20926,0.2027217882470361,1,0,1,588778,16832,100647,7309,0.1559153729297121,0.3027629344269086
20927,0.2027231938672002,3,27,3,588805,16805,100650,7306,0.15566527103634814,0.30301522126830077
20928,0.2027269532149354,0,5,0,588810,16800,100650,7306,0.15561895587091037,0.3030780718493321
20929,0.2027298503732537,0,1,0,588811,16799,100650,7306,0.1556096928378228,0.3030906450943788
20930,0.2027317205430697,4,7,4,588818,16792,100654,7302,0.15554485160620993,0.3030630032373205
20931,0.2027323414953714,1,1,1,588819,16791,100655,7301,0.15553558857312239,0.3030466544911174
20932,0.2027342603682518,9,21,9,588840,16770,100664,7292,0.15534106487828375,0.3030504529964259
20933,0.2027364370203674,3,8,3,588848,16762,100667,7289,0.1552669606135833,0.30306432164982744
20934,0.2027388969691385,0,1,0,588849,16761,100667,7289,0.15525769758049576,0.3030769230769231
20935,0.2027394356765581,2,1,2,588850,16760,100669,7287,0.1552484345474082,0.30303156318875535
20936,0.2027414710158213,0,3,0,588853,16757,100669,7287,0.15522064544814554,0.3030693728165031
20937,0.2027443117044825,9,14,9,588867,16743,100678,7278,0.15509096298491978,0.30298488822280506
20938,0.2027445235156746,7,25,7,588892,16718,100685,7271,0.15485938715773093,0.30309725290758266
20939,0.202745026812742,20,57,20,588949,16661,100705,7251,0.15433139427174034,0.30323686851789894
20940,0.2027644985041787,0,3,0,588952,16658,100705,7251,0.15430360517247768,0.3032749173951232
20941,0.2027647602068248,1,12,1,588964,16646,100706,7250,0.15419244877542704,0.30339805825242716
20942,0.2027650623033822,0,4,0,588968,16642,100706,7250,0.15415539664307681,0.30344885317261006
20943,0.2027682325318785,1,1,1,588969,16641,100707,7249,0.15414613360998924,0.30343239849309334
20944,0.202772290542277,0,3,0,588972,16638,100707,7249,0.1541183445107266,0.3034705069703186
20945,0.2027888935837953,4,2,4,588974,16636,100711,7245,0.15409981844455148,0.30337925547506384
20946,0.2027952812999642,0,4,0,588978,16632,100711,7245,0.15406276631220125,0.3034300791556728
20947,0.2027961105291857,0,1,0,588979,16631,100711,7245,0.1540535032791137,0.3034427877366393
20948,0.2027988242992489,3,7,3,588986,16624,100714,7242,0.15398866204750083,0.3034442302857622
20949,0.2028114343934123,10,29,10,589015,16595,100724,7232,0.15372003408796175,0.3035212154278759
20950,0.2028143315517306,2,1,2,589016,16594,100726,7230,0.1537107710548742,0.30347548690396237
20951,0.2028158398840155,1,1,1,589017,16593,100727,7229,0.15370150802178664,0.30345898749055494
20952,0.2028179735793066,0,3,0,589020,16590,100727,7229,0.153673718922524,0.30349720811117176
20953,0.2028233781476154,3,7,3,589027,16583,100730,7226,0.1536088776909111,0.30349867697089333
20954,0.2028279112480537,1,11,1,589038,16572,100731,7225,0.153506984326948,0.303609698701517
20955,0.202835703286152,3,5,3,589043,16567,100734,7222,0.15346066916151024,0.30358569086552606
20956,0.2028392289499342,0,1,0,589044,16566,100734,7222,0.1534514061284227,0.3035984530015134
20957,0.2028424706839912,0,1,0,589045,16565,100734,7222,0.15344214309533513,0.30361121621053516
20958,0.2028437269340802,0,1,0,589046,16564,100734,7222,0.1534328800622476,0.3036239804927268
20959,0.2028478224590762,5,6,5,589052,16558,100739,7217,0.15337730186372225,0.3035541535226078
20960,0.2028492413853017,26,97,26,589149,16461,100765,7191,0.1524787876542295,0.3040334855403349
20961,0.2028556971431914,0,1,0,589150,16460,100765,7191,0.15246952462114194,0.3040463405352839
20962,0.2028589147603175,2,10,2,589160,16450,100767,7189,0.1523768942902664,0.30411607936037904
20963,0.202865693753822,3,7,3,589167,16443,100770,7186,0.15231205305865353,0.30411782132125775
20964,0.202876369705743,0,8,0,589175,16435,100770,7186,0.15223794879395308,0.30422082045637355
20965,0.2028873388780296,1,1,1,589176,16434,100771,7185,0.15222868576086554,0.3042042423472628
20966,0.2028874006191588,2,1,2,589177,16433,100773,7183,0.15221942272777797,0.30415819783197834
20967,0.2028901795666909,0,2,0,589179,16431,100773,7183,0.15220089666160289,0.30418395866858644
20968,0.2028911172130548,1,4,1,589183,16427,100774,7182,0.15216384452925266,0.3042060231267737
20969,0.2028914344030256,3,2,3,589185,16425,100777,7179,0.15214531846307755,0.30414336553126586
20970,0.2028934815856646,0,3,0,589188,16422,100777,7179,0.1521175293638149,0.30418202618533113
20971,0.2028988559074345,5,8,5,589196,16414,100782,7174,0.15204342509911445,0.304137697134136
20972,0.2028993090871408,2,3,2,589199,16411,100784,7172,0.1520156359998518,0.30411737268371286
20973,0.2029026416938092,0,2,0,589201,16409,100784,7172,0.15199710993367668,0.30414316610830755
20974,0.20290370937598,1,0,1,589201,16409,100785,7171,0.15199710993367668,0.3041136556403732
20975,0.2029098906198109,1,2,1,589203,16407,100786,7170,0.15197858386750157,0.30410993765110067
20976,0.2029194181423861,0,1,0,589204,16406,100786,7170,0.15196932083441403,0.3041228367831693
20977,0.2029283816061077,6,9,6,589213,16397,100792,7164,0.15188595353662604,0.3040617970374772
20978,0.2029305771150082,1,0,1,589213,16397,100793,7163,0.15188595353662604,0.3040322580645161
20979,0.2029475998382627,2,11,2,589224,16386,100795,7161,0.15178406017266294,0.30411517390750414
20980,0.2029538561227,0,2,0,589226,16384,100795,7161,0.15176553410648783,0.3041410065831387
20981,0.2029545299569298,21,92,21,589318,16292,100816,7140,0.15091333506243285,0.30471150563332194
20982,0.2029601281689708,11,31,11,589349,16261,100827,7129,0.15062618103671865,0.30478837109876017
20983,0.2029641079826977,8,16,8,589365,16245,100835,7121,0.1504779725073178,0.30475905161345546
20984,0.2029740016483665,2,0,2,589365,16245,100837,7119,0.1504779725073178,0.3046995377503852
20985,0.2029803648601209,5,15,5,589380,16230,100842,7114,0.1503390270110045,0.3047464016449623
20986,0.2029814513549541,21,46,21,589426,16184,100863,7093,0.149912927488977,0.304721398805688
20987,0.2029930188467436,1,1,1,589427,16183,100864,7092,0.14990366445588943,0.3047046186895811
20988,0.2029942969436876,1,10,1,589437,16173,100865,7091,0.1498110341250139,0.30480570839064647
20989,0.2029976168685852,4,11,4,589448,16162,100869,7087,0.1497091407610508,0.30483031528237775
20990,0.2029983967279831,5,6,5,589454,16156,100874,7082,0.14965356256252546,0.30475944573543334
20991,0.202999942341251,20,73,20,589527,16083,100894,7062,0.14897736114713403,0.3051198963058976
20992,0.2030015650053997,0,1,0,589528,16082,100894,7062,0.14896809811404646,0.3051330798479088
20993,0.2030098721468158,29,74,29,589602,16008,100923,7033,0.14828263366556746,0.305238487912851
20994,0.2030100066006928,1,0,1,589602,16008,100924,7032,0.14828263366556746,0.30520833333333336
20995,0.2030209613405702,8,26,8,589628,15982,100932,7024,0.14804179480529103,0.3053116578283926
20996,0.2030219203195115,3,6,3,589634,15976,100935,7021,0.14798621660676572,0.3053006913945297
20997,0.2030238834725603,5,21,5,589655,15955,100940,7016,0.1477916929119271,0.3054285838666144
20998,0.2030238871058069,0,1,0,589656,15954,100940,7016,0.14778242987883952,0.30544188071397477
20999,0.2030284942286749,0,3,0,589659,15951,100940,7016,0.14775464077957687,0.30548177820350936
21000,0.2030349450394294,2,3,2,589662,15948,100942,7014,0.14772685168031421,0.3054611967598641
21001,0.2030374143922415,6,13,6,589675,15935,100948,7008,0.147606432250176,0.30545264350782375
21002,0.2030451769493491,1,2,1,589677,15933,100949,7007,0.1475879061840009,0.3054489973844813
21003,0.2030473548816374,0,3,0,589680,15930,100949,7007,0.14756011708473823,0.30548894798796705
21004,0.2030503455693532,0,5,0,589685,15925,100949,7007,0.14751380191930047,0.3055555555555556
21005,0.2030609536280905,4,8,4,589693,15917,100953,7003,0.14743969765460002,0.3055410122164049
21006,0.2030632709848016,5,16,5,589709,15901,100958,6998,0.14729148912519915,0.3056028647539194
21007,0.2030644066251991,1,6,1,589715,15895,100959,6997,0.14723591092667382,0.305652629739647
21008,0.2030648460385979,24,49,24,589764,15846,100983,6973,0.14678202230538367,0.305578684429642
21009,0.2030652992515585,0,2,0,589766,15844,100983,6973,0.14676349623920856,0.30560546960599555
21010,0.2030653351356403,0,2,0,589768,15842,100983,6973,0.14674497017303345,0.3056322594784133
21011,0.2030663313701678,0,2,0,589770,15840,100983,6973,0.14672644410685834,0.30565905404813043
21012,0.2030664577590215,2,1,2,589771,15839,100985,6971,0.1467171810737708,0.30561157387110915
21013,0.2030719045711057,0,2,0,589773,15837,100985,6971,0.14669865500759569,0.3056383725008769
21014,0.2030748196606414,0,4,0,589777,15833,100985,6971,0.14666160287524546,0.30569198386248025
21015,0.2030815673358361,2,2,2,589779,15831,100987,6969,0.14664307680907035,0.30565789473684213
21016,0.2030933611678913,1,2,1,589781,15829,100988,6968,0.14662455074289527,0.30565425275255514
21017,0.2030954478409502,0,6,0,589787,15823,100988,6968,0.14656897254436993,0.30573471984555306
21018,0.2030961265283128,5,19,5,589806,15804,100993,6963,0.1463929749157064,0.30583739623138756
21019,0.2031059667402208,6,5,6,589811,15799,100999,6957,0.14634665975026862,0.3057215679381262
21020,0.2031126746659125,14,33,14,589844,15766,101013,6943,0.14604097965837934,0.30573781320181426
21021,0.2031129754071518,4,7,4,589851,15759,101017,6939,0.14597613842676646,0.30570975416336243
21022,0.2031154940317333,9,19,9,589870,15740,101026,6930,0.14580014079810294,0.30569033965593295
21023,0.203128968755018,0,4,0,589874,15736,101026,6930,0.14576308866575272,0.3057442865966646
21024,0.2031332561389282,2,2,2,589876,15734,101028,6928,0.1457445625995776,0.3057099991174654
21025,0.2031337355665156,0,4,0,589880,15730,101028,6928,0.14570751046722738,0.30576396857622035
21026,0.2031348267478301,9,12,9,589892,15718,101037,6919,0.14559635407017674,0.3056500419666917
21027,0.2031368599867018,3,5,3,589897,15713,101040,6916,0.14555003890473897,0.3056255247691016
21028,0.2031382324045164,7,11,7,589908,15702,101047,6909,0.14544814554077587,0.3055592410773517
21029,0.2031415920218285,2,2,2,589910,15700,101049,6907,0.14542961947460076,0.3055248374397311
21030,0.2031459612788106,7,17,7,589927,15683,101056,6900,0.14527214791211235,0.3055395651596334
21031,0.2031462510047194,1,1,1,589928,15682,101057,6899,0.14526288487902478,0.30552234179177185
21032,0.2031474597413149,3,19,3,589947,15663,101060,6896,0.14508688725036126,0.3056873088346115
21033,0.2031658387048216,0,1,0,589948,15662,101060,6896,0.14507762421727372,0.3057008600053196
21034,0.2031806077067898,66,199,66,590147,15463,101126,6830,0.14323428063285043,0.3063741981788005
21035,0.2031859689191307,1,1,1,590148,15462,101127,6829,0.14322501759976286,0.3063568256246916
21036,0.2031870547668765,55,191,55,590339,15271,101182,6774,0.14145577828004002,0.30728056248582447
21037,0.2032005294901613,10,36,10,590375,15235,101192,6764,0.14112230908888806,0.30746852129642255
21038,0.2032128756046703,0,1,0,590376,15234,101192,6764,0.14111304605580052,0.30748249840894626
21039,0.2032131527569718,28,34,28,590410,15200,101220,6736,0.14079810293082368,0.3070751276440554
21040,0.2032190204764582,16,66,16,590476,15134,101236,6720,0.1401867427470451,0.3074951953875721
21041,0.2032240601046213,6,14,6,590490,15120,101242,6714,0.14005706028381934,0.3075020610057708
21042,0.2032262373115393,5,27,5,590517,15093,101247,6709,0.13980695839045537,0.3077240620126594
21043,0.2032290248119989,1,0,1,590517,15093,101248,6708,0.13980695839045537,0.3076923076923077
21044,0.2032301474353801,2,5,2,590522,15088,101250,6706,0.1397606432250176,0.3076993667982013
21045,0.203238509337,0,2,0,590524,15086,101250,6706,0.1397421171588425,0.30772760646108666
21046,0.2032483585505496,0,1,0,590525,15085,101250,6706,0.13973285412575492,0.30774172823642787
21047,0.2032530943081883,21,29,21,590554,15056,101271,6685,0.13946422616621587,0.3074835564141484
21048,0.2032556735477702,3,11,3,590565,15045,101274,6682,0.13936233280225277,0.30754360933400837
21049,0.2032597461974267,5,13,5,590578,15032,101279,6677,0.13924191337211456,0.30756828964945415
21050,0.2032643694099603,5,3,5,590581,15029,101284,6672,0.1392141242728519,0.3074512695267499
21051,0.2032676720485707,7,20,7,590601,15009,101291,6665,0.1390288636111008,0.3075113038663837
21052,0.2032758345143556,2,1,2,590602,15008,101293,6663,0.13901960057801327,0.3074615846061557
21053,0.2032762883485453,7,6,7,590608,15002,101300,6656,0.13896402237948793,0.30732292917166865
21054,0.2032900014909644,1,0,1,590608,15002,101301,6655,0.13896402237948793,0.30729094519093136
21055,0.2032910942102477,1,11,1,590619,14991,101302,6654,0.13886212901552483,0.3074151074151074
21056,0.2032919039755841,2,1,2,590620,14990,101304,6652,0.1388528659824373,0.3073653081970243
21057,0.2032954060592732,0,2,0,590622,14988,101304,6652,0.13883433991626218,0.30739371534195936
21058,0.2032997786596992,0,2,0,590624,14986,101304,6652,0.13881581385008707,0.3074221277382383
21059,0.2033019220808751,5,7,5,590631,14979,101309,6647,0.1387509726184742,0.3073615092943679
21060,0.203311731181609,4,19,4,590650,14960,101313,6643,0.13857497498981067,0.30750358746470396
21061,0.2033215713935169,1,3,1,590653,14957,101314,6642,0.138547185890548,0.30751423677022083
21062,0.2033345721669404,4,20,4,590673,14937,101318,6638,0.13836192522879692,0.3076709154113557
21063,0.2033359301451035,10,39,10,590712,14898,101328,6628,0.1380006669383823,0.30790671745795783
21064,0.2033438049306692,0,2,0,590714,14896,101328,6628,0.1379821408722072,0.30793532800594686
21065,0.2033465175300582,0,2,0,590716,14894,101328,6628,0.1379636148060321,0.3079639438713874
21066,0.2033630914295919,0,1,0,590717,14893,101328,6628,0.13795435177294454,0.3079782537986153
21067,0.2033707182694104,0,1,0,590718,14892,101328,6628,0.13794508873985697,0.30799256505576206
21068,0.203373334194003,2,1,2,590719,14891,101330,6626,0.13793582570676943,0.3079425570479156
21069,0.2033744826694413,3,3,3,590722,14888,101333,6623,0.13790803660750675,0.3078889870298917
21070,0.203376565281029,2,2,2,590724,14886,101335,6621,0.13788951054133167,0.3078532570790905
21071,0.2033798872377502,9,13,9,590737,14873,101344,6612,0.13776909111119345,0.30774959273912034
21072,0.2033892531897563,0,1,0,590738,14872,101344,6612,0.13775982807810588,0.30776391733382985
21073,0.2033947193605915,0,3,0,590741,14869,101344,6612,0.13773203897884323,0.3078068991201527
21074,0.2033962123600859,69,168,69,590909,14701,101413,6543,0.13617584942013414,0.30799284503859914
21075,0.2033968759634042,2,4,2,590913,14697,101415,6541,0.1361387972877839,0.3079856860344665
21076,0.2034031909478341,0,2,0,590915,14695,101415,6541,0.1361202712216088,0.30801469203239784
21077,0.2034061329020837,63,162,63,591077,14533,101478,6478,0.13461965986142502,0.30831469230403125
21078,0.2034136217960765,2,9,2,591086,14524,101480,6476,0.13453629256363703,0.30838095238095237
21079,0.2034151797547588,2,0,2,591086,14524,101482,6474,0.13453629256363703,0.3083150776264406
21080,0.2034232126255563,1,2,1,591088,14522,101483,6473,0.13451776649746192,0.3083115027387473
21081,0.2034248934054861,0,2,0,591090,14520,101483,6473,0.13449924043128683,0.30834087552993855
21082,0.2034252770959391,1,1,1,591091,14519,101484,6472,0.13448997739819926,0.30832261445381354
21083,0.2034396505795679,1,4,1,591095,14515,101485,6471,0.13445292526584904,0.30834842275802915
21084,0.2034397980290727,2,1,2,591096,14514,101487,6469,0.1344436622327615,0.30829719296573416
21085,0.203439978024904,7,13,7,591109,14501,101494,6462,0.13432324280262328,0.30825740590564327
21086,0.2034452946337166,1,0,1,591109,14501,101495,6461,0.13432324280262328,0.3082244060681233
21087,0.2034480124811878,0,1,0,591110,14500,101495,6461,0.13431397976953574,0.3082391107294499
21088,0.2034686720440578,0,1,0,591111,14499,101495,6461,0.13430471673644817,0.30825381679389313
21089,0.2034747516829773,0,9,0,591120,14490,101495,6461,0.13422134943866018,0.308386234547277
21090,0.2034792005390685,5,5,5,591125,14485,101500,6456,0.13417503427322242,0.3082947328207822
21091,0.2034834475451674,4,0,4,591125,14485,101504,6452,0.13417503427322242,0.3081625829870564
21092,0.2034933482890393,6,16,6,591141,14469,101510,6446,0.13402682574382155,0.3081998565622759
21093,0.2034946719827162,0,2,0,591143,14467,101510,6446,0.13400829967764644,0.3082293310381103
21094,0.2034947733606995,3,13,3,591156,14454,101513,6443,0.13388788024750825,0.30832176867492944
21095,0.2034971528958878,1,0,1,591156,14454,101514,6442,0.13388788024750825,0.3082886676875957
21096,0.2034973065340813,0,1,0,591157,14453,101514,6442,0.13387861721442068,0.3083034218712611
21097,0.2035005247480412,1,0,1,591157,14453,101515,6441,0.13387861721442068,0.3082703168373696
21098,0.2035011473736208,1,3,1,591160,14450,101516,6440,0.13385082811515803,0.30828147438966014
21099,0.2035114252250629,8,7,8,591167,14443,101524,6432,0.13378598688354515,0.30811976047904194
21100,0.2035246380354578,16,22,16,591189,14421,101540,6416,0.13358220015561895,0.3079138071699381
21101,0.2035267811059505,1,4,1,591193,14417,101541,6415,0.13354514802326875,0.30793970814132104
21102,0.2035325818248796,2,1,2,591194,14416,101543,6413,0.13353588499018118,0.30788804071246817
21103,0.203534407945769,3,0,3,591194,14416,101546,6410,0.13353588499018118,0.30778834149620665
21104,0.203536662534648,2,5,2,591199,14411,101548,6408,0.13348956982474341,0.3077957634852779
21105,0.203543293809053,2,3,2,591202,14408,101550,6406,0.13346178072548076,0.30777361391371194
21106,0.2035472494242744,1,7,1,591209,14401,101551,6405,0.13339693949386788,0.30784389118523503
21107,0.2035503762829277,2,2,2,591211,14399,101553,6403,0.13337841342769277,0.3078069416402269
21108,0.2035550082803107,17,33,17,591244,14366,101570,6386,0.13307273333580347,0.3077293754818813
21109,0.2035605656397628,1,2,1,591246,14364,101571,6385,0.13305420726962836,0.307725673526435
21110,0.2035639374919162,19,23,19,591269,14341,101590,6366,0.1328411575086146,0.3074322692809195
21111,0.2035688672692245,10,11,10,591280,14330,101600,6356,0.13273926414465154,0.3072609494344001
21112,0.2035721267633393,1,5,1,591285,14325,101601,6355,0.13269294897921374,0.3073017408123791
21113,0.2035766037301204,0,3,0,591288,14322,101601,6355,0.1326651598799511,0.3073463268365817
21114,0.2035802744785974,0,2,0,591290,14320,101601,6355,0.13264663381377598,0.30737605804111245
21115,0.2035831151672586,7,19,7,591309,14301,101608,6348,0.13247063618511246,0.3074240883335755
21116,0.2035860224084844,2,4,2,591313,14297,101610,6346,0.13243358405276223,0.30741655767088116
21117,0.2035895738105857,1,2,1,591315,14295,101611,6345,0.13241505798658712,0.3074127906976744
21118,0.2035947651351168,0,2,0,591317,14293,101611,6345,0.132396531920412,0.3074425816455083
21119,0.2035949849771975,3,1,3,591318,14292,101614,6342,0.13238726888732447,0.3073567897644664
21120,0.203606706552928,1,4,1,591322,14288,101615,6341,0.13235021675497424,0.30738281060642786
21121,0.2036106621681494,12,38,12,591360,14250,101627,6329,0.1319982214976472,0.30754652801399485
21122,0.2036354635228447,2,5,2,591365,14245,101629,6327,0.1319519063322094,0.30755395683453235
21123,0.2036436732519874,2,13,2,591378,14232,101631,6325,0.13183148690207122,0.30768108186992266
21124,0.203648828123108,1,0,1,591378,14232,101632,6324,0.13183148690207122,0.3076474022183304
21125,0.2036494811690918,3,24,3,591402,14208,101635,6321,0.1316091741079699,0.30790588922986994
21126,0.203655351349801,0,2,0,591404,14206,101635,6321,0.1315906480417948,0.30793588931650995
21127,0.2036560107565701,0,1,0,591405,14205,101635,6321,0.13158138500870725,0.30795089155217775
21128,0.2036632173860892,0,4,0,591409,14201,101635,6321,0.13154433287635703,0.30801091511548584
21129,0.2036648370499794,0,3,0,591412,14198,101635,6321,0.13151654377709437,0.30805594814562115
21130,0.2036681416211292,0,2,0,591414,14196,101635,6321,0.13149801771091926,0.30808597748208805
21131,0.203670226859132,0,1,0,591415,14195,101635,6321,0.13148875467783172,0.3081009943458764
21132,0.2036794661556744,9,11,9,591426,14184,101644,6312,0.13138686131386862,0.3079625292740047
21133,0.2036812741467673,3,3,3,591429,14181,101647,6309,0.13135907221460594,0.30790629575402634
21134,0.2036844189597068,0,3,0,591432,14178,101647,6309,0.13133128311534328,0.30795138380436377
21135,0.2036871845606666,2,9,2,591441,14169,101649,6307,0.1312479158175553,0.30801914436413363
21136,0.2036874064247807,2,1,2,591442,14168,101651,6305,0.13123865278446775,0.30796659014311534
21137,0.2036893956492882,0,1,0,591443,14167,101651,6305,0.13122938975138018,0.3079816334505666
21138,0.2036902065442526,2,3,2,591446,14164,101653,6303,0.13120160065211753,0.3079591537597108
21139,0.2036924637191911,5,3,5,591449,14161,101658,6298,0.13117381155285487,0.30783518256024245
21140,0.2036945006059674,4,2,4,591451,14159,101662,6294,0.13115528548667976,0.3077299173715347
21141,0.203700590049967,4,24,4,591475,14135,101666,6290,0.13093297269257845,0.3079559363525092
21142,0.2037027600948542,3,4,3,591479,14131,101669,6287,0.13089592056022825,0.3079145851699481
21143,0.2037049091470223,3,7,3,591486,14124,101672,6284,0.13083107932861537,0.3079184633477068
21144,0.2037066560400756,1,0,1,591486,14124,101673,6283,0.13083107932861537,0.3078845494193169
21145,0.2037069834854117,1,0,1,591486,14124,101674,6282,0.13083107932861537,0.3078506321670097
21146,0.203710939100633,1,15,1,591501,14109,101675,6281,0.13069213383230205,0.3080431584109858
21147,0.2037152339871307,49,90,49,591591,14019,101724,6232,0.12985846085442218,0.3077378894869389
21148,0.2037231087726963,0,4,0,591595,14015,101724,6232,0.12982140872207196,0.30779868622511974
21149,0.2037260856820796,0,2,0,591597,14013,101724,6232,0.12980288265589685,0.30782909360335886
21150,0.2037359258939876,0,1,0,591598,14012,101724,6232,0.1297936196228093,0.3078442995455444
21151,0.2037362842501383,1,0,1,591598,14012,101725,6231,0.1297936196228093,0.30781010719754975
21152,0.2037368180904466,2,0,2,591598,14012,101727,6229,0.1297936196228093,0.30774171236598985
21153,0.2037381125499168,1,8,1,591606,14004,101728,6228,0.12971951535810886,0.30782918149466193
21154,0.2037417875942753,0,2,0,591608,14002,101728,6228,0.12970098929193374,0.3078596144340089
21155,0.2037439110899568,0,3,0,591611,13999,101728,6228,0.1296732001926711,0.3079052751273051
21156,0.203749762517775,1,2,1,591613,13997,101729,6227,0.12965467412649598,0.30790150316455694
21157,0.2037526032064362,1,3,1,591616,13994,101730,6226,0.12962688502723332,0.30791295746785363
21158,0.2037559796948501,12,17,12,591633,13977,101742,6214,0.1294694134647449,0.30776088356198306
21159,0.203765030186321,0,2,0,591635,13975,101742,6214,0.12945088739856977,0.30779137153895686
21160,0.2037700687839506,1,4,1,591639,13971,101743,6213,0.12941383526621958,0.3078180737217598
21161,0.2037703962292867,3,19,3,591658,13952,101746,6210,0.12923783763755603,0.3080051582184307
21162,0.2037742336254704,10,21,10,591679,13931,101756,6200,0.1290433139427174,0.3079827132283543
21163,0.203774351844508,26,44,26,591723,13887,101782,6174,0.12863574048686502,0.30776132794975325
21164,0.2037764698821655,14,35,14,591758,13852,101796,6160,0.12831153432880063,0.3078153108135119
21165,0.2037985699993754,1,1,1,591759,13851,101797,6159,0.12830227129571306,0.3077961019490255
21166,0.2037987918634896,1,0,1,591759,13851,101798,6158,0.12830227129571306,0.3077615073217052
21167,0.2038012227836339,3,17,3,591776,13834,101801,6155,0.12814479973322465,0.3079193556456051
21168,0.2038105668605565,15,14,15,591790,13820,101816,6140,0.1280151172699989,0.3076152304609218
21169,0.2038105896304937,1,1,1,591791,13819,101817,6139,0.12800585423691133,0.3075959514981461
21170,0.2038315655780035,0,2,0,591793,13817,101817,6139,0.12798732817073621,0.30762677891360996
21171,0.2038332943379338,0,1,0,591794,13816,101817,6139,0.12797806513764867,0.3076421949386119
21172,0.2038342560921808,0,1,0,591795,13815,101817,6139,0.12796880210456113,0.30765761250877016
21173,0.2038421819433248,0,3,0,591798,13812,101817,6139,0.12794101300529845,0.30770387449250663
21174,0.2038424425339714,18,49,18,591847,13763,101835,6121,0.1274871243840083,0.30783544558438947
21175,0.203844725061135,0,2,0,591849,13761,101835,6121,0.1274685983178332,0.3078664118297958
21176,0.2038452444961002,4,23,4,591872,13738,101839,6117,0.12725554855681945,0.308083606144548
21177,0.2038460972247748,1,0,1,591872,13738,101840,6116,0.12725554855681945,0.30804875591820285
21178,0.2038478343298279,4,6,4,591878,13732,101844,6112,0.1271999703582941,0.3080024188671639
21179,0.2038568944639583,0,2,0,591880,13730,101844,6112,0.127181444292119,0.30803346436851126
21180,0.2038627513871946,8,9,8,591889,13721,101852,6104,0.127098076994331,0.3078940731399748
21181,0.2038639717109086,2,8,2,591897,13713,101854,6102,0.1270239727296306,0.30794852384557153
21182,0.203863988645145,0,2,0,591899,13711,101854,6102,0.12700544666345548,0.30797960934739815
21183,0.2038648261501517,0,1,0,591900,13710,101854,6102,0.12699618363036794,0.3079951544518474
21184,0.2038743401941672,0,6,0,591906,13704,101854,6102,0.1269406054318426,0.30808845804301727
21185,0.2038776676286571,1,2,1,591908,13702,101855,6101,0.1269220793656675,0.30808463364136746
21186,0.2038842409566902,1,17,1,591925,13685,101856,6100,0.12676460780317908,0.3083143795804903
21187,0.2038921945474033,10,17,10,591942,13668,101866,6090,0.12660713624069064,0.3082295778924992
21188,0.2038950708089706,6,11,6,591953,13657,101872,6084,0.12650524287672757,0.30819107441365684
21189,0.2039048550730771,0,1,0,591954,13656,101872,6084,0.12649597984364,0.3082066869300912
21190,0.2039164866295995,1,0,1,591954,13656,101873,6083,0.12649597984364,0.3081716399007042
21191,0.2039176579599181,3,7,3,591961,13649,101876,6080,0.12643113861202712,0.30817578184398603
21192,0.2039204422448208,3,4,3,591965,13645,101879,6077,0.1263940864796769,0.30813304938647196
21193,0.2039259954988686,1,0,1,591965,13645,101880,6076,0.1263940864796769,0.308097966634552
21194,0.2039343121223378,34,71,34,592036,13574,101914,6042,0.12573641113046055,0.3080138662316476
21195,0.2039410803725321,11,42,11,592078,13532,101925,6031,0.12534736374078329,0.30828605019680005
21196,0.2039434034756088,1,6,1,592084,13526,101926,6030,0.12529178554225795,0.30834526488034364
21197,0.2039479505044727,2,7,2,592091,13519,101928,6028,0.12522694431064507,0.30838491840180077
21198,0.2039503362487926,4,12,4,592103,13507,101932,6024,0.12511578791359443,0.30843274793917363
21199,0.2039538279726802,14,18,14,592121,13489,101946,6010,0.12494905331801845,0.3082209344068927
21200,0.203956629934809,1,7,1,592128,13482,101947,6009,0.12488421208640557,0.308296136678467
21201,0.2039611543257254,15,93,15,592221,13389,101962,5994,0.12402275000926304,0.309240055718929
21202,0.2039633082302044,1,0,1,592221,13389,101963,5993,0.12402275000926304,0.30920441646888863
21203,0.2039682799026672,0,3,0,592224,13386,101963,5993,0.12399496091000037,0.30925228339955624
21204,0.2039719247253108,0,1,0,592225,13385,101963,5993,0.12398569787691281,0.30926824233667044
21205,0.2039758485359542,0,1,0,592226,13384,101963,5993,0.12397643484382526,0.3092842029209888
21206,0.2039798993734745,5,12,5,592238,13372,101968,5988,0.12386527844677461,0.309297520661157
21207,0.2039807440511558,0,1,0,592239,13371,101968,5988,0.12385601541368706,0.3093134975980164
21208,0.2039834250372566,0,1,0,592240,13370,101968,5988,0.1238467523805995,0.30932947618555634
21209,0.2039838549886958,15,60,15,592300,13310,101983,5973,0.12329097039534626,0.3097547062179121
21210,0.2039952552543621,0,1,0,592301,13309,101983,5973,0.1232817073622587,0.30977077066694325
21211,0.2039952571960715,39,131,39,592432,13178,102022,5934,0.1220682500277891,0.3104855588112181
21212,0.2039974399166296,16,27,16,592459,13151,102038,5918,0.12181814813442514,0.31034663590120093
21213,0.2040002418787584,3,13,3,592472,13138,102041,5915,0.12169772870428693,0.31044979793208416
21214,0.2040057595686031,1,1,1,592473,13137,102042,5914,0.12168846567119938,0.310429898692982
21215,0.2040147325352778,0,2,0,592475,13135,102042,5914,0.12166993960502427,0.3104624914693685
21216,0.2040149640723247,6,13,6,592488,13122,102048,5908,0.12154952017488606,0.31045717288491853
21217,0.204018515474426,0,3,0,592491,13119,102048,5908,0.1215217310756234,0.31050612287801543
21218,0.2040324316829496,9,13,9,592504,13106,102057,5899,0.12140131164548519,0.3103920021047093
21219,0.2040413573050157,4,5,4,592509,13101,102061,5895,0.12135499648004743,0.3103284902084649
21220,0.2040434854604541,5,9,5,592518,13092,102066,5890,0.12127162918225944,0.31029396270150666
21221,0.2040468377811316,0,1,0,592519,13091,102066,5890,0.12126236614917188,0.3103103103103103
21222,0.2040484952283012,0,3,0,592522,13088,102066,5890,0.12123457704990923,0.31035936347349563
21223,0.2040546275063147,3,2,3,592524,13086,102069,5887,0.12121605098373411,0.31028303378485217
21224,0.2040565661981108,1,1,1,592525,13085,102070,5886,0.12120678795064656,0.3102630330504454
21225,0.2040725397644343,10,49,10,592574,13036,102080,5876,0.1207528993293564,0.3107021996615905
21226,0.2040743292943395,3,2,3,592576,13034,102083,5873,0.1207343732631813,0.31062569418733804
21227,0.2040986008319744,5,3,5,592579,13031,102088,5868,0.12070658416391863,0.3104926186570718
21228,0.204104571862813,24,65,24,592644,12966,102112,5844,0.12010448701322761,0.3106858054226475
21229,0.2041047700488907,19,56,19,592700,12910,102131,5825,0.11958575716032457,0.31091539898585535
21230,0.2041128915147864,0,1,0,592701,12909,102131,5825,0.11957649412723702,0.31093199530265825
21231,0.2041134517923183,13,37,13,592738,12872,102144,5812,0.11923376190299752,0.31106829372725325
21232,0.2041161517083836,13,29,13,592767,12843,102157,5799,0.11896513394345845,0.31107177341486963
21233,0.2041191482080928,0,3,0,592770,12840,102157,5799,0.11893734484419578,0.31112184130049897
21234,0.2041208884517487,0,10,0,592780,12830,102157,5799,0.11884471451332024,0.3112888507166246
21235,0.2041261179739867,0,3,0,592783,12827,102157,5799,0.11881692541405758,0.311338988510684
21236,0.2041295317138073,18,45,18,592828,12782,102175,5781,0.11840008892511764,0.3114259548564348
21237,0.2041348209539504,9,5,9,592833,12777,102184,5772,0.11835377375967987,0.3111758046255863
21238,0.2041385821224753,0,1,0,592834,12776,102184,5772,0.11834451072659231,0.31119258141039463
21239,0.2041499334875394,1,2,1,592836,12774,102185,5771,0.1183259846604172,0.31118899973038555
21240,0.2041514940673322,2,7,2,592843,12767,102187,5769,0.11826114342880432,0.31123219680621494
21241,0.204154661273545,1,2,1,592845,12765,102188,5768,0.11824261736262921,0.31122861921977013
21242,0.2041621936823001,0,3,0,592848,12762,102188,5768,0.11821482826336656,0.3112790070156503
21243,0.2041630583250061,1,0,1,592848,12762,102189,5767,0.11821482826336656,0.31124183712019
21244,0.2041635551577688,1,5,1,592853,12757,102190,5766,0.11816851309792878,0.31128866814230954
21245,0.204169729917936,1,0,1,592853,12757,102191,5765,0.11816851309792878,0.3112514847208725
21246,0.2041843011956238,25,71,25,592924,12686,102216,5740,0.11751083774871243,0.31151633561272113
21247,0.2041987478207046,0,3,0,592927,12683,102216,5740,0.11748304864944978,0.3115670629104923
21248,0.2042047583985499,2,3,2,592930,12680,102218,5738,0.11745525955018711,0.3115430557063742
21249,0.2042102000121542,0,1,0,592931,12679,102218,5738,0.11744599651709955,0.31155997176521694
21250,0.2042105274574903,1,0,1,592931,12679,102219,5737,0.11744599651709955,0.3115225890529974
21251,0.2042124655776341,11,14,11,592945,12665,102230,5726,0.1173163140538738,0.311347941928117
21252,0.2042125981799609,0,1,0,592946,12664,102230,5726,0.11730705102078624,0.31136487221315934
21253,0.2042159573015218,9,13,9,592959,12651,102239,5717,0.11718663159064804,0.3112478222996516
21254,0.2042172437413693,2,1,2,592960,12650,102241,5715,0.11717736855756049,0.3111897631364008
21255,0.2042201408996876,1,0,1,592960,12650,102242,5714,0.11717736855756049,0.31115225441080374
21256,0.2042244680316995,129,363,129,593323,12287,102371,5585,0.11381488754677832,0.3125
21257,0.2042301644474741,12,68,12,593391,12219,102383,5573,0.11318500129682463,0.3132306654676259
21258,0.2042329516605957,1,1,1,593392,12218,102384,5572,0.11317573826373707,0.3132096683530073
21259,0.2042359752458092,15,31,15,593423,12187,102399,5557,0.1128885842380229,0.31317628494138866
21260,0.204246674860777,8,16,8,593439,12171,102407,5549,0.11274037570862203,0.3131489841986456
21261,0.2042480363362458,13,29,13,593468,12142,102420,5536,0.11247174774908296,0.3131575970132368
21262,0.2042508604492035,2,3,2,593471,12139,102422,5534,0.11244395864982029,0.3131330277824931
21263,0.2042595692454712,13,15,13,593486,12124,102435,5521,0.11230501315350698,0.31289317086993484
21264,0.2042613254460277,1,1,1,593487,12123,102436,5520,0.11229575012041942,0.3128719605509267
21265,0.2042709394258368,4,5,4,593492,12118,102440,5516,0.11224943495498166,0.31280480889191337
21266,0.204272726616924,0,2,0,593494,12116,102440,5516,0.11223090888880655,0.3128402903811252
21267,0.2042740745643874,1,6,1,593500,12110,102441,5515,0.11217533069028122,0.3129078014184397
21268,0.2042841589151042,7,6,7,593506,12104,102448,5508,0.1121197524917559,0.3127413127413127
21269,0.2042845781281074,2,16,2,593522,12088,102450,5506,0.11197154396235504,0.31294759577128567
21270,0.2043094253094412,0,4,0,593526,12084,102450,5506,0.11193449183000481,0.3130187606594656
21271,0.2043120189341098,0,1,0,593527,12083,102450,5506,0.11192522879691726,0.31303655693899596
21272,0.2043142731930785,18,34,18,593561,12049,102468,5488,0.11161028567194042,0.31293835889832927
21273,0.2043167529727928,1,0,1,593561,12049,102469,5487,0.11161028567194042,0.31289917883211676
21274,0.2043343521697118,14,33,14,593594,12016,102483,5473,0.11130460558005113,0.31293956201040657
21275,0.204343967899977,2,6,2,593600,12010,102485,5471,0.11124902738152581,0.31296836565413877
21276,0.2043474392215154,1,3,1,593603,12007,102486,5470,0.11122123828226314,0.3129827773645362
21277,0.2043479908719824,25,74,25,593677,11933,102511,5445,0.11053577383378413,0.3133271953044079
21278,0.204351228567338,1,2,1,593679,11931,102512,5444,0.11051724776760903,0.31332374100719423
21279,0.2043572077954009,0,2,0,593681,11929,102512,5444,0.11049872170143392,0.31335981120128936
21280,0.2043762782342988,3,8,3,593689,11921,102515,5441,0.11042461743673349,0.31338555465960144
21281,0.2043812116007357,0,1,0,593690,11920,102515,5441,0.11041535440364593,0.313403605783077
21282,0.2043922498940446,5,9,5,593699,11911,102520,5436,0.11033198710585794,0.31336830575892083
21283,0.2043979094891881,4,7,4,593706,11904,102524,5432,0.11026714587424506,0.3133364097831103
21284,0.2044007114513168,0,3,0,593709,11901,102524,5432,0.1102393567749824,0.3133906421277332
21285,0.2044012341512697,3,4,3,593713,11897,102527,5429,0.11020230464263218,0.31334410712224403
21286,0.2044167906023866,2,4,2,593717,11893,102529,5427,0.11016525251028196,0.31333718244803693
21287,0.2044169524287255,2,5,2,593722,11888,102531,5425,0.1101189373448442,0.31334835095015307
21288,0.2044191635173472,1,0,1,593722,11888,102532,5424,0.1101189373448442,0.3133086876155268
21289,0.2044200306016781,2,6,2,593728,11882,102534,5422,0.11006335914631887,0.31333795654184005
21290,0.2044227893024812,3,8,3,593736,11874,102537,5419,0.10998925488161844,0.3133637888162841
21291,0.2044342889247136,1,1,1,593737,11873,102538,5418,0.10997999184853088,0.3133422011451044
21292,0.2044343035766318,0,1,0,593738,11872,102538,5418,0.10997072881544333,0.3133603238866397
21293,0.2044513066561314,4,7,4,593745,11865,102542,5414,0.10990588758383045,0.31332831761097285
21294,0.2044515798991054,12,31,12,593776,11834,102554,5402,0.10961873355811627,0.31341378510095147
21295,0.204454228438697,0,1,0,593777,11833,102554,5402,0.10960947052502872,0.31343196982883664
21296,0.2044561549173102,0,1,0,593778,11832,102554,5402,0.10960020749194116,0.3134501566670535
21297,0.2044621624962238,2,4,2,593782,11828,102556,5400,0.10956315535959095,0.3134432319479916
21298,0.2044782424177128,0,3,0,593785,11825,102556,5400,0.10953536626032828,0.3134978229317852
21299,0.2044805878647983,2,0,2,593785,11825,102558,5398,0.10953536626032828,0.31341810369854267
21300,0.2044844531466527,0,3,0,593788,11822,102558,5398,0.10950757716106561,0.313472706155633
21301,0.2044862546193762,0,1,0,593789,11821,102558,5398,0.10949831412797807,0.31349091120274114
21302,0.2044940812722952,5,13,5,593802,11808,102563,5393,0.10937789469783986,0.31352828323934656
21303,0.2044961532538041,2,4,2,593806,11804,102565,5391,0.10934084256548965,0.3135213724920035
21304,0.2045044595946074,3,17,3,593823,11787,102568,5388,0.10918337100300123,0.3137117903930131
21305,0.2045113607695532,32,65,32,593888,11722,102600,5356,0.1085812738523102,0.31361986181051643
21306,0.2045147194000065,16,75,16,593963,11647,102616,5340,0.10788654637074363,0.3143580385000294
21307,0.2045166212809421,4,14,4,593977,11633,102620,5336,0.10775686390751787,0.31445577229064764
21308,0.2045187847551088,5,2,5,593979,11631,102625,5331,0.10773833784134276,0.3142907675981606
21309,0.2045234547748693,2,0,2,593979,11631,102627,5329,0.10773833784134276,0.3142099056603774
21310,0.2045283378674343,0,3,0,593982,11628,102627,5329,0.10771054874208011,0.3142654950757799
21311,0.2045356642204795,5,17,5,593999,11611,102632,5324,0.10755307717959169,0.3143785060525539
21312,0.2045449012770943,2,5,2,594004,11606,102634,5322,0.10750676201415392,0.314390359168242
21313,0.2045453051640949,1,6,1,594010,11600,102635,5321,0.10745118381562858,0.31446132025294016
21314,0.2045477914284288,0,3,0,594013,11597,102635,5321,0.10742339471636593,0.3145170823974465
21315,0.2045478658905278,9,21,9,594034,11576,102644,5312,0.10722887102152728,0.31454287067740405
21316,0.2045521485999416,4,3,4,594037,11573,102648,5308,0.10720108192226463,0.3144363485575499
21317,0.2045574940161702,32,121,32,594158,11452,102680,5276,0.10608025491867057,0.3153993304638929
21318,0.2045577627495892,1,4,1,594162,11448,102681,5275,0.10604320278632036,0.31543383364228905
21319,0.2045713704723451,1,0,1,594162,11448,102682,5274,0.10604320278632036,0.3153928955866523
21320,0.2045719498113837,1,5,1,594167,11443,102683,5273,0.10599688762088258,0.3154462790141182
21321,0.2045731787356051,12,21,12,594188,11422,102695,5261,0.10580236392604395,0.3153509560630582
21322,0.2045756096898218,0,1,0,594189,11421,102695,5261,0.10579310089295639,0.3153698597290493
21323,0.2045788751513796,0,1,0,594190,11420,102695,5261,0.10578383785986883,0.31538876566153107
21324,0.2045878266214226,0,1,0,594191,11419,102695,5261,0.10577457482678128,0.3154076738609113
21325,0.2045889407730844,46,94,46,594285,11325,102741,5215,0.10490384971655119,0.3152962515114873
21326,0.204596171583085,0,1,0,594286,11324,102741,5215,0.10489458668346363,0.3153153153153153
21327,0.2045972708587575,2,3,2,594289,11321,102743,5213,0.10486679758420098,0.3152897060602395
21328,0.2046068488656082,1,4,1,594293,11317,102744,5212,0.10482974545185075,0.3153245810393853
21329,0.2046102409392228,4,13,4,594306,11304,102748,5208,0.10470932602171255,0.31540697674418605
21330,0.2046149963324901,5,14,5,594320,11290,102753,5203,0.10457964355848678,0.31546716788940765
21331,0.2046168388045659,1,5,1,594325,11285,102754,5202,0.10453332839304902,0.31552131982774306
21332,0.2046193521635721,7,20,7,594345,11265,102761,5195,0.10434806773129794,0.31561360874848116
21333,0.204622746208262,15,28,15,594373,11237,102776,5180,0.10408870280484642,0.3155265882926235
21334,0.2046448896267535,0,1,0,594374,11236,102776,5180,0.10407943977175886,0.3155458089668616
21335,0.2046470496591883,2,11,2,594385,11225,102778,5178,0.10397754640779577,0.3156739620801073
21336,0.2046512393652976,2,11,2,594396,11214,102780,5176,0.10387565304383267,0.3158023184868822
21337,0.2046558516508221,3,4,3,594400,11210,102783,5173,0.10383860091148246,0.31575413538423974
21338,0.2046587488091404,3,2,3,594402,11208,102786,5170,0.10382007484530735,0.31566735865185
21339,0.20465958432696,2,10,2,594412,11198,102788,5168,0.1037274445144318,0.3157766100452157
21340,0.2046600388180297,5,5,5,594417,11193,102793,5163,0.10368112934899404,0.3156639765223771
21341,0.2046623908367164,1,2,1,594419,11191,102794,5162,0.10366260328281893,0.3156607350333272
21342,0.2046663581522114,15,35,15,594454,11156,102809,5147,0.10333839712475452,0.315708765257928
21343,0.2046784090763651,30,80,30,594534,11076,102839,5117,0.10259735447775019,0.3160007410609523
21344,0.2046790817575671,4,14,4,594548,11062,102843,5113,0.10246767201452443,0.3161051004636785
21345,0.2046793731520571,1,1,1,594549,11061,102844,5112,0.10245840898143688,0.3160823594880356
21346,0.2046906616031377,3,4,3,594553,11057,102847,5109,0.10242135684908667,0.3160336508722009
21347,0.2046909916774071,0,2,0,594555,11055,102847,5109,0.10240283078291156,0.31607275426874537
21348,0.2046913300440851,7,10,7,594565,11045,102854,5102,0.10231020045203601,0.31597200718399704
21349,0.204693794383106,2,2,2,594567,11043,102856,5100,0.10229167438586091,0.315926407730905
21350,0.2047200642479036,5,7,5,594574,11036,102861,5095,0.10222683315424802,0.31585146612113324
21351,0.2047212571786041,27,73,27,594647,10963,102888,5068,0.10155063173885658,0.31613748362547567
21352,0.2047399828448304,2,3,2,594650,10960,102890,5066,0.10152284263959391,0.316111319106452
21353,0.2047409605979501,0,1,0,594651,10959,102890,5066,0.10151357960650635,0.3161310452418097
21354,0.2047451014621016,1,4,1,594655,10955,102891,5065,0.10147652747415614,0.316167290886392
21355,0.2047515162977812,1,2,1,594657,10953,102892,5064,0.10145800140798103,0.31616407566960103
21356,0.2047544044212821,1,2,1,594659,10951,102893,5063,0.10143947534180592,0.31616085924815784
21357,0.2047574852190837,1,2,1,594661,10949,102894,5062,0.1014209492756308,0.3161576416213853
21358,0.204766869563636,0,2,0,594663,10947,102894,5062,0.10140242320945571,0.31619713910925107
21359,0.2047734900983948,33,87,33,594750,10860,102927,5029,0.1005965393308385,0.31650827616590094
21360,0.2047782755615829,9,34,9,594784,10826,102936,5020,0.10028159620586165,0.3167991922251672
21361,0.2047904671962759,4,4,4,594788,10822,102940,5016,0.10024454407351142,0.31670665488066674
21362,0.2047938584602558,0,2,0,594790,10820,102940,5016,0.10022601800733633,0.3167466531952513
21363,0.2047949007541075,0,2,0,594792,10818,102940,5016,0.10020749194116121,0.31678666161424784
21364,0.2048045454263805,58,88,58,594880,10730,102998,4958,0.09939234502945644,0.3160377358490566
21365,0.2048115435799737,15,41,15,594921,10689,103013,4943,0.09901256067286672,0.31621033776867963
21366,0.2048139328071286,1,2,1,594923,10687,103014,4942,0.09899403460669161,0.3162070509949453
21367,0.2048149290416562,1,5,1,594928,10682,103015,4941,0.09894771944125384,0.3162644818536773
21368,0.2048193372060887,0,1,0,594929,10681,103015,4941,0.09893845640816629,0.31628472666752017
21369,0.2048244994766779,2,6,2,594935,10675,103017,4939,0.09888287820964096,0.31631868835660304
21370,0.2048283687000334,3,11,3,594946,10664,103020,4936,0.09878098484567786,0.3164102564102564
21371,0.2048340791402253,2,3,2,594949,10661,103022,4934,0.09875319574641521,0.3163834562359731
21372,0.2048384302987792,5,14,5,594963,10647,103027,4929,0.09862351328318945,0.31644838212634824
21373,0.2048446320575176,2,0,2,594963,10647,103029,4927,0.09862351328318945,0.31636060100166946
21374,0.2048615629982568,2,3,2,594966,10644,103031,4925,0.09859572418392679,0.3163337401246066
21375,0.2048659343995759,3,2,3,594968,10642,103034,4922,0.09857719811775167,0.316242611153945
21376,0.204868501458465,5,6,5,594974,10636,103039,4917,0.09852161991922635,0.31614479521635697
21377,0.2048729114860846,1,0,1,594974,10636,103040,4916,0.09852161991922635,0.3161008230452675
21378,0.204873098047776,2,3,2,594977,10633,103042,4914,0.09849383081996368,0.3160738406123368
21379,0.2048848755371036,10,34,10,595011,10599,103052,4904,0.09817888769498685,0.3163258724117913
21380,0.2048879122205529,37,84,37,595095,10515,103089,4867,0.09740079291563229,0.316408789494214
21381,0.2048914378843351,1,3,1,595098,10512,103090,4866,0.09737300381636964,0.3164260632071791
21382,0.204928487481053,15,28,15,595126,10484,103105,4851,0.09711363888991811,0.3163351809585915
21383,0.2049352224123456,0,9,0,595135,10475,103105,4851,0.09703027159213012,0.3165209447996868
21384,0.2049357883743052,0,1,0,595136,10474,103105,4851,0.09702100855904257,0.3165415986949429
21385,0.2049548506282101,1,5,1,595141,10469,103106,4850,0.0969746933936048,0.3166003002806972
21386,0.2049554249901754,3,2,3,595143,10467,103109,4847,0.09695616732742969,0.3165077706673632
21387,0.2049573926645616,2,9,2,595152,10458,103111,4845,0.0968728000296417,0.31660458733581653
21388,0.2049590609800376,0,5,0,595157,10453,103111,4845,0.09682648486420393,0.3167080664139103
21389,0.2049640119354608,0,3,0,595160,10450,103111,4845,0.09679869576494127,0.3167701863354037
21390,0.2049724193839422,0,4,0,595164,10446,103111,4845,0.09676164363259106,0.31685305081420445
21391,0.2049776224834873,1,0,1,595164,10446,103112,4844,0.09676164363259106,0.3168083714846305
21392,0.2049792440052399,1,0,1,595164,10446,103113,4843,0.09676164363259106,0.31676368631041923
21393,0.2049878188323228,0,9,0,595173,10437,103113,4843,0.09667827633480307,0.3169502617801047
21394,0.205002765506475,1,2,1,595175,10435,103114,4842,0.09665975026862796,0.31694704457681483
21395,0.2050072307909432,0,1,0,595176,10434,103114,4842,0.0966504872355404,0.31696779261586805
21396,0.205024432185844,4,5,4,595181,10429,103118,4838,0.09660417207010263,0.31689264426540903
21397,0.205025160704594,3,15,3,595196,10414,103121,4835,0.09646522657378932,0.3170699718014296
21398,0.2050306217151808,28,47,28,595243,10367,103149,4807,0.09602986401867428,0.3167918808488204
21399,0.2050368333748387,0,1,0,595244,10366,103149,4807,0.09602060098558672,0.31681275950701904
21400,0.2050391826030631,6,25,6,595269,10341,103155,4801,0.09578902515839786,0.31706511689340905
21401,0.2050551275606937,0,1,0,595270,10340,103155,4801,0.09577976212531031,0.3170860577240605
21402,0.2050668277247699,2,8,2,595278,10332,103157,4799,0.09570565786060987,0.3171634392968079
21403,0.2050699678825096,2,4,2,595282,10328,103159,4797,0.09566860572825966,0.3171570247933884
21404,0.2050854371694695,1,5,1,595287,10323,103160,4796,0.09562229056282188,0.31721674713936104
21405,0.2050858706643073,7,15,7,595302,10308,103167,4789,0.09548334506650857,0.3172153407961847
21406,0.2050904980288749,4,6,4,595308,10302,103171,4785,0.09542776686798325,0.31716046927818653
21407,0.2050911311756962,0,2,0,595310,10300,103171,4785,0.09540924080180814,0.31720251905866753
21408,0.2051005499084934,2,3,2,595313,10297,103173,4783,0.09538145170254549,0.31717506631299736
21409,0.2051096418830709,44,83,44,595396,10214,103217,4739,0.09461261995627848,0.3169263692904434
21410,0.2051128261302784,0,2,0,595398,10212,103217,4739,0.09459409389010337,0.31696876463112833
21411,0.2051179810615099,6,7,6,595405,10205,103223,4733,0.09452925265849049,0.3168429508635694
21412,0.2051185403045687,1,7,1,595412,10198,103224,4732,0.09446441142687761,0.31694574681848625
21413,0.2051237128838001,0,1,0,595413,10197,103224,4732,0.09445514839379006,0.31696697702458304
21414,0.2051344187483742,0,1,0,595414,10196,103224,4732,0.0944458853607025,0.3169882100750268
21415,0.2051383198784836,1,6,1,595420,10190,103225,4731,0.09439030716217718,0.31706990148113395
21416,0.2051456569036422,3,8,3,595428,10182,103228,4728,0.09431620289747675,0.317102615694165
21417,0.2051501988424444,76,208,76,595636,9974,103304,4652,0.09238949201526547,0.3180637221386572
21418,0.205176030528693,1,0,1,595636,9974,103305,4651,0.09238949201526547,0.318017094017094
21419,0.2051871256276751,1,1,1,595637,9973,103306,4650,0.09238022898217793,0.31799220406209394
21420,0.2051882770915457,4,3,4,595640,9970,103310,4646,0.09235243988291526,0.31787082649151616
21421,0.2051900564503904,0,1,0,595641,9969,103310,4646,0.09234317684982771,0.3178925761204242
21422,0.2051972561030161,3,12,3,595653,9957,103313,4643,0.09223202045277706,0.318013698630137
21423,0.2051973073087553,4,7,4,595660,9950,103317,4639,0.09216717922116417,0.3179792994722051
21424,0.2052002044670736,0,2,0,595662,9948,103317,4639,0.09214865315498907,0.3180228971001577
21425,0.205203549621893,0,1,0,595663,9947,103317,4639,0.09213939012190152,0.3180447003976416
21426,0.2052098806136269,10,43,10,595706,9904,103327,4629,0.09174107969913668,0.31851647973577374
21427,0.2052108970784719,2,1,2,595707,9903,103329,4627,0.09173181666604913,0.31844459738472125
21428,0.205217554319017,2,5,2,595712,9898,103331,4625,0.09168550150061136,0.31846037320112924
21429,0.2052188999268512,4,9,4,595721,9889,103335,4621,0.09160213420282337,0.31847002067539626
21430,0.2052408680469655,0,5,0,595726,9884,103335,4621,0.0915558190373856,0.31857980006894177
21431,0.2052605117071699,12,14,12,595740,9870,103347,4609,0.09142613657415985,0.31832308861109193
21432,0.2052620234884347,0,1,0,595741,9869,103347,4609,0.0914168735410723,0.3183450752866418
21433,0.2052646307048815,1,1,1,595742,9868,103348,4608,0.09140761050798474,0.318319977894446
21434,0.2052832399669704,2,1,2,595743,9867,103350,4606,0.09139834747489718,0.31824777171284463
21435,0.2052953782569488,3,4,3,595747,9863,103353,4603,0.09136129534254696,0.31819438683810314
21436,0.2053147125854376,3,4,3,595751,9859,103356,4600,0.09132424321019675,0.31814095027318623
21437,0.2053254323041092,5,13,5,595764,9846,103361,4595,0.09120382378005855,0.31819126099300604
21438,0.2053280434487565,3,11,3,595775,9835,103364,4592,0.09110193041609545,0.3182920912178554
21439,0.2053289570536115,5,9,5,595784,9826,103369,4587,0.09101856311830746,0.3182543537084576
21440,0.2053329956161546,0,1,0,595785,9825,103369,4587,0.0910093000852199,0.3182764363030808
21441,0.2053475664983111,4,4,4,595789,9821,103373,4583,0.09097224795286969,0.31817550680366563
21442,0.2053479999931489,7,31,7,595820,9790,103380,4576,0.09068509392715551,0.31852986217457885
21443,0.2053503675503906,1,6,1,595826,9784,103381,4575,0.09062951572863018,0.318615502472317
21444,0.2053804685079472,3,8,3,595834,9776,103384,4572,0.09055541146392974,0.318650683022024
21445,0.205385481072909,2,11,2,595845,9765,103386,4570,0.09045351809996666,0.3188001395186606
21446,0.2053878933069686,0,1,0,595846,9764,103386,4570,0.0904442550668791,0.31882238035440214
21447,0.2053969930392525,39,102,39,595948,9662,103425,4531,0.08949942569194858,0.3192418797999014
21448,0.2053991937639146,12,38,12,595986,9624,103437,4519,0.08914743043462152,0.3195220250300502
21449,0.2054138731499669,1,1,1,595987,9623,103438,4518,0.08913816740153396,0.3194964995403437
21450,0.2054233124752485,0,1,0,595988,9622,103438,4518,0.08912890436844641,0.3195190947666195
21451,0.2054265961245763,1,0,1,595988,9622,103439,4517,0.08912890436844641,0.3194709668293373
21452,0.2054310336820232,0,4,0,595992,9618,103439,4517,0.08909185223609618,0.31956137247966043
21453,0.2054349846161694,1,1,1,595993,9617,103440,4516,0.08908258920300863,0.31953583810938935
21454,0.2054362184846963,0,3,0,595996,9614,103440,4516,0.08905480010374597,0.31960368011323426
21455,0.2054413734159278,3,0,3,595996,9614,103443,4513,0.08905480010374597,0.3194591916188858
21456,0.2054593854318577,8,11,8,596007,9603,103451,4505,0.08895290673978287,0.31932237028636234
21457,0.2054606371624093,1,0,1,596007,9603,103452,4504,0.08895290673978287,0.31927411923158716
21458,0.2054608023404509,1,2,1,596009,9601,103453,4503,0.08893438067360776,0.3192711287577992
21459,0.20546673567442,10,23,10,596032,9578,103463,4493,0.08872133091259402,0.3193092175396205
21460,0.2054865384530501,0,2,0,596034,9576,103463,4493,0.08870280484641892,0.3193546094249769
21461,0.2054988483224948,6,2,6,596036,9574,103469,4487,0.0886842787802438,0.31910959391223953
21462,0.2054989095463499,4,10,4,596046,9564,103473,4483,0.08859164844936826,0.3191428774827365
21463,0.2055029973758071,2,9,2,596055,9555,103475,4481,0.08850828115158027,0.3192504987175834
21464,0.2055065453513127,3,9,3,596064,9546,103478,4478,0.08842491385379228,0.3193097547062179
21465,0.2055206996631732,0,8,0,596072,9538,103478,4478,0.08835080958909185,0.3194920091324201
21466,0.2055323630755942,5,16,5,596088,9522,103483,4473,0.08820260105969098,0.31961414790996784
21467,0.2055391578179462,5,4,5,596092,9518,103488,4468,0.08816554892734077,0.31946231946231946
21468,0.2055433191442284,5,11,5,596103,9507,103493,4463,0.08806365556337767,0.3194702934860415
21469,0.2055693602924175,0,2,0,596105,9505,103493,4463,0.08804512949720257,0.3195160366552119
21470,0.2055848736526781,0,2,0,596107,9503,103493,4463,0.08802660343102746,0.31956179292567666
21471,0.2055933576947005,0,1,0,596108,9502,103493,4463,0.0880173403979399,0.31958467597565343
21472,0.2056169403399458,0,1,0,596109,9501,103493,4463,0.08800807736485235,0.31960756230306503
21473,0.2056277546929013,0,3,0,596112,9498,103493,4463,0.08798028826558968,0.3196762409569515
21474,0.2056381049398555,0,1,0,596113,9497,103493,4463,0.08797102523250214,0.3196991404011461
21475,0.205641337619524,2,2,2,596115,9495,103495,4461,0.08795249916632703,0.3196474634565778
21476,0.2056476104017506,3,16,3,596131,9479,103498,4458,0.08780429063692616,0.3198679773265409
21477,0.2056599470642235,1,2,1,596133,9477,103499,4457,0.08778576457075105,0.3198650782259222
21478,0.2056802401496558,1,0,1,596133,9477,103500,4456,0.08778576457075105,0.3198162635469748
21479,0.2057160744769559,1,1,1,596134,9476,103501,4455,0.08777650153766349,0.319790395520781
21480,0.2057225861183325,3,7,3,596141,9469,103504,4452,0.08771166030605061,0.3198046117376625
21481,0.2057252399799975,0,2,0,596143,9467,103504,4452,0.0876931342398755,0.3198505639772972
21482,0.2057489591064822,0,2,0,596145,9465,103504,4452,0.0876746081737004,0.3198965294244449
21483,0.2057533204948904,1,0,1,596145,9465,103505,4451,0.0876746081737004,0.3198476573728083
21484,0.2057535720550267,0,1,0,596146,9464,103505,4451,0.08766534514061285,0.3198706431908013
21485,0.2057790257865163,0,1,0,596147,9463,103505,4451,0.08765608210752529,0.3198936323127785
21486,0.2057876352120992,0,7,0,596154,9456,103505,4451,0.08759124087591241,0.32005464873804557
21487,0.2057913742572928,0,1,0,596155,9455,103505,4451,0.08758197784282486,0.32007766431756074
21488,0.2057979674074377,2,4,2,596159,9451,103507,4449,0.08754492571047463,0.32007194244604315
21489,0.20580544847307,5,10,5,596169,9441,103512,4444,0.0874522953795991,0.3200576161325171
21490,0.2058097211584744,8,19,8,596188,9422,103520,4436,0.08727629775093557,0.32010391109828257
21491,0.2058126183167928,0,4,0,596192,9418,103520,4436,0.08723924561858534,0.32019633318897067
21492,0.2058131810320871,2,3,2,596195,9415,103522,4434,0.08721145651932269,0.32016752112065855
21493,0.2058378016733674,35,87,35,596282,9328,103557,4399,0.08640557264070547,0.3204633204633205
21494,0.2058380782209752,1,5,1,596287,9323,103558,4398,0.0863592574752677,0.32053057357335474
21495,0.205838723527919,1,1,1,596288,9322,103559,4397,0.08634999444218015,0.32050440994241564
21496,0.205840106182478,3,8,3,596296,9314,103562,4394,0.08627589017747972,0.3205427487598483
21497,0.2058461511755739,3,6,3,596302,9308,103565,4391,0.08622031197895438,0.3205343455726695
21498,0.2058599753458635,10,11,10,596313,9297,103575,4381,0.0861184186149913,0.32029536481941806
21499,0.205864588294408,6,9,6,596322,9288,103581,4375,0.0860350513172033,0.320207860645539
21500,0.205869528142581,9,21,9,596343,9267,103590,4366,0.08584052762236467,0.32025232890779726
21501,0.205878291719574,1,5,1,596348,9262,103591,4365,0.0857942124569269,0.32031995303441696
21502,0.2058947570328833,0,2,0,596350,9260,103591,4365,0.08577568639075178,0.3203669724770642
21503,0.2058978458111559,13,44,13,596394,9216,103604,4352,0.0853681129348994,0.32075471698113206
21504,0.2059034669483656,0,1,0,596395,9215,103604,4352,0.08535884990181185,0.3207783592540724
21505,0.20590594138048,0,1,0,596396,9214,103604,4352,0.08534958686872429,0.3208020050125313
21506,0.2059116669176213,26,44,26,596440,9170,103630,4326,0.08494201341287191,0.32053941908713696
21507,0.2059126185951124,4,4,4,596444,9166,103634,4322,0.08490496128052169,0.3204329774614472
21508,0.2059134579645707,0,2,0,596446,9164,103634,4322,0.08488643521434659,0.3204804982945277
21509,0.2059156575015972,1,1,1,596447,9163,103635,4321,0.08487717218125904,0.32045387125482055
21510,0.2059220763930652,0,2,0,596449,9161,103635,4321,0.08485864611508392,0.32050140928645604
21511,0.2059335261142362,0,2,0,596451,9159,103635,4321,0.08484012004890881,0.32054896142433237
21512,0.2059362372004838,1,3,1,596454,9156,103636,4320,0.08481233094964616,0.3205699020480855
21513,0.2059521472442879,1,0,1,596454,9156,103637,4319,0.08481233094964616,0.32051948051948054
21514,0.2059684302556595,0,3,0,596457,9153,103637,4319,0.08478454185038349,0.32059085510688834
21515,0.2059768707084457,1,12,1,596469,9141,103638,4318,0.08467338545333283,0.3208262129430121
21516,0.2059792382113602,9,25,9,596494,9116,103647,4309,0.08444180962614399,0.3209683426443203
21517,0.2059819475364289,0,4,0,596498,9112,103647,4309,0.08440475749379377,0.32106400417256536
21518,0.2059904225589569,0,5,0,596503,9107,103647,4309,0.084358442328356,0.32118366129994036
21519,0.2059933197172752,1,2,1,596505,9105,103648,4308,0.08433991626218089,0.3211809438604339
21520,0.2059969388581113,2,6,2,596511,9099,103650,4306,0.08428433806365557,0.32122342409548676
21521,0.2060266737409785,2,3,2,596514,9096,103652,4304,0.0842565489643929,0.32119402985074624
21522,0.206026780993737,1,1,1,596515,9095,103653,4303,0.08424728593130534,0.3211673384087177
21523,0.2060399909908027,14,47,14,596562,9048,103667,4289,0.0838119233761903,0.3215865636949839
21524,0.2060412455691741,0,5,0,596567,9043,103667,4289,0.08376560821075253,0.3217071707170717
21525,0.2060486323344154,1,1,1,596568,9042,103668,4288,0.08375634517766498,0.32168042010502623
21526,0.2060574422966737,1,0,1,596568,9042,103669,4287,0.08375634517766498,0.32162952959711905
21527,0.2060578031152719,0,1,0,596569,9041,103669,4287,0.08374708214457742,0.32165366146458585
21528,0.2060663965283491,0,1,0,596570,9040,103669,4287,0.08373781911148986,0.3216777969535529
21529,0.2060694752561929,0,1,0,596571,9039,103669,4287,0.08372855607840231,0.32170193606483566
21530,0.2060767128493083,1,0,1,596571,9039,103670,4286,0.08372855607840231,0.3216510318949343
21531,0.206107502555202,4,13,4,596584,9026,103674,4282,0.08360813664826411,0.32176134655846106
21532,0.2061112621722139,0,10,0,596594,9016,103674,4282,0.08351550631738856,0.32200330876823585
21533,0.2061141838844207,1,4,1,596598,9012,103675,4281,0.08347845418503835,0.32204919882645
21534,0.2061298092722241,6,19,6,596617,8993,103681,4275,0.08330245655637482,0.3222037986132047
21535,0.2061331135128923,6,13,6,596630,8980,103687,4269,0.08318203712623662,0.3222129972073364
21536,0.2061410359913362,0,2,0,596632,8978,103687,4269,0.0831635110600615,0.32226164414584435
21537,0.2061443006213023,0,2,0,596634,8976,103687,4269,0.0831449849938864,0.3223103057757644
21538,0.2061470398350522,0,1,0,596635,8975,103687,4269,0.08313572196079884,0.32233464210208396
21539,0.2061506180033675,12,11,12,596646,8964,103699,4257,0.08303382859683575,0.3219877467665078
21540,0.2061525813885909,0,1,0,596647,8963,103699,4257,0.0830245655637482,0.32201210287443266
21541,0.2061611940277853,10,24,10,596671,8939,103709,4247,0.0828022527696469,0.32208402851509177
21542,0.2061624707723617,1,1,1,596672,8938,103710,4246,0.08279298973655934,0.32205703883495146
21543,0.206168458536055,13,29,13,596701,8909,103723,4233,0.08252436177702027,0.32209709328869274
21544,0.2061863738526335,5,7,5,596708,8902,103728,4228,0.0824595205454074,0.322010662604722
21545,0.206186937984959,1,1,1,596709,8901,103729,4227,0.08245025751231984,0.3219835466179159
21546,0.2061965035424789,7,17,7,596726,8884,103736,4220,0.08229278594983142,0.32203907203907206
21547,0.2062104525789273,3,3,3,596729,8881,103739,4217,0.08226499685056875,0.3219575507711101
21548,0.2062158613564455,33,100,33,596829,8781,103772,4184,0.08133869354181333,0.3227150019282684
21549,0.2062300862047077,3,2,3,596831,8779,103775,4181,0.08132016747563822,0.322608024691358
21550,0.2062379044420977,12,54,12,596885,8725,103787,4169,0.0808199636889103,0.32332868000620446
21551,0.2062481466720601,0,8,0,596893,8717,103787,4169,0.08074585942420986,0.3235294117647059
21552,0.206249520116446,0,1,0,596894,8716,103787,4169,0.08073659639112231,0.32355452076057434
21553,0.2062605887109631,0,1,0,596895,8715,103787,4169,0.08072733335803475,0.32357963365414466
21554,0.2062919635726964,1,4,1,596899,8711,103788,4168,0.08069028122568454,0.3236276108393509
21555,0.2062934989485828,12,22,12,596921,8689,103800,4156,0.08048649449775834,0.323550019462826
21556,0.2063104194599104,1,5,1,596926,8684,103801,4155,0.08044017933232057,0.3236233351507127
21557,0.2063115594159352,11,37,11,596963,8647,103812,4144,0.08009744710808107,0.3239777968884372
21558,0.2063138149133748,0,1,0,596964,8646,103812,4144,0.08008818407499352,0.3240031274433151
21559,0.2063210808515893,6,6,6,596970,8640,103818,4138,0.0800326058764682,0.32383784629832524
21560,0.2063221710153595,12,10,12,596980,8630,103830,4126,0.07993997554559265,0.32345562872373784
21561,0.2063286728963812,1,7,1,596987,8623,103831,4125,0.07987513431397977,0.3235801694383433
21562,0.2063388929760585,0,1,0,596988,8622,103831,4125,0.07986587128089222,0.32360555424805837
21563,0.2063402583797507,3,1,3,596989,8621,103834,4122,0.07985660824780466,0.3234717099584085
21564,0.2063415602589527,7,11,7,597000,8610,103841,4115,0.07975471488384156,0.3233791748526523
21565,0.2063447760562785,1,5,1,597005,8605,103842,4114,0.0797083997184038,0.3234531016589354
21566,0.2063451257841789,0,1,0,597006,8604,103842,4114,0.07969913668531624,0.3234785343607485
21567,0.2063470230412674,0,4,0,597010,8600,103842,4114,0.07966208455296603,0.3235803051753972
21568,0.2063498094848741,1,2,1,597012,8598,103843,4113,0.07964355848679092,0.3235780033042247
21569,0.2063555293816353,0,2,0,597014,8596,103843,4113,0.0796250324206158,0.3236289243842946
21570,0.2063886320554192,1,8,1,597022,8588,103844,4112,0.07955092815591537,0.3237795275590551
21571,0.2063965818570463,2,1,2,597023,8587,103846,4110,0.07954166512282781,0.3236985114593999
21572,0.2064085784394189,0,3,0,597026,8584,103846,4110,0.07951387602356516,0.3237750118166063
21573,0.2064118363484188,2,6,2,597032,8578,103848,4108,0.07945829782503983,0.3238215355510011
21574,0.206418844858311,1,0,1,597032,8578,103849,4107,0.07945829782503983,0.3237682301931415
21575,0.2064278006162454,0,1,0,597033,8577,103849,4107,0.07944903479195228,0.3237937559129612
21576,0.2064324580474612,0,1,0,597034,8576,103849,4107,0.07943977175886473,0.32381928565796736
21577,0.2064395893488955,1,2,1,597036,8574,103850,4106,0.07942124569268962,0.3238170347003155
21578,0.2064396891357625,46,99,46,597135,8475,103896,4060,0.07850420541702174,0.3238930993218987
21579,0.2064429350357872,0,1,0,597136,8474,103896,4060,0.0784949423839342,0.32391894048188924
21580,0.2064480522549836,14,39,14,597175,8435,103910,4046,0.07813368409351958,0.32417274256870443
21581,0.2064490673138006,1,2,1,597177,8433,103911,4045,0.07811515802734448,0.32417054015066515
21582,0.206451266123018,0,4,0,597181,8429,103911,4045,0.07807810589499425,0.3242744909411576
21583,0.2064559543566027,1,4,1,597185,8425,103912,4044,0.07804105376264404,0.32432432432432434
21584,0.2064586328713206,8,23,8,597208,8402,103920,4036,0.0778280040016303,0.32448946776009
21585,0.2064671152777257,41,98,41,597306,8304,103961,3995,0.07692022675904998,0.32482315635417514
21586,0.20647235570591,3,11,3,597317,8293,103964,3992,0.07681833339508688,0.3249491249491249
21587,0.2064752490922938,15,48,15,597365,8245,103979,3977,0.07637370780688428,0.3253968253968254
21588,0.2064774319830201,1,9,1,597374,8236,103980,3976,0.0762903405090963,0.32558139534883723
21589,0.206496951217232,10,28,10,597402,8208,103990,3966,0.07603097558264478,0.32577624445539677
21590,0.2065029638554983,0,4,0,597406,8204,103990,3966,0.07599392345029457,0.32588331963845524
21591,0.2065030020927706,7,18,7,597424,8186,103997,3959,0.07582718885471859,0.32597776862906547
21592,0.2065033260367879,3,4,3,597428,8182,104000,3956,0.07579013672236837,0.3259186027352117
21593,0.2065040187826045,4,9,4,597437,8173,104004,3952,0.07570676942458038,0.32593814432989693
21594,0.2065060470493614,0,2,0,597439,8171,104004,3952,0.07568824335840528,0.3259919161923616
21595,0.206520766613154,1,0,1,597439,8171,104005,3951,0.07568824335840528,0.3259363141395809
21596,0.2065275150917459,4,1,4,597440,8170,104009,3947,0.07567898032531772,0.3257406948914748
21597,0.2065356847361755,1,4,1,597444,8166,104010,3946,0.0756419281929675,0.32579260237780716
21598,0.2065357473014949,22,50,22,597494,8116,104032,3924,0.0751787765385898,0.3259136212624585
21599,0.2065408377768314,0,1,0,597495,8115,104032,3924,0.07516951350550224,0.32594069274856713
21600,0.2065601330129479,1,2,1,597497,8113,104033,3923,0.07515098743932713,0.32593885011631774
21601,0.2065696920585795,1,5,1,597502,8108,104034,3922,0.07510467227388937,0.3260182876142976
21602,0.2065736730012258,1,2,1,597504,8106,104035,3921,0.07508614620771425,0.32601646295834374
21603,0.2065776077845047,1,1,1,597505,8105,104036,3920,0.0750768831746267,0.325987525987526
21604,0.2065777142257515,1,10,1,597515,8095,104037,3919,0.07498425284375115,0.32620276344265026
21605,0.2065858208682114,0,3,0,597518,8092,104037,3919,0.0749564637444885,0.32628423944717344
21606,0.206588817421729,1,2,1,597520,8090,104038,3918,0.07493793767831339,0.32628247834776813
21607,0.2065925268550953,0,2,0,597522,8088,104038,3918,0.07491941161213828,0.3263368315842079
21608,0.2066052477916309,2,4,2,597526,8084,104040,3916,0.07488235947978807,0.3263333333333333
21609,0.2066069053851201,2,1,2,597527,8083,104042,3914,0.07487309644670051,0.3262482287238476
21610,0.2066119388137157,0,1,0,597528,8082,104042,3914,0.07486383341361295,0.3262754251417139
21611,0.2066123985119747,3,21,3,597549,8061,104045,3911,0.07466930971877432,0.32667891747410627
21612,0.2066153559271143,0,1,0,597550,8060,104045,3911,0.07466004668568677,0.3267062066661098
21613,0.2066213394926066,1,7,1,597557,8053,104046,3910,0.07459520545407389,0.32684109337122796
21614,0.2066281129020539,0,1,0,597558,8052,104046,3910,0.07458594242098633,0.32686841665273364
21615,0.2066324293656783,0,2,0,597560,8050,104046,3910,0.07456741635481122,0.3269230769230769
21616,0.2066541732370564,3,12,3,597572,8038,104049,3907,0.07445625995776058,0.32708246128087065
21617,0.2066570703953747,0,3,0,597575,8035,104049,3907,0.07442847085849791,0.32716462904036175
21618,0.2066773962062581,0,2,0,597577,8033,104049,3907,0.0744099447923228,0.32721943048576213
21619,0.2066847522364816,41,67,41,597644,7966,104090,3866,0.07378932157545667,0.3267410412440838
21620,0.2066892847257751,15,42,15,597686,7924,104105,3851,0.0734002741857794,0.32704883227176224
21621,0.206696375162303,0,1,0,597687,7923,104105,3851,0.07339101115269184,0.32707660947851197
21622,0.2067050643646287,3,0,3,597687,7923,104108,3848,0.07339101115269184,0.3269051057684139
21623,0.2067101815838252,21,52,21,597739,7871,104129,3827,0.07290933343213903,0.32714994016071125
21624,0.2067174887137322,1,2,1,597741,7869,104130,3826,0.07289080736596391,0.3271483539974348
21625,0.2067370442173892,0,1,0,597742,7868,104130,3826,0.07288154433287636,0.32717632974174793
21626,0.2067394201270769,0,1,0,597743,7867,104130,3826,0.0728722812997888,0.32720431027110236
21627,0.2067435033674675,0,1,0,597744,7866,104130,3826,0.07286301826670125,0.32723229558672595
21628,0.206748408732877,7,2,7,597746,7864,104137,3819,0.07284449220052613,0.3268852178378841
21629,0.2067503649264147,0,1,0,597747,7863,104137,3819,0.07283522916743859,0.32691319979455574
21630,0.2067509969106155,2,1,2,597748,7862,104139,3817,0.07282596613435104,0.32682592687730116
21631,0.2067577297008047,0,1,0,597749,7861,104139,3817,0.07281670310126348,0.3268539133413256
21632,0.2067679358974463,6,15,6,597764,7846,104145,3811,0.07267775760495017,0.326928026078751
21633,0.2067710134372331,3,10,3,597774,7836,104148,3808,0.07258512727407462,0.32703538302988666
21634,0.2067880377538254,10,25,10,597799,7811,104158,3798,0.07235355144688577,0.32715996209837195
21635,0.2067896480748926,3,9,3,597808,7802,104161,3795,0.07227018414909778,0.32723980339743036
21636,0.2067939116424324,0,1,0,597809,7801,104161,3795,0.07226092111601022,0.32726802345636424
21637,0.2068019698922091,6,9,6,597818,7792,104167,3789,0.07217755381822225,0.3271738191865987
21638,0.2068086049525325,0,3,0,597821,7789,104167,3789,0.07214976471895958,0.3272585938849542
21639,0.2068222623417895,0,3,0,597824,7786,104167,3789,0.07212197561969691,0.32734341252699783
21640,0.206829290435948,5,10,5,597834,7776,104172,3784,0.07202934528882138,0.3273356401384083
21641,0.2068396970595605,0,3,0,597837,7773,104172,3784,0.07200155618955871,0.3274206108851778
21642,0.2068574527677638,0,1,0,597838,7772,104172,3784,0.07199229315647115,0.32744894427137416
21643,0.206871233072319,0,1,0,597839,7771,104172,3784,0.0719830301233836,0.32747728256166164
21644,0.2068724522135565,0,1,0,597840,7770,104172,3784,0.07197376709029604,0.3275056257573135
21645,0.2068805344814775,0,1,0,597841,7769,104172,3784,0.07196450405720849,0.3275339738596036
21646,0.2068910298987576,1,0,1,597841,7769,104173,3783,0.07196450405720849,0.3274757617728532
21647,0.2068934883727611,0,3,0,597844,7766,104173,3783,0.07193671495794583,0.3275608277772967
21648,0.2068955768737903,4,7,4,597851,7759,104177,3779,0.07187187372633295,0.32752643439070894
21649,0.2069013414387869,1,2,1,597853,7757,104178,3778,0.07185334766015784,0.3275249241439098
21650,0.2069031098034355,1,2,1,597855,7755,104179,3777,0.07183482159398273,0.32752341311134237
21651,0.2069049278818137,1,1,1,597856,7754,104180,3776,0.07182555856089518,0.32749349522983523
21652,0.2069121900903885,0,1,0,597857,7753,104180,3776,0.07181629552780762,0.3275219012923931
21653,0.2069129244379557,0,1,0,597858,7752,104180,3776,0.07180703249472008,0.3275503122831367
21654,0.2069223494489963,0,1,0,597859,7751,104180,3776,0.07179776946163252,0.32757872820334866
21655,0.2069332857237495,4,17,4,597876,7734,104184,3772,0.0716402978991441,0.32782895880410223
21656,0.2069419339462407,11,13,11,597889,7721,104195,3761,0.07151987846900588,0.32755617488242467
21657,0.2069499211172063,0,1,0,597890,7720,104195,3761,0.07151061543591834,0.32758470516505533
21658,0.206951094356093,0,1,0,597891,7719,104195,3761,0.07150135240283079,0.32761324041811846
21659,0.2069557142507959,1,3,1,597894,7716,104196,3760,0.07147356330356812,0.3276402927849425
21660,0.2069672287976697,1,0,1,597894,7716,104197,3759,0.07147356330356812,0.32758169934640524
21661,0.2069734663461001,1,1,1,597895,7715,104198,3758,0.07146430027048056,0.3275516429878846
21662,0.2069753764663378,5,10,5,597905,7705,104203,3753,0.07137166993960502,0.32754407400942576
21663,0.2069775655914743,1,1,1,597906,7704,104204,3752,0.07136240690651748,0.32751396648044695
21664,0.2069802509949166,0,3,0,597909,7701,104204,3752,0.07133461780725481,0.3275997555225705
21665,0.2069901890956815,0,1,0,597910,7700,104204,3752,0.07132535477416725,0.3276283618581907
21666,0.206991384851367,0,2,0,597912,7698,104204,3752,0.07130682870799214,0.32768558951965066
21667,0.2069954229664527,1,4,1,597916,7694,104205,3751,0.07126977657564193,0.327741371778069
21668,0.2069995004182956,1,0,1,597916,7694,104206,3750,0.07126977657564193,0.32768262845159035
21669,0.2070015234234944,0,1,0,597917,7693,104206,3750,0.07126051354255437,0.3277112645285327
21670,0.2070026146650661,3,3,3,597920,7690,104209,3747,0.0712327244432917,0.32762087960129405
21671,0.2070031617957086,2,4,2,597924,7686,104211,3745,0.0711956723109415,0.32761788120024493
21672,0.2070056326963091,2,2,2,597926,7684,104213,3743,0.07117714624476638,0.3275575391616347
21673,0.2070145070999681,0,8,0,597934,7676,104213,3743,0.07110304198006595,0.3277870216306156
21674,0.2070214818523496,10,16,10,597950,7660,104223,3733,0.07095483345066508,0.32765733345036424
21675,0.2070225621497377,5,8,5,597958,7652,104228,3728,0.07088072918596465,0.32759226713532513
21676,0.2070331427660746,2,3,2,597961,7649,104230,3726,0.070852940086702,0.32756043956043956
21677,0.2070368790899751,2,11,2,597972,7638,104232,3724,0.0707510467227389,0.3277591973244147
21678,0.2070417245661651,0,2,0,597974,7636,104232,3724,0.07073252065656378,0.3278169014084507
21679,0.2070446217244834,0,3,0,597977,7633,104232,3724,0.07070473155730113,0.3279034956414546
21680,0.2070492002037483,1,0,1,597977,7633,104233,3723,0.07070473155730113,0.3278443113772455
21681,0.2070517507664119,5,6,5,597983,7627,104238,3718,0.07064915335877579,0.3277214631996474
21682,0.207064556084636,1,1,1,597984,7626,104239,3717,0.07063989032568824,0.32769108701401745
21683,0.2070772757032887,0,6,0,597990,7620,104239,3717,0.07058431212716292,0.3278645144218047
21684,0.2070801875203157,0,6,0,597996,7614,104239,3717,0.0705287339286376,0.32803812549642575
21685,0.2070860046019714,3,5,3,598001,7609,104242,3714,0.07048241876319983,0.3280049456857723
21686,0.2070908580095513,1,0,1,598001,7609,104243,3713,0.07048241876319983,0.327945592651475
21687,0.2070917301077272,0,1,0,598002,7608,104243,3713,0.07047315573011227,0.32797456055118807
21688,0.2071126129476233,0,3,0,598005,7605,104243,3713,0.0704453666308496,0.3280614949637745
21689,0.207125362246627,0,4,0,598009,7601,104243,3713,0.0704083144984994,0.3281774792292735
21690,0.207127968828511,2,0,2,598009,7601,104245,3711,0.0704083144984994,0.32805869872701554
21691,0.2071289203324668,1,1,1,598010,7600,104246,3710,0.07039905146541184,0.3280282935455349
21692,0.207129580095869,0,1,0,598011,7599,104246,3710,0.07038978843232428,0.3280572994959767
21693,0.2071371560224587,0,1,0,598012,7598,104246,3710,0.07038052539923673,0.32808631057658294
21694,0.2071404653552428,0,3,0,598015,7595,104246,3710,0.07035273629997406,0.3281733746130031
21695,0.2071406254887702,0,1,0,598016,7594,104246,3710,0.0703434732668865,0.32820240622788394
21696,0.2071456569448252,0,1,0,598017,7593,104246,3710,0.07033421023379896,0.3282314429797399
21697,0.2071480271670009,3,6,3,598023,7587,104249,3707,0.07027863203527362,0.32822737736851426
21698,0.2071492229226864,1,9,1,598032,7578,104250,3706,0.07019526473748565,0.32842963488124777
21699,0.2071545234718264,1,1,1,598033,7577,104251,3705,0.0701860017043981,0.32839921999645455
21700,0.2071551428516022,3,13,3,598046,7564,104254,3702,0.07006558227425988,0.32859932540387005
21701,0.207156096623185,1,1,1,598047,7563,104255,3701,0.07005631924117232,0.32856889204545453
21702,0.2071594967543285,0,2,0,598049,7561,104255,3701,0.07003779317499723,0.3286272420529213
21703,0.2071617568817657,9,15,9,598064,7546,104264,3692,0.06989884767868391,0.3285282078661684
21704,0.2071620057317694,1,5,1,598069,7541,104265,3691,0.06985253251324613,0.32861467236467234
21705,0.2071634707676285,0,1,0,598070,7540,104265,3691,0.06984326948015858,0.32864393197400055
21706,0.2071715998599484,0,1,0,598071,7539,104265,3691,0.06983400644707102,0.32867319679430096
21707,0.2071766667345768,3,2,3,598073,7537,104268,3688,0.06981548038089593,0.3285523385300668
21708,0.2071856999944116,14,32,14,598105,7505,104282,3674,0.06951906332209419,0.32865193666696485
21709,0.2071946254267369,0,1,0,598106,7504,104282,3674,0.06950980028900663,0.3286813383431741
21710,0.2072005687663337,4,11,4,598117,7493,104286,3670,0.06940790692504353,0.32876466899578966
21711,0.2072069392604324,2,3,2,598120,7490,104288,3668,0.06938011782578088,0.328732747804266
21712,0.207207199851079,4,7,4,598127,7483,104292,3664,0.06931527659416799,0.32869830447654075
21713,0.2072172176799685,9,19,9,598146,7464,104301,3655,0.06913927896550447,0.32871661120604373
21714,0.2072375057951793,7,4,7,598150,7460,104308,3648,0.06910222683315424,0.3284119553474973
21715,0.2072405778016619,8,15,8,598165,7445,104316,3640,0.06896328133684093,0.3283716734325665
21716,0.2072405963352502,0,1,0,598166,7444,104316,3640,0.06895401830375338,0.32840129916997474
21717,0.2072425346087493,0,1,0,598167,7443,104316,3640,0.06894475527066583,0.3284309302535415
21718,0.2072470862684389,1,0,1,598167,7443,104317,3639,0.06894475527066583,0.32837033026529505
21719,0.207247381902195,0,1,0,598168,7442,104317,3639,0.06893549223757828,0.3283999639021749
21720,0.2072514815946241,4,8,4,598176,7434,104321,3635,0.06886138797287784,0.32839461559309785
21721,0.2072523184245231,1,1,1,598177,7433,104322,3634,0.06885212493979029,0.3283636035059185
21722,0.2072535141802085,3,1,3,598178,7432,104325,3631,0.06884286190670273,0.3282111542981108
21723,0.2072617381150506,1,1,1,598179,7431,104326,3630,0.06883359887361518,0.32818009221589367
21724,0.2072710133819861,1,0,1,598179,7431,104327,3629,0.06883359887361518,0.32811934900542494
21725,0.2072826160993297,1,6,1,598185,7425,104328,3628,0.06877802067508985,0.32823667782502486
21726,0.2072846914785793,8,15,8,598200,7410,104336,3620,0.06863907517877654,0.32819582955575705
21727,0.2072868450225778,1,0,1,598200,7410,104337,3619,0.06863907517877654,0.32813491703690273
21728,0.2073013463564245,0,2,0,598202,7408,104337,3619,0.06862054911260143,0.3281944318490977
21729,0.2073016092552676,4,6,4,598208,7402,104341,3615,0.06856497091407611,0.3281292547880548
21730,0.2073185852897879,0,3,0,598211,7399,104341,3615,0.06853718181481344,0.3282186308334847
21731,0.2073270157872262,0,7,0,598218,7392,104341,3615,0.06847234058320056,0.3284273644044699
21732,0.2073345817939923,1,0,1,598218,7392,104342,3614,0.06847234058320056,0.32836634562965655
21733,0.2073423168491573,2,0,2,598218,7392,104344,3612,0.06847234058320056,0.3282442748091603
21734,0.2073432655799046,2,1,2,598219,7391,104346,3610,0.06846307755011301,0.3281519861830743
21735,0.2073466591666465,1,3,1,598222,7388,104347,3609,0.06843528845085034,0.32818041283986543
21736,0.2073584057577211,1,4,1,598226,7384,104348,3608,0.06839823631850013,0.3282387190684134
21737,0.2073621972337372,1,2,1,598228,7382,104349,3607,0.06837971025232502,0.32823732823732826
21738,0.2073622273875898,26,40,26,598268,7342,104375,3581,0.06800918892882285,0.327840336903781
21739,0.2073625476485795,9,15,9,598283,7327,104384,3572,0.06787024343250954,0.32773648958620055
21740,0.207365116920583,0,1,0,598284,7326,104384,3572,0.06786098039942198,0.3277665626720499
21741,0.2073686565724182,3,5,3,598289,7321,104387,3569,0.06781466523398422,0.3277318640955005
21742,0.207374947060782,1,6,1,598295,7315,104388,3568,0.0677590870354589,0.3278507764403198
21743,0.2073900609452555,1,0,1,598295,7315,104389,3567,0.0677590870354589,0.327789009373277
21744,0.2074008106955765,1,8,1,598303,7307,104390,3566,0.06768498277075846,0.32796836199760876
21745,0.2074058367071224,2,5,2,598308,7302,104392,3564,0.06763866760532068,0.32799558255107675
21746,0.2074100719105215,3,2,3,598310,7300,104395,3561,0.06762014153914558,0.32787036184513396
21747,0.2074101564958425,0,5,0,598315,7295,104395,3561,0.0675738263737078,0.3280213706705969
21748,0.207411352251528,3,2,3,598317,7293,104398,3558,0.06755530030753269,0.32789604644733206
21749,0.2074211954499611,2,3,2,598320,7290,104400,3556,0.06752751120827004,0.3278628065646321
21750,0.2074254277914092,0,2,0,598322,7288,104400,3556,0.06750898514209493,0.3279232755440797
21751,0.2074478293232531,13,43,13,598365,7245,104413,3543,0.06711067471933009,0.32842046718576196
21752,0.2074585067786706,0,1,0,598366,7244,104413,3543,0.06710141168624255,0.32845091313618247
21753,0.2074596553322987,1,0,1,598366,7244,104414,3542,0.06710141168624255,0.32838865195623956
21754,0.2074603441382705,0,1,0,598367,7243,104414,3542,0.06709214865315499,0.3284191006026889
21755,0.2074636616496129,0,1,0,598368,7242,104414,3542,0.06708288562006744,0.3284495548961424
21756,0.2074693291799206,2,5,2,598373,7237,104416,3540,0.06703657045462966,0.32847731279576875
21757,0.2074746147821344,4,7,4,598380,7230,104420,3536,0.06697172922301678,0.32844138955972507
21758,0.2074794889776028,0,2,0,598382,7228,104420,3536,0.06695320315684168,0.3285024154589372
21759,0.2074803750088504,1,10,1,598392,7218,104421,3535,0.06686057282596614,0.32874546638147495
21760,0.2074847289115767,1,0,1,598392,7218,104422,3534,0.06686057282596614,0.3286830357142857
21761,0.2075010771846367,0,1,0,598393,7217,104422,3534,0.06685130979287858,0.3287136080364617
21762,0.2075039915088884,0,2,0,598395,7215,104422,3534,0.06683278372670347,0.3287747697460229
21763,0.2075095112310366,0,1,0,598396,7214,104422,3534,0.06682352069361591,0.32880535913658354
21764,0.207509800281443,0,2,0,598398,7212,104422,3534,0.06680499462744081,0.32886655499720824
21765,0.2075102436030493,0,1,0,598399,7211,104422,3534,0.06679573159435326,0.3288971614704514
21766,0.2075118269349577,10,14,10,598413,7197,104432,3524,0.0666660491311275,0.32870068090663185
21767,0.2075300675138138,0,12,0,598425,7185,104432,3524,0.06655489273407685,0.32906900737697264
21768,0.2075322116893423,1,9,1,598434,7176,104433,3523,0.06647152543628886,0.3292831105710814
21769,0.2075361959609455,2,3,2,598437,7173,104435,3521,0.0664437363370262,0.3292500467551898
21770,0.2075580325136292,1,2,1,598439,7171,104436,3520,0.06642521027085109,0.32924890094471987
21771,0.2075637926296203,1,1,1,598440,7170,104437,3519,0.06641594723776353,0.3292169520067359
21772,0.2075639701560798,7,4,7,598444,7166,104444,3512,0.06637889510541331,0.3289005431728788
21773,0.2075674042527635,4,7,4,598451,7159,104448,3508,0.06631405387380043,0.32886472297740693
21774,0.2075675282419196,0,2,0,598453,7157,104448,3508,0.06629552780762533,0.32892639474917956
21775,0.2075713603776518,6,10,6,598463,7147,104454,3502,0.06620289747674979,0.32885716968729456
21776,0.2075746778889942,2,9,2,598472,7138,104456,3500,0.0661195301789618,0.3290092122579432
21777,0.2075807146186295,2,5,2,598477,7133,104458,3498,0.06607321501352403,0.3290377198758348
21778,0.2076058123936998,1,6,1,598483,7127,104459,3497,0.0660176368149987,0.3291603915662651
21779,0.2076064753267924,0,1,0,598484,7126,104459,3497,0.06600837378191114,0.3291913772004142
21780,0.2076066989909626,4,6,4,598490,7120,104463,3493,0.06595279558338582,0.329124658437765
21781,0.2076074088329909,0,1,0,598491,7119,104463,3493,0.06594353255029826,0.329155672823219
21782,0.2076243265625789,2,4,2,598495,7115,104465,3491,0.06590648041794805,0.32915330944748256
21783,0.2076299136064762,1,5,1,598500,7110,104466,3490,0.06586016525251029,0.3292452830188679
21784,0.2076348291424606,4,3,4,598503,7107,104470,3486,0.06583237615324762,0.32908524497309544
21785,0.207634930935597,0,1,0,598504,7106,104470,3486,0.06582311312016006,0.32911631419939574
21786,0.2076394956185076,2,0,2,598504,7106,104472,3484,0.06582311312016006,0.32898961284230405
21787,0.2076425136921061,8,17,8,598521,7089,104480,3476,0.06566564155767164,0.3290108849976337
21788,0.2076504062855891,1,1,1,598522,7088,104481,3475,0.06565637852458409,0.3289785098930228
21789,0.2076541384158842,1,3,1,598525,7085,104482,3474,0.06562858942532143,0.3290084288284875
21790,0.2076570355742025,5,0,5,598525,7085,104487,3469,0.06562858942532143,0.3286905438696229
21791,0.2076676811852471,0,1,0,598526,7084,104487,3469,0.06561932639223388,0.32872169051454564
21792,0.2076680816743687,3,5,3,598531,7079,104490,3466,0.0655730112267961,0.32868658131816025
21793,0.2076738180092429,1,2,1,598533,7077,104491,3465,0.065554485160621,0.3286852589641434
21794,0.2076760279322792,0,4,0,598537,7073,104491,3465,0.06551743302827077,0.3288100208768267
21795,0.2076938887296664,5,4,5,598541,7069,104496,3460,0.06548038089592056,0.3286162028682686
21796,0.2077198874751365,1,1,1,598542,7068,104497,3459,0.06547111786283301,0.3285836420632659
21797,0.2077310939291221,4,9,4,598551,7059,104501,3455,0.06538775056504502,0.3286094730835077
21798,0.2077440658347198,2,9,2,598560,7050,104503,3453,0.06530438326725703,0.3287632105112825
21799,0.2077458453818419,23,30,23,598590,7020,104526,3430,0.0650264922746304,0.3282296650717703
21800,0.2077503586378898,3,1,3,598591,7019,104529,3427,0.06501722924154285,0.3280681600612675
21801,0.2077582991877199,3,9,3,598600,7010,104532,3424,0.06493386194375486,0.32815794517922175
21802,0.2077591748434185,0,1,0,598601,7009,104532,3424,0.0649245989106673,0.32818939902233296
21803,0.2077602098891657,6,10,6,598611,6999,104538,3418,0.06483196857979177,0.3281175002399923
21804,0.2077614225249704,9,13,9,598624,6986,104547,3409,0.06471154914965356,0.32794612794612793
21805,0.2077626668062958,1,2,1,598626,6984,104548,3408,0.06469302308347845,0.3279445727482679
21806,0.2077662642451164,1,3,1,598629,6981,104549,3407,0.0646652339842158,0.32797458606083946
21807,0.2077687844375331,1,1,1,598630,6980,104550,3406,0.06465597095112824,0.32794145965723087
21808,0.2077723729318908,1,1,1,598631,6979,104551,3405,0.06464670791804068,0.32790832049306623
21809,0.2077736371669254,0,3,0,598634,6976,104551,3405,0.06461891881877802,0.3280030825546672
21810,0.2077799522910217,1,0,1,598634,6976,104552,3404,0.06461891881877802,0.3279383429672447
21811,0.2077817097458331,0,2,0,598636,6974,104552,3404,0.06460039275260292,0.3280015417228753
21812,0.2077969145890311,0,1,0,598637,6973,104552,3404,0.06459112971951536,0.3280331502360991
21813,0.2078011872953415,0,1,0,598638,6972,104552,3404,0.0645818666864278,0.32806476484194297
21814,0.2078014268006062,0,3,0,598641,6969,104552,3404,0.06455407758716514,0.328159645232816
21815,0.2078074785785948,53,89,53,598730,6880,104605,3351,0.06372966764237283,0.3275339653992767
21816,0.2078242734790069,0,2,0,598732,6878,104605,3351,0.06371114157619771,0.32759800567015346
21817,0.2078344097132712,0,1,0,598733,6877,104605,3351,0.06370187854311016,0.32763003519749706
21818,0.2078348398163667,2,6,2,598739,6871,104607,3349,0.06364630034458484,0.3276908023483366
21819,0.2078350232293278,3,7,3,598746,6864,104610,3346,0.06358145911297196,0.3277179236043095
21820,0.207837736974685,2,1,2,598747,6863,104612,3344,0.0635721960798844,0.32761830116586654
21821,0.2078507454235934,1,4,1,598751,6859,104613,3343,0.06353514394753418,0.3276808468927661
21822,0.2078581183454023,14,11,14,598762,6848,104627,3329,0.06343325058357109,0.3271101503389997
21823,0.2078729875357495,1,5,1,598767,6843,104628,3328,0.06338693541813331,0.32720479795497004
21824,0.2078892858021108,1,3,1,598770,6840,104629,3327,0.06335914631887066,0.32723517261729124
21825,0.2078909205963375,0,1,0,598771,6839,104629,3327,0.0633498832857831,0.327267361794216
21826,0.2078973727539148,0,2,0,598773,6837,104629,3327,0.06333135721960799,0.32733175914994095
21827,0.2078978224571462,2,11,2,598784,6826,104631,3325,0.06322946385564489,0.32755393557284995
21828,0.2078982632417515,6,7,6,598791,6819,104637,3319,0.06316462262403201,0.3273821266521996
21829,0.2079050940949107,1,0,1,598791,6819,104638,3318,0.06316462262403201,0.32731577389760286
21830,0.2079079308284124,2,7,2,598798,6812,104640,3316,0.06309978139241913,0.3274091627172196
21831,0.2079213356626013,1,0,1,598798,6812,104641,3315,0.06309978139241913,0.32734274711168165
21832,0.2079302110032103,0,2,0,598800,6810,104641,3315,0.06308125532624402,0.3274074074074074
21833,0.2079405970733099,6,10,6,598810,6800,104647,3309,0.06298862499536849,0.32733208032446337
21834,0.2079448319717426,6,2,6,598812,6798,104653,3303,0.06297009892919338,0.326997326997327
21835,0.2079498338069514,1,3,1,598815,6795,104654,3302,0.06294230982993071,0.32702783004852926
21836,0.2079556794296237,3,3,3,598818,6792,104657,3299,0.06291452073066806,0.3269249826578139
21837,0.2079614016556677,3,4,3,598822,6788,104660,3296,0.06287746859831783,0.32685442284807614
21838,0.2079667605078723,0,1,0,598823,6787,104660,3296,0.06286820556523028,0.32688683923435485
21839,0.2079726417034427,3,1,3,598824,6786,104663,3293,0.06285894253214272,0.32671892052783014
21840,0.207976654830054,6,6,6,598830,6780,104669,3287,0.0628033643336174,0.3265123671401609
21841,0.2079775307703021,0,2,0,598832,6778,104669,3287,0.06278483826744229,0.3265772478887233
21842,0.2079906381510925,0,7,0,598839,6771,104669,3287,0.06271999703582941,0.32680453370451384
21843,0.2079928963977445,8,5,8,598844,6766,104677,3279,0.06267368187039164,0.3264310602289696
21844,0.2079954409718546,5,9,5,598853,6757,104682,3274,0.06259031457260365,0.3263881965905692
21845,0.2079972103636608,1,0,1,598853,6757,104683,3273,0.06259031457260365,0.326321036889332
21846,0.2079980993896298,0,1,0,598854,6756,104683,3273,0.0625810515395161,0.3263535746335627
21847,0.2080003020414921,20,30,20,598884,6726,104703,3253,0.062303160546889474,0.32598456759194305
21848,0.2080009181235537,2,4,2,598888,6722,104705,3251,0.06226610841453926,0.32598014639526723
21849,0.2080097488822753,1,0,1,598888,6722,104706,3250,0.06226610841453926,0.3259125551544324
21850,0.2080133673503304,1,0,1,598888,6722,104707,3249,0.06226610841453926,0.3258449503560325
21851,0.2080160043290539,1,1,1,598889,6721,104708,3248,0.0622568453814517,0.32581001103420604
21852,0.2080163927068859,6,8,6,598897,6713,104714,3242,0.06218274111675127,0.3256654947262682
21853,0.2080209922994108,28,60,28,598957,6653,104742,3214,0.061626959131498016,0.32573223877571705
21854,0.2080223392180073,5,17,5,598974,6636,104747,3209,0.0614694875690096,0.32595226003047234
21855,0.2080247961351373,0,1,0,598975,6635,104747,3209,0.061460224535922044,0.32598537180008125
21856,0.2080279635293208,2,2,2,598977,6633,104749,3207,0.06144169846974693,0.3259146341463415
21857,0.2080356406548029,7,8,7,598985,6625,104756,3200,0.0613675942050465,0.3256997455470738
21858,0.2080438390746747,1,2,1,598987,6623,104757,3199,0.06134906813887139,0.3256974139686418
21859,0.208044202438586,8,18,8,599005,6605,104765,3191,0.061182333543295414,0.32574520212331565
21860,0.2080518996516293,0,1,0,599006,6604,104765,3191,0.061173070510207865,0.3257784583971414
21861,0.2080540508949676,3,9,3,599015,6595,104768,3188,0.061089703212419875,0.32587140958806093
21862,0.2080615121335048,5,6,5,599021,6589,104773,3183,0.06103412501389455,0.3257265656979124
21863,0.208072417895049,6,17,6,599038,6572,104779,3177,0.06087665345140613,0.3258795773925531
21864,0.2080737509923076,0,2,0,599040,6570,104779,3177,0.06085812738523102,0.32594644506001846
21865,0.2080809644605535,1,5,1,599045,6565,104780,3176,0.060811812219793246,0.32604455394723336
21866,0.2080816915421378,2,1,2,599046,6564,104782,3174,0.0608025491867057,0.325939617991374
21867,0.2080920656709566,4,11,4,599057,6553,104786,3170,0.060700655822742595,0.32603106037231305
21868,0.2081076718782709,5,3,5,599060,6550,104791,3165,0.060672866723479935,0.32578486875965
21869,0.2081124259186957,4,4,4,599064,6546,104795,3161,0.06063581459112972,0.3256412897908726
21870,0.2081207651216566,2,4,2,599068,6542,104797,3159,0.0605987624587795,0.32563653231625606
21871,0.2081243835897116,1,0,1,599068,6542,104798,3158,0.0605987624587795,0.32556701030927837
21872,0.2081363808301062,4,5,4,599073,6537,104802,3154,0.060552447293341735,0.32545660922505415
21873,0.2081525251956968,14,26,14,599099,6511,104816,3140,0.06031160843306532,0.32535488550409286
21874,0.2081543278274512,0,2,0,599101,6509,104816,3140,0.06029308236689022,0.32542232355684525
21875,0.2081552245133836,3,1,3,599102,6508,104819,3137,0.06028381933380266,0.32524624157594606
21876,0.2081611324838799,1,2,1,599104,6506,104820,3136,0.06026529326762755,0.32524372536818086
21877,0.2081741377780113,1,0,1,599104,6506,104821,3135,0.06026529326762755,0.32517373716419457
21878,0.2081807306426333,2,3,2,599107,6503,104823,3133,0.06023750416836489,0.3251349107513491
21879,0.2081874410015528,1,1,1,599108,6502,104824,3132,0.06022824113527733,0.32509860909279636
21880,0.2081969070971726,6,18,6,599126,6484,104830,3126,0.06006150653970136,0.32528616024973983
21881,0.2081977261013734,2,1,2,599127,6483,104832,3124,0.060052243506613805,0.3251795565733319
21882,0.208199946639045,6,9,6,599136,6474,104838,3118,0.059968876208825815,0.3250625521267723
21883,0.2082109972456804,0,1,0,599137,6473,104838,3118,0.059959613175738266,0.32509644458346365
21884,0.2082177405713262,5,15,5,599152,6458,104843,3113,0.05982066767942495,0.32525336955386064
21885,0.2082259218325292,0,2,0,599154,6456,104843,3113,0.05980214161324984,0.32532135019333264
21886,0.2082380171741499,0,5,0,599159,6451,104843,3113,0.05975582644781207,0.325491426181514
21887,0.2082522913777766,14,13,14,599172,6438,104857,3099,0.059635407017673864,0.3249449512425291
21888,0.2082577446908405,3,2,3,599174,6436,104860,3096,0.05961688095149876,0.32480067142257657
21889,0.2082612634638874,1,1,1,599175,6435,104861,3095,0.0596076179184112,0.3247639034627492
21890,0.2082679220623225,0,3,0,599178,6432,104861,3095,0.05957982881914854,0.3248661698331059
21891,0.2082710152776926,2,8,2,599186,6424,104863,3093,0.05950572455444811,0.32499737312178206
21892,0.2082719221800297,0,1,0,599187,6423,104863,3093,0.05949646152136055,0.325031525851198
21893,0.2082721487232612,9,26,9,599213,6397,104872,3084,0.05925562266108415,0.3252821432338361
21894,0.2082724728458729,1,2,1,599215,6395,104873,3083,0.059237096594909035,0.3252795948512344
21895,0.2082809794819828,5,2,5,599217,6393,104878,3078,0.05921857052873393,0.32499208108964206
21896,0.2082974825676725,1,2,1,599219,6391,104879,3077,0.05920004446255882,0.32498943810730885
21897,0.2083032832279668,2,2,2,599221,6389,104881,3075,0.05918151839638371,0.32491546914623837
21898,0.2083095779092932,24,27,24,599248,6362,104905,3051,0.05893141650301975,0.3241262084351429
21899,0.2083128937537871,1,2,1,599250,6360,104906,3050,0.05891289043684464,0.3241232731137088
21900,0.2083188365527254,0,1,0,599251,6359,104906,3050,0.05890362740375708,0.32415772133064086
21901,0.2083204075190769,0,2,0,599253,6357,104906,3050,0.05888510133758198,0.32422663973636656
21902,0.2083220134850617,0,2,0,599255,6355,104906,3050,0.05886657527140687,0.3242955874534822
21903,0.2083241144179238,2,1,2,599256,6354,104908,3048,0.05885731223831932,0.3241863433312061
21904,0.2083252922993725,1,5,1,599261,6349,104909,3047,0.058810997072881545,0.3242869306087697
21905,0.2083490127453976,0,6,0,599267,6343,104909,3047,0.058755418874356216,0.3244941427050053
21906,0.2083552489226294,0,1,0,599268,6342,104909,3047,0.05874615584126867,0.32452870380232185
21907,0.20836205432134,1,0,1,599268,6342,104910,3046,0.05874615584126867,0.3244567533020878
21908,0.2083786780948356,0,2,0,599270,6340,104910,3046,0.058727629775093555,0.3245258896228425
21909,0.2083792830522158,4,9,4,599279,6331,104914,3042,0.058644262477305566,0.3245492371705964
21910,0.2083844544889303,7,27,7,599306,6304,104921,3035,0.058394160583941604,0.3249812613770211
21911,0.2083919957213641,19,38,19,599344,6266,104940,3016,0.05804216532661455,0.32492997198879553
21912,0.2083956141894191,2,4,2,599348,6262,104942,3014,0.05800511319426433,0.32492453643811986
21913,0.2083998087778405,1,1,1,599349,6261,104943,3013,0.057995850161176775,0.3248867802458486
21914,0.2084141093159893,1,5,1,599354,6256,104944,3012,0.057949534995739,0.3249892101855848
21915,0.2084141234684506,2,2,2,599356,6254,104946,3010,0.0579310089295639,0.32491364421416236
21916,0.2084214778242136,0,1,0,599357,6253,104946,3010,0.05792174589647634,0.3249487207168304
21917,0.2084336150564833,2,6,2,599363,6247,104948,3008,0.05786616769795102,0.3250135062128579
21918,0.208459773184524,2,0,2,599363,6247,104950,3006,0.05786616769795102,0.3248676105047012
21919,0.2084631592733125,3,4,3,599367,6243,104953,3003,0.0578291155656008,0.3247890979883193
21920,0.2084713695129838,12,12,12,599379,6231,104965,2991,0.05771795916855015,0.3243331164606376
21921,0.2084745720150144,2,3,2,599382,6228,104967,2989,0.057690170069287484,0.3242920690029294
21922,0.2084782455903963,7,12,7,599394,6216,104974,2982,0.057579013672236834,0.3242009132420091
21923,0.2084795599846994,0,2,0,599396,6214,104974,2982,0.05756048760606173,0.32427142235754675
21924,0.20848432877825,0,1,0,599397,6213,104974,2982,0.05755122457297417,0.3243066884176183
21925,0.20848524250425,0,1,0,599398,6212,104974,2982,0.05754196153988662,0.3243419621492278
21926,0.2084860848569739,1,0,1,599398,6212,104975,2981,0.05754196153988662,0.3242684651365169
21927,0.208496912088504,0,1,0,599399,6211,104975,2981,0.05753269850679907,0.32430374238468235
21928,0.2084985904944662,8,15,8,599414,6196,104983,2973,0.05739375301048576,0.3242447377031301
21929,0.2085014876527845,4,10,4,599424,6186,104987,2969,0.05730112267961021,0.3243036592026215
21930,0.2085016433617084,0,1,0,599425,6185,104987,2969,0.057291859646522655,0.324339086738038
21931,0.2085191070349365,1,1,1,599426,6184,104988,2968,0.057282596613435106,0.3243006993006993
21932,0.2085194089637539,1,1,1,599427,6183,104989,2967,0.05727333358034755,0.3242622950819672
21933,0.2085202994515905,2,10,2,599437,6173,104991,2965,0.057180703249472005,0.3244692492886846
21934,0.2085217443132739,1,4,1,599441,6169,104992,2964,0.05714365111712179,0.3245373918756159
21935,0.2085229153316607,0,1,0,599442,6168,104992,2964,0.05713438808403424,0.32457293035479634
21936,0.2085291600807993,3,6,3,599448,6162,104995,2961,0.05707880988550891,0.32456428806313714
21937,0.2085305750719955,2,0,2,599448,6162,104997,2959,0.05707880988550891,0.3244161824361364
21938,0.2085324940635949,6,3,6,599451,6159,105003,2953,0.05705102078624625,0.3240781387181738
21939,0.2085377279610044,3,0,3,599451,6159,105006,2950,0.05705102078624625,0.32385552750027446
21940,0.2085429727285744,0,2,0,599453,6157,105006,2950,0.05703249472007114,0.32392664982980124
21941,0.2085528788179795,0,1,0,599454,6156,105006,2950,0.05702323168698359,0.3239622227103009
21942,0.2085611234320143,1,3,1,599457,6153,105007,2949,0.05699544258772092,0.3239947264337508
21943,0.2085705660354509,9,16,9,599473,6137,105016,2940,0.056847234058320054,0.3238955602071169
21944,0.208576404569905,2,2,2,599475,6135,105018,2938,0.05682870799214495,0.3238179213049708
21945,0.2085773446924549,2,8,2,599483,6127,105020,2936,0.056754603727444515,0.3239545404391482
21946,0.2085844597582575,1,2,1,599485,6125,105021,2935,0.0567360776612694,0.3239514348785872
21947,0.2085903162401826,1,5,1,599490,6120,105022,2934,0.05668976249583164,0.3240556660039761
21948,0.2085906677700797,5,2,5,599492,6118,105027,2929,0.056671236429656525,0.3237537305184039
21949,0.2085953450176313,7,14,7,599506,6104,105034,2922,0.05654155396643077,0.323731442499446
21950,0.2085993060298915,1,0,1,599506,6104,105035,2921,0.05654155396643077,0.32365650969529086
21951,0.2086264795223369,0,1,0,599507,6103,105035,2921,0.056532290933343214,0.32369237588652483
21952,0.208628418178773,0,1,0,599508,6102,105035,2921,0.05652302790025566,0.323728250027707
21953,0.2086407574363299,8,18,8,599526,6084,105043,2913,0.056356293304679686,0.3237745915305102
21954,0.2086415913113768,4,8,4,599534,6076,105047,2909,0.05628218903997925,0.32376182526432945
21955,0.2086508833469094,3,8,3,599542,6068,105050,2906,0.05620808477527882,0.32382438154669047
21956,0.2086537289840576,22,33,22,599575,6035,105072,2884,0.05590240468338953,0.32335463616997423
21957,0.2086655443497169,3,4,3,599579,6031,105075,2881,0.05586535255103931,0.32327199281867147
21958,0.2086848955430882,5,6,5,599585,6025,105080,2876,0.05580977435251399,0.3231097629479834
21959,0.2086955660323239,5,5,5,599590,6020,105085,2871,0.05576345918707622,0.3229108086829378
21960,0.2087111465058962,1,1,1,599591,6019,105086,2870,0.05575419615398866,0.3228709641129486
21961,0.2087156503297287,0,2,0,599593,6017,105086,2870,0.055735670087813556,0.3229436255204231
21962,0.2087332388597345,0,3,0,599596,6014,105086,2870,0.05570788098855089,0.32305267897343537
21963,0.2087375016704071,0,1,0,599597,6013,105086,2870,0.05569861795546334,0.32308904649330183
21964,0.2087543167961266,3,7,3,599604,6006,105089,2867,0.055633776723850455,0.3231150681843796
21965,0.2087746198976259,3,4,3,599608,6002,105092,2864,0.05559672459150024,0.32303180690277467
21966,0.2087770053471207,0,1,0,599609,6001,105092,2864,0.05558746155841269,0.3230682459108855
21967,0.2087820896536075,3,1,3,599610,6000,105095,2861,0.05557819852532513,0.3228755219501185
21968,0.2087865516277304,1,0,1,599610,6000,105096,2860,0.05557819852532513,0.3227990970654628
21969,0.2087891868006104,2,1,2,599611,5999,105098,2858,0.05556893549223758,0.32268262391328895
21970,0.2087909477045699,0,3,0,599614,5996,105098,2858,0.055541146392974916,0.3227919584368647
21971,0.2088001315082057,3,15,3,599629,5981,105101,2855,0.055402200896661605,0.3231100045269353
21972,0.2088038299609986,1,0,1,599629,5981,105102,2854,0.055402200896661605,0.323033389926429
21973,0.2088094772113918,0,1,0,599630,5980,105102,2854,0.05539293786357405,0.3230699569843785
21974,0.2088149033837527,0,5,0,599635,5975,105102,2854,0.055346622698136276,0.32325291652508775
21975,0.2088177295400017,17,24,17,599659,5951,105119,2837,0.055124309904034975,0.32282658170232137
21976,0.2088212163057502,1,4,1,599663,5947,105120,2836,0.05508725777168476,0.3228965046111807
21977,0.208821982848884,1,4,1,599667,5943,105121,2835,0.05505020563933454,0.3229665071770335
21978,0.2088271053543802,1,1,1,599668,5942,105122,2834,0.05504094260624699,0.322926162260711
21979,0.208844940607644,1,6,1,599674,5936,105123,2833,0.054985364407721664,0.32306990534838637
21980,0.208855690357965,3,3,3,599677,5933,105126,2830,0.054957575308459,0.3229487618395527
21981,0.2088597672874355,2,3,2,599680,5930,105128,2828,0.05492978620919634,0.32290477277917334
21982,0.2088672427048736,21,14,21,599694,5916,105149,2807,0.05480010374597058,0.32179296113722344
21983,0.2088690429965532,0,1,0,599695,5915,105149,2807,0.054790840712883024,0.3218298555377207
21984,0.2088785880091331,2,5,2,599700,5910,105151,2805,0.05474452554744526,0.3218588640275387
21985,0.2088843360297488,5,5,5,599705,5905,105156,2800,0.054698210382007485,0.32165422171165997
21986,0.2089025768497032,0,1,0,599706,5904,105156,2800,0.05468894734891993,0.32169117647058826
21987,0.2089122248574931,1,0,1,599706,5904,105157,2799,0.05468894734891993,0.3216132368148914
21988,0.208931973207696,0,1,0,599707,5903,105157,2799,0.05467968431583237,0.3216501953573891
21989,0.2089470248719298,6,11,6,599718,5892,105163,2793,0.05457779095186928,0.32158894645941277
21990,0.2089473843938105,0,2,0,599720,5890,105163,2793,0.054559264885694174,0.32166301969365424
21991,0.2089592161635328,4,6,4,599726,5884,105167,2789,0.054503686687168845,0.32157269687536033
21992,0.2089659895935782,1,6,1,599732,5878,105168,2788,0.054448108488643523,0.32171705515808907
21993,0.2089678305169426,3,1,3,599733,5877,105171,2785,0.05443884545555597,0.3215192796120988
21994,0.2089849434256997,10,13,10,599746,5864,105181,2775,0.05431842602541776,0.3212177335339738
21995,0.2089886333632046,1,2,1,599748,5862,105182,2774,0.054299899959242656,0.3212135247799907
21996,0.2090150387782525,0,5,0,599753,5857,105182,2774,0.05425358479380488,0.32139960607113893
21997,0.2090189451289538,12,22,12,599775,5835,105194,2762,0.054049798065878694,0.3212748633244155
21998,0.2090232410968744,1,4,1,599779,5831,105195,2761,0.05401274593352848,0.32134543761638734
21999,0.209028688986074,0,1,0,599780,5830,105195,2761,0.05400348290044092,0.3213828425096031
22000,0.2090312432608177,11,14,11,599794,5816,105206,2750,0.05387380043721516,0.3210366565491478
22001,0.2090367492264674,3,5,3,599799,5811,105209,2747,0.053827485271777394,0.32098621173171304
22002,0.2090390426841466,1,0,1,599799,5811,105210,2746,0.053827485271777394,0.32090685988079937
22003,0.2090624661690674,2,5,2,599804,5806,105212,2744,0.05378117010633962,0.3209356725146199
22004,0.2090653441024523,0,1,0,599805,5805,105212,2744,0.053771907073252065,0.3209732132413148
22005,0.209079366524627,1,6,1,599811,5799,105213,2743,0.05371632887472674,0.3211191758370405
22006,0.2090795489533749,0,3,0,599814,5796,105213,2743,0.053688539775464075,0.3212319943787329
22007,0.2090831024052083,1,4,1,599818,5792,105214,2742,0.05365148764311386,0.3213030232013124
22008,0.2090892346832218,5,1,5,599819,5791,105219,2737,0.05364222461002631,0.3209427767354597
22009,0.2090898230484077,0,2,0,599821,5789,105219,2737,0.0536236985438512,0.32101806239737274
22010,0.2090921017299491,2,1,2,599822,5788,105221,2735,0.05361443551076364,0.32089639798193126
22011,0.2090984987066931,0,2,0,599824,5786,105221,2735,0.05359590944458854,0.3209717169346321
22012,0.2091001389964781,1,0,1,599824,5786,105222,2734,0.05359590944458854,0.3208920187793427
22013,0.2091149516258218,1,2,1,599826,5784,105223,2733,0.053577383378413425,0.3208876364917224
22014,0.2091164443974922,0,1,0,599827,5783,105223,2733,0.053568120345325876,0.32092531705025834
22015,0.2091170542348523,2,10,2,599837,5773,105225,2731,0.05347549001445033,0.32114299153339604
22016,0.2091235238626236,1,3,1,599840,5770,105226,2730,0.05344770091518767,0.3211764705882353
22017,0.2091311723253948,1,2,1,599842,5768,105227,2729,0.05342917484901256,0.3211721784159115
22018,0.2091382957381706,0,1,0,599843,5767,105227,2729,0.05341991181592501,0.3212099811676083
22019,0.20914296169725,9,16,9,599859,5751,105236,2720,0.05327170328652414,0.3210955023019714
22020,0.2091438913365095,1,3,1,599862,5748,105237,2719,0.053243914187261474,0.3211290894059289
22021,0.2091483529714094,0,1,0,599863,5747,105237,2719,0.053234651154173925,0.32116702102527755
22022,0.209161322819903,3,4,3,599867,5743,105240,2716,0.05319759902182371,0.3210781416243055
22023,0.2091805853822447,1,1,1,599868,5742,105241,2715,0.05318833598873615,0.3210358283079106
22024,0.20918297988517,27,47,27,599915,5695,105268,2688,0.052752973433621106,0.3206489323631158
22025,0.2091831596418533,0,2,0,599917,5693,105268,2688,0.052734447367445994,0.32072545042357714
22026,0.2091853265434449,1,0,1,599917,5693,105269,2687,0.052734447367445994,0.32064439140811457
22027,0.2091886099451561,0,1,0,599918,5692,105269,2687,0.052725184334358445,0.32068265902852366
22028,0.2091908465704066,0,1,0,599919,5691,105269,2687,0.05271592130127089,0.3207209357841967
22029,0.2092113197588027,1,0,1,599919,5691,105270,2686,0.05271592130127089,0.3206398472006685
22030,0.2092178815951727,1,2,1,599921,5689,105271,2685,0.05269739523509578,0.32063529973728205
22031,0.2092220656278368,2,1,2,599922,5688,105273,2683,0.05268813220200823,0.32051128897383824
22032,0.2092328341498863,0,4,0,599926,5684,105273,2683,0.05265108006965801,0.32066451535795387
22033,0.2092470727545413,6,17,6,599943,5667,105279,2677,0.05249360850716959,0.3208293384467881
22034,0.2092727896971412,6,12,6,599955,5655,105285,2671,0.05238245211011894,0.32080230602930576
22035,0.2092728366868871,0,3,0,599958,5652,105285,2671,0.05235466301085628,0.32091793824342185
22036,0.2092929012026782,0,1,0,599959,5651,105285,2671,0.05234539997776872,0.32095650084114397
22037,0.2092930626741909,0,2,0,599961,5649,105285,2671,0.05232687391159361,0.32103365384615384
22038,0.2092936263629801,8,24,8,599985,5625,105293,2663,0.052104561117492315,0.32130791505791506
22039,0.2092958009372797,0,1,0,599986,5624,105293,2663,0.05209529808440476,0.32134668758296125
22040,0.2093000349897403,0,1,0,599987,5623,105293,2663,0.0520860350513172,0.3213854694665701
22041,0.2093018628097878,0,4,0,599991,5619,105293,2663,0.052048982918966986,0.3215406906544313
22042,0.2093104625245519,2,0,2,599991,5619,105295,2661,0.052048982918966986,0.3213768115942029
22043,0.209324595497909,1,1,1,599992,5618,105296,2660,0.05203971988587943,0.32133365547233633
22044,0.2093278068615838,5,5,5,599997,5613,105301,2655,0.051993404720441665,0.3211175616835994
22045,0.2093414958534686,1,4,1,600001,5609,105302,2654,0.05195635258809145,0.3211908507805882
22046,0.2093452317340499,1,2,1,600003,5607,105303,2653,0.051937826521916336,0.3211864406779661
22047,0.2093464339632388,1,0,1,600003,5607,105304,2652,0.051937826521916336,0.32110424990918995
22048,0.2093538161466974,0,3,0,600006,5604,105304,2652,0.051910037422653675,0.32122093023255816
22049,0.2093564754180659,5,9,5,600015,5595,105309,2647,0.051826670124865686,0.3211599126425625
22050,0.2093610536481152,2,2,2,600017,5593,105311,2645,0.05180814405869058,0.3210730759893178
22051,0.2093770809546634,1,2,1,600019,5591,105312,2644,0.05178961799251547,0.32106860959319977
22052,0.2094060206653511,4,1,4,600020,5590,105316,2640,0.05178035495942791,0.32077764277035237
22053,0.2094140695350499,0,2,0,600022,5588,105316,2640,0.05176182889325281,0.32085561497326204
22054,0.2094282051232465,4,8,4,600030,5580,105320,2636,0.051687724628552374,0.32083739045764365
22055,0.2094375748647774,0,1,0,600031,5579,105320,2636,0.05167846159546482,0.320876445526476
22056,0.2094469968268305,0,2,0,600033,5577,105320,2636,0.05165993552928971,0.32095458419578715
22057,0.2094543949011543,0,1,0,600034,5576,105320,2636,0.05165067249620216,0.3209936678032148
22058,0.2094569371506062,1,0,1,600034,5576,105321,2635,0.05165067249620216,0.32091097308488614
22059,0.2094870666899104,0,1,0,600035,5575,105321,2635,0.0516414094631146,0.3209500609013398
22060,0.2095031554886234,0,1,0,600036,5574,105321,2635,0.051632146430027046,0.32098915824095503
22061,0.2095063722395879,6,10,6,600046,5564,105327,2629,0.05153951609915151,0.3208836811912608
22062,0.2095094226073606,3,5,3,600051,5559,105330,2626,0.051493200933713734,0.3208307880268784
22063,0.2095314780053075,1,3,1,600054,5556,105331,2625,0.05146541183445107,0.32086541987532086
22064,0.2095321943651278,1,3,1,600057,5553,105332,2624,0.05143762273518841,0.32090008560596794
22065,0.2095349190259828,3,9,3,600066,5544,105335,2621,0.05135425543740042,0.3210042865890998
22066,0.209541969538528,0,1,0,600067,5543,105335,2621,0.05134499240431287,0.32104360607545324
22067,0.2095514583998005,0,4,0,600071,5539,105335,2621,0.05130794027196265,0.3212009803921569
22068,0.2095583746783094,0,1,0,600072,5538,105335,2621,0.051298677238875094,0.3212403480818728
22069,0.2095715478683873,3,7,3,600079,5531,105338,2618,0.051233836007262216,0.3212664130568168
22070,0.2095725918533935,7,6,7,600085,5525,105345,2611,0.051178257808736895,0.32091937069813176
22071,0.2095747162237666,1,8,1,600093,5517,105346,2610,0.05110415354403646,0.3211517165005537
22072,0.2095850484191052,0,2,0,600095,5515,105346,2610,0.05108562747786135,0.3212307692307692
22073,0.2096006584134448,5,5,5,600100,5510,105351,2605,0.05103931231242358,0.32101047443006775
22074,0.2096081467438848,5,6,5,600106,5504,105356,2600,0.050983734113898255,0.32082922013820336
22075,0.2096106492381279,0,5,0,600111,5499,105356,2600,0.05093741894846048,0.32102728731942215
22076,0.2096155438357589,1,4,1,600115,5495,105357,2599,0.050900366816110265,0.32110205090190264
22077,0.2096191932916975,0,2,0,600117,5493,105357,2599,0.05088184074993516,0.32118141374196735
22078,0.2096264507170049,3,6,3,600123,5487,105360,2596,0.05082626255140983,0.32116788321167883
22079,0.2096524600021186,2,5,2,600128,5482,105362,2594,0.050779947385972066,0.32119861317483905
22080,0.2096553571604369,1,1,1,600129,5481,105363,2593,0.05077068435288451,0.3211543225167203
22081,0.2096566091542485,39,72,39,600201,5409,105402,2554,0.05010374597058061,0.32073339193771194
22082,0.2096581797110271,2,1,2,600202,5408,105404,2552,0.05009448293749305,0.32060301507537686
22083,0.20966726067868,4,8,4,600210,5400,105408,2548,0.05002037867279262,0.3205837946653246
22084,0.2096715594877599,19,20,19,600230,5380,105427,2529,0.04983511801104153,0.31976229611834617
22085,0.2096821164157434,0,2,0,600232,5378,105427,2529,0.04981659194486643,0.31984317693183256
22086,0.2096946624730749,0,2,0,600234,5376,105427,2529,0.04979806587869132,0.3199240986717268
22087,0.2097166375833671,1,6,1,600240,5370,105428,2528,0.049742487680165995,0.32008103317295516
22088,0.2097184012312636,2,5,2,600245,5365,105430,2526,0.04969617251472822,0.32011151945254085
22089,0.209741723490771,0,1,0,600246,5364,105430,2526,0.049686909481640666,0.32015209125475286
22090,0.2097609672191952,0,1,0,600247,5363,105430,2526,0.04967764644855312,0.32019267334262896
22091,0.2097686982063832,1,5,1,600252,5358,105431,2525,0.049631331283115344,0.3203095268298871
22092,0.2097715519362022,3,8,3,600260,5350,105434,2522,0.04955722701841491,0.3203760162601626
22093,0.2097723952408893,1,0,1,600260,5350,105435,2521,0.04955722701841491,0.32028967094397154
22094,0.2097811504639233,0,2,0,600262,5348,105435,2521,0.0495387009522398,0.32037107637565126
22095,0.2097917096224655,2,3,2,600265,5345,105437,2519,0.04951091185297714,0.3203204476093591
22096,0.2098052024670499,1,3,1,600268,5342,105438,2518,0.04948312275371448,0.3203562340966921
22097,0.2098132842259143,0,2,0,600270,5340,105438,2518,0.049464596687539365,0.32043777042504457
22098,0.209814007623678,1,2,1,600272,5338,105439,2517,0.04944607062136426,0.32043284532145133
22099,0.2098153265639104,0,1,0,600273,5337,105439,2517,0.049436807588276704,0.3204736440030558
22100,0.2098216604647008,2,4,2,600277,5333,105441,2515,0.04939975545592649,0.3204638124362895
22101,0.2098258673638328,3,14,3,600291,5319,105444,2512,0.04927007299270073,0.3207764014812923
22102,0.2098377227229698,0,2,0,600293,5317,105444,2512,0.04925154692652562,0.3208583471707753
22103,0.2098583521494335,3,5,3,600298,5312,105447,2509,0.04920523176108785,0.32080296637258665
22104,0.2098706704958323,0,1,0,600299,5311,105447,2509,0.0491959687280003,0.320843989769821
22105,0.2098776731646005,2,1,2,600300,5310,105449,2507,0.04918670569491274,0.32071127030830243
22106,0.2098850732085758,12,19,12,600319,5291,105461,2495,0.049010708066249214,0.3204469560750064
22107,0.2098965848279858,0,4,0,600323,5287,105461,2495,0.048973655933899,0.3206116679516834
22108,0.2099002561471722,3,9,3,600332,5278,105464,2492,0.04889028863611101,0.3207207207207207
22109,0.2099113272513715,1,2,1,600334,5276,105465,2491,0.0488717625699359,0.32071584910518863
22110,0.2099235445754979,1,0,1,600334,5276,105466,2490,0.0488717625699359,0.3206283801184651
22111,0.2099293900075216,6,6,6,600340,5270,105472,2484,0.048816184371410574,0.32035078669074024
22112,0.2099376990150349,12,15,12,600355,5255,105484,2472,0.04867723887509726,0.31991717354730165
22113,0.2099402207113029,9,16,9,600371,5239,105493,2463,0.048529030345696396,0.31978706829394965
22114,0.2099533470154509,3,5,3,600376,5234,105496,2460,0.04848271518025862,0.3197296594749155
22115,0.2099534011572627,0,3,0,600379,5231,105496,2460,0.04845492608099596,0.31985437524379146
22116,0.2099540010158581,2,2,2,600381,5229,105498,2458,0.04843640001482085,0.31976063483803824
22117,0.2099551516743093,6,13,6,600394,5216,105504,2452,0.04831598058468265,0.31977047470005215
22118,0.2099731646352299,0,1,0,600395,5215,105504,2452,0.048306717551595095,0.31981218207904005
22119,0.2099758523565364,1,3,1,600398,5212,105505,2451,0.048278928452332434,0.3198486232546
22120,0.2099802874362189,1,1,1,600399,5211,105506,2450,0.04826966541924488,0.3198015924813993
22121,0.2099805305601051,0,1,0,600400,5210,105506,2450,0.04826040238615732,0.3198433420365535
22122,0.2099810728326927,0,2,0,600402,5208,105506,2450,0.04824187631998222,0.31992687385740404
22123,0.2099815855746343,0,1,0,600403,5207,105506,2450,0.04823261328689466,0.31996865613164427
22124,0.2100027150180007,2,4,2,600407,5203,105508,2448,0.048195561154544445,0.31995817540190824
22125,0.2100068790418621,0,1,0,600408,5202,105508,2448,0.04818629812145689,0.32
22126,0.2100168443643999,1,0,1,600408,5202,105509,2447,0.04818629812145689,0.3199110994901294
22127,0.2100208950318842,0,2,0,600410,5200,105509,2447,0.048167772055281784,0.3199947691905322
22128,0.2100418697406154,0,1,0,600411,5199,105509,2447,0.04815850902219423,0.3200366204551399
22129,0.2100436258405968,0,2,0,600413,5197,105509,2447,0.048139982956019116,0.32012035583464155
22130,0.2100531463097776,3,7,3,600420,5190,105512,2444,0.04807514172440624,0.3201467120775478
22131,0.2100678552936213,3,6,3,600426,5184,105515,2441,0.048019563525880916,0.3201311475409836
22132,0.2100715416116977,0,1,0,600427,5183,105515,2441,0.04801030049279336,0.32017313746065057
22133,0.2100739919955504,0,1,0,600428,5182,105515,2441,0.048001037459705805,0.3202151383969566
22134,0.2100829258081254,1,4,1,600432,5178,105516,2440,0.04796398532735559,0.3202940404305592
22135,0.2100879966926743,5,11,5,600443,5167,105521,2435,0.04786209196339249,0.3203104446198369
22136,0.2101013255428769,1,3,1,600446,5164,105522,2434,0.04783430286412983,0.32034745985785734
22137,0.2101089533226773,1,5,1,600451,5159,105523,2433,0.04778798769869206,0.32046891464699684
22138,0.21011074750493,1,0,1,600451,5159,105524,2432,0.04778798769869206,0.3203793966539323
22139,0.2101154324620214,0,1,0,600452,5158,105524,2432,0.047778724665604504,0.32042160737812914
22140,0.2101209221117853,2,1,2,600453,5157,105526,2430,0.047769461632516955,0.3202846975088968
22141,0.2101355983431267,1,1,1,600454,5156,105527,2429,0.0477601985994294,0.3202373104812129
22142,0.2101469120300042,0,1,0,600455,5155,105527,2429,0.04775093556634184,0.3202795358649789
22143,0.2101471017481476,2,0,2,600455,5155,105529,2427,0.04775093556634184,0.3201002374043788
22144,0.2101543833882471,0,2,0,600457,5153,105529,2427,0.04773240950016674,0.3201846965699208
22145,0.2101693143512535,1,9,1,600466,5144,105530,2426,0.04764904220237875,0.32047556142668426
22146,0.2101695467189498,0,1,0,600467,5143,105530,2426,0.04763977916929119,0.32051790196855595
22147,0.2101712274723455,0,7,0,600474,5136,105530,2426,0.047574937937678315,0.32081459931235123
22148,0.2101813460079587,0,1,0,600475,5135,105530,2426,0.04756567490459076,0.32085702949345324
22149,0.210182557851079,4,5,4,600480,5130,105534,2422,0.047519359739152986,0.3207097457627119
22150,0.2101923123332036,0,1,0,600481,5129,105534,2422,0.04751009670606544,0.3207522182492385
22151,0.2101936351942659,0,1,0,600482,5128,105534,2422,0.04750083367297788,0.32079470198675497
22152,0.210195228683407,5,10,5,600492,5118,105539,2417,0.047408203342102335,0.3207697412076974
22153,0.2102029426054636,1,0,1,600492,5118,105540,2416,0.047408203342102335,0.320679585877356
22154,0.210205559416974,2,0,2,600492,5118,105542,2414,0.047408203342102335,0.32049920339883164
22155,0.2102131231682317,0,3,0,600495,5115,105542,2414,0.047380414242839675,0.3206269092841015
22156,0.2102237531506902,1,0,1,600495,5115,105543,2413,0.047380414242839675,0.3205366631243358
22157,0.210238864566724,9,11,9,600506,5104,105552,2404,0.04727852087887658,0.32019179541822057
22158,0.2102399313808544,1,0,1,600506,5104,105553,2403,0.04727852087887658,0.32010123884374586
22159,0.2102429492875183,7,10,7,600516,5094,105560,2396,0.047185890548001035,0.3198931909212283
22160,0.2102537955297304,12,37,12,600553,5057,105572,2384,0.046843158323761534,0.32038704475204943
22161,0.2102572172570979,3,3,3,600556,5054,105575,2381,0.046815369224498866,0.32024209818426363
22162,0.2102640376586345,1,1,1,600557,5053,105576,2380,0.04680610619141132,0.3201937306605677
22163,0.210265608624986,1,2,1,600559,5051,105577,2379,0.046787580125236206,0.3201884253028264
22164,0.2102693864518542,0,3,0,600562,5048,105577,2379,0.046759791025973545,0.32031775952605357
22165,0.2102773933702759,1,1,1,600563,5047,105578,2378,0.04675052799288599,0.32026936026936026
22166,0.2102841361570945,0,1,0,600564,5046,105578,2378,0.04674126495979844,0.3203125
22167,0.2102843155236242,1,2,1,600566,5044,105579,2377,0.04672273889362333,0.3203072362215335
22168,0.2103033441247295,1,2,1,600568,5042,105580,2376,0.04670421282744822,0.3203019681854947
22169,0.2103055195934672,1,0,1,600568,5042,105581,2375,0.04670421282744822,0.3202103276257247
22170,0.2103092784052851,1,0,1,600568,5042,105582,2374,0.04670421282744822,0.3201186623516721
22171,0.2103165231153889,0,1,0,600569,5041,105582,2374,0.04669494979436067,0.32016183412002697
22172,0.2103342361705641,0,1,0,600570,5040,105582,2374,0.04668568676127311,0.3202050175343944
22173,0.2103350847887296,0,1,0,600571,5039,105582,2374,0.046676423728185555,0.3202482125994874
22174,0.2103363246715933,5,9,5,600580,5030,105587,2369,0.04659305643039757,0.32017840248682256
22175,0.2103402367188178,0,2,0,600582,5028,105587,2369,0.04657453036422246,0.32026497228606193
22176,0.2103446432976495,1,2,1,600584,5026,105588,2368,0.046556004298047356,0.3202596700027049
22177,0.2103459218712005,4,10,4,600594,5016,105592,2364,0.04646337396717181,0.3203252032520325
22178,0.21035854891269,1,0,1,600594,5016,105593,2363,0.04646337396717181,0.32023309391516463
22179,0.2103606767857413,1,4,1,600598,5012,105594,2362,0.04642632183482159,0.3203146189313805
22180,0.2103815912220096,0,1,0,600599,5011,105594,2362,0.04641705880173404,0.3203580632035806
22181,0.210393759583762,9,13,9,600612,4998,105603,2353,0.04629663937159584,0.3200925044211672
22182,0.2103940790228815,1,1,1,600613,4997,105604,2352,0.04628737633850828,0.32004354333922985
22183,0.2103977276719683,2,1,2,600614,4996,105606,2350,0.046278113305420726,0.3199019874761775
22184,0.2104003772585868,3,0,3,600614,4996,105609,2347,0.046278113305420726,0.31962413182622906
22185,0.2104041234721846,4,1,4,600615,4995,105613,2343,0.04626885027233317,0.31929681112019626
22186,0.2104156411039468,0,1,0,600616,4994,105613,2343,0.04625958723924562,0.3193403298350825
22187,0.2104174316174241,1,0,1,600616,4994,105614,2342,0.04625958723924562,0.319247546346783
22188,0.2104195659672065,0,3,0,600619,4991,105614,2342,0.04623179813998295,0.3193781535524342
22189,0.2104234466963055,4,3,4,600622,4988,105618,2338,0.04620400904072029,0.31913731913731913
22190,0.2104247178972947,2,2,2,600624,4986,105620,2336,0.04618548297454519,0.31903851406719475
22191,0.2104321534410916,1,1,1,600625,4985,105621,2335,0.04617621994145763,0.31898907103825136
22192,0.2104622296501525,3,6,3,600631,4979,105624,2332,0.0461206417429323,0.3189714129394064
22193,0.2104660477658509,0,1,0,600632,4978,105624,2332,0.046111378709844754,0.319015047879617
22194,0.2104743611867083,0,1,0,600633,4977,105624,2332,0.0461021156767572,0.3190586947598851
22195,0.210486428092726,9,15,9,600648,4962,105633,2323,0.04596317018044389,0.31887439945092655
22196,0.2104927067056713,0,1,0,600649,4961,105633,2323,0.04595390714735633,0.31891817682591983
22197,0.2104982988340387,2,1,2,600650,4960,105635,2321,0.045944644114268775,0.31877489355857713
22198,0.2105216056758141,0,1,0,600651,4959,105635,2321,0.04593538108118122,0.3188186813186813
22199,0.2105284478568054,8,15,8,600666,4944,105643,2313,0.04579643558486791,0.3187267465894998
22200,0.2105376085009941,0,2,0,600668,4942,105643,2313,0.0457779095186928,0.3188146106133701
22201,0.2105384982305763,1,0,1,600668,4942,105644,2312,0.0457779095186928,0.31872070581748
22202,0.2105622569211419,4,4,4,600672,4938,105648,2308,0.045740857386342586,0.3185205630692796
22203,0.2105639241863053,0,1,0,600673,4937,105648,2308,0.04573159435325503,0.3185645272601794
22204,0.2105648565166102,0,1,0,600674,4936,105648,2308,0.045722331320167474,0.31860850358917725
22205,0.2105658150069818,0,1,0,600675,4935,105648,2308,0.045713068287079925,0.3186524920613006
22206,0.2105748394626855,1,4,1,600679,4931,105649,2307,0.04567601615472971,0.3187344570323294
22207,0.2105771878841483,2,8,2,600687,4923,105651,2305,0.045601911890029274,0.3188987271721085
22208,0.2105815219666729,3,6,3,600693,4917,105654,2302,0.045546333691503946,0.31888073140324147
22209,0.2105827800125156,2,1,2,600694,4916,105656,2300,0.04553707065841639,0.3187361419068736
22210,0.210584824872667,0,1,0,600695,4915,105656,2300,0.04552780762532884,0.31878031878031876
22211,0.2106079222607063,7,11,7,600706,4904,105663,2293,0.04542591426136574,0.3186049742948451
22212,0.2106080512000421,2,13,2,600719,4891,105665,2291,0.04530549483122754,0.31899192425508216
22213,0.2106174145323798,0,1,0,600720,4890,105665,2291,0.045296231798139984,0.31903634591282554
22214,0.2106189027844324,0,1,0,600721,4889,105665,2291,0.04528696876505243,0.3190807799442897
22215,0.2106201459828166,2,0,2,600721,4889,105667,2289,0.04528696876505243,0.31889105600445805
22216,0.2106272107239736,1,3,1,600724,4886,105668,2288,0.04525917966578977,0.3189294675216058
22217,0.2106282692604853,2,6,2,600730,4880,105670,2286,0.04520360146726444,0.31900641920178624
22218,0.2106285762819778,7,5,7,600735,4875,105677,2279,0.04515728630182667,0.3185630416550182
22219,0.2106466424530522,1,1,1,600736,4874,105678,2278,0.04514802326873912,0.31851230425055926
22220,0.2106593206411625,3,5,3,600741,4869,105681,2275,0.045101708103301344,0.31844904815229563
22221,0.2106625065874284,0,2,0,600743,4867,105681,2275,0.04508318203712624,0.3185382245869504
22222,0.2106670272074368,0,1,0,600744,4866,105681,2275,0.04507391900403868,0.31858283153619943
22223,0.210672631439571,1,1,1,600745,4865,105682,2274,0.04506465597095113,0.3185320072839333
22224,0.2106840745473995,2,0,2,600745,4865,105684,2272,0.04506465597095113,0.3183410396525151
22225,0.2106924034391832,55,125,55,600870,4740,105739,2217,0.04390677683500686,0.31867184131090986
22226,0.2106925382060542,13,40,13,600910,4700,105752,2204,0.04353625551150469,0.31923522595596754
22227,0.2106967309647333,1,0,1,600910,4700,105753,2203,0.04353625551150469,0.3191366072722005
22228,0.2107001916114079,1,0,1,600910,4700,105754,2202,0.04353625551150469,0.31903796001159085
22229,0.2107159253128046,1,0,1,600910,4700,105755,2201,0.04353625551150469,0.3189392841617157
22230,0.2107217622576248,0,1,0,600911,4699,105755,2201,0.04352699247841713,0.3189855072463768
22231,0.2107358803481673,0,1,0,600912,4698,105755,2201,0.04351772944532958,0.3190317437309755
22232,0.2107429583216244,1,2,1,600914,4696,105756,2200,0.04349920337915447,0.3190255220417633
22233,0.2107471376266374,0,1,0,600915,4695,105756,2200,0.043489940346066916,0.31907179115300943
22234,0.2107576586924334,15,65,15,600980,4630,105771,2185,0.04288784319537589,0.3206162876008804
22235,0.2107623823275246,2,7,2,600987,4623,105773,2183,0.04282300196376301,0.3207464002350867
22236,0.2107634356536204,0,1,0,600988,4622,105773,2183,0.04281373893067546,0.3207935341660544
22237,0.2107663507373757,1,3,1,600991,4619,105774,2182,0.042785949831412796,0.3208351712983385
22238,0.210778043446818,3,8,3,600999,4611,105777,2179,0.04271184556671236,0.3209131075110457
22239,0.2107846727898848,4,3,4,601002,4608,105781,2175,0.0426840564674497,0.3206545776205219
22240,0.2108097288302838,3,0,3,601002,4608,105784,2172,0.0426840564674497,0.32035398230088497
22241,0.2108120688283367,0,2,0,601004,4606,105784,2172,0.04266553040127459,0.3204485098849218
22242,0.2108186983617807,0,3,0,601007,4603,105784,2172,0.04263774130201193,0.320590405904059
22243,0.2108269415521858,1,2,1,601009,4601,105785,2171,0.042619215235836824,0.32058476077968107
22244,0.2108297634812508,2,15,2,601024,4586,105787,2169,0.04248026973952351,0.32109548482605477
22245,0.2108304695108904,1,3,1,601027,4583,105788,2168,0.042452480640260845,0.3211376092430751
22246,0.2108378443484041,1,5,1,601032,4578,105789,2167,0.04240616547482308,0.3212750185322461
22247,0.2108417829813012,2,9,2,601041,4569,105791,2165,0.04232279817703509,0.3215028215028215
22248,0.2108481136200604,0,1,0,601042,4568,105791,2165,0.042313535143947534,0.3215505718104857
22249,0.2108527525663804,8,20,8,601062,4548,105799,2157,0.04212827448219645,0.32170022371364654
22250,0.2108615391884416,0,1,0,601063,4547,105799,2157,0.042119011449108894,0.32174821002386633
22251,0.2108616945249465,0,2,0,601065,4545,105799,2157,0.04210048538293379,0.3218442256042972
22252,0.2108735344627449,2,6,2,601071,4539,105801,2155,0.04204490718440846,0.3219300866447565
22253,0.210874841576858,1,4,1,601075,4535,105802,2154,0.04200785505205824,0.32202122888324114
22254,0.210876380476425,0,2,0,601077,4533,105802,2154,0.04198932898588314,0.3221175414984298
22255,0.2108822753116582,0,2,0,601079,4531,105802,2154,0.041970802919708027,0.3222139117427076
22256,0.2108901333841398,1,0,1,601079,4531,105803,2153,0.041970802919708027,0.3221125074805506
22257,0.2108959888963994,1,1,1,601080,4530,105804,2152,0.04196153988662048,0.32205926369350496
22258,0.2108965500068136,4,5,4,601085,4525,105808,2148,0.041915224721182705,0.32189420050951595
22259,0.2108984413236811,1,9,1,601094,4516,105809,2147,0.041831857423394715,0.32222722497373557
22260,0.2108992545764735,0,1,0,601095,4515,105809,2147,0.04182259439030716,0.32227559291504054
22261,0.2108993824277661,2,5,2,601100,4510,105811,2145,0.04177627922486939,0.32231404958677684
22262,0.2109061723669335,1,7,1,601107,4503,105812,2144,0.04171143799325651,0.3225515270046638
22263,0.2109094050835474,27,39,27,601146,4464,105839,2117,0.0413501797028419,0.3216836347059717
22264,0.2109108634771219,4,4,4,601150,4460,105843,2113,0.04131312757049168,0.32146660581165376
22265,0.2109122161179238,1,4,1,601154,4456,105844,2112,0.04127607543814146,0.3215590742996346
22266,0.2109154491725234,1,4,1,601158,4452,105845,2111,0.041239023305791246,0.32165168368124336
22267,0.2109313146151241,4,2,4,601160,4450,105849,2107,0.04122049723961614,0.32133597681866705
22268,0.2109347607684126,1,1,1,601161,4449,105850,2106,0.041211234206528585,0.32128146453089246
22269,0.2109462038762411,1,3,1,601164,4446,105851,2105,0.041183445107265924,0.3213249885513662
22270,0.2109518678845205,0,2,0,601166,4444,105851,2105,0.04116491904109081,0.32142311803328755
22271,0.210958814886827,0,1,0,601167,4443,105851,2105,0.041155656008003264,0.3214722052535125
22272,0.210960861654902,6,3,6,601170,4440,105857,2099,0.041127866908740596,0.3209970943569353
22273,0.2109637688057617,65,140,65,601310,4300,105922,2034,0.039831042276483014,0.32112409220082094
22274,0.2109708153116167,1,3,1,601313,4297,105923,2033,0.039803253177220346,0.3211690363349131
22275,0.2109827129955803,0,1,0,601314,4296,105923,2033,0.0397939901441328,0.3212197819560752
22276,0.210987155912512,1,4,1,601318,4292,105924,2032,0.03975693801178258,0.3213156230234029
22277,0.2109988354668291,1,2,1,601320,4290,105925,2031,0.03973841194560747,0.32130991931656383
22278,0.2110017275130885,0,2,0,601322,4288,105925,2031,0.039719885879432364,0.3214116157619877
22279,0.2110072542824461,8,12,8,601334,4276,105933,2023,0.03960872948238171,0.3211620892205112
22280,0.2110137147140469,7,19,7,601353,4257,105940,2016,0.03943273185371818,0.321377331420373
22281,0.2110157957936011,8,34,8,601387,4223,105948,2008,0.03911778872874134,0.3222596693949607
22282,0.2110372241391036,2,3,2,601390,4220,105950,2006,0.03908999962947868,0.3221972373915837
22283,0.2110385312532166,0,4,0,601394,4216,105950,2006,0.03905294749712846,0.3224043715846995
22284,0.2110432772020668,4,9,4,601403,4207,105954,2002,0.03896958019934047,0.322435174746336
22285,0.2110588833744257,0,1,0,601404,4206,105954,2002,0.038960317166252915,0.3224871134020619
22286,0.2110593244202965,1,1,1,601405,4205,105955,2001,0.038951054133165366,0.32242990654205606
22287,0.2110616451733787,1,0,1,601405,4205,105956,2000,0.038951054133165366,0.32232070910556004
22288,0.2110622553407614,0,2,0,601407,4203,105956,2000,0.038932528066990255,0.3224246332419797
22289,0.2110631061443491,1,0,1,601407,4203,105957,1999,0.038932528066990255,0.3223153821347952
22290,0.2110642929692339,0,2,0,601409,4201,105957,1999,0.03891400200081515,0.3224193548387097
22291,0.2110655501494643,1,2,1,601411,4199,105958,1998,0.03889547593464004,0.3224140713248346
22292,0.2110772514072961,3,7,3,601418,4192,105961,1995,0.03883063470302716,0.32245029901406175
22293,0.211083316645306,9,10,9,601428,4182,105970,1986,0.038738004372151615,0.3219844357976654
22294,0.2110852754491902,48,156,48,601584,4026,106018,1938,0.037292971210493166,0.32494969818913483
22295,0.2110904421019195,1,1,1,601585,4025,106019,1937,0.03728370817740561,0.3248909761824891
22296,0.211092598839732,2,2,2,601587,4023,106021,1935,0.0372651821112305,0.324773413897281
22297,0.2110981721518933,5,18,5,601605,4005,106026,1930,0.037098447515654526,0.3251895534962089
22298,0.2110983934878204,0,2,0,601607,4003,106026,1930,0.03707992144947942,0.3252991741109051
22299,0.2110995548304362,1,0,1,601607,4003,106027,1929,0.03707992144947942,0.32518543492919755
22300,0.2111023481563931,2,5,2,601612,3998,106029,1927,0.03703360628404165,0.3252320675105485
22301,0.2111097059558399,1,7,1,601619,3991,106030,1926,0.03696876505242877,0.3255027885752915
22302,0.2111107126837579,3,3,3,601622,3988,106033,1923,0.0369409759531661,0.3253256640162409
22303,0.2111141306301331,0,1,0,601623,3987,106033,1923,0.036931712920078553,0.3253807106598985
22304,0.2111189342091907,1,2,1,601625,3985,106034,1922,0.03691318685390344,0.3253766717453868
22305,0.2111211870051957,9,15,9,601640,3970,106043,1913,0.03677424135759013,0.32517423083460817
22306,0.2111264184448887,1,0,1,601640,3970,106044,1912,0.03677424135759013,0.32505950357021424
22307,0.2111289628933393,0,2,0,601642,3968,106044,1912,0.03675571529141502,0.3251700680272109
22308,0.211130444109569,4,23,4,601665,3945,106048,1908,0.03654266553040127,0.3259866735007688
22309,0.2111329251246539,2,0,2,601665,3945,106050,1906,0.03654266553040127,0.32575628097761067
22310,0.2111397289741525,1,0,1,601665,3945,106051,1905,0.03654266553040127,0.32564102564102565
22311,0.2111615117566077,1,5,1,601670,3940,106052,1904,0.0364963503649635,0.3258042436687201
22312,0.2111615897717429,1,0,1,601670,3940,106053,1903,0.0364963503649635,0.32568885846311824
22313,0.2111630827010819,1,3,1,601673,3937,106054,1902,0.03646856126570084,0.32574070902551805
22314,0.2111640943722896,0,1,0,601674,3936,106054,1902,0.036459298232613284,0.32579650565262075
22315,0.2111770787571859,2,0,2,601674,3936,106056,1900,0.036459298232613284,0.3255654557916381
22316,0.2111904949443339,4,9,4,601683,3927,106060,1896,0.0363759309348253,0.3256053580628542
22317,0.2111907578192406,0,1,0,601684,3926,106060,1896,0.036366667901737745,0.3256612847818619
22318,0.2111951938622348,12,27,12,601711,3899,106072,1884,0.036116566008373784,0.32578246584817566
22319,0.2111982334041071,8,3,8,601714,3896,106080,1876,0.03608877690911112,0.325017325017325
22320,0.2111984673439201,0,3,0,601717,3893,106080,1876,0.036060987809848455,0.3251863407869648
22321,0.2112000737341063,0,3,0,601720,3890,106080,1876,0.036033198710585794,0.32535553243149495
22322,0.2112014583413007,6,6,6,601726,3884,106086,1870,0.03597762051206047,0.32499131039277024
22323,0.2112041290547673,0,4,0,601730,3880,106086,1870,0.035940568379710255,0.32521739130434785
22324,0.2112078649353486,1,3,1,601733,3877,106087,1869,0.03591277928044759,0.32526975287156284
22325,0.2112133643957743,19,41,19,601774,3836,106106,1850,0.03553299492385787,0.32536053464650017
22326,0.2112139972133621,1,1,1,601775,3835,106107,1849,0.035523731890770315,0.3252990851513019
22327,0.2112209442156685,0,2,0,601777,3833,106107,1849,0.0355052058245952,0.32541358676522353
22328,0.2112262770756201,3,2,3,601779,3831,106110,1846,0.0354866797584201,0.325171745640303
22329,0.2112302902022313,4,9,4,601788,3822,106114,1842,0.03540331246063211,0.3252118644067797
22330,0.2112325928460063,1,0,1,601788,3822,106115,1841,0.03540331246063211,0.32509270704573545
22331,0.2112386704941241,1,6,1,601794,3816,106116,1840,0.035347734262106786,0.32531824611032534
22332,0.2112485755507665,0,4,0,601798,3812,106116,1840,0.03531068212975657,0.32554847841472045
22333,0.2112559348555351,2,1,2,601799,3811,106118,1838,0.035301419096669014,0.32536732164984955
22334,0.211262083164179,0,1,0,601800,3810,106118,1838,0.03529215606358146,0.32542492917847027
22335,0.2112640237974461,0,1,0,601801,3809,106118,1838,0.0352828930304939,0.32548255710996987
22336,0.2112700280790634,5,13,5,601814,3796,106123,1833,0.0351624736003557,0.325635103926097
22337,0.2112719687014526,1,1,1,601815,3795,106124,1832,0.035153210567268146,0.32557312955393636
22338,0.211272958112796,4,5,4,601820,3790,106128,1828,0.035106895401830374,0.32538269846920614
22339,0.2112842540093199,1,0,1,601820,3790,106129,1827,0.035106895401830374,0.32526259569165034
22340,0.2112906361887867,0,2,0,601822,3788,106129,1827,0.03508836933565527,0.32537845057880677
22341,0.2112914140842403,0,3,0,601825,3785,106129,1827,0.03506058023639261,0.32555238774055595
22342,0.2112948045748335,1,1,1,601826,3784,106130,1826,0.03505131720330505,0.3254901960784314
22343,0.2112951583021517,1,0,1,601826,3784,106131,1825,0.03505131720330505,0.3253699411659832
22344,0.2112978378107634,9,11,9,601837,3773,106140,1816,0.03494942383934196,0.3249239577741993
22345,0.2113084203122894,0,1,0,601838,3772,106140,1816,0.0349401608062544,0.3249821045096636
22346,0.2113098783585101,2,0,2,601838,3772,106142,1814,0.0349401608062544,0.3247404224847834
22347,0.2113116907486839,0,1,0,601839,3771,106142,1814,0.034930897773166845,0.3247985675917637
22348,0.211322227821247,0,2,0,601841,3769,106142,1814,0.03491237170699174,0.32491492029374885
22349,0.2113237745022203,0,1,0,601842,3768,106142,1814,0.034903108673904185,0.32497312791114297
22350,0.2113507874422531,0,1,0,601843,3767,106142,1814,0.03489384564081663,0.3250313563877441
22351,0.2113616727016269,2,4,2,601847,3763,106144,1812,0.03485679350846641,0.32502242152466365
22352,0.2113637634104649,0,4,0,601851,3759,106144,1812,0.034819741376116195,0.325255788906839
22353,0.2113663653099767,12,20,12,601871,3739,106156,1800,0.03463448071436511,0.3249684058494313
22354,0.2113673888808723,4,4,4,601875,3735,106160,1796,0.034597428582014894,0.32471524136684143
22355,0.2113718352846815,0,8,0,601883,3727,106160,1796,0.03452332431731446,0.325185587543002
22356,0.2113734062291557,3,11,3,601894,3716,106163,1793,0.034421430953351366,0.32546741695407516
22357,0.2113751034925589,1,3,1,601897,3713,106164,1792,0.034393641854088705,0.3255222524977293
22358,0.2113758952627172,6,20,6,601917,3693,106170,1786,0.03420838119233762,0.3259718926811462
22359,0.2113762599589747,0,2,0,601919,3691,106170,1786,0.03418985512616251,0.3260909256892459
22360,0.2113830299972015,1,0,1,601919,3691,106171,1785,0.03418985512616251,0.32596785975164355
22361,0.2113928072063325,1,0,1,601919,3691,106172,1784,0.03418985512616251,0.3258447488584475
22362,0.2114067089997239,2,7,2,601926,3684,106174,1782,0.03412501389454963,0.3260153677277717
22363,0.2114075083056752,1,1,1,601927,3683,106175,1781,0.034115750861462076,0.32595168374816985
22364,0.211411106922073,2,3,2,601930,3680,106177,1779,0.034087961762199415,0.3258838615130976
22365,0.2114123960810514,1,0,1,601930,3680,106178,1778,0.034087961762199415,0.32576035177720775
22366,0.2114152932393697,1,0,1,601930,3680,106179,1777,0.034087961762199415,0.3256367967747847
22367,0.2114398193278746,1,0,1,601930,3680,106180,1776,0.034087961762199415,0.3255131964809384
22368,0.2114508505491129,1,0,1,601930,3680,106181,1775,0.034087961762199415,0.32538955087076077
22369,0.2114602410041073,2,4,2,601934,3676,106183,1773,0.0340509096298492,0.3253808038172142
22370,0.2114610699209497,4,2,4,601936,3674,106187,1769,0.03403238356367409,0.3250045930553004
22371,0.2114615481182204,2,9,2,601945,3665,106189,1767,0.0339490162658861,0.32529455081001474
22372,0.2114618036816344,3,2,3,601947,3663,106192,1764,0.03393049019971099,0.3250414593698176
22373,0.2114662583836089,2,2,2,601949,3661,106194,1762,0.033911964133535887,0.32491241010510785
22374,0.2114699942641902,0,1,0,601950,3660,106194,1762,0.03390270110044833,0.3249723349317595
22375,0.2114726889410082,4,4,4,601954,3656,106198,1758,0.033865648968098114,0.3247137052087181
22376,0.211474519665948,3,10,3,601964,3646,106201,1755,0.033773018637222575,0.3249398259581559
22377,0.2114788735686743,0,1,0,601965,3645,106201,1755,0.03376375560413502,0.325
22378,0.211486726012678,0,3,0,601968,3642,106201,1755,0.03373596650487236,0.32518065591995554
22379,0.2114968772595283,10,9,10,601977,3633,106211,1745,0.03365259920708437,0.32447006322052807
22380,0.2115038234457138,2,15,2,601992,3618,106213,1743,0.03351365371077106,0.3251259093452714
22381,0.2115073669364067,1,0,1,601992,3618,106214,1742,0.03351365371077106,0.325
22382,0.2115113800630179,0,3,0,601995,3615,106214,1742,0.03348586461150839,0.32518200485346277
22383,0.2115185862166527,5,7,5,602002,3608,106219,1737,0.03342102337989551,0.3249766136576239
22384,0.2115217122583564,5,5,5,602007,3603,106224,1732,0.03337470821445774,0.3246485473289597
22385,0.2115225537028087,2,0,2,602007,3603,106226,1730,0.03337470821445774,0.32439527470466906
22386,0.2115237581481974,0,1,0,602008,3602,106226,1730,0.03336544518137019,0.3244561140285071
22387,0.2115340980302941,1,1,1,602009,3601,106227,1729,0.033356182148282634,0.32439024390243903
22388,0.2115368616132295,1,0,1,602009,3601,106228,1728,0.033356182148282634,0.3242634640645525
22389,0.2115447538921644,1,0,1,602009,3601,106229,1727,0.033356182148282634,0.3241366366366366
22390,0.2115591653592134,2,3,2,602012,3598,106231,1725,0.03332839304901997,0.3240653766672929
22391,0.2115618667884942,1,1,1,602013,3597,106232,1724,0.03331913001593242,0.323999248261605
22392,0.2115789276715499,0,3,0,602016,3594,106232,1724,0.03329134091666976,0.3241820233170365
22393,0.2115932729934996,13,18,13,602034,3576,106245,1711,0.03312460632109378,0.32362398335540005
22394,0.2115977960290112,1,3,1,602037,3573,106246,1710,0.03309681722183112,0.32367972742759793
22395,0.2116220180419606,0,3,0,602040,3570,106246,1710,0.033069028122568456,0.32386363636363635
22396,0.2116341851375008,1,0,1,602040,3570,106247,1709,0.033069028122568456,0.3237355559765107
22397,0.2116347743875787,2,0,2,602040,3570,106249,1707,0.033069028122568456,0.3234792495736214
22398,0.2116424027963452,1,0,1,602040,3570,106250,1706,0.033069028122568456,0.32335102350265355
22399,0.2116478778526108,2,8,2,602048,3562,106252,1704,0.03299492385786802,0.32358526395746295
22400,0.2116565209069186,2,1,2,602049,3561,106254,1702,0.032985660824780466,0.32338970169105075
22401,0.2116659088922843,1,4,1,602053,3557,106255,1701,0.03294860869243025,0.32350703689615823
22402,0.2116713934490235,8,24,8,602077,3533,106263,1693,0.03272629589832895,0.3239571373899732
22403,0.2116787649719529,1,3,1,602080,3530,106264,1692,0.03269850679906629,0.32401378782075835
22404,0.2116851000291828,0,4,0,602084,3526,106264,1692,0.03266145466671607,0.3242621694135684
22405,0.211688033386764,3,7,3,602091,3519,106267,1689,0.03259661343510319,0.32430875576036866
22406,0.2116956968999498,0,10,0,602101,3509,106267,1689,0.03250398310422765,0.3249326664101578
22407,0.2116992876171352,3,9,3,602110,3500,106270,1686,0.03242061580643966,0.325106054762823
22408,0.2116993786910235,0,1,0,602111,3499,106270,1686,0.03241135277335211,0.32516875602700096
22409,0.2117139370947909,2,0,2,602111,3499,106272,1684,0.03241135277335211,0.32490835423499903
22410,0.2117193797195396,0,1,0,602112,3498,106272,1684,0.03240208974026455,0.32497105364724044
22411,0.2117222845310209,4,3,4,602115,3495,106276,1680,0.03237430064100189,0.32463768115942027
22412,0.2117231992497913,4,6,4,602121,3489,106280,1676,0.03231872244247656,0.3244917715392062
22413,0.2117330342813419,16,23,16,602144,3466,106296,1660,0.03210567268146282,0.32383925087787746
22414,0.2117357884354693,1,0,1,602144,3466,106297,1659,0.03210567268146282,0.32370731707317074
22415,0.2117365924414417,0,3,0,602147,3463,106297,1659,0.03207788358220016,0.32389691526747366
22416,0.2117403063658992,0,6,0,602153,3457,106297,1659,0.03202230538367483,0.32427677873338545
22417,0.2117410020853956,6,9,6,602162,3448,106303,1653,0.03193893808588684,0.3240541070378357
22418,0.2117503257070962,17,29,17,602191,3419,106320,1636,0.03167031012634777,0.32363996043521265
22419,0.2117534190357265,0,1,0,602192,3418,106320,1636,0.03166104709326022,0.32370399683419077
22420,0.21175364155159,2,0,2,602192,3418,106322,1634,0.03166104709326022,0.3234362628661916
22421,0.2117640752414153,2,11,2,602203,3407,106324,1632,0.03155915372929712,0.3238737844810478
22422,0.2117867802754686,0,4,0,602207,3403,106324,1632,0.031522101596946905,0.32413108242303873
22423,0.2117909832953815,4,8,4,602215,3395,106328,1628,0.03144799733224647,0.32410909814851685
22424,0.2117920232088203,2,6,2,602221,3389,106330,1626,0.03139241913372114,0.3242273180458624
22425,0.2117984182732678,3,5,3,602226,3384,106333,1623,0.03134610396828338,0.3241461953265428
22426,0.2118028021191429,0,1,0,602227,3383,106333,1623,0.03133684093519582,0.3242109468637635
22427,0.211808092212937,1,1,1,602228,3382,106334,1622,0.031327577902108265,0.32414068745004
22428,0.2118114623785069,1,2,1,602230,3380,106335,1621,0.03130905183593316,0.3241351729654069
22429,0.2118202696139462,3,4,3,602234,3376,106338,1618,0.031271999703582944,0.3239887865438526
22430,0.2118252022867333,13,14,13,602248,3362,106351,1605,0.03114231724035718,0.3231326756593517
22431,0.2118279522225722,2,2,2,602250,3360,106353,1603,0.031123791174182073,0.3229901269393512
22432,0.2118303959589209,4,5,4,602255,3355,106357,1599,0.031077476008744304,0.32276947920872023
22433,0.211847608680823,7,10,7,602265,3345,106364,1592,0.03098484567786876,0.32246303423131456
22434,0.211868745681407,0,2,0,602267,3343,106364,1592,0.030966319611693653,0.32259371833839917
22435,0.2118716136319733,1,0,1,602267,3343,106365,1591,0.030966319611693653,0.32245642480745845
22436,0.2118743628542862,3,13,3,602280,3330,106368,1588,0.03084590018155545,0.32289548596990647
22437,0.2118787431855285,2,0,2,602280,3330,106370,1586,0.03084590018155545,0.322620016273393
22438,0.2118823616535835,0,1,0,602281,3329,106370,1586,0.030836637148467894,0.3226856561546287
22439,0.2118913649664472,18,26,18,602307,3303,106388,1568,0.030595798288191485,0.32190515294600697
22440,0.2118951197279123,3,3,3,602310,3300,106391,1565,0.030568009188928824,0.32168550873586843
22441,0.2119045187190869,2,2,2,602312,3298,106393,1563,0.030549483122753716,0.3215387780292121
22442,0.211906301643817,0,1,0,602313,3297,106393,1563,0.03054022008966616,0.3216049382716049
22443,0.2119128924118395,0,3,0,602316,3294,106393,1563,0.0305124309904035,0.3218035824583076
22444,0.2119191084523183,2,19,2,602335,3275,106395,1561,0.030336433361739967,0.3227874276261373
22445,0.2119212311381614,0,1,0,602336,3274,106395,1561,0.030327170328652415,0.32285418821096173
22446,0.2119335227778651,20,31,20,602367,3243,106415,1541,0.030040016302938233,0.32211538461538464
22447,0.2119479161239097,3,2,3,602369,3241,106418,1538,0.030021490236763124,0.32182464950826534
22448,0.211950629893973,6,15,6,602384,3226,106424,1532,0.029882544740449813,0.3219840269020597
22449,0.2119551647623398,0,7,0,602391,3219,106424,1532,0.029817703508836932,0.3224584298042517
22450,0.2119826298713545,2,7,2,602398,3212,106426,1530,0.029752862277224054,0.322648671446647
22451,0.2119881070230537,2,7,2,602405,3205,106428,1528,0.029688021045611176,0.32283963659412634
22452,0.2119916418989308,0,1,0,602406,3204,106428,1528,0.02967875801252362,0.3229078613693998
22453,0.2119969377817753,1,1,1,602407,3203,106429,1527,0.029669494979436068,0.32283298097251584
22454,0.2120013068234553,21,47,21,602454,3156,106450,1506,0.02923413242432102,0.323037323037323
22455,0.2120024356947408,2,3,2,602457,3153,106452,1504,0.029206343325058358,0.32295469186171355
22456,0.2120078230411492,1,3,1,602460,3150,106453,1503,0.029178554225795694,0.3230174081237911
22457,0.212025843566761,1,1,1,602461,3149,106454,1502,0.02916929119270814,0.3229413029456031
22458,0.2120314155678827,6,2,6,602463,3147,106460,1496,0.029150765126533033,0.3222054706009046
22459,0.2120347314123765,1,0,1,602463,3147,106461,1495,0.029150765126533033,0.3220594571305472
22460,0.2120373294492088,0,1,0,602464,3146,106461,1495,0.029141502093445477,0.32212885154061627
22461,0.2120389575458547,1,0,1,602464,3146,106462,1494,0.029141502093445477,0.32198275862068965
22462,0.2120396459408167,19,34,19,602498,3112,106481,1475,0.028826558968468634,0.32156093307172445
22463,0.2120425760139097,2,0,2,602498,3112,106483,1473,0.028826558968468634,0.3212649945474373
22464,0.2120541525376619,2,1,2,602499,3111,106485,1471,0.02881729593538108,0.3210388476647752
22465,0.2120550546428058,23,41,23,602540,3070,106508,1448,0.02843751157879136,0.32049579459938027
22466,0.2120790692094808,2,1,2,602541,3069,106510,1446,0.028428248545703805,0.320265780730897
22467,0.2120974043019043,1,6,1,602547,3063,106511,1445,0.02837267034717848,0.32054125998225375
22468,0.2121062921475198,4,6,4,602553,3057,106515,1441,0.028317092148653154,0.3203646064917741
22469,0.2121079540211566,1,1,1,602554,3056,106516,1440,0.028307829115565602,0.3202846975088968
22470,0.2121188392805305,17,30,17,602584,3026,106533,1423,0.028029938122938976,0.319847156664419
22471,0.2121218106276857,1,2,1,602586,3024,106534,1422,0.028011412056763867,0.31983805668016196
22472,0.2121483213833799,3,0,3,602586,3024,106537,1419,0.028011412056763867,0.3193787981093856
22473,0.212149973785236,6,6,6,602592,3018,106543,1413,0.027955833858238542,0.3188896411645227
22474,0.212153592253291,3,2,3,602594,3016,106546,1410,0.027937307792063434,0.31857207410754634
22475,0.2121687040423309,0,5,0,602599,3011,106546,1410,0.02789099262662566,0.31893236824247906
22476,0.2121775745110962,1,0,1,602599,3011,106547,1409,0.02789099262662566,0.3187782805429864
22477,0.2121796992075213,2,3,2,602602,3008,106549,1407,0.027863203527363,0.3186862967157418
22478,0.2121856085798734,1,0,1,602602,3008,106550,1406,0.027863203527363,0.31853194381513367
22479,0.2121886455359677,7,18,7,602620,2990,106557,1399,0.027696468931787024,0.3187514240145819
22480,0.2122049454992381,2,4,2,602624,2986,106559,1397,0.027659416799436808,0.31873146246862877
22481,0.2122127592228146,15,13,15,602637,2973,106574,1382,0.027538997369298605,0.31733639494833527
22482,0.2122393193935326,2,3,2,602640,2970,106576,1380,0.02751120827003594,0.31724137931034485
22483,0.2122459033437776,2,7,2,602647,2963,106578,1378,0.027446367038423063,0.31743837825385857
22484,0.2122512599426646,6,15,6,602662,2948,106584,1372,0.027307421542109748,0.3175925925925926
22485,0.2122574186311618,0,3,0,602665,2945,106584,1372,0.027279632442847087,0.31781329627055827
22486,0.2122593376227612,8,10,8,602675,2935,106592,1364,0.027187002111971545,0.31728308909048614
22487,0.2122681683814828,3,5,3,602680,2930,106595,1361,0.027140686946533772,0.3171754835702633
22488,0.2122785571167577,1,4,1,602684,2926,106596,1360,0.027103634814183555,0.31731217918805416
22489,0.2122918048502869,3,0,3,602684,2926,106599,1357,0.027103634814183555,0.3168339948634135
22490,0.2122940877023418,3,1,3,602685,2925,106602,1354,0.027094371781096003,0.31642907221313393
22491,0.2123069334275475,0,1,0,602686,2924,106602,1354,0.027085108748008447,0.31650303880317904
22492,0.2123100149654384,3,2,3,602688,2922,106605,1351,0.02706658268183334,0.3161713082143693
22493,0.2123113033174238,4,5,4,602693,2917,106609,1347,0.02702026751639557,0.31590056285178236
22494,0.212354369631465,0,2,0,602695,2915,106609,1347,0.02700174145022046,0.31604880337869545
22495,0.2123559588301033,1,9,1,602704,2906,106610,1346,0.02691837415243247,0.3165569143932267
22496,0.2123630382952346,3,15,3,602719,2891,106613,1343,0.02677942865611916,0.31719414265470003
22497,0.2123684348705431,4,11,4,602730,2880,106617,1339,0.026677535292156062,0.31737378525716997
22498,0.2123734277093135,4,12,4,602742,2868,106621,1335,0.026566378895105415,0.3176302640970735
22499,0.2123791846208641,9,23,9,602765,2845,106630,1326,0.026353329134091667,0.3179093742507792
22500,0.2123881321916135,2,1,2,602766,2844,106632,1324,0.026344066101004114,0.31765834932821496
22501,0.2123989690640415,20,31,20,602797,2813,106652,1304,0.026056912075289932,0.3167354870051008
22502,0.2123995693752487,1,2,1,602799,2811,106653,1303,0.026038386009114824,0.3167233835683034
22503,0.2124289374257753,1,6,1,602805,2805,106654,1302,0.0259828078105895,0.3170197224251278
22504,0.2124496429216064,4,7,4,602812,2798,106658,1298,0.02591796657897662,0.31689453125
22505,0.2124507748648093,5,25,5,602837,2773,106663,1293,0.025686390751787764,0.3180029513034924
22506,0.21245663983546,1,1,1,602838,2772,106664,1292,0.02567712771870021,0.31791338582677164
22507,0.2124596929267568,6,8,6,602846,2764,106670,1286,0.025603023453999778,0.31753086419753085
22508,0.21247151767775,1,1,1,602847,2763,106671,1285,0.025593760420912222,0.3174407114624506
22509,0.212473704641797,1,1,1,602848,2762,106672,1284,0.02558449738782467,0.31735046959960456
22510,0.2124740155213825,0,1,0,602849,2761,106672,1284,0.025575234354737113,0.3174289245982695
22511,0.2124780715078096,18,40,18,602889,2721,106690,1266,0.02520471303123495,0.31753197893152746
22512,0.2124834104538698,2,3,2,602892,2718,106692,1264,0.025176923931972284,0.3174284279256655
22513,0.2124923501696503,23,52,23,602944,2666,106715,1241,0.024695246211419466,0.31763501407729716
22514,0.2125080326726192,1,13,1,602957,2653,106716,1240,0.024574826781281263,0.31852042126894425
22515,0.2125089332127739,1,6,1,602963,2647,106717,1239,0.024519248582755938,0.31883685023160063
22516,0.2125091252922144,1,1,1,602964,2646,106718,1238,0.024509985549668382,0.31874356333676623
22517,0.2125177639714955,0,1,0,602965,2645,106718,1238,0.02450072251658083,0.3188256502704095
22518,0.2125251397887271,2,4,2,602969,2641,106720,1236,0.024463670384230612,0.3188031983492391
22519,0.2125323498034511,0,12,0,602981,2629,106720,1236,0.024352513987179962,0.3197930142302717
22520,0.2125371173856721,8,18,8,602999,2611,106728,1228,0.024185779391603986,0.31987496743943733
22521,0.2125374282652575,6,12,6,603011,2599,106734,1222,0.024074622994553336,0.319811567652447
22522,0.2125477609895657,1,12,1,603023,2587,106735,1221,0.023963466597502685,0.32064075630252103
22523,0.212547801901115,3,2,3,603025,2585,106738,1218,0.023944940531327577,0.32027346831448855
22524,0.2125549711890131,5,18,5,603043,2567,106743,1213,0.0237782059357516,0.3208994708994709
22525,0.2125758167182094,3,5,3,603048,2562,106746,1210,0.023731890770313832,0.3207847295864263
22526,0.2125825339171313,7,15,7,603063,2547,106753,1203,0.023592945274000517,0.3208
22527,0.212585448043991,1,0,1,603063,2547,106754,1202,0.023592945274000517,0.32061883168845023
22528,0.2125952166381794,7,21,7,603084,2526,106761,1195,0.02339842157916188,0.3211502284332169
22529,0.2125982867343889,1,1,1,603085,2525,106762,1194,0.02338915854607433,0.32105404678677063
22530,0.212598513549466,0,2,0,603087,2523,106762,1194,0.02337063247989922,0.321226795803067
22531,0.2126174800567596,2,2,2,603089,2521,106764,1192,0.02335210641372411,0.32103420414758954
22532,0.212619321724709,24,46,24,603135,2475,106788,1168,0.022926006891696618,0.3206148778479275
22533,0.2126287802108768,3,12,3,603147,2463,106791,1165,0.022814850494645968,0.3211135611907387
22534,0.2126293537168094,0,1,0,603148,2462,106791,1165,0.02280558746155841,0.32120209539564376
22535,0.2126377051977411,3,2,3,603150,2460,106794,1162,0.022787061395383303,0.32081722805080065
22536,0.2126424511465912,6,5,6,603155,2455,106800,1156,0.022740746229945534,0.32013292716698977
22537,0.2126586293820545,42,109,42,603264,2346,106842,1114,0.021731075623402128,0.3219653179190751
22538,0.2126610983928831,31,57,31,603321,2289,106873,1083,0.02120308273741154,0.3211743772241993
22539,0.2126669633635338,4,9,4,603330,2280,106877,1079,0.02111971543962355,0.3212265555224769
22540,0.2127011179416161,2,5,2,603335,2275,106879,1077,0.02107340027418578,0.32130071599045346
22541,0.2127058638904662,14,28,14,603363,2247,106893,1063,0.020814035347734263,0.3211480362537764
22542,0.2127212697682085,0,1,0,603364,2246,106893,1063,0.020804772314646707,0.32124508915080086
22543,0.2127407827875433,0,2,0,603366,2244,106893,1063,0.0207862462484716,0.32143937103114606
22544,0.2127619764107476,1,0,1,603366,2244,106894,1062,0.0207862462484716,0.32123411978221417
22545,0.2127623450357799,0,1,0,603367,2243,106894,1062,0.020776983215384046,0.32133131618759453
22546,0.2127796324991051,2,4,2,603371,2239,106896,1060,0.02073993108303383,0.3213094877235526
22547,0.2127858297373052,0,2,0,603373,2237,106896,1060,0.02072140501685872,0.32150439793751895
22548,0.2127872691175687,4,6,4,603379,2231,106900,1056,0.020665826818333396,0.3212655917249772
22549,0.2127992476786307,1,0,1,603379,2231,106901,1055,0.020665826818333396,0.3210590383444918
22550,0.2128087303589954,3,7,3,603386,2224,106904,1052,0.020600985586720515,0.32112332112332115
22551,0.2128088370775398,1,3,1,603389,2221,106905,1051,0.020573196487457854,0.32121026894865523
22552,0.212810390414571,1,0,1,603389,2221,106906,1050,0.020573196487457854,0.3210027514521553
22553,0.2128288508503523,1,2,1,603391,2219,106907,1049,0.020554670421282745,0.32099143206854347
22554,0.212832129507144,0,1,0,603392,2218,106907,1049,0.02054540738819519,0.3210896847260484
22555,0.2128360610497996,2,3,2,603395,2215,106909,1047,0.02051761828893253,0.32096873083997546
22556,0.212856064583031,1,1,1,603396,2214,106910,1046,0.020508355255844973,0.32085889570552145
22557,0.2128606428783075,1,2,1,603398,2212,106911,1045,0.020489829189669864,0.3208474055879644
22558,0.2128626604225058,3,2,3,603400,2210,106914,1042,0.020471303123494756,0.3204182041820418
22559,0.2128721431028704,51,89,51,603489,2121,106965,991,0.019646893178702433,0.3184447300771208
22560,0.212894871593048,2,2,2,603491,2119,106967,989,0.019628367112527325,0.3182110682110682
22561,0.2128967215068008,0,1,0,603492,2118,106967,989,0.019619104079439773,0.3183134856775024
22562,0.2128985614320775,1,2,1,603494,2116,106968,988,0.019600578013264664,0.31829896907216493
22563,0.2129004115854955,4,15,4,603509,2101,106972,984,0.01946163251695135,0.31896272285251215
22564,0.2129131283350619,2,3,2,603512,2098,106974,982,0.01943384341768869,0.31883116883116885
22565,0.2129510468888318,1,0,1,603512,2098,106975,981,0.01943384341768869,0.3186099382916531
22566,0.2129601342506759,11,13,11,603525,2085,106986,970,0.019313423987550482,0.31751227495908346
22567,0.2129629373549894,0,3,0,603528,2082,106986,970,0.01928563488828782,0.317824377457405
22568,0.2129734789587956,3,10,3,603538,2072,106989,967,0.01919300455741228,0.3181967752550181
22569,0.2129788509412385,1,0,1,603538,2072,106990,966,0.01919300455741228,0.31797235023041476
22570,0.2129937951760493,0,5,0,603543,2067,106990,966,0.01914668939197451,0.31849653808110784
22571,0.2130084465992006,1,0,1,603543,2067,106991,965,0.01914668939197451,0.31827176781002636
22572,0.2130263500988644,6,4,6,603547,2063,106997,959,0.019109637259624293,0.3173395102581072
22573,0.2130588378392273,0,3,0,603550,2060,106997,959,0.01908184816036163,0.31765485260019877
22574,0.2130607220627449,1,0,1,603550,2060,106998,958,0.01908184816036163,0.317428760768721
22575,0.2130663881111048,0,1,0,603551,2059,106998,958,0.019072585127274076,0.31753397414650314
22576,0.2130669195980917,0,2,0,603553,2057,106998,958,0.019054059061098968,0.3177446102819237
22577,0.2130709664063814,3,5,3,603558,2052,107001,955,0.019007743895661195,0.31759228466910544
22578,0.2130782763545262,16,43,16,603601,2009,107017,939,0.018609433472896366,0.3185210312075984
22579,0.2130786801350343,0,3,0,603604,2006,107017,939,0.0185816443736337,0.31884550084889646
22580,0.213099612307939,1,1,1,603605,2005,107018,938,0.01857238134054615,0.3187223921168875
22581,0.2131088849601513,10,11,10,603616,1994,107028,928,0.01847048797658305,0.31759069130732376
22582,0.2131241348066199,6,12,6,603628,1982,107034,922,0.0183593315795324,0.3174931129476584
22583,0.2131547134082882,1,0,1,603628,1982,107035,921,0.0183593315795324,0.31725800895625217
22584,0.2131595656135254,1,1,1,603629,1981,107036,920,0.01835006854644485,0.31713202344019303
22585,0.213160690760919,7,4,7,603633,1977,107043,913,0.01831301641409463,0.31591695501730105
22586,0.2131849932757513,3,4,3,603637,1973,107046,910,0.018275964281744415,0.3156434269857787
22587,0.213186407703519,0,3,0,603640,1970,107046,910,0.01824817518248175,0.3159722222222222
22588,0.2131892789263827,2,0,2,603640,1970,107048,908,0.01824817518248175,0.31549687282835304
22589,0.2131935154484691,0,10,0,603650,1960,107048,908,0.01815554485160621,0.31659693165969316
22590,0.2132070439396599,1,0,1,603650,1960,107049,907,0.01815554485160621,0.31635856295779563
22591,0.2132131762176734,1,2,1,603652,1958,107050,906,0.0181370187854311,0.316340782122905
22592,0.2132331368089226,0,1,0,603653,1957,107050,906,0.018127755752343547,0.3164512748864827
22593,0.2132356082876372,9,17,9,603670,1940,107059,897,0.017970284189855128,0.31617906238984844
22594,0.2132388931602733,3,3,3,603673,1937,107062,894,0.017942495090592463,0.3157894736842105
22595,0.2132440467920023,1,2,1,603675,1935,107063,893,0.017923969024417355,0.31577086280056577
22596,0.2132450485480346,0,1,0,603676,1934,107063,893,0.017914705991329802,0.3158825610187478
22597,0.2132500815409459,1,1,1,603677,1933,107064,892,0.017905442958242247,0.3157522123893805
22598,0.2133016531890172,0,1,0,603678,1932,107064,892,0.017896179925154694,0.31586402266288954
22599,0.2133075651703473,2,0,2,603678,1932,107066,890,0.017896179925154694,0.31537916371367825
22600,0.2133278454691406,0,2,0,603680,1930,107066,890,0.017877653858979586,0.31560283687943264
22601,0.2133410039449751,3,2,3,603682,1928,107069,887,0.017859127792804477,0.31509769094138546
22602,0.2133710142889928,5,11,5,603693,1917,107074,882,0.01775723442884138,0.31511254019292606
22603,0.2133859542199931,0,1,0,603694,1916,107074,882,0.017747971395753827,0.3152251608291637
22604,0.2133912582130157,5,8,5,603702,1908,107079,877,0.017673867131053393,0.3149012567324955
22605,0.2133920463488242,10,23,10,603725,1885,107089,867,0.017460817370039645,0.31504360465116277
22606,0.2133967312315928,4,11,4,603736,1874,107093,863,0.01735892400607655,0.31530873218852756
22607,0.2133983236958814,1,6,1,603742,1868,107094,862,0.017303345807551225,0.31575091575091574
22608,0.2133996024544566,4,6,4,603748,1862,107098,858,0.0172477676090259,0.3154411764705882
22609,0.2133997428813991,2,1,2,603749,1861,107100,856,0.017238504575938344,0.31505336768494663
22610,0.2134016687089441,0,7,0,603756,1854,107100,856,0.017173663344325466,0.3158671586715867
22611,0.2134077926050787,1,1,1,603757,1853,107101,855,0.01716440031123791,0.3157311669128508
22612,0.2134093056974629,3,2,3,603759,1851,107104,852,0.017145874245062802,0.31520532741398444
22613,0.2134126694283985,0,2,0,603761,1849,107104,852,0.017127348178887693,0.3154387263976305
22614,0.2134214022603701,0,1,0,603762,1848,107104,852,0.01711808514580014,0.31555555555555553
22615,0.2134230046623569,0,1,0,603763,1847,107104,852,0.017108822112712585,0.31567247128566134
22616,0.2134231820911272,0,1,0,603764,1846,107104,852,0.017099559079625033,0.3157894736842105
22617,0.2134434603369964,0,2,0,603766,1844,107104,852,0.017081033013449924,0.31602373887240354
22618,0.2134485370323605,1,2,1,603768,1842,107105,851,0.017062506947274816,0.3160044559970293
22619,0.2134493669638682,7,4,7,603772,1838,107112,844,0.0170254548149246,0.31469052945563014
22620,0.2134691732685015,0,5,0,603777,1833,107112,844,0.01697913964948683,0.3152782966006724
22621,0.2134841691998938,1,3,1,603780,1830,107113,843,0.016951350550224165,0.3153759820426487
22622,0.2134872530248413,1,0,1,603780,1830,107114,842,0.016951350550224165,0.31511976047904194
22623,0.2134915351454993,2,3,2,603783,1827,107116,840,0.016923561450961504,0.31496062992125984
22624,0.2134996771309586,0,2,0,603785,1825,107116,840,0.016905035384786396,0.3151969981238274
22625,0.2135010224891149,1,7,1,603792,1818,107117,839,0.016840194153173515,0.3157696650357546
22626,0.2135061031910364,0,2,0,603794,1816,107117,839,0.016821668086998406,0.3160075329566855
22627,0.2135216791928536,0,1,0,603795,1815,107117,839,0.016812405053910854,0.3161266013564431
22628,0.2135297720095193,0,2,0,603797,1813,107117,839,0.016793878987735746,0.3163650075414781
22629,0.2135549478893743,8,18,8,603815,1795,107125,831,0.01662714439215977,0.31645087585681647
22630,0.2135674391464202,0,1,0,603816,1794,107125,831,0.016617881359072214,0.31657142857142856
22631,0.2135728837887247,1,2,1,603818,1792,107126,830,0.016599355292897106,0.3165522501906941
22632,0.2135850919367287,0,1,0,603819,1791,107126,830,0.016590092259809553,0.3166730255627623
22633,0.2136057818438925,1,0,1,603819,1791,107127,829,0.016590092259809553,0.316412213740458
22634,0.2136062090257684,8,9,8,603828,1782,107135,821,0.016506724962021564,0.31540530157510566
22635,0.2136220938057617,1,1,1,603829,1781,107136,820,0.01649746192893401,0.3152633602460592
22636,0.2136548584983734,0,1,0,603830,1780,107136,820,0.016488198895846455,0.3153846153846154
22637,0.2136549080658675,1,0,1,603830,1780,107137,819,0.016488198895846455,0.31512120046171604
22638,0.2136588605604344,1,11,1,603841,1769,107138,818,0.01638630553188336,0.3161963664476227
22639,0.2136789493400828,0,1,0,603842,1768,107138,818,0.016377042498795805,0.3163186388244393
22640,0.2136790232047862,0,3,0,603845,1765,107138,818,0.016349253399533144,0.3166860240030972
22641,0.213683900028106,5,6,5,603851,1759,107143,813,0.01629367520100782,0.31609642301710733
22642,0.2136906902042454,33,81,33,603932,1678,107176,780,0.015543369520915928,0.31733116354759966
22643,0.2137042719519137,1,0,1,603932,1678,107177,779,0.015543369520915928,0.3170533170533171
22644,0.2137217160502992,0,1,0,603933,1677,107177,779,0.015534106487828374,0.31718241042345274
22645,0.2137394853702105,2,2,2,603935,1675,107179,777,0.015515580421653265,0.316884176182708
22646,0.2137400955375931,2,8,2,603943,1667,107181,775,0.015441476156952832,0.31736281736281735
22647,0.2137634305185597,5,0,5,603943,1667,107186,770,0.015441476156952832,0.3159622486663931
22648,0.213782959554947,1,5,1,603948,1662,107187,769,0.015395160991515063,0.316330728095434
22649,0.2137961559791637,2,2,2,603950,1660,107189,767,0.015376634925339954,0.3160280181293778
22650,0.2138016039044687,1,0,1,603950,1660,107190,766,0.015376634925339954,0.31574608408903543
22651,0.21381036047374,0,3,0,603953,1657,107190,766,0.015348845826077291,0.3161370202228642
22652,0.213822928225296,0,2,0,603955,1655,107190,766,0.015330319759902183,0.3163981825691863
22653,0.2138842487978695,0,1,0,603956,1654,107190,766,0.015321056726814629,0.3165289256198347
22654,0.2139017322320919,3,6,3,603962,1648,107193,763,0.015265478528289304,0.3164661965989216
22655,0.2139286187947989,0,1,0,603963,1647,107193,763,0.01525621549520175,0.31659751037344397
22656,0.2139334956181186,0,4,0,603967,1643,107193,763,0.015219163362851533,0.3171238570241064
22657,0.2139498088982843,6,16,6,603983,1627,107199,757,0.015070954833450665,0.3175335570469799
22658,0.2139741123492106,0,1,0,603984,1626,107199,757,0.015061691800363111,0.31766680654637014
22659,0.2139775931955039,1,0,1,603984,1626,107200,756,0.015061691800363111,0.31738035264483627
22660,0.2139779647543781,8,17,8,604001,1609,107208,748,0.01490422023787469,0.3173525668222317
22661,0.2139783562987971,1,0,1,604001,1609,107209,747,0.01490422023787469,0.317062818336163
22662,0.2140016146990521,1,1,1,604002,1608,107210,746,0.014894957204787136,0.3169073916737468
22663,0.2140081088017325,0,3,0,604005,1605,107210,746,0.014867168105524473,0.3173117822203318
22664,0.2140140825586632,5,22,5,604027,1583,107215,741,0.01466338137759828,0.31884681583476765
22665,0.2140160176997019,1,8,1,604035,1575,107216,740,0.014589277112897847,0.31965442764578833
22666,0.2140206840018138,3,3,3,604038,1572,107219,737,0.014561488013635184,0.3191857947163274
22667,0.2140582853080053,3,0,3,604038,1572,107222,734,0.014561488013635184,0.3183000867302689
22668,0.2140620743739809,5,3,5,604041,1569,107227,729,0.014533698914372522,0.31723237597911225
22669,0.2140693222949868,1,3,1,604044,1566,107228,728,0.014505909815109859,0.31734960767218834
22670,0.2140724898025816,1,0,1,604044,1566,107229,727,0.014505909815109859,0.3170518970780637
22671,0.2140816034103682,0,4,0,604048,1562,107229,727,0.014468857682759642,0.31760594145915244
22672,0.2140914797205815,2,2,2,604050,1560,107231,725,0.014450331616584534,0.3172866520787746
22673,0.2140941588250035,1,1,1,604051,1559,107232,724,0.01444106858349698,0.3171265878230399
22674,0.2141158949090361,0,4,0,604055,1555,107232,724,0.014404016451146763,0.3176831943835015
22675,0.2141630404557248,29,56,29,604111,1499,107261,695,0.013885286598243729,0.31677301731996355
22676,0.2141845204994416,0,1,0,604112,1498,107261,695,0.013876023565156175,0.3169174646602827
22677,0.214200376087513,10,8,10,604120,1490,107271,685,0.013801919300455741,0.31494252873563217
22678,0.214211938227126,7,18,7,604138,1472,107278,678,0.013635184704879766,0.31534883720930235
22679,0.2142305455683089,0,1,0,604139,1471,107278,678,0.013625921671792211,0.31549557933922756
22680,0.2142370059561961,1,2,1,604141,1469,107279,677,0.013607395605617103,0.31547064305684996
22681,0.2142468623158287,2,1,2,604142,1468,107281,675,0.013598132572529549,0.3149790013999067
22682,0.2142557128548342,0,1,0,604143,1467,107281,675,0.013588869539441994,0.31512605042016806
22683,0.2142595398775783,1,1,1,604144,1466,107282,674,0.01357960650635444,0.3149532710280374
22684,0.2142828133306554,5,4,5,604148,1462,107287,669,0.013542554374004223,0.31393711872360397
22685,0.2143367366942023,5,3,5,604151,1459,107292,664,0.01351476527474156,0.3127649552520019
22686,0.2143529885532197,0,1,0,604152,1458,107292,664,0.013505502241654007,0.31291234684260133
22687,0.2143706658739179,0,1,0,604153,1457,107292,664,0.013496239208566452,0.3130598774163131
22688,0.2143725695813681,0,2,0,604155,1455,107292,664,0.013477713142391344,0.31335535630014155
22689,0.2143851887878455,0,2,0,604157,1453,107292,664,0.013459187076216236,0.3136513934813415
22690,0.2143854667283987,0,4,0,604161,1449,107292,664,0.013422134943866019,0.3142451490771415
22691,0.2143948440275155,2,1,2,604162,1448,107294,662,0.013412871910778465,0.3137440758293839
22692,0.2144006926983445,1,1,1,604163,1447,107295,661,0.01340360887769091,0.3135673624288425
22693,0.214404995764786,0,2,0,604165,1445,107295,661,0.013385082811515802,0.3138651471984805
22694,0.2144441303165113,5,4,5,604169,1441,107300,656,0.013348030679165585,0.312827849308536
22695,0.2144544625118499,12,17,12,604186,1424,107312,644,0.013190559116677165,0.3114119922630561
22696,0.2144698634056521,0,8,0,604194,1416,107312,644,0.013116454851976732,0.312621359223301
22697,0.2144930030070241,2,1,2,604195,1415,107314,642,0.013107191818889178,0.31210500729217305
22698,0.2144996311722286,1,1,1,604196,1414,107315,641,0.013097928785801623,0.3119221411192214
22699,0.2145216692064199,4,0,4,604196,1414,107319,637,0.013097928785801623,0.310580204778157
22700,0.2145237684419309,1,1,1,604197,1413,107320,636,0.01308866575271407,0.3103953147877013
22701,0.2145243187930385,1,6,1,604203,1407,107321,635,0.013033087554188744,0.3109696376101861
22702,0.2145260232469932,43,115,43,604318,1292,107364,592,0.011967838749120012,0.31422505307855625
22703,0.2145454031481717,0,1,0,604319,1291,107364,592,0.011958575716032458,0.3143919277748274
22704,0.2145494622065066,1,10,1,604329,1281,107365,591,0.011865945385156916,0.3157051282051282
22705,0.214566727468999,1,0,1,604329,1281,107366,590,0.011865945385156916,0.3153393907001603
22706,0.2145711919073719,2,14,2,604343,1267,107368,588,0.011736262921931157,0.3169811320754717
22707,0.2146178265549888,1,3,1,604346,1264,107369,587,0.011708473822668495,0.3171258779038358
22708,0.2146497391389902,0,1,0,604347,1263,107369,587,0.01169921078958094,0.3172972972972973
22709,0.214656419387553,0,4,0,604351,1259,107369,587,0.011662158657230724,0.3179848320693391
22710,0.21467328992106,1,3,1,604354,1256,107370,586,0.011634369557968061,0.31813246471226925
22711,0.2146777437083803,2,7,2,604361,1249,107372,584,0.011569528326355182,0.31860338243316966
22712,0.2147031142123045,1,2,1,604363,1247,107373,583,0.011551002260180073,0.3185792349726776
22713,0.2147099844603899,1,3,1,604366,1244,107374,582,0.01152321316091741,0.3187294633077766
22714,0.2147121556483377,2,5,2,604371,1239,107376,580,0.01147689799547964,0.3188565145684442
22715,0.2147131518828652,3,6,3,604377,1233,107379,577,0.011421319796954314,0.3187845303867403
22716,0.2147319927344937,1,6,1,604383,1227,107380,576,0.011365741598428989,0.3194675540765391
22717,0.2147355523726364,0,1,0,604384,1226,107380,576,0.011356478565341435,0.3196448390677026
22718,0.2147392888504577,5,4,5,604388,1222,107385,571,0.011319426432991218,0.3184606804238706
22719,0.2147597055769604,2,1,2,604389,1221,107387,569,0.011310163399903664,0.31787709497206706
22720,0.21478644812188,4,6,4,604395,1215,107391,565,0.011254585201378339,0.31741573033707865
22721,0.2147959383046271,0,3,0,604398,1212,107391,565,0.011226796102115676,0.31795160382667415
22722,0.2148071131077797,17,20,17,604418,1192,107408,548,0.011041535440364594,0.31494252873563217
22723,0.2148141304516858,2,5,2,604423,1187,107410,546,0.010995220274926823,0.3150605885747259
22724,0.2148222710331058,0,1,0,604424,1186,107410,546,0.010985957241839268,0.31524249422632794
22725,0.2148379580687065,1,2,1,604426,1184,107411,545,0.01096743117566416,0.3152111046847889
22726,0.2148573232254095,1,3,1,604429,1181,107412,544,0.010939642076401497,0.3153623188405797
22727,0.2148758453246963,1,3,1,604432,1178,107413,543,0.010911852977138835,0.315514235909355
22728,0.2148836134491339,0,2,0,604434,1176,107413,543,0.010893326910963726,0.3158813263525305
22729,0.2149069545440084,12,21,12,604455,1155,107425,531,0.010698803216125088,0.31494661921708184
22730,0.2149199199372866,1,1,1,604456,1154,107426,530,0.010689540183037534,0.3147268408551069
22731,0.2149489743080878,9,34,9,604490,1120,107435,521,0.010374597058060691,0.3174893357708714
22732,0.214953451527402,0,3,0,604493,1117,107435,521,0.010346807958798028,0.31807081807081805
22733,0.2149558669060144,1,0,1,604493,1117,107436,520,0.010346807958798028,0.3176542455711668
22734,0.2149638764356259,4,13,4,604506,1104,107440,516,0.010226388528659824,0.31851851851851853
22735,0.214974344812012,1,0,1,604506,1104,107441,515,0.010226388528659824,0.31809759110562075
22736,0.2149910743211765,0,1,0,604507,1103,107441,515,0.01021712549557227,0.31829419035846723
22737,0.2150064855072911,0,3,0,604510,1100,107441,515,0.010189336396309607,0.3188854489164087
22738,0.2150230588303271,2,1,2,604511,1099,107443,513,0.010180073363222053,0.3182382133995037
22739,0.2150233239622177,0,2,0,604513,1097,107443,513,0.010161547297046944,0.31863354037267083
22740,0.2150309361766679,0,4,0,604517,1093,107443,513,0.010124495164696727,0.3194271481942715
22741,0.2150379327058789,21,24,21,604541,1069,107464,492,0.009902182370595428,0.31518257527226134
22742,0.2150671689043346,6,14,6,604555,1055,107470,486,0.00977249990736967,0.3153796236210253
22743,0.2150718666231185,0,2,0,604557,1053,107470,486,0.009753973841194561,0.3157894736842105
22744,0.215072756003994,0,1,0,604558,1052,107470,486,0.009744710808107007,0.3159947984395319
22745,0.215075809418972,1,1,1,604559,1051,107471,485,0.009735447775019453,0.3157552083333333
22746,0.2150780462424343,4,10,4,604569,1041,107475,481,0.00964281744414391,0.3160315374507227
22747,0.2150853610513933,2,7,2,604576,1034,107477,479,0.009577976212531031,0.3165895571711831
22748,0.2150864715742021,1,0,1,604576,1034,107478,478,0.009577976212531031,0.31613756613756616
22749,0.2150875536587192,1,1,1,604577,1033,107479,477,0.009568713179443477,0.31589403973509933
22750,0.2151139774125668,0,1,0,604578,1032,107479,477,0.009559450146355923,0.31610337972166996
22751,0.2151344800322919,1,2,1,604580,1030,107480,476,0.009540924080180814,0.3160690571049137
22752,0.215136168747869,5,5,5,604585,1025,107485,471,0.009494608914743043,0.31483957219251335
22753,0.2151773901564419,5,4,5,604589,1021,107490,466,0.009457556782392827,0.3133826496301278
22754,0.2151781851437159,36,75,36,604664,946,107526,430,0.008762829300826263,0.3125
22755,0.2151886472408007,1,4,1,604668,942,107527,429,0.008725777168476046,0.31291028446389496
22756,0.2151930216232384,3,3,3,604671,939,107530,426,0.008697988069213384,0.3120879120879121
22757,0.2151942183912039,1,2,1,604673,937,107531,425,0.008679462003038275,0.3120411160058737
22758,0.2151985698981005,2,7,2,604680,930,107533,423,0.008614620771425396,0.31263858093126384
22759,0.2152336474902915,0,5,0,604685,925,107533,423,0.008568305605987625,0.3137982195845697
22760,0.2152343622647237,0,1,0,604686,924,107533,423,0.00855904257290007,0.31403118040089084
22761,0.2152512126969461,1,1,1,604687,923,107534,422,0.008549779539812516,0.3137546468401487
22762,0.2152794789389384,1,2,1,604689,921,107535,421,0.008531253473637408,0.3137108792846498
22763,0.2152854532910593,1,1,1,604690,920,107536,420,0.008521990440549854,0.31343283582089554
22764,0.215286847721478,1,0,1,604690,920,107537,419,0.008521990440549854,0.31292008961911877
22765,0.2152944953236874,0,1,0,604691,919,107537,419,0.0085127274074623,0.3131539611360239
22766,0.2152948396771014,0,1,0,604692,918,107537,419,0.008503464374374745,0.31338818249813016
22767,0.2152988621897001,2,6,2,604698,912,107539,417,0.00844788617584942,0.31376975169300225
22768,0.2153167644943473,0,1,0,604699,911,107539,417,0.008438623142761866,0.31400602409638556
22769,0.215317494754267,0,2,0,604701,909,107539,417,0.008420097076586757,0.31447963800904977
22770,0.2153318064698002,1,1,1,604702,908,107540,416,0.008410834043499203,0.31419939577039274
22771,0.2153326121734217,0,2,0,604704,906,107540,416,0.008392307977324095,0.3146747352496218
22772,0.2153448035603657,2,20,2,604724,886,107542,414,0.00820704731557301,0.31846153846153846
22773,0.2153510396740817,3,4,3,604728,882,107545,411,0.008169995183222794,0.31786542923433875
22774,0.2153579080675625,2,6,2,604734,876,107547,409,0.008114416984697469,0.31828793774319064
22775,0.2153591361032209,4,4,4,604738,872,107551,405,0.008077364852347252,0.31714956930305405
22776,0.2153613250602968,4,8,4,604746,864,107555,401,0.008003260587646818,0.31699604743083004
22777,0.2154058559164827,2,5,2,604751,859,107557,399,0.007956945422209049,0.31717011128775835
22778,0.2154190774162794,6,2,6,604753,857,107563,393,0.00793841935603394,0.3144
22779,0.2154277807337286,15,22,15,604775,835,107578,378,0.007734632628107747,0.31162407254740315
22780,0.2154333345796987,1,0,1,604775,835,107579,377,0.007734632628107747,0.3110561056105611
22781,0.2154446857927975,0,1,0,604776,834,107579,377,0.007725369595020193,0.31131296449215523
22782,0.2154598778405081,4,8,4,604784,826,107583,373,0.00765126533031976,0.311092577147623
22783,0.2154957768191331,2,5,2,604789,821,107585,371,0.007604950164881989,0.311241610738255
22784,0.215504895314842,4,21,4,604810,800,107589,367,0.007410426470043351,0.3144815766923736
22785,0.2155094884392059,0,2,0,604812,798,107589,367,0.0073919004038682425,0.3150214592274678
22786,0.2155428447723061,1,1,1,604813,797,107590,366,0.007382637370780688,0.31470335339638866
22787,0.215582767092638,1,2,1,604815,795,107591,365,0.00736411130460558,0.3146551724137931
22788,0.2155939357986417,1,1,1,604816,794,107592,364,0.007354848271518026,0.3143350604490501
22789,0.2156219632870786,0,3,0,604819,791,107592,364,0.007327059172255363,0.3151515151515151
22790,0.2156321295348682,2,0,2,604819,791,107594,362,0.007327059172255363,0.3139635732870772
22791,0.2156770865161902,6,13,6,604832,778,107600,356,0.0072066397421171585,0.31393298059964725
22792,0.2157094734305208,0,1,0,604833,777,107600,356,0.007197376709029604,0.3142100617828773
22793,0.2157144244404852,1,0,1,604833,777,107601,355,0.007197376709029604,0.3136042402826855
22794,0.2157237813409416,1,1,1,604834,776,107602,354,0.00718811367594205,0.31327433628318585
22795,0.2157556290384255,4,1,4,604835,775,107606,350,0.007178850642854497,0.3111111111111111
22796,0.2157623806265915,5,8,5,604843,767,107611,345,0.007104746378154063,0.3102517985611511
22797,0.2157714079667355,0,8,0,604851,759,107611,345,0.0070306421134536294,0.3125
22798,0.2157809249325663,7,6,7,604857,753,107618,338,0.006975063914928304,0.30980751604032997
22799,0.2157859851756285,1,0,1,604857,753,107619,337,0.006975063914928304,0.3091743119266055
22800,0.2158347975803229,7,4,7,604861,749,107626,330,0.006938011782578087,0.30583873957367935
22801,0.2158642479003508,1,2,1,604863,747,107627,329,0.006919485716402979,0.30576208178438663
22802,0.2159193134551197,2,0,2,604863,747,107629,327,0.006919485716402979,0.30446927374301674
22803,0.2159241582516728,1,1,1,604864,746,107630,326,0.006910222683315425,0.3041044776119403
22804,0.215924160665256,1,0,1,604864,746,107631,325,0.006910222683315425,0.3034547152194211
22805,0.2159266821062028,1,6,1,604870,740,107632,324,0.0068546444847901,0.30451127819548873
22806,0.2159727041546653,14,40,14,604910,700,107646,310,0.006484123161287932,0.3069306930693069
22807,0.2159804880635009,0,1,0,604911,699,107646,310,0.006474860128200378,0.3072348860257681
22808,0.2159885087873687,0,1,0,604912,698,107646,310,0.006465597095112824,0.30753968253968256
22809,0.2159950119406491,0,2,0,604914,696,107646,310,0.0064470710289377155,0.3081510934393638
22810,0.215995718986816,5,11,5,604925,685,107651,305,0.006345177664974619,0.30808080808080807
22811,0.2160057839576417,0,2,0,604927,683,107651,305,0.006326651598799511,0.30870445344129555
22812,0.2160600695225119,21,46,21,604973,637,107672,284,0.005900552076772018,0.30836047774158526
22813,0.2160745714284246,5,17,5,604990,620,107677,279,0.005743080514283597,0.3103448275862069
22814,0.2161060281800304,21,28,21,605018,592,107698,258,0.00548371558783208,0.3035294117647059
22815,0.2161263772291924,3,3,3,605021,589,107701,255,0.005455926488569417,0.30213270142180093
22816,0.2161383233422003,0,1,0,605022,588,107701,255,0.005446663455481863,0.302491103202847
22817,0.2162120488949061,6,17,6,605039,571,107707,249,0.005289191892993442,0.30365853658536585
22818,0.2162228045206772,1,2,1,605041,569,107708,248,0.005270665826818333,0.30354957160342716
22819,0.2162768088476026,1,0,1,605041,569,107709,247,0.005270665826818333,0.30269607843137253
22820,0.2163123258273897,1,2,1,605043,567,107710,246,0.005252139760643225,0.3025830258302583
22821,0.2163125870704193,3,6,3,605049,561,107713,243,0.0051965615621179,0.30223880597014924
22822,0.2163367007572662,11,17,11,605066,544,107724,232,0.005039089999629479,0.29896907216494845
22823,0.2163411593832984,5,7,5,605073,537,107729,227,0.0049742487680166,0.29712041884816753
22824,0.216355623770043,8,11,8,605084,526,107737,219,0.004872355404053503,0.29395973154362415
22825,0.2163757385712647,9,26,9,605110,500,107746,210,0.004631516543777094,0.29577464788732394
22826,0.2165229105984931,22,56,22,605166,444,107768,188,0.00411278669087406,0.2974683544303797
22827,0.2165461968750951,1,0,1,605166,444,107769,187,0.00411278669087406,0.29635499207606975
22828,0.2165472140494194,3,6,3,605172,438,107772,184,0.004057208492348734,0.2958199356913183
22829,0.2165747163992608,12,11,12,605183,427,107784,172,0.003955315128385639,0.2871452420701169
22830,0.2166025493634996,2,9,2,605192,418,107786,170,0.0038719478305976507,0.2891156462585034
22831,0.2166490813231787,3,4,3,605196,414,107789,167,0.0038348956982474343,0.2874354561101549
22832,0.2166659621073746,18,59,18,605255,355,107807,149,0.003288376746081737,0.29563492063492064
22833,0.2167353426923935,1,1,1,605256,354,107808,148,0.003279113712994183,0.2948207171314741
22834,0.2167617172836219,0,1,0,605257,353,107808,148,0.0032698506799066288,0.2954091816367265
22835,0.2167662390398582,5,22,5,605279,331,107813,143,0.0030660639519804363,0.30168776371308015
22836,0.2167850399273346,23,55,23,605334,276,107836,120,0.002556597132164956,0.30303030303030304
22837,0.2167987554362685,17,29,17,605363,247,107853,103,0.0022879691726258844,0.29428571428571426
22838,0.2168296517837332,20,55,20,605418,192,107873,83,0.0017785023528104043,0.3018181818181818
22839,0.2169112106520203,4,1,4,605419,191,107877,79,0.0017692393197228501,0.29259259259259257
22840,0.2169758799605661,1,2,1,605421,189,107878,78,0.0017507132535477417,0.29213483146067415
22841,0.217060361139043,7,6,7,605427,183,107885,71,0.0016951350550224165,0.2795275590551181
22842,0.2170974204932472,3,15,3,605442,168,107888,68,0.0015561895587091036,0.288135593220339
22843,0.2171405070768564,0,1,0,605443,167,107888,68,0.0015469265256215494,0.28936170212765955
22844,0.217189255904862,1,9,1,605452,158,107889,67,0.0014635592278335618,0.29777777777777775
22845,0.2171981441025124,0,2,0,605454,156,107889,67,0.0014450331616584534,0.3004484304932735
22846,0.2172045341401326,1,1,1,605455,155,107890,66,0.0014357701285708992,0.2986425339366516
22847,0.217252668648737,29,90,29,605545,65,107919,37,0.0006020971506910223,0.3627450980392157
22848,0.2173595498220887,6,16,6,605561,49,107925,31,0.00045388862129015523,0.3875
22849,0.2173837534934609,0,1,0,605562,48,107925,31,0.0004446255882026011,0.3924050632911392
22850,0.2174148576682064,0,2,0,605564,46,107925,31,0.00042609952202749267,0.4025974025974026
22851,0.2174693747022199,0,2,0,605566,44,107925,31,0.0004075734558523843,0.41333333333333333
22852,0.2176270857663526,0,4,0,605570,40,107925,31,0.00037052132350216756,0.43661971830985913
22853,0.2177189702922325,0,1,0,605571,39,107925,31,0.00036125829041461335,0.44285714285714284
22854,0.2177873001266788,1,1,1,605572,38,107926,30,0.00035199525732705915,0.4411764705882353
22855,0.2178983163660601,7,6,7,605578,32,107933,23,0.00029641705880173404,0.41818181818181815
22856,0.2179343020081916,0,1,0,605579,31,107933,23,0.00028715402571417983,0.42592592592592593
22857,0.2179636198325673,1,1,1,605580,30,107934,22,0.0002778909926266257,0.4230769230769231
22858,0.2179893675629606,1,2,1,605582,28,107935,21,0.0002593649264515173,0.42857142857142855
22859,0.2181446255362654,2,3,2,605585,25,107937,19,0.00023157582718885472,0.4318181818181818
22860,0.2181479119560728,0,1,0,605586,24,107937,19,0.00022231279410130054,0.4418604651162791
22861,0.2182447096933539,0,1,0,605587,23,107937,19,0.00021304976101374634,0.4523809523809524
22862,0.218406754865107,2,3,2,605590,20,107939,17,0.00018526066175108378,0.4594594594594595
22863,0.218447233305094,0,2,0,605592,18,107939,17,0.0001667345955759754,0.4857142857142857
22864,0.2185187940402373,1,7,1,605599,11,107940,16,0.00010189336396309608,0.5925925925925926
22865,0.2187191354310195,1,0,1,605599,11,107941,15,0.00010189336396309608,0.5769230769230769
22866,0.2187998839010238,1,0,1,605599,11,107942,14,0.00010189336396309608,0.56
22867,0.218971209160946,2,4,2,605603,7,107944,12,6.484123161287932e-05,0.631578947368421
22868,0.2190714860934297,1,2,1,605605,5,107945,11,4.6315165437770945e-05,0.6875
22869,0.2191348988373047,4,4,4,605609,1,107949,7,9.263033087554189e-06,0.875
22870,0.2194945029584334,1,0,1,605609,1,107950,6,9.263033087554189e-06,0.8571428571428571
22871,0.2195579157023084,6,1,6,605610,0,107956,0,0.0,
