p,Neg,Pos,$\frac{\text{Pos}}{\text{Neg}+\text{Pos}}$,TN,FP,FN,TP,Prec,Rec,$\frac{\text{FP}}{\text{P}}$
0.0,"30,281","4,150",0.12,"30,281","575,329","4,150","103,806",0.15,0.96,5.33
0.01,"2,013",272,0.12,"32,294","573,316","4,422","103,534",0.15,0.96,5.31
0.02,"2,025",251,0.11,"34,319","571,291","4,673","103,283",0.15,0.96,5.29
0.03,"2,018",294,0.13,"36,337","569,273","4,967","102,989",0.15,0.95,5.27
0.04,"2,146",299,0.12,"38,483","567,127","5,266","102,690",0.15,0.95,5.25
0.05,"2,374",309,0.12,"40,857","564,753","5,575","102,381",0.15,0.95,5.23
0.06,"2,436",328,0.12,"43,293","562,317","5,903","102,053",0.15,0.95,5.21
0.07,"2,726",343,0.11,"46,019","559,591","6,246","101,710",0.15,0.94,5.18
0.08,"2,972",352,0.11,"48,991","556,619","6,598","101,358",0.15,0.94,5.16
0.09,"3,417",407,0.11,"52,408","553,202","7,005","100,951",0.15,0.94,5.12
0.1,"3,768",475,0.11,"56,176","549,434","7,480","100,476",0.15,0.93,5.09
0.11,"4,214",567,0.12,"60,390","545,220","8,047","99,909",0.15,0.93,5.05
0.12,"4,757",635,0.12,"65,147","540,463","8,682","99,274",0.16,0.92,5.01
0.13,"5,151",649,0.11,"70,298","535,312","9,331","98,625",0.16,0.91,4.96
0.14,"5,778",658,0.10,"76,076","529,534","9,989","97,967",0.16,0.91,4.91
0.15,"6,284",706,0.10,"82,360","523,250","10,695","97,261",0.16,0.90,4.85
0.16,"6,590",824,0.11,"88,950","516,660","11,519","96,437",0.16,0.89,4.79
0.17,"6,717",912,0.12,"95,667","509,943","12,431","95,525",0.16,0.88,4.72
0.18,"6,551",941,0.13,"102,218","503,392","13,372","94,584",0.16,0.88,4.66
0.19,"6,781",901,0.12,"108,999","496,611","14,273","93,683",0.16,0.87,4.60
0.2,"6,548",860,0.12,"115,547","490,063","15,133","92,823",0.16,0.86,4.54
0.21,"6,593",948,0.13,"122,140","483,470","16,081","91,875",0.16,0.85,4.48
0.22,"6,876",957,0.12,"129,016","476,594","17,038","90,918",0.16,0.84,4.41
0.23,"6,661",994,0.13,"135,677","469,933","18,032","89,924",0.16,0.83,4.35
0.24,"6,739","1,004",0.13,"142,416","463,194","19,036","88,920",0.16,0.82,4.29
0.25,"6,690","1,046",0.14,"149,106","456,504","20,082","87,874",0.16,0.81,4.23
0.26,"6,374","1,005",0.14,"155,480","450,130","21,087","86,869",0.16,0.80,4.17
0.27,"6,782",998,0.13,"162,262","443,348","22,085","85,871",0.16,0.80,4.11
0.28,"6,703",984,0.13,"168,965","436,645","23,069","84,887",0.16,0.79,4.04
0.29,"6,759","1,053",0.13,"175,724","429,886","24,122","83,834",0.16,0.78,3.98
0.3,"6,434","1,056",0.14,"182,158","423,452","25,178","82,778",0.16,0.77,3.92
0.31,"6,254","1,011",0.14,"188,412","417,198","26,189","81,767",0.16,0.76,3.86
0.32,"5,852","1,028",0.15,"194,264","411,346","27,217","80,739",0.16,0.75,3.81
0.33,"5,439",971,0.15,"199,703","405,907","28,188","79,768",0.16,0.74,3.76
0.34,"5,124",948,0.16,"204,827","400,783","29,136","78,820",0.16,0.73,3.71
0.35,"4,735",844,0.15,"209,562","396,048","29,980","77,976",0.16,0.72,3.67
0.36,"4,643",772,0.14,"214,205","391,405","30,752","77,204",0.16,0.72,3.63
0.37,"4,565",898,0.16,"218,770","386,840","31,650","76,306",0.16,0.71,3.58
0.38,"4,365",831,0.16,"223,135","382,475","32,481","75,475",0.16,0.70,3.54
0.39,"4,153",795,0.16,"227,288","378,322","33,276","74,680",0.16,0.69,3.50
0.4,"4,095",774,0.16,"231,383","374,227","34,050","73,906",0.16,0.68,3.47
0.41,"4,485",739,0.14,"235,868","369,742","34,789","73,167",0.17,0.68,3.42
0.42,"5,887",825,0.12,"241,755","363,855","35,614","72,342",0.17,0.67,3.37
0.43,"12,732","1,031",0.07,"254,487","351,123","36,645","71,311",0.17,0.66,3.25
0.44,"23,590","1,764",0.07,"278,077","327,533","38,409","69,547",0.18,0.64,3.03
0.45,"34,328","2,839",0.08,"312,405","293,205","41,248","66,708",0.19,0.62,2.72
0.46,"46,163","4,917",0.10,"358,568","247,042","46,165","61,791",0.20,0.57,2.29
0.47,"52,276","7,511",0.13,"410,844","194,766","53,676","54,280",0.22,0.50,1.80
0.48,"45,278","9,075",0.17,"456,122","149,488","62,751","45,205",0.23,0.42,1.38
0.49,"29,326","7,847",0.21,"485,448","120,162","70,598","37,358",0.24,0.35,1.11
0.5,"16,503","5,686",0.26,"501,951","103,659","76,284","31,672",0.23,0.29,0.96
0.51,"9,313","4,097",0.31,"511,264","94,346","80,381","27,575",0.23,0.26,0.87
0.52,"6,696","3,074",0.31,"517,960","87,650","83,455","24,501",0.22,0.23,0.81
0.53,"4,707","2,318",0.33,"522,667","82,943","85,773","22,183",0.21,0.21,0.77
0.54,"3,402","1,167",0.26,"526,069","79,541","86,940","21,016",0.21,0.19,0.74
0.55,"2,773",732,0.21,"528,842","76,768","87,672","20,284",0.21,0.19,0.71
0.56,"2,634",617,0.19,"531,476","74,134","88,289","19,667",0.21,0.18,0.69
0.57,"2,577",553,0.18,"534,053","71,557","88,842","19,114",0.21,0.18,0.66
0.58,"2,494",517,0.17,"536,547","69,063","89,359","18,597",0.21,0.17,0.64
0.59,"2,382",535,0.18,"538,929","66,681","89,894","18,062",0.21,0.17,0.62
0.6,"2,420",538,0.18,"541,349","64,261","90,432","17,524",0.21,0.16,0.60
0.61,"2,311",496,0.18,"543,660","61,950","90,928","17,028",0.22,0.16,0.57
0.62,"2,227",493,0.18,"545,887","59,723","91,421","16,535",0.22,0.15,0.55
0.63,"1,993",455,0.19,"547,880","57,730","91,876","16,080",0.22,0.15,0.53
0.64,"1,953",496,0.20,"549,833","55,777","92,372","15,584",0.22,0.14,0.52
0.65,"1,816",426,0.19,"551,649","53,961","92,798","15,158",0.22,0.14,0.50
0.66,"1,699",418,0.20,"553,348","52,262","93,216","14,740",0.22,0.14,0.48
0.67,"1,635",421,0.20,"554,983","50,627","93,637","14,319",0.22,0.13,0.47
0.68,"1,617",407,0.20,"556,600","49,010","94,044","13,912",0.22,0.13,0.45
0.69,"1,573",403,0.20,"558,173","47,437","94,447","13,509",0.22,0.13,0.44
0.7,"1,333",369,0.22,"559,506","46,104","94,816","13,140",0.22,0.12,0.43
0.71,"1,286",334,0.21,"560,792","44,818","95,150","12,806",0.22,0.12,0.42
0.72,"1,383",320,0.19,"562,175","43,435","95,470","12,486",0.22,0.12,0.40
0.73,"1,376",333,0.19,"563,551","42,059","95,803","12,153",0.22,0.11,0.39
0.74,"1,334",347,0.21,"564,885","40,725","96,150","11,806",0.22,0.11,0.38
0.75,"1,279",346,0.21,"566,164","39,446","96,496","11,460",0.23,0.11,0.37
0.76,"1,131",319,0.22,"567,295","38,315","96,815","11,141",0.23,0.10,0.35
0.77,999,287,0.22,"568,294","37,316","97,102","10,854",0.23,0.10,0.35
0.78,"1,064",280,0.21,"569,358","36,252","97,382","10,574",0.23,0.10,0.34
0.79,"1,084",272,0.20,"570,442","35,168","97,654","10,302",0.23,0.10,0.33
0.8,"1,129",256,0.18,"571,571","34,039","97,910","10,046",0.23,0.09,0.32
0.81,"1,161",305,0.21,"572,732","32,878","98,215","9,741",0.23,0.09,0.30
0.82,"1,225",318,0.21,"573,957","31,653","98,533","9,423",0.23,0.09,0.29
0.83,"1,039",291,0.22,"574,996","30,614","98,824","9,132",0.23,0.08,0.28
0.84,975,265,0.21,"575,971","29,639","99,089","8,867",0.23,0.08,0.27
0.85,907,246,0.21,"576,878","28,732","99,335","8,621",0.23,0.08,0.27
0.86,825,242,0.23,"577,703","27,907","99,577","8,379",0.23,0.08,0.26
0.87,824,219,0.21,"578,527","27,083","99,796","8,160",0.23,0.08,0.25
0.88,817,217,0.21,"579,344","26,266","100,013","7,943",0.23,0.07,0.24
0.89,737,212,0.22,"580,081","25,529","100,225","7,731",0.23,0.07,0.24
0.9,725,232,0.24,"580,806","24,804","100,457","7,499",0.23,0.07,0.23
0.91,714,217,0.23,"581,520","24,090","100,674","7,282",0.23,0.07,0.22
0.92,716,202,0.22,"582,236","23,374","100,876","7,080",0.23,0.07,0.22
0.93,683,206,0.23,"582,919","22,691","101,082","6,874",0.23,0.06,0.21
0.94,692,208,0.23,"583,611","21,999","101,290","6,666",0.23,0.06,0.20
0.95,748,202,0.21,"584,359","21,251","101,492","6,464",0.23,0.06,0.20
0.96,790,240,0.23,"585,149","20,461","101,732","6,224",0.23,0.06,0.19
0.97,764,202,0.21,"585,913","19,697","101,934","6,022",0.23,0.06,0.18
0.98,803,204,0.20,"586,716","18,894","102,138","5,818",0.24,0.05,0.18
0.99,702,207,0.23,"587,418","18,192","102,345","5,611",0.24,0.05,0.17
1.0,"18,192","5,611",0.24,"605,610",0,"107,956",0,nan,0.00,0.00
