p,Neg,Pos,$\frac{\text{Pos}}{\text{Neg}+\text{Pos}}$,TN,FP,FN,TP,Prec,Rec,$\frac{\text{FP}}{\text{P}}$
0.0,"60,563","7,966",0.12,"60,563","545,047","7,966","99,990",0.16,0.93,5.05
0.01,"4,039",565,0.12,"64,602","541,008","8,531","99,425",0.16,0.92,5.01
0.02,"1,475",194,0.12,"66,077","539,533","8,725","99,231",0.16,0.92,5.00
0.03,"2,839",531,0.16,"68,916","536,694","9,256","98,700",0.16,0.91,4.97
0.04,"3,544",570,0.14,"72,460","533,150","9,826","98,130",0.16,0.91,4.94
0.05,"3,969",520,0.12,"76,429","529,181","10,346","97,610",0.16,0.90,4.90
0.06,"5,473",782,0.13,"81,902","523,708","11,128","96,828",0.16,0.90,4.85
0.07,"4,440",925,0.17,"86,342","519,268","12,053","95,903",0.16,0.89,4.81
0.08,"1,929",276,0.13,"88,271","517,339","12,329","95,627",0.16,0.89,4.79
0.09,"2,620",388,0.13,"90,891","514,719","12,717","95,239",0.16,0.88,4.77
0.1,"4,240",660,0.13,"95,131","510,479","13,377","94,579",0.16,0.88,4.73
0.11,"2,816",722,0.20,"97,947","507,663","14,099","93,857",0.16,0.87,4.70
0.12,"2,269",387,0.15,"100,216","505,394","14,486","93,470",0.16,0.87,4.68
0.13,"1,192",174,0.13,"101,408","504,202","14,660","93,296",0.16,0.86,4.67
0.14,"1,824",237,0.11,"103,232","502,378","14,897","93,059",0.16,0.86,4.65
0.15,"3,037",432,0.12,"106,269","499,341","15,329","92,627",0.16,0.86,4.63
0.16,"4,226",540,0.11,"110,495","495,115","15,869","92,087",0.16,0.85,4.59
0.17,"5,775",739,0.11,"116,270","489,340","16,608","91,348",0.16,0.85,4.53
0.18,"4,842",750,0.13,"121,112","484,498","17,358","90,598",0.16,0.84,4.49
0.19,"4,348",903,0.17,"125,460","480,150","18,261","89,695",0.16,0.83,4.45
0.2,"4,652",694,0.13,"130,112","475,498","18,955","89,001",0.16,0.82,4.40
0.21,"5,855",654,0.10,"135,967","469,643","19,609","88,347",0.16,0.82,4.35
0.22,"9,232","1,299",0.12,"145,199","460,411","20,908","87,048",0.16,0.81,4.26
0.23,"4,369",645,0.13,"149,568","456,042","21,553","86,403",0.16,0.80,4.22
0.24,"3,708",520,0.12,"153,276","452,334","22,073","85,883",0.16,0.80,4.19
0.25,"4,325",794,0.16,"157,601","448,009","22,867","85,089",0.16,0.79,4.15
0.26,"4,647",854,0.16,"162,248","443,362","23,721","84,235",0.16,0.78,4.11
0.27,"5,145",777,0.13,"167,393","438,217","24,498","83,458",0.16,0.77,4.06
0.28,"7,950",899,0.10,"175,343","430,267","25,397","82,559",0.16,0.76,3.99
0.29,"7,846",937,0.11,"183,189","422,421","26,334","81,622",0.16,0.76,3.91
0.3,"6,134",604,0.09,"189,323","416,287","26,938","81,018",0.16,0.75,3.86
0.31,"8,559","1,172",0.12,"197,882","407,728","28,110","79,846",0.16,0.74,3.78
0.32,"8,684","1,400",0.14,"206,566","399,044","29,510","78,446",0.16,0.73,3.70
0.33,"6,260",843,0.12,"212,826","392,784","30,353","77,603",0.16,0.72,3.64
0.34,"8,411","1,034",0.11,"221,237","384,373","31,387","76,569",0.17,0.71,3.56
0.35,"11,196","1,728",0.13,"232,433","373,177","33,115","74,841",0.17,0.69,3.46
0.36,"12,100","1,600",0.12,"244,533","361,077","34,715","73,241",0.17,0.68,3.34
0.37,"12,142","1,670",0.12,"256,675","348,935","36,385","71,571",0.17,0.66,3.23
0.38,"15,348","2,253",0.13,"272,023","333,587","38,638","69,318",0.17,0.64,3.09
0.39,"13,032","2,061",0.14,"285,055","320,555","40,699","67,257",0.17,0.62,2.97
0.4,"13,759","1,972",0.13,"298,814","306,796","42,671","65,285",0.18,0.60,2.84
0.41,"18,320","2,949",0.14,"317,134","288,476","45,620","62,336",0.18,0.58,2.67
0.42,"23,601","4,233",0.15,"340,735","264,875","49,853","58,103",0.18,0.54,2.45
0.43,"18,775","3,242",0.15,"359,510","246,100","53,095","54,861",0.18,0.51,2.28
0.44,"15,342","2,787",0.15,"374,852","230,758","55,882","52,074",0.18,0.48,2.14
0.45,"9,884","1,943",0.16,"384,736","220,874","57,825","50,131",0.18,0.46,2.05
0.46,"8,311","1,306",0.14,"393,047","212,563","59,131","48,825",0.19,0.45,1.97
0.47,"6,947","1,344",0.16,"399,994","205,616","60,475","47,481",0.19,0.44,1.90
0.48,"10,070","1,854",0.16,"410,064","195,546","62,329","45,627",0.19,0.42,1.81
0.49,"10,735","1,981",0.16,"420,799","184,811","64,310","43,646",0.19,0.40,1.71
0.5,"11,384","2,056",0.15,"432,183","173,427","66,366","41,590",0.19,0.39,1.61
0.51,"9,377","1,952",0.17,"441,560","164,050","68,318","39,638",0.19,0.37,1.52
0.52,"8,846","1,828",0.17,"450,406","155,204","70,146","37,810",0.20,0.35,1.44
0.53,"5,774","1,122",0.16,"456,180","149,430","71,268","36,688",0.20,0.34,1.38
0.54,"5,727","1,097",0.16,"461,907","143,703","72,365","35,591",0.20,0.33,1.33
0.55,"5,001","1,061",0.18,"466,908","138,702","73,426","34,530",0.20,0.32,1.28
0.56,"4,787","1,002",0.17,"471,695","133,915","74,428","33,528",0.20,0.31,1.24
0.57,"5,156","1,153",0.18,"476,851","128,759","75,581","32,375",0.20,0.30,1.19
0.58,"4,474","1,187",0.21,"481,325","124,285","76,768","31,188",0.20,0.29,1.15
0.59,"2,664",568,0.18,"483,989","121,621","77,336","30,620",0.20,0.28,1.13
0.6,"2,083",511,0.20,"486,072","119,538","77,847","30,109",0.20,0.28,1.11
0.61,"2,161",494,0.19,"488,233","117,377","78,341","29,615",0.20,0.27,1.09
0.62,"3,271",697,0.18,"491,504","114,106","79,038","28,918",0.20,0.27,1.06
0.63,"4,606",810,0.15,"496,110","109,500","79,848","28,108",0.20,0.26,1.01
0.64,"4,475",837,0.16,"500,585","105,025","80,685","27,271",0.21,0.25,0.97
0.65,"5,359","1,120",0.17,"505,944","99,666","81,805","26,151",0.21,0.24,0.92
0.66,"4,610","1,030",0.18,"510,554","95,056","82,835","25,121",0.21,0.23,0.88
0.67,"4,832","1,194",0.20,"515,386","90,224","84,029","23,927",0.21,0.22,0.84
0.68,"3,854",914,0.19,"519,240","86,370","84,943","23,013",0.21,0.21,0.80
0.69,"4,876","1,115",0.19,"524,116","81,494","86,058","21,898",0.21,0.20,0.75
0.7,"4,349",972,0.18,"528,465","77,145","87,030","20,926",0.21,0.19,0.71
0.71,"4,475",955,0.18,"532,940","72,670","87,985","19,971",0.22,0.18,0.67
0.72,"2,817",740,0.21,"535,757","69,853","88,725","19,231",0.22,0.18,0.65
0.73,"2,879",609,0.17,"538,636","66,974","89,334","18,622",0.22,0.17,0.62
0.74,"1,383",326,0.19,"540,019","65,591","89,660","18,296",0.22,0.17,0.61
0.75,"1,409",261,0.16,"541,428","64,182","89,921","18,035",0.22,0.17,0.59
0.76,"1,639",357,0.18,"543,067","62,543","90,278","17,678",0.22,0.16,0.58
0.77,"1,491",483,0.24,"544,558","61,052","90,761","17,195",0.22,0.16,0.57
0.78,"1,529",521,0.25,"546,087","59,523","91,282","16,674",0.22,0.15,0.55
0.79,"1,287",279,0.18,"547,374","58,236","91,561","16,395",0.22,0.15,0.54
0.8,"1,419",267,0.16,"548,793","56,817","91,828","16,128",0.22,0.15,0.53
0.81,"2,030",393,0.16,"550,823","54,787","92,221","15,735",0.22,0.15,0.51
0.82,"1,844",377,0.17,"552,667","52,943","92,598","15,358",0.22,0.14,0.49
0.83,"2,036",506,0.20,"554,703","50,907","93,104","14,852",0.23,0.14,0.47
0.84,"1,154",334,0.22,"555,857","49,753","93,438","14,518",0.23,0.13,0.46
0.85,598,156,0.21,"556,455","49,155","93,594","14,362",0.23,0.13,0.46
0.86,936,164,0.15,"557,391","48,219","93,758","14,198",0.23,0.13,0.45
0.87,914,199,0.18,"558,305","47,305","93,957","13,999",0.23,0.13,0.44
0.88,"1,813",402,0.18,"560,118","45,492","94,359","13,597",0.23,0.13,0.42
0.89,"1,637",450,0.22,"561,755","43,855","94,809","13,147",0.23,0.12,0.41
0.9,"1,745",497,0.22,"563,500","42,110","95,306","12,650",0.23,0.12,0.39
0.91,"1,180",296,0.20,"564,680","40,930","95,602","12,354",0.23,0.11,0.38
0.92,"1,431",264,0.16,"566,111","39,499","95,866","12,090",0.23,0.11,0.37
0.93,994,280,0.22,"567,105","38,505","96,146","11,810",0.23,0.11,0.36
0.94,649,156,0.19,"567,754","37,856","96,302","11,654",0.24,0.11,0.35
0.95,586,149,0.20,"568,340","37,270","96,451","11,505",0.24,0.11,0.35
0.96,635,167,0.21,"568,975","36,635","96,618","11,338",0.24,0.11,0.34
0.97,545,175,0.24,"569,520","36,090","96,793","11,163",0.24,0.10,0.33
0.98,333,115,0.26,"569,853","35,757","96,908","11,048",0.24,0.10,0.33
0.99,410,82,0.17,"570,263","35,347","96,990","10,966",0.24,0.10,0.33
1.0,"35,347","10,966",0.24,"605,610",0,"107,956",0,nan,0.00,0.00
