p,Neg,Pos,$\frac{\text{Pos}}{\text{Neg}+\text{Pos}}$,TN,FP,FN,TP,Prec,Rec,$\frac{\text{FP}}{\text{P}}$
0.0,"15,141","2,104",0.12,"15,141","590,469","2,104","105,852",0.15,0.98,5.47
0.1,"11,624","1,616",0.12,"26,765","578,845","3,720","104,236",0.15,0.97,5.36
0.2,"40,042","5,164",0.11,"66,807","538,803","8,884","99,072",0.16,0.92,4.99
0.3,"91,632","12,642",0.12,"158,439","447,171","21,526","86,430",0.16,0.80,4.14
0.4,"75,354","12,942",0.15,"233,793","371,817","34,468","73,488",0.17,0.68,3.44
0.5,"294,184","53,018",0.15,"527,977","77,633","87,486","20,470",0.21,0.19,0.72
0.6,"29,853","6,863",0.19,"557,830","47,780","94,349","13,607",0.22,0.13,0.44
0.7,"17,061","4,438",0.21,"574,891","30,719","98,787","9,169",0.23,0.08,0.28
0.8,"11,037","3,153",0.22,"585,928","19,682","101,940","6,016",0.23,0.06,0.18
0.9,"6,998","2,030",0.22,"592,926","12,684","103,970","3,986",0.24,0.04,0.12
1.0,"12,684","3,986",0.24,"605,610",0,"107,956",0,nan,0.00,0.00
