,y_proba,y_test,Neg,Pos,TN,FP,FN,TP,FP/P,Prec
0,0.48266,0,4,0,4,605606,0,107956,5.609748416021342,0.15129168873903037
1,0.48267,0,2,0,6,605604,0,107956,5.609729889955167,0.1512921127865912
2,0.48268,1,1,1,7,605603,1,107955,5.609720626922079,0.15129113540875444
3,0.48269,1,20,1,27,605583,2,107954,5.609535366260328,0.15129418656635885
4,0.4827,1,9,1,36,605574,3,107953,5.60945199896254,0.15129490544856747
5,0.48271,3,28,3,64,605546,6,107950,5.609192634036089,0.15129727426642897
6,0.48272,1,37,1,101,605509,7,107949,5.608849901811849,0.15130393099523728
7,0.48273,0,11,0,112,605498,7,107949,5.608748008447886,0.15130626381497153
8,0.48274,1,18,1,130,605480,8,107948,5.60858127385231,0.151308891717174
9,0.48275,0,2,0,132,605478,8,107948,5.608562747786135,0.15130931589260835
10,0.48276,0,1,0,133,605477,8,107948,5.608553484753047,0.15130952798121736
11,0.48277,0,2,0,135,605475,8,107948,5.608534958686873,0.1513099521602191
12,0.48312,5,123,5,258,605352,13,107943,5.6073956056171035,0.15133009484154522
13,0.48313,4,87,4,345,605265,17,107939,5.606589721738486,0.15134379504321344
14,0.48314,4,72,4,417,605193,21,107935,5.605922783356182,0.15135431507387173
15,0.48315,13,298,13,715,604895,34,107922,5.603162399496091,0.1514021130248016
16,0.48316,7,131,7,846,604764,41,107915,5.601948942161622,0.15142160776450547
17,0.48317,17,274,17,1120,604490,58,107898,5.599410871095632,0.15145959785959337
18,0.48318,13,289,13,1409,604201,71,107885,5.596733854533328,0.1515055765736161
19,0.48319,1,83,1,1492,604118,72,107884,5.595965022787062,0.15152204628638682
20,0.4832,6,82,6,1574,604036,78,107878,5.595205454073882,0.15153234800832685
21,0.48321,0,18,0,1592,604018,78,107878,5.595038719478306,0.15153617944194095
22,0.48322,2,12,2,1604,604006,80,107876,5.594927563081256,0.15153635012544214
23,0.48323,0,3,0,1607,604003,80,107876,5.594899773981993,0.15153698872982627
24,0.48332,0,4,0,1611,603999,80,107876,5.594862721849642,0.15153784021071115
25,0.48333,1,7,1,1618,603992,81,107875,5.59479788061803,0.15153813844440042
26,0.48334,0,9,0,1627,603983,81,107875,5.594714513320241,0.1515400543366795
27,0.48335,0,44,0,1671,603939,81,107875,5.594306939864389,0.1515494216185689
28,0.48336,2,24,2,1695,603915,83,107873,5.594084627070288,0.15155214754955126
29,0.48337,5,67,5,1762,603848,88,107868,5.593464003853422,0.15156045388891073
30,0.48338,4,62,4,1824,603786,92,107864,5.592889695801993,0.15156888920115225
31,0.48339,1,15,1,1839,603771,93,107863,5.59275075030568,0.15157089177863903
32,0.4834,1,27,1,1866,603744,94,107862,5.592500648412316,0.15157545045994553
33,0.48341,0,5,0,1871,603739,94,107862,5.592454333246878,0.15157651549112494
34,0.48342,0,2,0,1873,603737,94,107862,5.592435807180704,0.1515769415077874
35,0.4836,0,1,0,1874,603736,94,107862,5.5924265441476155,0.15157715451701664
36,0.48362,0,2,0,1876,603734,94,107862,5.59240801808144,0.15157758053727116
37,0.48363,0,7,0,1883,603727,94,107862,5.592343176849828,0.15157907162702067
38,0.48364,2,11,2,1894,603716,96,107860,5.592241283485865,0.15157903020900088
39,0.48365,2,17,2,1911,603699,98,107858,5.592083811923376,0.15158026693574794
40,0.48366,3,18,3,1929,603681,101,107855,5.591917077327801,0.15158052438667896
41,0.48367,3,28,3,1957,603653,104,107852,5.591657712401349,0.1515829122774963
42,0.48368,0,23,0,1980,603630,104,107852,5.591444662640335,0.1515878124815526
43,0.48369,1,29,1,2009,603601,105,107851,5.591176034680796,0.1515927989520024
44,0.4837,1,15,1,2024,603586,106,107850,5.591037089184483,0.1515948026245509
45,0.48371,4,29,4,2053,603557,110,107846,5.590768461224943,0.15159621199235876
46,0.48372,3,26,3,2079,603531,113,107843,5.590527622364667,0.1515981747997537
47,0.48373,1,14,1,2093,603517,114,107842,5.590397939901441,0.15159996569945697
48,0.48374,1,31,1,2124,603486,115,107841,5.590110785875727,0.15160537980422506
49,0.48375,3,41,3,2165,603445,118,107838,5.589731001519137,0.15161054038969018
50,0.48376,1,14,1,2179,603431,119,107837,5.5896013190559115,0.1516123317793012
51,0.48377,4,19,4,2198,603412,123,107833,5.589425321427248,0.15161161062643674
52,0.48378,0,13,0,2211,603399,123,107833,5.58930490199711,0.15161438180509312
53,0.48379,4,41,4,2252,603358,127,107829,5.58892511764052,0.15161835072913313
54,0.4838,4,31,4,2283,603327,131,107825,5.588637963614806,0.15162018808918487
55,0.48381,8,24,8,2307,603303,139,107817,5.588415650820704,0.15161576105298682
56,0.48382,4,21,4,2328,603282,143,107813,5.588221127125866,0.1516154662879081
57,0.48383,4,5,4,2333,603277,147,107809,5.588174811960428,0.15161176004027643
58,0.48384,3,26,3,2359,603251,150,107806,5.587933973100152,0.1516137243568378
59,0.48387,1,5,1,2364,603246,151,107805,5.587887657934714,0.15161359733689989
60,0.48388,1,3,1,2367,603243,152,107804,5.5878598688354515,0.1516130438634858
61,0.48389,3,13,3,2380,603230,155,107801,5.587739449405313,0.15161223631599746
62,0.4839,5,22,5,2402,603208,160,107796,5.587535662677387,0.15161096140106103
63,0.48391,3,25,3,2427,603183,163,107793,5.587304086850199,0.15161271266540643
64,0.48392,7,30,7,2457,603153,170,107786,5.587026195857572,0.1516107570410401
65,0.48393,5,12,5,2469,603141,175,107781,5.586915039460521,0.1516073493294623
66,0.48394,6,9,6,2478,603132,181,107775,5.586831672162733,0.15160210829264587
67,0.48395,3,4,3,2482,603128,184,107772,5.586794620030383,0.15159938106625404
68,0.48406,2,19,2,2501,603109,186,107770,5.586618622401719,0.15160104602893038
69,0.48407,1,17,1,2518,603092,187,107769,5.586461150839231,0.1516034780357904
70,0.48408,4,42,4,2560,603050,191,107765,5.5860721034495535,0.15160766162784972
71,0.48409,10,90,10,2650,602960,201,107755,5.585238430471674,0.1516149230000774
72,0.4841,3,49,3,2699,602911,204,107752,5.584784541850383,0.15162179542202142
73,0.48411,10,155,10,2854,602756,214,107742,5.583348771721813,0.15164293214055494
74,0.48412,15,176,15,3030,602580,229,107727,5.581718477898403,0.15166259096418871
75,0.48413,22,200,22,3230,602380,251,107705,5.579865871280893,0.15167902434215622
76,0.48414,18,174,18,3404,602206,269,107687,5.5782541035236575,0.15169469201696595
77,0.48415,19,183,19,3587,602023,288,107668,5.576558968468635,0.15171109680128395
78,0.48416,9,65,9,3652,601958,297,107659,5.575956871317945,0.1517142345800622
79,0.48417,24,186,24,3838,601772,321,107635,5.574233947163659,0.15172531424133115
80,0.48418,19,135,19,3973,601637,340,107616,5.5729834376968395,0.15173146958842612
81,0.48419,37,311,37,4284,601326,377,107579,5.57010263440661,0.15175376108223246
82,0.4842,27,240,27,4524,601086,404,107552,5.567879506465597,0.15177283747131823
83,0.48421,16,183,16,4707,600903,420,107536,5.566184371410575,0.15179288548484768
84,0.48422,37,208,37,4915,600695,457,107499,5.564257660528363,0.1517931527236887
85,0.48423,17,103,17,5018,600592,474,107482,5.563303568120346,0.15179486889788354
86,0.48424,16,67,16,5085,600525,490,107466,5.56268294490348,0.15179006512794654
87,0.48425,33,200,33,5285,600325,523,107433,5.560830338285968,0.15179340961175994
88,0.48426,24,210,24,5495,600115,547,107409,5.558885101337582,0.15180969126135652
89,0.48427,26,214,26,5709,599901,573,107383,5.556902812256846,0.1518244439291713
90,0.48428,31,167,31,5876,599734,604,107352,5.555355885731224,0.15182311628288497
91,0.48429,25,179,25,6055,599555,629,107327,5.553697802808552,0.15183156453269428
92,0.4843,3,44,3,6099,599511,632,107324,5.553290229352699,0.15183741608720563
93,0.48431,0,23,0,6122,599488,632,107324,5.553077179591686,0.1518423569492312
94,0.48432,1,49,1,6171,599439,633,107323,5.552623290970395,0.1518516841595898
95,0.48433,9,64,9,6235,599375,642,107314,5.552030456852792,0.15185463478276867
96,0.48434,11,81,11,6316,599294,653,107303,5.5512801511727,0.1518588389138363
97,0.48435,34,193,34,6509,599101,687,107269,5.549492385786802,0.15185950705720797
98,0.48436,42,148,42,6657,598953,729,107227,5.548121456889844,0.15184089042453766
99,0.48437,42,219,42,6876,598734,771,107185,5.546092852643669,0.15183753376803855
100,0.48438,35,139,35,7015,598595,806,107150,5.5448052910445,0.1518253760210841
101,0.48439,43,148,43,7163,598447,849,107107,5.543434362147542,0.15180553153975457
102,0.4844,27,118,27,7281,598329,876,107080,5.5423413242432105,0.1517984601840918
103,0.48441,5,62,5,7343,598267,881,107075,5.541767016191782,0.15180579066608824
104,0.48442,7,24,7,7367,598243,888,107068,5.541544703397681,0.15180253817110467
105,0.48443,5,18,5,7385,598225,893,107063,5.541377968802105,0.15180039926951827
106,0.48444,5,30,5,7415,598195,898,107058,5.541100077809478,0.15180084310169542
107,0.48445,12,66,12,7481,598129,910,107046,5.540488717625699,0.1518006168681533
108,0.48446,10,40,10,7521,598089,920,107036,5.540118196302197,0.15179719907817762
109,0.48447,11,74,11,7595,598015,931,107025,5.539432731853718,0.15179989787813458
110,0.48448,4,27,4,7622,597988,935,107021,5.539182629960354,0.15180089899561566
111,0.48449,8,46,8,7668,597942,943,107013,5.538756530438326,0.1518011787986467
112,0.4845,7,9,7,7677,597933,950,107006,5.538673163140539,0.15179469429269768
113,0.48453,1,6,1,7683,597927,951,107005,5.538617584942013,0.15179478304290342
114,0.48454,1,6,1,7689,597921,952,107004,5.538562006743488,0.1517948717948718
115,0.48455,8,28,8,7717,597893,960,106996,5.538302641817037,0.15179127493832362
116,0.48456,6,15,6,7732,597878,966,106990,5.538163696320724,0.15178728499520477
117,0.48457,16,54,16,7786,597824,982,106974,5.537663492533995,0.1517796588526074
118,0.48458,7,45,7,7831,597779,989,106967,5.537246656045055,0.15178092532628776
119,0.48459,14,25,14,7856,597754,1003,106953,5.537015080217866,0.15176945879635081
120,0.4846,2,11,2,7867,597743,1005,106951,5.536913186853903,0.15176942048605493
121,0.48461,1,12,1,7879,597731,1006,106950,5.536802030456853,0.15177080125617123
122,0.4852,0,4,0,7883,597727,1006,106950,5.536764978324503,0.15177166276180434
123,0.48521,2,3,2,7886,597724,1008,106948,5.5367371892252395,0.15176990145769947
124,0.48522,1,3,1,7889,597721,1009,106947,5.536709400125977,0.1517693438612226
125,0.48523,1,16,1,7905,597705,1010,106946,5.536561191596577,0.1517715862178582
126,0.48524,3,27,3,7932,597678,1013,106943,5.536311089703212,0.15177379044904993
127,0.48525,1,17,1,7949,597661,1014,106942,5.536153618140724,0.151776248468996
128,0.48526,3,35,3,7984,597626,1017,106939,5.535829411982659,0.15178017642091218
129,0.48527,2,10,2,7994,597616,1019,106937,5.535736781651784,0.15177992287308406
130,0.48528,1,8,1,8002,597608,1020,106936,5.535662677387084,0.15178044238542945
131,0.48543,0,1,0,8003,597607,1020,106936,5.535653414353996,0.1517806578164853
132,0.48544,1,5,1,8008,597602,1021,106935,5.535607099188558,0.15178053104379188
133,0.48545,1,4,1,8012,597598,1022,106934,5.535570047056208,0.15178018883457386
134,0.48546,0,6,0,8018,597592,1022,106934,5.5355144688576825,0.1517814814499394
135,0.48547,2,23,2,8041,597569,1024,106932,5.535301419096669,0.15178402869548802
136,0.48548,3,21,3,8062,597548,1027,106929,5.535106895401831,0.15178494116912264
137,0.48549,2,26,2,8088,597522,1029,106927,5.534866056541554,0.15178813512404732
138,0.4855,0,20,0,8108,597502,1029,106927,5.534680795879803,0.15179244466085298
139,0.48551,1,10,1,8118,597492,1030,106926,5.534588165548928,0.15179339539875472
140,0.48552,0,5,0,8123,597487,1030,106926,5.53454185038349,0.15179447284476577
141,0.48554,0,2,0,8125,597485,1030,106926,5.534523324317314,0.151794903827453
142,0.48565,0,55,0,8180,597430,1030,106926,5.534013857497499,0.15180675681047653
143,0.48566,2,56,2,8236,597374,1032,106924,5.533495127644596,0.15181641861825534
144,0.48567,3,93,3,8329,597281,1035,106921,5.532633665567453,0.15183285477746442
145,0.48568,3,130,3,8459,597151,1038,106918,5.531429471266072,0.15185727535227372
146,0.48569,8,195,8,8654,596956,1046,106910,5.529623179813998,0.15188970627932022
147,0.4857,12,139,12,8793,596817,1058,106898,5.528335618214828,0.15190524573158168
148,0.48571,5,192,5,8985,596625,1063,106893,5.526557115862018,0.15194067529189018
149,0.48572,14,127,14,9112,596498,1077,106879,5.525380710659898,0.15195122956821164
150,0.48573,4,35,4,9147,596463,1081,106875,5.525056504501834,0.15195396807793693
151,0.48574,0,54,0,9201,596409,1081,106875,5.524556300715106,0.1519656355042913
152,0.48575,0,13,0,9214,596396,1081,106875,5.524435881284968,0.15196844459674863
153,0.48576,2,11,2,9225,596385,1083,106873,5.524333987921005,0.15196840988655658
154,0.48586,0,6,0,9231,596379,1083,106873,5.52427840972248,0.1519697064494662
155,0.48587,0,5,0,9236,596374,1083,106873,5.524232094557042,0.15197078693545796
156,0.48588,1,17,1,9253,596357,1084,106872,5.524074622994553,0.15197325480035664
157,0.48589,5,133,5,9386,596224,1089,106867,5.522842639593908,0.15199597207189397
158,0.4859,3,134,3,9520,596090,1092,106864,5.521601393160176,0.15202132714231656
159,0.48591,17,260,17,9780,595830,1109,106847,5.519193004557413,0.152057061779452
160,0.48592,15,349,15,10129,595481,1124,106832,5.515960206009856,0.15211451304475354
161,0.48593,11,187,11,10316,595294,1135,106821,5.514228018822483,0.15214174316173276
162,0.48594,15,304,15,10620,594990,1150,106806,5.5114120567638665,0.15218952516115794
163,0.48595,10,194,10,10814,594796,1160,106796,5.509615028344881,0.15221952359776053
164,0.48596,9,191,9,11005,594605,1169,106787,5.507845789025159,0.152250096950065
165,0.48597,7,125,7,11130,594480,1176,106780,5.506687909889214,0.15226877335082567
166,0.48598,1,16,1,11146,594464,1177,106779,5.506539701359813,0.1522710387126859
167,0.48599,1,9,1,11155,594455,1178,106778,5.506456334062025,0.1522717841288131
168,0.486,1,11,1,11166,594444,1179,106777,5.506354440698062,0.15227296387301578
169,0.48609,1,1,1,11167,594443,1180,106776,5.506345177664975,0.15227197209431007
170,0.48611,0,10,0,11177,594433,1180,106776,5.506252547334099,0.1522741436575971
171,0.48612,0,28,0,11205,594405,1180,106776,5.505993182407647,0.15228022436432248
172,0.48613,1,23,1,11228,594382,1181,106775,5.505780132646634,0.15228401057109892
173,0.48614,4,62,4,11290,594320,1185,106771,5.505205824595206,0.152292641040892
174,0.48615,0,46,0,11336,594274,1185,106771,5.504779725073178,0.15230263392506901
175,0.48616,1,41,1,11377,594233,1186,106770,5.5043999407165884,0.15231033248074544
176,0.48617,1,20,1,11397,594213,1187,106769,5.5042146800548375,0.15231346881945612
177,0.48618,1,13,1,11410,594200,1188,106768,5.504094260624699,0.15231508428344803
178,0.48619,3,18,3,11428,594182,1191,106765,5.503927526029123,0.15231536763835213
179,0.4862,3,29,3,11457,594153,1194,106762,5.503658898069584,0.15231804141729025
180,0.48621,2,14,2,11471,594139,1196,106760,5.503529215606358,0.1523186650287702
181,0.48622,7,29,7,11500,594110,1203,106753,5.503260587646819,0.15231650122777204
182,0.48623,1,24,1,11524,594086,1204,106752,5.503038274852718,0.15232050773502578
183,0.48624,2,8,2,11532,594078,1206,106750,5.502964170588017,0.15231982740415623
184,0.48625,3,27,3,11559,594051,1209,106747,5.502714068694654,0.152322067129187
185,0.48626,5,10,5,11569,594041,1214,106742,5.502621438363778,0.15231819265022126
186,0.48627,1,39,1,11608,594002,1215,106741,5.502260180073363,0.15232546026146532
187,0.48628,4,6,4,11614,593996,1219,106737,5.502204601874838,0.1523219257548881
188,0.48629,2,14,2,11628,593982,1221,106735,5.502074919411612,0.15232254961703512
189,0.4863,3,11,3,11639,593971,1224,106732,5.501973026047649,0.15232131159706752
190,0.48631,2,12,2,11651,593959,1226,106730,5.5018618696505985,0.1523215006943166
191,0.48632,1,12,1,11663,593947,1227,106729,5.501750713253548,0.15232289959981504
192,0.48633,1,13,1,11676,593934,1228,106728,5.50163029382341,0.15232451595776567
193,0.48634,2,25,2,11701,593909,1230,106726,5.501398717996221,0.15232753145360994
194,0.48635,11,25,11,11726,593884,1241,106715,5.501167142169032,0.15231965789274607
195,0.48636,4,35,4,11761,593849,1245,106711,5.500842936010968,0.15232242777206806
196,0.48637,7,28,7,11789,593821,1252,106704,5.500583571084516,0.1523200456800257
197,0.48638,2,14,2,11803,593807,1254,106702,5.500453888621291,0.1523206696844723
198,0.4864,0,3,0,11806,593804,1254,106702,5.500426099522027,0.1523213220158
199,0.48641,1,6,1,11812,593798,1255,106701,5.500370521323502,0.15232141659017356
200,0.48642,5,23,5,11835,593775,1260,106696,5.500157471562488,0.1523203672957196
201,0.48643,6,37,6,11872,593738,1266,106690,5.499814739338249,0.15232115220979173
202,0.48644,2,36,2,11908,593702,1268,106688,5.499481270147097,0.15232656091606106
203,0.48645,12,48,12,11956,593654,1280,106676,5.4990366445588945,0.1523224765467708
204,0.48646,10,40,10,11996,593614,1290,106666,5.498666123235393,0.15231907237105158
205,0.48647,3,25,3,12021,593589,1293,106663,5.498434547408204,0.15232087876935732
206,0.48648,5,26,5,12047,593563,1298,106658,5.498193708547927,0.15232048167649928
207,0.48649,2,38,2,12085,593525,1300,106656,5.4978417132906,0.15232632704972
208,0.4865,4,22,4,12107,593503,1304,106652,5.497637926562674,0.15232627061150744
209,0.48651,3,36,3,12143,593467,1307,106649,5.497304457371522,0.1523304709505282
210,0.48652,5,39,5,12182,593428,1312,106644,5.496943199081107,0.15233290290141585
211,0.48653,2,43,2,12225,593385,1314,106642,5.496544888658343,0.15233983832052192
212,0.48654,0,10,0,12235,593375,1314,106642,5.496452258327467,0.15234201455107518
213,0.48655,0,3,0,12238,593372,1314,106642,5.496424469228204,0.15234266743236563
214,0.48656,2,8,2,12246,593364,1316,106640,5.4963503649635035,0.15234198661721934
215,0.48657,7,20,7,12266,593344,1323,106633,5.4961651043017525,0.15233786252976883
216,0.48658,5,47,5,12313,593297,1328,106628,5.495729741746637,0.15234203664678359
217,0.48659,5,36,5,12349,593261,1333,106623,5.495396272555485,0.1523438169753845
218,0.4866,1,34,1,12383,593227,1334,106622,5.4950813294305085,0.15235000693006634
219,0.48661,3,38,3,12421,593189,1337,106619,5.494729334173182,0.15235464584571767
220,0.48662,6,58,6,12479,593131,1343,106613,5.494192078254104,0.15236000594503132
221,0.48663,3,39,3,12518,593092,1346,106610,5.493830819963689,0.1523648638992028
222,0.48664,14,66,14,12584,593026,1360,106596,5.49321945977991,0.15236227562883958
223,0.48665,22,124,22,12708,592902,1382,106574,5.492070843677054,0.15236262573698026
224,0.48666,14,139,14,12847,592763,1396,106560,5.490783282077883,0.15237594073125008
225,0.48667,15,142,15,12989,592621,1411,106545,5.489467931379451,0.15238870311199343
226,0.48668,28,179,28,13168,592442,1439,106517,5.487809848456779,0.15239377416987263
227,0.48669,19,132,19,13300,592310,1458,106498,5.486587128089221,0.15239951460200798
228,0.4867,20,132,20,13432,592178,1478,106478,5.485364407721664,0.15240404433655474
229,0.48671,22,162,22,13594,592016,1500,106456,5.48386379636148,0.152412695140249
230,0.48672,34,164,34,13758,591852,1534,106422,5.482344658935122,0.15240722123407144
231,0.48673,37,194,37,13952,591658,1571,106385,5.480547630516136,0.15240465128939049
232,0.48674,31,226,31,14178,591432,1602,106354,5.478454185038349,0.1524163568773234
233,0.48675,25,196,25,14374,591236,1627,106329,5.476638630553189,0.1524288059177281
234,0.48676,9,35,9,14409,591201,1636,106320,5.476314424395124,0.1524255183714899
235,0.48677,12,68,12,14477,591133,1648,106308,5.47568453814517,0.15242579659067937
236,0.48678,15,92,15,14569,591041,1663,106293,5.474832339101115,0.15242767454333217
237,0.48679,17,107,17,14676,590934,1680,106276,5.473841194560747,0.1524304011703791
238,0.4868,29,211,29,14887,590723,1709,106247,5.471886694579273,0.15244128154726888
239,0.48681,35,149,35,15036,590574,1744,106212,5.470506502649227,0.15243130602509236
240,0.48682,11,51,11,15087,590523,1755,106201,5.470034087961762,0.1524290823913056
241,0.48683,20,119,20,15206,590404,1775,106181,5.468931787024343,0.1524307873410998
242,0.48684,5,33,5,15239,590371,1780,106176,5.4686261069324535,0.15243192490958973
243,0.48685,5,86,5,15325,590285,1785,106171,5.4678294860869245,0.1524446626922591
244,0.48686,9,95,9,15420,590190,1794,106162,5.466949497943607,0.1524545057671982
245,0.48687,22,178,22,15598,590012,1816,106140,5.465300678054022,0.15246670267412865
246,0.48688,34,284,34,15882,589728,1850,106106,5.462669976657157,0.1524875185748325
247,0.48689,46,317,46,16199,589411,1896,106060,5.459733595168402,0.1525009669705854
248,0.4869,76,437,76,16636,588974,1972,105984,5.455685649709141,0.152504180108726
249,0.48691,65,403,65,17039,588571,2037,105919,5.451952647374856,0.15251335512390388
250,0.48692,75,368,75,17407,588203,2112,105844,5.448543851198637,0.15250264031110286
251,0.48693,65,302,65,17709,587901,2177,105779,5.445746415206195,0.15248962057432822
252,0.48694,49,276,49,17985,587625,2226,105730,5.44318981807403,0.15249042698184911
253,0.48695,32,253,32,18238,587372,2258,105698,5.440846270702879,0.1525069617787525
254,0.48696,24,238,24,18476,587134,2282,105674,5.4386416688280415,0.1525299938799783
255,0.48697,28,264,28,18740,586870,2310,105646,5.436196228092927,0.15255387601152898
256,0.48698,53,335,53,19075,586535,2363,105593,5.433093112008596,0.1525628207499191
257,0.48699,31,253,31,19328,586282,2394,105562,5.430749564637445,0.15258063956614498
258,0.487,31,201,31,19529,586081,2425,105531,5.428887694986846,0.15258699964720104
259,0.48701,38,196,38,19725,585885,2463,105493,5.427072140501686,0.15258368070722528
260,0.48702,33,181,33,19906,585704,2496,105460,5.425395531512838,0.15258317852202952
261,0.48703,57,342,57,20248,585362,2553,105403,5.422227574196895,0.15258879647926574
262,0.48704,68,340,68,20588,585022,2621,105335,5.419078142947127,0.15258047647811204
263,0.48705,55,220,55,20808,584802,2676,105280,5.417040275667865,0.1525615796383618
264,0.48706,34,196,34,21004,584606,2710,105246,5.415224721182704,0.15256315847457136
265,0.48707,25,119,25,21123,584487,2735,105221,5.414122420245285,0.1525587639986777
266,0.48708,13,64,13,21187,584423,2748,105208,5.413529586127682,0.1525569471209966
267,0.48709,8,47,8,21234,584376,2756,105200,5.413094223572567,0.15255751360256156
268,0.4871,25,97,25,21331,584279,2781,105175,5.412195709363074,0.15254824832403613
269,0.48711,20,122,20,21453,584157,2801,105155,5.411065619326393,0.1525506592080219
270,0.48712,57,244,57,21697,583913,2858,105098,5.408805439253029,0.15253457491970374
271,0.48713,56,213,56,21910,583700,2914,105042,5.40683241320538,0.1525128422544291
272,0.48714,105,330,105,22240,583370,3019,104937,5.403775612286487,0.15245667994078224
273,0.48715,92,294,92,22534,583076,3111,104845,5.401052280558746,0.1524084887654251
274,0.48716,64,172,64,22706,582904,3175,104781,5.399459038867687,0.15236772650268654
275,0.48717,48,150,48,22856,582754,3223,104733,5.398069583904554,0.15234178973566045
276,0.48718,27,124,27,22980,582630,3250,104706,5.396920967801697,0.15233597541813612
277,0.48719,9,52,9,23032,582578,3259,104697,5.396439290081144,0.15233640100396492
278,0.4872,2,6,2,23038,582572,3261,104695,5.396383711882619,0.15233526416952944
279,0.48721,8,27,8,23065,582545,3269,104687,5.3961336099892545,0.15233138154218662
280,0.48722,3,14,3,23079,582531,3272,104684,5.396003927526029,0.15233078439789585
281,0.48723,19,47,19,23126,582484,3291,104665,5.395568564970914,0.1523177651426401
282,0.48724,18,74,18,23200,582410,3309,104647,5.394883100522435,0.1523119624718182
283,0.48725,6,55,6,23255,582355,3315,104641,5.39437363370262,0.15231675293597052
284,0.48726,7,38,7,23293,582317,3322,104634,5.394021638445293,0.1523165407721948
285,0.48727,4,30,4,23323,582287,3326,104630,5.393743747452666,0.15231825679084954
286,0.48728,1,25,1,23348,582262,3327,104629,5.393512171625477,0.15232256646251005
287,0.48729,2,52,2,23400,582210,3329,104627,5.3930304939049245,0.15233163035771224
288,0.4873,1,35,1,23435,582175,3330,104626,5.39270628774686,0.15233815908829487
289,0.48731,5,93,5,23528,582082,3335,104621,5.391844825669717,0.1523526182352487
290,0.48732,14,95,14,23623,581987,3349,104607,5.3909648375264,0.15235641441667128
291,0.48733,7,87,7,23710,581900,3356,104600,5.3901589536477825,0.15236707938820102
292,0.48734,21,192,21,23902,581708,3377,104579,5.388380451294972,0.15238376947253846
293,0.48735,12,122,12,24024,581586,3389,104567,5.387250361258291,0.15239603995027348
294,0.48736,19,197,19,24221,581389,3408,104548,5.385425543740042,0.15241632977955702
295,0.48737,13,176,13,24397,581213,3421,104535,5.383795249916632,0.15243938006381352
296,0.48738,5,63,5,24460,581150,3426,104530,5.383211678832117,0.15244720569361803
297,0.48739,1,36,1,24496,581114,3427,104529,5.382878209640965,0.15245397386103263
298,0.4874,0,12,0,24508,581102,3427,104529,5.3827670532439145,0.15245664212965868
299,0.48741,0,4,0,24512,581098,3427,104529,5.382730001111564,0.15245753157328984
300,0.48742,0,1,0,24513,581097,3427,104529,5.3827207380784765,0.15245775393581923
301,0.48751,0,7,0,24520,581090,3427,104529,5.382655896846863,0.15245931049168707
302,0.48752,0,6,0,24526,581084,3427,104529,5.382600318648338,0.15246064470772872
303,0.48753,0,3,0,24529,581081,3427,104529,5.382572529549075,0.15246131182450665
304,0.48754,3,27,3,24556,581054,3430,104526,5.382322427655712,0.15246360745646023
305,0.48755,2,34,2,24590,581020,3432,104524,5.382007484530734,0.15246869639293759
306,0.48756,1,47,1,24637,580973,3433,104523,5.38157212197562,0.15247791380256048
307,0.48757,1,60,1,24697,580913,3434,104522,5.381016339990366,0.1524900245829291
308,0.48758,0,23,0,24720,580890,3434,104522,5.380803290229353,0.15249514160825897
309,0.48759,3,17,3,24737,580873,3437,104519,5.380645818666864,0.15249521441744288
310,0.4876,1,0,1,24737,580873,3438,104518,5.380645818666864,0.15249397788999272
311,0.48761,3,2,3,24739,580871,3441,104515,5.380627292600689,0.15249071326230768
312,0.48762,0,3,0,24742,580868,3441,104515,5.3805995035014265,0.1524913807316493
313,0.4877,4,99,4,24841,580769,3445,104511,5.379682463225759,0.15250846369367266
314,0.48771,1,117,1,24958,580652,3446,104510,5.378598688354515,0.15253326950414647
315,0.48772,10,109,10,25067,580543,3456,104500,5.3775890177479715,0.15254516869743942
316,0.48773,12,299,12,25366,580244,3468,104488,5.374819370854793,0.15259692843331404
317,0.48774,17,159,17,25525,580085,3485,104471,5.373346548593871,0.15261132763426222
318,0.48775,15,313,15,25838,579772,3500,104456,5.370447219237467,0.15266256277147383
319,0.48776,23,298,23,26136,579474,3523,104433,5.367686835377376,0.1527005864832499
320,0.48777,9,95,9,26231,579379,3532,104424,5.366806847234058,0.1527106491197026
321,0.48778,4,99,4,26330,579280,3536,104420,5.36588980695839,0.1527278045926576
322,0.48779,3,20,3,26350,579260,3539,104417,5.365704546296639,0.15272855456597195
323,0.4878,0,23,0,26373,579237,3539,104417,5.3654914965356255,0.15273369277441512
324,0.48781,0,7,0,26380,579230,3539,104417,5.365426655304013,0.15273525664560805
325,0.48782,0,6,0,26386,579224,3539,104417,5.365371077105487,0.1527365971321205
326,0.48783,0,7,0,26393,579217,3539,104417,5.365306235873875,0.1527381610627909
327,0.48784,2,20,2,26413,579197,3541,104415,5.365120975212124,0.15274015084580142
328,0.48785,0,6,0,26419,579191,3541,104415,5.365065397013598,0.1527414914439019
329,0.48786,0,11,0,26430,579180,3541,104415,5.364963503649635,0.15274394926820706
330,0.48787,0,9,0,26439,579171,3541,104415,5.3648801363518475,0.15274596027420106
331,0.48788,2,15,2,26454,579156,3543,104413,5.364741190855534,0.1527468331653425
332,0.48789,1,16,1,26470,579140,3544,104412,5.3645929823261325,0.15274916904639296
333,0.4879,2,29,2,26499,579111,3546,104410,5.364324354366594,0.15275317071457936
334,0.48791,2,31,2,26530,579080,3548,104408,5.36403720034088,0.15275761973875182
335,0.48792,1,21,1,26551,579059,3549,104407,5.363842676646041,0.15276107370373948
336,0.48793,7,49,7,26600,579010,3556,104400,5.363388788024751,0.15276334850236314
337,0.48794,1,50,1,26650,578960,3557,104399,5.362925636370373,0.15277328607657176
338,0.48795,6,56,6,26706,578904,3563,104393,5.36240690651747,0.15277836724001423
339,0.48796,2,75,2,26781,578829,3565,104391,5.361712179035903,0.1527926582945464
340,0.48797,3,36,3,26817,578793,3568,104388,5.361378709844751,0.15279698937763198
341,0.48798,3,44,3,26861,578749,3571,104385,5.360971136388899,0.15280311037073255
342,0.48799,5,36,5,26897,578713,3576,104380,5.360637667197747,0.15280496213546324
343,0.488,0,30,0,26927,578683,3576,104380,5.3603597762051205,0.1528116733009986
344,0.48801,3,40,3,26967,578643,3579,104377,5.359989254881619,0.1528169014084507
345,0.48802,8,34,8,27001,578609,3587,104369,5.359674311756642,0.15281458553569807
346,0.48803,1,41,1,27042,578568,3588,104368,5.359294527400052,0.15282251924045592
347,0.48804,0,5,0,27047,578563,3588,104368,5.359248212234614,0.15282363811278152
348,0.48805,0,6,0,27053,578557,3588,104368,5.359192634036089,0.15282498078119852
349,0.48806,0,4,0,27057,578553,3588,104368,5.359155581903739,0.15282587590658364
350,0.48807,3,3,3,27060,578550,3591,104365,5.359127792804476,0.15282282568108768
351,0.48808,5,11,5,27071,578539,3596,104360,5.359025899440513,0.15281908452055135
352,0.48809,2,15,2,27086,578524,3598,104358,5.358886953944199,0.15281996011023866
353,0.4881,3,17,3,27103,578507,3601,104355,5.358729482381711,0.15282004270262511
354,0.48811,2,17,2,27120,578490,3603,104353,5.3585720108192225,0.15282136596552942
355,0.48812,2,10,2,27130,578480,3605,104351,5.3584793804883475,0.15282112264967465
356,0.48813,6,11,6,27141,578469,3611,104345,5.358377487124384,0.15281614026660262
357,0.48814,1,2,1,27143,578467,3612,104344,5.358358961058209,0.1528153471458427
358,0.4882,0,2,0,27145,578465,3612,104344,5.358340434992034,0.15281579475373055
359,0.48821,2,2,2,27147,578463,3614,104342,5.358321908925858,0.15281376088341475
360,0.48822,1,7,1,27154,578456,3615,104341,5.358257067694246,0.1528140867637087
361,0.48823,0,16,0,27170,578440,3615,104341,5.358108859164845,0.15281766774412292
362,0.48824,5,18,5,27188,578422,3620,104336,5.357942124569269,0.1528154924585285
363,0.48825,4,38,4,27226,578384,3624,104332,5.357590129311942,0.15281903456195547
364,0.48826,1,42,1,27268,578342,3625,104331,5.357201081922264,0.15282719545082346
365,0.48827,7,81,7,27349,578261,3632,104324,5.3564507762421725,0.15283664305544364
366,0.48828,10,99,10,27448,578162,3642,104314,5.355533735966505,0.15284640045950335
367,0.48829,5,59,5,27507,578103,3647,104309,5.354987217014339,0.15285340820501397
368,0.4883,14,131,14,27638,577972,3661,104295,5.35377375967987,0.1528653738199268
369,0.48831,16,155,16,27793,577817,3677,104279,5.352337989551299,0.15288023973165069
370,0.48832,21,153,21,27946,577664,3698,104258,5.350920745488903,0.1528884535181443
371,0.48833,11,117,11,28063,577547,3709,104247,5.349836970617659,0.15290102288961183
372,0.48834,17,116,17,28179,577431,3726,104230,5.348762458779503,0.15290591657730163
373,0.48835,7,67,7,28246,577364,3733,104223,5.348141835562637,0.15291224744603404
374,0.48836,17,101,17,28347,577263,3750,104206,5.347206269220794,0.15291377890997243
375,0.48837,28,164,28,28511,577099,3778,104178,5.345687131794435,0.15291577434729192
376,0.48838,29,220,29,28731,576879,3807,104149,5.3436492645151725,0.15292910129979972
377,0.48839,34,177,34,28908,576702,3841,104115,5.342009707658676,0.15292655735682276
378,0.4884,16,143,16,29051,576559,3857,104099,5.3406850939271555,0.1529387739510885
379,0.48841,32,165,32,29216,576394,3889,104067,5.339156693467709,0.15293602425414535
380,0.48842,6,58,6,29274,576336,3895,104061,5.338619437548631,0.1529415914532251
381,0.48843,23,156,23,29430,576180,3918,104038,5.337174404386973,0.15294802548594716
382,0.48844,26,233,26,29663,575947,3944,104012,5.335016117677572,0.15296804660280988
383,0.48845,34,247,34,29910,575700,3978,103978,5.3327281485049465,0.15298126465767614
384,0.48846,36,394,36,30304,575306,4014,103942,5.32907851346845,0.15302511012178174
385,0.48847,36,300,36,30604,575006,4050,103906,5.326299603542184,0.15304781768476622
386,0.48848,43,372,43,30976,574634,4093,103863,5.322853755233614,0.1530780534033312
387,0.48849,27,306,27,31282,574328,4120,103836,5.3200192671088224,0.15311340619673117
388,0.4885,19,131,19,31413,574197,4139,103817,5.318805809774353,0.15311925712448415
389,0.48851,12,157,12,31570,574040,4151,103805,5.317351513579607,0.15313972958419697
390,0.48852,11,96,11,31666,573944,4162,103794,5.316462262403201,0.15314767653577047
391,0.48853,13,81,13,31747,573863,4175,103781,5.315711956723109,0.15314973643978255
392,0.48854,34,148,34,31895,573715,4209,103747,5.314341027826152,0.15314069276210326
393,0.48855,15,122,15,32017,573593,4224,103732,5.31321093778947,0.1531495220167571
394,0.48856,35,184,35,32201,573409,4259,103697,5.31150653970136,0.1531473654051212
395,0.48857,34,123,34,32324,573286,4293,103663,5.3103671866315905,0.15313265844251192
396,0.48858,30,96,30,32420,573190,4323,103633,5.3094779354551855,0.15311684147849586
397,0.48859,19,116,19,32536,573074,4342,103614,5.308403423617029,0.15311931052420022
398,0.4886,8,51,8,32587,573023,4350,103606,5.307931008929564,0.15312083874619623
399,0.48861,4,35,4,32622,572988,4354,103602,5.3076068027715,0.15312375293752495
400,0.48862,5,16,5,32638,572972,4359,103597,5.307458594242099,0.1531211155107609
401,0.48863,7,24,7,32662,572948,4366,103590,5.307236281447997,0.15311778495812503
402,0.48864,6,72,6,32734,572876,4372,103584,5.306569343065694,0.15312657067675842
403,0.48865,7,63,7,32797,572813,4379,103577,5.305985771981177,0.15313206877688906
404,0.48866,18,141,18,32938,572672,4397,103559,5.304679684315833,0.15314145610006047
405,0.48867,14,170,14,33108,572502,4411,103545,5.303104968690948,0.15316242805603753
406,0.48868,16,161,16,33269,572341,4427,103529,5.3016136203638515,0.15317886575820794
407,0.48869,17,248,17,33517,572093,4444,103512,5.299316388158139,0.15321378616203254
408,0.4887,26,241,26,33758,571852,4470,103486,5.297083997184038,0.1532358611539703
409,0.48871,25,263,25,34021,571589,4495,103461,5.2946478194820115,0.15326420265165544
410,0.48872,20,238,20,34259,571351,4515,103441,5.292443217607174,0.15329316293020664
411,0.48873,33,280,33,34539,571071,4548,103408,5.2898495683426585,0.1533153737922159
412,0.48874,18,177,18,34716,570894,4566,103390,5.288210011486161,0.15333301694834817
413,0.48875,24,296,24,35012,570598,4590,103366,5.285468153692245,0.1533702096847903
414,0.48876,43,327,43,35339,570271,4633,103323,5.282439141872615,0.15339061808745327
415,0.48877,54,373,54,35712,569898,4687,103269,5.278984030530957,0.1534076982383272
416,0.48878,57,341,57,36053,569557,4744,103212,5.275825336248101,0.15341372744582465
417,0.48879,36,186,36,36239,569371,4780,103176,5.274102412093816,0.15341083968852734
418,0.4888,43,266,43,36505,569105,4823,103133,5.271638445292527,0.153417390864545
419,0.48881,21,145,21,36650,568960,4844,103112,5.270295305494831,0.1534240379007011
420,0.48882,12,120,12,36770,568840,4856,103100,5.269183741524325,0.15343631871893323
421,0.48883,33,222,33,36992,568618,4889,103067,5.267127348178888,0.1534454394545062
422,0.48884,62,273,62,37265,568345,4951,103005,5.264598540145985,0.1534296566619498
423,0.48885,37,254,37,37519,568091,4988,102968,5.262245729741746,0.15344105361823626
424,0.48886,34,206,34,37725,567885,5022,102934,5.260337544925711,0.15344526615972415
425,0.48887,35,172,35,37897,567713,5057,102899,5.258744303234651,0.1534404394791623
426,0.48888,9,60,9,37957,567653,5066,102890,5.258188521249398,0.1534428067998622
427,0.48889,1,20,1,37977,567633,5067,102889,5.258003260587647,0.15344612108178404
428,0.4889,3,39,3,38016,567594,5070,102886,5.257642002297232,0.15345125879966592
429,0.48891,8,68,8,38084,567526,5078,102878,5.257012116047279,0.1534567216186061
430,0.48892,20,99,20,38183,567427,5098,102858,5.2560950757716105,0.15345412772178998
431,0.48893,52,234,52,38417,567193,5150,102806,5.253927526029123,0.1534420200627165
432,0.48894,51,158,51,38575,567035,5201,102755,5.252463966801289,0.15341375655056064
433,0.48895,64,268,64,38843,566767,5265,102691,5.249981473933825,0.15339423832413684
434,0.48896,62,243,62,39086,566524,5327,102629,5.247730556893549,0.15337150098706873
435,0.48897,72,241,72,39327,566283,5399,102557,5.245498165919448,0.1533356258596974
436,0.48898,24,153,24,39480,566130,5423,102533,5.244080921857053,0.15334032240455955
437,0.48899,24,91,24,39571,566039,5447,102509,5.243237985846085,0.1533308004810425
438,0.489,4,51,4,39622,565988,5451,102505,5.24276557115862,0.15333743210474904
439,0.48901,4,36,4,39658,565952,5455,102501,5.242432101967468,0.15334062379853183
440,0.48902,11,29,11,39687,565923,5466,102490,5.2421634740079295,0.15333334330720677
441,0.48903,7,80,7,39767,565843,5473,102483,5.241422431360925,0.15334282969688445
442,0.48904,13,84,13,39851,565759,5486,102470,5.24064433658157,0.1533456345055363
443,0.48905,12,81,12,39932,565678,5498,102458,5.239894030901478,0.15334901876264712
444,0.48906,12,60,12,39992,565618,5510,102446,5.2393382489162255,0.15334758346505725
445,0.48907,14,58,14,40050,565560,5524,102432,5.238800992997147,0.15334315381022529
446,0.48908,1,15,1,40065,565545,5525,102431,5.238662047500834,0.15334532977232715
447,0.48909,0,9,0,40074,565536,5525,102431,5.238578680203045,0.1533473959042887
448,0.4891,2,15,2,40089,565521,5527,102429,5.238439734706732,0.1533483045138109
449,0.48911,7,25,7,40114,565496,5534,102422,5.2382081588795435,0.15334517111381937
450,0.48912,2,23,2,40137,565473,5536,102420,5.23799510911853,0.1533479165075843
451,0.48913,15,71,15,40208,565402,5551,102405,5.237337433769313,0.15334520303021681
452,0.48914,11,38,11,40246,565364,5562,102394,5.2369854385119865,0.15333998244873143
453,0.48915,11,39,11,40285,565325,5573,102383,5.236624180221572,0.15333499074445717
454,0.48916,6,21,6,40306,565304,5579,102377,5.236429656526733,0.1533322050500164
455,0.48917,9,22,9,40328,565282,5588,102368,5.236225869798807,0.15332584437954017
456,0.48918,8,4,8,40332,565278,5596,102360,5.236188817666457,0.15331661768802854
457,0.48919,4,15,4,40347,565263,5600,102356,5.236049872170144,0.15331498953744577
458,0.4892,4,10,4,40357,565253,5604,102352,5.235957241839268,0.15331221306011789
459,0.48921,4,5,4,40362,565248,5608,102348,5.23591092667383,0.1533082882461848
460,0.48922,6,19,6,40381,565229,5614,102342,5.235734929045167,0.15330504171091913
461,0.48923,3,28,3,40409,565201,5617,102339,5.235475564118715,0.15330766695628725
462,0.48924,4,15,4,40424,565186,5621,102335,5.2353366186224015,0.1533060383119033
463,0.48925,2,28,2,40452,565158,5623,102333,5.23507725369595,0.1533099322687497
464,0.48926,1,13,1,40465,565145,5624,102332,5.234956834265812,0.15331164968980204
465,0.48927,0,10,0,40475,565135,5624,102332,5.2348642039349365,0.15331394660709818
466,0.48928,0,8,0,40483,565127,5624,102332,5.234790099670236,0.1533157841904896
467,0.48929,0,11,0,40494,565116,5624,102332,5.234688206306273,0.15331831093957882
468,0.4893,2,7,2,40501,565109,5626,102330,5.23462336507466,0.15331738181316945
469,0.48931,0,10,0,40511,565099,5626,102330,5.234530734743784,0.15331967894712398
470,0.48932,3,5,3,40516,565094,5629,102327,5.234484419578346,0.1533170217898448
471,0.48933,0,8,0,40524,565086,5629,102327,5.234410315313646,0.15331885953674862
472,0.48934,0,6,0,40530,565080,5629,102327,5.234354737115121,0.15332023787583887
473,0.48935,0,3,0,40533,565077,5629,102327,5.234326948015858,0.15332092705467754
474,0.48936,2,6,2,40539,565071,5631,102325,5.234271369817333,0.15331976817361806
475,0.48937,2,29,2,40568,565042,5633,102323,5.234002741857794,0.1533238932218501
476,0.48938,2,12,2,40580,565030,5635,102321,5.233891585460743,0.15332411279821265
477,0.48939,10,70,10,40650,564960,5645,102311,5.233243173144614,0.1533275086134419
478,0.4894,21,104,21,40754,564856,5666,102290,5.232279817703509,0.153324759497921
479,0.48941,10,61,10,40815,564795,5676,102280,5.231714772685168,0.15332608777124013
480,0.48942,17,149,17,40964,564646,5693,102263,5.230334580755122,0.15333876136024555
481,0.48943,21,184,21,41148,564462,5714,102242,5.228630182667012,0.15335441215291945
482,0.48944,18,171,18,41319,564291,5732,102224,5.22704620400904,0.15337089187790223
483,0.48945,17,152,17,41471,564139,5749,102207,5.2256382229797325,0.15338427783763992
484,0.48946,21,181,21,41652,563958,5770,102186,5.223961613990885,0.15339926502377865
485,0.48947,11,107,11,41759,563851,5781,102175,5.222970469450517,0.15340992693978914
486,0.48948,42,242,42,42001,563609,5823,102133,5.220728815443329,0.15341228283629393
487,0.48949,30,139,30,42140,563470,5853,102103,5.219441253844159,0.15340616281008995
488,0.4895,44,282,44,42422,563188,5897,102059,5.216829078513468,0.15341519766342426
489,0.48951,39,221,39,42643,562967,5936,102020,5.214781948201119,0.15341653295477956
490,0.48952,30,181,30,42824,562786,5966,101990,5.213105339212271,0.1534200994019038
491,0.48953,25,222,25,43046,562564,5991,101965,5.2110489458668345,0.15343950376883478
492,0.48954,20,118,20,43164,562446,6011,101945,5.209955907962503,0.1534412717812252
493,0.48955,26,110,26,43274,562336,6037,101919,5.208936974322873,0.15343354585212005
494,0.48956,41,241,41,43515,562095,6078,101878,5.206704583348771,0.1534369620451434
495,0.48957,51,214,51,43729,561881,6129,101827,5.204722294268035,0.15342138410264755
496,0.48958,47,238,47,43967,561643,6176,101780,5.202517692393197,0.15341644772641286
497,0.48959,41,187,41,44154,561456,6217,101739,5.2007855052058245,0.15340736887340828
498,0.4896,30,200,30,44354,561256,6247,101709,5.198932898588314,0.15341533866795382
499,0.48961,10,49,10,44403,561207,6257,101699,5.1984790099670235,0.15341390785420558
500,0.48962,1,23,1,44426,561184,6258,101698,5.19826596020601,0.1534179537232871
501,0.48963,6,56,6,44482,561128,6264,101692,5.197747230353107,0.153423252164992
502,0.48964,17,77,17,44559,561051,6281,101675,5.197033976805365,0.15341936184788282
503,0.48965,25,107,25,44666,560944,6306,101650,5.196042832264997,0.1534121950998651
504,0.48966,50,240,50,44906,560704,6356,101600,5.1938197043239835,0.15340387495772334
505,0.48967,58,206,58,45112,560498,6414,101542,5.191911519507948,0.15337743942964172
506,0.48968,63,248,63,45360,560250,6477,101479,5.189614287302234,0.15335431876191008
507,0.48969,76,228,76,45588,560022,6553,101403,5.187502315758272,0.1533098990815285
508,0.4897,63,241,63,45829,559781,6616,101340,5.185269924784171,0.15328510212200186
509,0.48971,49,173,49,46002,559608,6665,101291,5.183667420060025,0.15326245008692704
510,0.48972,16,96,16,46098,559512,6681,101275,5.182778168883619,0.15326421373301835
511,0.48973,13,104,13,46202,559408,6694,101262,5.1818148134425135,0.1532716787503595
512,0.48974,9,39,9,46241,559369,6703,101253,5.181453555152099,0.15326919176170337
513,0.48975,16,81,16,46322,559288,6719,101237,5.180703249472007,0.1532674766284395
514,0.48976,14,106,14,46428,559182,6733,101223,5.179721367964726,0.15327412724010267
515,0.48977,32,120,32,46548,559062,6765,101191,5.178609803994219,0.1532609469400366
516,0.48978,28,139,28,46687,558923,6793,101163,5.17732224239505,0.1532573028362971
517,0.48979,23,124,23,46811,558799,6816,101140,5.176173626292193,0.15325658886654675
518,0.4898,16,73,16,46884,558726,6832,101124,5.175497424876801,0.15325301204819278
519,0.48981,4,34,4,46918,558692,6836,101120,5.175182481751825,0.1532557758876771
520,0.48982,9,54,9,46972,558638,6845,101111,5.174682277965097,0.15325676886209755
521,0.48983,10,48,10,47020,558590,6855,101101,5.1742376523768945,0.1532550845774764
522,0.48984,14,80,14,47100,558510,6869,101087,5.17349660972989,0.15325570007140724
523,0.48985,11,69,11,47169,558441,6880,101076,5.172857460446849,0.15325761125187068
524,0.48986,20,98,20,47267,558343,6900,101056,5.171949683204269,0.1532547061794149
525,0.48987,16,50,16,47317,558293,6916,101040,5.171486531549891,0.1532457802051467
526,0.48988,17,61,17,47378,558232,6933,101023,5.17092148653155,0.15323812485305383
527,0.48989,15,47,15,47425,558185,6948,101008,5.170486123976435,0.15322978247645228
528,0.4899,11,44,11,47469,558141,6959,100997,5.170078550520582,0.15322587986127337
529,0.48991,10,33,10,47502,558108,6969,100987,5.169772870428694,0.15322070414735356
530,0.48992,6,35,6,47537,558073,6975,100981,5.169448664270629,0.15322113210753596
531,0.48993,10,42,10,47579,558031,6985,100971,5.1690596168809515,0.15321804789666799
532,0.48994,7,23,7,47602,558008,6992,100964,5.168846567119938,0.15321440061186212
533,0.48995,12,38,12,47640,557970,7004,100952,5.1684945718626105,0.15320781518905122
534,0.48996,17,53,17,47693,557917,7021,100935,5.16800363110897,0.15319829035959517
535,0.48997,11,25,11,47718,557892,7032,100924,5.167772055281781,0.15318996502817175
536,0.48998,8,28,8,47746,557864,7040,100916,5.16751269035533,0.15318619265915784
537,0.48999,3,21,3,47767,557843,7043,100913,5.1673181666604915,0.15318721954714645
538,0.49,0,12,0,47779,557831,7043,100913,5.167207010263441,0.1531900100797882
539,0.49002,4,4,4,47783,557827,7047,100909,5.16716995813109,0.15318579825605402
540,0.49003,1,8,1,47791,557819,7048,100908,5.16709585386639,0.15318637311056021
541,0.49004,5,13,5,47804,557806,7053,100903,5.166975434436252,0.15318296850354254
542,0.49005,4,17,4,47821,557789,7057,100899,5.166817962873764,0.15318177953750486
543,0.49006,2,7,2,47828,557782,7059,100897,5.1667531216421505,0.15318083618879605
544,0.49007,1,9,1,47837,557773,7060,100896,5.166669754344363,0.153181643587295
545,0.49008,2,55,2,47892,557718,7062,100894,5.166160287524547,0.15319186410208135
546,0.49009,4,62,4,47954,557656,7066,100890,5.165585979473119,0.1532011431243983
547,0.4901,6,101,6,48055,557555,7072,100884,5.164650413131276,0.15321692670087889
548,0.49011,12,194,12,48249,557361,7084,100872,5.162853384712291,0.1532466467041306
549,0.49012,9,116,9,48365,557245,7093,100863,5.161778872874134,0.1532620785646125
550,0.49013,12,121,12,48486,557124,7105,100851,5.16065804587054,0.15327482047190244
551,0.49014,9,233,9,48719,556891,7114,100842,5.15849975916114,0.15331753158196412
552,0.49015,12,139,12,48858,556752,7126,100830,5.15721219756197,0.15333448908273037
553,0.49016,5,44,5,48902,556708,7131,100825,5.156804624106117,0.1533383115372156
554,0.49017,2,16,2,48918,556692,7133,100823,5.156656415576716,0.15333946754066446
555,0.49018,1,13,1,48931,556679,7134,100822,5.156535996146578,0.1533412116483473
556,0.49019,2,12,2,48943,556667,7136,100820,5.156424839749527,0.15334143488768598
557,0.49023,2,60,2,49003,556607,7138,100818,5.155869057764274,0.15335285393771153
558,0.49024,1,79,1,49082,556528,7139,100817,5.155137278150358,0.15336999596863138
559,0.49025,3,52,3,49134,556476,7142,100814,5.1546556004298045,0.15337826530146512
560,0.49026,4,153,4,49287,556323,7146,100810,5.153238356367409,0.1534088228714735
561,0.49027,16,257,16,49544,556066,7162,100794,5.150857756863908,0.1534482233657096
562,0.49028,4,150,4,49694,555916,7166,100790,5.149468301900774,0.15347811653921237
563,0.49029,20,182,20,49876,555734,7186,100770,5.1477824298788395,0.15349487588803723
564,0.4903,16,239,16,50115,555495,7202,100754,5.145568564970914,0.15353013871259233
565,0.49031,10,113,10,50228,555382,7212,100744,5.14452184223202,0.15354367911041478
566,0.49032,8,69,8,50297,555313,7220,100736,5.14388269294898,0.15354950621066416
567,0.49033,10,48,10,50345,555265,7230,100726,5.143438067360776,0.1535478383087573
568,0.49034,1,43,1,50388,555222,7231,100725,5.143039756938012,0.1535566135678645
569,0.49035,2,25,2,50413,555197,7233,100723,5.142808181110823,0.15355988535187218
570,0.49036,0,11,0,50424,555186,7233,100723,5.14270628774686,0.1535624606462177
571,0.49037,2,8,2,50432,555178,7235,100721,5.142632183482159,0.15356175264789243
572,0.49038,0,9,0,50441,555169,7235,100721,5.142548816184371,0.15356385979356293
573,0.49039,0,22,0,50463,555147,7235,100721,5.142345029456445,0.15356901083754657
574,0.4904,0,6,0,50469,555141,7235,100721,5.14228945125792,0.1535704157276988
575,0.49041,1,19,1,50488,555122,7236,100720,5.142113453629256,0.15357357412303574
576,0.49042,2,16,2,50504,555106,7238,100718,5.141965245099856,0.15357473956427334
577,0.49043,2,6,2,50510,555100,7240,100716,5.14190966690133,0.15357356331654
578,0.49044,0,6,0,50516,555094,7240,100716,5.141854088702805,0.15357496835973833
579,0.49045,1,6,1,50522,555088,7241,100715,5.141798510504279,0.15357508276113405
580,0.49046,0,3,0,50525,555085,7241,100715,5.141770721405017,0.15357578530039645
581,0.49047,5,60,5,50585,555025,7246,100710,5.141214939419764,0.15358338353145706
582,0.49048,2,54,2,50639,554971,7248,100708,5.140714735633035,0.15359345045365186
583,0.49049,1,37,1,50676,554934,7249,100707,5.140372003408796,0.15360082728200342
584,0.4905,6,63,6,50739,554871,7255,100701,5.139788432324281,0.153607841701598
585,0.49051,5,41,5,50780,554830,7260,100696,5.139408647967691,0.15361099330918987
586,0.49052,4,47,4,50827,554783,7264,100692,5.138973285412575,0.15361684274762577
587,0.49053,1,18,1,50845,554765,7265,100691,5.138806550817,0.15361977005321487
588,0.49054,3,46,3,50891,554719,7268,100688,5.138380451294972,0.1536266777742685
589,0.49055,0,10,0,50901,554709,7268,100688,5.138287820964097,0.1536290217990012
590,0.49056,0,4,0,50905,554705,7268,100688,5.138250768831746,0.1536299594289228
591,0.49059,1,2,1,50907,554703,7269,100687,5.1382322427655716,0.1536291368498146
592,0.4906,0,5,0,50912,554698,7269,100687,5.138185927600134,0.15363030890240087
593,0.49061,1,6,1,50918,554692,7270,100686,5.138130349401608,0.15363042396906823
594,0.49062,1,21,1,50939,554671,7271,100685,5.137935825706769,0.1536340553836388
595,0.49063,0,10,0,50949,554661,7271,100685,5.137843195375894,0.1536363997033628
596,0.49064,1,14,1,50963,554647,7272,100684,5.1377135129126685,0.15363839037066765
597,0.49065,1,17,1,50980,554630,7273,100683,5.137556041350179,0.15364108448939667
598,0.49066,2,9,2,50989,554621,7275,100681,5.1374726740523915,0.15364061150431405
599,0.49067,2,11,2,51000,554610,7277,100679,5.137370780688428,0.15364060742664687
600,0.49068,1,16,1,51016,554594,7278,100678,5.137222572159028,0.153643067306401
601,0.49069,0,18,0,51034,554576,7278,100678,5.137055837563452,0.1536472879219356
602,0.4907,5,12,5,51046,554564,7283,100673,5.136944681166401,0.15364364344504355
603,0.49071,2,17,2,51063,554547,7285,100671,5.136787209603913,0.15364504638150966
604,0.49072,0,10,0,51073,554537,7285,100671,5.136694579273037,0.15364739136274283
605,0.49073,3,15,3,51088,554522,7288,100668,5.136555633776724,0.1536470336848853
606,0.49074,4,3,4,51091,554519,7292,100664,5.136527844677461,0.15364257009110432
607,0.49075,1,9,1,51100,554510,7293,100663,5.136444477379674,0.15364338884538892
608,0.49076,4,7,4,51107,554503,7297,100659,5.13637963614806,0.1536398631178243
609,0.49077,4,26,4,51133,554477,7301,100655,5.136138797287784,0.15364079300049455
610,0.49078,5,30,5,51163,554447,7306,100650,5.135860906295157,0.15364136914075321
611,0.49079,0,35,0,51198,554412,7306,100650,5.135536700137093,0.1536495782078643
612,0.4908,9,41,9,51239,554371,7315,100641,5.135156915780503,0.15364756676213565
613,0.49081,4,66,4,51305,554305,7319,100637,5.134545555596724,0.1536578811558886
614,0.49082,3,55,3,51360,554250,7322,100634,5.134036088776909,0.1536669089487604
615,0.49083,8,81,8,51441,554169,7330,100626,5.1332857830968175,0.15367557785261035
616,0.49084,4,127,4,51568,554042,7334,100622,5.132109377894698,0.15370021873816186
617,0.49085,12,159,12,51727,553883,7346,100610,5.130636555633776,0.1537220413358126
618,0.49086,13,115,13,51842,553768,7359,100597,5.129571306828708,0.15373224423677917
619,0.49087,22,169,22,52011,553599,7381,100575,5.128005854236911,0.15374349943592988
620,0.49088,14,110,14,52121,553489,7395,100561,5.126986920597281,0.15375124225976608
621,0.49089,6,82,6,52203,553407,7401,100555,5.126227351884101,0.15376275685743207
622,0.4909,6,40,6,52243,553367,7407,100549,5.125856830560599,0.15376439787373303
623,0.49091,9,61,9,52304,553306,7416,100540,5.125291785542258,0.15376709500402236
624,0.49092,10,41,10,52345,553265,7426,100530,5.124912001185669,0.1537637944615667
625,0.49093,9,56,9,52401,553209,7435,100521,5.124393271332766,0.1537653159561287
626,0.49094,7,49,7,52450,553160,7442,100514,5.123939382711475,0.15376778026967572
627,0.49095,7,54,7,52504,553106,7449,100507,5.123439178924747,0.15377142131505953
628,0.49096,4,17,4,52521,553089,7453,100503,5.123281707362259,0.153770241985826
629,0.49097,4,38,4,52559,553051,7457,100499,5.1229297121049315,0.15377400351924106
630,0.49098,3,53,3,52612,552998,7460,100496,5.122438771351291,0.15378259019975699
631,0.49099,2,49,2,52661,552949,7462,100494,5.121984882730001,0.15379153193162984
632,0.491,12,55,12,52716,552894,7474,100482,5.121475415910186,0.15378893623273582
633,0.49101,14,106,14,52822,552788,7488,100468,5.120493534402905,0.1537957554159472
634,0.49102,9,56,9,52878,552732,7497,100459,5.119974804550002,0.15379728134649742
635,0.49103,11,116,11,52994,552616,7508,100448,5.118900292711846,0.1538103463060282
636,0.49104,6,87,6,53081,552529,7514,100442,5.118094408833229,0.15382306411770202
637,0.49105,16,162,16,53243,552367,7530,100426,5.116593797473045,0.15384049767690525
638,0.49106,22,125,22,53368,552242,7552,100404,5.1154359183371,0.15384143931013136
639,0.49107,20,193,20,53561,552049,7572,100384,5.113648152951202,0.15386100948296608
640,0.49108,32,255,32,53816,551794,7604,100352,5.111286079513876,0.1538796527158029
641,0.49109,16,142,16,53958,551652,7620,100336,5.109970728815443,0.15389240292766124
642,0.4911,23,180,23,54138,551472,7643,100313,5.108303382859684,0.15390504537539218
643,0.49111,20,118,20,54256,551354,7663,100293,5.1072103449553525,0.1539069465523512
644,0.49112,16,101,16,54357,551253,7679,100277,5.10627477861351,0.1539100271668227
645,0.49113,19,126,19,54483,551127,7698,100258,5.105107636444477,0.153915119322674
646,0.49114,25,168,25,54651,550959,7723,100233,5.103551446885768,0.15392234548335976
647,0.49115,28,135,28,54786,550824,7751,100205,5.102300937418948,0.15391787462616874
648,0.49116,20,216,20,55002,550608,7771,100185,5.100300122272037,0.1539429588210076
649,0.49117,54,219,54,55221,550389,7825,100131,5.098271518025863,0.15392455266555985
650,0.49118,28,209,28,55430,550180,7853,100103,5.0963355441105636,0.15393759332475246
651,0.49119,23,142,23,55572,550038,7876,100080,5.095020193412131,0.15394128450527442
652,0.4912,36,161,36,55733,549877,7912,100044,5.093528845085035,0.1539325548797469
653,0.49121,24,210,24,55943,549667,7936,100020,5.091583608136649,0.15395105643178947
654,0.49122,31,221,31,56164,549446,7967,99989,5.089536477824299,0.15396306019848022
655,0.49123,53,355,53,56519,549091,8020,99936,5.086248101078217,0.1539781858073701
656,0.49124,55,439,55,56958,548652,8075,99881,5.082181629552781,0.1540106671518643
657,0.49125,30,266,30,57224,548386,8105,99851,5.0797176627514915,0.15403471261282525
658,0.49126,35,302,35,57526,548084,8140,99816,5.07692022675905,0.15406081185368112
659,0.49127,40,331,40,57857,547753,8180,99776,5.07385416280707,0.15408730728662345
660,0.49128,30,155,30,58012,547598,8210,99746,5.0724183926784985,0.15408499962925432
661,0.49129,33,342,33,58354,547256,8243,99713,5.069250435362555,0.15412330420777504
662,0.4913,65,389,65,58743,546867,8308,99648,5.065647115491497,0.15413099464049557
663,0.49131,85,417,85,59160,546450,8393,99563,5.0617844306939865,0.15411918955191303
664,0.49132,52,370,52,59530,546080,8445,99511,5.058357108451592,0.15413938546231282
665,0.49133,72,366,72,59896,545714,8517,99439,5.054966838341547,0.15413243060173323
666,0.49134,89,384,89,60280,545330,8606,99350,5.051409833635926,0.15410746416826954
667,0.49135,51,211,51,60491,545119,8657,99299,5.049455333654452,0.15409097821600265
668,0.49136,64,337,64,60828,544782,8721,99235,5.046333691503946,0.1540875473784077
669,0.49137,66,300,66,61128,544482,8787,99169,5.04355478157768,0.15407262631457108
670,0.49138,55,336,55,61464,544146,8842,99114,5.040442402460261,0.15408077604701054
671,0.49139,59,335,59,61799,543811,8901,99055,5.037339286375931,0.15408343262826157
672,0.4914,20,216,20,62015,543595,8921,99035,5.035338471229019,0.15410889625445434
673,0.49141,44,192,44,62207,543403,8965,98991,5.033559968876209,0.15409701834076905
674,0.49142,18,157,18,62364,543246,8983,98973,5.032105672681463,0.15411098083364086
675,0.49143,14,126,14,62490,543120,8997,98959,5.030938530512431,0.1541227792841691
676,0.49144,19,160,19,62650,542960,9016,98940,5.029456445218423,0.15413615828010593
677,0.49145,38,150,38,62800,542810,9054,98902,5.028066990255289,0.15412209838681526
678,0.49146,29,230,29,63030,542580,9083,98873,5.025936492645152,0.1541391185324568
679,0.49147,56,292,56,63322,542288,9139,98817,5.023231686983586,0.15413543803277155
680,0.49148,60,367,60,63689,541921,9199,98757,5.019832153840453,0.15414451565372933
681,0.49149,66,341,66,64030,541580,9265,98691,5.016673459557597,0.1541394190897292
682,0.4915,75,345,75,64375,541235,9340,98616,5.013477713142391,0.15412338184983693
683,0.49151,49,343,49,64718,540892,9389,98567,5.01030049279336,0.1541412350127217
684,0.49152,52,253,52,64971,540639,9441,98515,5.007956945422209,0.15413343263125945
685,0.49153,38,212,38,65183,540427,9479,98477,5.005993182407647,0.15413426743297898
686,0.49154,27,185,27,65368,540242,9506,98450,5.00427952128645,0.15414315507318083
687,0.49155,17,170,17,65538,540072,9523,98433,5.0027048056615655,0.15416167453661286
688,0.49156,24,135,24,65673,539937,9547,98409,5.001454296194746,0.15416247614929834
689,0.49157,18,139,18,65812,539798,9565,98391,5.000166734595576,0.15417219663767318
690,0.49158,29,154,29,65966,539644,9594,98362,4.998740227500092,0.15417096390943033
691,0.49159,23,168,23,66134,539476,9617,98339,4.997184037941383,0.1541810713137822
692,0.4916,27,158,27,66292,539318,9644,98312,4.99572047871355,0.15418346062763671
693,0.49161,26,127,26,66419,539191,9670,98286,4.99454407351143,0.15417968020807024
694,0.49162,13,92,13,66511,539099,9683,98273,4.993691874467376,0.1541846833560307
695,0.49163,7,66,7,66577,539033,9690,98266,4.993080514283597,0.15419136072706846
696,0.49164,17,55,17,66632,538978,9707,98249,4.992571047463781,0.15418210465030516
697,0.49165,14,80,14,66712,538898,9721,98235,4.991830004816777,0.15418287861404134
698,0.49166,11,86,11,66798,538812,9732,98224,4.9910333839712475,0.15418908821479477
699,0.49167,37,134,37,66932,538678,9769,98187,4.989792137537515,0.15417239132312185
700,0.49168,30,122,30,67054,538556,9799,98157,4.988662047500834,0.1541620793041763
701,0.49169,27,103,27,67157,538453,9826,98130,4.987707955092816,0.15415114761154478
702,0.4917,34,106,34,67263,538347,9860,98096,4.986726073585535,0.1541316347261263
703,0.49171,18,68,18,67331,538279,9878,98078,4.986096187335582,0.15412417872357811
704,0.49172,16,63,16,67394,538216,9894,98062,4.985512616251065,0.15411816847352885
705,0.49173,4,51,4,67445,538165,9898,98058,4.9850402015636,0.1541252045273434
706,0.49174,4,44,4,67489,538121,9902,98054,4.9846326281077475,0.1541305458403741
707,0.49175,6,33,6,67522,538088,9908,98048,4.984326948015858,0.1541305632757775
708,0.49176,1,48,1,67570,538040,9909,98047,4.983882322427656,0.15414086437861488
709,0.49177,3,51,3,67621,537989,9912,98044,4.9834099077401905,0.1541492343950707
710,0.49178,6,50,6,67671,537939,9918,98038,4.982946756085813,0.1541533734710532
711,0.49179,9,55,9,67726,537884,9927,98029,4.982437289265997,0.1541547350030586
712,0.4918,9,57,9,67783,537827,9936,98020,4.981909296380007,0.1541565816933948
713,0.49181,13,129,13,67912,537698,9949,98007,4.980714365111712,0.15417056653636513
714,0.49182,13,93,13,68005,537605,9962,97994,4.97985290303457,0.15417582469450078
715,0.49183,11,122,11,68127,537483,9973,97983,4.978722812997888,0.15419078282709067
716,0.49184,16,194,16,68321,537289,9989,97967,4.976925784578903,0.15421656780888335
717,0.49185,9,101,9,68422,537188,9998,97958,4.97599021823706,0.1542291063786909
718,0.49186,17,89,17,68511,537099,10015,97941,4.975165808292267,0.15422808012093728
719,0.49187,17,101,17,68612,536998,10032,97924,4.9742302419504245,0.15422996840556794
720,0.49188,23,121,23,68733,536877,10055,97901,4.97310941494683,0.1542287224825057
721,0.49189,27,207,27,68940,536670,10082,97874,4.971191967097706,0.15424304697546584
722,0.4919,30,263,30,69203,536407,10112,97844,4.968755789395679,0.1542670015498596
723,0.49191,35,248,35,69451,536159,10147,97809,4.966458557189966,0.1542806576988113
724,0.49192,24,284,24,69735,535875,10171,97785,4.963827855793101,0.15431777293816873
725,0.49193,28,208,28,69943,535667,10199,97757,4.96190114491089,0.1543310641844957
726,0.49194,38,301,38,70244,535366,10237,97719,4.959112971951535,0.15435368078536058
727,0.49195,29,304,29,70548,535062,10266,97690,4.9562970098929195,0.15438908134624624
728,0.49196,31,206,31,70754,534856,10297,97659,4.954388825076883,0.15439791941693082
729,0.49197,41,210,41,70964,534646,10338,97618,4.952443588128497,0.15439436691002492
730,0.49198,12,61,12,71025,534585,10350,97606,4.951878543110156,0.15439321344340556
731,0.49199,14,110,14,71135,534475,10364,97592,4.950859609470525,0.1544013530211196
732,0.492,7,48,7,71183,534427,10371,97585,4.950414983882323,0.15440371385353444
733,0.49201,11,54,11,71237,534373,10382,97574,4.949914780095595,0.15440218879114861
734,0.49202,16,61,16,71298,534312,10398,97558,4.949349735077254,0.1543956826562426
735,0.49203,17,67,17,71365,534245,10415,97541,4.948729111860388,0.15438930270692924
736,0.49204,29,117,29,71482,534128,10444,97512,4.947645336989144,0.15437907668925338
737,0.49205,26,103,26,71585,534025,10470,97486,4.9466912445811255,0.1543694409123515
738,0.49206,44,193,44,71778,533832,10514,97442,4.9449034791952275,0.15435769570741073
739,0.49207,23,142,23,71920,533690,10537,97419,4.943588128496795,0.15436160789974473
740,0.49208,25,150,25,72070,533540,10562,97394,4.942198673533662,0.15436479885376284
741,0.49209,20,84,20,72154,533456,10582,97374,4.9414205787543075,0.1543585435061744
742,0.4921,17,81,17,72235,533375,10599,97357,4.940670273074216,0.15435557415827958
743,0.49211,4,49,4,72284,533326,10603,97353,4.940216384452925,0.15436220327615158
744,0.49212,11,72,11,72356,533254,10614,97342,4.939549446070622,0.15436507684793432
745,0.49213,10,80,10,72436,533174,10624,97332,4.938808403423617,0.15437125102695295
746,0.49214,12,84,12,72520,533090,10636,97320,4.9380303086442625,0.15437572373534683
747,0.49215,14,102,14,72622,532988,10650,97306,4.937085479269332,0.15438192335640194
748,0.49216,15,104,15,72726,532884,10665,97291,4.936122123828226,0.15438727337644306
749,0.49217,11,97,11,72823,532787,10676,97280,4.935223609618734,0.1543962784910176
750,0.49218,8,61,8,72884,532726,10684,97272,4.934658564600393,0.15440049016028623
751,0.49219,20,65,20,72949,532661,10704,97252,4.934056467449702,0.15438957443329476
752,0.4922,9,71,9,73020,532590,10713,97243,4.933398792100485,0.15439489515474736
753,0.49221,10,59,10,73079,532531,10723,97233,4.9328522731483195,0.15439593244453478
754,0.49222,15,56,15,73135,532475,10738,97218,4.9323335432954165,0.154389519972431
755,0.49223,11,85,11,73220,532390,10749,97207,4.931546185482975,0.1543955895596707
756,0.49224,21,108,21,73328,532282,10770,97186,4.9305457779095185,0.15439386910851705
757,0.49225,18,100,18,73428,532182,10788,97168,4.929619474600763,0.15439421625486613
758,0.49226,17,104,17,73532,532078,10805,97151,4.928656119159657,0.1543968888910079
759,0.49227,15,89,15,73621,531989,10820,97136,4.927831709214865,0.15439856944168487
760,0.49228,18,76,18,73697,531913,10838,97118,4.927127718700211,0.15439302673477143
761,0.49229,10,106,10,73803,531807,10848,97108,4.92614583719293,0.154405603300923
762,0.4923,18,100,18,73903,531707,10866,97090,4.925219533884175,0.15440595295461015
763,0.49231,16,93,16,73996,531614,10882,97074,4.924358071807032,0.1544072735601761
764,0.49232,25,90,25,74086,531524,10907,97049,4.923524398829152,0.15439575037426043
765,0.49233,9,67,9,74153,531457,10916,97040,4.922903775612286,0.15440010055736145
766,0.49234,9,78,9,74231,531379,10925,97031,4.922181259031457,0.15440715456469503
767,0.49235,2,51,2,74282,531328,10927,97029,4.921708844343992,0.15441699543412424
768,0.49236,4,24,4,74306,531304,10931,97025,4.921486531549891,0.15441751057169095
769,0.49237,13,73,13,74379,531231,10944,97012,4.9208103301345,0.15441795610933987
770,0.49238,20,72,20,74451,531159,10964,96992,4.9201433917521955,0.1544087329320498
771,0.49239,11,78,11,74529,531081,10975,96981,4.919420875171366,0.15441309934369538
772,0.4924,18,86,18,74615,530995,10993,96963,4.918624254325836,0.15441000831265786
773,0.49241,11,67,11,74682,530928,11004,96952,4.91800363110897,0.1544116710199401
774,0.49242,6,61,6,74743,530867,11010,96946,4.917438586090629,0.15441859279753684
775,0.49243,8,102,8,74845,530765,11018,96938,4.916493756715699,0.15443290855707237
776,0.49244,10,74,10,74919,530691,11028,96928,4.91580829226722,0.1544376444945102
777,0.49245,13,131,13,75050,530560,11041,96915,4.914594834932751,0.15445236862026376
778,0.49246,14,95,14,75145,530465,11055,96901,4.913714846789433,0.15445688800476914
779,0.49247,22,183,22,75328,530282,11077,96879,4.91201971173441,0.15447229658731967
780,0.49248,39,154,39,75482,530128,11116,96840,4.910593204638927,0.15445764377129295
781,0.49249,18,122,18,75604,530006,11134,96822,4.909463114602246,0.1544634253734677
782,0.4925,35,183,35,75787,529823,11169,96787,4.907767979547223,0.15446130767143837
783,0.49251,27,146,27,75933,529677,11196,96760,4.90641557671644,0.15446086358245123
784,0.49252,18,100,18,76033,529577,11214,96742,4.905489273407684,0.15446122503069523
785,0.49253,25,118,25,76151,529459,11239,96717,4.904396235503353,0.15445657450940312
786,0.49254,15,86,15,76237,529373,11254,96702,4.903599614657823,0.15445753304316576
787,0.49255,27,150,27,76387,529223,11281,96675,4.9022101596946905,0.15445807463835962
788,0.49256,10,119,10,76506,529104,11291,96665,4.901107858757271,0.15447393527004374
789,0.49257,21,203,21,76709,528901,11312,96644,4.899227463040498,0.15449567976724296
790,0.49258,21,147,21,76856,528754,11333,96623,4.897865797176627,0.1545036034264132
791,0.49259,27,133,27,76989,528621,11360,96596,4.896633813775983,0.15449995761471616
792,0.4926,14,121,14,77110,528500,11374,96582,4.895512986772388,0.15451092816622458
793,0.49261,19,130,19,77240,528370,11393,96563,4.894308792471007,0.15451736426144883
794,0.49262,20,118,20,77358,528252,11413,96543,4.8932157545666755,0.154519482390224
795,0.49263,18,129,18,77487,528123,11431,96525,4.892020823298381,0.15452702962308373
796,0.49264,23,91,23,77578,528032,11454,96502,4.891177887287413,0.154518408925695
797,0.49265,25,135,25,77713,527897,11479,96477,4.889927377820594,0.15451796519393826
798,0.49266,11,160,11,77873,527737,11490,96466,4.888445292526585,0.15454267281637543
799,0.49267,16,185,16,78058,527552,11506,96450,4.886731631405388,0.15456681228585806
800,0.49268,24,182,24,78240,527370,11530,96426,4.885045759383453,0.15457938172094723
801,0.49269,37,310,37,78550,527060,11567,96389,4.882174219126311,0.1546060704243651
802,0.4927,28,426,28,78976,526634,11595,96361,4.878228167031013,0.15467379352964308
803,0.49271,68,467,68,79443,526167,11663,96293,4.873902330579125,0.15469749060180574
804,0.49272,62,514,62,79957,525653,11725,96231,4.869141131572122,0.15474107711405985
805,0.49273,70,538,70,80495,525115,11795,96161,4.864157619771018,0.15477984019984678
806,0.49274,40,243,40,80738,524872,11835,96121,4.861906702730742,0.15478596377092818
807,0.49275,30,188,30,80926,524684,11865,96091,4.860165252510282,0.15479199387861947
808,0.49276,29,76,29,81002,524608,11894,96062,4.8594612619956274,0.15477145665168285
809,0.49277,6,27,6,81029,524581,11900,96056,4.859211160102264,0.15477001854546216
810,0.49278,3,12,3,81041,524569,11903,96053,4.859100003705214,0.1547689253684207
811,0.49279,0,7,0,81048,524562,11903,96053,4.8590351624736,0.15477067102793196
812,0.4928,2,6,2,81054,524556,11905,96051,4.858979584275075,0.1547694434642213
813,0.49281,0,13,0,81067,524543,11905,96051,4.858859164844937,0.15477268552386908
814,0.49282,3,19,3,81086,524524,11908,96048,4.858683167216273,0.15477333814609748
815,0.49283,9,49,9,81135,524475,11917,96039,4.858229278594983,0.1547733008441389
816,0.49284,8,67,8,81202,524408,11925,96031,4.857608655378117,0.15477911607748707
817,0.49285,5,98,5,81300,524310,11930,96026,4.856700878135537,0.15479675530680148
818,0.49286,3,102,3,81402,524208,11933,96023,4.855756048760606,0.1548181242150102
819,0.49287,12,132,12,81534,524076,11945,96011,4.854533328393049,0.15483472480474514
820,0.49288,13,134,13,81668,523942,11958,95998,4.853292081959316,0.15485046940026453
821,0.49289,18,146,18,81814,523796,11976,95980,4.851939679128534,0.1548624019000413
822,0.4929,22,204,22,82018,523592,11998,95958,4.8500500203786725,0.15488338310063757
823,0.49291,26,163,26,82181,523429,12024,95932,4.848540145985401,0.1548886675137763
824,0.49292,18,158,18,82339,523271,12042,95914,4.847076586757568,0.15490362331128824
825,0.49293,16,129,16,82468,523142,12058,95898,4.845881655489273,0.15491406048074438
826,0.49294,19,149,19,82617,522993,12077,95879,4.844501463559228,0.1549254126863067
827,0.49295,31,250,31,82867,522743,12108,95848,4.842185705287339,0.15494567492899186
828,0.49296,22,284,22,83151,522459,12130,95826,4.8395550038904736,0.1549867779422111
829,0.49297,34,328,34,83479,522131,12164,95792,4.836516729037756,0.15502255135348578
830,0.49298,35,425,35,83904,521706,12199,95757,4.832579939975545,0.15508135710155913
831,0.49299,27,353,27,84257,521353,12226,95730,4.829310089295639,0.15513310203003486
832,0.493,24,357,24,84614,520996,12250,95706,4.826003186483383,0.1551900269498072
833,0.49301,28,310,28,84924,520686,12278,95678,4.823131646226241,0.1552297019293794
834,0.49302,46,558,46,85482,520128,12324,95632,4.817962873763385,0.1553072625698324
835,0.49303,49,463,49,85945,519665,12373,95583,4.813674089443848,0.1553568642238577
836,0.49304,24,283,24,86228,519382,12397,95559,4.81105265108007,0.1553953956558434
837,0.49305,38,248,38,86476,519134,12435,95521,4.808755418874356,0.15540587809421547
838,0.49306,28,255,28,86731,518879,12463,95493,4.80639334543703,0.155431888171987
839,0.49307,24,167,24,86898,518712,12487,95469,4.804846418911408,0.15544114845623686
840,0.49308,12,174,12,87072,518538,12499,95457,4.803234651154174,0.15546869274179756
841,0.49309,26,204,26,87276,518334,12525,95431,4.801344992404313,0.15548459100795908
842,0.4931,37,345,37,87621,517989,12562,95394,4.798149245989107,0.1555211018238197
843,0.49311,36,384,36,88005,517605,12598,95358,4.794592241283486,0.15556893319825177
844,0.49312,59,403,59,88408,517202,12657,95299,4.790859238949202,0.1555899500572244
845,0.49313,65,460,65,88868,516742,12722,95234,4.7865982437289265,0.15561721374694432
846,0.49314,76,508,76,89376,516234,12798,95158,4.7818926229204495,0.15564155239191876
847,0.49315,70,433,70,89809,515801,12868,95088,4.777881729593538,0.15565511901507476
848,0.49316,76,528,76,90337,515273,12944,95012,4.772990848123309,0.1556846391440065
849,0.49317,82,551,82,90888,514722,13026,94930,4.767886916892067,0.1557117831156135
850,0.49318,83,693,83,91581,514029,13109,94847,4.761467634962392,0.15577391784205652
851,0.49319,65,667,65,92248,513362,13174,94782,4.755289191892993,0.15585453445236655
852,0.4932,74,797,74,93045,512565,13248,94708,4.7479065545222126,0.15595621738493232
853,0.49321,75,714,75,93759,511851,13323,94633,4.741292748897699,0.15603544363907373
854,0.49322,72,609,72,94368,511242,13395,94561,4.735651561747378,0.15609199690328374
855,0.49323,51,443,51,94811,510799,13446,94510,4.731548038089592,0.1561351309826882
856,0.49324,86,747,86,95558,510052,13532,94424,4.724628552373189,0.1562080214929956
857,0.49325,69,521,69,96079,509531,13601,94355,4.7198025121345735,0.15624637762756546
858,0.49326,71,498,71,96577,509033,13672,94284,4.7151895216569715,0.15627605388212168
859,0.49327,102,521,102,97098,508512,13774,94182,4.710363481418356,0.15626835508566536
860,0.49328,58,334,58,97432,508178,13832,94124,4.707269628367112,0.15627376299597212
861,0.49329,50,362,50,97794,507816,13882,94074,4.703916410389418,0.1562976623635548
862,0.4933,27,190,27,97984,507626,13909,94047,4.702156434102783,0.1563091579645422
863,0.49331,25,218,25,98202,507408,13934,94022,4.700137092889696,0.15633074505761269
864,0.49332,34,265,34,98467,507143,13968,93988,4.697682389121494,0.15635194325363358
865,0.49333,47,298,47,98765,506845,14015,93941,4.694922005261403,0.15636349715206413
866,0.49334,59,333,59,99098,506512,14074,93882,4.691837415243247,0.15636731879399193
867,0.49335,74,362,74,99460,506150,14148,93808,4.688484197265552,0.15635761169948564
868,0.49336,111,383,111,99843,505767,14259,93697,4.68493645559302,0.1563012958242697
869,0.49337,88,339,88,100182,505428,14347,93609,4.681796287376338,0.1562658066196245
870,0.49338,91,297,91,100479,505131,14438,93518,4.679045166549335,0.156215077616433
871,0.49339,66,373,66,100852,504758,14504,93452,4.675590055207677,0.1562193878403905
872,0.4934,47,311,47,101163,504447,14551,93405,4.672709251917448,0.15623431886152425
873,0.49341,48,384,48,101547,504063,14599,93357,4.669152247211827,0.15626694787586623
874,0.49342,45,351,45,101898,503712,14644,93312,4.665900922598095,0.15629522431259044
875,0.49343,21,278,21,102176,503434,14665,93291,4.663325799399756,0.15633834680966946
876,0.49344,25,303,25,102479,503131,14690,93266,4.660519100374226,0.15638240970360348
877,0.49345,32,326,32,102805,502805,14722,93234,4.657499351587684,0.15642265019570867
878,0.49346,43,353,43,103158,502452,14765,93191,4.654229500907777,0.1564544534226038
879,0.49347,41,433,41,103591,502019,14806,93150,4.650218607580866,0.15651016770026666
880,0.49348,57,521,57,104112,501498,14863,93093,4.645392567342251,0.15656644651533574
881,0.49349,69,615,69,104727,500883,14932,93024,4.639695801993405,0.15663058357621648
882,0.4935,72,544,72,105271,500339,15004,92952,4.634656711993776,0.15667185242992057
883,0.49351,68,449,68,105720,499890,15072,92884,4.630497610137463,0.15669378211594975
884,0.49352,58,411,58,106131,499479,15130,92826,4.626690503538478,0.15671993314255325
885,0.49353,51,361,51,106492,499118,15181,92775,4.623346548593871,0.15674285723939968
886,0.49354,54,501,54,106993,498617,15235,92721,4.618705769017007,0.1567986498415458
887,0.49355,49,555,49,107548,498062,15284,92672,4.6135647856534145,0.15687602203360565
888,0.49356,76,455,76,108003,497607,15360,92596,4.609350105598577,0.15688839263778734
889,0.49357,65,413,65,108416,497194,15425,92531,4.605524472933418,0.15690533723345626
890,0.49358,69,452,69,108868,496742,15494,92462,4.601337581977843,0.15692697266142117
891,0.49359,47,427,47,109295,496315,15541,92415,4.597382266849457,0.15697348529886365
892,0.4936,61,477,61,109772,495838,15602,92354,4.592963800066694,0.15701335618301507
893,0.49361,52,430,52,110202,495408,15654,92302,4.588980695839045,0.15705364890847526
894,0.49362,63,548,63,110750,494860,15717,92239,4.5839045537070655,0.15710978897937145
895,0.49363,80,675,80,111425,494185,15797,92159,4.577652006372967,0.15717565115358903
896,0.49364,86,701,86,112126,493484,15883,92073,4.571158620178592,0.15724002957867467
897,0.49365,102,767,102,112893,492717,15985,91971,4.564053873800437,0.15729927756341844
898,0.49366,123,814,123,113707,491903,16108,91848,4.5565137648671685,0.15734105808812318
899,0.49367,117,866,117,114573,491037,16225,91731,4.548491978213346,0.15740569145869368
900,0.49368,123,838,123,115411,490199,16348,91608,4.540729556485976,0.1574542760743683
901,0.49369,138,855,138,116266,489344,16486,91470,4.532809663196117,0.15748587327440455
902,0.4937,106,739,106,117005,488605,16592,91364,4.525964281744415,0.15753255777463968
903,0.49371,103,946,103,117951,487659,16695,91261,4.517201452443588,0.15764008844054447
904,0.49372,114,704,114,118655,486955,16809,91147,4.51068027714995,0.15766594822366986
905,0.49373,152,807,152,119462,486148,16961,90995,4.503205009448294,0.15766456493451364
906,0.49374,116,638,116,120100,485510,17077,90879,4.4972951943384345,0.15766955996731374
907,0.49375,105,619,105,120719,484891,17182,90774,4.491561376857238,0.15768545942518652
908,0.49376,91,551,91,121270,484340,17273,90683,4.486457445625995,0.1577032570871078
909,0.49377,70,465,70,121735,483875,17343,90613,4.482150135240283,0.15772827282728272
910,0.49378,58,485,58,122220,483390,17401,90555,4.477657564192819,0.15777644199357083
911,0.49379,63,444,63,122664,482946,17464,90492,4.473544777501945,0.15780607493748233
912,0.4938,90,556,90,123220,482390,17554,90402,4.4683945311052655,0.15782692495705247
913,0.49381,86,616,86,123836,481774,17640,90316,4.462688502723331,0.15787026516806796
914,0.49382,110,684,110,124520,481090,17750,90206,4.456352588091445,0.15789713213465523
915,0.49383,100,681,100,125201,480409,17850,90106,4.450044462558821,0.15793800338290842
916,0.49384,106,794,106,125995,479615,17956,90000,4.4426896142873025,0.15800145712454905
917,0.49385,104,679,104,126674,478936,18060,89896,4.436400014820853,0.15803611611161117
918,0.49386,117,546,117,127220,478390,18177,89779,4.431342398755048,0.1580146048094845
919,0.49387,103,403,103,127623,477987,18280,89676,4.427609396420764,0.15797400922730565
920,0.49388,95,492,95,128115,477495,18375,89581,4.423051984141687,0.15797000754748922
921,0.49389,73,424,73,128539,477071,18448,89508,4.419124458112564,0.1579797345118686
922,0.4939,91,397,91,128936,476674,18539,89417,4.415447033976806,0.1579551697518597
923,0.49391,89,387,89,129323,476287,18628,89328,4.411862240171922,0.15793074794692502
924,0.49392,80,421,80,129744,475866,18708,89248,4.407962503242062,0.15792919658688334
925,0.49393,66,353,66,130097,475513,18774,89182,4.404692652562155,0.1579295017664403
926,0.49394,55,417,55,130514,475096,18829,89127,4.400829967764645,0.15796413829283812
927,0.49395,84,522,84,131036,474574,18913,89043,4.3959946644929415,0.15798494367629082
928,0.49396,99,660,99,131696,473914,19012,88944,4.389881062655156,0.1580220943825974
929,0.49397,66,579,66,132275,473335,19078,88878,4.384517766497462,0.15808599231963685
930,0.49398,93,605,93,132880,472730,19171,88785,4.378913631479492,0.15811688022581766
931,0.49399,66,392,66,133272,472338,19237,88719,4.3752825225091705,0.15812831851309225
932,0.494,79,425,79,133697,471913,19316,88640,4.37134573344696,0.1581295613438872
933,0.49401,75,540,75,134237,471373,19391,88565,4.366343695579681,0.15816929731505988
934,0.49402,113,750,113,134987,470623,19504,88452,4.359396420764015,0.15821133121674194
935,0.49403,114,756,114,135743,469867,19618,88338,4.352393567749824,0.15825368816115942
936,0.49404,89,726,89,136469,469141,19707,88249,4.345668605728259,0.15832540949783813
937,0.49405,113,700,113,137169,468441,19820,88136,4.339184482566972,0.1583536509773131
938,0.49406,86,610,86,137779,467831,19906,88050,4.333534032383564,0.15839721091384668
939,0.49407,58,552,58,138331,467279,19964,87992,4.328420838119234,0.15846676667789242
940,0.49408,123,660,123,138991,466619,20087,87869,4.322307236281448,0.15846871347982283
941,0.49409,106,549,106,139540,466070,20193,87763,4.317221831116381,0.15846473575969652
942,0.4941,132,805,132,140345,465265,20325,87631,4.3097650894809,0.15849454508623684
943,0.49411,120,642,120,140987,464623,20445,87511,4.30381822223869,0.15849594482498813
944,0.49412,124,671,124,141658,463952,20569,87387,4.297602727036941,0.15849958011314272
945,0.49413,89,404,89,142062,463548,20658,87298,4.293860461669569,0.15847986551595183
946,0.49414,79,383,79,142445,463165,20737,87219,4.2903127199970355,0.15846935957440622
947,0.49415,92,359,92,142804,462806,20829,87127,4.286987291118604,0.1584320271742194
948,0.49416,88,375,88,143179,462431,20917,87039,4.283513653710771,0.15840537244981528
949,0.49417,73,409,73,143588,462022,20990,86966,4.2797250731779615,0.15841147711789694
950,0.49418,84,459,84,144047,461563,21074,86882,4.275473340990774,0.15841515557622005
951,0.49419,92,417,92,144464,461146,21166,86790,4.271610656193264,0.15839441102610524
952,0.4942,85,346,85,144810,460800,21251,86705,4.26840564674497,0.15836385055844238
953,0.49421,72,332,72,145142,460468,21323,86633,4.265330319759903,0.15834918963774514
954,0.49422,78,351,78,145493,460117,21401,86555,4.262078995146171,0.15833077238270846
955,0.49423,77,411,77,145904,459706,21478,86478,4.258271888547186,0.15833125833052597
956,0.49424,61,401,61,146305,459305,21539,86417,4.254557412279077,0.15835352065703784
957,0.49425,54,352,54,146657,458953,21593,86363,4.2512968246322576,0.15837239325455332
958,0.49426,49,317,49,146974,458636,21642,86314,4.248360443143503,0.15838884301312048
959,0.49427,67,309,67,147283,458327,21709,86247,4.245498165919448,0.15837517031661447
960,0.49428,35,242,35,147525,458085,21744,86212,4.243256511912261,0.1583914664236621
961,0.49429,41,263,41,147788,457822,21785,86171,4.240820334210234,0.15840461182404922
962,0.4943,52,293,52,148081,457529,21837,86119,4.23810626551558,0.15840948554947318
963,0.49431,64,352,64,148433,457177,21901,86055,4.234845677868761,0.15841298008953816
964,0.49432,51,373,51,148806,456804,21952,86004,4.231390566527104,0.15844276429234647
965,0.49433,78,388,78,149194,456416,22030,85926,4.227796509689132,0.15843508339756096
966,0.49434,84,291,84,149485,456125,22114,85842,4.225100967060654,0.15838971745512181
967,0.49435,100,365,100,149850,455760,22214,85742,4.221719959983697,0.15834105875878574
968,0.49436,95,358,95,150208,455402,22309,85647,4.218403794138353,0.15829804694214386
969,0.49437,79,352,79,150560,455050,22388,85568,4.2151432064915335,0.15827811874558376
970,0.49438,79,307,79,150867,454743,22467,85489,4.212299455333654,0.15824497623243347
971,0.49439,34,178,34,151045,454565,22501,85455,4.21065063544407,0.15824413910595903
972,0.4944,29,164,29,151209,454401,22530,85426,4.209131498017711,0.15824699394435623
973,0.49441,29,123,29,151332,454278,22559,85397,4.207992144947942,0.15823782832260155
974,0.49442,29,175,29,151507,454103,22588,85368,4.20637111415762,0.15824390931115853
975,0.49443,29,210,29,151717,453893,22617,85339,4.204425877209234,0.15826026645302949
976,0.49444,45,222,45,151939,453671,22662,85294,4.202369483863796,0.15825517426920116
977,0.49445,41,244,41,152183,453427,22703,85253,4.200109303790433,0.158262790524987
978,0.49446,37,196,37,152379,453231,22740,85216,4.1982937493052725,0.1582625588033734
979,0.49447,47,248,47,152627,452983,22787,85169,4.195996517099559,0.15826197802851238
980,0.49448,38,202,38,152829,452781,22825,85131,4.194125384415873,0.15826194619194217
981,0.49449,19,152,19,152981,452629,22844,85112,4.192717403386565,0.15827694001387285
982,0.4945,29,227,29,153208,452402,22873,85083,4.19061469487569,0.1582983711173335
983,0.49451,29,223,29,153431,452179,22902,85054,4.1885490384971655,0.15831864386588315
984,0.49452,40,254,40,153685,451925,22942,85014,4.186196228092927,0.15833083460132344
985,0.49453,44,268,44,153953,451657,22986,84970,4.183713735225462,0.15834089600411458
986,0.49454,45,186,45,154139,451471,23031,84925,4.181990811071177,0.15832519258160016
987,0.49455,43,232,43,154371,451239,23074,84882,4.179841787394865,0.15832619874990908
988,0.49456,38,185,38,154556,451054,23112,84844,4.178128126273667,0.15832117305905227
989,0.49457,36,194,36,154750,450860,23148,84808,4.176331097854682,0.15832194568277366
990,0.49458,33,187,33,154937,450673,23181,84775,4.174598910667309,0.15832536492806024
991,0.49459,42,213,42,155150,450460,23223,84733,4.17262588461966,0.1583223248435611
992,0.4946,33,216,33,155366,450244,23256,84700,4.170625069472748,0.15833433032242628
993,0.49461,41,260,41,155626,449984,23297,84659,4.168216680869984,0.15834678467687785
994,0.49462,40,269,40,155895,449715,23337,84619,4.165724924969432,0.1583634954915839
995,0.49463,92,412,92,156307,449303,23429,84527,4.16190855533736,0.1583406702508289
996,0.49464,73,383,73,156690,448920,23502,84454,4.158360813664826,0.15833917663778138
997,0.49465,123,493,123,157183,448427,23625,84331,4.153794138352662,0.15829138182814712
998,0.49466,79,364,79,157547,448063,23704,84252,4.150422394308793,0.15827470576632258
999,0.49467,114,491,114,158038,447572,23818,84138,4.145874245062803,0.15824039419984579
1000,0.49468,79,324,79,158362,447248,23897,84059,4.142873022342436,0.1582117306943067
1001,0.49469,84,270,84,158632,446978,23981,83975,4.140372003408796,0.15815900842447447
1002,0.4947,53,282,53,158914,446696,24034,83922,4.137759828078106,0.1581589768910968
1003,0.49471,47,183,47,159097,446513,24081,83875,4.1360646930230835,0.15813894733666675
1004,0.49472,55,289,55,159386,446224,24136,83820,4.133387676460781,0.15813781497385124
1005,0.49473,58,293,58,159679,445931,24194,83762,4.130673607766127,0.15813310729044938
1006,0.49474,47,201,47,159880,445730,24241,83715,4.1288117381155285,0.1581184070111154
1007,0.49475,42,174,42,160054,445556,24283,83673,4.127199970358294,0.15810358086952908
1008,0.49476,27,134,27,160188,445422,24310,83646,4.125958723924562,0.15810066002857856
1009,0.49477,30,124,30,160312,445298,24340,83616,4.124810107821705,0.1580899730390952
1010,0.49478,9,106,9,160418,445192,24349,83607,4.123828226314425,0.1581073337884527
1011,0.49479,15,126,15,160544,445066,24364,83592,4.122661084145393,0.1581211293501659
1012,0.4948,19,126,19,160670,444940,24383,83573,4.121493941976361,0.1581285606976555
1013,0.49481,27,117,27,160787,444823,24410,83546,4.120410167105117,0.15812055589938093
1014,0.49482,24,285,24,161072,444538,24434,83522,4.117770202675164,0.15816763246600765
1015,0.49483,50,273,50,161345,444265,24484,83472,4.115241394642261,0.15816969437428113
1016,0.49484,41,308,41,161653,443957,24525,83431,4.112388380451295,0.15819662184198352
1017,0.49485,57,364,57,162017,443593,24582,83374,4.109016636407425,0.158214840777506
1018,0.49486,49,416,49,162433,443177,24631,83325,4.105163214643003,0.15826150707879552
1019,0.49487,31,282,31,162715,442895,24662,83294,4.102551039312313,0.15829673368314426
1020,0.49488,26,340,26,163055,442555,24688,83268,4.099401608062544,0.15835747009925394
1021,0.49489,16,153,16,163208,442402,24704,83252,4.0979843640001485,0.15837794442732292
1022,0.4949,22,244,22,163452,442158,24726,83230,4.095724183926785,0.15841625617638774
1023,0.49491,28,153,28,163605,442005,24754,83202,4.094306939864389,0.15841753822778448
1024,0.49492,13,94,13,163699,441911,24767,83189,4.093436214754159,0.15842506189297276
1025,0.49493,18,87,18,163786,441824,24785,83171,4.092630330875542,0.15842246116629682
1026,0.49494,13,73,13,163859,441751,24798,83158,4.0919541294601505,0.15842365057562358
1027,0.49495,13,82,13,163941,441669,24811,83145,4.091194560746971,0.15842755719169077
1028,0.49496,15,96,15,164037,441573,24826,83130,4.0903053095705655,0.15843248466275206
1029,0.49497,23,104,23,164141,441469,24849,83107,4.08934195412946,0.15842699627889953
1030,0.49498,32,154,32,164295,441315,24881,83075,4.087915447033977,0.1584221667079845
1031,0.49499,29,205,29,164500,441110,24910,83046,4.086016525251028,0.15843756438922763
1032,0.495,30,227,30,164727,440883,24940,83016,4.083913816740154,0.15845802339763962
1033,0.49501,50,294,50,165021,440589,24990,82966,4.081190485012413,0.1584666367430356
1034,0.49502,32,305,32,165326,440284,25022,82934,4.078365259920709,0.15850754370071365
1035,0.49503,22,325,22,165651,439959,25044,82912,4.075354774167253,0.1585706608322129
1036,0.49504,44,309,44,165960,439650,25088,82868,4.072492496943199,0.15859357955132647
1037,0.49505,32,275,32,166235,439375,25120,82836,4.069945162844122,0.1586255364211018
1038,0.49506,26,221,26,166456,439154,25146,82810,4.067898032531772,0.1586507881769624
1039,0.49507,50,296,50,166752,438858,25196,82760,4.065156174737856,0.15866016893588794
1040,0.49508,57,410,57,167162,438448,25253,82703,4.0613583311719585,0.15869296998374752
1041,0.49509,44,403,44,167565,438045,25297,82659,4.057625328837674,0.15874469948377581
1042,0.4951,49,284,49,167849,437761,25346,82610,4.054994627440809,0.1587521210828428
1043,0.49511,43,253,43,168102,437508,25389,82567,4.052651080069658,0.1587597942604432
1044,0.49512,28,274,28,168376,437234,25417,82539,4.0501130090036686,0.1587981676616523
1045,0.49513,48,284,48,168660,436950,25465,82491,4.047482307606803,0.15880725626202014
1046,0.49514,31,232,31,168892,436718,25496,82460,4.04533328393049,0.15882799348200424
1047,0.49515,90,393,90,169285,436325,25586,82370,4.041692911927082,0.15880237904741706
1048,0.49516,47,274,47,169559,436051,25633,82323,4.039154840861092,0.158810048343474
1049,0.49517,52,313,52,169872,435738,25685,82271,4.036255511504687,0.15882156487628593
1050,0.49518,27,136,27,170008,435602,25712,82244,4.0349957390047795,0.15881941735573896
1051,0.49519,30,89,30,170097,435513,25742,82214,4.034171329059987,0.15879797653975938
1052,0.4952,6,43,6,170140,435470,25748,82208,4.0337730186372225,0.15880141709711443
1053,0.49521,6,33,6,170173,435437,25754,82202,4.033467338545333,0.15880179043696477
1054,0.49522,5,45,5,170218,435392,25759,82197,4.033050502056393,0.15880747079246274
1055,0.49523,22,82,22,170300,435310,25781,82175,4.032290933343214,0.15879687333932385
1056,0.49524,29,126,29,170426,435184,25810,82146,4.031123791174182,0.15878839425511762
1057,0.49525,41,125,41,170551,435059,25851,82105,4.029965912038238,0.15876008384187607
1058,0.49526,46,155,46,170706,434904,25897,82059,4.028530141909667,0.1587328300091109
1059,0.49527,36,157,36,170863,434747,25933,82023,4.027075845714921,0.15872244905857538
1060,0.49528,49,165,49,171028,434582,25982,81974,4.025547445255475,0.15869334592957976
1061,0.49529,28,121,28,171149,434461,26010,81946,4.02442661825188,0.15868491325640435
1062,0.4953,18,116,18,171265,434345,26028,81928,4.023352106413724,0.15869123506361943
1063,0.49531,12,96,12,171361,434249,26040,81916,4.022462855237319,0.15870119051078627
1064,0.49532,19,100,19,171461,434149,26059,81897,4.0215365519285635,0.1587009685183104
1065,0.49533,21,72,21,171533,434077,26080,81876,4.020869613546259,0.15868887282368743
1066,0.49534,28,145,28,171678,433932,26108,81848,4.019526473748564,0.15868781263329326
1067,0.49535,18,104,18,171782,433828,26126,81830,4.018563118307458,0.15869044987181427
1068,0.49536,26,131,26,171913,433697,26152,81804,4.017349660972989,0.15868834396053547
1069,0.49537,26,116,26,172029,433581,26178,81778,4.016275149134833,0.15868161805653921
1070,0.49538,17,92,17,172121,433489,26195,81761,4.015422950090778,0.1586821931101407
1071,0.49539,14,108,14,172229,433381,26209,81747,4.0144225425173214,0.15869259679147707
1072,0.4954,11,131,11,172360,433250,26220,81736,4.013209085182853,0.1587149941940169
1073,0.49541,24,147,24,172507,433103,26244,81712,4.011847419318982,0.158721093985218
1074,0.49542,18,211,18,172718,432892,26262,81694,4.009892919337508,0.1587567481431675
1075,0.49543,30,210,30,172928,432682,26292,81664,4.007947682389122,0.15877249944589827
1076,0.49544,22,282,22,173210,432400,26314,81642,4.005335507058431,0.1588235980717529
1077,0.49545,27,298,27,173508,432102,26341,81615,4.00257512319834,0.15887151875448935
1078,0.49546,45,288,45,173796,431814,26386,81570,3.9999073696691245,0.15888691505773456
1079,0.49547,21,213,21,174009,431601,26407,81549,3.9979343436214756,0.1589184448991523
1080,0.49548,25,242,25,174251,431359,26432,81524,3.9956926896142875,0.1589524316462039
1081,0.49549,16,182,16,174433,431177,26448,81508,3.9940068175923527,0.1589826111549977
1082,0.4955,25,190,25,174623,430987,26473,81483,3.9922468413057173,0.15900052686010888
1083,0.49551,34,207,34,174830,430780,26507,81449,3.9903293934565935,0.15900895888362432
1084,0.49552,23,243,23,175073,430537,26530,81426,3.9880784764163177,0.15904664985555597
1085,0.49553,21,191,21,175264,430346,26551,81405,3.986309237096595,0.15907150157009953
1086,0.49554,17,361,17,175625,429985,26568,81388,3.9829652821519876,0.15915584123526272
1087,0.49555,15,194,15,175819,429791,26583,81373,3.9811682537330024,0.15919157061138892
1088,0.49556,26,262,26,176081,429529,26609,81347,3.9787413390640634,0.15923041990620032
1089,0.49557,27,169,27,176250,429360,26636,81320,3.9771758864722666,0.1592386621759223
1090,0.49558,23,138,23,176388,429222,26659,81297,3.975897587906184,0.1592438283393958
1091,0.49559,14,121,14,176509,429101,26673,81283,3.97477676090259,0.1592585190758331
1092,0.4956,14,122,14,176631,428979,26687,81269,3.973646670865908,0.15927352973456044
1093,0.49561,8,106,8,176737,428873,26695,81261,3.9726647893586278,0.15929344054699354
1094,0.49562,21,129,21,176866,428744,26716,81240,3.971469858090333,0.15929911526636129
1095,0.49563,24,175,24,177041,428569,26740,81216,3.969848827300011,0.15931422070088372
1096,0.49564,17,147,17,177188,428422,26757,81199,3.9684871614361406,0.15933213113274375
1097,0.49565,29,285,29,177473,428137,26786,81170,3.9658471970061875,0.15937342310237243
1098,0.49566,57,253,57,177726,427884,26843,81113,3.9635036496350367,0.1593585030953031
1099,0.49567,40,319,40,178045,427565,26883,81073,3.960548742080107,0.15939233796924335
1100,0.49568,78,454,78,178499,427111,26961,80995,3.956343325058357,0.15940571455562422
1101,0.49569,61,344,61,178843,426767,27022,80934,3.9531568416762384,0.15941272520637145
1102,0.4957,110,569,110,179412,426198,27132,80824,3.94788617584942,0.1594092564030752
1103,0.49571,85,512,85,179924,425686,27217,80739,3.943143502908592,0.15942933307004986
1104,0.49572,74,403,74,180327,425283,27291,80665,3.939410500574308,0.15943338050550648
1105,0.49573,101,487,101,180814,424796,27392,80564,3.934899403460669,0.15941902801962957
1106,0.49574,51,276,51,181090,424520,27443,80513,3.932342806328504,0.15942126554106364
1107,0.49575,55,250,55,181340,424270,27498,80458,3.9300270480566155,0.1594086319760346
1108,0.49576,51,343,51,181683,423927,27549,80407,3.9268498277075845,0.15943204305083536
1109,0.49577,49,281,49,181964,423646,27598,80358,3.9242469154099817,0.1594392107999143
1110,0.49578,37,262,37,182226,423384,27635,80321,3.9218200007410426,0.159460398447504
1111,0.49579,60,284,60,182510,423100,27695,80261,3.9191892993441773,0.15945017591748267
1112,0.4958,28,133,28,182643,422967,27723,80233,3.9179573159435326,0.15944554848966613
1113,0.49581,51,228,51,182871,422739,27774,80182,3.91584534439957,0.1594325947812877
1114,0.49582,40,207,40,183078,422532,27814,80142,3.9139278965504465,0.15943136108093914
1115,0.49583,31,167,31,183245,422365,27845,80111,3.912380970024825,0.1594324903079948
1116,0.49584,43,155,43,183400,422210,27888,80068,3.910945199896254,0.15940972927343025
1117,0.49585,42,330,42,183730,421880,27930,80026,3.907888398977361,0.15944419871450033
1118,0.49586,29,221,29,183951,421659,27959,79997,3.9058412686650117,0.1594658491077551
1119,0.49587,10,286,10,184237,421373,27969,79987,3.9031920412019714,0.15954005106111377
1120,0.49588,26,324,26,184561,421049,27995,79961,3.9001908184816036,0.1595996087902437
1121,0.49589,18,262,18,184823,420787,28013,79943,3.8977639038126646,0.15965290675613605
1122,0.4959,16,398,16,185221,420389,28029,79927,3.894077216643818,0.15975303608119668
1123,0.49591,18,336,18,185557,420053,28047,79909,3.8909648375263997,0.15983014709117893
1124,0.49592,27,321,27,185878,419732,28074,79882,3.887991403905295,0.15988743309835193
1125,0.49593,12,221,12,186099,419511,28086,79870,3.8859442735929455,0.15993800324802104
1126,0.49594,17,128,17,186227,419383,28103,79853,3.8847586053577383,0.15995040421764456
1127,0.49595,11,63,11,186290,419320,28114,79842,3.8841750342732224,0.159952079685553
1128,0.49596,14,56,14,186346,419264,28128,79828,3.8836563044203194,0.15994646277640195
1129,0.49597,15,59,15,186405,419205,28143,79813,3.8831097854681538,0.15994012240039437
1130,0.49598,16,72,16,186477,419133,28159,79797,3.8824428470858496,0.1599362636041128
1131,0.49599,9,63,9,186540,419070,28168,79788,3.8818592760013337,0.15994130594277328
1132,0.496,13,100,13,186640,418970,28181,79775,3.8809329726925785,0.15995147821030786
1133,0.49601,18,116,18,186756,418854,28199,79757,3.879858460854422,0.15995836433612576
1134,0.49602,17,170,17,186926,418684,28216,79740,3.878283745229538,0.15998427042036498
1135,0.49603,21,190,21,187116,418494,28237,79719,3.876523768942903,0.16000987529430183
1136,0.49604,37,226,37,187342,418268,28274,79682,3.8744303234651154,0.1600200823375841
1137,0.49605,44,297,44,187639,417971,28318,79638,3.871679202638112,0.16004131758067078
1138,0.49606,27,185,27,187824,417786,28345,79611,3.8699655415169145,0.16005524761910506
1139,0.49607,26,253,26,188077,417533,28371,79585,3.8676219941457632,0.16009277475368022
1140,0.49608,37,293,37,188370,417240,28408,79548,3.8649079254511096,0.16012464069180415
1141,0.49609,46,302,46,188672,416938,28454,79502,3.862110489458668,0.16014422689549593
1142,0.4961,24,170,24,188842,416768,28478,79478,3.860535773833784,0.16015846979119228
1143,0.49611,43,245,43,189087,416523,28521,79435,3.8582663307273335,0.1601647720169853
1144,0.49612,31,246,31,189333,416277,28552,79404,3.855987624587795,0.1601917362174463
1145,0.49613,58,288,58,189621,415989,28610,79346,3.8533198710585794,0.16018654042213856
1146,0.49614,34,186,34,189807,415803,28644,79312,3.8515969469042943,0.16018904698908334
1147,0.49615,27,206,27,190013,415597,28671,79285,3.8496887620882583,0.16020990862468223
1148,0.49616,43,311,43,190324,415286,28714,79242,3.8468079587980286,0.16023764074026142
1149,0.49617,67,331,67,190655,414955,28781,79175,3.8437418948460484,0.1602311132697873
1150,0.49618,33,144,33,190799,414811,28814,79142,3.8424080180814406,0.1602217214998188
1151,0.49619,72,448,72,191247,414363,28886,79070,3.8382581792582164,0.16024465327612866
1152,0.4962,20,177,20,191424,414186,28906,79050,3.836618622401719,0.16026810695083085
1153,0.49621,36,245,36,191669,413941,28942,79014,3.8343491792952684,0.16028643588157135
1154,0.49622,20,145,20,191814,413796,28962,78994,3.833006039497573,0.1602995190649161
1155,0.49623,30,199,30,192013,413597,28992,78964,3.8311626959131497,0.16031313888026053
1156,0.49624,30,171,30,192184,413426,29022,78934,3.829578717255178,0.16031765374928914
1157,0.49625,20,124,20,192308,413302,29042,78914,3.828430101152321,0.1603239228306272
1158,0.49626,51,189,51,192497,413113,29093,78863,3.8266793878987735,0.16029846984405743
1159,0.49627,39,162,39,192659,412951,29132,78824,3.8251787765385896,0.16028468303594123
1160,0.49628,39,155,39,192814,412796,29171,78785,3.823743006410019,0.16026860273281515
1161,0.49629,33,122,33,192936,412674,29204,78752,3.822612916373337,0.16025200131861156
1162,0.4963,26,141,26,193077,412533,29230,78726,3.8213068287079923,0.1602535526066698
1163,0.49631,24,129,24,193206,412404,29254,78702,3.8201118974396975,0.16025460898461838
1164,0.49632,42,194,42,193400,412210,29296,78660,3.8183148690207123,0.1602460936704219
1165,0.49633,31,169,31,193569,412041,29327,78629,3.8167494164289155,0.16024823200929342
1166,0.49634,56,279,56,193848,411762,29383,78573,3.8141650301974876,0.160243506990119
1167,0.49635,62,348,62,194196,411414,29445,78511,3.810941494683019,0.16025105883553606
1168,0.49636,66,327,66,194523,411087,29511,78445,3.807912482863389,0.1602448869532533
1169,0.49637,85,503,85,195026,410584,29596,78360,3.803253177220349,0.16026375208612847
1170,0.49638,78,375,78,195401,410209,29674,78282,3.799779539812516,0.16025269656963997
1171,0.49639,86,448,86,195849,409761,29760,78196,3.795629700989292,0.16025182546822772
1172,0.4964,61,406,61,196255,409355,29821,78135,3.791868909555745,0.16028021087612054
1173,0.49641,68,440,68,196695,408915,29889,78067,3.787793174997221,0.1603077731825817
1174,0.49642,55,374,55,197069,408541,29944,78012,3.784328800622476,0.16033607849504575
1175,0.49643,44,280,44,197349,408261,29988,77968,3.7817351513579607,0.16035242653153145
1176,0.49644,50,381,50,197730,407880,30038,77918,3.7782059357516027,0.16039176777178993
1177,0.49645,50,371,50,198101,407509,30088,77868,3.7747693504761197,0.16042787359104366
1178,0.49646,58,459,58,198560,407050,30146,77810,3.7705176182889324,0.1604793136163016
1179,0.49647,83,412,83,198972,406638,30229,77727,3.7667012486568603,0.1604719581307485
1180,0.49648,70,427,70,199399,406211,30299,77657,3.7627459335284748,0.16049211768498847
1181,0.49649,54,398,54,199797,405813,30353,77603,3.759059246359628,0.16053047478776045
1182,0.4965,53,399,53,200196,405414,30406,77550,3.755363296157694,0.1605709742341044
1183,0.49651,49,298,49,200494,405116,30455,77501,3.752602912297603,0.16058489444010468
1184,0.49652,45,368,45,200862,404748,30500,77456,3.749194116121383,0.16062911133047425
1185,0.49653,43,316,43,201178,404432,30543,77413,3.7462669976657157,0.16065954819495895
1186,0.49654,64,404,64,201582,404028,30607,77349,3.7425247322983437,0.16068279124262272
1187,0.49655,73,460,73,202042,403568,30680,77276,3.7382637370780687,0.16070908652286398
1188,0.49656,79,418,79,202460,403150,30759,77197,3.7343917892474714,0.16071090274322522
1189,0.49657,101,512,101,202972,402638,30860,77096,3.7296491163066436,0.160705724422284
1190,0.49658,63,417,63,203389,402221,30923,77033,3.725786431509133,0.16073522599707044
1191,0.49659,62,462,62,203851,401759,30985,76971,3.721506910222683,0.1607816514528022
1192,0.4966,65,363,65,204214,401396,31050,76906,3.7181444292119012,0.16078962663756372
1193,0.49661,83,507,83,204721,400889,31133,76823,3.713448071436511,0.16081446561945273
1194,0.49662,77,429,77,205150,400460,31210,76746,3.7094742302419506,0.16082362753192542
1195,0.49663,70,405,70,205555,400055,31280,76676,3.705722701841491,0.1608370338828396
1196,0.49664,59,425,59,205980,399630,31339,76617,3.7017859127792803,0.16087660394711148
1197,0.49665,49,327,49,206307,399303,31388,76568,3.6987569009596504,0.16090074831204254
1198,0.49666,62,362,62,206669,398941,31450,76506,3.6954036829819557,0.16091383477022675
1199,0.49667,74,394,74,207063,398547,31524,76432,3.691754047945459,0.16091658789125413
1200,0.49668,102,599,102,207662,397948,31626,76330,3.6862054911260143,0.1609393646764134
1201,0.49669,96,475,96,208137,397473,31722,76234,3.6818055504094263,0.16093070188956465
1202,0.4967,145,752,145,208889,396721,31867,76089,3.6748397495275853,0.16092933736596096
1203,0.49671,132,692,132,209581,396029,31999,75957,3.6684297306309976,0.16093062082349902
1204,0.49672,165,652,165,210233,395377,32164,75792,3.6623902330579123,0.1608594792951149
1205,0.49673,120,570,120,210803,394807,32284,75672,3.6571103041980066,0.16084033506277645
1206,0.49674,121,626,121,211429,394181,32405,75551,3.6513116454851975,0.16083852068839252
1207,0.49675,85,466,85,211895,393715,32490,75466,3.6469950720663973,0.16084624057666444
1208,0.49676,99,532,99,212427,393183,32589,75367,3.6420671384638186,0.16085156333368905
1209,0.49677,88,513,88,212940,392670,32677,75279,3.637315202489903,0.16087009481802503
1210,0.49678,86,437,86,213377,392233,32763,75193,3.633267257030642,0.16086610500913515
1211,0.49679,66,405,66,213782,391828,32829,75127,3.6295157286301825,0.1608870233748434
1212,0.4968,64,410,64,214192,391418,32893,75063,3.6257178850642853,0.16091330622254713
1213,0.49681,77,478,77,214670,390940,32970,74986,3.6212901552484347,0.16093972004137996
1214,0.49682,88,479,88,215149,390461,33058,74898,3.616853162399496,0.16094670995940769
1215,0.49683,99,540,99,215689,389921,33157,74799,3.6118511245322167,0.16095498364606645
1216,0.49684,86,483,86,216172,389438,33243,74713,3.607377079550928,0.16096701289020168
1217,0.49685,69,445,69,216617,388993,33312,74644,3.6032550298269665,0.16099664176931522
1218,0.49686,95,531,95,217148,388462,33407,74549,3.598336359257475,0.1610091336922881
1219,0.49687,78,537,78,217685,387925,33485,74471,3.593362110489459,0.16105459389787108
1220,0.49688,87,470,87,218155,387455,33572,74384,3.5890084849383084,0.1610604561329814
1221,0.49689,94,572,94,218727,386883,33666,74290,3.5837100300122273,0.1610892224826692
1222,0.4969,87,568,87,219295,386315,33753,74203,3.5784486272184965,0.16112942382273873
1223,0.49691,98,634,98,219929,385681,33851,74105,3.5725758642409873,0.16117280647953613
1224,0.49692,112,595,112,220524,385086,33963,73993,3.5670643595538922,0.16117705231561452
1225,0.49693,83,468,83,220992,384618,34046,73910,3.562729260068917,0.16118972014795171
1226,0.49694,68,464,68,221456,384154,34114,73842,3.558431212716292,0.16122848234482398
1227,0.49695,65,444,65,221900,383710,34179,73777,3.554318426025418,0.16126578460152965
1228,0.49696,57,453,57,222353,383257,34236,73720,3.550122272036756,0.1613210292859378
1229,0.49697,83,394,83,222747,382863,34319,73637,3.5464726370002593,0.1613077765607886
1230,0.49698,63,300,63,223047,382563,34382,73574,3.543693727073993,0.1612980310739975
1231,0.49699,42,259,42,223306,382304,34424,73532,3.5412946015043167,0.16131240182872789
1232,0.497,40,213,40,223519,382091,34464,73492,3.5393215754566674,0.16131418424304683
1233,0.49701,51,211,51,223730,381880,34515,73441,3.537367075475194,0.16129499847360435
1234,0.49702,38,241,38,223971,381639,34553,73403,3.535134684501093,0.16131038453593294
1235,0.49703,56,307,56,224278,381332,34609,73347,3.532290933343214,0.16131600535762594
1236,0.49704,63,358,63,224636,380974,34672,73284,3.5289747674978695,0.16132682308291763
1237,0.49705,75,544,75,225180,380430,34747,73209,3.52393567749824,0.1613816272410441
1238,0.49706,86,605,86,225785,379825,34833,73123,3.51833154248027,0.161437957558042
1239,0.49707,92,551,92,226336,379274,34925,73031,3.5132276112490275,0.16146405633366864
1240,0.49708,88,644,88,226980,378630,35013,72943,3.5072622179406423,0.16153091526729899
1241,0.49709,94,481,94,227461,378149,35107,72849,3.502806699025529,0.161528432498592
1242,0.4971,95,579,95,228040,377570,35202,72754,3.497443402867835,0.1615592329078619
1243,0.49711,73,421,73,228461,377149,35275,72681,3.493543665937975,0.16157437254073762
1244,0.49712,40,250,40,228711,376899,35315,72641,3.491227907666086,0.16158962494994883
1245,0.49713,49,281,49,228992,376618,35364,72592,3.4886249953684834,0.16159925202021327
1246,0.49714,56,388,56,229380,376230,35420,72536,3.4850309385305125,0.1616343484132042
1247,0.49715,58,428,58,229808,375802,35478,72478,3.4810663603690393,0.1616801998750781
1248,0.49716,52,408,52,230216,375394,35530,72426,3.477287042869317,0.16173015943906033
1249,0.49717,94,513,94,230729,374881,35624,72332,3.472535106895402,0.16173948431731636
1250,0.49718,66,368,66,231097,374513,35690,72266,3.469126310719182,0.16174887360417567
1251,0.49719,64,329,64,231426,374184,35754,72202,3.4660787728333764,0.16174790428015215
1252,0.4972,69,469,69,231895,373715,35823,72133,3.4617344103153136,0.16178832247761568
1253,0.49721,52,416,52,232311,373299,35875,72081,3.457880988550891,0.16184157348780817
1254,0.49722,93,580,93,232891,372719,35968,71988,3.4525084293601096,0.16187737094311536
1255,0.49723,87,658,87,233549,372061,36055,71901,3.446413353588499,0.16195305003581387
1256,0.49724,98,498,98,234047,371563,36153,71803,3.441800363110897,0.16194972099800165
1257,0.49725,58,448,58,234495,371115,36211,71745,3.437650524287673,0.16200379352391275
1258,0.49726,64,496,64,234991,370619,36275,71681,3.433056059876246,0.16206420981234457
1259,0.49727,49,427,49,235418,370192,36324,71632,3.4291007447478603,0.16212790613456943
1260,0.49728,70,511,70,235929,369681,36394,71562,3.4243673348401202,0.16218274284237938
1261,0.49729,69,539,69,236468,369142,36463,71493,3.419374560005928,0.16224993475325383
1262,0.4973,106,515,106,236983,368627,36569,71387,3.414604097965838,0.1622380196993732
1263,0.49731,106,602,106,237585,368025,36675,71281,3.4090277520471304,0.16225819815800377
1264,0.49732,75,450,75,238035,367575,36750,71206,3.404859387157731,0.16228141145582875
1265,0.49733,93,561,93,238596,367014,36843,71113,3.399662825595613,0.16231138459852965
1266,0.49734,97,520,97,239116,366494,36940,71016,3.3948460483900846,0.16231857557541543
1267,0.49735,88,477,88,239593,366017,37028,70928,3.3904275816073217,0.16232706633558
1268,0.49736,99,451,99,240044,365566,37127,70829,3.3862499536848345,0.16230479267635972
1269,0.49737,91,374,91,240418,365192,37218,70738,3.3827855793100894,0.16226917165599983
1270,0.49738,92,368,92,240786,364824,37310,70646,3.3793767831338695,0.16222931545226996
1271,0.49739,57,361,57,241147,364463,37367,70589,3.3760328281892624,0.1622541673179298
1272,0.4974,95,321,95,241468,364142,37462,70494,3.3730593945681573,0.1621908907683671
1273,0.49741,75,249,75,241717,363893,37537,70419,3.3707528993293563,0.16213919946950578
1274,0.49742,97,339,97,242056,363554,37634,70322,3.3676127311126756,0.16207856622629507
1275,0.49743,83,296,83,242352,363258,37717,70239,3.3648708733187593,0.16202880296749458
1276,0.49744,76,258,76,242610,363000,37793,70163,3.3624810107821705,0.16197828531061056
1277,0.49745,54,290,54,242900,362710,37847,70109,3.35979473118678,0.16198226048301947
1278,0.49746,54,264,54,243164,362446,37901,70055,3.3573492904516655,0.16197650410056855
1279,0.49747,44,193,44,243357,362253,37945,70011,3.3555615250657675,0.1619635222919327
1280,0.49748,44,213,44,243570,362040,37989,69967,3.3535884990181186,0.1619580238283176
1281,0.49749,34,207,34,243777,361833,38023,69933,3.351671051168995,0.16196967802003864
1282,0.4975,28,205,28,243982,361628,38051,69905,3.349772129386046,0.16199224624767977
1283,0.49751,24,187,24,244169,361441,38075,69881,3.3480399421986737,0.16201584894811766
1284,0.49752,46,258,46,244427,361183,38121,69835,3.3456500796620845,0.1620233957746544
1285,0.49753,47,245,47,244672,360938,38168,69788,3.343380636555634,0.1620241174203554
1286,0.49754,48,283,48,244955,360655,38216,69740,3.340759198191856,0.16203719838752773
1287,0.49755,70,254,70,245209,360401,38286,69670,3.338406387787617,0.16199650755340397
1288,0.49756,52,283,52,245492,360118,38338,69618,3.3357849494238394,0.16200178714373475
1289,0.49757,56,235,56,245727,359883,38394,69562,3.333608136648264,0.16198116173200294
1290,0.49758,66,241,66,245968,359642,38460,69496,3.3313757456741637,0.16194324436428376
1291,0.49759,25,217,25,246185,359425,38485,69471,3.329365667494164,0.16197632992613595
1292,0.4976,28,217,28,246402,359208,38513,69443,3.327355589314165,0.16200358800049458
1293,0.49761,20,150,20,246552,359058,38533,69423,3.325966134351032,0.16202118647034525
1294,0.49762,22,124,22,246676,358934,38555,69401,3.3248175182481754,0.16202505048618487
1295,0.49763,16,101,16,246777,358833,38571,69385,3.323881951906332,0.1620319556861225
1296,0.49764,19,111,19,246888,358722,38590,69366,3.3228537552336137,0.1620367774850031
1297,0.49765,26,131,26,247019,358591,38616,69340,3.321640297899144,0.1620354683348484
1298,0.49766,26,132,26,247151,358459,38642,69314,3.320417577531587,0.16203453700911466
1299,0.49767,31,151,31,247302,358308,38673,69283,3.3190188595353662,0.16203100626533298
1300,0.49768,39,170,39,247472,358138,38712,69244,3.3174441439104823,0.16201899003701606
1301,0.49769,31,144,31,247616,357994,38743,69213,3.3161102671458744,0.16201279473416869
1302,0.4977,31,168,31,247784,357826,38774,69182,3.3145540775871654,0.16201569994004797
1303,0.49771,28,160,28,247944,357666,38802,69154,3.3130719922931564,0.16202146103743967
1304,0.49772,18,203,18,248147,357463,38820,69136,3.311191596576383,0.16206320221097564
1305,0.49773,29,213,29,248360,357250,38849,69107,3.309218570528734,0.16208717107963513
1306,0.49774,27,232,27,248592,357018,38876,69080,3.3070695468524214,0.16212232866617537
1307,0.49775,65,333,65,248925,356685,38941,69015,3.303984956834266,0.1621212121212121
1308,0.49776,61,381,61,249306,356304,39002,68954,3.300455741227908,0.1621462735562882
1309,0.49777,81,378,81,249684,355926,39083,68873,3.296954314720812,0.16213079597645003
1310,0.49778,83,355,83,250039,355571,39166,68790,3.2936659379747306,0.1621025494802774
1311,0.49779,68,360,68,250399,355211,39234,68722,3.290331246063211,0.16210580445494924
1312,0.4978,61,312,61,250711,354899,39295,68661,3.287441179739894,0.16210454244971195
1313,0.49781,66,266,66,250977,354633,39361,68595,3.2849772129386046,0.1620757605829482
1314,0.49782,36,280,36,251257,354353,39397,68559,3.2823835636740895,0.16211173955811137
1315,0.49783,40,217,40,251474,354136,39437,68519,3.2803734854940902,0.16211567353988476
1316,0.49784,29,172,29,251646,353964,39466,68490,3.278780243803031,0.16212416026360266
1317,0.49785,48,221,48,251867,353743,39514,68442,3.2767331134906814,0.16211376529246657
1318,0.49786,63,305,63,252172,353438,39577,68379,3.2739078883989774,0.16210584210688522
1319,0.49787,70,286,70,252458,353152,39647,68309,3.2712586609359366,0.16207668087913235
1320,0.49788,74,392,74,252850,352760,39721,68235,3.2676275519656155,0.16208030974239598
1321,0.49789,65,270,65,253120,352490,39786,68170,3.265126533031976,0.1620548661626967
1322,0.4979,103,382,103,253502,352108,39889,68067,3.26158805439253,0.16199678705301362
1323,0.49791,75,239,75,253741,351869,39964,67992,3.2593741894846047,0.1619393084854273
1324,0.49792,74,281,74,254022,351588,40038,67918,3.2567712771870023,0.16189994898761878
1325,0.49793,87,275,87,254297,351313,40125,67831,3.2542239430879247,0.16183221040978757
1326,0.49794,29,154,29,254451,351159,40154,67802,3.2527974359924414,0.16183367902979037
1327,0.49795,33,147,33,254598,351012,40187,67769,3.251435770128571,0.16182443807145022
1328,0.49796,40,141,40,254739,350871,40227,67729,3.2501296824632258,0.16179885332059246
1329,0.49797,40,175,40,254914,350696,40267,67689,3.248508651672904,0.161786392915616
1330,0.49798,38,141,38,255055,350555,40305,67651,3.2472025640075586,0.16176477621076693
1331,0.49799,37,146,37,255201,350409,40342,67614,3.245850161176776,0.16174708090224701
1332,0.498,19,128,19,255329,350281,40361,67595,3.2446644929415687,0.16175851209449693
1333,0.49801,30,109,30,255438,350172,40391,67565,3.2436548223350252,0.1617405209497842
1334,0.49802,25,137,25,255575,350035,40416,67540,3.2423857868020303,0.16174339938933127
1335,0.49803,18,97,18,255672,349938,40434,67522,3.2414872725925377,0.16174483782877402
1336,0.49804,36,140,36,255812,349798,40470,67486,3.24019044796028,0.16172678559446324
1337,0.49805,31,149,31,255961,349649,40501,67455,3.2388102560302348,0.16172225631976678
1338,0.49806,31,140,31,256101,349509,40532,67424,3.2375134313979768,0.16171423226273765
1339,0.49807,37,175,37,256276,349334,40569,67387,3.235892400607655,0.16170771331418382
1340,0.49808,31,131,31,256407,349203,40600,67356,3.2346789432731855,0.16169618229350463
1341,0.49809,32,162,32,256569,349041,40632,67324,3.2331783319130016,0.16169466693886372
1342,0.4981,23,110,23,256679,348931,40655,67301,3.2321593982733705,0.16169107613061945
1343,0.49811,23,144,23,256823,348787,40678,67278,3.2308255215087627,0.16170069580474206
1344,0.49812,9,112,9,256935,348675,40687,67269,3.2297880618029566,0.16172609774392707
1345,0.49813,25,105,25,257040,348570,40712,67244,3.2288154433287635,0.16171653672074535
1346,0.49814,12,109,12,257149,348461,40724,67232,3.22780577272222,0.16173474174450858
1347,0.49815,20,109,20,257258,348352,40744,67212,3.2267961021156766,0.1617368203212983
1348,0.49816,14,75,14,257333,348277,40758,67198,3.2261013746341103,0.16173777002226367
1349,0.49817,18,141,18,257474,348136,40776,67180,3.224795286968765,0.1617563493821572
1350,0.49818,25,150,25,257624,347986,40801,67155,3.223405832005632,0.16176431622027215
1351,0.49819,18,90,18,257714,347896,40819,67137,3.222572159027752,0.16176304052930732
1352,0.4982,22,139,22,257853,347757,40841,67115,3.221284597428582,0.16177278775140283
1353,0.49821,23,122,23,257975,347635,40864,67092,3.2201545073919005,0.16177388981185215
1354,0.49822,6,87,6,258062,347548,40870,67086,3.2193486235132833,0.1617957041631897
1355,0.49823,15,108,15,258170,347440,40885,67071,3.218348215939827,0.1618075274238802
1356,0.49824,19,145,19,258315,347295,40904,67052,3.217005076142132,0.16182571612682123
1357,0.49825,23,152,23,258467,347143,40927,67029,3.2155970951128237,0.16183855982538656
1358,0.49826,26,227,26,258694,346916,40953,67003,3.213494386601949,0.16187466629944505
1359,0.49827,15,184,15,258878,346732,40968,66988,3.211789988513839,0.16191627187469787
1360,0.49828,18,179,18,259057,346553,40986,66970,3.2101319055911666,0.16194987945047798
1361,0.49829,29,202,29,259259,346351,41015,66941,3.208260772907481,0.1619702292809926
1362,0.4983,36,230,36,259489,346121,41051,66905,3.2061302752973435,0.16198738093969872
1363,0.49831,42,265,42,259754,345856,41093,66863,3.2036755715291414,0.16200611069517032
1364,0.49832,35,239,35,259993,345617,41128,66828,3.201461706621216,0.16202887657748305
1365,0.49833,33,276,33,260269,345341,41161,66795,3.198905109489051,0.1620702874779199
1366,0.49834,36,266,36,260535,345075,41197,66759,3.1964411426877617,0.16210172059616254
1367,0.49835,32,204,32,260739,344871,41229,66727,3.1945514839379006,0.1621169199072882
1368,0.49836,36,218,36,260957,344653,41265,66691,3.1925321427248137,0.16212950717647517
1369,0.49837,44,251,44,261208,344402,41309,66647,3.1902071214198378,0.1621388204326005
1370,0.49838,48,256,48,261464,344146,41357,66599,3.187835784949424,0.16214196155765742
1371,0.49839,57,335,57,261799,343811,41414,66542,3.184732668865093,0.1621579469383677
1372,0.4984,68,355,68,262154,343456,41482,66474,3.1814442921190116,0.16215939306710903
1373,0.49841,78,409,78,262563,343047,41560,66396,3.1776557115862016,0.16216176610663754
1374,0.49842,69,249,69,262812,342798,41629,66327,3.1753492163474006,0.16211915673693858
1375,0.49843,86,321,86,263133,342477,41715,66241,3.172375782726296,0.16207018041779417
1376,0.49844,40,199,40,263332,342278,41755,66201,3.1705324391418728,0.1620670830079392
1377,0.49845,38,225,38,263557,342053,41793,66163,3.168448256697173,0.16207840946949653
1378,0.49846,40,207,40,263764,341846,41833,66123,3.1665308088480493,0.1620784912579142
1379,0.49847,44,213,44,263977,341633,41877,66079,3.1645577828004003,0.16207273761871124
1380,0.49848,48,234,48,264211,341399,41925,66031,3.1623902330579123,0.1620671035515303
1381,0.49849,45,243,45,264454,341156,41970,65986,3.160139316017637,0.1620712183955475
1382,0.4985,77,306,77,264760,340850,42047,65909,3.1573048278928453,0.16203452167007984
1383,0.49851,73,292,73,265052,340558,42120,65836,3.1546000222312793,0.162000423234595
1384,0.49852,51,279,51,265331,340279,42171,65785,3.152015635999852,0.16200648173686907
1385,0.49853,61,303,61,265634,339976,42232,65724,3.149208936974323,0.16200147892531427
1386,0.49854,50,266,50,265900,339710,42282,65674,3.1467449701730335,0.16200442050006908
1387,0.49855,35,378,35,266278,339332,42317,65639,3.143243543665938,0.16208321089658273
1388,0.49856,38,336,38,266614,338996,42355,65601,3.14013116454852,0.16213911620699115
1389,0.49857,33,312,33,266926,338684,42388,65568,3.137241098225203,0.16219585802915013
1390,0.49858,63,549,63,267475,338135,42451,65505,3.1321556930601355,0.16228570012882768
1391,0.49859,46,318,46,267793,337817,42497,65459,3.1292100485382934,0.16231811464108947
1392,0.4986,62,388,62,268181,337429,42559,65397,3.1256159917003226,0.1623455288387542
1393,0.49861,64,581,64,268762,336848,42623,65333,3.1202341694764533,0.16244675904630004
1394,0.49862,44,372,44,269134,336476,42667,65289,3.116788321167883,0.16250544472515027
1395,0.49863,44,413,44,269547,336063,42711,65245,3.1129626885027233,0.16258086058588417
1396,0.49864,63,525,63,270072,335538,42774,65182,3.1080995961317575,0.162662208025554
1397,0.49865,52,379,52,270451,335159,42826,65130,3.1045889065915744,0.1627074438718026
1398,0.49866,46,510,46,270961,334649,42872,65084,3.0998647597169215,0.16281868146988115
1399,0.49867,78,788,78,271749,333861,42950,65006,3.092565489643929,0.1629766313081804
1400,0.49868,49,425,49,272174,333436,42999,64957,3.0886287005817183,0.1630475435060355
1401,0.49869,55,611,55,272785,332825,43054,64902,3.082968987365223,0.1631822833249943
1402,0.4987,50,623,50,273408,332202,43104,64852,3.0771981177516765,0.1633329471558025
1403,0.49871,45,467,45,273875,331735,43149,64807,3.0728722812997886,0.16343035542262863
1404,0.49872,45,435,45,274310,331300,43194,64762,3.0688428619067025,0.1635148032378769
1405,0.49873,67,441,67,274751,330859,43261,64695,3.0647578643150912,0.1635554184763648
1406,0.49874,68,644,68,275395,330215,43329,64627,3.0587924710067065,0.16367812947963994
1407,0.49875,82,719,82,276114,329496,43411,64545,3.052132350216755,0.16380275149032714
1408,0.49876,72,731,72,276845,328765,43483,64473,3.0453610730297527,0.16395414481815085
1409,0.49877,85,953,85,277798,327812,43568,64388,3.0365334024973136,0.16417134115247323
1410,0.49878,94,846,94,278644,326966,43662,64294,3.0286968765052427,0.16432551244696622
1411,0.49879,97,1049,97,279693,325917,43759,64197,3.0189799547963987,0.16455959027361233
1412,0.4988,136,1270,136,280963,324647,43895,64061,3.007215902775205,0.1648049435566029
1413,0.49881,128,1113,128,282076,323534,44023,63933,2.996906146948757,0.16500243891737876
1414,0.49882,129,1309,129,283385,322225,44152,63804,2.9847808366371487,0.1652829191589233
1415,0.49883,112,1070,112,284455,321155,44264,63692,2.9748693912334656,0.16549953617931282
1416,0.49884,122,1035,122,285490,320120,44386,63570,2.965282151987847,0.1656806275899815
1417,0.49885,121,922,121,286412,319198,44507,63449,2.956741635481122,0.16581601319231562
1418,0.49886,108,821,108,287233,318377,44615,63341,2.94913668531624,0.16593663385011972
1419,0.49887,164,1252,164,288485,317125,44779,63177,2.937539367890622,0.16612323889961136
1420,0.49888,153,1252,153,289737,315873,44932,63024,2.925942050465004,0.16633544208584392
1421,0.49889,202,1573,202,291310,314300,45134,62822,2.9113712994182817,0.16658269737644582
1422,0.4989,152,1196,152,292506,313104,45286,62670,2.900292711845567,0.16677577480081113
1423,0.49891,224,1445,224,293951,311659,45510,62446,2.886907629034051,0.16692105157642909
1424,0.49892,182,1410,182,295361,310249,45692,62264,2.8738467523805995,0.16714584457455176
1425,0.49893,201,1439,201,296800,308810,45893,62063,2.860517247767609,0.1673429988163064
1426,0.49894,180,1269,180,298069,307541,46073,61883,2.8487624587795026,0.16751212698687687
1427,0.49895,208,1394,208,299463,306147,46281,61675,2.8358497906554523,0.1676762129508295
1428,0.49896,227,1541,227,301004,304606,46508,61448,2.821575456667531,0.16786594327612867
1429,0.49897,207,1435,207,302439,303171,46715,61241,2.808283004186891,0.16805429019900553
1430,0.49898,258,1425,258,303864,301746,46973,60983,2.7950831820371262,0.16812275831267973
1431,0.49899,236,1366,236,305230,300380,47209,60747,2.7824298788395274,0.1682150600758182
1432,0.499,208,1427,208,306657,298953,47417,60539,2.7692115306235876,0.16840152214791984
1433,0.49901,205,1283,205,307940,297670,47622,60334,2.757327059172255,0.16852884325314801
1434,0.49902,229,1520,229,309460,296150,47851,60105,2.743247248879173,0.1687134215660131
1435,0.49903,227,1418,227,310878,294732,48078,59878,2.730112267961021,0.16885592622881476
1436,0.49904,232,1426,232,312304,293306,48310,59646,2.716903182778169,0.16899181758426074
1437,0.49905,279,1561,279,313865,291745,48589,59367,2.7024435881284967,0.16908279979038027
1438,0.49906,267,1364,267,315229,290381,48856,59100,2.689808810997073,0.1691079057230579
1439,0.49907,285,1447,285,316676,288934,49141,58815,2.676405202119382,0.16913060857112458
1440,0.49908,257,1320,257,317996,287614,49398,58558,2.6641779984438103,0.1691586841223438
1441,0.49909,254,1426,254,319422,286188,49652,58304,2.650968913260958,0.16924631050938774
1442,0.4991,227,1045,227,320467,285143,49879,58077,2.641289043684464,0.16921216712312803
1443,0.49911,224,1319,224,321786,283824,50103,57853,2.62907110304198,0.16932073273881473
1444,0.49912,188,1168,188,322954,282656,50291,57665,2.6182518803957167,0.16944296708107934
1445,0.49913,206,1382,206,324336,281274,50497,57459,2.6054503686687167,0.1696291769623863
1446,0.49914,209,1215,209,325551,280059,50706,57250,2.5941957834673386,0.1697256817932519
1447,0.49915,244,1363,244,326914,278696,50950,57006,2.5815702693690024,0.16981132075471697
1448,0.49916,244,1222,244,328136,277474,51194,56762,2.570250842936011,0.16982611089170527
1449,0.49917,200,1003,200,329139,276471,51394,56562,2.560960020749194,0.1698390249614903
1450,0.49918,243,1225,243,330364,275246,51637,56319,2.5496128052169404,0.1698580972056761
1451,0.49919,205,952,205,331316,274294,51842,56114,2.5407943977175886,0.16983244957749208
1452,0.4992,245,1021,245,332337,273273,52087,55869,2.5313368409351957,0.16974132745137357
1453,0.49921,195,1025,195,333362,272248,52282,55674,2.521842232020453,0.16977817895719105
1454,0.49922,174,829,174,334191,271419,52456,55500,2.5141631775908704,0.16976682297449827
1455,0.49923,171,952,171,335143,270467,52627,55329,2.5053447700915186,0.1698271310881656
1456,0.49924,184,967,184,336110,269500,52811,55145,2.4963874170958538,0.1698624651542454
1457,0.49925,197,1303,197,337413,268197,53008,54948,2.484317684982771,0.17004131272339043
1458,0.49926,183,1176,183,338589,267021,53191,54765,2.473424358071807,0.17019074788834815
1459,0.49927,218,1354,218,339943,265667,53409,54547,2.4608822112712585,0.17034545647598168
1460,0.49928,220,1828,220,341771,263839,53629,54327,2.4439493867872097,0.170750488738583
1461,0.49929,240,1912,240,343683,261927,53869,54087,2.426238467523806,0.171153809641345
1462,0.4993,186,1405,186,345088,260522,54055,53901,2.4132239060357925,0.1714282988203789
1463,0.49931,196,1552,196,346640,258970,54251,53705,2.398847678683908,0.17175981450387784
1464,0.49932,250,1610,250,348250,257360,54501,53455,2.383934195412946,0.1719833341376703
1465,0.49933,173,1170,173,349420,256190,54674,53282,2.3730964467005076,0.17217066487436666
1466,0.49934,188,1256,188,350676,254934,54862,53094,2.3614620771425394,0.17236744711519733
1467,0.49935,173,1310,173,351986,253624,55035,52921,2.3493275037978436,0.17263697010226883
1468,0.49936,189,1188,189,353174,252436,55224,52732,2.3383230204898293,0.17279662349918734
1469,0.49937,146,1169,146,354343,251267,55370,52586,2.3274945348104783,0.17306394868571315
1470,0.49938,187,1434,187,355777,249833,55557,52399,2.3142113453629256,0.17337343497710367
1471,0.49939,163,1143,163,356920,248690,55720,52236,2.303623698543851,0.17358420342542685
1472,0.4994,177,1399,177,358319,247291,55897,52059,2.290664715254363,0.17390679806246867
1473,0.49941,200,1455,200,359774,245836,56097,51859,2.2771870021119716,0.17420178370479852
1474,0.49942,245,1571,245,361345,244265,56342,51614,2.262634777131424,0.1744429310630359
1475,0.49943,204,1518,204,362863,242747,56546,51410,2.2485734929045167,0.17477061569162047
1476,0.49944,219,1536,219,364399,241211,56765,51191,2.2343454740820334,0.17507062195197023
1477,0.49945,214,1517,214,365916,239694,56979,50977,2.220293452888214,0.17537697259100496
1478,0.49946,220,1709,220,367625,237985,57199,50757,2.2044629293415836,0.17578668846236434
1479,0.49947,230,1934,230,369559,236051,57429,50527,2.186548223350254,0.17631151030434994
1480,0.49948,224,1653,224,371212,234398,57653,50303,2.1712364296565267,0.1766871208741803
1481,0.49949,296,2177,296,373389,232221,57949,50007,2.1510708066249213,0.1771865300395425
1482,0.4995,309,2134,309,375523,230087,58258,49698,2.1313034940160804,0.17762925103204247
1483,0.49951,358,2159,358,377682,227928,58616,49340,2.111304605580051,0.1779505748950474
1484,0.49952,354,2050,354,379732,225878,58970,48986,2.092315387750565,0.17821904651027418
1485,0.49953,317,2015,317,381747,223863,59287,48669,2.073650376079143,0.17858086389855135
1486,0.49954,343,2026,343,383773,221837,59630,48326,2.0548834710437585,0.178877196359235
1487,0.49955,351,2061,351,385834,219776,59981,47975,2.0357923598503094,0.1791776688042248
1488,0.49956,376,1904,376,387738,217872,60357,47599,2.018155544851606,0.17930018721442267
1489,0.49957,369,1734,369,389472,216138,60726,47230,2.0020934454777874,0.17933082227149844
1490,0.49958,326,1797,326,391269,214341,61052,46904,1.9854477750194524,0.17954027828283795
1491,0.49959,335,1677,335,392946,212664,61387,46569,1.969913668531624,0.17964148082998693
1492,0.4996,374,1816,374,394762,210848,61761,46195,1.9530920004446255,0.1797170123286765
1493,0.49961,334,1710,334,396472,209138,62095,45861,1.937252213864908,0.17984776410887887
1494,0.49962,316,1658,316,398130,207480,62411,45545,1.921894105005743,0.18000197608931923
1495,0.49963,341,1579,341,399709,205901,62752,45204,1.907267775760495,0.18002031022878875
1496,0.49964,327,1485,327,401194,204416,63079,44877,1.893512171625477,0.1800170883257853
1497,0.49965,316,1521,316,402715,202895,63395,44561,1.8794230982993072,0.18007645803698435
1498,0.49966,402,1475,402,404190,201420,63797,44159,1.8657601244951647,0.17981586373427697
1499,0.49967,413,1955,413,406145,199465,64210,43746,1.8476508948089962,0.1798685092368355
1500,0.49968,338,1439,338,407584,198026,64548,43408,1.8343213901960058,0.17979240703463473
1501,0.49969,373,1684,373,409268,196342,64921,43035,1.8187224424765644,0.17977917677972402
1502,0.4997,355,1436,355,410704,194906,65276,42680,1.8054207269628366,0.17964021449075282
1503,0.49971,342,1393,342,412097,193513,65618,42338,1.7925173218718737,0.1795116408240796
1504,0.49972,279,1200,279,413297,192313,65897,42059,1.7814016821668086,0.17945403034492174
1505,0.49973,261,1159,261,414456,191154,66158,41798,1.7706658268183333,0.17942752154950375
1506,0.49974,253,1159,253,415615,189995,66411,41545,1.7599299714698582,0.1794290403386024
1507,0.49975,270,1207,270,416822,188788,66681,41275,1.7487494905331802,0.1794073797177295
1508,0.49976,256,1212,256,418034,187576,66937,41019,1.7375226944310644,0.1794396202891577
1509,0.49977,246,1009,246,419043,186567,67183,40773,1.7281762940457224,0.17934811295856426
1510,0.49978,241,1098,241,420141,185469,67424,40532,1.7180054837155878,0.1793443391843399
1511,0.49979,227,1023,227,421164,184446,67651,40305,1.70852940086702,0.17933179385186274
1512,0.4998,212,950,212,422114,183496,67863,40093,1.6997295194338433,0.17931561928359624
1513,0.49981,176,952,176,423066,182544,68039,39917,1.6909111119344917,0.17943369849097146
1514,0.49982,142,819,142,423885,181725,68181,39775,1.683324687835785,0.17957110609480811
1515,0.49983,196,995,196,424880,180730,68377,39579,1.6741079699136685,0.17965221575151266
1516,0.49984,167,1185,167,426065,179545,68544,39412,1.6631312757049168,0.1799988125522363
1517,0.49985,193,1348,193,427413,178197,68737,39219,1.6506447071028938,0.18038690804724583
1518,0.49986,185,1258,185,428671,176939,68922,39034,1.6389918114787505,0.18073555490732637
1519,0.49987,255,1655,255,430326,175284,69177,38779,1.6236614917188483,0.1811569491224546
1520,0.49988,179,1493,179,431819,173791,69356,38600,1.60983178331913,0.18174028089702482
1521,0.49989,169,1241,169,433060,172550,69525,38431,1.5983363592574753,0.18215384323706874
1522,0.4999,176,1203,176,434263,171347,69701,38255,1.5871929304531476,0.18251257144492897
1523,0.49991,173,1012,173,435275,170335,69874,38082,1.5778187409685427,0.1827202195598248
1524,0.49992,135,1102,135,436377,169233,70009,37947,1.567610878506058,0.18315957138719954
1525,0.49993,194,1414,194,437791,167819,70203,37753,1.5545129497202563,0.18364855135913452
1526,0.49994,166,1259,166,439050,166560,70369,37587,1.5428507910630256,0.18411732722009141
1527,0.49995,223,1499,223,440549,165061,70592,37364,1.5289655044647819,0.18458194392985056
1528,0.49996,232,1822,232,442371,163239,70824,37132,1.5120882581792583,0.18531623837780917
1529,0.49997,165,1426,165,443797,161813,70989,36967,1.498879172996406,0.18596941342187343
1530,0.49998,174,1395,174,445192,160418,71163,36793,1.485957241839268,0.18656667224444884
1531,0.49999,229,1737,229,446929,158681,71392,36564,1.4698673533661861,0.18727240134190376
1532,0.5,187,1402,187,448331,157279,71579,36377,1.4568805809774352,0.18784339240715495
1533,0.50001,211,1438,211,449769,155841,71790,36166,1.4435603393975323,0.18835771612493293
1534,0.50002,168,1326,168,451095,154515,71958,35998,1.4312775575234356,0.18895298483568052
1535,0.50003,200,1234,200,452329,153281,72158,35798,1.4198469746933937,0.1893282701939401
1536,0.50004,205,1260,205,453589,152021,72363,35593,1.4081755530030753,0.18971398722909805
1537,0.50005,203,1381,203,454970,150640,72566,35390,1.395383304309163,0.19023813363436004
1538,0.50006,214,1419,214,456389,149221,72780,35176,1.3822390603579235,0.19076232259743922
1539,0.50007,222,1564,222,457953,147657,73002,34954,1.3677516766089888,0.191412346463247
1540,0.50008,237,1751,237,459704,145906,73239,34717,1.3515321056726814,0.19220697253395194
1541,0.50009,317,1859,317,461563,144047,73556,34400,1.3343121271629181,0.19277432514976436
1542,0.5001,295,1970,295,463533,142077,73851,34105,1.3160639519804365,0.1935782316014122
1543,0.50011,266,1806,266,465339,140271,74117,33839,1.2993349142243136,0.19435414393199701
1544,0.50012,275,1897,275,467236,138374,74392,33564,1.2817629404572233,0.19520990124347148
1545,0.50013,290,1837,290,469073,136537,74682,33274,1.2647467486753863,0.19594725901148924
1546,0.50014,320,1619,320,470692,134918,75002,32954,1.249749898106636,0.19630432710636675
1547,0.50015,349,1989,349,472681,132929,75351,32605,1.2313257252954908,0.1969685985960588
1548,0.50016,384,2011,384,474692,130918,75735,32221,1.2126977657564193,0.19750642090487253
1549,0.50017,361,1911,361,476603,129007,76096,31860,1.1949961095261032,0.19805180677205395
1550,0.50018,337,1801,337,478404,127206,76433,31523,1.178313386935418,0.1985963497533532
1551,0.50019,338,1760,338,480164,125446,76771,31185,1.1620104487013228,0.19909851817328625
1552,0.5002,328,1631,328,481795,123815,77099,30857,1.1469024417355218,0.1994995862211648
1553,0.50021,295,1332,295,483127,122483,77394,30562,1.1345640816628997,0.1996929007808161
1554,0.50022,269,1257,269,484384,121226,77663,30293,1.122920449071844,0.199928721810466
1555,0.50023,325,1427,325,485811,119799,77988,29968,1.1097021008559043,0.20009748475966
1556,0.50024,310,1406,310,487217,118393,78298,29658,1.096678276334803,0.20032286171657065
1557,0.50025,395,1599,395,488816,116794,78693,29263,1.081866686427804,0.20035328673052302
1558,0.50026,340,1407,340,490223,115387,79033,28923,1.0688335988736153,0.20042270112951285
1559,0.50027,347,1438,347,491661,113949,79380,28576,1.0555133572937123,0.20049815821785652
1560,0.50028,301,1356,301,493017,112593,79681,28275,1.0429526844269887,0.20071982281284606
1561,0.50029,256,1149,256,494166,111444,79937,28019,1.0323094594093891,0.2009063335795157
1562,0.5003,267,992,267,495158,110452,80204,27752,1.0231205305865352,0.20080460768139852
1563,0.50031,218,828,218,495986,109624,80422,27534,1.0154507391900405,0.20074658423132447
1564,0.50032,198,826,198,496812,108798,80620,27336,1.0077994738597207,0.20080215082198422
1565,0.50033,220,832,220,497644,107966,80840,27116,1.0000926303308755,0.20073732991812382
1566,0.50034,257,901,257,498545,107065,81097,26859,0.9917466375189892,0.20055404557808906
1567,0.50035,210,824,210,499369,106241,81307,26649,0.9841138982548445,0.20053427646926028
1568,0.50036,238,889,238,500258,105352,81545,26411,0.9758790618400089,0.20044322002383066
1569,0.50037,196,844,196,501102,104508,81741,26215,0.9680610619141131,0.20053854333208387
1570,0.50038,142,717,142,501819,103791,81883,26073,0.9614194671903368,0.20077157641840696
1571,0.50039,130,611,130,502430,103180,82013,25943,0.9557597539738412,0.20091695515128985
1572,0.5004,145,656,145,503086,102524,82158,25798,0.9496832042684057,0.20104113090506695
1573,0.50041,111,599,111,503685,101925,82269,25687,0.9441346474489607,0.201289847349779
1574,0.50042,118,555,118,504240,101370,82387,25569,0.9389936640853681,0.2014274572826318
1575,0.50043,96,500,96,504740,100870,82483,25473,0.934362147541591,0.20161781816167101
1576,0.50044,103,463,103,505203,100407,82586,25370,0.9300733632220535,0.20170619429625447
1577,0.50045,107,608,107,505811,99799,82693,25263,0.9244414391048205,0.20200380611216837
1578,0.50046,103,598,103,506409,99201,82796,25160,0.918902145318463,0.20231423034552634
1579,0.50047,98,672,98,507081,98529,82894,25062,0.9126773870836267,0.20278175595310338
1580,0.50048,95,610,95,507691,97919,82989,24967,0.9070269369002186,0.20317204563579253
1581,0.50049,106,726,106,508417,97193,83095,24861,0.9003019748786543,0.20368853130581546
1582,0.5005,117,776,117,509193,96417,83212,24744,0.8931138612027122,0.2042241315274717
1583,0.50051,97,688,97,509881,95729,83309,24647,0.8867408944384749,0.20475011630225293
1584,0.50052,111,670,111,510551,95059,83420,24536,0.8805346622698136,0.20515907855679585
1585,0.50053,141,811,141,511362,94248,83561,24395,0.8730223424358072,0.20561685055165496
1586,0.50054,147,790,147,512152,93458,83708,24248,0.8657045462966394,0.2060047915994087
1587,0.50055,116,648,116,512800,92810,83824,24132,0.8597021008559043,0.2063587077354586
1588,0.50056,123,675,123,513475,92135,83947,24009,0.8534495535218052,0.2067175230748037
1589,0.50057,115,637,115,514112,91498,84062,23894,0.8475490014450332,0.20706808097615087
1590,0.50058,148,657,148,514769,90841,84210,23746,0.84146318870651,0.2072311867838411
1591,0.50059,108,510,108,515279,90331,84318,23638,0.8367390418318574,0.20740727741754336
1592,0.5006,89,560,89,515839,89771,84407,23549,0.8315517433028271,0.2078097423226262
1593,0.50061,113,515,113,516354,89256,84520,23436,0.8267812812627366,0.20796507294217867
1594,0.50062,100,590,100,516944,88666,84620,23336,0.8213160917410797,0.20835342226031678
1595,0.50063,105,614,105,517558,88052,84725,23231,0.8156285894253215,0.20875605438386816
1596,0.50064,134,748,134,518306,87304,84859,23097,0.8086998406758309,0.2092100615030661
1597,0.50065,125,679,125,518985,86625,84984,22972,0.8024102412093816,0.20960427748934735
1598,0.50066,162,756,162,519741,85869,85146,22810,0.7954073881951906,0.20988415425243148
1599,0.50067,189,719,189,520460,85150,85335,22621,0.7887472674052391,0.2098987668296666
1600,0.50068,131,687,131,521147,84463,85466,22490,0.7823835636740895,0.2102792815535796
1601,0.50069,140,721,140,521868,83742,85606,22350,0.7757049168179628,0.2106662142291596
1602,0.5007,93,561,93,522429,83181,85699,22257,0.7705083552558449,0.21109087805155635
1603,0.50071,125,639,125,523068,82542,85824,22132,0.7645892771128978,0.21143741521294687
1604,0.50072,126,516,126,523584,82026,85950,22006,0.7598095520397199,0.21153106736388805
1605,0.50073,96,506,96,524090,81520,86046,21910,0.7551224572974174,0.21183409068935513
1606,0.50074,119,657,119,524747,80863,86165,21791,0.7490366445588944,0.21227618991953554
1607,0.50075,107,527,107,525274,80336,86272,21684,0.7441550261217533,0.2125465594981376
1608,0.50076,142,639,142,525913,79697,86414,21542,0.7382359479788062,0.21278361105897925
1609,0.50077,117,750,117,526663,78947,86531,21425,0.7312886731631405,0.2134559438887339
1610,0.50078,142,644,142,527307,78303,86673,21283,0.7253232798547556,0.21371477918582935
1611,0.50079,111,537,111,527844,77766,86784,21172,0.7203490310867391,0.2139926014271564
1612,0.5008,99,499,99,528343,77267,86883,21073,0.7157267775760495,0.21428716697173072
1613,0.50081,89,499,89,528842,76768,86972,20984,0.71110452406536,0.2146656845895736
1614,0.50082,122,613,122,529455,76155,87094,20862,0.7054262847826892,0.2150344784934599
1615,0.50083,98,531,98,529986,75624,87192,20764,0.700507614213198,0.21542100676432752
1616,0.50084,122,631,122,530617,74993,87314,20642,0.6946626403349513,0.21584148062947667
1617,0.50085,104,469,104,531086,74524,87418,20538,0.6903182778168884,0.21604847362773769
1618,0.50086,97,465,97,531551,74059,87515,20441,0.6860109674311756,0.2163068783068783
1619,0.50087,63,362,63,531913,73697,87578,20378,0.682657749453481,0.2166144034015413
1620,0.50088,68,279,68,532192,73418,87646,20310,0.6800733632220535,0.2166908501194947
1621,0.50089,58,255,58,532447,73163,87704,20252,0.6777112897847271,0.21679601777016538
1622,0.5009,86,407,86,532854,72756,87790,20166,0.6739412353180926,0.21702072706140635
1623,0.50091,81,441,81,533295,72315,87871,20085,0.6698562377264812,0.21737012987012988
1624,0.50092,88,500,88,533795,71815,87959,19997,0.665224721182704,0.2178037729272862
1625,0.50093,117,603,117,534398,71212,88076,19880,0.6596391122309089,0.2182408993105871
1626,0.50094,100,548,100,534946,70664,88176,19780,0.6545629700989292,0.21869886338507805
1627,0.50095,117,517,117,535463,70147,88293,19663,0.6497739819926637,0.21893998441153548
1628,0.50096,106,485,106,535948,69662,88399,19557,0.6452814109451999,0.21920218787478005
1629,0.50097,110,494,110,536442,69168,88509,19447,0.6407054725999481,0.21945494555097894
1630,0.50098,93,500,93,536942,68668,88602,19354,0.636073956056171,0.2198768489695758
1631,0.50099,116,677,116,537619,67991,88718,19238,0.6298028826558969,0.22054591936168016
1632,0.501,125,609,125,538228,67382,88843,19113,0.6241616955055763,0.2209723105381814
1633,0.50101,149,596,149,538824,66786,88992,18964,0.618640927785394,0.2211545189504373
1634,0.50102,116,614,116,539438,66172,89108,18848,0.6129534254696358,0.2216890143495648
1635,0.50103,101,402,101,539840,65770,89209,18747,0.609229686168439,0.22181336299206078
1636,0.50104,101,568,101,540408,65202,89310,18646,0.6039682833747082,0.22237858982921477
1637,0.50105,112,472,112,540880,64730,89422,18534,0.5995961317573827,0.2225931975403536
1638,0.50106,102,461,102,541341,64269,89524,18432,0.5953258735040201,0.22287517684187616
1639,0.50107,131,511,131,541852,63758,89655,18301,0.5905924635962799,0.223022459449908
1640,0.50108,108,373,108,542225,63385,89763,18193,0.5871373522546223,0.22301355757679767
1641,0.50109,124,472,124,542697,62913,89887,18069,0.5827652006372966,0.22312365710898718
1642,0.5011,112,348,112,543045,62565,89999,17957,0.5795416651228278,0.22300737686594968
1643,0.50111,105,389,105,543434,62176,90104,17852,0.5759383452517692,0.2230719248263108
1644,0.50112,88,342,88,543776,61834,90192,17764,0.5727703879358257,0.22317143646825296
1645,0.50113,98,296,98,544072,61538,90290,17666,0.5700285301419097,0.22304429069238926
1646,0.50114,79,268,79,544340,61270,90369,17587,0.5675460372744452,0.22302395475354123
1647,0.50115,65,276,65,544616,60994,90434,17522,0.5649894401422801,0.22316470528299964
1648,0.50116,89,274,89,544890,60720,90523,17433,0.5624513690762903,0.22306245441633718
1649,0.50117,91,327,91,545217,60393,90614,17342,0.5594223572566601,0.2230912716279668
1650,0.50118,112,347,112,545564,60046,90726,17230,0.5562080847752788,0.22296702727884465
1651,0.50119,112,321,112,545885,59725,90838,17118,0.5532346511541739,0.22276589930117252
1652,0.5012,116,287,116,546172,59438,90954,17002,0.5505761606580458,0.22242281527995814
1653,0.50121,105,244,105,546416,59194,91059,16897,0.5483159805846827,0.2220630560775913
1654,0.50122,96,203,96,546619,58991,91155,16801,0.5464355848679091,0.22167247202871015
1655,0.50123,54,150,54,546769,58841,91209,16747,0.545046129904776,0.2215563316928613
1656,0.50124,47,126,47,546895,58715,91256,16700,0.5438789877357442,0.22144135782006233
1657,0.50125,30,124,30,547019,58591,91286,16670,0.5427303716328875,0.22149586107014257
1658,0.50126,27,96,27,547115,58495,91313,16643,0.5418411204564823,0.2214991083073811
1659,0.50127,23,111,23,547226,58384,91336,16620,0.5408129237837638,0.22158818196362862
1660,0.50128,23,132,23,547358,58252,91359,16597,0.5395902034162066,0.2217397694023968
1661,0.50129,26,124,26,547482,58128,91385,16571,0.5384415873133499,0.22183697238249508
1662,0.5013,36,127,36,547609,58001,91421,16535,0.5372651821112305,0.22183911130192122
1663,0.50131,45,173,45,547782,57828,91466,16490,0.5356626773870836,0.22188433488522297
1664,0.50132,25,109,25,547891,57719,91491,16465,0.5346530067805402,0.22194812897659874
1665,0.50133,20,78,20,547969,57641,91511,16445,0.533930490199711,0.22197176254623005
1666,0.50134,17,94,17,548063,57547,91528,16428,0.5330597650894809,0.2220750253464008
1667,0.50135,10,86,10,548149,57461,91538,16418,0.5322631442439513,0.22222823806494402
1668,0.50136,19,52,19,548201,57409,91557,16399,0.5317814665233984,0.2221845870366356
1669,0.50137,13,84,13,548285,57325,91570,16386,0.5310033717440439,0.22230060642237928
1670,0.50138,13,80,13,548365,57245,91583,16373,0.5302623290970395,0.2224048466407672
1671,0.50139,12,38,12,548403,57207,91595,16361,0.5299103338397124,0.22239288821226622
1672,0.5014,10,50,10,548453,57157,91605,16351,0.5294471821853348,0.22243837405452468
1673,0.50141,11,70,11,548523,57087,91616,16340,0.5287987698692059,0.22253394527898457
1674,0.50142,15,88,15,548611,56999,91631,16325,0.5279836229575012,0.22264197261469643
1675,0.50143,22,85,22,548696,56914,91653,16303,0.5271962651450591,0.2226668669844435
1676,0.50144,23,86,23,548782,56828,91676,16280,0.5263996442995295,0.22268424796191935
1677,0.50145,17,76,17,548858,56752,91693,16263,0.5256956537848754,0.2227350544408683
1678,0.50146,14,58,14,548916,56694,91707,16249,0.5251583978657972,0.22276297931261396
1679,0.50147,9,61,9,548977,56633,91716,16240,0.5245933528474563,0.22285345738476528
1680,0.50148,14,102,14,549079,56531,91730,16226,0.5236485234725259,0.2230163420701788
1681,0.50149,20,85,20,549164,56446,91750,16206,0.5228611656600838,0.22306337058855916
1682,0.5015,13,79,13,549243,56367,91763,16193,0.522129386046167,0.2231670341786108
1683,0.50151,38,161,38,549404,56206,91801,16155,0.5206380377190707,0.22325562112187505
1684,0.50152,33,164,33,549568,56042,91834,16122,0.5191189002927118,0.22340779335956987
1685,0.50153,35,125,35,549693,55917,91869,16087,0.5179610211567676,0.22341814343647576
1686,0.50154,11,108,11,549801,55809,91880,16076,0.5169606135833117,0.22363497252556166
1687,0.50155,30,127,30,549928,55682,91910,16046,0.5157842083811923,0.22370622351104172
1688,0.50156,32,157,32,550085,55525,91942,16014,0.5143299121864463,0.22384992801129455
1689,0.50157,40,164,40,550249,55361,91982,15974,0.5128107747600874,0.22392934744515314
1690,0.50158,38,168,38,550417,55193,92020,15936,0.5112545852013783,0.2240436390220585
1691,0.50159,45,169,45,550586,55024,92065,15891,0.5096891326095817,0.22408517238948036
1692,0.5016,43,158,43,550744,54866,92108,15848,0.5082255733817481,0.2241140368243912
1693,0.50161,26,104,26,550848,54762,92134,15822,0.5072622179406425,0.22415844950697042
1694,0.50162,37,107,37,550955,54655,92171,15785,0.5062710734002742,0.22409142532651902
1695,0.50163,31,104,31,551059,54551,92202,15754,0.5053077179591685,0.2240807908399118
1696,0.50164,52,201,52,551260,54350,92254,15702,0.5034458483085702,0.22414777593787472
1697,0.50165,44,132,44,551392,54218,92298,15658,0.502223127941013,0.2240826607132635
1698,0.50166,65,208,65,551600,54010,92363,15593,0.5002964170588017,0.22402769995546168
1699,0.50167,66,219,66,551819,53791,92429,15527,0.4982678128126274,0.22399665310597536
1700,0.50168,79,218,79,552037,53573,92508,15448,0.49624847159954055,0.2238159400762087
1701,0.50169,56,144,56,552181,53429,92564,15392,0.4949145948349328,0.22365266415774254
1702,0.5017,39,145,39,552326,53284,92603,15353,0.49357145503723737,0.22368401882366654
1703,0.50171,54,148,54,552474,53136,92657,15299,0.49220052614027937,0.22355519836341053
1704,0.50172,33,73,33,552547,53063,92690,15266,0.49152432472488794,0.22341904608584934
1705,0.50173,28,147,28,552694,52916,92718,15238,0.49016265886101745,0.22358188807700208
1706,0.50174,21,132,21,552826,52784,92739,15217,0.4889399384934603,0.22377612093939794
1707,0.50175,29,92,29,552918,52692,92768,15188,0.4880877394494053,0.22374779021803182
1708,0.50176,29,122,29,553040,52570,92797,15159,0.4869576494127237,0.2238184529522066
1709,0.50177,23,92,23,553132,52478,92820,15136,0.4861054503686687,0.22385896411985684
1710,0.50178,37,166,37,553298,52312,92857,15099,0.4845677868761347,0.2239842162258385
1711,0.50179,31,129,31,553427,52183,92888,15068,0.4833728556078402,0.2240561478639723
1712,0.5018,40,137,40,553564,52046,92928,15028,0.4821038200748453,0.22405104809613263
1713,0.50181,38,145,38,553709,51901,92966,14990,0.48076068027714997,0.22409591723849248
1714,0.50182,34,147,34,553856,51754,93000,14956,0.4793990144132795,0.22419427372208064
1715,0.50183,45,172,45,554028,51582,93045,14911,0.4778057727222202,0.22424916908546763
1716,0.50184,31,113,31,554141,51469,93076,14880,0.4767590499833265,0.22426864006993324
1717,0.50185,33,105,33,554246,51364,93109,14847,0.47578643150913336,0.22423766443642296
1718,0.50186,13,95,13,554341,51269,93122,14834,0.4749064433658157,0.22440736426485938
1719,0.50187,33,174,33,554515,51095,93155,14801,0.4732946756085813,0.22461150904455507
1720,0.50188,39,119,39,554634,50976,93194,14762,0.4721923746711623,0.2245580942529435
1721,0.50189,37,149,37,554783,50827,93231,14725,0.47081218274111675,0.22463082743470833
1722,0.5019,45,138,45,554921,50689,93276,14680,0.4695338841750343,0.22457127996450918
1723,0.50191,30,100,30,555021,50589,93306,14650,0.46860758086627885,0.2245589294747007
1724,0.50192,40,110,40,555131,50479,93346,14610,0.4675886472266479,0.22446189064204397
1725,0.50193,44,116,44,555247,50363,93390,14566,0.4665141353884916,0.22433735310878036
1726,0.50194,48,134,48,555381,50229,93438,14518,0.4652728889547593,0.2242266050936723
1727,0.50195,43,145,43,555526,50084,93481,14475,0.463929749157064,0.22421351012252358
1728,0.50196,60,201,60,555727,49883,93541,14415,0.4620678795064656,0.22419048804006345
1729,0.50197,62,189,62,555916,49694,93603,14353,0.46031716625291785,0.22410105079082548
1730,0.50198,53,190,53,556106,49504,93656,14300,0.4585571899662826,0.2241238793806031
1731,0.50199,41,155,41,556261,49349,93697,14259,0.45712141983771165,0.22416991573386996
1732,0.502,40,125,40,556386,49224,93737,14219,0.45596354070176737,0.224122440615986
1733,0.50201,38,155,38,556541,49069,93775,14181,0.4545277705731965,0.22420553359683795
1734,0.50202,35,127,35,556668,48942,93810,14146,0.4533513653710771,0.22422647730154704
1735,0.50203,52,169,52,556837,48773,93862,14094,0.45178591277928043,0.22418757058552183
1736,0.50204,69,206,69,557043,48567,93931,14025,0.44987772796324427,0.22407016871165644
1737,0.50205,51,223,51,557266,48344,93982,13974,0.4478120715847197,0.22423697808016946
1738,0.50206,54,195,54,557461,48149,94036,13920,0.44600578013264663,0.2242665420741433
1739,0.50207,50,197,50,557658,47952,94086,13870,0.44418096261439843,0.22435378991297597
1740,0.50208,59,188,59,557846,47764,94145,13811,0.44243951239393825,0.22429557450263907
1741,0.50209,39,140,39,557986,47624,94184,13772,0.4411426877616807,0.22431428757573782
1742,0.5021,50,132,50,558118,47492,94234,13722,0.43991996739412353,0.22416440683503774
1743,0.50211,48,165,48,558283,47327,94282,13674,0.43839156693467707,0.22416025966787428
1744,0.50212,47,138,47,558421,47189,94329,13627,0.4371132683685946,0.22406932386214154
1745,0.50213,57,157,57,558578,47032,94386,13570,0.4356589721738486,0.2239200026401769
1746,0.50214,54,146,54,558724,46886,94440,13516,0.4343065693430657,0.22376742491970464
1747,0.50215,39,109,39,558833,46777,94479,13477,0.4332968987365223,0.223669797855744
1748,0.50216,33,128,33,558961,46649,94512,13444,0.43211123050131534,0.22371990082039506
1749,0.50217,36,151,36,559112,46498,94548,13408,0.4307125125050947,0.22381731379160685
1750,0.50218,37,190,37,559302,46308,94585,13371,0.42895253621845936,0.22404866033278037
1751,0.50219,48,162,48,559464,46146,94633,13323,0.4274519248582756,0.22403268930030773
1752,0.5022,30,146,30,559610,46000,94663,13293,0.4260995220274927,0.22419172583610206
1753,0.50221,51,178,51,559788,45822,94714,13242,0.42445070213790803,0.22419748069890288
1754,0.50222,16,105,16,559893,45717,94730,13226,0.42347808366371487,0.2243862714826188
1755,0.50223,27,125,27,560018,45592,94757,13199,0.4223202045277706,0.22450715245530778
1756,0.50224,33,119,33,560137,45473,94790,13166,0.4212179035903516,0.22452633912583775
1757,0.50225,32,171,32,560308,45302,94822,13134,0.41963392493237983,0.22475871038400985
1758,0.50226,51,128,51,560436,45174,94873,13083,0.41844825669717295,0.22457387095113035
1759,0.50227,35,119,35,560555,45055,94908,13048,0.417345955759754,0.22456671772541864
1760,0.50228,45,156,45,560711,44899,94953,13003,0.4159009225980955,0.2245690995129702
1761,0.50229,42,126,42,560837,44773,94995,12961,0.41473378042906367,0.2244950982090276
1762,0.5023,31,77,31,560914,44696,95026,12930,0.414020526881322,0.22437788498247319
1763,0.50231,39,82,39,560996,44614,95065,12891,0.41326095816814257,0.2241718111468568
1764,0.50232,30,96,30,561092,44518,95095,12861,0.41237170699173736,0.22414123634082156
1765,0.50233,21,81,21,561173,44437,95116,12840,0.4116214013116455,0.22417375211690557
1766,0.50234,30,90,30,561263,44347,95146,12810,0.4107877283337656,0.22411953041622198
1767,0.50235,25,79,25,561342,44268,95171,12785,0.41005594871984885,0.22408988133840463
1768,0.50236,23,65,23,561407,44203,95194,12762,0.4094538515691578,0.22403230053541648
1769,0.50237,21,87,21,561494,44116,95215,12741,0.40864796769054057,0.2240885027349315
1770,0.50238,27,97,27,561591,44019,95242,12714,0.40774945348104785,0.22410237427951984
1771,0.50239,16,63,16,561654,43956,95258,12698,0.4071658823965319,0.22413245313658348
1772,0.5024,25,66,25,561720,43890,95283,12673,0.40655452221275334,0.22405105811219347
1773,0.50241,18,89,18,561809,43801,95301,12655,0.405730112267961,0.2241568655235936
1774,0.50242,18,57,18,561866,43744,95319,12637,0.4052021193819704,0.2241357904258527
1775,0.50243,27,58,27,561924,43686,95346,12610,0.40466486346289227,0.2239945999715788
1776,0.50244,26,73,26,561997,43613,95372,12584,0.40398866204750083,0.2239265441215723
1777,0.50245,32,113,32,562110,43500,95404,12552,0.4029419393086072,0.22393491757653608
1778,0.50246,26,99,26,562209,43401,95430,12526,0.40202489903293936,0.22397053301625333
1779,0.50247,28,111,28,562320,43290,95458,12498,0.40099670236022084,0.22402667240266724
1780,0.50248,24,89,24,562409,43201,95482,12474,0.4001722924154285,0.2240502918724742
1781,0.50249,29,113,29,562522,43088,95511,12445,0.3991255696765349,0.22410098499990996
1782,0.5025,27,77,27,562599,43011,95538,12418,0.3984123161287932,0.2240343502498692
1783,0.50251,19,80,19,562679,42931,95557,12399,0.3976712734817889,0.2240918127598048
1784,0.50252,21,84,21,562763,42847,95578,12378,0.39689317870243435,0.2241376188320507
1785,0.50253,20,71,20,562834,42776,95598,12358,0.396235503353218,0.22414481082453658
1786,0.50254,36,115,36,562949,42661,95634,12322,0.39517025454814925,0.22410563265009184
1787,0.50255,42,58,42,563007,42603,95676,12280,0.3946329986290711,0.2237487017837946
1788,0.50256,40,127,40,563134,42476,95716,12240,0.3934565934269517,0.22370056290664522
1789,0.50257,36,123,36,563257,42353,95752,12204,0.3923172403571826,0.22369265172205216
1790,0.50258,24,69,24,563326,42284,95776,12180,0.3916780910741413,0.22363396004700353
1791,0.50259,27,90,27,563416,42194,95803,12153,0.3908444180962614,0.22361859900270484
1792,0.5026,24,84,24,563500,42110,95827,12129,0.3900663233169069,0.2236213794502111
1793,0.50261,23,102,23,563602,42008,95850,12106,0.38912149394197637,0.2237129023912481
1794,0.50262,25,85,25,563687,41923,95875,12081,0.38833413612953427,0.22370565143322718
1795,0.50263,49,118,49,563805,41805,95924,12032,0.38724109822520286,0.22348942177313
1796,0.50264,46,114,46,563919,41691,95970,11986,0.3861851124532217,0.223298619520465
1797,0.50265,24,103,24,564022,41588,95994,11962,0.3852310200452036,0.22338001867413632
1798,0.50266,22,86,22,564108,41502,96016,11940,0.3844343991996739,0.22341978219378017
1799,0.50267,20,67,20,564175,41435,96036,11920,0.3838137759828078,0.22340923999625154
1800,0.50268,31,84,31,564259,41351,96067,11889,0.38303568120345327,0.22330954169797146
1801,0.50269,15,83,15,564342,41268,96082,11874,0.38226684945718625,0.2234390877272214
1802,0.5027,25,118,25,564460,41150,96107,11849,0.38117381155285485,0.22357025604256683
1803,0.50271,21,95,21,564555,41055,96128,11828,0.3802938234095372,0.2236635591778076
1804,0.50272,38,159,38,564714,40896,96166,11790,0.3788210011486161,0.22377861291424667
1805,0.50273,33,127,33,564841,40769,96199,11757,0.37764459594649674,0.22383200700605416
1806,0.50274,23,119,23,564960,40650,96222,11734,0.37654229500907777,0.2239996945632254
1807,0.50275,44,140,44,565100,40510,96266,11690,0.3752454703768202,0.2239463601532567
1808,0.50276,22,98,22,565198,40412,96288,11668,0.37433769313423987,0.22403993855606757
1809,0.50277,25,70,25,565268,40342,96313,11643,0.3736892808181111,0.22396845243820332
1810,0.50278,19,76,19,565344,40266,96332,11624,0.37298529030345695,0.2240123337830025
1811,0.50279,16,42,16,565386,40224,96348,11608,0.3725962429137797,0.223954313937336
1812,0.5028,16,63,16,565449,40161,96364,11592,0.3720126718292638,0.22398701524549303
1813,0.50281,4,29,4,565478,40132,96368,11588,0.3717440438697247,0.22405259087393659
1814,0.50282,14,44,14,565522,40088,96382,11574,0.3713364704138723,0.22403313847702372
1815,0.50283,10,47,10,565569,40041,96392,11564,0.3709011078587573,0.22408681329328553
1816,0.50284,17,57,17,565626,39984,96409,11547,0.3703731149727667,0.22407870990277698
1817,0.50285,27,85,27,565711,39899,96436,11520,0.3695857571603246,0.2240416966490986
1818,0.50286,36,95,36,565806,39804,96472,11484,0.3687057690170069,0.22391202620496023
1819,0.50287,22,107,22,565913,39697,96494,11462,0.3677146244766386,0.2240465998162591
1820,0.50288,23,77,23,565990,39620,96517,11439,0.36700137092889695,0.22403493997140564
1821,0.50289,30,91,30,566081,39529,96547,11409,0.36615843491792954,0.2239781695394401
1822,0.5029,18,71,18,566152,39458,96565,11391,0.3655007595687132,0.22401620484178647
1823,0.50291,16,55,16,566207,39403,96581,11375,0.3649912927488977,0.22401433691756273
1824,0.50292,13,64,13,566271,39339,96594,11362,0.3643984586312942,0.224098144020828
1825,0.50293,9,46,9,566317,39293,96603,11353,0.36397235910926673,0.22416380365675473
1826,0.50294,6,35,6,566352,39258,96609,11347,0.36364815295120234,0.22422685505384843
1827,0.50295,18,48,18,566400,39210,96627,11329,0.36320352736299977,0.22416351728368192
1828,0.50296,14,63,14,566463,39147,96641,11315,0.3626199562784838,0.22422813205976774
1829,0.50297,14,57,14,566520,39090,96655,11301,0.3620919633924932,0.2242662380186938
1830,0.50298,16,80,16,566600,39010,96671,11285,0.3613509207454889,0.22437618053484443
1831,0.50299,10,61,10,566661,38949,96681,11275,0.3607858757271481,0.2244942656897101
1832,0.503,20,54,20,566715,38895,96701,11255,0.36028567194042016,0.22442671984047857
1833,0.50301,18,76,18,566791,38819,96719,11237,0.3595816814257661,0.2244885727984657
1834,0.50302,11,63,11,566854,38756,96730,11226,0.3589981103412501,0.22460085630827098
1835,0.50303,14,61,14,566915,38695,96744,11212,0.35843306532290936,0.224657863626345
1836,0.50304,11,52,11,566967,38643,96755,11201,0.3579513876023565,0.22472112992536714
1837,0.50305,21,54,21,567021,38589,96776,11180,0.35745118381562857,0.22463782675962948
1838,0.50306,5,55,5,567076,38534,96781,11175,0.3569417169958131,0.22480838479953327
1839,0.50307,17,46,17,567122,38488,96798,11158,0.35651561747378563,0.2247512387704951
1840,0.50308,17,68,17,567190,38420,96815,11141,0.35588573122383194,0.22479368858578316
1841,0.50309,13,45,13,567235,38375,96828,11128,0.355468894734892,0.22479445690160194
1842,0.5031,12,49,12,567284,38326,96840,11116,0.3550150061136018,0.22482909267424456
1843,0.50311,8,35,8,567319,38291,96848,11108,0.35469079995553743,0.2248628514747262
1844,0.50312,10,29,10,567348,38262,96858,11098,0.35442217199599835,0.22483792544570502
1845,0.50313,13,71,13,567419,38191,96871,11085,0.353764496646782,0.22495738290445652
1846,0.50314,18,83,18,567502,38108,96889,11067,0.35299566490051504,0.22505338078291814
1847,0.50315,30,94,30,567596,38014,96919,11037,0.3521249397902849,0.22501070314570548
1848,0.50316,17,83,17,567679,37931,96936,11020,0.35135610804401796,0.2251230822659394
1849,0.50317,25,112,25,567791,37819,96961,10995,0.35031864833821186,0.22524275822509934
1850,0.50318,21,98,21,567889,37721,96982,10974,0.34941087109563157,0.22536194681178764
1851,0.50319,26,108,26,567997,37613,97008,10948,0.3484104635221757,0.22544840509874178
1852,0.5032,13,78,13,568075,37535,97021,10935,0.34768794694134647,0.22560346606148132
1853,0.50321,18,91,18,568166,37444,97039,10917,0.34684501093037906,0.22573974897127852
1854,0.50322,18,66,18,568232,37378,97057,10899,0.34623365074660045,0.2257596785218634
1855,0.50323,13,70,13,568302,37308,97070,10886,0.3455852384304717,0.22587874009212766
1856,0.50324,17,65,17,568367,37243,97087,10869,0.34498314127978064,0.22591037578982373
1857,0.50325,13,37,13,568404,37206,97100,10856,0.34464040905554116,0.22587491157255213
1858,0.50326,18,60,18,568464,37146,97118,10838,0.3440846270702879,0.22586695565188397
1859,0.50327,18,79,18,568543,37067,97136,10820,0.3433528474563711,0.22594858729926703
1860,0.50328,20,82,20,568625,36985,97156,10800,0.3425932787431917,0.22601234697080674
1861,0.50329,10,76,10,568701,36909,97166,10790,0.34188928822853754,0.22621019308580892
1862,0.5033,15,62,15,568763,36847,97181,10775,0.3413149801771092,0.22626097181974716
1863,0.50331,11,80,11,568843,36767,97192,10764,0.34057393753010484,0.22646272958700636
1864,0.50332,18,106,18,568949,36661,97210,10746,0.3395920560228241,0.22667538549159408
1865,0.50333,14,64,14,569013,36597,97224,10732,0.33899922190522064,0.2267531534577109
1866,0.50334,14,48,14,569061,36549,97238,10718,0.33855459631701806,0.22675439524403918
1867,0.50335,15,41,15,569102,36508,97253,10703,0.3381748119604283,0.22670564063459786
1868,0.50336,15,57,15,569159,36451,97268,10688,0.3376468190744377,0.22673370245444324
1869,0.50337,23,76,23,569235,36375,97291,10665,0.33694282855978364,0.2267219387755102
1870,0.50338,19,96,19,569331,36279,97310,10646,0.33605357738337843,0.22687266915290358
1871,0.50339,21,92,21,569423,36187,97331,10625,0.33520137833932345,0.22697171665384944
1872,0.5034,26,81,26,569504,36106,97357,10599,0.3344510726592315,0.22693501766406166
1873,0.50341,13,57,13,569561,36049,97370,10586,0.3339230797732409,0.22699689074729282
1874,0.50342,12,43,12,569604,36006,97382,10574,0.33352476935047615,0.227007299270073
1875,0.50343,11,36,11,569640,35970,97393,10563,0.3331913001593242,0.2270001934111276
1876,0.50344,7,39,7,569679,35931,97400,10556,0.3328300418689096,0.22707423580786026
1877,0.50345,4,44,4,569723,35887,97404,10552,0.33242246841305717,0.22722280841534057
1878,0.50346,9,93,9,569816,35794,97413,10543,0.3315610063359146,0.22752875671709433
1879,0.50347,10,81,10,569897,35713,97423,10533,0.33081070065582274,0.22776023872334905
1880,0.50348,13,69,13,569966,35644,97436,10520,0.3301715513727815,0.22788319902954685
1881,0.50349,6,40,6,570006,35604,97442,10514,0.32980103004927935,0.22798039810919815
1882,0.5035,9,38,9,570044,35566,97451,10505,0.32944903479195226,0.22801762497015476
1883,0.50351,6,73,6,570117,35493,97457,10499,0.3287728333765608,0.22827883110106106
1884,0.50352,15,70,15,570187,35423,97472,10484,0.32812442106043205,0.22837475766223017
1885,0.50353,7,61,7,570248,35362,97479,10477,0.32755937604209123,0.22856083247889353
1886,0.50354,7,78,7,570326,35284,97486,10470,0.326836859461262,0.22883245180749223
1887,0.50355,9,74,9,570400,35210,97495,10461,0.326151395012783,0.22905125790983338
1888,0.50356,31,145,31,570545,35065,97526,10430,0.3248082552150876,0.22925596219364766
1889,0.50357,16,115,16,570660,34950,97542,10414,0.3237430064100189,0.22956529406577902
1890,0.50358,19,112,19,570772,34838,97561,10395,0.3227055467042128,0.2298100944001061
1891,0.50359,14,66,14,570838,34772,97575,10381,0.32209418652043426,0.22990720439394946
1892,0.5036,16,82,16,570920,34690,97591,10365,0.3213346178072548,0.23005215847297747
1893,0.50361,21,82,21,571002,34608,97612,10344,0.32057504909407536,0.23011211959423386
1894,0.50362,19,63,19,571065,34545,97631,10325,0.31999147800955946,0.23010920436817472
1895,0.50363,9,52,9,571117,34493,97640,10316,0.3195098002890066,0.23022160726639737
1896,0.50364,14,59,14,571176,34434,97654,10302,0.31896328133684093,0.2302843347639485
1897,0.50365,14,44,14,571220,34390,97668,10288,0.3185557078809885,0.2302699315099154
1898,0.50366,20,66,20,571286,34324,97688,10268,0.31794434769721,0.23026551847865087
1899,0.50367,15,67,15,571353,34257,97703,10253,0.31732372448034385,0.2303527297236576
1900,0.50368,20,134,20,571487,34123,97723,10233,0.3160824780466116,0.23070159617639102
1901,0.50369,22,118,22,571605,34005,97745,10211,0.3149894401422802,0.23093450334720464
1902,0.5037,22,173,22,571778,33832,97767,10189,0.31338693541813334,0.23145771336407622
1903,0.50371,24,142,24,571920,33690,97791,10165,0.31207158471970065,0.2317865693763539
1904,0.50372,41,141,41,572061,33549,97832,10124,0.31076549705435547,0.23181370640899412
1905,0.50373,32,116,32,572177,33433,97864,10092,0.3096909852161992,0.23186674325100518
1906,0.50374,25,148,25,572325,33285,97889,10067,0.3083200563192412,0.23221535338623361
1907,0.50375,42,149,42,572474,33136,97931,10025,0.30693986438919557,0.23226987326521628
1908,0.50376,27,131,27,572605,33005,97958,9998,0.305726407054726,0.2324954072971653
1909,0.50377,42,191,42,572796,32814,98000,9956,0.30395716773500314,0.23277998597147534
1910,0.50378,36,168,36,572964,32646,98036,9920,0.302400978176294,0.23304985199454964
1911,0.50379,50,189,50,573153,32457,98086,9870,0.3006502649227463,0.23318449216811965
1912,0.5038,32,109,32,573262,32348,98118,9838,0.2996405943162029,0.2332053287820604
1913,0.50381,70,198,70,573460,32150,98188,9768,0.29780651376486716,0.2330263848466053
1914,0.50382,36,169,36,573629,31981,98224,9732,0.29624106117307053,0.2333085608803011
1915,0.50383,57,204,57,573833,31777,98281,9675,0.29435140242320945,0.23340248962655602
1916,0.50384,59,251,59,574084,31526,98340,9616,0.29202638111823337,0.23372709153662924
1917,0.50385,76,227,76,574311,31299,98416,9540,0.2899236726073586,0.23360023506941893
1918,0.50386,46,126,46,574437,31173,98462,9494,0.2887565304383267,0.2334571028106327
1919,0.50387,46,148,46,574585,31025,98508,9448,0.2873856015413687,0.23343957700195192
1920,0.50388,22,101,22,574686,30924,98530,9426,0.2864500351995257,0.23360594795539033
1921,0.50389,35,85,35,574771,30839,98565,9391,0.2856626773870836,0.23343276162068108
1922,0.5039,22,84,22,574855,30755,98587,9369,0.2848845826077291,0.23350114644601735
1923,0.50391,19,86,19,574941,30669,98606,9350,0.2840879617621994,0.23363902146480423
1924,0.50392,19,72,19,575013,30597,98625,9331,0.2834210233798955,0.23369565217391305
1925,0.50393,35,122,35,575135,30475,98660,9296,0.2822909333432139,0.23373815091398256
1926,0.50394,30,105,30,575240,30370,98690,9266,0.2813183148690207,0.2337773741043496
1927,0.50395,31,102,31,575342,30268,98721,9235,0.2803734854940902,0.23377971293319494
1928,0.50396,38,113,38,575455,30155,98759,9197,0.2793267627551966,0.23371112014637122
1929,0.50397,35,120,35,575575,30035,98794,9162,0.27821519878469003,0.2337423782432329
1930,0.50398,48,157,48,575732,29878,98842,9114,0.27676090258994407,0.23374025441116125
1931,0.50399,61,177,61,575909,29701,98903,9053,0.275121345733447,0.23360169272849254
1932,0.504,27,126,27,576035,29575,98930,9026,0.27395420356441513,0.23382813916737907
1933,0.50401,29,125,29,576160,29450,98959,8997,0.27279632442847085,0.23401045595234998
1934,0.50402,33,90,33,576250,29360,98992,8964,0.271962651450591,0.23390042793027868
1935,0.50403,23,106,23,576356,29254,99015,8941,0.2709807699433102,0.23408823144390628
1936,0.50404,18,68,18,576424,29186,99033,8923,0.2703508836933565,0.23414416542024194
1937,0.50405,21,49,21,576473,29137,99054,8902,0.2698969950720664,0.23402297641893846
1938,0.50406,20,65,20,576538,29072,99074,8882,0.2692948979213754,0.23402012963060548
1939,0.50407,24,99,24,576637,28973,99098,8858,0.2683778576457075,0.23414659934973964
1940,0.50408,34,91,34,576728,28882,99132,8824,0.2675349216347401,0.23402111069856257
1941,0.50409,16,76,16,576804,28806,99148,8808,0.26683093112008593,0.23416812888817992
1942,0.5041,48,103,48,576907,28703,99196,8760,0.26587683871206785,0.23383071297013053
1943,0.50411,27,60,27,576967,28643,99223,8733,0.2653210567268146,0.23365261130136986
1944,0.50412,22,80,22,577047,28563,99245,8711,0.2645800140798103,0.2337017760369158
1945,0.50413,42,106,42,577153,28457,99287,8669,0.26359813257252956,0.23350212788881108
1946,0.50414,30,106,30,577259,28351,99317,8639,0.26261625106524883,0.23354960800216273
1947,0.50415,29,69,29,577328,28282,99346,8610,0.26197710178220757,0.23338393147565867
1948,0.50416,20,92,20,577420,28190,99366,8590,0.2611249027381526,0.23355084284937466
1949,0.50417,27,70,27,577490,28120,99393,8563,0.2604764904220238,0.2334323801215822
1950,0.50418,11,90,11,577580,28030,99404,8552,0.2596428174441439,0.23377617407468154
1951,0.50419,23,113,23,577693,27917,99427,8529,0.2585960947052503,0.23401745047467487
1952,0.5042,15,103,15,577796,27814,99442,8514,0.2576420022972322,0.23436467738383615
1953,0.50421,34,130,34,577926,27684,99476,8480,0.25643780799585014,0.23448733547173986
1954,0.50422,16,78,16,578004,27606,99492,8464,0.2557152914150209,0.23465483781535904
1955,0.50423,43,118,43,578122,27488,99535,8421,0.25462225351068957,0.23450945445431506
1956,0.50424,34,85,34,578207,27403,99569,8387,0.2538348956982474,0.2343392008941045
1957,0.50425,27,79,27,578286,27324,99596,8360,0.25310311608433067,0.2342786683107275
1958,0.50426,28,92,28,578378,27232,99624,8332,0.2522509170402757,0.23428185805871105
1959,0.50427,18,73,18,578451,27159,99642,8314,0.2515747156248842,0.23437544047585487
1960,0.50428,23,69,23,578520,27090,99665,8291,0.250935566341843,0.23433481246996976
1961,0.50429,20,66,20,578586,27024,99685,8271,0.2503242061580644,0.23433914152146196
1962,0.5043,18,66,18,578652,26958,99703,8253,0.2497128459742858,0.2343869813410582
1963,0.50431,24,77,24,578729,26881,99727,8229,0.24899959242654415,0.23437767017943606
1964,0.50432,20,97,20,578826,26784,99747,8209,0.24810107821705138,0.2345897750978767
1965,0.50433,21,68,21,578894,26716,99768,8188,0.24747119196709771,0.23458629383451754
1966,0.50434,24,89,24,578983,26627,99792,8164,0.2466467820223054,0.23465838866373487
1967,0.50435,28,85,28,579068,26542,99820,8136,0.2458594242098633,0.23461560643635734
1968,0.50436,60,195,60,579263,26347,99880,8076,0.2440531327577902,0.2346105801353746
1969,0.50437,45,139,45,579402,26208,99925,8031,0.24276557115862019,0.23455708402698677
1970,0.50438,70,224,70,579626,25984,99995,7961,0.24069065174700804,0.23452643982913537
1971,0.50439,61,118,61,579744,25866,100056,7900,0.23959761384267664,0.2339631582064799
1972,0.5044,63,143,63,579887,25723,100119,7837,0.2382730001111564,0.23352205005959475
1973,0.50441,38,117,38,580004,25606,100157,7799,0.23718922523991257,0.23346804370603202
1974,0.50442,34,58,34,580062,25548,100191,7765,0.2366519693208344,0.2330921862336025
1975,0.50443,22,45,22,580107,25503,100213,7743,0.23623513283189448,0.23290019852012273
1976,0.50444,25,66,25,580173,25437,100238,7718,0.2356237726481159,0.2327854019001659
1977,0.50445,30,58,30,580231,25379,100268,7688,0.23508651672903777,0.23249765627362629
1978,0.50446,37,89,37,580320,25290,100305,7651,0.23426210678424544,0.23226374427005858
1979,0.50447,23,73,23,580393,25217,100328,7628,0.23358590536885399,0.232242350433856
1980,0.50448,41,128,41,580521,25089,100369,7587,0.23240023713364705,0.2321887623944179
1981,0.50449,32,86,32,580607,25003,100401,7555,0.23160361628811738,0.23204742306038453
1982,0.5045,28,68,28,580675,24935,100429,7527,0.23097373003816368,0.23187111083728668
1983,0.50451,20,41,20,580716,24894,100449,7507,0.230593945681574,0.23169037992654548
1984,0.50452,4,21,4,580737,24873,100453,7503,0.23039942198673533,0.23174573758339512
1985,0.50453,1,9,1,580746,24864,100454,7502,0.23031605468894734,0.2317864425631836
1986,0.50454,0,6,0,580752,24858,100454,7502,0.23026047649042203,0.23182941903584672
1987,0.50455,2,25,2,580777,24833,100456,7500,0.23002890066323317,0.2319611542387035
1988,0.50456,4,20,4,580797,24813,100460,7496,0.22984364000148208,0.23200965675198862
1989,0.50457,3,39,3,580836,24774,100463,7493,0.22948238171106747,0.23221867542690675
1990,0.50458,4,43,4,580879,24731,100467,7489,0.22908407128830263,0.2324332712600869
1991,0.50459,10,95,10,580974,24636,100477,7479,0.228204083144985,0.2328818309201308
1992,0.5046,8,71,8,581045,24565,100485,7471,0.22754640779576865,0.23320639280809088
1993,0.50461,13,98,13,581143,24467,100498,7458,0.22663863055318834,0.2336100234925607
1994,0.50462,9,45,9,581188,24422,100507,7449,0.2262217940642484,0.23372344764833233
1995,0.50463,13,87,13,581275,24335,100520,7436,0.22541591018563117,0.23404991973812597
1996,0.50464,9,21,9,581296,24314,100529,7427,0.22522138649079254,0.23398758703254466
1997,0.50465,1,21,1,581317,24293,100530,7426,0.2250268627959539,0.23411835177653773
1998,0.50466,8,13,8,581330,24280,100538,7418,0.2249064433658157,0.23402107388478768
1999,0.50467,3,19,3,581349,24261,100541,7415,0.22473044573715217,0.23408890011365072
2000,0.50468,1,18,1,581367,24243,100542,7414,0.2245637111415762,0.23419780775184004
2001,0.50469,8,14,8,581381,24229,100550,7406,0.22443402867835044,0.23410779200252885
2002,0.5047,2,28,2,581409,24201,100552,7404,0.22417466375189893,0.23426672994779307
2003,0.50471,4,28,4,581437,24173,100556,7400,0.22391529882544742,0.23437747442434992
2004,0.50472,5,26,5,581463,24147,100561,7395,0.223674459965171,0.23444930568765457
2005,0.50473,9,34,9,581497,24113,100570,7386,0.22335951684019414,0.2344836344010921
2006,0.50474,12,54,12,581551,24059,100582,7374,0.22285931305346623,0.23459421626952565
2007,0.50475,11,51,11,581602,24008,100593,7363,0.22238689836600095,0.2347072136686749
2008,0.50476,12,61,12,581663,23947,100605,7351,0.22182185334766016,0.2348712377787718
2009,0.50477,3,32,3,581695,23915,100608,7348,0.22152543628885843,0.23503822409877492
2010,0.50478,9,67,9,581762,23848,100617,7339,0.2209048130719923,0.2353224099785167
2011,0.50479,12,41,12,581803,23807,100629,7327,0.22052502871540258,0.23533757307124045
2012,0.5048,13,72,13,581875,23735,100642,7314,0.21985809033309867,0.2355631421301813
2013,0.50481,22,96,22,581971,23639,100664,7292,0.21896883915669346,0.23575054152791697
2014,0.50482,22,81,22,582052,23558,100686,7270,0.21821853347660158,0.2358245750616323
2015,0.50483,11,63,11,582115,23495,100697,7259,0.21763496239208566,0.23603433699681342
2016,0.50484,8,67,8,582182,23428,100705,7251,0.21701433917521953,0.23635059812901332
2017,0.50485,13,67,13,582249,23361,100718,7238,0.2163937159583534,0.2365436778979705
2018,0.50486,20,89,20,582338,23272,100738,7218,0.21556930601356109,0.23673335519842573
2019,0.50487,12,40,12,582378,23232,100750,7206,0.2151987846900589,0.23674354425389316
2020,0.50488,25,92,25,582470,23140,100775,7181,0.21434658564600392,0.2368325582929323
2021,0.50489,15,47,15,582517,23093,100790,7166,0.2139112230908889,0.23682210251495422
2022,0.5049,13,53,13,582570,23040,100803,7153,0.2134202823372485,0.23690921736826417
2023,0.50491,10,36,10,582606,23004,100813,7143,0.21308681314609657,0.2369389989053637
2024,0.50492,2,18,2,582624,22986,100815,7141,0.2129200785505206,0.23702990672818403
2025,0.50493,1,6,1,582630,22980,100816,7140,0.21286450035199525,0.23705179282868527
2026,0.50494,3,17,3,582647,22963,100819,7137,0.21270702878950684,0.23710963455149503
2027,0.50495,7,15,7,582662,22948,100826,7130,0.21256808329319352,0.2370503357936033
2028,0.50496,5,18,5,582680,22930,100831,7125,0.21240134869761754,0.23706538013641656
2029,0.50497,9,18,9,582698,22912,100840,7116,0.21223461410204159,0.23697881976821633
2030,0.50498,11,29,11,582727,22883,100851,7105,0.2119659861425025,0.2369281045751634
2031,0.50499,22,45,22,582772,22838,100873,7083,0.21154914965356256,0.23672337154506867
2032,0.505,19,46,19,582818,22792,100892,7064,0.21112305013153507,0.23660235798499465
2033,0.50501,26,71,26,582889,22721,100918,7038,0.21046537478231872,0.23649988238852113
2034,0.50502,21,57,21,582946,22664,100939,7017,0.20993738189632813,0.23641386745729592
2035,0.50503,44,95,44,583041,22569,100983,6973,0.2090573937530105,0.23603682892153544
2036,0.50504,27,61,27,583102,22508,101010,6946,0.20849234873466968,0.2358253547905208
2037,0.50505,24,44,24,583146,22464,101034,6922,0.2080847752788173,0.2355543456067515
2038,0.50506,18,37,18,583183,22427,101052,6904,0.2077420430545778,0.2353823599604514
2039,0.50507,9,25,9,583208,22402,101061,6895,0.20751046722738895,0.23534832918046217
2040,0.50508,6,32,6,583240,22370,101067,6889,0.2072140501685872,0.2354489216993062
2041,0.50509,12,27,12,583267,22343,101079,6877,0.20696394827522324,0.23535249828884325
2042,0.5051,5,17,5,583284,22326,101084,6872,0.2068064767127348,0.23535858620453456
2043,0.50511,4,13,4,583297,22313,101088,6868,0.20668605728259662,0.23535862376203695
2044,0.50512,5,23,5,583320,22290,101093,6863,0.20647300752158287,0.23541316502589785
2045,0.50513,4,16,4,583336,22274,101097,6859,0.206324798992182,0.23543747640133184
2046,0.50514,1,19,1,583355,22255,101098,6858,0.20614880136351846,0.23556486792841685
2047,0.50515,3,27,3,583382,22228,101101,6855,0.20589869947015452,0.23570470721727468
2048,0.50516,6,11,6,583393,22217,101107,6849,0.20579680610619142,0.23563613844354228
2049,0.50517,12,23,12,583416,22194,101119,6837,0.20558375634517767,0.2355068719644518
2050,0.50518,6,12,6,583428,22182,101125,6831,0.20547259994812703,0.23544617929893497
2051,0.50519,6,11,6,583439,22171,101131,6825,0.20537070658416393,0.23537729341978203
2052,0.5052,8,34,8,583473,22137,101139,6817,0.20505576345918708,0.23544242591697176
2053,0.50521,8,36,8,583509,22101,101147,6809,0.20472229426803512,0.23552404012452438
2054,0.50522,1,36,1,583545,22065,101148,6808,0.20438882507688316,0.23579122363453744
2055,0.50523,6,87,6,583632,21978,101154,6802,0.20358294119826595,0.23634468380820015
2056,0.50524,8,49,8,583681,21929,101162,6794,0.2031290525769758,0.23653518086550848
2057,0.50525,14,90,14,583771,21839,101176,6780,0.20229537959909594,0.2369055522554946
2058,0.50526,10,55,10,583826,21784,101186,6770,0.20178591277928046,0.23709462772291098
2059,0.50527,7,44,7,583870,21740,101193,6763,0.20137833932342805,0.23727326948040556
2060,0.50528,5,34,5,583904,21706,101198,6758,0.20106339619845123,0.23742270938729623
2061,0.50529,8,19,8,583923,21687,101206,6750,0.20088739856978768,0.23736681084502584
2062,0.5053,7,9,7,583932,21678,101213,6743,0.2008040312719997,0.2372541430632279
2063,0.50531,4,10,4,583942,21668,101217,6739,0.20071140094112416,0.23723026014714682
2064,0.50532,0,8,0,583950,21660,101217,6739,0.20063729667642372,0.23729708792563117
2065,0.50533,5,20,5,583970,21640,101222,6734,0.20045203601467265,0.2373299499541834
2066,0.50534,3,16,3,583986,21624,101225,6731,0.20030382748527178,0.23738317757009345
2067,0.50535,6,26,6,584012,21598,101231,6725,0.20006298862499536,0.2374395367722346
2068,0.50536,4,36,4,584048,21562,101235,6721,0.19972951943384343,0.23763391436551992
2069,0.50537,5,36,5,584084,21526,101240,6716,0.19939605024269147,0.23780185539267756
2070,0.50538,9,54,9,584138,21472,101249,6707,0.19889584645596353,0.23801412399304447
2071,0.50539,10,80,10,584218,21392,101259,6697,0.1981548038089592,0.2384207340951974
2072,0.5054,23,71,23,584289,21321,101282,6674,0.19749712845974285,0.23839971423468476
2073,0.50541,21,104,21,584393,21217,101303,6653,0.19653377301863723,0.23871546465733764
2074,0.50542,21,91,21,584484,21126,101324,6632,0.1956908370076698,0.23892211254413143
2075,0.50543,30,130,30,584614,20996,101354,6602,0.19448664270628774,0.23922023335024278
2076,0.50544,27,106,27,584720,20890,101381,6575,0.193504761199007,0.23939559439286365
2077,0.50545,23,101,23,584821,20789,101404,6552,0.19256919485716403,0.23964010094729526
2078,0.50546,33,115,33,584936,20674,101437,6519,0.1915039460520953,0.23973081307689478
2079,0.50547,27,69,27,585005,20605,101464,6492,0.19086479676905405,0.239583717754733
2080,0.50548,24,60,24,585065,20545,101488,6468,0.1903090147838008,0.23944026949987043
2081,0.50549,23,60,23,585125,20485,101511,6445,0.18975323279854756,0.23932417378388415
2082,0.5055,21,68,21,585193,20417,101532,6424,0.18912334654859386,0.23933534518088
2083,0.50551,21,72,21,585265,20345,101553,6403,0.18845640816628997,0.23938238372962464
2084,0.50552,29,112,29,585377,20233,101582,6374,0.1874189484604839,0.23956101777727665
2085,0.50553,24,49,24,585426,20184,101606,6350,0.18696505983919376,0.23931559508555061
2086,0.50554,20,55,20,585481,20129,101626,6330,0.18645559301937825,0.23923806644242035
2087,0.50555,11,30,11,585511,20099,101637,6319,0.18617770202675163,0.23919297448709215
2088,0.50556,16,30,16,585541,20069,101653,6303,0.185899811034125,0.23900348854846049
2089,0.50557,5,9,5,585550,20060,101658,6298,0.18581644373633702,0.23894073905455648
2090,0.50558,0,1,0,585551,20059,101658,6298,0.18580718070324947,0.23894980460598703
2091,0.50559,0,1,0,585552,20058,101658,6298,0.1857979176701619,0.2389588708453483
2092,0.5056,0,2,0,585554,20056,101658,6298,0.18577939160398682,0.23897700538817637
2093,0.50561,2,7,2,585561,20049,101660,6296,0.18571455037237394,0.2389827291706206
2094,0.50562,2,15,2,585576,20034,101662,6294,0.18557560487606062,0.23906107566089335
2095,0.50563,9,15,9,585591,20019,101671,6285,0.1854366593797473,0.23893704379562045
2096,0.50564,5,18,5,585609,20001,101676,6280,0.18526992478417134,0.23895589969940262
2097,0.50565,4,12,4,585621,19989,101680,6276,0.18515876838712067,0.23894917190177042
2098,0.50566,9,17,9,585638,19972,101689,6267,0.18500129682463226,0.23884294370974504
2099,0.50567,11,12,11,585650,19960,101700,6256,0.18489014042758162,0.23863289594140982
2100,0.50568,4,14,4,585664,19946,101704,6252,0.18476045796435586,0.23864417131078708
2101,0.50569,7,15,7,585679,19931,101711,6245,0.18462151246804254,0.2385773227383863
2102,0.5057,5,16,5,585695,19915,101716,6240,0.18447330393864167,0.23857770980692028
2103,0.50571,3,10,3,585705,19905,101719,6237,0.18438067360776614,0.23858159283910949
2104,0.50572,3,8,3,585713,19897,101722,6234,0.1843065693430657,0.23856721901190156
2105,0.50573,4,7,4,585720,19890,101726,6230,0.1842417281114528,0.2385145482388974
2106,0.50574,1,4,1,585724,19886,101727,6229,0.1842046759791026,0.23852192226689642
2107,0.50576,1,4,1,585728,19882,101728,6228,0.1841676238467524,0.23852929911911144
2108,0.50577,0,3,0,585731,19879,101728,6228,0.1841398347474897,0.23855670892863984
2109,0.50581,0,7,0,585738,19872,101728,6228,0.18407499351587683,0.2386206896551724
2110,0.50582,6,7,6,585745,19865,101734,6222,0.18401015228426396,0.23850960248399586
2111,0.50583,6,7,6,585752,19858,101740,6216,0.18394531105265108,0.23839840454092198
2112,0.50584,2,10,2,585762,19848,101742,6214,0.18385268072177555,0.2384314327373187
2113,0.50585,1,33,1,585795,19815,101743,6213,0.18354700062988624,0.23870447210696175
2114,0.50586,3,23,3,585818,19792,101746,6210,0.1833339508688725,0.2388277824782709
2115,0.50587,8,24,8,585842,19768,101754,6202,0.1831116380747712,0.23881401617250675
2116,0.50588,6,47,6,585889,19721,101760,6196,0.18267627551965615,0.23907088011729752
2117,0.50589,10,39,10,585928,19682,101770,6186,0.18231501722924154,0.23913715787845988
2118,0.5059,10,44,10,585972,19638,101780,6176,0.18190744377338916,0.23925001936933446
2119,0.50591,2,14,2,585986,19624,101782,6174,0.1817777613101634,0.23932087758740989
2120,0.50592,5,16,5,586002,19608,101787,6169,0.18162955278076254,0.23932187609108896
2121,0.50593,0,8,0,586010,19600,101787,6169,0.1815554485160621,0.23939617369707789
2122,0.50594,2,7,2,586017,19593,101789,6167,0.1814906072844492,0.23940217391304347
2123,0.50595,1,9,1,586026,19584,101790,6166,0.18140723998666122,0.23945631067961165
2124,0.50596,3,15,3,586041,19569,101793,6163,0.18126829449034793,0.23950722835380073
2125,0.50597,1,11,1,586052,19558,101794,6162,0.18116640112638482,0.2395800933125972
2126,0.50598,5,13,5,586065,19545,101799,6157,0.1810459816962466,0.23955334215236168
2127,0.50599,7,13,7,586078,19532,101806,6150,0.18092556226610843,0.23946733120473485
2128,0.506,0,15,0,586093,19517,101806,6150,0.1807866167697951,0.2396072778275607
2129,0.50601,7,27,7,586120,19490,101813,6143,0.18053651487643113,0.23965201107946787
2130,0.50602,11,31,11,586151,19459,101824,6132,0.18024936085071697,0.23961548982064007
2131,0.50603,15,75,15,586226,19384,101839,6117,0.1795546333691504,0.23987294615897417
2132,0.50604,20,55,20,586281,19329,101859,6097,0.17904516654933492,0.2397939117438842
2133,0.50605,36,109,36,586390,19220,101895,6061,0.1780354959427915,0.23974526324116927
2134,0.50606,41,100,41,586490,19120,101936,6020,0.1771091926340361,0.2394590294351631
2135,0.50607,59,108,59,586598,19012,101995,5961,0.17610878506058023,0.23869779361710647
2136,0.50608,47,91,47,586689,18921,102042,5914,0.17526584904961282,0.2381316690155023
2137,0.50609,28,81,28,586770,18840,102070,5886,0.1745155433695209,0.23804901722882796
2138,0.5061,25,80,25,586850,18760,102095,5861,0.17377450072251657,0.23804882011291173
2139,0.50611,18,56,18,586906,18704,102113,5843,0.17325577086961355,0.23803316087505602
2140,0.50612,17,55,17,586961,18649,102130,5826,0.17274630404979807,0.2380388151174668
2141,0.50613,18,51,18,587012,18598,102148,5808,0.17227388936233282,0.2379742686224699
2142,0.50614,18,53,18,587065,18545,102166,5790,0.17178294860869242,0.23792890897883706
2143,0.50615,18,68,18,587133,18477,102184,5772,0.17115306235873876,0.23803043424471113
2144,0.50616,13,36,13,587169,18441,102197,5759,0.1708195931675868,0.23797520661157026
2145,0.50617,15,58,15,587227,18383,102212,5744,0.17028233724850866,0.23807352758320555
2146,0.50618,16,41,16,587268,18342,102228,5728,0.16990255289191894,0.2379725799750727
2147,0.50619,10,36,10,587304,18306,102238,5718,0.16956908370076698,0.238011988011988
2148,0.5062,10,25,10,587329,18281,102248,5708,0.16933750787357812,0.2379423902622035
2149,0.50621,4,16,4,587345,18265,102252,5704,0.16918929934417726,0.23797404981434353
2150,0.50622,1,12,1,587357,18253,102253,5703,0.16907814294712661,0.23806144598430456
2151,0.50623,2,8,2,587365,18245,102255,5701,0.16900403868242617,0.23807734068320388
2152,0.50624,2,9,2,587374,18236,102257,5699,0.16892067138463818,0.23810319615625652
2153,0.50625,3,19,3,587393,18217,102260,5696,0.16874467375597466,0.23819679672144858
2154,0.50626,3,8,3,587401,18209,102263,5693,0.16867056949127424,0.2381809053635679
2155,0.50627,5,41,5,587442,18168,102268,5688,0.1682907851346845,0.23843058350100604
2156,0.50628,9,54,9,587496,18114,102277,5679,0.16779058134795657,0.23868364645063675
2157,0.50629,9,42,9,587538,18072,102286,5670,0.1674015339582793,0.23881728582259287
2158,0.5063,6,34,6,587572,18038,102292,5664,0.16708659083330246,0.23896717576575816
2159,0.50631,1,15,1,587587,18023,102293,5663,0.16694764533698914,0.2390863801401672
2160,0.50632,5,26,5,587613,17997,102298,5658,0.16670680647671274,0.23918833227647432
2161,0.50633,3,17,3,587630,17980,102301,5655,0.1665493349142243,0.2392638036809816
2162,0.50634,1,9,1,587639,17971,102302,5654,0.16646596761643634,0.23932275132275133
2163,0.50635,7,23,7,587662,17948,102309,5647,0.16625291785542257,0.23933036660309387
2164,0.50636,5,15,5,587677,17933,102314,5642,0.16611397235910927,0.23932131495227996
2165,0.50637,2,16,2,587693,17917,102316,5640,0.1659657638297084,0.23941928089315279
2166,0.50638,3,11,3,587704,17906,102319,5637,0.1658638704657453,0.2394342267340611
2167,0.50639,0,5,0,587709,17901,102319,5637,0.16581755530030753,0.23948508794290085
2168,0.5064,3,12,3,587721,17889,102322,5634,0.1657063989032569,0.23951026654763424
2169,0.50641,6,7,6,587728,17882,102328,5628,0.165641557671644,0.23938749468311357
2170,0.50642,1,11,1,587739,17871,102329,5627,0.1655396643076809,0.2394671886969104
2171,0.50643,5,14,5,587753,17857,102334,5622,0.16540998184445516,0.2394480173772307
2172,0.50644,1,11,1,587764,17846,102335,5621,0.16530808848049205,0.2395278476158009
2173,0.50645,3,21,3,587785,17825,102338,5618,0.16511356478565342,0.23964509661732714
2174,0.50646,6,18,6,587803,17807,102344,5612,0.16494683019007744,0.23963448482001792
2175,0.50647,3,32,3,587835,17775,102347,5609,0.1646504131312757,0.23986486486486486
2176,0.50648,7,27,7,587862,17748,102354,5602,0.16440031123791174,0.23991434689507496
2177,0.50649,13,50,13,587912,17698,102367,5589,0.16393715958353403,0.2400051530897067
2178,0.5065,5,88,5,588000,17610,102372,5584,0.16312201267182927,0.24075191859963785
2179,0.50651,19,74,19,588074,17536,102391,5565,0.16243654822335024,0.2408986623955673
2180,0.50652,19,73,19,588147,17463,102410,5546,0.1617603468079588,0.24103611630231647
2181,0.50653,11,67,11,588214,17396,102421,5535,0.16113972359109266,0.24137630282150802
2182,0.50654,11,45,11,588259,17351,102432,5524,0.16072288710215274,0.2414863387978142
2183,0.50655,10,34,10,588293,17317,102442,5514,0.1604079439771759,0.24151373133020893
2184,0.50656,14,42,14,588335,17275,102456,5500,0.1600188965874986,0.2414928649835346
2185,0.50657,10,22,10,588357,17253,102466,5490,0.15981510985957242,0.2413929560743965
2186,0.50658,9,30,9,588387,17223,102475,5481,0.1595372188669458,0.24141120507399577
2187,0.50659,5,39,5,588426,17184,102480,5476,0.1591759605765312,0.24165931156222417
2188,0.5066,9,21,9,588447,17163,102489,5467,0.15898143688169253,0.24158197083517455
2189,0.50661,2,12,2,588459,17151,102491,5465,0.15887028048464188,0.2416430845419172
2190,0.50662,2,4,2,588463,17147,102493,5463,0.15883322835229166,0.2416187527642636
2191,0.50663,4,19,4,588482,17128,102497,5459,0.15865723072362814,0.24168769646256696
2192,0.50664,6,23,6,588505,17105,102503,5453,0.1584441809626144,0.24173242308715312
2193,0.50665,4,20,4,588525,17085,102507,5449,0.1582589203008633,0.2418123724150173
2194,0.50666,5,17,5,588542,17068,102512,5444,0.1581014487383749,0.24182658137882018
2195,0.50667,3,33,3,588575,17035,102515,5441,0.15779576864648562,0.24208044135967255
2196,0.50668,13,37,13,588612,16998,102528,5428,0.1574530364222461,0.2420404887184518
2197,0.50669,16,40,16,588652,16958,102544,5412,0.15708251509874394,0.24193115780062585
2198,0.5067,27,63,27,588715,16895,102571,5385,0.156498944014228,0.24169658886894074
2199,0.50671,26,35,26,588750,16860,102597,5359,0.15617473785616362,0.24118997254601918
2200,0.50672,40,68,40,588818,16792,102637,5319,0.15554485160620993,0.24055899778390846
2201,0.50673,14,51,14,588869,16741,102651,5305,0.15507243691874467,0.2406332214460673
2202,0.50674,9,44,9,588913,16697,102660,5296,0.1546648634628923,0.24080389214750147
2203,0.50675,16,33,16,588946,16664,102676,5280,0.154359183371003,0.24061246810061976
2204,0.50676,6,32,6,588978,16632,102682,5274,0.15406276631220125,0.2407559572719803
2205,0.50677,8,27,8,589005,16605,102690,5266,0.1538126644188373,0.24077545608339812
2206,0.50678,5,69,5,589074,16536,102695,5261,0.15317351513579608,0.2413634903885856
2207,0.50679,6,121,6,589195,16415,102701,5255,0.15205268813220202,0.24250115366866637
2208,0.5068,25,93,25,589288,16322,102726,5230,0.15119122605505947,0.24266889383815887
2209,0.50681,13,106,13,589394,16216,102739,5217,0.15020934454777873,0.2434096953296319
2210,0.50682,9,48,9,589442,16168,102748,5208,0.14976471895957613,0.24363772455089822
2211,0.50683,8,82,8,589524,16086,102756,5200,0.14900515024639668,0.24429202292586677
2212,0.50684,4,26,4,589550,16060,102760,5196,0.14876431138612028,0.2444486262702296
2213,0.50685,5,19,5,589569,16041,102765,5191,0.14858831375745674,0.24448944988696308
2214,0.50686,4,21,4,589590,16020,102769,5187,0.1483937900626181,0.2445890507851181
2215,0.50687,8,13,8,589603,16007,102777,5179,0.1482733706324799,0.24445388464080053
2216,0.50688,12,24,12,589627,15983,102789,5167,0.1480510578383786,0.24430260047281324
2217,0.50689,8,33,8,589660,15950,102797,5159,0.1477453777464893,0.2443981240229286
2218,0.5069,11,63,11,589723,15887,102808,5148,0.1471618066619734,0.2447349655336344
2219,0.50691,9,57,9,589780,15830,102817,5139,0.1466338137759828,0.24507606466688922
2220,0.50692,19,84,19,589864,15746,102836,5120,0.14585571899662825,0.2453752516054826
2221,0.50693,26,91,26,589955,15655,102862,5094,0.14501278298566084,0.2455058075087956
2222,0.50694,19,117,19,590072,15538,102881,5075,0.14392900811441697,0.24620385193809732
2223,0.50695,17,65,17,590137,15473,102898,5058,0.14332691096372596,0.24635916419073595
2224,0.50696,22,118,22,590255,15355,102920,5036,0.14223387305939456,0.2469717032023932
2225,0.50697,15,62,15,590317,15293,102935,5021,0.1416595650079662,0.24716943979521513
2226,0.50698,16,71,16,590388,15222,102951,5005,0.14100188965874985,0.24744153853759826
2227,0.50699,37,97,37,590485,15125,102988,4968,0.1401033754492571,0.2472502861693127
2228,0.507,38,109,38,590594,15016,103026,4930,0.1390937048427137,0.247167351849995
2229,0.50701,51,153,51,590747,14863,103077,4879,0.1376764607803179,0.2471380812481005
2230,0.50702,36,168,36,590915,14695,103113,4843,0.1361202712216088,0.24787593407718292
2231,0.50703,26,103,26,591018,14592,103139,4817,0.13516617881359072,0.24818383224277396
2232,0.50704,37,156,37,591174,14436,103176,4780,0.13372114565193227,0.24875104079933388
2233,0.50705,20,83,20,591257,14353,103196,4760,0.13295231390566528,0.2490451525139957
2234,0.50706,34,143,34,591400,14210,103230,4726,0.13162770017414502,0.2495775242923532
2235,0.50707,42,129,42,591529,14081,103272,4684,0.13043276890585054,0.24961364241939782
2236,0.50708,37,118,37,591647,13963,103309,4647,0.12933973100151913,0.24970445996775928
2237,0.50709,32,103,32,591750,13860,103341,4615,0.12838563859350105,0.24979702300405954
2238,0.5071,30,110,30,591860,13750,103371,4585,0.1273667049538701,0.2500681756203981
2239,0.50711,15,63,15,591923,13687,103386,4570,0.1267831338693542,0.2503149476912965
2240,0.50712,31,80,31,592003,13607,103417,4539,0.12604209122234986,0.2501377714096771
2241,0.50713,18,48,18,592051,13559,103435,4521,0.12559746563414725,0.2500553097345133
2242,0.50714,39,79,39,592130,13480,103474,4482,0.12486568602023046,0.24952677875514975
2243,0.50715,20,80,20,592210,13400,103494,4462,0.12412464337322612,0.24980405329750308
2244,0.50716,32,93,32,592303,13307,103526,4430,0.12326318129608359,0.24976038788972205
2245,0.50717,41,80,41,592383,13227,103567,4389,0.12252213864907925,0.24914850136239783
2246,0.50718,33,80,33,592463,13147,103600,4356,0.12178109600207492,0.24887162200765583
2247,0.50719,29,59,29,592522,13088,103629,4327,0.12123457704990923,0.2484639678438128
2248,0.5072,34,76,34,592598,13012,103663,4293,0.1205305865352551,0.24807859000288934
2249,0.50721,18,83,18,592681,12929,103681,4275,0.11976175478898811,0.24848872355266216
2250,0.50722,19,51,19,592732,12878,103700,4256,0.11928934010152284,0.24839500408544415
2251,0.50723,10,50,10,592782,12828,103710,4246,0.11882618844714514,0.24868220686423803
2252,0.50724,14,41,14,592823,12787,103724,4232,0.11844640409055542,0.24866325871085257
2253,0.50725,14,30,14,592853,12757,103738,4218,0.11816851309792878,0.24848306332842415
2254,0.50726,6,12,6,592865,12745,103744,4212,0.11805735670087814,0.24839299404375775
2255,0.50727,6,29,6,592894,12716,103750,4206,0.11778872874133907,0.2485521805933105
2256,0.50728,22,29,22,592923,12687,103772,4184,0.11752010078179999,0.24799952581352616
2257,0.50729,5,36,5,592959,12651,103777,4179,0.11718663159064804,0.2483065953654189
2258,0.5073,7,43,7,593002,12608,103784,4172,0.11678832116788321,0.24862932061978546
2259,0.50731,15,50,15,593052,12558,103799,4157,0.11632516951350551,0.2486987735566856
2260,0.50732,21,34,21,593086,12524,103820,4136,0.11601022638852866,0.2482593037214886
2261,0.50733,9,35,9,593121,12489,103829,4127,0.11568602023046426,0.2483750601829562
2262,0.50734,6,32,6,593153,12457,103835,4121,0.11538960317166252,0.24858245868017856
2263,0.50735,6,31,6,593184,12426,103841,4115,0.11510244914594835,0.24877576930052597
2264,0.50736,6,30,6,593214,12396,103847,4109,0.11482455815332172,0.2489548621629809
2265,0.50737,11,26,11,593240,12370,103858,4098,0.11458371929304531,0.24884624726742774
2266,0.50738,7,28,7,593268,12342,103865,4091,0.1143243543665938,0.24895028296720015
2267,0.50739,1,12,1,593280,12330,103866,4090,0.11421319796954314,0.24908647990255786
2268,0.5074,4,22,4,593302,12308,103870,4086,0.11400941124161695,0.24923752592411857
2269,0.50741,8,32,8,593334,12276,103878,4078,0.11371299418281522,0.24935795524030818
2270,0.50742,11,45,11,593379,12231,103889,4067,0.11329615769387529,0.2495398208369125
2271,0.50743,21,59,21,593438,12172,103910,4046,0.11274963874170958,0.24947589098532494
2272,0.50744,19,87,19,593525,12085,103929,4027,0.11194375486309237,0.24993793445878848
2273,0.50745,15,84,15,593609,12001,103944,4012,0.11116566008373782,0.25054643102479235
2274,0.50746,22,76,22,593685,11925,103966,3990,0.1104616695690837,0.25070688030160226
2275,0.50747,13,58,13,593743,11867,103979,3977,0.10992441365000556,0.25100984599848525
2276,0.50748,11,41,11,593784,11826,103990,3966,0.10954462929341584,0.2511398176291793
2277,0.50749,11,46,11,593830,11780,104001,3955,0.10911852977138835,0.2513504925325707
2278,0.5075,24,31,24,593861,11749,104025,3931,0.10883137574567417,0.25070153061224487
2279,0.50751,12,49,12,593910,11700,104037,3919,0.10837748712438401,0.2509123503425315
2280,0.50752,23,42,23,593952,11658,104060,3896,0.10798843973470673,0.25048219107625047
2281,0.50753,32,56,32,594008,11602,104092,3864,0.1074697098818037,0.249838355101513
2282,0.50754,9,44,9,594052,11558,104101,3855,0.10706213642595132,0.25011354051774476
2283,0.50755,12,46,12,594098,11512,104113,3843,0.10663603690392381,0.2502767828069033
2284,0.50756,13,52,13,594150,11460,104126,3830,0.106154359183371,0.25049051667756705
2285,0.50757,11,54,11,594204,11406,104137,3819,0.10565415539664308,0.2508374384236453
2286,0.50758,21,33,21,594237,11373,104158,3798,0.10534847530475379,0.2503460549733043
2287,0.50759,32,87,32,594324,11286,104190,3766,0.10454259142613657,0.2501993090619187
2288,0.5076,27,71,27,594395,11215,104217,3739,0.10388491607692023,0.2500334358700013
2289,0.50761,26,91,26,594486,11124,104243,3713,0.10304198006595279,0.2502527465120981
2290,0.50762,22,68,22,594554,11056,104265,3691,0.10241209381599911,0.2502881942089917
2291,0.50763,44,124,44,594678,10932,104309,3647,0.1012634777131424,0.2501543315728102
2292,0.50764,39,107,39,594785,10825,104348,3608,0.10027233317277409,0.24998267858380102
2293,0.50765,44,82,44,594867,10743,104392,3564,0.09951276445959464,0.2491088278465087
2294,0.50766,42,89,42,594956,10654,104434,3522,0.09868835451480233,0.24844808126410836
2295,0.50767,25,59,25,595015,10595,104459,3497,0.09814183556263663,0.2481549815498155
2296,0.50768,29,88,29,595103,10507,104488,3468,0.09732668865093186,0.24815742397137747
2297,0.50769,39,68,39,595171,10439,104527,3429,0.09669680240097818,0.24725987885780212
2298,0.5077,25,52,25,595223,10387,104552,3404,0.09621512468042535,0.24682764121528533
2299,0.50771,17,53,17,595276,10334,104569,3387,0.09572418392678499,0.24684789738357263
2300,0.50772,22,41,22,595317,10293,104591,3365,0.09534439957019526,0.24637575047591156
2301,0.50773,23,49,23,595366,10244,104614,3342,0.0948905109489051,0.24598851759163845
2302,0.50774,14,57,14,595423,10187,104628,3328,0.09436251806291453,0.24624491305956345
2303,0.50775,16,58,16,595481,10129,104644,3312,0.09382526214383638,0.24641023733353173
2304,0.50776,24,49,24,595530,10080,104668,3288,0.09337137352254622,0.2459605026929982
2305,0.50777,16,54,16,595584,10026,104684,3272,0.0928711697358183,0.24605203790043614
2306,0.50778,9,25,9,595609,10001,104693,3263,0.09263959390862944,0.24600422195416163
2307,0.50779,10,28,10,595637,9973,104703,3253,0.09238022898217793,0.24595493724482081
2308,0.5078,7,10,7,595647,9963,104710,3246,0.09228759865130239,0.24574153985918692
2309,0.50781,8,6,8,595653,9957,104718,3238,0.09223202045277706,0.2453959833270178
2310,0.50782,6,17,6,595670,9940,104724,3232,0.09207454889028864,0.24536896447008807
2311,0.50783,7,8,7,595678,9932,104731,3225,0.0920004446255882,0.24511666793341946
2312,0.50784,3,25,3,595703,9907,104734,3222,0.09176886879839935,0.2454109223855587
2313,0.50785,2,8,2,595711,9899,104736,3220,0.09169476453369892,0.24544553700739385
2314,0.50786,2,10,2,595721,9889,104738,3218,0.09160213420282337,0.24551766231784541
2315,0.50787,1,6,1,595727,9883,104739,3217,0.09154655600429805,0.24557251908396946
2316,0.50788,1,3,1,595730,9880,104740,3216,0.09151876690503538,0.24557116676847893
2317,0.50789,1,7,1,595737,9873,104741,3215,0.0914539256734225,0.24564486552567238
2318,0.5079,0,4,0,595741,9869,104741,3215,0.0914168735410723,0.24571996331397125
2319,0.50791,1,8,1,595749,9861,104742,3214,0.09134276927637186,0.24581261950286806
2320,0.50792,5,5,5,595754,9856,104747,3209,0.09129645411093408,0.2456180635285113
2321,0.50793,0,12,0,595766,9844,104747,3209,0.09118529771388344,0.2458438673101969
2322,0.50794,2,8,2,595774,9836,104749,3207,0.091111193449183,0.245879015563904
2323,0.50795,7,12,7,595786,9824,104756,3200,0.09100003705213235,0.2457002457002457
2324,0.50796,5,13,5,595799,9811,104761,3195,0.09087961762199415,0.2456558511456251
2325,0.50797,3,7,3,595806,9804,104764,3192,0.09081477639038127,0.24561403508771928
2326,0.50798,2,3,2,595809,9801,104766,3190,0.0907869872911186,0.2455546147332769
2327,0.50799,2,0,2,595809,9801,104768,3188,0.0907869872911186,0.24543844791746863
2328,0.508,1,3,1,595812,9798,104769,3187,0.09075919819185595,0.24543704274162495
2329,0.50801,1,1,1,595813,9797,104770,3186,0.09074993515876839,0.24539782792883
2330,0.50802,1,4,1,595817,9793,104771,3185,0.09071288302641817,0.24541531823085222
2331,0.50803,1,2,1,595819,9791,104772,3184,0.09069435696024306,0.24539499036608864
2332,0.50804,1,6,1,595825,9785,104773,3183,0.09063877876171773,0.2454503392967304
2333,0.50805,2,9,2,595834,9776,104775,3181,0.09055541146392974,0.24550436057729413
2334,0.50806,1,5,1,595839,9771,104776,3180,0.09050909629849198,0.24554088487375492
2335,0.50807,0,5,0,595844,9766,104776,3180,0.09046278113305421,0.2456357175961687
2336,0.50808,1,6,1,595850,9760,104777,3179,0.09040720293452888,0.24569132081304584
2337,0.50809,1,4,1,595854,9756,104778,3178,0.09037015080217867,0.24570898407298594
2338,0.5081,0,1,0,595855,9755,104778,3178,0.09036088776909111,0.24572798267996598
2339,0.50811,0,1,0,595856,9754,104778,3178,0.09035162473600356,0.24574698422517785
2340,0.50812,3,0,3,595856,9754,104781,3175,0.09035162473600356,0.24557196998994507
2341,0.50813,0,3,0,595859,9751,104781,3175,0.0903238356367409,0.2456289648769921
2342,0.50814,2,2,2,595861,9749,104783,3173,0.09030530957056579,0.24555022442346386
2343,0.50815,1,1,1,595862,9748,104784,3172,0.09029604653747823,0.24551083591331269
2344,0.50816,0,1,0,595863,9747,104784,3172,0.09028678350439068,0.2455298397708801
2345,0.50818,0,5,0,595868,9742,104784,3172,0.09024046833895291,0.24562490320582314
2346,0.50819,1,3,1,595871,9739,104785,3171,0.09021267923969024,0.2456235476374903
2347,0.5082,1,6,1,595877,9733,104786,3170,0.09015710104116492,0.24567929938773928
2348,0.50821,1,6,1,595883,9727,104787,3169,0.0901015228426396,0.245735111662531
2349,0.50822,1,1,1,595884,9726,104788,3168,0.09009225980955204,0.24569567240577012
2350,0.50823,2,15,2,595899,9711,104790,3166,0.08995331431323873,0.2458647200434884
2351,0.50824,5,7,5,595906,9704,104795,3161,0.08988847308162584,0.245705402254178
2352,0.50825,12,42,12,595948,9662,104807,3149,0.08949942569194858,0.24580438685504644
2353,0.50826,13,50,13,595998,9612,104820,3136,0.08903627403757086,0.24599937245058048
2354,0.50827,26,61,26,596059,9551,104846,3110,0.08847122901923006,0.24563620567095806
2355,0.50828,17,40,17,596099,9511,104863,3093,0.08810070769572789,0.24539828625833068
2356,0.50829,14,45,14,596144,9466,104877,3079,0.08768387120678794,0.24543642885611797
2357,0.5083,18,33,18,596177,9433,104895,3061,0.08737819111489867,0.24499759884744676
2358,0.50831,1,4,1,596181,9429,104896,3060,0.08734113898254844,0.2450156137400913
2359,0.50832,5,14,5,596195,9415,104901,3055,0.08721145651932269,0.24498797113071372
2360,0.50833,2,9,2,596204,9406,104903,3053,0.0871280892215347,0.24504374347860983
2361,0.50834,1,5,1,596209,9401,104904,3052,0.08708177405609693,0.2450815064643058
2362,0.50835,4,1,4,596210,9400,104908,3048,0.08707251102300938,0.2448586118251928
2363,0.50836,0,7,0,596217,9393,104908,3048,0.0870076697913965,0.2449963829274174
2364,0.50837,1,1,1,596218,9392,104909,3047,0.08699840675830894,0.24495538226545543
2365,0.50838,1,2,1,596220,9390,104910,3046,0.08697988069213383,0.24493406239948537
2366,0.50839,0,1,0,596221,9389,104910,3046,0.08697061765904628,0.24495375954965823
2367,0.5084,2,1,2,596222,9388,104912,3044,0.08696135462595872,0.24485199485199485
2368,0.50841,0,5,0,596227,9383,104912,3044,0.08691503946052095,0.2449505109841474
2369,0.50842,0,9,0,596236,9374,104912,3044,0.08683167216273296,0.24512803994201965
2370,0.50843,0,3,0,596239,9371,104912,3044,0.0868038830634703,0.24518727345952476
2371,0.50844,0,11,0,596250,9360,104912,3044,0.08670198969950721,0.2454047081586585
2372,0.50845,0,17,0,596267,9343,104912,3044,0.08654451813701879,0.245741503188827
2373,0.50846,2,9,2,596276,9334,104914,3042,0.0864611508392308,0.24579831932773108
2374,0.50847,1,7,1,596283,9327,104915,3041,0.08639630960761792,0.2458764553686934
2375,0.50848,6,42,6,596325,9285,104921,3035,0.08600726221794064,0.2463474025974026
2376,0.50849,6,20,6,596345,9265,104927,3029,0.08582200155618956,0.24638034813730275
2377,0.5085,2,31,2,596376,9234,104929,3027,0.08553484753047538,0.24688035233667727
2378,0.50851,4,13,4,596389,9221,104933,3023,0.08541442810033717,0.24689643907219863
2379,0.50852,2,5,2,596394,9216,104935,3021,0.0853681129348994,0.24687423388085314
2380,0.50853,1,0,1,596394,9216,104936,3020,0.0853681129348994,0.2468126838836221
2381,0.50854,0,1,0,596395,9215,104936,3020,0.08535884990181185,0.2468328565590519
2382,0.50855,1,4,1,596399,9211,104937,3019,0.08532179776946164,0.24685200327064596
2383,0.50856,0,3,0,596402,9208,104937,3019,0.08529400867019897,0.24691257054060686
2384,0.50857,2,10,2,596412,9198,104939,3017,0.08520137833932342,0.24699140401146133
2385,0.50858,2,10,2,596422,9188,104941,3015,0.08510874800844788,0.24707039252642793
2386,0.50859,2,8,2,596430,9180,104943,3013,0.08503464374374746,0.247108996965472
2387,0.5086,1,6,1,596436,9174,104944,3012,0.08497906554522212,0.24716888232397832
2388,0.50861,2,25,2,596461,9149,104946,3010,0.08474748971803327,0.24755325273459988
2389,0.50862,5,28,5,596489,9121,104951,3005,0.08448812479158176,0.24781461322777504
2390,0.50863,3,23,3,596512,9098,104954,3002,0.08427507503056801,0.24809917355371902
2391,0.50864,4,18,4,596530,9080,104958,2998,0.08410834043499203,0.24821990395760887
2392,0.50865,7,32,7,596562,9048,104965,2991,0.0838119233761903,0.2484425616745577
2393,0.50866,7,35,7,596597,9013,104972,2984,0.08348771721812591,0.24872884887888638
2394,0.50867,4,26,4,596623,8987,104976,2980,0.0832468783578495,0.2490181331996323
2395,0.50868,5,29,5,596652,8958,104981,2975,0.08297825039831043,0.24930863990614263
2396,0.50869,4,39,4,596691,8919,104985,2971,0.0826169921078958,0.24987384356602188
2397,0.5087,6,52,6,596743,8867,104991,2965,0.08213531438734299,0.2505916159567275
2398,0.50871,11,44,11,596787,8823,105002,2954,0.08172774093149061,0.250827884860321
2399,0.50872,7,53,7,596840,8770,105009,2947,0.08123680017785023,0.2515148928906717
2400,0.50873,10,36,10,596876,8734,105019,2937,0.08090333098669829,0.25164938737040526
2401,0.50874,4,12,4,596888,8722,105023,2933,0.08079217458964763,0.25165165165165165
2402,0.50875,13,38,13,596926,8684,105036,2920,0.08044017933232057,0.25163736642537055
2403,0.50876,14,55,14,596981,8629,105050,2906,0.0799307125125051,0.2519289120069354
2404,0.50877,7,21,7,597002,8608,105057,2899,0.07973618881766646,0.2519336056313548
2405,0.50878,9,23,9,597025,8585,105066,2890,0.07952313905665272,0.2518518518518518
2406,0.50879,6,24,6,597049,8561,105072,2884,0.07930082626255142,0.25198776758409785
2407,0.5088,4,15,4,597064,8546,105076,2880,0.07916188076623809,0.25205671276037106
2408,0.50881,1,0,1,597064,8546,105077,2879,0.07916188076623809,0.25199124726477024
2409,0.50882,1,1,1,597065,8545,105078,2878,0.07915261773315055,0.2519478245644752
2410,0.50883,0,4,0,597069,8541,105078,2878,0.07911556560080032,0.2520360802171819
2411,0.50884,2,10,2,597079,8531,105080,2876,0.07902293526992478,0.2521258876128693
2412,0.50885,3,11,3,597090,8520,105083,2873,0.07892104190596169,0.25217238655314667
2413,0.50886,4,20,4,597110,8500,105087,2869,0.0787357812442106,0.2523528894361861
2414,0.50887,4,29,4,597139,8471,105091,2865,0.07846715328467153,0.2527346506704305
2415,0.50888,8,40,8,597179,8431,105099,2857,0.07809663196116937,0.25310063784549963
2416,0.50889,7,20,7,597199,8411,105106,2850,0.07791137129941827,0.25308587159222096
2417,0.5089,5,31,5,597230,8380,105111,2845,0.0776242172737041,0.2534521158129176
2418,0.50891,6,32,6,597262,8348,105117,2839,0.07732780021490236,0.25377670510413874
2419,0.50892,1,11,1,597273,8337,105118,2838,0.07722590685093927,0.25395973154362417
2420,0.50893,2,5,2,597278,8332,105120,2836,0.0771795916855015,0.25393982808022925
2421,0.50894,3,8,3,597286,8324,105123,2833,0.07710548742080106,0.2539213050103074
2422,0.50895,0,5,0,597291,8319,105123,2833,0.0770591722553633,0.2540351506456241
2423,0.50896,0,3,0,597294,8316,105123,2833,0.07703138315610063,0.2541035070409902
2424,0.50897,1,3,1,597297,8313,105124,2832,0.07700359405683797,0.2541049798115747
2425,0.50898,3,5,3,597302,8308,105127,2829,0.0769572788914002,0.25401813773906795
2426,0.509,4,4,4,597306,8304,105131,2825,0.07692022675904998,0.25384131548207384
2427,0.50901,1,0,1,597306,8304,105132,2824,0.07692022675904998,0.2537742631200575
2428,0.50902,2,3,2,597309,8301,105134,2822,0.07689243765978732,0.25370853187089815
2429,0.50903,0,1,0,597310,8300,105134,2822,0.07688317462669976,0.2537313432835821
2430,0.50905,0,1,0,597311,8299,105134,2822,0.07687391159361222,0.2537541587986692
2431,0.50906,0,1,0,597312,8298,105134,2822,0.07686464856052466,0.2537769784172662
2432,0.50907,0,2,0,597314,8296,105134,2822,0.07684612249434955,0.25382262996941896
2433,0.50908,2,5,2,597319,8291,105136,2820,0.07679980732891178,0.2538025380253803
2434,0.50909,1,11,1,597330,8280,105137,2819,0.07669791396494868,0.2539868456617713
2435,0.5091,3,22,3,597352,8258,105140,2816,0.0764941272370225,0.254289326350009
2436,0.50911,1,10,1,597362,8248,105141,2815,0.07640149690614695,0.25445177619090664
2437,0.50912,2,25,2,597387,8223,105143,2813,0.07616992107895809,0.25489307720188475
2438,0.50913,5,22,5,597409,8201,105148,2808,0.0759661343510319,0.25506403851394316
2439,0.50914,2,27,2,597436,8174,105150,2806,0.07571603245766793,0.25555555555555554
2440,0.50915,3,30,3,597466,8144,105153,2803,0.07543814146504131,0.25605188636156023
2441,0.50916,3,18,3,597484,8126,105156,2800,0.07527140686946533,0.2562694490206846
2442,0.50917,1,8,1,597492,8118,105157,2799,0.0751973026047649,0.2563891178895301
2443,0.50918,2,7,2,597499,8111,105159,2797,0.07513246137315202,0.2564173083975064
2444,0.50919,0,2,0,597501,8109,105159,2797,0.07511393530697692,0.2564643315606088
2445,0.50921,1,3,1,597504,8106,105160,2796,0.07508614620771425,0.2564667033571822
2446,0.50922,3,8,3,597512,8098,105163,2793,0.07501204194301382,0.25645028004774584
2447,0.50923,0,3,0,597515,8095,105163,2793,0.07498425284375115,0.25652094048493757
2448,0.50924,2,7,2,597522,8088,105165,2791,0.07491941161213828,0.25654931519441126
2449,0.50925,2,7,2,597529,8081,105167,2789,0.0748545703805254,0.2565777368905244
2450,0.50926,7,17,7,597546,8064,105174,2782,0.07469709881803697,0.25650009219988934
2451,0.50927,3,17,3,597563,8047,105177,2779,0.07453962725554855,0.25669684093848144
2452,0.50928,11,35,11,597598,8012,105188,2768,0.07421542109748416,0.2567717996289425
2453,0.50929,20,53,20,597651,7959,105208,2748,0.07372448034384378,0.2566545250770524
2454,0.5093,13,64,13,597715,7895,105221,2735,0.07313164622624033,0.2572906867356538
2455,0.50931,17,50,17,597765,7845,105238,2718,0.07266849457186261,0.257313263277478
2456,0.50932,22,54,22,597819,7791,105260,2696,0.07216829078513469,0.25708019452655667
2457,0.50933,14,49,14,597868,7742,105274,2682,0.07171440216384453,0.2572908672294705
2458,0.50934,15,32,15,597900,7710,105289,2667,0.0714179851050428,0.25701069673315985
2459,0.50935,15,59,15,597959,7651,105304,2652,0.0708714661528771,0.2574007570610502
2460,0.50936,21,44,21,598003,7607,105325,2631,0.07046389269702472,0.25698378589568277
2461,0.50937,18,46,18,598049,7561,105343,2613,0.07003779317499723,0.25683113819540004
2462,0.50938,14,28,14,598077,7533,105357,2599,0.0697784282485457,0.25651401500197396
2463,0.50939,9,17,9,598094,7516,105366,2590,0.06962095668605728,0.2562833960023748
2464,0.5094,8,59,8,598153,7457,105374,2582,0.06907443773389159,0.2571969319653352
2465,0.50941,14,35,14,598188,7422,105388,2568,0.06875023157582719,0.25705705705705706
2466,0.50942,6,16,6,598204,7406,105394,2562,0.06860202304642632,0.25702247191011235
2467,0.50943,20,49,20,598253,7357,105414,2542,0.06814813442513616,0.25679361551671886
2468,0.50944,6,16,6,598269,7341,105420,2536,0.0679999258957353,0.2567581249367217
2469,0.50945,7,12,7,598281,7329,105427,2529,0.06788876949868465,0.2565429093122337
2470,0.50946,5,16,5,598297,7313,105432,2524,0.06774056096928378,0.2565822913489885
2471,0.50947,0,5,0,598302,7308,105432,2524,0.06769424580384602,0.2567127746135069
2472,0.50948,0,5,0,598307,7303,105432,2524,0.06764793063840824,0.2568433906583901
2473,0.50949,0,6,0,598313,7297,105432,2524,0.06759235243988292,0.25700030546787495
2474,0.5095,1,5,1,598318,7292,105433,2523,0.06754603727444515,0.2570555272542028
2475,0.50951,2,10,2,598328,7282,105435,2521,0.0674534069435696,0.2571661736203203
2476,0.50952,0,5,0,598333,7277,105435,2521,0.06740709177813183,0.25729740763421105
2477,0.50953,3,17,3,598350,7260,105438,2518,0.06724962021564342,0.257516874616486
2478,0.50954,6,6,6,598356,7254,105444,2512,0.06719404201711808,0.2572189227933647
2479,0.50955,4,12,4,598368,7242,105448,2508,0.06708288562006744,0.2572307692307692
2480,0.50956,3,2,3,598370,7240,105451,2505,0.06706435955389232,0.25705489994869163
2481,0.50957,1,0,1,598370,7240,105452,2504,0.06706435955389232,0.2569786535303777
2482,0.50959,0,1,0,598371,7239,105452,2504,0.06705509652080477,0.2570050292517705
2483,0.50961,1,5,1,598376,7234,105453,2503,0.067008781355367,0.25706069631303274
2484,0.50962,6,9,6,598385,7225,105459,2497,0.06692541405757901,0.25684015634643076
2485,0.50963,3,6,3,598391,7219,105462,2494,0.06686983585905369,0.2567692782868321
2486,0.50964,5,10,5,598401,7209,105467,2489,0.06677720552817815,0.25665085584656633
2487,0.50965,1,8,1,598409,7201,105468,2488,0.06670310126347771,0.2567860460315822
2488,0.50966,1,1,1,598410,7200,105469,2487,0.06669383823039016,0.25673583152678847
2489,0.50967,1,1,1,598411,7199,105470,2486,0.0666845751973026,0.2566855962829117
2490,0.50968,0,2,0,598413,7197,105470,2486,0.0666660491311275,0.25673861406588866
2491,0.50972,0,2,0,598415,7195,105470,2486,0.06664752306495239,0.2567916537547774
2492,0.50975,0,3,0,598418,7192,105470,2486,0.06661973396568972,0.2568712543914032
2493,0.50977,0,4,0,598422,7188,105470,2486,0.06658268183333951,0.2569774653710978
2494,0.50978,0,1,0,598423,7187,105470,2486,0.06657341880025196,0.25700403184120746
2495,0.50979,1,4,1,598427,7183,105471,2485,0.06653636666790173,0.25703351261894913
2496,0.5098,0,4,0,598431,7179,105471,2485,0.06649931453555152,0.2571399006622517
2497,0.50981,3,1,3,598432,7178,105474,2482,0.06649005150246397,0.25693581780538305
2498,0.50982,2,9,2,598441,7169,105476,2480,0.06640668420467598,0.25702145300031093
2499,0.50983,4,17,4,598458,7152,105480,2476,0.06624921264218755,0.25716659742417947
2500,0.50984,6,19,6,598477,7133,105486,2470,0.06607321501352403,0.2572112881391232
2501,0.50985,3,31,3,598508,7102,105489,2467,0.06578606098780986,0.2578116835615007
2502,0.50986,7,23,7,598531,7079,105496,2460,0.0655730112267961,0.2578886675752175
2503,0.50987,10,32,10,598563,7047,105506,2450,0.06527659416799436,0.25797620301147733
2504,0.50988,1,9,1,598572,7038,105507,2449,0.06519322687020639,0.25814272161905766
2505,0.50989,1,28,1,598600,7010,105508,2448,0.06493386194375486,0.2588285049693381
2506,0.5099,1,22,1,598622,6988,105509,2447,0.06473007521582867,0.259353471118177
2507,0.50991,10,40,10,598662,6948,105519,2437,0.0643595538923265,0.25966968566862014
2508,0.50992,17,50,17,598712,6898,105536,2420,0.06389640223794879,0.2597123846318953
2509,0.50993,16,31,16,598743,6867,105552,2404,0.06360924821223461,0.2593032035379139
2510,0.50994,25,77,25,598820,6790,105577,2379,0.06289599466449294,0.25946122805104155
2511,0.50995,17,42,17,598862,6748,105594,2362,0.06250694727481566,0.2592755214050494
2512,0.50996,34,64,34,598926,6684,105628,2328,0.061914113157212194,0.2583222370173103
2513,0.50997,26,45,26,598971,6639,105654,2302,0.06149727666827226,0.2574656078738396
2514,0.50998,31,57,31,599028,6582,105685,2271,0.06096928378228167,0.25652321247034904
2515,0.50999,21,47,21,599075,6535,105706,2250,0.06053392122716662,0.25611838360842343
2516,0.51,17,32,17,599107,6503,105723,2233,0.06023750416836489,0.25560897435897434
2517,0.51001,7,5,7,599112,6498,105730,2226,0.060191189002927116,0.2551581843191197
2518,0.51002,11,15,11,599127,6483,105741,2215,0.060052243506613805,0.2546562428144401
2519,0.51003,3,10,3,599137,6473,105744,2212,0.059959613175738266,0.25469199769717904
2520,0.51004,0,7,0,599144,6466,105744,2212,0.05989477194412538,0.25489744180686796
2521,0.51005,0,3,0,599147,6463,105744,2212,0.05986698284486272,0.25498559077809796
2522,0.51006,5,27,5,599174,6436,105749,2207,0.05961688095149876,0.255351151220641
2523,0.51007,9,24,9,599198,6412,105758,2198,0.05939456815739746,0.2552845528455285
2524,0.51008,10,25,10,599223,6387,105768,2188,0.0591629923302086,0.2551603498542274
2525,0.51009,30,50,30,599273,6337,105798,2158,0.058699840675830894,0.25403178340200117
2526,0.5101,21,36,21,599309,6301,105819,2137,0.05836637148467894,0.25325906612941457
2527,0.51011,16,43,16,599352,6258,105835,2121,0.057968061061914114,0.2531328320802005
2528,0.51012,14,24,14,599376,6234,105849,2107,0.05774574826781281,0.25260760100707347
2529,0.51013,5,25,5,599401,6209,105854,2102,0.057514172440623956,0.2529178197569486
2530,0.51014,1,6,1,599407,6203,105855,2101,0.057458594242098635,0.2530105973025048
2531,0.51015,1,1,1,599408,6202,105856,2100,0.05744933120901108,0.25295109612141653
2532,0.51016,0,1,0,599409,6201,105856,2100,0.05744006817592352,0.2529815684857246
2533,0.51017,3,3,3,599412,6198,105859,2097,0.05741227907666086,0.2528028933092224
2534,0.51018,3,8,3,599420,6190,105862,2094,0.05733817481196043,0.2527764365041043
2535,0.51019,4,4,4,599424,6186,105866,2090,0.05730112267961021,0.2525374577090382
2536,0.5102,1,8,1,599432,6178,105867,2089,0.05722701841490978,0.252691423732914
2537,0.51021,1,3,1,599435,6175,105868,2088,0.05719922931564712,0.25269272661261044
2538,0.51022,4,6,4,599441,6169,105872,2084,0.05714365111712179,0.2525142372470617
2539,0.51023,0,1,0,599442,6168,105872,2084,0.05713438808403424,0.2525448376151236
2540,0.51024,0,1,0,599443,6167,105872,2084,0.05712512505094668,0.2525754454005575
2541,0.51026,1,2,1,599445,6165,105873,2083,0.05710659898477157,0.25254607177497573
2542,0.51027,1,2,1,599447,6163,105874,2082,0.057088072918596466,0.2525166767738023
2543,0.51028,2,3,2,599450,6160,105876,2080,0.057060283819333805,0.2524271844660194
2544,0.51029,3,6,3,599456,6154,105879,2077,0.05700470562080848,0.2523387194751549
2545,0.5103,1,6,1,599462,6148,105880,2076,0.056949127422283155,0.252431906614786
2546,0.51031,2,1,2,599463,6147,105882,2074,0.0569398643891956,0.2522807444349836
2547,0.51032,2,4,2,599467,6143,105884,2072,0.05690281225684538,0.2522215459525259
2548,0.51033,1,2,1,599469,6141,105885,2071,0.05688428619067027,0.2521919142717974
2549,0.51042,0,1,0,599470,6140,105885,2071,0.05687502315758272,0.2522226281817075
2550,0.51065,0,2,0,599472,6138,105885,2071,0.05685649709140761,0.2522840784504812
2551,0.51076,0,1,0,599473,6137,105885,2071,0.056847234058320054,0.2523148148148148
2552,0.51078,0,1,0,599474,6136,105885,2071,0.056837971025232505,0.25234555866942854
2553,0.51079,0,1,0,599475,6135,105885,2071,0.05682870799214495,0.2523763100170607
2554,0.51085,0,1,0,599476,6134,105885,2071,0.05681944495905739,0.25240706886045094
2555,0.51094,0,1,0,599477,6133,105885,2071,0.05681018192596984,0.2524378352023403
2556,0.51095,0,1,0,599478,6132,105885,2071,0.05680091889288229,0.2524686090454712
2557,0.51097,1,0,1,599478,6132,105886,2070,0.05680091889288229,0.25237746891002194
2558,0.51099,0,2,0,599480,6130,105886,2070,0.056782392826707176,0.2524390243902439
2559,0.51101,1,0,1,599480,6130,105887,2069,0.056782392826707176,0.25234784729845106
2560,0.51102,1,0,1,599480,6130,105888,2068,0.056782392826707176,0.2522566479629178
2561,0.51111,1,1,1,599481,6129,105889,2067,0.05677312979361962,0.2521961932650073
2562,0.51116,0,2,0,599483,6127,105889,2067,0.056754603727444515,0.2522577495728582
2563,0.51117,0,4,0,599487,6123,105889,2067,0.0567175515950943,0.2523809523809524
2564,0.51118,0,1,0,599488,6122,105889,2067,0.05670828856200674,0.25241177188911956
2565,0.51119,1,3,1,599491,6119,105890,2066,0.05668049946274408,0.2524129505192425
2566,0.5112,1,5,1,599496,6114,105891,2065,0.05663418429730631,0.2524758527937401
2567,0.51121,0,3,0,599499,6111,105891,2065,0.05660639519804365,0.2525684931506849
2568,0.51122,2,7,2,599506,6104,105893,2063,0.05654155396643077,0.2526019346149137
2569,0.51123,0,2,0,599508,6102,105893,2063,0.05652302790025566,0.25266380894060014
2570,0.51125,0,1,0,599509,6101,105893,2063,0.0565137648671681,0.2526947574718275
2571,0.51145,1,1,1,599510,6100,105894,2062,0.05650450183408055,0.25263415829453567
2572,0.51146,1,0,1,599510,6100,105895,2061,0.05650450183408055,0.2525425805661071
2573,0.51159,0,2,0,599512,6098,105895,2061,0.05648597576790544,0.2526044858438534
2574,0.5116,1,0,1,599512,6098,105896,2060,0.05648597576790544,0.25251287080166707
2575,0.51161,0,3,0,599515,6095,105896,2060,0.05645818666864278,0.25260576333537704
2576,0.51162,5,6,5,599521,6089,105901,2055,0.05640260847011745,0.2523330058939096
2577,0.51163,2,18,2,599539,6071,105903,2053,0.05623587387454148,0.25270802560315114
2578,0.51164,0,14,0,599553,6057,105903,2053,0.056106191411315724,0.2531442663378545
2579,0.51165,6,37,6,599590,6020,105909,2047,0.05576345918707622,0.2537498450477253
2580,0.51166,1,31,1,599621,5989,105910,2046,0.05547630516136204,0.25463596764156815
2581,0.51167,10,36,10,599657,5953,105920,2036,0.05514283597021009,0.25485041932657404
2582,0.51168,6,43,6,599700,5910,105926,2030,0.05474452554744526,0.25566750629722923
2583,0.51169,1,9,1,599709,5901,105927,2029,0.05466115824965727,0.25586380832282474
2584,0.5117,0,8,0,599717,5893,105927,2029,0.054587053984956835,0.2561221913658167
2585,0.51172,0,1,0,599718,5892,105927,2029,0.05457779095186928,0.256154525943694
2586,0.51173,1,0,1,599718,5892,105928,2028,0.05457779095186928,0.25606060606060604
2587,0.51184,1,0,1,599718,5892,105929,2027,0.05457779095186928,0.255966662457381
2588,0.51185,0,4,0,599722,5888,105929,2027,0.05454073881951906,0.25609602021478206
2589,0.51186,1,3,1,599725,5885,105930,2026,0.0545129497202564,0.2560991025154848
2590,0.51187,1,9,1,599734,5876,105931,2025,0.05442958242246841,0.25629667130742945
2591,0.51188,1,4,1,599738,5872,105932,2024,0.054392530290118195,0.2563323201621074
2592,0.51189,0,1,0,599739,5871,105932,2024,0.05438326725703064,0.25636478784040534
2593,0.5119,0,2,0,599741,5869,105932,2024,0.054364741190855534,0.2564297478778665
2594,0.5121,0,1,0,599742,5868,105932,2024,0.05435547815776798,0.25646224024328435
2595,0.51212,0,2,0,599744,5866,105932,2024,0.05433695209159287,0.2565272496831432
2596,0.51214,0,1,0,599745,5865,105932,2024,0.05432768905850532,0.2565597667638484
2597,0.51215,0,4,0,599749,5861,105932,2024,0.0542906369261551,0.2566899175649968
2598,0.51216,0,2,0,599751,5859,105932,2024,0.05427211085997999,0.2567550424965115
2599,0.51217,2,2,2,599753,5857,105934,2022,0.05425358479380488,0.25663155222744005
2600,0.51218,0,1,0,599754,5856,105934,2022,0.05424432176071733,0.25666412795125665
2601,0.51219,0,3,0,599757,5853,105934,2022,0.05421653266145467,0.25676190476190475
2602,0.5122,0,3,0,599760,5850,105934,2022,0.054188743562192006,0.25685975609756095
2603,0.51221,0,6,0,599766,5844,105934,2022,0.05413316536366668,0.2570556826849733
2604,0.51222,2,3,2,599769,5841,105936,2020,0.054105376264404016,0.2569647627528304
2605,0.51223,1,5,1,599774,5836,105937,2019,0.05405906109896624,0.2570337364735837
2606,0.51224,3,2,3,599776,5834,105940,2016,0.05404053503279114,0.25681528662420383
2607,0.51225,3,6,3,599782,5828,105943,2013,0.05398495683426581,0.2567274582323683
2608,0.51226,1,3,1,599785,5825,105944,2012,0.05395716773500315,0.2567308919229297
2609,0.51228,1,0,1,599785,5825,105945,2011,0.05395716773500315,0.2566360387953037
2610,0.51229,2,2,2,599787,5823,105947,2009,0.053938641668828044,0.256511746680286
2611,0.5123,0,1,0,599788,5822,105947,2009,0.05392937863574049,0.25654450261780104
2612,0.51231,0,1,0,599789,5821,105947,2009,0.05392011560265293,0.2565772669220945
2613,0.51232,1,2,1,599791,5819,105948,2008,0.05390158953647783,0.25654784719560497
2614,0.51233,1,2,1,599793,5817,105949,2007,0.053883063470302715,0.25651840490797545
2615,0.51234,2,3,2,599796,5814,105951,2005,0.053855274371040054,0.2564266530246835
2616,0.51239,1,2,1,599798,5812,105952,2004,0.05383674830486494,0.2563971340839304
2617,0.5124,2,3,2,599801,5809,105954,2002,0.05380895920560228,0.25630521060043526
2618,0.51241,4,8,4,599809,5801,105958,1998,0.05373485494090185,0.2561866906013591
2619,0.51242,1,6,1,599815,5795,105959,1997,0.053679276742376526,0.25628850102669404
2620,0.51243,0,1,0,599816,5794,105959,1997,0.05367001370928897,0.2563213964831216
2621,0.51244,2,6,2,599822,5788,105961,1995,0.05361443551076364,0.2563278941282282
2622,0.51256,0,3,0,599825,5785,105961,1995,0.05358664641150098,0.256426735218509
2623,0.51257,0,1,0,599826,5784,105961,1995,0.053577383378413425,0.2564596991901273
2624,0.51258,1,9,1,599835,5775,105962,1994,0.05349401608062544,0.2566610889432359
2625,0.51259,4,15,4,599850,5760,105966,1990,0.053355070584312124,0.2567741935483871
2626,0.5126,2,22,2,599872,5738,105968,1988,0.053151283856385935,0.25731296919492624
2627,0.51261,6,27,6,599899,5711,105974,1982,0.05290118196302197,0.2576368126868582
2628,0.51262,6,40,6,599939,5671,105980,1976,0.052530660639519805,0.25840198770759776
2629,0.51263,10,35,10,599974,5636,105990,1966,0.05220645448145541,0.25861615364377794
2630,0.51264,11,21,11,599995,5615,106001,1955,0.05201193078661677,0.2582562747688243
2631,0.51265,11,25,11,600020,5590,106012,1944,0.05178035495942791,0.25803026280860103
2632,0.51266,9,17,9,600037,5573,106021,1935,0.051622883396939497,0.2577250932338839
2633,0.51267,11,22,11,600059,5551,106032,1924,0.0514190966690133,0.2573913043478261
2634,0.51268,10,32,10,600091,5519,106042,1914,0.051122679610211566,0.2575003363379524
2635,0.51269,17,31,17,600122,5488,106059,1897,0.05083552558449739,0.25687203791469193
2636,0.5127,19,45,19,600167,5443,106078,1878,0.05041868909555745,0.25652233301461547
2637,0.51271,10,47,10,600214,5396,106088,1868,0.0499833265404424,0.25715859030837
2638,0.51272,17,32,17,600246,5364,106105,1851,0.049686909481640666,0.25654885654885656
2639,0.51273,7,22,7,600268,5342,106112,1844,0.04948312275371448,0.25661007514611744
2640,0.51274,9,21,9,600289,5321,106121,1835,0.04928859905887584,0.25642817216321967
2641,0.51275,16,40,16,600329,5281,106137,1819,0.04891807773537367,0.2561971830985916
2642,0.51276,17,43,17,600372,5238,106154,1802,0.04851976731260884,0.2559659090909091
2643,0.51277,18,53,18,600425,5185,106172,1784,0.048028826558968465,0.25599081647295163
2644,0.51278,19,50,19,600475,5135,106191,1765,0.04756567490459076,0.25579710144927537
2645,0.51279,19,33,19,600508,5102,106210,1746,0.04725999481270147,0.254964953271028
2646,0.5128,3,8,3,600516,5094,106213,1743,0.047185890548001035,0.2549363756033348
2647,0.51281,1,1,1,600517,5093,106214,1742,0.047176627514913486,0.2548646671543526
2648,0.51282,2,2,2,600519,5091,106216,1740,0.047158101448738374,0.2547211242863417
2649,0.51283,6,13,6,600532,5078,106222,1734,0.04703768201860017,0.25455079271873166
2650,0.51284,10,14,10,600546,5064,106232,1724,0.04690799955537441,0.25397760754272247
2651,0.51285,19,67,19,600613,4997,106251,1705,0.04628737633850828,0.25440167114294243
2652,0.51286,22,59,22,600672,4938,106273,1683,0.045740857386342586,0.25419120978704124
2653,0.51287,30,50,30,600722,4888,106303,1653,0.04527770573196487,0.252713652346736
2654,0.51288,22,52,22,600774,4836,106325,1631,0.044796028011412053,0.25220349466522346
2655,0.51289,12,38,12,600812,4798,106337,1619,0.044444032754085,0.2522985818918498
2656,0.5129,7,20,7,600832,4778,106344,1612,0.04425877209233391,0.25226917057902976
2657,0.51291,8,9,8,600841,4769,106352,1604,0.044175404794545924,0.2516868037031226
2658,0.51292,0,6,0,600847,4763,106352,1604,0.0441198265960206,0.2519239830375373
2659,0.51293,0,1,0,600848,4762,106352,1604,0.044110563562933046,0.2519635563933396
2660,0.51294,2,1,2,600849,4761,106354,1602,0.04410130052984549,0.25176803394625175
2661,0.51295,1,6,1,600855,4755,106355,1601,0.04404572233132017,0.25188797986154815
2662,0.51296,3,2,3,600857,4753,106358,1598,0.044027196265145056,0.25161391906786335
2663,0.51297,3,6,3,600863,4747,106361,1595,0.043971618066619735,0.25149795017344684
2664,0.51298,1,4,1,600867,4743,106362,1594,0.04393456593426952,0.2515385829256746
2665,0.51299,2,3,2,600870,4740,106364,1592,0.04390677683500686,0.25142135186355025
2666,0.513,0,6,0,600876,4734,106364,1592,0.04385119863648153,0.2516598166297819
2667,0.51301,1,4,1,600880,4730,106365,1591,0.04381414650413131,0.25170068027210885
2668,0.51302,1,4,1,600884,4726,106366,1590,0.043777094371781095,0.25174160861304623
2669,0.51303,0,4,0,600888,4722,106366,1590,0.04374004223943088,0.25190114068441066
2670,0.51304,0,4,0,600892,4718,106366,1590,0.04370299010708066,0.25206087507926445
2671,0.51305,1,9,1,600901,4709,106367,1589,0.04361962280929267,0.25230231819625276
2672,0.51306,2,3,2,600904,4706,106369,1587,0.04359183371003001,0.25218496742412205
2673,0.51307,1,9,1,600913,4697,106370,1586,0.04350846641224203,0.2524271844660194
2674,0.51308,5,9,5,600922,4688,106375,1581,0.04342509911445404,0.2521933322698995
2675,0.51309,3,3,3,600925,4685,106378,1578,0.04339731001519138,0.25195593166214275
2676,0.5131,3,4,3,600929,4681,106381,1575,0.04336025788284116,0.25175831202046034
2677,0.51311,1,2,1,600931,4679,106382,1574,0.04334173181666605,0.2517191747960979
2678,0.51318,0,1,0,600932,4678,106382,1574,0.04333246878357849,0.25175943698016634
2679,0.51321,1,0,1,600932,4678,106383,1573,0.04333246878357849,0.2516397376419773
2680,0.51323,1,0,1,600932,4678,106384,1572,0.04333246878357849,0.25152
2681,0.51327,0,1,0,600933,4677,106384,1572,0.043323205750490944,0.2515602496399424
2682,0.51331,1,2,1,600935,4675,106385,1571,0.04330467968431583,0.25152097342299073
2683,0.51334,0,1,0,600936,4674,106385,1571,0.043295416651228276,0.25156124899919935
2684,0.51339,0,1,0,600937,4673,106385,1571,0.04328615361814073,0.2516015374759769
2685,0.5134,0,1,0,600938,4672,106385,1571,0.04327689058505317,0.2516418388595227
2686,0.51341,0,1,0,600939,4671,106385,1571,0.043267627551965615,0.25168215315603976
2687,0.51342,3,3,3,600942,4668,106388,1568,0.043239838452702954,0.2514432328415651
2688,0.51343,0,15,0,600957,4653,106388,1568,0.04310089295638964,0.2520495097251246
2689,0.51344,1,4,1,600961,4649,106389,1567,0.043063840824039426,0.2520913770913771
2690,0.51345,2,10,2,600971,4639,106391,1565,0.04297121049316388,0.2522566086395874
2691,0.51346,10,41,10,601012,4598,106401,1555,0.042591426136574156,0.25272224930928
2692,0.51347,3,25,3,601037,4573,106404,1552,0.04235985030938531,0.2533877551020408
2693,0.51348,5,12,5,601049,4561,106409,1547,0.042248693912334656,0.25327439423706616
2694,0.51349,9,25,9,601074,4536,106418,1538,0.0420171180851458,0.2532104050049391
2695,0.5135,0,24,0,601098,4512,106418,1538,0.0417948052910445,0.25421487603305787
2696,0.51351,0,5,0,601103,4507,106418,1538,0.041748490125606726,0.2544251447477254
2697,0.51352,0,1,0,601104,4506,106418,1538,0.04173922709251918,0.2544672402382528
2698,0.51363,0,1,0,601105,4505,106418,1538,0.04172996405943162,0.2545093496607645
2699,0.51366,0,5,0,601110,4500,106418,1538,0.04168364889399385,0.2547201059953627
2700,0.51367,0,3,0,601113,4497,106418,1538,0.04165585979473119,0.25484672742336373
2701,0.51368,0,3,0,601116,4494,106418,1538,0.041628070695468526,0.25497347480106103
2702,0.51369,1,3,1,601119,4491,106419,1537,0.04160028159620586,0.25497677504976773
2703,0.5137,0,1,0,601120,4490,106419,1537,0.04159101856311831,0.2550190808030529
2704,0.51371,0,3,0,601123,4487,106419,1537,0.04156322946385564,0.2551460823373174
2705,0.51394,0,2,0,601125,4485,106419,1537,0.04154470339768054,0.2552308203254733
2706,0.51395,0,1,0,601126,4484,106419,1537,0.04153544036459298,0.2552732104301611
2707,0.51396,0,3,0,601129,4481,106419,1537,0.04150765126533032,0.2554004652708541
2708,0.51397,1,2,1,601131,4479,106420,1536,0.041489125199155215,0.25536159600997504
2709,0.51398,0,4,0,601135,4475,106420,1536,0.041452073066805,0.25553152553651637
2710,0.51399,0,3,0,601138,4472,106420,1536,0.04142428396754233,0.255659121171771
2711,0.514,1,10,1,601148,4462,106421,1535,0.04133165363666679,0.2559613139903285
2712,0.51401,0,3,0,601151,4459,106421,1535,0.04130386453740413,0.2560894227560894
2713,0.51402,0,5,0,601156,4454,106421,1535,0.04125754937196636,0.2563032225747203
2714,0.51403,1,7,1,601163,4447,106422,1534,0.04119270814035348,0.2564788496906872
2715,0.51404,0,3,0,601166,4444,106422,1534,0.04116491904109081,0.2566075610572098
2716,0.51405,3,4,3,601170,4440,106425,1531,0.041127866908740596,0.2564059621503936
2717,0.51406,1,7,1,601177,4433,106426,1530,0.04106302567712772,0.25658225725306055
2718,0.51407,3,2,3,601179,4431,106429,1527,0.04104449961095261,0.25629405840886205
2719,0.51408,3,7,3,601186,4424,106432,1524,0.04097965837933973,0.2562205783456624
2720,0.51409,1,0,1,601186,4424,106433,1523,0.04097965837933973,0.2560955103413486
2721,0.5141,3,8,3,601194,4416,106436,1520,0.040905554114639295,0.2560646900269542
2722,0.51411,3,6,3,601200,4410,106439,1517,0.04084997591611397,0.25594735954108316
2723,0.51412,1,5,1,601205,4405,106440,1516,0.0408036607506762,0.2560378314473906
2724,0.51413,2,5,2,601210,4400,106442,1514,0.04075734558523843,0.2560027054447075
2725,0.51414,2,7,2,601217,4393,106444,1512,0.04069250435362555,0.25605419136325147
2726,0.51415,0,1,0,601218,4392,106444,1512,0.040683241320537994,0.25609756097560976
2727,0.51418,0,1,0,601219,4391,106444,1512,0.040673978287450445,0.25614094528206
2728,0.51419,0,2,0,601221,4389,106444,1512,0.04065545222127533,0.25622775800711745
2729,0.5142,4,17,4,601238,4372,106448,1508,0.04049798065878691,0.2564625850340136
2730,0.51421,5,5,5,601243,4367,106453,1503,0.040451665493349144,0.2560477001703578
2731,0.51422,2,8,2,601251,4359,106455,1501,0.04037756122864871,0.25614334470989764
2732,0.51423,5,7,5,601258,4352,106460,1496,0.04031271999703583,0.2558139534883721
2733,0.51424,2,2,2,601260,4350,106462,1494,0.04029419393086072,0.25564681724845995
2734,0.51425,0,3,0,601263,4347,106462,1494,0.04026640483159806,0.25577812018489987
2735,0.51426,0,7,0,601270,4340,106462,1494,0.04020156359998518,0.256085018854988
2736,0.51427,1,0,1,601270,4340,106463,1493,0.04020156359998518,0.25595748328475915
2737,0.51428,0,1,0,601271,4339,106463,1493,0.040192300566897626,0.25600137174211246
2738,0.51431,0,4,0,601275,4335,106463,1493,0.04015524843454741,0.2561770761839396
2739,0.51434,0,1,0,601276,4334,106463,1493,0.040145985401459854,0.2562210399862708
2740,0.51437,1,2,1,601278,4332,106464,1492,0.04012745933528475,0.25618131868131866
2741,0.51438,0,6,0,601284,4326,106464,1492,0.04007188113675942,0.2564455139223101
2742,0.51439,0,5,0,601289,4321,106464,1492,0.04002556597132165,0.25666609323929124
2743,0.5144,0,10,0,601299,4311,106464,1492,0.03993293564044611,0.2571083922109254
2744,0.51441,3,14,3,601313,4297,106467,1489,0.039803253177220346,0.25734531628067747
2745,0.51442,8,38,8,601351,4259,106475,1481,0.03945125791989329,0.25801393728223
2746,0.51443,9,43,9,601394,4216,106484,1472,0.03905294749712846,0.2587904360056259
2747,0.51444,10,32,10,601426,4184,106494,1462,0.038756530438326726,0.2589443854055969
2748,0.51445,10,32,10,601458,4152,106504,1452,0.03846011337952499,0.25910064239828695
2749,0.51446,12,43,12,601501,4109,106516,1440,0.03806180295676016,0.259506217336457
2750,0.51447,6,33,6,601534,4076,106522,1434,0.03775612286487087,0.2602540834845735
2751,0.51448,15,55,15,601589,4021,106537,1419,0.03724665604505539,0.26084558823529413
2752,0.51449,16,43,16,601632,3978,106553,1403,0.036848345622290564,0.2607322059096822
2753,0.5145,23,42,23,601674,3936,106576,1380,0.036459298232613284,0.2595936794582393
2754,0.51451,10,43,10,601717,3893,106586,1370,0.036060987809848455,0.26030780923427704
2755,0.51452,7,26,7,601743,3867,106593,1363,0.03582014894957205,0.2606118546845124
2756,0.51453,15,22,15,601765,3845,106608,1348,0.03561636222164585,0.259580204120932
2757,0.51454,6,11,6,601776,3834,106614,1342,0.03551446885768276,0.259273570324575
2758,0.51455,4,37,4,601813,3797,106618,1338,0.03517173663344325,0.26056475170399224
2759,0.51456,7,20,7,601833,3777,106625,1331,0.034986475971692174,0.2605716523101018
2760,0.51457,16,49,16,601882,3728,106641,1315,0.034532587350402016,0.2607574856236367
2761,0.51458,21,41,21,601923,3687,106662,1294,0.03415280299381229,0.25978719132704275
2762,0.51459,8,8,8,601931,3679,106670,1286,0.03407869872911186,0.25901309164149044
2763,0.5146,13,21,13,601952,3658,106683,1273,0.033884175034273226,0.25816264449401743
2764,0.51461,1,10,1,601962,3648,106684,1272,0.03379154470339768,0.25853658536585367
2765,0.51462,0,4,0,601966,3644,106684,1272,0.03375449257104746,0.25874694873881204
2766,0.51463,4,3,4,601969,3641,106688,1268,0.0337267034717848,0.2583010796496231
2767,0.51464,1,14,1,601983,3627,106689,1267,0.03359702100855904,0.25888843481814466
2768,0.51465,16,22,16,602005,3605,106705,1251,0.03339323428063285,0.2576194398682043
2769,0.51466,17,58,17,602063,3547,106722,1234,0.03285597836155471,0.2581049989541937
2770,0.51467,24,64,24,602127,3483,106746,1210,0.03226314424395124,0.25783081184743234
2771,0.51468,28,64,28,602191,3419,106774,1182,0.03167031012634777,0.2569006737665725
2772,0.51469,15,42,15,602233,3377,106789,1167,0.03128126273667049,0.25682218309859156
2773,0.5147,17,31,17,602264,3346,106806,1150,0.030994108710956314,0.2557829181494662
2774,0.51471,7,24,7,602288,3322,106813,1143,0.030771795916855017,0.25599104143337065
2775,0.51472,2,6,2,602294,3316,106815,1141,0.03071621771832969,0.2560017949293247
2776,0.51473,0,1,0,602295,3315,106815,1141,0.030706954685242135,0.25605924596050267
2777,0.51474,1,0,1,602295,3315,106816,1140,0.030706954685242135,0.2558922558922559
2778,0.51475,0,3,0,602298,3312,106816,1140,0.030679165585979475,0.2560646900269542
2779,0.51476,2,2,2,602300,3310,106818,1138,0.030660639519804366,0.2558453237410072
2780,0.51477,3,4,3,602304,3306,106821,1135,0.03062358738745415,0.25557306912857464
2781,0.51478,4,5,4,602309,3301,106825,1131,0.030577272222016377,0.2551895306859206
2782,0.5148,1,2,1,602311,3299,106826,1130,0.030558746155841268,0.25513659968390157
2783,0.51481,1,0,1,602311,3299,106827,1129,0.030558746155841268,0.2549683830171635
2784,0.51484,1,3,1,602314,3296,106828,1128,0.030530957056578607,0.2549728752260398
2785,0.51486,2,9,2,602323,3287,106830,1126,0.030447589758790618,0.2551552232041695
2786,0.51487,2,6,2,602329,3281,106832,1124,0.030392011560265293,0.2551645856980704
2787,0.51488,1,4,1,602333,3277,106833,1123,0.030354959427915076,0.25522727272727275
2788,0.51489,0,8,0,602341,3269,106833,1123,0.030280855163214642,0.2556921675774135
2789,0.5149,3,2,3,602343,3267,106836,1120,0.030262329097039534,0.2552997492591748
2790,0.51492,0,1,0,602344,3266,106836,1120,0.03025306606395198,0.2553579571363429
2791,0.51494,0,1,0,602345,3265,106836,1120,0.030243803030864425,0.2554161915621437
2792,0.51495,0,1,0,602346,3264,106836,1120,0.030234539997776873,0.25547445255474455
2793,0.51496,0,2,0,602348,3262,106836,1120,0.030216013931601764,0.25559105431309903
2794,0.51497,0,4,0,602352,3258,106836,1120,0.030178961799251548,0.25582457743261766
2795,0.51498,0,6,0,602358,3252,106836,1120,0.030123383600726222,0.2561756633119854
2796,0.51499,0,3,0,602361,3249,106836,1120,0.030095594501463558,0.25635156786449986
2797,0.515,1,1,1,602362,3248,106837,1119,0.030086331468376006,0.2562399816807877
2798,0.51501,2,1,2,602363,3247,106839,1117,0.03007706843528845,0.2559578368469294
2799,0.51502,1,7,1,602370,3240,106840,1116,0.030012227203675572,0.256198347107438
2800,0.51503,2,9,2,602379,3231,106842,1114,0.029928859905887582,0.2563866513233602
2801,0.51504,0,2,0,602381,3229,106842,1114,0.029910333839712474,0.2565047202394658
2802,0.51505,1,13,1,602394,3216,106843,1113,0.02978991440957427,0.2571032571032571
2803,0.51506,1,4,1,602398,3212,106844,1112,0.029752862277224054,0.25716928769657726
2804,0.51507,1,1,1,602399,3211,106845,1111,0.0297435992441365,0.25705691809347525
2805,0.51508,1,6,1,602405,3205,106846,1110,0.029688021045611176,0.2572421784472769
2806,0.51509,1,3,1,602408,3202,106847,1109,0.029660231946348512,0.25724889816747853
2807,0.5151,2,3,2,602411,3199,106849,1107,0.02963244284708585,0.25708313980492337
2808,0.51511,4,4,4,602415,3195,106853,1103,0.029595390714735634,0.25663099115867843
2809,0.51512,0,4,0,602419,3191,106853,1103,0.029558338582385418,0.2568700512342804
2810,0.51513,2,7,2,602426,3184,106855,1101,0.029493497350772536,0.2569428238039673
2811,0.51514,0,4,0,602430,3180,106855,1101,0.02945644521842232,0.25718290119131043
2812,0.51515,4,3,4,602433,3177,106859,1097,0.02942865611915966,0.2566682264857277
2813,0.51518,0,1,0,602434,3176,106859,1097,0.029419393086072103,0.25672829393868474
2814,0.51519,0,2,0,602436,3174,106859,1097,0.029400867019896994,0.2568485132287521
2815,0.5152,2,6,2,602442,3168,106861,1095,0.02934528882137167,0.2568613652357495
2816,0.51521,0,3,0,602445,3165,106861,1095,0.02931749972210901,0.25704225352112675
2817,0.51522,5,5,5,602450,3160,106866,1090,0.029271184556671236,0.2564705882352941
2818,0.51523,2,7,2,602457,3153,106868,1088,0.029206343325058358,0.2565432680971469
2819,0.51524,2,1,2,602458,3152,106870,1086,0.029197080291970802,0.25625294950448324
2820,0.51525,1,0,1,602458,3152,106871,1085,0.029197080291970802,0.25607741326410194
2821,0.51527,0,5,0,602463,3147,106871,1085,0.029150765126533033,0.2563799621928166
2822,0.51528,0,4,0,602467,3143,106871,1085,0.029113712994182816,0.25662251655629137
2823,0.51529,1,8,1,602475,3135,106872,1084,0.029039608729482382,0.2569329224934819
2824,0.5153,1,2,1,602477,3133,106873,1083,0.029021082663307274,0.2568785578747628
2825,0.51531,0,3,0,602480,3130,106873,1083,0.02899329356404461,0.2570614763826252
2826,0.51532,1,3,1,602483,3127,106874,1082,0.02896550446478195,0.25706818721786645
2827,0.51533,0,2,0,602485,3125,106874,1082,0.02894697839860684,0.2571903969574519
2828,0.51534,0,1,0,602486,3124,106874,1082,0.028937715365519284,0.2572515454113172
2829,0.51535,0,1,0,602487,3123,106874,1082,0.028928452332431732,0.25731272294887036
2830,0.51537,1,3,1,602490,3120,106875,1081,0.028900663233169067,0.2573196857890978
2831,0.51538,1,5,1,602495,3115,106876,1080,0.028854348067731298,0.25744934445768775
2832,0.51539,0,5,0,602500,3110,106876,1080,0.028808032902293525,0.2577565632458234
2833,0.5154,1,10,1,602510,3100,106877,1079,0.028715402571417987,0.2581957406078009
2834,0.51541,1,4,1,602514,3096,106878,1078,0.02867835043906777,0.2582654528030666
2835,0.51542,8,21,8,602535,3075,106886,1070,0.02848382674422913,0.25814234016887816
2836,0.51543,2,29,2,602564,3046,106888,1068,0.02821519878469006,0.25960136120563926
2837,0.51544,3,18,3,602582,3028,106891,1065,0.028048464189114084,0.260200342047398
2838,0.51545,4,27,4,602609,3001,106895,1061,0.02779836229575012,0.2612013786312162
2839,0.51546,3,19,3,602628,2982,106898,1058,0.02762236466708659,0.2618811881188119
2840,0.51547,1,13,1,602641,2969,106899,1057,0.027501945236948388,0.26254346746150026
2841,0.51548,8,28,8,602669,2941,106907,1049,0.02724258031049687,0.2629072681704261
2842,0.51549,5,16,5,602685,2925,106912,1044,0.027094371781096003,0.26303854875283444
2843,0.5155,15,22,15,602707,2903,106927,1029,0.02689058505316981,0.2616988809766022
2844,0.51551,10,28,10,602735,2875,106937,1019,0.026631220126718293,0.26168464304057526
2845,0.51552,7,16,7,602751,2859,106944,1012,0.026483011597317425,0.26143115474037715
2846,0.51553,11,30,11,602781,2829,106955,1001,0.0262051206046908,0.26135770234986944
2847,0.51554,6,8,6,602789,2821,106961,995,0.026131016339990366,0.2607442348008386
2848,0.51555,4,13,4,602802,2808,106965,991,0.026010596909852163,0.2608581205580416
2849,0.51556,7,22,7,602824,2786,106972,984,0.02580681018192597,0.2610079575596817
2850,0.51557,13,38,13,602862,2748,106985,971,0.02545481492459891,0.2610916913148696
2851,0.51558,13,23,13,602885,2725,106998,958,0.025241765163585166,0.2601140374694543
2852,0.51559,16,21,16,602906,2704,107014,942,0.025047241468746526,0.25836533187054306
2853,0.5156,11,24,11,602930,2680,107025,931,0.024824928674645225,0.2578233176405428
2854,0.51561,1,5,1,602935,2675,107026,930,0.024778613509207455,0.2579750346740638
2855,0.51563,2,5,2,602940,2670,107028,928,0.024732298343769683,0.2579210672595887
2856,0.51564,3,7,3,602947,2663,107031,925,0.024667457112156805,0.2578037904124861
2857,0.51565,7,7,7,602954,2656,107038,918,0.024602615880543924,0.25685506435366534
2858,0.51566,22,39,22,602993,2617,107060,896,0.02424135759012931,0.2550526615428409
2859,0.51567,14,28,14,603021,2589,107074,882,0.023981992663677794,0.2541054451166811
2860,0.51568,15,41,15,603062,2548,107089,867,0.023602208307088073,0.25387994143484627
2861,0.51569,14,30,14,603092,2518,107103,853,0.023324317314461447,0.25304064075941857
2862,0.5157,16,20,16,603112,2498,107119,837,0.023139056652710363,0.2509745127436282
2863,0.51571,5,17,5,603129,2481,107124,832,0.022981585090221943,0.25113190461817086
2864,0.51572,1,1,1,603130,2480,107125,831,0.022972322057134387,0.25098157656297193
2865,0.51573,1,2,1,603132,2478,107126,830,0.02295379599095928,0.250906892382104
2866,0.51575,2,3,2,603135,2475,107128,828,0.022926006891696618,0.2506811989100817
2867,0.51576,2,6,2,603141,2469,107130,826,0.022870428693171293,0.25068285280728375
2868,0.51577,0,9,0,603150,2460,107130,826,0.022787061395383303,0.2513694461351187
2869,0.51578,1,3,1,603153,2457,107131,825,0.022759272296120642,0.2513711151736746
2870,0.51579,1,2,1,603155,2455,107132,824,0.022740746229945534,0.25129612686794756
2871,0.5158,0,3,0,603158,2452,107132,824,0.02271295713068287,0.2515262515262515
2872,0.51581,0,1,0,603159,2451,107132,824,0.022703694097595317,0.2516030534351145
2873,0.51586,1,1,1,603160,2450,107133,823,0.02269443106450776,0.2514512679498931
2874,0.51587,1,3,1,603163,2447,107134,822,0.0226666419652451,0.2514530437442643
2875,0.51588,1,12,1,603175,2435,107135,821,0.02255548556819445,0.25214987714987713
2876,0.51589,6,3,6,603178,2432,107141,815,0.022527696468931786,0.25100092392978135
2877,0.5159,2,5,2,603183,2427,107143,813,0.022481381303494016,0.25092592592592594
2878,0.51591,1,5,1,603188,2422,107144,812,0.022435066138056244,0.2510822510822511
2879,0.51676,0,1,0,603189,2421,107144,812,0.02242580310496869,0.2511599133931333
2880,0.51678,1,4,1,603193,2417,107145,811,0.022388750972618474,0.25123915737298635
2881,0.51679,0,2,0,603195,2415,107145,811,0.022370224906443366,0.2513949163050217
2882,0.5168,0,1,0,603196,2414,107145,811,0.02236096187335581,0.2514728682170543
2883,0.51681,0,3,0,603199,2411,107145,811,0.02233317277409315,0.25170701427684666
2884,0.51704,0,1,0,603200,2410,107145,811,0.022323909741005597,0.25178515988823347
2885,0.51715,0,1,0,603201,2409,107145,811,0.02231464670791804,0.25186335403726706
2886,0.5172,0,1,0,603202,2408,107145,811,0.022305383674830488,0.251941596769183
2887,0.51721,0,12,0,603214,2396,107145,811,0.022194227277779838,0.25288431555971314
2888,0.51722,3,12,3,603226,2384,107148,808,0.022083070880729187,0.2531328320802005
2889,0.51723,2,30,2,603256,2354,107150,806,0.02180517988810256,0.25506329113924053
2890,0.51724,4,16,4,603272,2338,107154,802,0.021656971358701694,0.2554140127388535
2891,0.51725,10,42,10,603314,2296,107164,792,0.021267923969024417,0.25647668393782386
2892,0.51726,6,16,6,603330,2280,107170,786,0.02111971543962355,0.2563600782778865
2893,0.51727,1,13,1,603343,2267,107171,785,0.020999296009485347,0.2572083879423329
2894,0.51728,0,4,0,603347,2263,107171,785,0.02096224387713513,0.2575459317585302
2895,0.51729,0,3,0,603350,2260,107171,785,0.020934454777872466,0.25779967159277506
2896,0.51731,0,2,0,603352,2258,107171,785,0.020915928711697358,0.2579691094314821
2897,0.51741,0,1,0,603353,2257,107171,785,0.020906665678609805,0.25805391190006577
2898,0.51742,0,1,0,603354,2256,107171,785,0.02089740264552225,0.25813877014140085
2899,0.51743,0,4,0,603358,2252,107171,785,0.020860350513172032,0.2584787619361212
2900,0.51744,1,1,1,603359,2251,107172,784,0.02085108748008448,0.2583196046128501
2901,0.51745,0,6,0,603365,2245,107172,784,0.020795509281559155,0.2588312974579069
2902,0.51746,1,4,1,603369,2241,107173,783,0.020758457149208938,0.25892857142857145
2903,0.51747,0,4,0,603373,2237,107173,783,0.02072140501685872,0.25927152317880797
2904,0.51748,0,2,0,603375,2235,107173,783,0.020702878950683613,0.25944333996023855
2905,0.51749,0,1,0,603376,2234,107173,783,0.020693615917596057,0.25952933377527343
2906,0.51751,0,1,0,603377,2233,107173,783,0.020684352884508504,0.25961538461538464
2907,0.51769,0,1,0,603378,2232,107173,783,0.02067508985142095,0.25970149253731345
2908,0.51773,1,1,1,603379,2231,107174,782,0.020665826818333396,0.2595419847328244
2909,0.51774,0,2,0,603381,2229,107174,782,0.020647300752158287,0.25971438060445035
2910,0.51775,0,3,0,603384,2226,107174,782,0.020619511652895623,0.2599734042553192
2911,0.51776,0,9,0,603393,2217,107174,782,0.020536144355107637,0.26075358452817604
2912,0.51777,0,3,0,603396,2214,107174,782,0.020508355255844973,0.26101468624833113
2913,0.51778,0,1,0,603397,2213,107174,782,0.02049909222275742,0.26110183639399
2914,0.51779,2,1,2,603398,2212,107176,780,0.020489829189669864,0.2606951871657754
2915,0.5178,0,4,0,603402,2208,107176,780,0.020452777057319647,0.26104417670682734
2916,0.51781,1,1,1,603403,2207,107177,779,0.020443514024232095,0.2608841259209645
2917,0.51782,0,3,0,603406,2204,107177,779,0.02041572492496943,0.2611464968152866
2918,0.51783,2,5,2,603411,2199,107179,777,0.02036940975953166,0.2610887096774194
2919,0.51784,1,5,1,603416,2194,107180,776,0.02032309459409389,0.2612794612794613
2920,0.51786,0,1,0,603417,2193,107180,776,0.020313831561006336,0.26136746379252274
2921,0.51787,0,1,0,603418,2192,107180,776,0.02030456852791878,0.261455525606469
2922,0.51789,1,5,1,603423,2187,107181,775,0.02025825336248101,0.2616475354490209
2923,0.5179,1,2,1,603425,2185,107182,774,0.020239727296305902,0.2615748563703954
2924,0.51791,1,2,1,603427,2183,107183,773,0.020221201230130794,0.2615020297699594
2925,0.51792,2,1,2,603428,2182,107185,771,0.02021193819704324,0.2610904165255672
2926,0.51797,2,3,2,603431,2179,107187,769,0.020184149097780577,0.2608548168249661
2927,0.51798,2,3,2,603434,2176,107189,767,0.020156359998517916,0.26061841658171936
2928,0.51799,1,4,1,603438,2172,107190,766,0.0201193078661677,0.2607215793056501
2929,0.518,5,1,5,603439,2171,107195,761,0.020110044833080144,0.25954979536152795
2930,0.51801,0,1,0,603440,2170,107195,761,0.02010078179999259,0.25963834868645513
2931,0.51802,2,3,2,603443,2167,107197,759,0.020072992700729927,0.2593984962406015
2932,0.51803,0,2,0,603445,2165,107197,759,0.02005446663455482,0.2595759233926129
2933,0.51804,0,1,0,603446,2164,107197,759,0.020045203601467266,0.2596647280191584
2934,0.51807,1,0,1,603446,2164,107198,758,0.020045203601467266,0.2594113620807666
2935,0.51814,5,1,5,603447,2163,107203,753,0.02003594056837971,0.25823045267489714
2936,0.51815,0,2,0,603449,2161,107203,753,0.0200174145022046,0.25840768702814
2937,0.51816,2,4,2,603453,2157,107205,751,0.019980362369854385,0.25825309491059145
2938,0.51817,0,8,0,603461,2149,107205,751,0.01990625810515395,0.2589655172413793
2939,0.51818,0,19,0,603480,2130,107205,751,0.019730260476490423,0.26067337729954876
2940,0.51819,2,15,2,603495,2115,107207,749,0.019591314980177108,0.2615223463687151
2941,0.5182,10,25,10,603520,2090,107217,739,0.019359739152988255,0.2612230470130788
2942,0.51821,6,27,6,603547,2063,107223,733,0.019109637259624293,0.26216022889842633
2943,0.51822,5,18,5,603565,2045,107228,728,0.018942902664048317,0.2625315542733502
2944,0.51823,3,33,3,603598,2012,107231,725,0.018637222572159027,0.2648885641213007
2945,0.51824,1,7,1,603605,2005,107232,724,0.01857238134054615,0.2652986441920117
2946,0.51825,5,18,5,603623,1987,107237,719,0.018405646744970174,0.26570583887657057
2947,0.51826,17,28,17,603651,1959,107254,702,0.018146281818518656,0.2638105975197294
2948,0.51827,7,32,7,603683,1927,107261,695,0.01784986475971692,0.2650648360030511
2949,0.51828,11,42,11,603725,1885,107272,684,0.017460817370039645,0.2662514597119502
2950,0.51829,19,36,19,603761,1849,107291,665,0.017127348178887693,0.2645186953062848
2951,0.5183,10,33,10,603794,1816,107301,655,0.016821668086998406,0.2650748684743019
2952,0.51831,10,20,10,603814,1796,107311,645,0.016636407425247322,0.26423596886521916
2953,0.51832,10,24,10,603838,1772,107321,635,0.01641409463114602,0.2638138761944329
2954,0.51833,9,35,9,603873,1737,107330,626,0.016089888473081626,0.26491747778247987
2955,0.51834,15,59,15,603932,1678,107345,611,0.015543369520915928,0.2669287898645697
2956,0.51835,9,27,9,603959,1651,107354,602,0.015293267627551966,0.2671992898357745
2957,0.51836,17,31,17,603990,1620,107371,585,0.015006113601837786,0.2653061224489796
2958,0.51837,8,11,8,604001,1609,107379,577,0.01490422023787469,0.26395242451967066
2959,0.51838,7,17,7,604018,1592,107386,570,0.014746748675386268,0.26364477335800185
2960,0.51839,1,0,1,604018,1592,107387,569,0.014746748675386268,0.26330402591392876
2961,0.5184,0,4,0,604022,1588,107387,569,0.014709696543036051,0.26379230412610105
2962,0.51841,7,9,7,604031,1579,107394,562,0.014626329245248064,0.26249416160672584
2963,0.51842,7,15,7,604046,1564,107401,555,0.01448738374893475,0.26191599811231714
2964,0.51843,26,46,26,604092,1518,107427,529,0.014061284226907259,0.25842696629213485
2965,0.51844,18,31,18,604123,1487,107445,511,0.013774130201193079,0.25575575575575576
2966,0.51845,20,61,20,604184,1426,107465,491,0.013209085182852274,0.25612936880542514
2967,0.51846,24,40,24,604224,1386,107489,467,0.012838563859350106,0.2520237452779277
2968,0.51847,15,26,15,604250,1360,107504,452,0.012597724999073696,0.24944812362030905
2969,0.51848,12,27,12,604277,1333,107516,440,0.012347623105709733,0.24816694867456288
2970,0.51849,3,6,3,604283,1327,107519,437,0.012292044907184408,0.24773242630385486
2971,0.5185,2,4,2,604287,1323,107521,435,0.012254992774834191,0.24744027303754265
2972,0.51851,2,1,2,604288,1322,107523,433,0.012245729741746637,0.24672364672364672
2973,0.51852,0,1,0,604289,1321,107523,433,0.012236466708659082,0.24686431014823262
2974,0.51853,1,2,1,604291,1319,107524,432,0.012217940642483976,0.24671616219303255
2975,0.51854,2,10,2,604301,1309,107526,430,0.012125310311608434,0.24726854514088556
2976,0.51855,3,1,3,604302,1308,107529,427,0.01211604727852088,0.24610951008645532
2977,0.51856,2,3,2,604305,1305,107531,425,0.012088258179258217,0.24566473988439305
2978,0.51857,1,2,1,604307,1303,107532,424,0.012069732113083109,0.24551244933410538
2979,0.51858,4,4,4,604311,1299,107536,420,0.012032679980732892,0.2443280977312391
2980,0.51859,0,2,0,604313,1297,107536,420,0.012014153914557783,0.24461269656377402
2981,0.5186,0,3,0,604316,1294,107536,420,0.01198636481529512,0.24504084014002334
2982,0.51861,3,8,3,604324,1286,107539,417,0.011912260550594687,0.24486200822078685
2983,0.51862,0,2,0,604326,1284,107539,417,0.011893734484419579,0.24514991181657847
2984,0.51863,0,2,0,604328,1282,107539,417,0.01187520841824447,0.24543849323131253
2985,0.51864,2,5,2,604333,1277,107541,415,0.0118288932528067,0.24527186761229314
2986,0.51865,2,2,2,604335,1275,107543,413,0.01181036718663159,0.24466824644549762
2987,0.51866,4,4,4,604339,1271,107547,409,0.011773315054281374,0.24345238095238095
2988,0.51867,3,7,3,604346,1264,107550,406,0.011708473822668495,0.24311377245508983
2989,0.51868,5,9,5,604355,1255,107555,401,0.011625106524880507,0.24214975845410627
2990,0.51869,0,1,0,604356,1254,107555,401,0.011615843491792953,0.24229607250755286
2991,0.51898,0,1,0,604357,1253,107555,401,0.011606580458705398,0.24244256348246676
2992,0.51901,2,8,2,604365,1245,107557,399,0.011532476194004965,0.2427007299270073
2993,0.51902,1,5,1,604370,1240,107558,398,0.011486161028567194,0.24297924297924298
2994,0.51903,1,17,1,604387,1223,107559,397,0.011328689466078772,0.24506172839506174
2995,0.51904,3,21,3,604408,1202,107562,394,0.011134165771240136,0.24686716791979949
2996,0.51905,6,26,6,604434,1176,107568,388,0.010893326910963726,0.24808184143222506
2997,0.51906,4,22,4,604456,1154,107572,384,0.010689540183037534,0.24967490247074123
2998,0.51907,8,24,8,604480,1130,107580,376,0.010467227388936233,0.249667994687915
2999,0.51908,0,10,0,604490,1120,107580,376,0.010374597058060691,0.25133689839572193
3000,0.51909,2,4,2,604494,1116,107582,374,0.010337544925710474,0.25100671140939596
3001,0.5191,0,2,0,604496,1114,107582,374,0.010319018859535366,0.2513440860215054
3002,0.51912,1,3,1,604499,1111,107583,373,0.010291229760272703,0.25134770889487873
3003,0.51924,2,5,2,604504,1106,107585,371,0.010244914594834932,0.25118483412322273
3004,0.51925,2,3,2,604507,1103,107587,369,0.01021712549557227,0.250679347826087
3005,0.51926,2,2,2,604509,1101,107589,367,0.010198599429397161,0.25
3006,0.51928,0,1,0,604510,1100,107589,367,0.010189336396309607,0.2501704158145876
3007,0.51929,0,2,0,604512,1098,107589,367,0.010170810330134498,0.25051194539249144
3008,0.51952,0,2,0,604514,1096,107589,367,0.01015228426395939,0.2508544087491456
3009,0.51954,1,3,1,604517,1093,107590,366,0.010124495164696727,0.25085675119945167
3010,0.51955,1,6,1,604523,1087,107591,365,0.010068916966171404,0.2513774104683196
3011,0.51957,1,4,1,604527,1083,107592,364,0.010031864833821187,0.2515549412577747
3012,0.51958,3,4,3,604531,1079,107595,361,0.00999481270147097,0.25069444444444444
3013,0.5196,1,2,1,604533,1077,107596,360,0.009976286635295862,0.25052192066805845
3014,0.51961,0,10,0,604543,1067,107596,360,0.00988365630442032,0.25227750525578135
3015,0.51962,0,6,0,604549,1061,107596,360,0.009828078105894995,0.2533427163969036
3016,0.51963,2,9,2,604558,1052,107598,358,0.009744710808107007,0.25390070921985813
3017,0.51964,0,8,0,604566,1044,107598,358,0.009670606543406573,0.2553495007132668
3018,0.51965,0,2,0,604568,1042,107598,358,0.009652080477231465,0.2557142857142857
3019,0.51966,0,4,0,604572,1038,107598,358,0.009615028344881248,0.25644699140401145
3020,0.51967,0,4,0,604576,1034,107598,358,0.009577976212531031,0.257183908045977
3021,0.51968,0,1,0,604577,1033,107598,358,0.009568713179443477,0.2573687994248742
3022,0.51969,0,2,0,604579,1031,107598,358,0.009550187113268369,0.257739380849532
3023,0.5197,2,4,2,604583,1027,107600,356,0.009513134980918152,0.257411424439624
3024,0.51971,1,2,1,604585,1025,107601,355,0.009494608914743043,0.2572463768115942
3025,0.51972,3,5,3,604590,1020,107604,352,0.009448293749305272,0.2565597667638484
3026,0.51973,0,1,0,604591,1019,107604,352,0.009439030716217718,0.2567469000729395
3027,0.51978,1,4,1,604595,1015,107605,351,0.009401978583867501,0.2569546120058565
3028,0.51979,3,4,3,604599,1011,107608,348,0.009364926451517284,0.2560706401766004
3029,0.5198,1,5,1,604604,1006,107609,347,0.009318611286079513,0.2564671101256467
3030,0.51981,5,6,5,604610,1000,107614,342,0.009263033087554188,0.2548435171385991
3031,0.51982,4,3,4,604613,997,107618,338,0.009235243988291526,0.2531835205992509
3032,0.51983,2,1,2,604614,996,107620,336,0.009225980955203971,0.25225225225225223
3033,0.51984,0,1,0,604615,995,107620,336,0.009216717922116417,0.25244177310293014
3034,0.51986,0,2,0,604617,993,107620,336,0.009198191855941309,0.2528216704288939
3035,0.51988,0,1,0,604618,992,107620,336,0.009188928822853755,0.25301204819277107
3036,0.51989,2,5,2,604623,987,107622,334,0.009142613657415984,0.2528387585162756
3037,0.51991,0,1,0,604624,986,107622,334,0.00913335062432843,0.25303030303030305
3038,0.51994,1,5,1,604629,981,107623,333,0.009087035458890658,0.2534246575342466
3039,0.51995,0,3,0,604632,978,107623,333,0.009059246359627996,0.2540045766590389
3040,0.51996,0,7,0,604639,971,107623,333,0.008994405128015118,0.2553680981595092
3041,0.51997,2,3,2,604642,968,107625,331,0.008966616028752455,0.2548113933795227
3042,0.51998,3,5,3,604647,963,107628,328,0.008920300863314684,0.25406661502711075
3043,0.51999,4,16,4,604663,947,107632,324,0.008772092333913817,0.2549173878835563
3044,0.52,3,22,3,604685,925,107635,321,0.008568305605987625,0.2576243980738363
3045,0.52001,10,37,10,604722,888,107645,311,0.00822557338174812,0.25938281901584653
3046,0.52002,6,19,6,604741,869,107651,305,0.00804957575308459,0.25979557069846676
3047,0.52003,8,31,8,604772,838,107659,297,0.00776242172737041,0.2616740088105727
3048,0.52004,7,23,7,604795,815,107666,290,0.007549371966356664,0.26244343891402716
3049,0.52005,1,13,1,604808,802,107667,289,0.007428952536218459,0.2648945921173236
3050,0.52006,7,34,7,604842,768,107674,282,0.007114009411241617,0.26857142857142857
3051,0.52007,10,17,10,604859,751,107684,272,0.006956537848753196,0.26588465298142716
3052,0.52008,14,37,14,604896,714,107698,258,0.006613805624513691,0.2654320987654321
3053,0.52009,10,33,10,604929,681,107708,248,0.006308125532624402,0.26695371367061355
3054,0.5201,13,51,13,604980,630,107721,235,0.005835710845159139,0.27167630057803466
3055,0.52011,13,25,13,605005,605,107734,222,0.005604135017970284,0.26844014510278114
3056,0.52012,5,19,5,605024,586,107739,217,0.005428137389306755,0.27023661270236615
3057,0.52013,11,34,11,605058,552,107750,206,0.005113194264329912,0.2717678100263852
3058,0.52014,13,24,13,605082,528,107763,193,0.004890881470228612,0.26768377253814146
3059,0.52015,13,48,13,605130,480,107776,180,0.004446255882026011,0.2727272727272727
3060,0.52016,9,35,9,605165,445,107785,171,0.004122049723961614,0.2775974025974026
3061,0.52017,24,47,24,605212,398,107809,147,0.003686687168846567,0.26972477064220185
3062,0.52018,6,20,6,605232,378,107815,141,0.0035014265070954834,0.27167630057803466
3063,0.52019,1,5,1,605237,373,107816,140,0.0034551113416577124,0.2729044834307992
3064,0.5202,1,2,1,605239,371,107817,139,0.003436585275482604,0.2725490196078431
3065,0.52021,1,7,1,605246,364,107818,138,0.0033717440438697246,0.2749003984063745
3066,0.52022,7,6,7,605252,358,107825,131,0.0033161658453443998,0.26789366053169733
3067,0.52023,14,20,14,605272,338,107839,117,0.0031309051835933157,0.2571428571428571
3068,0.52024,8,25,8,605297,313,107847,109,0.002899329356404461,0.25829383886255924
3069,0.52025,13,31,13,605328,282,107860,96,0.002612175330690281,0.25396825396825395
3070,0.52026,13,50,13,605378,232,107873,83,0.002149023676312572,0.2634920634920635
3071,0.52027,10,32,10,605410,200,107883,73,0.0018526066175108377,0.2673992673992674
3072,0.52028,13,25,13,605435,175,107896,60,0.001621030790321983,0.2553191489361702
3073,0.52029,11,17,11,605452,158,107907,49,0.0014635592278335618,0.23671497584541062
3074,0.5203,3,3,3,605455,155,107910,46,0.0014357701285708992,0.22885572139303484
3075,0.52031,1,5,1,605460,150,107911,45,0.0013894549631331284,0.23076923076923078
3076,0.52032,3,3,3,605463,147,107914,42,0.0013616658638704658,0.2222222222222222
3077,0.52033,1,4,1,605467,143,107915,41,0.001324613731520249,0.22282608695652173
3078,0.52034,0,3,0,605470,140,107915,41,0.0012968246322575864,0.2265193370165746
3079,0.52035,2,9,2,605479,131,107917,39,0.0012134573344695988,0.22941176470588234
3080,0.52036,3,7,3,605486,124,107920,36,0.0011486161028567193,0.225
3081,0.52037,0,3,0,605489,121,107920,36,0.001120827003594057,0.22929936305732485
3082,0.52038,1,7,1,605496,114,107921,35,0.0010559857719811775,0.2348993288590604
3083,0.52039,0,1,0,605497,113,107921,35,0.0010467227388936233,0.23648648648648649
3084,0.52043,0,1,0,605498,112,107921,35,0.001037459705806069,0.23809523809523808
3085,0.52044,0,3,0,605501,109,107921,35,0.0010096706065434065,0.24305555555555555
3086,0.52045,2,0,2,605501,109,107923,33,0.0010096706065434065,0.2323943661971831
3087,0.52046,0,3,0,605504,106,107923,33,0.000981881507280744,0.23741007194244604
3088,0.52047,1,3,1,605507,103,107924,32,0.0009540924080180815,0.23703703703703705
3089,0.52048,5,4,5,605511,99,107929,27,0.0009170402756678647,0.21428571428571427
3090,0.52049,1,0,1,605511,99,107930,26,0.0009170402756678647,0.208
3091,0.52052,0,2,0,605513,97,107930,26,0.0008985142094927563,0.21138211382113822
3092,0.52078,0,2,0,605515,95,107930,26,0.000879988143317648,0.21487603305785125
3093,0.52079,0,1,0,605516,94,107930,26,0.0008707251102300938,0.21666666666666667
3094,0.5208,0,2,0,605518,92,107930,26,0.0008521990440549853,0.22033898305084745
3095,0.52083,0,1,0,605519,91,107930,26,0.0008429360109674311,0.2222222222222222
3096,0.52084,1,4,1,605523,87,107931,25,0.0008058838786172144,0.22321428571428573
3097,0.52086,1,6,1,605529,81,107932,24,0.0007503056800918893,0.22857142857142856
3098,0.52087,0,6,0,605535,75,107932,24,0.0006947274815665642,0.24242424242424243
3099,0.52088,0,4,0,605539,71,107932,24,0.0006576753492163474,0.25263157894736843
3100,0.52089,0,2,0,605541,69,107932,24,0.000639149283041239,0.25806451612903225
3101,0.5209,0,2,0,605543,67,107932,24,0.0006206232168661307,0.26373626373626374
3102,0.52091,1,1,1,605544,66,107933,23,0.0006113601837785765,0.25842696629213485
3103,0.52092,1,0,1,605544,66,107934,22,0.0006113601837785765,0.25
3104,0.52093,0,3,0,605547,63,107934,22,0.0005835710845159139,0.25882352941176473
3105,0.52094,0,1,0,605548,62,107934,22,0.0005743080514283597,0.2619047619047619
3106,0.52096,3,1,3,605549,61,107937,19,0.0005650450183408056,0.2375
3107,0.52097,1,0,1,605549,61,107938,18,0.0005650450183408056,0.22784810126582278
3108,0.52098,1,1,1,605550,60,107939,17,0.0005557819852532514,0.22077922077922077
3109,0.52099,0,2,0,605552,58,107939,17,0.000537255919078143,0.22666666666666666
3110,0.52103,0,1,0,605553,57,107939,17,0.0005279928859905888,0.22972972972972974
3111,0.52104,2,2,2,605555,55,107941,15,0.0005094668198154803,0.21428571428571427
3112,0.52105,1,4,1,605559,51,107942,14,0.00047241468746526364,0.2153846153846154
3113,0.52106,0,2,0,605561,49,107942,14,0.00045388862129015523,0.2222222222222222
3114,0.52108,0,1,0,605562,48,107942,14,0.0004446255882026011,0.22580645161290322
3115,0.52109,1,1,1,605563,47,107943,13,0.0004353625551150469,0.21666666666666667
3116,0.5211,0,1,0,605564,46,107943,13,0.00042609952202749267,0.22033898305084745
3117,0.52113,1,3,1,605567,43,107944,12,0.0003983104227648301,0.21818181818181817
3118,0.52114,3,3,3,605570,40,107947,9,0.00037052132350216756,0.1836734693877551
3119,0.52116,0,2,0,605572,38,107947,9,0.00035199525732705915,0.19148936170212766
3120,0.52268,0,1,0,605573,37,107947,9,0.000342732224239505,0.1956521739130435
3121,0.52275,0,1,0,605574,36,107947,9,0.0003334691911519508,0.2
3122,0.52353,0,1,0,605575,35,107947,9,0.0003242061580643966,0.20454545454545456
3123,0.52364,0,1,0,605576,34,107947,9,0.00031494312497684244,0.20930232558139536
3124,0.52379,0,1,0,605577,33,107947,9,0.00030568009188928824,0.21428571428571427
3125,0.52381,0,4,0,605581,29,107947,9,0.0002686279595390715,0.23684210526315788
3126,0.52383,1,1,1,605582,28,107948,8,0.0002593649264515173,0.2222222222222222
3127,0.52389,0,1,0,605583,27,107948,8,0.00025010189336396307,0.22857142857142856
3128,0.5239,1,0,1,605583,27,107949,7,0.00025010189336396307,0.20588235294117646
3129,0.52392,0,2,0,605585,25,107949,7,0.00023157582718885472,0.21875
3130,0.52393,1,0,1,605585,25,107950,6,0.00023157582718885472,0.1935483870967742
3131,0.52439,0,1,0,605586,24,107950,6,0.00022231279410130054,0.2
3132,0.52441,0,1,0,605587,23,107950,6,0.00021304976101374634,0.20689655172413793
3133,0.52445,0,1,0,605588,22,107950,6,0.00020378672792619216,0.21428571428571427
3134,0.52446,0,1,0,605589,21,107950,6,0.00019452369483863796,0.2222222222222222
3135,0.52453,0,1,0,605590,20,107950,6,0.00018526066175108378,0.23076923076923078
3136,0.5251,1,0,1,605590,20,107951,5,0.00018526066175108378,0.2
3137,0.52538,0,1,0,605591,19,107951,5,0.00017599762866352957,0.20833333333333334
3138,0.52546,1,0,1,605591,19,107952,4,0.00017599762866352957,0.17391304347826086
3139,0.52548,0,1,0,605592,18,107952,4,0.0001667345955759754,0.18181818181818182
3140,0.52551,0,1,0,605593,17,107952,4,0.00015747156248842122,0.19047619047619047
3141,0.52552,0,1,0,605594,16,107952,4,0.00014820852940086702,0.2
3142,0.52554,0,1,0,605595,15,107952,4,0.00013894549631331284,0.21052631578947367
3143,0.52561,0,2,0,605597,13,107952,4,0.00012041943013820446,0.23529411764705882
3144,0.52563,0,1,0,605598,12,107952,4,0.00011115639705065027,0.25
3145,0.52569,0,1,0,605599,11,107952,4,0.00010189336396309608,0.26666666666666666
3146,0.5257,1,1,1,605600,10,107953,3,9.263033087554189e-05,0.23076923076923078
3147,0.52574,1,0,1,605600,10,107954,2,9.263033087554189e-05,0.16666666666666666
3148,0.5288,1,0,1,605600,10,107955,1,9.263033087554189e-05,0.09090909090909091
3149,0.53015,0,1,0,605601,9,107955,1,8.33672977879877e-05,0.1
3150,0.53338,0,1,0,605602,8,107955,1,7.410426470043351e-05,0.1111111111111111
3151,0.53446,1,0,1,605602,8,107956,0,7.410426470043351e-05,0.0
3152,0.53892,0,1,0,605603,7,107956,0,6.484123161287932e-05,0.0
3153,0.54109,0,1,0,605604,6,107956,0,5.5578198525325135e-05,0.0
3154,0.54309,0,3,0,605607,3,107956,0,2.7789099262662567e-05,0.0
3155,0.54524,0,1,0,605608,2,107956,0,1.8526066175108377e-05,0.0
3156,0.54626,0,2,0,605610,0,107956,0,0.0,
