p,Neg,Pos,$\frac{\text{Pos}}{\text{Neg}+\text{Pos}}$,TN,FP,FN,TP,Prec,Rec,$\frac{\text{FP}}{\text{P}}$
0.0,"30,286","3,594",0.11,"30,286","575,324","3,594","104,362",0.15,0.97,5.33
0.05,"25,062","3,523",0.12,"55,348","550,262","7,117","100,839",0.15,0.93,5.10
0.1,"14,768","2,388",0.14,"70,116","535,494","9,505","98,451",0.16,0.91,4.96
0.15,"25,152","3,892",0.13,"95,268","510,342","13,397","94,559",0.16,0.88,4.73
0.2,"17,627","2,764",0.14,"112,895","492,715","16,161","91,795",0.16,0.85,4.56
0.25,"36,999","5,432",0.13,"149,894","455,716","21,593","86,363",0.16,0.80,4.22
0.3,"36,722","5,073",0.12,"186,616","418,994","26,666","81,290",0.16,0.75,3.88
0.35,"59,583","8,275",0.12,"246,199","359,411","34,941","73,015",0.17,0.68,3.33
0.4,"106,800","17,087",0.14,"352,999","252,611","52,028","55,928",0.18,0.52,2.34
0.45,"70,275","12,695",0.15,"423,274","182,336","64,723","43,233",0.19,0.40,1.69
0.5,"46,906","9,455",0.17,"470,180","135,430","74,178","33,778",0.20,0.31,1.25
0.55,"22,475","5,081",0.18,"492,655","112,955","79,259","28,697",0.20,0.27,1.05
0.6,"30,364","6,583",0.18,"523,019","82,591","85,842","22,114",0.21,0.20,0.77
0.65,"19,072","4,204",0.18,"542,091","63,519","90,046","17,910",0.22,0.17,0.59
0.7,"10,421","2,515",0.19,"552,512","53,098","92,561","15,395",0.22,0.14,0.49
0.75,"8,234","1,967",0.19,"560,746","44,864","94,528","13,428",0.23,0.12,0.42
0.8,"7,556","1,916",0.20,"568,302","37,308","96,444","11,512",0.24,0.11,0.35
0.85,"4,270","1,112",0.21,"572,572","33,038","97,556","10,400",0.24,0.10,0.31
0.9,"7,621","2,036",0.21,"580,193","25,417","99,592","8,364",0.25,0.08,0.24
0.95,"6,884","1,944",0.22,"587,077","18,533","101,536","6,420",0.26,0.06,0.17
1.0,"18,533","6,420",0.26,"605,610",0,"107,956",0,nan,0.00,0.00
