p,Neg,Pos,mPrec,TN,FP,FN,TP,Prec,Rec,FP/P,$\hat{p}$
0.0,1,0,0.00,1,"605,609",0,"107,956",0.15,1.00,5.61,1.00
0.1,"7,546",812,0.10,"7,547","598,063",812,"107,144",0.15,0.99,5.54,0.99
0.2,"35,942","6,132",0.15,"43,489","562,121","6,944","101,012",0.15,0.94,5.21,0.93
0.3,"15,644","2,358",0.13,"59,133","546,477","9,302","98,654",0.15,0.91,5.06,0.90
0.4,"158,474","16,550",0.09,"217,607","388,003","25,852","82,104",0.17,0.76,3.59,0.66
0.5,"379,583","79,528",0.17,"597,190","8,420","105,380","2,576",0.23,0.02,0.08,0.02
0.6,"7,861","2,344",0.23,"605,051",559,"107,724",232,0.29,0.00,0.01,0.00
0.7,535,229,0.30,"605,586",24,"107,953",3,0.11,0.00,0.00,0.00
0.8,13,2,0.13,"605,599",11,"107,955",1,0.08,0.00,0.00,0.00
0.9,2,0,0.00,"605,601",9,"107,955",1,0.10,0.00,0.00,0.00
1.0,9,1,0.10,"605,610",0,"107,956",0,nan,0.00,0.00,0.00
