,min,max,Neg,Pos,$\frac{\text{Pos}}{\text{Neg}+\text{Pos}}$,TN,FP,FN,TP,Prec,Rec,FP/P
0,0.498982,0.499497,"27,613",390,0.0139,"27,613","577,997",390,"107,566",0.1569,0.9964,5.3540
1,0.499497,0.499597,"39,445","1,000",0.0247,"67,058","538,552","1,390","106,566",0.1652,0.9871,4.9886
2,0.499597,0.499646,"28,674","1,000",0.0337,"95,732","509,878","2,390","105,566",0.1715,0.9779,4.7230
3,0.499646,0.499682,"24,681","1,000",0.0389,"120,413","485,197","3,390","104,566",0.1773,0.9686,4.4944
4,0.499682,0.499709,"20,878","1,000",0.0457,"141,291","464,319","4,390","103,566",0.1824,0.9593,4.3010
5,0.499709,0.499730,"17,694","1,000",0.0535,"158,985","446,625","5,390","102,566",0.1868,0.9501,4.1371
6,0.499730,0.499749,"16,910","1,000",0.0558,"175,895","429,715","6,390","101,566",0.1912,0.9408,3.9805
7,0.499749,0.499766,"15,003","1,000",0.0625,"190,898","414,712","7,390","100,566",0.1952,0.9315,3.8415
8,0.499766,0.499781,"14,840","1,000",0.0631,"205,738","399,872","8,390","99,566",0.1994,0.9223,3.7040
9,0.499781,0.499796,"14,106","1,000",0.0662,"219,844","385,766","9,390","98,566",0.2035,0.9130,3.5734
10,0.499796,0.499808,"12,402","1,000",0.0746,"232,246","373,364","10,390","97,566",0.2072,0.9038,3.4585
11,0.499808,0.499820,"11,914","1,000",0.0774,"244,160","361,450","11,390","96,566",0.2108,0.8945,3.3481
12,0.499820,0.499831,"10,806","1,000",0.0847,"254,966","350,644","12,390","95,566",0.2142,0.8852,3.2480
13,0.499831,0.499841,"10,696","1,000",0.0855,"265,662","339,948","13,390","94,566",0.2176,0.8760,3.1489
14,0.499841,0.499851,"10,003","1,000",0.0909,"275,665","329,945","14,390","93,566",0.2209,0.8667,3.0563
15,0.499851,0.499861,"9,990","1,000",0.0910,"285,655","319,955","15,390","92,566",0.2244,0.8574,2.9638
16,0.499861,0.499870,"9,078","1,000",0.0992,"294,733","310,877","16,390","91,566",0.2275,0.8482,2.8797
17,0.499870,0.499878,"8,723","1,000",0.1028,"303,456","302,154","17,390","90,566",0.2306,0.8389,2.7989
18,0.499878,0.499886,"8,494","1,000",0.1053,"311,950","293,660","18,390","89,566",0.2337,0.8297,2.7202
19,0.499886,0.499894,"8,041","1,000",0.1106,"319,991","285,619","19,390","88,566",0.2367,0.8204,2.6457
20,0.499894,0.499902,"8,295","1,000",0.1076,"328,286","277,324","20,390","87,566",0.2400,0.8111,2.5689
21,0.499902,0.499910,"7,800","1,000",0.1136,"336,086","269,524","21,390","86,566",0.2431,0.8019,2.4966
22,0.499910,0.499917,"7,375","1,000",0.1194,"343,461","262,149","22,390","85,566",0.2461,0.7926,2.4283
23,0.499917,0.499924,"7,165","1,000",0.1225,"350,626","254,984","23,390","84,566",0.2491,0.7833,2.3619
24,0.499924,0.499931,"7,091","1,000",0.1236,"357,717","247,893","24,390","83,566",0.2521,0.7741,2.2962
25,0.499931,0.499938,"6,655","1,000",0.1306,"364,372","241,238","25,390","82,566",0.2550,0.7648,2.2346
26,0.499938,0.499945,"6,924","1,000",0.1262,"371,296","234,314","26,390","81,566",0.2582,0.7555,2.1705
27,0.499945,0.499952,"6,669","1,000",0.1304,"377,965","227,645","27,390","80,566",0.2614,0.7463,2.1087
28,0.499952,0.499958,"6,023","1,000",0.1424,"383,988","221,622","28,390","79,566",0.2642,0.7370,2.0529
29,0.499958,0.499965,"6,351","1,000",0.1360,"390,339","215,271","29,390","78,566",0.2674,0.7278,1.9941
30,0.499965,0.499971,"5,831","1,000",0.1464,"396,170","209,440","30,390","77,566",0.2703,0.7185,1.9400
31,0.499971,0.499977,"5,601","1,000",0.1515,"401,771","203,839","31,390","76,566",0.2731,0.7092,1.8882
32,0.499977,0.499983,"5,661","1,000",0.1501,"407,432","198,178","32,390","75,566",0.2760,0.7000,1.8357
33,0.499983,0.499990,"5,882","1,000",0.1453,"413,314","192,296","33,390","74,566",0.2794,0.6907,1.7812
34,0.499990,0.499995,"5,236","1,000",0.1604,"418,550","187,060","34,390","73,566",0.2823,0.6814,1.7327
35,0.499995,0.500001,"5,215","1,000",0.1609,"423,765","181,845","35,390","72,566",0.2852,0.6722,1.6844
36,0.500001,0.500007,"5,175","1,000",0.1619,"428,940","176,670","36,390","71,566",0.2883,0.6629,1.6365
37,0.500007,0.500013,"5,064","1,000",0.1649,"434,004","171,606","37,390","70,566",0.2914,0.6537,1.5896
38,0.500013,0.500019,"4,913","1,000",0.1691,"438,917","166,693","38,390","69,566",0.2944,0.6444,1.5441
39,0.500019,0.500025,"4,833","1,000",0.1714,"443,750","161,860","39,390","68,566",0.2976,0.6351,1.4993
40,0.500025,0.500031,"4,505","1,000",0.1817,"448,255","157,355","40,390","67,566",0.3004,0.6259,1.4576
41,0.500031,0.500036,"4,702","1,000",0.1754,"452,957","152,653","41,390","66,566",0.3037,0.6166,1.4140
42,0.500036,0.500042,"4,568","1,000",0.1796,"457,525","148,085","42,390","65,566",0.3069,0.6073,1.3717
43,0.500042,0.500048,"4,296","1,000",0.1888,"461,821","143,789","43,390","64,566",0.3099,0.5981,1.3319
44,0.500048,0.500054,"4,517","1,000",0.1813,"466,338","139,272","44,390","63,566",0.3134,0.5888,1.2901
45,0.500054,0.500059,"3,994","1,000",0.2002,"470,332","135,278","45,390","62,566",0.3162,0.5796,1.2531
46,0.500059,0.500064,"3,594","1,000",0.2177,"473,926","131,684","46,390","61,566",0.3186,0.5703,1.2198
47,0.500064,0.500069,"3,984","1,000",0.2006,"477,910","127,700","47,390","60,566",0.3217,0.5610,1.1829
48,0.500069,0.500075,"3,871","1,000",0.2053,"481,781","123,829","48,390","59,566",0.3248,0.5518,1.1470
49,0.500075,0.500080,"3,636","1,000",0.2157,"485,417","120,193","49,390","58,566",0.3276,0.5425,1.1134
50,0.500080,0.500086,"3,800","1,000",0.2083,"489,217","116,393","50,390","57,566",0.3309,0.5332,1.0782
51,0.500086,0.500091,"3,787","1,000",0.2089,"493,004","112,606","51,390","56,566",0.3344,0.5240,1.0431
52,0.500091,0.500097,"3,641","1,000",0.2155,"496,645","108,965","52,390","55,566",0.3377,0.5147,1.0093
53,0.500097,0.500103,"3,693","1,000",0.2131,"500,338","105,272","53,390","54,566",0.3414,0.5054,0.9751
54,0.500103,0.500108,"3,370","1,000",0.2288,"503,708","101,902","54,390","53,566",0.3445,0.4962,0.9439
55,0.500108,0.500114,"3,409","1,000",0.2268,"507,117","98,493","55,390","52,566",0.3480,0.4869,0.9123
56,0.500114,0.500120,"3,498","1,000",0.2223,"510,615","94,995","56,390","51,566",0.3518,0.4777,0.8799
57,0.500120,0.500125,"3,158","1,000",0.2405,"513,773","91,837","57,390","50,566",0.3551,0.4684,0.8507
58,0.500125,0.500131,"3,177","1,000",0.2394,"516,950","88,660","58,390","49,566",0.3586,0.4591,0.8213
59,0.500131,0.500136,"3,000","1,000",0.2500,"519,950","85,660","59,390","48,566",0.3618,0.4499,0.7935
60,0.500136,0.500142,"3,063","1,000",0.2461,"523,013","82,597","60,390","47,566",0.3654,0.4406,0.7651
61,0.500142,0.500148,"3,066","1,000",0.2459,"526,079","79,531","61,390","46,566",0.3693,0.4313,0.7367
62,0.500148,0.500154,"2,889","1,000",0.2571,"528,968","76,642","62,390","45,566",0.3729,0.4221,0.7099
63,0.500154,0.500160,"2,806","1,000",0.2627,"531,774","73,836","63,390","44,566",0.3764,0.4128,0.6839
64,0.500160,0.500166,"2,875","1,000",0.2581,"534,649","70,961","64,390","43,566",0.3804,0.4036,0.6573
65,0.500166,0.500171,"2,595","1,000",0.2782,"537,244","68,366","65,390","42,566",0.3837,0.3943,0.6333
66,0.500171,0.500177,"2,607","1,000",0.2772,"539,851","65,759","66,390","41,566",0.3873,0.3850,0.6091
67,0.500177,0.500183,"2,716","1,000",0.2691,"542,567","63,043","67,390","40,566",0.3915,0.3758,0.5840
68,0.500183,0.500190,"2,653","1,000",0.2737,"545,220","60,390","68,390","39,566",0.3958,0.3665,0.5594
69,0.500190,0.500195,"2,328","1,000",0.3005,"547,548","58,062","69,390","38,566",0.3991,0.3572,0.5378
70,0.500195,0.500201,"2,428","1,000",0.2917,"549,976","55,634","70,390","37,566",0.4031,0.3480,0.5153
71,0.500201,0.500208,"2,508","1,000",0.2851,"552,484","53,126","71,390","36,566",0.4077,0.3387,0.4921
72,0.500208,0.500215,"2,326","1,000",0.3007,"554,810","50,800","72,390","35,566",0.4118,0.3294,0.4706
73,0.500215,0.500221,"2,179","1,000",0.3146,"556,989","48,621","73,390","34,566",0.4155,0.3202,0.4504
74,0.500221,0.500228,"2,260","1,000",0.3067,"559,249","46,361","74,390","33,566",0.4200,0.3109,0.4294
75,0.500228,0.500234,"2,170","1,000",0.3155,"561,419","44,191","75,390","32,566",0.4243,0.3017,0.4093
76,0.500234,0.500241,"1,930","1,000",0.3413,"563,349","42,261","76,390","31,566",0.4276,0.2924,0.3915
77,0.500241,0.500247,"1,981","1,001",0.3357,"565,330","40,280","77,391","30,565",0.4314,0.2831,0.3731
78,0.500247,0.500255,"2,040","1,000",0.3289,"567,370","38,240","78,391","29,565",0.4360,0.2739,0.3542
79,0.500255,0.500262,"1,896","1,000",0.3453,"569,266","36,344","79,391","28,565",0.4401,0.2646,0.3367
80,0.500262,0.500269,"2,015","1,000",0.3317,"571,281","34,329","80,391","27,565",0.4454,0.2553,0.3180
81,0.500269,0.500277,"1,876","1,000",0.3477,"573,157","32,453","81,391","26,565",0.4501,0.2461,0.3006
82,0.500277,0.500284,"1,826","1,000",0.3539,"574,983","30,627","82,391","25,565",0.4550,0.2368,0.2837
83,0.500284,0.500292,"1,674","1,000",0.3740,"576,657","28,953","83,391","24,565",0.4590,0.2275,0.2682
84,0.500292,0.500300,"1,705","1,000",0.3697,"578,362","27,248","84,391","23,565",0.4638,0.2183,0.2524
85,0.500300,0.500309,"1,737","1,000",0.3654,"580,099","25,511","85,391","22,565",0.4694,0.2090,0.2363
86,0.500309,0.500317,"1,561","1,000",0.3905,"581,660","23,950","86,391","21,565",0.4738,0.1998,0.2218
87,0.500317,0.500325,"1,457","1,000",0.4070,"583,117","22,493","87,391","20,565",0.4776,0.1905,0.2084
88,0.500325,0.500334,"1,560","1,000",0.3906,"584,677","20,933","88,391","19,565",0.4831,0.1812,0.1939
89,0.500334,0.500343,"1,412","1,000",0.4146,"586,089","19,521","89,391","18,565",0.4874,0.1720,0.1808
90,0.500343,0.500352,"1,414","1,000",0.4143,"587,503","18,107","90,391","17,565",0.4924,0.1627,0.1677
91,0.500352,0.500361,"1,410","1,000",0.4149,"588,913","16,697","91,391","16,565",0.4980,0.1534,0.1547
92,0.500361,0.500372,"1,326","1,000",0.4299,"590,239","15,371","92,391","15,565",0.5031,0.1442,0.1424
93,0.500372,0.500382,"1,236","1,000",0.4472,"591,475","14,135","93,391","14,565",0.5075,0.1349,0.1309
94,0.500382,0.500393,"1,299","1,000",0.4350,"592,774","12,836","94,391","13,565",0.5138,0.1257,0.1189
95,0.500393,0.500405,"1,175","1,000",0.4598,"593,949","11,661","95,391","12,565",0.5187,0.1164,0.1080
96,0.500405,0.500418,"1,267","1,000",0.4411,"595,216","10,394","96,391","11,565",0.5267,0.1071,0.0963
97,0.500418,0.500432,"1,165","1,000",0.4619,"596,381","9,229","97,391","10,565",0.5337,0.0979,0.0855
98,0.500432,0.500446,"1,086","1,000",0.4794,"597,467","8,143","98,391","9,565",0.5402,0.0886,0.0754
99,0.500446,0.500461,"1,084","1,000",0.4798,"598,551","7,059","99,391","8,565",0.5482,0.0793,0.0654
100,0.500461,0.500479,"1,000","1,013",0.5032,"599,551","6,059","100,404","7,552",0.5548,0.0700,0.0561
101,0.500479,0.500499,"1,059","1,000",0.4857,"600,610","5,000","101,404","6,552",0.5672,0.0607,0.0463
102,0.500499,0.500522,"1,000","1,031",0.5076,"601,610","4,000","102,435","5,521",0.5799,0.0511,0.0371
103,0.500522,0.500553,"1,000","1,138",0.5323,"602,610","3,000","103,573","4,383",0.5937,0.0406,0.0278
104,0.500553,0.500592,"1,000","1,124",0.5292,"603,610","2,000","104,697","3,259",0.6197,0.0302,0.0185
105,0.500592,0.500657,"1,000","1,323",0.5695,"604,610","1,000","106,020","1,936",0.6594,0.0179,0.0093
106,0.500657,0.501069,"1,000","1,936",0.6594,"605,610",0,"107,956",0,nan,0.0000,0.0000
