p,Neg,Pos,$\frac{\text{Pos}}{\text{Neg}+\text{Pos}}$,TN,FP,FN,TP,Prec,Rec,$\frac{\text{FP}}{\text{P}}$
0.0,"60,561","1,201",0.02,"60,561","545,049","1,201","106,755",0.16,0.99,5.05
0.05,"22,809",724,0.03,"83,370","522,240","1,925","106,031",0.17,0.98,4.84
0.1,"27,256","1,078",0.04,"110,626","494,984","3,003","104,953",0.17,0.97,4.59
0.15,"32,076","1,458",0.04,"142,702","462,908","4,461","103,495",0.18,0.96,4.29
0.2,"36,385","2,121",0.06,"179,087","426,523","6,582","101,374",0.19,0.94,3.95
0.25,"40,084","2,786",0.06,"219,171","386,439","9,368","98,588",0.20,0.91,3.58
0.3,"42,368","3,647",0.08,"261,539","344,071","13,015","94,941",0.22,0.88,3.19
0.35,"43,627","4,599",0.10,"305,166","300,444","17,614","90,342",0.23,0.84,2.78
0.4,"42,975","5,480",0.11,"348,141","257,469","23,094","84,862",0.25,0.79,2.38
0.45,"41,248","6,116",0.13,"389,389","216,221","29,210","78,746",0.27,0.73,2.00
0.5,"38,545","6,913",0.15,"427,934","177,676","36,123","71,833",0.29,0.67,1.65
0.55,"34,480","7,463",0.18,"462,414","143,196","43,586","64,370",0.31,0.60,1.33
0.6,"30,184","7,611",0.20,"492,598","113,012","51,197","56,759",0.33,0.53,1.05
0.65,"25,308","7,541",0.23,"517,906","87,704","58,738","49,218",0.36,0.46,0.81
0.7,"21,091","7,301",0.26,"538,997","66,613","66,039","41,917",0.39,0.39,0.62
0.75,"16,772","6,785",0.29,"555,769","49,841","72,824","35,132",0.41,0.33,0.46
0.8,"12,970","6,295",0.33,"568,739","36,871","79,119","28,837",0.44,0.27,0.34
0.85,"9,964","5,487",0.36,"578,703","26,907","84,606","23,350",0.46,0.22,0.25
0.9,"7,604","5,009",0.40,"586,307","19,303","89,615","18,341",0.49,0.17,0.18
0.95,"5,717","4,184",0.42,"592,024","13,586","93,799","14,157",0.51,0.13,0.13
1.0,"13,586","14,157",0.51,"605,610",0,"107,956",0,nan,0.00,0.00
