p,Neg,Pos,$\frac{\text{Pos}}{\text{Neg}+\text{Pos}}$,TN,FP,FN,TP,Prec,Rec,$\frac{\text{FP}}{\text{P}}$
0.0,"60,561","8,086",0.12,"60,561","545,049","8,086","99,870",0.15,0.93,5.05
0.05,"17,731","2,143",0.11,"78,292","527,318","10,229","97,727",0.16,0.91,4.88
0.1,"21,729","2,826",0.12,"100,021","505,589","13,055","94,901",0.16,0.88,4.68
0.15,"21,902","3,005",0.12,"121,923","483,687","16,060","91,896",0.16,0.85,4.48
0.2,"22,414","3,244",0.13,"144,337","461,273","19,304","88,652",0.16,0.82,4.27
0.25,"21,891","3,342",0.13,"166,228","439,382","22,646","85,310",0.16,0.79,4.07
0.3,"21,592","3,430",0.14,"187,820","417,790","26,076","81,880",0.16,0.76,3.87
0.35,"18,034","3,236",0.15,"205,854","399,756","29,312","78,644",0.16,0.73,3.70
0.4,"15,263","2,757",0.15,"221,117","384,493","32,069","75,887",0.16,0.70,3.56
0.45,"13,908","2,582",0.16,"235,025","370,585","34,651","73,305",0.17,0.68,3.43
0.5,"46,858","4,042",0.08,"281,883","323,727","38,693","69,263",0.18,0.64,3.00
0.55,"150,514","18,907",0.11,"432,397","173,213","57,600","50,356",0.23,0.47,1.60
0.6,"76,873","21,831",0.22,"509,270","96,340","79,431","28,525",0.23,0.26,0.89
0.65,"16,979","7,543",0.31,"526,249","79,361","86,974","20,982",0.21,0.19,0.74
0.7,"8,686","2,066",0.19,"534,935","70,675","89,040","18,916",0.21,0.18,0.65
0.75,"7,992","1,729",0.18,"542,927","62,683","90,769","17,187",0.22,0.16,0.58
0.8,"6,882","1,592",0.19,"549,809","55,801","92,361","15,595",0.22,0.14,0.52
0.85,"5,639","1,395",0.20,"555,448","50,162","93,756","14,200",0.22,0.13,0.46
0.9,"4,818","1,259",0.21,"560,266","45,344","95,015","12,941",0.22,0.12,0.42
0.95,"4,503","1,107",0.20,"564,769","40,841","96,122","11,834",0.22,0.11,0.38
1.0,"40,841","11,834",0.22,"605,610",0,"107,956",0,nan,0.00,0.00
