p,Neg,Pos,$\frac{\text{Pos}}{\text{Neg}+\text{Pos}}$,TN,FP,FN,TP,Prec,Rec,$\frac{\text{FP}}{\text{P}}$
0.0,1,0,0.00,1,"605,609",0,"107,956",0.15,1.00,5.61
0.1,285,3,0.01,286,"605,324",3,"107,953",0.15,1.00,5.61
0.2,"9,772",97,0.01,"10,058","595,552",100,"107,856",0.15,1.00,5.52
0.3,"67,572","1,639",0.02,"77,630","527,980","1,739","106,217",0.17,0.98,4.89
0.4,"174,043","10,405",0.06,"251,673","353,937","12,144","95,812",0.21,0.89,3.28
0.5,"203,582","29,771",0.13,"455,255","150,355","41,915","66,041",0.31,0.61,1.39
0.6,"111,075","35,931",0.24,"566,330","39,280","77,846","30,110",0.43,0.28,0.36
0.7,"32,229","21,574",0.40,"598,559","7,051","99,420","8,536",0.55,0.08,0.07
0.8,"6,226","6,834",0.52,"604,785",825,"106,254","1,702",0.67,0.02,0.01
0.9,804,"1,610",0.67,"605,589",21,"107,864",92,0.81,0.00,0.00
1.0,21,92,0.81,"605,610",0,"107,956",0,nan,0.00,0.00
