p,Neg,Pos,$\frac{\text{Pos}}{\text{Neg}+\text{Pos}}$,TN,FP,FN,TP,Prec,Rec,$\frac{\text{FP}}{\text{P}}$
0.0,"30,286","3,594",0.11,"30,286","575,324","3,594","104,362",0.15,0.97,5.33
0.01,"5,271",540,0.09,"35,557","570,053","4,134","103,822",0.15,0.96,5.28
0.02,"6,044",913,0.13,"41,601","564,009","5,047","102,909",0.15,0.95,5.22
0.03,"4,887",843,0.15,"46,488","559,122","5,890","102,066",0.15,0.95,5.18
0.04,"2,475",258,0.09,"48,963","556,647","6,148","101,808",0.15,0.94,5.16
0.05,"6,385",969,0.13,"55,348","550,262","7,117","100,839",0.15,0.93,5.10
0.06,"2,778",509,0.15,"58,126","547,484","7,626","100,330",0.15,0.93,5.07
0.07,"1,769",290,0.14,"59,895","545,715","7,916","100,040",0.15,0.93,5.05
0.08,"4,515",590,0.12,"64,410","541,200","8,506","99,450",0.16,0.92,5.01
0.09,"2,200",299,0.12,"66,610","539,000","8,805","99,151",0.16,0.92,4.99
0.1,"3,506",700,0.17,"70,116","535,494","9,505","98,451",0.16,0.91,4.96
0.11,"5,389",717,0.12,"75,505","530,105","10,222","97,734",0.16,0.91,4.91
0.12,"6,937","1,012",0.13,"82,442","523,168","11,234","96,722",0.16,0.90,4.85
0.13,"4,960",945,0.16,"87,402","518,208","12,179","95,777",0.16,0.89,4.80
0.14,"2,734",417,0.13,"90,136","515,474","12,596","95,360",0.16,0.88,4.77
0.15,"5,132",801,0.14,"95,268","510,342","13,397","94,559",0.16,0.88,4.73
0.16,"3,521",866,0.20,"98,789","506,821","14,263","93,693",0.16,0.87,4.69
0.17,"1,974",299,0.13,"100,763","504,847","14,562","93,394",0.16,0.87,4.68
0.18,"2,295",305,0.12,"103,058","502,552","14,867","93,089",0.16,0.86,4.66
0.19,"3,808",542,0.12,"106,866","498,744","15,409","92,547",0.16,0.86,4.62
0.2,"6,029",752,0.11,"112,895","492,715","16,161","91,795",0.16,0.85,4.56
0.21,"7,728","1,106",0.13,"120,623","484,987","17,267","90,689",0.16,0.84,4.49
0.22,"5,767","1,138",0.16,"126,390","479,220","18,405","89,551",0.16,0.83,4.44
0.23,"5,885",760,0.11,"132,275","473,335","19,165","88,791",0.16,0.82,4.38
0.24,"10,441","1,401",0.12,"142,716","462,894","20,566","87,390",0.16,0.81,4.29
0.25,"7,178","1,027",0.13,"149,894","455,716","21,593","86,363",0.16,0.80,4.22
0.26,"4,772",722,0.13,"154,666","450,944","22,315","85,641",0.16,0.79,4.18
0.27,"6,336","1,208",0.16,"161,002","444,608","23,523","84,433",0.16,0.78,4.12
0.28,"6,428",981,0.13,"167,430","438,180","24,504","83,452",0.16,0.77,4.06
0.29,"10,255","1,201",0.10,"177,685","427,925","25,705","82,251",0.16,0.76,3.96
0.3,"8,931",961,0.10,"186,616","418,994","26,666","81,290",0.16,0.75,3.88
0.31,"10,282","1,308",0.11,"196,898","408,712","27,974","79,982",0.16,0.74,3.79
0.32,"11,414","1,810",0.14,"208,312","397,298","29,784","78,172",0.16,0.72,3.68
0.33,"9,205","1,091",0.11,"217,517","388,093","30,875","77,081",0.17,0.71,3.59
0.34,"12,478","1,852",0.13,"229,995","375,615","32,727","75,229",0.17,0.70,3.48
0.35,"16,204","2,214",0.12,"246,199","359,411","34,941","73,015",0.17,0.68,3.33
0.36,"17,573","2,443",0.12,"263,772","341,838","37,384","70,572",0.17,0.65,3.17
0.37,"18,009","2,904",0.14,"281,781","323,829","40,288","67,668",0.17,0.63,3.00
0.38,"18,509","2,581",0.12,"300,290","305,320","42,869","65,087",0.18,0.60,2.83
0.39,"25,159","4,121",0.14,"325,449","280,161","46,990","60,966",0.18,0.56,2.60
0.4,"27,550","5,038",0.15,"352,999","252,611","52,028","55,928",0.18,0.52,2.34
0.41,"21,784","3,834",0.15,"374,783","230,827","55,862","52,094",0.18,0.48,2.14
0.42,"12,230","2,315",0.16,"387,013","218,597","58,177","49,779",0.19,0.46,2.02
0.43,"9,857","1,679",0.15,"396,870","208,740","59,856","48,100",0.19,0.45,1.93
0.44,"12,171","2,266",0.16,"409,041","196,569","62,122","45,834",0.19,0.42,1.82
0.45,"14,233","2,601",0.15,"423,274","182,336","64,723","43,233",0.19,0.40,1.69
0.46,"14,713","2,778",0.16,"437,987","167,623","67,501","40,455",0.19,0.37,1.55
0.47,"10,880","2,352",0.18,"448,867","156,743","69,853","38,103",0.20,0.35,1.45
0.48,"7,699","1,497",0.16,"456,566","149,044","71,350","36,606",0.20,0.34,1.38
0.49,"7,589","1,459",0.16,"464,155","141,455","72,809","35,147",0.20,0.33,1.31
0.5,"6,025","1,369",0.19,"470,180","135,430","74,178","33,778",0.20,0.31,1.25
0.51,"7,028","1,486",0.17,"477,208","128,402","75,664","32,292",0.20,0.30,1.19
0.52,"5,215","1,394",0.21,"482,423","123,187","77,058","30,898",0.20,0.29,1.14
0.53,"2,815",572,0.17,"485,238","120,372","77,630","30,326",0.20,0.28,1.12
0.54,"2,972",700,0.19,"488,210","117,400","78,330","29,626",0.20,0.27,1.09
0.55,"4,445",929,0.17,"492,655","112,955","79,259","28,697",0.20,0.27,1.05
0.56,"5,966","1,078",0.15,"498,621","106,989","80,337","27,619",0.21,0.26,0.99
0.57,"6,927","1,401",0.17,"505,548","100,062","81,738","26,218",0.21,0.24,0.93
0.58,"6,146","1,377",0.18,"511,694","93,916","83,115","24,841",0.21,0.23,0.87
0.59,"5,567","1,367",0.20,"517,261","88,349","84,482","23,474",0.21,0.22,0.82
0.6,"5,758","1,360",0.19,"523,019","82,591","85,842","22,114",0.21,0.20,0.77
0.61,"6,169","1,328",0.18,"529,188","76,422","87,170","20,786",0.21,0.19,0.71
0.62,"5,198","1,133",0.18,"534,386","71,224","88,303","19,653",0.22,0.18,0.66
0.63,"3,666",895,0.20,"538,052","67,558","89,198","18,758",0.22,0.17,0.63
0.64,"1,992",475,0.19,"540,044","65,566","89,673","18,283",0.22,0.17,0.61
0.65,"2,047",373,0.15,"542,091","63,519","90,046","17,910",0.22,0.17,0.59
0.66,"2,021",585,0.22,"544,112","61,498","90,631","17,325",0.22,0.16,0.57
0.67,"1,920",643,0.25,"546,032","59,578","91,274","16,682",0.22,0.15,0.55
0.68,"1,668",356,0.18,"547,700","57,910","91,630","16,326",0.22,0.15,0.54
0.69,"2,139",385,0.15,"549,839","55,771","92,015","15,941",0.22,0.15,0.52
0.7,"2,673",546,0.17,"552,512","53,098","92,561","15,395",0.22,0.14,0.49
0.71,"2,509",622,0.20,"555,021","50,589","93,183","14,773",0.23,0.14,0.47
0.72,"1,218",373,0.23,"556,239","49,371","93,556","14,400",0.23,0.13,0.46
0.73,"1,003",162,0.14,"557,242","48,368","93,718","14,238",0.23,0.13,0.45
0.74,"1,271",283,0.18,"558,513","47,097","94,001","13,955",0.23,0.13,0.44
0.75,"2,233",527,0.19,"560,746","44,864","94,528","13,428",0.23,0.12,0.42
0.76,"2,479",675,0.21,"563,225","42,385","95,203","12,753",0.23,0.12,0.39
0.77,"1,483",402,0.21,"564,708","40,902","95,605","12,351",0.23,0.11,0.38
0.78,"1,819",356,0.16,"566,527","39,083","95,961","11,995",0.23,0.11,0.36
0.79,985,293,0.23,"567,512","38,098","96,254","11,702",0.23,0.11,0.35
0.8,790,190,0.19,"568,302","37,308","96,444","11,512",0.24,0.11,0.35
0.81,815,212,0.21,"569,117","36,493","96,656","11,300",0.24,0.10,0.34
0.82,654,220,0.25,"569,771","35,839","96,876","11,080",0.24,0.10,0.33
0.83,448,105,0.19,"570,219","35,391","96,981","10,975",0.24,0.10,0.33
0.84,977,229,0.19,"571,196","34,414","97,210","10,746",0.24,0.10,0.32
0.85,"1,376",346,0.20,"572,572","33,038","97,556","10,400",0.24,0.10,0.31
0.86,"1,451",443,0.23,"574,023","31,587","97,999","9,957",0.24,0.09,0.29
0.87,"1,693",356,0.17,"575,716","29,894","98,355","9,601",0.24,0.09,0.28
0.88,"2,541",631,0.20,"578,257","27,353","98,986","8,970",0.25,0.08,0.25
0.89,"1,490",482,0.24,"579,747","25,863","99,468","8,488",0.25,0.08,0.24
0.9,446,124,0.22,"580,193","25,417","99,592","8,364",0.25,0.08,0.24
0.91,373,94,0.20,"580,566","25,044","99,686","8,270",0.25,0.08,0.23
0.92,951,219,0.19,"581,517","24,093","99,905","8,051",0.25,0.07,0.22
0.93,"2,044",652,0.24,"583,561","22,049","100,557","7,399",0.25,0.07,0.20
0.94,"1,788",532,0.23,"585,349","20,261","101,089","6,867",0.25,0.06,0.19
0.95,"1,728",447,0.21,"587,077","18,533","101,536","6,420",0.26,0.06,0.17
0.96,"1,193",397,0.25,"588,270","17,340","101,933","6,023",0.26,0.06,0.16
0.97,394,131,0.25,"588,664","16,946","102,064","5,892",0.26,0.05,0.16
0.98,192,57,0.23,"588,856","16,754","102,121","5,835",0.26,0.05,0.16
0.99,259,56,0.18,"589,115","16,495","102,177","5,779",0.26,0.05,0.15
1.0,"16,495","5,779",0.26,"605,610",0,"107,956",0,nan,0.00,0.00
