p,Neg,Pos,mPrec,TN,FP,FN,TP,Prec,Rec,FP/P,$\hat{p}$
0.0,"15,142","2,077",0.12,"15,142","590,468","2,077","105,879",0.15,0.98,5.47,0.98
0.1,"55,551","7,740",0.12,"70,693","534,917","9,817","98,139",0.16,0.91,4.95,0.89
0.2,"85,779","13,457",0.14,"156,472","449,138","23,274","84,682",0.16,0.78,4.16,0.75
0.3,"120,924","19,403",0.14,"277,396","328,214","42,677","65,279",0.17,0.60,3.04,0.55
0.4,"114,555","19,033",0.14,"391,951","213,659","61,710","46,246",0.18,0.43,1.98,0.36
0.5,"95,779","17,003",0.15,"487,730","117,880","78,713","29,243",0.20,0.27,1.09,0.21
0.6,"41,544","8,133",0.16,"529,274","76,336","86,846","21,110",0.22,0.20,0.71,0.14
0.7,"42,006","10,179",0.20,"571,280","34,330","97,025","10,931",0.24,0.10,0.32,0.06
0.8,"17,776","5,490",0.24,"589,056","16,554","102,515","5,441",0.25,0.05,0.15,0.03
0.9,"3,456","1,104",0.24,"592,512","13,098","103,619","4,337",0.25,0.04,0.12,0.02
1.0,"13,098","4,337",0.25,"605,610",0,"107,956",0,nan,0.00,0.00,0.00
