p,Neg,Pos,$\frac{\text{Pos}}{\text{Neg}+\text{Pos}}$,TN,FP,FN,TP,Prec,Rec,$\frac{\text{FP}}{\text{P}}$
0.0,"30,281","4,150",0.12,"30,281","575,329","4,150","103,806",0.15,0.96,5.33
0.1,"25,895","3,330",0.11,"56,176","549,434","7,480","100,476",0.15,0.93,5.09
0.2,"59,371","7,653",0.11,"115,547","490,063","15,133","92,823",0.16,0.86,4.54
0.3,"66,611","10,045",0.13,"182,158","423,452","25,178","82,778",0.16,0.77,3.92
0.4,"49,225","8,872",0.15,"231,383","374,227","34,050","73,906",0.16,0.68,3.47
0.5,"270,568","42,234",0.14,"501,951","103,659","76,284","31,672",0.23,0.29,0.96
0.6,"39,398","14,148",0.26,"541,349","64,261","90,432","17,524",0.21,0.16,0.60
0.7,"18,157","4,384",0.19,"559,506","46,104","94,816","13,140",0.22,0.12,0.43
0.8,"12,065","3,094",0.20,"571,571","34,039","97,910","10,046",0.23,0.09,0.32
0.9,"9,235","2,547",0.22,"580,806","24,804","100,457","7,499",0.23,0.07,0.23
1.0,"24,804","7,499",0.23,"605,610",0,"107,956",0,nan,0.00,0.00
