p,Neg,Pos,mPrec,TN,FP,FN,TP,Prec,Rec,FP/P,$\hat{p}$
0.0,"15,141","1,248",0.08,"15,141","590,469","1,248","106,708",0.15,0.99,5.47,0.98
0.1,"7,957",835,0.09,"23,098","582,512","2,083","105,873",0.15,0.98,5.40,0.96
0.2,"10,246","1,172",0.10,"33,344","572,266","3,255","104,701",0.15,0.97,5.30,0.95
0.3,"11,425","1,576",0.12,"44,769","560,841","4,831","103,125",0.16,0.96,5.20,0.93
0.4,"12,456","2,037",0.14,"57,225","548,385","6,868","101,088",0.16,0.94,5.08,0.91
0.5,"12,908","2,285",0.15,"70,133","535,477","9,153","98,803",0.16,0.92,4.96,0.89
0.6,"11,788","2,299",0.16,"81,921","523,689","11,452","96,504",0.16,0.89,4.85,0.87
0.7,"10,601","2,213",0.17,"92,522","513,088","13,665","94,291",0.16,0.87,4.75,0.85
0.8,"222,779","12,847",0.05,"315,301","290,309","26,512","81,444",0.22,0.75,2.69,0.52
0.9,"271,742","71,233",0.21,"587,043","18,567","97,745","10,211",0.35,0.09,0.17,0.04
1.0,"18,567","10,211",0.35,"605,610",0,"107,956",0,nan,0.00,0.00,0.00
