p,Neg,Pos,mPrec,TN,FP,FN,TP,Prec,Rec,FP/P,$\hat{p}$
0.0,"6,057",639,0.10,"6,057","599,553",639,"107,317",0.15,0.99,5.55,0.99
0.05,"10,095","1,282",0.11,"16,152","589,458","1,921","106,035",0.15,0.98,5.46,0.97
0.1,"14,425","2,121",0.13,"30,577","575,033","4,042","103,914",0.15,0.96,5.33,0.95
0.15,"8,943","1,861",0.17,"39,520","566,090","5,903","102,053",0.15,0.95,5.24,0.94
0.2,"3,274",835,0.20,"42,794","562,816","6,738","101,218",0.15,0.94,5.21,0.93
0.25,913,246,0.21,"43,707","561,903","6,984","100,972",0.15,0.94,5.20,0.93
0.3,"1,022",156,0.13,"44,729","560,881","7,140","100,816",0.15,0.93,5.20,0.93
0.35,"2,208",323,0.13,"46,937","558,673","7,463","100,493",0.15,0.93,5.18,0.92
0.4,"4,126",608,0.13,"51,063","554,547","8,071","99,885",0.15,0.93,5.14,0.92
0.45,"6,580",995,0.13,"57,643","547,967","9,066","98,890",0.15,0.92,5.08,0.91
0.5,"9,826","1,429",0.13,"67,469","538,141","10,495","97,461",0.15,0.90,4.98,0.89
0.55,"14,193","2,016",0.12,"81,662","523,948","12,511","95,445",0.15,0.88,4.85,0.87
0.6,"18,771","2,761",0.13,"100,433","505,177","15,272","92,684",0.16,0.86,4.68,0.84
0.65,"24,170","3,704",0.13,"124,603","481,007","18,976","88,980",0.16,0.82,4.46,0.80
0.7,"196,066","17,537",0.08,"320,669","284,941","36,513","71,443",0.20,0.66,2.64,0.50
0.75,"223,978","49,859",0.18,"544,647","60,963","86,372","21,584",0.26,0.20,0.56,0.12
0.8,"34,148","13,886",0.29,"578,795","26,815","100,258","7,698",0.22,0.07,0.25,0.05
0.85,"12,003","3,304",0.22,"590,798","14,812","103,562","4,394",0.23,0.04,0.14,0.03
0.9,"5,711","1,611",0.22,"596,509","9,101","105,173","2,783",0.23,0.03,0.08,0.02
0.95,"3,580","1,001",0.22,"600,089","5,521","106,174","1,782",0.24,0.02,0.05,0.01
1.0,"5,521","1,782",0.24,"605,610",0,"107,956",0,nan,0.00,0.00,0.00
