,min,max,Neg,Pos,$\frac{\text{Pos}}{\text{Neg}+\text{Pos}}$,TN,FP,FN,TP,Prec,Rec,FP/P
0,0.485737265547114,0.4901017581577703,"10,517",666,0.0596,"10,517","595,093",666,"107,290",0.1528,0.9938,5.5124
1,0.4901064563044816,0.4917001607812523,"19,145","1,600",0.0771,"29,662","575,948","2,266","105,690",0.1551,0.9790,5.3350
2,0.4917002641588738,0.4919701132610656,"13,525","1,600",0.1058,"43,187","562,423","3,866","104,090",0.1562,0.9642,5.2097
3,0.4919701439425717,0.4921153615538575,"9,176","1,600",0.1485,"52,363","553,247","5,466","102,490",0.1563,0.9494,5.1247
4,0.4921154443608174,0.492290933993403,"10,870","1,602",0.1284,"63,233","542,377","7,068","100,888",0.1568,0.9345,5.0241
5,0.4922910406196787,0.4925249926866193,"12,459","1,600",0.1138,"75,692","529,918","8,668","99,288",0.1578,0.9197,4.9086
6,0.4925250805424216,0.4926806868994113,"11,274","1,600",0.1243,"86,966","518,644","10,268","97,688",0.1585,0.9049,4.8042
7,0.4926807327158251,0.4928168794534976,"12,089","1,602",0.1170,"99,055","506,555","11,870","96,086",0.1594,0.8900,4.6922
8,0.4928169182884271,0.4929902729984549,"11,063","1,602",0.1265,"110,118","495,492","13,472","94,484",0.1601,0.8752,4.5898
9,0.4929904446970166,0.4930849317706129,"12,866","1,600",0.1106,"122,984","482,626","15,072","92,884",0.1614,0.8604,4.4706
10,0.4930849796606751,0.4931617469700856,"11,635","1,600",0.1209,"134,619","470,991","16,672","91,284",0.1623,0.8456,4.3628
11,0.4931617973551922,0.4932341476858935,"9,928","1,601",0.1389,"144,547","461,063","18,273","89,683",0.1628,0.8307,4.2708
12,0.4932341726433268,0.4932995378043158,"9,332","1,600",0.1464,"153,879","451,731","19,873","88,083",0.1632,0.8159,4.1844
13,0.493299564380537,0.4934061630664609,"9,439","1,602",0.1451,"163,318","442,292","21,475","86,481",0.1636,0.8011,4.0970
14,0.4934062513815639,0.493500097608494,"11,149","1,609",0.1261,"174,467","431,143","23,084","84,872",0.1645,0.7862,3.9937
15,0.4935001052455852,0.4935822205804972,"11,089","1,607",0.1266,"185,556","420,054","24,691","83,265",0.1654,0.7713,3.8910
16,0.4935822282176207,0.4936594724137618,"8,833","1,604",0.1537,"194,389","411,221","26,295","81,661",0.1657,0.7564,3.8092
17,0.4936595084140679,0.4937264522348692,"6,778","1,600",0.1910,"201,167","404,443","27,895","80,061",0.1652,0.7416,3.7464
18,0.4937264653544232,0.4938082696478389,"6,197","1,600",0.2052,"207,364","398,246","29,495","78,461",0.1646,0.7268,3.6890
19,0.4938083989951601,0.4939810243278344,"9,245","1,604",0.1478,"216,609","389,001","31,099","76,857",0.1650,0.7119,3.6033
20,0.4939810631115608,0.4941946401363843,"9,694","1,600",0.1417,"226,303","379,307","32,699","75,257",0.1656,0.6971,3.5135
21,0.4941946888250051,0.4943501287164011,"10,496","1,602",0.1324,"236,799","368,811","34,301","73,655",0.1665,0.6823,3.4163
22,0.4943502449320753,0.4945530015468031,"8,317","1,600",0.1613,"245,116","360,494","35,901","72,055",0.1666,0.6674,3.3393
23,0.4945533797006508,0.4947389276568564,"12,399","1,600",0.1143,"257,515","348,095","37,501","70,455",0.1683,0.6526,3.2244
24,0.494738955899298,0.4948803606713943,"9,468","1,600",0.1446,"266,983","338,627","39,101","68,855",0.1690,0.6378,3.1367
25,0.4948803770883981,0.4950655619035823,"8,209","1,605",0.1635,"275,192","330,418","40,706","67,250",0.1691,0.6229,3.0607
26,0.4950656016862466,0.4952422376684203,"8,788","1,600",0.1540,"283,980","321,630","42,306","65,650",0.1695,0.6081,2.9793
27,0.4952422666318606,0.4955383981219592,"10,883","1,602",0.1283,"294,863","310,747","43,908","64,048",0.1709,0.5933,2.8785
28,0.4955384681621181,0.4957822732051004,"10,495","1,602",0.1324,"305,358","300,252","45,510","62,446",0.1722,0.5784,2.7812
29,0.4957822745379724,0.4958810594164912,"9,367","1,600",0.1459,"314,725","290,885","47,110","60,846",0.1730,0.5636,2.6945
30,0.4958810708276475,0.4960656885243331,"8,344","1,600",0.1609,"323,069","282,541","48,710","59,246",0.1733,0.5488,2.6172
31,0.4960656886471732,0.4962656677708184,"10,517","1,602",0.1322,"333,586","272,024","50,312","57,644",0.1749,0.5340,2.5198
32,0.4962657292281374,0.4963555401868034,"10,811","1,600",0.1289,"344,397","261,213","51,912","56,044",0.1767,0.5191,2.4196
33,0.4963555666828683,0.4964890782949369,"9,363","1,605",0.1463,"353,760","251,850","53,517","54,439",0.1777,0.5043,2.3329
34,0.496489167358787,0.4966543638595,"9,468","1,601",0.1446,"363,228","242,382","55,118","52,838",0.1790,0.4894,2.2452
35,0.4966543708204772,0.4967637054658833,"9,197","1,602",0.1483,"372,425","233,185","56,720","51,236",0.1801,0.4746,2.1600
36,0.4967637137511637,0.4968594937292164,"7,736","1,601",0.1715,"380,161","225,449","58,321","49,635",0.1804,0.4598,2.0883
37,0.4968595439205165,0.4970310776843028,"7,406","1,600",0.1777,"387,567","218,043","59,921","48,035",0.1805,0.4449,2.0197
38,0.4970311389723488,0.4972290126289955,"8,351","1,600",0.1608,"395,918","209,692","61,521","46,435",0.1813,0.4301,1.9424
39,0.4972290486394829,0.4974180648577415,"9,748","1,600",0.1410,"405,666","199,944","63,121","44,835",0.1832,0.4153,1.8521
40,0.4974181031720703,0.4975586244319366,"9,329","1,600",0.1464,"414,995","190,615","64,721","43,235",0.1849,0.4005,1.7657
41,0.4975586323637054,0.4977097588825679,"7,926","1,600",0.1680,"422,921","182,689","66,321","41,635",0.1856,0.3857,1.6923
42,0.4977098844622798,0.4979032064573033,"9,203","1,600",0.1481,"432,124","173,486","67,921","40,035",0.1875,0.3708,1.6070
43,0.4979032173335769,0.4981496496725531,"8,562","1,606",0.1579,"440,686","164,924","69,527","38,429",0.1890,0.3560,1.5277
44,0.4981496918371716,0.4983955194878949,"9,884","1,600",0.1393,"450,570","155,040","71,127","36,829",0.1919,0.3411,1.4361
45,0.4983956098292728,0.4986067043634629,"9,837","1,603",0.1401,"460,407","145,203","72,730","35,226",0.1952,0.3263,1.3450
46,0.4986067295794641,0.4987747660929105,"8,253","1,600",0.1624,"468,660","136,950","74,330","33,626",0.1971,0.3115,1.2686
47,0.4987748648328739,0.4989889257195306,"9,226","1,601",0.1479,"477,886","127,724","75,931","32,025",0.2005,0.2966,1.1831
48,0.4989889264702791,0.4991249819463944,"8,200","1,600",0.1633,"486,086","119,524","77,531","30,425",0.2029,0.2818,1.1072
49,0.4991249893514122,0.4994369352350338,"7,837","1,600",0.1695,"493,923","111,687","79,131","28,825",0.2051,0.2670,1.0346
50,0.4994370687889908,0.4996252296393325,"7,929","1,601",0.1680,"501,852","103,758","80,732","27,224",0.2078,0.2522,0.9611
51,0.4996253590064191,0.4998289222201034,"8,190","1,600",0.1634,"510,042","95,568","82,332","25,624",0.2114,0.2374,0.8852
52,0.4998289505129872,0.5000488136882723,"7,110","1,602",0.1839,"517,152","88,458","83,934","24,022",0.2136,0.2225,0.8194
53,0.5000489936757101,0.5003868946376742,"7,205","1,600",0.1817,"524,357","81,253","85,534","22,422",0.2163,0.2077,0.7526
54,0.5003869289889148,0.5007034807614089,"7,394","1,600",0.1779,"531,751","73,859","87,134","20,822",0.2199,0.1929,0.6842
55,0.5007035480998128,0.5009772405292314,"7,216","1,600",0.1815,"538,967","66,643","88,734","19,222",0.2239,0.1781,0.6173
56,0.500977739075348,0.5012074339623239,"6,356","1,605",0.2016,"545,323","60,287","90,339","17,617",0.2261,0.1632,0.5584
57,0.5012074413917951,0.501565380062676,"5,268","1,600",0.2330,"550,591","55,019","91,939","16,017",0.2255,0.1484,0.5096
58,0.5015654747446245,0.5019644232887307,"7,121","1,606",0.1840,"557,712","47,898","93,545","14,411",0.2313,0.1335,0.4437
59,0.501964507072318,0.502209514539339,"6,189","1,601",0.2055,"563,901","41,709","95,146","12,810",0.2350,0.1187,0.3864
60,0.5022095551979411,0.5025826350977406,"5,110","1,603",0.2388,"569,011","36,599","96,749","11,207",0.2344,0.1038,0.3390
61,0.502582677427774,0.5029232192007989,"5,400","1,600",0.2286,"574,411","31,199","98,349","9,607",0.2354,0.0890,0.2890
62,0.5029232812839676,0.5039143883343293,"5,491","1,600",0.2256,"579,902","25,708","99,949","8,007",0.2375,0.0742,0.2381
63,0.5039157032914301,0.5049417670261133,"6,561","1,600",0.1961,"586,463","19,147","101,549","6,407",0.2507,0.0593,0.1774
64,0.504941815713082,0.5065041780461117,"4,839","1,606",0.2492,"591,302","14,308","103,155","4,801",0.2512,0.0445,0.1325
65,0.5065047669848025,0.5091574171164917,"5,396","1,601",0.2288,"596,698","8,912","104,756","3,200",0.2642,0.0296,0.0826
66,0.509159407351554,0.5114106696588143,"4,433","1,600",0.2652,"601,131","4,479","106,356","1,600",0.2632,0.0148,0.0415
67,0.5114113422848885,0.6236149771791281,"4,479","1,600",0.2632,"605,610",0,"107,956",0,nan,0.0000,0.0000
