p,Neg,Pos,mPrec,TN,FP,FN,TP,Prec,Rec,FP/P,$\hat{p}$
0.0,"6,062",739,0.11,"6,062","599,548",739,"107,217",0.15,0.99,5.55,0.99
0.01,"4,009",659,0.14,"10,071","595,539","1,398","106,558",0.15,0.99,5.52,0.98
0.02,"2,983",478,0.14,"13,054","592,556","1,876","106,080",0.15,0.98,5.49,0.98
0.03,"3,729",440,0.11,"16,783","588,827","2,316","105,640",0.15,0.98,5.45,0.97
0.04,"3,405",491,0.13,"20,188","585,422","2,807","105,149",0.15,0.97,5.42,0.97
0.05,"5,278",739,0.12,"25,466","580,144","3,546","104,410",0.15,0.97,5.37,0.96
0.06,"4,551",720,0.14,"30,017","575,593","4,266","103,690",0.15,0.96,5.33,0.95
0.07,"4,590",631,0.12,"34,607","571,003","4,897","103,059",0.15,0.95,5.29,0.94
0.08,"2,967",306,0.09,"37,574","568,036","5,203","102,753",0.15,0.95,5.26,0.94
0.09,"6,719",786,0.10,"44,293","561,317","5,989","101,967",0.15,0.94,5.20,0.93
0.1,"10,873","1,765",0.14,"55,166","550,444","7,754","100,202",0.15,0.93,5.10,0.91
0.11,"9,163","1,409",0.13,"64,329","541,281","9,163","98,793",0.15,0.92,5.01,0.90
0.12,"10,968","1,402",0.11,"75,297","530,313","10,565","97,391",0.16,0.90,4.91,0.88
0.13,"11,682","2,009",0.15,"86,979","518,631","12,574","95,382",0.16,0.88,4.80,0.86
0.14,"11,143","1,728",0.13,"98,122","507,488","14,302","93,654",0.16,0.87,4.70,0.84
0.15,"7,691","1,146",0.13,"105,813","499,797","15,448","92,508",0.16,0.86,4.63,0.83
0.16,"5,581",941,0.14,"111,394","494,216","16,389","91,567",0.16,0.85,4.58,0.82
0.17,"8,284","1,212",0.13,"119,678","485,932","17,601","90,355",0.16,0.84,4.50,0.81
0.18,"10,011","1,727",0.15,"129,689","475,921","19,328","88,628",0.16,0.82,4.41,0.79
0.19,"6,257","1,070",0.15,"135,946","469,664","20,398","87,558",0.16,0.81,4.35,0.78
0.2,"10,202","1,436",0.12,"146,148","459,462","21,834","86,122",0.16,0.80,4.26,0.76
0.21,"17,315","2,555",0.13,"163,463","442,147","24,389","83,567",0.16,0.77,4.10,0.74
0.22,"14,069","2,318",0.14,"177,532","428,078","26,707","81,249",0.16,0.75,3.97,0.71
0.23,"10,880","1,958",0.15,"188,412","417,198","28,665","79,291",0.16,0.73,3.86,0.70
0.24,"12,823","1,608",0.11,"201,235","404,375","30,273","77,683",0.16,0.72,3.75,0.68
0.25,"16,261","2,436",0.13,"217,496","388,114","32,709","75,247",0.16,0.70,3.60,0.65
0.26,"16,372","2,855",0.15,"233,868","371,742","35,564","72,392",0.16,0.67,3.44,0.62
0.27,"13,824","2,101",0.13,"247,692","357,918","37,665","70,291",0.16,0.65,3.32,0.60
0.28,"13,024","2,224",0.15,"260,716","344,894","39,889","68,067",0.16,0.63,3.19,0.58
0.29,"10,883","1,876",0.15,"271,599","334,011","41,765","66,191",0.17,0.61,3.09,0.56
0.3,"10,284","1,486",0.13,"281,883","323,727","43,251","64,705",0.17,0.60,3.00,0.54
0.31,"13,294","2,354",0.15,"295,177","310,433","45,605","62,351",0.17,0.58,2.88,0.52
0.32,"12,750","2,104",0.14,"307,927","297,683","47,709","60,247",0.17,0.56,2.76,0.50
0.33,"13,376","2,166",0.14,"321,303","284,307","49,875","58,081",0.17,0.54,2.63,0.48
0.34,"12,477","1,875",0.13,"333,780","271,830","51,750","56,206",0.17,0.52,2.52,0.46
0.35,"16,858","2,980",0.15,"350,638","254,972","54,730","53,226",0.17,0.49,2.36,0.43
0.36,"11,156","2,405",0.18,"361,794","243,816","57,135","50,821",0.17,0.47,2.26,0.41
0.37,"10,059","1,541",0.13,"371,853","233,757","58,676","49,280",0.17,0.46,2.17,0.40
0.38,"12,106","1,796",0.13,"383,959","221,651","60,472","47,484",0.18,0.44,2.05,0.38
0.39,"13,915","2,013",0.13,"397,874","207,736","62,485","45,471",0.18,0.42,1.92,0.35
0.4,"17,612","2,698",0.13,"415,486","190,124","65,183","42,773",0.18,0.40,1.76,0.33
0.41,"17,031","2,980",0.15,"432,517","173,093","68,163","39,793",0.19,0.37,1.60,0.30
0.42,"12,665","2,212",0.15,"445,182","160,428","70,375","37,581",0.19,0.35,1.49,0.28
0.43,"13,239","2,521",0.16,"458,421","147,189","72,896","35,060",0.19,0.32,1.36,0.26
0.44,"9,185","1,810",0.16,"467,606","138,004","74,706","33,250",0.19,0.31,1.28,0.24
0.45,"5,123","1,234",0.19,"472,729","132,881","75,940","32,016",0.19,0.30,1.23,0.23
0.46,"4,555",796,0.15,"477,284","128,326","76,736","31,220",0.20,0.29,1.19,0.22
0.47,"6,009","1,219",0.17,"483,293","122,317","77,955","30,001",0.20,0.28,1.13,0.21
0.48,"6,478","1,133",0.15,"489,771","115,839","79,088","28,868",0.20,0.27,1.07,0.20
0.49,"7,010","1,298",0.16,"496,781","108,829","80,386","27,570",0.20,0.26,1.01,0.19
0.5,"5,370","1,200",0.18,"502,151","103,459","81,586","26,370",0.20,0.24,0.96,0.18
0.51,"4,278",972,0.19,"506,429","99,181","82,558","25,398",0.20,0.24,0.92,0.17
0.52,"3,585",844,0.19,"510,014","95,596","83,402","24,554",0.20,0.23,0.89,0.17
0.53,"2,588",619,0.19,"512,602","93,008","84,021","23,935",0.20,0.22,0.86,0.16
0.54,"2,637",529,0.17,"515,239","90,371","84,550","23,406",0.21,0.22,0.84,0.16
0.55,"4,755",663,0.12,"519,994","85,616","85,213","22,743",0.21,0.21,0.79,0.15
0.56,"5,752","1,095",0.16,"525,746","79,864","86,308","21,648",0.21,0.20,0.74,0.14
0.57,"5,137",867,0.14,"530,883","74,727","87,175","20,781",0.22,0.19,0.69,0.13
0.58,"6,898","1,215",0.15,"537,781","67,829","88,390","19,566",0.22,0.18,0.63,0.12
0.59,"6,903","1,673",0.20,"544,684","60,926","90,063","17,893",0.23,0.17,0.56,0.11
0.6,"4,593","1,069",0.19,"549,277","56,333","91,132","16,824",0.23,0.16,0.52,0.10
0.61,"4,544","1,155",0.20,"553,821","51,789","92,287","15,669",0.23,0.15,0.48,0.09
0.62,"4,573","1,248",0.21,"558,394","47,216","93,535","14,421",0.23,0.13,0.44,0.09
0.63,"2,990",893,0.23,"561,384","44,226","94,428","13,528",0.23,0.13,0.41,0.08
0.64,"2,442",510,0.17,"563,826","41,784","94,938","13,018",0.24,0.12,0.39,0.08
0.65,"4,420","1,213",0.22,"568,246","37,364","96,151","11,805",0.24,0.11,0.35,0.07
0.66,"4,005","1,089",0.21,"572,251","33,359","97,240","10,716",0.24,0.10,0.31,0.06
0.67,"4,356","1,331",0.23,"576,607","29,003","98,571","9,385",0.24,0.09,0.27,0.05
0.68,"2,641",875,0.25,"579,248","26,362","99,446","8,510",0.24,0.08,0.24,0.05
0.69,"2,624",695,0.21,"581,872","23,738","100,141","7,815",0.25,0.07,0.22,0.04
0.7,"2,600",861,0.25,"584,472","21,138","101,002","6,954",0.25,0.06,0.20,0.04
0.71,904,301,0.25,"585,376","20,234","101,303","6,653",0.25,0.06,0.19,0.04
0.72,"1,157",388,0.25,"586,533","19,077","101,691","6,265",0.25,0.06,0.18,0.04
0.73,756,232,0.23,"587,289","18,321","101,923","6,033",0.25,0.06,0.17,0.03
0.74,995,308,0.24,"588,284","17,326","102,231","5,725",0.25,0.05,0.16,0.03
0.75,970,333,0.26,"589,254","16,356","102,564","5,392",0.25,0.05,0.15,0.03
0.76,"1,076",317,0.23,"590,330","15,280","102,881","5,075",0.25,0.05,0.14,0.03
0.77,994,384,0.28,"591,324","14,286","103,265","4,691",0.25,0.04,0.13,0.03
0.78,145,61,0.30,"591,469","14,141","103,326","4,630",0.25,0.04,0.13,0.03
0.79,37,22,0.37,"591,506","14,104","103,348","4,608",0.25,0.04,0.13,0.03
0.8,11,3,0.21,"591,517","14,093","103,351","4,605",0.25,0.04,0.13,0.03
0.81,49,4,0.08,"591,566","14,044","103,355","4,601",0.25,0.04,0.13,0.03
0.82,55,9,0.14,"591,621","13,989","103,364","4,592",0.25,0.04,0.13,0.03
0.83,362,88,0.20,"591,983","13,627","103,452","4,504",0.25,0.04,0.13,0.03
0.84,726,228,0.24,"592,709","12,901","103,680","4,276",0.25,0.04,0.12,0.02
0.85,618,264,0.30,"593,327","12,283","103,944","4,012",0.25,0.04,0.11,0.02
0.86,547,134,0.20,"593,874","11,736","104,078","3,878",0.25,0.04,0.11,0.02
0.87,406,140,0.26,"594,280","11,330","104,218","3,738",0.25,0.03,0.10,0.02
0.88,553,165,0.23,"594,833","10,777","104,383","3,573",0.25,0.03,0.10,0.02
0.89,344,140,0.29,"595,177","10,433","104,523","3,433",0.25,0.03,0.10,0.02
0.9,505,98,0.16,"595,682","9,928","104,621","3,335",0.25,0.03,0.09,0.02
0.91,233,77,0.25,"595,915","9,695","104,698","3,258",0.25,0.03,0.09,0.02
0.92,677,173,0.20,"596,592","9,018","104,871","3,085",0.25,0.03,0.08,0.02
0.93,"1,453",481,0.25,"598,045","7,565","105,352","2,604",0.26,0.02,0.07,0.01
0.94,336,151,0.31,"598,381","7,229","105,503","2,453",0.25,0.02,0.07,0.01
0.95,640,176,0.22,"599,021","6,589","105,679","2,277",0.26,0.02,0.06,0.01
0.96,869,339,0.28,"599,890","5,720","106,018","1,938",0.25,0.02,0.05,0.01
0.97,520,130,0.20,"600,410","5,200","106,148","1,808",0.26,0.02,0.05,0.01
0.98,412,105,0.20,"600,822","4,788","106,253","1,703",0.26,0.02,0.04,0.01
0.99,782,268,0.26,"601,604","4,006","106,521","1,435",0.26,0.01,0.04,0.01
1.0,"4,006","1,435",0.26,"605,610",0,"107,956",0,nan,0.00,0.00,0.00
