,y_proba,y_test,Neg,Pos,TN,FP,FN,TP,FP/P,Prec
0,0.0,191,4800,191,4800,671644,191,126065,5.3196996578380435,0.15803381935016403
1,0.0004,0,14,0,4814,671630,191,126065,5.319588772018755,0.15803659293338934
2,0.0005,1,12,1,4826,671618,192,126064,5.319493727030794,0.15803791485830193
3,0.0006,1,13,1,4839,671605,193,126063,5.3193907616271705,0.15803943495288766
4,0.0007,1,16,1,4855,671589,194,126062,5.319264034976555,0.15804154949971855
5,0.0008,0,17,0,4872,671572,194,126062,5.3191293879102775,0.15804491784452518
6,0.0009,1,24,1,4896,671548,195,126061,5.318939297934356,0.1580486178064691
7,0.001,3,42,3,4938,671506,198,126058,5.318606640476492,0.15805377374104146
8,0.0011,1,30,1,4968,671476,199,126057,5.31836902800659,0.15805866340326982
9,0.0012,2,67,2,5035,671409,201,126055,5.317838360157141,0.1580698313654284
10,0.0013,0,41,0,5076,671368,201,126055,5.317513623114941,0.15807795862421825
11,0.0014,2,25,2,5101,671343,203,126053,5.317315612723355,0.15808080301380995
12,0.0015,0,28,0,5129,671315,203,126053,5.31709384108478,0.15808635410500546
13,0.0016,0,1,0,5130,671314,203,126053,5.317085920669117,0.15808655236547287
14,0.0017,0,78,0,5208,671236,203,126053,5.3164681282473705,0.15810201821422346
15,0.0018,1,40,1,5248,671196,204,126052,5.316151311620834,0.15810889459741512
16,0.0019,0,5,0,5253,671191,204,126052,5.3161117095425166,0.15810988619530056
17,0.002,4,107,4,5360,671084,208,126048,5.315264225066532,0.15812688488230306
18,0.0021,0,2,0,5362,671082,208,126048,5.315248384235205,0.15812728162282189
19,0.0022,1,65,1,5427,671017,209,126047,5.314733557217083,0.15813912057250107
20,0.0023,0,8,0,5435,671009,209,126047,5.314670193891775,0.15814070780472136
21,0.0024,1,6,1,5441,671003,210,126046,5.314622671397795,0.158140842031042
22,0.0025,14,145,14,5586,670858,224,126032,5.3134742111266,0.15815482688953306
23,0.0026,0,4,0,5590,670854,224,126032,5.313442529463947,0.15815562075378412
24,0.0027,0,21,0,5611,670833,224,126032,5.3132762007350145,0.15815978867185784
25,0.0028,0,21,0,5632,670812,224,126032,5.313109872006083,0.15816395680961393
26,0.0029,2,75,2,5707,670737,226,126030,5.312515840831327,0.15817673171705154
27,0.003,0,15,0,5722,670722,226,126030,5.312397034596375,0.1581797096210615
28,0.0031,1,48,1,5770,670674,227,126029,5.312016854644532,0.1581881830493923
29,0.0032,2,18,2,5788,670656,229,126027,5.31187428716259,0.1581896438106499
30,0.0033,13,230,13,6018,670426,242,126014,5.310052591560005,0.1582215860579579
31,0.0034,0,6,0,6024,670420,242,126014,5.310005069066024,0.15822277803308246
32,0.0035,1,6,1,6030,670414,243,126013,5.309957546572044,0.1582229130855684
33,0.0036,1,20,1,6050,670394,244,126012,5.309799138258776,0.1582258295392049
34,0.0037,0,15,0,6065,670379,244,126012,5.309680332023825,0.1582288097178396
35,0.0038,2,38,2,6103,670341,246,126010,5.3093793562286145,0.1582342459543593
36,0.0039,2,43,2,6146,670298,248,126008,5.309038778355088,0.15824067632292108
37,0.004,9,83,9,6229,670215,257,125999,5.308381383855025,0.15824765703692725
38,0.0041,0,4,0,6233,670211,257,125999,5.308349702192371,0.15824845204154683
39,0.0042,1,51,1,6284,670160,258,125998,5.307945760993537,0.15825753179645247
40,0.0043,4,63,4,6347,670097,262,125994,5.307446774806742,0.15826582639421874
41,0.0044,1,40,1,6387,670057,263,125993,5.307129958180205,0.1582727215627159
42,0.0045,0,52,0,6439,670005,263,125993,5.3067180965657075,0.1582830610127161
43,0.0046,1,19,1,6458,669986,264,125992,5.306567608668103,0.1582857817678378
44,0.0047,4,11,4,6469,669975,268,125988,5.306480484095806,0.15828373931954123
45,0.0048,1,12,1,6481,669963,269,125987,5.306385439107844,0.1582850681575476
46,0.0049,2,9,2,6490,669954,271,125985,5.306314155366874,0.15828474292627953
47,0.005,10,256,10,6746,669698,281,125975,5.304286528957039,0.1583250908350541
48,0.0051,1,10,1,6756,669688,282,125974,5.304207324800405,0.15832602285895267
49,0.0052,2,27,2,6783,669661,284,125972,5.303993473577493,0.15832927995696508
50,0.0053,0,35,0,6818,669626,284,125972,5.303716259029274,0.15833624518915332
51,0.0054,2,51,2,6869,669575,286,125970,5.303312317830439,0.15834427970762183
52,0.0055,4,68,4,6937,669507,290,125966,5.302773729565327,0.15835358333972366
53,0.0056,1,47,1,6984,669460,291,125965,5.302401470029147,0.15836188201276047
54,0.0057,1,39,1,7023,669421,292,125964,5.302092573818274,0.1583685887966205
55,0.0058,0,22,0,7045,669399,292,125964,5.301918324673679,0.158372969323441
56,0.0059,0,42,0,7087,669357,292,125964,5.301585667215815,0.15838133282033293
57,0.006,4,79,4,7166,669278,296,125960,5.300959954378405,0.1583928333404591
58,0.0061,0,11,0,7177,669267,296,125960,5.300872829806108,0.15839502431381228
59,0.0062,7,54,7,7231,669213,303,125953,5.300445127360284,0.15839837216379976
60,0.0063,1,26,1,7257,669187,304,125952,5.300239196553035,0.1584024931489966
61,0.0064,2,47,2,7304,669140,306,125950,5.299866937016855,0.15840973977788678
62,0.0065,1,40,1,7344,669100,307,125949,5.299550120390318,0.15841665104918062
63,0.0066,0,8,0,7352,669092,307,125949,5.299486757065011,0.15841824509679375
64,0.0067,7,142,7,7494,668950,314,125942,5.298362058040806,0.15843913386975841
65,0.0068,0,21,0,7515,668929,314,125942,5.298195729311875,0.1584433197336423
66,0.007,4,44,4,7559,668885,318,125938,5.2978472310226845,0.15844785568610872
67,0.0071,0,21,0,7580,668864,318,125938,5.297680902293752,0.15845204214382952
68,0.0072,1,29,1,7609,668835,319,125937,5.2974512102395135,0.15845676495900712
69,0.0073,1,27,1,7636,668808,320,125936,5.297237359016601,0.15846108935707598
70,0.0074,0,29,0,7665,668779,320,125936,5.2970076669623625,0.1584668717716414
71,0.0075,2,72,2,7737,668707,322,125934,5.296437397034596,0.158479111951183
72,0.0076,0,8,0,7745,668699,322,125934,5.296374033709289,0.1584807074460789
73,0.0077,4,41,4,7786,668658,326,125930,5.296049296667089,0.15848464864810444
74,0.0078,1,12,1,7798,668646,327,125929,5.295954251679128,0.15848598307271183
75,0.0079,1,20,1,7818,668626,328,125928,5.29579584336586,0.1584889132771341
76,0.008,1,40,1,7858,668586,329,125927,5.295479026739323,0.1584958332966232
77,0.0081,1,25,1,7883,668561,330,125926,5.2952810163477375,0.15849976148130807
78,0.0082,4,36,4,7919,668525,334,125922,5.294995881383855,0.15850270691436938
79,0.0083,1,52,1,7971,668473,335,125921,5.294584019769357,0.15851202300118078
80,0.0084,0,14,0,7985,668459,335,125921,5.29447313395007,0.1585148165865203
81,0.0085,2,21,2,8006,668438,337,125919,5.294306805221138,0.1585168885022729
82,0.0086,1,35,1,8041,668403,338,125918,5.294029590672919,0.15852281382463765
83,0.0087,1,23,1,8064,668380,339,125917,5.29384742111266,0.15852634467963495
84,0.0088,1,51,1,8115,668329,340,125916,5.293443479913826,0.15853546449773054
85,0.0089,4,28,4,8143,668301,344,125912,5.29322170827525,0.15853681569050115
86,0.009,2,34,2,8177,668267,346,125910,5.292952414142694,0.1585414838253941
87,0.0091,0,3,0,8180,668264,346,125910,5.292928652895704,0.1585420827173894
88,0.0092,2,42,2,8222,668222,348,125908,5.292595995437841,0.15854834850717137
89,0.0093,5,61,5,8283,668161,353,125903,5.292112850082372,0.15855522980515424
90,0.0094,1,11,1,8294,668150,354,125902,5.292025725510075,0.15855636658556366
91,0.0095,2,29,2,8323,668121,356,125900,5.291796033455836,0.15856003808463504
92,0.0096,1,16,1,8339,668105,357,125899,5.291669306805221,0.15856217349030988
93,0.0097,0,17,0,8356,668088,357,125899,5.291534659738943,0.15856556845389155
94,0.0098,3,28,3,8384,668060,360,125896,5.291312888100368,0.15856798109718925
95,0.0099,0,35,0,8419,668025,360,125896,5.291035673552148,0.1585749715651809
96,0.01,39,651,39,9070,667374,399,125857,5.2858794829552656,0.15866374360054006
97,0.0101,0,24,0,9094,667350,399,125857,5.285689392979344,0.15866854427658858
98,0.0102,1,10,1,9104,667340,400,125856,5.28561018882271,0.15866948396108907
99,0.0103,2,34,2,9138,667306,402,125854,5.285340894690154,0.15867416410308136
100,0.0104,1,28,1,9166,667278,403,125853,5.285119123051578,0.15867870503107306
101,0.0105,2,28,2,9194,667250,405,125851,5.284897351413002,0.15868218549718133
102,0.0106,1,14,1,9208,667236,406,125850,5.284786465593714,0.15868392582897695
103,0.0107,0,22,0,9230,667214,406,125850,5.284612216449119,0.15868832780204373
104,0.0108,0,22,0,9252,667192,406,125850,5.284437967304524,0.15869273001934323
105,0.0109,0,19,0,9271,667173,406,125850,5.2842874794069195,0.15869653213084614
106,0.011,4,57,4,9328,667116,410,125846,5.283836015714105,0.1587036957634792
107,0.0111,1,45,1,9373,667071,411,125845,5.283479597009251,0.1587116415862462
108,0.0112,2,23,2,9396,667048,413,125843,5.283297427448993,0.15871412337887553
109,0.0113,0,25,0,9421,667023,413,125843,5.283099417057407,0.15871912782235587
110,0.0114,2,32,2,9453,666991,415,125841,5.282845963756178,0.15872341176945431
111,0.0115,1,36,1,9489,666955,416,125840,5.282560828792295,0.15872955808248035
112,0.0116,1,30,1,9519,666925,417,125839,5.282323216322393,0.15873450358492566
113,0.0117,2,66,2,9585,666859,419,125837,5.2818004688886075,0.15874559730337987
114,0.0118,2,17,2,9602,666842,421,125835,5.28166582182233,0.15874687924589714
115,0.0119,1,21,1,9623,666821,422,125834,5.281499493093397,0.15875002365467952
116,0.012,0,12,0,9635,666809,422,125834,5.2814044481054365,0.15875242700686185
117,0.0121,3,51,3,9686,666758,425,125831,5.281000506906603,0.15875945792838406
118,0.0122,1,28,1,9714,666730,426,125830,5.280778735268027,0.15876400524881398
119,0.0123,0,26,0,9740,666704,426,125830,5.280572804460778,0.15876921368673141
120,0.0124,1,8,1,9748,666696,427,125829,5.280509441135471,0.15876975489732184
121,0.0125,4,67,4,9815,666629,431,125825,5.279978773286022,0.158778932278719
122,0.0126,0,16,0,9831,666613,431,125825,5.2798520466354075,0.15878213816096653
123,0.0127,2,56,2,9887,666557,433,125823,5.2794085033582565,0.1587912365279285
124,0.0128,3,25,3,9912,666532,436,125820,5.279210492966671,0.158793061669561
125,0.0129,2,47,2,9959,666485,438,125818,5.27883823343049,0.15880035794386743
126,0.013,0,28,0,9987,666457,438,125818,5.2786164617919145,0.15880597014925374
127,0.0131,0,22,0,10009,666435,438,125818,5.278442212647319,0.15881038001749442
128,0.0132,1,28,1,10037,666407,439,125817,5.278220441008744,0.15881493113058934
129,0.0133,3,104,3,10141,666303,442,125814,5.277396717779749,0.15883259669972996
130,0.0134,2,25,2,10166,666278,444,125812,5.277198707388163,0.15883548586650506
131,0.0135,1,10,1,10176,666268,445,125811,5.277119503231529,0.15883642919456267
132,0.0136,4,41,4,10217,666227,449,125807,5.2767947661893295,0.15884040331601926
133,0.0137,3,16,3,10233,666211,452,125804,5.276668039538715,0.1588404260020328
134,0.0138,0,39,0,10272,666172,452,125804,5.276359143327842,0.15884824792670485
135,0.0139,2,57,2,10329,666115,454,125802,5.2759076796350275,0.15885755704196272
136,0.014,1,36,1,10365,666079,455,125801,5.275622544671144,0.15886371672475627
137,0.0141,1,12,1,10377,666067,456,125800,5.275527499683183,0.1588650619359059
138,0.0142,0,22,0,10399,666045,456,125800,5.275353250538588,0.1588694757181014
139,0.0143,5,86,5,10485,665959,461,125795,5.274672094791534,0.15888142023911467
140,0.0144,0,18,0,10503,665941,461,125795,5.274529527309594,0.15888503238453222
141,0.0145,0,5,0,10508,665936,461,125795,5.2744899252312765,0.1588860357874076
142,0.0146,2,22,2,10530,665914,463,125793,5.274315676086681,0.15888832611054343
143,0.0147,4,15,4,10545,665899,467,125789,5.27419686985173,0.1588870868321864
144,0.0148,0,16,0,10561,665883,467,125789,5.274070143201115,0.15889029800220295
145,0.0149,2,20,2,10581,665863,469,125787,5.273911734887847,0.15889218720394113
146,0.015,7,142,7,10723,665721,476,125780,5.272787035863642,0.15891325468950765
147,0.0151,0,1,0,10724,665720,476,125780,5.272779115447979,0.15891345546430827
148,0.0152,2,30,2,10754,665690,478,125778,5.2725415029780764,0.15891735357588682
149,0.0153,2,28,2,10782,665662,480,125776,5.2723197313395005,0.1589208504014212
150,0.0154,0,37,0,10819,665625,480,125776,5.272026675959954,0.15892828035344914
151,0.0155,0,9,0,10828,665616,480,125776,5.271955392218984,0.1589300877441268
152,0.0156,4,55,4,10883,665561,484,125772,5.2715197693574956,0.15893688245024534
153,0.0157,1,59,1,10942,665502,485,125771,5.271052464833354,0.15894767039947022
154,0.0158,5,60,5,11002,665442,490,125766,5.27057723989355,0.15895440895440896
155,0.0159,2,13,2,11015,665429,492,125764,5.270474274489925,0.15895489469699556
156,0.016,3,28,3,11043,665401,495,125761,5.27025250285135,0.15895733111549848
157,0.0161,4,39,4,11082,665362,499,125757,5.269943606640476,0.1589609148560457
158,0.0162,0,34,0,11116,665328,499,125757,5.26967431250792,0.15896774682872258
159,0.0163,1,31,1,11147,665297,500,125756,5.269428779622355,0.1589729133193351
160,0.0164,1,19,1,11166,665278,501,125755,5.26927829172475,0.15897566852457481
161,0.0165,1,24,1,11190,665254,502,125754,5.269088201748827,0.15897942877948137
162,0.0166,1,5,1,11195,665249,503,125753,5.26904859967051,0.15897937046935406
163,0.0167,3,88,3,11283,665161,506,125750,5.26835160309213,0.1589938690952585
164,0.0168,2,26,2,11309,665135,508,125748,5.268145672284882,0.1589969692103636
165,0.0169,1,18,1,11327,665117,509,125747,5.26800310480294,0.1589995245705962
166,0.017,2,37,2,11364,665080,511,125745,5.2677100494233935,0.15900483672114563
167,0.0171,2,32,2,11396,665048,513,125743,5.267456596122164,0.15900914400897329
168,0.0172,1,14,1,11410,665034,514,125742,5.267345710302877,0.15901089562657442
169,0.0173,0,36,0,11446,664998,514,125742,5.267060575338994,0.1590181349116018
170,0.0174,1,20,1,11466,664978,515,125741,5.266902167025726,0.15902109346050872
171,0.0175,1,36,1,11502,664942,516,125740,5.266617032061842,0.1590272701288255
172,0.0176,3,30,3,11532,664912,519,125737,5.2663794195919404,0.15903011323608832
173,0.0177,4,15,4,11547,664897,523,125733,5.266260613356989,0.1590288757067149
174,0.0178,2,17,2,11564,664880,525,125731,5.266125966290711,0.159030167806924
175,0.0179,2,18,2,11582,664862,527,125729,5.265983398808769,0.15903166112439934
176,0.018,1,27,1,11609,664835,528,125728,5.265769547585857,0.15903602875419162
177,0.0181,0,20,0,11629,664815,528,125728,5.265611139272589,0.15904005221727344
178,0.0182,1,28,1,11657,664787,529,125727,5.265389367634014,0.15904462160062946
179,0.0183,4,70,4,11727,664717,533,125723,5.264834938537574,0.15905445068569404
180,0.0184,1,16,1,11743,664701,534,125722,5.26470821188696,0.1590566063993583
181,0.0185,1,19,1,11762,664682,535,125721,5.264557723989355,0.1590593659183986
182,0.0186,1,37,1,11799,664645,536,125720,5.264264668609808,0.15906574810372423
183,0.0187,2,23,2,11822,664622,538,125718,5.26408249904955,0.15906824910797884
184,0.0188,0,25,0,11847,664597,538,125718,5.263884488657965,0.15907328090698014
185,0.0189,2,14,2,11861,664583,540,125716,5.263773602838677,0.15907397073765753
186,0.019,0,18,0,11879,664565,540,125716,5.2636310353567355,0.15907759391912496
187,0.0191,2,37,2,11916,664528,542,125714,5.263337979977189,0.1590829138415827
188,0.0192,4,56,4,11972,664472,546,125710,5.262894436700038,0.1590899311804116
189,0.0193,1,44,1,12016,664428,547,125709,5.262545938410848,0.15909772609053874
190,0.0194,3,6,3,12022,664422,550,125706,5.262498415916867,0.15909574144948666
191,0.0195,1,28,1,12050,664394,551,125705,5.262276644278292,0.15910031527694632
192,0.0196,1,21,1,12071,664373,552,125704,5.26211031554936,0.15910347978741313
193,0.0197,1,37,1,12108,664336,553,125703,5.261817260169813,0.15910986672809824
194,0.0198,1,28,1,12136,664308,554,125702,5.261595488531238,0.15911444158934698
195,0.0199,4,14,4,12150,664294,558,125698,5.26148460271195,0.1591130036759866
196,0.02,17,274,17,12424,664020,575,125681,5.259314408820175,0.15915010871203153
197,0.0201,6,29,6,12453,663991,581,125675,5.259084716765936,0.15914956449942128
198,0.0202,2,23,2,12476,663968,583,125673,5.258902547205677,0.15915207037121934
199,0.0203,0,14,0,12490,663954,583,125673,5.25879166138639,0.1591548921199503
200,0.0204,7,51,7,12541,663903,590,125666,5.258387720187556,0.1591577176915507
201,0.0205,3,16,3,12557,663887,593,125663,5.258260993536941,0.15915774808435185
202,0.0206,1,48,1,12605,663839,594,125662,5.257880813585097,0.1591663595106276
203,0.0207,1,46,1,12651,663793,595,125661,5.2575164744645795,0.1591745687525809
204,0.0208,2,66,2,12717,663727,597,125659,5.256993727030794,0.15918574689695536
205,0.0209,0,9,0,12726,663718,597,125659,5.256922443289824,0.1591875618367396
206,0.021,5,58,5,12784,663660,602,125654,5.256463059181346,0.15919393295950662
207,0.0211,2,14,2,12798,663646,604,125652,5.256352173362058,0.15919462611079718
208,0.0212,3,34,3,12832,663612,607,125649,5.256082879229502,0.15919828801879227
209,0.0213,4,18,4,12850,663594,611,125645,5.255940311747561,0.1591976574903166
210,0.0214,3,42,3,12892,663552,614,125642,5.2556076542896975,0.15920293362595256
211,0.0215,4,49,4,12941,663503,618,125638,5.25521955392219,0.15920855715265078
212,0.0216,0,26,0,12967,663477,618,125638,5.255013623114941,0.15921380280440747
213,0.0217,4,49,4,13016,663428,622,125634,5.254625522747434,0.15921942762419175
214,0.0218,1,44,1,13060,663384,623,125633,5.2542770244582435,0.15922724098466826
215,0.0219,0,4,0,13064,663380,623,125633,5.25424534279559,0.15922804820706377
216,0.022,5,73,5,13137,663307,628,125628,5.25366715245216,0.1592374530221121
217,0.0221,1,27,1,13164,663280,629,125627,5.253453301229248,0.15924183712402096
218,0.0222,3,35,3,13199,663245,632,125624,5.253176086681029,0.15924570492692702
219,0.0223,1,40,1,13239,663205,633,125623,5.2528592700544925,0.15925271415314873
220,0.0224,3,23,3,13262,663182,636,125620,5.252677100494234,0.15925416010608492
221,0.0225,3,60,3,13322,663122,639,125617,5.252201875554429,0.1592630768860168
222,0.0226,2,39,2,13361,663083,641,125615,5.251892979343556,0.1592688202581977
223,0.0227,2,24,2,13385,663059,643,125613,5.251702889367634,0.159271534934675
224,0.0228,3,30,3,13415,663029,646,125610,5.251465276897732,0.1592743955092254
225,0.0229,1,18,1,13433,663011,647,125609,5.25132270941579,0.15927696482463036
226,0.023,5,31,5,13464,662980,652,125604,5.251077176530225,0.15927789556978078
227,0.0231,2,36,2,13500,662944,654,125602,5.250792041566341,0.15928303485148615
228,0.0232,3,32,3,13532,662912,657,125599,5.250538588265112,0.1592863003813517
229,0.0233,2,62,2,13594,662850,659,125597,5.250047522493981,0.15929669337317537
230,0.0234,4,19,4,13613,662831,663,125593,5.249897034596375,0.1592962669832476
231,0.0235,4,21,4,13634,662810,667,125589,5.249730705867444,0.15929624466799172
232,0.0236,1,36,1,13670,662774,668,125588,5.2494455709035615,0.1593024524266771
233,0.0237,0,41,0,13711,662733,668,125588,5.249120833861361,0.15931073763099043
234,0.0238,5,66,5,13777,662667,673,125583,5.248598086427576,0.15931874405328258
235,0.0239,0,17,0,13794,662650,673,125583,5.248463439361298,0.1593221801167929
236,0.024,3,42,3,13836,662608,676,125580,5.248130781903434,0.15932747009596696
237,0.0241,4,33,4,13869,662575,680,125576,5.247869408186542,0.15932987460524697
238,0.0242,4,28,4,13897,662547,684,125572,5.247647636547966,0.1593312685013304
239,0.0243,1,17,1,13914,662530,685,125571,5.247512989481688,0.15933363870874417
240,0.0244,1,50,1,13964,662480,686,125570,5.247116968698517,0.15934268130194784
241,0.0245,0,30,0,13994,662450,686,125570,5.2468793562286145,0.15934874749371844
242,0.0246,5,46,5,14040,662404,691,125565,5.246515017108098,0.15935271565251932
243,0.0247,1,40,1,14080,662364,692,125564,5.246198200481562,0.15935973845325968
244,0.0248,2,19,2,14099,662345,694,125562,5.246047712583956,0.15936144748047676
245,0.0249,0,25,0,14124,662320,694,125562,5.245849702192371,0.1593665041211755
246,0.025,5,76,5,14200,662244,699,125557,5.245247750601951,0.15937654306100144
247,0.0251,1,9,1,14209,662235,700,125556,5.245176466860981,0.1593772967703363
248,0.0252,1,40,1,14249,662195,701,125555,5.244859650234444,0.15938432243732148
249,0.0253,0,36,0,14285,662159,701,125555,5.244574515270561,0.1593916065983339
250,0.0254,2,32,2,14317,662127,703,125553,5.244321061969332,0.15939594759293113
251,0.0255,1,22,1,14339,662105,704,125552,5.244146812824737,0.15939933245054635
252,0.0256,4,28,4,14367,662077,708,125548,5.243925041186161,0.15940073004285035
253,0.0257,1,38,1,14405,662039,709,125547,5.243624065390952,0.15940735360963756
254,0.0258,3,32,3,14437,662007,712,125544,5.2433706120897225,0.15941062864500205
255,0.0259,0,12,0,14449,661995,712,125544,5.243275567101762,0.15941305763905025
256,0.026,6,47,6,14496,661948,718,125538,5.242903307565581,0.15941616739853154
257,0.0261,1,23,1,14519,661925,719,125537,5.242721138005322,0.15941975612791473
258,0.0262,1,45,1,14564,661880,720,125536,5.242364719300469,0.15942779928271714
259,0.0263,0,16,0,14580,661864,720,125536,5.242237992649854,0.1594310388620777
260,0.0264,2,53,2,14633,661811,722,125534,5.2418182106196936,0.15943963573782777
261,0.0265,1,34,1,14667,661777,723,125533,5.241548916487138,0.15944545350624278
262,0.0266,1,41,1,14708,661736,724,125532,5.241224179444937,0.15945268955425598
263,0.0267,6,74,6,14782,661662,730,125526,5.240638068685844,0.159461272275492
264,0.0268,0,21,0,14803,661641,730,125526,5.240471739956913,0.15946552637496236
265,0.0269,0,8,0,14811,661633,730,125526,5.240408376631605,0.15946714704398984
266,0.027,0,29,0,14840,661604,730,125526,5.240178684577367,0.15947302224537244
267,0.0271,3,28,3,14868,661576,733,125523,5.239956912938791,0.15947549164717525
268,0.0272,0,31,0,14899,661545,733,125523,5.239711380053225,0.15948177285825368
269,0.0273,4,34,4,14933,661511,737,125519,5.239442085920669,0.15948439068396375
270,0.0274,2,17,2,14950,661494,739,125517,5.239307438854391,0.15948569969161802
271,0.0275,3,80,3,15030,661414,742,125514,5.238673805601318,0.15949870890348292
272,0.0276,0,10,0,15040,661404,742,125514,5.238594601444684,0.15950073578187307
273,0.0277,1,27,1,15067,661377,743,125513,5.238380750221772,0.1595051404897762
274,0.0278,1,18,1,15085,661359,744,125512,5.23823818273983,0.15950772108770053
275,0.0279,0,16,0,15101,661343,744,125512,5.238111456089215,0.1595109645360327
276,0.028,0,19,0,15120,661324,744,125512,5.237960968191611,0.1595148163022536
277,0.0281,5,50,5,15170,661274,749,125507,5.23756494740844,0.15951961219195684
278,0.0282,1,25,1,15195,661249,750,125506,5.237366937016855,0.15952361281466276
279,0.0283,1,51,1,15246,661198,751,125505,5.23696299581802,0.1595328859811136
280,0.0284,1,34,1,15280,661164,752,125504,5.236693701685464,0.15953871264624975
281,0.0285,1,30,1,15310,661134,753,125503,5.236456089215562,0.15954372855586504
282,0.0286,0,11,0,15321,661123,753,125503,5.2363689646432645,0.15954595957926637
283,0.0287,2,14,2,15335,661109,755,125501,5.236258078823977,0.15954666225956954
284,0.0288,3,19,3,15354,661090,758,125498,5.2361075909263715,0.15954731066326971
285,0.0289,3,32,3,15386,661058,761,125495,5.235854137625142,0.15955059608189148
286,0.029,2,22,2,15408,661036,763,125493,5.235679888480547,0.15955292176130823
287,0.0291,0,9,0,15417,661027,763,125493,5.235608604739577,0.15955474749529575
288,0.0292,2,43,2,15460,660984,765,125491,5.23526802686605,0.15956133379954862
289,0.0293,4,50,4,15510,660934,769,125487,5.234872006082879,0.15956720382594056
290,0.0294,3,40,3,15550,660894,772,125484,5.2345551894563425,0.15957211417409947
291,0.0295,1,21,1,15571,660873,773,125483,5.234388860727411,0.15957530685847124
292,0.0296,2,34,2,15605,660839,775,125481,5.234119566594855,0.1595800691830298
293,0.0297,5,26,5,15631,660813,780,125476,5.233913635787606,0.1595800017550799
294,0.0298,0,36,0,15667,660777,780,125476,5.233628500823723,0.1595873084109059
295,0.0299,0,6,0,15673,660771,780,125476,5.2335809783297425,0.15958852625192846
296,0.03,6,152,6,15825,660619,786,125470,5.232377075148904,0.15961297003265534
297,0.0301,0,51,0,15876,660568,786,125470,5.23197313395007,0.15962332609873822
298,0.0302,5,29,5,15905,660539,791,125465,5.231743441895831,0.159623869598628
299,0.0303,0,35,0,15940,660504,791,125465,5.231466227347611,0.159630977812102
300,0.0304,0,14,0,15954,660490,791,125465,5.231355341528324,0.15963382127475492
301,0.0305,1,25,1,15979,660465,792,125464,5.231157331136738,0.15963782988030725
302,0.0306,5,48,5,16027,660417,797,125459,5.230777151184895,0.1596422336348228
303,0.0307,1,33,1,16060,660384,798,125458,5.230515777468002,0.1596478681465231
304,0.0308,5,48,5,16108,660336,803,125453,5.230135597516158,0.1596522730656703
305,0.0309,0,9,0,16117,660327,803,125453,5.230064313775187,0.15965410165695232
306,0.031,0,13,0,16130,660314,803,125453,5.229961348371562,0.1596567430294222
307,0.0311,1,21,1,16151,660293,804,125452,5.229795019642631,0.1596599405659597
308,0.0312,1,32,1,16183,660261,805,125451,5.2295415663414015,0.15966537357199584
309,0.0313,3,30,3,16213,660231,808,125448,5.229303953871499,0.15966826146556037
310,0.0314,0,18,0,16231,660213,808,125448,5.229161386389558,0.15967191956836346
311,0.0315,2,43,2,16274,660170,810,125446,5.228820808516031,0.15967851978574774
312,0.0316,1,14,1,16288,660156,811,125445,5.228709922696743,0.15968029572263784
313,0.0317,0,35,0,16323,660121,811,125445,5.228432708148524,0.15968741009666915
314,0.0318,0,38,0,16361,660083,811,125445,5.228131732353314,0.15969513499200538
315,0.0319,1,31,1,16392,660052,812,125444,5.227886199467748,0.1597003676657806
316,0.032,2,28,2,16420,660024,814,125442,5.227664427829173,0.15970392098448563
317,0.0321,1,19,1,16439,660005,815,125441,5.227513939931567,0.1597067144017539
318,0.0322,0,9,0,16448,659996,815,125441,5.227442656190597,0.15970854441540186
319,0.0323,1,30,1,16478,659966,816,125440,5.227205043720694,0.15971357488992954
320,0.0324,2,38,2,16516,659928,818,125438,5.226904067925485,0.15971916278524917
321,0.0325,4,63,4,16579,659865,822,125434,5.226405081738689,0.15972769607499818
322,0.0326,2,22,2,16601,659843,824,125432,5.226230832594094,0.1597300308809016
323,0.0327,2,18,2,16619,659825,826,125430,5.226088265112153,0.15973155217095084
324,0.0328,0,23,0,16642,659802,826,125430,5.225906095551895,0.15973623082095484
325,0.0329,2,16,2,16658,659786,828,125428,5.22577936890128,0.15973734548798163
326,0.033,3,28,3,16686,659758,831,125425,5.225557597262704,0.15973983135141745
327,0.0331,0,18,0,16704,659740,831,125425,5.225415029780763,0.15974349340584462
328,0.0332,2,28,2,16732,659712,833,125423,5.225193258142188,0.15974704987040445
329,0.0333,3,58,3,16790,659654,836,125420,5.224733874033709,0.15975564086952312
330,0.0334,3,20,3,16810,659634,839,125417,5.224575465720441,0.1597564998961851
331,0.0335,1,27,1,16837,659607,840,125416,5.2243616144975284,0.15976092420222082
332,0.0336,3,37,3,16874,659570,843,125413,5.224068559117982,0.15976524332374076
333,0.0337,2,27,2,16901,659543,845,125411,5.22385470789507,0.15976859790510017
334,0.0338,3,43,3,16944,659500,848,125408,5.2235141300215435,0.1597741391347776
335,0.0339,4,42,4,16986,659458,852,125404,5.22318147256368,0.1597784069046533
336,0.034,0,30,0,17016,659428,852,125404,5.222943860093777,0.15978451439288918
337,0.0341,1,30,1,17046,659398,853,125403,5.222706247623876,0.15978955174623885
338,0.0342,4,69,4,17115,659329,857,125399,5.2221597389431,0.15979931899970434
339,0.0343,0,30,0,17145,659299,857,125399,5.221922126473197,0.15980542833038952
340,0.0344,3,30,3,17175,659269,860,125396,5.221684514003295,0.1598083258460617
341,0.0345,3,40,3,17215,659229,863,125393,5.221367697376758,0.15981326039800056
342,0.0346,2,18,2,17233,659211,865,125391,5.221225129894817,0.1598147850757454
343,0.0347,2,49,2,17282,659162,867,125389,5.22083702952731,0.1598226246604746
344,0.0348,0,17,0,17299,659145,867,125389,5.220702382461032,0.15982608784322924
345,0.0349,0,20,0,17319,659125,867,125389,5.2205439741477635,0.15983016236803932
346,0.035,4,64,4,17383,659061,871,125385,5.220037067545305,0.15983891816645124
347,0.0351,3,54,3,17437,659007,874,125382,5.219609365099481,0.15984670871213136
348,0.0352,1,13,1,17450,658994,875,125381,5.219506399695856,0.15984828685258964
349,0.0353,3,24,3,17474,658970,878,125378,5.219316309719934,0.15984996455654887
350,0.0354,1,18,1,17492,658952,879,125377,5.2191737422379925,0.15985256187135755
351,0.0355,0,19,0,17511,658933,879,125377,5.219023254340388,0.159856434318063
352,0.0356,2,22,2,17533,658911,881,125375,5.218849005195793,0.15985877600773188
353,0.0357,4,31,4,17564,658880,885,125371,5.218603472310227,0.15986080986826923
354,0.0358,1,40,1,17604,658840,886,125370,5.21828665568369,0.15986789252878694
355,0.0359,5,32,5,17636,658808,891,125365,5.218033202382461,0.15986905950600186
356,0.036,1,33,1,17669,658775,892,125364,5.217771828665568,0.1598747160898769
357,0.0361,1,49,1,17718,658726,893,125363,5.217383728298061,0.1598836356587071
358,0.0362,3,40,3,17758,658686,896,125360,5.217066911671525,0.1598885779660887
359,0.0363,2,21,2,17779,658665,898,125358,5.216900582942593,0.15989071749170625
360,0.0364,0,12,0,17791,658653,898,125358,5.216805537954632,0.1598931647642699
361,0.0365,1,14,1,17805,658639,899,125357,5.216694652135344,0.15989494844361452
362,0.0366,1,27,1,17832,658612,900,125356,5.216480800912432,0.1598993836483122
363,0.0367,5,81,5,17913,658531,905,125351,5.215839247243696,0.15991054776101504
364,0.0368,1,37,1,17950,658494,906,125350,5.215546191864149,0.15991702430585678
365,0.0369,0,16,0,17966,658478,906,125350,5.215419465213534,0.1599202886347515
366,0.037,0,15,0,17981,658463,906,125350,5.215300658978583,0.15992334906412625
367,0.0371,2,29,2,18010,658434,908,125348,5.215070966924344,0.15992712259276176
368,0.0372,1,19,1,18029,658415,909,125347,5.214920479026739,0.15992992770764594
369,0.0373,2,34,2,18063,658381,911,125345,5.2146511848941834,0.15993472208399365
370,0.0374,2,32,2,18095,658349,913,125343,5.214397731592954,0.15993910873149145
371,0.0375,0,38,0,18133,658311,913,125343,5.214096755797744,0.15994686430491006
372,0.0376,1,14,1,18147,658297,914,125342,5.2139858699784565,0.15994864982472798
373,0.0377,2,28,2,18175,658269,916,125340,5.2137640983398805,0.1599522210694364
374,0.0378,3,42,3,18217,658227,919,125337,5.213431440882018,0.15995757844923963
375,0.0379,4,32,4,18249,658195,923,125333,5.213177987580789,0.15995982275043139
376,0.038,1,49,1,18298,658146,924,125332,5.2127898872132805,0.1599687547065776
377,0.0381,1,34,1,18332,658112,925,125331,5.212520593080725,0.15997462482911967
378,0.0382,1,15,1,18347,658097,926,125330,5.212401786845773,0.15997661556213916
379,0.0383,0,32,0,18379,658065,926,125330,5.212148333544544,0.1599831502626389
380,0.0384,0,22,0,18401,658043,926,125330,5.211974084399949,0.15998764317891986
381,0.0385,0,36,0,18437,658007,926,125330,5.211688949436066,0.15999499576810491
382,0.0386,2,41,2,18478,657966,928,125328,5.211364212393867,0.16000122559345534
383,0.0387,0,31,0,18509,657935,928,125328,5.2111186795083,0.1600075581254317
384,0.0388,2,29,2,18538,657906,930,125326,5.210888987454061,0.16001133763686876
385,0.0389,4,28,4,18566,657878,934,125322,5.210667215815486,0.16001276813074566
386,0.039,2,65,2,18631,657813,936,125320,5.210152388797364,0.1600239039856576
387,0.0391,1,16,1,18647,657797,937,125319,5.21002566214675,0.1600261008586212
388,0.0392,0,34,0,18681,657763,937,125319,5.209756368014193,0.1600330489016476
389,0.0393,2,49,2,18730,657714,939,125317,5.209368267646686,0.1600409179202356
390,0.0394,1,22,1,18752,657692,940,125316,5.209194018502091,0.16004434182026236
391,0.0395,4,18,4,18770,657674,944,125312,5.20905145102015,0.16004373002837854
392,0.0396,3,37,3,18807,657637,947,125309,5.208758395640603,0.16004807483530153
393,0.0397,2,72,2,18879,657565,949,125307,5.208188125712837,0.16006064848404336
394,0.0398,3,26,3,18905,657539,952,125304,5.207982194905589,0.1600627456590913
395,0.0399,1,20,1,18925,657519,953,125303,5.2078237865923205,0.16006576207618078
396,0.04,2,97,2,19022,657422,955,125301,5.207055506272969,0.16008345225577886
397,0.0401,2,15,2,19037,657407,957,125299,5.206936700038018,0.1600843739539495
398,0.0402,1,21,1,19058,657386,958,125298,5.206770371309086,0.16008759601576114
399,0.0403,7,56,7,19114,657330,965,125291,5.206326828031935,0.1600915385608104
400,0.0404,2,24,2,19138,657306,967,125289,5.2061367380560135,0.16009430165027888
401,0.0405,1,23,1,19161,657283,968,125288,5.205954568495755,0.16009793360602426
402,0.0406,0,26,0,19187,657257,968,125288,5.205748637688506,0.16010325284807903
403,0.0407,1,34,1,19221,657223,969,125287,5.205479343555949,0.16010913598548263
404,0.0408,0,54,0,19275,657169,969,125287,5.205051641110125,0.16012018567178218
405,0.0409,1,25,1,19300,657144,970,125286,5.2048536307185405,0.1601242283654768
406,0.041,0,31,0,19331,657113,970,125286,5.204608097832974,0.16013057276402448
407,0.0411,1,27,1,19358,657086,971,125285,5.204394246610062,0.1601350254546756
408,0.0412,3,64,3,19422,657022,974,125282,5.203887340007603,0.16014490530535444
409,0.0413,1,35,1,19457,656987,975,125281,5.2036101254593845,0.160150996845071
410,0.0414,1,19,1,19476,656968,976,125280,5.203459637561779,0.16015381311297697
411,0.0415,2,20,2,19496,656948,978,125278,5.203301229248511,0.16015576061138342
412,0.0416,1,26,1,19522,656922,979,125277,5.203095298441262,0.16016001043212788
413,0.0417,2,61,2,19583,656861,981,125275,5.202612153085794,0.1601703540049301
414,0.0418,2,38,2,19621,656823,983,125273,5.202311177290584,0.16017598862543728
415,0.0419,0,18,0,19639,656805,983,125273,5.202168609808643,0.16017967517306458
416,0.042,3,40,3,19679,656765,986,125270,5.201851793182106,0.16018464646722974
417,0.0421,1,13,1,19692,656752,987,125269,5.201748827778482,0.16018623540800056
418,0.0422,0,31,0,19723,656721,987,125269,5.201503294892916,0.16019258558293584
419,0.0423,2,39,2,19762,656682,989,125267,5.201194398682043,0.1601984272631591
420,0.0424,3,30,3,19792,656652,992,125264,5.20095678621214,0.1602013515518291
421,0.0425,1,37,1,19829,656615,993,125263,5.200663730832594,0.1602078585150113
422,0.0426,1,19,1,19848,656596,994,125262,5.200513242934989,0.1602106776422317
423,0.0427,0,29,0,19877,656567,994,125262,5.200283550880751,0.1602166202583941
424,0.0428,2,15,2,19892,656552,996,125260,5.200164744645799,0.16021754590617693
425,0.0429,3,34,3,19926,656518,999,125257,5.199895450513243,0.1602212912922516
426,0.043,1,14,1,19940,656504,1000,125256,5.199784564693955,0.16022308636921817
427,0.0431,2,32,2,19972,656472,1002,125254,5.199531111392726,0.16022749659087712
428,0.0432,4,31,4,20003,656441,1006,125250,5.19928557850716,0.1602295536215717
429,0.0433,4,51,4,20054,656390,1010,125246,5.198881637308326,0.16023571074003756
430,0.0434,3,25,3,20079,656365,1013,125243,5.198683626916741,0.16023761271634887
431,0.0435,3,30,3,20109,656335,1016,125240,5.198446014446838,0.16024053993538687
432,0.0436,2,51,2,20160,656284,1018,125238,5.198042073248004,0.16024884776116347
433,0.0437,0,19,0,20179,656265,1018,125238,5.1978915853503995,0.16025274375146353
434,0.0438,1,68,1,20247,656197,1019,125237,5.197352997085287,0.1602656142425336
435,0.0439,1,3,1,20250,656194,1020,125236,5.197329235838297,0.16026515490830912
436,0.044,1,21,1,20271,656173,1021,125235,5.197162907109365,0.16026838732134813
437,0.0441,0,27,0,20298,656146,1021,125235,5.196949055886453,0.16027392526821102
438,0.0442,0,32,0,20330,656114,1021,125235,5.196695602585224,0.16028048925640143
439,0.0443,2,77,2,20407,656037,1023,125233,5.19608573057914,0.16029413647010637
440,0.0444,1,44,1,20451,655993,1024,125232,5.19573723228995,0.16030208966686935
441,0.0445,0,26,0,20477,655967,1024,125232,5.195531301482702,0.16030742486869543
442,0.0446,4,30,4,20507,655937,1028,125228,5.195293689012799,0.1603092816498435
443,0.0447,0,21,0,20528,655916,1028,125228,5.195127360283868,0.1603135913480741
444,0.0448,0,43,0,20571,655873,1028,125228,5.194786782410341,0.16032241669131136
445,0.0449,1,17,1,20588,655856,1029,125227,5.194652135344063,0.16032483103588224
446,0.045,3,73,3,20661,655783,1032,125224,5.194073945000634,0.16033659109329365
447,0.0451,0,24,0,20685,655759,1032,125224,5.193883855024712,0.16034151831730012
448,0.0452,0,43,0,20728,655716,1032,125224,5.193543277151185,0.16035034701769663
449,0.0453,4,53,4,20781,655663,1036,125220,5.193123495121024,0.16035692927109438
450,0.0454,0,43,0,20824,655620,1036,125220,5.192782917247497,0.1603657599508222
451,0.0455,1,44,1,20868,655576,1037,125219,5.192434418958307,0.16037372165549216
452,0.0456,5,41,5,20909,655535,1042,125214,5.192109681916107,0.1603767664127652
453,0.0457,0,17,0,20926,655518,1042,125214,5.191975034849829,0.16038025852661347
454,0.0458,1,47,1,20973,655471,1043,125213,5.191602775313648,0.16038883850572064
455,0.0459,1,16,1,20989,655455,1044,125212,5.191476048663034,0.16039105021731417
456,0.046,3,28,3,21017,655427,1047,125209,5.191254277024458,0.16039357651965833
457,0.0461,4,29,4,21046,655398,1051,125205,5.1910245849702195,0.16039523291609178
458,0.0462,1,26,1,21072,655372,1052,125204,5.19081865416297,0.16039949985651622
459,0.0463,1,54,1,21126,655318,1053,125203,5.190390951717146,0.16040952133254582
460,0.0464,1,26,1,21152,655292,1054,125202,5.190185020909897,0.1604137892155481
461,0.0465,2,39,2,21191,655253,1056,125200,5.189876124699024,0.1604196537139328
462,0.0466,0,18,0,21209,655235,1056,125200,5.189733557217083,0.1604233536425199
463,0.0467,2,78,2,21287,655157,1058,125198,5.1891157647953365,0.16043723689859102
464,0.0468,1,37,1,21324,655120,1059,125197,5.18882270941579,0.16044376836593333
465,0.0469,2,18,2,21342,655102,1061,125195,5.188680141933848,0.160445317616241
466,0.047,0,40,0,21382,655062,1061,125195,5.1883633253073125,0.16045354287113092
467,0.0471,3,46,3,21428,655016,1064,125192,5.187998986186795,0.16045977482927629
468,0.0472,1,40,1,21468,654976,1065,125191,5.187682169560259,0.16046692567104223
469,0.0473,2,59,2,21527,654917,1067,125189,5.187214865036117,0.1604769095481896
470,0.0474,2,24,2,21551,654893,1069,125187,5.187024775060195,0.16047969439031895
471,0.0475,8,54,8,21605,654839,1077,125179,5.18659707261437,0.16048219400065128
472,0.0476,2,31,2,21636,654808,1079,125177,5.186351539728805,0.16048641961063354
473,0.0477,0,23,0,21659,654785,1079,125177,5.186169370168546,0.16049115213305262
474,0.0478,1,37,1,21696,654748,1080,125176,5.185876314789,0.1604976895184659
475,0.0479,4,23,4,21719,654725,1084,125172,5.185694145228742,0.16049811705904754
476,0.048,5,23,5,21742,654702,1089,125167,5.185511975668483,0.16049746816452506
477,0.0481,4,28,4,21770,654674,1093,125163,5.185290204029908,0.1604989247753056
478,0.0482,2,35,2,21805,654639,1095,125161,5.185012989481688,0.16050397537830213
479,0.0483,5,45,5,21850,654594,1100,125156,5.184656570776834,0.16050785508175697
480,0.0484,0,26,0,21876,654568,1100,125156,5.184450639969586,0.16051320723743273
481,0.0485,3,34,3,21910,654534,1103,125153,5.18418134583703,0.16051697668423354
482,0.0486,1,20,1,21930,654514,1104,125152,5.184022937523761,0.1605200175459748
483,0.0487,3,11,3,21941,654503,1107,125149,5.183935812951463,0.16051905208990677
484,0.0488,2,20,2,21961,654483,1109,125147,5.183777404638195,0.16052101637956467
485,0.0489,1,15,1,21976,654468,1110,125146,5.183658598403245,0.16052302806260535
486,0.049,2,38,2,22014,654430,1112,125144,5.1833576226080345,0.1605286990074066
487,0.0491,2,35,2,22049,654395,1114,125142,5.183080408059815,0.1605337527275806
488,0.0492,2,86,2,22135,654309,1116,125140,5.182399252312761,0.16054931111592932
489,0.0493,1,45,1,22180,654264,1117,125139,5.182042833607908,0.16055750362777665
490,0.0494,2,20,2,22200,654244,1119,125137,5.18188442529464,0.16055946963038617
491,0.0495,2,36,2,22236,654208,1121,125135,5.181599290330756,0.1605647320884386
492,0.0496,0,31,0,22267,654177,1121,125135,5.181353757445191,0.1605711191409859
493,0.0497,1,14,1,22281,654163,1122,125134,5.181242871625903,0.16057292662489397
494,0.0498,1,32,1,22313,654131,1123,125133,5.180989418324674,0.16057844324901446
495,0.0499,4,40,4,22353,654091,1127,125129,5.180672601698137,0.16058237724904392
496,0.05,2,105,2,22458,653986,1129,125127,5.179840958053479,0.16060186391447712
497,0.0501,0,40,0,22498,653946,1129,125127,5.179524141426942,0.160610109707306
498,0.0502,0,51,0,22549,653895,1129,125127,5.179120200228108,0.16062062432126437
499,0.0503,1,34,1,22583,653861,1130,125126,5.178850906095552,0.16062655731096925
500,0.0504,0,20,0,22603,653841,1130,125126,5.178692497782284,0.1606306814024214
501,0.0505,2,13,2,22616,653828,1132,125124,5.178589532378659,0.16063120705768777
502,0.0506,3,29,3,22645,653799,1135,125121,5.17835984032442,0.1606339547065167
503,0.0507,2,60,2,22705,653739,1137,125119,5.177884615384615,0.16064417390589814
504,0.0508,4,45,4,22750,653694,1141,125115,5.177528196679762,0.16064914504069674
505,0.0509,1,18,1,22768,653676,1142,125114,5.17738562919782,0.16065178032589017
506,0.051,2,26,2,22794,653650,1144,125112,5.177179698390572,0.1606549883019459
507,0.0511,2,20,2,22814,653630,1146,125110,5.177021290077303,0.16065695867683694
508,0.0512,1,17,1,22831,653613,1147,125109,5.176886643011025,0.16065938807430635
509,0.0513,5,30,5,22861,653583,1152,125104,5.176649030541123,0.1606601882399475
510,0.0514,0,33,0,22894,653550,1152,125104,5.17638765682423,0.16066699715149477
511,0.0515,3,51,3,22945,653499,1155,125101,5.175983715625396,0.16067428718212176
512,0.0516,1,11,1,22956,653488,1156,125100,5.175896591053099,0.16067547920080968
513,0.0517,3,45,3,23001,653443,1159,125097,5.175540172348245,0.16068153209854344
514,0.0518,2,35,2,23036,653408,1161,125095,5.175262957800025,0.16068659979473426
515,0.0519,1,29,1,23065,653379,1162,125094,5.175033265745786,0.1606915076052734
516,0.052,1,15,1,23080,653364,1163,125093,5.174914459510835,0.16069352578241317
517,0.0521,1,25,1,23105,653339,1164,125092,5.174716449119249,0.1606976083943214
518,0.0522,3,61,3,23166,653278,1167,125089,5.174233303763781,0.1607069672789314
519,0.0523,3,32,3,23198,653246,1170,125086,5.173979850462552,0.1607103395466202
520,0.0524,1,34,1,23232,653212,1171,125085,5.173710556329996,0.160716281830715
521,0.0525,3,77,3,23309,653135,1174,125082,5.173100684323913,0.16072894835245183
522,0.0526,3,37,3,23346,653098,1177,125079,5.172807628944367,0.16073335500792235
523,0.0527,4,38,4,23384,653060,1181,125075,5.172506653149157,0.16073689012831963
524,0.0528,2,34,2,23418,653026,1183,125073,5.172237359016601,0.16074175651170353
525,0.0529,0,31,0,23449,652995,1183,125073,5.171991826131035,0.16074816082913063
526,0.053,1,44,1,23493,652951,1184,125072,5.171643327841845,0.1607561730180213
527,0.0531,0,15,0,23508,652936,1184,125072,5.171524521606894,0.16075927239822727
528,0.0532,3,33,3,23541,652903,1187,125069,5.171263147890001,0.16076285521843975
529,0.0533,6,41,6,23582,652862,1193,125063,5.170938410847802,0.16076485522383263
530,0.0534,0,22,0,23604,652840,1193,125063,5.1707641617032065,0.16076940184058938
531,0.0535,2,49,2,23653,652791,1195,125061,5.170376061335699,0.16077737153083105
532,0.0536,1,43,1,23696,652748,1196,125060,5.170035483462172,0.1607851809186843
533,0.0537,0,19,0,23715,652729,1196,125060,5.169884995564567,0.16078910861429
534,0.0538,1,38,1,23753,652691,1197,125059,5.169584019769357,0.1607958855673417
535,0.0539,4,38,4,23791,652653,1201,125055,5.169283043974148,0.16079942600564737
536,0.054,0,35,0,23826,652618,1201,125055,5.169005829425928,0.16080666295473806
537,0.0541,2,28,2,23854,652590,1203,125053,5.168784057787352,0.16081029469820984
538,0.0542,0,21,0,23875,652569,1203,125053,5.168617729058421,0.16081463744595703
539,0.0543,1,21,1,23896,652548,1204,125052,5.16845140032949,0.1608179012345679
540,0.0544,1,20,1,23916,652528,1205,125051,5.168292992016221,0.16082095838493582
541,0.0545,0,36,0,23952,652492,1205,125051,5.168007857052338,0.16082840434548315
542,0.0546,5,61,5,24013,652431,1210,125046,5.16752471169687,0.16083562600565676
543,0.0547,2,14,2,24027,652417,1212,125044,5.167413825877582,0.16083636349604674
544,0.0548,2,49,2,24076,652368,1214,125042,5.167025725510075,0.16084434211034074
545,0.0549,2,21,2,24097,652347,1216,125040,5.166859396781143,0.16084652817708556
546,0.055,4,84,4,24181,652263,1220,125036,5.166194081865417,0.1608595919974167
547,0.0551,1,32,1,24213,652231,1221,125035,5.165940628564187,0.160865134973098
548,0.0552,4,41,4,24254,652190,1225,125031,5.165615891521987,0.16086930229625807
549,0.0553,2,38,2,24292,652152,1227,125029,5.1653149157267775,0.1608750085243978
550,0.0554,3,38,3,24330,652114,1230,125026,5.165013939931567,0.16087963558689555
551,0.0555,0,10,0,24340,652104,1230,125026,5.164934735774933,0.16088170576351446
552,0.0556,4,40,4,24380,652064,1234,125022,5.164617919148397,0.16088566773819113
553,0.0557,1,40,1,24420,652024,1235,125021,5.16430110252186,0.16089286978231634
554,0.0558,1,26,1,24446,651998,1236,125020,5.164095171714612,0.160897173553251
555,0.0559,6,37,6,24483,651961,1242,125014,5.163802116335066,0.16089835580295375
556,0.056,3,49,3,24532,651912,1245,125011,5.163414015967558,0.16090526345596667
557,0.0561,3,42,3,24574,651870,1248,125008,5.163081358509695,0.16091072214684932
558,0.0562,2,36,2,24610,651834,1250,125006,5.162796223545811,0.16091601874259823
559,0.0563,2,29,2,24639,651805,1252,125004,5.1625665314915725,0.16091986575850692
560,0.0564,1,24,1,24663,651781,1253,125003,5.162376441515651,0.16092375744093596
561,0.0565,1,29,1,24692,651752,1254,125002,5.162146749461412,0.16092868527229987
562,0.0566,0,26,0,24718,651726,1254,125002,5.161940818654163,0.16093407215910846
563,0.0567,1,40,1,24758,651686,1255,125001,5.161624002027627,0.1609412800780752
564,0.0568,1,28,1,24786,651658,1256,125000,5.161402230389051,0.1609460019725542
565,0.0569,0,15,0,24801,651643,1256,125000,5.1612834241540995,0.16094911046645627
566,0.057,3,30,3,24831,651613,1259,124997,5.161045811684197,0.1609520866329303
567,0.0571,0,18,0,24849,651595,1259,124997,5.160903244202256,0.16095581721161176
568,0.0572,4,32,4,24881,651563,1263,124993,5.160649790901027,0.16095812793926
569,0.0573,1,14,1,24895,651549,1264,124992,5.160538905081738,0.16095994931368723
570,0.0574,1,12,1,24907,651537,1265,124991,5.160443860093777,0.16096135619063318
571,0.0575,0,56,0,24963,651481,1265,124991,5.160000316816626,0.16097296489763957
572,0.0576,2,22,2,24985,651459,1267,124989,5.159826067672031,0.1609753647378833
573,0.0577,4,32,4,25017,651427,1271,124985,5.159572614370802,0.1609776768004616
574,0.0578,0,39,0,25056,651388,1271,124985,5.159263718159929,0.16098576328646153
575,0.0579,3,23,3,25079,651365,1274,124982,5.15908154859967,0.1609872904770676
576,0.058,1,32,1,25111,651333,1275,124981,5.158828095298441,0.16099284567842392
577,0.0581,1,46,1,25157,651287,1276,124980,5.158463756177924,0.16100130496336956
578,0.0582,2,30,2,25187,651257,1278,124978,5.1582261437080215,0.16100536564313642
579,0.0583,2,38,2,25225,651219,1280,124976,5.157925167912812,0.1610110861317066
580,0.0584,1,15,1,25240,651204,1281,124975,5.157806361677861,0.16101311681970268
581,0.0585,0,8,0,25248,651196,1281,124975,5.157742998352553,0.1610147763830393
582,0.0586,2,36,2,25284,651160,1283,124973,5.157457863388671,0.16102008289816308
583,0.0587,4,17,4,25301,651143,1287,124969,5.157323216322393,0.1610192858762653
584,0.0588,2,25,2,25326,651118,1289,124967,5.157125205930807,0.16102231070050316
585,0.0589,5,29,5,25355,651089,1294,124962,5.156895513876568,0.1610229224625701
586,0.059,0,17,0,25372,651072,1294,124962,5.1567608668102904,0.16102644987204168
587,0.0591,0,9,0,25381,651063,1294,124962,5.156689583069319,0.16102831738668213
588,0.0592,2,22,2,25403,651041,1296,124960,5.156515333924724,0.1610307203212367
589,0.0593,1,23,1,25426,651018,1297,124959,5.156333164364466,0.16103441210242056
590,0.0594,2,27,2,25453,650991,1299,124957,5.156119313141554,0.16103785305200863
591,0.0595,1,8,1,25461,650983,1300,124956,5.156055949816246,0.16103843214479488
592,0.0596,1,36,1,25497,650947,1301,124955,5.155770814852364,0.1610448226709043
593,0.0597,4,44,4,25541,650903,1305,124951,5.155422316563174,0.16104963047171247
594,0.0598,4,26,4,25567,650877,1309,124947,5.155216385755924,0.1610507022211223
595,0.0599,3,17,3,25584,650860,1312,124944,5.155081738689646,0.16105098710499044
596,0.06,4,71,4,25655,650789,1316,124940,5.154519389177544,0.16106140159772292
597,0.0601,1,16,1,25671,650773,1317,124939,5.15439266252693,0.16106364217647787
598,0.0602,2,18,2,25689,650755,1319,124937,5.154250095044988,0.1610652166065913
599,0.0603,4,48,4,25737,650707,1323,124933,5.153869915093144,0.1610708576143572
600,0.0604,1,26,1,25763,650681,1324,124932,5.153663984285895,0.16107517537741114
601,0.0605,2,35,2,25798,650646,1326,124930,5.153386769737676,0.1610802809782665
602,0.0606,1,34,1,25832,650612,1327,124929,5.15311747560512,0.16108626107452734
603,0.0607,3,72,3,25904,650540,1330,124926,5.152547205677354,0.1610979720580915
604,0.0608,4,32,4,25936,650508,1334,124922,5.152293752376124,0.16110029274080187
605,0.0609,1,8,1,25944,650500,1335,124921,5.152230389050818,0.1611008729451485
606,0.061,5,38,5,25982,650462,1340,124916,5.1519294132556075,0.16110335861992472
607,0.0611,1,40,1,26022,650422,1341,124915,5.151612596629071,0.16111058804107117
608,0.0612,1,25,1,26047,650397,1342,124914,5.151414586237486,0.16111470106834547
609,0.0613,3,40,3,26087,650357,1345,124911,5.151097769610949,0.16111976761584382
610,0.0614,0,18,0,26105,650339,1345,124911,5.1509552021290075,0.16112350854563043
611,0.0615,2,38,2,26143,650301,1347,124909,5.150654226333798,0.16112924239883386
612,0.0616,2,27,2,26170,650274,1349,124907,5.150440375110886,0.16113269030071686
613,0.0617,3,42,3,26212,650232,1352,124904,5.1501077176530226,0.1611381744622879
614,0.0618,3,22,3,26234,650210,1355,124901,5.1499334685084275,0.16113950131013494
615,0.0619,1,20,1,26254,650190,1356,124900,5.149775060195159,0.1611425769910591
616,0.062,3,14,3,26268,650176,1359,124897,5.1496641743758715,0.16114224079538314
617,0.0621,5,37,5,26305,650139,1364,124892,5.149371118996325,0.16114452196105705
618,0.0622,2,46,2,26351,650093,1366,124890,5.1490067798758075,0.16115192204216092
619,0.0623,0,16,0,26367,650077,1366,124890,5.148880053225193,0.16115524919125587
620,0.0624,2,19,2,26386,650058,1368,124888,5.148729565327589,0.16115703545795448
621,0.0625,4,36,4,26422,650022,1372,124884,5.148444430363705,0.16116019233300555
622,0.0626,5,32,5,26454,649990,1377,124879,5.148190977062476,0.16116143502966307
623,0.0627,1,9,1,26463,649981,1378,124878,5.148119693321505,0.16116222435307584
624,0.0628,2,31,2,26494,649950,1380,124876,5.14787416043594,0.16116650706094013
625,0.0629,3,19,3,26513,649931,1383,124873,5.147723672538334,0.16116721132054043
626,0.063,2,19,2,26532,649912,1385,124871,5.14757318464073,0.16116899828726236
627,0.0631,1,24,1,26556,649888,1386,124870,5.147383094664808,0.16117290818552374
628,0.0632,1,38,1,26594,649850,1387,124869,5.147082118869598,0.16117973097342392
629,0.0633,0,58,0,26652,649792,1387,124869,5.14662273476112,0.16119179873518868
630,0.0634,2,57,2,26709,649735,1389,124867,5.146171271068305,0.16120149444488913
631,0.0635,3,45,3,26754,649690,1392,124864,5.145814852363452,0.1612076110897368
632,0.0636,2,24,2,26778,649666,1394,124862,5.14562476238753,0.16121044042307056
633,0.0637,0,23,0,26801,649643,1394,124862,5.145442592827272,0.1612152277906534
634,0.0638,2,17,2,26818,649626,1396,124860,5.145307945760994,0.16121660042918787
635,0.0639,1,38,1,26856,649588,1397,124859,5.145006969965784,0.16122342781365284
636,0.064,2,38,2,26894,649550,1399,124857,5.144705994170574,0.16122917277348991
637,0.0641,2,35,2,26929,649515,1401,124855,5.144428779622355,0.16123429368389788
638,0.0642,3,22,3,26951,649493,1404,124852,5.14425453047776,0.1612356249475363
639,0.0643,4,33,4,26984,649460,1408,124848,5.1439931567608665,0.1612381636248108
640,0.0644,1,13,1,26997,649447,1409,124847,5.143890191357243,0.16123978747090897
641,0.0645,2,33,2,27030,649414,1411,124845,5.14362881764035,0.16124449312181066
642,0.0646,2,31,2,27061,649383,1413,124843,5.143383284754784,0.1612487826551937
643,0.0647,2,69,2,27130,649314,1415,124841,5.142836776074009,0.16126098778668355
644,0.0648,1,40,1,27170,649274,1416,124840,5.142519959447472,0.16126823697801615
645,0.0649,5,59,5,27229,649215,1421,124835,5.14205265492333,0.1612751114269104
646,0.065,4,46,4,27275,649169,1425,124831,5.1416883158028135,0.16128036175710594
647,0.0651,4,39,4,27314,649130,1429,124827,5.1413794195919404,0.16128415402922902
648,0.0652,0,22,0,27336,649108,1429,124827,5.141205170447345,0.16128873871836782
649,0.0653,2,28,2,27364,649080,1431,124825,5.140983398808769,0.16129240669074368
650,0.0654,0,9,0,27373,649071,1431,124825,5.140912115067799,0.16129428243588287
651,0.0655,0,20,0,27393,649051,1431,124825,5.140753706754531,0.1612984509146168
652,0.0656,0,47,0,27440,649004,1431,124825,5.14038144721835,0.16130824768779667
653,0.0657,2,37,2,27477,648967,1433,124823,5.140088391838804,0.16131379314801172
654,0.0658,4,58,4,27535,648909,1437,124819,5.139629007730326,0.1613215496918814
655,0.0659,3,21,3,27556,648888,1440,124816,5.139462679001394,0.16132267637235945
656,0.066,2,62,2,27618,648826,1442,124814,5.138971613230263,0.16133343674060285
657,0.0661,0,8,0,27626,648818,1442,124814,5.138908249904955,0.16133510506287227
658,0.0662,0,29,0,27655,648789,1442,124814,5.138678557850716,0.16134115302034766
659,0.0663,2,27,2,27682,648762,1444,124812,5.138464706627804,0.16134461602897718
660,0.0664,2,37,2,27719,648725,1446,124810,5.138171651248258,0.16135016515089814
661,0.0665,3,37,3,27756,648688,1449,124807,5.137878595868711,0.16135463060523986
662,0.0666,0,38,0,27794,648650,1449,124807,5.137577620073501,0.16136255797025562
663,0.0667,4,100,4,27894,648550,1453,124803,5.13678557850716,0.16137908561808126
664,0.0668,3,49,3,27943,648501,1456,124800,5.136397478139653,0.1613860579515609
665,0.0669,1,18,1,27961,648483,1457,124799,5.136254910657711,0.1613887301139817
666,0.067,0,26,0,27987,648457,1457,124799,5.136048979850463,0.161394156657045
667,0.0671,2,14,2,28001,648443,1459,124797,5.135938094031175,0.1613949097304847
668,0.0672,1,19,1,28020,648424,1460,124796,5.13578760613357,0.16139779105558574
669,0.0673,0,19,0,28039,648405,1460,124796,5.135637118235965,0.16140175711102286
670,0.0674,1,24,1,28063,648381,1461,124795,5.135447028260043,0.16140568253541238
671,0.0675,3,60,3,28123,648321,1464,124792,5.134971803320238,0.16141495486429538
672,0.0676,3,18,3,28141,648303,1467,124789,5.134829235838297,0.16141545896219336
673,0.0677,1,21,1,28162,648282,1468,124788,5.134662907109365,0.16141875897396096
674,0.0678,2,73,2,28235,648209,1470,124786,5.134084716765936,0.1614318333236308
675,0.0679,2,44,2,28279,648165,1472,124784,5.133736218476746,0.16143885301617572
676,0.068,2,24,2,28303,648141,1474,124782,5.133546128500824,0.1614416960033535
677,0.0681,5,19,5,28322,648122,1479,124777,5.133395640603219,0.16144023992785603
678,0.0682,1,38,1,28360,648084,1480,124776,5.133094664808009,0.16144709261703283
679,0.0683,3,59,3,28419,648025,1483,124773,5.132627360283868,0.16145616318882813
680,0.0684,3,33,3,28452,647992,1486,124770,5.132365986566975,0.1614598026300465
681,0.0685,0,18,0,28470,647974,1486,124770,5.132223419085034,0.16146356361227004
682,0.0686,3,11,3,28481,647963,1489,124767,5.132136294512736,0.16146260660256492
683,0.0687,1,32,1,28513,647931,1490,124766,5.131882841211507,0.16146820810744703
684,0.0688,5,73,5,28586,647858,1495,124761,5.131304650868078,0.16147803768739832
685,0.0689,2,22,2,28608,647836,1497,124759,5.131130401723483,0.16148046518551118
686,0.069,1,57,1,28665,647779,1498,124758,5.130678938030668,0.16149129426810624
687,0.0691,1,16,1,28681,647763,1499,124757,5.130552211380053,0.16149355356495626
688,0.0692,3,25,3,28706,647738,1502,124754,5.130354200988468,0.1614955235782377
689,0.0693,2,46,2,28752,647692,1504,124752,5.1299898618679505,0.1615029697945741
690,0.0694,0,25,0,28777,647667,1504,124752,5.129791851476366,0.1615081969759936
691,0.0695,1,23,1,28800,647644,1505,124751,5.129609681916107,0.1615119207141424
692,0.0696,0,29,0,28829,647615,1505,124751,5.129379989861868,0.16151798499675024
693,0.0697,2,47,2,28876,647568,1507,124749,5.129007730325688,0.1615256429678487
694,0.0698,1,27,1,28903,647541,1508,124748,5.128793879102775,0.16153020436650012
695,0.0699,0,19,0,28922,647522,1508,124748,5.128643391205171,0.16153417846090098
696,0.07,2,58,2,28980,647464,1510,124746,5.128184007096692,0.1615441395475324
697,0.0701,1,30,1,29010,647434,1511,124745,5.12794639462679,0.16154932988335607
698,0.0702,0,82,0,29092,647352,1511,124745,5.12729692054239,0.1615664871123706
699,0.0703,0,20,0,29112,647332,1511,124745,5.127138512229122,0.16157067235521846
700,0.0704,5,40,5,29152,647292,1516,124740,5.126821695602585,0.1615736135289729
701,0.0705,3,92,3,29244,647200,1519,124737,5.126093017361551,0.16158961158747412
702,0.0706,3,38,3,29282,647162,1522,124734,5.125792041566341,0.16159430804149783
703,0.0707,1,9,1,29291,647153,1523,124733,5.125720757825371,0.1615951060130641
704,0.0708,1,51,1,29342,647102,1524,124732,5.125316816626537,0.16160469738311606
705,0.0709,4,29,4,29371,647073,1528,124728,5.125087124572298,0.16160642445397194
706,0.071,1,27,1,29398,647046,1529,124727,5.124873273349386,0.16161099183309083
707,0.0711,2,11,2,29409,647035,1531,124725,5.124786148777088,0.1616111226287965
708,0.0712,2,30,2,29439,647005,1533,124723,5.124548536307185,0.16161523230982938
709,0.0713,2,37,2,29476,646968,1535,124721,5.124255480927639,0.16162080838265155
710,0.0714,4,60,4,29536,646908,1539,124717,5.1237802559878345,0.1616290296452292
711,0.0715,1,21,1,29557,646887,1540,124716,5.123613927258902,0.16163234202044316
712,0.0716,4,31,4,29588,646856,1544,124712,5.123368394373337,0.1616344897662941
713,0.0717,1,34,1,29622,646822,1545,124711,5.123099100240781,0.1616405260695265
714,0.0718,1,21,1,29643,646801,1546,124710,5.122932771511849,0.16164383916755562
715,0.0719,2,17,2,29660,646784,1548,124708,5.122798124445571,0.16164522768868633
716,0.072,3,51,3,29711,646733,1551,124705,5.122394183246737,0.16165265387497116
717,0.0721,2,23,2,29734,646710,1553,124703,5.122212013686478,0.1616553000792053
718,0.0722,4,16,4,29750,646694,1557,124699,5.122085287035864,0.16165430591151334
719,0.0723,0,33,0,29783,646661,1557,124699,5.121823913318971,0.16166122173822858
720,0.0724,1,31,1,29814,646630,1558,124698,5.121578380433405,0.16166663209425822
721,0.0725,1,29,1,29843,646601,1559,124697,5.121348688379166,0.16167162367852633
722,0.0726,0,33,0,29876,646568,1559,124697,5.121087314662273,0.16167854109806618
723,0.0727,1,41,1,29917,646527,1560,124696,5.120762577620074,0.16168604930091557
724,0.0728,1,34,1,29951,646493,1561,124695,5.120493283487518,0.16169209064456397
725,0.0729,1,7,1,29958,646486,1562,124694,5.120437840577874,0.1616924712777821
726,0.073,3,63,3,30021,646423,1565,124691,5.119938854391078,0.16170242013502542
727,0.0731,2,46,2,30067,646377,1567,124689,5.119574515270561,0.16170989253838192
728,0.0732,4,60,4,30127,646317,1571,124685,5.119099290330756,0.1617181278388383
729,0.0733,2,34,2,30161,646283,1573,124683,5.1188299961982,0.16172308506471103
730,0.0734,1,21,1,30182,646262,1574,124682,5.118663667469269,0.16172640295533788
731,0.0735,3,35,3,30217,646227,1577,124679,5.118386452921049,0.16173048335335308
732,0.0736,1,49,1,30266,646178,1578,124678,5.117998352553542,0.1617396764116774
733,0.0737,2,36,2,30302,646142,1580,124676,5.117713217589659,0.161745055252991
734,0.0738,3,55,3,30357,646087,1583,124673,5.117277594728171,0.1617533343712699
735,0.0739,1,55,1,30412,646032,1584,124672,5.116841971866684,0.16176378998941227
736,0.074,3,33,3,30445,645999,1587,124669,5.116580598149791,0.1617674536895265
737,0.0741,0,19,0,30464,645980,1587,124669,5.116430110252186,0.16177144199239862
738,0.0742,3,27,3,30491,645953,1590,124666,5.116216259029274,0.1617738467387905
739,0.0743,1,35,1,30526,645918,1591,124665,5.115939044481054,0.16178010675034357
740,0.0744,1,30,1,30556,645888,1592,124664,5.115701432011152,0.1617853175385957
741,0.0745,3,34,3,30590,645854,1595,124661,5.115432137878596,0.1617891929423827
742,0.0746,4,41,4,30631,645813,1599,124657,5.115107400836396,0.1617934507508404
743,0.0747,4,48,4,30679,645765,1603,124653,5.114727220884552,0.16179917914690467
744,0.0748,1,27,1,30706,645738,1604,124652,5.11451336966164,0.16180376173107128
745,0.0749,1,29,1,30735,645709,1605,124651,5.114283677607401,0.1618087647333714
746,0.075,2,62,2,30797,645647,1607,124649,5.113792611836269,0.16181961220102403
747,0.0751,0,48,0,30845,645599,1607,124649,5.113412431884425,0.16182969640946812
748,0.0752,8,53,8,30898,645546,1615,124641,5.112992649854264,0.1618321264835683
749,0.0753,1,37,1,30935,645509,1616,124640,5.1126995944747184,0.16183881300891126
750,0.0754,1,17,1,30952,645492,1617,124639,5.11256494740844,0.1618412971299688
751,0.0755,1,31,1,30983,645461,1618,124638,5.112319414522874,0.1618467236030692
752,0.0756,1,19,1,31002,645442,1619,124637,5.1121689266252694,0.16184962841474707
753,0.0757,2,42,2,31044,645400,1621,124635,5.111836269167406,0.16185627926003363
754,0.0758,3,118,3,31162,645282,1624,124632,5.110901660119123,0.16187782012016927
755,0.0759,5,21,5,31183,645261,1629,124627,5.110735331390192,0.1618767924685149
756,0.076,4,47,4,31230,645214,1633,124623,5.110363071854011,0.16188232054317991
757,0.0761,1,15,1,31245,645199,1634,124622,5.11024426561906,0.16188438611053738
758,0.0762,2,48,2,31293,645151,1636,124620,5.1098640856672155,0.1618923030355781
759,0.0763,1,44,1,31337,645107,1637,124619,5.109515587378025,0.16190046847839362
760,0.0764,5,28,5,31365,645079,1642,124614,5.10929381573945,0.16190091374093307
761,0.0765,1,17,1,31382,645062,1643,124613,5.109159168673172,0.16190340078604606
762,0.0766,4,21,4,31403,645041,1647,124609,5.10899283994424,0.16190346261287597
763,0.0767,3,38,3,31441,645003,1650,124606,5.108691864149031,0.1619081897431033
764,0.0768,3,19,3,31460,644984,1653,124603,5.108541376251425,0.16190891997915766
765,0.0769,1,27,1,31487,644957,1654,124602,5.108327525028513,0.16191351150464098
766,0.077,3,33,3,31520,644924,1657,124599,5.108066151311621,0.1619171876604078
767,0.0771,2,25,2,31545,644899,1659,124597,5.1078681409200355,0.1619202698909416
768,0.0772,3,23,3,31568,644876,1662,124594,5.107685971359777,0.1619218423070425
769,0.0773,1,21,1,31589,644855,1663,124593,5.107519642630845,0.16192517233133363
770,0.0774,3,44,3,31633,644811,1666,124590,5.107171144341655,0.16193116463326665
771,0.0775,3,38,3,31671,644773,1669,124587,5.106870168546445,0.1619358947696787
772,0.0776,7,36,7,31707,644737,1676,124580,5.106585033582562,0.16193584699155225
773,0.0777,5,41,5,31748,644696,1681,124575,5.106260296540363,0.1619390305887002
774,0.0778,4,31,4,31779,644665,1685,124571,5.106014763654796,0.16194119879984817
775,0.0779,0,29,0,31808,644636,1685,124571,5.1057850716005575,0.16194730417169892
776,0.078,2,41,2,31849,644595,1687,124569,5.105460334558358,0.1619537575861585
777,0.0781,1,27,1,31876,644568,1688,124568,5.105246483335446,0.16195835326912275
778,0.0782,2,57,2,31933,644511,1690,124566,5.104795019642631,0.16196817743866998
779,0.0783,1,51,1,31984,644460,1691,124565,5.104391078443797,0.16197782906927602
780,0.0784,2,20,2,32004,644440,1693,124563,5.1042326701305285,0.16197986223720845
781,0.0785,4,35,4,32039,644405,1697,124559,5.103955455582309,0.16198287566127934
782,0.0786,4,30,4,32069,644375,1701,124555,5.103717843112406,0.16198483607090372
783,0.0787,0,23,0,32092,644352,1701,124555,5.103535673552148,0.16198968145692522
784,0.0788,3,17,3,32109,644335,1704,124552,5.10340102648587,0.16198999332801828
785,0.0789,0,24,0,32133,644311,1704,124552,5.103210936509948,0.1619950498333253
786,0.079,0,16,0,32149,644295,1704,124552,5.103084209859333,0.16199842101224302
787,0.0791,1,33,1,32182,644262,1705,124551,5.10282283614244,0.16200428452692658
788,0.0792,4,45,4,32227,644217,1709,124547,5.102466417437587,0.1620094073083547
789,0.0793,0,19,0,32246,644198,1709,124547,5.102315929539983,0.1620134114693429
790,0.0794,2,40,2,32286,644158,1711,124545,5.101999112913446,0.16201966168988544
791,0.0795,1,34,1,32320,644124,1712,124544,5.10172981878089,0.16202573802994272
792,0.0796,5,30,5,32350,644094,1717,124539,5.101492206310987,0.1620266108793143
793,0.0797,3,41,3,32391,644053,1720,124536,5.101167469268788,0.16203198328365356
794,0.0798,2,53,2,32444,644000,1722,124534,5.100747687238626,0.16204097671671
795,0.0799,1,36,1,32480,643964,1723,124533,5.1004625522747435,0.16204747708839462
796,0.08,3,46,3,32526,643918,1726,124530,5.100098213154227,0.16205390605480136
797,0.0801,1,21,1,32547,643897,1727,124529,5.0999318844252945,0.16205724428897514
798,0.0802,2,31,2,32578,643866,1729,124527,5.099686351539729,0.1620616012899649
799,0.0803,3,40,3,32618,643826,1732,124524,5.099369534913192,0.16206676644758247
800,0.0804,2,21,2,32639,643805,1734,124522,5.099203206184261,0.16206901488558909
801,0.0805,1,31,1,32670,643774,1735,124521,5.0989576732986945,0.1620744635849511
802,0.0806,3,26,3,32696,643748,1738,124518,5.098751742491446,0.16207667656775127
803,0.0807,1,19,1,32715,643729,1739,124517,5.0986012545938415,0.16207959429661853
804,0.0808,3,45,3,32760,643684,1742,124514,5.098244835888988,0.16208581641712164
805,0.0809,1,45,1,32805,643639,1743,124513,5.097888417184134,0.16209422093543985
806,0.081,3,33,3,32838,643606,1746,124510,5.0976270434672415,0.1620979122944972
807,0.0811,3,24,3,32862,643582,1749,124507,5.097436953491319,0.1620997045915252
808,0.0812,4,32,4,32894,643550,1753,124503,5.09718350019009,0.16210209451691485
809,0.0813,1,55,1,32949,643495,1754,124502,5.096747877328602,0.16211261241905892
810,0.0814,4,39,4,32988,643456,1758,124498,5.096438981117729,0.162116480935056
811,0.0815,3,44,3,33032,643412,1761,124495,5.096090482828539,0.16212249660440653
812,0.0816,0,17,0,33049,643395,1761,124495,5.095955835762261,0.16212608576749274
813,0.0817,5,25,5,33074,643370,1766,124490,5.095757825370676,0.16212590836871305
814,0.0818,2,46,2,33120,643324,1768,124488,5.095393486250158,0.16213343891473433
815,0.0819,1,30,1,33150,643294,1769,124487,5.095155873780256,0.16213868277542684
816,0.082,2,24,2,33174,643270,1771,124485,5.094965783804334,0.16214156859935785
817,0.0821,4,37,4,33211,643233,1775,124481,5.094672728424788,0.1621450175455964
818,0.0822,4,59,4,33270,643174,1779,124477,5.094205423900647,0.16215311384991357
819,0.0823,2,57,2,33327,643117,1781,124475,5.093753960207832,0.1621629719955393
820,0.0824,7,61,7,33388,643056,1788,124468,5.093270814852364,0.162168218843971
821,0.0825,0,40,0,33428,643016,1788,124468,5.092953998225827,0.16217667078401635
822,0.0826,1,3,1,33431,643013,1789,124467,5.0929302369788365,0.16217621306092667
823,0.0827,3,30,3,33461,642983,1792,124464,5.092692624508934,0.16217927752665656
824,0.0828,2,44,2,33505,642939,1794,124462,5.092344126219744,0.16218639277248792
825,0.0829,0,29,0,33534,642910,1794,124462,5.092114434165505,0.1621925220101854
826,0.083,4,70,4,33604,642840,1798,124458,5.091560005069066,0.16220295113502187
827,0.0831,1,26,1,33630,642814,1799,124457,5.091354074261817,0.1622073556800661
828,0.0832,4,51,4,33681,642763,1803,124453,5.090950133062983,0.1622137703071886
829,0.0833,6,42,6,33723,642721,1809,124447,5.09061747560512,0.16221609869024778
830,0.0834,2,19,2,33742,642702,1811,124445,5.090466987707515,0.16221793215641853
831,0.0835,2,26,2,33768,642676,1813,124443,5.090261056900266,0.16222124598660703
832,0.0836,0,56,0,33824,642620,1813,124443,5.089817513623115,0.1622330890683034
833,0.0837,1,55,1,33879,642565,1814,124442,5.0893818907616275,0.16224363011028584
834,0.0838,2,28,2,33907,642537,1816,124440,5.0891601191230516,0.16224736856515906
835,0.0839,3,19,3,33926,642518,1819,124437,5.089009631225447,0.1622481110365015
836,0.084,0,35,0,33961,642483,1819,124437,5.088732416677227,0.16225551556876858
837,0.0841,3,37,3,33998,642446,1822,124434,5.088439361297681,0.16226006676403087
838,0.0842,1,46,1,34044,642400,1823,124433,5.088075022177164,0.16226870778904925
839,0.0843,1,25,1,34069,642375,1824,124432,5.0878770117855785,0.16227290569856562
840,0.0844,1,21,1,34090,642354,1825,124431,5.087710683056647,0.162276257360277
841,0.0845,3,35,3,34125,642319,1828,124428,5.0874334685084275,0.16228038714204293
842,0.0846,11,33,11,34158,642286,1839,124417,5.087172094791534,0.16227535303761692
843,0.0847,1,28,1,34186,642258,1840,124416,5.086950323152959,0.16228018688516893
844,0.0848,3,50,3,34236,642208,1843,124413,5.086554302369788,0.16228749277674365
845,0.0849,3,36,3,34272,642172,1846,124410,5.086269167405906,0.16229183570707373
846,0.085,1,24,1,34296,642148,1847,124409,5.086079077429983,0.1622958240548322
847,0.0851,1,54,1,34350,642094,1848,124408,5.085651374984159,0.1623061648893284
848,0.0852,2,42,2,34392,642052,1850,124406,5.085318717526296,0.16231287298195074
849,0.0853,0,18,0,34410,642034,1850,124406,5.085176150044354,0.1623166849329367
850,0.0854,2,39,2,34449,641995,1852,124404,5.084867253833481,0.1623227587718669
851,0.0855,2,43,2,34492,641952,1854,124402,5.084526675959954,0.1623296805392808
852,0.0856,3,11,3,34503,641941,1857,124399,5.084439551387657,0.16232873137249784
853,0.0857,2,35,2,34538,641906,1859,124397,5.084162336839437,0.16233395928242483
854,0.0858,1,32,1,34570,641874,1860,124396,5.083908883538208,0.16233964529473946
855,0.0859,1,25,1,34595,641849,1861,124395,5.0837108731466225,0.16234384869571572
856,0.086,2,56,2,34651,641793,1863,124393,5.0832673298694715,0.16235352773347464
857,0.0861,2,19,2,34670,641774,1865,124391,5.083116841971867,0.16235536731643968
858,0.0862,3,33,3,34703,641741,1868,124388,5.082855468254974,0.16235908052038234
859,0.0863,3,41,3,34744,641700,1871,124385,5.082530731212774,0.16236448958013797
860,0.0864,1,30,1,34774,641670,1872,124384,5.0822931187428715,0.16236975461259912
861,0.0865,4,63,4,34837,641607,1876,124380,5.081794132556077,0.1623787348871456
862,0.0866,2,76,2,34913,641531,1878,124378,5.081192180965657,0.1623926602246481
863,0.0867,2,48,2,34961,641483,1880,124376,5.080812001013813,0.16240065077253124
864,0.0868,4,33,4,34994,641450,1884,124372,5.080550627296921,0.16240327386781786
865,0.0869,2,20,2,35014,641430,1886,124370,5.080392218983652,0.1624053277618177
866,0.087,5,35,5,35049,641395,1891,124365,5.080115004435433,0.16240728165482657
867,0.0871,0,31,0,35080,641364,1891,124365,5.079869471549867,0.16241385659939744
868,0.0872,9,38,9,35118,641326,1900,124356,5.079568495754657,0.16241207185228332
869,0.0873,2,43,2,35161,641283,1902,124354,5.079227917881131,0.1624190053510998
870,0.0874,1,40,1,35201,641243,1903,124353,5.078911101254594,0.16242639721210664
871,0.0875,4,34,4,35235,641209,1907,124349,5.078641807122038,0.162429234623634
872,0.0876,1,11,1,35246,641198,1908,124348,5.07855468254974,0.1624304744587523
873,0.0877,0,35,0,35281,641163,1908,124348,5.078277468001521,0.16243790095766097
874,0.0878,4,25,4,35306,641138,1912,124344,5.0780794576099355,0.16243882939115487
875,0.0879,0,24,0,35330,641114,1912,124344,5.077889367634014,0.16244392246210765
876,0.088,2,55,2,35385,641059,1914,124342,5.077453744772526,0.16245340677631726
877,0.0881,2,32,2,35417,641027,1916,124340,5.077200291471296,0.1624580103401375
878,0.0882,2,15,2,35432,641012,1918,124338,5.077081485236345,0.16245900568367413
879,0.0883,1,24,1,35456,640988,1919,124337,5.076891395260423,0.16246300591252083
880,0.0884,5,96,5,35552,640892,1924,124332,5.0761310353567355,0.16247791496346167
881,0.0885,4,31,4,35583,640861,1928,124328,5.07588550247117,0.1624801192907896
882,0.0886,1,20,1,35603,640841,1929,124327,5.075727094157902,0.16248327164753362
883,0.0887,3,36,3,35639,640805,1932,124324,5.075441959194018,0.16248763280440293
884,0.0888,0,44,0,35683,640761,1932,124324,5.075093460904828,0.1624969774600208
885,0.0889,1,24,1,35707,640737,1933,124323,5.074903370928906,0.16250098031526938
886,0.089,5,56,5,35763,640681,1938,124318,5.074459827651755,0.1625074019704601
887,0.0891,2,55,2,35818,640626,1940,124316,5.074024204790267,0.16251689670589403
888,0.0892,2,54,2,35872,640572,1942,124314,5.073596502344443,0.162526180371977
889,0.0893,1,53,1,35925,640519,1943,124313,5.073176720314282,0.16253634785155432
890,0.0894,1,27,1,35952,640492,1944,124312,5.07296286909137,0.16254099089439908
891,0.0895,1,14,1,35966,640478,1945,124311,5.072851983272082,0.16254287130175774
892,0.0896,2,27,2,35993,640451,1947,124309,5.07263813204917,0.16254641979183013
893,0.0897,3,22,3,36015,640429,1950,124306,5.072463882904575,0.16254781067951643
894,0.0898,2,58,2,36073,640371,1952,124304,5.072004498796097,0.1625579494556511
895,0.0899,4,17,4,36090,640354,1956,124300,5.071869851729819,0.16255718272578185
896,0.09,5,66,5,36156,640288,1961,124295,5.071347104296033,0.16256573844827835
897,0.0901,4,21,4,36177,640267,1965,124291,5.071180775567102,0.16256582234441339
898,0.0902,1,37,1,36214,640230,1966,124290,5.070887720187556,0.16257259456914142
899,0.0903,3,49,3,36263,640181,1969,124287,5.0704996198200485,0.16257972864789633
900,0.0904,1,29,1,36292,640152,1970,124286,5.070269927765809,0.1625848008602398
901,0.0905,0,23,0,36315,640129,1970,124286,5.070087758205551,0.16258969277159657
902,0.0906,2,37,2,36352,640092,1972,124284,5.069794702826004,0.16259537191120602
903,0.0907,1,19,1,36371,640073,1973,124283,5.0696442149284,0.16259831806121755
904,0.0908,4,79,4,36450,639994,1977,124279,5.06901850209099,0.16261074249646396
905,0.0909,3,46,3,36496,639948,1980,124276,5.068654162970473,0.16261724311196718
906,0.091,2,37,2,36533,639911,1982,124274,5.068361107590927,0.16262292507704287
907,0.0911,0,11,0,36544,639900,1982,124274,5.068273983018629,0.1626252659734563
908,0.0912,1,25,1,36569,639875,1983,124273,5.068075972627043,0.16262949062223547
909,0.0913,4,44,4,36613,639831,1987,124269,5.067727474337853,0.16263447192775815
910,0.0914,5,44,5,36657,639787,1992,124264,5.067378976048663,0.16263835791066303
911,0.0915,1,17,1,36674,639770,1993,124263,5.067244328982385,0.1626408806949438
912,0.0916,1,28,1,36702,639742,1994,124262,5.067022557343809,0.16264574531023399
913,0.0917,1,35,1,36737,639707,1995,124261,5.06674534279559,0.16265210061154395
914,0.0918,0,17,0,36754,639690,1995,124261,5.066610695729312,0.16265572006581575
915,0.0919,4,26,4,36780,639664,1999,124257,5.066404764922063,0.16265687158750708
916,0.092,1,16,1,36796,639648,2000,124256,5.066278038271449,0.16265918230563003
917,0.0921,3,27,3,36823,639621,2003,124253,5.066064187048537,0.16266164315057197
918,0.0922,5,90,5,36913,639531,2008,124248,5.065351349638829,0.16267532885821684
919,0.0923,3,68,3,36981,639463,2011,124245,5.064812761373717,0.1626865241689232
920,0.0924,5,31,5,37012,639432,2016,124240,5.064567228488151,0.1626876460050912
921,0.0925,1,57,1,37069,639375,2017,124239,5.0641157647953365,0.16269869331887576
922,0.0926,0,10,0,37079,639365,2017,124239,5.064036560638702,0.16270082398730232
923,0.0927,7,65,7,37144,639300,2024,124232,5.06352173362058,0.16270699852789405
924,0.0928,2,44,2,37188,639256,2026,124230,5.06317323533139,0.16271418205441882
925,0.0929,2,25,2,37213,639231,2028,124228,5.062975224939805,0.16271731684347163
926,0.093,1,28,1,37241,639203,2029,124227,5.062753453301229,0.16272218801985774
927,0.0931,0,31,0,37272,639172,2029,124227,5.062507920415664,0.16272879581974825
928,0.0932,5,46,5,37318,639126,2034,124222,5.062143581295146,0.16273311779162322
929,0.0933,11,82,11,37400,639044,2045,124211,5.061494107210747,0.16273853430373858
930,0.0934,0,53,0,37453,638991,2045,124211,5.061074325180585,0.16274983556122757
931,0.0935,3,29,3,37482,638962,2048,124208,5.060844633126346,0.16275272874981983
932,0.0936,1,17,1,37499,638945,2049,124207,5.060709986060068,0.16275525714405517
933,0.0937,1,18,1,37517,638927,2050,124206,5.060567418578127,0.16275799893334453
934,0.0938,3,33,3,37550,638894,2053,124203,5.0603060448612345,0.1627617458855165
935,0.0939,0,27,0,37577,638867,2053,124203,5.060092193638322,0.1627675049471215
936,0.094,2,56,2,37633,638811,2055,124201,5.059648650361171,0.16277725645206104
937,0.0941,0,18,0,37651,638793,2055,124201,5.0595060828792295,0.16278109657480924
938,0.0942,3,24,3,37675,638769,2058,124198,5.059315992903308,0.16278292508063913
939,0.0943,0,19,0,37694,638750,2058,124198,5.059165505005702,0.16278697892910132
940,0.0944,0,16,0,37710,638734,2058,124198,5.059038778355088,0.16279039285283617
941,0.0945,2,14,2,37724,638720,2060,124196,5.0589278925358006,0.16279118539917894
942,0.0946,2,62,2,37786,638658,2062,124194,5.058436826764669,0.1628022211385695
943,0.0947,2,25,2,37811,638633,2064,124192,5.058238816373083,0.16280536164913315
944,0.0948,2,39,2,37850,638594,2066,124190,5.05792992016221,0.16281149053991695
945,0.0949,2,21,2,37871,638573,2068,124188,5.057763591433279,0.16281377784128973
946,0.095,3,34,3,37905,638539,2071,124185,5.057494297300722,0.16281774272213803
947,0.0951,1,26,1,37931,638513,2072,124184,5.057288366493474,0.1628221954458979
948,0.0952,1,19,1,37950,638494,2073,124183,5.057137878595869,0.16282515402981865
949,0.0953,1,48,1,37998,638446,2074,124182,5.056757698644025,0.1628343045364188
950,0.0954,2,26,2,38024,638420,2076,124180,5.056551767836776,0.16283766063467087
951,0.0955,4,38,4,38062,638382,2080,124176,5.056250792041566,0.16284138386850575
952,0.0956,3,24,3,38086,638358,2083,124173,5.056060702065644,0.16284321555451517
953,0.0957,2,36,2,38122,638322,2085,124171,5.055775567101762,0.16284870811928764
954,0.0958,1,25,1,38147,638297,2086,124170,5.055577556710176,0.1628529497014297
955,0.0959,2,29,2,38176,638268,2088,124168,5.055347864655937,0.16285694799301187
956,0.096,0,42,0,38218,638226,2088,124168,5.055015207198074,0.16286591972129896
957,0.0961,2,19,2,38237,638207,2090,124166,5.054864719300469,0.16286778256837534
958,0.0962,2,19,2,38256,638188,2092,124164,5.054714231402864,0.1628696455180809
959,0.0963,2,24,2,38280,638164,2094,124162,5.054524141426942,0.16287257682408837
960,0.0964,2,27,2,38307,638137,2096,124160,5.05431029020403,0.16287614932237698
961,0.0965,2,20,2,38327,638117,2098,124158,5.054151881890761,0.16287822636187727
962,0.0966,5,72,5,38399,638045,2103,124153,5.053581611962996,0.16288812093445534
963,0.0967,1,30,1,38429,638015,2104,124152,5.0533439994930935,0.16289343411614515
964,0.0968,1,26,1,38455,637989,2105,124151,5.053138068685844,0.16289789277560554
965,0.0969,3,28,3,38483,637961,2108,124148,5.052916297047269,0.1629005824626136
966,0.097,6,45,6,38528,637916,2114,124142,5.052559878342415,0.16290361101123538
967,0.0971,1,9,1,38537,637907,2115,124141,5.052488594601445,0.1629044364659444
968,0.0972,0,22,0,38559,637885,2115,124141,5.05231434545685,0.16290913958316383
969,0.0973,0,25,0,38584,637860,2115,124141,5.052116335065264,0.16291448436419376
970,0.0974,0,21,0,38605,637839,2115,124141,5.051950006336333,0.16291897425129268
971,0.0975,2,19,2,38624,637820,2117,124139,5.051799518438727,0.16292083957273293
972,0.0976,1,42,1,38666,637778,2118,124138,5.051466860980864,0.16292872180135343
973,0.0977,5,47,5,38713,637731,2123,124133,5.051094601444684,0.16293327943044952
974,0.0978,0,32,0,38745,637699,2123,124133,5.050841148143455,0.1629401232817734
975,0.0979,2,36,2,38781,637663,2125,124131,5.0505560131795715,0.1629456257203391
976,0.098,2,40,2,38821,637623,2127,124129,5.050239196553035,0.16295198437286676
977,0.0981,4,49,4,38870,637574,2131,124125,5.049851096185527,0.16295807136414778
978,0.0982,2,30,2,38900,637544,2133,124123,5.049613483715626,0.16296229192022235
979,0.0983,1,48,1,38948,637496,2134,124122,5.049233303763781,0.16297146338453136
980,0.0984,1,30,1,38978,637466,2135,124121,5.048995691293879,0.1629767840049791
981,0.0985,1,50,1,39028,637416,2136,124120,5.048599670510709,0.1629863854105387
982,0.0986,2,19,2,39047,637397,2138,124118,5.048449182613104,0.16298825367852243
983,0.0987,8,90,8,39137,637307,2146,124110,5.047736345203396,0.1629987247460984
984,0.0988,3,61,3,39198,637246,2149,124107,5.047253199847928,0.16300848620810585
985,0.0989,4,30,4,39228,637216,2153,124103,5.047015587378025,0.1630105120192718
986,0.099,3,39,3,39267,637177,2156,124100,5.046706691167152,0.16301556463678793
987,0.0991,2,22,2,39289,637155,2158,124098,5.046532442022557,0.16301807677605212
988,0.0992,2,35,2,39324,637120,2160,124096,5.0462552274743375,0.1630233731293089
989,0.0993,2,25,2,39349,637095,2162,124094,5.046057217082753,0.16302652823411795
990,0.0994,3,35,3,39384,637060,2165,124091,5.045780002534533,0.1630307258349526
991,0.0995,3,50,3,39434,637010,2168,124088,5.045383981751362,0.16303813700732364
992,0.0996,4,33,4,39467,636977,2172,124084,5.04512260803447,0.1630408075042605
993,0.0997,2,50,2,39517,636927,2174,124082,5.044726587251299,0.1630493200474633
994,0.0998,7,97,7,39614,636830,2181,124075,5.043958306931947,0.16306240595080856
995,0.0999,5,19,5,39633,636811,2186,124070,5.043807819034343,0.16306097799787353
996,0.1,5,57,5,39690,636754,2191,124065,5.043356355341528,0.16306769415590305
997,0.1001,8,41,8,39731,636713,2199,124057,5.043031618299328,0.16306768142802686
998,0.1002,4,63,4,39794,636650,2203,124053,5.042532632112533,0.16307678555231148
999,0.1003,3,78,3,39872,636572,2206,124050,5.041914839690787,0.1630902077510248
1000,0.1004,2,39,2,39911,636533,2208,124048,5.041605943479913,0.16309636974891564
1001,0.1005,2,35,2,39946,636498,2210,124046,5.041328728931695,0.1631016745908192
1002,0.1006,3,37,3,39983,636461,2213,124043,5.041035673552148,0.1631063084480818
1003,0.1007,4,67,4,40050,636394,2217,124039,5.040505005702699,0.1631162771736629
1004,0.1008,3,62,3,40112,636332,2220,124036,5.040013939931567,0.16312627569808302
1005,0.1009,1,40,1,40152,636292,2221,124035,5.039697123305031,0.16313375692300813
1006,0.101,0,26,0,40178,636266,2221,124035,5.039491192497782,0.16313933560524055
1007,0.1011,5,39,5,40217,636227,2226,124030,5.039182296286909,0.1631422005979557
1008,0.1012,3,30,3,40247,636197,2229,124027,5.038944683817006,0.1631453361114619
1009,0.1013,1,33,1,40280,636164,2230,124026,5.038683310100114,0.16315131743379946
1010,0.1014,1,13,1,40293,636151,2231,124025,5.03858034469649,0.16315300667213908
1011,0.1015,3,37,3,40330,636114,2234,124022,5.038287289316943,0.16315764547396783
1012,0.1016,1,25,1,40355,636089,2235,124021,5.038089278925358,0.1631619107760719
1013,0.1017,1,51,1,40406,636038,2236,124020,5.037685337726524,0.16317175794478841
1014,0.1018,1,19,1,40425,636019,2237,124019,5.037534849828919,0.1631747360000421
1015,0.1019,0,12,0,40437,636007,2237,124019,5.037439804840958,0.16317731235510363
1016,0.102,0,58,0,40495,635949,2237,124019,5.03698042073248,0.16318976588487935
1017,0.1021,1,44,1,40539,635905,2238,124018,5.03663192244329,0.16319811349307758
1018,0.1022,1,13,1,40552,635892,2239,124017,5.036528957039666,0.1631998041870803
1019,0.1023,4,48,4,40600,635844,2243,124013,5.0361487770878215,0.1632057084425096
1020,0.1024,2,27,2,40627,635817,2245,124011,5.035934925864909,0.16320930526382285
1021,0.1025,7,54,7,40681,635763,2252,124004,5.035507223419085,0.16321319562444803
1022,0.1026,2,17,2,40698,635746,2254,124002,5.035372576352807,0.1632146448559259
1023,0.1027,7,24,7,40722,635722,2261,123995,5.035182486376885,0.1632120908180283
1024,0.1028,3,39,3,40761,635683,2264,123992,5.034873590166012,0.16321716523513344
1025,0.1029,0,30,0,40791,635653,2264,123992,5.03463597769611,0.16322361102883584
1026,0.103,3,28,3,40819,635625,2267,123989,5.034414206057534,0.16322632284291758
1027,0.1031,2,48,2,40867,635577,2269,123987,5.03403402610569,0.1632344344913661
1028,0.1032,6,42,6,40909,635535,2275,123981,5.033701368647827,0.1632368508365854
1029,0.1033,2,75,2,40984,635460,2277,123979,5.03310733747307,0.16325076800111663
1030,0.1034,3,36,3,41020,635424,2280,123976,5.0328222025091875,0.16325520147484857
1031,0.1035,2,40,2,41060,635384,2282,123974,5.032505385882651,0.16326159729666376
1032,0.1036,3,15,3,41075,635369,2285,123971,5.0323865796477,0.16326151658018806
1033,0.1037,3,38,3,41113,635331,2288,123968,5.03208560385249,0.1632663812279484
1034,0.1038,4,48,4,41161,635283,2292,123964,5.031705423900647,0.16327229478680852
1035,0.1039,1,33,1,41194,635250,2293,123963,5.031444050183754,0.16327828949188172
1036,0.104,1,27,1,41221,635223,2294,123962,5.0312301989608414,0.16328299426358528
1037,0.1041,0,19,0,41240,635204,2294,123962,5.031079711063237,0.16328708082290302
1038,0.1042,3,44,3,41284,635160,2297,123959,5.030731212774047,0.16329323860949338
1039,0.1043,5,25,5,41309,635135,2302,123954,5.030533202382461,0.16329310528804922
1040,0.1044,1,21,1,41330,635114,2303,123953,5.030366873653529,0.16329652059699604
1041,0.1045,2,31,2,41361,635083,2305,123951,5.0301213407679635,0.16330098519960898
1042,0.1046,5,37,5,41398,635046,2310,123946,5.029828285388417,0.16330343402829015
1043,0.1047,2,22,2,41420,635024,2312,123944,5.029654036243822,0.16330596283374266
1044,0.1048,4,25,4,41445,634999,2316,123940,5.0294560258522365,0.1633069324412107
1045,0.1049,1,25,1,41470,634974,2317,123939,5.029258015460651,0.16331120958528844
1046,0.105,7,68,7,41538,634906,2324,123932,5.028719427195539,0.1633181258713981
1047,0.1051,4,23,4,41561,634883,2328,123928,5.028537257635281,0.16331866564928552
1048,0.1052,4,46,4,41607,634837,2332,123924,5.0281729185147634,0.163324156091312
1049,0.1053,2,44,2,41651,634793,2334,123922,5.027824420225573,0.1633314222072847
1050,0.1054,1,15,1,41666,634778,2335,123921,5.027705613990622,0.1633335486141408
1051,0.1055,1,22,1,41688,634756,2336,123920,5.027531364846027,0.16333718214362916
1052,0.1056,2,21,2,41709,634735,2338,123918,5.027365036117096,0.16333949776775417
1053,0.1057,1,28,1,41737,634707,2339,123917,5.02714326447852,0.1633444235879698
1054,0.1058,4,30,4,41767,634677,2343,123913,5.026905652008617,0.16334647174362962
1055,0.1059,6,45,6,41812,634632,2349,123907,5.026549233303764,0.16334954432138624
1056,0.106,2,67,2,41879,634565,2351,123905,5.026018565454315,0.1633617677693251
1057,0.1061,1,33,1,41912,634532,2352,123904,5.025757191737422,0.16336777262682678
1058,0.1062,1,34,1,41946,634498,2353,123903,5.025487897604866,0.16337399344146433
1059,0.1063,1,19,1,41965,634479,2354,123902,5.025337409707261,0.16337698333687156
1060,0.1064,10,75,10,42040,634404,2364,123892,5.024743378532506,0.16338210936098832
1061,0.1065,2,10,2,42050,634394,2366,123890,5.0246641743758715,0.16338205738219452
1062,0.1066,4,42,4,42092,634352,2370,123886,5.024331516918008,0.16338669388767116
1063,0.1067,1,50,1,42142,634302,2371,123885,5.023935496134837,0.1633963652766402
1064,0.1068,2,54,2,42196,634248,2373,123883,5.023507793689013,0.16340579662353868
1065,0.1069,3,40,3,42236,634208,2376,123880,5.023190977062476,0.16341110794525174
1066,0.107,2,20,2,42256,634188,2378,123878,5.023032568749208,0.16341321204222323
1067,0.1071,2,25,2,42281,634163,2380,123876,5.022834558357623,0.16341639414330925
1068,0.1072,2,28,2,42309,634135,2382,123874,5.022612786719047,0.16342022324273195
1069,0.1073,1,31,1,42340,634104,2383,123873,5.022367253833481,0.1634258031576156
1070,0.1074,4,37,4,42377,634067,2387,123869,5.022074198453935,0.16342936606784741
1071,0.1075,8,53,8,42430,634014,2395,123861,5.0216544164237735,0.16343196437407223
1072,0.1076,2,39,2,42469,633975,2397,123859,5.0213455202129005,0.16343816719756568
1073,0.1077,2,25,2,42494,633950,2399,123857,5.021147509821316,0.1634413511619713
1074,0.1078,1,18,1,42512,633932,2400,123856,5.021004942339374,0.16344412949268133
1075,0.1079,4,29,4,42541,633903,2404,123852,5.020775250285135,0.16344596868380942
1076,0.108,3,41,3,42582,633862,2407,123849,5.020450513242935,0.1634515006381061
1077,0.1081,0,19,0,42601,633843,2407,123849,5.02030002534533,0.16345559937283224
1078,0.1082,4,22,4,42623,633821,2411,123845,5.020125776200735,0.16345592912972207
1079,0.1083,2,41,2,42664,633780,2413,123843,5.019801039158535,0.16346256647435467
1080,0.1084,9,85,9,42749,633695,2422,123834,5.0191278038271445,0.1634709694282331
1081,0.1085,5,56,5,42805,633639,2427,123829,5.0186842605499935,0.1634775330443002
1082,0.1086,4,18,4,42823,633621,2431,123825,5.018541693068053,0.16347700034061835
1083,0.1087,6,56,6,42879,633565,2437,123819,5.018098149790901,0.16348246068044744
1084,0.1088,1,30,1,42909,633535,2438,123818,5.017860537320999,0.16348783196211014
1085,0.1089,0,24,0,42933,633511,2438,123818,5.017670447345076,0.16349301294417617
1086,0.109,4,44,4,42977,633467,2442,123814,5.017321949055886,0.16349809383835062
1087,0.1091,1,36,1,43013,633431,2443,123813,5.017036814092004,0.1635047620053774
1088,0.1092,1,38,1,43051,633393,2444,123812,5.0167358382967935,0.16351186270560814
1089,0.1093,0,28,0,43079,633365,2444,123812,5.016514066658218,0.16351790928673215
1090,0.1094,2,31,2,43110,633334,2446,123810,5.016268533772652,0.16352239468317784
1091,0.1095,3,22,3,43132,633312,2449,123807,5.016094284628057,0.16352383178866203
1092,0.1096,6,34,6,43166,633278,2455,123801,5.015824990495501,0.16352454631551
1093,0.1097,0,21,0,43187,633257,2455,123801,5.01565866176657,0.16352908231601807
1094,0.1098,4,41,4,43228,633216,2459,123797,5.015333924724369,0.16353351923943182
1095,0.1099,5,27,5,43255,633189,2464,123792,5.015120073501457,0.16353382713700873
1096,0.11,4,66,4,43321,633123,2468,123788,5.014597326067672,0.16354366629630168
1097,0.1101,4,20,4,43341,633103,2472,123784,5.014438917754403,0.16354356726961886
1098,0.1102,5,63,5,43404,633040,2477,123779,5.0139399315676085,0.1635516550192318
1099,0.1103,4,16,4,43420,633024,2481,123775,5.013813204916994,0.16355069179531156
1100,0.1104,1,25,1,43445,632999,2482,123774,5.013615194525409,0.16355498940897734
1101,0.1105,3,45,3,43490,632954,2485,123771,5.013258775820555,0.16356139945158413
1102,0.1106,2,21,2,43511,632933,2487,123769,5.013092447091624,0.16356372786116596
1103,0.1107,0,27,0,43538,632906,2487,123769,5.012878595868711,0.1635695642118479
1104,0.1108,1,29,1,43567,632877,2488,123768,5.012648903814473,0.1635747279107111
1105,0.1109,0,29,0,43596,632848,2488,123768,5.012419211760233,0.16358099749410535
1106,0.111,3,42,3,43638,632806,2491,123765,5.012086554302369,0.16358676185050708
1107,0.1111,5,38,5,43676,632768,2496,123760,5.01178557850716,0.16358945075397077
1108,0.1112,4,80,4,43756,632688,2500,123756,5.011151945254087,0.16360232879102748
1109,0.1113,4,38,4,43794,632650,2504,123752,5.010850969458877,0.16360612478549766
1110,0.1114,2,40,2,43834,632610,2506,123750,5.01053415283234,0.16361256544502617
1111,0.1115,4,48,4,43882,632562,2510,123746,5.010153972880497,0.16361852578579097
1112,0.1116,3,17,3,43899,632545,2513,123743,5.010019325814219,0.16361888592705423
1113,0.1117,1,42,1,43941,632503,2514,123742,5.0096866683563555,0.16362686695449227
1114,0.1118,2,57,2,43998,632446,2516,123740,5.009235204663541,0.16363698878318297
1115,0.1119,2,25,2,44023,632421,2518,123738,5.009037194271955,0.16364018678611245
1116,0.112,1,18,1,44041,632403,2519,123737,5.008894626790014,0.16364297616843443
1117,0.1121,1,33,1,44074,632370,2520,123736,5.008633253073121,0.16364901217554154
1118,0.1122,2,31,2,44105,632339,2522,123734,5.008387720187556,0.16365350964787792
1119,0.1123,3,31,3,44136,632308,2525,123731,5.008142187301989,0.16365690129741983
1120,0.1124,1,39,1,44175,632269,2526,123730,5.007833291091116,0.163664237651108
1121,0.1125,2,37,2,44212,632232,2528,123728,5.00754023571157,0.16367003545161118
1122,0.1126,5,125,5,44337,632107,2533,123723,5.006550183753643,0.1636915708558803
1123,0.1127,4,38,4,44375,632069,2537,123719,5.006249207958434,0.16369537489348865
1124,0.1128,4,50,4,44425,632019,2541,123715,5.005853187175263,0.16370177866815572
1125,0.1129,1,37,1,44462,631982,2542,123714,5.005560131795717,0.16370868709110542
1126,0.113,1,47,1,44509,631935,2543,123713,5.005187872259536,0.16371776276784958
1127,0.1131,1,33,1,44542,631902,2544,123712,5.004926498542644,0.16372380607029516
1128,0.1132,1,39,1,44581,631863,2545,123711,5.004617602331771,0.16373115009251243
1129,0.1133,5,34,5,44615,631829,2550,123706,5.004348308199214,0.1637329839120623
1130,0.1134,1,16,1,44631,631813,2551,123705,5.0042215815486,0.1637353444921233
1131,0.1135,3,37,3,44668,631776,2554,123702,5.003928526169053,0.1637400427279153
1132,0.1136,2,21,2,44689,631755,2556,123700,5.003762197440122,0.16374238041974704
1133,0.1137,2,38,2,44727,631717,2558,123698,5.003461221644912,0.16374840319559447
1134,0.1138,4,68,4,44795,631649,2562,123694,5.0029226333798,0.16375871623884777
1135,0.1139,2,22,2,44817,631627,2564,123692,5.002748384235205,0.1637612717275747
1136,0.114,5,24,5,44841,631603,2569,123687,5.002558294259282,0.16376093950667955
1137,0.1141,3,22,3,44863,631581,2572,123684,5.002384045114687,0.16376238803598736
1138,0.1142,2,21,2,44884,631560,2574,123682,5.002217716385756,0.1637647270676154
1139,0.1143,1,35,1,44919,631525,2575,123681,5.001940501837536,0.16377120944484022
1140,0.1144,2,22,2,44941,631503,2577,123679,5.001766252692941,0.1637737657942059
1141,0.1145,4,31,4,44972,631472,2581,123675,5.001520719807376,0.16377605949570084
1142,0.1146,0,12,0,44984,631460,2581,123675,5.001425674819415,0.16377866209353295
1143,0.1147,2,21,2,45005,631439,2583,123673,5.001259346090483,0.16378100202354087
1144,0.1148,3,54,3,45059,631385,2586,123670,5.000831643644658,0.1637893928256882
1145,0.1149,2,53,2,45112,631332,2588,123668,5.000411861614498,0.16379867549668875
1146,0.115,0,24,0,45136,631308,2588,123668,5.000221771638576,0.16380388250752342
1147,0.1151,1,18,1,45154,631290,2589,123667,5.000079204156634,0.163806680380472
1148,0.1152,0,19,0,45173,631271,2589,123667,4.99992871625903,0.1638108030063396
1149,0.1153,4,37,4,45210,631234,2593,123663,4.999635660879483,0.16381440116996093
1150,0.1154,7,60,7,45270,631174,2600,123656,4.999160435939678,0.16381966800471628
1151,0.1155,3,42,3,45312,631132,2603,123653,4.9988277784818145,0.16382546023039674
1152,0.1156,2,31,2,45343,631101,2605,123651,4.998582245596249,0.16382997328923937
1153,0.1157,3,28,3,45371,631073,2608,123648,4.998360473957673,0.1638327275907256
1154,0.1158,3,48,3,45419,631025,2611,123645,4.9979802940058295,0.16383982402904582
1155,0.1159,1,27,1,45446,630998,2612,123644,4.997766442782917,0.1638445779588202
1156,0.116,3,18,3,45464,630980,2615,123641,4.997623875300976,0.16384516200847843
1157,0.1161,2,28,2,45492,630952,2617,123639,4.997402103662401,0.16384902549858135
1158,0.1162,0,29,0,45521,630923,2617,123639,4.997172411608161,0.1638553226905145
1159,0.1163,4,45,4,45566,630878,2621,123635,4.996815992903308,0.16386066244054112
1160,0.1164,1,18,1,45584,630860,2622,123634,4.996673425421366,0.16386346346027933
1161,0.1165,3,47,3,45631,630813,2625,123631,4.9963011658851855,0.16387034690447536
1162,0.1166,3,34,3,45665,630779,2628,123628,4.9960318717526295,0.16387440731594485
1163,0.1167,6,39,6,45704,630740,2634,123622,4.9957229755417565,0.16387622918439687
1164,0.1168,0,14,0,45718,630726,2634,123622,4.995612089722469,0.16387927057538432
1165,0.1169,6,100,6,45818,630626,2640,123616,4.994820048156127,0.16389434690722607
1166,0.117,3,58,3,45876,630568,2643,123613,4.994360664047649,0.16390362525706695
1167,0.1171,2,48,2,45924,630520,2645,123611,4.993980484095806,0.16391184025056654
1168,0.1172,3,39,3,45963,630481,2648,123608,4.993671587884932,0.1639169912304781
1169,0.1173,0,47,0,46010,630434,2648,123608,4.993299328348752,0.16392720829874197
1170,0.1174,4,50,4,46060,630384,2652,123604,4.992903307565581,0.1639336435062627
1171,0.1175,1,33,1,46093,630351,2653,123603,4.992641933848688,0.16393970984967252
1172,0.1176,2,59,2,46152,630292,2655,123601,4.992174629324547,0.1639503218626516
1173,0.1177,9,72,9,46224,630220,2664,123592,4.991604359396781,0.16395599963916732
1174,0.1178,5,42,5,46266,630178,2669,123587,4.991271701938918,0.16395958952723994
1175,0.1179,1,29,1,46295,630149,2670,123586,4.991042009884679,0.16396478868567865
1176,0.118,3,21,3,46316,630128,2673,123583,4.990875681155747,0.16396602941976435
1177,0.1181,4,48,4,46364,630080,2677,123579,4.990495501203903,0.1639720350981014
1178,0.1182,5,29,5,46393,630051,2682,123574,4.9902658091496646,0.16397279814231216
1179,0.1183,3,29,3,46422,630022,2685,123571,4.990036117095425,0.1639757800298039
1180,0.1184,4,38,4,46460,629984,2689,123567,4.989735141300216,0.16397961120083446
1181,0.1185,1,36,1,46496,629948,2690,123566,4.989450006336333,0.16398633602029955
1182,0.1186,2,21,2,46517,629927,2692,123564,4.989283677607401,0.16398868732340532
1183,0.1187,3,31,3,46548,629896,2695,123561,4.989038144721835,0.16399210572069806
1184,0.1188,2,31,2,46579,629865,2697,123559,4.988792611836269,0.16399663403342607
1185,0.1189,3,65,3,46644,629800,2700,123556,4.988277784818147,0.16400745464295766
1186,0.119,1,47,1,46691,629753,2701,123555,4.987905525281967,0.16401657754862553
1187,0.1191,0,16,0,46707,629737,2701,123555,4.987778798631352,0.16402006127769841
1188,0.1192,3,27,3,46734,629710,2704,123552,4.98756494740844,0.16402261099059823
1189,0.1193,0,12,0,46746,629698,2704,123552,4.987469902420479,0.16402522402920677
1190,0.1194,1,19,1,46765,629679,2705,123551,4.987319414522874,0.16402825166283871
1191,0.1195,3,29,3,46794,629650,2708,123548,4.987089722468635,0.16403123747009418
1192,0.1196,1,25,1,46819,629625,2709,123547,4.98689171207705,0.16403557221989135
1193,0.1197,1,40,1,46859,629585,2710,123546,4.986574895450513,0.16404317442782199
1194,0.1198,3,40,3,46899,629545,2713,123543,4.986258078823977,0.16404855740630578
1195,0.1199,6,33,6,46932,629512,2719,123537,4.985996705107084,0.16404908578326244
1196,0.12,5,58,5,46990,629454,2724,123532,4.985537320998606,0.16405617103106832
1197,0.1201,3,32,3,47022,629422,2727,123529,4.985283867697377,0.16405981265713174
1198,0.1202,4,59,4,47081,629363,2731,123525,4.9848165631732355,0.16406822794359852
1199,0.1203,2,40,2,47121,629323,2733,123523,4.984499746546699,0.16407472444563695
1200,0.1204,5,53,5,47174,629270,2738,123518,4.984079964516538,0.16408072392227294
1201,0.1205,5,45,5,47219,629225,2743,123513,4.983723545811684,0.1640849804314383
1202,0.1206,4,32,4,47251,629193,2747,123509,4.983470092510455,0.16408751404938474
1203,0.1207,5,44,5,47295,629149,2752,123504,4.983121594221265,0.16409155347816323
1204,0.1208,1,39,1,47334,629110,2753,123503,4.982812698010392,0.16409894593901514
1205,0.1209,2,36,2,47370,629074,2755,123501,4.982527563046509,0.16410457429492079
1206,0.121,5,34,5,47404,629040,2760,123496,4.982258268913952,0.16410643477521342
1207,0.1211,3,53,3,47457,628987,2763,123493,4.981838486883792,0.16411466085477355
1208,0.1212,1,24,1,47481,628963,2764,123492,4.98164839690787,0.16411878451203063
1209,0.1213,0,19,0,47500,628944,2764,123492,4.9814979090102645,0.1641229287274931
1210,0.1214,5,75,5,47575,628869,2769,123487,4.980903877835509,0.16413373456182978
1211,0.1215,2,28,2,47603,628841,2771,123485,4.980682106196933,0.16413762119081357
1212,0.1216,1,21,1,47624,628820,2772,123484,4.980515777468002,0.16414109189901954
1213,0.1217,1,38,1,47662,628782,2773,123483,4.980214801672791,0.16414827221790193
1214,0.1218,1,41,1,47703,628741,2774,123482,4.979890064630592,0.16415610796266533
1215,0.1219,4,24,4,47727,628717,2778,123478,4.97969997465467,0.164156900803648
1216,0.122,2,80,2,47807,628637,2780,123476,4.979066341401596,0.16417213902698133
1217,0.1221,2,42,2,47849,628595,2782,123474,4.978733683943734,0.16417908463186223
1218,0.1222,3,39,3,47888,628556,2785,123471,4.97842478773286,0.16418426466071032
1219,0.1223,1,28,1,47916,628528,2786,123470,4.978203016094285,0.16418926646081505
1220,0.1224,2,28,2,47944,628500,2788,123468,4.977981244455709,0.16419315715562363
1221,0.1225,2,42,2,47986,628458,2790,123466,4.977648586997845,0.16420010532979396
1222,0.1226,0,39,0,48025,628419,2790,123466,4.977339690786972,0.16420862232921257
1223,0.1227,2,26,2,48051,628393,2792,123464,4.977133759979724,0.16421207756262163
1224,0.1228,1,13,1,48064,628380,2793,123463,4.977030794576099,0.1642138052758355
1225,0.1229,1,27,1,48091,628353,2794,123462,4.976816943353187,0.1642185910097564
1226,0.123,3,58,3,48149,628295,2797,123459,4.976357559244709,0.16422792562460592
1227,0.1231,4,37,4,48186,628258,2801,123455,4.976064503865163,0.16423156177956214
1228,0.1232,6,44,6,48230,628214,2807,123449,4.975716005575973,0.16423450402640544
1229,0.1233,1,26,1,48256,628188,2808,123448,4.9755100747687235,0.16423907316839534
1230,0.1234,4,61,4,48317,628127,2812,123444,4.975026929413255,0.16424795528300054
1231,0.1235,3,23,3,48340,628104,2815,123441,4.9748447598529975,0.1642496457297966
1232,0.1236,2,44,2,48384,628060,2817,123439,4.974496261563807,0.16425703826618532
1233,0.1237,1,56,1,48440,628004,2818,123438,4.974052718286655,0.16426816707077857
1234,0.1238,2,30,2,48470,627974,2820,123436,4.973815105816754,0.16427250103139432
1235,0.1239,3,28,3,48498,627946,2823,123433,4.973593334178178,0.16427528584110015
1236,0.124,5,38,5,48536,627908,2828,123428,4.973292358382968,0.16427803273102845
1237,0.1241,3,34,3,48570,627874,2831,123425,4.973023064250412,0.1642821300174764
1238,0.1242,2,48,2,48618,627826,2833,123423,4.972642884298568,0.16429040171767284
1239,0.1243,5,38,5,48656,627788,2838,123418,4.972341908503358,0.1642931499482166
1240,0.1244,0,20,0,48676,627768,2838,123418,4.97218350019009,0.16429752418176058
1241,0.1245,1,14,1,48690,627754,2839,123417,4.972072614370802,0.16429947375497722
1242,0.1246,3,57,3,48747,627697,2842,123414,4.971621150677987,0.16430860418766335
1243,0.1247,9,51,9,48798,627646,2851,123405,4.971217209479153,0.16430974727415315
1244,0.1248,0,60,0,48858,627586,2851,123405,4.970741984539349,0.16432287470821888
1245,0.1249,5,26,5,48884,627560,2856,123400,4.9705360537321,0.16432299989346968
1246,0.125,6,25,6,48909,627535,2862,123394,4.970338043340514,0.1643217934052354
1247,0.1251,2,47,2,48956,627488,2864,123392,4.969965783804334,0.16432985297251226
1248,0.1252,4,24,4,48980,627464,2868,123388,4.969775693828412,0.16433065371071795
1249,0.1253,3,34,3,49014,627430,2871,123385,4.969506399695856,0.1643347562315617
1250,0.1254,4,18,4,49032,627412,2875,123381,4.969363832213914,0.1643342439260888
1251,0.1255,5,27,5,49059,627385,2880,123376,4.969149980991002,0.16433458850419774
1252,0.1256,1,41,1,49100,627344,2881,123375,4.968825243948802,0.16434245037091108
1253,0.1257,0,29,0,49129,627315,2881,123375,4.9685955518945635,0.16434879910482356
1254,0.1258,2,42,2,49171,627273,2883,123373,4.9682628944367,0.1643557682316298
1255,0.1259,2,44,2,49215,627229,2885,123371,4.96791439614751,0.16436317612576606
1256,0.126,2,46,2,49261,627183,2887,123369,4.967550057026993,0.16437102292712563
1257,0.1261,2,48,2,49309,627135,2889,123367,4.967169877075149,0.1643793087826548
1258,0.1262,2,29,2,49338,627106,2891,123365,4.96694018502091,0.1643834338701962
1259,0.1263,0,26,0,49364,627080,2891,123365,4.966734254213661,0.16438912911672407
1260,0.1264,1,20,1,49384,627060,2892,123364,4.966575845900393,0.16439239683165785
1261,0.1265,2,43,2,49427,627017,2894,123362,4.966235268026866,0.16439959007381602
1262,0.1266,1,36,1,49463,626981,2895,123361,4.965950133062983,0.16440636403133504
1263,0.1267,4,45,4,49508,626936,2899,123357,4.965593714358129,0.1644117698019307
1264,0.1268,1,33,1,49541,626903,2900,123356,4.965332340641237,0.16441788768945123
1265,0.1269,2,29,2,49570,626874,2902,123354,4.965102648586998,0.164422015707225
1266,0.127,2,24,2,49594,626850,2904,123352,4.964912558611076,0.16442504818702164
1267,0.1271,1,32,1,49626,626818,2905,123351,4.964659105309846,0.164430948226333
1268,0.1272,5,75,5,49701,626743,2910,123346,4.964065074135091,0.16444181957074427
1269,0.1273,5,147,5,49848,626596,2915,123341,4.962900773032569,0.1644684820191563
1270,0.1274,2,39,2,49887,626557,2917,123339,4.962591876821696,0.16447480717326135
1271,0.1275,1,37,1,49924,626520,2918,123338,4.9622988214421495,0.16448180855575323
1272,0.1276,4,40,4,49964,626480,2922,123334,4.961982004815613,0.16448612589255468
1273,0.1277,5,61,5,50025,626419,2927,123329,4.961498859460145,0.16449393662937414
1274,0.1278,1,51,1,50076,626368,2928,123328,4.961094918261311,0.16450401229298275
1275,0.1279,3,23,3,50099,626345,2931,123325,4.960912748701052,0.1645057158483066
1276,0.128,3,13,3,50112,626332,2934,123322,4.960809783297427,0.16450522507716894
1277,0.1281,2,25,2,50137,626307,2936,123320,4.9606117729058425,0.16450848221849
1278,0.1282,3,25,3,50162,626282,2939,123317,4.960413762514257,0.16451062501417424
1279,0.1283,7,49,7,50211,626233,2946,123310,4.96002566214675,0.1645135769395485
1280,0.1284,6,140,6,50351,626093,2952,123304,4.958916803953872,0.16453762158108454
1281,0.1285,2,47,2,50398,626046,2954,123302,4.958544544417691,0.16454571173873822
1282,0.1286,2,27,2,50425,626019,2956,123300,4.958330693194779,0.16454941086506547
1283,0.1287,2,67,2,50492,625952,2958,123298,4.95780002534533,0.1645618952285619
1284,0.1288,7,100,7,50592,625852,2965,123291,4.957007983778989,0.16457605557283456
1285,0.1289,1,30,1,50622,625822,2966,123290,4.956770371309086,0.164581531199607
1286,0.129,12,93,12,50715,625729,2978,123278,4.956033772652389,0.16458858194916737
1287,0.1291,1,45,1,50760,625684,2979,123277,4.955677353947535,0.16459735553653662
1288,0.1292,0,34,0,50794,625650,2979,123277,4.955408059814979,0.16460482797388798
1289,0.1293,3,41,3,50835,625609,2982,123274,4.955083322772779,0.1646104932279141
1290,0.1294,2,37,2,50872,625572,2984,123272,4.954790267393233,0.1646163954041162
1291,0.1295,1,49,1,50921,625523,2985,123271,4.954402167025726,0.1646260520249895
1292,0.1296,2,14,2,50935,625509,2987,123269,4.954291281206438,0.16462689876038025
1293,0.1297,4,48,4,50983,625461,2991,123265,4.953911101254594,0.1646329899055195
1294,0.1298,1,44,1,51027,625417,2992,123264,4.953562602965404,0.16464154960523908
1295,0.1299,4,51,4,51078,625366,2996,123260,4.95315866176657,0.16464830235658393
1296,0.13,3,54,3,51132,625312,2999,123257,4.952730959320745,0.16465683190193556
1297,0.1301,11,176,11,51308,625136,3010,123246,4.951336966163984,0.1646832767223156
1298,0.1302,4,28,4,51336,625108,3014,123242,4.951115194525409,0.1646849736086056
1299,0.1303,1,49,1,51385,625059,3015,123241,4.950727094157902,0.16469464118668983
1300,0.1304,11,84,11,51469,624975,3026,123230,4.950061779242175,0.16470085070268176
1301,0.1305,3,29,3,51498,624946,3029,123227,4.949832087187936,0.1647038853313338
1302,0.1306,1,23,1,51521,624923,3030,123226,4.949649917627677,0.1647078322633593
1303,0.1307,5,47,5,51568,624876,3035,123221,4.949277658091496,0.16471259743054711
1304,0.1308,4,33,4,51601,624843,3039,123217,4.949016284374604,0.16471539716065556
1305,0.1309,6,50,6,51651,624793,3045,123211,4.948620263591433,0.16471970738124395
1306,0.131,1,25,1,51676,624768,3046,123210,4.948422253199848,0.16472409616325615
1307,0.1311,3,32,3,51708,624736,3049,123207,4.948168799898618,0.16472779342810884
1308,0.1312,1,27,1,51735,624709,3050,123206,4.947954948675706,0.16473262335960637
1309,0.1313,0,22,0,51757,624687,3050,123206,4.947780699531111,0.1647374691299424
1310,0.1314,2,32,2,51789,624655,3052,123204,4.947527246229882,0.16474228430760343
1311,0.1315,1,25,1,51814,624630,3053,123203,4.947329235838297,0.1647466747255069
1312,0.1316,3,43,3,51857,624587,3056,123200,4.94698865796477,0.16475279725376343
1313,0.1317,3,32,3,51889,624555,3059,123197,4.946735204663541,0.1647564968064278
1314,0.1318,8,82,8,51971,624473,3067,123189,4.94608573057914,0.16476562938868097
1315,0.1319,1,24,1,51995,624449,3068,123188,4.945895640603219,0.16476980138757177
1316,0.132,5,41,5,52036,624408,3073,123183,4.945570903561019,0.16477325168441032
1317,0.1321,2,23,2,52059,624385,3075,123181,4.94538873400076,0.16477608665990695
1318,0.1322,0,29,0,52088,624356,3075,123181,4.945159041946521,0.16478247899435078
1319,0.1323,2,33,2,52121,624323,3077,123179,4.944897668229629,0.16478751896315996
1320,0.1324,2,10,2,52131,624313,3079,123177,4.944818464072995,0.16478748879583674
1321,0.1325,3,82,3,52213,624231,3082,123174,4.9441689899885946,0.16480221566620507
1322,0.1326,2,43,2,52256,624188,3084,123172,4.943828412115068,0.16480946264183258
1323,0.1327,4,47,4,52303,624141,3088,123168,4.943456152578888,0.16481535750271975
1324,0.1328,1,33,1,52336,624108,3089,123167,4.9431947788619945,0.16482151818273058
1325,0.1329,7,52,7,52388,624056,3096,123160,4.942782917247497,0.16482516434337594
1326,0.133,5,33,5,52421,624023,3101,123155,4.942521543530605,0.16482685518042556
1327,0.1331,2,19,2,52440,624004,3103,123153,4.942371055633,0.16482881107986674
1328,0.1332,5,59,5,52499,623945,3108,123148,4.941903751108859,0.16483623859412416
1329,0.1333,1,43,1,52542,623902,3109,123147,4.941563173235331,0.16484460858658534
1330,0.1334,3,38,3,52580,623864,3112,123144,4.941262197440122,0.16484964016449624
1331,0.1335,4,67,4,52647,623797,3116,123140,4.940731529590673,0.1648599547217503
1332,0.1336,6,40,6,52687,623757,3122,123134,4.940414712964136,0.1648620749212402
1333,0.1337,5,70,5,52757,623687,3127,123129,4.939860283867698,0.1648719363270203
1334,0.1338,6,52,6,52809,623635,3133,123123,4.9394484222532,0.16487670704565602
1335,0.1339,5,48,5,52857,623587,3138,123118,4.939068242301356,0.1648817136620218
1336,0.134,2,30,2,52887,623557,3140,123116,4.938830629831454,0.16488610141253265
1337,0.1341,3,39,3,52926,623518,3143,123113,4.93852173362058,0.1648913586497212
1338,0.1342,1,80,1,53006,623438,3144,123112,4.937888100367507,0.1649079097180363
1339,0.1343,3,25,3,53031,623413,3147,123109,4.937690089975922,0.1649100763272884
1340,0.1344,2,51,2,53082,623362,3149,123107,4.937286148777088,0.1649191058168524
1341,0.1345,1,20,1,53102,623342,3150,123106,4.937127740463819,0.16492240584742673
1342,0.1346,4,36,4,53138,623306,3154,123102,4.936842605499937,0.16492588503874556
1343,0.1347,1,40,1,53178,623266,3155,123101,4.9365257888734,0.16493360504952656
1344,0.1348,5,54,5,53232,623212,3160,123096,4.936098086427576,0.16493994436613302
1345,0.1349,5,27,5,53259,623185,3165,123091,4.9358842352046635,0.16494031698728084
1346,0.135,6,65,6,53324,623120,3171,123085,4.935369408186542,0.16494797006184628
1347,0.1351,2,32,2,53356,623088,3173,123083,4.935115954885313,0.16495280572415708
1348,0.1352,5,50,5,53406,623038,3178,123078,4.934719934102142,0.1649582638624557
1349,0.1353,2,37,2,53443,623001,3180,123076,4.934426878722595,0.1649642061074125
1350,0.1354,3,67,3,53510,622934,3183,123073,4.933896210873146,0.16497566376723008
1351,0.1355,7,71,7,53581,622863,3190,123066,4.933333861361044,0.16498353060411916
1352,0.1356,0,47,0,53628,622816,3190,123066,4.932961601824863,0.16499392665327758
1353,0.1357,8,48,8,53676,622768,3198,123058,4.93258142187302,0.16499558878344278
1354,0.1358,2,39,2,53715,622729,3200,123056,4.932272525662147,0.1650019777818004
1355,0.1359,7,65,7,53780,622664,3207,123049,4.931757698644025,0.16500852204534452
1356,0.136,2,47,2,53827,622617,3209,123047,4.931385439107844,0.16501668311732898
1357,0.1361,0,27,0,53854,622590,3209,123047,4.931171587884932,0.16502265847858943
1358,0.1362,4,38,4,53892,622552,3213,123043,4.9308706120897225,0.16502658950234378
1359,0.1363,1,24,1,53916,622528,3214,123042,4.930680522113801,0.16503078181793795
1360,0.1364,2,41,2,53957,622487,3216,123040,4.9303557850716,0.16503761768520792
1361,0.1365,1,50,1,54007,622437,3217,123039,4.92995976428843,0.16504756692368366
1362,0.1366,1,15,1,54022,622422,3218,123038,4.929840958053479,0.16504976792852735
1363,0.1367,2,40,2,54062,622382,3220,123036,4.929524141426942,0.1650563844715314
1364,0.1368,4,37,4,54099,622345,3224,123032,4.929231086047396,0.16506009710522326
1365,0.1369,3,72,3,54171,622273,3227,123029,4.92866081611963,0.16507268194637878
1366,0.137,8,45,8,54216,622228,3235,123021,4.928304397414776,0.16507368678119663
1367,0.1371,1,24,1,54240,622204,3236,123020,4.928114307438855,0.16507788262321127
1368,0.1372,0,8,0,54248,622196,3236,123020,4.928050944113547,0.1650796547578152
1369,0.1373,1,12,1,54260,622184,3237,123019,4.927955899125586,0.16508119264146817
1370,0.1374,0,22,0,54282,622162,3237,123019,4.927781649980991,0.16508606633824535
1371,0.1375,3,46,3,54328,622116,3240,123016,4.9274173108604735,0.16509289629220059
1372,0.1376,2,48,2,54376,622068,3242,123014,4.92703713090863,0.16510129086462966
1373,0.1377,3,19,3,54395,622049,3245,123011,4.926886643011025,0.16510213942501276
1374,0.1378,2,42,2,54437,622007,3247,123009,4.926553985553162,0.1651092057083338
1375,0.1379,1,48,1,54485,621959,3248,123008,4.926173805601318,0.16511872337969333
1376,0.138,6,39,6,54524,621920,3254,123002,4.9258649093904445,0.16512064350361513
1377,0.1381,0,20,0,54544,621900,3254,123002,4.925706501077176,0.16512507685574745
1378,0.1382,2,65,2,54609,621835,3256,123000,4.925191674059055,0.1651372451616801
1379,0.1383,6,42,6,54651,621793,3262,122994,4.924859016601191,0.16513983192510073
1380,0.1384,4,29,4,54680,621764,3266,122990,4.924629324546952,0.16514177835902863
1381,0.1385,4,41,4,54721,621723,3270,122986,4.924304587504753,0.16514638603803633
1382,0.1386,9,58,9,54779,621665,3279,122977,4.923845203396274,0.16514915892469134
1383,0.1387,3,43,3,54822,621622,3282,122974,4.923504625522748,0.16515533255617812
1384,0.1388,6,79,6,54901,621543,3288,122968,4.922878912685338,0.1651661291774064
1385,0.1389,5,37,5,54938,621506,3293,122963,4.9225858573057915,0.1651687310015595
1386,0.139,4,41,4,54979,621465,3297,122959,4.922261120263592,0.16517334207387188
1387,0.1391,3,59,3,55038,621406,3300,122956,4.92179381573945,0.16518306952799847
1388,0.1392,5,37,5,55075,621369,3305,122951,4.921500760359904,0.1651856728288908
1389,0.1393,5,48,5,55123,621321,3310,122946,4.9211205804080596,0.1651907178472242
1390,0.1394,0,21,0,55144,621300,3310,122946,4.920954251679128,0.16519537894728356
1391,0.1395,0,35,0,55179,621265,3310,122946,4.9206770371309085,0.16520314803194255
1392,0.1396,3,45,3,55224,621220,3313,122943,4.920320618426055,0.1652097725901449
1393,0.1397,4,34,4,55258,621186,3317,122939,4.920051324293499,0.16521283386527802
1394,0.1398,5,38,5,55296,621148,3322,122934,4.919750348498289,0.16521566171470348
1395,0.1399,5,70,5,55366,621078,3327,122929,4.91919591940185,0.1652255959957366
1396,0.14,2,32,2,55398,621046,3329,122927,4.918942466100621,0.16523045863223532
1397,0.1401,5,57,5,55455,620989,3334,122922,4.918491002407807,0.16523750825031489
1398,0.1402,1,59,1,55514,620930,3335,122921,4.918023697883665,0.16524949216980284
1399,0.1403,1,16,1,55530,620914,3336,122920,4.91789697123305,0.16525192448852835
1400,0.1404,1,19,1,55549,620895,3337,122919,4.917746483335446,0.16525502343327766
1401,0.1405,1,35,1,55584,620860,3338,122918,4.917469268787226,0.1652616775435681
1402,0.1406,1,31,1,55615,620829,3339,122917,4.91722373590166,0.1652674434551581
1403,0.1407,1,31,1,55646,620798,3340,122916,4.916978203016094,0.16527320986293118
1404,0.1408,4,29,4,55675,620769,3344,122912,4.916748510961855,0.16527516502371312
1405,0.1409,4,133,4,55808,620636,3348,122908,4.915695095678621,0.16530023778014483
1406,0.141,4,51,4,55859,620585,3352,122904,4.915291154479787,0.16530708591519175
1407,0.1411,5,48,5,55907,620537,3357,122899,4.914910974527944,0.16531214522837204
1408,0.1412,0,67,0,55974,620470,3357,122899,4.914380306678495,0.16532704484583027
1409,0.1413,1,36,1,56010,620434,3358,122898,4.914095171714612,0.1653339288500966
1410,0.1414,1,42,1,56052,620392,3359,122897,4.9137625142567485,0.16534214820883936
1411,0.1415,7,54,7,56106,620338,3366,122890,4.913334811810924,0.16534630019321123
1412,0.1416,7,61,7,56167,620277,3373,122883,4.912851666455456,0.16535201033424834
1413,0.1417,2,57,2,56224,620220,3375,122881,4.912400202762641,0.16536244736583586
1414,0.1418,4,40,4,56264,620180,3379,122877,4.912083386136104,0.16536685610928906
1415,0.1419,2,9,2,56273,620171,3381,122875,4.912012102395134,0.16536661256503635
1416,0.142,2,33,2,56306,620138,3383,122873,4.911750728678241,0.16537171051303412
1417,0.1421,0,30,0,56336,620108,3383,122873,4.911513116208338,0.1653783878726374
1418,0.1422,2,38,2,56374,620070,3385,122871,4.911212140413129,0.1653845998538242
1419,0.1423,1,24,1,56398,620046,3386,122870,4.911022050437207,0.1653888191935562
1420,0.1424,4,65,4,56463,619981,3390,122866,4.910507223419085,0.16539879679126387
1421,0.1425,12,123,12,56586,619858,3402,122854,4.909533012292485,0.16541270371287928
1422,0.1426,2,34,2,56620,619824,3404,122852,4.909263718159929,0.1654180288578061
1423,0.1427,3,70,3,56690,619754,3407,122849,4.9087092890634905,0.1654302500797869
1424,0.1428,2,47,2,56737,619707,3409,122847,4.90833702952731,0.16543847316154783
1425,0.1429,3,37,3,56774,619670,3412,122844,4.9080439741477635,0.16544334517598322
1426,0.143,6,53,6,56827,619617,3418,122838,4.907624192117602,0.16544841101480898
1427,0.1431,1,28,1,56855,619589,3419,122837,4.907402420479027,0.16545352668144703
1428,0.1432,0,30,0,56885,619559,3419,122837,4.907164808009124,0.16546021260890414
1429,0.1433,2,35,2,56920,619524,3421,122835,4.906887593460905,0.16546576521602083
1430,0.1434,6,37,6,56957,619487,3427,122829,4.906594538081358,0.16546726730933997
1431,0.1435,5,48,5,57005,619439,3432,122824,4.906214358129515,0.1654723460552392
1432,0.1436,2,43,2,57048,619396,3434,122822,4.9058737802559875,0.1654796838664651
1433,0.1437,3,38,3,57086,619358,3437,122819,4.905572804460778,0.16548478327946028
1434,0.1438,3,52,3,57138,619306,3440,122816,4.905160942846281,0.16549300519321622
1435,0.1439,3,23,3,57161,619283,3443,122813,4.904978773286022,0.16549476078566655
1436,0.144,3,40,3,57201,619243,3446,122810,4.904661956659486,0.16550030792948753
1437,0.1441,0,28,0,57229,619215,3446,122810,4.90444018502091,0.16550655301371248
1438,0.1442,1,32,1,57261,619183,3447,122809,4.904186731719681,0.1655125661732202
1439,0.1443,0,30,0,57291,619153,3447,122809,4.903949119249778,0.1655192583986781
1440,0.1444,3,39,3,57330,619114,3450,122806,4.903640223038905,0.16552458486090144
1441,0.1445,4,19,4,57349,619095,3454,122802,4.9034897351413,0.16552432480519533
1442,0.1446,4,43,4,57392,619052,3458,122798,4.903149157267773,0.16552941969400822
1443,0.1447,3,43,3,57435,619009,3461,122795,4.902808579394247,0.16553564014213998
1444,0.1448,1,22,1,57457,618987,3462,122794,4.902634330249652,0.16553942470891003
1445,0.1449,0,54,0,57511,618933,3462,122794,4.902206627803827,0.16555147648663188
1446,0.145,8,171,8,57682,618762,3470,122786,4.900852236725384,0.16558065020740398
1447,0.1451,8,84,8,57766,618678,3478,122778,4.900186921809657,0.16559040590405905
1448,0.1452,3,44,3,57810,618634,3481,122775,4.899838423520467,0.16559685679564182
1449,0.1453,1,48,1,57858,618586,3482,122774,4.899458243568622,0.1656064530052876
1450,0.1454,4,44,4,57902,618542,3486,122770,4.899109745279432,0.16561178019511352
1451,0.1455,5,20,5,57922,618522,3491,122765,4.898951336966164,0.16561062044795066
1452,0.1456,3,26,3,57948,618496,3494,122762,4.898745406158915,0.16561305240550522
1453,0.1457,9,58,9,58006,618438,3503,122753,4.898286022050438,0.1656158803871067
1454,0.1458,0,28,0,58034,618410,3503,122753,4.898064250411862,0.16562213710074572
1455,0.1459,1,32,1,58066,618378,3504,122752,4.897810797110632,0.16562816240065845
1456,0.146,2,24,2,58090,618354,3506,122750,4.897620707134711,0.16563127442302295
1457,0.1461,5,43,5,58133,618311,3511,122745,4.897280129261183,0.16563525563520165
1458,0.1462,7,26,7,58159,618285,3518,122738,4.897074198453935,0.16563318547467487
1459,0.1463,5,93,5,58252,618192,3523,122733,4.896337599797238,0.16564834497418768
1460,0.1464,3,29,3,58281,618163,3526,122730,4.896107907742999,0.16565145034438172
1461,0.1465,6,33,6,58314,618130,3532,122724,4.895846534026106,0.16565207179822206
1462,0.1466,3,38,3,58352,618092,3535,122721,4.8955455582308955,0.16565719014110172
1463,0.1467,3,63,3,58415,618029,3538,122718,4.895046572044101,0.1656679001062441
1464,0.1468,3,46,3,58461,617983,3541,122715,4.894682232923584,0.16567480943650448
1465,0.1469,5,35,5,58496,617948,3546,122710,4.894405018375364,0.1656770061215838
1466,0.147,3,16,3,58512,617932,3549,122707,4.89427829172475,0.16567720576421172
1467,0.1471,4,45,4,58557,617887,3553,122703,4.893921873019896,0.16568276644297114
1468,0.1472,3,27,3,58584,617860,3556,122700,4.893708021796984,0.1656854272442476
1469,0.1473,5,39,5,58623,617821,3561,122695,4.893399125586111,0.16568851989693673
1470,0.1474,1,17,1,58640,617804,3562,122694,4.893264478519833,0.1656911970052586
1471,0.1475,0,36,0,58676,617768,3562,122694,4.892979343555949,0.1656992526287642
1472,0.1476,1,39,1,58715,617729,3563,122693,4.892670447345076,0.16570685365912952
1473,0.1477,5,54,5,58769,617675,3568,122688,4.892242744899252,0.1657133055001398
1474,0.1478,3,30,3,58799,617645,3571,122685,4.89200513242935,0.1657166398768117
1475,0.1479,1,35,1,58834,617610,3572,122684,4.891727917881131,0.16572334775102865
1476,0.148,4,38,4,58872,617572,3576,122680,4.89142694208592,0.16572734690348692
1477,0.1481,4,28,4,58900,617544,3580,122676,4.891205170447345,0.16572910756261652
1478,0.1482,2,51,2,58951,617493,3582,122674,4.890801229248511,0.1657382725790261
1479,0.1483,5,38,5,58989,617455,3587,122669,4.890500253453301,0.16574114607822474
1480,0.1484,1,56,1,59045,617399,3588,122668,4.89005671017615,0.16575256024116736
1481,0.1485,6,60,6,59105,617339,3594,122662,4.889581485236345,0.16575923546049262
1482,0.1486,0,36,0,59141,617303,3594,122662,4.8892963502724625,0.1657672998047205
1483,0.1487,2,16,2,59157,617287,3596,122660,4.889169623621847,0.16576862937480658
1484,0.1488,8,92,8,59249,617195,3604,122652,4.888440945380814,0.16578022212700735
1485,0.1489,3,61,3,59310,617134,3607,122649,4.887957800025346,0.1657905088384026
1486,0.149,7,44,7,59354,617090,3614,122642,4.8876093017361555,0.1657924761940811
1487,0.1491,3,38,3,59392,617052,3617,122639,4.887308325940945,0.1657976100831293
1488,0.1492,7,43,7,59435,617009,3624,122632,4.886967748067419,0.16579935401093232
1489,0.1493,4,33,4,59468,616976,3628,122628,4.886706374350526,0.1658022401176846
1490,0.1494,2,49,2,59517,616927,3630,122626,4.886318273983019,0.16581096959920386
1491,0.1495,6,72,6,59589,616855,3636,122620,4.885748004055253,0.16582034551539943
1492,0.1496,0,33,0,59622,616822,3636,122620,4.88548663033836,0.1658277457866878
1493,0.1497,4,51,4,59673,616771,3640,122616,4.8850826891395265,0.16583467115326614
1494,0.1498,0,40,0,59713,616731,3640,122616,4.88476587251299,0.1658436431066874
1495,0.1499,1,33,1,59746,616698,3641,122615,4.884504498796097,0.1658499174233376
1496,0.15,5,43,5,59789,616655,3646,122610,4.88416392092257,0.1658539224770549
1497,0.1501,1,34,1,59823,616621,3647,122609,4.883894626790014,0.16586042233134476
1498,0.1502,3,31,3,59854,616590,3650,122606,4.883649093904448,0.16586399277052366
1499,0.1503,3,24,3,59878,616566,3653,122603,4.883459003928526,0.16586599275673086
1500,0.1504,3,37,3,59915,616529,3656,122600,4.88316594854898,0.1658709102200022
1501,0.1505,5,49,5,59964,616480,3661,122595,4.8827778481814725,0.16587626424923047
1502,0.1506,2,28,2,59992,616452,3663,122593,4.882556076542897,0.16588029145721844
1503,0.1507,4,62,4,60054,616390,3667,122589,4.882065010771766,0.16588969375313778
1504,0.1508,2,27,2,60081,616363,3669,122587,4.881851159548853,0.16589349753027946
1505,0.1509,3,55,3,60136,616308,3672,122584,4.881415536687365,0.16590245935806586
1506,0.151,1,34,1,60170,616274,3673,122583,4.881146242554809,0.1659089647929166
1507,0.1511,1,25,1,60195,616249,3674,122582,4.880948232163224,0.16591344976050004
1508,0.1512,4,60,4,60255,616189,3678,122578,4.8804730072234195,0.1659224085537118
1509,0.1513,1,26,1,60281,616163,3679,122577,4.88026707641617,0.16592711914882097
1510,0.1514,5,28,5,60309,616135,3684,122572,4.880045304777595,0.16592776296962125
1511,0.1515,5,93,5,60402,616042,3689,122567,4.879308706120897,0.16594300908870593
1512,0.1516,2,48,2,60450,615994,3691,122565,4.878928526169053,0.16595153535465684
1513,0.1517,4,39,4,60489,615955,3695,122561,4.87861962995818,0.16595578159444074
1514,0.1518,4,131,4,60620,615824,3699,122557,4.877582055506273,0.16598070643746252
1515,0.1519,2,27,2,60647,615797,3701,122555,4.877368204283361,0.16598451687000237
1516,0.152,8,174,8,60821,615623,3709,122547,4.875990051957927,0.16601460368207865
1517,0.1521,5,60,5,60881,615563,3714,122542,4.875514827018122,0.1660224493805082
1518,0.1522,4,30,4,60911,615533,3718,122538,4.87527721454822,0.16602467784264657
1519,0.1523,3,47,3,60958,615486,3721,122535,4.874904955012039,0.16603186088200741
1520,0.1524,6,23,6,60981,615463,3727,122529,4.87472278545178,0.16603025507051566
1521,0.1525,1,131,1,61112,615332,3728,122528,4.873685210999874,0.1660586019028
1522,0.1526,2,15,2,61127,615317,3730,122526,4.873566404764922,0.1660597173111353
1523,0.1527,1,19,1,61146,615298,3731,122525,4.873415916867317,0.16606286331545642
1524,0.1528,6,62,6,61208,615236,3737,122519,4.872924851096186,0.16607003680083496
1525,0.1529,2,34,2,61242,615202,3739,122517,4.87265555696363,0.1660754298045733
1526,0.153,4,119,4,61361,615083,3743,122513,4.871713027499683,0.16609770118059208
1527,0.1531,2,33,2,61394,615050,3745,122511,4.87145165378279,0.16610287149130715
1528,0.1532,1,9,1,61403,615041,3746,122510,4.87138037004182,0.16610376773945124
1529,0.1533,1,64,1,61467,614977,3747,122509,4.870873463439361,0.16611705171352406
1530,0.1534,7,49,7,61516,614928,3754,122502,4.870485363071854,0.1661201741182214
1531,0.1535,5,36,5,61552,614892,3759,122497,4.870200228107971,0.1661226299822753
1532,0.1536,3,49,3,61601,614843,3762,122494,4.869812127740464,0.16613027692900262
1533,0.1537,0,21,0,61622,614822,3762,122494,4.869645799011532,0.1661350085987555
1534,0.1538,1,26,1,61648,614796,3763,122493,4.869439868204283,0.1661397362499644
1535,0.1539,2,41,2,61689,614755,3765,122491,4.869115131162084,0.16614671357999908
1536,0.154,2,30,2,61719,614725,3767,122489,4.868877518692181,0.16615121253801474
1537,0.1541,5,63,5,61782,614662,3772,122484,4.868378532505386,0.16615975668320793
1538,0.1542,2,51,2,61833,614611,3774,122482,4.8679745913065515,0.16616899088717435
1539,0.1543,9,82,9,61915,614529,3783,122473,4.867325117222152,0.16617729666947986
1540,0.1544,1,54,1,61969,614475,3784,122472,4.866897414776328,0.1661883419024706
1541,0.1545,4,29,4,61998,614446,3788,122468,4.866667722722088,0.1661903559981219
1542,0.1546,2,31,2,62029,614415,3790,122466,4.8664221898365225,0.16619508441661543
1543,0.1547,2,17,2,62046,614398,3792,122464,4.866287542770245,0.1661966555474431
1544,0.1548,0,27,0,62073,614371,3792,122464,4.866073691547332,0.1662027455264747
1545,0.1549,2,40,2,62113,614331,3794,122462,4.865756874920796,0.16620950524774258
1546,0.155,7,175,7,62288,614156,3801,122455,4.864370802179699,0.16624106889525136
1547,0.1551,2,37,2,62325,614119,3803,122453,4.864077746800152,0.16624715574309096
1548,0.1552,4,14,4,62339,614105,3807,122449,4.863966860980864,0.1662457878173223
1549,0.1553,2,35,2,62374,614070,3809,122447,4.863689646432645,0.16625142393183048
1550,0.1554,8,44,8,62418,614026,3817,122439,4.863341148143455,0.1662522998377384
1551,0.1555,5,58,5,62476,613968,3822,122434,4.862881764034976,0.166259733134891
1552,0.1556,5,33,5,62509,613935,3827,122429,4.862620390318084,0.16626152283381587
1553,0.1557,9,145,9,62654,613790,3836,122420,4.861471930046889,0.16628407655424404
1554,0.1558,0,56,0,62710,613734,3836,122420,4.861028386769737,0.1662967259567971
1555,0.1559,1,56,1,62766,613678,3837,122419,4.860584843492586,0.1663082447014456
1556,0.156,2,70,2,62836,613608,3839,122417,4.860030414396148,0.16632179613464215
1557,0.1561,4,57,4,62893,613551,3843,122413,4.859578950703333,0.1663301465832568
1558,0.1562,1,32,1,62925,613519,3844,122412,4.859325497402104,0.16633624619699403
1559,0.1563,1,23,1,62948,613496,3845,122411,4.859143327841845,0.1663403120231225
1560,0.1564,1,38,1,62986,613458,3846,122410,4.8588423520466355,0.16634776889333414
1561,0.1565,6,24,6,63010,613434,3852,122404,4.858652262070714,0.16634639689714312
1562,0.1566,1,29,1,63039,613405,3853,122403,4.858422570016474,0.16635182004001045
1563,0.1567,3,39,3,63078,613366,3856,122400,4.858113673805601,0.16635723857856982
1564,0.1568,2,36,2,63114,613330,3858,122398,4.857828538841718,0.16636311245460278
1565,0.1569,2,53,2,63167,613277,3860,122396,4.857408756811558,0.16637283140743236
1566,0.157,5,122,5,63289,613155,3865,122391,4.856442466100621,0.16639475981107912
1567,0.1571,3,28,3,63317,613127,3868,122388,4.856220694462046,0.16639769413268254
1568,0.1572,5,21,5,63338,613106,3873,122383,4.856054365733113,0.16639677819790644
1569,0.1573,4,43,4,63381,613063,3877,122379,4.855713787859587,0.16640197323514294
1570,0.1574,2,50,2,63431,613013,3879,122377,4.855317767076416,0.1664110200029916
1571,0.1575,2,35,2,63466,612978,3881,122375,4.855040552528196,0.16641667335279792
1572,0.1576,2,19,2,63485,612959,3883,122373,4.854890064630592,0.16641870610826132
1573,0.1577,1,36,1,63521,612923,3884,122372,4.854604929666709,0.16642572028913566
1574,0.1578,5,20,5,63541,612903,3889,122367,4.854446521353441,0.16642457872618222
1575,0.1579,2,63,2,63604,612840,3891,122365,4.853947535166646,0.16643657211254004
1576,0.158,2,52,2,63656,612788,3893,122363,4.853535673552148,0.1664460770644398
1577,0.1581,1,32,1,63688,612756,3894,122362,4.853282220250919,0.16645218862822023
1578,0.1582,4,49,4,63737,612707,3898,122358,4.852894119883412,0.16645874854604695
1579,0.1583,6,56,6,63793,612651,3904,122352,4.852450576606261,0.16646462667499318
1580,0.1584,2,97,2,63890,612554,3906,122350,4.851682296286909,0.16648432992608558
1581,0.1585,1,39,1,63929,612515,3907,122349,4.851373400076036,0.1664920311785582
1582,0.1586,4,36,4,63965,612479,3911,122345,4.851088265112153,0.16649565065920546
1583,0.1587,3,120,3,64085,612359,3914,122342,4.850137815232544,0.1665194412420835
1584,0.1588,2,49,2,64134,612310,3916,122340,4.849749714865036,0.16652827877220444
1585,0.1589,2,21,2,64155,612289,3918,122338,4.849583386136104,0.1665307700370392
1586,0.159,5,119,5,64274,612170,3923,122333,4.848640856672158,0.16655207671037423
1587,0.1591,2,40,2,64314,612130,3925,122331,4.848324040045622,0.16655887787098295
1588,0.1592,9,80,9,64394,612050,3934,122322,4.847690406792548,0.16656680810270544
1589,0.1593,3,39,3,64433,612011,3937,122319,4.847381510581675,0.16657224953358843
1590,0.1594,2,43,2,64476,611968,3939,122317,4.847040932708149,0.16657973402697862
1591,0.1595,4,35,4,64511,611933,3943,122313,4.846763718159929,0.16658313426290372
1592,0.1596,5,36,5,64547,611897,3948,122308,4.846478583196046,0.1665856266301646
1593,0.1597,3,34,3,64581,611863,3951,122305,4.8462092890634905,0.16658993581850476
1594,0.1598,3,67,3,64648,611796,3954,122302,4.8456786212140415,0.1666017343733398
1595,0.1599,4,28,4,64676,611768,3958,122298,4.8454568495754655,0.16660354790986096
1596,0.16,5,62,5,64738,611706,3963,122293,4.844965783804334,0.1666119436130022
1597,0.1601,0,33,0,64771,611673,3963,122293,4.8447044100874415,0.16661943468771032
1598,0.1602,0,37,0,64808,611636,3963,122293,4.844411354707895,0.16662783457255403
1599,0.1603,5,77,5,64885,611559,3968,122288,4.843801482701812,0.16663964014297258
1600,0.1604,6,85,6,64970,611474,3974,122282,4.843128247370422,0.16665212959076314
1601,0.1605,3,43,3,65013,611431,3977,122279,4.842787669496895,0.16665848904880676
1602,0.1606,4,51,4,65064,611380,3981,122275,4.842383728298061,0.16666553080126217
1603,0.1607,0,27,0,65091,611353,3981,122275,4.842169877075149,0.16667166465838273
1604,0.1608,8,115,8,65206,611238,3989,122267,4.841259029273856,0.1666887069617794
1605,0.1609,7,31,7,65237,611207,3996,122260,4.841013496388291,0.16668779917842247
1606,0.161,2,43,2,65280,611164,3998,122258,4.8406729185147634,0.16669529956832493
1607,0.1611,3,32,3,65312,611132,4001,122255,4.840419465213534,0.16669916428843162
1608,0.1612,3,27,3,65339,611105,4004,122252,4.840205613990622,0.16670189280255046
1609,0.1613,0,14,0,65353,611091,4004,122252,4.8400947281713345,0.16670507525128078
1610,0.1614,6,29,6,65382,611062,4010,122246,4.839865036117096,0.16670484980390232
1611,0.1615,4,69,4,65451,610993,4014,122242,4.83931852743632,0.16671599146249155
1612,0.1616,1,9,1,65460,610984,4015,122241,4.8392472436953495,0.16671690136042824
1613,0.1617,3,37,3,65497,610947,4018,122238,4.838954188315803,0.16672190511262505
1614,0.1618,3,49,3,65546,610898,4021,122235,4.838566087948296,0.16672963841485788
1615,0.1619,3,42,3,65588,610856,4024,122232,4.838233430490432,0.16673578069754244
1616,0.162,8,42,8,65630,610814,4032,122224,4.837900773032569,0.16673624014034744
1617,0.1621,1,24,1,65654,610790,4033,122223,4.837710683056647,0.16674056258210973
1618,0.1622,6,77,6,65731,610713,4039,122217,4.837100811050564,0.16675125864680118
1619,0.1623,0,13,0,65744,610700,4039,122217,4.836997845646939,0.16675421637102156
1620,0.1624,0,20,0,65764,610680,4039,122217,4.836839437333671,0.16675876692086336
1621,0.1625,0,35,0,65799,610645,4039,122217,4.836562222785452,0.16676673098073033
1622,0.1626,0,17,0,65816,610628,4039,122217,4.836427575719174,0.16677059951285741
1623,0.1627,3,21,3,65837,610607,4042,122214,4.836261246990242,0.1667719675063897
1624,0.1628,4,50,4,65887,610557,4046,122210,4.835865226207071,0.16677879871773701
1625,0.1629,2,44,2,65931,610513,4048,122208,4.835516727917881,0.166786539487745
1626,0.163,6,78,6,66009,610435,4054,122202,4.834898935496135,0.16679747269111442
1627,0.1631,3,31,3,66040,610404,4057,122199,4.834653402610569,0.16680111875053746
1628,0.1632,2,69,2,66109,610335,4059,122197,4.8341068939297935,0.1668145555416009
1629,0.1633,4,92,4,66201,610243,4063,122193,4.833378215688759,0.1668309586093529
1630,0.1634,5,82,5,66283,610161,4068,122188,4.83272874160436,0.1668439500839081
1631,0.1635,2,43,2,66326,610118,4070,122186,4.832388163730832,0.16685147152002447
1632,0.1636,12,66,12,66392,610052,4082,122174,4.831865416297047,0.1668528569048354
1633,0.1637,4,42,4,66434,610010,4086,122170,4.831532758839184,0.1668578764784616
1634,0.1638,6,69,6,66503,609941,4092,122164,4.830986250158408,0.16686677457468532
1635,0.1639,5,45,5,66548,609896,4097,122159,4.830629831453555,0.16687134163416684
1636,0.164,6,54,6,66602,609842,4103,122153,4.830202129007731,0.16687682292911837
1637,0.1641,1,73,1,66675,609769,4104,122152,4.829623938664301,0.1668923285436543
1638,0.1642,1,61,1,66736,609708,4105,122151,4.829140793308833,0.1669051005726513
1639,0.1643,3,52,3,66788,609656,4108,122148,4.828728931694335,0.16691354515689993
1640,0.1644,2,26,2,66814,609630,4110,122146,4.8285230008870865,0.16691719870561483
1641,0.1645,4,46,4,66860,609584,4114,122142,4.82815866176657,0.16692313789587906
1642,0.1646,8,67,8,66927,609517,4122,122134,4.827627993917121,0.16692931465958497
1643,0.1647,1,21,1,66948,609496,4123,122133,4.827461665188189,0.1669329673919432
1644,0.1648,6,78,6,67026,609418,4129,122127,4.8268438727664424,0.16694393372929894
1645,0.1649,2,18,2,67044,609400,4131,122125,4.826701305284502,0.16694576398619324
1646,0.165,1,51,1,67095,609349,4132,122124,4.826297364085667,0.16695626496124943
1647,0.1651,4,77,4,67172,609272,4136,122120,4.8256874920795845,0.16696928596429822
1648,0.1652,10,54,10,67226,609218,4146,122110,4.82525978963376,0.16697022403080425
1649,0.1653,13,184,13,67410,609034,4159,122097,4.823802433151692,0.16699743274461074
1650,0.1654,8,81,8,67491,608953,4167,122089,4.8231608794829555,0.16700682040156378
1651,0.1655,4,38,4,67529,608915,4171,122085,4.822859903687745,0.1670109439124487
1652,0.1656,7,59,7,67588,608856,4178,122078,4.822392599163604,0.16701644744942773
1653,0.1657,3,44,3,67632,608812,4181,122075,4.822044100874414,0.16702308291158552
1654,0.1658,6,33,6,67665,608779,4187,122069,4.8217827271575215,0.16702378606769122
1655,0.1659,0,47,0,67712,608732,4187,122069,4.821410467621341,0.16703452786736744
1656,0.166,5,97,5,67809,608635,4192,122064,4.820642187301989,0.16705100184891453
1657,0.1661,2,30,2,67839,608605,4194,122062,4.820404574832088,0.167055580722819
1658,0.1662,3,71,3,67910,608534,4197,122059,4.819842225319984,0.16706839512560345
1659,0.1663,7,83,7,67993,608451,4204,122052,4.819184830819921,0.16707939597783994
1660,0.1664,0,32,0,68025,608419,4204,122052,4.818931377518692,0.1670867152837005
1661,0.1665,1,36,1,68061,608383,4205,122051,4.818646242554809,0.1670938099814631
1662,0.1666,0,18,0,68079,608365,4205,122051,4.818503675072868,0.16709792775623755
1663,0.1667,3,36,3,68115,608329,4208,122048,4.818218540108985,0.16710274283007268
1664,0.1668,3,82,3,68197,608247,4211,122045,4.817569066024585,0.16711808427314007
1665,0.1669,1,19,1,68216,608228,4212,122044,4.81741857812698,0.16712129179264712
1666,0.167,3,48,3,68264,608180,4215,122041,4.817038398175137,0.1671288555108659
1667,0.1671,6,37,6,68301,608143,4221,122035,4.81674534279559,0.1671304805129708
1668,0.1672,4,56,4,68357,608087,4225,122031,4.816301799518438,0.16713873647821312
1669,0.1673,5,45,5,68402,608042,4230,122026,4.815945380813585,0.16714333459348993
1670,0.1674,4,46,4,68448,607996,4234,122022,4.815581041693068,0.16714930316786708
1671,0.1675,5,52,5,68500,607944,4239,122017,4.815169180078571,0.16715550556810568
1672,0.1676,4,35,4,68535,607909,4243,122013,4.814891965530351,0.16715895671044304
1673,0.1677,3,20,3,68555,607889,4246,122010,4.814733557217083,0.16716011393357164
1674,0.1678,4,50,4,68605,607839,4250,122006,4.8143375364339125,0.16716700121258624
1675,0.1679,5,57,5,68662,607782,4255,122001,4.813886072741098,0.16717435182787213
1676,0.168,4,41,4,68703,607741,4259,121997,4.813561335698897,0.16717917937670781
1677,0.1681,8,93,8,68796,607648,4267,121989,4.8128247370422,0.1671913567979694
1678,0.1682,0,57,0,68853,607591,4267,121989,4.812373273349386,0.16720441898078348
1679,0.1683,3,87,3,68940,607504,4270,121986,4.811684197186668,0.1672209351738886
1680,0.1684,1,24,1,68964,607480,4271,121985,4.811494107210747,0.16722529525062887
1681,0.1685,1,34,1,68998,607446,4272,121984,4.811224813078191,0.16723194823355222
1682,0.1686,3,52,3,69050,607394,4275,121981,4.810812951463693,0.16724044558697515
1683,0.1687,2,33,2,69083,607361,4277,121979,4.8105515777468,0.1672457290152741
1684,0.1688,9,89,9,69172,607272,4286,121970,4.809846660752756,0.167255862937132
1685,0.1689,4,58,4,69230,607214,4290,121966,4.809387276644278,0.1672645985901972
1686,0.169,10,45,10,69275,607169,4300,121956,4.809030857939424,0.16726350077147265
1687,0.1691,4,72,4,69347,607097,4304,121952,4.808460588011659,0.16727545062128882
1688,0.1692,3,88,3,69435,607009,4307,121949,4.807763591433279,0.16729221710990208
1689,0.1693,3,58,3,69493,606951,4310,121946,4.8073042073248,0.1673021016686857
1690,0.1694,1,27,1,69520,606924,4311,121945,4.807090356101888,0.16730715670442836
1691,0.1695,1,56,1,69576,606868,4312,121944,4.806646812824737,0.16731886961246523
1692,0.1696,2,27,2,69603,606841,4314,121942,4.806432961601825,0.16732278332507755
1693,0.1697,0,26,0,69629,606815,4314,121942,4.8062270307945765,0.1673287529313612
1694,0.1698,3,36,3,69665,606779,4317,121939,4.805941895830693,0.16733359132064804
1695,0.1699,1,39,1,69704,606740,4318,121938,4.80563299961982,0.16734140457101765
1696,0.17,3,60,3,69764,606680,4321,121935,4.805157774680016,0.16735175641456737
1697,0.1701,2,35,2,69799,606645,4323,121933,4.804880560131796,0.16735751010873234
1698,0.1702,8,39,8,69838,606606,4331,121925,4.804571663920923,0.167357325906516
1699,0.1703,2,34,2,69872,606572,4333,121923,4.804302369788367,0.16736285080885935
1700,0.1704,2,29,2,69901,606543,4335,121921,4.804072677734127,0.1673672274813855
1701,0.1705,7,87,7,69988,606456,4342,121914,4.803383601571411,0.16737921660694427
1702,0.1706,9,57,9,70045,606399,4351,121905,4.802932137878596,0.16738202728530943
1703,0.1707,9,85,9,70130,606314,4360,121896,4.802258902547206,0.16739127449499458
1704,0.1708,1,35,1,70165,606279,4361,121895,4.801981687998986,0.16739817680938895
1705,0.1709,1,44,1,70209,606235,4362,121894,4.801633189709796,0.16740714900793677
1706,0.171,7,72,7,70281,606163,4369,121887,4.80106291978203,0.16741569947119017
1707,0.1711,9,80,9,70361,606083,4378,121878,4.800429286528957,0.16742380429720824
1708,0.1712,2,48,2,70409,606035,4380,121876,4.800049106577113,0.16743255700216098
1709,0.1713,5,58,5,70467,605977,4385,121871,4.799589722468635,0.16744017981776416
1710,0.1714,1,44,1,70511,605933,4386,121870,4.799241224179445,0.1674491586322123
1711,0.1715,9,80,9,70591,605853,4395,121861,4.7986075909263715,0.16745727030124472
1712,0.1716,4,23,4,70614,605830,4399,121857,4.7984254213661135,0.1674579867443008
1713,0.1717,0,18,0,70632,605812,4399,121857,4.798282853884172,0.16746212907242167
1714,0.1718,4,41,4,70673,605771,4403,121853,4.797958116841972,0.16746698844458127
1715,0.1719,4,29,4,70702,605742,4407,121849,4.797728424787733,0.16746908634108998
1716,0.172,2,41,2,70743,605701,4409,121847,4.797403687745533,0.16747623524495978
1717,0.1721,4,19,4,70762,605682,4413,121843,4.797253199847928,0.1674760317514862
1718,0.1722,5,48,5,70810,605634,4418,121838,4.7968730198960845,0.16748136010733058
1719,0.1723,4,58,4,70868,605576,4422,121834,4.796413635787606,0.1674901362367853
1720,0.1724,1,13,1,70881,605563,4423,121833,4.796310670383982,0.16749198510852412
1721,0.1725,4,41,4,70922,605522,4427,121829,4.795985933341782,0.16749684815171767
1722,0.1726,12,148,12,71070,605374,4439,121817,4.794813711823596,0.1675171997453214
1723,0.1727,4,117,4,71187,605257,4443,121813,4.793887023190977,0.16753957665699315
1724,0.1728,3,43,3,71230,605214,4446,121810,4.7935464453174506,0.16754605074935627
1725,0.1729,10,82,10,71312,605132,4456,121800,4.79289697123305,0.16755349881419446
1726,0.173,4,17,4,71329,605115,4460,121796,4.792762324166772,0.1675528365921
1727,0.1731,5,62,5,71391,605053,4465,121791,4.79227125839564,0.16756140244674236
1728,0.1732,15,163,15,71554,604890,4480,121776,4.7909802306425044,0.16758180512092213
1729,0.1733,2,35,2,71589,604855,4482,121774,4.790703016094285,0.16758758596202464
1730,0.1734,3,29,3,71618,604826,4485,121771,4.790473324040046,0.1675908378372055
1731,0.1735,4,52,4,71670,604774,4489,121767,4.790061462425548,0.16759824978906904
1732,0.1736,2,38,2,71708,604736,4491,121765,4.789760486630338,0.1676047245633523
1733,0.1737,3,24,3,71732,604712,4494,121762,4.789570396654416,0.1676068241946718
1734,0.1738,1,28,1,71760,604684,4495,121761,4.789348625015841,0.16761213856520452
1735,0.1739,4,58,4,71818,604626,4499,121757,4.788889240907363,0.16762093826535038
1736,0.174,5,53,5,71871,604573,4504,121752,4.788469458877202,0.1676274395071077
1737,0.1741,3,60,3,71931,604513,4507,121749,4.787994233937397,0.16763784970162282
1738,0.1742,4,60,4,71991,604453,4511,121745,4.7875190089975925,0.16764711552496703
1739,0.1743,0,37,0,72028,604416,4511,121745,4.787225953618046,0.16765565762964413
1740,0.1744,4,40,4,72068,604376,4515,121741,4.786909136991509,0.16766030818724806
1741,0.1745,5,47,5,72115,604329,4520,121736,4.786536877455329,0.16766542940370352
1742,0.1746,2,34,2,72149,604295,4522,121734,4.786267583322773,0.16767098834895025
1743,0.1747,7,56,7,72205,604239,4529,121727,4.785824040045622,0.16767589666733704
1744,0.1748,5,114,5,72319,604125,4534,121722,4.784921112659992,0.1676964980223105
1745,0.1749,2,52,2,72371,604073,4536,121720,4.7845092510454945,0.16770621926637486
1746,0.175,14,125,14,72496,603948,4550,121706,4.783519199087568,0.16771905067704443
1747,0.1751,2,28,2,72524,603920,4552,121704,4.783297427448993,0.16772322855914357
1748,0.1752,2,49,2,72573,603871,4554,121702,4.7829093270814855,0.16773226126109986
1749,0.1753,4,69,4,72642,603802,4558,121698,4.78236281840071,0.16774362508614749
1750,0.1754,3,40,3,72682,603762,4561,121695,4.782046001774173,0.1677494324267324
1751,0.1755,6,55,6,72737,603707,4567,121689,4.781610378912685,0.1677552674677004
1752,0.1756,0,22,0,72759,603685,4567,121689,4.78143612976809,0.16776035534772407
1753,0.1757,9,180,9,72939,603505,4576,121680,4.780010454948676,0.16779166695394968
1754,0.1758,1,36,1,72975,603469,4577,121679,4.779725319984792,0.16779884933834197
1755,0.1759,5,23,5,72998,603446,4582,121674,4.7795431504245345,0.16779843336275374
1756,0.176,2,50,2,73048,603396,4584,121672,4.7791471296413635,0.16780770907004586
1757,0.1761,7,48,7,73096,603348,4591,121665,4.77876694968952,0.1678107840824923
1758,0.1762,4,27,4,73123,603321,4595,121661,4.778553098466608,0.16781244223994526
1759,0.1763,3,20,3,73143,603301,4598,121658,4.778394690153339,0.1678136280810363
1760,0.1764,12,97,12,73240,603204,4610,121646,4.777626409833988,0.16782230806373732
1761,0.1765,9,66,9,73306,603138,4619,121637,4.777103662400203,0.16782725673484875
1762,0.1766,17,123,17,73429,603015,4636,121620,4.7761294512736026,0.16783622099401768
1763,0.1767,1,31,1,73460,602984,4637,121619,4.775883918388037,0.16784225293022523
1764,0.1768,3,50,3,73510,602934,4640,121616,4.775487897604866,0.16785038989717757
1765,0.1769,6,28,6,73538,602906,4646,121610,4.775266125966291,0.16784998536954326
1766,0.177,4,29,4,73567,602877,4650,121606,4.775036433912052,0.167852109711339
1767,0.1771,9,136,9,73703,602741,4659,121597,4.7739592573818275,0.16787328567602416
1768,0.1772,5,41,5,73744,602700,4664,121592,4.773634520339628,0.16787704406510082
1769,0.1773,5,89,5,73833,602611,4669,121587,4.772929603345584,0.16789193010751202
1770,0.1774,7,45,7,73878,602566,4676,121580,4.77257318464073,0.16789431965377147
1771,0.1775,7,92,7,73970,602474,4683,121573,4.771844506399696,0.16790760820775447
1772,0.1776,6,44,6,74014,602430,4689,121567,4.771496008110506,0.16791091675794237
1773,0.1777,4,101,4,74115,602329,4693,121563,4.770696046128501,0.1679297464262625
1774,0.1778,8,62,8,74177,602267,4701,121555,4.770204980357369,0.1679349342794223
1775,0.1779,6,57,6,74234,602210,4707,121549,4.769753516664554,0.16794126221573755
1776,0.178,0,31,0,74265,602179,4707,121549,4.769507983778989,0.16794845577343975
1777,0.1781,8,129,8,74394,602050,4715,121541,4.768486250158408,0.16796919806907493
1778,0.1782,5,55,5,74449,601995,4720,121536,4.768050627296921,0.16797621663757323
1779,0.1783,5,73,5,74522,601922,4725,121531,4.767472436953491,0.16798741590676933
1780,0.1784,8,41,8,74563,601881,4733,121523,4.767147699911291,0.16798773576037732
1781,0.1785,8,78,8,74641,601803,4741,121515,4.766529907489545,0.16799664877688653
1782,0.1786,4,31,4,74672,601772,4745,121511,4.76628437460398,0.1679992478739304
1783,0.1787,2,19,2,74691,601753,4747,121509,4.766133886706374,0.16800136050283299
1784,0.1788,4,24,4,74715,601729,4751,121505,4.765943796730452,0.1680023339610693
1785,0.1789,2,33,2,74748,601696,4753,121503,4.76568242301356,0.16800769912569016
1786,0.179,0,15,0,74763,601681,4753,121503,4.765563616778609,0.16801118387574945
1787,0.1791,5,38,5,74801,601643,4758,121498,4.765262640983399,0.1680142600129159
1788,0.1792,6,42,6,74843,601601,4764,121492,4.764929983525535,0.1680171153641371
1789,0.1793,7,62,7,74905,601539,4771,121485,4.764438917754403,0.16802346810064397
1790,0.1794,3,24,3,74929,601515,4774,121482,4.764248827778482,0.1680255934671928
1791,0.1795,7,82,7,75011,601433,4781,121475,4.763599353694082,0.16803659663470316
1792,0.1796,4,66,4,75077,601367,4785,121471,4.763076606260297,0.16804733564090432
1793,0.1797,5,35,5,75112,601332,4790,121466,4.762799391712077,0.16804971790182044
1794,0.1798,1,37,1,75149,601295,4791,121465,4.762506336332531,0.16805716973822568
1795,0.1799,4,56,4,75205,601239,4795,121461,4.76206279305538,0.16806558738065588
1796,0.18,3,45,3,75250,601194,4798,121458,4.761706374350526,0.16807259925939455
1797,0.1801,5,172,5,75422,601022,4803,121453,4.760344062856419,0.16810685490847435
1798,0.1802,2,44,2,75466,600978,4805,121451,4.7599955645672285,0.16811479051920672
1799,0.1803,2,34,2,75500,600944,4807,121449,4.759726270434673,0.16812039983776145
1800,0.1804,3,47,3,75547,600897,4810,121446,4.759354010898492,0.16812788384465552
1801,0.1805,5,41,5,75588,600856,4815,121441,4.759029273856292,0.1681316688287505
1802,0.1806,4,42,4,75630,600814,4819,121437,4.758696616398429,0.16813683885519023
1803,0.1807,8,136,8,75766,600678,4827,121429,4.757619439868204,0.16815928941278785
1804,0.1808,10,134,10,75900,600544,4837,121419,4.756558104169307,0.16817897870112458
1805,0.1809,3,48,3,75948,600496,4840,121416,4.756177924217463,0.1681867041966334
1806,0.181,9,95,9,76043,600401,4849,121407,4.755425484729439,0.1681984682907366
1807,0.1811,6,64,6,76107,600337,4855,121401,4.75491857812698,0.16820646827519128
1808,0.1812,4,114,4,76221,600223,4859,121397,4.7540156507413505,0.16822843047587374
1809,0.1813,1,64,1,76285,600159,4860,121396,4.753508744138893,0.16824219913935876
1810,0.1814,4,66,4,76351,600093,4864,121392,4.752985996705107,0.16825297823239568
1811,0.1815,2,28,2,76379,600065,4866,121390,4.752764225066532,0.1682572024589198
1812,0.1816,4,52,4,76431,600013,4870,121386,4.752352363452034,0.16826471896966866
1813,0.1817,5,40,5,76471,599973,4875,121381,4.752035546825497,0.1682682843652354
1814,0.1818,9,78,9,76549,599895,4884,121372,4.751417754403751,0.16827610302426146
1815,0.1819,1,42,1,76591,599853,4885,121371,4.7510850969458875,0.16828474925959203
1816,0.182,6,36,6,76627,599817,4891,121365,4.750799961982005,0.16828623010557667
1817,0.1821,3,31,3,76658,599786,4894,121362,4.7505544290964385,0.16829000427096796
1818,0.1822,4,35,4,76693,599751,4898,121358,4.75027721454822,0.16829355894878584
1819,0.1823,5,50,5,76743,599701,4903,121353,4.749881193765049,0.1682994616214597
1820,0.1824,9,118,9,76861,599583,4912,121344,4.748946584716766,0.1683166256777732
1821,0.1825,2,78,2,76939,599505,4914,121342,4.74832879229502,0.16833253103640577
1822,0.1826,5,59,5,76998,599446,4919,121337,4.747861487770878,0.16834054077302046
1823,0.1827,7,56,7,77054,599390,4926,121330,4.747417944493727,0.16834554334554336
1824,0.1828,2,40,2,77094,599350,4928,121328,4.74710112786719,0.1683525790991261
1825,0.1829,0,24,0,77118,599326,4928,121328,4.746911037891269,0.16835818575904665
1826,0.183,5,51,5,77169,599275,4933,121323,4.746507096692435,0.16836433073641616
1827,0.1831,6,38,6,77207,599237,4939,121317,4.746206120897225,0.1683662848308385
1828,0.1832,6,17,6,77224,599220,4945,121311,4.746071473830947,0.16836333204261858
1829,0.1833,5,39,5,77263,599181,4950,121306,4.745762577620074,0.1683666742078622
1830,0.1834,2,14,2,77277,599167,4952,121304,4.745651691800786,0.16836763728172266
1831,0.1835,0,31,0,77308,599136,4952,121304,4.74540615891522,0.16837488201654544
1832,0.1836,5,83,5,77391,599053,4957,121299,4.7447487644151565,0.1683885100617476
1833,0.1837,3,59,3,77450,598994,4960,121296,4.744281459891015,0.16839883935637034
1834,0.1838,14,149,14,77599,598845,4974,121282,4.743101317957167,0.16841751524383894
1835,0.1839,1,34,1,77633,598811,4975,121281,4.742832023824611,0.16842431244896486
1836,0.184,3,36,3,77669,598775,4978,121278,4.742546888860727,0.16842926840107603
1837,0.1841,3,69,3,77738,598706,4981,121275,4.7420003801799515,0.16844194499577073
1838,0.1842,4,49,4,77787,598657,4985,121271,4.741612279812444,0.16844878932337679
1839,0.1843,8,79,8,77866,598578,4993,121263,4.740986566975035,0.1684580344826149
1840,0.1844,0,37,0,77903,598541,4993,121263,4.740693511595489,0.1684666937110658
1841,0.1845,4,61,4,77964,598480,4997,121259,4.74021036624002,0.16847635045481765
1842,0.1846,1,35,1,77999,598445,4998,121258,4.739933151691801,0.1684833882865571
1843,0.1847,0,27,0,78026,598418,4998,121258,4.739719300468889,0.168489709258055
1844,0.1848,6,60,6,78086,598358,5004,121252,4.739244075529084,0.16849682466891788
1845,0.1849,3,64,3,78150,598294,5007,121249,4.738737168926625,0.16850834488001412
1846,0.185,5,51,5,78201,598243,5012,121244,4.738333227727791,0.16851451103355586
1847,0.1851,5,45,5,78246,598198,5017,121239,4.737976809022937,0.16851927270907668
1848,0.1852,2,59,2,78305,598139,5019,121237,4.737509504498796,0.16853078223349124
1849,0.1853,8,175,8,78480,597964,5027,121229,4.736123431757699,0.1685625416265175
1850,0.1854,1,49,1,78529,597915,5028,121228,4.735735331390192,0.16857287076422908
1851,0.1855,2,26,2,78555,597889,5030,121226,4.7355294005829425,0.16857665324739438
1852,0.1856,7,81,7,78636,597808,5037,121219,4.734887846914206,0.16858754956350736
1853,0.1857,8,59,8,78695,597749,5045,121211,4.7344205423900645,0.16859213308111717
1854,0.1858,4,46,4,78741,597703,5049,121207,4.734056203269548,0.16859829464049741
1855,0.1859,4,48,4,78789,597655,5053,121203,4.733676023317703,0.16860492614674943
1856,0.186,4,33,4,78822,597622,5057,121199,4.733414649600811,0.16860804011012478
1857,0.1861,2,46,2,78868,597576,5059,121197,4.733050310480294,0.1686165173149242
1858,0.1862,1,41,1,78909,597535,5060,121196,4.732725573438094,0.16862497930380071
1859,0.1863,3,89,3,78998,597446,5063,121193,4.732020656444051,0.16864239207724602
1860,0.1864,3,68,3,79066,597378,5066,121190,4.731482068178938,0.16865488026185413
1861,0.1865,3,34,3,79100,597344,5069,121187,4.731212774046382,0.16865938978276512
1862,0.1866,3,41,3,79141,597303,5072,121184,4.730888037004182,0.1686655430091289
1863,0.1867,4,50,4,79191,597253,5076,121180,4.730492016221011,0.1686726528430626
1864,0.1868,4,38,4,79229,597215,5080,121176,4.730191040425802,0.16867694611987066
1865,0.1869,4,42,4,79271,597173,5084,121172,4.729858382967938,0.16868217917574424
1866,0.187,3,37,3,79308,597136,5087,121169,4.729565327588392,0.16868739602258093
1867,0.1871,1,27,1,79335,597109,5088,121168,4.72935147636548,0.1686925796036905
1868,0.1872,9,85,9,79420,597024,5097,121159,4.728678241034089,0.16870212745219534
1869,0.1873,3,45,3,79465,596979,5100,121156,4.728321822329236,0.16870922598118737
1870,0.1874,5,38,5,79503,596941,5105,121151,4.728020846534026,0.16871236554647595
1871,0.1875,10,61,10,79564,596880,5115,121141,4.727537701178558,0.16871512114548182
1872,0.1876,8,129,8,79693,596751,5123,121133,4.726515967557978,0.1687361746466003
1873,0.1877,9,218,9,79911,596533,5132,121124,4.724789316943353,0.1687770062857326
1874,0.1878,6,104,6,80015,596429,5138,121118,4.723965593714358,0.16879451798976233
1875,0.1879,1,48,1,80063,596381,5139,121117,4.723585413762514,0.16880465172028353
1876,0.188,4,33,4,80096,596348,5143,121113,4.723324040045622,0.1688077818864022
1877,0.1881,8,172,8,80268,596176,5151,121105,4.7219617285515145,0.16883899057691476
1878,0.1882,6,58,6,80326,596118,5157,121099,4.721502344443036,0.16884569105305647
1879,0.1883,6,96,6,80422,596022,5163,121093,4.720741984539349,0.16886134023134364
1880,0.1884,1,39,1,80461,595983,5164,121092,4.720433088328475,0.16886936512917058
1881,0.1885,2,16,2,80477,595967,5166,121090,4.720306361677861,0.16887081501191675
1882,0.1886,8,68,8,80545,595899,5174,121082,4.719767773412749,0.1688775574248132
1883,0.1887,4,48,4,80593,595851,5178,121078,4.719387593460905,0.1688842270294548
1884,0.1888,1,24,1,80617,595827,5179,121077,4.719197503484983,0.1688887215024606
1885,0.1889,1,51,1,80668,595776,5180,121076,4.718793562286149,0.16889957759760732
1886,0.189,13,99,13,80767,595677,5193,121063,4.718009441135471,0.16890783268688786
1887,0.1891,10,48,10,80815,595629,5203,121053,4.717629261183627,0.16890754895476656
1888,0.1892,11,73,11,80888,595556,5214,121042,4.717051070840197,0.16891199807981602
1889,0.1893,3,53,3,80941,595503,5217,121039,4.716631288810037,0.16892101230632678
1890,0.1894,8,62,8,81003,595441,5225,121031,4.716140223038905,0.16892635022722452
1891,0.1895,2,22,2,81025,595419,5227,121029,4.71596597389431,0.16892921747286613
1892,0.1896,3,35,3,81060,595384,5230,121026,4.71568875934609,0.1689339903128097
1893,0.1897,2,33,2,81093,595351,5232,121024,4.715427385629198,0.1689394521025999
1894,0.1898,2,72,2,81165,595279,5234,121022,4.714857115701432,0.16895411286596
1895,0.1899,4,35,4,81200,595244,5238,121018,4.714579901153212,0.16895772775883686
1896,0.19,4,55,4,81255,595189,5242,121014,4.714144278291725,0.1689660612982632
1897,0.1901,5,50,5,81305,595139,5247,121009,4.713748257508554,0.16897205605545224
1898,0.1902,2,35,2,81340,595104,5249,121007,4.713471042960334,0.16897799363506497
1899,0.1903,3,49,3,81389,595055,5252,121004,4.713082942592827,0.1689860751697835
1900,0.1904,2,24,2,81413,595031,5254,121002,4.712892852616905,0.1689894180854793
1901,0.1905,5,43,5,81456,594988,5259,120997,4.712552274743379,0.16899376383583456
1902,0.1906,3,47,3,81503,594941,5262,120994,4.712180015207198,0.16900137582322416
1903,0.1907,5,43,5,81546,594898,5267,120989,4.711839437333671,0.1690057229702453
1904,0.1908,9,93,9,81639,594805,5276,120980,4.7111028386769735,0.16901723282829342
1905,0.1909,2,26,2,81665,594779,5278,120978,4.710896907869725,0.16902105044030305
1906,0.191,2,26,2,81691,594753,5280,120976,4.710690977062476,0.16902486835100994
1907,0.1911,1,40,1,81731,594713,5281,120975,4.71037416043594,0.16903315411184763
1908,0.1912,6,53,6,81784,594660,5287,120969,4.7099543784057785,0.169038705809854
1909,0.1913,3,31,3,81815,594629,5290,120966,4.709708845520213,0.16904254501498753
1910,0.1914,1,46,1,81861,594583,5291,120965,4.709344506399696,0.16905225086227618
1911,0.1915,5,51,5,81912,594532,5296,120960,4.708940565200861,0.16905849401530695
1912,0.1916,10,64,10,81976,594468,5306,120950,4.708433658598404,0.16906200291298235
1913,0.1917,7,152,7,82128,594316,5313,120943,4.707229755417564,0.16908979824091694
1914,0.1918,8,63,8,82191,594253,5321,120935,4.706730769230769,0.1690953986923718
1915,0.1919,5,129,5,82320,594124,5326,120930,4.705709035610189,0.1691200944264349
1916,0.192,6,97,6,82417,594027,5332,120924,4.7049407552908376,0.16913606666750589
1917,0.1921,1,33,1,82450,593994,5333,120923,4.704679381573945,0.1691427116714248
1918,0.1922,4,70,4,82520,593924,5337,120919,4.704124952477506,0.1691546255611372
1919,0.1923,1,58,1,82578,593866,5338,120918,4.703665568369028,0.16916718896897523
1920,0.1924,3,82,3,82660,593784,5341,120915,4.703016094284628,0.16918311065217664
1921,0.1925,8,89,8,82749,593695,5349,120907,4.702311177290584,0.16919488050691153
1922,0.1926,5,37,5,82786,593658,5354,120902,4.7020181219110375,0.16919782803403494
1923,0.1927,3,50,3,82836,593608,5357,120899,4.701622101127867,0.16920617992545908
1924,0.1928,3,107,3,82943,593501,5360,120896,4.700774616651882,0.16922803427226038
1925,0.1929,6,57,6,83000,593444,5366,120890,4.700323152959068,0.1692345597437613
1926,0.193,2,68,2,83068,593376,5368,120888,4.699784564693955,0.16924834514969256
1927,0.1931,3,44,3,83112,593332,5371,120885,4.699436066404765,0.16925528235816287
1928,0.1932,4,63,4,83175,593269,5375,120881,4.69893708021797,0.16926556045648672
1929,0.1933,5,45,5,83220,593224,5380,120876,4.698580661513116,0.16927041030667975
1930,0.1934,6,65,6,83285,593159,5386,120870,4.698065834494995,0.16927883881466999
1931,0.1935,10,124,10,83409,593035,5396,120860,4.697083702952731,0.16929660524306797
1932,0.1936,2,29,2,83438,593006,5398,120858,4.696854010898492,0.16930115540214943
1933,0.1937,7,71,7,83509,592935,5405,120851,4.69629166138639,0.16930984917047967
1934,0.1938,6,48,6,83557,592887,5411,120845,4.695911481434545,0.16931425240846704
1935,0.1939,3,62,3,83619,592825,5414,120842,4.695420415663414,0.1693254697218731
1936,0.194,3,56,3,83675,592769,5417,120839,4.694976872386263,0.16933526529971638
1937,0.1941,6,49,6,83724,592720,5423,120833,4.694588772018755,0.1693399088785276
1938,0.1942,9,229,9,83953,592491,5432,120824,4.692774996831834,0.1693837925741082
1939,0.1943,2,32,2,83985,592459,5434,120822,4.692521543530605,0.16938906265553128
1940,0.1944,4,24,4,84009,592435,5438,120818,4.692331453554683,0.16939010421267067
1941,0.1945,3,39,3,84048,592396,5441,120815,4.692022557343809,0.16939587303056178
1942,0.1946,6,72,6,84120,592324,5447,120809,4.691452287416044,0.16940598738243778
1943,0.1947,8,65,8,84185,592259,5455,120801,4.6909374603979215,0.16941211118278968
1944,0.1948,12,68,12,84253,592191,5467,120789,4.69039887213281,0.16941428932087857
1945,0.1949,3,47,3,84300,592144,5470,120786,4.690026612596629,0.16942196288555678
1946,0.195,5,72,5,84372,592072,5475,120781,4.689456342668863,0.16943324921126796
1947,0.1951,10,52,10,84424,592020,5485,120771,4.689044481054366,0.16943395749946338
1948,0.1952,2,48,2,84472,591972,5487,120769,4.688664301102522,0.16944303751292544
1949,0.1953,7,85,7,84557,591887,5494,120762,4.687991065771132,0.16945508939183246
1950,0.1954,1,26,1,84583,591861,5495,120761,4.687785134963883,0.16946010648001325
1951,0.1955,2,45,2,84628,591816,5497,120759,4.68742871625903,0.1694684770024208
1952,0.1956,4,39,4,84667,591777,5501,120755,4.6871198200481565,0.1694730903313816
1953,0.1957,2,44,2,84711,591733,5503,120753,4.6867713217589655,0.16948122489424353
1954,0.1958,3,47,3,84758,591686,5506,120750,4.686399062222786,0.16948890847739306
1955,0.1959,2,69,2,84827,591617,5508,120748,4.68585255354201,0.16950299354965503
1956,0.196,5,69,5,84896,591548,5513,120743,4.6853060448612345,0.16951358363365535
1957,0.1961,1,19,1,84915,591529,5514,120742,4.68515555696363,0.16951693947949587
1958,0.1962,4,40,4,84955,591489,5518,120738,4.684838740337093,0.1695217957196231
1959,0.1963,7,58,7,85013,591431,5525,120731,4.6843793562286145,0.16952743898158004
1960,0.1964,6,71,6,85084,591360,5531,120725,4.683817006716512,0.169537344558585
1961,0.1965,7,61,7,85145,591299,5538,120718,4.683333861361044,0.1695437047149155
1962,0.1966,5,34,5,85179,591265,5543,120713,4.683064567228488,0.16954596911702327
1963,0.1967,4,21,4,85200,591244,5547,120709,4.682898238499557,0.16954630432065038
1964,0.1968,4,44,4,85244,591200,5551,120705,4.682549740210367,0.16955211720664976
1965,0.1969,7,111,7,85355,591089,5558,120698,4.6816705740717275,0.16957039114229397
1966,0.197,2,23,2,85378,591066,5560,120696,4.681488404511469,0.16957353722171176
1967,0.1971,2,47,2,85425,591019,5562,120694,4.681116144975288,0.16958240189514592
1968,0.1972,0,63,0,85488,590956,5562,120694,4.680617158788493,0.16959741445935503
1969,0.1973,5,20,5,85508,590936,5567,120689,4.680458750475225,0.16959634639030388
1970,0.1974,5,72,5,85580,590864,5572,120684,4.679888480547459,0.16960767228633908
1971,0.1975,1,37,1,85617,590827,5573,120683,4.679595425167912,0.1696153251535467
1972,0.1976,7,59,7,85676,590768,5580,120676,4.679128120643772,0.16962122106588853
1973,0.1977,5,53,5,85729,590715,5585,120671,4.67870833861361,0.1696280219177774
1974,0.1978,2,78,2,85807,590637,5587,120669,4.678090546191864,0.16964428811228924
1975,0.1979,4,48,4,85855,590589,5591,120665,4.67771036624002,0.16965106698872695
1976,0.198,6,48,6,85903,590541,5597,120659,4.677330186288176,0.16965551181102362
1977,0.1981,2,31,2,85934,590510,5599,120657,4.677084653402611,0.1696605719894202
1978,0.1982,8,53,8,85987,590457,5607,120649,4.6766648713724495,0.16966387570910665
1979,0.1983,4,60,4,86047,590397,5611,120645,4.676189646432645,0.1696735213953606
1980,0.1984,4,61,4,86108,590336,5615,120641,4.675706501077176,0.16968340748012944
1981,0.1985,8,95,8,86203,590241,5623,120633,4.674954061589152,0.16969673950657924
1982,0.1986,12,148,12,86351,590093,5635,120621,4.6737818400709665,0.16971805817811383
1983,0.1987,5,81,5,86432,590012,5640,120616,4.67314028640223,0.1697315613795122
1984,0.1988,4,35,4,86467,589977,5644,120612,4.672863071854011,0.16973524780147173
1985,0.1989,4,35,4,86502,589942,5648,120608,4.6725858573057915,0.169738934628105
1986,0.199,7,186,7,86688,589756,5655,120601,4.671112659992397,0.16977519754151785
1987,0.1991,9,97,9,86785,589659,5664,120592,4.670344379673045,0.1697878637270486
1988,0.1992,7,30,7,86815,589629,5671,120585,4.670106767203142,0.16978685297670842
1989,0.1993,8,89,8,86904,589540,5679,120577,4.669401850209099,0.16979877963772166
1990,0.1994,10,47,10,86951,589493,5689,120567,4.669029590672919,0.16979832690195196
1991,0.1995,10,54,10,87005,589439,5699,120557,4.668601888227094,0.16979954816646856
1992,0.1996,3,25,3,87030,589414,5702,120554,4.668403877835509,0.16980201924593785
1993,0.1997,2,34,2,87064,589380,5704,120552,4.668134583702953,0.16980781257923294
1994,0.1998,8,50,8,87114,589330,5712,120544,4.667738562919782,0.16981041705992894
1995,0.1999,1,41,1,87155,589289,5713,120543,4.667413825877582,0.16981905577657813
1996,0.2,5,73,5,87228,589216,5718,120538,4.666835635534153,0.1698306737263897
1997,0.2001,7,79,7,87307,589137,5725,120531,4.666209922696743,0.16984139062209372
1998,0.2002,6,56,6,87363,589081,5731,120525,4.665766379419592,0.1698477746805974
1999,0.2003,2,38,2,87401,589043,5733,120523,4.665465403624382,0.16985453079769888
2000,0.2004,3,40,3,87441,589003,5736,120520,4.665148586997845,0.16986059648524432
2001,0.2005,6,74,6,87515,588929,5742,120514,4.664562476238753,0.16987129339495916
2002,0.2006,5,42,5,87557,588887,5747,120509,4.66422981878089,0.16987549972088933
2003,0.2007,2,50,2,87607,588837,5749,120507,4.663833797997719,0.16988513330626606
2004,0.2008,8,84,8,87691,588753,5757,120499,4.663168483081992,0.16989589031825078
2005,0.2009,4,22,4,87713,588731,5761,120495,4.662994233937397,0.1698964786964945
2006,0.201,4,105,4,87818,588626,5765,120491,4.662162590292739,0.16991695305570167
2007,0.2011,4,50,4,87868,588576,5769,120487,4.661766569509568,0.1699242521468473
2008,0.2012,6,35,6,87903,588541,5775,120481,4.661489354961349,0.16992561584830937
2009,0.2013,3,43,3,87946,588498,5778,120478,4.6611487770878215,0.169932409559703
2010,0.2014,2,50,2,87996,588448,5780,120476,4.6607527563046505,0.16994205302684068
2011,0.2015,4,62,4,88058,588386,5784,120472,4.6602616905335195,0.16995223302833573
2012,0.2016,9,53,9,88111,588333,5793,120463,4.659841908503358,0.16995440154854147
2013,0.2017,8,111,8,88222,588222,5801,120455,4.658962742364719,0.16997165140113196
2014,0.2018,1,51,1,88273,588171,5802,120454,4.658558801165885,0.1699827130005292
2015,0.2019,7,185,7,88458,587986,5809,120447,4.657093524268154,0.17001890086994817
2016,0.202,5,95,5,88553,587891,5814,120442,4.656341084780129,0.17003584472275046
2017,0.2021,2,48,2,88601,587843,5816,120440,4.6559609048282855,0.17004502437584976
2018,0.2022,2,38,2,88639,587805,5818,120438,4.655659929033075,0.17005180425362482
2019,0.2023,3,27,3,88666,587778,5821,120435,4.655446077810163,0.17005477165767927
2020,0.2024,2,59,2,88725,587719,5823,120433,4.654978773286022,0.17006659587207265
2021,0.2025,2,51,2,88776,587668,5825,120431,4.654574832087188,0.1700765006023169
2022,0.2026,1,15,1,88791,587653,5826,120430,4.6544560258522365,0.17007893142470587
2023,0.2027,1,68,1,88859,587585,5827,120429,4.653917437587125,0.17009409418457827
2024,0.2028,4,46,4,88905,587539,5831,120425,4.653553098466608,0.1701004570853885
2025,0.2029,3,33,3,88938,587506,5834,120422,4.653291724749715,0.1701048694217491
2026,0.203,4,49,4,88987,587457,5838,120418,4.6529036243822075,0.17011195479427865
2027,0.2031,7,51,7,89038,587406,5845,120411,4.652499683183374,0.1701160045605008
2028,0.2032,9,89,9,89127,587317,5854,120402,4.6517947661893295,0.17012684412881385
2029,0.2033,3,54,3,89181,587263,5857,120399,4.651367063743505,0.1701363080114518
2030,0.2034,6,87,6,89268,587176,5863,120393,4.650677987580789,0.17015019029946196
2031,0.2035,0,47,0,89315,587129,5863,120393,4.650305728044608,0.17016149321151852
2032,0.2036,1,22,1,89337,587107,5864,120392,4.650131478900013,0.17016561154150042
2033,0.2037,9,60,9,89397,587047,5873,120383,4.649656253960208,0.17016948673366977
2034,0.2038,1,38,1,89435,587009,5874,120382,4.6493552781649985,0.1701774549011791
2035,0.2039,13,111,13,89546,586898,5887,120369,4.648476112026359,0.17018891027009603
2036,0.204,2,30,2,89576,586868,5889,120367,4.648238499556457,0.17019378283031808
2037,0.2041,8,54,8,89630,586814,5897,120359,4.647810797110632,0.17019739158593442
2038,0.2042,16,128,16,89758,586686,5913,120343,4.646796983905715,0.17020942563883518
2039,0.2043,1,10,1,89768,586676,5914,120342,4.646717779749081,0.17021065941744057
2040,0.2044,7,79,7,89847,586597,5921,120335,4.646092066911671,0.17022146401634103
2041,0.2045,4,71,4,89918,586526,5925,120331,4.645529717399569,0.17023386625583392
2042,0.2046,6,28,6,89946,586498,5931,120325,4.645307945760994,0.17023356625350336
2043,0.2047,6,65,6,90011,586433,5937,120319,4.6447931187428715,0.17024217830299737
2044,0.2048,9,74,9,90085,586359,5946,120310,4.644207007983779,0.1702494378556297
2045,0.2049,3,37,3,90122,586322,5949,120307,4.643913952604232,0.17025482962063543
2046,0.205,3,61,3,90183,586261,5952,120304,4.643430807248764,0.17026600525075541
2047,0.2051,9,114,9,90297,586147,5961,120295,4.6425278798631355,0.1702829106989675
2048,0.2052,8,23,8,90320,586124,5969,120287,4.642345710302877,0.17027905850843206
2049,0.2053,17,163,17,90483,585961,5986,120270,4.64105468254974,0.17029838678845874
2050,0.2054,9,86,9,90569,585875,5995,120261,4.640373526802686,0.1703085524601493
2051,0.2055,8,52,8,90621,585823,6003,120253,4.639961665188189,0.17031169449181108
2052,0.2056,8,136,8,90757,585687,6011,120245,4.638884488657965,0.1703351030977488
2053,0.2057,7,53,7,90810,585634,6018,120238,4.638464706627804,0.17033966498175307
2054,0.2058,6,77,6,90887,585557,6024,120232,4.637854834621721,0.1703511956122864
2055,0.2059,3,30,3,90917,585527,6027,120229,4.637617222151818,0.17035491019559168
2056,0.206,5,64,5,90981,585463,6032,120224,4.63711031554936,0.17036448170364482
2057,0.2061,3,36,3,91017,585427,6035,120221,4.636825180585477,0.17036964605582386
2058,0.2062,4,44,4,91061,585383,6039,120217,4.636476682296287,0.17037556689342404
2059,0.2063,2,47,2,91108,585336,6041,120215,4.6361044227601065,0.1703845646877405
2060,0.2064,0,26,0,91134,585310,6041,120215,4.635898491952858,0.17039084369795543
2061,0.2065,7,122,7,91256,585188,6048,120208,4.634932201241921,0.1704120805901933
2062,0.2066,4,37,4,91293,585151,6052,120204,4.634639145862375,0.17041631518880565
2063,0.2067,4,70,4,91363,585081,6056,120200,4.634084716765936,0.17042852423360336
2064,0.2068,3,43,3,91406,585038,6059,120197,4.633744138892409,0.17043538678596495
2065,0.2069,1,28,1,91434,585010,6060,120196,4.633522367253834,0.17044097752996998
2066,0.207,5,37,5,91471,584973,6065,120191,4.633229311874287,0.17044403854989762
2067,0.2071,6,58,6,91529,584915,6071,120185,4.632769927765809,0.17045099985817613
2068,0.2072,4,46,4,91575,584869,6075,120181,4.632405588645292,0.17045741436777534
2069,0.2073,5,61,5,91636,584808,6080,120176,4.631922443289824,0.17046628008578918
2070,0.2074,6,63,6,91699,584745,6086,120170,4.631423457103029,0.17047445436683856
2071,0.2075,5,53,5,91752,584692,6091,120165,4.631003675072868,0.17048138842346747
2072,0.2076,5,29,5,91781,584663,6096,120160,4.630773983018629,0.1704825183060144
2073,0.2077,13,198,13,91979,584465,6109,120147,4.629205740717273,0.1705151203783075
2074,0.2078,2,53,2,92032,584412,6111,120145,4.628785958687112,0.1705255926773845
2075,0.2079,11,49,11,92081,584363,6122,120134,4.628397858319604,0.17052450187864532
2076,0.208,1,22,1,92103,584341,6123,120133,4.628223609175009,0.17052864974434825
2077,0.2081,4,45,4,92148,584296,6127,120129,4.627867190470156,0.17053483337473826
2078,0.2082,2,36,2,92184,584260,6129,120127,4.627582055506273,0.17054119397433512
2079,0.2083,5,32,5,92216,584228,6134,120122,4.6273286022050435,0.17054305387946334
2080,0.2084,9,85,9,92301,584143,6143,120113,4.626655366873654,0.17055303753180662
2081,0.2085,1,37,1,92338,584106,6144,120112,4.626362311494107,0.17056082065496764
2082,0.2086,1,26,1,92364,584080,6145,120111,4.626156380686859,0.17056594020656327
2083,0.2087,6,148,6,92512,583932,6151,120105,4.624984159168673,0.1705947272657545
2084,0.2088,4,52,4,92564,583880,6155,120101,4.624572297554176,0.17060261569559407
2085,0.2089,5,62,5,92626,583818,6160,120096,4.624081231783044,0.17061175086729344
2086,0.209,3,43,3,92669,583775,6163,120093,4.623740653909517,0.17061863872203312
2087,0.2091,3,32,3,92701,583743,6166,120090,4.623487200608288,0.17062286082067762
2088,0.2092,4,97,4,92798,583646,6170,120086,4.6227189202889365,0.17064166472463949
2089,0.2093,5,27,5,92825,583619,6175,120081,4.622505069066024,0.1706423191701009
2090,0.2094,5,38,5,92863,583581,6180,120076,4.622204093270815,0.17064564127124437
2091,0.2095,14,60,14,92923,583521,6194,120062,4.62172886833101,0.1706436909362506
2092,0.2096,7,42,7,92965,583479,6201,120055,4.621396210873146,0.1706456262241768
2093,0.2097,8,61,8,93026,583418,6209,120047,4.620913065517678,0.17065099187592844
2094,0.2098,1,38,1,93064,583380,6210,120046,4.620612089722469,0.17065903165364943
2095,0.2099,8,69,8,93133,583311,6218,120038,4.620065581041693,0.17066634060757888
2096,0.21,7,56,7,93189,583255,6225,120031,4.619622037764542,0.17067167553456203
2097,0.2101,2,36,2,93225,583219,6227,120029,4.619336902800659,0.17067805383022774
2098,0.2102,3,54,3,93279,583165,6230,120026,4.618909200354834,0.1706876225662729
2099,0.2103,13,143,13,93422,583022,6243,120013,4.617776580914966,0.17070700605233025
2100,0.2104,10,115,10,93537,582907,6253,120003,4.6168657331136735,0.17072313667468098
2101,0.2105,4,21,4,93558,582886,6257,119999,4.616699404384742,0.17072351807194633
2102,0.2106,9,57,9,93615,582829,6266,119990,4.6162479406919275,0.1707267447237482
2103,0.2107,5,47,5,93662,582782,6271,119985,4.615875681155747,0.1707322626133555
2104,0.2108,2,53,2,93715,582729,6273,119983,4.615455899125586,0.17074277940322635
2105,0.2109,4,49,4,93764,582680,6277,119979,4.615067798758079,0.17074996548823826
2106,0.211,3,42,3,93806,582638,6280,119976,4.614735141300216,0.17075663166404312
2107,0.2111,5,42,5,93848,582596,6285,119971,4.614402483842352,0.17076093810270052
2108,0.2112,4,72,4,93920,582524,6289,119967,4.613832213914586,0.17077371809745606
2109,0.2113,4,71,4,93991,582453,6293,119963,4.613269864402484,0.17078625771622513
2110,0.2114,1,38,1,94029,582415,6294,119962,4.612968888607274,0.17079431701208894
2111,0.2115,6,98,6,94127,582317,6300,119956,4.61219268787226,0.17081106635168944
2112,0.2116,2,58,2,94185,582259,6302,119954,4.611733303763781,0.17082281302112037
2113,0.2117,4,48,4,94233,582211,6306,119950,4.611353123811938,0.1708297669622779
2114,0.2118,7,51,7,94284,582160,6313,119943,4.610949182613104,0.17083390898486406
2115,0.2119,8,63,8,94347,582097,6321,119935,4.610450196426308,0.17083979077876793
2116,0.212,3,45,3,94392,582052,6324,119932,4.610093777721455,0.17084719879655377
2117,0.2121,11,45,11,94437,582007,6335,119921,4.609737359016601,0.1708451579079336
2118,0.2122,6,63,6,94500,581944,6341,119915,4.6092383728298065,0.17085340502864535
2119,0.2123,2,58,2,94558,581886,6343,119913,4.608778988721328,0.17086516224731013
2120,0.2124,1,91,1,94649,581795,6344,119912,4.608058230895957,0.17088613908654182
2121,0.2125,3,60,3,94709,581735,6347,119909,4.607583005956153,0.17089720713068166
2122,0.2126,6,38,6,94747,581697,6353,119903,4.607282030160943,0.17089937286202964
2123,0.2127,7,85,7,94832,581612,6360,119896,4.606608794829553,0.17091180713548526
2124,0.2128,7,72,7,94904,581540,6367,119889,4.606038524901787,0.17092107683029928
2125,0.2129,12,141,12,95045,581399,6379,119877,4.604921746293246,0.17094125565397933
2126,0.213,5,100,5,95145,581299,6384,119872,4.604129704726904,0.1709597230917993
2127,0.2131,6,77,6,95222,581222,6390,119866,4.6035198327208215,0.1709714044456616
2128,0.2132,2,39,2,95261,581183,6392,119864,4.603210936509948,0.17097855065352252
2129,0.2133,4,68,4,95329,581115,6396,119860,4.602672348244836,0.170990406219908
2130,0.2134,5,31,5,95360,581084,6401,119855,4.60242681535927,0.17099205494344016
2131,0.2135,6,47,6,95407,581037,6407,119849,4.60205455582309,0.17099642452552913
2132,0.2136,13,127,13,95534,580910,6420,119836,4.601048663033836,0.17101203574476342
2133,0.2137,6,55,6,95589,580855,6426,119830,4.600613040172348,0.1710183606042658
2134,0.2138,4,48,4,95637,580807,6430,119826,4.600232860220505,0.17102534422443705
2135,0.2139,5,43,5,95680,580764,6435,119821,4.5998922823469774,0.1710299249912573
2136,0.214,13,46,13,95726,580718,6448,119808,4.599527943226461,0.17102577206270717
2137,0.2141,2,44,2,95770,580674,6450,119806,4.5991794449372705,0.17103414801279124
2138,0.2142,6,72,6,95842,580602,6456,119800,4.598609175009504,0.17104462865611464
2139,0.2143,6,72,6,95914,580530,6462,119794,4.598038905081738,0.17105511163404366
2140,0.2144,3,51,3,95965,580479,6465,119791,4.597634963882904,0.1710640181644223
2141,0.2145,3,34,3,95999,580445,6468,119788,4.597365669750348,0.17106877282276042
2142,0.2146,3,59,3,96058,580386,6471,119785,4.596898365226207,0.171079636260285
2143,0.2147,2,50,2,96108,580336,6473,119783,4.596502344443036,0.17108948621591472
2144,0.2148,3,31,3,96139,580305,6476,119780,4.5962568115574705,0.17109351007377677
2145,0.2149,3,74,3,96213,580231,6479,119777,4.595670700798378,0.17110804447949166
2146,0.215,3,33,3,96246,580198,6482,119774,4.5954093270814855,0.1711125587880658
2147,0.2151,7,74,7,96320,580124,6489,119767,4.594823216322393,0.17112236048184645
2148,0.2152,13,135,13,96455,579989,6502,119754,4.593753960207832,0.17113997567678418
2149,0.2153,2,38,2,96493,579951,6504,119752,4.593452984412622,0.1711469008993816
2150,0.2154,14,113,14,96606,579838,6518,119738,4.592557977442656,0.171157958534884
2151,0.2155,9,116,9,96722,579722,6527,119729,4.591639209225701,0.1711756792112671
2152,0.2156,3,48,3,96770,579674,6530,119726,4.591259029273856,0.1711838718901916
2153,0.2157,1,35,1,96805,579639,6531,119725,4.5909818147256365,0.17119125376770894
2154,0.2158,4,30,4,96835,579609,6535,119721,4.590744202255735,0.17119385697739264
2155,0.2159,11,93,11,96928,579516,6546,119710,4.5900076035990365,0.17120358796726667
2156,0.216,11,124,11,97052,579392,6557,119699,4.589025472056774,0.17122091401548584
2157,0.2161,4,67,4,97119,579325,6561,119695,4.588494804207325,0.17123258275871936
2158,0.2162,13,117,13,97236,579208,6574,119682,4.5875681155747055,0.17124583267753152
2159,0.2163,2,37,2,97273,579171,6576,119680,4.587275060195159,0.1712525273627712
2160,0.2164,7,69,7,97342,579102,6583,119673,4.586728551514383,0.1712611355586562
2161,0.2165,5,30,5,97372,579072,6588,119668,4.586490939044481,0.17126255831926038
2162,0.2166,4,70,4,97442,579002,6592,119664,4.585936509948042,0.1712749725906227
2163,0.2167,6,79,6,97521,578923,6598,119658,4.585310797110632,0.1712872236719865
2164,0.2168,4,72,4,97593,578851,6602,119654,4.584740527182866,0.17130013385730955
2165,0.2169,3,27,3,97620,578824,6605,119651,4.584526675959954,0.17130319624897097
2166,0.217,3,46,3,97666,578778,6608,119648,4.584162336839437,0.1713109191238585
2167,0.2171,8,98,8,97764,578680,6616,119640,4.583386136104423,0.17132546683468897
2168,0.2172,5,93,5,97857,578587,6621,119635,4.582649537447725,0.17134235243232096
2169,0.2173,5,70,5,97927,578517,6626,119630,4.582095108351286,0.17135359745153958
2170,0.2174,4,53,4,97980,578464,6630,119626,4.581675326321125,0.1713618587861164
2171,0.2175,4,54,4,98034,578410,6634,119622,4.581247623875301,0.17137036697457997
2172,0.2176,5,67,5,98101,578343,6639,119617,4.580716956025852,0.17138088142586969
2173,0.2177,10,105,10,98206,578238,6649,119607,4.579885312381194,0.17139479397287363
2174,0.2178,7,44,7,98250,578194,6656,119600,4.579536814092004,0.1713972891713027
2175,0.2179,5,94,5,98344,578100,6661,119595,4.5787922950196425,0.1714144432739234
2176,0.218,0,64,0,98408,578036,6661,119595,4.578285388417184,0.17143016867083027
2177,0.2181,3,112,3,98520,577924,6664,119592,4.577398301862882,0.17145413151813005
2178,0.2182,8,58,8,98578,577866,6672,119584,4.576938917754403,0.17145888594164457
2179,0.2183,8,56,8,98634,577810,6680,119576,4.576495374477252,0.1714631495326835
2180,0.2184,5,29,5,98663,577781,6685,119571,4.5762656824230135,0.17146433938670858
2181,0.2185,4,34,4,98697,577747,6689,119567,4.5759963882904575,0.17146794700809104
2182,0.2186,14,214,14,98911,577533,6703,119553,4.574301419338487,0.17150394642841774
2183,0.2187,10,78,10,98989,577455,6713,119543,4.573683626916741,0.17151125254304891
2184,0.2188,7,132,7,99121,577323,6720,119536,4.57263813204917,0.1715354182122926
2185,0.2189,2,49,2,99170,577274,6722,119534,4.572250031681663,0.1715451028116784
2186,0.219,9,94,9,99264,577180,6731,119525,4.571505512609302,0.17155754587666228
2187,0.2191,5,47,5,99311,577133,6736,119520,4.571133253073121,0.17156317420580977
2188,0.2192,4,64,4,99375,577069,6740,119516,4.570626346470663,0.1715741797483437
2189,0.2193,2,46,2,99421,577023,6742,119514,4.570262007350146,0.1715831319800671
2190,0.2194,1,22,1,99443,577001,6743,119513,4.570087758205551,0.17158736220664625
2191,0.2195,5,64,5,99507,576937,6748,119508,4.569580851603092,0.17159718283568695
2192,0.2196,10,46,10,99553,576891,6758,119498,4.569216512482575,0.17159662200293227
2193,0.2197,2,19,2,99572,576872,6760,119496,4.56906602458497,0.17159892470647703
2194,0.2198,8,133,8,99705,576739,6768,119488,4.568012609301737,0.1716221864420656
2195,0.2199,4,46,4,99751,576693,6772,119484,4.567648270181219,0.17162876682223055
2196,0.22,9,72,9,99823,576621,6781,119475,4.567078000253454,0.1716358088539512
2197,0.2201,5,62,5,99885,576559,6786,119470,4.566586934482322,0.171645146969451
2198,0.2202,4,42,4,99927,576517,6790,119466,4.566254277024458,0.17165074434289343
2199,0.2203,5,61,5,99988,576456,6795,119461,4.56577113166899,0.1716598387451377
2200,0.2204,12,111,12,100099,576345,6807,119449,4.564891965530351,0.17167293767983052
2201,0.2205,5,65,5,100164,576280,6812,119444,4.564377138512229,0.17168302372780012
2202,0.2206,12,89,12,100253,576191,6824,119432,4.5636722215181855,0.17169070027874295
2203,0.2207,3,41,3,100294,576150,6827,119429,4.563347484475985,0.17169724790426394
2204,0.2208,5,40,5,100334,576110,6832,119424,4.563030667849449,0.17170116773586913
2205,0.2209,2,35,2,100369,576075,6834,119422,4.562753453301229,0.17170742648782095
2206,0.221,2,17,2,100386,576058,6836,119420,4.562618806234951,0.17170924170139099
2207,0.2211,7,82,7,100468,575976,6843,119413,4.561969332150551,0.17172115175822453
2208,0.2212,6,38,6,100506,575938,6849,119407,4.561668356355342,0.17172338910900345
2209,0.2213,3,49,3,100555,575889,6852,119404,4.5612802559878345,0.17173191733556933
2210,0.2214,5,62,5,100617,575827,6857,119399,4.560789190216703,0.1717412754989025
2211,0.2215,9,116,9,100733,575711,6866,119390,4.559870421999746,0.17175921197063448
2212,0.2216,10,142,10,100875,575569,6876,119380,4.558745722975542,0.17178238978687646
2213,0.2217,9,87,9,100962,575482,6885,119371,4.558056646812824,0.171793170641848
2214,0.2218,3,80,3,101042,575402,6888,119368,4.5574230135597515,0.17180937576464153
2215,0.2219,22,262,22,101304,575140,6910,119346,4.555347864655937,0.17184795661827595
2216,0.222,5,61,5,101365,575079,6915,119341,4.554864719300469,0.1718570893695458
2217,0.2221,6,56,6,101421,575023,6921,119335,4.554421176023317,0.17186379360502796
2218,0.2222,2,54,2,101475,574969,6923,119333,4.553993473577493,0.17187477495383854
2219,0.2223,6,59,6,101534,574910,6929,119327,4.5535261690533515,0.1718822246581499
2220,0.2224,6,52,6,101586,574858,6935,119321,4.553114307438855,0.171887942447121
2221,0.2225,2,21,2,101607,574837,6937,119319,4.5529479787099225,0.17189075654463837
2222,0.2226,3,20,3,101627,574817,6940,119316,4.552789570396654,0.17189213018254426
2223,0.2227,4,55,4,101682,574762,6944,119312,4.552353947535167,0.1719009788581621
2224,0.2228,4,121,4,101803,574641,6948,119308,4.5513955772398935,0.17192617901315516
2225,0.2229,5,30,5,101833,574611,6953,119303,4.551157964769991,0.17192764521251913
2226,0.223,4,53,4,101886,574558,6957,119299,4.55073818273983,0.17193600410459214
2227,0.2231,9,164,9,102050,574394,6966,119290,4.549439234571031,0.17196590954959318
2228,0.2232,8,56,8,102106,574338,6974,119282,4.548995691293879,0.17197024307257577
2229,0.2233,8,66,8,102172,574272,6982,119274,4.5484729438600935,0.1719770570373126
2230,0.2234,4,58,4,102230,574214,6986,119270,4.548013559751616,0.17198666443638208
2231,0.2235,11,101,11,102331,574113,6997,119259,4.547213597769611,0.17199858084837577
2232,0.2236,7,79,7,102410,574034,7004,119252,4.546587884932201,0.17200981990116632
2233,0.2237,6,39,6,102449,573995,7010,119246,4.546278988721328,0.1720123304882429
2234,0.2238,8,89,8,102538,573906,7018,119238,4.545574071727284,0.17202486063501957
2235,0.2239,3,97,3,102635,573809,7021,119235,4.544805791407933,0.17204535354176648
2236,0.224,5,43,5,102678,573766,7026,119230,4.544465213534406,0.1720500551229733
2237,0.2241,4,82,4,102760,573684,7030,119226,4.5438157394500065,0.17206563622981338
2238,0.2242,4,68,4,102828,573616,7034,119222,4.543277151184895,0.17207774400364875
2239,0.2243,5,89,5,102917,573527,7039,119217,4.5425722341908505,0.1720938759484023
2240,0.2244,2,57,2,102974,573470,7041,119215,4.542120770498036,0.172105646866902
2241,0.2245,3,51,3,103025,573419,7044,119212,4.541716829299202,0.17211473353055234
2242,0.2246,7,91,7,103116,573328,7051,119205,4.540996071473831,0.17212898157921716
2243,0.2247,4,48,4,103164,573280,7055,119201,4.540615891521987,0.17213613081080925
2244,0.2248,5,31,5,103195,573249,7060,119196,4.540370358636421,0.1721378593245673
2245,0.2249,5,46,5,103241,573203,7065,119191,4.540006019515904,0.172143317244228
2246,0.225,14,126,14,103367,573077,7079,119177,4.539008047142314,0.17215790735770398
2247,0.2251,8,130,8,103497,572947,7087,119169,4.53797839310607,0.17218067491576555
2248,0.2252,5,74,5,103571,572873,7092,119164,4.5373922823469774,0.172193105281943
2249,0.2253,14,142,14,103713,572731,7106,119150,4.536267583322773,0.1722116953637981
2250,0.2254,5,45,5,103758,572686,7111,119145,4.535911164617919,0.17221691424639832
2251,0.2255,2,75,2,103833,572611,7113,119143,4.535317133443163,0.1722331927245813
2252,0.2256,7,44,7,103877,572567,7120,119136,4.534968635153973,0.17223577171126914
2253,0.2257,5,46,5,103923,572521,7125,119131,4.534604296033456,0.17224124270586944
2254,0.2258,3,48,3,103971,572473,7128,119128,4.534224116081612,0.17224960634816897
2255,0.2259,13,98,13,104069,572375,7141,119115,4.533447915346597,0.1722584563768095
2256,0.226,2,19,2,104088,572356,7143,119113,4.533297427448993,0.17226079549480888
2257,0.2261,5,59,5,104147,572297,7148,119108,4.532830122924851,0.17226950918781322
2258,0.2262,8,139,8,104286,572158,7156,119100,4.531729185147636,0.17229457018942276
2259,0.2263,11,82,11,104368,572076,7167,119089,4.531079711063237,0.17230183820071907
2260,0.2264,4,141,4,104509,571935,7171,119085,4.529962932454695,0.17233220456716158
2261,0.2265,8,96,8,104605,571839,7179,119077,4.529202572551007,0.17234656600802414
2262,0.2266,5,95,5,104700,571744,7184,119072,4.528450133062983,0.17236427644987956
2263,0.2267,7,92,7,104792,571652,7191,119065,4.527721454821949,0.17237884690835756
2264,0.2268,9,155,9,104947,571497,7200,119056,4.52649379039412,0.17240675226955787
2265,0.2269,5,51,5,104998,571446,7205,119051,4.5260898491952855,0.17241349346919682
2266,0.227,4,65,4,105063,571381,7209,119047,4.525575022177164,0.17242493062274417
2267,0.2271,13,59,13,105122,571322,7222,119034,4.5251077176530226,0.1724240826472139
2268,0.2272,3,48,3,105170,571274,7225,119031,4.524727537701178,0.17243247549996016
2269,0.2273,15,157,15,105327,571117,7240,119016,4.523484032442022,0.17245371544325513
2270,0.2274,11,175,11,105502,570942,7251,119005,4.522097959700925,0.17248426328399138
2271,0.2275,7,102,7,105604,570840,7258,118998,4.521290077303257,0.172501369886843
2272,0.2276,10,67,10,105671,570773,7268,118988,4.520759409453808,0.172506128934515
2273,0.2277,6,41,6,105712,570732,7274,118982,4.520434672411608,0.17250918496652234
2274,0.2278,6,56,6,105768,570676,7280,118976,4.519991129134457,0.17251599357357045
2275,0.2279,8,100,8,105868,570576,7288,118968,4.519199087568116,0.17253141206362466
2276,0.228,6,79,6,105947,570497,7294,118962,4.518573374730706,0.17254398013514943
2277,0.2281,8,54,8,106001,570443,7302,118954,4.518145672284882,0.1725478933038583
2278,0.2282,15,114,15,106115,570329,7317,118939,4.517242744899252,0.17255842429940169
2279,0.2283,10,117,10,106232,570212,7327,118929,4.516316056266633,0.17257571382344106
2280,0.2284,7,98,7,106330,570114,7334,118922,4.515539855531618,0.1725918529655925
2281,0.2285,5,67,5,106397,570047,7339,118917,4.515009187682169,0.17260263235814935
2282,0.2286,0,23,0,106420,570024,7339,118917,4.5148270181219115,0.17260839462305191
2283,0.2287,11,57,11,106477,569967,7350,118906,4.514375554429097,0.17260946502475782
2284,0.2288,7,80,7,106557,569887,7357,118899,4.513741921176023,0.1726211043778474
2285,0.2289,1,81,1,106638,569806,7358,118898,4.5131003675072865,0.17264020537124802
2286,0.229,4,47,4,106685,569759,7362,118894,4.512728107971106,0.1726471822528908
2287,0.2291,2,35,2,106720,569724,7364,118892,4.512450893422887,0.17265355437573335
2288,0.2292,6,50,6,106770,569674,7370,118886,4.512054872639716,0.1726588823051005
2289,0.2293,5,30,5,106800,569644,7375,118881,4.511817260169813,0.17266039722595403
2290,0.2294,2,60,2,106860,569584,7377,118879,4.511342035230009,0.1726730412527616
2291,0.2295,7,57,7,106917,569527,7384,118872,4.510890571537194,0.17267892602981702
2292,0.2296,9,82,9,106999,569445,7393,118863,4.510241097452794,0.17268868006764412
2293,0.2297,8,47,8,107046,569398,7401,118855,4.509868837916614,0.1726908564147196
2294,0.2298,12,72,12,107118,569326,7413,118843,4.509298567988848,0.17269449800848338
2295,0.2299,3,25,3,107143,569301,7416,118840,4.509100557597263,0.1726971652611892
2296,0.23,13,81,13,107224,569220,7429,118827,4.508459003928526,0.1727018648435354
2297,0.2301,4,88,4,107312,569132,7433,118823,4.507762007350146,0.1727191458743668
2298,0.2302,9,75,9,107387,569057,7442,118814,4.507167976175389,0.1727271537831948
2299,0.2303,4,21,4,107408,569036,7446,118810,4.507001647446458,0.17272761635598666
2300,0.2304,7,73,7,107481,568963,7453,118803,4.506423457103029,0.17273752991569807
2301,0.2305,2,28,2,107509,568935,7455,118801,4.506201685464453,0.17274215687414937
2302,0.2306,8,50,8,107559,568885,7463,118793,4.505805664681282,0.17274509290685466
2303,0.2307,5,33,5,107592,568852,7468,118788,4.50554429096439,0.17274736780873712
2304,0.2308,13,81,13,107673,568771,7481,118775,4.504902737295653,0.1727520776791662
2305,0.2309,5,31,5,107704,568740,7486,118770,4.504657204410088,0.1727538508530785
2306,0.231,5,42,5,107746,568698,7491,118765,4.504324546952224,0.1727583884514512
2307,0.2311,8,65,8,107811,568633,7499,118757,4.503809719934102,0.1727650969609683
2308,0.2312,8,54,8,107865,568579,7507,118749,4.503382017488278,0.17276904185483496
2309,0.2313,5,36,5,107901,568543,7512,118744,4.503096882524395,0.1727720733841903
2310,0.2314,5,119,5,108020,568424,7517,118739,4.502154353060448,0.17279597417206688
2311,0.2315,7,94,7,108114,568330,7524,118732,4.501409833988088,0.17281118734553796
2312,0.2316,26,199,26,108313,568131,7550,118706,4.499833671271069,0.1728299436401941
2313,0.2317,1,34,1,108347,568097,7551,118705,4.499564377138512,0.1728372951738638
2314,0.2318,5,55,5,108402,568042,7556,118700,4.499128754277025,0.17284511505048475
2315,0.2319,2,19,2,108421,568023,7558,118698,4.49897826637942,0.17284748828126706
2316,0.232,2,37,2,108458,567986,7560,118696,4.498685210999874,0.17285439257181637
2317,0.2321,3,93,3,108551,567893,7563,118693,4.497948612343175,0.17287419201673207
2318,0.2322,3,47,3,108598,567846,7566,118690,4.497576352806996,0.17288241257559692
2319,0.2323,0,21,0,108619,567825,7566,118690,4.4974100240780635,0.17288770092423328
2320,0.2324,7,38,7,108657,567787,7573,118683,4.497109048282854,0.1728888370941192
2321,0.2325,3,24,3,108681,567763,7576,118680,4.496918958306932,0.17289126700978813
2322,0.2326,5,59,5,108740,567704,7581,118675,4.49645165378279,0.17290010329570107
2323,0.2327,2,45,2,108785,567659,7583,118673,4.496095235077937,0.17290902944930442
2324,0.2328,7,34,7,108819,567625,7590,118666,4.495825940945381,0.17290915952562397
2325,0.2329,5,50,5,108869,567575,7595,118661,4.49542992016221,0.17291573161419688
2326,0.233,7,65,7,108934,567510,7602,118654,4.494915093144088,0.17292367422365498
2327,0.2331,8,69,8,109003,567441,7610,118646,4.494368584463313,0.17293142123375024
2328,0.2332,8,49,8,109052,567392,7618,118638,4.493980484095806,0.17293412824512047
2329,0.2333,7,161,7,109213,567231,7625,118631,4.492705297173996,0.1729662818467855
2330,0.2334,6,46,6,109259,567185,7631,118625,4.492340958053479,0.17297064784707133
2331,0.2335,6,40,6,109299,567145,7637,118619,4.492024141426942,0.1729735010878378
2332,0.2336,16,162,16,109461,566983,7653,118603,4.490741034089469,0.17299507282820828
2333,0.2337,2,40,2,109501,566943,7655,118601,4.490424217462932,0.17300275401724763
2334,0.2338,14,164,14,109665,566779,7669,118587,4.489125269294132,0.1730272584283434
2335,0.2339,7,40,7,109705,566739,7676,118580,4.488808452667596,0.17302891062410353
2336,0.234,3,81,3,109786,566658,7679,118577,4.48816689899886,0.1730457434310857
2337,0.2341,2,49,2,109835,566609,7681,118575,4.487778798631352,0.17305570474500281
2338,0.2342,19,169,19,110004,566440,7700,118556,4.486440248384235,0.17307546321438375
2339,0.2343,10,99,10,110103,566341,7710,118546,4.4856561272335576,0.17308840728470537
2340,0.2344,14,113,14,110216,566228,7724,118532,4.484761120263592,0.17310006425608973
2341,0.2345,4,59,4,110275,566169,7728,118528,4.48429381573945,0.1731101494529697
2342,0.2346,14,147,14,110422,566022,7742,118514,4.4831295146369285,0.1731304124253509
2343,0.2347,6,51,6,110473,565971,7748,118508,4.482725573438094,0.17313606407208987
2344,0.2348,8,70,8,110543,565901,7756,118500,4.482171144341655,0.1731441070366642
2345,0.2349,12,169,12,110712,565732,7768,118488,4.480832594094538,0.1731723714594721
2346,0.235,10,123,10,110835,565609,7778,118478,4.479858382967938,0.17319142155895376
2347,0.2351,6,24,6,110859,565585,7784,118472,4.479668292992017,0.17319024584208625
2348,0.2352,9,124,9,110983,565461,7793,118463,4.478686161449753,0.173210766108515
2349,0.2353,9,88,9,111071,565373,7802,118454,4.4779891648713726,0.17322217461433959
2350,0.2354,6,107,6,111178,565266,7808,118448,4.477141680395387,0.17324202809946848
2351,0.2355,5,78,5,111256,565188,7813,118443,4.476523887973641,0.17325574761823265
2352,0.2356,3,115,3,111371,565073,7816,118440,4.475613040172348,0.17328126897366986
2353,0.2357,6,55,6,111426,565018,7822,118434,4.47517741731086,0.17328795584766743
2354,0.2358,0,30,0,111456,564988,7822,118434,4.474939804840958,0.173295562624557
2355,0.2359,10,101,10,111557,564887,7832,118424,4.474139842858953,0.1733090788820903
2356,0.236,7,94,7,111651,564793,7839,118417,4.473395323786592,0.17332445368188404
2357,0.2361,4,23,4,111674,564770,7843,118413,4.473213154226333,0.17332544867187855
2358,0.2362,3,31,3,111705,564739,7846,118410,4.472967621340768,0.17332968356829914
2359,0.2363,2,40,2,111745,564699,7848,118408,4.472650804714231,0.17333741273329067
2360,0.2364,3,38,3,111783,564661,7851,118405,4.472349828919022,0.17334342508630204
2361,0.2365,12,47,12,111830,564614,7863,118393,4.471977569382841,0.17334082959618277
2362,0.2366,9,51,9,111881,564563,7872,118384,4.471573628184007,0.17334288019421712
2363,0.2367,0,59,0,111940,564504,7872,118384,4.471106323659866,0.17335785663241995
2364,0.2368,9,76,9,112016,564428,7881,118375,4.470504372069446,0.17336625644585626
2365,0.2369,4,46,4,112062,564382,7885,118371,4.47014003294893,0.17337309393001568
2366,0.237,2,25,2,112087,564357,7887,118369,4.469942022557344,0.17337702094251572
2367,0.2371,4,64,4,112151,564293,7891,118365,4.4694351159548855,0.17338843168907417
2368,0.2372,4,51,4,112202,564242,7895,118361,4.469031174756052,0.17339654235331517
2369,0.2373,7,87,7,112289,564155,7902,118354,4.468342098593334,0.1734101674849709
2370,0.2374,6,54,6,112343,564101,7908,118348,4.46791439614751,0.1734166216083546
2371,0.2375,8,129,8,112472,563972,7916,118340,4.46689266252693,0.17343971672783126
2372,0.2376,10,104,10,112576,563868,7926,118330,4.4660689392979345,0.17345404120211433
2373,0.2377,5,39,5,112615,563829,7931,118325,4.465760043087061,0.17345789953588192
2374,0.2378,3,37,3,112652,563792,7934,118322,4.465466987707515,0.1734636732276423
2375,0.2379,7,63,7,112715,563729,7941,118315,4.464968001520719,0.17347121300092075
2376,0.238,5,49,5,112764,563680,7946,118310,4.464579901153212,0.1734776169738559
2377,0.2381,8,110,8,112874,563570,7954,118302,4.463708655430237,0.1734959053898679
2378,0.2382,6,142,6,113016,563428,7960,118296,4.462583956406032,0.1735247695548345
2379,0.2383,4,25,4,113041,563403,7964,118292,4.462385946014447,0.17352628374859724
2380,0.2384,15,97,15,113138,563306,7979,118277,4.461617665695096,0.17353279057722978
2381,0.2385,1,17,1,113155,563289,7980,118276,4.461483018628818,0.17353590633321841
2382,0.2386,4,35,4,113190,563254,7984,118272,4.461205804080598,0.17353996766080826
2383,0.2387,4,68,4,113258,563186,7988,118268,4.460667215815486,0.17355243347313246
2384,0.2388,8,159,8,113417,563027,7996,118260,4.459407869725003,0.17358323291065292
2385,0.2389,4,31,4,113448,562996,8000,118256,4.459162336839437,0.17358627937973026
2386,0.239,3,74,3,113522,562922,8003,118253,4.4585762260803445,0.17360149741255917
2387,0.2391,7,55,7,113577,562867,8010,118246,4.458140603218857,0.17360702262326516
2388,0.2392,0,33,0,113610,562834,8010,118246,4.457879229501964,0.1736154343102132
2389,0.2393,13,153,13,113763,562681,8023,118233,4.456667405905462,0.1736386680256244
2390,0.2394,7,46,7,113809,562635,8030,118226,4.456303066784945,0.17364190341347205
2391,0.2395,14,60,14,113869,562575,8044,118212,4.4558278418451405,0.17364021345883515
2392,0.2396,11,75,11,113944,562500,8055,118201,4.455233810670384,0.1736459914117946
2393,0.2397,1,37,1,113981,562463,8056,118200,4.4549407552908376,0.17365421655062785
2394,0.2398,7,68,7,114049,562395,8063,118193,4.454402167025726,0.17366306781782812
2395,0.2399,7,63,7,114112,562332,8070,118186,4.45390318083893,0.17367064500865517
2396,0.24,5,52,5,114164,562280,8075,118181,4.453491319224433,0.17367784487281415
2397,0.2401,7,88,7,114252,562192,8082,118174,4.452794322646053,0.17369180705679002
2398,0.2402,1,41,1,114293,562151,8083,118173,4.452469585603852,0.17370106008313685
2399,0.2403,6,88,6,114381,562063,8089,118167,4.451772589025472,0.1737162430354439
2400,0.2404,5,29,5,114410,562034,8094,118162,4.451542896971233,0.17371757552234943
2401,0.2405,2,67,2,114477,561967,8096,118160,4.451012229121784,0.17373225882813062
2402,0.2406,5,42,5,114519,561925,8101,118155,4.450679571663921,0.17373691330431715
2403,0.2407,19,280,19,114799,561645,8120,118136,4.448461855278165,0.1737853808800187
2404,0.2408,7,103,7,114902,561542,8127,118129,4.447646052464833,0.1738032077284451
2405,0.2409,10,146,10,115048,561396,8137,118119,4.446489671777975,0.17382839230922054
2406,0.241,9,96,9,115144,561300,8146,118110,4.445729311874287,0.1738420099792467
2407,0.2411,9,73,9,115217,561227,8155,118101,4.445151121530858,0.1738497456309765
2408,0.2412,3,35,3,115252,561192,8158,118098,4.444873906982639,0.17385505454224265
2409,0.2413,11,149,11,115401,561043,8169,118087,4.443693765048789,0.1738798168244666
2410,0.2414,6,105,6,115506,560938,8175,118081,4.442862121404131,0.1738994048767413
2411,0.2415,6,26,6,115532,560912,8181,118075,4.442656190596883,0.17389876389385953
2412,0.2416,3,48,3,115580,560864,8184,118072,4.442276010645038,0.17390740806202645
2413,0.2417,6,76,6,115656,560788,8190,118066,4.441674059054619,0.1739195762269943
2414,0.2418,4,66,4,115722,560722,8194,118062,4.441151311620834,0.1739316188949651
2415,0.2419,5,121,5,115843,560601,8199,118057,4.440192941325561,0.17395654364937863
2416,0.242,3,28,3,115871,560573,8202,118054,4.439971169686985,0.17396006937537115
2417,0.2421,2,46,2,115917,560527,8204,118052,4.439606830566468,0.17396942728849552
2418,0.2422,4,43,4,115960,560484,8208,118048,4.439266252692941,0.17397558258121945
2419,0.2423,7,61,7,116021,560423,8215,118041,4.438783107337473,0.17398270210357514
2420,0.2424,6,40,6,116061,560383,8221,118035,4.438466290710936,0.1739856548617519
2421,0.2425,5,67,5,116128,560316,8226,118030,4.437935622861488,0.17399675092062164
2422,0.2426,4,86,4,116214,560230,8230,118026,4.4372544671144345,0.17401394163855535
2423,0.2427,4,37,4,116251,560193,8234,118022,4.436961411734888,0.17401856343489897
2424,0.2428,5,24,5,116275,560169,8239,118017,4.4367713217589655,0.1740186320566924
2425,0.2429,5,56,5,116331,560113,8244,118012,4.4363277784818145,0.17402691244239632
2426,0.243,5,57,5,116388,560056,8249,118007,4.435876314789,0.17403545098316822
2427,0.2431,10,101,10,116489,559955,8259,117997,4.435076352806996,0.17404919522326065
2428,0.2432,6,59,6,116548,559896,8265,117991,4.434609048282854,0.17405703310433746
2429,0.2433,4,84,4,116632,559812,8269,117987,4.433943733367127,0.174073729822558
2430,0.2434,5,77,5,116709,559735,8274,117982,4.433333861361044,0.17408741406811398
2431,0.2435,8,71,8,116780,559664,8282,117974,4.432771511848942,0.17409590371260172
2432,0.2436,6,30,6,116810,559634,8288,117968,4.432533899379039,0.1740962984170649
2433,0.2437,7,49,7,116859,559585,8295,117961,4.432145799011532,0.17410035628577247
2434,0.2438,13,209,13,117068,559376,8308,117948,4.430490432137878,0.17413822631414214
2435,0.2439,7,36,7,117104,559340,8315,117941,4.430205297173996,0.17413894675917382
2436,0.244,20,313,20,117417,559027,8335,117921,4.4277262070713475,0.17419506372719915
2437,0.2441,2,20,2,117437,559007,8337,117919,4.427567798758079,0.17419777050962734
2438,0.2442,4,43,4,117480,558964,8341,117915,4.427227220884552,0.17420395668945263
2439,0.2443,5,79,5,117559,558885,8346,117910,4.426601508047142,0.1742181901462038
2440,0.2444,6,39,6,117598,558846,8352,117904,4.426292611836269,0.17422090875507942
2441,0.2445,9,62,9,117660,558784,8361,117895,4.425801546065138,0.174225888493658
2442,0.2446,5,63,5,117723,558721,8366,117890,4.425302559878342,0.17423600857804558
2443,0.2447,9,120,9,117843,558601,8375,117881,4.424352109998733,0.1742559299434427
2444,0.2448,7,42,7,117885,558559,8382,117874,4.424019452540869,0.17425820443414203
2445,0.2449,5,65,5,117950,558494,8387,117869,4.423504625522748,0.17426884675832358
2446,0.245,3,62,3,118012,558432,8390,117866,4.423013559751616,0.17428116008031963
2447,0.2451,15,176,15,118188,558256,8405,117851,4.421619566594855,0.17430820861195048
2448,0.2452,5,112,5,118300,558144,8410,117846,4.420732480040552,0.17433098122753296
2449,0.2453,15,115,15,118415,558029,8425,117831,4.41982163223926,0.1743423194152635
2450,0.2454,5,70,5,118485,557959,8430,117826,4.419267203142821,0.17435426947919827
2451,0.2455,10,92,10,118577,557867,8440,117816,4.418538524901787,0.17436578987483775
2452,0.2456,13,103,13,118680,557764,8453,117803,4.417722722088455,0.1743764867141231
2453,0.2457,8,60,8,118740,557704,8461,117795,4.41724749714865,0.17438219745699104
2454,0.2458,15,257,15,118997,557447,8476,117780,4.415211950323153,0.1744302286490321
2455,0.2459,15,160,15,119157,557287,8491,117765,4.413944683817006,0.17445322730693338
2456,0.246,8,88,8,119245,557199,8499,117757,4.413247687238626,0.1744661874255507
2457,0.2461,4,37,4,119282,557162,8503,117753,4.41295463185908,0.1744708592933925
2458,0.2462,17,187,17,119469,556975,8520,117736,4.411473514130021,0.17449841487688802
2459,0.2463,16,169,16,119638,556806,8536,117720,4.410134963882904,0.17452255361542773
2460,0.2464,13,149,13,119787,556657,8549,117707,4.408954821949056,0.17454520110800695
2461,0.2465,0,38,0,119825,556619,8549,117707,4.408653846153846,0.17455503717786353
2462,0.2466,4,62,4,119887,556557,8553,117703,4.408162780382715,0.17456619108355828
2463,0.2467,4,86,4,119973,556471,8557,117699,4.407481624635661,0.17458356200958217
2464,0.2468,20,129,20,120102,556342,8577,117679,4.40645989101508,0.17459248302352598
2465,0.2469,9,95,9,120197,556247,8586,117670,4.405707451527056,0.17460607166757924
2466,0.247,7,89,7,120286,556158,8593,117663,4.405002534533012,0.17462055946608965
2467,0.2471,4,24,4,120310,556134,8597,117659,4.40481244455709,0.17462187941994053
2468,0.2472,9,77,9,120387,556057,8606,117650,4.404202572551007,0.1746308113170859
2469,0.2473,9,131,9,120518,555926,8615,117641,4.403164998099101,0.17465374639790845
2470,0.2474,13,184,13,120702,555742,8628,117628,4.401707641617032,0.174685536926207
2471,0.2475,8,49,8,120751,555693,8636,117620,4.401319541249525,0.17468844356190955
2472,0.2476,11,201,11,120952,555492,8647,117609,4.399727537701178,0.1747271211898363
2473,0.2477,13,119,13,121071,555373,8660,117596,4.398785008237232,0.17474207578655182
2474,0.2478,4,65,4,121136,555308,8664,117592,4.39827018121911,0.1747540496359043
2475,0.2479,7,58,7,121194,555250,8671,117585,4.397810797110632,0.17476052821271187
2476,0.248,7,108,7,121302,555142,8678,117578,4.396955392218984,0.1747799976215959
2477,0.2481,8,46,8,121348,555096,8686,117570,4.396591053098467,0.17478213556207686
2478,0.2482,2,43,2,121391,555053,8688,117568,4.39625047522494,0.17479085547433101
2479,0.2483,21,234,21,121625,554819,8709,117547,4.394397097959701,0.17482591326747635
2480,0.2484,12,103,12,121728,554716,8721,117535,4.393581295146369,0.17483796974641913
2481,0.2485,11,87,11,121815,554629,8732,117524,4.392892218983652,0.1748470958249089
2482,0.2486,5,79,5,121894,554550,8737,117519,4.3922665061462425,0.17486150975569473
2483,0.2487,4,48,4,121942,554502,8741,117515,4.391886326194399,0.1748690881331871
2484,0.2488,14,191,14,122133,554311,8755,117501,4.390373526802686,0.1749016093788143
2485,0.2489,2,54,2,122187,554257,8757,117499,4.389945824356862,0.17491321253550396
2486,0.249,6,73,6,122260,554184,8763,117493,4.389367634013433,0.17492485227274418
2487,0.2491,2,44,2,122304,554140,8765,117491,4.389019135724243,0.17493385504838221
2488,0.2492,8,108,8,122412,554032,8773,117483,4.388163730832594,0.1749521604133936
2489,0.2493,9,112,9,122524,553920,8782,117474,4.387276644278292,0.17497028570407241
2490,0.2494,5,43,5,122567,553877,8787,117469,4.386936066404765,0.17497534803216225
2491,0.2495,14,46,14,122613,553831,8801,117455,4.386571727284248,0.1749701319556791
2492,0.2496,9,94,9,122707,553737,8810,117446,4.385827208211887,0.17498357377943125
2493,0.2497,12,79,12,122786,553658,8822,117434,4.385201495374477,0.17498942022852307
2494,0.2498,3,54,3,122840,553604,8825,117431,4.3847737929286525,0.1749998137205958
2495,0.2499,2,53,2,122893,553551,8827,117429,4.384354010898492,0.17501117768040775
2496,0.25,2,24,2,122917,553527,8829,117427,4.38416392092257,0.17501497867215934
2497,0.2501,12,174,12,123091,553353,8841,117415,4.382785768597136,0.17504561934976026
2498,0.2502,2,26,2,123117,553327,8843,117413,4.382579837789887,0.17504994483704564
2499,0.2503,4,44,4,123161,553283,8847,117409,4.382231339500697,0.1750565087998664
2500,0.2504,3,95,3,123256,553188,8850,117406,4.381478900012673,0.17507761775381228
2501,0.2505,11,66,11,123322,553122,8861,117395,4.380956152578888,0.17508131784876446
2502,0.2506,4,32,4,123354,553090,8865,117391,4.380702699277658,0.17508475258806738
2503,0.2507,4,47,4,123401,553043,8869,117387,4.380330439741478,0.17509210506689737
2504,0.2508,4,71,4,123472,552972,8873,117383,4.379768090229375,0.17510572756226178
2505,0.2509,10,77,10,123549,552895,8883,117373,4.379158218223292,0.17511353667488228
2506,0.251,0,30,0,123579,552865,8883,117373,4.37892060575339,0.175121374795222
2507,0.2511,10,62,10,123641,552803,8893,117363,4.378429539982259,0.17512526747104448
2508,0.2512,12,104,12,123745,552699,8905,117351,4.377605816753263,0.17513767629281396
2509,0.2513,5,72,5,123817,552627,8910,117346,4.377035546825497,0.17515034187944886
2510,0.2514,12,85,12,123902,552542,8922,117334,4.376362311494107,0.1751577903970287
2511,0.2515,6,76,6,123978,552466,8928,117328,4.375760359903688,0.17517027623418543
2512,0.2516,8,126,8,124104,552340,8936,117320,4.374762387530097,0.17519338171609475
2513,0.2517,10,76,10,124180,552264,8946,117310,4.374160435939678,0.17520094866288116
2514,0.2518,10,173,10,124353,552091,8956,117300,4.372790204029908,0.17523390664051355
2515,0.2519,7,96,7,124449,551995,8963,117293,4.37202984412622,0.17525041536677782
2516,0.252,15,160,15,124609,551835,8978,117278,4.370762577620074,0.1752738326710137
2517,0.2521,2,63,2,124672,551772,8980,117276,4.370263591433279,0.17528787172220828
2518,0.2522,11,66,11,124738,551706,8991,117265,4.369740843999493,0.1752916045688079
2519,0.2523,10,101,10,124839,551605,9001,117255,4.368940882017489,0.17530574410190472
2520,0.2524,4,46,4,124885,551559,9005,117251,4.368576542896971,0.1753128691257607
2521,0.2525,12,68,12,124953,551491,9017,117239,4.368037954631859,0.17531589729786312
2522,0.2526,19,288,19,125241,551203,9036,117220,4.365756874920796,0.17536799302238254
2523,0.2527,10,72,10,125313,551131,9046,117210,4.36518660499303,0.17537454682564738
2524,0.2528,8,111,8,125424,551020,9054,117202,4.364307438854391,0.1753938062500187
2525,0.2529,10,77,10,125501,550943,9064,117192,4.363697566848308,0.17540167780463528
2526,0.253,15,175,15,125676,550768,9079,117177,4.36231149410721,0.17542911467261527
2527,0.2531,7,87,7,125763,550681,9086,117170,4.361622417944494,0.17544332493325607
2528,0.2532,23,215,23,125978,550466,9109,117147,4.359919528576859,0.17547141832169236
2529,0.2533,10,87,10,126065,550379,9119,117137,4.359230452414143,0.17548193601351877
2530,0.2534,20,210,20,126275,550169,9139,117117,4.357567165124825,0.17551244893493945
2531,0.2535,6,56,6,126331,550113,9145,117111,4.357123621847674,0.17551976547606202
2532,0.2536,8,162,8,126493,549951,9153,117103,4.355840514510201,0.1755525039951788
2533,0.2537,6,86,6,126579,549865,9159,117097,4.355159358763148,0.17556772349849017
2534,0.2538,6,122,6,126701,549743,9165,117091,4.354193068052211,0.17559242630099844
2535,0.2539,10,78,10,126779,549665,9175,117081,4.353575275630465,0.17560060352818016
2536,0.254,9,88,9,126867,549577,9184,117072,4.352878279052085,0.17561265373532398
2537,0.2541,3,67,3,126934,549510,9187,117069,4.352347611202636,0.17562659489722898
2538,0.2542,5,60,5,126994,549450,9192,117064,4.351872386262831,0.17563622069453905
2539,0.2543,1,59,1,127053,549391,9193,117063,4.351405081738689,0.17565053251987384
2540,0.2544,2,15,2,127068,549376,9195,117061,4.351286275503738,0.17565201211817472
2541,0.2545,6,70,6,127138,549306,9201,117055,4.3507318464072995,0.17566304150452983
2542,0.2546,3,58,3,127196,549248,9204,117052,4.350272462298822,0.17567462104157286
2543,0.2547,4,29,4,127225,549219,9208,117048,4.350042770244582,0.1756773185524722
2544,0.2548,8,83,8,127308,549136,9216,117040,4.349385375744519,0.17568930733019503
2545,0.2549,9,56,9,127364,549080,9225,117031,4.348941832467368,0.17569294006554464
2546,0.255,5,142,5,127506,548938,9230,117026,4.347817133443163,0.17572421332084018
2547,0.2551,3,25,3,127531,548913,9233,117023,4.347619123051578,0.17572709689820043
2548,0.2552,14,175,14,127706,548738,9247,117009,4.34623305031048,0.17575595534039207
2549,0.2553,17,156,17,127862,548582,9264,116992,4.344997465466988,0.17577609702302074
2550,0.2554,13,95,13,127957,548487,9277,116979,4.344245025978964,0.1757850889451903
2551,0.2555,13,233,13,128190,548254,9290,116966,4.3423995691293875,0.1758305522984877
2552,0.2556,0,35,0,128225,548219,9290,116966,4.342122354581169,0.17583980396431068
2553,0.2557,12,174,12,128399,548045,9302,116954,4.340744202255735,0.17587094115931
2554,0.2558,8,118,8,128517,547927,9310,116946,4.339809593207452,0.17589223806651796
2555,0.2559,4,20,4,128537,547907,9314,116942,4.3396511848941834,0.17589257109509077
2556,0.256,10,61,10,128598,547846,9324,116932,4.339168039538715,0.17589631425829375
2557,0.2561,10,67,10,128665,547779,9334,116922,4.338637371689266,0.17590164600324054
2558,0.2562,8,71,8,128736,547708,9342,116914,4.338075022177164,0.17591051755734838
2559,0.2563,9,115,9,128851,547593,9351,116905,4.3371641743758715,0.17592979963822314
2560,0.2564,16,183,16,129034,547410,9367,116889,4.335714738309466,0.17595841631554465
2561,0.2565,3,39,3,129073,547371,9370,116886,4.335405842098593,0.1759650255849769
2562,0.2566,6,51,6,129124,547320,9376,116880,4.335001900899759,0.17597109304426378
2563,0.2567,9,178,9,129302,547142,9385,116871,4.333592066911671,0.17600709624660962
2564,0.2568,18,285,18,129587,546857,9403,116853,4.331334748447598,0.1760603275526962
2565,0.2569,7,54,7,129641,546803,9410,116846,4.330907046001774,0.17606596257961662
2566,0.257,5,62,5,129703,546741,9415,116841,4.330415980230643,0.1760762045986781
2567,0.2571,2,31,2,129734,546710,9417,116839,4.330170447345076,0.17608194722620335
2568,0.2572,7,57,7,129791,546653,9424,116832,4.3297189836522625,0.17608838180215075
2569,0.2573,12,155,12,129946,546498,9436,116820,4.328491319224433,0.176114623755122
2570,0.2574,4,45,4,129991,546453,9440,116816,4.328134900519579,0.17612160375352987
2571,0.2575,7,49,7,130040,546404,9447,116809,4.327746800152072,0.17612592033027097
2572,0.2576,5,53,5,130093,546351,9452,116804,4.3273270181219115,0.176133784710965
2573,0.2577,5,67,5,130160,546284,9457,116799,4.3267963502724625,0.17614536943338918
2574,0.2578,5,32,5,130192,546252,9462,116794,4.326542896971233,0.17614765793021903
2575,0.2579,17,101,17,130293,546151,9479,116777,4.325742934989228,0.17615336808823884
2576,0.258,21,285,21,130578,545866,9500,116756,4.323485616525155,0.17620302374506128
2577,0.2581,11,110,11,130688,545756,9511,116745,4.32261437080218,0.17621860193418576
2578,0.2582,20,241,20,130929,545515,9531,116725,4.320705550627297,0.17625785213819764
2579,0.2583,9,83,9,131012,545432,9540,116716,4.320048156127234,0.176268749584685
2580,0.2584,12,80,12,131092,545352,9552,116704,4.31941452287416,0.17627511872107496
2581,0.2585,4,61,4,131153,545291,9556,116700,4.318931377518692,0.17628638455809822
2582,0.2586,9,58,9,131211,545233,9565,116691,4.318471993410214,0.1762906315528671
2583,0.2587,3,52,3,131263,545181,9568,116688,4.318060131795717,0.17630074833539566
2584,0.2588,6,57,6,131320,545124,9574,116682,4.317608668102902,0.17630846501844952
2585,0.2589,11,92,11,131412,545032,9585,116671,4.316879989861868,0.17631928523824134
2586,0.259,12,293,12,131705,544739,9597,116659,4.3145593080724876,0.1763824505063517
2587,0.2591,21,211,21,131916,544528,9618,116638,4.312888100367507,0.1764125801992238
2588,0.2592,11,124,11,132040,544404,9629,116627,4.311905968825244,0.17643196763843147
2589,0.2593,3,56,3,132096,544348,9632,116624,4.3114624255480924,0.17644317762325787
2590,0.2594,8,86,8,132182,544262,9640,116616,4.310781269801039,0.1764561689146862
2591,0.2595,12,213,12,132395,544049,9652,116604,4.309094221264732,0.17649810112116346
2592,0.2596,12,52,12,132447,543997,9664,116592,4.308682359650234,0.1764970352215977
2593,0.2597,6,62,6,132509,543935,9670,116586,4.308191293879103,0.17650612168273228
2594,0.2598,10,106,10,132615,543829,9680,116576,4.307351729818781,0.17652198272272318
2595,0.2599,17,104,17,132719,543725,9697,116559,4.306528006589786,0.176528584669627
2596,0.26,2,25,2,132744,543700,9699,116557,4.3063299961982,0.17653277435907533
2597,0.2601,16,125,16,132869,543575,9715,116541,4.3053399442402736,0.17654624338752584
2598,0.2602,11,80,11,132949,543495,9726,116530,4.304706310987201,0.17655391841218135
2599,0.2603,6,54,6,133003,543441,9732,116524,4.3042786085413764,0.1765608782283909
2600,0.2604,14,186,14,133189,543255,9746,116510,4.302805411227982,0.17659318090532236
2601,0.2605,4,42,4,133231,543213,9750,116506,4.302472753770118,0.1765994309698523
2602,0.2606,11,85,11,133316,543128,9761,116495,4.301799518438727,0.17660845664872207
2603,0.2607,6,97,6,133413,543031,9767,116489,4.301031238119377,0.17662694080543426
2604,0.2608,14,151,14,133564,542880,9781,116475,4.299835255354201,0.17664990786450394
2605,0.2609,13,202,13,133766,542678,9794,116462,4.298235331390192,0.17668780532208636
2606,0.261,7,76,7,133842,542602,9801,116455,4.297633379799772,0.17669943570889923
2607,0.2611,9,102,9,133944,542500,9810,116446,4.296825497402104,0.1767155427000088
2608,0.2612,7,99,7,134043,542401,9817,116439,4.296041376251425,0.17673334952340478
2609,0.2613,9,146,9,134189,542255,9826,116430,4.294884995564567,0.1767612743572421
2610,0.2614,12,110,12,134299,542145,9838,116418,4.294013749841592,0.17677579821520492
2611,0.2615,3,31,3,134330,542114,9841,116415,4.293768216956026,0.17678036958129406
2612,0.2616,6,67,6,134397,542047,9847,116409,4.2932375491065775,0.17679085618477164
2613,0.2617,6,45,6,134442,542002,9853,116403,4.292881130401724,0.17679543745870702
2614,0.2618,7,81,7,134523,541921,9860,116396,4.292239576732987,0.17680843727262094
2615,0.2619,16,165,16,134688,541756,9876,116380,4.290932708148524,0.17683275189322573
2616,0.262,3,105,3,134793,541651,9879,116377,4.290101064503865,0.17685721580236707
2617,0.2621,13,100,13,134893,541551,9892,116364,4.289309022937524,0.1768678324707599
2618,0.2622,1,29,1,134922,541522,9893,116363,4.289079330883284,0.17687437774079057
2619,0.2623,3,51,3,134973,541471,9896,116360,4.2886753896844505,0.1768843365545254
2620,0.2624,3,56,3,135029,541415,9899,116357,4.2882318464072995,0.1768956416509064
2621,0.2625,4,49,4,135078,541366,9903,116353,4.287843746039792,0.1769038145469418
2622,0.2626,6,54,6,135132,541312,9909,116347,4.287416043593968,0.17691083068885244
2623,0.2627,5,50,5,135182,541262,9914,116342,4.287020022810797,0.17691802361299505
2624,0.2628,17,197,17,135379,541065,9931,116325,4.285459700925105,0.17694975585269018
2625,0.2629,6,34,6,135413,541031,9937,116319,4.285190406792548,0.17695139575568572
2626,0.263,6,78,6,135491,540953,9943,116313,4.284572614370802,0.17696488179823694
2627,0.2631,5,115,5,135606,540838,9948,116308,4.28366176656951,0.1769895883106646
2628,0.2632,13,175,13,135781,540663,9961,116295,4.282275693828412,0.17702044879581344
2629,0.2633,5,75,5,135856,540588,9966,116290,4.281681662653656,0.17703439603701143
2630,0.2634,30,352,30,136208,540236,9996,116260,4.278893676340134,0.17709171114523165
2631,0.2635,1,34,1,136242,540202,9997,116259,4.278624382207578,0.17709962968097115
2632,0.2636,4,29,4,136271,540173,10001,116255,4.278394690153339,0.1771024392621887
2633,0.2637,14,128,14,136399,540045,10015,116241,4.277380876948422,0.17711942659145555
2634,0.2638,2,21,2,136420,540024,10017,116239,4.277214548219491,0.1771225865240003
2635,0.2639,18,164,18,136584,539860,10035,116221,4.27591560005069,0.17714428553791375
2636,0.264,3,50,3,136634,539810,10038,116218,4.27551957926752,0.17715402391361346
2637,0.2641,3,33,3,136667,539777,10041,116215,4.275258205550627,0.17715917267283748
2638,0.2642,3,46,3,136713,539731,10044,116212,4.27489386643011,0.17716783318062698
2639,0.2643,2,48,2,136761,539683,10046,116210,4.274513686478266,0.1771782897515296
2640,0.2644,9,86,9,136847,539597,10055,116201,4.273832530731212,0.17719023235813466
2641,0.2645,4,65,4,136912,539532,10059,116197,4.273317703713091,0.17720277736686954
2642,0.2646,0,21,0,136933,539511,10059,116197,4.273151374984159,0.17720845254290019
2643,0.2647,7,75,7,137008,539436,10066,116190,4.272557343809403,0.17721993941667963
2644,0.2648,11,83,11,137091,539353,10077,116179,4.27189994930934,0.17722857160291183
2645,0.2649,7,88,7,137179,539265,10084,116172,4.27120295273096,0.17724357947445749
2646,0.265,8,92,8,137271,539173,10092,116164,4.270474274489925,0.17725841818789417
2647,0.2651,2,42,2,137313,539131,10094,116162,4.270141617032062,0.17726726822963162
2648,0.2652,6,25,6,137338,539106,10100,116156,4.269943606640476,0.17726649798096028
2649,0.2653,6,73,6,137411,539033,10106,116150,4.269365416297047,0.1772787144965605
2650,0.2654,2,88,2,137499,538945,10108,116148,4.268668419718667,0.17730001694415906
2651,0.2655,12,98,12,137597,538847,10120,116136,4.267892218983652,0.17731147220614887
2652,0.2656,19,221,19,137818,538626,10139,116117,4.266141807122038,0.17734744777721945
2653,0.2657,6,39,6,137857,538587,10145,116111,4.265832910911165,0.1773504730425326
2654,0.2658,3,35,3,137892,538552,10148,116108,4.265555696362945,0.17735618488986649
2655,0.2659,6,115,6,138007,538437,10154,116102,4.264644848561653,0.17737980471751874
2656,0.266,2,77,2,138084,538360,10156,116100,4.264034976555569,0.1773981603153745
2657,0.2661,7,67,7,138151,538293,10163,116093,4.263504308706121,0.17740752399959656
2658,0.2662,8,84,8,138235,538209,10171,116085,4.262838993790394,0.17742024227640785
2659,0.2663,17,172,17,138407,538037,10188,116068,4.261476682296287,0.17744551715703136
2660,0.2664,3,63,3,138470,537974,10191,116065,4.260977696109491,0.1774588365525603
2661,0.2665,13,250,13,138720,537724,10204,116052,4.258997592193638,0.1775103399329434
2662,0.2666,4,21,4,138741,537703,10208,116048,4.258831263464707,0.17751100954338883
2663,0.2667,0,49,0,138790,537654,10208,116048,4.2584431630971995,0.17752431536082192
2664,0.2668,26,262,26,139052,537392,10234,116022,4.256368014193385,0.1775627703110126
2665,0.2669,9,48,9,139100,537344,10243,116013,4.255987834241541,0.17756448618442902
2666,0.267,3,35,3,139135,537309,10246,116010,4.255710619693321,0.17757022220385446
2667,0.2671,8,117,8,139252,537192,10254,116002,4.254783931060702,0.1775919558354792
2668,0.2672,2,63,2,139315,537129,10256,116000,4.254284944873907,0.1776065677683888
2669,0.2673,10,129,10,139444,537000,10266,115990,4.253263211253326,0.17762906016937471
2670,0.2674,6,67,6,139511,536933,10272,115984,4.252732543403877,0.17763973062426006
2671,0.2675,2,54,2,139565,536879,10274,115982,4.252304840958053,0.17765190446358414
2672,0.2676,6,96,6,139661,536783,10280,115976,4.251544481054366,0.17767047256338098
2673,0.2677,9,91,9,139752,536692,10289,115967,4.250823723228995,0.17768390537784662
2674,0.2678,10,70,10,139822,536622,10299,115957,4.250269294132556,0.1776903639252872
2675,0.2679,7,55,7,139877,536567,10306,115950,4.249833671271069,0.17769651978415887
2676,0.268,4,50,4,139927,536517,10310,115946,4.249437650487898,0.17770509592114803
2677,0.2681,5,67,5,139994,536450,10315,115941,4.248906982638449,0.1777170439199805
2678,0.2682,11,58,11,140052,536392,10326,115930,4.248447598529971,0.17771897927710548
2679,0.2683,7,36,7,140088,536356,10333,115923,4.2481624635660875,0.1777199633898991
2680,0.2684,7,61,7,140149,536295,10340,115916,4.247679318210619,0.1777277598813881
2681,0.2685,5,72,5,140221,536223,10345,115911,4.247109048282854,0.17774107775395853
2682,0.2686,12,123,12,140344,536100,10357,115899,4.246134837156254,0.17775947509121948
2683,0.2687,2,45,2,140389,536055,10359,115897,4.2457784184514,0.17776922227403244
2684,0.2688,15,189,15,140578,535866,10374,115882,4.244281459891015,0.17780184979470592
2685,0.2689,10,75,10,140653,535791,10384,115872,4.243687428716259,0.17780969611593722
2686,0.269,0,20,0,140673,535771,10384,115872,4.243529020402991,0.17781515338920237
2687,0.2691,14,107,14,140780,535664,10398,115858,4.242681535927005,0.17782668889154932
2688,0.2692,8,79,8,140859,535585,10406,115850,4.242055823089596,0.1778381572988863
2689,0.2693,9,106,9,140965,535479,10415,115841,4.241216259029274,0.1778557391144138
2690,0.2694,2,53,2,141018,535426,10417,115839,4.240796476999113,0.17786768826821647
2691,0.2695,14,97,14,141115,535329,10431,115825,4.240028196679762,0.17787650847572156
2692,0.2696,2,38,2,141153,535291,10433,115823,4.239727220884552,0.17788436433558485
2693,0.2697,14,142,14,141295,535149,10447,115809,4.238602521860347,0.17790548698994404
2694,0.2698,19,230,19,141525,534919,10466,115790,4.236780826257762,0.17794436530000354
2695,0.2699,5,42,5,141567,534877,10471,115785,4.236448168799899,0.1779495344741202
2696,0.27,15,101,15,141668,534776,10486,115770,4.235648206817894,0.177958207413465
2697,0.2701,3,65,3,141733,534711,10489,115767,4.235133379799772,0.17797219890603524
2698,0.2702,11,102,11,141835,534609,10500,115756,4.234325497402104,0.17798620774488172
2699,0.2703,4,52,4,141887,534557,10504,115752,4.233913635787606,0.17799538373296386
2700,0.2704,16,187,16,142074,534370,10520,115736,4.232432518058547,0.17802635262557184
2701,0.2705,5,45,5,142119,534325,10525,115731,4.232076099353694,0.1780323541356437
2702,0.2706,11,112,11,142231,534213,10536,115720,4.231189012799391,0.17804912198642014
2703,0.2707,11,158,11,142389,534055,10547,115709,4.229937587124573,0.178078502348545
2704,0.2708,21,218,21,142607,533837,10568,115688,4.228210936509948,0.17811169700935298
2705,0.2709,6,24,6,142631,533813,10574,115682,4.228020846534026,0.17811068599450341
2706,0.271,3,52,3,142683,533761,10577,115679,4.227608984919528,0.1781211505296871
2707,0.2711,12,68,12,142751,533693,10589,115667,4.227070396654416,0.1781246150055439
2708,0.2712,4,70,4,142821,533623,10593,115663,4.226515967557978,0.17813875549449704
2709,0.2713,2,31,2,142852,533592,10595,115661,4.226270434672411,0.17814472940440784
2710,0.2714,11,87,11,142939,533505,10606,115650,4.225581358509695,0.17815467800448276
2711,0.2715,7,60,7,142999,533445,10613,115643,4.22510613356989,0.1781622830802603
2712,0.2716,6,73,6,143072,533372,10619,115637,4.224527943226461,0.17817472484973243
2713,0.2717,10,85,10,143157,533287,10629,115627,4.22385470789507,0.17818539898969663
2714,0.2718,10,118,10,143275,533169,10639,115617,4.222920098846788,0.17820514006159197
2715,0.2719,6,56,6,143331,533113,10645,115611,4.222476555569636,0.17821292259882476
2716,0.272,18,131,18,143462,532982,10663,115593,4.221438981117729,0.17822611108969663
2717,0.2721,3,57,3,143519,532925,10666,115590,4.2209875174249145,0.17823797444931883
2718,0.2722,7,72,7,143591,532853,10673,115583,4.220417247497148,0.1782488942625024
2719,0.2723,9,111,9,143702,532742,10682,115574,4.219538081358509,0.17826800510861987
2720,0.2724,4,54,4,143756,532688,10686,115570,4.219110378912685,0.17827778446235912
2721,0.2725,10,87,10,143843,532601,10696,115560,4.218421302749968,0.17828903621168196
2722,0.2726,5,88,5,143931,532513,10701,115555,4.217724306171588,0.17830690606541288
2723,0.2727,7,90,7,144021,532423,10708,115548,4.21701146876188,0.17832279531028394
2724,0.2728,9,86,9,144107,532337,10717,115539,4.216330313014827,0.1783350517691657
2725,0.2729,5,54,5,144161,532283,10722,115534,4.215902610569002,0.17834357542330628
2726,0.273,24,250,24,144411,532033,10746,115510,4.213922506653149,0.17838197617764381
2727,0.2731,5,82,5,144493,531951,10751,115505,4.2132730325687495,0.17839822319972323
2728,0.2732,5,38,5,144531,531913,10756,115500,4.212972056773539,0.17840234904149282
2729,0.2733,8,68,8,144599,531845,10764,115492,4.2124334685084275,0.1784109358803838
2730,0.2734,3,54,3,144653,531791,10767,115489,4.212005766062603,0.17842201211222347
2731,0.2735,9,56,9,144709,531735,10776,115480,4.211562222785452,0.17842602535478938
2732,0.2736,7,84,7,144793,531651,10783,115473,4.210896907869725,0.17844029892261762
2733,0.2737,21,188,21,144981,531463,10804,115452,4.209407869725003,0.17846548619215816
2734,0.2738,9,134,9,145115,531329,10813,115443,4.208346534026106,0.17849102929625896
2735,0.2739,13,192,13,145307,531137,10826,115430,4.20682581421873,0.17852751532323796
2736,0.274,7,89,7,145396,531048,10833,115423,4.206120897224686,0.17854319838012842
2737,0.2741,12,109,12,145505,530939,10845,115411,4.205257571917374,0.17855805678038214
2738,0.2742,13,102,13,145607,530837,10858,115398,4.204449689519706,0.17856971535122673
2739,0.2743,6,65,6,145672,530772,10864,115392,4.203934862501584,0.17858005088491466
2740,0.2744,12,115,12,145787,530657,10876,115380,4.203024014700292,0.17859658192951797
2741,0.2745,6,60,6,145847,530597,10882,115374,4.2025487897604865,0.17860554111562285
2742,0.2746,11,154,11,146001,530443,10893,115363,4.201329045748321,0.17863414090299565
2743,0.2747,3,113,3,146114,530330,10896,115360,4.200434038778355,0.17866158682959316
2744,0.2748,10,153,10,146267,530177,10906,115350,4.199222215181853,0.1786912088882417
2745,0.2749,11,95,11,146362,530082,10917,115339,4.1984697756938285,0.17870351290088174
2746,0.275,7,44,7,146406,530038,10924,115332,4.198121277404638,0.1787067883539675
2747,0.2751,6,35,6,146441,530003,10930,115326,4.197844062856419,0.17870884463583692
2748,0.2752,8,71,8,146512,529932,10938,115318,4.197281713344316,0.17871832623014336
2749,0.2753,11,90,11,146602,529842,10949,115307,4.196568875934609,0.17872925479230378
2750,0.2754,18,208,18,146810,529634,10967,115289,4.194921429476619,0.17876397647471093
2751,0.2755,5,140,5,146950,529494,10972,115284,4.193812571283741,0.1787964229548775
2752,0.2756,1,48,1,146998,529446,10973,115283,4.193432391331897,0.17880846060903108
2753,0.2757,3,55,3,147053,529391,10976,115280,4.192996768470409,0.17881989417858102
2754,0.2758,12,206,12,147259,529185,10988,115268,4.191365162843746,0.17886176338693435
2755,0.2759,13,224,13,147483,528961,11001,115255,4.189590989735141,0.17890738510064946
2756,0.276,8,86,8,147569,528875,11009,115247,4.188909833988088,0.178921073958039
2757,0.2761,3,129,3,147698,528746,11012,115244,4.187888100367507,0.1789530893336853
2758,0.2762,5,40,5,147738,528706,11017,115239,4.18757128374097,0.17895783024947784
2759,0.2763,4,55,4,147793,528651,11021,115235,4.187135660879483,0.17896801607738017
2760,0.2764,7,111,7,147904,528540,11028,115228,4.186256494740844,0.17898994668886928
2761,0.2765,14,202,14,148106,528338,11042,115214,4.184656570776834,0.17902826811197853
2762,0.2766,9,44,9,148150,528294,11051,115205,4.184308072487644,0.17902902724013556
2763,0.2767,6,45,6,148195,528249,11057,115199,4.18395165378279,0.17903389240466985
2764,0.2768,12,235,12,148430,528014,11069,115187,4.182090356101888,0.17908398774255638
2765,0.2769,9,101,9,148531,527913,11078,115178,4.181290394119883,0.1791006249504347
2766,0.277,5,64,5,148595,527849,11083,115173,4.180783487517425,0.17911206770530402
2767,0.2771,6,100,6,148695,527749,11089,115167,4.179991445951083,0.1791322661125248
2768,0.2772,10,149,10,148844,527600,11099,115157,4.178811304017235,0.17916102041673604
2769,0.2773,12,99,12,148943,527501,11111,115145,4.178027182866557,0.17917329291709588
2770,0.2774,9,84,9,149027,527417,11120,115136,4.17736186795083,0.17918521896248246
2771,0.2775,17,157,17,149184,527260,11137,115119,4.176118362691674,0.17920729040021544
2772,0.2776,7,60,7,149244,527200,11144,115112,4.1756431377518695,0.17921508550361817
2773,0.2777,6,117,6,149361,527083,11150,115106,4.174716449119249,0.1792400679550724
2774,0.2778,8,72,8,149433,527011,11158,115098,4.174146179191484,0.17924994043067455
2775,0.2779,1,38,1,149471,526973,11159,115097,4.173845203396274,0.17925927079601914
2776,0.278,3,62,3,149533,526911,11162,115094,4.173354137625142,0.17927274709698524
2777,0.2781,5,53,5,149586,526858,11167,115089,4.172934355594982,0.17928115560941946
2778,0.2782,8,64,8,149650,526794,11175,115081,4.172427448992523,0.1792888023369036
2779,0.2783,13,166,13,149816,526628,11188,115068,4.171112659992397,0.1793185558270583
2780,0.2784,4,43,4,149859,526585,11192,115064,4.170772082118869,0.17932545675283526
2781,0.2785,6,127,6,149986,526458,11198,115058,4.169766189329616,0.17935328191346747
2782,0.2786,3,38,3,150024,526420,11201,115055,4.169465213534406,0.17936006859191705
2783,0.2787,8,89,8,150113,526331,11209,115047,4.168760296540363,0.17937472130319407
2784,0.2788,16,234,16,150347,526097,11225,115031,4.166906919275124,0.17941971026066558
2785,0.2789,8,70,8,150417,526027,11233,115023,4.166352490178684,0.17942906169565556
2786,0.279,24,355,24,150772,525672,11257,114999,4.1635407426181725,0.17949774533262783
2787,0.2791,4,102,4,150874,525570,11261,114995,4.162732860220505,0.17952120393714924
2788,0.2792,6,93,6,150967,525477,11267,114989,4.161996261563807,0.17953958523949748
2789,0.2793,12,113,12,151080,525364,11279,114977,4.1611012545938415,0.1795558928758271
2790,0.2794,8,96,8,151176,525268,11287,114969,4.160340894690154,0.17957256453469575
2791,0.2795,19,95,19,151271,525173,11306,114950,4.159588455202129,0.17957486295602565
2792,0.2796,11,128,11,151399,525045,11317,114939,4.158574641997212,0.1795966774169354
2793,0.2797,4,144,4,151543,524901,11321,114935,4.15743410214168,0.17963196819184915
2794,0.2798,18,122,18,151665,524779,11339,114917,4.156467811430744,0.17964314299292164
2795,0.2799,11,156,11,151821,524623,11350,114906,4.155232226587251,0.17967285299024752
2796,0.28,19,147,19,151968,524476,11369,114887,4.154067925484729,0.179689784989122
2797,0.2801,6,64,6,152032,524412,11375,114881,4.153561018882271,0.1797000749265204
2798,0.2802,6,56,6,152088,524356,11381,114875,4.15311747560512,0.17970811803557712
2799,0.2803,3,57,3,152145,524299,11384,114872,4.152666011912305,0.17972029394324837
2800,0.2804,20,184,20,152329,524115,11404,114852,4.151208655430237,0.17974637187835993
2801,0.2805,2,36,2,152365,524079,11406,114850,4.150923520466354,0.17975393197053194
2802,0.2806,3,43,3,152408,524036,11409,114847,4.150582942592827,0.17976217867747302
2803,0.2807,13,99,13,152507,523937,11422,114834,4.1497988214421495,0.17977334600349734
2804,0.2808,6,51,6,152558,523886,11428,114828,4.149394880243316,0.17977999542831377
2805,0.2809,10,197,10,152755,523689,11438,114818,4.147834558357623,0.17982261744976955
2806,0.281,12,71,12,152826,523618,11450,114806,4.1472722088455205,0.17982719947871634
2807,0.2811,2,22,2,152848,523596,11452,114804,4.147097959700925,0.17983082706766917
2808,0.2812,12,99,12,152947,523497,11464,114792,4.146313838550247,0.17984329982186753
2809,0.2813,3,64,3,153011,523433,11467,114789,4.145806931947789,0.1798574790590108
2810,0.2814,4,47,4,153058,523386,11471,114785,4.145434672411608,0.17986558461603552
2811,0.2815,21,206,21,153264,523180,11492,114764,4.143803066784945,0.17989666804609808
2812,0.2816,16,123,16,153387,523057,11508,114748,4.142828855658345,0.17991078777996408
2813,0.2817,10,71,10,153458,522986,11518,114738,4.1422665061462425,0.1799179582389874
2814,0.2818,4,80,4,153538,522906,11522,114734,4.14163287289317,0.17993538673859857
2815,0.2819,13,74,13,153612,522832,11535,114721,4.141046762134077,0.179939550123676
2816,0.282,8,86,8,153698,522746,11543,114713,4.140365606387023,0.17995353426651753
2817,0.2821,25,161,25,153859,522585,11568,114688,4.139090419465213,0.1799668274036402
2818,0.2822,10,90,10,153949,522495,11578,114678,4.138377582055506,0.17997937765724537
2819,0.2823,5,57,5,154006,522438,11583,114673,4.137926118362691,0.17998904429526408
2820,0.2824,22,173,22,154179,522265,11605,114651,4.136555886452921,0.18000960880241665
2821,0.2825,6,52,6,154231,522213,11611,114645,4.136144024838424,0.18001658140433188
2822,0.2826,9,52,9,154283,522161,11620,114636,4.135732163223926,0.1800196923038268
2823,0.2827,16,134,16,154417,522027,11636,114620,4.134670827525029,0.1800369749641481
2824,0.2828,4,41,4,154458,521986,11640,114616,4.134346090482828,0.18004341802256354
2825,0.2829,10,53,10,154511,521933,11650,114606,4.133926308452668,0.18004552745393448
2826,0.283,9,46,9,154557,521887,11659,114597,4.133561969332151,0.18004694540632601
2827,0.2831,8,94,8,154651,521793,11667,114589,4.13281745025979,0.1800632324610061
2828,0.2832,8,36,8,154687,521757,11675,114581,4.132532315295907,0.18006311111390488
2829,0.2833,16,119,16,154806,521638,11691,114565,4.13158978583196,0.18007617065622136
2830,0.2834,18,180,18,154986,521458,11709,114547,4.1301641110125455,0.1801039300005503
2831,0.2835,7,95,7,155081,521363,11716,114540,4.1294116715245215,0.18012181103092767
2832,0.2836,12,105,12,155186,521258,11728,114528,4.128580027879863,0.18013608352495966
2833,0.2837,11,117,11,155303,521141,11739,114517,4.127653339247244,0.1801550519304406
2834,0.2838,12,173,12,155476,520968,11751,114505,4.126283107337473,0.18018861540930928
2835,0.2839,20,176,20,155652,520792,11771,114485,4.1248891141807125,0.18021272610215702
2836,0.284,24,178,24,155830,520614,11795,114461,4.123479280192624,0.18023225603275203
2837,0.2841,3,33,3,155863,520581,11798,114458,4.123217906475732,0.18023774917760957
2838,0.2842,16,173,16,156036,520408,11814,114442,4.121847674565961,0.18026620461526344
2839,0.2843,11,75,11,156111,520333,11825,114431,4.1212536433912055,0.18027329842272088
2840,0.2844,8,87,8,156198,520246,11833,114423,4.120564567228488,0.18028767751379066
2841,0.2845,9,156,9,156354,520090,11842,114414,4.119328982384996,0.1803203762308827
2842,0.2846,18,277,18,156631,519813,11860,114396,4.1171350272462295,0.18037586978425094
2843,0.2847,8,62,8,156693,519751,11868,114388,4.1166439614750985,0.18038316520510486
2844,0.2848,9,136,9,156829,519615,11877,114379,4.115566784944874,0.18041022470244197
2845,0.2849,3,20,3,156849,519595,11880,114376,4.115408376631605,0.18041203777459852
2846,0.285,14,89,14,156938,519506,11894,114362,4.114703459637561,0.18041926710292994
2847,0.2851,6,137,6,157075,519369,11900,114356,4.113618362691674,0.18045051086827882
2848,0.2852,6,89,6,157164,519280,11906,114350,4.112913445697631,0.18046809652320756
2849,0.2853,6,41,6,157205,519239,11912,114344,4.11258870865543,0.18047201392714135
2850,0.2854,10,61,10,157266,519178,11922,114334,4.112105563299962,0.18047645506320323
2851,0.2855,3,53,3,157319,519125,11925,114331,4.111685781269801,0.18048767396630547
2852,0.2856,7,145,7,157464,518980,11932,114324,4.110537320998606,0.1805199398708993
2853,0.2857,3,65,3,157529,518915,11935,114321,4.110022493980484,0.1805345874208036
2854,0.2858,6,80,6,157609,518835,11941,114315,4.109388860727411,0.18054963278843875
2855,0.2859,9,87,9,157696,518748,11950,114306,4.108699784564694,0.18056279559089747
2856,0.286,6,143,6,157839,518605,11956,114300,4.107567165124825,0.1805958240178226
2857,0.2861,4,82,4,157921,518523,11960,114296,4.106917691040426,0.1806140460384407
2858,0.2862,12,53,12,157974,518470,11972,114284,4.1064979090102645,0.1806136349987515
2859,0.2863,7,55,7,158029,518415,11979,114277,4.106062286148777,0.18062027021046576
2860,0.2864,16,174,16,158203,518241,11995,114261,4.104684133823343,0.1806492311486762
2861,0.2865,4,48,4,158251,518193,11999,114257,4.104303953871499,0.18065775950668037
2862,0.2866,6,70,6,158321,518123,12005,114251,4.10374952477506,0.18066998326939437
2863,0.2867,4,83,4,158404,518040,12009,114247,4.103092130274997,0.18068851644901762
2864,0.2868,3,40,3,158444,518000,12012,114244,4.10277531364846,0.18069606038175134
2865,0.2869,12,68,12,158512,517932,12024,114232,4.1022367253833485,0.18069994495099373
2866,0.287,12,128,12,158640,517804,12036,114220,4.101222912178431,0.18072098527904004
2867,0.2871,5,76,5,158716,517728,12041,114215,4.100620960588012,0.18073623728722368
2868,0.2872,11,111,11,158827,517617,12052,114204,4.099741794449373,0.18075372613445898
2869,0.2873,12,98,12,158925,517519,12064,114192,4.098965593714358,0.18076620479934655
2870,0.2874,10,120,10,159045,517399,12074,114182,4.098015143834749,0.18078757910703458
2871,0.2875,9,66,9,159111,517333,12083,114173,4.0974923964009635,0.18079479846588947
2872,0.2876,2,35,2,159146,517298,12085,114171,4.097215181852744,0.18080222465394183
2873,0.2877,15,149,15,159295,517149,12100,114156,4.0960350399188945,0.18082543303157744
2874,0.2878,23,225,23,159520,516924,12123,114133,4.094252946394627,0.1808600490922373
2875,0.2879,4,49,4,159569,516875,12127,114129,4.093864846027119,0.18086890098953415
2876,0.288,12,117,12,159686,516758,12139,114117,4.0929381573945,0.1808868634832574
2877,0.2881,9,78,9,159764,516680,12148,114108,4.092320364972754,0.18089754402429978
2878,0.2882,14,47,14,159811,516633,12162,114094,4.091948105436574,0.18089284270373712
2879,0.2883,7,80,7,159891,516553,12169,114087,4.0913144721835,0.18090669795763034
2880,0.2884,16,203,16,160094,516350,12185,114071,4.089706627803827,0.1809441627103158
2881,0.2885,0,51,0,160145,516299,12185,114071,4.089302686604993,0.18095880197344416
2882,0.2886,7,84,7,160229,516215,12192,114064,4.088637371689266,0.18097382270391366
2883,0.2887,10,64,10,160293,516151,12202,114054,4.088130465086808,0.18097920517926708
2884,0.2888,18,188,18,160481,515963,12220,114036,4.086641426942086,0.18100981112668432
2885,0.2889,6,47,6,160528,515916,12226,114030,4.086269167405906,0.1810155156156242
2886,0.289,5,57,5,160585,515859,12231,114025,4.085817703713091,0.18102539515212324
2887,0.2891,2,48,2,160633,515811,12233,114023,4.085437523761247,0.181036590593712
2888,0.2892,8,114,8,160747,515697,12241,114015,4.084534596375618,0.1810589602866072
2889,0.2893,10,162,10,160909,515535,12251,114005,4.083251489038145,0.181092543762112
2890,0.2894,16,69,16,160978,515466,12267,113989,4.082704980357369,0.18109157922329636
2891,0.2895,7,36,7,161014,515430,12274,113982,4.082419845393487,0.18109282949800767
2892,0.2896,14,171,14,161185,515259,12288,113968,4.081065454315042,0.1811238233578661
2893,0.2897,7,67,7,161252,515192,12295,113961,4.080534786465594,0.18113400079154038
2894,0.2898,2,21,2,161273,515171,12297,113959,4.080368457736662,0.18113744377155755
2895,0.2899,12,115,12,161388,515056,12309,113947,4.079457609935369,0.18115493884766845
2896,0.29,6,60,6,161448,514996,12315,113941,4.078982384995564,0.181164409153858
2897,0.2901,11,202,11,161650,514794,12326,113930,4.077382461031555,0.18120828853360138
2898,0.2902,7,64,7,161714,514730,12333,113923,4.076875554429097,0.18121761925895527
2899,0.2903,11,142,11,161856,514588,12344,113912,4.075750855404892,0.1812442322991249
2900,0.2904,13,152,13,162008,514436,12357,113899,4.074546952224052,0.18127113721183763
2901,0.2905,11,194,11,162202,514242,12368,113888,4.073010391585351,0.1813127855698661
2902,0.2906,2,88,2,162290,514154,12370,113886,4.07231339500697,0.18133558372078212
2903,0.2907,12,97,12,162387,514057,12382,113874,4.071545114687619,0.1813479506506288
2904,0.2908,10,149,10,162536,513908,12392,113864,4.0703649727537705,0.1813779525050496
2905,0.2909,9,66,9,162602,513842,12401,113855,4.069842225319984,0.18138528621293395
2906,0.291,16,108,16,162710,513734,12417,113839,4.068986820428336,0.18139563046848733
2907,0.2911,3,81,3,162791,513653,12420,113836,4.068345266759599,0.18141513237682255
2908,0.2912,7,68,7,162859,513585,12427,113829,4.067806678494487,0.18142566152492612
2909,0.2913,9,55,9,162914,513530,12436,113820,4.067371055633,0.18142982386227782
2910,0.2914,5,62,5,162976,513468,12441,113815,4.066879989861868,0.18144123146968752
2911,0.2915,9,119,9,163095,513349,12450,113806,4.0659374603979215,0.18146391242994156
2912,0.2916,15,109,15,163204,513240,12465,113791,4.06507413509061,0.18147587599337195
2913,0.2917,4,30,4,163234,513210,12469,113787,4.064836522620707,0.1814793372217092
2914,0.2918,7,74,7,163308,513136,12476,113780,4.0642504118616145,0.18149161929189875
2915,0.2919,5,98,5,163406,513038,12481,113775,4.0634742111266,0.1815134657385855
2916,0.292,12,81,12,163487,512957,12493,113763,4.0628326574578635,0.18152125351033954
2917,0.2921,6,74,6,163561,512883,12499,113757,4.062246546698771,0.1815348525469169
2918,0.2922,8,37,8,163598,512846,12507,113749,4.061953491319224,0.18153512236771757
2919,0.2923,2,34,2,163632,512812,12509,113747,4.061684197186668,0.18154236073538166
2920,0.2924,2,67,2,163699,512745,12511,113745,4.061153529337219,0.18155916295551405
2921,0.2925,9,49,9,163748,512696,12520,113736,4.060765428969712,0.1815616060482223
2922,0.2926,4,45,4,163793,512651,12524,113732,4.060409010264859,0.18156942318038644
2923,0.2927,7,92,7,163885,512559,12531,113725,4.059680332023825,0.18158694777449208
2924,0.2928,5,50,5,163935,512509,12536,113720,4.059284311240654,0.18159491176550432
2925,0.2929,6,93,6,164028,512416,12542,113714,4.058547712583956,0.18161404181240318
2926,0.293,10,70,10,164098,512346,12552,113704,4.057993283487518,0.1816212762558901
2927,0.2931,16,129,16,164227,512217,12568,113688,4.056971549866937,0.18163778848227766
2928,0.2932,4,70,4,164297,512147,12572,113684,4.056417120770498,0.1816528743382798
2929,0.2933,5,84,5,164381,512063,12577,113679,4.055751805854771,0.18167072052059793
2930,0.2934,8,77,8,164458,511986,12585,113671,4.055141933848688,0.18168261523486512
2931,0.2935,4,42,4,164500,511944,12589,113667,4.054809276390825,0.18168958026633164
2932,0.2936,9,59,9,164559,511885,12598,113658,4.054341971866684,0.1816949434331453
2933,0.2937,14,158,14,164717,511727,12612,113644,4.053090546191864,0.18172252950648496
2934,0.2938,6,70,6,164787,511657,12618,113638,4.052536117095425,0.18173502107005493
2935,0.2939,6,66,6,164853,511591,12624,113632,4.05201336966164,0.18174635290128482
2936,0.294,9,39,9,164892,511552,12633,113623,4.051704473450767,0.18174591114487942
2937,0.2941,15,88,15,164980,511464,12648,113608,4.051007476872386,0.18175186218547623
2938,0.2942,5,62,5,165042,511402,12653,113603,4.050516411101254,0.18176334589323284
2939,0.2943,12,91,12,165133,511311,12665,113591,4.049795653275884,0.1817741021792217
2940,0.2944,10,70,10,165203,511241,12675,113581,4.049241224179445,0.18178137133455607
2941,0.2945,12,97,12,165300,511144,12687,113569,4.0484729438600935,0.181793879749581
2942,0.2946,10,76,10,165376,511068,12697,113559,4.047870992269674,0.1818028999707025
2943,0.2947,17,118,17,165494,510950,12714,113542,4.046936383221391,0.18181497921510603
2944,0.2948,18,145,18,165639,510805,12732,113524,4.045787922950196,0.18183361657075037
2945,0.2949,13,185,13,165824,510620,12745,113511,4.044322646052465,0.1818704727052494
2946,0.295,13,110,13,165934,510510,12758,113498,4.04345140032949,0.18188548864758144
2947,0.2951,9,52,9,165986,510458,12767,113489,4.043039538714992,0.1818888463282939
2948,0.2952,11,82,11,166068,510376,12778,113478,4.042390064630592,0.18189832877564302
2949,0.2953,10,113,10,166181,510263,12788,113468,4.041495057660626,0.18191816664555713
2950,0.2954,7,48,7,166229,510215,12795,113461,4.041114877708782,0.1819229856528069
2951,0.2955,8,148,8,166377,510067,12803,113453,4.039942656190597,0.18195567102899665
2952,0.2956,1,38,1,166415,510029,12804,113452,4.039641680395387,0.18196544882682872
2953,0.2957,1,51,1,166466,509978,12805,113451,4.039237739196553,0.18197902247088282
2954,0.2958,4,54,4,166520,509924,12809,113447,4.0388100367507285,0.1819895375306198
2955,0.2959,14,99,14,166619,509825,12823,113433,4.038025915600051,0.18200007059676732
2956,0.296,18,118,18,166737,509707,12841,113415,4.037091306551768,0.18201090637146497
2957,0.2961,8,80,8,166817,509627,12849,113407,4.0364576732986945,0.18202377398344233
2958,0.2962,6,44,6,166861,509583,12855,113401,4.036109175009504,0.18202875194226498
2959,0.2963,6,70,6,166931,509513,12861,113395,4.035554745913066,0.1820413287355436
2960,0.2964,4,68,4,166999,509445,12865,113391,4.035016157647953,0.18205595052309115
2961,0.2965,1,27,1,167026,509418,12866,113390,4.034802306425041,0.1820625297041785
2962,0.2966,11,110,11,167136,509308,12877,113379,4.0339310607020655,0.18208024256167224
2963,0.2967,9,72,9,167208,509236,12886,113370,4.033360790774299,0.18208947552705884
2964,0.2968,9,110,9,167318,509126,12895,113361,4.032489545051324,0.18210982719317834
2965,0.2969,15,120,15,167438,509006,12910,113346,4.0315390951717145,0.18212522816669666
2966,0.297,10,126,10,167564,508880,12920,113336,4.030541122798124,0.18214896434678632
2967,0.2971,15,126,15,167690,508754,12935,113321,4.0295431504245345,0.1821661375236105
2968,0.2972,9,90,9,167780,508664,12944,113312,4.028830313014827,0.18218066291946955
2969,0.2973,11,55,11,167835,508609,12955,113301,4.028394690153339,0.18218230933736393
2970,0.2974,4,46,4,167881,508563,12959,113297,4.028030351032823,0.18219052519859774
2971,0.2975,9,85,9,167966,508478,12968,113288,4.027357115701432,0.1822035942782333
2972,0.2976,27,163,27,168129,508315,12995,113261,4.026066087948296,0.18221585131987078
2973,0.2977,9,87,9,168216,508228,13004,113252,4.0253770117855785,0.18222951663770354
2974,0.2978,5,48,5,168264,508180,13009,113247,4.024996831833735,0.18223701255336508
2975,0.2979,7,52,7,168316,508128,13016,113240,4.024584970219237,0.1822430508169072
2976,0.298,5,94,5,168410,508034,13021,113235,4.023840451146876,0.18226404343368172
2977,0.2981,1,48,1,168458,507986,13022,113234,4.023460271195033,0.18227681014777375
2978,0.2982,7,87,7,168545,507899,13029,113227,4.022771195032315,0.18229312571040338
2979,0.2983,8,85,8,168630,507814,13037,113219,4.022097959700925,0.18230754243333286
2980,0.2984,5,26,5,168656,507788,13042,113214,4.021892028893676,0.1823085915987388
2981,0.2985,12,89,12,168745,507699,13054,113202,4.021187111899632,0.1823189204076012
2982,0.2986,3,63,3,168808,507636,13057,113199,4.020688125712837,0.18233347024571747
2983,0.2987,2,41,2,168849,507595,13059,113197,4.020363388670638,0.18234287812987282
2984,0.2988,4,63,4,168912,507532,13063,113193,4.019864402483842,0.1823561158322929
2985,0.2989,17,136,17,169048,507396,13080,113176,4.018787225953618,0.1823736810555423
2986,0.299,4,67,4,169115,507329,13084,113172,4.018256558104169,0.18238810251715953
2987,0.2991,2,53,2,169168,507276,13086,113170,4.017836776074009,0.18240104698877904
2988,0.2992,9,65,9,169233,507211,13095,113161,4.017321949055886,0.18240829695730948
2989,0.2993,13,64,13,169297,507147,13108,113148,4.016815042453428,0.18240998234710903
2990,0.2994,12,179,12,169476,506968,13120,113136,4.015397288049677,0.1824468153729052
2991,0.2995,9,114,9,169590,506854,13129,113127,4.014494360664048,0.1824684950022662
2992,0.2996,5,32,5,169622,506822,13134,113122,4.014240907362819,0.18247131999019267
2993,0.2997,3,64,3,169686,506758,13137,113119,4.01373400076036,0.18248620290799628
2994,0.2998,14,82,14,169768,506676,13151,113105,4.01308452667596,0.18249188019639195
2995,0.2999,12,134,12,169902,506542,13163,113093,4.012023190977063,0.18251551316500844
2996,0.3,13,89,13,169991,506453,13176,113080,4.011318273983019,0.18252457899740612
2997,0.3001,22,274,22,170265,506179,13198,113058,4.009148080091244,0.18257629954282448
2998,0.3002,7,50,7,170315,506129,13205,113051,4.0087520593080725,0.18258180173778224
2999,0.3003,13,128,13,170443,506001,13218,113038,4.007738246103155,0.18260238854094815
3000,0.3004,15,149,15,170592,505852,13233,113023,4.006558104169307,0.18262654009291052
3001,0.3005,15,85,15,170677,505767,13248,113008,4.005884868837916,0.1826318128560462
3002,0.3006,6,71,6,170748,505696,13254,113002,4.005322519325814,0.18264484449602228
3003,0.3007,2,28,2,170776,505668,13256,113000,4.005100747687239,0.1826504684257146
3004,0.3008,25,94,25,170870,505574,13281,112975,4.004356228614878,0.18264519059928963
3005,0.3009,9,76,9,170946,505498,13290,112966,4.003754277024458,0.18265574067366896
3006,0.301,11,85,11,171031,505413,13301,112955,4.003081041693068,0.1826663087352515
3007,0.3011,15,242,15,171273,505171,13316,112940,4.001164301102522,0.182717990781591
3008,0.3012,6,76,6,171349,505095,13322,112934,4.000562349512102,0.1827325254963764
3009,0.3013,18,139,18,171488,504956,13340,112916,3.9994614117348877,0.18274982520651525
3010,0.3014,6,51,6,171539,504905,13346,112910,3.9990574705360538,0.18275697417511716
3011,0.3015,13,76,13,171615,504829,13359,112897,3.9984555189456343,0.18276226029016102
3012,0.3016,11,104,11,171719,504725,13370,112886,3.9976317957166394,0.1827784803055645
3013,0.3017,8,43,8,171762,504682,13378,112878,3.9972912178431126,0.18278062050650948
3014,0.3018,12,131,12,171893,504551,13390,112866,3.996253643391205,0.18280351852961613
3015,0.3019,5,46,5,171939,504505,13395,112861,3.9958893042706882,0.18281052082557187
3016,0.302,3,39,3,171978,504466,13398,112858,3.995580408059815,0.18281809876175234
3017,0.3021,0,34,0,172012,504432,13398,112858,3.995311113927259,0.18282816828395082
3018,0.3022,8,60,8,172072,504372,13406,112850,3.994835888987454,0.18283534935566134
3019,0.3023,4,126,4,172198,504246,13410,112846,3.993837916613864,0.18286738444186604
3020,0.3024,9,108,9,172306,504138,13419,112837,3.9929825117222153,0.18288747518132825
3021,0.3025,6,46,6,172352,504092,13425,112831,3.992618172601698,0.18289316494927244
3022,0.3026,10,122,10,172474,503970,13435,112821,3.991651881890762,0.18291609313365467
3023,0.3027,9,50,9,172524,503920,13444,112812,3.991255861107591,0.18291899885201351
3024,0.3028,22,129,22,172653,503791,13466,112790,3.9902341274870103,0.18292811487866154
3025,0.3029,3,37,3,172690,503754,13469,112787,3.9899410721074644,0.18293511704817683
3026,0.303,12,98,12,172788,503656,13481,112775,3.9891648713724495,0.18294829429408968
3027,0.3031,8,62,8,172850,503594,13489,112767,3.988673805601318,0.18295609229007026
3028,0.3032,6,53,6,172903,503541,13495,112761,3.988254023571157,0.18296387160839978
3029,0.3033,17,127,17,173030,503414,13512,112744,3.9872481307819037,0.18297904109011
3030,0.3034,12,99,12,173129,503315,13524,112732,3.9864640096312254,0.18299253141399927
3031,0.3035,8,50,8,173179,503265,13532,112724,3.986067988848055,0.18299677429304745
3032,0.3036,9,74,9,173253,503191,13541,112715,3.985481878088962,0.18300682246966257
3033,0.3037,11,50,11,173303,503141,13552,112704,3.9850858573057915,0.18300708782242284
3034,0.3038,11,52,11,173355,503089,13563,112693,3.9846739956912938,0.1830079476178258
3035,0.3039,5,43,5,173398,503046,13568,112688,3.984333417817767,0.1830140937482744
3036,0.304,6,88,6,173486,502958,13574,112682,3.9836364212393867,0.18303229159898643
3037,0.3041,11,104,11,173590,502854,13585,112671,3.9828126980103917,0.18304861703423905
3038,0.3042,19,146,19,173736,502708,13604,112652,3.9816563173235333,0.18306682267290691
3039,0.3043,1,51,1,173787,502657,13605,112651,3.981252376124699,0.18308066854323363
3040,0.3044,9,66,9,173853,502591,13614,112642,3.9807296286909137,0.1830883583942994
3041,0.3045,5,87,5,173940,502504,13619,112637,3.9800405525281968,0.18310761272618797
3042,0.3046,2,23,2,173963,502481,13621,112635,3.9798583829679384,0.18311180330214138
3043,0.3047,4,114,4,174077,502367,13625,112631,3.978955455582309,0.18314043297701782
3044,0.3048,9,47,9,174124,502320,13634,112622,3.9785831960461286,0.1831424752253058
3045,0.3049,6,58,6,174182,502262,13640,112616,3.9781238119376505,0.1831517797026402
3046,0.305,8,122,8,174304,502140,13648,112608,3.977157521226714,0.18317749712077144
3047,0.3051,23,240,23,174544,501900,13671,112585,3.9752566214674947,0.18321846749717244
3048,0.3052,16,105,16,174649,501795,13687,112569,3.974424977822836,0.18322850948297753
3049,0.3053,5,40,5,174689,501755,13692,112564,3.9741081611962996,0.18323379221544506
3050,0.3054,5,86,5,174775,501669,13697,112559,3.973427005449246,0.18325279863503455
3051,0.3055,11,118,11,174893,501551,13708,112548,3.972492396400963,0.18327338100208598
3052,0.3056,6,104,6,174997,501447,13714,112542,3.971668673171968,0.18329644342162482
3053,0.3057,12,69,12,175066,501378,13726,112530,3.9711221644911925,0.18330108094372446
3054,0.3058,2,23,2,175089,501355,13728,112528,3.970939994930934,0.18330528781543062
3055,0.3059,10,96,10,175185,501259,13738,112518,3.9701796350272462,0.18332065228902353
3056,0.306,4,55,4,175240,501204,13742,112514,3.9697440121657586,0.18333175823423786
3057,0.3061,9,86,9,175326,501118,13751,112505,3.969062856418705,0.1833454743384782
3058,0.3062,10,50,10,175376,501068,13761,112495,3.9686668356355344,0.18334710535022483
3059,0.3063,10,42,10,175418,501026,13771,112485,3.968334178177671,0.18334634586828924
3060,0.3064,13,96,13,175514,500930,13784,112472,3.967573818273983,0.1833577327755697
3061,0.3065,12,158,12,175672,500772,13796,112460,3.9663223925991637,0.18338899470347275
3062,0.3066,24,170,24,175842,500602,13820,112436,3.964975921936383,0.1834078800987867
3063,0.3067,2,45,2,175887,500557,13822,112434,3.9646195032315297,0.1834186798827389
3064,0.3068,13,81,13,175968,500476,13835,112421,3.963977949562793,0.18342560006004272
3065,0.3069,8,39,8,176007,500437,13843,112413,3.96366905335192,0.18342661336379212
3066,0.307,6,67,6,176074,500370,13849,112407,3.963138385502471,0.18343867344890555
3067,0.3071,13,92,13,176166,500278,13862,112394,3.962409707261437,0.1834488927191058
3068,0.3072,13,114,13,176280,500164,13875,112381,3.961506779875808,0.18346570456048128
3069,0.3073,5,97,5,176377,500067,13880,112376,3.9607384995564567,0.18348809603505958
3070,0.3074,6,80,6,176457,499987,13886,112370,3.9601048663033835,0.1835040670719858
3071,0.3075,11,61,11,176518,499926,13897,112359,3.9596217209479154,0.18350768024694383
3072,0.3076,5,93,5,176611,499833,13902,112354,3.958885122291218,0.1835288890486077
3073,0.3077,6,41,6,176652,499792,13908,112348,3.958560385249018,0.18353317868461463
3074,0.3078,12,82,12,176734,499710,13920,112336,3.957910911164618,0.18354175993307692
3075,0.3079,6,62,6,176796,499648,13926,112330,3.957419845393486,0.18355234992107558
3076,0.308,3,31,3,176827,499617,13929,112327,3.9571743125079206,0.18355764579765468
3077,0.3081,5,46,5,176873,499571,13934,112322,3.9568099733874034,0.1835647735796945
3078,0.3082,9,92,9,176965,499479,13943,112313,3.9560812951463693,0.18358036718361795
3079,0.3083,21,143,21,177108,499336,13964,112292,3.954948675706501,0.18359525724786963
3080,0.3084,11,134,11,177242,499202,13975,112281,3.953887340007604,0.18362080384900317
3081,0.3085,14,92,14,177334,499110,13989,112267,3.9531586617665697,0.1836297407328048
3082,0.3086,14,103,14,177437,499007,14003,112253,3.9523428589532377,0.1836419854071917
3083,0.3087,5,50,5,177487,498957,14008,112248,3.951946838170067,0.1836503300856505
3084,0.3088,7,101,7,177588,498856,14015,112241,3.951146876188062,0.18367133204712183
3085,0.3089,19,241,19,177829,498615,14034,112222,3.9492380560131797,0.18371840605595274
3086,0.309,18,83,18,177912,498532,14052,112204,3.948580661513116,0.18371931571088
3087,0.3091,9,40,9,177952,498492,14061,112195,3.9482638448865797,0.18371931938947447
3088,0.3092,9,71,9,178023,498421,14070,112186,3.9477014953744773,0.18372865034301933
3089,0.3093,16,109,16,178132,498312,14086,112170,3.9468381700671653,0.18374006113202354
3090,0.3094,8,97,8,178229,498215,14094,112162,3.946069889747814,0.18375856233114943
3091,0.3095,8,56,8,178285,498159,14102,112154,3.9456263464706627,0.18376472400227425
3092,0.3096,15,176,15,178461,497983,14117,112139,3.944232353313902,0.18379766669616895
3093,0.3097,7,91,7,178552,497892,14124,112132,3.9435115954885314,0.18381571872582061
3094,0.3098,5,31,5,178583,497861,14129,112127,3.9432660626029654,0.1838183701974465
3095,0.3099,7,100,7,178683,497761,14136,112120,3.942474021036624,0.18383914239007282
3096,0.31,9,112,9,178795,497649,14145,112111,3.941586934482322,0.18386086329047494
3097,0.3101,20,230,20,179025,497419,14165,112091,3.9397652388797364,0.1839034634378435
3098,0.3102,10,73,10,179098,497346,14175,112081,3.939187048536307,0.18391210103917285
3099,0.3103,1,31,1,179129,497315,14176,112080,3.9389415156507415,0.1839201174935797
3100,0.3104,14,86,14,179215,497229,14190,112066,3.938260359903688,0.18392732584380309
3101,0.3105,14,104,14,179319,497125,14204,112052,3.937436636674693,0.1839399714697042
3102,0.3106,6,43,6,179362,497082,14210,112046,3.937096058801166,0.18394491798111398
3103,0.3107,8,113,8,179475,496969,14218,112038,3.9362010518312003,0.18396832877126207
3104,0.3108,5,57,5,179532,496912,14223,112033,3.9357495881383855,0.18397884866449352
3105,0.3109,7,104,7,179636,496808,14230,112026,3.9349258649093906,0.18400089351120338
3106,0.311,3,64,3,179700,496744,14233,112023,3.934418958306932,0.1840162163849223
3107,0.3111,3,41,3,179741,496703,14236,112020,3.934094221264732,0.18402458918095752
3108,0.3112,11,154,11,179895,496549,14247,112009,3.9328744772525663,0.18405640875643736
3109,0.3113,12,95,12,179990,496454,14259,111997,3.932122037764542,0.18406905404050614
3110,0.3114,11,165,11,180155,496289,14270,111986,3.930815169180079,0.1841042291726604
3111,0.3115,17,111,17,180266,496178,14287,111969,3.9299360030414396,0.18411502482130143
3112,0.3116,5,47,5,180313,496131,14292,111964,3.929563743505259,0.18412254664156094
3113,0.3117,13,161,13,180474,495970,14305,111951,3.9282885565834493,0.1841538620972133
3114,0.3118,11,82,11,180556,495888,14316,111940,3.9276390824990495,0.18416394111492068
3115,0.3119,6,143,6,180699,495745,14322,111934,3.9265064630591815,0.18419922360325106
3116,0.312,9,48,9,180747,495697,14331,111925,3.9261262831073376,0.18420169118300522
3117,0.3121,13,205,13,180952,495492,14344,111912,3.9245025978963377,0.1842463994310212
3118,0.3122,18,124,18,181076,495368,14362,111894,3.9235204663540744,0.18425984171576684
3119,0.3123,13,120,13,181196,495248,14375,111881,3.922570016474465,0.18427879412777184
3120,0.3124,1,39,1,181235,495209,14376,111880,3.9222611202635913,0.18428928872043474
3121,0.3125,15,83,15,181318,495126,14391,111865,3.921603725763528,0.18429433055844321
3122,0.3126,2,45,2,181363,495081,14393,111863,3.9212473070586746,0.18430530658512154
3123,0.3127,8,63,8,181426,495018,14401,111855,3.9207483208718794,0.18431368671863801
3124,0.3128,11,123,11,181549,494895,14412,111844,3.9197741097452794,0.18433626320378285
3125,0.3129,18,125,18,181674,494770,14430,111826,3.9187840577873527,0.18435004517009673
3126,0.313,19,142,19,181816,494628,14449,111807,3.917659358763148,0.1843676568799624
3127,0.3131,13,137,13,181953,494491,14462,111794,3.91657426181726,0.1843918289253404
3128,0.3132,2,35,2,181988,494456,14464,111792,3.916297047269041,0.18439978358691492
3129,0.3133,3,28,3,182016,494428,14467,111789,3.916075275630465,0.18440426447955105
3130,0.3134,7,74,7,182090,494354,14474,111782,3.9154891648713726,0.184417358480605
3131,0.3135,4,64,4,182154,494290,14478,111778,3.914982258268914,0.18443144993631078
3132,0.3136,0,38,0,182192,494252,14478,111778,3.9146812824737043,0.1844430143722258
3133,0.3137,10,128,10,182320,494124,14488,111768,3.913667469268787,0.1844685191420253
3134,0.3138,11,79,11,182399,494045,14499,111757,3.9130417564313773,0.18447776666303511
3135,0.3139,21,171,21,182570,493874,14520,111736,3.911687365352934,0.18450157692244185
3136,0.314,11,112,11,182682,493762,14531,111725,3.9108002787986313,0.18452088979614756
3137,0.3141,7,49,7,182731,493713,14538,111718,3.910412178431124,0.184526395245701
3138,0.3142,14,90,14,182821,493623,14552,111704,3.9096993410214167,0.18453497035486605
3139,0.3143,9,102,9,182923,493521,14561,111695,3.9088914586237484,0.18455394437688363
3140,0.3144,2,42,2,182965,493479,14563,111693,3.9085588011658854,0.184564057821578
3141,0.3145,6,58,6,183023,493421,14569,111687,3.9080994170574073,0.18457366288332
3142,0.3146,18,173,18,183196,493248,14587,111669,3.9067291851476367,0.18460218509316154
3143,0.3147,11,145,11,183341,493103,14598,111658,3.9055807248764416,0.18463161480320325
3144,0.3148,5,74,5,183415,493029,14603,111653,3.904994614117349,0.1846474675945373
3145,0.3149,9,63,9,183478,492966,14612,111644,3.9044956279305536,0.18465457071500638
3146,0.315,5,47,5,183525,492919,14617,111639,3.9041233683943735,0.1846621829501884
3147,0.3151,7,76,7,183601,492843,14624,111632,3.903521416803954,0.18467595847636378
3148,0.3152,15,73,15,183674,492770,14639,111617,3.9029432264605246,0.18467802914357853
3149,0.3153,14,146,14,183820,492624,14653,111603,3.901786845773666,0.18470376199673302
3150,0.3154,15,138,15,183958,492486,14668,111588,3.900693828412115,0.18472571241271765
3151,0.3155,4,67,4,184025,492419,14672,111584,3.9001631605626663,0.18474080426752848
3152,0.3156,13,100,13,184125,492319,14685,111571,3.8993711189963247,0.18475384589908758
3153,0.3157,9,60,9,184185,492259,14694,111562,3.89889589405652,0.18476005306208296
3154,0.3158,27,175,27,184360,492084,14721,111535,3.8975098213154227,0.1847771524753197
3155,0.3159,15,92,15,184452,491992,14736,111520,3.8967811430743886,0.18478505812643328
3156,0.316,2,24,2,184476,491968,14738,111518,3.8965910530984664,0.18478970514643256
3157,0.3161,9,80,9,184556,491888,14747,111509,3.8959574198453937,0.18480204575097323
3158,0.3162,14,91,14,184647,491797,14761,111495,3.895236662020023,0.1848110036267678
3159,0.3163,5,40,5,184687,491757,14766,111490,3.894919845393486,0.18481650136677016
3160,0.3164,13,67,13,184754,491690,14779,111477,3.8943891775440376,0.18481946127689347
3161,0.3165,20,116,20,184870,491574,14799,111457,3.8934704093270813,0.18482797733449854
3162,0.3166,5,44,5,184914,491530,14804,111452,3.893121911037891,0.1848347048502277
3163,0.3167,14,151,14,185065,491379,14818,111438,3.8919259282727157,0.1848620725692872
3164,0.3168,9,74,9,185139,491305,14827,111429,3.891339817513623,0.1848725971987643
3165,0.3169,13,123,13,185262,491182,14840,111416,3.8903656063870233,0.18489274773563802
3166,0.317,9,70,9,185332,491112,14849,111407,3.8898111772905843,0.18490205288131992
3167,0.3171,19,126,19,185458,490986,14868,111388,3.888813204916994,0.1849150195725579
3168,0.3172,7,61,7,185519,490925,14875,111381,3.8883300595615258,0.184924274372163
3169,0.3173,5,36,5,185555,490889,14880,111376,3.8880449245976427,0.18492856134757957
3170,0.3174,2,27,2,185582,490862,14882,111374,3.8878310733747306,0.18493414541807532
3171,0.3175,17,150,17,185732,490712,14899,111357,3.886643011025219,0.18495720590164916
3172,0.3176,9,82,9,185814,490630,14908,111348,3.8859935369408185,0.1849702148583503
3173,0.3177,8,74,8,185888,490556,14916,111340,3.885407426181726,0.184982123157489
3174,0.3178,7,71,7,185959,490485,14923,111333,3.8848450766696234,0.18499446676569992
3175,0.3179,9,56,9,186015,490429,14932,111324,3.8844015333924724,0.18499949314752065
3176,0.318,11,93,11,186108,490336,14943,111313,3.883664934735775,0.18501318875291076
3177,0.3181,20,120,20,186228,490216,14963,111293,3.8827144848561654,0.18502300048710826
3178,0.3182,15,86,15,186314,490130,14978,111278,3.882033329109112,0.18502913163775672
3179,0.3183,8,75,8,186389,490055,14986,111270,3.8814392979343557,0.18504136698124973
3180,0.3184,5,21,5,186410,490034,14991,111265,3.881272969205424,0.18504105278738198
3181,0.3185,14,120,14,186530,489914,15005,111251,3.8803225193258144,0.18505901042143172
3182,0.3186,7,100,7,186630,489814,15012,111244,3.879530477759473,0.1850803083895398
3183,0.3187,3,51,3,186681,489763,15015,111241,3.879126536560639,0.18509194614345328
3184,0.3188,7,37,7,186718,489726,15022,111234,3.8788334811810925,0.1850938498402556
3185,0.3189,16,112,16,186830,489614,15038,111218,3.87794639462679,0.18510665210907543
3186,0.319,15,149,15,186979,489465,15053,111203,3.876766252692941,0.18513221946233194
3187,0.3191,9,45,9,187024,489420,15062,111194,3.8764098339880877,0.1851338796631447
3188,0.3192,3,53,3,187077,489367,15065,111191,3.8759900519579267,0.18514614741623622
3189,0.3193,6,100,6,187177,489267,15071,111185,3.8751980103915855,0.18516883947426271
3190,0.3194,5,95,5,187272,489172,15076,111180,3.874445570903561,0.18519135440541548
3191,0.3195,6,95,6,187367,489077,15082,111174,3.8736931314155365,0.18521251942937206
3192,0.3196,6,75,6,187442,489002,15088,111168,3.873099100240781,0.1852275188696536
3193,0.3197,8,63,8,187505,488939,15096,111160,3.8726001140539856,0.18523610270971957
3194,0.3198,15,100,15,187605,488839,15111,111145,3.871808072487644,0.18524660657617537
3195,0.3199,18,128,18,187733,488711,15129,111127,3.8707942592827274,0.18526168732224368
3196,0.32,7,72,7,187805,488639,15136,111120,3.8702239893549613,0.18527441855812085
3197,0.3201,11,71,11,187876,488568,15147,111109,3.869661639842859,0.1852814098256228
3198,0.3202,15,107,15,187983,488461,15162,111094,3.8688141553668736,0.1852940931190633
3199,0.3203,9,67,9,188050,488394,15171,111085,3.868283487517425,0.18530257106587553
3200,0.3204,8,74,8,188124,488320,15179,111077,3.8676973767583323,0.18531457448068642
3201,0.3205,5,59,5,188183,488261,15184,111072,3.867230072234191,0.18532602075974458
3202,0.3206,19,161,19,188344,488100,15203,111053,3.865954885312381,0.1853499857298553
3203,0.3207,14,100,14,188444,488000,15217,111039,3.86516284374604,0.18536188795721148
3204,0.3208,18,147,18,188591,487853,15235,111021,3.8639985426435177,0.1853829019125893
3205,0.3209,6,53,6,188644,487800,15241,111015,3.863578760613357,0.18539114751634478
3206,0.321,26,174,26,188818,487626,15267,110989,3.8622006082879228,0.18540965395120404
3207,0.3211,6,104,6,188922,487522,15273,110983,3.861376885058928,0.18543370564991102
3208,0.3212,10,65,10,188987,487457,15283,110973,3.860862058040806,0.18544023528232206
3209,0.3213,8,66,8,189053,487391,15291,110965,3.8603393106070207,0.18544979911624518
3210,0.3214,30,280,30,189333,487111,15321,110935,3.8581215942212648,0.18549576453985145
3211,0.3215,6,46,6,189379,487065,15327,110929,3.8577572551007475,0.18550186122268786
3212,0.3216,13,209,13,189588,486856,15340,110916,3.8561018882270943,0.185549005306371
3213,0.3217,17,75,17,189663,486781,15357,110899,3.8555078570523382,0.18554912327666978
3214,0.3218,8,87,8,189750,486694,15365,110891,3.8548187808896213,0.18556523339775932
3215,0.3219,7,63,7,189813,486631,15372,110884,3.854319794702826,0.1855752575249157
3216,0.322,7,105,7,189918,486526,15379,110877,3.8534881510581673,0.18559833144460272
3217,0.3221,10,59,10,189977,486467,15389,110867,3.8530208465340263,0.18560302946090462
3218,0.3222,4,29,4,190006,486438,15393,110863,3.852791154479787,0.18560658696369167
3219,0.3223,6,81,6,190087,486357,15399,110857,3.8521496008110505,0.18562357881764327
3220,0.3224,8,65,8,190152,486292,15407,110849,3.8516347737929286,0.18563287397783773
3221,0.3225,5,78,5,190230,486214,15412,110844,3.8510169813711825,0.18565030533047042
3222,0.3226,11,107,11,190337,486107,15423,110833,3.850169496895197,0.185668576406339
3223,0.3227,13,90,13,190427,486017,15436,110820,3.8494566594854898,0.18567883693537768
3224,0.3228,16,57,16,190484,485960,15452,110804,3.8490051957926754,0.1856747390928407
3225,0.3229,6,24,6,190508,485936,15458,110798,3.8488151058167532,0.18567401890959792
3226,0.323,4,49,4,190557,485887,15462,110794,3.848427005449246,0.18568380759568345
3227,0.3231,12,72,12,190629,485815,15474,110782,3.8478567355214803,0.1856898375285159
3228,0.3232,8,67,8,190696,485748,15482,110774,3.8473260676720313,0.18569977301759197
3229,0.3233,21,144,21,190840,485604,15503,110753,3.8461855278165,0.18571593860724364
3230,0.3234,4,40,4,190880,485564,15507,110749,3.845868711189963,0.18572293409669083
3231,0.3235,9,83,9,190963,485481,15516,110740,3.8452113166899,0.18573649703717246
3232,0.3236,8,110,8,191073,485371,15524,110732,3.844340070966924,0.18575984351697608
3233,0.3237,2,48,2,191121,485323,15526,110730,3.8439598910150803,0.18577207060445966
3234,0.3238,29,245,29,191366,485078,15555,110701,3.842019389177544,0.18580883179836818
3235,0.3239,15,131,15,191497,484947,15570,110686,3.840981814725637,0.1858291934798777
3236,0.324,30,286,30,191783,484661,15600,110656,3.8387165758459005,0.18587744008654214
3237,0.3241,24,227,24,192010,484434,15624,110632,3.8369186414903056,0.18591551189279845
3238,0.3242,7,100,7,192110,484334,15631,110625,3.836126599923964,0.18593718222600214
3239,0.3243,6,67,6,192177,484267,15637,110619,3.8355959320745154,0.18594991309259254
3240,0.3244,11,115,11,192292,484152,15648,110608,3.8346850842732225,0.1859708117560024
3241,0.3245,14,69,14,192361,484083,15662,110594,3.8341385755924473,0.18597322580156958
3242,0.3246,17,156,17,192517,483927,15679,110577,3.8329029907489547,0.1859987485365952
3243,0.3247,9,155,9,192672,483772,15688,110568,3.8316753263211254,0.18603492950163206
3244,0.3248,9,67,9,192739,483705,15697,110559,3.8311446584716764,0.18604357659222165
3245,0.3249,6,67,6,192806,483638,15703,110553,3.830613990622228,0.18605633542076538
3246,0.325,8,41,8,192847,483597,15711,110545,3.8302892535800277,0.18605821503950234
3247,0.3251,15,107,15,192954,483490,15726,110530,3.8294417691040428,0.1860711760546783
3248,0.3252,21,119,21,193073,483371,15747,110509,3.8284992396400965,0.18607967939651107
3249,0.3253,5,59,5,193132,483312,15752,110504,3.828031935115955,0.18609131448125346
3250,0.3254,7,74,7,193206,483238,15759,110497,3.8274458243568623,0.18610491212409577
3251,0.3255,11,95,11,193301,483143,15770,110486,3.826693384868838,0.18611961342858924
3252,0.3256,4,52,4,193353,483091,15774,110482,3.8262815232543406,0.18613043383037975
3253,0.3257,6,107,6,193460,482984,15780,110476,3.825434038778355,0.18615576449971355
3254,0.3258,14,81,14,193541,482903,15794,110462,3.8247924851096187,0.18616197450136088
3255,0.3259,3,40,3,193581,482863,15797,110459,3.824475668483082,0.18617040999659545
3256,0.326,6,101,6,193682,482762,15803,110453,3.8236757065010774,0.1861938757448817
3257,0.3261,4,61,4,193743,482701,15807,110449,3.823192561145609,0.18620753603641574
3258,0.3262,26,210,26,193953,482491,15833,110423,3.821529273856292,0.18623780177226376
3259,0.3263,6,51,6,194004,482440,15839,110417,3.821125332657458,0.1862455870471294
3260,0.3264,14,59,14,194063,482381,15853,110403,3.8206580281333165,0.18624490539555724
3261,0.3265,6,59,6,194122,482322,15859,110397,3.820190723609175,0.18625520693617043
3262,0.3266,11,91,11,194213,482231,15870,110386,3.8194699657838043,0.1862687030577928
3263,0.3267,5,97,5,194310,482134,15875,110381,3.818701685464453,0.18629233015197927
3264,0.3268,9,40,9,194350,482094,15884,110372,3.8183848688379167,0.18629254674529847
3265,0.3269,26,145,26,194495,481949,15910,110346,3.8172364085667216,0.18630243375345057
3266,0.327,10,79,10,194574,481870,15920,110336,3.8166106957293118,0.18631354629976732
3267,0.3271,7,70,7,194644,481800,15927,110329,3.816056266632873,0.18632595262181045
3268,0.3272,9,93,9,194737,481707,15936,110320,3.8153196679761754,0.1863428526063845
3269,0.3273,20,98,20,194835,481609,15956,110300,3.814543467241161,0.18634621200218277
3270,0.3274,18,68,18,194903,481541,15974,110282,3.8140048789760486,0.18634287616398823
3271,0.3275,9,117,9,195020,481424,15983,110273,3.8130781903434294,0.1863673468008119
3272,0.3276,9,59,9,195079,481365,15992,110264,3.812610885819288,0.18637355504885664
3273,0.3277,25,279,25,195358,481086,16017,110239,3.8104010898491953,0.18642709170084132
3274,0.3278,9,74,9,195432,481012,16026,110230,3.8098149790901026,0.18643804059928085
3275,0.3279,15,121,15,195553,480891,16041,110215,3.8088566087948297,0.18645555957814672
3276,0.328,14,133,14,195686,480758,16055,110201,3.8078031935115955,0.18647824976013563
3277,0.3281,7,109,7,195795,480649,16062,110194,3.8069398682042834,0.18650301349089352
3278,0.3282,17,102,17,195897,480547,16079,110177,3.806131985806615,0.1865118058518022
3279,0.3283,7,97,7,195994,480450,16086,110170,3.805363705487264,0.18653279604483425
3280,0.3284,1,13,1,196007,480437,16087,110169,3.80526074008364,0.18653552452904304
3281,0.3285,3,32,3,196039,480405,16090,110166,3.8050072867824105,0.18654149966727115
3282,0.3286,6,89,6,196128,480316,16096,110160,3.8043023697883664,0.18656135050366146
3283,0.3287,3,31,3,196159,480285,16099,110157,3.8040568369028005,0.1865670125092727
3284,0.3288,8,86,8,196245,480199,16107,110149,3.803375681155747,0.18658316789419122
3285,0.3289,14,109,14,196354,480090,16121,110135,3.802512355848435,0.18659833114490237
3286,0.329,21,196,21,196550,479894,16142,110114,3.800959954378406,0.18663136771026834
3287,0.3291,12,151,12,196701,479743,16154,110102,3.7997639716132303,0.18666259780111724
3288,0.3292,8,82,8,196783,479661,16162,110094,3.7991144975288305,0.1866775186306178
3289,0.3293,5,83,5,196866,479578,16167,110089,3.798457103028767,0.18669689841893813
3290,0.3294,9,82,9,196948,479496,16176,110080,3.797807628944367,0.18671044954340069
3291,0.3295,7,64,7,197012,479432,16183,110073,3.7973007223419084,0.18672106258640725
3292,0.3296,12,145,12,197157,479287,16195,110061,3.7961522620707133,0.1867504428622817
3293,0.3297,30,207,30,197364,479080,16225,110031,3.794512736028387,0.18677464858065798
3294,0.3298,5,88,5,197452,478992,16230,110026,3.7938157394500065,0.18679564970849788
3295,0.3299,9,101,9,197553,478891,16239,110017,3.7930157774680016,0.18681525807087015
3296,0.33,16,126,16,197679,478765,16255,110001,3.7920178050944116,0.1868331391418662
3297,0.3301,7,81,7,197760,478684,16262,109994,3.791376251425675,0.18684917730915712
3298,0.3302,10,121,10,197881,478563,16272,109984,3.7904178811304017,0.18687377558631682
3299,0.3303,16,237,16,198118,478326,16288,109968,3.7885407426181725,0.18692694469091983
3300,0.3304,4,78,4,198196,478248,16292,109964,3.7879229501964264,0.18694620306964155
3301,0.3305,13,167,13,198363,478081,16305,109951,3.7866002407806363,0.1869813207444493
3302,0.3306,7,46,7,198409,478035,16312,109944,3.786235901660119,0.18698626991780318
3303,0.3307,14,91,14,198500,477944,16326,109930,3.7855151438347483,0.1869958528528222
3304,0.3308,8,57,8,198557,477887,16334,109922,3.785063680141934,0.18700292101686092
3305,0.3309,4,54,4,198611,477833,16338,109918,3.7846359776961096,0.18701456909473568
3306,0.331,14,170,14,198781,477663,16352,109904,3.783289507033329,0.18704930671736159
3307,0.3311,11,62,11,198843,477601,16363,109893,3.7827984412621976,0.18705382523055555
3308,0.3312,8,69,8,198912,477532,16371,109885,3.782251932581422,0.18706472573997687
3309,0.3313,26,125,26,199037,477407,16397,109859,3.781261880623495,0.18706855155925936
3310,0.3314,22,120,22,199157,477287,16419,109837,3.7803114307438856,0.18707632459242
3311,0.3315,24,226,24,199383,477061,16443,109813,3.778521416803954,0.18711512181490406
3312,0.3316,16,98,16,199481,476963,16459,109797,3.777745216068939,0.18712420751244122
3313,0.3317,12,70,12,199551,476893,16471,109785,3.7771907869725,0.1871299077176918
3314,0.3318,11,81,11,199632,476812,16482,109774,3.7765492333037636,0.18714050454664788
3315,0.3319,10,91,10,199723,476721,16492,109764,3.7758284754783933,0.18715568173099056
3316,0.332,10,111,10,199834,476610,16502,109754,3.774949309339754,0.1871772482621716
3317,0.3321,8,66,8,199900,476544,16510,109746,3.774426561905969,0.1871872281635368
3318,0.3322,8,44,8,199944,476500,16518,109738,3.7740780636167788,0.18719018555603698
3319,0.3323,3,38,3,199982,476462,16521,109735,3.773777087821569,0.1871981603454129
3320,0.3324,18,148,18,200130,476314,16539,109717,3.7726048663033835,0.18722047127199756
3321,0.3325,8,101,8,200231,476213,16547,109709,3.7718049043213786,0.18724164649902206
3322,0.3326,3,71,3,200302,476142,16550,109706,3.7712425548092763,0.18726017670112385
3323,0.3327,5,86,5,200388,476056,16555,109701,3.7705613990622227,0.18728073245390153
3324,0.3328,19,91,19,200479,475965,16574,109682,3.769840641236852,0.18728346597865267
3325,0.3329,12,98,12,200577,475867,16586,109670,3.7690644405018374,0.18729815536849082
3326,0.333,3,75,3,200652,475792,16589,109667,3.7684704093270813,0.1873179846923525
3327,0.3331,5,44,5,200696,475748,16594,109662,3.768121911037891,0.1873251225636733
3328,0.3332,10,58,10,200754,475690,16604,109652,3.767662526929413,0.18732980035603117
3329,0.3333,7,64,7,200818,475626,16611,109645,3.767155620326955,0.18734056531077056
3330,0.3334,18,169,18,200987,475457,16629,109627,3.7658170700798377,0.1873696768327283
3331,0.3335,9,93,9,201080,475364,16638,109618,3.7650804714231403,0.18738696233388377
3332,0.3336,6,77,6,201157,475287,16644,109612,3.7644705994170575,0.1874032952697816
3333,0.3337,12,71,12,201228,475216,16656,109600,3.763908249904955,0.1874093732045635
3334,0.3338,7,38,7,201266,475178,16663,109593,3.7636072741097455,0.1874118244577792
3335,0.3339,13,110,13,201376,475068,16676,109580,3.7627360283867697,0.18742901711799237
3336,0.334,15,152,15,201528,474916,16691,109565,3.761532125205931,0.18745690621252017
3337,0.3341,9,45,9,201573,474871,16700,109556,3.7611757065010774,0.18745882719313106
3338,0.3342,15,111,15,201684,474760,16715,109541,3.760296540362438,0.1874735795420511
3339,0.3343,6,54,6,201738,474706,16721,109535,3.759868837916614,0.18748256284649656
3340,0.3344,9,68,9,201806,474638,16730,109526,3.7593302496515015,0.1874918687217973
3341,0.3345,9,104,9,201910,474534,16739,109517,3.7585065264225066,0.18751273433313187
3342,0.3346,16,87,16,201997,474447,16755,109501,3.7578174502597896,0.18751840917341955
3343,0.3347,7,32,7,202029,474415,16762,109494,3.7575639969585604,0.18751894558912433
3344,0.3348,8,63,8,202092,474352,16770,109486,3.757065010771765,0.18752804716376803
3345,0.3349,11,148,11,202240,474204,16781,109475,3.75589278925358,0.1875602857049851
3346,0.335,15,97,15,202337,474107,16796,109460,3.755124508934229,0.18757057887097797
3347,0.3351,3,73,3,202410,474034,16799,109457,3.7545463185907995,0.18758986856695303
3348,0.3352,18,239,18,202649,473795,16817,109439,3.7526533392472436,0.1876416669810059
3349,0.3353,8,52,8,202701,473743,16825,109431,3.752241477632746,0.18764725450723113
3350,0.3354,15,104,15,202805,473639,16840,109416,3.751417754403751,0.18765982625995833
3351,0.3355,6,68,6,202873,473571,16846,109410,3.750879166138639,0.18767335470624258
3352,0.3356,13,139,13,203012,473432,16859,109397,3.7497782283614245,0.18769999433796192
3353,0.3357,18,214,18,203226,473218,16877,109379,3.7480832594094537,0.18774384351447054
3354,0.3358,16,157,16,203383,473061,16893,109363,3.746839754150298,0.18777213851077565
3355,0.3359,8,98,8,203481,472963,16901,109355,3.7460635534152833,0.1877925806861543
3356,0.336,6,43,6,203524,472920,16907,109349,3.7457229755417565,0.18779807958177405
3357,0.3361,16,138,16,203662,472782,16923,109333,3.744629958180205,0.1878202760622901
3358,0.3362,20,127,20,203789,472655,16943,109313,3.743624065390952,0.18783335166194706
3359,0.3363,9,93,9,203882,472562,16952,109304,3.7428874667342544,0.18785081101147
3360,0.3364,7,42,7,203924,472520,16959,109297,3.742554809276391,0.18785460032965692
3361,0.3365,11,69,11,203993,472451,16970,109286,3.7420083005956153,0.1878615250534176
3362,0.3366,7,80,7,204073,472371,16977,109279,3.741374667342542,0.1878775896157483
3363,0.3367,6,97,6,204170,472274,16983,109273,3.740606387023191,0.1879005480210542
3364,0.3368,7,93,7,204263,472181,16990,109266,3.7398697883664935,0.18792082511389688
3365,0.3369,9,203,9,204466,471978,16999,109257,3.7382619439868203,0.18797388319698574
3366,0.337,12,130,12,204596,471848,17011,109245,3.7372322899505765,0.18799916708685185
3367,0.3371,13,71,13,204667,471777,17024,109232,3.7366699404384742,0.18800397239973907
3368,0.3372,11,81,11,204748,471696,17035,109221,3.7360283867697377,0.18801481106595264
3369,0.3373,5,58,5,204806,471638,17040,109216,3.7355690026612596,0.18802659532343755
3370,0.3374,24,173,24,204979,471465,17064,109192,3.734198770751489,0.18804905477760536
3371,0.3375,11,108,11,205087,471357,17075,109181,3.7333433658598403,0.18806865355928468
3372,0.3376,16,54,16,205141,471303,17091,109165,3.732915663414016,0.18806376923447976
3373,0.3377,4,52,4,205193,471251,17095,109161,3.7325038017995182,0.18807502257017428
3374,0.3378,13,90,13,205283,471161,17108,109148,3.7317909643898113,0.18808600245731152
3375,0.3379,12,185,12,205468,470976,17120,109136,3.7303256874920794,0.18812918884629176
3376,0.338,9,60,9,205528,470916,17129,109127,3.7298504625522746,0.18813605198235303
3377,0.3381,3,28,3,205556,470888,17132,109124,3.729628690913699,0.18814093501513762
3378,0.3382,17,108,17,205664,470780,17149,109107,3.7287732860220504,0.1881521744753719
3379,0.3383,6,43,6,205707,470737,17155,109101,3.7284327081485236,0.18815772681335133
3380,0.3384,8,54,8,205761,470683,17163,109093,3.728005005702699,0.18816404956396954
3381,0.3385,14,79,14,205840,470604,17177,109079,3.7273792928652894,0.18817008606427996
3382,0.3386,8,63,8,205903,470541,17185,109071,3.7268803066784946,0.18817933376120577
3383,0.3387,10,106,10,206009,470435,17195,109061,3.7260407426181725,0.1881997459861673
3384,0.3388,7,84,7,206093,470351,17202,109054,3.725375427702446,0.18821722284067277
3385,0.3389,12,190,12,206283,470161,17214,109042,3.723870548726397,0.1882621464322526
3386,0.339,9,83,9,206366,470078,17223,109033,3.723213154226334,0.18827651348359814
3387,0.3391,7,46,7,206412,470032,17230,109026,3.7228488151058166,0.188281657450549
3388,0.3392,16,129,16,206541,469903,17246,109010,3.7218270814852366,0.18830117824267203
3389,0.3393,7,109,7,206650,469794,17253,109003,3.720963756177924,0.18832682270295112
3390,0.3394,14,126,14,206776,469668,17267,108989,3.719965783804334,0.18834819245252368
3391,0.3395,7,123,7,206899,469545,17274,108982,3.718991572677734,0.18837841621912202
3392,0.3396,7,55,7,206954,469490,17281,108975,3.7185559498162464,0.18838650566585705
3393,0.3397,8,107,8,207061,469383,17289,108967,3.717708465340261,0.18841013227284517
3394,0.3398,8,87,8,207148,469296,17297,108959,3.717019389177544,0.18842725095329915
3395,0.3399,15,151,15,207299,469145,17312,108944,3.7158234064123685,0.1884554108450429
3396,0.34,34,219,34,207518,468926,17346,108910,3.7140888353820807,0.18847908403076305
3397,0.3401,10,66,10,207584,468860,17356,108900,3.7135660879482955,0.1884865688175021
3398,0.3402,10,86,10,207670,468774,17366,108890,3.712884932201242,0.18850058165300243
3399,0.3403,20,146,20,207816,468628,17386,108870,3.7117285515143834,0.1885201334030594
3400,0.3404,8,103,8,207919,468525,17394,108862,3.710912748701052,0.18854252000824404
3401,0.3405,23,189,23,208108,468336,17417,108839,3.7094157901406666,0.18857192359336422
3402,0.3406,15,180,15,208288,468156,17432,108824,3.7079901153212522,0.18860965718049152
3403,0.3407,2,102,2,208390,468054,17434,108822,3.707182232923584,0.18864019303975205
3404,0.3408,8,50,8,208440,468004,17442,108814,3.706786212140413,0.18864529192917004
3405,0.3409,13,127,13,208567,467877,17455,108801,3.7057803193511596,0.18866854639851008
3406,0.341,14,135,14,208702,467742,17469,108787,3.7047110632365987,0.18869302324774642
3407,0.3411,19,191,19,208893,467551,17488,108768,3.7031982638448864,0.18872881164771593
3408,0.3412,15,98,15,208991,467453,17503,108753,3.702422063109872,0.18873979097753235
3409,0.3413,3,36,3,209027,467417,17506,108750,3.7021369281459893,0.188747359706474
3410,0.3414,44,334,44,209361,467083,17550,108706,3.699491509314409,0.18879485367035495
3411,0.3415,6,71,6,209432,467012,17556,108700,3.6989291598023066,0.18880968261908732
3412,0.3416,13,110,13,209542,466902,17569,108687,3.698057914079331,0.1888274445828534
3413,0.3417,10,78,10,209620,466824,17579,108677,3.6974401216575847,0.18883894206960544
3414,0.3418,8,60,8,209680,466764,17587,108669,3.69696489671778,0.18884735494836064
3415,0.3419,3,96,3,209776,466668,17590,108666,3.696204536814092,0.18887463629821982
3416,0.342,20,88,20,209864,466580,17610,108646,3.6955075402357114,0.18887532900112303
3417,0.3421,22,151,22,210015,466429,17632,108624,3.694311557470536,0.18889389325853442
3418,0.3422,6,44,6,210059,466385,17638,108618,3.6939630591813457,0.1888998840006052
3419,0.3423,14,71,14,210130,466314,17652,108604,3.6934007096692434,0.18890346101531
3420,0.3424,4,75,4,210205,466239,17656,108600,3.6928066784944873,0.18892246350717332
3421,0.3425,12,84,12,210289,466155,17668,108588,3.6921413635787608,0.18893314055151608
3422,0.3426,25,142,25,210431,466013,17693,108563,3.6910166645545557,0.18894454345465178
3423,0.3427,11,104,11,210535,465909,17704,108552,3.6901929413255607,0.18896321943526193
3424,0.3428,15,86,15,210621,465823,17719,108537,3.689511785578507,0.18897033219583537
3425,0.3429,8,58,8,210679,465765,17727,108529,3.689052401470029,0.18897811922116547
3426,0.343,7,86,7,210765,465679,17734,108522,3.6883712457229754,0.18899653605618938
3427,0.3431,10,89,10,210854,465590,17744,108512,3.6876663287289317,0.18901170872074996
3428,0.3432,11,96,11,210950,465494,17755,108501,3.686905968825244,0.18902777898762185
3429,0.3433,23,225,23,211175,465269,17778,108478,3.6851238753009756,0.18906939818421709
3430,0.3434,13,128,13,211303,465141,17791,108465,3.684110062096059,0.18909321032206777
3431,0.3435,8,46,8,211349,465095,17799,108457,3.6837457229755417,0.1890970653053254
3432,0.3436,14,182,14,211531,464913,17813,108443,3.6823042073248002,0.18913728992109613
3433,0.3437,24,141,24,211672,464772,17837,108419,3.681187428716259,0.18914986453032234
3434,0.3438,5,63,5,211735,464709,17842,108414,3.680688442529464,0.18916358268643904
3435,0.3439,6,30,6,211765,464679,17848,108408,3.6804508300595615,0.18916499589067629
3436,0.344,22,107,22,211872,464572,17870,108386,3.679603345583576,0.189169188666534
3437,0.3441,9,140,9,212012,464432,17879,108377,3.678494487390698,0.18920268361705211
3438,0.3442,12,93,12,212105,464339,17891,108365,3.677757888734001,0.18921641895289715
3439,0.3443,10,132,10,212237,464207,17901,108355,3.67671239386643,0.18924588079544225
3440,0.3444,18,95,18,212332,464112,17919,108337,3.675959954378406,0.18925179360956174
3441,0.3445,7,67,7,212399,464045,17926,108330,3.675429286528957,0.1892640314479144
3442,0.3446,24,113,24,212512,463932,17950,108306,3.674534279558991,0.18926740272404138
3443,0.3447,7,59,7,212571,463873,17957,108299,3.67406697503485,0.18927700062219052
3444,0.3448,11,77,11,212648,463796,17968,108288,3.673457103028767,0.18928688793953335
3445,0.3449,6,74,6,212722,463722,17974,108282,3.6728709922696745,0.18930287200788806
3446,0.345,11,100,11,212822,463622,17985,108271,3.672078950703333,0.18932037986126776
3447,0.3451,9,79,9,212901,463543,17994,108262,3.671453237865923,0.18933377637481308
3448,0.3452,6,67,6,212968,463476,18000,108256,3.6709225700164745,0.18934745650059817
3449,0.3453,3,51,3,213019,463425,18003,108253,3.6705186288176406,0.18936009431882983
3450,0.3454,7,72,7,213091,463353,18010,108246,3.6699483588898745,0.18937401919877397
3451,0.3455,16,125,16,213216,463228,18026,108230,3.668958306931948,0.18939274627356692
3452,0.3456,14,91,14,213307,463137,18040,108216,3.668237549106577,0.18940304855317117
3453,0.3457,13,65,13,213372,463072,18053,108203,3.667722722088455,0.18940615290359283
3454,0.3458,12,74,12,213446,462998,18065,108191,3.6671366113293624,0.18941366167765836
3455,0.3459,2,36,2,213482,462962,18067,108189,3.66685147636548,0.18942276210669332
3456,0.346,16,122,16,213604,462840,18083,108173,3.665885185654543,0.18944052061861988
3457,0.3461,10,104,10,213708,462736,18093,108163,3.665061462425548,0.18946083282682225
3458,0.3462,18,122,18,213830,462614,18111,108145,3.6640951717146115,0.18947576823142517
3459,0.3463,7,48,7,213878,462566,18118,108138,3.6637149917627676,0.18948176287532592
3460,0.3464,15,159,15,214037,462407,18133,108123,3.662455645672285,0.18951325960072213
3461,0.3465,8,78,8,214115,462329,18141,108115,3.6618378532505385,0.1895278064104452
3462,0.3466,11,55,11,214170,462274,18152,108104,3.6614022303890508,0.18953045173551575
3463,0.3467,11,106,11,214276,462168,18163,108093,3.6605626663287287,0.18955004813585358
3464,0.3468,17,131,17,214407,462037,18180,108076,3.6595250918768216,0.18956943623457104
3465,0.3469,10,131,10,214538,461906,18190,108066,3.6584875174249145,0.18959878730885027
3466,0.347,12,67,12,214605,461839,18202,108054,3.6579568495754655,0.18960401338496877
3467,0.3471,26,127,26,214732,461712,18228,108028,3.656950956786212,0.18960929546810826
3468,0.3472,12,48,12,214780,461664,18240,108016,3.6565707768343683,0.18960820109535179
3469,0.3473,4,33,4,214813,461631,18244,108012,3.6563094031174757,0.18961349476777561
3470,0.3474,14,85,14,214898,461546,18258,107998,3.6556361677860854,0.18962187293694605
3471,0.3475,2,38,2,214936,461508,18260,107996,3.6553351919908756,0.18963167949654436
3472,0.3476,16,166,16,215102,461342,18276,107980,3.654020402990749,0.18966419706247079
3473,0.3477,9,78,9,215180,461264,18285,107971,3.6534026105690027,0.18967737401951743
3474,0.3478,18,142,18,215322,461122,18303,107953,3.652277911544798,0.18969907305715417
3475,0.3479,17,74,17,215396,461048,18320,107936,3.6516918007857053,0.18969953460905756
3476,0.348,11,147,11,215543,460901,18331,107925,3.6505274996831836,0.18973288844040181
3477,0.3481,11,109,11,215652,460792,18342,107914,3.649664174375871,0.18975358093637135
3478,0.3482,28,162,28,215814,460630,18370,107886,3.648381067038398,0.1897677462023936
3479,0.3483,13,68,13,215882,460562,18383,107873,3.647842478773286,0.1897719176335025
3480,0.3484,19,152,19,216034,460410,18402,107854,3.6466385755924473,0.1897955879661566
3481,0.3485,9,100,9,216134,460310,18411,107845,3.6458465340261057,0.18981615932272003
3482,0.3486,19,92,19,216226,460218,18430,107826,3.6451178557850716,0.1898198026913408
3483,0.3487,11,62,11,216288,460156,18441,107815,3.6446267900139397,0.1898248326058901
3484,0.3488,23,253,23,216541,459903,18464,107792,3.6426229248510964,0.1898766062762575
3485,0.3489,8,76,8,216617,459827,18472,107784,3.6420209732606765,0.18989061170414245
3486,0.349,21,161,21,216778,459666,18493,107763,3.6407457863388673,0.18991450912801425
3487,0.3491,13,59,13,216837,459607,18506,107750,3.640278481814726,0.18991569681875786
3488,0.3492,9,63,9,216900,459544,18515,107741,3.6397794956279306,0.18992393594048848
3489,0.3493,30,233,30,217133,459311,18545,107711,3.637934038778355,0.1899591197519673
3490,0.3494,9,107,9,217240,459204,18554,107702,3.63708655430237,0.18998211343679552
3491,0.3495,23,266,23,217506,458938,18577,107679,3.634979723735902,0.19003842101454774
3492,0.3496,12,112,12,217618,458826,18589,107667,3.6340926371815994,0.19005883567846382
3493,0.3497,10,61,10,217679,458765,18599,107657,3.6336094918261312,0.19006500453725314
3494,0.3498,16,173,16,217852,458592,18615,107641,3.63223925991636,0.1901001884383284
3495,0.3499,21,162,21,218014,458430,18636,107620,3.630956152578887,0.19012454730147513
3496,0.35,14,126,14,218140,458304,18650,107606,3.629958180205297,0.19014684313760138
3497,0.3501,21,146,21,218286,458158,18671,107585,3.6288017995184387,0.19016585269283048
3498,0.3502,16,103,16,218389,458055,18687,107569,3.627985996705107,0.1901775737946056
3499,0.3503,14,149,14,218538,457906,18701,107555,3.6268058547712583,0.19020763589354528
3500,0.3504,9,141,9,218679,457765,18710,107546,3.625689076162717,0.1902421852750079
3501,0.3505,7,50,7,218729,457715,18717,107539,3.6252930553795464,0.19024898541186794
3502,0.3506,12,77,12,218806,457638,18729,107527,3.6246831833734636,0.19025771234949085
3503,0.3507,7,80,7,218886,457558,18736,107520,3.6240495501203904,0.19027461695553535
3504,0.3508,9,58,9,218944,457500,18745,107511,3.6235901660119123,0.1902812511614818
3505,0.3509,17,52,17,218996,457448,18762,107494,3.6231783043974146,0.1902743998498961
3506,0.351,9,106,9,219102,457342,18771,107485,3.622338740337093,0.19029720604716135
3507,0.3511,18,146,18,219248,457196,18789,107467,3.6211823596502346,0.19032059830376702
3508,0.3512,14,100,14,219348,457096,18803,107453,3.620390318083893,0.19033423139532618
3509,0.3513,6,64,6,219412,457032,18809,107447,3.6198834114814344,0.19034720512189116
3510,0.3514,0,30,0,219442,457002,18809,107447,3.6196457990115323,0.19035732191925223
3511,0.3515,11,123,11,219565,456879,18820,107436,3.6186715878849323,0.1903830307541001
3512,0.3516,7,65,7,219630,456814,18827,107429,3.6181567608668104,0.1903949185014258
3513,0.3517,13,85,13,219715,456729,18840,107416,3.61748352553542,0.19040494908223948
3514,0.3518,9,85,9,219800,456644,18849,107407,3.6168102902040298,0.19042072436712282
3515,0.3519,17,127,17,219927,456517,18866,107390,3.6158043974147764,0.19043920362754851
3516,0.352,14,147,14,220074,456370,18880,107376,3.6146400963122542,0.19046875720625955
3517,0.3521,19,144,19,220218,456226,18899,107357,3.613499556456723,0.1904901318882933
3518,0.3522,7,69,7,220287,456157,18906,107350,3.6129530477759473,0.190503401022525
3519,0.3523,20,168,20,220455,455989,18926,107330,3.611622417944494,0.19053147506119977
3520,0.3524,14,140,14,220595,455849,18940,107316,3.610513559751616,0.1905587172498291
3521,0.3525,12,123,12,220718,455726,18952,107304,3.609539348625016,0.1905830950393407
3522,0.3526,16,111,16,220829,455615,18968,107288,3.608660182486377,0.19059766958072705
3523,0.3527,13,106,13,220935,455509,18981,107275,3.607820618426055,0.19061487178029227
3524,0.3528,7,76,7,221011,455433,18988,107268,3.6072186668356356,0.19063054801750842
3525,0.3529,12,55,12,221066,455378,19000,107256,3.606783043974148,0.1906319205735878
3526,0.353,3,101,3,221167,455277,19003,107253,3.605983081992143,0.19066183136899365
3527,0.3531,17,113,17,221280,455164,19020,107236,3.605088075022177,0.19067567567567567
3528,0.3532,12,94,12,221374,455070,19032,107224,3.604343555949816,0.19069027946234532
3529,0.3533,26,124,26,221498,454946,19058,107198,3.6033614244075527,0.1906949109125064
3530,0.3534,4,39,4,221537,454907,19062,107194,3.6030525281966796,0.19070238266788353
3531,0.3535,11,72,11,221609,454835,19073,107183,3.602482258268914,0.19071097366988246
3532,0.3536,12,78,12,221687,454757,19085,107171,3.6018644658471675,0.1907201634373087
3533,0.3537,7,55,7,221742,454702,19092,107164,3.60142884298568,0.19072875027141703
3534,0.3538,1,29,1,221771,454673,19093,107163,3.601199150931441,0.19073715461451385
3535,0.3539,8,43,8,221814,454630,19101,107155,3.600858573057914,0.19074022980321653
3536,0.354,6,51,6,221865,454579,19107,107149,3.6004546318590798,0.19074890338384415
3537,0.3541,16,90,16,221955,454489,19123,107133,3.599741794449373,0.19075641623725567
3538,0.3542,12,105,12,222060,454384,19135,107121,3.598910150804714,0.19077479274449916
3539,0.3543,8,110,8,222170,454274,19143,107113,3.5980389050817387,0.19080064198137828
3540,0.3544,10,50,10,222220,454224,19153,107103,3.597642884298568,0.1908032216515507
3541,0.3545,3,47,3,222267,454177,19156,107100,3.5972706247623876,0.19081487393924926
3542,0.3546,7,87,7,222354,454090,19163,107093,3.5965815485996706,0.19083436240941012
3543,0.3547,12,51,12,222405,454039,19175,107081,3.5961776074008363,0.19083440262332477
3544,0.3548,18,100,18,222505,453939,19193,107063,3.595385565834495,0.19084245688963675
3545,0.3549,13,58,13,222563,453881,19206,107050,3.594926181726017,0.19084343707158277
3546,0.355,17,130,17,222693,453751,19223,107033,3.593896527689773,0.19086314873462867
3547,0.3551,17,135,17,222828,453616,19240,107016,3.5928272715752123,0.1908845731246165
3548,0.3552,20,146,20,222974,453470,19260,106996,3.591670890888354,0.19090542512837533
3549,0.3553,7,69,7,223043,453401,19267,106989,3.5911243822075782,0.19091882439015687
3550,0.3554,21,143,21,223186,453258,19288,106968,3.5899917627677103,0.19093722890404943
3551,0.3555,14,65,14,223251,453193,19302,106954,3.589476935749588,0.1909391641836875
3552,0.3556,14,108,14,223359,453085,19316,106940,3.5886215308579392,0.19095576090353109
3553,0.3557,8,63,8,223422,453022,19324,106932,3.5881225446711444,0.19096568646710266
3554,0.3558,21,225,21,223647,452797,19345,106911,3.586340451146876,0.1910120991659937
3555,0.3559,12,99,12,223746,452698,19357,106899,3.5855563299961983,0.19102854375559555
3556,0.356,20,157,20,223903,452541,19377,106879,3.5843128247370424,0.1910532337063387
3557,0.3561,18,210,18,224113,452331,19395,106861,3.5826495374477254,0.1910989427602684
3558,0.3562,24,157,24,224270,452174,19419,106837,3.5814060321885695,0.19111788497900756
3559,0.3563,6,68,6,224338,452106,19425,106831,3.580867443923457,0.19113245321029024
3560,0.3564,13,128,13,224466,451978,19438,106818,3.57985363071854,0.1911574170180173
3561,0.3565,16,109,16,224575,451869,19454,106802,3.578990305411228,0.19117154819204862
3562,0.3566,7,65,7,224640,451804,19461,106795,3.578475478393106,0.19118365768646203
3563,0.3567,10,84,10,224724,451720,19471,106785,3.577810163477379,0.19119793018862857
3564,0.3568,14,151,14,224875,451569,19485,106771,3.5766141807122036,0.19122935845542144
3565,0.3569,12,79,12,224954,451490,19497,106759,3.575988467874794,0.19123903491094477
3566,0.357,7,51,7,225005,451439,19504,106752,3.57558452667596,0.191246365491382
3567,0.3571,24,161,24,225166,451278,19528,106728,3.57430933975415,0.19126676057246697
3568,0.3572,16,174,16,225340,451104,19544,106712,3.572931187428716,0.1913032254363446
3569,0.3573,21,107,21,225447,450997,19565,106691,3.572083702952731,0.19130947770079326
3570,0.3574,10,65,10,225512,450932,19575,106681,3.571568875934609,0.19131727560153727
3571,0.3575,9,81,9,225593,450851,19584,106672,3.5709273222658724,0.19133201679571965
3572,0.3576,9,60,9,225653,450791,19593,106663,3.5704520973260676,0.19133955447444992
3573,0.3577,15,100,15,225753,450691,19608,106648,3.5696600557597264,0.1913521214198181
3574,0.3578,12,109,12,225862,450582,19620,106636,3.568796730452414,0.1913721380142063
3575,0.3579,6,41,6,225903,450541,19626,106630,3.5684719934102143,0.19137751246924195
3576,0.358,6,43,6,225946,450498,19632,106624,3.5681314155366874,0.1913835748722901
3577,0.3581,20,159,20,226105,450339,19652,106604,3.5668720694462044,0.1914091747270367
3578,0.3582,7,122,7,226227,450217,19659,106597,3.565905778735268,0.19144094796467043
3579,0.3583,14,116,14,226343,450101,19673,106583,3.564987010518312,0.19146050542138807
3580,0.3584,17,140,17,226483,449961,19690,106566,3.563878152325434,0.19148397112808543
3581,0.3585,6,65,6,226548,449896,19696,106560,3.563363325307312,0.19149762065644005
3582,0.3586,18,155,18,226703,449741,19714,106542,3.5621356608794827,0.19152481740409108
3583,0.3587,22,181,22,226884,449560,19736,106520,3.560702065644405,0.19155517191770968
3584,0.3588,26,208,26,227092,449352,19762,106494,3.5590546191864147,0.191589037251325
3585,0.3589,8,68,8,227160,449284,19770,106486,3.558516030921303,0.19160084207495906
3586,0.359,11,74,11,227234,449210,19781,106475,3.55792992016221,0.19161035478733454
3587,0.3591,15,63,15,227297,449147,19796,106460,3.557430933975415,0.19161025689021197
3588,0.3592,7,38,7,227335,449109,19803,106453,3.557129958180205,0.19161317728714347
3589,0.3593,12,112,12,227447,448997,19815,106441,3.556242871625903,0.1916343498284237
3590,0.3594,5,25,5,227472,448972,19820,106436,3.5560448612343176,0.19163569844150607
3591,0.3595,29,161,29,227633,448811,19849,106407,3.554769674312508,0.1916490459603255
3592,0.3596,14,146,14,227779,448665,19863,106393,3.5536132936256495,0.1916790677730976
3593,0.3597,4,81,4,227860,448584,19867,106389,3.552971739956913,0.19170121789708688
3594,0.3598,19,108,19,227968,448476,19886,106370,3.5521163350652643,0.19171085310158134
3595,0.3599,15,74,15,228042,448402,19901,106355,3.5515302243061715,0.19171457052367072
3596,0.36,13,89,13,228131,448313,19914,106342,3.550825307312128,0.19172638847571913
3597,0.3601,10,102,10,228233,448211,19924,106332,3.5500174249144596,0.19174707822477247
3598,0.3602,20,169,20,228402,448042,19944,106312,3.5486788746673423,0.1917763739415608
3599,0.3603,14,179,14,228581,447863,19958,106298,3.5472611202635913,0.1918179012958328
3600,0.3604,9,60,9,228641,447803,19967,106289,3.5467858953237865,0.19182554521631787
3601,0.3605,29,308,29,228949,447495,19996,106260,3.544346407299455,0.1918899152152125
3602,0.3606,12,115,12,229064,447380,20008,106248,3.5434355594981626,0.19191225877303894
3603,0.3607,5,62,5,229126,447318,20013,106243,3.5429444937270307,0.19192645435643046
3604,0.3608,17,134,17,229260,447184,20030,106226,3.541883158028133,0.19194810357601055
3605,0.3609,12,78,12,229338,447106,20042,106214,3.541265365606387,0.19195763753343453
3606,0.361,17,118,17,229456,446988,20059,106197,3.540330756558104,0.1919737519997831
3607,0.3611,15,89,15,229545,446899,20074,106182,3.5396258395640605,0.1919827294736214
3608,0.3612,13,114,13,229659,446785,20087,106169,3.538722912178431,0.1920033131146533
3609,0.3613,26,125,26,229784,446660,20113,106143,3.5377328602205043,0.1920087264359998
3610,0.3614,8,68,8,229852,446592,20121,106135,3.5371942719553924,0.19202065395755952
3611,0.3615,9,93,9,229945,446499,20130,106126,3.5364576732986945,0.19203980999773806
3612,0.3616,9,89,9,230034,446410,20139,106117,3.535752756304651,0.19205758270636547
3613,0.3617,11,65,11,230099,446345,20150,106106,3.535237929286529,0.19206409256205528
3614,0.3618,13,87,13,230186,446258,20163,106093,3.534548853123812,0.19207532891223153
3615,0.3619,4,39,4,230225,446219,20167,106089,3.5342399569129386,0.1920830406222615
3616,0.362,16,101,16,230326,446118,20183,106073,3.533439994930934,0.19209476431162406
3617,0.3621,10,121,10,230447,445997,20193,106063,3.5324816246356607,0.19212223309060608
3618,0.3622,9,132,9,230579,445865,20202,106054,3.5314361297680903,0.19215500825302265
3619,0.3623,17,140,17,230719,445725,20219,106037,3.5303272715752123,0.19217887422475632
3620,0.3624,8,50,8,230769,445675,20227,106029,3.5299312507920417,0.19218457723706917
3621,0.3625,9,64,9,230833,445611,20236,106020,3.529424344189583,0.19219369469808623
3622,0.3626,17,169,17,231002,445442,20253,106003,3.528085793942466,0.19222769269827453
3623,0.3627,12,92,12,231094,445350,20265,105991,3.527357115701432,0.19224218768420995
3624,0.3628,27,216,27,231310,445134,20292,105964,3.5256463059181344,0.19227796145150228
3625,0.3629,22,147,22,231457,444987,20314,105942,3.5244820048156127,0.19229701104861063
3626,0.363,37,249,37,231706,444738,20351,105905,3.5225098213154227,0.19232969455709054
3627,0.3631,15,159,15,231865,444579,20366,105890,3.5212504752249396,0.19236323934681154
3628,0.3632,9,73,9,231938,444506,20375,105881,3.5206722848815106,0.19237554666080411
3629,0.3633,11,85,11,232023,444421,20386,105870,3.5199990495501203,0.19238911775769546
3630,0.3634,7,133,7,232156,444288,20393,105863,3.518945634266886,0.19242535231236516
3631,0.3635,25,153,25,232309,444135,20418,105838,3.517733810670384,0.19244217443401768
3632,0.3636,3,49,3,232358,444086,20421,105835,3.5173457103028767,0.19245491625160704
3633,0.3637,14,111,14,232469,443975,20435,105821,3.5164665441642375,0.1924732082445125
3634,0.3638,17,95,17,232564,443880,20452,105804,3.5157141046762135,0.19248149846093393
3635,0.3639,10,88,10,232652,443792,20462,105794,3.515017108097833,0.19249762548536534
3636,0.364,26,204,26,232856,443588,20488,105768,3.5134013433024966,0.19253089071567436
3637,0.3641,25,169,25,233025,443419,20513,105743,3.5120627930553794,0.19255338133374122
3638,0.3642,13,132,13,233157,443287,20526,105730,3.511017298187809,0.19258055761479154
3639,0.3643,20,184,20,233341,443103,20546,105710,3.509559941705741,0.19261569970099104
3640,0.3644,13,146,13,233487,442957,20559,105697,3.5084035610188824,0.19264782540544678
3641,0.3645,18,137,18,233624,442820,20577,105679,3.5073184640729944,0.19266944880482917
3642,0.3646,14,39,14,233663,442781,20591,105665,3.5070095678621214,0.19266254107058853
3643,0.3647,6,91,6,233754,442690,20597,105659,3.5062888100367506,0.1926856801051885
3644,0.3648,6,43,6,233797,442647,20603,105653,3.505948232163224,0.19269195695786978
3645,0.3649,18,200,18,233997,442447,20621,105635,3.504364149030541,0.19273575851788602
3646,0.365,14,102,14,234099,442345,20635,105621,3.503556266632873,0.19275101009916673
3647,0.3651,11,174,11,234273,442171,20646,105610,3.502178114307439,0.19279602614913624
3648,0.3652,24,224,24,234497,441947,20670,105586,3.500403941198834,0.19283951834866575
3649,0.3653,5,37,5,234534,441910,20675,105581,3.500110885819288,0.1928451791901602
3650,0.3654,18,109,18,234643,441801,20693,105563,3.4992475605119755,0.19285703846069527
3651,0.3655,27,205,27,234848,441596,20720,105536,3.4976238753009756,0.19288946725835812
3652,0.3656,12,131,12,234979,441465,20732,105524,3.4965863008490685,0.19291795630259476
3653,0.3657,17,186,17,235165,441279,20749,105507,3.4951131035356737,0.1929584883299865
3654,0.3658,4,35,4,235200,441244,20753,105503,3.494835888987454,0.19296493625022176
3655,0.3659,23,164,23,235364,441080,20776,105480,3.4935369408186543,0.19298887587822014
3656,0.366,25,133,25,235497,440947,20801,105455,3.49248352553542,0.19299892752954784
3657,0.3661,18,76,18,235573,440871,20819,105437,3.4918815739450006,0.19299918727164897
3658,0.3662,16,116,16,235689,440755,20835,105421,3.4909628057280444,0.19301653679400047
3659,0.3663,8,58,8,235747,440697,20843,105413,3.4905034216195667,0.1930252147003351
3660,0.3664,18,88,18,235835,440609,20861,105395,3.489806425041186,0.19302972139398247
3661,0.3665,20,137,20,235972,440472,20881,105375,3.4887213280952984,0.1930486015311983
3662,0.3666,20,135,20,236107,440337,20901,105355,3.4876520719807376,0.19306678492629542
3663,0.3667,17,90,17,236197,440247,20918,105338,3.48693923457103,0.1930734899236599
3664,0.3668,18,121,18,236318,440126,20936,105320,3.4859808642757573,0.1930896917385039
3665,0.3669,6,37,6,236355,440089,20942,105314,3.485687808896211,0.19309391404154358
3666,0.367,33,218,33,236573,439871,20975,105281,3.483961158281587,0.19312228516083588
3667,0.3671,24,223,24,236796,439648,20999,105257,3.482194905588645,0.19316578119121683
3668,0.3672,8,112,8,236908,439536,21007,105249,3.4813078190343427,0.19319364519948237
3669,0.3673,18,186,18,237094,439350,21025,105231,3.479834621720948,0.19323296258958722
3670,0.3674,25,127,25,237221,439223,21050,105206,3.478828728931694,0.19324099193834274
3671,0.3675,12,80,12,237301,439143,21062,105194,3.4781950956786214,0.19325160700081015
3672,0.3676,4,42,4,237343,439101,21066,105190,3.477862438220758,0.19326059038271806
3673,0.3677,15,72,15,237415,439029,21081,105175,3.477292168292992,0.19326392308766566
3674,0.3678,11,127,11,237542,438902,21092,105164,3.4762862755037385,0.19329272551491913
3675,0.3679,5,40,5,237582,438862,21097,105159,3.4759694588772017,0.19329952336398779
3676,0.368,17,73,17,237655,438789,21114,105142,3.4753912685337727,0.19330025315711
3677,0.3681,4,35,4,237690,438754,21118,105138,3.475114053985553,0.193306759430181
3678,0.3682,11,75,11,237765,438679,21129,105127,3.4745200228107973,0.1933171020547769
3679,0.3683,13,98,13,237863,438581,21142,105114,3.4737438220757824,0.19333265893561646
3680,0.3684,18,80,18,237943,438501,21160,105096,3.4731101888227096,0.19333440030022242
3681,0.3685,6,55,6,237998,438446,21166,105090,3.4726745659612215,0.1933450590209296
3682,0.3686,6,50,6,238048,438396,21172,105084,3.472278545178051,0.19335394126738795
3683,0.3687,12,167,12,238215,438229,21184,105072,3.4709558357622607,0.19339555789516308
3684,0.3688,25,154,25,238369,438075,21209,105047,3.4697360917500952,0.19341326626430158
3685,0.3689,22,219,22,238588,437856,21231,105025,3.4680015207198074,0.1934586032666459
3686,0.369,41,255,41,238843,437601,21272,104984,3.465981814725637,0.19348857782651566
3687,0.3691,9,57,9,238900,437544,21281,104975,3.465530351032822,0.19349552734558606
3688,0.3692,8,107,8,239007,437437,21289,104967,3.4646828665568368,0.19352180293655652
3689,0.3693,13,77,13,239084,437360,21302,104954,3.464072994550754,0.19352994759493578
3690,0.3694,6,95,6,239179,437265,21308,104948,3.4633205550627295,0.19355493136461133
3691,0.3695,26,210,26,239389,437055,21334,104922,3.4616572677734125,0.19359124095671956
3692,0.3696,8,91,8,239480,436964,21342,104914,3.4609365099480423,0.19361184620892527
3693,0.3697,9,101,9,239581,436863,21351,104905,3.4601365479660373,0.19363454467594984
3694,0.3698,6,52,6,239633,436811,21357,104899,3.4597246863515396,0.19364420077163058
3695,0.3699,12,120,12,239753,436691,21369,104887,3.45877423647193,0.19366924062646562
3696,0.37,18,138,18,239891,436553,21387,104869,3.4576812191103787,0.19369179678697948
3697,0.3701,29,200,29,240091,436353,21416,104840,3.456097135977696,0.19372017006871856
3698,0.3702,11,95,11,240186,436258,21427,104829,3.455344696489672,0.19373779078041053
3699,0.3703,14,216,14,240402,436042,21441,104815,3.4536338867063745,0.1937942931310864
3700,0.3704,4,65,4,240467,435977,21445,104811,3.4531190596882526,0.19381162303897276
3701,0.3705,9,79,9,240546,435898,21454,104802,3.4524933468508427,0.193826521176253
3702,0.3706,10,94,10,240640,435804,21464,104792,3.451748827778482,0.19384531147104306
3703,0.3707,25,219,25,240859,435585,21489,104767,3.450014256748194,0.19388657763828024
3704,0.3708,25,150,25,241009,435435,21514,104742,3.448826194398682,0.19390310953631865
3705,0.3709,5,72,5,241081,435363,21519,104737,3.4482559244709163,0.1939214960192557
3706,0.371,16,137,16,241218,435226,21535,104721,3.4471708275250283,0.19394681329834224
3707,0.3711,17,98,17,241316,435128,21552,104704,3.446394626790014,0.19395663836156435
3708,0.3712,16,167,16,241483,434961,21568,104688,3.4450719173742237,0.19399276196194193
3709,0.3713,15,99,15,241582,434862,21583,104673,3.444287796223546,0.19400594956768327
3710,0.3714,19,174,19,241756,434688,21602,104654,3.442909643898112,0.19404014521398297
3711,0.3715,5,53,5,241809,434635,21607,104649,3.442489861867951,0.19405174268103634
3712,0.3716,15,91,15,241900,434544,21622,104634,3.44176910404258,0.1940620722655598
3713,0.3717,14,76,14,241976,434468,21636,104620,3.4411671524521608,0.19406850087555277
3714,0.3718,22,180,22,242156,434288,21658,104598,3.439741477632746,0.19410042198164362
3715,0.3719,14,101,14,242257,434187,21672,104584,3.4389415156507415,0.1941158674093446
3716,0.372,12,137,12,242394,434050,21684,104572,3.4378564187048535,0.1941472869656271
3717,0.3721,15,102,15,242496,433948,21699,104557,3.437048536307185,0.19416161409829064
3718,0.3722,5,172,5,242668,433776,21704,104552,3.4356862248130784,0.19421616560907104
3719,0.3723,20,113,20,242781,433663,21724,104532,3.4347912178431126,0.1942269995076134
3720,0.3724,26,191,26,242972,433472,21750,104506,3.4332784184514002,0.1942570142273476
3721,0.3725,17,129,17,243101,433343,21767,104489,3.43225668483082,0.19427813889839207
3722,0.3726,15,109,15,243210,433234,21782,104474,3.4313933595235078,0.19429504489425486
3723,0.3727,8,101,8,243311,433133,21790,104466,3.430593397541503,0.19431955788608238
3724,0.3728,17,113,17,243424,433020,21807,104449,3.429698390571537,0.19433492908428207
3725,0.3729,9,33,9,243457,432987,21816,104440,3.4294370168546444,0.19433336992745062
3726,0.373,27,165,27,243622,432822,21843,104413,3.4281301482701814,0.19435256452018204
3727,0.3731,8,126,8,243748,432696,21851,104405,3.427132175896591,0.19438615828307898
3728,0.3732,6,105,6,243853,432591,21857,104399,3.4263005322519327,0.19441516601798917
3729,0.3733,10,69,10,243922,432522,21867,104389,3.425754023571157,0.19442514681204148
3730,0.3734,13,182,13,244104,432340,21880,104376,3.4243125079204155,0.19447156410466615
3731,0.3735,14,110,14,244214,432230,21894,104362,3.42344126219744,0.19449041357306854
3732,0.3736,4,64,4,244278,432166,21898,104358,3.4229343555949816,0.19450760823374164
3733,0.3737,17,162,17,244440,432004,21915,104341,3.4216512482575085,0.1945408272660321
3734,0.3738,14,82,14,244522,431922,21929,104327,3.4210017741731087,0.19454954694554208
3735,0.3739,7,52,7,244574,431870,21936,104320,3.420589912558611,0.19455789925213077
3736,0.374,17,163,17,244737,431707,21953,104303,3.4192988848054746,0.1945915188149475
3737,0.3741,10,162,10,244899,431545,21963,104293,3.4180157774680016,0.19463531888369245
3738,0.3742,18,123,18,245022,431422,21981,104275,3.4170415663414015,0.1946529474684383
3739,0.3743,26,209,26,245231,431213,22007,104249,3.415386199467748,0.19468981925888298
3740,0.3744,2,42,2,245273,431171,22009,104247,3.415053542009885,0.19470208323216626
3741,0.3745,15,114,15,245387,431057,22024,104232,3.4141506146242553,0.19472098249730518
3742,0.3746,7,58,7,245445,430999,22031,104225,3.4136912305157776,0.19473155164940287
3743,0.3747,19,121,19,245566,430878,22050,104206,3.4127328602205043,0.1947469929954923
3744,0.3748,9,123,9,245689,430755,22059,104197,3.4117586490939042,0.194778223092913
3745,0.3749,8,54,8,245743,430701,22067,104189,3.41133094664808,0.19478584381835518
3746,0.375,8,53,8,245796,430648,22075,104181,3.4109111646179193,0.19479310209431425
3747,0.3751,16,119,16,245915,430529,22091,104165,3.409968635153973,0.19481235996663512
3748,0.3752,16,121,16,246036,430408,22107,104149,3.4090102648586997,0.1948323565120277
3749,0.3753,14,130,14,246166,430278,22121,104135,3.407980610822456,0.19485865800420274
3750,0.3754,10,83,10,246249,430195,22131,104125,3.4073232163223928,0.19487385836203025
3751,0.3755,16,142,16,246391,430053,22147,104109,3.4061985172981877,0.19490154672178103
3752,0.3756,16,97,16,246488,429956,22163,104093,3.4054302369788365,0.19491282635114007
3753,0.3757,14,79,14,246567,429877,22177,104079,3.404804524141427,0.1949205552517436
3754,0.3758,8,58,8,246625,429819,22185,104071,3.404345140032949,0.19492966715990184
3755,0.3759,9,37,9,246662,429782,22194,104062,3.4040520846534026,0.19492960490330508
3756,0.376,18,80,18,246742,429702,22212,104044,3.4034184514003294,0.19493167161908473
3757,0.3761,23,94,23,246836,429608,22235,104021,3.4026739323279687,0.19493130995504368
3758,0.3762,13,96,13,246932,429512,22248,104008,3.401913572424281,0.19494676863097915
3759,0.3763,6,70,6,247002,429442,22254,104002,3.401359143327842,0.19496329511626337
3760,0.3764,22,159,22,247161,429283,22276,103980,3.4000997972373592,0.19498821407073058
3761,0.3765,14,95,14,247256,429188,22290,103966,3.3993473577493347,0.1950018193617604
3762,0.3766,10,66,10,247322,429122,22300,103956,3.3988246103155495,0.19501086144991914
3763,0.3767,21,133,21,247455,428989,22321,103935,3.3977711950323153,0.19502780884328721
3764,0.3768,15,76,15,247531,428913,22336,103920,3.397169243441896,0.1950329653005726
3765,0.3769,9,113,9,247644,428800,22345,103911,3.39627423647193,0.1950607364968998
3766,0.377,9,70,9,247714,428730,22354,103902,3.395719807375491,0.1950727706934619
3767,0.3771,16,120,16,247834,428610,22370,103886,3.3947693574958815,0.1950925452961149
3768,0.3772,15,66,15,247900,428544,22385,103871,3.3942466100620963,0.195094052571772
3769,0.3773,14,131,14,248031,428413,22399,103857,3.3932090356101887,0.1951208972889699
3770,0.3774,19,156,19,248187,428257,22418,103838,3.391973450766696,0.1951493624258826
3771,0.3775,13,123,13,248310,428134,22431,103825,3.3909992396400965,0.19517481610424864
3772,0.3776,11,170,11,248480,427964,22442,103814,3.389652768977316,0.195220561963827
3773,0.3777,19,116,19,248596,427848,22461,103795,3.3887340007603597,0.19523439601386644
3774,0.3778,7,44,7,248640,427804,22468,103788,3.3883855024711695,0.19523995846438622
3775,0.3779,9,95,9,248735,427709,22477,103779,3.3876330629831455,0.1952612288518273
3776,0.378,7,33,7,248768,427676,22484,103772,3.387371689266253,0.19526275383480604
3777,0.3781,2,80,2,248848,427596,22486,103770,3.3867380560131797,0.19528912275154978
3778,0.3782,17,132,17,248980,427464,22503,103753,3.385692561145609,0.19531189702136792
3779,0.3783,13,77,13,249057,427387,22516,103740,3.385082689139526,0.19532051656195223
3780,0.3784,32,169,32,249226,427218,22548,103708,3.383744138892409,0.19533418969875274
3781,0.3785,14,61,14,249287,427157,22562,103694,3.3832609935369407,0.19533541426878728
3782,0.3786,28,258,28,249545,426899,22590,103666,3.38121752629578,0.1953879355027188
3783,0.3787,23,164,23,249709,426735,22613,103643,3.37991857812698,0.19541345983430686
3784,0.3788,28,144,28,249853,426591,22641,103615,3.3787780382714483,0.19542404273056133
3785,0.3789,14,125,14,249978,426466,22655,103601,3.3777879863135216,0.19544887721740836
3786,0.379,11,75,11,250053,426391,22666,103590,3.3771939551387655,0.1954598372394482
3787,0.3791,20,90,20,250143,426301,22686,103570,3.3764811177290586,0.19546266921571476
3788,0.3792,17,101,17,250244,426200,22703,103553,3.3756811557470536,0.19547411718291355
3789,0.3793,9,76,9,250320,426124,22712,103544,3.375079204156634,0.19548849467968615
3790,0.3794,17,163,17,250483,425961,22729,103527,3.373788176403498,0.19552284471036172
3791,0.3795,19,86,19,250569,425875,22748,103508,3.373107020656444,0.19552573467602852
3792,0.3796,20,137,20,250706,425738,22768,103488,3.372021923710556,0.19554594823383584
3793,0.3797,14,107,14,250813,425631,22782,103474,3.371174439234571,0.19556420748244677
3794,0.3798,13,76,13,250889,425555,22795,103461,3.3705724876441514,0.1955725346681386
3795,0.3799,7,47,7,250936,425508,22802,103454,3.3702002281079713,0.19557926656357166
3796,0.38,15,60,15,250996,425448,22817,103439,3.3697250031681665,0.19557863967161226
3797,0.3801,4,67,4,251063,425381,22821,103435,3.3691943353187175,0.19559733442255908
3798,0.3802,6,84,6,251147,425297,22827,103429,3.368529020402991,0.19561928106429416
3799,0.3803,17,130,17,251277,425167,22844,103412,3.3674993663667467,0.19564152189171344
3800,0.3804,22,199,22,251476,424968,22866,103390,3.3659232036497277,0.1956817158063283
3801,0.3805,5,46,5,251522,424922,22871,103385,3.3655588645292105,0.1956911417035928
3802,0.3806,7,78,7,251600,424844,22878,103378,3.3649410721074644,0.19570937976835498
3803,0.3807,24,194,24,251794,424650,22902,103354,3.363404511468762,0.1957447292065969
3804,0.3808,2,33,2,251827,424617,22904,103352,3.363143137751869,0.19575391737014863
3805,0.3809,14,70,14,251897,424547,22918,103338,3.36258870865543,0.19575854589541283
3806,0.381,11,69,11,251966,424478,22929,103327,3.362042199974655,0.19576737620901657
3807,0.3811,16,131,16,252097,424347,22945,103311,3.3610046255227473,0.19579159228136406
3808,0.3812,16,68,16,252165,424279,22961,103295,3.3604660372576354,0.1957924385962917
3809,0.3813,10,61,10,252226,424218,22971,103285,3.359982891902167,0.1957998343137385
3810,0.3814,6,20,6,252246,424198,22977,103279,3.359824483588899,0.1957981106285203
3811,0.3815,11,83,11,252329,424115,22988,103268,3.359167089088835,0.1958121516999979
3812,0.3816,12,146,12,252475,423969,23000,103256,3.358010708401977,0.19584807245483427
3813,0.3817,13,110,13,252585,423859,23013,103243,3.3571394626790014,0.19586911072240287
3814,0.3818,3,23,3,252608,423836,23016,103240,3.356957293118743,0.19587308092191638
3815,0.3819,12,93,12,252701,423743,23028,103228,3.356220694462045,0.19588933736391567
3816,0.382,19,147,19,252848,423596,23047,103209,3.3550563933595234,0.19591499701027895
3817,0.3821,26,176,26,253024,423420,23073,103183,3.353662400202763,0.19594077511901756
3818,0.3822,11,50,11,253074,423370,23084,103172,3.353266379419592,0.19594258387744948
3819,0.3823,27,216,27,253290,423154,23111,103145,3.3515555696362944,0.195981751817883
3820,0.3824,24,177,24,253467,422977,23135,103121,3.35015365606387,0.19601100935567137
3821,0.3825,11,121,11,253588,422856,23146,103110,3.349195285768597,0.19603928771061246
3822,0.3826,7,32,7,253620,422824,23153,103103,3.348941832467368,0.19604051512852544
3823,0.3827,28,232,28,253852,422592,23181,103075,3.347104296033456,0.19608421300937665
3824,0.3828,5,33,5,253885,422559,23186,103070,3.346842922316563,0.19608887637478145
3825,0.3829,12,137,12,254022,422422,23198,103058,3.3457578253706752,0.19612164116617187
3826,0.383,4,28,4,254050,422394,23202,103054,3.3455360537320997,0.19612597250346372
3827,0.3831,20,125,20,254175,422269,23222,103034,3.344546001774173,0.19614203612010592
3828,0.3832,19,122,19,254297,422147,23241,103015,3.343579711063237,0.19615851870470447
3829,0.3833,16,140,16,254437,422007,23257,102999,3.342470852870359,0.19618632929909371
3830,0.3834,39,243,39,254680,421764,23296,102960,3.3405461918641493,0.19621744002561348
3831,0.3835,8,85,8,254765,421679,23304,102952,3.339872956532759,0.19623697417804134
3832,0.3836,17,121,17,254886,421558,23321,102935,3.3389145862374856,0.1962561940769467
3833,0.3837,15,71,15,254957,421487,23336,102920,3.3383522367253833,0.1962597753271791
3834,0.3838,12,108,12,255065,421379,23348,102908,3.3374968318337346,0.1962818074833059
3835,0.3839,10,111,10,255176,421268,23358,102898,3.336617665695096,0.1963080398194465
3836,0.384,14,110,14,255286,421158,23372,102884,3.33574641997212,0.19632777525465517
3837,0.3841,16,99,16,255385,421059,23388,102868,3.3349622988214422,0.1963403298551134
3838,0.3842,9,54,9,255439,421005,23397,102859,3.334534596375618,0.1963467617549593
3839,0.3843,12,98,12,255537,420907,23409,102847,3.3337583956406034,0.19636508742653994
3840,0.3844,12,119,12,255656,420788,23421,102835,3.332815866176657,0.19639129679177575
3841,0.3845,35,250,35,255906,420538,23456,102800,3.3308357622608034,0.1964313694018015
3842,0.3846,31,173,31,256079,420365,23487,102769,3.3294655303510328,0.19644871103770736
3843,0.3847,7,73,7,256152,420292,23494,102762,3.328887340007604,0.19646537451200066
3844,0.3848,10,135,10,256287,420157,23504,102752,3.327818083893043,0.19650072957244952
3845,0.3849,11,89,11,256376,420068,23515,102741,3.327113166898999,0.19651727495127283
3846,0.385,13,134,13,256510,419934,23528,102728,3.3260518312001013,0.19654767325728673
3847,0.3851,27,151,27,256661,419783,23555,102701,3.3248558484349258,0.19656295695179182
3848,0.3852,7,90,7,256751,419693,23562,102694,3.324143011025219,0.19658605593171347
3849,0.3853,13,138,13,256889,419555,23575,102681,3.3230499936636675,0.19661800412074235
3850,0.3854,36,251,36,257140,419304,23611,102645,3.3210619693321504,0.19665714466355907
3851,0.3855,13,73,13,257213,419231,23624,102632,3.3204837789887214,0.19666464186960947
3852,0.3856,17,110,17,257323,419121,23641,102615,3.3196125332657456,0.19667993007958048
3853,0.3857,14,88,14,257411,419033,23655,102601,3.3189155366873653,0.1966915500139945
3854,0.3858,23,245,23,257656,418788,23678,102578,3.316975034849829,0.19674854133180913
3855,0.3859,11,82,11,257738,418706,23689,102567,3.316325560765429,0.1967625409334456
3856,0.386,16,90,16,257828,418616,23705,102551,3.3156127233557218,0.1967718600755612
3857,0.3861,11,67,11,257895,418549,23716,102540,3.3150820555062728,0.19678020453319875
3858,0.3862,18,177,18,258072,418372,23734,102522,3.313680141933849,0.19681931448624865
3859,0.3863,10,50,10,258122,418322,23744,102512,3.313284121150678,0.19682278806683126
3860,0.3864,11,77,11,258199,418245,23755,102501,3.312674249144595,0.196834925280271
3861,0.3865,5,60,5,258259,418185,23760,102496,3.3121990242047903,0.19684989465718933
3862,0.3866,12,124,12,258383,418061,23772,102484,3.311216892662527,0.19687827181127474
3863,0.3867,7,71,7,258454,417990,23779,102477,3.3106545431504246,0.1968943275942567
3864,0.3868,23,150,23,258604,417840,23802,102454,3.3094664808009124,0.1969155900317897
3865,0.3869,17,130,17,258734,417710,23819,102437,3.3084368267646687,0.19693855775386573
3866,0.387,9,34,9,258768,417676,23828,102428,3.3081675326321127,0.1969375355698091
3867,0.3871,20,99,20,258867,417577,23848,102408,3.3073834114814344,0.19694414261949864
3868,0.3872,9,71,9,258938,417506,23857,102399,3.306821061969332,0.1969571363999192
3869,0.3873,17,113,17,259051,417393,23874,102382,3.3059260549993663,0.1969736905391756
3870,0.3874,15,134,15,259185,417259,23889,102367,3.3048647193004688,0.19700130478459507
3871,0.3875,16,131,16,259316,417128,23905,102351,3.3038271448485617,0.19702625130178505
3872,0.3876,23,129,23,259445,416999,23928,102328,3.302805411227981,0.19703963013669615
3873,0.3877,12,92,12,259537,416907,23940,102316,3.302076732986947,0.1970559855784509
3874,0.3878,24,211,24,259748,416696,23964,102292,3.300405525281967,0.19709896953301426
3875,0.3879,5,72,5,259820,416624,23969,102287,3.299835255354201,0.1971185810283459
3876,0.388,12,96,12,259916,416528,23981,102275,3.2990748954505134,0.19713648533258288
3877,0.3881,3,19,3,259935,416509,23984,102272,3.2989244075529083,0.19713906253313054
3878,0.3882,9,70,9,260005,416439,23993,102263,3.2983699784564693,0.19715173644983053
3879,0.3883,31,222,31,260227,416217,24024,102232,3.2966116461791914,0.19718815158289438
3880,0.3884,15,119,15,260346,416098,24039,102217,3.295669116715245,0.197210190714141
3881,0.3885,14,86,14,260432,416012,24053,102203,3.2949879609681916,0.19722123057032312
3882,0.3886,8,57,8,260489,415955,24061,102195,3.2945364972753772,0.19723053169931487
3883,0.3887,7,48,7,260537,415907,24068,102188,3.2941563173235333,0.19723795828950288
3884,0.3888,21,129,21,260666,415778,24089,102167,3.293134583702953,0.19725453474789795
3885,0.3889,26,182,26,260848,415596,24115,102141,3.2916930680522114,0.19728356289003876
3886,0.389,6,77,6,260925,415519,24121,102135,3.2910831960461286,0.19730360433803273
3887,0.3891,11,126,11,261051,415393,24132,102124,3.290085223672538,0.19733458031330373
3888,0.3892,20,141,20,261192,415252,24152,102104,3.288968445063997,0.19735733228183303
3889,0.3893,7,63,7,261255,415189,24159,102097,3.2884694588772017,0.19737050683761015
3890,0.3894,7,40,7,261295,415149,24166,102090,3.2881526422506653,0.19737490792457646
3891,0.3895,28,291,28,261586,414858,24194,102062,3.285847801292612,0.19744254430085895
3892,0.3896,22,193,22,261779,414665,24216,102040,3.284319161069573,0.19748212229415238
3893,0.3897,8,90,8,261869,414575,24224,102032,3.283606323659866,0.19750409886044903
3894,0.3898,10,42,10,261911,414533,24234,102022,3.2832736662020023,0.1975046219666831
3895,0.3899,10,86,10,261997,414447,24244,102012,3.2825925104549487,0.19752197173444552
3896,0.39,19,97,19,262094,414350,24263,101993,3.2818242301355975,0.1975295491562779
3897,0.3901,24,143,24,262237,414207,24287,101969,3.280691610695729,0.19754696072657388
3898,0.3902,31,331,31,262568,413876,24318,101938,3.2780699531111392,0.19762550066496837
3899,0.3903,21,152,21,262720,413724,24339,101917,3.2768660499303004,0.19765107894833808
3900,0.3904,19,173,19,262893,413551,24358,101898,3.27549581802053,0.19768784108612103
3901,0.3905,6,82,6,262975,413469,24364,101892,3.27484634393613,0.1977099547695693
3902,0.3906,9,84,9,263059,413385,24373,101883,3.274181029020403,0.19772817252381286
3903,0.3907,18,112,18,263171,413273,24391,101865,3.2732939424661005,0.19774312902562033
3904,0.3908,19,159,19,263330,413114,24410,101846,3.272034596375618,0.19777458443374243
3905,0.3909,7,35,7,263365,413079,24417,101839,3.271757381827398,0.19777712179414975
3906,0.391,8,33,8,263398,413046,24425,101831,3.2714960081105056,0.1977773332271591
3907,0.3911,30,159,30,263557,412887,24455,101801,3.270236662020023,0.19779167184779906
3908,0.3912,15,117,15,263674,412770,24470,101786,3.2693099733874034,0.1978132603642752
3909,0.3913,19,112,19,263786,412658,24489,101767,3.268422886833101,0.1978266997132721
3910,0.3914,8,79,8,263865,412579,24497,101759,3.2677971739956915,0.19784460802040682
3911,0.3915,4,88,4,263953,412491,24501,101755,3.2671001774173107,0.19787222457734235
3912,0.3916,10,114,10,264067,412377,24511,101745,3.2661972500316816,0.1979004983253002
3913,0.3917,18,156,18,264223,412221,24529,101727,3.264961665188189,0.1979324756590161
3914,0.3918,6,46,6,264269,412175,24535,101721,3.264597326067672,0.19794082849448139
3915,0.3919,15,126,15,264395,412049,24550,101706,3.2635993536940817,0.19796595653570281
3916,0.392,8,79,8,264474,411970,24558,101698,3.2629736408566723,0.19798391178738017
3917,0.3921,22,178,22,264652,411792,24580,101676,3.2615638068685846,0.19801818224309986
3918,0.3922,11,50,11,264702,411742,24591,101665,3.2611677860854136,0.19802028410208664
3919,0.3923,17,153,17,264855,411589,24608,101648,3.2599559624889114,0.19805275145790346
3920,0.3924,17,161,17,265016,411428,24625,101631,3.2586807755671017,0.19808832902258805
3921,0.3925,25,131,25,265147,411297,24650,101606,3.2576432011151946,0.19809983564143707
3922,0.3926,19,173,19,265320,411124,24669,101587,3.256272969205424,0.19813696214826676
3923,0.3927,10,54,10,265374,411070,24679,101577,3.2558452667595996,0.19814219141046374
3924,0.3928,22,134,22,265508,410936,24701,101555,3.254783931060702,0.1981595774364818
3925,0.3929,10,54,10,265562,410882,24711,101545,3.2543562286148777,0.1981648117683104
3926,0.393,28,179,28,265741,410703,24739,101517,3.2529384742111267,0.19819023076022022
3927,0.3931,5,32,5,265773,410671,24744,101512,3.2526850209098974,0.19819478584802697
3928,0.3932,19,155,19,265928,410516,24763,101493,3.251457356482068,0.19822503120062343
3929,0.3933,11,104,11,266032,410412,24774,101482,3.250633633253073,0.19824807479673526
3930,0.3934,20,92,20,266124,410320,24794,101462,3.249904955012039,0.19825238089655361
3931,0.3935,20,170,20,266294,410150,24814,101442,3.2485584843492585,0.19828691613629612
3932,0.3936,26,108,26,266402,410042,24840,101416,3.24770307945761,0.1982880314708148
3933,0.3937,16,106,16,266508,409936,24856,101400,3.2468635153972882,0.19830405056557723
3934,0.3938,11,64,11,266572,409872,24867,101389,3.2463566087948297,0.19831162556893642
3935,0.3939,21,104,21,266676,409768,24888,101368,3.2455328855658343,0.19831903837726164
3936,0.394,3,25,3,266701,409743,24891,101365,3.2453348751742492,0.1983240332767243
3937,0.3941,9,71,9,266772,409672,24900,101356,3.244772525662147,0.19833746878840297
3938,0.3942,21,100,21,266872,409572,24921,101335,3.2439804840958053,0.1983433384157978
3939,0.3943,16,57,16,266929,409515,24937,101319,3.243529020402991,0.19834036105662506
3940,0.3944,7,42,7,266971,409473,24944,101312,3.2431963629451275,0.19834568360464774
3941,0.3945,18,93,18,267064,409380,24962,101294,3.2424597642884296,0.1983535484477377
3942,0.3946,20,159,20,267223,409221,24982,101274,3.241200418197947,0.19838392148796757
3943,0.3947,16,142,16,267365,409079,24998,101258,3.2400757191737424,0.19841398918753686
3944,0.3948,10,71,10,267436,409008,25008,101248,3.23951336966164,0.19842588818161863
3945,0.3949,8,63,8,267499,408945,25016,101240,3.239014383474845,0.19843782157452688
3946,0.395,15,86,15,267585,408859,25031,101225,3.238333227727791,0.19844770665223768
3947,0.3951,4,51,4,267636,408808,25035,101221,3.237929286528957,0.19846126396734304
3948,0.3952,2,25,2,267661,408783,25037,101219,3.2377312761373718,0.19846784914568963
3949,0.3953,11,65,11,267726,408718,25048,101208,3.23721644911925,0.19847585728125258
3950,0.3954,22,93,22,267819,408625,25070,101186,3.2364798504625525,0.19847747498582807
3951,0.3955,12,88,12,267907,408537,25082,101174,3.2357828538841718,0.1984928714506848
3952,0.3956,10,89,10,267996,408448,25092,101164,3.235077936890128,0.19851180898408985
3953,0.3957,7,50,7,268046,408398,25099,101157,3.234681916106957,0.19852027749703172
3954,0.3958,5,62,5,268108,408336,25104,101152,3.2341908503358257,0.19853657004679207
3955,0.3959,9,49,9,268157,408287,25113,101143,3.2338027499683184,0.19854150717468544
3956,0.396,10,91,10,268248,408196,25123,101133,3.2330819921429477,0.19856124430378008
3957,0.3961,8,56,8,268304,408140,25131,101125,3.2326384488657967,0.19857048884176215
3958,0.3962,24,192,24,268496,407948,25155,101101,3.231117729058421,0.19860759966132926
3959,0.3963,11,107,11,268603,407841,25166,101090,3.2302702445824356,0.19863203459801035
3960,0.3964,37,238,37,268841,407603,25203,101053,3.228385185654543,0.19866668239438834
3961,0.3965,30,196,30,269037,407407,25233,101023,3.226832784184514,0.1986959856814114
3962,0.3966,9,64,9,269101,407343,25242,101014,3.2263258775820556,0.19870681430569462
3963,0.3967,10,93,10,269194,407250,25252,101004,3.225589278925358,0.19872740794956853
3964,0.3968,11,95,11,269289,407155,25263,100993,3.2248368394373337,0.1987472153781969
3965,0.3969,31,171,31,269460,406984,25294,100962,3.2234824483588898,0.19876522307489378
3966,0.397,27,262,27,269722,406722,25321,100935,3.2214072994550755,0.19882519102464855
3967,0.3971,17,128,17,269850,406594,25338,100918,3.2203934862501584,0.19884850013398697
3968,0.3972,24,181,24,270031,406413,25362,100894,3.2189598910150803,0.1988815450999099
3969,0.3973,20,86,20,270117,406327,25382,100874,3.2182787352680267,0.1988836772798161
3970,0.3974,15,96,15,270213,406231,25397,100859,3.2175183753643393,0.19889763158413692
3971,0.3975,3,28,3,270241,406203,25400,100856,3.2172966037257633,0.1989038750914588
3972,0.3976,13,98,13,270339,406105,25413,100843,3.216520402990749,0.1989217829047555
3973,0.3977,8,86,8,270425,406019,25421,100835,3.215839247243695,0.19894289085219807
3974,0.3978,6,100,6,270525,405919,25427,100829,3.215047205677354,0.1989726649143164
3975,0.3979,26,158,26,270683,405761,25453,100803,3.2137957800025347,0.19899361186345654
3976,0.398,12,147,12,270830,405614,25465,100791,3.2126314789000125,0.19903239501979642
3977,0.3981,18,151,18,270981,405463,25483,100773,3.211435496134837,0.19906328273769547
3978,0.3982,14,67,14,271048,405396,25497,100759,3.2109048282853885,0.19906747932945443
3979,0.3983,30,252,30,271300,405144,25527,100729,3.208908883538208,0.1991191465051505
3980,0.3984,6,61,6,271361,405083,25533,100723,3.20842573818274,0.19913365994076782
3981,0.3985,16,89,16,271450,404994,25549,100707,3.207720821188696,0.19914336732575177
3982,0.3986,18,143,18,271593,404851,25567,100689,3.206588201748828,0.19917118328915615
3983,0.3987,25,158,25,271751,404693,25592,100664,3.2053367760740086,0.19919383722793985
3984,0.3988,19,113,19,271864,404580,25611,100645,3.2044417691040428,0.19920827354149143
3985,0.3989,19,106,19,271970,404474,25630,100626,3.2036022050437207,0.19921995644426846
3986,0.399,15,112,15,272082,404362,25645,100611,3.2027151184894183,0.1992403554249435
3987,0.3991,9,126,9,272208,404236,25654,100602,3.2017171461158282,0.19927580728867478
3988,0.3992,12,87,12,272295,404149,25666,100590,3.2010280699531113,0.1992911187762388
3989,0.3993,32,224,32,272519,403925,25698,100558,3.1992538968445063,0.199328817819431
3990,0.3994,21,102,21,272621,403823,25719,100537,3.198446014446838,0.1993357918946784
3991,0.3995,21,195,21,272816,403628,25740,100516,3.1969015333924724,0.1993795423529785
3992,0.3996,17,109,17,272925,403519,25757,100499,3.1960382080851604,0.1993956565043312
3993,0.3997,17,90,17,273015,403429,25774,100482,3.195325370675453,0.1994042598792247
3994,0.3998,12,69,12,273084,403360,25786,100470,3.1947788619946773,0.19941250024809956
3995,0.3999,18,131,18,273215,403229,25804,100452,3.19374128754277,0.1994357539792051
3996,0.4,19,133,19,273348,403096,25823,100433,3.192687872259536,0.19945822385602419
3997,0.4001,18,162,18,273510,402934,25841,100415,3.191404764922063,0.199493790590624
3998,0.4002,5,54,5,273564,402880,25846,100410,3.1909770624762386,0.19950724234536749
3999,0.4003,8,63,8,273627,402817,25854,100402,3.190478076289444,0.19951949350084158
4000,0.4004,17,119,17,273746,402698,25871,100385,3.1895355468254976,0.19953963858846355
4001,0.4005,32,190,32,273936,402508,25903,100353,3.1880306678494486,0.19956409425268612
4002,0.4006,7,88,7,274024,402420,25910,100346,3.1873336712710683,0.19958787984867712
4003,0.4007,7,51,7,274075,402369,25917,100339,3.1869297300722343,0.1995969827414722
4004,0.4008,12,88,12,274163,402281,25929,100327,3.1862327334938536,0.19961281953331422
4005,0.4009,12,133,12,274296,402148,25941,100315,3.18517931821062,0.19964654113835248
4006,0.401,19,128,19,274424,402020,25960,100296,3.1841655050057027,0.19966714179918618
4007,0.4011,31,216,31,274640,401804,25991,100265,3.1824546952224053,0.1997036263939817
4008,0.4012,13,114,13,274754,401690,26004,100252,3.181551767836776,0.19972825545580963
4009,0.4013,22,118,22,274872,401572,26026,100230,3.1806171587884933,0.19974013654788145
4010,0.4014,9,67,9,274939,401505,26035,100221,3.1800864909390443,0.19975245452697288
4011,0.4015,20,142,20,275081,401363,26055,100201,3.1789617919148396,0.1997770972398338
4012,0.4016,6,83,6,275164,401280,26061,100195,3.1783043974147764,0.19980058826461938
4013,0.4017,26,115,26,275279,401165,26087,100169,3.1773935496134835,0.19980492047218024
4014,0.4018,18,143,18,275422,401022,26105,100151,3.1762609301736155,0.19983319133313246
4015,0.4019,22,150,22,275572,400872,26127,100129,3.1750728678241034,0.19985788451520056
4016,0.402,13,142,13,275714,400730,26140,100116,3.1739481687998987,0.1998937797247058
4017,0.4021,12,103,12,275817,400627,26152,100104,3.173132365986567,0.1999157232126631
4018,0.4022,7,76,7,275893,400551,26159,100097,3.1725304143961477,0.19993488438983079
4019,0.4023,5,61,5,275954,400490,26164,100092,3.172047269040679,0.19995125673715794
4020,0.4024,20,125,20,276079,400365,26184,100072,3.1710572170827525,0.19996922689569316
4021,0.4025,5,56,5,276135,400309,26189,100067,3.1706136738056014,0.1999836123235327
4022,0.4026,32,190,32,276325,400119,26221,100035,3.1691087948295524,0.2000083974135966
4023,0.4027,17,175,17,276500,399944,26238,100018,3.167722722088455,0.20005120389149575
4024,0.4028,24,185,24,276685,399759,26262,99994,3.1662574451907237,0.2000868429003928
4025,0.4029,13,64,13,276749,399695,26275,99981,3.165750538588265,0.20009165939528814
4026,0.403,12,97,12,276846,399598,26287,99969,3.164982258268914,0.2001112963826674
4027,0.4031,6,86,6,276932,399512,26293,99963,3.1643011025218604,0.2001361429500976
4028,0.4032,10,55,10,276987,399457,26303,99953,3.1638654796603727,0.20014216775795438
4029,0.4033,12,91,12,277078,399366,26315,99941,3.163144721835002,0.20015942095744702
4030,0.4034,14,100,14,277178,399266,26329,99927,3.1623526802686603,0.20017708581650784
4031,0.4035,22,138,22,277316,399128,26351,99905,3.1612596629071095,0.20019718134872844
4032,0.4036,23,172,23,277488,398956,26374,99882,3.159897351413002,0.20022933296982187
4033,0.4037,34,260,34,277748,398696,26408,99848,3.1578380433405147,0.20027921306845534
4034,0.4038,11,67,11,277815,398629,26419,99837,3.1573073754910657,0.2002884850722015
4035,0.4039,13,151,13,277966,398478,26432,99824,3.15611139272589,0.200328314957596
4036,0.404,23,138,23,278104,398340,26455,99801,3.1550183753643393,0.2003468897360386
4037,0.4041,14,146,14,278250,398194,26469,99787,3.153861994677481,0.20038314714818437
4038,0.4042,21,155,21,278405,398039,26490,99766,3.1526343302496516,0.2004118078364018
4039,0.4043,19,108,19,278513,397931,26509,99747,3.151778925358003,0.20042477264415948
4040,0.4044,16,99,16,278612,397832,26525,99731,3.1509948042073246,0.20043893939058974
4041,0.4045,23,130,23,278742,397702,26548,99708,3.149965150171081,0.20045435355139624
4042,0.4046,11,106,11,278848,397596,26559,99697,3.149125586110759,0.2004793954469498
4043,0.4047,16,105,16,278953,397491,26575,99681,3.1482939424661005,0.2004960054065796
4044,0.4048,9,67,9,279020,397424,26584,99672,3.147763274616652,0.2005085536797721
4045,0.4049,20,76,20,279096,397348,26604,99652,3.1471613230262325,0.20050704225352112
4046,0.405,32,239,32,279335,397109,26636,99620,3.1452683436826763,0.20055201125764752
4047,0.4051,23,128,23,279463,396981,26659,99597,3.1442545304777596,0.20056667834660416
4048,0.4052,18,122,18,279585,396859,26677,99579,3.143288239766823,0.2005869816573268
4049,0.4053,8,75,8,279660,396784,26685,99571,3.142694208592067,0.2006044061206193
4050,0.4054,22,165,22,279825,396619,26707,99549,3.141387340007604,0.20063567178858774
4051,0.4055,22,191,22,280016,396428,26729,99527,3.1398745406158914,0.20067748081983244
4052,0.4056,14,88,14,280104,396340,26743,99513,3.139177544037511,0.20069052723286943
4053,0.4057,34,196,34,280300,396144,26777,99479,3.137625142567482,0.2007150596320187
4054,0.4058,35,180,35,280480,395964,26812,99444,3.1361994677480673,0.20073151826373414
4055,0.4059,16,89,16,280569,395875,26828,99428,3.1354945507540237,0.20074176817019077
4056,0.406,11,79,11,280648,395796,26839,99417,3.134868837916614,0.20075603831078748
4057,0.4061,27,131,27,280779,395665,26866,99390,3.1338312634647068,0.20076557150215632
4058,0.4062,18,104,18,280883,395561,26884,99372,3.1330075402357114,0.20077869125720046
4059,0.4063,18,102,18,280985,395459,26902,99354,3.1321996578380435,0.20079100589515636
4060,0.4064,10,51,10,281036,395408,26912,99344,3.131795716639209,0.20079555009378436
4061,0.4065,31,178,31,281214,395230,26943,99313,3.1303858826511215,0.20081772464679512
4062,0.4066,11,115,11,281329,395115,26954,99302,3.129475034849829,0.20084665373561184
4063,0.4067,22,107,22,281436,395008,26976,99280,3.1286275503738437,0.20085456252225423
4064,0.4068,25,166,25,281602,394842,27001,99255,3.127312761373717,0.20088160826720258
4065,0.4069,17,87,17,281689,394755,27018,99238,3.126623685211,0.20088948628826725
4066,0.407,17,159,17,281848,394596,27035,99221,3.1253643391205173,0.2009266590660103
4067,0.4071,26,185,26,282033,394411,27061,99195,3.1238990622227853,0.200959874879965
4068,0.4072,23,120,23,282153,394291,27084,99172,3.122948612343176,0.20097150140942685
4069,0.4073,21,72,21,282225,394219,27105,99151,3.12237834241541,0.20096682003364616
4070,0.4074,6,56,6,282281,394163,27111,99145,3.1219347991382587,0.20097991518483382
4071,0.4075,7,67,7,282348,394096,27118,99138,3.12140413128881,0.20099587619669365
4072,0.4076,9,84,9,282432,394012,27127,99129,3.120738816373083,0.20101553105501266
4073,0.4077,28,147,28,282579,393865,27155,99101,3.1195745152705614,0.2010300913247567
4074,0.4078,8,94,8,282673,393771,27163,99093,3.1188299961982007,0.20105546357615894
4075,0.4079,19,100,19,282773,393671,27182,99074,3.118037954631859,0.20106545982201748
4076,0.408,10,74,10,282847,393597,27192,99064,3.1174518438727663,0.2010794440802093
4077,0.4081,11,160,11,283007,393437,27203,99053,3.1161845773666204,0.20112692643505453
4078,0.4082,7,45,7,283052,393392,27210,99046,3.1158281586617664,0.20113394985764704
4079,0.4083,47,332,47,283384,393060,27257,98999,3.1131985806615132,0.20119335282964035
4080,0.4084,21,133,21,283517,392927,27278,98978,3.112145165378279,0.2012136489769366
4081,0.4085,8,103,8,283620,392824,27286,98970,3.1113293625649474,0.20124279678076593
4082,0.4086,11,69,11,283689,392755,27297,98959,3.1107828538841718,0.201253167491672
4083,0.4087,10,82,10,283771,392673,27307,98949,3.110133379799772,0.20127048830198813
4084,0.4088,17,126,17,283897,392547,27324,98932,3.109135407426182,0.20129446019056765
4085,0.4089,20,191,20,284088,392356,27344,98912,3.1076226080344695,0.20134020534616542
4086,0.409,13,77,13,284165,392279,27357,98899,3.107012736028387,0.2013506305249828
4087,0.4091,42,255,42,284420,392024,27399,98857,3.1049930300342163,0.20138689417598155
4088,0.4092,17,80,17,284500,391944,27416,98840,3.104359396781143,0.20139205842081243
4089,0.4093,24,142,24,284642,391802,27440,98816,3.1032346977569385,0.20141128128197497
4090,0.4094,20,123,20,284765,391679,27460,98796,3.1022604866303385,0.20142922676996788
4091,0.4095,6,49,6,284814,391630,27466,98790,3.1018723862628312,0.20143958239876025
4092,0.4096,11,152,11,284966,391478,27477,98779,3.100668483081992,0.2014841195536219
4093,0.4097,45,235,45,285201,391243,27522,98734,3.09880718540109,0.2015074176951163
4094,0.4098,26,238,26,285439,391005,27548,98708,3.0969221264731974,0.20156295626213722
4095,0.4099,21,153,21,285592,390852,27569,98687,3.095710302876695,0.20159170158046652
4096,0.41,18,105,18,285697,390747,27587,98669,3.0948786592320365,0.201605587067035
4097,0.4101,31,191,31,285888,390556,27618,98638,3.0933658598403246,0.20163370769060945
4098,0.4102,9,82,9,285970,390474,27627,98629,3.0927163857559243,0.20165282159381562
4099,0.4103,13,77,13,286047,390397,27640,98616,3.0921065137498416,0.20166335046307562
4100,0.4104,15,79,15,286126,390318,27655,98601,3.0914808009124317,0.20167144250888183
4101,0.4105,30,184,30,286310,390134,27685,98571,3.0900234444303636,0.2016983660899725
4102,0.4106,9,61,9,286371,390073,27694,98562,3.0895402990748955,0.20170884197816366
4103,0.4107,36,180,36,286551,389893,27730,98526,3.088114624255481,0.20172433914323562
4104,0.4108,35,278,35,286829,389615,27765,98491,3.085912748701052,0.20178198997758684
4105,0.4109,11,70,11,286899,389545,27776,98480,3.085358319604613,0.2017929409354029
4106,0.411,21,138,21,287037,389407,27797,98459,3.0842653022430615,0.20181566249748906
4107,0.4111,1,31,1,287068,389376,27798,98458,3.084019769357496,0.20182685093699906
4108,0.4112,15,93,15,287161,389283,27813,98443,3.083283170700798,0.20184078765536387
4109,0.4113,9,106,9,287267,389177,27822,98434,3.0824436066404766,0.2018699332049523
4110,0.4114,17,110,17,287377,389067,27839,98417,3.0815723609175008,0.20188765169728648
4111,0.4115,23,140,23,287517,388927,27862,98394,3.0804635027246228,0.20190798262336324
4112,0.4116,26,153,26,287670,388774,27888,98368,3.0792516791281206,0.20192880104774377
4113,0.4117,8,61,8,287731,388713,27896,98360,3.0787685337726525,0.2019409821525726
4114,0.4118,11,51,11,287782,388662,27907,98349,3.078364592573818,0.20194410393194404
4115,0.4119,9,61,9,287843,388601,27916,98340,3.07788144721835,0.20195465159023374
4116,0.412,22,101,22,287944,388500,27938,98318,3.077081485236345,0.2019604862597521
4117,0.4121,17,147,17,288091,388353,27955,98301,3.0759171841338233,0.201993613532407
4118,0.4122,10,108,10,288199,388245,27965,98291,3.0750617792421746,0.20202204975582486
4119,0.4123,37,212,37,288411,388033,28002,98254,3.073382651121531,0.20204940703740795
4120,0.4124,11,139,11,288550,387894,28013,98243,3.0722817133443163,0.2020891230249909
4121,0.4125,38,235,38,288785,387659,28051,98205,3.070420415663414,0.20212446281263893
4122,0.4126,22,96,22,288881,387563,28073,98183,3.0696600557597264,0.20212827280101123
4123,0.4127,19,121,19,289002,387442,28092,98164,3.068701685464453,0.20214741992479499
4124,0.4128,28,120,28,289122,387322,28120,98136,3.0677512355848435,0.20215137045841247
4125,0.4129,7,70,7,289192,387252,28127,98129,3.0671968064884045,0.20216901774070267
4126,0.413,13,78,13,289270,387174,28140,98116,3.066579014066658,0.20218013971027632
4127,0.4131,16,111,16,289381,387063,28156,98100,3.0656998479280193,0.2022000853321461
4128,0.4132,13,83,13,289464,386980,28169,98087,3.065042453427956,0.20221330249223304
4129,0.4133,6,78,6,289542,386902,28175,98081,3.0644246610062096,0.20223595466232838
4130,0.4134,24,199,24,289741,386703,28199,98057,3.06284849828919,0.20227947850482714
4131,0.4135,8,88,8,289829,386615,28207,98049,3.06215150171081,0.2023030388062658
4132,0.4136,11,77,11,289906,386538,28218,98038,3.061541629704727,0.20231707719738493
4133,0.4137,15,150,15,290056,386388,28233,98023,3.060353567355215,0.20235502496846686
4134,0.4138,14,67,14,290123,386321,28247,98009,3.059822899505766,0.2023599611834906
4135,0.4139,16,185,16,290308,386136,28263,97993,3.0583576226080345,0.20241092766597332
4136,0.414,28,172,28,290480,385964,28291,97965,3.056995311113927,0.2024367210892507
4137,0.4141,18,107,18,290587,385857,28309,97947,3.056147826637942,0.2024518193317955
4138,0.4142,23,188,23,290775,385669,28332,97924,3.05465878849322,0.20249259191096644
4139,0.4143,45,228,45,291003,385441,28377,97879,3.0528529337219616,0.20251386245137798
4140,0.4144,13,129,13,291132,385312,28390,97866,3.051831200101381,0.20254647355632913
4141,0.4145,13,97,13,291229,385215,28403,97853,3.05106291978203,0.20256568433429661
4142,0.4146,13,83,13,291312,385132,28416,97840,3.050405525281967,0.2025790314966499
4143,0.4147,22,116,22,291428,385016,28438,97818,3.0494867570650106,0.20259136680515458
4144,0.4148,6,91,6,291519,384925,28444,97812,3.0487659992396403,0.2026196458941411
4145,0.4149,12,77,12,291596,384848,28456,97800,3.048156127233557,0.20263214599459647
4146,0.415,7,152,7,291748,384696,28463,97793,3.0469522240527183,0.20268441353067115
4147,0.4151,6,35,6,291783,384661,28469,97787,3.046675009504499,0.20268920173780386
4148,0.4152,23,125,23,291908,384536,28492,97764,3.045684957546572,0.20270371138295668
4149,0.4153,11,130,11,292038,384406,28503,97753,3.044655303510328,0.20274017492155078
4150,0.4154,48,319,48,292357,384087,28551,97705,3.042128690913699,0.20279498206695004
4151,0.4155,11,52,11,292409,384035,28562,97694,3.041716829299202,0.20279866896117943
4152,0.4156,28,202,28,292611,383833,28590,97666,3.040116905335192,0.2028373890703823
4153,0.4157,18,111,18,292722,383722,28608,97648,3.039237739196553,0.20285435320024098
4154,0.4158,21,185,21,292907,383537,28629,97627,3.0377724622988214,0.2028975567581947
4155,0.4159,23,165,23,293072,383372,28652,97604,3.0364655937143583,0.2029290442766375
4156,0.416,28,258,28,293330,383114,28680,97576,3.0344221264731974,0.20299153300463915
4157,0.4161,27,110,27,293440,383004,28707,97549,3.0335508807502216,0.20299321822983105
4158,0.4162,24,183,24,293623,382821,28731,97525,3.032101444683817,0.20303073201400657
4159,0.4163,10,92,10,293715,382729,28741,97515,3.0313727664427828,0.20305303137571734
4160,0.4164,34,180,34,293895,382549,28775,97481,3.0299470916233684,0.20307272462137782
4161,0.4165,22,180,22,294075,382369,28797,97459,3.028521416803954,0.2031123652642197
4162,0.4166,24,158,24,294233,382211,28821,97435,3.0272699911291343,0.20313939863983022
4163,0.4167,20,159,20,294392,382052,28841,97415,3.0260106450386517,0.20317352393386823
4164,0.4168,16,99,16,294491,381953,28857,97399,3.025226523887974,0.2031888883325823
4165,0.4169,26,183,26,294674,381770,28883,97373,3.023777087821569,0.20322325485293535
4166,0.417,12,55,12,294729,381715,28895,97361,3.023341464960081,0.2032266279254231
4167,0.4171,16,117,16,294846,381598,28911,97345,3.022414776327462,0.20324965601334605
4168,0.4172,21,146,21,294992,381452,28932,97324,3.0212583956406034,0.20327668889000283
4169,0.4173,23,90,23,295082,381362,28955,97301,3.020545558230896,0.20327662677081787
4170,0.4174,15,79,15,295161,381283,28970,97286,3.019919845393486,0.20328521070106922
4171,0.4175,10,88,10,295249,381195,28980,97276,3.019222848815106,0.20330594748689054
4172,0.4176,8,69,8,295318,381126,28988,97268,3.01867634013433,0.2033219480177427
4173,0.4177,63,332,63,295650,380794,29051,97205,3.016046762134077,0.20335816602126783
4174,0.4178,12,117,12,295767,380677,29063,97193,3.0151200735014574,0.20338795069788854
4175,0.4179,12,101,12,295868,380576,29075,97181,3.0143201115194524,0.20341093903386032
4176,0.418,11,103,11,295971,380473,29086,97170,3.013504308706121,0.20343645777285546
4177,0.4181,30,176,30,296147,380297,29116,97140,3.01211031554936,0.20346139909558747
4178,0.4182,5,35,5,296182,380262,29121,97135,3.0118331010011405,0.2034679731963125
4179,0.4183,28,223,28,296405,380039,29149,97107,3.0100668483081994,0.2035163241439727
4180,0.4184,23,141,23,296546,379898,29172,97084,3.008950069699658,0.20353807900507775
4181,0.4185,11,106,11,296652,379792,29183,97073,3.008110505639336,0.20356495024797375
4182,0.4186,21,109,21,296761,379683,29204,97052,3.007247180332024,0.20357641037473648
4183,0.4187,10,83,10,296844,379600,29214,97042,3.0065897858319603,0.2035951510777481
4184,0.4188,8,96,8,296940,379504,29222,97034,3.0058294259282725,0.20362279608341832
4185,0.4189,22,149,22,297089,379355,29244,97012,3.004649283994424,0.20364970705359522
4186,0.419,11,71,11,297160,379284,29255,97001,3.004086934482322,0.20366167315787817
4187,0.4191,9,104,9,297264,379180,29264,96992,3.0032632112533264,0.20369110321480474
4188,0.4192,19,114,19,297378,379066,29283,96973,3.0023602838676973,0.20370809954646574
4189,0.4193,26,118,26,297496,378948,29309,96947,3.0014256748194144,0.20371510522279074
4190,0.4194,22,68,22,297564,378880,29331,96925,3.0008870865543025,0.20370740114122382
4191,0.4195,24,210,24,297774,378670,29355,96901,2.9992237992649855,0.20375716769946023
4192,0.4196,7,89,7,297863,378581,29362,96894,2.9985188822709414,0.20378358483621642
4193,0.4197,32,208,32,298071,378373,29394,96862,2.9968714358129516,0.2038191631508622
4194,0.4198,10,130,10,298201,378243,29404,96852,2.995841781776708,0.2038581757332744
4195,0.4199,7,87,7,298288,378156,29411,96845,2.995152705613991,0.20388378129730253
4196,0.42,53,399,53,298687,377757,29464,96792,2.9919924597642886,0.20396629220586282
4197,0.4201,16,97,16,298784,377660,29480,96776,2.9912241794449375,0.20398114814221519
4198,0.4202,7,71,7,298855,377589,29487,96769,2.9906618299328347,0.20399993254040197
4199,0.4203,4,31,4,298886,377558,29491,96765,2.990416297047269,0.2040065524969272
4200,0.4204,17,102,17,298988,377456,29508,96748,2.989608414649601,0.20402189774864826
4201,0.4205,29,218,29,299206,377238,29537,96719,2.9878817640349764,0.20406703561715514
4202,0.4206,15,53,15,299259,377185,29552,96704,2.987461982004816,0.20406466493208325
4203,0.4207,11,50,11,299309,377135,29563,96693,2.987065961221645,0.20406772077631546
4204,0.4208,12,70,12,299379,377065,29575,96681,2.986511532125206,0.20407771252949894
4205,0.4209,15,87,15,299466,376978,29590,96666,2.985822455962489,0.20408999163929026
4206,0.421,24,156,24,299622,376822,29614,96642,2.9845868711189962,0.20411689167497424
4207,0.4211,18,114,18,299736,376708,29632,96624,2.983683943733367,0.20413578629798956
4208,0.4212,16,136,16,299872,376572,29648,96608,2.982606767203143,0.20416754723361089
4209,0.4213,4,58,4,299930,376514,29652,96604,2.9821473830946648,0.20418584792800104
4210,0.4214,37,199,37,300129,376315,29689,96567,2.9805712203776453,0.2042095068114244
4211,0.4215,17,145,17,300274,376170,29706,96550,2.9794227601064502,0.2042435268234896
4212,0.4216,19,147,19,300421,376023,29725,96531,2.9782584590039285,0.20427506697647252
4213,0.4217,12,62,12,300483,375961,29737,96519,2.977767393232797,0.20428166271588216
4214,0.4218,44,277,44,300760,375684,29781,96475,2.975573438094031,0.20432735582716838
4215,0.4219,22,114,22,300874,375570,29803,96453,2.974670510708402,0.20433961904398726
4216,0.422,13,91,13,300965,375479,29816,96440,2.973949752883031,0.2043571036555002
4217,0.4221,31,177,31,301142,375302,29847,96409,2.972547839310607,0.20438149629752114
4218,0.4222,17,103,17,301245,375199,29864,96392,2.9717320364972752,0.20439745457398467
4219,0.4223,6,47,6,301292,375152,29870,96386,2.971359776961095,0.20440770415109705
4220,0.4224,6,79,6,301371,375073,29876,96380,2.9707340641236852,0.2044318309566383
4221,0.4225,20,119,20,301490,374954,29896,96360,2.969791534659739,0.20444968746950015
4222,0.4226,21,131,21,301621,374823,29917,96339,2.968753960207832,0.2044710736434602
4223,0.4227,17,66,17,301687,374757,29934,96322,2.9682312127740462,0.2044710122930549
4224,0.4228,24,144,24,301831,374613,29958,96298,2.967090672918515,0.20449299336817361
4225,0.4229,21,148,21,301979,374465,29979,96277,2.9659184514003294,0.204521797502666
4226,0.423,13,93,13,302072,374372,29992,96264,2.965181852743632,0.20454023916572467
4227,0.4231,8,72,8,302144,374300,30000,96256,2.9646115828158663,0.20455801222383732
4228,0.4232,23,140,23,302284,374160,30023,96233,2.9635027246229884,0.20458000012755292
4229,0.4233,23,158,23,302442,374002,30046,96210,2.9622512989481686,0.20460983556353304
4230,0.4234,27,225,27,302667,373777,30073,96183,2.960469205423901,0.2046620989020342
4231,0.4235,14,125,14,302792,373652,30087,96169,2.9594791534659737,0.20469285110712376
4232,0.4236,16,113,16,302905,373539,30103,96153,2.9585841464960083,0.20471500472650161
4233,0.4237,12,100,12,303005,373439,30115,96141,2.9577921049296667,0.20473827675795392
4234,0.4238,25,160,25,303165,373279,30140,96116,2.9565248384235203,0.20476570905101246
4235,0.4239,22,100,22,303265,373179,30162,96094,2.955732796857179,0.2047720623176701
4236,0.424,14,104,14,303369,373075,30176,96080,2.9549090736281842,0.20479372488836312
4237,0.4241,14,86,14,303455,372989,30190,96066,2.9542279178811306,0.20480753856157594
4238,0.4242,11,86,11,303541,372903,30201,96055,2.953546762134077,0.2048264450121333
4239,0.4243,9,82,9,303623,372821,30210,96046,2.9528972880496767,0.20484700352125443
4240,0.4244,15,114,15,303737,372707,30225,96031,2.9519943606640475,0.20487137804061117
4241,0.4245,8,59,8,303796,372648,30233,96023,2.951527056139906,0.20488359638211026
4242,0.4246,23,118,23,303914,372530,30256,96000,2.950592447091623,0.20489616459991888
4243,0.4247,6,64,6,303978,372466,30262,95994,2.950085540489165,0.20491397344490458
4244,0.4248,15,97,15,304075,372369,30277,95979,2.949317260169814,0.20493094878167517
4245,0.4249,9,90,9,304165,372279,30286,95970,2.9486044227601065,0.20495505596381414
4246,0.425,40,324,40,304489,371955,30326,95930,2.9460382080851604,0.20502901353965183
4247,0.4251,7,77,7,304566,371878,30333,95923,2.9454283360790776,0.20505086564586222
4248,0.4252,15,108,15,304674,371770,30348,95908,2.944572931187429,0.2050727209746877
4249,0.4253,10,80,10,304754,371690,30358,95898,2.9439392979343557,0.20509080643643549
4250,0.4254,11,106,11,304860,371584,30369,95887,2.9430997338740337,0.20511860628787668
4251,0.4255,9,108,9,304968,371476,30378,95878,2.942244328982385,0.20515069946978093
4252,0.4256,17,107,17,305075,371369,30395,95861,2.9413968445063996,0.20516876056760053
4253,0.4257,5,35,5,305110,371334,30400,95856,2.9411196299581803,0.20517562447826365
4254,0.4258,13,142,13,305252,371192,30413,95843,2.9399949309339752,0.20521588317792028
4255,0.4259,9,70,9,305322,371122,30422,95834,2.9394405018375362,0.20523132800520819
4256,0.426,17,106,17,305428,371016,30439,95817,2.9386009377772147,0.2052489862541851
4257,0.4261,15,74,15,305502,370942,30454,95802,2.938014827018122,0.20525598615086643
4258,0.4262,13,110,13,305612,370832,30467,95789,2.9371435812951465,0.20528223118976643
4259,0.4263,9,82,9,305694,370750,30476,95780,2.936494107210746,0.2053029815874649
4260,0.4264,10,98,10,305792,370652,30486,95770,2.9357179064757317,0.2053290796746294
4261,0.4265,10,92,10,305884,370560,30496,95760,2.9349892282346977,0.2053525476067936
4262,0.4266,10,66,10,305950,370494,30506,95750,2.9344664808009124,0.205364573056168
4263,0.4267,18,116,18,306066,370378,30524,95732,2.933547712583956,0.20538499495827164
4264,0.4268,28,207,28,306273,370171,30552,95704,2.9319081865416297,0.20542849476790984
4265,0.4269,19,129,19,306402,370042,30571,95685,2.930886452921049,0.20545297996465742
4266,0.427,15,52,15,306454,369990,30586,95670,2.930474591306552,0.20545032856590645
4267,0.4271,14,73,14,306527,369917,30600,95656,2.9298964009631225,0.20545864987875156
4268,0.4272,13,101,13,306628,369816,30613,95643,2.9290964389811176,0.20548104129472197
4269,0.4273,12,47,12,306675,369769,30625,95631,2.9287241794449375,0.20548130640309412
4270,0.4274,27,208,27,306883,369561,30652,95604,2.927076732986947,0.20552707103930865
4271,0.4275,31,223,31,307106,369338,30683,95573,2.925310480294006,0.20557267950209826
4272,0.4276,14,94,14,307200,369244,30697,95559,2.924565961221645,0.20559032536364868
4273,0.4277,19,133,19,307333,369111,30716,95540,2.923512545938411,0.20561668865449553
4274,0.4278,24,203,24,307536,368908,30740,95516,2.921904701558738,0.20566551254887774
4275,0.4279,42,334,42,307870,368574,30782,95474,2.9192592827271575,0.20574164741578457
4276,0.428,10,87,10,307957,368487,30792,95464,2.9185702065644406,0.20576310860414138
4277,0.4281,2,22,2,307979,368465,30794,95462,2.9183959574198455,0.2057694421751698
4278,0.4282,31,166,31,308145,368299,30825,95431,2.9170811684197187,0.20579000711620987
4279,0.4283,24,176,24,308321,368123,30849,95407,2.9156871752629576,0.20582702306215347
4280,0.4284,42,195,42,308516,367928,30891,95365,2.914142694208592,0.20584165959770598
4281,0.4285,15,118,15,308634,367810,30906,95350,2.913208085160309,0.20586838241644356
4282,0.4286,15,112,15,308746,367698,30921,95335,2.912320998606007,0.2058924525897722
4283,0.4287,12,139,12,308885,367559,30933,95323,2.9112200608287924,0.20593369368435152
4284,0.4288,10,66,10,308951,367493,30943,95313,2.910697313395007,0.20594590389925801
4285,0.4289,19,117,19,309068,367376,30962,95294,2.9097706247623876,0.20596537488922992
4286,0.429,45,269,45,309337,367107,31007,95249,2.907640032948929,0.20600792462950626
4287,0.4291,17,135,17,309472,366972,31024,95232,2.9065707768343683,0.20603889191785446
4288,0.4292,31,201,31,309673,366771,31055,95201,2.904978773286022,0.20607525997246587
4289,0.4293,29,124,29,309797,366647,31084,95172,2.903996641743759,0.20608073725853635
4290,0.4294,33,206,33,310003,366441,31117,95139,2.9023650361170956,0.20611594956453919
4291,0.4295,9,60,9,310063,366381,31126,95130,2.9018898111772904,0.20612726457224204
4292,0.4296,28,165,28,310228,366216,31154,95102,2.9005829425928273,0.20615280565683541
4293,0.4297,25,123,25,310351,366093,31179,95077,2.8996087314662273,0.206164754862632
4294,0.4298,11,80,11,310431,366013,31190,95066,2.898975098213154,0.20618158710329465
4295,0.4299,10,93,10,310524,365920,31200,95056,2.8982384995564567,0.20620596300024296
4296,0.43,30,188,30,310712,365732,31230,95026,2.896749461411735,0.20623841582783153
4297,0.4301,15,85,15,310797,365647,31245,95011,2.8960762260803445,0.20625062410725528
4298,0.4302,36,278,36,311075,365369,31281,94975,2.8938743505259157,0.20631310498236102
4299,0.4303,32,168,32,311243,365201,31313,94943,2.892543720694462,0.2063332348134497
4300,0.4304,16,97,16,311340,365104,31329,94927,2.891775440375111,0.20634913734074442
4301,0.4305,7,59,7,311399,365045,31336,94920,2.8913081358509696,0.20636352765971325
4302,0.4306,26,167,26,311566,364878,31362,94894,2.8899854264351794,0.20639360378622448
4303,0.4307,18,145,18,311711,364733,31380,94876,2.8888369661639843,0.20642763740483758
4304,0.4308,27,197,27,311908,364536,31407,94849,2.8872766442782916,0.20646951903087823
4305,0.4309,21,150,21,312058,364386,31428,94828,2.88608858192878,0.20650067288889276
4306,0.431,21,108,21,312166,364278,31449,94807,2.885233177037131,0.20651295511724407
4307,0.4311,34,196,34,312362,364082,31483,94773,2.8836807755671017,0.20654237177321813
4308,0.4312,17,88,17,312450,363994,31500,94756,2.8829837789887214,0.2065525885558583
4309,0.4313,32,176,32,312626,363818,31532,94724,2.8815897858319603,0.20657649680945256
4310,0.4314,16,119,16,312745,363699,31548,94708,2.880647256368014,0.20660242971856888
4311,0.4315,13,119,13,312864,363580,31561,94695,2.879704726904068,0.20663357154546944
4312,0.4316,21,143,21,313007,363437,31582,94674,2.8785721074642,0.20666170425944805
4313,0.4317,12,97,12,313104,363340,31594,94662,2.8778038271448487,0.20668468696643247
4314,0.4318,29,159,29,313263,363181,31623,94633,2.8765444810543657,0.20670621693526192
4315,0.4319,17,104,17,313367,363077,31640,94616,2.8757207578253707,0.2067237209221028
4316,0.432,28,170,28,313537,362907,31668,94588,2.87437428716259,0.20675198636050668
4317,0.4321,20,142,20,313679,362765,31688,94568,2.8732495881383855,0.20678149182324476
4318,0.4322,25,179,25,313858,362586,31713,94543,2.8718318337346345,0.20681908170341415
4319,0.4323,15,162,15,314020,362424,31728,94528,2.8705487263971614,0.20686636670810063
4320,0.4324,11,155,11,314175,362269,31739,94517,2.869321061969332,0.20691746244412043
4321,0.4325,43,246,43,314421,362023,31782,94474,2.867372639716132,0.2069542625690859
4322,0.4326,11,74,11,314495,361949,31793,94463,2.86678652895704,0.20696870371506446
4323,0.4327,16,111,16,314606,361838,31809,94447,2.8659073628184006,0.2069912445072707
4324,0.4328,10,103,10,314709,361735,31819,94437,2.865091560005069,0.20702059749392773
4325,0.4329,12,93,12,314802,361642,31831,94425,2.8643549613483716,0.20704194778398788
4326,0.433,20,133,20,314935,361509,31851,94405,2.8633015460651374,0.2070675609873792
4327,0.4331,16,131,16,315066,361378,31867,94389,2.8622639716132303,0.2070992414983972
4328,0.4332,28,198,28,315264,361180,31895,94361,2.860695729311874,0.20714052083127535
4329,0.4333,13,119,13,315383,361061,31908,94348,2.859753199847928,0.20717201460665027
4330,0.4334,31,230,31,315613,360831,31939,94317,2.8579315042453426,0.20722270558148118
4331,0.4335,26,179,26,315792,360652,31965,94291,2.8565137498415916,0.20725893133865123
4332,0.4336,23,112,23,315904,360540,31988,94268,2.8556266632872895,0.20726988091678247
4333,0.4337,13,60,13,315964,360480,32001,94255,2.8551514383474843,0.2072745665057671
4334,0.4338,19,115,19,316079,360365,32020,94236,2.854240590546192,0.20729386868924618
4335,0.4339,21,140,21,316219,360225,32041,94215,2.853131732353314,0.2073210984948508
4336,0.434,22,93,22,316312,360132,32063,94193,2.8523951336966165,0.20732515269905905
4337,0.4341,17,107,17,316419,360025,32080,94176,2.851547649220631,0.20734432552988655
4338,0.4342,24,162,24,316581,359863,32104,94152,2.850264541883158,0.20737640826844927
4339,0.4343,6,37,6,316618,359826,32110,94146,2.8499714865036117,0.20738283418360604
4340,0.4344,11,86,11,316704,359740,32121,94135,2.849290330756558,0.20740291930597632
4341,0.4345,10,82,10,316786,359658,32131,94125,2.848640856672158,0.20742293122483654
4342,0.4346,11,48,11,316834,359610,32142,94114,2.8482606767203142,0.2074256596521233
4343,0.4347,19,196,19,317030,359414,32161,94095,2.8467082752502852,0.2074821006859842
4344,0.4348,10,148,10,317178,359266,32171,94085,2.8455360537320997,0.2075323535185761
4345,0.4349,34,229,34,317407,359037,32205,94051,2.843722278545178,0.20757777738540859
4346,0.435,25,210,25,317617,358827,32230,94026,2.842058991255861,0.20763029062410981
4347,0.4351,21,92,21,317709,358735,32251,94005,2.841330313014827,0.20763572911604894
4348,0.4352,40,217,40,317926,358518,32291,93965,2.8396115828158663,0.20766526035232263
4349,0.4353,6,43,6,317969,358475,32297,93959,2.8392710049423395,0.20767448953880566
4350,0.4354,20,153,20,318122,358322,32317,93939,2.838059181345837,0.2077097074476906
4351,0.4355,14,112,14,318234,358210,32331,93925,2.837172094791535,0.2077366273347562
4352,0.4356,9,51,9,318285,358159,32340,93916,2.8367681535927005,0.2077442902173312
4353,0.4357,16,119,16,318404,358040,32356,93900,2.8358256241287543,0.207770943045537
4354,0.4358,16,88,16,318492,357952,32372,93884,2.835128627550374,0.20778335502261883
4355,0.4359,16,68,16,318560,357884,32388,93868,2.8345900392852617,0.2077865731640369
4356,0.436,20,112,20,318672,357772,32408,93848,2.833702952730959,0.2078030202382534
4357,0.4361,29,131,29,318803,357641,32437,93819,2.832665378279052,0.20781243078013556
4358,0.4362,14,64,14,318867,357577,32451,93805,2.8321584716765935,0.2078173254582593
4359,0.4363,24,165,24,319032,357412,32475,93781,2.8308516030921305,0.2078511856345289
4360,0.4364,8,78,8,319110,357334,32483,93773,2.830233810670384,0.20787307667582192
4361,0.4365,18,76,18,319186,357258,32501,93755,2.8296318590799645,0.20787649136499392
4362,0.4366,16,67,16,319253,357191,32517,93739,2.829101191230516,0.2078792717273191
4363,0.4367,22,111,22,319364,357080,32539,93717,2.828222025091877,0.20789180052218625
4364,0.4368,24,146,24,319510,356934,32563,93693,2.8270656444050184,0.20791696902316106
4365,0.4369,15,110,15,319620,356824,32578,93678,2.826194398682043,0.2079413631903965
4366,0.437,10,62,10,319682,356762,32588,93668,2.825703332910911,0.20795240103900717
4367,0.4371,13,102,13,319784,356660,32601,93655,2.824895450513243,0.20797663857521956
4368,0.4372,10,19,10,319803,356641,32611,93645,2.8247449626156382,0.20796782489351212
4369,0.4373,7,77,7,319880,356564,32618,93638,2.824135090609555,0.20799107955984203
4370,0.4374,41,285,41,320165,356279,32659,93597,2.8218777721454824,0.20805066284931847
4371,0.4375,8,45,8,320210,356234,32667,93589,2.8215213534406285,0.20805739146286428
4372,0.4376,11,100,11,320310,356134,32678,93578,2.8207293118742873,0.20808428505354537
4373,0.4377,28,129,28,320439,356005,32706,93550,2.819707578253707,0.20809467139727064
4374,0.4378,26,196,26,320635,355809,32732,93524,2.8181551767836774,0.20813962028161742
4375,0.4379,10,80,10,320715,355729,32742,93514,2.8175215435306047,0.20815905868316256
4376,0.438,21,128,21,320843,355601,32763,93493,2.8165077303256876,0.20818136069508833
4377,0.4381,18,141,18,320984,355460,32781,93475,2.8153909517171463,0.2082149977168187
4378,0.4382,20,138,20,321122,355322,32801,93455,2.814297934355595,0.20824373798122453
4379,0.4383,29,218,29,321340,355104,32830,93426,2.812571283740971,0.2082937596147415
4380,0.4384,29,186,29,321526,354918,32859,93397,2.8110980864275756,0.20832896512496793
4381,0.4385,19,81,19,321607,354837,32878,93378,2.810456532758839,0.20833305444931563
4382,0.4386,19,59,19,321666,354778,32897,93359,2.8099892282346977,0.2083269178844862
4383,0.4387,25,155,25,321821,354623,32922,93334,2.8087615638068684,0.20835481977064763
4384,0.4388,31,130,31,321951,354493,32953,93303,2.8077319097706246,0.20836050344353232
4385,0.4389,9,75,9,322026,354418,32962,93294,2.8071378785958685,0.20837949396040312
4386,0.439,40,342,40,322368,354076,33002,93254,2.804429096438981,0.20846802137124718
4387,0.4391,38,184,38,322552,353892,33040,93216,2.802971739956913,0.2084865401647924
4388,0.4392,21,168,21,322720,353724,33061,93195,2.8016411101254595,0.20852771978814952
4389,0.4393,14,93,14,322813,353631,33075,93181,2.800904511468762,0.2085463237334718
4390,0.4394,27,127,27,322940,353504,33102,93154,2.7998986186795083,0.20855777798673705
4391,0.4395,42,264,42,323204,353240,33144,93112,2.797807628944367,0.20860666021435997
4392,0.4396,28,215,28,323419,353025,33172,93084,2.796104739576733,0.20865752540298446
4393,0.4397,8,70,8,323489,352955,33180,93076,2.795550310480294,0.20867607856853
4394,0.4398,18,105,18,323594,352850,33198,93058,2.7947186668356356,0.2086932730518403
4395,0.4399,52,323,52,323917,352527,33250,93006,2.792160372576353,0.20875221364074042
4396,0.44,33,220,33,324137,352307,33283,92973,2.7904178811304017,0.20879671218109952
4397,0.4401,22,202,22,324339,352105,33305,92951,2.7888179571663922,0.20885236914006328
4398,0.4402,33,194,33,324533,351911,33338,92918,2.78728139652769,0.20888476245928211
4399,0.4403,25,160,25,324693,351751,33363,92893,2.7860141300215435,0.20891544696431302
4400,0.4404,18,141,18,324834,351610,33381,92875,2.784897351413002,0.2089496833413951
4401,0.4405,15,98,15,324932,351512,33396,92860,2.7841211506779877,0.208969061957099
4402,0.4406,31,201,31,325133,351311,33427,92829,2.782529147129641,0.20900842076822623
4403,0.4407,25,162,25,325295,351149,33452,92804,2.781246039792168,0.20904014614159608
4404,0.4408,24,110,24,325405,351039,33476,92780,2.7803747940691927,0.20904918446483814
4405,0.4409,13,63,13,325468,350976,33489,92767,2.7798758078823975,0.20905569214612962
4406,0.441,21,161,21,325629,350815,33510,92746,2.778600620960588,0.20909412685064738
4407,0.4411,23,125,23,325754,350690,33533,92723,2.777610569002661,0.20911204678257064
4408,0.4412,60,343,60,326097,350347,33593,92663,2.7748938664301104,0.2091668359630708
4409,0.4413,27,194,27,326291,350153,33620,92636,2.773357305791408,0.209210255900666
4410,0.4414,13,61,13,326352,350092,33633,92623,2.7728741604359395,0.2092158612199722
4411,0.4415,13,79,13,326431,350013,33646,92610,2.77224844759853,0.2092299767522248
4412,0.4416,23,117,23,326548,349896,33669,92587,2.7713217589659105,0.20924419695219929
4413,0.4417,29,215,29,326763,349681,33698,92558,2.7696188695982764,0.20929406949635831
4414,0.4418,8,108,8,326871,349573,33706,92550,2.7687634647066277,0.20933088755843962
4415,0.4419,10,70,10,326941,349503,33716,92540,2.7682090356101887,0.2093461495827329
4416,0.442,10,76,10,327017,349427,33726,92530,2.7676070840197693,0.20936425941890274
4417,0.4421,9,54,9,327071,349373,33735,92521,2.767179381573945,0.2093737412139563
4418,0.4422,7,75,7,327146,349298,33742,92514,2.766585350399189,0.2093967569916616
4419,0.4423,8,102,8,327248,349196,33750,92506,2.7657774680015206,0.2094307927063948
4420,0.4424,46,274,46,327522,348922,33796,92460,2.7636072741097455,0.20947841099093303
4421,0.4425,25,126,25,327648,348796,33821,92435,2.762609301736155,0.20949343994415623
4422,0.4426,23,115,23,327763,348681,33844,92412,2.7616984539348626,0.20950683869388087
4423,0.4427,29,196,29,327959,348485,33873,92383,2.760146052464833,0.20954798261611185
4424,0.4428,5,60,5,328019,348425,33878,92378,2.7596708275250283,0.2095675392408854
4425,0.4429,25,160,25,328179,348265,33903,92353,2.7584035610188824,0.2095987907893005
4426,0.443,8,54,8,328233,348211,33911,92345,2.757975858573058,0.20961012901878534
4427,0.4431,25,115,25,328348,348096,33936,92320,2.757065010771765,0.20961999564048536
4428,0.4432,11,48,11,328396,348048,33947,92309,2.756684830819921,0.20962310125648054
4429,0.4433,8,57,8,328453,347991,33955,92301,2.756233367127107,0.2096358780082309
4430,0.4434,27,174,27,328627,347817,33982,92274,2.754855214801673,0.20967027273904715
4431,0.4435,25,156,25,328783,347661,34007,92249,2.7536196299581803,0.20969971130458503
4432,0.4436,19,130,19,328913,347531,34026,92230,2.7525899759219365,0.20972755655913097
4433,0.4437,23,173,23,329086,347358,34049,92207,2.751219744012166,0.20976874864923276
4434,0.4438,10,63,10,329149,347295,34059,92197,2.7507207578253707,0.20978083787645738
4435,0.4439,28,147,28,329296,347148,34087,92169,2.749556456722849,0.20980066785487472
4436,0.444,16,111,16,329407,347037,34103,92153,2.74867729058421,0.20982490493863704
4437,0.4441,22,168,22,329575,346869,34125,92131,2.7473466607527564,0.20986560364464693
4438,0.4442,8,86,8,329661,346783,34133,92123,2.7466655050057027,0.20989232318537454
4439,0.4443,17,75,17,329736,346708,34150,92106,2.7460714738309466,0.2098975875883632
4440,0.4444,20,111,20,329847,346597,34170,92086,2.7451923076923075,0.2099146764292211
4441,0.4445,21,82,21,329929,346515,34191,92065,2.7445428336079076,0.20991609284509097
4442,0.4446,37,188,37,330117,346327,34228,92028,2.7430537954631857,0.209939432651618
4443,0.4447,17,99,17,330216,346228,34245,92011,2.742269674312508,0.20995621110855037
4444,0.4448,24,339,24,330555,345889,34269,91987,2.7395846534026105,0.21007545515168677
4445,0.4449,9,45,9,330600,345844,34278,91978,2.739228234697757,0.21008080909593396
4446,0.445,17,91,17,330691,345753,34295,91961,2.7385074768723863,0.2100938055442595
4447,0.4451,61,266,61,330957,345487,34356,91900,2.7364006463059183,0.21011141163317612
4448,0.4452,15,119,15,331076,345368,34371,91885,2.735458116841972,0.2101414970280364
4449,0.4453,15,64,15,331140,345304,34386,91870,2.7349512102395135,0.21014515959320546
4450,0.4454,33,166,33,331306,345138,34419,91837,2.7336364212393867,0.21016534126666286
4451,0.4455,37,183,37,331489,344955,34456,91800,2.732186985172982,0.2101864889926847
4452,0.4456,27,177,27,331666,344778,34483,91773,2.7307850716005575,0.21022286055924738
4453,0.4457,30,260,30,331926,344518,34513,91743,2.72872576352807,0.21029383786311406
4454,0.4458,35,193,35,332119,344325,34548,91708,2.727197123305031,0.2103235305584669
4455,0.4459,11,71,11,332190,344254,34559,91697,2.7266347737929286,0.21033785907131763
4456,0.446,18,115,18,332305,344139,34577,91679,2.725723925991636,0.21036074691729117
4457,0.4461,23,161,23,332466,343978,34600,91656,2.7244487390698264,0.21039680098431252
4458,0.4462,15,158,15,332624,343820,34615,91641,2.723197313395007,0.21044594119794885
4459,0.4463,34,215,34,332839,343605,34649,91607,2.721494424027373,0.2104882218321186
4460,0.4464,31,205,31,333044,343400,34680,91576,2.719870738816373,0.210531155741926
4461,0.4465,22,185,22,333229,343215,34702,91554,2.7184054619186413,0.21058079117876388
4462,0.4466,22,118,22,333347,343097,34724,91532,2.717470852870359,0.21059800427491032
4463,0.4467,28,221,28,333568,342876,34752,91504,2.7157204410087443,0.21065426585017727
4464,0.4468,19,105,19,333673,342771,34771,91485,2.7148887973640856,0.2106706643086106
4465,0.4469,16,73,16,333746,342698,34787,91469,2.7143106070206566,0.2106769975608464
4466,0.447,18,61,18,333807,342637,34805,91451,2.713827461665188,0.21067387257883194
4467,0.4471,5,43,5,333850,342594,34810,91446,2.7134868837916613,0.21068565109206525
4468,0.4472,39,249,39,334099,342345,34849,91407,2.7115147002914712,0.21073562773197588
4469,0.4473,16,153,16,334252,342192,34865,91391,2.710302876694969,0.2107808654859623
4470,0.4474,12,90,12,334342,342102,34877,91379,2.7095900392852617,0.2108027802833342
4471,0.4475,17,113,17,334455,341989,34894,91362,2.708695032315296,0.21082678936935648
4472,0.4476,17,109,17,334564,341880,34911,91345,2.707831707007984,0.2108488660626695
4473,0.4477,33,183,33,334747,341697,34944,91312,2.706382270941579,0.21087783394802417
4474,0.4478,11,84,11,334831,341613,34955,91301,2.705716956025852,0.2108987004347284
4475,0.4479,35,224,35,335055,341389,34990,91266,2.7039427829172475,0.2109440547318302
4476,0.448,17,109,17,335164,341280,35007,91249,2.7030794576099355,0.21096620111021458
4477,0.4481,19,117,19,335281,341163,35026,91230,2.702152768977316,0.21098861452428694
4478,0.4482,8,84,8,335365,341079,35034,91222,2.701487454061589,0.21101501037471576
4479,0.4483,23,156,23,335521,340923,35057,91199,2.7002518692180963,0.21104919444045894
4480,0.4484,17,125,17,335646,340798,35074,91182,2.6992618172601697,0.21107921663039955
4481,0.4485,11,52,11,335698,340746,35085,91171,2.6988499556456724,0.21108453707541033
4482,0.4486,19,106,19,335804,340640,35104,91152,2.6980103915853504,0.21110164153110758
4483,0.4487,29,196,29,336000,340444,35133,91123,2.6964579901153214,0.21114450363442988
4484,0.4488,26,197,26,336197,340247,35159,91097,2.6948976682296286,0.2111933862531993
4485,0.4489,5,48,5,336245,340199,35164,91092,2.6945174882777847,0.211207746046173
4486,0.449,17,109,17,336354,340090,35181,91075,2.6936541629704727,0.21123003954402608
4487,0.4491,18,88,18,336442,340002,35199,91057,2.6929571663920924,0.21124022465602157
4488,0.4492,8,58,8,336500,339944,35207,91049,2.6924977822836142,0.21125401108602693
4489,0.4493,11,68,11,336568,339876,35218,91038,2.691959194018502,0.2112672134114928
4490,0.4494,13,92,13,336660,339784,35231,91025,2.691230515777468,0.2112885292554241
4491,0.4495,7,108,7,336768,339676,35238,91018,2.690375110885819,0.21132869276098576
4492,0.4496,14,100,14,336868,339576,35252,91004,2.689583069319478,0.21135212968554043
4493,0.4497,26,93,26,336961,339483,35278,90978,2.6888464706627806,0.21135015715709438
4494,0.4498,19,100,19,337061,339383,35297,90959,2.688054429096439,0.21136444967026224
4495,0.4499,33,194,33,337255,339189,35330,90926,2.6865178684577367,0.21139927693756322
4496,0.45,37,218,37,337473,338971,35367,90889,2.6847912178431126,0.2114386079188573
4497,0.4501,48,316,48,337789,338655,35415,90841,2.6822883664934736,0.2115060442937769
4498,0.4502,25,126,25,337915,338529,35440,90816,2.6812903941198836,0.21152220242462355
4499,0.4503,27,172,27,338087,338357,35467,90789,2.6799280826257763,0.2115573720831605
4500,0.4504,13,167,13,338254,338190,35480,90776,2.678605373209986,0.21161583901754452
4501,0.4505,14,101,14,338355,338089,35494,90762,2.677805411227981,0.21163994021233482
4502,0.4506,9,74,9,338429,338015,35503,90753,2.6772193004688885,0.21165991865064557
4503,0.4507,22,133,22,338562,337882,35525,90731,2.6761658851856547,0.2116851332087454
4504,0.4508,16,65,16,338627,337817,35541,90715,2.675651058167533,0.21168780861172562
4505,0.4509,16,88,16,338715,337729,35557,90699,2.674954061589152,0.21170184955231683
4506,0.451,12,53,12,338768,337676,35569,90687,2.674534279558991,0.21170595966505043
4507,0.4511,6,97,6,338865,337579,35575,90681,2.6737659992396403,0.21174286648297763
4508,0.4512,31,147,31,339012,337432,35606,90650,2.672601698137118,0.2117584948678057
4509,0.4513,25,145,25,339157,337287,35631,90625,2.671453237865923,0.21178419862027706
4510,0.4514,32,183,32,339340,337104,35663,90593,2.6700038017995182,0.21181584158878833
4511,0.4515,18,91,18,339431,337013,35681,90575,2.669283043974148,0.21182774072237762
4512,0.4516,30,170,30,339601,336843,35711,90545,2.6679365733113674,0.2118566735612605
4513,0.4517,13,97,13,339698,336746,35724,90532,2.667168292992016,0.21188078955621398
4514,0.4518,31,149,31,339847,336597,35755,90501,2.6659881510581673,0.21189750361743676
4515,0.4519,16,61,16,339908,336536,35771,90485,2.665505005702699,0.21189824388027756
4516,0.452,36,170,36,340078,336366,35807,90449,2.664158535039919,0.2119161697691037
4517,0.4521,12,60,12,340138,336306,35819,90437,2.663683310100114,0.21192380425689467
4518,0.4522,24,161,24,340299,336145,35843,90413,2.6624081231783046,0.2119594521729753
4519,0.4523,10,98,10,340397,336047,35853,90403,2.6616319224432896,0.21198968226052292
4520,0.4524,15,101,15,340498,335946,35868,90388,2.660831960461285,0.21201217824522559
4521,0.4525,20,148,20,340646,335798,35888,90368,2.6596597389430996,0.21204882604431138
4522,0.4526,33,147,33,340793,335651,35921,90335,2.658495437840578,0.21206095974985092
4523,0.4527,20,119,20,340912,335532,35941,90315,2.6575529083766316,0.21208321298494529
4524,0.4528,25,212,25,341124,335320,35966,90290,2.655873780255988,0.21214257183806773
4525,0.4529,27,164,27,341288,335156,35993,90263,2.654574832087188,0.2121743504638956
4526,0.453,10,63,10,341351,335093,36003,90253,2.654075845900393,0.21218725461153978
4527,0.4531,18,89,18,341440,335004,36021,90235,2.653370928906349,0.21219831671130823
4528,0.4532,11,93,11,341533,334911,36032,90224,2.6526343302496516,0.21222435226457478
4529,0.4533,23,165,23,341698,334746,36055,90201,2.651327461665188,0.21226411764290606
4530,0.4534,26,132,26,341830,334614,36081,90175,2.6502819667976176,0.21228186228927773
4531,0.4535,15,74,15,341904,334540,36096,90160,2.649695856038525,0.21229102896161997
4532,0.4536,24,140,24,342044,334400,36120,90136,2.648586997845647,0.21231650554958825
4533,0.4537,10,94,10,342138,334306,36130,90126,2.647842478773286,0.2123449692765861
4534,0.4538,38,217,38,342355,334089,36168,90088,2.646123748574325,0.21238303821282153
4535,0.4539,13,119,13,342474,333970,36181,90075,2.6451812191103787,0.2124184933202844
4536,0.454,27,118,27,342592,333852,36208,90048,2.6442466100620963,0.2124274593064402
4537,0.4541,35,213,35,342805,333639,36243,90013,2.642559561525789,0.2124691964159263
4538,0.4542,29,144,29,342949,333495,36272,89984,2.641419021670257,0.21248751413883568
4539,0.4543,30,175,30,343124,333320,36302,89954,2.64003294892916,0.212519549984171
4540,0.4544,25,179,25,343303,333141,36327,89929,2.638615194525409,0.21256293284799205
4541,0.4545,26,176,26,343479,332965,36353,89903,2.637221201368648,0.2126029872205984
4542,0.4546,25,94,25,343573,332871,36378,89878,2.636476682296287,0.21260369628313727
4543,0.4547,19,138,19,343711,332733,36397,89859,2.6353836649347357,0.21263772149023172
4544,0.4548,24,173,24,343884,332560,36421,89835,2.634013433024965,0.21268007433800115
4545,0.4549,15,113,15,343997,332447,36436,89820,2.6331184260549994,0.21270902059597363
4546,0.455,41,232,41,344229,332215,36477,89779,2.6312808896210873,0.21274947037161665
4547,0.4551,34,238,34,344467,331977,36511,89745,2.629395830693195,0.2128060665556931
4548,0.4552,16,113,16,344580,331864,36527,89729,2.628500823723229,0.21283323015325206
4549,0.4553,24,172,24,344752,331692,36551,89705,2.6271385122291218,0.21287526963884412
4550,0.4554,18,111,18,344863,331581,36569,89687,2.6262593460904826,0.21289772781222405
4551,0.4555,13,89,13,344952,331492,36582,89674,2.625554429096439,0.21291842171495326
4552,0.4556,17,126,17,345078,331366,36599,89657,2.624556456722849,0.21295036138168225
4553,0.4557,31,157,31,345235,331209,36630,89626,2.623312951463693,0.21297182981453538
4554,0.4558,22,151,22,345386,331058,36652,89604,2.6221169686985175,0.21300711735312436
4555,0.4559,23,140,23,345526,330918,36675,89581,2.6210081105056395,0.2130349893816632
4556,0.456,20,82,20,345608,330836,36695,89561,2.6203586364212392,0.21303910351405933
4557,0.4561,13,51,13,345659,330785,36708,89548,2.6199546952224053,0.21304061303775815
4558,0.4562,9,83,9,345742,330702,36717,89539,2.619297300722342,0.21306583603218154
4559,0.4563,14,46,14,345788,330656,36731,89525,2.618932961601825,0.21306294192264763
4560,0.4564,20,124,20,345912,330532,36751,89505,2.6179508300595615,0.2130883707863831
4561,0.4565,10,54,10,345966,330478,36761,89495,2.617523127613737,0.21309703242827516
4562,0.4566,12,134,12,346100,330344,36773,89483,2.6164617919148396,0.21314255633868237
4563,0.4567,17,120,17,346220,330224,36790,89466,2.61551134203523,0.2131716266768329
4564,0.4568,12,52,12,346272,330172,36802,89454,2.6150994804207324,0.2131755420302841
4565,0.4569,41,257,41,346529,329915,36843,89413,2.6130639335952353,0.21322926205738707
4566,0.457,35,233,35,346762,329682,36878,89378,2.6112184767456594,0.2132821075740944
4567,0.4571,16,105,16,346867,329577,36894,89362,2.610386833101001,0.21330551703231257
4568,0.4572,10,80,10,346947,329497,36904,89352,2.609753199847928,0.21332747601164143
4569,0.4573,16,84,16,347031,329413,36920,89336,2.6090878849322015,0.2133402109616978
4570,0.4574,25,154,25,347185,329259,36945,89311,2.6078681409200355,0.21337171799221158
4571,0.4575,43,225,43,347410,329034,36988,89268,2.606086047395767,0.2134056256006426
4572,0.4576,40,256,40,347666,328778,37028,89228,2.6040584209859334,0.2134610507983139
4573,0.4577,15,134,15,347800,328644,37043,89213,2.602997085287036,0.2135012695730836
4574,0.4578,26,171,26,347971,328473,37069,89187,2.601642694208592,0.2135397213044103
4575,0.4579,10,90,10,348061,328383,37079,89177,2.600929856798885,0.2135669125395153
4576,0.458,16,114,16,348175,328269,37095,89161,2.6000269294132554,0.21359509378818006
4577,0.4581,14,85,14,348260,328184,37109,89147,2.5993536940818656,0.21361221668172267
4578,0.4582,13,92,13,348352,328092,37122,89134,2.5986250158408315,0.2136348166221664
4579,0.4583,24,239,24,348591,327853,37146,89110,2.5967320364972752,0.21371200801989626
4580,0.4584,25,179,25,348770,327674,37171,89085,2.595314282093524,0.21375663153045285
4581,0.4585,14,109,14,348879,327565,37185,89071,2.594450956786212,0.21378613465951093
4582,0.4586,22,160,22,349039,327405,37207,89049,2.593183690280066,0.21382673716664985
4583,0.4587,21,89,21,349128,327316,37228,89028,2.592478773286022,0.21383279211421324
4584,0.4588,21,144,21,349272,327172,37249,89007,2.5913382334304904,0.2138671100656208
4585,0.4589,24,74,24,349346,327098,37273,88983,2.5907521226713977,0.21385980133675894
4586,0.459,11,97,11,349443,327001,37284,88972,2.5899838423520465,0.21388888221110505
4587,0.4591,21,228,21,349671,326773,37305,88951,2.588177987580788,0.2139664777592826
4588,0.4592,18,123,18,349794,326650,37323,88933,2.587203776454188,0.2139957601730581
4589,0.4593,11,61,11,349855,326589,37334,88922,2.58672063109872,0.21400636806245804
4590,0.4594,12,89,12,349944,326500,37346,88910,2.586015714104676,0.2140295130112419
4591,0.4595,29,169,29,350113,326331,37375,88881,2.584677163857559,0.21406173231987516
4592,0.4596,8,41,8,350154,326290,37383,88873,2.5843524268153595,0.21406772761541853
4593,0.4597,31,171,31,350325,326119,37414,88842,2.5829980357369156,0.2140972284142365
4594,0.4598,16,144,16,350469,325975,37430,88826,2.581857495881384,0.2141412388108997
4595,0.4599,12,96,12,350565,325879,37442,88814,2.581097135977696,0.21416807132022966
4596,0.46,18,105,18,350670,325774,37460,88796,2.5802654923330377,0.21418819499722605
4597,0.4601,20,127,20,350797,325647,37480,88776,2.579259599543784,0.21421590983125938
4598,0.4602,11,118,11,350915,325529,37491,88765,2.578324990495501,0.21425605970639208
4599,0.4603,20,101,20,351016,325428,37511,88745,2.5775250285134965,0.21427036528214055
4600,0.4604,28,140,28,351156,325288,37539,88717,2.5764161703206185,0.21428968249175734
4601,0.4605,28,202,28,351358,325086,37567,88689,2.5748162463566087,0.21434112742432482
4602,0.4606,30,145,30,351503,324941,37597,88659,2.5736677860854136,0.21435928433268858
4603,0.4607,21,168,21,351671,324773,37618,88638,2.57233715625396,0.21440648652309688
4604,0.4608,13,93,13,351764,324680,37631,88625,2.5716005575972627,0.21443002141275813
4605,0.4609,20,170,20,351934,324510,37651,88605,2.5702540869344825,0.21448022947605389
4606,0.461,14,77,14,352011,324433,37665,88591,2.5696442149283993,0.21449358875029054
4607,0.4611,16,124,16,352135,324309,37681,88575,2.568662083386136,0.21452756706484147
4608,0.4612,13,53,13,352188,324256,37694,88562,2.568242301355975,0.21453037416004148
4609,0.4613,21,152,21,352340,324104,37715,88541,2.567038398175136,0.21456942408123206
4610,0.4614,17,130,17,352470,323974,37732,88524,2.5660087441388924,0.21460467687116058
4611,0.4615,29,243,29,352713,323731,37761,88495,2.5640840831326828,0.21467593019363165
4612,0.4616,23,132,23,352845,323599,37784,88472,2.5630385882651123,0.21470086465681884
4613,0.4617,25,239,25,353084,323360,37809,88447,2.561145608921556,0.21477779639491315
4614,0.4618,16,172,16,353256,323188,37825,88431,2.559783297427449,0.2148370216146485
4615,0.4619,13,73,13,353329,323115,37838,88418,2.55920510708402,0.2148503279202397
4616,0.462,18,105,18,353434,323010,37856,88400,2.558373463439361,0.21487081014073553
4617,0.4621,26,158,26,353592,322852,37882,88374,2.557122037764542,0.21490372690442724
4618,0.4622,28,160,28,353752,322692,37910,88346,2.5558547712583954,0.21493389905556176
4619,0.4623,24,158,24,353910,322534,37934,88322,2.554603345583576,0.214970695328777
4620,0.4624,18,105,18,354015,322429,37952,88304,2.553771701938918,0.2149912473553379
4621,0.4625,16,111,16,354126,322318,37968,88288,2.5528925358002788,0.21501877712454276
4622,0.4626,17,87,17,354213,322231,37985,88271,2.552203459637562,0.21503183906533951
4623,0.4627,23,117,23,354330,322114,38008,88248,2.551276771004942,0.2150491517245749
4624,0.4628,13,104,13,354434,322010,38021,88235,2.5504530477759473,0.21507879437896865
4625,0.4629,17,102,17,354536,321908,38038,88218,2.549645165378279,0.21509974983297817
4626,0.463,17,126,17,354662,321782,38055,88201,2.548647193004689,0.2151333104055534
4627,0.4631,32,225,32,354887,321557,38087,88169,2.5468650994804207,0.215190151467078
4628,0.4632,16,96,16,354983,321461,38103,88153,2.546104739576733,0.21520992934811797
4629,0.4633,30,151,30,355134,321310,38133,88123,2.5449087568115574,0.21523179616689422
4630,0.4634,20,172,20,355306,321138,38153,88103,2.54354644531745,0.2152839036166953
4631,0.4635,44,208,44,355514,320930,38197,88059,2.5418989988594602,0.2153089691898804
4632,0.4636,22,183,22,355697,320747,38219,88037,2.5404495627930554,0.2153631257583467
4633,0.4637,26,178,26,355875,320569,38245,88011,2.5390397288049678,0.21540701943315874
4634,0.4638,20,169,20,356044,320400,38265,87991,2.537701178557851,0.21545773535655782
4635,0.4639,28,207,28,356251,320193,38293,87963,2.536061652515524,0.2155131861347132
4636,0.464,33,216,33,356467,319977,38326,87930,2.5343508427322265,0.2155638417580478
4637,0.4641,23,185,23,356652,319792,38349,87907,2.532885565834495,0.21561740401619822
4638,0.4642,32,228,32,356880,319564,38381,87875,2.531079711063237,0.21567645708928207
4639,0.4643,31,152,31,357032,319412,38412,87844,2.5298758078823975,0.21569725185141533
4640,0.4644,22,131,22,357163,319281,38434,87822,2.5288382334304904,0.21572427616598255
4641,0.4645,32,239,32,357402,319042,38466,87790,2.5269452540869346,0.21578931844102725
4642,0.4646,52,293,52,357695,318749,38518,87738,2.524624572297554,0.21584454115383764
4643,0.4647,18,137,18,357832,318612,38536,87720,2.5235394753516665,0.21588257877794512
4644,0.4648,41,171,41,358003,318441,38577,87679,2.5221850842732225,0.21589431695065497
4645,0.4649,27,113,27,358116,318328,38604,87652,2.5212900773032567,0.21590226119513276
4646,0.465,21,123,21,358239,318205,38625,87631,2.520315866176657,0.21592712327146926
4647,0.4651,15,146,15,358385,318059,38640,87616,2.5191594854897983,0.2159758427312504
4648,0.4652,39,250,39,358635,317809,38679,87577,2.517179381573945,0.21603360747534447
4649,0.4653,33,171,33,358806,317638,38712,87544,2.515824990495501,0.21606093064351328
4650,0.4654,40,234,40,359040,317404,38752,87504,2.5139716132302623,0.21610835053888786
4651,0.4655,13,102,13,359142,317302,38765,87491,2.513163730832594,0.21613763083847795
4652,0.4656,18,127,18,359269,317175,38783,87473,2.5121578380433407,0.21617059765524604
4653,0.4657,16,127,16,359396,317048,38799,87457,2.511151945254087,0.2162074634429735
4654,0.4658,39,265,39,359661,316783,38838,87418,2.5090530351032823,0.21627358665614385
4655,0.4659,23,134,23,359795,316649,38861,87395,2.5079916994043847,0.21630069992377068
4656,0.466,17,95,17,359890,316554,38878,87378,2.50723925991636,0.21631858827723477
4657,0.4661,36,181,36,360071,316373,38914,87342,2.5058056646812825,0.21634568940960827
4658,0.4662,24,171,24,360242,316202,38938,87318,2.5044512736028386,0.21639076130055512
4659,0.4663,18,105,18,360347,316097,38956,87300,2.5036196299581803,0.21641212007030294
4660,0.4664,38,202,38,360549,315895,38994,87262,2.5020197059941705,0.21644669446394332
4661,0.4665,22,129,22,360678,315766,39016,87240,2.50099797237359,0.2164732038728952
4662,0.4666,25,96,25,360774,315670,39041,87215,2.5002376124699026,0.21647616565521177
4663,0.4667,9,83,9,360857,315587,39050,87206,2.499580217969839,0.2165032659455353
4664,0.4668,39,250,39,361107,315337,39089,87167,2.4976001140539856,0.21656182298809454
4665,0.4669,16,97,16,361204,315240,39105,87151,2.4968318337346345,0.21658287585954955
4666,0.467,10,106,10,361310,315134,39115,87141,2.4959922696743124,0.21662047107078491
4667,0.4671,25,136,25,361446,314998,39140,87116,2.494915093144088,0.2166450310111063
4668,0.4672,15,87,15,361533,314911,39155,87101,2.4942260169813713,0.21666268668596958
4669,0.4673,14,112,14,361645,314799,39169,87087,2.493338930427069,0.2166957794001284
4670,0.4674,26,151,26,361796,314648,39195,87061,2.4921429476618933,0.21672653587547205
4671,0.4675,19,87,19,361883,314561,39214,87042,2.4914538714991763,0.21673642876173735
4672,0.4676,20,76,20,361959,314485,39234,87022,2.490851919908757,0.21673843793507958
4673,0.4677,12,93,12,362052,314392,39246,87010,2.4901153212520595,0.216765237841366
4674,0.4678,15,104,15,362156,314288,39261,86995,2.489291598023064,0.2167921392134728
4675,0.4679,22,175,22,362331,314113,39283,86973,2.487905525281967,0.21684376916671239
4676,0.468,44,273,44,362604,313840,39327,86929,2.4857432518058546,0.2169054991778306
4677,0.4681,10,58,10,362662,313782,39337,86919,2.485283867697377,0.2169173523400241
4678,0.4682,25,87,25,362749,313695,39362,86894,2.4845947915346596,0.21691559179108763
4679,0.4683,13,80,13,362829,313615,39375,86881,2.483961158281587,0.21693350245695336
4680,0.4684,34,184,34,363013,313431,39409,86847,2.4825038017995182,0.2169667081378442
4681,0.4685,25,153,25,363166,313278,39434,86822,2.481291978203016,0.21700074981254686
4682,0.4686,16,151,16,363317,313127,39450,86806,2.4800959954378405,0.2170513561021471
4683,0.4687,43,324,43,363641,312803,39493,86763,2.4775297807628944,0.21714310026378622
4684,0.4688,15,55,15,363696,312748,39508,86748,2.4770941579014067,0.21714360093718085
4685,0.4689,48,315,48,364011,312433,39556,86700,2.474599226967431,0.21722082614065988
4686,0.469,18,124,18,364135,312309,39574,86682,2.4736170954251677,0.21725302074482883
4687,0.4691,25,132,25,364267,312177,39599,86657,2.4725716005575973,0.2172758591293621
4688,0.4692,12,67,12,364334,312110,39611,86645,2.4720409327081487,0.21728881142556206
4689,0.4693,37,135,37,364469,311975,39648,86608,2.470971676593588,0.21728974893560438
4690,0.4694,26,167,26,364636,311808,39674,86582,2.4696489671777977,0.2173297522528176
4691,0.4695,34,155,34,364791,311653,39708,86548,2.4684213027499684,0.2173475204733288
4692,0.4696,28,191,28,364982,311462,39736,86520,2.466908503358256,0.21739676668794067
4693,0.4697,15,82,15,365064,311380,39751,86505,2.466259029273856,0.21741206630056423
4694,0.4698,21,132,21,365196,311248,39772,86484,2.4652135344062858,0.217442901250088
4695,0.4699,23,186,23,365382,311062,39795,86461,2.4637403370928905,0.21749936481662696
4696,0.47,16,75,16,365457,310987,39811,86445,2.4631463059181344,0.21750890718412205
4697,0.4701,25,116,25,365573,310871,39836,86420,2.4622275377011786,0.2175231757074789
4698,0.4702,19,108,19,365681,310763,39855,86401,2.46137213280953,0.21754489329345056
4699,0.4703,14,137,14,365818,310626,39869,86387,2.460287035863642,0.21759237103067153
4700,0.4704,12,63,12,365881,310563,39881,86375,2.459788049676847,0.21760325290095683
4701,0.4705,20,79,20,365960,310484,39901,86355,2.4591623368394373,0.21760714042722615
4702,0.4706,8,67,8,366027,310417,39909,86347,2.4586316689899887,0.21762811142139912
4703,0.4707,25,146,25,366173,310271,39934,86322,2.4574752883031303,0.21765890976391414
4704,0.4708,18,118,18,366291,310153,39952,86304,2.4565406792548474,0.2176881729922791
4705,0.4709,33,197,33,366488,309956,39985,86271,2.4549803573691547,0.2177312500157738
4706,0.471,14,86,14,366574,309870,39999,86257,2.454299201622101,0.21775087282613909
4707,0.4711,19,125,19,366699,309745,40018,86238,2.4533091496641743,0.21778207650328424
4708,0.4712,29,172,29,366871,309573,40047,86209,2.451946838170067,0.2178194056323936
4709,0.4713,9,61,9,366932,309512,40056,86200,2.451463692814599,0.2178351932718745
4710,0.4714,46,235,46,367167,309277,40102,86154,2.4496023951336965,0.21787366190308802
4711,0.4715,15,113,15,367280,309164,40117,86139,2.4487073881637307,0.21790626430864427
4712,0.4716,46,236,46,367516,308928,40163,86093,2.4468381700671653,0.2179453750560097
4713,0.4717,20,130,20,367646,308798,40183,86073,2.445808516030921,0.21797751670798818
4714,0.4718,14,113,14,367759,308685,40197,86059,2.4449135090609557,0.21801218004580183
4715,0.4719,23,165,23,367924,308520,40220,86036,2.4436066404764922,0.21805776619795417
4716,0.472,36,207,36,368131,308313,40256,86000,2.4419671144341657,0.21810084881807093
4717,0.4721,16,136,16,368267,308177,40272,85984,2.440889937903941,0.21814436232909903
4718,0.4722,20,111,20,368378,308066,40292,85964,2.4400107717653023,0.2181661294825267
4719,0.4723,21,108,21,368486,307958,40313,85943,2.4391553668736536,0.21818426457409348
4720,0.4724,12,71,12,368557,307887,40325,85931,2.4385930173615513,0.21819977756222417
4721,0.4725,39,194,39,368751,307693,40364,85892,2.437056456722849,0.2182298614022384
4722,0.4726,14,104,14,368855,307589,40378,85878,2.4362327334938536,0.21825972699108184
4723,0.4727,12,51,12,368906,307538,40390,85866,2.4358287922950197,0.21826417626663683
4724,0.4728,29,172,29,369078,307366,40419,85837,2.4344664808009124,0.21830199667856043
4725,0.4729,22,199,22,369277,307167,40441,85815,2.432890318083893,0.21836878024947706
4726,0.473,21,163,21,369440,307004,40462,85794,2.4315992903307566,0.21841760905096258
4727,0.4731,37,147,37,369587,306857,40499,85757,2.430434989228235,0.2184257311252273
4728,0.4732,29,96,29,369683,306761,40528,85728,2.429674629324547,0.21842140798850412
4729,0.4733,18,67,18,369750,306694,40546,85710,2.429143961475098,0.21842284991998043
4730,0.4734,53,214,53,369964,306480,40599,85657,2.4274489925231277,0.2184364138043592
4731,0.4735,25,170,25,370134,306310,40624,85632,2.426102521860347,0.21848130590750672
4732,0.4736,27,191,27,370325,306119,40651,85605,2.4245897224686352,0.21853396779365064
4733,0.4737,15,101,15,370426,306018,40666,85590,2.4237897604866303,0.2185603971318257
4734,0.4738,17,159,17,370585,305859,40683,85573,2.4225304143961477,0.21861523840667088
4735,0.4739,26,127,26,370712,305732,40709,85547,2.421524521606894,0.2186342737535109
4736,0.474,19,153,19,370865,305579,40728,85528,2.4203126980103917,0.21868184409892946
4737,0.4741,31,194,31,371059,305385,40759,85497,2.4187761373716894,0.2187284142017284
4738,0.4742,19,100,19,371159,305285,40778,85478,2.417984095805348,0.21874640127135886
4739,0.4743,14,119,14,371278,305166,40792,85464,2.4170415663414015,0.21878503955149375
4740,0.4744,10,56,10,371334,305110,40802,85454,2.4165980230642505,0.21879640724695568
4741,0.4745,7,84,7,371418,305026,40809,85447,2.4159327081485236,0.21882947092372584
4742,0.4746,12,68,12,371486,304958,40821,85435,2.4153941198834117,0.21884357557640635
4743,0.4747,18,144,18,371630,304814,40839,85417,2.41425358002788,0.21888829949440203
4744,0.4748,43,241,43,371871,304573,40882,85374,2.412344759852997,0.21893744534513665
4745,0.4749,27,144,27,372015,304429,40909,85347,2.4112042199974653,0.2189642256065022
4746,0.475,19,117,19,372132,304312,40928,85328,2.410277531364846,0.21899188994969715
4747,0.4751,7,106,7,372238,304206,40935,85321,2.409437967304524,0.21903744798178304
4748,0.4752,18,158,18,372396,304048,40953,85303,2.408186541629705,0.21909022963855235
4749,0.4753,36,148,36,372544,303900,40989,85267,2.4070143201115193,0.21910131126226015
4750,0.4754,6,20,6,372564,303880,40995,85261,2.4068559117982513,0.21910053168388835
4751,0.4755,15,166,15,372730,303714,41010,85246,2.4055411227981245,0.21916392431098314
4752,0.4756,20,104,20,372834,303610,41030,85226,2.4047173995691296,0.219182380232283
4753,0.4757,27,135,27,372969,303475,41057,85199,2.4036481434545687,0.21920426887314304
4754,0.4758,20,157,20,373126,303318,41077,85179,2.4024046381954123,0.2192526583216859
4755,0.4759,32,165,32,373291,303153,41109,85147,2.4010977696109492,0.21928148338913211
4756,0.476,29,174,29,373465,302979,41138,85118,2.3997196172855153,0.21932145829522
4757,0.4761,14,108,14,373573,302871,41152,85104,2.3988642123938666,0.21935433984148464
4758,0.4762,21,118,21,373691,302753,41173,85083,2.3979296033455837,0.219378809599934
4759,0.4763,19,73,19,373764,302680,41192,85064,2.3973514130021543,0.21938186019641825
4760,0.4764,22,117,22,373881,302563,41214,85042,2.396424724369535,0.21940377446111375
4761,0.4765,38,212,38,374093,302351,41252,85004,2.394745596248891,0.21944727704560416
4762,0.4766,21,118,21,374211,302233,41273,84983,2.393810987200608,0.219471819346308
4763,0.4767,18,83,18,374294,302150,41291,84965,2.393153592700545,0.21948258269506477
4764,0.4768,19,109,19,374403,302041,41310,84946,2.392290267393233,0.2195060815996403
4765,0.4769,26,157,26,374560,301884,41336,84920,2.391046762134077,0.2195427141394608
4766,0.477,10,89,10,374649,301795,41346,84910,2.390341845140033,0.21957305956737047
4767,0.4771,34,178,34,374827,301617,41380,84876,2.388932011151945,0.21960552972498856
4768,0.4772,11,103,11,374930,301514,41391,84865,2.3881162083386136,0.21964185424156074
4769,0.4773,14,108,14,375038,301406,41405,84851,2.387260803446965,0.21967498323654977
4770,0.4774,31,153,31,375191,301253,41436,84820,2.3860489798504627,0.21969938327725586
4771,0.4775,31,139,31,375330,301114,41467,84789,2.384948042073248,0.21971583532649397
4772,0.4776,11,52,11,375382,301062,41478,84778,2.3845361804587504,0.2197232013269749
4773,0.4777,43,283,43,375665,300779,41521,84735,2.3822947028260044,0.21979746520230134
4774,0.4778,41,204,41,375869,300575,41562,84694,2.380678938030668,0.21983081950533265
4775,0.4779,20,150,20,376019,300425,41582,84674,2.3794908756811557,0.21987592800812258
4776,0.478,15,77,15,376096,300348,41597,84659,2.378881003675073,0.21988950850244282
4777,0.4781,27,166,27,376262,300182,41624,84632,2.377566214674946,0.21992962833992527
4778,0.4782,21,127,21,376389,300055,41645,84611,2.3765603218856928,0.21995965330962444
4779,0.4783,24,128,24,376517,299927,41669,84587,2.3755465086807757,0.21998418783191248
4780,0.4784,15,81,15,376598,299846,41684,84572,2.374904955012039,0.2200001040534002
4781,0.4785,22,94,22,376692,299752,41706,84550,2.374160435939678,0.22000926354793887
4782,0.4786,29,132,29,376824,299620,41735,84521,2.3731149410721075,0.220025980043786
4783,0.4787,32,151,32,376975,299469,41767,84489,2.371918958306932,0.2200475051958808
4784,0.4788,6,51,6,377026,299418,41773,84483,2.3715150171080976,0.2200645478912532
4785,0.4789,38,131,38,377157,299287,41811,84445,2.3704774426561905,0.2200624394108388
4786,0.479,31,199,31,377356,299088,41842,84414,2.368901279939171,0.22011358480529436
4787,0.4791,16,90,16,377446,298998,41858,84398,2.368188442529464,0.22013270873978863
4788,0.4792,30,190,30,377636,298808,41888,84368,2.366683563553415,0.22018080464329706
4789,0.4793,18,118,18,377754,298690,41906,84350,2.3657489545051322,0.22021198830409358
4790,0.4794,20,139,20,377893,298551,41926,84330,2.364648016727918,0.22025120076472846
4791,0.4795,9,49,9,377942,298502,41935,84321,2.3642599163604108,0.22026106059458286
4792,0.4796,30,107,30,378049,298395,41965,84291,2.3634124318844254,0.220261519888368
4793,0.4797,18,118,18,378167,298277,41983,84273,2.3624778228361425,0.22029277218664228
4794,0.4798,17,116,17,378283,298161,42000,84256,2.3615590546191862,0.2203249332534903
4795,0.4799,18,101,18,378384,298060,42018,84238,2.3607590926371818,0.22034643131797707
4796,0.48,24,100,24,378484,297960,42042,84214,2.35996705107084,0.22035512619906117
4797,0.4801,7,51,7,378535,297909,42049,84207,2.3595631098720062,0.22037025405897687
4798,0.4802,37,208,37,378743,297701,42086,84170,2.357915663414016,0.22041474738851602
4799,0.4803,13,117,13,378860,297584,42099,84157,2.3569889747813964,0.22045575403218412
4800,0.4804,16,80,16,378940,297504,42115,84141,2.3563553415283236,0.22046928428251386
4801,0.4805,11,71,11,379011,297433,42126,84130,2.355792992016221,0.22048783556057583
4802,0.4806,12,78,12,379089,297355,42138,84118,2.3551751995944747,0.22050839771097824
4803,0.4807,16,99,16,379188,297256,42154,84102,2.354391078443797,0.2205329375547386
4804,0.4808,16,67,16,379255,297189,42170,84086,2.353860410594348,0.2205389810504229
4805,0.4809,18,92,18,379347,297097,42188,84068,2.353131732353314,0.22055540251597078
4806,0.481,11,123,11,379470,296974,42199,84057,2.352157521226714,0.22060409782931048
4807,0.4811,15,76,15,379546,296898,42214,84042,2.3515555696362944,0.22061742006615215
4808,0.4812,12,68,12,379614,296830,42226,84030,2.3510169813711825,0.22063225332143044
4809,0.4813,15,160,15,379774,296670,42241,84015,2.349749714865036,0.22069427479412113
4810,0.4814,12,73,12,379847,296597,42253,84003,2.3491715245216067,0.22071203363110878
4811,0.4815,15,97,15,379944,296500,42268,83988,2.3484032442022555,0.2207375791089338
4812,0.4816,19,118,19,380062,296382,42287,83969,2.347468635153973,0.22076713351614694
4813,0.4817,24,110,24,380172,296272,42311,83945,2.3465973894309973,0.22078181669941113
4814,0.4818,59,280,59,380452,295992,42370,83886,2.3443796730452413,0.220823527553583
4815,0.4819,43,206,43,380658,295786,42413,83843,2.342748067418578,0.22085509800357717
4816,0.482,22,98,22,380756,295688,42435,83821,2.3419718666835636,0.22086696231182923
4817,0.4821,18,59,18,380815,295629,42453,83803,2.341504562159422,0.2208643445992958
4818,0.4822,12,80,12,380895,295549,42465,83791,2.340870928906349,0.22088627616386355
4819,0.4823,51,272,51,381167,295277,42516,83740,2.3387165758459005,0.22093995783830278
4820,0.4824,46,193,46,381360,295084,42562,83694,2.3371879356228615,0.22095792258262095
4821,0.4825,15,141,15,381501,294943,42577,83679,2.33607115701432,0.22100934441210496
4822,0.4826,20,109,20,381610,294834,42597,83659,2.335207831707008,0.22103182885812947
4823,0.4827,30,147,30,381757,294687,42627,83629,2.334043530604486,0.22105594265111705
4824,0.4828,27,121,27,381878,294566,42654,83602,2.333085160309213,0.22107105836559413
4825,0.4829,19,112,19,381990,294454,42673,83583,2.3321980737549106,0.22109740580948425
4826,0.483,46,352,46,382342,294102,42719,83537,2.329410087441389,0.22120861457635466
4827,0.4831,23,72,23,382414,294030,42742,83514,2.328839817513623,0.22120335642997901
4828,0.4832,22,169,22,382583,293861,42764,83492,2.327501267266506,0.22125701928963065
4829,0.4833,18,94,18,382677,293767,42782,83474,2.3267567481941454,0.22127499396937236
4830,0.4834,21,125,21,382802,293642,42803,83453,2.3257666962362187,0.22130497619963138
4831,0.4835,36,223,36,383025,293419,42839,83417,2.324000443543277,0.22136154719825069
4832,0.4836,18,69,18,383094,293350,42857,83399,2.3234539348625014,0.22136488749804245
4833,0.4837,21,105,21,383199,293245,42878,83378,2.322622291217843,0.22138318690042827
4834,0.4838,18,79,18,383278,293166,42896,83360,2.3219965783804333,0.22139241380409322
4835,0.4839,40,147,40,383425,293019,42936,83320,2.3208322772779115,0.2213961348677655
4836,0.484,19,147,19,383572,292872,42955,83301,2.31966797617539,0.22144332527852875
4837,0.4841,9,96,9,383668,292776,42964,83292,2.318907616271702,0.22148122148122149
4838,0.4842,24,155,24,383823,292621,42988,83268,2.3176799518438727,0.2215228431797685
4839,0.4843,21,132,21,383955,292489,43009,83247,2.316634456976302,0.2215571571528946
4840,0.4844,18,102,18,384057,292387,43027,83229,2.315826574578634,0.22158001789061169
4841,0.4845,47,190,47,384247,292197,43074,83182,2.3143216956025854,0.22159470828149683
4842,0.4846,42,285,42,384532,291912,43116,83140,2.3120643771385123,0.22167592760470547
4843,0.4847,16,108,16,384640,291804,43132,83124,2.3112089722468636,0.22170656766099092
4844,0.4848,11,119,11,384759,291685,43143,83113,2.3102664427829174,0.22175411821834695
4845,0.4849,12,71,12,384830,291614,43155,83101,2.309704093270815,0.22177121278838585
4846,0.485,20,153,20,384983,291461,43175,83081,2.3084922696743124,0.22182024979842047
4847,0.4851,35,175,35,385158,291286,43210,83046,2.307106196933215,0.22185119092142805
4848,0.4852,29,174,29,385332,291112,43239,83017,2.305728044607781,0.22189405258614006
4849,0.4853,34,153,34,385485,290959,43273,82983,2.3045162210112786,0.22191409362949335
4850,0.4854,13,77,13,385562,290882,43286,82970,2.303906349005196,0.22193274343857997
4851,0.4855,6,73,6,385635,290809,43292,82964,2.3033281586617664,0.2219635982267312
4852,0.4856,26,101,26,385736,290708,43318,82938,2.302528196679762,0.22196945772201496
4853,0.4857,21,112,21,385848,290596,43339,82917,2.3016411101254595,0.221992273361302
4854,0.4858,15,123,15,385971,290473,43354,82902,2.3006668989988595,0.22203414797455642
4855,0.4859,20,129,20,386100,290344,43374,82882,2.299645165378279,0.2220692020384432
4856,0.486,28,211,28,386311,290133,43402,82854,2.2979739576732987,0.2221364283473687
4857,0.4861,18,173,18,386484,289960,43420,82836,2.296603725763528,0.22220195495659825
4858,0.4862,13,104,13,386588,289856,43433,82823,2.295780002534533,0.22223683116032833
4859,0.4863,18,144,18,386732,289712,43451,82805,2.2946394626790014,0.22228515745590133
4860,0.4864,28,167,28,386899,289545,43479,82777,2.2933167532632113,0.22232637340796407
4861,0.4865,9,94,9,386993,289451,43488,82768,2.2925722341908505,0.22236371598440702
4862,0.4866,33,106,33,387099,289345,43521,82735,2.2917326701305285,0.22235809503332615
4863,0.4867,20,63,20,387162,289282,43541,82715,2.2912336839437333,0.22235394371459985
4864,0.4868,15,120,15,387282,289162,43556,82700,2.2902832340641237,0.22239432907906698
4865,0.4869,16,92,16,387374,289070,43572,82684,2.2895545558230896,0.22241589868569
4866,0.487,9,79,9,387453,288991,43581,82675,2.28892884298568,0.22244434519165057
4867,0.4871,21,184,21,387637,288807,43602,82654,2.2874714865036117,0.22251057311534725
4868,0.4872,23,140,23,387777,288667,43625,82631,2.2863626283107337,0.2225463105106949
4869,0.4873,25,123,25,387900,288544,43650,82606,2.2853884171841337,0.22256769500202075
4870,0.4874,52,233,52,388133,288311,43702,82554,2.2835429603345583,0.22259851967697142
4871,0.4875,39,216,39,388349,288095,43741,82515,2.281832150551261,0.22264644774830686
4872,0.4876,27,146,27,388495,287949,43768,82488,2.2806757698644025,0.22267754031049813
4873,0.4877,15,67,15,388562,287882,43783,82473,2.280145102014954,0.22268634148317154
4874,0.4878,21,93,21,388655,287789,43804,82452,2.279408503358256,0.2226981884772351
4875,0.4879,17,116,17,388771,287673,43821,82435,2.2784897351413003,0.2227322835496666
4876,0.488,16,93,16,388864,287580,43837,82419,2.277753136484603,0.22275465609366513
4877,0.4881,33,128,33,388992,287452,43870,82386,2.2767393232796858,0.2227623986718509
4878,0.4882,11,91,11,389083,287361,43881,82375,2.276018565454315,0.22279410173745592
4879,0.4883,12,110,12,389193,287251,43893,82363,2.2751473197313397,0.22283517399232713
4880,0.4884,21,94,21,389287,287157,43914,82342,2.2744028006589785,0.22284769376913063
4881,0.4885,29,135,29,389422,287022,43943,82313,2.2733335445444176,0.2228681278514086
4882,0.4886,9,63,9,389485,286959,43952,82304,2.272834558357623,0.22288721047058602
4883,0.4887,15,74,15,389559,286885,43967,82289,2.27224844759853,0.22290031258972734
4884,0.4888,21,87,21,389646,286798,43988,82268,2.271559371435813,0.2229086396471092
4885,0.4889,34,175,34,389821,286623,44022,82234,2.2701732986947154,0.22294276643794209
4886,0.489,18,88,18,389909,286535,44040,82216,2.269476302116335,0.22295803943582526
4887,0.4891,18,132,18,390041,286403,44058,82198,2.2684308072487642,0.2229999376019056
4888,0.4892,42,214,42,390255,286189,44100,82156,2.266735838296794,0.22304089915704028
4889,0.4893,21,132,21,390387,286057,44121,82135,2.265690343429223,0.22307654701894664
4890,0.4894,29,172,29,390559,285885,44150,82106,2.264328031935116,0.2231195871638165
4891,0.4895,17,131,17,390690,285754,44167,82089,2.2632904574832087,0.223163142971322
4892,0.4896,26,91,26,390781,285663,44193,82063,2.262569699657838,0.22316344234565955
4893,0.4897,25,149,25,390930,285514,44218,82038,2.2613895577239895,0.22320107086888386
4894,0.4898,25,113,25,391043,285401,44243,82013,2.2604945507540237,0.22321686163292634
4895,0.4899,23,165,23,391208,285236,44266,81990,2.2591876821695602,0.223268504953353
4896,0.49,16,123,16,391331,285113,44282,81974,2.25821347104296,0.22330946070005203
4897,0.4901,41,202,41,391533,284911,44323,81933,2.256613547078951,0.22334561830096716
4898,0.4902,43,239,43,391772,284672,44366,81890,2.2547205677353945,0.22340013422013194
4899,0.4903,18,146,18,391918,284526,44384,81872,2.253564187048536,0.22345100137009483
4900,0.4904,19,126,19,392044,284400,44403,81853,2.252566214674946,0.22348758918015688
4901,0.4905,17,68,17,392112,284332,44420,81836,2.252027626409834,0.22349304144545673
4902,0.4906,8,41,8,392153,284291,44428,81828,2.251702889367634,0.2235011021006831
4903,0.4907,28,202,28,392355,284089,44456,81800,2.250102965403624,0.22356507028087752
4904,0.4908,5,38,5,392393,284051,44461,81795,2.2498019896084145,0.22357768022610608
4905,0.4909,30,146,30,392539,283905,44491,81765,2.248645608921556,0.22360324883091312
4906,0.491,15,100,15,392639,283805,44506,81750,2.247853567355215,0.2236325587120953
4907,0.4911,10,90,10,392729,283715,44516,81740,2.2471407299455075,0.2236663884746412
4908,0.4912,43,332,43,393061,283383,44559,81697,2.2445111519452543,0.22377834995069573
4909,0.4913,37,155,37,393216,283228,44596,81660,2.243283487517425,0.22379469864725615
4910,0.4914,19,112,19,393328,283116,44615,81641,2.2423964009631225,0.2238229835205356
4911,0.4915,17,102,17,393430,283014,44632,81624,2.2415885185654543,0.22384940680894477
4912,0.4916,9,82,9,393512,282932,44641,81615,2.2409390444810544,0.22388059701492538
4913,0.4917,32,150,32,393662,282782,44673,81583,2.2397509821315422,0.22390460115543478
4914,0.4918,23,180,23,393842,282602,44696,81560,2.238325307312128,0.22396625677583054
4915,0.4919,21,137,21,393979,282465,44717,81539,2.23724021036624,0.22400578015626202
4916,0.492,18,67,18,394046,282398,44735,81521,2.2367095425167913,0.22400863928511563
4917,0.4921,14,96,14,394142,282302,44749,81507,2.2359491826131035,0.224037888012666
4918,0.4922,22,96,22,394238,282206,44771,81485,2.2351888227094157,0.2240500864745072
4919,0.4923,11,94,11,394332,282112,44782,81474,2.234444303637055,0.2240845357081956
4920,0.4924,16,104,16,394436,282008,44798,81458,2.23362058040806,0.22411449764214533
4921,0.4925,3,27,3,394463,281981,44801,81455,2.233406729185148,0.224124742733246
4922,0.4926,18,104,18,394567,281877,44819,81437,2.2325830059561524,0.22415045938224235
4923,0.4927,18,87,18,394654,281790,44837,81419,2.2318939297934355,0.22416570073979444
4924,0.4928,30,206,30,394860,281584,44867,81389,2.2302623241667723,0.22422879938728224
4925,0.4929,6,73,6,394933,281511,44873,81383,2.229684133823343,0.22426107899276373
4926,0.493,16,110,16,395043,281401,44889,81367,2.2288128881003675,0.22429486614034314
4927,0.4931,14,76,14,395119,281325,44903,81353,2.228210936509948,0.22431192407590203
4928,0.4932,25,145,25,395264,281180,44928,81328,2.227062476238753,0.22434815231663852
4929,0.4933,15,88,15,395352,281092,44943,81313,2.2263654796603727,0.2243705246892289
4930,0.4934,18,117,18,395469,280975,44961,81295,2.225438791027753,0.22440444971982224
4931,0.4935,17,79,17,395548,280896,44978,81278,2.2248130781903432,0.22441699293709652
4932,0.4936,20,75,20,395623,280821,44998,81258,2.2242190470155876,0.2244206374851897
4933,0.4937,17,84,17,395707,280737,45015,81241,2.2235537320998606,0.22443629170833587
4934,0.4938,15,128,15,395835,280609,45030,81226,2.2225399188949435,0.22448353531305706
4935,0.4939,13,127,13,395962,280482,45043,81213,2.22153402610569,0.2245344834736449
4936,0.494,18,108,18,396070,280374,45061,81195,2.2206786212140415,0.22456294649154104
4937,0.4941,27,95,27,396165,280279,45088,81168,2.219926181726017,0.22456404396771865
4938,0.4942,25,121,25,396286,280158,45113,81143,2.218967811430744,0.2245855948364383
4939,0.4943,27,131,27,396417,280027,45140,81116,2.2179302369788365,0.22460908836665808
4940,0.4944,16,92,16,396509,279935,45156,81100,2.2172015587378024,0.2246319608902184
4941,0.4945,20,109,20,396618,279826,45176,81080,2.2163382334304904,0.2246568358519947
4942,0.4946,19,79,19,396697,279747,45195,81061,2.2157125205930805,0.2246651958936609
4943,0.4947,25,104,25,396801,279643,45220,81036,2.2148887973640856,0.2246762356555275
4944,0.4948,27,157,27,396958,279486,45247,81009,2.2136452921049297,0.22471601547871675
4945,0.4949,23,114,23,397072,279372,45270,80986,2.2127423647193005,0.2247376220314243
4946,0.495,19,84,19,397156,279288,45289,80967,2.2120770498035736,0.22474913602864638
4947,0.4951,27,114,27,397270,279174,45316,80940,2.2111741224179444,0.2247621586497609
4948,0.4952,26,141,26,397411,279033,45342,80914,2.210057343809403,0.22479420581363369
4949,0.4953,20,62,20,397473,278971,45362,80894,2.2095662780382717,0.2247898517499618
4950,0.4954,13,65,13,397538,278906,45375,80881,2.2090514510201493,0.22480245256221043
4951,0.4955,33,176,33,397714,278730,45408,80848,2.2076574578633887,0.22484134179510426
4952,0.4956,24,146,24,397860,278584,45432,80824,2.2065010771765303,0.22488091528290968
4953,0.4957,23,99,23,397959,278485,45455,80801,2.205716956025852,0.22489326052225803
4954,0.4958,30,132,30,398091,278353,45485,80771,2.2046714611582816,0.22491117274256245
4955,0.4959,9,63,9,398154,278290,45494,80762,2.2041724749714864,0.22493120773592684
4956,0.496,36,226,36,398380,278064,45530,80726,2.2023824610315548,0.22499512249505282
4957,0.4961,26,136,26,398516,277928,45556,80700,2.2013052845013306,0.22502425912087176
4958,0.4962,20,100,20,398616,277828,45576,80680,2.2005132429349894,0.22504379260713847
4959,0.4963,14,123,14,398739,277705,45590,80666,2.1995390318083894,0.22509075790172753
4960,0.4964,35,151,35,398890,277554,45625,80631,2.198343049043214,0.225109929226517
4961,0.4965,34,148,34,399038,277406,45659,80597,2.1971708275250283,0.225129398356997
4962,0.4966,47,279,47,399317,277127,45706,80550,2.194961031554936,0.22520318611484663
4963,0.4967,10,92,10,399409,277035,45716,80540,2.194232353313902,0.22523946025309374
4964,0.4968,19,140,19,399549,276895,45735,80521,2.193123495121024,0.22528650088412383
4965,0.4969,33,139,33,399688,276756,45768,80488,2.1920225573438095,0.22530259430529273
4966,0.497,15,88,15,399776,276668,45783,80473,2.191325560765429,0.2253255716929728
4967,0.4971,31,231,31,400007,276437,45814,80442,2.1894959447471805,0.22540412857018766
4968,0.4972,35,186,35,400193,276251,45849,80407,2.188022747433785,0.2254456650348513
4969,0.4973,31,157,31,400350,276094,45880,80376,2.1867792421746293,0.22547759979801946
4970,0.4974,9,79,9,400429,276015,45889,80367,2.1861535293372194,0.2255080222906881
4971,0.4975,23,115,23,400544,275900,45912,80344,2.185242681535927,0.2255308159576021
4972,0.4976,12,69,12,400613,275831,45924,80332,2.1846961728551513,0.22554841463037992
4973,0.4977,14,101,14,400714,275730,45938,80318,2.183896210873147,0.22558194400754955
4974,0.4978,20,97,20,400811,275633,45958,80298,2.1831279305537956,0.22559990559968085
4975,0.4979,9,78,9,400889,275555,45967,80289,2.182510138132049,0.22562977034880452
4976,0.498,42,257,42,401146,275298,46009,80247,2.180474591306552,0.22570138800995654
4977,0.4981,45,215,45,401361,275083,46054,80202,2.178771701938918,0.22573989895436058
4978,0.4982,10,88,10,401449,274995,46064,80192,2.178074705360537,0.2257740288918232
4979,0.4983,9,55,9,401504,274940,46073,80183,2.1776390824990495,0.2257893743857762
4980,0.4984,12,40,12,401544,274900,46085,80171,2.177322265872513,0.22578864508788382
4981,0.4985,23,88,23,401632,274812,46108,80148,2.1766252692941324,0.2257944557133198
4982,0.4986,22,186,22,401818,274626,46130,80126,2.1751520719807376,0.22586482951470324
4983,0.4987,18,97,18,401915,274529,46148,80108,2.1743837916613864,0.22588731576231472
4984,0.4988,21,122,21,402037,274407,46169,80087,2.1734175009504497,0.225919197504048
4985,0.4989,28,150,28,402187,274257,46197,80059,2.172229438600938,0.225953668476727
4986,0.499,17,130,17,402317,274127,46214,80042,2.1711997845646938,0.2259994522389029
4987,0.4991,40,114,40,402431,274013,46254,80002,2.1702968571790646,0.22598477465644112
4988,0.4992,31,163,31,402594,273850,46285,79971,2.1690058294259282,0.22602106714977346
4989,0.4993,15,92,15,402686,273758,46300,79956,2.168277151184894,0.22604703234816828
4990,0.4994,37,216,37,402902,273542,46337,79919,2.1665663414015968,0.22610415293342123
4991,0.4995,41,166,41,403068,273376,46378,79878,2.16525155240147,0.22612058179100591
4992,0.4996,31,144,31,403212,273232,46409,79847,2.1641110125459386,0.22614485709996912
4993,0.4997,41,253,41,403465,272979,46450,79806,2.162107147383095,0.22621710106722226
4994,0.4998,42,169,42,403634,272810,46492,79764,2.1607685971359776,0.22623335810354706
4995,0.4999,18,97,18,403731,272713,46510,79746,2.1600003168166264,0.2262561035467955
4996,0.5,25,149,25,403880,272564,46535,79721,2.158820174882778,0.22629689030188627
4997,0.5001,26,131,26,404011,272433,46561,79695,2.1577826004308704,0.22632395038167938
4998,0.5002,46,240,46,404251,272193,46607,79649,2.1558817006716513,0.22637718066632181
4999,0.5003,29,154,29,404405,272039,46636,79620,2.1546619566594853,0.22641251894591066
5000,0.5004,15,81,15,404486,271958,46651,79605,2.154020402990749,0.2264316779638358
5001,0.5005,42,240,42,404726,271718,46693,79563,2.1521195032315297,0.22649388950726057
5002,0.5006,16,118,16,404844,271600,46709,79547,2.1511848941832468,0.22653475609929744
5003,0.5007,21,98,21,404942,271502,46730,79526,2.1504086934482323,0.2265517280672767
5004,0.5008,30,174,30,405116,271328,46760,79496,2.1490305411227983,0.22659795224956103
5005,0.5009,31,140,31,405256,271188,46791,79465,2.1479216829299204,0.22662004888023202
5006,0.501,21,141,21,405397,271047,46812,79444,2.1468049043213786,0.22666487869873977
5007,0.5011,9,72,9,405469,270975,46821,79435,2.146234634393613,0.22669158985188778
5008,0.5012,22,134,22,405603,270841,46843,79413,2.1451732986947154,0.2267297446995609
5009,0.5013,19,163,19,405766,270678,46862,79394,2.143882270941579,0.22679334536895268
5010,0.5014,28,135,28,405901,270543,46890,79366,2.142813014827018,0.22681897293296258
5011,0.5015,27,188,27,406089,270355,46917,79339,2.1413239766822962,0.22688121614897597
5012,0.5016,31,117,31,406206,270238,46948,79308,2.1403972880496767,0.22688859263158498
5013,0.5017,13,72,13,406278,270166,46961,79295,2.139827018121911,0.22690657898878558
5014,0.5018,14,90,14,406368,270076,46975,79281,2.1391141807122036,0.2269340531318966
5015,0.5019,18,137,18,406505,269939,46993,79263,2.138029083766316,0.22698323606394008
5016,0.502,11,79,11,406584,269860,47004,79252,2.137403370928906,0.22701024313114415
5017,0.5021,24,103,24,406687,269757,47028,79228,2.1365875681155746,0.22702408412969038
5018,0.5022,23,142,23,406829,269615,47051,79205,2.13546286909137,0.2270655352330715
5019,0.5023,15,107,15,406936,269508,47066,79190,2.1346153846153846,0.22710196215636452
5020,0.5024,24,133,24,407069,269375,47090,79166,2.1335619693321504,0.22713540157398987
5021,0.5025,10,68,10,407137,269307,47100,79156,2.1330233810670385,0.22715754613832745
5022,0.5026,45,237,45,407374,269070,47145,79111,2.1311462425548093,0.22721228326646198
5023,0.5027,20,113,20,407487,268957,47165,79091,2.1302512355848435,0.22724164483059808
5024,0.5028,35,191,35,407678,268766,47200,79056,2.1287384361931316,0.22728867064188005
5025,0.5029,27,103,27,407781,268663,47227,79029,2.1279226333797996,0.22729599760707753
5026,0.503,30,126,30,407907,268537,47257,78999,2.1269246610062096,0.22731170296026887
5027,0.5031,34,139,34,408046,268398,47291,78965,2.125823723228995,0.22732703252793188
5028,0.5032,19,90,19,408136,268308,47310,78946,2.125110885819288,0.22734367350700063
5029,0.5033,14,80,14,408216,268228,47324,78932,2.124477252566215,0.2273649037907593
5030,0.5034,23,139,23,408355,268089,47347,78909,2.123376314789,0.22740476890356717
5031,0.5035,57,229,57,408584,267860,47404,78852,2.1215625396020785,0.22742795172938923
5032,0.5036,20,172,20,408756,267688,47424,78832,2.1202002281079713,0.22749624841279004
5033,0.5037,20,117,20,408873,267571,47444,78812,2.1192735394753517,0.22752848725254993
5034,0.5038,29,156,29,409029,267415,47473,78783,2.118037954631859,0.22756630598674746
5035,0.5039,22,157,22,409186,267258,47495,78761,2.116794449372703,0.2276204485880833
5036,0.504,15,114,15,409300,267144,47510,78746,2.115891521987074,0.22766197345977043
5037,0.5041,23,124,23,409424,267020,47533,78723,2.1149093904448106,0.22769224539614685
5038,0.5042,29,133,29,409557,266887,47562,78694,2.1138559751615764,0.2277150653537087
5039,0.5043,23,109,23,409666,266778,47585,78671,2.1129926498542644,0.22773549785930775
5040,0.5044,9,54,9,409720,266724,47594,78662,2.11256494740844,0.22775098006288616
5041,0.5045,31,169,31,409889,266555,47625,78631,2.111226397161323,0.22779313181878755
5042,0.5046,14,74,14,409963,266481,47639,78617,2.1106402864022304,0.22781065088757396
5043,0.5047,34,154,34,410117,266327,47673,78583,2.1094205423900645,0.22783624713693426
5044,0.5048,28,113,28,410230,266214,47701,78555,2.1085255354200987,0.22784821141111875
5045,0.5049,15,98,15,410328,266116,47716,78540,2.107749334685084,0.22787939278585023
5046,0.505,35,148,35,410476,265968,47751,78505,2.106577113166899,0.2278988483857951
5047,0.5051,17,88,17,410564,265880,47768,78488,2.1058801165885184,0.2279189704037541
5048,0.5052,25,125,25,410689,265755,47793,78463,2.1048900646305917,0.22794566234188798
5049,0.5053,7,74,7,410763,265681,47800,78456,2.1043039538714994,0.22797897349020885
5050,0.5054,14,79,14,410842,265602,47814,78442,2.1036782410340895,0.22799990698864098
5051,0.5055,14,120,14,410962,265482,47828,78428,2.10272779115448,0.22804803582332586
5052,0.5056,14,85,14,411047,265397,47842,78414,2.1020545558230896,0.2280729819581107
5053,0.5057,24,90,24,411137,265307,47866,78390,2.1013417184133822,0.22807880196801253
5054,0.5058,13,104,13,411241,265203,47879,78377,2.1005179951843873,0.22811863321497178
5055,0.5059,34,179,34,411420,265024,47913,78343,2.0991002407806363,0.22816112206472958
5056,0.506,19,95,19,411515,264929,47932,78324,2.098347801292612,0.22818154539071764
5057,0.5061,24,134,24,411649,264795,47956,78300,2.0972864655937142,0.2282166746819394
5058,0.5062,16,112,16,411761,264683,47972,78284,2.096399379039412,0.22825519656410093
5059,0.5063,45,160,45,411921,264523,48017,78239,2.095132112533266,0.22826042560143772
5060,0.5064,14,93,14,412014,264430,48031,78225,2.0943955138765684,0.22829084647823614
5061,0.5065,38,148,38,412162,264282,48069,78187,2.093223292358383,0.22830387567925856
5062,0.5066,26,139,26,412301,264143,48095,78161,2.0921223545811682,0.22833796858932412
5063,0.5067,15,62,15,412363,264081,48110,78146,2.091631288810037,0.22834551335809272
5064,0.5068,24,143,24,412506,263938,48134,78122,2.0904986693701684,0.22838683271940596
5065,0.5069,21,114,21,412620,263824,48155,78101,2.0895957419845392,0.22841558821378957
5066,0.507,37,127,37,412747,263697,48192,78064,2.088589849195286,0.22841693464145996
5067,0.5071,38,174,38,412921,263523,48230,78026,2.0872116968698515,0.228447455562745
5068,0.5072,15,102,15,413023,263421,48245,78011,2.0864038144721837,0.22848180604044144
5069,0.5073,13,62,13,413085,263359,48258,77998,2.085912748701052,0.22849392278465067
5070,0.5074,14,128,14,413213,263231,48272,77984,2.0848989354961347,0.22854798294330553
5071,0.5075,6,36,6,413249,263195,48278,77978,2.084613800532252,0.22855853188851405
5072,0.5076,24,149,24,413398,263046,48302,77954,2.0834336585984032,0.22860410557184752
5073,0.5077,25,147,25,413545,262899,48327,77929,2.0822693574958815,0.2286461206238924
5074,0.5078,30,164,30,413709,262735,48357,77899,2.0809704093270813,0.22868826952095211
5075,0.5079,65,348,65,414057,262387,48422,77834,2.0782141046762135,0.22877482577501096
5076,0.508,15,135,15,414192,262252,48437,77819,2.0771448485616526,0.2288316263368532
5077,0.5081,9,62,9,414254,262190,48446,77810,2.0766537827905207,0.2288529411764706
5078,0.5082,30,106,30,414360,262084,48476,77780,2.075814218730199,0.22885624838170562
5079,0.5083,28,123,28,414483,261961,48504,77752,2.074840007603599,0.2288755508326146
5080,0.5084,28,133,28,414616,261828,48532,77724,2.073786592320365,0.22890161153519933
5081,0.5085,33,202,33,414818,261626,48565,77691,2.0721866683563555,0.22896288721166344
5082,0.5086,11,73,11,414891,261553,48576,77680,2.071608478012926,0.22898715632028724
5083,0.5087,17,120,17,415011,261433,48593,77663,2.0706580281333165,0.22902953735815226
5084,0.5088,19,130,19,415141,261303,48612,77644,2.0696283740970727,0.22907416203713266
5085,0.5089,20,139,20,415280,261164,48632,77624,2.068527436319858,0.229122637165425
5086,0.509,17,117,17,415397,261047,48649,77607,2.0676007476872384,0.22916309861983028
5087,0.5091,43,173,43,415570,260874,48692,77564,2.066230515777468,0.22918230222374555
5088,0.5092,35,164,35,415734,260710,48727,77529,2.064931567608668,0.2292136625285671
5089,0.5093,34,145,34,415879,260565,48761,77495,2.063783107337473,0.22923445542211443
5090,0.5094,34,246,34,416125,260319,48795,77461,2.061834685084273,0.22932382023802475
5091,0.5095,31,141,31,416266,260178,48826,77430,2.0607179064757317,0.22934883059643135
5092,0.5096,14,100,14,416366,260078,48840,77416,2.0599258649093906,0.22938481869307306
5093,0.5097,14,104,14,416470,259974,48854,77402,2.059102141680395,0.22942355117139335
5094,0.5098,31,125,31,416595,259849,48885,77371,2.0581120897224685,0.22943775576774805
5095,0.5099,17,123,17,416718,259726,48902,77354,2.0571378785958685,0.2294826154028717
5096,0.51,21,117,21,416835,259609,48923,77333,2.0562111899632494,0.22951427842180552
5097,0.5101,10,69,10,416904,259540,48933,77323,2.0556646812824737,0.22953841769502736
5098,0.5102,18,126,18,417030,259414,48951,77305,2.0546667089088837,0.2295831242074252
5099,0.5103,16,85,16,417115,259329,48967,77289,2.0539934735774934,0.2296044774789227
5100,0.5104,37,209,37,417324,259120,49004,77252,2.0523381067038398,0.22966239758362764
5101,0.5105,18,97,18,417421,259023,49022,77234,2.0515698263844886,0.22968741171187515
5102,0.5106,47,203,47,417624,258820,49069,77187,2.049961982004816,0.22971842848512083
5103,0.5107,28,128,28,417752,258692,49097,77159,2.0489481687998987,0.22974176048307135
5104,0.5108,19,157,19,417909,258535,49116,77140,2.0477046635407428,0.22980561555075593
5105,0.5109,27,124,27,418033,258411,49143,77113,2.0467225319984794,0.22982856665991105
5106,0.511,18,84,18,418117,258327,49161,77095,2.0460572170827525,0.22984479253000697
5107,0.5111,32,171,32,418288,258156,49193,77063,2.0447028260043085,0.22988852063874662
5108,0.5112,32,131,32,418419,258025,49225,77031,2.0436652515524014,0.2299048517262786
5109,0.5113,24,125,24,418544,257900,49249,77007,2.0426751995944747,0.2299354746242987
5110,0.5114,17,120,17,418664,257780,49266,76990,2.041724749714865,0.2299787914090271
5111,0.5115,27,131,27,418795,257649,49293,76963,2.0406871752629576,0.23000669432058624
5112,0.5116,29,187,29,418982,257462,49322,76934,2.0392060575338995,0.23006854148973074
5113,0.5117,26,116,26,419098,257346,49348,76908,2.0382872893169433,0.23008849557522124
5114,0.5118,6,78,6,419176,257268,49354,76902,2.037669496895197,0.2301283777717928
5115,0.5119,17,67,17,419243,257201,49371,76885,2.037138829045748,0.23013535436983293
5116,0.512,11,94,11,419337,257107,49382,76874,2.0363943099733874,0.23017477042107184
5117,0.5121,27,171,27,419508,256936,49409,76847,2.0350399188949435,0.23023041916454703
5118,0.5122,13,58,13,419566,256878,49422,76834,2.0345805347864654,0.2302404468523757
5119,0.5123,12,68,12,419634,256810,49434,76822,2.0340419465213535,0.23025968732016114
5120,0.5124,15,90,15,419724,256720,49449,76807,2.033329109111646,0.23028720313497858
5121,0.5125,21,98,21,419822,256622,49470,76786,2.0325529083766316,0.2303064113638545
5122,0.5126,14,105,14,419927,256517,49484,76772,2.0317212647319733,0.23034663610260164
5123,0.5127,29,137,29,420064,256380,49513,76743,2.0306361677860854,0.23037436622508803
5124,0.5128,11,77,11,420141,256303,49524,76732,2.0300262957800026,0.23040220997793026
5125,0.5129,35,154,35,420295,256149,49559,76697,2.0288065517678366,0.23042788556870145
5126,0.513,15,96,15,420391,256053,49574,76682,2.0280461918641493,0.2304596751168347
5127,0.5131,25,123,25,420514,255930,49599,76657,2.0270719807375492,0.23048706052852336
5128,0.5132,12,97,12,420611,255833,49611,76645,2.026303700418198,0.23052653107874807
5129,0.5133,12,52,12,420663,255781,49623,76633,2.0258918388037004,0.23053481501982467
5130,0.5134,16,101,16,420764,255680,49639,76617,2.0250918768216954,0.2305678354002594
5131,0.5135,12,39,12,420803,255641,49651,76605,2.0247829806108224,0.23056710991253468
5132,0.5136,11,54,11,420857,255587,49662,76594,2.024355278164998,0.23057911199014994
5133,0.5137,55,209,55,421066,255378,49717,76539,2.0226999112913444,0.23059680582796302
5134,0.5138,13,82,13,421148,255296,49730,76526,2.0220504372069446,0.23062364761830137
5135,0.5139,20,133,20,421281,255163,49750,76506,2.0209970219237103,0.23066973398177099
5136,0.514,56,236,56,421517,254927,49806,76450,2.019127803827145,0.23070400178648487
5137,0.5141,12,100,12,421617,254827,49818,76438,2.0183357622608034,0.23074577754969586
5138,0.5142,27,152,27,421769,254675,49845,76411,2.0171318590799645,0.23078897929843
5139,0.5143,10,44,10,421813,254631,49855,76401,2.0167833607907744,0.23079641847313856
5140,0.5144,34,178,34,421991,254453,49889,76367,2.0153735268026867,0.230841545251194
5141,0.5145,29,148,29,422139,254305,49918,76338,2.014201305284501,0.2308774115889343
5142,0.5146,16,75,16,422214,254230,49934,76322,2.0136072741097455,0.23089256758392024
5143,0.5147,33,183,33,422397,254047,49967,76289,2.0121578380433407,0.23094364525816138
5144,0.5148,20,103,20,422500,253944,49987,76269,2.0113420352300087,0.23096910176159025
5145,0.5149,22,144,22,422644,253800,50009,76247,2.0102014953744773,0.23101861250064384
5146,0.515,48,212,48,422856,253588,50057,76199,2.0085223672538333,0.23105519623271992
5147,0.5151,18,68,18,422924,253520,50075,76181,2.0079837789887214,0.2310608703036994
5148,0.5152,41,180,41,423104,253340,50116,76140,2.006558104169307,0.23109141677795314
5149,0.5153,17,95,17,423199,253245,50133,76123,2.0058056646812825,0.2311183842996284
5150,0.5154,47,219,47,423418,253026,50180,76076,2.0040710936509947,0.23116237519067037
5151,0.5155,35,154,35,423572,252872,50215,76041,2.002851349638829,0.23118879460526034
5152,0.5156,24,143,24,423715,252729,50239,76017,2.0017187301989607,0.231233231735139
5153,0.5157,24,126,24,423841,252603,50263,75993,2.0007207578253707,0.23126574882226197
5154,0.5158,32,117,32,423958,252486,50295,75961,1.9997940691927512,0.23127323434222263
5155,0.5159,18,91,18,424049,252395,50313,75943,1.9990733113673806,0.2312951897130396
5156,0.516,32,119,32,424168,252276,50345,75911,1.9981307819034342,0.23130410406262283
5157,0.5161,28,160,28,424328,252116,50373,75883,1.996863515397288,0.23135131509547285
5158,0.5162,15,92,15,424420,252024,50388,75868,1.996134837156254,0.23138106449684653
5159,0.5163,41,160,41,424580,251864,50429,75827,1.9948675706501078,0.23139787177554463
5160,0.5164,29,138,29,424718,251726,50458,75798,1.9937745532885567,0.23142731525018015
5161,0.5165,53,266,53,424984,251460,50511,75745,1.9916677227220885,0.23149096132394065
5162,0.5166,18,97,18,425081,251363,50529,75727,1.9908994424027373,0.2315173193922162
5163,0.5167,37,178,37,425259,251185,50566,75690,1.9894896084146496,0.23155640535372848
5164,0.5168,36,156,36,425415,251029,50602,75654,1.988254023571157,0.2315822984360986
5165,0.5169,30,146,30,425561,250883,50632,75624,1.9870976428842986,0.23161524867767
5166,0.517,13,86,13,425647,250797,50645,75611,1.986416487137245,0.2316456704492537
5167,0.5171,19,64,19,425711,250733,50664,75592,1.9859095805347864,0.2316463648203478
5168,0.5172,23,145,23,425856,250588,50687,75569,1.9847611202635915,0.23169516521184583
5169,0.5173,18,112,18,425968,250476,50705,75551,1.983874033709289,0.23173234118646616
5170,0.5174,40,226,40,426194,250250,50745,75511,1.9820840197693574,0.23179877271987745
5171,0.5175,42,186,42,426380,250064,50787,75469,1.9806108224559624,0.23183210304331664
5172,0.5176,34,149,34,426529,249915,50821,75435,1.9794306805221138,0.2318579990779161
5173,0.5177,26,192,26,426721,249723,50847,75409,1.9779099607147383,0.2319334916280157
5174,0.5178,20,53,20,426774,249670,50867,75389,1.9774901786845773,0.23192405071079403
5175,0.5179,34,168,34,426942,249502,50901,75355,1.9761595488531238,0.23196360244661499
5176,0.518,40,231,40,427173,249271,50941,75315,1.9743299328348751,0.23203403720431565
5177,0.5181,26,158,26,427331,249113,50967,75289,1.9730785071600558,0.23208549885635724
5178,0.5182,29,189,29,427520,248924,50996,75260,1.9715815485996706,0.23215211114675616
5179,0.5183,24,84,24,427604,248840,51020,75236,1.9709162336839436,0.232155420333502
5180,0.5184,18,68,18,427672,248772,51038,75218,1.9703776454188315,0.23216148646563164
5181,0.5185,31,134,31,427806,248638,51069,75187,1.9693163097199342,0.23218405002702078
5182,0.5186,36,155,36,427961,248483,51105,75151,1.968088645292105,0.23220984198199202
5183,0.5187,15,90,15,428051,248393,51120,75136,1.9673758078823977,0.23223884103125222
5184,0.5188,15,104,15,428155,248289,51135,75121,1.9665520846534026,0.23227791348443153
5185,0.5189,22,133,22,428288,248156,51157,75099,1.9654986693701686,0.23232123246353498
5186,0.519,14,87,14,428375,248069,51171,75085,1.9648095932074516,0.23235052018542243
5187,0.5191,16,70,16,428445,247999,51187,75069,1.9642551641110126,0.232362846211943
5188,0.5192,22,130,22,428575,247869,51209,75047,1.9632255100747686,0.23240409270522364
5189,0.5193,35,146,35,428721,247723,51244,75012,1.9620691293879102,0.23242598416657628
5190,0.5194,42,189,42,428910,247534,51286,74970,1.960572170827525,0.2324622330265671
5191,0.5195,39,165,39,429075,247369,51325,74931,1.9592653022430617,0.23248836487744337
5192,0.5196,18,95,18,429170,247274,51343,74913,1.9585128627550374,0.2325140368792037
5193,0.5197,33,163,33,429333,247111,51376,74880,1.9572218350019008,0.23255308378184483
5194,0.5198,27,115,27,429448,246996,51403,74853,1.9563109872006084,0.23257179609071335
5195,0.5199,35,149,35,429597,246847,51438,74818,1.9551308452667595,0.2325960238135949
5196,0.52,27,128,27,429725,246719,51465,74791,1.9541170320618426,0.23262417965226587
5197,0.5201,16,112,16,429837,246607,51481,74775,1.9532299455075401,0.23266704420284895
5198,0.5202,7,58,7,429895,246549,51488,74768,1.9527705613990622,0.232692325647258
5199,0.5203,11,74,11,429969,246475,51499,74757,1.9521844506399695,0.2327196543308263
5200,0.5204,30,145,30,430114,246330,51529,74727,1.9510359903687746,0.2327530625402966
5201,0.5205,29,139,29,430253,246191,51558,74698,1.94993505259156,0.2327845454347142
5202,0.5206,29,167,29,430420,246024,51587,74669,1.9486123431757698,0.2328363886957308
5203,0.5207,42,193,42,430613,245831,51629,74627,1.947083702952731,0.2328760711232049
5204,0.5208,23,70,23,430683,245761,51652,74604,1.946529273856292,0.23287188051129182
5205,0.5209,31,195,31,430878,245566,51683,74573,1.9449847928019262,0.2329394419299117
5206,0.521,17,130,17,431008,245436,51700,74556,1.9439551387656824,0.23299332483312082
5207,0.5211,44,229,44,431237,245207,51744,74512,1.9421413635787605,0.2330546511155108
5208,0.5212,32,167,32,431404,245040,51776,74480,1.9408186541629704,0.23309964947421133
5209,0.5213,18,109,18,431513,244931,51794,74462,1.9399553288556584,0.23313597981170534
5210,0.5214,13,61,13,431574,244870,51807,74449,1.93947218350019,0.23314929584522062
5211,0.5215,27,155,27,431729,244715,51834,74422,1.938244519072361,0.23319765492562755
5212,0.5216,22,123,22,431852,244592,51856,74400,1.937270307945761,0.2332346892712043
5213,0.5217,37,194,37,432046,244398,51893,74363,1.9357337473070586,0.23328763556394916
5214,0.5218,32,152,32,432198,244246,51925,74331,1.9345298441262198,0.23332192845057867
5215,0.5219,63,255,63,432453,243991,51988,74268,1.932510138132049,0.23335710851853364
5216,0.522,27,135,27,432588,243856,52015,74241,1.9314408820174882,0.23339107253447847
5217,0.5221,14,85,14,432673,243771,52029,74227,1.9307676466860981,0.23341970704218265
5218,0.5222,40,215,40,432888,243556,52069,74187,1.929064757318464,0.23348114671290948
5219,0.5223,9,94,9,432982,243462,52078,74178,1.928320238246103,0.23352852285606346
5220,0.5224,23,84,23,433066,243378,52101,74155,1.9276549233303764,0.23353478221161264
5221,0.5225,27,183,27,433249,243195,52128,74128,1.9262054872639716,0.2336042455163981
5222,0.5226,32,155,32,433404,243040,52160,74096,1.9249778228361425,0.23364108773523032
5223,0.5227,38,165,38,433569,242875,52198,74058,1.9236709542516792,0.23367083894703297
5224,0.5228,22,86,22,433655,242789,52220,74036,1.9229897985046256,0.23368105420973723
5225,0.5229,33,189,33,433844,242600,52253,74003,1.9214928399442404,0.2337406783890235
5226,0.523,19,135,19,433979,242465,52272,73984,1.9204235838296795,0.2337943870892308
5227,0.5231,34,212,34,434191,242253,52306,73950,1.9187444557090356,0.23386874887335035
5228,0.5232,34,207,34,434398,242046,52340,73916,1.9171049296667089,0.2339395243731841
5229,0.5233,24,110,24,434508,241936,52364,73892,1.9162336839437333,0.23396278987296884
5230,0.5234,10,52,10,434560,241884,52374,73882,1.9158218223292358,0.2339770589613828
5231,0.5235,34,181,34,434741,241703,52408,73848,1.914388227094158,0.2340287306964643
5232,0.5236,10,59,10,434800,241644,52418,73838,1.9139209225700164,0.23404821828186712
5233,0.5237,40,152,40,434952,241492,52458,73798,1.9127170193891776,0.23406387769989534
5234,0.5238,27,131,27,435083,241361,52485,73771,1.9116794449372703,0.2340955536092812
5235,0.5239,25,129,25,435212,241232,52510,73746,1.9106577113166898,0.2341306376953311
5236,0.524,34,183,34,435395,241049,52544,73712,1.909208275250285,0.23418403169388838
5237,0.5241,9,60,9,435455,240989,52553,73703,1.9087330503104802,0.23420677996263012
5238,0.5242,18,93,18,435548,240896,52571,73685,1.9079964516537828,0.23423220092758304
5239,0.5243,21,82,21,435630,240814,52592,73664,1.9073469775693828,0.23424214094467657
5240,0.5244,16,91,16,435721,240723,52608,73648,1.9066262197440123,0.23427097283146348
5241,0.5245,10,63,10,435784,240660,52618,73638,1.906127233557217,0.23429356852413952
5242,0.5246,20,62,20,435846,240598,52638,73618,1.9056361677860854,0.23429106092624183
5243,0.5247,16,112,16,435958,240486,52654,73602,1.904749081231783,0.23433560021395278
5244,0.5248,25,141,25,436099,240345,52679,73577,1.9036323026232416,0.2343798778040405
5245,0.5249,27,135,27,436234,240210,52706,73550,1.9025630465086807,0.23441483936766955
5246,0.525,15,85,15,436319,240125,52721,73535,1.9018898111772906,0.23444175221577504
5247,0.5251,12,96,12,436415,240029,52733,73523,1.9011294512736028,0.2344842322804511
5248,0.5252,13,45,13,436460,239984,52746,73510,1.9007730325687493,0.2344861464653231
5249,0.5253,33,117,33,436577,239867,52779,73477,1.8998463439361297,0.2344930810866013
5250,0.5254,26,125,26,436702,239742,52805,73451,1.898856291978203,0.2345231215257046
5251,0.5255,13,41,13,436743,239701,52818,73438,1.8985315549360031,0.23452204931356363
5252,0.5256,18,105,18,436848,239596,52836,73420,1.8976999112913446,0.234556699976998
5253,0.5257,27,140,27,436988,239456,52863,73393,1.8965910530984667,0.23459560362986617
5254,0.5258,25,86,25,437074,239370,52888,73368,1.895909897351413,0.23459892945532682
5255,0.5259,29,178,29,437252,239192,52917,73339,1.8945000633633253,0.23466152157705955
5256,0.526,28,163,28,437415,239029,52945,73311,1.8932090356101887,0.2347153742716271
5257,0.5261,24,132,24,437547,238897,52969,73287,1.8921635407426183,0.2347557850498424
5258,0.5262,30,119,30,437666,238778,52999,73257,1.8912210112786718,0.23477174034964027
5259,0.5263,14,89,14,437755,238689,53013,73243,1.890516094284628,0.23480438044189117
5260,0.5264,22,101,22,437856,238588,53035,73221,1.8897161323026233,0.2348264482423535
5261,0.5265,26,156,26,438012,238432,53061,73195,1.8884805474591306,0.23488016121837965
5262,0.5266,15,101,15,438113,238331,53076,73180,1.887680585477126,0.23491947314862074
5263,0.5267,27,115,27,438228,238216,53103,73153,1.8867697376758332,0.23493989446605154
5264,0.5268,36,196,36,438424,238020,53139,73117,1.885217336205804,0.2349993732664389
5265,0.5269,28,119,28,438543,237901,53167,73089,1.8842748067418578,0.2350204186629795
5266,0.527,14,83,14,438626,237818,53181,73075,1.8836174122417944,0.23504871450949363
5267,0.5271,35,129,35,438755,237689,53216,73040,1.8825956786212141,0.2350601327845164
5268,0.5272,27,100,27,438855,237589,53243,73013,1.8818036370548727,0.235069317003754
5269,0.5273,19,115,19,438970,237474,53262,72994,1.88089278925358,0.23510957651030057
5270,0.5274,22,95,22,439065,237379,53284,72972,1.8801403497655558,0.2351273235787866
5271,0.5275,41,153,41,439218,237226,53325,72931,1.8789285261690534,0.2351422021750275
5272,0.5276,19,114,19,439332,237112,53344,72912,1.8780255987834242,0.23518179237736433
5273,0.5277,10,79,10,439411,237033,53354,72902,1.8773998859460144,0.2352170616419572
5274,0.5278,44,188,44,439599,236845,53398,72858,1.8759108478012927,0.2352511922713051
5275,0.5279,24,78,24,439677,236767,53422,72834,1.8752930553795464,0.2352511781292696
5276,0.528,16,123,16,439800,236644,53438,72818,1.8743188442529464,0.23530514247306616
5277,0.5281,27,110,27,439910,236534,53465,72791,1.8734475985299708,0.23532207225410168
5278,0.5282,12,126,12,440036,236408,53477,72779,1.8724496261563808,0.23538829252200125
5279,0.5283,34,179,34,440215,236229,53511,72745,1.8710318717526295,0.23544052250351163
5280,0.5284,14,87,14,440302,236142,53525,72731,1.8703427955899126,0.23547218436056244
5281,0.5285,33,140,33,440442,236002,53558,72698,1.8692339373970346,0.2354972465176547
5282,0.5286,9,70,9,440512,235932,53567,72689,1.8686795083005956,0.23552836650778786
5283,0.5287,38,184,38,440696,235748,53605,72651,1.8672221518185275,0.23557469382196441
5284,0.5288,16,93,16,440789,235655,53621,72635,1.8664855531618298,0.23560608517953874
5285,0.5289,34,174,34,440963,235481,53655,72601,1.865107400836396,0.23565479320440663
5286,0.529,13,37,13,441000,235444,53668,72588,1.8648143454568495,0.235650841471016
5287,0.5291,14,108,14,441108,235336,53682,72574,1.8639589405652008,0.235698743139229
5288,0.5292,48,227,48,441335,235109,53730,72526,1.862161006209606,0.23575340907243975
5289,0.5293,30,98,30,441433,235011,53760,72496,1.8613848054745914,0.23575398283616308
5290,0.5294,12,65,12,441498,234946,53772,72484,1.8608699784564693,0.23577399733272614
5291,0.5295,13,135,13,441633,234811,53785,72471,1.8598007223419084,0.23584524964039547
5292,0.5296,41,234,41,441867,234577,53826,72430,1.8579473450766697,0.23592295941134891
5293,0.5297,21,101,21,441968,234476,53847,72409,1.8571473830946648,0.2359483194030337
5294,0.5298,31,132,31,442100,234344,53878,72378,1.856101888227094,0.23597263971935498
5295,0.5299,12,67,12,442167,234277,53890,72366,1.8555712203776453,0.23599429956007476
5296,0.53,25,99,25,442266,234178,53915,72341,1.8547870992269675,0.23600820830030111
5297,0.5301,32,153,32,442419,234025,53947,72309,1.853575275630465,0.2360462762866675
5298,0.5302,12,92,12,442511,233933,53959,72297,1.852846597389431,0.23608725467785652
5299,0.5303,34,203,34,442714,233730,53993,72263,1.851238753009758,0.2361589971012409
5300,0.5304,26,142,26,442856,233588,54019,72237,1.8501140539855532,0.23620371127278672
5301,0.5305,26,104,26,442960,233484,54045,72211,1.849290330756558,0.23621910728013215
5302,0.5306,18,111,18,443071,233373,54063,72193,1.848411164617919,0.23625992420622713
5303,0.5307,31,128,31,443199,233245,54094,72162,1.8473973514130022,0.2362814211855
5304,0.5308,26,135,26,443334,233110,54120,72136,1.8463280952984413,0.23632086906953736
5305,0.5309,29,188,29,443522,232922,54149,72107,1.8448390571537194,0.23639391664399123
5306,0.531,33,140,33,443662,232782,54182,72074,1.8437301989608414,0.23641981788122918
5307,0.5311,31,160,31,443822,232622,54213,72043,1.8424629324546953,0.23646628263830766
5308,0.5312,26,110,26,443932,232512,54239,72017,1.8415916867317197,0.23648650867405074
5309,0.5313,38,184,38,444116,232328,54277,71979,1.8401343302496516,0.23653415793918642
5310,0.5314,18,91,18,444207,232237,54295,71961,1.8394135724242808,0.2365597406952051
5311,0.5315,35,166,35,444373,232071,54330,71926,1.838098783424154,0.23660101908900416
5312,0.5316,43,145,43,444518,231926,54373,71883,1.8369503231529591,0.2366058938346132
5313,0.5317,39,171,39,444689,231755,54412,71844,1.8355959320745152,0.23664109565578278
5314,0.5318,23,101,23,444790,231654,54435,71821,1.8347959700925105,0.23666199851717604
5315,0.5319,26,168,26,444958,231486,54461,71795,1.833465340261057,0.23672765521084407
5316,0.532,17,143,17,445101,231343,54478,71778,1.8323327208211886,0.2367965267995289
5317,0.5321,19,88,19,445189,231255,54497,71759,1.8316357242428083,0.23681744077831388
5318,0.5322,41,142,41,445331,231113,54538,71718,1.8305110252186034,0.23682515990767128
5319,0.5323,14,55,14,445386,231058,54552,71704,1.8300754023571157,0.2368328918424373
5320,0.5324,6,89,6,445475,230969,54558,71698,1.829370485363072,0.23688740430902608
5321,0.5325,20,95,20,445570,230874,54578,71678,1.8286180458750476,0.23691134086041407
5322,0.5326,16,95,16,445665,230779,54594,71662,1.8278656063870231,0.23694538769545134
5323,0.5327,29,154,29,445819,230625,54623,71633,1.8266458623748574,0.23699290010520813
5324,0.5328,16,85,16,445904,230540,54639,71617,1.8259726270434673,0.23701916553314997
5325,0.5329,31,136,31,446040,230404,54670,71586,1.8248954505132429,0.2370475843570979
5326,0.533,22,107,22,446147,230297,54692,71564,1.8240479660372577,0.23707600518119268
5327,0.5331,11,46,11,446193,230251,54703,71553,1.8236836269167407,0.23708433287829186
5328,0.5332,34,127,34,446320,230124,54737,71519,1.822677734127487,0.23709815908209372
5329,0.5333,17,115,17,446435,230009,54754,71502,1.8217668863261944,0.23714557677829332
5330,0.5334,30,175,30,446610,229834,54784,71472,1.820380813585097,0.23720735730453427
5331,0.5335,39,189,39,446799,229645,54823,71433,1.8188838550247117,0.23725745487880218
5332,0.5336,13,98,13,446897,229547,54836,71420,1.8181076542896972,0.23730176398076866
5333,0.5337,31,147,31,447044,229400,54867,71389,1.8169433531871753,0.23733913141770477
5334,0.5338,37,168,37,447212,229232,54904,71352,1.8156127233557218,0.23737790434620606
5335,0.5339,48,162,48,447374,229070,54952,71304,1.8143296160182487,0.2373840612036994
5336,0.534,25,141,25,447515,228929,54977,71279,1.8132128374097072,0.23743204711400095
5337,0.5341,20,99,20,447614,228830,54997,71259,1.8124287162590293,0.23745955366574584
5338,0.5342,19,88,19,447702,228742,55016,71240,1.8117317196806488,0.23748091552159797
5339,0.5343,30,188,30,447890,228554,55046,71210,1.810242681535927,0.2375535421198009
5340,0.5344,19,91,19,447981,228463,55065,71191,1.8095219237105564,0.23757733919787488
5341,0.5345,29,95,29,448076,228368,55094,71162,1.808769484222532,0.23757887356859078
5342,0.5346,31,131,31,448207,228237,55125,71131,1.8077319097706248,0.23760388551882633
5343,0.5347,28,121,28,448328,228116,55153,71103,1.8067735394753517,0.23762862652438516
5344,0.5348,22,130,22,448458,227986,55175,71081,1.805743885439108,0.2376758385244778
5345,0.5349,36,189,36,448647,227797,55211,71045,1.8042469268787227,0.23773432114629134
5346,0.535,30,116,30,448763,227681,55241,71015,1.8033281586617667,0.23775008704502237
5347,0.5351,15,107,15,448870,227574,55256,71000,1.8024806741857813,0.2377969950498034
5348,0.5352,25,119,25,448989,227455,55281,70975,1.801538144721835,0.23782796635726972
5349,0.5353,19,103,19,449092,227352,55300,70956,1.8007223419085034,0.23786153908041352
5350,0.5354,16,88,16,449180,227264,55316,70940,1.800025345330123,0.2378908398277689
5351,0.5355,16,100,16,449280,227164,55332,70924,1.7992333037637815,0.2379297388690588
5352,0.5356,39,172,39,449452,226992,55371,70885,1.7978709922696743,0.2379673489393273
5353,0.5357,30,121,30,449573,226871,55401,70855,1.7969126219744012,0.23798727689217603
5354,0.5358,37,135,37,449708,226736,55438,70818,1.7958433658598403,0.23800049738870926
5355,0.5359,34,107,34,449815,226629,55472,70784,1.7949958813838551,0.2379990114756248
5356,0.536,7,48,7,449863,226581,55479,70777,1.7946157014320112,0.23801949165652178
5357,0.5361,19,87,19,449950,226494,55498,70758,1.793926625269294,0.23804045052682574
5358,0.5362,47,237,47,450187,226257,55545,70711,1.792049486757065,0.23810983001535518
5359,0.5363,37,138,37,450325,226119,55582,70674,1.7909564693955138,0.23812556226056544
5360,0.5364,40,126,40,450451,225993,55622,70634,1.7899584970219238,0.23812397387965356
5361,0.5365,14,85,14,450536,225908,55636,70620,1.7892852616905335,0.23815626180326985
5362,0.5366,34,190,34,450726,225718,55670,70586,1.787780382714485,0.23822155623953778
5363,0.5367,18,95,18,450821,225623,55688,70568,1.7870279432264606,0.23825166868675957
5364,0.5368,17,81,17,450902,225542,55705,70551,1.7863863895577239,0.23827311013769323
5365,0.5369,27,109,27,451011,225433,55732,70524,1.7855230642504119,0.23829137340897497
5366,0.537,14,55,14,451066,225378,55746,70510,1.7850874413889242,0.2382996268858487
5367,0.5371,29,105,29,451171,225273,55775,70481,1.7842557977442657,0.23830954103748386
5368,0.5372,17,104,17,451275,225169,55792,70464,1.7834320745152705,0.23834957531804637
5369,0.5373,32,178,32,451453,224991,55824,70432,1.7820222405271828,0.23841068569474957
5370,0.5374,29,119,29,451572,224872,55853,70403,1.7810797110632366,0.23843197019727372
5371,0.5375,12,60,12,451632,224812,55865,70391,1.7806044861234318,0.23844947375196052
5372,0.5376,23,129,23,451761,224683,55888,70368,1.7795827525028514,0.2384943619916557
5373,0.5377,30,116,30,451877,224567,55918,70338,1.7786639842858953,0.2385107068377952
5374,0.5378,25,169,25,452046,224398,55943,70313,1.7773254340387783,0.23858288289205357
5375,0.5379,23,89,23,452135,224309,55966,70290,1.7766205170447344,0.238595514580837
5376,0.538,29,164,29,452299,224145,55995,70261,1.7753215688759345,0.23865342418293106
5377,0.5381,32,148,32,452447,223997,56027,70229,1.7741493473577494,0.23869066635851352
5378,0.5382,27,121,27,452568,223876,56054,70202,1.7731909770624763,0.23871897931841213
5379,0.5383,12,86,12,452654,223790,56066,70190,1.7725098213154227,0.23875773862167493
5380,0.5384,17,133,17,452787,223657,56083,70173,1.7714564060321887,0.23882176768879965
5381,0.5385,32,154,32,452941,223503,56115,70141,1.7702366620200227,0.23886406669300242
5382,0.5386,26,117,26,453058,223386,56141,70115,1.7693099733874034,0.23889186067509138
5383,0.5387,49,172,49,453230,223214,56190,70066,1.767947661893296,0.238904800872886
5384,0.5388,16,76,16,453306,223138,56206,70050,1.7673457103028767,0.23892519475558344
5385,0.5389,14,53,14,453359,223085,56220,70036,1.7669259282727157,0.23893204512812116
5386,0.539,35,143,35,453502,222942,56255,70001,1.7657933088328475,0.2389577494597925
5387,0.5391,29,110,29,453612,222832,56284,69972,1.764922063109872,0.23897214518927337
5388,0.5392,22,139,22,453751,222693,56306,69950,1.7638211253326574,0.23902844079646532
5389,0.5393,25,138,25,453889,222555,56331,69925,1.7627281079711064,0.2390761761487965
5390,0.5394,13,113,13,454002,222442,56344,69912,1.7618331010011405,0.2391347476005117
5391,0.5395,25,169,25,454171,222273,56369,69887,1.7604945507540235,0.2392079682365827
5392,0.5396,30,124,30,454295,222149,56399,69857,1.7595124192117602,0.2392313856564591
5393,0.5397,8,50,8,454345,222099,56407,69849,1.7591163984285896,0.23925151054297342
5394,0.5398,36,167,36,454512,221932,56443,69813,1.7577936890127994,0.2392945894531183
5395,0.5399,20,105,20,454617,221827,56463,69793,1.756962045368141,0.23932857828681162
5396,0.54,29,146,29,454763,221681,56492,69764,1.7558056646812825,0.23937278045600371
5397,0.5401,30,170,30,454933,221511,56522,69734,1.7544591940185021,0.2394341533760236
5398,0.5402,30,125,30,455058,221386,56552,69704,1.7534691420605752,0.2394585866914013
5399,0.5403,24,97,24,455155,221289,56576,69680,1.752700861741224,0.239475682976537
5400,0.5404,9,61,9,455216,221228,56585,69671,1.752217716385756,0.23950237023846765
5401,0.5405,31,138,31,455354,221090,56616,69640,1.7511246990242049,0.23953496371203523
5402,0.5406,28,161,28,455515,220929,56644,69612,1.7498495121023951,0.23959441180418597
5403,0.5407,44,148,44,455663,220781,56688,69568,1.7486772905842098,0.23960130739213842
5404,0.5408,33,129,33,455792,220652,56721,69535,1.7476555569636294,0.23962134761378007
5405,0.5409,18,112,18,455904,220540,56739,69517,1.7467684704093271,0.23966668620305664
5406,0.541,22,91,22,455995,220449,56761,69495,1.7460477125839564,0.23968421488287395
5407,0.5411,21,109,21,456104,220340,56782,69474,1.7451843872766444,0.2397192682203068
5408,0.5412,12,39,12,456143,220301,56794,69462,1.7448754910657711,0.23972004707295272
5409,0.5413,33,192,33,456335,220109,56827,69429,1.7433547712583957,0.23979235886135844
5410,0.5414,15,61,15,456396,220048,56842,69414,1.7428716259029273,0.23980349752299093
5411,0.5415,32,187,32,456583,219861,56874,69382,1.741390508173869,0.23987443084188728
5412,0.5416,8,45,8,456628,219816,56882,69374,1.7410340894690153,0.23989072927832913
5413,0.5417,30,144,30,456772,219672,56912,69344,1.7398935496134837,0.23993135328147921
5414,0.5418,40,197,40,456969,219475,56952,69304,1.7383332277277912,0.23998974994719144
5415,0.5419,53,248,53,457217,219227,57005,69251,1.7363689646432645,0.24005643411282662
5416,0.542,16,96,16,457313,219131,57021,69235,1.7356086047395767,0.24009418586102385
5417,0.5421,39,162,39,457475,218969,57060,69196,1.7343254974021036,0.2401263165200493
5418,0.5422,35,145,35,457620,218824,57095,69161,1.7331770371309085,0.2401548691772141
5419,0.5423,43,208,43,457828,218616,57138,69118,1.7315295906729185,0.2402149207253922
5420,0.5424,31,124,31,457952,218492,57169,69087,1.730547459130655,0.24023659585713839
5421,0.5425,35,140,35,458092,218352,57204,69052,1.7294386009377771,0.24026109587897176
5422,0.5426,13,92,13,458184,218260,57217,69039,1.728709922696743,0.24030365577325366
5423,0.5427,23,100,23,458284,218160,57240,69016,1.7279178811304017,0.24032648967880324
5424,0.5428,9,73,9,458357,218087,57249,69007,1.7273396907869725,0.2403637832904902
5425,0.5429,17,112,17,458469,217975,57266,68990,1.7264526042326702,0.24041259387033262
5426,0.543,18,86,18,458555,217889,57284,68972,1.7257714484856166,0.2404370060761135
5427,0.5431,14,80,14,458635,217809,57298,68958,1.7251378152325434,0.24046699934092836
5428,0.5432,24,96,24,458731,217713,57322,68934,1.7243774553288556,0.24048394017729124
5429,0.5433,27,168,27,458899,217545,57349,68907,1.723046825497402,0.24055339114406601
5430,0.5434,18,88,18,458987,217457,57367,68889,1.7223498289190218,0.2405795785518219
5431,0.5435,35,113,35,459100,217344,57402,68854,1.721454821949056,0.24058169519004324
5432,0.5436,32,121,32,459221,217223,57434,68822,1.7204964516537828,0.24059850722788373
5433,0.5437,29,179,29,459400,217044,57463,68793,1.7190786972500316,0.24067213131959822
5434,0.5438,24,121,24,459521,216923,57487,68769,1.7181203269547587,0.24071027540148132
5435,0.5439,21,103,21,459624,216820,57508,68748,1.7173045241414269,0.24074125952487674
5436,0.544,26,167,26,459791,216653,57534,68722,1.7159818147256367,0.24081296539640823
5437,0.5441,22,101,22,459892,216552,57556,68700,1.715181852743632,0.24083967859997477
5438,0.5442,51,187,51,460079,216365,57607,68649,1.7137007350145737,0.24086185240023297
5439,0.5443,9,60,9,460139,216305,57616,68640,1.7132255100747686,0.24088859253540157
5440,0.5444,32,139,32,460278,216166,57648,68608,1.7121245722975542,0.24092087058509554
5441,0.5445,25,115,25,460393,216051,57673,68583,1.7112137244962615,0.24095153776428677
5442,0.5446,26,110,26,460503,215941,57699,68557,1.710342478773286,0.2409753319882741
5443,0.5447,29,161,29,460664,215780,57728,68528,1.7090672918514764,0.24103437117492296
5444,0.5448,23,98,23,460762,215682,57751,68505,1.7082910911164617,0.24105606519650793
5445,0.5449,36,168,36,460930,215514,57787,68469,1.7069604612850082,0.24110246035854258
5446,0.545,26,108,26,461038,215406,57813,68443,1.7061050563933595,0.24112468248963356
5447,0.5451,30,157,30,461195,215249,57843,68413,1.7048615511342036,0.2411778807171916
5448,0.5452,29,114,29,461309,215135,57872,68384,1.7039586237485744,0.241197238985747
5449,0.5453,14,109,14,461418,215026,57886,68370,1.7030952984412622,0.24125252297138985
5450,0.5454,19,125,19,461543,214901,57905,68351,1.7021052464833355,0.2413080931467386
5451,0.5455,30,115,30,461658,214786,57935,68321,1.7011943986820428,0.24132571783813186
5452,0.5456,19,94,19,461752,214692,57954,68302,1.7004498796096819,0.24135494038742872
5453,0.5457,19,104,19,461856,214588,57973,68283,1.699626156380687,0.2413927196495929
5454,0.5458,10,93,10,461949,214495,57983,68273,1.6988895577239893,0.24144528376619703
5455,0.5459,27,139,27,462088,214356,58010,68246,1.6977886199467749,0.24149156764637192
5456,0.546,17,87,17,462175,214269,58027,68229,1.6970995437840577,0.24152029394898372
5457,0.5461,41,196,41,462371,214073,58068,68188,1.6955471423140287,0.2415778304477062
5458,0.5462,17,75,17,462446,213998,58085,68171,1.6949531111392726,0.24159634828772827
5459,0.5463,37,133,37,462579,213865,58122,68134,1.6938996958560386,0.24161078585385054
5460,0.5464,25,99,25,462678,213766,58147,68109,1.6931155747053606,0.24162838137472284
5461,0.5465,40,155,40,462833,213611,58187,68069,1.6918879102775313,0.24165364953138313
5462,0.5466,24,130,24,462963,213481,58211,68045,1.6908582562412875,0.24170058893317137
5463,0.5467,19,95,19,463058,213386,58230,68026,1.6901058167532632,0.24173098517476155
5464,0.5468,27,137,27,463195,213249,58257,67999,1.6890207198073754,0.24177594151780635
5465,0.5469,24,95,24,463290,213154,58281,67975,1.6882682803193512,0.24179291357348406
5466,0.547,26,83,26,463373,213071,58307,67949,1.6876108858192878,0.24179417835029535
5467,0.5471,6,28,6,463401,213043,58313,67943,1.6873891141807122,0.2418020826660403
5468,0.5472,15,87,15,463488,212956,58328,67928,1.6867000380179953,0.24183648766038648
5469,0.5473,18,108,18,463596,212848,58346,67910,1.6858446331263466,0.24188090811303686
5470,0.5474,28,140,28,463736,212708,58374,67882,1.6847357749334686,0.24192594176556542
5471,0.5475,10,83,10,463819,212625,58384,67872,1.6840783804334052,0.241970502358314
5472,0.5476,47,245,47,464064,212380,58431,67825,1.6821378785958687,0.24205492407344623
5473,0.5477,20,114,20,464178,212266,58451,67805,1.6812349512102396,0.24209932481406501
5474,0.5478,38,159,38,464337,212107,58489,67767,1.6799756051197567,0.24213396028212697
5475,0.5479,25,117,25,464454,211990,58514,67742,1.6790489164871372,0.2421675031816167
5476,0.548,23,132,23,464586,211858,58537,67719,1.6780034216195665,0.24221949588127778
5477,0.5481,30,117,30,464703,211741,58567,67689,1.6770767329869471,0.24223955910245856
5478,0.5482,29,133,29,464836,211608,58596,67660,1.6760233177037132,0.24227623644671067
5479,0.5483,27,129,27,464965,211479,58623,67633,1.6750015840831327,0.24231491300983118
5480,0.5484,14,67,14,465032,211412,58637,67619,1.674470916233684,0.2423350810483423
5481,0.5485,12,66,12,465098,211346,58649,67607,1.6739481687998987,0.24235982405638226
5482,0.5486,16,116,16,465214,211230,58665,67591,1.6730294005829427,0.24241717804612994
5483,0.5487,52,184,52,465398,211046,58717,67539,1.6715720441008743,0.24243588132885835
5484,0.5488,27,97,27,465495,210949,58744,67512,1.6708037637815232,0.24244687765970818
5485,0.5489,26,102,26,465597,210847,58770,67486,1.6699958813838551,0.24246496103588147
5486,0.549,23,117,23,465714,210730,58793,67463,1.6690691927512356,0.24250430456553543
5487,0.5491,34,174,34,465888,210556,58827,67429,1.6676910404258016,0.24256344766803964
5488,0.5492,17,111,17,465999,210445,58844,67412,1.6668118742871625,0.2426140064853504
5489,0.5493,37,165,37,466164,210280,58881,67375,1.6655050057026992,0.24265725450649187
5490,0.5494,20,108,20,466272,210172,58901,67355,1.6646496008110505,0.2426971069481528
5491,0.5495,33,93,33,466365,210079,58934,67322,1.6639130021543531,0.2426883825220529
5492,0.5496,20,110,20,466475,209969,58954,67302,1.6630417564313775,0.24273003667891702
5493,0.5497,30,135,30,466610,209834,58984,67272,1.6619725003168166,0.24276630603451388
5494,0.5498,16,95,16,466705,209739,59000,67256,1.6612200608287924,0.2428058268199787
5495,0.5499,9,40,9,466745,209699,59009,67247,1.6609032442022558,0.24281628909606928
5496,0.55,44,234,44,466979,209465,59053,67203,1.6590498669370168,0.24290123903017335
5497,0.5501,23,107,23,467086,209358,59076,67180,1.6582023824610315,0.24293225524159429
5498,0.5502,35,172,35,467258,209186,59111,67145,1.6568400709669244,0.24298757649340827
5499,0.5503,27,145,27,467403,209041,59138,67118,1.6556916106957293,0.24304114658584366
5500,0.5504,36,166,36,467569,208875,59174,67082,1.6543768216956025,0.2430885971365104
5501,0.5505,25,129,25,467698,208746,59199,67057,1.653355088075022,0.24313368600051485
5502,0.5506,29,161,29,467859,208585,59228,67028,1.6520799011532126,0.24319607565680865
5503,0.5507,12,59,12,467918,208526,59240,67016,1.6516125966290711,0.24321519042469025
5504,0.5508,36,156,36,468074,208370,59276,66980,1.6503770117855785,0.24325404031232975
5505,0.5509,38,130,38,468204,208240,59314,66942,1.6493473577493347,0.24326445770435567
5506,0.551,24,120,24,468324,208120,59338,66918,1.648396907869725,0.2433045615514947
5507,0.5511,18,102,18,468426,208018,59356,66900,1.6475890254720569,0.24334528841327233
5508,0.5512,53,212,53,468638,207806,59409,66847,1.645909897351413,0.2433871102809727
5509,0.5513,28,104,28,468742,207702,59437,66819,1.6450861741224179,0.24340214409826572
5510,0.5514,21,101,21,468843,207601,59458,66798,1.6442862121404132,0.24343383175594663
5511,0.5515,25,152,25,468995,207449,59483,66773,1.6430823089595743,0.24349979213921566
5512,0.5516,26,127,26,469122,207322,59509,66747,1.6420764161703205,0.2435408601483568
5513,0.5517,8,43,8,469165,207279,59517,66739,1.641735838296794,0.24355699260632513
5514,0.5518,26,127,26,469292,207152,59543,66713,1.6407299455075401,0.24359812316287222
5515,0.5519,28,102,28,469394,207050,59571,66685,1.639922063109872,0.24361152209253475
5516,0.552,24,100,24,469494,206950,59595,66661,1.6391300215435307,0.2436342106128774
5517,0.5521,12,83,12,469577,206867,59607,66649,1.6384726270434673,0.24367495868614633
5518,0.5522,26,124,26,469701,206743,59633,66623,1.637490495501204,0.24371355618474866
5519,0.5523,18,114,18,469815,206629,59651,66605,1.6365875681155746,0.24376541718819766
5520,0.5524,23,98,23,469913,206531,59674,66582,1.63581136738056,0.24378920080699198
5521,0.5525,16,76,16,469989,206455,59690,66566,1.6352094157901407,0.24381274700480915
5522,0.5526,19,133,19,470122,206322,59709,66547,1.6341560005069067,0.24387893091556753
5523,0.5527,41,217,41,470339,206105,59750,66506,1.6324372703079457,0.24395934133252142
5524,0.5528,17,56,17,470395,206049,59767,66489,1.6319937270307945,0.24396230984303105
5525,0.5529,40,164,40,470559,205885,59807,66449,1.6306947788619948,0.24399817870702886
5526,0.553,46,287,46,470846,205598,59853,66403,1.6284216195665948,0.24412777894198917
5527,0.5531,29,156,29,471002,205442,59882,66374,1.6271860347231022,0.24418724431232894
5528,0.5532,20,108,20,471110,205334,59902,66354,1.6263306298314535,0.2442286740673125
5529,0.5533,14,109,14,471219,205225,59916,66340,1.6254673045241415,0.24428773958352512
5530,0.5534,31,106,31,471325,205119,59947,66309,1.6246277404638196,0.24429683009858968
5531,0.5535,38,152,38,471477,204967,59985,66271,1.6234238372829806,0.24432785966568107
5532,0.5536,43,171,43,471648,204796,60028,66228,1.6220694462045369,0.24436212291162407
5533,0.5537,31,147,31,471795,204649,60059,66197,1.6209051451020149,0.24440826152130732
5534,0.5538,20,97,20,471892,204552,60079,66177,1.6201368647826637,0.24444001196768725
5535,0.5539,21,125,21,472017,204427,60100,66156,1.619146812824737,0.2444942956505028
5536,0.554,49,217,49,472234,204210,60149,66107,1.6174280826257763,0.2445536166796761
5537,0.5541,33,134,33,472368,204076,60182,66074,1.6163667469268788,0.24458263927447715
5538,0.5542,24,127,24,472495,203949,60206,66050,1.6153608541376252,0.24463053566865062
5539,0.5543,7,74,7,472569,203875,60213,66043,1.6147747433785324,0.24467801332256464
5540,0.5544,26,116,26,472685,203759,60239,66017,1.6138559751615764,0.24471042642785126
5541,0.5545,36,154,36,472839,203605,60275,65981,1.6126362311494107,0.24474935642058565
5542,0.5546,24,111,24,472950,203494,60299,65957,1.6117570650107718,0.24478291043640588
5543,0.5547,11,86,11,473036,203408,60310,65946,1.6110759092637181,0.24483022342345018
5544,0.5548,26,149,26,473185,203259,60336,65920,1.6098957673298695,0.24489280367339206
5545,0.5549,24,79,24,473264,203180,60360,65896,1.6092700544924599,0.24489735242087737
5546,0.555,33,121,33,473385,203059,60393,65863,1.6083116841971867,0.2449148823822521
5547,0.5551,19,94,19,473479,202965,60412,65844,1.6075671651248258,0.24494715578719461
5548,0.5552,58,217,58,473696,202748,60470,65786,1.6058484349258648,0.2449820134508107
5549,0.5553,20,168,20,473864,202580,60490,65766,1.6045178050944113,0.24507911427783532
5550,0.5554,27,126,27,473990,202454,60517,65739,1.603519832720821,0.24511825439142707
5551,0.5555,23,101,23,474091,202353,60540,65716,1.6027198707388164,0.24514583931748915
5552,0.5556,25,92,25,474183,202261,60565,65691,1.6019911924977823,0.24515958082044545
5553,0.5557,30,167,30,474350,202094,60595,65661,1.6006684830819922,0.24522791357771095
5554,0.5558,20,99,20,474449,201995,60615,65641,1.5998843619313141,0.24526222182367097
5555,0.5559,11,50,11,474499,201945,60626,65630,1.5994883411481435,0.24527702513314023
5556,0.556,27,128,27,474627,201817,60653,65603,1.5984745279432264,0.24531822601151745
5557,0.5561,13,51,13,474678,201766,60666,65590,1.5980705867443923,0.24532832627657505
5558,0.5562,30,164,30,474842,201602,60696,65560,1.5967716385755923,0.24539418031007404
5559,0.5563,34,141,34,474983,201461,60730,65526,1.595654859967051,0.2454276799994007
5560,0.5564,21,103,21,475086,201358,60751,65505,1.5948390571537194,0.24546302784574855
5561,0.5565,24,93,24,475179,201265,60775,65481,1.594102458497022,0.24548071948595293
5562,0.5566,12,72,12,475251,201193,60787,65469,1.5935321885692562,0.24551304647831337
5563,0.5567,34,132,34,475383,201061,60821,65435,1.5924866937016855,0.2455383945725264
5564,0.5568,33,154,33,475537,200907,60854,65402,1.5912669496895198,0.24558689342080064
5565,0.5569,33,122,33,475659,200785,60887,65369,1.5903006589785833,0.2456059273954177
5566,0.557,42,249,42,475908,200536,60929,65327,1.588328475478393,0.24571677894253807
5567,0.5571,17,95,17,476003,200441,60946,65310,1.5875760359903688,0.2457563659214829
5568,0.5572,16,78,16,476081,200363,60962,65294,1.5869582435686225,0.24578309624816963
5569,0.5573,33,110,33,476191,200253,60995,65261,1.5860869978456469,0.2457911823858629
5570,0.5574,14,76,14,476267,200177,61009,65247,1.5854850462552275,0.24582177949243475
5571,0.5575,33,156,33,476423,200021,61042,65214,1.5842494614117348,0.24587252813542707
5572,0.5576,28,153,28,476576,199868,61070,65186,1.5830376378152324,0.2459347906464343
5573,0.5577,27,116,27,476692,199752,61097,65159,1.5821188695982764,0.24596562619143789
5574,0.5578,7,45,7,476737,199707,61104,65152,1.581762450893423,0.2459874876821252
5575,0.5579,35,149,35,476886,199558,61139,65117,1.5805823089595743,0.2460262586190611
5576,0.558,41,225,41,477111,199333,61180,65076,1.578800215435306,0.24611870246474213
5577,0.5581,15,67,15,477178,199266,61195,65061,1.5782695475858572,0.2461383059619335
5578,0.5582,26,136,26,477314,199130,61221,65035,1.577192371055633,0.24619082770238299
5579,0.5583,54,204,54,477518,198926,61275,64981,1.5755766062602965,0.2462268905334076
5580,0.5584,32,150,32,477668,198776,61307,64949,1.5743885439107845,0.24627547634846905
5581,0.5585,35,154,35,477822,198622,61342,64914,1.5731687998986186,0.24631928844636028
5582,0.5586,24,135,24,477957,198487,61366,64890,1.5720995437840577,0.24637686662085148
5583,0.5587,38,161,38,478118,198326,61404,64852,1.5708243568622482,0.24641877360569653
5584,0.5588,20,85,20,478203,198241,61424,64832,1.570151121530858,0.24644110189947277
5585,0.5589,21,104,21,478307,198137,61445,64811,1.569327398301863,0.24647839116479303
5586,0.559,29,120,29,478427,198017,61474,64782,1.5683769484222532,0.24650778732034748
5587,0.5591,38,178,38,478605,197839,61512,64744,1.5669671144341655,0.24656584775099682
5588,0.5592,35,116,35,478721,197723,61547,64709,1.5660483462172095,0.24657435068894037
5589,0.5593,24,90,24,478811,197633,61571,64685,1.5653355088075023,0.24659001669729108
5590,0.5594,26,159,26,478970,197474,61597,64659,1.5640761627170194,0.24666486096752413
5591,0.5595,23,85,23,479055,197389,61620,64636,1.5634029273856291,0.2466787520274783
5592,0.5596,13,89,13,479144,197300,61633,64623,1.5626980103915853,0.24672518259183043
5593,0.5597,40,193,40,479337,197107,61673,64583,1.5611693701685465,0.24679200580839925
5594,0.5598,19,164,19,479501,196943,61692,64564,1.5598704219997466,0.2468920526027984
5595,0.5599,34,162,34,479663,196781,61726,64530,1.5585873146622735,0.24694712430781712
5596,0.56,42,153,42,479816,196628,61768,64488,1.5573754910657711,0.24697069501677416
5597,0.5601,24,70,24,479886,196558,61792,64464,1.5568210619693321,0.2469676885473255
5598,0.5602,17,84,17,479970,196474,61809,64447,1.5561557470536054,0.24699813353467143
5599,0.5603,21,111,21,480081,196363,61830,64426,1.5552765809149665,0.24704262833171645
5600,0.5604,19,112,19,480193,196251,61849,64407,1.554389494360664,0.2470938931473425
5601,0.5605,15,88,15,480281,196163,61864,64392,1.5536924977822837,0.2471340024179156
5602,0.5606,9,56,9,480337,196107,61873,64383,1.5532489545051325,0.24716111942876887
5603,0.5607,20,67,20,480404,196040,61893,64363,1.5527182866556837,0.2471668913184564
5604,0.5608,38,210,38,480614,195830,61931,64325,1.5510549993663667,0.24725644327420193
5605,0.5609,46,264,46,480878,195566,61977,64279,1.5489640096312254,0.24737439627470223
5606,0.561,25,113,25,480991,195453,62002,64254,1.5480690026612596,0.24740958079682104
5607,0.5611,8,73,8,481064,195380,62010,64246,1.5474908123178304,0.24745595587498942
5608,0.5612,23,123,23,481187,195257,62033,64223,1.5465166011912306,0.2475065515646678
5609,0.5613,13,59,13,481246,195198,62046,64210,1.5460492966670891,0.24752513415160673
5610,0.5614,25,202,25,481448,194996,62071,64185,1.5444493727030795,0.2476454678390777
5611,0.5615,31,131,31,481579,194865,62102,64154,1.5434117982511721,0.24768067207424938
5612,0.5616,12,53,12,481632,194812,62114,64142,1.5429920162210113,0.24769650208145075
5613,0.5617,27,133,27,481765,194679,62141,64115,1.5419386009377771,0.24774531094229388
5614,0.5618,34,166,34,481931,194513,62175,64081,1.5406238119376505,0.24780544018809408
5615,0.5619,28,129,28,482060,194384,62203,64053,1.53960207831707,0.24784763791562353
5616,0.562,39,221,39,482281,194163,62242,64014,1.5378516664554556,0.24794617646033534
5617,0.5621,28,137,28,482418,194026,62270,63986,1.5367665695095678,0.24799621723020635
5618,0.5622,13,89,13,482507,193937,62283,63973,1.536061652515524,0.24804389127990384
5619,0.5623,37,161,37,482668,193776,62320,63936,1.5347864655937145,0.24809089215868876
5620,0.5624,34,155,34,482823,193621,62354,63902,1.5335588011658852,0.24814094275074458
5621,0.5625,23,98,23,482921,193523,62377,63879,1.5327826004308707,0.24816823490104972
5622,0.5626,19,113,19,483034,193410,62396,63860,1.5318875934609049,0.24822171259766004
5623,0.5627,18,119,18,483153,193291,62414,63842,1.5309450639969586,0.24828396199632097
5624,0.5628,32,106,32,483259,193185,62446,63810,1.5301054999366366,0.24829276834179653
5625,0.5629,30,145,30,483404,193040,62476,63780,1.5289570396654417,0.24834514445915426
5626,0.563,11,64,11,483468,192976,62487,63769,1.5284501330629832,0.24837484663771447
5627,0.5631,13,76,13,483544,192900,62500,63756,1.5278481814725637,0.2484103235459136
5628,0.5632,24,150,24,483694,192750,62524,63732,1.5266601191230516,0.24848527382038504
5629,0.5633,13,69,13,483763,192681,62537,63719,1.5261136104422761,0.24851404056162246
5630,0.5634,29,103,29,483866,192578,62566,63690,1.5252978076289443,0.24852888382474597
5631,0.5635,20,87,20,483953,192491,62586,63670,1.5246087314662273,0.24855461994604955
5632,0.5636,18,104,18,484057,192387,62604,63652,1.5237850082372324,0.2486027519245115
5633,0.5637,14,81,14,484138,192306,62618,63638,1.5231434545684956,0.2486403275716563
5634,0.5638,24,118,24,484256,192188,62642,63614,1.522208845520213,0.24868452944073932
5635,0.5639,31,97,31,484353,192091,62673,63583,1.5214405652008618,0.2486877820975148
5636,0.564,24,133,24,484486,191958,62697,63559,1.5203871499176276,0.24874665873503524
5637,0.5641,19,64,19,484550,191894,62716,63540,1.5198802433151692,0.24875310256269723
5638,0.5642,25,138,25,484688,191756,62741,63515,1.5187872259536181,0.24881400550787203
5639,0.5643,15,75,15,484763,191681,62756,63500,1.518193194778862,0.24884297812141187
5640,0.5644,14,63,14,484826,191618,62770,63486,1.5176942085920668,0.24886320873055695
5641,0.5645,22,114,22,484940,191504,62792,63464,1.5167912812064377,0.24890966709547865
5642,0.5646,31,134,31,485074,191370,62823,63433,1.5157299455075401,0.24894918819637132
5643,0.5647,23,86,23,485160,191284,62846,63410,1.5150487897604867,0.24896542517687892
5644,0.5648,30,149,30,485309,191135,62876,63380,1.5138686478266379,0.249022650924307
5645,0.5649,29,104,29,485413,191031,62905,63351,1.513044924597643,0.24903884708823737
5646,0.565,30,147,30,485560,190884,62935,63321,1.511880623495121,0.24909423496784092
5647,0.5651,25,144,25,485704,190740,62960,63296,1.5107400836395894,0.24916153616022926
5648,0.5652,14,93,14,485797,190647,62974,63282,1.5100034849828918,0.24921139373604434
5649,0.5653,20,80,20,485877,190567,62994,63262,1.5093698517298189,0.2492307813528005
5650,0.5654,57,221,57,486098,190346,63051,63205,1.5076194398682043,0.24927923770760124
5651,0.5655,28,119,28,486217,190227,63079,63177,1.506676910404258,0.2493133494341052
5652,0.5656,26,96,26,486313,190131,63105,63151,1.5059165505005703,0.24933078544863038
5653,0.5657,11,123,11,486436,190008,63116,63140,1.5049423393739703,0.2494193120230063
5654,0.5658,40,145,40,486581,189863,63156,63100,1.5037938791027754,0.2494435945177753
5655,0.5659,22,126,22,486707,189737,63178,63078,1.5027959067291852,0.24950260071593852
5656,0.566,27,120,27,486827,189617,63205,63051,1.5018454568495754,0.24954089952031916
5657,0.5661,21,131,21,486958,189486,63226,63030,1.5008078823976683,0.24960794563512806
5658,0.5662,14,72,14,487030,189414,63240,63016,1.5002376124699024,0.24963752327377886
5659,0.5663,25,84,25,487114,189330,63265,62991,1.4995722975541756,0.24964628390026988
5660,0.5664,37,190,37,487304,189140,63302,62954,1.498067418578127,0.24972430918625593
5661,0.5665,44,144,44,487448,188996,63346,62910,1.4969268787225953,0.2497360126396354
5662,0.5666,20,141,20,487589,188855,63366,62890,1.495810100114054,0.24981628234920256
5663,0.5667,37,192,37,487781,188663,63403,62853,1.4942893803066786,0.24989662685475278
5664,0.5668,7,79,7,487860,188584,63410,62846,1.4936636674692687,0.2499542616235135
5665,0.5669,17,78,17,487938,188506,63427,62829,1.4930458750475224,0.24998110092108142
5666,0.567,24,125,24,488063,188381,63451,62805,1.4920558230895957,0.25003383946557534
5667,0.5671,23,77,23,488140,188304,63474,62782,1.491445951083513,0.25004181834112615
5668,0.5672,20,136,20,488276,188168,63494,62762,1.4903687745532885,0.25011756266687923
5669,0.5673,24,96,24,488372,188072,63518,62738,1.489608414649601,0.25014154140584505
5670,0.5674,20,124,20,488496,187948,63538,62718,1.4886262831073376,0.25020545267407623
5671,0.5675,15,69,15,488565,187879,63553,62703,1.488079774426562,0.2502294658036092
5672,0.5676,47,178,47,488743,187701,63600,62656,1.4866699404384742,0.25026661926768573
5673,0.5677,30,112,30,488855,187589,63630,62626,1.4857828538841718,0.25028875167356074
5674,0.5678,27,61,27,488916,187528,63657,62599,1.4852997085287036,0.25026886341738397
5675,0.5679,17,82,17,488998,187446,63674,62582,1.4846502344443036,0.2502999664037628
5676,0.568,27,102,27,489100,187344,63701,62555,1.4838423520466355,0.2503211297364135
5677,0.5681,24,133,24,489233,187211,63725,62531,1.4827889367634013,0.25038239463125944
5678,0.5682,30,144,30,489377,187067,63755,62501,1.4816483969078698,0.2504367547121426
5679,0.5683,23,98,23,489475,186969,63778,62478,1.4808721961728553,0.2504660308602629
5680,0.5684,16,90,16,489565,186879,63794,62462,1.4801593587631479,0.25050833998419836
5681,0.5685,14,115,14,489680,186764,63808,62448,1.4792485109618552,0.2505818339405807
5682,0.5686,12,53,12,489733,186711,63820,62436,1.4788287289316944,0.25059904393791615
5683,0.5687,21,109,21,489842,186602,63841,62415,1.4779654036243821,0.25064553825642427
5684,0.5688,24,149,24,489991,186453,63865,62391,1.4767852616905335,0.25072334474610597
5685,0.5689,18,84,18,490075,186369,63883,62373,1.4761199467748067,0.25075379308681284
5686,0.569,12,84,12,490159,186285,63895,62361,1.47545463185908,0.2508023455032456
5687,0.5691,20,71,20,490230,186214,63915,62341,1.4748922823469777,0.2508137032045221
5688,0.5692,29,159,29,490389,186055,63944,62312,1.4736329362564948,0.2508867925287981
5689,0.5693,29,160,29,490549,185895,63973,62283,1.4723656697503484,0.2509610037956628
5690,0.5694,22,107,22,490656,185788,63995,62261,1.4715181852743633,0.25100282605452956
5691,0.5695,27,124,27,490780,185664,64022,62234,1.4705360537321,0.2510468015070715
5692,0.5696,19,86,19,490866,185578,64041,62215,1.4698548979850463,0.25107650337176596
5693,0.5697,8,40,8,490906,185538,64049,62207,1.4695380813585097,0.25109285757532945
5694,0.5698,31,132,31,491038,185406,64080,62176,1.468492586490939,0.2511329579694808
5695,0.5699,17,107,17,491145,185299,64097,62159,1.4676451020149537,0.25119010094642324
5696,0.57,26,120,26,491265,185179,64123,62133,1.4666946521353441,0.2512332600116452
5697,0.5701,21,71,21,491336,185108,64144,62112,1.4661323026232416,0.2512418089151363
5698,0.5702,35,104,35,491440,185004,64179,62077,1.4653085793942466,0.251241495703838
5699,0.5703,31,143,31,491583,184861,64210,62046,1.4641759599543784,0.25129299695836893
5700,0.5704,27,117,27,491700,184744,64237,62019,1.4632492713217589,0.25133022373694597
5701,0.5705,23,92,23,491792,184652,64260,61996,1.4625205930807248,0.2513541565307645
5702,0.5706,18,52,18,491844,184600,64278,61978,1.4621087314662273,0.2513525132006911
5703,0.5707,17,145,17,491989,184455,64295,61961,1.4609602711950322,0.2514487695604182
5704,0.5708,37,116,37,492105,184339,64332,61924,1.4600415029780762,0.2514547455362763
5705,0.5709,40,140,40,492245,184199,64372,61884,1.4589326447851982,0.2514761279730823
5706,0.571,30,181,30,492426,184018,64402,61854,1.4574990495501203,0.2515699225613327
5707,0.5711,19,89,19,492515,183929,64421,61835,1.4567941325560765,0.2516031640110024
5708,0.5712,6,52,6,492567,183877,64427,61829,1.456382270941579,0.25163813663484
5709,0.5713,28,90,28,492657,183787,64455,61801,1.4556694335318718,0.2516450315161979
5710,0.5714,14,68,14,492725,183719,64469,61787,1.4551308452667595,0.25167205689473987
5711,0.5715,27,107,27,492832,183612,64496,61760,1.4542833607907744,0.25169946041113084
5712,0.5716,30,154,30,492986,183458,64526,61730,1.4530636167786086,0.2517659918103659
5713,0.5717,13,81,13,493067,183377,64539,61717,1.452422063109872,0.25180950982072187
5714,0.5718,33,161,33,493228,183216,64572,61684,1.4511468761880624,0.2518742343813802
5715,0.5719,26,96,26,493324,183120,64598,61658,1.4503865162843745,0.2518935525251452
5716,0.572,25,116,25,493440,183004,64623,61633,1.4494677480674185,0.2519365427143073
5717,0.5721,40,186,40,493626,182818,64663,61593,1.4479945507540235,0.25200584261755815
5718,0.5722,17,54,17,493680,182764,64680,61576,1.4475668483081991,0.2520094949660309
5719,0.5723,20,90,20,493770,182674,64700,61556,1.446854010898492,0.2520411087908938
5720,0.5724,38,164,38,493934,182510,64738,61518,1.445555062729692,0.2520940219974757
5721,0.5725,14,62,14,493996,182448,64752,61504,1.4450639969585604,0.25211517019741586
5722,0.5726,17,73,17,494069,182375,64769,61487,1.4444858066151312,0.25213850456405673
5723,0.5727,26,124,26,494193,182251,64795,61461,1.4435036750728678,0.25218700761554624
5724,0.5728,33,94,33,494287,182157,64828,61428,1.4427591560005069,0.25218301619557854
5725,0.5729,20,66,20,494353,182091,64848,61408,1.4422364085667216,0.2521899473919811
5726,0.573,15,88,15,494441,182003,64863,61393,1.4415394119883411,0.25223504083879766
5727,0.5731,25,116,25,494557,181887,64888,61368,1.440620643771385,0.2522784732071283
5728,0.5732,24,120,24,494677,181767,64912,61344,1.4396701938917755,0.25232918296580575
5729,0.5733,30,144,30,494821,181623,64942,61314,1.4385296540362438,0.25238642117092086
5730,0.5734,24,117,24,494938,181506,64966,61290,1.4376029654036244,0.2524341422428706
5731,0.5735,32,171,32,495109,181335,64998,61258,1.4362485743251805,0.2525134690613497
5732,0.5736,17,99,17,495208,181236,65015,61241,1.4354644531745027,0.2525641607245223
5733,0.5737,12,98,12,495306,181138,65027,61229,1.434688252439488,0.25262927708805244
5734,0.5738,48,157,48,495463,180981,65075,61181,1.433444747180332,0.2526449236461542
5735,0.5739,19,79,19,495542,180902,65094,61162,1.4328190343429223,0.25266871571154736
5736,0.574,19,88,19,495630,180814,65113,61143,1.4321220377645418,0.25270192637534766
5737,0.5741,22,107,22,495737,180707,65135,61121,1.4312745532885567,0.2527457531799461
5738,0.5742,25,112,25,495849,180595,65160,61096,1.4303874667342542,0.2527855815897158
5739,0.5743,28,114,28,495963,180481,65188,61068,1.429484539348625,0.25281826875706376
5740,0.5744,28,128,28,496091,180353,65216,61040,1.428470726143708,0.2528656589047735
5741,0.5745,16,92,16,496183,180261,65232,61024,1.427742047902674,0.25291253082454357
5742,0.5746,19,97,19,496280,180164,65251,61005,1.4269737675833227,0.25295539642325504
5743,0.5747,23,89,23,496369,180075,65274,60982,1.4262688505892789,0.2529775115429131
5744,0.5748,14,84,14,496453,179991,65288,60968,1.4256035356735521,0.25302229839931273
5745,0.5749,31,120,31,496573,179871,65319,60937,1.4246530857939426,0.25305222417859874
5746,0.575,54,215,54,496788,179656,65373,60883,1.4229501964263085,0.2531107221697937
5747,0.5751,17,90,17,496878,179566,65390,60866,1.422237359016601,0.25315265854794705
5748,0.5752,30,152,30,497030,179414,65420,60836,1.4210334558357622,0.25321956295525494
5749,0.5753,31,132,31,497162,179282,65451,60805,1.4199879609681916,0.25326235906150685
5750,0.5754,27,112,27,497274,179170,65478,60778,1.4191008744138893,0.25329654758531017
5751,0.5755,15,79,15,497353,179091,65493,60763,1.4184751615764795,0.2533332777439609
5752,0.5756,26,78,26,497431,179013,65519,60737,1.4178573691547331,0.2533347236704901
5753,0.5757,20,81,20,497512,178932,65539,60717,1.4172158154859966,0.25335803612783697
5754,0.5758,19,75,19,497587,178857,65558,60698,1.4166217843112408,0.25337813863204695
5755,0.5759,28,118,28,497705,178739,65586,60670,1.4156871752629578,0.2534157028348976
5756,0.576,21,91,21,497796,178648,65607,60649,1.414966417437587,0.2534465538640267
5757,0.5761,25,98,25,497894,178550,65632,60624,1.4141902167025726,0.25347236739779405
5758,0.5762,58,236,58,498130,178314,65690,60566,1.4123209986060068,0.2535415271265908
5759,0.5763,13,43,13,498173,178271,65703,60553,1.41198042073248,0.25354654473587246
5760,0.5764,5,38,5,498211,178233,65708,60548,1.4116794449372703,0.25357126404529673
5761,0.5765,16,64,16,498275,178169,65724,60532,1.4111725383348117,0.25358921831077375
5762,0.5766,14,79,14,498354,178090,65738,60518,1.410546825497402,0.25362938375913635
5763,0.5767,41,169,41,498523,177921,65779,60477,1.409208275250285,0.253680819469962
5764,0.5768,12,48,12,498571,177873,65791,60465,1.4088280952984413,0.2536943332578103
5765,0.5769,38,122,38,498693,177751,65829,60427,1.4078618045875047,0.25370521206828506
5766,0.577,36,136,36,498829,177615,65865,60391,1.4067846280572804,0.2537373007403175
5767,0.5771,49,230,49,499059,177385,65914,60342,1.4049629324546953,0.25382897188792186
5768,0.5772,25,133,25,499192,177252,65939,60317,1.403909517171461,0.25389255332135086
5769,0.5773,18,67,18,499259,177185,65957,60299,1.4033788493220125,0.25390763167202846
5770,0.5774,23,58,23,499317,177127,65980,60276,1.4029194652135344,0.2538973812462353
5771,0.5775,31,101,31,499418,177026,66011,60245,1.4021195032315297,0.25390797864045755
5772,0.5776,13,126,13,499544,176900,66024,60232,1.4011215308579394,0.25400199045257493
5773,0.5777,28,90,28,499634,176810,66052,60204,1.4004086934482323,0.25401031162716126
5774,0.5778,31,106,31,499740,176704,66083,60173,1.3995691293879102,0.25402635122869677
5775,0.5779,15,73,15,499813,176631,66098,60158,1.398990939044481,0.25405740976143315
5776,0.578,14,89,14,499902,176542,66112,60144,1.3982860220504372,0.2541088192795518
5777,0.5781,10,42,10,499944,176500,66122,60134,1.397953364592574,0.2541223999932385
5778,0.5782,30,135,30,500079,176365,66152,60104,1.396884108478013,0.25417285140969853
5779,0.5783,22,83,22,500162,176282,66174,60082,1.3962267139779496,0.2541926858574064
5780,0.5784,26,97,26,500259,176185,66200,60056,1.3954584336585985,0.2542149753853057
5781,0.5785,36,128,36,500387,176057,66236,60020,1.3944446204536813,0.25423908301105147
5782,0.5786,30,144,30,500531,175913,66266,59990,1.3933040805981498,0.2542994366328533
5783,0.5787,28,144,28,500675,175769,66294,59962,1.3921635407426183,0.25436620554784906
5784,0.5788,37,169,37,500844,175600,66331,59925,1.3908249904955012,0.25443158900329055
5785,0.5789,19,103,19,500947,175497,66350,59906,1.3900091876821696,0.25448273811293826
5786,0.579,7,64,7,501011,175433,66357,59899,1.389502281079711,0.2545297707069162
5787,0.5791,30,102,30,501113,175331,66387,59869,1.3886943986820428,0.2545450680272109
5788,0.5792,51,203,51,501316,175128,66438,59818,1.3870865543023698,0.2546031854128183
5789,0.5793,28,124,28,501440,175004,66466,59790,1.3861044227601065,0.2546487559307308
5790,0.5794,20,91,20,501531,174913,66486,59770,1.3853836649347357,0.2546839779617612
5791,0.5795,19,67,19,501598,174846,66505,59751,1.384852997085287,0.25469635161574955
5792,0.5796,25,126,25,501724,174720,66530,59726,1.383855024711697,0.25475375992765925
5793,0.5797,27,150,27,501874,174570,66557,59699,1.3826669623621848,0.2548309848934345
5794,0.5798,22,93,22,501967,174477,66579,59677,1.3819303637054872,0.2548621847160416
5795,0.5799,21,82,21,502049,174395,66600,59656,1.3812808896210873,0.25488461916419924
5796,0.58,53,210,53,502259,174185,66653,59603,1.3796176023317703,0.25494465070918954
5797,0.5801,30,93,30,502352,174092,66683,59573,1.378881003675073,0.2549504632700661
5798,0.5802,26,160,26,502512,173932,66709,59547,1.3776137371689265,0.255042209363583
5799,0.5803,33,177,33,502689,173755,66742,59514,1.3762118235965024,0.2551303430803064
5800,0.5804,30,132,30,502821,173623,66772,59484,1.3751663287289317,0.25517895215501896
5801,0.5805,33,176,33,502997,173447,66805,59451,1.373772335572171,0.25526625389655555
5802,0.5806,20,67,20,503064,173380,66825,59431,1.3732416677227222,0.2552757386893231
5803,0.5807,16,64,16,503128,173316,66841,59415,1.3727347611202636,0.255294739420189
5804,0.5808,22,120,22,503248,173196,66863,59393,1.3717843112406538,0.2553560142569081
5805,0.5809,47,160,47,503408,173036,66910,59346,1.3705170447345076,0.25538122574037575
5806,0.581,12,71,12,503479,172965,66922,59334,1.3699546952224053,0.25542081541461653
5807,0.5811,21,112,21,503591,172853,66943,59313,1.3690676086681028,0.255476684785886
5808,0.5812,16,52,16,503643,172801,66959,59297,1.3686557470536054,0.2554825978681419
5809,0.5813,16,84,16,503727,172717,66975,59281,1.3679904321378786,0.25552375451512516
5810,0.5814,15,96,15,503823,172621,66990,59266,1.3672300722341908,0.2555813823112119
5811,0.5815,11,58,11,503881,172563,67001,59255,1.366770688125713,0.2556100044000035
5812,0.5816,20,117,20,503998,172446,67021,59235,1.3658439994930933,0.2556748287516024
5813,0.5817,19,96,19,504094,172350,67040,59216,1.3650836395894057,0.2557197516042942
5814,0.5818,19,73,19,504167,172277,67059,59197,1.3645054492459765,0.2557393054943536
5815,0.5819,14,76,14,504243,172201,67073,59183,1.363903497655557,0.2557782733464717
5816,0.582,9,69,9,504312,172132,67082,59174,1.3633569889747814,0.25582561628319195
5817,0.5821,20,102,20,504414,172030,67102,59154,1.3625491065771131,0.2558741089348744
5818,0.5822,24,64,24,504478,171966,67126,59130,1.3620421999746546,0.25586769134904974
5819,0.5823,28,139,28,504617,171827,67154,59102,1.3609412621974402,0.2559314767742466
5820,0.5824,27,140,27,504757,171687,67181,59075,1.3598324040045622,0.2559996879902237
5821,0.5825,16,106,16,504863,171581,67197,59059,1.3589928399442404,0.25606573014221296
5822,0.5826,31,126,31,504989,171455,67228,59028,1.3579948675706501,0.2561056563824664
5823,0.5827,35,136,35,505125,171319,67263,58993,1.3569176910404257,0.25614383966098164
5824,0.5828,22,95,22,505220,171224,67285,58971,1.3561652515524014,0.2561784573948174
5825,0.5829,24,125,24,505345,171099,67309,58947,1.3551751995944747,0.2562400563365588
5826,0.583,25,68,25,505413,171031,67334,58922,1.3546366113293626,0.256234969754689
5827,0.5831,10,20,10,505433,171011,67344,58912,1.3544782030160942,0.25622491007859155
5828,0.5832,13,86,13,505519,170925,67357,58899,1.3537970472690406,0.25627871762740184
5829,0.5833,29,103,29,505622,170822,67386,58870,1.352981244455709,0.2562997405220904
5830,0.5834,23,109,23,505731,170713,67409,58847,1.352117919148397,0.2563469245513156
5831,0.5835,17,95,17,505826,170618,67426,58830,1.3513654796603727,0.25639796380879326
5832,0.5836,22,96,22,505922,170522,67448,58808,1.3506051197566848,0.25643395979592726
5833,0.5837,24,115,24,506037,170407,67472,58784,1.3496942719553922,0.25648476598121217
5834,0.5838,29,137,29,506174,170270,67501,58755,1.3486091750095044,0.25654404540988973
5835,0.5839,33,153,33,506327,170117,67534,58722,1.3473973514130022,0.25660835784110225
5836,0.584,46,234,46,506561,169883,67580,58676,1.3455439741477633,0.2567214592293456
5837,0.5841,15,57,15,506618,169826,67595,58661,1.3450925104549487,0.2567367071211929
5838,0.5842,48,198,48,506816,169628,67643,58613,1.3435242681535926,0.2568031160045741
5839,0.5843,43,154,43,506970,169474,67686,58570,1.3423045241414269,0.2568363999929838
5840,0.5844,24,96,24,507066,169378,67710,58546,1.3415441642377393,0.2568663238623401
5841,0.5845,31,139,31,507205,169239,67741,58515,1.3404432264605246,0.25692194209541874
5842,0.5846,40,186,40,507391,169053,67781,58475,1.3389700291471296,0.25700133609929326
5843,0.5847,14,66,14,507457,168987,67795,58461,1.3384472817133444,0.2570301783264746
5844,0.5848,29,131,29,507588,168856,67824,58432,1.337409707261437,0.25708352398718803
5845,0.5849,39,157,39,507745,168699,67863,58393,1.336166202002281,0.25713367269652826
5846,0.585,31,136,31,507881,168563,67894,58362,1.3350890254720569,0.25718629503139806
5847,0.5851,43,175,43,508056,168388,67937,58319,1.3337029527309594,0.2572439315945251
5848,0.5852,28,116,28,508172,168272,67965,58291,1.3327841845140034,0.2572838459942709
5849,0.5853,15,66,15,508238,168206,67980,58276,1.332261437080218,0.257309631670508
5850,0.5854,18,112,18,508350,168094,67998,58258,1.3313743505259157,0.25737788930515304
5851,0.5855,22,94,22,508444,168000,68020,58236,1.3306298314535547,0.25741261337718135
5852,0.5856,27,115,27,508559,167885,68047,58209,1.329718983652262,0.2574548639061629
5853,0.5857,30,159,30,508718,167726,68077,58179,1.3284596375617792,0.25753746043690934
5854,0.5858,25,98,25,508816,167628,68102,58154,1.3276834368267647,0.25756703368736217
5855,0.5859,33,115,33,508931,167513,68135,58121,1.326772589025472,0.2575897249527997
5856,0.586,29,104,29,509035,167409,68164,58092,1.325948865796477,0.25761304827916504
5857,0.5861,29,119,29,509154,167290,68193,58063,1.3250063363325306,0.2576535479891548
5858,0.5862,20,98,20,509252,167192,68213,58043,1.3242301355975161,0.25769973583146494
5859,0.5863,30,122,30,509374,167070,68243,58013,1.3232638448865797,0.2577404779570203
5860,0.5864,22,60,22,509434,167010,68265,57991,1.3227886199467749,0.2577366322816343
5861,0.5865,15,83,15,509517,166927,68280,57976,1.3221312254467115,0.25778224390070387
5862,0.5866,48,159,48,509676,166768,68328,57928,1.3208718793562286,0.25780610246733365
5863,0.5867,25,88,25,509764,166680,68353,57903,1.3201748827778481,0.25782450140927854
5864,0.5868,15,109,15,509873,166571,68368,57888,1.319311557470536,0.25790010647824324
5865,0.5869,27,78,27,509951,166493,68395,57861,1.3186937650487898,0.25790046087878976
5866,0.587,32,187,32,510138,166306,68427,57829,1.3172126473197314,0.25800968166506794
5867,0.5871,13,83,13,510221,166223,68440,57816,1.316555252819668,0.2580622123826655
5868,0.5872,10,89,10,510310,166134,68450,57806,1.3158503358256242,0.25813164240421543
5869,0.5873,26,118,26,510428,166016,68476,57780,1.3149157267773413,0.25818155820479366
5870,0.5874,31,80,31,510508,165936,68507,57749,1.314282093524268,0.25817108880792183
5871,0.5875,41,92,41,510600,165844,68548,57708,1.313553415283234,0.25814128256513025
5872,0.5876,37,147,37,510747,165697,68585,57671,1.3123891141807122,0.25818828122201926
5873,0.5877,15,73,15,510820,165624,68600,57656,1.311810923837283,0.2582228591902544
5874,0.5878,41,165,41,510985,165459,68641,57615,1.3105040552528198,0.2582775222571882
5875,0.5879,18,62,18,511047,165397,68659,57597,1.310012989481688,0.25828946070297853
5876,0.588,18,53,18,511100,165344,68677,57579,1.309593207451527,0.2582909793964732
5877,0.5881,24,105,24,511205,165239,68701,57555,1.3087615638068686,0.25833280968069156
5878,0.5882,26,129,26,511334,165110,68727,57529,1.3077398301862881,0.2583958785298173
5879,0.5883,14,48,14,511382,165062,68741,57515,1.3073596502344442,0.25840495648696854
5880,0.5884,14,100,14,511482,164962,68755,57501,1.3065676086681028,0.25847444294107336
5881,0.5885,40,155,40,511637,164807,68795,57461,1.3053399442402738,0.25852124462360754
5882,0.5886,33,149,33,511786,164658,68828,57428,1.3041598023064251,0.2585845123060436
5883,0.5887,13,72,13,511858,164586,68841,57415,1.3035895323786593,0.25862496114882366
5884,0.5888,39,134,39,511992,164452,68880,57376,1.3025281966797617,0.2586508466018717
5885,0.5889,21,93,21,512085,164359,68901,57355,1.3017915980230643,0.25868912202206445
5886,0.589,21,121,21,512206,164238,68922,57334,1.3008332277277912,0.2587601321466611
5887,0.5891,23,104,23,512310,164134,68945,57311,1.300009504498796,0.2588046693309851
5888,0.5892,19,83,19,512393,164051,68964,57292,1.2993521099987326,0.2588380929146167
5889,0.5893,9,53,9,512446,163998,68973,57283,1.2989323279685718,0.25886994364631394
5890,0.5894,27,106,27,512552,163892,69000,57256,1.29809276390825,0.2589035397109628
5891,0.5895,39,164,39,512716,163728,69039,57217,1.29679381573945,0.2589649007671592
5892,0.5896,36,181,36,512897,163547,69075,57181,1.2953602205043722,0.2590563952013338
5893,0.5897,23,89,23,512986,163458,69098,57158,1.2946553035103283,0.2590836566704138
5894,0.5898,26,145,26,513131,163313,69124,57132,1.2935068432391332,0.25916668556782874
5895,0.5899,32,140,32,513271,163173,69156,57100,1.2923979850462552,0.25922378139853725
5896,0.59,23,60,23,513331,163113,69179,57077,1.2919227601064505,0.2592170398292384
5897,0.5901,46,205,46,513536,162908,69225,57031,1.2902990748954506,0.25930371603035385
5898,0.5902,28,72,28,513608,162836,69253,57003,1.2897288049676847,0.2592943017389999
5899,0.5903,21,75,21,513683,162761,69274,56982,1.2891347737929286,0.2593120144896538
5900,0.5904,17,82,17,513765,162679,69291,56965,1.2884852997085288,0.25935149605725627
5901,0.5905,15,60,15,513825,162619,69306,56950,1.2880100747687238,0.259371769238827
5902,0.5906,14,52,14,513877,162567,69320,56936,1.2875982131542263,0.2593859765014601
5903,0.5907,5,56,5,513933,162511,69325,56931,1.287154669877075,0.2594352949754377
5904,0.5908,20,81,20,514014,162430,69345,56911,1.2865131162083385,0.25946357498142164
5905,0.5909,25,105,25,514119,162325,69370,56886,1.28568147256368,0.2595034008329874
5906,0.591,29,138,29,514257,162187,69399,56857,1.284588455202129,0.2595688537462793
5907,0.5911,15,46,15,514303,162141,69414,56842,1.284224116081612,0.25957266089148473
5908,0.5912,26,124,26,514427,162017,69440,56816,1.2832419845393486,0.259631774001179
5909,0.5913,18,102,18,514529,161915,69458,56798,1.2824341021416803,0.2596919250341772
5910,0.5914,34,96,34,514625,161819,69492,56764,1.2816737422379927,0.2596908268255079
5911,0.5915,23,77,23,514702,161742,69515,56741,1.2810638702319097,0.2597044163619137
5912,0.5916,28,185,28,514887,161557,69543,56713,1.2795985933341782,0.25982956888257663
5913,0.5917,18,87,18,514974,161470,69561,56695,1.278909517171461,0.25987211514220887
5914,0.5918,21,116,21,515090,161354,69582,56674,1.277990748954505,0.25993909039205976
5915,0.5919,28,110,28,515200,161244,69610,56646,1.2771195032315297,0.25997521685254027
5916,0.592,9,66,9,515266,161178,69619,56637,1.2765967557977442,0.26002341436540183
5917,0.5921,22,79,22,515345,161099,69641,56615,1.2759710429603346,0.26004299218240445
5918,0.5922,30,81,30,515426,161018,69671,56585,1.275329489291598,0.2600377752144961
5919,0.5923,10,52,10,515478,160966,69681,56575,1.2749176276771006,0.26006591860844624
5920,0.5924,15,35,15,515513,160931,69696,56560,1.274640413128881,0.26005673797996237
5921,0.5925,22,107,22,515620,160824,69718,56538,1.2737929286528957,0.2601098628095067
5922,0.5926,24,100,24,515720,160724,69742,56514,1.2730008870865543,0.2601478562682404
5923,0.5927,35,138,35,515858,160586,69777,56479,1.2719078697250032,0.2601939511206321
5924,0.5928,22,75,22,515933,160511,69799,56457,1.2713138385502472,0.26020887872866044
5925,0.5929,19,123,19,516056,160388,69818,56438,1.2703396274236471,0.26029166243900637
5926,0.593,20,126,20,516182,160262,69838,56418,1.269341655050057,0.2603747461694665
5927,0.5931,16,63,16,516245,160199,69854,56402,1.268842668863262,0.26039584304781604
5928,0.5932,16,75,16,516320,160124,69870,56386,1.2682486376885058,0.2604313888503995
5929,0.5933,7,44,7,516364,160080,69877,56379,1.2679001393993157,0.26046041051654123
5930,0.5934,25,136,25,516500,159944,69902,56354,1.2668229628690915,0.2605387012362574
5931,0.5935,33,85,33,516585,159859,69935,56321,1.2661497275377012,0.2605282634841336
5932,0.5936,30,93,30,516678,159766,69965,56291,1.2654131288810038,0.26053772846980194
5933,0.5937,25,105,25,516783,159661,69990,56266,1.2645814852363453,0.2605788067263473
5934,0.5938,22,115,22,516898,159546,70012,56244,1.2636706374350526,0.2606422911163631
5935,0.5939,21,129,21,517027,159417,70033,56223,1.2626489038144721,0.2607262103505843
5936,0.594,23,128,23,517155,159289,70056,56200,1.2616350906095553,0.26080217551707974
5937,0.5941,20,65,20,517220,159224,70076,56180,1.2611202635914334,0.2608122411840077
5938,0.5942,24,97,24,517317,159127,70100,56156,1.2603519832720822,0.26084734976751534
5939,0.5943,17,84,17,517401,159043,70117,56139,1.2596866683563552,0.26089078082739264
5940,0.5944,16,138,16,517539,158905,70133,56123,1.2585936509948041,0.2610032181855386
5941,0.5945,23,87,23,517626,158818,70156,56100,1.2579045748320872,0.2610297881052308
5942,0.5946,29,155,29,517781,158663,70185,56071,1.256676910404258,0.26111840695930777
5943,0.5947,27,106,27,517887,158557,70212,56044,1.255837346343936,0.26115442146122336
5944,0.5948,37,127,37,518014,158430,70249,56007,1.2548314535546825,0.2611816057863149
5945,0.5949,30,165,30,518179,158265,70279,55977,1.2535245849702192,0.2612793009773994
5946,0.595,14,82,14,518261,158183,70293,55963,1.2528751108858194,0.2613310545142099
5947,0.5951,28,109,28,518370,158074,70321,55935,1.2520117855785071,0.2613675125812466
5948,0.5952,55,182,55,518552,157892,70376,55880,1.2505702699277659,0.2613999962576951
5949,0.5953,21,114,21,518666,157778,70397,55859,1.2496673425421365,0.261466880736951
5950,0.5954,24,85,24,518751,157693,70421,55835,1.2489941072107464,0.26148795474129854
5951,0.5955,19,86,19,518837,157607,70440,55816,1.2483129514636928,0.2615275766904223
5952,0.5956,35,155,35,518992,157452,70475,55781,1.2470852870358637,0.26159646958960386
5953,0.5957,18,72,18,519064,157380,70493,55763,1.2465150171080979,0.2616224788053091
5954,0.5958,14,72,14,519136,157308,70507,55749,1.245944747180332,0.26166237204128473
5955,0.5959,20,69,20,519205,157239,70527,55729,1.2453982384995566,0.26167781075091096
5956,0.596,15,54,15,519259,157185,70542,55714,1.2449705360537322,0.2616921638899196
5957,0.5961,27,122,27,519381,157063,70569,55687,1.2440042453427955,0.2617485311398355
5958,0.5962,25,113,25,519494,156950,70594,55662,1.2431092383728297,0.26180083908716345
5959,0.5963,10,62,10,519556,156888,70604,55652,1.242618172601698,0.2618424767102663
5960,0.5964,34,137,34,519693,156751,70638,55618,1.2415330756558105,0.26189321416967637
5961,0.5965,27,128,27,519821,156623,70665,55591,1.2405192624508934,0.26195726954866316
5962,0.5966,10,58,10,519879,156565,70675,55581,1.2400598783424155,0.26199409840392934
5963,0.5967,26,99,26,519978,156466,70701,55555,1.2392757571917374,0.2620259313935884
5964,0.5968,37,135,37,520113,156331,70738,55518,1.2382065010771766,0.26206401729533774
5965,0.5969,26,113,26,520226,156218,70764,55492,1.2373114941072108,0.2621132681498276
5966,0.597,24,80,24,520306,156138,70788,55468,1.2366778608541376,0.2621286731000066
5967,0.5971,19,66,19,520372,156072,70807,55449,1.2361551134203523,0.2621441842653921
5968,0.5972,17,107,17,520479,155965,70824,55432,1.235307628944367,0.2622175338344442
5969,0.5973,21,95,21,520574,155870,70845,55411,1.2345551894563427,0.2622621059158183
5970,0.5974,22,80,22,520654,155790,70867,55389,1.2339215562032695,0.26228460216214683
5971,0.5975,14,62,14,520716,155728,70881,55375,1.2334304904321378,0.2623127099093807
5972,0.5976,26,91,26,520807,155637,70907,55349,1.2327097326067673,0.2623349416548965
5973,0.5977,31,186,31,520993,155451,70938,55318,1.2312365352933723,0.26245795159629737
5974,0.5978,33,112,33,521105,155339,70971,55285,1.2303494487390698,0.2624819583713157
5975,0.5979,24,135,24,521240,155204,70995,55261,1.229280192624509,0.26256622241227756
5976,0.598,46,189,46,521429,155015,71041,55215,1.2277832340641237,0.2626409170908053
5977,0.5981,22,88,22,521517,154927,71063,55193,1.2270862374857432,0.26267371026080333
5978,0.5982,19,74,19,521591,154853,71082,55174,1.2265001267266507,0.26269955767591785
5979,0.5983,19,106,19,521697,154747,71101,55155,1.2256605626663288,0.2627654810340063
5980,0.5984,35,144,35,521841,154603,71136,55120,1.224520022810797,0.26282286635228375
5981,0.5985,21,85,21,521926,154518,71157,55099,1.223846787479407,0.26285558900280037
5982,0.5986,22,126,22,522052,154392,71179,55077,1.2228488151058168,0.2629362817409736
5983,0.5987,37,112,37,522164,154280,71216,55040,1.2219617285515143,0.2629466845021976
5984,0.5988,33,114,33,522278,154166,71249,55007,1.2210588011658852,0.2629737107561683
5985,0.5989,24,105,24,522383,154061,71273,54983,1.2202271575212267,0.2630211821434722
5986,0.599,40,155,40,522538,153906,71313,54943,1.2189994930933976,0.2630752361754186
5987,0.5991,20,87,20,522625,153819,71333,54923,1.2183104169306804,0.26311427503808527
5988,0.5992,15,57,15,522682,153762,71348,54908,1.2178589532378659,0.2631331767863133
5989,0.5993,33,113,33,522795,153649,71381,54875,1.2169639462679,0.26315915673975177
5990,0.5994,26,72,26,522867,153577,71407,54849,1.2163936763401344,0.2631581472561005
5991,0.5995,30,134,30,523001,153443,71437,54819,1.2153323406412369,0.2632213269823588
5992,0.5996,23,113,23,523114,153330,71460,54796,1.214437333671271,0.26328281906153006
5993,0.5997,7,55,7,523169,153275,71467,54789,1.2140017108097834,0.2633276299600123
5994,0.5998,21,142,21,523311,153133,71488,54768,1.2128770117855785,0.2634330763199792
5995,0.5999,25,113,25,523424,153020,71513,54743,1.2119820048156127,0.2634877239932038
5996,0.6,26,141,26,523565,152879,71539,54717,1.2108652262070714,0.26357444266748875
5997,0.6001,42,186,42,523751,152693,71581,54675,1.2093920288936764,0.2636617028664018
5998,0.6002,33,104,33,523855,152589,71614,54642,1.2085683056646812,0.26367676650694155
5999,0.6003,19,61,19,523916,152528,71633,54623,1.208085160309213,0.2636868757572978
6000,0.6004,32,97,32,524013,152431,71665,54591,1.207316879989862,0.26369661195428507
6001,0.6005,35,154,35,524167,152277,71700,54556,1.2060971359776962,0.26376835417945876
6002,0.6006,14,37,14,524204,152240,71714,54542,1.2058040805981498,0.2637657049453047
6003,0.6007,15,91,15,524295,152149,71729,54527,1.205083322772779,0.2638284077493275
6004,0.6008,13,62,13,524357,152087,71742,54514,1.2045922570016474,0.2638612591420177
6005,0.6009,30,142,30,524499,151945,71772,54484,1.2034675579774428,0.26393578421636493
6006,0.601,20,97,20,524596,151848,71792,54464,1.2026992776580916,0.26398852223816355
6007,0.6011,35,137,35,524733,151711,71827,54429,1.2016141807122038,0.2640390026195789
6008,0.6012,31,107,31,524840,151604,71858,54398,1.2007666962362185,0.26406539742332596
6009,0.6013,14,59,14,524899,151545,71872,54384,1.200299391712077,0.2640910216628061
6010,0.6014,47,142,47,525041,151403,71919,54337,1.1991746926878724,0.26410518129678234
6011,0.6015,21,74,21,525115,151329,71940,54316,1.1985885819287796,0.2641250699020156
6012,0.6016,18,80,18,525195,151249,71958,54298,1.1979549486757064,0.2641634273426516
6013,0.6017,24,95,24,525290,151154,71982,54274,1.1972025091876821,0.2641996222520786
6014,0.6018,32,106,32,525396,151048,72014,54242,1.1963629451273603,0.2642213454138049
6015,0.6019,22,108,22,525504,150940,72036,54220,1.1955075402357116,0.2642815363618639
6016,0.602,32,135,32,525639,150805,72068,54188,1.1944382841211507,0.2643407335860249
6017,0.6021,13,53,13,525692,150752,72081,54175,1.1940185020909897,0.26436243149999755
6018,0.6022,27,104,27,525796,150648,72108,54148,1.1931947788619948,0.26439969530654894
6019,0.6023,15,55,15,525851,150593,72123,54133,1.1927591560005069,0.26441683030001073
6020,0.6024,22,95,22,525946,150498,72145,54111,1.1920067165124826,0.2644605076023049
6021,0.6025,10,71,10,526017,150427,72155,54101,1.1914443670003803,0.26451634983963074
6022,0.6026,27,98,27,526115,150329,72182,54074,1.1906681662653655,0.26454601938327715
6023,0.6027,33,147,33,526262,150182,72215,54041,1.1895038651628438,0.2646175993889033
6024,0.6028,30,111,30,526373,150071,72245,54011,1.1886246990242049,0.2646534236238375
6025,0.6029,30,107,30,526480,149964,72275,53981,1.1877772145482195,0.264684106008973
6026,0.603,40,121,40,526601,149843,72315,53941,1.1868188442529464,0.2646969340085581
6027,0.6031,16,81,16,526682,149762,72331,53925,1.1861772905842098,0.26474443631650524
6028,0.6032,22,104,22,526786,149658,72353,53903,1.185353567355215,0.26480023187152746
6029,0.6033,19,98,19,526884,149560,72372,53884,1.1845773666202002,0.2648591258528145
6030,0.6034,34,116,34,527000,149444,72406,53850,1.1836585984032442,0.26488730606904287
6031,0.6035,31,109,31,527109,149335,72437,53819,1.1827952730959321,0.2649172548903787
6032,0.6036,23,129,23,527238,149206,72460,53796,1.1817735394753517,0.2650023152481256
6033,0.6037,23,98,23,527336,149108,72483,53773,1.1809973387403372,0.2650469979938979
6034,0.6038,33,111,33,527447,148997,72516,53740,1.180118172601698,0.265072483069198
6035,0.6039,44,137,44,527584,148860,72560,53696,1.1790330756558105,0.2650921226722487
6036,0.604,23,95,23,527679,148765,72583,53673,1.178280636167786,0.26513302838399905
6037,0.6041,40,161,40,527840,148604,72623,53633,1.1770054492459765,0.26519875195933484
6038,0.6042,10,49,10,527889,148555,72633,53623,1.1766173488784692,0.2652266814391279
6039,0.6043,33,108,33,527997,148447,72666,53590,1.1757619439868203,0.26524844459183217
6040,0.6044,15,61,15,528058,148386,72681,53575,1.1752787986313522,0.26527398854234235
6041,0.6045,35,119,35,528177,148267,72716,53540,1.174336269167406,0.2653029875078664
6042,0.6046,9,64,9,528241,148203,72725,53531,1.1738293625649474,0.26535437754667035
6043,0.6047,20,96,20,528337,148107,72745,53511,1.1730690026612596,0.26540785048953963
6044,0.6048,45,189,45,528526,147918,72790,53466,1.1715720441008743,0.265492789893934
6045,0.6049,20,74,20,528600,147844,72810,53446,1.1709859333417818,0.26551741268816137
6046,0.605,31,90,31,528690,147754,72841,53415,1.1702730959320746,0.26552301796002364
6047,0.6051,29,98,29,528788,147656,72870,53386,1.16949689519706,0.26554650272082453
6048,0.6052,29,90,29,528878,147566,72899,53357,1.1687840577873527,0.2655594431697715
6049,0.6053,16,56,16,528934,147510,72915,53341,1.1683405145102015,0.26557497846662453
6050,0.6054,36,162,36,529096,147348,72951,53305,1.1670574071727284,0.2656576278450858
6051,0.6055,28,110,28,529206,147238,72979,53277,1.1661861614497528,0.2657008203875022
6052,0.6056,19,107,19,529313,147131,72998,53258,1.1653386769737675,0.26577307137617334
6053,0.6057,28,113,28,529426,147018,73026,53230,1.164443670003802,0.26582038272542047
6054,0.6058,25,115,25,529541,146903,73051,53205,1.1635328222025092,0.2658814240310233
6055,0.6059,15,45,15,529586,146858,73066,53190,1.1631764034976555,0.2658861873150444
6056,0.606,21,68,21,529654,146790,73087,53169,1.1626378152325434,0.26589950939942686
6057,0.6061,26,85,26,529739,146705,73113,53143,1.1619645799011533,0.26591709699371524
6058,0.6062,34,161,34,529900,146544,73147,53109,1.1606893929793436,0.2660065213144806
6059,0.6063,10,76,10,529976,146468,73157,53099,1.1600874413889242,0.2660710438098483
6060,0.6064,18,64,18,530040,146404,73175,53081,1.1595805347864656,0.2660901822192145
6061,0.6065,27,118,27,530158,146286,73202,53054,1.1586459257381827,0.26614828935487106
6062,0.6066,17,101,17,530259,146185,73219,53037,1.157845963756178,0.2662205981267129
6063,0.6067,22,51,22,530310,146134,73241,53015,1.1574420225573439,0.26620771382231395
6064,0.6068,28,167,28,530477,145967,73269,52987,1.1561193131415537,0.26632789489027614
6065,0.6069,7,43,7,530520,145924,73276,52980,1.1557787352680269,0.26635965088686
6066,0.607,25,105,25,530625,145819,73301,52955,1.1549470916233684,0.2664080815398392
6067,0.6071,33,119,33,530744,145700,73334,52922,1.1540045621594222,0.26644581164221487
6068,0.6072,24,81,24,530825,145619,73358,52898,1.1533630084906856,0.2664658442350025
6069,0.6073,18,88,18,530913,145531,73376,52880,1.152666011912305,0.2665174813896407
6070,0.6074,6,51,6,530964,145480,73382,52874,1.152262070713471,0.26656382024057995
6071,0.6075,22,97,22,531061,145383,73404,52852,1.1514937903941198,0.26661285847605115
6072,0.6076,30,138,30,531199,145245,73434,52822,1.1504007730325687,0.26668753502602655
6073,0.6077,13,71,13,531270,145174,73447,52809,1.1498384235204664,0.26673502270396954
6074,0.6078,36,124,36,531394,145050,73483,52773,1.148856291978203,0.26676877815016453
6075,0.6079,16,72,16,531466,144978,73499,52757,1.1482860220504372,0.2668065845702582
6076,0.608,15,79,15,531545,144899,73514,52742,1.1476603092130275,0.2668575852176421
6077,0.6081,22,95,22,531640,144804,73536,52720,1.1469078697250032,0.2669042749235536
6078,0.6082,36,135,36,531775,144669,73572,52684,1.1458386136104424,0.2669531246041357
6079,0.6083,24,118,24,531893,144551,73596,52660,1.1449040045621595,0.2670236447256999
6080,0.6084,20,110,20,532003,144441,73616,52640,1.1440327588391839,0.2670982996838863
6081,0.6085,13,96,13,532099,144345,73629,52627,1.143272398935496,0.2671801068172126
6082,0.6086,24,112,24,532211,144233,73653,52603,1.1423853123811938,0.26724278079213154
6083,0.6087,39,151,39,532362,144082,73692,52564,1.1411893296160183,0.26730266570385364
6084,0.6088,32,126,32,532488,143956,73724,52532,1.140191357242428,0.2673547493994544
6085,0.6089,17,72,17,532560,143884,73741,52515,1.1396210873146624,0.26738934515959856
6086,0.609,22,110,22,532670,143774,73763,52493,1.1387498415916868,0.2674570865198938
6087,0.6091,55,207,55,532877,143567,73818,52438,1.13711031554936,0.26753399147980916
6088,0.6092,10,53,10,532930,143514,73828,52428,1.136690533519199,0.26756897449245187
6089,0.6093,27,115,27,533045,143399,73855,52401,1.1357796857179066,0.2676251276813075
6090,0.6094,17,55,17,533100,143344,73872,52384,1.1353440628564186,0.26763672034660346
6091,0.6095,30,114,30,533214,143230,73902,52354,1.1344411354707895,0.2676803828534031
6092,0.6096,27,120,27,533334,143110,73929,52327,1.1334906855911797,0.26774356953903306
6093,0.6097,32,101,32,533435,143009,73961,52295,1.132690723609175,0.26776205300454675
6094,0.6098,7,44,7,533479,142965,73968,52288,1.1323422253199849,0.26779614141652114
6095,0.6099,40,172,40,533651,142793,74008,52248,1.1309799138258776,0.26788213760183754
6096,0.61,18,66,18,533717,142727,74026,52230,1.1304571663920921,0.267905230384136
6097,0.6101,37,121,37,533838,142606,74063,52193,1.1294987960968192,0.2679325869229308
6098,0.6102,34,100,34,533938,142506,74097,52159,1.1287067545304779,0.2679423625202271
6099,0.6103,13,63,13,534001,142443,74110,52146,1.1282077683436826,0.2679802044308774
6100,0.6104,15,49,15,534050,142394,74125,52131,1.1278196679761754,0.267991260763398
6101,0.6105,14,52,14,534102,142342,74139,52117,1.127407806361678,0.26801022323471785
6102,0.6106,28,115,28,534217,142227,74167,52089,1.1264969585603852,0.2680633607114185
6103,0.6107,24,148,24,534365,142079,74191,52065,1.1253247370422,0.2681772292731169
6104,0.6108,53,155,53,534520,141924,74244,52012,1.1240970726143709,0.2681915683524462
6105,0.6109,10,39,10,534559,141885,74254,52002,1.1237881764034976,0.26820777050550065
6106,0.611,11,65,11,534624,141820,74265,51991,1.1232733493853757,0.26825618772928267
6107,0.6111,11,95,11,534719,141725,74276,51980,1.1225209098973514,0.26834619653596964
6108,0.6112,29,115,29,534834,141610,74305,51951,1.1216100620960587,0.2683960095267125
6109,0.6113,23,90,23,534924,141520,74328,51928,1.1208972246863516,0.268433894379885
6110,0.6114,18,64,18,534988,141456,74346,51910,1.120390318083893,0.26845464042282513
6111,0.6115,17,84,17,535072,141372,74363,51893,1.1197250031681663,0.26850697229193077
6112,0.6116,44,174,44,535246,141198,74407,51849,1.1183468508427323,0.26858226235061927
6113,0.6117,23,95,23,535341,141103,74430,51826,1.1175944113547078,0.2686273188582328
6114,0.6118,26,92,26,535433,141011,74456,51800,1.1168657331136738,0.2686568712365996
6115,0.6119,16,84,16,535517,140927,74472,51784,1.116200418197947,0.2687132545625315
6116,0.612,30,120,30,535637,140807,74502,51754,1.1152499683183374,0.26876678039686125
6117,0.6121,26,138,26,535775,140669,74528,51728,1.1141569509567861,0.2688607410718462
6118,0.6122,34,108,34,535883,140561,74562,51694,1.1133015460651374,0.2688824737978206
6119,0.6123,26,94,26,535977,140467,74588,51668,1.1125570269927765,0.2689150857470008
6120,0.6124,25,124,25,536101,140343,74613,51643,1.1115748954505131,0.268993572447991
6121,0.6125,19,94,19,536195,140249,74632,51624,1.1108303763781524,0.26905296732734674
6122,0.6126,25,76,25,536271,140173,74657,51599,1.1102284247877328,0.2690643055294829
6123,0.6127,19,69,19,536340,140104,74676,51580,1.1096819161069573,0.26908870849940525
6124,0.6128,25,105,25,536445,139999,74701,51555,1.1088502724622988,0.2691408166887666
6125,0.6129,48,217,48,536662,139782,74749,51507,1.1071315422633379,0.2692627385787996
6126,0.613,12,72,12,536734,139710,74761,51495,1.1065612723355722,0.2693182709657174
6127,0.6131,19,64,19,536798,139646,74780,51476,1.1060543657331137,0.2693358169127573
6128,0.6132,21,106,21,536904,139540,74801,51455,1.1052148016727918,0.26940495824498023
6129,0.6133,16,109,16,537013,139431,74817,51439,1.1043514763654796,0.2694975637868706
6130,0.6134,34,100,34,537113,139331,74851,51405,1.1035594347991382,0.2695086402147471
6131,0.6135,46,152,46,537265,139179,74897,51359,1.1023555316182994,0.26954728190702115
6132,0.6136,29,169,29,537434,139010,74926,51330,1.1010169813711823,0.2696753178522644
6133,0.6137,39,135,39,537569,138875,74965,51291,1.0999477252566214,0.2697169841086209
6134,0.6138,23,116,23,537685,138759,74988,51268,1.0990289570396654,0.26979323990801307
6135,0.6139,30,120,30,537805,138639,75018,51238,1.0980785071600558,0.26984837552731505
6136,0.614,19,67,19,537872,138572,75037,51219,1.097547839310607,0.2698705418065135
6137,0.6141,7,53,7,537925,138519,75044,51212,1.097128057280446,0.26991899057086083
6138,0.6142,19,104,19,538029,138415,75063,51193,1.0963043340514511,0.26999388211467873
6139,0.6143,16,55,16,538084,138360,75079,51177,1.0958687111899632,0.2700106047895662
6140,0.6144,31,137,31,538221,138223,75110,51146,1.0947836142440754,0.2700864449830754
6141,0.6145,36,112,36,538333,138111,75146,51110,1.0938965276897732,0.2701074405060749
6142,0.6146,20,80,20,538413,138031,75166,51090,1.0932628944367,0.2701445106571983
6143,0.6147,21,75,21,538488,137956,75187,51069,1.092668863261944,0.2701706123528634
6144,0.6148,17,51,17,538539,137905,75204,51052,1.0922649220631098,0.27017787115587144
6145,0.6149,17,82,17,538621,137823,75221,51035,1.09161544797871,0.2702294845863029
6146,0.615,18,68,18,538689,137755,75239,51017,1.0910768597135978,0.2702572415400589
6147,0.6151,36,121,36,538810,137634,75275,50981,1.0901184894183247,0.27029133419929485
6148,0.6152,19,71,19,538881,137563,75294,50962,1.0895561399062224,0.270319586261769
6149,0.6153,33,103,33,538984,137460,75327,50929,1.0887403370928905,0.2703395633503018
6150,0.6154,17,81,17,539065,137379,75344,50912,1.088098783424154,0.27038998146486026
6151,0.6155,27,113,27,539178,137266,75371,50885,1.0872037764541884,0.27044767234827344
6152,0.6156,12,49,12,539227,137217,75383,50873,1.086815676086681,0.2704715827529374
6153,0.6157,22,75,22,539302,137142,75405,50851,1.086221644911925,0.27049411414254787
6154,0.6158,15,76,15,539378,137066,75420,50836,1.0856196933215054,0.2705452842439144
6155,0.6159,57,212,57,539590,136854,75477,50779,1.0839405652008618,0.2706293669024106
6156,0.616,16,72,16,539662,136782,75493,50763,1.083370295273096,0.27067103895065187
6157,0.6161,11,61,11,539723,136721,75504,50752,1.0828871499176276,0.2707163164829069
6158,0.6162,18,78,18,539801,136643,75522,50734,1.0822693574958815,0.270758951205324
6159,0.6163,18,60,18,539861,136583,75540,50716,1.0817941325560765,0.2707756047816593
6160,0.6164,12,33,12,539894,136550,75552,50704,1.0815327588391839,0.270776592222329
6161,0.6165,41,120,41,540014,136430,75593,50663,1.0805823089595743,0.27079046249726074
6162,0.6166,28,137,28,540151,136293,75621,50635,1.0794972120136865,0.2708796969956347
6163,0.6167,43,188,43,540339,136105,75664,50592,1.0780081738689646,0.2709845364413997
6164,0.6168,23,93,23,540432,136012,75687,50569,1.0772715752122672,0.2710297404344494
6165,0.6169,17,67,17,540499,135945,75704,50552,1.0767409073628185,0.27106066049319827
6166,0.617,18,67,18,540566,135878,75722,50534,1.0762102395133697,0.27108769821685297
6167,0.6171,38,133,38,540699,135745,75760,50496,1.0751568242301357,0.27113256479507736
6168,0.6172,56,144,56,540843,135601,75816,50440,1.074016284374604,0.2711230320198236
6169,0.6173,45,176,45,541019,135425,75861,50395,1.0726222912178431,0.2712033150360564
6170,0.6174,20,89,20,541108,135336,75881,50375,1.0719173742237993,0.2712547991233691
6171,0.6175,46,128,46,541236,135208,75927,50329,1.0709035610188822,0.2712612578623132
6172,0.6176,16,68,16,541304,135140,75943,50313,1.07036497275377,0.27129784905070287
6173,0.6177,17,43,17,541347,135097,75960,50296,1.0700243948802433,0.27129395392490546
6174,0.6178,12,33,12,541380,135064,75972,50284,1.0697630211633506,0.2712950773679781
6175,0.6179,13,61,13,541441,135003,75985,50271,1.0692798758078823,0.2713332685643965
6176,0.618,21,84,21,541525,134919,76006,50250,1.0686145608921556,0.2713737180629587
6177,0.6181,17,104,17,541629,134815,76023,50233,1.0677908376631606,0.2714592970472526
6178,0.6182,24,81,24,541710,134734,76047,50209,1.067149283994424,0.27148364631264765
6179,0.6183,23,137,23,541847,134597,76070,50186,1.0660641870485363,0.2715942483886505
6180,0.6184,19,79,19,541926,134518,76089,50167,1.0654384742111267,0.2716354874516068
6181,0.6185,15,81,15,542007,134437,76104,50152,1.0647969205423902,0.27169549648137215
6182,0.6186,26,79,26,542086,134358,76130,50126,1.0641712077049803,0.2717091997137963
6183,0.6187,16,59,16,542145,134299,76146,50110,1.0637039031808389,0.27173294145079685
6184,0.6188,26,109,26,542254,134190,76172,50084,1.0628405778735268,0.2717909200429795
6185,0.6189,28,102,28,542356,134088,76200,50056,1.0620326954758585,0.2718307411590929
6186,0.619,15,58,15,542414,134030,76215,50041,1.0615733113673806,0.271857055158064
6187,0.6191,8,65,8,542479,133965,76223,50033,1.0610584843492588,0.27192143392862966
6188,0.6192,20,87,20,542566,133878,76243,50013,1.0603694081865416,0.2719708958024047
6189,0.6193,30,80,30,542646,133798,76273,49983,1.0597357749334686,0.27197044308171137
6190,0.6194,21,109,21,542755,133689,76294,49962,1.0588724496261563,0.2720486139471062
6191,0.6195,30,120,30,542875,133569,76324,49932,1.0579219997465468,0.2721075089509049
6192,0.6196,34,112,34,542987,133457,76358,49898,1.0570349131922443,0.27213874723896264
6193,0.6197,15,88,15,543075,133369,76373,49883,1.056337916613864,0.2722098530984655
6194,0.6198,28,119,28,543194,133250,76401,49855,1.0553953871499175,0.27227547035853744
6195,0.6199,33,131,33,543325,133119,76434,49822,1.0543578126980104,0.27233916945900594
6196,0.62,14,70,14,543395,133049,76448,49808,1.0538033836015714,0.27238771280290064
6197,0.6201,33,107,33,543502,132942,76481,49775,1.052955899125586,0.27241581243124613
6198,0.6202,34,103,34,543605,132839,76515,49741,1.0521400963122545,0.27243400153357433
6199,0.6203,33,128,33,543733,132711,76548,49708,1.0511262831073376,0.27249354508028223
6200,0.6204,41,124,41,543857,132587,76589,49667,1.0501441515650742,0.2725152808717504
6201,0.6205,15,78,15,543935,132509,76604,49652,1.049526359143328,0.27257206537074347
6202,0.6206,7,47,7,543982,132462,76611,49645,1.0491540996071473,0.2726144519430884
6203,0.6207,29,92,29,544074,132370,76640,49616,1.0484254213661133,0.27263635664281866
6204,0.6208,25,80,25,544154,132290,76665,49591,1.04779178811304,0.27265629724930035
6205,0.6209,25,75,25,544229,132215,76690,49566,1.0471977569382842,0.27266876076157576
6206,0.621,12,70,12,544299,132145,76702,49554,1.0466433278418452,0.2727257717433778
6207,0.6211,12,43,12,544342,132102,76714,49542,1.0463027499683184,0.27274228711105236
6208,0.6212,24,81,24,544423,132021,76738,49518,1.0456611962995819,0.2727678350106589
6209,0.6213,19,67,19,544490,131954,76757,49499,1.045130528450133,0.27279240354251516
6210,0.6214,30,140,30,544630,131814,76787,49469,1.0440216702572551,0.2728827303166872
6211,0.6215,24,99,24,544729,131715,76811,49445,1.043237549106577,0.27293552660631487
6212,0.6216,38,131,38,544860,131584,76849,49407,1.04219997465467,0.2729804244409943
6213,0.6217,36,138,36,544998,131446,76885,49371,1.0411069572931186,0.2730440168789439
6214,0.6218,34,120,34,545118,131326,76919,49337,1.040156507413509,0.2730885682181742
6215,0.6219,27,113,27,545231,131213,76946,49310,1.0392615004435433,0.2731507896500723
6216,0.622,36,126,36,545357,131087,76982,49274,1.038263528069953,0.27319653361868695
6217,0.6221,26,108,26,545465,130979,77008,49248,1.0374081231783043,0.2732553945857169
6218,0.6222,10,49,10,545514,130930,77018,49238,1.037020022810797,0.27328937436170686
6219,0.6223,52,112,52,545626,130818,77070,49186,1.0361329362564948,0.2732494833448146
6220,0.6224,27,94,27,545720,130724,77097,49159,1.0353884171841339,0.27328318962881426
6221,0.6225,25,136,25,545856,130588,77122,49134,1.0343112406539094,0.2733889006354258
6222,0.6226,15,72,15,545928,130516,77137,49119,1.0337409707261438,0.27343780443677457
6223,0.6227,25,97,25,546025,130419,77162,49094,1.0329726904067926,0.27348437160539907
6224,0.6228,25,90,25,546115,130329,77187,49069,1.0322598529970852,0.2735203291006589
6225,0.6229,14,66,14,546181,130263,77201,49055,1.0317371055633,0.2735642824479416
6226,0.623,22,69,22,546250,130194,77223,49033,1.0311905968825243,0.2735804315198045
6227,0.6231,18,83,18,546333,130111,77241,49015,1.030533202382461,0.27363420162343827
6228,0.6232,21,79,21,546412,130032,77262,48994,1.0299074895450513,0.2736697462938344
6229,0.6233,16,100,16,546512,129932,77278,48978,1.02911544797871,0.27375775529595886
6230,0.6234,24,105,24,546617,129827,77302,48954,1.0282838043340514,0.2738210436232038
6231,0.6235,19,72,19,546689,129755,77321,48935,1.0277135344062855,0.2738541608372041
6232,0.6236,19,80,19,546769,129675,77340,48916,1.0270799011532126,0.2738995806059656
6233,0.6237,26,106,26,546875,129569,77366,48890,1.0262403370928905,0.2739564830016979
6234,0.6238,25,111,25,546986,129458,77391,48865,1.0253611709542516,0.2740252238914778
6235,0.6239,14,64,14,547050,129394,77405,48851,1.0248542643517933,0.2740665937333446
6236,0.624,32,83,32,547133,129311,77437,48819,1.0241968698517299,0.2740638859260091
6237,0.6241,32,106,32,547239,129205,77469,48787,1.0233573057914078,0.27409658861072406
6238,0.6242,33,130,33,547369,129075,77502,48754,1.022327651755164,0.274162256999702
6239,0.6243,20,90,20,547459,128985,77522,48734,1.0216148143454569,0.27421941379368553
6240,0.6244,26,101,26,547560,128884,77548,48708,1.020814852363452,0.27426911122122616
6241,0.6245,27,134,27,547694,128750,77575,48681,1.0197535166645546,0.27436580980775627
6242,0.6246,21,87,21,547781,128663,77596,48660,1.0190644405018376,0.27441448655842726
6243,0.6247,11,49,11,547830,128614,77607,48649,1.0186763401343302,0.274445315717324
6244,0.6248,1,14,1,547844,128600,77608,48648,1.0185654543150424,0.2744628994403322
6245,0.6249,25,98,25,547942,128502,77633,48623,1.017789253580028,0.2745123500352858
6246,0.625,27,124,27,548066,128378,77660,48596,1.0168071220377646,0.27459400815939067
6247,0.6251,17,106,17,548172,128272,77677,48579,1.0159675579774428,0.2746888623756722
6248,0.6252,24,104,24,548276,128168,77701,48555,1.0151438347484476,0.27475201303735225
6249,0.6253,35,113,35,548389,128055,77736,48520,1.0142488277784818,0.27478408608240124
6250,0.6254,30,93,30,548482,127962,77766,48490,1.0135122291217844,0.2748056128578877
6251,0.6255,20,100,20,548582,127862,77786,48470,1.012720187555443,0.27487920513576664
6252,0.6256,12,53,12,548635,127809,77798,48458,1.012300405525282,0.2749124907101159
6253,0.6257,17,57,17,548692,127752,77815,48441,1.0118489418324674,0.2749314671979023
6254,0.6258,35,163,35,548855,127589,77850,48406,1.0105579140793308,0.2750419045995625
6255,0.6259,37,129,37,548984,127460,77887,48369,1.0095361804587504,0.27509113968685484
6256,0.626,15,79,15,549063,127381,77902,48354,1.0089104676213407,0.27515292912624123
6257,0.6261,20,80,20,549143,127301,77922,48334,1.0082768343682675,0.27519571839325874
6258,0.6262,30,105,30,549248,127196,77952,48304,1.0074451907236093,0.2752364672364672
6259,0.6263,26,93,26,549341,127103,77978,48278,1.0067085920669117,0.27527497277356155
6260,0.6264,17,91,17,549432,127012,77995,48261,1.005987834241541,0.2753476006002065
6261,0.6265,21,87,21,549519,126925,78016,48240,1.005298758078824,0.2753974823737619
6262,0.6266,16,73,16,549592,126852,78032,48224,1.0047205677353948,0.27544609198291026
6263,0.6267,37,115,37,549707,126737,78069,48187,1.003809719934102,0.2754739201024445
6264,0.6268,12,71,12,549778,126666,78081,48175,1.0032473704219997,0.2755360584759868
6265,0.6269,29,112,29,549890,126554,78110,48146,1.0023602838676973,0.2755924441900401
6266,0.627,19,86,19,549976,126468,78129,48127,1.0016791281206439,0.2756493599473066
6267,0.6271,24,106,24,550082,126362,78153,48103,1.0008395640603218,0.27571719256011235
6268,0.6272,25,76,25,550158,126286,78178,48078,1.0002376124699024,0.27573352297492604
6269,0.6273,11,79,11,550237,126207,78189,48067,0.9996118996324928,0.2758128005324948
6270,0.6274,17,64,17,550301,126143,78206,48050,0.9991049930300342,0.27584346098867346
6271,0.6275,21,65,21,550366,126078,78227,48029,0.9985901660119123,0.27585909814079845
6272,0.6276,11,33,11,550399,126045,78238,48018,0.9983287922950197,0.27586563485634513
6273,0.6277,30,90,30,550489,125955,78268,47988,0.9976159548853124,0.2758834790707301
6274,0.6278,8,33,8,550522,125922,78276,47980,0.9973545811684197,0.27590251981000796
6275,0.6279,53,151,53,550673,125771,78329,47927,0.9961585984032442,0.275921426844293
6276,0.628,24,100,24,550773,125671,78353,47903,0.9953665568369028,0.2759802735432726
6277,0.6281,30,150,30,550923,125521,78383,47873,0.9941784944873907,0.2760937518022538
6278,0.6282,21,99,21,551022,125422,78404,47852,0.9933943733367128,0.276163763749899
6279,0.6283,20,84,20,551106,125338,78424,47832,0.9927290584209859,0.27621412484841484
6280,0.6284,23,91,23,551197,125247,78447,47809,0.9920083005956153,0.2762631749260355
6281,0.6285,36,126,36,551323,125121,78483,47773,0.9910103282220251,0.2763138107742316
6282,0.6286,33,124,33,551447,124997,78516,47740,0.9900281966797617,0.27637390946930884
6283,0.6287,28,82,28,551529,124915,78544,47712,0.9893787225953619,0.2763878188232432
6284,0.6288,46,187,46,551716,124728,78590,47666,0.9878976048663034,0.2764945415733726
6285,0.6289,16,62,16,551778,124666,78606,47650,0.9874065390951717,0.27652684602706656
6286,0.629,15,68,15,551846,124598,78621,47635,0.9868679508300595,0.2765730144629659
6287,0.6291,37,148,37,551994,124450,78658,47598,0.9856957293118743,0.27665535199479213
6288,0.6292,30,100,30,552094,124350,78688,47568,0.9849036877455329,0.27669004990751406
6289,0.6293,22,88,22,552182,124262,78710,47546,0.9842066911671524,0.2767391506798286
6290,0.6294,12,53,12,552235,124209,78722,47534,0.9837869091369915,0.27677401699050325
6291,0.6295,20,72,20,552307,124137,78742,47514,0.9832166392092258,0.2768058444168691
6292,0.6296,5,18,5,552325,124119,78747,47509,0.9830740717272842,0.2768138066049829
6293,0.6297,16,85,16,552410,124034,78763,47493,0.982400836395894,0.27688352271071026
6294,0.6298,7,46,7,552456,123988,78770,47486,0.982036497275377,0.27692828067228853
6295,0.6299,22,69,22,552525,123919,78792,47464,0.9814899885946015,0.27694695506555495
6296,0.63,14,56,14,552581,123863,78806,47450,0.9810464453174502,0.2769783962688179
6297,0.6301,22,114,22,552695,123749,78828,47428,0.9801435179318211,0.27706993346068687
6298,0.6302,20,58,20,552753,123691,78848,47408,0.9796841338233431,0.27707935172034903
6299,0.6303,31,104,31,552857,123587,78879,47377,0.978860410594348,0.2771168199153038
6300,0.6304,32,85,32,552942,123502,78911,47345,0.9781871752629578,0.27711929387112444
6301,0.6305,23,120,23,553062,123382,78934,47322,0.9772367253833482,0.27721670259630704
6302,0.6306,17,116,17,553178,123266,78951,47305,0.9763179571663921,0.2773331926294622
6303,0.6307,36,106,36,553284,123160,78987,47269,0.9754783931060702,0.2773530326411585
6304,0.6308,20,91,20,553375,123069,79007,47249,0.9747576352806996,0.27741636233398703
6305,0.6309,17,59,17,553434,123010,79024,47232,0.9742903307565581,0.2774403496199528
6306,0.631,20,95,20,553529,122915,79044,47212,0.9735378912685337,0.27751033051778967
6307,0.6311,25,62,25,553591,122853,79069,47187,0.9730468254974021,0.27750529287226533
6308,0.6312,42,133,42,553724,122720,79111,47145,0.9719934102141681,0.27754393194595706
6309,0.6313,37,147,37,553871,122573,79148,47108,0.9708291091116462,0.27762684095449697
6310,0.6314,13,39,13,553910,122534,79161,47095,0.9705202129007731,0.277635310000059
6311,0.6315,17,73,17,553983,122461,79178,47078,0.9699420225573439,0.2776824211538348
6312,0.6316,21,64,21,554047,122397,79199,47057,0.9694351159548853,0.2776977822889988
6313,0.6317,24,68,24,554115,122329,79223,47033,0.9688965276897732,0.2777069236310388
6314,0.6318,28,74,28,554189,122255,79251,47005,0.9683104169306805,0.27770885028949543
6315,0.6319,40,140,40,554329,122115,79291,46965,0.9672015587378026,0.2777679205110007
6316,0.632,28,129,28,554458,121986,79319,46937,0.9661798251172221,0.27786032689450224
6317,0.6321,16,92,16,554550,121894,79335,46921,0.965451146876188,0.27794331072475786
6318,0.6322,38,123,38,554673,121771,79373,46883,0.9644769357495881,0.2779833268111044
6319,0.6323,25,111,25,554784,121660,79398,46858,0.9635977696109492,0.2780593171055911
6320,0.6324,9,36,9,554820,121624,79407,46849,0.9633126346470663,0.27808016714844513
6321,0.6325,28,123,28,554943,121501,79435,46821,0.9623384235204664,0.27816328228039117
6322,0.6326,26,96,26,555039,121405,79461,46795,0.9615780636167786,0.27821046373365044
6323,0.6327,19,69,19,555108,121336,79480,46776,0.961031554936003,0.27824307604454174
6324,0.6328,17,62,17,555170,121274,79497,46759,0.9605404891648713,0.27827272023947675
6325,0.6329,16,32,16,555202,121242,79513,46743,0.9602870358636422,0.2782569872310028
6326,0.633,17,94,17,555296,121148,79530,46726,0.9595425167912812,0.2783397071613234
6327,0.6331,33,110,33,555406,121038,79563,46693,0.9586712710683056,0.2783802636364178
6328,0.6332,20,81,20,555487,120957,79583,46673,0.9580297173995691,0.27842868221678696
6329,0.6333,18,88,18,555575,120869,79601,46655,0.9573327208211887,0.27849740932642486
6330,0.6334,26,65,26,555640,120804,79627,46629,0.9568178938030668,0.2784934869470176
6331,0.6335,20,93,20,555733,120711,79647,46609,0.9560812951463693,0.27856203681568253
6332,0.6336,27,129,27,555862,120582,79674,46582,0.9550595615257889,0.2786604771362255
6333,0.6337,32,100,32,555962,120482,79706,46550,0.9542675199594475,0.27868911346328845
6334,0.6338,18,75,18,556037,120407,79724,46532,0.9536734887846914,0.27873654448630936
6335,0.6339,32,124,32,556161,120283,79756,46500,0.952691357242428,0.2788053938351031
6336,0.634,14,43,14,556204,120240,79770,46486,0.9523507793689013,0.2788167412401185
6337,0.6341,45,134,45,556338,120106,79815,46441,0.9512894436700038,0.2788462115799144
6338,0.6342,17,59,17,556397,120047,79832,46424,0.9508221391458623,0.2788713950177508
6339,0.6343,30,125,30,556522,119922,79862,46394,0.9498320871879357,0.27895091272036365
6340,0.6344,9,62,9,556584,119860,79871,46385,0.949341021416804,0.2790159102529399
6341,0.6345,35,111,35,556695,119749,79906,46350,0.948461855278165,0.27905044581845767
6342,0.6346,12,49,12,556744,119700,79918,46338,0.9480737549106577,0.27908069237162575
6343,0.6347,28,95,28,556839,119605,79946,46310,0.9473213154226334,0.2791188259048308
6344,0.6348,24,99,24,556938,119506,79970,46286,0.9465371942719554,0.27918114263655663
6345,0.6349,33,100,33,557038,119406,80003,46253,0.945745152705614,0.27920607995943475
6346,0.635,32,110,32,557148,119296,80035,46221,0.9448739069826384,0.2792522822429116
6347,0.6351,27,70,27,557218,119226,80062,46194,0.9443194778861995,0.27925281102647803
6348,0.6352,9,44,9,557262,119182,80071,46185,0.9439709795970093,0.27928788694237666
6349,0.6353,17,89,17,557351,119093,80088,46168,0.9432660626029654,0.2793641573026909
6350,0.6354,29,107,29,557458,118986,80117,46139,0.9424185781269802,0.2794186222558668
6351,0.6355,20,84,20,557542,118902,80137,46119,0.9417532632112533,0.2794735215518025
6352,0.6356,16,76,16,557618,118826,80153,46103,0.9411513116208339,0.27953240485299735
6353,0.6357,17,90,17,557708,118736,80170,46086,0.9404384742111266,0.2796107315770953
6354,0.6358,16,54,16,557762,118682,80186,46070,0.9400107717653022,0.2796324172088958
6355,0.6359,23,86,23,557848,118596,80209,46047,0.9393296160182486,0.27967784843570637
6356,0.636,26,105,26,557953,118491,80235,46021,0.9384979723735901,0.2797425111845944
6357,0.6361,27,77,27,558030,118414,80262,45994,0.9378881003675072,0.279755243053866
6358,0.6362,25,98,25,558128,118316,80287,45969,0.9371118996324928,0.279812520924004
6359,0.6363,27,97,27,558225,118219,80314,45942,0.9363436193131416,0.2798594063145327
6360,0.6364,40,161,40,558386,118058,80354,45902,0.9350684323913319,0.2799585264698707
6361,0.6365,32,95,32,558481,117963,80386,45870,0.9343159929033076,0.27998022376444304
6362,0.6366,23,114,23,558595,117849,80409,45847,0.9334130655176783,0.2800740396833154
6363,0.6367,21,76,21,558671,117773,80430,45826,0.9328111139272589,0.280111736624307
6364,0.6368,22,97,22,558768,117676,80452,45804,0.9320428336079077,0.28018106190359676
6365,0.6369,32,94,32,558862,117582,80484,45772,0.9312983145355468,0.28020128065428457
6366,0.637,19,97,19,558959,117485,80503,45753,0.9305300342161956,0.28028400249941804
6367,0.6371,24,89,24,559048,117396,80527,45729,0.9298251172221518,0.28033103448275865
6368,0.6372,24,82,24,559130,117314,80551,45705,0.9291756431377519,0.28036609229599
6369,0.6373,17,51,17,559181,117263,80568,45688,0.9287717019389178,0.28037876416836965
6370,0.6374,35,100,35,559281,117163,80603,45653,0.9279796603725764,0.2803962755503145
6371,0.6375,23,117,23,559398,117046,80626,45630,0.9270529717399569,0.2804962010376454
6372,0.6376,19,70,19,559468,116976,80645,45611,0.9264985426435179,0.28053288393290976
6373,0.6377,24,68,24,559536,116908,80669,45587,0.9259599543784057,0.2805440167389766
6374,0.6378,22,81,22,559617,116827,80691,45565,0.9253184007096692,0.2805864820927139
6375,0.6379,29,77,29,559694,116750,80720,45536,0.9247085287035863,0.28059105529743783
6376,0.638,12,55,12,559749,116695,80732,45524,0.9242729058420986,0.2806329714768307
6377,0.6381,16,98,16,559847,116597,80748,45508,0.923496705107084,0.2807316245643256
6378,0.6382,20,60,20,559907,116537,80768,45488,0.9230214801672791,0.2807467983335905
6379,0.6383,29,166,29,560073,116371,80797,45459,0.9217066911671524,0.2809058888957548
6380,0.6384,18,69,18,560142,116302,80815,45441,0.9211601824863769,0.28094569780454176
6381,0.6385,16,92,16,560234,116210,80831,45425,0.9204315042453428,0.2810344294243202
6382,0.6386,31,130,31,560364,116080,80862,45394,0.9194018502090989,0.28112265751761895
6383,0.6387,15,77,15,560441,116003,80877,45379,0.9187919782030161,0.2811899716201311
6384,0.6388,14,40,14,560481,115963,80891,45365,0.9184751615764796,0.2811973123078449
6385,0.6389,28,91,28,560572,115872,80919,45337,0.9177544037511088,0.28123119676941116
6386,0.639,22,78,22,560650,115794,80941,45315,0.9171366113293625,0.2812692028378303
6387,0.6391,48,153,48,560803,115641,80989,45267,0.9159247877328602,0.28132224625251695
6388,0.6392,30,106,30,560909,115535,81019,45237,0.9150852236725383,0.28137362227253504
6389,0.6393,25,71,25,560980,115464,81044,45212,0.914522874160436,0.2813861435435286
6390,0.6394,30,109,30,561089,115355,81074,45182,0.9136595488531238,0.28144290724256715
6391,0.6395,15,52,15,561141,115303,81089,45167,0.9132476872386263,0.28146694086122015
6392,0.6396,30,95,30,561236,115208,81119,45137,0.912495247750602,0.28149926720508905
6393,0.6397,22,82,22,561318,115126,81141,45115,0.911845773666202,0.281544673335788
6394,0.6398,22,86,22,561404,115040,81163,45093,0.9111646179191484,0.28159717235048365
6395,0.6399,15,81,15,561485,114959,81178,45078,0.9105230642504119,0.28167236326599476
6396,0.64,19,96,19,561581,114863,81197,45059,0.9097627043467241,0.2817561061017246
6397,0.6401,21,75,21,561656,114788,81218,45038,0.909168673171968,0.2817939509216273
6398,0.6402,19,74,19,561730,114714,81237,45019,0.9085825624128754,0.28183906894630417
6399,0.6403,39,101,39,561831,114613,81276,44980,0.9077826004308707,0.2818419354232328
6400,0.6404,33,109,33,561940,114504,81309,44947,0.9069192751235585,0.2818859712388132
6401,0.6405,33,94,33,562034,114410,81342,44914,0.9061747560511976,0.28190354246692273
6402,0.6406,17,74,17,562108,114336,81359,44897,0.9055886452921049,0.2819578856141629
6403,0.6407,21,81,21,562189,114255,81380,44876,0.9049470916233684,0.2820066486102645
6404,0.6408,11,68,11,562257,114187,81391,44865,0.9044085033582563,0.28207755954027613
6405,0.6409,13,50,13,562307,114137,81404,44852,0.9040124825750855,0.282107567190183
6406,0.641,22,73,22,562380,114064,81426,44830,0.9034342922316563,0.282137777386182
6407,0.6411,29,125,29,562505,113939,81455,44801,0.9024442402737296,0.2822288018142875
6408,0.6412,22,81,22,562586,113858,81477,44779,0.9018026866049931,0.28227336623864546
6409,0.6413,10,66,10,562652,113792,81487,44769,0.9012799391712077,0.28234559570133894
6410,0.6414,25,76,25,562728,113716,81512,44744,0.9006779875807882,0.2823677899785435
6411,0.6415,21,95,21,562823,113621,81533,44723,0.8999255480927639,0.2824420249583186
6412,0.6416,23,61,23,562884,113560,81556,44700,0.8994424027372957,0.2824466068494882
6413,0.6417,23,110,23,562994,113450,81579,44677,0.8985711570143201,0.28253871887786397
6414,0.6418,22,84,22,563078,113366,81601,44655,0.8979058420985934,0.2825890229779586
6415,0.6419,30,117,30,563195,113249,81631,44625,0.8969791534659739,0.28266212295881527
6416,0.642,27,94,27,563289,113155,81658,44598,0.896234634393613,0.28270777734813285
6417,0.6421,28,111,28,563400,113044,81686,44570,0.895355468254974,0.28277944852614617
6418,0.6422,34,92,34,563492,112952,81720,44536,0.89462679001394,0.2827897998577669
6419,0.6423,22,89,22,563581,112863,81742,44514,0.8939218730198961,0.2828494633904573
6420,0.6424,29,85,29,563666,112778,81771,44485,0.8932486376885059,0.28287009658978907
6421,0.6425,23,97,23,563763,112681,81794,44462,0.8924803573691548,0.28293974278205203
6422,0.6426,35,143,35,563906,112538,81829,44427,0.8913477379292866,0.2830376198515593
6423,0.6427,17,67,17,563973,112471,81846,44410,0.8908170700798378,0.2830808064711469
6424,0.6428,16,57,16,564030,112414,81862,44394,0.8903656063870232,0.2831105555838988
6425,0.6429,11,63,11,564093,112351,81873,44383,0.8898666202002281,0.2831740400934067
6426,0.643,20,84,20,564177,112267,81893,44363,0.8892013052845014,0.2832343740024261
6427,0.6431,14,83,14,564260,112184,81907,44349,0.888543910784438,0.2833204500009583
6428,0.6432,12,43,12,564303,112141,81919,44337,0.8882033329109111,0.28334334539040634
6429,0.6433,26,72,26,564375,112069,81945,44311,0.8876330629831454,0.2833546489320885
6430,0.6434,23,68,23,564443,112001,81968,44288,0.8870944747180332,0.28337247023143025
6431,0.6435,17,48,17,564491,111953,81985,44271,0.8867142947661893,0.28338155469070053
6432,0.6436,30,80,30,564571,111873,82015,44241,0.8860806615131163,0.283389061839425
6433,0.6437,19,66,19,564637,111807,82034,44222,0.8855579140793309,0.28342167161232845
6434,0.6438,18,51,18,564688,111756,82052,44204,0.8851539728804968,0.2834316491408053
6435,0.6439,22,78,22,564766,111678,82074,44182,0.8845361804587505,0.28347234697805723
6436,0.644,25,96,25,564862,111582,82099,44157,0.8837758205550628,0.2835320632596845
6437,0.6441,24,83,24,564945,111499,82123,44133,0.8831184260549994,0.28357278708748845
6438,0.6442,9,54,9,564999,111445,82132,44124,0.882690723609175,0.28362977199827727
6439,0.6443,26,92,26,565091,111353,82158,44098,0.8819620453681409,0.2836778148741404
6440,0.6444,26,84,26,565175,111269,82184,44072,0.8812967304524142,0.2837113189692354
6441,0.6445,33,124,33,565299,111145,82217,44039,0.8803145989101508,0.28378569955665534
6442,0.6446,21,72,21,565371,111073,82238,44018,0.879744328982385,0.28382046669374755
6443,0.6447,18,76,18,565447,110997,82256,44000,0.8791423773919655,0.2838764621250734
6444,0.6448,29,96,29,565543,110901,82285,43971,0.8783820174882778,0.2839183325584999
6445,0.6449,25,98,25,565641,110803,82310,43946,0.8776058167532632,0.2839824489980549
6446,0.645,22,74,22,565715,110729,82332,43924,0.8770197059941706,0.2840164755937486
6447,0.6451,26,56,26,565771,110673,82358,43898,0.8765761627170194,0.28399893899890666
6448,0.6452,11,73,11,565844,110600,82369,43887,0.8759979723735901,0.284082155780098
6449,0.6453,28,90,28,565934,110510,82397,43859,0.8752851349638829,0.2841179252311021
6450,0.6454,37,96,37,566030,110414,82434,43822,0.8745247750601952,0.2841230322363132
6451,0.6455,17,78,17,566108,110336,82451,43805,0.8739069826384489,0.28418785397785146
6452,0.6456,25,102,25,566210,110234,82476,43780,0.8730991002407806,0.28425987247912526
6453,0.6457,14,32,14,566242,110202,82490,43766,0.8728456469395514,0.2842538709342201
6454,0.6458,19,83,19,566325,110119,82509,43747,0.872188252439488,0.2843188228718495
6455,0.6459,18,55,18,566380,110064,82527,43729,0.8717526295780003,0.28433673834309753
6456,0.646,7,37,7,566417,110027,82534,43722,0.871459574198454,0.2843725812850815
6457,0.6461,18,109,18,566526,109918,82552,43704,0.8705962488911418,0.2844905026623791
6458,0.6462,18,72,18,566598,109846,82570,43686,0.870025978963376,0.28454003074277673
6459,0.6463,15,28,15,566626,109818,82585,43671,0.8698042073248005,0.2845220178644724
6460,0.6464,23,83,23,566709,109735,82608,43648,0.869146812824737,0.2845686940534479
6461,0.6465,31,60,31,566769,109675,82639,43617,0.8686715878849322,0.2845353964981865
6462,0.6466,16,48,16,566817,109627,82655,43601,0.8682914079330883,0.2845498211815073
6463,0.6467,25,79,25,566896,109548,82680,43576,0.8676656950956786,0.28457981766411533
6464,0.6468,15,55,15,566951,109493,82695,43561,0.8672300722341908,0.2846119670181766
6465,0.6469,18,75,18,567026,109418,82713,43543,0.8666360410594348,0.2846673335033113
6466,0.647,22,83,22,567109,109335,82735,43521,0.8659786465593714,0.2847189511697284
6467,0.6471,12,46,12,567155,109289,82747,43509,0.8656143074388544,0.28474849147240144
6468,0.6472,10,40,10,567195,109249,82757,43499,0.8652974908123179,0.284776232749365
6469,0.6473,27,89,27,567284,109160,82784,43472,0.864592573818274,0.28481576602547304
6470,0.6474,22,62,22,567346,109098,82806,43450,0.8641015080471424,0.28482838188635706
6471,0.6475,27,86,27,567432,109012,82833,43423,0.8634203523000887,0.2848624003673697
6472,0.6476,31,82,31,567514,108930,82864,43392,0.8627708782156888,0.2848702091621696
6473,0.6477,20,57,20,567571,108873,82884,43372,0.8623194145228742,0.2848829189792768
6474,0.6478,20,72,20,567643,108801,82904,43352,0.8617491445951083,0.28492372808948885
6475,0.6479,30,97,30,567740,108704,82934,43322,0.8609808642757572,0.2849644139818189
6476,0.648,23,96,23,567836,108608,82957,43299,0.8602205043720694,0.2850362392779793
6477,0.6481,11,73,11,567909,108535,82968,43288,0.8596423140286402,0.28512149015630045
6478,0.6482,32,83,32,567992,108452,83000,43256,0.8589849195285768,0.28512669074801594
6479,0.6483,18,63,18,568055,108389,83018,43238,0.8584859333417818,0.28516029467047427
6480,0.6484,23,114,23,568169,108275,83041,43215,0.8575830059561526,0.2852663542147997
6481,0.6485,31,114,31,568283,108161,83072,43184,0.8566800785705234,0.2853348310152301
6482,0.6486,23,105,23,568388,108056,83095,43161,0.8558484349258649,0.2854242578546063
6483,0.6487,27,107,27,568495,107949,83122,43134,0.8550009504498796,0.2854986993904013
6484,0.6488,37,149,37,568644,107800,83159,43097,0.8538208085160309,0.28560541296380976
6485,0.6489,35,104,35,568748,107696,83194,43062,0.8529970852870359,0.28563658313323337
6486,0.649,39,123,39,568871,107573,83233,43023,0.852022874160436,0.2856848787484395
6487,0.6491,34,103,34,568974,107470,83267,42989,0.8512070713471043,0.2857190330920716
6488,0.6492,15,57,15,569031,107413,83282,42974,0.8507556076542897,0.2857560826401218
6489,0.6493,20,95,20,569126,107318,83302,42954,0.8500031681662653,0.2858416737649063
6490,0.6494,6,30,6,569156,107288,83308,42948,0.8497655556963629,0.28587023083681673
6491,0.6495,17,65,17,569221,107223,83325,42931,0.849250728678241,0.2859131291873676
6492,0.6496,32,106,32,569327,107117,83357,42899,0.8484111646179191,0.2859628306313993
6493,0.6497,27,119,27,569446,106998,83384,42872,0.8474686351539729,0.2860612530860079
6494,0.6498,9,71,9,569517,106927,83393,42863,0.8469062856418705,0.2861539488617398
6495,0.6499,21,65,21,569582,106862,83414,42842,0.8463914586237485,0.28617805803452145
6496,0.65,19,71,19,569653,106791,83433,42823,0.8458291091116462,0.28622321440506904
6497,0.6501,17,61,17,569714,106730,83450,42806,0.8453459637561779,0.28625882730579927
6498,0.6502,18,66,18,569780,106664,83468,42788,0.8448232163223925,0.28629928003639965
6499,0.6503,19,79,19,569859,106585,83487,42769,0.8441975034849829,0.28635992340345756
6500,0.6504,20,50,20,569909,106535,83507,42749,0.8438014827018122,0.28636022614613754
6501,0.6505,17,92,17,570001,106443,83524,42732,0.8430728044607781,0.2864555052790347
6502,0.6506,14,38,14,570039,106405,83538,42718,0.8427718286655683,0.2864615116380438
6503,0.6507,15,51,15,570090,106354,83553,42703,0.8423678874667343,0.2864877194630242
6504,0.6508,21,78,21,570168,106276,83574,42682,0.841750095044988,0.2865371446985056
6505,0.6509,9,51,9,570219,106225,83583,42673,0.8413461538461539,0.28659216376311303
6506,0.651,14,75,14,570294,106150,83597,42659,0.8407521226713978,0.28666948907660156
6507,0.6511,35,113,35,570407,106037,83632,42624,0.8398571157014321,0.28671944894760565
6508,0.6512,24,69,24,570476,105968,83656,42600,0.8393106070206564,0.28673738624737494
6509,0.6513,27,76,27,570552,105892,83683,42573,0.838708655430237,0.28675445391169635
6510,0.6514,16,32,16,570584,105860,83699,42557,0.8384552021290077,0.2867393896925554
6511,0.6515,20,76,20,570660,105784,83719,42537,0.8378532505385883,0.2867901376069471
6512,0.6516,18,76,18,570736,105708,83737,42519,0.8372512989481689,0.2868505737821045
6513,0.6517,16,53,16,570789,105655,83753,42503,0.8368315169180078,0.28687617273451316
6514,0.6518,24,76,24,570865,105579,83777,42479,0.8362295653275884,0.286907833416634
6515,0.6519,22,72,22,570937,105507,83799,42457,0.8356592953998225,0.2869414181828012
6516,0.652,9,66,9,571003,105441,83808,42448,0.8351365479660373,0.2870260803710891
6517,0.6521,22,81,22,571084,105360,83830,42426,0.8344949942973007,0.2870772603629573
6518,0.6522,21,119,21,571203,105241,83851,42405,0.8335524648333544,0.28720723893637484
6519,0.6523,18,67,18,571270,105174,83869,42387,0.8330217969839057,0.28725069632219896
6520,0.6524,23,67,23,571337,105107,83892,42364,0.832491129134457,0.28727003953319635
6521,0.6525,12,46,12,571383,105061,83904,42352,0.83212679001394,0.2873016626756121
6522,0.6526,16,77,16,571460,104984,83920,42336,0.8315169180078571,0.2873744230247081
6523,0.6527,20,72,20,571532,104912,83940,42316,0.8309466480800912,0.28741815415545957
6524,0.6528,28,69,28,571601,104843,83968,42288,0.8304001393993157,0.2874173355717014
6525,0.6529,18,47,18,571648,104796,83986,42270,0.8300278798631352,0.2874219738076782
6526,0.653,23,103,23,571751,104693,84009,42247,0.8292120770498036,0.28751190962297535
6527,0.6531,24,103,24,571854,104590,84033,42223,0.8283962742364719,0.28759714739157977
6528,0.6532,23,113,23,571967,104477,84056,42200,0.8275012672665062,0.28770700246119024
6529,0.6533,33,93,33,572060,104384,84089,42167,0.8267646686098087,0.28772918642656825
6530,0.6534,21,104,21,572164,104280,84110,42146,0.8259409453808136,0.28783139606354063
6531,0.6535,21,88,21,572252,104192,84131,42125,0.8252439488024331,0.2879022943335361
6532,0.6536,15,67,15,572319,104125,84146,42110,0.8247132809529845,0.2879611584094095
6533,0.6537,25,62,25,572381,104063,84171,42085,0.8242222151818528,0.2879615184607384
6534,0.6538,19,104,19,572485,103959,84190,42066,0.8233984919528576,0.2880739599383667
6535,0.6539,21,86,21,572571,103873,84211,42045,0.8227173362058041,0.28814128483120655
6536,0.654,25,62,25,572633,103811,84236,42020,0.8222262704346724,0.28814175312519286
6537,0.6541,15,64,15,572697,103747,84251,42005,0.8217193638322139,0.2881950161918876
6538,0.6542,18,45,18,572742,103702,84269,41987,0.8213629451273603,0.2881960889291573
6539,0.6543,16,86,16,572828,103616,84285,41971,0.8206817893803067,0.2882881026465275
6540,0.6544,22,71,22,572899,103545,84307,41949,0.8201194398682042,0.28832116788321166
6541,0.6545,23,73,23,572972,103472,84330,41926,0.819541249524775,0.28835334736378765
6542,0.6546,17,55,17,573027,103417,84347,41909,0.8191056266632872,0.28837923014464034
6543,0.6547,19,61,19,573088,103356,84366,41890,0.818622481307819,0.28840725390027955
6544,0.6548,15,67,15,573155,103289,84381,41875,0.8180918134583703,0.28846683750792207
6545,0.6549,15,57,15,573212,103232,84396,41860,0.8176403497655557,0.2885066027072478
6546,0.655,28,87,28,573299,103145,84424,41832,0.8169512736028387,0.2885423205060113
6547,0.6551,44,177,44,573476,102968,84468,41788,0.8155493600304144,0.28867888032275
6548,0.6552,20,64,20,573540,102904,84488,41768,0.8150424534279559,0.2887082503870825
6549,0.6553,39,122,39,573662,102782,84527,41729,0.8140761627170194,0.28876002518839394
6550,0.6554,10,68,10,573730,102714,84537,41719,0.8135375744519072,0.28884673170258873
6551,0.6555,24,102,24,573832,102612,84561,41695,0.8127296920542391,0.2889326228110902
6552,0.6556,16,59,16,573891,102553,84577,41679,0.8122623875300976,0.2889719341061623
6553,0.6557,28,96,28,573987,102457,84605,41651,0.8115020276264099,0.2890262858411747
6554,0.6558,22,60,22,574047,102397,84627,41629,0.811026802686605,0.2890380903447989
6555,0.6559,21,51,21,574098,102346,84648,41608,0.8106228614877709,0.2890367756366617
6556,0.656,30,104,30,574202,102242,84678,41578,0.8097991382587758,0.28909748296481713
6557,0.6561,9,35,9,574237,102207,84687,41569,0.8095219237105563,0.2891233585577565
6558,0.6562,28,113,28,574350,102094,84715,41541,0.8086269167405905,0.28921223935670276
6559,0.6563,34,113,34,574463,101981,84749,41507,0.8077319097706248,0.28927157671721676
6560,0.6564,15,71,15,574534,101910,84764,41492,0.8071695602585224,0.28934045550271265
6561,0.6565,16,82,16,574616,101828,84780,41476,0.8065200861741224,0.28942667336571204
6562,0.6566,10,52,10,574668,101776,84790,41466,0.8061082245596249,0.2894821351279653
6563,0.6567,16,65,16,574733,101711,84806,41450,0.8055933975415029,0.28953416083989353
6564,0.6568,22,87,22,574820,101624,84828,41428,0.804904321378786,0.2896009842574728
6565,0.6569,12,66,12,574886,101558,84840,41416,0.8043815739450006,0.28967504581252534
6566,0.657,25,110,25,574996,101448,84865,41391,0.8035103282220251,0.28977380127276164
6567,0.6571,23,76,23,575072,101372,84888,41368,0.8029083766316056,0.28981364719069636
6568,0.6572,32,107,32,575179,101265,84920,41336,0.8020608921556204,0.28987174002987354
6569,0.6573,17,72,17,575251,101193,84937,41319,0.8014906222278545,0.28993347928595486
6570,0.6574,22,94,22,575345,101099,84959,41297,0.8007461031554935,0.2900151689654204
6571,0.6575,27,90,27,575435,101009,84986,41270,0.8000332657457864,0.2900638885569901
6572,0.6576,21,35,21,575470,100974,85007,41249,0.7997560511975669,0.2900304451460031
6573,0.6577,31,104,31,575574,100870,85038,41218,0.7989323279685718,0.2900878328922921
6574,0.6578,33,117,33,575691,100753,85071,41185,0.7980056393359524,0.29016190167537936
6575,0.6579,24,64,24,575755,100689,85095,41161,0.7974987327334938,0.2901727176594995
6576,0.658,25,96,25,575851,100593,85120,41136,0.7967383728298061,0.2902440573206613
6577,0.6581,19,58,19,575909,100535,85139,41117,0.7962789887213281,0.2902676983028831
6578,0.6582,18,82,18,575991,100453,85157,41099,0.7956295146369281,0.29034559737764215
6579,0.6583,24,80,24,576071,100373,85181,41075,0.794995881383855,0.2903894010519767
6580,0.6584,32,119,32,576190,100254,85213,41043,0.7940533519199088,0.2904732584555935
6581,0.6585,22,89,22,576279,100165,85235,41021,0.7933484349258649,0.290545804824841
6582,0.6586,10,33,10,576312,100132,85245,41011,0.7930870612089722,0.2905634710896042
6583,0.6587,33,110,33,576422,100022,85278,40978,0.7922158154859967,0.2906241134751773
6584,0.6588,37,131,37,576553,99891,85315,40941,0.7911782410340895,0.29070807770961143
6585,0.6589,22,80,22,576633,99811,85337,40919,0.7905446077810163,0.29076245292403896
6586,0.659,27,130,27,576763,99681,85364,40892,0.7895149537447725,0.29089512210737484
6587,0.6591,45,126,45,576889,99555,85409,40847,0.7885169813711823,0.29092890414666456
6588,0.6592,28,102,28,576991,99453,85437,40819,0.7877090989735142,0.2909989163910118
6589,0.6593,29,110,29,577101,99343,85466,40790,0.7868378532505386,0.29108061627168474
6590,0.6594,13,68,13,577169,99275,85479,40777,0.7862992649854265,0.2911561420043984
6591,0.6595,22,62,22,577231,99213,85501,40755,0.7858081992142948,0.29117369684499317
6592,0.6596,14,47,14,577278,99166,85515,40741,0.7854359396781143,0.2912005832445839
6593,0.6597,22,119,22,577397,99047,85537,40719,0.7844934102141681,0.2913369489003048
6594,0.6598,18,28,18,577425,99019,85555,40701,0.7842716385755925,0.291304036644718
6595,0.6599,31,131,31,577556,98888,85586,40670,0.7832340641236852,0.291420054744264
6596,0.66,33,88,33,577644,98800,85619,40637,0.7825370675453048,0.29143627588086374
6597,0.6601,23,96,23,577740,98704,85642,40614,0.781776707641617,0.2915201194389813
6598,0.6602,24,85,24,577825,98619,85666,40590,0.7811034723102268,0.29157597569122684
6599,0.6603,18,71,18,577896,98548,85684,40572,0.7805411227981245,0.2916331224841863
6600,0.6604,7,33,7,577929,98515,85691,40565,0.7802797490812318,0.2916666666666667
6601,0.6605,11,57,11,577986,98458,85702,40554,0.7798282853884172,0.2917302103415532
6602,0.6606,26,92,26,578078,98366,85728,40528,0.7790996071473831,0.29179086209627486
6603,0.6607,20,70,20,578148,98296,85748,40508,0.7785451780509441,0.2918359701449526
6604,0.6608,31,102,31,578250,98194,85779,40477,0.7777372956532759,0.2918923206726713
6605,0.6609,8,47,8,578297,98147,85787,40469,0.7773650361170954,0.2919504241934553
6606,0.661,20,61,20,578358,98086,85807,40449,0.7768818907616272,0.29197675677626594
6607,0.6611,25,65,25,578423,98021,85832,40424,0.7763670637435053,0.2919859872151396
6608,0.6612,31,118,31,578541,97903,85863,40393,0.7754324546952224,0.2920764158037832
6609,0.6613,27,114,27,578655,97789,85890,40366,0.7745295273095932,0.2921790742282219
6610,0.6614,19,52,19,578707,97737,85909,40347,0.7741176656950957,0.29219170939428174
6611,0.6615,18,70,18,578777,97667,85927,40329,0.7735632365986567,0.29224760137975014
6612,0.6616,23,82,23,578859,97585,85950,40306,0.7729137625142567,0.29230334104473826
6613,0.6617,13,54,13,578913,97531,85963,40293,0.7724860600684323,0.2923511144648247
6614,0.6618,21,95,21,579008,97436,85984,40272,0.7717336205804081,0.29244488337641966
6615,0.6619,14,48,14,579056,97388,85998,40258,0.7713534406285641,0.2924748993795679
6616,0.662,32,63,32,579119,97325,86030,40226,0.7708544544417691,0.2924442570392073
6617,0.6621,14,53,14,579172,97272,86044,40212,0.7704346724116081,0.2924849437025399
6618,0.6622,14,47,14,579219,97225,86058,40198,0.7700624128754276,0.29251289813204484
6619,0.6623,8,47,8,579266,97178,86066,40190,0.7696901533392473,0.29257177799778694
6620,0.6624,30,73,30,579339,97105,86096,40160,0.769111962995818,0.29257276071831856
6621,0.6625,22,70,22,579409,97035,86118,40138,0.7685575338993791,0.29260860373397096
6622,0.6626,22,86,22,579495,96949,86140,40116,0.7678763781523255,0.2926786561120636
6623,0.6627,27,84,27,579579,96865,86167,40089,0.7672110632365987,0.29271872307490104
6624,0.6628,10,70,10,579649,96795,86177,40079,0.7666566341401597,0.2928167511726113
6625,0.6629,11,61,11,579710,96734,86188,40068,0.7661734887846914,0.29289045481791204
6626,0.663,20,75,20,579785,96659,86208,40048,0.7655794576099354,0.2929476910472763
6627,0.6631,18,72,18,579857,96587,86226,40030,0.7650091876821695,0.2930089227548548
6628,0.6632,20,73,20,579930,96514,86246,40010,0.7644309973387403,0.29306202572441475
6629,0.6633,30,104,30,580034,96410,86276,39980,0.7636072741097453,0.2931299948676589
6630,0.6634,25,71,25,580105,96339,86301,39955,0.7630449245976428,0.2931530368174681
6631,0.6635,25,71,25,580176,96268,86326,39930,0.7624825750855405,0.2931761112497981
6632,0.6636,10,34,10,580210,96234,86336,39920,0.7622132809529845,0.2931974088164872
6633,0.6637,32,143,32,580353,96091,86368,39888,0.7610806615131163,0.29333941270343217
6634,0.6638,27,109,27,580462,95982,86395,39861,0.7602173362058041,0.2934343322806475
6635,0.6639,30,107,30,580569,95875,86425,39831,0.7593698517298187,0.2935094984746437
6636,0.664,18,58,18,580627,95817,86443,39813,0.7589104676213407,0.29354125193541253
6637,0.6641,23,95,23,580722,95722,86466,39790,0.7581580281333165,0.2936271326524588
6638,0.6642,24,98,24,580820,95624,86490,39766,0.7573818273983018,0.29371445453873996
6639,0.6643,41,119,41,580939,95505,86531,39725,0.7564392979343556,0.2937587813355025
6640,0.6644,22,85,22,581024,95420,86553,39703,0.7557660626029654,0.2938285858070055
6641,0.6645,15,52,15,581076,95368,86568,39688,0.7553542009884678,0.293863286340481
6642,0.6646,29,89,29,581165,95279,86597,39659,0.754649283994424,0.2939053491233011
6643,0.6647,16,83,16,581248,95196,86613,39643,0.7539918894943607,0.2940024770281595
6644,0.6648,17,73,17,581321,95123,86630,39626,0.7534136991509315,0.2940726832852192
6645,0.6649,11,48,11,581369,95075,86641,39615,0.7530335191990876,0.2941198307223996
6646,0.665,32,96,32,581465,94979,86673,39583,0.7522731592953998,0.29416179902201217
6647,0.6651,24,86,24,581551,94893,86697,39559,0.7515920035483462,0.2942239609674828
6648,0.6652,11,53,11,581604,94840,86708,39548,0.7511722215181853,0.29428222757984346
6649,0.6653,22,76,22,581680,94764,86730,39526,0.7505702699277658,0.2943331595800134
6650,0.6654,12,78,12,581758,94686,86742,39514,0.7499524775060196,0.29444113263785393
6651,0.6655,12,51,12,581809,94635,86754,39502,0.7495485363071854,0.2944899617555186
6652,0.6656,25,80,25,581889,94555,86779,39477,0.7489149030541122,0.2945341411006327
6653,0.6657,29,73,29,581962,94482,86808,39448,0.748336712710683,0.29454192488613457
6654,0.6658,35,114,35,582076,94368,86843,39413,0.7474337853250539,0.29460835245662687
6655,0.6659,4,48,4,582124,94320,86847,39409,0.74705360537321,0.29469299852687153
6656,0.666,21,73,21,582197,94247,86868,39388,0.7464754150297808,0.29474314363752013
6657,0.6661,16,62,16,582259,94185,86884,39372,0.7459843492586491,0.2947954805813248
6658,0.6662,9,41,9,582300,94144,86893,39363,0.7456596122164492,0.294838472889062
6659,0.6663,16,74,16,582374,94070,86909,39347,0.7450735014573565,0.29491743930683495
6660,0.6664,13,51,13,582425,94019,86922,39334,0.7446695602585224,0.294961493179756
6661,0.6665,20,58,20,582483,93961,86942,39314,0.7442101761500444,0.29498405552429185
6662,0.6666,24,88,24,582571,93873,86966,39290,0.743513179571664,0.2950519288390919
6663,0.6667,19,53,19,582624,93820,86985,39271,0.7430933975415029,0.29506878752132
6664,0.6668,22,64,22,582688,93756,87007,39249,0.7425864909390445,0.2950941693921281
6665,0.6669,26,84,26,582772,93672,87033,39223,0.7419211760233178,0.2951427818954814
6666,0.667,19,72,19,582844,93600,87052,39204,0.7413509060955519,0.2952019517484413
6667,0.6671,9,56,9,582900,93544,87061,39195,0.7409073628184007,0.2952787048267653
6668,0.6672,17,78,17,582978,93466,87078,39178,0.7402895703966544,0.29536202165194053
6669,0.6673,20,71,20,583049,93395,87098,39158,0.739727220884552,0.29541390990773503
6670,0.6674,17,37,17,583086,93358,87115,39141,0.7394341655050057,0.2954060030641741
6671,0.6675,24,68,24,583154,93290,87139,39117,0.7388955772398935,0.2954299999244753
6672,0.6676,32,71,32,583225,93219,87171,39085,0.7383332277277912,0.2954181279477567
6673,0.6677,28,109,28,583334,93110,87199,39057,0.737469902420479,0.2955124955548662
6674,0.6678,11,40,11,583374,93070,87210,39046,0.7371530857939425,0.2955433104241727
6675,0.6679,28,88,28,583462,92982,87238,39018,0.736456089215562,0.29559090909090907
6676,0.668,27,93,27,583555,92889,87265,38991,0.7357194905588645,0.29565514103730667
6677,0.6681,24,86,24,583641,92803,87289,38967,0.7350383348118109,0.2957198148288685
6678,0.6682,38,121,38,583762,92682,87327,38929,0.7340799645165378,0.2957883459589244
6679,0.6683,10,42,10,583804,92640,87337,38919,0.7337473070586744,0.2958292477139534
6680,0.6684,23,94,23,583898,92546,87360,38896,0.7330027879863136,0.2959175910287427
6681,0.6685,20,61,20,583959,92485,87380,38876,0.7325196426308452,0.29594780794908687
6682,0.6686,7,46,7,584005,92439,87387,38869,0.7321553035103282,0.2960139519298139
6683,0.6687,52,139,52,584144,92300,87439,38817,0.7310543657331137,0.29604856731011236
6684,0.6688,17,66,17,584210,92234,87456,38800,0.7305316182993283,0.29610635407604136
6685,0.6689,26,97,26,584307,92137,87482,38774,0.7297633379799772,0.2961859583992178
6686,0.669,29,92,29,584399,92045,87511,38745,0.7290346597389431,0.2962382445141066
6687,0.6691,14,74,14,584473,91971,87525,38731,0.7284485489798505,0.2963305840767548
6688,0.6692,27,102,27,584575,91869,87552,38704,0.7276406665821822,0.29641656391443866
6689,0.6693,14,39,14,584614,91830,87566,38690,0.7273317703713091,0.2964296659515783
6690,0.6694,21,80,21,584694,91750,87587,38669,0.7266981371182359,0.29649820961669693
6691,0.6695,18,52,18,584746,91698,87605,38651,0.7262862755037385,0.29651934422205
6692,0.6696,40,124,40,584870,91574,87645,38611,0.7253041439614751,0.2965856281445635
6693,0.6697,31,131,31,585001,91443,87676,38580,0.7242665695095679,0.29671673473154747
6694,0.6698,19,69,19,585070,91374,87695,38561,0.7237200608287923,0.29677146265440413
6695,0.6699,12,63,12,585133,91311,87707,38549,0.7232210746419973,0.29685045433543816
6696,0.67,32,85,32,585218,91226,87739,38517,0.7225478393106071,0.29687150751871005
6697,0.6701,19,51,19,585269,91175,87758,38498,0.7221438981117729,0.29688524210899725
6698,0.6702,17,85,17,585354,91090,87775,38481,0.7214706627803827,0.2969877518889258
6699,0.6703,15,50,15,585404,91040,87790,38466,0.721074641997212,0.29702098744459715
6700,0.6704,12,49,12,585453,90991,87802,38454,0.7206865416297047,0.2970682529259531
6701,0.6705,17,74,17,585527,90917,87819,38437,0.720100430870612,0.29714581690554603
6702,0.6706,36,134,36,585661,90783,87855,38401,0.7190390951717146,0.297258174386921
6703,0.6707,16,39,16,585700,90744,87871,38385,0.7187301989608414,0.29726087865622747
6704,0.6708,17,70,17,585770,90674,87888,38368,0.7181757698644025,0.29732955161885277
6705,0.6709,14,49,14,585819,90625,87902,38354,0.7177876694968952,0.2973662379146993
6706,0.671,15,42,15,585861,90583,87917,38339,0.7174550120390318,0.2973813623741487
6707,0.6711,13,27,13,585888,90556,87930,38326,0.7172411608161197,0.29737279061467076
6708,0.6712,18,47,18,585935,90509,87948,38308,0.7168689012799392,0.2973831093722102
6709,0.6713,24,69,24,586004,90440,87972,38284,0.7163223925991636,0.29741151611199157
6710,0.6714,23,69,23,586073,90371,87995,38261,0.7157758839183881,0.29744542571055416
6711,0.6715,17,68,17,586141,90303,88012,38244,0.7152372956532759,0.2975098602067726
6712,0.6716,21,68,21,586209,90235,88033,38223,0.7146987073881638,0.29755250743433653
6713,0.6717,18,62,18,586271,90173,88051,38205,0.7142076416170321,0.29759771923538303
6714,0.6718,16,52,16,586323,90121,88067,38189,0.7137957800025345,0.29763073805627
6715,0.6719,16,53,16,586376,90068,88083,38173,0.7133759979723736,0.2976661130215766
6716,0.672,23,97,23,586473,89971,88106,38150,0.7126077176530224,0.297765393651314
6717,0.6721,15,54,15,586527,89917,88121,38135,0.7121800152071981,0.2978087027145222
6718,0.6722,27,97,27,586624,89820,88148,38108,0.7114117348878469,0.2978863110499656
6719,0.6723,13,57,13,586681,89763,88161,38095,0.7109602711950324,0.2979477232554866
6720,0.6724,17,66,17,586747,89697,88178,38078,0.710437523761247,0.29800821756994716
6721,0.6725,21,69,21,586816,89628,88199,38057,0.7098910150804715,0.2980538042839801
6722,0.6726,28,86,28,586902,89542,88227,38029,0.7092098593334178,0.29810066551175424
6723,0.6727,24,84,24,586986,89458,88251,38005,0.708544544417691,0.29816495767399165
6724,0.6728,16,50,16,587036,89408,88267,37989,0.7081485236345203,0.29819383501966296
6725,0.6729,16,90,16,587126,89318,88283,37973,0.7074356862248131,0.2983164559945322
6726,0.673,16,61,16,587187,89257,88299,37957,0.7069525408693448,0.2983712484474979
6727,0.6731,23,75,23,587262,89182,88322,37934,0.7063585096945888,0.29842034047641525
6728,0.6732,26,73,26,587335,89109,88348,37908,0.7057803193511596,0.298448239212074
6729,0.6733,27,79,27,587414,89030,88375,37881,0.7051546065137498,0.29848476491399484
6730,0.6734,28,89,28,587503,88941,88403,37853,0.704449689519706,0.2985393630613436
6731,0.6735,12,48,12,587551,88893,88415,37841,0.7040695095678621,0.29858601480265756
6732,0.6736,14,72,14,587623,88821,88429,37827,0.7034992396400963,0.29867822626492324
6733,0.6737,25,60,25,587683,88761,88454,37802,0.7030240147002915,0.29868128916033915
6734,0.6738,22,89,22,587772,88672,88476,37780,0.7023190977062477,0.2987694935627748
6735,0.6739,11,46,11,587818,88626,88487,37769,0.7019547585857305,0.29881720004747025
6736,0.674,18,59,18,587877,88567,88505,37751,0.7014874540615892,0.2988568533383999
6737,0.6741,31,89,31,587966,88478,88536,37720,0.7007825370675453,0.29889538661468484
6738,0.6742,20,73,20,588039,88405,88556,37700,0.7002043467241161,0.29895721819118987
6739,0.6743,15,56,15,588095,88349,88571,37685,0.6997608034469649,0.29900661726200867
6740,0.6744,16,71,16,588166,88278,88587,37669,0.6991984539348625,0.2990861235281507
6741,0.6745,37,97,37,588263,88181,88624,37632,0.6984301736155113,0.2991105847567421
6742,0.6746,10,43,10,588306,88138,88634,37622,0.6980895957419846,0.29915712468193384
6743,0.6747,18,49,18,588355,88089,88652,37604,0.6977014953744772,0.2991733827659456
6744,0.6748,10,52,10,588407,88037,88662,37594,0.6972896337599798,0.2992414292650699
6745,0.6749,17,52,17,588459,87985,88679,37577,0.6968777721454822,0.29927047992226946
6746,0.675,20,93,20,588552,87892,88699,37557,0.6961411734887847,0.29938062479573374
6747,0.6751,14,46,14,588598,87846,88713,37543,0.6957768343682676,0.29941222914290727
6748,0.6752,15,47,15,588645,87799,88728,37528,0.6954045748320872,0.2994406632250034
6749,0.6753,13,37,13,588682,87762,88741,37515,0.6951115194525409,0.29945640460739004
6750,0.6754,12,54,12,588736,87708,88753,37503,0.6946838170067166,0.2995184129189927
6751,0.6755,19,43,19,588779,87665,88772,37484,0.6943432391331897,0.2995149781460499
6752,0.6756,29,89,29,588868,87576,88801,37455,0.6936383221391459,0.29956570770448926
6753,0.6757,18,41,18,588909,87535,88819,37437,0.6933135850969459,0.2995631021348782
6754,0.6758,33,135,33,589044,87400,88852,37404,0.692244328982385,0.29970193263036443
6755,0.6759,33,78,33,589122,87322,88885,37371,0.6916265365606387,0.2997040732037885
6756,0.676,21,61,21,589183,87261,88906,37350,0.6911433912051704,0.2997327683751836
6757,0.6761,24,103,24,589286,87158,88930,37326,0.6903275883918388,0.2998457633109476
6758,0.6762,13,37,13,589323,87121,88943,37313,0.6900345330122925,0.2998617741131845
6759,0.6763,18,68,18,589391,87053,88961,37295,0.6894959447471803,0.2999244057001319
6760,0.6764,26,75,26,589466,86978,88987,37269,0.6889019135724243,0.29995895273125306
6761,0.6765,26,104,26,589570,86874,89013,37243,0.6880781903434292,0.3000636496209222
6762,0.6766,26,51,26,589621,86823,89039,37217,0.6876742491445951,0.3000403095775556
6763,0.6767,18,41,18,589662,86782,89057,37199,0.6873495121023951,0.3000379090344488
6764,0.6768,6,34,6,589696,86748,89063,37193,0.6870802179698391,0.30008633139961755
6765,0.6769,11,62,11,589758,86686,89074,37182,0.6865891521987074,0.30017437917783446
6766,0.677,12,36,12,589794,86650,89086,37170,0.6863040172348245,0.30019382975286707
6767,0.6771,15,44,15,589838,86606,89101,37155,0.6859555189456342,0.300215738399011
6768,0.6772,22,51,22,589889,86555,89123,37133,0.6855515777468002,0.30021505724079944
6769,0.6773,22,109,22,589998,86446,89145,37111,0.684688252439488,0.3003553016016899
6770,0.6774,39,113,39,590111,86333,89184,37072,0.6837932454695222,0.30040922166848993
6771,0.6775,31,83,31,590194,86250,89215,37041,0.6831358509694588,0.30043555490668417
6772,0.6776,12,46,12,590240,86204,89227,37029,0.6827715118489418,0.30047957933345776
6773,0.6777,25,89,25,590329,86115,89252,37004,0.682066594854898,0.3005547478455803
6774,0.6778,9,49,9,590378,86066,89261,36995,0.6816784944873907,0.300623268135315
6775,0.6779,36,100,36,590478,85966,89297,36959,0.6808864529210493,0.30066300589790523
6776,0.678,18,79,18,590557,85887,89315,36941,0.6802607400836396,0.3007538997622692
6777,0.6781,19,66,19,590623,85821,89334,36922,0.6797379926498542,0.3008073780174837
6778,0.6782,37,88,37,590711,85733,89371,36885,0.6790409960714738,0.3008122787845178
6779,0.6783,21,44,21,590755,85689,89392,36864,0.6786924977822836,0.3008004700007344
6780,0.6784,28,87,28,590842,85602,89420,36836,0.6780034216195666,0.3008543099364576
6781,0.6785,16,65,16,590907,85537,89436,36820,0.6774885946014447,0.300922709775493
6782,0.6786,12,44,12,590951,85493,89448,36808,0.6771400963122545,0.3009623797025372
6783,0.6787,28,123,28,591074,85370,89476,36780,0.6761658851856546,0.30110519852640194
6784,0.6788,32,103,32,591177,85267,89508,36748,0.6753500823723229,0.30117608490759334
6785,0.6789,44,88,44,591265,85179,89552,36704,0.6746530857939425,0.30114125841996014
6786,0.679,11,59,11,591324,85120,89563,36693,0.674185781269801,0.3012240072898623
6787,0.6791,27,67,27,591391,85053,89590,36666,0.6736551134203523,0.3012348113277303
6788,0.6792,15,54,15,591445,84999,89605,36651,0.673227410974528,0.30128236744759557
6789,0.6793,22,58,22,591503,84941,89627,36629,0.67276802686605,0.3012996627457432
6790,0.6794,16,64,16,591567,84877,89643,36613,0.6722611202635914,0.3013663676022718
6791,0.6795,13,29,13,591596,84848,89656,36600,0.6720314282093525,0.3013635465384362
6792,0.6796,17,74,17,591670,84774,89673,36583,0.6714453174502598,0.3014494425537876
6793,0.6797,26,90,26,591760,84684,89699,36557,0.6707324800405525,0.3015234120470798
6794,0.6798,18,65,18,591825,84619,89717,36539,0.6702176530224306,0.3015814060978227
6795,0.6799,35,83,35,591908,84536,89752,36504,0.6695602585223672,0.3015862524785195
6796,0.68,23,69,23,591977,84467,89775,36481,0.6690137498415917,0.30162549194695243
6797,0.6801,25,94,25,592071,84373,89800,36456,0.6682692307692307,0.3017156477335739
6798,0.6802,11,55,11,592126,84318,89811,36445,0.667833607907743,0.30178945537954505
6799,0.6803,19,43,19,592169,84275,89830,36426,0.6674930300342162,0.3017870605877333
6800,0.6804,13,57,13,592226,84218,89843,36413,0.6670415663414015,0.3018544155316627
6801,0.6805,24,103,24,592329,84115,89867,36389,0.66622576352807,0.301973378477063
6802,0.6806,25,84,25,592413,84031,89892,36364,0.6655604486123432,0.30203912122596455
6803,0.6807,14,51,14,592464,83980,89906,36350,0.6651565074135091,0.30208593035818165
6804,0.6808,21,62,21,592526,83918,89927,36329,0.6646654416423774,0.30211980340465877
6805,0.6809,7,23,7,592549,83895,89934,36322,0.6644832720821189,0.30213696898109255
6806,0.681,43,121,43,592670,83774,89977,36279,0.6635249017868458,0.30219153207333427
6807,0.6811,16,35,16,592705,83739,89993,36263,0.6632476872386263,0.3021866302228296
6808,0.6812,7,38,7,592743,83701,90000,36256,0.6629467114434165,0.3022416365864435
6809,0.6813,40,102,40,592845,83599,90040,36216,0.6621388290457483,0.3022659934065017
6810,0.6814,37,110,37,592955,83489,90077,36179,0.6612675833227728,0.302328107764816
6811,0.6815,12,56,12,593011,83433,90089,36167,0.6608240400456216,0.30239966555183945
6812,0.6816,21,86,21,593097,83347,90110,36146,0.6601428842985679,0.30249470680290896
6813,0.6817,23,66,23,593163,83281,90133,36123,0.6596201368647827,0.30252755351579513
6814,0.6818,14,42,14,593205,83239,90147,36109,0.6592874794069192,0.3025522002882327
6815,0.6819,23,68,23,593273,83171,90170,36086,0.6587488911418071,0.3025902043485917
6816,0.682,9,51,9,593324,83120,90179,36077,0.658344949942973,0.3026670134315461
6817,0.6821,16,82,16,593406,83038,90195,36061,0.657695475858573,0.30278171940990267
6818,0.6822,23,85,23,593491,82953,90218,36038,0.6570222405271828,0.30286324175778
6819,0.6823,20,72,20,593563,82881,90238,36018,0.6564519705994171,0.3029293770342896
6820,0.6824,32,90,32,593653,82791,90270,35986,0.6557391331897098,0.30297111393619974
6821,0.6825,25,113,25,593766,82678,90295,35961,0.654844126219744,0.3031128043897875
6822,0.6826,26,81,26,593847,82597,90321,35935,0.6542025725510074,0.3031670772449634
6823,0.6827,22,63,22,593910,82534,90343,35913,0.6537035863642124,0.303198899085667
6824,0.6828,10,45,10,593955,82489,90353,35903,0.6533471676593587,0.303255287519427
6825,0.6829,18,59,18,594014,82430,90371,35885,0.6528798631352173,0.3033005113468284
6826,0.683,14,83,14,594097,82347,90385,35871,0.652222468635154,0.3034309496015835
6827,0.6831,22,71,22,594168,82276,90407,35849,0.6516601191230516,0.3034835978835979
6828,0.6832,9,25,9,594193,82251,90416,35840,0.6514621087314663,0.3034947625136547
6829,0.6833,11,71,11,594264,82180,90427,35829,0.6508997592193638,0.3036124363396012
6830,0.6834,25,72,25,594336,82108,90452,35804,0.6503294892915981,0.30365017979510145
6831,0.6835,20,66,20,594402,82042,90472,35784,0.6498067418578127,0.30370206915281855
6832,0.6836,29,80,29,594482,81962,90501,35755,0.6491731086047395,0.30373692839606853
6833,0.6837,10,32,10,594514,81930,90511,35745,0.6489196553035104,0.3037603569152326
6834,0.6838,25,90,25,594604,81840,90536,35720,0.6482068178938031,0.30384484518543725
6835,0.6839,15,52,15,594656,81788,90551,35705,0.6477949562793055,0.3038904445371214
6836,0.684,17,60,17,594716,81728,90568,35688,0.6473197313395007,0.30394494787763165
6837,0.6841,12,57,12,594773,81671,90580,35676,0.6468682676466861,0.30402140659752697
6838,0.6842,14,43,14,594816,81628,90594,35662,0.6465276897731593,0.3040497911160372
6839,0.6843,23,75,23,594891,81553,90617,35639,0.6459336585984032,0.30410778892757184
6840,0.6844,15,42,15,594933,81511,90632,35624,0.6456010011405399,0.30412771588338244
6841,0.6845,6,28,6,594961,81483,90638,35618,0.6453792295019642,0.30416478083022347
6842,0.6846,26,100,26,595061,81383,90664,35592,0.6445871879356229,0.30427014319298995
6843,0.6847,20,43,20,595104,81340,90684,35572,0.644246610062096,0.30426303544546324
6844,0.6848,23,76,23,595180,81264,90707,35549,0.6436446584716766,0.30432400503368634
6845,0.6849,24,73,24,595253,81191,90731,35525,0.6430664681282474,0.3043712944240721
6846,0.685,22,57,22,595310,81134,90753,35503,0.6426150044354327,0.30438883030256264
6847,0.6851,28,95,28,595405,81039,90781,35475,0.6418625649474085,0.3044698491168443
6848,0.6852,24,83,24,595488,80956,90805,35451,0.641205170447345,0.3045435411959762
6849,0.6853,25,75,25,595563,80881,90830,35426,0.6406111392725891,0.3045904373769421
6850,0.6854,17,51,17,595614,80830,90847,35409,0.6402071980737549,0.3046223728696909
6851,0.6855,22,53,22,595667,80777,90869,35387,0.639787416043594,0.3046296615130333
6852,0.6856,22,73,22,595740,80704,90891,35365,0.6392092257001647,0.304689451963918
6853,0.6857,15,62,15,595802,80642,90906,35350,0.638718159929033,0.3047623974067177
6854,0.6858,31,75,31,595877,80567,90937,35319,0.638124128754277,0.3047736568696823
6855,0.6859,10,60,10,595937,80507,90947,35309,0.6376489038144721,0.30487152034261245
6856,0.686,11,44,11,595981,80463,90958,35298,0.637300405525282,0.3049213465674968
6857,0.6861,10,52,10,596033,80411,90968,35288,0.6368885439107844,0.3049983145921745
6858,0.6862,27,58,27,596091,80353,90995,35261,0.6364291598023064,0.30498901517117305
6859,0.6863,15,62,15,596153,80291,91010,35246,0.6359380940311747,0.30506244752763184
6860,0.6864,26,101,26,596254,80190,91036,35220,0.6351381320491699,0.3051728619703665
6861,0.6865,27,78,27,596332,80112,91063,35193,0.6345203396274236,0.305216599453623
6862,0.6866,38,95,38,596427,80017,91101,35155,0.6337679001393993,0.305239120619595
6863,0.6867,8,66,8,596493,79951,91109,35147,0.633245152705614,0.3053658621348764
6864,0.6868,10,42,10,596535,79909,91119,35137,0.6329124952477506,0.30541696364932286
6865,0.6869,19,60,19,596595,79849,91138,35118,0.6324372703079457,0.30546156723233625
6866,0.687,21,60,21,596655,79789,91159,35097,0.6319620453681409,0.30549414201904496
6867,0.6871,20,74,20,596729,79715,91179,35077,0.6313759346090483,0.3055700745696564
6868,0.6872,28,67,28,596796,79648,91207,35049,0.6308452667595995,0.3055790474031579
6869,0.6873,33,105,33,596901,79543,91240,35016,0.630013623114941,0.30565909269459407
6870,0.6874,10,57,10,596958,79486,91250,35006,0.6295621594221265,0.3057506201306642
6871,0.6875,22,74,22,597032,79412,91272,34984,0.6289760486630338,0.30581488863246964
6872,0.6876,18,60,18,597092,79352,91290,34966,0.628500823723229,0.30586609282877586
6873,0.6877,32,70,32,597162,79282,91322,34934,0.62794639462679,0.30585907403516144
6874,0.6878,10,57,10,597219,79225,91332,34924,0.6274949309339755,0.30595099387642466
6875,0.6879,15,37,15,597256,79188,91347,34909,0.6272018755544291,0.3059589647405278
6876,0.688,11,51,11,597307,79137,91358,34898,0.6267979343555949,0.30602885079142367
6877,0.6881,17,87,17,597394,79050,91375,34881,0.626108858192878,0.3061589909682176
6878,0.6882,9,34,9,597428,79016,91384,34872,0.6258395640603219,0.3061955605507165
6879,0.6883,24,75,24,597503,78941,91408,34848,0.6252455328855658,0.30625104359823885
6880,0.6884,15,47,15,597550,78894,91423,34833,0.6248732733493854,0.30628610620169355
6881,0.6885,20,74,20,597624,78820,91443,34813,0.6242871625902927,0.3063634683586634
6882,0.6886,14,48,14,597672,78772,91457,34799,0.6239069826384489,0.3064074455626877
6883,0.6887,18,39,18,597711,78733,91475,34781,0.6235980864275757,0.30640273446447136
6884,0.6888,11,52,11,597763,78681,91486,34770,0.6231862248130782,0.30647592352645636
6885,0.6889,28,83,28,597846,78598,91514,34742,0.6225288303130149,0.30652902770425267
6886,0.689,26,56,26,597902,78542,91540,34716,0.6220852870358636,0.3065213936322379
6887,0.6891,33,95,33,597997,78447,91573,34683,0.6213328475478394,0.3065765049058605
6888,0.6892,17,56,17,598053,78391,91590,34666,0.6208893042706881,0.3066240922720398
6889,0.6893,41,86,41,598139,78305,91631,34625,0.6202081485236345,0.3066058620384309
6890,0.6894,17,67,17,598206,78238,91648,34608,0.6196774806741858,0.30668344469453945
6891,0.6895,36,100,36,598306,78138,91684,34572,0.6188854391078443,0.30673409635347354
6892,0.6896,30,94,30,598400,78044,91714,34542,0.6181409200354835,0.30680546426731564
6893,0.6897,20,92,20,598492,77952,91734,34522,0.6174122417944494,0.30693315788537795
6894,0.6898,19,65,19,598557,77887,91753,34503,0.6168974147763274,0.30699350476021
6895,0.6899,5,27,5,598584,77860,91758,34498,0.6166835635534152,0.307036437102832
6896,0.69,9,32,9,598616,77828,91767,34489,0.6164301102521861,0.3070683867980804
6897,0.6901,19,40,19,598656,77788,91786,34470,0.6161132936256495,0.3070605212991502
6898,0.6902,21,102,21,598758,77686,91807,34449,0.6153054112279812,0.3072100593035181
6899,0.6903,19,50,19,598808,77636,91826,34430,0.6149093904448105,0.3072296682312209
6900,0.6904,20,51,20,598859,77585,91846,34410,0.6145054492459764,0.3072458591901424
6901,0.6905,24,91,24,598950,77494,91870,34386,0.6137846914206058,0.307347157668931
6902,0.6906,28,59,28,599009,77435,91898,34358,0.6133173868964643,0.30733587970624276
6903,0.6907,18,64,18,599073,77371,91916,34340,0.6128104802940059,0.30740034553445944
6904,0.6908,28,66,28,599139,77305,91944,34312,0.6122877328602205,0.30740836969278873
6905,0.6909,20,41,20,599180,77264,91964,34292,0.6119629958180205,0.3073971816845351
6906,0.691,34,130,34,599310,77134,91998,34258,0.6109333417817767,0.3075445274346452
6907,0.6911,13,65,13,599375,77069,92011,34245,0.6104185147636548,0.30764324343748317
6908,0.6912,12,40,12,599415,77029,92023,34233,0.6101016981371182,0.307679171684852
6909,0.6913,12,32,12,599447,76997,92035,34221,0.609848244835889,0.30769299933464006
6910,0.6914,12,48,12,599495,76949,92047,34209,0.6094680648840451,0.30775112902355206
6911,0.6915,6,47,6,599542,76902,92053,34203,0.6090958053478647,0.3078439314162279
6912,0.6916,18,37,18,599579,76865,92071,34185,0.6088027499683183,0.30783430886987845
6913,0.6917,22,57,22,599636,76808,92093,34163,0.6083512862755037,0.3078552054140271
6914,0.6918,23,82,23,599718,76726,92116,34140,0.6077018121911038,0.30793931412696407
6915,0.6919,14,29,14,599747,76697,92130,34126,0.6074721201368648,0.3079324688918365
6916,0.692,12,47,12,599794,76650,92142,34114,0.6070998606006843,0.30798815499620813
6917,0.6921,31,68,31,599862,76582,92173,34083,0.6065612723355722,0.3079835539691863
6918,0.6922,19,72,19,599934,76510,92192,34064,0.6059910024078063,0.30806518711451153
6919,0.6923,28,64,28,599998,76446,92220,34036,0.6054840958053479,0.30806828261617275
6920,0.6924,24,68,24,600066,76378,92244,34012,0.6049455075402357,0.3081076184436996
6921,0.6925,41,110,41,600176,76268,92285,33971,0.6040742618172602,0.30815773002295016
6922,0.6926,24,79,24,600255,76189,92309,33947,0.6034485489798505,0.30822800900704583
6923,0.6927,29,69,29,600324,76120,92338,33918,0.6029020402990749,0.30823897199149386
6924,0.6928,10,49,10,600373,76071,92348,33908,0.6025139399315677,0.3083134052864638
6925,0.6929,25,89,25,600462,75982,92373,33883,0.6018090229375238,0.3084057707186092
6926,0.693,17,62,17,600524,75920,92390,33866,0.6013179571663921,0.308472847175414
6927,0.6931,8,34,8,600558,75886,92398,33858,0.601048663033836,0.30851800554016623
6928,0.6932,9,38,9,600596,75848,92407,33849,0.6007476872386263,0.30856814680437933
6929,0.6933,23,52,23,600648,75796,92430,33826,0.6003358256241288,0.30856944773859263
6930,0.6934,16,49,16,600697,75747,92446,33810,0.5999477252566214,0.3086064788192448
6931,0.6935,30,84,30,600781,75663,92476,33780,0.5992824103408947,0.30865381979660644
6932,0.6936,20,51,20,600832,75612,92496,33760,0.5988784691420606,0.3086713235563033
6933,0.6937,20,75,20,600907,75537,92516,33740,0.5982844379673046,0.3087566459547755
6934,0.6938,16,67,16,600974,75470,92532,33724,0.5977537701178558,0.30884480832280164
6935,0.6939,16,31,16,601005,75439,92548,33708,0.59750823723229,0.3088312092865585
6936,0.694,11,43,11,601048,75396,92559,33697,0.5971676593587631,0.3088832464044439
6937,0.6941,17,62,17,601110,75334,92576,33680,0.5966765935876315,0.3089511438897756
6938,0.6942,30,63,30,601173,75271,92606,33650,0.5961776074008364,0.308939506614886
6939,0.6943,24,66,24,601239,75205,92630,33626,0.595654859967051,0.30897446499618675
6940,0.6944,31,100,31,601339,75105,92661,33595,0.5948628184007096,0.3090616375344986
6941,0.6945,14,54,14,601393,75051,92675,33581,0.5944351159548853,0.30912622431696
6942,0.6946,19,40,19,601433,75011,92694,33562,0.5941182993283487,0.3091192101166957
6943,0.6947,11,44,11,601477,74967,92705,33551,0.5937698010391586,0.3091745148270333
6944,0.6948,14,54,14,601531,74913,92719,33537,0.5933420985933342,0.3092392807745505
6945,0.6949,27,93,27,601624,74820,92746,33510,0.5926054999366367,0.3093325948490723
6946,0.695,20,67,20,601691,74753,92766,33490,0.5920748320871879,0.30939645057879034
6947,0.6951,21,61,21,601752,74692,92787,33469,0.5915916867317197,0.3094368580172151
6948,0.6952,21,60,21,601812,74632,92808,33448,0.5911164617919148,0.30947446336047374
6949,0.6953,17,37,17,601849,74595,92825,33431,0.5908234064123685,0.3094717938274119
6950,0.6954,4,29,4,601878,74566,92829,33427,0.5905937143581295,0.30952932134490196
6951,0.6955,10,45,10,601923,74521,92839,33417,0.5902372956532759,0.3095943967833386
6952,0.6956,20,54,20,601977,74467,92859,33397,0.5898095932074515,0.3096213750648965
6953,0.6957,17,66,17,602043,74401,92876,33380,0.5892868457736662,0.309702081071803
6954,0.6958,18,61,18,602104,74340,92894,33362,0.588803700418198,0.30976212140907317
6955,0.6959,19,46,19,602150,74294,92913,33343,0.5884393612976809,0.30977266181703317
6956,0.696,23,53,23,602203,74241,92936,33320,0.5880195792675199,0.30977770753339967
6957,0.6961,24,105,24,602308,74136,92960,33296,0.5871879356228615,0.3099262789485442
6958,0.6962,32,58,32,602366,74078,92992,33264,0.5867285515143835,0.3098880214641054
6959,0.6963,29,67,29,602433,74011,93021,33235,0.5861978836649347,0.30989500773921635
6960,0.6964,20,73,20,602506,73938,93041,33215,0.5856196933215055,0.30997732214683676
6961,0.6965,25,84,25,602590,73854,93066,33190,0.5849543784057787,0.310059414820074
6962,0.6966,18,50,18,602640,73804,93084,33172,0.584558357622608,0.3100882440921328
6963,0.6967,22,77,22,602717,73727,93106,33150,0.5839484856165251,0.3101696342524584
6964,0.6968,14,73,14,602790,73654,93120,33136,0.5833702952730959,0.3102912257702032
6965,0.6969,30,75,30,602865,73579,93150,33106,0.5827762640983399,0.3103154145381263
6966,0.697,12,40,12,602905,73539,93162,33094,0.5824594474718033,0.3103542055461255
6967,0.6971,22,53,22,602958,73486,93184,33072,0.5820396654416424,0.3103661855515306
6968,0.6972,23,52,23,603010,73434,93207,33049,0.5816278038271449,0.31036879126245503
6969,0.6973,20,70,20,603080,73364,93227,33029,0.5810733747307059,0.31044335623584257
6970,0.6974,19,42,19,603122,73322,93246,33010,0.5807407172728425,0.3104427641725915
6971,0.6975,18,46,18,603168,73276,93264,32992,0.5803763781523255,0.31046034554146124
6972,0.6976,12,74,12,603242,73202,93276,32980,0.5797902673932328,0.3105987832212616
6973,0.6977,13,37,13,603279,73165,93289,32967,0.5794972120136864,0.31062262088719705
6974,0.6978,18,49,18,603328,73116,93307,32949,0.5791091116461792,0.3106491302503182
6975,0.6979,10,30,10,603358,73086,93317,32939,0.5788714991762768,0.31067201131808536
6976,0.698,10,56,10,603414,73030,93327,32929,0.5784279558991255,0.31077114733057126
6977,0.6981,25,73,25,603487,72957,93352,32904,0.5778497655556963,0.31082268257431916
6978,0.6982,39,63,39,603550,72894,93391,32865,0.5773507793689013,0.31075369472101666
6979,0.6983,37,100,37,603650,72794,93428,32828,0.5765587378025598,0.3108064607752173
6980,0.6984,17,43,17,603693,72751,93445,32811,0.576218159929033,0.31082207612587864
6981,0.6985,19,50,19,603743,72701,93464,32792,0.5758221391458623,0.31084526935436474
6982,0.6986,33,88,33,603831,72613,93497,32759,0.5751251425674819,0.3108890407318832
6983,0.6987,24,89,24,603920,72524,93521,32735,0.5744202255734381,0.3109947842939796
6984,0.6988,22,55,22,603975,72469,93543,32713,0.5739846027119503,0.31101329124755184
6985,0.6989,13,52,13,604027,72417,93556,32700,0.5735727410974528,0.31108193726989924
6986,0.699,30,74,30,604101,72343,93586,32670,0.5729866303383602,0.3111043394627332
6987,0.6991,13,45,13,604146,72298,93599,32657,0.5726302116335066,0.3111523986470392
6988,0.6992,16,38,16,604184,72260,93615,32641,0.5723292358382968,0.3111600461387403
6989,0.6993,9,48,9,604232,72212,93624,32632,0.571949055886453,0.31124337110373507
6990,0.6994,20,62,20,604294,72150,93644,32612,0.5714579901153213,0.3112960806399267
6991,0.6995,17,43,17,604337,72107,93661,32595,0.5711174122417945,0.31131210483085325
6992,0.6996,18,32,18,604369,72075,93679,32577,0.5708639589405652,0.31128884302258913
6993,0.6997,21,62,21,604431,72013,93700,32556,0.5703728931694335,0.3113350993124157
6994,0.6998,15,54,15,604485,71959,93715,32541,0.5699451907236092,0.3113971291866029
6995,0.6999,17,49,17,604534,71910,93732,32524,0.5695570903561019,0.3114311431143114
6996,0.7,21,78,21,604612,71832,93753,32503,0.5689392979343556,0.3115253749940097
6997,0.7001,10,50,10,604662,71782,93763,32493,0.5685432771511849,0.31160872692399905
6998,0.7002,20,65,20,604727,71717,93783,32473,0.568028450133063,0.3116709856992034
6999,0.7003,29,60,29,604787,71657,93812,32444,0.5675532251932581,0.3116588697514913
7000,0.7004,19,54,19,604841,71603,93831,32425,0.5671255227474338,0.3116949282885377
7001,0.7005,30,90,30,604931,71513,93861,32395,0.5664126853377265,0.31176617777264504
7002,0.7006,8,45,8,604976,71468,93869,32387,0.5660562666328729,0.311848249963892
7003,0.7007,18,58,18,605034,71410,93887,32369,0.5655968825243949,0.3119031788704844
7004,0.7008,16,49,16,605083,71361,93903,32353,0.5652087821568876,0.3119443855217232
7005,0.7009,1,12,1,605095,71349,93904,32352,0.5651137371689267,0.3119738478896057
7006,0.701,25,70,25,605165,71279,93929,32327,0.5645593080724877,0.31201860896087097
7007,0.7011,11,41,11,605206,71238,93940,32316,0.5642345710302876,0.31206906541514573
7008,0.7012,9,46,9,605252,71192,93949,32307,0.5638702319097706,0.3121479434583909
7009,0.7013,19,51,19,605303,71141,93968,32288,0.5634662907109365,0.31217550203521255
7010,0.7014,17,52,17,605355,71089,93985,32271,0.563054429096439,0.31221942724458207
7011,0.7015,19,66,19,605421,71023,94004,32252,0.5625316816626537,0.3122924231420963
7012,0.7016,11,49,11,605470,70974,94015,32241,0.5621435812951464,0.3123673884609795
7013,0.7017,18,44,18,605514,70930,94033,32223,0.5617950830059562,0.3123806384690702
7014,0.7018,36,141,36,605655,70789,94069,32187,0.5606783043974147,0.3125679770043505
7015,0.7019,16,32,16,605687,70757,94085,32171,0.5604248510961856,0.31255829317581224
7016,0.702,15,42,15,605729,70715,94100,32156,0.5600921936383222,0.3125856655422811
7017,0.7021,19,53,19,605782,70662,94119,32137,0.5596724116081612,0.31261977256588097
7018,0.7022,16,63,16,605845,70599,94135,32121,0.5591734254213662,0.31270443925233643
7019,0.7023,21,49,21,605894,70550,94156,32100,0.5587853250538588,0.3127131027764247
7020,0.7024,8,51,8,605945,70499,94164,32092,0.5583813838550247,0.3128149642756187
7021,0.7025,15,79,15,606024,70420,94179,32077,0.557755671017615,0.31295550113661863
7022,0.7026,20,54,20,606078,70366,94199,32057,0.5573279685717907,0.31298634095857375
7023,0.7027,25,55,25,606133,70311,94224,32032,0.5568923457103029,0.31298672112406317
7024,0.7028,19,55,19,606188,70256,94243,32013,0.5564567228488151,0.3130274081099845
7025,0.7029,17,37,17,606225,70219,94260,31996,0.5561636674692688,0.3130264638262486
7026,0.703,22,66,22,606291,70153,94282,31974,0.5556409200354835,0.3130807719799857
7027,0.7031,15,53,15,606344,70100,94297,31959,0.5552211380053225,0.31314239802467203
7028,0.7032,26,77,26,606421,70023,94323,31933,0.5546112659992396,0.31320373494448583
7029,0.7033,12,60,12,606481,69963,94335,31921,0.5541360410594348,0.3133072906442621
7030,0.7034,18,43,18,606524,69920,94353,31903,0.553795463185908,0.31331820904903607
7031,0.7035,20,61,20,606585,69859,94373,31883,0.5533123178304398,0.3133710758585442
7032,0.7036,14,87,14,606672,69772,94387,31869,0.5526232416677227,0.3135447309648665
7033,0.7037,9,35,9,606707,69737,94396,31860,0.5523460271195032,0.31359193676978653
7034,0.7038,36,80,36,606787,69657,94432,31824,0.5517123938664301,0.3135956484465072
7035,0.7039,15,53,15,606840,69604,94447,31809,0.5512926118362692,0.3136580122863933
7036,0.704,15,57,15,606897,69547,94462,31794,0.5508411481434545,0.31373284258098894
7037,0.7041,14,38,14,606935,69509,94476,31780,0.5505401723482448,0.313755689166642
7038,0.7042,10,50,10,606985,69459,94486,31770,0.5501441515650741,0.3138428711140088
7039,0.7043,18,64,18,607049,69395,94504,31752,0.5496372449626157,0.31391934511157027
7040,0.7044,29,81,29,607130,69314,94533,31723,0.5489956912938792,0.3139740887001791
7041,0.7045,17,54,17,607184,69260,94550,31706,0.5485679888480548,0.314026503971634
7042,0.7046,13,46,13,607230,69214,94563,31693,0.5482036497275377,0.31408128276531855
7043,0.7047,17,47,17,607277,69167,94580,31676,0.5478313901913573,0.31411203554039446
7044,0.7048,21,70,21,607347,69097,94601,31655,0.5472769610949183,0.3141873114181356
7045,0.7049,16,67,16,607414,69030,94617,31639,0.5467462932454695,0.314287417179072
7046,0.705,23,72,23,607486,68958,94640,31616,0.5461760233177038,0.31435559886252906
7047,0.7051,16,83,16,607569,68875,94656,31600,0.5455186288176403,0.314506096043792
7048,0.7052,17,39,17,607608,68836,94673,31583,0.5452097326067672,0.31451219390752744
7049,0.7053,13,64,13,607672,68772,94686,31570,0.5447028260043087,0.31462398596798946
7050,0.7054,22,77,22,607749,68695,94708,31548,0.5440929539982259,0.31471524196203227
7051,0.7055,17,88,17,607837,68607,94725,31531,0.5433959574198454,0.31487547184884856
7052,0.7056,24,67,24,607904,68540,94749,31507,0.5428652895703967,0.31492198666626686
7053,0.7057,16,77,16,607981,68463,94765,31491,0.5422554175643137,0.3150549252656222
7054,0.7058,6,25,6,608006,68438,94771,31485,0.5420574071727284,0.3150926213184152
7055,0.7059,30,70,30,608076,68368,94801,31455,0.5415029780762894,0.31510774070104086
7056,0.706,8,61,8,608137,68307,94809,31447,0.5410198327208212,0.31524550393969164
7057,0.7061,24,75,24,608212,68232,94833,31423,0.5404258015460651,0.3153178465706688
7058,0.7062,18,72,18,608284,68160,94851,31405,0.5398555316182994,0.31542208607442374
7059,0.7063,35,77,35,608361,68083,94886,31370,0.5392456596122165,0.315425376811157
7060,0.7064,27,31,27,608392,68052,94913,31343,0.5390001267266507,0.31533779365159215
7061,0.7065,29,60,29,608452,67992,94942,31314,0.5385249017868458,0.3153283789499124
7062,0.7066,12,52,12,608504,67940,94954,31302,0.5381130401723483,0.3154108139698918
7063,0.7067,21,64,21,608568,67876,94975,31281,0.5376061335698897,0.31546940710186877
7064,0.7068,16,56,16,608624,67820,94991,31265,0.5371625902927386,0.31553716506030177
7065,0.7069,20,61,20,608685,67759,95011,31245,0.5366794449372703,0.3155933093612379
7066,0.707,13,51,13,608736,67708,95024,31232,0.5362755037384362,0.3156660602385284
7067,0.7071,19,72,19,608808,67636,95043,31213,0.5357052338106704,0.3157644488057542
7068,0.7072,22,73,22,608881,67563,95065,31191,0.5351270434672412,0.3158454341089981
7069,0.7073,18,72,18,608953,67491,95083,31173,0.5345567735394754,0.31595110678666993
7070,0.7074,37,108,37,609061,67383,95120,31136,0.5337013686478267,0.31604056070402664
7071,0.7075,16,48,16,609109,67335,95136,31120,0.5333211886959828,0.31608348991925245
7072,0.7076,17,26,17,609135,67309,95153,31103,0.533115257888734,0.3160488558305898
7073,0.7077,13,50,13,609185,67259,95166,31090,0.5327192371055633,0.3161191267831905
7074,0.7078,5,39,5,609224,67220,95171,31085,0.5324103408946902,0.31620975535323737
7075,0.7079,26,57,26,609281,67163,95197,31059,0.5319588772018755,0.3162122538738775
7076,0.708,12,41,12,609322,67122,95209,31047,0.5316341401596756,0.3162607340402775
7077,0.7081,19,52,19,609374,67070,95228,31028,0.531222278545178,0.3162959489490102
7078,0.7082,25,62,25,609436,67008,95253,31003,0.5307312127740463,0.3163216373672343
7079,0.7083,3,40,3,609476,66968,95256,31000,0.5304143961475098,0.31642985464641515
7080,0.7084,12,41,12,609517,66927,95268,30988,0.5300896591053098,0.31647857835878057
7081,0.7085,19,73,19,609590,66854,95287,30969,0.5295114687618806,0.31658198992057085
7082,0.7086,23,64,23,609654,66790,95310,30946,0.5290045621594222,0.31662846852746174
7083,0.7087,13,33,13,609687,66757,95323,30933,0.5287431884425294,0.316644487665063
7084,0.7088,25,78,25,609765,66679,95348,30908,0.5281253960207831,0.31672251426931863
7085,0.7089,27,80,27,609845,66599,95375,30881,0.52749176276771,0.31679318834632747
7086,0.709,16,45,16,609890,66554,95391,30865,0.5271353440628564,0.3168273129471664
7087,0.7091,20,62,20,609952,66492,95411,30845,0.5266442782917248,0.31688874734170974
7088,0.7092,27,83,27,610035,66409,95438,30818,0.5259868837916614,0.31696956606703897
7089,0.7093,11,54,11,610089,66355,95449,30807,0.525559181345837,0.31706840122681706
7090,0.7094,8,41,8,610130,66314,95457,30799,0.5252344443036371,0.31714600516923586
7091,0.7095,9,25,9,610155,66289,95466,30790,0.5250364339120517,0.31716437128524194
7092,0.7096,29,63,29,610218,66226,95495,30761,0.5245374477252566,0.3171662181529483
7093,0.7097,15,45,15,610263,66181,95510,30746,0.524181029020403,0.3172077955574814
7094,0.7098,14,24,14,610287,66157,95524,30732,0.523990939044481,0.31718770964712195
7095,0.7099,24,79,24,610366,66078,95548,30708,0.5233652262070714,0.3172772921703552
7096,0.71,12,63,12,610429,66015,95560,30696,0.5228662400202763,0.3173992617179018
7097,0.7101,12,50,12,610479,65965,95572,30684,0.5224702192371056,0.3174787116266076
7098,0.7102,25,68,25,610547,65897,95597,30659,0.5219316309719935,0.31752558100998385
7099,0.7103,41,98,41,610645,65799,95638,30618,0.5211554302369789,0.31755810697283676
7100,0.7104,13,40,13,610685,65759,95651,30605,0.5208386136104423,0.3175978581212901
7101,0.7105,13,26,13,610711,65733,95664,30592,0.5206326828031935,0.3175914871528679
7102,0.7106,12,42,12,610753,65691,95676,30580,0.5203000253453302,0.3176449813547174
7103,0.7107,22,53,22,610806,65638,95698,30558,0.5198802433151691,0.31766393613040045
7104,0.7108,18,49,18,610855,65589,95716,30540,0.5194921429476619,0.3176980931872796
7105,0.7109,12,40,12,610895,65549,95728,30528,0.5191753263211253,0.3177451419174204
7106,0.711,20,62,20,610957,65487,95748,30508,0.5186842605499936,0.3178082191780822
7107,0.7111,13,54,13,611011,65433,95761,30495,0.5182565581041693,0.3178946710032524
7108,0.7112,20,85,20,611096,65348,95781,30475,0.5175833227727791,0.31803429239326675
7109,0.7113,8,61,8,611157,65287,95789,30467,0.5171001774173108,0.31817991937673623
7110,0.7114,11,32,11,611189,65255,95800,30456,0.5168467241160816,0.3182079384814703
7111,0.7115,18,62,18,611251,65193,95818,30438,0.5163556583449499,0.31828591147222135
7112,0.7116,8,45,8,611296,65148,95826,30430,0.5159992396400963,0.31837870639686955
7113,0.7117,8,23,8,611319,65125,95834,30422,0.5158170700798378,0.31839827519440694
7114,0.7118,11,35,11,611354,65090,95845,30411,0.5155398555316183,0.31843645616276267
7115,0.7119,26,79,26,611433,65011,95871,30385,0.5149141426942085,0.31851440311962764
7116,0.712,18,59,18,611492,64952,95889,30367,0.5144468381700672,0.31858286385715334
7117,0.7121,32,115,32,611607,64837,95921,30335,0.5135359903687745,0.31873870466103477
7118,0.7122,15,61,15,611668,64776,95936,30320,0.5130528450133063,0.31883570286868007
7119,0.7123,18,82,18,611750,64694,95954,30302,0.5124033709289063,0.31898185186744704
7120,0.7124,20,57,20,611807,64637,95974,30282,0.5119519072360917,0.3190299097124917
7121,0.7125,23,42,23,611849,64595,95997,30259,0.5116192497782284,0.3190060514053176
7122,0.7126,29,94,29,611943,64501,96026,30230,0.5108747307058674,0.3191141231487053
7123,0.7127,8,26,8,611969,64475,96034,30222,0.5106687998986187,0.3191442178738503
7124,0.7128,17,49,17,612018,64426,96051,30205,0.5102806995311114,0.3191871585421268
7125,0.7129,9,50,9,612068,64376,96060,30196,0.5098846787479407,0.3192911221080235
7126,0.713,12,40,12,612108,64336,96072,30184,0.5095678621214041,0.3193398222598392
7127,0.7131,21,87,21,612195,64249,96093,30163,0.5088787859586871,0.319482692878024
7128,0.7132,20,51,20,612246,64198,96113,30143,0.508474844759853,0.319511135137427
7129,0.7133,18,43,18,612289,64155,96131,30125,0.5081342668863262,0.3195269410267289
7130,0.7134,27,73,27,612362,64082,96158,30098,0.5075560765428969,0.31957952856232746
7131,0.7135,15,41,15,612403,64041,96173,30083,0.507231339500697,0.31961030130466195
7132,0.7136,8,30,8,612433,64011,96181,30075,0.5069937270307946,0.31965435877813914
7133,0.7137,20,61,20,612494,63950,96201,30055,0.5065105816753264,0.3197170363278549
7134,0.7138,31,78,31,612572,63872,96232,30024,0.50589278925358,0.3197580301610292
7135,0.7139,36,72,36,612644,63800,96268,29988,0.5053225193258142,0.31974239774811275
7136,0.714,12,53,12,612697,63747,96280,29976,0.5049027372956533,0.3198361128004865
7137,0.7141,11,25,11,612722,63722,96291,29965,0.504704726904068,0.31984160022201585
7138,0.7142,12,46,12,612768,63676,96303,29953,0.5043403877835508,0.3199115658610046
7139,0.7143,14,33,14,612801,63643,96317,29939,0.5040790140666582,0.3199226346947062
7140,0.7144,13,40,13,612841,63603,96330,29926,0.5037621974401216,0.31996493066321674
7141,0.7145,24,55,24,612896,63548,96354,29902,0.5033265745786338,0.3199785981808454
7142,0.7146,13,41,13,612937,63507,96367,29889,0.5030018375364339,0.3200244121803932
7143,0.7147,19,45,19,612982,63462,96386,29870,0.5026454188315803,0.32004028628980413
7144,0.7148,36,116,36,613098,63346,96422,29834,0.5017266506146243,0.3201760034342134
7145,0.7149,20,56,20,613154,63290,96442,29814,0.501283107337473,0.32022254682935214
7146,0.715,15,58,15,613212,63232,96457,29799,0.500823723228995,0.3203125839773839
7147,0.7151,18,48,18,613260,63184,96475,29781,0.5004435432771512,0.3203463669122788
7148,0.7152,25,53,25,613313,63131,96500,29756,0.5000237612469902,0.32034622713619776
7149,0.7153,5,50,5,613363,63081,96505,29751,0.4996277404638195,0.3204821613236815
7150,0.7154,23,61,23,613424,63020,96528,29728,0.4991445951083513,0.3205244317936775
7151,0.7155,20,64,20,613488,62956,96548,29708,0.4986376885058928,0.3205991539324873
7152,0.7156,14,40,14,613528,62916,96562,29694,0.49832087187935625,0.32063492063492066
7153,0.7157,21,55,21,613583,62861,96583,29673,0.49788524901786846,0.3206713208118097
7154,0.7158,7,26,7,613609,62835,96590,29666,0.49767931821061967,0.320710046377877
7155,0.7159,18,61,18,613670,62774,96608,29648,0.49719617285515144,0.3207894224318885
7156,0.716,32,79,32,613749,62695,96640,29616,0.49657046001774174,0.32082850364528603
7157,0.7161,13,44,13,613793,62651,96653,29603,0.49622196172855154,0.3208858152492033
7158,0.7162,12,32,12,613825,62619,96665,29591,0.49596850842732226,0.32090879514152476
7159,0.7163,12,58,12,613883,62561,96677,29579,0.49550912431884425,0.32102235728239636
7160,0.7164,31,112,31,613995,62449,96708,29548,0.4946220377645419,0.3211843864473842
7161,0.7165,12,23,12,614018,62426,96720,29536,0.4944398682042834,0.3211761379700311
7162,0.7166,16,64,16,614082,62362,96736,29520,0.49393296160182487,0.3212816438475436
7163,0.7167,13,66,13,614148,62296,96749,29507,0.49341021416803954,0.32141651144298117
7164,0.7168,28,81,28,614229,62215,96777,29479,0.492768660499303,0.32149322747398956
7165,0.7169,20,52,20,614281,62163,96797,29459,0.4923567988848055,0.32152758071205606
7166,0.717,21,59,21,614340,62104,96818,29438,0.49188949436066404,0.3215791658473706
7167,0.7171,13,41,13,614381,62063,96831,29425,0.49156475731846405,0.3216268800279818
7168,0.7172,13,41,13,614422,62022,96844,29412,0.4912400202762641,0.32167465056762257
7169,0.7173,25,71,25,614493,61951,96869,29387,0.4906776707641617,0.3217390352317765
7170,0.7174,45,101,45,614594,61850,96914,29342,0.48987770878215686,0.3217606807614703
7171,0.7175,20,67,20,614661,61783,96934,29322,0.48934704093270814,0.3218484166620932
7172,0.7176,13,67,13,614728,61716,96947,29309,0.4888163730832594,0.3219884647074979
7173,0.7177,13,44,13,614772,61672,96960,29296,0.48846787479406917,0.32204731334095504
7174,0.7178,16,60,16,614832,61612,96976,29280,0.4879926498542643,0.322140562425736
7175,0.7179,8,18,8,614850,61594,96984,29272,0.4878500823723229,0.32214469658618183
7176,0.718,7,49,7,614899,61545,96991,29265,0.4874619820048156,0.3222662702345557
7177,0.7181,32,67,32,614966,61478,97023,29233,0.4869313141553669,0.322265215905458
7178,0.7182,19,57,19,615023,61421,97042,29214,0.48647985046255227,0.32232581232415736
7179,0.7183,20,47,20,615070,61374,97062,29194,0.4861075909263718,0.3223434325589612
7180,0.7184,8,37,8,615107,61337,97070,29186,0.4858145355468255,0.32241529776962763
7181,0.7185,21,45,21,615152,61292,97091,29165,0.4854581168419719,0.32241838663674455
7182,0.7186,18,50,18,615202,61242,97109,29147,0.4850620960588012,0.32246180398057284
7183,0.7187,36,82,36,615284,61160,97145,29111,0.4844126219744012,0.32248451883772195
7184,0.7188,12,28,12,615312,61132,97157,29099,0.48419085033582565,0.32249448637386263
7185,0.7189,18,61,18,615373,61071,97175,29081,0.48370770498035737,0.3225774247936818
7186,0.719,14,44,14,615417,61027,97189,29067,0.48335920669116716,0.3226296978711124
7187,0.7191,13,49,13,615466,60978,97202,29054,0.48297110632365986,0.3227074817842545
7188,0.7192,28,80,28,615546,60898,97230,29026,0.4823374730705867,0.32278368399982205
7189,0.7193,22,66,22,615612,60832,97252,29004,0.48181472563680144,0.3228549801861169
7190,0.7194,32,119,32,615731,60713,97284,28972,0.48087219617285515,0.32304175726152645
7191,0.7195,24,40,24,615771,60673,97308,28948,0.4805553795463186,0.3230046529273273
7192,0.7196,14,58,14,615829,60615,97322,28934,0.4800959954378406,0.3231080190733565
7193,0.7197,26,45,26,615874,60570,97348,28908,0.47973957673298695,0.32307382820358077
7194,0.7198,19,42,19,615916,60528,97367,28889,0.4794069192751236,0.3230817406086091
7195,0.7199,14,42,14,615958,60486,97381,28875,0.47907426181726015,0.3231275388592339
7196,0.72,16,32,16,615990,60454,97397,28859,0.4788208085160309,0.32312205390032805
7197,0.7201,14,30,14,616020,60424,97411,28845,0.4785831960461285,0.3231244889043229
7198,0.7202,14,40,14,616060,60384,97425,28831,0.47826637941959194,0.32316314521100714
7199,0.7203,12,38,12,616098,60346,97437,28819,0.4779654036243822,0.323209779622049
7200,0.7204,13,38,13,616136,60308,97450,28806,0.47766442782917246,0.3232488722310748
7201,0.7205,14,42,14,616178,60266,97464,28792,0.4773317703713091,0.3232949313930248
7202,0.7206,18,58,18,616236,60208,97482,28774,0.47687238626283107,0.3233687712121553
7203,0.7207,13,57,13,616293,60151,97495,28761,0.47642092257001645,0.32347714594205507
7204,0.7208,26,66,26,616359,60085,97521,28735,0.47589817513623117,0.3235194775951362
7205,0.7209,18,80,18,616439,60005,97539,28717,0.47526454188315803,0.3236739478370641
7206,0.721,37,56,37,616495,59949,97576,28680,0.47482099860600685,0.3235961141387131
7207,0.7211,15,48,15,616543,59901,97591,28665,0.474440818654163,0.32365693381207233
7208,0.7212,11,45,11,616588,59856,97602,28654,0.47408439994930934,0.3237374307987798
7209,0.7213,19,56,19,616644,59800,97621,28635,0.47364085667215816,0.3237971391417425
7210,0.7214,17,39,17,616683,59761,97638,28618,0.473331960461285,0.32380995485352854
7211,0.7215,30,64,30,616747,59697,97668,28588,0.4728250538588265,0.32381491759642067
7212,0.7216,9,44,9,616791,59653,97677,28579,0.4724765555696363,0.32390742587723276
7213,0.7217,8,78,8,616869,59575,97685,28571,0.47185876314789,0.32413268894788194
7214,0.7218,16,48,16,616917,59527,97701,28555,0.47147858319604613,0.32418655343884106
7215,0.7219,20,71,20,616988,59456,97721,28535,0.47091623368394375,0.3242945301223989
7216,0.722,16,62,16,617050,59394,97737,28519,0.4704251679128121,0.32440025934730926
7217,0.7221,18,38,18,617088,59356,97755,28501,0.4701241921176023,0.3244021534994366
7218,0.7222,15,51,15,617139,59305,97770,28486,0.46972025091876823,0.3244751739927783
7219,0.7223,18,37,18,617176,59268,97788,28468,0.4694271955392219,0.32447342026078235
7220,0.7224,23,62,23,617238,59206,97811,28445,0.46893612976809024,0.3245256756910931
7221,0.7225,27,61,27,617299,59145,97838,28418,0.46845298441262195,0.32454347155762137
7222,0.7226,8,50,8,617349,59095,97846,28410,0.46805696362945126,0.3246671618764642
7223,0.7227,31,40,31,617389,59055,97877,28379,0.4677401470029147,0.32457625180135874
7224,0.7228,10,39,10,617428,59016,97887,28369,0.46743125079204156,0.32464381758883104
7225,0.7229,14,58,14,617486,58958,97901,28355,0.46697186668356355,0.3247511825272296
7226,0.723,11,42,11,617528,58916,97912,28344,0.4666392092257002,0.324822369928948
7227,0.7231,14,74,14,617602,58842,97926,28330,0.46605309846660753,0.32498967558390307
7228,0.7232,19,30,19,617632,58812,97945,28311,0.4658154859967051,0.3249543748493509
7229,0.7233,34,45,34,617677,58767,97979,28277,0.4654590672918515,0.32485869215569135
7230,0.7234,21,56,21,617733,58711,98000,28256,0.4650155240147003,0.32490484896569966
7231,0.7235,29,66,29,617799,58645,98029,28227,0.464492776580915,0.32492632839119623
7232,0.7236,30,64,30,617863,58581,98059,28197,0.4639858699784565,0.3249325866002904
7233,0.7237,24,71,24,617934,58510,98083,28173,0.4634235204663541,0.3250118246945768
7234,0.7238,9,36,9,617970,58474,98092,28164,0.46313838550247116,0.32507675615780607
7235,0.7239,16,23,16,617993,58451,98108,28148,0.46295621594221265,0.32503839536253304
7236,0.724,32,74,32,618067,58377,98140,28116,0.46237010518312,0.32506676840900417
7237,0.7241,38,123,38,618190,58254,98178,28078,0.4613958940565201,0.32523282212852705
7238,0.7242,27,75,27,618265,58179,98205,28051,0.46080186288176406,0.32530441841586455
7239,0.7243,21,59,21,618324,58120,98226,28030,0.4603345583576226,0.3253627394080093
7240,0.7244,25,59,25,618383,58061,98251,28005,0.4598672538334812,0.3253898171170962
7241,0.7245,6,24,6,618407,58037,98257,27999,0.45967716385755925,0.3254335394486029
7242,0.7246,22,51,22,618458,57986,98279,27977,0.4592732226587251,0.32545397438432816
7243,0.7247,2,37,2,618495,57949,98281,27975,0.4589801672791788,0.32557841813695826
7244,0.7248,13,42,13,618537,57907,98294,27962,0.4586475098213154,0.32563556114546577
7245,0.7249,14,56,14,618593,57851,98308,27948,0.45820396654416423,0.3257380622151773
7246,0.725,24,42,24,618635,57809,98332,27924,0.45787130908630086,0.32570888689302835
7247,0.7251,7,32,7,618667,57777,98339,27917,0.4576178557850716,0.32577543351926624
7248,0.7252,27,44,27,618711,57733,98366,27890,0.4572693574958814,0.3257302360347103
7249,0.7253,7,31,7,618742,57702,98373,27883,0.45702382461031554,0.3257930712157504
7250,0.7254,18,39,18,618781,57663,98391,27865,0.4567149283994424,0.32579973809746515
7251,0.7255,15,48,15,618829,57615,98406,27850,0.4563347484475985,0.3258643889311414
7252,0.7256,29,62,29,618891,57553,98435,27821,0.45584368267646685,0.32587204535338626
7253,0.7257,5,30,5,618921,57523,98440,27816,0.45560607020656446,0.3259471050750536
7254,0.7258,11,41,11,618962,57482,98451,27805,0.4552813331643645,0.3260168607173426
7255,0.7259,26,52,26,619014,57430,98477,27779,0.45486947154986695,0.32601016324566656
7256,0.726,13,42,13,619056,57388,98490,27766,0.4545368140920035,0.32606806491767854
7257,0.7261,16,39,16,619095,57349,98506,27750,0.4542279178811304,0.3260907883758916
7258,0.7262,16,49,16,619144,57300,98522,27734,0.4538398175136231,0.32615189218430274
7259,0.7263,10,64,10,619208,57236,98532,27724,0.4533329109111646,0.32631826741996234
7260,0.7264,13,47,13,619255,57189,98545,27711,0.45296065137498415,0.3263957597173145
7261,0.7265,15,60,15,619315,57129,98560,27696,0.4524854264351793,0.3265075154730327
7262,0.7266,19,48,19,619363,57081,98579,27677,0.45210524648333544,0.3265414474149933
7263,0.7267,35,93,35,619456,56988,98614,27642,0.45136864782663794,0.32662176533144277
7264,0.7268,23,30,23,619486,56958,98637,27619,0.45113103535673554,0.3265545006325597
7265,0.7269,34,61,34,619547,56897,98671,27585,0.45064789000126726,0.32651925854028074
7266,0.727,13,38,13,619585,56859,98684,27572,0.45034691420605755,0.32656251850623585
7267,0.7271,10,29,10,619614,56830,98694,27562,0.45011722215181854,0.3265949379088065
7268,0.7272,29,87,29,619701,56743,98723,27533,0.4494281459891015,0.3267003654658503
7269,0.7273,23,43,23,619744,56700,98746,27510,0.4490875681155747,0.3266832917705736
7270,0.7274,22,62,22,619806,56638,98768,27488,0.44859650234444304,0.32674797327817795
7271,0.7275,20,54,20,619860,56584,98788,27468,0.4481687998986187,0.3267976966639699
7272,0.7276,30,74,30,619934,56510,98818,27438,0.44758268913952604,0.32684518987944916
7273,0.7277,20,68,20,620002,56442,98838,27418,0.4470441008744139,0.32694967803481995
7274,0.7278,7,35,7,620037,56407,98845,27411,0.4467668863261944,0.32702999355746976
7275,0.7279,6,23,6,620060,56384,98851,27405,0.44658471676593586,0.3270715726408001
7276,0.728,12,37,12,620097,56347,98863,27393,0.44629166138638954,0.3271196560783377
7277,0.7281,15,50,15,620147,56297,98878,27378,0.44589564060321885,0.3271945025395877
7278,0.7282,6,32,6,620179,56265,98884,27372,0.4456421873019896,0.3272714229348255
7279,0.7283,14,45,14,620224,56220,98898,27358,0.445285768597136,0.3273349446026466
7280,0.7284,20,60,20,620284,56160,98918,27338,0.44481054365733114,0.32740903973747876
7281,0.7285,17,43,17,620327,56117,98935,27321,0.4444699657838043,0.32744073443754645
7282,0.7286,22,63,22,620390,56054,98957,27299,0.44397097959700926,0.32751070747303634
7283,0.7287,14,45,14,620435,56009,98971,27285,0.4436145608921556,0.3275746152183831
7284,0.7288,24,77,24,620512,55932,98995,27261,0.44300468888607275,0.3276838195521258
7285,0.7289,15,27,15,620539,55905,99010,27246,0.4427908376631606,0.32766893963993216
7286,0.729,14,50,14,620589,55855,99024,27232,0.4423948168799899,0.3277528373873169
7287,0.7291,20,55,20,620644,55800,99044,27212,0.4419591940185021,0.3278080277550234
7288,0.7292,13,53,13,620697,55747,99057,27199,0.4415394119883411,0.32791213560629806
7289,0.7293,24,80,24,620777,55667,99081,27175,0.44090577873526804,0.32803408898867725
7290,0.7294,9,44,9,620821,55623,99090,27166,0.44055728044607784,0.3281353803041467
7291,0.7295,15,25,15,620846,55598,99105,27151,0.44035927005449244,0.3281127264377817
7292,0.7296,36,83,36,620929,55515,99141,27115,0.4397018755544291,0.32814958247609827
7293,0.7297,12,40,12,620969,55475,99153,27103,0.43938505892789254,0.3282109036305069
7294,0.7298,18,60,18,621029,55415,99171,27085,0.4389098339880877,0.3283030303030303
7295,0.7299,25,45,25,621074,55370,99196,27060,0.43855341528323405,0.3282785393667354
7296,0.73,26,57,26,621131,55313,99222,27034,0.4381019515904195,0.3282936840443489
7297,0.7301,9,40,9,621171,55273,99231,27025,0.4377851349638829,0.328379790517388
7298,0.7302,13,46,13,621217,55227,99244,27012,0.43742079584336585,0.3284573012804144
7299,0.7303,15,43,15,621260,55184,99259,26997,0.43708021796983904,0.32850658911427216
7300,0.7304,14,58,14,621318,55126,99273,26983,0.436620833861361,0.32862414595233164
7301,0.7305,32,62,32,621380,55064,99305,26951,0.43612976809022935,0.328610620008535
7302,0.7306,35,80,35,621460,54984,99340,26916,0.43549613483715627,0.32864468864468865
7303,0.7307,18,85,18,621545,54899,99358,26898,0.4348228995057661,0.3288384659584092
7304,0.7308,18,33,18,621578,54866,99376,26880,0.4345615257888734,0.3288234286692927
7305,0.7309,16,35,16,621613,54831,99392,26864,0.4342843112406539,0.3288328539078279
7306,0.731,16,45,16,621658,54786,99408,26848,0.4339278925358003,0.3288825734375383
7307,0.7311,15,58,15,621716,54728,99423,26833,0.43346850842732226,0.32899302362648813
7308,0.7312,11,26,11,621742,54702,99434,26822,0.4332625776200735,0.32900740886119423
7309,0.7313,7,36,7,621778,54666,99441,26815,0.4329774426561906,0.32909512647120187
7310,0.7314,20,53,20,621831,54613,99461,26795,0.4325576606260296,0.32914455581761004
7311,0.7315,32,69,32,621900,54544,99493,26763,0.4320111519452541,0.32915985093534383
7312,0.7316,8,26,8,621926,54518,99501,26755,0.43180522113800535,0.32919911901861626
7313,0.7317,12,38,12,621964,54480,99513,26743,0.4315042453427956,0.3292540290311857
7314,0.7318,20,43,20,622007,54437,99533,26723,0.43116366746926876,0.3292631838344012
7315,0.7319,14,30,14,622037,54407,99547,26709,0.43092605499936637,0.3292691947334681
7316,0.732,14,31,14,622068,54376,99561,26695,0.43068052211380053,0.3292792737230329
7317,0.7321,18,55,18,622123,54321,99579,26677,0.43024489925231274,0.32935381120521495
7318,0.7322,7,17,7,622140,54304,99586,26670,0.4301102521860347,0.3293649813520389
7319,0.7323,15,48,15,622188,54256,99601,26655,0.42973007223419085,0.329436047014621
7320,0.7324,14,46,14,622234,54210,99615,26641,0.4293657331136738,0.32950736540055164
7321,0.7325,26,52,26,622286,54158,99641,26615,0.4289538714991763,0.32950367078107784
7322,0.7326,22,76,22,622362,54082,99663,26593,0.4283519199087568,0.3296312364425163
7323,0.7327,21,62,21,622424,54020,99684,26572,0.42786085413762515,0.32971014492753625
7324,0.7328,18,72,18,622496,53948,99702,26554,0.4272905842098593,0.3298551588780403
7325,0.7329,11,38,11,622534,53910,99713,26543,0.4269896084146496,0.32991933178377436
7326,0.733,14,42,14,622576,53868,99727,26529,0.4266569509567862,0.32997499906712935
7327,0.7331,11,37,11,622613,53831,99738,26518,0.4263638955772399,0.33003522134687424
7328,0.7332,8,39,8,622652,53792,99746,26510,0.42605499936636676,0.33012876391621626
7329,0.7333,18,30,18,622682,53762,99764,26492,0.4258173868964643,0.33010192638373165
7330,0.7334,21,57,21,622739,53705,99785,26471,0.42536592320364974,0.33016114547994413
7331,0.7335,7,31,7,622770,53674,99792,26464,0.4251203903180839,0.3302303526416931
7332,0.7336,6,37,6,622807,53637,99798,26458,0.4248273349385376,0.3303327298832636
7333,0.7337,27,87,27,622894,53550,99825,26431,0.42413825877582056,0.330465985671597
7334,0.7338,28,65,28,622959,53485,99853,26403,0.4236234317576986,0.33050020028039256
7335,0.7339,23,62,23,623021,53423,99876,26380,0.42313236598656695,0.3305640138841898
7336,0.734,17,45,17,623066,53378,99893,26363,0.42277594728171336,0.3306078428913608
7337,0.7341,16,29,16,623095,53349,99909,26347,0.42254625522747435,0.3305937562738406
7338,0.7342,10,42,10,623137,53307,99919,26337,0.4222135977696109,0.3306840439957812
7339,0.7343,24,58,24,623195,53249,99943,26313,0.4217542136611329,0.3307232095724089
7340,0.7344,17,35,17,623230,53214,99960,26296,0.4214769991129134,0.330725694881147
7341,0.7345,17,61,17,623291,53153,99977,26279,0.4209938537574452,0.3308364387148756
7342,0.7346,17,33,17,623324,53120,99994,26262,0.4207324800405525,0.3308306669018165
7343,0.7347,7,50,7,623374,53070,100001,26255,0.42033645925738183,0.3309801449732115
7344,0.7348,8,38,8,623412,53032,100009,26247,0.4200354834621721,0.3310712799101906
7345,0.7349,12,45,12,623457,52987,100021,26235,0.4196790647573185,0.33115801166342684
7346,0.735,26,76,26,623533,52911,100047,26209,0.419077113166899,0.3312563195146613
7347,0.7351,12,25,12,623558,52886,100059,26197,0.41887910277531365,0.331259562737883
7348,0.7352,10,44,10,623602,52842,100069,26187,0.41853060448612345,0.3313593744068633
7349,0.7353,25,76,25,623678,52766,100094,26162,0.41792865289570397,0.33146665315224
7350,0.7354,19,55,19,623733,52711,100113,26143,0.4174930300342162,0.33153676414639716
7351,0.7355,18,52,18,623785,52659,100131,26125,0.41708116841971865,0.33160286352558893
7352,0.7356,12,57,12,623842,52602,100143,26113,0.4166297047269041,0.3317410912786635
7353,0.7357,7,34,7,623876,52568,100150,26106,0.416360410594348,0.331824999364466
7354,0.7358,30,85,30,623961,52483,100180,26076,0.4156871752629578,0.3319288687483293
7355,0.7359,22,68,22,624029,52415,100202,26054,0.4151485869978456,0.3320292089869885
7356,0.736,8,18,8,624047,52397,100210,26046,0.4150060195159042,0.332037275473911
7357,0.7361,27,60,27,624107,52337,100237,26019,0.41453079457609937,0.33206136096789013
7358,0.7362,25,58,25,624165,52279,100262,25994,0.41407141046762136,0.33209408097300475
7359,0.7363,13,34,13,624199,52245,100275,25981,0.41380211633506525,0.33212742566410147
7360,0.7364,5,33,5,624232,52212,100280,25976,0.4135407426181726,0.3322248938456029
7361,0.7365,13,51,13,624283,52161,100293,25963,0.4131368014193385,0.33233065383236904
7362,0.7366,12,64,12,624347,52097,100305,25951,0.41262989481688,0.3325005125051251
7363,0.7367,21,31,21,624378,52066,100326,25930,0.41238436193131417,0.3324529463049387
7364,0.7368,23,45,23,624423,52021,100349,25907,0.4120279432264605,0.3324479006262191
7365,0.7369,12,47,12,624470,51974,100361,25895,0.41165568369028005,0.3325456857029113
7366,0.737,18,46,18,624516,51928,100379,25877,0.411291344569763,0.332587879956301
7367,0.7371,19,42,19,624558,51886,100398,25858,0.41095868711189965,0.33260444535912737
7368,0.7372,19,53,19,624611,51833,100417,25839,0.4105389050817387,0.3326681429601401
7369,0.7373,28,43,28,624654,51790,100445,25811,0.41019832720821187,0.33261169314828415
7370,0.7374,10,13,10,624667,51777,100455,25801,0.4100953618045875,0.33258140194385005
7371,0.7375,29,63,29,624730,51714,100484,25772,0.40959637561779244,0.33260201842913556
7372,0.7376,23,59,23,624789,51655,100507,25749,0.409129071093651,0.33265722701669165
7373,0.7377,21,71,21,624860,51584,100528,25728,0.4085667215815486,0.33278145695364236
7374,0.7378,14,34,14,624894,51550,100542,25714,0.4082974274489925,0.33280699937875335
7375,0.7379,11,22,11,624916,51528,100553,25703,0.4081231783043974,0.33280677448174956
7376,0.738,20,58,20,624974,51470,100573,25683,0.4076637941959194,0.3328840096950216
7377,0.7381,30,68,30,625042,51402,100603,25653,0.40712520593080725,0.33291804555187854
7378,0.7382,14,35,14,625077,51367,100617,25639,0.40684799138258776,0.33294808196763886
7379,0.7383,16,38,16,625115,51329,100633,25623,0.40654701558737805,0.33297380185050424
7380,0.7384,19,46,19,625161,51283,100652,25604,0.40618267646686096,0.33300818083681244
7381,0.7385,18,50,18,625211,51233,100670,25586,0.40578665568369027,0.33306864187245344
7382,0.7386,25,39,25,625250,51194,100695,25561,0.4054777594728171,0.3330206501205133
7383,0.7387,9,24,9,625274,51170,100704,25552,0.4052876694968952,0.3330465837699747
7384,0.7388,22,43,22,625317,51127,100726,25530,0.4049470916233684,0.3330419922511969
7385,0.7389,18,64,18,625381,51063,100744,25512,0.4044401850209099,0.3331635651322233
7386,0.739,14,33,14,625414,51030,100758,25498,0.4041788113040172,0.3331852393895045
7387,0.7391,11,21,11,625435,51009,100769,25487,0.40401248257508554,0.33318081991215226
7388,0.7392,13,46,13,625481,50963,100782,25474,0.4036481434545685,0.33326791998639405
7389,0.7393,17,35,17,625516,50928,100799,25457,0.403370928906349,0.33327223931400146
7390,0.7394,15,24,15,625540,50904,100814,25442,0.40318083893042705,0.33324601157886463
7391,0.7395,28,45,28,625585,50859,100842,25414,0.40282442022557347,0.3331978550732238
7392,0.7396,13,23,13,625608,50836,100855,25401,0.4026422506653149,0.3331846741083726
7393,0.7397,10,41,10,625649,50795,100865,25391,0.40231751362311496,0.33327645499173075
7394,0.7398,14,35,14,625684,50760,100879,25377,0.40204029907489547,0.333307064896174
7395,0.7399,21,40,21,625724,50720,100900,25356,0.40172348244835887,0.3332982806667017
7396,0.74,18,61,18,625785,50659,100918,25338,0.40124033709289064,0.3334078976801716
7397,0.7401,24,55,24,625840,50604,100942,25314,0.40080471423140285,0.33343871018730736
7398,0.7402,17,65,17,625905,50539,100959,25297,0.40028988721328096,0.3335750830740018
7399,0.7403,11,16,11,625921,50523,100970,25286,0.4001631605626663,0.33354878708332786
7400,0.7404,21,66,21,625987,50457,100991,25265,0.399640413128881,0.33365468423971895
7401,0.7405,24,63,24,626050,50394,101015,25241,0.39914142694208593,0.3337211608382363
7402,0.7406,7,31,7,626081,50363,101022,25234,0.3988958940565201,0.3337963146685715
7403,0.7407,22,55,22,626136,50308,101044,25212,0.3984602711950323,0.33384533898305085
7404,0.7408,12,50,12,626186,50258,101056,25200,0.3980642504118616,0.333960613851414
7405,0.7409,24,50,24,626236,50208,101080,25176,0.3976682296286909,0.33397007322508754
7406,0.741,19,35,19,626271,50173,101099,25157,0.3973910150804714,0.3339572547457852
7407,0.7411,12,32,12,626303,50141,101111,25145,0.3971375617792422,0.3339930398746115
7408,0.7412,22,35,22,626338,50106,101133,25123,0.3968603472310227,0.33395366148692657
7409,0.7413,17,38,17,626376,50068,101150,25106,0.39655937143581294,0.33397185197009605
7410,0.7414,15,42,15,626418,50026,101165,25091,0.39622671397794956,0.3340255867513346
7411,0.7415,9,35,9,626453,49991,101174,25082,0.39594949942973007,0.334101474564757
7412,0.7416,16,29,16,626482,49962,101190,25066,0.39571980737549106,0.3340886069200832
7413,0.7417,11,25,11,626507,49937,101201,25055,0.3955217969839057,0.33410230424578624
7414,0.7418,16,43,16,626550,49894,101217,25039,0.3951812191103789,0.3341518423124658
7415,0.7419,19,32,19,626582,49862,101236,25020,0.3949277658091497,0.3341256910873107
7416,0.742,33,61,33,626643,49801,101269,24987,0.3944446204536814,0.33410440177568596
7417,0.7421,26,72,26,626715,49729,101295,24961,0.3938743505259156,0.33419467130807334
7418,0.7422,9,37,9,626752,49692,101304,24952,0.3935812951463693,0.33428004930068056
7419,0.7423,11,39,11,626791,49653,101315,24941,0.39327239893549615,0.3343566506689546
7420,0.7424,24,53,24,626844,49600,101339,24917,0.3928526169053352,0.33438007434545136
7421,0.7425,21,62,21,626906,49538,101360,24896,0.3923615511342035,0.33447080635193593
7422,0.7426,18,34,18,626940,49504,101378,24878,0.39209225700164746,0.3344626388104649
7423,0.7427,32,64,32,627004,49440,101410,24846,0.39158535039918896,0.3344640982150069
7424,0.7428,28,81,28,627085,49359,101438,24818,0.39094379673045243,0.3345781037248743
7425,0.7429,11,32,11,627117,49327,101449,24807,0.39069034342922315,0.3346237893544123
7426,0.743,21,79,21,627196,49248,101470,24786,0.39006463059181345,0.3347921225382932
7427,0.7431,43,87,43,627283,49161,101513,24743,0.38937555442909644,0.334799198960814
7428,0.7432,20,36,20,627319,49125,101533,24723,0.38909041946521356,0.3347822554436139
7429,0.7433,18,34,18,627353,49091,101551,24705,0.38882112533265745,0.3347742425063689
7430,0.7434,7,37,7,627390,49054,101558,24698,0.3885280699531111,0.3348790541273457
7431,0.7435,8,32,8,627422,49022,101566,24690,0.3882746166518819,0.33495224658128936
7432,0.7436,5,14,5,627436,49008,101571,24685,0.3881637308325941,0.3349707570596936
7433,0.7437,8,20,8,627456,48988,101579,24677,0.3880053225193258,0.3349894793999864
7434,0.7438,25,54,25,627510,48934,101604,24652,0.38757762007350144,0.3350093767836273
7435,0.7439,24,57,24,627567,48877,101628,24628,0.38712615638068687,0.3350520372763758
7436,0.744,22,50,22,627617,48827,101650,24606,0.3867301355975162,0.33508095815232936
7437,0.7441,19,42,19,627659,48785,101669,24587,0.38639747813965275,0.3351005833287903
7438,0.7442,28,63,28,627722,48722,101697,24559,0.3858984919528577,0.33513461879614087
7439,0.7443,27,54,27,627776,48668,101724,24532,0.38547078950703334,0.3351366120218579
7440,0.7444,12,32,12,627808,48636,101736,24520,0.38521733620580406,0.33517414839521026
7441,0.7445,12,33,12,627841,48603,101748,24508,0.3849559624889114,0.33521631491841175
7442,0.7446,14,33,14,627874,48570,101762,24494,0.38469458877201873,0.3352403372385854
7443,0.7447,11,36,11,627910,48534,101773,24483,0.38440945380813585,0.33530547680677103
7444,0.7448,26,57,26,627967,48477,101799,24457,0.3839579901153213,0.33533057284668333
7445,0.7449,15,56,15,628023,48421,101814,24442,0.38351444683817004,0.33545146370585893
7446,0.745,18,55,18,628078,48366,101832,24424,0.3830788239766823,0.33554059623574667
7447,0.7451,16,50,16,628128,48316,101848,24408,0.3826828031935116,0.33562510312964083
7448,0.7452,8,25,8,628153,48291,101856,24400,0.38248479280192627,0.3356674141227937
7449,0.7453,20,60,20,628213,48231,101876,24380,0.3820095678621214,0.33576179917643334
7450,0.7454,12,49,12,628262,48182,101888,24368,0.3816214674946141,0.3358787043418332
7451,0.7455,10,30,10,628292,48152,101898,24358,0.38138385502471167,0.335926079161495
7452,0.7456,34,77,34,628369,48075,101932,24324,0.3807739830186288,0.3359714913189409
7453,0.7457,17,49,17,628418,48026,101949,24307,0.38038588265112155,0.33604302323973845
7454,0.7458,10,40,10,628458,47986,101959,24297,0.38006906602458496,0.3361371276787073
7455,0.7459,21,61,21,628519,47925,101980,24276,0.3795859206691167,0.3362280300826858
7456,0.746,18,53,18,628572,47872,101998,24258,0.37916613863895576,0.3363094412865659
7457,0.7461,15,46,15,628618,47826,102013,24243,0.37880179951843873,0.33638596345169214
7458,0.7462,22,54,22,628672,47772,102035,24221,0.3783740970726144,0.33643548678343727
7459,0.7463,10,23,10,628695,47749,102045,24211,0.37819192751235586,0.3364508060033352
7460,0.7464,24,44,24,628739,47705,102069,24187,0.3778434292231656,0.3364352083681077
7461,0.7465,25,65,25,628804,47640,102094,24162,0.3773286022050437,0.3365087323472884
7462,0.7466,17,42,17,628846,47598,102111,24145,0.37699594474718034,0.3365485134438203
7463,0.7467,31,67,31,628913,47531,102142,24114,0.37646527689773157,0.33657617419219765
7464,0.7468,16,53,16,628966,47478,102158,24098,0.37604549486757066,0.3366770984687605
7465,0.7469,17,28,17,628994,47450,102175,24081,0.37582372322899504,0.33665124211880165
7466,0.747,15,71,15,629065,47379,102190,24066,0.37526137371689267,0.3368465252991812
7467,0.7471,10,24,10,629089,47355,102200,24056,0.3750712837409707,0.33686686924983544
7468,0.7472,7,39,7,629128,47316,102207,24049,0.3747623875300976,0.3369859174665452
7469,0.7473,14,44,14,629172,47272,102221,24035,0.37441388924090735,0.3370636823874234
7470,0.7474,14,40,14,629212,47232,102235,24021,0.3740970726143708,0.33712264746747506
7471,0.7475,22,40,22,629252,47192,102257,23999,0.37378025598783426,0.3371072186090939
7472,0.7476,19,49,19,629301,47143,102276,23980,0.37339215562032696,0.3371623806644827
7473,0.7477,21,57,21,629358,47086,102297,23959,0.37294069192751234,0.3372369624885636
7474,0.7478,17,47,17,629405,47039,102314,23942,0.3725684323913319,0.3373015313957256
7475,0.7479,8,42,8,629447,46997,102322,23934,0.3722357749334685,0.33742651309018623
7476,0.748,17,41,17,629488,46956,102339,23917,0.37191103789126856,0.3374627855459766
7477,0.7481,14,31,14,629519,46925,102353,23903,0.3716655050057027,0.33747952787033375
7478,0.7482,11,24,11,629543,46901,102364,23892,0.37147541502978076,0.3374909948723744
7479,0.7483,20,50,20,629593,46851,102384,23872,0.3710793942466101,0.3375422422691345
7480,0.7484,38,64,38,629657,46787,102422,23834,0.37057248764415157,0.33749168094476145
7481,0.7485,10,44,10,629701,46743,102432,23824,0.37022398935496137,0.3376082304760015
7482,0.7486,20,52,20,629753,46691,102452,23804,0.3698121277404638,0.3376693382509398
7483,0.7487,28,57,28,629810,46634,102480,23776,0.3693606640476492,0.3376793069166312
7484,0.7488,13,38,13,629848,46596,102493,23763,0.3690596882524395,0.33773930840404215
7485,0.7489,22,52,22,629900,46544,102515,23741,0.36864782663794193,0.33778188802731735
7486,0.749,31,66,31,629966,46478,102546,23710,0.36812507920415666,0.3378070325411751
7487,0.7491,11,57,11,630023,46421,102557,23699,0.36767361551134203,0.3379777524244153
7488,0.7492,10,29,10,630052,46392,102567,23689,0.367443923457103,0.3380231446469086
7489,0.7493,14,40,14,630092,46352,102581,23675,0.3671271068305665,0.3380838819312551
7490,0.7494,10,32,10,630124,46320,102591,23665,0.3668736535293372,0.3381438879759949
7491,0.7495,18,51,18,630175,46269,102609,23647,0.36646971233050313,0.3382201498941587
7492,0.7496,20,34,20,630209,46235,102629,23627,0.366200418197947,0.33819529930434283
7493,0.7497,23,38,23,630247,46197,102652,23604,0.3658994424027373,0.3381613443933468
7494,0.7498,15,36,15,630283,46161,102667,23589,0.36561430743885437,0.33819354838709675
7495,0.7499,15,47,15,630330,46114,102682,23574,0.36524204790267395,0.33827918723453104
7496,0.75,12,38,12,630368,46076,102694,23562,0.3649410721074642,0.33834975157241737
7497,0.7501,20,41,20,630409,46035,102714,23542,0.36461633506526425,0.3383589404544605
7498,0.7502,24,68,24,630477,45967,102738,23518,0.3640777468001521,0.3384615384615385
7499,0.7503,20,71,20,630548,45896,102758,23498,0.36351539728804966,0.3386171715133873
7500,0.7504,5,15,5,630563,45881,102763,23493,0.36339659105309846,0.3386427191743304
7501,0.7505,16,40,16,630603,45841,102779,23477,0.3630797744265619,0.33868547851928793
7502,0.7506,19,26,19,630629,45815,102798,23458,0.36287384361931313,0.3386312127380076
7503,0.7507,8,31,8,630660,45784,102806,23450,0.3626283107337473,0.3387064159228125
7504,0.7508,17,38,17,630698,45746,102823,23433,0.3623273349385376,0.3387299614044725
7505,0.7509,16,37,16,630735,45709,102839,23417,0.36203427955899126,0.3387582096461534
7506,0.751,7,34,7,630769,45675,102846,23410,0.3617649854264352,0.33885792863863357
7507,0.7511,28,36,28,630805,45639,102874,23382,0.36147985046255227,0.3387664623810145
7508,0.7512,15,69,15,630874,45570,102889,23367,0.3609333417817767,0.3389616606466774
7509,0.7513,22,47,22,630921,45523,102911,23345,0.36056108224559624,0.33898182029389556
7510,0.7514,20,61,20,630982,45462,102931,23325,0.360077936890128,0.33909023507348773
7511,0.7515,17,50,17,631032,45412,102948,23308,0.35968191610695727,0.33917345750873107
7512,0.7516,2,24,2,631056,45388,102950,23306,0.35949182613103536,0.33927271668559117
7513,0.7517,11,44,11,631100,45344,102961,23295,0.35914332784184516,0.3393843150395548
7514,0.7518,15,55,15,631155,45289,102976,23280,0.35870770498035737,0.3395120243841969
7515,0.7519,20,67,20,631222,45222,102996,23260,0.35817703713090865,0.33965129523086357
7516,0.752,22,60,22,631282,45162,103018,23238,0.3577018121911038,0.33973684210526317
7517,0.7521,13,55,13,631337,45107,103031,23225,0.357266189329616,0.33988468067669614
7518,0.7522,13,30,13,631367,45077,103044,23212,0.3570285768597136,0.33990833077069516
7519,0.7523,8,16,8,631383,45061,103052,23204,0.356901850209099,0.3399106423496667
7520,0.7524,6,27,6,631410,45034,103058,23198,0.3566879989861868,0.33998710282565364
7521,0.7525,4,16,4,631426,45018,103062,23194,0.35656127233557217,0.3400281475400223
7522,0.7526,11,23,11,631449,44995,103073,23183,0.35637910277531365,0.3400363753703541
7523,0.7527,13,45,13,631494,44950,103086,23170,0.35602268407046,0.34013505578391073
7524,0.7528,9,32,9,631526,44918,103095,23161,0.3557692307692308,0.3402076998780828
7525,0.7529,17,70,17,631596,44848,103112,23144,0.3552148016727918,0.34039298741028357
7526,0.753,12,33,12,631629,44815,103124,23132,0.3549534279558991,0.3404418149440005
7527,0.7531,16,33,16,631662,44782,103140,23116,0.35469205423900646,0.34045185425196617
7528,0.7532,13,24,13,631686,44758,103153,23103,0.3545019642630845,0.3404459114955571
7529,0.7533,45,72,45,631758,44686,103198,23058,0.35393169433531874,0.3403696268304204
7530,0.7534,25,67,25,631825,44619,103223,23033,0.35340102648586996,0.3404629574883226
7531,0.7535,12,54,12,631879,44565,103235,23021,0.3529733240400456,0.3406178794424881
7532,0.7536,18,37,18,631916,44528,103253,23003,0.3526802686604993,0.34062874827856837
7533,0.7537,27,58,27,631974,44470,103280,22976,0.3522208845520213,0.3406577113542686
7534,0.7538,18,40,18,632014,44430,103298,22958,0.35190406792548473,0.3406838012702558
7535,0.7539,22,69,22,632083,44361,103320,22936,0.3513575592447092,0.3408175698768147
7536,0.754,17,69,17,632152,44292,103337,22919,0.3508110505639336,0.3410007290473286
7537,0.7541,32,102,32,632254,44190,103369,22887,0.35000316816626537,0.3412048839393533
7538,0.7542,29,49,29,632303,44141,103398,22858,0.34961506779875806,0.341169271183152
7539,0.7543,13,40,13,632343,44101,103411,22845,0.3492982511722215,0.34124518268455173
7540,0.7544,3,15,3,632358,44086,103414,22842,0.3491794449372703,0.34129213483146065
7541,0.7545,23,63,23,632421,44023,103437,22819,0.3486804587504752,0.3413871517907902
7542,0.7546,17,44,17,632465,43979,103454,22802,0.348331960461285,0.3414444228148725
7543,0.7547,25,53,25,632518,43926,103479,22777,0.34791217843112404,0.34146889944979986
7544,0.7548,14,55,14,632573,43871,103493,22763,0.3474765555696363,0.34161239007113486
7545,0.7549,22,45,22,632618,43826,103515,22741,0.34712013686478266,0.34162573046704825
7546,0.755,23,37,23,632655,43789,103538,22718,0.34682708148523633,0.3415881035079014
7547,0.7551,13,24,13,632679,43765,103551,22705,0.34663699150931443,0.34158266887317584
7548,0.7552,12,35,12,632714,43730,103563,22693,0.34635977696109493,0.34164370775183295
7549,0.7553,21,44,21,632758,43686,103584,22672,0.3460112786719047,0.34166189457186774
7550,0.7554,11,27,11,632785,43659,103595,22661,0.3457974274489925,0.34169179734620025
7551,0.7555,4,42,4,632827,43617,103599,22657,0.34546476999112913,0.34186860608986935
7552,0.7556,16,45,16,632872,43572,103615,22641,0.3451083512862755,0.34194191472973584
7553,0.7557,18,23,18,632895,43549,103633,22623,0.34492618172601697,0.34188176267907877
7554,0.7558,18,42,18,632937,43507,103651,22605,0.3445935242681536,0.3419197725072604
7555,0.7559,25,60,25,632997,43447,103676,22580,0.34411829932834875,0.3419813106759356
7556,0.756,20,41,20,633038,43406,103696,22560,0.34379356228614877,0.3419943607312858
7557,0.7561,15,23,15,633061,43383,103711,22545,0.34361139272589025,0.34196396068438295
7558,0.7562,9,41,9,633102,43342,103720,22536,0.34328665568369027,0.34208688788366376
7559,0.7563,16,38,16,633140,43304,103736,22520,0.34298567988848055,0.34212445308701994
7560,0.7564,20,43,20,633183,43261,103756,22500,0.34264510201495374,0.3421480816897553
7561,0.7565,9,25,9,633208,43236,103765,22491,0.3424470916233684,0.3421881418595098
7562,0.7566,14,40,14,633248,43196,103779,22477,0.34213027499683185,0.3422563306077079
7563,0.7567,16,36,16,633284,43160,103795,22461,0.3418451400329489,0.3422837201505616
7564,0.7568,16,34,16,633318,43126,103811,22445,0.34157584590039286,0.3423007122050907
7565,0.7569,25,77,25,633395,43049,103836,22420,0.34096597389431,0.34245215292733966
7566,0.757,17,54,17,633449,42995,103853,22403,0.34053827144848564,0.3425639927826539
7567,0.7571,16,53,16,633502,42942,103869,22387,0.3401184894183247,0.3426808920999862
7568,0.7572,8,26,8,633528,42916,103877,22379,0.3399125586110759,0.34273680986292976
7569,0.7573,26,66,26,633594,42850,103903,22353,0.33938981117729056,0.34282164931061454
7570,0.7574,13,38,13,633632,42812,103916,22340,0.33908883538208084,0.34289047151277013
7571,0.7575,28,50,28,633682,42762,103944,22312,0.33869281459891015,0.3428711927958939
7572,0.7576,13,27,13,633709,42735,103957,22299,0.338478963375998,0.34288218470338594
7573,0.7577,15,38,15,633747,42697,103972,22284,0.33817798758078826,0.3429310106030994
7574,0.7578,20,47,20,633794,42650,103992,22264,0.3378057280446078,0.3429768616939335
7575,0.7579,11,38,11,633832,42612,104003,22253,0.337504752249398,0.34306636861173206
7576,0.758,10,36,10,633868,42576,104013,22243,0.33721961728551514,0.34315555624122557
7577,0.7581,15,61,15,633929,42515,104028,22228,0.3367364719300469,0.34332669168867674
7578,0.7582,20,22,20,633951,42493,104048,22208,0.3365622227854518,0.3432404445062673
7579,0.7583,19,35,19,633986,42458,104067,22189,0.3362850082372323,0.3432332513496373
7580,0.7584,15,33,15,634019,42425,104082,22174,0.3360236345203396,0.34325608755553494
7581,0.7585,21,69,21,634088,42356,104103,22153,0.33547712583956407,0.3434094467438652
7582,0.7586,16,35,16,634123,42321,104119,22137,0.3351999112913446,0.3434329330726985
7583,0.7587,18,55,18,634178,42266,104137,22119,0.3347642884298568,0.3435427506406772
7584,0.7588,12,33,12,634211,42233,104149,22107,0.3345029147129641,0.3435965184954927
7585,0.7589,42,68,42,634279,42165,104191,22065,0.33396432644785196,0.3435310602522186
7586,0.759,26,77,26,634356,42088,104217,22039,0.3333544544417691,0.34367739017886384
7587,0.7591,14,36,14,634392,42052,104231,22025,0.3330693194778862,0.3437270783588495
7588,0.7592,31,87,31,634479,41965,104262,21994,0.3323802433151692,0.343876545912225
7589,0.7593,17,30,17,634509,41935,104279,21977,0.33214263084526674,0.343863437226186
7590,0.7594,4,15,4,634524,41920,104283,21973,0.33202382461031554,0.3439030879752086
7591,0.7595,6,34,6,634558,41886,104289,21967,0.3317545304777595,0.3440245564029881
7592,0.7596,22,33,22,634591,41853,104311,21945,0.3314931567608668,0.34397630019749836
7593,0.7597,26,46,26,634637,41807,104337,21919,0.3311288176403498,0.3439569406521671
7594,0.7598,11,53,11,634690,41754,104348,21908,0.33070903561018883,0.34412993622569193
7595,0.7599,21,34,21,634724,41720,104369,21887,0.3304397414776327,0.34409734777618817
7596,0.76,24,67,24,634791,41653,104393,21863,0.329909073628184,0.34421248189432585
7597,0.7601,19,52,19,634843,41601,104412,21844,0.3294972120136865,0.34429821104894004
7598,0.7602,11,45,11,634888,41556,104423,21833,0.32914079330883284,0.34442884412121977
7599,0.7603,20,36,20,634924,41520,104443,21813,0.32885565834494995,0.3444176021979063
7600,0.7604,2,14,2,634938,41506,104445,21811,0.32874477252566214,0.3444730483124595
7601,0.7605,8,39,8,634977,41467,104453,21803,0.328435876314789,0.34460249723407615
7602,0.7606,22,31,22,635008,41436,104475,21781,0.32819034342922315,0.3445433981365772
7603,0.7607,9,45,9,635053,41391,104484,21772,0.3278339247243695,0.344695470449472
7604,0.7608,21,62,21,635115,41329,104505,21751,0.3273428589532379,0.3448161065313887
7605,0.7609,31,65,31,635180,41264,104536,21720,0.32682803193511595,0.3448494855836403
7606,0.761,25,45,25,635225,41219,104561,21695,0.3264716132302623,0.3448358076103888
7607,0.7611,11,27,11,635252,41192,104572,21684,0.3262577620073501,0.34486926649277944
7608,0.7612,23,69,23,635321,41123,104595,21661,0.3257112533265746,0.34500828236493375
7609,0.7613,12,40,12,635361,41083,104607,21649,0.32539443670003804,0.3451029777466046
7610,0.7614,14,43,14,635404,41040,104621,21635,0.3250538588265112,0.3451934583167132
7611,0.7615,8,19,8,635423,41021,104629,21627,0.32490337092890637,0.3452145319882518
7612,0.7616,20,34,20,635457,40987,104649,21607,0.32463407679635026,0.3451928299837045
7613,0.7617,11,41,11,635498,40946,104660,21596,0.32430933975415027,0.34530395574174155
7614,0.7618,15,49,15,635547,40897,104675,21581,0.323921239386643,0.3454175869906207
7615,0.7619,20,49,20,635596,40848,104695,21561,0.3235331390191357,0.34547901744940634
7616,0.762,21,52,21,635648,40796,104716,21540,0.3231212774046382,0.34554671457905545
7617,0.7621,15,34,15,635682,40762,104731,21525,0.32285198327208214,0.34557772890009153
7618,0.7622,9,29,9,635711,40733,104740,21516,0.32262229121784314,0.3456441067326383
7619,0.7623,23,54,23,635765,40679,104763,21493,0.32219458877201873,0.34570224538377403
7620,0.7624,26,76,26,635841,40603,104789,21467,0.3215926371815993,0.34585145803125505
7621,0.7625,14,42,14,635883,40561,104803,21453,0.3212599797237359,0.34593801399683943
7622,0.7626,11,39,11,635922,40522,104814,21442,0.3209510835128628,0.3460396359176296
7623,0.7627,15,26,15,635948,40496,104829,21427,0.320745152705614,0.34602651680312646
7624,0.7628,24,61,24,636009,40435,104853,21403,0.32026200735014576,0.3461140399107345
7625,0.7629,9,26,9,636035,40409,104862,21394,0.320056076542897,0.34616442567512906
7626,0.763,17,45,17,636080,40364,104879,21377,0.3196996578380433,0.3462366984661732
7627,0.7631,8,26,8,636106,40338,104887,21369,0.3194937270307946,0.3462978268267782
7628,0.7632,18,69,18,636175,40269,104905,21351,0.318947218350019,0.3464946445959104
7629,0.7633,10,30,10,636205,40239,104915,21341,0.3187096058801166,0.3465573238064307
7630,0.7634,12,24,12,636229,40215,104927,21329,0.31851951590419464,0.346565059144677
7631,0.7635,11,20,11,636249,40195,104938,21318,0.3183611075909264,0.3465608895680588
7632,0.7636,15,66,15,636315,40129,104953,21303,0.31783836015714106,0.3467736684464123
7633,0.7637,18,50,18,636365,40079,104971,21285,0.3174423393739704,0.34686461117267453
7634,0.7638,19,36,19,636401,40043,104990,21266,0.31715720441008743,0.3468658761356408
7635,0.7639,10,25,10,636426,40018,105000,21256,0.3169591940185021,0.3469008062147077
7636,0.764,10,48,10,636474,39970,105010,21246,0.3165790140666582,0.34706612650287505
7637,0.7641,15,37,15,636511,39933,105025,21231,0.3162859586871119,0.34711595055915245
7638,0.7642,34,112,34,636623,39821,105059,21197,0.31539887213280954,0.3473892949621423
7639,0.7643,12,32,12,636655,39789,105071,21185,0.31514541883158026,0.347443172499754
7640,0.7644,6,27,6,636682,39762,105077,21179,0.3149315676086681,0.347532859651138
7641,0.7645,10,35,10,636717,39727,105087,21169,0.3146543530604486,0.3476254598003153
7642,0.7646,10,50,10,636767,39677,105097,21159,0.3142583322772779,0.347803931882438
7643,0.7647,12,33,12,636800,39644,105109,21147,0.31399695856038523,0.34786399302528337
7644,0.7648,21,53,21,636853,39591,105130,21126,0.3135771765302243,0.3479420920005929
7645,0.7649,7,18,7,636871,39573,105137,21119,0.31343460904828285,0.34797007842878797
7646,0.765,20,31,20,636902,39542,105157,21099,0.313189076162717,0.3479329166735377
7647,0.7651,12,43,12,636945,39499,105169,21087,0.3128484982891902,0.34805070478328326
7648,0.7652,20,60,20,637005,39439,105189,21067,0.31237327334938536,0.3481803457508346
7649,0.7653,13,44,13,637049,39395,105202,21054,0.31202477506019516,0.34829360287184236
7650,0.7654,25,59,25,637108,39336,105227,21029,0.3115574705360537,0.34836411828046054
7651,0.7655,14,43,14,637151,39293,105241,21015,0.31121689266252694,0.34846123234065135
7652,0.7656,20,27,20,637178,39266,105261,20995,0.31100304143961477,0.3484011217868937
7653,0.7657,11,34,11,637212,39232,105272,20984,0.31073374730705866,0.348478809618706
7654,0.7658,16,36,16,637248,39196,105288,20968,0.3104486123431758,0.3485140615650555
7655,0.7659,12,40,12,637288,39156,105300,20956,0.31013179571663924,0.3486159169550173
7656,0.766,17,36,17,637324,39120,105317,20939,0.3098466607527563,0.34864050350488685
7657,0.7661,16,63,16,637387,39057,105333,20923,0.30934767456596124,0.3488329443147716
7658,0.7662,16,50,16,637437,39007,105349,20907,0.30895165378279055,0.3489501618987215
7659,0.7663,23,43,23,637480,38964,105372,20884,0.30861107590926373,0.3489506750434434
7660,0.7664,11,31,11,637511,38933,105383,20873,0.3083655430236979,0.3490118048356352
7661,0.7665,15,38,15,637549,38895,105398,20858,0.30806456722848813,0.3490703395645407
7662,0.7666,27,42,27,637591,38853,105425,20831,0.30773190977062476,0.34902151330339787
7663,0.7667,21,51,21,637642,38802,105446,20810,0.3073279685717906,0.3490907870898477
7664,0.7668,25,56,25,637698,38746,105471,20785,0.30688442529463944,0.3491458231845593
7665,0.7669,13,26,13,637724,38720,105484,20772,0.3066784944873907,0.3491561890674376
7666,0.767,13,23,13,637747,38697,105497,20759,0.3064963249271322,0.3491489504843918
7667,0.7671,3,12,3,637759,38685,105500,20756,0.3064012799391712,0.3491865883817567
7668,0.7672,11,29,11,637788,38656,105511,20745,0.3061715878849322,0.3492365448393125
7669,0.7673,13,36,13,637824,38620,105524,20732,0.3058864529210493,0.3493058363660871
7670,0.7674,23,61,23,637885,38559,105547,20709,0.30540330756558104,0.34941283660660055
7671,0.7675,26,66,26,637951,38493,105573,20683,0.3048805601317957,0.34951669595782076
7672,0.7676,16,47,16,637998,38446,105589,20667,0.30450830059561523,0.3496185272275134
7673,0.7677,18,45,18,638043,38401,105607,20649,0.30415188189076164,0.34968670618120234
7674,0.7678,15,40,15,638083,38361,105622,20634,0.30383506526422505,0.3497584541062802
7675,0.7679,15,41,15,638124,38320,105637,20619,0.3035103282220251,0.3498362713992433
7676,0.768,8,44,8,638168,38276,105645,20611,0.30316182993283486,0.35000933992222394
7677,0.7681,15,20,15,638188,38256,105660,20596,0.3030034216195666,0.34996261809284307
7678,0.7682,6,30,6,638218,38226,105666,20590,0.30276580914966417,0.3500748095756257
7679,0.7683,18,56,18,638274,38170,105684,20572,0.302322265872513,0.35020939021483777
7680,0.7684,13,55,13,638329,38115,105697,20559,0.30188664301102525,0.35039370078740156
7681,0.7685,25,57,25,638386,38058,105722,20534,0.3014351793182106,0.3504574003276898
7682,0.7686,20,36,20,638422,38022,105742,20514,0.30115004435432774,0.3504510045100451
7683,0.7687,12,34,12,638456,37988,105754,20502,0.30088075022177163,0.350521456659258
7684,0.7688,13,32,13,638488,37956,105767,20489,0.3006272969205424,0.35056891094191117
7685,0.7689,4,11,4,638499,37945,105771,20485,0.3005401723482448,0.35059045011124423
7686,0.769,12,23,12,638522,37922,105783,20473,0.3003580027879863,0.3505950851956503
7687,0.7691,14,45,14,638567,37877,105797,20459,0.30000158408313266,0.35070968184311574
7688,0.7692,18,40,18,638607,37837,105815,20441,0.2996847674565961,0.35074985414736265
7689,0.7693,11,19,11,638626,37818,105826,20430,0.29953427955899126,0.3507416563658838
7690,0.7694,20,44,20,638670,37774,105846,20410,0.29918578126980105,0.35078372061047713
7691,0.7695,13,24,13,638694,37750,105859,20397,0.2989956912938791,0.3507833594166509
7692,0.7696,5,18,5,638712,37732,105864,20392,0.2988531238119376,0.3508361434175212
7693,0.7697,11,15,11,638727,37717,105875,20381,0.29873431757698643,0.35080381424489654
7694,0.7698,5,22,5,638749,37695,105880,20376,0.29856006843239136,0.3508808183086222
7695,0.7699,19,44,19,638793,37651,105899,20357,0.2982115701432011,0.35093435388222316
7696,0.77,29,47,29,638840,37604,105928,20328,0.2978393106070207,0.35089415176413724
7697,0.7701,22,47,22,638887,37557,105950,20306,0.2974670510708402,0.3509323747472478
7698,0.7702,22,52,22,638939,37505,105972,20284,0.2970551894563427,0.35100105556420774
7699,0.7703,22,38,22,638977,37467,105994,20262,0.2967542136611329,0.350984773683937
7700,0.7704,23,47,23,639024,37420,106017,20239,0.2963819541249525,0.3510119842522416
7701,0.7705,27,55,27,639079,37365,106044,20212,0.2959463312634647,0.35104295117842194
7702,0.7706,19,51,19,639130,37314,106063,20193,0.29554239006463057,0.35113986123428453
7703,0.7707,13,36,13,639166,37278,106076,20180,0.2952572551007477,0.35121305997424207
7704,0.7708,14,31,14,639197,37247,106090,20166,0.29501172221518185,0.35124449166565064
7705,0.7709,25,52,25,639249,37195,106115,20141,0.2945998606006843,0.3512801730152086
7706,0.771,18,33,18,639282,37162,106133,20123,0.29433848688379166,0.35127869424805797
7707,0.7711,14,41,14,639323,37121,106147,20109,0.2940137498415917,0.35137165822121263
7708,0.7712,14,49,14,639372,37072,106161,20095,0.2936256494740844,0.3515139853411933
7709,0.7713,29,60,29,639432,37012,106190,20066,0.2931504245342796,0.3515540138056694
7710,0.7714,20,41,20,639473,36971,106210,20046,0.2928256874920796,0.35157935352614134
7711,0.7715,12,40,12,639513,36931,106222,20034,0.292508870865543,0.35168963398578074
7712,0.7716,13,40,13,639553,36891,106235,20021,0.29219205423900646,0.3517887264548777
7713,0.7717,15,35,15,639588,36856,106250,20006,0.29191483969078696,0.35183426541451235
7714,0.7718,16,50,16,639638,36806,106266,19990,0.2915188189076163,0.3519614057327981
7715,0.7719,19,51,19,639689,36755,106285,19971,0.29111487770878214,0.3520607834150125
7716,0.772,17,36,17,639725,36719,106302,19954,0.29082974274489926,0.35209006052264746
7717,0.7721,23,59,23,639784,36660,106325,19931,0.2903624382207578,0.3521938117368486
7718,0.7722,37,85,37,639869,36575,106362,19894,0.2896892028893676,0.35229949175653896
7719,0.7723,26,78,26,639947,36497,106388,19868,0.28907141046762136,0.3524882462521068
7720,0.7724,19,35,19,639982,36462,106407,19849,0.28879419591940186,0.35248885652891976
7721,0.7725,22,45,22,640027,36417,106429,19827,0.2884377772145482,0.3525176018775336
7722,0.7726,17,19,17,640046,36398,106446,19810,0.28828728931694336,0.35244093367492174
7723,0.7727,9,38,9,640084,36360,106455,19801,0.2879863135217336,0.3525756307758053
7724,0.7728,16,40,16,640124,36320,106471,19785,0.28766949689519705,0.3526423669904643
7725,0.7729,10,32,10,640156,36288,106481,19775,0.28741604359396783,0.35272818079660384
7726,0.773,8,41,8,640197,36247,106489,19767,0.28709130655176784,0.3528939193772985
7727,0.7731,13,41,13,640238,36206,106502,19754,0.28676656950956786,0.3530021443888492
7728,0.7732,11,43,11,640281,36163,106513,19743,0.28642599163604104,0.35314635280649664
7729,0.7733,16,32,16,640313,36131,106529,19727,0.2861725383348118,0.3531633785670808
7730,0.7734,19,53,19,640366,36078,106548,19708,0.28575275630465086,0.35327860036568315
7731,0.7735,19,58,19,640424,36020,106567,19689,0.28529337219617285,0.35342583783589726
7732,0.7736,11,28,11,640452,35992,106578,19678,0.2850716005575973,0.35347583977007363
7733,0.7737,13,25,13,640477,35967,106591,19665,0.28487359016601194,0.35348360655737704
7734,0.7738,12,33,12,640510,35934,106603,19653,0.28461221644911927,0.3535538884991095
7735,0.7739,13,26,13,640536,35908,106616,19640,0.2844062856418705,0.3535680852595953
7736,0.774,14,31,14,640567,35877,106630,19626,0.28416075275630465,0.353602507972542
7737,0.7741,17,48,17,640615,35829,106647,19609,0.2837805728044608,0.3537104513149825
7738,0.7742,36,95,36,640710,35734,106683,19573,0.28302813331643645,0.35389733668432566
7739,0.7743,13,52,13,640762,35682,106696,19560,0.2826162717019389,0.35407841859454764
7740,0.7744,18,55,18,640817,35627,106714,19542,0.28218064884045113,0.3542206674037956
7741,0.7745,15,18,15,640835,35609,106729,19527,0.2820380813585097,0.3541606210098665
7742,0.7746,11,37,11,640872,35572,106740,19516,0.2817450259789634,0.35426953238454834
7743,0.7747,12,35,12,640907,35537,106752,19504,0.2814678114307439,0.354354026998056
7744,0.7748,17,29,17,640936,35508,106769,19487,0.2812381193765049,0.3543413037548868
7745,0.7749,19,35,19,640971,35473,106788,19468,0.2809609048282854,0.35434375056879197
7746,0.775,13,26,13,640997,35447,106801,19455,0.2807549740210366,0.35435867545808897
7747,0.7751,6,30,6,641027,35417,106807,19449,0.2805173615511342,0.3544818284547807
7748,0.7752,7,38,7,641065,35379,106814,19442,0.28021638575592445,0.3546451177468488
7749,0.7753,16,26,16,641091,35353,106830,19426,0.2800104549486757,0.354624947516384
7750,0.7754,22,56,22,641147,35297,106852,19404,0.27956691167152453,0.3547284327526005
7751,0.7755,11,20,11,641167,35277,106863,19393,0.27940850335825623,0.35472837022132797
7752,0.7756,11,29,11,641196,35248,106874,19382,0.2791788113040172,0.3547867472084935
7753,0.7757,19,48,19,641244,35200,106893,19363,0.27879863135217337,0.3548741821380789
7754,0.7758,15,46,15,641290,35154,106908,19348,0.27843429223165633,0.3549961469303879
7755,0.7759,12,33,12,641323,35121,106920,19336,0.27817291851476367,0.35506913711735866
7756,0.776,20,39,20,641362,35082,106940,19316,0.2778640223038905,0.3550865840655906
7757,0.7761,28,45,28,641407,35037,106968,19288,0.27750760359903687,0.3550483202945237
7758,0.7762,9,22,9,641429,35015,106977,19279,0.2773333544544418,0.3550852764578038
7759,0.7763,11,43,11,641472,34972,106988,19268,0.276992776580915,0.35523598820059
7760,0.7764,18,44,18,641516,34928,107006,19250,0.2766442782917248,0.35531027354276645
7761,0.7765,37,60,37,641576,34868,107043,19213,0.27616905335191994,0.35526340119450456
7762,0.7766,9,23,9,641599,34845,107052,19204,0.27598688379166136,0.35530722122518454
7763,0.7767,6,21,6,641620,34824,107058,19198,0.2758205550627297,0.3553737366258191
7764,0.7768,14,43,14,641663,34781,107072,19184,0.27547997718920286,0.35548966923005654
7765,0.7769,19,26,19,641689,34755,107091,19165,0.27527404638195413,0.3554339762611276
7766,0.777,15,36,15,641725,34719,107106,19150,0.27498891141807125,0.35549202695427795
7767,0.7771,10,25,10,641750,34694,107116,19140,0.27479090102648585,0.35553739272578666
7768,0.7772,16,47,16,641797,34647,107132,19124,0.2744186414903054,0.35565639471090366
7769,0.7773,23,54,23,641851,34593,107155,19101,0.2739909390444811,0.3557380712928819
7770,0.7774,10,27,10,641878,34566,107165,19091,0.2737770878215689,0.3557970069142889
7771,0.7775,10,30,10,641908,34536,107175,19081,0.27353947535166645,0.35587593487140273
7772,0.7776,13,79,13,641987,34457,107188,19068,0.27291376251425675,0.3562447454460532
7773,0.7777,13,27,13,642014,34430,107201,19055,0.2726999112913446,0.35626811255492197
7774,0.7778,18,38,18,642052,34392,107219,19037,0.27239893549613486,0.35630462857249806
7775,0.7779,12,48,12,642100,34344,107231,19025,0.27201875554429095,0.3564803537634207
7776,0.778,15,37,15,642137,34307,107246,19010,0.2717257001647446,0.356546692424555
7777,0.7781,12,25,12,642162,34282,107258,18998,0.2715276897731593,0.35656906906906904
7778,0.7782,19,40,19,642202,34242,107277,18979,0.27121087314662273,0.3566073542398677
7779,0.7783,4,28,4,642230,34214,107281,18975,0.27098910150804717,0.3567466957453609
7780,0.7784,17,52,17,642282,34162,107298,18958,0.2705772398935496,0.35689006024096387
7781,0.7785,19,33,19,642315,34129,107317,18939,0.2703158661766569,0.3568817366397829
7782,0.7786,3,17,3,642332,34112,107320,18936,0.2701812191103789,0.356959734580003
7783,0.7787,17,38,17,642370,34074,107337,18919,0.2698802433151692,0.3570094163380069
7784,0.7788,15,24,15,642394,34050,107352,18904,0.26969015333924723,0.3569890848661102
7785,0.7789,13,52,13,642446,33998,107365,18891,0.2692782917247497,0.357182022726843
7786,0.779,17,39,17,642485,33959,107382,18874,0.26896939551387655,0.35723884693278823
7787,0.7791,17,27,17,642512,33932,107399,18857,0.2687555442909644,0.3572145712174885
7788,0.7792,21,37,21,642549,33895,107420,18836,0.26846248891141805,0.35720923176120306
7789,0.7793,14,30,14,642579,33865,107434,18822,0.26822487644151566,0.35724182435895
7790,0.7794,20,31,20,642610,33834,107454,18802,0.2679793435559498,0.3572079945284596
7791,0.7795,8,26,8,642636,33808,107462,18794,0.26777341274870103,0.35728679517889056
7792,0.7796,19,48,19,642684,33760,107481,18775,0.26739323279685717,0.35738079375654325
7793,0.7797,11,17,11,642701,33743,107492,18764,0.26725858573057915,0.3573618755594492
7794,0.7798,19,35,19,642736,33708,107511,18745,0.26698137118235965,0.35736754809067167
7795,0.7799,11,27,11,642763,33681,107522,18734,0.2667675199594475,0.35741677000858535
7796,0.78,20,41,20,642804,33640,107542,18714,0.2664427829172475,0.357451197616228
7797,0.7801,8,29,8,642833,33611,107550,18706,0.2662130908630085,0.35755108282202724
7798,0.7802,13,14,13,642847,33597,107563,18693,0.2661022050437207,0.357487091222031
7799,0.7803,22,45,22,642892,33552,107585,18671,0.2657457863388671,0.35752446240162383
7800,0.7804,9,25,9,642917,33527,107594,18662,0.26554777594728174,0.35758493169058614
7801,0.7805,26,63,26,642980,33464,107620,18636,0.2650487897604866,0.3576967370441459
7802,0.7806,12,20,12,643000,33444,107632,18624,0.2648903814472183,0.357686102788661
7803,0.7807,13,38,13,643038,33406,107645,18611,0.2645894056520086,0.35778687736701464
7804,0.7808,16,41,16,643079,33365,107661,18595,0.26426466860980863,0.35787143956889916
7805,0.7809,20,57,20,643136,33308,107681,18575,0.26381320491699406,0.35801707688452866
7806,0.781,13,26,13,643162,33282,107694,18562,0.26360727410974527,0.35803564539773164
7807,0.7811,18,45,18,643207,33237,107712,18544,0.2632508554048916,0.35812363608273307
7808,0.7812,14,33,14,643240,33204,107726,18530,0.26298948168799896,0.3581783739900259
7809,0.7813,12,28,12,643268,33176,107738,18518,0.2627677100494234,0.3582233914961117
7810,0.7814,16,79,16,643347,33097,107754,18502,0.2621419972120137,0.3585728405589256
7811,0.7815,16,28,16,643375,33069,107770,18486,0.2619202255734381,0.3585685190573174
7812,0.7816,11,24,11,643399,33045,107781,18475,0.2617301355975162,0.35859860248447206
7813,0.7817,15,26,15,643425,33019,107796,18460,0.2615242047902674,0.35859282425843547
7814,0.7818,18,39,18,643464,32980,107814,18442,0.26121530857939423,0.35864027070125626
7815,0.7819,22,54,22,643518,32926,107836,18420,0.2607876061335699,0.3587426479180462
7816,0.782,11,28,11,643546,32898,107847,18409,0.2605658344949943,0.35880094334106455
7817,0.7821,21,45,21,643591,32853,107868,18388,0.2602094157901407,0.35885326203626
7818,0.7822,11,37,11,643628,32816,107879,18377,0.25991636041059435,0.3589748598441193
7819,0.7823,9,27,9,643655,32789,107888,18368,0.2597025091876822,0.35905154719784194
7820,0.7824,9,27,9,643682,32762,107897,18359,0.25948865796477,0.3591283425598091
7821,0.7825,13,31,13,643713,32731,107910,18346,0.25924312507920416,0.35918319400121385
7822,0.7826,23,63,23,643776,32668,107933,18323,0.25874413889240905,0.35933792237845896
7823,0.7827,16,44,16,643820,32624,107949,18307,0.25839564060321885,0.35944709508943473
7824,0.7828,10,26,10,643846,32598,107959,18297,0.2581897097959701,0.3595048629531388
7825,0.7829,23,47,23,643893,32551,107982,18274,0.25781745025978964,0.3595474667978357
7826,0.783,15,32,15,643925,32519,107997,18259,0.25756399695856036,0.3595848595848596
7827,0.7831,26,44,26,643969,32475,108023,18233,0.25721549866937016,0.3595685098998186
7828,0.7832,8,24,8,643993,32451,108031,18225,0.25702540869344825,0.35963769831873077
7829,0.7833,7,24,7,644017,32427,108038,18218,0.2568353187175263,0.3597196169414552
7830,0.7834,29,53,29,644070,32374,108067,18189,0.25641553668736533,0.35972944643316257
7831,0.7835,16,32,16,644102,32342,108083,18173,0.2561620833861361,0.3597545283579135
7832,0.7836,16,47,16,644149,32295,108099,18157,0.25578982384995563,0.3598866249108063
7833,0.7837,11,32,11,644181,32263,108110,18146,0.2555363705487264,0.35997540121803645
7834,0.7838,16,66,16,644247,32197,108126,18130,0.2550136231149411,0.36024400421245056
7835,0.7839,11,35,11,644282,32162,108137,18119,0.2547364085667216,0.3603548059903343
7836,0.784,17,38,17,644320,32124,108154,18102,0.25443543277151187,0.36041094253972045
7837,0.7841,16,47,16,644367,32077,108170,18086,0.2540631732353314,0.3605446245240516
7838,0.7842,17,39,17,644406,32038,108187,18069,0.25375427702445824,0.3606082982417626
7839,0.7843,16,38,16,644444,32000,108203,18053,0.25345330122924853,0.3606776816574431
7840,0.7844,15,29,15,644473,31971,108218,18038,0.2532236091750095,0.3606950748865204
7841,0.7845,11,32,11,644505,31939,108229,18027,0.25297015587378024,0.36078533402713847
7842,0.7846,5,23,5,644528,31916,108234,18022,0.25278798631352173,0.3608875005006208
7843,0.7847,16,52,16,644580,31864,108250,18006,0.2523761246990242,0.36105875275716864
7844,0.7848,20,28,20,644608,31836,108270,17986,0.2521543530604486,0.3610051784352294
7845,0.7849,16,36,16,644644,31800,108286,17970,0.2518692180965657,0.36106088004822184
7846,0.785,14,43,14,644687,31757,108300,17956,0.2515286402230389,0.361193249250699
7847,0.7851,25,53,25,644740,31704,108325,17931,0.251108858192878,0.36125717739498336
7848,0.7852,13,31,13,644771,31673,108338,17918,0.25086332530731215,0.36131556129136333
7849,0.7853,12,34,12,644805,31639,108350,17906,0.25059403117475604,0.36140882026440607
7850,0.7854,24,47,24,644852,31592,108374,17882,0.2502217716385756,0.3614423737720823
7851,0.7855,9,36,9,644888,31556,108383,17873,0.24993663667469268,0.3615893503813551
7852,0.7856,14,30,14,644918,31526,108397,17859,0.24969902420479026,0.36162802470385746
7853,0.7857,28,72,28,644990,31454,108425,17831,0.24912875427702447,0.3617936491833215
7854,0.7858,11,28,11,645018,31426,108436,17820,0.24890698263844888,0.3618568005523291
7855,0.7859,9,14,9,645032,31412,108445,17811,0.24879609681916107,0.3618430408548849
7856,0.786,21,38,21,645070,31374,108466,17790,0.24849512102395133,0.3618501342445692
7857,0.7861,7,30,7,645100,31344,108473,17783,0.2482575085540489,0.3619801738351619
7858,0.7862,17,50,17,645150,31294,108490,17766,0.2478614877708782,0.36212800652262533
7859,0.7863,16,37,16,645187,31257,108506,17750,0.2475684323913319,0.3621931560797437
7860,0.7864,21,49,21,645236,31208,108527,17729,0.2471803320238246,0.3622821178249586
7861,0.7865,33,51,33,645287,31157,108560,17696,0.2467763908249905,0.3622295457801977
7862,0.7866,15,36,15,645323,31121,108575,17681,0.2464912558611076,0.3623007253801074
7863,0.7867,21,55,21,645378,31066,108596,17660,0.24605563299961983,0.36243483971596274
7864,0.7868,20,48,20,645426,31018,108616,17640,0.24567545304777594,0.36253031361749355
7865,0.7869,12,32,12,645458,30986,108628,17628,0.2454219997465467,0.36261159336816556
7866,0.787,9,15,9,645473,30971,108637,17619,0.2453031935115955,0.3626054743774439
7867,0.7871,19,55,19,645528,30916,108656,17600,0.24486757065010772,0.3627669222524528
7868,0.7872,10,22,10,645550,30894,108666,17590,0.24469332150551262,0.36280009900173255
7869,0.7873,14,24,14,645574,30870,108680,17576,0.24450323152959066,0.36279569004664985
7870,0.7874,10,44,10,645618,30826,108690,17566,0.24415473324040046,0.3629938832864936
7871,0.7875,18,46,18,645664,30780,108708,17548,0.2437903941198834,0.36310213540804503
7872,0.7876,21,34,21,645698,30746,108729,17527,0.24352109998732732,0.3630808112195223
7873,0.7877,9,26,9,645724,30720,108738,17518,0.24331516918007856,0.36315767652058545
7874,0.7878,36,49,36,645773,30671,108774,17482,0.24292706881257128,0.3630511079268166
7875,0.7879,13,32,13,645805,30639,108787,17469,0.24267361551134203,0.36312047892242455
7876,0.788,10,32,10,645837,30607,108797,17459,0.24242016221011278,0.36322972579370033
7877,0.7881,17,31,17,645868,30576,108814,17442,0.24217462932454695,0.3632387854554542
7878,0.7882,15,33,15,645901,30543,108829,17427,0.24191325560765428,0.3632895559724828
7879,0.7883,23,56,23,645957,30487,108852,17404,0.2414697123305031,0.363408573635965
7880,0.7884,16,23,16,645980,30464,108868,17388,0.24128754277024458,0.3633703920421299
7881,0.7885,24,40,24,646020,30424,108892,17364,0.24097072614370801,0.3633548171088976
7882,0.7886,25,41,25,646061,30383,108917,17339,0.24064598910150806,0.3633334730313063
7883,0.7887,24,45,24,646106,30338,108941,17315,0.2402895703966544,0.3633559272238894
7884,0.7888,19,34,19,646140,30304,108960,17296,0.24002027626409833,0.3633613445378151
7885,0.7889,11,36,11,646176,30268,108971,17285,0.23973514130021545,0.3634891594641768
7886,0.789,18,33,18,646209,30235,108989,17267,0.23947376758332278,0.36350048419013936
7887,0.7891,15,35,15,646244,30200,109004,17252,0.2391965530351033,0.36356739441962405
7888,0.7892,8,25,8,646269,30175,109012,17244,0.23899854264351794,0.36365170079503994
7889,0.7893,25,71,25,646340,30104,109037,17219,0.23843619313141554,0.363861124611711
7890,0.7894,10,25,10,646365,30079,109047,17209,0.2382381827398302,0.36391896464219253
7891,0.7895,15,25,15,646390,30054,109062,17194,0.23804017234824484,0.3639095834744328
7892,0.7896,19,60,19,646450,29994,109081,17175,0.23756494740844,0.36411626279972015
7893,0.7897,13,30,13,646480,29964,109094,17162,0.23732733493853758,0.3641726435513305
7894,0.7898,12,15,12,646495,29949,109106,17150,0.23720852870358636,0.3641266268922907
7895,0.7899,9,29,9,646524,29920,109115,17141,0.23697883664934735,0.364229404390047
7896,0.79,18,27,18,646551,29893,109133,17123,0.23676498542643518,0.3641951676025183
7897,0.7901,13,34,13,646585,29859,109146,17110,0.2364956912938791,0.364282824841917
7898,0.7902,18,59,18,646644,29800,109164,17092,0.23602838676973767,0.3644971423697006
7899,0.7903,12,37,12,646681,29763,109176,17080,0.23573533139019134,0.3646222487885063
7900,0.7904,10,30,10,646711,29733,109186,17070,0.23549771892028892,0.36472021024293316
7901,0.7905,15,45,15,646756,29688,109201,17055,0.2351413002154353,0.3648674667864707
7902,0.7906,15,28,15,646784,29660,109216,17040,0.23491952857685972,0.36488222698072803
7903,0.7907,17,42,17,646826,29618,109233,17023,0.23458687111899632,0.36497931004909845
7904,0.7908,14,31,14,646857,29587,109247,17009,0.23434133823343048,0.36503133316164477
7905,0.7909,7,27,7,646884,29560,109254,17002,0.2341274870105183,0.36514754520853915
7906,0.791,14,32,14,646916,29528,109268,16988,0.23387403370928905,0.36520767047897496
7907,0.7911,5,24,5,646940,29504,109273,16983,0.23368394373336712,0.3653279411448362
7908,0.7912,9,30,9,646970,29474,109282,16974,0.2334463312634647,0.3654409231829142
7909,0.7913,18,48,18,647018,29426,109300,16956,0.23306615131162084,0.3655728515372343
7910,0.7914,18,59,18,647077,29367,109318,16938,0.2325988467874794,0.36579203109815356
7911,0.7915,6,24,6,647101,29343,109324,16932,0.23240875681155748,0.3658995137763371
7912,0.7916,12,42,12,647143,29301,109336,16920,0.23207609935369408,0.36606737197377814
7913,0.7917,12,39,12,647182,29262,109348,16908,0.23176720314282093,0.3662118258609487
7914,0.7918,15,31,15,647213,29231,109363,16893,0.2315216702572551,0.36625184285838175
7915,0.7919,21,39,21,647252,29192,109384,16872,0.23121277404638196,0.3662730114623133
7916,0.792,14,13,14,647265,29179,109398,16858,0.23110980864275757,0.36618372178899583
7917,0.7921,21,31,21,647296,29148,109419,16837,0.23086427575719173,0.36614113297814505
7918,0.7922,14,37,14,647333,29111,109433,16823,0.2305712203776454,0.36624287020507684
7919,0.7923,9,26,9,647359,29085,109442,16814,0.23036528957039665,0.36632606374866555
7920,0.7924,16,36,16,647395,29049,109458,16798,0.23008015460651374,0.366392566580147
7921,0.7925,18,30,18,647425,29019,109476,16780,0.22984254213661132,0.36638354549225965
7922,0.7926,6,30,6,647455,28989,109482,16774,0.2296049296667089,0.3665406551143937
7923,0.7927,9,26,9,647481,28963,109491,16765,0.22939899885946013,0.3666243876836949
7924,0.7928,14,37,14,647518,28926,109505,16751,0.22910594347991384,0.3667272369025987
7925,0.7929,11,31,11,647549,28895,109516,16740,0.228860410594348,0.3668237098718089
7926,0.793,16,48,16,647597,28847,109532,16724,0.2284802306425041,0.3669877773145202
7927,0.7931,6,30,6,647627,28817,109538,16718,0.2282426181726017,0.3671461513121774
7928,0.7932,11,31,11,647658,28786,109549,16707,0.22799708528703586,0.3672433121579144
7929,0.7933,14,39,14,647697,28747,109563,16693,0.22768818907616273,0.3673635563380282
7930,0.7934,11,21,11,647718,28726,109574,16682,0.22752186034723101,0.3673801973220578
7931,0.7935,9,44,9,647762,28682,109583,16673,0.2271733620580408,0.3676110682394444
7932,0.7936,25,46,25,647808,28636,109608,16648,0.22680902293752375,0.36763536790036216
7933,0.7937,14,33,14,647841,28603,109622,16634,0.2265476492206311,0.3677078497689944
7934,0.7938,10,30,10,647871,28573,109632,16624,0.22631003675072867,0.36781202292187537
7935,0.7939,22,27,22,647898,28546,109654,16602,0.2260961855278165,0.3677239301851688
7936,0.794,11,40,11,647938,28506,109665,16591,0.22577936890127995,0.3678958689048052
7937,0.7941,11,28,11,647966,28478,109676,16580,0.22555759726270436,0.3679701717785965
7938,0.7942,9,18,9,647984,28460,109685,16571,0.2254150297807629,0.3679909395749595
7939,0.7943,9,35,9,648019,28425,109694,16562,0.2251378152325434,0.3681507991197457
7940,0.7944,14,37,14,648056,28388,109708,16548,0.2248447598529971,0.3682570767313513
7941,0.7945,15,39,15,648095,28349,109723,16533,0.22453586364212394,0.36836593734682055
7942,0.7946,21,32,21,648127,28317,109744,16512,0.2242824103408947,0.3683329987285016
7943,0.7947,11,28,11,648155,28289,109755,16501,0.2240606387023191,0.36840812681402096
7944,0.7948,20,46,20,648201,28243,109775,16481,0.22369629958180207,0.3685046060280834
7945,0.7949,11,11,11,648212,28232,109786,16470,0.2236091750095045,0.36843989083262496
7946,0.795,12,21,12,648233,28211,109798,16458,0.22344284628057282,0.368443439521816
7947,0.7951,19,56,19,648289,28155,109817,16439,0.2229993030034216,0.3686370363726062
7948,0.7952,12,31,12,648320,28124,109829,16427,0.2227537701178558,0.36872348544364886
7949,0.7953,10,26,10,648346,28098,109839,16417,0.222547839310607,0.368797034707402
7950,0.7954,11,23,11,648369,28075,109850,16406,0.2223656697503485,0.36883163597940694
7951,0.7955,5,33,5,648402,28042,109855,16401,0.22210429603345583,0.3690344936210427
7952,0.7956,14,31,14,648433,28011,109869,16387,0.22185876314789,0.36909320239650434
7953,0.7957,17,24,17,648457,27987,109886,16370,0.22166867317196806,0.3690511080550984
7954,0.7958,20,37,20,648494,27950,109906,16350,0.22137561779242174,0.3690744920993228
7955,0.7959,19,40,19,648534,27910,109925,16331,0.2210588011658852,0.3691372256504148
7956,0.796,16,41,16,648575,27869,109941,16315,0.2207340641236852,0.3692513126923773
7957,0.7961,19,49,19,648624,27820,109960,16296,0.22034596375617793,0.36938979055218063
7958,0.7962,18,44,18,648668,27776,109978,16278,0.2199974654669877,0.3695010668724747
7959,0.7963,17,43,17,648711,27733,109995,16261,0.21965688759346091,0.3696185843524117
7960,0.7964,20,32,20,648743,27701,110015,16241,0.21940343429223166,0.3696008374675709
7961,0.7965,15,46,15,648789,27655,110030,16226,0.2190390951717146,0.369772794603587
7962,0.7966,16,41,16,648830,27614,110046,16210,0.21871435812951465,0.36988864549105516
7963,0.7967,16,41,16,648871,27573,110062,16194,0.21838962108731466,0.3700047981355816
7964,0.7968,8,29,8,648900,27544,110070,16186,0.21815992903307566,0.370134918820032
7965,0.7969,18,23,18,648923,27521,110088,16168,0.21797775947281714,0.37007026940419785
7966,0.797,23,42,23,648965,27479,110111,16145,0.21764510201495374,0.37009444342563724
7967,0.7971,13,23,13,648988,27456,110124,16132,0.21746293245469522,0.3701018628980453
7968,0.7972,11,29,11,649017,27427,110135,16121,0.21723324040045622,0.37018921649673925
7969,0.7973,13,40,13,649057,27387,110148,16108,0.21691642377391965,0.37034141855385677
7970,0.7974,28,61,28,649118,27326,110176,16080,0.2164332784184514,0.37045569736902734
7971,0.7975,11,40,11,649158,27286,110187,16069,0.21611646179191485,0.3706377580440549
7972,0.7976,10,41,10,649199,27245,110197,16059,0.21579172474971486,0.3708433401071495
7973,0.7977,17,37,17,649236,27208,110214,16042,0.21549866937016854,0.37091329479768786
7974,0.7978,23,48,23,649284,27160,110237,16019,0.21511848941832468,0.3709905278028671
7975,0.7979,15,36,15,649320,27124,110252,16004,0.21483335445444177,0.3710814320163235
7976,0.798,8,24,8,649344,27100,110260,15996,0.21464326447851984,0.3711713384072768
7977,0.7981,12,48,12,649392,27052,110272,15984,0.21426308452667597,0.3714099823403662
7978,0.7982,14,27,14,649419,27025,110286,15970,0.21404923330376377,0.37143853936504245
7979,0.7983,21,43,21,649462,26982,110307,15949,0.21370865543023698,0.37150310964105193
7980,0.7984,12,41,12,649503,26941,110319,15937,0.213383918388037,0.3716824478753673
7981,0.7985,17,54,17,649557,26887,110336,15920,0.21295621594221265,0.3719017917630294
7982,0.7986,7,17,7,649574,26870,110343,15913,0.21282156887593462,0.37194680129958163
7983,0.7987,19,51,19,649625,26819,110362,15894,0.21241762767710048,0.37211153512982
7984,0.7988,22,36,22,649661,26783,110384,15872,0.2121324927132176,0.3721017465713281
7985,0.7989,13,38,13,649699,26745,110397,15859,0.21183151691800786,0.3722420430006572
7986,0.799,11,34,11,649733,26711,110408,15848,0.21156222278545178,0.37237717051622454
7987,0.7991,37,45,37,649778,26666,110445,15811,0.21120580408059814,0.3722249688066483
7988,0.7992,14,39,14,649817,26627,110459,15797,0.210896907869725,0.3723599849141995
7989,0.7993,18,35,18,649852,26592,110477,15779,0.2106196933215055,0.3724009346014963
7990,0.7994,24,31,24,649883,26561,110501,15755,0.21037416043593968,0.3723177994139333
7991,0.7995,9,22,9,649905,26539,110510,15746,0.21019991129134458,0.3723779117890505
7992,0.7996,7,26,7,649931,26513,110517,15739,0.20999398048409582,0.37250307677743066
7993,0.7997,7,31,7,649962,26482,110524,15732,0.20974844759852998,0.37267257308002083
7994,0.7998,17,42,17,650004,26440,110541,15715,0.20941579014066658,0.37279089076028943
7995,0.7999,7,35,7,650039,26405,110548,15708,0.20913857559244708,0.37299646190012586
7996,0.8,20,36,20,650075,26369,110568,15688,0.20885344062856417,0.37301757139120717
7997,0.8001,17,26,17,650101,26343,110585,15671,0.2086475098213154,0.37299471604703194
7998,0.8002,9,19,9,650120,26324,110594,15662,0.20849702192371056,0.37302910493974184
7999,0.8003,16,20,16,650140,26304,110610,15646,0.20833861361044229,0.3729678188319428
8000,0.8004,16,19,16,650159,26285,110626,15630,0.2081881257128374,0.3728975307169271
8001,0.8005,8,23,8,650182,26262,110634,15622,0.20800595615257889,0.3729825231592016
8002,0.8006,6,23,6,650205,26239,110640,15616,0.20782378659232037,0.3730975988531836
8003,0.8007,18,32,18,650237,26207,110658,15598,0.20757033329109112,0.3731132639636407
8004,0.8008,20,34,20,650271,26173,110678,15578,0.20730103915853504,0.3731168115733755
8005,0.8009,22,42,22,650313,26131,110700,15556,0.20696838170067164,0.3731618969942668
8006,0.801,19,33,19,650346,26098,110719,15537,0.206707007983779,0.37317161042392216
8007,0.8011,15,29,15,650375,26069,110734,15522,0.20647731592954,0.37320574162679426
8008,0.8012,9,13,9,650388,26056,110743,15513,0.2063743505259156,0.3731867497413938
8009,0.8013,7,31,7,650419,26025,110750,15506,0.20612881764034977,0.37335965904986634
8010,0.8014,9,12,9,650431,26013,110759,15497,0.20603377265238879,0.3733317272946278
8011,0.8015,16,37,16,650468,25976,110775,15481,0.2057407172728425,0.3734230648623875
8012,0.8016,11,35,11,650503,25941,110786,15470,0.205463502724623,0.37357223926009997
8013,0.8017,12,37,12,650540,25904,110798,15458,0.20517044734507667,0.37372467482230065
8014,0.8018,11,27,11,650567,25877,110809,15447,0.2049565961221645,0.373802148872326
8015,0.8019,22,55,22,650622,25822,110831,15425,0.20452097326067673,0.37396659150968553
8016,0.802,17,20,17,650642,25802,110848,15408,0.20436256494740845,0.37388983256491143
8017,0.8021,10,23,10,650665,25779,110858,15398,0.2041803953871499,0.37394662068630546
8018,0.8022,16,34,16,650699,25745,110874,15382,0.20391110125459383,0.3740122060933207
8019,0.8023,21,27,21,650726,25718,110895,15361,0.20369725003168165,0.37393802186031794
8020,0.8024,10,26,10,650752,25692,110905,15351,0.2034913192244329,0.37402236678605366
8021,0.8025,12,40,12,650792,25652,110917,15339,0.20317450259789635,0.3742040935815179
8022,0.8026,5,21,5,650813,25631,110922,15334,0.20300817386896464,0.3743195410716465
8023,0.8027,36,63,36,650876,25568,110958,15298,0.20250918768216955,0.37434542162188617
8024,0.8028,4,26,4,650902,25542,110962,15294,0.2023032568749208,0.3745224801645607
8025,0.8029,20,29,20,650931,25513,110982,15274,0.20207356482068178,0.374482065363964
8026,0.803,13,31,13,650962,25482,110995,15261,0.20182803193511595,0.37456741035269864
8027,0.8031,16,23,16,650985,25459,111011,15245,0.20164586237485743,0.374533215408805
8028,0.8032,10,22,10,651007,25437,111021,15235,0.20147161323026233,0.3745820220298977
8029,0.8033,18,37,18,651044,25400,111039,15217,0.201178557850716,0.3746460841519561
8030,0.8034,12,39,12,651083,25361,111051,15205,0.20086966163984285,0.37482127890351524
8031,0.8035,15,36,15,651119,25325,111066,15190,0.20058452667595997,0.374922868073553
8032,0.8036,16,51,16,651170,25274,111082,15174,0.20018058547712583,0.37514833860759494
8033,0.8037,16,15,16,651185,25259,111098,15158,0.20006177924217464,0.37504020585397235
8034,0.8038,16,22,16,651207,25237,111114,15142,0.1998875300975795,0.37499690433145944
8035,0.8039,20,33,20,651240,25204,111134,15122,0.19962615638068687,0.3749938005257154
8036,0.804,11,18,11,651258,25186,111145,15111,0.1994835888987454,0.37499069409633473
8037,0.8041,9,25,9,651283,25161,111154,15102,0.19928557850716005,0.37508382385813277
8038,0.8042,12,27,12,651310,25134,111166,15090,0.19907172728424788,0.3751491646778043
8039,0.8043,24,59,24,651369,25075,111190,15066,0.19860442276010645,0.3753269724222117
8040,0.8044,18,35,18,651404,25040,111208,15048,0.19832720821188696,0.37537417681101576
8041,0.8045,14,38,14,651442,25002,111222,15034,0.19802623241667722,0.37551203916475173
8042,0.8046,15,26,15,651468,24976,111237,15019,0.19782030160942846,0.3755219402425303
8043,0.8047,13,23,13,651491,24953,111250,15006,0.19763813204916994,0.3755349232963788
8044,0.8048,8,26,8,651517,24927,111258,14998,0.19743220124192118,0.37565435190983093
8045,0.8049,16,40,16,651557,24887,111274,14982,0.1971153846153846,0.3757806817326745
8046,0.805,13,32,13,651589,24855,111287,14969,0.19686193131415536,0.3758788670148654
8047,0.8051,7,17,7,651606,24838,111294,14962,0.19672728424787733,0.375929648241206
8048,0.8052,3,14,3,651620,24824,111297,14959,0.19661639842858952,0.37601488072794914
8049,0.8053,19,43,19,651663,24781,111316,14940,0.19627582055506274,0.37612346114146167
8050,0.8054,12,28,12,651691,24753,111328,14928,0.19605404891648714,0.3762001965676268
8051,0.8055,21,27,21,651718,24726,111349,14907,0.19584019769357497,0.37612595564302476
8052,0.8056,28,51,28,651769,24675,111377,14879,0.19543625649474083,0.37616928755625223
8053,0.8057,7,10,7,651779,24665,111384,14872,0.1953570523381067,0.3761539823456509
8054,0.8058,31,59,31,651838,24606,111415,14841,0.1948897478139653,0.3762263289984029
8055,0.8059,23,36,23,651874,24570,111438,14818,0.19460461285008238,0.37620595105108157
8056,0.806,17,35,17,651909,24535,111455,14801,0.19432739830186288,0.37627110026438887
8057,0.8061,19,45,19,651954,24490,111474,14782,0.19397097959700926,0.37640048889794253
8058,0.8062,18,23,18,651977,24467,111492,14764,0.19378881003675072,0.3763350411664245
8059,0.8063,9,30,9,652007,24437,111501,14755,0.1935511975668483,0.376479893855889
8060,0.8064,13,31,13,652038,24406,111514,14742,0.19330566468128246,0.37657096147951363
8061,0.8065,21,35,21,652073,24371,111535,14721,0.193028450133063,0.3765732119103653
8062,0.8066,6,19,6,652092,24352,111541,14715,0.1928779622354581,0.376660608697878
8063,0.8067,7,17,7,652109,24335,111548,14708,0.19274331516918009,0.37671285505724456
8064,0.8068,12,22,12,652131,24313,111560,14696,0.19256906602458498,0.3767335743033659
8065,0.8069,13,37,13,652168,24276,111573,14683,0.19227601064503866,0.3768833902307554
8066,0.807,12,22,12,652190,24254,111585,14671,0.19210176150044353,0.37690430314707773
8067,0.8071,11,36,11,652226,24218,111596,14660,0.19181662653656065,0.37707701013426614
8068,0.8072,15,29,15,652255,24189,111611,14645,0.19158693448232164,0.3771179893907401
8069,0.8073,14,12,14,652267,24177,111625,14631,0.19149188949436066,0.37700989486703773
8070,0.8074,12,25,12,652292,24152,111637,14619,0.19129387910277532,0.3770601738412731
8071,0.8075,6,13,6,652305,24139,111643,14613,0.19119091369915092,0.3770902146985962
8072,0.8076,32,57,32,652362,24082,111675,14581,0.19073945000633633,0.37713058996973853
8073,0.8077,11,35,11,652397,24047,111686,14570,0.19046223545811683,0.37729497371623893
8074,0.8078,3,11,3,652408,24036,111689,14567,0.1903751108858193,0.37735409165090794
8075,0.8079,10,18,10,652426,24018,111699,14557,0.19023254340387782,0.3773687621516526
8076,0.808,18,45,18,652471,23973,111717,14539,0.1898761246990242,0.3775186954715413
8077,0.8081,4,9,4,652480,23964,111721,14535,0.18980484095805347,0.37754227382529415
8078,0.8082,9,20,9,652500,23944,111730,14526,0.1896464326447852,0.3775929295554978
8079,0.8083,19,24,19,652524,23920,111749,14507,0.18945634266886327,0.37752101387045567
8080,0.8084,7,23,7,652547,23897,111756,14500,0.18927417310860473,0.3776336692970805
8081,0.8085,13,23,13,652570,23874,111769,14487,0.1890920035483462,0.3776491749433018
8082,0.8086,17,38,17,652608,23836,111786,14470,0.1887910277531365,0.37774761134026
8083,0.8087,7,22,7,652630,23814,111793,14463,0.18861677860854137,0.3778509287561721
8084,0.8088,13,37,13,652667,23777,111806,14450,0.18832372322899507,0.37800507494702695
8085,0.8089,4,21,4,652688,23756,111810,14446,0.18815739450006336,0.37814774095597087
8086,0.809,14,31,14,652719,23725,111824,14432,0.18791186161449752,0.3782267998008229
8087,0.8091,13,35,13,652754,23690,111837,14419,0.18763464706627803,0.3783620667034034
8088,0.8092,16,31,16,652785,23659,111853,14403,0.1873891141807122,0.37840891177552416
8089,0.8093,9,28,9,652813,23631,111862,14394,0.1871673425421366,0.3785404339250493
8090,0.8094,8,19,8,652832,23612,111870,14386,0.18701685464453174,0.3785988736249276
8091,0.8095,13,22,13,652854,23590,111883,14373,0.18684260549993664,0.37860548428733243
8092,0.8096,22,44,22,652898,23546,111905,14351,0.1864941072107464,0.3786843285748212
8093,0.8097,10,25,10,652923,23521,111915,14341,0.18629609681916107,0.37877027098410015
8094,0.8098,6,19,6,652942,23502,111921,14335,0.1861456089215562,0.37886196051483995
8095,0.8099,6,26,6,652968,23476,111927,14329,0.18593967811430745,0.37902393863245604
8096,0.81,9,18,9,652986,23458,111936,14320,0.18579711063236598,0.37905659378474243
8097,0.8101,9,34,9,653020,23424,111945,14311,0.1855278164998099,0.37925003312574534
8098,0.8102,16,32,16,653052,23392,111961,14295,0.18527436319858065,0.37930851487250244
8099,0.8103,15,36,15,653088,23356,111976,14280,0.18498922823469777,0.37942395578701243
8100,0.8104,9,10,9,653098,23346,111985,14271,0.18491002407806362,0.3793763458011006
8101,0.8105,15,42,15,653140,23304,112000,14256,0.18457736662020022,0.3795527156549521
8102,0.8106,11,22,11,653162,23282,112011,14245,0.18440311747560512,0.3795933594478642
8103,0.8107,9,21,9,653183,23261,112020,14236,0.18423678874667343,0.37965703922980504
8104,0.8108,12,16,12,653199,23245,112032,14224,0.1841100620960588,0.37962048626864875
8105,0.8109,6,15,6,653214,23230,112038,14218,0.1839912558611076,0.37967314676351205
8106,0.811,4,18,4,653232,23212,112042,14214,0.18384868837916613,0.3797894511836691
8107,0.8111,11,26,11,653258,23186,112053,14203,0.18364275757191736,0.37987108507849904
8108,0.8112,10,29,10,653287,23157,112063,14193,0.18341306551767836,0.38
8109,0.8113,10,33,10,653320,23124,112073,14183,0.1831516918007857,0.38016994129787973
8110,0.8114,15,36,15,653356,23088,112088,14168,0.1828665568369028,0.38028773888769596
8111,0.8115,12,17,12,653373,23071,112100,14156,0.18273190977062476,0.38026163805839847
8112,0.8116,12,32,12,653405,23039,112112,14144,0.1824784564693955,0.38038888739477716
8113,0.8117,12,36,12,653441,23003,112124,14132,0.18219332150551262,0.3805574256092635
8114,0.8118,7,13,7,653454,22990,112131,14125,0.18209035610188823,0.38057389195742963
8115,0.8119,14,41,14,653495,22949,112145,14111,0.18176561905968824,0.3807609282245008
8116,0.812,14,27,14,653522,22922,112159,14097,0.18155176783677607,0.38080445176801103
8117,0.8121,13,41,13,653563,22881,112172,14084,0.1812270307945761,0.38100906262680917
8118,0.8122,10,25,10,653588,22856,112182,14074,0.18102902040299074,0.38109937720010834
8119,0.8123,10,17,10,653605,22839,112192,14064,0.1808943733367127,0.381107227054711
8120,0.8124,15,28,15,653633,22811,112207,14049,0.18067260169813712,0.3811448724905046
8121,0.8125,10,20,10,653653,22791,112217,14039,0.18051419338486885,0.3811838175400489
8122,0.8126,10,27,10,653680,22764,112227,14029,0.18030034216195667,0.3812953550947191
8123,0.8127,16,38,16,653718,22726,112243,14013,0.17999936636674693,0.381420289066115
8124,0.8128,10,21,10,653739,22705,112253,14003,0.17983303763781525,0.38146997929606624
8125,0.8129,9,25,9,653764,22680,112262,13994,0.17963502724622987,0.38157822980858375
8126,0.813,12,36,12,653800,22644,112274,13982,0.179349892282347,0.3817506689237154
8127,0.8131,13,25,13,653825,22619,112287,13969,0.17915188189076162,0.38179184432054225
8128,0.8132,16,26,16,653851,22593,112303,13953,0.17894595108351286,0.3817928090625513
8129,0.8133,14,38,14,653889,22555,112317,13939,0.17864497528830314,0.3819531977859374
8130,0.8134,16,39,16,653928,22516,112333,13923,0.17833607907743,0.38209061719586157
8131,0.8135,12,27,12,653955,22489,112345,13911,0.1781222278545178,0.38217032967032966
8132,0.8136,16,16,16,653971,22473,112361,13895,0.17799550120390317,0.38206665200175977
8133,0.8137,25,38,25,654009,22435,112386,13870,0.17769452540869346,0.382041041178901
8134,0.8138,29,63,29,654072,22372,112415,13841,0.17719553922189837,0.38221080827327203
8135,0.8139,9,22,9,654094,22350,112424,13832,0.17702129007730324,0.38228953623348627
8136,0.814,9,10,9,654104,22340,112433,13823,0.17694208592066912,0.3822415175732102
8137,0.8141,19,40,19,654144,22300,112452,13804,0.17662526929413255,0.3823399069355196
8138,0.8142,12,15,12,654159,22285,112464,13792,0.17650646305918136,0.38229342794578264
8139,0.8143,8,15,8,654174,22270,112472,13784,0.17638765682423013,0.38231541576524103
8140,0.8144,11,32,11,654206,22238,112483,13773,0.17613420352300088,0.3824664685790453
8141,0.8145,6,16,6,654222,22222,112489,13767,0.17600747687238627,0.3825335519186418
8142,0.8146,10,34,10,654256,22188,112499,13757,0.1757381827398302,0.3827236055084156
8143,0.8147,14,41,14,654297,22147,112513,13743,0.1754134456976302,0.38292003343549735
8144,0.8148,15,23,15,654320,22124,112528,13728,0.1752312761373717,0.3829075086466585
8145,0.8149,11,25,11,654345,22099,112539,13717,0.17503326574578634,0.382985257985258
8146,0.815,19,26,19,654371,22073,112558,13698,0.17482733493853758,0.38293589779430265
8147,0.8151,17,24,17,654395,22049,112575,13681,0.17463724496261565,0.38289952420934786
8148,0.8152,11,17,11,654412,22032,112586,13670,0.1745025978963376,0.38289171474987393
8149,0.8153,15,36,15,654448,21996,112601,13655,0.1742174629324547,0.38301870915261843
8150,0.8154,19,58,19,654506,21938,112620,13636,0.17375807882397667,0.38331365604092876
8151,0.8155,21,22,21,654528,21916,112641,13615,0.17358382967938157,0.3831865131856689
8152,0.8156,18,12,18,654540,21904,112659,13597,0.1734887846914206,0.3830032956818118
8153,0.8157,12,39,12,654579,21865,112671,13585,0.17317988848054747,0.3832157968970381
8154,0.8158,15,35,15,654614,21830,112686,13570,0.17290267393232797,0.38333333333333336
8155,0.8159,8,22,8,654636,21808,112694,13562,0.17272842478773287,0.3834322872490811
8156,0.816,18,32,18,654668,21776,112712,13544,0.17247497148650362,0.3834654586636467
8157,0.8161,6,26,6,654694,21750,112718,13538,0.17226904067925486,0.38364316481523464
8158,0.8162,24,43,24,654737,21707,112742,13514,0.17192846280572804,0.3836915476562278
8159,0.8163,11,30,11,654767,21677,112753,13503,0.17169085033582562,0.38382603752131894
8160,0.8164,12,28,12,654795,21649,112765,13491,0.17146907869725003,0.38392145702902675
8161,0.8165,10,31,10,654826,21618,112775,13481,0.1712235458116842,0.3840850166671415
8162,0.8166,22,54,22,654880,21564,112797,13459,0.17079584336585985,0.3842903235016989
8163,0.8167,11,25,11,654905,21539,112808,13448,0.1705978329742745,0.3843713379255152
8164,0.8168,10,15,10,654920,21524,112818,13438,0.17047902673932327,0.3843601624621017
8165,0.8169,26,44,26,654964,21480,112844,13412,0.17013052845013307,0.3843861056975811
8166,0.817,13,25,13,654989,21455,112857,13399,0.1699325180585477,0.38443220290354047
8167,0.8171,9,16,9,655005,21439,112866,13390,0.1698057914079331,0.38444974015906286
8168,0.8172,15,33,15,655038,21406,112881,13375,0.16954441769104042,0.38454903539288693
8169,0.8173,20,34,20,655072,21372,112901,13355,0.16927512355848434,0.3845710830189766
8170,0.8174,19,20,19,655092,21352,112920,13336,0.16911671524521607,0.3844557195571956
8171,0.8175,14,27,14,655119,21325,112934,13322,0.1689028640223039,0.38450659508759777
8172,0.8176,15,39,15,655158,21286,112949,13307,0.16859396781143074,0.3846731997803024
8173,0.8177,23,42,23,655200,21244,112972,13284,0.16826131035356737,0.3847312326227989
8174,0.8178,12,30,12,655230,21214,112984,13272,0.16802369788366495,0.3848518239285507
8175,0.8179,12,23,12,655253,21191,112996,13260,0.1678415283234064,0.3848944878232852
8176,0.818,8,14,8,655267,21177,113004,13252,0.16773064250411862,0.38490807168375496
8177,0.8181,14,48,14,655315,21129,113018,13238,0.16735046255227473,0.38519509995053397
8178,0.8182,15,20,15,655335,21109,113033,13223,0.16719205423900646,0.38515087964581146
8179,0.8183,7,23,7,655358,21086,113040,13216,0.16700988467874794,0.3852836569296251
8180,0.8184,16,27,16,655385,21059,113056,13200,0.16679603345583577,0.3853002130826936
8181,0.8185,15,27,15,655412,21032,113071,13185,0.1665821822329236,0.38533477511178654
8182,0.8186,28,41,28,655453,20991,113099,13157,0.1662574451907236,0.38529342860489635
8183,0.8187,27,36,27,655489,20955,113126,13130,0.1659723102268407,0.38521343699574595
8184,0.8188,10,14,10,655503,20941,113136,13120,0.16586142440755292,0.38519127447814216
8185,0.8189,7,18,7,655521,20923,113143,13113,0.16571885692561145,0.3852685391937948
8186,0.819,4,24,4,655545,20899,113147,13109,0.16552876694968952,0.3854681251470242
8187,0.8191,3,4,3,655549,20895,113150,13106,0.16549708528703586,0.38545925119849417
8188,0.8192,10,32,10,655581,20863,113160,13096,0.1652436319858066,0.3856415088783533
8189,0.8193,18,28,18,655609,20835,113178,13078,0.16502186034723101,0.38563382773567656
8190,0.8194,12,19,12,655628,20816,113190,13066,0.16487137244962616,0.38563248922731835
8191,0.8195,5,9,5,655637,20807,113195,13061,0.16480008870865542,0.38564426597378054
8192,0.8196,8,17,8,655654,20790,113203,13053,0.1646654416423774,0.38569275773424344
8193,0.8197,13,19,13,655673,20771,113216,13040,0.1645149537447725,0.38567330158824054
8194,0.8198,9,20,9,655693,20751,113225,13031,0.16435654543150424,0.38573796696465573
8195,0.8199,17,31,17,655724,20720,113242,13014,0.1641110125459384,0.3857828896662121
8196,0.82,17,31,17,655755,20689,113259,12997,0.16386547966037257,0.38582794039066676
8197,0.8201,13,22,13,655777,20667,113272,12984,0.16369123051577747,0.38584291700098067
8198,0.8202,11,38,11,655815,20629,113283,12973,0.16339025472056773,0.38607820963037914
8199,0.8203,7,26,7,655841,20603,113290,12966,0.16318432391331897,0.38624921802853823
8200,0.8204,20,27,20,655868,20576,113310,12946,0.1629704726904068,0.38619414116102857
8201,0.8205,9,38,9,655906,20538,113319,12937,0.16266949689519705,0.3864675130694548
8202,0.8206,7,22,7,655928,20516,113326,12930,0.16249524775060195,0.3865933145966633
8203,0.8207,16,30,16,655958,20486,113342,12914,0.16225763528069953,0.38664670658682637
8204,0.8208,11,26,11,655984,20460,113353,12903,0.16205170447345077,0.3867457962413452
8205,0.8209,7,27,7,656011,20433,113360,12896,0.1618378532505386,0.38693030093912206
8206,0.821,16,29,16,656040,20404,113376,12880,0.1616081611962996,0.3869727196250451
8207,0.8211,18,23,18,656063,20381,113394,12862,0.16142599163604107,0.38690852209487714
8208,0.8212,13,17,13,656080,20364,113407,12849,0.16129134456976302,0.38686658838406646
8209,0.8213,16,38,16,656118,20326,113423,12833,0.16099036877455328,0.3870140836575289
8210,0.8214,17,22,17,656140,20304,113440,12816,0.16081611962995818,0.3869565217391304
8211,0.8215,15,30,15,656170,20274,113455,12801,0.16057850716005576,0.3870294784580499
8212,0.8216,5,16,5,656186,20258,113460,12796,0.16045178050944114,0.3871240999576451
8213,0.8217,7,31,7,656217,20227,113467,12789,0.1602062476238753,0.3873576447782893
8214,0.8218,10,37,10,656254,20190,113477,12779,0.15991319224432898,0.3876065394764779
8215,0.8219,10,21,10,656275,20169,113487,12769,0.1597468635153973,0.3876677393891554
8216,0.822,13,17,13,656292,20152,113500,12756,0.15961221644911924,0.3876261091527896
8217,0.8221,5,31,5,656323,20121,113505,12751,0.1593666835635534,0.3878985154538817
8218,0.8222,6,16,6,656339,20105,113511,12745,0.1592399569129388,0.38797564687975644
8219,0.8223,8,19,8,656358,20086,113519,12737,0.1590894690153339,0.3880510617554763
8220,0.8224,21,31,21,656389,20055,113540,12716,0.1588439361297681,0.3880259985963199
8221,0.8225,15,21,15,656410,20034,113555,12701,0.1586776074008364,0.38799450129830454
8222,0.8226,4,13,4,656423,20021,113559,12697,0.15857464199721202,0.3880738431444465
8223,0.8227,8,28,8,656451,19993,113567,12689,0.15835287035863643,0.38825653264794074
8224,0.8228,10,28,10,656479,19965,113577,12679,0.15813109872006084,0.38840215659845606
8225,0.8229,14,29,14,656508,19936,113591,12665,0.1579014066658218,0.38848501579706146
8226,0.823,17,19,17,656527,19917,113608,12648,0.15775091876821695,0.38839244587747584
8227,0.8231,8,29,8,656556,19888,113616,12640,0.15752122671397795,0.38858829316281357
8228,0.8232,13,26,13,656582,19862,113629,12627,0.15731529590672919,0.38865462156422176
8229,0.8233,16,24,16,656606,19838,113645,12611,0.15712520593080725,0.38864063607507165
8230,0.8234,5,13,5,656619,19825,113650,12606,0.15702224052718286,0.3887021676790725
8231,0.8235,10,22,10,656641,19803,113660,12596,0.15684799138258776,0.3887774314022038
8232,0.8236,17,46,17,656687,19757,113677,12579,0.15648365226207073,0.38900915388421575
8233,0.8237,11,15,11,656702,19742,113688,12568,0.1563648460271195,0.3889817393995667
8234,0.8238,8,47,8,656749,19695,113696,12560,0.15599258649093906,0.38939699271430783
8235,0.8239,11,32,11,656781,19663,113707,12549,0.1557391331897098,0.38957531354774616
8236,0.824,6,38,6,656819,19625,113713,12543,0.15543815739450006,0.389921661278289
8237,0.8241,8,27,8,656846,19598,113721,12535,0.1552243061715879,0.39009740764945694
8238,0.8242,19,28,19,656874,19570,113740,12516,0.1550025345330123,0.390076668952191
8239,0.8243,11,26,11,656900,19544,113751,12505,0.15479660372576354,0.3901837810852133
8240,0.8244,6,24,6,656924,19520,113757,12499,0.15460651374984158,0.39036197257878136
8241,0.8245,27,54,27,656978,19466,113784,12472,0.15417881130401723,0.390506606550191
8242,0.8246,11,39,11,657017,19427,113795,12461,0.1538699150931441,0.390773958855996
8243,0.8247,8,20,8,657037,19407,113803,12453,0.1537115067798758,0.3908662900188324
8244,0.8248,9,14,9,657051,19393,113812,12444,0.15360062096058802,0.3908659735527845
8245,0.8249,13,20,13,657071,19373,113825,12431,0.15344221264731972,0.39086278455540185
8246,0.825,3,38,3,657109,19335,113828,12428,0.15314123685211,0.39127286465384253
8247,0.8251,9,23,9,657132,19312,113837,12419,0.15295906729185146,0.39138382023888313
8248,0.8252,19,31,19,657163,19281,113856,12400,0.15271353440628563,0.3914017865597677
8249,0.8253,13,28,13,657191,19253,113869,12387,0.15249176276771004,0.39149810366624527
8250,0.8254,15,36,15,657227,19217,113884,12372,0.15220662780382715,0.391655323055494
8251,0.8255,17,27,17,657254,19190,113901,12355,0.15199277658091498,0.39166270407354575
8252,0.8256,8,16,8,657270,19174,113909,12347,0.15186604993030034,0.39170711589099333
8253,0.8257,13,27,13,657297,19147,113922,12334,0.15165219870738816,0.3917918744639624
8254,0.8258,4,3,4,657300,19144,113926,12330,0.15162843746039792,0.39175192222151617
8255,0.8259,10,15,10,657315,19129,113936,12320,0.15150963122544672,0.39174536551241695
8256,0.826,17,25,17,657340,19104,113953,12303,0.15131162083386135,0.3917279587353138
8257,0.8261,5,15,5,657355,19089,113958,12298,0.15119281459891015,0.3918182687099755
8258,0.8262,11,15,11,657370,19074,113969,12287,0.15107400836395893,0.39179235356015435
8259,0.8263,11,13,11,657383,19061,113980,12276,0.15097104296033456,0.3917413919647701
8260,0.8264,7,27,7,657410,19034,113987,12269,0.15075719173742239,0.3919432642238763
8261,0.8265,9,21,9,657431,19013,113996,12260,0.15059086300849067,0.3920314648418764
8262,0.8266,13,27,13,657458,18986,114009,12247,0.1503770117855785,0.39211731181762877
8263,0.8267,12,42,12,657500,18944,114021,12235,0.15004435432771512,0.3924115590621893
8264,0.8268,19,35,19,657535,18909,114040,12216,0.14976713977949563,0.3924819277108434
8265,0.8269,11,18,11,657553,18891,114051,12205,0.1496245722975542,0.3924942114741446
8266,0.827,8,20,8,657573,18871,114059,12197,0.1494661639842859,0.39259044676194155
8267,0.8271,14,19,14,657592,18852,114073,12183,0.14931567608668103,0.39255679072015465
8268,0.8272,10,26,10,657618,18826,114083,12173,0.14910974527943227,0.3926900867769928
8269,0.8273,17,23,17,657641,18803,114100,12156,0.14892757571917375,0.3926483413546949
8270,0.8274,19,38,19,657679,18765,114119,12137,0.14862659992396401,0.3927577503074235
8271,0.8275,8,26,8,657705,18739,114127,12129,0.14842066911671525,0.3929311908772839
8272,0.8276,20,27,20,657732,18712,114147,12109,0.14820681789380308,0.39288147691509034
8273,0.8277,6,8,6,657740,18704,114153,12103,0.14814345456849576,0.39286525789593274
8274,0.8278,19,53,19,657793,18651,114172,12084,0.14772367253833482,0.39316739873108836
8275,0.8279,18,37,18,657830,18614,114190,12066,0.1474306171587885,0.39328552803129074
8276,0.828,15,26,15,657856,18588,114205,12051,0.14722468635153974,0.39332223636541663
8277,0.8281,10,28,10,657884,18560,114215,12041,0.14700291471296414,0.39348387307604327
8278,0.8282,11,31,11,657915,18529,114226,12030,0.1467573818273983,0.3936647141594947
8279,0.8283,13,32,13,657947,18497,114239,12017,0.14650392852616906,0.3938192305171397
8280,0.8284,7,25,7,657972,18472,114246,12010,0.1463059181345837,0.39400301817466044
8281,0.8285,17,23,17,657995,18449,114263,11993,0.14612374857432517,0.3939622889429078
8282,0.8286,11,42,11,658037,18407,114274,11982,0.1457910911164618,0.3942874066273981
8283,0.8287,13,17,13,658054,18390,114287,11969,0.14565644405018374,0.39424882242498105
8284,0.8288,9,23,9,658077,18367,114296,11960,0.14547427448992523,0.39436805486859894
8285,0.8289,9,28,9,658105,18339,114305,11951,0.14525250285134964,0.3945526576427864
8286,0.829,9,15,9,658120,18324,114314,11942,0.14513369661639844,0.3945681622943237
8287,0.8291,14,15,14,658135,18309,114328,11928,0.14501489038144721,0.39448357972021036
8288,0.8292,22,38,22,658173,18271,114350,11906,0.14471391458623747,0.39453888723199787
8289,0.8293,10,22,10,658195,18249,114360,11896,0.14453966544164237,0.39462597445679215
8290,0.8294,17,42,17,658237,18207,114377,11879,0.144207007983779,0.39483480688692413
8291,0.8295,12,22,12,658259,18185,114389,11867,0.14403275883918387,0.3948822041794223
8292,0.8296,4,22,4,658281,18163,114393,11863,0.14385850969458877,0.39509092120162526
8293,0.8297,27,39,27,658320,18124,114420,11836,0.14354961348371562,0.3950600801068091
8294,0.8298,16,44,16,658364,18080,114436,11820,0.1432011151945254,0.39531772575250834
8295,0.8299,7,11,7,658375,18069,114443,11813,0.14311399062222785,0.3953215982865939
8296,0.83,14,31,14,658406,18038,114457,11799,0.142868457736662,0.39544860408217986
8297,0.8301,13,17,13,658423,18021,114470,11786,0.142733810670384,0.39541047404971985
8298,0.8302,25,46,25,658469,17975,114495,11761,0.14236947154986693,0.39551385525961796
8299,0.8303,5,21,5,658490,17954,114500,11756,0.14220314282093524,0.3956916863009088
8300,0.8304,9,24,9,658514,17930,114509,11747,0.1420130528450133,0.39582841931462076
8301,0.8305,5,21,5,658535,17909,114514,11742,0.14184672411608162,0.39600688003777273
8302,0.8306,16,22,16,658557,17887,114530,11726,0.1416724749714865,0.3959747408232871
8303,0.8307,21,33,21,658590,17854,114551,11705,0.14141110125459383,0.39598768564565784
8304,0.8308,10,30,10,658620,17824,114561,11695,0.1411734887846914,0.39618550763914767
8305,0.8309,21,44,21,658664,17780,114582,11674,0.1408249904955012,0.39634684592924563
8306,0.831,11,24,11,658688,17756,114593,11663,0.14063490051957928,0.3964444746592338
8307,0.8311,8,8,8,658696,17748,114601,11655,0.14057153719427196,0.3963881236608509
8308,0.8312,7,13,7,658709,17735,114608,11648,0.14046857179064756,0.3964196984650989
8309,0.8313,8,22,8,658731,17713,114616,11640,0.14029432264605246,0.3965523115184138
8310,0.8314,10,39,10,658770,17674,114626,11630,0.1399854264351793,0.39687414687414685
8311,0.8315,8,30,8,658800,17644,114634,11622,0.13974781396527688,0.39711610742841524
8312,0.8316,9,20,9,658820,17624,114643,11613,0.1395894056520086,0.39720217532578583
8313,0.8317,9,21,9,658841,17603,114652,11604,0.13942307692307693,0.3973020166398466
8314,0.8318,12,24,12,658865,17579,114664,11592,0.139232986947155,0.39738096054300504
8315,0.8319,5,13,5,658878,17566,114669,11587,0.1391300215435306,0.3974548073954653
8316,0.832,4,11,4,658889,17555,114673,11583,0.13904289697123304,0.39752213604228154
8317,0.8321,13,26,13,658915,17529,114686,11570,0.13883696616398428,0.3976081652290457
8318,0.8322,13,33,13,658948,17496,114699,11557,0.1385755924470916,0.3977902454135545
8319,0.8323,6,19,6,658967,17477,114705,11551,0.13842510454948675,0.39792614027835194
8320,0.8324,16,32,16,658999,17445,114721,11535,0.1381716512482575,0.39803312629399584
8321,0.8325,13,26,13,659025,17419,114734,11522,0.13796572044100874,0.39812031374175044
8322,0.8326,13,27,13,659052,17392,114747,11509,0.13775186921809657,0.3982215148264766
8323,0.8327,13,35,13,659087,17357,114760,11496,0.13747465466987707,0.3984334384639379
8324,0.8328,14,23,14,659110,17334,114774,11482,0.13729248510961856,0.39845918933925595
8325,0.8329,14,23,14,659133,17311,114788,11468,0.13711031554936004,0.3984850064282984
8326,0.833,2,16,2,659149,17295,114790,11466,0.1369835888987454,0.3986648586627725
8327,0.8331,8,24,8,659173,17271,114798,11458,0.13679349892282347,0.39883045006787565
8328,0.8332,10,24,10,659197,17247,114808,11448,0.13660340894690154,0.39895452169367485
8329,0.8333,10,28,10,659225,17219,114818,11438,0.13638163730832595,0.3991345918972677
8330,0.8334,9,11,9,659236,17208,114827,11429,0.13629451273602838,0.3990990676397667
8331,0.8335,8,14,8,659250,17194,114835,11421,0.1361836269167406,0.3991263323431767
8332,0.8336,17,35,17,659285,17159,114852,11404,0.1359064123685211,0.3992577810454084
8333,0.8337,16,15,16,659300,17144,114868,11388,0.13578760613356988,0.39913080050469646
8334,0.8338,9,28,9,659328,17116,114877,11379,0.1355658344949943,0.39933321635374625
8335,0.8339,13,29,13,659357,17087,114890,11366,0.13533614244075529,0.3994657856816504
8336,0.834,5,6,5,659363,17081,114895,11361,0.1352886199467748,0.39944448351030165
8337,0.8341,13,24,13,659387,17057,114908,11348,0.13509852997085287,0.3995071290265798
8338,0.8342,14,40,14,659427,17017,114922,11334,0.13478171334431632,0.39977425840358366
8339,0.8343,16,26,16,659453,16991,114938,11318,0.13457578253706753,0.3998021830513264
8340,0.8344,15,27,15,659480,16964,114953,11303,0.13436193131415536,0.39986556762302333
8341,0.8345,16,24,16,659504,16940,114969,11287,0.13417184133823343,0.399865377121196
8342,0.8346,7,20,7,659524,16920,114976,11280,0.13401343302496516,0.4
8343,0.8347,9,30,9,659554,16890,114985,11271,0.13377582055506274,0.4002343666773197
8344,0.8348,14,27,14,659581,16863,114999,11257,0.13356196933215056,0.4003200568990043
8345,0.8349,9,9,9,659590,16854,115008,11248,0.13349068559117983,0.40025620952245394
8346,0.835,8,14,8,659604,16840,115016,11240,0.13337979977189202,0.40028490028490027
8347,0.8351,12,19,12,659623,16821,115028,11228,0.13322931187428716,0.400299475917145
8348,0.8352,9,13,9,659636,16808,115037,11219,0.1331263464706628,0.4002925750169479
8349,0.8353,7,14,7,659650,16794,115044,11212,0.13301546065137498,0.40034278368920945
8350,0.8354,13,35,13,659685,16759,115057,11199,0.1327382461031555,0.4005651334144073
8351,0.8355,7,9,7,659694,16750,115064,11192,0.13266696236218475,0.40054398396678836
8352,0.8356,9,12,9,659706,16738,115073,11183,0.1325719173742238,0.40052290390745315
8353,0.8357,22,38,22,659744,16700,115095,11161,0.13227094157901406,0.40059581493844443
8354,0.8358,14,23,14,659767,16677,115109,11147,0.13208877201875555,0.40062535940195515
8355,0.8359,10,29,10,659796,16648,115119,11137,0.13185907996451654,0.40082778477595826
8356,0.836,7,19,7,659815,16629,115126,11130,0.13170859206691168,0.4009510429050038
8357,0.8361,7,22,7,659837,16607,115133,11123,0.13153434292231656,0.4011179228272629
8358,0.8362,13,22,13,659859,16585,115146,11110,0.13136009377772145,0.401155443220798
8359,0.8363,11,30,11,659889,16555,115157,11099,0.13112248130781903,0.4013524264120923
8360,0.8364,7,6,7,659895,16549,115164,11092,0.13107495881383854,0.401287941825549
8361,0.8365,6,17,6,659912,16532,115170,11086,0.13094031174756052,0.4014048808747918
8362,0.8366,25,29,25,659941,16503,115195,11061,0.1307106196933215,0.401284283848498
8363,0.8367,9,29,9,659970,16474,115204,11052,0.1304809276390825,0.40151129840877714
8364,0.8368,12,15,12,659985,16459,115216,11040,0.13036212140413128,0.4014691443325212
8365,0.8369,4,16,4,660001,16443,115220,11036,0.13023539475351667,0.4016157793223916
8366,0.837,13,29,13,660030,16414,115233,11023,0.13000570269927766,0.4017567518314685
8367,0.8371,10,19,10,660049,16395,115243,11013,0.12985521480167278,0.4018169877408056
8368,0.8372,5,13,5,660062,16382,115248,11008,0.1297522493980484,0.40189850310332237
8369,0.8373,13,28,13,660090,16354,115261,10995,0.12953047775947282,0.40202566821455993
8370,0.8374,10,17,10,660107,16337,115271,10985,0.12939583069319477,0.40205695044286655
8371,0.8375,14,31,14,660138,16306,115285,10971,0.12915029780762893,0.40220698757194706
8372,0.8376,8,25,8,660163,16281,115293,10963,0.1289522874160436,0.40240052855674646
8373,0.8377,10,29,10,660192,16252,115303,10953,0.12872259536180458,0.40260981437235804
8374,0.8378,7,20,7,660212,16232,115310,10946,0.1285641870485363,0.4027522260651998
8375,0.8379,4,14,4,660226,16218,115314,10942,0.1284533012292485,0.4028718703976436
8376,0.838,9,14,9,660240,16204,115323,10933,0.12834241540996072,0.4028816744665954
8377,0.8381,10,22,10,660262,16182,115333,10923,0.12816816626536562,0.4029883785279469
8378,0.8382,4,17,4,660279,16165,115337,10919,0.12803351919908756,0.40315315315315314
8379,0.8383,17,34,17,660313,16131,115354,10902,0.12776422506653148,0.4032848740428365
8380,0.8384,4,12,4,660325,16119,115358,10898,0.12766918007857053,0.40337565236702816
8381,0.8385,9,22,9,660347,16097,115367,10889,0.1274949309339754,0.40350552138145707
8382,0.8386,5,16,5,660363,16081,115372,10884,0.1273682042833608,0.4036343408121639
8383,0.8387,10,24,10,660387,16057,115382,10874,0.12717811430743886,0.4037726040622331
8384,0.8388,10,19,10,660406,16038,115392,10864,0.12702762640983398,0.40383614601144896
8385,0.8389,11,27,11,660433,16011,115403,10853,0.1268137751869218,0.40399791542584873
8386,0.839,13,7,13,660440,16004,115416,10840,0.12675833227727792,0.40381463269259427
8387,0.8391,7,22,7,660462,15982,115423,10833,0.1265840831326828,0.4039903039343651
8388,0.8392,15,25,15,660487,15957,115438,10818,0.12638607274109745,0.40403361344537814
8389,0.8393,14,25,14,660512,15932,115452,10804,0.1261880623495121,0.40409934171155
8390,0.8394,15,27,15,660539,15905,115467,10789,0.12597421112659993,0.40417322244699183
8391,0.8395,14,22,14,660561,15883,115481,10775,0.12579996198200483,0.4041938630054768
8392,0.8396,15,26,15,660587,15857,115496,10760,0.12559403117475604,0.40425292106548444
8393,0.8397,11,11,11,660598,15846,115507,10749,0.1255069066024585,0.4041737168640722
8394,0.8398,12,17,12,660615,15829,115519,10737,0.12537225953618045,0.40416321614093204
8395,0.8399,6,11,6,660626,15818,115525,10731,0.1252851349638829,0.404196014915816
8396,0.84,13,22,13,660648,15796,115538,10718,0.1251108858192878,0.40423926981971786
8397,0.8401,9,15,9,660663,15781,115547,10709,0.12499207958433659,0.4042657606644017
8398,0.8402,16,28,16,660691,15753,115563,10693,0.124770307945761,0.40433335854193453
8399,0.8403,15,24,15,660715,15729,115578,10678,0.12458021796983906,0.40436247964554856
8400,0.8404,7,7,7,660722,15722,115585,10671,0.12452477506019516,0.4043117493274732
8401,0.8405,8,9,8,660731,15713,115593,10663,0.12445349131922444,0.40426903245374585
8402,0.8406,23,22,23,660753,15691,115616,10640,0.12427924217462932,0.40408643803881356
8403,0.8407,18,19,18,660772,15672,115634,10622,0.12412875427702445,0.40397048756370274
8404,0.8408,13,26,13,660798,15646,115647,10609,0.12392282346977569,0.40407541420681775
8405,0.8409,11,20,11,660818,15626,115658,10598,0.1237644151565074,0.40413361805979253
8406,0.841,10,44,10,660862,15582,115668,10588,0.12341591686731719,0.40458540313335883
8407,0.8411,11,23,11,660885,15559,115679,10577,0.12323374730705867,0.40469084787266607
8408,0.8412,9,15,9,660900,15544,115688,10568,0.12311494107210746,0.40471813725490197
8409,0.8413,18,45,18,660945,15499,115706,10550,0.12275852236725383,0.40500595032438863
8410,0.8414,21,25,21,660970,15474,115727,10529,0.12256051197566849,0.40491481752105524
8411,0.8415,10,30,10,661000,15444,115737,10519,0.12232289950576607,0.40515348765550974
8412,0.8416,3,17,3,661017,15427,115740,10516,0.12218825243948803,0.40535019080291407
8413,0.8417,5,21,5,661038,15406,115745,10511,0.12202192371055633,0.40556391557664856
8414,0.8418,9,17,9,661055,15389,115754,10502,0.12188727664427829,0.4056235757599166
8415,0.8419,7,10,7,661065,15379,115761,10495,0.12180807248764415,0.40561954085182034
8416,0.842,18,23,18,661088,15356,115779,10477,0.12162590292738563,0.4055665234390121
8417,0.8421,15,22,15,661110,15334,115794,10462,0.12145165378279052,0.40556675453558694
8418,0.8422,3,15,3,661125,15319,115797,10459,0.12133284754783931,0.4057335712623167
8419,0.8423,10,18,10,661143,15301,115807,10449,0.12119028006589785,0.40578640776699026
8420,0.8424,17,36,17,661179,15265,115824,10432,0.12090514510201496,0.40596178542242284
8421,0.8425,18,39,18,661218,15226,115842,10414,0.1205962488911418,0.4061622464898596
8422,0.8426,9,25,9,661243,15201,115851,10405,0.12039823849955646,0.40635007420135905
8423,0.8427,7,23,7,661266,15178,115858,10398,0.12021606893929794,0.40655301845480135
8424,0.8428,19,21,19,661287,15157,115877,10379,0.12004974021036624,0.4064458020050125
8425,0.8429,9,16,9,661303,15141,115886,10370,0.11992301355975162,0.4064913174708949
8426,0.843,7,20,7,661323,15121,115893,10363,0.11976460524648333,0.40664730811489563
8427,0.8431,11,20,11,661343,15101,115904,10352,0.11960619693321506,0.40671040741759323
8428,0.8432,15,31,15,661374,15070,115919,10337,0.11936066404764922,0.40685637816349823
8429,0.8433,17,37,17,661411,15033,115936,10320,0.1190676086681029,0.40705241983197255
8430,0.8434,4,23,4,661434,15010,115940,10316,0.11888543910784438,0.40732843717918343
8431,0.8435,6,12,6,661446,14998,115946,10310,0.11879039411988342,0.40738106527580215
8432,0.8436,11,24,11,661470,14974,115957,10299,0.11860030414396147,0.4075099908993788
8433,0.8437,10,17,10,661487,14957,115967,10289,0.11846565707768343,0.4075497108452824
8434,0.8438,7,18,7,661505,14939,115974,10282,0.11832308959574199,0.4076761428967924
8435,0.8439,5,12,5,661517,14927,115979,10277,0.11822804460778101,0.40775273766068876
8436,0.844,13,9,13,661526,14918,115992,10264,0.11815676086681029,0.40759272496227467
8437,0.8441,19,20,19,661546,14898,116011,10245,0.117998352553542,0.40746927574275144
8438,0.8442,15,19,15,661565,14879,116026,10230,0.11784786465593715,0.4074236329602931
8439,0.8443,9,30,9,661595,14849,116035,10221,0.11761025218603473,0.40769844435580377
8440,0.8444,15,18,15,661613,14831,116050,10206,0.11746768470409327,0.4076366976874226
8441,0.8445,10,23,10,661636,14808,116060,10196,0.11728551514383474,0.40777475603903374
8442,0.8446,18,25,18,661661,14783,116078,10178,0.1170875047522494,0.4077560995152438
8443,0.8447,9,18,9,661679,14765,116087,10169,0.11694493727030794,0.40783668885858665
8444,0.8448,15,23,15,661702,14742,116102,10154,0.11676276771004943,0.40785668380462725
8445,0.8449,6,13,6,661715,14729,116108,10148,0.11665980230642505,0.40792700084415323
8446,0.845,12,21,12,661736,14708,116120,10136,0.11649347357749334,0.4079858315891161
8447,0.8451,11,31,11,661767,14677,116131,10125,0.11624794069192751,0.40823320699943555
8448,0.8452,8,23,8,661790,14654,116139,10117,0.116065771131669,0.4084211376206047
8449,0.8453,21,32,21,661822,14622,116160,10096,0.11581231783043974,0.408447285379076
8450,0.8454,13,22,13,661844,14600,116173,10083,0.11563806868584463,0.4084997771745736
8451,0.8455,6,6,6,661850,14594,116179,10077,0.11559054619186415,0.4084552713712456
8452,0.8456,16,21,16,661871,14573,116195,10061,0.11542421746293245,0.4084192579361858
8453,0.8457,16,26,16,661897,14547,116211,10045,0.11521828665568369,0.4084661678594665
8454,0.8458,12,20,12,661917,14527,116223,10033,0.1150598783424154,0.4085097719869707
8455,0.8459,7,11,7,661928,14516,116230,10026,0.11497275377011786,0.4085241626599299
8456,0.846,10,21,10,661949,14495,116240,10016,0.11480642504118616,0.40863285871649463
8457,0.8461,8,15,8,661964,14480,116248,10008,0.11468761880623494,0.40868997059784384
8458,0.8462,9,14,9,661978,14466,116257,9999,0.11457673298694715,0.4087063151440834
8459,0.8463,12,23,12,662001,14443,116269,9987,0.11439456342668863,0.4088006549324601
8460,0.8464,11,17,11,662018,14426,116280,9976,0.1142599163604106,0.40881894926645357
8461,0.8465,24,39,24,662057,14387,116304,9952,0.11395102014953745,0.40889108015941494
8462,0.8466,9,28,9,662085,14359,116313,9943,0.11372924851096186,0.4091432803884454
8463,0.8467,18,18,18,662103,14341,116331,9925,0.1135866810290204,0.40900848924421
8464,0.8468,7,15,7,662118,14326,116338,9918,0.1134678747940692,0.4090909090909091
8465,0.8469,6,9,6,662127,14317,116344,9912,0.11339659105309846,0.4090965372074786
8466,0.847,11,18,11,662145,14299,116355,9901,0.11325402357115702,0.4091322314049587
8467,0.8471,8,23,8,662168,14276,116363,9893,0.11307185401089849,0.40932599611072035
8468,0.8472,5,10,5,662178,14266,116368,9888,0.11299264985426435,0.4093731887058044
8469,0.8473,8,19,8,662197,14247,116376,9880,0.11284216195665948,0.4094997305922825
8470,0.8474,5,11,5,662208,14236,116381,9875,0.11275503738436193,0.40956409937372984
8471,0.8475,13,26,13,662234,14210,116394,9862,0.11254910657711317,0.4096876038551014
8472,0.8476,6,22,6,662256,14188,116400,9856,0.11237485743251806,0.4099151555481617
8473,0.8477,11,25,11,662281,14163,116411,9845,0.11217684704093271,0.4100716427857381
8474,0.8478,9,18,9,662299,14145,116420,9836,0.11203427955899126,0.4101580417830783
8475,0.8479,9,18,9,662317,14127,116429,9827,0.1118917120770498,0.41024463555147367
8476,0.848,6,28,6,662345,14099,116435,9821,0.11166994043847421,0.41057692307692306
8477,0.8481,6,9,6,662354,14090,116441,9815,0.11159865669750349,0.41058355992470197
8478,0.8482,18,35,18,662389,14055,116459,9797,0.111321442149284,0.4107412376320644
8479,0.8483,13,21,13,662410,14034,116472,9784,0.1111551134203523,0.41078176169283737
8480,0.8484,6,13,6,662423,14021,116478,9778,0.11105214801672791,0.410857599058784
8481,0.8485,12,35,12,662458,13986,116490,9766,0.11077493346850843,0.41116537554732235
8482,0.8486,5,25,5,662483,13961,116495,9761,0.11057692307692307,0.4114745805581317
8483,0.8487,11,24,11,662507,13937,116506,9750,0.11038683310100114,0.41161818719128634
8484,0.8488,10,15,10,662522,13922,116516,9740,0.11026802686604993,0.4116304623446877
8485,0.8489,10,16,10,662538,13906,116526,9730,0.1101413002154353,0.4116601793873752
8486,0.849,16,26,16,662564,13880,116542,9714,0.10993536940818655,0.41171484275663306
8487,0.8491,14,23,14,662587,13857,116556,9700,0.10975319984792802,0.4117672029545358
8488,0.8492,9,23,9,662610,13834,116565,9691,0.1095710302876695,0.4119447396386823
8489,0.8493,22,32,22,662642,13802,116587,9669,0.10931757698644025,0.4119551787312002
8490,0.8494,7,11,7,662653,13791,116594,9662,0.1092304524141427,0.41197288193408094
8491,0.8495,8,18,8,662671,13773,116602,9654,0.10908788493220124,0.4120886156998335
8492,0.8496,6,14,6,662685,13759,116608,9648,0.10897699911291345,0.4121843892852565
8493,0.8497,12,38,12,662723,13721,116620,9636,0.10867602331770371,0.41255298197542495
8494,0.8498,4,15,4,662738,13706,116624,9632,0.1085572170827525,0.41271745650869823
8495,0.8499,9,13,9,662751,13693,116633,9623,0.10845425167912812,0.4127208783667868
8496,0.85,7,24,7,662775,13669,116640,9616,0.10826416170320619,0.41296972299763796
8497,0.8501,11,11,11,662786,13658,116651,9605,0.10817703713090863,0.41288741778790355
8498,0.8502,7,8,7,662794,13650,116658,9598,0.10811367380560132,0.41285271851342054
8499,0.8503,6,20,6,662814,13630,116664,9592,0.10795526549233304,0.4130565842735337
8500,0.8504,4,10,4,662824,13620,116668,9588,0.1078760613356989,0.41313340227507755
8501,0.8505,6,12,6,662836,13608,116674,9582,0.10778101634773793,0.4131953428201811
8502,0.8506,18,30,18,662866,13578,116692,9564,0.10754340387783551,0.4132745657246565
8503,0.8507,12,40,12,662906,13538,116704,9552,0.10722658725129895,0.413685578172369
8504,0.8508,4,13,4,662919,13525,116708,9548,0.10712362184767457,0.4138170155593118
8505,0.8509,19,34,19,662953,13491,116727,9529,0.10685432771511849,0.41394439617723716
8506,0.851,17,10,17,662963,13481,116744,9512,0.10677512355848436,0.41369112338537817
8507,0.8511,9,16,9,662979,13465,116753,9503,0.10664839690786973,0.4137495646116336
8508,0.8512,4,19,4,662998,13446,116757,9499,0.10649790901026486,0.4139899760296361
8509,0.8513,10,16,10,663014,13430,116767,9489,0.10637118235965023,0.4140232994458746
8510,0.8514,8,14,8,663028,13416,116775,9481,0.10626029654036244,0.41407171245141283
8511,0.8515,11,25,11,663053,13391,116786,9470,0.1060622861487771,0.4142425965618302
8512,0.8516,12,26,12,663079,13365,116798,9458,0.10585635534152832,0.41440651973885995
8513,0.8517,15,19,15,663098,13346,116813,9443,0.10570586744392346,0.4143665803677213
8514,0.8518,11,36,11,663134,13310,116824,9432,0.10542073248004055,0.4147392489666696
8515,0.8519,15,38,15,663172,13272,116839,9417,0.10511975668483083,0.4150469390453524
8516,0.852,10,22,10,663194,13250,116849,9407,0.10494550754023571,0.4151917729619985
8517,0.8521,10,18,10,663212,13232,116859,9397,0.10480294005829426,0.4152635998055592
8518,0.8522,9,16,9,663228,13216,116868,9388,0.10467621340767963,0.4153247212882676
8519,0.8523,4,20,4,663248,13196,116872,9384,0.10451780509441136,0.41558901682905225
8520,0.8524,7,17,7,663265,13179,116879,9377,0.10438315802813332,0.41572087249512324
8521,0.8525,9,19,9,663284,13160,116888,9368,0.10423267013052845,0.4158380681818182
8522,0.8526,10,25,10,663309,13135,116898,9358,0.1040346597389431,0.4160405459476281
8523,0.8527,9,18,9,663327,13117,116907,9349,0.10389209225700165,0.41613994480548383
8524,0.8528,24,28,24,663355,13089,116931,9325,0.10367032061842606,0.4160346212188811
8525,0.8529,5,15,5,663370,13074,116936,9320,0.10355151438347485,0.416182906135572
8526,0.853,6,17,6,663387,13057,116942,9314,0.1034168673171968,0.41634258638415805
8527,0.8531,9,17,9,663404,13040,116951,9305,0.10328222025091877,0.4164242559856791
8528,0.8532,9,20,9,663424,13020,116960,9296,0.1031238119376505,0.41656210790464243
8529,0.8533,13,33,13,663457,12987,116973,9283,0.10286243822075783,0.41683879658733725
8530,0.8534,8,21,8,663478,12966,116981,9275,0.10269610949182613,0.4170226158895733
8531,0.8535,7,19,7,663497,12947,116988,9268,0.10254562159422126,0.417195588566284
8532,0.8536,11,12,11,663509,12935,116999,9257,0.1024505766062603,0.41713229992790196
8533,0.8537,6,21,6,663530,12914,117005,9251,0.10228424787732861,0.4173697270471464
8534,0.8538,20,26,20,663556,12888,117025,9231,0.10207831707007983,0.41733351417333514
8535,0.8539,5,11,5,663567,12877,117030,9226,0.10199119249778228,0.41740940143871874
8536,0.854,4,12,4,663579,12865,117034,9222,0.10189614750982132,0.41753067415221623
8537,0.8541,12,20,12,663599,12845,117046,9210,0.10173773919655303,0.4175923826796645
8538,0.8542,12,26,12,663625,12819,117058,9198,0.10153180838930427,0.41776808829540807
8539,0.8543,9,12,9,663637,12807,117067,9189,0.1014367634013433,0.4177577741407529
8540,0.8544,4,12,4,663649,12795,117071,9185,0.10134171841338234,0.4178798908098271
8541,0.8545,7,7,7,663656,12788,117078,9178,0.10128627550373843,0.4178275516707639
8542,0.8546,0,8,0,663664,12780,117078,9178,0.10122291217843113,0.41797977957919663
8543,0.8547,4,15,4,663679,12765,117082,9174,0.10110410594347992,0.4181594420894298
8544,0.8548,4,15,4,663694,12750,117086,9170,0.10098529970852871,0.41833941605839414
8545,0.8549,7,14,7,663708,12736,117093,9163,0.10087441388924091,0.41842093246266954
8546,0.855,13,32,13,663740,12704,117106,9150,0.10062096058801166,0.4186876544339709
8547,0.8551,12,21,12,663761,12683,117118,9138,0.10045463185907996,0.4187709087576188
8548,0.8552,19,24,19,663785,12659,117137,9119,0.10026454188315803,0.41872531912939664
8549,0.8553,10,19,10,663804,12640,117147,9109,0.10011405398555316,0.4188238539702975
8550,0.8554,12,20,12,663824,12620,117159,9097,0.09995564567228488,0.4188884284201317
8551,0.8555,20,23,20,663847,12597,117179,9077,0.09977347611202636,0.41879671495801424
8552,0.8556,5,11,5,663858,12586,117184,9072,0.09968635153972881,0.4188752424046542
8553,0.8557,19,22,19,663880,12564,117203,9053,0.0995121023951337,0.418790766526345
8554,0.8558,12,23,12,663903,12541,117215,9041,0.09932993283487518,0.4189139097395978
8555,0.8559,10,14,10,663917,12527,117225,9031,0.09921904701558738,0.41891641154095927
8556,0.856,6,15,6,663932,12512,117231,9025,0.09910024078063617,0.4190462924269861
8557,0.8561,4,25,4,663957,12487,117235,9021,0.09890223038905081,0.4194253301097266
8558,0.8562,9,20,9,663977,12467,117244,9012,0.09874382207578254,0.41957260580101496
8559,0.8563,7,14,7,663991,12453,117251,9005,0.09863293625649475,0.41965700438065057
8560,0.8564,4,11,4,664002,12442,117255,9001,0.09854581168419718,0.4197640255561255
8561,0.8565,10,8,10,664010,12434,117265,8991,0.09848244835888988,0.4196499416569428
8562,0.8566,11,16,11,664026,12418,117276,8980,0.09835572170827525,0.41966538928871855
8563,0.8567,20,38,20,664064,12380,117296,8960,0.09805474591306551,0.4198687910028116
8564,0.8568,14,44,14,664108,12336,117310,8946,0.0977062476238753,0.42035522977163803
8565,0.8569,8,19,8,664127,12317,117318,8938,0.09755575972627044,0.4205128205128205
8566,0.857,24,35,24,664162,12282,117342,8914,0.09727854517805094,0.4205510473674278
8567,0.8571,11,17,11,664179,12265,117353,8903,0.0971438981117729,0.4205876795162509
8568,0.8572,9,16,9,664195,12249,117362,8894,0.09701717146115828,0.42065931986946037
8569,0.8573,9,13,9,664208,12236,117371,8885,0.0969142060575339,0.4206713697268122
8570,0.8574,11,22,11,664230,12214,117382,8874,0.0967399569129388,0.42080804248861914
8571,0.8575,14,31,14,664261,12183,117396,8860,0.09649442402737296,0.42104262700185335
8572,0.8576,13,15,13,664276,12168,117409,8847,0.09637561779242175,0.42098501070663813
8573,0.8577,7,21,7,664297,12147,117416,8840,0.09620928906349005,0.42121313193881926
8574,0.8578,11,16,11,664313,12131,117427,8829,0.09608256241287542,0.42123091603053436
8575,0.8579,14,27,14,664340,12104,117441,8815,0.09586871118996325,0.42138725560495244
8576,0.858,4,7,4,664347,12097,117445,8811,0.09581326828031936,0.4214176391811747
8577,0.8581,16,23,16,664370,12074,117461,8795,0.09563109872006083,0.421438497292635
8578,0.8582,4,16,4,664386,12058,117465,8791,0.0955043720694462,0.42165091850928105
8579,0.8583,5,17,5,664403,12041,117470,8786,0.09536972500316816,0.4218562442982667
8580,0.8584,10,17,10,664420,12024,117480,8776,0.09523507793689012,0.4219230769230769
8581,0.8585,8,17,8,664437,12007,117488,8768,0.0951004308706121,0.4220457280385078
8582,0.8586,10,16,10,664453,11991,117498,8758,0.09497370421999747,0.42209263097016725
8583,0.8587,10,15,10,664468,11976,117508,8748,0.09485489798504626,0.42211928199189347
8584,0.8588,15,19,15,664487,11957,117523,8733,0.09470441008744139,0.42208796520058
8585,0.8589,9,14,9,664501,11943,117532,8724,0.0945935242681536,0.42212222383509945
8586,0.859,6,10,6,664511,11933,117538,8718,0.09451432011151946,0.4221587332332575
8587,0.8591,7,11,7,664522,11922,117545,8711,0.0944271955392219,0.42218775747588816
8588,0.8592,4,23,4,664545,11899,117549,8707,0.09424502597896338,0.4225468310200912
8589,0.8593,10,24,10,664569,11875,117559,8697,0.09405493600304143,0.42275909002527706
8590,0.8594,12,8,12,664577,11867,117571,8685,0.09399157267773413,0.42258660957571037
8591,0.8595,13,29,13,664606,11838,117584,8672,0.09376188062349512,0.4228181374939054
8592,0.8596,13,18,13,664624,11820,117597,8659,0.09361931314155367,0.4228233800478539
8593,0.8597,10,20,10,664644,11800,117607,8649,0.09346090482828538,0.42295466770991247
8594,0.8598,14,26,14,664670,11774,117621,8635,0.09325497402103662,0.42309765299622715
8595,0.8599,9,29,9,664699,11745,117630,8626,0.09302528196679762,0.42344509351529136
8596,0.86,19,24,19,664723,11721,117649,8607,0.09283519199087568,0.42340613931523025
8597,0.8601,15,26,15,664749,11695,117664,8592,0.09262926118362692,0.4235224528022872
8598,0.8602,8,6,8,664755,11689,117672,8584,0.09258173868964643,0.4234203127312189
8599,0.8603,17,18,17,664773,11671,117689,8567,0.09243917120770498,0.4233125802944955
8600,0.8604,14,29,14,664802,11642,117703,8553,0.09220947915346597,0.42352067343401834
8601,0.8605,12,10,12,664812,11632,117715,8541,0.09213027499683184,0.42338769642591584
8602,0.8606,14,24,14,664836,11608,117729,8527,0.09194018502090989,0.42349143282840823
8603,0.8607,15,15,15,664851,11593,117744,8512,0.09182137878595868,0.4233772693359861
8604,0.8608,4,7,4,664858,11586,117748,8508,0.09176593587631479,0.42340997312630635
8605,0.8609,6,9,6,664867,11577,117754,8502,0.09169465213534406,0.4234274615269685
8606,0.861,6,21,6,664888,11556,117760,8496,0.09152832340641237,0.4236983842010772
8607,0.8611,5,23,5,664911,11533,117765,8491,0.09134615384615384,0.4240411506192569
8608,0.8612,15,23,15,664934,11510,117780,8476,0.09116398428589532,0.42409686780746525
8609,0.8613,11,32,11,664966,11478,117791,8465,0.09091053098466607,0.42445971017399586
8610,0.8614,8,6,8,664972,11472,117799,8457,0.09086300849068558,0.4243564654523559
8611,0.8615,17,35,17,665007,11437,117816,8440,0.0905857939424661,0.4246113598631584
8612,0.8616,6,10,6,665017,11427,117822,8434,0.09050658978583197,0.42465132672070893
8613,0.8617,11,17,11,665034,11410,117833,8423,0.09037194271955393,0.4246962133817375
8614,0.8618,5,11,5,665045,11399,117838,8418,0.09028481814725636,0.4247867992127971
8615,0.8619,16,10,16,665055,11389,117854,8402,0.09020561399062223,0.4245364054368147
8616,0.862,6,18,6,665073,11371,117860,8396,0.09006304650868077,0.42474831790357664
8617,0.8621,9,19,9,665092,11352,117869,8387,0.08991255861107592,0.42489487815998783
8618,0.8622,14,23,14,665115,11329,117883,8373,0.08973038905081739,0.4249822353060603
8619,0.8623,4,14,4,665129,11315,117887,8369,0.08961950323152959,0.42516764885185937
8620,0.8624,7,15,7,665144,11300,117894,8362,0.08950069699657838,0.42528735632183906
8621,0.8625,5,18,5,665162,11282,117899,8357,0.08935812951463692,0.4255308315087326
8622,0.8626,7,16,7,665178,11266,117906,8350,0.0892314028640223,0.42567292006525287
8623,0.8627,10,30,10,665208,11236,117916,8340,0.08899379039411988,0.4260318757662444
8624,0.8628,8,23,8,665231,11213,117924,8332,0.08881162083386136,0.4262982860066513
8625,0.8629,4,14,4,665245,11199,117928,8328,0.08870073501457357,0.42648640344138883
8626,0.863,16,26,16,665271,11173,117944,8312,0.0884948042073248,0.42658455221965613
8627,0.8631,6,12,6,665283,11161,117950,8306,0.08839975921936383,0.4266707761853393
8628,0.8632,16,17,16,665300,11144,117966,8290,0.0882651121530858,0.42657198723885975
8629,0.8633,3,19,3,665319,11125,117969,8287,0.08811462425548093,0.42690088604986604
8630,0.8634,11,28,11,665347,11097,117980,8276,0.08789285261690534,0.42719248438548496
8631,0.8635,16,22,16,665369,11075,117996,8260,0.08771860347231022,0.42720455133178176
8632,0.8636,11,14,11,665383,11061,118007,8249,0.08760771765302243,0.4271879854997411
8633,0.8637,8,9,8,665392,11052,118015,8241,0.08753643391205171,0.4271497434302597
8634,0.8638,11,14,11,665406,11038,118026,8230,0.08742554809276391,0.42713307037575254
8635,0.8639,8,20,8,665426,11018,118034,8222,0.08726713977949563,0.4273388773388773
8636,0.864,14,20,14,665446,10998,118048,8208,0.08710873146622734,0.42736644798500467
8637,0.8641,7,22,7,665468,10976,118055,8201,0.08693448232163224,0.42764770297752513
8638,0.8642,8,16,8,665484,10960,118063,8193,0.08680775567101762,0.4277658852399102
8639,0.8643,19,41,19,665525,10919,118082,8174,0.08648301862881765,0.4281150159744409
8640,0.8644,5,3,5,665528,10916,118087,8169,0.0864592573818274,0.42803248624574275
8641,0.8645,5,9,5,665537,10907,118092,8164,0.08638797364085667,0.4280845262440354
8642,0.8646,10,10,10,665547,10897,118102,8154,0.08630876948422253,0.42800902839745947
8643,0.8647,10,21,10,665568,10876,118112,8144,0.08614244075529084,0.42818086225026286
8644,0.8648,10,23,10,665591,10853,118122,8134,0.08596027119503231,0.42839837783746776
8645,0.8649,10,24,10,665615,10829,118132,8124,0.08577018121911038,0.42863926555162774
8646,0.865,19,35,19,665650,10794,118151,8105,0.08549296667089089,0.4288586697708873
8647,0.8651,8,6,8,665656,10788,118159,8097,0.0854454441769104,0.42875297855440825
8648,0.8652,11,9,11,665665,10779,118170,8086,0.08537416043593968,0.42862443678770207
8649,0.8653,7,18,7,665683,10761,118177,8079,0.08523159295399822,0.4288216560509554
8650,0.8654,13,30,13,665713,10731,118190,8066,0.0849939804840958,0.4291110283555887
8651,0.8655,8,20,8,665733,10711,118198,8058,0.08483557217082753,0.42932495071660715
8652,0.8656,10,12,10,665745,10699,118208,8048,0.08474052718286655,0.4292953539232944
8653,0.8657,24,40,24,665785,10659,118232,8024,0.08442371055633,0.4294813466787989
8654,0.8658,11,24,11,665809,10635,118243,8013,0.08423362058040806,0.4296975546975547
8655,0.8659,7,10,7,665819,10625,118250,8006,0.08415441642377391,0.4297139176641082
8656,0.866,8,13,8,665832,10612,118258,7998,0.08405145102014953,0.4297689414293391
8657,0.8661,8,23,8,665855,10589,118266,7990,0.08386928145989102,0.4300554389364336
8658,0.8662,13,18,13,665873,10571,118279,7977,0.08372671397794956,0.4300733232693552
8659,0.8663,5,9,5,665882,10562,118284,7972,0.08365543023697884,0.43012841264702706
8660,0.8664,13,20,13,665902,10542,118297,7959,0.08349702192371056,0.4301929625425653
8661,0.8665,5,15,5,665917,10527,118302,7954,0.08337821568875935,0.4303879660191548
8662,0.8666,13,25,13,665942,10502,118315,7941,0.083180205297174,0.4305698639050046
8663,0.8667,5,15,5,665957,10487,118320,7936,0.08306139906222279,0.43076589046300817
8664,0.8668,9,12,9,665969,10475,118329,7927,0.08296635407426181,0.4307683947397022
8665,0.8669,13,18,13,665987,10457,118342,7914,0.08282378659232037,0.43078765445539163
8666,0.867,8,11,8,665998,10446,118350,7906,0.0827366620200228,0.43079773321708803
8667,0.8671,7,11,7,666009,10435,118357,7899,0.08264953744772525,0.4308388785862332
8668,0.8672,10,20,10,666029,10415,118367,7889,0.08249112913445697,0.4309986888111888
8669,0.8673,9,18,9,666047,10397,118376,7880,0.08234856165251553,0.431142966570006
8670,0.8674,18,34,18,666081,10363,118394,7862,0.08207926751995945,0.4313854595336077
8671,0.8675,6,8,6,666089,10355,118400,7856,0.08201590419465214,0.4313876228653012
8672,0.8676,7,10,7,666099,10345,118407,7849,0.08193670003801799,0.4314059580081345
8673,0.8677,21,23,21,666122,10322,118428,7828,0.08175453047775948,0.43129476584022036
8674,0.8678,9,14,9,666136,10308,118437,7819,0.08164364465847168,0.43134550670270866
8675,0.8679,12,29,12,666165,10279,118449,7807,0.08141395260423268,0.43165984739577573
8676,0.868,5,21,5,666186,10258,118454,7802,0.08124762387530098,0.4320044296788483
8677,0.8681,2,2,2,666188,10256,118456,7800,0.08123178304397415,0.43198936641559593
8678,0.8682,12,22,12,666210,10234,118468,7788,0.08105753389937904,0.4321384973920763
8679,0.8683,9,7,9,666217,10227,118477,7779,0.08100209098973514,0.4320226591136288
8680,0.8684,4,9,4,666226,10218,118481,7775,0.08093080724876442,0.4321124881898516
8681,0.8685,7,9,7,666235,10209,118488,7768,0.08085952350779368,0.4321076931634867
8682,0.8686,5,20,5,666255,10189,118493,7763,0.08070111519452541,0.43243092691622104
8683,0.8687,20,20,20,666275,10169,118513,7743,0.08054270688125713,0.4322800357302367
8684,0.8688,6,19,6,666294,10150,118519,7737,0.08039221898365226,0.4325487784424442
8685,0.8689,9,21,9,666315,10129,118528,7728,0.08022589025472057,0.4327714621716974
8686,0.869,15,20,15,666335,10109,118543,7713,0.08006748194145229,0.43277971047020536
8687,0.8691,4,14,4,666349,10095,118547,7709,0.07995659612216449,0.4329925859357448
8688,0.8692,6,15,6,666364,10080,118553,7703,0.07983778988721328,0.43316650733846934
8689,0.8693,6,13,6,666377,10067,118559,7697,0.0797348244835889,0.4332920513397883
8690,0.8694,12,13,12,666390,10054,118571,7685,0.07963185907996452,0.4332262247026326
8691,0.8695,7,19,7,666409,10035,118578,7678,0.07948137118235965,0.43346694518150514
8692,0.8696,11,17,11,666426,10018,118589,7667,0.07934672411608161,0.43353124116482894
8693,0.8697,12,25,12,666451,9993,118601,7655,0.07914871372449626,0.433760199456029
8694,0.8698,12,17,12,666468,9976,118613,7643,0.07901406665821822,0.4337930643055792
8695,0.8699,8,18,8,666486,9958,118621,7635,0.07887149917627677,0.43397942363440006
8696,0.87,14,25,14,666511,9933,118635,7621,0.07867348878469142,0.4341460635752535
8697,0.8701,8,16,8,666527,9917,118643,7613,0.0785467621340768,0.4342840844266971
8698,0.8702,12,21,12,666548,9896,118655,7601,0.0783804334051451,0.4344173286849174
8699,0.8703,14,11,14,666559,9885,118669,7587,0.07829330883284755,0.4342376373626374
8700,0.8704,4,11,4,666570,9874,118673,7583,0.07820618426055,0.4343816234175402
8701,0.8705,18,9,18,666579,9865,118691,7565,0.07813490051957926,0.434021801491681
8702,0.8706,12,10,12,666589,9855,118703,7553,0.07805569636294513,0.4338809742647059
8703,0.8707,3,9,3,666598,9846,118706,7550,0.0779844126219744,0.4340078178891699
8704,0.8708,8,17,8,666615,9829,118714,7542,0.07784976555569637,0.434171895688216
8705,0.8709,14,19,14,666634,9810,118728,7528,0.0776992776580915,0.43419079478601913
8706,0.871,13,25,13,666659,9785,118741,7515,0.07750126726650615,0.434393063583815
8707,0.8711,15,15,15,666674,9770,118756,7500,0.07738246103155494,0.43427909669947884
8708,0.8712,5,17,5,666691,9753,118761,7495,0.0772478139652769,0.4345431354359926
8709,0.8713,8,10,8,666701,9743,118769,7487,0.07716860980864276,0.43453279164248404
8710,0.8714,9,7,9,666708,9736,118778,7478,0.07711316689899886,0.43441384919251774
8711,0.8715,11,26,11,666734,9710,118789,7467,0.0769072360917501,0.43470920416836467
8712,0.8716,16,21,16,666755,9689,118805,7451,0.0767409073628184,0.43471411901983664
8713,0.8717,17,24,17,666779,9665,118822,7434,0.07655081738689647,0.434762266799228
8714,0.8718,15,22,15,666801,9643,118837,7419,0.07637656824230135,0.43482592896495137
8715,0.8719,7,9,7,666810,9634,118844,7412,0.07630528450133063,0.43482341898392585
8716,0.872,12,14,12,666824,9620,118856,7400,0.07619439868204284,0.43478260869565216
8717,0.8721,8,9,8,666833,9611,118864,7392,0.0761231149410721,0.43474680938657884
8718,0.8722,6,22,6,666855,9589,118870,7386,0.075948865796477,0.4351104565537555
8719,0.8723,6,13,6,666868,9576,118876,7380,0.07584590039285262,0.43524416135881105
8720,0.8724,4,6,4,666874,9570,118880,7376,0.07579837789887213,0.43526495928242653
8721,0.8725,10,23,10,666897,9547,118890,7366,0.07561620833861361,0.43552297049606814
8722,0.8726,6,12,6,666909,9535,118896,7360,0.07552116335065265,0.4356318437407517
8723,0.8727,6,10,6,666919,9525,118902,7354,0.0754419591940185,0.43568931808756445
8724,0.8728,10,19,10,666938,9506,118912,7344,0.07529147129641364,0.43584569732937684
8725,0.8729,8,17,8,666955,9489,118920,7336,0.0751568242301356,0.4360178306092125
8726,0.873,3,16,3,666971,9473,118923,7333,0.07503009757952098,0.43633226228727834
8727,0.8731,10,37,10,667008,9436,118933,7323,0.07473704219997465,0.43695924577838774
8728,0.8732,7,18,7,667026,9418,118940,7316,0.0745944747180332,0.43719373730130273
8729,0.8733,3,13,3,667039,9405,118943,7313,0.07449150931440882,0.4374327072616342
8730,0.8734,7,14,7,667053,9391,118950,7306,0.07438062349512102,0.43756363418578187
8731,0.8735,12,11,12,667064,9380,118962,7294,0.07429349892282347,0.4374475230898405
8732,0.8736,6,22,6,667086,9358,118968,7288,0.07411924977822835,0.43782290039649163
8733,0.8737,9,15,9,667101,9343,118977,7279,0.07400044354327714,0.4379136084707015
8734,0.8738,8,15,8,667116,9328,118985,7271,0.07388163730832593,0.43803843605036447
8735,0.8739,11,14,11,667130,9314,118996,7260,0.07377075148903814,0.43803547725352965
8736,0.874,8,12,8,667142,9302,119004,7252,0.07367570650107717,0.43808143046997705
8737,0.8741,2,12,2,667154,9290,119006,7250,0.07358066151311621,0.43833131801692865
8738,0.8742,18,14,18,667168,9276,119024,7232,0.07346977569382841,0.4380906227283741
8739,0.8743,12,26,12,667194,9250,119036,7220,0.07326384488657965,0.4383727990285367
8740,0.8744,10,17,10,667211,9233,119046,7210,0.07312919782030161,0.4384844614729672
8741,0.8745,10,14,10,667225,9219,119056,7200,0.07301831200101382,0.43851635300566416
8742,0.8746,14,13,14,667238,9206,119070,7186,0.07291534659738944,0.4383845778428502
8743,0.8747,10,19,10,667257,9187,119080,7176,0.07276485869978457,0.43855038807064717
8744,0.8748,3,12,3,667269,9175,119083,7173,0.0726698137118236,0.43876926841203817
8745,0.8749,7,9,7,667278,9166,119090,7166,0.07259852997085287,0.4387705118785207
8746,0.875,17,34,17,667312,9132,119107,7149,0.0723292358382968,0.4391007923346232
8747,0.8751,14,18,14,667330,9114,119121,7135,0.07218666835635534,0.43910394485814513
8748,0.8752,9,4,9,667334,9110,119130,7126,0.07215498669370168,0.43890120719389014
8749,0.8753,8,14,8,667348,9096,119138,7118,0.07204410087441389,0.4390033304551622
8750,0.8754,6,9,6,667357,9087,119144,7112,0.07197281713344317,0.439039446879437
8751,0.8755,7,4,7,667361,9083,119151,7105,0.07194113547078951,0.4389053619965406
8752,0.8756,5,5,5,667366,9078,119156,7100,0.07190153339247243,0.4388675979725553
8753,0.8757,3,8,3,667374,9070,119159,7097,0.07183817006716513,0.4389806395744418
8754,0.8758,10,14,10,667388,9056,119169,7087,0.07172728424787733,0.4390138140370439
8755,0.8759,10,17,10,667405,9039,119179,7077,0.07159263718159929,0.4391288160833954
8756,0.876,9,19,9,667424,9020,119188,7068,0.07144214928399442,0.4393336648433615
8757,0.8761,12,19,12,667443,9001,119200,7056,0.07129166138638955,0.4394345145419443
8758,0.8762,8,20,8,667463,8981,119208,7048,0.07113325307312128,0.43970303824318424
8759,0.8763,7,8,7,667471,8973,119215,7041,0.07106988974781396,0.4396777819408018
8760,0.8764,12,27,12,667498,8946,119227,7029,0.07085603852490178,0.44
8761,0.8765,12,25,12,667523,8921,119239,7017,0.07065802813331644,0.44026854059480486
8762,0.8766,12,18,12,667541,8903,119251,7005,0.07051546065137498,0.44034448076439525
8763,0.8767,8,14,8,667555,8889,119259,6997,0.07040457483208719,0.4404507113181418
8764,0.8768,5,14,5,667569,8875,119264,6992,0.07029368901279939,0.4406630112812756
8765,0.8769,11,28,11,667597,8847,119275,6981,0.0700719173742238,0.4410538286580743
8766,0.877,7,14,7,667611,8833,119282,6974,0.069961031554936,0.44119693806541405
8767,0.8771,6,17,6,667628,8816,119288,6968,0.06982638448865797,0.4414597060314242
8768,0.8772,8,21,8,667649,8795,119296,6960,0.06966005575972627,0.4417645192002539
8769,0.8773,8,18,8,667667,8777,119304,6952,0.06951748827778481,0.4419861402504927
8770,0.8774,7,18,7,667685,8759,119311,6945,0.06937492079584337,0.4422440142638818
8771,0.8775,5,14,5,667699,8745,119316,6940,0.06926403497655557,0.4424609499521836
8772,0.8776,9,10,9,667709,8735,119325,6931,0.06918483081992143,0.4424230818332695
8773,0.8777,4,21,4,667730,8714,119329,6927,0.06901850209098974,0.44287449651556804
8774,0.8778,3,9,3,667739,8705,119332,6924,0.068947218350019,0.4430225862179282
8775,0.8779,4,10,4,667749,8695,119336,6920,0.06886801419338487,0.4431636247198207
8776,0.878,3,8,3,667757,8687,119339,6917,0.06880465086807756,0.4432837733914381
8777,0.8781,5,11,5,667768,8676,119344,6912,0.06871752629578,0.44341801385681295
8778,0.8782,6,10,6,667778,8666,119350,6906,0.06863832213914586,0.4434883123555099
8779,0.8783,9,11,9,667789,8655,119359,6897,0.06855119756684831,0.4434799382716049
8780,0.8784,7,12,7,667801,8643,119366,6890,0.06845615257888733,0.44357175046674824
8781,0.8785,9,9,9,667810,8634,119375,6881,0.06838486883791661,0.44350628424105704
8782,0.8786,2,13,2,667823,8621,119377,6879,0.06828190343429223,0.4438064516129032
8783,0.8787,9,22,9,667845,8599,119386,6870,0.06810765428969712,0.44411403452065423
8784,0.8788,17,21,17,667866,8578,119403,6853,0.06794132556076543,0.4441060203486488
8785,0.8789,10,20,10,667886,8558,119413,6843,0.06778291724749715,0.44432179728589055
8786,0.879,5,13,5,667899,8545,119418,6838,0.06767995184387277,0.44451667425079633
8787,0.8791,13,19,13,667918,8526,119431,6825,0.0675294639462679,0.44459644322845415
8788,0.8792,15,19,15,667937,8507,119446,6810,0.06737897604866304,0.44460403473265
8789,0.8793,8,18,8,667955,8489,119454,6802,0.06723640856672158,0.4448368321234713
8790,0.8794,8,19,8,667974,8470,119462,6794,0.06708592066911671,0.44509958071278827
8791,0.8795,15,18,15,667992,8452,119477,6779,0.06694335318717526,0.4450791149629046
8792,0.8796,10,15,10,668007,8437,119487,6769,0.06682454695222405,0.44515322898855714
8793,0.8797,13,21,13,668028,8416,119500,6756,0.06665821822329236,0.44529396256261533
8794,0.8798,6,18,6,668046,8398,119506,6750,0.0665156507413509,0.44560337998415633
8795,0.8799,6,21,6,668067,8377,119512,6744,0.0663493220124192,0.4460022485285365
8796,0.88,7,23,7,668090,8354,119519,6737,0.06616715245216069,0.4464250215360148
8797,0.8801,16,10,16,668100,8344,119535,6721,0.06608794829552656,0.446133421838699
8798,0.8802,12,23,12,668123,8321,119547,6709,0.06590577873526803,0.4463739188290087
8799,0.8803,6,5,6,668128,8316,119553,6703,0.06586617665695095,0.4463013516212797
8800,0.8804,7,13,7,668141,8303,119560,6696,0.06576321125332657,0.44642976198413226
8801,0.8805,12,15,12,668156,8288,119572,6684,0.06564440501837536,0.44643334223884584
8802,0.8806,16,22,16,668178,8266,119588,6668,0.06547015587378026,0.4464979241998125
8803,0.8807,5,15,5,668193,8251,119593,6663,0.06535134963882905,0.44676143221134507
8804,0.8808,13,23,13,668216,8228,119606,6650,0.06516918007857052,0.44696867858583145
8805,0.8809,5,15,5,668231,8213,119611,6645,0.06505037384361931,0.44723381343384033
8806,0.881,4,20,4,668251,8193,119615,6641,0.06489196553035104,0.44768774437103953
8807,0.8811,8,8,8,668259,8185,119623,6633,0.06482860220504372,0.44763125927925496
8808,0.8812,7,8,7,668267,8177,119630,6626,0.06476523887973641,0.44761197054651086
8809,0.8813,6,13,6,668280,8164,119636,6620,0.06466227347611203,0.4477813852813853
8810,0.8814,13,25,13,668305,8139,119649,6607,0.06446426308452667,0.4480537094805371
8811,0.8815,11,25,11,668330,8114,119660,6596,0.06426625269294133,0.4484024473147519
8812,0.8816,5,9,5,668339,8105,119665,6591,0.0641949689519706,0.44848938486663037
8813,0.8817,16,20,16,668359,8085,119681,6575,0.06403656063870232,0.4484993178717599
8814,0.8818,10,21,10,668380,8064,119691,6565,0.06387023190977062,0.44876614942921594
8815,0.8819,5,8,5,668388,8056,119696,6560,0.06380686858446331,0.4488232074438971
8816,0.882,10,15,10,668403,8041,119706,6550,0.0636880623495121,0.44890686039339317
8817,0.8821,10,2,10,668405,8039,119716,6540,0.06367222151818527,0.4485904383016668
8818,0.8822,16,21,16,668426,8018,119732,6524,0.06350589278925357,0.4486315499931234
8819,0.8823,10,18,10,668444,8000,119742,6514,0.06336332530731213,0.4488080474025079
8820,0.8824,12,14,12,668458,7986,119754,6502,0.06325243948802434,0.4487852015461071
8821,0.8825,7,22,7,668480,7964,119761,6495,0.06307819034342922,0.4492011895705097
8822,0.8826,2,18,2,668498,7946,119763,6493,0.06293562286148777,0.44968488122446154
8823,0.8827,9,19,9,668517,7927,119772,6484,0.06278513496388291,0.44993407813475816
8824,0.8828,12,16,12,668533,7911,119784,6472,0.06265840831326829,0.44997566571647085
8825,0.8829,12,14,12,668547,7897,119796,6460,0.06254752249398049,0.44995472591767083
8826,0.883,6,17,6,668564,7880,119802,6454,0.06241287542770244,0.45025812752895217
8827,0.8831,6,9,6,668573,7871,119808,6448,0.06234159168673172,0.4503107758921712
8828,0.8832,7,7,7,668580,7864,119815,6441,0.062286148777087824,0.4502621461027613
8829,0.8833,11,13,11,668593,7851,119826,6430,0.06218318337346344,0.4502485820320706
8830,0.8834,6,10,6,668603,7841,119832,6424,0.0621039792168293,0.4503329828250964
8831,0.8835,16,15,16,668618,7826,119848,6408,0.06198517298187809,0.45018968666572995
8832,0.8836,3,8,3,668626,7818,119851,6405,0.06192180965657078,0.45032693524572875
8833,0.8837,13,22,13,668648,7796,119864,6392,0.06174756051197567,0.45052156752184946
8834,0.8838,4,18,4,668666,7778,119868,6388,0.061604993030034215,0.4509388677114217
8835,0.8839,2,5,2,668671,7773,119870,6386,0.06156539095171715,0.45102055229889115
8836,0.884,15,16,15,668687,7757,119885,6371,0.06143866430110252,0.4509484711211778
8837,0.8841,5,9,5,668696,7748,119890,6366,0.061367380560131794,0.4510415190590903
8838,0.8842,8,11,8,668707,7737,119898,6358,0.061280255987834244,0.45108194395175594
8839,0.8843,7,13,7,668720,7724,119905,6351,0.061177290584209856,0.4512255772646536
8840,0.8844,11,14,11,668734,7710,119916,6340,0.06106640476492206,0.4512455516014235
8841,0.8845,16,20,16,668754,7690,119932,6324,0.06090799645165378,0.45126302269159413
8842,0.8846,8,12,8,668766,7678,119940,6316,0.06081295146369282,0.45133628698013434
8843,0.8847,7,19,7,668785,7659,119947,6309,0.06066246356608795,0.45167525773195877
8844,0.8848,9,18,9,668803,7641,119956,6300,0.0605198960841465,0.45190445448676564
8845,0.8849,6,13,6,668816,7628,119962,6294,0.06041693068052211,0.4520902169228559
8846,0.885,12,12,12,668828,7616,119974,6282,0.060321885692561146,0.45200748309109223
8847,0.8851,13,17,13,668845,7599,119987,6269,0.060187238626283106,0.45204788001153734
8848,0.8852,3,13,3,668858,7586,119990,6266,0.060084273222658725,0.4523534507652325
8849,0.8853,7,10,7,668868,7576,119997,6259,0.06000506906602458,0.45240332490061436
8850,0.8854,11,11,11,668879,7565,120008,6248,0.05991794449372703,0.4523275175559256
8851,0.8855,7,6,7,668885,7559,120015,6241,0.05987042199974655,0.4522463768115942
8852,0.8856,14,15,14,668900,7544,120029,6227,0.05975161576479534,0.4521821218502651
8853,0.8857,20,22,20,668922,7522,120049,6207,0.05957736662020023,0.4521086750673756
8854,0.8858,5,13,5,668935,7509,120054,6202,0.059474401216575844,0.4523375392021005
8855,0.8859,6,11,6,668946,7498,120060,6196,0.05938727664427829,0.4524609317949467
8856,0.886,11,23,11,668969,7475,120071,6185,0.05920510708401977,0.4527818448023426
8857,0.8861,33,40,33,669009,7435,120104,6152,0.05888829045748321,0.45278575108559654
8858,0.8862,11,16,11,669025,7419,120115,6141,0.05876156380686858,0.45287610619469026
8859,0.8863,14,21,14,669046,7398,120129,6127,0.05859523507793689,0.4530129390018484
8860,0.8864,5,9,5,669055,7389,120134,6122,0.05852395133696616,0.4531122788838724
8861,0.8865,7,12,7,669067,7377,120141,6115,0.058428906349005195,0.4532315446190335
8862,0.8866,7,17,7,669084,7360,120148,6108,0.058294259282727155,0.4535194535194535
8863,0.8867,7,14,7,669098,7346,120155,6101,0.05818337346343936,0.45370714657544436
8864,0.8868,4,5,4,669103,7341,120159,6097,0.05814377138512229,0.45371335020092274
8865,0.8869,4,11,4,669114,7330,120163,6093,0.058056646812824735,0.45392237204797736
8866,0.887,9,15,9,669129,7315,120172,6084,0.057937840577873524,0.45406373609970896
8867,0.8871,5,8,5,669137,7307,120177,6079,0.05787447725256621,0.45413118183176454
8868,0.8872,13,23,13,669160,7284,120190,6066,0.057692307692307696,0.4543820224719101
8869,0.8873,4,4,4,669164,7280,120194,6062,0.057660626029654036,0.45435466946484787
8870,0.8874,3,9,3,669173,7271,120197,6059,0.05758934228868331,0.4545386346586647
8871,0.8875,7,15,7,669188,7256,120204,6052,0.0574705360537321,0.45476405169822665
8872,0.8876,5,7,5,669195,7249,120209,6047,0.0574150931440882,0.45479843561973526
8873,0.8877,3,5,3,669200,7244,120212,6044,0.05737549106577113,0.454846478025286
8874,0.8878,13,18,13,669218,7226,120225,6031,0.05723292358382968,0.45492947122275024
8875,0.8879,11,9,11,669227,7217,120236,6020,0.057161639842858956,0.4547858276044421
8876,0.888,10,11,10,669238,7206,120246,6010,0.0570745152705614,0.4547518159806295
8877,0.8881,5,18,5,669256,7188,120251,6005,0.056931947788619944,0.45516561813082695
8878,0.8882,5,11,5,669267,7177,120256,6000,0.05684482321632239,0.45533884799271457
8879,0.8883,8,24,8,669291,7153,120264,5992,0.056654733240400455,0.4558387219475086
8880,0.8884,11,23,11,669314,7130,120275,5981,0.05647256368014193,0.45618183204942414
8881,0.8885,8,14,8,669328,7116,120283,5973,0.05636167786085414,0.45633738253495304
8882,0.8886,8,9,8,669337,7107,120291,5965,0.05629039411988341,0.4563188494492044
8883,0.8887,3,9,3,669346,7098,120294,5962,0.05621911037891269,0.4565084226646248
8884,0.8888,3,11,3,669357,7087,120297,5959,0.05613198580661513,0.4567683581174306
8885,0.8889,0,3,0,669360,7084,120297,5959,0.056108224559624886,0.4568734186920187
8886,0.889,7,10,7,669370,7074,120304,5952,0.05602902040299075,0.4569322892676186
8887,0.8891,13,4,13,669374,7070,120317,5939,0.05599733874033709,0.456530094549927
8888,0.8892,3,4,3,669378,7066,120320,5936,0.05596565707768344,0.4565451469004769
8889,0.8893,18,15,18,669393,7051,120338,5918,0.05584685084273223,0.45631891433418154
8890,0.8894,3,10,3,669403,7041,120341,5915,0.055767646686098085,0.4565452300092621
8891,0.8895,5,6,5,669409,7035,120346,5910,0.0557201241921176,0.45654692931633833
8892,0.8896,5,10,5,669419,7025,120351,5905,0.05564092003548346,0.4566898685228152
8893,0.8897,6,5,6,669424,7020,120357,5899,0.05560131795716639,0.4566142890316588
8894,0.8898,5,10,5,669434,7010,120362,5894,0.05552211380053225,0.45675759454432735
8895,0.8899,5,8,5,669442,7002,120367,5889,0.05545875047522494,0.456830346753549
8896,0.89,8,13,8,669455,6989,120375,5881,0.055355785071600556,0.456954156954157
8897,0.8901,12,20,12,669475,6969,120387,5869,0.05519737675833228,0.45715843589344135
8898,0.8902,6,9,6,669484,6960,120393,5863,0.05512609301736155,0.4572252982921313
8899,0.8903,11,16,11,669500,6944,120404,5852,0.054999366366746925,0.4573304157549234
8900,0.8904,6,7,6,669507,6937,120410,5846,0.05494392345710303,0.4573261362747399
8901,0.8905,9,11,9,669518,6926,120419,5837,0.05485679888480548,0.45733761654783356
8902,0.8906,11,9,11,669527,6917,120430,5826,0.05478551514383475,0.4571921839441262
8903,0.8907,6,12,6,669539,6905,120436,5820,0.05469047015587378,0.4573673870333988
8904,0.8908,13,18,13,669557,6887,120449,5807,0.05454790267393233,0.45746021742555537
8905,0.8909,2,8,2,669565,6879,120451,5805,0.054484539348625016,0.4576631977294229
8906,0.891,10,10,10,669575,6869,120461,5795,0.054405335191990874,0.45759633607075173
8907,0.8911,2,5,2,669580,6864,120463,5793,0.054365733113673806,0.45769139606541837
8908,0.8912,12,12,12,669592,6852,120475,5781,0.05427068812571284,0.45761101876038945
8909,0.8913,6,20,6,669612,6832,120481,5775,0.054112279812444555,0.4580788450860633
8910,0.8914,4,5,4,669617,6827,120485,5771,0.05407267773412749,0.4580885854897603
8911,0.8915,10,12,10,669629,6815,120495,5761,0.05397763274616652,0.4580947837150127
8912,0.8916,8,21,8,669650,6794,120503,5753,0.05381130401723482,0.4585159799155177
8913,0.8917,11,17,11,669667,6777,120514,5742,0.05367665695095679,0.4586628324946082
8914,0.8918,6,11,6,669678,6766,120520,5736,0.05358953237865923,0.45880659094544873
8915,0.8919,10,13,10,669691,6753,120530,5726,0.05348656697503485,0.458850869460694
8916,0.892,7,13,7,669704,6740,120537,5719,0.05338360157141047,0.45902560398105785
8917,0.8921,7,12,7,669716,6728,120544,5712,0.0532885565834495,0.4591639871382637
8918,0.8922,6,7,6,669723,6721,120550,5706,0.0532331136738056,0.4591615031785628
8919,0.8923,5,13,5,669736,6708,120555,5701,0.05313014827018122,0.4594246111693126
8920,0.8924,5,24,5,669760,6684,120560,5696,0.05294005829425928,0.46009693053311795
8921,0.8925,9,28,9,669788,6656,120569,5687,0.05271828665568369,0.46074698209511467
8922,0.8926,7,11,7,669799,6645,120576,5680,0.052631162083386133,0.4608519269776876
8923,0.8927,14,21,14,669820,6624,120590,5666,0.05246483335445444,0.4610252237591538
8924,0.8928,9,9,9,669829,6615,120599,5657,0.05239354961348371,0.4609680573663624
8925,0.8929,12,6,12,669835,6609,120611,5645,0.05234602711950323,0.4606659050106088
8926,0.893,7,12,7,669847,6597,120618,5638,0.052250982131542265,0.46080915406620354
8927,0.8931,4,20,4,669867,6577,120622,5634,0.052092573818273986,0.461387273769552
8928,0.8932,4,19,4,669886,6558,120626,5630,0.051942085920669116,0.46192976698391863
8929,0.8933,7,15,7,669901,6543,120633,5623,0.051823279685717906,0.46218970902515205
8930,0.8934,13,22,13,669923,6521,120646,5610,0.0516490305411228,0.4624515703569368
8931,0.8935,7,17,7,669940,6504,120653,5603,0.05151438347484476,0.46279012141736187
8932,0.8936,1,3,1,669943,6501,120654,5602,0.05149062222785452,0.46286044782285385
8933,0.8937,10,10,10,669953,6491,120664,5592,0.05141141807122038,0.4627989737647935
8934,0.8938,13,7,13,669960,6484,120677,5579,0.05135597516157648,0.46248860150874577
8935,0.8939,9,17,9,669977,6467,120686,5570,0.05122132809529844,0.4627398853534934
8936,0.894,11,19,11,669996,6448,120697,5559,0.051070840197693576,0.46297992837511454
8937,0.8941,5,9,5,670005,6439,120702,5554,0.05099955645672285,0.4631034770282665
8938,0.8942,9,8,9,670013,6431,120711,5545,0.050936193131415536,0.4630093520374082
8939,0.8943,3,3,3,670016,6428,120714,5542,0.0509124318844253,0.4629908103592314
8940,0.8944,14,11,14,670027,6417,120728,5528,0.05082530731212774,0.4627877773126831
8941,0.8945,14,11,14,670038,6406,120742,5514,0.05073818273983018,0.46258389261744964
8942,0.8946,8,12,8,670050,6394,120750,5506,0.05064313775186922,0.4626890756302521
8943,0.8947,7,12,7,670062,6382,120757,5499,0.05054809276390825,0.4628398282972814
8944,0.8948,14,14,14,670076,6368,120771,5485,0.05043720694462046,0.46275204589555385
8945,0.8949,10,14,10,670090,6354,120781,5475,0.050326321125332654,0.4628455490743089
8946,0.895,7,12,7,670102,6342,120788,5468,0.05023127613737169,0.4629974597798476
8947,0.8951,12,15,12,670117,6327,120800,5456,0.05011246990242048,0.4630399728422303
8948,0.8952,11,15,11,670132,6312,120811,5445,0.04999366366746927,0.46312834906864
8949,0.8953,13,18,13,670150,6294,120824,5432,0.04985109618552782,0.46324407300017056
8950,0.8954,10,14,10,670164,6280,120834,5422,0.04974021036624002,0.4633396000683644
8951,0.8955,7,5,7,670169,6275,120841,5415,0.04970060828792295,0.4632164242942686
8952,0.8956,3,5,3,670174,6270,120844,5412,0.04966100620960588,0.4632768361581921
8953,0.8957,6,12,6,670186,6258,120850,5406,0.04956596122164491,0.463477366255144
8954,0.8958,10,7,10,670193,6251,120860,5396,0.04951051831200101,0.4632952691680261
8955,0.8959,5,13,5,670206,6238,120865,5391,0.04940755290837663,0.46358242325221427
8956,0.896,6,6,6,670212,6232,120871,5385,0.04936003041439615,0.4635448050271154
8957,0.8961,7,7,7,670219,6225,120878,5378,0.04930458750475225,0.4635008187537706
8958,0.8962,15,13,15,670232,6212,120893,5363,0.04920162210112787,0.46332613390928723
8959,0.8963,6,8,6,670240,6204,120899,5357,0.04913825877582056,0.46336822074215034
8960,0.8964,6,5,6,670245,6199,120905,5351,0.04909865669750348,0.4632900432900433
8961,0.8965,10,9,10,670254,6190,120915,5341,0.049027372956532755,0.46318619373861764
8962,0.8966,7,7,7,670261,6183,120922,5334,0.04897193004688886,0.4631414430841365
8963,0.8967,6,17,6,670278,6166,120928,5328,0.048837282980610824,0.4635461980163564
8964,0.8968,10,19,10,670297,6147,120938,5318,0.048686795083005954,0.4638464893153075
8965,0.8969,1,4,1,670301,6143,120939,5317,0.0486551134203523,0.4639616055846422
8966,0.897,6,8,6,670309,6135,120945,5311,0.04859175009504499,0.4640048925388782
8967,0.8971,10,9,10,670318,6126,120955,5301,0.04852046635407426,0.4639012864268837
8968,0.8972,7,8,7,670326,6118,120962,5294,0.04845710302876695,0.4638976515948125
8969,0.8973,7,4,7,670330,6114,120969,5287,0.048425421366113296,0.46373125164459256
8970,0.8974,3,7,3,670337,6107,120972,5284,0.0483699784564694,0.4638749890264244
8971,0.8975,7,22,7,670359,6085,120979,5277,0.04819572931187429,0.46444287977468757
8972,0.8976,6,10,6,670369,6075,120985,5271,0.04811652515524015,0.46456901110523535
8973,0.8977,10,8,10,670377,6067,120995,5261,0.048053161829932835,0.4644244350282486
8974,0.8978,10,16,10,670393,6051,121005,5251,0.04792643517931821,0.46460803397628736
8975,0.8979,6,14,6,670407,6037,121011,5245,0.047815549360030414,0.46489984045382027
8976,0.898,4,12,4,670419,6025,121015,5241,0.04772050437206945,0.4652050417184449
8977,0.8981,8,5,8,670424,6020,121023,5233,0.047680902293752374,0.4650315471429841
8978,0.8982,1,6,1,670430,6014,121024,5232,0.04763337979977189,0.46523208251822873
8979,0.8983,10,16,10,670446,5998,121034,5222,0.047506653149157266,0.4654188948306595
8980,0.8984,7,20,7,670466,5978,121041,5215,0.04734824483588899,0.4659161976235147
8981,0.8985,7,6,7,670472,5972,121048,5208,0.047300722341908505,0.4658318425760286
8982,0.8986,11,5,11,670477,5967,121059,5197,0.04726112026359143,0.4655141526334647
8983,0.8987,7,15,7,670492,5952,121066,5190,0.04714231402864022,0.4658050619278406
8984,0.8988,13,14,13,670506,5938,121079,5177,0.047031428209352424,0.46576698155645524
8985,0.8989,7,7,7,670513,5931,121086,5170,0.04697598529970853,0.465723808665886
8986,0.899,6,14,6,670527,5917,121092,5164,0.04686509948042073,0.4660229221189423
8987,0.8991,5,4,5,670531,5913,121097,5159,0.04683341781776708,0.4659501445086705
8988,0.8992,7,11,7,670542,5902,121104,5152,0.04674629324546952,0.46607562873168085
8989,0.8993,5,12,5,670554,5890,121109,5147,0.046651248257508555,0.46634049107547343
8990,0.8994,8,11,8,670565,5879,121117,5139,0.046564123685211,0.4664185877654747
8991,0.8995,13,17,13,670582,5862,121130,5126,0.046429476618932965,0.46650891882053147
8992,0.8996,8,9,8,670591,5853,121138,5118,0.04635819287796224,0.4665025977577249
8993,0.8997,4,9,4,670600,5844,121142,5114,0.04628690913699151,0.4666910020076656
8994,0.8998,18,14,18,670614,5830,121160,5096,0.046176023317703714,0.466410397217646
8995,0.8999,3,15,3,670629,5815,121163,5093,0.046057217082752504,0.4669050238357169
8996,0.9,16,10,16,670639,5805,121179,5077,0.04597801292611836,0.4665502664951296
8997,0.9001,7,14,7,670653,5791,121186,5070,0.045867127106830566,0.46680784458153024
8998,0.9002,9,8,9,670661,5783,121195,5061,0.04580376378152325,0.466709701217263
8999,0.9003,8,17,8,670678,5766,121203,5053,0.04566911671524521,0.4670487106017192
9000,0.9004,5,13,5,670691,5753,121208,5048,0.04556615131162083,0.4673641329506527
9001,0.9005,11,14,11,670705,5739,121219,5037,0.04545526549233304,0.46742761692650336
9002,0.9006,3,5,3,670710,5734,121222,5034,0.04541566341401597,0.4674962852897474
9003,0.9007,7,2,7,670712,5732,121229,5027,0.04539982258268914,0.4672367320382935
9004,0.9008,7,8,7,670720,5724,121236,5020,0.04533645925738183,0.4672375279225614
9005,0.9009,7,11,7,670731,5713,121243,5013,0.045249334685084276,0.46736900988252844
9006,0.901,11,19,11,670750,5694,121254,5002,0.045098846787479406,0.46765145848915485
9007,0.9011,7,16,7,670766,5678,121261,4995,0.04497212013686478,0.46800337299728284
9008,0.9012,7,17,7,670783,5661,121268,4988,0.04483747307058675,0.4684007888064607
9009,0.9013,4,8,4,670791,5653,121272,4984,0.044774109745279435,0.4685531634859453
9010,0.9014,3,6,3,670797,5647,121275,4981,0.044726587251298945,0.4686676703048551
9011,0.9015,11,18,11,670815,5629,121286,4970,0.0445840197693575,0.46891216152467213
9012,0.9016,2,6,2,670821,5623,121288,4968,0.044536497275377014,0.4690775186479086
9013,0.9017,5,8,5,670829,5615,121293,4963,0.0444731339500697,0.46918131972017396
9014,0.9018,4,9,4,670838,5606,121297,4959,0.044401850209098974,0.469380028395646
9015,0.9019,9,4,9,670842,5602,121306,4950,0.044370168546445314,0.46910538286580744
9016,0.902,10,11,10,670853,5591,121316,4940,0.044283043974147764,0.46909125439179566
9017,0.9021,6,5,6,670858,5586,121322,4934,0.044243441895830696,0.46901140684410647
9018,0.9022,16,20,16,670878,5566,121338,4918,0.04408503358256241,0.4690957649752003
9019,0.9023,6,7,6,670885,5559,121344,4912,0.04402959067291851,0.46910514755037724
9020,0.9024,5,6,5,670891,5553,121349,4907,0.04398206817893803,0.4691204588910134
9021,0.9025,10,10,10,670901,5543,121359,4897,0.04390286402230389,0.46906130268199236
9022,0.9026,11,9,11,670910,5534,121370,4886,0.04383158028133317,0.4689059500959693
9023,0.9027,6,16,6,670926,5518,121376,4880,0.04370485363071854,0.4693210232737065
9024,0.9028,10,7,10,670933,5511,121386,4870,0.043649410721074644,0.46912628841152104
9025,0.9029,13,14,13,670947,5497,121399,4857,0.04353852490178685,0.4690940699246668
9026,0.903,9,13,9,670960,5484,121408,4848,0.04343555949816246,0.4692218350754936
9027,0.9031,8,9,8,670969,5475,121416,4840,0.04336427575719174,0.4692195831313621
9028,0.9032,2,12,2,670981,5463,121418,4838,0.04326923076923077,0.46966313950101934
9029,0.9033,15,14,15,670995,5449,121433,4823,0.04315834494994297,0.4695288161993769
9030,0.9034,6,6,6,671001,5443,121439,4817,0.04311082245596249,0.46949317738791424
9031,0.9035,5,16,5,671017,5427,121444,4812,0.042984095805347865,0.46996777029006737
9032,0.9036,7,15,7,671032,5412,121451,4805,0.042865289570396654,0.4702946070275032
9033,0.9037,11,19,11,671051,5393,121462,4794,0.04271480167279179,0.4705997840384804
9034,0.9038,11,7,11,671058,5386,121473,4783,0.04265935876314789,0.4703510669682368
9035,0.9039,6,10,6,671068,5376,121479,4777,0.04258015460651375,0.47050132965625924
9036,0.904,12,13,12,671081,5363,121491,4765,0.04247718920288937,0.4704778830963665
9037,0.9041,5,9,5,671090,5354,121496,4760,0.04240590546191864,0.4706347636938897
9038,0.9042,11,30,11,671120,5324,121507,4749,0.04216829299201622,0.4714583540156855
9039,0.9043,6,10,6,671130,5314,121513,4743,0.04208908883538208,0.47161181266779356
9040,0.9044,7,16,7,671146,5298,121520,4736,0.041962362184767454,0.47199521626470003
9041,0.9045,9,11,9,671157,5287,121529,4727,0.041875237612469904,0.4720391451967246
9042,0.9046,19,13,19,671170,5274,121548,4708,0.04177227220884552,0.4716489681426568
9043,0.9047,6,14,6,671184,5260,121554,4702,0.04166138638955772,0.4719935755872315
9044,0.9048,6,14,6,671198,5246,121560,4696,0.041550500570269926,0.47233956950311806
9045,0.9049,4,3,4,671201,5243,121564,4692,0.04152673932327969,0.47226975339708105
9046,0.905,1,13,1,671214,5230,121565,4691,0.0414237739196553,0.4728353996572926
9047,0.9051,7,12,7,671226,5218,121572,4684,0.041328728931694335,0.47303575035346396
9048,0.9052,8,13,8,671239,5205,121580,4676,0.041225763528069954,0.4732314543062443
9049,0.9053,11,9,11,671248,5196,121591,4665,0.04115447978709923,0.4730757529662306
9050,0.9054,9,13,9,671261,5183,121600,4656,0.041051514383474846,0.47321882305112306
9051,0.9055,5,6,5,671267,5177,121605,4651,0.041003991889494364,0.47323972323972324
9052,0.9056,8,7,8,671274,5170,121613,4643,0.040948548979850466,0.47314786507693873
9053,0.9057,13,6,13,671280,5164,121626,4630,0.040901026485869976,0.47273841127220745
9054,0.9058,8,11,8,671291,5153,121634,4622,0.040813901913572426,0.4728388746803069
9055,0.9059,12,12,12,671303,5141,121646,4610,0.04071885692561145,0.4727720233822172
9056,0.906,10,15,10,671318,5126,121656,4600,0.04060005069066024,0.47295907875796833
9057,0.9061,2,5,2,671323,5121,121658,4598,0.040560448612343175,0.47309393970573105
9058,0.9062,8,11,8,671334,5110,121666,4590,0.040473324040045625,0.4731958762886598
9059,0.9063,14,9,14,671343,5101,121680,4576,0.0404020402990749,0.4728738245323964
9060,0.9064,4,9,4,671352,5092,121684,4572,0.04033075655810417,0.4730960264900662
9061,0.9065,10,20,10,671372,5072,121694,4562,0.04017234824483589,0.4735312435125597
9062,0.9066,9,21,9,671393,5051,121703,4553,0.04000601951590419,0.47407330279050397
9063,0.9067,11,21,11,671414,5030,121714,4542,0.0398396907869725,0.47450898453823653
9064,0.9068,4,15,4,671429,5015,121718,4538,0.03972088455202129,0.4750340207264734
9065,0.9069,5,3,5,671432,5012,121723,4533,0.03969712330503105,0.4749083289680461
9066,0.907,9,19,9,671451,4993,121732,4524,0.03954663540742618,0.47535988231585585
9067,0.9071,4,4,4,671455,4989,121736,4520,0.03951495374477253,0.47533915238195396
9068,0.9072,8,13,8,671468,4976,121744,4512,0.039411988341148146,0.47554806070826305
9069,0.9073,5,7,5,671475,4969,121749,4507,0.03935654543150425,0.4756226255804137
9070,0.9074,19,13,19,671488,4956,121768,4488,0.03925358002787986,0.47522236340533675
9071,0.9075,7,17,7,671505,4939,121775,4481,0.03911893296160183,0.4756900212314225
9072,0.9076,5,9,5,671514,4930,121780,4476,0.0390476492206311,0.4758664682117797
9073,0.9077,9,18,9,671532,4912,121789,4467,0.038905081738689645,0.47627678857021005
9074,0.9078,6,17,6,671549,4895,121795,4461,0.038770434672411605,0.4768063274903805
9075,0.9079,9,16,9,671565,4879,121804,4452,0.03864370802179699,0.477119279819955
9076,0.908,10,10,10,671575,4869,121814,4442,0.038564503865162844,0.47707013210181504
9077,0.9081,11,34,11,671609,4835,121825,4431,0.03829520973260677,0.47819987049428014
9078,0.9082,7,9,7,671618,4826,121832,4424,0.03822392599163604,0.47827027027027025
9079,0.9083,13,13,13,671631,4813,121845,4411,0.038120960588011656,0.47820901994796183
9080,0.9084,2,9,2,671640,4804,121847,4409,0.038049676847040935,0.47856290024964726
9081,0.9085,12,13,12,671653,4791,121859,4397,0.03794671144341655,0.47855898998693946
9082,0.9086,1,4,1,671657,4787,121860,4396,0.037915029780762895,0.4787106610040292
9083,0.9087,10,16,10,671673,4771,121870,4386,0.03778830313014827,0.4789778311674129
9084,0.9088,11,18,11,671691,4753,121881,4375,0.03764573564820682,0.47929447852760737
9085,0.9089,6,4,6,671695,4749,121887,4369,0.03761405398555316,0.47916209695108575
9086,0.909,9,8,9,671703,4741,121896,4360,0.03755069066024585,0.4790682342599714
9087,0.9091,12,21,12,671724,4720,121908,4348,0.037384361931314156,0.47948831054256724
9088,0.9092,10,12,10,671736,4708,121918,4338,0.03728931694335319,0.4795489719212912
9089,0.9093,11,13,11,671749,4695,121929,4327,0.0371863515397288,0.4796054090002217
9090,0.9094,4,10,4,671759,4685,121933,4323,0.03710714738309467,0.47990674955595025
9091,0.9095,2,7,2,671766,4678,121935,4321,0.03705170447345077,0.4801644627180798
9092,0.9096,4,2,4,671768,4676,121939,4317,0.03703586364212394,0.48004003113532745
9093,0.9097,3,10,3,671778,4666,121942,4314,0.0369566594854898,0.4804008908685969
9094,0.9098,7,5,7,671783,4661,121949,4307,0.03691705740717273,0.48026315789473684
9095,0.9099,4,12,4,671795,4649,121953,4303,0.03682201241921176,0.480674709562109
9096,0.91,7,7,7,671802,4642,121960,4296,0.03676656950956786,0.48064443947191765
9097,0.9101,11,12,11,671814,4630,121971,4285,0.036671524521606894,0.4806505888951206
9098,0.9102,15,9,15,671823,4621,121986,4270,0.036600240780636166,0.48026093802721853
9099,0.9103,12,9,12,671832,4612,121998,4258,0.03652895703966544,0.48004509582863586
9100,0.9104,6,5,6,671837,4607,122004,4252,0.03648935496134837,0.4799638785415961
9101,0.9105,5,3,5,671840,4604,122009,4247,0.03646559371435813,0.47983278725567735
9102,0.9106,12,7,12,671847,4597,122021,4235,0.03641015080471423,0.47950634057971014
9103,0.9107,10,12,10,671859,4585,122031,4225,0.03631510581675326,0.47956867196367764
9104,0.9108,10,11,10,671870,4574,122041,4215,0.03622798124445571,0.4795767436568438
9105,0.9109,7,7,7,671877,4567,122048,4208,0.036172538334811814,0.4795441595441595
9106,0.911,4,13,4,671890,4554,122052,4204,0.03606957293118743,0.48001826901118977
9107,0.9111,5,6,5,671896,4548,122057,4199,0.036022050437206944,0.4800503029610152
9108,0.9112,2,5,2,671901,4543,122059,4197,0.035982448358889876,0.48020594965675056
9109,0.9113,14,22,14,671923,4521,122073,4183,0.03580819921429477,0.48058363970588236
9110,0.9114,5,14,5,671937,4507,122078,4178,0.03569731339500697,0.48105929763960853
9111,0.9115,5,12,5,671949,4495,122083,4173,0.035602268407046,0.48142593447161974
9112,0.9116,3,8,3,671957,4487,122086,4170,0.03553890508173869,0.4816911170151323
9113,0.9117,8,18,8,671975,4469,122094,4162,0.03539633759979724,0.4822152705364384
9114,0.9118,7,14,7,671989,4455,122101,4155,0.035285451780509444,0.48257839721254353
9115,0.9119,6,11,6,672000,4444,122107,4149,0.03519832720821189,0.48283486558826955
9116,0.912,4,14,4,672014,4430,122111,4145,0.03508744138892409,0.4833819241982507
9117,0.9121,4,8,4,672022,4422,122115,4141,0.03502407806361678,0.48359219899567907
9118,0.9122,7,8,7,672030,4414,122122,4134,0.034960714738309466,0.4836218998596163
9119,0.9123,6,7,6,672037,4407,122128,4128,0.03490527182866557,0.4836555360281195
9120,0.9124,6,14,6,672051,4393,122134,4122,0.03479438600937777,0.4840869054609513
9121,0.9125,13,17,13,672068,4376,122147,4109,0.03465973894309973,0.4842663523865645
9122,0.9126,4,3,4,672071,4373,122151,4105,0.034635977696109495,0.4841943854682708
9123,0.9127,6,11,6,672082,4362,122157,4099,0.03454885312381194,0.4844581018792105
9124,0.9128,10,10,10,672092,4352,122167,4089,0.034469648967177795,0.4844212770998697
9125,0.9129,3,14,3,672106,4338,122170,4086,0.03435876314789,0.48504273504273504
9126,0.913,12,7,12,672113,4331,122182,4074,0.0343033202382461,0.4847114812611541
9127,0.9131,9,15,9,672128,4316,122191,4065,0.03418451400329489,0.48502565326333374
9128,0.9132,7,11,7,672139,4305,122198,4058,0.03409738943099734,0.48523257204352505
9129,0.9133,5,4,5,672143,4301,122203,4053,0.03406570776834368,0.48515681110845105
9130,0.9134,12,9,12,672152,4292,122215,4041,0.03399442402737295,0.48493939757590304
9131,0.9135,9,5,9,672157,4287,122224,4032,0.033954821949055886,0.4846736386584926
9132,0.9136,3,4,3,672161,4283,122227,4029,0.03392314028640223,0.484720885466795
9133,0.9137,8,11,8,672172,4272,122235,4021,0.033836015714104675,0.48486675509465815
9134,0.9138,3,3,3,672175,4269,122238,4018,0.03381225446711444,0.4848557982382044
9135,0.9139,10,12,10,672187,4257,122248,4008,0.033717209479153465,0.4849364791288566
9136,0.914,0,2,0,672189,4255,122248,4008,0.033701368647826635,0.4850538545322522
9137,0.9141,0,3,0,672192,4252,122248,4008,0.0336776074008364,0.48523002421307504
9138,0.9142,10,10,10,672202,4242,122258,3998,0.033598403244202255,0.48519417475728155
9139,0.9143,7,4,7,672206,4238,122265,3991,0.0335667215815486,0.4849921011058452
9140,0.9144,11,16,11,672222,4222,122276,3980,0.033439994930933976,0.4852475006096074
9141,0.9145,7,10,7,672232,4212,122283,3973,0.033360790774299834,0.48540012217470985
9142,0.9146,7,7,7,672239,4205,122290,3966,0.033305347864655936,0.485375107086036
9143,0.9147,4,13,4,672252,4192,122294,3962,0.033202382461031556,0.48589649251900907
9144,0.9148,9,5,9,672257,4187,122303,3953,0.03316278038271449,0.4856265356265356
9145,0.9149,8,10,8,672267,4177,122311,3945,0.033083576226080345,0.4857178034966757
9146,0.915,5,9,5,672276,4168,122316,3940,0.03301229248510962,0.48593981253083374
9147,0.9151,10,17,10,672293,4151,122326,3930,0.03287764541883158,0.48632594975869325
9148,0.9152,8,14,8,672307,4137,122334,3922,0.03276675959954378,0.4866608760392108
9149,0.9153,10,14,10,672321,4123,122344,3912,0.03265587378025599,0.48686994399502176
9150,0.9154,4,3,4,672324,4120,122348,3908,0.03263211253326575,0.48679621325361233
9151,0.9155,7,8,7,672332,4112,122355,3901,0.032568749207958436,0.4868338949207538
9152,0.9156,5,5,5,672337,4107,122360,3896,0.03252914712964136,0.486817443458703
9153,0.9157,10,3,10,672340,4104,122370,3886,0.032505385882651124,0.4863579474342929
9154,0.9158,6,13,6,672353,4091,122376,3880,0.032402420479026736,0.4867645213900389
9155,0.9159,3,5,3,672358,4086,122379,3877,0.03236281840070967,0.48687680522416177
9156,0.916,6,8,6,672366,4078,122385,3871,0.032299455075402356,0.48697949427600956
9157,0.9161,6,6,6,672372,4072,122391,3865,0.03225193258142187,0.4869598084918735
9158,0.9162,5,3,5,672375,4069,122396,3860,0.03222817133443163,0.4868205322234834
9159,0.9163,4,6,4,672381,4063,122400,3856,0.032180648840451145,0.4869301679504988
9160,0.9164,3,4,3,672385,4059,122403,3853,0.03214896717779749,0.4869817997977755
9161,0.9165,7,11,7,672396,4048,122410,3846,0.032061842605499935,0.4872054725107677
9162,0.9166,7,5,7,672401,4043,122417,3839,0.03202224052718287,0.48705912205024104
9163,0.9167,3,9,3,672410,4034,122420,3836,0.03195095678621214,0.487420584498094
9164,0.9168,7,8,7,672418,4026,122427,3829,0.03188759346090483,0.48746021642266074
9165,0.9169,4,12,4,672430,4014,122431,3825,0.03179254847294386,0.48794489092996557
9166,0.917,8,11,8,672441,4003,122439,3817,0.031705423900646304,0.4881074168797954
9167,0.9171,7,13,7,672454,3990,122446,3810,0.031602458497021924,0.48846153846153845
9168,0.9172,11,5,11,672459,3985,122457,3799,0.031562856418704856,0.4880524152106886
9169,0.9173,7,9,7,672468,3976,122464,3792,0.03149157267773413,0.4881565396498455
9170,0.9174,5,2,5,672470,3974,122469,3787,0.0314757318464073,0.4879525834299704
9171,0.9175,7,12,7,672482,3962,122476,3780,0.03138068685844633,0.488245931283906
9172,0.9176,3,3,3,672485,3959,122479,3777,0.03135692561145609,0.48823681489141674
9173,0.9177,10,15,10,672500,3944,122489,3767,0.031238119376504878,0.4885228893788095
9174,0.9178,4,8,4,672508,3936,122493,3763,0.03117475605119757,0.48876477464605794
9175,0.9179,3,10,3,672518,3926,122496,3760,0.031095551894563426,0.48920114493884986
9176,0.918,4,11,4,672529,3915,122500,3756,0.031008427322265872,0.48963629253030894
9177,0.9181,1,3,1,672532,3912,122501,3755,0.03098466607527563,0.4897613147254467
9178,0.9182,10,10,10,672542,3902,122511,3745,0.03090546191864149,0.4897345364195109
9179,0.9183,8,13,8,672555,3889,122519,3737,0.030802496515017107,0.490034093889326
9180,0.9184,12,10,12,672565,3879,122531,3725,0.03072329235838297,0.4898737506575487
9181,0.9185,4,3,4,672568,3876,122535,3721,0.030699531111392727,0.48979860471238645
9182,0.9186,3,5,3,672573,3871,122538,3718,0.030659929033075656,0.48991962050336013
9183,0.9187,5,5,5,672578,3866,122543,3713,0.030620326954758584,0.48990632009499935
9184,0.9188,10,8,10,672586,3858,122553,3703,0.030556963629451275,0.48975003306440945
9185,0.9189,2,7,2,672593,3851,122555,3701,0.030501520719807374,0.4900688559322034
9186,0.919,3,4,3,672597,3847,122558,3698,0.030469839057153718,0.49012591119946985
9187,0.9191,4,7,4,672604,3840,122562,3694,0.03041439614750982,0.49031059198301036
9188,0.9192,13,4,13,672608,3836,122575,3681,0.030382714484856164,0.48969003591858457
9189,0.9193,7,8,7,672616,3828,122582,3674,0.030319351159548855,0.4897360703812317
9190,0.9194,12,16,12,672632,3812,122594,3662,0.03019262450893423,0.48996521273748994
9191,0.9195,8,10,8,672642,3802,122602,3654,0.03011342035230009,0.49007510729613735
9192,0.9196,9,3,9,672645,3799,122611,3645,0.030089659105309845,0.4896560988715744
9193,0.9197,5,11,5,672656,3788,122616,3640,0.03000253453301229,0.49003769520732365
9194,0.9198,10,15,10,672671,3773,122626,3630,0.02988372829806108,0.4903417533432392
9195,0.9199,7,7,7,672678,3766,122633,3623,0.029828285388417183,0.4903234537826499
9196,0.92,16,15,16,672693,3751,122649,3607,0.029709479153465973,0.4902147322642022
9197,0.9201,5,5,5,672698,3746,122654,3602,0.029669877075148905,0.49020141535111594
9198,0.9202,9,6,9,672704,3740,122663,3593,0.02962235458116842,0.4899768171280513
9199,0.9203,1,4,1,672708,3736,122664,3592,0.029590672918514763,0.490174672489083
9200,0.9204,7,7,7,672715,3729,122671,3585,0.029535230008870865,0.49015586546349466
9201,0.9205,3,9,3,672724,3720,122674,3582,0.02946394626790014,0.4905505341002465
9202,0.9206,8,6,8,672730,3714,122682,3574,0.029416423773919655,0.49039517014270034
9203,0.9207,13,9,13,672739,3705,122695,3561,0.02934514003294893,0.49009083402146986
9204,0.9208,12,9,12,672748,3696,122707,3549,0.029273856291978203,0.48985507246376814
9205,0.9209,15,7,15,672755,3689,122722,3534,0.029218413382334305,0.4892703862660944
9206,0.921,10,11,10,672766,3678,122732,3524,0.02913128881003675,0.48930852540960845
9207,0.9211,4,7,4,672773,3671,122736,3520,0.029075845900392853,0.4895007648449451
9208,0.9212,8,8,8,672781,3663,122744,3512,0.02901248257508554,0.4894773519163763
9209,0.9213,12,13,12,672794,3650,122756,3500,0.028909517171461157,0.48951048951048953
9210,0.9214,15,14,15,672808,3636,122771,3485,0.02879863135217336,0.48939755652296024
9211,0.9215,14,11,14,672819,3625,122785,3471,0.028711506779875808,0.4891488162344983
9212,0.9216,7,9,7,672828,3616,122792,3464,0.028640223038905083,0.48926553672316386
9213,0.9217,13,11,13,672839,3605,122805,3451,0.028553098466607526,0.48908730158730157
9214,0.9218,5,8,5,672847,3597,122810,3446,0.028489735141300217,0.4892801363055516
9215,0.9219,3,4,3,672851,3593,122813,3443,0.02845805347864656,0.48934053439454234
9216,0.922,6,2,6,672853,3591,122819,3437,0.02844221264731973,0.48904382470119523
9217,0.9221,6,7,6,672860,3584,122825,3431,0.028386769737675833,0.48909479686386315
9218,0.9222,5,15,5,672875,3569,122830,3426,0.028267963502724622,0.4897784131522516
9219,0.9223,17,8,17,672883,3561,122847,3409,0.02820460017741731,0.4890961262553802
9220,0.9224,3,6,3,672889,3555,122850,3406,0.028157077683436827,0.48929751472489585
9221,0.9225,16,13,16,672902,3542,122866,3390,0.028054112279812443,0.48903635314483557
9222,0.9226,9,2,9,672904,3540,122875,3381,0.028038271448485617,0.4885132206328565
9223,0.9227,5,3,5,672907,3537,122880,3376,0.028014510201495375,0.48835527267467094
9224,0.9228,6,6,6,672913,3531,122886,3370,0.02796698770751489,0.48833502390957834
9225,0.9229,9,11,9,672924,3520,122895,3361,0.027879863135217335,0.48844644673739285
9226,0.923,7,6,7,672930,3514,122902,3354,0.027832340641236852,0.488351776354106
9227,0.9231,6,8,6,672938,3506,122908,3348,0.02776897731592954,0.48847388386343743
9228,0.9232,6,7,6,672945,3499,122914,3342,0.027713534406285642,0.48852506943429325
9229,0.9233,8,5,8,672950,3494,122922,3334,0.02767393232796857,0.4882835383714118
9230,0.9234,5,4,5,672954,3490,122927,3329,0.027642250665314914,0.4881947499633377
9231,0.9235,1,2,1,672956,3488,122928,3328,0.027626409833988088,0.48826291079812206
9232,0.9236,9,8,9,672964,3480,122937,3319,0.027563046508680775,0.48816002353287247
9233,0.9237,6,9,6,672973,3471,122943,3313,0.027491762767710048,0.4883549528301887
9234,0.9238,4,7,4,672980,3464,122947,3309,0.02743631985806615,0.4885575077513657
9235,0.9239,3,8,3,672988,3456,122950,3306,0.02737295653275884,0.4889086069210293
9236,0.924,5,12,5,673000,3444,122955,3301,0.027277911544797872,0.4893995552260934
9237,0.9241,4,3,4,673003,3441,122959,3297,0.02725415029780763,0.4893143365983971
9238,0.9242,4,10,4,673013,3431,122963,3293,0.027174946141173488,0.489738251041047
9239,0.9243,8,10,8,673023,3421,122971,3285,0.02709574198453935,0.48985982702057856
9240,0.9244,5,3,5,673026,3418,122976,3280,0.027071980737549108,0.4896984174380412
9241,0.9245,6,10,6,673036,3408,122982,3274,0.026992776580914965,0.48997306195749774
9242,0.9246,1,8,1,673044,3400,122983,3273,0.026929413255607656,0.49048404016184627
9243,0.9247,5,8,5,673052,3392,122988,3268,0.026866049930300343,0.4906906906906907
9244,0.9248,15,12,15,673064,3380,123003,3253,0.026771004942339374,0.49042665460575907
9245,0.9249,6,12,6,673076,3368,123009,3247,0.026675959954378405,0.490854119425548
9246,0.925,4,12,4,673088,3356,123013,3243,0.026580914966417436,0.49143809668131533
9247,0.9251,5,14,5,673102,3342,123018,3238,0.02647002914712964,0.49209726443769
9248,0.9252,15,11,15,673113,3331,123033,3223,0.026382904574832087,0.49176075678974673
9249,0.9253,9,4,9,673117,3327,123042,3214,0.02635122291217843,0.4913621770371503
9250,0.9254,6,18,6,673135,3309,123048,3208,0.02620865543023698,0.49225103575264695
9251,0.9255,4,12,4,673147,3297,123052,3204,0.02611361044227601,0.49284725426857406
9252,0.9256,7,8,7,673155,3289,123059,3197,0.026050247116968697,0.4929078014184397
9253,0.9257,1,5,1,673160,3284,123060,3196,0.02601064503865163,0.49320987654320986
9254,0.9258,7,5,7,673165,3279,123067,3189,0.025971042960334558,0.4930426716141002
9255,0.9259,6,5,6,673170,3274,123073,3183,0.025931440882017487,0.4929533839244231
9256,0.926,7,9,7,673179,3265,123080,3176,0.025860157141046763,0.49309113491693835
9257,0.9261,4,9,4,673188,3256,123084,3172,0.025788873400076035,0.49346608587429996
9258,0.9262,7,11,7,673199,3245,123091,3165,0.02570174882777848,0.49375975039001563
9259,0.9263,24,13,24,673212,3232,123115,3141,0.0255987834241541,0.49286050525655106
9260,0.9264,13,5,13,673217,3227,123128,3128,0.02555918134583703,0.49221085759244687
9261,0.9265,5,7,5,673224,3220,123133,3123,0.02550373843619313,0.49235377581586
9262,0.9266,12,17,12,673241,3203,123145,3111,0.02536909136991509,0.49271460247070004
9263,0.9267,8,2,8,673243,3201,123153,3103,0.025353250538588265,0.49222715736040606
9264,0.9268,2,0,2,673243,3201,123155,3101,0.025353250538588265,0.4920660107902253
9265,0.9269,8,3,8,673246,3198,123163,3093,0.025329489291598024,0.491654744873629
9266,0.927,3,7,3,673253,3191,123166,3090,0.025274046381954126,0.4919598790001592
9267,0.9271,10,9,10,673262,3182,123176,3080,0.0252027626409834,0.4918556371766209
9268,0.9272,13,12,13,673274,3170,123189,3067,0.02510771765302243,0.4917428250761584
9269,0.9273,2,7,2,673281,3163,123191,3065,0.02505227474337853,0.49213230571612077
9270,0.9274,2,9,2,673290,3154,123193,3063,0.024980991002407808,0.49268135756795883
9271,0.9275,4,4,4,673294,3150,123197,3059,0.02494930933975415,0.4926719278466742
9272,0.9276,6,9,6,673303,3141,123203,3053,0.024878025598783424,0.49289635130771714
9273,0.9277,2,6,2,673309,3135,123205,3051,0.02483050310480294,0.49321047526673134
9274,0.9278,12,9,12,673318,3126,123217,3039,0.024759219363832213,0.4929440389294404
9275,0.9279,6,2,6,673320,3124,123223,3033,0.024743378532505387,0.4926100373558551
9276,0.928,14,18,14,673338,3106,123237,3019,0.024600811050563935,0.49289795918367346
9277,0.9281,6,6,6,673344,3100,123243,3013,0.02455328855658345,0.49288401766726647
9278,0.9282,8,9,8,673353,3091,123251,3005,0.024482004815612725,0.4929461942257218
9279,0.9283,10,16,10,673369,3075,123261,2995,0.0243552781649981,0.49341021416803954
9280,0.9284,11,13,11,673382,3062,123272,2984,0.024252312761373716,0.49354945418458485
9281,0.9285,7,12,7,673394,3050,123279,2977,0.02415726777341275,0.493943919031027
9282,0.9286,4,6,4,673400,3044,123283,2973,0.024109745279432264,0.49410004985873357
9283,0.9287,11,2,11,673402,3042,123294,2962,0.024093904448105437,0.4933377748167888
9284,0.9288,2,5,2,673407,3037,123296,2960,0.024054302369788366,0.4935801233950308
9285,0.9289,1,4,1,673411,3033,123297,2959,0.02402262070713471,0.49382510013351133
9286,0.929,3,6,3,673417,3027,123300,2956,0.023975098213154227,0.4940665218118001
9287,0.9291,8,24,8,673441,3003,123308,2948,0.02378500823723229,0.4953789279112754
9288,0.9292,5,14,5,673455,2989,123313,2943,0.023674122417944494,0.4961227242076871
9289,0.9293,7,8,7,673463,2981,123320,2936,0.02361075909263718,0.4961973973297279
9290,0.9294,5,5,5,673468,2976,123325,2931,0.02357115701432011,0.49619095987811074
9291,0.9295,4,8,4,673476,2968,123329,2927,0.0235077936890128,0.4965224766751484
9292,0.9296,1,7,1,673483,2961,123330,2926,0.0234523507793689,0.49702734839476814
9293,0.9297,9,9,9,673492,2952,123339,2917,0.023381067038398175,0.4970182313852445
9294,0.9298,7,8,7,673500,2944,123346,2910,0.023317703713090863,0.4970960027331739
9295,0.9299,7,2,7,673502,2942,123353,2903,0.023301862881764036,0.49666381522668945
9296,0.93,15,12,15,673514,2930,123368,2888,0.023206817893803067,0.4963905122035064
9297,0.9301,7,7,7,673521,2923,123375,2881,0.02315137498415917,0.496381805651275
9298,0.9302,6,3,6,673524,2920,123381,2875,0.02312761373716893,0.49611734253666956
9299,0.9303,7,15,7,673539,2905,123388,2868,0.023008807502217718,0.49679542698770135
9300,0.9304,2,5,2,673544,2900,123390,2866,0.022969205423900647,0.4970516822754076
9301,0.9305,10,16,10,673560,2884,123400,2856,0.02284247877328602,0.4975609756097561
9302,0.9306,4,1,4,673561,2883,123404,2852,0.022834558357622606,0.4972972972972973
9303,0.9307,12,11,12,673572,2872,123416,2840,0.022747433785325052,0.49719887955182074
9304,0.9308,5,10,5,673582,2862,123421,2835,0.022668229628690913,0.4976303317535545
9305,0.9309,0,6,0,673588,2856,123421,2835,0.02262070713471043,0.4981549815498155
9306,0.931,5,11,5,673599,2845,123426,2830,0.022533582562412877,0.4986784140969163
9307,0.9311,1,7,1,673606,2838,123427,2829,0.02247813965276898,0.49920592906299627
9308,0.9312,4,5,4,673611,2833,123431,2825,0.022438537574451908,0.49929303640862494
9309,0.9313,4,5,4,673616,2828,123435,2821,0.022398935496134836,0.4993804213135068
9310,0.9314,5,9,5,673625,2819,123440,2816,0.022327651755164112,0.4997338065661047
9311,0.9315,9,13,9,673638,2806,123449,2807,0.02222468635153973,0.5000890789239266
9312,0.9316,1,4,1,673642,2802,123450,2806,0.022193004688886072,0.5003566333808844
9313,0.9317,7,12,7,673654,2790,123457,2799,0.022097959700925103,0.500805152979066
9314,0.9318,15,10,15,673664,2780,123472,2784,0.022018755544290964,0.5003594536304816
9315,0.9319,8,7,8,673671,2773,123480,2776,0.021963312634647066,0.5002703189763922
9316,0.932,8,4,8,673675,2769,123488,2768,0.02193163097199341,0.4999096983926314
9317,0.9321,1,5,1,673680,2764,123489,2767,0.02189202889367634,0.5002711986982462
9318,0.9322,7,8,7,673688,2756,123496,2760,0.02182866556836903,0.5003625815808557
9319,0.9323,0,10,0,673698,2746,123496,2760,0.021749461411734887,0.5012713403559753
9320,0.9324,2,2,2,673700,2744,123498,2758,0.02173362058040806,0.5012722646310432
9321,0.9325,4,3,4,673703,2741,123502,2754,0.02170985933341782,0.5011828935395815
9322,0.9326,1,3,1,673706,2738,123503,2753,0.021686098086427574,0.5013658714259698
9323,0.9327,5,5,5,673711,2733,123508,2748,0.021646496008110507,0.5013683634373289
9324,0.9328,2,8,2,673719,2725,123510,2746,0.021583132682803194,0.5019192103820143
9325,0.9329,6,4,6,673723,2721,123516,2740,0.021551451020149538,0.5017396081303791
9326,0.933,1,5,1,673728,2716,123517,2739,0.021511848941832466,0.5021081576535289
9327,0.9331,5,5,5,673733,2711,123522,2734,0.0214722468635154,0.5021120293847566
9328,0.9332,9,5,9,673738,2706,123531,2725,0.021432644785198327,0.501749217455349
9329,0.9333,4,9,4,673747,2697,123535,2721,0.0213613610442276,0.5022148394241418
9330,0.9334,3,5,3,673752,2692,123538,2718,0.021321758965910532,0.5024029574861368
9331,0.9335,10,5,10,673757,2687,123548,2708,0.02128215688759346,0.5019462465245598
9332,0.9336,7,19,7,673776,2668,123555,2701,0.021131668989988594,0.5030731979884522
9333,0.9337,4,6,4,673782,2662,123559,2697,0.02108414649600811,0.5032655346146669
9334,0.9338,2,7,2,673789,2655,123561,2695,0.021028703586364213,0.5037383177570094
9335,0.9339,8,5,8,673794,2650,123569,2687,0.020989101508047142,0.503466366872775
9336,0.934,2,9,2,673803,2641,123571,2685,0.020917817767076415,0.5041306796845663
9337,0.9341,0,2,0,673805,2639,123571,2685,0.020901976935749588,0.504320060105184
9338,0.9342,6,4,6,673809,2635,123577,2679,0.020870295273095932,0.5041400075272864
9339,0.9343,5,8,5,673817,2627,123582,2674,0.02080693194778862,0.504433125825316
9340,0.9344,4,4,4,673821,2623,123586,2670,0.020775250285134963,0.5044398261855281
9341,0.9345,1,2,1,673823,2621,123587,2669,0.020759409453808136,0.5045368620037807
9342,0.9346,4,1,4,673824,2620,123591,2665,0.02075148903814472,0.5042573320719016
9343,0.9347,6,6,6,673830,2614,123597,2659,0.02070396654416424,0.5042670206713445
9344,0.9348,9,14,9,673844,2600,123606,2650,0.02059308072487644,0.5047619047619047
9345,0.9349,8,6,8,673850,2594,123614,2642,0.020545558230895957,0.5045836516424752
9346,0.935,13,8,13,673858,2586,123627,2629,0.020482194905588644,0.5041227229146692
9347,0.9351,3,4,3,673862,2582,123630,2626,0.020450513242934988,0.5042242703533026
9348,0.9352,6,7,6,673869,2575,123636,2620,0.02039507033329109,0.5043310875842156
9349,0.9353,7,5,7,673874,2570,123643,2613,0.020355468254974023,0.5041481767316226
9350,0.9354,6,5,6,673879,2565,123649,2607,0.02031586617665695,0.5040603248259861
9351,0.9355,9,10,9,673889,2555,123658,2598,0.020236662020022812,0.5041723267999224
9352,0.9356,3,0,3,673889,2555,123661,2595,0.020236662020022812,0.503883495145631
9353,0.9357,0,3,0,673892,2552,123661,2595,0.020212900773032567,0.5041771905964639
9354,0.9358,7,9,7,673901,2543,123668,2588,0.020141617032061843,0.5043851101149873
9355,0.9359,13,13,13,673914,2530,123681,2575,0.02003865162843746,0.5044074436826641
9356,0.936,2,16,2,673930,2514,123683,2573,0.019911924977822838,0.5057990957342245
9357,0.9361,6,11,6,673941,2503,123689,2567,0.019824800405525284,0.5063116370808679
9358,0.9362,12,8,12,673949,2495,123701,2555,0.01976143708021797,0.505940594059406
9359,0.9363,2,2,2,673951,2493,123703,2553,0.01974559624889114,0.5059453032104637
9360,0.9364,2,3,2,673954,2490,123705,2551,0.0197218350019009,0.5060503868280103
9361,0.9365,7,2,7,673956,2488,123712,2544,0.019705994170574073,0.505564387917329
9362,0.9366,5,1,5,673957,2487,123717,2539,0.019698073754910658,0.5051730998806208
9363,0.9367,7,9,7,673966,2478,123724,2532,0.01962679001393993,0.5053892215568863
9364,0.9368,8,4,8,673970,2474,123732,2524,0.019595108351286274,0.5050020008003201
9365,0.9369,2,1,2,673971,2473,123734,2522,0.019587187935622863,0.5049049049049049
9366,0.937,10,8,10,673979,2465,123744,2512,0.01952382461031555,0.5047217199115933
9367,0.9371,4,2,4,673981,2463,123748,2508,0.01950798377898872,0.5045262522631261
9368,0.9372,14,18,14,673999,2445,123762,2494,0.01936541629704727,0.5049605183235473
9369,0.9373,1,4,1,674003,2441,123763,2493,0.019333734634393612,0.5052695581678152
9370,0.9374,2,1,2,674004,2440,123765,2491,0.019325814218730197,0.5051713648347191
9371,0.9375,7,2,7,674006,2438,123772,2484,0.01930997338740337,0.5046728971962616
9372,0.9376,4,3,4,674009,2435,123776,2480,0.01928621214041313,0.5045778229908443
9373,0.9377,4,9,4,674018,2426,123780,2476,0.019214928399442402,0.5050999592003264
9374,0.9378,6,8,6,674026,2418,123786,2470,0.01915156507413509,0.5053191489361702
9375,0.9379,5,7,5,674033,2411,123791,2465,0.01909612216449119,0.5055373256767842
9376,0.938,7,6,7,674039,2405,123798,2458,0.01904859967051071,0.50544931112482
9377,0.9381,5,4,5,674043,2401,123803,2453,0.019016918007857053,0.5053564070869386
9378,0.9382,2,9,2,674052,2392,123805,2451,0.018945634266886325,0.5060912657443734
9379,0.9383,6,14,6,674066,2378,123811,2445,0.01883474844759853,0.5069458843043748
9380,0.9384,1,5,1,674071,2373,123812,2444,0.018795146369281458,0.5073697321984638
9381,0.9385,5,4,5,674075,2369,123817,2439,0.018763464706627805,0.507279534109817
9382,0.9386,1,11,1,674086,2358,123818,2438,0.018676340134330248,0.5083402835696413
9383,0.9387,8,5,8,674091,2353,123826,2430,0.01863673805601318,0.5080493414175203
9384,0.9388,7,4,7,674095,2349,123833,2423,0.018605056393359524,0.507753562447611
9385,0.9389,8,4,8,674099,2345,123841,2415,0.018573374730705867,0.5073529411764706
9386,0.939,10,6,10,674105,2339,123851,2405,0.018525852236725385,0.5069561551433389
9387,0.9391,6,9,6,674114,2330,123857,2399,0.018454568495754657,0.5072954112920279
9388,0.9392,15,21,15,674135,2309,123872,2384,0.018288239766822964,0.5079906243341147
9389,0.9393,4,5,4,674140,2304,123876,2380,0.018248637688505893,0.5081127241673783
9390,0.9394,3,5,3,674145,2299,123879,2377,0.01820903561018882,0.5083404619332763
9391,0.9395,2,0,2,674145,2299,123881,2375,0.01820903561018882,0.508130081300813
9392,0.9396,10,6,10,674151,2293,123891,2365,0.01816151311620834,0.5077286389008158
9393,0.9397,9,3,9,674154,2290,123900,2356,0.018137751869218097,0.5071028842014637
9394,0.9398,1,4,1,674158,2286,123901,2355,0.01810607020656444,0.5074337427278603
9395,0.9399,6,11,6,674169,2275,123907,2349,0.018018945634266887,0.5080017301038062
9396,0.94,8,7,8,674176,2268,123915,2341,0.01796350272462299,0.5079192883488827
9397,0.9401,6,3,6,674179,2265,123921,2335,0.017939741477632744,0.5076086956521739
9398,0.9402,2,6,2,674185,2259,123923,2333,0.017892218983652262,0.5080574912891986
9399,0.9403,3,3,3,674188,2256,123926,2330,0.01786845773666202,0.5080680331443523
9400,0.9404,4,13,4,674201,2243,123930,2326,0.017765492333037636,0.5090829503173561
9401,0.9405,4,5,4,674206,2238,123934,2322,0.01772589025472057,0.5092105263157894
9402,0.9406,6,12,6,674218,2226,123940,2316,0.0176308452667596,0.5099075297225891
9403,0.9407,3,15,3,674233,2211,123943,2313,0.01751203903180839,0.5112732095490716
9404,0.9408,4,6,4,674239,2205,123947,2309,0.017464516537827907,0.5115197164377492
9405,0.9409,1,3,1,674242,2202,123948,2308,0.017440755290837662,0.5117516629711751
9406,0.941,2,6,2,674248,2196,123950,2306,0.01739323279685718,0.5122167925366504
9407,0.9411,7,13,7,674261,2183,123957,2299,0.0172902673932328,0.5129406514948683
9408,0.9412,3,9,3,674270,2174,123960,2296,0.01721898365226207,0.5136465324384788
9409,0.9413,10,7,10,674277,2167,123970,2286,0.017163540742618173,0.5133617785762408
9410,0.9414,4,7,4,674284,2160,123974,2282,0.017108097832974276,0.5137325529040973
9411,0.9415,11,9,11,674293,2151,123985,2271,0.017036814092003548,0.5135685210312076
9412,0.9416,6,12,6,674305,2139,123991,2265,0.01694176910404258,0.5143051771117166
9413,0.9417,8,12,8,674317,2127,123999,2257,0.016846724116081613,0.5148266423357665
9414,0.9418,8,5,8,674322,2122,124007,2249,0.016807122037764542,0.5145275680622283
9415,0.9419,3,3,3,674325,2119,124010,2246,0.0167833607907743,0.5145475372279495
9416,0.942,7,4,7,674329,2115,124017,2239,0.016751679128120645,0.5142397795130914
9417,0.9421,3,3,3,674332,2112,124020,2236,0.016727917881130403,0.5142594296228151
9418,0.9422,12,13,12,674345,2099,124032,2224,0.01662495247750602,0.5144575526254915
9419,0.9423,0,4,0,674349,2095,124032,2224,0.016593270814852363,0.5149340125028942
9420,0.9424,5,1,5,674350,2094,124037,2219,0.016585350399188948,0.5144910734987248
9421,0.9425,5,4,5,674354,2090,124042,2214,0.01655366873653529,0.5144052044609665
9422,0.9426,12,12,12,674366,2078,124054,2202,0.016458623748574326,0.5144859813084112
9423,0.9427,4,6,4,674372,2072,124058,2198,0.01641110125459384,0.5147540983606558
9424,0.9428,8,11,8,674383,2061,124066,2190,0.016323976682296286,0.5151729004940014
9425,0.9429,2,7,2,674390,2054,124068,2188,0.016268533772652388,0.5157944365865158
9426,0.943,6,8,6,674398,2046,124074,2182,0.016205170447345076,0.5160832544938505
9427,0.9431,2,5,2,674403,2041,124076,2180,0.016165568369028008,0.5164652925846955
9428,0.9432,3,9,3,674412,2032,124079,2177,0.01609428462805728,0.5172249940603468
9429,0.9433,6,9,6,674421,2023,124085,2171,0.016023000887086553,0.5176442536957558
9430,0.9434,4,4,4,674425,2019,124089,2167,0.0159913192244329,0.5176779741997133
9431,0.9435,9,11,9,674436,2008,124098,2158,0.015904194652135346,0.5180028804608737
9432,0.9436,3,5,3,674441,2003,124101,2155,0.015864592573818274,0.5182780182780182
9433,0.9437,4,5,4,674446,1998,124105,2151,0.015824990495501203,0.5184381778741866
9434,0.9438,7,8,7,674454,1990,124112,2144,0.01576162717019389,0.5186260280599904
9435,0.9439,5,4,5,674458,1986,124117,2139,0.015729945507540234,0.5185454545454545
9436,0.944,3,4,3,674462,1982,124120,2136,0.01569826384488658,0.5186983972802331
9437,0.9441,3,5,3,674467,1977,124123,2133,0.01565866176656951,0.518978102189781
9438,0.9442,6,5,6,674472,1972,124129,2127,0.015619059688252439,0.518907050500122
9439,0.9443,6,4,6,674476,1968,124135,2121,0.015587378025598784,0.5187087307410124
9440,0.9444,4,5,4,674481,1963,124139,2117,0.015547775947281713,0.5188725490196079
9441,0.9445,6,6,6,674487,1957,124145,2111,0.015500253453301228,0.5189282202556539
9442,0.9446,4,6,4,674493,1951,124149,2107,0.015452730959320746,0.5192212912764909
9443,0.9447,1,6,1,674499,1945,124150,2106,0.015405208465340261,0.5198716366329301
9444,0.9448,10,6,10,674505,1939,124160,2096,0.015357685971359777,0.519454770755886
9445,0.9449,8,6,8,674511,1933,124168,2088,0.015310163477379292,0.5192738124844566
9446,0.945,7,23,7,674534,1910,124175,2081,0.015127993917120771,0.5214232022049612
9447,0.9451,10,9,10,674543,1901,124185,2071,0.015056710176150045,0.521399798590131
9448,0.9452,1,3,1,674546,1898,124186,2070,0.015032948929159802,0.5216733870967742
9449,0.9453,5,8,5,674554,1890,124191,2065,0.01496958560385249,0.5221238938053098
9450,0.9454,0,5,0,674559,1885,124191,2065,0.01492998352553542,0.5227848101265823
9451,0.9455,4,3,4,674562,1882,124195,2061,0.014906222278545178,0.522698452954603
9452,0.9456,4,2,4,674564,1880,124199,2057,0.01489038144721835,0.5224790449580899
9453,0.9457,1,3,1,674567,1877,124200,2056,0.014866620200228107,0.5227561657767608
9454,0.9458,5,10,5,674577,1867,124205,2051,0.014787416043593968,0.5234813680449208
9455,0.9459,5,5,5,674582,1862,124210,2046,0.014747813965276899,0.5235414534288638
9456,0.946,5,3,5,674585,1859,124215,2041,0.014724052718286655,0.5233333333333333
9457,0.9461,8,6,8,674591,1853,124223,2033,0.014676530224306171,0.5231600617601647
9458,0.9462,3,2,3,674593,1851,124226,2030,0.014660689392979343,0.5230610667353774
9459,0.9463,0,1,0,674594,1850,124226,2030,0.01465276897731593,0.5231958762886598
9460,0.9464,18,12,18,674606,1838,124244,2012,0.01455772398935496,0.5225974025974026
9461,0.9465,1,4,1,674610,1834,124245,2011,0.014526042326701306,0.5230169050715214
9462,0.9466,2,5,2,674615,1829,124247,2009,0.014486440248384235,0.5234497133923919
9463,0.9467,5,5,5,674620,1824,124252,2004,0.014446838170067165,0.5235109717868338
9464,0.9468,3,3,3,674623,1821,124255,2001,0.014423076923076924,0.5235478806907379
9465,0.9469,3,10,3,674633,1811,124258,1998,0.014343872766442783,0.5245471252297191
9466,0.947,4,11,4,674644,1800,124262,1994,0.014256748194145229,0.5255666842382709
9467,0.9471,7,0,7,674644,1800,124269,1987,0.014256748194145229,0.5246897280169
9468,0.9472,5,5,5,674649,1795,124274,1982,0.01421714611582816,0.524755096637543
9469,0.9473,3,5,3,674654,1790,124277,1979,0.014177544037511088,0.5250729636508358
9470,0.9474,1,2,1,674656,1788,124278,1978,0.01416170320618426,0.5252257036643654
9471,0.9475,8,9,8,674665,1779,124286,1970,0.014090419465213534,0.5254734595892238
9472,0.9476,7,8,7,674673,1771,124293,1963,0.014027056139906222,0.5257096946973755
9473,0.9477,7,4,7,674677,1767,124300,1956,0.013995374477252567,0.5253827558420628
9474,0.9478,4,5,4,674682,1762,124304,1952,0.013955772398935496,0.5255788906838987
9475,0.9479,3,11,3,674693,1751,124307,1949,0.013868647826637942,0.5267567567567567
9476,0.948,5,2,5,674695,1749,124312,1944,0.013852806995311114,0.5264012997562957
9477,0.9481,13,4,13,674699,1745,124325,1931,0.013821125332657457,0.5252992383025027
9478,0.9482,3,7,3,674706,1738,124328,1928,0.01376568242301356,0.5259138025095472
9479,0.9483,6,9,6,674715,1729,124334,1922,0.013694398682042834,0.5264311147630786
9480,0.9484,6,5,6,674720,1724,124340,1916,0.013654796603725764,0.5263736263736264
9481,0.9485,1,12,1,674732,1712,124341,1915,0.013559751615764795,0.5279845602426247
9482,0.9486,5,4,5,674736,1708,124346,1910,0.013528069953111139,0.5279159756771697
9483,0.9487,4,4,4,674740,1704,124350,1906,0.013496388290457483,0.52797783933518
9484,0.9488,3,4,3,674744,1700,124353,1903,0.013464706627803828,0.5281709686372468
9485,0.9489,1,5,1,674749,1695,124354,1902,0.013425104549486757,0.5287739783152627
9486,0.949,4,3,4,674752,1692,124358,1898,0.013401343302496515,0.5286908077994429
9487,0.9491,2,7,2,674759,1685,124360,1896,0.013345900392852618,0.5294610444010053
9488,0.9492,11,4,11,674763,1681,124371,1885,0.013314218730198961,0.528603477285474
9489,0.9493,2,2,2,674765,1679,124373,1883,0.013298377898872133,0.5286355979786637
9490,0.9494,5,6,5,674771,1673,124378,1878,0.013250855404891649,0.5288651084201633
9491,0.9495,7,10,7,674781,1663,124385,1871,0.013171651248257508,0.5294284097340124
9492,0.9496,2,2,2,674783,1661,124387,1869,0.013155810416930681,0.5294617563739377
9493,0.9497,9,6,9,674789,1655,124396,1860,0.013108287922950197,0.5291607396870555
9494,0.9498,2,2,2,674791,1653,124398,1858,0.013092447091623369,0.5291939618342353
9495,0.9499,5,3,5,674794,1650,124403,1853,0.013068685844633126,0.5289751641450186
9496,0.95,9,15,9,674809,1635,124412,1844,0.012949879609681915,0.5300373670594999
9497,0.9501,3,4,3,674813,1631,124415,1841,0.01291819794702826,0.530241935483871
9498,0.9502,6,0,6,674813,1631,124421,1835,0.01291819794702826,0.5294287362954414
9499,0.9503,1,7,1,674820,1624,124422,1834,0.012862755037384361,0.5303643724696356
9500,0.9504,0,7,0,674827,1617,124422,1834,0.012807312127740464,0.5314401622718052
9501,0.9505,3,2,3,674829,1615,124425,1831,0.012791471296413635,0.5313406848520024
9502,0.9506,6,7,6,674836,1608,124431,1825,0.012736028386769738,0.5316050101951646
9503,0.9507,4,4,4,674840,1604,124435,1821,0.012704346724116081,0.5316788321167883
9504,0.9508,4,2,4,674842,1602,124439,1817,0.012688505892789253,0.53144194208833
9505,0.9509,6,6,6,674848,1596,124445,1811,0.012640983398808769,0.5315526856471969
9506,0.951,3,1,3,674849,1595,124448,1808,0.012633062983145356,0.5312959153687923
9507,0.9511,1,2,1,674851,1593,124449,1807,0.012617222151818527,0.5314705882352941
9508,0.9512,0,2,0,674853,1591,124449,1807,0.0126013813204917,0.5317834020011771
9509,0.9513,7,8,7,674861,1583,124456,1800,0.012538017995184387,0.5320721253325451
9510,0.9514,2,2,2,674863,1581,124458,1798,0.012522177163857558,0.5321100917431193
9511,0.9515,5,5,5,674868,1576,124463,1793,0.012482575085540489,0.5322054021964975
9512,0.9516,5,5,5,674873,1571,124468,1788,0.01244297300722342,0.5323012801428997
9513,0.9517,10,5,10,674878,1566,124478,1778,0.01240337092890635,0.5316985645933014
9514,0.9518,10,9,10,674887,1557,124488,1768,0.012332087187935622,0.5317293233082707
9515,0.9519,1,1,1,674888,1556,124489,1767,0.012324166772272209,0.5317484201023172
9516,0.952,6,3,6,674891,1553,124495,1761,0.012300405525281968,0.5313820156910078
9517,0.9521,3,6,3,674897,1547,124498,1758,0.012252883031301483,0.5319213313161876
9518,0.9522,2,5,2,674902,1542,124500,1756,0.012213280952984412,0.5324439053972104
9519,0.9523,3,5,3,674907,1537,124503,1753,0.012173678874667342,0.5328267477203648
9520,0.9524,4,5,4,674912,1532,124507,1749,0.012134076796350273,0.5330691862237122
9521,0.9525,11,10,11,674922,1522,124518,1738,0.012054872639716132,0.5331288343558283
9522,0.9526,10,15,10,674937,1507,124528,1728,0.011936066404764922,0.5341576506955178
9523,0.9527,2,2,2,674939,1505,124530,1726,0.011920225573438093,0.5341999380996596
9524,0.9528,1,5,1,674944,1500,124531,1725,0.011880623495121024,0.5348837209302325
9525,0.9529,3,9,3,674953,1491,124534,1722,0.011809339754150298,0.5359477124183006
9526,0.953,10,7,10,674960,1484,124544,1712,0.0117538968445064,0.5356695869837297
9527,0.9531,3,10,3,674970,1474,124547,1709,0.01167469268787226,0.5369148601947848
9528,0.9532,3,1,3,674971,1473,124550,1706,0.011666772272208846,0.536646744259201
9529,0.9533,3,5,3,674976,1468,124553,1703,0.011627170193891775,0.5370545569221066
9530,0.9534,2,2,2,674978,1466,124555,1701,0.011611329362564947,0.5371013577518156
9531,0.9535,7,11,7,674989,1455,124562,1694,0.011524204790267393,0.5379485550968561
9532,0.9536,3,5,3,674994,1450,124565,1691,0.011484602711950323,0.5383635784781916
9533,0.9537,4,5,4,674999,1445,124569,1687,0.011445000633633254,0.5386334610472542
9534,0.9538,4,6,4,675005,1439,124573,1683,0.01139747813965277,0.5390775144138373
9535,0.9539,8,12,8,675017,1427,124581,1675,0.0113024331516918,0.5399742101869761
9536,0.954,4,3,4,675020,1424,124585,1671,0.011278671904701559,0.539903069466882
9537,0.9541,1,1,1,675021,1423,124586,1670,0.011270751489038144,0.5399288716456515
9538,0.9542,6,5,6,675026,1418,124592,1664,0.011231149410721075,0.5399091499026606
9539,0.9543,0,4,0,675030,1414,124592,1664,0.011199467748067418,0.5406107862248213
9540,0.9544,3,2,3,675032,1412,124595,1661,0.01118362691674059,0.5405141555483242
9541,0.9545,6,8,6,675040,1404,124601,1655,0.011120263591433279,0.5410264792415822
9542,0.9546,6,8,6,675048,1396,124607,1649,0.011056900266125966,0.541543513957307
9543,0.9547,2,7,2,675055,1389,124609,1647,0.011001457356482069,0.5424901185770751
9544,0.9548,4,3,4,675058,1386,124613,1643,0.010977696109491826,0.5424232419940574
9545,0.9549,7,8,7,675066,1378,124620,1636,0.010914332784184515,0.5428002654280026
9546,0.955,6,9,6,675075,1369,124626,1630,0.010843049043213787,0.543514504834945
9547,0.9551,7,7,7,675082,1362,124633,1623,0.01078760613356989,0.5437185929648242
9548,0.9552,2,5,2,675087,1357,124635,1621,0.01074800405525282,0.5443250503693754
9549,0.9553,4,4,4,675091,1353,124639,1617,0.010716322392599164,0.5444444444444444
9550,0.9554,2,10,2,675101,1343,124641,1615,0.010637118235965023,0.5459770114942529
9551,0.9555,4,6,4,675107,1337,124645,1611,0.01058959574198454,0.5464721845318861
9552,0.9556,2,4,2,675111,1333,124647,1609,0.010557914079330884,0.5469068660774983
9553,0.9557,5,8,5,675119,1325,124652,1604,0.010494550754023571,0.5476271765107545
9554,0.9558,13,12,13,675131,1313,124665,1591,0.010399505766062602,0.5478650137741047
9555,0.9559,2,1,2,675132,1312,124667,1589,0.010391585350399189,0.5477421578765943
9556,0.956,5,3,5,675135,1309,124672,1584,0.010367824103408948,0.5475285171102662
9557,0.9561,2,3,2,675138,1306,124674,1582,0.010344062856418704,0.5477839335180056
9558,0.9562,4,7,4,675145,1299,124678,1578,0.010288619946774807,0.5484880083420229
9559,0.9563,5,4,5,675149,1295,124683,1573,0.01025693828412115,0.548465829846583
9560,0.9564,2,1,2,675150,1294,124685,1571,0.010249017868457737,0.5483420593368238
9561,0.9565,5,1,5,675151,1293,124690,1566,0.010241097452794322,0.5477439664218258
9562,0.9566,3,4,3,675155,1289,124693,1563,0.010209415790140666,0.5480364656381487
9563,0.9567,9,7,9,675162,1282,124702,1554,0.010153972880496768,0.5479548660084627
9564,0.9568,3,7,3,675169,1275,124705,1551,0.01009852997085287,0.5488322717622081
9565,0.9569,3,6,3,675175,1269,124708,1548,0.010051007476872386,0.549520766773163
9566,0.957,5,6,5,675181,1263,124713,1543,0.010003484982891902,0.5498930862437633
9567,0.9571,4,1,4,675182,1262,124717,1539,0.009995564567228488,0.5494466262049268
9568,0.9572,3,2,3,675184,1260,124720,1536,0.00997972373590166,0.5493562231759657
9569,0.9573,3,3,3,675187,1257,124723,1533,0.009955962488911419,0.5494623655913978
9570,0.9574,3,1,3,675188,1256,124726,1530,0.009948042073248004,0.5491744436468055
9571,0.9575,5,2,5,675190,1254,124731,1525,0.009932201241921176,0.5487585462396546
9572,0.9576,1,3,1,675193,1251,124732,1524,0.009908439994930934,0.5491891891891892
9573,0.9577,1,3,1,675196,1248,124733,1523,0.009884678747940691,0.5496210754240346
9574,0.9578,2,3,2,675199,1245,124735,1521,0.00986091750095045,0.5498915401301518
9575,0.9579,8,3,8,675202,1242,124743,1513,0.009837156253960208,0.5491833030852995
9576,0.958,4,3,4,675205,1239,124747,1509,0.009813395006969965,0.5491266375545851
9577,0.9581,5,2,5,675207,1237,124752,1504,0.009797554175643137,0.5487048522437067
9578,0.9582,6,3,6,675210,1234,124758,1498,0.009773792928652896,0.5483162518301611
9579,0.9583,5,13,5,675223,1221,124763,1493,0.009670827525028514,0.5501105379513633
9580,0.9584,2,3,2,675226,1218,124765,1491,0.009647066278038272,0.5503875968992248
9581,0.9585,4,5,4,675231,1213,124769,1487,0.009607464199721201,0.5507407407407408
9582,0.9586,5,3,5,675234,1210,124774,1482,0.00958370295273096,0.5505200594353641
9583,0.9587,2,4,2,675238,1206,124776,1480,0.009552021290077303,0.5510052122114668
9584,0.9588,4,7,4,675245,1199,124780,1476,0.009496578380433406,0.5517757009345794
9585,0.9589,1,3,1,675248,1196,124781,1475,0.009472817133443162,0.5522276301010858
9586,0.959,6,6,6,675254,1190,124787,1469,0.00942529463946268,0.5524633320797292
9587,0.9591,4,1,4,675255,1189,124791,1465,0.009417374223799265,0.5519969856819894
9588,0.9592,6,6,6,675261,1183,124797,1459,0.00936985172981878,0.5522331566994702
9589,0.9593,5,1,5,675262,1182,124802,1454,0.009361931314155367,0.5515933232169955
9590,0.9594,3,3,3,675265,1179,124805,1451,0.009338170067165124,0.5517110266159696
9591,0.9595,2,0,2,675265,1179,124807,1449,0.009338170067165124,0.5513698630136986
9592,0.9596,4,7,4,675272,1172,124811,1445,0.009282727157521226,0.5521589606419565
9593,0.9597,5,3,5,675275,1169,124816,1440,0.009258965910530985,0.5519356075124568
9594,0.9598,3,3,3,675278,1166,124819,1437,0.009235204663540742,0.5520553207837111
9595,0.9599,4,2,4,675280,1164,124823,1433,0.009219363832213915,0.5517905275317674
9596,0.96,24,21,24,675301,1143,124847,1409,0.00905303510328222,0.552115987460815
9597,0.9601,3,3,3,675304,1140,124850,1406,0.009029273856291977,0.5522388059701493
9598,0.9602,5,2,5,675306,1138,124855,1401,0.009013433024965151,0.551792044111855
9599,0.9603,7,5,7,675311,1133,124862,1394,0.00897383094664808,0.5516422635536209
9600,0.9604,5,1,5,675312,1132,124867,1389,0.008965910530984667,0.5509718365727886
9601,0.9605,2,7,2,675319,1125,124869,1387,0.008910467621340769,0.5521496815286624
9602,0.9606,6,10,6,675329,1115,124875,1381,0.008831263464706628,0.5532852564102564
9603,0.9607,2,7,2,675336,1108,124877,1379,0.00877582055506273,0.5544833132287897
9604,0.9608,3,9,3,675345,1099,124880,1376,0.008704536814092003,0.555959595959596
9605,0.9609,3,3,3,675348,1096,124883,1373,0.008680775567101761,0.5560955852571892
9606,0.961,8,7,8,675355,1089,124891,1365,0.008625332657457864,0.5562347188264058
9607,0.9611,8,1,8,675356,1088,124899,1357,0.008617412241794449,0.5550102249488753
9608,0.9612,4,10,4,675366,1078,124903,1353,0.00853820808516031,0.5565610859728507
9609,0.9613,7,6,7,675372,1072,124910,1346,0.008490685591179825,0.5566583953680728
9610,0.9614,5,3,5,675375,1069,124915,1341,0.008466924344189584,0.5564315352697096
9611,0.9615,8,2,8,675377,1067,124923,1333,0.008451083512862756,0.5554166666666667
9612,0.9616,3,5,3,675382,1062,124926,1330,0.008411481434545684,0.5560200668896321
9613,0.9617,2,1,2,675383,1061,124928,1328,0.008403561018882271,0.555881121808288
9614,0.9618,4,3,4,675386,1058,124932,1324,0.00837979977189203,0.5558354324097398
9615,0.9619,0,3,0,675389,1055,124932,1324,0.008356038524901787,0.5565363598150483
9616,0.962,4,5,4,675394,1050,124936,1320,0.008316436446584717,0.5569620253164557
9617,0.9621,7,6,7,675400,1044,124943,1313,0.008268913952604233,0.5570640644887569
9618,0.9622,5,4,5,675404,1040,124948,1308,0.008237232289950576,0.5570698466780238
9619,0.9623,6,5,6,675409,1035,124954,1302,0.008197630211633507,0.5571245186136072
9620,0.9624,7,7,7,675416,1028,124961,1295,0.008142187301989609,0.5574687903572966
9621,0.9625,4,3,4,675419,1025,124965,1291,0.008118426054999366,0.5574265975820379
9622,0.9626,1,5,1,675424,1020,124966,1290,0.008078823976682296,0.5584415584415584
9623,0.9627,2,6,2,675430,1014,124968,1288,0.008031301482701812,0.5595134665508253
9624,0.9628,1,5,1,675435,1009,124969,1287,0.007991699404384742,0.5605400696864111
9625,0.9629,4,4,4,675439,1005,124973,1283,0.007960017741731086,0.5607517482517482
9626,0.963,5,4,5,675443,1001,124978,1278,0.00792833607907743,0.5607722685388328
9627,0.9631,9,3,9,675446,998,124987,1269,0.007904574832087188,0.5597706219673577
9628,0.9632,3,2,3,675448,996,124990,1266,0.00788873400076036,0.5596816976127321
9629,0.9633,5,6,5,675454,990,124995,1261,0.007841211506779876,0.5601954686805865
9630,0.9634,3,2,3,675456,988,124998,1258,0.007825370675453048,0.560106856634016
9631,0.9635,2,3,2,675459,985,125000,1256,0.007801609428462805,0.5604640785363677
9632,0.9636,5,5,5,675464,980,125005,1251,0.007762007350145736,0.5607350963693412
9633,0.9637,2,3,2,675467,977,125007,1249,0.0077382461031554935,0.5610961365678346
9634,0.9638,4,4,4,675471,973,125011,1245,0.007706564440501837,0.5613165013525698
9635,0.9639,2,2,2,675473,971,125013,1243,0.00769072360917501,0.561427280939476
9636,0.964,4,5,4,675478,966,125017,1239,0.0076511215308579395,0.5619047619047619
9637,0.9641,1,0,1,675478,966,125018,1238,0.0076511215308579395,0.5617059891107078
9638,0.9642,8,4,8,675482,962,125026,1230,0.007619439868204283,0.5611313868613139
9639,0.9643,1,6,1,675488,956,125027,1229,0.0075719173742238,0.5624713958810069
9640,0.9644,1,5,1,675493,951,125028,1228,0.007532315295906729,0.5635612666360716
9641,0.9645,7,7,7,675500,944,125035,1221,0.0074768723862628315,0.563972286374134
9642,0.9647,5,5,5,675505,939,125040,1216,0.007437270307945761,0.5642691415313225
9643,0.9648,0,3,0,675508,936,125040,1216,0.007413509060955519,0.5650557620817844
9644,0.9649,10,9,10,675517,927,125050,1206,0.007342225319984793,0.5654008438818565
9645,0.965,6,10,6,675527,917,125056,1200,0.007263021163350653,0.5668398677373642
9646,0.9651,5,4,5,675531,913,125061,1195,0.007231339500696997,0.566888045540797
9647,0.9652,3,3,3,675534,910,125064,1192,0.0072075782537067545,0.5670789724072313
9648,0.9653,3,0,3,675534,910,125067,1189,0.0072075782537067545,0.5664602191519771
9649,0.9654,4,1,4,675535,909,125071,1185,0.00719965783804334,0.5659025787965616
9650,0.9655,3,0,3,675535,909,125074,1182,0.00719965783804334,0.5652797704447633
9651,0.9656,13,11,13,675546,898,125087,1169,0.007112533265745786,0.5655539429124334
9652,0.9657,4,5,4,675551,893,125091,1165,0.007072931187428716,0.5660835762876579
9653,0.9658,0,1,0,675552,892,125091,1165,0.007065010771765302,0.5663587749149247
9654,0.9659,2,2,2,675554,890,125093,1163,0.007049169940438475,0.5664880662445202
9655,0.966,2,6,2,675560,884,125095,1161,0.00700164744645799,0.5677261613691932
9656,0.9661,0,3,0,675563,881,125095,1161,0.006977886199467748,0.568560235063663
9657,0.9662,3,4,3,675567,877,125098,1158,0.006946204536814092,0.5690417690417691
9658,0.9663,2,6,2,675573,871,125100,1156,0.006898682042833608,0.5703009373458313
9659,0.9664,6,3,6,675576,868,125106,1150,0.006874920795843366,0.5698711595639246
9660,0.9665,1,2,1,675578,866,125107,1149,0.0068590799645165375,0.5702233250620348
9661,0.9666,0,1,0,675579,865,125107,1149,0.0068511595488531234,0.570506454816286
9662,0.9667,6,7,6,675586,858,125113,1143,0.006795716639209226,0.5712143928035982
9663,0.9668,2,2,2,675588,856,125115,1141,0.006779875807882398,0.57135703555333
9664,0.967,4,0,4,675588,856,125119,1137,0.006779875807882398,0.5704967385850477
9665,0.9671,4,2,4,675590,854,125123,1133,0.006764034976555569,0.5702063412179165
9666,0.9672,4,2,4,675592,852,125127,1129,0.006748194145228741,0.5699141847551742
9667,0.9673,2,5,2,675597,847,125129,1127,0.006708592066911672,0.5709219858156028
9668,0.9674,1,0,1,675597,847,125130,1126,0.006708592066911672,0.570704510897111
9669,0.9675,5,4,5,675601,843,125135,1121,0.006676910404258015,0.5707739307535642
9670,0.9676,1,1,1,675602,842,125136,1120,0.006668989988594601,0.5708460754332314
9671,0.9677,6,4,6,675606,838,125142,1114,0.006637308325940945,0.5706967213114754
9672,0.9678,4,7,4,675613,831,125146,1110,0.006581865416297047,0.5718701700154559
9673,0.9679,9,1,9,675614,830,125155,1101,0.006573945000633633,0.5701708959088555
9674,0.968,1,7,1,675621,823,125156,1100,0.0065185020909897355,0.5720228809152366
9675,0.9682,1,5,1,675626,818,125157,1099,0.006478900012672665,0.5732916014606155
9676,0.9683,4,3,4,675629,815,125161,1095,0.006455138765682423,0.5732984293193717
9677,0.9684,4,2,4,675631,813,125165,1091,0.006439297934355595,0.5730042016806722
9678,0.9685,2,1,2,675632,812,125167,1089,0.006431377518692181,0.5728563913729616
9679,0.9686,3,4,3,675636,808,125170,1086,0.006399695856038525,0.573389651531151
9680,0.9687,12,5,12,675641,803,125182,1074,0.006360093777721455,0.5721896643580181
9681,0.9688,1,0,1,675641,803,125183,1073,0.006360093777721455,0.5719616204690832
9682,0.9689,5,1,5,675642,802,125188,1068,0.006352173362058041,0.5711229946524065
9683,0.969,7,3,7,675645,799,125195,1061,0.0063284121150677984,0.5704301075268817
9684,0.9691,3,0,3,675645,799,125198,1058,0.0063284121150677984,0.5697361335487345
9685,0.9692,1,7,1,675652,792,125199,1057,0.006272969205423901,0.5716603569497025
9686,0.9693,3,7,3,675659,785,125202,1054,0.006217526295780002,0.5731375747688962
9687,0.9694,3,2,3,675661,783,125205,1051,0.006201685464453175,0.5730643402399127
9688,0.9695,0,1,0,675662,782,125205,1051,0.006193765048789761,0.5733769776322968
9689,0.9696,2,3,2,675665,779,125207,1049,0.0061700038017995186,0.5738512035010941
9690,0.9697,1,1,1,675666,778,125208,1048,0.0061620833861361045,0.5739320920043811
9691,0.9698,2,3,2,675669,775,125210,1046,0.006138322139145862,0.5744096650192202
9692,0.9699,4,0,4,675669,775,125214,1042,0.006138322139145862,0.57347275729224
9693,0.97,26,18,26,675687,757,125240,1016,0.00599575465720441,0.5730400451212634
9694,0.9701,4,4,4,675691,753,125244,1012,0.005964072994550754,0.5733711048158641
9695,0.9702,0,2,0,675693,751,125244,1012,0.005948232163223926,0.5740215541690301
9696,0.9703,2,2,2,675695,749,125246,1010,0.005932391331897098,0.5741898806139852
9697,0.9704,0,1,0,675696,748,125246,1010,0.005924470916233684,0.5745164960182025
9698,0.9705,2,1,2,675697,747,125248,1008,0.00591655050057027,0.5743589743589743
9699,0.9706,2,1,2,675698,746,125250,1006,0.005908630084906856,0.5742009132420092
9700,0.9707,4,6,4,675704,740,125254,1002,0.005861107590926372,0.5752009184845006
9701,0.9708,2,5,2,675709,735,125256,1000,0.005821505512609302,0.5763688760806917
9702,0.9709,1,3,1,675712,732,125257,999,0.005797744265619059,0.5771230502599654
9703,0.971,5,6,5,675718,726,125262,994,0.005750221771638576,0.577906976744186
9704,0.9711,1,1,1,675719,725,125263,993,0.005742301355975162,0.5779976717112922
9705,0.9712,5,1,5,675720,724,125268,988,0.005734380940311748,0.5771028037383178
9706,0.9713,9,5,9,675725,719,125277,979,0.005694778861994677,0.5765606595995288
9707,0.9714,0,4,0,675729,715,125277,979,0.005663097199341022,0.577922077922078
9708,0.9715,4,0,4,675729,715,125281,975,0.005663097199341022,0.5769230769230769
9709,0.9716,2,2,2,675731,713,125283,973,0.005647256368014194,0.5771055753262159
9710,0.9717,16,5,16,675736,708,125299,957,0.005607654289697123,0.5747747747747748
9711,0.9718,2,1,2,675737,707,125301,955,0.005599733874033709,0.5746089049338147
9712,0.9719,2,5,2,675742,702,125303,953,0.0055601317957166396,0.5758308157099697
9713,0.972,4,4,4,675746,698,125307,949,0.005528450133062983,0.5761991499696417
9714,0.9721,3,2,3,675748,696,125310,946,0.005512609301736155,0.5761266747868453
9715,0.9722,6,2,6,675750,694,125316,940,0.005496768470409327,0.5752753977968176
9716,0.9723,0,3,0,675753,691,125316,940,0.005473007223419085,0.5763335377069283
9717,0.9724,0,3,0,675756,688,125316,940,0.005449245976428843,0.5773955773955773
9718,0.9725,12,8,12,675764,680,125328,928,0.005385882651121531,0.5771144278606966
9719,0.9726,1,3,1,675767,677,125329,927,0.005362121404131288,0.577930174563591
9720,0.9727,2,5,2,675772,672,125331,925,0.005322519325814219,0.5792110206637445
9721,0.9729,1,1,1,675773,671,125332,924,0.005314598910150805,0.5793103448275863
9722,0.973,8,4,8,675777,667,125340,916,0.0052829172474971485,0.5786481364497789
9723,0.9731,5,4,5,675781,663,125345,911,0.005251235584843493,0.5787801778907242
9724,0.9732,1,8,1,675789,655,125346,910,0.00518787225953618,0.5814696485623003
9725,0.9733,10,9,10,675798,646,125356,900,0.0051165885185654545,0.5821474773609314
9726,0.9734,1,3,1,675801,643,125357,899,0.005092827271575212,0.5830090791180286
9727,0.9736,12,6,12,675807,637,125369,887,0.005045304777594728,0.5820209973753281
9728,0.9737,5,3,5,675810,634,125374,882,0.005021543530604486,0.5817941952506597
9729,0.9738,3,2,3,675812,632,125377,879,0.005005702699277658,0.5817339510258107
9730,0.9739,1,2,1,675814,630,125378,878,0.00498986186795083,0.5822281167108754
9731,0.974,7,7,7,675821,623,125385,871,0.0049344189583069315,0.5829986613119144
9732,0.9742,1,6,1,675827,617,125386,870,0.004886896464326448,0.5850706119704102
9733,0.9743,8,7,8,675834,610,125394,862,0.004831453554682549,0.5855978260869565
9734,0.9744,6,2,6,675836,608,125400,856,0.004815612723355722,0.5846994535519126
9735,0.9745,4,0,4,675836,608,125404,852,0.004815612723355722,0.5835616438356165
9736,0.9746,5,3,5,675839,605,125409,847,0.00479185147636548,0.5833333333333334
9737,0.9749,3,4,3,675843,601,125412,844,0.0047601698137118235,0.5840830449826989
9738,0.975,8,13,8,675856,588,125420,836,0.004657204410087441,0.5870786516853933
9739,0.9751,5,4,5,675860,584,125425,831,0.004625522747433785,0.5872791519434629
9740,0.9752,7,7,7,675867,577,125432,824,0.004570079837789887,0.5881513204853676
9741,0.9753,4,3,4,675870,574,125436,820,0.004546318590799645,0.5882352941176471
9742,0.9754,4,3,4,675873,571,125440,816,0.004522557343809403,0.5883201153568853
9743,0.9755,2,0,2,675873,571,125442,814,0.004522557343809403,0.5877256317689531
9744,0.9756,3,2,3,675875,569,125445,811,0.0045067165124825755,0.5876811594202899
9745,0.9757,6,1,6,675876,568,125451,805,0.004498796096819161,0.5863073561544064
9746,0.9758,2,1,2,675877,567,125453,803,0.004490875681155747,0.5861313868613138
9747,0.9759,0,1,0,675878,566,125453,803,0.004482955265492333,0.5865595325054784
9748,0.976,2,3,2,675881,563,125455,801,0.004459194018502091,0.5872434017595308
9749,0.9761,4,3,4,675884,560,125459,797,0.004435432771511849,0.5873249815770081
9750,0.9762,2,2,2,675886,558,125461,795,0.004419591940185021,0.5875831485587583
9751,0.9763,9,0,9,675886,558,125470,786,0.004419591940185021,0.5848214285714286
9752,0.9764,2,7,2,675893,551,125472,784,0.004364149030541123,0.5872659176029963
9753,0.9765,9,2,9,675895,549,125481,775,0.004348308199214295,0.5853474320241692
9754,0.9767,4,3,4,675898,546,125485,771,0.0043245469522240525,0.5854214123006833
9755,0.9768,2,7,2,675905,539,125487,769,0.004269104042580155,0.5879204892966361
9756,0.9769,1,3,1,675908,536,125488,768,0.0042453427955899126,0.588957055214724
9757,0.977,2,0,2,675908,536,125490,766,0.0042453427955899126,0.5883256528417818
9758,0.9771,5,4,5,675912,532,125495,761,0.004213661132936256,0.588553750966744
9759,0.9772,3,5,3,675917,527,125498,758,0.004174059054619187,0.5898832684824903
9760,0.9774,3,2,3,675919,525,125501,755,0.0041582182232923585,0.58984375
9761,0.9775,8,3,8,675922,522,125509,747,0.004134456976302116,0.5886524822695035
9762,0.9776,3,2,3,675924,520,125512,744,0.004118616144975288,0.5886075949367089
9763,0.9777,4,3,4,675927,517,125516,740,0.004094854897985046,0.588703261734288
9764,0.9779,1,2,1,675929,515,125517,739,0.004079014066658219,0.5893141945773525
9765,0.978,6,6,6,675935,509,125523,733,0.004031491572677734,0.5901771336553945
9766,0.9781,0,1,0,675936,508,125523,733,0.00402357115701432,0.5906526994359388
9767,0.9782,4,2,4,675938,506,125527,729,0.004007730325687492,0.5902834008097166
9768,0.9783,5,4,5,675942,502,125532,724,0.003976048663033836,0.5905383360522023
9769,0.9784,3,2,3,675944,500,125535,721,0.003960207831707008,0.5904995904995906
9770,0.9785,2,2,2,675946,498,125537,719,0.00394436700038018,0.590797041906327
9771,0.9786,3,7,3,675953,491,125540,716,0.003888924090736282,0.5932062966031483
9772,0.9787,2,1,2,675954,490,125542,714,0.003881003675072868,0.5930232558139535
9773,0.9788,2,0,2,675954,490,125544,712,0.003881003675072868,0.5923460898502496
9774,0.9789,5,4,5,675958,486,125549,707,0.0038493220124192116,0.5926236378876781
9775,0.979,4,6,4,675964,480,125553,703,0.0038017995184387275,0.5942519019442096
9776,0.9791,0,1,0,675965,479,125553,703,0.0037938791027753134,0.5947546531302876
9777,0.9792,2,0,2,675965,479,125555,701,0.0037938791027753134,0.5940677966101695
9778,0.9793,3,5,3,675970,474,125558,698,0.0037542770244582435,0.5955631399317406
9779,0.9794,1,0,1,675970,474,125559,697,0.0037542770244582435,0.5952177625960717
9780,0.9795,5,3,5,675973,471,125564,692,0.0037305157774680017,0.5950128976784179
9781,0.9796,7,3,7,675976,468,125571,685,0.0037067545304777594,0.5941023417172593
9782,0.9797,2,6,2,675982,462,125573,683,0.0036592320364972754,0.5965065502183406
9783,0.9799,4,1,4,675983,461,125577,679,0.0036513116208338613,0.5956140350877193
9784,0.98,47,28,47,676011,433,125624,632,0.0034295399822582688,0.5934272300469483
9785,0.9801,4,3,4,676014,430,125628,628,0.003405778735268027,0.5935727788279773
9786,0.9803,3,0,3,676014,430,125631,625,0.003405778735268027,0.5924170616113744
9787,0.9804,2,2,2,676016,428,125633,623,0.003389937903941199,0.5927687916270219
9788,0.9805,3,2,3,676018,426,125636,620,0.0033740970726143706,0.5927342256214149
9789,0.9806,2,1,2,676019,425,125638,618,0.003366176656950957,0.5925215723873442
9790,0.9807,6,4,6,676023,421,125644,612,0.0033344949942973007,0.5924491771539206
9791,0.9808,5,5,5,676028,416,125649,607,0.0032948929159802307,0.5933528836754643
9792,0.9809,1,2,1,676030,414,125650,606,0.0032790520846534025,0.5941176470588235
9793,0.981,1,4,1,676034,410,125651,605,0.0032473704219997466,0.5960591133004927
9794,0.9811,0,3,0,676037,407,125651,605,0.0032236091750095044,0.5978260869565217
9795,0.9812,0,1,0,676038,406,125651,605,0.0032156887593460903,0.5984174085064293
9796,0.9813,1,1,1,676039,405,125652,604,0.0032077683436826767,0.5986124876114965
9797,0.9814,4,3,4,676042,402,125656,600,0.0031840070966924344,0.5988023952095808
9798,0.9815,1,2,1,676044,400,125657,599,0.0031681662653656063,0.5995995995995996
9799,0.9816,7,5,7,676049,395,125664,592,0.0031285641870485363,0.5997973657548126
9800,0.9817,8,3,8,676052,392,125672,584,0.003104802940058294,0.5983606557377049
9801,0.9818,2,1,2,676053,391,125674,582,0.0030968825243948804,0.5981500513874615
9802,0.9819,4,4,4,676057,387,125678,578,0.003065200861741224,0.5989637305699482
9803,0.982,3,1,3,676058,386,125681,575,0.00305728044607781,0.5983350676378772
9804,0.9822,2,2,2,676060,384,125683,573,0.0030414396147509823,0.5987460815047022
9805,0.9824,1,1,1,676061,383,125684,572,0.003033519199087568,0.5989528795811518
9806,0.9825,6,1,6,676062,382,125690,566,0.003025598783424154,0.5970464135021097
9807,0.9827,2,1,2,676063,381,125692,564,0.00301767836776074,0.5968253968253968
9808,0.9828,1,0,1,676063,381,125693,563,0.00301767836776074,0.5963983050847458
9809,0.9829,0,1,0,676064,380,125693,563,0.003009757952097326,0.5970307529162248
9810,0.983,5,7,5,676071,373,125698,558,0.002954315042453428,0.5993555316863588
9811,0.9831,0,1,0,676072,372,125698,558,0.0029463946267900137,0.6
9812,0.9832,3,1,3,676073,371,125701,555,0.0029384742111266,0.5993520518358532
9813,0.9833,8,5,8,676078,366,125709,547,0.0028988721328095297,0.5991237677984665
9814,0.9834,3,5,3,676083,361,125712,544,0.0028592700544924597,0.6011049723756906
9815,0.9835,2,3,2,676086,358,125714,542,0.002835508807502218,0.6022222222222222
9816,0.9837,1,0,1,676086,358,125715,541,0.002835508807502218,0.6017797552836485
9817,0.984,3,6,3,676092,352,125718,538,0.0027879863135217334,0.604494382022472
9818,0.9841,0,1,0,676093,351,125718,538,0.0027800658978583198,0.6051743532058492
9819,0.9842,3,2,3,676095,349,125721,535,0.0027642250665314916,0.6052036199095022
9820,0.9843,3,0,3,676095,349,125724,532,0.0027642250665314916,0.6038592508513053
9821,0.9844,0,1,0,676096,348,125724,532,0.0027563046508680775,0.6045454545454545
9822,0.9845,1,0,1,676096,348,125725,531,0.0027563046508680775,0.6040955631399317
9823,0.9846,1,0,1,676096,348,125726,530,0.0027563046508680775,0.6036446469248291
9824,0.9847,1,5,1,676101,343,125727,529,0.0027167025725510076,0.606651376146789
9825,0.9848,3,2,3,676103,341,125730,526,0.0027008617412241794,0.6066897347174164
9826,0.985,12,7,12,676110,334,125742,514,0.0026454188315802813,0.6061320754716981
9827,0.9851,4,0,4,676110,334,125746,510,0.0026454188315802813,0.6042654028436019
9828,0.9852,3,2,3,676112,332,125749,507,0.002629578000253453,0.6042908224076281
9829,0.9854,5,3,5,676115,329,125754,502,0.0026058167532632113,0.6040914560770156
9830,0.9855,6,2,6,676117,327,125760,496,0.002589975921936383,0.6026731470230863
9831,0.9856,1,0,1,676117,327,125761,495,0.002589975921936383,0.6021897810218978
9832,0.9857,0,1,0,676118,326,125761,495,0.002582055506272969,0.6029232643118149
9833,0.9858,5,4,5,676122,322,125766,490,0.002550373843619313,0.603448275862069
9834,0.986,2,5,2,676127,317,125768,488,0.002510771765302243,0.6062111801242236
9835,0.9861,0,2,0,676129,315,125768,488,0.002494930933975415,0.6077210460772104
9836,0.9862,2,3,2,676132,312,125770,486,0.002471169686985173,0.6090225563909775
9837,0.9863,5,3,5,676135,309,125775,481,0.002447408439994931,0.6088607594936709
9838,0.9864,2,2,2,676137,307,125777,479,0.002431567608668103,0.6094147582697201
9839,0.9865,1,2,1,676139,305,125778,478,0.0024157267773412747,0.6104725415070242
9840,0.9867,5,9,5,676148,296,125783,473,0.002344443036370549,0.6150845253576073
9841,0.9869,1,0,1,676148,296,125784,472,0.002344443036370549,0.6145833333333334
9842,0.987,0,2,0,676150,294,125784,472,0.0023286022050437206,0.6161879895561357
9843,0.9871,6,3,6,676153,291,125790,466,0.002304840958053479,0.6155878467635403
9844,0.9873,1,0,1,676153,291,125791,465,0.002304840958053479,0.6150793650793651
9845,0.9874,3,1,3,676154,290,125794,462,0.0022969205423900648,0.6143617021276596
9846,0.9875,9,9,9,676163,281,125803,453,0.0022256368014193385,0.6171662125340599
9847,0.9876,2,0,2,676163,281,125805,451,0.0022256368014193385,0.6161202185792349
9848,0.9877,1,0,1,676163,281,125806,450,0.0022256368014193385,0.615595075239398
9849,0.9878,7,0,7,676163,281,125813,443,0.0022256368014193385,0.611878453038674
9850,0.988,3,1,3,676164,280,125816,440,0.0022177163857559244,0.6111111111111112
9851,0.9881,2,3,2,676167,277,125818,438,0.0021939551387656826,0.6125874125874126
9852,0.9882,1,0,1,676167,277,125819,437,0.0021939551387656826,0.6120448179271709
9853,0.9883,5,3,5,676170,274,125824,432,0.0021701938917754403,0.6118980169971672
9854,0.9884,0,1,0,676171,273,125824,432,0.0021622734761120263,0.6127659574468085
9855,0.9885,2,4,2,676175,269,125826,430,0.0021305918134583704,0.6151645207439199
9856,0.9887,1,0,1,676175,269,125827,429,0.0021305918134583704,0.6146131805157593
9857,0.989,4,3,4,676178,266,125831,425,0.002106830566468128,0.6150506512301013
9858,0.9892,0,1,0,676179,265,125831,425,0.002098910150804714,0.6159420289855072
9859,0.9893,1,1,1,676180,264,125832,424,0.0020909897351413004,0.6162790697674418
9860,0.9894,1,1,1,676181,263,125833,423,0.0020830693194778863,0.6166180758017493
9861,0.9896,1,1,1,676182,262,125834,422,0.0020751489038144722,0.6169590643274854
9862,0.9898,1,1,1,676183,261,125835,421,0.002067228488151058,0.6173020527859238
9863,0.9899,1,1,1,676184,260,125836,420,0.002059308072487644,0.6176470588235294
9864,0.99,75,37,75,676221,223,125911,345,0.0017662526929413255,0.6073943661971831
9865,0.9901,0,1,0,676222,222,125911,345,0.0017583322772779116,0.6084656084656085
9866,0.9904,1,0,1,676222,222,125912,344,0.0017583322772779116,0.607773851590106
9867,0.9905,0,1,0,676223,221,125912,344,0.0017504118616144975,0.6088495575221239
9868,0.9907,1,1,1,676224,220,125913,343,0.0017424914459510834,0.6092362344582594
9869,0.991,0,2,0,676226,218,125913,343,0.0017266506146242555,0.6114081996434938
9870,0.9913,2,0,2,676226,218,125915,341,0.0017266506146242555,0.6100178890876565
9871,0.9915,0,2,0,676228,216,125915,341,0.0017108097832974276,0.6122082585278277
9872,0.9917,4,4,4,676232,212,125919,337,0.0016791281206437714,0.6138433515482696
9873,0.992,7,2,7,676234,210,125926,330,0.0016632872893169433,0.6111111111111112
9874,0.9921,2,0,2,676234,210,125928,328,0.0016632872893169433,0.6096654275092936
9875,0.9925,10,5,10,676239,205,125938,318,0.0016236852109998733,0.6080305927342257
9876,0.9926,2,0,2,676239,205,125940,316,0.0016236852109998733,0.6065259117082533
9877,0.9927,0,2,0,676241,203,125940,316,0.0016078443796730452,0.6088631984585742
9878,0.9928,0,1,0,676242,202,125940,316,0.0015999239640096313,0.61003861003861
9879,0.9929,1,0,1,676242,202,125941,315,0.0015999239640096313,0.6092843326885881
9880,0.993,1,0,1,676242,202,125942,314,0.0015999239640096313,0.6085271317829457
9881,0.9931,1,0,1,676242,202,125943,313,0.0015999239640096313,0.6077669902912621
9882,0.9933,6,11,6,676253,191,125949,307,0.001512799391712077,0.6164658634538153
9883,0.9935,2,0,2,676253,191,125951,305,0.001512799391712077,0.6149193548387096
9884,0.9938,6,1,6,676254,190,125957,299,0.001504878976048663,0.6114519427402862
9885,0.994,4,5,4,676259,185,125961,295,0.001465276897731593,0.6145833333333334
9886,0.9942,6,1,6,676260,184,125967,289,0.001457356482068179,0.6109936575052854
9887,0.9943,1,0,1,676260,184,125968,288,0.001457356482068179,0.6101694915254238
9888,0.9946,1,2,1,676262,182,125969,287,0.001441515650741351,0.6119402985074627
9889,0.9947,1,3,1,676265,179,125970,286,0.001417754403751109,0.6150537634408603
9890,0.9948,1,0,1,676265,179,125971,285,0.001417754403751109,0.6142241379310345
9891,0.995,28,13,28,676278,166,125999,257,0.0013147890001267266,0.607565011820331
9892,0.9955,1,0,1,676278,166,126000,256,0.0013147890001267266,0.6066350710900474
9893,0.9956,2,3,2,676281,163,126002,254,0.0012910277531364845,0.6091127098321343
9894,0.9957,1,0,1,676281,163,126003,253,0.0012910277531364845,0.6081730769230769
9895,0.996,2,2,2,676283,161,126005,251,0.0012751869218096566,0.6092233009708737
9896,0.9961,4,2,4,676285,159,126009,247,0.0012593460904828286,0.6083743842364532
9897,0.9962,3,4,3,676289,155,126012,244,0.0012276644278291725,0.6115288220551378
9898,0.9963,0,1,0,676290,154,126012,244,0.0012197440121657585,0.6130653266331658
9899,0.9967,5,10,5,676300,144,126017,239,0.0011405398555316183,0.6240208877284595
9900,0.9968,3,1,3,676301,143,126020,236,0.0011326194398682042,0.6226912928759895
9901,0.9969,2,0,2,676301,143,126022,234,0.0011326194398682042,0.6206896551724138
9902,0.9971,3,3,3,676304,140,126025,231,0.0011088581928779622,0.6226415094339622
9903,0.9973,1,5,1,676309,135,126026,230,0.0010692561145608922,0.6301369863013698
9904,0.9975,7,4,7,676313,131,126033,223,0.0010375744519072361,0.6299435028248588
9905,0.9978,1,1,1,676314,130,126034,222,0.001029654036243822,0.6306818181818182
9906,0.9979,2,1,2,676315,129,126036,220,0.001021733620580408,0.6303724928366762
9907,0.998,5,3,5,676318,126,126041,215,0.000997972373590166,0.6304985337243402
9908,0.9983,6,5,6,676323,121,126047,209,0.000958370295273096,0.6333333333333333
9909,0.9986,1,6,1,676329,115,126048,208,0.0009108478012926118,0.6439628482972136
9910,0.9987,0,1,0,676330,114,126048,208,0.0009029273856291978,0.6459627329192547
9911,0.9989,1,0,1,676330,114,126049,207,0.0009029273856291978,0.6448598130841121
9912,0.999,0,2,0,676332,112,126049,207,0.0008870865543023698,0.6489028213166145
9913,0.9991,0,1,0,676333,111,126049,207,0.0008791661386389558,0.6509433962264151
9914,0.9993,0,1,0,676334,110,126049,207,0.0008712457229755417,0.6529968454258676
9915,1.0,207,110,207,676444,0,126256,0,0.0,
