,min,max,Neg,Pos,$\frac{\text{Pos}}{\text{Neg}+\text{Pos}}$,TN,FP,FN,TP,Prec,Rec,FP/P
0,0.00000,0.09000,"20,251",592,0.0284,"20,251","671,030",592,"125,750",0.1578,0.9953,5.3112
1,0.09000,0.13661,"26,925","1,053",0.0376,"47,176","644,105","1,645","124,697",0.1622,0.9870,5.0981
2,0.13667,0.16567,"22,342","1,011",0.0433,"69,518","621,763","2,656","123,686",0.1659,0.9790,4.9213
3,0.16570,0.18998,"19,687","1,000",0.0483,"89,205","602,076","3,656","122,686",0.1693,0.9711,4.7654
4,0.19000,0.20831,"18,623","1,000",0.0510,"107,828","583,453","4,656","121,686",0.1726,0.9631,4.6180
5,0.20833,0.22416,"17,667","1,000",0.0536,"125,495","565,786","5,656","120,686",0.1758,0.9552,4.4782
6,0.22417,0.24000,"15,417","1,001",0.0610,"140,912","550,369","6,657","119,685",0.1786,0.9473,4.3562
7,0.24000,0.25400,"18,323","1,124",0.0578,"159,235","532,046","7,781","118,561",0.1822,0.9384,4.2112
8,0.25400,0.26662,"14,411","1,007",0.0653,"173,646","517,635","8,788","117,554",0.1851,0.9304,4.0971
9,0.26667,0.27833,"13,625","1,034",0.0705,"187,271","504,010","9,822","116,520",0.1878,0.9223,3.9893
10,0.27833,0.28992,"13,334","1,026",0.0714,"200,605","490,676","10,848","115,494",0.1905,0.9141,3.8837
11,0.29000,0.29998,"12,590","1,013",0.0745,"213,195","478,086","11,861","114,481",0.1932,0.9061,3.7841
12,0.30000,0.31000,"12,780","1,062",0.0767,"225,975","465,306","12,923","113,419",0.1960,0.8977,3.6829
13,0.31000,0.32000,"12,667","1,092",0.0794,"238,642","452,639","14,015","112,327",0.1988,0.8891,3.5826
14,0.32000,0.33000,"12,965","1,130",0.0802,"251,607","439,674","15,145","111,197",0.2019,0.8801,3.4800
15,0.33000,0.34000,"12,888","1,251",0.0885,"264,495","426,786","16,396","109,946",0.2048,0.8702,3.3780
16,0.34000,0.35000,"13,189","1,305",0.0900,"277,684","413,597","17,701","108,641",0.2080,0.8599,3.2736
17,0.35000,0.36000,"13,025","1,337",0.0931,"290,709","400,572","19,038","107,304",0.2113,0.8493,3.1705
18,0.36000,0.37000,"13,029","1,359",0.0945,"303,738","387,543","20,397","105,945",0.2147,0.8386,3.0674
19,0.37000,0.38000,"12,944","1,432",0.0996,"316,682","374,599","21,829","104,513",0.2181,0.8272,2.9650
20,0.38000,0.39000,"13,001","1,439",0.0997,"329,683","361,598","23,268","103,074",0.2218,0.8158,2.8621
21,0.39000,0.39899,"12,499","1,453",0.1041,"342,182","349,099","24,721","101,621",0.2255,0.8043,2.7631
22,0.39900,0.40500,"8,451","1,004",0.1062,"350,633","340,648","25,725","100,617",0.2280,0.7964,2.6962
23,0.40500,0.41002,"9,377","1,122",0.1069,"360,010","331,271","26,847","99,495",0.2310,0.7875,2.6220
24,0.41004,0.42000,"8,203","1,001",0.1088,"368,213","323,068","27,848","98,494",0.2336,0.7796,2.5571
25,0.42000,0.42665,"9,738","1,292",0.1171,"377,951","313,330","29,140","97,202",0.2368,0.7694,2.4800
26,0.42667,0.43167,"7,891","1,052",0.1176,"385,842","305,439","30,192","96,150",0.2394,0.7610,2.4176
27,0.43167,0.44000,"7,061","1,021",0.1263,"392,903","298,378","31,213","95,129",0.2417,0.7529,2.3617
28,0.44000,0.44667,"9,524","1,346",0.1238,"402,427","288,854","32,559","93,783",0.2451,0.7423,2.2863
29,0.44667,0.45167,"7,612","1,022",0.1184,"410,039","281,242","33,581","92,761",0.2480,0.7342,2.2260
30,0.45167,0.46000,"6,709","1,012",0.1311,"416,748","274,533","34,593","91,749",0.2505,0.7262,2.1729
31,0.46000,0.46667,"9,175","1,396",0.1321,"425,923","265,358","35,989","90,353",0.2540,0.7151,2.1003
32,0.46667,0.47067,"6,606","1,041",0.1361,"432,529","258,752","37,030","89,312",0.2566,0.7069,2.0480
33,0.47067,0.47831,"6,278","1,000",0.1374,"438,807","252,474","38,030","88,312",0.2591,0.6990,1.9983
34,0.47833,0.48250,"6,136","1,004",0.1406,"444,943","246,338","39,034","87,308",0.2617,0.6910,1.9498
35,0.48250,0.49000,"6,091","1,035",0.1452,"451,034","240,247","40,069","86,273",0.2642,0.6829,1.9016
36,0.49000,0.49798,"9,886","1,664",0.1441,"460,920","230,361","41,733","84,609",0.2686,0.6697,1.8233
37,0.49800,0.50248,"5,837","1,008",0.1473,"466,757","224,524","42,741","83,601",0.2713,0.6617,1.7771
38,0.50250,0.51000,"5,719","1,052",0.1554,"472,476","218,805","43,793","82,549",0.2739,0.6534,1.7318
39,0.51000,0.51713,"8,902","1,613",0.1534,"481,378","209,903","45,406","80,936",0.2783,0.6406,1.6614
40,0.51714,0.52133,"5,495","1,001",0.1541,"486,873","204,408","46,407","79,935",0.2811,0.6327,1.6179
41,0.52133,0.52829,"5,279","1,001",0.1594,"492,152","199,129","47,408","78,934",0.2839,0.6248,1.5761
42,0.52833,0.53249,"5,306","1,010",0.1599,"497,458","193,823","48,418","77,924",0.2868,0.6168,1.5341
43,0.53250,0.53858,"4,761","1,000",0.1736,"502,219","189,062","49,418","76,924",0.2892,0.6089,1.4964
44,0.53858,0.54208,"4,750","1,001",0.1741,"506,969","184,312","50,419","75,923",0.2917,0.6009,1.4588
45,0.54208,0.54898,"4,837","1,000",0.1713,"511,806","179,475","51,419","74,923",0.2945,0.5930,1.4205
46,0.54900,0.55250,"4,735","1,000",0.1744,"516,541","174,740","52,419","73,923",0.2973,0.5851,1.3831
47,0.55250,0.56000,"4,875","1,014",0.1722,"521,416","169,865","53,433","72,909",0.3003,0.5771,1.3445
48,0.56000,0.56750,"7,739","1,742",0.1837,"529,155","162,126","55,175","71,167",0.3051,0.5633,1.2832
49,0.56750,0.57133,"4,677","1,042",0.1822,"533,832","157,449","56,217","70,125",0.3081,0.5550,1.2462
50,0.57133,0.57833,"4,531","1,003",0.1812,"538,363","152,918","57,220","69,122",0.3113,0.5471,1.2103
51,0.57833,0.58167,"4,105","1,014",0.1981,"542,468","148,813","58,234","68,108",0.3140,0.5391,1.1779
52,0.58167,0.58898,"4,556","1,049",0.1872,"547,024","144,257","59,283","67,059",0.3173,0.5308,1.1418
53,0.58900,0.59200,"3,972","1,003",0.2016,"550,996","140,285","60,286","66,056",0.3201,0.5228,1.1104
54,0.59200,0.59914,"4,268","1,001",0.1900,"555,264","136,017","61,287","65,055",0.3235,0.5149,1.0766
55,0.59917,0.60250,"3,966","1,016",0.2039,"559,230","132,051","62,303","64,039",0.3266,0.5069,1.0452
56,0.60250,0.60917,"3,962","1,068",0.2123,"563,192","128,089","63,371","62,971",0.3296,0.4984,1.0138
57,0.60917,0.61200,"3,607","1,000",0.2171,"566,799","124,482","64,371","61,971",0.3324,0.4905,0.9853
58,0.61200,0.61900,"3,843","1,005",0.2073,"570,642","120,639","65,376","60,966",0.3357,0.4825,0.9549
59,0.61900,0.62233,"3,724","1,005",0.2125,"574,366","116,915","66,381","59,961",0.3390,0.4746,0.9254
60,0.62233,0.63000,"3,762","1,000",0.2100,"578,128","113,153","67,381","58,961",0.3426,0.4667,0.8956
61,0.63000,0.63250,"3,356","1,049",0.2381,"581,484","109,797","68,430","57,912",0.3453,0.4584,0.8690
62,0.63250,0.63950,"3,595","1,006",0.2186,"585,079","106,202","69,436","56,906",0.3489,0.4504,0.8406
63,0.63952,0.64245,"3,322","1,000",0.2314,"588,401","102,880","70,436","55,906",0.3521,0.4425,0.8143
64,0.64250,0.64929,"3,328","1,003",0.2316,"591,729","99,552","71,439","54,903",0.3555,0.4346,0.7880
65,0.64929,0.65183,"3,007","1,001",0.2498,"594,736","96,545","72,440","53,902",0.3583,0.4266,0.7642
66,0.65183,0.65928,"3,285","1,004",0.2341,"598,021","93,260","73,444","52,898",0.3619,0.4187,0.7382
67,0.65929,0.66167,"2,905","1,004",0.2568,"600,926","90,355","74,448","51,894",0.3648,0.4107,0.7152
68,0.66167,0.67000,"3,249","1,009",0.2370,"604,175","87,106","75,457","50,885",0.3688,0.4028,0.6894
69,0.67000,0.67236,"2,985","1,070",0.2639,"607,160","84,121","76,527","49,815",0.3719,0.3943,0.6658
70,0.67238,0.68000,"3,068","1,000",0.2458,"610,228","81,053","77,527","48,815",0.3759,0.3864,0.6415
71,0.68000,0.68164,"2,544","1,003",0.2828,"612,772","78,509","78,530","47,812",0.3785,0.3784,0.6214
72,0.68167,0.69000,"3,177","1,017",0.2425,"615,949","75,332","79,547","46,795",0.3832,0.3704,0.5963
73,0.69000,0.69164,"2,446","1,029",0.2961,"618,395","72,886","80,576","45,766",0.3857,0.3622,0.5769
74,0.69167,0.70000,"2,936","1,009",0.2558,"621,331","69,950","81,585","44,757",0.3902,0.3543,0.5537
75,0.70000,0.70167,"2,418","1,052",0.3032,"623,749","67,532","82,637","43,705",0.3929,0.3459,0.5345
76,0.70167,0.71000,"2,851","1,004",0.2604,"626,600","64,681","83,641","42,701",0.3977,0.3380,0.5120
77,0.71000,0.71167,"2,224","1,017",0.3138,"628,824","62,457","84,658","41,684",0.4003,0.3299,0.4943
78,0.71167,0.72000,"2,683","1,004",0.2723,"631,507","59,774","85,662","40,680",0.4050,0.3220,0.4731
79,0.72000,0.72133,"2,197","1,043",0.3219,"633,704","57,577","86,705","39,637",0.4077,0.3137,0.4557
80,0.72133,0.73000,"2,591","1,000",0.2785,"636,295","54,986","87,705","38,637",0.4127,0.3058,0.4352
81,0.73000,0.73163,"2,238","1,072",0.3239,"638,533","52,748","88,777","37,565",0.4159,0.2973,0.4175
82,0.73167,0.74000,"2,468","1,010",0.2904,"641,001","50,280","89,787","36,555",0.4210,0.2893,0.3980
83,0.74000,0.74031,"1,876","1,039",0.3564,"642,877","48,404","90,826","35,516",0.4232,0.2811,0.3831
84,0.74033,0.75000,"2,538","1,007",0.2841,"645,415","45,866","91,833","34,509",0.4293,0.2731,0.3630
85,0.75000,0.75150,"1,991","1,068",0.3491,"647,406","43,875","92,901","33,441",0.4325,0.2647,0.3473
86,0.75150,0.76000,"2,129","1,001",0.3198,"649,535","41,746","93,902","32,440",0.4373,0.2568,0.3304
87,0.76000,0.76069,"1,750","1,035",0.3716,"651,285","39,996","94,937","31,405",0.4398,0.2486,0.3166
88,0.76071,0.77000,"2,168","1,000",0.3157,"653,453","37,828","95,937","30,405",0.4456,0.2407,0.2994
89,0.77000,0.78000,"3,770","1,987",0.3451,"657,223","34,058","97,924","28,418",0.4549,0.2249,0.2696
90,0.78000,0.79000,"3,614","2,062",0.3633,"660,837","30,444","99,986","26,356",0.4640,0.2086,0.2410
91,0.79000,0.80000,"3,327","1,936",0.3679,"664,164","27,117","101,922","24,420",0.4738,0.1933,0.2146
92,0.80000,0.81000,"3,015","1,974",0.3957,"667,179","24,102","103,896","22,446",0.4822,0.1777,0.1908
93,0.81000,0.82000,"2,911","1,994",0.4065,"670,090","21,191","105,890","20,452",0.4911,0.1619,0.1677
94,0.82000,0.83000,"2,716","1,924",0.4147,"672,806","18,475","107,814","18,528",0.5007,0.1466,0.1462
95,0.83000,0.84000,"2,521","1,799",0.4164,"675,327","15,954","109,613","16,729",0.5119,0.1324,0.1263
96,0.84000,0.85000,"2,262","1,760",0.4376,"677,589","13,692","111,373","14,969",0.5223,0.1185,0.1084
97,0.85000,0.86000,"2,006","1,681",0.4559,"679,595","11,686","113,054","13,288",0.5321,0.1052,0.0925
98,0.86000,0.87000,"1,924","1,619",0.4570,"681,519","9,762","114,673","11,669",0.5445,0.0924,0.0773
99,0.87000,0.88000,"1,617","1,510",0.4829,"683,136","8,145","116,183","10,159",0.5550,0.0804,0.0645
100,0.88000,0.89000,"1,532","1,463",0.4885,"684,668","6,613","117,646","8,696",0.5680,0.0688,0.0523
101,0.89000,0.89600,"1,018","1,175",0.5358,"685,686","5,595","118,821","7,521",0.5734,0.0595,0.0443
102,0.89600,0.90498,"1,009","1,167",0.5363,"686,695","4,586","119,988","6,354",0.5808,0.0503,0.0363
103,0.90500,0.91487,"1,056","1,142",0.5196,"687,751","3,530","121,130","5,212",0.5962,0.0413,0.0279
104,0.91500,0.93000,"1,033","1,186",0.5345,"688,784","2,497","122,316","4,026",0.6172,0.0319,0.0198
105,0.93000,0.94982,"1,230","1,626",0.5693,"690,014","1,267","123,942","2,400",0.6545,0.0190,0.0100
106,0.95000,1.00000,"1,267","2,400",0.6545,"691,281",0,"126,342",0,nan,0.0000,0.0000
