,min,max,Neg,Pos,$\frac{\text{Pos}}{\text{Neg}+\text{Pos}}$,TN,FP,FN,TP,Prec,Rec,FP/P
0,0.0425,0.1115,"2,087",54,0.0252,"2,087","674,357",54,"126,202",0.1576,0.9996,5.3412
1,0.1115,0.2104,"24,230","1,000",0.0396,"26,317","650,127","1,054","125,202",0.1615,0.9917,5.1493
2,0.2104,0.2364,"17,611","1,000",0.0537,"43,928","632,516","2,054","124,202",0.1641,0.9837,5.0098
3,0.2364,0.2583,"15,809","1,000",0.0595,"59,737","616,707","3,054","123,202",0.1665,0.9758,4.8846
4,0.2583,0.2752,"14,190","1,000",0.0658,"73,927","602,517","4,054","122,202",0.1686,0.9679,4.7722
5,0.2752,0.2901,"13,312","1,003",0.0701,"87,239","589,205","5,057","121,199",0.1706,0.9599,4.6667
6,0.2901,0.3044,"13,356","1,004",0.0699,"100,595","575,849","6,061","120,195",0.1727,0.9520,4.5610
7,0.3044,0.3178,"12,028","1,000",0.0768,"112,623","563,821","7,061","119,195",0.1745,0.9441,4.4657
8,0.3178,0.3298,"11,095","1,002",0.0828,"123,718","552,726","8,063","118,193",0.1762,0.9361,4.3778
9,0.3298,0.3405,"10,990","1,000",0.0834,"134,708","541,736","9,063","117,193",0.1779,0.9282,4.2908
10,0.3406,0.3504,"10,075","1,000",0.0903,"144,783","531,661","10,063","116,193",0.1794,0.9203,4.2110
11,0.3504,0.3584,"9,458","1,002",0.0958,"154,241","522,203","11,065","115,191",0.1807,0.9124,4.1361
12,0.3584,0.3657,"9,201","1,000",0.0980,"163,442","513,002","12,065","114,191",0.1821,0.9044,4.0632
13,0.3657,0.3728,"8,958","1,000",0.1004,"172,400","504,044","13,065","113,191",0.1834,0.8965,3.9922
14,0.3729,0.3802,"8,908","1,000",0.1009,"181,308","495,136","14,065","112,191",0.1847,0.8886,3.9217
15,0.3802,0.3864,"8,819","1,002",0.1020,"190,127","486,317","15,067","111,189",0.1861,0.8807,3.8518
16,0.3864,0.3918,"8,072","1,000",0.1102,"198,199","478,245","16,067","110,189",0.1873,0.8727,3.7879
17,0.3918,0.3977,"8,721","1,001",0.1030,"206,920","469,524","17,068","109,188",0.1887,0.8648,3.7188
18,0.3977,0.4024,"7,665","1,006",0.1160,"214,585","461,859","18,074","108,182",0.1898,0.8568,3.6581
19,0.4024,0.4068,"7,303","1,000",0.1204,"221,888","454,556","19,074","107,182",0.1908,0.8489,3.6003
20,0.4068,0.4112,"7,896","1,000",0.1124,"229,784","446,660","20,074","106,182",0.1921,0.8410,3.5377
21,0.4112,0.4149,"7,161","1,000",0.1225,"236,945","439,499","21,074","105,182",0.1931,0.8331,3.4810
22,0.4149,0.4193,"7,484","1,000",0.1179,"244,429","432,015","22,074","104,182",0.1943,0.8252,3.4217
23,0.4193,0.4236,"7,359","1,000",0.1196,"251,788","424,656","23,074","103,182",0.1955,0.8172,3.3635
24,0.4236,0.4276,"7,334","1,000",0.1200,"259,122","417,322","24,074","102,182",0.1967,0.8093,3.3054
25,0.4276,0.4311,"7,319","1,000",0.1202,"266,441","410,003","25,074","101,182",0.1979,0.8014,3.2474
26,0.4311,0.4350,"7,342","1,000",0.1199,"273,783","402,661","26,074","100,182",0.1992,0.7935,3.1892
27,0.4350,0.4386,"7,410","1,006",0.1195,"281,193","395,251","27,080","99,176",0.2006,0.7855,3.1306
28,0.4387,0.4422,"7,155","1,010",0.1237,"288,348","388,096","28,090","98,166",0.2019,0.7775,3.0739
29,0.4422,0.4455,"6,639","1,003",0.1312,"294,987","381,457","29,093","97,163",0.2030,0.7696,3.0213
30,0.4455,0.4491,"6,869","1,001",0.1272,"301,856","374,588","30,094","96,162",0.2043,0.7616,2.9669
31,0.4491,0.4521,"6,599","1,000",0.1316,"308,455","367,989","31,094","95,162",0.2055,0.7537,2.9146
32,0.4521,0.4552,"6,513","1,000",0.1331,"314,968","361,476","32,094","94,162",0.2067,0.7458,2.8630
33,0.4552,0.4583,"6,194","1,002",0.1392,"321,162","355,282","33,096","93,160",0.2077,0.7379,2.8140
34,0.4583,0.4615,"6,497","1,000",0.1334,"327,659","348,785","34,096","92,160",0.2090,0.7299,2.7625
35,0.4615,0.4647,"5,992","1,001",0.1431,"333,651","342,793","35,097","91,159",0.2101,0.7220,2.7151
36,0.4647,0.4679,"6,354","1,005",0.1366,"340,005","336,439","36,102","90,154",0.2113,0.7141,2.6647
37,0.4679,0.4708,"6,348","1,005",0.1367,"346,353","330,091","37,107","89,149",0.2126,0.7061,2.6145
38,0.4708,0.4739,"6,136","1,004",0.1406,"352,489","323,955","38,111","88,145",0.2139,0.6981,2.5659
39,0.4739,0.4772,"6,232","1,001",0.1384,"358,721","317,723","39,112","87,144",0.2152,0.6902,2.5165
40,0.4772,0.4804,"6,085","1,005",0.1417,"364,806","311,638","40,117","86,139",0.2166,0.6823,2.4683
41,0.4804,0.4833,"5,939","1,005",0.1447,"370,745","305,699","41,122","85,134",0.2178,0.6743,2.4213
42,0.4833,0.4866,"5,935","1,018",0.1464,"376,680","299,764","42,140","84,116",0.2191,0.6662,2.3743
43,0.4866,0.4895,"5,820","1,001",0.1468,"382,500","293,944","43,141","83,115",0.2204,0.6583,2.3282
44,0.4895,0.4923,"5,756","1,000",0.1480,"388,256","288,188","44,141","82,115",0.2218,0.6504,2.2826
45,0.4923,0.4951,"5,595","1,000",0.1516,"393,851","282,593","45,141","81,115",0.2230,0.6425,2.2383
46,0.4951,0.4980,"5,529","1,000",0.1532,"399,380","277,064","46,141","80,115",0.2243,0.6345,2.1945
47,0.4980,0.5009,"5,621","1,007",0.1519,"405,001","271,443","47,148","79,108",0.2257,0.6266,2.1499
48,0.5009,0.5040,"5,508","1,000",0.1537,"410,509","265,935","48,148","78,108",0.2270,0.6186,2.1063
49,0.5040,0.5070,"5,123","1,000",0.1633,"415,632","260,812","49,148","77,108",0.2282,0.6107,2.0657
50,0.5070,0.5099,"5,235","1,003",0.1608,"420,867","255,577","50,151","76,105",0.2295,0.6028,2.0243
51,0.5099,0.5129,"4,969","1,000",0.1675,"425,836","250,608","51,151","75,105",0.2306,0.5949,1.9849
52,0.5129,0.5152,"4,877","1,000",0.1702,"430,713","245,731","52,151","74,105",0.2317,0.5869,1.9463
53,0.5152,0.5179,"5,047","1,006",0.1662,"435,760","240,684","53,157","73,099",0.2330,0.5790,1.9063
54,0.5179,0.5207,"5,067","1,007",0.1658,"440,827","235,617","54,164","72,092",0.2343,0.5710,1.8662
55,0.5207,0.5237,"5,075","1,003",0.1650,"445,902","230,542","55,167","71,089",0.2357,0.5631,1.8260
56,0.5237,0.5264,"4,730","1,000",0.1745,"450,632","225,812","56,167","70,089",0.2369,0.5551,1.7885
57,0.5264,0.5292,"4,807","1,001",0.1723,"455,439","221,005","57,168","69,088",0.2382,0.5472,1.7505
58,0.5292,0.5319,"4,588","1,000",0.1790,"460,027","216,417","58,168","68,088",0.2393,0.5393,1.7141
59,0.5320,0.5347,"4,814","1,007",0.1730,"464,841","211,603","59,175","67,081",0.2407,0.5313,1.6760
60,0.5347,0.5373,"4,640","1,005",0.1780,"469,481","206,963","60,180","66,076",0.2420,0.5233,1.6392
61,0.5373,0.5399,"4,356","1,001",0.1869,"473,837","202,607","61,181","65,075",0.2431,0.5154,1.6047
62,0.5399,0.5425,"4,293","1,001",0.1891,"478,130","198,314","62,182","64,074",0.2442,0.5075,1.5707
63,0.5425,0.5452,"4,581","1,003",0.1796,"482,711","193,733","63,185","63,071",0.2456,0.4995,1.5344
64,0.5453,0.5479,"4,300","1,006",0.1896,"487,011","189,433","64,191","62,065",0.2468,0.4916,1.5004
65,0.5479,0.5507,"4,783","1,005",0.1736,"491,794","184,650","65,196","61,060",0.2485,0.4836,1.4625
66,0.5507,0.5535,"4,455","1,001",0.1835,"496,249","180,195","66,197","60,059",0.2500,0.4757,1.4272
67,0.5535,0.5564,"4,482","1,000",0.1824,"500,731","175,713","67,197","59,059",0.2516,0.4678,1.3917
68,0.5564,0.5590,"4,569","1,000",0.1796,"505,300","171,144","68,197","58,059",0.2533,0.4599,1.3555
69,0.5590,0.5616,"4,341","1,001",0.1874,"509,641","166,803","69,198","57,058",0.2549,0.4519,1.3211
70,0.5616,0.5645,"4,272","1,001",0.1898,"513,913","162,531","70,199","56,057",0.2565,0.4440,1.2873
71,0.5645,0.5673,"4,044","1,001",0.1984,"517,957","158,487","71,200","55,056",0.2578,0.4361,1.2553
72,0.5673,0.5697,"4,092","1,000",0.1964,"522,049","154,395","72,200","54,056",0.2593,0.4281,1.2229
73,0.5697,0.5725,"4,372","1,000",0.1862,"526,421","150,023","73,200","53,056",0.2613,0.4202,1.1882
74,0.5725,0.5754,"4,097","1,000",0.1962,"530,518","145,926","74,200","52,056",0.2629,0.4123,1.1558
75,0.5754,0.5783,"4,161","1,000",0.1938,"534,679","141,765","75,200","51,056",0.2648,0.4044,1.1228
76,0.5783,0.5813,"3,995","1,001",0.2004,"538,674","137,770","76,201","50,055",0.2665,0.3965,1.0912
77,0.5813,0.5843,"3,963","1,000",0.2015,"542,637","133,807","77,201","49,055",0.2683,0.3885,1.0598
78,0.5843,0.5872,"3,721","1,000",0.2118,"546,358","130,086","78,201","48,055",0.2698,0.3806,1.0303
79,0.5872,0.5902,"3,610","1,000",0.2169,"549,968","126,476","79,201","47,055",0.2712,0.3727,1.0017
80,0.5902,0.5931,"3,918","1,004",0.2040,"553,886","122,558","80,205","46,051",0.2731,0.3647,0.9707
81,0.5931,0.5961,"3,719","1,000",0.2119,"557,605","118,839","81,205","45,051",0.2749,0.3568,0.9413
82,0.5961,0.5990,"3,744","1,000",0.2108,"561,349","115,095","82,205","44,051",0.2768,0.3489,0.9116
83,0.5990,0.6023,"3,531","1,006",0.2217,"564,880","111,564","83,211","43,045",0.2784,0.3409,0.8836
84,0.6023,0.6056,"3,483","1,000",0.2231,"568,363","108,081","84,211","42,045",0.2801,0.3330,0.8560
85,0.6056,0.6088,"3,511","1,000",0.2217,"571,874","104,570","85,211","41,045",0.2819,0.3251,0.8282
86,0.6088,0.6119,"3,455","1,004",0.2252,"575,329","101,115","86,215","40,041",0.2837,0.3171,0.8009
87,0.6119,0.6151,"3,420","1,000",0.2262,"578,749","97,695","87,215","39,041",0.2855,0.3092,0.7738
88,0.6151,0.6186,"3,550","1,001",0.2200,"582,299","94,145","88,216","38,040",0.2878,0.3013,0.7457
89,0.6186,0.6220,"3,198","1,000",0.2382,"585,497","90,947","89,216","37,040",0.2894,0.2934,0.7203
90,0.6220,0.6257,"3,419","1,002",0.2266,"588,916","87,528","90,218","36,038",0.2916,0.2854,0.6933
91,0.6258,0.6293,"3,162","1,005",0.2412,"592,078","84,366","91,223","35,033",0.2934,0.2775,0.6682
92,0.6293,0.6332,"3,347","1,000",0.2300,"595,425","81,019","92,223","34,033",0.2958,0.2696,0.6417
93,0.6332,0.6366,"3,129","1,000",0.2422,"598,554","77,890","93,223","33,033",0.2978,0.2616,0.6169
94,0.6366,0.6402,"3,139","1,000",0.2416,"601,693","74,751","94,223","32,033",0.3000,0.2537,0.5921
95,0.6402,0.6436,"2,984","1,000",0.2510,"604,677","71,767","95,223","31,033",0.3019,0.2458,0.5684
96,0.6436,0.6468,"2,950","1,003",0.2537,"607,627","68,817","96,226","30,030",0.3038,0.2379,0.5451
97,0.6468,0.6503,"2,898","1,000",0.2565,"610,525","65,919","97,226","29,030",0.3057,0.2299,0.5221
98,0.6503,0.6536,"2,889","1,004",0.2579,"613,414","63,030","98,230","28,026",0.3078,0.2220,0.4992
99,0.6536,0.6572,"2,800","1,000",0.2632,"616,214","60,230","99,230","27,026",0.3097,0.2141,0.4770
100,0.6572,0.6608,"2,836","1,001",0.2609,"619,050","57,394","100,231","26,025",0.3120,0.2061,0.4546
101,0.6608,0.6643,"2,707","1,003",0.2704,"621,757","54,687","101,234","25,022",0.3139,0.1982,0.4331
102,0.6643,0.6679,"2,649","1,002",0.2744,"624,406","52,038","102,236","24,020",0.3158,0.1902,0.4122
103,0.6679,0.6714,"2,546","1,003",0.2826,"626,952","49,492","103,239","23,017",0.3174,0.1823,0.3920
104,0.6714,0.6749,"2,521","1,001",0.2842,"629,473","46,971","104,240","22,016",0.3191,0.1744,0.3720
105,0.6749,0.6785,"2,447","1,000",0.2901,"631,920","44,524","105,240","21,016",0.3207,0.1665,0.3526
106,0.6785,0.6826,"2,697","1,001",0.2707,"634,617","41,827","106,241","20,015",0.3236,0.1585,0.3313
107,0.6826,0.6864,"2,397","1,001",0.2946,"637,014","39,430","107,242","19,014",0.3253,0.1506,0.3123
108,0.6864,0.6904,"2,623","1,000",0.2760,"639,637","36,807","108,242","18,014",0.3286,0.1427,0.2915
109,0.6904,0.6946,"2,473","1,003",0.2886,"642,110","34,334","109,245","17,011",0.3313,0.1347,0.2719
110,0.6946,0.6986,"2,502","1,000",0.2856,"644,612","31,832","110,245","16,011",0.3347,0.1268,0.2521
111,0.6986,0.7029,"2,463","1,001",0.2890,"647,075","29,369","111,246","15,010",0.3382,0.1189,0.2326
112,0.7029,0.7069,"2,316","1,001",0.3018,"649,391","27,053","112,247","14,009",0.3412,0.1110,0.2143
113,0.7069,0.7114,"2,270","1,000",0.3058,"651,661","24,783","113,247","13,009",0.3442,0.1030,0.1963
114,0.7115,0.7158,"2,386","1,001",0.2955,"654,047","22,397","114,248","12,008",0.3490,0.0951,0.1774
115,0.7158,0.7209,"2,392","1,000",0.2948,"656,439","20,005","115,248","11,008",0.3549,0.0872,0.1584
116,0.7209,0.7261,"2,017","1,002",0.3319,"658,456","17,988","116,250","10,006",0.3574,0.0793,0.1425
117,0.7261,0.7314,"2,110","1,000",0.3215,"660,566","15,878","117,250","9,006",0.3619,0.0713,0.1258
118,0.7314,0.7380,"2,169","1,003",0.3162,"662,735","13,709","118,253","8,003",0.3686,0.0634,0.1086
119,0.7380,0.7439,"2,023","1,002",0.3312,"664,758","11,686","119,255","7,001",0.3746,0.0555,0.0926
120,0.7439,0.7506,"1,896","1,000",0.3453,"666,654","9,790","120,255","6,001",0.3800,0.0475,0.0775
121,0.7506,0.7585,"1,996","1,001",0.3340,"668,650","7,794","121,256","5,000",0.3908,0.0396,0.0617
122,0.7585,0.7674,"1,789","1,000",0.3586,"670,439","6,005","122,256","4,000",0.3998,0.0317,0.0476
123,0.7674,0.7780,"1,683","1,000",0.3727,"672,122","4,322","123,256","3,000",0.4097,0.0238,0.0342
124,0.7781,0.7918,"1,555","1,000",0.3914,"673,677","2,767","124,256","2,000",0.4196,0.0158,0.0219
125,0.7918,0.8111,"1,403","1,000",0.4161,"675,080","1,364","125,256","1,000",0.4230,0.0079,0.0108
126,0.8112,0.9102,"1,364","1,000",0.4230,"676,444",0,"126,256",0,nan,0.0000,0.0000
