,min,max,Neg,Pos,$\frac{\text{Pos}}{\text{Neg}+\text{Pos}}$,TN,FP,FN,TP,Prec,Rec,FP/P
0,0.00000,0.05385,"16,782",877,0.0497,"16,782","659,662",877,"125,379",0.1597,0.9931,5.2248
1,0.05386,0.12724,"15,786","1,000",0.0596,"32,568","643,876","1,877","124,379",0.1619,0.9851,5.0998
2,0.12725,0.19456,"13,280","1,000",0.0700,"45,848","630,596","2,877","123,379",0.1636,0.9772,4.9946
3,0.19456,0.25382,"11,170","1,000",0.0822,"57,018","619,426","3,877","122,379",0.1650,0.9693,4.9061
4,0.25382,0.31127,"10,560","1,000",0.0865,"67,578","608,866","4,877","121,379",0.1662,0.9614,4.8225
5,0.31129,0.36261,"9,133","1,000",0.0987,"76,711","599,733","5,877","120,379",0.1672,0.9535,4.7501
6,0.36262,0.41287,"8,602","1,000",0.1041,"85,313","591,131","6,877","119,379",0.1680,0.9455,4.6820
7,0.41288,0.45451,"8,114","1,000",0.1097,"93,427","583,017","7,877","118,379",0.1688,0.9376,4.6177
8,0.45452,0.49158,"8,217","1,000",0.1085,"101,644","574,800","8,877","117,379",0.1696,0.9297,4.5527
9,0.49158,0.52268,"8,072","1,001",0.1103,"109,716","566,728","9,878","116,378",0.1704,0.9218,4.4887
10,0.52268,0.55017,"7,899","1,000",0.1124,"117,615","558,829","10,878","115,378",0.1711,0.9138,4.4262
11,0.55017,0.57377,"7,487","1,000",0.1178,"125,102","551,342","11,878","114,378",0.1718,0.9059,4.3669
12,0.57378,0.59628,"7,513","1,000",0.1175,"132,615","543,829","12,878","113,378",0.1725,0.8980,4.3074
13,0.59629,0.61646,"6,919","1,000",0.1263,"139,534","536,910","13,878","112,378",0.1731,0.8901,4.2526
14,0.61646,0.63732,"7,013","1,000",0.1248,"146,547","529,897","14,878","111,378",0.1737,0.8822,4.1970
15,0.63733,0.65744,"6,666","1,000",0.1304,"153,213","523,231","15,878","110,378",0.1742,0.8742,4.1442
16,0.65744,0.67502,"6,125","1,002",0.1406,"159,338","517,106","16,880","109,376",0.1746,0.8663,4.0957
17,0.67502,0.69223,"6,437","1,000",0.1345,"165,775","510,669","17,880","108,376",0.1751,0.8584,4.0447
18,0.69224,0.70726,"6,136","1,000",0.1401,"171,911","504,533","18,880","107,376",0.1755,0.8505,3.9961
19,0.70726,0.72259,"5,683","1,000",0.1496,"177,594","498,850","19,880","106,376",0.1758,0.8425,3.9511
20,0.72259,0.73583,"6,191","1,000",0.1391,"183,785","492,659","20,880","105,376",0.1762,0.8346,3.9021
21,0.73583,0.74972,"6,279","1,000",0.1374,"190,064","486,380","21,880","104,376",0.1767,0.8267,3.8523
22,0.74973,0.76147,"6,328","1,001",0.1366,"196,392","480,052","22,881","103,375",0.1772,0.8188,3.8022
23,0.76148,0.77398,"6,604","1,000",0.1315,"202,996","473,448","23,881","102,375",0.1778,0.8109,3.7499
24,0.77400,0.78419,"6,144","1,001",0.1401,"209,140","467,304","24,882","101,374",0.1783,0.8029,3.7012
25,0.78420,0.79400,"6,096","1,000",0.1409,"215,236","461,208","25,882","100,374",0.1787,0.7950,3.6530
26,0.79401,0.80361,"7,009","1,000",0.1249,"222,245","454,199","26,882","99,374",0.1795,0.7871,3.5974
27,0.80362,0.81228,"6,678","1,000",0.1302,"228,923","447,521","27,882","98,374",0.1802,0.7792,3.5446
28,0.81228,0.82018,"6,460","1,000",0.1340,"235,383","441,061","28,882","97,374",0.1808,0.7712,3.4934
29,0.82019,0.82784,"6,359","1,000",0.1359,"241,742","434,702","29,882","96,374",0.1815,0.7633,3.4430
30,0.82784,0.83470,"6,544","1,000",0.1326,"248,286","428,158","30,882","95,374",0.1822,0.7554,3.3912
31,0.83470,0.84106,"5,983","1,001",0.1433,"254,269","422,175","31,883","94,373",0.1827,0.7475,3.3438
32,0.84106,0.84749,"7,296","1,000",0.1205,"261,565","414,879","32,883","93,373",0.1837,0.7396,3.2860
33,0.84750,0.85329,"6,959","1,000",0.1256,"268,524","407,920","33,883","92,373",0.1846,0.7316,3.2309
34,0.85329,0.85880,"6,858","1,000",0.1273,"275,382","401,062","34,883","91,373",0.1856,0.7237,3.1766
35,0.85880,0.86357,"6,303","1,001",0.1370,"281,685","394,759","35,884","90,372",0.1863,0.7158,3.1267
36,0.86358,0.86854,"7,174","1,002",0.1226,"288,859","387,585","36,886","89,370",0.1874,0.7078,3.0698
37,0.86855,0.87379,"7,589","1,001",0.1165,"296,448","379,996","37,887","88,369",0.1887,0.6999,3.0097
38,0.87379,0.87792,"7,249","1,000",0.1212,"303,697","372,747","38,887","87,369",0.1899,0.6920,2.9523
39,0.87792,0.88195,"7,153","1,001",0.1228,"310,850","365,594","39,888","86,368",0.1911,0.6841,2.8957
40,0.88196,0.88584,"6,234","1,000",0.1382,"317,084","359,360","40,888","85,368",0.1920,0.6762,2.8463
41,0.88584,0.88976,"6,704","1,000",0.1298,"323,788","352,656","41,888","84,368",0.1931,0.6682,2.7932
42,0.88976,0.89342,"6,669","1,000",0.1304,"330,457","345,987","42,888","83,368",0.1942,0.6603,2.7404
43,0.89342,0.89656,"6,341","1,000",0.1362,"336,798","339,646","43,888","82,368",0.1952,0.6524,2.6901
44,0.89656,0.89968,"6,592","1,000",0.1317,"343,390","333,054","44,888","81,368",0.1963,0.6445,2.6379
45,0.89968,0.90262,"6,318","1,004",0.1371,"349,708","326,736","45,892","80,364",0.1974,0.6365,2.5879
46,0.90263,0.90525,"5,951","1,000",0.1439,"355,659","320,785","46,892","79,364",0.1983,0.6286,2.5408
47,0.90525,0.90790,"6,368","1,000",0.1357,"362,027","314,417","47,892","78,364",0.1995,0.6207,2.4903
48,0.90790,0.91034,"6,271","1,001",0.1377,"368,298","308,146","48,893","77,363",0.2007,0.6127,2.4406
49,0.91034,0.91266,"5,770","1,000",0.1477,"374,068","302,376","49,893","76,363",0.2016,0.6048,2.3949
50,0.91267,0.91488,"6,164","1,006",0.1403,"380,232","296,212","50,899","75,357",0.2028,0.5969,2.3461
51,0.91488,0.91676,"5,975","1,005",0.1440,"386,207","290,237","51,904","74,352",0.2039,0.5889,2.2988
52,0.91676,0.91849,"5,741","1,001",0.1485,"391,948","284,496","52,905","73,351",0.2050,0.5810,2.2533
53,0.91850,0.92046,"6,203","1,002",0.1391,"398,151","278,293","53,907","72,349",0.2063,0.5730,2.2042
54,0.92046,0.92242,"5,740","1,000",0.1484,"403,891","272,553","54,907","71,349",0.2075,0.5651,2.1587
55,0.92242,0.92420,"5,657","1,002",0.1505,"409,548","266,896","55,909","70,347",0.2086,0.5572,2.1139
56,0.92420,0.92589,"5,992","1,010",0.1442,"415,540","260,904","56,919","69,337",0.2100,0.5492,2.0665
57,0.92589,0.92727,"5,667","1,003",0.1504,"421,207","255,237","57,922","68,334",0.2112,0.5412,2.0216
58,0.92727,0.92895,"5,841","1,003",0.1466,"427,048","249,396","58,925","67,331",0.2126,0.5333,1.9753
59,0.92895,0.93047,"5,269","1,003",0.1599,"432,317","244,127","59,928","66,328",0.2136,0.5253,1.9336
60,0.93047,0.93180,"5,758","1,000",0.1480,"438,075","238,369","60,928","65,328",0.2151,0.5174,1.8880
61,0.93181,0.93317,"5,329","1,000",0.1580,"443,404","233,040","61,928","64,328",0.2163,0.5095,1.8458
62,0.93318,0.93443,"5,608","1,019",0.1538,"449,012","227,432","62,947","63,309",0.2178,0.5014,1.8014
63,0.93443,0.93563,"5,408","1,001",0.1562,"454,420","222,024","63,948","62,308",0.2191,0.4935,1.7585
64,0.93563,0.93680,"5,310","1,000",0.1585,"459,730","216,714","64,948","61,308",0.2205,0.4856,1.7165
65,0.93680,0.93796,"5,580","1,004",0.1525,"465,310","211,134","65,952","60,304",0.2222,0.4776,1.6723
66,0.93796,0.93927,"5,447","1,002",0.1554,"470,757","205,687","66,954","59,302",0.2238,0.4697,1.6291
67,0.93928,0.94037,"5,113","1,001",0.1637,"475,870","200,574","67,955","58,301",0.2252,0.4618,1.5886
68,0.94037,0.94147,"5,353","1,001",0.1575,"481,223","195,221","68,956","57,300",0.2269,0.4538,1.5462
69,0.94148,0.94264,"5,180","1,001",0.1619,"486,403","190,041","69,957","56,299",0.2285,0.4459,1.5052
70,0.94264,0.94372,"4,694","1,000",0.1756,"491,097","185,347","70,957","55,299",0.2298,0.4380,1.4680
71,0.94372,0.94463,"5,360","1,000",0.1572,"496,457","179,987","71,957","54,299",0.2318,0.4301,1.4256
72,0.94464,0.94564,"4,695","1,001",0.1757,"501,152","175,292","72,958","53,298",0.2332,0.4221,1.3884
73,0.94564,0.94671,"4,639","1,008",0.1785,"505,791","170,653","73,966","52,290",0.2345,0.4142,1.3516
74,0.94672,0.94772,"4,686","1,004",0.1764,"510,477","165,967","74,970","51,286",0.2361,0.4062,1.3145
75,0.94772,0.94868,"4,610","1,001",0.1784,"515,087","161,357","75,971","50,285",0.2376,0.3983,1.2780
76,0.94869,0.94953,"4,746","1,000",0.1740,"519,833","156,611","76,971","49,285",0.2394,0.3904,1.2404
77,0.94954,0.95032,"4,239","1,000",0.1909,"524,072","152,372","77,971","48,285",0.2406,0.3824,1.2068
78,0.95032,0.95130,"4,767","1,007",0.1744,"528,839","147,605","78,978","47,278",0.2426,0.3745,1.1691
79,0.95130,0.95212,"4,589","1,004",0.1795,"533,428","143,016","79,982","46,274",0.2445,0.3665,1.1327
80,0.95212,0.95292,"4,207","1,003",0.1925,"537,635","138,809","80,985","45,271",0.2459,0.3586,1.0994
81,0.95292,0.95371,"4,241","1,000",0.1908,"541,876","134,568","81,985","44,271",0.2475,0.3506,1.0658
82,0.95371,0.95456,"4,309","1,004",0.1890,"546,185","130,259","82,989","43,267",0.2493,0.3427,1.0317
83,0.95456,0.95529,"3,997","1,010",0.2017,"550,182","126,262","83,999","42,257",0.2508,0.3347,1.0000
84,0.95529,0.95609,"4,063","1,002",0.1978,"554,245","122,199","85,001","41,255",0.2524,0.3268,0.9679
85,0.95609,0.95688,"4,380","1,000",0.1859,"558,625","117,819","86,001","40,255",0.2547,0.3188,0.9332
86,0.95688,0.95767,"4,104","1,001",0.1961,"562,729","113,715","87,002","39,254",0.2566,0.3109,0.9007
87,0.95767,0.95842,"3,724","1,001",0.2119,"566,453","109,991","88,003","38,253",0.2580,0.3030,0.8712
88,0.95842,0.95913,"4,265","1,000",0.1899,"570,718","105,726","89,003","37,253",0.2605,0.2951,0.8374
89,0.95913,0.95988,"4,028","1,000",0.1989,"574,746","101,698","90,003","36,253",0.2628,0.2871,0.8055
90,0.95988,0.96073,"3,962","1,000",0.2015,"578,708","97,736","91,003","35,253",0.2651,0.2792,0.7741
91,0.96073,0.96147,"4,230","1,001",0.1914,"582,938","93,506","92,004","34,252",0.2681,0.2713,0.7406
92,0.96147,0.96234,"4,108","1,009",0.1972,"587,046","89,398","93,013","33,243",0.2711,0.2633,0.7081
93,0.96234,0.96307,"4,096","1,000",0.1962,"591,142","85,302","94,013","32,243",0.2743,0.2554,0.6756
94,0.96307,0.96381,"3,838","1,000",0.2067,"594,980","81,464","95,013","31,243",0.2772,0.2475,0.6452
95,0.96381,0.96452,"3,644","1,000",0.2153,"598,624","77,820","96,013","30,243",0.2799,0.2395,0.6164
96,0.96452,0.96528,"3,694","1,001",0.2132,"602,318","74,126","97,014","29,242",0.2829,0.2316,0.5871
97,0.96528,0.96606,"3,548","1,001",0.2200,"605,866","70,578","98,015","28,241",0.2858,0.2237,0.5590
98,0.96607,0.96680,"3,495","1,008",0.2239,"609,361","67,083","99,023","27,233",0.2887,0.2157,0.5313
99,0.96680,0.96761,"3,725","1,000",0.2116,"613,086","63,358","100,023","26,233",0.2928,0.2078,0.5018
100,0.96761,0.96847,"3,361","1,000",0.2293,"616,447","59,997","101,023","25,233",0.2961,0.1999,0.4752
101,0.96847,0.96925,"3,273","1,000",0.2340,"619,720","56,724","102,023","24,233",0.2993,0.1919,0.4493
102,0.96925,0.97001,"3,160","1,004",0.2411,"622,880","53,564","103,027","23,229",0.3025,0.1840,0.4242
103,0.97002,0.97081,"3,189","1,001",0.2389,"626,069","50,375","104,028","22,228",0.3062,0.1761,0.3990
104,0.97081,0.97171,"3,290","1,003",0.2336,"629,359","47,085","105,031","21,225",0.3107,0.1681,0.3729
105,0.97171,0.97261,"3,325","1,002",0.2316,"632,684","43,760","106,033","20,223",0.3161,0.1602,0.3466
106,0.97261,0.97341,"2,953","1,000",0.2530,"635,637","40,807","107,033","19,223",0.3202,0.1523,0.3232
107,0.97342,0.97431,"2,901","1,003",0.2569,"638,538","37,906","108,036","18,220",0.3246,0.1443,0.3002
108,0.97431,0.97519,"2,833","1,003",0.2615,"641,371","35,073","109,039","17,217",0.3293,0.1364,0.2778
109,0.97519,0.97610,"2,844","1,000",0.2601,"644,215","32,229","110,039","16,217",0.3347,0.1284,0.2553
110,0.97610,0.97709,"2,710","1,000",0.2695,"646,925","29,519","111,039","15,217",0.3402,0.1205,0.2338
111,0.97709,0.97809,"2,532","1,000",0.2831,"649,457","26,987","112,039","14,217",0.3450,0.1126,0.2137
112,0.97809,0.97904,"2,508","1,001",0.2853,"651,965","24,479","113,040","13,216",0.3506,0.1047,0.1939
113,0.97904,0.97986,"2,369","1,000",0.2968,"654,334","22,110","114,040","12,216",0.3559,0.0968,0.1751
114,0.97986,0.98081,"2,312","1,000",0.3019,"656,646","19,798","115,040","11,216",0.3616,0.0888,0.1568
115,0.98081,0.98184,"2,258","1,002",0.3074,"658,904","17,540","116,042","10,214",0.3680,0.0809,0.1389
116,0.98184,0.98285,"2,355","1,003",0.2987,"661,259","15,185","117,045","9,211",0.3776,0.0730,0.1203
117,0.98285,0.98396,"2,195","1,000",0.3130,"663,454","12,990","118,045","8,211",0.3873,0.0650,0.1029
118,0.98396,0.98520,"2,146","1,001",0.3181,"665,600","10,844","119,046","7,210",0.3994,0.0571,0.0859
119,0.98520,0.98635,"1,859","1,001",0.3500,"667,459","8,985","120,047","6,209",0.4086,0.0492,0.0712
120,0.98635,0.98765,"1,921","1,000",0.3423,"669,380","7,064","121,047","5,209",0.4244,0.0413,0.0559
121,0.98765,0.98916,"1,790","1,000",0.3584,"671,170","5,274","122,047","4,209",0.4438,0.0333,0.0418
122,0.98917,0.99079,"1,603","1,000",0.3842,"672,773","3,671","123,047","3,209",0.4664,0.0254,0.0291
123,0.99079,0.99290,"1,450","1,000",0.4082,"674,223","2,221","124,047","2,209",0.4986,0.0175,0.0176
124,0.99290,0.99568,"1,221","1,002",0.4507,"675,444","1,000","125,049","1,207",0.5469,0.0096,0.0079
125,0.99569,1.00000,"1,000","1,207",0.5469,"676,444",0,"126,256",0,nan,0.0000,0.0000
