,min,max,Neg,Pos,$\frac{\text{Pos}}{\text{Neg}+\text{Pos}}$,TN,FP,FN,TP,Prec,Rec,FP/P
0,0.0080,0.0668,"3,796",58,0.0150,"3,796","672,648",58,"126,198",0.1580,0.9995,5.3277
1,0.0668,0.1499,"31,297","1,000",0.0310,"35,093","641,351","1,058","125,198",0.1633,0.9916,5.0798
2,0.1499,0.1849,"24,033","1,000",0.0399,"59,126","617,318","2,058","124,198",0.1675,0.9837,4.8894
3,0.1849,0.2073,"18,795","1,000",0.0505,"77,921","598,523","3,058","123,198",0.1707,0.9758,4.7406
4,0.2073,0.2249,"16,868","1,000",0.0560,"94,789","581,655","4,058","122,198",0.1736,0.9679,4.6069
5,0.2249,0.2404,"15,728","1,000",0.0598,"110,517","565,927","5,058","121,198",0.1764,0.9599,4.4824
6,0.2404,0.2539,"14,765","1,000",0.0634,"125,282","551,162","6,058","120,198",0.1790,0.9520,4.3654
7,0.2539,0.2665,"14,493","1,000",0.0645,"139,775","536,669","7,058","119,198",0.1817,0.9441,4.2506
8,0.2665,0.2773,"12,967","1,000",0.0716,"152,742","523,702","8,058","118,198",0.1841,0.9362,4.1479
9,0.2773,0.2874,"12,797","1,000",0.0725,"165,539","510,905","9,058","117,198",0.1866,0.9283,4.0466
10,0.2874,0.2965,"11,541","1,000",0.0797,"177,080","499,364","10,058","116,198",0.1888,0.9203,3.9552
11,0.2965,0.3057,"11,885","1,000",0.0776,"188,965","487,479","11,058","115,198",0.1911,0.9124,3.8610
12,0.3057,0.3146,"11,875","1,000",0.0777,"200,840","475,604","12,058","114,198",0.1936,0.9045,3.7670
13,0.3146,0.3221,"10,127","1,000",0.0899,"210,967","465,477","13,058","113,198",0.1956,0.8966,3.6868
14,0.3221,0.3292,"9,655","1,000",0.0939,"220,622","455,822","14,058","112,198",0.1975,0.8887,3.6103
15,0.3292,0.3367,"10,232","1,000",0.0890,"230,854","445,590","15,058","111,198",0.1997,0.8807,3.5293
16,0.3367,0.3437,"9,861","1,000",0.0921,"240,715","435,729","16,058","110,198",0.2019,0.8728,3.4512
17,0.3437,0.3505,"9,543","1,000",0.0948,"250,258","426,186","17,058","109,198",0.2040,0.8649,3.3756
18,0.3505,0.3570,"9,096","1,000",0.0990,"259,354","417,090","18,058","108,198",0.2060,0.8570,3.3035
19,0.3570,0.3639,"10,002","1,000",0.0909,"269,356","407,088","19,058","107,198",0.2084,0.8491,3.2243
20,0.3639,0.3700,"8,858","1,000",0.1014,"278,214","398,230","20,058","106,198",0.2105,0.8411,3.1541
21,0.3700,0.3763,"8,909","1,000",0.1009,"287,123","389,321","21,058","105,198",0.2127,0.8332,3.0836
22,0.3763,0.3821,"8,288","1,000",0.1077,"295,411","381,033","22,058","104,198",0.2147,0.8253,3.0179
23,0.3821,0.3874,"7,563","1,000",0.1168,"302,974","373,470","23,058","103,198",0.2165,0.8174,2.9580
24,0.3874,0.3932,"8,121","1,000",0.1096,"311,095","365,349","24,058","102,198",0.2186,0.8095,2.8937
25,0.3932,0.3988,"8,006","1,000",0.1110,"319,101","357,343","25,058","101,198",0.2207,0.8015,2.8303
26,0.3988,0.4041,"7,645","1,000",0.1157,"326,746","349,698","26,058","100,198",0.2227,0.7936,2.7698
27,0.4041,0.4095,"7,645","1,000",0.1157,"334,391","342,053","27,058","99,198",0.2248,0.7857,2.7092
28,0.4095,0.4147,"7,255","1,000",0.1211,"341,646","334,798","28,058","98,198",0.2268,0.7778,2.6517
29,0.4147,0.4198,"7,086","1,000",0.1237,"348,732","327,712","29,058","97,198",0.2287,0.7698,2.5956
30,0.4198,0.4249,"7,100","1,000",0.1235,"355,832","320,612","30,058","96,198",0.2308,0.7619,2.5394
31,0.4249,0.4299,"6,942","1,000",0.1259,"362,774","313,670","31,058","95,198",0.2328,0.7540,2.4844
32,0.4299,0.4350,"7,023","1,000",0.1246,"369,797","306,647","32,058","94,198",0.2350,0.7461,2.4288
33,0.4350,0.4400,"6,841","1,001",0.1276,"376,638","299,806","33,059","93,197",0.2371,0.7382,2.3746
34,0.4400,0.4447,"6,449","1,000",0.1342,"383,087","293,357","34,059","92,197",0.2391,0.7302,2.3235
35,0.4447,0.4492,"6,171","1,000",0.1395,"389,258","287,186","35,059","91,197",0.2410,0.7223,2.2746
36,0.4492,0.4538,"6,206","1,000",0.1388,"395,464","280,980","36,059","90,197",0.2430,0.7144,2.2255
37,0.4538,0.4583,"6,062","1,000",0.1416,"401,526","274,918","37,059","89,197",0.2450,0.7065,2.1775
38,0.4583,0.4629,"6,078","1,000",0.1413,"407,604","268,840","38,059","88,197",0.2470,0.6986,2.1293
39,0.4629,0.4677,"6,171","1,000",0.1395,"413,775","262,669","39,059","87,197",0.2492,0.6906,2.0804
40,0.4677,0.4723,"6,047","1,000",0.1419,"419,822","256,622","40,059","86,197",0.2514,0.6827,2.0326
41,0.4723,0.4770,"5,968","1,000",0.1435,"425,790","250,654","41,059","85,197",0.2537,0.6748,1.9853
42,0.4770,0.4814,"5,533","1,000",0.1531,"431,323","245,121","42,059","84,197",0.2557,0.6669,1.9415
43,0.4814,0.4859,"5,587","1,000",0.1518,"436,910","239,534","43,059","83,197",0.2578,0.6590,1.8972
44,0.4859,0.4904,"5,586","1,000",0.1518,"442,496","233,948","44,059","82,197",0.2600,0.6510,1.8530
45,0.4904,0.4947,"5,558","1,000",0.1525,"448,054","228,390","45,059","81,197",0.2623,0.6431,1.8089
46,0.4947,0.4991,"5,390","1,000",0.1565,"453,444","223,000","46,059","80,197",0.2645,0.6352,1.7663
47,0.4991,0.5034,"5,005","1,000",0.1665,"458,449","217,995","47,059","79,197",0.2665,0.6273,1.7266
48,0.5034,0.5079,"5,377","1,000",0.1568,"463,826","212,618","48,059","78,197",0.2689,0.6194,1.6840
49,0.5079,0.5121,"5,027","1,000",0.1659,"468,853","207,591","49,059","77,197",0.2711,0.6114,1.6442
50,0.5121,0.5163,"5,238","1,000",0.1603,"474,091","202,353","50,059","76,197",0.2735,0.6035,1.6027
51,0.5163,0.5205,"4,867","1,000",0.1704,"478,958","197,486","51,059","75,197",0.2758,0.5956,1.5642
52,0.5205,0.5249,"4,967","1,000",0.1676,"483,925","192,519","52,059","74,197",0.2782,0.5877,1.5248
53,0.5249,0.5290,"4,817","1,000",0.1719,"488,742","187,702","53,059","73,197",0.2806,0.5798,1.4867
54,0.5290,0.5331,"4,649","1,000",0.1770,"493,391","183,053","54,059","72,197",0.2828,0.5718,1.4499
55,0.5331,0.5371,"4,436","1,000",0.1840,"497,827","178,617","55,059","71,197",0.2850,0.5639,1.4147
56,0.5371,0.5414,"4,712","1,000",0.1751,"502,539","173,905","56,059","70,197",0.2876,0.5560,1.3774
57,0.5414,0.5458,"4,618","1,001",0.1781,"507,157","169,287","57,060","69,196",0.2902,0.5481,1.3408
58,0.5458,0.5500,"4,376","1,000",0.1860,"511,533","164,911","58,060","68,196",0.2926,0.5401,1.3062
59,0.5500,0.5545,"4,649","1,000",0.1770,"516,182","160,262","59,060","67,196",0.2954,0.5322,1.2693
60,0.5545,0.5585,"4,126","1,000",0.1951,"520,308","156,136","60,060","66,196",0.2977,0.5243,1.2367
61,0.5585,0.5626,"4,026","1,000",0.1990,"524,334","152,110","61,060","65,196",0.3000,0.5164,1.2048
62,0.5627,0.5670,"4,137","1,000",0.1947,"528,471","147,973","62,060","64,196",0.3026,0.5085,1.1720
63,0.5670,0.5712,"4,075","1,000",0.1970,"532,546","143,898","63,060","63,196",0.3052,0.5005,1.1397
64,0.5712,0.5755,"4,085","1,000",0.1967,"536,631","139,813","64,060","62,196",0.3079,0.4926,1.1074
65,0.5755,0.5798,"4,031","1,000",0.1988,"540,662","135,782","65,060","61,196",0.3107,0.4847,1.0754
66,0.5798,0.5841,"3,890","1,000",0.2045,"544,552","131,892","66,060","60,196",0.3134,0.4768,1.0446
67,0.5841,0.5882,"3,593","1,000",0.2177,"548,145","128,299","67,060","59,196",0.3157,0.4689,1.0162
68,0.5882,0.5925,"3,870","1,000",0.2053,"552,015","124,429","68,060","58,196",0.3187,0.4609,0.9855
69,0.5925,0.5968,"3,810","1,000",0.2079,"555,825","120,619","69,060","57,196",0.3217,0.4530,0.9554
70,0.5968,0.6011,"3,606","1,000",0.2171,"559,431","117,013","70,060","56,196",0.3244,0.4451,0.9268
71,0.6011,0.6053,"3,678","1,000",0.2138,"563,109","113,335","71,060","55,196",0.3275,0.4372,0.8977
72,0.6053,0.6096,"3,560","1,000",0.2193,"566,669","109,775","72,060","54,196",0.3305,0.4293,0.8695
73,0.6096,0.6141,"3,625","1,000",0.2162,"570,294","106,150","73,060","53,196",0.3338,0.4213,0.8408
74,0.6141,0.6183,"3,250","1,000",0.2353,"573,544","102,900","74,060","52,196",0.3365,0.4134,0.8150
75,0.6183,0.6226,"3,273","1,000",0.2340,"576,817","99,627","75,060","51,196",0.3394,0.4055,0.7891
76,0.6226,0.6273,"3,613","1,000",0.2168,"580,430","96,014","76,060","50,196",0.3433,0.3976,0.7605
77,0.6273,0.6316,"3,073","1,000",0.2455,"583,503","92,941","77,060","49,196",0.3461,0.3897,0.7361
78,0.6316,0.6361,"3,341","1,000",0.2304,"586,844","89,600","78,060","48,196",0.3498,0.3817,0.7097
79,0.6361,0.6403,"2,876","1,000",0.2580,"589,720","86,724","79,060","47,196",0.3524,0.3738,0.6869
80,0.6403,0.6449,"3,029","1,000",0.2482,"592,749","83,695","80,060","46,196",0.3557,0.3659,0.6629
81,0.6449,0.6494,"3,020","1,000",0.2488,"595,769","80,675","81,060","45,196",0.3591,0.3580,0.6390
82,0.6494,0.6538,"2,850","1,000",0.2597,"598,619","77,825","82,060","44,196",0.3622,0.3501,0.6164
83,0.6538,0.6581,"2,826","1,000",0.2614,"601,445","74,999","83,060","43,196",0.3655,0.3421,0.5940
84,0.6581,0.6630,"2,896","1,000",0.2567,"604,341","72,103","84,060","42,196",0.3692,0.3342,0.5711
85,0.6630,0.6675,"2,716","1,000",0.2691,"607,057","69,387","85,060","41,196",0.3725,0.3263,0.5496
86,0.6675,0.6719,"2,626","1,000",0.2758,"609,683","66,761","86,060","40,196",0.3758,0.3184,0.5288
87,0.6719,0.6768,"2,825","1,000",0.2614,"612,508","63,936","87,060","39,196",0.3801,0.3104,0.5064
88,0.6768,0.6819,"2,789","1,000",0.2639,"615,297","61,147","88,060","38,196",0.3845,0.3025,0.4843
89,0.6819,0.6865,"2,441","1,000",0.2906,"617,738","58,706","89,060","37,196",0.3879,0.2946,0.4650
90,0.6865,0.6915,"2,520","1,000",0.2841,"620,258","56,186","90,060","36,196",0.3918,0.2867,0.4450
91,0.6915,0.6966,"2,495","1,000",0.2861,"622,753","53,691","91,060","35,196",0.3960,0.2788,0.4253
92,0.6966,0.7015,"2,370","1,000",0.2967,"625,123","51,321","92,060","34,196",0.3999,0.2708,0.4065
93,0.7015,0.7066,"2,424","1,000",0.2921,"627,547","48,897","93,060","33,196",0.4044,0.2629,0.3873
94,0.7066,0.7117,"2,312","1,000",0.3019,"629,859","46,585","94,060","32,196",0.4087,0.2550,0.3690
95,0.7117,0.7164,"2,048","1,000",0.3281,"631,907","44,537","95,060","31,196",0.4119,0.2471,0.3528
96,0.7164,0.7215,"2,214","1,000",0.3111,"634,121","42,323","96,060","30,196",0.4164,0.2392,0.3352
97,0.7215,0.7267,"2,082","1,000",0.3245,"636,203","40,241","97,060","29,196",0.4205,0.2312,0.3187
98,0.7267,0.7319,"2,114","1,000",0.3211,"638,317","38,127","98,060","28,196",0.4251,0.2233,0.3020
99,0.7319,0.7370,"2,003","1,000",0.3330,"640,320","36,124","99,060","27,196",0.4295,0.2154,0.2861
100,0.7370,0.7418,"1,752","1,000",0.3634,"642,072","34,372","100,060","26,196",0.4325,0.2075,0.2722
101,0.7418,0.7472,"1,919","1,000",0.3426,"643,991","32,453","101,060","25,196",0.4371,0.1996,0.2570
102,0.7472,0.7528,"1,948","1,000",0.3392,"645,939","30,505","102,060","24,196",0.4423,0.1916,0.2416
103,0.7528,0.7584,"1,879","1,000",0.3473,"647,818","28,626","103,060","23,196",0.4476,0.1837,0.2267
104,0.7585,0.7641,"1,873","1,000",0.3481,"649,691","26,753","104,060","22,196",0.4535,0.1758,0.2119
105,0.7641,0.7696,"1,710","1,000",0.3690,"651,401","25,043","105,060","21,196",0.4584,0.1679,0.1984
106,0.7696,0.7751,"1,559","1,000",0.3908,"652,960","23,484","106,060","20,196",0.4624,0.1600,0.1860
107,0.7751,0.7811,"1,631","1,000",0.3801,"654,591","21,853","107,060","19,196",0.4676,0.1520,0.1731
108,0.7811,0.7870,"1,560","1,000",0.3906,"656,151","20,293","108,060","18,196",0.4728,0.1441,0.1607
109,0.7870,0.7926,"1,446","1,000",0.4088,"657,597","18,847","109,060","17,196",0.4771,0.1362,0.1493
110,0.7926,0.7987,"1,498","1,000",0.4003,"659,095","17,349","110,060","16,196",0.4828,0.1283,0.1374
111,0.7987,0.8047,"1,437","1,000",0.4103,"660,532","15,912","111,060","15,196",0.4885,0.1204,0.1260
112,0.8047,0.8106,"1,350","1,000",0.4255,"661,882","14,562","112,060","14,196",0.4936,0.1124,0.1153
113,0.8106,0.8168,"1,379","1,000",0.4203,"663,261","13,183","113,060","13,196",0.5002,0.1045,0.1044
114,0.8168,0.8227,"1,183","1,000",0.4581,"664,444","12,000","114,060","12,196",0.5041,0.0966,0.0950
115,0.8227,0.8291,"1,320","1,001",0.4313,"665,764","10,680","115,061","11,195",0.5118,0.0887,0.0846
116,0.8291,0.8358,"1,275","1,000",0.4396,"667,039","9,405","116,061","10,195",0.5202,0.0807,0.0745
117,0.8358,0.8425,"1,169","1,000",0.4610,"668,208","8,236","117,061","9,195",0.5275,0.0728,0.0652
118,0.8425,0.8489,"1,045","1,000",0.4890,"669,253","7,191","118,061","8,195",0.5326,0.0649,0.0570
119,0.8489,0.8565,"1,142","1,000",0.4669,"670,395","6,049","119,061","7,195",0.5433,0.0570,0.0479
120,0.8565,0.8640,"1,049","1,000",0.4880,"671,444","5,000","120,061","6,195",0.5534,0.0491,0.0396
121,0.8640,0.8720,"1,000","1,000",0.5000,"672,444","4,000","121,061","5,195",0.5650,0.0411,0.0317
122,0.8721,0.8816,"1,000","1,091",0.5218,"673,444","3,000","122,152","4,104",0.5777,0.0325,0.0238
123,0.8816,0.8926,"1,000","1,098",0.5234,"674,444","2,000","123,250","3,006",0.6005,0.0238,0.0158
124,0.8926,0.9093,"1,000","1,353",0.5750,"675,444","1,000","124,603","1,653",0.6231,0.0131,0.0079
125,0.9093,0.9782,"1,000","1,653",0.6231,"676,444",0,"126,256",0,nan,0.0000,0.0000
