,min,max,Neg,Pos,$\frac{\text{Pos}}{\text{Neg}+\text{Pos}}$,TN,FP,FN,TP,Prec,Rec,FP/P
0,0.0000,0.0566,"13,952",738,0.0502,"13,952","591,658",738,"107,218",0.1534,0.9932,5.4805
1,0.0566,0.1403,"14,552","1,000",0.0643,"28,504","577,106","1,738","106,218",0.1554,0.9839,5.3458
2,0.1403,0.2110,"12,900","1,000",0.0719,"41,404","564,206","2,738","105,218",0.1572,0.9746,5.2263
3,0.2110,0.2726,"12,295","1,001",0.0753,"53,699","551,911","3,739","104,217",0.1588,0.9654,5.1124
4,0.2726,0.3221,"11,332","1,000",0.0811,"65,031","540,579","4,739","103,217",0.1603,0.9561,5.0074
5,0.3221,0.3684,"11,820","1,000",0.0780,"76,851","528,759","5,739","102,217",0.1620,0.9468,4.8979
6,0.3684,0.4059,"10,414","1,000",0.0876,"87,265","518,345","6,739","101,217",0.1634,0.9376,4.8014
7,0.4059,0.4392,"10,095","1,000",0.0901,"97,360","508,250","7,739","100,217",0.1647,0.9283,4.7079
8,0.4392,0.4707,"10,254","1,000",0.0889,"107,614","497,996","8,739","99,217",0.1661,0.9191,4.6130
9,0.4707,0.4972,"9,923","1,000",0.0915,"117,537","488,073","9,739","98,217",0.1675,0.9098,4.5210
10,0.4972,0.5213,"10,089","1,000",0.0902,"127,626","477,984","10,739","97,217",0.1690,0.9005,4.4276
11,0.5213,0.5430,"10,057","1,000",0.0904,"137,683","467,927","11,739","96,217",0.1706,0.8913,4.3344
12,0.5430,0.5619,"9,602","1,000",0.0943,"147,285","458,325","12,739","95,217",0.1720,0.8820,4.2455
13,0.5619,0.5797,"9,323","1,000",0.0969,"156,608","449,002","13,739","94,217",0.1734,0.8727,4.1591
14,0.5797,0.5968,"9,645","1,001",0.0940,"166,253","439,357","14,740","93,216",0.1750,0.8635,4.0698
15,0.5968,0.6126,"9,636","1,002",0.0942,"175,889","429,721","15,742","92,214",0.1767,0.8542,3.9805
16,0.6126,0.6265,"9,057","1,000",0.0994,"184,946","420,664","16,742","91,214",0.1782,0.8449,3.8966
17,0.6265,0.6392,"8,720","1,000",0.1029,"193,666","411,944","17,742","90,214",0.1797,0.8357,3.8159
18,0.6393,0.6516,"8,983","1,000",0.1002,"202,649","402,961","18,742","89,214",0.1813,0.8264,3.7326
19,0.6516,0.6633,"8,677","1,000",0.1033,"211,326","394,284","19,742","88,214",0.1828,0.8171,3.6523
20,0.6633,0.6740,"8,288","1,000",0.1077,"219,614","385,996","20,742","87,214",0.1843,0.8079,3.5755
21,0.6740,0.6847,"7,815","1,001",0.1135,"227,429","378,181","21,743","86,213",0.1856,0.7986,3.5031
22,0.6847,0.6945,"8,259","1,000",0.1080,"235,688","369,922","22,743","85,213",0.1872,0.7893,3.4266
23,0.6945,0.7037,"7,756","1,000",0.1142,"243,444","362,166","23,743","84,213",0.1887,0.7801,3.3548
24,0.7038,0.7119,"7,885","1,000",0.1125,"251,329","354,281","24,743","83,213",0.1902,0.7708,3.2817
25,0.7119,0.7203,"7,199","1,002",0.1222,"258,528","347,082","25,745","82,211",0.1915,0.7615,3.2150
26,0.7203,0.7278,"7,111","1,001",0.1234,"265,639","339,971","26,746","81,210",0.1928,0.7523,3.1492
27,0.7278,0.7351,"6,789","1,001",0.1285,"272,428","333,182","27,747","80,209",0.1940,0.7430,3.0863
28,0.7351,0.7425,"7,405","1,000",0.1190,"279,833","325,777","28,747","79,209",0.1956,0.7337,3.0177
29,0.7425,0.7494,"6,832","1,000",0.1277,"286,665","318,945","29,747","78,209",0.1969,0.7245,2.9544
30,0.7494,0.7554,"6,507","1,000",0.1332,"293,172","312,438","30,747","77,209",0.1982,0.7152,2.8941
31,0.7554,0.7614,"7,000","1,000",0.1250,"300,172","305,438","31,747","76,209",0.1997,0.7059,2.8293
32,0.7614,0.7670,"6,841","1,007",0.1283,"307,013","298,597","32,754","75,202",0.2012,0.6966,2.7659
33,0.7670,0.7721,"6,488","1,001",0.1337,"313,501","292,109","33,755","74,201",0.2026,0.6873,2.7058
34,0.7721,0.7770,"6,574","1,001",0.1321,"320,075","285,535","34,756","73,200",0.2041,0.6781,2.6449
35,0.7770,0.7817,"6,386","1,001",0.1355,"326,461","279,149","35,757","72,199",0.2055,0.6688,2.5858
36,0.7817,0.7863,"6,084","1,000",0.1412,"332,545","273,065","36,757","71,199",0.2068,0.6595,2.5294
37,0.7863,0.7911,"6,231","1,000",0.1383,"338,776","266,834","37,757","70,199",0.2083,0.6503,2.4717
38,0.7911,0.7953,"5,983","1,000",0.1432,"344,759","260,851","38,757","69,199",0.2097,0.6410,2.4163
39,0.7953,0.7991,"6,450","1,001",0.1343,"351,209","254,401","39,758","68,198",0.2114,0.6317,2.3565
40,0.7991,0.8035,"6,294","1,005",0.1377,"357,503","248,107","40,763","67,193",0.2131,0.6224,2.2982
41,0.8035,0.8072,"5,791","1,003",0.1476,"363,294","242,316","41,766","66,190",0.2146,0.6131,2.2446
42,0.8072,0.8110,"5,884","1,001",0.1454,"369,178","236,432","42,767","65,189",0.2161,0.6038,2.1901
43,0.8110,0.8146,"6,257","1,001",0.1379,"375,435","230,175","43,768","64,188",0.2181,0.5946,2.1321
44,0.8146,0.8181,"5,957","1,000",0.1437,"381,392","224,218","44,768","63,188",0.2199,0.5853,2.0769
45,0.8181,0.8216,"5,462","1,001",0.1549,"386,854","218,756","45,769","62,187",0.2214,0.5760,2.0263
46,0.8216,0.8248,"5,692","1,003",0.1498,"392,546","213,064","46,772","61,184",0.2231,0.5667,1.9736
47,0.8248,0.8281,"5,379","1,002",0.1570,"397,925","207,685","47,774","60,182",0.2247,0.5575,1.9238
48,0.8281,0.8311,"5,651","1,000",0.1504,"403,576","202,034","48,774","59,182",0.2266,0.5482,1.8714
49,0.8311,0.8343,"5,409","1,002",0.1563,"408,985","196,625","49,776","58,180",0.2283,0.5389,1.8213
50,0.8343,0.8370,"5,230","1,000",0.1605,"414,215","191,395","50,776","57,180",0.2300,0.5297,1.7729
51,0.8370,0.8399,"5,161","1,002",0.1626,"419,376","186,234","51,778","56,178",0.2317,0.5204,1.7251
52,0.8399,0.8424,"4,713","1,000",0.1750,"424,089","181,521","52,778","55,178",0.2331,0.5111,1.6814
53,0.8424,0.8454,"5,137","1,000",0.1629,"429,226","176,384","53,778","54,178",0.2350,0.5019,1.6339
54,0.8454,0.8481,"5,295","1,000",0.1589,"434,521","171,089","54,778","53,178",0.2371,0.4926,1.5848
55,0.8481,0.8511,"5,102","1,001",0.1640,"439,623","165,987","55,779","52,177",0.2392,0.4833,1.5375
56,0.8511,0.8540,"5,190","1,001",0.1617,"444,813","160,797","56,780","51,176",0.2414,0.4740,1.4895
57,0.8540,0.8565,"4,854","1,005",0.1715,"449,667","155,943","57,785","50,171",0.2434,0.4647,1.4445
58,0.8565,0.8591,"5,037","1,000",0.1656,"454,704","150,906","58,785","49,171",0.2458,0.4555,1.3978
59,0.8591,0.8620,"4,768","1,001",0.1735,"459,472","146,138","59,786","48,170",0.2479,0.4462,1.3537
60,0.8620,0.8645,"4,559","1,004",0.1805,"464,031","141,579","60,790","47,166",0.2499,0.4369,1.3115
61,0.8645,0.8668,"4,579","1,002",0.1795,"468,610","137,000","61,792","46,164",0.2520,0.4276,1.2690
62,0.8668,0.8697,"4,550","1,000",0.1802,"473,160","132,450","62,792","45,164",0.2543,0.4184,1.2269
63,0.8697,0.8725,"4,449","1,014",0.1856,"477,609","128,001","63,806","44,150",0.2565,0.4090,1.1857
64,0.8725,0.8748,"4,242","1,001",0.1909,"481,851","123,759","64,807","43,149",0.2585,0.3997,1.1464
65,0.8748,0.8770,"4,407","1,003",0.1854,"486,258","119,352","65,810","42,146",0.2610,0.3904,1.1056
66,0.8770,0.8795,"3,941","1,001",0.2025,"490,199","115,411","66,811","41,145",0.2628,0.3811,1.0691
67,0.8795,0.8818,"4,071","1,000",0.1972,"494,270","111,340","67,811","40,145",0.2650,0.3719,1.0313
68,0.8818,0.8840,"3,850","1,000",0.2062,"498,120","107,490","68,811","39,145",0.2670,0.3626,0.9957
69,0.8840,0.8862,"3,736","1,002",0.2115,"501,856","103,754","69,813","38,143",0.2688,0.3533,0.9611
70,0.8862,0.8884,"3,682","1,000",0.2136,"505,538","100,072","70,813","37,143",0.2707,0.3441,0.9270
71,0.8884,0.8906,"3,666","1,004",0.2150,"509,204","96,406","71,817","36,139",0.2727,0.3348,0.8930
72,0.8906,0.8928,"3,839","1,006",0.2076,"513,043","92,567","72,823","35,133",0.2751,0.3254,0.8575
73,0.8928,0.8947,"3,630","1,000",0.2160,"516,673","88,937","73,823","34,133",0.2773,0.3162,0.8238
74,0.8947,0.8968,"3,545","1,001",0.2202,"520,218","85,392","74,824","33,132",0.2795,0.3069,0.7910
75,0.8968,0.8990,"3,669","1,002",0.2145,"523,887","81,723","75,826","32,130",0.2822,0.2976,0.7570
76,0.8990,0.9010,"3,560","1,004",0.2200,"527,447","78,163","76,830","31,126",0.2848,0.2883,0.7240
77,0.9010,0.9029,"3,466","1,002",0.2243,"530,913","74,697","77,832","30,124",0.2874,0.2790,0.6919
78,0.9029,0.9050,"3,447","1,001",0.2250,"534,360","71,250","78,833","29,123",0.2901,0.2698,0.6600
79,0.9050,0.9071,"3,410","1,000",0.2268,"537,770","67,840","79,833","28,123",0.2931,0.2605,0.6284
80,0.9071,0.9090,"3,197","1,000",0.2383,"540,967","64,643","80,833","27,123",0.2956,0.2512,0.5988
81,0.9090,0.9112,"3,320","1,012",0.2336,"544,287","61,323","81,845","26,111",0.2986,0.2419,0.5680
82,0.9112,0.9132,"3,165","1,000",0.2401,"547,452","58,158","82,845","25,111",0.3016,0.2326,0.5387
83,0.9132,0.9152,"3,028","1,003",0.2488,"550,480","55,130","83,848","24,108",0.3042,0.2233,0.5107
84,0.9152,0.9170,"2,876","1,000",0.2580,"553,356","52,254","84,848","23,108",0.3066,0.2141,0.4840
85,0.9170,0.9191,"3,169","1,002",0.2402,"556,525","49,085","85,850","22,106",0.3105,0.2048,0.4547
86,0.9191,0.9210,"2,909","1,000",0.2558,"559,434","46,176","86,850","21,106",0.3137,0.1955,0.4277
87,0.9211,0.9231,"2,886","1,000",0.2573,"562,320","43,290","87,850","20,106",0.3171,0.1862,0.4010
88,0.9231,0.9251,"2,709","1,001",0.2698,"565,029","40,581","88,851","19,105",0.3201,0.1770,0.3759
89,0.9251,0.9270,"2,666","1,000",0.2728,"567,695","37,915","89,851","18,105",0.3232,0.1677,0.3512
90,0.9270,0.9289,"2,722","1,000",0.2687,"570,417","35,193","90,851","17,105",0.3271,0.1584,0.3260
91,0.9289,0.9309,"2,621","1,002",0.2766,"573,038","32,572","91,853","16,103",0.3308,0.1492,0.3017
92,0.9309,0.9331,"2,571","1,001",0.2802,"575,609","30,001","92,854","15,102",0.3348,0.1399,0.2779
93,0.9331,0.9354,"2,691","1,000",0.2709,"578,300","27,310","93,854","14,102",0.3405,0.1306,0.2530
94,0.9354,0.9376,"2,262","1,000",0.3066,"580,562","25,048","94,854","13,102",0.3434,0.1214,0.2320
95,0.9376,0.9401,"2,648","1,001",0.2743,"583,210","22,400","95,855","12,101",0.3507,0.1121,0.2075
96,0.9401,0.9425,"2,328","1,002",0.3009,"585,538","20,072","96,857","11,099",0.3561,0.1028,0.1859
97,0.9425,0.9449,"2,252","1,000",0.3075,"587,790","17,820","97,857","10,099",0.3617,0.0935,0.1651
98,0.9449,0.9477,"2,354","1,002",0.2986,"590,144","15,466","98,859","9,097",0.3704,0.0843,0.1433
99,0.9477,0.9503,"2,170","1,001",0.3157,"592,314","13,296","99,860","8,096",0.3785,0.0750,0.1232
100,0.9503,0.9534,"2,072","1,004",0.3264,"594,386","11,224","100,864","7,092",0.3872,0.0657,0.1040
101,0.9534,0.9570,"2,020","1,001",0.3313,"596,406","9,204","101,865","6,091",0.3982,0.0564,0.0853
102,0.9570,0.9608,"1,902","1,002",0.3450,"598,308","7,302","102,867","5,089",0.4107,0.0471,0.0676
103,0.9608,0.9648,"1,855","1,000",0.3503,"600,163","5,447","103,867","4,089",0.4288,0.0379,0.0505
104,0.9648,0.9699,"1,667","1,000",0.3750,"601,830","3,780","104,867","3,089",0.4497,0.0286,0.0350
105,0.9699,0.9761,"1,484","1,001",0.4028,"603,314","2,296","105,868","2,088",0.4763,0.0193,0.0213
106,0.9761,0.9850,"1,296","1,000",0.4355,"604,610","1,000","106,868","1,088",0.5211,0.0101,0.0093
107,0.9850,1.0000,"1,000","1,088",0.5211,"605,610",0,"107,956",0,nan,0.0000,0.0000
