,y_proba,y_test,Neg,Pos,TN,FP,FN,TP,FP/P,Prec
0,0.0,142,3562,142,3562,602048,142,107814,5.576790544295824,0.1518802246070363
1,0.0023,1,4,1,3566,602044,143,107813,5.576753492163474,0.15187988566711325
2,0.0027,0,13,0,3579,602031,143,107813,5.576633072733336,0.15188266717757704
3,0.0029,0,7,0,3586,602024,143,107813,5.576568231501723,0.15188416495618007
4,0.0032,1,25,1,3611,601999,144,107812,5.576336655674534,0.1518883195667579
5,0.0034,1,7,1,3618,601992,145,107811,5.576271814442921,0.15188862261782496
6,0.0038,0,10,0,3628,601982,145,107811,5.576179184112045,0.15189076251808625
7,0.004,0,10,0,3638,601972,145,107811,5.57608655378117,0.15189290247864487
8,0.0041,1,12,1,3650,601960,146,107810,5.575975397384119,0.151894275610409
9,0.0043,0,1,0,3651,601959,146,107810,5.575966134351032,0.1518944896156355
10,0.0044,2,51,2,3702,601908,148,107808,5.575493719663567,0.15190301472701756
11,0.0046,0,10,0,3712,601898,148,107808,5.575401089332691,0.15190515509239036
12,0.0048,3,46,3,3758,601852,151,107805,5.574974989810664,0.151911416360298
13,0.0052,0,6,0,3764,601846,151,107805,5.5749194116121386,0.151912700750087
14,0.0053,4,83,4,3847,601763,155,107801,5.574150579865871,0.15192568957838898
15,0.0055,0,28,0,3875,601735,155,107801,5.57389121493942,0.15193168493212467
16,0.0058,5,92,5,3967,601643,160,107796,5.573039015895365,0.1519454103876443
17,0.006,3,31,3,3998,601612,163,107793,5.5727518618696505,0.15194846385351105
18,0.0062,0,27,0,4025,601585,163,107793,5.572501759976286,0.15195424724195
19,0.0063,0,8,0,4033,601577,163,107793,5.572427655711587,0.1519559609230726
20,0.0065,5,70,5,4103,601507,168,107788,5.571779243395458,0.15196497931044206
21,0.0066,0,2,0,4105,601505,168,107788,5.5717607173292825,0.15196540780749282
22,0.0067,2,45,2,4150,601460,170,107786,5.571343880840343,0.1519726582878155
23,0.0068,1,18,1,4168,601442,171,107785,5.571177146244766,0.15197531960853153
24,0.0069,1,25,1,4193,601417,172,107784,5.570945570417577,0.15197948113440338
25,0.007,1,23,1,4216,601394,173,107783,5.570732520656564,0.1519832143456429
26,0.0071,2,41,2,4257,601353,175,107781,5.570352736299974,0.15198960986216992
27,0.0072,1,17,1,4274,601336,176,107780,5.570195264737485,0.15199205771693206
28,0.0073,0,6,0,4280,601330,176,107780,5.57013968653896,0.15199334376894982
29,0.0074,7,133,7,4413,601197,183,107773,5.568907703138316,0.1520134843505367
30,0.0075,4,34,4,4447,601163,187,107769,5.568592760013339,0.15201599025012272
31,0.0076,4,40,4,4487,601123,191,107765,5.568222238689836,0.1520197830969067
32,0.0077,9,67,9,4554,601056,200,107756,5.56760161547297,0.1520233856085958
33,0.0078,2,18,2,4572,601038,202,107754,5.567434880877395,0.15202485355365183
34,0.0079,2,48,2,4620,600990,204,107752,5.566990255289192,0.15203275663076268
35,0.008,0,19,0,4639,600971,204,107752,5.566814257660528,0.15203683244370508
36,0.0081,5,52,5,4691,600919,209,107747,5.566332579939975,0.1520420056839188
37,0.0082,1,25,1,4716,600894,210,107746,5.566101004112786,0.15204617295100475
38,0.0083,1,13,1,4729,600881,211,107745,5.565980584682649,0.15204776567611122
39,0.0084,0,14,0,4743,600867,211,107745,5.565850902219423,0.1520507696736719
40,0.0085,9,174,9,4917,600693,220,107736,5.564239134462189,0.1520773429659147
41,0.0086,1,17,1,4934,600676,221,107735,5.5640816628997,0.15207979548595377
42,0.0087,1,32,1,4966,600644,222,107734,5.563785245840898,0.15208546849281035
43,0.0088,0,46,0,5012,600598,222,107734,5.563359146318871,0.15209534512064965
44,0.0089,2,68,2,5080,600530,224,107732,5.562729260068917,0.1521075534194973
45,0.009,2,24,2,5104,600506,226,107730,5.562506947274816,0.15211031351131543
46,0.0091,5,43,5,5147,600463,231,107725,5.5621086368520505,0.1521135630651748
47,0.0092,4,111,4,5258,600352,235,107721,5.561080440179333,0.1521326190943589
48,0.0093,1,44,1,5302,600308,236,107720,5.56067286672348,0.1521408757845735
49,0.0094,2,45,2,5347,600263,238,107718,5.56025603023454,0.1521481508684555
50,0.0095,0,16,0,5363,600247,238,107718,5.560107821705139,0.15215158941473095
51,0.0096,0,24,0,5387,600223,238,107718,5.559885508911038,0.15215674752557062
52,0.0097,2,17,2,5404,600206,240,107716,5.55972803734855,0.15215800610801755
53,0.0098,0,2,0,5406,600204,240,107716,5.5597095112823745,0.15215843598146683
54,0.0099,0,3,0,5409,600201,240,107716,5.559681722183112,0.15215908079619503
55,0.01,16,283,16,5692,599918,256,107700,5.557060283819334,0.152200763688883
56,0.0101,0,8,0,5700,599910,256,107700,5.556986179554634,0.15220248441938355
57,0.0103,0,5,0,5705,599905,256,107700,5.556939864389196,0.15220355989570453
58,0.0104,1,4,1,5709,599901,257,107699,5.556902812256846,0.1522032221594121
59,0.0106,0,15,0,5724,599886,257,107699,5.556763866760532,0.15220644869520977
60,0.0107,1,11,1,5735,599875,258,107698,5.556661973396569,0.15220761674060485
61,0.0108,0,3,0,5738,599872,258,107698,5.556634184297306,0.15220826208007687
62,0.011,0,27,0,5765,599845,258,107698,5.556384082403943,0.15221407038158813
63,0.0111,0,1,0,5766,599844,258,107698,5.556374819370855,0.15221428551237948
64,0.0112,2,22,2,5788,599822,260,107696,5.556171032642928,0.15221662205060507
65,0.0113,1,14,1,5802,599808,261,107695,5.556041350179703,0.15221843582288697
66,0.0114,0,5,0,5807,599803,261,107695,5.5559950350142655,0.15221951157459102
67,0.0115,0,5,0,5812,599798,261,107695,5.5559487198488275,0.1522205873415002
68,0.0116,1,26,1,5838,599772,262,107694,5.5557078809885505,0.15222498325007844
69,0.0117,0,13,0,5851,599759,262,107694,5.555587461558413,0.15222778050273306
70,0.0118,0,2,0,5853,599757,262,107694,5.5555689354922375,0.15222821085841987
71,0.0119,0,5,0,5858,599752,262,107694,5.5555226203267996,0.15222928675828262
72,0.0121,0,3,0,5861,599749,262,107694,5.555494831227537,0.15222993230550022
73,0.0122,0,12,0,5873,599737,262,107694,5.555383674830487,0.1522325145491221
74,0.0123,3,21,3,5894,599716,265,107691,5.5551891511356475,0.15223343845904833
75,0.0124,0,27,0,5921,599689,265,107691,5.554939049242284,0.1522392490599112
76,0.0125,2,4,2,5925,599685,267,107689,5.554901997109933,0.15223771300613254
77,0.0126,0,24,0,5949,599661,267,107689,5.554679684315833,0.1522428783487665
78,0.0127,0,23,0,5972,599638,267,107689,5.554466634554819,0.1522478287977131
79,0.0128,1,13,1,5985,599625,268,107688,5.5543462151246805,0.15224942847084671
80,0.0129,0,17,0,6002,599608,268,107688,5.554188743562192,0.15225308781613356
81,0.013,0,5,0,6007,599603,268,107688,5.554142428396754,0.1522541641276363
82,0.0132,7,39,7,6046,599564,275,107681,5.5537811701063395,0.1522541693472559
83,0.0134,1,14,1,6060,599550,276,107680,5.553651487643114,0.1522559846160372
84,0.0136,2,12,2,6072,599538,278,107678,5.553540331246063,0.1522561706748716
85,0.0137,1,14,1,6086,599524,279,107677,5.553410648782838,0.15225798606054008
86,0.0138,0,15,0,6101,599509,279,107677,5.553271703286524,0.1522612155783627
87,0.0139,2,30,2,6131,599479,281,107675,5.552993812293898,0.15226527743603233
88,0.014,1,15,1,6146,599464,282,107674,5.552854866797584,0.15226730850272507
89,0.0141,1,22,1,6168,599442,283,107673,5.552651080069658,0.152270847033368
90,0.0142,1,15,1,6183,599427,284,107672,5.552512134573345,0.15227287833811107
91,0.0143,3,19,3,6202,599408,287,107669,5.552336136944681,0.15227337333840585
92,0.0144,2,24,2,6226,599384,289,107667,5.55211382415058,0.1522761441536749
93,0.0145,5,31,5,6257,599353,294,107662,5.551826670124866,0.15227682580991916
94,0.0146,2,6,2,6263,599347,296,107660,5.551771091926341,0.15227572004237583
95,0.0147,0,14,0,6277,599333,296,107660,5.551641409463115,0.1522787354330241
96,0.0148,2,14,2,6291,599319,298,107658,5.551511726999889,0.15227935279365523
97,0.0149,2,4,2,6295,599315,300,107656,5.5514746748675385,0.15227781620462508
98,0.015,1,31,1,6326,599284,301,107655,5.551187520841824,0.15228329459826095
99,0.0151,4,43,4,6369,599241,305,107651,5.55078921041906,0.15228776107241276
100,0.0152,1,8,1,6377,599233,306,107650,5.550715106154359,0.1522882853315188
101,0.0153,3,58,3,6435,599175,309,107647,5.550177850235281,0.1522971837322551
102,0.0154,2,36,2,6471,599139,311,107645,5.549844381044129,0.1523025422194051
103,0.0155,4,28,4,6499,599111,315,107641,5.549585016117677,0.1523037784116635
104,0.0156,1,20,1,6519,599091,316,107640,5.5493997554559265,0.15230688904264847
105,0.0157,2,17,2,6536,599074,318,107638,5.549242283893438,0.1523081538165476
106,0.0158,1,30,1,6566,599044,319,107637,5.548964392900811,0.1523134200579894
107,0.0159,3,18,3,6584,599026,322,107634,5.548797658305236,0.15231370107265163
108,0.016,0,10,0,6594,599016,322,107634,5.54870502797436,0.15231585650604967
109,0.0161,0,14,0,6608,599002,322,107634,5.548575345511134,0.15231887421529614
110,0.0162,4,60,4,6668,598942,326,107630,5.548019563525881,0.15232700984471503
111,0.0163,2,23,2,6691,598919,328,107628,5.5478065137648676,0.15232956901664008
112,0.0164,0,10,0,6701,598909,328,107628,5.547713883433992,0.15233172501935496
113,0.0165,1,47,1,6748,598862,329,107627,5.547278520878876,0.15234065923177856
114,0.0166,3,38,3,6786,598824,332,107624,5.54692652562155,0.15234525400312549
115,0.0167,1,3,1,6789,598821,333,107623,5.546898736522287,0.152344701066185
116,0.0168,1,25,1,6814,598796,334,107622,5.546667160695098,0.15234889258201234
117,0.0169,2,42,2,6856,598754,336,107620,5.546278113305421,0.15235555102537748
118,0.017,2,17,2,6873,598737,338,107618,5.546120641742933,0.15235681774744994
119,0.0171,0,26,0,6899,598711,338,107618,5.545879802882656,0.1523624260082766
120,0.0172,1,35,1,6934,598676,339,107617,5.545555596724592,0.15236877613115238
121,0.0173,0,5,0,6939,598671,339,107617,5.545509281559154,0.15236985479011395
122,0.0174,1,41,1,6980,598630,340,107616,5.545129497202564,0.15237750019115154
123,0.0175,0,28,0,7008,598602,340,107616,5.544870132276112,0.15238354162595685
124,0.0176,0,27,0,7035,598575,340,107616,5.544620030382749,0.15238936774895176
125,0.0177,1,31,1,7066,598544,341,107615,5.544332876357035,0.1523948572488632
126,0.0178,4,17,4,7083,598527,345,107611,5.5441754047945455,0.1523937247393569
127,0.0179,0,14,0,7097,598513,345,107611,5.54404572233132,0.1523967461805575
128,0.018,1,18,1,7115,598495,346,107610,5.543878987735744,0.15239943067957315
129,0.0181,2,15,2,7130,598480,348,107608,5.543740042239431,0.1524002673887674
130,0.0182,1,28,1,7158,598452,349,107607,5.54348067731298,0.15240511062106707
131,0.0183,0,14,0,7172,598438,349,107607,5.543350994849754,0.1524081326261074
132,0.0184,1,10,1,7182,598428,350,107606,5.543258364518878,0.15240909078033069
133,0.0185,5,42,5,7224,598386,355,107601,5.542869317129201,0.15241215489803636
134,0.0186,2,20,2,7244,598366,357,107599,5.54268405646745,0.1524140715191263
135,0.0187,1,19,1,7263,598347,358,107598,5.542508058838786,0.15241697299364682
136,0.0188,1,24,1,7287,598323,359,107597,5.542285746044685,0.15242095421577515
137,0.019,1,3,1,7290,598320,360,107596,5.542257956945422,0.15242040129420498
138,0.0191,1,37,1,7327,598283,361,107595,5.5419152247211825,0.15242718996767146
139,0.0192,2,26,2,7353,598257,363,107593,5.541674385860906,0.15243040306014025
140,0.0193,0,17,0,7370,598240,363,107593,5.541516914298418,0.15243407434903156
141,0.0194,1,45,1,7415,598195,364,107592,5.541100077809478,0.1524425924535306
142,0.0195,0,7,0,7422,598188,364,107592,5.541035236577865,0.1524441043951373
143,0.0196,3,22,3,7444,598166,367,107589,5.5408314498499385,0.1524452536645153
144,0.0197,1,13,1,7457,598153,368,107588,5.540711030419801,0.15244686081721198
145,0.0198,0,1,0,7458,598152,368,107588,5.540701767386713,0.15244707682716013
146,0.02,1,121,1,7579,598031,369,107587,5.539580940383119,0.1524720174371969
147,0.0202,0,3,0,7582,598028,369,107587,5.539553151283856,0.1524726656887963
148,0.0203,0,14,0,7596,598014,369,107587,5.5394234688206305,0.15247569093581217
149,0.0204,0,17,0,7613,597997,369,107587,5.539265997258142,0.15247936461144243
150,0.0206,1,17,1,7630,597980,370,107586,5.539108525695654,0.15248183727673953
151,0.0207,2,28,2,7658,597952,372,107584,5.538849160769202,0.1524854862119013
152,0.0208,0,9,0,7667,597943,372,107584,5.5387657934714145,0.1524874313810811
153,0.0209,0,3,0,7670,597940,372,107584,5.538738004372152,0.1524880797818359
154,0.021,0,9,0,7679,597931,372,107584,5.538654637074363,0.15249002501718603
155,0.0211,0,14,0,7693,597917,372,107584,5.5385249546111375,0.15249305103748967
156,0.0212,2,16,2,7709,597901,374,107582,5.538376746081737,0.15249410687429746
157,0.0213,0,22,0,7731,597879,374,107582,5.538172959353811,0.15249886244597505
158,0.0214,0,7,0,7738,597872,374,107582,5.538108118122198,0.15250037564462035
159,0.0215,0,20,0,7758,597852,374,107582,5.537922857460447,0.15250469923479731
160,0.0216,1,15,1,7773,597837,375,107581,5.537783911964134,0.1525067406842468
161,0.0217,1,31,1,7804,597806,376,107580,5.53749675793842,0.15251224152449863
162,0.0218,2,23,2,7827,597783,378,107578,5.537283708177406,0.15251481156457475
163,0.0219,1,14,1,7841,597769,379,107577,5.53715402571418,0.15251663722485134
164,0.0221,0,10,0,7851,597759,379,107577,5.537061395383304,0.15251879955085235
165,0.0222,2,22,2,7873,597737,381,107575,5.536857608655378,0.15252115375890385
166,0.0223,0,9,0,7882,597728,381,107575,5.53677424135759,0.15252310000099248
167,0.0224,1,22,1,7904,597706,382,107574,5.536570454629664,0.1525266560798548
168,0.0225,0,16,0,7920,597690,382,107574,5.536422246100263,0.15253011638195058
169,0.0226,0,4,0,7924,597686,382,107574,5.536385193967913,0.15253098148200664
170,0.0227,0,15,0,7939,597671,382,107574,5.5362462484716,0.15253422569461678
171,0.0228,2,12,2,7951,597659,384,107572,5.536135092074549,0.15253441780069227
172,0.0229,0,4,0,7955,597655,384,107572,5.536098039942199,0.15253528296562668
173,0.023,0,22,0,7977,597633,384,107572,5.5358942532142725,0.1525400415482023
174,0.0231,0,10,0,7987,597623,384,107572,5.535801622883397,0.15254220463843335
175,0.0232,0,20,0,8007,597603,384,107572,5.535616362221646,0.15254653100294252
176,0.0233,0,18,0,8025,597585,384,107572,5.53544962762607,0.1525504249408288
177,0.0234,0,20,0,8045,597565,384,107572,5.535264366964319,0.15255475177164154
178,0.0235,0,25,0,8070,597540,384,107572,5.53503279113713,0.15256016065532851
179,0.0236,1,17,1,8087,597523,385,107571,5.534875319574642,0.1525626370384658
180,0.0238,2,16,2,8103,597507,387,107569,5.534727111045241,0.15256369526122007
181,0.0239,0,22,0,8125,597485,387,107569,5.534523324317314,0.15256845574948869
182,0.024,0,21,0,8146,597464,387,107569,5.534328800622476,0.15257300012907196
183,0.0242,2,21,2,8167,597443,389,107567,5.534134276927637,0.152575140778145
184,0.0243,0,8,0,8175,597435,389,107567,5.534060172662937,0.15257687212234858
185,0.0244,0,16,0,8191,597419,389,107567,5.5339119641335355,0.15258033492863687
186,0.0245,2,30,2,8221,597389,391,107565,5.5336340731409095,0.15258442394822924
187,0.0246,0,4,0,8225,597385,391,107565,5.533597021008559,0.15258528973686078
188,0.0247,0,11,0,8236,597374,391,107565,5.533495127644596,0.1525876707062597
189,0.0248,4,43,4,8279,597331,395,107561,5.533096817221831,0.15259217014805104
190,0.0249,2,16,2,8295,597315,397,107559,5.53294860869243,0.15259322942823825
191,0.025,1,29,1,8324,597286,398,107558,5.532679980732891,0.15259830544063652
192,0.0251,0,1,0,8325,597285,398,107558,5.532670717699804,0.152598521940347
193,0.0252,1,29,1,8354,597256,399,107557,5.532402089740264,0.15260359840127807
194,0.0253,2,47,2,8401,597209,401,107555,5.531966727185149,0.15261137061484412
195,0.0254,0,15,0,8416,597194,401,107555,5.531827781688836,0.15261461882173652
196,0.0255,1,4,1,8420,597190,402,107554,5.531790729556486,0.15261428263312635
197,0.0256,0,2,0,8422,597188,402,107554,5.531772203490311,0.15261471573994453
198,0.0257,0,20,0,8442,597168,402,107554,5.53158694282856,0.1526190469433337
199,0.0258,0,3,0,8445,597165,402,107554,5.531559153729297,0.15261969664504577
200,0.0259,2,28,2,8473,597137,404,107552,5.531299788802846,0.15262335583498537
201,0.026,2,18,2,8491,597119,406,107550,5.531133054207269,0.15262484939737664
202,0.0261,0,18,0,8509,597101,406,107550,5.530966319611694,0.15262874813205402
203,0.0262,4,68,4,8577,597033,410,107546,5.53033643336174,0.15263866791374708
204,0.0263,1,16,1,8593,597017,411,107545,5.530188224832339,0.15264093152909183
205,0.0264,3,47,3,8640,596970,414,107542,5.529752862277224,0.15264750635901161
206,0.0265,2,33,2,8673,596937,416,107540,5.529447182185335,0.15265225124454027
207,0.0266,0,23,0,8696,596914,416,107540,5.529234132424321,0.1526572352488594
208,0.0267,1,18,1,8714,596896,417,107539,5.5290673978287455,0.15265993313790485
209,0.0268,1,25,1,8739,596871,418,107538,5.5288358220015565,0.1526641482434211
210,0.0269,1,26,1,8765,596845,419,107537,5.5285949831412795,0.1526685804009756
211,0.027,0,12,0,8777,596833,419,107537,5.528483826744229,0.1526711813393529
212,0.0271,1,14,1,8791,596819,420,107536,5.528354144281003,0.1526730128983254
213,0.0272,2,30,2,8821,596789,422,107534,5.5280762532883765,0.15267710979195626
214,0.0273,1,6,1,8827,596783,423,107533,5.528020675089851,0.1526772073898648
215,0.0274,5,50,5,8877,596733,428,107528,5.5275575234354735,0.15268203123557886
216,0.0275,2,15,2,8892,596718,430,107526,5.5274185779391605,0.15268287695741817
217,0.0276,1,20,1,8912,596698,431,107525,5.5272333172774095,0.1526860099712733
218,0.0277,2,33,2,8945,596665,433,107523,5.52692763718552,0.1526907587178424
219,0.0278,0,9,0,8954,596656,433,107523,5.526844269887732,0.15269271023418762
220,0.0279,1,19,1,8973,596637,434,107522,5.5266682722590685,0.15269562698197425
221,0.028,2,18,2,8991,596619,436,107520,5.526501537663493,0.1526971237213107
222,0.0281,3,27,3,9018,596592,439,107517,5.526251435770129,0.15269936898974448
223,0.0282,0,18,0,9036,596574,439,107517,5.526084701174552,0.1527032727303715
224,0.0283,0,3,0,9039,596571,439,107517,5.52605691207529,0.1527039233732147
225,0.0284,2,30,2,9069,596541,441,107515,5.525779021082664,0.15270802322542526
226,0.0285,4,58,4,9127,596483,445,107511,5.525241765163585,0.15271579019139367
227,0.0286,1,16,1,9143,596467,446,107510,5.525093556634184,0.15271805755017565
228,0.0287,0,19,0,9162,596448,446,107510,5.52491755900552,0.1527221794482057
229,0.0288,1,19,1,9181,596429,447,107509,5.524741561376858,0.1527250979489671
230,0.0289,1,5,1,9186,596424,448,107508,5.52469524621142,0.1527249791173011
231,0.029,4,21,4,9207,596403,452,107504,5.5245007225165805,0.1527247207372565
232,0.0291,1,18,1,9225,596385,453,107503,5.524333987921005,0.15272742254449573
233,0.0292,2,12,2,9237,596373,455,107501,5.5242228315239545,0.15272761886360342
234,0.0293,0,24,0,9261,596349,455,107501,5.524000518729853,0.15273282659657597
235,0.0294,0,1,0,9262,596348,455,107501,5.523991255696766,0.15273304359315706
236,0.0295,0,6,0,9268,596342,455,107501,5.52393567749824,0.15273434558559223
237,0.0296,1,19,1,9287,596323,456,107500,5.523759679869577,0.15273726490893308
238,0.0297,0,6,0,9293,596317,456,107500,5.5237041016710515,0.15273856698545218
239,0.0298,1,15,1,9308,596302,457,107499,5.523565156174738,0.1527406184418607
240,0.0299,0,11,0,9319,596291,457,107499,5.5234632628107745,0.1527430057261399
241,0.03,2,61,2,9380,596230,459,107497,5.522898217792434,0.152753837780844
242,0.0301,1,9,1,9389,596221,460,107496,5.522814850494646,0.15275458742647968
243,0.0302,1,29,1,9418,596192,461,107495,5.522546222535107,0.15275967866395143
244,0.0303,0,10,0,9428,596182,461,107495,5.522453592204231,0.1527618495417642
245,0.0304,0,4,0,9432,596178,461,107495,5.522416540071881,0.15276271791016566
246,0.0305,1,13,1,9445,596165,462,107494,5.522296120641743,0.15276433613440601
247,0.0306,0,7,0,9452,596158,462,107494,5.52223127941013,0.1527658558491982
248,0.0307,0,28,0,9480,596130,462,107494,5.521971914483679,0.15277193501074438
249,0.0308,0,5,0,9485,596125,462,107494,5.521925599318241,0.15277302062621959
250,0.0309,0,5,0,9490,596120,462,107494,5.521879284152803,0.15277410625712393
251,0.031,2,19,2,9509,596101,464,107492,5.521703286524139,0.15277582352297422
252,0.0311,2,16,2,9525,596085,466,107490,5.521555077994739,0.1527768894574139
253,0.0312,0,30,0,9555,596055,466,107490,5.521277187002112,0.15278340404664947
254,0.0313,1,4,1,9559,596051,467,107489,5.521240134869762,0.15278306848224693
255,0.0314,2,13,2,9572,596038,469,107487,5.521119715439624,0.15278348317401655
256,0.0315,2,13,2,9585,596025,471,107485,5.520999296009485,0.15278389788347002
257,0.0316,0,23,0,9608,596002,471,107485,5.520786246248472,0.15278889304279966
258,0.0317,0,9,0,9617,595993,471,107485,5.520702878950684,0.15279084775927607
259,0.0318,0,9,0,9626,595984,471,107485,5.520619511652896,0.15279280252576874
260,0.0319,0,17,0,9643,595967,471,107485,5.520462040090408,0.15279649499894804
261,0.032,0,3,0,9646,595964,471,107485,5.520434250991144,0.15279714663038826
262,0.0321,0,5,0,9651,595959,471,107485,5.520387935825707,0.15279823269513992
263,0.0322,1,18,1,9669,595941,472,107484,5.520221201230131,0.1528009382663397
264,0.0323,0,27,0,9696,595914,472,107484,5.519971099336767,0.1528068035450769
265,0.0324,0,19,0,9715,595895,472,107484,5.5197951017081035,0.15281093123337489
266,0.0325,1,24,1,9739,595871,473,107483,5.519572788914002,0.15281494098277681
267,0.0326,0,11,0,9750,595860,473,107483,5.519470895550039,0.15281733094663627
268,0.0327,1,19,1,9769,595841,474,107482,5.519294897921375,0.15282025470516392
269,0.0328,1,14,1,9783,595827,475,107481,5.519165215458149,0.15282209217014453
270,0.0329,1,13,1,9796,595814,476,107480,5.519044796028012,0.1528237124161446
271,0.033,2,21,2,9817,595793,478,107478,5.5188502723331725,0.15282586655784186
272,0.0331,1,33,1,9850,595760,479,107477,5.518544592241284,0.15283183336485423
273,0.0332,0,14,0,9864,595746,479,107477,5.518414909778058,0.152834875992395
274,0.0333,1,16,1,9880,595730,480,107476,5.518266701248657,0.15283714871602347
275,0.0334,1,34,1,9914,595696,481,107475,5.51795175812368,0.15284333398277233
276,0.0335,0,26,0,9940,595670,481,107475,5.517710919263403,0.1528489856288532
277,0.0336,0,22,0,9962,595648,481,107475,5.517507132535477,0.15285376811738488
278,0.0337,1,4,1,9966,595644,482,107474,5.517470080403127,0.1528534328519537
279,0.0338,3,24,3,9990,595620,485,107471,5.5172477676090255,0.1528550358346217
280,0.0339,1,41,1,10031,595579,486,107470,5.516867983252436,0.1528627449864803
281,0.034,0,6,0,10037,595573,486,107470,5.516812405053911,0.15286404956738064
282,0.0341,1,33,1,10070,595540,487,107469,5.516506724962022,0.1528700201562142
283,0.0342,0,25,0,10095,595515,487,107469,5.516275149134833,0.15287545662490185
284,0.0343,1,13,1,10108,595502,488,107468,5.516154729704694,0.15287707868045577
285,0.0344,0,29,0,10137,595473,488,107468,5.5158861017451555,0.152883385661101
286,0.0345,0,5,0,10142,595468,488,107468,5.5158397865797175,0.15288447312415354
287,0.0346,1,42,1,10184,595426,489,107467,5.51545073919004,0.15289240325341125
288,0.0347,0,7,0,10191,595419,489,107467,5.515385897958428,0.15289392589979028
289,0.0348,0,40,0,10231,595379,489,107467,5.515015376634925,0.15290262731807536
290,0.0349,0,24,0,10255,595355,489,107467,5.514793063840824,0.15290784864446474
291,0.035,2,24,2,10279,595331,491,107465,5.514570751046723,0.15291065970779572
292,0.0351,0,6,0,10285,595325,491,107465,5.514515172848197,0.1529119651674042
293,0.0352,0,32,0,10317,595293,491,107465,5.514218755789396,0.15291892799512777
294,0.0353,2,22,2,10339,595271,493,107463,5.51401496906147,0.1529213045049763
295,0.0354,0,4,0,10343,595267,493,107463,5.513977916929119,0.15292217494628094
296,0.0355,5,18,5,10361,595249,498,107458,5.513811182333543,0.15292006483498813
297,0.0356,1,15,1,10376,595234,499,107457,5.51367223683723,0.15292212366459795
298,0.0357,2,13,2,10389,595221,501,107455,5.513551817407092,0.15292254182582016
299,0.0358,0,30,0,10419,595191,501,107455,5.513273926414465,0.15292907096888048
300,0.0359,3,28,3,10447,595163,504,107452,5.5130145614880135,0.15293154857211988
301,0.036,0,5,0,10452,595158,504,107452,5.5129682463225755,0.15293263688248104
302,0.0361,0,19,0,10471,595139,504,107452,5.512792248693913,0.15293677260312188
303,0.0362,0,16,0,10487,595123,504,107452,5.512644040164512,0.15294025548873785
304,0.0363,0,22,0,10509,595101,504,107452,5.512440253436585,0.15294504471548764
305,0.0364,0,14,0,10523,595087,504,107452,5.5123105709733595,0.1529480925614094
306,0.0365,1,37,1,10560,595050,505,107451,5.51196783874912,0.15295494241289337
307,0.0366,0,16,0,10576,595034,505,107451,5.511819630219719,0.15295842615856567
308,0.0367,2,27,2,10603,595007,507,107449,5.511569528326355,0.15296189369868005
309,0.0368,0,12,0,10615,594995,507,107449,5.511458371929304,0.1529645067791881
310,0.0369,1,8,1,10623,594987,508,107448,5.511384267664604,0.15296504302889236
311,0.037,1,14,1,10637,594973,509,107447,5.511254585201378,0.15296688590871557
312,0.0371,0,16,0,10653,594957,509,107447,5.511106376671978,0.1529703703281872
313,0.0372,0,6,0,10659,594951,509,107447,5.511050798473452,0.15297167702641523
314,0.0373,3,26,3,10685,594925,512,107444,5.510809959613176,0.15297372179011318
315,0.0374,1,20,1,10705,594905,513,107443,5.510624698951425,0.15297687186409017
316,0.0375,1,11,1,10716,594894,514,107442,5.5105228055874615,0.15297806178239476
317,0.0376,1,12,1,10728,594882,515,107441,5.510411649190411,0.15297946956030203
318,0.0377,0,49,0,10777,594833,515,107441,5.509957760569121,0.1529901434482837
319,0.0378,0,10,0,10787,594823,515,107441,5.5098651302382455,0.1529923219757812
320,0.0379,1,21,1,10808,594802,516,107440,5.5096706065434065,0.15299569094414747
321,0.038,0,4,0,10812,594798,516,107440,5.509633554411057,0.15299656241900894
322,0.0381,0,11,0,10823,594787,516,107440,5.5095316610470935,0.15299895902606991
323,0.0382,1,5,1,10828,594782,517,107439,5.5094853458816555,0.15299884224482035
324,0.0383,0,5,0,10833,594777,517,107439,5.5094390307162175,0.15299993164496395
325,0.0384,1,2,1,10835,594775,518,107438,5.509420504650042,0.15299916122316162
326,0.0385,1,21,1,10856,594754,519,107437,5.509225980955204,0.15300253065049252
327,0.0386,0,2,0,10858,594752,519,107437,5.509207454889029,0.1530029664378109
328,0.0388,0,16,0,10874,594736,519,107437,5.509059246359628,0.15300645282572814
329,0.0389,3,15,3,10889,594721,522,107434,5.5089203008633145,0.15300610264115472
330,0.039,0,2,0,10891,594719,522,107434,5.508901774797139,0.1530065384609907
331,0.0391,3,28,3,10919,594691,525,107431,5.508642409870688,0.15300902122423168
332,0.0392,5,40,5,10959,594651,530,107426,5.508271888547186,0.1530117066931405
333,0.0393,0,15,0,10974,594636,530,107426,5.508132943050873,0.15301497588532068
334,0.0394,0,19,0,10993,594617,530,107426,5.507956945422209,0.15301911706263008
335,0.0395,0,3,0,10996,594614,530,107426,5.507929156322946,0.15301977095322203
336,0.0396,1,15,1,11011,594599,531,107425,5.5077902108266334,0.15302183401137284
337,0.0397,1,14,1,11025,594585,532,107424,5.507660528363408,0.15302367918360021
338,0.0398,1,12,1,11037,594573,533,107423,5.507549371966356,0.15302508846204252
339,0.0399,1,20,1,11057,594553,534,107422,5.5073641113046055,0.15302824174650095
340,0.04,1,27,1,11084,594526,535,107421,5.507114009411241,0.15303292128892923
341,0.0401,0,14,0,11098,594512,535,107421,5.506984326948015,0.15303597351884013
342,0.0402,1,10,1,11108,594502,536,107420,5.50689169661714,0.15303694712517915
343,0.0403,0,14,0,11122,594488,536,107420,5.506762014153915,0.1530399995440998
344,0.0404,4,34,4,11156,594454,540,107416,5.506447071028938,0.15304258623391795
345,0.0405,0,10,0,11166,594444,540,107416,5.506354440698062,0.15304476676260223
346,0.0406,0,16,0,11182,594428,540,107416,5.506206232168661,0.15304825573774228
347,0.0407,3,49,3,11231,594379,543,107413,5.505752343547371,0.15305532123478183
348,0.0408,3,26,3,11257,594353,546,107410,5.505511504687095,0.15305737122076826
349,0.0409,0,21,0,11278,594332,546,107410,5.505316980992256,0.15306195154344474
350,0.041,0,9,0,11287,594323,546,107410,5.505233613694468,0.15306391462279814
351,0.0411,0,25,0,11312,594298,546,107410,5.505002037867279,0.15306936788521722
352,0.0412,4,35,4,11347,594263,550,107406,5.504677831709214,0.15307217505690004
353,0.0413,1,41,1,11388,594222,551,107405,5.504298047352625,0.15307991283117667
354,0.0414,0,12,0,11400,594210,551,107405,5.504186890955575,0.1530825310177234
355,0.0415,2,24,2,11424,594186,553,107403,5.503964578161473,0.15308535339066034
356,0.0416,3,13,3,11437,594173,556,107400,5.503844158731335,0.1530845685338518
357,0.0417,0,3,0,11440,594170,556,107400,5.503816369632072,0.15308522314238066
358,0.0418,0,20,0,11460,594150,556,107400,5.503631108970321,0.15308958734231345
359,0.0419,1,14,1,11474,594136,557,107399,5.503501426507095,0.1530914352099325
360,0.042,0,11,0,11485,594125,557,107399,5.503399533143132,0.15309383570626237
361,0.0421,0,5,0,11490,594120,557,107399,5.503353217977694,0.15309492686584397
362,0.0422,0,2,0,11492,594118,557,107399,5.50333469191152,0.15309536333403181
363,0.0423,0,22,0,11514,594096,557,107399,5.5031309051835935,0.15310016464835816
364,0.0424,1,15,1,11529,594081,558,107398,5.50299195968728,0.15310223114305632
365,0.0425,2,39,2,11568,594042,560,107396,5.502630701396866,0.15310832889008008
366,0.0426,3,29,3,11597,594013,563,107393,5.502362073437326,0.1531110369743059
367,0.0427,0,6,0,11603,594007,563,107393,5.502306495238801,0.1531123467351012
368,0.0428,1,31,1,11634,593976,564,107392,5.502019341213087,0.15311790671943973
369,0.0429,0,5,0,11639,593971,564,107392,5.501973026047649,0.15311899829332315
370,0.043,3,17,3,11656,593954,567,107389,5.501815554485161,0.15311908723691547
371,0.0431,2,11,2,11667,593943,569,107387,5.501713661121197,0.15311907375985628
372,0.0432,1,25,1,11692,593918,570,107386,5.5014820852940085,0.153123324549696
373,0.0433,0,7,0,11699,593911,570,107386,5.501417244062396,0.15312485295103215
374,0.0434,1,10,1,11709,593901,571,107385,5.50132461373152,0.15312582883445555
375,0.0435,1,14,1,11723,593887,572,107384,5.501194931268294,0.15312767817291745
376,0.0436,0,7,0,11730,593880,572,107384,5.501130090036682,0.15312920668963473
377,0.0437,2,18,2,11748,593862,574,107382,5.5009633554411055,0.15313072197409175
378,0.0438,0,6,0,11754,593856,574,107382,5.50090777724258,0.15313203220589872
379,0.0439,0,17,0,11771,593839,574,107382,5.500750305680092,0.1531357446511157
380,0.044,0,9,0,11780,593830,574,107382,5.500666938382304,0.15313771013616423
381,0.0441,1,12,1,11792,593818,575,107381,5.500555781985253,0.15313912313052358
382,0.0442,3,41,3,11833,593777,578,107378,5.500175997628664,0.15314445450720596
383,0.0443,3,12,3,11845,593765,581,107375,5.500064841231613,0.15314345209230681
384,0.0444,1,14,1,11859,593751,582,107374,5.499935158768387,0.15314530219290426
385,0.0445,4,18,4,11877,593733,586,107370,5.499768424172811,0.1531444024629762
386,0.0446,0,21,0,11898,593712,586,107370,5.499573900477973,0.15314898970448534
387,0.0447,7,30,7,11928,593682,593,107363,5.499296009485346,0.15314708756213938
388,0.0448,0,18,0,11946,593664,593,107363,5.4991292748897695,0.15315101986086127
389,0.0449,1,25,1,11971,593639,594,107362,5.498897699062581,0.1531552736729334
390,0.045,1,15,1,11986,593624,595,107361,5.498758753566268,0.15315734288180202
391,0.0451,2,9,2,11995,593615,597,107359,5.49867538626848,0.15315689312299743
392,0.0452,1,17,1,12012,593598,598,107358,5.4985179147059915,0.15315939944875284
393,0.0453,0,10,0,12022,593588,598,107358,5.498425284375116,0.1531615844872501
394,0.0454,2,11,2,12033,593577,600,107356,5.498323391011152,0.15316157179074177
395,0.0455,1,31,1,12064,593546,601,107355,5.498036236985438,0.15316713772701138
396,0.0456,0,30,0,12094,593516,601,107355,5.497758345992812,0.15317369387519245
397,0.0457,0,34,0,12128,593482,601,107355,5.497443402867835,0.15318112485499483
398,0.0458,1,2,1,12130,593480,602,107354,5.49742487680166,0.1531803536928859
399,0.0459,0,36,0,12166,593444,602,107354,5.497091407610508,0.15318822256912834
400,0.046,1,17,1,12183,593427,603,107353,5.49693393604802,0.1531907303290619
401,0.0461,4,40,4,12223,593387,607,107349,5.496563414724517,0.1531946410631108
402,0.0462,0,8,0,12231,593379,607,107349,5.496489310459817,0.1531963900400726
403,0.0463,0,1,0,12232,593378,607,107349,5.496480047426729,0.1531966086650008
404,0.0464,1,15,1,12247,593363,608,107348,5.496341101930416,0.15319867962683617
405,0.0465,3,17,3,12264,593346,611,107345,5.496183630367928,0.1531987709275558
406,0.0466,0,21,0,12285,593325,611,107345,5.495989106673089,0.15320336249589678
407,0.0467,1,14,1,12299,593311,612,107344,5.495859424209863,0.15320521512013757
408,0.0468,0,11,0,12310,593300,612,107344,5.4957575308459,0.15320762041778707
409,0.0469,0,6,0,12316,593294,612,107344,5.495701952647375,0.1532089324301565
410,0.047,1,10,1,12326,593284,613,107343,5.4956093223165,0.15320991055154884
411,0.0471,4,17,4,12343,593267,617,107339,5.495451850754011,0.15320879353017244
412,0.0472,4,19,4,12362,593248,621,107335,5.495275853125348,0.1532081138137808
413,0.0473,0,5,0,12367,593243,621,107335,5.49522953795991,0.1532092072545812
414,0.0474,2,43,2,12410,593200,623,107333,5.494831227537145,0.15321619395517413
415,0.0475,1,13,1,12423,593187,624,107332,5.494710808107007,0.1532178284957296
416,0.0476,0,8,0,12431,593179,624,107332,5.494636703842306,0.1532195782792847
417,0.0477,4,14,4,12445,593165,628,107328,5.49450702137908,0.15321780517435576
418,0.0478,0,11,0,12456,593154,628,107328,5.494405128015117,0.1532202112259844
419,0.0479,0,10,0,12466,593144,628,107328,5.494312497684242,0.15322239861122214
420,0.048,2,16,2,12482,593128,630,107326,5.494164289154841,0.15322348077104278
421,0.0481,5,54,5,12536,593074,635,107321,5.493664085368113,0.15322924920937472
422,0.0482,0,13,0,12549,593061,635,107321,5.493543665937975,0.15323209334334692
423,0.0483,0,14,0,12563,593047,635,107321,5.493413983474749,0.15323515637493432
424,0.0484,0,19,0,12582,593028,635,107321,5.493237985846085,0.15323931354224823
425,0.0485,0,8,0,12590,593020,635,107321,5.493163881581385,0.15324106399596768
426,0.0486,4,23,4,12613,592997,639,107317,5.492950831820371,0.15324126034892918
427,0.0487,0,8,0,12621,592989,639,107317,5.492876727555671,0.15324301091237258
428,0.0488,0,3,0,12624,592986,639,107317,5.492848938456408,0.1532436673839752
429,0.0489,0,21,0,12645,592965,639,107317,5.49265441476157,0.15324826284268336
430,0.049,2,27,2,12672,592938,641,107315,5.492404312868206,0.15325175329488055
431,0.0491,3,16,3,12688,592922,644,107312,5.4922561043388045,0.1532516273131553
432,0.0492,1,13,1,12701,592909,645,107311,5.492135684908667,0.15325326326011826
433,0.0493,1,18,1,12719,592891,646,107310,5.49196895031309,0.15325599363611306
434,0.0494,1,34,1,12753,592857,647,107309,5.491654007188114,0.1532622263863141
435,0.0495,0,3,0,12756,592854,647,107309,5.491626218088851,0.15326288307151334
436,0.0496,0,5,0,12761,592849,647,107309,5.491579902923413,0.1532639775593509
437,0.0497,0,13,0,12774,592836,647,107309,5.491459483493275,0.15326682330088767
438,0.0498,1,28,1,12802,592808,648,107308,5.491200118566823,0.153271743539642
439,0.0499,0,9,0,12811,592799,648,107308,5.491116751269035,0.1532737138751648
440,0.05,1,7,1,12818,592792,649,107307,5.491051910037423,0.15327403695763028
441,0.0501,0,4,0,12822,592788,649,107307,5.491014857905072,0.1532749126904206
442,0.0502,0,20,0,12842,592768,649,107307,5.490829597243321,0.15327929150448166
443,0.0503,0,22,0,12864,592746,649,107307,5.490625810515395,0.1532841084889287
444,0.0504,4,14,4,12878,592732,653,107303,5.490496128052169,0.15328233588320583
445,0.0505,1,24,1,12902,592708,654,107302,5.490273815258068,0.15328638162311967
446,0.0506,1,28,1,12930,592680,655,107301,5.490014450331617,0.15329130362109827
447,0.0507,1,15,1,12945,592665,656,107300,5.489875504835303,0.15329337895466202
448,0.0508,0,23,0,12968,592642,656,107300,5.489662455074289,0.15329841615448137
449,0.0509,0,18,0,12986,592624,656,107300,5.489495720478714,0.15330235854178453
450,0.051,2,16,2,13002,592608,658,107298,5.489347511949313,0.15330344360528414
451,0.0511,0,16,0,13018,592592,658,107298,5.489199303419912,0.1533069482347226
452,0.0512,0,12,0,13030,592580,658,107298,5.489088147022861,0.15330957681195864
453,0.0513,1,20,1,13050,592560,659,107297,5.48890288636111,0.15331274817569876
454,0.0514,1,8,1,13058,592552,660,107296,5.48882878209641,0.15331329088602097
455,0.0515,2,10,2,13068,592542,662,107294,5.488736151765534,0.1533130619173635
456,0.0516,1,9,1,13077,592533,663,107293,5.488652784467746,0.15331382372189659
457,0.0517,1,46,1,13123,592487,664,107292,5.488226684945719,0.15332269187843592
458,0.0518,1,4,1,13127,592483,665,107291,5.488189632813368,0.15332235836141384
459,0.0519,2,12,2,13139,592471,667,107289,5.488078476416318,0.15332256773751
460,0.052,2,21,2,13160,592450,669,107287,5.4878839527214796,0.15332474915575423
461,0.0521,4,15,4,13175,592435,673,107283,5.487745007225166,0.15332319591606905
462,0.0522,0,17,0,13192,592418,673,107283,5.487587535662677,0.15332692107057158
463,0.0523,1,15,1,13207,592403,674,107282,5.487448590166364,0.15332899804912212
464,0.0524,2,13,2,13220,592390,676,107280,5.487328170736226,0.15332942672974403
465,0.0525,0,21,0,13241,592369,676,107280,5.487133647041388,0.15333402892021572
466,0.0526,2,33,2,13274,592336,678,107278,5.486827966949498,0.15333884113239588
467,0.0527,1,4,1,13278,592332,679,107277,5.486790914817147,0.15333850765213142
468,0.0528,1,14,1,13292,592318,680,107276,5.486661232353922,0.15334036598369913
469,0.0529,2,14,2,13306,592304,682,107274,5.486531549890696,0.15334101415424728
470,0.053,4,8,4,13314,592296,686,107270,5.486457445625995,0.15333792665738472
471,0.0531,1,11,1,13325,592285,687,107269,5.486355552262033,0.1533391275012365
472,0.0532,0,29,0,13354,592256,687,107269,5.4860869243024935,0.1533454844358672
473,0.0533,2,15,2,13369,592241,689,107267,5.4859479788061805,0.15334635200741092
474,0.0534,2,24,2,13393,592217,691,107265,5.485725666012079,0.15334919268830363
475,0.0535,1,22,1,13415,592195,692,107264,5.4855218792841525,0.15335280552541322
476,0.0536,3,14,3,13429,592181,695,107261,5.485392196820927,0.15335224364564895
477,0.0537,0,11,0,13440,592170,695,107261,5.485290303456964,0.1533546554270543
478,0.0538,1,11,1,13451,592159,696,107260,5.485188410093001,0.1533558567897069
479,0.0539,3,44,3,13495,592115,699,107257,5.484780836637149,0.15336187322340614
480,0.054,2,5,2,13500,592110,701,107255,5.484734521471711,0.15336054849756564
481,0.0541,0,9,0,13509,592101,701,107255,5.484651154173923,0.153362522091753
482,0.0542,3,27,3,13536,592074,704,107252,5.484401052280559,0.15336481126112858
483,0.0543,1,12,1,13548,592062,705,107251,5.484289895883508,0.15336623228797405
484,0.0544,0,14,0,13562,592048,705,107251,5.4841602134202825,0.15336930268740553
485,0.0545,0,13,0,13575,592035,705,107251,5.484039793990144,0.1533721538826746
486,0.0546,1,11,1,13586,592024,706,107250,5.483937900626181,0.15337335579472425
487,0.0547,2,14,2,13600,592010,708,107248,5.483808218162955,0.15337400501674633
488,0.0548,3,29,3,13629,591981,711,107245,5.483539590203416,0.1533767337026941
489,0.0549,3,18,3,13647,591963,714,107242,5.48337285560784,0.1533770496492445
490,0.055,0,14,0,13661,591949,714,107242,5.483243173144614,0.1533801207395404
491,0.0551,0,11,0,13672,591938,714,107242,5.483141279780652,0.15338253382533826
492,0.0552,1,7,1,13679,591931,715,107241,5.4830764385490385,0.1533828585812933
493,0.0553,1,22,1,13701,591909,716,107240,5.482872651821112,0.15338647412783254
494,0.0554,0,13,0,13714,591896,716,107240,5.4827522323909745,0.15338932625411936
495,0.0555,1,19,1,13733,591877,717,107239,5.482576234762311,0.15339228397004218
496,0.0556,0,11,0,13744,591866,717,107239,5.482474341398348,0.15339469750609708
497,0.0557,5,31,5,13775,591835,722,107234,5.4821871873726336,0.15339544451263037
498,0.0558,5,20,5,13795,591815,727,107229,5.482001926710883,0.1533937777879504
499,0.0559,1,9,1,13804,591806,728,107228,5.481918559413094,0.15339454161027932
500,0.056,1,28,1,13832,591778,729,107227,5.481659194486642,0.15339947496799022
501,0.0561,2,23,2,13855,591755,731,107225,5.481446144725629,0.15340210020315317
502,0.0562,0,17,0,13872,591738,731,107225,5.4812886731631405,0.1534058312099496
503,0.0563,2,30,2,13902,591708,733,107223,5.481010782170514,0.15340999326113736
504,0.0564,3,22,3,13924,591686,736,107220,5.480806995442587,0.15341118834292453
505,0.0565,1,25,1,13949,591661,737,107219,5.480575419615399,0.15341546474358975
506,0.0566,2,16,2,13965,591645,739,107217,5.480427211085998,0.1534165543412004
507,0.0567,0,5,0,13970,591640,739,107217,5.48038089592056,0.1534176519659959
508,0.0568,1,8,1,13978,591632,740,107216,5.48030679165586,0.15341819680388297
509,0.0569,6,30,6,14008,591602,746,107210,5.480028900663233,0.1534175142956904
510,0.057,0,26,0,14034,591576,746,107210,5.479788061802957,0.1534232225602688
511,0.0571,1,25,1,14059,591551,747,107209,5.479556485975768,0.15342750014311066
512,0.0572,1,29,1,14088,591522,748,107208,5.479287858016229,0.1534326563908806
513,0.0573,3,16,3,14104,591506,751,107205,5.479139649486828,0.15343253505383483
514,0.0574,0,14,0,14118,591492,751,107205,5.479009967023602,0.15343560942726245
515,0.0575,0,17,0,14135,591475,751,107205,5.478852495461114,0.15343934276063434
516,0.0576,1,12,1,14147,591463,752,107204,5.478741339064063,0.15344076648818392
517,0.0577,1,40,1,14187,591423,753,107203,5.478370817740561,0.15344834002742527
518,0.0578,1,34,1,14221,591389,754,107202,5.478055874615584,0.15345459646631576
519,0.0579,0,9,0,14230,591380,754,107202,5.477972507317796,0.15345657345880656
520,0.058,1,24,1,14254,591356,755,107201,5.477750194523695,0.1534606338494926
521,0.0581,0,10,0,14264,591346,755,107201,5.477657564192819,0.1534628307043048
522,0.0582,0,15,0,14279,591331,755,107201,5.477518618696506,0.15346612610445906
523,0.0583,2,16,2,14295,591315,757,107199,5.477370410167105,0.15346721755039985
524,0.0584,0,16,0,14311,591299,757,107199,5.477222201637704,0.15347073291548438
525,0.0585,3,41,3,14352,591258,760,107196,5.476842417281114,0.1534761057993798
526,0.0586,3,25,3,14377,591233,763,107193,5.476610841453926,0.15347796330606248
527,0.0587,2,8,2,14385,591225,765,107191,5.4765367371892255,0.15347729719823142
528,0.0588,1,21,1,14406,591204,766,107190,5.476342213494386,0.1534807000060138
529,0.0589,0,26,0,14432,591178,766,107190,5.47610137463411,0.15348641403958943
530,0.059,1,10,1,14442,591168,767,107189,5.476008744303234,0.15348739971103603
531,0.0591,1,11,1,14453,591157,768,107188,5.475906850939271,0.15348860520229973
532,0.0592,1,14,1,14467,591143,769,107187,5.4757771684760455,0.15349047012157577
533,0.0594,1,27,1,14494,591116,770,107186,5.475527066582682,0.1534951926243946
534,0.0595,3,20,3,14514,591096,773,107183,5.475341805920931,0.15349595219102966
535,0.0596,0,14,0,14528,591082,773,107183,5.475212123457705,0.15349902973799345
536,0.0597,1,18,1,14546,591064,774,107182,5.475045388862129,0.15350177444625532
537,0.0598,0,8,0,14554,591056,774,107182,5.474971284597428,0.15350353317923116
538,0.0599,2,19,2,14573,591037,776,107180,5.4747952869687655,0.15350528560605084
539,0.06,0,34,0,14607,591003,776,107180,5.474480343843788,0.15351276098100355
540,0.0601,1,19,1,14626,590984,777,107179,5.474304346215125,0.1535157262702263
541,0.0602,0,8,0,14634,590976,777,107179,5.4742302419504245,0.15351748537215948
542,0.0603,2,21,2,14655,590955,779,107177,5.474035718255585,0.15351967822704016
543,0.0604,0,20,0,14675,590935,779,107177,5.4738504575938345,0.15352407636596993
544,0.0606,1,31,1,14706,590904,780,107176,5.47356330356812,0.15352968141187257
545,0.0607,0,8,0,14714,590896,780,107176,5.47348919930342,0.15353144088288886
546,0.0608,0,36,0,14750,590860,780,107176,5.473155730112268,0.15353935900154148
547,0.0609,1,20,1,14770,590840,781,107175,5.472970469450517,0.15354254564729986
548,0.061,2,30,2,14800,590810,783,107173,5.47269257845789,0.15354671961924574
549,0.0611,3,18,3,14818,590792,786,107170,5.472525843862314,0.153547041242933
550,0.0612,1,25,1,14843,590767,787,107169,5.472294268035125,0.15355132848857203
551,0.0613,0,4,0,14847,590763,787,107169,5.472257215902776,0.1535522085246127
552,0.0614,0,19,0,14866,590744,787,107169,5.472081218274112,0.1535563888335652
553,0.0615,0,3,0,14869,590741,787,107169,5.472053429174849,0.1535570489031537
554,0.0616,1,13,1,14882,590728,788,107168,5.471933009744711,0.1535586964246822
555,0.0617,0,19,0,14901,590709,788,107168,5.471757012116047,0.15356287712591188
556,0.0618,0,9,0,14910,590700,788,107168,5.471673644818259,0.15356485753752858
557,0.0619,2,31,2,14941,590669,790,107166,5.471386490792545,0.15356925347682476
558,0.062,2,18,2,14959,590651,792,107164,5.4712197561969695,0.15357078881938624
559,0.0621,2,17,2,14976,590634,794,107162,5.47106228463448,0.15357210416798034
560,0.0622,1,21,1,14997,590613,795,107161,5.470867760939642,0.15357551298844613
561,0.0623,1,11,1,15008,590602,796,107160,5.470765867575679,0.15357672100229017
562,0.0624,1,17,1,15025,590585,797,107159,5.470608396013191,0.15357924969616363
563,0.0625,3,20,3,15045,590565,800,107156,5.47042313535144,0.153580012641156
564,0.0626,0,1,0,15046,590564,800,107156,5.4704138723183515,0.15358023275812646
565,0.0627,1,17,1,15063,590547,801,107155,5.470256400755863,0.153582761694821
566,0.0628,1,20,1,15083,590527,802,107154,5.470071140094112,0.15358595117252727
567,0.0629,0,12,0,15095,590515,802,107154,5.469959983697062,0.15358859287140464
568,0.063,2,13,2,15108,590502,804,107152,5.469839564266923,0.15358902837223037
569,0.0631,1,14,1,15122,590488,805,107151,5.4697098818036975,0.15359089729788616
570,0.0632,0,2,0,15124,590486,805,107151,5.469691355737523,0.15359133761540744
571,0.0633,2,18,2,15142,590468,807,107149,5.469524621141947,0.15359287402686575
572,0.0634,2,23,2,15165,590445,809,107147,5.469311571380933,0.15359551141641534
573,0.0635,1,14,1,15179,590431,810,107146,5.469181888917707,0.15359738064758444
574,0.0636,1,19,1,15198,590412,811,107145,5.469005891289044,0.15360035093906305
575,0.0637,3,16,3,15214,590396,814,107142,5.4688576827596425,0.1536002339657481
576,0.0638,0,15,0,15229,590381,814,107142,5.4687187372633295,0.15360353708766591
577,0.0639,2,17,2,15246,590364,816,107140,5.468561265700841,0.15360485387897418
578,0.064,0,4,0,15250,590360,816,107140,5.468524213568491,0.15360573476702508
579,0.0641,3,21,3,15271,590339,819,107137,5.468329689873652,0.1536067190842409
580,0.0642,0,19,0,15290,590320,819,107137,5.4681536922449885,0.15361090361126206
581,0.0643,2,18,2,15308,590302,821,107135,5.467986957649413,0.15361244098033228
582,0.0644,0,12,0,15320,590290,821,107135,5.4678758012523625,0.15361508405921784
583,0.0645,1,21,1,15341,590269,822,107134,5.467681277557523,0.1536184960489129
584,0.0646,2,20,2,15361,590249,824,107132,5.4674960168957725,0.15362047431748213
585,0.0647,2,33,2,15394,590216,826,107130,5.467190336803883,0.15362531655734743
586,0.0648,2,18,2,15412,590198,828,107128,5.467023602208307,0.15362685458451283
587,0.0649,2,14,2,15426,590184,830,107126,5.466893919745082,0.15362751143680717
588,0.065,0,32,0,15458,590152,830,107126,5.466597502686279,0.15363456182469545
589,0.0651,0,18,0,15476,590134,830,107126,5.466430768090704,0.15363852795227032
590,0.0652,1,28,1,15504,590106,831,107125,5.466171403164252,0.15364348401032082
591,0.0653,1,17,1,15521,590089,832,107124,5.466013931601764,0.15364601635368244
592,0.0654,2,2,2,15523,590087,834,107122,5.465995405535589,0.1536440292652562
593,0.0655,2,36,2,15559,590051,836,107120,5.4656619363444365,0.15364953504950724
594,0.0656,0,16,0,15575,590035,836,107120,5.465513727815035,0.15365306137085727
595,0.0657,4,25,4,15600,590010,840,107116,5.4652821519878465,0.15365371539721656
596,0.0658,0,9,0,15609,590001,840,107116,5.465198784690059,0.15365569911506963
597,0.0659,1,16,1,15625,589985,841,107115,5.4650505761606585,0.15365801176301822
598,0.066,1,19,1,15644,589966,842,107114,5.464874578531995,0.15366098582659093
599,0.0661,1,10,1,15654,589956,843,107113,5.464781948201119,0.15366197607410456
600,0.0662,1,20,1,15674,589936,844,107112,5.464596687539368,0.15366517083472014
601,0.0663,2,26,2,15700,589910,846,107110,5.464355848679092,0.15366847436228515
602,0.0664,2,9,2,15709,589901,848,107108,5.464272481381303,0.15366803011151936
603,0.0665,0,9,0,15718,589892,848,107108,5.464189114083515,0.1536700143472023
604,0.0666,2,20,2,15738,589872,850,107106,5.464003853421764,0.1536719953857941
605,0.0667,0,26,0,15764,589846,850,107106,5.463763014561488,0.15367772816492384
606,0.0668,0,14,0,15778,589832,850,107106,5.463633332098262,0.15368081522316188
607,0.0669,1,9,1,15787,589823,851,107105,5.463549964800475,0.1536815854722439
608,0.067,0,28,0,15815,589795,851,107105,5.463290599874023,0.15368776008035587
609,0.0671,2,16,2,15831,589779,853,107103,5.463142391344622,0.15368885980696875
610,0.0672,0,8,0,15839,589771,853,107103,5.463068287079921,0.15369062413004358
611,0.0673,1,15,1,15854,589756,854,107102,5.462929341583608,0.15369271788513586
612,0.0674,1,10,1,15864,589746,855,107101,5.4628367112527325,0.15369370894902323
613,0.0675,1,20,1,15884,589726,856,107100,5.462651450590982,0.15369690568377184
614,0.0676,1,20,1,15904,589706,857,107099,5.462466189929231,0.153700102611204
615,0.0677,2,34,2,15938,589672,859,107097,5.462151246804254,0.1537051734505984
616,0.0678,2,18,2,15956,589654,861,107095,5.461984512208677,0.1537067150437245
617,0.0679,1,12,1,15968,589642,862,107094,5.461873355811627,0.15370814770587424
618,0.068,1,8,1,15976,589634,863,107093,5.4617992515469265,0.1537086979548661
619,0.0681,1,20,1,15996,589614,864,107092,5.4616139908851755,0.15371189569201357
620,0.0682,0,17,0,16013,589597,864,107092,5.461456519322687,0.15371564643621471
621,0.0683,2,6,2,16019,589591,866,107090,5.461400941124162,0.15371454080131366
622,0.0684,1,18,1,16037,589573,867,107089,5.4612342065285855,0.153717297627831
623,0.0685,0,5,0,16042,589568,867,107089,5.4611878913631475,0.15371840087733274
624,0.0686,0,19,0,16061,589549,867,107089,5.461011893734485,0.1537225933698707
625,0.0687,1,14,1,16075,589535,868,107088,5.460882211271259,0.15372446789727012
626,0.0688,0,9,0,16084,589526,868,107088,5.46079884397347,0.15372645396159135
627,0.0689,0,10,0,16094,589516,868,107088,5.460706213642595,0.15372866075991526
628,0.069,0,11,0,16105,589505,868,107088,5.460604320278632,0.15373108831125204
629,0.0691,0,24,0,16129,589481,868,107088,5.46038200748453,0.15373638505302417
630,0.0692,1,14,1,16143,589467,869,107087,5.460252325021305,0.15373826006311067
631,0.0693,1,10,1,16153,589457,870,107086,5.46015969469043,0.1537392522787538
632,0.0694,1,25,1,16178,589432,871,107085,5.459928118863241,0.1537435554336793
633,0.0695,0,23,0,16201,589409,871,107085,5.459715069102227,0.15374863243617318
634,0.0696,0,19,0,16220,589390,871,107085,5.459539071473563,0.15375282673462795
635,0.0697,1,24,1,16244,589366,872,107084,5.459316758679462,0.15375691004379352
636,0.0698,4,29,4,16273,589337,876,107080,5.459048130719923,0.15375845219171846
637,0.0699,2,33,2,16306,589304,878,107078,5.4587424506280335,0.15376330806942168
638,0.07,1,34,1,16340,589270,879,107077,5.458427507503057,0.1537696005008997
639,0.0701,2,18,2,16358,589252,881,107075,5.458260772907481,0.15377114487877103
640,0.0702,1,9,1,16367,589243,882,107074,5.458177405609693,0.15377191710097557
641,0.0703,2,26,2,16393,589217,884,107072,5.457936566749416,0.1537752283893613
642,0.0704,3,23,3,16416,589194,887,107069,5.457723516988403,0.1537766619797404
643,0.0705,0,7,0,16423,589187,887,107069,5.4576586757567895,0.1537782080154426
644,0.0706,3,11,3,16434,589176,890,107066,5.457556782392826,0.15377699133347314
645,0.0707,2,12,2,16446,589164,892,107064,5.457445625995776,0.15377721091366622
646,0.0708,0,22,0,16468,589142,892,107064,5.45724183926785,0.15378207024932275
647,0.0709,0,6,0,16474,589136,892,107064,5.4571862610693245,0.15378339557598392
648,0.071,1,13,1,16487,589123,893,107063,5.457065841639186,0.15378505169595483
649,0.0711,1,20,1,16507,589103,894,107062,5.456880580977435,0.1537882542213412
650,0.0712,0,2,0,16509,589101,894,107062,5.4568620549112605,0.1537886960381405
651,0.0713,0,11,0,16520,589090,894,107062,5.456760161547297,0.15379112607591444
652,0.0714,1,23,1,16543,589067,895,107061,5.456547111786283,0.15379499172565964
653,0.0715,1,22,1,16565,589045,896,107060,5.4563433250583575,0.15379863669992314
654,0.0716,1,20,1,16585,589025,897,107059,5.456158064396606,0.15380184000781516
655,0.0717,0,12,0,16597,589013,897,107059,5.456046907999555,0.15380449148938616
656,0.0718,3,27,3,16624,588986,900,107056,5.455796806106191,0.15380681050856126
657,0.0719,1,11,1,16635,588975,901,107055,5.455694912742229,0.15380802551614153
658,0.072,0,17,0,16652,588958,901,107055,5.4555374411797395,0.15381178225119357
659,0.0721,1,12,1,16664,588946,902,107054,5.455426284782689,0.15381321839080458
660,0.0722,1,17,1,16681,588929,903,107053,5.455268813220201,0.15381575960297825
661,0.0723,1,10,1,16691,588919,904,107052,5.455176182889326,0.15381675385899699
662,0.0724,3,27,3,16718,588892,907,107049,5.454926080995961,0.15381907374332018
663,0.0725,0,18,0,16736,588874,907,107049,5.454759346400385,0.1538230522629659
664,0.0726,1,15,1,16751,588859,908,107048,5.454620400904072,0.1538251519240358
665,0.0727,3,17,3,16768,588842,911,107045,5.454462929341584,0.15382526186004336
666,0.0728,2,14,2,16782,588828,913,107043,5.454333246878358,0.15382592463258277
667,0.0729,2,18,2,16800,588810,915,107041,5.454166512282782,0.1538274716857488
668,0.073,2,8,2,16808,588802,917,107039,5.454092408018082,0.15382680813576666
669,0.0731,2,47,2,16855,588755,919,107037,5.4536570454629665,0.15383476671189092
670,0.0732,1,14,1,16869,588741,920,107036,5.453527362999741,0.1538366459368447
671,0.0733,2,13,2,16882,588728,922,107034,5.453406943569602,0.15383708796973677
672,0.0734,2,12,2,16894,588716,924,107032,5.453295787172552,0.15383730891069755
673,0.0735,1,12,1,16906,588704,925,107031,5.453184630775501,0.15383874607429554
674,0.0736,0,8,0,16914,588696,925,107031,5.453110526510801,0.15384051502960214
675,0.0737,2,13,2,16927,588683,927,107029,5.452990107080662,0.15384095717768273
676,0.0738,0,20,0,16947,588663,927,107029,5.452804846418911,0.15384537985200347
677,0.0739,1,26,1,16973,588637,928,107028,5.452564007558635,0.15384991339222184
678,0.074,1,17,1,16990,588620,929,107027,5.452406535996147,0.15385245677764728
679,0.0741,0,16,0,17006,588604,929,107027,5.452258327466746,0.1538559954918628
680,0.0742,0,31,0,17037,588573,929,107027,5.451971173441032,0.15386285221391605
681,0.0743,0,6,0,17043,588567,929,107027,5.4519155952425065,0.15386417939200164
682,0.0744,1,7,1,17050,588560,930,107026,5.451850754010893,0.15386451136164328
683,0.0745,4,27,4,17077,588533,934,107022,5.45160065211753,0.15386561810352883
684,0.0746,0,26,0,17103,588507,934,107022,5.451359813257253,0.15387136984942396
685,0.0747,0,15,0,17118,588492,934,107022,5.45122086776094,0.1538746883599755
686,0.0748,0,14,0,17132,588478,934,107022,5.451091185297714,0.15387778576563624
687,0.0749,2,13,2,17145,588465,936,107020,5.4509707658675755,0.15387822886187336
688,0.075,3,39,3,17184,588426,939,107017,5.450609507577161,0.15388320825718282
689,0.0751,0,20,0,17204,588406,939,107017,5.45042424691541,0.15388763385737889
690,0.0752,2,15,2,17219,588391,941,107015,5.450285301419097,0.1538885197999442
691,0.0753,3,17,3,17236,588374,944,107012,5.4501278298566085,0.15388863163768038
692,0.0754,1,33,1,17269,588341,945,107011,5.449822149764719,0.15389471807084756
693,0.0755,1,12,1,17281,588329,946,107010,5.449710993367669,0.15389615712623628
694,0.0756,4,28,4,17309,588301,950,107006,5.449451628441217,0.15389748700933545
695,0.0757,2,10,2,17319,588291,952,107004,5.449358998110341,0.15389726662783423
696,0.0758,2,26,2,17345,588265,954,107002,5.449118159250065,0.15390058783172508
697,0.0759,2,14,2,17359,588251,956,107000,5.448988476786839,0.1539012529287984
698,0.076,0,8,0,17367,588243,956,107000,5.448914372522139,0.15390302383483184
699,0.0761,1,24,1,17391,588219,957,106999,5.448692059728037,0.1539071197811334
700,0.0762,2,19,2,17410,588200,959,106997,5.448516062099374,0.15390889201190455
701,0.0763,0,30,0,17440,588170,959,106997,5.448238171106747,0.15391553396521987
702,0.0764,1,2,1,17442,588168,960,106996,5.448219645040572,0.15391475968260726
703,0.0765,0,3,0,17445,588165,960,106996,5.448191855941309,0.15391542390899374
704,0.0766,2,18,2,17463,588147,962,106994,5.448025121345734,0.15391697511727837
705,0.0767,0,5,0,17468,588142,962,106994,5.447978806180296,0.153918082217005
706,0.0768,0,6,0,17474,588136,962,106994,5.447923227981771,0.1539194107577
707,0.0769,2,26,2,17500,588110,964,106992,5.447682389121494,0.1539227336419691
708,0.077,0,30,0,17530,588080,964,106992,5.447404498128868,0.1539293771005018
709,0.0771,0,13,0,17543,588067,964,106992,5.447284078698729,0.15393225611063233
710,0.0772,2,34,2,17577,588033,966,106990,5.446969135573752,0.15393735171354042
711,0.0773,0,12,0,17589,588021,966,106990,5.446857979176702,0.15394000958258214
712,0.0774,2,33,2,17622,587988,968,106988,5.4465522990848125,0.1539448844276637
713,0.0775,1,15,1,17637,587973,969,106987,5.446413353588499,0.15394698975480603
714,0.0776,2,33,2,17670,587940,971,106985,5.44610767349661,0.15395186530920604
715,0.0777,2,16,2,17686,587924,973,106983,5.445959464967209,0.1539529750024104
716,0.0778,1,24,1,17710,587900,974,106982,5.445737152173107,0.15395707472635642
717,0.0779,1,17,1,17727,587883,975,106981,5.445579680610619,0.15395962375371294
718,0.078,4,15,4,17742,587868,979,106977,5.445440735114306,0.15395807698119723
719,0.0781,1,22,1,17764,587846,980,106976,5.44523694838638,0.153961734084413
720,0.0782,0,11,0,17775,587835,980,106976,5.4451350550224165,0.15396417155168815
721,0.0783,0,19,0,17794,587816,980,106976,5.444959057393753,0.15396838190422457
722,0.0784,0,1,0,17795,587815,980,106976,5.4449497943606655,0.15396860350810532
723,0.0785,4,30,4,17825,587785,984,106972,5.444671903368039,0.15397038101091462
724,0.0786,3,28,3,17853,587757,987,106969,5.444412538441587,0.15397293321395775
725,0.0787,3,16,3,17869,587741,990,106966,5.444264329912186,0.15397282595396333
726,0.0788,1,35,1,17904,587706,991,106965,5.443940123754122,0.15397936577171065
727,0.0789,2,12,2,17916,587694,993,106963,5.443828967357072,0.1539795899271151
728,0.079,1,12,1,17928,587682,994,106962,5.44371781096002,0.15398103201064142
729,0.0791,0,13,0,17941,587669,994,106962,5.443597391529883,0.15398391376140713
730,0.0792,0,5,0,17946,587664,994,106962,5.443551076364445,0.1539850221558076
731,0.0793,6,34,6,17980,587630,1000,106956,5.443236133239468,0.15398525164630442
732,0.0794,0,23,0,18003,587607,1000,106956,5.4430230834784545,0.153990350767317
733,0.0795,0,32,0,18035,587575,1000,106956,5.442726666419652,0.1539974457583607
734,0.0796,1,23,1,18058,587552,1001,106955,5.442513616658639,0.15400132756041335
735,0.0797,0,6,0,18064,587546,1001,106955,5.442458038460114,0.15400265802353055
736,0.0798,3,19,3,18083,587527,1004,106952,5.44228204083145,0.15400321679993204
737,0.0799,2,7,2,18090,587520,1006,106950,5.442217199599837,0.15400233271415611
738,0.08,0,8,0,18098,587512,1006,106950,5.442143095335137,0.1540041067761807
739,0.0801,2,12,2,18110,587500,1008,106948,5.442031938938086,0.15400433149782272
740,0.0802,0,35,0,18145,587465,1008,106948,5.441707732780022,0.15401209366760127
741,0.0803,1,30,1,18175,587435,1009,106947,5.441429841787395,0.15401752925623072
742,0.0804,2,21,2,18196,587414,1011,106945,5.441235318092557,0.1540197505901126
743,0.0805,3,21,3,18217,587393,1014,106942,5.4410407943977175,0.15402075367077853
744,0.0806,1,12,1,18229,587381,1015,106941,5.440929638000667,0.15402219719380922
745,0.0807,3,24,3,18253,587357,1018,106938,5.440707325206565,0.1540238659359494
746,0.0808,1,13,1,18266,587344,1019,106937,5.440586905776428,0.15402553144908185
747,0.0809,2,27,2,18293,587317,1021,106935,5.4403368038830635,0.1540290845399077
748,0.081,4,22,4,18315,587295,1025,106931,5.440133017155137,0.15402909139098794
749,0.0811,0,4,0,18319,587291,1025,106931,5.440095965022787,0.15402997888283576
750,0.0812,0,23,0,18342,587268,1025,106931,5.439882915261773,0.15403508215943842
751,0.0813,0,10,0,18352,587258,1025,106931,5.439790284930898,0.15403730108082958
752,0.0814,2,14,2,18366,587244,1027,106929,5.439660602467672,0.15403797036185504
753,0.0815,3,18,3,18384,587226,1030,106926,5.439493867872096,0.1540383086125229
754,0.0816,0,14,0,18398,587212,1030,106926,5.43936418540887,0.15404141539578586
755,0.0817,2,18,2,18416,587194,1032,106924,5.439197450813294,0.15404297252052246
756,0.0818,1,22,1,18438,587172,1033,106923,5.438993664085368,0.15404663626736975
757,0.0819,1,13,1,18451,587159,1034,106922,5.4388732446552295,0.1540483027197114
758,0.082,0,27,0,18478,587132,1034,106922,5.438623142761866,0.15405429548709468
759,0.0821,3,30,3,18508,587102,1037,106919,5.438345251769239,0.15405729797801507
760,0.0822,3,16,3,18524,587086,1040,106916,5.438197043239838,0.1540571929187524
761,0.0823,0,24,0,18548,587062,1040,106916,5.437974730445737,0.15406252071391313
762,0.0824,0,15,0,18563,587047,1040,106916,5.437835784949423,0.15406585077302393
763,0.0825,0,9,0,18572,587038,1040,106916,5.437752417651636,0.1540678488775913
764,0.0826,0,11,0,18583,587027,1040,106916,5.4376505242876725,0.15407029107578
765,0.0827,0,13,0,18596,587014,1040,106916,5.437530104857535,0.1540731774098252
766,0.0828,0,16,0,18612,586998,1040,106916,5.437381896328134,0.15407672996941985
767,0.0829,2,13,2,18625,586985,1042,106914,5.437261476897995,0.154077178378986
768,0.083,2,24,2,18649,586961,1044,106912,5.437039164103894,0.15408006940751406
769,0.0831,3,19,3,18668,586942,1047,106909,5.436863166475231,0.15408063114415055
770,0.0832,0,18,0,18686,586924,1047,106909,5.436696431879654,0.15408462843364326
771,0.0833,0,18,0,18704,586906,1047,106909,5.436529697284079,0.15408862593054345
772,0.0834,1,6,1,18710,586900,1048,106908,5.4364741190855534,0.15408873924774577
773,0.0835,1,17,1,18727,586883,1049,106907,5.436316647523065,0.15409129563700832
774,0.0836,2,29,2,18756,586854,1051,106905,5.4360480195635255,0.15409529822315818
775,0.0837,0,9,0,18765,586845,1051,106905,5.435964652265738,0.1540972972972973
776,0.0838,0,14,0,18779,586831,1051,106905,5.435834969802512,0.15410040707127784
777,0.0839,2,34,2,18813,586797,1053,106903,5.435520026677535,0.15410552111863918
778,0.084,1,12,1,18825,586785,1054,106902,5.435408870280485,0.15410696755164793
779,0.0841,1,14,1,18839,586771,1055,106901,5.435279187817259,0.15410885836533694
780,0.0842,1,32,1,18871,586739,1056,106900,5.434982770758457,0.15411474844984208
781,0.0843,0,27,0,18898,586712,1056,106900,5.434732668865093,0.15412074762259015
782,0.0844,1,27,1,18925,586685,1057,106899,5.434482566971729,0.15412552769383378
783,0.0845,1,11,1,18936,586674,1058,106898,5.434380673607766,0.1541267525217281
784,0.0846,0,7,0,18943,586667,1058,106898,5.434315832376154,0.15412830808936437
785,0.0847,0,16,0,18959,586651,1058,106898,5.4341676238467524,0.15413186379044594
786,0.0848,0,15,0,18974,586636,1058,106898,5.4340286783504395,0.15413519740921136
787,0.0849,0,23,0,18997,586613,1058,106898,5.433815628589425,0.15414030923806543
788,0.085,1,39,1,19036,586574,1059,106897,5.43345437029901,0.15414775816148044
789,0.0851,1,8,1,19044,586566,1060,106896,5.433380266034311,0.15414831670661117
790,0.0852,0,29,0,19073,586537,1060,106896,5.433111638074771,0.15415476332969444
791,0.0853,2,8,2,19081,586529,1062,106894,5.4330375338100705,0.1541541021858231
792,0.0854,2,18,2,19099,586511,1064,106892,5.432870799214495,0.1541556641664371
793,0.0855,1,21,1,19120,586490,1065,106891,5.432676275519656,0.15415911309943595
794,0.0856,2,18,2,19138,586472,1067,106889,5.43250954092408,0.15416067531920602
795,0.0857,0,18,0,19156,586454,1067,106889,5.432342806328505,0.15416467751170776
796,0.0858,0,18,0,19174,586436,1067,106889,5.432176071732928,0.15416867991201819
797,0.0859,1,18,1,19192,586418,1068,106888,5.432009337137353,0.15417146252881123
798,0.086,1,32,1,19224,586386,1069,106887,5.43171292007855,0.15417735870284865
799,0.0861,1,15,1,19239,586371,1070,106886,5.431573974582237,0.15417947456715186
800,0.0862,0,23,0,19262,586348,1070,106886,5.431360924821224,0.15418458990759254
801,0.0863,0,14,0,19276,586334,1070,106886,5.431231242357998,0.15418770375926835
802,0.0864,1,35,1,19311,586299,1071,106885,5.430907036199933,0.1541942687655803
803,0.0865,1,15,1,19326,586284,1072,106884,5.43076809070362,0.1541963852918773
804,0.0866,2,23,2,19349,586261,1074,106882,5.430555040942607,0.1541990613769453
805,0.0867,0,10,0,19359,586251,1074,106882,5.430462410611731,0.15420128604466965
806,0.0868,0,11,0,19370,586240,1074,106882,5.430360517247768,0.15420373325330894
807,0.0869,0,9,0,19379,586231,1074,106882,5.43027714994998,0.15420573557269882
808,0.087,3,10,3,19389,586221,1077,106879,5.430184519619104,0.15420429952387824
809,0.0871,0,20,0,19409,586201,1077,106879,5.429999258957353,0.15420874935072432
810,0.0872,4,23,4,19432,586178,1081,106875,5.429786209196339,0.15420898545998646
811,0.0873,0,16,0,19448,586162,1081,106875,5.429638000666938,0.1542125456505208
812,0.0874,1,24,1,19472,586138,1082,106874,5.4294156878728375,0.15421666580088078
813,0.0875,0,16,0,19488,586122,1082,106874,5.429267479343436,0.15422022637937305
814,0.0876,1,17,1,19505,586105,1083,106873,5.429110007780948,0.15422278917945448
815,0.0877,0,21,0,19526,586084,1083,106873,5.428915484086109,0.15422746288730757
816,0.0878,0,12,0,19538,586072,1083,106873,5.4288043276890585,0.15423013370469518
817,0.0879,0,12,0,19550,586060,1083,106873,5.428693171292008,0.15423280461458755
818,0.088,0,10,0,19560,586050,1083,106873,5.428600540961132,0.15423503044349804
819,0.0881,0,6,0,19566,586044,1083,106873,5.428544962762607,0.15423636597168203
820,0.0882,1,19,1,19585,586025,1084,106872,5.428368965133943,0.1542393746833945
821,0.0883,1,10,1,19595,586015,1085,106871,5.428276334803068,0.15424038009138588
822,0.0884,3,22,3,19617,585993,1088,106868,5.428072548075142,0.15424161556214017
823,0.0885,0,12,0,19629,585981,1088,106868,5.427961391678091,0.15424428699471313
824,0.0886,2,30,2,19659,585951,1090,106866,5.427683500685465,0.15424852450214127
825,0.0887,5,25,5,19684,585926,1095,106861,5.427451924858276,0.15424798675494777
826,0.0888,1,13,1,19697,585913,1096,106860,5.427331505428137,0.15424966042267813
827,0.0889,0,14,0,19711,585899,1096,106860,5.4272018229649115,0.15425277766149556
828,0.089,0,8,0,19719,585891,1096,106860,5.427127718700211,0.15425455899738869
829,0.0891,0,10,0,19729,585881,1096,106860,5.427035088369336,0.15425678572511228
830,0.0892,0,8,0,19737,585873,1096,106860,5.426960984104635,0.15425856715357866
831,0.0893,1,15,1,19752,585858,1097,106859,5.426822038608322,0.1542606865429894
832,0.0894,1,29,1,19781,585829,1098,106858,5.426553410648783,0.154265923858828
833,0.0895,4,6,4,19787,585823,1102,106854,5.4264978324502575,0.15426237625906447
834,0.0896,2,22,2,19809,585801,1104,106852,5.426294045722331,0.1542648339067325
835,0.0897,1,7,1,19816,585794,1105,106851,5.426229204490719,0.15426517191346217
836,0.0898,0,23,0,19839,585771,1105,106851,5.426016154729704,0.15427029461957606
837,0.0899,0,1,0,19840,585770,1105,106851,5.426006891696617,0.15427051735364652
838,0.09,1,17,1,19857,585753,1106,106850,5.425849420134129,0.15427308284832725
839,0.0901,1,15,1,19872,585738,1107,106849,5.425710474637816,0.1542752029708903
840,0.0902,0,14,0,19886,585724,1107,106849,5.42558079217459,0.15427832156321428
841,0.0903,2,13,2,19899,585711,1109,106847,5.4254603727444515,0.15427877520727507
842,0.0904,0,7,0,19906,585704,1109,106847,5.425395531512838,0.1542803345890772
843,0.0905,0,31,0,19937,585673,1109,106847,5.425108377487124,0.1542872408017097
844,0.0906,0,13,0,19950,585660,1109,106847,5.424987958056986,0.15429013713940798
845,0.0907,2,23,2,19973,585637,1111,106845,5.424774908295973,0.1542928191635306
846,0.0908,2,28,2,20001,585609,1113,106843,5.424515543369521,0.15429661550547907
847,0.0909,2,34,2,20035,585575,1115,106841,5.424200600244544,0.15430174923745263
848,0.091,0,9,0,20044,585566,1115,106841,5.424117232946756,0.1543037548724955
849,0.0911,1,15,1,20059,585551,1116,106840,5.423978287450443,0.15430587630399586
850,0.0912,2,28,2,20087,585523,1118,106838,5.4237189225239915,0.15430967371067983
851,0.0913,4,37,4,20124,585486,1122,106834,5.423376190299752,0.15431303443494337
852,0.0914,1,15,1,20139,585471,1123,106833,5.423237244803438,0.1543151563475005
853,0.0915,3,7,3,20146,585464,1126,106830,5.423172403571826,0.15431305196925005
854,0.0916,3,18,3,20164,585446,1129,106827,5.423005668976249,0.15431339948257408
855,0.0917,1,17,1,20181,585429,1130,106826,5.422848197413761,0.15431596738196185
856,0.0918,0,18,0,20199,585411,1130,106826,5.422681462818185,0.15431998000684738
857,0.0919,2,7,2,20206,585404,1132,106824,5.422616621586572,0.15431909717607495
858,0.092,1,13,1,20219,585391,1133,106823,5.4224962021564345,0.1543207736335873
859,0.0921,2,23,2,20242,585368,1135,106821,5.42228315239542,0.15432345789950433
860,0.0922,1,6,1,20248,585362,1136,106820,5.422227574196895,0.15432357385774262
861,0.0923,0,6,0,20254,585356,1136,106820,5.42217199599837,0.15432491158318115
862,0.0924,0,15,0,20269,585341,1136,106820,5.422033050502057,0.15432825599824318
863,0.0925,1,19,1,20288,585322,1137,106819,5.421857052873393,0.1543312706515002
864,0.0926,1,19,1,20307,585303,1138,106818,5.421681055244729,0.15433428547898417
865,0.0927,1,14,1,20321,585289,1139,106817,5.4215513727815035,0.1543361854975972
866,0.0928,0,9,0,20330,585280,1139,106817,5.421468005483716,0.15433819247879993
867,0.0929,2,35,2,20365,585245,1141,106815,5.421143799325651,0.15434355402710748
868,0.093,5,22,5,20387,585223,1146,106810,5.420940012597725,0.15434235072604918
869,0.0931,0,3,0,20390,585220,1146,106810,5.420912223498462,0.15434301981127985
870,0.0932,1,11,1,20401,585209,1147,106809,5.4208103301345,0.15434425116109696
871,0.0933,1,20,1,20421,585189,1148,106808,5.420625069472748,0.15434748994576566
872,0.0934,1,30,1,20451,585159,1149,106807,5.420347178480122,0.15435295953847444
873,0.0935,1,7,1,20458,585152,1150,106806,5.4202823372485085,0.1543532988996442
874,0.0936,1,11,1,20469,585141,1151,106805,5.420180443884545,0.15435453055585263
875,0.0937,0,9,0,20478,585132,1151,106805,5.4200970765867575,0.15435653823975304
876,0.0938,0,13,0,20491,585119,1151,106805,5.419976657156619,0.15435943831981547
877,0.0939,0,29,0,20520,585090,1151,106805,5.41970802919708,0.1543659081218971
878,0.094,1,25,1,20545,585065,1152,106804,5.419476453369891,0.1543702637348978
879,0.0941,1,9,1,20554,585056,1153,106803,5.419393086072104,0.15437104959247477
880,0.0942,0,10,0,20564,585046,1153,106803,5.419300455741228,0.15437328087487298
881,0.0943,0,37,0,20601,585009,1153,106803,5.418957723516988,0.15438153718062134
882,0.0944,2,17,2,20618,584992,1155,106801,5.4188002519545,0.15438288621018137
883,0.0945,3,22,3,20640,584970,1158,106798,5.418596465226574,0.1543841287830602
884,0.0946,2,11,2,20651,584959,1160,106796,5.4184945718626105,0.1543841388931052
885,0.0947,2,19,2,20670,584940,1162,106794,5.418318574233947,0.15438593447770385
886,0.0948,0,6,0,20676,584934,1162,106794,5.418262996035422,0.15438727361043647
887,0.0949,0,20,0,20696,584914,1162,106794,5.418077735373671,0.15439173755399677
888,0.095,0,8,0,20704,584906,1162,106794,5.41800363110897,0.15439352320370103
889,0.0951,0,14,0,20718,584892,1162,106794,5.417873948645744,0.15439664819007468
890,0.0952,2,17,2,20735,584875,1164,106792,5.417716477083256,0.15439799788048295
891,0.0953,1,18,1,20753,584857,1165,106791,5.41754974248768,0.15440079346719718
892,0.0954,4,32,4,20785,584825,1169,106787,5.417253325428878,0.1544030467950238
893,0.0955,2,21,2,20806,584804,1171,106785,5.41705880173404,0.1544052898470045
894,0.0956,1,12,1,20818,584792,1172,106784,5.41694764533699,0.15440674633012136
895,0.0957,0,8,0,20826,584784,1172,106784,5.416873541072289,0.1544085324942739
896,0.0958,0,10,0,20836,584774,1172,106784,5.416780910741413,0.15441076525757783
897,0.0959,1,8,1,20844,584766,1173,106783,5.4167068064767125,0.1544113287706294
898,0.096,0,5,0,20849,584761,1173,106783,5.416660491311275,0.15441244519509967
899,0.0961,0,12,0,20861,584749,1173,106783,5.416549334914224,0.15441512467969667
900,0.0962,1,23,1,20884,584726,1174,106782,5.416336285153211,0.15441903781301156
901,0.0963,0,26,0,20910,584700,1174,106782,5.4160954462929345,0.1544248440306472
902,0.0964,1,12,1,20922,584688,1175,106781,5.415984289895883,0.15442630110677413
903,0.0965,0,18,0,20940,584670,1175,106781,5.415817555300308,0.15443032116520186
904,0.0966,3,15,3,20955,584655,1178,106778,5.415678609803995,0.15443000261775183
905,0.0967,4,23,4,20978,584632,1182,106774,5.41546556004298,0.15443024792958118
906,0.0968,0,14,0,20992,584618,1182,106774,5.415335877579754,0.15443337498842913
907,0.0969,2,14,2,21006,584604,1184,106772,5.415206195116529,0.1544340561431117
908,0.097,1,16,1,21022,584588,1185,106771,5.4150579865871284,0.15443640713435422
909,0.0971,0,14,0,21036,584574,1185,106771,5.414928304123903,0.1544395345305166
910,0.0972,2,14,2,21050,584560,1187,106769,5.414798621660677,0.15444021587406287
911,0.0973,0,26,0,21076,584534,1187,106769,5.4145577828004,0.1544460243916199
912,0.0974,0,14,0,21090,584520,1187,106769,5.414428100337174,0.15444915223589556
913,0.0975,2,10,2,21100,584510,1189,106767,5.414335470006299,0.1544489401498965
914,0.0976,0,15,0,21115,584495,1189,106767,5.414196524509985,0.15445229160578766
915,0.0977,0,7,0,21122,584488,1189,106767,5.414131683278373,0.15445385566831343
916,0.0978,0,33,0,21155,584455,1189,106767,5.413826003186483,0.15446122953262484
917,0.0979,1,36,1,21191,584419,1190,106766,5.413492533995331,0.15446805124532506
918,0.098,0,20,0,21211,584399,1190,106766,5.41330727333358,0.1544725210333278
919,0.0981,1,22,1,21233,584377,1191,106765,5.413103486605654,0.15447621472866646
920,0.0982,0,11,0,21244,584366,1191,106765,5.413001593241691,0.154478673362937
921,0.0983,0,17,0,21261,584349,1191,106765,5.4128441216792025,0.15448247322438846
922,0.0984,3,19,3,21280,584330,1194,106762,5.412668124050539,0.15448305001360166
923,0.0985,1,23,1,21303,584307,1195,106761,5.412455074289525,0.1544869679973606
924,0.0986,0,21,0,21324,584286,1195,106761,5.412260550594687,0.15449166265102085
925,0.0987,1,10,1,21334,584276,1196,106760,5.412167920263811,0.15449267476658235
926,0.0988,1,10,1,21344,584266,1197,106759,5.412075289932936,0.15449368691436635
927,0.0989,0,8,0,21352,584258,1197,106759,5.4120011856682355,0.15449547550928558
928,0.099,0,16,0,21368,584242,1197,106759,5.411852977138834,0.15449905282336784
929,0.0991,1,16,1,21384,584226,1198,106758,5.411704768609433,0.1545014066895905
930,0.0992,5,23,5,21407,584203,1203,106753,5.41149171884842,0.1545004312865074
931,0.0993,0,17,0,21424,584186,1203,106753,5.411334247285931,0.15450423264571836
932,0.0994,1,6,1,21430,584180,1204,106752,5.411278669087406,0.15450435064521545
933,0.0995,4,38,4,21468,584142,1208,106748,5.410926673830079,0.1545079535092417
934,0.0996,1,19,1,21487,584123,1209,106747,5.410750676201415,0.15451097891064888
935,0.0997,1,17,1,21504,584106,1210,106746,5.410593204638927,0.15451355717288218
936,0.0998,2,28,2,21532,584078,1212,106744,5.410333839712475,0.1545173720582147
937,0.0999,0,10,0,21542,584068,1212,106744,5.4102412093816,0.15451960880818516
938,0.1,3,33,3,21575,584035,1215,106741,5.409935529289711,0.1545233187024448
939,0.1001,0,15,0,21590,584020,1215,106741,5.409796583793398,0.1545266742042472
940,0.1002,2,12,2,21602,584008,1217,106739,5.409685427396346,0.1545269107212916
941,0.1003,4,23,4,21625,583985,1221,106735,5.409472377635333,0.15452716006485986
942,0.1004,0,18,0,21643,583967,1221,106735,5.409305643039757,0.15453118711108407
943,0.1005,3,8,3,21651,583959,1224,106732,5.409231538775057,0.15452930471078963
944,0.1006,2,15,2,21666,583944,1226,106730,5.409092593278743,0.15453021251704857
945,0.1007,1,8,1,21674,583936,1227,106729,5.409018489014043,0.15453077830786272
946,0.1008,0,23,0,21697,583913,1227,106729,5.408805439253029,0.15453592454556775
947,0.1009,2,18,2,21715,583895,1229,106727,5.408638704657453,0.15453750387332
948,0.101,2,35,2,21750,583860,1231,106725,5.408314498499388,0.15454288755185822
949,0.1011,0,8,0,21758,583852,1231,106725,5.408240394234689,0.15454467785634332
950,0.1012,1,28,1,21786,583824,1232,106724,5.407981029308237,0.1545497199325753
951,0.1013,2,23,2,21809,583801,1234,106722,5.407767979547223,0.15455241896359717
952,0.1014,5,29,5,21838,583772,1239,106717,5.407499351587684,0.15455278795172697
953,0.1015,0,11,0,21849,583761,1239,106717,5.407397458223721,0.15455525013106863
954,0.1016,0,19,0,21868,583742,1239,106717,5.407221460595057,0.15455950317107894
955,0.1017,2,36,2,21904,583706,1241,106715,5.406887991403905,0.1545651131700803
956,0.1018,3,16,3,21920,583690,1244,106712,5.406739782874505,0.1545650215381763
957,0.1019,1,8,1,21928,583682,1245,106711,5.406665678609804,0.15456558800567213
958,0.102,1,25,1,21953,583657,1246,106710,5.406434102782615,0.15456996061515108
959,0.1021,3,25,3,21978,583632,1249,106707,5.406202526955426,0.15457188424817372
960,0.1022,4,17,4,21995,583615,1253,106703,5.406045055392938,0.15457079201179746
961,0.1023,2,16,2,22011,583599,1255,106701,5.405896846863537,0.15457192524989136
962,0.1024,0,32,0,22043,583567,1255,106701,5.4056004298047355,0.15457909101971987
963,0.1025,1,15,1,22058,583552,1256,106700,5.405461484308422,0.15458122540753233
964,0.1026,0,13,0,22071,583539,1256,106700,5.405341064878284,0.1545841367989928
965,0.1027,1,19,1,22090,583520,1257,106699,5.40516506724962,0.15458716726140545
966,0.1028,0,3,0,22093,583517,1257,106699,5.405137278150358,0.1545878391691876
967,0.1029,0,5,0,22098,583512,1257,106699,5.40509096298492,0.154588959028471
968,0.103,0,14,0,22112,583498,1257,106699,5.404961280521694,0.1545920947207826
969,0.1031,2,23,2,22135,583475,1259,106697,5.4047482307606804,0.15459479665938347
970,0.1032,0,10,0,22145,583465,1259,106697,5.4046556004298045,0.1545970366377749
971,0.1033,2,10,2,22155,583455,1261,106695,5.4045629700989295,0.15459682677678765
972,0.1034,0,18,0,22173,583437,1261,106695,5.404396235503353,0.15460085896611084
973,0.1035,3,15,3,22188,583422,1264,106692,5.40425729000704,0.1546005442579052
974,0.1036,0,29,0,22217,583393,1264,106692,5.4039886620475,0.15460704116159604
975,0.1037,0,9,0,22226,583384,1264,106692,5.403905294749713,0.1546090575530811
976,0.1038,1,11,1,22237,583373,1265,106691,5.403803401385749,0.15461029701592896
977,0.1039,2,25,2,22262,583348,1267,106689,5.4035718255585605,0.15461344826436843
978,0.104,2,18,2,22280,583330,1269,106687,5.403405090962985,0.1546150312238684
979,0.1041,0,21,0,22301,583309,1269,106687,5.403210567268146,0.15461973692601116
980,0.1042,1,6,1,22307,583303,1270,106686,5.403154989069621,0.15461985625857805
981,0.1043,0,13,0,22320,583290,1270,106686,5.403034569639483,0.15462276948763434
982,0.1044,2,13,2,22333,583277,1272,106684,5.4029141502093445,0.15462323232762432
983,0.1045,2,10,2,22343,583267,1274,106682,5.402821519878469,0.15462302286111002
984,0.1046,1,26,1,22369,583241,1275,106681,5.402580681018192,0.15462762457205306
985,0.1047,1,12,1,22381,583229,1276,106680,5.402469524621142,0.15462908876388046
986,0.1048,0,6,0,22387,583223,1276,106680,5.402413946422617,0.15463043355370248
987,0.1049,1,20,1,22407,583203,1277,106679,5.402228685760866,0.154633690979037
988,0.105,0,29,0,22436,583174,1277,106679,5.401960057801326,0.15464019146107938
989,0.1051,4,4,4,22440,583170,1281,106675,5.401923005668976,0.15463618638969623
990,0.1052,0,17,0,22457,583153,1281,106675,5.401765534106488,0.1546399972166975
991,0.1053,0,11,0,22468,583142,1281,106675,5.401663640742525,0.15464246314602278
992,0.1054,1,14,1,22482,583128,1282,106674,5.401533958279299,0.1546443762123044
993,0.1055,4,23,4,22505,583105,1286,106670,5.401320908518286,0.1546446304954514
994,0.1056,0,31,0,22536,583074,1286,106670,5.401033754492571,0.15465158087638312
995,0.1057,2,8,2,22544,583066,1288,106668,5.400959650227871,0.15465092339945544
996,0.1058,0,8,0,22552,583058,1288,106668,5.40088554596317,0.15465271716594706
997,0.1059,0,20,0,22572,583038,1288,106668,5.400700285301419,0.15465720176422998
998,0.106,0,18,0,22590,583020,1288,106668,5.400533550705843,0.15466123812506524
999,0.1061,3,21,3,22611,582999,1291,106665,5.400339027011005,0.15466227032293986
1000,0.1062,1,28,1,22639,582971,1292,106664,5.400079662084553,0.15466732401922756
1001,0.1063,5,22,5,22661,582949,1297,106659,5.399875875356627,0.15466612916323477
1002,0.1064,2,23,2,22684,582926,1299,106657,5.399662825595613,0.1546688360936972
1003,0.1065,1,15,1,22699,582911,1300,106656,5.3995238800992995,0.15467097468411337
1004,0.1066,0,5,0,22704,582906,1300,106656,5.3994775649338616,0.15467209620019665
1005,0.1067,3,25,3,22729,582881,1303,106653,5.3992459891066735,0.15467402622640797
1006,0.1068,2,16,2,22745,582865,1305,106651,5.399097780577272,0.1546751634479838
1007,0.1069,0,17,0,22762,582848,1305,106651,5.398940309014784,0.15467897705435396
1008,0.107,2,27,2,22789,582821,1307,106649,5.39869020712142,0.1546825822733404
1009,0.1071,0,10,0,22799,582811,1307,106649,5.398597576790544,0.154684825805703
1010,0.1072,3,9,3,22808,582802,1310,106646,5.398514209492756,0.15468316682331373
1011,0.1073,2,18,2,22826,582784,1312,106644,5.3983474748971805,0.15468475315769015
1012,0.1074,0,11,0,22837,582773,1312,106644,5.398245581533217,0.1546872212318524
1013,0.1075,2,14,2,22851,582759,1314,106642,5.398115899069992,0.15468791022931502
1014,0.1076,2,13,2,22864,582746,1316,106640,5.397995479639853,0.1546883748727128
1015,0.1077,2,29,2,22893,582717,1318,106638,5.397726851680314,0.15469242988010531
1016,0.1078,3,31,3,22924,582686,1321,106635,5.3974396976546,0.15469570780521702
1017,0.1079,0,13,0,22937,582673,1321,106635,5.397319278224462,0.15469862528796996
1018,0.108,2,18,2,22955,582655,1323,106633,5.397152543628886,0.15470021239307807
1019,0.1081,1,14,1,22969,582641,1324,106632,5.39702286116566,0.15470212818433335
1020,0.1082,2,13,2,22982,582628,1326,106630,5.396902441735522,0.15470259322343738
1021,0.1083,0,22,0,23004,582606,1326,106630,5.3966986550075955,0.15470753123748615
1022,0.1084,0,27,0,23031,582579,1326,106630,5.396448553114232,0.15471359195831744
1023,0.1085,0,20,0,23051,582559,1326,106630,5.39626329245248,0.15471808168731654
1024,0.1086,1,15,1,23066,582544,1327,106629,5.396124346956167,0.1547202226436613
1025,0.1087,0,16,0,23082,582528,1327,106629,5.395976138426766,0.15472381474758293
1026,0.1088,1,21,1,23103,582507,1328,106628,5.395781614731928,0.1547273030683393
1027,0.1089,1,35,1,23138,582472,1329,106627,5.395457408573863,0.15473393518202755
1028,0.109,0,11,0,23149,582461,1329,106627,5.3953555152099,0.15473640521965265
1029,0.1091,0,6,0,23155,582455,1329,106627,5.395299937011375,0.1547377525461411
1030,0.1092,1,10,1,23165,582445,1330,106626,5.3952073066805,0.15473877147637907
1031,0.1093,0,12,0,23177,582433,1330,106626,5.3950961502834485,0.1547414662605089
1032,0.1094,0,24,0,23201,582409,1330,106626,5.394873837489348,0.15474685611035724
1033,0.1095,0,32,0,23233,582377,1330,106626,5.3945774204305454,0.15475404316091512
1034,0.1096,1,6,1,23239,582371,1331,106625,5.39452184223202,0.15475416402997985
1035,0.1097,4,23,4,23262,582348,1335,106621,5.394308792471007,0.15475442291307737
1036,0.1098,1,29,1,23291,582319,1336,106620,5.394040164511468,0.15475971022107907
1037,0.1099,10,29,10,23320,582290,1346,106610,5.393771536551928,0.1547539555813616
1038,0.11,1,32,1,23352,582258,1347,106609,5.393475119493127,0.1547599173715681
1039,0.1101,0,17,0,23369,582241,1347,106609,5.393317647930639,0.15476373666255352
1040,0.1102,0,3,0,23372,582238,1347,106609,5.393289858831376,0.15476441067464908
1041,0.1103,1,12,1,23384,582226,1348,106608,5.393178702434325,0.15476587973299807
1042,0.1104,1,4,1,23388,582222,1349,106607,5.393141650301975,0.1547655513922904
1043,0.1105,2,21,2,23409,582201,1351,106605,5.392947126607136,0.15476781561136227
1044,0.1106,0,12,0,23421,582189,1351,106605,5.392835970210085,0.1547705119382573
1045,0.1107,0,16,0,23437,582173,1351,106605,5.392687761680684,0.15477410718693105
1046,0.1108,0,9,0,23446,582164,1351,106605,5.3926043943828965,0.15477612958771372
1047,0.1109,1,9,1,23455,582155,1352,106604,5.392521027085109,0.15477692487502887
1048,0.111,3,18,3,23473,582137,1355,106601,5.392354292489533,0.1547772883157311
1049,0.1111,0,11,0,23484,582126,1355,106601,5.39225239912557,0.1547797603404542
1050,0.1112,1,29,1,23513,582097,1356,106600,5.39198377116603,0.1547850506100651
1051,0.1113,2,27,2,23540,582070,1358,106598,5.391733669272667,0.15478866449435721
1052,0.1114,4,13,4,23553,582057,1362,106594,5.391613249842528,0.15478667714125152
1053,0.1115,1,8,1,23561,582049,1363,106593,5.391539145577828,0.1547872479459574
1054,0.1116,0,12,0,23573,582037,1363,106593,5.3914279891807775,0.1547899452536195
1055,0.1117,1,17,1,23590,582020,1364,106592,5.391270517618289,0.15479253919478603
1056,0.1118,0,17,0,23607,582003,1364,106592,5.391113046055801,0.15479636070549452
1057,0.1119,1,11,1,23618,581992,1365,106591,5.391011152691838,0.15479760609832074
1058,0.112,0,8,0,23626,581984,1365,106591,5.390937048427137,0.1547994045674037
1059,0.1121,0,20,0,23646,581964,1365,106591,5.390751787765386,0.15480390092294732
1060,0.1122,2,9,2,23655,581955,1367,106589,5.390668420467598,0.15480346934981642
1061,0.1123,2,24,2,23679,581931,1369,106587,5.390446107673497,0.15480641028992706
1062,0.1124,3,26,3,23705,581905,1372,106584,5.3902052688132205,0.15480857355745697
1063,0.1125,1,19,1,23724,581886,1373,106583,5.390029271184557,0.1548116182427967
1064,0.1126,3,19,3,23743,581867,1376,106580,5.389853273555893,0.15481220776617519
1065,0.1127,3,9,3,23752,581858,1379,106577,5.389769906258105,0.15481054856304516
1066,0.1128,1,16,1,23768,581842,1380,106576,5.389621697728704,0.1548129188952061
1067,0.1129,2,19,2,23787,581823,1382,106574,5.38944570010004,0.15481473626410341
1068,0.113,1,8,1,23795,581815,1383,106573,5.389371595835341,0.15481530764626925
1069,0.1131,2,14,2,23809,581801,1385,106571,5.389241913372115,0.1548160006508109
1070,0.1132,2,13,2,23822,581788,1387,106569,5.3891214939419765,0.15481646878000804
1071,0.1133,0,26,0,23848,581762,1387,106569,5.3888806550817,0.15482231658896664
1072,0.1134,0,20,0,23868,581742,1387,106569,5.3886953944199485,0.15482681520417368
1073,0.1135,0,13,0,23881,581729,1387,106569,5.388574974989811,0.15482973944425235
1074,0.1136,2,22,2,23903,581707,1389,106567,5.3883711882618845,0.1548322325120519
1075,0.1137,1,12,1,23915,581695,1390,106566,5.388260031864834,0.15483370407447175
1076,0.1138,1,12,1,23927,581683,1391,106565,5.388148875467783,0.15483517569248295
1077,0.1139,3,26,3,23953,581657,1394,106562,5.387908036607507,0.1548373410208088
1078,0.114,2,13,2,23966,581644,1396,106560,5.387787617177368,0.15483780971921116
1079,0.1141,2,19,2,23985,581625,1398,106558,5.387611619548705,0.15483962841279136
1080,0.1142,3,37,3,24022,581588,1401,106555,5.387268887324465,0.15484426928705225
1081,0.1143,1,13,1,24035,581575,1402,106554,5.3871484678943276,0.15484596638130352
1082,0.1144,1,17,1,24052,581558,1403,106553,5.386990996331839,0.15484856367649988
1083,0.1145,4,8,4,24060,581550,1407,106549,5.386916892067139,0.15484545101794944
1084,0.1146,2,18,2,24078,581532,1409,106547,5.386750157471562,0.15484704517940528
1085,0.1147,2,21,2,24099,581511,1411,106545,5.386555633776724,0.15484931459067286
1086,0.1148,3,24,3,24123,581487,1414,106542,5.386333320982622,0.15485103098851938
1087,0.1149,1,22,1,24145,581465,1415,106541,5.386129534254696,0.15485475417365546
1088,0.115,4,31,4,24176,581434,1419,106537,5.385842380228982,0.15485681809262308
1089,0.1151,0,10,0,24186,581424,1419,106537,5.385749749898107,0.1548590690460651
1090,0.1152,2,5,2,24191,581419,1421,106535,5.385703434732669,0.15485773758129176
1091,0.1153,1,18,1,24209,581401,1422,106534,5.385536700137093,0.15486056095415993
1092,0.1154,3,28,3,24237,581373,1425,106531,5.385277335210642,0.1548631785830581
1093,0.1155,4,23,4,24260,581350,1429,106527,5.385064285449627,0.15486344215608314
1094,0.1156,1,18,1,24278,581332,1430,106526,5.384897550854052,0.1548662660025761
1095,0.1157,0,18,0,24296,581314,1430,106526,5.384730816258475,0.1548703186787625
1096,0.1158,0,12,0,24308,581302,1430,106526,5.384619659861425,0.15487302058072658
1097,0.1159,1,3,1,24311,581299,1431,106525,5.384591870762162,0.1548724673753751
1098,0.116,1,5,1,24316,581294,1432,106524,5.384545555596724,0.15487236449176964
1099,0.1161,0,8,0,24324,581286,1432,106524,5.384471451332024,0.15487416583067998
1100,0.1162,0,16,0,24340,581270,1432,106524,5.3843232428026235,0.15487776863421315
1101,0.1163,5,33,5,24373,581237,1437,106519,5.384017562710734,0.1548790559442593
1102,0.1164,1,20,1,24393,581217,1438,106518,5.383832302048983,0.15488233113044997
1103,0.1165,0,17,0,24410,581200,1438,106518,5.383674830486495,0.15488615973407704
1104,0.1166,1,12,1,24422,581188,1439,106517,5.3835636740894435,0.15488763350564558
1105,0.1167,2,16,2,24438,581172,1441,106515,5.383415465560043,0.1548887793429278
1106,0.1168,0,2,0,24440,581170,1441,106515,5.383396939493868,0.15488922980725187
1107,0.1169,0,10,0,24450,581160,1441,106515,5.383304309162992,0.1548914821681754
1108,0.117,0,28,0,24478,581132,1441,106515,5.3830449442365405,0.15489778912727023
1109,0.1171,3,24,3,24502,581108,1444,106512,5.38282263144244,0.1548995084494343
1110,0.1172,2,18,2,24520,581090,1446,106510,5.382655896846863,0.15490110529377546
1111,0.1174,0,12,0,24532,581078,1446,106510,5.382544740449813,0.15490380867612583
1112,0.1175,0,12,0,24544,581066,1446,106510,5.382433584052762,0.15490651215283838
1113,0.1176,1,19,1,24563,581047,1447,106509,5.382257586424099,0.15490956373008163
1114,0.1177,0,16,0,24579,581031,1447,106509,5.382109377894698,0.15491316868836721
1115,0.1178,0,21,0,24600,581010,1447,106509,5.381914854199859,0.15491790045075118
1116,0.1179,1,18,1,24618,580992,1448,106508,5.381748119604283,0.15492072727272727
1117,0.118,1,15,1,24633,580977,1449,106507,5.38160917410797,0.1549228782051655
1118,0.1181,3,9,3,24642,580968,1452,106504,5.381525806810182,0.15492121860963065
1119,0.1182,0,20,0,24662,580948,1452,106504,5.381340546148431,0.15492572572339597
1120,0.1183,2,11,2,24673,580937,1454,106502,5.381238652784468,0.15492574613893015
1121,0.1184,2,12,2,24685,580925,1456,106500,5.381127496387417,0.15492599192639198
1122,0.1185,2,26,2,24711,580899,1458,106498,5.380886657527141,0.15492939305815998
1123,0.1186,3,19,3,24730,580880,1461,106495,5.380710659898477,0.1549299872704128
1124,0.1187,1,24,1,24754,580856,1462,106494,5.380488347104376,0.1549341674547174
1125,0.1188,2,9,2,24763,580847,1464,106492,5.380404979806588,0.15493373720973203
1126,0.1189,1,15,1,24778,580832,1465,106491,5.380266034310274,0.15493588894886393
1127,0.119,2,20,2,24798,580812,1467,106489,5.380080773648523,0.15493793839962403
1128,0.1191,0,15,0,24813,580797,1467,106489,5.3799418281522104,0.1549413199163085
1129,0.1192,0,18,0,24831,580779,1467,106489,5.379775093556634,0.15494537793117097
1130,0.1193,1,20,1,24851,580759,1468,106488,5.379589832894883,0.15494865746958517
1131,0.1194,1,22,1,24873,580737,1469,106487,5.379386046166957,0.1549523881587372
1132,0.1195,1,11,1,24884,580726,1470,106486,5.3792841528029935,0.15495363876067356
1133,0.1196,1,19,1,24903,580707,1471,106485,5.379108155174331,0.15495669332588272
1134,0.1197,3,35,3,24938,580672,1474,106482,5.378783949016266,0.15496089668400387
1135,0.1198,2,18,2,24956,580654,1476,106480,5.37861721442069,0.15496249639808246
1136,0.1199,0,26,0,24982,580628,1476,106480,5.378376375560413,0.15496836014134605
1137,0.12,1,23,1,25005,580605,1477,106479,5.3781633257994,0.15497231779520407
1138,0.1201,1,14,1,25019,580591,1478,106478,5.378033643336174,0.15497424567255982
1139,0.1202,3,11,3,25030,580580,1481,106475,5.377931749972211,0.15497303709310026
1140,0.1203,1,20,1,25050,580560,1482,106474,5.37774648931046,0.154976318493699
1141,0.1204,2,10,2,25060,580550,1484,106472,5.377653858979584,0.15497611430201652
1142,0.1205,0,11,0,25071,580539,1484,106472,5.377551965615621,0.15497859568478525
1143,0.1206,1,16,1,25087,580523,1485,106471,5.3774037570862205,0.15498097508857428
1144,0.1207,2,24,2,25111,580499,1487,106469,5.377181444292119,0.15498392938244576
1145,0.1208,2,22,2,25133,580477,1489,106467,5.3769776575641925,0.15498643266408907
1146,0.1209,0,35,0,25168,580442,1489,106467,5.376653451406129,0.15499432967103358
1147,0.121,1,16,1,25184,580426,1490,106466,5.3765052428767275,0.154996709817555
1148,0.1211,0,8,0,25192,580418,1490,106466,5.376431138612027,0.15499851503310602
1149,0.1212,1,10,1,25202,580408,1491,106465,5.376338508281152,0.15499954139993857
1150,0.1213,3,11,3,25213,580397,1494,106462,5.376236614917189,0.15499833299119614
1151,0.1214,5,36,5,25249,580361,1499,106457,5.375903145726037,0.15500030575785725
1152,0.1215,3,27,3,25276,580334,1502,106454,5.375653043832672,0.15500270825931728
1153,0.1216,4,27,4,25303,580307,1506,106450,5.375402941939309,0.15500388055746064
1154,0.1217,1,11,1,25314,580296,1507,106449,5.375301048575346,0.15500513290959528
1155,0.1218,0,17,0,25331,580279,1507,106449,5.3751435770128575,0.15500897007257605
1156,0.1219,0,18,0,25349,580261,1507,106449,5.374976842417281,0.15501303315810167
1157,0.122,0,25,0,25374,580236,1507,106449,5.374745266590092,0.15501867668581665
1158,0.1221,1,17,1,25391,580219,1508,106448,5.374587795027604,0.1550212839702505
1159,0.1222,1,15,1,25406,580204,1509,106447,5.374448849531291,0.15502343985518116
1160,0.1223,2,4,2,25410,580200,1511,106445,5.37441179739894,0.155021881758405
1161,0.1224,1,16,1,25426,580184,1512,106444,5.37426358886954,0.15502426350221662
1162,0.1225,1,20,1,25446,580164,1513,106443,5.374078328207788,0.15502754851028316
1163,0.1226,0,9,0,25455,580155,1513,106443,5.37399496091,0.1550295806279657
1164,0.1227,1,20,1,25475,580135,1514,106442,5.373809700248249,0.15503286594220314
1165,0.1228,1,19,1,25494,580116,1515,106441,5.3736337026195855,0.15503592564055133
1166,0.1229,6,25,6,25519,580091,1521,106435,5.373402126792397,0.1550341866149279
1167,0.123,1,25,1,25544,580066,1522,106434,5.373170550965208,0.15503860160233066
1168,0.1231,0,5,0,25549,580061,1522,106434,5.373124235799771,0.15503973080648803
1169,0.1232,5,13,5,25562,580048,1527,106429,5.373003816369632,0.1550365125124367
1170,0.1233,1,27,1,25589,580021,1528,106428,5.372753714476268,0.15504137962179274
1171,0.1234,1,18,1,25607,580003,1529,106427,5.372586979880692,0.15504421426802442
1172,0.1235,0,15,0,25622,579988,1529,106427,5.372448034384379,0.15504760239796625
1173,0.1236,0,15,0,25637,579973,1529,106427,5.372309088888065,0.15505099067599068
1174,0.1237,0,2,0,25639,579971,1529,106427,5.37229056282189,0.15505144245758293
1175,0.1238,1,16,1,25655,579955,1530,106426,5.37214235429249,0.15505382579063232
1176,0.1239,2,14,2,25669,579941,1532,106424,5.372012671829264,0.15505452638173567
1177,0.124,0,19,0,25688,579922,1532,106424,5.3718366742006,0.15505881872991173
1178,0.1241,3,24,3,25712,579898,1535,106421,5.371614361406499,0.15506054764621116
1179,0.1242,0,25,0,25737,579873,1535,106421,5.37138278557931,0.1550661961200302
1180,0.1243,3,25,3,25762,579848,1538,106418,5.371151209752121,0.15506815141650612
1181,0.1244,1,20,1,25782,579828,1539,106417,5.37096594909037,0.15507143950046995
1182,0.1245,3,17,3,25799,579811,1542,106414,5.3708084775278815,0.15507158730737003
1183,0.1246,4,26,4,25825,579785,1546,106410,5.370567638667605,0.15507253768972376
1184,0.1247,2,30,2,25855,579755,1548,106408,5.3702897476749785,0.15507685491639742
1185,0.1248,1,14,1,25869,579741,1549,106407,5.370160065211753,0.15507878766680075
1186,0.1249,0,12,0,25881,579729,1549,106407,5.370048908814702,0.1550814998775753
1187,0.125,0,19,0,25900,579710,1549,106407,5.369872911186039,0.15508579440532738
1188,0.1251,0,13,0,25913,579697,1549,106407,5.369752491755901,0.15508873290346653
1189,0.1252,3,19,3,25932,579678,1552,106404,5.369576494127237,0.15508933334499375
1190,0.1253,2,15,2,25947,579663,1554,106402,5.369437548630923,0.15509026112686117
1191,0.1254,1,22,1,25969,579641,1555,106401,5.369233761902998,0.1550940029910705
1192,0.1255,0,26,0,25995,579615,1555,106401,5.368992923042721,0.15509988105233696
1193,0.1256,0,9,0,26004,579606,1555,106401,5.368909555744933,0.15510191586966313
1194,0.1257,1,25,1,26029,579581,1556,106400,5.368677979917744,0.15510633676442934
1195,0.1258,0,11,0,26040,579570,1556,106400,5.368576086553781,0.1551088240010496
1196,0.1259,0,10,0,26050,579560,1556,106400,5.368483456222906,0.15511108519447198
1197,0.126,0,30,0,26080,579530,1556,106400,5.368205565230279,0.1551178691703235
1198,0.1261,1,7,1,26087,579523,1557,106399,5.368140723998666,0.15511822043905868
1199,0.1262,0,7,0,26094,579516,1557,106399,5.368075882767053,0.1551198034741914
1200,0.1263,1,7,1,26101,579509,1558,106398,5.36801104153544,0.15512015477316896
1201,0.1264,0,7,0,26108,579502,1558,106398,5.367946200303828,0.1551217378626622
1202,0.1265,3,14,3,26122,579488,1561,106395,5.367816517840602,0.15512120871927138
1203,0.1266,2,24,2,26146,579464,1563,106393,5.3675942050465,0.1551241731148038
1204,0.1267,0,29,0,26175,579435,1563,106393,5.3673255770869615,0.1551307324868626
1205,0.1268,3,15,3,26190,579420,1566,106390,5.3671866315906485,0.15513042971085286
1206,0.1269,2,27,2,26217,579393,1568,106388,5.366936529697284,0.15513407341410743
1207,0.127,2,24,2,26241,579369,1570,106386,5.3667142169031825,0.1551370387383249
1208,0.1271,3,20,3,26261,579349,1573,106383,5.366528956241432,0.15513786727176215
1209,0.1272,1,14,1,26275,579335,1574,106382,5.366399273778206,0.15513980257161483
1210,0.1273,1,19,1,26294,579316,1575,106381,5.366223276149542,0.1551428692264951
1211,0.1274,1,6,1,26300,579310,1576,106380,5.366167697951017,0.1551429946477271
1212,0.1275,1,12,1,26312,579298,1577,106379,5.3660565415539665,0.15514447764763875
1213,0.1276,0,12,0,26324,579286,1577,106379,5.365945385156916,0.15514719287115428
1214,0.1277,4,29,4,26353,579257,1581,106375,5.3656767571973765,0.15514882619247644
1215,0.1278,2,20,2,26373,579237,1583,106373,5.3654914965356255,0.15515088753081197
1216,0.1279,1,24,1,26397,579213,1584,106372,5.365269183741525,0.15515508653193988
1217,0.128,0,3,0,26400,579210,1584,106372,5.365241394642261,0.15515576546642124
1218,0.1281,0,11,0,26411,579199,1584,106372,5.365139501278299,0.1551582549436893
1219,0.1282,1,12,1,26423,579187,1585,106371,5.365028344881248,0.1551597384903976
1220,0.1283,2,18,2,26441,579169,1587,106369,5.364861610285672,0.15516134772981222
1221,0.1284,1,31,1,26472,579138,1588,106368,5.364574456259958,0.15516713201634996
1222,0.1285,0,14,0,26486,579124,1588,106368,5.364444773796732,0.15517030103925356
1223,0.1286,0,20,0,26506,579104,1588,106368,5.364259513134981,0.1551748284393819
1224,0.1287,0,8,0,26514,579096,1588,106368,5.364185408870281,0.1551766394734078
1225,0.1288,1,25,1,26539,579071,1589,106367,5.363953833043092,0.15518106670479315
1226,0.1289,3,22,3,26561,579049,1592,106364,5.3637500463151655,0.1551823499116591
1227,0.129,1,25,1,26586,579024,1593,106363,5.363518470487977,0.1551867776891012
1228,0.1291,2,7,2,26593,579017,1595,106361,5.363453629256363,0.1551858974171917
1229,0.1292,1,8,1,26601,579009,1596,106360,5.363379524991664,0.15518647619019826
1230,0.1293,3,26,3,26627,578983,1599,106357,5.363138686131387,0.15518866547990778
1231,0.1294,1,26,1,26653,578957,1600,106356,5.36289784727111,0.15519332042439002
1232,0.1295,1,8,1,26661,578949,1601,106355,5.36282374300641,0.15519389934977762
1233,0.1296,1,28,1,26689,578921,1602,106354,5.362564378079958,0.15519900769763964
1234,0.1297,3,15,3,26704,578906,1605,106351,5.362425432583645,0.155198706470711
1235,0.1298,0,28,0,26732,578878,1605,106351,5.362166067657194,0.15520504823934772
1236,0.1299,0,15,0,26747,578863,1605,106351,5.36202712216088,0.15520844582860246
1237,0.13,2,17,2,26764,578846,1607,106349,5.361869650598392,0.15520983077809966
1238,0.1301,2,12,2,26776,578834,1609,106347,5.361758494201341,0.15521008317510263
1239,0.1302,3,26,3,26802,578808,1612,106344,5.361517655341065,0.1552122740647331
1240,0.1303,1,16,1,26818,578792,1613,106343,5.361369446811664,0.15521466572281375
1241,0.1304,3,13,3,26831,578779,1616,106340,5.361249027381525,0.15521391174379925
1242,0.1305,2,9,2,26840,578770,1618,106338,5.361165660083738,0.15521348458929105
1243,0.1306,3,30,3,26870,578740,1621,106335,5.360887769091111,0.15521658212604458
1244,0.1307,1,9,1,26879,578731,1622,106334,5.360804401793323,0.15521738813105326
1245,0.1308,4,18,4,26897,578713,1626,106330,5.360637667197747,0.15521653385261946
1246,0.1309,1,13,1,26910,578700,1627,106329,5.360517247767609,0.15521824623483094
1247,0.131,1,14,1,26924,578686,1628,106328,5.360387565304383,0.15522018528088477
1248,0.1311,1,29,1,26953,578657,1629,106327,5.360118937344844,0.15522552351587773
1249,0.1312,0,12,0,26965,578645,1629,106327,5.360007780947794,0.15522824290627937
1250,0.1313,0,11,0,26976,578634,1629,106327,5.359905887583831,0.15523073576451799
1251,0.1314,1,9,1,26985,578625,1630,106326,5.359822520286042,0.15523154211031154
1252,0.1315,1,15,1,27000,578610,1631,106325,5.359683574789729,0.15523370830808764
1253,0.1316,1,19,1,27019,578591,1632,106324,5.359507577161065,0.1552367812064271
1254,0.1317,2,15,2,27034,578576,1634,106322,5.359368631664752,0.15523771422898008
1255,0.1318,0,13,0,27047,578563,1634,106322,5.359248212234614,0.1552406608408711
1256,0.1319,1,9,1,27056,578554,1635,106321,5.359164844936826,0.15524146742106223
1257,0.132,1,22,1,27078,578532,1636,106320,5.3589610582089,0.15524522086523804
1258,0.1321,1,16,1,27094,578516,1637,106319,5.358812849679499,0.1552476143888674
1259,0.1322,1,28,1,27122,578488,1638,106318,5.358553484753047,0.15525272850997215
1260,0.1323,2,24,2,27146,578464,1640,106316,5.358331171958946,0.15525570256140658
1261,0.1324,0,17,0,27163,578447,1640,106316,5.358173700396458,0.15525955695620236
1262,0.1325,0,17,0,27180,578430,1640,106316,5.35801622883397,0.15526341154238213
1263,0.1326,2,4,2,27184,578426,1642,106314,5.357979176701619,0.1552618512135993
1264,0.1327,2,14,2,27198,578412,1644,106312,5.357849494238393,0.15526255834467612
1265,0.1328,1,23,1,27221,578389,1645,106311,5.35763644447738,0.1552665400905506
1266,0.1329,0,8,0,27229,578381,1645,106311,5.357562340212679,0.15526835423810997
1267,0.133,2,18,2,27247,578363,1647,106309,5.3573956056171035,0.15526996868573564
1268,0.1331,1,28,1,27275,578335,1648,106308,5.357136240690652,0.1552750849712916
1269,0.1332,4,13,4,27288,578322,1652,106304,5.3570158212605135,0.15527309801263756
1270,0.1333,1,12,1,27300,578310,1653,106303,5.356904664863463,0.15527458578788308
1271,0.1334,1,15,1,27315,578295,1654,106302,5.356765719367149,0.15527675406114838
1272,0.1335,1,20,1,27335,578275,1655,106301,5.356580458705398,0.15528005656055718
1273,0.1336,0,10,0,27345,578265,1655,106301,5.356487828374523,0.1552823248598382
1274,0.1337,1,21,1,27366,578244,1656,106300,5.356293304679684,0.15528585452505608
1275,0.1338,0,23,0,27389,578221,1656,106300,5.356080254918671,0.1552910721511831
1276,0.1339,2,18,2,27407,578203,1658,106298,5.355913520323095,0.15529268766590554
1277,0.134,0,17,0,27424,578186,1658,106298,5.355756048760606,0.15529654455034742
1278,0.1341,2,7,2,27431,578179,1660,106296,5.355691207528993,0.15529566456042954
1279,0.1342,1,32,1,27463,578147,1661,106295,5.355394790470192,0.15530169101253283
1280,0.1343,1,21,1,27484,578126,1662,106294,5.355200266775353,0.1553052219397446
1281,0.1344,0,2,0,27486,578124,1662,106294,5.3551817407091775,0.15530567577123922
1282,0.1345,1,12,1,27498,578112,1663,106293,5.355070584312127,0.15530716461744143
1283,0.1346,2,25,2,27523,578087,1665,106291,5.354839008484938,0.15531036941573223
1284,0.1347,2,15,2,27538,578072,1667,106289,5.354700062988625,0.15531130499838536
1285,0.1348,2,14,2,27552,578058,1669,106287,5.3545703805253995,0.15531201367731187
1286,0.1349,1,21,1,27573,578037,1670,106286,5.35437585683056,0.15531554543687703
1287,0.135,2,18,2,27591,578019,1672,106284,5.354209122234985,0.1553171621343177
1288,0.1351,2,28,2,27619,577991,1674,106282,5.353949757308533,0.15532104876270145
1289,0.1352,0,18,0,27637,577973,1674,106282,5.353783022712957,0.15532513463547945
1290,0.1353,2,21,2,27658,577952,1676,106280,5.353588499018119,0.15532743280057057
1291,0.1354,1,17,1,27675,577935,1677,106279,5.35343102745563,0.1553300575550924
1292,0.1355,1,9,1,27684,577926,1678,106278,5.3533476601578425,0.15533086623287792
1293,0.1356,3,31,3,27715,577895,1681,106275,5.3530605061321275,0.15533420056418726
1294,0.1357,1,12,1,27727,577883,1682,106274,5.352949349735077,0.15533569049209464
1295,0.1358,2,29,2,27756,577854,1684,106272,5.352680721775538,0.1553398058252427
1296,0.1359,1,23,1,27779,577831,1685,106271,5.352467672014525,0.15534379376174898
1297,0.136,0,12,0,27791,577819,1685,106271,5.3523565156174735,0.15534651873291527
1298,0.1361,2,23,2,27814,577796,1687,106269,5.35214346585646,0.1553492723644683
1299,0.1362,2,46,2,27860,577750,1689,106267,5.351717366334433,0.15535724989291202
1300,0.1363,2,13,2,27873,577737,1691,106265,5.351596946904294,0.1553577328721261
1301,0.1364,1,10,1,27883,577727,1692,106264,5.351504316573418,0.15535876934053225
1302,0.1365,2,14,2,27897,577713,1694,106262,5.351374634110193,0.1553594795131401
1303,0.1366,2,32,2,27929,577681,1696,106260,5.351078217051391,0.15536427849770668
1304,0.1367,3,9,3,27938,577672,1699,106257,5.3509948497536035,0.15536261804953438
1305,0.1368,1,12,1,27950,577660,1700,106256,5.350883693356552,0.15536410904263095
1306,0.1369,1,9,1,27959,577651,1701,106255,5.350800326058764,0.15536491857068077
1307,0.137,1,11,1,27970,577640,1702,106254,5.350698432694801,0.15536618247857123
1308,0.1371,3,27,3,27997,577613,1705,106251,5.350448330801438,0.15536861130283214
1309,0.1372,1,7,1,28004,577606,1706,106250,5.350383489569825,0.1553689665660607
1310,0.1373,1,11,1,28015,577595,1707,106249,5.350281596205861,0.15537023063739683
1311,0.1374,1,24,1,28039,577571,1708,106248,5.350059283411761,0.1553744485017234
1312,0.1375,2,20,2,28059,577551,1710,106246,5.34987402275001,0.15537652256444529
1313,0.1376,1,20,1,28079,577531,1711,106245,5.349688762088258,0.1553798319917634
1314,0.1377,1,24,1,28103,577507,1712,106244,5.349466449294157,0.155384050626617
1315,0.1378,3,8,3,28111,577499,1715,106241,5.3493923450294565,0.15538216281042502
1316,0.1379,0,24,0,28135,577475,1715,106241,5.349170032235355,0.15538761708077622
1317,0.138,2,17,2,28152,577458,1717,106239,5.3490125606728665,0.15538901004392297
1318,0.1381,0,4,0,28156,577454,1717,106239,5.348975508540517,0.1553899191596228
1319,0.1382,1,16,1,28172,577438,1718,106238,5.3488273000111155,0.15539232033887396
1320,0.1383,0,3,0,28175,577435,1718,106238,5.348799510911853,0.15539300221012092
1321,0.1384,0,8,0,28183,577427,1718,106238,5.348725406647152,0.15539482056270248
1322,0.1385,1,7,1,28190,577420,1719,106237,5.34866056541554,0.1553951762360365
1323,0.1386,6,12,6,28202,577408,1725,106231,5.348549409018489,0.15539049118028667
1324,0.1387,1,29,1,28231,577379,1726,106230,5.34828078105895,0.1553958476263478
1325,0.1388,2,21,2,28252,577358,1728,106228,5.348086257364112,0.15539815034245874
1326,0.1389,1,19,1,28271,577339,1729,106227,5.347910259735448,0.1554012341163838
1327,0.139,2,9,2,28280,577330,1731,106225,5.34782689243766,0.15540080900585906
1328,0.1391,1,17,1,28297,577313,1732,106224,5.347669420875171,0.15540343829229433
1329,0.1392,1,6,1,28303,577307,1733,106223,5.347613842676646,0.15540356677834186
1330,0.1393,0,32,0,28335,577275,1733,106223,5.347317425617844,0.15541084246040224
1331,0.1394,1,14,1,28349,577261,1734,106222,5.347187743154619,0.15541279007671002
1332,0.1395,3,17,3,28366,577244,1737,106219,5.34703027159213,0.15541294846977818
1333,0.1396,0,21,0,28387,577223,1737,106219,5.346835747897291,0.15541772381562738
1334,0.1397,0,17,0,28404,577206,1737,106219,5.346678276334803,0.15542158978673593
1335,0.1398,0,15,0,28419,577191,1737,106219,5.34653933083849,0.15542500109743784
1336,0.1399,0,25,0,28444,577166,1737,106219,5.346307755011301,0.15543068694806003
1337,0.14,0,15,0,28459,577151,1737,106219,5.346168809514988,0.15543409865812077
1338,0.1401,0,14,0,28473,577137,1737,106219,5.346039127051762,0.15543728305597668
1339,0.1402,1,28,1,28501,577109,1738,106218,5.345779762125311,0.15544241629556566
1340,0.1403,1,8,1,28509,577101,1739,106217,5.34570565786061,0.1554430001843944
1341,0.1404,0,18,0,28527,577083,1739,106217,5.345538923265034,0.15544709498024295
1342,0.1405,1,11,1,28538,577072,1740,106216,5.3454370299010705,0.15544836145227195
1343,0.1406,0,19,0,28557,577053,1740,106216,5.345261032272408,0.1554526840819648
1344,0.1407,3,10,3,28567,577043,1743,106213,5.345168401941532,0.1554512510684136
1345,0.1408,0,17,0,28584,577026,1743,106213,5.345010930379043,0.15545511892617372
1346,0.1409,5,35,5,28619,576991,1748,106208,5.344686724220979,0.1554569020153718
1347,0.141,0,22,0,28641,576969,1748,106208,5.344482937493053,0.15546190811458815
1348,0.1411,4,25,4,28666,576944,1752,106204,5.344251361665864,0.15546265230960202
1349,0.1412,0,8,0,28674,576936,1752,106204,5.344177257401164,0.1554644728752525
1350,0.1413,2,28,2,28702,576908,1754,106202,5.343917892474712,0.15546837259006602
1351,0.1414,3,29,3,28731,576879,1757,106199,5.3436492645151725,0.15547126389665603
1352,0.1415,1,20,1,28751,576859,1758,106198,5.343464003853422,0.1554745797202869
1353,0.1416,3,33,3,28784,576826,1761,106195,5.343158323761532,0.1554783820702438
1354,0.1417,2,28,2,28812,576798,1763,106193,5.342898958835081,0.15548228307547243
1355,0.1418,3,39,3,28851,576759,1766,106190,5.342537700544666,0.15548745221092644
1356,0.1419,0,4,0,28855,576755,1766,106190,5.342500648412316,0.15548836289891574
1357,0.142,0,10,0,28865,576745,1766,106190,5.34240801808144,0.15549063966556115
1358,0.1421,2,30,2,28895,576715,1768,106188,5.342130127088814,0.15549499709329143
1359,0.1422,1,21,1,28916,576694,1769,106187,5.341935603393975,0.15549854220574302
1360,0.1423,0,13,0,28929,576681,1769,106187,5.3418151839638375,0.15550150248657135
1361,0.1424,0,10,0,28939,576671,1769,106187,5.341722553632962,0.15550377970236856
1362,0.1425,0,10,0,28949,576661,1769,106187,5.341629923302086,0.1555060569848634
1363,0.1426,0,15,0,28964,576646,1769,106187,5.341490977805773,0.15550947303367002
1364,0.1427,0,11,0,28975,576635,1769,106187,5.3413890844418095,0.1555119782315157
1365,0.1428,0,36,0,29011,576599,1769,106187,5.341055615250657,0.1555201776252003
1366,0.1429,2,18,2,29029,576581,1771,106185,5.340888880655082,0.15552180395626028
1367,0.143,0,18,0,29047,576563,1771,106185,5.340722146059505,0.15552590414032702
1368,0.1431,3,25,3,29072,576538,1774,106182,5.340490570232316,0.15552788844621515
1369,0.1432,0,21,0,29093,576517,1774,106182,5.340296046537478,0.15553267252478764
1370,0.1433,2,21,2,29114,576496,1776,106180,5.340101522842639,0.15553498292015538
1371,0.1434,0,18,0,29132,576478,1776,106180,5.339934788247064,0.15553908399227726
1372,0.1435,3,21,3,29153,576457,1779,106177,5.339740264552225,0.15554015768332663
1373,0.1436,1,14,1,29167,576443,1780,106176,5.339610582089,0.1555421106063558
1374,0.1437,1,20,1,29187,576423,1781,106175,5.339425321427248,0.1555454308392348
1375,0.1438,0,15,0,29202,576408,1781,106175,5.339286375930935,0.1555488490044434
1376,0.1439,1,5,1,29207,576403,1782,106174,5.339240060765497,0.15554875127641277
1377,0.144,0,3,0,29210,576400,1782,106174,5.339212271666234,0.1555494349330622
1378,0.1441,3,26,3,29236,576374,1785,106171,5.338971432805958,0.1555516486092492
1379,0.1442,3,18,3,29254,576356,1788,106168,5.338804698210382,0.1555520391956913
1380,0.1443,1,18,1,29272,576338,1789,106167,5.338637963614806,0.15555490435967503
1381,0.1444,1,19,1,29291,576319,1790,106166,5.338461965986142,0.1555579976116691
1382,0.1445,4,18,4,29309,576301,1794,106162,5.338295231390567,0.15555715108364848
1383,0.1446,0,11,0,29320,576290,1794,106162,5.338193338026604,0.1555596584082104
1384,0.1447,4,29,4,29349,576261,1798,106158,5.337924710067064,0.15556131936537523
1385,0.1448,0,13,0,29362,576248,1798,106158,5.337804290636926,0.15556428284628213
1386,0.1449,0,11,0,29373,576237,1798,106158,5.337702397272963,0.15556679049524103
1387,0.145,0,40,0,29413,576197,1798,106158,5.337331875949461,0.15557590990027184
1388,0.1451,0,14,0,29427,576183,1798,106158,5.3372021934862355,0.15557910194462884
1389,0.1452,1,15,1,29442,576168,1799,106157,5.337063247989922,0.15558128457846335
1390,0.1453,0,13,0,29455,576155,1799,106157,5.336942828559784,0.15558424884803432
1391,0.1454,1,22,1,29477,576133,1800,106156,5.336739041831858,0.15558802794710158
1392,0.1455,1,25,1,29502,576108,1801,106155,5.336507466004669,0.15559249145857243
1393,0.1456,0,13,0,29515,576095,1801,106155,5.33638704657453,0.15559545621106632
1394,0.1457,1,9,1,29524,576086,1802,106154,5.336303679276742,0.15559627110694185
1395,0.1458,0,18,0,29542,576068,1802,106154,5.336136944681167,0.15560037641706073
1396,0.1459,1,18,1,29560,576050,1803,106153,5.33597021008559,0.15560324419564264
1397,0.146,3,29,3,29589,576021,1806,106150,5.335701582126052,0.15560614567315234
1398,0.1461,1,15,1,29604,576006,1807,106149,5.335562636629738,0.1556083294852343
1399,0.1462,3,17,3,29621,575989,1810,106146,5.335405165067249,0.15560849391982526
1400,0.1463,2,35,2,29656,575954,1812,106144,5.335080958909185,0.1556140026799668
1401,0.1464,2,11,2,29667,575943,1814,106142,5.334979065545222,0.15561403637376572
1402,0.1465,1,20,1,29687,575923,1815,106141,5.334793804883471,0.15561736142062915
1403,0.1466,6,30,6,29717,575893,1821,106135,5.3345159138908445,0.15561677819678957
1404,0.1467,1,26,1,29743,575867,1822,106134,5.334275075030568,0.15562147269578783
1405,0.1468,0,16,0,29759,575851,1822,106134,5.334126866501167,0.15562512371972992
1406,0.1469,0,10,0,29769,575841,1822,106134,5.334034236170291,0.15562740569668976
1407,0.147,2,15,2,29784,575826,1824,106132,5.333895290673978,0.15562835247918494
1408,0.1471,1,21,1,29805,575805,1825,106131,5.33370076697914,0.15563190680650382
1409,0.1472,0,4,0,29809,575801,1825,106131,5.333663714846789,0.1556328196946323
1410,0.1473,1,19,1,29828,575782,1826,106130,5.333487717218126,0.15563591783103978
1411,0.1474,1,15,1,29843,575767,1827,106129,5.333348771721813,0.15563810317115806
1412,0.1475,4,33,4,29876,575734,1831,106125,5.333043091629923,0.1556406823111523
1413,0.1476,1,13,1,29889,575721,1832,106124,5.332922672199785,0.155642411398485
1414,0.1477,1,15,1,29904,575706,1833,106123,5.332783726703472,0.15564459710572592
1415,0.1478,2,28,2,29932,575678,1835,106121,5.33252436177702,0.15564851224481116
1416,0.1479,1,27,1,29959,575651,1836,106120,5.332274259883656,0.15565343788456829
1417,0.148,1,25,1,29984,575626,1837,106119,5.332042684056468,0.15565790728204829
1418,0.1481,1,19,1,30003,575607,1838,106118,5.331866686427804,0.15566100700429059
1419,0.1482,1,31,1,30034,575576,1839,106117,5.33157953240209,0.1556668470997942
1420,0.1483,2,8,2,30042,575568,1841,106115,5.3315054281373895,0.15566619675127588
1421,0.1484,3,19,3,30061,575549,1844,106112,5.331329430508726,0.15566681972417373
1422,0.1485,0,15,0,30076,575534,1844,106112,5.331190485012413,0.15567024525926948
1423,0.1486,0,7,0,30083,575527,1844,106112,5.3311256437807995,0.15567184389390865
1424,0.1487,5,19,5,30102,575508,1849,106107,5.330949646152136,0.15566998965691775
1425,0.1488,4,16,4,30118,575492,1853,106103,5.3308014376227355,0.1556686888841614
1426,0.1489,2,11,2,30129,575481,1855,106101,5.330699544258772,0.15566872364587092
1427,0.149,0,3,0,30132,575478,1855,106101,5.33067175515951,0.15566940882861707
1428,0.1491,0,25,0,30157,575453,1855,106101,5.330440179332321,0.15567511891941063
1429,0.1492,0,6,0,30163,575447,1855,106101,5.330384601133796,0.15567648940353432
1430,0.1493,1,32,1,30195,575415,1856,106100,5.330088184074993,0.155682560178426
1431,0.1494,0,23,0,30218,575392,1856,106100,5.32987513431398,0.15568781438373452
1432,0.1495,2,22,2,30240,575370,1858,106098,5.3296713475860535,0.15569036257021607
1433,0.1496,0,28,0,30268,575342,1858,106098,5.329411982659602,0.1556967598027706
1434,0.1497,3,17,3,30285,575325,1861,106095,5.329254511097114,0.15569692700537113
1435,0.1498,2,19,2,30304,575306,1863,106093,5.32907851346845,0.15569879028293263
1436,0.1499,1,24,1,30328,575282,1864,106092,5.328856200674349,0.15570303533742116
1437,0.15,2,7,2,30335,575275,1866,106090,5.328791359442736,0.15570215670015336
1438,0.1501,0,22,0,30357,575253,1866,106090,5.3285875727148095,0.15570718419357063
1439,0.1502,0,12,0,30369,575241,1866,106090,5.328476416317759,0.15570992659955293
1440,0.1503,1,16,1,30385,575225,1867,106089,5.328328207788358,0.15571234408804163
1441,0.1504,2,16,2,30401,575209,1869,106087,5.328179999258957,0.15571352246307038
1442,0.1505,1,17,1,30418,575192,1870,106086,5.328022527696469,0.1557161687299458
1443,0.1506,1,12,1,30430,575180,1871,106085,5.327911371299418,0.15571767227143624
1444,0.1507,0,6,0,30436,575174,1871,106085,5.327855793100893,0.1557190437117161
1445,0.1508,3,14,3,30450,575160,1874,106082,5.327726110637667,0.15571852586892765
1446,0.1509,2,20,2,30470,575140,1876,106080,5.327540849975916,0.15572061888963917
1447,0.151,2,14,2,30484,575126,1878,106078,5.3274111675126905,0.15572134045014416
1448,0.1511,0,20,0,30504,575106,1878,106078,5.3272259068509396,0.15572591252877344
1449,0.1512,0,15,0,30519,575091,1878,106078,5.327086961354626,0.15572934176393818
1450,0.1513,2,28,2,30547,575063,1880,106076,5.326827596428174,0.15573326442914
1451,0.1514,1,14,1,30561,575049,1881,106075,5.326697913964948,0.15573522589132083
1452,0.1515,4,27,4,30588,575022,1885,106071,5.326447812071585,0.1557364412789443
1453,0.1516,0,23,0,30611,574999,1885,106071,5.326234762310571,0.15574170055941386
1454,0.1517,1,6,1,30617,574993,1886,106070,5.326179184112045,0.15574183298755034
1455,0.1518,3,16,3,30633,574977,1889,106067,5.326030975582645,0.15574177292509736
1456,0.1519,0,11,0,30644,574966,1889,106067,5.325929082218682,0.15574428845591917
1457,0.152,0,14,0,30658,574952,1889,106067,5.325799399755456,0.1557474901581307
1458,0.1521,1,24,1,30682,574928,1890,106066,5.325577086961355,0.15575173936921619
1459,0.1522,2,7,2,30689,574921,1892,106064,5.325512245729742,0.1557508608853352
1460,0.1523,1,28,1,30717,574893,1893,106063,5.325252880803291,0.15575602535259253
1461,0.1524,1,26,1,30743,574867,1894,106062,5.325012041943014,0.15576073276362146
1462,0.1525,0,8,0,30751,574859,1894,106062,5.324937937678313,0.15576256276425607
1463,0.1526,2,23,2,30774,574836,1896,106060,5.3247248879172995,0.15576534448726384
1464,0.1527,4,13,4,30787,574823,1900,106056,5.324604468487162,0.1557633588346828
1465,0.1528,1,30,1,30817,574793,1901,106055,5.324326577494535,0.15576898221041996
1466,0.1529,2,30,2,30847,574763,1903,106053,5.324048686501908,0.15577336607835304
1467,0.153,0,16,0,30863,574747,1903,106053,5.323900477972507,0.15577702702702703
1468,0.1531,2,14,2,30877,574733,1905,106051,5.323770795509281,0.1557777503584103
1469,0.1532,4,30,4,30907,574703,1909,106047,5.323492904516655,0.15577965479250827
1470,0.1533,3,19,3,30926,574684,1912,106044,5.3233169068879915,0.1557802822860232
1471,0.1534,1,24,1,30950,574660,1913,106043,5.32309459409389,0.15578453451799096
1472,0.1535,0,16,0,30966,574644,1913,106043,5.32294638556449,0.15578819633693605
1473,0.1536,0,10,0,30976,574634,1913,106043,5.322853755233614,0.15579048506119642
1474,0.1537,1,33,1,31009,574601,1914,106042,5.322548075141724,0.1557967980277473
1475,0.1538,0,4,0,31013,574597,1914,106042,5.322511023009374,0.1557977136191138
1476,0.1539,0,20,0,31033,574577,1914,106042,5.3223257623476234,0.15580229173737437
1477,0.154,0,17,0,31050,574560,1914,106042,5.322168290785135,0.15580618334944651
1478,0.1541,1,5,1,31055,574555,1915,106041,5.322121975619697,0.15580608760556924
1479,0.1542,2,9,2,31064,574546,1917,106039,5.322038608321909,0.15580566718337902
1480,0.1543,2,27,2,31091,574519,1919,106037,5.321788506428545,0.1558093676346987
1481,0.1544,0,7,0,31098,574512,1919,106037,5.321723665196932,0.15581097026077476
1482,0.1545,0,9,0,31107,574503,1919,106037,5.321640297899144,0.15581303082845976
1483,0.1546,1,22,1,31129,574481,1920,106036,5.321436511171218,0.15581682750026818
1484,0.1547,0,11,0,31140,574470,1920,106036,5.3213346178072545,0.15581934619239213
1485,0.1548,1,20,1,31160,574450,1921,106035,5.3211493571455035,0.1558226852906383
1486,0.1549,1,24,1,31184,574426,1922,106034,5.320927044351403,0.15582694059900656
1487,0.155,0,15,0,31199,574411,1922,106034,5.320788098855089,0.1558303757100133
1488,0.1551,6,18,6,31217,574393,1928,106028,5.320621364259513,0.15582705413266199
1489,0.1552,1,6,1,31223,574387,1929,106027,5.320565786060988,0.15582718756521766
1490,0.1553,1,7,1,31230,574380,1930,106026,5.320500944829375,0.15582755002160475
1491,0.1554,1,6,1,31236,574374,1931,106025,5.3204453666308495,0.1558276834622038
1492,0.1555,0,16,0,31252,574358,1931,106025,5.320297158101448,0.15583134793197362
1493,0.1556,1,12,1,31264,574346,1932,106024,5.320186001704398,0.15583285565207167
1494,0.1557,1,15,1,31279,574331,1933,106023,5.320047056208085,0.1558350505766116
1495,0.1558,3,18,3,31297,574313,1936,106020,5.319880321612509,0.15583545116876588
1496,0.1559,2,8,2,31305,574305,1938,106018,5.319806217347808,0.1558348019984625
1497,0.156,0,10,0,31315,574295,1938,106018,5.319713587016933,0.15583709263236187
1498,0.1561,1,18,1,31333,574277,1939,106017,5.3195468524213565,0.15583997506960226
1499,0.1562,1,23,1,31356,574254,1940,106016,5.319333802660343,0.15584400311640967
1500,0.1563,0,7,0,31363,574247,1940,106016,5.3192689614287305,0.1558456067726747
1501,0.1564,0,15,0,31378,574232,1940,106016,5.319130015932417,0.1558490432900942
1502,0.1565,3,12,3,31390,574220,1943,106013,5.319018859535366,0.15584806970552736
1503,0.1566,1,11,1,31401,574209,1944,106012,5.318916966171403,0.15584934896158747
1504,0.1567,1,12,1,31413,574197,1945,106011,5.318805809774353,0.15585085738479995
1505,0.1568,0,1,0,31414,574196,1945,106011,5.318796546741265,0.15585108650748963
1506,0.1569,0,6,0,31420,574190,1945,106011,5.318740968542739,0.15585246125777527
1507,0.157,2,12,2,31432,574178,1947,106009,5.318629812145689,0.15585272873489203
1508,0.1571,2,11,2,31443,574167,1949,106007,5.318527918781726,0.15585276708606915
1509,0.1572,1,10,1,31453,574157,1950,106006,5.318435288450851,0.1558538173937718
1510,0.1573,1,14,1,31467,574143,1951,106005,5.318305605987625,0.15585578432929303
1511,0.1574,1,12,1,31479,574131,1952,106004,5.318194449590574,0.1558572930374117
1512,0.1575,1,15,1,31494,574116,1953,106003,5.318055504094261,0.15585948929525567
1513,0.1576,3,17,3,31511,574099,1956,106000,5.317898032531772,0.15585966160808942
1514,0.1577,5,47,5,31558,574052,1961,105995,5.317462669976657,0.15586422703136696
1515,0.1578,3,19,3,31577,574033,1964,105992,5.3172866723479935,0.15586485790963567
1516,0.1579,1,2,1,31579,574031,1965,105991,5.317268146281818,0.1558640749858093
1517,0.158,1,10,1,31589,574021,1966,105990,5.317175515950943,0.15586512571120173
1518,0.1581,1,10,1,31599,574011,1967,105989,5.317082885620067,0.15586617647058823
1519,0.1582,2,26,2,31625,573985,1969,105987,5.316842046759791,0.15586965345631879
1520,0.1583,2,13,2,31638,573972,1971,105985,5.3167216273296525,0.1558701506124652
1521,0.1584,0,13,0,31651,573959,1971,105985,5.316601207899515,0.15587313072841294
1522,0.1585,2,27,2,31678,573932,1973,105983,5.316351106006151,0.1558768375458697
1523,0.1586,1,15,1,31693,573917,1974,105982,5.316212160509838,0.15587903497431235
1524,0.1587,0,14,0,31707,573903,1974,105982,5.316082478046612,0.15588224479139853
1525,0.1588,0,16,0,31723,573887,1974,105982,5.315934269517211,0.15588591331565346
1526,0.1589,1,21,1,31744,573866,1975,105981,5.3157397458223725,0.15588948689925822
1527,0.159,3,28,3,31772,573838,1978,105978,5.31548038089592,0.15589218259058332
1528,0.1591,2,12,2,31784,573826,1980,105976,5.31536922449887,0.15589245103721378
1529,0.1592,0,24,0,31808,573802,1980,105976,5.315146911704769,0.155897954920577
1530,0.1593,5,13,5,31821,573789,1985,105971,5.31502649227463,0.1558947275509003
1531,0.1594,3,6,3,31827,573783,1988,105968,5.314970914076105,0.15589237823850205
1532,0.1595,1,14,1,31841,573769,1989,105967,5.3148412316128795,0.1558943472171549
1533,0.1596,2,15,2,31856,573754,1991,105965,5.314702286116566,0.15589530379465633
1534,0.1597,2,32,2,31888,573722,1993,105963,5.314405869057764,0.15590015963277107
1535,0.1598,1,16,1,31904,573706,1994,105962,5.314257660528363,0.1559025877340113
1536,0.1599,2,25,2,31929,573681,1996,105960,5.314026084701174,0.15590583852357348
1537,0.16,2,21,2,31950,573660,1998,105958,5.313831561006336,0.1559081719436507
1538,0.1601,0,10,0,31960,573650,1998,105958,5.31373893067546,0.1559104660333604
1539,0.1602,1,8,1,31968,573642,1999,105957,5.3136648264107595,0.15591105931586127
1540,0.1603,2,14,2,31982,573628,2001,105955,5.313535143947534,0.15591178708119538
1541,0.1604,1,17,1,31999,573611,2002,105954,5.313377672385045,0.15591444527013604
1542,0.1605,4,21,4,32020,573590,2006,105950,5.313183148690207,0.1559142949642405
1543,0.1606,1,35,1,32055,573555,2007,105949,5.312858942532142,0.15592108361393017
1544,0.1607,0,8,0,32063,573547,2007,105949,5.312784838267442,0.15592291934021688
1545,0.1608,1,16,1,32079,573531,2008,105948,5.312636629738042,0.15592534868627286
1546,0.1609,3,26,3,32105,573505,2011,105945,5.312395790877765,0.155927588490691
1547,0.161,1,30,1,32135,573475,2012,105944,5.312117899885139,0.15593323118723498
1548,0.1611,4,23,4,32158,573452,2016,105940,5.311904850124125,0.15593354057745748
1549,0.1612,0,16,0,32174,573436,2016,105940,5.311756641594724,0.15593721297190363
1550,0.1613,1,17,1,32191,573419,2017,105939,5.311599170032236,0.15593987264446726
1551,0.1614,0,15,0,32206,573404,2017,105939,5.311460224535922,0.1559433158213156
1552,0.1615,2,17,2,32223,573387,2019,105937,5.311302752973433,0.15594473329368608
1553,0.1616,2,18,2,32241,573369,2021,105935,5.311136018377858,0.1559463804128932
1554,0.1617,4,22,4,32263,573347,2025,105931,5.3109322316499314,0.15594646080102698
1555,0.1618,1,9,1,32272,573338,2026,105930,5.310848864352144,0.15594728442970962
1556,0.1619,1,19,1,32291,573319,2027,105929,5.31067286672348,0.15595040397616186
1557,0.162,1,12,1,32303,573307,2028,105928,5.3105617103264295,0.15595191649429138
1558,0.1621,1,19,1,32322,573288,2029,105927,5.310385712697766,0.155955036328703
1559,0.1622,2,13,2,32335,573275,2031,105925,5.310265293267627,0.1559555359246172
1560,0.1623,1,23,1,32358,573252,2032,105924,5.310052243506614,0.15595957454327009
1561,0.1624,0,15,0,32373,573237,2032,105924,5.309913298010301,0.1559630190779506
1562,0.1625,2,11,2,32384,573226,2034,105922,5.309811404646338,0.15596305959820245
1563,0.1626,1,5,1,32389,573221,2035,105921,5.3097650894809,0.15596296503529453
1564,0.1627,0,18,0,32407,573203,2035,105921,5.309598354885324,0.15596709879197318
1565,0.1628,0,24,0,32431,573179,2035,105921,5.309376042091222,0.15597261080842292
1566,0.1629,2,15,2,32446,573164,2037,105919,5.309237096594909,0.15597357024104563
1567,0.163,1,14,1,32460,573150,2038,105918,5.309107414131684,0.1559755429500433
1568,0.1631,1,17,1,32477,573133,2039,105917,5.308949942569195,0.15597820484500405
1569,0.1632,0,13,0,32490,573120,2039,105917,5.308829523139057,0.15598119101021005
1570,0.1633,3,23,3,32513,573097,2042,105914,5.308616473378043,0.15598274549307742
1571,0.1634,0,16,0,32529,573081,2042,105914,5.308468264848642,0.15598642110766647
1572,0.1635,0,28,0,32557,573053,2042,105914,5.308208899922191,0.15599285385003983
1573,0.1636,0,16,0,32573,573037,2042,105914,5.3080606913927895,0.1559965299410414
1574,0.1637,1,19,1,32592,573018,2043,105913,5.307884693764126,0.15599965239472052
1575,0.1638,1,17,1,32609,573001,2044,105912,5.307727222201637,0.15600231546604645
1576,0.1639,1,15,1,32624,572986,2045,105911,5.307588276705324,0.1560045190949437
1577,0.164,1,21,1,32645,572965,2046,105910,5.307393753010485,0.15600810163874057
1578,0.1641,2,12,2,32657,572953,2048,105908,5.307282596613435,0.1560083728480499
1579,0.1642,2,16,2,32673,572937,2050,105906,5.307134388084034,0.1560095633305492
1580,0.1643,0,15,0,32688,572922,2050,105906,5.306995442587721,0.1560130106595485
1581,0.1644,2,28,2,32716,572894,2052,105904,5.306736077661269,0.15601695938998053
1582,0.1645,1,13,1,32729,572881,2053,105903,5.306615658231131,0.15601870403545162
1583,0.1646,0,15,0,32744,572866,2053,105903,5.306476712734818,0.15602215186609877
1584,0.1647,1,19,1,32763,572847,2054,105902,5.306300715106154,0.1560252759120087
1585,0.1648,5,32,5,32795,572815,2059,105897,5.306004298047353,0.1560264147385047
1586,0.1649,2,22,2,32817,572793,2061,105895,5.305800511319426,0.1560289853364138
1587,0.165,0,15,0,32832,572778,2061,105895,5.305661565823113,0.15603243388200208
1588,0.1651,0,16,0,32848,572762,2061,105895,5.305513357293712,0.15603611249865543
1589,0.1652,1,11,1,32859,572751,2062,105894,5.305411463929749,0.15603739805052716
1590,0.1653,1,14,1,32873,572737,2063,105893,5.305281781466523,0.1560393734435554
1591,0.1654,1,36,1,32909,572701,2064,105892,5.304948312275371,0.15604640778787873
1592,0.1655,1,16,1,32925,572685,2065,105891,5.30480010374597,0.156048843460423
1593,0.1656,0,11,0,32936,572674,2065,105891,5.304698210382007,0.15605137311827164
1594,0.1657,1,23,1,32959,572651,2066,105890,5.3044851606209935,0.15605541890615304
1595,0.1658,2,11,2,32970,572640,2068,105888,5.30438326725703,0.1560554612337295
1596,0.1659,1,10,1,32980,572630,2069,105887,5.304290636926155,0.1560565173753937
1597,0.166,2,25,2,33005,572605,2071,105885,5.304059061098966,0.15605977980515556
1598,0.1661,0,20,0,33025,572585,2071,105885,5.3038738004372155,0.15606438014945392
1599,0.1662,0,11,0,33036,572574,2071,105885,5.303771907073252,0.15606691045442686
1600,0.1663,0,6,0,33042,572568,2071,105885,5.303716328874727,0.1560682906553586
1601,0.1664,3,29,3,33071,572539,2074,105882,5.3034477009151875,0.15607123010637938
1602,0.1665,0,14,0,33085,572525,2074,105882,5.303318018451962,0.1560744508827297
1603,0.1666,0,12,0,33097,572513,2074,105882,5.303206862054911,0.1560772116539774
1604,0.1667,0,11,0,33108,572502,2074,105882,5.303104968690948,0.15607974244675582
1605,0.1668,0,19,0,33127,572483,2074,105882,5.3029289710622844,0.1560841140094197
1606,0.1669,2,41,2,33168,572442,2076,105880,5.302549186705695,0.15609105999805403
1607,0.167,4,26,4,33194,572416,2080,105876,5.302308347845418,0.1560920665436125
1608,0.1671,0,9,0,33203,572407,2080,105876,5.3022249805476305,0.15609413769768665
1609,0.1672,3,33,3,33236,572374,2083,105873,5.301919300455741,0.15609799969627583
1610,0.1673,1,9,1,33245,572365,2084,105872,5.301835933157953,0.15609882681127688
1611,0.1674,2,16,2,33261,572349,2086,105870,5.301687724628552,0.15610002078974491
1612,0.1675,1,22,1,33283,572327,2087,105869,5.301483937900626,0.15610384018779233
1613,0.1676,1,19,1,33302,572308,2088,105868,5.301307940271963,0.1561069692823102
1614,0.1677,0,11,0,33313,572297,2088,105868,5.301206046908,0.1561095013750341
1615,0.1678,2,19,2,33332,572278,2090,105866,5.301030049279336,0.15611138637221594
1616,0.1679,0,15,0,33347,572263,2090,105866,5.300891103783023,0.15611483950693747
1617,0.168,3,39,3,33386,572224,2093,105863,5.300529845492608,0.15612008488586274
1618,0.1681,1,17,1,33403,572207,2094,105862,5.30037237393012,0.15612275446894047
1619,0.1682,2,43,2,33446,572164,2096,105860,5.299974063507355,0.15613016648378228
1620,0.1683,2,38,2,33484,572126,2098,105858,5.299622068250028,0.15613642799830085
1621,0.1684,1,17,1,33501,572109,2099,105857,5.29946459668754,0.15613909842086476
1622,0.1685,0,9,0,33510,572100,2099,105857,5.299381229389751,0.1561411711952233
1623,0.1686,2,27,2,33537,572073,2101,105855,5.299131127496388,0.1561449003433993
1624,0.1687,1,10,1,33547,572063,2102,105854,5.299038497165512,0.15614595887107124
1625,0.1688,2,8,2,33555,572055,2104,105852,5.298964392900811,0.15614531196757078
1626,0.1689,1,19,1,33574,572036,2105,105851,5.2987883952721475,0.15614844361965932
1627,0.169,0,14,0,33588,572022,2105,105851,5.298658712808922,0.1561516685278806
1628,0.1691,3,17,3,33605,572005,2108,105848,5.298501241246433,0.15615185003238166
1629,0.1692,3,23,3,33628,571982,2111,105845,5.29828819148542,0.15615341377667163
1630,0.1693,2,37,2,33665,571945,2113,105843,5.2979454592611805,0.15615944808701246
1631,0.1694,1,24,1,33689,571921,2114,105842,5.297723146467079,0.15616373275023865
1632,0.1695,2,18,2,33707,571903,2116,105840,5.297556411871503,0.15616539012575564
1633,0.1696,2,9,2,33716,571894,2118,105838,5.2974730445737155,0.1561649737654412
1634,0.1697,1,13,1,33729,571881,2119,105837,5.297352625143577,0.15616672421272565
1635,0.1698,1,16,1,33745,571865,2120,105836,5.297204416614176,0.15616916604815398
1636,0.1699,1,12,1,33757,571853,2121,105835,5.2970932602171255,0.1561706862154856
1637,0.17,2,34,2,33791,571819,2123,105833,5.296778317092149,0.15617603135532693
1638,0.1701,4,27,4,33818,571792,2127,105829,5.2965282151987845,0.1561772731364583
1639,0.1702,3,13,3,33831,571779,2130,105826,5.296407795768647,0.15617653352616936
1640,0.1703,0,12,0,33843,571767,2130,105826,5.296296639371596,0.1561792993729274
1641,0.1704,2,10,2,33853,571757,2132,105824,5.2962040090407205,0.15617911364102594
1642,0.1705,2,23,2,33876,571734,2134,105822,5.295990959279707,0.15618192444609744
1643,0.1706,0,8,0,33884,571726,2134,105822,5.295916855015006,0.15618376853005247
1644,0.1707,1,6,1,33890,571720,2135,105821,5.295861276816481,0.15618390621379372
1645,0.1708,3,21,3,33911,571699,2138,105818,5.295666753121642,0.15618501085581615
1646,0.1709,4,23,4,33934,571676,2142,105814,5.295453703360629,0.15618533114879923
1647,0.171,0,7,0,33941,571669,2142,105814,5.295388862129015,0.15618694491227086
1648,0.1711,1,6,1,33947,571663,2143,105813,5.29533328393049,0.15618708264204192
1649,0.1712,3,19,3,33966,571644,2146,105810,5.295157286301826,0.15618772639913558
1650,0.1713,3,11,3,33977,571633,2149,105807,5.295055392937863,0.15618652574397732
1651,0.1714,0,12,0,33989,571621,2149,105807,5.294944236540813,0.15618929244141075
1652,0.1715,0,6,0,33995,571615,2149,105807,5.294888658342288,0.15619067582688487
1653,0.1716,1,22,1,34017,571593,2150,105806,5.294684871614361,0.1561945027967269
1654,0.1717,0,10,0,34027,571583,2150,105806,5.294592241283486,0.15619680862842472
1655,0.1718,0,18,0,34045,571565,2150,105806,5.29442550668791,0.15620095929704697
1656,0.1719,3,9,3,34054,571556,2153,105803,5.294342139390122,0.1561992975659879
1657,0.172,1,36,1,34090,571520,2154,105802,5.29400867019897,0.15620635384647183
1658,0.1721,3,22,3,34112,571498,2157,105799,5.293804883471044,0.1562076902747244
1659,0.1722,2,23,2,34135,571475,2159,105797,5.29359183371003,0.15621050331329214
1660,0.1723,5,22,5,34157,571453,2164,105792,5.293388046982104,0.15620934816794513
1661,0.1724,1,32,1,34189,571421,2165,105791,5.293091629923302,0.15621548348227735
1662,0.1725,0,19,0,34208,571402,2165,105791,5.292915632294639,0.15621986641917446
1663,0.1726,1,12,1,34220,571390,2166,105790,5.292804475897588,0.1562213887001979
1664,0.1727,1,17,1,34237,571373,2167,105789,5.292647004335099,0.1562240645517616
1665,0.1728,1,9,1,34246,571364,2168,105788,5.292563637037311,0.15622489485374036
1666,0.1729,0,12,0,34258,571352,2168,105788,5.292452480640261,0.15622766340786248
1667,0.173,6,30,6,34288,571322,2174,105782,5.292174589647634,0.15622710839103005
1668,0.1731,2,23,2,34311,571299,2176,105780,5.29196153988662,0.15622992294842994
1669,0.1732,1,24,1,34335,571275,2177,105779,5.291739227092519,0.15623421470074766
1670,0.1733,0,16,0,34351,571259,2177,105779,5.2915910185631185,0.15623790688262698
1671,0.1734,3,18,3,34369,571241,2180,105776,5.291424283967542,0.15623832193283183
1672,0.1735,1,11,1,34380,571230,2181,105775,5.291322390603579,0.15623961418305626
1673,0.1736,1,9,1,34389,571221,2182,105774,5.291239023305791,0.15624044490727407
1674,0.1737,0,9,0,34398,571212,2182,105774,5.291155656008003,0.1562425220019321
1675,0.1738,1,9,1,34407,571203,2183,105773,5.2910722887102155,0.15624335279241805
1676,0.1739,2,16,2,34423,571187,2185,105771,5.290924080180814,0.15624455283784222
1677,0.174,1,15,1,34438,571172,2186,105770,5.290785134684501,0.15624676855624264
1678,0.1741,1,9,1,34447,571163,2187,105769,5.290701767386713,0.15624759946346162
1679,0.1742,2,18,2,34465,571145,2189,105767,5.290535032791137,0.1562492613515494
1680,0.1743,2,28,2,34493,571117,2191,105765,5.290275667864686,0.15625323173019817
1681,0.1744,1,13,1,34506,571104,2192,105764,5.290155248434547,0.15625498620115
1682,0.1745,1,15,1,34521,571089,2193,105763,5.290016302938234,0.15625720246080385
1683,0.1746,5,25,5,34546,571064,2198,105758,5.289784727111045,0.1562567410633815
1684,0.1747,3,24,3,34570,571040,2201,105755,5.2895624143169435,0.15625854209915854
1685,0.1748,1,22,1,34592,571018,2202,105754,5.289358627589018,0.15626237492094827
1686,0.1749,2,23,2,34615,570995,2204,105752,5.289145577828004,0.15626519216191576
1687,0.175,3,23,3,34638,570972,2207,105749,5.28893252806699,0.15626676281658172
1688,0.1751,1,22,1,34660,570950,2208,105748,5.288728741339064,0.1562705963369184
1689,0.1752,1,39,1,34699,570911,2209,105747,5.288367483048649,0.15627835627451386
1690,0.1753,4,22,4,34721,570889,2213,105743,5.288163696320724,0.15627844973338537
1691,0.1754,1,29,1,34750,570860,2214,105742,5.287895068361184,0.15628390102305342
1692,0.1755,1,9,1,34759,570851,2215,105741,5.287811701063396,0.1562847328966349
1693,0.1756,2,13,2,34772,570838,2217,105739,5.287691281633258,0.15628524173892994
1694,0.1757,2,10,2,34782,570828,2219,105737,5.287598651302383,0.15628505760717742
1695,0.1758,3,17,3,34799,570811,2222,105734,5.287441179739894,0.15628524340583405
1696,0.1759,0,15,0,34814,570796,2222,105734,5.2873022342435805,0.15628870855690066
1697,0.176,1,21,1,34835,570775,2223,105733,5.287107710548742,0.15629231287730522
1698,0.1761,2,10,2,34845,570765,2225,105731,5.287015080217866,0.15629212885220312
1699,0.1762,3,27,3,34872,570738,2228,105728,5.286764978324503,0.15629462530267596
1700,0.1763,1,19,1,34891,570719,2229,105727,5.286588980695839,0.15629776804061227
1701,0.1764,0,19,0,34910,570700,2229,105727,5.2864129830671756,0.15630215825211
1702,0.1765,0,16,0,34926,570684,2229,105727,5.286264774537774,0.15630585546361606
1703,0.1766,0,10,0,34936,570674,2229,105727,5.286172144206899,0.15630816630962993
1704,0.1767,3,20,3,34956,570654,2232,105724,5.2859868835451485,0.15630904612509572
1705,0.1768,2,22,2,34978,570632,2234,105722,5.285783096817222,0.1563116356227656
1706,0.1769,1,12,1,34990,570620,2235,105721,5.285671940420171,0.15631316155607897
1707,0.177,3,22,3,35012,570598,2238,105718,5.285468153692245,0.15631450387097157
1708,0.1771,0,10,0,35022,570588,2238,105718,5.2853755233613695,0.15631681516946472
1709,0.1772,2,17,2,35039,570571,2240,105716,5.285218051798881,0.15631824950058185
1710,0.1773,2,20,2,35059,570551,2242,105714,5.28503279113713,0.15632037736686064
1711,0.1774,2,19,2,35078,570532,2244,105712,5.2848567935084665,0.15632227420871755
1712,0.1775,0,23,0,35101,570509,2244,105712,5.284643743747453,0.1563275911277526
1713,0.1776,0,11,0,35112,570498,2244,105712,5.28454185038349,0.15633013412993005
1714,0.1777,1,18,1,35130,570480,2245,105711,5.284375115787913,0.15633304791101924
1715,0.1778,2,23,2,35153,570457,2247,105709,5.2841620660269,0.15633587018572362
1716,0.1779,0,6,0,35159,570451,2247,105709,5.2841064878283746,0.15633725745385707
1717,0.178,1,11,1,35170,570440,2248,105708,5.284004594464411,0.15633855309784248
1718,0.1781,0,11,0,35181,570429,2248,105708,5.283902701100448,0.15634109655291753
1719,0.1782,0,12,0,35193,570417,2248,105708,5.283791544703398,0.15634387132556848
1720,0.1783,2,19,2,35212,570398,2250,105706,5.283615547074734,0.1563457692899317
1721,0.1784,2,21,2,35233,570377,2252,105704,5.283421023379896,0.15634812988384528
1722,0.1785,2,7,2,35240,570370,2254,105702,5.283356182148283,0.15634725295530655
1723,0.1786,1,8,1,35248,570362,2255,105701,5.283282077883582,0.15634785515551067
1724,0.1787,2,14,2,35262,570348,2257,105699,5.283152395420356,0.15634859706499696
1725,0.1788,1,10,1,35272,570338,2258,105698,5.283059765089481,0.1563496618523274
1726,0.1789,1,19,1,35291,570319,2259,105697,5.282883767460818,0.15635280821755698
1727,0.179,2,2,2,35293,570317,2261,105695,5.282865241394642,0.15635077483831647
1728,0.1791,1,11,1,35304,570306,2262,105694,5.282763348030679,0.15635207100591716
1729,0.1792,2,7,2,35311,570299,2264,105692,5.282698506799067,0.15635119402477252
1730,0.1793,1,15,1,35326,570284,2265,105691,5.282559561302753,0.15635341543696143
1731,0.1794,1,22,1,35348,570262,2266,105690,5.282355774574826,0.1563572561365304
1732,0.1795,2,19,2,35367,570243,2268,105688,5.282179776946164,0.15635915500250766
1733,0.1796,0,19,0,35386,570224,2268,105688,5.2820037793175,0.15636355028465243
1734,0.1797,3,19,3,35405,570205,2271,105685,5.281827781688836,0.15636420127535547
1735,0.1798,0,19,0,35424,570186,2271,105685,5.281651784060172,0.15636859696598907
1736,0.1799,0,9,0,35433,570177,2271,105685,5.281568416762385,0.1563706792214979
1737,0.18,1,7,1,35440,570170,2272,105684,5.281503575530772,0.15637105055233821
1738,0.1801,1,9,1,35449,570161,2273,105683,5.2814202082329835,0.15637188463609947
1739,0.1802,0,17,0,35466,570144,2273,105683,5.281262736670495,0.15637581807178463
1740,0.1803,2,21,2,35487,570123,2275,105681,5.281068212975657,0.15637818065592982
1741,0.1804,4,36,4,35523,570087,2279,105677,5.280734743784505,0.15638151780799214
1742,0.1805,3,29,3,35552,570058,2282,105674,5.280466115824966,0.15638448378943132
1743,0.1806,1,8,1,35560,570050,2283,105673,5.280392011560266,0.15638508678852134
1744,0.1807,3,26,3,35586,570024,2286,105670,5.280151172699989,0.15638735877483004
1745,0.1808,1,17,1,35603,570007,2287,105669,5.2799937011375,0.15639004493277844
1746,0.1809,1,17,1,35620,569990,2288,105668,5.279836229575012,0.15639273123384909
1747,0.181,1,56,1,35676,569934,2289,105667,5.279317499722109,0.15640444581935195
1748,0.1811,2,13,2,35689,569921,2291,105665,5.279197080291971,0.15640495806603452
1749,0.1812,3,24,3,35713,569897,2294,105662,5.2789747674978695,0.15640676832075362
1750,0.1813,0,10,0,35723,569887,2294,105662,5.278882137166994,0.15640908357498864
1751,0.1814,1,23,1,35746,569864,2295,105661,5.27866908740598,0.15641316013471004
1752,0.1815,2,17,2,35763,569847,2297,105659,5.278511615843492,0.1564145988340592
1753,0.1816,1,19,1,35782,569828,2298,105658,5.278335618214828,0.1564177495906651
1754,0.1817,0,24,0,35806,569804,2298,105658,5.278113305420727,0.15642330730670267
1755,0.1818,0,18,0,35824,569786,2298,105658,5.277946570825151,0.15642747585292044
1756,0.1819,3,45,3,35869,569741,2301,105655,5.277529734336211,0.15643415122387458
1757,0.182,0,14,0,35883,569727,2301,105655,5.277400051872985,0.15643739394890596
1758,0.1821,5,27,5,35910,569700,2306,105650,5.277149949979622,0.15643740282816318
1759,0.1822,1,20,1,35930,569680,2307,105649,5.27696468931787,0.15644078663880864
1760,0.1823,2,13,2,35943,569667,2309,105647,5.276844269887732,0.15644129989900996
1761,0.1824,2,36,2,35979,569631,2311,105645,5.27651080069658,0.15644714161320705
1762,0.1825,0,12,0,35991,569619,2311,105645,5.27639964429953,0.1564499218083594
1763,0.1826,4,31,4,36022,569588,2315,105641,5.276112490273816,0.15645210735913298
1764,0.1827,0,5,0,36027,569583,2315,105641,5.276066175108378,0.1564532658791749
1765,0.1828,1,33,1,36060,569550,2316,105640,5.275760495016488,0.1564596632059124
1766,0.1829,2,14,2,36074,569536,2318,105638,5.2756308125532625,0.15646040872426958
1767,0.183,1,17,1,36091,569519,2319,105637,5.275473340990774,0.15646309889862492
1768,0.1831,0,25,0,36116,569494,2319,105637,5.275241765163585,0.1564688927037864
1769,0.1832,2,25,2,36141,569469,2321,105635,5.275010189336396,0.15647218798881357
1770,0.1833,2,8,2,36149,569461,2323,105633,5.274936085071696,0.15647154322212906
1771,0.1834,0,33,0,36182,569428,2323,105633,5.274630404979806,0.15647919225077436
1772,0.1835,0,10,0,36192,569418,2323,105633,5.274537774648931,0.1564815102858895
1773,0.1836,1,8,1,36200,569410,2324,105632,5.274463670384231,0.15648211518690688
1774,0.1837,1,27,1,36227,569383,2325,105631,5.274213568490866,0.15648712471148746
1775,0.1838,1,22,1,36249,569361,2326,105630,5.27400978176294,0.15649097543522802
1776,0.1839,1,8,1,36257,569353,2327,105629,5.27393567749824,0.15649158051622117
1777,0.184,1,13,1,36270,569340,2328,105628,5.273815258068102,0.15649334486968272
1778,0.1841,2,21,2,36291,569319,2330,105626,5.273620734373263,0.15649571446562313
1779,0.1842,3,24,3,36315,569295,2333,105623,5.273398421579162,0.15649753007031966
1780,0.1843,4,21,4,36336,569274,2337,105619,5.273203897884323,0.15649740032864468
1781,0.1844,4,20,4,36356,569254,2341,105615,5.273018637222572,0.1564970386845447
1782,0.1845,2,22,2,36378,569232,2343,105613,5.272814850494646,0.15649964065822522
1783,0.1846,1,17,1,36395,569215,2344,105612,5.272657378932157,0.15650233319058068
1784,0.1847,2,13,2,36408,569202,2346,105610,5.27253695950202,0.15650284820068405
1785,0.1848,1,14,1,36422,569188,2347,105609,5.272407277038794,0.15650484516084096
1786,0.1849,0,15,0,36437,569173,2347,105609,5.27226833154248,0.15650832416988006
1787,0.185,2,33,2,36470,569140,2349,105607,5.271962651450591,0.1565134783852318
1788,0.1851,3,17,3,36487,569123,2352,105604,5.271805179888102,0.15651367145527006
1789,0.1852,1,34,1,36521,569089,2353,105603,5.271490236763126,0.15652030852596444
1790,0.1853,5,22,5,36543,569067,2358,105598,5.271286450035199,0.15651916136156463
1791,0.1854,1,13,1,36556,569054,2359,105597,5.271166030605062,0.15652092711639054
1792,0.1855,3,10,3,36566,569044,2362,105594,5.271073400274186,0.15651949638176327
1793,0.1856,0,31,0,36597,569013,2362,105594,5.270786246248472,0.15652668887218782
1794,0.1857,1,37,1,36634,568976,2363,105593,5.270443514024232,0.15653402394714255
1795,0.1858,4,18,4,36652,568958,2367,105589,5.270276779428656,0.15653319931746787
1796,0.1859,4,26,4,36678,568932,2371,105585,5.27003594056838,0.15653423116096407
1797,0.186,2,40,2,36718,568892,2373,105583,5.269665419244878,0.15654101338077764
1798,0.1861,1,16,1,36734,568876,2374,105582,5.269517210715477,0.15654347639141356
1799,0.1862,0,15,0,36749,568861,2374,105582,5.269378265219164,0.15654695800831203
1800,0.1863,2,18,2,36767,568843,2376,105580,5.269211530623587,0.1565486349071725
1801,0.1864,0,27,0,36794,568816,2376,105580,5.268961428730224,0.1565549024608687
1802,0.1865,1,23,1,36817,568793,2377,105579,5.268748378969209,0.15655899117994224
1803,0.1866,0,19,0,36836,568774,2377,105579,5.2685723813405465,0.1565634022537158
1804,0.1867,5,18,5,36854,568756,2382,105574,5.26840564674497,0.15656132753992852
1805,0.1868,0,22,0,36876,568734,2382,105574,5.268201860017044,0.1565664355161143
1806,0.1869,0,15,0,36891,568719,2382,105574,5.268062914520731,0.15656991841825438
1807,0.187,2,16,2,36907,568703,2384,105572,5.26791470599133,0.15657113195654593
1808,0.1871,1,11,1,36918,568692,2385,105571,5.2678128126273664,0.15657243538500557
1809,0.1872,1,17,1,36935,568675,2386,105570,5.267655341064878,0.15657513218488828
1810,0.1873,1,17,1,36952,568658,2387,105569,5.26749786950239,0.15657782912876525
1811,0.1874,1,23,1,36975,568635,2388,105568,5.267284819741376,0.15658191968887708
1812,0.1875,3,60,3,37035,568575,2391,105565,5.2667290377561224,0.15659210253063163
1813,0.1876,0,24,0,37059,568551,2391,105565,5.266506724962022,0.15659767755104462
1814,0.1877,1,11,1,37070,568540,2392,105564,5.2664048315980585,0.1565989817594911
1815,0.1878,0,24,0,37094,568516,2392,105564,5.266182518803957,0.156604557322573
1816,0.1879,0,18,0,37112,568498,2392,105564,5.266015784208381,0.15660873925543942
1817,0.188,1,27,1,37139,568471,2393,105563,5.265765682315017,0.15661376132361277
1818,0.1881,0,17,0,37156,568454,2393,105563,5.265608210752529,0.15661771142270892
1819,0.1882,2,3,2,37159,568451,2395,105561,5.265580421653266,0.15661590594826205
1820,0.1883,0,15,0,37174,568436,2395,105561,5.265441476156953,0.15661939148097098
1821,0.1884,3,25,3,37199,568411,2398,105558,5.265209900329764,0.1566214469804991
1822,0.1885,3,21,3,37220,568390,2401,105555,5.265015376634925,0.1566225730586324
1823,0.1886,1,22,1,37242,568368,2402,105554,5.264811589906999,0.1566264345131929
1824,0.1887,2,36,2,37278,568332,2404,105552,5.2644781207158475,0.15663229873390672
1825,0.1888,2,16,2,37294,568316,2406,105550,5.264329912186446,0.1566335146750244
1826,0.1889,1,17,1,37311,568299,2407,105549,5.264172440623958,0.1566362146953022
1827,0.189,2,21,2,37332,568278,2409,105547,5.263977916929119,0.15663859310651876
1828,0.1891,1,7,1,37339,568271,2410,105546,5.2639130756975065,0.15663896874077085
1829,0.1892,1,18,1,37357,568253,2411,105545,5.26374634110193,0.15664190157881144
1830,0.1893,1,19,1,37376,568234,2412,105544,5.263570343473267,0.1566450670695689
1831,0.1894,3,15,3,37391,568219,2415,105541,5.263431397976953,0.1566447993350748
1832,0.1895,0,28,0,37419,568191,2415,105541,5.263172033050502,0.15665130942273783
1833,0.1896,2,14,2,37433,568177,2417,105539,5.263042350587276,0.15665206110586657
1834,0.1897,1,15,1,37448,568162,2418,105538,5.262903405090963,0.1566542971649102
1835,0.1898,2,14,2,37462,568148,2420,105536,5.262773722627737,0.1566550489547028
1836,0.1899,2,25,2,37487,568123,2422,105534,5.262542146800548,0.15665835877902257
1837,0.19,5,50,5,37537,568073,2427,105529,5.262078995146171,0.15666372724546543
1838,0.1901,1,13,1,37550,568060,2428,105528,5.261958575716032,0.15666549879154618
1839,0.1902,1,23,1,37573,568037,2429,105527,5.2617455259550185,0.15666959635609978
1840,0.1903,4,14,4,37587,568023,2433,105523,5.261615843491793,0.15666784451247576
1841,0.1904,2,19,2,37606,568004,2435,105521,5.261439845863129,0.1566697598455885
1842,0.1905,1,12,1,37618,567992,2436,105520,5.261328689466079,0.15667129910083266
1843,0.1906,1,10,1,37628,567982,2437,105519,5.261236059135204,0.1566723731664838
1844,0.1907,2,20,2,37648,567962,2439,105517,5.261050798473452,0.156674521403043
1845,0.1908,2,16,2,37664,567946,2441,105515,5.260902589944052,0.15667573920390343
1846,0.1909,0,15,0,37679,567931,2441,105515,5.260763644447738,0.1566792289211013
1847,0.191,2,19,2,37698,567912,2443,105513,5.260587646819075,0.1566811448936407
1848,0.1911,2,14,2,37712,567898,2445,105511,5.260457964355849,0.15668189762833581
1849,0.1912,0,27,0,37739,567871,2445,105511,5.260207862462485,0.15668817996323037
1850,0.1913,1,17,1,37756,567854,2446,105510,5.2600503908999965,0.15669088338550918
1851,0.1914,0,23,0,37779,567831,2446,105510,5.259837341138983,0.15669623563692098
1852,0.1915,3,17,3,37796,567814,2449,105507,5.259679869576494,0.15669643453865245
1853,0.1916,0,13,0,37809,567801,2449,105507,5.259559450146356,0.1566994599796824
1854,0.1917,3,42,3,37851,567759,2452,105504,5.259170402756679,0.15670547765137843
1855,0.1918,0,8,0,37859,567751,2452,105504,5.259096298491978,0.1567073397152639
1856,0.1919,2,12,2,37871,567739,2454,105502,5.258985142094928,0.156707627729149
1857,0.192,0,35,0,37906,567704,2454,105502,5.258660935936863,0.15671577496338415
1858,0.1921,0,15,0,37921,567689,2454,105502,5.25852199044055,0.1567192668945366
1859,0.1922,0,9,0,37930,567680,2454,105502,5.258438623142762,0.1567213621279238
1860,0.1923,0,17,0,37947,567663,2454,105502,5.258281151580274,0.15672531994384734
1861,0.1924,1,29,1,37976,567634,2455,105501,5.258012523620734,0.15673081922645532
1862,0.1925,0,12,0,37988,567622,2455,105501,5.257901367223684,0.15673361332178518
1863,0.1926,2,19,2,38007,567603,2457,105499,5.25772536959502,0.15673553191046824
1864,0.1927,2,21,2,38028,567582,2459,105497,5.257530845900182,0.1567379163515724
1865,0.1928,6,21,6,38049,567561,2465,105491,5.257336322205343,0.15673528939814457
1866,0.1929,2,18,2,38067,567543,2467,105489,5.257169587609767,0.1567369753592697
1867,0.193,1,14,1,38081,567529,2468,105488,5.2570399051465415,0.15673898281915613
1868,0.1931,0,21,0,38102,567508,2468,105488,5.256845381451702,0.1567438736634393
1869,0.1932,1,18,1,38120,567490,2469,105487,5.256678646856127,0.15674681304115892
1870,0.1933,1,14,1,38134,567476,2470,105486,5.256548964392901,0.1567488208843887
1871,0.1934,2,8,2,38142,567468,2472,105484,5.2564748601282005,0.15674817817615522
1872,0.1935,2,17,2,38159,567451,2474,105482,5.256317388565712,0.15674963183556165
1873,0.1936,2,23,2,38182,567428,2476,105480,5.256104338804699,0.1567524832517967
1874,0.1937,4,55,4,38237,567373,2480,105476,5.255594871984883,0.15676028351086202
1875,0.1938,1,10,1,38247,567363,2481,105475,5.255502241654007,0.1567613600896501
1876,0.1939,0,9,0,38256,567354,2481,105475,5.255418874356219,0.15676345698535588
1877,0.194,1,28,1,38284,567326,2482,105474,5.255159509429768,0.15676872770511296
1878,0.1941,2,38,2,38322,567288,2484,105472,5.25480751417244,0.1567750758071229
1879,0.1942,3,26,3,38348,567262,2487,105469,5.254566675312164,0.15677737461184338
1880,0.1943,0,22,0,38370,567240,2487,105469,5.254362888584238,0.15678250179498118
1881,0.1944,0,6,0,38376,567234,2487,105469,5.2543073103857125,0.1567839001758577
1882,0.1945,4,15,4,38391,567219,2491,105465,5.2541683648893995,0.15678238221809943
1883,0.1946,5,49,5,38440,567170,2496,105460,5.253714476268109,0.15678753549499724
1884,0.1947,1,28,1,38468,567142,2497,105459,5.253455111341657,0.1567928088123568
1885,0.1948,1,12,1,38480,567130,2498,105458,5.253343954944607,0.15679435256055713
1886,0.1949,4,20,4,38500,567110,2502,105454,5.253158694282856,0.15679400027357993
1887,0.195,0,23,0,38523,567087,2502,105454,5.2529456445218425,0.1567993624180533
1888,0.1951,1,28,1,38551,567059,2503,105453,5.252686279595391,0.1568046369432813
1889,0.1952,2,18,2,38569,567041,2505,105451,5.2525195449998145,0.1568063263206105
1890,0.1953,1,11,1,38580,567030,2506,105450,5.252417651635851,0.15680763740185583
1891,0.1954,1,31,1,38611,566999,2507,105449,5.252130497610137,0.15681361235366897
1892,0.1955,2,17,2,38628,566982,2509,105447,5.251973026047649,0.15681506895151756
1893,0.1956,2,13,2,38641,566969,2511,105445,5.25185260661751,0.1568155927746894
1894,0.1957,0,11,0,38652,566958,2511,105445,5.251750713253548,0.15681815815812838
1895,0.1958,1,13,1,38665,566945,2512,105444,5.25163029382341,0.15681993607866876
1896,0.1959,1,20,1,38685,566925,2513,105443,5.251445033161659,0.15682334673869072
1897,0.196,1,23,1,38708,566902,2514,105442,5.251231983400645,0.15682745737301143
1898,0.1961,0,14,0,38722,566888,2514,105442,5.251102300937419,0.15683072300804665
1899,0.1962,0,22,0,38744,566866,2514,105442,5.250898514209493,0.15683585499503203
1900,0.1963,1,15,1,38759,566851,2515,105441,5.250759568713179,0.15683810011126118
1901,0.1964,0,24,0,38783,566827,2515,105441,5.250537255919078,0.15684369923899397
1902,0.1965,4,8,4,38791,566819,2519,105437,5.250463151654378,0.1568405488385377
1903,0.1966,2,13,2,38804,566806,2521,105435,5.250342732224239,0.15684107336505806
1904,0.1967,2,14,2,38818,566792,2523,105433,5.2502130497610136,0.15684183123210235
1905,0.1968,2,21,2,38839,566771,2525,105431,5.250018526066175,0.15684422242123647
1906,0.1969,1,22,1,38861,566749,2526,105430,5.249814739338249,0.15684810147297074
1907,0.197,2,18,2,38879,566731,2528,105428,5.249648004742673,0.1568497929805299
1908,0.1971,4,29,4,38908,566702,2532,105424,5.249379376783134,0.156851542716693
1909,0.1972,1,12,1,38920,566690,2533,105423,5.249268220386083,0.15685308869193126
1910,0.1973,1,10,1,38930,566680,2534,105422,5.2491755900552075,0.1568541679685524
1911,0.1974,2,15,2,38945,566665,2536,105420,5.2490366445588945,0.1568551596896226
1912,0.1975,2,17,2,38962,566648,2538,105418,5.248879172996406,0.15685661824880295
1913,0.1976,3,26,3,38988,566622,2541,105415,5.248638334136129,0.15685892294620682
1914,0.1977,1,6,1,38994,566616,2542,105414,5.248582755937604,0.1568590687915718
1915,0.1978,2,12,2,39006,566604,2544,105412,5.2484715995405535,0.15685936049141688
1916,0.1979,5,16,5,39022,566588,2549,105407,5.248323391011152,0.15685682185135305
1917,0.198,1,10,1,39032,566578,2550,105406,5.248230760680277,0.15685790137860425
1918,0.1981,1,16,1,39048,566562,2551,105405,5.248082552150876,0.15686038153659332
1919,0.1982,3,13,3,39061,566549,2554,105402,5.247962132720738,0.15685965196867033
1920,0.1983,0,7,0,39068,566542,2554,105402,5.247897291489125,0.15686128605955257
1921,0.1984,2,13,2,39081,566529,2556,105400,5.247776872058987,0.15686181129256216
1922,0.1985,2,37,2,39118,566492,2558,105398,5.2474341398347475,0.1568679396925092
1923,0.1986,1,9,1,39127,566483,2559,105397,5.24735077253696,0.15686878609275465
1924,0.1987,1,6,1,39133,566477,2560,105396,5.2472951943384345,0.15686893207496058
1925,0.1988,0,11,0,39144,566466,2560,105396,5.247193300974471,0.15687150039740305
1926,0.1989,0,10,0,39154,566456,2560,105396,5.247100670643595,0.15687383530896687
1927,0.199,0,14,0,39168,566442,2560,105396,5.24697098818037,0.15687710430192994
1928,0.1991,0,16,0,39184,566426,2560,105396,5.2468227796509685,0.15688084046071726
1929,0.1992,3,24,3,39208,566402,2563,105393,5.246600466856868,0.15688267998422137
1930,0.1993,1,14,1,39222,566388,2564,105392,5.246470784393642,0.15688469439399805
1931,0.1994,2,9,2,39231,566379,2566,105390,5.246387417095854,0.15688428611620958
1932,0.1995,0,11,0,39242,566368,2566,105390,5.246285523731891,0.15688685508769526
1933,0.1996,4,14,4,39256,566354,2570,105386,5.246155841268665,0.15688510435585196
1934,0.1997,2,16,2,39272,566338,2572,105384,5.246007632739264,0.15688633095238805
1935,0.1998,0,18,0,39290,566320,2572,105384,5.245840898143689,0.15689053511665854
1936,0.1999,2,15,2,39305,566305,2574,105382,5.245701952647375,0.156891528345792
1937,0.2,0,24,0,39329,566281,2574,105382,5.245479639853274,0.156897134426044
1938,0.2001,1,17,1,39346,566264,2575,105381,5.245322168290786,0.15689985036738158
1939,0.2002,1,23,1,39369,566241,2576,105380,5.245109118529771,0.1569039681606144
1940,0.2003,1,11,1,39380,566230,2577,105379,5.245007225165808,0.1569052826868014
1941,0.2004,2,11,2,39391,566219,2579,105377,5.244905331801845,0.15690534190197677
1942,0.2005,2,20,2,39411,566199,2581,105375,5.244720071140094,0.1569075038640567
1943,0.2006,2,13,2,39424,566186,2583,105373,5.244599651709956,0.15690803041877185
1944,0.2007,0,9,0,39433,566177,2583,105373,5.2445162844121676,0.15691013327376963
1945,0.2008,2,51,2,39484,566126,2585,105371,5.2440438697247025,0.1569195394767214
1946,0.2009,0,11,0,39495,566115,2585,105371,5.243941976360739,0.1569221100663305
1947,0.201,1,9,1,39504,566106,2586,105370,5.2438586090629515,0.15692295778255663
1948,0.2011,1,17,1,39521,566089,2587,105369,5.243701137500463,0.156925675172535
1949,0.2012,0,18,0,39539,566071,2587,105369,5.243534402904888,0.15692988204456093
1950,0.2013,1,21,1,39560,566050,2588,105368,5.2433398792100485,0.1569335346982059
1951,0.2014,4,35,4,39595,566015,2592,105364,5.243015673051985,0.15693669298563107
1952,0.2015,4,15,4,39610,566000,2596,105360,5.242876727555671,0.1569351763584366
1953,0.2016,1,16,1,39626,565984,2597,105359,5.24272851902627,0.15693766077846943
1954,0.2017,2,26,2,39652,565958,2599,105357,5.242487680165993,0.15694122729270163
1955,0.2018,0,17,0,39669,565941,2599,105357,5.242330208603505,0.15694520168390194
1956,0.2019,1,17,1,39686,565924,2600,105356,5.242172737041017,0.156947920390895
1957,0.202,3,13,3,39699,565911,2603,105353,5.242052317610878,0.15694719216284503
1958,0.2021,0,15,0,39714,565896,2603,105353,5.241913372114565,0.15695069936789477
1959,0.2022,2,11,2,39725,565885,2605,105351,5.241811478750602,0.15695075949442522
1960,0.2023,2,18,2,39743,565867,2607,105349,5.2416447441550265,0.15695245643727204
1961,0.2024,1,14,1,39757,565853,2608,105348,5.241515061691801,0.15695447414410885
1962,0.2025,0,8,0,39765,565845,2608,105348,5.2414409574271,0.1569563448963264
1963,0.2026,0,22,0,39787,565823,2608,105348,5.241237170699174,0.15696148969487655
1964,0.2027,3,21,3,39808,565802,2611,105345,5.241042647004335,0.15696263262742738
1965,0.2028,0,21,0,39829,565781,2611,105345,5.240848123309497,0.1569675440975316
1966,0.2029,1,14,1,39843,565767,2612,105344,5.240718440846271,0.15696956241217921
1967,0.203,1,29,1,39872,565738,2613,105343,5.240449812886732,0.15697508944523836
1968,0.2031,2,16,2,39888,565722,2615,105341,5.240301604357331,0.1569763196600021
1969,0.2032,1,19,1,39907,565703,2616,105340,5.240125606728667,0.1569795080196053
1970,0.2033,1,22,1,39929,565681,2617,105339,5.239921820000741,0.1569833984083932
1971,0.2034,0,11,0,39940,565670,2617,105339,5.239819926636778,0.15698597187221036
1972,0.2035,1,29,1,39969,565641,2618,105338,5.239551298677239,0.15699150047915061
1973,0.2036,4,23,4,39992,565618,2622,105334,5.2393382489162255,0.15699185634739893
1974,0.2037,2,10,2,40002,565608,2624,105332,5.2392456185853495,0.156991683309983
1975,0.2038,0,20,0,40022,565588,2624,105332,5.239060357923599,0.15699636320276636
1976,0.2039,2,22,2,40044,565566,2626,105330,5.238856571195672,0.15699899835443942
1977,0.204,2,10,2,40054,565556,2628,105328,5.238763940864796,0.15699882543032775
1978,0.2041,1,17,1,40071,565539,2629,105327,5.238606469302308,0.15700154725384802
1979,0.2042,1,56,1,40127,565483,2630,105326,5.238087739449405,0.1570133972561489
1980,0.2043,1,15,1,40142,565468,2631,105325,5.237948793953092,0.15701565162427158
1981,0.2044,0,13,0,40155,565455,2631,105325,5.2378283745229535,0.1570186946539849
1982,0.2045,0,9,0,40164,565446,2631,105325,5.237745007225166,0.1570208014359595
1983,0.2046,1,25,1,40189,565421,2632,105324,5.237513431397977,0.15702539713303865
1984,0.2047,0,7,0,40196,565414,2632,105324,5.237448590166364,0.15702703589180872
1985,0.2048,0,7,0,40203,565407,2632,105324,5.237383748934751,0.1570286746847842
1986,0.2049,3,23,3,40226,565384,2635,105321,5.2371706991737375,0.1570302890242357
1987,0.205,2,28,2,40254,565356,2637,105319,5.236911334247286,0.15703433108435533
1988,0.2051,1,7,1,40261,565349,2638,105318,5.236846493015673,0.15703471320342285
1989,0.2052,0,20,0,40281,565329,2638,105318,5.236661232353922,0.1570393962844835
1990,0.2053,1,14,1,40295,565315,2639,105317,5.236531549890696,0.1570414176478307
1991,0.2054,0,9,0,40304,565306,2639,105317,5.236448182592908,0.15704352519970236
1992,0.2055,1,67,1,40371,565239,2640,105316,5.235827559376042,0.15705795945149914
1993,0.2056,2,15,2,40386,565224,2642,105314,5.235688613879729,0.15705895862725155
1994,0.2057,2,17,2,40403,565207,2644,105312,5.235531142317241,0.1570604263264725
1995,0.2058,5,15,5,40418,565192,2649,105307,5.235392196820927,0.15705765407554673
1996,0.2059,3,17,3,40435,565175,2652,105304,5.235234725258438,0.1570578646012776
1997,0.206,8,44,8,40479,565131,2660,105296,5.234827151802587,0.1570581137096209
1998,0.2061,1,11,1,40490,565120,2661,105295,5.2347252584386235,0.15705943333606795
1999,0.2062,1,28,1,40518,565092,2662,105294,5.234465893512172,0.15706473583875558
2000,0.2063,3,25,3,40543,565067,2665,105291,5.234234317684983,0.15706682101205624
2001,0.2064,2,17,2,40560,565050,2667,105289,5.234076846122495,0.1570682893282354
2002,0.2065,1,12,1,40572,565038,2668,105288,5.233965689725443,0.15706984362832413
2003,0.2066,3,21,3,40593,565017,2671,105285,5.233771166030605,0.15707099188127144
2004,0.2067,1,45,1,40638,564972,2672,105284,5.233354329541665,0.1570802797736984
2005,0.2068,2,68,2,40706,564904,2674,105282,5.232724443291711,0.15709370234531905
2006,0.2069,3,14,3,40720,564890,2677,105279,5.232594760828485,0.15709321081697303
2007,0.207,2,24,2,40744,564866,2679,105277,5.2323724480343845,0.15709632123293088
2008,0.2071,0,36,0,40780,564830,2679,105277,5.232038978843232,0.15710476088147116
2009,0.2072,3,16,3,40796,564814,2682,105274,5.231890770313831,0.15710473848210982
2010,0.2073,1,7,1,40803,564807,2683,105273,5.231825929082219,0.1571051217765043
2011,0.2074,0,26,0,40829,564781,2683,105273,5.231585090221942,0.15711121790184074
2012,0.2075,2,15,2,40844,564766,2685,105271,5.231446144725629,0.15711221917595594
2013,0.2076,0,14,0,40858,564752,2685,105271,5.231316462262403,0.15711550200515503
2014,0.2077,1,11,1,40869,564741,2686,105270,5.23121456889844,0.1571168234551373
2015,0.2078,3,15,3,40884,564726,2689,105267,5.231075623402127,0.15711656688950482
2016,0.2079,2,16,2,40900,564710,2691,105265,5.230927414872726,0.1571178029030934
2017,0.208,1,9,1,40909,564701,2692,105264,5.230844047574938,0.15711865545215048
2018,0.2081,0,18,0,40927,564683,2692,105264,5.230677312979362,0.15712287688429086
2019,0.2082,1,13,1,40940,564670,2693,105263,5.230556893549224,0.15712466769064967
2020,0.2083,3,12,3,40952,564658,2696,105260,5.2304457371521735,0.15712370767765607
2021,0.2084,1,22,1,40974,564636,2697,105259,5.230241950424247,0.1571276095507505
2022,0.2085,3,12,3,40986,564624,2700,105256,5.230130794027196,0.157126649549173
2023,0.2086,0,12,0,40998,564612,2700,105256,5.2300196376301455,0.15712946431237199
2024,0.2087,1,13,1,41011,564599,2701,105255,5.229899218200007,0.15713125546760937
2025,0.2088,2,22,2,41033,564577,2703,105253,5.229695431472082,0.15713389964617888
2026,0.2089,3,11,3,41044,564566,2706,105250,5.2295935381081184,0.1571327051011024
2027,0.209,0,11,0,41055,564555,2706,105250,5.229491644744155,0.15713528564283635
2028,0.2091,1,19,1,41074,564536,2707,105249,5.229315647115492,0.1571384847376397
2029,0.2092,4,11,4,41085,564525,2711,105245,5.229213753751528,0.15713603177210086
2030,0.2093,4,15,4,41100,564510,2715,105241,5.229074808255215,0.15713451715637602
2031,0.2094,0,15,0,41115,564495,2715,105241,5.2289358627589015,0.15713803648004587
2032,0.2095,0,16,0,41131,564479,2715,105241,5.228787654229501,0.15714179059905634
2033,0.2096,0,21,0,41152,564458,2715,105241,5.228593130534662,0.15714671815248343
2034,0.2097,0,25,0,41177,564433,2715,105241,5.228361554707473,0.15715258469046134
2035,0.2098,2,22,2,41199,564411,2717,105239,5.228157767979547,0.15715523034420967
2036,0.2099,1,26,1,41225,564385,2718,105238,5.227916929119271,0.15716007365338408
2037,0.21,1,21,1,41246,564364,2719,105237,5.227722405424432,0.15716374378174466
2038,0.2101,2,10,2,41256,564354,2721,105235,5.227629775093557,0.1571635734756694
2039,0.2102,2,13,2,41269,564341,2723,105233,5.227509355663418,0.15716410732794284
2040,0.2103,1,13,1,41282,564328,2724,105232,5.227388936233281,0.15716589999402591
2041,0.2104,4,34,4,41316,564294,2728,105228,5.227073993108303,0.157168845833296
2042,0.2105,1,13,1,41329,564281,2729,105227,5.226953573678165,0.15717063873769993
2043,0.2106,3,25,3,41354,564256,2732,105224,5.2267219978509765,0.15717273107486407
2044,0.2107,1,9,1,41363,564247,2733,105223,5.226638630553189,0.15717358507476062
2045,0.2108,0,9,0,41372,564238,2733,105223,5.2265552632554,0.15717569806157491
2046,0.2109,2,21,2,41393,564217,2735,105221,5.226360739560562,0.15717811059425965
2047,0.211,5,17,5,41410,564200,2740,105216,5.226203267998073,0.15717580697204728
2048,0.2111,1,18,1,41428,564182,2741,105215,5.226036533402497,0.15717877432973257
2049,0.2112,1,10,1,41438,564172,2742,105214,5.225943903071622,0.15717986333744655
2050,0.2113,0,7,0,41445,564165,2742,105214,5.225879061840009,0.1571815070386134
2051,0.2114,0,14,0,41459,564151,2742,105214,5.225749379376783,0.15718479454408282
2052,0.2115,0,18,0,41477,564133,2742,105214,5.225582644781207,0.15718902153890285
2053,0.2116,2,36,2,41513,564097,2744,105212,5.225249175590055,0.15719495778481987
2054,0.2117,0,3,0,41516,564094,2744,105212,5.225221386490793,0.1571956623726666
2055,0.2118,3,15,3,41531,564079,2747,105209,5.22508244099448,0.1571954076570923
2056,0.2119,2,31,2,41562,564048,2749,105207,5.2247952869687655,0.15720017033866016
2057,0.212,0,14,0,41576,564034,2749,105207,5.224665604505539,0.15720345884367515
2058,0.2121,0,21,0,41597,564013,2749,105207,5.224471080810701,0.15720839185917934
2059,0.2122,0,11,0,41608,564002,2749,105207,5.2243691874467375,0.15721097594324046
2060,0.2123,4,26,4,41634,563976,2753,105203,5.224128348586461,0.1572120464031298
2061,0.2124,2,27,2,41661,563949,2755,105201,5.223878246693097,0.1572158708809684
2062,0.2125,0,12,0,41673,563937,2755,105201,5.223767090296047,0.1572186903150023
2063,0.2126,0,15,0,41688,563922,2755,105201,5.223628144799733,0.15722221474975454
2064,0.2127,0,17,0,41705,563905,2755,105201,5.2234706732372445,0.15722620930017067
2065,0.2128,0,11,0,41716,563894,2755,105201,5.223368779873281,0.15722879411742727
2066,0.2129,2,43,2,41759,563851,2757,105199,5.222970469450517,0.1572363799417084
2067,0.213,1,21,1,41780,563830,2758,105198,5.222775945755679,0.15724005572263045
2068,0.2131,2,16,2,41796,563814,2760,105196,5.2226277372262775,0.15724129684160176
2069,0.2132,0,30,0,41826,563784,2760,105196,5.222349846233651,0.15724834823163622
2070,0.2133,1,13,1,41839,563771,2761,105195,5.222229426803513,0.15725014425247322
2071,0.2134,0,38,0,41877,563733,2761,105195,5.2218774315461856,0.15725907721010332
2072,0.2135,0,20,0,41897,563713,2761,105195,5.221692170884435,0.1572637791744156
2073,0.2136,4,15,4,41912,563698,2765,105191,5.221553225388121,0.15726226623550396
2074,0.2137,3,48,3,41960,563650,2768,105188,5.221108599799918,0.15726977235145131
2075,0.2138,1,17,1,41977,563633,2769,105187,5.22095112823743,0.15727250979336743
2076,0.2139,4,15,4,41992,563618,2773,105183,5.220812182741117,0.15727099690341373
2077,0.214,1,15,1,42007,563603,2774,105182,5.220673237244803,0.15727326420299498
2078,0.2141,4,10,4,42017,563593,2778,105178,5.220580606913928,0.15727057542865944
2079,0.2142,6,24,6,42041,563569,2784,105172,5.220358294119826,0.157268658568863
2080,0.2143,1,22,1,42063,563547,2785,105171,5.2201545073919,0.15727257229504812
2081,0.2144,2,18,2,42081,563529,2787,105169,5.219987772796324,0.1572742852528346
2082,0.2145,0,15,0,42096,563514,2787,105169,5.219848827300011,0.15727781325381385
2083,0.2146,1,14,1,42110,563500,2788,105168,5.219719144836786,0.15727984590260038
2084,0.2147,1,44,1,42154,563456,2789,105167,5.219311571380933,0.15728893561842772
2085,0.2148,4,41,4,42195,563415,2793,105163,5.218931787024343,0.15729353942247576
2086,0.2149,2,10,2,42205,563405,2795,105161,5.218839156693468,0.15729337118549253
2087,0.215,4,51,4,42256,563354,2799,105157,5.218366742006002,0.1573003286408152
2088,0.2151,2,15,2,42271,563339,2801,105155,5.218227796509689,0.15730133703518656
2089,0.2152,2,6,2,42277,563333,2803,105153,5.218172218311164,0.15730022767866492
2090,0.2153,0,5,0,42282,563328,2803,105153,5.218125903145726,0.15730140422839242
2091,0.2154,1,11,1,42293,563317,2804,105152,5.218024009781763,0.15730273206386533
2092,0.2155,1,20,1,42313,563297,2805,105151,5.217838749120012,0.1573061778926708
2093,0.2156,1,5,1,42318,563292,2806,105150,5.217792433954574,0.15730609387201883
2094,0.2157,3,27,3,42345,563265,2809,105147,5.21754233206121,0.1573086659126407
2095,0.2158,0,13,0,42358,563252,2809,105147,5.217421912631072,0.15731172548133673
2096,0.2159,1,19,1,42377,563233,2810,105146,5.217245915002408,0.15731493658538045
2097,0.216,2,34,2,42411,563199,2812,105144,5.2169309718774315,0.15732041780941822
2098,0.2161,0,29,0,42440,563170,2812,105144,5.216662343917893,0.15732724437913914
2099,0.2162,0,16,0,42456,563154,2812,105144,5.216514135388492,0.15733101101604374
2100,0.2163,1,18,1,42474,563136,2813,105143,5.216347400792916,0.15733398775062513
2101,0.2164,1,13,1,42487,563123,2814,105142,5.2162269813627775,0.15733578744958962
2102,0.2165,2,18,2,42505,563105,2816,105140,5.216060246767201,0.15733750346055714
2103,0.2166,1,19,1,42524,563086,2817,105139,5.215884249138538,0.15734071607617195
2104,0.2167,0,12,0,42536,563074,2817,105139,5.215773092741487,0.15734354165513093
2105,0.2168,2,5,2,42541,563069,2819,105137,5.21572677757605,0.1573421968674331
2106,0.2169,0,18,0,42559,563051,2819,105137,5.215560042980473,0.15734643543433885
2107,0.217,2,14,2,42573,563037,2821,105135,5.215430360517248,0.1573472099998204
2108,0.2171,4,28,4,42601,563009,2825,105131,5.215170995590796,0.157348759242075
2109,0.2172,1,8,1,42609,563001,2826,105130,5.2150968913260956,0.15734938208225632
2110,0.2173,2,10,2,42619,562991,2828,105128,5.2150042609952205,0.1573492147356983
2111,0.2174,0,30,0,42649,562961,2828,105128,5.214726370002594,0.1573562803758182
2112,0.2175,1,11,1,42660,562950,2829,105127,5.2146244766386305,0.15735760997609557
2113,0.2176,1,37,1,42697,562913,2830,105126,5.214281744414391,0.15736506401572364
2114,0.2177,2,16,2,42713,562897,2832,105124,5.21413353588499,0.1573663103405432
2115,0.2178,3,17,3,42730,562880,2835,105121,5.213976064322502,0.1573665308884268
2116,0.2179,5,30,5,42760,562850,2840,105116,5.213698173329875,0.15736729114954953
2117,0.218,5,17,5,42777,562833,2845,105111,5.2135407017673865,0.15736498868168589
2118,0.2181,0,14,0,42791,562819,2845,105111,5.213411019304161,0.15736828709595316
2119,0.2182,0,14,0,42805,562805,2845,105111,5.213281336840935,0.1573715856484947
2120,0.2183,2,17,2,42822,562788,2847,105109,5.213123865278447,0.15737306800300047
2121,0.2184,1,9,1,42831,562779,2848,105108,5.213040497980659,0.15737392702657785
2122,0.2185,4,27,4,42858,562752,2852,105104,5.2127903960872946,0.15737524256726002
2123,0.2186,0,15,0,42873,562737,2852,105104,5.212651450590982,0.15737877728381455
2124,0.2187,1,8,1,42881,562729,2853,105103,5.212577346326281,0.1573794008073887
2125,0.2188,1,37,1,42918,562692,2854,105102,5.212234614102042,0.15738685882173245
2126,0.2189,1,18,1,42936,562674,2855,105101,5.212067879506465,0.1573898393920108
2127,0.219,3,24,3,42960,562650,2858,105098,5.211845566712364,0.15739171064533328
2128,0.2191,3,17,3,42977,562633,2861,105095,5.211688095149876,0.15739193204418567
2129,0.2192,3,16,3,42993,562617,2864,105092,5.211539886620475,0.15739191773661879
2130,0.2193,1,20,1,43013,562597,2865,105091,5.211354625958724,0.15739537029271156
2131,0.2194,2,10,2,43023,562587,2867,105089,5.211261995627848,0.15739520366165624
2132,0.2195,4,11,4,43034,562576,2871,105085,5.211160102263885,0.15739274871529113
2133,0.2196,4,14,4,43048,562562,2875,105081,5.211030419800659,0.1573910008792124
2134,0.2197,2,18,2,43066,562544,2877,105079,5.210863685205084,0.15739272014295494
2135,0.2198,0,11,0,43077,562533,2877,105079,5.21076179184112,0.15739531344553423
2136,0.2199,1,19,1,43096,562514,2878,105078,5.210585794212457,0.1573985308391952
2137,0.22,1,15,1,43111,562499,2879,105077,5.210446848716144,0.15740080530156866
2138,0.2201,1,12,1,43123,562487,2880,105076,5.210335692319093,0.1574023725101601
2139,0.2202,0,26,0,43149,562461,2880,105076,5.210094853458816,0.1574085031990736
2140,0.2203,2,9,2,43158,562452,2882,105074,5.2100114861610285,0.1574081009578653
2141,0.2204,1,15,1,43173,562437,2883,105073,5.2098725406647155,0.15741037587451873
2142,0.2205,3,30,3,43203,562407,2886,105070,5.209594649672089,0.15741366369178264
2143,0.2206,5,19,5,43222,562388,2891,105065,5.209418652043425,0.1574118327432793
2144,0.2207,3,19,3,43241,562369,2894,105062,5.209242654414761,0.1574125265383238
2145,0.2208,1,17,1,43258,562352,2895,105061,5.209085182852273,0.15741527360120344
2146,0.2209,5,42,5,43300,562310,2900,105056,5.208696135462596,0.15741886760787935
2147,0.221,0,12,0,43312,562298,2900,105056,5.208584979065545,0.15742169822912577
2148,0.2211,2,15,2,43327,562283,2902,105054,5.208446033569232,0.15742271146362333
2149,0.2212,0,10,0,43337,562273,2902,105054,5.208353403238356,0.15742507046770174
2150,0.2213,0,22,0,43359,562251,2902,105054,5.20814961651043,0.1574302605255468
2151,0.2214,1,13,1,43372,562238,2903,105053,5.208029197080292,0.15743206487124808
2152,0.2215,1,9,1,43381,562229,2904,105052,5.207945829782504,0.1574329255590973
2153,0.2216,4,25,4,43406,562204,2908,105048,5.207714253955315,0.15743377314717677
2154,0.2217,2,24,2,43430,562180,2910,105046,5.207491941161214,0.15743691043214744
2155,0.2218,0,24,0,43454,562156,2910,105046,5.207269628367112,0.15744257361338845
2156,0.2219,2,23,2,43477,562133,2912,105044,5.207056578606099,0.15744547548851354
2157,0.222,0,9,0,43486,562124,2912,105044,5.206973211308311,0.15744759940524725
2158,0.2221,0,9,0,43495,562115,2912,105044,5.206889844010523,0.1574497233792844
2159,0.2222,2,27,2,43522,562088,2914,105042,5.206639742117159,0.15745356976901054
2160,0.2223,1,13,1,43535,562075,2915,105041,5.20651932268702,0.15745537507719798
2161,0.2224,0,32,0,43567,562043,2915,105041,5.206222905628219,0.15746292820694247
2162,0.2225,2,28,2,43595,562015,2917,105039,5.2059635407017675,0.15746701166622193
2163,0.2226,3,29,3,43624,561986,2920,105036,5.205694912742229,0.15747006845351427
2164,0.2227,0,14,0,43638,561972,2920,105036,5.205565230279003,0.15747337363270006
2165,0.2228,1,19,1,43657,561953,2921,105035,5.205389232650339,0.15747659628059277
2166,0.2229,2,16,2,43673,561937,2923,105033,5.205241024120938,0.1574778475793514
2167,0.223,2,16,2,43689,561921,2925,105031,5.205092815591537,0.15747909894565126
2168,0.2231,4,20,4,43709,561901,2929,105027,5.204907554929786,0.15747876832281746
2169,0.2232,3,16,3,43725,561885,2932,105024,5.204759346400385,0.15747875647202242
2170,0.2233,1,11,1,43736,561874,2933,105023,5.204657453036423,0.15748009062868779
2171,0.2234,3,8,3,43744,561866,2936,105020,5.204583348771722,0.15747818967559674
2172,0.2235,1,24,1,43768,561842,2937,105019,5.2043610359776205,0.15748259382390034
2173,0.2236,4,20,4,43788,561822,2941,105015,5.2041757753158695,0.1574822632817315
2174,0.2237,1,18,1,43806,561804,2942,105014,5.204009040720293,0.15748525084805748
2175,0.2238,4,25,4,43831,561779,2946,105010,5.203777464893105,0.15748610130041138
2176,0.2239,1,27,1,43858,561752,2947,105009,5.203527362999741,0.15749121499307847
2177,0.224,2,24,2,43882,561728,2949,105007,5.203305050205639,0.15749435682842508
2178,0.2241,3,17,3,43899,561711,2952,105004,5.203147578643151,0.1574945816428309
2179,0.2242,1,13,1,43912,561698,2953,105003,5.203027159213013,0.1574963889359698
2180,0.2243,2,6,2,43918,561692,2955,105001,5.202971581014487,0.15749527893648202
2181,0.2244,2,31,2,43949,561661,2957,104999,5.202684426988773,0.15750007500075
2182,0.2245,0,14,0,43963,561647,2957,104999,5.202554744525547,0.15750338260486074
2183,0.2246,0,28,0,43991,561619,2957,104999,5.202295379599096,0.15750999822987077
2184,0.2247,0,13,0,44004,561606,2957,104999,5.202174960168958,0.1575130699589712
2185,0.2248,1,36,1,44040,561570,2958,104998,5.201841490977806,0.15752031300632494
2186,0.2249,4,4,4,44044,561566,2962,104994,5.201804438845455,0.15751620259241478
2187,0.225,1,12,1,44056,561554,2963,104993,5.201693282448405,0.15751777444051207
2188,0.2251,0,18,0,44074,561536,2963,104993,5.201526547852829,0.1575220282988437
2189,0.2252,0,15,0,44089,561521,2963,104993,5.201387602356515,0.1575255733562986
2190,0.2253,1,7,1,44096,561514,2964,104992,5.201322761124903,0.1575259637572655
2191,0.2254,4,13,4,44109,561501,2968,104988,5.201202341694764,0.1575239801407075
2192,0.2255,1,15,1,44124,561486,2969,104987,5.201063396198451,0.15752626137893058
2193,0.2256,0,9,0,44133,561477,2969,104987,5.200980028900664,0.15752838863014357
2194,0.2257,2,18,2,44151,561459,2971,104985,5.200813294305087,0.1575301150584295
2195,0.2258,1,9,1,44160,561450,2972,104984,5.200729927007299,0.1575309783114307
2196,0.2259,2,7,2,44167,561443,2974,104982,5.200665085775686,0.15753010466294032
2197,0.226,1,14,1,44181,561429,2975,104981,5.20053540331246,0.15753214987770292
2198,0.2261,3,18,3,44199,561411,2978,104978,5.200368668716885,0.1575326123330367
2199,0.2262,3,16,3,44215,561395,2981,104975,5.2002204601874835,0.1575326020078935
2200,0.2263,4,21,4,44236,561374,2985,104971,5.200025936492645,0.15753250943580277
2201,0.2264,0,15,0,44251,561359,2985,104971,5.1998869909963314,0.15753605570813262
2202,0.2265,1,10,1,44261,561349,2986,104970,5.199794360665456,0.1575371556266593
2203,0.2266,2,31,2,44292,561318,2988,104968,5.199507206639742,0.15754195645713703
2204,0.2267,2,22,2,44314,561296,2990,104966,5.199303419911816,0.15754462959016122
2205,0.2268,1,17,1,44331,561279,2991,104965,5.199145948349328,0.1575473850421167
2206,0.2269,0,16,0,44347,561263,2991,104965,5.1989977398199265,0.1575511686689842
2207,0.227,0,16,0,44363,561247,2991,104965,5.198849531290525,0.15755495247758972
2208,0.2271,0,16,0,44379,561231,2991,104965,5.198701322761125,0.15755873646794638
2209,0.2272,3,19,3,44398,561212,2994,104962,5.1985253251324615,0.15755943642351697
2210,0.2273,0,27,0,44425,561185,2994,104962,5.198275223239097,0.15756582255868448
2211,0.2274,0,31,0,44456,561154,2994,104962,5.197988069213383,0.1575731554263822
2212,0.2275,0,12,0,44468,561142,2994,104962,5.197876912816333,0.15757599413905335
2213,0.2276,2,20,2,44488,561122,2996,104960,5.197691652154582,0.15757819607796036
2214,0.2277,0,17,0,44505,561105,2996,104960,5.197534180592093,0.1575822179517014
2215,0.2278,1,8,1,44513,561097,2997,104959,5.197460076327393,0.15758284588683233
2216,0.2279,0,21,0,44534,561076,2997,104959,5.197265552632554,0.15758781445419534
2217,0.228,3,29,3,44563,561047,3000,104956,5.196996924673015,0.157590881722755
2218,0.2281,3,21,3,44584,561026,3003,104953,5.196802400978176,0.15759205620597647
2219,0.2282,2,41,2,44625,560985,3005,104951,5.196422616621587,0.15759922875471516
2220,0.2283,1,26,1,44651,560959,3006,104950,5.19618177776131,0.15760411707906036
2221,0.2284,1,22,1,44673,560937,3007,104949,5.195977991033384,0.1576080590371325
2222,0.2285,2,43,2,44716,560894,3009,104947,5.195579680610619,0.15761570705318537
2223,0.2286,4,12,4,44728,560882,3013,104943,5.1954685242135685,0.15761348702737205
2224,0.2287,0,18,0,44746,560864,3013,104943,5.195301789617993,0.1576177480861571
2225,0.2288,1,25,1,44771,560839,3014,104942,5.195070213790804,0.15762240136020703
2226,0.2289,0,7,0,44778,560832,3014,104942,5.195005372559191,0.1576240586144848
2227,0.229,0,13,0,44791,560819,3014,104942,5.194884953129052,0.15762713646488755
2228,0.2291,2,15,2,44806,560804,3016,104940,5.194746007632739,0.1576281573697998
2229,0.2292,0,17,0,44823,560787,3016,104940,5.194588536070251,0.1576321825613202
2230,0.2293,1,14,1,44837,560773,3017,104939,5.194458853607025,0.15763423222053982
2231,0.2294,1,35,1,44872,560738,3018,104938,5.19413464744896,0.1576412549047885
2232,0.2295,1,11,1,44883,560727,3019,104937,5.194032754084998,0.15764259446207096
2233,0.2296,4,13,4,44896,560714,3023,104933,5.1939123346548595,0.1576406113150063
2234,0.2297,2,19,2,44915,560695,3025,104931,5.193736337026196,0.15764258006748536
2235,0.2298,4,44,4,44959,560651,3029,104927,5.193328763570343,0.15764793908452504
2236,0.2299,1,22,1,44981,560629,3030,104926,5.193124976842418,0.1576518845174328
2237,0.23,0,27,0,45008,560602,3030,104926,5.192874874949053,0.15765828034282556
2238,0.2301,2,18,2,45026,560584,3032,104924,5.192708140353477,0.1576600131027726
2239,0.2302,0,15,0,45041,560569,3032,104924,5.192569194857164,0.15766356670919154
2240,0.2303,2,20,2,45061,560549,3034,104922,5.192383934195413,0.15766577356488862
2241,0.2304,3,56,3,45117,560493,3037,104919,5.19186520434251,0.1576752448107338
2242,0.2305,2,15,2,45132,560478,3039,104917,5.191726258846197,0.1576762674802185
2243,0.2306,4,16,4,45148,560462,3043,104913,5.191578050316796,0.15767499530340034
2244,0.2307,2,19,2,45167,560443,3045,104911,5.191402052688132,0.15767696594594757
2245,0.2308,7,21,7,45188,560422,3052,104904,5.191207528993294,0.15767308056501625
2246,0.2309,4,42,4,45230,560380,3056,104900,5.190818481603617,0.15767797017797017
2247,0.231,1,7,1,45237,560373,3057,104899,5.190753640372003,0.15767836313567984
2248,0.2311,5,19,5,45256,560354,3062,104894,5.19057764274334,0.1576765356679013
2249,0.2312,2,18,2,45274,560336,3064,104892,5.190410908147764,0.1576782697060256
2250,0.2313,0,9,0,45283,560327,3064,104892,5.190327540849976,0.15768040299510386
2251,0.2314,0,21,0,45304,560306,3064,104892,5.190133017155137,0.15768538089410972
2252,0.2315,3,21,3,45325,560285,3067,104889,5.189938493460299,0.1576865602083064
2253,0.2316,0,8,0,45333,560277,3067,104889,5.1898643891955984,0.15768845671606788
2254,0.2317,1,11,1,45344,560266,3068,104888,5.189762495831635,0.1576897981520069
2255,0.2318,1,18,1,45362,560248,3069,104887,5.189595761236059,0.15769279920617618
2256,0.2319,2,31,2,45393,560217,3071,104885,5.189308607210345,0.15769761630546894
2257,0.232,4,26,4,45419,560191,3075,104881,5.1890677683500686,0.15769871532706234
2258,0.2321,1,17,1,45436,560174,3076,104880,5.18891029678758,0.1577014798798293
2259,0.2322,1,16,1,45452,560158,3077,104879,5.188762088258179,0.15770400744620225
2260,0.2323,2,13,2,45465,560145,3079,104877,5.1886416688280415,0.15770455714247048
2261,0.2324,2,15,2,45480,560130,3081,104875,5.188502723331728,0.1577055811610439
2262,0.2325,1,30,1,45510,560100,3082,104874,5.188224832339101,0.15771142931904106
2263,0.2326,1,23,1,45533,560077,3083,104873,5.188011782578087,0.1577156177156177
2264,0.2327,5,35,5,45568,560042,3088,104868,5.187687576420023,0.15771758583868495
2265,0.2328,7,41,7,45609,560001,3095,104861,5.187307792063433,0.15771844382744088
2266,0.2329,1,14,1,45623,559987,3096,104860,5.187178109600207,0.15772049809956276
2267,0.233,4,19,4,45642,559968,3100,104856,5.187002111971544,0.15771993790837877
2268,0.2331,2,36,2,45678,559932,3102,104854,5.186668642780392,0.1577259448905362
2269,0.2332,1,21,1,45699,559911,3103,104853,5.1864741190855534,0.15772966045092696
2270,0.2333,1,10,1,45709,559901,3104,104852,5.1863814887546775,0.15773076616427456
2271,0.2334,4,38,4,45747,559863,3108,104848,5.186029493497351,0.1577347147858242
2272,0.2335,2,27,2,45774,559836,3110,104846,5.185779391603987,0.15773858777580857
2273,0.2336,4,17,4,45791,559819,3114,104842,5.185621920041498,0.15773755342949264
2274,0.2337,3,17,3,45808,559802,3117,104839,5.18546444847901,0.15773778626356183
2275,0.2338,1,16,1,45824,559786,3118,104838,5.185316239949609,0.15774031632923277
2276,0.2339,3,19,3,45843,559767,3121,104835,5.185140242320945,0.15774102395117678
2277,0.234,0,23,0,45866,559744,3121,104835,5.184927192559932,0.15774648311186482
2278,0.2341,0,9,0,45875,559735,3121,104835,5.184843825262144,0.15774861940803828
2279,0.2342,2,18,2,45893,559717,3123,104833,5.184677090666568,0.15775035738469642
2280,0.2343,1,30,1,45923,559687,3124,104832,5.184399199673941,0.15775621163578468
2281,0.2344,0,9,0,45932,559678,3124,104832,5.184315832376154,0.15775834825661014
2282,0.2345,0,16,0,45948,559662,3124,104832,5.1841676238467524,0.15776214683654027
2283,0.2346,0,15,0,45963,559647,3124,104832,5.1840286783504395,0.15776570817136434
2284,0.2347,0,24,0,45987,559623,3124,104832,5.183806365556338,0.15777140664153327
2285,0.2348,1,24,1,46011,559599,3125,104831,5.183584052762236,0.1577758379362762
2286,0.2349,2,30,2,46041,559569,3127,104829,5.18330616176961,0.15778042679237445
2287,0.235,2,23,2,46064,559546,3129,104827,5.183093112008596,0.15778335362815768
2288,0.2351,2,46,2,46110,559500,3131,104825,5.182667012486569,0.15779174349904038
2289,0.2352,0,14,0,46124,559486,3131,104825,5.182537330023343,0.15779506887587288
2290,0.2353,1,13,1,46137,559473,3132,104824,5.182416910593204,0.15779688904210015
2291,0.2354,1,15,1,46152,559458,3133,104823,5.182277965096891,0.15779918438130852
2292,0.2355,1,21,1,46173,559437,3134,104822,5.182083441402053,0.15780290519210127
2293,0.2356,2,17,2,46190,559420,3136,104820,5.181925969839564,0.15780440804528484
2294,0.2357,3,9,3,46199,559411,3139,104817,5.181842602541776,0.15780274243181558
2295,0.2358,0,23,0,46222,559388,3139,104817,5.1816295527807625,0.15780820680362237
2296,0.2359,1,22,1,46244,559366,3140,104816,5.181425766052836,0.15781216594246758
2297,0.236,1,26,1,46270,559340,3141,104815,5.18118492719256,0.1578170758332016
2298,0.2361,1,9,1,46279,559331,3142,104814,5.181101559894772,0.15781794638219063
2299,0.2362,2,9,2,46288,559322,3144,104812,5.181018192596984,0.1578175488681501
2300,0.2363,2,22,2,46310,559300,3146,104810,5.180814405869058,0.1578202406227884
2301,0.2364,2,11,2,46321,559289,3148,104808,5.180712512505095,0.15782031841733962
2302,0.2365,3,14,3,46335,559275,3151,104805,5.180582830041869,0.1578198409830141
2303,0.2366,1,17,1,46352,559258,3152,104804,5.180425358479381,0.15782261294879094
2304,0.2367,1,24,1,46376,559234,3153,104803,5.180203045685279,0.1578270487939678
2305,0.2368,3,12,3,46388,559222,3156,104800,5.180091889288229,0.1578260961233212
2306,0.2369,2,22,2,46410,559200,3158,104798,5.1798881025603025,0.15782878864092964
2307,0.237,1,17,1,46427,559183,3159,104797,5.179730630997814,0.15783156119160216
2308,0.2371,1,9,1,46436,559174,3160,104796,5.179647263700026,0.15783243218820128
2309,0.2372,2,26,2,46462,559148,3162,104794,5.179406424839749,0.15783607604278688
2310,0.2373,1,7,1,46469,559141,3163,104793,5.179341583608137,0.157836471697488
2311,0.2374,0,12,0,46481,559129,3163,104793,5.179230427211086,0.15783932449896224
2312,0.2375,3,16,3,46497,559113,3166,104790,5.179082218681685,0.1578393229131364
2313,0.2376,1,25,1,46522,559088,3167,104789,5.1788506428544965,0.1578439982105119
2314,0.2377,5,21,5,46543,559067,3172,104784,5.178656119159657,0.15784264842562562
2315,0.2378,1,20,1,46563,559047,3173,104783,5.1784708584979064,0.15784613530572586
2316,0.2379,2,16,2,46579,559031,3175,104781,5.178322649968505,0.1578474025778383
2317,0.238,3,15,3,46594,559016,3178,104778,5.178183704472192,0.15784716342720784
2318,0.2381,0,11,0,46605,559005,3178,104778,5.178081811108229,0.15784977922001617
2319,0.2382,0,10,0,46615,558995,3178,104778,5.177989180777354,0.15785215728871166
2320,0.2383,1,17,1,46632,558978,3179,104777,5.177831709214865,0.15785493141294604
2321,0.2384,4,22,4,46654,558956,3183,104773,5.1776279224869395,0.15785508844724278
2322,0.2385,1,16,1,46670,558940,3184,104772,5.177479713957538,0.1578576249939733
2323,0.2386,1,10,1,46680,558930,3185,104771,5.1773870836266624,0.15785873458078262
2324,0.2387,1,16,1,46696,558914,3186,104770,5.177238875097262,0.15786127132792113
2325,0.2388,3,39,3,46735,558875,3189,104767,5.1768776168068475,0.15786674140575793
2326,0.2389,4,36,4,46771,558839,3193,104763,5.1765441476156955,0.15787022944475754
2327,0.239,0,9,0,46780,558830,3193,104763,5.176460780317908,0.15787237056448758
2328,0.2391,1,20,1,46800,558810,3194,104762,5.176275519656156,0.15787585974091733
2329,0.2392,2,23,2,46823,558787,3196,104760,5.176062469895142,0.1578787938156604
2330,0.2393,1,11,1,46834,558776,3197,104759,5.175960576531179,0.15788014196688946
2331,0.2394,1,28,1,46862,558748,3198,104758,5.175701211604728,0.15788553532296618
2332,0.2395,0,8,0,46870,558740,3198,104758,5.175627107340027,0.1578874389975554
2333,0.2396,1,9,1,46879,558731,3199,104757,5.175543740042239,0.1578883114690846
2334,0.2397,0,19,0,46898,558712,3199,104757,5.1753677424135756,0.1578928329733567
2335,0.2398,2,13,2,46911,558699,3201,104755,5.175247322983438,0.15789338823791854
2336,0.2399,0,12,0,46923,558687,3201,104755,5.175136166586387,0.1578962441328707
2337,0.24,2,54,2,46977,558633,3203,104753,5.174635962799659,0.1579065581727682
2338,0.2401,2,21,2,46998,558612,3205,104751,5.174441439104821,0.15790901813938973
2339,0.2402,0,7,0,47005,558605,3205,104751,5.1743765978732075,0.1579106844590235
2340,0.2403,0,10,0,47015,558595,3205,104751,5.174283967542332,0.1579130649766487
2341,0.2404,0,8,0,47023,558587,3205,104751,5.174209863277632,0.15791496944242603
2342,0.2405,1,25,1,47048,558562,3206,104750,5.173978287450443,0.15791965168729044
2343,0.2406,3,19,3,47067,558543,3209,104747,5.173802289821779,0.1579203666571183
2344,0.2407,2,30,2,47097,558513,3211,104745,5.173524398829152,0.1579249703735198
2345,0.2408,4,32,4,47129,558481,3215,104741,5.173227981770351,0.15792751145167078
2346,0.2409,2,23,2,47152,558458,3217,104739,5.1730149320093375,0.15793044902193465
2347,0.241,1,28,1,47180,558430,3218,104738,5.172755567082886,0.1579358473267709
2348,0.2411,0,19,0,47199,558411,3218,104738,5.172579569454222,0.15794037237483582
2349,0.2412,0,16,0,47215,558395,3218,104738,5.172431360924821,0.15794418314274813
2350,0.2413,0,11,0,47226,558384,3218,104738,5.172329467560858,0.1579468031523611
2351,0.2414,0,15,0,47241,558369,3218,104738,5.172190522064545,0.15795037603282727
2352,0.2415,2,13,2,47254,558356,3220,104736,5.1720701026344065,0.1579509329022217
2353,0.2416,2,18,2,47272,558338,3222,104734,5.171903368038831,0.15795268085517108
2354,0.2417,0,6,0,47278,558332,3222,104734,5.171847789840306,0.15795411014891428
2355,0.2418,0,17,0,47295,558315,3222,104734,5.1716903182778164,0.1579581599549958
2356,0.2419,5,18,5,47313,558297,3227,104729,5.171523583682241,0.15795609825255721
2357,0.242,0,17,0,47330,558280,3227,104729,5.1713661121197525,0.15796014835394392
2358,0.2421,2,18,2,47348,558262,3229,104727,5.171199377524177,0.15796189680371772
2359,0.2422,0,22,0,47370,558240,3229,104727,5.170995590796251,0.1579671386358597
2360,0.2423,0,13,0,47383,558227,3229,104727,5.170875171366112,0.15797023624565204
2361,0.2424,0,27,0,47410,558200,3229,104727,5.170625069472748,0.1579766701311004
2362,0.2425,3,15,3,47425,558185,3232,104724,5.170486123976435,0.157976434171206
2363,0.2426,1,16,1,47441,558169,3233,104723,5.170337915447034,0.1579789769675905
2364,0.2427,2,13,2,47454,558156,3235,104721,5.170217496016896,0.15797953466480208
2365,0.2428,0,26,0,47480,558130,3235,104721,5.169976657156619,0.15798573133328606
2366,0.2429,3,27,3,47507,558103,3238,104718,5.169726555263256,0.15798835583060886
2367,0.243,0,22,0,47529,558081,3238,104718,5.169522768535329,0.15799359986964373
2368,0.2431,2,21,2,47550,558060,3240,104716,5.16932824484049,0.15799606503554744
2369,0.2432,1,27,1,47577,558033,3241,104715,5.169078142947127,0.15800123123721233
2370,0.2433,5,78,5,47655,557955,3246,104710,5.1683556263662975,0.15801347588902387
2371,0.2434,2,43,2,47698,557912,3248,104708,5.167957315943532,0.1580211886148924
2372,0.2435,4,32,4,47730,557880,3252,104704,5.167660898884731,0.15802373736763942
2373,0.2436,4,18,4,47748,557862,3256,104700,5.167494164289155,0.15802294728644262
2374,0.2437,0,16,0,47764,557846,3256,104700,5.167345955759754,0.15802676342472824
2375,0.2438,5,16,5,47780,557830,3261,104695,5.167197747230353,0.1580242255009245
2376,0.2439,1,24,1,47804,557806,3262,104694,5.166975434436252,0.15802867924528302
2377,0.244,1,26,1,47830,557780,3263,104693,5.166734595575975,0.1580336104263872
2378,0.2441,1,13,1,47843,557767,3264,104692,5.1666141761458375,0.1580354406838763
2379,0.2442,4,25,4,47868,557742,3268,104688,5.166382600318649,0.1580363208188035
2380,0.2443,0,21,0,47889,557721,3268,104688,5.1661880766238095,0.15804133096017717
2381,0.2444,3,23,3,47912,557698,3271,104685,5.165975026862796,0.15804300533075274
2382,0.2445,0,8,0,47920,557690,3271,104685,5.165900922598095,0.1580449141347424
2383,0.2446,1,19,1,47939,557671,3272,104684,5.165724924969432,0.15804817658204437
2384,0.2447,2,35,2,47974,557636,3274,104682,5.165400718811368,0.15805398615166733
2385,0.2448,1,11,1,47985,557625,3275,104681,5.165298825447405,0.15805533997880133
2386,0.2449,2,31,2,48016,557594,3277,104679,5.1650116714216905,0.15806019571989194
2387,0.245,1,12,1,48028,557582,3278,104678,5.16490051502464,0.1580617884214659
2388,0.2451,0,15,0,48043,557567,3278,104678,5.164761569528326,0.158065368556954
2389,0.2452,3,27,3,48070,557540,3281,104675,5.164511467634963,0.1580679990637482
2390,0.2453,1,15,1,48085,557525,3282,104674,5.164372522138649,0.15807030817020262
2391,0.2454,1,17,1,48102,557508,3283,104673,5.164215050576161,0.1580730948184862
2392,0.2455,3,9,3,48111,557499,3286,104670,5.164131683278373,0.1580714288950404
2393,0.2456,1,11,1,48122,557488,3287,104669,5.16402978991441,0.1580727833429232
2394,0.2457,1,16,1,48138,557472,3288,104668,5.1638815813850085,0.15807533150089104
2395,0.2458,0,15,0,48153,557457,3288,104668,5.1637426358886955,0.15807891259203322
2396,0.2459,2,32,2,48185,557425,3290,104666,5.163446218829893,0.15808400959988883
2397,0.246,2,8,2,48193,557417,3292,104664,5.163372114565194,0.15808337650529164
2398,0.2461,3,17,3,48210,557400,3295,104661,5.163214643002704,0.15808362069356147
2399,0.2462,1,9,1,48219,557391,3296,104660,5.163131275704917,0.1580844980220557
2400,0.2463,2,24,2,48243,557367,3298,104658,5.162908962910816,0.15808768551036592
2401,0.2464,2,6,2,48249,557361,3300,104656,5.162853384712291,0.15808657481605456
2402,0.2465,3,21,3,48270,557340,3303,104653,5.1626588610174515,0.15808777434202476
2403,0.2466,0,10,0,48280,557330,3303,104653,5.162566230686576,0.1580901624361955
2404,0.2467,1,21,1,48301,557309,3304,104652,5.162371706991737,0.15809390583433164
2405,0.2468,4,16,4,48317,557293,3308,104648,5.162223498462336,0.15809263967634576
2406,0.2469,1,23,1,48340,557270,3309,104647,5.162010448701323,0.158096861086813
2407,0.247,2,14,2,48354,557256,3311,104645,5.161880766238097,0.15809766113059204
2408,0.2471,5,21,5,48375,557235,3316,104640,5.161686242543259,0.15809631728045326
2409,0.2472,1,21,1,48396,557214,3317,104639,5.16149171884842,0.15810006149401756
2410,0.2473,0,18,0,48414,557196,3317,104639,5.161324984252844,0.15810436135894898
2411,0.2474,1,29,1,48443,557167,3318,104638,5.1610563562933045,0.15811001730116878
2412,0.2475,1,18,1,48461,557149,3319,104637,5.160889621697729,0.15811304560688802
2413,0.2476,1,34,1,48495,557115,3320,104636,5.160574678572752,0.15811989706097912
2414,0.2477,1,13,1,48508,557102,3321,104635,5.160454259142614,0.15812173114092154
2415,0.2478,0,15,0,48523,557087,3321,104635,5.160315313646301,0.15812531546480244
2416,0.2479,1,24,1,48547,557063,3322,104634,5.160093000852199,0.15812977843333126
2417,0.248,2,19,2,48566,557044,3324,104632,5.159917003223535,0.15813177446363477
2418,0.2481,2,10,2,48576,557034,3326,104630,5.15982437289266,0.15813161967403394
2419,0.2482,1,26,1,48602,557008,3327,104629,5.159583534032383,0.15813656128662695
2420,0.2483,2,14,2,48616,556994,3329,104627,5.1594538515691575,0.15813736262905803
2421,0.2484,2,23,2,48639,556971,3331,104625,5.159240801808144,0.15814031523769792
2422,0.2485,3,11,3,48650,556960,3334,104622,5.159138908444181,0.15813912712256378
2423,0.2486,0,20,0,48670,556940,3334,104622,5.15895364778243,0.15814390790281183
2424,0.2487,0,16,0,48686,556924,3334,104622,5.158805439253029,0.1581477327351386
2425,0.2488,2,16,2,48702,556908,3336,104620,5.1586572307236285,0.1581490125890363
2426,0.2489,2,18,2,48720,556890,3338,104618,5.158490496128052,0.15815077066339334
2427,0.249,3,17,3,48737,556873,3341,104615,5.158333024565564,0.15815101710083931
2428,0.2491,0,26,0,48763,556847,3341,104615,5.1580921857052875,0.1581572335221071
2429,0.2492,0,13,0,48776,556834,3341,104615,5.157971766275149,0.15816034191600561
2430,0.2493,2,29,2,48805,556805,3343,104613,5.15770313831561,0.158164730926585
2431,0.2494,2,42,2,48847,556763,3345,104611,5.157314090925933,0.15817222932864008
2432,0.2495,2,18,2,48865,556745,3347,104609,5.1571473563303565,0.1581739885144718
2433,0.2496,1,27,1,48892,556718,3348,104608,5.156897254436993,0.1581791733577691
2434,0.2497,1,18,1,48910,556700,3349,104607,5.156730519841417,0.1581822058438819
2435,0.2498,1,12,1,48922,556688,3350,104606,5.156619363444366,0.15818380327055742
2436,0.2499,0,3,0,48925,556685,3350,104606,5.156591574345104,0.15818452088414933
2437,0.25,0,11,0,48936,556674,3350,104606,5.1564896809811405,0.1581871521896927
2438,0.2501,1,20,1,48956,556654,3351,104605,5.1563044203193895,0.158190663567528
2439,0.2502,1,15,1,48971,556639,3352,104604,5.156165474823076,0.15819297898049584
2440,0.2503,1,16,1,48987,556623,3353,104603,5.156017266293675,0.15819553375094142
2441,0.2504,0,17,0,49004,556606,3353,104603,5.155859794731187,0.1581996010338637
2442,0.2505,1,18,1,49022,556588,3354,104602,5.155693060135611,0.15820263464359716
2443,0.2506,5,26,5,49048,556562,3359,104597,5.155452221275334,0.15820248987006152
2444,0.2507,0,8,0,49056,556554,3359,104597,5.155378117010634,0.1582044041376327
2445,0.2508,2,28,2,49084,556526,3361,104595,5.155118752084182,0.15820855788879798
2446,0.2509,2,23,2,49107,556503,3363,104593,5.154905702323169,0.15821151542287354
2447,0.251,1,23,1,49130,556480,3364,104592,5.154692652562155,0.1582157465450057
2448,0.2511,7,27,7,49157,556453,3371,104585,5.154442550668791,0.15821329484840507
2449,0.2512,1,28,1,49185,556425,3372,104584,5.1541831857423395,0.15821872319438918
2450,0.2513,3,17,3,49202,556408,3375,104581,5.154025714179851,0.1582189718739646
2451,0.2514,2,23,2,49225,556385,3377,104579,5.153812664418838,0.15822193039257812
2452,0.2515,0,27,0,49252,556358,3377,104579,5.153562562525473,0.15822839393164553
2453,0.2516,1,17,1,49269,556341,3378,104578,5.153405090962985,0.15823119020636417
2454,0.2517,1,16,1,49285,556325,3379,104577,5.153256882433584,0.1582337472121434
2455,0.2518,3,18,3,49303,556307,3382,104574,5.153090147838008,0.15823423581552504
2456,0.2519,3,20,3,49323,556287,3385,104571,5.152904887176257,0.15823520332658453
2457,0.252,1,23,1,49346,556264,3386,104570,5.152691837415243,0.1582394368328506
2458,0.2521,0,8,0,49354,556256,3386,104570,5.152617733150543,0.15824135248915752
2459,0.2522,5,28,5,49382,556228,3391,104565,5.152358368224092,0.1582416883956095
2460,0.2523,1,16,1,49398,556212,3392,104564,5.1522101596946905,0.15824424615906146
2461,0.2524,6,36,6,49434,556176,3398,104558,5.1518766905035385,0.15824522425060614
2462,0.2525,2,29,2,49463,556147,3400,104556,5.151608062544,0.15824962199354325
2463,0.2526,1,17,1,49480,556130,3401,104555,5.151450590981511,0.15825241983698737
2464,0.2527,2,14,2,49494,556116,3403,104553,5.151320908518286,0.15825322513997175
2465,0.2528,3,19,3,49513,556097,3406,104550,5.151144910889622,0.15825395407835047
2466,0.2529,0,10,0,49523,556087,3406,104550,5.151052280558746,0.15825634955353696
2467,0.253,2,18,2,49541,556069,3408,104548,5.15088554596317,0.15825811324867511
2468,0.2531,1,15,1,49556,556054,3409,104547,5.1507466004668565,0.15826043254551536
2469,0.2532,2,15,2,49571,556039,3411,104545,5.1506076549705435,0.1582614777227423
2470,0.2533,1,23,1,49594,556016,3412,104544,5.15039460520953,0.15826571393968752
2471,0.2534,1,6,1,49600,556010,3413,104543,5.150339027011005,0.15826587722711122
2472,0.2535,1,23,1,49623,555987,3414,104542,5.15012597724999,0.1582701138027248
2473,0.2536,7,48,7,49671,555939,3421,104535,5.149681351661788,0.1582726950644537
2474,0.2537,3,22,3,49693,555917,3424,104532,5.1494775649338616,0.15827414380217095
2475,0.2538,1,22,1,49715,555895,3425,104531,5.149273778205936,0.1582781416843068
2476,0.2539,0,9,0,49724,555886,3425,104531,5.149190410908147,0.15828029865978616
2477,0.254,5,86,5,49810,555800,3430,104526,5.148393790062618,0.15829453936388996
2478,0.2541,1,44,1,49854,555756,3431,104525,5.147986216606766,0.15830381307352476
2479,0.2542,1,15,1,49869,555741,3432,104524,5.147847271110453,0.15830613465805396
2480,0.2543,2,19,2,49888,555722,3434,104522,5.147671273481789,0.15830814062679857
2481,0.2544,1,17,1,49905,555705,3435,104521,5.147513801919301,0.158310942010766
2482,0.2545,0,15,0,49920,555690,3435,104521,5.147374856422987,0.15831453883682642
2483,0.2546,2,24,2,49944,555666,3437,104519,5.147152543628886,0.15831774426865197
2484,0.2547,4,28,4,49972,555638,3441,104515,5.146893178702435,0.15831935930004104
2485,0.2548,0,9,0,49981,555629,3441,104515,5.146809811404647,0.1583215177294651
2486,0.2549,0,25,0,50006,555604,3441,104515,5.146578235577458,0.15832751367556455
2487,0.255,0,22,0,50028,555582,3441,104515,5.1463744488495315,0.15833279048382284
2488,0.2551,1,29,1,50057,555553,3442,104514,5.146105820889992,0.1583384717006001
2489,0.2552,2,24,2,50081,555529,3444,104512,5.145883508095891,0.15834167877450037
2490,0.2553,0,12,0,50093,555517,3444,104512,5.14577235169884,0.15834455758762114
2491,0.2554,2,20,2,50113,555497,3446,104510,5.145587091037089,0.15834680541266988
2492,0.2555,0,4,0,50117,555493,3446,104510,5.145550038904739,0.15834776508591628
2493,0.2556,1,13,1,50130,555480,3447,104509,5.1454296194746005,0.15834960885711732
2494,0.2557,1,24,1,50154,555456,3448,104508,5.1452073066805,0.15835409204138406
2495,0.2558,0,10,0,50164,555446,3448,104508,5.145114676349624,0.15835649151304484
2496,0.2559,1,26,1,50190,555420,3449,104507,5.144873837489348,0.15836145513064323
2497,0.256,2,14,2,50204,555406,3451,104505,5.144744155026122,0.15836226400226697
2498,0.2561,3,18,3,50222,555388,3454,104502,5.1445774204305454,0.1583627574292685
2499,0.2562,0,11,0,50233,555377,3454,104502,5.144475527066582,0.15836539729253393
2500,0.2563,4,31,4,50264,555346,3458,104498,5.144188373040868,0.15836773540412583
2501,0.2564,2,13,2,50277,555333,3460,104496,5.1440679536107305,0.15836830451526077
2502,0.2565,4,53,4,50330,555280,3464,104492,5.14357701285709,0.15837592380398077
2503,0.2566,4,15,4,50345,555265,3468,104488,5.143438067360776,0.15837442194275736
2504,0.2567,0,16,0,50361,555249,3468,104488,5.143289858831376,0.15837826285322787
2505,0.2568,0,6,0,50367,555243,3468,104488,5.143234280632851,0.15837970324268527
2506,0.2569,1,10,1,50377,555233,3469,104487,5.143141650301975,0.15838082823015825
2507,0.257,0,19,0,50396,555214,3469,104487,5.142965652673311,0.158385389744748
2508,0.2571,0,18,0,50414,555196,3469,104487,5.142798918077736,0.15838971142200117
2509,0.2572,1,22,1,50436,555174,3470,104486,5.142595131349809,0.158393717975927
2510,0.2573,3,25,3,50461,555149,3473,104483,5.14236355552262,0.158395893467873
2511,0.2574,1,23,1,50484,555126,3474,104482,5.142150505761607,0.15840014068962172
2512,0.2575,1,28,1,50512,555098,3475,104481,5.141891140835155,0.15840558901966253
2513,0.2576,3,25,3,50537,555073,3478,104478,5.141659565007966,0.1584077652827454
2514,0.2577,5,30,5,50567,555043,3483,104473,5.1413816740153395,0.15840859054215517
2515,0.2578,2,20,2,50587,555023,3485,104471,5.141196413353589,0.15841084225178698
2516,0.2579,0,13,0,50600,555010,3485,104471,5.14107599392345,0.15841396492089993
2517,0.258,2,20,2,50620,554990,3487,104469,5.140890733261699,0.15841621692933147
2518,0.2581,2,20,2,50640,554970,3489,104467,5.140705472599948,0.1584184690880251
2519,0.2582,0,8,0,50648,554962,3489,104467,5.140631368335248,0.1584203909746159
2520,0.2583,1,23,1,50671,554939,3490,104466,5.140418318574234,0.15842464039550808
2521,0.2584,1,18,1,50689,554921,3491,104465,5.140251583978658,0.15842768878926758
2522,0.2585,1,14,1,50703,554907,3492,104464,5.140121901515432,0.1584297762564626
2523,0.2586,0,21,0,50724,554886,3492,104464,5.139927377820594,0.15843482217335256
2524,0.2587,2,34,2,50758,554852,3494,104462,5.139612434695617,0.1584404396084415
2525,0.2588,1,24,1,50782,554828,3495,104461,5.139390121901515,0.15844493082699695
2526,0.2589,1,7,1,50789,554821,3496,104460,5.139325280669903,0.15844533666221233
2527,0.259,1,17,1,50806,554804,3497,104459,5.139167809107414,0.15844814588411604
2528,0.2591,1,17,1,50823,554787,3498,104458,5.139010337544926,0.15845095525942557
2529,0.2592,1,14,1,50837,554773,3499,104457,5.1388806550817,0.1584530437025014
2530,0.2593,2,45,2,50882,554728,3501,104455,5.13846381859276,0.1584613074062893
2531,0.2594,4,26,4,50908,554702,3505,104451,5.138222979732483,0.158462451054611
2532,0.2595,3,16,3,50924,554686,3508,104448,5.138074771203082,0.15846246741937148
2533,0.2596,2,14,2,50938,554672,3510,104446,5.137945088739857,0.15846327971622684
2534,0.2597,2,13,2,50951,554659,3512,104444,5.137824669309719,0.15846385162865287
2535,0.2598,2,4,2,50955,554655,3514,104442,5.137787617177368,0.1584622597280825
2536,0.2599,3,19,3,50974,554636,3517,104439,5.137611619548705,0.15846299738269545
2537,0.26,1,19,1,50993,554617,3518,104438,5.137435621920042,0.1584662888529789
2538,0.2601,1,24,1,51017,554593,3519,104437,5.13721330912594,0.1584707828171707
2539,0.2602,2,25,2,51042,554568,3521,104435,5.136981733298751,0.15847424063319893
2540,0.2603,1,18,1,51060,554550,3522,104434,5.1368149987031755,0.15847729231665716
2541,0.2604,1,21,1,51081,554529,3523,104433,5.136620475008336,0.15848106567601775
2542,0.2605,2,35,2,51116,554494,3525,104431,5.1362962688502725,0.15848692946845241
2543,0.2606,2,27,2,51143,554467,3527,104429,5.136046166956908,0.15849086957577524
2544,0.2607,1,17,1,51160,554450,3528,104428,5.13588869539442,0.1584936816831037
2545,0.2608,3,19,3,51179,554431,3531,104425,5.135712697765756,0.158494420632126
2546,0.2609,2,19,2,51198,554412,3533,104423,5.135536700137093,0.1584964368923934
2547,0.261,0,19,0,51217,554393,3533,104423,5.13536070250843,0.15850100786866136
2548,0.2611,1,12,1,51229,554381,3534,104422,5.135249546111378,0.15850261762620996
2549,0.2612,1,34,1,51263,554347,3535,104421,5.134934602986402,0.15850952080246763
2550,0.2613,1,16,1,51279,554331,3536,104420,5.134786394457001,0.15851209334027577
2551,0.2614,1,21,1,51300,554310,3537,104419,5.134591870762162,0.1585158691965892
2552,0.2615,1,16,1,51316,554294,3538,104418,5.134443662232761,0.15851844205054713
2553,0.2616,3,19,3,51335,554275,3541,104415,5.134267664604098,0.15851918201278295
2554,0.2617,1,12,1,51347,554263,3542,104414,5.134156508207047,0.15852079243696077
2555,0.2618,3,33,3,51380,554230,3545,104411,5.1338508281151585,0.15852490203312578
2556,0.2619,7,30,7,51410,554200,3552,104404,5.133572937122532,0.15852317933082702
2557,0.262,3,43,3,51453,554157,3555,104401,5.133174626699766,0.15852969670097394
2558,0.2621,2,32,2,51485,554125,3557,104399,5.132878209640965,0.1585348445918448
2559,0.2622,0,15,0,51500,554110,3557,104399,5.132739264144652,0.15853845581457504
2560,0.2623,1,12,1,51512,554098,3558,104398,5.132628107747601,0.1585400670619108
2561,0.2624,1,15,1,51527,554083,3559,104397,5.132489162251288,0.15854240068035474
2562,0.2625,1,21,1,51548,554062,3560,104396,5.1322946385564485,0.1585461791032989
2563,0.2626,1,14,1,51562,554048,3561,104395,5.132164956093223,0.1585482722118695
2564,0.2627,4,10,4,51572,554038,3565,104391,5.132072325762348,0.15854556831488284
2565,0.2628,1,20,1,51592,554018,3566,104390,5.131887065100597,0.1585491063292062
2566,0.2629,1,17,1,51609,554001,3567,104389,5.131729593538108,0.15855192211303332
2567,0.263,5,42,5,51651,553959,3572,104384,5.131340546148431,0.15855564652468393
2568,0.2631,2,20,2,51671,553939,3574,104382,5.131155285486679,0.15855790716079238
2569,0.2632,0,37,0,51708,553902,3574,104382,5.13081255326244,0.15856681918442497
2570,0.2633,1,11,1,51719,553891,3575,104381,5.130710659898477,0.1585681906567498
2571,0.2634,1,11,1,51730,553880,3576,104380,5.130608766534514,0.15856956217907817
2572,0.2635,0,17,0,51747,553863,3576,104380,5.130451294972025,0.15857365744869295
2573,0.2636,3,5,3,51752,553858,3579,104377,5.130404979806588,0.15857102706480208
2574,0.2637,1,19,1,51771,553839,3580,104376,5.130228982177925,0.1585743260180944
2575,0.2638,2,33,2,51804,553806,3582,104374,5.129923302086035,0.1585797198334802
2576,0.2639,0,14,0,51818,553792,3582,104374,5.129793619622809,0.15858309301908638
2577,0.264,5,24,5,51842,553768,3587,104369,5.129571306828708,0.1585824835862442
2578,0.2641,0,22,0,51864,553746,3587,104369,5.129367520100782,0.15858778480964572
2579,0.2642,5,20,5,51884,553726,3592,104364,5.12918225943903,0.15858621161239345
2580,0.2643,0,9,0,51893,553717,3592,104364,5.129098892141243,0.1585883804577248
2581,0.2644,3,20,3,51913,553697,3595,104361,5.128913631479492,0.15858936446331479
2582,0.2645,1,22,1,51935,553675,3596,104360,5.128709844751565,0.15859338788970193
2583,0.2646,2,18,2,51953,553657,3598,104358,5.12854311015599,0.15859516880314278
2584,0.2647,1,19,1,51972,553638,3599,104357,5.128367112527326,0.15859846959323398
2585,0.2648,1,21,1,51993,553617,3600,104356,5.128172588832487,0.15860225267602165
2586,0.2649,1,9,1,52002,553608,3601,104355,5.128089221534699,0.15860314333784725
2587,0.265,0,29,0,52031,553579,3601,104355,5.12782059357516,0.1586101341471941
2588,0.2651,2,16,2,52047,553563,3603,104353,5.127672385045759,0.1586114336784635
2589,0.2652,2,17,2,52064,553546,3605,104351,5.127514913483271,0.15861297437136818
2590,0.2653,3,12,3,52076,553534,3608,104348,5.1274037570862205,0.15861203072891492
2591,0.2654,0,10,0,52086,553524,3608,104348,5.127311126755345,0.15861444171510566
2592,0.2655,2,25,2,52111,553499,3610,104346,5.127079550928156,0.15861791151411048
2593,0.2656,3,17,3,52128,553482,3613,104343,5.126922079365667,0.1586181735263938
2594,0.2657,2,49,2,52177,553433,3615,104341,5.126468190744378,0.1586274313061933
2595,0.2658,1,19,1,52196,553414,3616,104340,5.126292193115714,0.1586307342866786
2596,0.2659,2,11,2,52207,553403,3618,104338,5.126190299751751,0.15863082885208615
2597,0.266,4,20,4,52227,553383,3622,104334,5.12600503909,0.15863053562550458
2598,0.2661,0,22,0,52249,553361,3622,104334,5.1258012523620735,0.1586358418415831
2599,0.2662,5,13,5,52262,553348,3627,104329,5.125680832931935,0.15863258103902067
2600,0.2663,5,50,5,52312,553298,3632,104324,5.125217681277557,0.1586382450708766
2601,0.2664,5,27,5,52339,553271,3637,104319,5.124967579384194,0.15863836128894904
2602,0.2665,0,7,0,52346,553264,3637,104319,5.1249027381525805,0.1586400500012926
2603,0.2666,2,9,2,52355,553255,3639,104317,5.124819370854793,0.1586396622727245
2604,0.2667,2,7,2,52362,553248,3641,104315,5.12475452962318,0.15863879202449044
2605,0.2668,0,17,0,52379,553231,3641,104315,5.124597058060691,0.1586428934249467
2606,0.2669,0,14,0,52393,553217,3641,104315,5.124467375597465,0.1586462712080933
2607,0.267,0,9,0,52402,553208,3641,104315,5.124384008299677,0.15864844271607229
2608,0.2671,6,10,6,52412,553198,3647,104309,5.124291377968802,0.1586431779433527
2609,0.2672,0,11,0,52423,553187,3647,104309,5.124189484604839,0.1586458320658985
2610,0.2673,1,11,1,52434,553176,3648,104308,5.124087591240876,0.15864720662403953
2611,0.2674,1,25,1,52459,553151,3649,104307,5.123856015413687,0.15865195951680564
2612,0.2675,0,18,0,52477,553133,3649,104307,5.123689280818111,0.15865630323679727
2613,0.2676,2,24,2,52501,553109,3651,104305,5.12346696802401,0.15865953569592373
2614,0.2677,1,44,1,52545,553065,3652,104304,5.123059394568157,0.158668875471767
2615,0.2678,2,41,2,52586,553024,3654,104302,5.122679610211567,0.15867621241210603
2616,0.2679,2,49,2,52635,552975,3656,104300,5.122225721590278,0.1586854817237838
2617,0.268,1,8,1,52643,552967,3657,104299,5.122151617325577,0.15868613316374192
2618,0.2681,2,19,2,52662,552948,3659,104297,5.121975619696913,0.15868816042723793
2619,0.2682,2,21,2,52683,552927,3661,104295,5.121781096002075,0.15869067073226398
2620,0.2683,4,16,4,52699,552911,3665,104291,5.121632887472674,0.15868941360494948
2621,0.2684,1,21,1,52720,552890,3666,104290,5.121438363777836,0.15869320429714842
2622,0.2685,2,16,2,52736,552874,3668,104288,5.121290155248435,0.15869450759477877
2623,0.2686,2,42,2,52778,552832,3670,104286,5.120901107858757,0.1587020900355796
2624,0.2687,1,20,1,52798,552812,3671,104285,5.1207158471970065,0.15870564011097296
2625,0.2688,3,41,3,52839,552771,3674,104282,5.120336062840416,0.158711702100135
2626,0.2689,0,25,0,52864,552746,3674,104282,5.1201044870132275,0.1587177411008359
2627,0.269,0,32,0,52896,552714,3674,104282,5.119808069954426,0.1587254716923695
2628,0.2691,4,14,4,52910,552700,3678,104278,5.1196783874912,0.15872373199711406
2629,0.2692,0,12,0,52922,552688,3678,104278,5.119567231094149,0.1587266312107476
2630,0.2693,0,12,0,52934,552676,3678,104278,5.119456074697099,0.15872953053029587
2631,0.2694,0,9,0,52943,552667,3678,104278,5.119372707399311,0.15873170508946716
2632,0.2695,1,14,1,52957,552653,3679,104277,5.119243024936085,0.15873380725495867
2633,0.2696,3,21,3,52978,552632,3682,104274,5.119048501241246,0.1587350397164891
2634,0.2697,3,19,3,52997,552613,3685,104271,5.118872503612583,0.15873578896730625
2635,0.2698,0,10,0,53007,552603,3685,104271,5.118779873281707,0.15873820550059828
2636,0.2699,1,20,1,53027,552583,3686,104270,5.118594612619956,0.1587417580493657
2637,0.27,1,71,1,53098,552512,3687,104269,5.1179369372707395,0.1587576376295904
2638,0.2701,1,18,1,53116,552494,3688,104268,5.117770202675164,0.15876070783632426
2639,0.2702,3,15,3,53131,552479,3691,104265,5.117631257178851,0.1587604911502808
2640,0.2703,2,33,2,53164,552446,3693,104263,5.1173255770869615,0.15876590696944917
2641,0.2704,4,28,4,53192,552418,3697,104259,5.11706621216051,0.15876755238876952
2642,0.2705,3,27,3,53219,552391,3700,104256,5.116816110267146,0.15877023728121806
2643,0.2706,3,24,3,53243,552367,3703,104253,5.116593797473045,0.1587721970089245
2644,0.2707,3,22,3,53265,552345,3706,104250,5.116390010745119,0.15877367326891006
2645,0.2708,0,12,0,53277,552333,3706,104250,5.116278854348068,0.15877657508647042
2646,0.2709,6,46,6,53323,552287,3712,104244,5.11585275482604,0.15878001191109026
2647,0.271,5,41,5,53364,552246,3717,104239,5.11547297046945,0.15878352132950485
2648,0.2711,3,16,3,53380,552230,3720,104236,5.11532476194005,0.15878354705346506
2649,0.2712,2,23,2,53403,552207,3722,104234,5.1151117121790355,0.1587865474581874
2650,0.2713,1,15,1,53418,552192,3723,104233,5.1149727666827225,0.1587888943900674
2651,0.2714,2,39,2,53457,552153,3725,104231,5.114611508392308,0.15879576589313574
2652,0.2715,0,16,0,53473,552137,3725,104231,5.114463299862907,0.1587996367891183
2653,0.2716,3,44,3,53517,552093,3728,104228,5.114055726407055,0.15880643770350178
2654,0.2717,1,26,1,53543,552067,3729,104227,5.113814887546778,0.1588114473086757
2655,0.2718,1,13,1,53556,552054,3730,104226,5.11369446811664,0.15881331139147925
2656,0.2719,2,10,2,53566,552044,3732,104224,5.113601837785764,0.15881316779120724
2657,0.272,4,27,4,53593,552017,3736,104220,5.113351735892401,0.15881457461252566
2658,0.2721,1,15,1,53608,552002,3737,104219,5.113212790396087,0.15881692295735736
2659,0.2722,1,21,1,53629,551981,3738,104218,5.113018266701249,0.15882072359147148
2660,0.2723,1,17,1,53646,551964,3739,104217,5.112860795138761,0.15882355630534867
2661,0.2724,0,24,0,53670,551940,3739,104217,5.112638482344659,0.1588293655329441
2662,0.2725,0,28,0,53698,551912,3739,104217,5.112379117418207,0.1588361435022686
2663,0.2726,2,20,2,53718,551892,3741,104215,5.112193856756456,0.15883842117215638
2664,0.2727,0,10,0,53728,551882,3741,104215,5.1121012264255805,0.15884084213157507
2665,0.2728,1,10,1,53738,551872,3742,104214,5.1120085960947055,0.15884198108174843
2666,0.2729,2,35,2,53773,551837,3744,104212,5.111684389936641,0.1588478909349759
2667,0.273,3,83,3,53856,551754,3747,104209,5.110915558190374,0.1588641432519822
2668,0.2731,0,10,0,53866,551744,3747,104209,5.110822927859498,0.15886656513500205
2669,0.2732,0,11,0,53877,551733,3747,104209,5.110721034495535,0.1588692292916142
2670,0.2733,5,46,5,53923,551687,3752,104204,5.110294934973508,0.15887395924017864
2671,0.2734,1,26,1,53949,551661,3753,104203,5.110054096113231,0.15887897490943245
2672,0.2735,2,12,2,53961,551649,3755,104201,5.109942939716181,0.15887931691697796
2673,0.2736,6,25,6,53986,551624,3761,104195,5.109711363888992,0.15887767813985262
2674,0.2737,3,24,3,54010,551600,3764,104192,5.109489051094891,0.1588796447654134
2675,0.2738,1,16,1,54026,551584,3765,104191,5.10934084256549,0.1588822385726812
2676,0.2739,2,16,2,54042,551568,3767,104189,5.109192634036089,0.15888354985154562
2677,0.274,2,26,2,54068,551542,3769,104187,5.1089517951758125,0.15888728422869813
2678,0.2741,1,30,1,54098,551512,3770,104186,5.108673904183186,0.1588932709875583
2679,0.2742,3,34,3,54132,551478,3773,104183,5.108358961058209,0.15889766205401876
2680,0.2743,1,13,1,54145,551465,3774,104182,5.1082385416280705,0.15889952977745647
2681,0.2744,3,40,3,54185,551425,3777,104179,5.1078680203045685,0.15890537580612688
2682,0.2745,2,23,2,54208,551402,3779,104177,5.107654970543555,0.15890838480183167
2683,0.2746,1,7,1,54215,551395,3780,104176,5.107590129311942,0.15890879858932136
2684,0.2747,3,25,3,54240,551370,3783,104173,5.107358553484753,0.15891100965154079
2685,0.2748,1,25,1,54265,551345,3784,104172,5.107126977657564,0.1589157870810368
2686,0.2749,2,13,2,54278,551332,3786,104170,5.107006558227426,0.15891637249009155
2687,0.275,0,28,0,54306,551304,3786,104170,5.106747193300975,0.15892316094917572
2688,0.2751,7,36,7,54342,551268,3793,104163,5.106413724109823,0.15892290721677796
2689,0.2752,2,22,2,54364,551246,3795,104161,5.106209937381896,0.15892567519114076
2690,0.2753,1,25,1,54389,551221,3796,104160,5.105978361554707,0.15893045419382007
2691,0.2754,2,15,2,54404,551206,3798,104158,5.105839416058394,0.1589315250761409
2692,0.2755,1,32,1,54436,551174,3799,104157,5.105542998999592,0.15893800232249047
2693,0.2756,4,45,4,54481,551129,3803,104153,5.105126162510652,0.15894378298198333
2694,0.2757,4,24,4,54505,551105,3807,104149,5.1049038497165515,0.15894447038858214
2695,0.2758,2,32,2,54537,551073,3809,104147,5.104607432657749,0.1589496657611184
2696,0.2759,4,13,4,54550,551060,3813,104143,5.104487013227612,0.1589476849159726
2697,0.276,3,24,3,54574,551036,3816,104140,5.10426470043351,0.15894965627556565
2698,0.2761,3,16,3,54590,551020,3819,104137,5.104116491904109,0.15894968686894898
2699,0.2762,3,23,3,54613,550997,3822,104134,5.103903442143095,0.15895141582370548
2700,0.2763,3,9,3,54622,550988,3825,104131,5.1038200748453075,0.1589497480610393
2701,0.2764,1,5,1,54627,550983,3826,104130,5.10377375967987,0.1589496773839017
2702,0.2765,0,13,0,54640,550970,3826,104130,5.103653340249731,0.15895283162875898
2703,0.2766,1,13,1,54653,550957,3827,104129,5.103532920819593,0.1589547021307126
2704,0.2767,2,17,2,54670,550940,3829,104127,5.103375449257105,0.15895625943605768
2705,0.2768,2,24,2,54694,550916,3831,104125,5.103153136463003,0.15895951551124282
2706,0.2769,2,18,2,54712,550898,3833,104123,5.102986401867428,0.15896131574407538
2707,0.277,3,31,3,54743,550867,3836,104120,5.102699247841714,0.15896498709134685
2708,0.2771,4,23,4,54766,550844,3840,104116,5.102486198080699,0.1589654330035422
2709,0.2772,2,12,2,54778,550832,3842,104114,5.102375041683649,0.1589657773312609
2710,0.2773,1,16,1,54794,550816,3843,104113,5.102226833154248,0.1589683767248053
2711,0.2774,0,14,0,54808,550802,3843,104113,5.102097150691022,0.15897177496316317
2712,0.2775,1,9,1,54817,550793,3844,104112,5.102013783393234,0.15897267542620686
2713,0.2776,1,18,1,54835,550775,3845,104111,5.101847048797659,0.158975760666742
2714,0.2777,2,21,2,54856,550754,3847,104109,5.1016525251028195,0.15897829011564252
2715,0.2778,2,35,2,54891,550719,3849,104107,5.101328318944756,0.15898421870848134
2716,0.2779,0,14,0,54905,550705,3849,104107,5.10119863648153,0.15898761782007662
2717,0.278,1,17,1,54922,550688,3850,104106,5.1010411649190415,0.1589904611221239
2718,0.2781,1,7,1,54929,550681,3851,104105,5.100976323687428,0.15899087640847545
2719,0.2782,0,16,0,54945,550665,3851,104105,5.100828115158027,0.15899476151931213
2720,0.2783,1,27,1,54972,550638,3852,104104,5.100578013264664,0.15900003360102147
2721,0.2784,4,35,4,55007,550603,3856,104100,5.100253807106599,0.1590033954327382
2722,0.2785,1,44,1,55051,550559,3857,104099,5.099846233650746,0.15901279752175945
2723,0.2786,3,7,3,55058,550552,3860,104096,5.099781392419134,0.1590106438880131
2724,0.2787,0,11,0,55069,550541,3860,104096,5.099679499055171,0.15901331577652958
2725,0.2788,0,12,0,55081,550529,3860,104096,5.09956834265812,0.15901623066641207
2726,0.2789,3,16,3,55097,550513,3863,104093,5.099420134128719,0.15901626321787457
2727,0.279,0,20,0,55117,550493,3863,104093,5.099234873466968,0.15902112174718067
2728,0.2791,0,18,0,55135,550475,3863,104093,5.099068138871392,0.15902549467740557
2729,0.2792,2,40,2,55175,550435,3865,104091,5.09869761754789,0.1590326434702365
2730,0.2793,0,15,0,55190,550420,3865,104091,5.098558672051577,0.15903628816016843
2731,0.2794,1,14,1,55204,550406,3866,104090,5.098428989588351,0.1590384051239427
2732,0.2795,3,43,3,55247,550363,3869,104087,5.098030679165586,0.15904499961799984
2733,0.2796,2,15,2,55262,550348,3871,104085,5.097891733669273,0.15904607499927417
2734,0.2797,0,9,0,55271,550339,3871,104085,5.097808366371485,0.1590482622886691
2735,0.2798,1,18,1,55289,550321,3872,104084,5.097641631775908,0.15905135199150372
2736,0.2799,2,21,2,55310,550300,3874,104082,5.09744710808107,0.1590538859565208
2737,0.28,2,24,2,55334,550276,3876,104080,5.0972247952869685,0.15905714931933077
2738,0.2801,0,15,0,55349,550261,3876,104080,5.0970858497906555,0.1590607955179333
2739,0.2802,0,7,0,55356,550254,3876,104080,5.097021008559042,0.15906249713449094
2740,0.2803,1,15,1,55371,550239,3877,104079,5.096882063062729,0.15906485837161746
2741,0.2804,3,33,3,55404,550206,3880,104076,5.09657638297084,0.15906902528267627
2742,0.2805,0,4,0,55408,550202,3880,104076,5.09653933083849,0.15906999776853264
2743,0.2806,2,16,2,55424,550186,3882,104074,5.096391122309089,0.15907131721334025
2744,0.2807,3,10,3,55434,550176,3885,104071,5.096298491978214,0.15906989256351195
2745,0.2808,1,19,1,55453,550157,3886,104070,5.09612249434955,0.1590732268769097
2746,0.2809,3,19,3,55472,550138,3889,104067,5.095946496720886,0.15907399056870553
2747,0.281,2,27,2,55499,550111,3891,104065,5.095696394827522,0.15907798512938415
2748,0.2811,1,6,1,55505,550105,3892,104064,5.095640816628997,0.1590781587021091
2749,0.2812,1,11,1,55516,550094,3893,104063,5.095538923265034,0.1590795481818585
2750,0.2813,4,21,4,55537,550073,3897,104059,5.0953443995701955,0.15907951300349166
2751,0.2814,4,13,4,55550,550060,3901,104055,5.095223980140057,0.159077532238215
2752,0.2815,3,18,3,55568,550042,3904,104052,5.095057245544481,0.15907805300155636
2753,0.2816,1,24,1,55592,550018,3905,104051,5.09483493275038,0.15908260443470032
2754,0.2817,0,12,0,55604,550006,3905,104051,5.094723776353329,0.1590855231271892
2755,0.2818,0,11,0,55615,549995,3905,104051,5.094621882989366,0.1590881986893888
2756,0.2819,1,17,1,55632,549978,3906,104050,5.094464411426878,0.15909104808968424
2757,0.282,2,17,2,55649,549961,3908,104048,5.094306939864389,0.15909261187537174
2758,0.2821,1,19,1,55668,549942,3909,104047,5.094130942235726,0.15909594809698635
2759,0.2822,2,33,2,55701,549909,3911,104045,5.093825262143836,0.15910140468595652
2760,0.2823,1,20,1,55721,549889,3912,104044,5.093640001482085,0.1591049847614358
2761,0.2824,6,18,6,55739,549871,3918,104038,5.09347326688651,0.15910164870035434
2762,0.2825,2,12,2,55751,549859,3920,104036,5.093362110489458,0.15910199649790868
2763,0.2826,3,17,3,55768,549842,3923,104033,5.09320463892697,0.15910227489963677
2764,0.2827,0,14,0,55782,549828,3923,104033,5.093074956463744,0.15910568148276164
2765,0.2828,1,30,1,55812,549798,3924,104032,5.092797065471117,0.15911169570071731
2766,0.2829,1,13,1,55825,549785,3925,104031,5.09267664604098,0.15911357323773048
2767,0.283,0,19,0,55844,549766,3925,104031,5.092500648412316,0.1591181972385924
2768,0.2831,1,39,1,55883,549727,3926,104030,5.092139390121901,0.15912640323545293
2769,0.2832,0,24,0,55907,549703,3926,104030,5.091917077327801,0.15913224512147925
2770,0.2833,1,23,1,55930,549680,3927,104029,5.091704027566786,0.1591365577038101
2771,0.2834,2,13,2,55943,549667,3929,104027,5.091583608136649,0.15913714979791768
2772,0.2835,2,38,2,55981,549629,3931,104025,5.091231612879321,0.15914382838627164
2773,0.2836,2,31,2,56012,549598,3933,104023,5.090944458853607,0.15914880335852122
2774,0.2837,1,27,1,56039,549571,3934,104022,5.090694356960243,0.15915409130758745
2775,0.2838,3,20,3,56059,549551,3937,104019,5.090509096298492,0.159155101978365
2776,0.2839,3,20,3,56079,549531,3940,104016,5.090323835636741,0.15915611272027871
2777,0.284,1,19,1,56098,549512,3941,104015,5.090147838008077,0.15915945324370684
2778,0.2841,2,63,2,56161,549449,3943,104013,5.089564266923562,0.15917222424563326
2779,0.2842,7,59,7,56220,549390,3950,104006,5.089017747971396,0.15917758908839355
2780,0.2843,1,24,1,56244,549366,3951,104005,5.088795435177294,0.15918214919241902
2781,0.2844,1,14,1,56258,549352,3952,104004,5.088665752714069,0.15918427319868494
2782,0.2845,1,11,1,56269,549341,3953,104003,5.0885638593501055,0.15918566635646764
2783,0.2846,0,31,0,56300,549310,3953,104003,5.088276705324391,0.15919321978898324
2784,0.2847,4,27,4,56327,549283,3957,103999,5.088026603431027,0.1591946510082935
2785,0.2848,0,16,0,56343,549267,3957,103999,5.087878394901627,0.1591985500546485
2786,0.2849,1,9,1,56352,549258,3958,103998,5.087795027603838,0.1591994562621698
2787,0.285,1,19,1,56371,549239,3959,103997,5.087619029975175,0.15920279960075684
2788,0.2851,2,24,2,56395,549215,3961,103995,5.087396717181074,0.15920607461612651
2789,0.2852,3,22,3,56417,549193,3964,103992,5.087192930453147,0.1592075751892649
2790,0.2853,2,21,2,56438,549172,3966,103990,5.086998406758309,0.15921011938845187
2791,0.2854,3,30,3,56468,549142,3969,103987,5.086720515765682,0.15921357036665038
2792,0.2855,3,16,3,56484,549126,3972,103984,5.086572307236281,0.15921360873359772
2793,0.2856,1,18,1,56502,549108,3973,103983,5.086405572640706,0.15921670946315292
2794,0.2857,7,38,7,56540,549070,3980,103976,5.086053577383378,0.1592169617454207
2795,0.2858,2,26,2,56566,549044,3982,103974,5.085812738523102,0.15922072592179695
2796,0.2859,6,33,6,56599,549011,3988,103968,5.0855070584312125,0.15922104692493938
2797,0.286,3,5,3,56604,549006,3991,103965,5.085460743265775,0.15921840326752643
2798,0.2861,0,7,0,56611,548999,3991,103965,5.085395902034162,0.15922011014389767
2799,0.2862,1,33,1,56644,548966,3992,103964,5.085090221942273,0.1592268696491201
2800,0.2863,0,9,0,56653,548957,3992,103964,5.085006854644485,0.15922906446568574
2801,0.2864,1,20,1,56673,548937,3993,103963,5.084821593982734,0.15923265431153316
2802,0.2865,0,21,0,56694,548916,3993,103963,5.084627070287895,0.15923777606570283
2803,0.2866,2,28,2,56722,548888,3995,103961,5.084367705361443,0.15924202993341494
2804,0.2867,2,31,2,56753,548857,3997,103959,5.084080551335729,0.1592470160045097
2805,0.2868,1,24,1,56777,548833,3998,103958,5.083858238541628,0.1592515828190033
2806,0.2869,2,27,2,56804,548806,4000,103956,5.083608136648264,0.15925559392244035
2807,0.287,2,19,2,56823,548787,4002,103954,5.0834321390196004,0.15925765349503096
2808,0.2871,2,12,2,56835,548775,4004,103952,5.08332098262255,0.15925800526100498
2809,0.2872,3,17,3,56852,548758,4007,103949,5.083163511060062,0.15925828894128605
2810,0.2873,2,26,2,56878,548732,4009,103947,5.082922672199785,0.15926205684570824
2811,0.2874,2,39,2,56917,548693,4011,103945,5.082561413909371,0.15926899751470186
2812,0.2875,1,21,1,56938,548672,4012,103944,5.082366890214532,0.15927283425475317
2813,0.2876,0,7,0,56945,548665,4012,103944,5.082302048982919,0.15927454264345114
2814,0.2877,2,19,2,56964,548646,4014,103942,5.082126051354256,0.15927660330867255
2815,0.2878,4,26,4,56990,548620,4018,103938,5.081885212493979,0.15927779599667768
2816,0.2879,1,35,1,57025,548585,4019,103937,5.081561006335915,0.15928505092548603
2817,0.288,1,42,1,57067,548543,4020,103936,5.081171958946237,0.159294015592839
2818,0.2881,2,32,2,57099,548511,4022,103934,5.080875541887436,0.1592992512778855
2819,0.2882,0,10,0,57109,548501,4022,103934,5.08078291155656,0.1593016928889468
2820,0.2883,3,32,3,57141,548469,4025,103931,5.080486494497758,0.1593056407112201
2821,0.2884,6,42,6,57183,548427,4031,103925,5.080097447108081,0.15930816491709998
2822,0.2885,2,9,2,57192,548418,4033,103923,5.080014079810293,0.1593077853453945
2823,0.2886,0,8,0,57200,548410,4033,103923,5.079939975545592,0.15930973904432247
2824,0.2887,4,11,4,57211,548399,4037,103919,5.079838082181629,0.1593072703803973
2825,0.2888,4,17,4,57228,548382,4041,103915,5.079680610619141,0.15930626693055464
2826,0.2889,0,21,0,57249,548361,4041,103915,5.079486086924303,0.15931139578951242
2827,0.289,2,15,2,57264,548346,4043,103913,5.07934714142799,0.1593124816982211
2828,0.2891,0,24,0,57288,548322,4043,103913,5.079124828633888,0.15931834384845953
2829,0.2892,4,25,4,57313,548297,4047,103909,5.078893252806699,0.15931929482402798
2830,0.2893,1,22,1,57335,548275,4048,103908,5.078689466078773,0.15932338009423735
2831,0.2894,0,21,0,57356,548254,4048,103908,5.0784949423839345,0.15932851040079
2832,0.2895,1,25,1,57381,548229,4049,103907,5.078263366556746,0.15933332924420673
2833,0.2896,0,17,0,57398,548212,4049,103907,5.078105894994257,0.1593374828827254
2834,0.2897,0,18,0,57416,548194,4049,103907,5.077939160398681,0.1593418810889724
2835,0.2898,3,14,3,57430,548180,4052,103904,5.077809477935455,0.15934143453910846
2836,0.2899,3,17,3,57447,548163,4055,103901,5.077652006372967,0.15934172105805566
2837,0.29,1,30,1,57477,548133,4056,103900,5.07737411538034,0.1593477630733414
2838,0.2901,2,21,2,57498,548112,4058,103898,5.077179591685502,0.15935031671293384
2839,0.2902,2,22,2,57520,548090,4060,103896,5.076975804957575,0.15935311494418591
2840,0.2903,3,16,3,57536,548074,4063,103893,5.076827596428174,0.1593531574450854
2841,0.2904,1,20,1,57556,548054,4064,103892,5.076642335766423,0.15935675654118592
2842,0.2905,4,46,4,57602,548008,4068,103888,5.076216236244396,0.15936284315289556
2843,0.2906,10,48,10,57650,547960,4078,103878,5.075771610656194,0.15936168189028563
2844,0.2907,2,8,2,57658,547952,4080,103876,5.075697506391493,0.15936105843872925
2845,0.2908,1,27,1,57685,547925,4081,103875,5.075447404498129,0.15936637005216325
2846,0.2909,1,17,1,57702,547908,4082,103874,5.0752899329356405,0.1593692369534599
2847,0.291,6,48,6,57750,547860,4088,103868,5.074845307347438,0.15937323546019197
2848,0.2911,2,50,2,57800,547810,4090,103866,5.07438215569306,0.15938288351880384
2849,0.2912,2,61,2,57861,547749,4092,103864,5.073817110674719,0.15939522385219448
2850,0.2913,0,12,0,57873,547737,4092,103864,5.073705954277669,0.15939815930300905
2851,0.2914,0,15,0,57888,547722,4092,103864,5.073567008781356,0.15940182876857392
2852,0.2915,0,23,0,57911,547699,4092,103864,5.073353959020341,0.1594074556105856
2853,0.2916,0,54,0,57965,547645,4092,103864,5.072853755233614,0.15942066801840035
2854,0.2917,2,15,2,57980,547630,4094,103862,5.072714809737301,0.15942175805689096
2855,0.2918,0,8,0,57988,547622,4094,103862,5.0726407054726,0.1594237157013833
2856,0.2919,1,18,1,58006,547604,4095,103861,5.072473970877024,0.1594268302978671
2857,0.292,0,21,0,58027,547583,4095,103861,5.0722794471821855,0.1594319695937026
2858,0.2921,1,27,1,58054,547556,4096,103860,5.072029345288821,0.1594372873862478
2859,0.2922,0,15,0,58069,547541,4096,103860,5.071890399792508,0.15944095879496653
2860,0.2923,2,14,2,58083,547527,4098,103858,5.0717607173292825,0.15944180476983658
2861,0.2924,1,19,1,58102,547508,4099,103857,5.071584719700619,0.15944516515317833
2862,0.2925,1,16,1,58118,547492,4100,103856,5.071436511171218,0.15944779134963183
2863,0.2926,3,22,3,58140,547470,4103,103853,5.071232724443291,0.159449305490517
2864,0.2927,5,37,5,58177,547433,4108,103848,5.070889992219052,0.15945191092631292
2865,0.2928,2,39,2,58216,547394,4110,103846,5.070528733928637,0.15945887844726983
2866,0.2929,2,31,2,58247,547363,4112,103844,5.070241579902923,0.15946388782675863
2867,0.293,4,12,4,58259,547351,4116,103840,5.070130423505873,0.15946166332151396
2868,0.2931,3,18,3,58277,547333,4119,103837,5.069963688910296,0.1594621988113703
2869,0.2932,5,28,5,58305,547305,4124,103832,5.069704323983845,0.15946260157232656
2870,0.2933,6,28,6,58333,547277,4130,103826,5.069444959057393,0.1594617134309011
2871,0.2934,8,47,8,58380,547230,4138,103818,5.069009596502279,0.15946289674494046
2872,0.2935,0,24,0,58404,547206,4138,103818,5.068787283708177,0.15946877534468776
2873,0.2936,3,22,3,58426,547184,4141,103815,5.068583496980251,0.1594702910449939
2874,0.2937,4,51,4,58477,547133,4145,103811,5.068111082292786,0.15947762019467113
2875,0.2938,1,18,1,58495,547115,4146,103810,5.06794434769721,0.15948073894841955
2876,0.2939,2,17,2,58512,547098,4148,103808,5.067786876134721,0.1594823215640968
2877,0.294,3,22,3,58534,547076,4151,103805,5.067583089406796,0.15948383805949168
2878,0.2941,6,34,6,58568,547042,4157,103799,5.067268146281818,0.15948442092615556
2879,0.2942,3,29,3,58597,547013,4160,103796,5.066999518322279,0.1594876530594998
2880,0.2943,1,32,1,58629,546981,4161,103795,5.066703101263478,0.15949420384279692
2881,0.2944,1,23,1,58652,546958,4162,103794,5.066490051502464,0.15949854937057434
2882,0.2945,0,27,0,58679,546931,4162,103794,5.0662399496091,0.15950516731338124
2883,0.2946,1,18,1,58697,546913,4163,103793,5.066073215013524,0.1595082879211195
2884,0.2947,0,17,0,58714,546896,4163,103793,5.065915743451035,0.15951245525896396
2885,0.2948,2,11,2,58725,546885,4165,103791,5.065813850087072,0.1595125684672556
2886,0.2949,1,29,1,58754,546856,4166,103790,5.065545222127533,0.15951838634218915
2887,0.295,6,20,6,58774,546836,4172,103784,5.0653599614657825,0.15951553902431526
2888,0.2951,2,32,2,58806,546804,4174,103782,5.06506354440698,0.1595208012468759
2889,0.2952,2,22,2,58828,546782,4176,103780,5.064859757679055,0.15952361189248682
2890,0.2953,3,23,3,58851,546759,4179,103777,5.06464670791804,0.15952537599763886
2891,0.2954,4,18,4,58869,546741,4183,103773,5.064479973322465,0.1595246220680877
2892,0.2955,3,26,3,58895,546715,4186,103770,5.064239134462189,0.15952712207045514
2893,0.2956,1,23,1,58918,546692,4187,103769,5.064026084701174,0.15953147075689394
2894,0.2957,1,6,1,58924,546686,4188,103768,5.063970506502649,0.15953165020124405
2895,0.2958,5,19,5,58943,546667,4193,103763,5.063794508873985,0.15952984948418739
2896,0.2959,2,41,2,58984,546626,4195,103761,5.063414724517396,0.15953732162543224
2897,0.296,1,11,1,58995,546615,4196,103760,5.063312831153433,0.1595387276571209
2898,0.2961,1,18,1,59013,546597,4197,103759,5.0631460965578565,0.1595418509247243
2899,0.2962,0,21,0,59034,546576,4197,103759,5.062951572863018,0.1595470026986092
2900,0.2963,3,22,3,59056,546554,4200,103756,5.062747786135092,0.15954852301210193
2901,0.2964,0,14,0,59070,546540,4200,103756,5.062618103671866,0.15955195787764342
2902,0.2965,1,15,1,59085,546525,4201,103755,5.062479158175553,0.15955434582026204
2903,0.2966,2,14,2,59099,546511,4203,103753,5.0623494757123275,0.1595551960434531
2904,0.2967,0,13,0,59112,546498,4203,103753,5.062229056282189,0.1595583859155926
2905,0.2968,0,35,0,59147,546463,4203,103753,5.061904850124125,0.15956697466687994
2906,0.2969,0,26,0,59173,546437,4203,103753,5.061664011263848,0.15957335548070564
2907,0.297,0,10,0,59183,546427,4203,103753,5.061571380932973,0.15957580977575442
2908,0.2971,3,18,3,59201,546409,4206,103750,5.0614046463373965,0.15957634978520638
2909,0.2972,3,14,3,59215,546395,4209,103747,5.061274963874171,0.15957590803239907
2910,0.2973,1,14,1,59229,546381,4210,103746,5.061145281410945,0.1595780516729808
2911,0.2974,7,18,7,59247,546363,4217,103739,5.060978546815369,0.15957342078627662
2912,0.2975,0,15,0,59262,546348,4217,103739,5.0608396013190555,0.1595771027570156
2913,0.2976,0,10,0,59272,546338,4217,103739,5.0607469709881805,0.15957955749857325
2914,0.2977,2,18,2,59290,546320,4219,103737,5.060580236392604,0.1595813905549821
2915,0.2978,0,14,0,59304,546306,4219,103737,5.060450553929378,0.15958482746525998
2916,0.2979,4,20,4,59324,546286,4223,103733,5.060265293267627,0.15958456598960954
2917,0.298,0,10,0,59334,546276,4223,103733,5.060172662936752,0.15958702110278472
2918,0.2981,4,10,4,59344,546266,4227,103729,5.060080032605876,0.15958430449464997
2919,0.2982,1,43,1,59387,546223,4228,103728,5.059681722183112,0.15959356936138264
2920,0.2983,2,19,2,59406,546204,4230,103726,5.059505724554448,0.15959564876217439
2921,0.2984,1,9,1,59415,546195,4231,103725,5.05942235725666,0.1595965657311669
2922,0.2985,2,21,2,59436,546174,4233,103723,5.059227833561821,0.15959913647854967
2923,0.2986,0,29,0,59465,546145,4233,103723,5.0589592056022825,0.1596062585017265
2924,0.2987,1,13,1,59478,546132,4234,103722,5.058838786172144,0.1596081581401361
2925,0.2988,0,14,0,59492,546118,4234,103722,5.058709103708918,0.15961159670072633
2926,0.2989,4,14,4,59506,546104,4238,103718,5.0585794212456925,0.1596098623930861
2927,0.299,2,26,2,59532,546078,4240,103716,5.058338582385416,0.1596136621760127
2928,0.2991,1,18,1,59550,546060,4241,103715,5.058171847789841,0.15961679042745566
2929,0.2992,3,10,3,59560,546050,4244,103712,5.058079217458965,0.15961536685740318
2930,0.2993,4,25,4,59585,546025,4248,103708,5.057847641631776,0.15961633470979616
2931,0.2994,0,14,0,59599,546011,4248,103708,5.05771795916855,0.15961977408695144
2932,0.2995,4,35,4,59634,545976,4252,103704,5.057393753010485,0.1596231991134097
2933,0.2996,2,26,2,59660,545950,4254,103702,5.057152914150209,0.1596270003017
2934,0.2997,5,32,5,59692,545918,4259,103697,5.056856497091408,0.1596283952802814
2935,0.2998,1,46,1,59738,545872,4260,103696,5.05643039756938,0.15963840583279965
2936,0.2999,0,22,0,59760,545850,4260,103696,5.0562266108414535,0.15964381275537068
2937,0.3,5,24,5,59784,545826,4265,103691,5.056004298047353,0.15964324259411225
2938,0.3001,3,57,3,59841,545769,4268,103688,5.055476305161362,0.15965337197073864
2939,0.3002,7,22,7,59863,545747,4275,103681,5.055272518433436,0.15964972252505283
2940,0.3003,4,36,4,59899,545711,4279,103677,5.054939049242284,0.1596533967366197
2941,0.3004,2,13,2,59912,545698,4281,103675,5.054818629812146,0.15965400470915792
2942,0.3005,6,36,6,59948,545662,4287,103669,5.0544851606209935,0.1596550911630586
2943,0.3006,3,12,3,59960,545650,4290,103666,5.054374004223943,0.15965415914593203
2944,0.3007,3,17,3,59977,545633,4293,103663,5.054216532661455,0.15965445651906066
2945,0.3008,1,30,1,60007,545603,4294,103662,5.053938641668828,0.1596605392251238
2946,0.3009,3,20,3,60027,545583,4297,103659,5.053753381007077,0.15966157457465782
2947,0.301,3,39,3,60066,545544,4300,103656,5.053392122716662,0.15966728280961184
2948,0.3011,1,17,1,60083,545527,4301,103655,5.053234651154174,0.159670169536432
2949,0.3012,1,28,1,60111,545499,4302,103654,5.052975286227722,0.15967576210847056
2950,0.3013,2,24,2,60135,545475,4304,103652,5.052752973433621,0.15967907666758585
2951,0.3014,2,13,2,60148,545462,4306,103650,5.052632554003483,0.15967968547800687
2952,0.3015,0,12,0,60160,545450,4306,103650,5.052521397606432,0.15968263749807426
2953,0.3016,4,40,4,60200,545410,4310,103646,5.05215087628293,0.15968729970911602
2954,0.3017,3,14,3,60214,545396,4313,103643,5.052021193819704,0.159686860111642
2955,0.3018,5,20,5,60234,545376,4318,103638,5.051835933157953,0.15968530725069105
2956,0.3019,0,18,0,60252,545358,4318,103638,5.051669198562378,0.15968973614629367
2957,0.302,2,23,2,60275,545335,4320,103636,5.051456148801363,0.1596928059959536
2958,0.3021,3,14,3,60289,545321,4323,103633,5.051326466338137,0.1596923664851438
2959,0.3022,2,42,2,60331,545279,4325,103631,5.05093741894846,0.15970011249634003
2960,0.3023,1,14,1,60345,545265,4326,103630,5.050807736485234,0.15970226307800184
2961,0.3024,2,38,2,60383,545227,4328,103628,5.050455741227908,0.15970902589946906
2962,0.3025,1,10,1,60393,545217,4329,103627,5.050363110897032,0.15971019228042488
2963,0.3026,2,4,2,60397,545213,4331,103625,5.050326058764682,0.15970858673505559
2964,0.3027,1,29,1,60426,545184,4332,103624,5.0500574308051425,0.15971443015499193
2965,0.3028,2,20,2,60446,545164,4334,103622,5.0498721701433915,0.1597167633087027
2966,0.3029,3,9,3,60455,545155,4337,103619,5.049788802845604,0.15971509339153542
2967,0.303,1,12,1,60467,545143,4338,103618,5.049677646448553,0.15971675239417907
2968,0.3031,3,17,3,60484,545126,4341,103615,5.049520174886065,0.1597170519513951
2969,0.3032,5,17,5,60501,545109,4346,103610,5.049362703323577,0.15971476093655343
2970,0.3033,1,13,1,60514,545096,4347,103609,5.049242283893438,0.15971666628128348
2971,0.3034,0,20,0,60534,545076,4347,103609,5.049057023231687,0.15972159060252664
2972,0.3035,1,5,1,60539,545071,4348,103608,5.049010708066249,0.1597215263635789
2973,0.3036,2,20,2,60559,545051,4350,103606,5.048825447404498,0.1597238602219663
2974,0.3037,2,27,2,60586,545024,4352,103604,5.048575345511134,0.15972791800538985
2975,0.3038,1,17,1,60603,545007,4353,103603,5.048417873948646,0.15973080896070058
2976,0.3039,2,14,2,60617,544993,4355,103601,5.04828819148542,0.15973166572617076
2977,0.304,2,30,2,60647,544963,4357,103599,5.048010300492793,0.15973646312919967
2978,0.3041,1,15,1,60662,544948,4358,103598,5.04787135499648,0.15973886200824614
2979,0.3042,1,30,1,60692,544918,4359,103597,5.047593464003853,0.1597449557835979
2980,0.3043,2,9,2,60701,544909,4361,103595,5.047510096706065,0.15974458137497996
2981,0.3044,4,23,4,60724,544886,4365,103591,5.047297046945052,0.15974506420428172
2982,0.3045,0,33,0,60757,544853,4365,103591,5.046991366853162,0.15975319379931036
2983,0.3046,2,41,2,60798,544812,4367,103589,5.046611582496572,0.15976070363864336
2984,0.3047,2,32,2,60830,544780,4369,103587,5.046315165437771,0.15976599672716224
2985,0.3048,3,21,3,60851,544759,4372,103584,5.046120641742933,0.15976728367546192
2986,0.3049,1,24,1,60875,544735,4373,103583,5.045898328948831,0.15977190206040862
2987,0.305,0,13,0,60888,544722,4373,103583,5.0457779095186925,0.159775105852955
2988,0.3051,4,23,4,60911,544699,4377,103579,5.045564859757679,0.15977559010177733
2989,0.3052,0,31,0,60942,544668,4377,103579,5.045277705731965,0.15978323077468928
2990,0.3053,1,13,1,60955,544655,4378,103578,5.045157286301826,0.1597851389855191
2991,0.3054,1,19,1,60974,544636,4379,103577,5.0449812886731635,0.15978852630231113
2992,0.3055,0,29,0,61003,544607,4379,103577,5.044712660713624,0.15979567530207472
2993,0.3056,1,15,1,61018,544592,4380,103576,5.044573715217311,0.1597980770417546
2994,0.3057,2,23,2,61041,544569,4382,103574,5.044360665456297,0.15980115499203107
2995,0.3058,5,27,5,61068,544542,4387,103569,5.044110563562933,0.15980133032767535
2996,0.3059,7,22,7,61090,544520,4394,103562,5.043906776835007,0.15979767992321958
2997,0.306,3,11,3,61101,544509,4397,103559,5.043804883471044,0.15979650283612212
2998,0.3061,2,26,2,61127,544483,4399,103557,5.0435640446107675,0.1598003209678415
2999,0.3062,1,71,1,61198,544412,4400,103556,5.042906369261551,0.15981653414983457
3000,0.3063,1,10,1,61208,544402,4401,103555,5.0428137389306755,0.1598177039525771
3001,0.3064,3,29,3,61237,544373,4404,103552,5.042545110971137,0.15982096693290118
3002,0.3065,3,31,3,61268,544342,4407,103549,5.042257956945422,0.1598247236031987
3003,0.3066,4,33,4,61301,544309,4411,103545,5.041952276853533,0.15982767722357197
3004,0.3067,1,20,1,61321,544289,4412,103544,5.041767016191782,0.15983131455174404
3005,0.3068,2,23,2,61344,544266,4414,103542,5.041553966430768,0.1598343953764078
3006,0.3069,2,16,2,61360,544250,4416,103540,5.041405757901368,0.15983574923972274
3007,0.307,3,33,3,61393,544217,4419,103537,5.041100077809478,0.15984000098802942
3008,0.3071,6,24,6,61417,544193,4425,103531,5.040877765015376,0.15983814093657175
3009,0.3072,3,18,3,61435,544175,4428,103528,5.040711030419801,0.15983869149903582
3010,0.3073,2,26,2,61461,544149,4430,103526,5.040470191559525,0.1598425136063612
3011,0.3074,1,8,1,61469,544141,4431,103525,5.040396087294824,0.15984319078043313
3012,0.3075,2,19,2,61488,544122,4433,103523,5.04022008966616,0.1598452856117163
3013,0.3076,2,23,2,61511,544099,4435,103521,5.040007039905147,0.15984836787004725
3014,0.3077,0,19,0,61530,544080,4435,103521,5.039831042276483,0.15985305766976887
3015,0.3078,1,9,1,61539,544071,4436,103520,5.039747674978695,0.1598539819114225
3016,0.3079,0,12,0,61551,544059,4436,103520,5.039636518581644,0.15985694409485174
3017,0.308,1,17,1,61568,544042,4437,103519,5.039479047019156,0.15985984331977993
3018,0.3081,0,21,0,61589,544021,4437,103519,5.0392845233243175,0.15986502764307997
3019,0.3082,4,27,4,61616,543994,4441,103515,5.039034421430953,0.15986650378604775
3020,0.3083,1,12,1,61628,543982,4442,103514,5.038923265033903,0.1598681690697703
3021,0.3084,3,21,3,61649,543961,4445,103511,5.038728741339064,0.15986946153656065
3022,0.3085,3,29,3,61678,543932,4448,103508,5.038460113379525,0.1598727295193377
3023,0.3086,3,24,3,61702,543908,4451,103505,5.038237800585423,0.15987476309558196
3024,0.3087,1,12,1,61714,543896,4452,103504,5.038126644188373,0.15987642879209144
3025,0.3088,6,30,6,61744,543866,4458,103498,5.037848753195746,0.15987605118604062
3026,0.3089,2,7,2,61751,543859,4460,103496,5.037783911964134,0.15987518440422951
3027,0.309,3,13,3,61764,543846,4463,103493,5.037663492533995,0.15987450161352862
3028,0.3091,0,19,0,61783,543827,4463,103493,5.037487494905331,0.15987919421615276
3029,0.3092,0,21,0,61804,543806,4463,103493,5.037292971210493,0.15988438109745265
3030,0.3093,2,28,2,61832,543778,4465,103491,5.037033606284042,0.15988870160628735
3031,0.3094,5,24,5,61856,543754,4470,103486,5.03681129348994,0.15988814041159385
3032,0.3095,1,19,1,61875,543735,4471,103485,5.036635295861277,0.15989153610827847
3033,0.3096,1,24,1,61899,543711,4472,103484,5.0364129830671756,0.15989616730660774
3034,0.3097,2,11,2,61910,543700,4474,103482,5.036311089703212,0.15989628883374382
3035,0.3098,4,19,4,61929,543681,4478,103478,5.036135092074549,0.15989579067895215
3036,0.3099,4,22,4,61951,543659,4482,103474,5.035931305346622,0.15989603373649622
3037,0.31,1,12,1,61963,543647,4483,103473,5.035820148949572,0.15989770058103597
3038,0.3101,1,16,1,61979,543631,4484,103472,5.035671940420171,0.15990035589388396
3039,0.3102,0,39,0,62018,543592,4484,103472,5.035310682129756,0.15990999344732515
3040,0.3103,3,45,3,62063,543547,4487,103469,5.034893845640816,0.15991721997601296
3041,0.3104,0,13,0,62076,543534,4487,103469,5.034773426210679,0.1599204331355496
3042,0.3105,4,27,4,62103,543507,4491,103465,5.034523324317314,0.15992191315852927
3043,0.3106,3,9,3,62112,543498,4494,103462,5.034439957019527,0.15992024236428837
3044,0.3107,3,40,3,62152,543458,4497,103459,5.034069435696025,0.15992623474108733
3045,0.3108,2,26,2,62178,543432,4499,103457,5.033828596835748,0.15993006528167894
3046,0.3109,1,33,1,62211,543399,4500,103456,5.033522916743858,0.1599369255861051
3047,0.311,3,32,3,62243,543367,4503,103453,5.033226499685057,0.15994094183853313
3048,0.3111,2,19,2,62262,543348,4505,103451,5.033050502056393,0.15994304258355377
3049,0.3112,1,17,1,62279,543331,4506,103450,5.032893030493905,0.15994594770099926
3050,0.3113,3,34,3,62313,543297,4509,103447,5.032578087368928,0.15995045953267445
3051,0.3114,0,6,0,62319,543291,4509,103447,5.032522509170403,0.15995194344541375
3052,0.3115,1,40,1,62359,543251,4510,103446,5.032151987846901,0.15996053793352993
3053,0.3116,8,79,8,62438,543172,4518,103438,5.0314202082329835,0.15996968806544903
3054,0.3117,2,11,2,62449,543161,4520,103436,5.03131831486902,0.15996981118068906
3055,0.3118,3,32,3,62481,543129,4523,103433,5.031021897810219,0.15997383081591557
3056,0.3119,3,20,3,62501,543109,4526,103430,5.030836637148468,0.159974881639004
3057,0.312,1,24,1,62525,543085,4527,103429,5.030614324354366,0.15997952093844836
3058,0.3121,2,23,2,62548,543062,4529,103427,5.030401274593353,0.1599826137799715
3059,0.3122,0,14,0,62562,543048,4529,103427,5.030271592130127,0.15998607834796397
3060,0.3123,0,5,0,62567,543043,4529,103427,5.030225276964689,0.1599873157300416
3061,0.3124,0,15,0,62582,543028,4529,103427,5.030086331468376,0.1599910279911208
3062,0.3125,4,40,4,62622,542988,4533,103423,5.029715810144874,0.15999573027067918
3063,0.3126,1,5,1,62627,542983,4534,103422,5.029669494979436,0.15999566835033763
3064,0.3127,8,70,8,62697,542913,4542,103414,5.0290210826633075,0.16000259930344857
3065,0.3128,3,22,3,62719,542891,4545,103411,5.028817295935381,0.1600041466682758
3066,0.3129,2,15,2,62734,542876,4547,103409,5.028678350439068,0.16000526083693725
3067,0.313,1,14,1,62748,542862,4548,103408,5.028548667975842,0.16000742723629444
3068,0.3131,4,26,4,62774,542836,4552,103404,5.028307829115565,0.16000866551126516
3069,0.3132,1,38,1,62812,542798,4553,103403,5.027955833858239,0.16001677496630307
3070,0.3133,1,18,1,62830,542780,4554,103402,5.027789099262662,0.16001993246484736
3071,0.3134,0,10,0,62840,542770,4554,103402,5.027696468931787,0.1600224088942263
3072,0.3135,3,10,3,62850,542760,4557,103399,5.027603838600911,0.160020985546901
3073,0.3136,3,26,3,62876,542734,4560,103396,5.027362999740635,0.16002352467769643
3074,0.3137,0,10,0,62886,542724,4560,103396,5.027270369409759,0.16002600136197612
3075,0.3138,2,26,2,62912,542698,4562,103394,5.027029530549483,0.16002984095144346
3076,0.3139,4,79,4,62991,542619,4566,103390,5.026297750935567,0.16004420991038826
3077,0.314,3,53,3,63044,542566,4569,103387,5.025806810181926,0.1600534404205879
3078,0.3141,1,24,1,63068,542542,4570,103386,5.0255844973878245,0.1600580869694455
3079,0.3142,1,28,1,63096,542514,4571,103385,5.025325132461373,0.1600637251334961
3080,0.3143,3,11,3,63107,542503,4574,103382,5.02522323909741,0.1600625498347229
3081,0.3144,2,21,2,63128,542482,4576,103380,5.025028715402572,0.1600651532370692
3082,0.3145,1,18,1,63146,542464,4577,103379,5.024861980806995,0.1600683138162061
3083,0.3146,4,21,4,63167,542443,4581,103375,5.024667457112157,0.16006831646067468
3084,0.3147,2,29,2,63196,542414,4583,103373,5.024398829152617,0.1600729032947396
3085,0.3148,2,24,2,63220,542390,4585,103371,5.024176516358517,0.16007625112077067
3086,0.3149,2,20,2,63240,542370,4587,103369,5.023991255696766,0.16007860761081488
3087,0.315,2,16,2,63256,542354,4589,103367,5.0238430471673645,0.16007997261975374
3088,0.3151,4,36,4,63292,542318,4593,103363,5.0235095779762124,0.1600836945798312
3089,0.3152,3,27,3,63319,542291,4596,103360,5.023259476082848,0.1600864863525341
3090,0.3153,1,25,1,63344,542266,4597,103359,5.02302790025566,0.1600913843175218
3091,0.3154,0,13,0,63357,542253,4597,103359,5.022907480825522,0.16009460790691624
3092,0.3155,2,24,2,63381,542229,4599,103357,5.02268516803142,0.16009795751456815
3093,0.3156,1,15,1,63396,542214,4600,103356,5.022546222535107,0.1601003764115433
3094,0.3157,3,40,3,63436,542174,4603,103353,5.022175701211605,0.1601063936907364
3095,0.3158,1,30,1,63466,542144,4604,103352,5.021897810218978,0.1601125336175592
3096,0.3159,8,55,8,63521,542089,4612,103344,5.021388343399162,0.16011576724462492
3097,0.316,2,24,2,63545,542065,4614,103342,5.021166030605062,0.16011911863366837
3098,0.3161,2,26,2,63571,542039,4616,103340,5.020925191744785,0.1601229665049529
3099,0.3162,3,29,3,63600,542010,4619,103337,5.020656563785246,0.16012625765673352
3100,0.3163,0,27,0,63627,541983,4619,103337,5.0204064618918816,0.16013295729250604
3101,0.3164,1,13,1,63640,541970,4620,103336,5.020286042461744,0.16013488174602436
3102,0.3165,3,22,3,63662,541948,4623,103333,5.020082255733818,0.16013643668417324
3103,0.3166,5,27,5,63689,541921,4628,103328,5.019832153840453,0.16013662942522963
3104,0.3167,3,12,3,63701,541909,4631,103325,5.019720997443403,0.160135702706305
3105,0.3168,1,34,1,63735,541875,4632,103324,5.019406054318426,0.16014283965102238
3106,0.3169,1,20,1,63755,541855,4633,103323,5.019220793656675,0.16014650220559287
3107,0.317,2,29,2,63784,541826,4635,103321,5.018952165697136,0.16015109734680624
3108,0.3171,2,20,2,63804,541806,4637,103319,5.018766905035385,0.16015345863204805
3109,0.3172,3,12,3,63816,541794,4640,103316,5.018655748638334,0.16015253212630404
3110,0.3173,1,22,1,63838,541772,4641,103315,5.018451961910408,0.16015669204308877
3111,0.3174,0,8,0,63846,541764,4641,103315,5.018377857645707,0.16015867823940944
3112,0.3175,3,23,3,63869,541741,4644,103312,5.018164807884694,0.16016048293706098
3113,0.3176,1,29,1,63898,541712,4645,103311,5.017896179925155,0.16016638166390965
3114,0.3177,2,11,2,63909,541701,4647,103309,5.017794286561192,0.16016650904637136
3115,0.3178,3,60,3,63969,541641,4650,103306,5.017238504575938,0.16017750295760738
3116,0.3179,2,17,2,63986,541624,4652,103304,5.01708103301345,0.16017912077007046
3117,0.318,5,72,5,64058,541552,4657,103299,5.016414094631146,0.16019049361790552
3118,0.3181,0,20,0,64078,541532,4657,103299,5.016228833969395,0.1601954620668051
3119,0.3182,3,13,3,64091,541519,4660,103296,5.016108414539257,0.16019478455060754
3120,0.3183,2,7,2,64098,541512,4662,103294,5.016043573307644,0.16019391879107825
3121,0.3184,3,36,3,64134,541476,4665,103291,5.015710104116492,0.16019895559170988
3122,0.3185,1,14,1,64148,541462,4666,103290,5.015580421653266,0.1602011315978857
3123,0.3186,1,9,1,64157,541453,4667,103289,5.015497054355478,0.16020206532225292
3124,0.3187,2,26,2,64183,541427,4669,103287,5.015256215495202,0.16020592076486628
3125,0.3188,1,9,1,64192,541418,4670,103286,5.015172848197413,0.16020685461855363
3126,0.3189,0,22,0,64214,541396,4670,103286,5.014969061469488,0.16021232173381605
3127,0.319,1,16,1,64230,541380,4671,103285,5.014820852940087,0.16021499538520007
3128,0.3191,2,30,2,64260,541350,4673,103283,5.01454296194746,0.16021984602091421
3129,0.3192,2,35,2,64295,541315,4675,103281,5.014218755789396,0.1602259399686005
3130,0.3193,1,28,1,64323,541287,4676,103280,5.0139593908629445,0.16023159733588596
3131,0.3194,2,11,2,64334,541276,4678,103278,5.013857497498981,0.16023172612380032
3132,0.3195,0,12,0,64346,541264,4678,103278,5.01374634110193,0.16023470929745462
3133,0.3196,1,8,1,64354,541256,4679,103277,5.01367223683723,0.16023539523965413
3134,0.3197,7,42,7,64396,541214,4686,103270,5.013283189447553,0.16023671650498694
3135,0.3198,2,15,2,64411,541199,4688,103268,5.013144243951239,0.16023783995146376
3136,0.3199,0,25,0,64436,541174,4688,103268,5.01291266812405,0.16024405609814382
3137,0.32,1,11,1,64447,541163,4689,103267,5.012810774760087,0.16024548826094379
3138,0.3201,1,10,1,64457,541153,4690,103266,5.012718144429212,0.16024667180824897
3139,0.3202,2,12,2,64469,541141,4692,103264,5.012606988032161,0.16024704960389816
3140,0.3203,1,20,1,64489,541121,4693,103263,5.01242172737041,0.16025072006753738
3141,0.3204,1,9,1,64498,541112,4694,103262,5.012338360072622,0.16025165509471206
3142,0.3205,1,61,1,64559,541051,4695,103261,5.011773315054281,0.16026552353518173
3143,0.3206,2,21,2,64580,541030,4697,103259,5.011578791359443,0.16026814053941632
3144,0.3207,1,15,1,64595,541015,4698,103258,5.011439845863129,0.16027056853228366
3145,0.3208,3,49,3,64644,540966,4701,103255,5.010985957241839,0.16027884840761167
3146,0.3209,3,35,3,64679,540931,4704,103252,5.0106617510837745,0.160283646106774
3147,0.321,6,77,6,64756,540854,4710,103246,5.009948497536033,0.16029498525073746
3148,0.3211,1,16,1,64772,540838,4711,103245,5.009800289006632,0.16029766349989055
3149,0.3212,0,11,0,64783,540827,4711,103245,5.009698395642669,0.16030040119738165
3150,0.3213,3,16,3,64799,540811,4714,103242,5.009550187113268,0.16030047216611054
3151,0.3214,1,22,1,64821,540789,4715,103241,5.0093464003853425,0.16030464419359347
3152,0.3215,0,20,0,64841,540769,4715,103241,5.009161139723591,0.16030962252138942
3153,0.3216,6,23,6,64864,540746,4721,103235,5.008948089962577,0.16030752460088107
3154,0.3217,5,61,5,64925,540685,4726,103230,5.008383044944236,0.16031619080158097
3155,0.3218,2,33,2,64958,540652,4728,103228,5.008077364852348,0.1603217990929987
3156,0.3219,1,13,1,64971,540639,4729,103227,5.007956945422209,0.16032373195664937
3157,0.322,10,59,10,65030,540580,4739,103217,5.007410426470043,0.1603253820691926
3158,0.3221,2,29,2,65059,540551,4741,103215,5.007141798510505,0.16032999568166073
3159,0.3222,3,38,3,65097,540513,4744,103212,5.006789803253177,0.16033554701153444
3160,0.3223,1,31,1,65128,540482,4745,103211,5.006502649227463,0.16034196425935968
3161,0.3224,1,12,1,65140,540470,4746,103210,5.006391492830413,0.16034364901814566
3162,0.3225,3,21,3,65161,540449,4749,103207,5.006196969135574,0.16034496687671676
3163,0.3226,0,7,0,65168,540442,4749,103207,5.006132127903961,0.1603467107072333
3164,0.3227,2,30,2,65198,540412,4751,103205,5.005854236911334,0.1603515755488124
3165,0.3228,1,17,1,65215,540395,4752,103204,5.005696765348846,0.16035450645510635
3166,0.3229,2,20,2,65235,540375,4754,103202,5.005511504687095,0.16035688037328866
3167,0.323,2,42,2,65277,540333,4756,103200,5.005122457297418,0.16036473654031727
3168,0.3231,1,10,1,65287,540323,4757,103199,5.005029826966542,0.16036592377572173
3169,0.3232,0,5,0,65292,540318,4757,103199,5.004983511801104,0.16036716978727836
3170,0.3233,3,15,3,65307,540303,4760,103196,5.004844566304791,0.1603669935773016
3171,0.3234,2,14,2,65321,540289,4762,103194,5.004714883841565,0.160367872966341
3172,0.3235,0,41,0,65362,540248,4762,103194,5.004335099484975,0.16037809157624153
3173,0.3236,0,18,0,65380,540230,4762,103194,5.0041683648893995,0.1603825782065947
3174,0.3237,3,14,3,65394,540216,4765,103191,5.004038682426174,0.16038215313168802
3175,0.3238,0,11,0,65405,540205,4765,103191,5.003936789062211,0.16038489515010973
3176,0.3239,1,24,1,65429,540181,4766,103190,5.003714476268109,0.16038957304572324
3177,0.324,3,20,3,65449,540161,4769,103187,5.003529215606358,0.16039064394386865
3178,0.3241,2,12,2,65461,540149,4771,103185,5.003418059209308,0.16039102550152798
3179,0.3242,1,11,1,65472,540138,4772,103184,5.003316165845344,0.16039246287240294
3180,0.3243,1,23,1,65495,540115,4773,103183,5.003103116084331,0.16039689226454926
3181,0.3244,1,31,1,65526,540084,4774,103182,5.002815962058617,0.16040331682383338
3182,0.3245,5,15,5,65541,540069,4779,103177,5.002677016562303,0.16040053105654759
3183,0.3246,1,12,1,65553,540057,4780,103176,5.0025658601652525,0.16040221816977673
3184,0.3247,1,24,1,65577,540033,4781,103175,5.002343547371151,0.16040689792415516
3185,0.3248,3,36,3,65613,539997,4784,103172,5.00201007818,0.16041196015355216
3186,0.3249,1,46,1,65659,539951,4785,103171,5.001583978657972,0.1604221283053604
3187,0.325,0,14,0,65673,539937,4785,103171,5.001454296194746,0.1604256205800581
3188,0.3251,1,16,1,65689,539921,4786,103170,5.001306087665345,0.16042830641386677
3189,0.3252,1,10,1,65699,539911,4787,103169,5.00121345733447,0.16042949555265285
3190,0.3253,1,16,1,65715,539895,4788,103168,5.001065248805069,0.16043218160584577
3191,0.3254,1,11,1,65726,539884,4789,103167,5.0009633554411055,0.16043362035048542
3192,0.3255,3,29,3,65755,539855,4792,103164,5.000694727481567,0.1604369388773893
3193,0.3256,0,34,0,65789,539821,4792,103164,5.00037978435659,0.16044542252152072
3194,0.3257,7,19,7,65808,539802,4799,103157,5.000203786727926,0.16044102345561692
3195,0.3258,2,5,2,65813,539797,4801,103155,5.000157471562488,0.1604396595702323
3196,0.3259,2,39,2,65852,539758,4803,103153,4.999796213272074,0.1604467803475131
3197,0.326,0,28,0,65880,539730,4803,103153,4.999536848345622,0.16045376841509262
3198,0.3261,3,49,3,65929,539681,4806,103150,4.9990829597243325,0.16046208101351678
3199,0.3262,5,12,5,65941,539669,4811,103145,4.998971803327281,0.1604585463291092
3200,0.3263,4,17,4,65958,539652,4815,103141,4.998814331764793,0.16045756565488423
3201,0.3264,2,31,2,65989,539621,4817,103139,4.998527177739079,0.16046269214014564
3202,0.3265,2,47,2,66036,539574,4819,103137,4.9980918151839635,0.16047181392569912
3203,0.3266,1,16,1,66052,539558,4820,103136,4.997943606654563,0.16047450264044785
3204,0.3267,2,18,2,66070,539540,4822,103134,4.997776872058987,0.16047638460556984
3205,0.3268,6,70,6,66140,539470,4828,103128,4.997128459742858,0.16048602703400883
3206,0.3269,4,28,4,66168,539442,4832,103124,4.9968690948164065,0.16048779424992918
3207,0.327,2,41,2,66209,539401,4834,103122,4.996489310459817,0.16049542195376665
3208,0.3271,1,20,1,66229,539381,4835,103121,4.9963040497980655,0.16049911128681313
3209,0.3272,4,28,4,66257,539353,4839,103117,4.996044684871614,0.16050087941849425
3210,0.3273,0,8,0,66265,539345,4839,103117,4.995970580606914,0.1605028779912275
3211,0.3274,1,15,1,66280,539330,4840,103116,4.9958316351106005,0.16050531873495982
3212,0.3275,2,22,2,66302,539308,4842,103114,4.995627848382674,0.16050820177391184
3213,0.3276,1,23,1,66325,539285,4843,103113,4.995414798621661,0.16051264169564664
3214,0.3277,5,34,5,66359,539251,4848,103108,4.995099855496684,0.16051460320475
3215,0.3278,2,17,2,66376,539234,4850,103106,4.9949423839341955,0.16051623750661642
3216,0.3279,1,39,1,66415,539195,4851,103105,4.994581125643781,0.16052467694223882
3217,0.328,1,52,1,66467,539143,4852,103104,4.994099447923228,0.16053636684951428
3218,0.3281,1,30,1,66497,539113,4853,103103,4.993821556930602,0.16054255888984392
3219,0.3282,4,47,4,66544,539066,4857,103099,4.9933861943754865,0.1605490800650923
3220,0.3283,2,16,2,66560,539050,4859,103097,4.993237985846085,0.16055046585906343
3221,0.3284,2,12,2,66572,539038,4861,103095,4.993126829449035,0.16055085161485239
3222,0.3285,3,17,3,66589,539021,4864,103092,4.992969357886547,0.16055118024397574
3223,0.3286,2,21,2,66610,539000,4866,103090,4.9927748341917075,0.16055381644317776
3224,0.3287,2,24,2,66634,538976,4868,103088,4.992552521397607,0.16055720302025966
3225,0.3288,4,27,4,66661,538949,4872,103084,4.9923024195042425,0.16055872517456268
3226,0.3289,3,22,3,66683,538927,4875,103081,4.992098632776316,0.16056030454449166
3227,0.329,0,15,0,66698,538912,4875,103081,4.991959687280003,0.16056405599438
3228,0.3291,3,30,3,66728,538882,4878,103078,4.991681796287376,0.16056763661287307
3229,0.3292,4,33,4,66761,538849,4882,103074,4.991376116195487,0.16057066034399764
3230,0.3293,0,21,0,66782,538828,4882,103074,4.991181592500649,0.1605759134571944
3231,0.3294,2,28,2,66810,538800,4884,103072,4.990922227574197,0.16058030261485157
3232,0.3295,2,9,2,66819,538791,4886,103070,4.990838860276409,0.1605799386471526
3233,0.3296,1,16,1,66835,538775,4887,103069,4.990690651747008,0.16058263378640292
3234,0.3297,4,18,4,66853,538757,4891,103065,4.990523917151432,0.16058190588667887
3235,0.3298,3,34,3,66887,538723,4894,103062,4.990208974026455,0.16058648924484056
3236,0.3299,1,17,1,66904,538706,4895,103061,4.990051502463967,0.1605894351065106
3237,0.33,5,26,5,66930,538680,4900,103056,4.9898106636036905,0.16058940124911178
3238,0.3301,4,21,4,66951,538659,4904,103052,4.9896161399088514,0.16058942421121034
3239,0.3302,5,26,5,66977,538633,4909,103047,4.989375301048575,0.16058939035033037
3240,0.3303,1,16,1,66993,538617,4910,103046,4.989227092519174,0.16059208650023454
3241,0.3304,4,20,4,67013,538597,4914,103042,4.989041831857423,0.1605918592853614
3242,0.3305,6,37,6,67050,538560,4920,103036,4.988699099633184,0.1605932705316118
3243,0.3306,0,13,0,67063,538547,4920,103036,4.988578680203045,0.16059652453384832
3244,0.3307,4,61,4,67124,538486,4924,103032,4.988013635184705,0.16060656131238718
3245,0.3308,0,24,0,67148,538462,4924,103032,4.987791322390604,0.16061257003183194
3246,0.3309,0,11,0,67159,538451,4924,103032,4.9876894290266405,0.16061532417850513
3247,0.331,2,28,2,67187,538423,4926,103030,4.987430064100189,0.16061971804637284
3248,0.3311,1,11,1,67198,538412,4927,103029,4.987328170736226,0.16062116391063247
3249,0.3312,0,20,0,67218,538392,4927,103029,4.987142910074475,0.16062617220203268
3250,0.3313,7,56,7,67274,538336,4934,103022,4.986624180221572,0.16063103602044412
3251,0.3314,2,10,2,67284,538326,4936,103020,4.986531549890696,0.16063092308987661
3252,0.3315,5,21,5,67305,538305,4941,103015,4.986337026195858,0.16062963886983098
3253,0.3316,0,14,0,67319,538291,4941,103015,4.986207343732632,0.16063314548748958
3254,0.3317,2,12,2,67331,538279,4943,103013,4.986096187335582,0.1606335335541376
3255,0.3318,3,14,3,67345,538265,4946,103010,4.985966504872356,0.1606331137187634
3256,0.3319,3,63,3,67408,538202,4949,103007,4.9853829337878395,0.1606449691130349
3257,0.332,2,44,2,67452,538158,4951,103005,4.984975360331987,0.16065337519476328
3258,0.3321,0,30,0,67482,538128,4951,103005,4.984697469339361,0.16066089251372181
3259,0.3322,2,23,2,67505,538105,4953,103003,4.984484419578346,0.1606640378844126
3260,0.3323,1,16,1,67521,538089,4954,103002,4.984336211048946,0.16066673841935075
3261,0.3324,0,17,0,67538,538072,4954,103002,4.984178739486458,0.16067099897983697
3262,0.3325,0,31,0,67569,538041,4954,103002,4.983891585460743,0.1606787688189404
3263,0.3326,2,31,2,67600,538010,4956,103000,4.983604431435029,0.16068392068766477
3264,0.3327,3,14,3,67614,537996,4959,102997,4.983474748971803,0.16068350200392204
3265,0.3328,1,16,1,67630,537980,4960,102996,4.983326540442403,0.1606862035396021
3266,0.3329,2,32,2,67662,537948,4962,102994,4.9830301233836005,0.1606916070408867
3267,0.333,3,15,3,67677,537933,4965,102991,4.9828911778872875,0.16069143923460505
3268,0.3331,2,41,2,67718,537892,4967,102989,4.9825113935306975,0.1606991001449567
3269,0.3332,1,14,1,67732,537878,4968,102988,4.982381711067472,0.160701301052014
3270,0.3333,1,18,1,67750,537860,4969,102987,4.982214976471896,0.16070450513149004
3271,0.3334,1,16,1,67766,537844,4970,102986,4.982066767942495,0.16070720783983272
3272,0.3335,1,42,1,67808,537802,4971,102985,4.981677720552818,0.1607164315131237
3273,0.3336,2,22,2,67830,537780,4973,102983,4.9814739338248915,0.1607193299238564
3274,0.3337,0,28,0,67858,537752,4973,102983,4.98121456889844,0.1607263533285992
3275,0.3338,3,39,3,67897,537713,4976,102980,4.980853310608025,0.16073220715693787
3276,0.3339,2,18,2,67915,537695,4978,102978,4.98068657601245,0.16073410304476698
3277,0.334,4,43,4,67958,537652,4982,102974,4.980288265589684,0.16073965152834882
3278,0.3341,8,116,8,68074,537536,4990,102966,4.979213753751528,0.16075828022394933
3279,0.3342,1,13,1,68087,537523,4991,102965,4.97909333432139,0.16076023282247287
3280,0.3343,2,22,2,68109,537501,4993,102963,4.978889547593464,0.16076313422768493
3281,0.3344,0,17,0,68126,537484,4993,102963,4.978732076030975,0.16076740151800226
3282,0.3345,2,14,2,68140,537470,4995,102961,4.9786023935677495,0.16076829510126775
3283,0.3346,1,39,1,68179,537431,4996,102960,4.978241135277335,0.16077677543875538
3284,0.3347,2,26,2,68205,537405,4998,102958,4.978000296417059,0.16078068220681083
3285,0.3348,1,27,1,68232,537378,4999,102957,4.977750194523695,0.1607861509990864
3286,0.3349,3,13,3,68245,537365,5002,102954,4.977629775093557,0.16078548348557517
3287,0.335,1,31,1,68276,537334,5003,102953,4.977342621067843,0.16079195735662288
3288,0.3351,2,31,2,68307,537303,5005,102951,4.9770554670421285,0.16079712114254655
3289,0.3352,1,23,1,68330,537280,5006,102950,4.976842417281114,0.16080158692969715
3290,0.3353,6,32,6,68362,537248,5012,102944,4.976546000222313,0.16080175947215836
3291,0.3354,2,27,2,68389,537221,5014,102942,4.9762958983289485,0.16080591974231562
3292,0.3355,2,15,2,68404,537206,5016,102940,4.9761569528326355,0.1608070658880943
3293,0.3356,2,27,2,68431,537179,5018,102938,4.975906850939271,0.16081122669761935
3294,0.3357,1,13,1,68444,537166,5019,102937,4.975786431509134,0.16081318162858166
3295,0.3358,2,15,2,68459,537151,5021,102935,4.97564748601282,0.16081432807466498
3296,0.3359,3,40,3,68499,537111,5024,102932,4.975276964689318,0.16082044487635988
3297,0.336,2,16,2,68515,537095,5026,102930,4.975128756159917,0.16082184289676185
3298,0.3361,2,23,2,68538,537072,5028,102928,4.974915706398903,0.160825
3299,0.3362,3,56,3,68594,537016,5031,102925,4.974396976546,0.16083513948942169
3300,0.3363,0,18,0,68612,536998,5031,102925,4.9742302419504245,0.1608396635220175
3301,0.3364,4,22,4,68634,536976,5035,102921,4.974026455222498,0.1608399476790796
3302,0.3365,1,43,1,68677,536933,5036,102920,4.973628144799733,0.160849445106923
3303,0.3366,3,25,3,68702,536908,5039,102917,4.973396568972545,0.1608517954128082
3304,0.3367,5,17,5,68719,536891,5044,102912,4.9732390974100555,0.1608495114902556
3305,0.3368,4,19,4,68738,536872,5048,102908,4.973063099781393,0.16084904185813872
3306,0.3369,1,17,1,68755,536855,5049,102907,4.972905628218904,0.16085200433911362
3307,0.337,0,16,0,68771,536839,5049,102907,4.972757419689503,0.16085602723580922
3308,0.3371,4,49,4,68820,536790,5053,102903,4.972303531068213,0.1608631015190099
3309,0.3372,4,30,4,68850,536760,5057,102899,4.972025640075587,0.160865398595189
3310,0.3373,1,17,1,68867,536743,5058,102898,4.971868168513098,0.1608683620968637
3311,0.3374,5,40,5,68907,536703,5063,102893,4.9714976471895955,0.16087186286343255
3312,0.3375,0,15,0,68922,536688,5063,102893,4.9713587016932825,0.16087563576779174
3313,0.3376,1,12,1,68934,536676,5064,102892,4.971247545296232,0.16087734220598904
3314,0.3377,1,25,1,68959,536651,5065,102891,4.971015969469043,0.16088231890946958
3315,0.3378,5,23,5,68982,536628,5070,102886,4.970802919708029,0.16088154442279606
3316,0.3379,0,3,0,68985,536625,5070,102886,4.970775130608766,0.1608822991316803
3317,0.338,3,9,3,68994,536616,5073,102883,4.970691763310978,0.16088062686571833
3318,0.3381,1,25,1,69019,536591,5074,102882,4.9704601874837895,0.16088560423974116
3319,0.3382,2,52,2,69071,536539,5076,102880,4.969978509763237,0.1608960634576076
3320,0.3383,4,23,4,69094,536516,5080,102876,4.969765460002223,0.1608966017716831
3321,0.3384,1,8,1,69102,536508,5081,102875,4.969691355737523,0.16089730255574514
3322,0.3385,4,81,4,69183,536427,5085,102871,4.968941050057431,0.16091243833079408
3323,0.3386,2,18,2,69201,536409,5087,102869,4.968774315461855,0.1609143439943186
3324,0.3387,0,19,0,69220,536390,5087,102869,4.968598317833191,0.16091912667635497
3325,0.3388,2,9,2,69229,536381,5089,102867,4.968514950535403,0.16091876705128527
3326,0.3389,3,23,3,69252,536358,5092,102864,4.96830190077439,0.16092061912762703
3327,0.339,0,13,0,69265,536345,5092,102864,4.968181481344251,0.1609238918726113
3328,0.3391,4,23,4,69288,536322,5096,102860,4.9679684315832375,0.16092443153906086
3329,0.3392,1,17,1,69305,536305,5097,102859,4.967810960020749,0.1609273989148325
3330,0.3393,1,35,1,69340,536270,5098,102858,4.967486753862685,0.16093489879961448
3331,0.3394,2,11,2,69351,536259,5100,102856,4.967384860498722,0.16093504298913341
3332,0.3395,0,20,0,69371,536239,5100,102856,4.96719959983697,0.16094007933092888
3333,0.3396,1,31,1,69402,536208,5101,102855,4.966912445811256,0.16094657334253432
3334,0.3397,1,18,1,69420,536190,5102,102854,4.9667457112156805,0.16094979375442067
3335,0.3398,0,17,0,69437,536173,5102,102854,4.966588239653192,0.1609540754928978
3336,0.3399,1,41,1,69478,536132,5103,102853,4.966208455296602,0.1609630899003889
3337,0.34,1,9,1,69487,536123,5104,102852,4.966125087998814,0.1609640439766814
3338,0.3401,2,10,2,69497,536113,5106,102850,4.966032457667938,0.1609639368789742
3339,0.3402,0,39,0,69536,536074,5106,102850,4.965671199377524,0.16097376213759382
3340,0.3403,1,35,1,69571,536039,5107,102849,4.96534699321946,0.1609812674521982
3341,0.3404,2,10,2,69581,536029,5109,102847,4.965254362888584,0.1609811606634151
3342,0.3405,2,38,2,69619,535991,5111,102845,4.964902367631257,0.16098810962437934
3343,0.3406,4,27,4,69646,535964,5115,102841,4.964652265737893,0.16098966038149357
3344,0.3407,3,24,3,69670,535940,5118,102838,4.964429952943792,0.1609917686582819
3345,0.3408,2,10,2,69680,535930,5120,102836,4.964337322612916,0.16099166204838705
3346,0.3409,3,36,3,69716,535894,5123,102833,4.964003853421764,0.16099679518792848
3347,0.341,0,13,0,69729,535881,5123,102833,4.963883433991626,0.1610000720197146
3348,0.3411,3,50,3,69779,535831,5126,102830,4.963420282337249,0.16100873546372801
3349,0.3412,5,12,5,69791,535819,5131,102825,4.963309125940198,0.16100519225108198
3350,0.3413,8,30,8,69821,535789,5139,102817,4.963031234947572,0.16100224551601458
3351,0.3414,0,26,0,69847,535763,5139,102817,4.9627903960872946,0.16100880077672336
3352,0.3415,2,18,2,69865,535745,5141,102815,4.962623661491719,0.16101071160110247
3353,0.3416,0,23,0,69888,535722,5141,102815,4.962410611730705,0.1610165111810279
3354,0.3417,1,24,1,69912,535698,5142,102814,4.962188298936604,0.1610212494048663
3355,0.3418,6,39,6,69951,535659,5148,102808,4.961827040646189,0.16102320088587194
3356,0.3419,1,11,1,69962,535648,5149,102807,4.961725147282226,0.1610246610959269
3357,0.342,4,46,4,70008,535602,5153,102803,4.961299047760199,0.16103100696266476
3358,0.3421,2,19,2,70027,535583,5155,102801,4.961123050131535,0.161033171257425
3359,0.3422,4,47,4,70074,535536,5159,102797,4.96068768757642,0.16103977077794818
3360,0.3423,3,20,3,70094,535516,5162,102794,4.960502426914669,0.16104087355673574
3361,0.3424,4,17,4,70111,535499,5166,102790,4.960344955352181,0.16103990512134786
3362,0.3425,3,29,3,70140,535470,5169,102787,4.960076327392642,0.16104327880461947
3363,0.3426,1,27,1,70167,535443,5170,102786,4.9598262254992775,0.1610487771630559
3364,0.3427,3,16,3,70183,535427,5173,102783,4.959678016969876,0.16104887106124943
3365,0.3428,1,30,1,70213,535397,5174,102782,4.9594001259772496,0.161055127166516
3366,0.3429,1,31,1,70244,535366,5175,102781,4.959112971951535,0.16106163626875938
3367,0.343,4,13,4,70257,535353,5179,102777,4.958992552521398,0.16105965869023553
3368,0.3431,8,27,8,70284,535326,5187,102769,4.9587424506280335,0.16105595561789388
3369,0.3432,2,22,2,70306,535304,5189,102767,4.958538663900107,0.16105887902756902
3370,0.3433,0,27,0,70333,535277,5189,102767,4.958288562006744,0.16106569452890396
3371,0.3434,3,22,3,70355,535255,5192,102764,4.9580847752788175,0.1610673036382929
3372,0.3435,4,10,4,70365,535245,5196,102760,4.957992144947942,0.16106456845949482
3373,0.3436,0,13,0,70378,535232,5196,102760,4.957871725517804,0.16106785038056903
3374,0.3437,6,35,6,70413,535197,5202,102754,4.957547519359739,0.16106879681981845
3375,0.3438,4,29,4,70442,535168,5206,102750,4.9572788914002,0.1610708586370035
3376,0.3439,2,22,2,70464,535146,5208,102748,4.957075104672274,0.1610737834185617
3377,0.344,0,20,0,70484,535126,5208,102748,4.956889844010523,0.16107883375086615
3378,0.3441,6,33,6,70517,535093,5214,102742,4.956584163918634,0.16107927598830418
3379,0.3442,2,10,2,70527,535083,5216,102740,4.956491533587758,0.1610791708671528
3380,0.3443,2,30,2,70557,535053,5218,102738,4.956213642595132,0.1610841168972281
3381,0.3444,0,10,0,70567,535043,5218,102738,4.956121012264256,0.16108664259361755
3382,0.3445,3,18,3,70585,535025,5221,102735,4.95595427766868,0.16108724284997492
3383,0.3446,1,17,1,70602,535008,5222,102734,4.955796806106191,0.1610902214375092
3384,0.3447,2,15,2,70617,534993,5224,102732,4.955657860609878,0.16109137951311303
3385,0.3448,0,26,0,70643,534967,5224,102732,4.955417021749602,0.16109794746424252
3386,0.3449,0,7,0,70650,534960,5224,102732,4.9553521805179885,0.1610997158502851
3387,0.345,1,14,1,70664,534946,5225,102731,4.955222498054763,0.16110193718763574
3388,0.3451,1,29,1,70693,534917,5226,102730,4.954953870095224,0.16110794844169266
3389,0.3452,3,46,3,70739,534871,5229,102727,4.954527770573196,0.16111562457849618
3390,0.3453,0,21,0,70760,534850,5229,102727,4.954333246878358,0.1611209312757518
3391,0.3454,5,12,5,70772,534838,5234,102722,4.9542220904813075,0.1611173850304285
3392,0.3455,0,38,0,70810,534800,5234,102722,4.95387009522398,0.1611269885588262
3393,0.3456,3,39,3,70849,534761,5237,102719,4.953508836933565,0.16113289828700508
3394,0.3457,5,36,5,70885,534725,5242,102714,4.953175367742413,0.16113541844788284
3395,0.3458,0,8,0,70893,534717,5242,102714,4.953101263477713,0.16113744075829384
3396,0.3459,1,11,1,70904,534706,5243,102713,4.9529993701137505,0.1611389054923057
3397,0.346,2,36,2,70940,534670,5245,102711,4.952665900922598,0.16114537458757008
3398,0.3461,3,15,3,70955,534655,5248,102708,4.9525269554262845,0.1611452186587549
3399,0.3462,4,51,4,71006,534604,5252,102704,4.9520545407388195,0.161152849171829
3400,0.3463,2,53,2,71059,534551,5254,102702,4.951563599985179,0.16116361947295657
3401,0.3464,2,13,2,71072,534538,5256,102700,4.9514431805550405,0.16116427457245175
3402,0.3465,5,40,5,71112,534498,5261,102695,4.951072659231539,0.1611678094392123
3403,0.3466,5,33,5,71145,534465,5266,102690,4.950766979139649,0.16116957412246627
3404,0.3467,0,30,0,71175,534435,5266,102690,4.950489088147023,0.16117716303708063
3405,0.3468,4,65,4,71240,534370,5270,102686,4.9498869909963314,0.16118834137030338
3406,0.3469,8,40,8,71280,534330,5278,102678,4.9495164696728295,0.16118792856604627
3407,0.347,3,36,3,71316,534294,5281,102675,4.9491830004816775,0.1611930878896775
3408,0.3471,3,28,3,71344,534266,5284,102672,4.948923635555226,0.16119622318027815
3409,0.3472,1,15,1,71359,534251,5285,102671,4.948784690058913,0.16119870250988347
3410,0.3473,1,21,1,71380,534230,5286,102670,4.948590166364074,0.1612027005809389
3411,0.3474,1,22,1,71402,534208,5287,102669,4.9483863796361485,0.16120695204882576
3412,0.3475,3,19,3,71421,534189,5290,102666,4.948210382007485,0.1612078102550816
3413,0.3476,3,21,3,71442,534168,5293,102663,4.948015858312646,0.1612091748046185
3414,0.3477,0,19,0,71461,534149,5293,102663,4.947839860683982,0.16121398466109307
3415,0.3478,7,34,7,71495,534115,5300,102656,4.947524917559005,0.16121337184011206
3416,0.3479,0,13,0,71508,534102,5300,102656,4.947404498128868,0.1612166631593164
3417,0.348,1,12,1,71520,534090,5301,102655,4.947293341731816,0.16121838412551334
3418,0.3481,0,15,0,71535,534075,5301,102655,4.947154396235503,0.16122218208659872
3419,0.3482,1,22,1,71557,534053,5302,102654,4.946950609507577,0.1612264353933599
3420,0.3483,6,24,6,71581,534029,5308,102648,4.946728296713476,0.16122460839640823
3421,0.3484,0,10,0,71591,534019,5308,102648,4.9466356663826,0.1612271407187745
3422,0.3485,1,22,1,71613,533997,5309,102647,4.946431879654674,0.16123139462556782
3423,0.3486,4,21,4,71634,533976,5313,102643,4.946237355959836,0.16123144298238035
3424,0.3487,2,52,2,71686,533924,5315,102641,4.945755678239283,0.16124197843111074
3425,0.3488,3,32,3,71718,533892,5318,102638,4.945459261180481,0.16124613136851365
3426,0.3489,3,7,3,71725,533885,5321,102635,4.945394419948868,0.16124395148620624
3427,0.349,0,20,0,71745,533865,5321,102635,4.945209159287117,0.16124901806755695
3428,0.3491,4,42,4,71787,533823,5325,102631,4.94482011189744,0.16125438759124774
3429,0.3492,3,25,3,71812,533798,5328,102628,4.944588536070251,0.16125676826528143
3430,0.3493,3,48,3,71860,533750,5331,102625,4.944143910482048,0.16126497741111767
3431,0.3494,0,18,0,71878,533732,5331,102625,4.943977175886472,0.16126953895376336
3432,0.3495,3,13,3,71891,533719,5334,102622,4.943856756456334,0.161268879421568
3433,0.3496,3,19,3,71910,533700,5337,102619,4.9436807588276706,0.16126974049179735
3434,0.3497,1,36,1,71946,533664,5338,102618,4.9433472896365185,0.16127754674814
3435,0.3498,0,23,0,71969,533641,5338,102618,4.943134239875505,0.16128337673808937
3436,0.3499,0,12,0,71981,533629,5338,102618,4.9430230834784545,0.16128641863930204
3437,0.35,8,26,8,72007,533603,5346,102610,4.9427822446181775,0.1612824635774497
3438,0.3501,0,32,0,72039,533571,5346,102610,4.942485827559376,0.16129057610962919
3439,0.3502,1,27,1,72066,533544,5347,102609,4.942235725666012,0.16129610329590524
3440,0.3503,0,24,0,72090,533520,5347,102609,4.942013412871911,0.16130218870700755
3441,0.3504,5,39,5,72129,533481,5352,102604,4.941652154581496,0.16130548590204138
3442,0.3505,2,13,2,72142,533468,5354,102602,4.941531735151358,0.16130614555001807
3443,0.3506,1,9,1,72151,533459,5355,102601,4.94144836785357,0.1613071093921957
3444,0.3507,5,33,5,72184,533426,5360,102596,4.941142687761681,0.1613088855416951
3445,0.3508,0,20,0,72204,533406,5360,102596,4.94095742709993,0.16131395813220714
3446,0.3509,1,23,1,72227,533383,5361,102595,4.940744377338916,0.1613184732805223
3447,0.351,1,30,1,72257,533353,5362,102594,4.940466486346289,0.16132476448509073
3448,0.3511,6,23,6,72280,533330,5368,102588,4.940253436585276,0.16132268625829116
3449,0.3512,5,58,5,72338,533272,5373,102583,4.939716180666197,0.1613308065518082
3450,0.3513,5,25,5,72363,533247,5378,102578,4.939484604839008,0.16133055479101954
3451,0.3514,2,19,2,72382,533228,5380,102576,4.939308607210345,0.16133273776195178
3452,0.3515,4,26,4,72408,533202,5384,102572,4.9390677683500686,0.1613340589580574
3453,0.3516,0,18,0,72426,533184,5384,102572,4.938901033754493,0.16133862676876035
3454,0.3517,0,33,0,72459,533151,5384,102572,4.9385953536626035,0.1613470017602006
3455,0.3518,0,19,0,72478,533132,5384,102572,4.93841935603394,0.1613518241194015
3456,0.3519,2,27,2,72505,533105,5386,102570,4.9381692541405755,0.16135603885633382
3457,0.352,3,22,3,72527,533083,5389,102567,4.937965467412649,0.16135766538189256
3458,0.3521,1,11,1,72538,533072,5390,102566,4.937863574048687,0.16135913837750418
3459,0.3522,6,31,6,72569,533041,5396,102560,4.937576420022972,0.1613590916313851
3460,0.3523,6,60,6,72629,532981,5402,102554,4.937020638037719,0.16136640782962386
3461,0.3524,0,27,0,72656,532954,5402,102554,4.936770536144355,0.16137326359384932
3462,0.3525,3,14,3,72670,532940,5405,102551,4.936640853681129,0.16137285972578683
3463,0.3526,1,51,1,72721,532889,5406,102550,4.936168438993664,0.16138449166639127
3464,0.3527,1,34,1,72755,532855,5407,102549,4.935853495868687,0.16139180741701342
3465,0.3528,1,25,1,72780,532830,5408,102548,4.935621920041498,0.16139683778789948
3466,0.3529,0,26,0,72806,532804,5408,102548,4.935381081181222,0.1614034425011647
3467,0.353,6,29,6,72835,532775,5414,102542,4.935112453221683,0.16140289021071372
3468,0.3531,0,18,0,72853,532757,5414,102542,4.934945718626107,0.1614074632574583
3469,0.3532,1,19,1,72872,532738,5415,102541,4.934769720997443,0.16141097061291182
3470,0.3533,0,41,0,72913,532697,5415,102541,4.934389936640854,0.1614213885189488
3471,0.3534,2,28,2,72941,532669,5417,102539,4.934130571714402,0.16142586365411016
3472,0.3535,1,30,1,72971,532639,5418,102538,4.933852680721776,0.16143216772647626
3473,0.3536,6,34,6,73005,532605,5424,102532,4.933537737596799,0.1614328877076914
3474,0.3537,2,37,2,73042,532568,5426,102530,4.933195005372559,0.16143965183326037
3475,0.3538,1,26,1,73068,532542,5427,102529,4.932954166512283,0.1614449408018946
3476,0.3539,1,7,1,73075,532535,5428,102528,4.93288932528067,0.16144539990520626
3477,0.354,4,48,4,73123,532487,5432,102524,4.932444699692467,0.1614523212983712
3478,0.3541,2,11,2,73134,532476,5434,102522,4.932342806328505,0.16145247701567564
3479,0.3542,0,37,0,73171,532439,5434,102522,4.932000074104264,0.16146188506065726
3480,0.3543,1,4,1,73175,532435,5435,102521,4.931963021971915,0.16146158158990545
3481,0.3544,1,43,1,73218,532392,5436,102520,4.931564711549149,0.1614711960082657
3482,0.3545,6,14,6,73232,532378,5442,102514,4.9314350290859235,0.16146683215413016
3483,0.3546,3,12,3,73244,532366,5445,102511,4.931323872688873,0.16146592174547195
3484,0.3547,2,19,2,73263,532347,5447,102509,4.931147875060209,0.1614681124538478
3485,0.3548,3,23,3,73286,532324,5450,102506,4.930934825299196,0.1614699998424775
3486,0.3549,3,32,3,73318,532292,5453,102503,4.9306384082403945,0.16147417670271505
3487,0.355,4,36,4,73354,532256,5457,102499,4.930304939049242,0.16147805058644674
3488,0.3551,2,8,2,73362,532248,5459,102497,4.930230834784542,0.16147744369786293
3489,0.3552,0,37,0,73399,532211,5459,102497,4.9298881025603025,0.16148685694839202
3490,0.3553,3,22,3,73421,532189,5462,102494,4.929684315832376,0.16148849110500832
3491,0.3554,0,17,0,73438,532172,5462,102494,4.929526844269888,0.16149281669413518
3492,0.3555,2,20,2,73458,532152,5464,102492,4.929341583608137,0.16149526348630097
3493,0.3556,0,18,0,73476,532134,5464,102492,4.92917484901256,0.16149984400260942
3494,0.3557,0,13,0,73489,532121,5464,102492,4.929054429582423,0.16150315231487536
3495,0.3558,1,10,1,73499,532111,5465,102491,4.928961799251547,0.16150437597108108
3496,0.3559,5,52,5,73551,532059,5470,102486,4.928480121530994,0.16151100394771056
3497,0.356,1,11,1,73562,532048,5471,102485,4.928378228167031,0.16151248240832233
3498,0.3561,1,31,1,73593,532017,5472,102484,4.928091074141316,0.1615190519794295
3499,0.3562,1,7,1,73600,532010,5473,102483,4.928026232909704,0.16151951242960916
3500,0.3563,0,23,0,73623,531987,5473,102483,4.92781318314869,0.16152536762967515
3501,0.3564,1,23,1,73646,531964,5474,102482,4.927600133387677,0.16152990167799938
3502,0.3565,4,34,4,73680,531930,5478,102478,4.927285190262699,0.16153327196378356
3503,0.3566,3,18,3,73698,531912,5481,102475,4.927118455667124,0.1615338901963628
3504,0.3567,1,39,1,73737,531873,5482,102474,4.926757197376709,0.161542499609835
3505,0.3568,4,23,4,73760,531850,5486,102470,4.9265441476156955,0.1615430697439778
3506,0.3569,4,76,4,73836,531774,5490,102466,4.9258401571010415,0.16155713925327952
3507,0.357,3,43,3,73879,531731,5493,102463,4.925441846678276,0.1615641270652198
3508,0.3571,4,12,4,73891,531719,5497,102459,4.925330690281226,0.1615618958715061
3509,0.3572,2,20,2,73911,531699,5499,102457,4.925145429619475,0.1615643469430235
3510,0.3573,1,13,1,73924,531686,5500,102456,4.925025010189336,0.16156633687722938
3511,0.3574,1,19,1,73943,531667,5501,102455,4.9248490125606725,0.16156985564292045
3512,0.3575,2,8,2,73951,531659,5503,102453,4.924774908295973,0.16156924959628582
3513,0.3576,0,28,0,73979,531631,5503,102453,4.924515543369521,0.16157638420146225
3514,0.3577,3,8,3,73987,531623,5506,102450,4.924441439104821,0.16157445593803868
3515,0.3578,6,28,6,74015,531595,5512,102444,4.924182074178369,0.16157365714096453
3516,0.3579,2,20,2,74035,531575,5514,102442,4.923996813516617,0.16157610915795634
3517,0.358,3,31,3,74066,531544,5517,102439,4.923709659490903,0.16158004236706663
3518,0.3581,4,20,4,74086,531524,5521,102435,4.923524398829152,0.16157984980101237
3519,0.3582,4,23,4,74109,531501,5525,102431,4.923311349068139,0.1615804218749014
3520,0.3583,3,19,3,74128,531482,5528,102428,4.923135351439475,0.1615812970295468
3521,0.3584,4,27,4,74155,531455,5532,102424,4.922885249546112,0.1615828888478716
3522,0.3585,2,27,2,74182,531428,5534,102422,4.9226351476527475,0.1615871262917094
3523,0.3586,3,72,3,74254,531356,5537,102419,4.921968209270443,0.16160151473314663
3524,0.3587,1,17,1,74271,531339,5538,102418,4.921810737707955,0.16160452665611583
3525,0.3588,4,24,4,74295,531315,5542,102414,4.921588424913854,0.1616053549703422
3526,0.3589,2,30,2,74325,531285,5544,102412,4.921310533921227,0.16161035952513583
3527,0.359,5,27,5,74352,531258,5549,102407,4.921060432027863,0.16161063022259395
3528,0.3591,1,9,1,74361,531249,5550,102406,4.920977064730075,0.16161160252818962
3529,0.3592,0,43,0,74404,531206,5550,102406,4.920578754307311,0.16162257027960328
3530,0.3593,0,5,0,74409,531201,5550,102406,4.920532439141873,0.16162384569614918
3531,0.3594,4,60,4,74469,531141,5554,102402,4.919976657156619,0.16163385910664313
3532,0.3595,0,11,0,74480,531130,5554,102402,4.919874763792656,0.16163666555122708
3533,0.3596,2,34,2,74514,531096,5556,102400,4.919559820667679,0.16164269387652014
3534,0.3597,2,18,2,74532,531078,5558,102398,4.919393086072104,0.16164464004950463
3535,0.3598,0,22,0,74554,531056,5558,102398,4.919189299344177,0.16165025400423708
3536,0.3599,1,24,1,74578,531032,5559,102397,4.918966986550076,0.16165505526270504
3537,0.36,1,8,1,74586,531024,5560,102396,4.918892882285376,0.1616557734204793
3538,0.3601,4,42,4,74628,530982,5564,102392,4.918503834895699,0.16166119859672168
3539,0.3602,3,28,3,74656,530954,5567,102389,4.918244469969247,0.16166437459638774
3540,0.3603,1,41,1,74697,530913,5568,102388,4.917864685612657,0.16167351701639504
3541,0.3604,2,19,2,74716,530894,5570,102386,4.917688687983993,0.16167572006063669
3542,0.3605,1,11,1,74727,530883,5571,102385,4.91758679462003,0.1616772045958425
3543,0.3606,0,13,0,74740,530870,5571,102385,4.917466375189893,0.16168052364371382
3544,0.3607,1,65,1,74805,530805,5572,102384,4.916864278039201,0.16169579698952447
3545,0.3608,1,13,1,74818,530792,5573,102383,4.916743858609063,0.16169779286926994
3546,0.3609,1,26,1,74844,530766,5574,102382,4.916503019748786,0.16170310890976516
3547,0.361,3,44,3,74888,530722,5577,102379,4.9160954462929345,0.16171037480591566
3548,0.3611,2,25,2,74913,530697,5579,102377,4.915863870465746,0.16171411241023956
3549,0.3612,2,20,2,74933,530677,5581,102375,4.915678609803995,0.16171657304613207
3550,0.3613,1,26,1,74959,530651,5582,102374,4.915437770943718,0.16172189092057976
3551,0.3614,1,21,1,74980,530630,5583,102373,4.915243247248879,0.16172593178863293
3552,0.3615,4,55,4,75035,530575,5587,102369,4.914733780429064,0.16173468742890365
3553,0.3616,4,14,4,75049,530561,5591,102365,4.914604097965838,0.16173296720311695
3554,0.3617,1,14,1,75063,530547,5592,102364,4.914474415502612,0.16173522027583656
3555,0.3618,1,32,1,75095,530515,5593,102363,4.914177998443811,0.16174207351179848
3556,0.3619,1,20,1,75115,530495,5594,102362,4.913992737782059,0.16174586043924616
3557,0.362,4,34,4,75149,530461,5598,102358,4.913677794657082,0.16174925215582972
3558,0.3621,1,39,1,75188,530422,5599,102357,4.9133165363666675,0.16175789651679337
3559,0.3622,1,21,1,75209,530401,5600,102356,4.913122012671829,0.16176194020769427
3560,0.3623,1,22,1,75231,530379,5601,102355,4.912918225943903,0.16176623984170282
3561,0.3624,3,43,3,75274,530336,5604,102352,4.9125199155211385,0.16177325948966947
3562,0.3625,5,43,5,75317,530293,5609,102347,4.912121605098373,0.16177763024785027
3563,0.3626,2,25,2,75342,530268,5611,102345,4.911890029271184,0.161781373446325
3564,0.3627,2,24,2,75366,530244,5613,102343,4.9116677164770834,0.161784861212766
3565,0.3628,4,59,4,75425,530185,5617,102339,4.911121197524918,0.16179465127014944
3566,0.3629,2,24,2,75449,530161,5619,102337,4.910898884730816,0.1617981400731702
3567,0.363,5,32,5,75481,530129,5624,102332,4.910602467672015,0.16179969990244458
3568,0.3631,1,32,1,75513,530097,5625,102331,4.910306050613213,0.16180656137931906
3569,0.3632,2,29,2,75542,530068,5627,102329,4.910037422653674,0.16181133054078373
3570,0.3633,3,14,3,75556,530054,5630,102326,4.909907740190448,0.1618109364622537
3571,0.3634,2,55,2,75611,529999,5632,102324,4.909398273370632,0.1618223597749884
3572,0.3635,3,34,3,75645,529965,5635,102321,4.909083330245656,0.161827084578814
3573,0.3636,3,9,3,75654,529956,5638,102318,4.908999962947868,0.1618254111350459
3574,0.3637,2,10,2,75664,529946,5640,102316,4.908907332616992,0.16182531925056384
3575,0.3638,4,40,4,75704,529906,5644,102312,4.90853681129349,0.16183025475389817
3576,0.3639,2,27,2,75731,529879,5646,102310,4.908286709400126,0.1618345146783636
3577,0.364,3,34,3,75765,529845,5649,102307,4.907971766275149,0.1618392411951556
3578,0.3641,1,29,1,75794,529816,5650,102306,4.90770313831561,0.16184533998183895
3579,0.3642,1,20,1,75814,529796,5651,102305,4.907517877653859,0.1618491348692693
3580,0.3643,3,16,3,75830,529780,5654,102302,4.907369669124458,0.1618492537360659
3581,0.3644,3,14,3,75844,529766,5657,102299,4.907239986661232,0.1618488604811214
3582,0.3645,2,11,2,75855,529755,5659,102297,4.907138093297269,0.16184902508021493
3583,0.3646,3,13,3,75868,529742,5662,102294,4.907017673867131,0.16184837572543337
3584,0.3647,5,46,5,75914,529696,5667,102289,4.906591574345104,0.16185352500454916
3585,0.3648,1,21,1,75935,529675,5668,102288,4.9063970506502645,0.16185757710498874
3586,0.3649,1,17,1,75952,529658,5669,102287,4.906239579087776,0.16186060495770993
3587,0.365,1,32,1,75984,529626,5670,102286,4.905943162028975,0.16186747521806835
3588,0.3651,0,14,0,75998,529612,5670,102286,4.905813479565749,0.16187106146878136
3589,0.3652,2,27,2,76025,529585,5672,102284,4.905563377672385,0.16187532542346594
3590,0.3653,3,19,3,76044,529566,5675,102281,4.905387380043721,0.16187621370363395
3591,0.3654,4,43,4,76087,529523,5679,102277,4.904989069620957,0.16188192465970244
3592,0.3655,2,29,2,76116,529494,5681,102275,4.904720441661418,0.16188670225984497
3593,0.3656,2,25,2,76141,529469,5683,102273,4.904488865834229,0.16189045528079501
3594,0.3657,3,8,3,76149,529461,5686,102270,4.904414761569528,0.16188852533752499
3595,0.3658,2,7,2,76156,529454,5688,102268,4.904349920337915,0.16188766577703484
3596,0.3659,2,16,2,76172,529438,5690,102266,4.904201711808515,0.16188911262236744
3597,0.366,9,25,9,76197,529413,5699,102257,4.903970135981326,0.16188357845077334
3598,0.3661,1,42,1,76239,529371,5700,102256,4.903581088591649,0.1618930159730347
3599,0.3662,2,23,2,76262,529348,5702,102254,4.903368038830635,0.16189625745326963
3600,0.3663,2,25,2,76287,529323,5704,102252,4.903136463003446,0.16190001187507422
3601,0.3664,0,23,0,76310,529300,5704,102252,4.902923413242432,0.16190590798540738
3602,0.3665,1,46,1,76356,529254,5705,102251,4.902497313720405,0.1619163743754998
3603,0.3666,0,7,0,76363,529247,5705,102251,4.902432472488791,0.16191816917868307
3604,0.3667,1,8,1,76371,529239,5706,102250,4.902358368224092,0.16191889328238496
3605,0.3668,1,10,1,76381,529229,5707,102249,4.902265737893216,0.16192013023414908
3606,0.3669,3,40,3,76421,529189,5710,102246,4.901895216569714,0.16192640572663852
3607,0.367,1,15,1,76436,529174,5711,102245,4.9017562710734,0.1619289251669652
3608,0.3671,0,22,0,76458,529152,5711,102245,4.9015524843454745,0.16193456731660114
3609,0.3672,1,14,1,76472,529138,5712,102244,4.901422801882248,0.16193683063501968
3610,0.3673,3,12,3,76484,529126,5715,102241,4.9013116454851975,0.161935926331278
3611,0.3674,1,11,1,76495,529115,5716,102240,4.901209752121234,0.16193742031028502
3612,0.3675,4,36,4,76531,529079,5720,102236,4.900876282930082,0.1619413446536198
3613,0.3676,0,26,0,76557,529053,5720,102236,4.900635444069806,0.16194801430089864
3614,0.3677,6,35,6,76592,529018,5726,102230,4.900311237911742,0.1619490279573163
3615,0.3678,4,54,4,76646,528964,5730,102226,4.899811034125014,0.16195757220488283
3616,0.3679,2,53,2,76699,528911,5732,102224,4.899320093371373,0.1619685170367671
3617,0.368,1,21,1,76720,528890,5733,102223,4.899125569676535,0.16197257860319783
3618,0.3681,1,10,1,76730,528880,5734,102222,4.899032939345659,0.16197381722764306
3619,0.3682,3,21,3,76751,528859,5737,102219,4.898838415650821,0.1619752233479855
3620,0.3683,1,98,1,76849,528761,5738,102218,4.897930638408241,0.1619990522663987
3621,0.3684,2,23,2,76872,528738,5740,102216,4.897717588647227,0.1620023012771137
3622,0.3685,2,12,2,76884,528726,5742,102214,4.897606432250176,0.16200272609122895
3623,0.3686,3,33,3,76917,528693,5745,102211,4.897300752158286,0.16200721504381016
3624,0.3687,1,24,1,76941,528669,5746,102210,4.8970784393641855,0.16201204985425097
3625,0.3688,5,54,5,76995,528615,5751,102205,4.896578235577458,0.16201927649725753
3626,0.3689,12,76,12,77071,528539,5763,102193,4.895874245062803,0.16202285598320681
3627,0.369,0,17,0,77088,528522,5763,102193,4.895716773500315,0.16202722307222756
3628,0.3691,1,13,1,77101,528509,5764,102192,4.895596354070177,0.16202923413788783
3629,0.3692,3,52,3,77153,528457,5767,102189,4.895114676349624,0.16203860803049572
3630,0.3693,5,26,5,77179,528431,5772,102184,4.894873837489348,0.1620386448149822
3631,0.3694,0,25,0,77204,528406,5772,102184,4.894642261662159,0.16204506890372508
3632,0.3695,0,23,0,77227,528383,5772,102184,4.894429211901145,0.16205097951526165
3633,0.3696,2,17,2,77244,528366,5774,102182,4.894271740338657,0.1620526906754125
3634,0.3697,1,11,1,77255,528355,5775,102181,4.894169846974694,0.16205418881713335
3635,0.3698,2,15,2,77270,528340,5777,102179,4.89403090147838,0.1620553861184199
3636,0.3699,3,18,3,77288,528322,5780,102176,4.893864166882804,0.16205602555440302
3637,0.37,4,18,4,77306,528304,5784,102172,4.893697432287228,0.16205533596837945
3638,0.3701,3,8,3,77314,528296,5787,102169,4.893623328022528,0.16205340502644874
3639,0.3702,2,24,2,77338,528272,5789,102167,4.893401015228426,0.16205691589511437
3640,0.3703,2,23,2,77361,528249,5791,102165,4.893187965467413,0.16206016998353462
3641,0.3704,8,62,8,77423,528187,5799,102157,4.892613657415985,0.16206547535948626
3642,0.3705,2,29,2,77452,528158,5801,102155,4.892345029456445,0.16207027302308535
3643,0.3706,5,33,5,77485,528125,5806,102150,4.8920393493645555,0.1620721113799532
3644,0.3707,0,28,0,77513,528097,5806,102150,4.891779984438104,0.16207931176189652
3645,0.3708,3,24,3,77537,528073,5809,102147,4.891557671644003,0.16208149535082986
3646,0.3709,4,32,4,77569,528041,5813,102143,4.891261254585201,0.16208440709380117
3647,0.371,3,46,3,77615,527995,5816,102140,4.890835155063174,0.16209225007339698
3648,0.3711,2,16,2,77631,527979,5818,102138,4.890686946533773,0.16209370640690537
3649,0.3712,3,5,3,77636,527974,5821,102135,4.890640631368335,0.1620910033026032
3650,0.3713,4,28,4,77664,527946,5825,102131,4.890381266441883,0.16209288705983554
3651,0.3714,1,6,1,77670,527940,5826,102130,4.890325688243358,0.16209310076658148
3652,0.3715,1,21,1,77691,527919,5827,102129,4.89013116454852,0.162097173548682
3653,0.3716,0,10,0,77701,527909,5827,102129,4.890038534217644,0.162099746364505
3654,0.3717,3,48,3,77749,527861,5830,102126,4.8895939086294415,0.16210810699268396
3655,0.3718,0,14,0,77763,527847,5830,102126,4.889464226166216,0.1621117095494569
3656,0.3719,8,107,8,77870,527740,5838,102118,4.888473081625848,0.16212860676533442
3657,0.372,2,25,2,77895,527715,5840,102116,4.888241505798659,0.16213238154362042
3658,0.3721,4,89,4,77984,527626,5844,102112,4.887417095853866,0.16214997348103496
3659,0.3722,6,21,6,78005,527605,5850,102106,4.887222572159028,0.16214739777453466
3660,0.3723,4,40,4,78045,527565,5854,102102,4.886852050835525,0.16215237577957872
3661,0.3724,4,35,4,78080,527530,5858,102098,4.886527844677461,0.16215606675687866
3662,0.3725,2,11,2,78091,527519,5860,102096,4.886425951313498,0.16215623833612605
3663,0.3726,8,67,8,78158,527452,5868,102088,4.885805328096632,0.16216284906439624
3664,0.3727,4,10,4,78168,527442,5872,102084,4.885712697765756,0.162160101409632
3665,0.3728,2,11,2,78179,527431,5874,102082,4.885610804401793,0.16216027309999953
3666,0.3729,8,23,8,78202,527408,5882,102074,4.885397754640779,0.16215555011898672
3667,0.373,3,30,3,78232,527378,5885,102071,4.8851198636481525,0.16215928534321286
3668,0.3731,5,15,5,78247,527363,5890,102066,4.8849809181518395,0.1621564942193639
3669,0.3732,1,8,1,78255,527355,5891,102065,4.884906813887139,0.1621572241110864
3670,0.3733,2,34,2,78289,527321,5893,102063,4.884591870762162,0.16216332159699007
3671,0.3734,2,17,2,78306,527304,5895,102061,4.884434399199674,0.16216503936507431
3672,0.3735,1,32,1,78338,527272,5896,102060,4.884137982140873,0.16217195375413931
3673,0.3736,3,26,3,78364,527246,5899,102057,4.8838971432805955,0.1621746599015101
3674,0.3737,0,20,0,78384,527226,5899,102057,4.883711882618845,0.16217981416945954
3675,0.3738,3,31,3,78415,527195,5902,102054,4.8834247285931305,0.1621838095888909
3676,0.3739,8,35,8,78450,527160,5910,102046,4.8831005224350665,0.16218217880948368
3677,0.374,0,18,0,78468,527142,5910,102046,4.88293378783949,0.16218681856615194
3678,0.3741,5,61,5,78529,527081,5915,102041,4.882368742821149,0.16219588569466653
3679,0.3742,7,46,7,78575,527035,5922,102034,4.881942643299122,0.16219842338439822
3680,0.3743,4,107,4,78682,526928,5926,102030,4.880951498758754,0.16222068882182913
3681,0.3744,2,30,2,78712,526898,5928,102028,4.880673607766127,0.16222576264934188
3682,0.3745,4,24,4,78736,526874,5932,102024,4.880451294972025,0.16222662498529172
3683,0.3746,2,25,2,78761,526849,5934,102022,4.880219719144836,0.16223040973426983
3684,0.3747,3,33,3,78794,526816,5937,102019,4.879914039052948,0.16223492649105092
3685,0.3748,1,58,1,78852,526758,5938,102018,4.8793767831338695,0.16224855910530936
3686,0.3749,2,46,2,78898,526712,5940,102016,4.8789506836118415,0.1622577648840198
3687,0.375,3,32,3,78930,526680,5943,102013,4.87865426655304,0.1622620261399443
3688,0.3751,1,8,1,78938,526672,5944,102012,4.87858016228834,0.1622627583969053
3689,0.3752,1,46,1,78984,526626,5945,102011,4.8781540627663125,0.1622732992171953
3690,0.3753,0,25,0,79009,526601,5945,102011,4.877922486939124,0.16227975285231588
3691,0.3754,5,44,5,79053,526557,5950,102006,4.877514913483271,0.1622844488142
3692,0.3755,3,61,3,79114,526496,5953,102003,4.87694986846493,0.1622962009486093
3693,0.3756,1,10,1,79124,526486,5954,102002,4.876857238134055,0.1622974503888698
3694,0.3757,3,32,3,79156,526454,5957,101999,4.876560821075253,0.16230171548230338
3695,0.3758,1,39,1,79195,526415,5958,101998,4.876199562784838,0.16231045506697028
3696,0.3759,4,26,4,79221,526389,5962,101994,4.875958723924562,0.16231183848067182
3697,0.376,2,34,2,79255,526355,5964,101992,4.875643780799585,0.16231795488798387
3698,0.3761,0,31,0,79286,526324,5964,101992,4.875356626773871,0.16232596336875077
3699,0.3762,0,12,0,79298,526312,5964,101992,4.87524547037682,0.16232906363798416
3700,0.3763,3,28,3,79326,526284,5967,101989,4.874986105450368,0.16233229822067796
3701,0.3764,1,10,1,79336,526274,5968,101988,4.874893475119493,0.16233354874240366
3702,0.3765,4,19,4,79355,526255,5972,101984,4.8747174774908295,0.1623331248139641
3703,0.3766,4,20,4,79375,526235,5976,101980,4.874532216829079,0.162332959257579
3704,0.3767,1,28,1,79403,526207,5977,101979,4.874272851902627,0.16233886142002527
3705,0.3768,1,15,1,79418,526192,5978,101978,4.874133906406314,0.16234140439689893
3706,0.3769,4,51,4,79469,526141,5982,101974,4.873661491718848,0.1623492513313645
3707,0.377,2,16,2,79485,526125,5984,101972,4.873513283189448,0.1623507197136748
3708,0.3771,4,20,4,79505,526105,5988,101968,4.873328022527696,0.16235055479219773
3709,0.3772,2,60,2,79565,526045,5990,101966,4.872772240542443,0.1623633980933455
3710,0.3773,3,16,3,79581,526029,5993,101963,4.872624032013042,0.16236353329341774
3711,0.3774,1,35,1,79616,525994,5994,101962,4.872299825854978,0.1623712489410086
3712,0.3775,1,34,1,79650,525960,5995,101961,4.871984882730001,0.16237870687554645
3713,0.3776,1,7,1,79657,525953,5996,101960,4.871920041498388,0.16237918310339172
3714,0.3777,4,42,4,79699,525911,6000,101956,4.871530994108711,0.16238470886350134
3715,0.3778,4,31,4,79730,525880,6004,101952,4.871243840082997,0.16238739025726628
3716,0.3779,1,21,1,79751,525859,6005,101951,4.8710493163881585,0.1623914878705341
3717,0.378,6,14,6,79765,525845,6011,101945,4.870919633924933,0.16238710396788736
3718,0.3781,2,16,2,79781,525829,6013,101943,4.870771425395532,0.1623885741957271
3719,0.3782,3,29,3,79810,525800,6016,101940,4.870502797435992,0.1623920731513047
3720,0.3783,3,45,3,79855,525755,6019,101937,4.870085960947052,0.16239971196064312
3721,0.3784,0,24,0,79879,525731,6019,101937,4.869863648152951,0.16240592160186595
3722,0.3785,0,17,0,79896,525714,6019,101937,4.869706176590463,0.16241032038505476
3723,0.3786,4,35,4,79931,525679,6023,101933,4.869381970432398,0.1624140392471782
3724,0.3787,2,29,2,79960,525650,6025,101931,4.869113342472859,0.16241887501374325
3725,0.3788,1,13,1,79973,525637,6026,101930,4.868992923042721,0.16242090485956082
3726,0.3789,0,7,0,79980,525630,6026,101930,4.8689280818111085,0.16242271655299892
3727,0.379,3,17,3,79997,525613,6029,101927,4.86877061024862,0.1624231124709182
3728,0.3791,8,44,8,80041,525569,6037,101919,4.8683630367927675,0.16242382324442858
3729,0.3792,0,25,0,80066,525544,6037,101919,4.868131460965579,0.16243029469466724
3730,0.3793,4,16,4,80082,525528,6041,101915,4.8679832524361775,0.1624290971450793
3731,0.3794,1,35,1,80117,525493,6042,101914,4.8676590462781135,0.1624368233060836
3732,0.3795,3,36,3,80153,525457,6045,101911,4.8673255770869615,0.16244213922291223
3733,0.3796,3,14,3,80167,525443,6048,101908,4.867195894623736,0.16244175907904826
3734,0.3797,0,8,0,80175,525435,6048,101908,4.867121790359035,0.1624438305679668
3735,0.3798,6,29,6,80204,525406,6054,101902,4.866853162399496,0.16244332927365823
3736,0.3799,3,16,3,80220,525390,6057,101899,4.866704953870095,0.16244346704628967
3737,0.38,2,39,2,80259,525351,6059,101897,4.866343695579681,0.16245089661505496
3738,0.3801,2,17,2,80276,525334,6061,101895,4.866186224017192,0.16245262894413365
3739,0.3802,4,16,4,80292,525318,6065,101891,4.866038015487791,0.1624514316599411
3740,0.3803,1,15,1,80307,525303,6066,101890,4.865899069991478,0.1624539814698187
3741,0.3804,4,10,4,80317,525293,6070,101886,4.865806439660602,0.16245123003161777
3742,0.3805,1,30,1,80347,525263,6071,101885,4.865528548667976,0.162457665495226
3743,0.3806,4,24,4,80371,525239,6075,101881,4.865306235873875,0.16245854063018242
3744,0.3807,2,9,2,80380,525230,6077,101879,4.865222868576087,0.16245820104638906
3745,0.3808,2,15,2,80395,525215,6079,101877,4.865083923079773,0.16245941584328935
3746,0.3809,2,12,2,80407,525203,6081,101875,4.8649727666827225,0.1624598534791525
3747,0.381,3,10,3,80417,525193,6084,101872,4.8648801363518475,0.16245843732308454
3748,0.3811,2,26,2,80443,525167,6086,101870,4.86463929749157,0.16246250221278807
3749,0.3812,3,38,3,80481,525129,6089,101867,4.864287302234244,0.16246834110584438
3750,0.3813,4,39,4,80520,525090,6093,101863,4.863926043943829,0.16247310404448181
3751,0.3814,3,18,3,80538,525072,6096,101860,4.863759309348253,0.16247376110965783
3752,0.3815,2,34,2,80572,525038,6098,101858,4.863444366223276,0.1624799009724101
3753,0.3816,4,13,4,80585,525025,6102,101854,4.8633239467931375,0.16247792636218472
3754,0.3817,2,58,2,80643,524967,6104,101852,4.86278669087406,0.16249028826503345
3755,0.3818,1,30,1,80673,524937,6105,101851,4.862508799881433,0.1624967293566565
3756,0.3819,7,47,7,80720,524890,6112,101844,4.862073437326318,0.16249956121735856
3757,0.382,1,24,1,80744,524866,6113,101843,4.861851124532217,0.16250444783783224
3758,0.3821,4,55,4,80799,524811,6117,101839,4.861341657712401,0.16251336471714672
3759,0.3822,1,23,1,80822,524788,6118,101838,4.861128607951388,0.1625179931889197
3760,0.3823,0,40,0,80862,524748,6118,101838,4.860758086627885,0.16252836801332937
3761,0.3824,3,35,3,80897,524713,6121,101835,4.860433880469821,0.16253343718278568
3762,0.3825,1,48,1,80945,524665,6122,101834,4.859989254881619,0.16254455314374006
3763,0.3826,0,11,0,80956,524654,6122,101834,4.859887361517655,0.1625474071330975
3764,0.3827,2,32,2,80988,524622,6124,101832,4.859590944458853,0.16255303661561743
3765,0.3828,1,12,1,81000,524610,6125,101831,4.859479788061803,0.16255481362171378
3766,0.3829,4,30,4,81030,524580,6129,101827,4.859201897069176,0.16255725111628702
3767,0.383,1,21,1,81051,524559,6130,101826,4.859007373374338,0.1625613640173376
3768,0.3831,2,31,2,81082,524528,6132,101824,4.858720219348624,0.16256673563746904
3769,0.3832,4,22,4,81104,524506,6136,101820,4.858516432620697,0.162567097645635
3770,0.3833,3,14,3,81118,524492,6139,101817,4.858386750157472,0.16256672026108518
3771,0.3834,3,17,3,81135,524475,6142,101814,4.858229278594983,0.16256712156847716
3772,0.3835,2,6,2,81141,524469,6144,101812,4.858173700396458,0.16256600471673258
3773,0.3836,3,10,3,81151,524459,6147,101809,4.858081070065582,0.16256458896191406
3774,0.3837,1,10,1,81161,524449,6148,101808,4.857988439734707,0.1625658475673725
3775,0.3838,1,10,1,81171,524439,6149,101807,4.857895809403831,0.1625671062170457
3776,0.3839,2,33,2,81204,524406,6151,101805,4.857590129311942,0.16257299855799404
3777,0.384,4,20,4,81224,524386,6155,101801,4.857404868650191,0.162572841659121
3778,0.3841,3,23,3,81247,524363,6158,101798,4.857191818889177,0.1625748010495703
3779,0.3842,4,19,4,81266,524344,6162,101794,4.8570158212605135,0.16257438456059206
3780,0.3843,3,21,3,81287,524323,6165,101791,4.856821297565675,0.16257582484978775
3781,0.3844,0,18,0,81305,524305,6165,101791,4.856654562970099,0.16258049883723902
3782,0.3845,2,16,2,81321,524289,6167,101789,4.856506354440698,0.16258197860330503
3783,0.3846,5,30,5,81351,524259,6172,101784,4.856228463448072,0.16258308135383673
3784,0.3847,1,16,1,81367,524243,6173,101783,4.856080254918671,0.16258589898822093
3785,0.3848,5,31,5,81398,524212,6178,101778,4.8557931008929565,0.1625872617773447
3786,0.3849,3,24,3,81422,524188,6181,101775,4.855570788098855,0.16258948212594035
3787,0.385,3,18,3,81440,524170,6184,101772,4.855404053503279,0.16259014413476008
3788,0.3851,2,52,2,81492,524118,6186,101770,4.854922375782726,0.16260097653254257
3789,0.3852,4,53,4,81545,524065,6190,101766,4.854431435029086,0.16260939454900764
3790,0.3853,5,30,5,81575,524035,6195,101761,4.85415354403646,0.16261049926813212
3791,0.3854,2,44,2,81619,523991,6197,101759,4.853745970580607,0.16261925689172993
3792,0.3855,0,12,0,81631,523979,6197,101759,4.853634814183557,0.16262237549901076
3793,0.3856,2,35,2,81666,523944,6199,101757,4.853310608025492,0.16262879554291906
3794,0.3857,1,22,1,81688,523922,6200,101756,4.853106821297565,0.16263317553118378
3795,0.3858,3,16,3,81704,523906,6203,101753,4.852958612768165,0.1626333194279951
3796,0.3859,3,33,3,81737,523873,6206,101750,4.852652932676276,0.16263788255866551
3797,0.386,3,96,3,81833,523777,6209,101747,4.85176368149987,0.1626588268395777
3798,0.3861,9,114,9,81947,523663,6218,101738,4.850707695727889,0.16267642680456218
3799,0.3862,3,27,3,81974,523636,6221,101735,4.850457593834525,0.16267943348828134
3800,0.3863,0,36,0,82010,523600,6221,101735,4.850124124643373,0.16268879880384113
3801,0.3864,2,26,2,82036,523574,6223,101733,4.849883285783097,0.16269288525476286
3802,0.3865,4,41,4,82077,523533,6227,101729,4.849503501426507,0.16269819691585288
3803,0.3866,0,13,0,82090,523520,6227,101729,4.849383081996369,0.16270157969065124
3804,0.3867,1,45,1,82135,523475,6228,101728,4.848966245507429,0.16271195115826378
3805,0.3868,8,43,8,82178,523432,6236,101720,4.848567935084664,0.16271242833742833
3806,0.3869,0,25,0,82203,523407,6236,101720,4.848336359257475,0.1627189355123039
3807,0.387,1,14,1,82217,523393,6237,101719,4.848206676794249,0.16272124035372862
3808,0.3871,1,27,1,82244,523366,6238,101718,4.847956574900886,0.1627269295006751
3809,0.3872,2,15,2,82259,523351,6240,101716,4.847817629404572,0.16272815554172593
3810,0.3873,3,44,3,82303,523307,6243,101713,4.847410055948719,0.16273559246104125
3811,0.3874,2,18,2,82321,523289,6245,101711,4.847243321353144,0.1627376
3812,0.3875,2,15,2,82336,523274,6247,101709,4.847104375856831,0.16273882649608068
3813,0.3876,3,37,3,82373,523237,6250,101706,4.846761643632591,0.16274444229313714
3814,0.3877,1,10,1,82383,523227,6251,101705,4.846669013301716,0.16274570673289254
3815,0.3878,1,10,1,82393,523217,6252,101704,4.84657638297084,0.16274697121716186
3816,0.3879,1,17,1,82410,523200,6253,101703,4.846418911408351,0.16275005880912718
3817,0.388,4,27,4,82437,523173,6257,101699,4.846168809514988,0.1627517315546224
3818,0.3881,1,14,1,82451,523159,6258,101698,4.846039127051762,0.16275403812392275
3819,0.3882,3,14,3,82465,523145,6261,101695,4.8459094445885365,0.16275366493822419
3820,0.3883,1,15,1,82480,523130,6262,101694,4.845770499092223,0.16275623215497484
3821,0.3884,4,34,4,82514,523096,6266,101690,4.845455555967246,0.16275972893118604
3822,0.3885,1,21,1,82535,523075,6267,101689,4.845261032272408,0.16276385963339757
3823,0.3886,5,18,5,82553,523057,6272,101684,4.845094297676831,0.16276184851002257
3824,0.3887,1,19,1,82572,523038,6273,101683,4.8449183000481675,0.1627654585006747
3825,0.3888,0,24,0,82596,523014,6273,101683,4.844695987254067,0.1627717117258447
3826,0.3889,1,14,1,82610,523000,6274,101682,4.844566304790841,0.16277401942108144
3827,0.389,3,11,3,82621,522989,6277,101679,4.844464411426878,0.16277286494585924
3828,0.3891,2,51,2,82672,522938,6279,101677,4.843991996739413,0.16278347462036616
3829,0.3892,2,33,2,82705,522905,6281,101675,4.843686316647523,0.1627893944730859
3830,0.3893,4,34,4,82739,522871,6285,101671,4.8433713735225465,0.1627928946331872
3831,0.3894,3,11,3,82750,522860,6288,101668,4.843269480158583,0.1627917403222914
3832,0.3895,2,48,2,82798,522812,6290,101666,4.842824854570381,0.16280157187282818
3833,0.3896,4,27,4,82825,522785,6294,101662,4.842574752677017,0.16280324831410833
3834,0.3897,4,8,4,82833,522777,6298,101658,4.842500648412316,0.16279997117394124
3835,0.3898,3,37,3,82870,522740,6301,101655,4.842157916188077,0.1628055958167506
3836,0.3899,3,13,3,82883,522727,6304,101652,4.842037496757938,0.16280496301124797
3837,0.39,2,16,2,82899,522711,6306,101650,4.841889288228537,0.1628064533178722
3838,0.3901,4,14,4,82913,522697,6310,101646,4.841759605765311,0.16280474034304862
3839,0.3902,3,21,3,82934,522676,6313,101643,4.841565082070473,0.1628061936285777
3840,0.3903,1,12,1,82946,522664,6314,101642,4.841453925673423,0.16280798198319413
3841,0.3904,5,56,5,83002,522608,6319,101637,4.84093519582052,0.16281588158495464
3842,0.3905,0,15,0,83017,522593,6319,101637,4.840796250324206,0.16281979398619098
3843,0.3906,1,25,1,83042,522568,6320,101636,4.840564674497017,0.16282497388674216
3844,0.3907,5,27,5,83069,522541,6325,101631,4.840314572603654,0.16282531097197567
3845,0.3908,1,25,1,83094,522516,6326,101630,4.840082996776465,0.16283049158369997
3846,0.3909,1,10,1,83104,522506,6327,101629,4.839990366445589,0.16283175915467007
3847,0.391,3,40,3,83144,522466,6330,101626,4.839619845122087,0.16283817129525774
3848,0.3911,1,17,1,83161,522449,6331,101625,4.8394623735595985,0.1628412656191413
3849,0.3912,3,14,3,83175,522435,6334,101622,4.839332691096373,0.16284089434138227
3850,0.3913,3,33,3,83208,522402,6337,101619,4.839027011004483,0.16284548116169167
3851,0.3914,2,11,2,83219,522391,6339,101617,4.83892511764052,0.16284566864527378
3852,0.3915,2,26,2,83245,522365,6341,101615,4.838684278780244,0.162849770825988
3853,0.3916,2,25,2,83270,522340,6343,101613,4.838452702953055,0.16285361237144463
3854,0.3917,4,21,4,83291,522319,6347,101609,4.838258179258216,0.16285372671205653
3855,0.3918,8,60,8,83351,522259,6355,101601,4.837702397272963,0.16285865418523388
3856,0.3919,5,29,5,83380,522230,6360,101596,4.837433769313424,0.162859515313565
3857,0.392,2,49,2,83429,522181,6362,101594,4.836979880692134,0.16286962446394934
3858,0.3921,3,34,3,83463,522147,6365,101591,4.836664937567157,0.1628744761422264
3859,0.3922,5,32,5,83495,522115,6370,101586,4.836368520508355,0.16287612173140656
3860,0.3923,0,22,0,83517,522093,6370,101586,4.836164733780429,0.16288186711433286
3861,0.3924,4,14,4,83531,522079,6374,101582,4.836035051317204,0.16288015444287843
3862,0.3925,2,10,2,83541,522069,6376,101580,4.835942420986328,0.16288008158435274
3863,0.3926,11,34,11,83575,522035,6387,101569,4.835627477861351,0.16287419580374726
3864,0.3927,2,51,2,83626,521984,6389,101567,4.835155063173886,0.1628848321949608
3865,0.3928,7,49,7,83675,521935,6396,101560,4.834701174552595,0.1628882348695659
3866,0.3929,4,28,4,83703,521907,6400,101556,4.834441809626144,0.16289017952949894
3867,0.393,5,65,5,83768,521842,6405,101551,4.833839712475453,0.16290044963610434
3868,0.3931,0,14,0,83782,521828,6405,101551,4.833710030012227,0.16290410809475456
3869,0.3932,7,61,7,83843,521767,6412,101544,4.833144984993886,0.162910649739857
3870,0.3933,3,63,3,83906,521704,6415,101541,4.832561413909371,0.1629230880311916
3871,0.3934,5,39,5,83945,521665,6420,101536,4.832200155618956,0.1629265678328501
3872,0.3935,0,17,0,83962,521648,6420,101536,4.832042684056468,0.16293101234948265
3873,0.3936,3,11,3,83973,521637,6423,101533,4.831940790692505,0.1629298586260571
3874,0.3937,2,11,2,83984,521626,6425,101531,4.8318388973285415,0.1629300481259137
3875,0.3938,4,21,4,84005,521605,6429,101527,4.8316443736337025,0.16293016567918195
3876,0.3939,1,17,1,84022,521588,6430,101526,4.831486902071214,0.1629332674277901
3877,0.394,6,48,6,84070,521540,6436,101520,4.831042276483012,0.16293775880332553
3878,0.3941,3,14,3,84084,521526,6439,101517,4.830912594019786,0.16293738955417203
3879,0.3942,2,48,2,84132,521478,6441,101515,4.830467968431583,0.16294725622920322
3880,0.3943,2,16,2,84148,521462,6443,101513,4.830319759902182,0.1629487539628396
3881,0.3944,4,43,4,84191,521419,6447,101509,4.829921449479418,0.16295462718002723
3882,0.3945,1,24,1,84215,521395,6448,101508,4.829699136685316,0.16295956192216124
3883,0.3946,6,18,6,84233,521377,6454,101502,4.8295324020897406,0.16295620818810716
3884,0.3947,3,20,3,84253,521357,6457,101499,4.82934714142799,0.1629574090961635
3885,0.3948,4,17,4,84270,521340,6461,101495,4.8291896698655,0.16295648125105364
3886,0.3949,0,35,0,84305,521305,6461,101495,4.828865463707436,0.16296563904945408
3887,0.395,1,13,1,84318,521292,6462,101494,4.828745044277298,0.16296769676903464
3888,0.3951,1,8,1,84326,521284,6463,101493,4.828670940012597,0.1629684461693351
3889,0.3952,5,38,5,84364,521246,6468,101488,4.828318944755271,0.16297167008706767
3890,0.3953,7,38,7,84402,521208,6475,101481,4.827966949497943,0.16297220602901288
3891,0.3954,6,30,6,84432,521178,6481,101475,4.827689058505317,0.16297199242595795
3892,0.3955,2,27,2,84459,521151,6483,101473,4.827438956611953,0.16297637097188672
3893,0.3956,4,21,4,84480,521130,6487,101469,4.827244432917114,0.16297649048585044
3894,0.3957,0,24,0,84504,521106,6487,101469,4.827022120123013,0.16298277315986026
3895,0.3958,2,61,2,84565,521045,6489,101467,4.826457075104672,0.16299605469452796
3896,0.3959,1,23,1,84588,521022,6490,101466,4.826244025343659,0.16300073254424183
3897,0.396,4,40,4,84628,520982,6494,101462,4.825873504020157,0.16300582863679303
3898,0.3961,4,28,4,84656,520954,6498,101458,4.825614139093704,0.16300778262629897
3899,0.3962,1,43,1,84699,520911,6499,101457,4.82521582867094,0.1630177001388246
3900,0.3963,6,39,6,84738,520872,6505,101451,4.824854570380525,0.16301984660698704
3901,0.3964,5,15,5,84753,520857,6510,101446,4.824715624884212,0.1630170511792487
3902,0.3965,2,17,2,84770,520840,6512,101444,4.824558153321724,0.16301881456055434
3903,0.3966,4,34,4,84804,520806,6516,101440,4.824243210196747,0.16302234164622995
3904,0.3967,0,10,0,84814,520796,6516,101440,4.824150579865871,0.1630249615901362
3905,0.3968,1,26,1,84840,520770,6517,101439,4.823909741005595,0.16303042868232379
3906,0.3969,2,15,2,84855,520755,6519,101437,4.823770795509281,0.16303166868105023
3907,0.397,1,17,1,84872,520738,6520,101436,4.823613323946793,0.16303477805244193
3908,0.3971,4,20,4,84892,520718,6524,101432,4.823428063285042,0.16303463794904766
3909,0.3972,2,26,2,84918,520692,6526,101430,4.823187224424766,0.16303876088612845
3910,0.3973,5,28,5,84946,520664,6531,101425,4.822927859498314,0.16303937217986494
3911,0.3974,2,38,2,84984,520626,6533,101423,4.822575864240987,0.16304664102024116
3912,0.3975,1,21,1,85005,520605,6534,101422,4.822381340546149,0.16305080004565717
3913,0.3976,0,19,0,85024,520586,6534,101422,4.822205342917485,0.16305578063304652
3914,0.3977,2,29,2,85053,520557,6536,101420,4.821936714957946,0.1630606919548472
3915,0.3978,0,12,0,85065,520545,6536,101420,4.821825558560895,0.16306383799731497
3916,0.3979,0,26,0,85091,520519,6536,101420,4.821584719700619,0.16307065483914018
3917,0.398,3,28,3,85119,520491,6539,101417,4.821325354774167,0.1630739594924008
3918,0.3981,2,17,2,85136,520474,6541,101415,4.821167883211679,0.1630757257324056
3919,0.3982,1,16,1,85152,520458,6542,101414,4.821019674682278,0.16307857565544034
3920,0.3983,2,14,2,85166,520444,6544,101412,4.820889992219052,0.16307955539546132
3921,0.3984,3,39,3,85205,520405,6547,101409,4.820528733928637,0.16308574589829114
3922,0.3985,1,34,1,85239,520371,6548,101408,4.820213790803661,0.1630933177222132
3923,0.3986,7,17,7,85256,520354,6555,101401,4.820056319241172,0.16308835473779865
3924,0.3987,2,13,2,85269,520341,6557,101399,4.819935899811034,0.16308907260269567
3925,0.3988,1,17,1,85286,520324,6558,101398,4.819778428248545,0.16309218589659044
3926,0.3989,3,15,3,85301,520309,6561,101395,4.819639482752232,0.1630920824057751
3927,0.399,5,36,5,85337,520273,6566,101390,4.81930601356108,0.16309479573337965
3928,0.3991,3,48,3,85385,520225,6569,101387,4.818861387972878,0.16310335064316647
3929,0.3992,4,24,4,85409,520201,6573,101383,4.818639075178776,0.16310426265798347
3930,0.3993,6,27,6,85436,520174,6579,101377,4.818388973285413,0.16310326908009157
3931,0.3994,3,13,3,85449,520161,6582,101374,4.818268553855274,0.1631026410419365
3932,0.3995,5,46,5,85495,520115,6587,101369,4.817842454333247,0.1631079802537153
3933,0.3996,5,18,5,85513,520097,6592,101364,4.817675719737671,0.16310597125161513
3934,0.3997,1,27,1,85540,520070,6593,101363,4.817425617844307,0.16311171115792047
3935,0.3998,2,27,2,85567,520043,6595,101361,4.817175515950943,0.16311610482069636
3936,0.3999,2,24,2,85591,520019,6597,101359,4.816953203156841,0.1631197113512226
3937,0.4,2,20,2,85611,519999,6599,101357,4.81676794249509,0.16312226807176564
3938,0.4001,2,14,2,85625,519985,6601,101355,4.816638260031865,0.16312324975053916
3939,0.4002,3,13,3,85638,519972,6604,101352,4.816517840601727,0.1631226220136354
3940,0.4003,9,48,9,85686,519924,6613,101343,4.816073215013524,0.16312310166160443
3941,0.4004,2,24,2,85710,519900,6615,101341,4.815850902219423,0.1631267092802954
3942,0.4005,2,21,2,85731,519879,6617,101339,4.815656378524584,0.16312952940835584
3943,0.4006,1,12,1,85743,519867,6618,101338,4.815545222127533,0.16313133345674938
3944,0.4007,3,29,3,85772,519838,6621,101335,4.815276594167995,0.16313490766662428
3945,0.4008,0,23,0,85795,519815,6621,101335,4.81506354440698,0.16314094824116557
3946,0.4009,4,12,4,85807,519803,6625,101331,4.81495238800993,0.16313871080958375
3947,0.401,1,12,1,85819,519791,6626,101330,4.8148412316128795,0.16314051529412144
3948,0.4011,3,18,3,85837,519773,6629,101327,4.814674497017303,0.16314120109483174
3949,0.4012,1,32,1,85869,519741,6630,101326,4.814378079958502,0.1631482593665418
3950,0.4013,1,14,1,85883,519727,6631,101325,4.814248397495276,0.16315058964466744
3951,0.4014,5,34,5,85917,519693,6636,101320,4.813933454370299,0.16315278424123167
3952,0.4015,1,32,1,85949,519661,6637,101319,4.813637037311497,0.16315984411736287
3953,0.4016,3,23,3,85972,519638,6640,101316,4.813423987550483,0.16316184451666307
3954,0.4017,6,46,6,86018,519592,6646,101310,4.812997888028456,0.16316584581785853
3955,0.4018,3,10,3,86028,519582,6649,101307,4.81290525769758,0.16316443035711697
3956,0.4019,6,57,6,86085,519525,6655,101301,4.81237726481159,0.16317132336596726
3957,0.402,1,24,1,86109,519501,6656,101300,4.812154952017488,0.1631762835433577
3958,0.4021,2,25,2,86134,519476,6658,101298,4.8119233761902995,0.16318015896284316
3959,0.4022,3,22,3,86156,519454,6661,101295,4.811719589462373,0.16318189799741925
3960,0.4023,0,5,0,86161,519449,6661,101295,4.811673274296936,0.1631832124031807
3961,0.4024,1,26,1,86187,519423,6662,101294,4.811432435436659,0.16318869952007115
3962,0.4025,3,23,3,86210,519400,6665,101291,4.8112193856756456,0.16319070197570126
3963,0.4026,2,24,2,86234,519376,6667,101289,4.810997072881545,0.16319431577420992
3964,0.4027,2,30,2,86264,519346,6669,101287,4.810719181888918,0.16319950759949922
3965,0.4028,0,15,0,86279,519331,6669,101287,4.810580236392604,0.16320345204296363
3966,0.4029,2,38,2,86317,519293,6671,101285,4.8102282411352775,0.1632107486891253
3967,0.403,3,10,3,86327,519283,6674,101282,4.8101356108044016,0.16320933343001942
3968,0.4031,6,119,6,86446,519164,6680,101276,4.809033309866983,0.16323254464573528
3969,0.4032,0,32,0,86478,519132,6680,101276,4.808736892808181,0.16324096401078
3970,0.4033,2,21,2,86499,519111,6682,101274,4.808542369113343,0.16324379216131918
3971,0.4034,4,47,4,86546,519064,6686,101270,4.808107006558227,0.16325076491051596
3972,0.4035,0,10,0,86556,519054,6686,101270,4.8080143762273515,0.16325339661209304
3973,0.4036,1,39,1,86595,519015,6687,101269,4.807653117936937,0.16326231210219835
3974,0.4037,0,48,0,86643,518967,6687,101269,4.807208492348734,0.16327494695567493
3975,0.4038,0,14,0,86657,518953,6687,101269,4.807078809885509,0.16327863248965693
3976,0.4039,2,14,2,86671,518939,6689,101267,4.806949127422283,0.16327961999722673
3977,0.404,5,17,5,86688,518922,6694,101262,4.8067916558597945,0.16327734994775744
3978,0.4041,2,21,2,86709,518901,6696,101260,4.806597132164956,0.16328018046926523
3979,0.4042,3,24,3,86733,518877,6699,101257,4.806374819370855,0.16328245185717927
3980,0.4043,5,42,5,86775,518835,6704,101252,4.805985771981177,0.16328676459916108
3981,0.4044,0,38,0,86813,518797,6704,101252,4.805633776723851,0.16329677170675222
3982,0.4045,2,47,2,86860,518750,6706,101250,4.805198414168736,0.16330645161290322
3983,0.4046,4,42,4,86902,518708,6710,101246,4.804809366779058,0.163312116705433
3984,0.4047,2,60,2,86962,518648,6712,101244,4.804253584793805,0.1633252243939267
3985,0.4048,4,40,4,87002,518608,6716,101240,4.803883063470303,0.163330364863644
3986,0.4049,2,45,2,87047,518563,6718,101238,4.803466226981363,0.16333952349221767
3987,0.405,3,46,3,87093,518517,6721,101235,4.803040127459336,0.16334759710335747
3988,0.4051,2,27,2,87120,518490,6723,101233,4.8027900255659715,0.16335201372225977
3989,0.4052,2,14,2,87134,518476,6725,101231,4.802660343102746,0.16335300391959426
3990,0.4053,2,32,2,87166,518444,6727,101229,4.8023639260439435,0.16335873920600058
3991,0.4054,6,23,6,87189,518421,6733,101223,4.80215087628293,0.1633567015899452
3992,0.4055,2,5,2,87194,518416,6735,101221,4.802104561117492,0.16335531932405586
3993,0.4056,0,21,0,87215,518395,6735,101221,4.801910037422654,0.16336085575582296
3994,0.4057,1,16,1,87231,518379,6736,101220,4.801761828893253,0.16336372395694634
3995,0.4058,2,20,2,87251,518359,6738,101218,4.801576568231502,0.16336629668305958
3996,0.4059,3,30,3,87281,518329,6741,101215,4.801298677238875,0.16337015611481992
3997,0.406,0,50,0,87331,518279,6741,101215,4.800835525584497,0.1633833418887027
3998,0.4061,1,12,1,87343,518267,6742,101214,4.800724369187447,0.16338515628405068
3999,0.4062,2,32,2,87375,518235,6744,101212,4.800427952128645,0.163390895427696
4000,0.4063,3,54,3,87429,518181,6747,101209,4.799927748341917,0.1634010881673905
4001,0.4064,1,31,1,87460,518150,6748,101208,4.799640594316203,0.1634079159387624
4002,0.4065,1,25,1,87485,518125,6749,101207,4.799409018489014,0.16341316127698877
4003,0.4066,7,26,7,87511,518099,6756,101200,4.7991681796287375,0.1634105658171578
4004,0.4067,2,16,2,87527,518083,6758,101198,4.799019971099336,0.16341208595128867
4005,0.4068,2,15,2,87542,518068,6760,101196,4.798881025603023,0.16341334229020257
4006,0.4069,3,39,3,87581,518029,6763,101193,4.798519767312609,0.16341958134562404
4007,0.407,1,21,1,87602,518008,6764,101192,4.798325243617771,0.16342377260981913
4008,0.4071,3,34,3,87636,517974,6767,101189,4.798010300492793,0.16342869325201925
4009,0.4072,2,23,2,87659,517951,6769,101187,4.797797250731779,0.16343206199587168
4010,0.4073,3,47,3,87706,517904,6772,101184,4.797361888176664,0.16344041557904532
4011,0.4074,1,12,1,87718,517892,6773,101183,4.797250731779614,0.16344223236279934
4012,0.4075,2,35,2,87753,517857,6775,101181,4.79692652562155,0.16344877051166487
4013,0.4076,1,27,1,87780,517830,6776,101180,4.796676423728186,0.16345454839178689
4014,0.4077,1,18,1,87798,517812,6777,101179,4.79650968913261,0.16345795011559133
4015,0.4078,4,36,4,87834,517776,6781,101175,4.796176219941458,0.16346205111551643
4016,0.4079,0,9,0,87843,517767,6781,101175,4.796092852643669,0.16346442800779395
4017,0.408,2,25,2,87868,517742,6783,101173,4.795861276816481,0.1634683276378824
4018,0.4081,2,33,2,87901,517709,6785,101171,4.795555596724592,0.16347434074457085
4019,0.4082,4,20,4,87921,517689,6789,101167,4.795370336062841,0.16347421694222888
4020,0.4083,1,13,1,87934,517676,6790,101166,4.795249916632702,0.16347629928156138
4021,0.4084,4,31,4,87965,517645,6794,101162,4.794962762606988,0.16347908152299506
4022,0.4085,2,17,2,87982,517628,6796,101160,4.7948052910445,0.16348086905369852
4023,0.4086,2,24,2,88006,517604,6798,101158,4.794582978250398,0.16348450615907248
4024,0.4087,5,26,5,88032,517578,6803,101153,4.794342139390122,0.16348461609326184
4025,0.4088,2,48,2,88080,517530,6805,101151,4.7938975138019195,0.16349459576098183
4026,0.4089,2,32,2,88112,517498,6807,101149,4.793601096743117,0.1635003483408147
4027,0.409,0,13,0,88125,517485,6807,101149,4.79348067731298,0.16350378414377484
4028,0.4091,1,25,1,88150,517460,6808,101148,4.793249101485791,0.16350903965031166
4029,0.4092,7,36,7,88186,517424,6815,101141,4.792915632294639,0.16350908958638138
4030,0.4093,2,9,2,88195,517415,6817,101139,4.792832264996851,0.1635087639882694
4031,0.4094,6,23,6,88218,517392,6823,101133,4.7926192152358364,0.16350672971989816
4032,0.4095,2,11,2,88229,517381,6825,101131,4.792517321871873,0.16350693276767467
4033,0.4096,3,29,3,88258,517352,6828,101128,4.7922486939123345,0.16351054197387144
4034,0.4097,2,85,2,88343,517267,6830,101126,4.791461336099893,0.1635303116303063
4035,0.4098,3,39,3,88382,517228,6833,101123,4.791100077809478,0.16353656741882847
4036,0.4099,2,22,2,88404,517206,6835,101121,4.790896291081552,0.16353968046033895
4037,0.41,1,13,1,88417,517193,6836,101120,4.790775871651413,0.16354176606346624
4038,0.4101,2,26,2,88443,517167,6838,101118,4.790535032791137,0.16354593755307018
4039,0.4102,1,21,1,88464,517146,6839,101117,4.790340509096298,0.16355013966548215
4040,0.4103,3,44,3,88508,517102,6842,101114,4.789932935640446,0.1635577209260194
4041,0.4104,1,15,1,88523,517087,6843,101113,4.789793990144132,0.16356033646069235
4042,0.4105,4,31,4,88554,517056,6847,101109,4.789506836118418,0.16356312634976097
4043,0.4106,4,18,4,88572,517038,6851,101105,4.789340101522843,0.16356247664375395
4044,0.4107,2,50,2,88622,516988,6853,101103,4.788876949868465,0.16357300138652722
4045,0.4108,0,26,0,88648,516962,6853,101103,4.788636111008189,0.16357988237483112
4046,0.4109,2,49,2,88697,516913,6855,101101,4.788182222386898,0.1635901452070665
4047,0.411,2,28,2,88725,516885,6857,101099,4.787922857460447,0.1635948503521127
4048,0.4111,5,28,5,88753,516857,6862,101094,4.787663492533995,0.16359549543572224
4049,0.4112,0,17,0,88770,516840,6862,101094,4.787506020971507,0.16359999611609008
4050,0.4113,5,37,5,88807,516803,6867,101089,4.7871632887472675,0.16360302447676942
4051,0.4114,2,25,2,88832,516778,6869,101087,4.786931712920079,0.1636069367903992
4052,0.4115,4,26,4,88858,516752,6873,101083,4.786690874059802,0.16360840677527172
4053,0.4116,0,32,0,88890,516720,6873,101083,4.786394457001,0.16361688110935038
4054,0.4117,3,23,3,88913,516697,6876,101080,4.786181407239987,0.1636189110310031
4055,0.4118,4,21,4,88934,516676,6880,101076,4.7859868835451485,0.16361905748585193
4056,0.4119,2,21,2,88955,516655,6882,101074,4.785792359850309,0.1636219118739771
4057,0.412,2,37,2,88992,516618,6884,101072,4.78544962762607,0.16362900484061585
4058,0.4121,3,27,3,89019,516591,6887,101069,4.785199525732706,0.16363209532752648
4059,0.4122,0,18,0,89037,516573,6887,101069,4.78503279113713,0.1636368640733629
4060,0.4123,3,36,3,89073,516537,6890,101066,4.784699321945978,0.1636423398202405
4061,0.4124,1,41,1,89114,516496,6891,101065,4.784319537589388,0.16365184977678318
4062,0.4125,4,18,4,89132,516478,6895,101061,4.7841528029938125,0.16365120259611135
4063,0.4126,4,19,4,89151,516459,6899,101057,4.783976805365149,0.1636508203836014
4064,0.4127,2,12,2,89163,516447,6901,101055,4.783865648968098,0.16365129181767832
4065,0.4128,4,41,4,89204,516406,6905,101051,4.783485864611508,0.1636567404693768
4066,0.4129,2,22,2,89226,516384,6907,101049,4.783282077883582,0.16365986268955499
4067,0.413,2,15,2,89241,516369,6909,101047,4.783143132387269,0.1636611296111536
4068,0.4131,4,27,4,89268,516342,6913,101043,4.782893030493905,0.16366286838844482
4069,0.4132,0,34,0,89302,516308,6913,101043,4.782578087368928,0.16367188196018148
4070,0.4133,1,14,1,89316,516294,6914,101042,4.782448404905702,0.16367423898816852
4071,0.4134,9,35,9,89351,516259,6923,101033,4.7821241987476375,0.16367132572591253
4072,0.4135,4,59,4,89410,516200,6927,101029,4.781577679795472,0.16368155093166395
4073,0.4136,1,34,1,89444,516166,6928,101028,4.781262736670495,0.16368921279208806
4074,0.4137,3,20,3,89464,516146,6931,101025,4.781077476008744,0.1636904520789214
4075,0.4138,1,20,1,89484,516126,6932,101024,4.780892215346993,0.1636944016851657
4076,0.4139,6,19,6,89503,516107,6938,101018,4.7807162177183296,0.16369131051245694
4077,0.414,3,67,3,89570,516040,6941,101015,4.780095594501463,0.16370501819124714
4078,0.4141,4,24,4,89594,516016,6945,101011,4.779873281707363,0.16370596424467648
4079,0.4142,2,38,2,89632,515978,6947,101009,4.779521286450035,0.16371333593738605
4080,0.4143,1,16,1,89648,515962,6948,101008,4.779373077920634,0.16371622607258052
4081,0.4144,5,71,5,89719,515891,6953,101003,4.778715402571418,0.163728290435634
4082,0.4145,4,30,4,89749,515861,6957,100999,4.778437511578791,0.16373083033427357
4083,0.4146,4,82,4,89831,515779,6961,100995,4.777677942865612,0.16374717481605905
4084,0.4147,1,14,1,89845,515765,6962,100994,4.777548260402386,0.16374953588030333
4085,0.4148,2,19,2,89864,515746,6964,100992,4.7773722627737225,0.16375186870275546
4086,0.4149,2,33,2,89897,515713,6966,100990,4.777066582681833,0.16375791912800813
4087,0.415,5,27,5,89924,515686,6971,100985,4.77681648078847,0.16375830872539815
4088,0.4151,0,16,0,89940,515670,6971,100985,4.7766682722590685,0.16376255767000997
4089,0.4152,1,23,1,89963,515647,6972,100984,4.776455222498055,0.16376730978494433
4090,0.4153,3,19,3,89982,515628,6975,100981,4.776279224869391,0.16376828752094114
4091,0.4154,0,17,0,89999,515611,6975,100981,4.776121753306903,0.16377280276098294
4092,0.4155,1,31,1,90030,515580,6976,100980,4.775834599281189,0.16377968080965355
4093,0.4156,3,55,3,90085,515525,6979,100977,4.775325132461373,0.1637902229027643
4094,0.4157,6,49,6,90134,515476,6985,100971,4.774871243840083,0.1637951032286636
4095,0.4158,1,9,1,90143,515467,6986,100970,4.774787876542295,0.16379613812928165
4096,0.4159,2,14,2,90157,515453,6988,100968,4.774658194079069,0.16379714513295296
4097,0.416,1,43,1,90200,515410,6989,100967,4.774259883656304,0.16380721538928286
4098,0.4161,5,23,5,90223,515387,6994,100962,4.774046833895291,0.16380654466868608
4099,0.4162,3,37,3,90260,515350,6997,100959,4.7737041016710515,0.1638123084361903
4100,0.4163,3,7,3,90267,515343,7000,100956,4.773639260439438,0.16381009866963925
4101,0.4164,2,41,2,90308,515302,7002,100954,4.773259476082848,0.16381828331083187
4102,0.4165,6,34,6,90342,515268,7008,100948,4.7729445329578715,0.16381918028743167
4103,0.4166,1,5,1,90347,515263,7009,100947,4.772898217792434,0.1638191525616267
4104,0.4167,1,6,1,90353,515257,7010,100946,4.772842639593908,0.16381939068780904
4105,0.4168,3,39,3,90392,515218,7013,100943,4.772481381303494,0.16382568841585235
4106,0.4169,3,25,3,90417,515193,7016,100940,4.772249805476305,0.16382826435201492
4107,0.417,3,30,3,90447,515163,7019,100937,4.771971914483679,0.16383217010225612
4108,0.4171,0,27,0,90474,515136,7019,100937,4.7717218125903145,0.16383935020687485
4109,0.4172,2,15,2,90489,515121,7021,100935,4.7715828670940015,0.16384062487825782
4110,0.4173,3,38,3,90527,515083,7024,100932,4.771230871836674,0.1638466595780947
4111,0.4174,4,25,4,90552,515058,7028,100928,4.770999296009485,0.16384787965960265
4112,0.4175,1,25,1,90577,515033,7029,100927,4.770767720182296,0.16385317228391455
4113,0.4176,1,22,1,90599,515011,7030,100926,4.77056393345437,0.16385766726142445
4114,0.4177,2,19,2,90618,514992,7032,100924,4.770387935825707,0.1638600068840556
4115,0.4178,4,22,4,90640,514970,7036,100920,4.770184149097781,0.1638604296221728
4116,0.4179,0,9,0,90649,514961,7036,100920,4.770100781799993,0.16386282414947043
4117,0.418,1,9,1,90658,514952,7037,100919,4.770017414502204,0.16386386110078247
4118,0.4181,2,18,2,90676,514934,7039,100917,4.769850679906629,0.16386593510443273
4119,0.4182,2,43,2,90719,514891,7041,100915,4.769452369483864,0.16387466182531513
4120,0.4183,4,33,4,90752,514858,7045,100911,4.769146689391975,0.16387801269631957
4121,0.4184,2,18,2,90770,514840,7047,100909,4.768979954796398,0.16388008750318717
4122,0.4185,3,27,3,90797,514813,7050,100906,4.768729852903035,0.16388319996621836
4123,0.4186,2,19,2,90816,514794,7052,100904,4.768553855274371,0.16388554128809904
4124,0.4187,2,10,2,90826,514784,7054,100902,4.768461224943495,0.16388548708270126
4125,0.4188,4,28,4,90854,514756,7058,100898,4.768201860017044,0.1638875082432665
4126,0.4189,0,29,0,90883,514727,7058,100898,4.767933232057505,0.16389522842639595
4127,0.419,5,18,5,90901,514709,7063,100893,4.767766497461929,0.1638932297166026
4128,0.4191,1,22,1,90923,514687,7064,100892,4.767562710734003,0.16389772880491374
4129,0.4192,3,13,3,90936,514674,7067,100889,4.7674422913038645,0.16389711532369555
4130,0.4193,2,39,2,90975,514635,7069,100887,4.76708103301345,0.16390478325713784
4131,0.4194,3,37,3,91012,514598,7072,100884,4.766738300789211,0.16391056115369743
4132,0.4195,1,14,1,91026,514584,7073,100883,4.766608618325985,0.16391293115634145
4133,0.4196,1,14,1,91040,514570,7074,100882,4.766478935862759,0.16391530127451043
4134,0.4197,6,27,6,91067,514543,7080,100876,4.766228833969395,0.16391434128618063
4135,0.4198,0,8,0,91075,514535,7080,100876,4.766154729704694,0.1639164720812595
4136,0.4199,2,12,2,91087,514523,7082,100874,4.766043573307644,0.16391695117135768
4137,0.42,2,38,2,91125,514485,7084,100872,4.765691578050316,0.16392435610548023
4138,0.4201,2,25,2,91150,514460,7086,100870,4.765460002223128,0.163928298636504
4139,0.4202,0,30,0,91180,514430,7086,100870,4.7651821112305015,0.1639362912400455
4140,0.4203,1,15,1,91195,514415,7087,100869,4.765043165734188,0.16393892901489393
4141,0.4204,4,28,4,91223,514387,7091,100865,4.764783800807736,0.1639409542756464
4142,0.4205,7,36,7,91259,514351,7098,100858,4.764450331616585,0.16394103467276974
4143,0.4206,0,24,0,91283,514327,7098,100858,4.764228018822483,0.16394743044775148
4144,0.4207,3,20,3,91303,514307,7101,100855,4.764042758160732,0.16394868343623306
4145,0.4208,5,29,5,91332,514278,7106,100850,4.763774130201193,0.16394961699028496
4146,0.4209,2,14,2,91346,514264,7108,100848,4.763644447737967,0.1639506301291472
4147,0.421,3,17,3,91363,514247,7111,100845,4.763486976175479,0.16395108374031853
4148,0.4211,2,29,2,91392,514218,7113,100843,4.76321834821594,0.1639560954116746
4149,0.4212,6,30,6,91422,514188,7119,100837,4.762940457223313,0.1639559367505386
4150,0.4213,5,29,5,91451,514159,7124,100832,4.762671829263774,0.1639568709135581
4151,0.4214,4,14,4,91465,514145,7128,100828,4.762542146800548,0.16395516551133138
4152,0.4215,8,81,8,91546,514064,7136,100820,4.7617918411204565,0.16396588624846312
4153,0.4216,1,18,1,91564,514046,7137,100819,4.761625106524881,0.163969326600148
4154,0.4217,2,28,2,91592,514018,7139,100817,4.761365741598429,0.16397407434514952
4155,0.4218,7,38,7,91630,513980,7146,100810,4.761013746341102,0.16397469054473884
4156,0.4219,5,74,5,91704,513906,7151,100805,4.760328281892623,0.16398762995944435
4157,0.422,2,26,2,91730,513880,7153,100803,4.760087443032346,0.16399184620365295
4158,0.4221,0,11,0,91741,513869,7153,100803,4.759985549668383,0.16399478095634745
4159,0.4222,1,23,1,91764,513846,7154,100802,4.75977249990737,0.16399955747029193
4160,0.4223,4,27,4,91791,513819,7158,100798,4.759522398014005,0.16400132114796695
4161,0.4224,0,17,0,91808,513802,7158,100798,4.759364926451517,0.16400585746827204
4162,0.4225,1,22,1,91830,513780,7159,100797,4.759161139723591,0.16401036810684422
4163,0.4226,6,57,6,91887,513723,7165,100791,4.7586331468376,0.16401741864302521
4164,0.4227,9,58,9,91945,513665,7174,100782,4.758095890918522,0.16402065597195528
4165,0.4228,2,20,2,91965,513645,7176,100780,4.757910630256771,0.16402327379257028
4166,0.4229,2,10,2,91975,513635,7178,100778,4.757817999925896,0.1640232221648956
4167,0.423,3,18,3,91993,513617,7181,100775,4.75765126533032,0.16402394562429198
4168,0.4231,4,15,4,92008,513602,7185,100771,4.757512319834007,0.16402250749951577
4169,0.4232,0,13,0,92021,513589,7185,100771,4.757391900403868,0.16402597825379256
4170,0.4233,2,33,2,92054,513556,7187,100769,4.757086220311979,0.16403206771659953
4171,0.4234,2,26,2,92080,513530,7189,100767,4.756845381451702,0.1640362886356274
4172,0.4235,4,35,4,92115,513495,7193,100763,4.7565211752936385,0.16404019158073643
4173,0.4236,2,30,2,92145,513465,7195,100761,4.756243284301012,0.1640454816305399
4174,0.4237,1,41,1,92186,513424,7196,100760,4.755863499944422,0.164055071444388
4175,0.4238,1,24,1,92210,513400,7197,100759,4.755641187150321,0.16406012123896255
4176,0.4239,2,19,2,92229,513381,7199,100757,4.755465189521657,0.16406247455783554
4177,0.424,2,24,2,92253,513357,7201,100755,4.755242876727555,0.16406616382679381
4178,0.4241,1,44,1,92297,513313,7202,100754,4.754835303271704,0.1640765584211495
4179,0.4242,7,81,7,92378,513232,7209,100747,4.754084997591612,0.16408867404259755
4180,0.4243,3,22,3,92400,513210,7212,100744,4.753881210863685,0.1640904693185483
4181,0.4244,8,35,8,92435,513175,7220,100736,4.753557004705621,0.1640889314574914
4182,0.4245,0,26,0,92461,513149,7220,100736,4.753316165845344,0.16409588115037832
4183,0.4246,10,19,10,92480,513130,7230,100726,4.753140168216681,0.16408734295991242
4184,0.4247,2,15,2,92495,513115,7232,100724,4.753001222720368,0.164088629103071
4185,0.4248,3,20,3,92515,513095,7235,100721,4.752815962058617,0.1640898901299412
4186,0.4249,2,23,2,92538,513072,7237,100719,4.752602912297602,0.16409331515124856
4187,0.425,3,24,3,92562,513048,7240,100716,4.752380599503502,0.16409564588343403
4188,0.4251,2,16,2,92578,513032,7242,100714,4.7522323909741,0.16409719981881757
4189,0.4252,2,37,2,92615,512995,7244,100712,4.751889658749861,0.16410436902300282
4190,0.4253,10,78,10,92693,512917,7254,100702,4.751167142169032,0.1641116067136122
4191,0.4254,0,33,0,92726,512884,7254,100702,4.750861462077142,0.16412043299553772
4192,0.4255,0,34,0,92760,512850,7254,100702,4.750546518952166,0.16412952773359063
4193,0.4256,4,46,4,92806,512804,7258,100698,4.7501204194301385,0.16413638423346624
4194,0.4257,4,66,4,92872,512738,7262,100694,4.74950905924636,0.16414859348713468
4195,0.4258,4,48,4,92920,512690,7266,100690,4.749064433658157,0.16415598813133783
4196,0.4259,1,26,1,92946,512664,7267,100689,4.748823594797881,0.16416158394921032
4197,0.426,2,20,2,92966,512644,7269,100687,4.748638334136129,0.16416421149428287
4198,0.4261,6,47,6,93013,512597,7275,100681,4.748202971581015,0.16416861521202455
4199,0.4262,3,30,3,93043,512567,7278,100678,4.747925080588388,0.16417255746072124
4200,0.4263,0,32,0,93075,512535,7278,100678,4.747628663529587,0.16418112466630683
4201,0.4264,4,30,4,93105,512505,7282,100674,4.74735077253696,0.1641837049214014
4202,0.4265,6,64,6,93169,512441,7288,100668,4.746757938419356,0.16419266394719373
4203,0.4266,4,59,4,93228,512382,7292,100664,4.7462114194671905,0.16420301249824645
4204,0.4267,3,24,3,93252,512358,7295,100661,4.745989106673089,0.16420535089450736
4205,0.4268,8,34,8,93286,512324,7303,100653,4.745674163548112,0.16420355086732455
4206,0.4269,3,18,3,93304,512306,7306,100650,4.7455074289525365,0.16420428219970112
4207,0.427,4,24,4,93328,512282,7310,100646,4.745285116158435,0.16420525738749087
4208,0.4271,4,34,4,93362,512248,7314,100642,4.744970173033458,0.16420891187651945
4209,0.4272,11,29,11,93391,512219,7325,100631,4.744701545073919,0.1642016806722689
4210,0.4273,0,18,0,93409,512201,7325,100631,4.744534810478343,0.16420650357683672
4211,0.4274,3,47,3,93456,512154,7328,100628,4.744099447923228,0.16421500631545966
4212,0.4275,4,69,4,93525,512085,7332,100624,4.743460298640187,0.16422804300246935
4213,0.4276,6,25,6,93550,512060,7338,100618,4.743228722812998,0.16422655946516768
4214,0.4277,4,22,4,93572,512038,7342,100614,4.743024936085072,0.164226999993471
4215,0.4278,1,23,1,93595,512015,7343,100613,4.742811886324058,0.16423180135416598
4216,0.4279,4,83,4,93678,511932,7347,100609,4.742043054577791,0.1642485972367564
4217,0.428,6,56,6,93734,511876,7353,100603,4.741524324724888,0.16425542753302563
4218,0.4281,1,19,1,93753,511857,7354,100602,4.741348327096224,0.1642591585722473
4219,0.4282,4,50,4,93803,511807,7358,100598,4.740885175441846,0.16426711081718798
4220,0.4283,2,15,2,93818,511792,7360,100596,4.740746229945533,0.16426840499813844
4221,0.4284,4,18,4,93836,511774,7364,100592,4.740579495349958,0.1642677745008704
4222,0.4285,5,30,5,93866,511744,7369,100587,4.740301604357331,0.1642689983032053
4223,0.4286,5,22,5,93888,511722,7374,100582,4.740097817629405,0.16426807598839793
4224,0.4287,4,17,4,93905,511705,7378,100578,4.739940346066916,0.16426717710601144
4225,0.4288,2,34,2,93939,511671,7380,100576,4.73962540294194,0.16427356932741197
4226,0.4289,1,29,1,93968,511642,7381,100575,4.7393567749824,0.164279985691348
4227,0.429,2,31,2,93999,511611,7383,100573,4.739069620956686,0.16428557427178755
4228,0.4291,3,42,3,94041,511569,7386,100570,4.738680573567009,0.1642927505027453
4229,0.4292,2,15,2,94056,511554,7388,100568,4.738541628070696,0.16429404595815866
4230,0.4293,3,25,3,94081,511529,7391,100565,4.738310052243507,0.16429666031687942
4231,0.4294,3,36,3,94117,511493,7394,100562,4.737976583052355,0.164302227740971
4232,0.4295,4,25,4,94142,511468,7398,100558,4.737745007225166,0.16430347730325182
4233,0.4296,8,50,8,94192,511418,7406,100550,4.737281855570788,0.16430597678309977
4234,0.4297,1,17,1,94209,511401,7407,100549,4.7371243840082995,0.1643091755862407
4235,0.4298,4,40,4,94249,511361,7411,100545,4.736753862684798,0.16431445352717575
4236,0.4299,2,26,2,94275,511335,7413,100543,4.736513023824521,0.1643187040553836
4237,0.43,3,38,3,94313,511297,7416,100540,4.736161028567194,0.16432481200058185
4238,0.4301,12,108,12,94421,511189,7428,100528,4.735160620993738,0.1643374305438626
4239,0.4302,3,11,3,94432,511178,7431,100525,4.7350587276297755,0.16433628738129452
4240,0.4303,4,42,4,94474,511136,7435,100521,4.734669680240097,0.1643421067689898
4241,0.4304,4,38,4,94512,511098,7439,100517,4.734317684982771,0.16434685218642447
4242,0.4305,3,46,3,94558,511052,7442,100514,4.733891585460743,0.16435511457471474
4243,0.4306,0,49,0,94607,511003,7442,100514,4.733437696839453,0.16436828411965654
4244,0.4307,2,23,2,94630,510980,7444,100512,4.73322464707844,0.1643717333996193
4245,0.4308,3,31,3,94661,510949,7447,100509,4.7329374930527255,0.1643759669511234
4246,0.4309,2,33,2,94694,510916,7449,100507,4.732631812960836,0.16438210535095998
4247,0.431,6,54,6,94748,510862,7455,100501,4.732131609174108,0.1643884238987312
4248,0.4311,2,26,2,94774,510836,7457,100499,4.731890770313831,0.1643926815902901
4249,0.4312,6,49,6,94823,510787,7463,100493,4.731436881692542,0.16439765737468917
4250,0.4313,3,46,3,94869,510741,7466,100490,4.731010782170514,0.16440592836423545
4251,0.4314,5,23,5,94892,510718,7471,100485,4.7307977324095,0.16440527942434838
4252,0.4315,6,11,6,94903,510707,7477,100479,4.730695839045537,0.16440003534112366
4253,0.4316,2,33,2,94936,510674,7479,100477,4.7303901589536475,0.16440617785130024
4254,0.4317,3,31,3,94967,510643,7482,100474,4.730103004927933,0.1644104156814489
4255,0.4318,4,41,4,95008,510602,7486,100470,4.729723220571344,0.1644159771679933
4256,0.4319,2,35,2,95043,510567,7488,100468,4.729399014413279,0.16442265991309826
4257,0.432,3,17,3,95060,510550,7491,100465,4.729241542850791,0.16442313200166936
4258,0.4321,8,47,8,95107,510503,7499,100457,4.728806180295676,0.16442483959670026
4259,0.4322,6,33,6,95140,510470,7505,100451,4.728500500203786,0.16442551491927762
4260,0.4323,0,15,0,95155,510455,7505,100451,4.728361554707473,0.16442955217332944
4261,0.4324,3,15,3,95170,510440,7508,100448,4.72822260921116,0.16442948625607312
4262,0.4325,10,94,10,95264,510346,7518,100438,4.72735188410093,0.16444111175145387
4263,0.4326,9,59,9,95323,510287,7527,100429,4.726805365148764,0.16444468459971576
4264,0.4327,4,73,4,95396,510214,7531,100425,4.726129163733373,0.1644588701344002
4265,0.4328,4,16,4,95412,510198,7535,100421,4.725980955203972,0.16445770603273072
4266,0.4329,3,43,3,95455,510155,7538,100418,4.725582644781207,0.1644651827054259
4267,0.433,0,10,0,95465,510145,7538,100418,4.725490014450331,0.16446787636984225
4268,0.4331,3,39,3,95504,510106,7541,100415,4.725128756159917,0.16447427688810048
4269,0.4332,8,62,8,95566,510044,7549,100407,4.7245544481084885,0.16448003197635847
4270,0.4333,5,58,5,95624,509986,7554,100402,4.72401719218941,0.16448881694921919
4271,0.4334,2,22,2,95646,509964,7556,100400,4.723813405461485,0.16449200804765682
4272,0.4335,4,80,4,95726,509884,7560,100396,4.72307236281448,0.16450809464508095
4273,0.4336,4,21,4,95747,509863,7564,100392,4.722877839119642,0.16450827932585557
4274,0.4337,6,64,6,95811,509799,7570,100386,4.722285005002038,0.16451731851815432
4275,0.4338,1,20,1,95831,509779,7571,100385,4.722099744340286,0.16452134180318734
4276,0.4339,10,37,10,95868,509742,7581,100375,4.721757012116047,0.16451762530793274
4277,0.434,2,18,2,95886,509724,7583,100373,4.7215902775204714,0.16451974030359107
4278,0.4341,4,26,4,95912,509698,7587,100369,4.721349438660195,0.1645212738928675
4279,0.4342,5,26,5,95938,509672,7592,100364,4.721108599799918,0.1645214380790642
4280,0.4343,4,70,4,96008,509602,7596,100360,4.7204601874837895,0.16453483987527093
4281,0.4344,6,38,6,96046,509564,7602,100354,4.720108192226463,0.1645368721697015
4282,0.4345,3,13,3,96059,509551,7605,100351,4.719987772796324,0.1645362697613715
4283,0.4346,4,44,4,96103,509507,7609,100347,4.719580199340472,0.16454266103034496
4284,0.4347,2,22,2,96125,509485,7611,100345,4.7193764126125455,0.1645458570421265
4285,0.4348,1,69,1,96194,509416,7612,100344,4.718737263329505,0.1645631067961165
4286,0.4349,0,8,0,96202,509408,7612,100344,4.718663159064804,0.1645652658785867
4287,0.435,4,34,4,96236,509374,7616,100340,4.718348215939828,0.16456896184112552
4288,0.4351,6,26,6,96262,509348,7622,100334,4.7181073770795505,0.16456775827398545
4289,0.4352,4,31,4,96293,509317,7626,100330,4.717820223053836,0.16457064497979979
4290,0.4353,3,37,3,96330,509280,7629,100327,4.717477490829597,0.16457652225122088
4291,0.4354,2,22,2,96352,509258,7631,100325,4.717273704101671,0.1645797208911666
4292,0.4355,4,20,4,96372,509238,7635,100321,4.71708844343992,0.16457963872242062
4293,0.4356,4,33,4,96405,509205,7639,100317,4.71678276334803,0.16458306673097936
4294,0.4357,3,52,3,96457,509153,7642,100314,4.716301085627478,0.16459299683165782
4295,0.4358,5,21,5,96478,509132,7647,100309,4.716106561932639,0.16459181446604348
4296,0.4359,3,20,3,96498,509112,7650,100306,4.715921301270888,0.1645931035840753
4297,0.436,0,20,0,96518,509092,7650,100306,4.715736040609137,0.16459850541025733
4298,0.4361,5,61,5,96579,509031,7655,100301,4.715170995590796,0.1646081282453572
4299,0.4362,6,34,6,96613,508997,7661,100295,4.714856052465819,0.1646090872685018
4300,0.4363,3,45,3,96658,508952,7664,100292,4.7144392159768795,0.1646171320521827
4301,0.4364,1,21,1,96679,508931,7665,100291,4.7142446922820405,0.16462143520752698
4302,0.4365,1,16,1,96695,508915,7666,100290,4.71409648375264,0.16462438752144187
4303,0.4366,5,34,5,96729,508881,7671,100285,4.7137815406276635,0.1646267191537282
4304,0.4367,3,22,3,96751,508859,7674,100282,4.713577753899737,0.1646285506968009
4305,0.4368,7,23,7,96774,508836,7681,100275,4.713364704138723,0.16462516684151166
4306,0.4369,4,4,4,96778,508832,7685,100271,4.713327652006373,0.16462076200576914
4307,0.437,1,36,1,96814,508796,7686,100270,4.712994182815221,0.16462912065359092
4308,0.4371,1,18,1,96832,508778,7687,100269,4.712827448219645,0.16463261456012426
4309,0.4372,4,21,4,96853,508757,7691,100265,4.712632924524806,0.16463280472626604
4310,0.4373,3,48,3,96901,508709,7694,100262,4.712188298936604,0.16464166602350522
4311,0.4374,5,39,5,96940,508670,7699,100257,4.711827040646189,0.1646453515774469
4312,0.4375,3,27,3,96967,508643,7702,100254,4.711576938752825,0.16464853661620932
4313,0.4376,2,16,2,96983,508627,7704,100252,4.711428730223425,0.16465011931763127
4314,0.4377,3,33,3,97016,508594,7707,100249,4.711123050131535,0.16465492746077395
4315,0.4378,4,44,4,97060,508550,7711,100245,4.7107154766756825,0.16466133920285153
4316,0.4379,1,10,1,97070,508540,7712,100244,4.710622846344807,0.164662671817919
4317,0.438,0,33,0,97103,508507,7712,100244,4.710317166252918,0.16467159807540357
4318,0.4381,1,26,1,97129,508481,7713,100243,4.710076327392642,0.164677259316209
4319,0.4382,1,20,1,97149,508461,7714,100242,4.70989106673089,0.16468129777576257
4320,0.4383,4,14,4,97163,508447,7718,100238,4.709761384267664,0.1646795961786474
4321,0.4384,3,18,3,97181,508429,7721,100235,4.709594649672089,0.16468034909243853
4322,0.4385,2,26,2,97207,508403,7723,100233,4.7093538108118125,0.16468463909463127
4323,0.4386,0,29,0,97236,508374,7723,100233,4.709085182852273,0.1646924862842524
4324,0.4387,5,37,5,97273,508337,7728,100228,4.7087424506280335,0.16469563645625365
4325,0.4388,0,15,0,97288,508322,7728,100228,4.7086035051317205,0.1646996959986854
4326,0.4389,2,17,2,97305,508305,7730,100226,4.708446033569232,0.1647015517697537
4327,0.439,3,22,3,97327,508283,7733,100223,4.708242246841306,0.16470338829855416
4328,0.4391,5,29,5,97356,508254,7738,100218,4.707973618881766,0.16470437423579062
4329,0.4392,4,41,4,97397,508213,7742,100214,4.707593834525177,0.16470998164118292
4330,0.4393,3,39,3,97436,508174,7745,100211,4.707232576234762,0.16471642134503645
4331,0.4394,6,97,6,97533,508077,7751,100205,4.706334062025269,0.16473444882472274
4332,0.4395,1,41,1,97574,508036,7752,100204,4.70595427766868,0.16474417992897541
4333,0.4396,4,31,4,97605,508005,7756,100200,4.705667123642965,0.1647470836313414
4334,0.4397,0,23,0,97628,507982,7756,100200,4.705454073881952,0.164753313975093
4335,0.4398,2,14,2,97642,507968,7758,100198,4.705324391418726,0.16475435982938869
4336,0.4399,1,26,1,97668,507942,7759,100197,4.70508355255845,0.1647600301904663
4337,0.44,4,19,4,97687,507923,7763,100193,4.704907554929786,0.16475968400765642
4338,0.4401,1,12,1,97699,507911,7764,100192,4.704796398532736,0.16476156177489668
4339,0.4402,5,28,5,97727,507883,7769,100187,4.704537033606284,0.1647622806584768
4340,0.4403,4,51,4,97778,507832,7773,100183,4.704064618918819,0.1647706059883391
4341,0.4404,4,40,4,97818,507792,7777,100179,4.703694097595316,0.16477595148452803
4342,0.4405,2,30,2,97848,507762,7779,100177,4.70341620660269,0.1647813349694624
4343,0.4406,2,26,2,97874,507736,7781,100175,4.703175367742413,0.16478563473929572
4344,0.4407,0,17,0,97891,507719,7781,100175,4.703017896179925,0.16479024303579243
4345,0.4408,2,18,2,97909,507701,7783,100173,4.702851161584349,0.16479237473555375
4346,0.4409,2,19,2,97928,507682,7785,100171,4.702675163955686,0.16479477768473627
4347,0.441,2,6,2,97934,507676,7787,100169,4.70261958575716,0.16479365627750495
4348,0.4411,3,27,3,97961,507649,7790,100166,4.702369483863796,0.16479685430599772
4349,0.4412,4,80,4,98041,507569,7794,100162,4.701628441216792,0.16481305051083456
4350,0.4413,3,16,3,98057,507553,7797,100159,4.701480232687391,0.1648132668105945
4351,0.4414,3,32,3,98089,507521,7800,100156,4.701183815628589,0.1648178226261649
4352,0.4415,4,17,4,98106,507504,7804,100152,4.701026344066101,0.16481693589794225
4353,0.4416,4,27,4,98133,507477,7808,100148,4.700776242172737,0.16481876157169306
4354,0.4417,2,29,2,98162,507448,7810,100146,4.700507614213198,0.1648238791034803
4355,0.4418,7,55,7,98217,507393,7817,100139,4.699998147393383,0.16482917772232575
4356,0.4419,3,10,3,98227,507383,7820,100136,4.699905517062507,0.1648277667035928
4357,0.442,7,36,7,98263,507347,7827,100129,4.699572047871355,0.1648279108968914
4358,0.4421,4,16,4,98279,507331,7831,100125,4.6994238393419545,0.16482675288415952
4359,0.4422,2,12,2,98291,507319,7833,100123,4.699312682944903,0.16482725922804153
4360,0.4423,6,60,6,98351,507259,7839,100117,4.69875690095965,0.1648352914833645
4361,0.4424,1,32,1,98383,507227,7840,100116,4.698460483900848,0.16484260129778394
4362,0.4425,5,35,5,98418,507192,7845,100111,4.698136277742784,0.16484522552992492
4363,0.4426,2,34,2,98452,507158,7847,100109,4.6978213346178075,0.1648517044397275
4364,0.4427,2,23,2,98475,507135,7849,100107,4.697608284856794,0.1648551977630006
4365,0.4428,3,6,3,98481,507129,7852,100104,4.697552706658268,0.16485270069314414
4366,0.4429,5,41,5,98522,507088,7857,100099,4.697172922301679,0.16485695510608758
4367,0.443,1,12,1,98534,507076,7858,100098,4.697061765904627,0.1648588378290243
4368,0.4431,0,11,0,98545,507065,7858,100098,4.696959872540664,0.16486182458417262
4369,0.4432,5,25,5,98570,507040,7863,100093,4.696728296713476,0.1648617354022924
4370,0.4433,0,20,0,98590,507020,7863,100093,4.696543036051724,0.1648671664088893
4371,0.4434,2,31,2,98621,506989,7865,100091,4.69625588202601,0.16487283389339133
4372,0.4435,0,20,0,98641,506969,7865,100091,4.696070621364259,0.16487826573979508
4373,0.4436,3,48,3,98689,506921,7868,100088,4.695625995776057,0.16488717630216357
4374,0.4437,5,81,5,98770,506840,7873,100083,4.694875690095965,0.16490230226898633
4375,0.4438,3,77,3,98847,506763,7876,100080,4.694162436548224,0.16491909769083601
4376,0.4439,2,27,2,98874,506736,7878,100078,4.6939123346548595,0.16492368336920374
4377,0.444,4,27,4,98901,506709,7882,100074,4.693662232761495,0.16492551702997613
4378,0.4441,3,15,3,98916,506694,7885,100071,4.693523287265182,0.16492546537786457
4379,0.4442,1,27,1,98943,506667,7886,100070,4.693273185371818,0.1649314282794687
4380,0.4443,2,30,2,98973,506637,7888,100068,4.692995294379192,0.16493683091453012
4381,0.4444,2,55,2,99028,506582,7890,100066,4.692485827559376,0.16494903139876832
4382,0.4445,0,18,0,99046,506564,7890,100066,4.6923190929638,0.16495392578672338
4383,0.4446,7,129,7,99175,506435,7897,100059,4.691124161695505,0.1649793732501888
4384,0.4447,1,23,1,99198,506412,7898,100058,4.690911111934492,0.16498425313700596
4385,0.4448,3,29,3,99227,506383,7901,100055,4.690642483974953,0.16498801196494942
4386,0.4449,0,33,0,99260,506350,7901,100055,4.6903368038830635,0.164996990460171
4387,0.445,2,58,2,99318,506292,7903,100053,4.689799547963985,0.16501001904856147
4388,0.4451,9,35,9,99353,506257,7912,100044,4.689475341805921,0.16500714991398663
4389,0.4452,1,38,1,99391,506219,7913,100043,4.689123346548594,0.16501611514493733
4390,0.4453,2,41,2,99432,506178,7915,100041,4.688743562192004,0.1650245208414781
4391,0.4454,3,31,3,99463,506147,7918,100038,4.68845640816629,0.16502882783308725
4392,0.4455,6,64,6,99527,506083,7924,100032,4.687863574048687,0.16503798784059132
4393,0.4456,4,43,4,99570,506040,7928,100028,4.6874652636259215,0.16504418646092517
4394,0.4457,5,18,5,99588,506022,7933,100023,4.687298529030346,0.16504219983664578
4395,0.4458,0,18,0,99606,506004,7933,100023,4.6871317944347695,0.16504710186179825
4396,0.4459,4,32,4,99638,505972,7937,100019,4.686835377375968,0.16505030602764728
4397,0.446,2,12,2,99650,505960,7939,100017,4.686724220978918,0.165050818760448
4398,0.4461,2,29,2,99679,505931,7941,100015,4.686455593019378,0.16505596208242979
4399,0.4462,0,20,0,99699,505911,7941,100015,4.686270332357627,0.16506141013919193
4400,0.4463,2,30,2,99729,505881,7943,100013,4.685992441365,0.16506682687070676
4401,0.4464,3,30,3,99759,505851,7946,100010,4.685714550372374,0.16507086608974667
4402,0.4465,4,29,4,99788,505822,7950,100006,4.685445922412835,0.16507325511531326
4403,0.4466,2,42,2,99830,505780,7952,100004,4.685056875023157,0.16508194339896728
4404,0.4467,3,23,3,99853,505757,7955,100001,4.684843825262144,0.16508407647938617
4405,0.4468,3,19,3,99872,505738,7958,99998,4.68466782763348,0.16508511959005243
4406,0.4469,3,23,3,99895,505715,7961,99995,4.684454777872467,0.16508725297584653
4407,0.447,8,84,8,99979,505631,7969,99987,4.683676683093112,0.16509912188871534
4408,0.4471,7,35,7,100014,505596,7976,99980,4.683352476935047,0.16509901317093148
4409,0.4472,3,36,3,100050,505560,7979,99977,4.683019007743896,0.16510469219882518
4410,0.4473,4,34,4,100084,505526,7983,99973,4.682704064618918,0.16510844774310116
4411,0.4474,1,37,1,100121,505489,7984,99972,4.682361332394679,0.1651171586609212
4412,0.4475,5,51,5,100172,505438,7989,99967,4.681888917707214,0.16512417307422303
4413,0.4476,3,22,3,100194,505416,7992,99964,4.681685130979288,0.16512603653903332
4414,0.4477,3,25,3,100219,505391,7995,99961,4.681453555152099,0.16512871849766747
4415,0.4478,2,40,2,100259,505351,7997,99959,4.681083033828597,0.1651368720159918
4416,0.4479,5,14,5,100273,505337,8002,99954,4.680953351365371,0.16513379514977095
4417,0.448,2,32,2,100305,505305,8004,99952,4.680656934306569,0.16513976707415198
4418,0.4481,3,33,3,100338,505272,8007,99949,4.68035125421468,0.1651446331174893
4419,0.4482,0,5,0,100343,505267,8007,99949,4.680304939049242,0.16514599746206313
4420,0.4483,4,36,4,100379,505231,8011,99945,4.67997146985809,0.16515030338281755
4421,0.4484,5,35,5,100414,505196,8016,99940,4.679647263700026,0.1651529573517358
4422,0.4485,3,26,3,100440,505170,8019,99937,4.679406424839749,0.16515591457378612
4423,0.4486,3,39,3,100479,505131,8022,99934,4.679045166549335,0.16516242056638544
4424,0.4487,1,13,1,100492,505118,8023,99933,4.678924747119197,0.16516458943130413
4425,0.4488,2,37,2,100529,505081,8025,99931,4.678582014894957,0.1651719304741063
4426,0.4489,1,11,1,100540,505070,8026,99930,4.678480121530994,0.16517355371900827
4427,0.449,5,35,5,100575,505035,8031,99925,4.67815591537293,0.1651762099973552
4428,0.4491,7,122,7,100697,504913,8038,99918,4.677025825336248,0.16519986574762208
4429,0.4492,5,32,5,100729,504881,8043,99913,4.676729408277446,0.16520170504337015
4430,0.4493,2,26,2,100755,504855,8045,99911,4.67648856941717,0.16520604663621963
4431,0.4494,4,43,4,100798,504812,8049,99907,4.676090258994405,0.16521227214623652
4432,0.4495,5,26,5,100824,504786,8054,99902,4.675849420134129,0.16521247320932447
4433,0.4496,0,9,0,100833,504777,8054,99902,4.675766052836341,0.16521493222023587
4434,0.4497,6,21,6,100854,504756,8060,99896,4.675571529141502,0.16521238662900312
4435,0.4498,2,39,2,100893,504717,8062,99894,4.675210270851087,0.165220282131817
4436,0.4499,3,24,3,100917,504693,8065,99891,4.674987958056986,0.1652226985828272
4437,0.45,2,26,2,100943,504667,8067,99889,4.674747119196709,0.16522704265609803
4438,0.4501,2,20,2,100963,504647,8069,99887,4.674561858534958,0.16522974721024788
4439,0.4502,4,25,4,100988,504622,8073,99883,4.6743302827077695,0.1652310568150801
4440,0.4503,5,39,5,101027,504583,8078,99878,4.673969024417355,0.16523481250237815
4441,0.4504,9,47,9,101074,504536,8087,99869,4.6735336618622405,0.16523523134322185
4442,0.4505,3,30,3,101104,504506,8090,99866,4.673255770869614,0.16523928970898719
4443,0.4506,2,25,2,101129,504481,8092,99864,4.673024195042425,0.16524336264881814
4444,0.4507,3,29,3,101158,504452,8095,99861,4.672755567082886,0.16524714841481153
4445,0.4508,3,51,3,101209,504401,8098,99858,4.67228315239542,0.16525695107561492
4446,0.4509,10,30,10,101239,504371,8108,99848,4.672005261402794,0.16525134098729102
4447,0.451,4,13,4,101252,504358,8112,99844,4.6718848419726555,0.16524937024372643
4448,0.4511,3,118,3,101370,504240,8115,99841,4.670791804068324,0.1652775041757645
4449,0.4512,4,21,4,101391,504219,8119,99837,4.670597280373485,0.16527772259525608
4450,0.4513,5,20,5,101411,504199,8124,99832,4.670412019711734,0.1652762854886587
4451,0.4514,4,40,4,101451,504159,8128,99828,4.670041498388232,0.16528170308301338
4452,0.4515,6,28,6,101479,504131,8134,99822,4.669782133461781,0.1652810731960931
4453,0.4516,6,41,6,101520,504090,8140,99816,4.669402349105191,0.16528400115249725
4454,0.4517,2,81,2,101601,504009,8142,99814,4.668652043425099,0.16530340844916475
4455,0.4518,1,20,1,101621,503989,8143,99813,4.668466782763348,0.16530750146571227
4456,0.4519,7,58,7,101679,503931,8150,99806,4.6679295268442695,0.16531370447728067
4457,0.452,2,35,2,101714,503896,8152,99804,4.667605320686206,0.1653205234387941
4458,0.4521,5,42,5,101756,503854,8157,99799,4.667216273296528,0.16532511227476712
4459,0.4522,3,24,3,101780,503830,8160,99796,4.666993960502427,0.16532753724988652
4460,0.4523,2,11,2,101791,503819,8162,99794,4.6668920671384635,0.16532778452419017
4461,0.4524,6,56,6,101847,503763,8168,99788,4.6663733372855605,0.16533482671721197
4462,0.4525,1,8,1,101855,503755,8169,99787,4.66629923302086,0.16533563529961462
4463,0.4526,3,30,3,101885,503725,8172,99784,4.666021342028234,0.16533970495883243
4464,0.4527,1,18,1,101903,503707,8173,99783,4.6658546074326575,0.1653432534093357
4465,0.4528,6,24,6,101927,503683,8179,99777,4.665632294638557,0.1653415305074073
4466,0.4529,2,15,2,101942,503668,8181,99775,4.665493349142243,0.16534287414055676
4467,0.453,2,32,2,101974,503636,8183,99773,4.665196932083441,0.1653488761354239
4468,0.4531,2,30,2,102004,503606,8185,99771,4.664919041090815,0.16535433070866143
4469,0.4532,2,23,2,102027,503583,8187,99769,4.664705991329801,0.16535786738089872
4470,0.4533,2,12,2,102039,503571,8189,99767,4.664594834932751,0.16535838949311996
4471,0.4534,1,16,1,102055,503555,8190,99766,4.6644466264033495,0.16536139136545885
4472,0.4535,1,45,1,102100,503510,8191,99765,4.66402978991441,0.16537234262981226
4473,0.4536,4,44,4,102144,503466,8195,99761,4.663622216458557,0.16537887064073722
4474,0.4537,3,19,3,102163,503447,8198,99758,4.663446218829893,0.16537992887989986
4475,0.4538,1,5,1,102168,503442,8199,99757,4.663399903664456,0.16537991608076275
4476,0.4539,3,11,3,102179,503431,8202,99754,4.663298010300493,0.16537878097101222
4477,0.454,2,16,2,102195,503415,8204,99752,4.663149801771092,0.16538040045294256
4478,0.4541,3,36,3,102231,503379,8207,99749,4.66281633257994,0.16538612035919406
4479,0.4542,5,92,5,102323,503287,8212,99744,4.661964133535885,0.1654044319446264
4480,0.4543,4,30,4,102353,503257,8216,99740,4.661686242543259,0.1654071247452309
4481,0.4544,2,10,2,102363,503247,8218,99738,4.661593612212383,0.1654070996790965
4482,0.4545,0,17,0,102380,503230,8218,99738,4.6614361406498945,0.1654117631449762
4483,0.4546,4,50,4,102430,503180,8222,99734,4.660972988995517,0.16541994380624767
4484,0.4547,1,14,1,102444,503166,8223,99733,4.660843306532291,0.16542240076696096
4485,0.4548,3,20,3,102464,503146,8226,99730,4.66065804587054,0.1654237355608782
4486,0.4549,1,18,1,102482,503128,8227,99729,4.6604913112749635,0.16542729038561382
4487,0.455,2,29,2,102511,503099,8229,99727,4.660222683315425,0.1654324796873393
4488,0.4551,6,39,6,102550,503060,8235,99721,4.65986142502501,0.16543487601633097
4489,0.4552,6,37,6,102587,503023,8241,99715,4.659518692800771,0.16543672375061802
4490,0.4553,7,42,7,102629,502981,8248,99708,4.6591296454110935,0.16543855952240707
4491,0.4554,1,20,1,102649,502961,8249,99707,4.658944384749343,0.1654426649498563
4492,0.4555,0,22,0,102671,502939,8249,99707,4.658740598021416,0.16544870454628421
4493,0.4556,3,13,3,102684,502926,8252,99704,4.658620178591278,0.16544811907804124
4494,0.4557,7,31,7,102715,502895,8259,99697,4.658333024565564,0.16544693590356327
4495,0.4558,2,31,2,102746,502864,8261,99695,4.6580458705398495,0.1654526776631002
4496,0.4559,0,16,0,102762,502848,8261,99695,4.657897662010448,0.16545707111359687
4497,0.456,1,28,1,102790,502820,8262,99694,4.657638297083997,0.16546337512489337
4498,0.4561,0,38,0,102828,502782,8262,99694,4.65728630182667,0.16547381140493564
4499,0.4562,6,58,6,102886,502724,8268,99688,4.656749045907592,0.16548143131278925
4500,0.4563,6,28,6,102914,502696,8274,99682,4.6564896809811405,0.16548081105219647
4501,0.4564,4,38,4,102952,502658,8278,99678,4.656137685723813,0.16548570897306486
4502,0.4565,1,17,1,102969,502641,8279,99677,4.655980214161325,0.16548899418579555
4503,0.4566,3,37,3,103006,502604,8282,99674,4.655637481937085,0.16549500396826713
4504,0.4567,4,20,4,103026,502584,8286,99670,4.655452221275334,0.16549495727716212
4505,0.4568,1,18,1,103044,502566,8287,99669,4.655285486679759,0.1654985180203741
4506,0.4569,3,53,3,103097,502513,8290,99666,4.654794545926118,0.16550892674769463
4507,0.457,3,33,3,103130,502480,8293,99663,4.654488865834229,0.16551383973574382
4508,0.4571,1,15,1,103145,502465,8294,99662,4.654349920337915,0.1655165770676286
4509,0.4572,4,38,4,103183,502427,8298,99658,4.6539979250805885,0.1655214795253162
4510,0.4573,0,20,0,103203,502407,8298,99658,4.653812664418838,0.1655269779841047
4511,0.4574,5,26,5,103229,502381,8303,99653,4.6535718255585605,0.16552719613842407
4512,0.4575,2,37,2,103266,502344,8305,99651,4.653229093334321,0.16553459746343407
4513,0.4576,2,23,2,103289,502321,8307,99649,4.653016043573308,0.1655381497416815
4514,0.4577,3,35,3,103324,502286,8310,99646,4.652691837415243,0.16554361622243044
4515,0.4578,1,20,1,103344,502266,8311,99645,4.652506576753492,0.16554773047842622
4516,0.4579,1,28,1,103372,502238,8312,99644,4.65224721182704,0.1655540454773527
4517,0.458,3,34,3,103406,502204,8315,99641,4.651932268702064,0.16555923867440953
4518,0.4581,6,49,6,103455,502155,8321,99635,4.651478380080774,0.16556439954136826
4519,0.4582,1,12,1,103467,502143,8322,99634,4.651367223683723,0.1655663144320903
4520,0.4583,4,36,4,103503,502107,8326,99630,4.651033754492571,0.16557067290194885
4521,0.4584,8,67,8,103570,502040,8334,99622,4.650413131275705,0.16557801556355561
4522,0.4585,1,6,1,103576,502034,8335,99621,4.650357553077179,0.16557827991124482
4523,0.4586,2,26,2,103602,502008,8337,99619,4.650116714216903,0.16558266168240454
4524,0.4587,2,10,2,103612,501998,8339,99617,4.650024083886028,0.1655826400605038
4525,0.4588,3,27,3,103639,501971,8342,99614,4.649773981992664,0.16558591055295593
4526,0.4589,0,18,0,103657,501953,8342,99614,4.649607247397087,0.16559086519041105
4527,0.459,3,31,3,103688,501922,8345,99611,4.649320093371373,0.16559523750151695
4528,0.4591,2,24,2,103712,501898,8347,99609,4.649097780577272,0.16559907033500856
4529,0.4592,3,44,3,103756,501854,8350,99606,4.64869020712142,0.16560702291091678
4530,0.4593,4,38,4,103794,501816,8354,99602,4.648338211864092,0.16561193712193517
4531,0.4594,8,41,8,103835,501775,8362,99594,4.647958427507503,0.1656121283272001
4532,0.4595,0,21,0,103856,501754,8362,99594,4.647763903812664,0.1656179117582498
4533,0.4596,5,49,5,103905,501705,8367,99589,4.647310015191374,0.16562446989326352
4534,0.4597,0,13,0,103918,501692,8367,99589,4.647189595761236,0.1656280507782551
4535,0.4598,2,29,2,103947,501663,8369,99587,4.646920967801697,0.16563326403326403
4536,0.4599,2,20,2,103967,501643,8371,99585,4.646735707139946,0.16563599832343137
4537,0.46,3,48,3,104015,501595,8374,99582,4.646291081551743,0.16564505960806883
4538,0.4601,3,17,3,104032,501578,8377,99579,4.6461336099892545,0.16564558010636157
4539,0.4602,3,25,3,104057,501553,8380,99576,4.645902034162066,0.1656483051058924
4540,0.4603,7,40,7,104097,501513,8387,99569,4.645531512838564,0.16564961186660057
4541,0.4604,4,22,4,104119,501491,8391,99565,4.645327726110637,0.16565012245115263
4542,0.4605,2,37,2,104156,501454,8393,99563,4.644984993886398,0.1656575437965981
4543,0.4606,4,26,4,104182,501428,8397,99559,4.644744155026122,0.16565915735282127
4544,0.4607,6,66,6,104248,501362,8403,99553,4.644132794842343,0.1656690214090179
4545,0.4608,0,29,0,104277,501333,8403,99553,4.643864166882804,0.16567701693832107
4546,0.4609,1,22,1,104299,501311,8404,99552,4.643660380154878,0.16568169449608314
4547,0.461,3,26,3,104325,501285,8407,99549,4.643419541294602,0.16568469826940552
4548,0.4611,3,22,3,104347,501263,8410,99546,4.6432157545666755,0.16568659923536433
4549,0.4612,1,13,1,104360,501250,8411,99545,4.643095335136537,0.1656887956790586
4550,0.4613,0,6,0,104366,501244,8411,99545,4.643039756938012,0.16569045039106908
4551,0.4614,3,33,3,104399,501211,8414,99542,4.642734076846122,0.16569538562437475
4552,0.4615,5,34,5,104433,501177,8419,99537,4.642419133721146,0.16569781959468233
4553,0.4616,0,22,0,104455,501155,8419,99537,4.642215346993219,0.16570388818229642
4554,0.4617,3,24,3,104479,501131,8422,99534,4.6419930341991185,0.16570634213746432
4555,0.4618,3,19,3,104498,501112,8425,99531,4.641817036570455,0.165707416884905
4556,0.4619,7,34,7,104532,501078,8432,99524,4.641502093445478,0.16570707390251782
4557,0.462,6,38,6,104570,501040,8438,99518,4.641150098188151,0.16570922375524097
4558,0.4621,5,43,5,104613,500997,8443,99513,4.640751787765386,0.16571414297846832
4559,0.4622,2,38,2,104651,500959,8445,99511,4.640399792508059,0.16572185121654703
4560,0.4623,2,10,2,104661,500949,8447,99509,4.640307162177184,0.1657218323346512
4561,0.4624,2,28,2,104689,500921,8449,99507,4.640047797250732,0.16572678156248544
4562,0.4625,3,38,3,104727,500883,8452,99504,4.639695801993405,0.16573310214911383
4563,0.4626,4,81,4,104808,500802,8456,99500,4.638945496313313,0.1657499058807067
4564,0.4627,6,39,6,104847,500763,8462,99494,4.638584238022898,0.16575233608271123
4565,0.4628,3,27,3,104874,500736,8465,99491,4.638334136129534,0.16575562245617076
4566,0.4629,4,28,4,104902,500708,8469,99487,4.638074771203082,0.16575779538316715
4567,0.463,1,16,1,104918,500692,8470,99486,4.637926562673682,0.16576082428879432
4568,0.4631,2,6,2,104924,500686,8472,99484,4.637870984475157,0.1657597014179316
4569,0.4632,3,36,3,104960,500650,8475,99481,4.637537515284005,0.16576547453805918
4570,0.4633,0,13,0,104973,500637,8475,99481,4.637417095853866,0.16576906541713463
4571,0.4634,3,49,3,105022,500588,8478,99478,4.636963207232577,0.16577843103925236
4572,0.4635,5,32,5,105054,500556,8483,99473,4.636666790173774,0.16578032061783682
4573,0.4636,4,44,4,105098,500512,8487,99469,4.636259216717922,0.1657869165856919
4574,0.4637,2,34,2,105132,500478,8489,99467,4.635944273592945,0.16579353107368175
4575,0.4638,2,29,2,105161,500449,8491,99465,4.635675645633406,0.16579876448957684
4576,0.4639,5,44,5,105205,500405,8496,99460,4.635268072177554,0.16580397256049278
4577,0.464,2,17,2,105222,500388,8498,99458,4.635110600615065,0.16580589017847913
4578,0.4641,4,55,4,105277,500333,8502,99454,4.6346011337952495,0.16581553118023565
4579,0.4642,4,129,4,105406,500204,8506,99450,4.633406202526955,0.16584563765104543
4580,0.4643,0,7,0,105413,500197,8506,99450,4.633341361295343,0.1658475736558342
4581,0.4644,0,23,0,105436,500174,8506,99450,4.633128311534329,0.16585393513268315
4582,0.4645,5,31,5,105467,500143,8511,99445,4.632841157508615,0.16585555414718106
4583,0.4646,2,119,2,105586,500024,8513,99443,4.631738856571196,0.16588569512583679
4584,0.4647,5,29,5,105615,499995,8518,99438,4.631470228611657,0.16588676299102653
4585,0.4648,3,28,3,105643,499967,8521,99435,4.631210863685205,0.16589033736957834
4586,0.4649,5,17,5,105660,499950,8526,99430,4.631053392122717,0.1658880843538323
4587,0.465,1,13,1,105673,499937,8527,99429,4.6309329726925785,0.16589029074054917
4588,0.4651,8,30,8,105703,499907,8535,99421,4.630655081699952,0.16588746062256393
4589,0.4652,2,25,2,105728,499882,8537,99419,4.630423505872763,0.16589159704388948
4590,0.4653,4,26,4,105754,499856,8541,99415,4.630182667012487,0.1658932269373956
4591,0.4654,5,44,5,105798,499812,8546,99410,4.629775093556634,0.1658984483213233
4592,0.4655,8,66,8,105864,499746,8554,99402,4.629163733372856,0.16590558593202348
4593,0.4656,4,54,4,105918,499692,8558,99398,4.628663529586127,0.16591497103940978
4594,0.4657,7,31,7,105949,499661,8565,99391,4.628376375560413,0.1659138104872365
4595,0.4658,5,34,5,105983,499627,8570,99386,4.6280614324354366,0.16591626559022926
4596,0.4659,5,19,5,106002,499608,8575,99381,4.627885434806773,0.16591456604378377
4597,0.466,1,58,1,106060,499550,8576,99380,4.627348178887695,0.16592924047885396
4598,0.4661,2,44,2,106104,499506,8578,99378,4.626940605431843,0.1659386458813393
4599,0.4662,4,34,4,106138,499472,8582,99374,4.626625662306866,0.16594249606743636
4600,0.4663,2,19,2,106157,499453,8584,99372,4.626449664678202,0.16594497557717197
4601,0.4664,0,13,0,106170,499440,8584,99372,4.626329245248064,0.1659485781848059
4602,0.4665,10,100,10,106270,499340,8594,99362,4.625402941939309,0.16596236525015784
4603,0.4666,6,48,6,106318,499292,8600,99356,4.624958316351106,0.165967313011987
4604,0.4667,9,62,9,106380,499230,8609,99347,4.624384008299677,0.1659719635067836
4605,0.4668,0,27,0,106407,499203,8609,99347,4.624133906406314,0.1659794503383176
4606,0.4669,1,14,1,106421,499189,8610,99346,4.624004223943088,0.16598193923496538
4607,0.467,2,25,2,106446,499164,8612,99344,4.623772648115899,0.16598608539902557
4608,0.4671,7,42,7,106488,499122,8619,99337,4.623383600726222,0.1659879791263896
4609,0.4672,8,76,8,106564,499046,8627,99329,4.622679610211567,0.16599791100898267
4610,0.4673,3,23,3,106587,499023,8630,99326,4.622466560450554,0.16600011030351852
4611,0.4674,3,18,3,106605,499005,8633,99323,4.622299825854978,0.16600092257089757
4612,0.4675,5,31,5,106636,498974,8638,99318,4.622012671829264,0.16600255393687363
4613,0.4676,0,24,0,106660,498950,8638,99318,4.621790359035162,0.1660092132622838
4614,0.4677,3,47,3,106707,498903,8641,99315,4.621354996480047,0.16601807367882612
4615,0.4678,2,16,2,106723,498887,8643,99313,4.621206787950647,0.16601972584419927
4616,0.4679,1,28,1,106751,498859,8644,99312,4.620947423024195,0.16602610290368472
4617,0.468,3,34,3,106785,498825,8647,99309,4.620632479899218,0.16603135752189307
4618,0.4681,2,29,2,106814,498796,8649,99307,4.620363851939679,0.16603661911075518
4619,0.4682,3,35,3,106849,498761,8652,99304,4.620039645781615,0.16604215260883015
4620,0.4683,2,15,2,106864,498746,8654,99302,4.619900700285301,0.16604352827866659
4621,0.4684,2,23,2,106887,498723,8656,99300,4.619687650524288,0.1660471252777903
4622,0.4685,2,36,2,106923,498687,8658,99298,4.619354181333136,0.16605433246653345
4623,0.4686,4,15,4,106938,498672,8662,99294,4.619215235836823,0.166052919396755
4624,0.4687,0,19,0,106957,498653,8662,99294,4.619039238208159,0.16605819579327266
4625,0.4688,0,31,0,106988,498622,8662,99294,4.618752084182445,0.16606680537065407
4626,0.4689,3,79,3,107067,498543,8665,99291,4.618020304568528,0.1660845652806632
4627,0.469,3,33,3,107100,498510,8668,99288,4.617714624476639,0.1660895486435217
4628,0.4691,3,23,3,107123,498487,8671,99285,4.617501574715625,0.16609175404669338
4629,0.4692,7,33,7,107156,498454,8678,99278,4.617195894623736,0.16609115791023402
4630,0.4693,4,26,4,107182,498428,8682,99274,4.6169550557634595,0.1660928020987047
4631,0.4694,3,27,3,107209,498401,8685,99271,4.616704953870095,0.1660961196107564
4632,0.4695,1,25,1,107234,498376,8686,99270,4.616473378042906,0.16610167222737204
4633,0.4696,6,33,6,107267,498343,8692,99264,4.616167697951017,0.1661024720259301
4634,0.4697,3,31,3,107298,498312,8695,99261,4.615880543925303,0.16610690242029008
4635,0.4698,6,20,6,107318,498292,8701,99255,4.615695283263552,0.1661040888833849
4636,0.4699,6,50,6,107368,498242,8707,99249,4.615232131609174,0.16610961504022656
4637,0.47,2,16,2,107384,498226,8709,99247,4.615083923079773,0.1661112719737963
4638,0.4701,9,58,9,107442,498168,8718,99238,4.614546667160695,0.16611483647636616
4639,0.4702,0,13,0,107455,498155,8718,99238,4.614426247730557,0.1661184513377291
4640,0.4703,2,21,2,107476,498134,8720,99236,4.614231724035719,0.166121499238328
4641,0.4704,6,66,6,107542,498068,8726,99230,4.61362036385194,0.16613147875934625
4642,0.4705,3,14,3,107556,498054,8729,99227,4.613490681388714,0.16613118448435493
4643,0.4706,6,18,6,107574,498036,8735,99221,4.6133239467931375,0.16612781432448678
4644,0.4707,5,51,5,107625,497985,8740,99216,4.6128515321056724,0.16613501986768273
4645,0.4708,0,17,0,107642,497968,8740,99216,4.612694060543184,0.16613974922302005
4646,0.4709,2,80,2,107722,497888,8742,99214,4.61195301789618,0.1661592156783933
4647,0.471,6,58,6,107780,497830,8748,99208,4.611415761977102,0.16616697764631397
4648,0.4711,4,40,4,107820,497790,8752,99204,4.6110452406536,0.16617252434697835
4649,0.4712,2,18,2,107838,497772,8754,99202,4.6108785060580235,0.16617474127851464
4650,0.4713,2,42,2,107880,497730,8756,99200,4.610489458668346,0.16618363962273633
4651,0.4714,7,51,7,107931,497679,8763,99193,4.610017043980881,0.16618806042166495
4652,0.4715,5,16,5,107947,497663,8768,99188,4.60986883545148,0.1661855303920074
4653,0.4716,0,25,0,107972,497638,8768,99188,4.609637259624291,0.16619249161397123
4654,0.4717,3,16,3,107988,497622,8771,99185,4.609489051094891,0.16619275578201997
4655,0.4718,7,40,7,108028,497582,8778,99178,4.609118529771388,0.16619411488705677
4656,0.4719,3,46,3,108074,497536,8781,99175,4.608692430249361,0.16620273465714558
4657,0.472,2,48,2,108122,497488,8783,99173,4.608247804661159,0.16621331040574128
4658,0.4721,8,37,8,108159,497451,8791,99165,4.607905072436918,0.16621243815117262
4659,0.4722,5,70,5,108229,497381,8796,99160,4.60725666012079,0.16622495352373098
4660,0.4723,3,32,3,108261,497349,8799,99157,4.606960243061988,0.16622967748857514
4661,0.4724,3,15,3,108276,497334,8802,99154,4.606821297565675,0.16622966430171268
4662,0.4725,2,29,2,108305,497305,8804,99152,4.606552669606136,0.1662349507173191
4663,0.4726,3,22,3,108327,497283,8807,99149,4.606348882878209,0.16623688869812486
4664,0.4727,6,46,6,108373,497237,8813,99143,4.605922783356182,0.1662413226466347
4665,0.4728,3,32,3,108405,497205,8816,99140,4.60562636629738,0.16624604884756308
4666,0.4729,3,17,3,108422,497188,8819,99137,4.605468894734892,0.16624659371986752
4667,0.473,2,47,2,108469,497141,8821,99135,4.605033532179777,0.16625690116657388
4668,0.4731,5,47,5,108516,497094,8826,99130,4.604598169624662,0.16626301524259338
4669,0.4732,4,31,4,108547,497063,8830,99126,4.604311015598948,0.16626606663323207
4670,0.4733,4,88,4,108635,496975,8834,99122,4.603495868687243,0.16628501737133386
4671,0.4734,1,26,1,108661,496949,8835,99121,4.6032550298269665,0.16629087187746405
4672,0.4735,4,49,4,108710,496900,8839,99117,4.602801141205676,0.16629894784880297
4673,0.4736,4,54,4,108764,496846,8843,99113,4.602300937418948,0.16630842054570869
4674,0.4737,4,60,4,108824,496786,8847,99109,4.6017451554336954,0.16631956972285386
4675,0.4738,1,13,1,108837,496773,8848,99108,4.601624736003557,0.1663217991511728
4676,0.4739,4,28,4,108865,496745,8852,99104,4.601365371077105,0.16632401833350396
4677,0.474,2,48,2,108913,496697,8854,99102,4.600920745488903,0.166334619561295
4678,0.4741,4,61,4,108974,496636,8858,99098,4.600355700470562,0.1663460537756784
4679,0.4742,4,31,4,109005,496605,8862,99094,4.600068546444848,0.1663491125551663
4680,0.4743,11,46,11,109051,496559,8873,99083,4.599642446922821,0.16634656387561655
4681,0.4744,1,4,1,109055,496555,8874,99082,4.59960539479047,0.16634628137607302
4682,0.4745,4,27,4,109082,496528,8878,99078,4.599355292897107,0.1663482234900253
4683,0.4746,2,35,2,109117,496493,8880,99076,4.599031086739042,0.16635519981731756
4684,0.4747,4,30,4,109147,496463,8884,99072,4.598753195746415,0.16635798063925714
4685,0.4748,2,23,2,109170,496440,8886,99070,4.598540145985401,0.1663616060183708
4686,0.4749,5,48,5,109218,496392,8891,99065,4.598095520397199,0.1663680164982526
4687,0.475,6,84,6,109302,496308,8897,99059,4.597317425617844,0.16638308807844573
4688,0.4751,2,33,2,109335,496275,8899,99057,4.597011745525955,0.16638951039084074
4689,0.4752,1,13,1,109348,496262,8900,99056,4.596891326095816,0.16639174357234285
4690,0.4753,5,46,5,109394,496216,8905,99051,4.596465226573789,0.166397599732557
4691,0.4754,2,36,2,109430,496180,8907,99049,4.596131757382637,0.16640486266630153
4692,0.4755,2,27,2,109457,496153,8909,99047,4.595881655489273,0.16640961021505377
4693,0.4756,3,24,3,109481,496129,8912,99044,4.595659342695172,0.16641211882931517
4694,0.4757,6,15,6,109496,496114,8918,99038,4.595520397198859,0.16640790923999246
4695,0.4758,0,14,0,109510,496100,8918,99038,4.595390714735633,0.16641182381229228
4696,0.4759,1,32,1,109542,496068,8919,99037,4.595094297676831,0.16641937137143864
4697,0.476,7,38,7,109580,496030,8926,99030,4.594742302419505,0.1664201929217222
4698,0.4761,1,20,1,109600,496010,8927,99029,4.594557041757753,0.16642438562850503
4699,0.4762,7,20,7,109620,495990,8934,99022,4.594371781096002,0.16642017303852696
4700,0.4763,5,26,5,109646,495964,8939,99017,4.594130942235726,0.16642044031658154
4701,0.4764,1,35,1,109681,495929,8940,99016,4.593806736077661,0.1664288295556732
4702,0.4765,8,75,8,109756,495854,8948,99008,4.593112008596095,0.16643860256664572
4703,0.4766,4,13,4,109769,495841,8952,99004,4.5929915891659565,0.16643663475359127
4704,0.4767,9,31,9,109800,495810,8961,98995,4.592704435140242,0.16643269642992242
4705,0.4768,1,19,1,109819,495791,8962,98994,4.592528437511579,0.16643661154871087
4706,0.4769,0,15,0,109834,495776,8962,98994,4.592389492015266,0.16644080905223868
4707,0.477,5,27,5,109861,495749,8967,98989,4.592139390121901,0.16644135737080865
4708,0.4771,2,21,2,109882,495728,8969,98987,4.591944866427063,0.1664444313662847
4709,0.4772,12,109,12,109991,495619,8981,98975,4.59093519582052,0.16645812100357554
4710,0.4773,2,26,2,110017,495593,8983,98973,4.590694356960243,0.16646259624667403
4711,0.4774,5,25,5,110042,495568,8988,98968,4.590462781133054,0.16646258594937902
4712,0.4775,6,28,6,110070,495540,8994,98962,4.590203416206602,0.16646201358447912
4713,0.4776,0,32,0,110102,495508,8994,98962,4.589906999147801,0.16647097414503675
4714,0.4777,3,28,3,110130,495480,8997,98959,4.5896476342213495,0.16647460883286594
4715,0.4778,9,55,9,110185,495425,9006,98950,4.589138167401534,0.16647739221871713
4716,0.4779,3,14,3,110199,495411,9009,98947,4.589008484938308,0.16647710639042462
4717,0.478,5,45,5,110244,495366,9014,98942,4.588591648449368,0.16648269920647207
4718,0.4781,2,38,2,110282,495328,9016,98940,4.5882396531920415,0.16649053962185412
4719,0.4782,3,23,3,110305,495305,9019,98937,4.588026603431027,0.16649277567051807
4720,0.4783,4,73,4,110378,495232,9023,98933,4.587350402015636,0.16650761993722282
4721,0.4784,8,54,8,110432,495178,9031,98925,4.586850198228908,0.16651153082882936
4722,0.4785,1,53,1,110485,495125,9032,98924,4.586359257475268,0.16652498362929657
4723,0.4786,2,24,2,110509,495101,9034,98922,4.586136944681167,0.1665289054464221
4724,0.4787,3,33,3,110542,495068,9037,98919,4.585831264589277,0.1665339477126604
4725,0.4788,2,23,2,110565,495045,9039,98917,4.585618214828263,0.16653758994683163
4726,0.4789,2,24,2,110589,495021,9041,98915,4.585395902034162,0.16654151289027774
4727,0.479,0,19,0,110608,495002,9041,98915,4.585219904405498,0.16654684072016798
4728,0.4791,0,59,0,110667,494943,9041,98915,4.584673385453333,0.16656338720704275
4729,0.4792,8,54,8,110721,494889,9049,98907,4.584173181666605,0.16656730594345534
4730,0.4793,0,10,0,110731,494879,9049,98907,4.584080551335729,0.1665701111174733
4731,0.4794,0,41,0,110772,494838,9049,98907,4.58370076697914,0.166581613318849
4732,0.4795,2,19,2,110791,494819,9051,98905,4.583524769350476,0.166584136736935
4733,0.4796,7,26,7,110817,494793,9058,98898,4.583283930490199,0.1665816055827021
4734,0.4797,8,59,8,110876,494734,9066,98890,4.582737411538034,0.16658693044755604
4735,0.4798,5,36,5,110912,494698,9071,98885,4.582403942346882,0.16659001352801545
4736,0.4799,3,32,3,110944,494666,9074,98882,4.58210752528808,0.1665947825618147
4737,0.48,2,39,2,110983,494627,9076,98880,4.581746266997666,0.1666029212797827
4738,0.4801,2,37,2,111020,494590,9078,98878,4.581403534773426,0.1666104996394077
4739,0.4802,1,11,1,111031,494579,9079,98877,4.581301641409463,0.16661218354856974
4740,0.4803,5,72,5,111103,494507,9084,98872,4.580634703027159,0.16662537770969313
4741,0.4804,4,28,4,111131,494479,9088,98868,4.5803753381007075,0.16662762262217556
4742,0.4805,2,15,2,111146,494464,9090,98866,4.5802363926043945,0.16662902600576407
4743,0.4806,2,18,2,111164,494446,9092,98864,4.580069658008818,0.16663127201631525
4744,0.4807,3,101,3,111265,494345,9095,98861,4.579134091666975,0.1666554282997812
4745,0.4808,2,9,2,111274,494336,9097,98859,4.579050724369187,0.16665514712699872
4746,0.4809,3,17,3,111291,494319,9100,98856,4.578893252806699,0.16665570868630675
4747,0.481,4,51,4,111342,494268,9104,98852,4.578420838119234,0.16666441866738602
4748,0.4811,4,22,4,111364,494246,9108,98848,4.578217051391308,0.1666649805932955
4749,0.4812,3,33,3,111397,494213,9111,98845,4.577911371299418,0.16667003901810615
4750,0.4813,4,97,4,111494,494116,9115,98841,4.577012857089925,0.16669168253347208
4751,0.4814,2,37,2,111531,494079,9117,98839,4.576670124865686,0.16669927376129584
4752,0.4815,3,51,3,111582,494028,9120,98836,4.576197710178221,0.16670939709612997
4753,0.4816,1,18,1,111600,494010,9121,98835,4.576030975582645,0.16671305315892013
4754,0.4817,5,20,5,111620,493990,9126,98830,4.575845714920893,0.166711649404541
4755,0.4818,1,33,1,111653,493957,9127,98829,4.575540034829005,0.16671952441521898
4756,0.4819,4,28,4,111681,493929,9131,98825,4.575280669902553,0.1667217766560833
4757,0.482,1,21,1,111702,493908,9132,98824,4.575086146207714,0.16672627764318443
4758,0.4821,3,63,3,111765,493845,9135,98821,4.574502575123199,0.16673978260942926
4759,0.4822,3,18,3,111783,493827,9138,98818,4.574335840527622,0.16674062887563382
4760,0.4823,3,47,3,111830,493780,9141,98815,4.573900477972507,0.1667496350796075
4761,0.4824,4,21,4,111851,493759,9145,98811,4.573705954277669,0.16674991984069393
4762,0.4825,4,37,4,111888,493722,9149,98807,4.5733632220534295,0.16675470736453404
4763,0.4826,4,38,4,111926,493684,9153,98803,4.573011226796102,0.16675977700776556
4764,0.4827,5,18,5,111944,493666,9158,98798,4.5728444922005265,0.1667578114450836
4765,0.4828,2,30,2,111974,493636,9160,98796,4.5725666012079,0.166763442893024
4766,0.4829,2,28,2,112002,493608,9162,98794,4.572307236281448,0.16676851192264713
4767,0.483,2,41,2,112043,493567,9164,98792,4.571927451924858,0.16677724150388532
4768,0.4831,0,48,0,112091,493519,9164,98792,4.571482826336656,0.16679075688278625
4769,0.4832,4,19,4,112110,493500,9168,98788,4.571306828707992,0.16679048030687774
4770,0.4833,6,23,6,112133,493477,9174,98782,4.571093778946978,0.16678851651051313
4771,0.4834,12,89,12,112222,493388,9186,98770,4.570269369002186,0.16679669952951745
4772,0.4835,3,20,3,112242,493368,9189,98767,4.570084108340435,0.16679811191704594
4773,0.4836,2,26,2,112268,493342,9191,98765,4.569843269480159,0.16680262182342043
4774,0.4837,3,30,3,112298,493312,9194,98762,4.569565378487532,0.16680685184622193
4775,0.4838,2,27,2,112325,493285,9196,98760,4.569315276594168,0.16681164438513965
4776,0.4839,2,26,2,112351,493259,9198,98758,4.569074437733891,0.16681615561715288
4777,0.484,7,22,7,112373,493237,9205,98751,4.568870651005965,0.166812502956141
4778,0.4841,6,39,6,112412,493198,9211,98745,4.5685093927155505,0.1668150480705068
4779,0.4842,8,29,8,112441,493169,9219,98737,4.568240764756012,0.1668119600071633
4780,0.4843,4,18,4,112459,493151,9223,98733,4.568074030160436,0.16681140223422158
4781,0.4844,3,23,3,112482,493128,9226,98730,4.567860980399422,0.16681366138499437
4782,0.4845,6,62,6,112544,493066,9232,98724,4.5672866723479935,0.1668226904814208
4783,0.4846,4,44,4,112588,493022,9236,98720,4.566879098892141,0.1668294628402243
4784,0.4847,5,28,5,112616,492994,9241,98715,4.566619733965689,0.1668303169294366
4785,0.4848,2,22,2,112638,492972,9243,98713,4.566415947237764,0.16683370374439102
4786,0.4849,0,12,0,112650,492960,9243,98713,4.566304790840713,0.16683708737765623
4787,0.485,6,62,6,112712,492898,9249,98707,4.565730482789284,0.16684612199017926
4788,0.4851,3,19,3,112731,492879,9252,98704,4.565554485160621,0.16684725558374733
4789,0.4852,4,38,4,112769,492841,9256,98700,4.565202489903294,0.16685233990543344
4790,0.4853,6,30,6,112799,492811,9262,98694,4.564924598910667,0.16685235120582242
4791,0.4854,4,30,4,112829,492781,9266,98690,4.56464670791804,0.16685517971295297
4792,0.4855,4,25,4,112854,492756,9270,98686,4.5644151320908515,0.1668565979419791
4793,0.4856,5,25,5,112879,492731,9275,98681,4.564183556263663,0.16685660757644416
4794,0.4857,6,33,6,112912,492698,9281,98675,4.563877876171774,0.16685746559278156
4795,0.4858,3,38,3,112950,492660,9284,98672,4.5635258809144466,0.1668639613618069
4796,0.4859,0,13,0,112963,492647,9284,98672,4.563405461484308,0.16686762982417275
4797,0.486,5,37,5,113000,492610,9289,98667,4.563062729260069,0.16687102660851005
4798,0.4861,4,42,4,113042,492568,9293,98663,4.5626736818703915,0.16687724425816644
4799,0.4862,5,36,5,113078,492532,9298,98658,4.562340212679239,0.1668803599519613
4800,0.4863,2,6,2,113084,492526,9300,98656,4.562284634480714,0.16687923515939254
4801,0.4864,4,28,4,113112,492498,9304,98652,4.562025269554263,0.166881502156813
4802,0.4865,5,42,5,113154,492456,9309,98647,4.561636222164585,0.16688631253774722
4803,0.4866,2,31,2,113185,492425,9311,98645,4.561349068138871,0.16689224626524776
4804,0.4867,4,36,4,113221,492389,9315,98641,4.561015598947719,0.16689677342943673
4805,0.4868,9,65,9,113286,492324,9324,98632,4.560413501797028,0.16690244282146216
4806,0.4869,6,48,6,113334,492276,9330,98626,4.559968876208826,0.1669075413520347
4807,0.487,2,14,2,113348,492262,9332,98624,4.5598391937456,0.1669086761236516
4808,0.4871,0,20,0,113368,492242,9332,98624,4.559653933083849,0.16691432575237025
4809,0.4872,3,73,3,113441,492169,9335,98621,4.558977731668458,0.16693071988354577
4810,0.4873,3,41,3,113482,492128,9338,98618,4.558597947311868,0.1669380749086748
4811,0.4874,3,26,3,113508,492102,9341,98615,4.558357108451592,0.16694119180589012
4812,0.4875,2,53,2,113561,492049,9343,98613,4.557866167697951,0.16695335064723987
4813,0.4876,1,36,1,113597,492013,9344,98612,4.557532698506799,0.1669621164021164
4814,0.4877,6,54,6,113651,491959,9350,98606,4.5570324947200715,0.16696891959394816
4815,0.4878,3,25,3,113676,491934,9353,98603,4.556800918892883,0.1669717562151059
4816,0.4879,5,88,5,113764,491846,9358,98598,4.555985771981177,0.16698958749686676
4817,0.488,1,22,1,113786,491824,9359,98597,4.555781985253251,0.16699439891196283
4818,0.4881,4,20,4,113806,491804,9363,98593,4.5555967245915,0.1669944122344795
4819,0.4882,1,10,1,113816,491794,9364,98592,4.555504094260625,0.16699582984691372
4820,0.4883,3,32,3,113848,491762,9367,98589,4.555207677201823,0.16700064876658124
4821,0.4884,0,19,0,113867,491743,9367,98589,4.555031679573159,0.1670060237290203
4822,0.4885,5,19,5,113886,491724,9372,98584,4.554855681944496,0.1670043434952601
4823,0.4886,3,22,3,113908,491702,9375,98581,4.55465189521657,0.16700633424984287
4824,0.4887,8,49,8,113957,491653,9383,98573,4.554198006595279,0.16700890845201669
4825,0.4888,4,16,4,113973,491637,9387,98569,4.554049798065878,0.167007790500266
4826,0.4889,3,26,3,113999,491611,9390,98566,4.553808959205602,0.16701091367505003
4827,0.489,4,37,4,114036,491574,9394,98562,4.553466226981363,0.16701573874496725
4828,0.4891,9,102,9,114138,491472,9403,98553,4.552521397606432,0.1670319054277361
4829,0.4892,5,40,5,114178,491432,9408,98548,4.55215087628293,0.16703617071765145
4830,0.4893,1,15,1,114193,491417,9409,98547,4.552011930786617,0.1670390057698436
4831,0.4894,6,27,6,114220,491390,9415,98541,4.551761828893253,0.1670381790412777
4832,0.4895,0,18,0,114238,491372,9415,98541,4.551595094297677,0.16704327587288295
4833,0.4896,0,6,0,114244,491366,9415,98541,4.551539516099152,0.16704497488587183
4834,0.4897,4,28,4,114272,491338,9419,98537,4.5512801511727,0.1670472557745285
4835,0.4898,4,20,4,114292,491318,9423,98533,4.5510948905109485,0.16704727126003008
4836,0.4899,2,81,2,114373,491237,9425,98531,4.550344584830857,0.16706738921067268
4837,0.49,3,36,3,114409,491201,9428,98528,4.550011115639705,0.16707335064071802
4838,0.4901,8,37,8,114446,491164,9436,98520,4.549668383415465,0.1670725337638464
4839,0.4902,5,28,5,114474,491136,9441,98515,4.549409018489014,0.16707340443754018
4840,0.4903,10,115,10,114589,491021,9451,98505,4.548343769683945,0.16709186702537293
4841,0.4904,0,20,0,114609,491001,9451,98505,4.548158509022194,0.16709753590294246
4842,0.4905,4,11,4,114620,490990,9455,98501,4.548056615658231,0.1670950022985932
4843,0.4906,11,61,11,114681,490929,9466,98490,4.54749157063989,0.16709675120754505
4844,0.4907,1,26,1,114707,490903,9467,98489,4.547250731779614,0.1671027092325651
4845,0.4908,2,19,2,114726,490884,9469,98487,4.54707473415095,0.16710526985549
4846,0.4909,5,24,5,114750,490860,9474,98482,4.546852421356849,0.16710500863675082
4847,0.491,2,20,2,114770,490840,9476,98480,4.546667160695098,0.16710785311884885
4848,0.4911,2,20,2,114790,490820,9478,98478,4.5464819000333465,0.16711069781333043
4849,0.4912,1,12,1,114802,490808,9479,98477,4.546370743636296,0.16711268740931806
4850,0.4913,6,50,6,114852,490758,9485,98471,4.545907591981918,0.16711838690899464
4851,0.4914,7,103,7,114955,490655,9492,98464,4.5449534995739,0.16713770901973965
4852,0.4915,3,43,3,114998,490612,9495,98461,4.5445551891511355,0.16714566785440854
4853,0.4916,4,17,4,115015,490595,9499,98457,4.544397717588647,0.1671448361095455
4854,0.4917,5,117,5,115132,490478,9504,98452,4.543313942717403,0.1671709710831508
4855,0.4918,0,37,0,115169,490441,9504,98452,4.542971210493164,0.16718147439348066
4856,0.4919,5,43,5,115212,490398,9509,98447,4.542572900070399,0.16718661107761804
4857,0.492,5,20,5,115232,490378,9514,98442,4.5423876394086475,0.16718521789341395
4858,0.4921,0,15,0,115247,490363,9514,98442,4.5422486939123345,0.1671894769915337
4859,0.4922,3,24,3,115271,490339,9517,98439,4.542026381118234,0.16719204861594691
4860,0.4923,3,20,3,115291,490319,9520,98436,4.541841120456482,0.16719348455639443
4861,0.4924,9,92,9,115383,490227,9529,98427,4.540988921412428,0.16720688214129184
4862,0.4925,4,26,4,115409,490201,9533,98423,4.540748082552151,0.16720860855146918
4863,0.4926,8,68,8,115477,490133,9541,98415,4.540118196302197,0.16721660765137253
4864,0.4927,4,25,4,115502,490108,9545,98411,4.539886620475008,0.16721805073413093
4865,0.4928,5,28,5,115530,490080,9550,98406,4.539627255548557,0.16721893129148357
4866,0.4929,1,31,1,115561,490049,9551,98405,4.539340101522843,0.1672263252522712
4867,0.493,6,44,6,115605,490005,9557,98399,4.53893252806699,0.1672303383389644
4868,0.4931,3,84,3,115689,489921,9560,98396,4.538154433287636,0.16724996897930877
4869,0.4932,9,102,9,115791,489819,9569,98387,4.5372096039127054,0.16726622985824693
4870,0.4933,2,18,2,115809,489801,9571,98385,4.537042869317129,0.16726851710173313
4871,0.4934,17,95,17,115904,489706,9588,98368,4.536162881173811,0.16727146583593222
4872,0.4935,2,45,2,115949,489661,9590,98366,4.535746044684871,0.16728143435590542
4873,0.4936,7,47,7,115996,489614,9597,98359,4.535310682129756,0.1672848923334915
4874,0.4937,6,51,6,116047,489563,9603,98353,4.534838267442291,0.1672909055035073
4875,0.4938,2,10,2,116057,489553,9605,98351,4.534745637111416,0.16729091824515568
4876,0.4939,3,20,3,116077,489533,9608,98348,4.534560376449664,0.16729236018854157
4877,0.494,3,14,3,116091,489519,9611,98345,4.5344306939864385,0.16729209477021897
4878,0.4941,3,42,3,116133,489477,9614,98342,4.534041646596761,0.16729979806709208
4879,0.4942,9,165,9,116298,489312,9623,98333,4.532513246137315,0.16733401968875766
4880,0.4943,2,31,2,116329,489281,9625,98331,4.532226092111601,0.1673400134782816
4881,0.4944,1,27,1,116356,489254,9626,98330,4.531975990218237,0.16734628580764624
4882,0.4945,4,30,4,116386,489224,9630,98326,4.53169809922561,0.1673491617734661
4883,0.4946,6,101,6,116487,489123,9636,98320,4.5307625328837675,0.16736942988511225
4884,0.4947,1,17,1,116504,489106,9637,98319,4.530605061321279,0.16737285610929054
4885,0.4948,1,31,1,116535,489075,9638,98318,4.530317907295565,0.16738027181120646
4886,0.4949,7,80,7,116615,488995,9645,98311,4.52957686464856,0.16739314769472813
4887,0.495,3,41,3,116656,488954,9648,98308,4.529197080291971,0.1674005810013248
4888,0.4951,3,27,3,116683,488927,9651,98305,4.528946978398607,0.16740402430385265
4889,0.4952,13,75,13,116758,488852,9664,98292,4.52825225091704,0.16740697341708338
4890,0.4953,2,22,2,116780,488830,9666,98290,4.528048464189114,0.16741041013762092
4891,0.4954,9,54,9,116834,488776,9675,98281,4.527548260402386,0.16741304507058088
4892,0.4955,6,67,6,116901,488709,9681,98275,4.52692763718552,0.16742364357461192
4893,0.4956,3,56,3,116957,488653,9684,98272,4.526408907332617,0.1674353622694552
4894,0.4957,7,103,7,117060,488550,9691,98265,4.525454814924599,0.16745481966207407
4895,0.4958,5,40,5,117100,488510,9696,98260,4.525084293601097,0.16745914071953236
4896,0.4959,8,29,8,117129,488481,9704,98252,4.524815665641557,0.16745606604707763
4897,0.496,3,58,3,117187,488423,9707,98249,4.52427840972248,0.16746836392396433
4898,0.4961,6,31,6,117218,488392,9713,98243,4.523991255696766,0.1674686985945264
4899,0.4962,0,3,0,117221,488389,9713,98243,4.523963466597503,0.16746955501916022
4900,0.4963,3,29,3,117250,488360,9716,98240,4.523694838637963,0.16747357654278897
4901,0.4964,1,25,1,117275,488335,9717,98239,4.5234632628107745,0.16747929502500963
4902,0.4965,5,22,5,117297,488313,9722,98234,4.523259476082848,0.1674784799854061
4903,0.4966,7,50,7,117347,488263,9729,98227,4.522796324428471,0.16748282153148392
4904,0.4967,2,21,2,117368,488242,9731,98225,4.522601800733632,0.16748597960328543
4905,0.4968,1,98,1,117466,488144,9732,98224,4.521694023491052,0.16751255184457542
4906,0.4969,3,26,3,117492,488118,9735,98221,4.521453184630776,0.16751572042794355
4907,0.497,1,33,1,117525,488085,9736,98220,4.521147504538886,0.16752372911709776
4908,0.4971,2,12,2,117537,488073,9738,98218,4.521036348141836,0.16752431812871083
4909,0.4972,7,12,7,117549,488061,9745,98211,4.520925191744785,0.16751780743409203
4910,0.4973,4,34,4,117583,488027,9749,98207,4.520610248619808,0.1675218428136205
4911,0.4974,7,41,7,117624,487986,9756,98200,4.520230464263219,0.1675236187831166
4912,0.4975,6,38,6,117662,487948,9762,98194,4.519878469005891,0.16752595787368932
4913,0.4976,7,18,7,117680,487930,9769,98187,4.519711734410316,0.16752116045089974
4914,0.4977,3,24,3,117704,487906,9772,98184,4.519489421616214,0.16752375914961867
4915,0.4978,3,20,3,117724,487886,9775,98181,4.519304160954463,0.16752521469388312
4916,0.4979,2,25,2,117749,487861,9777,98179,4.519072585127274,0.16752952016927172
4917,0.498,10,25,10,117774,487836,9787,98169,4.518841009300085,0.16752246141244528
4918,0.4981,3,40,3,117814,487796,9790,98166,4.518470487976583,0.16752963502752738
4919,0.4982,3,42,3,117856,487754,9793,98163,4.518081440586906,0.16753738157452336
4920,0.4983,0,17,0,117873,487737,9793,98163,4.517923969024418,0.16754224270353302
4921,0.4984,2,38,2,117911,487699,9795,98161,4.51757197376709,0.16755026798211176
4922,0.4985,5,58,5,117969,487641,9800,98156,4.517034717848012,0.16755975192771558
4923,0.4986,1,18,1,117987,487623,9801,98155,4.516867983252436,0.1675634796800153
4924,0.4987,1,30,1,118017,487593,9802,98154,4.5165900922598095,0.16757064056666104
4925,0.4988,2,33,2,118050,487560,9804,98152,4.51628441216792,0.167577239325812
4926,0.4989,3,8,3,118058,487552,9807,98149,4.516210307903219,0.16757526451209748
4927,0.499,8,155,8,118213,487397,9815,98141,4.514774537774649,0.1676082508735556
4928,0.4991,1,34,1,118247,487363,9816,98140,4.514459594649672,0.16761656216962167
4929,0.4992,11,62,11,118309,487301,9827,98129,4.513885286598244,0.1676186734537007
4930,0.4993,5,15,5,118324,487286,9832,98124,4.51374634110193,0.16761585897063597
4931,0.4994,4,16,4,118340,487270,9836,98120,4.51359813257253,0.16761475255812364
4932,0.4995,7,121,7,118461,487149,9843,98113,4.512477305568935,0.16763945036581906
4933,0.4996,8,142,8,118603,487007,9851,98105,4.511161954870503,0.16766875401632508
4934,0.4997,6,41,6,118644,486966,9857,98099,4.510782170513913,0.16767196807192364
4935,0.4998,3,22,3,118666,486944,9860,98096,4.510578383785987,0.1676740051962259
4936,0.4999,2,50,2,118716,486894,9862,98094,4.510115232131609,0.16768549098443045
4937,0.5,1,20,1,118736,486874,9863,98093,4.509929971469858,0.1676898013050309
4938,0.5001,3,52,3,118788,486822,9866,98090,4.509448293749306,0.16770044040812976
4939,0.5002,5,30,5,118818,486792,9871,98085,4.509170402756679,0.16770192707184586
4940,0.5003,3,44,3,118862,486748,9874,98082,4.508762829300826,0.1677102747807055
4941,0.5004,2,19,2,118881,486729,9876,98080,4.5085868316721625,0.16771287719580238
4942,0.5005,3,16,3,118897,486713,9879,98077,4.508438623142762,0.16771319619008532
4943,0.5006,3,21,3,118918,486692,9882,98074,4.508244099447923,0.16771494922755428
4944,0.5007,5,34,5,118952,486658,9887,98069,4.507929156322946,0.16771758444539075
4945,0.5008,3,28,3,118980,486630,9890,98066,4.507669791396495,0.16772134579336956
4946,0.5009,4,36,4,119016,486594,9894,98062,4.507336322205343,0.16772597903724584
4947,0.501,2,28,2,119044,486566,9896,98060,4.507076957278891,0.1677311648814798
4948,0.5011,0,16,0,119060,486550,9896,98060,4.50692874874949,0.16773575546090555
4949,0.5012,2,19,2,119079,486531,9898,98058,4.506752751120827,0.1677383597707107
4950,0.5013,5,111,5,119190,486420,9903,98053,4.505724554448109,0.1677630959856144
4951,0.5014,6,46,6,119236,486374,9909,98047,4.505298454926081,0.16776775646323455
4952,0.5015,6,56,6,119292,486318,9915,98041,4.504779725073178,0.16777528882074205
4953,0.5016,2,19,2,119311,486299,9917,98039,4.504603727444515,0.16777789566997184
4954,0.5017,6,22,6,119333,486277,9923,98033,4.5043999407165884,0.16777566702606492
4955,0.5018,2,27,2,119360,486250,9925,98031,4.504149838823224,0.16778057133468313
4956,0.5019,2,17,2,119377,486233,9927,98029,4.503992367260736,0.16778260437954207
4957,0.502,7,28,7,119405,486205,9934,98022,4.503733002334284,0.16778067429269788
4958,0.5021,5,47,5,119452,486158,9939,98017,4.503297639779169,0.1677870501134078
4959,0.5022,6,99,6,119551,486059,9945,98011,4.502380599503502,0.16780694094885887
4960,0.5023,5,30,5,119581,486029,9950,98006,4.502102708510875,0.16780843613824514
4961,0.5024,5,17,5,119598,486012,9955,98001,4.501945236948386,0.16780619609494993
4962,0.5025,2,53,2,119651,485959,9957,97999,4.501454296194746,0.167818575993479
4963,0.5026,1,21,1,119672,485938,9958,97998,4.501259772499908,0.1678231861025866
4964,0.5027,3,75,3,119747,485863,9961,97995,4.500565045018341,0.16784046805901434
4965,0.5028,4,32,4,119779,485831,9965,97991,4.500268627959539,0.1678439661403647
4966,0.5029,4,28,4,119807,485803,9969,97987,4.500009263033087,0.16784631459942786
4967,0.503,6,42,6,119849,485761,9975,97981,4.49962021564341,0.167849837770796
4968,0.5031,3,18,3,119867,485743,9978,97978,4.499453481047834,0.1678507369102705
4969,0.5032,4,51,4,119918,485692,9982,97974,4.498981066360369,0.16785970058218228
4970,0.5033,6,27,6,119945,485665,9988,97968,4.498730964467005,0.1678589113364049
4971,0.5034,5,31,5,119976,485634,9993,97963,4.498443810441291,0.16786069839289783
4972,0.5035,2,118,2,120094,485516,9995,97961,4.49735077253696,0.16789179350685632
4973,0.5036,4,35,4,120129,485481,9999,97957,4.497026566378895,0.16789616034608648
4974,0.5037,6,31,6,120160,485450,10005,97951,4.496739412353181,0.1678965240032156
4975,0.5038,5,17,5,120177,485433,10010,97946,4.496581940790692,0.1678942848474148
4976,0.5039,2,20,2,120197,485413,10012,97944,4.4963966801289414,0.16789718817122276
4977,0.504,1,34,1,120231,485379,10013,97943,4.496081737003965,0.16790554787921594
4978,0.5041,9,82,9,120313,485297,10022,97934,4.495322168290786,0.16791631446202276
4979,0.5042,2,11,2,120324,485286,10024,97932,4.495220274926822,0.16791662808761046
4980,0.5043,5,55,5,120379,485231,10029,97927,4.494710808107007,0.1679253306993988
4981,0.5044,4,92,4,120471,485139,10033,97923,4.4938586090629515,0.1679461189376087
4982,0.5045,4,19,4,120490,485120,10037,97919,4.493682611434288,0.16794588355152915
4983,0.5046,2,10,2,120500,485110,10039,97917,4.493589981103413,0.16794590988067448
4984,0.5047,7,33,7,120533,485077,10046,97910,4.493284301011523,0.16794542588428216
4985,0.5048,3,38,3,120571,485039,10049,97907,4.492932305754196,0.16795209161740537
4986,0.5049,5,94,5,120665,484945,10054,97902,4.492061580643966,0.16797204068992377
4987,0.505,2,15,2,120680,484930,10056,97900,4.491922635147652,0.16797350857025203
4988,0.5051,6,63,6,120743,484867,10062,97894,4.491339064063137,0.16798310113408413
4989,0.5052,2,22,2,120765,484845,10064,97892,4.491135277335211,0.16798658743137984
4990,0.5053,8,54,8,120819,484791,10072,97884,4.490635073548483,0.16799073239799203
4991,0.5054,1,24,1,120843,484767,10073,97883,4.490412760754381,0.167996224148288
4992,0.5055,3,40,3,120883,484727,10076,97880,4.490042239430879,0.16800347403996177
4993,0.5056,3,22,3,120905,484705,10079,97877,4.489838452702953,0.16800553398491544
4994,0.5057,7,35,7,120940,484670,10086,97870,4.489514246544888,0.16800563051464276
4995,0.5058,2,30,2,120970,484640,10088,97868,4.489236355552262,0.16801142645251224
4996,0.5059,8,34,8,121004,484606,10096,97860,4.488921412427286,0.168009806580985
4997,0.506,7,43,7,121047,484563,10103,97853,4.48852310200452,0.16801221120298893
4998,0.5061,6,41,6,121088,484522,10109,97847,4.488143317647931,0.16801546785629043
4999,0.5062,2,21,2,121109,484501,10111,97845,4.487948793953092,0.16801866931343223
5000,0.5063,2,61,2,121170,484440,10113,97843,4.487383748934751,0.16803341330590107
5001,0.5064,2,9,2,121179,484431,10115,97841,4.487300381636963,0.16803315289074522
5002,0.5065,12,169,12,121348,484262,10127,97829,4.485734929045167,0.16806478712091408
5003,0.5066,0,14,0,121362,484248,10127,97829,4.485605246581941,0.16806882938167975
5004,0.5067,2,45,2,121407,484203,10129,97827,4.485188410093001,0.16807896500180403
5005,0.5068,6,93,6,121500,484110,10135,97821,4.484326948015858,0.16809724864288034
5006,0.5069,2,31,2,121531,484079,10137,97819,4.484039793990144,0.16810334457241646
5007,0.507,9,35,9,121566,484044,10146,97810,4.48371558783208,0.16810058880750153
5008,0.5071,3,19,3,121585,484025,10149,97807,4.483539590203416,0.16810178883251523
5009,0.5072,4,40,4,121625,483985,10153,97803,4.483169068879914,0.16810762683314198
5010,0.5073,4,46,4,121671,483939,10157,97799,4.482742969357886,0.16811519962594845
5011,0.5074,4,47,4,121718,483892,10161,97795,4.482307606802771,0.1681230627468037
5012,0.5075,0,8,0,121726,483884,10161,97795,4.482233502538071,0.16812537499204888
5013,0.5076,4,59,4,121785,483825,10165,97791,4.481686983585905,0.1681367087562928
5014,0.5077,3,33,3,121818,483792,10168,97788,4.481381303494016,0.16814195811410296
5015,0.5078,5,33,5,121851,483759,10173,97783,4.481075623402127,0.16814434726984465
5016,0.5079,6,17,6,121868,483742,10179,97777,4.480918151839639,0.16814067984021158
5017,0.508,5,44,5,121912,483698,10184,97772,4.480510578383786,0.16814625002149725
5018,0.5081,6,31,6,121943,483667,10190,97766,4.480223424358072,0.16814663082418782
5019,0.5082,1,64,1,122007,483603,10191,97765,4.479630590240468,0.1681637104209382
5020,0.5083,3,30,3,122037,483573,10194,97762,4.479352699247841,0.16816809584834905
5021,0.5084,4,43,4,122080,483530,10198,97758,4.478954388825077,0.16817481179725025
5022,0.5085,13,248,13,122328,483282,10211,97745,4.476657156619363,0.16822798252060575
5023,0.5086,2,18,2,122346,483264,10213,97743,4.4764904220237876,0.1682303311319829
5024,0.5087,3,46,3,122392,483218,10216,97740,4.47606432250176,0.16823935637343834
5025,0.5088,4,107,4,122499,483111,10220,97736,4.4750731779613915,0.16826462045943252
5026,0.5089,7,69,7,122568,483042,10227,97729,4.474434028678351,0.16827458671317955
5027,0.509,3,46,3,122614,482996,10230,97726,4.474007929156323,0.16828361935659403
5028,0.5091,5,61,5,122675,482935,10235,97721,4.473442884137982,0.16829413628723375
5029,0.5092,6,29,6,122704,482906,10241,97715,4.473174256178443,0.16829394734258665
5030,0.5093,6,21,6,122725,482885,10247,97709,4.472979732483604,0.16829143945683214
5031,0.5094,8,60,8,122785,482825,10255,97701,4.472423950498351,0.1682973716939465
5032,0.5095,2,35,2,122820,482790,10257,97699,4.472099744340286,0.1683046534904193
5033,0.5096,5,58,5,122878,482732,10262,97694,4.471562488421209,0.16831430707790485
5034,0.5097,7,41,7,122919,482691,10269,97687,4.471182704064619,0.16831616636054433
5035,0.5098,4,33,4,122952,482658,10273,97683,4.470877023972729,0.16832000496259958
5036,0.5099,2,14,2,122966,482644,10275,97681,4.470747341509504,0.16832119932796277
5037,0.51,4,40,4,123006,482604,10279,97677,4.470376820186002,0.16832706912685405
5038,0.5101,4,35,4,123041,482569,10283,97673,4.470052614027938,0.1683314892751645
5039,0.5102,4,63,4,123104,482506,10287,97669,4.469469042943421,0.1683440341276339
5040,0.5103,8,22,8,123126,482484,10295,97661,4.469265256215495,0.1683389497453223
5041,0.5104,7,25,7,123151,482459,10302,97654,4.469033680388306,0.16833616898776618
5042,0.5105,5,19,5,123170,482440,10307,97649,4.4688576827596425,0.16833451418661619
5043,0.5106,5,32,5,123202,482408,10312,97644,4.468561265700841,0.16833663188817555
5044,0.5107,4,31,4,123233,482377,10316,97640,4.468274111675127,0.16833989348588058
5045,0.5108,4,25,4,123258,482352,10320,97636,4.468042535847938,0.16834141396028884
5046,0.5109,4,26,4,123284,482326,10324,97632,4.467801696987662,0.16834322485421357
5047,0.511,7,24,7,123308,482302,10331,97625,4.46757938419356,0.1683401531572077
5048,0.5111,5,29,5,123337,482273,10336,97620,4.4673107562340215,0.16834140091361682
5049,0.5112,5,72,5,123409,482201,10341,97615,4.466643817851717,0.16835513335264982
5050,0.5113,0,16,0,123425,482185,10341,97615,4.466495609322316,0.1683597792342187
5051,0.5114,6,57,6,123482,482128,10347,97609,4.465967616436326,0.16836772536512246
5052,0.5115,6,96,6,123578,482032,10353,97603,4.465078365259921,0.16838700216515565
5053,0.5116,4,19,4,123597,482013,10357,97599,4.464902367631257,0.168386782882342
5054,0.5117,5,42,5,123639,481971,10362,97594,4.46451332024158,0.16839181109970408
5055,0.5118,5,21,5,123660,481950,10367,97589,4.464318796546741,0.16839073815567202
5056,0.5119,1,45,1,123705,481905,10368,97588,4.463901960057801,0.16840237932123425
5057,0.512,7,33,7,123738,481872,10375,97581,4.463596279965912,0.16840192388338657
5058,0.5121,6,29,6,123767,481843,10381,97575,4.463327652006373,0.16840174105740588
5059,0.5122,0,23,0,123790,481820,10381,97575,4.463114602245359,0.16840842603060088
5060,0.5123,4,51,4,123841,481769,10385,97571,4.462642187557894,0.16841750957986676
5061,0.5124,3,33,3,123874,481736,10388,97568,4.462336507466005,0.16842279701158633
5062,0.5125,4,24,4,123898,481712,10392,97564,4.462114194671903,0.16842403275813256
5063,0.5126,5,34,5,123932,481678,10397,97559,4.4617992515469265,0.1684267406950868
5064,0.5127,5,52,5,123984,481626,10402,97554,4.461317573826373,0.16843468351807728
5065,0.5128,1,53,1,124037,481573,10403,97553,4.460826633072734,0.16844866229456112
5066,0.5129,5,35,5,124072,481538,10408,97548,4.460502426914669,0.1684516634834895
5067,0.513,5,41,5,124113,481497,10413,97543,4.460122642558079,0.16845641061066594
5068,0.5131,8,64,8,124177,481433,10421,97535,4.459529808440475,0.16846354202650232
5069,0.5132,3,25,3,124202,481408,10424,97532,4.459298232613287,0.16846650775555325
5070,0.5133,2,21,2,124223,481387,10426,97530,4.459103708918448,0.16846974609486334
5071,0.5134,5,46,5,124269,481341,10431,97525,4.458677609396421,0.16847595125642204
5072,0.5135,6,12,6,124281,481329,10437,97519,4.45856645299937,0.16847082481065842
5073,0.5136,8,128,8,124409,481201,10445,97511,4.4573807847641636,0.1684965924328509
5074,0.5137,4,29,4,124438,481172,10449,97507,4.457112156804624,0.16849928889764446
5075,0.5138,2,36,2,124474,481136,10451,97505,4.456778687613472,0.16850689805941854
5076,0.5139,8,46,8,124520,481090,10459,97497,4.456352588091445,0.1685087981582718
5077,0.514,4,55,4,124575,481035,10463,97493,4.455843121271629,0.1685190690856795
5078,0.5141,4,62,4,124637,480973,10467,97489,4.455268813220201,0.16853138149091904
5079,0.5142,1,17,1,124654,480956,10468,97488,4.455111341657712,0.1685348970686877
5080,0.5143,2,22,2,124676,480934,10470,97486,4.454907554929786,0.16853843228104146
5081,0.5144,4,32,4,124708,480902,10474,97482,4.454611137870985,0.16854200669451438
5082,0.5145,1,8,1,124716,480894,10475,97481,4.454537033606284,0.16854290036740868
5083,0.5146,6,31,6,124747,480863,10481,97475,4.45424987958057,0.1685433085842535
5084,0.5147,6,48,6,124795,480815,10487,97469,4.453805253992368,0.1685486715869711
5085,0.5148,3,18,3,124813,480797,10490,97466,4.453638519396791,0.16854960459168233
5086,0.5149,1,26,1,124839,480771,10491,97465,4.453397680536515,0.16855574540499035
5087,0.515,1,48,1,124887,480723,10492,97464,4.4529530549483125,0.16856830056711755
5088,0.5151,1,26,1,124913,480697,10493,97463,4.4527122160880355,0.16857444306074443
5089,0.5152,3,30,3,124943,480667,10496,97460,4.4524343250954095,0.1685788762676713
5090,0.5153,6,63,6,125006,480604,10502,97454,4.451850754010893,0.1685886191351041
5091,0.5154,5,52,5,125058,480552,10507,97449,4.451369076290341,0.16859659412353958
5092,0.5155,0,17,0,125075,480535,10507,97449,4.4512116047278525,0.16860155298416565
5093,0.5156,2,115,2,125190,480420,10509,97447,4.450146355922783,0.16863222852317228
5094,0.5157,4,31,4,125221,480389,10513,97443,4.449859201897069,0.16863552035885862
5095,0.5158,3,44,3,125265,480345,10516,97440,4.449451628441217,0.1686440457955814
5096,0.5159,3,60,3,125325,480285,10519,97437,4.448895846455963,0.16865724344927144
5097,0.516,7,27,7,125352,480258,10526,97430,4.4486457445626,0.16865505255431998
5098,0.5161,5,22,5,125374,480236,10531,97425,4.448441957834674,0.16865427993234786
5099,0.5162,4,42,4,125416,480194,10535,97421,4.448052910444996,0.16866078616379424
5100,0.5163,3,15,3,125431,480179,10538,97418,4.4479139649486825,0.16866084830773012
5101,0.5164,1,15,1,125446,480164,10539,97417,4.4477750194523695,0.16866378914818875
5102,0.5165,6,87,6,125533,480077,10545,97411,4.446969135573752,0.16868056132768128
5103,0.5166,3,24,3,125557,480053,10548,97408,4.446746822779651,0.16868325306817256
5104,0.5167,3,29,3,125586,480024,10551,97405,4.446478194820112,0.16868740572434013
5105,0.5168,7,35,7,125621,479989,10558,97398,4.446153988662047,0.16868755271594268
5106,0.5169,2,12,2,125633,479977,10560,97396,4.446042832264997,0.1686881790454351
5107,0.517,1,20,1,125653,479957,10561,97395,4.445857571603246,0.16869258268785767
5108,0.5171,4,29,4,125682,479928,10565,97391,4.445588943643707,0.16869529670771272
5109,0.5172,5,40,5,125722,479888,10570,97386,4.445218422320204,0.1686997855437799
5110,0.5173,2,35,2,125757,479853,10572,97384,4.44489421616214,0.1687071341580668
5111,0.5174,0,30,0,125787,479823,10572,97384,4.444616325169513,0.16871590261379366
5112,0.5175,1,19,1,125806,479804,10573,97383,4.44444032754085,0.16872001621658145
5113,0.5176,2,45,2,125851,479759,10575,97381,4.44402349105191,0.16873029074401358
5114,0.5177,7,45,7,125896,479714,10582,97374,4.44360665456297,0.1687333647554619
5115,0.5178,2,43,2,125939,479671,10584,97372,4.4432083441402055,0.16874305727649413
5116,0.5179,4,67,4,126006,479604,10588,97368,4.442587720923339,0.16875688941577754
5117,0.518,7,132,7,126138,479472,10595,97361,4.441365000555782,0.168785419696862
5118,0.5181,1,15,1,126153,479457,10596,97360,4.441226055059468,0.168788367887909
5119,0.5182,5,49,5,126202,479408,10601,97355,4.440772166438179,0.1687955017918972
5120,0.5183,3,24,3,126226,479384,10604,97352,4.440549853644077,0.16879820229706485
5121,0.5184,2,51,2,126277,479333,10606,97350,4.440077438956612,0.16881024757102256
5122,0.5185,12,105,12,126382,479228,10618,97338,4.439104820482418,0.1688236906095746
5123,0.5186,4,34,4,126416,479194,10622,97334,4.438789877357442,0.1688278799988899
5124,0.5187,2,20,2,126436,479174,10624,97332,4.438604616695691,0.16883085345165533
5125,0.5188,9,82,9,126518,479092,10633,97323,4.437845047982512,0.16884189342747846
5126,0.5189,6,54,6,126572,479038,10639,97317,4.437344844195784,0.1688490600411205
5127,0.519,4,29,4,126601,479009,10643,97313,4.437076216236244,0.16885178771589493
5128,0.5191,3,35,3,126636,478974,10646,97310,4.43675201007818,0.1688577159872563
5129,0.5192,9,145,9,126781,478829,10655,97301,4.435408870280485,0.16888723031260305
5130,0.5193,3,20,3,126801,478809,10658,97298,4.435223609618734,0.16888876545502832
5131,0.5194,6,99,6,126900,478710,10664,97292,4.434306569343065,0.1689091357321676
5132,0.5195,8,105,8,127005,478605,10672,97284,4.433333950868873,0.16892838724129128
5133,0.5196,3,37,3,127042,478568,10675,97281,4.432991218644633,0.1689349117563806
5134,0.5197,1,17,1,127059,478551,10676,97280,4.432833747082144,0.16893845590112377
5135,0.5198,2,25,2,127084,478526,10678,97278,4.432602171254956,0.16894290418267327
5136,0.5199,4,28,4,127112,478498,10682,97274,4.432342806328505,0.16894534642184753
5137,0.52,1,81,1,127193,478417,10683,97273,4.431592500648413,0.16896767357431952
5138,0.5201,2,22,2,127215,478395,10685,97271,4.431388713920486,0.16897124374203096
5139,0.5202,6,39,6,127254,478356,10691,97265,4.431027455630072,0.16897402978696052
5140,0.5203,4,40,4,127294,478316,10695,97261,4.430656934306569,0.16897999746341497
5141,0.5204,4,28,4,127322,478288,10699,97257,4.430397569380117,0.16898244272819676
5142,0.5205,2,21,2,127343,478267,10701,97255,4.430203045685279,0.16898572078912708
5143,0.5206,8,28,8,127371,478239,10709,97247,4.429943680758828,0.16898239053599914
5144,0.5207,1,9,1,127380,478230,10710,97246,4.42986031346104,0.1689835892374313
5145,0.5208,4,14,4,127394,478216,10714,97242,4.429730630997814,0.16898192396317369
5146,0.5209,4,43,4,127437,478173,10718,97238,4.429332320575049,0.16898877497997083
5147,0.521,2,34,2,127471,478139,10720,97236,4.429017377450072,0.16899587225722354
5148,0.5211,7,48,7,127519,478091,10727,97229,4.42857275186187,0.16899986094695127
5149,0.5212,12,91,12,127610,478000,10739,97217,4.427729815850903,0.16900926085286075
5150,0.5213,5,71,5,127681,477929,10744,97212,4.427072140501686,0.16902290047136267
5151,0.5214,2,36,2,127717,477893,10746,97210,4.426738671310534,0.16903059104195248
5152,0.5215,10,108,10,127825,477785,10756,97200,4.425738263737078,0.1690478882057793
5153,0.5216,6,127,6,127952,477658,10762,97194,4.424561858534958,0.16907656231516982
5154,0.5217,2,28,2,127980,477630,10764,97192,4.424302493608507,0.16908190709471801
5155,0.5218,0,45,0,128025,477585,10764,97192,4.423885657119567,0.16909514472569362
5156,0.5219,2,23,2,128048,477562,10766,97190,4.4236726073585535,0.1690990200991036
5157,0.522,4,67,4,128115,477495,10770,97186,4.423051984141687,0.16911295135910184
5158,0.5221,3,11,3,128126,477484,10773,97183,4.422950090777724,0.16911185086319555
5159,0.5222,1,15,1,128141,477469,10774,97182,4.422811145281411,0.16911481925551336
5160,0.5223,4,32,4,128173,477437,10778,97178,4.422514728222609,0.16911845322520297
5161,0.5224,3,32,3,128205,477405,10781,97175,4.422218311163808,0.16912353371158062
5162,0.5225,6,17,6,128222,477388,10787,97169,4.422060839601319,0.16911986104076707
5163,0.5226,8,140,8,128362,477248,10795,97161,4.420764014969062,0.16914950845129514
5164,0.5227,6,47,6,128409,477201,10801,97155,4.4203286524139465,0.16915467062240144
5165,0.5228,4,27,4,128436,477174,10805,97151,4.420078550520582,0.16915683628607495
5166,0.5229,8,162,8,128598,477012,10813,97143,4.418577939160398,0.1691929879562139
5167,0.523,4,51,4,128649,476961,10817,97139,4.418105524472933,0.16920222957672879
5168,0.5231,9,57,9,128706,476904,10826,97130,4.417577531586943,0.16920600521920304
5169,0.5232,0,18,0,128724,476886,10826,97130,4.4174107969913665,0.16921131118296354
5170,0.5233,4,26,4,128750,476860,10830,97126,4.41716995813109,0.1692131863843369
5171,0.5234,7,41,7,128791,476819,10837,97119,4.4167901737745,0.1692151417052016
5172,0.5235,3,23,3,128814,476796,10840,97116,4.416577124013487,0.16921758039560073
5173,0.5236,6,42,6,128856,476754,10846,97110,4.4161880766238095,0.16922127890928862
5174,0.5237,2,29,2,128885,476725,10848,97108,4.415919448664271,0.16922693536272748
5175,0.5238,7,63,7,128948,476662,10855,97101,4.415335877579754,0.1692353811591197
5176,0.5239,4,43,4,128991,476619,10859,97097,4.41493756715699,0.16924227318045862
5177,0.524,6,30,6,129021,476589,10865,97091,4.414659676164363,0.16924243480686096
5178,0.5241,0,14,0,129035,476575,10865,97091,4.414529993701137,0.169246565074451
5179,0.5242,5,20,5,129055,476555,10870,97086,4.414344733039386,0.1692452248008772
5180,0.5243,1,68,1,129123,476487,10871,97085,4.413714846789433,0.1692638413311668
5181,0.5244,0,14,0,129137,476473,10871,97085,4.413585164326207,0.1692679728989919
5182,0.5245,8,50,8,129187,476423,10879,97077,4.413122012671829,0.16927114210985178
5183,0.5246,2,22,2,129209,476401,10881,97075,4.412918225943903,0.1692747386115548
5184,0.5247,3,34,3,129243,476367,10884,97072,4.412603282818926,0.16928042913021263
5185,0.5248,7,54,7,129297,476313,10891,97065,4.412103079032199,0.1692862300262654
5186,0.5249,5,46,5,129343,476267,10896,97060,4.411676979510171,0.16929256776673696
5187,0.525,6,44,6,129387,476223,10902,97054,4.411269406054318,0.16929686695960242
5188,0.5251,6,23,6,129410,476200,10908,97048,4.4110563562933045,0.16929496483197498
5189,0.5252,3,25,3,129435,476175,10911,97045,4.410824780466116,0.1692980007675936
5190,0.5253,7,73,7,129508,476102,10918,97038,4.410148579050724,0.16930941829221482
5191,0.5254,5,31,5,129539,476071,10923,97033,4.40986142502501,0.16931132918283592
5192,0.5255,7,131,7,129670,475940,10930,97026,4.40864796769054,0.16933989102320207
5193,0.5256,4,27,4,129697,475913,10934,97022,4.408397865797177,0.1693420719627881
5194,0.5257,4,72,4,129769,475841,10938,97018,4.407730927414873,0.16935755569869723
5195,0.5258,5,14,5,129783,475827,10943,97013,4.407601244951647,0.16935444452203058
5196,0.5259,3,36,3,129819,475791,10946,97010,4.407267775760495,0.16936073784787387
5197,0.526,3,13,3,129832,475778,10949,97007,4.4071473563303565,0.16936023115130458
5198,0.5261,8,89,8,129921,475689,10957,96999,4.406322946385565,0.16937494761545555
5199,0.5262,3,22,3,129943,475667,10960,96996,4.406119159657639,0.16937710311300014
5200,0.5263,9,34,9,129977,475633,10969,96987,4.405804216532662,0.16937410499109357
5201,0.5264,2,44,2,130021,475589,10971,96985,4.405396643076809,0.16938421933234832
5202,0.5265,4,54,4,130075,475535,10975,96981,4.404896439290082,0.16939439247112745
5203,0.5266,6,44,6,130119,475491,10981,96975,4.404488865834229,0.1693987066480804
5204,0.5267,11,125,11,130244,475366,10992,96964,4.403330986698284,0.16941974035958277
5205,0.5268,2,26,2,130270,475340,10994,96962,4.403090147838008,0.16942453459886564
5206,0.5269,5,35,5,130305,475305,10999,96957,4.402765941679943,0.16942763978737013
5207,0.527,3,14,3,130319,475291,11002,96954,4.402636259216718,0.16942743055858941
5208,0.5271,4,35,4,130354,475256,11006,96950,4.402312053058654,0.16943198778062446
5209,0.5272,5,131,5,130485,475125,11011,96945,4.401098595724184,0.1694635271907284
5210,0.5273,4,94,4,130579,475031,11015,96941,4.4002278706139535,0.16948556922366828
5211,0.5274,1,31,1,130610,475000,11016,96940,4.399940716588239,0.16949330349337344
5212,0.5275,1,24,1,130634,474976,11017,96939,4.399718403794139,0.16949896400688913
5213,0.5276,6,20,6,130654,474956,11023,96933,4.399533143132388,0.16949617845421053
5214,0.5277,1,23,1,130677,474933,11024,96932,4.399320093371373,0.16950154319638377
5215,0.5278,3,14,3,130691,474919,11027,96929,4.399190410908147,0.1695013360193618
5216,0.5279,3,33,3,130724,474886,11030,96926,4.398884730816259,0.16950676096339357
5217,0.528,5,35,5,130759,474851,11035,96921,4.398560524658194,0.16950987456538621
5218,0.5281,3,49,3,130808,474802,11038,96918,4.398106636036904,0.16952004477716365
5219,0.5282,4,39,4,130847,474763,11042,96914,4.39774537774649,0.16952579865903297
5220,0.5283,7,50,7,130897,474713,11049,96907,4.397282226092112,0.16953045729680558
5221,0.5284,0,21,0,130918,474692,11049,96907,4.397087702397273,0.1695366856834949
5222,0.5285,11,92,11,131010,474600,11060,96896,4.396235503353218,0.16954799333678625
5223,0.5286,5,49,5,131059,474551,11065,96891,4.395781614731928,0.1695552654512619
5224,0.5287,5,114,5,131173,474437,11070,96886,4.394725628959947,0.16958183024313742
5225,0.5288,5,39,5,131212,474398,11075,96881,4.394364370669532,0.16958613917192825
5226,0.5289,10,53,10,131265,474345,11085,96871,4.3938734299158915,0.16958733648917398
5227,0.529,5,34,5,131299,474311,11090,96866,4.393558486790915,0.1695901620688508
5228,0.5291,1,52,1,131351,474259,11091,96865,4.393076809070362,0.1696041490114231
5229,0.5292,10,37,10,131388,474222,11101,96855,4.392734076846122,0.169600596767161
5230,0.5293,9,84,9,131472,474138,11110,96846,4.391955982066768,0.1696124584927073
5231,0.5294,2,14,2,131486,474124,11112,96844,4.391826299603542,0.16961370864917122
5232,0.5295,6,51,6,131537,474073,11118,96838,4.391353884916077,0.16962013343585952
5233,0.5296,6,18,6,131555,474055,11124,96832,4.391187150320501,0.1696167542788678
5234,0.5297,3,70,3,131625,473985,11127,96829,4.3905387380043726,0.16963319049637884
5235,0.5298,5,41,5,131666,473944,11132,96824,4.3901589536477825,0.1696381016455022
5236,0.5299,0,10,0,131676,473934,11132,96824,4.390066323316907,0.16964107380010443
5237,0.53,5,73,5,131749,473861,11137,96819,4.389390121901515,0.16965549870330132
5238,0.5301,1,27,1,131776,473834,11138,96818,4.389140020008152,0.1696620707541549
5239,0.5302,8,96,8,131872,473738,11146,96810,4.388250768831746,0.16967897530093876
5240,0.5303,4,50,4,131922,473688,11150,96806,4.387787617177368,0.16968802476450234
5241,0.5304,5,56,5,131978,473632,11155,96801,4.387268887324465,0.16969740530439156
5242,0.5305,6,89,6,132067,473543,11161,96795,4.386444477379674,0.16971515136638274
5243,0.5306,2,33,2,132100,473510,11163,96793,4.386138797287784,0.16972206002773965
5244,0.5307,2,40,2,132140,473470,11165,96791,4.385768275964281,0.1697310529739891
5245,0.5308,1,52,1,132192,473418,11166,96790,4.385286598243729,0.16974507548122791
5246,0.5309,7,127,7,132319,473291,11173,96783,4.38411019304161,0.16977269617628588
5247,0.531,4,80,4,132399,473211,11177,96779,4.383369150394605,0.1697906980824225
5248,0.5311,1,18,1,132417,473193,11178,96778,4.383202415799029,0.16979460358509468
5249,0.5312,4,31,4,132448,473162,11182,96774,4.382915261773315,0.16979801240841078
5250,0.5313,8,112,8,132560,473050,11190,96766,4.381877802067509,0.1698197312816769
5251,0.5314,9,53,9,132613,472997,11199,96757,4.381386861313868,0.1698224145859441
5252,0.5315,4,28,4,132641,472969,11203,96753,4.381127496387417,0.16982493215989553
5253,0.5316,6,38,6,132679,472931,11209,96747,4.38077550113009,0.1698275165970952
5254,0.5317,4,96,4,132775,472835,11213,96743,4.379886249953685,0.1698503102296788
5255,0.5318,7,29,7,132804,472806,11220,96736,4.379617621994146,0.16984875566683405
5256,0.5319,2,24,2,132828,472782,11222,96734,4.379395309200045,0.1698529979842533
5257,0.532,1,22,1,132850,472760,11223,96733,4.3791915224721185,0.16985810185551006
5258,0.5321,7,33,7,132883,472727,11230,96726,4.378885842380229,0.169857740673945
5259,0.5322,5,74,5,132957,472653,11235,96721,4.3782003779317495,0.1698725266696407
5260,0.5323,3,41,3,132998,472612,11238,96718,4.37782059357516,0.169880385716544
5261,0.5324,10,40,10,133038,472572,11248,96708,4.3774500722516585,0.1698777403035413
5262,0.5325,7,31,7,133069,472541,11255,96701,4.3771629182259435,0.16987678351210908
5263,0.5326,6,39,6,133108,472502,11261,96695,4.37680165993553,0.1698796725913875
5264,0.5327,3,23,3,133131,472479,11264,96692,4.376588610174515,0.1698821619513292
5265,0.5328,0,24,0,133155,472455,11264,96692,4.3763662973804145,0.1698893256048086
5266,0.5329,3,49,3,133204,472406,11267,96689,4.375912408759124,0.169899577399204
5267,0.533,6,116,6,133320,472290,11273,96683,4.374837896920968,0.1699254621924063
5268,0.5331,4,39,4,133359,472251,11277,96679,4.374476638630553,0.16993127449774137
5269,0.5332,4,54,4,133413,472197,11281,96675,4.373976434843826,0.16994156857781714
5270,0.5333,7,23,7,133436,472174,11288,96668,4.373763385082811,0.16993822537716977
5271,0.5334,3,27,3,133463,472147,11291,96665,4.373513283189448,0.16994191402431735
5272,0.5335,5,58,5,133521,472089,11296,96660,4.3729760272703695,0.16995194716825876
5273,0.5336,3,83,3,133604,472006,11299,96657,4.372207195524102,0.16997237379607957
5274,0.5337,8,21,8,133625,471985,11307,96649,4.372012671829264,0.16996697348382264
5275,0.5338,3,23,3,133648,471962,11310,96646,4.3717996220682505,0.1699694693004671
5276,0.5339,4,38,4,133686,471924,11314,96642,4.371447626810923,0.16997498971095704
5277,0.534,2,35,2,133721,471889,11316,96640,4.371123420652858,0.16998253387250253
5278,0.5341,5,36,5,133757,471853,11321,96635,4.370789951461707,0.16998599794542718
5279,0.5342,5,33,5,133790,471820,11326,96630,4.3704842713698175,0.16998856539713256
5280,0.5343,11,48,11,133838,471772,11337,96619,4.370039645781615,0.1699868576384918
5281,0.5344,2,14,2,133852,471758,11339,96617,4.369909963318389,0.16998812403782715
5282,0.5345,6,22,6,133874,471736,11345,96611,4.369706176590463,0.16998594168703274
5283,0.5346,7,56,7,133930,471680,11352,96604,4.36918744673756,0.16999246855445516
5284,0.5347,7,57,7,133987,471623,11359,96597,4.368659453851569,0.16999929604730563
5285,0.5348,3,20,3,134007,471603,11362,96594,4.368474193189818,0.17000089757601677
5286,0.5349,3,49,3,134056,471554,11365,96591,4.368020304568528,0.17001117672425173
5287,0.535,4,24,4,134080,471530,11369,96587,4.3677979917744265,0.17001251502771436
5288,0.5351,4,46,4,134126,471484,11373,96583,4.367371892252399,0.17002043773005648
5289,0.5352,3,92,3,134218,471392,11376,96580,4.366519693208344,0.1700435936982809
5290,0.5353,3,41,3,134259,471351,11379,96577,4.366139908851754,0.1700514853995577
5291,0.5354,3,16,3,134275,471335,11382,96574,4.365991700322353,0.17005189211651867
5292,0.5355,5,37,5,134312,471298,11387,96569,4.365648968098114,0.17005566444255432
5293,0.5356,1,42,1,134354,471256,11388,96568,4.365259920708437,0.17006678125616387
5294,0.5357,2,59,2,134413,471197,11390,96566,4.364713401756271,0.1700815304977605
5295,0.5358,6,26,6,134439,471171,11396,96560,4.364472562895995,0.1700805487105689
5296,0.5359,8,35,8,134474,471136,11404,96552,4.36414835673793,0.17007933935542058
5297,0.536,9,107,9,134581,471029,11413,96543,4.363157212197562,0.17009824304229243
5298,0.5361,10,67,10,134648,470962,11423,96533,4.362536588980696,0.17010370135419695
5299,0.5362,4,16,4,134664,470946,11427,96529,4.362388380451295,0.170102647693731
5300,0.5363,6,30,6,134694,470916,11433,96523,4.362110489458669,0.17010286568247865
5301,0.5364,5,51,5,134745,470865,11438,96518,4.361638074771203,0.17011084223531547
5302,0.5365,7,63,7,134808,470802,11445,96511,4.361054503686687,0.17011949311931862
5303,0.5366,2,20,2,134828,470782,11447,96509,4.360869243024936,0.17012256496225042
5304,0.5367,4,50,4,134878,470732,11451,96505,4.3604060913705585,0.17013170861562274
5305,0.5368,1,40,1,134918,470692,11452,96504,4.3600355700470566,0.17014224359833285
5306,0.5369,5,54,5,134972,470638,11457,96499,4.359535366260328,0.17015112750534703
5307,0.537,9,50,9,135022,470588,11466,96490,4.35907221460595,0.17015295955759172
5308,0.5371,5,102,5,135124,470486,11471,96485,4.35812738523102,0.17017625240091644
5309,0.5372,3,20,3,135144,470466,11474,96482,4.357942124569269,0.17017786463661572
5310,0.5373,1,26,1,135170,470440,11475,96481,4.357701285708993,0.17018420555950475
5311,0.5374,2,21,2,135191,470419,11477,96479,4.357506762014154,0.1701875822458361
5312,0.5375,3,39,3,135230,470380,11480,96476,4.357145503723739,0.1701948995864911
5313,0.5376,1,41,1,135271,470339,11481,96475,4.356765719367149,0.17020574650590847
5314,0.5377,6,27,6,135298,470312,11487,96469,4.356515617473786,0.17020507038873922
5315,0.5378,6,15,6,135313,470297,11493,96463,4.356376671977472,0.1702007904580422
5316,0.5379,2,36,2,135349,470261,11495,96461,4.356043202786321,0.17020867374126997
5317,0.538,9,94,9,135443,470167,11504,96452,4.35517247767609,0.17022373058439622
5318,0.5381,1,30,1,135473,470137,11505,96451,4.354894586683463,0.1702312791658136
5319,0.5382,9,81,9,135554,470056,11514,96442,4.3541442810033715,0.17024243686650262
5320,0.5383,6,23,6,135577,470033,11520,96436,4.353931231242358,0.17024056038371033
5321,0.5384,3,54,3,135631,469979,11523,96433,4.35343102745563,0.17025239578257523
5322,0.5385,4,39,4,135670,469940,11527,96429,4.353069769165216,0.17025825919144585
5323,0.5386,3,54,3,135724,469886,11530,96426,4.352569565378488,0.17027009846162539
5324,0.5387,5,68,5,135792,469818,11535,96421,4.351939679128534,0.1702832196298736
5325,0.5388,5,15,5,135807,469803,11540,96416,4.351800733632221,0.17028040387200005
5326,0.5389,9,63,9,135870,469740,11549,96407,4.351217162547704,0.17028616242777936
5327,0.539,5,38,5,135908,469702,11554,96402,4.350865167290378,0.1702902646863474
5328,0.5391,8,42,8,135950,469660,11562,96394,4.3504761199007005,0.17029117363361093
5329,0.5392,2,19,2,135969,469641,11564,96392,4.350300122272037,0.17029395812611633
5330,0.5393,7,167,7,136136,469474,11571,96385,4.348753195746415,0.1703339524510523
5331,0.5394,2,34,2,136170,469440,11573,96383,4.348438252621438,0.17034125512748685
5332,0.5395,3,21,3,136191,469419,11576,96380,4.3482437289266,0.17034317840787983
5333,0.5396,5,27,5,136218,469392,11581,96375,4.347993627033236,0.1703439755234929
5334,0.5397,9,97,9,136315,469295,11590,96366,4.347095112823743,0.17035998592796744
5335,0.5398,2,19,2,136334,469276,11592,96364,4.34691911519508,0.17036277490983665
5336,0.5399,2,38,2,136372,469238,11594,96362,4.3465671199377525,0.17037128712871288
5337,0.54,8,58,8,136430,469180,11602,96354,4.346029864018674,0.17037702419306355
5338,0.5401,9,73,9,136503,469107,11611,96345,4.345353662603283,0.17038581524161203
5339,0.5402,8,48,8,136551,469059,11619,96337,4.34490903701508,0.1703885418361644
5340,0.5403,12,51,12,136602,469008,11631,96325,4.344436622327615,0.1703863032938109
5341,0.5404,2,10,2,136612,468998,11633,96323,4.344343991996739,0.17038638225008446
5342,0.5405,4,42,4,136654,468956,11637,96319,4.343954944607062,0.17039317146521604
5343,0.5406,2,18,2,136672,468938,11639,96317,4.343788210011486,0.1703956621347887
5344,0.5407,2,50,2,136722,468888,11641,96315,4.343325058357109,0.17040780038322514
5345,0.5408,5,72,5,136794,468816,11646,96310,4.342658119974804,0.1704221713387811
5346,0.5409,3,28,3,136822,468788,11649,96307,4.342398755048353,0.17042621152195647
5347,0.541,5,28,5,136850,468760,11654,96302,4.342139390121901,0.17042731594055166
5348,0.5411,5,73,5,136923,468687,11659,96297,4.34146318870651,0.17044199481755234
5349,0.5412,11,145,11,137068,468542,11670,96286,4.3401200489088145,0.1704695942835695
5350,0.5413,6,24,6,137092,468518,11676,96280,4.339897736114714,0.17046802573663505
5351,0.5414,7,29,7,137121,468489,11683,96273,4.339629108155174,0.17046649739182168
5352,0.5415,4,82,4,137203,468407,11687,96269,4.338869539441995,0.17048537568446331
5353,0.5416,1,31,1,137234,468376,11688,96268,4.338582385416281,0.17049326655379318
5354,0.5417,2,25,2,137259,468351,11690,96266,4.338350809589092,0.17049787732214935
5355,0.5418,4,22,4,137281,468329,11694,96262,4.338147022861166,0.17049864415125285
5356,0.5419,7,45,7,137326,468284,11701,96255,4.337730186372226,0.17050194937816518
5357,0.542,5,42,5,137368,468242,11706,96250,4.3373411389825485,0.17050728796865147
5358,0.5421,2,40,2,137408,468202,11708,96248,4.336970617659047,0.17051643192488264
5359,0.5422,2,26,2,137434,468176,11710,96246,4.3367297787987695,0.1705213475024007
5360,0.5423,5,19,5,137453,468157,11715,96241,4.336553781170107,0.17051973961637001
5361,0.5424,6,73,6,137526,468084,11721,96235,4.335877579754715,0.17053297868758627
5362,0.5425,1,16,1,137542,468068,11722,96234,4.335729371225314,0.17053634401437529
5363,0.5426,2,46,2,137588,468022,11724,96232,4.335303271703286,0.17054730670938975
5364,0.5427,3,46,3,137634,467976,11727,96229,4.334877172181259,0.17055680116269795
5365,0.5428,6,9,6,137643,467967,11733,96223,4.334793804883471,0.1705507010049806
5366,0.5429,4,21,4,137664,467946,11737,96219,4.334599281188632,0.1705511685411183
5367,0.543,6,32,6,137696,467914,11743,96213,4.334302864129831,0.17055202108745016
5368,0.5431,5,50,5,137746,467864,11748,96208,4.333839712475453,0.17055978669389724
5369,0.5432,10,106,10,137852,467758,11758,96198,4.332857830968172,0.17057713722347134
5370,0.5433,4,19,4,137871,467739,11762,96194,4.3326818333395085,0.17057700116857855
5371,0.5434,9,75,9,137946,467664,11771,96185,4.331987105857942,0.17058645133714878
5372,0.5435,2,34,2,137980,467630,11773,96183,4.331672162732965,0.17059379617000672
5373,0.5436,2,17,2,137997,467613,11775,96181,4.331514691170477,0.1705959978289943
5374,0.5437,8,134,8,138131,467479,11783,96173,4.330273444736744,0.17062478266731956
5375,0.5438,2,44,2,138175,467435,11785,96171,4.329865871280893,0.17063516002313672
5376,0.5439,6,37,6,138212,467398,11791,96165,4.329523139056652,0.17063753298211556
5377,0.544,1,9,1,138221,467389,11792,96164,4.329439771758865,0.1706387864140551
5378,0.5441,4,21,4,138242,467368,11796,96160,4.329245248064026,0.17063925838645108
5379,0.5442,6,57,6,138299,467311,11802,96154,4.328717255178035,0.17064768885378861
5380,0.5443,6,127,6,138426,467184,11808,96148,4.327540849975916,0.17067732704692792
5381,0.5444,3,26,3,138452,467158,11811,96145,4.32730001111564,0.1706807881371127
5382,0.5445,5,41,5,138493,467117,11816,96140,4.32692022675905,0.17068585033119874
5383,0.5446,5,62,5,138555,467055,11821,96135,4.326345918707622,0.1706972780056464
5384,0.5447,6,28,6,138583,467027,11827,96129,4.32608655378117,0.17069692944761308
5385,0.5448,5,58,5,138641,466969,11832,96124,4.325549297862092,0.17070714784236352
5386,0.5449,8,66,8,138707,466903,11840,96116,4.324937937678313,0.17071537550242533
5387,0.545,8,27,8,138734,466876,11848,96108,4.32468783578495,0.17071177866511303
5388,0.5451,4,40,4,138774,466836,11852,96104,4.324317314461447,0.1707180161296053
5389,0.5452,2,24,2,138798,466812,11854,96102,4.324095001667346,0.1707223483516132
5390,0.5453,7,64,7,138862,466748,11861,96095,4.3235021675497425,0.17073144731301623
5391,0.5454,3,19,3,138881,466729,11864,96092,4.323326169921079,0.17073279070965725
5392,0.5455,6,54,6,138935,466675,11870,96086,4.322825966134351,0.1707403320414883
5393,0.5456,7,67,7,139002,466608,11877,96079,4.322205342917485,0.17075034610716083
5394,0.5457,2,106,2,139108,466502,11879,96077,4.321223461410204,0.1707795705136523
5395,0.5458,11,83,11,139191,466419,11890,96066,4.320454629663937,0.17078855436144963
5396,0.5459,7,55,7,139246,466364,11897,96059,4.319945162844122,0.1707949354845019
5397,0.546,7,43,7,139289,466321,11904,96052,4.3195468524213565,0.1707976734302678
5398,0.5461,1,28,1,139317,466293,11905,96051,4.319287487494905,0.17080470317101276
5399,0.5462,4,20,4,139337,466273,11909,96047,4.319102226833154,0.17080487978375303
5400,0.5463,16,58,16,139395,466215,11925,96031,4.3185649709140765,0.17079890297129727
5401,0.5464,2,131,2,139526,466084,11927,96029,4.317351513579607,0.17083575722319178
5402,0.5465,5,54,5,139580,466030,11932,96024,4.316851309792878,0.17084479427243646
5403,0.5466,10,37,10,139617,465993,11942,96014,4.316508577568639,0.17084128845370253
5404,0.5467,4,22,4,139639,465971,11946,96010,4.316304790840713,0.1708420747320639
5405,0.5468,6,25,6,139664,465946,11952,96004,4.316073215013524,0.1708408221372008
5406,0.5469,4,26,4,139690,465920,11956,96000,4.3158323761532476,0.17084282460136674
5407,0.547,5,55,5,139745,465865,11961,95995,4.315322909333432,0.17085216957961058
5408,0.5471,0,19,0,139764,465846,11961,95995,4.315146911704769,0.1708579473552126
5409,0.5472,1,22,1,139786,465824,11962,95994,4.314943124976843,0.1708631620916382
5410,0.5473,2,11,2,139797,465813,11964,95992,4.3148412316128795,0.1708635558601294
5411,0.5474,2,24,2,139821,465789,11966,95990,4.314618918818778,0.17086790357062118
5412,0.5475,10,183,10,140004,465606,11976,95980,4.312923783763756,0.1709088189520394
5413,0.5476,5,26,5,140030,465580,11981,95975,4.31268294490348,0.1709093499301048
5414,0.5477,16,143,16,140173,465437,11997,95959,4.3113583311719585,0.17092925492878466
5415,0.5478,9,73,9,140246,465364,12006,95950,4.310682129756567,0.17093819145790057
5416,0.5479,6,39,6,140285,465325,12012,95944,4.3103208714661525,0.1709412064446816
5417,0.548,6,18,6,140303,465307,12018,95938,4.310154136870577,0.17093782572673252
5418,0.5481,3,34,3,140337,465273,12021,95935,4.3098391937456,0.17094374991090647
5419,0.5482,9,38,9,140375,465235,12030,95926,4.309487198488273,0.17094202911463913
5420,0.5483,1,17,1,140392,465218,12031,95925,4.309329726925784,0.17094573041096475
5421,0.5484,1,15,1,140407,465203,12032,95924,4.309190781429471,0.17094882263729957
5422,0.5485,6,38,6,140445,465165,12038,95918,4.308838786172144,0.1709515347996642
5423,0.5486,3,63,3,140508,465102,12041,95915,4.3082552150876285,0.17096629870396085
5424,0.5487,5,46,5,140554,465056,12046,95910,4.3078291155656006,0.1709729288406071
5425,0.5488,1,39,1,140593,465017,12047,95909,4.307467857275186,0.17098333826565357
5426,0.5489,3,26,3,140619,464991,12050,95906,4.30722701841491,0.17098683002405077
5427,0.549,0,18,0,140637,464973,12050,95906,4.307060283819334,0.17099231741605586
5428,0.5491,8,81,8,140718,464892,12058,95898,4.306309978139242,0.17100518910822232
5429,0.5492,2,32,2,140750,464860,12060,95896,4.30601356108044,0.1710119909550678
5430,0.5493,1,52,1,140802,464808,12061,95895,4.305531883359888,0.17102637225054976
5431,0.5494,2,15,2,140817,464793,12063,95893,4.305392937863574,0.17102799071137856
5432,0.5495,4,14,4,140831,464779,12067,95889,4.305263255400348,0.1710263471430508
5433,0.5496,2,57,2,140888,464722,12069,95887,4.304735262514358,0.17104077886726757
5434,0.5497,3,24,3,140912,464698,12072,95884,4.304512949720256,0.17104366533352836
5435,0.5498,5,42,5,140954,464656,12077,95879,4.304123902330579,0.1710490870329239
5436,0.5499,11,47,11,141001,464609,12088,95868,4.3036885397754645,0.17104716161412511
5437,0.55,8,48,8,141049,464561,12096,95860,4.303243914187261,0.17104997849830753
5438,0.5501,4,69,4,141118,464492,12100,95856,4.3026047649042205,0.1710651238159144
5439,0.5502,4,16,4,141134,464476,12104,95852,4.302456556374819,0.1710640910323953
5440,0.5503,5,82,5,141216,464394,12109,95847,4.30169698766164,0.17108173089795284
5441,0.5504,5,125,5,141341,464269,12114,95842,4.300539108525696,0.17111251162715962
5442,0.5505,5,35,5,141376,464234,12119,95837,4.300214902367631,0.1711158049604425
5443,0.5506,11,103,11,141479,464131,12130,95826,4.2992608099596135,0.17113099755874112
5444,0.5507,6,49,6,141528,464082,12136,95820,4.298806921338323,0.1711370918482163
5445,0.5508,2,25,2,141553,464057,12138,95818,4.298575345511134,0.17114177271712436
5446,0.5509,3,27,3,141580,464030,12141,95815,4.298325243617771,0.1711455849386884
5447,0.551,3,76,3,141656,463954,12144,95812,4.297621253103116,0.17116437940139273
5448,0.5511,3,43,3,141699,463911,12147,95809,4.297222942680351,0.17117308654327162
5449,0.5512,3,31,3,141730,463880,12150,95806,4.296935788654637,0.17117812487716327
5450,0.5513,0,23,0,141753,463857,12150,95806,4.2967227388936235,0.17118515964071235
5451,0.5514,1,13,1,141766,463844,12151,95805,4.296602319463485,0.17118765511954814
5452,0.5515,6,105,6,141871,463739,12157,95799,4.295629700989292,0.17121089184291327
5453,0.5516,3,12,3,141883,463727,12160,95796,4.295518544592241,0.17121012004868433
5454,0.5517,5,29,5,141912,463698,12165,95791,4.295249916632702,0.17121158771664857
5455,0.5518,8,89,8,142001,463609,12173,95783,4.29442550668791,0.17122697500143014
5456,0.5519,10,47,10,142048,463562,12183,95773,4.293990144132795,0.17122654580886232
5457,0.552,11,85,11,142133,463477,12194,95762,4.293202786320353,0.17123626928737087
5458,0.5521,7,41,7,142174,463436,12201,95755,4.292823001963763,0.17123844983198944
5459,0.5522,12,42,12,142216,463394,12213,95743,4.2924339545740855,0.1712335259516004
5460,0.5523,2,26,2,142242,463368,12215,95741,4.292193115713809,0.17123852415182012
5461,0.5524,2,20,2,142262,463348,12217,95739,4.292007855052058,0.17124168510446497
5462,0.5525,4,8,4,142270,463340,12221,95735,4.291933750787358,0.1712382059652104
5463,0.5526,6,51,6,142321,463289,12227,95729,4.291461336099893,0.17124493307907795
5464,0.5527,5,41,5,142362,463248,12232,95724,4.291081551743303,0.1712500805049269
5465,0.5528,3,30,3,142392,463218,12235,95721,4.290803660750676,0.17125482387165683
5466,0.5529,1,20,1,142412,463198,12236,95720,4.290618400088925,0.17125946918868243
5467,0.553,9,100,9,142512,463098,12245,95711,4.289692096780169,0.17127676898546731
5468,0.5531,6,87,6,142599,463011,12251,95705,4.288886212901552,0.1712945396229927
5469,0.5532,4,41,4,142640,462970,12255,95701,4.288506428544963,0.17130117725817162
5470,0.5533,2,44,2,142684,462926,12257,95699,4.28809885508911,0.17131170284179906
5471,0.5534,8,34,8,142718,462892,12265,95691,4.287783911964134,0.17131026185902543
5472,0.5535,4,10,4,142728,462882,12269,95687,4.287691281633258,0.1713073944311267
5473,0.5536,4,31,4,142759,462851,12273,95683,4.287404127607544,0.1713109676402869
5474,0.5537,4,20,4,142779,462831,12277,95679,4.287218866945793,0.17131116721276252
5475,0.5538,2,22,2,142801,462809,12279,95677,4.287015080217866,0.17131494791274982
5476,0.5539,4,41,4,142842,462768,12283,95673,4.286635295861277,0.17132158992624108
5477,0.554,3,9,3,142851,462759,12286,95670,4.2865519285634885,0.17131989921726845
5478,0.5541,10,77,10,142928,462682,12296,95660,4.285838675015747,0.17132868385326555
5479,0.5542,8,30,8,142958,462652,12304,95652,4.2855607840231205,0.17132601593397145
5480,0.5543,7,26,7,142984,462626,12311,95645,4.285319945162844,0.17132360448599337
5481,0.5544,10,156,10,143140,462470,12321,95635,4.283874912001186,0.1713566443590364
5482,0.5545,7,32,7,143172,462438,12328,95628,4.283578494942384,0.17135607616303447
5483,0.5546,4,25,4,143197,462413,12332,95624,4.283346919115195,0.1713578131915984
5484,0.5547,9,113,9,143310,462300,12341,95615,4.282300196376301,0.17137915273832036
5485,0.5548,11,124,11,143434,462176,12352,95604,4.281151580273445,0.1714009107533436
5486,0.5549,1,17,1,143451,462159,12353,95603,4.280994108710956,0.17140464929486054
5487,0.555,6,41,6,143492,462118,12359,95597,4.280614324354366,0.17140833579875026
5488,0.5551,5,51,5,143543,462067,12364,95592,4.280141909666901,0.1714165825352052
5489,0.5552,1,41,1,143584,462026,12365,95591,4.279762125310311,0.17142770037498856
5490,0.5553,5,24,5,143608,462002,12370,95586,4.2795398125162105,0.17142764908857436
5491,0.5554,8,133,8,143741,461869,12378,95578,4.278307829115565,0.1714566586599264
5492,0.5555,5,13,5,143754,461856,12383,95573,4.278187409685428,0.1714532254331942
5493,0.5556,3,27,3,143781,461829,12386,95570,4.2779373077920635,0.17145707114652162
5494,0.5557,4,42,4,143823,461787,12390,95566,4.277548260402386,0.1714640452280691
5495,0.5558,1,14,1,143837,461773,12391,95565,4.2774185779391605,0.17146686570806224
5496,0.5559,3,69,3,143906,461704,12394,95562,4.276779428656119,0.17148363618092616
5497,0.556,1,20,1,143926,461684,12395,95561,4.276594167994368,0.17148830406733123
5498,0.5561,6,46,6,143972,461638,12401,95555,4.276168068472341,0.17149353994037972
5499,0.5562,12,162,12,144134,461476,12413,95543,4.274667457112157,0.17152556735048535
5500,0.5563,2,13,2,144147,461463,12415,95541,4.2745470376820185,0.1715265958592757
5501,0.5564,2,16,2,144163,461447,12417,95539,4.274398829152617,0.171528548293853
5502,0.5565,9,71,9,144234,461376,12426,95530,4.273741153803401,0.17153702779284116
5503,0.5566,8,135,8,144369,461241,12434,95522,4.272490644336582,0.17156671689749498
5504,0.5567,5,35,5,144404,461206,12439,95517,4.272166438178517,0.1715700626703046
5505,0.5568,4,29,4,144433,461177,12443,95513,4.271897810218978,0.17157304783631824
5506,0.5569,4,58,4,144491,461119,12447,95509,4.2713605542999,0.17158497236933823
5507,0.557,8,119,8,144610,461000,12455,95501,4.270258253362481,0.17160975451975827
5508,0.5571,7,27,7,144637,460973,12462,95494,4.270008151469117,0.17160766047222925
5509,0.5572,13,193,13,144830,460780,12475,95481,4.268220386083219,0.17164784157077342
5510,0.5573,11,84,11,144914,460696,12486,95470,4.2674422913038645,0.17165738286770496
5511,0.5574,7,27,7,144941,460669,12493,95463,4.2671921894105,0.1716552904706077
5512,0.5575,5,22,5,144963,460647,12498,95458,4.266988402682574,0.17165463356740185
5513,0.5576,2,31,2,144994,460616,12500,95456,4.26670124865686,0.17166122372642392
5514,0.5577,2,31,2,145025,460585,12502,95454,4.266414094631146,0.1716678146676762
5515,0.5578,3,37,3,145062,460548,12505,95451,4.266071362406906,0.17167476919922517
5516,0.5579,5,99,5,145161,460449,12510,95446,4.265154322131239,0.17169789258762896
5517,0.558,7,43,7,145204,460406,12517,95439,4.2647560117084735,0.17170074391242163
5518,0.5581,9,103,9,145307,460303,12526,95430,4.263801919300456,0.17171915290256293
5519,0.5582,5,38,5,145345,460265,12531,95425,4.263449924043129,0.17172344292681171
5520,0.5583,4,46,4,145391,460219,12535,95421,4.263023824521102,0.17173169678208913
5521,0.5584,0,27,0,145418,460192,12535,95421,4.262773722627737,0.17174004207964896
5522,0.5585,3,16,3,145434,460176,12538,95418,4.262625514098336,0.1717405155563235
5523,0.5586,7,53,7,145487,460123,12545,95411,4.262134573344696,0.17174646376279398
5524,0.5587,5,136,5,145623,459987,12550,95406,4.260874800844789,0.17178106313907449
5525,0.5588,6,97,6,145720,459890,12556,95400,4.259976286635296,0.17180212141403592
5526,0.5589,12,90,12,145810,459800,12568,95388,4.259142613657416,0.171812070866085
5527,0.559,9,142,9,145952,459658,12577,95379,4.257827262958983,0.171842597880862
5528,0.5591,2,12,2,145964,459646,12579,95377,4.257716106561933,0.17184332901519397
5529,0.5592,2,5,2,145969,459641,12581,95375,4.257669791396495,0.17184189284633236
5530,0.5593,3,44,3,146013,459597,12584,95372,4.257262217940642,0.1718510403283787
5531,0.5594,4,89,4,146102,459508,12588,95368,4.25643780799585,0.17187263460665086
5532,0.5595,5,45,5,146147,459463,12593,95363,4.25602097150691,0.17187911164941802
5533,0.5596,15,144,15,146291,459319,12608,95348,4.2546870947423026,0.17190133900159915
5534,0.5597,9,55,9,146346,459264,12617,95339,4.254177627922487,0.17190494822422525
5535,0.5598,6,49,6,146395,459215,12623,95333,4.253723739301197,0.17191117811262505
5536,0.5599,8,87,8,146482,459128,12631,95325,4.25291785542258,0.17192620474593878
5537,0.56,4,71,4,146553,459057,12635,95321,4.252260180073363,0.17194224879053643
5538,0.5601,1,19,1,146572,459038,12636,95320,4.252084182444699,0.1719466481948488
5539,0.5602,8,39,8,146611,458999,12644,95312,4.251722924154285,0.17194679521063086
5540,0.5603,4,17,4,146628,458982,12648,95308,4.251565452591796,0.17194609320031032
5541,0.5604,3,19,3,146647,458963,12651,95305,4.2513894549631335,0.1719475055388368
5542,0.5605,7,42,7,146689,458921,12658,95298,4.251000407573456,0.17195007749644095
5543,0.5606,2,40,2,146729,458881,12660,95296,4.250629886249953,0.1719595003040545
5544,0.5607,2,44,2,146773,458837,12662,95294,4.250222312794102,0.17197016589939923
5545,0.5608,11,77,11,146850,458760,12673,95283,4.24950905924636,0.17197762628532443
5546,0.5609,7,22,7,146872,458738,12680,95276,4.249305272518433,0.17197399343698896
5547,0.561,10,42,10,146914,458696,12690,95266,4.248916225128756,0.17197208472783332
5548,0.5611,4,48,4,146962,458648,12694,95262,4.2484715995405535,0.17198100774494052
5549,0.5612,5,36,5,146998,458612,12699,95257,4.2481381303494015,0.17198471118621914
5550,0.5613,11,24,11,147022,458588,12710,95246,4.247915817555301,0.1719757183560417
5551,0.5614,2,17,2,147039,458571,12712,95244,4.247758345992812,0.1719780070962325
5552,0.5615,14,97,14,147136,458474,12726,95230,4.246859831783319,0.17198719893661596
5553,0.5616,4,37,4,147173,458437,12730,95226,4.24651709955908,0.17199271036713668
5554,0.5617,2,43,2,147216,458394,12732,95224,4.246118789136315,0.17200307793460473
5555,0.5618,7,66,7,147282,458328,12739,95217,4.2455074289525365,0.17201311546486736
5556,0.5619,2,23,2,147305,458305,12741,95215,4.245294379191522,0.17201727128197716
5557,0.562,3,68,3,147373,458237,12744,95212,4.244664492941569,0.17203391821107275
5558,0.5621,2,30,2,147403,458207,12746,95210,4.244386601948942,0.17204025174506746
5559,0.5622,11,115,11,147518,458092,12757,95199,4.243321353143873,0.17205954913418076
5560,0.5623,11,187,11,147705,457905,12768,95188,4.2415891659565,0.17210125602746734
5561,0.5624,5,22,5,147727,457883,12773,95183,4.241385379228575,0.17210061728618284
5562,0.5625,4,37,4,147764,457846,12777,95179,4.241042647004335,0.17210614348356765
5563,0.5626,14,113,14,147877,457733,12791,95165,4.2399959242654415,0.1721203549298424
5564,0.5627,6,33,6,147910,457700,12797,95159,4.239690244173552,0.17212164403582106
5565,0.5628,3,16,3,147926,457684,12800,95156,4.239542035644151,0.17212213298603574
5566,0.5629,5,45,5,147971,457639,12805,95151,4.239125199155211,0.17212865645181716
5567,0.563,4,20,4,147991,457619,12809,95147,4.23893993849346,0.17212889360054706
5568,0.5631,8,64,8,148055,457555,12817,95139,4.2383471043758565,0.17213684244808158
5569,0.5632,3,41,3,148096,457514,12820,95136,4.237967320019267,0.17214511897222473
5570,0.5633,4,38,4,148134,457476,12824,95132,4.23761532476194,0.17215096415542303
5571,0.5634,9,55,9,148189,457421,12833,95123,4.237105857942124,0.17215461574100885
5572,0.5635,5,46,5,148235,457375,12838,95118,4.236679758420097,0.17216145724923212
5573,0.5636,7,53,7,148288,457322,12845,95111,4.236188817666457,0.17216748456373895
5574,0.5637,8,42,8,148330,457280,12853,95103,4.235799770276779,0.17216858592679354
5575,0.5638,4,67,4,148397,457213,12857,95099,4.235179147059913,0.17218347600631528
5576,0.5639,5,36,5,148433,457177,12862,95094,4.234845677868761,0.17218720519455122
5577,0.564,2,31,2,148464,457146,12864,95092,4.234558523843047,0.17219387293159832
5578,0.5641,8,53,8,148517,457093,12872,95084,4.234067583089407,0.1721984073947303
5579,0.5642,4,41,4,148558,457052,12876,95080,4.233687798732817,0.17220519730789013
5580,0.5643,6,58,6,148616,456994,12882,95074,4.233150542813739,0.17221429244223538
5581,0.5644,3,42,3,148658,456952,12885,95071,4.232761495424062,0.17222289650974687
5582,0.5645,12,160,12,148818,456792,12897,95059,4.231279410130053,0.1722548296551062
5583,0.5646,2,16,2,148834,456776,12899,95057,4.231131201600652,0.17225682407539963
5584,0.5647,3,46,3,148880,456730,12902,95054,4.230705102078625,0.17226668406477896
5585,0.5648,6,24,6,148904,456706,12908,95048,4.230482789284523,0.17226517614734102
5586,0.5649,8,40,8,148944,456666,12916,95040,4.2301122679610215,0.1722656632336788
5587,0.565,8,30,8,148974,456636,12924,95032,4.229834376968395,0.1722630277630749
5588,0.5651,4,38,4,149012,456598,12928,95028,4.229482381711067,0.17226889232922307
5589,0.5652,7,36,7,149048,456562,12935,95021,4.229148912519915,0.17226963122503774
5590,0.5653,9,101,9,149149,456461,12944,95012,4.228213346178072,0.17228767319524255
5591,0.5654,5,24,5,149173,456437,12949,95007,4.227991033383971,0.1722876665626972
5592,0.5655,2,48,2,149221,456389,12951,95005,4.227546407795769,0.172299662310435
5593,0.5656,2,16,2,149237,456373,12953,95003,4.227398199266368,0.17230165984736368
5594,0.5657,4,57,4,149294,456316,12957,94999,4.226870206380378,0.17231346870663777
5595,0.5658,4,34,4,149328,456282,12961,94995,4.2265552632554,0.17231809054250405
5596,0.5659,8,160,8,149488,456122,12969,94987,4.2250731779613915,0.17235610378346208
5597,0.566,8,105,8,149593,456017,12977,94979,4.224100559487199,0.17237693195594886
5598,0.5661,7,46,7,149639,455971,12984,94972,4.223674459965171,0.1723808089040064
5599,0.5662,9,70,9,149709,455901,12993,94963,4.223026047649042,0.17238919225071886
5600,0.5663,6,29,6,149738,455872,12999,94957,4.222757419689503,0.1723892532891333
5601,0.5664,11,145,11,149883,455727,13010,94946,4.221414279891808,0.1724181138352525
5602,0.5665,0,27,0,149910,455700,13010,94946,4.2211641779984435,0.17242656806732456
5603,0.5666,1,37,1,149947,455663,13011,94945,4.220821445774204,0.17243665184668586
5604,0.5667,3,31,3,149978,455632,13014,94942,4.22053429174849,0.17244185159488098
5605,0.5668,5,27,5,150005,455605,13019,94937,4.220284189855126,0.17244279273879196
5606,0.5669,11,54,11,150059,455551,13030,94926,4.219783986068398,0.17244317201263631
5607,0.567,6,72,6,150131,455479,13036,94920,4.219117047686094,0.17245670867861315
5608,0.5671,7,68,7,150199,455411,13043,94913,4.2184871614361406,0.17246749187751215
5609,0.5672,11,95,11,150294,455316,13054,94902,4.217607173292823,0.1724807258214017
5610,0.5673,8,23,8,150317,455293,13062,94894,4.217394123531809,0.17247590364730536
5611,0.5674,5,69,5,150386,455224,13067,94889,4.216754974248768,0.172490015687686
5612,0.5675,5,33,5,150419,455191,13072,94884,4.216449294156878,0.17249284188519748
5613,0.5676,6,28,6,150447,455163,13078,94878,4.216189929230427,0.1724925960064795
5614,0.5677,5,49,5,150496,455114,13083,94873,4.215736040609137,0.17250044091951264
5615,0.5678,5,25,5,150521,455089,13088,94868,4.215504464781948,0.17250075915026084
5616,0.5679,4,33,4,150554,455056,13092,94864,4.215198784690059,0.1725050916496945
5617,0.568,5,42,5,150596,455014,13097,94859,4.214809737300381,0.1725107433898373
5618,0.5681,4,26,4,150622,454988,13101,94855,4.214568898440105,0.1725128809496529
5619,0.5682,5,28,5,150650,454960,13106,94850,4.214309533513654,0.17251414124879505
5620,0.5683,7,31,7,150681,454929,13113,94843,4.21402237948794,0.17251333279977882
5621,0.5684,8,90,8,150771,454839,13121,94835,4.21318870651006,0.17252953568842624
5622,0.5685,5,42,5,150813,454797,13126,94830,4.212799659120383,0.17253519204842557
5623,0.5686,2,33,2,150846,454764,13128,94828,4.212493979028493,0.1725425406483355
5624,0.5687,3,38,3,150884,454726,13131,94825,4.212141983771166,0.17254995441733342
5625,0.5688,4,28,4,150912,454698,13135,94821,4.211882618844714,0.17255272338172112
5626,0.5689,8,131,8,151043,454567,13143,94813,4.2106691615102445,0.1725818195056245
5627,0.569,2,50,2,151093,454517,13145,94811,4.210206009855868,0.17259451548073282
5628,0.5691,7,24,7,151117,454493,13152,94804,4.209983697061766,0.17259151242406204
5629,0.5692,4,93,4,151210,454400,13156,94800,4.209122234984624,0.1726147123088128
5630,0.5693,10,48,10,151258,454352,13166,94790,4.208677609396421,0.17261473352976098
5631,0.5694,7,61,7,151319,454291,13173,94783,4.20811256437808,0.1726233622426121
5632,0.5695,10,86,10,151405,454205,13183,94773,4.20731594353255,0.1726353332920445
5633,0.5696,6,75,6,151480,454130,13189,94767,4.2066212160509835,0.17264987784593466
5634,0.5697,1,68,1,151548,454062,13190,94766,4.20599132980103,0.17266976174684964
5635,0.5698,7,54,7,151602,454008,13197,94759,4.205491126014302,0.17267619955281568
5636,0.5699,4,45,4,151647,453963,13201,94755,4.2050742895253626,0.17268432965567013
5637,0.57,4,19,4,151666,453944,13205,94751,4.204898291896699,0.17268427815088527
5638,0.5701,3,28,3,151694,453916,13208,94748,4.204638926970247,0.17268856713762887
5639,0.5702,1,69,1,151763,453847,13209,94747,4.203999777687206,0.17270877917002372
5640,0.5703,6,34,6,151797,453813,13215,94741,4.203684834562229,0.17271043507111425
5641,0.5704,3,28,3,151825,453785,13218,94738,4.203425469635778,0.17271472663862775
5642,0.5705,3,7,3,151832,453778,13221,94735,4.203360628404164,0.1727124060870025
5643,0.5706,9,61,9,151893,453717,13230,94726,4.202795583385824,0.17271803997863042
5644,0.5707,9,42,9,151935,453675,13239,94717,4.202406535996147,0.17271769099476286
5645,0.5708,7,18,7,151953,453657,13246,94710,4.20223980140057,0.17271280000437664
5646,0.5709,2,26,2,151979,453631,13248,94708,4.201998962540294,0.17271797191153648
5647,0.571,3,36,3,152015,453595,13251,94705,4.201665493349142,0.17272478570125843
5648,0.5711,4,66,4,152081,453529,13255,94701,4.201054133165363,0.17273954362220237
5649,0.5712,4,31,4,152112,453498,13259,94697,4.200766979139649,0.17274327565920886
5650,0.5713,2,33,2,152145,453465,13261,94695,4.2004612990477606,0.1727506567425569
5651,0.5714,6,70,6,152215,453395,13267,94689,4.199812886731632,0.17276366396391793
5652,0.5715,0,29,0,152244,453366,13267,94689,4.199544258772092,0.17277280564906808
5653,0.5716,1,25,1,152269,453341,13268,94688,4.199312682944903,0.17277917774424345
5654,0.5717,2,28,2,152297,453313,13270,94686,4.199053318018452,0.17278498683391758
5655,0.5718,4,32,4,152329,453281,13274,94682,4.19875690095965,0.172789038675969
5656,0.5719,5,25,5,152354,453256,13279,94677,4.1985253251324615,0.17278937388330326
5657,0.572,1,18,1,152372,453238,13280,94676,4.198358590536885,0.17279354059213672
5658,0.5721,9,68,9,152440,453170,13289,94667,4.197728704286932,0.1728013989562589
5659,0.5722,13,113,13,152553,453057,13302,94654,4.196681981548038,0.1728174164842408
5660,0.5723,7,154,7,152707,452903,13309,94647,4.195255474452555,0.17285544699114236
5661,0.5724,4,63,4,152770,452840,13313,94643,4.194671903368039,0.1728692945717036
5662,0.5725,6,60,6,152830,452780,13319,94637,4.194116121382786,0.17287917620388113
5663,0.5726,11,56,11,152886,452724,13330,94626,4.193597391529883,0.17288024116196218
5664,0.5727,11,63,11,152949,452661,13341,94615,4.193013820445366,0.17288351764009385
5665,0.5728,2,13,2,152962,452648,13343,94613,4.192893401015229,0.17288460168000278
5666,0.5729,5,51,5,153013,452597,13348,94608,4.192420986327763,0.17289315704352118
5667,0.573,7,64,7,153077,452533,13355,94601,4.191828152210159,0.1729027989487036
5668,0.5731,4,28,4,153105,452505,13359,94597,4.191568787283708,0.1729056007837661
5669,0.5732,5,37,5,153142,452468,13364,94592,4.191226055059468,0.17290973567798779
5670,0.5733,5,31,5,153173,452437,13369,94587,4.190938901033754,0.17291197461171723
5671,0.5734,11,75,11,153248,452362,13380,94576,4.190244173552188,0.1729190511538785
5672,0.5735,9,124,9,153372,452238,13389,94567,4.189095557449331,0.17294465120106803
5673,0.5736,5,60,5,153432,452178,13394,94562,4.188539775464078,0.17295606686907855
5674,0.5737,2,36,2,153468,452142,13396,94560,4.188206306272926,0.1729644303477946
5675,0.5738,11,38,11,153506,452104,13407,94549,4.187854311015599,0.17295981180017306
5676,0.5739,2,51,2,153557,452053,13409,94547,4.187381896328134,0.17297292352725943
5677,0.574,4,7,4,153564,452046,13413,94543,4.18731705509652,0.17296908646167414
5678,0.5741,7,19,7,153583,452027,13420,94536,4.187141057467858,0.1729645072937612
5679,0.5742,9,35,9,153618,451992,13429,94527,4.186816851309793,0.17296196472583752
5680,0.5743,8,169,8,153787,451823,13437,94519,4.1852513987179965,0.17300335687170307
5681,0.5744,5,32,5,153819,451791,13442,94514,4.184954981659194,0.1730059216005711
5682,0.5745,13,122,13,153941,451669,13455,94501,4.183824891622513,0.17302488236263436
5683,0.5746,4,53,4,153994,451616,13459,94497,4.183333950868873,0.17303561717080532
5684,0.5747,8,66,8,154060,451550,13467,94489,4.182722590685094,0.17304441624133074
5685,0.5748,6,15,6,154075,451535,13473,94483,4.182583645188781,0.17304008292766906
5686,0.5749,5,69,5,154144,451466,13478,94478,4.181944495905739,0.17305437920372785
5687,0.575,10,69,10,154213,451397,13488,94468,4.181305346622698,0.17306110485193227
5688,0.5751,4,91,4,154304,451306,13492,94464,4.180462410611731,0.1730838998112758
5689,0.5752,10,125,10,154429,451181,13502,94454,4.179304531475786,0.17310839663877867
5690,0.5753,2,14,2,154443,451167,13504,94452,4.17917484901256,0.173109807393071
5691,0.5754,2,30,2,154473,451137,13506,94450,4.178896958019934,0.17311629492638203
5692,0.5755,6,50,6,154523,451087,13512,94444,4.178433806365557,0.1731230672500738
5693,0.5756,4,53,4,154576,451034,13516,94440,4.177942865611916,0.17313382489357879
5694,0.5757,3,12,3,154588,451022,13519,94437,4.177831709214865,0.17313308607979702
5695,0.5758,10,116,10,154704,450906,13529,94427,4.176757197376709,0.17315475131708516
5696,0.5759,9,59,9,154763,450847,13538,94418,4.176210678424543,0.17315983971096624
5697,0.576,5,38,5,154801,450809,13543,94413,4.175858683167216,0.17316432572420043
5698,0.5761,5,29,5,154830,450780,13548,94408,4.175590055207677,0.17316595376273872
5699,0.5762,1,44,1,154874,450736,13549,94407,4.175182481751825,0.17317841373731296
5700,0.5763,9,48,9,154922,450688,13558,94398,4.174737856163622,0.17318001196141528
5701,0.5764,6,41,6,154963,450647,13564,94392,4.174358071807032,0.1731839372962302
5702,0.5765,6,69,6,155032,450578,13570,94386,4.1737189225239915,0.1731967616209511
5703,0.5766,3,28,3,155060,450550,13573,94383,4.17345955759754,0.1732011091271771
5704,0.5767,5,63,5,155123,450487,13578,94378,4.172875986513024,0.17321354831013186
5705,0.5768,5,82,5,155205,450405,13583,94373,4.172116417799844,0.17323203213051921
5706,0.5769,4,23,4,155228,450382,13587,94369,4.171903368038831,0.17323327538636918
5707,0.577,10,49,10,155277,450333,13597,94359,4.17144947941754,0.17323368068559847
5708,0.5771,4,98,4,155375,450235,13601,94355,4.17054170217496,0.17325878183587654
5709,0.5772,1,30,1,155405,450205,13602,94354,4.170263811182333,0.1732668085551795
5710,0.5773,3,43,3,155448,450162,13605,94351,4.169865500759569,0.17327593647901887
5711,0.5774,10,161,10,155609,450001,13615,94341,4.168374152432473,0.17331199870669542
5712,0.5775,3,36,3,155645,449965,13618,94338,4.168040683241321,0.17331890509514003
5713,0.5776,4,12,4,155657,449953,13622,94334,4.1679295268442695,0.17331665095804236
5714,0.5777,3,12,3,155669,449941,13625,94331,4.167818370447219,0.17331591557162596
5715,0.5778,3,25,3,155694,449916,13628,94328,4.16758679462003,0.17331932001087746
5716,0.5779,4,32,4,155726,449884,13632,94324,4.167290377561229,0.1733234351571458
5717,0.578,5,92,5,155818,449792,13637,94319,4.166438178517174,0.17334514464879408
5718,0.5781,6,77,6,155895,449715,13643,94313,4.165724924969432,0.17336056232399802
5719,0.5782,3,39,3,155934,449676,13646,94310,4.165363666679017,0.17336843227583063
5720,0.5783,1,17,1,155951,449659,13647,94309,4.165206195116529,0.17337233072533678
5721,0.5784,4,45,4,155996,449614,13651,94305,4.164789358627589,0.17338059527245786
5722,0.5785,15,31,15,156027,449583,13666,94290,4.164502204601875,0.1733676795869624
5723,0.5786,9,68,9,156095,449515,13675,94281,4.163872318351921,0.1733756776438223
5724,0.5787,10,85,10,156180,449430,13685,94271,4.163084960539479,0.1733875788346904
5725,0.5788,1,38,1,156218,449392,13686,94270,4.162732965282152,0.1733981775441359
5726,0.5789,4,29,4,156247,449363,13690,94266,4.162464337322613,0.17340134540283908
5727,0.579,1,24,1,156271,449339,13691,94265,4.162242024528512,0.17340748044532417
5728,0.5791,8,36,8,156307,449303,13699,94257,4.16190855533736,0.17340679961733754
5729,0.5792,11,64,11,156371,449239,13710,94246,4.161315721219756,0.1734104897099276
5730,0.5793,2,25,2,156396,449214,13712,94244,4.161084145392567,0.1734154249270413
5731,0.5794,13,134,13,156530,449080,13725,94231,4.159842898958835,0.17343841740734128
5732,0.5795,8,30,8,156560,449050,13733,94223,4.159565007966209,0.17343582324172194
5733,0.5796,6,19,6,156579,449031,13739,94217,4.159389010337545,0.1734327599917533
5734,0.5797,10,51,10,156630,448980,13749,94207,4.15891659565008,0.17343382665638168
5735,0.5798,6,24,6,156654,448956,13755,94201,4.158694282855978,0.17343235933625084
5736,0.5799,2,27,2,156681,448929,13757,94199,4.158444180962614,0.1734379372818194
5737,0.58,9,161,9,156842,448768,13766,94190,4.156952832635518,0.1734756647843848
5738,0.5801,5,24,5,156866,448744,13771,94185,4.156730519841417,0.17347572150317997
5739,0.5802,3,13,3,156879,448731,13774,94182,4.156610100411279,0.17347530819855114
5740,0.5803,6,23,6,156902,448708,13780,94176,4.1563970506502645,0.1734735228888676
5741,0.5804,14,94,14,156996,448614,13794,94162,4.155526325540035,0.173482246820051
5742,0.5805,6,31,6,157027,448583,13800,94156,4.155239171514321,0.1734830185411404
5743,0.5806,6,65,6,157092,448518,13806,94150,4.15463707436363,0.1734946597182808
5744,0.5807,8,73,8,157165,448445,13814,94142,4.153960872948238,0.17350581565721257
5745,0.5808,3,29,3,157194,448416,13817,94139,4.153692244988699,0.1735105196708168
5746,0.5809,5,79,5,157273,448337,13822,94134,4.1529604653747825,0.17352817016946528
5747,0.581,4,25,4,157298,448312,13826,94130,4.152728889547594,0.17353007326128878
5748,0.5811,4,74,4,157372,448238,13830,94126,4.152043425099114,0.17354765434283986
5749,0.5812,4,22,4,157394,448216,13834,94122,4.151839638371189,0.17354859884426319
5750,0.5813,7,55,7,157449,448161,13841,94115,4.151330171551373,0.17355553260701193
5751,0.5814,8,36,8,157485,448125,13849,94107,4.150996702360221,0.17355486212543708
5752,0.5815,4,45,4,157530,448080,13853,94103,4.150579865871281,0.17356316963091797
5753,0.5816,3,21,3,157551,448059,13856,94100,4.150385342176442,0.17356531939892172
5754,0.5817,4,92,4,157643,447967,13860,94096,4.149533143132388,0.17358867880670698
5755,0.5818,3,47,3,157690,447920,13863,94093,4.149097780577272,0.17359915721578634
5756,0.5819,8,111,8,157801,447809,13871,94085,4.148069583904554,0.1736225165807335
5757,0.582,2,64,2,157865,447745,13873,94083,4.14747674978695,0.17363997430919037
5758,0.5821,7,67,7,157932,447678,13880,94076,4.146856126570084,0.17365077138332158
5759,0.5822,7,106,7,158038,447572,13887,94069,4.145874245062803,0.17367407563312232
5760,0.5823,14,87,14,158125,447485,13901,94055,4.145068361184186,0.17368061454370867
5761,0.5824,7,25,7,158150,447460,13908,94048,4.144836785356997,0.17367795120293697
5762,0.5825,5,44,5,158194,447416,13913,94043,4.144429211901145,0.17368443409380951
5763,0.5826,5,38,5,158232,447378,13918,94038,4.144077216643818,0.1736889933064409
5764,0.5827,2,36,2,158268,447342,13920,94036,4.143743747452666,0.17369749047800243
5765,0.5828,9,85,9,158353,447257,13929,94027,4.142956389640224,0.17371102785229195
5766,0.5829,4,25,4,158378,447232,13933,94023,4.142724813813035,0.1737129449150585
5767,0.583,7,42,7,158420,447190,13940,94016,4.142335766423358,0.17371573855426584
5768,0.5831,4,30,4,158450,447160,13944,94012,4.142057875430731,0.17371926115911393
5769,0.5832,1,40,1,158490,447120,13945,94011,4.141687354107229,0.1737305754059553
5770,0.5833,6,55,6,158545,447065,13951,94005,4.141177887287413,0.17373907257840945
5771,0.5834,2,28,2,158573,447037,13953,94003,4.140918522360962,0.17374500961111933
5772,0.5835,4,91,4,158664,446946,13957,93999,4.140075586349995,0.17376812799822533
5773,0.5836,8,26,8,158690,446920,13965,93991,4.139834747489718,0.17376426066395395
5774,0.5837,8,32,8,158722,446888,13973,93983,4.139538330430916,0.17376232040542014
5775,0.5838,8,58,8,158780,446830,13981,93975,4.139001074511838,0.17376873364706316
5776,0.5839,4,59,4,158839,446771,13985,93971,4.138454555559672,0.173781581604536
5777,0.584,0,25,0,158864,446746,13985,93971,4.138222979732483,0.17378961637973284
5778,0.5841,5,32,5,158896,446714,13990,93966,4.137926562673682,0.1737922615965081
5779,0.5842,3,27,3,158923,446687,13993,93963,4.137676460780318,0.17379635623786183
5780,0.5843,9,57,9,158980,446630,14002,93954,4.1371484678943276,0.173800926405517
5781,0.5844,3,33,3,159013,446597,14005,93951,4.136842787802438,0.1738069514640698
5782,0.5845,0,34,0,159047,446563,14005,93951,4.136527844677461,0.1738178844581269
5783,0.5846,5,58,5,159105,446505,14010,93946,4.135990588758383,0.1738288947564164
5784,0.5847,0,50,0,159155,446455,14010,93946,4.135527437104005,0.17384497808109164
5785,0.5848,7,26,7,159181,446429,14017,93939,4.135286598243729,0.17384264057087023
5786,0.5849,2,31,2,159212,446398,14019,93937,4.134999444218015,0.1738495562937807
5787,0.585,10,121,10,159333,446277,14029,93927,4.133878617214421,0.173873203456472
5788,0.5851,5,42,5,159375,446235,14034,93922,4.133489569824744,0.17387907589830365
5789,0.5852,4,51,4,159426,446184,14038,93918,4.133017155137278,0.1738893764511148
5790,0.5853,5,72,5,159498,446112,14043,93913,4.132350216754975,0.17390491180963843
5791,0.5854,5,84,5,159582,446028,14048,93908,4.13157212197562,0.17392431695608368
5792,0.5855,5,31,5,159613,445997,14053,93903,4.131284967949905,0.17392665308390443
5793,0.5856,7,25,7,159638,445972,14060,93896,4.131053392122717,0.17392399623611698
5794,0.5857,5,29,5,159667,445943,14065,93891,4.130784764163177,0.17392568826713398
5795,0.5858,7,38,7,159705,445905,14072,93884,4.130432768905851,0.1739272197099237
5796,0.5859,12,49,12,159754,445856,14084,93872,4.12997888028456,0.1739246435241455
5797,0.586,2,21,2,159775,445835,14086,93870,4.129784356589722,0.17392834974662083
5798,0.5861,7,59,7,159834,445776,14093,93863,4.1292378376375565,0.1739366502421063
5799,0.5862,8,67,8,159901,445709,14101,93855,4.12861721442069,0.17394600084512682
5800,0.5863,1,38,1,159939,445671,14102,93854,4.128265219163363,0.1739567211899356
5801,0.5864,9,46,9,159985,445625,14111,93845,4.127839119641336,0.1739577733701596
5802,0.5865,2,39,2,160024,445586,14113,93843,4.127477861350921,0.1739672876319219
5803,0.5866,5,35,5,160059,445551,14118,93838,4.127153655192856,0.17397091894717912
5804,0.5867,3,22,3,160081,445529,14121,93835,4.12694986846493,0.17397342054716294
5805,0.5868,6,51,6,160132,445478,14127,93829,4.126477453777465,0.17398068261676558
5806,0.5869,11,43,11,160175,445435,14138,93818,4.1260791433547,0.1739777061972766
5807,0.587,3,122,3,160297,445313,14141,93815,4.124949053318018,0.17401247941119735
5808,0.5871,2,66,2,160363,445247,14143,93813,4.1243376931342395,0.17403072014247023
5809,0.5872,2,45,2,160408,445202,14145,93811,4.1239208566453,0.17404218451131975
5810,0.5873,5,31,5,160439,445171,14150,93806,4.1236337026195855,0.17404453251251908
5811,0.5874,4,51,4,160490,445120,14154,93802,4.1231612879321204,0.17405487250474094
5812,0.5875,8,41,8,160531,445079,14162,93794,4.12278150357553,0.17405585360558054
5813,0.5876,8,36,8,160567,445043,14170,93786,4.122448034384379,0.1740552197450397
5814,0.5877,5,35,5,160602,445008,14175,93781,4.122123828226314,0.1740588616322902
5815,0.5878,6,111,6,160713,444897,14181,93775,4.121095631553596,0.17408552885614995
5816,0.5879,5,54,5,160767,444843,14186,93770,4.120595427766868,0.17409531518919893
5817,0.588,6,85,6,160852,444758,14192,93764,4.119808069954426,0.1741135923880547
5818,0.5881,7,91,7,160943,444667,14199,93757,4.118965133943458,0.17413228236482772
5819,0.5882,6,64,6,161007,444603,14205,93751,4.118372299825855,0.17414377900043465
5820,0.5883,5,37,5,161044,444566,14210,93746,4.118029567601615,0.1741480776947198
5821,0.5884,11,75,11,161119,444491,14221,93735,4.117334840120049,0.17415546629111192
5822,0.5885,4,20,4,161139,444471,14225,93731,4.117149579458298,0.17415580023857213
5823,0.5886,5,62,5,161201,444409,14230,93726,4.1165752714068695,0.17416819199643213
5824,0.5887,6,64,6,161265,444345,14236,93720,4.115982437289266,0.17417969947868753
5825,0.5888,1,24,1,161289,444321,14237,93719,4.115760124495164,0.17418593413129135
5826,0.5889,20,85,20,161374,444236,14257,93699,4.1149727666827225,0.17418275442200265
5827,0.589,8,40,8,161414,444196,14265,93691,4.114602245359221,0.17418342514319923
5828,0.5891,5,37,5,161451,444159,14270,93686,4.114259513134981,0.17418773066589816
5829,0.5892,5,70,5,161521,444089,14275,93681,4.1136111008188525,0.17420272607248452
5830,0.5893,7,52,7,161573,444037,14282,93674,4.113129423098299,0.1742088222111878
5831,0.5894,4,56,4,161629,443981,14286,93670,4.112610693245396,0.1742208235453854
5832,0.5895,10,101,10,161730,443880,14296,93660,4.111675126903553,0.1742381962272575
5833,0.5896,9,69,9,161799,443811,14305,93651,4.111035977620512,0.17424673744376346
5834,0.5897,12,137,12,161936,443674,14317,93639,4.109766942087517,0.1742727237196941
5835,0.5898,7,87,7,162023,443587,14324,93632,4.1089610582089,0.17429018705593063
5836,0.5899,12,166,12,162189,443421,14336,93620,4.107423394716366,0.1743256101489458
5837,0.59,4,30,4,162219,443391,14340,93616,4.107145503723739,0.17432919868828525
5838,0.5901,5,41,5,162260,443350,14345,93611,4.106765719367149,0.17433482133711758
5839,0.5902,7,44,7,162304,443306,14352,93604,4.106358145911297,0.17433834348401037
5840,0.5903,12,33,12,162337,443273,14364,93592,4.106052465819408,0.17433060452814023
5841,0.5904,9,86,9,162423,443187,14373,93583,4.105255844973878,0.17434469139482459
5842,0.5905,2,27,2,162450,443160,14375,93581,4.105005743080515,0.1743503850087845
5843,0.5906,4,34,4,162484,443126,14379,93577,4.104690799955537,0.17435527656823233
5844,0.5907,6,18,6,162502,443108,14385,93571,4.1045240653599615,0.1743518937763542
5845,0.5908,6,25,6,162527,443083,14391,93565,4.104292489532773,0.17435078487202038
5846,0.5909,9,56,9,162583,443027,14400,93556,4.10377375967987,0.17435513238399278
5847,0.591,8,64,8,162647,442963,14408,93548,4.103180925562266,0.1743636197580292
5848,0.5911,8,66,8,162713,442897,14416,93540,4.102569565378488,0.17437275952255343
5849,0.5912,2,29,2,162742,442868,14418,93538,4.102300937418948,0.17437910836194973
5850,0.5913,4,21,4,162763,442847,14422,93534,4.10210641372411,0.1743797785529316
5851,0.5914,3,23,3,162786,442824,14425,93531,4.101893363963096,0.17438263836451603
5852,0.5915,8,65,8,162851,442759,14433,93523,4.101291266812405,0.17439145822533667
5853,0.5916,8,70,8,162921,442689,14441,93515,4.100642854496276,0.17440190673698816
5854,0.5917,5,138,5,163059,442551,14446,93510,4.099364555930194,0.1744391030125303
5855,0.5918,6,19,6,163078,442532,14452,93504,4.09918855830153,0.17443604534023835
5856,0.5919,3,37,3,163115,442495,14455,93501,4.098845826077291,0.1744434659960149
5857,0.592,5,24,5,163139,442471,14460,93496,4.098623513283189,0.17444357581716785
5858,0.5921,5,52,5,163191,442419,14465,93491,4.098141835562637,0.17445279991043272
5859,0.5922,2,26,2,163217,442393,14467,93489,4.09790099670236,0.17445818295818855
5860,0.5923,1,45,1,163262,442348,14468,93488,4.09748416021342,0.17447129345546025
5861,0.5924,17,118,17,163380,442230,14485,93471,4.096391122309089,0.17448352719147434
5862,0.5925,1,19,1,163399,442211,14486,93470,4.096215124680425,0.17448817486526497
5863,0.5926,10,119,10,163518,442092,14496,93460,4.095112823743007,0.17451153202676864
5864,0.5927,11,58,11,163576,442034,14507,93449,4.094575567823928,0.17451347661830535
5865,0.5928,10,122,10,163698,441912,14517,93439,4.093445477787247,0.17453782658480138
5866,0.5929,6,125,6,163823,441787,14523,93433,4.0922875986513025,0.174569335973992
5867,0.593,3,21,3,163844,441766,14526,93430,4.0920930749564635,0.17457155883078349
5868,0.5931,3,51,3,163895,441715,14529,93427,4.091620660268998,0.17458356847341452
5869,0.5932,2,52,2,163947,441663,14531,93425,4.091138982548446,0.17459744939150196
5870,0.5933,10,58,10,164005,441605,14541,93415,4.090601726629368,0.17460094949721505
5871,0.5934,7,79,7,164084,441526,14548,93408,4.089869947015451,0.1746159339282977
5872,0.5935,14,160,14,164244,441366,14562,93394,4.088387861721442,0.1746465704241155
5873,0.5936,0,19,0,164263,441347,14562,93394,4.088211864092779,0.17465277582979424
5874,0.5937,2,28,2,164291,441319,14564,93392,4.087952499166327,0.17465883439839464
5875,0.5938,5,58,5,164349,441261,14569,93387,4.087415243247249,0.17467006329398033
5876,0.5939,5,24,5,164373,441237,14574,93382,4.087192930453147,0.17467018568363638
5877,0.594,5,15,5,164388,441222,14579,93377,4.087053984956834,0.17466736750349326
5878,0.5941,6,20,6,164408,441202,14585,93371,4.086868724295083,0.1746646388800033
5879,0.5942,11,82,11,164490,441120,14596,93360,4.086109155581903,0.1746744499326448
5880,0.5943,16,126,16,164616,440994,14612,93344,4.0849420134128716,0.1746909259682074
5881,0.5944,4,77,4,164693,440917,14616,93340,4.08422875986513,0.17470992424993964
5882,0.5945,9,84,9,164777,440833,14625,93331,4.083450665085776,0.17472349315940422
5883,0.5946,10,42,10,164819,440791,14635,93321,4.0830616176960985,0.1747217811994488
5884,0.5947,7,77,7,164896,440714,14642,93314,4.0823483641483564,0.174736156156606
5885,0.5948,8,93,8,164989,440621,14650,93306,4.081486902071214,0.174754226701403
5886,0.5949,3,17,3,165006,440604,14653,93303,4.081329430508726,0.1747551539874922
5887,0.595,3,74,3,165080,440530,14656,93300,4.080643966060247,0.17477474102242288
5888,0.5951,4,26,4,165106,440504,14660,93296,4.08040312719997,0.17477707006369428
5889,0.5952,5,137,5,165243,440367,14665,93291,4.079134091666975,0.1748142068515791
5890,0.5953,6,88,6,165331,440279,14671,93285,4.078318944755271,0.1748337593990599
5891,0.5954,1,21,1,165352,440258,14672,93284,4.078124421060432,0.17483909420439253
5892,0.5955,3,80,3,165432,440178,14675,93281,4.077383378413428,0.17486067345381745
5893,0.5956,7,129,7,165561,440049,14682,93274,4.0761884471451335,0.17489213853518412
5894,0.5957,4,63,4,165624,439986,14686,93270,4.075604876060617,0.17490661145866152
5895,0.5958,0,25,0,165649,439961,14686,93270,4.075373300233428,0.17491481177951018
5896,0.5959,3,23,3,165672,439938,14689,93267,4.075160250472415,0.17491771457506963
5897,0.596,4,26,4,165698,439912,14693,93263,4.0749194116121386,0.17492005439114738
5898,0.5961,5,109,5,165807,439803,14698,93258,4.073909741005595,0.17494808286481284
5899,0.5962,2,25,2,165832,439778,14700,93256,4.073678165178406,0.17495319247927898
5900,0.5963,8,47,8,165879,439731,14708,93248,4.073242802623291,0.17495623654965767
5901,0.5964,10,123,10,166002,439608,14718,93238,4.072103449553522,0.17498113901577567
5902,0.5965,4,59,4,166061,439549,14722,93234,4.071556930601356,0.17499432226628853
5903,0.5966,4,50,4,166111,439499,14726,93230,4.071093778946978,0.17500455203302243
5904,0.5967,7,54,7,166165,439445,14733,93223,4.070593575160251,0.17501145178610317
5905,0.5968,10,89,10,166254,439356,14743,93213,4.069769165215458,0.17502520800121674
5906,0.5969,4,24,4,166278,439332,14747,93209,4.0695468524213565,0.175026899337328
5907,0.597,3,23,3,166301,439309,14750,93206,4.069333802660343,0.17502981136681595
5908,0.5971,6,32,6,166333,439277,14756,93200,4.069037385601542,0.17503103420429428
5909,0.5972,3,38,3,166371,439239,14759,93197,4.068685390344214,0.17503887791208708
5910,0.5973,8,61,8,166432,439178,14767,93189,4.068120345325873,0.1750465374450332
5911,0.5974,4,37,4,166469,439141,14771,93185,4.067777613101634,0.1750525054196113
5912,0.5975,2,30,2,166499,439111,14773,93183,4.067499722109007,0.1750592717558342
5913,0.5976,8,25,8,166524,439086,14781,93175,4.067268146281818,0.17505509515068735
5914,0.5977,9,41,9,166565,439045,14790,93166,4.066888361925229,0.17505463058824414
5915,0.5978,7,93,7,166658,438952,14797,93159,4.066026899848087,0.17507437357994854
5916,0.5979,7,64,7,166722,438888,14804,93152,4.065434065730483,0.1750845801067589
5917,0.598,5,42,5,166764,438846,14809,93147,4.065045018340806,0.17509064968899968
5918,0.5981,2,23,2,166787,438823,14811,93145,4.064831968579791,0.17509511850336862
5919,0.5982,2,14,2,166801,438809,14813,93143,4.064702286116566,0.1750966252594219
5920,0.5983,7,104,7,166905,438705,14820,93136,4.06373893067546,0.1751200076714657
5921,0.5984,3,36,3,166941,438669,14823,93133,4.063405461484308,0.1751272089988379
5922,0.5985,8,166,8,167107,438503,14831,93125,4.061867797991774,0.1751694794104148
5923,0.5986,8,81,8,167188,438422,14839,93117,4.061117492311682,0.17518375885871026
5924,0.5987,6,82,6,167270,438340,14845,93111,4.060357923598503,0.17520147671186995
5925,0.5988,8,37,8,167307,438303,14853,93103,4.060015191374264,0.1752012585480781
5926,0.5989,8,111,8,167418,438192,14861,93095,4.058986994701545,0.17522544312207902
5927,0.599,14,232,14,167650,437960,14875,93081,4.0568379710252325,0.1752802514306805
5928,0.5991,11,69,11,167719,437891,14886,93070,4.056198821742191,0.17528594378871518
5929,0.5992,6,38,6,167757,437853,14892,93064,4.055846826484864,0.17528916949353665
5930,0.5993,9,78,9,167835,437775,14901,93055,4.055124309904035,0.17530094380498465
5931,0.5994,5,11,5,167846,437764,14906,93050,4.055022416540072,0.1752968082981986
5932,0.5995,3,26,3,167872,437738,14909,93047,4.054781577679796,0.17530073381877784
5933,0.5996,8,89,8,167961,437649,14917,93039,4.053957167735003,0.1753177007959479
5934,0.5997,7,78,7,168039,437571,14924,93032,4.053234651154174,0.17533259329479856
5935,0.5998,9,38,9,168077,437533,14933,93023,4.0528826558968465,0.1753311620262517
5936,0.5999,12,132,12,168209,437401,14945,93011,4.0516599355292895,0.1753561382472493
5937,0.6,8,53,8,168262,437348,14953,93003,4.051168994775649,0.17536122303908167
5938,0.6001,3,27,3,168289,437321,14956,93000,4.050918892882286,0.17536548618666808
5939,0.6002,5,25,5,168314,437296,14961,92995,4.050687317055097,0.17536597830247921
5940,0.6003,3,108,3,168422,437188,14964,92992,4.049686909481641,0.1753970349692557
5941,0.6004,5,32,5,168454,437156,14969,92987,4.049390492422839,0.1753998449474953
5942,0.6005,4,40,4,168494,437116,14973,92983,4.049019971099336,0.17540685796426705
5943,0.6006,6,111,6,168605,437005,14979,92977,4.0479917744266185,0.17543426003147278
5944,0.6007,8,124,8,168729,436881,14987,92969,4.046843158323761,0.17546286684910825
5945,0.6008,5,51,5,168780,436830,14992,92964,4.046370743636296,0.17547197590006683
5946,0.6009,9,35,9,168815,436795,15001,92955,4.046046537478232,0.17546956111373288
5947,0.601,5,51,5,168866,436744,15006,92950,4.045574122790766,0.17547867259210034
5948,0.6011,4,23,4,168889,436721,15010,92946,4.045361073029753,0.17548006577717698
5949,0.6012,7,44,7,168933,436677,15017,92939,4.0449534995739,0.17548374671460076
5950,0.6013,4,22,4,168955,436655,15021,92935,4.044749712845975,0.17548480900319116
5951,0.6014,6,108,6,169063,436547,15027,92929,4.043749305272518,0.17551126018931926
5952,0.6015,6,218,6,169281,436329,15033,92923,4.0417299640594315,0.17557420661612994
5953,0.6016,8,74,8,169355,436255,15041,92915,4.041044499610953,0.1755862955193983
5954,0.6017,6,31,6,169386,436224,15047,92909,4.040757345585239,0.17558723421143643
5955,0.6018,0,24,0,169410,436200,15047,92909,4.040535032791137,0.17559519872086848
5956,0.6019,2,16,2,169426,436184,15049,92907,4.040386824261736,0.17559739250903908
5957,0.602,8,40,8,169466,436144,15057,92899,4.040016302938234,0.17559820279258964
5958,0.6021,4,30,4,169496,436114,15061,92895,4.039738411945607,0.17560192737741703
5959,0.6022,3,81,3,169577,436033,15064,92892,4.038988106265515,0.17562414330954293
5960,0.6023,6,41,6,169618,435992,15070,92886,4.038608321908926,0.1756284057949092
5961,0.6024,9,94,9,169712,435898,15079,92877,4.037737596798696,0.17564559595291002
5962,0.6025,7,64,7,169776,435834,15086,92870,4.037144762681092,0.17565594359036435
5963,0.6026,5,33,5,169809,435801,15091,92865,4.036839082589203,0.17565911180215865
5964,0.6027,5,63,5,169872,435738,15096,92860,4.036255511504687,0.17567224998959513
5965,0.6028,3,43,3,169915,435695,15099,92857,4.035857201081923,0.17568186290090662
5966,0.6029,5,78,5,169993,435617,15104,92852,4.035134684501093,0.17569999375554668
5967,0.603,10,76,10,170069,435541,15114,92842,4.0344306939864385,0.1757096651481974
5968,0.6031,4,38,4,170107,435503,15118,92838,4.034078698729112,0.1757160621643976
5969,0.6032,6,23,6,170130,435480,15124,92832,4.033865648968098,0.1757143506110026
5970,0.6033,14,56,14,170186,435424,15138,92818,4.033346919115195,0.17571113239765107
5971,0.6034,5,25,5,170211,435399,15143,92813,4.0331153432880065,0.17571164608149759
5972,0.6035,13,74,13,170285,435325,15156,92800,4.032429878839527,0.17571597633136093
5973,0.6036,7,73,7,170358,435252,15163,92793,4.031753677424136,0.17572934124932535
5974,0.6037,6,132,6,170490,435120,15169,92787,4.030530957056579,0.17576391296194216
5975,0.6038,14,113,14,170603,435007,15183,92773,4.029484234317685,0.17577968092765925
5976,0.6039,8,66,8,170669,434941,15191,92765,4.028872874133906,0.17578917048508072
5977,0.604,8,87,8,170756,434854,15199,92757,4.028066990255289,0.17580565985167101
5978,0.6041,4,50,4,170806,434804,15203,92753,4.027603838600911,0.17581607295514987
5979,0.6042,8,53,8,170859,434751,15211,92745,4.027112897847271,0.17582123845488876
5980,0.6043,2,42,2,170901,434709,15213,92743,4.026723850457594,0.1758321136330889
5981,0.6044,6,44,6,170945,434665,15219,92737,4.026316277001741,0.17583740675992887
5982,0.6045,3,36,3,170981,434629,15222,92734,4.02598280781059,0.17584472175711985
5983,0.6046,8,59,8,171040,434570,15230,92726,4.025436288858423,0.17585189343366914
5984,0.6047,8,55,8,171095,434515,15238,92718,4.0249268220386085,0.17585773272917288
5985,0.6048,2,47,2,171142,434468,15240,92716,4.024491459483493,0.17587028437888858
5986,0.6049,14,42,14,171184,434426,15254,92702,4.024102412093816,0.17586240913023024
5987,0.605,8,64,8,171248,434362,15262,92694,4.0235095779762124,0.17587125466743572
5988,0.6051,6,101,6,171349,434261,15268,92688,4.02257401163437,0.17589558002766872
5989,0.6052,3,80,3,171429,434181,15271,92685,4.021832968987365,0.17591759574540775
5990,0.6053,5,75,5,171504,434106,15276,92680,4.021138241505799,0.17593481983196213
5991,0.6054,6,57,6,171561,434049,15282,92674,4.020610248619808,0.17594447176219757
5992,0.6055,7,25,7,171586,434024,15289,92667,4.020378672792619,0.17594187104013548
5993,0.6056,4,20,4,171606,434004,15293,92663,4.020193412130868,0.17594229370740905
5994,0.6057,10,108,10,171714,433896,15303,92653,4.019193004557413,0.17596273091393203
5995,0.6058,1,25,1,171739,433871,15304,92652,4.018961428730224,0.17596952079966116
5996,0.6059,1,42,1,171781,433829,15305,92651,4.0185723813405465,0.1759819936179912
5997,0.606,15,102,15,171883,433727,15320,92636,4.0176275519656155,0.17599261346257242
5998,0.6061,6,33,6,171916,433694,15326,92630,4.017321871873726,0.17599425448962996
5999,0.6062,3,27,3,171943,433667,15329,92627,4.017071769980363,0.17599858634147453
6000,0.6063,15,212,15,172155,433455,15344,92612,4.015108006965801,0.1760460169522133
6001,0.6064,9,57,9,172212,433398,15353,92603,4.014580014079811,0.17605099610076788
6002,0.6065,4,58,4,172270,433340,15357,92599,4.014042758160732,0.17606414432091935
6003,0.6066,5,70,5,172340,433270,15362,92594,4.0133943458446035,0.17607974685470007
6004,0.6067,9,30,9,172370,433240,15371,92585,4.013116454851977,0.17607569058146721
6005,0.6068,4,67,4,172437,433173,15375,92581,4.0124958316351105,0.1760918604518463
6006,0.6069,5,46,5,172483,433127,15380,92576,4.012069732113083,0.1760994325693405
6007,0.607,2,25,2,172508,433102,15382,92574,4.0118381562858945,0.17610467284030468
6008,0.6071,3,26,3,172534,433076,15385,92571,4.011597317425617,0.1761086813013296
6009,0.6072,11,53,11,172587,433023,15396,92560,4.011106376671978,0.17610919683475304
6010,0.6073,9,52,9,172639,432971,15405,92551,4.010624698951425,0.17611251289194363
6011,0.6074,11,176,11,172815,432795,15416,92540,4.008994405128015,0.1761542634699763
6012,0.6075,5,22,5,172837,432773,15421,92535,4.008790618400089,0.17615379929488986
6013,0.6076,6,46,6,172883,432727,15427,92529,4.008364518878062,0.1761598154042981
6014,0.6077,5,52,5,172935,432675,15432,92524,4.0078828411575085,0.1761694138793105
6015,0.6078,4,34,4,172969,432641,15436,92520,4.007567898032532,0.17617454456823717
6016,0.6079,4,108,4,173077,432533,15440,92516,4.006567490459076,0.17620450662700052
6017,0.608,8,72,8,173149,432461,15448,92508,4.005900552076772,0.17621611942800433
6018,0.6081,14,48,14,173197,432413,15462,92494,4.00545592648857,0.17621026200831766
6019,0.6082,6,67,6,173264,432346,15468,92488,4.004835303271704,0.17622333918915314
6020,0.6083,11,87,11,173351,432259,15479,92477,4.004029419393086,0.1762352878399805
6021,0.6084,8,55,8,173406,432204,15487,92469,4.003519952573271,0.17624120166274995
6022,0.6085,16,109,16,173515,432095,15503,92453,4.002510281966727,0.17625269756056644
6023,0.6086,16,126,16,173641,431969,15519,92437,4.0013431397976955,0.1762699130063348
6024,0.6087,10,48,10,173689,431921,15529,92427,4.000898514209493,0.17627033954549268
6025,0.6088,6,72,6,173761,431849,15535,92421,4.000231575827189,0.17628512026246018
6026,0.6089,5,39,5,173800,431810,15540,92416,3.9998703175367742,0.17629037857717855
6027,0.609,1,27,1,173827,431783,15541,92415,3.9996202156434104,0.17629788743947897
6028,0.6091,8,75,8,173902,431708,15549,92407,3.9989254881618437,0.17631054253360426
6029,0.6092,7,48,7,173950,431660,15556,92400,3.998480862573641,0.17631568904323933
6030,0.6093,4,41,4,173991,431619,15560,92396,3.998101078217051,0.17632319685505185
6031,0.6094,5,75,5,174066,431544,15565,92391,3.997406350735485,0.17634057659824215
6032,0.6095,2,31,2,174097,431513,15567,92389,3.997119196709771,0.1763478665857355
6033,0.6096,7,12,7,174109,431501,15574,92382,3.99700804031272,0.17634090054458726
6034,0.6097,11,119,11,174228,431382,15585,92371,3.995905739375301,0.17636366760667718
6035,0.6098,12,161,12,174389,431221,15597,92359,3.994414391048205,0.17639902211696398
6036,0.6099,7,44,7,174433,431177,15604,92352,3.9940068175923527,0.1764028353730166
6037,0.61,8,89,8,174522,431088,15612,92344,3.99318240764756,0.17642024178880925
6038,0.6101,7,78,7,174600,431010,15619,92337,3.992459891066731,0.1764355198367431
6039,0.6102,3,39,3,174639,430971,15622,92334,3.992098632776316,0.17644394760225873
6040,0.6103,12,73,12,174712,430898,15634,92322,3.991422431360925,0.17644967700011469
6041,0.6104,9,91,9,174803,430807,15643,92313,3.9905794953499574,0.1764662027833002
6042,0.6105,6,35,6,174838,430772,15649,92307,3.990255289191893,0.17646856402187816
6043,0.6106,3,68,3,174906,430704,15652,92304,3.989625402941939,0.17648678414096916
6044,0.6107,6,46,6,174952,430658,15658,92298,3.989199303419912,0.1764928598199466
6045,0.6108,2,37,2,174989,430621,15660,92296,3.9888565711956723,0.17650219824561067
6046,0.6109,0,39,0,175028,430582,15660,92296,3.9884953129052576,0.17651536304835927
6047,0.611,6,37,6,175065,430545,15666,92290,3.9881525806810183,0.17651840446794878
6048,0.6111,11,156,11,175221,430389,15677,92279,3.9867075475193596,0.17655375879143165
6049,0.6112,3,34,3,175255,430355,15680,92276,3.986392604394383,0.17656051784145985
6050,0.6113,1,16,1,175271,430339,15681,92275,3.9862443958649822,0.17656434768299356
6051,0.6114,11,143,11,175414,430196,15692,92264,3.9849197821334617,0.17659533744210082
6052,0.6115,7,8,7,175422,430188,15699,92257,3.9848456778687615,0.17658700915885883
6053,0.6116,4,51,4,175473,430137,15703,92253,3.984373263181296,0.1765979440647792
6054,0.6117,4,40,4,175513,430097,15707,92249,3.984002741857794,0.17660516209562244
6055,0.6118,5,58,5,175571,430039,15712,92244,3.9834654859387157,0.17661689160857236
6056,0.6119,5,38,5,175609,430001,15717,92239,3.9831134906813888,0.17662185968137256
6057,0.612,4,43,4,175652,429958,15721,92235,3.982715180258624,0.1766300965351891
6058,0.6121,3,74,3,175726,429884,15724,92232,3.9820297158101448,0.1766503995280742
6059,0.6122,5,35,5,175761,429849,15729,92227,3.9817055096520804,0.17665435683693562
6060,0.6123,5,54,5,175815,429795,15734,92222,3.9812053058653527,0.17666474463475326
6061,0.6124,1,6,1,175821,429789,15735,92221,3.981149727666827,0.17666519798471295
6062,0.6125,7,66,7,175887,429723,15742,92214,3.9805383674830486,0.1766764954391047
6063,0.6126,1,13,1,175900,429710,15743,92213,3.9804179480529105,0.1766793185968045
6064,0.6127,13,133,13,176033,429577,15756,92200,3.979185964652266,0.1767038409128804
6065,0.6128,14,119,14,176152,429458,15770,92186,3.978083663714847,0.1767220556548144
6066,0.6129,2,27,2,176179,429431,15772,92184,3.9778335618214826,0.17672804654774116
6067,0.613,13,164,13,176343,429267,15785,92171,3.976314424395124,0.17676310510549673
6068,0.6131,3,10,3,176353,429257,15788,92168,3.9762217940642484,0.1767617586421825
6069,0.6132,3,52,3,176405,429205,15791,92165,3.9757401163436956,0.17677465139919826
6070,0.6133,13,83,13,176488,429122,15804,92152,3.9749712845974288,0.17678226805864095
6071,0.6134,4,21,4,176509,429101,15808,92148,3.97477676090259,0.176783072965128
6072,0.6135,13,159,13,176668,428942,15821,92135,3.973303938641669,0.1768164781788488
6073,0.6136,13,169,13,176837,428773,15834,92122,3.971738486049872,0.1768533005692126
6074,0.6137,10,133,10,176970,428640,15844,92112,3.9705065026492274,0.17688266199649738
6075,0.6138,5,38,5,177008,428602,15849,92107,3.9701545073919005,0.17688766662377642
6076,0.6139,5,70,5,177078,428532,15854,92102,3.9695060950757717,0.17690354452456045
6077,0.614,6,50,6,177128,428482,15860,92096,3.969042943421394,0.1769110488725993
6078,0.6141,7,91,7,177219,428391,15867,92089,3.9682000074104264,0.17693090992929603
6079,0.6142,2,42,2,177261,428349,15869,92087,3.967810960020749,0.17694202553243818
6080,0.6143,2,59,2,177320,428290,15871,92085,3.9672644410685836,0.17695892385299064
6081,0.6144,5,33,5,177353,428257,15876,92080,3.966958760976694,0.17696223793426183
6082,0.6145,7,80,7,177433,428177,15883,92073,3.96621771832969,0.17697837578087458
6083,0.6146,8,23,8,177456,428154,15891,92065,3.9660046685686763,0.17697354383442357
6084,0.6147,14,96,14,177552,428058,15905,92051,3.965115417392271,0.1769840552653386
6085,0.6148,6,68,6,177620,427990,15911,92045,3.964485531142317,0.17699770207774476
6086,0.6149,1,32,1,177652,427958,15912,92044,3.9641891140835157,0.1770070115114942
6087,0.615,9,68,9,177720,427890,15921,92035,3.963559227833562,0.17701591575708034
6088,0.6151,10,58,10,177778,427832,15931,92025,3.9630219719144835,0.17701983430058651
6089,0.6152,5,52,5,177830,427780,15936,92020,3.9625402941939307,0.1770296267795306
6090,0.6153,2,64,2,177894,427716,15938,92018,3.9619474600763276,0.17704825930187365
6091,0.6154,8,67,8,177961,427649,15946,92010,3.9613268368594614,0.17705841715432621
6092,0.6155,6,52,6,178013,427597,15952,92004,3.9608451591389082,0.17706663382095109
6093,0.6156,3,44,3,178057,427553,15955,92001,3.960437585683056,0.17707687747568107
6094,0.6157,13,107,13,178164,427446,15968,91988,3.959446441142688,0.1770927586565377
6095,0.6158,11,50,11,178214,427396,15979,91977,3.95898328948831,0.1770923786950804
6096,0.6159,14,113,14,178327,427283,15993,91963,3.9579365667494164,0.177108730736491
6097,0.616,12,106,12,178433,427177,16005,91951,3.9569546852421356,0.177125872617158
6098,0.6161,4,49,4,178482,427128,16009,91947,3.9565007966208454,0.17713625198670713
6099,0.6162,11,74,11,178556,427054,16020,91936,3.9558153321723664,0.1771440682864795
6100,0.6163,2,32,2,178588,427022,16022,91934,3.9555189151135646,0.17715182019284872
6101,0.6164,6,98,6,178686,426924,16028,91928,3.9546111378709843,0.1771757649580227
6102,0.6165,7,21,7,178707,426903,16035,91921,3.9544166141761457,0.17717183476477572
6103,0.6166,6,40,6,178747,426863,16041,91915,3.9540460928526437,0.1771759789351129
6104,0.6167,10,71,10,178818,426792,16051,91905,3.9533884175034273,0.17718436775227156
6105,0.6168,5,71,5,178889,426721,16056,91900,3.952730742154211,0.1772006918346924
6106,0.6169,9,74,9,178963,426647,16065,91891,3.9520452777057318,0.1772116990461644
6107,0.617,4,37,4,179000,426610,16069,91887,3.9517025454814925,0.17721799740403513
6108,0.6171,19,181,19,179181,426429,16088,91868,3.9500259364926453,0.17724972361406685
6109,0.6172,9,89,9,179270,426340,16097,91859,3.949201526547853,0.17726587662268742
6110,0.6173,3,63,3,179333,426277,16100,91856,3.948617955463337,0.17728266680562713
6111,0.6174,2,27,2,179360,426250,16102,91854,3.948367853569973,0.17728872967589518
6112,0.6175,5,45,5,179405,426205,16107,91849,3.947951017081033,0.17729618920035364
6113,0.6176,6,43,6,179448,426162,16113,91843,3.9475527066582683,0.17730137739983204
6114,0.6177,5,43,5,179491,426119,16118,91838,3.9471543962355033,0.1773081549240574
6115,0.6178,3,30,3,179521,426089,16121,91835,3.946876505242877,0.17731365991921594
6116,0.6179,6,40,6,179561,426049,16127,91829,3.9465059839193746,0.17731782388902406
6117,0.618,11,69,11,179630,425980,16138,91818,3.9458668346363335,0.17732397575888667
6118,0.6181,6,33,6,179663,425947,16144,91812,3.945561154544444,0.177325744216904
6119,0.6182,9,148,9,179811,425799,16153,91803,3.944190225647486,0.17736214311382104
6120,0.6183,6,27,6,179838,425772,16159,91797,3.943940123754122,0.17736185899851034
6121,0.6184,5,71,5,179909,425701,16164,91792,3.9432824484049056,0.1773782447298804
6122,0.6185,3,36,3,179945,425665,16167,91789,3.9429489792137535,0.17738581593726205
6123,0.6186,14,93,14,180038,425572,16181,91775,3.942087517136611,0.17739544251730463
6124,0.6187,10,80,10,180118,425492,16191,91765,3.941346474489607,0.1774069756426689
6125,0.6188,3,20,3,180138,425472,16194,91762,3.941161213827856,0.17740906436931833
6126,0.6189,13,51,13,180189,425421,16207,91749,3.9406887991403905,0.1774058820117176
6127,0.619,5,69,5,180258,425352,16212,91744,3.9400496498573494,0.17742160063121742
6128,0.6191,7,120,7,180378,425232,16219,91737,3.938938085886843,0.17745164603680297
6129,0.6192,8,34,8,180412,425198,16227,91729,3.938623142761866,0.17745058780059852
6130,0.6193,13,70,13,180482,425128,16240,91716,3.9379747304457373,0.17745393194077905
6131,0.6194,3,49,3,180531,425079,16243,91713,3.937520841824447,0.1774659824455487
6132,0.6195,10,104,10,180635,424975,16253,91703,3.9365574863833412,0.17748578418279856
6133,0.6196,12,38,12,180673,424937,16265,91691,3.9362054911260143,0.17747973396718722
6134,0.6197,10,48,10,180721,424889,16275,91681,3.935760865537812,0.177480302766324
6135,0.6198,3,27,3,180748,424862,16278,91678,3.9355107636444475,0.17748480272582956
6136,0.6199,11,84,11,180832,424778,16289,91667,3.934732668865093,0.17749615157470786
6137,0.62,14,147,14,180979,424631,16303,91653,3.9333710030012226,0.1775243858031626
6138,0.6201,5,23,5,181002,424608,16308,91648,3.933157953240209,0.1775243290150623
6139,0.6202,6,59,6,181061,424549,16314,91642,3.9326114342880434,0.17753505969689515
6140,0.6203,4,32,4,181093,424517,16318,91638,3.9323150172292416,0.17753969253421936
6141,0.6204,5,47,5,181140,424470,16323,91633,3.9318796546741264,0.1775478925718316
6142,0.6205,5,48,5,181188,424422,16328,91628,3.931435029085924,0.17755643832961923
6143,0.6206,9,68,9,181256,424354,16337,91619,3.93080514283597,0.17756549276803243
6144,0.6207,4,25,4,181281,424329,16341,91615,3.9305735670087816,0.17756772052780923
6145,0.6208,4,67,4,181348,424262,16345,91611,3.9299529437919154,0.17758440546413556
6146,0.6209,7,41,7,181389,424221,16352,91604,3.9295731594353254,0.17758736005428197
6147,0.621,5,74,5,181463,424147,16357,91599,3.9288876949868463,0.17760486751230256
6148,0.6211,4,46,4,181509,424101,16361,91595,3.928461595464819,0.17761433092364493
6149,0.6212,3,26,3,181535,424075,16364,91592,3.9282207566045426,0.17761850186263617
6150,0.6213,2,14,2,181549,424061,16366,91590,3.928091074141317,0.177620134548367
6151,0.6214,11,67,11,181616,423994,16377,91579,3.9274704509244507,0.17762567085553355
6152,0.6215,4,29,4,181645,423965,16381,91575,3.9272018229649115,0.1776292819179889
6153,0.6216,6,25,6,181670,423940,16387,91569,3.9269702471377226,0.17762832462672815
6154,0.6217,8,63,8,181733,423877,16395,91561,3.9263866760532067,0.17763727160201614
6155,0.6218,7,40,7,181773,423837,16402,91554,3.9260161547297048,0.17763988893868926
6156,0.6219,3,32,3,181805,423805,16405,91551,3.925719737670903,0.1776461319941943
6157,0.622,0,23,0,181828,423782,16405,91551,3.9255066879098894,0.17765406057830568
6158,0.6221,7,62,7,181890,423720,16412,91544,3.9249323798584608,0.1776642653086573
6159,0.6222,7,49,7,181939,423671,16419,91537,3.9244784912371706,0.17766998959643485
6160,0.6223,1,66,1,182005,423605,16420,91536,3.923867131053392,0.1776911564018395
6161,0.6224,11,74,11,182079,423531,16431,91525,3.923181666604913,0.17769912397875182
6162,0.6225,7,51,7,182130,423480,16438,91518,3.922709251917448,0.1777055444875514
6163,0.6226,9,56,9,182186,423424,16447,91509,3.922190522064545,0.1777104982589968
6164,0.6227,9,94,9,182280,423330,16456,91500,3.9213197969543145,0.1777285705961191
6165,0.6228,1,23,1,182303,423307,16457,91499,3.921106747193301,0.17773491373449415
6166,0.6229,8,75,8,182378,423232,16465,91491,3.9204120197117343,0.17774803146546783
6167,0.623,8,54,8,182432,423178,16473,91483,3.9199118159250066,0.1777539001400922
6168,0.6231,2,33,2,182465,423145,16475,91481,3.919606135833117,0.1777621029640943
6169,0.6232,15,132,15,182597,423013,16490,91466,3.91838341546556,0.17778373850050244
6170,0.6233,13,124,13,182721,422889,16503,91453,3.9172347993627032,0.17780581791881667
6171,0.6234,8,108,8,182829,422781,16511,91445,3.9162343917892475,0.17783037030410753
6172,0.6235,6,90,6,182919,422691,16517,91439,3.9154007188113678,0.1778519051601735
6173,0.6236,9,126,9,183045,422565,16526,91430,3.914233576642336,0.17788110779287736
6174,0.6237,4,39,4,183084,422526,16530,91426,3.9138723183519213,0.17788820745906234
6175,0.6238,4,23,4,183107,422503,16534,91422,3.9136592685909073,0.17788976990806052
6176,0.6239,6,136,6,183243,422367,16540,91416,3.912399496091,0.17792725722727298
6177,0.624,4,61,4,183304,422306,16544,91412,3.911834451072659,0.17794198373426667
6178,0.6241,8,48,8,183352,422258,16552,91404,3.9113898254844566,0.1779458087224673
6179,0.6242,7,139,7,183491,422119,16559,91397,3.9101022638852867,0.17798276976764113
6180,0.6243,3,100,3,183591,422019,16562,91394,3.909175960576531,0.1780126331043429
6181,0.6244,10,45,10,183636,421974,16572,91384,3.908759124087591,0.17801222538657233
6182,0.6245,8,82,8,183718,421892,16580,91376,3.907999555374412,0.17802785289556333
6183,0.6246,3,55,3,183773,421837,16583,91373,3.9074900885545962,0.17804212700454006
6184,0.6247,8,63,8,183836,421774,16591,91365,3.9069065174700803,0.1780511713200517
6185,0.6248,5,54,5,183890,421720,16596,91360,3.9064063136833527,0.1780619006782568
6186,0.6249,13,78,13,183968,421642,16609,91347,3.9056837971025233,0.17806814571072674
6187,0.625,4,28,4,183996,421614,16613,91343,3.905424432176072,0.17807145628191057
6188,0.6251,7,124,7,184120,421490,16620,91336,3.904275816073215,0.17810329429475105
6189,0.6252,1,11,1,184131,421479,16621,91335,3.904173922709252,0.17810551194000163
6190,0.6253,2,16,2,184147,421463,16623,91333,3.904025714179851,0.17810786355587796
6191,0.6254,13,59,13,184206,421404,16636,91320,3.9034791952276855,0.17810751983523299
6192,0.6255,14,101,14,184307,421303,16650,91306,3.902543628885842,0.17812016566232744
6193,0.6256,8,68,8,184375,421235,16658,91298,3.9019137426358887,0.17813096912784152
6194,0.6257,9,70,9,184445,421165,16667,91289,3.90126533031976,0.17814086727784348
6195,0.6258,3,21,3,184466,421144,16670,91286,3.9010708066249213,0.1781433561657202
6196,0.6259,6,40,6,184506,421104,16676,91280,3.900700285301419,0.17814763927054708
6197,0.626,3,22,3,184528,421082,16679,91277,3.900496498573493,0.17815047652134539
6198,0.6261,15,67,15,184595,421015,16694,91262,3.899875875356627,0.17814971197223378
6199,0.6262,10,50,10,184645,420965,16704,91252,3.899412723702249,0.1781510570715146
6200,0.6263,10,126,10,184771,420839,16714,91242,3.8982455815332173,0.1781788428002601
6201,0.6264,18,117,18,184888,420722,16732,91224,3.8971618066619733,0.17819066854707333
6202,0.6265,12,79,12,184967,420643,16744,91212,3.8964300270480567,0.17819890398648056
6203,0.6266,1,16,1,184983,420627,16745,91211,3.8962818185186556,0.17820286887648046
6204,0.6267,17,164,17,185147,420463,16762,91194,3.894762681092297,0.17823268322333125
6205,0.6268,4,39,4,185186,420424,16766,91190,3.894401422801882,0.17823984488305636
6206,0.6269,6,61,6,185247,420363,16772,91184,3.8938363777835416,0.178251460765091
6207,0.627,6,68,6,185315,420295,16778,91178,3.8932064915335878,0.17826551939203047
6208,0.6271,3,30,3,185345,420265,16781,91175,3.8929286005409613,0.1782711559518223
6209,0.6272,11,92,11,185437,420173,16792,91164,3.8920764014969063,0.1782855533630463
6210,0.6273,13,49,13,185486,420124,16805,91151,3.891622512875616,0.1782817466138575
6211,0.6274,5,47,5,185533,420077,16810,91146,3.891187150320501,0.17829010040628063
6212,0.6275,2,17,2,185550,420060,16812,91144,3.8910296787580125,0.17829281461021432
6213,0.6276,5,54,5,185604,420006,16817,91139,3.8905294749712844,0.17830361247786833
6214,0.6277,4,41,4,185645,419965,16821,91135,3.890149690614695,0.1783114850322833
6215,0.6278,4,57,4,185702,419908,16825,91131,3.889621697728704,0.17832494193202475
6216,0.6279,12,69,12,185771,419839,16837,91119,3.888982548445663,0.178329725730882
6217,0.628,6,96,6,185867,419743,16843,91113,3.8880932972692577,0.1783535869207761
6218,0.6281,11,69,11,185936,419674,16854,91102,3.8874541479862166,0.1783599855905524
6219,0.6282,9,66,9,186002,419608,16863,91093,3.886842787802438,0.17836855616104139
6220,0.6283,8,69,8,186071,419539,16871,91085,3.886203638519397,0.17837978630068307
6221,0.6284,12,79,12,186150,419460,16883,91073,3.88547185890548,0.17838807677466492
6222,0.6285,10,63,10,186213,419397,16893,91063,3.884888287820964,0.17839399757081847
6223,0.6286,11,175,11,186388,419222,16904,91052,3.883267257030642,0.17843746692953197
6224,0.6287,6,62,6,186450,419160,16910,91046,3.882692948979214,0.17844948902992125
6225,0.6288,3,11,3,186461,419149,16913,91043,3.8825910556152508,0.17844850566061404
6226,0.6289,11,121,11,186582,419028,16924,91032,3.8814702286116565,0.17847312080931654
6227,0.629,9,51,9,186633,418977,16933,91023,3.8809978139241914,0.1784764705882353
6228,0.6291,10,137,10,186770,418840,16943,91013,3.8797287783911965,0.1785083151418154
6229,0.6292,3,67,3,186837,418773,16946,91010,3.8791081551743303,0.1785269418556523
6230,0.6293,2,44,2,186881,418729,16948,91008,3.878700581718478,0.1785391290018186
6231,0.6294,12,132,12,187013,418597,16960,90996,3.8774778613509207,0.17856603210797636
6232,0.6295,13,56,13,187069,418541,16973,90983,3.8769591314980176,0.17856469960198146
6233,0.6296,8,42,8,187111,418499,16981,90975,3.8765700841083404,0.17856652154967673
6234,0.6297,10,123,10,187234,418376,16991,90965,3.875430731038571,0.1785935159352968
6235,0.6298,7,41,7,187275,418335,16998,90958,3.8750509466819816,0.17859660352684997
6236,0.6299,5,42,5,187317,418293,17003,90953,3.8746618992923043,0.17860326836145987
6237,0.63,10,33,10,187350,418260,17013,90943,3.874356219200415,0.17859871210499545
6238,0.6301,3,20,3,187370,418240,17016,90940,3.874170958538664,0.17860088770179505
6239,0.6302,11,30,11,187400,418210,17027,90929,3.8738930675460375,0.1785936649912892
6240,0.6303,9,27,9,187427,418183,17036,90920,3.873642965652673,0.17858861566323514
6241,0.6304,9,69,9,187496,418114,17045,90911,3.873003816369632,0.17859830067285498
6242,0.6305,16,180,16,187676,417934,17061,90895,3.871336470413872,0.17863565166293588
6243,0.6306,13,170,13,187846,417764,17074,90882,3.869761754788988,0.17867436291644878
6244,0.6307,3,28,3,187874,417736,17077,90879,3.8695023898625367,0.1786793547182053
6245,0.6308,7,31,7,187905,417705,17084,90872,3.8692152358368226,0.1786789414385629
6246,0.6309,12,127,12,188032,417578,17096,90860,3.868038830634703,0.1787041881212655
6247,0.631,4,13,4,188045,417565,17100,90856,3.867918411204565,0.1787022959319147
6248,0.6311,10,61,10,188106,417504,17110,90846,3.867353366186224,0.1787075833579227
6249,0.6312,8,36,8,188142,417468,17118,90838,3.867019896995072,0.1787073140982007
6250,0.6313,5,42,5,188184,417426,17123,90833,3.8666308496053947,0.17871400211309588
6251,0.6314,5,66,5,188250,417360,17128,90828,3.866019489421616,0.1787291317386479
6252,0.6315,6,85,6,188335,417275,17134,90822,3.865232131609174,0.17874933329659495
6253,0.6316,7,29,7,188364,417246,17141,90815,3.8649635036496353,0.1787482211781656
6254,0.6317,2,26,2,188390,417220,17143,90813,3.8647226647893587,0.1787541360502172
6255,0.6318,6,44,6,188434,417176,17149,90807,3.864315091333506,0.17875991913115202
6256,0.6319,5,75,5,188509,417101,17154,90802,3.8636203638519397,0.17877823127644452
6257,0.632,8,53,8,188562,417048,17162,90794,3.8631294230982993,0.17878395248916001
6258,0.6321,13,79,13,188641,416969,17175,90781,3.8623976434843827,0.17879074347612015
6259,0.6322,14,76,14,188717,416893,17189,90767,3.8616936529697283,0.17879486270338416
6260,0.6323,11,113,11,188830,416780,17200,90756,3.8606469302308346,0.17881687210365374
6261,0.6324,9,125,9,188955,416655,17209,90747,3.8594890510948905,0.17884635850863811
6262,0.6325,2,44,2,188999,416611,17211,90745,3.8590814776390383,0.17885863180882852
6263,0.6326,2,66,2,189065,416545,17213,90743,3.8584701174552594,0.17887866458500892
6264,0.6327,12,152,12,189217,416393,17225,90731,3.8570621364259514,0.17891284971722893
6265,0.6328,6,92,6,189309,416301,17231,90725,3.8562099373818963,0.17893559699108133
6266,0.6329,6,82,6,189391,416219,17237,90719,3.8554503686687167,0.17895482287774836
6267,0.633,5,56,5,189447,416163,17242,90714,3.8549316388158137,0.1789664948301067
6268,0.6331,11,107,11,189554,416056,17253,90703,3.8539404942754456,0.17898646101993254
6269,0.6332,6,78,6,189632,415978,17259,90697,3.8532179776946163,0.1790042926925544
6270,0.6333,10,136,10,189768,415842,17269,90687,3.851958205194709,0.1790361460054607
6271,0.6334,6,46,6,189814,415796,17275,90681,3.8515321056726814,0.1790426811089151
6272,0.6335,7,63,7,189877,415733,17282,90674,3.8509485345881656,0.1790536070788911
6273,0.6336,5,66,5,189943,415667,17287,90669,3.850337174404387,0.17906883966378057
6274,0.6337,6,36,6,189979,415631,17293,90663,3.850003705213235,0.1790718436323559
6275,0.6338,7,35,7,190014,415596,17300,90656,3.8496794990551706,0.1790728727985272
6276,0.6339,9,57,9,190071,415539,17309,90647,3.84915150616918,0.17907844152149605
6277,0.634,8,61,8,190132,415478,17317,90639,3.8485864611508394,0.17908704904201994
6278,0.6341,9,42,9,190174,415436,17326,90630,3.848197413761162,0.17908731272205602
6279,0.6342,6,31,6,190205,415405,17332,90624,3.847910259735448,0.1790885502609534
6280,0.6343,11,47,11,190252,415358,17343,90613,3.8474748971803328,0.17908733899768958
6281,0.6344,6,29,6,190281,415329,17349,90607,3.8472062692207936,0.17908786882135289
6282,0.6345,4,46,4,190327,415283,17353,90603,3.846780169698766,0.17909766231917862
6283,0.6346,10,131,10,190458,415152,17363,90593,3.8455667123642967,0.17912782133288516
6284,0.6347,6,68,6,190526,415084,17369,90587,3.844936826114343,0.17914216951337925
6285,0.6348,9,93,9,190619,414991,17378,90578,3.8440753640372005,0.1791605102369805
6286,0.6349,9,79,9,190698,414912,17387,90569,3.8433435844232835,0.17917389575473658
6287,0.635,8,104,8,190802,414808,17395,90561,3.842380228982178,0.1791977742995712
6288,0.6351,5,54,5,190856,414754,17400,90556,3.84188002519545,0.17920880251726662
6289,0.6352,3,48,3,190904,414706,17403,90553,3.8414353996072474,0.17922095400576735
6290,0.6353,8,97,8,191001,414609,17411,90545,3.840536885397755,0.1792423696536106
6291,0.6354,11,61,11,191062,414548,17422,90534,3.839971840379414,0.17924614221057175
6292,0.6355,5,22,5,191084,414526,17427,90529,3.8397680536514875,0.17924582471216005
6293,0.6356,7,120,7,191204,414406,17434,90522,3.838656489680981,0.17927704544014197
6294,0.6357,6,50,6,191254,414356,17440,90516,3.8381933380266036,0.17928504650683738
6295,0.6358,8,70,8,191324,414286,17448,90508,3.837544925710475,0.17929690131023746
6296,0.6359,7,86,7,191410,414200,17455,90501,3.836748304864945,0.17931607030697383
6297,0.636,2,38,2,191448,414162,17457,90499,3.836396309607618,0.17932632004454474
6298,0.6361,13,33,13,191481,414129,17470,90486,3.8360906295157284,0.1793169049671532
6299,0.6362,6,46,6,191527,414083,17476,90480,3.8356645299937013,0.17932349379562115
6300,0.6363,20,126,20,191653,413957,17496,90460,3.834497387824669,0.17933574800214902
6301,0.6364,2,43,2,191696,413914,17498,90458,3.8340990774019046,0.17934778298557413
6302,0.6365,15,65,15,191761,413849,17513,90443,3.8334969802512133,0.17934648973213932
6303,0.6366,8,43,8,191804,413806,17521,90435,3.833098669828449,0.1793487637855708
6304,0.6367,2,74,2,191878,413732,17523,90433,3.8324132053799698,0.17937183263415746
6305,0.6368,5,25,5,191903,413707,17528,90428,3.832181629552781,0.17937258869152112
6306,0.6369,10,62,10,191965,413645,17538,90418,3.831607321501352,0.17937837135437434
6307,0.637,17,177,17,192142,413468,17555,90401,3.8299677646448553,0.17941369681405286
6308,0.6371,8,58,8,192200,413410,17563,90393,3.829430508725777,0.17942132142920944
6309,0.6372,16,149,16,192349,413261,17579,90377,3.8280503167957316,0.17944833392238077
6310,0.6373,6,40,6,192389,413221,17585,90371,3.8276797954722293,0.1794528110057348
6311,0.6374,3,52,3,192441,413169,17588,90368,3.8271981177516765,0.17946645430226577
6312,0.6375,6,53,6,192494,413116,17594,90362,3.826707176998036,0.17947556794934436
6313,0.6376,3,32,3,192526,413084,17597,90359,3.8264107599392343,0.17948208635337068
6314,0.6377,7,66,7,192592,413018,17604,90352,3.825799399755456,0.17949420903113017
6315,0.6378,6,27,6,192619,412991,17610,90346,3.825549297862092,0.17949405666581236
6316,0.6379,11,73,11,192692,412918,17621,90335,3.8248730964467006,0.17950215895384627
6317,0.638,8,50,8,192742,412868,17629,90327,3.8244099447923228,0.17950695058575702
6318,0.6381,8,40,8,192782,412828,17637,90319,3.8240394234688204,0.17950817554313153
6319,0.6382,10,96,10,192878,412732,17647,90309,3.8231501722924155,0.17952612212523433
6320,0.6383,16,123,16,193001,412609,17663,90293,3.8220108192226463,0.17954392704741678
6321,0.6384,10,106,10,193107,412503,17673,90283,3.8210289377153654,0.17956546124991546
6322,0.6385,8,72,8,193179,412431,17681,90275,3.8203619993330618,0.17957812319725644
6323,0.6386,15,169,15,193348,412262,17696,90260,3.818796546741265,0.17961402684857578
6324,0.6387,9,38,9,193386,412224,17705,90251,3.818444551483938,0.17961291606547589
6325,0.6388,6,29,6,193415,412195,17711,90245,3.818175923524399,0.17961348618740547
6326,0.6389,7,52,7,193467,412143,17718,90238,3.817694245803846,0.17962064648145531
6327,0.639,5,47,5,193514,412096,17723,90233,3.817258883248731,0.17962928678216866
6328,0.6391,11,93,11,193607,412003,17734,90222,3.8163974211715885,0.17964458161182736
6329,0.6392,8,59,8,193666,411944,17742,90214,3.815850902219423,0.17965261929512225
6330,0.6393,5,86,5,193752,411858,17747,90209,3.815054281373893,0.17967522262964902
6331,0.6394,10,73,10,193825,411785,17757,90199,3.8143780799585016,0.179685009880793
6332,0.6395,7,144,7,193969,411641,17764,90192,3.813044203193894,0.1797251276819181
6333,0.6396,4,53,4,194022,411588,17768,90188,3.8125532624402534,0.17973757214374542
6334,0.6397,4,111,4,194133,411477,17772,90184,3.811525065767535,0.17977080139775664
6335,0.6398,4,44,4,194177,411433,17776,90180,3.8111174923116824,0.17978002962443157
6336,0.6399,6,71,6,194248,411362,17782,90174,3.8104598169624664,0.17979566770879857
6337,0.64,8,100,8,194348,411262,17790,90166,3.8095335136537107,0.1798184385395311
6338,0.6401,17,132,17,194480,411130,17807,90149,3.8083107932861537,0.17983797446132793
6339,0.6402,14,65,14,194545,411065,17821,90135,3.8077086961354625,0.17983838786911413
6340,0.6403,8,68,8,194613,410997,17829,90127,3.807078809885509,0.17984969787916763
6341,0.6404,8,76,8,194689,410921,17837,90119,3.8063748193708546,0.17986388312310395
6342,0.6405,7,53,7,194742,410868,17844,90112,3.8058838786172142,0.17987145195416981
6343,0.6406,18,180,18,194922,410688,17862,90094,3.8042165326614548,0.17990662603687832
6344,0.6407,5,57,5,194979,410631,17867,90089,3.803688539775464,0.1799189167598658
6345,0.6408,7,49,7,195028,410582,17874,90082,3.803234651154174,0.17992505952095617
6346,0.6409,3,80,3,195108,410502,17877,90079,3.8024936085071697,0.1799488993789217
6347,0.641,10,38,10,195146,410464,17887,90069,3.8021416132498427,0.17994617737491833
6348,0.6411,7,37,7,195183,410427,17894,90062,3.801798881025603,0.17994801084539322
6349,0.6412,13,103,13,195286,410324,17907,90049,3.800844788617585,0.17996374704470466
6350,0.6413,7,77,7,195363,410247,17914,90042,3.8001315350698435,0.17997997157642884
6351,0.6414,8,106,8,195469,410141,17922,90034,3.7991496535625626,0.18000499825061228
6352,0.6415,7,85,7,195554,410056,17929,90027,3.7983622957501204,0.18002411599674453
6353,0.6416,3,68,3,195622,409988,17932,90024,3.7977324095001666,0.18004367895170517
6354,0.6417,10,152,10,195774,409836,17942,90014,3.7963244284708586,0.1800820246073822
6355,0.6418,9,43,9,195817,409793,17951,90005,3.7959261180480937,0.1800827534323867
6356,0.6419,12,41,12,195858,409752,17963,89993,3.795546333691504,0.18007783969824612
6357,0.642,9,56,9,195914,409696,17972,89984,3.795027603838601,0.18008325328210054
6358,0.6421,3,38,3,195952,409658,17975,89981,3.794675608581274,0.1800920264430919
6359,0.6422,9,53,9,196005,409605,17984,89972,3.7941846678276336,0.1800963615218475
6360,0.6423,8,68,8,196073,409537,17992,89964,3.79355478157768,0.18010774753203698
6361,0.6424,7,95,7,196168,409442,17999,89957,3.792674793434362,0.1801305168812913
6362,0.6425,8,51,8,196219,409391,18007,89949,3.792202378746897,0.18013577922858173
6363,0.6426,4,22,4,196241,409369,18011,89945,3.7919985920189707,0.18013714816728552
6364,0.6427,4,30,4,196271,409339,18015,89941,3.7917207010263443,0.18014140362121456
6365,0.6428,8,38,8,196309,409301,18023,89933,3.791368705769017,0.1801419775095446
6366,0.6429,12,98,12,196407,409203,18035,89921,3.7904609285264366,0.18015763617858488
6367,0.643,7,51,7,196458,409152,18042,89914,3.7899885138389715,0.18016454737449555
6368,0.6431,11,94,11,196552,409058,18053,89903,3.7891177887287415,0.1801804149021667
6369,0.6432,10,111,10,196663,408947,18063,89893,3.7880895920560227,0.18020407345040493
6370,0.6433,6,104,6,196767,408843,18069,89887,3.787126236614917,0.18023178874340826
6371,0.6434,5,40,5,196807,408803,18074,89882,3.786755715291415,0.1802380260084021
6372,0.6435,10,91,10,196898,408712,18084,89872,3.7859127792804474,0.18025448068931213
6373,0.6436,10,128,10,197026,408584,18094,89862,3.7847271110452407,0.1802843236779912
6374,0.6437,3,38,3,197064,408546,18097,89859,3.7843751157879137,0.1802931351009721
6375,0.6438,7,99,7,197163,408447,18104,89852,3.7834580755122458,0.18031743993064406
6376,0.6439,9,67,9,197230,408380,18113,89843,3.7828374522953796,0.18032688173769576
6377,0.644,14,131,14,197361,408249,18127,89829,3.78162399496091,0.18035127028296774
6378,0.6441,7,45,7,197406,408204,18134,89822,3.78120715847197,0.18035604566829844
6379,0.6442,10,56,10,197462,408148,18144,89812,3.780688428619067,0.18035986826251105
6380,0.6443,5,46,5,197508,408102,18149,89807,3.7802623290970394,0.1803683002315684
6381,0.6444,2,18,2,197526,408084,18151,89805,3.7800955945014634,0.18037152859372269
6382,0.6445,9,79,9,197605,408005,18160,89796,3.779363814887547,0.18038533470201948
6383,0.6446,9,134,9,197739,407871,18169,89787,3.7781225684538144,0.18041908298470033
6384,0.6447,7,34,7,197773,407837,18176,89780,3.7778076253288377,0.18041988115357796
6385,0.6448,2,7,2,197780,407830,18178,89778,3.777742784097225,0.18041912509445185
6386,0.6449,15,54,15,197834,407776,18193,89763,3.7772425803104968,0.18041399769666297
6387,0.645,16,77,16,197911,407699,18209,89747,3.776529326762755,0.1804155626942422
6388,0.6451,6,54,6,197965,407645,18215,89741,3.7760291229760274,0.18042526327640906
6389,0.6452,4,61,4,198026,407584,18219,89737,3.7754640779576865,0.18044080181613084
6390,0.6453,11,136,11,198162,407448,18230,89726,3.774204305457779,0.18047202790170042
6391,0.6454,21,106,21,198268,407342,18251,89705,3.7732224239504983,0.18047589060994232
6392,0.6455,18,216,18,198484,407126,18269,89687,3.771221608803587,0.18052466420967245
6393,0.6456,5,49,5,198533,407077,18274,89682,3.7707677201822967,0.18053422283239962
6394,0.6457,4,93,4,198626,406984,18278,89678,3.769906258105154,0.18056142809395526
6395,0.6458,7,49,7,198675,406935,18285,89671,3.7694523694838638,0.18056769350350177
6396,0.6459,5,104,5,198779,406831,18290,89666,3.7684890140427583,0.180597264434629
6397,0.646,6,75,6,198854,406756,18296,89660,3.7677942865611915,0.1806146457809579
6398,0.6461,6,83,6,198937,406673,18302,89654,3.7670254548149247,0.18063494430083393
6399,0.6462,8,71,8,199008,406602,18310,89646,3.766367779465708,0.18064757943608842
6400,0.6463,4,32,4,199040,406570,18314,89642,3.7660713624069064,0.18065262428155707
6401,0.6464,3,46,3,199086,406524,18317,89639,3.765645262884879,0.18066441874948352
6402,0.6465,8,88,8,199174,406436,18325,89631,3.764830115973174,0.18068325447973763
6403,0.6466,6,26,6,199200,406410,18331,89625,3.764589277112898,0.18068281472073544
6404,0.6467,2,30,2,199230,406380,18333,89623,3.764311386120271,0.1806904393723425
6405,0.6468,9,115,9,199345,406265,18342,89614,3.7632461373152024,0.1807174734158938
6406,0.6469,10,77,10,199422,406188,18352,89604,3.7625328837674608,0.18072901539355213
6407,0.647,3,39,3,199461,406149,18355,89601,3.762171625477046,0.18073827534039336
6408,0.6471,10,109,10,199570,406040,18365,89591,3.7611619548705026,0.18076149393399524
6409,0.6472,10,44,10,199614,405996,18375,89581,3.7607543814146505,0.18076101191136795
6410,0.6473,6,35,6,199649,405961,18381,89575,3.760430175256586,0.18076385973975653
6411,0.6474,13,129,13,199778,405832,18394,89562,3.7592352439882917,0.18078943224988595
6412,0.6475,3,38,3,199816,405794,18397,89559,3.7588832487309647,0.1807983397698207
6413,0.6476,3,47,3,199863,405747,18400,89556,3.7584478861758495,0.18081053415787912
6414,0.6477,5,35,5,199898,405712,18405,89551,3.758123680017785,0.18081504170511425
6415,0.6478,10,73,10,199971,405639,18415,89541,3.7574474786023937,0.18082515448927663
6416,0.6479,4,40,4,200011,405599,18419,89537,3.7570769572788913,0.18083314483293478
6417,0.648,7,65,7,200076,405534,18426,89530,3.7564748601282005,0.180845304849474
6418,0.6481,8,61,8,200137,405473,18434,89522,3.7559098151098596,0.18085435206416225
6419,0.6482,6,60,6,200197,405413,18440,89516,3.7553540331246063,0.18086634648606165
6420,0.6483,10,53,10,200250,405360,18450,89506,3.754863092370966,0.18086916458192723
6421,0.6484,5,37,5,200287,405323,18455,89501,3.7545203601467265,0.1808744119121142
6422,0.6485,2,31,2,200318,405292,18457,89499,3.7542332061210124,0.1808824331889626
6423,0.6486,6,41,6,200359,405251,18463,89493,3.7538534217644224,0.18088748928738904
6424,0.6487,18,100,18,200459,405151,18481,89475,3.752927118455667,0.18089425141419982
6425,0.6488,7,61,7,200520,405090,18488,89468,3.752362073437326,0.18090496969010714
6426,0.6489,17,105,17,200625,404985,18505,89451,3.751389454963133,0.18091522461956652
6427,0.649,6,39,6,200664,404946,18511,89445,3.7510281966727184,0.180919555574434
6428,0.6491,6,58,6,200722,404888,18517,89439,3.7504909407536404,0.18093084132568119
6429,0.6492,8,48,8,200770,404840,18525,89431,3.750046315165438,0.18093515500605942
6430,0.6493,7,36,7,200806,404804,18532,89424,3.749712845974286,0.18093673365329363
6431,0.6494,7,37,7,200843,404767,18539,89417,3.749370113750046,0.1809386787107636
6432,0.6495,7,125,7,200968,404642,18546,89410,3.748212234614102,0.18097285306000177
6433,0.6496,3,58,3,201026,404584,18549,89407,3.747674978695024,0.18098912733227934
6434,0.6497,12,55,12,201081,404529,18561,89395,3.7471655118752083,0.18098938298199724
6435,0.6498,6,32,6,201113,404497,18567,89389,3.7468690948164065,0.18099115990329753
6436,0.6499,5,89,5,201202,404408,18572,89384,3.7460446848716145,0.18101548830276715
6437,0.65,7,57,7,201259,404351,18579,89377,3.7455166919856238,0.18102477477477477
6438,0.6501,16,90,16,201349,404261,18595,89361,3.744683019007744,0.18103123442634242
6439,0.6502,9,55,9,201404,404206,18604,89352,3.7441735521879282,0.1810364739301156
6440,0.6503,19,123,19,201527,404083,18623,89333,3.743034199118159,0.18105006728602235
6441,0.6504,10,91,10,201618,403992,18633,89323,3.7421912631071916,0.18106686397129623
6442,0.6505,10,97,10,201715,403895,18643,89313,3.741292748897699,0.18108587046438826
6443,0.6506,5,120,5,201835,403775,18648,89308,3.7401811849271924,0.18112163672241793
6444,0.6507,13,59,13,201894,403716,18661,89295,3.739634665975027,0.18112171939368493
6445,0.6508,5,94,5,201988,403622,18666,89290,3.738763940864797,0.1811479533872172
6446,0.6509,14,114,14,202102,403508,18680,89276,3.7377079550928154,0.18116659631806228
6447,0.651,4,47,4,202149,403461,18684,89272,3.7372725925377006,0.18117722985876733
6448,0.6511,10,70,10,202219,403391,18694,89262,3.736624180221572,0.18118635226011007
6449,0.6512,7,73,7,202292,403318,18701,89255,3.7359479788061805,0.18120156809244517
6450,0.6513,19,226,19,202518,403092,18720,89236,3.733854533328393,0.1812531483076323
6451,0.6514,7,40,7,202558,403052,18727,89229,3.7334840120048907,0.18125623373642288
6452,0.6515,14,79,14,202637,402973,18741,89215,3.732752232390974,0.18126203808300892
6453,0.6516,10,95,10,202732,402878,18751,89205,3.7318722442476564,0.1812803937547121
6454,0.6517,8,109,8,202841,402769,18759,89197,3.730862573641113,0.18130724480960067
6455,0.6518,12,95,12,202936,402674,18771,89185,3.7299825854977953,0.18132228951793095
6456,0.6519,4,46,4,202982,402628,18775,89181,3.7295564859757677,0.18133259049753053
6457,0.652,10,48,10,203030,402580,18785,89171,3.7291118603875653,0.18133364243285727
6458,0.6521,5,51,5,203081,402529,18790,89166,3.7286394457001,0.18134412593172597
6459,0.6522,10,46,10,203127,402483,18800,89156,3.7282133461780727,0.18134444175502756
6460,0.6523,5,61,5,203188,402422,18805,89151,3.7276483011597317,0.18135861815030524
6461,0.6524,8,55,8,203243,402367,18813,89143,3.7271388343399163,0.18136558767878577
6462,0.6525,7,51,7,203294,402316,18820,89136,3.726666419652451,0.18137274850850135
6463,0.6526,6,14,6,203308,402302,18826,89130,3.726536737189225,0.18136792068892543
6464,0.6527,8,73,8,203381,402229,18834,89122,3.7258605357738337,0.18138153784158373
6465,0.6528,8,72,8,203453,402157,18842,89114,3.72519359739153,0.18139479024815225
6466,0.6529,5,42,5,203495,402115,18847,89109,3.7248045500018527,0.18140196733058644
6467,0.653,15,92,15,203587,402023,18862,89094,3.7239523509577976,0.18141094688231113
6468,0.6531,10,95,10,203682,401928,18872,89084,3.72307236281448,0.1814293744348407
6469,0.6532,4,80,4,203762,401848,18876,89080,3.7223313201674757,0.18145226998663755
6470,0.6533,4,70,4,203832,401778,18880,89076,3.721682907851347,0.1814714762434451
6471,0.6534,6,54,6,203886,401724,18886,89070,3.721182704064619,0.18148143620337656
6472,0.6535,4,54,4,203940,401670,18890,89066,3.720682500277891,0.18149473443969874
6473,0.6536,7,51,7,203991,401619,18897,89059,3.7202100855904257,0.1815019218306099
6474,0.6537,10,42,10,204033,401577,18907,89049,3.7198210382007484,0.18150077655892677
6475,0.6538,5,49,5,204082,401528,18912,89044,3.7193671495794582,0.18151056317930905
6476,0.6539,11,100,11,204182,401428,18923,89033,3.718440846270703,0.18152921435139593
6477,0.654,12,125,12,204307,401303,18935,89021,3.7172829671347585,0.1815554612868226
6478,0.6541,7,47,7,204354,401256,18942,89014,3.7168476045796437,0.18156118057396944
6479,0.6542,7,71,7,204425,401185,18949,89007,3.7161899292304272,0.18157579071057872
6480,0.6543,10,64,10,204489,401121,18959,88997,3.7155970951128237,0.1815828025087836
6481,0.6544,8,72,8,204561,401049,18967,88989,3.71493015673052,0.18159612111713785
6482,0.6545,6,32,6,204593,401017,18973,88983,3.714633739671718,0.18159795918367347
6483,0.6546,5,46,5,204639,400971,18978,88978,3.7142076401496906,0.18160665701940407
6484,0.6547,16,154,16,204793,400817,18994,88962,3.7127811330542073,0.18163702404553891
6485,0.6548,4,94,4,204887,400723,18998,88958,3.7119104079439773,0.181665206532416
6486,0.6549,13,104,13,204991,400619,19011,88945,3.7109470525028714,0.1816820681259243
6487,0.655,12,59,12,205050,400560,19023,88933,3.7104005335507058,0.18168390559211264
6488,0.6551,16,108,16,205158,400452,19039,88917,3.70940012597725,0.18169724686279679
6489,0.6552,5,39,5,205197,400413,19044,88912,3.7090388676868353,0.181703366882951
6490,0.6553,9,75,9,205272,400338,19053,88903,3.708344140205269,0.18171616851408612
6491,0.6554,4,67,4,205339,400271,19057,88899,3.707723516988403,0.18173436637569762
6492,0.6555,19,152,19,205491,400119,19076,88880,3.7063155359590945,0.18175906290196914
6493,0.6556,5,18,5,205509,400101,19081,88875,3.7061488013635184,0.18175738686561305
6494,0.6557,3,25,3,205534,400076,19084,88872,3.7059172255363295,0.1817616597265967
6495,0.6558,3,47,3,205581,400029,19087,88869,3.7054818629812147,0.1817741123915418
6496,0.6559,6,36,6,205617,399993,19093,88863,3.7051483937900627,0.18177745593794492
6497,0.656,10,64,10,205681,399929,19103,88853,3.704555559672459,0.1817845174331297
6498,0.6561,9,121,9,205802,399808,19112,88844,3.7034347326688652,0.1818144610070152
6499,0.6562,6,26,6,205828,399782,19118,88838,3.7031938938085887,0.18181408865785273
6500,0.6563,1,45,1,205873,399737,19119,88837,3.702777057319649,0.18182915996348556
6501,0.6564,11,169,11,206042,399568,19130,88826,3.701211604727852,0.18187365119145607
6502,0.6565,7,68,7,206110,399500,19137,88819,3.700581718477898,0.18188724993293318
6503,0.6566,8,97,8,206207,399403,19145,88811,3.6996832042684056,0.1819099820980144
6504,0.6567,7,65,7,206272,399338,19152,88804,3.6990811071177148,0.181922473378648
6505,0.6568,9,123,9,206395,399215,19161,88795,3.6979417540479456,0.18195323866314214
6506,0.6569,9,35,9,206430,399180,19170,88786,3.697617547889881,0.18195120151813857
6507,0.657,8,75,8,206505,399105,19178,88778,3.6969228204083144,0.18196575818382685
6508,0.6571,13,120,13,206625,398985,19191,88765,3.695811256437808,0.18198872373141978
6509,0.6572,7,68,7,206693,398917,19198,88758,3.6951813701878544,0.18200235812785154
6510,0.6573,14,125,14,206818,398792,19212,88744,3.69402349105191,0.1820255324734994
6511,0.6574,9,31,9,206849,398761,19221,88735,3.6937363370261957,0.18202200633441096
6512,0.6575,21,126,21,206975,398635,19242,88714,3.692569194857164,0.18203381970620644
6513,0.6576,5,42,5,207017,398593,19247,88709,3.6921801474674867,0.18204111618667684
6514,0.6577,16,209,16,207226,398384,19263,88693,3.690244173552188,0.18209235911365143
6515,0.6578,17,171,17,207397,398213,19280,88676,3.6886601948942164,0.18212775396445596
6516,0.6579,6,36,6,207433,398177,19286,88670,3.6883267257030643,0.18213114181662823
6517,0.658,12,180,12,207613,397997,19298,88658,3.6866593797473044,0.18217833989170973
6518,0.6581,4,53,4,207666,397944,19302,88654,3.686168438993664,0.18219145989091612
6519,0.6582,13,64,13,207730,397880,19315,88641,3.6855756048760604,0.1821935743780844
6520,0.6583,11,76,11,207806,397804,19326,88630,3.6848716143614064,0.1822035466270861
6521,0.6584,13,51,13,207857,397753,19339,88617,3.6843991996739414,0.1822007936344758
6522,0.6585,3,51,3,207908,397702,19342,88614,3.683926784986476,0.18221485618404495
6523,0.6586,1,25,1,207933,397677,19343,88613,3.683695209159287,0.18222254210450553
6524,0.6587,13,96,13,208029,397581,19356,88600,3.682805957982882,0.18223665671838266
6525,0.6588,10,51,10,208080,397530,19366,88590,3.6823335432954165,0.18223895334485313
6526,0.6589,8,51,8,208131,397479,19374,88582,3.6818611286079514,0.18224461538778056
6527,0.659,7,110,7,208241,397369,19381,88575,3.6808421949683203,0.18227408919546284
6528,0.6591,3,35,3,208276,397334,19384,88572,3.680517988810256,0.18228216980238976
6529,0.6592,1,68,1,208344,397266,19385,88571,3.6798881025603025,0.18230599974888698
6530,0.6593,24,137,24,208481,397129,19409,88547,3.6786190670273076,0.18231701792964858
6531,0.6594,9,70,9,208551,397059,19418,88538,3.677970654711179,0.18232814453137067
6532,0.6595,8,70,8,208621,396989,19426,88530,3.67732224239505,0.1823409588502201
6533,0.6596,8,52,8,208673,396937,19434,88522,3.676840564674497,0.18234701591689514
6534,0.6597,2,14,2,208687,396923,19436,88520,3.676710882211271,0.18234890605076187
6535,0.6598,11,91,11,208778,396832,19447,88509,3.6758679462003037,0.18236456429603104
6536,0.6599,14,180,14,208958,396652,19461,88495,3.674200600244544,0.18240863078613287
6537,0.66,11,116,11,209074,396536,19472,88484,3.673126088406388,0.18243371407364645
6538,0.6601,8,54,8,209128,396482,19480,88476,3.6726258846196598,0.1824405412427468
6539,0.6602,8,56,8,209184,396426,19488,88468,3.6721071547667568,0.18244812268248317
6540,0.6603,9,48,9,209232,396378,19497,88459,3.6716625291785543,0.18245100930828298
6541,0.6604,4,40,4,209272,396338,19501,88455,3.671292007855052,0.18245931768816795
6542,0.6605,3,83,3,209355,396255,19504,88452,3.670523176108785,0.18248550155042118
6543,0.6606,6,42,6,209397,396213,19510,88446,3.670134128719108,0.18249119484008344
6544,0.6607,4,38,4,209435,396175,19514,88442,3.669782133461781,0.1824987567501759
6545,0.6608,4,52,4,209487,396123,19518,88438,3.669300455741228,0.18251159296765526
6546,0.6609,7,55,7,209542,396068,19525,88431,3.6687909889214123,0.18252050055830868
6547,0.661,1,13,1,209555,396055,19526,88430,3.6686705694912742,0.1825237107443987
6548,0.6611,8,43,8,209598,396012,19534,88422,3.6682722590685093,0.18252641226668648
6549,0.6612,17,86,17,209684,395926,19551,88405,3.66747563822298,0.1825301291885095
6550,0.6613,8,186,8,209870,395740,19559,88397,3.6657527140686947,0.1825867471397559
6551,0.6614,11,73,11,209943,395667,19570,88386,3.6650765126533034,0.18259570749484044
6552,0.6615,4,42,4,209985,395625,19574,88382,3.664687465263626,0.18260479703805937
6553,0.6616,9,84,9,210069,395541,19583,88373,3.6639093704842716,0.18262129221307918
6554,0.6617,13,79,13,210148,395462,19596,88360,3.6631775908703545,0.1826291487365188
6555,0.6618,16,196,16,210344,395266,19612,88344,3.661362036385194,0.18267612332251193
6556,0.6619,9,47,9,210391,395219,19621,88335,3.6609266738300787,0.18267866670526972
6557,0.662,8,100,8,210491,395119,19629,88327,3.6600003705213235,0.18270292855872217
6558,0.6621,7,66,7,210557,395053,19636,88320,3.659389010337545,0.18271603916644083
6559,0.6622,21,182,21,210739,394871,19657,88299,3.6577031383156102,0.1827493428813875
6560,0.6623,8,70,8,210809,394801,19665,88291,3.6570547259994814,0.1827622895845926
6561,0.6624,8,23,8,210832,394778,19673,88283,3.6568416762384675,0.18275745713274308
6562,0.6625,10,69,10,210901,394709,19683,88273,3.6562025269554264,0.1827666455478672
6563,0.6626,12,61,12,210962,394648,19695,88261,3.6556374819370854,0.18276942446713562
6564,0.6627,11,63,11,211025,394585,19706,88250,3.6550539108525695,0.18277465386726313
6565,0.6628,9,42,9,211067,394543,19715,88241,3.654664863462892,0.18277531981175846
6566,0.6629,4,24,4,211091,394519,19719,88237,3.654442550668791,0.18277763507859043
6567,0.663,9,50,9,211141,394469,19728,88228,3.653979399014413,0.1827813307312869
6568,0.6631,3,61,3,211202,394408,19731,88225,3.6534143539960726,0.18279935271728207
6569,0.6632,8,88,8,211290,394320,19739,88217,3.652599207084368,0.1828191413300949
6570,0.6633,4,52,4,211342,394268,19743,88213,3.652117529363815,0.18283207007115307
6571,0.6634,8,101,8,211443,394167,19751,88205,3.6511819630219717,0.18285679931670992
6572,0.6635,9,89,9,211532,394078,19760,88196,3.6503575530771797,0.1828752949568088
6573,0.6636,7,59,7,211591,394019,19767,88189,3.649811034125014,0.18288580861371026
6574,0.6637,10,31,10,211622,393988,19777,88179,3.6495238800992995,0.18288062020005516
6575,0.6638,9,48,9,211670,393940,19786,88170,3.649079254511097,0.18288357428802554
6576,0.6639,11,65,11,211735,393875,19797,88159,3.6484771573604062,0.18288958870121194
6577,0.664,30,165,30,211900,393710,19827,88129,3.6469487569009598,0.18290134256463259
6578,0.6641,7,40,7,211940,393670,19834,88122,3.6465782355774574,0.18290465595111582
6579,0.6642,2,57,2,211997,393613,19836,88120,3.6460502426914667,0.1829229054268651
6580,0.6643,11,29,11,212026,393584,19847,88109,3.645781614731928,0.1829152593041626
6581,0.6644,8,49,8,212075,393535,19855,88101,3.645327726110638,0.1829202966555656
6582,0.6645,17,162,17,212237,393373,19872,88084,3.643827114750454,0.1829529947638107
6583,0.6646,12,108,12,212345,393265,19884,88072,3.642826707176998,0.18297367540828982
6584,0.6647,15,71,15,212416,393194,19899,88057,3.6421690318277817,0.18297520420736788
6585,0.6648,3,88,3,212504,393106,19902,88054,3.641353884916077,0.18300357469448833
6586,0.6649,9,110,9,212614,392996,19911,88045,3.640334951276446,0.18303013672431248
6587,0.665,20,195,20,212809,392801,19931,88025,3.638528659824373,0.18307038304916956
6588,0.6651,6,60,6,212869,392741,19937,88019,3.6379728778391196,0.18308303519427574
6589,0.6652,9,53,9,212922,392688,19946,88010,3.637481937085479,0.18308792630716167
6590,0.6653,8,55,8,212977,392633,19954,88002,3.636972470265664,0.18309528020223245
6591,0.6654,12,129,12,213106,392504,19966,87990,3.6357775389973694,0.18312403484746947
6592,0.6655,17,143,17,213249,392361,19983,87973,3.634452925265849,0.18314964170764508
6593,0.6656,8,49,8,213298,392312,19991,87965,3.6339990366445587,0.18315472112968142
6594,0.6657,20,117,20,213415,392195,20011,87945,3.632915261773315,0.18316532677968925
6595,0.6658,3,47,3,213462,392148,20014,87942,3.6324798992182,0.183178154096107
6596,0.6659,12,144,12,213606,392004,20026,87930,3.631146022453592,0.18321269174511495
6597,0.666,9,49,9,213655,391955,20035,87921,3.630692133832302,0.18321608082087873
6598,0.6661,5,26,5,213681,391929,20040,87916,3.630451294972026,0.1832174973168419
6599,0.6662,8,58,8,213739,391871,20048,87908,3.6299140390529474,0.18322602698325688
6600,0.6663,10,58,10,213797,391813,20058,87898,3.6293767831338695,0.18323115375715796
6601,0.6664,4,42,4,213839,391771,20062,87894,3.628987735744192,0.18324038651975857
6602,0.6665,11,128,11,213967,391643,20073,87883,3.627802067508985,0.18327056301430997
6603,0.6666,1,31,1,213998,391612,20074,87882,3.627514913483271,0.1832807084134525
6604,0.6667,5,29,5,214027,391583,20079,87877,3.6272462855237317,0.18328327701998082
6605,0.6668,3,55,3,214082,391528,20082,87874,3.6267368187039164,0.18329919357866675
6606,0.6669,4,35,4,214117,391493,20086,87870,3.626412612545852,0.18330576202168294
6607,0.667,9,51,9,214168,391442,20095,87861,3.625940197858387,0.1833099312960695
6608,0.6671,15,68,15,214236,391374,20110,87846,3.625310311608433,0.18331037936647052
6609,0.6672,12,70,12,214306,391304,20122,87834,3.6246618992923043,0.18331670625164356
6610,0.6673,12,114,12,214420,391190,20134,87822,3.623605913520323,0.1833398745751672
6611,0.6674,23,180,23,214600,391010,20157,87799,3.6219385675645634,0.18336956907660465
6612,0.6675,16,87,16,214687,390923,20173,87783,3.6211326836859463,0.18337560005514866
6613,0.6676,8,74,8,214761,390849,20181,87775,3.6204472192374673,0.18339030219963898
6614,0.6677,13,104,13,214865,390745,20194,87762,3.6194838637963613,0.183407975222933
6615,0.6678,3,39,3,214904,390706,20197,87759,3.6191226055059467,0.18341780485510956
6616,0.6679,11,87,11,214991,390619,20208,87748,3.6183167216273295,0.1834323855951602
6617,0.668,10,77,10,215068,390542,20218,87738,3.617603468079588,0.18344484402442085
6618,0.6681,4,30,4,215098,390512,20222,87734,3.6173255770869615,0.18344952179422305
6619,0.6682,6,54,6,215152,390458,20228,87728,3.6168253733002333,0.18345999255519818
6620,0.6683,11,93,11,215245,390365,20239,87717,3.615963911223091,0.1834768930852866
6621,0.6684,10,153,10,215398,390212,20249,87707,3.614546667160695,0.18351854602976655
6622,0.6685,2,49,2,215447,390163,20251,87705,3.614092778539405,0.18353394661287217
6623,0.6686,10,127,10,215574,390036,20261,87695,3.6129163733372858,0.1835656467761146
6624,0.6687,7,52,7,215626,389984,20268,87688,3.6124346956167326,0.18357366561154934
6625,0.6688,10,95,10,215721,389889,20278,87678,3.611554707473415,0.1835930874620734
6626,0.6689,4,48,4,215769,389841,20282,87674,3.6111100818852124,0.183604703517167
6627,0.669,8,24,8,215793,389817,20290,87666,3.610887769091111,0.18360025383102643
6628,0.6691,12,72,12,215865,389745,20302,87654,3.6102208307088075,0.18360742272187416
6629,0.6692,3,67,3,215932,389678,20305,87651,3.6096002074919413,0.1836280636625891
6630,0.6693,18,170,18,216102,389508,20323,87633,3.608025491867057,0.18366269090268914
6631,0.6694,10,85,10,216187,389423,20333,87623,3.6072381340546147,0.18367830355982442
6632,0.6695,10,127,10,216314,389296,20343,87613,3.6060617288524957,0.18371009983036596
6633,0.6696,8,46,8,216360,389250,20351,87605,3.605635629330468,0.183714126935861
6634,0.6697,3,52,3,216412,389198,20354,87602,3.6051539516099154,0.18372902684563758
6635,0.6698,9,53,9,216465,389145,20363,87593,3.604663010856275,0.18373404259782103
6636,0.6699,11,96,11,216561,389049,20374,87582,3.6037737596798696,0.1837522108297614
6637,0.67,6,35,6,216596,389014,20380,87576,3.603449553521805,0.18375542919490548
6638,0.6701,5,61,5,216657,388953,20385,87571,3.602884508503464,0.18377038722079056
6639,0.6702,8,56,8,216713,388897,20393,87563,3.602365778650561,0.18377828149267514
6640,0.6703,10,156,10,216869,388741,20403,87553,3.600920745488903,0.18382133724128374
6641,0.6704,7,46,7,216915,388695,20410,87546,3.6004946459668754,0.18382709594512023
6642,0.6705,4,49,4,216964,388646,20414,87542,3.6000407573455853,0.183839155963611
6643,0.6706,14,58,14,217022,388588,20428,87528,3.599503501426507,0.183837552193163
6644,0.6707,16,102,16,217124,388486,20444,87512,3.5985586720515768,0.18384951197273938
6645,0.6708,10,126,10,217250,388360,20454,87502,3.597391529882545,0.18388104114217987
6646,0.6709,7,58,7,217308,388302,20461,87495,3.5968542739634666,0.18389144950472575
6647,0.671,14,73,14,217381,388229,20475,87481,3.596178072548075,0.18389565071156797
6648,0.6711,3,18,3,217399,388211,20478,87478,3.596011337952499,0.18389746241767205
6649,0.6712,12,62,12,217461,388149,20490,87466,3.595437029901071,0.18390084417017966
6650,0.6713,5,97,5,217558,388052,20495,87461,3.594538515691578,0.1839297768935865
6651,0.6714,3,26,3,217584,388026,20498,87458,3.5942976768313017,0.18393468549940692
6652,0.6715,11,80,11,217664,387946,20509,87447,3.5935566341842975,0.18394675563165633
6653,0.6716,9,47,9,217711,387899,20518,87438,3.5931212716291823,0.1839494926757227
6654,0.6717,5,88,5,217799,387811,20523,87433,3.5923061247174775,0.18397496864768415
6655,0.6718,10,97,10,217896,387714,20533,87423,3.591407610507985,0.18399535291926328
6656,0.6719,3,42,3,217938,387672,20536,87420,3.5910185631183076,0.18400646611603647
6657,0.672,12,38,12,217976,387634,20548,87408,3.5906665678609806,0.18400057258095073
6658,0.6721,4,24,4,218000,387610,20552,87404,3.590444255066879,0.18400299780638044
6659,0.6722,18,108,18,218108,387502,20570,87386,3.589443847493423,0.18401391485992485
6660,0.6723,15,83,15,218191,387419,20585,87371,3.5886750157471563,0.1840203037132206
6661,0.6724,9,82,9,218273,387337,20594,87362,3.5879154470339767,0.1840366211009503
6662,0.6725,8,70,8,218343,387267,20602,87354,3.587267034717848,0.18405001042937416
6663,0.6726,11,114,11,218457,387153,20613,87343,3.586211048945867,0.18407531359589965
6664,0.6727,12,104,12,218561,387049,20625,87331,3.585247693504761,0.18409502930140395
6665,0.6728,8,51,8,218612,386998,20633,87323,3.584775278817296,0.18410106236072196
6666,0.6729,11,79,11,218691,386919,20644,87312,3.584043499203379,0.18411280578452274
6667,0.673,8,99,8,218790,386820,20652,87304,3.5831264589277114,0.18413748302131933
6668,0.6731,9,52,9,218842,386768,20661,87295,3.5826447812071587,0.1841421920715179
6669,0.6732,6,133,6,218975,386635,20667,87289,3.5814127978065136,0.18418353997687392
6670,0.6733,1,15,1,218990,386620,20668,87288,3.5812738523102006,0.1841876482355225
6671,0.6734,26,197,26,219187,386423,20694,87262,3.5794490347919523,0.18421947074532655
6672,0.6735,9,165,9,219352,386258,20703,87253,3.577920634332506,0.18426815850106967
6673,0.6736,5,64,5,219416,386194,20708,87248,3.5773278002149023,0.18428445300585922
6674,0.6737,9,64,9,219480,386130,20717,87239,3.5767349660972987,0.18429385954720312
6675,0.6738,11,84,11,219564,386046,20728,87228,3.575956871317944,0.18430761039059826
6676,0.6739,12,47,12,219611,385999,20740,87216,3.5755215087628294,0.18430523123738682
6677,0.674,18,147,18,219758,385852,20758,87198,3.574159842898959,0.1843314660183913
6678,0.6741,7,48,7,219806,385804,20765,87191,3.573715217310756,0.18433810082559013
6679,0.6742,4,31,4,219837,385773,20769,87187,3.573428063285042,0.1843432848443843
6680,0.6743,9,58,9,219895,385715,20778,87178,3.572890807365964,0.18435037101416177
6681,0.6744,8,113,8,220008,385602,20786,87170,3.5718440846270703,0.184380631678695
6682,0.6745,10,55,10,220063,385547,20796,87160,3.571334617807255,0.18438483034945538
6683,0.6746,5,66,5,220129,385481,20801,87155,3.5707232576234764,0.18440194991494513
6684,0.6747,15,80,15,220209,385401,20816,87140,3.5699822149764717,0.18440727894510742
6685,0.6748,13,51,13,220260,385350,20829,87127,3.5695098002890067,0.18440474351132435
6686,0.6749,7,31,7,220291,385319,20836,87120,3.5692226462632926,0.1844047591329251
6687,0.675,15,44,15,220335,385275,20851,87105,3.56881507280744,0.18439603708878446
6688,0.6751,0,29,0,220364,385246,20851,87105,3.568546444847901,0.1844073580875239
6689,0.6752,3,17,3,220381,385229,20854,87102,3.5683889732854124,0.18440881500473186
6690,0.6753,2,23,2,220404,385206,20856,87100,3.568175923524399,0.184414341549758
6691,0.6754,10,41,10,220445,385165,20866,87090,3.5677961391678092,0.18441308191549058
6692,0.6755,11,150,11,220595,385015,20877,87079,3.5664066842046758,0.18445267256097303
6693,0.6756,12,137,12,220732,384878,20889,87067,3.5651376486716813,0.18448548029961118
6694,0.6757,2,69,2,220801,384809,20891,87065,3.5644984993886397,0.1845090002839741
6695,0.6758,19,114,19,220915,384695,20910,87046,3.5634425136166588,0.18452074337401245
6696,0.6759,10,51,10,220966,384644,20920,87036,3.5629700989291933,0.18452340569877884
6697,0.676,10,46,10,221012,384598,20930,87026,3.5625439994071657,0.18452411242854477
6698,0.6761,9,69,9,221081,384529,20939,87017,3.5619048501241246,0.18453554902384922
6699,0.6762,8,98,8,221179,384431,20947,87009,3.5609970728815443,0.1845600712709995
6700,0.6763,5,61,5,221240,384370,20952,87004,3.5604320278632033,0.18457530538383535
6701,0.6764,9,70,9,221310,384300,20961,86995,3.5597836155470746,0.18458714817683192
6702,0.6765,5,48,5,221358,384252,20966,86990,3.559338989958872,0.18459729820347082
6703,0.6766,15,111,15,221469,384141,20981,86975,3.5583107932861537,0.1846148294687508
6704,0.6767,3,74,3,221543,384067,20984,86972,3.5576253288376747,0.18463863926341556
6705,0.6768,8,61,8,221604,384006,20992,86964,3.5570602838193337,0.18464870373909167
6706,0.6769,6,37,6,221641,383969,20998,86958,3.5567175515950944,0.1846528230490076
6707,0.677,18,63,18,221704,383906,21016,86940,3.5561339805105785,0.1846463599563339
6708,0.6771,8,23,8,221727,383883,21024,86932,3.5559209307495645,0.18464152586472393
6709,0.6772,11,44,11,221771,383839,21035,86921,3.5555133572937123,0.18463973149800322
6710,0.6773,12,150,12,221921,383689,21047,86909,3.5541239023305793,0.1846777929357966
6711,0.6774,10,52,10,221973,383637,21057,86899,3.553642224610026,0.18468087457707805
6712,0.6775,11,99,11,222072,383538,21068,86888,3.5527251843343586,0.1847006755578986
6713,0.6776,9,38,9,222110,383500,21077,86879,3.5523731890770316,0.18469999723627117
6714,0.6777,12,103,12,222213,383397,21089,86867,3.5514190966690133,0.18471964683667047
6715,0.6778,7,68,7,222281,383329,21096,86860,3.5507892104190595,0.1847342238971988
6716,0.6779,18,68,18,222349,383261,21114,86842,3.550159324169106,0.18472972944227117
6717,0.678,15,201,15,222550,383060,21129,86827,3.5482974545185075,0.18478272435713267
6718,0.6781,8,38,8,222588,383022,21137,86819,3.5479454592611805,0.18478378855825695
6719,0.6782,9,28,9,222616,382994,21146,86810,3.547686094334729,0.18477918451098757
6720,0.6783,5,45,5,222661,382949,21151,86805,3.547269257845789,0.1847882082962572
6721,0.6784,9,75,9,222736,382874,21160,86796,3.5465745303642224,0.18480209508804055
6722,0.6785,13,71,13,222807,382803,21173,86783,3.545916855015006,0.18480746870647763
6723,0.6786,8,56,8,222863,382747,21181,86775,3.545398125162103,0.18481562099326548
6724,0.6787,13,125,13,222988,382622,21194,86762,3.544240246026159,0.1848422613467864
6725,0.6788,7,28,7,223016,382594,21201,86755,3.5439808810997073,0.18484113101338237
6726,0.6789,5,13,5,223029,382581,21206,86750,3.5438604616695693,0.1848375666640388
6727,0.679,11,128,11,223157,382453,21217,86739,3.542674793434362,0.1848688809698375
6728,0.6791,4,59,4,223216,382394,21221,86735,3.5421282744821965,0.18488518083512212
6729,0.6792,9,113,9,223329,382281,21230,86726,3.5410815517433027,0.18491408443797214
6730,0.6793,9,80,9,223409,382201,21239,86717,3.5403405090962985,0.1849299877590538
6731,0.6794,9,39,9,223448,382162,21248,86708,3.539979250805884,0.18492972465715443
6732,0.6795,8,27,8,223475,382135,21256,86700,3.53972914891252,0.18492646666737764
6733,0.6796,11,69,11,223544,382066,21267,86689,3.5390899996294785,0.18493456069801922
6734,0.6797,9,67,9,223611,381999,21276,86680,3.5384693764126127,0.1849453463884663
6735,0.6798,11,73,11,223684,381926,21287,86669,3.537793174997221,0.18495502512830908
6736,0.6799,13,100,13,223784,381826,21300,86656,3.5368668716884657,0.18497188792739103
6737,0.68,8,58,8,223842,381768,21308,86648,3.5363296157693873,0.18498087170378466
6738,0.6801,2,30,2,223872,381738,21310,86646,3.536051724776761,0.18498923959827834
6739,0.6802,12,46,12,223918,381692,21322,86634,3.5356256252547333,0.18498652647941818
6740,0.6803,9,101,9,224019,381591,21331,86625,3.5346900589128905,0.185010764262648
6741,0.6804,4,42,4,224061,381549,21335,86621,3.534301011523213,0.18502039857316788
6742,0.6805,8,68,8,224129,381481,21343,86613,3.5336711252732593,0.1850333480027516
6743,0.6806,11,106,11,224235,381375,21354,86602,3.532689243765979,0.1850561031845582
6744,0.6807,20,98,20,224333,381277,21374,86582,3.5317814665233986,0.18506002876935146
6745,0.6808,7,71,7,224404,381206,21381,86575,3.531123791174182,0.18507592227987027
6746,0.6809,8,75,8,224479,381131,21389,86567,3.5304290636926154,0.18509166171332783
6747,0.681,5,46,5,224525,381085,21394,86562,3.530002964170588,0.1851011553586359
6748,0.6811,9,27,9,224552,381058,21403,86553,3.529752862277224,0.18509615898685017
6749,0.6812,11,114,11,224666,380944,21414,86542,3.5286968765052427,0.1851221213041674
6750,0.6813,2,33,2,224699,380911,21416,86540,3.5283911964133536,0.18513170364380438
6751,0.6814,8,122,8,224821,380789,21424,86532,3.527261106376672,0.18516608498227127
6752,0.6815,7,62,7,224883,380727,21431,86525,3.5266867983252435,0.1851784476042906
6753,0.6816,2,67,2,224950,380660,21433,86523,3.5260661751083773,0.1852015163222977
6754,0.6817,12,79,12,225029,380581,21445,86511,3.5253343954944607,0.18521190686203146
6755,0.6818,7,62,7,225091,380519,21452,86504,3.5247600874430325,0.18522428231586024
6756,0.6819,9,62,9,225153,380457,21461,86495,3.524185779391604,0.18523317171786394
6757,0.682,4,64,4,225217,380393,21465,86491,3.5235929452740007,0.18525158283428003
6758,0.6821,5,39,5,225256,380354,21470,86486,3.523231686983586,0.18525833261931282
6759,0.6822,9,53,9,225309,380301,21479,86477,3.5227407462299456,0.18526365852717994
6760,0.6823,11,61,11,225370,380240,21490,86466,3.5221757012116046,0.18526867021208213
6761,0.6824,7,87,7,225457,380153,21497,86459,3.5213698173329875,0.18529099123040127
6762,0.6825,4,22,4,225479,380131,21501,86455,3.521166030605061,0.18529274345994093
6763,0.6826,5,50,5,225529,380081,21506,86450,3.520702878950684,0.18530387048234737
6764,0.6827,15,65,15,225594,380016,21521,86435,3.5201007817999925,0.1853034938289338
6765,0.6828,30,230,30,225824,379786,21551,86405,3.5179702841898552,0.18534248837922654
6766,0.6829,11,134,11,225958,379652,21562,86394,3.516729037756123,0.18537655081258073
6767,0.683,9,88,9,226046,379564,21571,86385,3.515913890844418,0.18539582658187914
6768,0.6831,9,41,9,226087,379523,21580,86376,3.5155341064878285,0.1853964056587372
6769,0.6832,20,111,20,226198,379412,21600,86356,3.5145059098151097,0.18540560965974476
6770,0.6833,13,74,13,226272,379338,21613,86343,3.5138204453666306,0.18541233161756654
6771,0.6834,18,192,18,226464,379146,21631,86325,3.5120419430138203,0.18545731098177975
6772,0.6835,7,66,7,226530,379080,21638,86318,3.511430582830042,0.18547135999724967
6773,0.6836,10,100,10,226630,378980,21648,86308,3.5105042795212866,0.1854937157201561
6774,0.6837,16,181,16,226811,378799,21664,86292,3.508827670532439,0.18553788398399454
6775,0.6838,7,17,7,226828,378782,21671,86285,3.5086701989699507,0.18553240715853844
6776,0.6839,9,53,9,226881,378729,21680,86276,3.5081792582163103,0.18553778991623746
6777,0.684,6,44,6,226925,378685,21686,86270,3.507771684760458,0.18554483767246294
6778,0.6841,5,83,5,227008,378602,21691,86265,3.507002853014191,0.185569205815857
6779,0.6842,14,80,14,227088,378522,21705,86251,3.5062618103671865,0.1855766148205683
6780,0.6843,8,34,8,227122,378488,21713,86243,3.50594686724221,0.1855761720220945
6781,0.6844,2,40,2,227162,378448,21715,86241,3.5055763459187075,0.18558864100505928
6782,0.6845,3,43,3,227205,378405,21718,86238,3.505178035495943,0.18560055784763788
6783,0.6846,5,55,5,227260,378350,21723,86233,3.504668568676127,0.18561376546279137
6784,0.6847,23,173,23,227433,378177,21746,86210,3.5030660639519806,0.1856425782806151
6785,0.6848,8,43,8,227476,378134,21754,86202,3.5026677535292157,0.18564573929223666
6786,0.6849,6,14,6,227490,378120,21760,86196,3.50253807106599,0.18564081358385237
6787,0.685,21,258,21,227748,377862,21781,86175,3.5001482085294007,0.18570717421240115
6788,0.6851,8,55,8,227803,377807,21789,86167,3.4996387417095853,0.18571514783155954
6789,0.6852,2,14,2,227817,377793,21791,86165,3.4995090592463596,0.1857172416468732
6790,0.6853,10,59,10,227876,377734,21801,86155,3.498962540294194,0.18572330880878832
6791,0.6854,7,26,7,227902,377708,21808,86148,3.4987217014339174,0.18572143078886552
6792,0.6855,5,62,5,227964,377646,21813,86143,3.498147393382489,0.1857374797591146
6793,0.6856,16,136,16,228100,377510,21829,86127,3.496887620882582,0.18576386267705122
6794,0.6857,8,55,8,228155,377455,21837,86119,3.4963781540627665,0.1857718508803341
6795,0.6858,6,38,6,228193,377417,21843,86113,3.496026158805439,0.18577654089271461
6796,0.6859,5,29,5,228222,377388,21848,86108,3.4957575308459004,0.18577938105183217
6797,0.686,4,40,4,228262,377348,21852,86104,3.495387009522398,0.1857883880099773
6798,0.6861,15,136,15,228398,377212,21867,86089,3.4941272370224907,0.18581656417750014
6799,0.6862,15,92,15,228490,377120,21882,86074,3.4932750379784356,0.18582710484159984
6800,0.6863,15,130,15,228620,376990,21897,86059,3.4920708436770536,0.18585290109686015
6801,0.6864,9,90,9,228710,376900,21906,86050,3.491237170699174,0.1858732044497246
6802,0.6865,10,173,10,228883,376727,21916,86040,3.489634665975027,0.18592509837564045
6803,0.6866,6,77,6,228960,376650,21922,86034,3.488921412427285,0.18594548331042351
6804,0.6867,15,97,15,229057,376553,21937,86019,3.4880228982177925,0.18595807787760607
6805,0.6868,10,78,10,229135,376475,21947,86009,3.487300381636963,0.18597183902578251
6806,0.6869,17,79,17,229214,376396,21964,85992,3.4865686020230466,0.18597368443817747
6807,0.687,13,84,13,229298,376312,21977,85979,3.4857905072436917,0.18598458546672983
6808,0.6871,12,131,12,229429,376181,21989,85967,3.4845770499092223,0.18601616798082
6809,0.6872,7,75,7,229504,376106,21996,85960,3.4838823224276556,0.18603402977063882
6810,0.6873,14,111,14,229615,375995,22010,85946,3.4828541257549372,0.18605406318122877
6811,0.6874,35,288,35,229903,375707,22045,85911,3.4801863722257216,0.1861084273143595
6812,0.6875,5,47,5,229950,375660,22050,85906,3.4797510096706064,0.18611856159249165
6813,0.6876,11,114,11,230064,375546,22061,85895,3.4786950238986254,0.18614514098227075
6814,0.6877,28,211,28,230275,375335,22089,85867,3.4767405239171514,0.18618089253732636
6815,0.6878,10,66,10,230341,375269,22099,85857,3.476129163733373,0.18618989169988245
6816,0.6879,6,85,6,230426,375184,22105,85851,3.4753418059209307,0.18621362803257888
6817,0.688,13,143,13,230569,375041,22118,85838,3.4740171921894105,0.18624845132887374
6818,0.6881,11,119,11,230688,374922,22129,85827,3.4729148912519916,0.1862771270257776
6819,0.6882,8,61,8,230749,374861,22137,85819,3.4723498462336506,0.18628766171746114
6820,0.6883,6,56,6,230805,374805,22143,85813,3.4718311163807476,0.18629971038908597
6821,0.6884,5,21,5,230826,374784,22148,85808,3.471636592685909,0.18629937124396428
6822,0.6885,7,109,7,230935,374675,22155,85801,3.4706269220793655,0.18633110086084834
6823,0.6886,10,86,10,231021,374589,22165,85791,3.469830301233836,0.18634823406750944
6824,0.6887,2,36,2,231057,374553,22167,85789,3.469496832042684,0.18635927201949853
6825,0.6888,15,117,15,231174,374436,22182,85774,3.46841305717144,0.18638013080984767
6826,0.6889,10,61,10,231235,374375,22192,85764,3.4678480121530995,0.1863871569243207
6827,0.689,9,91,9,231326,374284,22201,85755,3.467005076142132,0.18640810887772558
6828,0.6891,15,87,15,231413,374197,22216,85740,3.466199192263515,0.18641683534918913
6829,0.6892,8,105,8,231518,374092,22224,85732,3.4652265737893218,0.1864452486168621
6830,0.6893,11,89,11,231607,374003,22235,85721,3.4644021638445293,0.18646187712627577
6831,0.6894,9,34,9,231641,373969,22244,85712,3.4640872207195526,0.18645974055921388
6832,0.6895,5,60,5,231701,373909,22249,85707,3.4635314387342993,0.18647523149759798
6833,0.6896,11,60,11,231761,373849,22260,85696,3.462975656749046,0.18648010532156808
6834,0.6897,15,132,15,231893,373717,22275,85681,3.461752936381489,0.18650712454124746
6835,0.6898,14,114,14,232007,373603,22289,85667,3.4606969506095075,0.1865286215080454
6836,0.6899,10,139,10,232146,373464,22299,85657,3.4594093890103377,0.18656737548489397
6837,0.69,15,102,15,232248,373362,22314,85642,3.458464559635407,0.18658225200651846
6838,0.6901,7,66,7,232314,373296,22321,85635,3.4578531994516286,0.1865966779319767
6839,0.6902,12,57,12,232371,373239,22333,85623,3.457325206565638,0.18659858519554898
6840,0.6903,4,56,4,232427,373183,22337,85619,3.456806476712735,0.18661426933622782
6841,0.6904,14,127,14,232554,373056,22351,85605,3.4556300715106154,0.1866411140253913
6842,0.6905,5,40,5,232594,373016,22356,85600,3.455259550187113,0.18664852512777574
6843,0.6906,13,117,13,232711,372899,22369,85587,3.4541757753158695,0.18667309361681708
6844,0.6907,15,140,15,232851,372759,22384,85572,3.452878950683612,0.18670349594507027
6845,0.6908,5,32,5,232883,372727,22389,85567,3.45258253362481,0.1867076592754869
6846,0.6909,9,47,9,232930,372680,22398,85558,3.452147171069695,0.18671083585385762
6847,0.691,7,56,7,232986,372624,22405,85551,3.451628441216792,0.18672123097069898
6848,0.6911,11,73,11,233059,372551,22416,85540,3.4509522398014005,0.18673145728687096
6849,0.6912,8,41,8,233100,372510,22424,85532,3.450572455444811,0.1867339676274228
6850,0.6913,4,74,4,233174,372436,22428,85528,3.449886990996332,0.18675703767108331
6851,0.6914,7,47,7,233221,372389,22435,85521,3.4494516284412167,0.18676377454084864
6852,0.6915,3,35,3,233256,372354,22438,85518,3.4491274222831523,0.18677272250760038
6853,0.6916,11,131,11,233387,372223,22449,85507,3.447913964948683,0.186806632731086
6854,0.6917,7,38,7,233425,372185,22456,85500,3.4475619696913555,0.18680970536504365
6855,0.6918,2,22,2,233447,372163,22458,85498,3.4473581829634297,0.1868151317241364
6856,0.6919,10,145,10,233592,372018,22468,85488,3.446015043165734,0.18685656581553028
6857,0.692,19,105,19,233697,371913,22487,85469,3.445042424691541,0.18686568338937692
6858,0.6921,15,90,15,233787,371823,22502,85454,3.4442087517136613,0.1868757886357722
6859,0.6922,8,113,8,233900,371710,22510,85446,3.4431620289747675,0.1869077514021472
6860,0.6923,11,116,11,234016,371594,22521,85435,3.442087517136611,0.18693562115314347
6861,0.6924,3,62,3,234078,371532,22524,85432,3.441513209085183,0.18695564639665269
6862,0.6925,8,103,8,234181,371429,22532,85424,3.4405591166771647,0.18698355926304522
6863,0.6926,21,98,21,234279,371331,22553,85403,3.4396513394345845,0.1869862983706052
6864,0.6927,9,105,9,234384,371226,22562,85394,3.4386787209603913,0.18701327142919713
6865,0.6928,8,99,8,234483,371127,22570,85386,3.4377616806847233,0.18703958047196903
6866,0.6929,9,32,9,234515,371095,22579,85377,3.4374652636259215,0.18703666380413256
6867,0.693,20,156,20,234671,370939,22599,85357,3.4360202304642633,0.18706497536686711
6868,0.6931,5,31,5,234702,370908,22604,85352,3.435733076438549,0.18706877657476
6869,0.6932,11,71,11,234773,370837,22615,85341,3.4350754010893327,0.1870782896150187
6870,0.6933,11,55,11,234828,370782,22626,85330,3.4345659342695174,0.18708124320342373
6871,0.6934,10,81,10,234909,370701,22636,85320,3.4338156285894255,0.187096646864947
6872,0.6935,9,52,9,234961,370649,22645,85311,3.4333339508688727,0.18710193876655848
6873,0.6936,13,55,13,235016,370594,22658,85298,3.432824484049057,0.18710133101699525
6874,0.6937,12,81,12,235097,370513,22670,85286,3.432074178368965,0.18711317927419763
6875,0.6938,7,50,7,235147,370463,22677,85279,3.4316110267145876,0.18712122209495724
6876,0.6939,0,13,0,235160,370450,22677,85279,3.431490607284449,0.1871265598634276
6877,0.694,9,68,9,235228,370382,22686,85270,3.4308607210344957,0.18713843020550772
6878,0.6941,11,95,11,235323,370287,22697,85259,3.429980732891178,0.18715782818859128
6879,0.6942,13,67,13,235390,370220,22710,85246,3.429360109674312,0.18716215919519788
6880,0.6943,10,114,10,235504,370106,22720,85236,3.4283041239023304,0.1871911662003505
6881,0.6944,8,96,8,235600,370010,22728,85228,3.4274148727259255,0.1872163571582337
6882,0.6945,22,119,22,235719,369891,22750,85206,3.4263125717885066,0.18722601994739582
6883,0.6946,10,107,10,235826,369784,22760,85196,3.425321427248138,0.1872521869093147
6884,0.6947,24,201,24,236027,369583,22784,85172,3.42345955759754,0.18729205836109553
6885,0.6948,5,29,5,236056,369554,22789,85167,3.4231909296380008,0.1872950666452616
6886,0.6949,9,52,9,236108,369502,22798,85158,3.422709251917448,0.18730040029912462
6887,0.695,15,98,15,236206,369404,22813,85143,3.4218014746748677,0.18731396313252535
6888,0.6951,12,171,12,236377,369233,22825,85131,3.4202174960168956,0.18736299530772685
6889,0.6952,16,94,16,236471,369139,22841,85115,3.4193467709066656,0.1873731436597146
6890,0.6953,14,162,14,236633,368977,22855,85101,3.4178461595464817,0.18741493752174737
6891,0.6954,6,83,6,236716,368894,22861,85095,3.417077327800215,0.18743846216538287
6892,0.6955,11,124,11,236840,368770,22872,85084,3.415928711697358,0.18746997933256068
6893,0.6956,2,20,2,236860,368750,22874,85082,3.415743451035607,0.18747466022669182
6894,0.6957,6,95,6,236955,368655,22880,85076,3.4148634628922894,0.1875031681767391
6895,0.6958,10,124,10,237079,368531,22890,85066,3.413714846789433,0.18753651368946445
6896,0.6959,12,109,12,237188,368422,22902,85054,3.4127051761828895,0.18756009138300594
6897,0.696,13,69,13,237257,368353,22915,85041,3.412066026899848,0.1875653405206068
6898,0.6961,4,81,4,237338,368272,22919,85037,3.411315721219756,0.18759168690672368
6899,0.6962,18,63,18,237401,368209,22937,85019,3.41073215013524,0.18758549780684336
6900,0.6963,9,74,9,237475,368135,22946,85010,3.410046685686761,0.1875999955864017
6901,0.6964,6,58,6,237533,368077,22952,85004,3.409509429767683,0.18761325237650664
6902,0.6965,22,141,22,237674,367936,22974,84982,3.408203342102338,0.18763219832287523
6903,0.6966,10,155,10,237829,367781,22984,84972,3.406767571973767,0.18767849136284023
6904,0.6967,8,80,8,237909,367701,22992,84964,3.4060265293267626,0.18769730374559554
6905,0.6968,18,81,18,237990,367620,23010,84946,3.4052762236466707,0.18769858981894352
6906,0.6969,18,78,18,238068,367542,23028,84928,3.404553707065842,0.18769863195349967
6907,0.697,11,49,11,238117,367493,23039,84917,3.4040998184445517,0.18769921089277425
6908,0.6971,6,22,6,238139,367471,23045,84911,3.4038960317166254,0.18769756533195397
6909,0.6972,12,80,12,238219,367391,23057,84899,3.403154989069621,0.187709213115479
6910,0.6973,15,142,15,238361,367249,23072,84884,3.401839638371188,0.1877412177390281
6911,0.6974,16,174,16,238535,367075,23088,84868,3.400227870613954,0.1877847427662338
6912,0.6975,12,112,12,238647,366963,23100,84856,3.399190410908148,0.18780972026408804
6913,0.6976,11,70,11,238717,366893,23111,84845,3.398541998592019,0.18781904555295326
6914,0.6977,11,96,11,238813,366797,23122,84834,3.3976527474156137,0.18783918730113744
6915,0.6978,5,26,5,238839,366771,23127,84829,3.397411908555337,0.18784100974313553
6916,0.6979,17,88,17,238927,366683,23144,84812,3.396596761643633,0.18784704149547615
6917,0.698,14,69,14,238996,366614,23158,84798,3.3959576123605912,0.1878505666663713
6918,0.6981,5,92,5,239088,366522,23163,84793,3.395105413316536,0.18787986218051694
6919,0.6982,14,76,14,239164,366446,23177,84779,3.394401422801882,0.18788630949083052
6920,0.6983,12,97,12,239261,366349,23189,84767,3.3935029085923896,0.18790510644712224
6921,0.6984,6,49,6,239310,366300,23195,84761,3.3930490199710994,0.18791471663477888
6922,0.6985,10,52,10,239362,366248,23205,84751,3.3925673422505467,0.18791837675915024
6923,0.6986,9,43,9,239405,366205,23214,84742,3.3921690318277817,0.1879200881700067
6924,0.6987,19,100,19,239505,366105,23233,84723,3.391242728519026,0.18792754664750194
6925,0.6988,9,60,9,239565,366045,23242,84714,3.3906869465337732,0.18793634736078482
6926,0.6989,16,123,16,239688,365922,23258,84698,3.389547593464004,0.18795881230304914
6927,0.699,4,58,4,239746,365864,23262,84694,3.3890103375449256,0.18797579889825505
6928,0.6991,20,234,20,239980,365630,23282,84674,3.386842787802438,0.18803741472427515
6929,0.6992,9,75,9,240055,365555,23291,84665,3.3861480603208713,0.18805250766292034
6930,0.6993,12,149,12,240204,365406,23303,84653,3.384767868390826,0.18809311668025747
6931,0.6994,9,48,9,240252,365358,23312,84644,3.384323242802623,0.18809694179136982
6932,0.6995,14,56,14,240308,365302,23326,84630,3.38380451294972,0.18809508992469973
6933,0.6996,6,45,6,240353,365257,23332,84624,3.38338767646078,0.18810307614680327
6934,0.6997,9,66,9,240419,365191,23341,84615,3.3827763162770017,0.188114431554937
6935,0.6998,10,63,10,240482,365128,23351,84605,3.382192745192486,0.18812273059793255
6936,0.6999,20,160,20,240642,364968,23371,84585,3.3807106598984773,0.18815356587543627
6937,0.7,9,78,9,240720,364890,23380,84576,3.379988143317648,0.18816996168786962
6938,0.7001,10,61,10,240781,364829,23390,84566,3.379423098299307,0.18817743855628122
6939,0.7002,8,39,8,240820,364790,23398,84558,3.3790618400088923,0.1881793175890401
6940,0.7003,6,111,6,240931,364679,23404,84552,3.378033643336174,0.1882149718073775
6941,0.7004,6,37,6,240968,364642,23410,84546,3.3776909111119346,0.18821963186906152
6942,0.7005,14,124,14,241092,364518,23424,84532,3.3765422950090778,0.18824629773967264
6943,0.7006,16,90,16,241182,364428,23440,84516,3.375708622031198,0.18825510531380305
6944,0.7007,7,66,7,241248,364362,23447,84509,3.3750972618474195,0.1882701266065306
6945,0.7008,21,102,21,241350,364260,23468,84488,3.374152432472489,0.18827493381586102
6946,0.7009,10,53,10,241403,364207,23478,84478,3.3736614917188485,0.1882790822068935
6947,0.701,7,66,7,241469,364141,23485,84471,3.37305013153507,0.18829411607357807
6948,0.7011,7,48,7,241517,364093,23492,84464,3.372605505946867,0.1883015982361216
6949,0.7012,18,61,18,241578,364032,23510,84446,3.3720404609285266,0.18829463206667885
6950,0.7013,12,52,12,241630,363980,23522,84434,3.3715587832079734,0.18829474548073877
6951,0.7014,10,46,10,241676,363934,23532,84424,3.3711326836859463,0.18829595992488146
6952,0.7015,14,172,14,241848,363762,23546,84410,3.369539441994887,0.18834286836303918
6953,0.7016,8,70,8,241918,363692,23554,84402,3.368891029678758,0.1883577999259084
6954,0.7017,6,52,6,241970,363640,23560,84396,3.368409351958205,0.1883687917935166
6955,0.7018,12,110,12,242080,363530,23572,84384,3.3673904183185743,0.18839330764387807
6956,0.7019,14,78,14,242158,363452,23586,84370,3.366667901737745,0.18840074851168545
6957,0.702,7,27,7,242185,363425,23593,84363,3.366417799844381,0.18839942115465355
6958,0.7021,8,150,8,242335,363275,23601,84355,3.365028344881248,0.18844804861157652
6959,0.7022,4,60,4,242395,363215,23605,84351,3.364472562895995,0.1884660586371619
6960,0.7023,6,86,6,242481,363129,23611,84345,3.363675942050465,0.1884913983829228
6961,0.7024,14,77,14,242558,363052,23625,84331,3.3629626885027233,0.18849844540360272
6962,0.7025,1,29,1,242587,363023,23626,84330,3.362694060543184,0.18850885095215636
6963,0.7026,8,96,8,242683,362927,23634,84322,3.361804809366779,0.18853479828909622
6964,0.7027,10,102,10,242785,362825,23644,84312,3.3608599799918486,0.18855965844920014
6965,0.7028,11,55,11,242840,362770,23655,84301,3.3603505131720333,0.18856289045811517
6966,0.7029,13,90,13,242930,362680,23668,84288,3.359516840194153,0.18857725832721806
6967,0.703,7,35,7,242965,362645,23675,84281,3.3591926340360887,0.18857931738140093
6968,0.7031,14,92,14,243057,362553,23689,84267,3.3583404349920336,0.18859272190143683
6969,0.7032,10,63,10,243120,362490,23699,84257,3.3577568639075177,0.1886011545684694
6970,0.7033,5,47,5,243167,362443,23704,84252,3.357321501352403,0.18861191640828753
6971,0.7034,11,63,11,243230,362380,23715,84241,3.356737930267887,0.18861853786543847
6972,0.7035,5,35,5,243265,362345,23720,84236,3.3564137241098226,0.18862423614081208
6973,0.7036,13,95,13,243360,362250,23733,84223,3.355533735966505,0.18864074647291101
6974,0.7037,10,84,10,243444,362166,23743,84213,3.3547556411871504,0.18865806859193646
6975,0.7038,9,71,9,243515,362095,23752,84204,3.354097965837934,0.18867172008003602
6976,0.7039,17,132,17,243647,361963,23769,84187,3.352875245470377,0.1886966266950577
6977,0.704,15,133,15,243780,361830,23784,84172,3.3516432620697323,0.18872561109591438
6978,0.7041,12,68,12,243848,361762,23796,84160,3.3510133758197784,0.1887325586089047
6979,0.7042,8,55,8,243903,361707,23804,84152,3.350503908999963,0.1887412836793695
6980,0.7043,3,55,3,243958,361652,23807,84149,3.3499944421801473,0.1887591100064827
6981,0.7044,17,111,17,244069,361541,23824,84132,3.348966245507429,0.188775178213623
6982,0.7045,14,148,14,244217,361393,23838,84118,3.347595316610471,0.18881239744922124
6983,0.7046,5,52,5,244269,361341,23843,84113,3.347113638889918,0.1888253332555101
6984,0.7047,7,80,7,244349,361261,23850,84106,3.346372596242914,0.18884650187373558
6985,0.7048,11,67,11,244416,361194,23861,84095,3.3457519730260477,0.1888548785170979
6986,0.7049,10,90,10,244506,361104,23871,84085,3.344918300048168,0.18887483742859773
6987,0.705,8,40,8,244546,361064,23879,84077,3.3445477787246656,0.18887723215790053
6988,0.7051,7,26,7,244572,361038,23886,84070,3.344306939864389,0.18887550886526416
6989,0.7052,10,125,10,244697,360913,23896,84060,3.343149060728445,0.18891033838008148
6990,0.7053,11,45,11,244742,360868,23907,84049,3.342732224239505,0.1889093920888615
6991,0.7054,4,86,4,244828,360782,23911,84045,3.341935603393975,0.18893862108190376
6992,0.7055,14,171,14,244999,360611,23925,84031,3.3403516247360034,0.1889857458359759
6993,0.7056,9,57,9,245056,360554,23934,84022,3.339823631850013,0.18899355790685957
6994,0.7057,4,56,4,245112,360498,23938,84018,3.3393049019971097,0.18901006937883
6995,0.7058,5,63,5,245175,360435,23943,84013,3.338721330912594,0.18902773777809778
6996,0.7059,22,143,22,245318,360292,23965,83991,3.3373967171810737,0.1890484218392331
6997,0.706,11,101,11,245419,360191,23976,83980,3.336461150839231,0.18907132613340358
6998,0.7061,20,181,20,245600,360010,23996,83960,3.3347845418503836,0.1891118769286213
6999,0.7062,18,92,18,245692,359918,24014,83942,3.3339323428063286,0.18911819042040284
7000,0.7063,15,75,15,245767,359843,24029,83927,3.333237615324762,0.18912274376366137
7001,0.7064,14,94,14,245861,359749,24043,83913,3.332366890214532,0.18913722608652533
7002,0.7065,19,134,19,245995,359615,24062,83894,3.3311256437807995,0.1891596337391124
7003,0.7066,20,144,20,246139,359471,24082,83874,3.3297917670161916,0.1891844951448646
7004,0.7067,17,117,17,246256,359354,24099,83857,3.328707992144948,0.18920333655978755
7005,0.7068,21,63,21,246319,359291,24120,83836,3.328124421060432,0.18919181182821176
7006,0.7069,15,168,15,246487,359123,24135,83821,3.326568231501723,0.1892361111111111
7007,0.707,16,146,16,246633,358977,24151,83805,3.32521582867094,0.18926921148556175
7008,0.7071,7,46,7,246679,358931,24158,83798,3.3247897291489124,0.18927605826589178
7009,0.7072,9,92,9,246771,358839,24167,83789,3.3239375301048577,0.1892989146642327
7010,0.7073,6,47,6,246818,358792,24173,83783,3.3235021675497425,0.18930802688809806
7011,0.7074,17,62,17,246880,358730,24190,83766,3.3229278594983143,0.1893034061324848
7012,0.7075,5,28,5,246908,358702,24195,83761,3.3226684945718628,0.18930622447526685
7013,0.7076,13,35,13,246943,358667,24208,83748,3.3223442884137984,0.1892973791575783
7014,0.7077,13,145,13,247088,358522,24221,83735,3.321001148616103,0.18933561255107326
7015,0.7078,23,124,23,247212,358398,24244,83712,3.319852532513246,0.18934654271561377
7016,0.7079,3,16,3,247228,358382,24247,83709,3.3197043239838453,0.18934789443802294
7017,0.708,11,78,11,247306,358304,24258,83698,3.318981807403016,0.18936113411251532
7018,0.7081,7,64,7,247370,358240,24265,83691,3.3183889732854124,0.18937571702369826
7019,0.7082,12,82,12,247452,358158,24277,83679,3.317629404572233,0.1893888470182443
7020,0.7083,6,44,6,247496,358114,24283,83673,3.3172218311163806,0.1893967002197892
7021,0.7084,22,134,22,247630,357980,24305,83651,3.3159805846826487,0.18941378662276878
7022,0.7085,12,71,12,247701,357909,24317,83639,3.315322909333432,0.18942221457236813
7023,0.7086,13,96,13,247797,357813,24330,83626,3.314433658157027,0.1894395375125442
7024,0.7087,8,56,8,247853,357757,24338,83618,3.313914928304124,0.1894488813367318
7025,0.7088,9,56,9,247909,357701,24347,83609,3.313396198451221,0.18945639119893046
7026,0.7089,15,231,15,248140,357470,24362,83594,3.311256437807996,0.18952805035096948
7027,0.709,6,28,6,248168,357442,24368,83588,3.3109970728815443,0.18952905698025077
7028,0.7091,6,84,6,248252,357358,24374,83582,3.31021897810219,0.1895541343493446
7029,0.7092,11,66,11,248318,357292,24385,83571,3.3096076179184113,0.18956229032601965
7030,0.7093,8,87,8,248405,357205,24393,83563,3.308801734039794,0.18958499709597793
7031,0.7094,15,113,15,248518,357092,24408,83548,3.3077550113009004,0.18960602759622366
7032,0.7095,11,155,11,248673,356937,24419,83537,3.3063192411723294,0.18965251070437755
7033,0.7096,22,223,22,248896,356714,24441,83515,3.304253584793805,0.18970808374732243
7034,0.7097,10,39,10,248935,356675,24451,83505,3.3038923265033904,0.18970648371120905
7035,0.7098,10,97,10,249032,356578,24461,83495,3.3029938122938973,0.18972988572350497
7036,0.7099,20,129,20,249161,356449,24481,83475,3.301798881025603,0.18974868386357643
7037,0.71,12,80,12,249241,356369,24493,83463,3.3010578383785987,0.1897610905982284
7038,0.7101,17,284,17,249525,356085,24510,83446,3.2984271369817333,0.18985236536217012
7039,0.7102,9,84,9,249609,356001,24519,83437,3.2976490422023788,0.18987206386338915
7040,0.7103,10,76,10,249685,355925,24529,83427,3.296945051687725,0.1898864691636774
7041,0.7104,6,78,6,249763,355847,24535,83421,3.2962225351068954,0.1899091215385596
7042,0.7105,4,29,4,249792,355818,24539,83417,3.2959539071473563,0.1899142827871185
7043,0.7106,25,124,25,249916,355694,24564,83392,3.2948052910445,0.18992179208628834
7044,0.7107,13,117,13,250033,355577,24577,83379,3.293721516173256,0.1899484230765726
7045,0.7108,10,77,10,250110,355500,24587,83369,3.293008262625514,0.18996329200740997
7046,0.7109,23,154,23,250264,355346,24610,83346,3.291581755530031,0.1899875083201882
7047,0.711,11,82,11,250346,355264,24621,83335,3.2908221868168512,0.1900027131844806
7048,0.7111,13,118,13,250464,355146,24634,83322,3.28972914891252,0.19002983113933059
7049,0.7112,20,147,20,250611,354999,24654,83302,3.2883674830486496,0.1900566049358774
7050,0.7113,4,87,4,250698,354912,24658,83298,3.2875615991700324,0.19008694461559525
7051,0.7114,12,86,12,250784,354826,24670,83286,3.2867649783245025,0.19010207435541596
7052,0.7115,27,209,27,250993,354617,24697,83259,3.284829004409204,0.190142871497867
7053,0.7116,19,116,19,251109,354501,24716,83240,3.2837544925710476,0.19015810719123866
7054,0.7117,7,50,7,251159,354451,24723,83233,3.2832913409166697,0.19016687838714688
7055,0.7118,14,115,14,251274,354336,24737,83219,3.282226092111601,0.19019094742375245
7056,0.7119,18,140,18,251414,354196,24755,83201,3.2809292674793435,0.19021849715475872
7057,0.712,9,45,9,251459,354151,24764,83192,3.2805124309904037,0.1902214051671114
7058,0.7121,9,88,9,251547,354063,24773,83183,3.279697284078699,0.19024302109110203
7059,0.7122,17,129,17,251676,353934,24790,83166,3.278502352810404,0.19026767330130404
7060,0.7123,8,52,8,251728,353882,24798,83158,3.2780206750898513,0.19027548965769722
7061,0.7124,6,66,6,251794,353816,24804,83152,3.277409314906073,0.19029311070833563
7062,0.7125,8,27,8,251821,353789,24812,83144,3.277159213012709,0.19029004446906048
7063,0.7126,16,59,16,251880,353730,24828,83128,3.2766126940605433,0.19028608838569971
7064,0.7127,4,41,4,251921,353689,24832,83124,3.2762329097039533,0.19029653421486997
7065,0.7128,9,111,9,252032,353578,24841,83115,3.275204713031235,0.19032821684799162
7066,0.7129,10,76,10,252108,353502,24851,83105,3.274500722516581,0.19034280256615216
7067,0.713,4,46,4,252154,353456,24855,83101,3.2740746229945534,0.19035544041213404
7068,0.7131,11,74,11,252228,353382,24866,83090,3.2733891585460744,0.19036730878498506
7069,0.7132,12,115,12,252343,353267,24878,83078,3.2723239097410057,0.1903952147956319
7070,0.7133,7,56,7,252399,353211,24885,83071,3.2718051798881027,0.1904066635799781
7071,0.7134,9,77,9,252476,353134,24894,83062,3.271091926340361,0.1904235710552137
7072,0.7135,19,89,19,252565,353045,24913,83043,3.2702675163955686,0.1904271614903414
7073,0.7136,14,77,14,252642,352968,24927,83029,3.269554262847827,0.19043479656970116
7074,0.7137,12,62,12,252704,352906,24939,83017,3.2689799547963987,0.19043959598369437
7075,0.7138,7,74,7,252778,352832,24946,83010,3.2682944903479196,0.19045892777657958
7076,0.7139,20,116,20,252894,352716,24966,82990,3.2672199785097633,0.19047247455853258
7077,0.714,10,154,10,253048,352562,24976,82980,3.26579347141428,0.19052123560988377
7078,0.7141,5,33,5,253081,352529,24981,82975,3.2654877913223905,0.19052637863257282
7079,0.7142,10,82,10,253163,352447,24991,82965,3.2647282226092114,0.19054366898477765
7080,0.7143,12,62,12,253225,352385,25003,82953,3.2641539145577827,0.19054849335458884
7081,0.7144,3,36,3,253261,352349,25006,82950,3.2638204453666306,0.19055867346352737
7082,0.7145,14,73,14,253334,352276,25020,82936,3.2631442439512393,0.19056459840261758
7083,0.7146,13,121,13,253455,352155,25033,82923,3.2620234169476454,0.19059341083667755
7084,0.7147,15,155,15,253610,352000,25048,82908,3.2605876468190744,0.19063342132129094
7085,0.7148,21,150,21,253760,351850,25069,82887,3.2591981918559414,0.19066010024451566
7086,0.7149,19,183,19,253943,351667,25088,82868,3.257503056800919,0.19070500650120242
7087,0.715,16,152,16,254095,351515,25104,82852,3.2560950757716105,0.1907419302110888
7088,0.7151,7,91,7,254186,351424,25111,82845,3.255252139760643,0.1907688552487053
7089,0.7152,9,72,9,254258,351352,25120,82836,3.2545852013783394,0.1907837158097414
7090,0.7153,8,54,8,254312,351298,25128,82828,3.2540849975916113,0.1907925348861851
7091,0.7154,2,37,2,254349,351261,25130,82826,3.253742265367372,0.19080506902994102
7092,0.7155,14,108,14,254457,351153,25144,82812,3.2527418577939162,0.19082644913760327
7093,0.7156,9,95,9,254552,351058,25153,82803,3.2518618696505985,0.19085144781393118
7094,0.7157,10,61,10,254613,350997,25163,82793,3.2512968246322576,0.1908596325410913
7095,0.7158,4,34,4,254647,350963,25167,82789,3.250981881507281,0.19086713144838524
7096,0.7159,24,178,24,254825,350785,25191,82765,3.2493330616176963,0.19090070349440663
7097,0.716,9,58,9,254883,350727,25200,82756,3.248795805698618,0.19090944742931096
7098,0.7161,11,89,11,254972,350638,25211,82745,3.2479713957538254,0.1909281167004705
7099,0.7162,27,204,27,255176,350434,25238,82718,3.2460817370039647,0.19096760490543735
7100,0.7163,9,85,9,255261,350349,25247,82709,3.2452943791915225,0.19098827408799746
7101,0.7164,16,77,16,255338,350272,25263,82693,3.244581125643781,0.19099234349196817
7102,0.7165,5,36,5,255374,350236,25268,82688,3.244247656452629,0.1909988820208628
7103,0.7166,12,64,12,255438,350172,25280,82676,3.2436548223350252,0.19100469448859647
7104,0.7167,4,34,4,255472,350138,25284,82672,3.2433398792100485,0.19101222245327049
7105,0.7168,13,73,13,255545,350065,25297,82659,3.242663677794657,0.19102014216914245
7106,0.7169,8,65,8,255610,350000,25305,82651,3.242061580643966,0.19103388181236147
7107,0.717,8,39,8,255649,349961,25313,82643,3.2417003223535517,0.19103614390990376
7108,0.7171,7,23,7,255672,349938,25320,82636,3.2414872725925377,0.1910332105027117
7109,0.7172,5,41,5,255713,349897,25325,82631,3.241107488235948,0.19104196722524322
7110,0.7173,23,122,23,255835,349775,25348,82608,3.2399773981992666,0.19105283972774137
7111,0.7174,14,154,14,255989,349621,25362,82594,3.238550891103783,0.19109470980877571
7112,0.7175,28,191,28,256180,349430,25390,82566,3.23678165178406,0.19112676969231196
7113,0.7176,10,60,10,256240,349370,25400,82556,3.236225869798807,0.19113459249964115
7114,0.7177,11,33,11,256273,349337,25411,82545,3.2359201897069174,0.19112859531075618
7115,0.7178,18,150,18,256423,349187,25429,82527,3.2345307347437844,0.19116127806835082
7116,0.7179,4,70,4,256493,349117,25433,82523,3.2338823224276556,0.19118478361597627
7117,0.718,9,59,9,256552,349058,25442,82514,3.23333580347549,0.19119405336768835
7118,0.7181,18,113,18,256665,348945,25460,82496,3.2322890807365963,0.19121038566107532
7119,0.7182,6,54,6,256719,348891,25466,82490,3.2317888769498686,0.19122307194799956
7120,0.7183,17,82,17,256801,348809,25483,82473,3.231029308236689,0.19122754949197973
7121,0.7184,9,69,9,256870,348740,25492,82464,3.230390158953648,0.19124126863387167
7122,0.7185,28,137,28,257007,348603,25520,82436,3.229121123420653,0.19124951570507542
7123,0.7186,9,62,9,257069,348541,25529,82427,3.2285468153692247,0.19126013996398805
7124,0.7187,17,131,17,257200,348410,25546,82410,3.227333358034755,0.1912863841047305
7125,0.7188,14,77,14,257277,348333,25560,82396,3.2266201044870133,0.19129429409210896
7126,0.7189,8,48,8,257325,348285,25568,82388,3.226175478898811,0.19130059232875057
7127,0.719,16,105,16,257430,348180,25584,82372,3.2252028604246172,0.1913171928129471
7128,0.7191,13,89,13,257519,348091,25597,82359,3.224378450479825,0.19133232663491695
7129,0.7192,6,59,6,257578,348032,25603,82353,3.2238319315276596,0.19134728208464513
7130,0.7193,15,137,15,257715,347895,25618,82338,3.2225628959946646,0.19138001966376358
7131,0.7194,12,54,12,257769,347841,25630,82326,3.2220626922079365,0.1913814867249231
7132,0.7195,12,50,12,257819,347791,25642,82314,3.2215995405535587,0.1913811743643994
7133,0.7196,18,89,18,257908,347702,25660,82296,3.2207751306087666,0.19138693668342643
7134,0.7197,27,210,27,258118,347492,25687,82269,3.2188298936603803,0.1914296550873625
7135,0.7198,19,133,19,258251,347359,25706,82250,3.2175979102597356,0.19145315856976924
7136,0.7199,13,109,13,258360,347250,25719,82237,3.216588239653192,0.1914772740502041
7137,0.72,7,29,7,258389,347221,25726,82230,3.216319611693653,0.1914770253183716
7138,0.7201,8,39,8,258428,347182,25734,82222,3.2159583534032383,0.19147935277733788
7139,0.7202,11,94,11,258522,347088,25745,82211,3.2150876282930083,0.19150056254498612
7140,0.7203,11,73,11,258595,347015,25756,82200,3.214411426877617,0.1915124121943548
7141,0.7204,12,101,12,258696,346914,25768,82188,3.213475860535774,0.19153487981878434
7142,0.7205,13,70,13,258766,346844,25781,82175,3.212827448219645,0.19154163335423374
7143,0.7206,22,229,22,258995,346615,25803,82153,3.2107062136425952,0.19160245167549816
7144,0.7207,13,62,13,259057,346553,25816,82140,3.2101319055911666,0.19160564786455575
7145,0.7208,7,25,7,259082,346528,25823,82133,3.209900329763978,0.19160362150977112
7146,0.7209,12,147,12,259229,346381,25835,82121,3.2085386639001077,0.19164671343424303
7147,0.721,20,121,20,259350,346260,25855,82101,3.2074178368965134,0.1916631065853334
7148,0.7211,11,86,11,259436,346174,25866,82090,3.206621216050984,0.1916808323837633
7149,0.7212,8,111,8,259547,346063,25874,82082,3.205593019378265,0.19171542351306217
7150,0.7213,12,66,12,259613,345997,25886,82070,3.2049816591944866,0.1917223238418285
7151,0.7214,20,125,20,259738,345872,25906,82050,3.2038237800585425,0.19174055084805175
7152,0.7215,29,217,29,259955,345655,25935,82021,3.2018137018785433,0.19178303201488978
7153,0.7216,8,76,8,260031,345579,25943,82013,3.201109711363889,0.19180199816647645
7154,0.7217,6,32,6,260063,345547,25949,82007,3.200813294305087,0.19180501176459583
7155,0.7218,19,148,19,260211,345399,25968,81988,3.1994423654081294,0.1918355027176774
7156,0.7219,5,30,5,260241,345369,25973,81983,3.1991644744155026,0.19183951403058835
7157,0.722,15,59,15,260300,345310,25988,81968,3.198617955463337,0.19183763264198017
7158,0.7221,16,107,16,260407,345203,26004,81952,3.1976268109229684,0.1918554154814997
7159,0.7222,12,44,12,260451,345159,26016,81940,3.1972192374671162,0.19185247448483841
7160,0.7223,7,89,7,260540,345070,26023,81933,3.1963948275223237,0.19187921396336793
7161,0.7224,8,48,8,260588,345022,26031,81925,3.1959502019341213,0.19188564388554083
7162,0.7225,7,50,7,260638,344972,26038,81918,3.1954870502797434,0.19189486753027712
7163,0.7226,10,60,10,260698,344912,26048,81908,3.19493126829449,0.19190290989175765
7164,0.7227,13,66,13,260764,344846,26061,81895,3.1943199081107116,0.19190797228295384
7165,0.7228,10,61,10,260825,344785,26071,81885,3.193754863092371,0.19191646940258278
7166,0.7229,17,104,17,260929,344681,26088,81868,3.192791507651265,0.1919310559865338
7167,0.723,20,111,20,261040,344570,26108,81848,3.191763310978547,0.19194311684778786
7168,0.7231,19,105,19,261145,344465,26127,81829,3.1907906925043537,0.19195437890282294
7169,0.7232,18,185,18,261330,344280,26145,81811,3.1890770313831562,0.19200358608841772
7170,0.7233,15,168,15,261498,344112,26160,81796,3.187520841824447,0.1920508654451196
7171,0.7234,7,71,7,261569,344041,26167,81789,3.1868631664752307,0.1920696052415283
7172,0.7235,25,121,25,261690,343920,26192,81764,3.1857423394716364,0.19207675176891778
7173,0.7236,18,77,18,261767,343843,26210,81746,3.1850290859238948,0.19207733282580142
7174,0.7237,18,98,18,261865,343745,26228,81728,3.1841213086813145,0.1920873944997685
7175,0.7238,2,38,2,261903,343707,26230,81726,3.1837693134239875,0.1921007538202255
7176,0.7239,13,86,13,261989,343621,26243,81713,3.182972692578458,0.19211490264121844
7177,0.724,11,75,11,262064,343546,26254,81702,3.1822779650968913,0.19212788772669126
7178,0.7241,11,92,11,262156,343454,26265,81691,3.1814257660528362,0.19214856107916123
7179,0.7242,25,225,25,262381,343229,26290,81666,3.1793415836081365,0.19220277951023193
7180,0.7243,12,64,12,262445,343165,26302,81654,3.1787487494905333,0.19220891720944686
7181,0.7244,13,76,13,262521,343089,26315,81641,3.178044758975879,0.192218585925176
7182,0.7245,13,83,13,262604,343006,26328,81628,3.177275927229612,0.1922314275352421
7183,0.7246,10,84,10,262688,342922,26338,81618,3.1764978324502575,0.19225043576577
7184,0.7247,12,95,12,262783,342827,26350,81606,3.17561784430694,0.19227062928660119
7185,0.7248,7,62,7,262845,342765,26357,81599,3.1750435362555116,0.1922853964992318
7186,0.7249,10,62,10,262907,342703,26367,81589,3.174469228204083,0.19229445759052727
7187,0.725,14,88,14,262995,342615,26381,81575,3.1736540812923786,0.19230769230769232
7188,0.7251,5,24,5,263019,342591,26386,81570,3.173431768498277,0.19230905245885407
7189,0.7252,16,51,16,263070,342540,26402,81554,3.172959353810812,0.19230170669710017
7190,0.7253,14,65,14,263135,342475,26416,81540,3.1723572566601206,0.19230451752886102
7191,0.7254,9,76,9,263211,342399,26425,81531,3.1716532661454666,0.19232184558771495
7192,0.7255,10,43,10,263254,342356,26435,81521,3.1712549557227017,0.19232230104487857
7193,0.7256,19,101,19,263355,342255,26454,81502,3.1703193893808588,0.19233192608027713
7194,0.7257,17,248,17,263603,342007,26471,81485,3.1680221571751455,0.1924121352941732
7195,0.7258,9,110,9,263713,341897,26480,81476,3.1670032235355143,0.19244495988171187
7196,0.7259,13,33,13,263746,341864,26493,81463,3.1666975434436253,0.19243516241581568
7197,0.726,16,138,16,263884,341726,26509,81447,3.1654192448775427,0.19246738331604332
7198,0.7261,13,104,13,263988,341622,26522,81434,3.164455889436437,0.19248988313603874
7199,0.7262,10,95,10,264083,341527,26532,81424,3.1635759012931195,0.1925140264475081
7200,0.7263,15,126,15,264209,341401,26547,81409,3.1624087591240877,0.19254274969844612
7201,0.7264,13,86,13,264295,341315,26560,81396,3.161612138278558,0.1925570898320602
7202,0.7265,20,139,20,264434,341176,26580,81376,3.160324576679388,0.1925822147333346
7203,0.7266,8,54,8,264488,341122,26588,81368,3.15982437289266,0.19259154062818054
7204,0.7267,14,112,14,264600,341010,26602,81354,3.158786913186854,0.19261584794158593
7205,0.7268,3,48,3,264648,340962,26605,81351,3.1583422875986513,0.1926320051715197
7206,0.7269,18,83,18,264731,340879,26623,81333,3.1575734558523845,0.19263545327939519
7207,0.727,28,168,28,264899,340711,26651,81305,3.1560172662936754,0.19265857218683652
7208,0.7271,14,87,14,264986,340624,26665,81291,3.155211382415058,0.19267150966426888
7209,0.7272,16,121,16,265107,340503,26681,81275,3.154090555411464,0.1926961576943321
7210,0.7273,13,55,13,265162,340448,26694,81262,3.1535810885916487,0.19269640274122027
7211,0.7274,9,62,9,265224,340386,26703,81253,3.15300678054022,0.1927075057098608
7212,0.7275,13,81,13,265305,340305,26716,81240,3.152256474860128,0.1927196384727609
7213,0.7276,6,123,6,265428,340182,26722,81234,3.151117121790359,0.1927643943276952
7214,0.7277,16,187,16,265615,339995,26738,81218,3.1493849346029865,0.19281930994532456
7215,0.7278,16,59,16,265674,339936,26754,81202,3.148838415650821,0.19281565662561917
7216,0.7279,7,59,7,265733,339877,26761,81195,3.148291896698655,0.1928292548542767
7217,0.728,8,32,8,265765,339845,26769,81187,3.1479954796398535,0.1928285736001064
7218,0.7281,19,97,19,265862,339748,26788,81168,3.1470969654303604,0.1928365754687396
7219,0.7282,11,67,11,265929,339681,26799,81157,3.1464763422134943,0.1928461783394085
7220,0.7283,8,51,8,265980,339630,26807,81149,3.146003927526029,0.1928542061272069
7221,0.7284,10,58,10,266038,339572,26817,81139,3.145466671606951,0.1928616080872618
7222,0.7285,7,35,7,266073,339537,26824,81132,3.1451424654488864,0.1928642234155595
7223,0.7286,4,50,4,266123,339487,26828,81128,3.144679313794509,0.19287947410339623
7224,0.7287,17,164,17,266287,339323,26845,81111,3.14316017636815,0.1929220757598101
7225,0.7288,15,115,15,266402,339208,26860,81096,3.142094927563081,0.19294605809128632
7226,0.7289,11,41,11,266443,339167,26871,81085,3.1417151432064916,0.19294375755499082
7227,0.729,11,48,11,266491,339119,26882,81074,3.141270517618289,0.19294467066324283
7228,0.7291,12,73,12,266564,339046,26894,81062,3.1405943162028973,0.19295514486751025
7229,0.7292,5,65,5,266629,338981,26899,81057,3.1399922190522065,0.19297539746403897
7230,0.7293,19,130,19,266759,338851,26918,81038,3.1387880247508244,0.19299862582730198
7231,0.7294,13,70,13,266829,338781,26931,81025,3.1381396124346956,0.19300581697260163
7232,0.7295,18,172,18,267001,338609,26949,81007,3.1365463707436363,0.19305031266681918
7233,0.7296,26,130,26,267131,338479,26975,80981,3.135342176442254,0.19306012492251942
7234,0.7297,14,83,14,267214,338396,26989,80967,3.1345733446959874,0.19307139637974738
7235,0.7298,16,74,16,267288,338322,27005,80951,3.1338878802475083,0.19307467926625374
7236,0.7299,11,96,11,267384,338226,27016,80940,3.132998629071103,0.1930977226206324
7237,0.73,16,101,16,267485,338125,27032,80924,3.13206306272926,0.19311345451247944
7238,0.7301,9,44,9,267529,338081,27041,80915,3.131655489273408,0.19311640206589084
7239,0.7302,26,129,26,267658,337952,27067,80889,3.130460558005113,0.19312579236512184
7240,0.7303,24,148,24,267806,337804,27091,80865,3.1290896291081554,0.19314780888960015
7241,0.7304,21,137,21,267943,337667,27112,80844,3.1278205935751604,0.19317054987801993
7242,0.7305,18,202,18,268145,337465,27130,80826,3.125949460891474,0.19322911561568382
7243,0.7306,9,55,9,268200,337410,27139,80817,3.125439994071659,0.193237165462775
7244,0.7307,7,74,7,268274,337336,27146,80810,3.12475452962318,0.1932578573034299
7245,0.7308,12,87,12,268361,337249,27158,80798,3.1239486457445627,0.19327491884883757
7246,0.7309,9,62,9,268423,337187,27167,80789,3.1233743376931344,0.1932862173904722
7247,0.731,19,154,19,268577,337033,27186,80770,3.1219478305976507,0.19332077558083594
7248,0.7311,13,87,13,268664,336946,27199,80757,3.1211419467190336,0.19333593486280923
7249,0.7312,12,46,12,268710,336900,27211,80745,3.120715847197006,0.19333405164673348
7250,0.7313,9,60,9,268770,336840,27220,80736,3.120160065211753,0.19334444508305074
7251,0.7314,11,103,11,268873,336737,27231,80725,3.119205972803735,0.19337089363822335
7252,0.7315,13,91,13,268964,336646,27244,80712,3.1183630367927675,0.19338793074530738
7253,0.7316,13,60,13,269024,336586,27257,80699,3.117807254807514,0.19339060833722754
7254,0.7317,18,136,18,269160,336450,27275,80681,3.116547482307607,0.19341885402907
7255,0.7318,22,140,22,269300,336310,27297,80659,3.1152506576753494,0.1934412390369548
7256,0.7319,6,67,6,269367,336243,27303,80653,3.114630034458483,0.19346071922014124
7257,0.732,16,122,16,269489,336121,27319,80637,3.1134999444218017,0.1934863877837978
7258,0.7321,8,56,8,269545,336065,27327,80629,3.1129812145688986,0.19349690660292684
7259,0.7322,17,116,17,269661,335949,27344,80612,3.1119067027307423,0.19351787613338742
7260,0.7323,18,150,18,269811,335799,27362,80594,3.110517247767609,0.19355272543006247
7261,0.7324,9,71,9,269882,335728,27371,80585,3.109859572418393,0.19356830077369672
7262,0.7325,21,140,21,270022,335588,27392,80564,3.1085627477861353,0.19359272573482766
7263,0.7326,14,41,14,270063,335547,27406,80550,3.1081829634295453,0.1935846689594013
7264,0.7327,14,67,14,270130,335480,27420,80536,3.107562340212679,0.19358870812661053
7265,0.7328,9,47,9,270177,335433,27429,80527,3.1071269776575643,0.193593133955188
7266,0.7329,23,173,23,270350,335260,27452,80504,3.1055244729334173,0.19362907803465426
7267,0.733,14,117,14,270467,335143,27466,80490,3.1044406980621733,0.19365642285381574
7268,0.7331,20,151,20,270618,334992,27486,80470,3.103041980065953,0.1936879907187661
7269,0.7332,11,106,11,270724,334886,27497,80459,3.102060098558672,0.19371606736568395
7270,0.7333,15,104,15,270828,334782,27512,80444,3.1010967431175662,0.19373545972554704
7271,0.7334,6,49,6,270877,334733,27518,80438,3.100642854496276,0.1937466730576076
7272,0.7335,11,71,11,270948,334662,27529,80427,3.09998517914706,0.19375844698365893
7273,0.7336,9,75,9,271023,334587,27538,80418,3.0992904516654933,0.19377597860266743
7274,0.7337,26,174,26,271197,334413,27564,80392,3.097678683908259,0.19380672846277167
7275,0.7338,12,86,12,271283,334327,27576,80380,3.096882063062729,0.19382359111372607
7276,0.7339,6,43,6,271326,334284,27582,80374,3.0964837526399642,0.1938320254281842
7277,0.734,20,195,20,271521,334089,27602,80354,3.0946774611878913,0.1938843218488429
7278,0.7341,10,45,10,271566,334044,27612,80344,3.0942606246989515,0.1938859233375484
7279,0.7342,15,54,15,271620,333990,27627,80329,3.0937604209122234,0.19388200879032821
7280,0.7343,12,79,12,271699,333911,27639,80317,3.093028641298307,0.1938956323570594
7281,0.7344,8,52,8,271751,333859,27647,80309,3.092546963577754,0.19390440594155028
7282,0.7345,5,83,5,271834,333776,27652,80304,3.0917781318314868,0.19393353941267388
7283,0.7346,5,64,5,271898,333712,27657,80299,3.0911852977138836,0.19395378383666134
7284,0.7347,14,111,14,272009,333601,27671,80285,3.090157101041165,0.19397853515219166
7285,0.7348,14,58,14,272067,333543,27685,80271,3.089619845122087,0.19397845408806855
7286,0.7349,19,127,19,272194,333416,27704,80252,3.0884434399199674,0.19400098629819082
7287,0.735,34,177,34,272371,333239,27738,80218,3.08680388306347,0.19401775759026937
7288,0.7351,16,100,16,272471,333139,27754,80202,3.085877579754715,0.19403349776576725
7289,0.7352,14,93,14,272564,333046,27768,80188,3.0850161176775726,0.19404986036966948
7290,0.7353,10,47,10,272611,332999,27778,80178,3.0845807551224573,0.19405242789409866
7291,0.7354,5,53,5,272664,332946,27783,80173,3.084089814368817,0.19406756890871638
7292,0.7355,14,131,14,272795,332815,27797,80159,3.082876357034347,0.19410180786199616
7293,0.7356,4,111,4,272906,332704,27801,80155,3.081848160361629,0.19414618550158771
7294,0.7357,10,53,10,272959,332651,27811,80145,3.0813572196079884,0.19415159061618814
7295,0.7358,4,70,4,273029,332581,27815,80141,3.0807088072918596,0.1941767097465122
7296,0.7359,8,85,8,273114,332496,27823,80133,3.0799214494794174,0.19420108620576837
7297,0.736,16,126,16,273240,332370,27839,80117,3.0787543073103856,0.19422915146416736
7298,0.7361,22,88,22,273328,332282,27861,80095,3.0779391603986808,0.1942276121122177
7299,0.7362,8,75,8,273403,332207,27869,80087,3.0772444329171145,0.1942473089591408
7300,0.7363,13,105,13,273508,332102,27882,80074,3.0762718144429213,0.1942713792166453
7301,0.7364,10,42,10,273550,332060,27892,80064,3.075882767053244,0.19427162698605274
7302,0.7365,22,156,22,273706,331904,27914,80042,3.0744377338915854,0.19430216581784993
7303,0.7366,24,120,24,273826,331784,27938,80018,3.0733261699210788,0.194311829471445
7304,0.7367,20,128,20,273954,331656,27958,79998,3.072140501685872,0.1943331049862263
7305,0.7368,12,99,12,274053,331557,27970,79986,3.071223461410204,0.1943563613036791
7306,0.7369,19,103,19,274156,331454,27989,79967,3.0702693690021863,0.19436781301878125
7307,0.737,14,121,14,274277,331333,28003,79953,3.069148541998592,0.19439757249213444
7308,0.7371,13,92,13,274369,331241,28016,79940,3.068296342954537,0.19441559799698915
7309,0.7372,10,110,10,274479,331131,28026,79930,3.0672774093149062,0.1944480259620835
7310,0.7373,24,146,24,274625,330985,28050,79906,3.065925006484123,0.19447006627061678
7311,0.7374,13,94,13,274719,330891,28063,79893,3.065054281373893,0.19448907455012854
7312,0.7375,20,113,20,274832,330778,28083,79873,3.0640075586349993,0.19450336173539087
7313,0.7376,13,110,13,274942,330668,28096,79860,3.0629886249953686,0.19452997115909268
7314,0.7377,5,84,5,275026,330584,28101,79855,3.062210530216014,0.1945599711528388
7315,0.7378,7,86,7,275112,330498,28108,79848,3.061413909370484,0.19458700706233276
7316,0.7379,9,45,9,275157,330453,28117,79839,3.0609970728815443,0.19459068175835748
7317,0.738,11,95,11,275252,330358,28128,79828,3.0601170847382266,0.19461415065360593
7318,0.7381,21,162,21,275414,330196,28149,79807,3.0586164733780428,0.19464979524540063
7319,0.7382,9,63,9,275477,330133,28158,79798,3.058032902293527,0.1946620284877211
7320,0.7383,13,167,13,275644,329966,28171,79785,3.0564859757679055,0.19471581521460593
7321,0.7384,12,141,12,275785,329825,28183,79773,3.0551798881025602,0.19475925175415895
7322,0.7385,7,15,7,275800,329810,28190,79766,3.055040942606247,0.19475262222395842
7323,0.7386,18,83,18,275883,329727,28208,79748,3.05427211085998,0.19475670065327555
7324,0.7387,7,114,7,275997,329613,28215,79741,3.053216125087999,0.19479716822114845
7325,0.7388,30,250,30,276247,329363,28245,79711,3.0509003668161103,0.194857165207273
7326,0.7389,19,139,19,276386,329224,28264,79692,3.0496128052169404,0.19488599125492767
7327,0.739,9,97,9,276483,329127,28273,79683,3.0487142910074474,0.194914507962134
7328,0.7391,17,79,17,276562,329048,28290,79666,3.047982511393531,0.194918696203213
7329,0.7392,14,69,14,276631,328979,28304,79652,3.0473433621104893,0.1949240268114754
7330,0.7393,15,80,15,276711,328899,28319,79637,3.046602319463485,0.19493263751542092
7331,0.7394,20,166,20,276877,328733,28339,79617,3.0450646559709513,0.19497245010407738
7332,0.7395,8,58,8,276935,328675,28347,79609,3.044527400051873,0.19498437362228252
7333,0.7396,29,180,29,277115,328495,28376,79580,3.042860054096113,0.19501317159835815
7334,0.7397,8,59,8,277174,328436,28384,79572,3.0423135351439474,0.19502558773357384
7335,0.7398,16,134,16,277308,328302,28400,79556,3.041072288710215,0.19505808394097945
7336,0.7399,6,72,6,277380,328230,28406,79550,3.0404053503279114,0.19508068075923293
7337,0.74,12,89,12,277469,328141,28418,79538,3.039580940383119,0.19509957589181684
7338,0.7401,10,76,10,277545,328065,28428,79528,3.038876949868465,0.19511620660806245
7339,0.7402,11,57,11,277602,328008,28439,79517,3.038348956982474,0.19512177167044967
7340,0.7403,27,169,27,277771,327839,28466,79490,3.036783504390678,0.1951493755661885
7341,0.7404,10,127,10,277898,327712,28476,79480,3.0356070991885584,0.1951904752549166
7342,0.7405,6,74,6,277972,327638,28482,79474,3.0349216347400794,0.19521409341901
7343,0.7406,20,121,20,278093,327517,28502,79454,3.033800807736485,0.19523258413990185
7344,0.7407,7,42,7,278135,327475,28509,79447,3.033411760346808,0.19523889099139394
7345,0.7408,13,79,13,278214,327396,28522,79434,3.0326799807328912,0.19525108767789986
7346,0.7409,25,248,25,278462,327148,28547,79409,3.030382748527178,0.19532070533775092
7347,0.741,18,148,18,278610,327000,28565,79391,3.02901181963022,0.19535619637245905
7348,0.7411,6,39,6,278649,326961,28571,79385,3.028650561339805,0.19536306497418457
7349,0.7412,12,115,12,278764,326846,28583,79373,3.0275853125347365,0.19539460241889228
7350,0.7413,15,102,15,278866,326744,28598,79358,3.026640483159806,0.19541396003959596
7351,0.7414,19,83,19,278949,326661,28617,79339,3.0258716514135386,0.19541625615763547
7352,0.7415,7,49,7,278998,326612,28624,79332,3.0254177627922485,0.19542597008454368
7353,0.7416,7,35,7,279033,326577,28631,79325,3.025093556634184,0.19542894590319831
7354,0.7417,13,110,13,279143,326467,28644,79312,3.0240746229945534,0.195456147311714
7355,0.7418,4,69,4,279212,326398,28648,79308,3.023435473711512,0.19548145701567143
7356,0.7419,19,121,19,279333,326277,28667,79289,3.022314646707918,0.19550208843936623
7357,0.742,12,95,12,279428,326182,28679,79277,3.0214346585646004,0.1955240850492898
7358,0.7421,22,133,22,279561,326049,28701,79255,3.0202026751639557,0.19554457888399818
7359,0.7422,13,80,13,279641,325969,28714,79242,3.0194616325169514,0.1955573762805057
7360,0.7423,14,66,14,279707,325903,28728,79228,3.018850272333173,0.1955614356837665
7361,0.7424,15,98,15,279805,325805,28743,79213,3.0179424950905926,0.19557896192267998
7362,0.7425,14,89,14,279894,325716,28757,79199,3.0171180851458,0.1955941370411074
7363,0.7426,9,38,9,279932,325678,28766,79190,3.016766089888473,0.19559461355305927
7364,0.7427,28,110,28,280042,325568,28794,79162,3.015747156248842,0.19559212314382426
7365,0.7428,21,157,21,280199,325411,28815,79141,3.014292860054096,0.1956262730131108
7366,0.7429,8,80,8,280279,325331,28823,79133,3.013551817407092,0.19564905652913486
7367,0.743,14,75,14,280354,325256,28837,79119,3.012857089925525,0.19565749613601235
7368,0.7431,20,98,20,280452,325158,28857,79099,3.011949312682945,0.19566513381339098
7369,0.7432,22,101,22,280553,325057,28879,79077,3.011013746341102,0.1956702479870538
7370,0.7433,13,102,13,280655,324955,28892,79064,3.0100689169661714,0.19569376687730033
7371,0.7434,12,63,12,280718,324892,28904,79052,3.0094853458816555,0.19570039411403561
7372,0.7435,17,194,17,280912,324698,28921,79035,3.00768831746267,0.1957605645315097
7373,0.7436,10,29,10,280941,324669,28931,79025,3.007419689503131,0.19575470529658603
7374,0.7437,13,79,13,281020,324590,28944,79012,3.006687909889214,0.19576711711042066
7375,0.7438,17,151,17,281171,324439,28961,78995,3.0052891918929934,0.19580650118730697
7376,0.7439,13,74,13,281245,324365,28974,78982,3.0046037274445143,0.19581650539113965
7377,0.744,11,94,11,281339,324271,28985,78971,3.0037330023342843,0.1958402150569633
7378,0.7441,15,61,15,281400,324210,29000,78956,3.0031679573159433,0.19583992697796937
7379,0.7442,13,127,13,281527,324083,29013,78943,3.0019915521138243,0.19587570032702606
7380,0.7443,17,102,17,281629,323981,29030,78926,3.0010467227388937,0.19589135954451029
7381,0.7444,9,85,9,281714,323896,29039,78917,3.0002593649264515,0.19591472966364046
7382,0.7445,8,58,8,281772,323838,29047,78909,2.9997221090073736,0.19592697152306535
7383,0.7446,3,38,3,281810,323800,29050,78906,2.999370113750046,0.19593946948890753
7384,0.7447,10,69,10,281879,323731,29060,78896,2.998730964467005,0.19595307815918953
7385,0.7448,27,202,27,282081,323529,29087,78869,2.9968598317833193,0.19599749501737085
7386,0.7449,10,75,10,282156,323454,29097,78859,2.9961651043017525,0.1960140487630278
7387,0.745,13,144,13,282300,323310,29110,78846,2.9948312275371447,0.19605824605377017
7388,0.7451,8,60,8,282360,323250,29118,78838,2.9942754455518914,0.1960715067348441
7389,0.7452,17,64,17,282424,323186,29135,78821,2.993682611434288,0.19606872517145224
7390,0.7453,12,82,12,282506,323104,29147,78809,2.9929230427211087,0.19608472480362665
7391,0.7454,7,48,7,282554,323056,29154,78802,2.992478417132906,0.1960941427071254
7392,0.7455,15,98,15,282652,322958,29169,78787,2.991570639890326,0.19611196156766109
7393,0.7456,29,189,29,282841,322769,29198,78758,2.9898199266367778,0.19614621183631487
7394,0.7457,6,51,6,282892,322718,29204,78752,2.9893475119493127,0.1961591152514509
7395,0.7458,22,154,22,283046,322564,29226,78730,2.9879210048538294,0.19619032430088662
7396,0.7459,38,187,38,283233,322377,29264,78692,2.9861888176664566,0.1962056404259616
7397,0.746,9,59,9,283292,322318,29273,78683,2.985642298714291,0.196216468288109
7398,0.7461,10,129,10,283421,322189,29283,78673,2.9844473674459966,0.19625956064680614
7399,0.7462,11,90,11,283511,322099,29294,78662,2.983613694468117,0.19628157430488496
7400,0.7463,11,55,11,283566,322044,29305,78651,2.983104227648301,0.1962864522891476
7401,0.7464,10,81,10,283647,321963,29315,78641,2.982353921968209,0.19630607782248805
7402,0.7465,12,66,12,283713,321897,29327,78629,2.9817425617844306,0.19631434663417605
7403,0.7466,18,80,18,283793,321817,29345,78611,2.9810015191374264,0.19631744033883744
7404,0.7467,10,62,10,283855,321755,29355,78601,2.980427211085998,0.19632776828622525
7405,0.7468,14,62,14,283917,321693,29369,78587,2.9798529030345695,0.1963300689517338
7406,0.7469,11,100,11,284017,321593,29380,78576,2.9789265997258143,0.19635703915095873
7407,0.747,9,92,9,284109,321501,29389,78567,2.978074400681759,0.1963841147005009
7408,0.7471,11,95,11,284204,321406,29400,78556,2.9771944125384415,0.19640865882258815
7409,0.7472,14,134,14,284338,321272,29414,78542,2.975953166104709,0.1964463475516115
7410,0.7473,26,155,26,284493,321117,29440,78516,2.9745173959761386,0.19647026146489405
7411,0.7474,37,129,37,284622,320988,29477,78479,2.973322464707844,0.19645928199325602
7412,0.7475,13,120,13,284742,320868,29490,78466,2.9722109007373376,0.1964921594454767
7413,0.7476,15,114,15,284856,320754,29505,78451,2.971154914965356,0.1965180796833707
7414,0.7477,7,38,7,284894,320716,29512,78444,2.9708029197080292,0.1965226976650967
7415,0.7478,14,58,14,284952,320658,29526,78430,2.970265663788951,0.19652307260554064
7416,0.7479,8,64,8,285016,320594,29534,78422,2.9696728296713477,0.19653848467229385
7417,0.748,11,77,11,285093,320517,29545,78411,2.968959576123606,0.19655426543135604
7418,0.7481,10,60,10,285153,320457,29555,78401,2.9684037941383528,0.19656368933304585
7419,0.7482,19,91,19,285244,320366,29574,78382,2.9675608581273853,0.1965702649292285
7420,0.7483,22,203,22,285447,320163,29596,78360,2.965680462410612,0.19662604165882522
7421,0.7484,15,166,15,285613,319997,29611,78345,2.9641427989180777,0.1966777291874821
7422,0.7485,17,102,17,285715,319895,29628,78328,2.963197969543147,0.19669381226096935
7423,0.7486,10,86,10,285801,319809,29638,78318,2.9624013486976177,0.19671612324710458
7424,0.7487,9,88,9,285889,319721,29647,78309,2.961586201785913,0.19674145164937315
7425,0.7488,16,108,16,285997,319613,29663,78293,2.9605857942124567,0.19676255195950804
7426,0.7489,19,107,19,286104,319506,29682,78274,2.9595946496720886,0.19677711297702247
7427,0.749,21,207,21,286311,319299,29703,78253,2.957677201822965,0.19683714331710064
7428,0.7491,13,151,13,286462,319148,29716,78240,2.956278483826744,0.1968856633818837
7429,0.7492,14,87,14,286549,319061,29730,78226,2.955472599948127,0.1969004774885662
7430,0.7493,13,64,13,286613,318997,29743,78213,2.9548797658305235,0.19690591878351502
7431,0.7494,15,119,15,286732,318878,29758,78198,2.9537774648931046,0.19693459186654444
7432,0.7495,15,118,15,286850,318760,29773,78183,2.9526844269887733,0.19696278810811627
7433,0.7496,11,102,11,286952,318658,29784,78172,2.9517395976138427,0.19699115490260313
7434,0.7497,17,74,17,287026,318584,29801,78155,2.9510541331653637,0.19699348942251707
7435,0.7498,19,130,19,287156,318454,29820,78136,2.9498499388639816,0.19701959202198743
7436,0.7499,14,81,14,287237,318373,29834,78122,2.9490996331838897,0.1970314884172562
7437,0.75,22,192,22,287429,318181,29856,78100,2.9473211308310794,0.19708237336637385
7438,0.7501,15,39,15,287468,318142,29871,78085,2.9469598725406647,0.19707137575177866
7439,0.7502,16,90,16,287558,318052,29887,78069,2.946126199562785,0.19708371936857677
7440,0.7503,28,106,28,287664,317946,29915,78041,2.945144318055504,0.19707970211143294
7441,0.7504,8,70,8,287734,317876,29923,78033,2.9444959057393754,0.19709832309950015
7442,0.7505,16,104,16,287838,317772,29939,78017,2.94353255029827,0.1971176561248544
7443,0.7506,14,138,14,287976,317634,29953,78003,2.9422542517321872,0.1971580008947596
7444,0.7507,14,97,14,288073,317537,29967,77989,2.9413557375226946,0.19717793520527097
7445,0.7508,21,128,21,288201,317409,29988,77968,2.9401700692874875,0.19719912893263897
7446,0.7509,12,101,12,288302,317308,30000,77956,2.9392345029456446,0.1972251457253886
7447,0.751,21,152,21,288454,317156,30021,77935,2.937826521916336,0.1972583531388971
7448,0.7511,6,44,6,288498,317112,30027,77929,2.937418948460484,0.19726813166228316
7449,0.7512,15,99,15,288597,317013,30042,77914,2.936501908184816,0.19728709356412705
7450,0.7513,12,59,12,288656,316954,30054,77902,2.9359553892326504,0.19729217740138177
7451,0.7514,14,83,14,288739,316871,30068,77888,2.935186557486383,0.1973051912685968
7452,0.7515,6,138,6,288877,316733,30074,77882,2.933908258920301,0.19736198573292957
7453,0.7516,18,130,18,289007,316603,30092,77864,2.932704064618919,0.19739040274598382
7454,0.7517,17,101,17,289108,316502,30109,77847,2.931768498277076,0.1974063583272685
7455,0.7518,17,86,17,289194,316416,30126,77830,2.930971877431546,0.1974148120716507
7456,0.7519,11,49,11,289243,316367,30137,77819,2.930517988810256,0.19741695544742838
7457,0.752,26,169,26,289412,316198,30163,77793,2.928952536218459,0.19744867268541666
7458,0.7521,17,83,17,289495,316115,30180,77776,2.9281837044721923,0.19745564128147128
7459,0.7522,8,67,8,289562,316048,30188,77768,2.927563081255326,0.1974729315213196
7460,0.7523,8,49,8,289611,315999,30196,77760,2.927109192634036,0.19748120042970446
7461,0.7524,38,191,38,289802,315808,30234,77722,2.9253399533143134,0.1974995553070922
7462,0.7525,24,183,24,289985,315625,30258,77698,2.923644818259291,0.19754247781085774
7463,0.7526,11,90,11,290075,315535,30269,77687,2.9228111452814107,0.1975652430433699
7464,0.7527,29,90,29,290165,315445,30298,77658,2.921977472303531,0.197551277909352
7465,0.7528,23,141,23,290306,315304,30321,77635,2.9206713846381858,0.19757519615003855
7466,0.7529,17,99,17,290405,315205,30338,77618,2.9197543443625182,0.19759026329924673
7467,0.753,17,64,17,290469,315141,30355,77601,2.9191615102449147,0.1975877293490383
7468,0.7531,25,164,25,290633,314977,30380,77576,2.917642372818556,0.19761917499038345
7469,0.7532,17,70,17,290703,314907,30397,77559,2.916993960502427,0.19761966641696352
7470,0.7533,16,118,16,290821,314789,30413,77543,2.9159009225980954,0.19764638112618904
7471,0.7534,19,117,19,290938,314672,30432,77524,2.914817147726852,0.19766647288600597
7472,0.7535,16,92,16,291030,314580,30448,77508,2.9139649486827968,0.19768011262777743
7473,0.7536,28,252,28,291282,314328,30476,77480,2.911630664344733,0.197749918327344
7474,0.7537,18,135,18,291417,314193,30494,77462,2.910380154877913,0.19778121050414268
7475,0.7538,10,151,10,291568,314042,30504,77452,2.9089814368816924,0.19783700388767134
7476,0.7539,11,66,11,291634,313976,30515,77441,2.908370076697914,0.19784781958882727
7477,0.754,13,88,13,291722,313888,30528,77428,2.907554929786209,0.19786566355579635
7478,0.7541,21,94,21,291816,313794,30549,77407,2.906684204675979,0.19787014859368968
7479,0.7542,22,158,22,291974,313636,30571,77385,2.9052206454481455,0.19790497185573153
7480,0.7543,23,89,23,292063,313547,30594,77362,2.904396235503353,0.19790283672158993
7481,0.7544,10,87,10,292150,313460,30604,77352,2.903590351624736,0.1979263686887813
7482,0.7545,17,95,17,292245,313365,30621,77335,2.902710363481418,0.19793959559764526
7483,0.7546,5,47,5,292292,313318,30626,77330,2.9022750009263034,0.19795314451885074
7484,0.7547,17,142,17,292434,313176,30643,77313,2.9009596502278705,0.19799021227230473
7485,0.7548,19,103,19,292537,313073,30662,77294,2.9000055578198527,0.19800341729705637
7486,0.7549,23,135,23,292672,312938,30685,77271,2.8987550483530327,0.19802464832948496
7487,0.755,12,73,12,292745,312865,30697,77259,2.8980788469376413,0.1980370343788129
7488,0.7551,15,139,15,292884,312726,30712,77244,2.8967912853384714,0.19807677513654898
7489,0.7552,10,109,10,292993,312617,30722,77234,2.895781614731928,0.19811158622140254
7490,0.7553,16,128,16,293121,312489,30738,77218,2.894595946496721,0.19814373362551865
7491,0.7554,19,109,19,293230,312380,30757,77199,2.8935862758901774,0.19816006509591122
7492,0.7555,26,93,26,293323,312287,30783,77173,2.892724813813035,0.19815385405433164
7493,0.7556,7,65,7,293388,312222,30790,77166,2.8921227166623438,0.1981725168726309
7494,0.7557,12,58,12,293446,312164,30802,77154,2.891585460743266,0.19817732547685954
7495,0.7558,14,70,14,293516,312094,30816,77140,2.890937048427137,0.19818412574441083
7496,0.7559,16,115,16,293631,311979,30832,77124,2.8898717996220684,0.19820972852946392
7497,0.756,10,34,10,293665,311945,30842,77114,2.8895568564970913,0.19820644169650362
7498,0.7561,18,103,18,293768,311842,30860,77096,2.8886027640890735,0.1982218245581558
7499,0.7562,7,111,7,293879,311731,30867,77089,2.8875745674163547,0.1982639781904223
7500,0.7563,32,140,32,294019,311591,30899,77057,2.886277742784097,0.19826938515057327
7501,0.7564,27,179,27,294198,311412,30926,77030,2.884619659861425,0.19830502365861571
7502,0.7565,8,51,8,294249,311361,30934,77022,2.88414724517396,0.19831455032789796
7503,0.7566,17,84,17,294333,311277,30951,77005,2.8833691503946053,0.19832235334112835
7504,0.7567,22,151,22,294484,311126,30973,76983,2.8819704323983846,0.1983540706347959
7505,0.7568,9,64,9,294548,311062,30982,76974,2.881377598280781,0.19836819264191982
7506,0.7569,7,46,7,294594,311016,30989,76967,2.8809514987587534,0.19837724848769148
7507,0.757,12,80,12,294674,310936,31001,76955,2.880210456111749,0.19839336308395916
7508,0.7571,16,96,16,294770,310840,31017,76939,2.879321204935344,0.19840940329414433
7509,0.7572,12,81,12,294851,310759,31029,76927,2.8785708992552523,0.19842604582058676
7510,0.7573,11,114,11,294965,310645,31040,76916,2.877514913483271,0.1984616615190899
7511,0.7574,10,55,10,295020,310590,31050,76906,2.8770054466634556,0.1984691454879534
7512,0.7575,10,42,10,295062,310548,31060,76896,2.8766163992737783,0.19846997243472606
7513,0.7576,23,137,23,295199,310411,31083,76873,2.8753473637407834,0.19849257908924717
7514,0.7577,31,178,31,295377,310233,31114,76842,2.873698543851199,0.19851966673125362
7515,0.7578,14,79,14,295456,310154,31128,76828,2.872966764237282,0.19853119783349096
7516,0.7579,18,120,18,295576,310034,31146,76810,2.871855200266775,0.19855549006834797
7517,0.758,27,224,27,295800,309810,31173,76783,2.869780280855163,0.19861456363669286
7518,0.7581,13,127,13,295927,309683,31186,76770,2.8686038756530436,0.19865287628767275
7519,0.7582,16,109,16,296036,309574,31202,76754,2.8675942050465006,0.19867573667971258
7520,0.7583,25,222,25,296258,309352,31227,76729,2.8655378117010635,0.1987380886394306
7521,0.7584,14,114,14,296372,309238,31241,76715,2.864481825929082,0.19876772560389477
7522,0.7585,16,149,16,296521,309089,31257,76699,2.8631016339990367,0.19881126421765322
7523,0.7586,33,214,33,296735,308875,31290,76666,2.8611193449183,0.19885304027327833
7524,0.7587,6,79,6,296814,308796,31296,76660,2.860387565304383,0.19888132497613217
7525,0.7588,15,133,15,296947,308663,31311,76645,2.8591555819037384,0.19891878704828345
7526,0.7589,7,67,7,297014,308596,31318,76638,2.8585349586868722,0.19893882679098937
7527,0.759,33,241,33,297255,308355,31351,76605,2.856302567712772,0.19899470074812967
7528,0.7591,23,157,23,297412,308198,31374,76582,2.854848271518026,0.19902801600914807
7529,0.7592,20,137,20,297549,308061,31394,76562,2.853579235985031,0.1990572586662784
7530,0.7593,14,131,14,297680,307930,31408,76548,2.852365778650561,0.1990959170615744
7531,0.7594,19,162,19,297842,307768,31427,76529,2.8508651672903778,0.1991402482975407
7532,0.7595,10,72,10,297914,307696,31437,76519,2.8501982289080736,0.19915672214775582
7533,0.7596,13,136,13,298050,307560,31450,76506,2.8489384564081663,0.19920013747637125
7534,0.7597,16,115,16,298165,307445,31466,76490,2.8478732076030977,0.1992264315574251
7535,0.7598,30,239,30,298404,307206,31496,76460,2.845659342695172,0.19928792230742365
7536,0.7599,23,150,23,298554,307056,31519,76437,2.844269887732039,0.19931784934796723
7537,0.76,19,106,19,298660,306950,31538,76418,2.8432880062247583,0.19933327768619186
7538,0.7601,21,175,21,298835,306775,31559,76397,2.8416669754344364,0.199380434896078
7539,0.7602,12,71,12,298906,306704,31571,76385,2.84100930008522,0.19939230831477803
7540,0.7603,20,159,20,299065,306545,31591,76365,2.8395364778242986,0.19943328719542452
7541,0.7604,15,109,15,299174,306436,31606,76350,2.838526807217755,0.1994587053862994
7542,0.7605,6,72,6,299246,306364,31612,76344,2.8378598688354515,0.19948367946319387
7543,0.7606,12,70,12,299316,306294,31624,76332,2.8372114565193227,0.19949506829122957
7544,0.7607,14,121,14,299437,306173,31638,76318,2.8360906295157284,0.19952887780366074
7545,0.7608,23,165,23,299602,306008,31661,76295,2.834562229056282,0.19956683572977454
7546,0.7609,24,95,24,299697,305913,31685,76271,2.8336822409129647,0.19956617754798736
7547,0.761,25,193,25,299890,305720,31710,76246,2.8318944755270667,0.1996146253855055
7548,0.7611,5,55,5,299945,305665,31715,76241,2.831385008707251,0.19963289395819914
7549,0.7612,14,75,14,300020,305590,31729,76227,2.8306902812256847,0.19964276079902152
7550,0.7613,15,108,15,300128,305482,31744,76212,2.829689873652229,0.19966779671674167
7551,0.7614,24,199,24,300327,305283,31768,76188,2.8278465300678053,0.19972160400135267
7552,0.7615,19,121,19,300448,305162,31787,76169,2.8267257030642114,0.1997451033354225
7553,0.7616,22,189,22,300637,304973,31809,76147,2.8249749898106638,0.1997979638958858
7554,0.7617,16,114,16,300751,304859,31825,76131,2.8239190040386823,0.19982414236594137
7555,0.7618,11,53,11,300804,304806,31836,76120,2.823428063285042,0.1998288381470417
7556,0.7619,29,150,29,300954,304656,31865,76091,2.822038608321909,0.19984661730755593
7557,0.762,29,209,29,301163,304447,31894,76062,2.8201026344066102,0.1998954032624721
7558,0.7621,10,117,10,301280,304330,31904,76052,2.8190188595353662,0.19993585395733762
7559,0.7622,20,123,20,301403,304207,31924,76032,2.817879506465597,0.19995844718716385
7560,0.7623,10,104,10,301507,304103,31934,76022,2.8169161510244916,0.19999210785925683
7561,0.7624,16,104,16,301611,303999,31950,76006,2.8159527955833856,0.20001315772160894
7562,0.7625,27,160,27,301771,303839,31977,75979,2.814470710289377,0.20004054573506258
7563,0.7626,28,182,28,301953,303657,32005,75951,2.8127848382674423,0.200077448315104
7564,0.7627,13,63,13,302016,303594,32018,75938,2.8122012671829264,0.20008326043653762
7565,0.7628,21,186,21,302202,303408,32039,75917,2.8104783430286413,0.20013708561260132
7566,0.7629,6,40,6,302242,303368,32045,75911,2.810107821705139,0.20014553929956574
7567,0.763,20,115,20,302357,303253,32065,75891,2.8090425729000703,0.20016405376321397
7568,0.7631,5,55,5,302412,303198,32070,75886,2.808533106080255,0.20018254529339144
7569,0.7632,14,114,14,302526,303084,32084,75872,2.8074771203082736,0.20021321736560446
7570,0.7633,9,115,9,302641,302969,32093,75863,2.806411871503205,0.20025499429826413
7571,0.7634,18,112,18,302753,302857,32111,75845,2.805374411797399,0.20027620662156523
7572,0.7635,20,126,20,302879,302731,32131,75825,2.804207269628367,0.20030061602510593
7573,0.7636,30,174,30,303053,302557,32161,75795,2.802595501871133,0.20032932295851483
7574,0.7637,19,90,19,303143,302467,32180,75776,2.8017618288932526,0.2003368205095666
7575,0.7638,26,167,26,303310,302300,32206,75750,2.8002149023676313,0.20037032138606004
7576,0.7639,17,118,17,303428,302182,32223,75733,2.7991218644633,0.20039691465011975
7577,0.764,18,168,18,303596,302014,32241,75715,2.797565674904591,0.2004479401899245
7578,0.7641,28,126,28,303722,301888,32269,75687,2.7963985327355587,0.20045553863470833
7579,0.7642,20,137,20,303859,301751,32289,75667,2.795129497202564,0.2004859333683078
7580,0.7643,11,107,11,303966,301644,32300,75656,2.7941383526621957,0.20051948051948051
7581,0.7644,8,34,8,304000,301610,32308,75648,2.793823409537219,0.2005205986354166
7582,0.7645,15,74,15,304074,301536,32323,75633,2.79313794508874,0.20052814520811627
7583,0.7646,25,148,25,304222,301388,32348,75608,2.791767016191782,0.20055385203026027
7584,0.7647,17,148,17,304370,301240,32365,75591,2.7903960872948237,0.20059655389285913
7585,0.7648,19,152,19,304522,301088,32384,75572,2.7889881062655157,0.20063717941910475
7586,0.7649,27,164,27,304686,300924,32411,75545,2.7874689688391565,0.2006672528149728
7587,0.765,12,137,12,304823,300787,32423,75533,2.7861999333061616,0.20071481717687076
7588,0.7651,20,96,20,304919,300691,32443,75513,2.7853106821297566,0.20072354360931835
7589,0.7652,25,204,25,305123,300487,32468,75488,2.7834210233798955,0.2007793071347829
7590,0.7653,23,163,23,305286,300324,32491,75465,2.7819111489866244,0.20081748002203365
7591,0.7654,20,133,20,305419,300191,32511,75445,2.7806791655859793,0.2008460317967394
7592,0.7655,16,84,16,305503,300107,32527,75429,2.7799010708066247,0.20085690852541435
7593,0.7656,17,139,17,305642,299968,32544,75412,2.778613509207455,0.2008950929724546
7594,0.7657,15,78,15,305720,299890,32559,75397,2.7778909926266255,0.2009049074441694
7595,0.7658,16,112,16,305832,299778,32575,75381,2.7768535329208195,0.20093080533853647
7596,0.7659,11,70,11,305902,299708,32586,75370,2.7762051206046907,0.20094487013367887
7597,0.766,5,73,5,305975,299635,32591,75365,2.7755289191892993,0.20097333333333334
7598,0.7661,19,155,19,306130,299480,32610,75346,2.7740931490607283,0.2010159380619274
7599,0.7662,8,64,8,306194,299416,32618,75338,2.7735003149431248,0.20103321111982794
7600,0.7663,20,99,20,306293,299317,32638,75318,2.7725832746674572,0.2010436825176505
7601,0.7664,23,128,23,306421,299189,32661,75295,2.77139760643225,0.20106332980848313
7602,0.7665,15,71,15,306492,299118,32676,75280,2.7707399310830336,0.20106945015731922
7603,0.7666,30,183,30,306675,298935,32706,75250,2.7690447960280116,0.2011037321111215
7604,0.7667,15,104,15,306779,298831,32721,75235,2.7680814405869056,0.20112760849689626
7605,0.7668,14,74,14,306853,298757,32735,75221,2.7673959761384266,0.20113750006684886
7606,0.7669,11,114,11,306967,298643,32746,75210,2.7663399903664456,0.20117532827073742
7607,0.767,26,170,26,307137,298473,32772,75184,2.764765274741561,0.20121127129961436
7608,0.7671,31,293,31,307430,298180,32803,75153,2.762051206046908,0.2013028583061235
7609,0.7672,14,82,14,307512,298098,32817,75139,2.7612916373337284,0.20131712557972548
7610,0.7673,43,291,43,307803,297807,32860,75096,2.75859609470525,0.2013821288646109
7611,0.7674,18,141,18,307944,297666,32878,75078,2.7572900070399053,0.20141974116283562
7612,0.7675,16,72,16,308016,297594,32894,75062,2.756623068657601,0.20142436992829849
7613,0.7676,21,78,21,308094,297516,32915,75041,2.755900552076772,0.20142152744412264
7614,0.7677,19,158,19,308252,297358,32934,75022,2.7544369928489383,0.20146624415919223
7615,0.7678,6,94,6,308346,297264,32940,75016,2.7535662677387083,0.20150424411733103
7616,0.7679,22,155,22,308501,297109,32962,74994,2.7521304976101373,0.20154097118271017
7617,0.768,31,176,31,308677,296933,32993,74963,2.750500203786728,0.2015697937057672
7618,0.7681,23,135,23,308812,296798,33016,74940,2.749249694319908,0.20159359548929623
7619,0.7682,18,120,18,308932,296678,33034,74922,2.7481381303494015,0.2016200215285253
7620,0.7683,30,164,30,309096,296514,33064,74892,2.7466189929230427,0.20164456147719745
7621,0.7684,16,87,16,309183,296427,33080,74876,2.7458131090444255,0.2016574064847308
7622,0.7685,29,168,29,309351,296259,33109,74847,2.7442569194857165,0.2016863106497874
7623,0.7686,15,135,15,309486,296124,33124,74832,2.7430064100188964,0.20172742858991363
7624,0.7687,29,201,29,309687,295923,33153,74803,2.7411445403682984,0.20177435626311616
7625,0.7688,13,86,13,309773,295837,33166,74790,2.7403479195227685,0.2017931775073052
7626,0.7689,19,96,19,309869,295741,33185,74771,2.7394586683463635,0.20180452994774797
7627,0.769,6,29,6,309898,295712,33191,74765,2.7391900403868243,0.20180739964964087
7628,0.7691,27,124,27,310022,295588,33218,74738,2.7380414242839675,0.20181677764996248
7629,0.7692,17,113,17,310135,295475,33235,74721,2.7369947015450737,0.20184172708511167
7630,0.7693,16,97,16,310232,295378,33251,74705,2.736096187335581,0.20186012326964492
7631,0.7694,15,90,15,310322,295288,33266,74690,2.7352625143577014,0.20187686835433458
7632,0.7695,19,76,19,310398,295212,33285,74671,2.734558523843047,0.20187735040539848
7633,0.7696,11,110,11,310508,295102,33296,74660,2.7335395902034163,0.2019136633834737
7634,0.7697,17,102,17,310610,295000,33313,74643,2.7325947608284857,0.20193267558157466
7635,0.7698,12,87,12,310697,294913,33325,74631,2.7317888769498686,0.20195430043513085
7636,0.7699,33,167,33,310864,294746,33358,74598,2.7302419504242468,0.20197431121122855
7637,0.77,9,39,9,310903,294707,33367,74589,2.729880692133832,0.20197619253931806
7638,0.7701,21,119,21,311022,294588,33388,74568,2.728778391196413,0.20199590417059454
7639,0.7702,22,139,22,311161,294449,33410,74546,2.7274908295972433,0.20202441767503626
7640,0.7703,20,136,20,311297,294313,33430,74526,2.726231057097336,0.202055639452444
7641,0.7704,26,155,26,311452,294158,33456,74500,2.724795286968765,0.20208431662950485
7642,0.7705,24,130,24,311582,294028,33480,74476,2.723591092667383,0.20210364066604433
7643,0.7706,17,99,17,311681,293929,33497,74459,2.722674052391715,0.20212113315308858
7644,0.7707,25,121,25,311802,293808,33522,74434,2.721553225388121,0.20213337967966719
7645,0.7708,13,124,13,311926,293684,33535,74421,2.7204046092852643,0.2021732929463061
7646,0.7709,30,153,30,312079,293531,33565,74391,2.7189873652228687,0.20219231250101924
7647,0.771,8,91,8,312170,293440,33573,74383,2.7181444292119012,0.20222498321203405
7648,0.7711,28,175,28,312345,293265,33601,74355,2.7165233984215793,0.20226048637179697
7649,0.7712,17,174,17,312519,293091,33618,74338,2.7149116306643446,0.2023193596586007
7650,0.7713,18,211,18,312730,292880,33636,74320,2.7129571306828706,0.20239651416122004
7651,0.7714,21,136,21,312866,292744,33657,74299,2.7116973581829633,0.202425873807701
7652,0.7715,21,90,21,312956,292654,33678,74278,2.7108636852050836,0.20242987801554513
7653,0.7716,15,85,15,313041,292569,33693,74263,2.7100763273926414,0.2024441706285166
7654,0.7717,5,94,5,313135,292475,33698,74258,2.7092056022824114,0.20248518677075691
7655,0.7718,22,145,22,313280,292330,33720,74236,2.707862462484716,0.20251741841851126
7656,0.7719,20,159,20,313439,292171,33740,74216,2.706389640223795,0.202561772115277
7657,0.772,13,39,13,313478,292132,33753,74203,2.7060283819333804,0.20255503842111727
7658,0.7721,14,134,14,313612,291998,33767,74189,2.704787135499648,0.2025986722630787
7659,0.7722,14,129,14,313741,291869,33781,74175,2.7035922042313536,0.20263957338462044
7660,0.7723,27,146,27,313887,291723,33808,74148,2.7022398014005704,0.20266159384045196
7661,0.7724,12,45,12,313932,291678,33820,74136,2.7018229649116305,0.2026603683839328
7662,0.7725,19,72,19,314004,291606,33839,74117,2.701156026529327,0.20265884289475916
7663,0.7726,25,195,25,314199,291411,33864,74092,2.6993497350772535,0.2027124264369923
7664,0.7727,19,32,19,314231,291379,33883,74073,2.699053318018452,0.20268872519510087
7665,0.7728,29,169,29,314400,291210,33912,74044,2.6974878654266554,0.2027192036226845
7666,0.7729,14,128,14,314528,291082,33926,74030,2.6963021971914483,0.2027597011328031
7667,0.773,29,184,29,314712,290898,33955,74001,2.6945977991033385,0.20279858262149253
7668,0.7731,16,158,16,314870,290740,33971,73985,2.693134239875505,0.20285146343135238
7669,0.7732,39,214,39,315084,290526,34010,73946,2.6911519507947683,0.2028852696503435
7670,0.7733,15,95,15,315179,290431,34025,73931,2.6902719626514506,0.20290535236934698
7671,0.7734,23,123,23,315302,290308,34048,73908,2.6891326095816814,0.20292353987743536
7672,0.7735,23,173,23,315475,290135,34071,73885,2.6875301048575344,0.202969617054008
7673,0.7736,19,107,19,315582,290028,34090,73866,2.6865389603171663,0.20298768322643407
7674,0.7737,25,187,25,315769,289841,34115,73841,2.6848067731297935,0.20303726882276274
7675,0.7738,22,119,22,315888,289722,34137,73819,2.6837044721923746,0.2030555013052173
7676,0.7739,17,105,17,315993,289617,34154,73802,2.6827318537181815,0.20307688921052558
7677,0.774,47,174,47,316167,289443,34201,73755,2.681120085960947,0.2030710521533709
7678,0.7741,22,191,22,316358,289252,34223,73733,2.679350846641224,0.20312960590658016
7679,0.7742,16,130,16,316488,289122,34239,73717,2.678146652339842,0.20316724497642205
7680,0.7743,18,182,18,316670,288940,34257,73699,2.6764607803179072,0.20322965814487687
7681,0.7744,21,106,21,316776,288834,34278,73678,2.6754788988106264,0.2032429271306881
7682,0.7745,13,64,13,316840,288770,34291,73665,2.6748860646930233,0.20325023797370562
7683,0.7746,13,96,13,316936,288674,34304,73652,2.673996813516618,0.20327550327605526
7684,0.7747,24,159,24,317095,288515,34328,73628,2.6725239912556966,0.2033119513562322
7685,0.7748,30,134,30,317229,288381,34358,73598,2.6712827448219647,0.20332118714069047
7686,0.7749,25,161,25,317390,288220,34383,73573,2.669791396494868,0.2033566155232412
7687,0.775,17,110,17,317500,288110,34400,73556,2.6687724628552374,0.20338102005717984
7688,0.7751,36,222,36,317722,287888,34436,73520,2.6667160695098002,0.20342659819373118
7689,0.7752,13,63,13,317785,287825,34449,73507,2.6661324984252843,0.20343340750334873
7690,0.7753,18,172,18,317957,287653,34467,73489,2.664539256734225,0.20349059372767497
7691,0.7754,14,102,14,318059,287551,34481,73475,2.6635944273592944,0.20351719820733133
7692,0.7755,15,134,15,318193,287417,34496,73460,2.662353180925562,0.20355966160215253
7693,0.7756,18,143,18,318336,287274,34514,73442,2.661028567194042,0.2036006165515253
7694,0.7757,19,209,19,318545,287065,34533,73423,2.6590925932787433,0.20367668271898093
7695,0.7758,20,167,20,318712,286898,34553,73403,2.6575456667531214,0.20372688391095223
7696,0.7759,16,83,16,318795,286815,34569,73387,2.6567768350068546,0.20373845786530892
7697,0.776,29,153,29,318948,286662,34598,73358,2.655359590944459,0.20376090217210155
7698,0.7761,15,70,15,319018,286592,34613,73343,2.65471117862833,0.20376734688207593
7699,0.7762,13,108,13,319126,286484,34626,73330,2.6537107710548744,0.2037997409772827
7700,0.7763,18,136,18,319262,286348,34644,73312,2.6524509985549667,0.20383695712617472
7701,0.7764,15,86,15,319348,286262,34659,73297,2.6516543777094372,0.203852497086709
7702,0.7765,15,127,15,319475,286135,34674,73282,2.6504779725073178,0.20389130174699582
7703,0.7766,15,107,15,319582,286028,34689,73267,2.6494868279669497,0.2039187853991845
7704,0.7767,33,227,33,319809,285801,34722,73234,2.6473841194560745,0.20397454287186487
7705,0.7768,11,110,11,319919,285691,34733,73223,2.646365185816444,0.20401266041447255
7706,0.7769,16,80,16,319999,285611,34749,73207,2.6456241431694396,0.20402265215234464
7707,0.777,24,209,24,320208,285402,34773,73183,2.6436881692541405,0.20408829147900776
7708,0.7771,21,73,21,320281,285329,34794,73162,2.643011967838749,0.20408322663609407
7709,0.7772,22,125,22,320406,285204,34816,73140,2.641854088702805,0.20410555220681803
7710,0.7773,31,196,31,320602,285008,34847,73109,2.640038534217644,0.20414836491984464
7711,0.7774,21,94,21,320696,284914,34868,73088,2.639167809107414,0.20415528404869246
7712,0.7775,17,132,17,320828,284782,34885,73071,2.637945088739857,0.20419278307014332
7713,0.7776,19,119,19,320947,284663,34904,73052,2.636842787802438,0.20421844205582657
7714,0.7777,14,66,14,321013,284597,34918,73038,2.6362314276186596,0.2042249779803431
7715,0.7778,23,80,23,321093,284517,34941,73015,2.6354903849716553,0.2042194824519204
7716,0.7779,29,194,29,321287,284323,34970,72986,2.6336933565526697,0.20426577556120892
7717,0.778,31,173,31,321460,284150,35001,72955,2.6320908518285226,0.20429565533946598
7718,0.7781,19,135,19,321595,284015,35020,72936,2.630840342361703,0.20433056638025948
7719,0.7782,26,191,26,321786,283824,35046,72910,2.62907110304198,0.20438197648668197
7720,0.7783,18,105,18,321891,283719,35064,72892,2.628098484567787,0.20440199545162657
7721,0.7784,15,126,15,322017,283593,35079,72877,2.626931342398755,0.20444076640390496
7722,0.7785,29,204,29,322221,283389,35108,72848,2.625041683648894,0.20449307623857152
7723,0.7786,22,204,22,322425,283185,35130,72826,2.6231520248990328,0.20456109502234482
7724,0.7787,37,199,37,322624,282986,35167,72789,2.6213086813146096,0.20459279038718292
7725,0.7788,10,115,10,322739,282871,35177,72779,2.620243432509541,0.20463658090819625
7726,0.7789,34,163,34,322902,282708,35211,72745,2.6187335581162694,0.20465434248691106
7727,0.779,40,216,40,323118,282492,35251,72705,2.616732742969358,0.20468922879416213
7728,0.7791,14,83,14,323201,282409,35265,72691,2.615963911223091,0.20470571669952126
7729,0.7792,26,129,26,323330,282280,35291,72665,2.614768979954796,0.20472185831607714
7730,0.7793,11,111,11,323441,282169,35302,72654,2.613740783282078,0.20476124715703323
7731,0.7794,20,80,20,323521,282089,35322,72634,2.6129997406350736,0.20476258940074368
7732,0.7795,19,175,19,323696,281914,35341,72615,2.6113787098447516,0.20482104425872072
7733,0.7796,16,105,16,323801,281809,35357,72599,2.6104060913705585,0.20484582740795917
7734,0.7797,11,116,11,323917,281693,35368,72588,2.609331579532402,0.2048882102060229
7735,0.7798,11,83,11,324000,281610,35379,72577,2.6085627477861353,0.2049115297851135
7736,0.7799,6,50,6,324050,281560,35385,72571,2.6080995961317575,0.20492699029455202
7737,0.78,20,137,20,324187,281423,35405,72551,2.6068305605987625,0.2049613813443925
7738,0.7801,26,110,26,324297,281313,35431,72525,2.6058116269591314,0.20496667966696624
7739,0.7802,18,38,18,324335,281275,35449,72507,2.6054596317018044,0.2049482449644131
7740,0.7803,14,86,14,324421,281189,35463,72493,2.604663010856275,0.20496660842225503
7741,0.7804,16,101,16,324522,281088,35479,72477,2.6037274445144316,0.20498918162148402
7742,0.7805,20,187,20,324709,280901,35499,72457,2.6019952573270593,0.20505266613462833
7743,0.7806,18,150,18,324859,280751,35517,72439,2.6006058023639262,0.2050992383702823
7744,0.7807,21,108,21,324967,280643,35538,72418,2.59960539479047,0.2051146968937379
7745,0.7808,33,181,33,325148,280462,35571,72385,2.597928785801623,0.20514557301039826
7746,0.7809,23,188,23,325336,280274,35594,72362,2.596187335581163,0.20520309894622216
7747,0.781,24,134,24,325470,280140,35618,72338,2.5949460891474305,0.2052269928903364
7748,0.7811,37,261,37,325731,279879,35655,72301,2.5925284375115787,0.20529558748367313
7749,0.7812,16,115,16,325846,279764,35671,72285,2.59146318870651,0.20532653124991124
7750,0.7813,22,147,22,325993,279617,35693,72263,2.5901015228426396,0.20536262362168922
7751,0.7814,11,74,11,326067,279543,35704,72252,2.5894160583941606,0.20538097471538821
7752,0.7815,21,106,21,326173,279437,35725,72231,2.5884341768868797,0.20539542978036102
7753,0.7816,21,154,21,326327,279283,35746,72210,2.5870076697913964,0.2054379461326399
7754,0.7817,15,153,15,326480,279130,35761,72195,2.5855904257290008,0.20549348893474703
7755,0.7818,24,141,24,326621,278989,35785,72171,2.5842843380636555,0.20552169951019478
7756,0.7819,19,70,19,326691,278919,35804,72152,2.5836359257475268,0.20551968120408692
7757,0.782,21,142,21,326833,278777,35825,72131,2.5823205750490943,0.20555530224446295
7758,0.7821,18,67,18,326900,278710,35843,72113,2.581699951832228,0.20555379778406774
7759,0.7822,24,204,24,327104,278506,35867,72089,2.579810293082367,0.20561901909610805
7760,0.7823,26,70,26,327174,278436,35893,72063,2.579161880766238,0.20560115720729588
7761,0.7824,25,95,25,327269,278341,35918,72038,2.5782818926229205,0.20560022147446053
7762,0.7825,38,253,38,327522,278088,35956,72000,2.5759383452517692,0.2056625762665387
7763,0.7826,17,89,17,327611,277999,35973,71983,2.5751139353069767,0.20567629192358464
7764,0.7827,12,100,12,327711,277899,35985,71971,2.5741876319982215,0.20570783433846856
7765,0.7828,32,159,32,327870,277740,36017,71939,2.5727148097373003,0.20572868259174842
7766,0.7829,39,188,39,328058,277552,36056,71900,2.5709733595168403,0.20575071826745878
7767,0.783,24,159,24,328217,277393,36080,71876,2.569500537255919,0.20578980671058697
7768,0.7831,14,96,14,328313,277297,36094,71862,2.568611286079514,0.20581454294461834
7769,0.7832,24,143,24,328456,277154,36118,71838,2.5672866723479935,0.20584426004034476
7770,0.7833,14,156,14,328612,276998,36132,71824,2.5658416391863352,0.20590444410042943
7771,0.7834,17,165,17,328777,276833,36149,71807,2.5643132387268888,0.2059631711794401
7772,0.7835,15,128,15,328905,276705,36164,71792,2.5631275704916816,0.20600464279462952
7773,0.7836,15,131,15,329036,276574,36179,71777,2.5619141131572123,0.2060479229283108
7774,0.7837,7,45,7,329081,276529,36186,71770,2.5614972766682724,0.20605858759284407
7775,0.7838,29,155,29,329236,276374,36215,71741,2.5600615065397014,0.2060841963144363
7776,0.7839,16,96,16,329332,276278,36231,71725,2.559172255363296,0.20610454507576084
7777,0.784,20,105,20,329437,276173,36251,71705,2.558199636889103,0.20612111142411996
7778,0.7841,32,123,32,329560,276050,36283,71673,2.5570602838193337,0.20612096410073535
7779,0.7842,37,174,37,329734,275876,36320,71636,2.5554485160620994,0.20613964409862107
7780,0.7843,17,78,17,329812,275798,36337,71619,2.55472599948127,0.20614707973415233
7781,0.7844,10,94,10,329906,275704,36347,71609,2.55385527437104,0.20618001629653943
7782,0.7845,28,179,28,330085,275525,36375,71581,2.552197191448368,0.20622230673050884
7783,0.7846,54,402,54,330487,275123,36429,71527,2.5484734521471712,0.20633780470214913
7784,0.7847,15,118,15,330605,275005,36444,71512,2.5473804142428396,0.20637371326659298
7785,0.7848,22,108,22,330713,274897,36466,71490,2.546380006669384,0.2063876531163121
7786,0.7849,31,130,31,330843,274767,36497,71459,2.5451758123680017,0.20639408940980747
7787,0.785,21,141,21,330984,274626,36518,71438,2.5438697247026565,0.20643002450413797
7788,0.7851,20,149,20,331133,274477,36538,71418,2.542489532772611,0.20647306263461454
7789,0.7852,15,110,15,331243,274367,36553,71403,2.54147059913298,0.20650432368337335
7790,0.7853,19,178,19,331421,274189,36572,71384,2.5398217792433955,0.2065670639777992
7791,0.7854,15,62,15,331483,274127,36587,71369,2.5392474711919673,0.2065696853219719
7792,0.7855,17,142,17,331625,273985,36604,71352,2.5379321204935343,0.20661556682313217
7793,0.7856,12,59,12,331684,273926,36616,71340,2.5373856015413687,0.20662329913747662
7794,0.7857,25,162,25,331846,273764,36641,71315,2.535884990181185,0.20666282213638038
7795,0.7858,8,71,8,331917,273693,36649,71307,2.5352273148319684,0.20668695652173913
7796,0.7859,25,177,25,332094,273516,36674,71282,2.5335877579754715,0.2067355379091526
7797,0.786,22,115,22,332209,273401,36696,71260,2.532522509170403,0.20675388280078105
7798,0.7861,23,136,23,332345,273265,36719,71237,2.531262736670495,0.20678254407811855
7799,0.7862,34,159,34,332504,273106,36753,71203,2.5297899144095743,0.20679970607797066
7800,0.7863,8,63,8,332567,273043,36761,71195,2.5292063433250584,0.20681911933023084
7801,0.7864,13,152,13,332719,272891,36774,71182,2.52779836229575,0.2068805166345514
7802,0.7865,12,67,12,332786,272824,36786,71170,2.527177739078884,0.2068931434850608
7803,0.7866,25,145,25,332931,272679,36811,71145,2.525834599281189,0.2069227279073014
7804,0.7867,5,43,5,332974,272636,36816,71140,2.525436288858424,0.20693707530484967
7805,0.7868,16,54,16,333028,272582,36832,71124,2.5249360850716958,0.2069326691998394
7806,0.7869,34,199,34,333227,272383,36866,71090,2.5230927414872726,0.2069740561849112
7807,0.787,15,77,15,333304,272306,36881,71075,2.522379487939531,0.206985826239658
7808,0.7871,12,84,12,333388,272222,36893,71063,2.5216013931601764,0.20700875365949575
7809,0.7872,23,185,23,333573,272037,36916,71040,2.519887732038979,0.20706721814636364
7810,0.7873,20,92,20,333665,271945,36936,71020,2.519035532994924,0.2070765238435409
7811,0.7874,19,99,19,333764,271846,36955,71001,2.518118492719256,0.2070923764828043
7812,0.7875,25,132,25,333896,271714,36980,70976,2.516895772351699,0.20711430155534155
7813,0.7876,21,125,21,334021,271589,37001,70955,2.5157378932157544,0.2071412723620907
7814,0.7877,20,152,20,334173,271437,37021,70935,2.5143299121864464,0.20718691949107987
7815,0.7878,23,166,23,334339,271271,37044,70912,2.5127922486939123,0.20723414079600683
7816,0.7879,18,127,18,334466,271144,37062,70894,2.511615843491793,0.20726936773107082
7817,0.788,27,196,27,334662,270948,37089,70867,2.509800289006632,0.20732560010532014
7818,0.7881,9,58,9,334720,270890,37098,70858,2.5092630330875543,0.20733991127965634
7819,0.7882,12,95,12,334815,270795,37110,70846,2.5083830449442366,0.20736972435978118
7820,0.7883,22,135,22,334950,270660,37132,70824,2.5071325354774165,0.20740063956144358
7821,0.7884,18,50,18,335000,270610,37150,70806,2.506669383823039,0.20738922604681678
7822,0.7885,26,198,26,335198,270412,37176,70780,2.5048353032717032,0.20744917817533823
7823,0.7886,20,96,20,335294,270316,37196,70760,2.5039460520952983,0.2074610937151837
7824,0.7887,23,134,23,335428,270182,37219,70737,2.502704805661566,0.20748916898148828
7825,0.7888,8,105,8,335533,270077,37227,70729,2.501732187187373,0.20753449176364266
7826,0.7889,6,71,6,335604,270006,37233,70723,2.5010745118381563,0.20756378236076178
7827,0.789,21,134,21,335738,269872,37254,70702,2.499833265404424,0.20759658693852143
7828,0.7891,24,155,24,335893,269717,37278,70678,2.498397495275853,0.207635247286241
7829,0.7892,32,176,32,336069,269541,37310,70646,2.496767201452444,0.2076681354666698
7830,0.7893,20,164,20,336233,269377,37330,70626,2.4952480640260846,0.20772169657326553
7831,0.7894,23,107,23,336340,269270,37353,70603,2.4942569194857165,0.20773347691637759
7832,0.7895,31,169,31,336509,269101,37384,70572,2.4926914668939197,0.20776452647104715
7833,0.7896,26,181,26,336690,268920,37410,70546,2.4910148579050726,0.20781462650162313
7834,0.7897,37,189,37,336879,268731,37447,70509,2.489264144651525,0.20784400424478244
7835,0.7898,23,128,23,337007,268603,37470,70486,2.4880784764163177,0.20786873062824215
7836,0.7899,31,219,31,337226,268384,37501,70455,2.486049872170143,0.20793061011276742
7837,0.79,11,78,11,337304,268306,37512,70444,2.4853273555893143,0.20795276752767528
7838,0.7901,21,118,21,337422,268188,37533,70423,2.4842343176849826,0.2079761141841228
7839,0.7902,27,177,27,337599,268011,37560,70396,2.4825947608284857,0.20802170167874778
7840,0.7903,17,130,17,337729,267881,37577,70379,2.4813905665271037,0.2080618459173417
7841,0.7904,34,162,34,337891,267719,37611,70345,2.47988995516692,0.20808190165175824
7842,0.7905,42,227,42,338118,267492,37653,70303,2.477787246656045,0.20812327003063988
7843,0.7906,22,148,22,338266,267344,37675,70281,2.476416317759087,0.20816290262865605
7844,0.7907,20,144,20,338410,267200,37695,70261,2.475082440994479,0.2082047999620697
7845,0.7908,15,99,15,338509,267101,37710,70246,2.474165400718811,0.2082306942110053
7846,0.7909,21,78,21,338587,267023,37731,70225,2.4734428841379823,0.2082295521396717
7847,0.791,16,111,16,338698,266912,37747,70209,2.4724146874652635,0.208260535534719
7848,0.7911,46,376,46,339074,266536,37793,70163,2.4689317870243435,0.20838493728820104
7849,0.7912,29,174,29,339248,266362,37822,70134,2.4673200192671088,0.20842446864152916
7850,0.7913,20,148,20,339396,266214,37842,70114,2.4659490903701506,0.20846911348445565
7851,0.7914,7,75,7,339471,266139,37849,70107,2.4652543628885843,0.20849913456219554
7852,0.7915,43,254,43,339725,265885,37892,70064,2.4629015524843454,0.20855546526407281
7853,0.7916,13,101,13,339826,265784,37905,70051,2.4619659861425025,0.20858755043399288
7854,0.7917,34,195,34,340021,265589,37939,70017,2.4601596946904296,0.2086285704069653
7855,0.7918,12,122,12,340143,265467,37951,70005,2.4590296046537476,0.20867613392473888
7856,0.7919,33,136,33,340279,265331,37984,69972,2.4577698321538404,0.20868289278652444
7857,0.792,27,139,27,340418,265192,38011,69945,2.4564822705546705,0.20870569349251203
7858,0.7921,21,144,21,340562,265048,38032,69924,2.4551483937900627,0.20874580561957418
7859,0.7922,40,240,40,340802,264808,38072,69884,2.4529252658490495,0.20880092741983675
7860,0.7923,20,93,20,340895,264715,38092,69864,2.452063803771907,0.2088116707862717
7861,0.7924,33,167,33,341062,264548,38125,69831,2.4505168772462853,0.20883787558429207
7862,0.7925,11,111,11,341173,264437,38136,69820,2.449488680573567,0.20888119022189514
7863,0.7926,12,85,12,341258,264352,38148,69808,2.4487013227611247,0.2089059133349294
7864,0.7927,21,98,21,341356,264254,38169,69787,2.4477935455185444,0.20891746821497958
7865,0.7928,31,124,31,341480,264130,38200,69756,2.446644929415688,0.20892160797397913
7866,0.7929,31,157,31,341637,263973,38231,69725,2.4451906332209417,0.2089464126245887
7867,0.793,17,62,17,341699,263911,38248,69708,2.4446163251695134,0.20894493419139798
7868,0.7931,20,113,20,341812,263798,38268,69688,2.4435696024306197,0.20896829252202492
7869,0.7932,22,128,22,341940,263670,38290,69666,2.442383934195413,0.20899632802937576
7870,0.7933,20,141,20,342081,263529,38310,69646,2.4410778465300678,0.20903729271403917
7871,0.7934,32,169,32,342250,263360,38342,69614,2.439512393938271,0.20906737462985098
7872,0.7935,12,77,12,342327,263283,38354,69602,2.4387991403905294,0.20908722231401233
7873,0.7936,24,180,24,342507,263103,38378,69578,2.43713179443477,0.2091432934252332
7874,0.7937,30,171,30,342678,262932,38408,69548,2.435547815776798,0.20917949951876805
7875,0.7938,21,93,21,342771,262839,38429,69527,2.4346863536996555,0.20918806376103452
7876,0.7939,21,128,21,342899,262711,38450,69506,2.4335006854644483,0.20921867333700564
7877,0.794,25,155,25,343054,262556,38475,69481,2.4320649153358778,0.20925679969401
7878,0.7941,21,173,21,343227,262383,38496,69460,2.4304624106117307,0.20931585117058368
7879,0.7942,11,58,11,343285,262325,38507,69449,2.4299251546926524,0.20932622809502854
7880,0.7943,14,64,14,343349,262261,38521,69435,2.429332320575049,0.20933324489894362
7881,0.7944,34,184,34,343533,262077,38555,69401,2.427627922486939,0.20936834420383857
7882,0.7945,27,179,27,343712,261898,38582,69374,2.425969839564267,0.20941703494409428
7883,0.7946,24,194,24,343906,261704,38606,69350,2.4241728111452816,0.20948244093108678
7884,0.7947,22,131,22,344037,261573,38628,69328,2.422959353810812,0.20951281501113625
7885,0.7948,21,101,21,344138,261472,38649,69307,2.422023787468969,0.20952660235383747
7886,0.7949,48,227,48,344365,261245,38697,69259,2.419921078958094,0.20955570885677632
7887,0.795,19,123,19,344488,261122,38716,69240,2.418781725888325,0.20958826983732995
7888,0.7951,11,54,11,344542,261068,38727,69229,2.418281522101597,0.20959621189414376
7889,0.7952,27,169,27,344711,260899,38754,69202,2.4167160695098002,0.20963886810400453
7890,0.7953,25,210,25,344921,260689,38779,69177,2.414770832561414,0.20971242868316226
7891,0.7954,35,181,35,345102,260508,38814,69142,2.4130942235725668,0.2097436675261641
7892,0.7955,32,114,32,345216,260394,38846,69110,2.4120382378005853,0.2097394872292901
7893,0.7956,22,106,22,345322,260288,38868,69088,2.4110563562933045,0.20975420188477606
7894,0.7957,23,131,23,345453,260157,38891,69065,2.409842898958835,0.2097824568224481
7895,0.7958,26,149,26,345602,260008,38917,69039,2.4084627070287894,0.20981501122939883
7896,0.7959,24,197,24,345799,259811,38941,69015,2.406637889510541,0.20988303844586498
7897,0.796,26,207,26,346006,259604,38967,68989,2.4047204416614174,0.20995273788546925
7898,0.7961,13,98,13,346104,259506,38980,68976,2.403812664418837,0.20998410871828593
7899,0.7962,20,57,20,346161,259449,39000,68956,2.403284671532847,0.20997244256329836
7900,0.7963,25,159,25,346320,259290,39025,68931,2.4018118492719256,0.2100139844799693
7901,0.7964,14,113,14,346433,259177,39039,68917,2.400765126533032,0.21005260687485902
7902,0.7965,28,175,28,346608,259002,39067,68889,2.39914409574271,0.21009725793022682
7903,0.7966,18,88,18,346696,258914,39085,68871,2.398328948831005,0.2101102857055692
7904,0.7967,32,192,32,346888,258722,39117,68839,2.396550446478195,0.2101562762355714
7905,0.7968,29,247,29,347135,258475,39146,68810,2.3942624773055687,0.21024489359426798
7906,0.7969,23,168,23,347303,258307,39169,68787,2.3927062877468597,0.2102973457171333
7907,0.797,25,175,25,347478,258132,39194,68762,2.3910852569565377,0.21034953226428138
7908,0.7971,40,248,40,347726,257884,39234,68722,2.3887880247508244,0.21041254600344145
7909,0.7972,35,288,35,348014,257596,39269,68687,2.3861202712216087,0.21051357257350214
7910,0.7973,16,119,16,348133,257477,39285,68671,2.38501797028419,0.21055165139752505
7911,0.7974,23,136,23,348269,257341,39308,68648,2.3837581977842826,0.21058379270466182
7912,0.7975,26,99,26,348368,257242,39334,68622,2.3828411575086146,0.2105847838362016
7913,0.7976,39,286,39,348654,256956,39373,68583,2.3801919300455743,0.21067521863739827
7914,0.7977,16,121,16,348775,256835,39389,68567,2.37907110304198,0.21071474668256496
7915,0.7978,31,212,31,348987,256623,39420,68536,2.3771073400274187,0.21077688146414522
7916,0.7979,26,201,26,349188,256422,39446,68510,2.37524547037682,0.2108441150763852
7917,0.798,25,131,25,349319,256291,39471,68485,2.3740320130423505,0.210868413922211
7918,0.7981,28,187,28,349506,256104,39499,68457,2.372299825854978,0.2109218297947073
7919,0.7982,17,80,17,349586,256024,39516,68440,2.3715587832079734,0.21093249174022388
7920,0.7983,13,92,13,349678,255932,39529,68427,2.3707065841639188,0.21096069478571583
7921,0.7984,28,133,28,349811,255799,39557,68399,2.369474600763274,0.2109790930233993
7922,0.7985,20,192,20,350003,255607,39577,68379,2.3676960984104634,0.21105541597476435
7923,0.7986,34,210,34,350213,255397,39611,68345,2.365750861462077,0.21110946370875575
7924,0.7987,33,219,33,350432,255178,39644,68312,2.363722257215903,0.21117190639587005
7925,0.7988,21,165,21,350597,255013,39665,68291,2.3621938567564564,0.21122844134313215
7926,0.7989,41,298,41,350895,254715,39706,68250,2.3594334728963653,0.21132320839719473
7927,0.799,38,235,38,351130,254480,39744,68212,2.35725666012079,0.21138423016374747
7928,0.7991,28,167,28,351297,254313,39772,68184,2.355709733595168,0.21142522256020987
7929,0.7992,26,90,26,351387,254223,39798,68158,2.3548760606172885,0.21142064823919524
7930,0.7993,18,166,18,351553,254057,39816,68140,2.3533383971247543,0.21148551972861324
7931,0.7994,21,133,21,351686,253924,39837,68119,2.3521064137241097,0.21152144278869592
7932,0.7995,13,93,13,351779,253831,39850,68106,2.3512449516469673,0.21155070712592836
7933,0.7996,27,181,27,351960,253650,39877,68079,2.3495683426581198,0.21160355454435253
7934,0.7997,16,64,16,352024,253586,39893,68063,2.3489755085405166,0.21160644056098418
7935,0.7998,23,141,23,352165,253445,39916,68040,2.3476694208751714,0.2116428449227802
7936,0.7999,9,57,9,352222,253388,39925,68031,2.3471414279891807,0.21165830271390304
7937,0.8,18,101,18,352323,253287,39943,68013,2.346205861647338,0.21168067226890755
7938,0.8001,26,138,26,352461,253149,39969,67987,2.344927563081255,0.21170781226645408
7939,0.8002,14,114,14,352575,253035,39983,67973,2.343871577309274,0.21174861685690077
7940,0.8003,22,159,22,352734,252876,40005,67951,2.342398755048353,0.21179950565257913
7941,0.8004,26,197,26,352931,252679,40031,67925,2.3405739375301047,0.2118657284375741
7942,0.8005,42,298,42,353229,252381,40073,67883,2.3378135536700135,0.2119595084055654
7943,0.8006,25,121,25,353350,252260,40098,67858,2.3366927266664197,0.21197808308186356
7944,0.8007,16,119,16,353469,252141,40114,67842,2.3355904257290008,0.21201751343040098
7945,0.8008,42,246,42,353715,251895,40156,67800,2.3333117195894624,0.2120771360202693
7946,0.8009,19,132,19,353847,251763,40175,67781,2.3320889992219054,0.21211789299752146
7947,0.801,18,109,18,353956,251654,40193,67763,2.331079328615362,0.21214587827197676
7948,0.8011,22,141,22,354097,251513,40215,67741,2.3297732409500167,0.21218528193851918
7949,0.8012,17,114,17,354211,251399,40232,67724,2.3287172551780353,0.21221911300658367
7950,0.8013,27,164,27,354375,251235,40259,67697,2.3271981177516765,0.21226154791617022
7951,0.8014,24,143,24,354518,251092,40283,67673,2.3258735040201564,0.2122974605116622
7952,0.8015,24,119,24,354637,250973,40307,67649,2.3247712030827374,0.2123174168764241
7953,0.8016,14,112,14,354749,250861,40321,67635,2.3237337433769314,0.2123574550386818
7954,0.8017,26,177,26,354926,250684,40347,67609,2.322094186520434,0.21241120602715108
7955,0.8018,26,190,26,355116,250494,40373,67583,2.320334210233799,0.21247370919620093
7956,0.8019,22,59,22,355175,250435,40395,67561,2.319787691281633,0.21245864727858213
7957,0.802,9,133,9,355308,250302,40404,67552,2.3185557078809884,0.21252524744064885
7958,0.8021,15,84,15,355392,250218,40419,67537,2.317777613101634,0.2125442557945587
7959,0.8022,11,59,11,355451,250159,40430,67526,2.3172310941494683,0.21255646316319624
7960,0.8023,18,141,18,355592,250018,40448,67508,2.315925006484123,0.2126062117747838
7961,0.8024,22,92,22,355684,249926,40470,67486,2.3150728074400684,0.21261325973813214
7962,0.8025,44,268,44,355952,249658,40514,67442,2.3125903145726037,0.21268369599495426
7963,0.8026,30,177,30,356129,249481,40544,67412,2.3109507577161064,0.21272795549286352
7964,0.8027,32,200,32,356329,249281,40576,67380,2.3090981510985955,0.21278275505982738
7965,0.8028,27,197,27,356526,249084,40603,67353,2.3072733335803477,0.21284805506309312
7966,0.8029,5,65,5,356591,249019,40608,67348,2.3066712364296564,0.2128793458230473
7967,0.803,44,201,44,356792,248818,40652,67304,2.3048093667790583,0.21290514421647339
7968,0.8031,29,115,29,356907,248703,40681,67275,2.3037441179739893,0.21291039249568008
7969,0.8032,27,196,27,357103,248507,40708,67248,2.3019285634888287,0.21297524979810295
7970,0.8033,29,241,29,357344,248266,40737,67219,2.2996961725147282,0.2130655974135062
7971,0.8034,25,158,25,357502,248108,40762,67194,2.2982326132868947,0.21310997075819374
7972,0.8035,39,163,39,357665,247945,40801,67155,2.2967227388936235,0.21312281815296732
7973,0.8036,23,139,23,357804,247806,40824,67132,2.2954351772944532,0.21315941550400397
7974,0.8037,28,103,28,357907,247703,40852,67104,2.2944810848864354,0.2131591737159593
7975,0.8038,16,137,16,358044,247566,40868,67088,2.2932120493534405,0.2132119725158428
7976,0.8039,28,126,28,358170,247440,40896,67060,2.2920449071844087,0.21322734499205087
7977,0.804,20,188,20,358358,247252,40916,67040,2.290303456963948,0.21330482481259466
7978,0.8041,21,162,21,358520,247090,40937,67019,2.2888028456037643,0.2133622404961335
7979,0.8042,17,92,17,358612,246998,40954,67002,2.2879506465597097,0.21338216560509554
7980,0.8043,17,125,17,358737,246873,40971,66985,2.286792767423765,0.21342454230894226
7981,0.8044,33,171,33,358908,246702,41004,66952,2.2852087887657935,0.21345814177405675
7982,0.8045,30,121,30,359029,246581,41034,66922,2.284087961762199,0.21346526189542045
7983,0.8046,19,165,19,359194,246416,41053,66903,2.282559561302753,0.21352998062677336
7984,0.8047,21,121,21,359315,246295,41074,66882,2.281438734299159,0.2135597441702296
7985,0.8048,21,135,21,359450,246160,41095,66861,2.2801882248323393,0.21359908760115137
7986,0.8049,16,119,16,359569,246041,41111,66845,2.2790859238949204,0.21364011173398617
7987,0.805,30,168,30,359737,245873,41141,66815,2.277529734336211,0.21367945044261372
7988,0.8051,27,163,27,359900,245710,41168,66788,2.2760198599429398,0.2137229678269941
7989,0.8052,15,71,15,359971,245639,41183,66773,2.2753621845937233,0.21373378743454158
7990,0.8053,39,203,39,360174,245436,41222,66734,2.27348178887695,0.21377454592049203
7991,0.8054,60,333,60,360507,245103,41282,66674,2.2703971988587943,0.21385156698537736
7992,0.8055,17,136,17,360643,244967,41299,66657,2.269137426358887,0.21390201011475368
7993,0.8056,19,103,19,360746,244864,41318,66638,2.268183333950869,0.2139247902100147
7994,0.8057,19,83,19,360829,244781,41337,66619,2.267414502204602,0.21393384714193964
7995,0.8058,27,151,27,360980,244630,41364,66592,2.2660157842083812,0.21396944946051372
7996,0.8059,40,228,40,361208,244402,41404,66552,2.263903812664419,0.21402522559606887
7997,0.806,16,129,16,361337,244273,41420,66536,2.2627088813961245,0.21407359503746673
7998,0.8061,21,211,21,361548,244062,41441,66515,2.2607543814146505,0.21416589122826224
7999,0.8062,26,111,26,361659,243951,41467,66489,2.259726184741932,0.21417665249323542
8000,0.8063,18,107,18,361766,243844,41485,66471,2.2587350402015636,0.21420492080627748
8001,0.8064,38,224,38,361990,243620,41523,66433,2.2566601207899515,0.2142633678758148
8002,0.8065,48,239,48,362229,243381,41571,66385,2.254446255882026,0.21430692845567298
8003,0.8066,30,129,30,362358,243252,41601,66355,2.2532513246137316,0.21432008966205546
8004,0.8067,31,170,31,362528,243082,41632,66324,2.251676608988847,0.21435912684304764
8005,0.8068,35,167,35,362695,242915,41667,66289,2.2501296824632258,0.21438597172093504
8006,0.8069,17,117,17,362812,242798,41684,66272,2.2490459075919818,0.2144239169120264
8007,0.807,47,277,47,363089,242521,41731,66225,2.2464800474267292,0.21449670603019957
8008,0.8071,28,128,28,363217,242393,41759,66197,2.2452943791915225,0.2145144042256716
8009,0.8072,29,235,29,363452,242158,41788,66168,2.2431175664159473,0.21460402301460144
8010,0.8073,14,109,14,363561,242049,41802,66154,2.242107895809404,0.21464424421566305
8011,0.8074,33,208,33,363769,241841,41835,66121,2.2401811849271924,0.2147050610140212
8012,0.8075,35,177,35,363946,241664,41870,66086,2.2385416280706956,0.21473923639317627
8013,0.8076,25,149,25,364095,241515,41895,66061,2.2371614361406498,0.21477943662704502
8014,0.8077,24,122,24,364217,241393,41919,66037,2.2360313461039683,0.21480336987281656
8015,0.8078,26,162,26,364379,241231,41945,66011,2.2345307347437844,0.2148501832431764
8016,0.8079,19,102,19,364481,241129,41964,65992,2.233585905368854,0.21487296537846648
8017,0.808,16,117,16,364598,241012,41980,65976,2.2325021304976103,0.21491393800409136
8018,0.8081,28,191,28,364789,240821,42008,65948,2.230732891177887,0.21497608950056885
8019,0.8082,23,103,23,364892,240718,42031,65925,2.2297787987698694,0.21498941766158042
8020,0.8083,32,179,32,365071,240539,42063,65893,2.228120715847197,0.2150330252715121
8021,0.8084,11,98,11,365169,240441,42074,65882,2.227212938604617,0.21507363142826363
8022,0.8085,33,144,33,365313,240297,42107,65849,2.225879061840009,0.21509018572837796
8023,0.8086,28,141,28,365454,240156,42135,65821,2.224572974174664,0.21511747615016816
8024,0.8087,42,192,42,365646,239964,42177,65779,2.2227944718218535,0.21514474575051595
8025,0.8088,22,186,22,365832,239778,42199,65757,2.2210715476675684,0.2152192056556532
8026,0.8089,21,113,21,365945,239665,42220,65736,2.2200248249286747,0.21524487477120247
8027,0.809,16,86,16,366031,239579,42236,65720,2.219228204083145,0.21526438016501856
8028,0.8091,29,130,29,366161,239449,42265,65691,2.2180240097817627,0.21528151012649932
8029,0.8092,28,207,28,366368,239242,42293,65663,2.2161065619326394,0.21535560256473327
8030,0.8093,38,255,38,366623,238987,42331,65625,2.213744488495313,0.21543799981615958
8031,0.8094,10,110,10,366733,238877,42341,65615,2.212725554855682,0.21549006213627944
8032,0.8095,16,105,16,366838,238772,42357,65599,2.211752936381489,0.2155231608793216
8033,0.8096,52,245,52,367083,238527,42409,65547,2.209483493275038,0.21556265908956374
8034,0.8097,12,82,12,367165,238445,42421,65535,2.2087239245618586,0.21558984143693663
8035,0.8098,38,237,38,367402,238208,42459,65497,2.206528585720108,0.21565993315882187
8036,0.8099,15,110,15,367512,238098,42474,65482,2.2055096520804773,0.2156993214309243
8037,0.81,10,71,10,367583,238027,42484,65472,2.204851976731261,0.21572393978233867
8038,0.8101,60,382,60,367965,237645,42544,65412,2.201313498091815,0.21584058444451043
8039,0.8102,24,130,24,368095,237515,42568,65388,2.200109303790433,0.21587108744383515
8040,0.8103,15,107,15,368202,237408,42583,65373,2.199118159250065,0.21590852794594112
8041,0.8104,42,260,42,368462,237148,42625,65331,2.196709770647301,0.21598524195068086
8042,0.8105,15,99,15,368561,237049,42640,65316,2.195792730371633,0.21601706546723332
8043,0.8106,37,178,37,368739,236871,42677,65279,2.1941439104820484,0.2160483203706768
8044,0.8107,37,209,37,368948,236662,42714,65242,2.1922079365667493,0.21610180719698976
8045,0.8108,21,107,21,369055,236555,42735,65221,2.191216792026381,0.21612387996394677
8046,0.8109,19,50,19,369105,236505,42754,65202,2.1907536403720034,0.21611033220972667
8047,0.811,31,168,31,369273,236337,42785,65171,2.1891974508132943,0.2161501519031004
8048,0.8111,36,202,36,369475,236135,42821,65135,2.1873263181296085,0.21620141401400736
8049,0.8112,43,306,43,369781,235829,42864,65092,2.184491830004817,0.21630926389318128
8050,0.8113,65,378,65,370159,235451,42929,65027,2.1809904034977214,0.21641185045161376
8051,0.8114,19,152,19,370311,235299,42948,65008,2.179582422468413,0.21647181051390743
8052,0.8115,23,144,23,370455,235155,42971,64985,2.178248545703805,0.21651562604118077
8053,0.8116,21,127,21,370582,235028,42992,64964,2.1770721405016857,0.2165524413984373
8054,0.8117,24,118,24,370700,234910,43016,64940,2.1759791025973545,0.21657495414373854
8055,0.8118,23,170,23,370870,234740,43039,64917,2.17440438697247,0.21663768909119427
8056,0.8119,25,134,25,371004,234606,43064,64892,2.173163140538738,0.21666922650568618
8057,0.812,36,205,36,371209,234401,43100,64856,2.1712642187557893,0.21672341833273742
8058,0.8121,48,281,48,371490,234120,43148,64808,2.1686613064581866,0.2168013702296205
8059,0.8122,40,180,40,371670,233940,43188,64768,2.166993960502427,0.2168271355303507
8060,0.8123,37,279,37,371949,233661,43225,64731,2.1644095742709992,0.21693275959140995
8061,0.8124,19,114,19,372063,233547,43244,64712,2.1633535884990183,0.2169657914765355
8062,0.8125,32,207,32,372270,233340,43276,64680,2.1614361406498945,0.21703241393195088
8063,0.8126,18,133,18,372403,233207,43294,64662,2.16020415724925,0.21708200584820844
8064,0.8127,12,85,12,372488,233122,43306,64650,2.1594167994368076,0.2171124215842994
8065,0.8128,19,196,19,372684,232926,43325,64631,2.157601244951647,0.2172054429907547
8066,0.8129,23,187,23,372871,232739,43348,64608,2.1558690577642743,0.21728149266681687
8067,0.813,19,110,19,372981,232629,43367,64589,2.154850124124643,0.21731187209388395
8068,0.8131,11,46,11,373027,232583,43378,64578,2.154424024602616,0.21731653884594546
8069,0.8132,24,97,24,373124,232486,43402,64554,2.153525510393123,0.2173242660921088
8070,0.8133,17,123,17,373247,232363,43419,64537,2.152386157323354,0.21736948467497474
8071,0.8134,20,134,20,373381,232229,43439,64517,2.151144910889622,0.2174148935453216
8072,0.8135,27,172,27,373553,232057,43466,64490,2.1495516691985626,0.21746974341335437
8073,0.8136,13,71,13,373624,231986,43479,64477,2.148893993849346,0.21748751108907352
8074,0.8137,22,146,22,373770,231840,43501,64455,2.147541591018563,0.21753657672252316
8075,0.8138,41,310,41,374080,231530,43542,64414,2.1446700507614214,0.2176560430351688
8076,0.8139,30,176,30,374256,231354,43572,64384,2.1430397569380117,0.21770621293171658
8077,0.814,20,180,20,374436,231174,43592,64364,2.141372410982252,0.21778586848391746
8078,0.8141,49,261,49,374697,230913,43641,64315,2.1389547593464004,0.2178485780481526
8079,0.8142,27,68,27,374765,230845,43668,64288,2.1383248730964466,0.21782721688188036
8080,0.8143,29,141,29,374906,230704,43697,64259,2.1370187854311014,0.21785444276061744
8081,0.8144,25,186,25,375092,230518,43722,64234,2.1352958612768167,0.2179255781131256
8082,0.8145,39,289,39,375381,230229,43761,64195,2.1326188447145134,0.21803589381300437
8083,0.8146,26,197,26,375578,230032,43787,64169,2.130794027196265,0.21811278683621063
8084,0.8147,12,41,12,375619,229991,43799,64157,2.1304142428396755,0.2181112909147776
8085,0.8148,12,117,12,375736,229874,43811,64145,2.1293304679684315,0.21816617293440219
8086,0.8149,32,159,32,375895,229715,43843,64113,2.1278576457075107,0.21819908245640307
8087,0.815,37,324,37,376219,229391,43880,64076,2.124856422987143,0.2183414148779931
8088,0.8151,53,269,53,376488,229122,43933,64023,2.122364667086591,0.21840045028910607
8089,0.8152,30,209,30,376697,228913,43963,63993,2.120428693171292,0.21847623469645552
8090,0.8153,26,102,26,376799,228811,43989,63967,2.1194838637963613,0.21848294612300104
8091,0.8154,45,200,45,376999,228611,44034,63922,2.1176312571788505,0.21851209948963024
8092,0.8155,33,174,33,377173,228437,44067,63889,2.116019489421616,0.21855394320039956
8093,0.8156,25,163,25,377336,228274,44092,63864,2.1145096150283447,0.21860901354839152
8094,0.8157,25,96,25,377432,228178,44117,63839,2.1136203638519397,0.21861398480225466
8095,0.8158,30,204,30,377636,227974,44147,63809,2.1117307051020786,0.21868648961728407
8096,0.8159,44,204,44,377840,227770,44191,63765,2.1098410463522175,0.21872159431972146
8097,0.816,20,102,20,377942,227668,44211,63745,2.108896216977287,0.21874453095778157
8098,0.8161,22,174,22,378116,227494,44233,63723,2.1072844492200526,0.21881620921855524
8099,0.8162,31,169,31,378285,227325,44264,63692,2.105718996628256,0.21886006659404778
8100,0.8163,36,222,36,378507,227103,44300,63656,2.1036626032828187,0.21893045443133316
8101,0.8164,34,184,34,378691,226919,44334,63622,2.101958205194709,0.21897770022131127
8102,0.8165,25,105,25,378796,226814,44359,63597,2.100985586720516,0.21898963882222092
8103,0.8166,22,136,22,378932,226678,44381,63575,2.0997258142206086,0.21903305047665314
8104,0.8167,30,145,30,379077,226533,44411,63545,2.098382674422913,0.21906176959300602
8105,0.8168,29,120,29,379197,226413,44440,63516,2.0972711104524064,0.21907432509338493
8106,0.8169,24,241,24,379438,226172,44464,63492,2.095038719478306,0.21919189129474148
8107,0.817,11,99,11,379537,226073,44475,63481,2.094121679202638,0.21923717165019305
8108,0.8171,20,146,20,379683,225927,44495,63461,2.0927692763718553,0.21929382006164733
8109,0.8172,30,220,30,379903,225707,44525,63431,2.0907314090925935,0.21937967337395983
8110,0.8173,27,134,27,380037,225573,44552,63404,2.089490162658861,0.21940846503354938
8111,0.8174,45,277,45,380314,225296,44597,63359,2.0869243024936086,0.2194973237948416
8112,0.8175,7,52,7,380366,225244,44604,63352,2.086442624773056,0.21951794203661867
8113,0.8176,13,124,13,380490,225120,44617,63339,2.085294008670199,0.21957713227876405
8114,0.8177,28,142,28,380632,224978,44645,63311,2.083978657971766,0.21960948908907382
8115,0.8178,46,316,46,380948,224662,44691,63265,2.0810515395160993,0.21972583328413103
8116,0.8179,18,104,18,381052,224558,44709,63247,2.0800881840749934,0.21975643230659647
8117,0.818,27,186,27,381238,224372,44736,63220,2.0783652599207083,0.21982530807532893
8118,0.8181,44,248,44,381486,224124,44780,63176,2.076068027714995,0.21989557953358857
8119,0.8182,29,178,29,381664,223946,44809,63147,2.0744192078254104,0.21995311623759548
8120,0.8183,14,96,14,381760,223850,44823,63133,2.073529956649005,0.21998864044211677
8121,0.8184,24,127,24,381887,223723,44847,63109,2.0723535514468856,0.22002077871367212
8122,0.8185,15,137,15,382024,223586,44862,63094,2.0710845159138906,0.22008511232035718
8123,0.8186,32,154,32,382178,223432,44894,63062,2.0696580088184073,0.22011630261017684
8124,0.8187,40,260,40,382438,223172,44934,63022,2.0672496202156436,0.22020727199032825
8125,0.8188,34,175,34,382613,222997,44968,62988,2.0656285894253212,0.220249313775198
8126,0.8189,27,154,27,382767,222843,44995,62961,2.064202082329838,0.2202943275811395
8127,0.819,24,170,24,382937,222673,45019,62937,2.062627366704954,0.22035993137495186
8128,0.8191,14,75,14,383012,222598,45033,62923,2.061932639223387,0.22037958679046374
8129,0.8192,38,232,38,383244,222366,45071,62885,2.0597836155470746,0.22045496773017448
8130,0.8193,90,375,90,383619,221991,45161,62795,2.0563099781392418,0.2204989009291187
8131,0.8194,24,114,24,383733,221877,45185,62771,2.055253992367261,0.22052148618644782
8132,0.8195,30,217,30,383950,221660,45215,62741,2.0532439141872616,0.22060752247706583
8133,0.8196,25,133,25,384083,221527,45240,62716,2.052011930786617,0.2206421969934176
8134,0.8197,30,170,30,384253,221357,45270,62686,2.0504372151617325,0.22069193748833804
8135,0.8198,16,103,16,384356,221254,45286,62670,2.0494831227537147,0.2207280821628323
8136,0.8199,22,135,22,384491,221119,45308,62648,2.0482326132868947,0.22077267617446708
8137,0.82,35,202,35,384693,220917,45343,62613,2.046361480603209,0.22083377420378797
8138,0.8201,31,209,31,384902,220708,45374,62582,2.04442550668791,0.22091143351336087
8139,0.8202,38,151,38,385053,220557,45412,62544,2.043026788691689,0.22092468765564233
8140,0.8203,22,161,22,385214,220396,45434,62522,2.041535440364593,0.2209898274411667
8141,0.8204,26,65,26,385279,220331,45460,62496,2.040933343213902,0.2209690022522602
8142,0.8205,34,184,34,385463,220147,45494,62462,2.039228945125792,0.2210191465947652
8143,0.8206,20,164,20,385627,219983,45514,62442,2.037709807699433,0.22109232539612286
8144,0.8207,43,163,43,385790,219820,45557,62399,2.0361999333061616,0.22110134328305323
8145,0.8208,34,183,34,385973,219637,45591,62365,2.0345047982511395,0.2211509138233062
8146,0.8209,28,93,28,386066,219544,45619,62337,2.0336433361739967,0.221146512180672
8147,0.821,42,289,42,386355,219255,45661,62295,2.030966319611694,0.22125732551944594
8148,0.8211,25,98,25,386453,219157,45686,62270,2.0300585423691135,0.22126519488179883
8149,0.8212,20,99,20,386552,219058,45706,62250,2.0291415020934456,0.2212876988923173
8150,0.8213,25,104,25,386656,218954,45731,62225,2.0281781466523396,0.22130031047837853
8151,0.8214,23,103,23,386759,218851,45754,62202,2.027224054244322,0.2213176874112712
8152,0.8215,13,59,13,386818,218792,45767,62189,2.026677535292156,0.2213281325071802
8153,0.8216,33,183,33,387001,218609,45800,62156,2.0249824002371337,0.22138087012270047
8154,0.8217,45,254,45,387255,218355,45845,62111,2.0226295898328948,0.2214564332218522
8155,0.8218,25,178,25,387433,218177,45870,62086,2.02098076994331,0.2215276365413915
8156,0.8219,30,176,30,387609,218001,45900,62056,2.0193504761199006,0.22158346336638612
8157,0.822,38,324,38,387933,217677,45938,62018,2.0163492533995333,0.22173438924542804
8158,0.8221,29,144,29,388077,217533,45967,61989,2.0150153766349255,0.22176787515830595
8159,0.8222,34,197,34,388274,217336,46001,61955,2.013190559116677,0.22182956128196038
8160,0.8223,53,305,53,388579,217031,46054,61902,2.010365334024973,0.22192426138176552
8161,0.8224,33,220,33,388799,216811,46087,61869,2.0083274667457114,0.22200732022391273
8162,0.8225,21,105,21,388904,216706,46108,61848,2.007354848271518,0.22203235279335426
8163,0.8226,37,208,37,389112,216498,46145,61811,2.005428137389307,0.22209486577868484
8164,0.8227,27,139,27,389251,216359,46172,61784,2.004140575790137,0.22213034302499074
8165,0.8228,45,222,45,389473,216137,46217,61739,2.0020841824446998,0.22218183650261267
8166,0.8229,16,85,16,389558,216052,46233,61723,2.0012968246322576,0.2222050220502205
8167,0.823,19,142,19,389700,215910,46252,61704,1.9999814739338249,0.2222654477079686
8168,0.8231,31,165,31,389865,215745,46283,61673,1.9984530734743784,0.22231073686638936
8169,0.8232,37,211,37,390076,215534,46320,61636,1.9964985734929046,0.22237615903597072
8170,0.8233,21,96,21,390172,215438,46341,61615,1.9956093223164992,0.22239427113223822
8171,0.8234,32,150,32,390322,215288,46373,61583,1.9942198673533662,0.22242488379064618
8172,0.8235,22,122,22,390444,215166,46395,61561,1.9930897773166847,0.2224611259472332
8173,0.8236,22,127,22,390571,215039,46417,61539,1.9919133721145652,0.2225014281685456
8174,0.8237,34,190,34,390761,214849,46451,61505,1.9901533958279298,0.2225587471142086
8175,0.8238,43,287,43,391048,214562,46494,61462,1.9874949053318018,0.22266904327159956
8176,0.8239,41,162,41,391210,214400,46535,61421,1.985994293971618,0.2226842771217565
8177,0.824,24,117,24,391327,214283,46559,61397,1.9849105191003742,0.2227111143354614
8178,0.8241,24,110,24,391437,214173,46583,61373,1.9838915854607433,0.22273232055627734
8179,0.8242,30,158,30,391595,214015,46613,61343,1.9824280262329097,0.22277544142534447
8180,0.8243,31,238,31,391833,213777,46644,61312,1.9802234243580719,0.22288059500743396
8181,0.8244,32,156,32,391989,213621,46676,61280,1.9787783911964134,0.22291661361726586
8182,0.8245,27,164,27,392153,213457,46703,61253,1.9772592537700544,0.2229733173164428
8183,0.8246,32,222,32,392375,213235,46735,61221,1.9752028604246175,0.22306307750604834
8184,0.8247,30,149,30,392524,213086,46765,61191,1.9738226684945719,0.22309927554990028
8185,0.8248,21,109,21,392633,212977,46786,61170,1.9728129978880284,0.2231284675739658
8186,0.8249,32,157,32,392790,212820,46818,61138,1.9713587016932825,0.2231655947261989
8187,0.825,39,152,39,392942,212668,46857,61099,1.9699507206639741,0.22317883455639284
8188,0.8251,29,167,29,393109,212501,46886,61070,1.9684037941383528,0.2232327256909541
8189,0.8252,27,163,27,393272,212338,46913,61043,1.9668939197450814,0.22328910933824955
8190,0.8253,42,167,42,393439,212171,46955,61001,1.9653469932194598,0.22330619536409296
8191,0.8254,32,103,32,393542,212068,46987,60969,1.9643929008114418,0.22329940630757003
8192,0.8255,41,163,41,393705,211905,47028,60928,1.9628830264181705,0.22331609446071407
8193,0.8256,29,168,29,393873,211737,47057,60899,1.9613268368594612,0.22337108819084786
8194,0.8257,19,118,19,393991,211619,47076,60880,1.96023379895513,0.22341366390335377
8195,0.8258,31,161,31,394152,211458,47107,60849,1.9587424506280335,0.22345734777291806
8196,0.8259,42,261,42,394413,211197,47149,60807,1.956324798992182,0.22355185953147746
8197,0.826,25,143,25,394556,211054,47174,60782,1.9550001852606618,0.22359805176650627
8198,0.8261,30,210,30,394766,210844,47204,60752,1.9530549483122754,0.22368517945772398
8199,0.8262,27,177,27,394943,210667,47231,60725,1.9514153914557784,0.22375383209527178
8200,0.8263,25,193,25,395136,210474,47256,60700,1.9496276260698804,0.22384151872967173
8201,0.8264,34,193,34,395329,210281,47290,60666,1.9478398606839824,0.22390356785644425
8202,0.8265,12,105,12,395434,210176,47302,60654,1.9468672422097892,0.22395598715061107
8203,0.8266,35,222,35,395656,209954,47337,60619,1.944810848864352,0.2240393535201221
8204,0.8267,27,149,27,395805,209805,47364,60592,1.9434306569343065,0.2240853263904555
8205,0.8268,35,240,35,396045,209565,47399,60557,1.9412075289932935,0.22418388728056213
8206,0.8269,51,192,51,396237,209373,47450,60506,1.9394290266404832,0.22419676966344176
8207,0.827,16,109,16,396346,209264,47466,60490,1.9384193560339398,0.22424134581878305
8208,0.8271,12,88,12,396434,209176,47478,60478,1.937604209122235,0.2242800032634413
8209,0.8272,19,138,19,396572,209038,47497,60459,1.9363259105561526,0.22434015963071946
8210,0.8273,43,225,43,396797,208813,47540,60416,1.9342417281114528,0.22440376036756812
8211,0.8274,43,165,43,396962,208648,47583,60373,1.9327133276520063,0.22441742466201522
8212,0.8275,37,233,37,397195,208415,47620,60336,1.9305550409426062,0.22450521114340038
8213,0.8276,29,85,29,397280,208330,47649,60307,1.9297676831301642,0.22449253081295578
8214,0.8277,17,86,17,397366,208244,47666,60290,1.9289710622846346,0.22451533139192803
8215,0.8278,31,129,31,397495,208115,47697,60259,1.92777613101634,0.22453367315760842
8216,0.8279,46,219,46,397714,207896,47743,60213,1.9257475267701656,0.22458403112167066
8217,0.828,29,195,29,397909,207701,47772,60184,1.9239412353180925,0.2246635683222278
8218,0.8281,23,183,23,398092,207518,47795,60161,1.9222461002630702,0.2247505407596412
8219,0.8282,50,220,50,398312,207298,47845,60111,1.9202082329838082,0.2247904894749242
8220,0.8283,20,133,20,398445,207165,47865,60091,1.9189762495831635,0.22484434399976053
8221,0.8284,27,223,27,398668,206942,47892,60064,1.9169105932046389,0.22495374635775975
8222,0.8285,20,127,20,398795,206815,47912,60044,1.9157341880025196,0.22500271679051484
8223,0.8286,16,102,16,398897,206713,47928,60028,1.914789358627589,0.22504226946738595
8224,0.8287,24,116,24,399013,206597,47952,60004,1.9137148467894327,0.22507042359180948
8225,0.8288,39,233,39,399246,206364,47991,59965,1.9115565600800326,0.22515385106390967
8226,0.8289,65,255,65,399501,206109,48056,59900,1.9091944866427062,0.22518035104075426
8227,0.829,26,147,26,399648,205962,48082,59874,1.9078328207788358,0.22522908861102334
8228,0.8291,35,208,35,399856,205754,48117,59839,1.9059061098966246,0.22530337772456352
8229,0.8292,44,228,44,400084,205526,48161,59795,1.9037941383526622,0.22536851587322526
8230,0.8293,34,189,34,400273,205337,48195,59761,1.9020434250991145,0.2254298410399173
8231,0.8294,17,130,17,400403,205207,48212,59744,1.9008392307977324,0.22549075112001843
8232,0.8295,34,215,34,400618,204992,48246,59710,1.8988476786839084,0.22557441953593096
8233,0.8296,37,234,37,400852,204758,48283,59673,1.8966801289414206,0.2256656745994229
8234,0.8297,21,86,21,400938,204672,48304,59652,1.895883508095891,0.2256775775185
8235,0.8298,35,191,35,401129,204481,48339,59617,1.894114268776168,0.22573817295095003
8236,0.8299,34,212,34,401341,204269,48373,59583,1.8921505057616066,0.22581977775419554
8237,0.83,22,143,22,401484,204126,48395,59561,1.8908258920300864,0.22587765039611357
8238,0.8301,38,159,38,401643,203967,48433,59523,1.8893530697691652,0.22590231128316066
8239,0.8302,23,125,23,401768,203842,48456,59500,1.8881951906332208,0.22594193102505486
8240,0.8303,49,339,49,402107,203503,48505,59451,1.88505502241654,0.2260889737368513
8241,0.8304,25,197,25,402304,203306,48530,59426,1.8832302048982918,0.22618485757349696
8242,0.8305,38,173,38,402477,203133,48568,59388,1.881627700174145,0.22622190224782018
8243,0.8306,46,199,46,402676,202934,48614,59342,1.8797843565897217,0.22625783525751497
8244,0.8307,19,153,19,402829,202781,48633,59323,1.878367112527326,0.22633382168910052
8245,0.8308,25,175,25,403004,202606,48658,59298,1.8767460817370039,0.22641120410532103
8246,0.8309,19,125,19,403129,202481,48677,59279,1.8755882026010597,0.22646317237163816
8247,0.831,48,256,48,403385,202225,48725,59231,1.8732168661306459,0.22654289823144239
8248,0.8311,56,238,56,403623,201987,48781,59175,1.871012264255808,0.2265834998966159
8249,0.8312,16,74,16,403697,201913,48797,59159,1.870326799807329,0.22660032481461054
8250,0.8313,49,286,49,403983,201627,48846,59110,1.8676775723442884,0.2267035365138051
8251,0.8314,32,152,32,404135,201475,48878,59078,1.8662695913149803,0.22674081664766862
8252,0.8315,39,283,39,404418,201192,48917,59039,1.8636481529512023,0.22687151031199204
8253,0.8316,38,123,38,404541,201069,48955,59001,1.8625087998814331,0.22686584381128158
8254,0.8317,21,137,21,404678,200932,48976,58980,1.8612397643484382,0.22692295853981348
8255,0.8318,14,92,14,404770,200840,48990,58966,1.8603875653043833,0.22696165600486518
8256,0.8319,32,185,32,404955,200655,49022,58934,1.8586739041831857,0.22702810981975352
8257,0.832,28,227,28,405182,200428,49050,58906,1.856571195672311,0.22714337495276363
8258,0.8321,43,245,43,405427,200183,49093,58863,1.8543017525658603,0.22722991283401403
8259,0.8322,39,158,39,405585,200025,49132,58824,1.8528381933380267,0.22725218177392997
8260,0.8323,52,245,52,405830,199780,49184,58772,1.8505687502315757,0.2273121074290665
8261,0.8324,16,71,16,405901,199709,49200,58756,1.8499110748823595,0.2273267173505117
8262,0.8325,23,112,23,406013,199597,49223,58733,1.8488736151765535,0.22735648201912284
8263,0.8326,32,187,32,406200,199410,49255,58701,1.8471414279891807,0.2274254099980241
8264,0.8327,41,218,41,406418,199192,49296,58660,1.845122086776094,0.22749484200238898
8265,0.8328,21,151,21,406569,199041,49317,58639,1.8437233687798733,0.22756519714374418
8266,0.8329,20,108,20,406677,198933,49337,58619,1.8427229612064173,0.22760063987078338
8267,0.833,25,196,25,406873,198737,49362,58594,1.8409074067212567,0.22769895581954758
8268,0.8331,23,133,23,407006,198604,49385,58571,1.839675423320612,0.22774764265577913
8269,0.8332,30,122,30,407128,198482,49415,58541,1.8385453332839305,0.22776560852530708
8270,0.8333,31,205,31,407333,198277,49446,58510,1.836646411500982,0.22785421380365828
8271,0.8334,28,194,28,407527,198083,49474,58482,1.8348493830819963,0.22794223686005496
8272,0.8335,21,155,21,407682,197928,49495,58461,1.8334136129534255,0.22801680259293494
8273,0.8336,37,152,37,407834,197776,49532,58424,1.8320056319241171,0.22804059328649492
8274,0.8337,34,184,34,408018,197592,49566,58390,1.8303012338360072,0.2281019759201819
8275,0.8338,49,207,49,408225,197385,49615,58341,1.8283837859868834,0.22813871096407873
8276,0.8339,25,126,25,408351,197259,49640,58316,1.8272166438178516,0.22817568228504354
8277,0.834,36,161,36,408512,197098,49676,58280,1.8257252954907555,0.22821073075989318
8278,0.8341,23,104,23,408616,196994,49699,58257,1.8247619400496498,0.22823416950374337
8279,0.8342,32,194,32,408810,196800,49731,58225,1.8229649116306643,0.22831094990687187
8280,0.8343,48,191,48,409001,196609,49779,58177,1.8211956723109415,0.228336721797901
8281,0.8344,45,167,45,409168,196442,49824,58132,1.8196487457853199,0.22835010645234785
8282,0.8345,21,147,21,409315,196295,49845,58111,1.8182870799214494,0.22841835491301304
8283,0.8346,23,185,23,409500,196110,49868,58088,1.816573418800252,0.22851477981730778
8284,0.8347,26,145,26,409645,195965,49894,58062,1.8152302790025565,0.22856625476819392
8285,0.8348,13,92,13,409737,195873,49907,58049,1.8143780799585016,0.228609573018486
8286,0.8349,58,282,58,410019,195591,49965,57991,1.8117659046278114,0.22868736739989431
8287,0.835,44,267,44,410286,195324,50009,57947,1.8092926747934344,0.2287944533720797
8288,0.8351,36,159,36,410445,195165,50045,57911,1.8078198525325133,0.2288284942072737
8289,0.8352,66,362,66,410807,194803,50111,57845,1.8044666345548186,0.22895490959754283
8290,0.8353,52,233,52,411040,194570,50163,57793,1.8023083478454185,0.22900742184868622
8291,0.8354,37,208,37,411248,194362,50200,57756,1.8003816369632073,0.22908320706970545
8292,0.8355,43,213,43,411461,194149,50243,57713,1.7984086109155581,0.22914532561482082
8293,0.8356,31,146,31,411607,194003,50274,57682,1.7970562080847752,0.22918330452748475
8294,0.8357,36,198,36,411805,193805,50310,57646,1.7952221275334395,0.22925341318984613
8295,0.8358,49,311,49,412116,193494,50359,57597,1.7923413242432102,0.22938695532695316
8296,0.8359,37,229,37,412345,193265,50396,57560,1.7902200896661602,0.22948270706667995
8297,0.836,31,98,31,412443,193167,50427,57529,1.78931231242358,0.22947713565433833
8298,0.8361,43,238,43,412681,192929,50470,57486,1.787107710548742,0.22956292554359764
8299,0.8362,33,191,33,412872,192738,50503,57453,1.7853384712290192,0.22963655766994018
8300,0.8363,33,172,33,413044,192566,50536,57420,1.7837452295379599,0.2296928628003168
8301,0.8364,32,114,32,413158,192452,50568,57388,1.7826892437659787,0.2296990073647134
8302,0.8365,29,154,29,413312,192298,50597,57359,1.7812627366704954,0.229751218672018
8303,0.8366,58,298,58,413610,192000,50655,57301,1.7785023528104043,0.22984665123685827
8304,0.8367,23,139,23,413749,191861,50678,57278,1.7772147912112342,0.22990378864810407
8305,0.8368,25,144,25,413893,191717,50703,57253,1.7758809144466263,0.2299594328633972
8306,0.8369,41,187,41,414080,191530,50744,57212,1.7741487272592538,0.2300053871079271
8307,0.837,40,186,40,414266,191344,50784,57172,1.7724258031049687,0.23005359815866985
8308,0.8371,43,255,43,414521,191089,50827,57129,1.7700637296676425,0.23015655593067386
8309,0.8372,51,225,51,414746,190864,50878,57078,1.7679795472229427,0.23020706455542023
8310,0.8373,55,244,55,414990,190620,50933,57023,1.7657193671495794,0.2302629187984316
8311,0.8374,31,167,31,415157,190453,50964,56992,1.7641724406239578,0.2303218897128655
8312,0.8375,11,96,11,415253,190357,50975,56981,1.7632831894475527,0.23037705488036614
8313,0.8376,29,153,29,415406,190204,51004,56952,1.7618659453851568,0.230429364449983
8314,0.8377,38,175,38,415581,190029,51042,56914,1.760244914594835,0.23047423899442382
8315,0.8378,33,165,33,415746,189864,51075,56881,1.7587165141353884,0.23052544124501004
8316,0.8379,20,145,20,415891,189719,51095,56861,1.7573733743376931,0.23059858869332467
8317,0.838,39,147,39,416038,189572,51134,56822,1.7560117084738227,0.23061438184371372
8318,0.8381,39,183,39,416221,189389,51173,56783,1.7543165734188002,0.23066392603545488
8319,0.8382,33,200,33,416421,189189,51206,56750,1.7524639668012894,0.23074827497875489
8320,0.8383,36,187,36,416608,189002,51242,56714,1.7507317796139168,0.23081118038711357
8321,0.8384,37,163,37,416771,188839,51279,56677,1.7492219052206455,0.2308484986721843
8322,0.8385,23,117,23,416888,188722,51302,56654,1.7481381303494017,0.2308864762649974
8323,0.8386,32,156,32,417044,188566,51334,56622,1.7466930971877432,0.23093299835228479
8324,0.8387,38,166,38,417210,188400,51372,56584,1.745155433695209,0.23097018580805276
8325,0.8388,27,166,27,417376,188234,51399,56557,1.7436177702026752,0.2310419909228689
8326,0.8389,41,212,41,417588,188022,51440,56516,1.7416540071881137,0.23111336479401975
8327,0.839,36,191,36,417779,187831,51476,56480,1.7398847678683909,0.23118074912713713
8328,0.8391,11,101,11,417880,187730,51487,56469,1.7389492015265477,0.23124173317663055
8329,0.8392,40,149,40,418029,187581,51527,56429,1.7375690095965022,0.23125691570017623
8330,0.8393,40,270,40,418299,187311,51567,56389,1.7350679906628625,0.23138695116947067
8331,0.8394,7,39,7,418338,187272,51574,56382,1.734706732372448,0.23140190598143268
8332,0.8395,49,261,49,418599,187011,51623,56333,1.7322890807365965,0.23149533171148662
8333,0.8396,44,193,44,418792,186818,51667,56289,1.7305013153506985,0.2315400214720267
8334,0.8397,66,273,66,419065,186545,51733,56223,1.727972507317796,0.2315914782837936
8335,0.8398,39,255,39,419320,186290,51772,56184,1.7256104338804699,0.23171144122668821
8336,0.8399,25,130,25,419450,186160,51797,56159,1.7244062395790878,0.2317564862846083
8337,0.84,22,127,22,419577,186033,51819,56137,1.7232298343769683,0.2318082338852872
8338,0.8401,42,173,42,419750,185860,51861,56095,1.7216273296528215,0.23184063152239054
8339,0.8402,31,156,31,419906,185704,51892,56064,1.720182296491163,0.23189173091558848
8340,0.8403,46,257,46,420163,185447,51938,56018,1.7178016969876617,0.23199221419253307
8341,0.8404,59,221,59,420384,185226,51997,55959,1.7157545666753122,0.23201691647490516
8342,0.8405,35,138,35,420522,185088,52032,55924,1.7144762681092296,0.23203823875989577
8343,0.8406,50,205,50,420727,184883,52082,55874,1.712577346326281,0.23207632592198774
8344,0.8407,31,125,31,420852,184758,52113,55843,1.7114194671903369,0.23209795470509267
8345,0.8408,48,179,48,421031,184579,52161,55795,1.7097613842676647,0.23211745030660555
8346,0.8409,57,276,57,421307,184303,52218,55738,1.7072047871354996,0.2322019988252007
8347,0.841,30,147,30,421454,184156,52248,55708,1.7058431212716292,0.23224827402194578
8348,0.8411,19,136,19,421590,184020,52267,55689,1.704583348771722,0.23231918701425477
8349,0.8412,49,137,49,421727,183883,52316,55640,1.703314313238727,0.2322950196849572
8350,0.8413,49,205,49,421932,183678,52365,55591,1.7014153914557784,0.23233682591560126
8351,0.8414,17,102,17,422034,183576,52382,55574,1.7004705620808478,0.2323813506167677
8352,0.8415,51,280,51,422314,183296,52433,55523,1.6978769128163327,0.2324898772710714
8353,0.8416,55,244,55,422558,183052,52488,55468,1.6956167327429694,0.23255072949857455
8354,0.8417,41,177,41,422735,182875,52529,55427,1.6939771758864723,0.2325914176129449
8355,0.8418,56,325,56,423060,182550,52585,55371,1.6909666901330171,0.23272851072414794
8356,0.8419,60,300,60,423360,182250,52645,55311,1.6881877802067509,0.2328286208594845
8357,0.842,17,91,17,423451,182159,52662,55294,1.6873448441957835,0.23286292445241796
8358,0.8421,64,372,64,423823,181787,52726,55230,1.6838989958872133,0.233021260078391
8359,0.8422,30,139,30,423962,181648,52756,55200,1.6826114342880434,0.23306086604066742
8360,0.8423,17,104,17,424066,181544,52773,55183,1.6816480788469377,0.23310817946410844
8361,0.8424,30,144,30,424210,181400,52803,55153,1.6803142020823298,0.23315282410284377
8362,0.8425,49,155,49,424365,181245,52852,55104,1.6788784319537589,0.23314674485612377
8363,0.8426,42,265,42,424630,180980,52894,55062,1.6764237281855572,0.23327204480558544
8364,0.8427,12,62,12,424692,180918,52906,55050,1.6758494201341287,0.23329434499593166
8365,0.8428,50,185,50,424877,180733,52956,55000,1.674135759012931,0.2333148095514841
8366,0.8429,37,222,37,425099,180511,52993,54963,1.6720793656674942,0.23341430476400793
8367,0.843,44,179,44,425278,180332,53037,54919,1.670421282744822,0.23344852944302044
8368,0.8431,15,98,15,425376,180234,53052,54904,1.6695135055022416,0.23349692520987675
8369,0.8432,52,206,52,425582,180028,53104,54852,1.6676053206862056,0.23353201634877385
8370,0.8433,40,183,40,425765,179845,53144,54812,1.665910185631183,0.23358348568335913
8371,0.8434,31,191,31,425956,179654,53175,54781,1.6641409463114603,0.23367244652035746
8372,0.8435,21,161,21,426117,179493,53196,54760,1.662649597984364,0.23376434880236327
8373,0.8436,23,180,23,426297,179313,53219,54737,1.6609822520286042,0.23386883144627216
8374,0.8437,24,161,24,426458,179152,53243,54713,1.659490903701508,0.23395121116883671
8375,0.8438,53,322,53,426780,178830,53296,54660,1.6565082070473156,0.234099961454452
8376,0.8439,22,155,22,426935,178675,53318,54638,1.6550724369187446,0.23418326454162433
8377,0.844,30,134,30,427069,178541,53348,54608,1.6538311904850125,0.23421931897627699
8378,0.8441,26,142,26,427211,178399,53374,54582,1.6525158397865798,0.23427661483125234
8379,0.8442,29,180,29,427391,178219,53403,54553,1.6508484938308199,0.23436238035502552
8380,0.8443,20,131,20,427522,178088,53423,54533,1.6496350364963503,0.23442853396726865
8381,0.8444,47,196,47,427718,177892,53470,54486,1.6478194820111898,0.23447142156314282
8382,0.8445,28,156,28,427874,177736,53498,54458,1.6463744488495313,0.23453663746694575
8383,0.8446,30,172,30,428046,177564,53528,54428,1.644781207158472,0.23461153832890788
8384,0.8447,46,194,46,428240,177370,53574,54382,1.6429841787394865,0.2346560115986054
8385,0.8448,38,186,38,428426,177184,53612,54344,1.6412612545852014,0.23471891088766803
8386,0.8449,40,227,40,428653,176957,53652,54304,1.6391585460743265,0.23481693843752297
8387,0.845,19,136,19,428789,176821,53671,54285,1.6378987735744193,0.23489221396242416
8388,0.8451,35,150,35,428939,176671,53706,54250,1.636509318611286,0.23492882847380706
8389,0.8452,20,102,20,429041,176569,53726,54230,1.6355644892363554,0.2349663560067418
8390,0.8453,33,114,33,429155,176455,53759,54197,1.6345085034643745,0.23497303296741412
8391,0.8454,27,133,27,429288,176322,53786,54170,1.6332765200637296,0.2350190028287316
8392,0.8455,34,187,34,429475,176135,53820,54136,1.631544332876357,0.23509690755674836
8393,0.8456,28,181,28,429656,175954,53848,54108,1.6298677238875097,0.23518877519972878
8394,0.8457,18,107,18,429763,175847,53866,54090,1.6288765793471414,0.23523834789529305
8395,0.8458,50,301,50,430064,175546,53916,54040,1.6260884063877876,0.23538020611012866
8396,0.8459,30,206,30,430270,175340,53946,54010,1.6241802215717513,0.2354916067146283
8397,0.846,50,289,50,430559,175051,53996,53960,1.6215032050094482,0.23562186969184887
8398,0.8461,39,248,39,430807,174803,54035,53921,1.619205972803735,0.23574701386824296
8399,0.8462,43,221,43,431028,174582,54078,53878,1.6171588424913854,0.23583121771863783
8400,0.8463,21,162,21,431190,174420,54099,53857,1.6156582311312015,0.2359282801158242
8401,0.8464,18,93,18,431283,174327,54117,53839,1.614796769054059,0.23596416644022333
8402,0.8465,32,182,32,431465,174145,54149,53807,1.6131108970321242,0.2360453077840949
8403,0.8466,40,164,40,431629,173981,54189,53767,1.6115917596057654,0.2360811071886471
8404,0.8467,53,299,53,431928,173682,54242,53714,1.6088221127125866,0.23621347780963606
8405,0.8468,42,181,42,432109,173501,54284,53672,1.6071455037237392,0.23626047109471637
8406,0.8469,23,170,23,432279,173331,54307,53649,1.605570788098855,0.23636003172085646
8407,0.847,59,258,59,432537,173073,54366,53590,1.6031809255622662,0.2364302951959517
8408,0.8471,37,175,37,432712,172898,54403,53553,1.601559894771944,0.23648824690551157
8409,0.8472,41,270,41,432982,172628,54444,53512,1.5990588758383044,0.23663217475899884
8410,0.8473,27,92,27,433074,172536,54471,53485,1.5982066767942495,0.23663730361338106
8411,0.8474,55,304,55,433378,172232,54526,53430,1.595390714735633,0.23677003660341572
8412,0.8475,34,143,34,433521,172089,54560,53396,1.5940661010041128,0.23680510898729407
8413,0.8476,32,139,32,433660,171950,54592,53364,1.5927785394049427,0.23684280603957145
8414,0.8477,42,177,42,433837,171773,54634,53322,1.5911389825484457,0.23688664785979252
8415,0.8478,35,186,35,434023,171587,54669,53287,1.5894160583941606,0.23696381084518442
8416,0.8479,50,176,50,434199,171411,54719,53237,1.5877857645707512,0.23697963035504432
8417,0.848,42,215,42,434414,171196,54761,53195,1.5857942124569269,0.2370638751108556
8418,0.8481,28,181,28,434595,171015,54789,53167,1.5841176034680795,0.23715998608273633
8419,0.8482,37,185,37,434780,170830,54826,53130,1.582403942346882,0.23722986247544203
8420,0.8483,39,217,39,434997,170613,54865,53091,1.5803938641668829,0.23732700354039266
8421,0.8484,41,214,41,435211,170399,54906,53050,1.5784115750861463,0.23741435405842048
8422,0.8485,28,144,28,435355,170255,54934,53022,1.5770776983215384,0.23747183991185836
8423,0.8486,31,159,31,435514,170096,54965,52991,1.5756048760606174,0.2375351320336909
8424,0.8487,9,87,9,435601,170009,54974,52982,1.574798992182,0.2375970330641147
8425,0.8488,45,262,45,435863,169747,55019,52937,1.572372077513061,0.2377225126187782
8426,0.8489,12,109,12,435972,169638,55031,52925,1.5713624069065175,0.23779783701693452
8427,0.849,39,143,39,436115,169495,55070,52886,1.5700377931749971,0.2378170796965568
8428,0.8491,25,84,25,436199,169411,55095,52861,1.5692596983956426,0.23782122804491793
8429,0.8492,36,156,36,436355,169255,55131,52825,1.5678146652339842,0.23786473342939482
8430,0.8493,34,173,34,436528,169082,55165,52791,1.5662121605098374,0.23793341235751983
8431,0.8494,29,122,29,436650,168960,55194,52762,1.5650820704731558,0.23796465844616232
8432,0.8495,54,285,54,436935,168675,55248,52708,1.5624421060432028,0.23808512848773392
8433,0.8496,24,159,24,437094,168516,55272,52684,1.5609692837822817,0.23817359855334538
8434,0.8497,32,136,32,437230,168380,55304,52652,1.5597095112823742,0.23820985196713598
8435,0.8498,59,307,59,437537,168073,55363,52593,1.556865760124495,0.2383375780591482
8436,0.8499,20,109,20,437646,167964,55383,52573,1.5558560895179518,0.23838630252519985
8437,0.85,35,153,35,437799,167811,55418,52538,1.554438845455556,0.23843085287430393
8438,0.8501,48,191,48,437990,167620,55466,52490,1.5526696061358332,0.23847167325428195
8439,0.8502,39,197,39,438187,167423,55505,52451,1.550844788617585,0.23855026060380036
8440,0.8503,30,148,30,438335,167275,55535,52421,1.549473859720627,0.23860698419634405
8441,0.8504,31,164,31,438499,167111,55566,52390,1.547954722294268,0.23867772811968965
8442,0.8505,36,207,36,438706,166904,55602,52354,1.5460372744451443,0.23877806054967207
8443,0.8506,41,248,41,438954,166656,55643,52313,1.543740042239431,0.2389059638578977
8444,0.8507,24,132,24,439086,166524,55667,52289,1.5425173218718737,0.2389666061888462
8445,0.8508,31,153,31,439239,166371,55698,52258,1.5411000778094779,0.2390259297714393
8446,0.8509,24,131,24,439370,166240,55722,52234,1.5398866204750083,0.23908565778994298
8447,0.851,29,130,29,439500,166110,55751,52205,1.5386824261736263,0.23912694959118705
8448,0.8511,41,172,41,439672,165938,55792,52164,1.537089184482567,0.23917249727191864
8449,0.8512,34,162,34,439834,165776,55826,52130,1.5355885731223833,0.23923159527502685
8450,0.8513,59,253,59,440087,165523,55885,52071,1.533245025751232,0.23930347344136327
8451,0.8514,16,69,16,440156,165454,55901,52055,1.5326058764681907,0.23932343029483838
8452,0.8515,24,117,24,440273,165337,55925,52031,1.531522101596947,0.23936826027750174
8453,0.8516,37,165,37,440438,165172,55962,51994,1.5299937011375004,0.23942053544293307
8454,0.8517,33,155,33,440593,165017,55995,51961,1.5285579310089297,0.23947589156504345
8455,0.8518,36,243,36,440836,164774,56031,51925,1.5263070139686539,0.23961808776228777
8456,0.8519,39,252,39,441088,164522,56070,51886,1.5239727296305903,0.2397600828065506
8457,0.852,32,199,32,441287,164323,56102,51854,1.5221293860461669,0.23986825610495102
8458,0.8521,23,151,23,441438,164172,56125,51831,1.5207306680499462,0.2399550006249913
8459,0.8522,43,245,43,441683,163927,56168,51788,1.5184612249434954,0.24007602623832372
8460,0.8523,27,161,27,441844,163766,56195,51761,1.5169698766163993,0.240160165547704
8461,0.8524,43,209,43,442053,163557,56238,51718,1.5150339027011004,0.24024155150389037
8462,0.8525,37,180,37,442233,163377,56275,51681,1.5133665567453407,0.24031191585525766
8463,0.8526,38,193,38,442426,163184,56313,51643,1.5115787913594427,0.24039343285527423
8464,0.8527,50,231,50,442657,162953,56363,51593,1.5094390307162178,0.24047523607990828
8465,0.8528,37,172,37,442829,162781,56400,51556,1.5078457890251584,0.24053709812118299
8466,0.8529,13,88,13,442917,162693,56413,51543,1.5070306421134536,0.2405898168375063
8467,0.853,22,139,22,443056,162554,56435,51521,1.5057430805142835,0.24066799019035384
8468,0.8531,26,157,26,443213,162397,56461,51495,1.5042887843195376,0.24075234230359246
8469,0.8532,33,176,33,443389,162221,56494,51462,1.502658490496128,0.24083338403148588
8470,0.8533,30,154,30,443543,162067,56524,51432,1.5012319834006447,0.24090042576311832
8471,0.8534,42,253,42,443796,161814,56566,51390,1.4988884360294934,0.24103675353182868
8472,0.8535,50,233,50,444029,161581,56616,51340,1.4967301493200933,0.24112229418422795
8473,0.8536,34,115,34,444144,161466,56650,51306,1.4956649005150247,0.2411313518696069
8474,0.8537,37,168,37,444312,161298,56687,51269,1.4941087109563156,0.24118983661621982
8475,0.8538,32,205,32,444517,161093,56719,51237,1.492209789173367,0.24130834079027927
8476,0.8539,51,257,51,444774,160836,56770,51186,1.4898291896698654,0.2414183433794606
8477,0.854,31,154,31,444928,160682,56801,51155,1.4884026825743821,0.24148283821995215
8478,0.8541,90,340,90,445268,160342,56891,51065,1.4852532513246137,0.2415482931028774
8479,0.8542,26,138,26,445406,160204,56917,51039,1.4839749527585313,0.24161273983043224
8480,0.8543,52,185,52,445591,160019,56969,50987,1.4822612916373337,0.24163767854942514
8481,0.8544,31,116,31,445707,159903,57000,50956,1.4811867797991773,0.24165911817849842
8482,0.8545,64,339,64,446046,159564,57064,50892,1.4780466115824966,0.24181776713422284
8483,0.8546,52,215,52,446261,159349,57116,50840,1.4760550594686723,0.2418775483017665
8484,0.8547,42,166,42,446427,159183,57158,50798,1.4745173959761384,0.24191712583519462
8485,0.8548,27,194,27,446621,158989,57185,50771,1.472720367557153,0.24204328756674295
8486,0.8549,44,139,44,446760,158850,57229,50727,1.4714328059579829,0.24204469001846576
8487,0.855,35,140,35,446900,158710,57264,50692,1.4701359813257253,0.24207982731779065
8488,0.8551,55,246,55,447146,158464,57319,50637,1.467857275186187,0.24216526941525865
8489,0.8552,31,160,31,447306,158304,57350,50606,1.4663751898921782,0.24223828442870135
8490,0.8553,34,226,34,447532,158078,57384,50572,1.464281744414391,0.2423771866762521
8491,0.8554,35,168,35,447700,157910,57419,50537,1.462725554855682,0.24244532183240824
8492,0.8555,43,223,43,447923,157687,57462,50494,1.4606598984771573,0.24254855150085744
8493,0.8556,27,175,27,448098,157512,57489,50467,1.4590388676868353,0.24265430644440064
8494,0.8557,36,151,36,448249,157361,57525,50431,1.4576401496906146,0.2426994301994302
8495,0.8558,16,104,16,448353,157257,57541,50415,1.4566767942495091,0.24276262567895526
8496,0.8559,36,155,36,448508,157102,57577,50379,1.4552410241209381,0.24281259488820664
8497,0.856,36,184,36,448692,156918,57613,50343,1.4535366260328282,0.2428966375729153
8498,0.8561,53,199,53,448891,156719,57666,50290,1.451693282448405,0.24293629745566617
8499,0.8562,29,163,29,449054,156556,57695,50261,1.4501834080551337,0.24302160847512536
8500,0.8563,28,212,28,449266,156344,57723,50233,1.448219645040572,0.24316840693784883
8501,0.8564,32,241,32,449507,156103,57755,50201,1.4459872540664716,0.24333507833100668
8502,0.8565,43,219,43,449726,155884,57798,50158,1.4439586498202972,0.2434358043505693
8503,0.8566,49,196,49,449922,155688,57847,50109,1.4421430953351366,0.24348751439525357
8504,0.8567,47,268,47,450190,155420,57894,50062,1.439660602467672,0.24363204562930085
8505,0.8568,30,125,30,450315,155295,57924,50032,1.4385027233317278,0.2436698534532721
8506,0.8569,26,115,26,450430,155180,57950,50006,1.437437474526659,0.24371058454280506
8507,0.857,35,207,35,450637,154973,57985,49971,1.4355200266775352,0.24382758216878758
8508,0.8571,28,164,28,450801,154809,58013,49943,1.4340008892511764,0.24391947331405797
8509,0.8572,34,122,34,450923,154687,58047,49909,1.432870799214495,0.24393927545015542
8510,0.8573,49,266,49,451189,154421,58096,49860,1.4304068324132053,0.24407556258291274
8511,0.8574,30,166,30,451355,154255,58126,49830,1.4288691689206714,0.24416297131097336
8512,0.8575,25,129,25,451484,154126,58151,49805,1.427674237652377,0.24422476229705145
8513,0.8576,36,246,36,451730,153880,58187,49769,1.4253955315128386,0.24438617425079426
8514,0.8577,29,156,29,451886,153724,58216,49740,1.4239504983511801,0.24446585145283686
8515,0.8578,16,81,16,451967,153643,58232,49724,1.4232001926710882,0.2445037788825129
8516,0.8579,52,219,52,452186,153424,58284,49672,1.4211715884249139,0.244573994564147
8517,0.858,37,223,37,452409,153201,58321,49635,1.4191059320463892,0.2447050819381175
8518,0.8581,51,222,51,452631,152979,58372,49584,1.4170495387009523,0.24478310451563218
8519,0.8582,38,159,38,452790,152820,58410,49546,1.415576716440031,0.2448336182955635
8520,0.8583,31,180,31,452970,152640,58441,49515,1.4139093704842713,0.2449358165763894
8521,0.8584,60,341,60,453311,152299,58501,49455,1.4107506762014155,0.24512525154395948
8522,0.8585,45,231,45,453542,152068,58546,49410,1.4086109155581903,0.24523769344543822
8523,0.8586,38,163,38,453705,151905,58584,49372,1.407101041164919,0.24529379909279253
8524,0.8587,39,172,39,453877,151733,58623,49333,1.4055077994738596,0.24535724587946248
8525,0.8588,52,205,52,454082,151528,58675,49281,1.403608877690911,0.245412307217306
8526,0.8589,34,176,34,454258,151352,58709,49247,1.4019785838675016,0.24549972831370045
8527,0.859,49,234,49,454492,151118,58758,49198,1.3998110341250138,0.24560194892070528
8528,0.8591,41,295,41,454787,150823,58799,49157,1.3970784393641853,0.2458095809580958
8529,0.8592,28,143,28,454930,150680,58827,49129,1.3957538256326651,0.24587981522353847
8530,0.8593,51,135,51,455065,150545,58878,49078,1.3945033161658453,0.24585343372256704
8531,0.8594,26,134,26,455199,150411,58904,49052,1.393262069732113,0.24592029599474588
8532,0.8595,23,139,23,455338,150272,58927,49029,1.391974508132943,0.24600478672962003
8533,0.8596,10,82,10,455420,150190,58937,49019,1.3912149394197637,0.24606819972993188
8534,0.8597,30,189,30,455609,150001,58967,48989,1.3894642261662158,0.2461882506658626
8535,0.8598,38,207,38,455816,149794,59005,48951,1.387546778317092,0.24630053586253742
8536,0.8599,24,125,24,455941,149669,59029,48927,1.386388899181148,0.24636447864005317
8537,0.86,56,221,56,456162,149448,59085,48871,1.3843417688687985,0.2464262123145034
8538,0.8601,20,84,20,456246,149364,59105,48851,1.383563674089444,0.24645460737078426
8539,0.8602,44,269,44,456515,149095,59149,48807,1.3810719181888917,0.24662206546674617
8540,0.8603,50,262,50,456777,148833,59199,48757,1.3786450035199527,0.2467584391922668
8541,0.8604,41,176,41,456953,148657,59240,48716,1.377014709696543,0.24682200706276947
8542,0.8605,38,193,38,457146,148464,59278,48678,1.375226944310645,0.2469184648628907
8543,0.8606,24,155,24,457301,148309,59302,48654,1.373791174182074,0.24702101409909474
8544,0.8607,48,213,48,457514,148096,59350,48606,1.3718181481344252,0.24710475745035637
8545,0.8608,51,208,51,457722,147888,59401,48555,1.369891437252214,0.247170935080405
8546,0.8609,22,81,22,457803,147807,59423,48533,1.369141131572122,0.24718855047366814
8547,0.861,29,157,29,457960,147650,59452,48504,1.367686835377376,0.247275100176392
8548,0.8611,29,131,29,458091,147519,59481,48475,1.3664733780429064,0.24732899986734289
8549,0.8612,59,342,59,458433,147177,59540,48416,1.3633054207269628,0.2475344209659855
8550,0.8613,29,130,29,458563,147047,59569,48387,1.3621012264255807,0.247587420817258
8551,0.8614,25,105,25,458668,146942,59594,48362,1.3611286079513876,0.2476242166059067
8552,0.8615,16,115,16,458783,146827,59610,48346,1.360063359146319,0.24770844327852726
8553,0.8616,48,132,48,458915,146695,59658,48298,1.3588406387787617,0.2476909427517911
8554,0.8617,52,194,52,459109,146501,59710,48246,1.3570436103597763,0.24773680724221683
8555,0.8618,37,138,37,459247,146363,59747,48209,1.3557653117936936,0.24776946323211974
8556,0.8619,25,186,25,459433,146177,59772,48184,1.3540423876394085,0.24790981729873793
8557,0.862,32,120,32,459553,146057,59804,48152,1.3529308236689022,0.24793907594395728
8558,0.8621,33,140,33,459693,145917,59837,48119,1.3516339990366446,0.24799006369951967
8559,0.8622,39,131,39,459824,145786,59876,48080,1.350420541702175,0.24800635490493433
8560,0.8623,44,237,44,460061,145549,59920,48036,1.3482252028604247,0.2481390603610817
8561,0.8624,24,94,24,460155,145455,59944,48012,1.3473544777501945,0.24816635395183675
8562,0.8625,40,245,40,460400,145210,59984,47972,1.3450850346437437,0.24832541334078745
8563,0.8626,19,106,19,460506,145104,60003,47953,1.3441031531364631,0.2483877818468121
8564,0.8627,41,165,41,460671,144939,60044,47912,1.3425747526770166,0.24844050588277997
8565,0.8628,39,118,39,460789,144821,60083,47873,1.3414817147726852,0.24844053265799662
8566,0.8629,40,194,40,460983,144627,60123,47833,1.3396846863536997,0.248534760469708
8567,0.863,29,206,29,461189,144421,60152,47804,1.3377765015376635,0.24868773572636232
8568,0.8631,52,211,52,461400,144210,60204,47752,1.3358220015561895,0.24875756660172327
8569,0.8632,27,109,27,461509,144101,60231,47725,1.3348123309496462,0.24879317715012564
8570,0.8633,46,193,46,461702,143908,60277,47679,1.3330245655637483,0.24886344063010538
8571,0.8634,45,248,45,461950,143660,60322,47634,1.3307273333580347,0.24900937823454997
8572,0.8635,42,213,42,462163,143447,60364,47592,1.3287543073103858,0.24912190704515833
8573,0.8636,25,134,25,462297,143313,60389,47567,1.3275130608766534,0.24919844928751048
8574,0.8637,23,120,23,462417,143193,60412,47544,1.326401496906147,0.24926469431730602
8575,0.8638,49,172,49,462589,143021,60461,47495,1.3248082552150877,0.24929664700077683
8576,0.8639,78,283,78,462872,142738,60539,47417,1.3221868168513098,0.2493597328495175
8577,0.864,53,290,53,463162,142448,60592,47364,1.319500537255919,0.24953111499799802
8578,0.8641,31,131,31,463293,142317,60623,47333,1.3182870799214494,0.249580806749275
8579,0.8642,37,166,37,463459,142151,60660,47296,1.3167494164289155,0.24965293723310478
8580,0.8643,63,266,63,463725,141885,60723,47233,1.3142854496276262,0.24975412176524708
8581,0.8644,44,176,44,463901,141709,60767,47189,1.3126551558042165,0.24981206788849009
8582,0.8645,44,201,44,464102,141508,60811,47145,1.3107932861536182,0.24990326154368073
8583,0.8646,39,149,39,464251,141359,60850,47106,1.3094130942235727,0.24994561324383838
8584,0.8647,57,234,57,464485,141125,60907,47049,1.3072455444810849,0.2500292282674546
8585,0.8648,41,185,41,464670,140940,60948,47008,1.3055318833598875,0.2501117330325409
8586,0.8649,50,266,50,464936,140674,60998,46958,1.3030679165585979,0.2502664790654046
8587,0.865,37,157,37,465093,140517,61035,46921,1.301613620363852,0.2503281084945422
8588,0.8651,27,115,27,465208,140402,61062,46894,1.3005483715587831,0.2503737399624124
8589,0.8652,38,185,38,465393,140217,61100,46856,1.2988347104375857,0.2504690682247037
8590,0.8653,43,212,43,465605,140005,61143,46813,1.2968709474230242,0.250580779154043
8591,0.8654,38,194,38,465799,139811,61181,46775,1.2950739190040388,0.2506886904698102
8592,0.8655,47,207,47,466006,139604,61228,46728,1.293156471154915,0.25077818088143744
8593,0.8656,50,292,50,466298,139312,61278,46678,1.290451665493349,0.25097048228399377
8594,0.8657,49,204,49,466502,139108,61327,46629,1.2885620067434882,0.25104852560340696
8595,0.8658,77,346,77,466848,138762,61404,46552,1.2853569972951944,0.25120606106392396
8596,0.8659,34,164,34,467012,138598,61438,46518,1.2838378598688354,0.25129108234836534
8597,0.866,48,179,48,467191,138419,61486,46470,1.2821797769461631,0.25133999318510025
8598,0.8661,37,163,37,467354,138256,61523,46433,1.2806699025528918,0.2514118328649784
8599,0.8662,42,138,42,467492,138118,61565,46391,1.2793916039868094,0.25142946956517026
8600,0.8663,40,206,40,467698,137912,61605,46351,1.2774834191707733,0.25154805902432936
8601,0.8664,33,171,33,467869,137741,61638,46318,1.2758994405128015,0.2516475695293357
8602,0.8665,68,288,68,468157,137453,61706,46250,1.2732316869835858,0.25176507732590103
8603,0.8666,29,194,29,468351,137259,61735,46221,1.2714346585646004,0.25191301504251146
8604,0.8667,35,156,35,468507,137103,61770,46186,1.269989625402942,0.25198457081439696
8605,0.8668,23,115,23,468622,136988,61793,46163,1.2689243765978733,0.25204885586210285
8606,0.8669,40,180,40,468802,136808,61833,46123,1.2672570306421134,0.25213331802701566
8607,0.867,26,189,26,468991,136619,61859,46097,1.2655063173885657,0.2522877033210009
8608,0.8671,23,129,23,469120,136490,61882,46074,1.2643113861202713,0.25237177099537694
8609,0.8672,48,209,48,469329,136281,61930,46026,1.2623754122049724,0.25246424986424
8610,0.8673,34,110,34,469439,136171,61964,45992,1.2613564785653415,0.2524771770337555
8611,0.8674,32,155,32,469594,136016,61996,45960,1.2599207084367705,0.25256077724535103
8612,0.8675,67,208,67,469802,135808,62063,45893,1.2579939975545593,0.25257428412611926
8613,0.8676,20,89,20,469891,135719,62083,45873,1.257169587609767,0.2526157539979735
8614,0.8677,19,90,19,469981,135629,62102,45854,1.256335914631887,0.25266278384201274
8615,0.8678,41,160,41,470141,135469,62143,45813,1.2548538293378784,0.2527167617303428
8616,0.8679,23,138,23,470279,135331,62166,45790,1.253575530771796,0.2528144168815322
8617,0.868,48,216,48,470495,135115,62214,45742,1.2515747156248842,0.2529180512780816
8618,0.8681,32,157,32,470652,134958,62246,45710,1.2501204194301383,0.2530055128744437
8619,0.8682,31,199,31,470851,134759,62277,45679,1.248277075845715,0.2531562087808555
8620,0.8683,46,170,46,471021,134589,62323,45633,1.2467023602208307,0.25320438126310885
8621,0.8684,26,105,26,471126,134484,62349,45607,1.2457297417466375,0.253244193213431
8622,0.8685,36,154,36,471280,134330,62385,45571,1.2443032346511542,0.25331154357118635
8623,0.8686,30,164,30,471444,134166,62415,45541,1.2427840972247952,0.2534180638483754
8624,0.8687,34,101,34,471545,134065,62449,45507,1.2418485308829523,0.253419241307108
8625,0.8688,50,304,50,471849,133761,62499,45457,1.2390325688243358,0.25364081732861654
8626,0.8689,35,125,35,471974,133636,62534,45422,1.2378746896883916,0.2536719945492522
8627,0.869,34,192,34,472166,133444,62568,45388,1.2360961873355811,0.25380245146282543
8628,0.8691,27,107,27,472273,133337,62595,45361,1.2351050427952128,0.2538416770193287
8629,0.8692,60,206,60,472479,133131,62655,45301,1.2331968579791768,0.2538838324964132
8630,0.8693,50,216,50,472695,132915,62705,45251,1.231196042832265,0.2539822412806035
8631,0.8694,36,189,36,472884,132726,62741,45215,1.2294453295787173,0.2541010784473505
8632,0.8695,29,193,29,473077,132533,62770,45186,1.2276575641928194,0.2542553131629145
8633,0.8696,21,78,21,473155,132455,62791,45165,1.22693504761199,0.2542787974327215
8634,0.8697,51,197,51,473352,132258,62842,45114,1.225110230093742,0.2543467965631554
8635,0.8698,38,159,38,473511,132099,62880,45076,1.2236374078328207,0.2544151262875688
8636,0.8699,48,176,48,473687,131923,62928,45028,1.2220071140094113,0.2544659255952213
8637,0.87,37,148,37,473835,131775,62965,44991,1.2206361851124532,0.2545229286174943
8638,0.8701,39,172,39,474007,131603,63004,44952,1.2190429434213939,0.25460621336127554
8639,0.8702,52,188,52,474195,131415,63056,44900,1.2173014932009336,0.2546578566769702
8640,0.8703,37,148,37,474343,131267,63093,44863,1.2159305643039757,0.25471526713223186
8641,0.8704,23,122,23,474465,131145,63116,44840,1.214800474267294,0.25479444270818535
8642,0.8705,22,82,22,474547,131063,63138,44818,1.2140409055541146,0.2548200203546716
8643,0.8706,33,169,33,474716,130894,63171,44785,1.212475452962318,0.25492517603128434
8644,0.8707,26,82,26,474798,130812,63197,44759,1.2117158842491385,0.254933901384625
8645,0.8708,34,134,34,474932,130678,63231,44725,1.2104746378154063,0.2549842363015456
8646,0.8709,26,131,26,475063,130547,63257,44699,1.2092611804809368,0.2550643095990779
8647,0.871,39,132,39,475195,130415,63296,44660,1.2080384601133796,0.25509067542481795
8648,0.8711,38,214,38,475409,130201,63334,44622,1.206056171032643,0.25524101519822906
8649,0.8712,35,137,35,475546,130064,63369,44587,1.204787135499648,0.255291982296122
8650,0.8713,46,197,46,475743,129867,63415,44541,1.2029623179813997,0.2553839273427824
8651,0.8714,46,196,46,475939,129671,63461,44495,1.2011467634962392,0.2554746621039698
8652,0.8715,25,94,25,476033,129577,63486,44470,1.2002760383860092,0.2555056967370883
8653,0.8716,32,202,32,476235,129375,63518,44438,1.1984049057023232,0.25566557162007447
8654,0.8717,24,87,24,476322,129288,63542,44414,1.197599021823706,0.2556907807624552
8655,0.8718,36,155,36,476477,129133,63578,44378,1.196163251695135,0.2557647641936246
8656,0.8719,38,187,38,476664,128946,63616,44340,1.1944310645077625,0.25587756656625466
8657,0.872,32,208,32,476872,128738,63648,44308,1.192504353625551,0.25604752493556626
8658,0.8721,22,127,22,476999,128611,63670,44286,1.1913279484234318,0.2561409394032285
8659,0.8722,41,182,41,477181,128429,63711,44245,1.189642076401497,0.25623429120770935
8660,0.8723,37,148,37,477329,128281,63748,44208,1.1882711475045389,0.2562946042936071
8661,0.8724,24,104,24,477433,128177,63772,44184,1.1873077920634332,0.2563456930512123
8662,0.8725,38,191,38,477624,127986,63810,44146,1.1855385527437103,0.25646596797806337
8663,0.8726,64,275,64,477899,127711,63874,44082,1.182991218644633,0.2565995122036404
8664,0.8727,27,103,27,478002,127608,63901,44055,1.182037126236615,0.25663654951853343
8665,0.8728,40,174,40,478176,127434,63941,44015,1.1804253584793805,0.25672357377412525
8666,0.8729,26,97,26,478273,127337,63967,43989,1.1795268442698876,0.25675612574857287
8667,0.873,42,142,42,478415,127195,64009,43947,1.178211493571455,0.2567867618702598
8668,0.8731,47,196,47,478611,126999,64056,43900,1.1763959390862944,0.256876868793849
8669,0.8732,37,136,37,478747,126863,64093,43863,1.175136166586387,0.2569204456263252
8670,0.8733,52,188,52,478935,126675,64145,43811,1.1733947163659268,0.25697711249017513
8671,0.8734,43,170,43,479105,126505,64188,43768,1.1718200007410426,0.2570460378333617
8672,0.8735,59,267,59,479372,126238,64247,43709,1.1693467709066656,0.25719194807793017
8673,0.8736,46,199,46,479571,126039,64293,43663,1.1675034273222424,0.25729219455280433
8674,0.8737,27,107,27,479678,125932,64320,43636,1.1665122827818741,0.2573362898660125
8675,0.8738,41,131,41,479809,125801,64361,43595,1.1652988254474046,0.257355545585492
8676,0.8739,29,112,29,479921,125689,64390,43566,1.1642613657415983,0.2573985997459455
8677,0.874,37,191,37,480112,125498,64427,43529,1.1624921264218755,0.25752690398575373
8678,0.8741,51,207,51,480319,125291,64478,43478,1.1605746785727518,0.2576184014836848
8679,0.8742,47,190,47,480509,125101,64525,43431,1.1588147022861166,0.2577018014383025
8680,0.8743,49,256,49,480765,124845,64574,43382,1.1564433658157027,0.25787774851837103
8681,0.8744,46,277,46,481042,124568,64620,43336,1.1538775056504502,0.2580998665904326
8682,0.8745,35,165,35,481207,124403,64655,43301,1.1523491051910038,0.2581989696131279
8683,0.8746,70,329,70,481536,124074,64725,43231,1.1493015673051985,0.2583963420101013
8684,0.8747,41,183,41,481719,123891,64766,43190,1.147606432250176,0.25849737552444624
8685,0.8748,46,152,46,481871,123739,64812,43144,1.1461984512208678,0.25852843009773313
8686,0.8749,48,206,48,482077,123533,64860,43096,1.1442902664048316,0.25863445138601326
8687,0.875,27,149,27,482226,123384,64887,43069,1.142910074474786,0.25874571200278756
8688,0.8751,62,260,62,482486,123124,64949,43007,1.1405016858720218,0.2588740211038277
8689,0.8752,42,193,42,482679,122931,64991,42965,1.138713920486124,0.258987558470367
8690,0.8753,46,182,46,482861,122749,65037,42919,1.137028048464189,0.2590663254219282
8691,0.8754,36,215,36,483076,122534,65073,42883,1.135036496350365,0.25924179497875066
8692,0.8755,56,227,56,483303,122307,65129,42827,1.13293378783949,0.25934695459445056
8693,0.8756,32,137,32,483440,122170,65161,42795,1.1316647523064953,0.2594186645652108
8694,0.8757,34,141,34,483581,122029,65195,42761,1.13035866464115,0.25948783299957523
8695,0.8758,33,146,33,483727,121883,65228,42728,1.1290062618103671,0.25956953059030075
8696,0.8759,43,218,43,483945,121665,65271,42685,1.1269869205972805,0.2597201095223608
8697,0.876,50,203,50,484148,121462,65321,42635,1.1251065248805068,0.2598158406308464
8698,0.8761,38,178,38,484326,121284,65359,42597,1.1234577049909222,0.25992641001702455
8699,0.8762,44,164,44,484490,121120,65403,42553,1.1219385675645634,0.2599879027084492
8700,0.8763,61,258,61,484748,120862,65464,42492,1.1195487050279744,0.26012218862103165
8701,0.8764,67,327,67,485075,120535,65531,42425,1.116519693208344,0.2603399607265587
8702,0.8765,50,176,50,485251,120359,65581,42375,1.1148893993849347,0.2603942630304669
8703,0.8766,36,154,36,485405,120205,65617,42339,1.1134628922894512,0.26047716310660496
8704,0.8767,34,156,34,485561,120049,65651,42305,1.1120178591277927,0.2605725759759538
8705,0.8768,68,253,68,485814,119796,65719,42237,1.1096743117566417,0.2606691229564348
8706,0.8769,57,282,57,486096,119514,65776,42180,1.1070621364259514,0.2608631118037775
8707,0.877,39,175,39,486271,119339,65815,42141,1.1054411056356293,0.2609673024523161
8708,0.8771,29,102,29,486373,119237,65844,42112,1.104496276260699,0.26099944840067185
8709,0.8772,48,162,48,486535,119075,65892,42064,1.102995664900515,0.261041709331695
8710,0.8773,33,123,33,486658,118952,65925,42031,1.1018563118307458,0.2610896802767994
8711,0.8774,59,185,59,486843,118767,65984,41972,1.1001426507095484,0.26111895681819597
8712,0.8775,50,181,50,487024,118586,66034,41922,1.098466041720701,0.26118324320283104
8713,0.8776,38,182,38,487206,118404,66072,41884,1.0967801696987662,0.2613046516270713
8714,0.8777,41,187,41,487393,118217,66113,41843,1.0950479825113935,0.2614207172310384
8715,0.8778,24,100,24,487493,118117,66137,41819,1.094121679202638,0.2614733393357343
8716,0.8779,34,152,34,487645,117965,66171,41785,1.0927136981733299,0.26156494522691703
8717,0.878,54,122,54,487767,117843,66225,41731,1.0915836081366483,0.2615150337774324
8718,0.8781,29,161,29,487928,117682,66254,41702,1.090092259809552,0.2616448326055313
8719,0.8782,39,169,39,488097,117513,66293,41663,1.0885268072177554,0.2617417198572649
8720,0.8783,44,182,44,488279,117331,66337,41619,1.0868409351958206,0.2618370556778861
8721,0.8784,45,186,45,488465,117145,66382,41574,1.0851180110415355,0.26193461400336443
8722,0.8785,48,167,48,488632,116978,66430,41526,1.0835710845159139,0.2619870791904305
8723,0.8786,44,155,44,488787,116823,66474,41482,1.082135314387343,0.26203847004200753
8724,0.8787,52,240,52,489027,116583,66526,41430,1.07991218644633,0.26219361698088134
8725,0.8788,65,284,65,489311,116299,66591,41365,1.0772814850494645,0.2623617312766389
8726,0.8789,38,118,38,489429,116181,66629,41327,1.0761884471451333,0.26238032353912183
8727,0.879,19,81,19,489510,116100,66648,41308,1.0754381414650414,0.26242630615978857
8728,0.8791,48,196,48,489706,115904,66696,41260,1.0736225869798808,0.2625283143722481
8729,0.8792,33,140,33,489846,115764,66729,41227,1.072325762347623,0.26260741061589515
8730,0.8793,23,106,23,489952,115658,66752,41204,1.0713438808403424,0.26267674771455163
8731,0.8794,31,178,31,490130,115480,66783,41173,1.0696950609507576,0.26282931064199216
8732,0.8795,48,141,48,490271,115339,66831,41125,1.0683889732854126,0.26284001431639226
8733,0.8796,20,146,20,490417,115193,66851,41105,1.0670365704546296,0.2629912091005643
8734,0.8797,53,196,53,490613,114997,66904,41052,1.065221015969469,0.26307121481073253
8735,0.8798,43,163,43,490776,114834,66947,41009,1.0637111415761977,0.2631430349775094
8736,0.8799,50,201,50,490977,114633,66997,40959,1.0618492719255994,0.2632461823229986
8737,0.88,34,169,34,491146,114464,67031,40925,1.0602838193338027,0.2633712811074143
8738,0.8801,19,86,19,491232,114378,67050,40906,1.059487198488273,0.263427011153757
8739,0.8802,36,110,36,491342,114268,67086,40870,1.058468264848642,0.26344287021877294
8740,0.8803,67,255,67,491597,114013,67153,40803,1.0561061914113157,0.2635580301777594
8741,0.8804,68,289,68,491886,113724,67221,40735,1.0534291748490126,0.26372694371969263
8742,0.8805,55,155,55,492041,113569,67276,40680,1.0519934047204416,0.26372942450194164
8743,0.8806,43,223,43,492264,113346,67319,40637,1.0499277483419172,0.26390575583018905
8744,0.8807,22,90,22,492354,113256,67341,40615,1.0490940753640372,0.26395487128828693
8745,0.8808,47,180,47,492534,113076,67388,40568,1.0474267294082775,0.26403894717659004
8746,0.8809,45,171,45,492705,112905,67433,40523,1.0458427507503056,0.2641173710144172
8747,0.881,42,151,42,492856,112754,67475,40481,1.044444032754085,0.2641759389173492
8748,0.8811,58,191,58,493047,112563,67533,40423,1.042674793434362,0.26422679199403865
8749,0.8812,36,197,36,493244,112366,67569,40387,1.040849975916114,0.26439415265166644
8750,0.8813,34,162,34,493406,112204,67603,40353,1.0393493645559302,0.2645109696703527
8751,0.8814,46,220,46,493626,111984,67649,40307,1.0373114972766684,0.2646709260560375
8752,0.8815,68,261,68,493887,111723,67717,40239,1.0348938456408165,0.2647964622734631
8753,0.8816,39,149,39,494036,111574,67756,40200,1.033513653710771,0.2648675003623809
8754,0.8817,40,169,40,494205,111405,67796,40160,1.0319482011189745,0.2649688252564906
8755,0.8818,41,185,41,494390,111220,67837,40119,1.0302345399977768,0.26509359781682185
8756,0.8819,49,230,49,494620,110990,67886,40070,1.0281040423876393,0.2652588375479942
8757,0.882,26,109,26,494729,110881,67912,40044,1.027094371781096,0.26532383634255424
8758,0.8821,53,228,53,494957,110653,67965,39991,1.0249824002371337,0.2654669286529832
8759,0.8822,32,120,32,495077,110533,67997,39959,1.0238708362666271,0.2655224197964011
8760,0.8823,24,94,24,495171,110439,68021,39935,1.023000111156397,0.2655711758681687
8761,0.8824,50,151,50,495322,110288,68071,39885,1.0216013931601764,0.2655936819534803
8762,0.8825,33,114,33,495436,110174,68104,39852,1.0205454073881952,0.26563395678082463
8763,0.8826,46,154,46,495590,110020,68150,39806,1.019118900292712,0.26568152390105854
8764,0.8827,46,188,46,495778,109832,68196,39760,1.0173774500722517,0.2657896144178833
8765,0.8828,88,359,88,496137,109473,68284,39672,1.0140520211938198,0.2659961782158302
8766,0.8829,70,268,70,496405,109205,68354,39602,1.0115695283263553,0.2661299535640124
8767,0.883,38,202,38,496607,109003,68392,39564,1.0096983956426693,0.2663040917565812
8768,0.8831,61,127,61,496734,108876,68453,39503,1.0085219904405498,0.2662303964846778
8769,0.8832,49,154,49,496888,108722,68502,39454,1.0070954833450665,0.26626444228485047
8770,0.8833,55,228,55,497116,108494,68557,39399,1.0049835118011041,0.2664020609494702
8771,0.8834,37,109,37,497225,108385,68594,39362,1.0039738411945607,0.2664148849046004
8772,0.8835,34,165,34,497390,108220,68628,39328,1.0024454407351142,0.2665437688074389
8773,0.8836,55,203,55,497593,108017,68683,39273,1.0005650450183408,0.26663724624889673
8774,0.8837,36,128,36,497721,107889,68719,39237,0.9993793767831338,0.26668977611027284
8775,0.8838,35,146,35,497867,107743,68754,39202,0.998026973952351,0.2667800877879479
8776,0.8839,43,196,43,498063,107547,68797,39159,0.9962114194671904,0.2669215982986381
8777,0.884,45,130,45,498193,107417,68842,39114,0.9950072251658083,0.26693327691751234
8778,0.8841,67,212,67,498405,107205,68909,39047,0.9930434621512468,0.2669843831195471
8779,0.8842,20,94,20,498499,107111,68929,39027,0.9921727370410167,0.2670557965758393
8780,0.8843,51,186,51,498685,106925,68980,38976,0.9904498128867316,0.26714004701818356
8781,0.8844,28,137,28,498822,106788,69008,38948,0.9891807773537367,0.2672503705330186
8782,0.8845,38,188,38,499010,106600,69046,38910,0.9874393271332765,0.26740430210982064
8783,0.8846,46,214,46,499224,106386,69092,38864,0.9854570380525399,0.26756626506024095
8784,0.8847,27,87,27,499311,106299,69119,38837,0.9846511541739227,0.2675903979715577
8785,0.8848,75,276,75,499587,106023,69194,38762,0.9820945570417577,0.26772110370549435
8786,0.8849,34,127,34,499714,105896,69228,38728,0.9809181518396384,0.2677840469078438
8787,0.885,51,153,51,499867,105743,69279,38677,0.9795009077772426,0.267809167705304
8788,0.8851,57,233,57,500100,105510,69336,38620,0.9773426210678424,0.2679525428432665
8789,0.8852,28,106,28,500206,105404,69364,38592,0.9763607395605617,0.2680074446512403
8790,0.8853,51,161,51,500367,105243,69415,38541,0.9748693912334655,0.26804790519112004
8791,0.8854,42,117,42,500484,105126,69457,38499,0.9737856163622216,0.2680522193211488
8792,0.8855,46,218,46,500702,104908,69503,38453,0.9717662751491348,0.2682249705289444
8793,0.8856,61,249,61,500951,104659,69564,38392,0.9694597799103338,0.26837980859973015
8794,0.8857,60,246,60,501197,104413,69624,38332,0.9671810737707955,0.268534799817857
8795,0.8858,31,105,31,501302,104308,69655,38301,0.9662084552966023,0.2685735121906752
8796,0.8859,51,188,51,501490,104120,69706,38250,0.9644670050761421,0.2686661515768772
8797,0.886,37,112,37,501602,104008,69743,38213,0.9634295453703361,0.26868746528290477
8798,0.8861,59,199,59,501801,103809,69802,38154,0.9615862017859128,0.26876016990342555
8799,0.8862,42,136,42,501937,103673,69844,38112,0.9603264292860054,0.2688013541629933
8800,0.8863,39,128,39,502065,103545,69883,38073,0.9591407610507985,0.2688429436935983
8801,0.8864,29,90,29,502155,103455,69912,38044,0.9583070880729186,0.2688640909123033
8802,0.8865,56,228,56,502383,103227,69968,37988,0.9561951165289563,0.26900824983181676
8803,0.8866,59,234,59,502617,102993,70027,37929,0.9540275667864686,0.2691488908758036
8804,0.8867,47,196,47,502813,102797,70074,37882,0.9522120123013079,0.269279707703353
8805,0.8868,30,92,30,502905,102705,70104,37852,0.9513598132572529,0.26929999928854487
8806,0.8869,44,204,44,503109,102501,70148,37808,0.9494701545073919,0.26946240084385176
8807,0.887,47,211,47,503320,102290,70195,37761,0.947515654525918,0.26962320868826356
8808,0.8871,55,210,55,503530,102080,70250,37706,0.9455704175775316,0.2697408896456011
8809,0.8872,37,144,37,503674,101936,70287,37669,0.9442365408129237,0.26982557931306184
8810,0.8873,50,164,50,503838,101772,70337,37619,0.9427174033865648,0.2698811257541735
8811,0.8874,41,114,41,503952,101658,70378,37578,0.9416614176145838,0.26988709816426787
8812,0.8875,67,237,67,504189,101421,70445,37511,0.9394660787728334,0.2699953934298794
8813,0.8876,31,132,31,504321,101289,70476,37480,0.9382433584052762,0.27008914094646497
8814,0.8877,57,154,57,504475,101135,70533,37423,0.9368168513097929,0.2700890601769656
8815,0.8878,19,97,19,504572,101038,70552,37404,0.9359183371003001,0.27017812513543576
8816,0.8879,46,184,46,504756,100854,70598,37358,0.9342139390121902,0.27029490926981736
8817,0.888,50,190,50,504946,100664,70648,37308,0.9324539627255548,0.27040269040095094
8818,0.8881,39,118,39,505064,100546,70687,37269,0.9313609248212235,0.27042774734245184
8819,0.8882,42,157,42,505221,100389,70729,37227,0.9299066286264774,0.2705136030694105
8820,0.8883,57,223,57,505444,100166,70786,37170,0.9278409722479529,0.2706500844643793
8821,0.8884,54,198,54,505642,99968,70840,37116,0.9260068916966171,0.2707536984622567
8822,0.8885,31,110,31,505752,99858,70871,37085,0.9249879580569862,0.27080610180878173
8823,0.8886,68,233,68,505985,99625,70939,37017,0.9228296713475861,0.270904992608422
8824,0.8887,33,158,33,506143,99467,70972,36984,0.9213661121197525,0.27104235219969075
8825,0.8888,52,157,52,506300,99310,71024,36932,0.9199118159250065,0.27107646687511927
8826,0.8889,41,137,41,506437,99173,71065,36891,0.9186427803920115,0.2711297624647225
8827,0.889,33,128,33,506565,99045,71098,36858,0.9174571121568046,0.27120814110063796
8828,0.8891,46,164,46,506729,98881,71144,36812,0.9159379747304457,0.27128886530624274
8829,0.8892,84,308,84,507037,98573,71228,36728,0.9130849605394791,0.27145401733911795
8830,0.8893,39,124,39,507161,98449,71267,36689,0.9119363444366223,0.27149284435169974
8831,0.8894,31,100,31,507261,98349,71298,36658,0.9110100411278669,0.27152666158051064
8832,0.8895,91,290,91,507551,98059,71389,36567,0.9083237615324762,0.2716191523182743
8833,0.8896,70,241,70,507792,97818,71459,36497,0.9060913705583756,0.27172691062055615
8834,0.8897,43,160,43,507952,97658,71502,36454,0.904609285264367,0.27181758530183725
8835,0.8898,41,160,41,508112,97498,71543,36413,0.9031271999703583,0.2719194091598151
8836,0.8899,15,115,15,508227,97383,71558,36398,0.9020619511652895,0.27207151987202965
8837,0.89,56,228,56,508455,97155,71614,36342,0.8999499796213272,0.27223083664801456
8838,0.8901,36,130,36,508585,97025,71650,36306,0.8987457853199452,0.2722997652458918
8839,0.8902,35,118,35,508703,96907,71685,36271,0.8976527474156137,0.2723497875024403
8840,0.8903,33,122,33,508825,96785,71718,36238,0.8965226573789321,0.2724190553513302
8841,0.8904,23,109,23,508934,96676,71741,36215,0.8955129867723888,0.2725165737333604
8842,0.8905,60,195,60,509129,96481,71801,36155,0.8937066953203157,0.2725881359510239
8843,0.8906,44,176,44,509305,96305,71845,36111,0.8920764014969061,0.2727087361043983
8844,0.8907,43,145,43,509450,96160,71888,36068,0.8907332616992107,0.2727712738603019
8845,0.8908,35,167,35,509617,95993,71923,36033,0.8891863351735892,0.27292351506521445
8846,0.8909,48,170,48,509787,95823,71971,35985,0.887611619548705,0.2730107428987618
8847,0.891,29,137,29,509924,95686,72000,35956,0.8863425840157101,0.27313471384512544
8848,0.8911,40,172,40,510096,95514,72040,35916,0.8847493423246507,0.27327094270714447
8849,0.8912,56,260,56,510356,95254,72096,35860,0.8823409537218867,0.27350244825114023
8850,0.8913,68,274,68,510630,94980,72164,35792,0.8798028826558969,0.273697733459762
8851,0.8914,28,163,28,510793,94817,72192,35764,0.8782930082626255,0.2738836431027485
8852,0.8915,56,155,56,510948,94662,72248,35708,0.8768572381340546,0.27389736902661654
8853,0.8916,36,95,36,511043,94567,72284,35672,0.875977249990737,0.2738964519076467
8854,0.8917,42,100,42,511143,94467,72326,35630,0.8750509466819816,0.27387257200396625
8855,0.8918,80,385,80,511528,94082,72406,35550,0.8714846789432732,0.2742378425080227
8856,0.8919,28,115,28,511643,93967,72434,35522,0.8704194301382044,0.2743244599927407
8857,0.892,54,200,54,511843,93767,72488,35468,0.8685668235206936,0.2744457770727744
8858,0.8921,43,135,43,511978,93632,72531,35425,0.8673163140538738,0.27449111632844403
8859,0.8922,58,214,58,512192,93418,72589,35367,0.8653340249731372,0.2746204915168692
8860,0.8923,56,204,56,512396,93214,72645,35311,0.8634443662232761,0.27474032289437855
8861,0.8924,47,183,47,512579,93031,72692,35264,0.8617492311682537,0.2748665185704821
8862,0.8925,39,136,39,512715,92895,72731,35225,0.8604894586683464,0.2749375585388698
8863,0.8926,41,177,41,512892,92718,72772,35184,0.8588499018118493,0.27508561242201063
8864,0.8927,26,95,26,512987,92623,72798,35158,0.8579699136685316,0.2751426268381058
8865,0.8928,76,204,76,513191,92419,72874,35082,0.8560802549186706,0.2751507831311127
8866,0.8929,34,130,34,513321,92289,72908,35048,0.8548760606172885,0.2752381475926086
8867,0.893,26,99,26,513420,92190,72934,35022,0.8539590203416206,0.2753042165833412
8868,0.8931,56,137,56,513557,92053,72990,34966,0.8526899848086258,0.27528165077665545
8869,0.8932,50,206,50,513763,91847,73040,34916,0.8507817999925896,0.2754431498150091
8870,0.8933,39,144,39,513907,91703,73079,34877,0.8494479232279818,0.27553325959867275
8871,0.8934,62,250,62,514157,91453,73141,34815,0.8471321649560932,0.275723065226344
8872,0.8935,56,204,56,514361,91249,73197,34759,0.8452425062062322,0.2758475652339534
8873,0.8936,53,225,53,514586,91024,73250,34706,0.8431583237615324,0.27603595005169806
8874,0.8937,77,216,77,514802,90808,73327,34629,0.8411575086146208,0.2760668702217049
8875,0.8938,59,199,59,515001,90609,73386,34570,0.8393141650301975,0.2761645323896181
8876,0.8939,82,250,82,515251,90359,73468,34488,0.8369984067583089,0.2762421203553149
8877,0.894,42,241,42,515492,90118,73510,34446,0.8347660157842084,0.2765325455187695
8878,0.8941,59,210,59,515702,89908,73569,34387,0.832820778835822,0.2766563417675691
8879,0.8942,76,240,76,515942,89668,73645,34311,0.830597650894809,0.27674848159768994
8880,0.8943,54,187,54,516129,89481,73699,34257,0.8288654637074364,0.27685108859040874
8881,0.8944,44,179,44,516308,89302,73743,34213,0.8272073807847642,0.27699469700036433
8882,0.8945,27,125,27,516433,89177,73770,34186,0.8260495016488199,0.27711712588053145
8883,0.8946,44,209,44,516642,88968,73814,34142,0.8241135277335211,0.27732921777272357
8884,0.8947,50,203,50,516845,88765,73864,34092,0.8222331320167475,0.27749334592249525
8885,0.8948,34,120,34,516965,88645,73898,34058,0.821121568046241,0.2775645257247174
8886,0.8949,73,298,73,517263,88347,73971,33985,0.8183611841861499,0.27780956740672924
8887,0.895,43,136,43,517399,88211,74014,33942,0.8171014116862425,0.27786464515812137
8888,0.8951,48,124,48,517523,88087,74062,33894,0.8159527955833858,0.27786294586861887
8889,0.8952,55,174,55,517697,87913,74117,33839,0.8143410278261514,0.2779338327091136
8890,0.8953,57,219,57,517916,87694,74174,33782,0.812312423579977,0.2780960848233396
8891,0.8954,44,224,44,518140,87470,74218,33738,0.8102375041683649,0.27834796383077026
8892,0.8955,50,188,50,518328,87282,74268,33688,0.8084960539479047,0.27848226833099116
8893,0.8956,25,127,25,518455,87155,74293,33663,0.8073196487457853,0.27862570146832427
8894,0.8957,31,100,31,518555,87055,74324,33632,0.8063933454370299,0.2786712736251626
8895,0.8958,44,117,44,518672,86938,74368,33588,0.8053095705657861,0.27867845941954433
8896,0.8959,51,193,51,518865,86745,74419,33537,0.8035218051798881,0.27881977353219933
8897,0.896,52,217,52,519082,86528,74471,33485,0.8015117269998888,0.27901144042728704
8898,0.8961,49,160,49,519242,86368,74520,33436,0.8000296417058802,0.2790891789923542
8899,0.8962,50,183,50,519425,86185,74570,33386,0.7983345066508578,0.27921485979041744
8900,0.8963,32,122,32,519547,86063,74602,33354,0.7972044166141762,0.27930696634482527
8901,0.8964,45,151,45,519698,85912,74647,33309,0.7958056986179555,0.2793886982997962
8902,0.8965,60,151,60,519849,85761,74707,33249,0.7944069806217348,0.2793798840433577
8903,0.8966,29,103,29,519952,85658,74736,33220,0.7934528882137167,0.2794461548814751
8904,0.8967,62,176,62,520128,85482,74798,33158,0.7918225943903071,0.27948415374241403
8905,0.8968,77,250,77,520378,85232,74875,33081,0.7895068361184187,0.2796057914176802
8906,0.8969,22,74,22,520452,85158,74897,33059,0.7888213716699396,0.2796467513132629
8907,0.897,33,160,33,520612,84998,74930,33026,0.787339286375931,0.27982444248627397
8908,0.8971,31,127,31,520739,84871,74961,32995,0.7861628811738115,0.27993653810259106
8909,0.8972,43,162,43,520901,84709,75004,32952,0.7846622698136277,0.2800588130306559
8910,0.8973,36,147,36,521048,84562,75040,32916,0.7833006039497573,0.2801886310628373
8911,0.8974,69,289,69,521337,84273,75109,32847,0.7806235873874542,0.2804559426229508
8912,0.8975,43,160,43,521497,84113,75152,32804,0.7791415020934455,0.28057510883789355
8913,0.8976,66,190,66,521687,83923,75218,32738,0.7773815258068102,0.2806250589314338
8914,0.8977,38,168,38,521855,83755,75256,32700,0.7758253362481011,0.28079515692756857
8915,0.8978,51,218,51,522073,83537,75307,32649,0.7738059950350142,0.2810063174564922
8916,0.8979,31,148,31,522221,83389,75338,32618,0.7724350661380562,0.28117268785504324
8917,0.898,32,170,32,522391,83219,75370,32586,0.770860350513172,0.28138681404084454
8918,0.8981,82,277,82,522668,82942,75452,32504,0.7682944903479195,0.2815515479098453
8919,0.8982,35,107,35,522775,82835,75487,32469,0.7673033458075512,0.28159474085894676
8920,0.8983,50,144,50,522919,82691,75537,32419,0.7659694690429434,0.28163495786638865
8921,0.8984,39,172,39,523091,82519,75576,32380,0.7643762273518842,0.28181272247800243
8922,0.8985,56,245,56,523336,82274,75632,32324,0.7621067842454333,0.28206425941115904
8923,0.8986,27,89,27,523425,82185,75659,32297,0.761282374300641,0.28211421882916093
8924,0.8987,50,164,50,523589,82021,75709,32247,0.7597632368742822,0.28220499177372493
8925,0.8988,38,95,38,523684,81926,75747,32209,0.7588832487309645,0.2822009024400929
8926,0.8989,32,108,32,523792,81818,75779,32177,0.7578828411575086,0.28226676608623186
8927,0.899,56,107,56,523899,81711,75835,32121,0.7568916966171403,0.28217900063251106
8928,0.8991,55,191,55,524090,81520,75890,32066,0.7551224572974174,0.28230591798285
8929,0.8992,46,170,46,524260,81350,75936,32020,0.7535477416725332,0.28243803475346213
8930,0.8993,77,254,77,524514,81096,76013,31943,0.7511949312682945,0.282583886977061
8931,0.8994,54,185,54,524699,80911,76067,31889,0.749481270147097,0.28270390070921986
8932,0.8995,53,207,53,524906,80704,76120,31836,0.7475638222979732,0.2828860849475742
8933,0.8996,63,209,63,525115,80495,76183,31773,0.7456278483826744,0.28301029678982437
8934,0.8997,35,122,35,525237,80373,76218,31738,0.7444977583459929,0.2830944331956721
8935,0.8998,30,180,30,525417,80193,76248,31708,0.7428304123902331,0.28335761074521226
8936,0.8999,39,149,39,525566,80044,76287,31669,0.7414502204601875,0.28348535980593126
8937,0.9,37,135,37,525701,79909,76324,31632,0.7401997109933677,0.2835907872441524
8938,0.9001,76,260,76,525961,79649,76400,31556,0.7377913223906036,0.28376421923474665
8939,0.9002,46,175,46,526136,79474,76446,31510,0.7361702916002816,0.2839147985295178
8940,0.9003,44,194,44,526330,79280,76490,31466,0.734373263181296,0.2841276434363318
8941,0.9004,83,282,83,526612,78998,76573,31383,0.7317610878506058,0.2843152354118915
8942,0.9005,24,103,24,526715,78895,76597,31359,0.7308069954425878,0.28442505487329256
8943,0.9006,58,148,58,526863,78747,76655,31301,0.7294360665456296,0.28443043035766213
8944,0.9007,47,171,47,527034,78576,76702,31254,0.727852087887658,0.2845670581808249
8945,0.9008,67,193,67,527227,78383,76769,31187,0.72606432250176,0.28463082960664415
8946,0.9009,53,177,53,527404,78206,76822,31134,0.7244247656452629,0.28474483263215655
8947,0.901,26,138,26,527542,78068,76848,31108,0.7231464670791804,0.28493441782076645
8948,0.9011,57,223,57,527765,77845,76905,31051,0.7210808107006558,0.2851436232735821
8949,0.9012,56,191,56,527956,77654,76961,30995,0.7193115713809329,0.28527644064832625
8950,0.9013,35,148,35,528104,77506,76996,30960,0.7179406424839749,0.2854350672100013
8951,0.9014,38,131,38,528235,77375,77034,30922,0.7167271851495054,0.2855296083917375
8952,0.9015,52,165,52,528400,77210,77086,30870,0.7151987846900589,0.2856217616580311
8953,0.9016,42,171,42,528571,77039,77128,30828,0.7136148060320872,0.2857963974153356
8954,0.9017,70,230,70,528801,76809,77198,30758,0.7114843084219497,0.28594271477311817
8955,0.9018,67,228,67,529029,76581,77265,30691,0.7093723368779873,0.2861044820642852
8956,0.9019,64,228,64,529257,76353,77329,30627,0.7072603653340249,0.2862871564778463
8957,0.902,88,278,88,529535,76075,77417,30539,0.704685242135685,0.28644455700001875
8958,0.9021,47,119,47,529654,75956,77464,30492,0.7035829411982659,0.28644972192995644
8959,0.9022,54,157,54,529811,75799,77518,30438,0.7021286450035199,0.2865103495015861
8960,0.9023,56,191,56,530002,75608,77574,30382,0.7003594056837971,0.28664968393244644
8961,0.9024,33,176,33,530178,75432,77607,30349,0.6987291118603876,0.28690407540106444
8962,0.9025,47,170,47,530348,75262,77654,30302,0.6971543962355033,0.28704861505816376
8963,0.9026,40,128,40,530476,75134,77694,30262,0.6959687280002964,0.28712664617253025
8964,0.9027,72,234,72,530710,74900,77766,30190,0.6938011782578087,0.2872775716052907
8965,0.9028,44,144,44,530854,74756,77810,30146,0.6924673014932009,0.2873729766829994
8966,0.9029,34,108,34,530962,74648,77844,30112,0.691466893919745,0.28743795341733486
8967,0.903,58,233,58,531195,74415,77902,30054,0.6893086072103449,0.28768342761967663
8968,0.9031,43,176,43,531371,74239,77945,30011,0.6876783133869354,0.2878752997601918
8969,0.9032,48,201,48,531572,74038,77993,29963,0.685816443736337,0.2881029990096249
8970,0.9033,45,124,45,531696,73914,78038,29918,0.6846678276334803,0.28813853147391943
8971,0.9034,43,135,43,531831,73779,78081,29875,0.6834173181666605,0.2882184961506551
8972,0.9035,66,223,66,532054,73556,78147,29809,0.6813516617881359,0.28838581724955253
8973,0.9036,60,175,60,532229,73381,78207,29749,0.679730630997814,0.28846116551924755
8974,0.9037,54,245,54,532474,73136,78261,29695,0.6774611878913631,0.28877478581361654
8975,0.9038,62,174,62,532648,72962,78323,29633,0.6758494201341287,0.28883473853501634
8976,0.9039,50,140,50,532788,72822,78373,29583,0.6745525955018711,0.28888237879009815
8977,0.904,27,131,27,532919,72691,78400,29556,0.6733391381674015,0.28906471583518345
8978,0.9041,57,217,57,533136,72474,78457,29499,0.6713290599874022,0.28928245712100265
8979,0.9042,44,178,44,533314,72296,78501,29455,0.6696802400978177,0.28948118446010357
8980,0.9043,51,128,51,533442,72168,78552,29404,0.6684945718626107,0.2894892293151656
8981,0.9044,93,260,93,533702,71908,78645,29311,0.6660861832598466,0.2895800195615448
8982,0.9045,32,143,32,533845,71765,78677,29279,0.6647615695283263,0.2897648549146906
8983,0.9046,40,126,40,533971,71639,78717,29239,0.6635944273592945,0.28984515949959355
8984,0.9047,32,137,32,534108,71502,78749,29207,0.6623253918262996,0.2900138021428075
8985,0.9048,24,72,24,534180,71430,78773,29183,0.6616584534439957,0.29005198135429816
8986,0.9049,58,175,58,534355,71255,78831,29125,0.6600374226536737,0.2901474397290297
8987,0.905,52,172,52,534527,71083,78883,29073,0.6584441809626144,0.29027716761851513
8988,0.9051,37,144,37,534671,70939,78920,29036,0.6571103041980066,0.29043260815203803
8989,0.9052,51,155,51,534826,70784,78971,28985,0.6556745340694357,0.2905211037496617
8990,0.9053,34,108,34,534934,70676,79005,28951,0.6546741264959799,0.29059391530408424
8991,0.9054,40,134,40,535068,70542,79045,28911,0.6534328800622475,0.29070012970951103
8992,0.9055,53,169,53,535237,70373,79098,28858,0.6518674274704509,0.29081637794640786
8993,0.9056,56,223,56,535460,70150,79154,28802,0.6498017710919264,0.291070417980435
8994,0.9057,47,155,47,535615,69995,79201,28755,0.6483660009633554,0.2911898734177215
8995,0.9058,40,165,40,535780,69830,79241,28715,0.646837600503909,0.29138972043228983
8996,0.9059,26,81,26,535861,69749,79267,28689,0.6460872948238171,0.29144232918182
8997,0.906,63,213,63,536074,69536,79330,28626,0.6441142687761681,0.29161997514313076
8998,0.9061,40,125,40,536199,69411,79370,28586,0.6429563896402238,0.2917028072287927
8999,0.9062,56,223,56,536422,69188,79426,28530,0.6408907332616992,0.29196258621748294
9000,0.9063,41,130,41,536552,69058,79467,28489,0.6396865389603171,0.29205408674792666
9001,0.9064,26,74,26,536626,68984,79493,28463,0.6390010745118382,0.2920869806151036
9002,0.9065,35,129,35,536755,68855,79528,28428,0.6378061432435437,0.2922196067144311
9003,0.9066,72,248,72,537003,68607,79600,28356,0.6355089110378302,0.2924414467374153
9004,0.9067,59,183,59,537186,68424,79659,28297,0.6338137759828079,0.2925631455423331
9005,0.9068,26,96,26,537282,68328,79685,28271,0.6329245248064026,0.29266348512924567
9006,0.9069,68,230,68,537512,68098,79753,28203,0.6307940271962651,0.29286300246103364
9007,0.907,54,178,54,537690,67920,79807,28149,0.6291452073066806,0.2930081503919058
9008,0.9071,59,218,59,537908,67702,79866,28090,0.6271258660935937,0.29323951895774175
9009,0.9072,68,209,68,538117,67493,79934,28022,0.6251898921782949,0.29337800345495474
9010,0.9073,42,130,42,538247,67363,79976,27980,0.6239856978769128,0.29346674637886366
9011,0.9074,53,157,53,538404,67206,80029,27927,0.6225314016821668,0.2935574406357415
9012,0.9075,47,175,47,538579,67031,80076,27880,0.6209103708918449,0.2937488805301809
9013,0.9076,45,195,45,538774,66836,80121,27835,0.6191040794397717,0.294018231559823
9014,0.9077,51,116,51,538890,66720,80172,27784,0.6180295676016154,0.2939981376449674
9015,0.9078,47,149,47,539039,66571,80219,27737,0.6166493756715699,0.29411078593544554
9016,0.9079,35,95,35,539134,66476,80254,27702,0.6157693875282523,0.29414512943574933
9017,0.908,47,128,47,539262,66348,80301,27655,0.6145837192930453,0.2941927385296214
9018,0.9081,37,130,37,539392,66218,80338,27618,0.6133795249916633,0.29432200861076774
9019,0.9082,42,152,42,539544,66066,80380,27576,0.611971543962355,0.29448324469789194
9020,0.9083,37,123,37,539667,65943,80417,27539,0.6108321908925859,0.2945914721550673
9021,0.9084,47,135,47,539802,65808,80464,27492,0.6095816814257661,0.29466237942122186
9022,0.9085,86,265,86,540067,65543,80550,27406,0.6071269776575642,0.29484986390386125
9023,0.9086,51,162,51,540229,65381,80601,27355,0.6056263662973804,0.29497713940648723
9024,0.9087,79,288,79,540517,65093,80680,27276,0.6029586127681648,0.29529387565092186
9025,0.9088,79,268,79,540785,64825,80759,27197,0.6004761199007003,0.29554889048271066
9026,0.9089,36,107,36,540892,64718,80795,27161,0.599484975360332,0.29561706157010853
9027,0.909,86,212,86,541104,64506,80881,27075,0.5975212123457705,0.2956399253120189
9028,0.9091,35,113,35,541217,64393,80916,27040,0.5964744896068769,0.2957356753032275
9029,0.9092,34,131,34,541348,64262,80950,27006,0.5952610322724072,0.29589779550335277
9030,0.9093,63,155,63,541503,64107,81013,26943,0.5938252621438364,0.2959143327841845
9031,0.9094,55,140,55,541643,63967,81068,26888,0.5925284375115788,0.2959440867316053
9032,0.9095,47,187,47,541830,63780,81115,26841,0.5907962503242061,0.29618962492137585
9033,0.9096,53,166,53,541996,63614,81168,26788,0.5892585868316722,0.2963208778566846
9034,0.9097,40,176,40,542172,63438,81208,26748,0.5876282930082626,0.29658705342292596
9035,0.9098,48,178,48,542350,63260,81256,26700,0.5859794731186779,0.296798577145398
9036,0.9099,40,137,40,542487,63123,81296,26660,0.5847104375856831,0.2969381731508192
9037,0.91,41,108,41,542595,63015,81337,26619,0.5837100300122272,0.29697436240712227
9038,0.9101,46,173,46,542768,62842,81383,26573,0.5821075252880803,0.2971872728289437
9039,0.9102,52,150,52,542918,62692,81435,26521,0.5807180703249472,0.29727730263526614
9040,0.9103,22,85,22,543003,62607,81457,26499,0.579930712512505,0.29738738132112313
9041,0.9104,50,181,50,543184,62426,81507,26449,0.5782541035236578,0.29759774964838254
9042,0.9105,48,140,48,543324,62286,81555,26401,0.5769572788914002,0.2976873724446649
9043,0.9106,54,165,54,543489,62121,81609,26347,0.5754288784319538,0.29781389881086945
9044,0.9107,57,185,57,543674,61936,81666,26290,0.5737152173107563,0.2979847210572847
9045,0.9108,50,136,50,543810,61800,81716,26240,0.5724554448108489,0.2980463425715584
9046,0.9109,48,122,48,543932,61678,81764,26192,0.5713253547741672,0.2980767042221463
9047,0.911,48,198,48,544130,61480,81812,26144,0.5694912742228315,0.2983657445448735
9048,0.9111,33,143,33,544273,61337,81845,26111,0.5681666604913113,0.29858887567468667
9049,0.9112,55,191,55,544464,61146,81900,26056,0.5663974211715884,0.2988004862273801
9050,0.9113,24,104,24,544568,61042,81924,26032,0.5654340657304828,0.2989640995015734
9051,0.9114,51,186,51,544754,60856,81975,25981,0.5637111415761977,0.2991927404217096
9052,0.9115,69,178,69,544932,60678,82044,25912,0.5620623216866131,0.2992493359510336
9053,0.9116,37,132,37,545064,60546,82081,25875,0.5608396013190559,0.29940639427916826
9054,0.9117,74,206,74,545270,60340,82155,25801,0.5589314165030197,0.2995205535111039
9055,0.9118,43,160,43,545430,60180,82198,25758,0.5574493312090111,0.29972771067513787
9056,0.9119,30,124,30,545554,60056,82228,25728,0.5563007151061543,0.2999160682644782
9057,0.912,72,197,72,545751,59859,82300,25656,0.5544758975879062,0.3000175407823189
9058,0.9121,53,132,53,545883,59727,82353,25603,0.5532531772203491,0.30004687683112624
9059,0.9122,42,120,42,546003,59607,82395,25561,0.5521416132498426,0.30012445989103886
9060,0.9123,53,191,53,546194,59416,82448,25508,0.5503723739301197,0.3003626772172766
9061,0.9124,54,168,54,546362,59248,82502,25454,0.5488161843714106,0.3005123845954051
9062,0.9125,67,227,67,546589,59021,82569,25387,0.5467134758605358,0.30076533030044544
9063,0.9126,46,147,46,546736,58874,82615,25341,0.5453518099966653,0.3009083892418215
9064,0.9127,36,102,36,546838,58772,82651,25305,0.5444069806217348,0.3009741070685205
9065,0.9128,41,93,41,546931,58679,82692,25264,0.5435455185445922,0.3009661317798983
9066,0.9129,53,168,53,547099,58511,82745,25211,0.5419893289858831,0.3011275411480853
9067,0.913,19,75,19,547174,58436,82764,25192,0.5412946015043165,0.30123881953412734
9068,0.9131,65,223,65,547397,58213,82829,25127,0.539228945125792,0.3014998800095992
9069,0.9132,60,149,60,547546,58064,82889,25067,0.5378487531957464,0.30153612972296734
9070,0.9133,59,154,59,547700,57910,82948,25008,0.5364222461002631,0.30159917026459876
9071,0.9134,58,161,58,547861,57749,83006,24950,0.5349308977731668,0.3016965138635292
9072,0.9135,56,152,56,548013,57597,83062,24894,0.5335229167438587,0.301778375822817
9073,0.9136,61,208,61,548221,57389,83123,24833,0.5315962058616474,0.30202378925348444
9074,0.9137,53,191,53,548412,57198,83176,24780,0.5298269665419245,0.30227622044938884
9075,0.9138,45,143,45,548555,57055,83221,24735,0.5285023528104043,0.3024208338427681
9076,0.9139,43,133,43,548688,56922,83264,24692,0.5272703694097596,0.3025461317911143
9077,0.914,52,142,52,548830,56780,83316,24640,0.5259550187113269,0.3026283468435274
9078,0.9141,74,200,74,549030,56580,83390,24566,0.524102412093816,0.3027382742217731
9079,0.9142,66,202,66,549232,56378,83456,24500,0.52223127941013,0.3029253938030119
9080,0.9143,39,127,39,549359,56251,83495,24461,0.5210548742080107,0.30306521954604027
9081,0.9144,52,150,52,549509,56101,83547,24409,0.5196654192448775,0.3031797292261831
9082,0.9145,45,157,45,549666,55944,83592,24364,0.5182111230501315,0.3033819793793894
9083,0.9146,65,193,65,549859,55751,83657,24299,0.5164233576642335,0.3035477826358526
9084,0.9147,21,94,21,549953,55657,83678,24278,0.5155526325540035,0.3037217739413273
9085,0.9148,36,143,36,550096,55514,83714,24242,0.5142280188224833,0.30395205376398016
9086,0.9149,42,141,42,550237,55373,83756,24200,0.5129219311571381,0.3041232578889824
9087,0.915,42,122,42,550359,55251,83798,24158,0.5117918411204565,0.30422244329987785
9088,0.9151,41,84,41,550443,55167,83839,24117,0.511013746341102,0.304184955350386
9089,0.9152,35,104,35,550547,55063,83874,24082,0.5100503908999963,0.304276960010108
9090,0.9153,66,176,66,550723,54887,83940,24016,0.5084200970765868,0.30437372469994806
9091,0.9154,60,200,60,550923,54687,84000,23956,0.5065674904590759,0.30461706699897
9092,0.9155,51,140,51,551063,54547,84051,23905,0.5052706658268183,0.30470861163513996
9093,0.9156,39,116,39,551179,54431,84090,23866,0.504196153988662,0.30481372210940394
9094,0.9157,42,113,42,551292,54318,84132,23824,0.5031494312497684,0.30488085792531544
9095,0.9158,45,161,45,551453,54157,84177,23779,0.5016580829226722,0.3051093204680764
9096,0.9159,69,207,69,551660,53950,84246,23710,0.4997406350735485,0.3053051764099923
9097,0.916,46,151,46,551811,53799,84292,23664,0.4983419170773278,0.30548778126331283
9098,0.9161,78,233,78,552044,53566,84370,23586,0.4961836303679277,0.3057082123600166
9099,0.9162,60,176,60,552220,53390,84430,23526,0.49455333654451816,0.305866139684851
9100,0.9163,64,169,64,552389,53221,84494,23462,0.4929878839527215,0.3059609039813257
9101,0.9164,59,193,59,552582,53028,84553,23403,0.4912001185668235,0.3061977469874789
9102,0.9165,52,154,52,552736,52874,84605,23351,0.4897736114713402,0.30634306329944244
9103,0.9166,65,160,65,552896,52714,84670,23286,0.4882915261773315,0.3063947368421053
9104,0.9167,69,166,69,553062,52548,84739,23217,0.48675386268479753,0.3064343694317957
9105,0.9168,49,136,49,553198,52412,84788,23168,0.48549409018489015,0.3065361206668431
9106,0.9169,55,149,55,553347,52263,84843,23113,0.4841138982548446,0.30663606452982384
9107,0.917,27,74,27,553421,52189,84870,23086,0.4834284338063656,0.3066888077050814
9108,0.9171,57,157,57,553578,52032,84927,23029,0.48197413761161956,0.30680379957634457
9109,0.9172,40,173,40,553751,51859,84967,22989,0.4803716328874727,0.3071424754168448
9110,0.9173,48,134,48,553885,51725,85015,22941,0.4791303864537404,0.3072482790024911
9111,0.9174,33,154,33,554039,51571,85048,22908,0.4777038793582571,0.30757663233931715
9112,0.9175,60,181,60,554220,51390,85108,22848,0.4760272703694098,0.3077669118241332
9113,0.9176,56,203,56,554423,51187,85164,22792,0.4741468746526363,0.3080874302166831
9114,0.9177,70,162,70,554585,51025,85234,22722,0.47264626329245246,0.30810744843858057
9115,0.9178,36,101,36,554686,50924,85270,22686,0.4717106969506095,0.30819182176334736
9116,0.9179,42,145,42,554831,50779,85312,22644,0.4703675571529142,0.30840472331558233
9117,0.918,60,170,60,555001,50609,85372,22584,0.4687928415280299,0.30855409670323664
9118,0.9181,46,135,46,555136,50474,85418,22538,0.4675423320612101,0.3086889826329918
9119,0.9182,64,220,64,555356,50254,85482,22474,0.4655044647819482,0.30901440985590145
9120,0.9183,47,138,47,555494,50116,85529,22427,0.4642261662158657,0.3091545703927326
9121,0.9184,34,123,34,555617,49993,85563,22393,0.46308681314609657,0.3093554002155113
9122,0.9185,43,104,43,555721,49889,85606,22350,0.4621234577049909,0.30938966486247044
9123,0.9186,83,219,83,555940,49670,85689,22267,0.46009485345881657,0.30953473177919566
9124,0.9187,20,123,20,556063,49547,85709,22247,0.45895550038904737,0.3098726913112516
9125,0.9188,44,131,44,556194,49416,85753,22203,0.4577420430545778,0.31001549868051775
9126,0.9189,39,148,39,556342,49268,85792,22164,0.4563711141576198,0.31028110650688767
9127,0.919,57,182,57,556524,49086,85849,22107,0.4546852421356849,0.31052210189203994
9128,0.9191,43,157,43,556681,48929,85892,22064,0.4532309459409389,0.31079120476666716
9129,0.9192,52,177,52,556858,48752,85944,22012,0.4515913890844418,0.31106212198292915
9130,0.9193,35,108,35,556966,48644,85979,21977,0.450590981510986,0.3111963863440053
9131,0.9194,66,153,66,557119,48491,86045,21911,0.4491737374485902,0.31122695377972215
9132,0.9195,43,120,43,557239,48371,86088,21868,0.44806217347808364,0.3113370065063569
9133,0.9196,47,152,47,557391,48219,86135,21821,0.4466541924487754,0.31155054254711595
9134,0.9197,36,121,36,557512,48098,86171,21785,0.44553336544518135,0.3117353290499835
9135,0.9198,70,199,70,557711,47899,86241,21715,0.44369002186075807,0.311934381015313
9136,0.9199,65,182,65,557893,47717,86306,21650,0.44200414983882325,0.3121080629117592
9137,0.92,67,208,67,558101,47509,86373,21583,0.44007743895661194,0.3123805939906212
9138,0.9201,49,137,49,558238,47372,86422,21534,0.43880840342361704,0.31251269845876994
9139,0.9202,62,192,62,558430,47180,86484,21472,0.43702990107080664,0.3127658334789955
9140,0.9203,38,87,38,558517,47093,86522,21434,0.4362240171921894,0.3127818232229632
9141,0.9204,58,129,58,558646,46964,86580,21376,0.43502908592389494,0.3127889961954931
9142,0.9205,32,108,32,558754,46856,86612,21344,0.43402867835043907,0.3129618768328446
9143,0.9206,51,148,51,558902,46708,86663,21293,0.43265774945348107,0.31312774812135113
9144,0.9207,48,156,48,559058,46552,86711,21245,0.4312127162918226,0.31336194816879803
9145,0.9208,62,160,62,559218,46392,86773,21183,0.42973063099781394,0.3134739178690344
9146,0.9209,43,127,43,559345,46265,86816,21140,0.4285542257956945,0.31362658556486905
9147,0.921,34,89,34,559434,46176,86850,21106,0.4277298158509022,0.3136945988525906
9148,0.9211,32,68,32,559502,46108,86882,21074,0.42709992960094856,0.3136852133011819
9149,0.9212,50,126,50,559628,45982,86932,21024,0.4259327874319167,0.3137629466017969
9150,0.9213,38,162,38,559790,45820,86970,20986,0.42443217607173295,0.3141334610663713
9151,0.9214,30,85,30,559875,45735,87000,20956,0.42364481825929085,0.3142253077626666
9152,0.9215,53,132,53,560007,45603,87053,20903,0.4224220978917337,0.3143024689501699
9153,0.9216,36,94,36,560101,45509,87089,20867,0.42155137278150356,0.31437567795588767
9154,0.9217,55,192,55,560293,45317,87144,20812,0.41977287042869316,0.3147182023015621
9155,0.9218,50,186,50,560479,45131,87194,20762,0.4180499462744081,0.3150865797580927
9156,0.9219,43,144,43,560623,44987,87237,20719,0.4167160695098003,0.3153288892947372
9157,0.922,63,179,63,560802,44808,87300,20656,0.4150579865871281,0.31553220090431383
9158,0.9221,50,184,50,560986,44624,87350,20606,0.4133535884990181,0.3158975931319945
9159,0.9222,85,160,85,561146,44464,87435,20521,0.4118715032050094,0.31578056474571053
9160,0.9223,74,247,74,561393,44217,87509,20447,0.40958353403238357,0.3162037609798342
9161,0.9224,38,133,38,561526,44084,87547,20409,0.40835155063173884,0.31645294838199495
9162,0.9225,60,103,60,561629,43981,87607,20349,0.40739745822372075,0.3163220892274211
9163,0.9226,33,104,33,561733,43877,87640,20316,0.40643410278261516,0.31648310563457077
9164,0.9227,46,113,46,561846,43764,87686,20270,0.4053873800437215,0.31655058250304524
9165,0.9228,44,127,44,561973,43637,87730,20226,0.4042109748416021,0.31670920564333027
9166,0.9229,59,160,59,562133,43477,87789,20167,0.40272888954759345,0.31687197536295647
9167,0.923,43,131,43,562264,43346,87832,20124,0.40151543221312386,0.31706317945486057
9168,0.9231,32,114,32,562378,43232,87864,20092,0.4004594464411427,0.3172888636220075
9169,0.9232,57,177,57,562555,43055,87921,20035,0.3988198895846456,0.31756221271199875
9170,0.9233,54,148,54,562703,42907,87975,19981,0.3974489606876876,0.3177235720646228
9171,0.9234,48,111,48,562814,42796,88023,19933,0.39642076401496906,0.3177637137528097
9172,0.9235,43,102,43,562916,42694,88066,19890,0.39547593464003855,0.31781285951680943
9173,0.9236,38,92,38,563008,42602,88104,19852,0.39462373559598357,0.3178659493387133
9174,0.9237,31,117,31,563125,42485,88135,19821,0.39353996072473973,0.31812345520495616
9175,0.9238,45,202,45,563327,42283,88180,19776,0.39166882804105374,0.318664496688635
9176,0.9239,47,112,47,563439,42171,88227,19729,0.3906313683352477,0.31872374798061387
9177,0.924,21,54,21,563493,42117,88248,19708,0.39013116454851976,0.31877072381722604
9178,0.9241,62,168,62,563661,41949,88310,19646,0.38857497498981064,0.3189544605893336
9179,0.9242,65,159,65,563820,41790,88375,19581,0.38710215272888954,0.3190594906389011
9180,0.9243,45,124,45,563944,41666,88420,19536,0.3859535366260328,0.3192052547302376
9181,0.9244,65,158,65,564102,41508,88485,19471,0.3844899773981993,0.3193066465504518
9182,0.9245,30,115,30,564217,41393,88515,19441,0.38342472859313054,0.3195745800046027
9183,0.9246,64,133,64,564350,41260,88579,19377,0.3821927451924858,0.31955736596467504
9184,0.9247,51,100,51,564450,41160,88630,19326,0.38126644188373043,0.3195119531792481
9185,0.9248,37,106,37,564556,41054,88667,19289,0.38028456037644964,0.3196559667235636
9186,0.9249,49,147,49,564703,40907,88716,19240,0.3789228945125792,0.3198829534307613
9187,0.925,74,184,74,564887,40723,88790,19166,0.37721849642446925,0.32002538028686406
9188,0.9251,66,167,66,565054,40556,88856,19100,0.3756715698988477,0.3201689687541907
9189,0.9252,53,108,53,565162,40448,88909,19047,0.3746711623253918,0.3201445499621817
9190,0.9253,43,142,43,565304,40306,88952,19004,0.37335581162695913,0.32041814196594165
9191,0.9254,57,148,57,565452,40158,89009,18947,0.37198488273000113,0.32056509601556554
9192,0.9255,70,146,70,565598,40012,89079,18877,0.3706324798992182,0.3205522253731597
9193,0.9256,35,93,35,565691,39919,89114,18842,0.36977101782207566,0.3206548561120471
9194,0.9257,37,128,37,565819,39791,89151,18805,0.3685853495868687,0.3209263430950918
9195,0.9258,52,116,52,565935,39675,89203,18753,0.36751083774871246,0.3209591291846375
9196,0.9259,45,132,45,566067,39543,89248,18708,0.3662881173811553,0.32116186846577743
9197,0.926,45,128,45,566195,39415,89293,18663,0.36510244914594836,0.3213437101828575
9198,0.9261,69,189,69,566384,39226,89362,18594,0.3633517358924006,0.32158422691110344
9199,0.9262,63,141,63,566525,39085,89425,18531,0.3620456482270555,0.32162940849763955
9200,0.9263,52,141,52,566666,38944,89477,18479,0.3607395605617103,0.3218048517144698
9201,0.9264,60,169,60,566835,38775,89537,18419,0.35917410796991367,0.3220442703780117
9202,0.9265,38,99,38,566934,38676,89575,18381,0.3582570676942458,0.32215153267784846
9203,0.9266,63,144,63,567078,38532,89638,18318,0.356923190929638,0.32221635883905014
9204,0.9267,58,174,58,567252,38358,89696,18260,0.35531142317240355,0.3225122752481543
9205,0.9268,54,165,54,567417,38193,89750,18206,0.35378302271295714,0.32280714197060234
9206,0.9269,58,158,58,567575,38035,89808,18148,0.35231946348512355,0.32301585888969975
9207,0.927,68,202,68,567777,37833,89876,18080,0.3504483308014376,0.3233595049451827
9208,0.9271,46,114,46,567891,37719,89922,18034,0.34939234502945643,0.3234624145785877
9209,0.9272,52,125,52,568016,37594,89974,17982,0.34823446589351215,0.32355693104937383
9210,0.9273,52,133,52,568149,37461,90026,17930,0.34700248249286747,0.3236987958332581
9211,0.9274,50,122,50,568271,37339,90076,17880,0.34587239245618584,0.3238015900324164
9212,0.9275,48,104,48,568375,37235,90124,17832,0.34490903701508024,0.32382370566764124
9213,0.9276,47,97,47,568472,37138,90171,17785,0.34401052280558747,0.3238169801358265
9214,0.9277,52,148,52,568620,36990,90223,17733,0.3426395939086294,0.32405021654514554
9215,0.9278,68,178,68,568798,36812,90291,17665,0.3409907740190448,0.32426528626759915
9216,0.9279,66,166,66,568964,36646,90357,17599,0.3394531105265108,0.32443543183703566
9217,0.928,33,112,33,569076,36534,90390,17566,0.33841565082070474,0.3246950092421442
9218,0.9281,46,115,46,569191,36419,90436,17520,0.337350402015636,0.3248113609818499
9219,0.9282,46,128,46,569319,36291,90482,17474,0.33616473378042905,0.3250069747977309
9220,0.9283,52,161,52,569480,36130,90534,17422,0.33467338545333286,0.32532865252464893
9221,0.9284,71,209,71,569689,35921,90605,17351,0.332737411538034,0.32570581168343593
9222,0.9285,46,138,46,569827,35783,90651,17305,0.3314591129719515,0.3259682037371911
9223,0.9286,41,102,41,569929,35681,90692,17264,0.330514283597021,0.3260742279724242
9224,0.9287,46,147,46,570076,35534,90738,17218,0.3291526177331505,0.32639520776463454
9225,0.9288,66,212,66,570288,35322,90804,17152,0.32718885471858905,0.32686663871631666
9226,0.9289,60,149,60,570437,35173,90864,17092,0.3258086627885435,0.32702573423897446
9227,0.929,52,143,52,570580,35030,90916,17040,0.3244840490570232,0.32725177645477244
9228,0.9291,34,123,34,570703,34907,90950,17006,0.32334469598725407,0.32758653901720186
9229,0.9292,52,138,52,570841,34769,91002,16954,0.3220663974211716,0.3277845445933144
9230,0.9293,59,105,59,570946,34664,91061,16895,0.3210937789469784,0.3276828487751896
9231,0.9294,48,144,48,571090,34520,91109,16847,0.3197599021823706,0.32797321237370297
9232,0.9295,58,180,58,571270,34340,91167,16789,0.31809255622661087,0.3283655068552094
9233,0.9296,39,128,39,571398,34212,91206,16750,0.31690688799140393,0.32867626859228444
9234,0.9297,76,126,76,571524,34086,91282,16674,0.3157397458223721,0.3284869976359338
9235,0.9298,49,143,49,571667,33943,91331,16625,0.3144151320908518,0.328765227021041
9236,0.9299,29,74,29,571741,33869,91360,16596,0.3137296676423728,0.32886158723868025
9237,0.93,70,137,70,571878,33732,91430,16526,0.3124606321093779,0.32882327191690874
9238,0.9301,63,159,63,572037,33573,91493,16463,0.31098780984845675,0.3290231033655768
9239,0.9302,39,132,39,572169,33441,91532,16424,0.30976508948089965,0.3293692971021759
9240,0.9303,38,81,38,572250,33360,91570,16386,0.3090147838008077,0.3293933180557231
9241,0.9304,41,124,41,572374,33236,91611,16345,0.307866167697951,0.32966257235634616
9242,0.9305,31,102,31,572476,33134,91642,16314,0.3069213383230205,0.3299223426629995
9243,0.9306,53,162,53,572638,32972,91695,16261,0.30542072696283673,0.33028659638860114
9244,0.9307,80,201,80,572839,32771,91775,16181,0.3035588573122383,0.3305482922046086
9245,0.9308,53,137,53,572976,32634,91828,16128,0.3022898217792434,0.330749354005168
9246,0.9309,56,151,56,573127,32483,91884,16072,0.3008911037830227,0.3310060755843888
9247,0.931,50,120,50,573247,32363,91934,16022,0.2997795398125162,0.33113568254624365
9248,0.9311,34,97,34,573344,32266,91968,15988,0.29888102560302343,0.33133004517760184
9249,0.9312,29,78,29,573422,32188,91997,15959,0.2981585090221942,0.33146405798907513
9250,0.9313,60,143,60,573565,32045,92057,15899,0.296833895290674,0.3316160520607375
9251,0.9314,20,108,20,573673,31937,92077,15879,0.2958334877172181,0.33208549439518154
9252,0.9315,51,119,51,573792,31818,92128,15828,0.2947311867797992,0.3321999748142551
9253,0.9316,53,147,53,573939,31671,92181,15775,0.2933695209159287,0.33248324410909247
9254,0.9317,39,83,39,574022,31588,92220,15736,0.2926006891696617,0.33251627081396334
9255,0.9318,50,102,50,574124,31486,92270,15686,0.2916558597947312,0.33252777071143896
9256,0.9319,86,243,86,574367,31243,92356,15600,0.2894049427544555,0.33302734666865913
9257,0.932,39,77,39,574444,31166,92395,15561,0.28869168920671384,0.33301945342093436
9258,0.9321,42,129,42,574573,31037,92437,15519,0.28749675793841933,0.3333404931695163
9259,0.9322,57,118,57,574691,30919,92494,15462,0.286403720034088,0.33336926758802093
9260,0.9323,59,124,59,574815,30795,92553,15403,0.28525510393123127,0.33341270184856486
9261,0.9324,32,81,32,574896,30714,92585,15371,0.28450479825113933,0.33353585765433436
9262,0.9325,21,91,21,574987,30623,92606,15350,0.2836618622401719,0.3338916320448959
9263,0.9326,49,95,49,575082,30528,92655,15301,0.2827818740968543,0.33387156603897095
9264,0.9327,50,132,50,575214,30396,92705,15251,0.28155915372929713,0.33410738931364603
9265,0.9328,36,102,36,575316,30294,92741,15215,0.2806143243543666,0.3343294732909974
9266,0.9329,43,103,43,575419,30191,92784,15172,0.27966023194634854,0.33445759760156957
9267,0.933,33,96,33,575515,30095,92817,15139,0.27877098076994333,0.3346818764646063
9268,0.9331,44,136,44,575651,29959,92861,15095,0.27751120827003595,0.33504239357215787
9269,0.9332,70,185,70,575836,29774,92931,15025,0.2757975471488384,0.3353869506015759
9270,0.9333,33,118,33,575954,29656,92964,14992,0.274704509244507,0.33578211790001794
9271,0.9334,52,103,52,576057,29553,93016,14940,0.27375041683648893,0.33578315690108557
9272,0.9335,57,165,57,576222,29388,93073,14883,0.2722220163770425,0.3361794402656366
9273,0.9336,51,138,51,576360,29250,93124,14832,0.27094371781096,0.3364638628011433
9274,0.9337,26,121,26,576481,29129,93150,14806,0.269822890807366,0.33699783771480596
9275,0.9338,40,111,40,576592,29018,93190,14766,0.26879469413464746,0.3372464827334186
9276,0.9339,42,126,42,576718,28892,93232,14724,0.2676275519656156,0.33758253851797504
9277,0.934,51,90,51,576808,28802,93283,14673,0.26679387898773577,0.33750431282346177
9278,0.9341,39,108,39,576916,28694,93322,14634,0.2657934714142799,0.3377492614475628
9279,0.9342,35,128,35,577044,28566,93357,14599,0.26460780317907295,0.338213830649832
9280,0.9343,34,93,34,577137,28473,93391,14565,0.2637463411019304,0.3384218597518472
9281,0.9344,42,103,42,577240,28370,93433,14523,0.2627922486939123,0.3385867157811298
9282,0.9345,42,79,42,577319,28291,93475,14481,0.26206046907999553,0.3385626110539605
9283,0.9346,63,156,63,577475,28135,93538,14418,0.2606154359183371,0.3388245247103612
9284,0.9347,46,100,46,577575,28035,93584,14372,0.2596891326095817,0.3389063126370646
9285,0.9348,51,151,51,577726,27884,93635,14321,0.258290414613361,0.3393199857836749
9286,0.9349,23,86,23,577812,27798,93658,14298,0.2574937937678313,0.3396522234891676
9287,0.935,62,107,62,577919,27691,93720,14236,0.256502649227463,0.33954253822119396
9288,0.9351,41,137,41,578056,27554,93761,14195,0.2552336136944681,0.3400081439076385
9289,0.9352,50,120,50,578176,27434,93811,14145,0.25412204972396163,0.3401957719040862
9290,0.9353,42,112,42,578288,27322,93853,14103,0.25308459001815553,0.3404465902232951
9291,0.9354,31,79,31,578367,27243,93884,14072,0.25235281040423874,0.34060268667554155
9292,0.9355,51,101,51,578468,27142,93935,14021,0.2514172440623958,0.34062143186842553
9293,0.9356,46,93,46,578561,27049,93981,13975,0.25055578198525325,0.34065425117004683
9294,0.9357,41,98,41,578659,26951,94022,13934,0.24964800474267293,0.3408095878684114
9295,0.9358,42,86,42,578745,26865,94064,13892,0.24885138389714329,0.3408494246387124
9296,0.9359,54,107,54,578852,26758,94118,13838,0.24786023935677498,0.3408710217755444
9297,0.936,37,91,37,578943,26667,94155,13801,0.24701730334580754,0.3410348917663339
9298,0.9361,61,136,61,579079,26531,94216,13740,0.24575753084590019,0.34118844826301803
9299,0.9362,16,57,16,579136,26474,94232,13724,0.2452295379599096,0.34141002039902485
9300,0.9363,43,83,43,579219,26391,94275,13681,0.2444607062136426,0.3414104611698942
9301,0.9364,27,101,27,579320,26290,94302,13654,0.24352513987179963,0.34182855998397754
9302,0.9365,32,100,32,579420,26190,94334,13622,0.2425988365630442,0.3421581432733849
9303,0.9366,69,116,69,579536,26074,94403,13553,0.2415243247248879,0.3420142831907538
9304,0.9367,59,110,59,579646,25964,94462,13494,0.24050539108525695,0.34198388159562065
9305,0.9368,53,128,53,579774,25836,94515,13441,0.23931972285005002,0.34221045395524097
9306,0.9369,30,62,30,579836,25774,94545,13411,0.23874541479862166,0.3422483093020288
9307,0.937,14,43,14,579879,25731,94559,13397,0.23834710437585682,0.34238908198732365
9308,0.9371,30,88,30,579967,25643,94589,13367,0.23753195746415207,0.34265572930017946
9309,0.9372,54,117,54,580084,25526,94643,13313,0.23644818259290823,0.3427740158088519
9310,0.9373,103,222,103,580306,25304,94746,13210,0.2343917892474712,0.3429921586955393
9311,0.9374,46,121,46,580427,25183,94792,13164,0.23327096224387714,0.3432863066211177
9312,0.9375,43,97,43,580524,25086,94835,13121,0.23237244803438437,0.3434187452561049
9313,0.9376,33,83,33,580607,25003,94868,13088,0.23160361628811738,0.3435982253025649
9314,0.9377,53,99,53,580706,24904,94921,13035,0.23068657601244952,0.34357784865178315
9315,0.9378,51,175,51,580881,24729,94972,12984,0.22906554522212752,0.3442844642430992
9316,0.9379,52,154,52,581035,24575,95024,12932,0.22763903812664418,0.3447889727250913
9317,0.938,47,87,47,581122,24488,95071,12885,0.22683315424802697,0.34476761298263453
9318,0.9381,48,96,48,581218,24392,95119,12837,0.22594390307162177,0.34481184023207717
9319,0.9382,44,97,44,581315,24295,95163,12793,0.22504538886212902,0.34493636755823986
9320,0.9383,33,95,33,581410,24200,95196,12760,0.22416540071881136,0.34523809523809523
9321,0.9384,32,106,32,581516,24094,95228,12728,0.22318351921153062,0.34566291890717504
9322,0.9385,51,148,51,581664,23946,95279,12677,0.2218125903145726,0.34614859514512736
9323,0.9386,35,91,35,581755,23855,95314,12642,0.22096965430360518,0.3463846343535085
9324,0.9387,47,115,47,581870,23740,95361,12595,0.21990440549853643,0.34663547543690654
9325,0.9388,42,101,42,581971,23639,95403,12553,0.21896883915669346,0.3468446065428824
9326,0.9389,48,126,48,582097,23513,95451,12505,0.21780169698766164,0.3471875173524349
9327,0.939,33,89,33,582186,23424,95484,12472,0.2169772870428693,0.3474481836416314
9328,0.9391,15,43,15,582229,23381,95499,12457,0.21657897662010447,0.34759194151459344
9329,0.9392,31,80,31,582309,23301,95530,12426,0.21583793397310017,0.3478041817113108
9330,0.9393,42,139,42,582448,23162,95572,12384,0.21455037237393013,0.34839363078827434
9331,0.9394,28,80,28,582528,23082,95600,12356,0.2138093297269258,0.3486652745640273
9332,0.9395,44,132,44,582660,22950,95644,12312,0.21258660935936863,0.34915773353751917
9333,0.9396,25,69,25,582729,22881,95669,12287,0.2119474600763274,0.34938011828935395
9334,0.9397,42,127,42,582856,22754,95711,12245,0.210771054874208,0.34986713906111605
9335,0.9398,45,126,45,582982,22628,95756,12200,0.20960391270517617,0.3502928678075112
9336,0.9399,54,109,54,583091,22519,95810,12146,0.20859424209863278,0.35038222991489976
9337,0.94,43,117,43,583208,22402,95853,12103,0.20751046722738895,0.3507607593102449
9338,0.9401,61,137,61,583345,22265,95914,12042,0.20624143169439402,0.35100708310257384
9339,0.9402,62,136,62,583481,22129,95976,11980,0.20498165919448663,0.35122694889911754
9340,0.9403,26,62,26,583543,22067,96002,11954,0.20440735114305827,0.35137121189853326
9341,0.9404,34,87,34,583630,21980,96036,11920,0.20360146726444106,0.35162241887905604
9342,0.9405,53,107,53,583737,21873,96089,11867,0.20261032272407278,0.3517190278601067
9343,0.9406,33,73,33,583810,21800,96122,11834,0.20193412130868132,0.3518463459594458
9344,0.9407,43,91,43,583901,21709,96165,11791,0.2010911852977139,0.3519701492537313
9345,0.9408,49,133,49,584034,21576,96214,11742,0.19985920189706918,0.35242211417251934
9346,0.9409,43,130,43,584164,21446,96257,11699,0.19865500759568713,0.3529642480012068
9347,0.941,32,49,32,584213,21397,96289,11667,0.198201118974397,0.35286111783208324
9348,0.9411,50,98,50,584311,21299,96339,11617,0.19729334173181667,0.3529286669097096
9349,0.9412,33,70,33,584381,21229,96372,11584,0.19664492941568787,0.3530308109590711
9350,0.9413,35,82,35,584463,21147,96407,11549,0.19588536070250842,0.3532236359187668
9351,0.9414,43,102,43,584565,21045,96450,11506,0.1949405313275779,0.353476083684065
9352,0.9415,55,101,55,584666,20944,96505,11451,0.19400496498573494,0.3534804753820034
9353,0.9416,32,96,32,584762,20848,96537,11419,0.19311571380932974,0.3538909722007004
9354,0.9417,38,115,38,584877,20733,96575,11381,0.19205046500426098,0.35439372236407796
9355,0.9418,60,106,60,584983,20627,96635,11321,0.19106858349698025,0.35435708025541507
9356,0.9419,23,78,23,585061,20549,96658,11298,0.19034606691615102,0.35475868998649795
9357,0.942,30,85,30,585146,20464,96688,11268,0.18955870910370892,0.355098953737552
9358,0.9421,43,91,43,585237,20373,96731,11225,0.18871577309274148,0.3552440027849864
9359,0.9422,42,82,42,585319,20291,96773,11183,0.18795620437956204,0.3553091440554108
9360,0.9423,46,137,46,585456,20154,96819,11137,0.1866871688465671,0.35591703684765585
9361,0.9424,37,82,37,585538,20072,96856,11100,0.1859276001333877,0.3560887976389067
9362,0.9425,45,102,45,585640,19970,96901,11055,0.18498277075845715,0.35632554391619664
9363,0.9426,35,96,35,585736,19874,96936,11020,0.18409351958205195,0.35670356703567035
9364,0.9427,67,122,67,585858,19752,97003,10953,0.18296342954537034,0.3567171470444553
9365,0.9428,39,91,39,585949,19661,97042,10914,0.1821204935344029,0.35695829926410466
9366,0.9429,49,129,49,586078,19532,97091,10865,0.18092556226610843,0.35743658913708587
9367,0.943,44,93,44,586171,19439,97135,10821,0.18006410018896588,0.35760079312623927
9368,0.9431,42,118,42,586289,19321,97177,10779,0.17897106228463447,0.3581063122923588
9369,0.9432,42,83,42,586372,19238,97219,10737,0.17820223053836748,0.3581984987489575
9370,0.9433,63,131,63,586503,19107,97282,10674,0.1769887732038979,0.3584164400120882
9371,0.9434,44,88,44,586591,19019,97326,10630,0.1761736262921931,0.3585281122466188
9372,0.9435,25,68,25,586659,18951,97351,10605,0.17554374004223944,0.35881039382866425
9373,0.9436,49,116,49,586775,18835,97400,10556,0.17446922820408314,0.3591575652410602
9374,0.9437,71,136,71,586911,18699,97471,10485,0.17320945570417579,0.3592722039473684
9375,0.9438,50,90,50,587001,18609,97521,10435,0.1723757827262959,0.35928246797961716
9376,0.9439,52,96,52,587097,18513,97573,10383,0.1714865315498907,0.3593230897009967
9377,0.944,42,95,42,587192,18418,97615,10341,0.17060654340657305,0.3595743941027157
9378,0.9441,39,103,39,587295,18315,97654,10302,0.16965245099855497,0.3599958066883321
9379,0.9442,34,79,34,587374,18236,97688,10268,0.16892067138463818,0.3602301431378052
9380,0.9443,19,45,19,587419,18191,97707,10249,0.16850383489569826,0.36037271448663855
9381,0.9444,23,68,23,587487,18123,97730,10226,0.16787394864574456,0.36071819111785247
9382,0.9445,28,84,28,587571,18039,97758,10198,0.16709585386639,0.36115734674363426
9383,0.9446,28,50,28,587621,17989,97786,10170,0.1666327022120123,0.36116339358641997
9384,0.9447,27,56,27,587677,17933,97813,10143,0.16611397235910927,0.3612694115970936
9385,0.9448,38,110,38,587787,17823,97851,10105,0.1650950387194783,0.36182325981094243
9386,0.9449,59,102,59,587889,17721,97910,10046,0.16415020934454777,0.3617963769942738
9387,0.945,19,61,19,587950,17660,97929,10027,0.16358516432620698,0.36215552425325964
9388,0.9451,29,84,29,588034,17576,97958,9998,0.16280706954685242,0.36258794516573584
9389,0.9452,27,69,27,588103,17507,97985,9971,0.1621679202638112,0.3628721158745178
9390,0.9453,37,86,37,588189,17421,98022,9934,0.16137129941828152,0.36315116066532627
9391,0.9454,29,97,29,588286,17324,98051,9905,0.16047278520878877,0.36376657240442173
9392,0.9455,27,103,27,588389,17221,98078,9878,0.1595186928007707,0.3645152957673715
9393,0.9456,40,96,40,588485,17125,98118,9838,0.15862944162436549,0.364870377925305
9394,0.9457,30,86,30,588571,17039,98148,9808,0.15783282077883581,0.36532945952992885
9395,0.9458,52,137,52,588708,16902,98200,9756,0.1565637852458409,0.3659689399054693
9396,0.9459,45,92,45,588800,16810,98245,9711,0.1557115862017859,0.3661626635496399
9397,0.946,19,60,19,588860,16750,98264,9692,0.15515580421653266,0.36653808335224264
9398,0.9461,19,44,19,588904,16706,98283,9673,0.15474823076068028,0.36669320292657037
9399,0.9462,59,96,59,589000,16610,98342,9614,0.15385897958427508,0.36661073825503354
9400,0.9463,30,65,30,589065,16545,98372,9584,0.15325688243358404,0.36679551456236364
9401,0.9464,36,83,36,589148,16462,98408,9548,0.15248805068731705,0.3670895809304114
9402,0.9465,22,68,22,589216,16394,98430,9526,0.15185816443736336,0.3675154320987654
9403,0.9466,39,75,39,589291,16319,98469,9487,0.15116343695579681,0.36762768348446095
9404,0.9467,23,85,23,589376,16234,98492,9464,0.1503760791433547,0.3682776869795315
9405,0.9468,57,112,57,589488,16122,98549,9407,0.14933861943754864,0.3684829017979553
9406,0.9469,68,127,68,589615,15995,98617,9339,0.14816221423542925,0.3686350359201074
9407,0.947,28,65,28,589680,15930,98645,9311,0.14756011708473823,0.3688839586387227
9408,0.9471,42,90,42,589770,15840,98687,9269,0.14672644410685834,0.3691505038034171
9409,0.9472,33,73,33,589843,15767,98720,9236,0.14605024269146688,0.36939567251929767
9410,0.9473,26,63,26,589906,15704,98746,9210,0.14546667160695098,0.3696716705466806
9411,0.9474,54,76,54,589982,15628,98800,9156,0.14476268109229687,0.36943189154293093
9412,0.9475,14,62,14,590044,15566,98814,9142,0.1441883730408685,0.3700016189088554
9413,0.9476,21,73,21,590117,15493,98835,9121,0.14351217162547705,0.3705614690826359
9414,0.9477,51,90,51,590207,15403,98886,9070,0.14267849864759716,0.37061251174764026
9415,0.9478,31,70,31,590277,15333,98917,9039,0.14203008633146838,0.370876415558838
9416,0.9479,35,92,35,590369,15241,98952,9004,0.1411778872874134,0.3713755413487317
9417,0.948,37,96,37,590465,15145,98989,8967,0.1402886361110082,0.37188951559389516
9418,0.9481,30,52,30,590517,15093,99019,8937,0.13980695839045537,0.37191011235955057
9419,0.9482,31,72,31,590589,15021,99050,8906,0.13914002000815148,0.3722154887783675
9420,0.9483,36,84,36,590673,14937,99086,8870,0.13836192522879692,0.3725794934263032
9421,0.9484,34,109,34,590782,14828,99120,8836,0.1373522546222535,0.37339418526031104
9422,0.9485,50,132,50,590914,14696,99170,8786,0.13612953425469637,0.3741589302444426
9423,0.9486,26,45,26,590959,14651,99196,8760,0.13571269776575642,0.374183076331639
9424,0.9487,43,103,43,591062,14548,99239,8717,0.13475860535773834,0.37468300021491513
9425,0.9488,39,104,39,591166,14444,99278,8678,0.1337952499166327,0.37531355419081397
9426,0.9489,20,66,20,591232,14378,99298,8658,0.13318388973285414,0.3758465011286682
9427,0.949,59,99,59,591331,14279,99357,8599,0.13226684945718625,0.3758632747617799
9428,0.9491,44,103,44,591434,14176,99401,8555,0.13131275704916817,0.37635827724253224
9429,0.9492,31,64,31,591498,14112,99432,8524,0.1307199229315647,0.37656829828591626
9430,0.9493,31,64,31,591562,14048,99463,8493,0.13012708881396123,0.3767800896144803
9431,0.9494,51,99,51,591661,13949,99514,8442,0.12921004853829338,0.3770264838551204
9432,0.9495,32,60,32,591721,13889,99546,8410,0.12865426655304013,0.3771469572626575
9433,0.9496,62,103,62,591824,13786,99608,8348,0.12770017414502205,0.3771573145387187
9434,0.9497,19,49,19,591873,13737,99627,8329,0.12724628552373188,0.3774585334904378
9435,0.9498,49,83,49,591956,13654,99676,8280,0.1264774537774649,0.37749612473784994
9436,0.9499,26,66,26,592022,13588,99702,8254,0.1258660935936863,0.3778957970881787
9437,0.95,41,62,41,592084,13526,99743,8213,0.12529178554225795,0.37780026680160084
9438,0.9501,38,86,38,592170,13440,99781,8175,0.12449516469672829,0.37820957668285915
9439,0.9502,51,97,51,592267,13343,99832,8124,0.12359665048723555,0.3784413285507989
9440,0.9503,37,63,37,592330,13280,99869,8087,0.12301307940271963,0.37848083493237233
9441,0.9504,35,85,35,592415,13195,99904,8052,0.12222572159027752,0.3789711488680755
9442,0.9505,43,80,43,592495,13115,99947,8009,0.12148467894327318,0.37914220791516756
9443,0.9506,33,49,33,592544,13066,99980,7976,0.12103079032198304,0.37905142096758865
9444,0.9507,47,81,47,592625,12985,100027,7929,0.12028048464189114,0.3791240317490676
9445,0.9508,26,48,26,592673,12937,100053,7903,0.11983585905368854,0.37922264875239925
9446,0.9509,47,83,47,592756,12854,100100,7856,0.11906702730742154,0.37933365523901497
9447,0.951,31,74,31,592830,12780,100131,7825,0.11838156285894254,0.37976219364231983
9448,0.9511,30,81,30,592911,12699,100161,7795,0.11763125717885065,0.3803552259197814
9449,0.9512,22,41,22,592952,12658,100183,7773,0.11725147282226092,0.380451275023249
9450,0.9513,50,96,50,593048,12562,100233,7723,0.11636222164585572,0.3807246734039931
9451,0.9514,37,103,37,593151,12459,100270,7686,0.11540812923783764,0.38153387937453465
9452,0.9515,29,57,29,593208,12402,100299,7657,0.11488013635184705,0.38172391445236553
9453,0.9516,24,51,24,593259,12351,100323,7633,0.11440772166438179,0.38195556445156126
9454,0.9517,55,138,55,593397,12213,100378,7578,0.1131294230982993,0.3829013187812642
9455,0.9518,35,82,35,593479,12131,100413,7543,0.11236985438511986,0.38339941038934633
9456,0.9519,20,48,20,593527,12083,100433,7523,0.11192522879691726,0.38370906865245336
9457,0.952,36,56,36,593583,12027,100469,7487,0.11140649894401423,0.38367326022342935
9458,0.9521,33,56,33,593639,11971,100502,7454,0.1108877690911112,0.3837323037323037
9459,0.9522,27,71,27,593710,11900,100529,7427,0.11023009374189485,0.3842810575878305
9460,0.9523,45,85,45,593795,11815,100574,7382,0.10944273592945274,0.38453925092462365
9461,0.9524,30,77,30,593872,11738,100604,7352,0.10872948238171107,0.3851231011000524
9462,0.9525,22,45,22,593917,11693,100626,7330,0.10831264589277113,0.3853230300162961
9463,0.9526,22,30,22,593947,11663,100648,7308,0.1080347549001445,0.38521954562226557
9464,0.9527,19,40,19,593987,11623,100667,7289,0.10766423357664233,0.3854166666666667
9465,0.9528,32,68,32,594055,11555,100699,7257,0.10703434732668865,0.3857644056984903
9466,0.9529,26,62,26,594117,11493,100725,7231,0.1064600392752603,0.3861888485366375
9467,0.953,34,74,34,594191,11419,100759,7197,0.10577457482678128,0.38660292221744735
9468,0.9531,32,58,32,594249,11361,100791,7165,0.10523731890770315,0.3867537514844003
9469,0.9532,16,28,16,594277,11333,100807,7149,0.10497795398125162,0.38680878692782167
9470,0.9533,24,48,24,594325,11285,100831,7125,0.10453332839304902,0.38701792504073873
9471,0.9534,43,86,43,594411,11199,100874,7082,0.10373670754751936,0.38739675072479623
9472,0.9535,34,54,34,594465,11145,100908,7048,0.10323650376079144,0.38740174792502613
9473,0.9536,20,53,20,594518,11092,100928,7028,0.10274556300715106,0.38785871964679913
9474,0.9537,23,76,23,594594,11016,100951,7005,0.10204157249249694,0.3887131679707008
9475,0.9538,22,34,22,594628,10982,100973,6983,0.1017266293675201,0.38870025048705814
9476,0.9539,33,59,33,594687,10923,101006,6950,0.10118011041535441,0.3888546970290382
9477,0.954,23,34,23,594721,10889,101029,6927,0.10086516729037756,0.3888078132016165
9478,0.9541,17,65,17,594786,10824,101046,6910,0.10026307013968654,0.38964700575166344
9479,0.9542,26,62,26,594848,10762,101072,6884,0.09968876208825818,0.3901167403377536
9480,0.9543,35,52,35,594900,10710,101107,6849,0.09920708436770537,0.3900563813429011
9481,0.9544,24,39,24,594939,10671,101131,6825,0.09884582607729075,0.3900891632373114
9482,0.9545,43,72,43,595011,10599,101174,6782,0.09817888769498685,0.3901961912433117
9483,0.9546,32,47,32,595058,10552,101206,6750,0.0977435251398718,0.39012830886602706
9484,0.9547,43,73,43,595131,10479,101249,6707,0.09706732372448035,0.39025951355754684
9485,0.9548,11,57,11,595188,10422,101260,6696,0.09653933083848976,0.3911671924290221
9486,0.9549,22,64,22,595252,10358,101282,6674,0.09594649672088629,0.3918506341005167
9487,0.955,18,45,18,595297,10313,101300,6656,0.09552966023194635,0.3922446814779893
9488,0.9551,19,26,19,595323,10287,101319,6637,0.09528882137166994,0.3921649728196644
9489,0.9552,43,62,43,595385,10225,101362,6594,0.09471451332024158,0.3920566026517629
9490,0.9553,27,56,27,595441,10169,101389,6567,0.09419578346733855,0.3923876673040153
9491,0.9554,32,73,32,595514,10096,101421,6535,0.09351958205194709,0.3929408935121159
9492,0.9555,18,42,18,595556,10054,101439,6517,0.09313053466226981,0.393277412346871
9493,0.9556,18,23,18,595579,10031,101457,6499,0.09291748490125606,0.3931639443436177
9494,0.9557,31,67,31,595646,9964,101488,6468,0.09229686168438994,0.3936222005842259
9495,0.9558,40,62,40,595708,9902,101528,6428,0.09172255363296157,0.3936313533374158
9496,0.9559,20,35,20,595743,9867,101548,6408,0.09139834747489718,0.39373271889400924
9497,0.956,45,60,45,595803,9807,101593,6363,0.09084256548964392,0.3935064935064935
9498,0.9561,43,77,43,595880,9730,101636,6320,0.09012931194190225,0.39376947040498445
9499,0.9562,45,124,45,596004,9606,101681,6275,0.08898069583904554,0.39512625149549774
9500,0.9563,26,60,26,596064,9546,101707,6249,0.08842491385379228,0.3956315289648623
9501,0.9564,19,57,19,596121,9489,101726,6230,0.0878969209678017,0.3963356447611171
9502,0.9565,24,52,24,596173,9437,101750,6206,0.08741524324724888,0.3967269705299495
9503,0.9566,17,45,17,596218,9392,101767,6189,0.08699840675830894,0.3972145561902317
9504,0.9567,28,62,28,596280,9330,101795,6161,0.08642409870688059,0.3977148021431799
9505,0.9568,18,33,18,596313,9297,101813,6143,0.0861184186149913,0.3978626943005181
9506,0.9569,22,51,22,596364,9246,101835,6121,0.08564600392752603,0.3983210776338908
9507,0.957,36,47,36,596411,9199,101871,6085,0.08521064137241098,0.3981287621041612
9508,0.9571,25,35,25,596446,9164,101896,6060,0.08488643521434659,0.3980557015239096
9509,0.9572,17,34,17,596480,9130,101913,6043,0.08457149208936975,0.39827324853357937
9510,0.9573,33,85,33,596565,9045,101946,6010,0.08378413427692764,0.39920292261707074
9511,0.9574,40,77,40,596642,8968,101986,5970,0.08307088072918596,0.3996518944972553
9512,0.9575,30,54,30,596696,8914,102016,5940,0.08257067694245804,0.39989228490642253
9513,0.9576,16,35,16,596731,8879,102032,5924,0.08224647078439364,0.4001891508478011
9514,0.9577,25,41,25,596772,8838,102057,5899,0.08186668642780393,0.4002849969464613
9515,0.9578,41,64,41,596836,8774,102098,5858,0.08127385231020046,0.40035538545653365
9516,0.9579,35,66,35,596902,8708,102133,5823,0.08066249212642188,0.4007294749156975
9517,0.958,19,33,19,596935,8675,102152,5804,0.08035681203453258,0.4008564127356862
9518,0.9581,30,51,30,596986,8624,102182,5774,0.07988439734706733,0.4010279205445201
9519,0.9582,32,67,32,597053,8557,102214,5742,0.07926377413020119,0.40156654311490314
9520,0.9583,35,60,35,597113,8497,102249,5707,0.07870799214494795,0.40178822866798086
9521,0.9584,24,51,24,597164,8446,102273,5683,0.07823557745748268,0.40222237950314954
9522,0.9585,28,46,28,597210,8400,102301,5655,0.07780947793545519,0.4023479188900747
9523,0.9586,13,40,13,597250,8360,102314,5642,0.07743895661195302,0.4029424367947436
9524,0.9587,22,29,22,597279,8331,102336,5620,0.07717032865241395,0.4028385062002724
9525,0.9588,51,89,51,597368,8242,102387,5569,0.07634591870762163,0.40322930997031353
9526,0.9589,22,43,22,597411,8199,102409,5547,0.07594760828485679,0.4035355739851593
9527,0.959,38,75,38,597486,8124,102447,5509,0.07525288080329023,0.4040930096090369
9528,0.9591,21,48,21,597534,8076,102468,5488,0.07480825521508763,0.40460041285756415
9529,0.9592,17,52,17,597586,8024,102485,5471,0.0743265774945348,0.4054094108929233
9530,0.9593,32,43,32,597629,7981,102517,5439,0.07392826707176998,0.40529061102831593
9531,0.9594,32,54,32,597683,7927,102549,5407,0.07342806328504205,0.4055047247637618
9532,0.9595,26,54,26,597737,7873,102575,5381,0.07292785949831412,0.405990644333786
9533,0.9596,19,40,19,597777,7833,102594,5362,0.07255733817481196,0.4063660477453581
9534,0.9597,27,48,27,597825,7785,102621,5335,0.07211271258660935,0.4066310975609756
9535,0.9598,24,48,24,597873,7737,102645,5311,0.07166808699840675,0.4070355610055181
9536,0.9599,22,62,22,597935,7675,102667,5289,0.0710937789469784,0.40797593335390314
9537,0.96,32,57,32,597992,7618,102699,5257,0.0705657860609878,0.40831067961165046
9538,0.9601,16,63,16,598055,7555,102715,5241,0.06998221497647189,0.40958111909971867
9539,0.9602,26,52,26,598107,7503,102741,5215,0.06950053725591908,0.4100487498034282
9540,0.9603,19,33,19,598140,7470,102760,5196,0.06919485716402979,0.4102321174798674
9541,0.9604,26,47,26,598187,7423,102786,5170,0.06875949460891474,0.4105455411736679
9542,0.9605,21,33,21,598220,7390,102807,5149,0.06845381451702545,0.4106388069224021
9543,0.9606,16,29,16,598249,7361,102823,5133,0.06818518655748639,0.4108372018568913
9544,0.9607,35,54,35,598303,7307,102858,5098,0.06768498277075846,0.4109633212414349
9545,0.9608,23,54,23,598357,7253,102881,5075,0.06718477898403052,0.41166450356911094
9546,0.9609,22,27,22,598384,7226,102903,5053,0.06693467709066657,0.41151559573255153
9547,0.961,13,28,13,598412,7198,102916,5040,0.06667531216421504,0.41183199869259685
9548,0.9611,34,69,34,598481,7129,102950,5006,0.06603616288117381,0.41252575195714875
9549,0.9612,23,51,23,598532,7078,102973,4983,0.06556374819370855,0.41314982173949094
9550,0.9613,40,64,40,598596,7014,103013,4943,0.06497091407610509,0.4133980095341641
9551,0.9614,30,46,30,598642,6968,103043,4913,0.06454481455407758,0.41351738069186095
9552,0.9615,24,50,24,598692,6918,103067,4889,0.06408166289969988,0.4140763953586855
9553,0.9616,21,51,21,598743,6867,103088,4868,0.06360924821223461,0.4148274392841926
9554,0.9617,46,72,46,598815,6795,103134,4822,0.06294230982993071,0.41508134630283205
9555,0.9618,34,46,34,598861,6749,103168,4788,0.06251621030790322,0.4150125682586461
9556,0.9619,20,43,20,598904,6706,103188,4768,0.06211789988513839,0.41554819592121317
9557,0.962,31,45,31,598949,6661,103219,4737,0.06170106339619845,0.41559922793472537
9558,0.9621,18,30,18,598979,6631,103237,4719,0.06142317240357183,0.41577092511013214
9559,0.9622,28,57,28,599036,6574,103265,4691,0.060895179517581235,0.4164225477141589
9560,0.9623,22,49,22,599085,6525,103287,4669,0.060441290896291085,0.4170984455958549
9561,0.9624,42,55,42,599140,6470,103329,4627,0.0599318240764756,0.41695953861403984
9562,0.9625,20,63,20,599203,6407,103349,4607,0.059348252991959685,0.41828581804975484
9563,0.9626,12,40,12,599243,6367,103361,4595,0.05897773166845752,0.4191753329684364
9564,0.9627,13,35,13,599278,6332,103374,4582,0.05865352551039312,0.41982774418178487
9565,0.9628,27,41,27,599319,6291,103401,4555,0.058273741153803404,0.41997049603540476
9566,0.9629,25,23,25,599342,6268,103426,4530,0.05806069139278965,0.41952213372846825
9567,0.963,29,54,29,599396,6214,103455,4501,0.05756048760606173,0.42006532897806814
9568,0.9631,20,28,20,599424,6186,103475,4481,0.05730112267961021,0.4200806224805475
9569,0.9632,23,34,23,599458,6152,103498,4458,0.05698617955463337,0.42016965127238454
9570,0.9633,33,56,33,599514,6096,103531,4425,0.056467449701730336,0.4205873966353008
9571,0.9634,14,28,14,599542,6068,103545,4411,0.05620808477527882,0.42093711231987785
9572,0.9635,17,30,17,599572,6038,103562,4394,0.05593019378265219,0.42120398773006135
9573,0.9636,30,54,30,599626,5984,103592,4364,0.055429989995924266,0.4217240046385775
9574,0.9637,23,36,23,599662,5948,103615,4341,0.055096520804772314,0.42190689085431043
9575,0.9638,35,46,35,599708,5902,103650,4306,0.054670421282744824,0.4218260188087774
9576,0.9639,15,45,15,599753,5857,103665,4291,0.05425358479380488,0.42284193929838393
9577,0.964,16,39,16,599792,5818,103681,4275,0.05389232650339027,0.4235608837808382
9578,0.9641,32,64,32,599856,5754,103713,4243,0.0532994923857868,0.4244273281984595
9579,0.9642,33,62,33,599918,5692,103746,4210,0.052725184334358445,0.42516663300343366
9580,0.9643,22,40,22,599958,5652,103768,4188,0.05235466301085628,0.42560975609756097
9581,0.9644,28,48,28,600006,5604,103796,4160,0.051910037422653675,0.42605489553461695
9582,0.9645,14,20,14,600026,5584,103810,4146,0.05172477676090259,0.4261048304213772
9583,0.9646,23,49,23,600075,5535,103833,4123,0.05127088813961243,0.42689997929177886
9584,0.9647,16,34,16,600109,5501,103849,4107,0.050955945014635594,0.4274562864279767
9585,0.9648,22,58,22,600167,5443,103871,4085,0.05041868909555745,0.4287363560033585
9586,0.9649,13,39,13,600206,5404,103884,4072,0.050057430805142834,0.429717180244829
9587,0.965,21,58,21,600264,5346,103905,4051,0.049520174886064694,0.43109503032882834
9588,0.9651,16,29,16,600293,5317,103921,4035,0.04925154692652562,0.4314585115483319
9589,0.9652,21,46,21,600339,5271,103942,4014,0.04882544740449813,0.4323101777059774
9590,0.9653,14,37,14,600376,5234,103956,4000,0.04848271518025862,0.43318171973142733
9591,0.9654,26,35,26,600411,5199,103982,3974,0.04815850902219423,0.4332279515970784
9592,0.9655,18,30,18,600441,5169,104000,3956,0.0478806180295676,0.43353424657534245
9593,0.9656,14,23,14,600464,5146,104014,3942,0.04766756826855385,0.43375880281690143
9594,0.9657,21,25,21,600489,5121,104035,3921,0.047435992441365,0.43364299933642997
9595,0.9658,23,39,23,600528,5082,104058,3898,0.047074734150950384,0.43407572383073495
9596,0.9659,13,28,13,600556,5054,104071,3885,0.046815369224498866,0.4346123727486296
9597,0.966,16,28,16,600584,5026,104087,3869,0.046556004298047356,0.4349634626194491
9598,0.9661,26,55,26,600639,4971,104113,3843,0.04604653747823187,0.43601089176310415
9599,0.9662,19,36,19,600675,4935,104132,3824,0.045713068287079925,0.4365795182098413
9600,0.9663,18,41,18,600716,4894,104150,3806,0.0453332839304902,0.4374712643678161
9601,0.9664,21,41,21,600757,4853,104171,3785,0.04495349957390048,0.43818013429034497
9602,0.9665,42,49,42,600806,4804,104213,3743,0.044499610952610326,0.4379314379314379
9603,0.9666,32,48,32,600854,4756,104245,3711,0.044054985364407724,0.43828983110901143
9604,0.9667,7,9,7,600863,4747,104252,3704,0.043971618066619735,0.4382913264702402
9605,0.9668,13,15,13,600878,4732,104265,3691,0.04383267257030642,0.43820491511338006
9606,0.9669,13,16,13,600894,4716,104278,3678,0.043684464040905556,0.4381701215153681
9607,0.967,22,34,22,600928,4682,104300,3656,0.04336952091592871,0.43847445430558885
9608,0.9671,14,32,14,600960,4650,104314,3642,0.043073103857126975,0.4392185238784371
9609,0.9672,26,44,26,601004,4606,104340,3616,0.04266553040127459,0.4397956701532474
9610,0.9673,14,38,14,601042,4568,104354,3602,0.042313535143947534,0.4408812729498164
9611,0.9674,40,56,40,601098,4512,104394,3562,0.0417948052910445,0.44116918503839486
9612,0.9675,13,11,13,601109,4501,104407,3549,0.041692911927081404,0.4408695652173913
9613,0.9676,10,45,10,601154,4456,104417,3539,0.04127607543814146,0.44265165728580363
9614,0.9677,29,38,29,601192,4418,104446,3510,0.04092408018081441,0.44273461150353177
9615,0.9678,17,38,17,601230,4380,104463,3493,0.04057208492348734,0.4436682332020831
9616,0.9679,22,36,22,601266,4344,104485,3471,0.0402386157323354,0.44414587332053745
9617,0.968,15,10,15,601276,4334,104500,3456,0.040145985401459854,0.44364569961489086
9618,0.9681,22,27,22,601303,4307,104522,3434,0.03989588350809589,0.4436119364423201
9619,0.9682,24,38,24,601341,4269,104546,3410,0.03954388825076883,0.44406823805182966
9620,0.9683,19,23,19,601364,4246,104565,3391,0.039330838489755084,0.4440225219326961
9621,0.9684,32,39,32,601403,4207,104597,3359,0.03896958019934047,0.44395982024848
9622,0.9685,26,53,26,601456,4154,104623,3333,0.0384786394457001,0.4451716308267664
9623,0.9686,28,27,28,601483,4127,104651,3305,0.038228537552336135,0.44469860064585576
9624,0.9687,22,24,22,601507,4103,104673,3283,0.038006224758234834,0.4444895748713783
9625,0.9688,23,38,23,601545,4065,104696,3260,0.03765422950090778,0.44505119453924913
9626,0.9689,6,24,6,601569,4041,104702,3254,0.03743191670680648,0.44605894448252226
9627,0.969,30,36,30,601605,4005,104732,3224,0.037098447515654526,0.4459814635495919
9628,0.9691,13,22,13,601627,3983,104745,3211,0.03689466078772834,0.4463441757019739
9629,0.9692,20,24,20,601651,3959,104765,3191,0.036672347993627036,0.4462937062937063
9630,0.9693,18,36,18,601687,3923,104783,3173,0.036338878802475084,0.4471533258173619
9631,0.9694,16,17,16,601704,3906,104799,3157,0.03618140723998666,0.44697720515361744
9632,0.9695,11,13,11,601717,3893,104810,3146,0.036060987809848455,0.4469384855803381
9633,0.9696,22,37,22,601754,3856,104832,3124,0.035718255585608955,0.44756446991404014
9634,0.9697,11,32,11,601786,3824,104843,3113,0.03542183852680722,0.4487530632838403
9635,0.9698,16,28,16,601814,3796,104859,3097,0.0351624736003557,0.4492963876396344
9636,0.9699,10,19,10,601833,3777,104869,3087,0.034986475971692174,0.44973776223776224
9637,0.97,30,42,30,601875,3735,104899,3057,0.034597428582014894,0.4500883392226148
9638,0.9701,8,27,8,601902,3708,104907,3049,0.03434732668865093,0.45123575551280154
9639,0.9702,9,20,9,601922,3688,104916,3040,0.03416206602689985,0.4518430439952438
9640,0.9703,21,27,21,601949,3661,104937,3019,0.033911964133535887,0.4519461077844311
9641,0.9704,18,23,18,601972,3638,104955,3001,0.03369891437252214,0.4520259075161922
9642,0.9705,14,27,14,601999,3611,104969,2987,0.03344881247915817,0.4527129433161564
9643,0.9706,16,18,16,602017,3593,104985,2971,0.0332820778835822,0.45262035344302254
9644,0.9707,11,23,11,602040,3570,104996,2960,0.033069028122568456,0.45329249617151607
9645,0.9708,24,37,24,602077,3533,105020,2936,0.03272629589832895,0.4538568557736899
9646,0.9709,12,18,12,602095,3515,105032,2924,0.032559561302752976,0.4541077807112906
9647,0.971,17,25,17,602120,3490,105049,2907,0.03232798547556412,0.4544317648897921
9648,0.9711,22,31,22,602151,3459,105071,2885,0.03204083144984994,0.4547604035308953
9649,0.9712,21,50,21,602201,3409,105092,2864,0.03157767979547223,0.45655985971624424
9650,0.9713,21,30,21,602231,3379,105113,2843,0.031299788802845604,0.4569270331083253
9651,0.9714,13,22,13,602253,3357,105126,2830,0.031096002074919412,0.4574106998545337
9652,0.9715,11,17,11,602270,3340,105137,2819,0.03093853051243099,0.45770417275531744
9653,0.9716,10,25,10,602295,3315,105147,2809,0.030706954685242135,0.4586871325930764
9654,0.9717,15,19,15,602314,3296,105162,2794,0.030530957056578607,0.45878489326765187
9655,0.9718,10,24,10,602338,3272,105172,2784,0.030308644262477306,0.45970937912813736
9656,0.9719,18,24,18,602362,3248,105190,2766,0.030086331468376006,0.45992683737944795
9657,0.972,15,23,15,602385,3225,105205,2751,0.029873281707362257,0.4603413654618474
9658,0.9721,18,30,18,602415,3195,105223,2733,0.029595390714735634,0.4610323886639676
9659,0.9722,13,27,13,602442,3168,105236,2720,0.02934528882137167,0.46195652173913043
9660,0.9723,16,28,16,602470,3140,105252,2704,0.02908592389492015,0.46269678302532513
9661,0.9724,12,20,12,602490,3120,105264,2692,0.028900663233169067,0.4631796283551273
9662,0.9725,22,32,22,602522,3088,105286,2670,0.028604246174367336,0.46370267453977076
9663,0.9726,11,19,11,602541,3069,105297,2659,0.028428248545703805,0.4642108938547486
9664,0.9727,15,27,15,602568,3042,105312,2644,0.028178146652339843,0.4650017587055927
9665,0.9728,29,30,29,602598,3012,105341,2615,0.027900255659713217,0.46472365381197794
9666,0.9729,12,18,12,602616,2994,105353,2603,0.02773352106413724,0.4650705735215294
9667,0.973,28,22,28,602638,2972,105381,2575,0.02752973433621105,0.46421489093203533
9668,0.9731,19,18,19,602656,2954,105400,2556,0.027362999740635073,0.46388384754990925
9669,0.9732,14,26,14,602682,2928,105414,2542,0.027122160880358664,0.4647166361974406
9670,0.9733,10,21,10,602703,2907,105424,2532,0.026927637185520027,0.46552675124103693
9671,0.9734,23,27,23,602730,2880,105447,2509,0.026677535292156062,0.4655780293189831
9672,0.9735,21,18,21,602748,2862,105468,2488,0.02651080069658009,0.46504672897196264
9673,0.9736,14,17,14,602765,2845,105482,2474,0.026353329134091667,0.46512502350065804
9674,0.9737,18,8,18,602773,2837,105500,2456,0.026279224869391233,0.46400906858114493
9675,0.9738,13,19,13,602792,2818,105513,2443,0.026103227240727705,0.4643603877589812
9676,0.9739,18,28,18,602820,2790,105531,2425,0.025843862314276187,0.4650047938638543
9677,0.974,13,12,13,602832,2778,105544,2412,0.025732705917225537,0.4647398843930636
9678,0.9741,18,25,18,602857,2753,105562,2394,0.025501130090036683,0.4651253157178939
9679,0.9742,39,28,39,602885,2725,105601,2355,0.025241765163585166,0.46358267716535434
9680,0.9743,10,17,10,602902,2708,105611,2345,0.025084293601096742,0.46408074411240846
9681,0.9744,17,35,17,602937,2673,105628,2328,0.024760087443032347,0.46550689862027594
9682,0.9745,10,16,10,602953,2657,105638,2318,0.02461187891363148,0.46592964824120603
9683,0.9746,26,34,26,602987,2623,105664,2292,0.024296935788654637,0.46632756866734487
9684,0.9747,12,36,12,603023,2587,105676,2280,0.023963466597502685,0.46846106431066364
9685,0.9748,7,10,7,603033,2577,105683,2273,0.023870836266627143,0.468659793814433
9686,0.9749,18,16,18,603049,2561,105701,2255,0.023722627737226276,0.4682308970099668
9687,0.975,14,33,14,603082,2528,105715,2241,0.02341694764533699,0.4699098343468232
9688,0.9751,14,18,14,603100,2510,105729,2227,0.023250213049761013,0.4701287734853283
9689,0.9752,10,22,10,603122,2488,105739,2217,0.02304642632183482,0.4712008501594049
9690,0.9753,14,21,14,603143,2467,105753,2203,0.022851902626996184,0.47173447537473234
9691,0.9754,9,17,9,603160,2450,105762,2194,0.02269443106450776,0.47243755383290265
9692,0.9755,17,20,17,603180,2430,105779,2177,0.022509170402756677,0.47254178424137183
9693,0.9756,16,23,16,603203,2407,105795,2161,0.022296120641742932,0.4730735551663748
9694,0.9757,8,17,8,603220,2390,105803,2153,0.022138649079254513,0.4739159145938807
9695,0.9758,16,25,16,603245,2365,105819,2137,0.021907073252065656,0.47467792092403377
9696,0.9759,17,24,17,603269,2341,105836,2120,0.021684760457964355,0.475229769110065
9697,0.976,11,20,11,603289,2321,105847,2109,0.02149949979621327,0.47607223476297966
9698,0.9761,26,29,26,603318,2292,105873,2083,0.0212308718366742,0.4761142857142857
9699,0.9762,7,14,7,603332,2278,105880,2076,0.02110118937344844,0.47680293982544786
9700,0.9763,14,16,14,603348,2262,105894,2062,0.020952980844047574,0.4768732654949121
9701,0.9764,8,12,8,603360,2250,105902,2054,0.020841824446996924,0.47723048327137546
9702,0.9765,7,18,7,603378,2232,105909,2047,0.02067508985142095,0.47838279971956066
9703,0.9766,6,13,6,603391,2219,105915,2041,0.020554670421282745,0.4791079812206573
9704,0.9767,15,26,15,603417,2193,105930,2026,0.020313831561006336,0.4802085802322825
9705,0.9768,17,22,17,603439,2171,105947,2009,0.020110044833080144,0.480622009569378
9706,0.9769,11,6,11,603445,2165,105958,1998,0.02005446663455482,0.4799423492673553
9707,0.977,13,22,13,603467,2143,105971,1985,0.019850679906628626,0.4808624031007752
9708,0.9771,26,18,26,603485,2125,105997,1959,0.01968394531105265,0.4796767874632713
9709,0.9772,6,22,6,603507,2103,106003,1953,0.019480158583126458,0.48150887573964496
9710,0.9773,13,14,13,603521,2089,106016,1940,0.0193504761199007,0.4815090593199305
9711,0.9774,19,19,19,603540,2070,106035,1921,0.01917447849123717,0.4813329992483087
9712,0.9775,13,21,13,603561,2049,106048,1908,0.018979954796398534,0.48218347232752085
9713,0.9776,10,14,10,603575,2035,106058,1898,0.018850272333172775,0.4825832697686245
9714,0.9777,9,12,9,603587,2023,106067,1889,0.018739115936122125,0.48287321063394684
9715,0.9778,14,26,14,603613,1997,106081,1875,0.018498277075845716,0.484245867768595
9716,0.9779,7,9,7,603622,1988,106088,1868,0.018414909778057726,0.48443983402489627
9717,0.978,12,14,12,603636,1974,106100,1856,0.018285227314831967,0.4845953002610966
9718,0.9781,8,24,8,603660,1950,106108,1848,0.01806291452073067,0.48657187993680884
9719,0.9782,20,10,20,603670,1940,106128,1828,0.017970284189855128,0.4851380042462845
9720,0.9783,11,16,11,603686,1924,106139,1817,0.01782207566045426,0.48569901095963647
9721,0.9784,16,33,16,603719,1891,106155,1801,0.01751639556856497,0.48781148429035753
9722,0.9785,15,27,15,603746,1864,106170,1786,0.017266293675201008,0.4893150684931507
9723,0.9786,4,13,4,603759,1851,106174,1782,0.017145874245062802,0.49050371593724196
9724,0.9787,17,12,17,603771,1839,106191,1765,0.01703471784801215,0.4897336293007769
9725,0.9788,11,17,11,603788,1822,106202,1754,0.01687724628552373,0.4904921700223714
9726,0.9789,21,26,21,603814,1796,106223,1733,0.016636407425247322,0.49107395862850667
9727,0.979,6,7,6,603821,1789,106229,1727,0.016571566193634445,0.49118316268486917
9728,0.9791,14,19,14,603840,1770,106243,1713,0.016395568564970913,0.491817398794143
9729,0.9792,16,20,16,603860,1750,106259,1697,0.01621030790321983,0.4923121554975341
9730,0.9793,13,20,13,603880,1730,106272,1684,0.016025047241468745,0.4932630345635618
9731,0.9794,15,29,15,603909,1701,106287,1669,0.015756419281929675,0.4952522255192878
9732,0.9795,17,18,17,603927,1683,106304,1652,0.015589684686353699,0.495352323838081
9733,0.9796,11,6,11,603933,1677,106315,1641,0.015534106487828374,0.4945750452079566
9734,0.9797,17,17,17,603950,1660,106332,1624,0.015376634925339954,0.4945188794153471
9735,0.9798,14,19,14,603969,1641,106346,1610,0.015200637296676424,0.4952322362350046
9736,0.9799,10,7,10,603976,1634,106356,1600,0.015135796065063545,0.49474335188620905
9737,0.98,36,28,36,604004,1606,106392,1564,0.014876431138612027,0.4933753943217666
9738,0.9801,17,18,17,604022,1588,106409,1547,0.014709696543036051,0.49346092503987243
9739,0.9802,9,23,9,604045,1565,106418,1538,0.014496646782022305,0.4956493715758943
9740,0.9803,6,11,6,604056,1554,106424,1532,0.014394753418059208,0.4964355152300713
9741,0.9804,18,12,18,604068,1542,106442,1514,0.01428359702100856,0.4954188481675393
9742,0.9805,5,15,5,604083,1527,106447,1509,0.014144651524695247,0.49703557312252966
9743,0.9806,7,8,7,604091,1519,106454,1502,0.014070547259994813,0.49718636213174444
9744,0.9807,10,16,10,604107,1503,106464,1492,0.013922338730593946,0.4981636060100167
9745,0.9808,14,18,14,604125,1485,106478,1478,0.01375560413501797,0.49881876476544046
9746,0.9809,13,19,13,604144,1466,106491,1465,0.01357960650635444,0.49982940975776186
9747,0.981,6,8,6,604152,1458,106497,1459,0.013505502241654007,0.5001714089818307
9748,0.9811,8,18,8,604170,1440,106505,1451,0.013338767646078031,0.5019024558976133
9749,0.9812,24,26,24,604196,1414,106529,1427,0.013097928785801623,0.5022879267863428
9750,0.9813,3,9,3,604205,1405,106532,1424,0.013014561488013636,0.5033580770590315
9751,0.9814,6,10,6,604215,1395,106538,1418,0.012921931157138094,0.5040881621045148
9752,0.9815,10,10,10,604225,1385,106548,1408,0.012829300826262552,0.5041174364482636
9753,0.9816,14,6,14,604231,1379,106562,1394,0.012773722627737226,0.5027046520014424
9754,0.9817,3,13,3,604244,1366,106565,1391,0.012653303197599022,0.5045339136742837
9755,0.9818,11,13,11,604257,1353,106576,1380,0.012532883767460817,0.5049396267837541
9756,0.9819,8,15,8,604272,1338,106584,1372,0.012393938271147504,0.5062730627306273
9757,0.982,19,13,19,604285,1325,106603,1353,0.0122735188410093,0.5052277819268111
9758,0.9821,13,10,13,604295,1315,106616,1340,0.012180888510133759,0.504708097928437
9759,0.9822,6,6,6,604301,1309,106622,1334,0.012125310311608434,0.504729474082482
9760,0.9823,8,6,8,604307,1303,106630,1326,0.012069732113083109,0.504374286801065
9761,0.9824,9,15,9,604322,1288,106639,1317,0.011930786616769795,0.5055662188099808
9762,0.9825,15,13,15,604335,1275,106654,1302,0.01181036718663159,0.5052386495925495
9763,0.9826,5,6,5,604341,1269,106659,1297,0.011754788988106266,0.5054559625876851
9764,0.9827,10,13,10,604354,1256,106669,1287,0.011634369557968061,0.506095163193079
9765,0.9828,11,12,11,604366,1244,106680,1276,0.01152321316091741,0.5063492063492063
9766,0.9829,4,1,4,604367,1243,106684,1272,0.011513950127829856,0.5057654075546719
9767,0.983,10,19,10,604386,1224,106694,1262,0.011337952499166326,0.5076427996781979
9768,0.9831,13,19,13,604405,1205,106707,1249,0.011161954870502798,0.5089649551752241
9769,0.9832,9,6,9,604411,1199,106716,1240,0.011106376671977473,0.5084050840508405
9770,0.9833,12,10,12,604421,1189,106728,1228,0.011013746341101931,0.508067852709971
9771,0.9834,6,10,6,604431,1179,106734,1222,0.010921116010226389,0.5089546022490629
9772,0.9835,7,4,7,604435,1175,106741,1215,0.010884063877876172,0.5083682008368201
9773,0.9836,7,7,7,604442,1168,106748,1208,0.010819222646263293,0.5084175084175084
9774,0.9837,2,5,2,604447,1163,106750,1206,0.010772907480825522,0.5090755593077247
9775,0.9838,4,3,4,604450,1160,106754,1202,0.010745118381562859,0.5088907705334462
9776,0.9839,7,9,7,604459,1151,106761,1195,0.010661751083774871,0.5093776641091219
9777,0.984,5,13,5,604472,1138,106766,1190,0.010541331653636667,0.511168384879725
9778,0.9841,8,9,8,604481,1129,106774,1182,0.010457964355848679,0.5114668974469927
9779,0.9842,10,9,10,604490,1120,106784,1172,0.010374597058060691,0.5113438045375218
9780,0.9843,13,11,13,604501,1109,106797,1159,0.010272703694097595,0.5110229276895943
9781,0.9844,14,20,14,604521,1089,106811,1145,0.010087443032346512,0.5125335720680394
9782,0.9845,4,9,4,604530,1080,106815,1141,0.010004075734558525,0.5137325529040973
9783,0.9846,13,13,13,604543,1067,106828,1128,0.00988365630442032,0.5138952164009112
9784,0.9847,14,21,14,604564,1046,106842,1114,0.009689132609581682,0.5157407407407407
9785,0.9848,5,14,5,604578,1032,106847,1109,0.009559450146355923,0.5179822512844465
9786,0.9849,16,31,16,604609,1001,106863,1093,0.009272296120641742,0.5219675262655206
9787,0.985,32,24,32,604633,977,106895,1061,0.009049983326540442,0.5206084396467124
9788,0.9851,5,5,5,604638,972,106900,1056,0.009003668161102672,0.5207100591715976
9789,0.9852,9,16,9,604654,956,106909,1047,0.008855459631701805,0.5227159261108337
9790,0.9853,16,5,16,604659,951,106925,1031,0.008809144466264034,0.5201816347124117
9791,0.9854,7,5,7,604664,946,106932,1024,0.008762829300826263,0.5197969543147208
9792,0.9855,9,4,9,604668,942,106941,1015,0.008725777168476046,0.5186509964230965
9793,0.9856,10,10,10,604678,932,106951,1005,0.008633146837600504,0.5188435725348477
9794,0.9857,5,9,5,604687,923,106956,1000,0.008549779539812516,0.5200208008320333
9795,0.9858,7,16,7,604703,907,106963,993,0.008401571010411649,0.5226315789473684
9796,0.9859,15,14,15,604717,893,106978,978,0.00827188854718589,0.5227151256012827
9797,0.986,8,10,8,604727,883,106986,970,0.008179258216310348,0.5234754452239612
9798,0.9861,4,8,4,604735,875,106990,966,0.008105153951609914,0.5247148288973384
9799,0.9862,1,6,1,604741,869,106991,965,0.00804957575308459,0.5261723009814613
9800,0.9863,4,0,4,604741,869,106995,961,0.00804957575308459,0.5251366120218579
9801,0.9864,18,10,18,604751,859,107013,943,0.007956945422209049,0.52330743618202
9802,0.9865,4,6,4,604757,853,107017,939,0.007901367223683724,0.5239955357142857
9803,0.9866,12,23,12,604780,830,107029,927,0.007688317462669977,0.5276038702333523
9804,0.9867,6,11,6,604791,819,107035,921,0.007586424098706881,0.5293103448275862
9805,0.9868,12,8,12,604799,811,107047,909,0.007512319834006447,0.5284883720930232
9806,0.9869,14,16,14,604815,795,107061,895,0.00736411130460558,0.5295857988165681
9807,0.987,4,6,4,604821,789,107065,891,0.007308533106080255,0.5303571428571429
9808,0.9871,10,8,10,604829,781,107075,881,0.007234428841379821,0.5300842358604091
9809,0.9872,17,13,17,604842,768,107092,864,0.007114009411241617,0.5294117647058824
9810,0.9873,7,9,7,604851,759,107099,857,0.0070306421134536294,0.5303217821782178
9811,0.9874,14,13,14,604864,746,107113,843,0.006910222683315425,0.5305223410950283
9812,0.9875,3,2,3,604866,744,107116,840,0.006891696617140316,0.5303030303030303
9813,0.9876,15,10,15,604876,734,107131,825,0.006799066286264774,0.5291853752405388
9814,0.9877,17,17,17,604893,717,107148,808,0.006641594723776354,0.5298360655737705
9815,0.9878,12,6,12,604899,711,107160,796,0.0065860165252510285,0.5282017252820173
9816,0.9879,1,2,1,604901,709,107161,795,0.00656749045907592,0.5285904255319149
9817,0.988,4,2,4,604903,707,107165,791,0.006548964392900812,0.5280373831775701
9818,0.9881,9,15,9,604918,692,107174,782,0.006410018896587499,0.5305291723202171
9819,0.9882,3,7,3,604925,685,107177,779,0.006345177664974619,0.532103825136612
9820,0.9883,9,6,9,604931,679,107186,770,0.006289599466449294,0.5314009661835749
9821,0.9884,2,9,2,604940,670,107188,768,0.006206232168661306,0.5340751043115438
9822,0.9885,18,20,18,604960,650,107206,750,0.006020971506910223,0.5357142857142857
9823,0.9886,12,11,12,604971,639,107218,738,0.005919078142947127,0.5359477124183006
9824,0.9887,4,3,4,604974,636,107222,734,0.005891289043684464,0.5357664233576642
9825,0.9888,8,10,8,604984,626,107230,726,0.005798658712808922,0.5369822485207101
9826,0.9889,24,9,24,604993,617,107254,702,0.005715291415020934,0.5322213798332069
9827,0.989,8,4,8,604997,613,107262,694,0.005678239282670717,0.5309869931140015
9828,0.9891,4,8,4,605005,605,107266,690,0.005604135017970284,0.5328185328185329
9829,0.9892,13,14,13,605019,591,107279,677,0.005474452554744526,0.5339116719242902
9830,0.9893,15,11,15,605030,580,107294,662,0.0053725591907814296,0.533011272141707
9831,0.9894,8,9,8,605039,571,107302,654,0.005289191892993442,0.5338775510204081
9832,0.9895,8,5,8,605044,566,107310,646,0.005242876727555671,0.533003300330033
9833,0.9896,9,12,9,605056,554,107319,637,0.00513172033050502,0.5348446683459278
9834,0.9897,11,13,11,605069,541,107330,626,0.0050113009003668165,0.5364181662382177
9835,0.9898,6,6,6,605075,535,107336,620,0.004955722701841491,0.5367965367965368
9836,0.9899,9,8,9,605083,527,107345,611,0.004881618437141058,0.5369068541300527
9837,0.99,68,41,68,605124,486,107413,543,0.004501834080551336,0.5276967930029155
9838,0.9901,6,11,6,605135,475,107419,537,0.00439994071658824,0.5306324110671937
9839,0.9902,6,8,6,605143,467,107425,531,0.004325836451887806,0.5320641282565131
9840,0.9903,9,11,9,605154,456,107434,522,0.00422394308792471,0.5337423312883436
9841,0.9904,5,6,5,605160,450,107439,517,0.004168364889399385,0.5346432264736298
9842,0.9905,6,4,6,605164,446,107445,511,0.004131312757049168,0.5339602925809822
9843,0.9906,5,2,5,605166,444,107450,506,0.00411278669087406,0.5326315789473685
9844,0.9907,5,2,5,605168,442,107455,501,0.004094260624698951,0.5312831389183457
9845,0.9908,15,12,15,605180,430,107470,486,0.003983104227648302,0.5305676855895196
9846,0.9909,4,3,4,605183,427,107474,482,0.003955315128385639,0.5302530253025303
9847,0.991,5,9,5,605192,418,107479,477,0.0038719478305976507,0.5329608938547487
9848,0.9911,10,4,10,605196,414,107489,467,0.0038348956982474343,0.5300794551645857
9849,0.9912,6,7,6,605203,407,107495,461,0.003770054466634555,0.5311059907834101
9850,0.9913,0,3,0,605206,404,107495,461,0.0037422653673718923,0.5329479768786127
9851,0.9914,8,2,8,605208,402,107503,453,0.003723739301196784,0.5298245614035088
9852,0.9915,7,6,7,605214,396,107510,446,0.0036681611026714587,0.5296912114014252
9853,0.9916,8,5,8,605219,391,107518,438,0.0036218459372336876,0.5283474065138721
9854,0.9917,2,14,2,605233,377,107520,436,0.003492163474007929,0.5362853628536285
9855,0.9918,4,5,4,605238,372,107524,432,0.003445848308570158,0.5373134328358209
9856,0.9919,4,2,4,605240,370,107528,428,0.00342732224239505,0.5363408521303258
9857,0.992,7,1,7,605241,369,107535,421,0.0034180592093074956,0.5329113924050632
9858,0.9921,13,6,13,605247,363,107548,408,0.0033624810107821704,0.5291828793774319
9859,0.9922,6,5,6,605252,358,107554,402,0.0033161658453443998,0.5289473684210526
9860,0.9924,5,12,5,605264,346,107559,397,0.0032050094482937493,0.5343203230148048
9861,0.9925,0,2,0,605266,344,107559,397,0.003186483382118641,0.5357624831309041
9862,0.9926,2,3,2,605269,341,107561,395,0.0031586942828559783,0.5366847826086957
9863,0.9927,2,4,2,605273,337,107563,393,0.0031216421505057615,0.5383561643835616
9864,0.9928,2,4,2,605277,333,107565,391,0.0030845900181555447,0.5400552486187845
9865,0.9929,6,3,6,605280,330,107571,385,0.0030568009188928825,0.5384615384615384
9866,0.993,5,10,5,605290,320,107576,380,0.0029641705880173405,0.5428571428571428
9867,0.9931,4,6,4,605296,314,107580,376,0.0029085923894920152,0.5449275362318841
9868,0.9932,5,7,5,605303,307,107585,371,0.002843751157879136,0.5471976401179941
9869,0.9933,6,3,6,605306,304,107591,365,0.002815962058616473,0.5455904334828101
9870,0.9934,3,2,3,605308,302,107594,362,0.002797435992441365,0.5451807228915663
9871,0.9935,10,2,10,605310,300,107604,352,0.002778909926266257,0.5398773006134969
9872,0.9936,2,2,2,605312,298,107606,350,0.0027603838600911484,0.5401234567901234
9873,0.9937,10,12,10,605324,286,107616,340,0.002649227463040498,0.5431309904153354
9874,0.9938,10,3,10,605327,283,107626,330,0.0026214383637778354,0.5383360522022839
9875,0.9939,1,5,1,605332,278,107627,329,0.0025751231983400643,0.5420098846787479
9876,0.994,5,0,5,605332,278,107632,324,0.0025751231983400643,0.5382059800664452
9877,0.9941,3,4,3,605336,274,107635,321,0.0025380710659898475,0.5394957983193277
9878,0.9942,5,8,5,605344,266,107640,316,0.0024639668012894143,0.5429553264604811
9879,0.9943,9,7,9,605351,259,107649,307,0.002399125569676535,0.5424028268551236
9880,0.9944,7,4,7,605355,255,107656,300,0.002362073437326318,0.5405405405405406
9881,0.9945,5,1,5,605356,254,107661,295,0.002352810404238764,0.5373406193078324
9882,0.9946,8,3,8,605359,251,107669,287,0.0023250213049761013,0.533457249070632
9883,0.9947,1,1,1,605360,250,107670,286,0.002315758271888547,0.5335820895522388
9884,0.9948,2,9,2,605369,241,107672,284,0.0022323909741005597,0.540952380952381
9885,0.9949,1,4,1,605373,237,107673,283,0.002195338841750343,0.5442307692307692
9886,0.995,8,6,8,605379,231,107681,275,0.0021397606432250176,0.5434782608695652
9887,0.9951,6,5,6,605384,226,107687,269,0.0020934454777872466,0.5434343434343434
9888,0.9952,3,5,3,605389,221,107690,266,0.0020471303123494756,0.5462012320328542
9889,0.9953,4,5,4,605394,216,107694,262,0.0020008151469117046,0.5481171548117155
9890,0.9954,9,4,9,605398,212,107703,253,0.001963763014561488,0.5440860215053763
9891,0.9955,2,0,2,605398,212,107705,251,0.001963763014561488,0.5421166306695464
9892,0.9956,2,1,2,605399,211,107707,249,0.001954499981473934,0.5413043478260869
9893,0.9957,2,1,2,605400,210,107709,247,0.0019452369483863796,0.5404814004376368
9894,0.9958,6,8,6,605408,202,107715,241,0.0018711326836859461,0.5440180586907449
9895,0.9959,7,1,7,605409,201,107722,234,0.001861869650598392,0.5379310344827586
9896,0.996,10,7,10,605416,194,107732,224,0.0017970284189855125,0.5358851674641149
9897,0.9961,3,6,3,605422,188,107735,221,0.0017414502204601875,0.5403422982885085
9898,0.9962,1,2,1,605424,186,107736,220,0.001722924154285079,0.541871921182266
9899,0.9963,0,1,0,605425,185,107736,220,0.001713661121197525,0.5432098765432098
9900,0.9964,6,2,6,605427,183,107742,214,0.0016951350550224165,0.5390428211586902
9901,0.9965,6,5,6,605432,178,107748,208,0.0016488198895846457,0.538860103626943
9902,0.9967,8,5,8,605437,173,107756,200,0.0016025047241468747,0.5361930294906166
9903,0.9968,0,3,0,605440,170,107756,200,0.001574715624884212,0.5405405405405406
9904,0.9969,4,6,4,605446,164,107760,196,0.001519137426358887,0.5444444444444444
9905,0.997,2,5,2,605451,159,107762,194,0.001472822260921116,0.5495750708215298
9906,0.9974,5,5,5,605456,154,107767,189,0.001426507095483345,0.5510204081632653
9907,0.9975,3,3,3,605459,151,107770,186,0.0013987179962206824,0.5519287833827893
9908,0.9976,5,7,5,605466,144,107775,181,0.0013338767646078032,0.556923076923077
9909,0.9977,7,11,7,605477,133,107782,174,0.0012319834006447072,0.5667752442996743
9910,0.9978,4,0,4,605477,133,107786,170,0.0012319834006447072,0.5610561056105611
9911,0.9979,1,2,1,605479,131,107787,169,0.0012134573344695988,0.5633333333333334
9912,0.998,0,1,0,605480,130,107787,169,0.0012041943013820445,0.5652173913043478
9913,0.9981,3,0,3,605480,130,107790,166,0.0012041943013820445,0.5608108108108109
9914,0.9982,2,1,2,605481,129,107792,164,0.0011949312682944903,0.5597269624573379
9915,0.9984,1,0,1,605481,129,107793,163,0.0011949312682944903,0.5582191780821918
9916,0.9985,6,6,6,605487,123,107799,157,0.0011393530697691651,0.5607142857142857
9917,0.9986,1,1,1,605488,122,107800,156,0.0011300900366816111,0.5611510791366906
9918,0.9987,2,2,2,605490,120,107802,154,0.0011115639705065027,0.5620437956204379
9919,0.9988,3,4,3,605494,116,107805,151,0.001074511838156286,0.5655430711610487
9920,0.9989,4,4,4,605498,112,107809,147,0.001037459705806069,0.5675675675675675
9921,0.9991,1,0,1,605498,112,107810,146,0.001037459705806069,0.5658914728682171
9922,0.9992,7,5,7,605503,107,107817,139,0.0009911445403682983,0.5650406504065041
9923,0.9993,1,1,1,605504,106,107818,138,0.000981881507280744,0.5655737704918032
9924,0.9994,6,9,6,605513,97,107824,132,0.0008985142094927563,0.5764192139737991
9925,0.9996,7,4,7,605517,93,107831,125,0.0008614620771425395,0.573394495412844
9926,0.9997,1,2,1,605519,91,107832,124,0.0008429360109674311,0.5767441860465117
9927,0.9998,2,0,2,605519,91,107834,122,0.0008429360109674311,0.5727699530516432
9928,0.9999,1,0,1,605519,91,107835,121,0.0008429360109674311,0.5707547169811321
9929,1.0,121,91,121,605610,0,107956,0,0.0,
