,min,max,Neg,Pos,$\frac{\text{Pos}}{\text{Neg}+\text{Pos}}$,TN,FP,FN,TP,Prec,Rec,FP/P
0,0.4551546765461164,0.4634148554671592,"10,219",376,0.0355,"10,219","595,391",376,"107,580",0.1530,0.9965,5.5151
1,0.4634437684433419,0.4691217640458518,"23,153","1,002",0.0415,"33,372","572,238","1,378","106,578",0.1570,0.9872,5.3007
2,0.4692025219508933,0.4700414022796719,"21,429","1,138",0.0504,"54,801","550,809","2,516","105,440",0.1607,0.9767,5.1022
3,0.47007089421434,0.471609604191017,"19,351","1,000",0.0491,"74,152","531,458","3,516","104,440",0.1642,0.9674,4.9229
4,0.4717039696960668,0.475868233748979,"15,159","1,040",0.0642,"89,311","516,299","4,556","103,400",0.1669,0.9578,4.7825
5,0.4759771156520954,0.4770711657280221,"14,063","1,001",0.0664,"103,374","502,236","5,557","102,399",0.1694,0.9485,4.6522
6,0.4770723043042075,0.4783116875625829,"14,053","1,022",0.0678,"117,427","488,183","6,579","101,377",0.1720,0.9391,4.5221
7,0.4783394522890029,0.4793945858439626,"12,428","1,028",0.0764,"129,855","475,755","7,607","100,349",0.1742,0.9295,4.4069
8,0.4794172654831284,0.4808202116452456,"15,692","1,231",0.0727,"145,547","460,063","8,838","99,118",0.1773,0.9181,4.2616
9,0.4808352725972474,0.4839432492632818,"11,170","1,020",0.0837,"156,717","448,893","9,858","98,098",0.1793,0.9087,4.1581
10,0.4839760260581502,0.4852325087939467,"11,484","1,019",0.0815,"168,201","437,409","10,877","97,079",0.1816,0.8992,4.0517
11,0.4852601136429176,0.4860261611551146,"11,789","1,165",0.0899,"179,990","425,620","12,042","95,914",0.1839,0.8885,3.9425
12,0.4860298531619644,0.4870682075275499,"10,015","1,038",0.0939,"190,005","415,605","13,080","94,876",0.1859,0.8788,3.8498
13,0.4870743608696276,0.4877103566103796,"11,411","1,157",0.0921,"201,416","404,194","14,237","93,719",0.1882,0.8681,3.7441
14,0.4877130229275979,0.488872618240561,"8,195","1,000",0.1088,"209,611","395,999","15,237","92,719",0.1897,0.8589,3.6682
15,0.4888871509617406,0.4890159279992868,"8,288","1,010",0.1086,"217,899","387,711","16,247","91,709",0.1913,0.8495,3.5914
16,0.4890764330030938,0.4891880074435679,"11,225","1,231",0.0988,"229,124","376,486","17,478","90,478",0.1938,0.8381,3.4874
17,0.489203408727026,0.4896847185539671,"15,477","1,732",0.1006,"244,601","361,009","19,210","88,746",0.1973,0.8221,3.3440
18,0.4897056598175768,0.4905590427668319,"12,795","1,509",0.1055,"257,396","348,214","20,719","87,237",0.2003,0.8081,3.2255
19,0.4905929869856306,0.4920859706864194,"8,259","1,113",0.1188,"265,655","339,955","21,832","86,124",0.2021,0.7978,3.1490
20,0.4920933853365165,0.4929956947913049,"7,191","1,047",0.1271,"272,846","332,764","22,879","85,077",0.2036,0.7881,3.0824
21,0.4930168674459557,0.4932776873992824,"7,937","1,087",0.1205,"280,783","324,827","23,966","83,990",0.2054,0.7780,3.0089
22,0.4932783697067149,0.4939709167566205,"9,833","1,342",0.1201,"290,616","314,994","25,308","82,648",0.2078,0.7656,2.9178
23,0.4939724821749068,0.494867899581828,"6,352","1,000",0.1360,"296,968","308,642","26,308","81,648",0.2092,0.7563,2.8590
24,0.4948727085964471,0.4950593261114032,"13,163","1,827",0.1219,"310,131","295,479","28,135","79,821",0.2127,0.7394,2.7370
25,0.4950769238102685,0.4951355453380158,"9,313","1,302",0.1227,"319,444","286,166","29,437","78,519",0.2153,0.7273,2.6508
26,0.4951474636361264,0.4956018810669797,"10,095","1,458",0.1262,"329,539","276,071","30,895","77,061",0.2182,0.7138,2.5573
27,0.4956046832753419,0.4957319200227714,"8,389","1,185",0.1238,"337,928","267,682","32,080","75,876",0.2209,0.7028,2.4795
28,0.4957655881688758,0.4960703701289442,"7,102","1,065",0.1304,"345,030","260,580","33,145","74,811",0.2231,0.6930,2.4138
29,0.4961094964732698,0.4967949074890619,"5,612","1,003",0.1516,"350,642","254,968","34,148","73,808",0.2245,0.6837,2.3618
30,0.4968190281883611,0.4969342450818342,"11,931","1,863",0.1351,"362,573","243,037","36,011","71,945",0.2284,0.6664,2.2513
31,0.4969663230574115,0.497134941650915,"9,056","1,395",0.1335,"371,629","233,981","37,406","70,550",0.2317,0.6535,2.1674
32,0.4971393023005229,0.4976736900994295,"7,500","1,039",0.1217,"379,129","226,481","38,445","69,511",0.2348,0.6439,2.0979
33,0.4976780384847136,0.4982966785599697,"6,582","1,094",0.1425,"385,711","219,899","39,539","68,417",0.2373,0.6337,2.0369
34,0.4983333158601324,0.4985634749623801,"5,226","1,069",0.1698,"390,937","214,673","40,608","67,348",0.2388,0.6238,1.9885
35,0.4985888242009702,0.4997964287102964,"5,417","1,063",0.1640,"396,354","209,256","41,671","66,285",0.2406,0.6140,1.9383
36,0.4998181035351605,0.5009172239923763,"5,339","1,016",0.1599,"401,693","203,917","42,687","65,269",0.2425,0.6046,1.8889
37,0.5009333432859572,0.5016035630011069,"5,172","1,001",0.1622,"406,865","198,745","43,688","64,268",0.2444,0.5953,1.8410
38,0.5016181607009209,0.5020057416576,"5,924","1,061",0.1519,"412,789","192,821","44,749","63,207",0.2469,0.5855,1.7861
39,0.5020504269359423,0.502662136628817,"5,013","1,012",0.1680,"417,802","187,808","45,761","62,195",0.2488,0.5761,1.7397
40,0.5026773280157224,0.5027151154366662,"6,527","1,333",0.1696,"424,329","181,281","47,094","60,862",0.2513,0.5638,1.6792
41,0.502717763882637,0.5029589550399824,"7,429","1,466",0.1648,"431,758","173,852","48,560","59,396",0.2546,0.5502,1.6104
42,0.5029683172844351,0.5030149113318112,"6,337","1,231",0.1627,"438,095","167,515","49,791","58,165",0.2577,0.5388,1.5517
43,0.5030365123144916,0.5031924041485754,"7,470","1,547",0.1716,"445,565","160,045","51,338","56,618",0.2613,0.5245,1.4825
44,0.5032485773727288,0.5034055580984,"7,445","1,505",0.1682,"453,010","152,600","52,843","55,113",0.2653,0.5105,1.4135
45,0.5034057676743475,0.503594441607622,"6,472","1,210",0.1575,"459,482","146,128","54,053","53,903",0.2695,0.4993,1.3536
46,0.5035991694080779,0.5037007379012997,"6,528","1,375",0.1740,"466,010","139,600","55,428","52,528",0.2734,0.4866,1.2931
47,0.5037477316929281,0.5042068887999747,"7,469","1,522",0.1693,"473,479","132,131","56,950","51,006",0.2785,0.4725,1.2239
48,0.5042146100328261,0.5044990479746678,"4,153","1,034",0.1993,"477,632","127,978","57,984","49,972",0.2808,0.4629,1.1855
49,0.5045114622589304,0.5058937294127843,"4,184","1,008",0.1941,"481,816","123,794","58,992","48,964",0.2834,0.4536,1.1467
50,0.5059000953551988,0.5065741197998881,"3,776","1,002",0.2097,"485,592","120,018","59,994","47,962",0.2855,0.4443,1.1117
51,0.5065806603053884,0.5083033497019078,"4,000","1,058",0.2092,"489,592","116,018","61,052","46,904",0.2879,0.4345,1.0747
52,0.5083154960702458,0.509145901495268,"4,909","1,333",0.2136,"494,501","111,109","62,385","45,571",0.2909,0.4221,1.0292
53,0.5091572287928323,0.5092496332870815,"4,815","1,169",0.1954,"499,316","106,294","63,554","44,402",0.2946,0.4113,0.9846
54,0.5092631293518214,0.5094351752202915,"4,120","1,000",0.1953,"503,436","102,174","64,554","43,402",0.2981,0.4020,0.9464
55,0.5094356877297213,0.509553465288366,"4,893","1,336",0.2145,"508,329","97,281","65,890","42,066",0.3019,0.3897,0.9011
56,0.5095816896628279,0.510131410074122,"5,688","1,363",0.1933,"514,017","91,593","67,253","40,703",0.3077,0.3770,0.8484
57,0.5101501474750075,0.5105038526182542,"3,569","1,000",0.2189,"517,586","88,024","68,253","39,703",0.3108,0.3678,0.8154
58,0.5105228266880883,0.5109690264813203,"3,661","1,045",0.2221,"521,247","84,363","69,298","38,658",0.3142,0.3581,0.7815
59,0.5109721256519655,0.5112056181368086,"5,055","1,496",0.2284,"526,302","79,308","70,794","37,162",0.3191,0.3442,0.7346
60,0.5112087612154073,0.5116333422865038,"4,580","1,352",0.2279,"530,882","74,728","72,146","35,810",0.3240,0.3317,0.6922
61,0.5116349354308267,0.512264643980707,"4,392","1,361",0.2366,"535,274","70,336","73,507","34,449",0.3288,0.3191,0.6515
62,0.5122688965025957,0.5129088132430968,"3,230","1,000",0.2364,"538,504","67,106","74,507","33,449",0.3326,0.3098,0.6216
63,0.512918418075185,0.5146582313333286,"3,089","1,006",0.2457,"541,593","64,017","75,513","32,443",0.3363,0.3005,0.5930
64,0.5146588982876767,0.5159470771555029,"3,066","1,001",0.2461,"544,659","60,951","76,514","31,442",0.3403,0.2912,0.5646
65,0.5159550550451868,0.5165576246365117,"3,118","1,011",0.2449,"547,777","57,833","77,525","30,431",0.3448,0.2819,0.5357
66,0.5165662113093548,0.5169092391903816,"3,258","1,115",0.2550,"551,035","54,575","78,640","29,316",0.3495,0.2716,0.5055
67,0.5169157769030062,0.5171312026352272,"2,859","1,013",0.2616,"553,894","51,716","79,653","28,303",0.3537,0.2622,0.4790
68,0.5171355606627775,0.5175488556381865,"4,125","1,490",0.2654,"558,019","47,591","81,143","26,813",0.3604,0.2484,0.4408
69,0.5175494438989343,0.5180940575085139,"2,679","1,001",0.2720,"560,698","44,912","82,144","25,812",0.3650,0.2391,0.4160
70,0.5180999755373163,0.5186501417308678,"2,699","1,045",0.2791,"563,397","42,213","83,189","24,767",0.3698,0.2294,0.3910
71,0.5186642808187917,0.5200101842313551,"2,950","1,030",0.2588,"566,347","39,263","84,219","23,737",0.3768,0.2199,0.3637
72,0.520013256523801,0.5204920162103035,"2,430","1,033",0.2983,"568,777","36,833","85,252","22,704",0.3813,0.2103,0.3412
73,0.5205020624966614,0.5206989937155161,"2,919","1,371",0.3196,"571,696","33,914","86,623","21,333",0.3861,0.1976,0.3141
74,0.5207142421990116,0.5214947477862817,"2,353","1,056",0.3098,"574,049","31,561","87,679","20,277",0.3912,0.1878,0.2924
75,0.5215068461227453,0.5235878504400218,"2,258","1,054",0.3182,"576,307","29,303","88,733","19,223",0.3961,0.1781,0.2714
76,0.5235931987900435,0.5243663893109599,"2,115","1,078",0.3376,"578,422","27,188","89,811","18,145",0.4003,0.1681,0.2518
77,0.5243674199393492,0.5265479213878056,"2,528","1,002",0.2839,"580,950","24,660","90,813","17,143",0.4101,0.1588,0.2284
78,0.5265594591143278,0.5278069426734732,"1,800","1,009",0.3592,"582,750","22,860","91,822","16,134",0.4138,0.1494,0.2118
79,0.5278427082663798,0.5283501149791207,"1,674","1,005",0.3751,"584,424","21,186","92,827","15,129",0.4166,0.1401,0.1962
80,0.5283746242375585,0.5294175827163408,"1,878","1,136",0.3769,"586,302","19,308","93,963","13,993",0.4202,0.1296,0.1789
81,0.5294540565570169,0.5298857073723998,"1,835","1,010",0.3550,"588,137","17,473","94,973","12,983",0.4263,0.1203,0.1619
82,0.5298857093820016,0.5337070394069976,"1,678","1,087",0.3931,"589,815","15,795","96,060","11,896",0.4296,0.1102,0.1463
83,0.533761445842629,0.5346258673886186,"1,706","1,020",0.3742,"591,521","14,089","97,080","10,876",0.4356,0.1007,0.1305
84,0.5346319417904001,0.534702250591365,"1,483","1,007",0.4044,"593,004","12,606","98,087","9,869",0.4391,0.0914,0.1168
85,0.5347387125725497,0.5354068532452351,"1,868","1,248",0.4005,"594,872","10,738","99,335","8,621",0.4453,0.0799,0.0995
86,0.5354638967341231,0.5373999946663033,"1,536","1,005",0.3955,"596,408","9,202","100,340","7,616",0.4528,0.0705,0.0852
87,0.5374158152025579,0.5410330183146165,"1,668","1,056",0.3877,"598,076","7,534","101,396","6,560",0.4654,0.0608,0.0698
88,0.5410632538163755,0.5421970845512064,"1,087","1,058",0.4932,"599,163","6,447","102,454","5,502",0.4605,0.0510,0.0597
89,0.5422451967886114,0.542568491120414,"1,305","1,142",0.4667,"600,468","5,142","103,596","4,360",0.4589,0.0404,0.0476
90,0.5425734846988675,0.5437664635298718,"1,380","1,159",0.4565,"601,848","3,762","104,755","3,201",0.4597,0.0297,0.0348
91,0.5437761806070478,0.5452434455391402,"1,499","1,062",0.4147,"603,347","2,263","105,817","2,139",0.4859,0.0198,0.0210
92,0.5452851402489086,0.550010854157387,"1,254","1,062",0.4585,"604,601","1,009","106,879","1,077",0.5163,0.0100,0.0093
93,0.5501598273104695,0.5705996497631993,"1,009","1,077",0.5163,"605,610",0,"107,956",0,nan,0.0000,0.0000
