,y_proba,y_test,Neg,Pos,TN,FP,FN,TP,FP/P,Prec
0,0.472141818058813,120,2020,120,2020,603590,120,107836,5.591074141316833,0.15157725469690453
1,0.4722371114793199,45,1015,45,3035,602575,165,107791,5.581672162732965,0.151740088911913
2,0.472245844992111,109,2087,109,5122,600488,274,107682,5.562340212679239,0.15205670954714265
3,0.4723333921199699,121,2095,121,7217,598393,395,107561,5.542934158360814,0.15236261852755278
4,0.4723346009444733,106,2139,106,9356,596254,501,107455,5.523120530586535,0.15269806127248622
5,0.47245714866264,64,1077,64,10433,595177,565,107391,5.513144243951239,0.15285495496521334
6,0.4724891708335266,43,1161,43,11594,594016,608,107348,5.502389862536589,0.15305604507787682
7,0.4725128401513526,104,1830,104,13424,592186,712,107244,5.485438511986365,0.15333056917775903
8,0.4726294960029167,88,1845,88,15269,590341,800,107156,5.468348215939828,0.15362933460645709
9,0.4727328773346729,127,1898,127,17167,588443,927,107029,5.450766979139649,0.153894046057929
10,0.472831041545977,206,3692,206,20859,584751,1133,106823,5.4165678609803996,0.15446358596477022
11,0.4728323019281901,62,1114,62,21973,583637,1195,106761,5.406248842120864,0.15463689060512922
12,0.4729537910672229,90,1787,90,23760,581850,1285,106671,5.389695801993405,0.15492773640891128
13,0.4730002973615287,67,1197,67,24957,580653,1352,106604,5.378607951387602,0.15511518980526937
14,0.4730683272335997,221,3662,221,28619,576991,1573,106383,5.344686724220979,0.15567317457204985
15,0.4731121547171911,63,1055,63,29674,575936,1636,106320,5.334914224313609,0.15583593255317651
16,0.4731283137772623,38,864,38,30538,575072,1674,106282,5.326910963725963,0.15598646225016657
17,0.4731887746118007,238,3708,238,34246,571364,1912,106044,5.292563637037311,0.15654376682885351
18,0.4731971169086386,59,1009,59,35255,570355,1971,105985,5.28321723665197,0.15670372889375167
19,0.4732226463714587,89,1894,89,37149,568461,2060,105896,5.265673051984142,0.15703255100784896
20,0.4733299513541971,108,1943,108,39092,566518,2168,105788,5.247674978695024,0.15735096816033176
21,0.4733483509605825,60,936,60,40028,565582,2228,105728,5.239004779725073,0.1574950469976613
22,0.4733853651326737,66,1127,66,41155,564455,2294,105662,5.2285653414354,0.15767694298159873
23,0.473404042449295,121,1939,121,43094,562516,2415,105541,5.210604320278632,0.15798202847960577
24,0.4735998326612948,60,1017,60,44111,561499,2475,105481,5.201183815628589,0.15814717082971003
25,0.4736240796326153,135,1991,135,46102,559508,2610,105346,5.182741116751269,0.15844982507437724
26,0.4736610938047064,125,1991,125,48093,557517,2735,105221,5.164298417873948,0.15876711460637538
27,0.4736764525559044,251,3889,251,51982,553628,2986,104970,5.12827448219645,0.15938402485279335
28,0.4737340236506551,98,1954,98,53936,551674,3084,104872,5.1101745155433695,0.15973290523436287
29,0.473748715725397,94,1791,94,55727,549883,3178,104778,5.09358442328356,0.1600492468621164
30,0.4738659201248408,224,3695,224,59422,546188,3402,104554,5.059357516025047,0.16066889796570685
31,0.4738883427885141,52,997,52,60419,545191,3454,104502,5.050122272036756,0.16084827757109896
32,0.4739563726605852,227,3714,227,64133,541477,3681,104275,5.01571936714958,0.16147840037661518
33,0.4741092459662564,122,1982,122,66115,539495,3803,104153,4.997360035570047,0.16181670726856914
34,0.4741591112701787,110,2017,110,68132,537478,3913,104043,4.97867649783245,0.16218175242899296
35,0.474246365151404,266,4012,266,72144,533466,4179,103777,4.9415132090851825,0.1628531031333416
36,0.4742476255336172,38,1001,38,73145,532465,4217,103739,4.9322409129645415,0.16305933316986376
37,0.4742765674306161,42,955,42,74100,531510,4259,103697,4.923394716365927,0.16324914555412645
38,0.474552296102649,129,1883,129,75983,529627,4388,103568,4.905952425062062,0.16356414690577153
39,0.4745738661999528,224,3961,224,79944,525666,4612,103344,4.8692615510022605,0.16429627509896505
40,0.4746220690776406,130,1821,130,81765,523845,4742,103214,4.852393567749824,0.16460014129451933
41,0.4746467892142824,146,1924,146,83689,521921,4888,103068,4.83457149208937,0.16491170244596304
42,0.4747452749596242,111,1903,111,85592,520018,4999,102957,4.816943940123754,0.1652666639913319
43,0.4748171920413684,125,1848,125,87440,518170,5124,102832,4.7998258549779536,0.16559044898406125
44,0.4759328989020403,11,194,11,87634,517976,5135,102821,4.798028826558968,0.1656274112149382
45,0.4759528450770197,20,471,20,88105,517505,5155,102801,4.793665937974731,0.16572627058258343
46,0.4759784845419947,29,398,29,88503,517107,5184,102772,4.789979250805884,0.16579364682462222
47,0.4761530853101877,13,215,13,88718,516892,5197,102759,4.78798769869206,0.16583367088893586
48,0.4761881098858789,25,419,25,89137,516473,5222,102734,4.7841064878283746,0.1659122070648426
49,0.476196344712631,19,255,19,89392,516218,5241,102715,4.781744414391048,0.16595495796798684
50,0.4762088335328462,34,537,34,89929,515681,5275,102681,4.776770165623032,0.16605321801792478
51,0.4763467482160822,23,412,23,90341,515269,5298,102658,4.77295379599096,0.16613289272033752
52,0.4764290199409936,49,558,49,90899,514711,5347,102609,4.767785023528104,0.16621687293462062
53,0.4764665401185753,26,520,26,91419,514191,5373,102583,4.7629682463225755,0.16632186181648384
54,0.4766612788011427,36,458,36,91877,513733,5409,102547,4.758725777168476,0.16639676770299214
55,0.4766861278291286,68,1076,68,92953,512657,5477,102479,4.748758753566268,0.16659567965458044
56,0.4766873966436942,23,252,23,93205,512405,5500,102456,4.746424469228204,0.16663278366980505
57,0.4768247717658846,17,247,17,93452,512158,5517,102439,4.744136500055578,0.16667670034185003
58,0.4769047784367541,24,239,24,93691,511919,5541,102415,4.741922635147652,0.16670898892133595
59,0.4769495392776048,17,271,17,93962,511648,5558,102398,4.739412353180925,0.16675949358842823
60,0.4770129607004955,21,265,21,94227,511383,5579,102377,4.736957649412724,0.1668029848800834
61,0.4770262509336264,78,1097,78,95324,510286,5657,102299,4.726796102115677,0.1669956006105275
62,0.477044958174032,23,275,23,95599,510011,5680,102276,4.724248768016599,0.1670393132632246
63,0.477081088989358,68,1119,68,96718,508892,5748,102208,4.713883433991626,0.1672524954999182
64,0.477081977853732,18,265,18,96983,508627,5766,102190,4.711428730223425,0.16730051717617553
65,0.4771007063966905,53,562,53,97545,508065,5819,102137,4.706222905628219,0.1673822766887031
66,0.4771854145869439,51,654,51,98199,507411,5870,102086,4.700164881988958,0.16749221079020898
67,0.4772354714864004,39,516,39,98715,506895,5909,102047,4.695385156915781,0.16758082050507273
68,0.4773208928048379,44,659,44,99374,506236,5953,102003,4.689280818111082,0.1677021697063161
69,0.4773579124845379,57,572,57,99946,505664,6010,101946,4.6839823631850015,0.167781965405441
70,0.4774375948541854,17,288,17,100234,505376,6027,101929,4.681314609655786,0.16783823614164217
71,0.4775143065102069,91,1319,91,101553,504057,6118,101838,4.669096669013301,0.16807862748496027
72,0.4775741470708074,64,1129,64,102682,502928,6182,101774,4.658638704657453,0.16830438794645958
73,0.4776045181165506,42,526,42,103208,502402,6224,101732,4.6537663492534,0.168393104840979
74,0.4777473014737712,43,588,43,103796,501814,6267,101689,4.648319685797918,0.16849791964580127
75,0.4778176467064188,51,583,51,104379,501231,6318,101638,4.642919337507873,0.16859052298260485
76,0.4779016839708136,11,257,11,104636,500974,6329,101627,4.6405387380043726,0.16864724751535426
77,0.4779698122596761,91,1200,91,105836,499774,6420,101536,4.629423098299307,0.1688579933811179
78,0.4779738507175763,14,252,14,106088,499522,6434,101522,4.627088813961244,0.1689094309235264
79,0.4779973056692363,56,614,56,106702,498908,6490,101466,4.621401311645485,0.1690046537658193
80,0.4781025360598002,89,1260,89,107962,497648,6579,101377,4.609729889955167,0.16923667626559827
81,0.4781038048743659,22,276,22,108238,497372,6601,101355,4.607173292823002,0.1692841645691609
82,0.4782497853483822,45,653,45,108891,496719,6646,101310,4.601124532216829,0.16940650035366178
83,0.4782825807949304,106,1254,106,110145,495465,6752,101204,4.5895086887250365,0.16961497915929938
84,0.478485361245817,53,610,53,110755,494855,6805,101151,4.583858238541628,0.16971473441542534
85,0.4785260804305419,34,637,34,111392,494218,6839,101117,4.577957686464856,0.1698489085976803
86,0.4786018228176155,52,617,52,112009,493601,6891,101065,4.572242395049835,0.16995254478984842
87,0.4786360247440894,56,649,56,112658,492952,6947,101009,4.566230686576012,0.17005998710353037
88,0.4801266894990235,14,137,14,112795,492815,6961,100995,4.564961651043017,0.1700796551085364
89,0.4803470247617887,7,122,7,112917,492693,6968,100988,4.563831561006336,0.17010482060231
90,0.4805147248068913,12,187,12,113104,492506,6980,100976,4.562099373818963,0.17014163866806406
91,0.4807350888892049,26,199,26,113303,492307,7006,100950,4.56025603023454,0.17016234111017653
92,0.4807642295377858,44,401,44,113704,491906,7050,100906,4.556541553966431,0.17021585258058203
93,0.4807761098370112,16,215,16,113919,491691,7066,100890,4.554550001852607,0.17025520561745988
94,0.4808499275506516,17,226,17,114145,491465,7083,100873,4.552456556374819,0.17029635106982838
95,0.4808910340113469,37,450,37,114595,491015,7120,100836,4.54828819148542,0.17037396236552782
96,0.4810191451972959,13,114,13,114709,490901,7133,100823,4.5472322057134384,0.17038855953113277
97,0.4810665803907858,16,250,16,114959,490651,7149,100807,4.54491644744155,0.17043813761923923
98,0.4812394804600611,18,149,18,115108,490502,7167,100789,4.543536255511505,0.17045583308387918
99,0.4812638231524147,26,276,26,115384,490226,7193,100763,4.54097965837934,0.17049894329674495
100,0.4812757261122288,7,130,7,115514,490096,7200,100756,4.539775464077958,0.17052662934203489
101,0.4812765133073587,13,129,13,115643,489967,7213,100743,4.538580532809664,0.17054561459938042
102,0.4813383044793561,26,263,26,115906,489704,7239,100717,4.536144355107637,0.1705850571033212
103,0.4814072288526949,20,269,20,116175,489435,7259,100697,4.533652599207084,0.17063470545572854
104,0.4814103997067945,30,431,30,116606,489004,7289,100667,4.529660231946348,0.17071723045562695
105,0.48155765324053,18,234,18,116840,488770,7307,100649,4.527492682203861,0.1707596802953417
106,0.4816275929350085,25,320,25,117160,488450,7332,100624,4.524528511615843,0.17081724876670842
107,0.4816599063940433,17,244,17,117404,488206,7349,100607,4.52226833154248,0.17086409437291636
108,0.4816646300463362,26,232,26,117636,487974,7375,100581,4.5201193078661674,0.170894818666055
109,0.4817332193486779,12,105,12,117741,487869,7387,100569,4.519146689391975,0.17090840496364954
110,0.4817803280838387,55,605,55,118346,487264,7442,100514,4.513542554374005,0.17100674064017368
111,0.4818216030960028,10,113,10,118459,487151,7452,100504,4.5124958316351105,0.17102551667219712
112,0.4818988057538148,56,587,56,119046,486564,7508,100448,4.507058431212716,0.17111745586120897
113,0.4819035826951331,9,116,9,119162,486448,7517,100439,4.50598391937456,0.17113856670875313
114,0.4819559079311528,31,281,31,119443,486167,7548,100408,4.503381007076957,0.17117674636661978
115,0.4820488844689091,33,433,33,119876,485734,7581,100375,4.499370113750047,0.17125654101882073
116,0.4821689690056311,8,112,8,119988,485622,7589,100367,4.4983326540442405,0.17127795914257776
117,0.4821816100512876,54,567,54,120555,485055,7643,100313,4.493080514283597,0.1713674133194845
118,0.4821934560566915,29,277,29,120832,484778,7672,100284,4.4905146541183445,0.1714074747633584
119,0.4822925610435065,20,262,20,121094,484516,7692,100264,4.488087739449405,0.1714559321454222
120,0.4823099800247074,11,122,11,121216,484394,7703,100253,4.486957649412724,0.17147612148869318
121,0.4823687766531574,24,271,24,121487,484123,7727,100229,4.484447367445997,0.17152161710749686
122,0.4823821397518716,28,251,28,121738,483872,7755,100201,4.48212234614102,0.17155561034322764
123,0.4824469473130219,42,302,42,122040,483570,7797,100159,4.479324910148579,0.1715847593660757
124,0.4825571340921398,47,312,47,122352,483258,7844,100112,4.476434843825262,0.17160978452782968
125,0.4826124529542473,11,109,11,122461,483149,7855,100101,4.475425173218719,0.1716262323189027
126,0.4826225468890448,15,89,15,122550,483060,7870,100086,4.474600763273926,0.1716311181076437
127,0.4826812036659166,38,340,38,122890,482720,7908,100048,4.471451332024158,0.17167723691074321
128,0.4826930723319091,12,99,12,122989,482621,7920,100036,4.47053429174849,0.171689347248896
129,0.4827578467920451,48,552,48,123541,482069,7968,99988,4.46542109748416,0.17178386309244628
130,0.482870545798892,34,295,34,123836,481774,8002,99954,4.462688502723331,0.17182256999834974
131,0.4830015233666424,33,336,33,124172,481438,8035,99921,4.459576123605913,0.17187486561659834
132,0.4838276053707826,2,15,2,124187,481423,8037,99919,4.4594371781096,0.17187645138317892
133,0.4840480463813833,3,17,3,124204,481406,8040,99916,4.459279706547112,0.17187720402806017
134,0.4842158476603521,3,68,3,124272,481338,8043,99913,4.4586498202971585,0.17189303760337615
135,0.484436312372015,7,106,7,124378,481232,8050,99906,4.457667938789878,0.17191441619718553
136,0.4846245397054788,14,177,14,124555,481055,8064,99892,4.45602838193338,0.17194683852399617
137,0.4846364272184106,4,39,4,124594,481016,8068,99888,4.455667123642965,0.17195268064947047
138,0.4846923726548912,6,37,6,124631,480979,8074,99882,4.455324391418726,0.1719550804753633
139,0.4847205312971915,6,22,6,124653,480957,8080,99876,4.4551206046908,0.1719530398582725
140,0.4849090846251671,14,185,14,124838,480772,8094,99862,4.453406943569602,0.1719878615444497
141,0.4849409723077921,3,12,3,124850,480760,8097,99859,4.453295787172552,0.1719871378649338
142,0.4849779970824192,3,23,3,124873,480737,8100,99856,4.453082737411538,0.17198967262781328
143,0.4850241261656921,142,1357,142,126230,479380,8242,99714,4.440512801511727,0.17218966178202502
144,0.4850847297789913,9,28,9,126258,479352,8251,99705,4.440253436585276,0.17218512167195976
145,0.485108812261932,10,125,10,126383,479227,8261,99695,4.439095557449331,0.17220800038692605
146,0.4851243896228652,16,111,16,126494,479116,8277,99679,4.438067360776612,0.1722181428657815
147,0.4851362948371351,2,24,2,126518,479092,8279,99677,4.437845047982512,0.17222242379947786
148,0.4851810055959882,8,35,8,126553,479057,8287,99669,4.437520841824447,0.17222139665402972
149,0.4852531373941423,11,151,11,126704,478906,8298,99658,4.436122123828226,0.17225060667445607
150,0.4852679416267093,73,715,73,127419,478191,8371,99585,4.429499055170625,0.17235918418210516
151,0.4853292769735949,12,147,12,127566,478044,8383,99573,4.428137389306754,0.17238585429445463
152,0.4853383672566648,102,1235,102,128801,476809,8485,99471,4.416697543443625,0.17260880127715694
153,0.4853634933741839,123,1419,123,130220,475390,8608,99348,4.403553299492386,0.17285789350973835
154,0.4853663052377531,16,109,16,130329,475281,8624,99332,4.402543628885843,0.17286765179346794
155,0.4853728467814692,5,36,5,130365,475245,8629,99327,4.4022101596946905,0.1728712850608801
156,0.4854364362857063,119,1358,119,131723,473887,8748,99208,4.389630960761792,0.17310917038187387
157,0.4855760485485511,8,124,8,131847,473763,8756,99200,4.388482344658935,0.1731350890022567
158,0.4856166372232908,3,25,3,131872,473738,8759,99197,4.388250768831746,0.17313831411940273
159,0.4856645384009398,3,20,3,131892,473718,8762,99194,4.388065508169995,0.1731400284860502
160,0.4857226239383702,70,616,70,132508,473102,8832,99124,4.382359479788062,0.1732252641438872
161,0.4857334850997287,222,2354,222,134862,470748,9054,98902,4.36055429989996,0.1736188887913631
162,0.4857417932232323,33,260,33,135122,470488,9087,98869,4.358145911297195,0.1736502756618431
163,0.4857517089194346,2,20,2,135142,470468,9089,98867,4.3579606506354445,0.17365347291137906
164,0.4857620184902057,19,180,19,135322,470288,9108,98848,4.356293304679684,0.17368080739928593
165,0.4857988386024606,20,258,20,135580,470030,9128,98828,4.353903442143095,0.17373052677469597
166,0.4858270788263238,257,2332,257,137912,467698,9385,98571,4.332302048982919,0.17407098039977467
167,0.4858622075674542,288,2620,288,140532,465078,9673,98283,4.308032902293527,0.17445829583517497
168,0.4858634193466329,77,767,77,141299,464311,9750,98206,4.300928155915373,0.17458316815314026
169,0.485870923008828,1,22,1,141321,464289,9751,98205,4.300724369187447,0.17458852894430874
170,0.4859431284944578,54,665,54,141986,463624,9805,98151,4.294564452184223,0.17471585599216768
171,0.4859745099318312,10,36,10,142022,463588,9815,98141,4.294230982993072,0.17471236129877574
172,0.4859773005607459,125,1163,125,143185,462425,9940,98016,4.283458075512246,0.17489084488822196
173,0.4859989486695643,130,1295,130,144480,461130,10070,97886,4.271462447663863,0.17510411151022512
174,0.486005809147943,8,134,8,144614,460996,10078,97878,4.270221201230131,0.17513428787168486
175,0.4860426484089402,35,223,35,144837,460773,10113,97843,4.268155544851607,0.17515251979893165
176,0.4860545085212882,9,39,9,144876,460734,10122,97834,4.267794286561192,0.17515145873018145
177,0.4860820587039797,10,38,10,144914,460696,10132,97824,4.2674422913038645,0.1751486070328726
178,0.4861034590471648,61,768,61,145682,459928,10193,97763,4.260328281892623,0.17529958346109226
179,0.4861531713420369,4,22,4,145704,459906,10197,97759,4.260124495164697,0.1753005836837528
180,0.4861718433267454,311,2429,311,148133,457477,10508,97448,4.237624587795028,0.17560571248366896
181,0.4862194532256519,160,1344,160,149477,456133,10668,97288,4.225175071325355,0.17579383507311794
182,0.4862253543042567,8,120,8,149597,456013,10676,97280,4.224063507354848,0.17582004471410265
183,0.486259269839333,20,140,20,149737,455873,10696,97260,4.2227666827225905,0.17583474498899904
184,0.4863107230868967,70,744,70,150481,455129,10766,97190,4.21587498610545,0.1759671494190857
185,0.4863258491458013,5,22,5,150503,455107,10771,97185,4.215671199377524,0.17596669877528553
186,0.4863262935223605,223,2317,223,152820,452790,10994,96962,4.194208751713661,0.17637407412797043
187,0.4863621335399033,176,1363,176,154183,451427,11170,96786,4.181583237615325,0.1765481664973286
188,0.4863875809120033,280,2546,280,156729,448881,11450,96506,4.157999555374412,0.17694957892285662
189,0.4864658025258445,10,145,10,156874,448736,11460,96496,4.156656415576716,0.1769815418023887
190,0.4864713047965864,29,238,29,157112,448498,11489,96467,4.154451813701878,0.1770150376629692
191,0.4865424983263265,12,167,12,157279,448331,11501,96455,4.152904887176257,0.1770511723869556
192,0.4865543761400127,6,21,6,157300,448310,11507,96449,4.152710363481418,0.17704893356511778
193,0.486615836207149,123,1122,123,158422,447188,11630,96326,4.142317240357182,0.1772281854745232
194,0.4866414890722745,3,23,3,158445,447165,11633,96323,4.142104190596169,0.1772311440178992
195,0.4866476024619849,272,2593,272,161038,444572,11905,96051,4.118085145800141,0.17766724686149127
196,0.4867140101333468,19,165,19,161203,444407,11924,96032,4.116556745340694,0.17769257955106868
197,0.4867150954543238,13,151,13,161354,444256,11937,96019,4.1151580273444734,0.1777224561565869
198,0.4867817651401771,197,2391,197,163745,441865,12134,95822,4.093010115232132,0.17821148735230719
199,0.4867994346565555,123,1175,123,164920,440690,12257,95699,4.082126051354256,0.17841342756842515
200,0.4868363407632364,133,1241,133,166161,439449,12390,95566,4.0706306272926005,0.17862302926086185
201,0.486838866088204,179,1364,179,167525,438085,12569,95387,4.057995850161177,0.1788041359246596
202,0.4868732577868794,75,753,75,168278,437332,12644,95312,4.051020786246249,0.17894128160647638
203,0.4868762924816622,472,4451,472,172729,432881,13116,94840,4.009791025973545,0.1797161757822789
204,0.4868914179230021,153,1347,153,174076,431534,13269,94687,3.9973137204046094,0.17993770678099125
205,0.4868921609383431,248,2142,248,176218,429392,13517,94439,3.9774723035310684,0.18028524466860496
206,0.486993316283819,126,1143,126,177361,428249,13643,94313,3.966884656711994,0.18048193324428488
207,0.4870617005633997,485,4361,485,181722,423888,14128,93828,3.92648856941717,0.1812344992235125
208,0.4871126654944306,250,2326,250,184048,421562,14378,93578,3.904942754455519,0.18165547229879256
209,0.4871495825180735,177,1390,177,185438,420172,14555,93401,3.8920671384638186,0.18186509025980727
210,0.4872804793334475,482,4376,482,189814,415796,15037,92919,3.8515321056726814,0.18265433494196162
211,0.4872816911126262,111,1166,111,190980,414630,15148,92808,3.8407314090925935,0.18289525025717426
212,0.4873569613960217,515,4359,515,195339,410271,15663,92293,3.8003538478639447,0.18364427217230045
213,0.4873599367422351,154,1327,154,196666,408944,15817,92139,3.78806180295676,0.18387971653398738
214,0.487379765073728,34,192,34,196858,408752,15851,92105,3.78628330060395,0.18389480430542052
215,0.4874430013302033,5,91,5,196949,408661,15856,92100,3.7854403645929824,0.18392007364790788
216,0.4876007768570389,271,2164,271,199113,406497,16127,91829,3.765395160991515,0.18427495254110762
217,0.4876635358923186,15,107,15,199220,406390,16142,91814,3.764404016451147,0.18428996957069796
218,0.4877287233248583,246,2076,246,201296,404314,16388,91568,3.7451739597613845,0.18465683368220664
219,0.4877664700556581,123,1231,123,202527,403083,16511,91445,3.733771166030605,0.18491369548337
220,0.4877804053058965,280,2085,280,204612,400998,16791,91165,3.7144577420430545,0.18523334748853532
221,0.487848648311894,269,2086,269,206698,398912,17060,90896,3.6951350550224165,0.1855747558226897
222,0.4878797720041894,15,107,15,206805,398805,17075,90881,3.6941439104820484,0.18559035790281936
223,0.4879648782374223,29,204,29,207009,398601,17104,90852,3.6922542517321872,0.18561945682220765
224,0.4880427947868522,270,2111,270,209120,396490,17374,90582,3.6726999888843603,0.1859725050916497
225,0.488336308215558,11,88,11,209208,396402,17385,90571,3.6718848419726555,0.1859877241654055
226,0.488533444708964,18,190,18,209398,396212,17403,90553,3.67012486568602,0.18603021992131727
227,0.4885568427776733,17,132,17,209530,396080,17420,90536,3.668902145318463,0.18605224653525573
228,0.4885938248399413,16,113,16,209643,395967,17436,90520,3.6678554225795694,0.18606869248304683
229,0.4886320335858504,15,129,15,209772,395838,17451,90505,3.666660491311275,0.1860929426351361
230,0.488693536043321,26,203,26,209975,395635,17477,90479,3.6647800955945016,0.18612712244452947
231,0.4887385483147306,39,325,39,210300,395310,17516,90440,3.661769609841046,0.18618630983015955
232,0.4887982724854705,40,218,40,210518,395092,17556,90400,3.6597502686279597,0.18620286225107727
233,0.4888549234188177,37,218,37,210736,394874,17593,90363,3.657730927414873,0.18622446350958397
234,0.4889373886337895,18,111,18,210847,394763,17611,90345,3.656702730742154,0.18623687921040263
235,0.4889824441170867,25,165,25,211012,394598,17636,90320,3.6551743302827076,0.18625829521692328
236,0.4890222463235032,45,215,45,211227,394383,17681,90275,3.6531827781688837,0.186265366505866
237,0.4891828888927262,42,330,42,211557,394053,17723,90233,3.6501259772499908,0.18632171898423658
238,0.4892259545556866,49,341,49,211898,393712,17772,90184,3.6469672829671347,0.18637062509299518
239,0.4892982794159319,26,126,26,212024,393586,17798,90158,3.645800140798103,0.1863754382483297
240,0.4894030299049721,38,198,38,212222,393388,17836,90120,3.6439660602467674,0.1863878157134939
241,0.4894260734760228,16,145,16,212367,393243,17852,90104,3.642622920449072,0.18641679786985332
242,0.4894481412932204,76,551,76,212918,392692,17928,90028,3.6375189892178295,0.18650149154789525
243,0.4894566581152274,32,342,32,213260,392350,17960,89996,3.634351031901886,0.18657975809895802
244,0.4894871317252961,24,123,24,213383,392227,17984,89972,3.633211678832117,0.18658686558868848
245,0.4895059820981997,14,121,14,213504,392106,17998,89958,3.6320908518285226,0.18661007667031762
246,0.4895220787672459,22,124,22,213628,391982,18020,89936,3.630942235725666,0.18662096041235232
247,0.4896466491772628,22,176,22,213804,391806,18042,89914,3.6293119419022566,0.1866519970107116
248,0.4896468824954406,22,142,22,213946,391664,18064,89892,3.6279965912038237,0.1866698784772695
249,0.4896717736966985,79,520,79,214466,391144,18143,89813,3.623179813998296,0.18673810756470952
250,0.4896920370955764,42,290,42,214756,390854,18185,89771,3.620493534402905,0.18677971391417425
251,0.4897024959386012,36,395,36,215151,390459,18221,89735,3.616834636333321,0.18687238907608175
252,0.489724845174231,110,799,110,215950,389660,18331,89625,3.6094334728963653,0.1869972980585664
253,0.4897260533247343,16,159,16,216109,389501,18347,89609,3.607960650635444,0.18703220554778652
254,0.4899230716398413,50,396,50,216505,389105,18397,89559,3.6042924895327726,0.18710201728143333
255,0.4899947837127389,33,132,33,216637,388973,18430,89526,3.6030697691652156,0.18709756969189067
256,0.490123919901028,28,161,28,216798,388812,18458,89498,3.6015784208381194,0.1871129602140871
257,0.4901555696622415,24,161,24,216959,388651,18482,89474,3.6000870725110232,0.18713516339869282
258,0.4901923467943779,92,783,92,217742,387868,18574,89382,3.592834117603468,0.18728548978522785
259,0.4902249439432786,69,428,69,218170,387440,18643,89313,3.588869539441995,0.18733599998321981
260,0.4902324931551078,96,754,96,218924,386686,18739,89217,3.581885212493979,0.18746887495981324
261,0.4903195826781023,24,269,24,219193,386417,18763,89193,3.579393456593427,0.18753390382876728
262,0.4903468371406724,92,522,92,219715,385895,18855,89101,3.574558153321724,0.1875826322747981
263,0.4903626198170939,106,778,106,220493,385117,18961,88995,3.5673515135796063,0.18770881142008639
264,0.4905401583793424,41,290,41,220783,384827,19002,88954,3.5646652339842158,0.18775341349695324
265,0.49057708825792,26,170,26,220953,384657,19028,88928,3.5630905183593318,0.18777621757445864
266,0.4905960051406808,81,571,81,221524,384086,19109,88847,3.557801326466338,0.18786382003370455
267,0.4906065156194499,78,459,78,221983,383627,19187,88769,3.5535495942791506,0.18791226005300637
268,0.4906444544662137,45,287,45,222270,383340,19232,88724,3.5508911037830226,0.18794909164859003
269,0.4906447360734933,82,572,82,222842,382768,19314,88642,3.5455926488569416,0.18803589232303092
270,0.49072137795908,151,1221,151,224063,381547,19465,88491,3.5342824854570383,0.18826350209983023
271,0.4908165808419208,72,675,72,224738,380872,19537,88419,3.528029938122939,0.18840975002716864
272,0.4908535107204985,60,421,60,225159,380451,19597,88359,3.5241302011930786,0.18847507519037562
273,0.4908596085801786,75,423,75,225582,380028,19672,88284,3.5202119381970434,0.1885153487418644
274,0.4910140989264731,39,266,39,225848,379762,19711,88245,3.517747971395754,0.18855487204251217
275,0.4910722127955836,153,1301,153,227149,378461,19864,88092,3.505696765348846,0.18881456126099286
276,0.491082525819823,154,1233,154,228382,377228,20018,87938,3.4942754455518914,0.18904649093011958
277,0.4911436266920376,161,1189,161,229571,376039,20179,87777,3.4832616992107894,0.18924961622712455
278,0.491144834842541,47,263,47,229834,375776,20226,87730,3.4808255215087627,0.18927478824438088
279,0.4911470364525357,4,75,4,229909,375701,20230,87726,3.4801307940271964,0.18929842240525477
280,0.491205173924623,72,459,72,230368,375242,20302,87654,3.475879061840009,0.18936002903459956
281,0.491242945039324,19,133,19,230501,375109,20321,87635,3.4746470784393644,0.18938116971802985
282,0.4913161085979396,66,566,66,231067,374543,20387,87569,3.4694042017118085,0.1894973512914618
283,0.4913676343324907,13,74,13,231141,374469,20400,87556,3.4687187372633295,0.18950489692116226
284,0.4914705974599996,51,291,51,231432,374178,20451,87505,3.466023194634851,0.18953481068178815
285,0.4916437254610853,84,634,84,232066,373544,20535,87421,3.460150431657342,0.18964780406321521
286,0.4916940587285953,80,603,80,232669,372941,20615,87341,3.4545648227055468,0.18975541081337094
287,0.4917430984487521,13,84,13,232753,372857,20628,87328,3.4537867279261922,0.18976715886002368
288,0.4917470199225781,74,591,74,233344,372266,20702,87254,3.4483122753714475,0.1898807451253482
289,0.4917497876056236,83,625,83,233969,371641,20785,87171,3.4425228796917264,0.18999285110241232
290,0.4919860100830789,30,150,30,234119,371491,20815,87141,3.441133424728593,0.19000200596556716
291,0.4920406100709981,13,71,13,234190,371420,20828,87128,3.440475749379377,0.19000846149149053
292,0.4922612079509531,17,111,17,234301,371309,20845,87111,3.439447552706658,0.19002443174381572
293,0.4922981834703417,9,90,9,234391,371219,20854,87102,3.4386138797287784,0.19004584123354593
294,0.4923790487539969,15,154,15,234545,371065,20869,87087,3.437187372633295,0.19008320382755067
295,0.4924091841945021,20,147,20,234692,370918,20889,87067,3.4358257067694247,0.19010884635959693
296,0.49265310578618,12,90,12,234782,370828,20901,87055,3.4349920337915445,0.19012498826119337
297,0.4926533594267011,19,96,19,234878,370732,20920,87036,3.4341027826151396,0.190131245521749
298,0.4926618896290409,41,196,41,235074,370536,20961,86995,3.432287228129979,0.19014012165295904
299,0.4928679946999537,51,186,51,235260,370350,21012,86944,3.430564303975694,0.19012713921459717
300,0.4928763175314573,45,179,45,235439,370171,21057,86899,3.4289062210530217,0.19012186317194302
301,0.4931188735149019,35,193,35,235632,369978,21092,86864,3.4271184556671237,0.19014013597698987
302,0.493162043038469,22,99,22,235731,369879,21114,86842,3.4262014153914557,0.1901423407288038
303,0.4931917570888042,20,96,20,235827,369783,21134,86822,3.4253121642150504,0.19014684464690487
304,0.4933518527926902,6,85,6,235912,369698,21140,86816,3.4245248064026086,0.19017160481387207
305,0.49336279510658,33,106,33,236018,369592,21173,86783,3.4235429248953277,0.19015721720076692
306,0.4935436668750795,24,100,24,236118,369492,21197,86759,3.422616621586572,0.19015629554784538
307,0.493626748572084,14,125,14,236243,369367,21211,86745,3.421458742450628,0.190183551408426
308,0.4938092347499413,69,330,69,236573,369037,21280,86676,3.418401941531735,0.19019865573288453
309,0.4938211229296517,34,219,34,236792,368818,21314,86642,3.416373337285561,0.19022965792824836
310,0.4938407987386469,15,111,15,236903,368707,21329,86627,3.415345140612842,0.19024935541822047
311,0.4938473818021658,26,118,26,237021,368589,21355,86601,3.414252102708511,0.1902524220655111
312,0.4940080655632183,63,331,63,237352,368258,21418,86538,3.4111860387565303,0.19027871837043422
313,0.4940153348704338,20,164,20,237516,368094,21438,86518,3.4096669013301715,0.19031173836150386
314,0.4940620351889425,30,237,30,237753,367857,21468,86488,3.4074715624884213,0.19035754767852622
315,0.4941838544271679,27,246,27,237999,367611,21495,86461,3.405192856348883,0.1904125336950968
316,0.4942359769890124,28,166,28,238165,367445,21523,86433,3.4036551928563488,0.1904322306875416
317,0.494309441989681,44,203,44,238368,367242,21567,86389,3.4017747971395753,0.1904389250293741
318,0.494321336624154,15,104,15,238472,367138,21582,86374,3.40081144169847,0.19045582035315492
319,0.4944542125435974,31,221,31,238693,366917,21613,86343,3.3987643113861203,0.1904933150950889
320,0.4945204561246752,27,102,27,238795,366815,21640,86316,3.3978194820111898,0.19048796043528252
321,0.4945510335987769,39,214,39,239009,366601,21679,86277,3.395837192930453,0.19050826050282857
322,0.4946232248544904,59,344,59,239353,366257,21738,86218,3.3926507095483345,0.19054754406320792
323,0.4946754717585129,34,204,34,239557,366053,21772,86184,3.3907610507984733,0.19057264222078246
324,0.4946981701292456,12,97,12,239654,365956,21784,86172,3.3898625365889807,0.19059204473069574
325,0.4947410893547571,18,139,18,239793,365817,21802,86154,3.388574974989811,0.19061842463343887
326,0.4947780320969072,16,103,16,239896,365714,21818,86138,3.3876208825817926,0.19063321618583076
327,0.4948436887793296,50,353,50,240249,365361,21868,86088,3.384351031901886,0.190692636377531
328,0.4948512662032717,14,99,14,240348,365262,21882,86074,3.383433991626218,0.19070936065370367
329,0.4948984574185028,87,526,87,240874,364736,21969,85987,3.3785616362221647,0.19077570924936157
330,0.4949090560860088,38,238,38,241112,364498,22007,85949,3.376357034347327,0.19080824159113058
331,0.4950349321299964,17,106,17,241218,364392,22024,85932,3.375375152840046,0.19082260772243984
332,0.4950407209419262,4,32,4,241250,364360,22028,85928,3.375078735781244,0.19082898056355044
333,0.4950742559355326,35,235,35,241485,364125,22063,85893,3.372901923005669,0.1908656987053851
334,0.4950876464374737,32,205,32,241690,363920,22095,85861,3.3710030012227206,0.19089512451615342
335,0.4951122312825854,89,518,89,242208,363402,22184,85772,3.366204750083367,0.19095495286904407
336,0.495127298675532,147,1308,147,243516,362094,22331,85625,3.3540887028048463,0.19124718852673217
337,0.4951296982045874,42,291,42,243807,361803,22373,85583,3.351393160176368,0.19129565967643153
338,0.4951517313472883,3,20,3,243827,361783,22376,85580,3.351207899514617,0.19129878867943928
339,0.4951639746359538,29,205,29,244032,361578,22405,85551,3.3493089777316682,0.19133404453748248
340,0.4951666426759017,34,221,34,244253,361357,22439,85517,3.347261847419319,0.19136714152087614
341,0.4952193937248313,148,1214,148,245467,360143,22587,85369,3.3360165252510283,0.19161997881089624
342,0.4952283710019016,86,542,86,246009,359601,22673,85283,3.3309959613175737,0.19169716150726931
343,0.4952402486219266,37,217,37,246226,359384,22710,85246,3.3289858831375745,0.19172345545734656
344,0.495337625472835,136,1220,136,247446,358164,22846,85110,3.3176849827707584,0.19200314026990078
345,0.4953712702459633,99,728,99,248174,357436,22945,85011,3.310941494683019,0.19213826740829976
346,0.4953723880054072,5,22,5,248196,357414,22950,85006,3.310737707955093,0.19213869174087972
347,0.495407932221602,17,75,17,248271,357339,22967,84989,3.310042980473526,0.1921402217359064
348,0.4954139071513317,80,609,80,248880,356730,23047,84909,3.3044017933232057,0.19225883583650902
349,0.495428247383426,2,35,2,248915,356695,23049,84907,3.3040775871651413,0.19227041544195905
350,0.4954635942969953,143,1308,143,250223,355387,23192,84764,3.2919615398866204,0.19257936480889512
351,0.495523930539831,18,67,18,250290,355320,23210,84746,3.2913409166697543,0.19257565910567961
352,0.4955534789102228,86,561,86,250851,354759,23296,84660,3.2861443551076364,0.19266349429587706
353,0.4955658636137974,55,293,55,251144,354466,23351,84605,3.283430286412983,0.19269093153499092
354,0.4955961388711515,33,197,33,251341,354269,23384,84572,3.281605468894735,0.1927167242805481
355,0.4956345638094507,74,663,74,252004,353606,23458,84498,3.2754640779576865,0.1928720121249749
356,0.495648904041545,6,43,6,252047,353563,23464,84492,3.2750657675349215,0.19287988951159102
357,0.4956717396494984,12,98,12,252145,353465,23476,84480,3.2741579902923412,0.19290093504892167
358,0.4956904231874694,144,1029,144,253174,352436,23620,84336,3.264626329245248,0.19308930059619206
359,0.495708172369014,3,30,3,253204,352406,23623,84333,3.2643484382526213,0.1930970213331074
360,0.4957084222862155,315,2282,315,255486,350124,23938,84018,3.2432101967468228,0.1935265420069931
361,0.4957285782416413,59,272,59,255758,349852,23997,83959,3.240690651747008,0.19353819981512688
362,0.495740462316429,11,81,11,255839,349771,24008,83948,3.2399403460669163,0.19355389088326774
363,0.4957416677116366,13,107,13,255946,349664,24021,83935,3.2389492015265477,0.19357747596281358
364,0.4957765890697987,5,80,5,256026,349584,24026,83930,3.2382081588795435,0.1936038974519854
365,0.4957974365683668,53,260,53,256286,349324,24079,83877,3.2357997702767793,0.19362143670028462
366,0.4958371371548525,291,2310,291,258596,347014,24370,83586,3.2144021638445293,0.19411518810961448
367,0.4959110798455883,152,1122,152,259718,345892,24522,83434,3.2040090407202935,0.19433717035539427
368,0.4959626621449473,309,2223,309,261941,343669,24831,83125,3.1834173181666605,0.19476609324404748
369,0.4959638396531747,114,702,114,262643,342967,24945,83011,3.1769146689391974,0.19487156613721834
370,0.4960050768999228,85,705,85,263348,342262,25030,82926,3.1703842306124717,0.19503372625756135
371,0.4960603638914766,39,279,39,263627,341983,25069,82887,3.1677998443810442,0.1950879092428272
372,0.4960735318031816,285,2166,285,265793,339817,25354,82602,3.147736114713402,0.19554518144306957
373,0.4960811087252838,161,1182,161,266975,338635,25515,82441,3.136787209603913,0.1957865088487589
374,0.4960851452992466,41,318,41,267293,338317,25556,82400,3.1338415650820703,0.19585612181109868
375,0.4961923575983672,92,727,92,268020,337590,25648,82308,3.1271073400274187,0.19601903319377564
376,0.4962280916160188,298,2251,298,270271,335339,25946,82010,3.1062562525473343,0.19650220798420506
377,0.4962693689818616,335,2193,335,272464,333146,26281,81675,3.0859424209863278,0.1968921534830686
378,0.4963031110553095,4,37,4,272501,333109,26285,81671,3.0855996887620885,0.19690197212980376
379,0.4963076678198541,132,1159,132,273660,331950,26417,81539,3.074863833413613,0.19719750706790265
380,0.49632197540715,0,1,0,273661,331949,26417,81539,3.0748545703805252,0.19719798398018806
381,0.4964440404968865,10,55,10,273716,331894,26427,81529,3.07434510356071,0.19720479992646756
382,0.4964629075011267,199,1217,199,274933,330677,26626,81330,3.0630719922931564,0.1973995587453611
383,0.496528324477973,160,1189,160,276122,329488,26786,81170,3.0520582459520544,0.1976583921413926
384,0.496565286859353,93,661,93,276783,328827,26879,81077,3.0459353810811813,0.19779509348530389
385,0.4965796270914473,5,49,5,276832,328778,26884,81072,3.045481492459891,0.19780895449554714
386,0.4965841838559918,343,2198,343,279030,326580,27227,80729,3.025121345733447,0.1982008745203273
387,0.4966813861597513,160,1285,160,280315,325295,27387,80569,3.01321834821594,0.19851230954211263
388,0.4967409832302694,212,1090,212,281405,324205,27599,80357,3.003121642150506,0.19862715727132058
389,0.4967519420576212,354,2233,354,283638,321972,27953,80003,2.9824372892659974,0.19902481497605573
390,0.4967583975432457,712,4649,712,288287,317323,28665,79291,2.939373448441958,0.19991982128719613
391,0.4968048405141106,349,2266,349,290553,315057,29014,78942,2.91838341546556,0.2003609146216107
392,0.4968418028954907,176,1203,176,291756,313854,29190,78766,2.9072399866612324,0.2006163720645917
393,0.4968828306352549,336,2332,336,294088,311522,29526,78430,2.885638593501056,0.20112731823403907
394,0.4968955430431065,165,1184,165,295272,310338,29691,78265,2.874671162325392,0.20140091558737322
395,0.4969639979463655,761,4733,761,300005,305605,30452,77504,2.8308292267219977,0.20230273890720396
396,0.4969959136280525,205,1189,205,301194,304416,30657,77299,2.819815480380896,0.2025044863314253
397,0.4971968390790335,0,1,0,301195,304415,30657,77299,2.8198062173478085,0.2025050168450725
398,0.4972423328553975,227,1193,227,302388,303222,30884,77072,2.808755418874356,0.20266425449783587
399,0.4973321743794845,9,24,9,302412,303198,30893,77063,2.808533106080255,0.20265817425399923
400,0.4973818984832069,690,4496,690,306908,298702,31583,76373,2.7668865093186112,0.20362060921149103
401,0.4973830759914343,158,1339,158,308247,297363,31741,76215,2.7544833080143762,0.20401361964569648
402,0.4974590475278753,145,1255,145,309502,296108,31886,76070,2.7428582014894958,0.2043914471032678
403,0.4974617805369418,683,4630,683,314132,291478,32569,75387,2.6999703582941197,0.20548975781281942
404,0.4974733551151712,0,1,0,314133,291477,32569,75387,2.6999610952610325,0.20549031793798248
405,0.4975528350053596,5,26,5,314159,291451,32574,75382,2.699720256400756,0.20549405315225183
406,0.4976314493734531,353,2400,353,316559,289051,32927,75029,2.6774889769906256,0.20607833443199297
407,0.4976739012736494,24,151,24,316710,288900,32951,75005,2.6760902589944053,0.20611148514035257
408,0.4976857881303044,5,37,5,316747,288863,32956,75000,2.6757475267701656,0.2061215347534649
409,0.4977057521073731,360,2264,360,319011,286599,33316,74640,2.654776019859943,0.20662220856552033
410,0.4977208152383642,11,85,11,319096,286514,33327,74629,2.653988662047501,0.20664667458596733
411,0.4977313614167816,340,2350,340,321446,284164,33667,74289,2.6322205342917484,0.2072489280324059
412,0.497735563564013,341,2287,341,323733,281877,34008,73948,2.611035977620512,0.20782126045106442
413,0.4978821438393863,344,2329,344,326062,279548,34352,73604,2.5894623735595985,0.20842017035157664
414,0.4979088040055015,12,27,12,326089,279521,34364,73592,2.5892122716662342,0.2084092061181548
415,0.4979414796110744,12,87,12,326176,279434,34376,73580,2.588406387787617,0.20843365985484996
416,0.4980305586404531,20,150,20,326326,279284,34396,73560,2.587016932824484,0.2084774007776808
417,0.4981709766063547,11,34,11,326360,279250,34407,73549,2.5867019896995074,0.2084728131315565
418,0.4981741599720043,16,99,16,326459,279151,34423,73533,2.5857849494238394,0.20849542366537752
419,0.4981860483040741,5,19,5,326478,279132,34428,73528,2.5856089517951757,0.20849543469630805
420,0.4982063688870693,9,36,9,326514,279096,34437,73519,2.585275482604024,0.2084965188661855
421,0.4982259772260342,8,13,8,326527,279083,34445,73511,2.5851550631738855,0.20848624763892748
422,0.4983978533043388,11,44,11,326571,279039,34456,73500,2.5847474897180334,0.20848757158782433
423,0.4984149545469526,1,16,1,326587,279023,34457,73499,2.5845992811886322,0.2084947889777092
424,0.4984466378519091,4,24,4,326611,278999,34461,73495,2.584376968394531,0.2085000028369277
425,0.4984700549785439,16,169,16,326780,278830,34477,73479,2.5828115158027343,0.20856407301544952
426,0.4984835799221067,3,18,3,326798,278812,34480,73476,2.5826447812071587,0.2085679898265056
427,0.4985605002944736,23,146,23,326944,278666,34503,73453,2.5812923783763755,0.20860277349418804
428,0.498614622031313,15,122,15,327066,278544,34518,73438,2.580162288339694,0.20864135097817502
429,0.4986980315403486,12,101,12,327167,278443,34530,73426,2.579226721997851,0.20867425092861264
430,0.4988044782497535,20,101,20,327268,278342,34550,73406,2.578291155656008,0.2086891752049763
431,0.4988352864040233,34,150,34,327418,278192,34584,73372,2.5769017006928747,0.20870168731724523
432,0.4988441453639143,56,264,56,327682,277928,34640,73316,2.5744562599577607,0.20873239115828313
433,0.4988573107783077,0,2,0,327684,277926,34640,73316,2.5744377338915854,0.20873357969718884
434,0.4988722294284816,19,86,19,327770,277840,34659,73297,2.573641113046056,0.20874188706971922
435,0.4988738428387419,4,25,4,327795,277815,34663,73293,2.573409537218867,0.2087477357394306
436,0.4988808259100915,5,46,5,327841,277769,34668,73288,2.5729834376968395,0.20876381898096322
437,0.4988817966687889,1,12,1,327853,277757,34669,73287,2.5728722812997886,0.20876870135937375
438,0.4989210530896085,43,263,43,328116,277494,34712,73244,2.570436103597762,0.20882824216366633
439,0.4989591060393655,39,246,39,328362,277248,34751,73205,2.568157397458224,0.20888678367712646
440,0.4990633028474149,0,7,0,328369,277241,34751,73205,2.568092556226611,0.2088909560959463
441,0.4990662874393095,46,298,46,328667,276943,34797,73159,2.56533217236652,0.2089648159679179
442,0.4990779787670173,1,8,1,328675,276935,34798,73158,2.5652580681018193,0.20896733153762
443,0.4990881232213152,25,155,25,328830,276780,34823,73133,2.5638222979732483,0.2090033808403803
444,0.4990931887574247,42,273,42,329103,276507,34865,73091,2.561293489940346,0.20907156219429174
445,0.4990968656681033,10,51,10,329154,276456,34875,73081,2.5608210752528806,0.20907943937265583
446,0.4991050719760809,16,45,16,329199,276411,34891,73065,2.5604042387639407,0.209070150739965
447,0.4991195296823179,15,147,15,329346,276264,34906,73050,2.5590425729000703,0.20912416908569367
448,0.4991248038506893,3,10,3,329356,276254,34909,73047,2.558949942569195,0.2091233635174248
449,0.4991338447655392,2,12,2,329368,276242,34911,73045,2.558838786172144,0.20912601957702406
450,0.4992703598830713,48,246,48,329614,275996,34959,72997,2.556560080032606,0.20916465373230983
451,0.4993284447050577,55,325,55,329939,275671,35014,72942,2.5535495942791506,0.2092348822333074
452,0.4993401976710275,26,130,26,330069,275541,35040,72916,2.5523453999777685,0.20925393951047044
453,0.4993545127542488,1,12,1,330081,275529,35041,72915,2.552234243580718,0.20925887660570996
454,0.4993602644370328,44,316,44,330397,275213,35085,72871,2.549307125125051,0.20934889279599178
455,0.4993708459676263,5,18,5,330415,275195,35090,72866,2.549140390529475,0.20934836135045293
456,0.4993773827686564,2,15,2,330430,275180,35092,72864,2.5490014450331615,0.20935284044546093
457,0.4993960636695494,48,332,48,330762,274848,35140,72816,2.5459261180480937,0.20944360071793455
458,0.4994430513262589,20,89,20,330851,274759,35160,72796,2.545101708103301,0.20945174145099338
459,0.4995143378383512,32,124,32,330975,274635,35192,72764,2.5439530920004447,0.2094536829409411
460,0.4995271563223055,224,1514,224,332489,273121,35416,72540,2.529928859905888,0.20985879228492657
461,0.4995540127887971,99,538,99,333027,272583,35515,72441,2.5249453481047834,0.20995930717863104
462,0.4995553398563799,98,511,98,333538,272072,35613,72343,2.5202119381970434,0.21004602006300538
463,0.499588525989504,29,139,29,333677,271933,35642,72314,2.518924376597873,0.21006428523705362
464,0.4995934474557797,23,160,23,333837,271773,35665,72291,2.5174422913038645,0.21010916573660715
465,0.4996053321498505,6,12,6,333849,271761,35671,72285,2.5173311349068137,0.21010271882248305
466,0.4996167316582591,59,321,59,334170,271440,35730,72226,2.514357701285709,0.21016335628197144
467,0.4997207043330433,235,1512,235,335682,269928,35965,71991,2.500351995257327,0.21054986707378062
468,0.4997307762076704,1,8,1,335690,269920,35966,71990,2.5002778909926264,0.21055248457196338
469,0.499764339619776,6,18,6,335708,269902,35972,71984,2.500111156397051,0.2105497154022101
470,0.4997660362214305,30,158,30,335866,269744,36002,71954,2.4986475971692172,0.21057776164917558
471,0.4997711323463926,176,886,176,336752,268858,36178,71778,2.490440549853644,0.21071759884451438
472,0.4997834595390685,235,1510,235,338262,267348,36413,71543,2.4764533698914373,0.21110917669693205
473,0.4997979906461981,55,336,55,338598,267012,36468,71488,2.473340990774019,0.21119054652880354
474,0.4997992482612879,5,22,5,338620,266990,36473,71483,2.473137204046093,0.21119262097715327
475,0.4998275399979234,128,668,128,339288,266322,36601,71355,2.466949497943607,0.21131140113185085
476,0.499828704663315,35,175,35,339463,266147,36636,71320,2.4653284671532845,0.2113391827941695
477,0.499839896566093,241,1503,241,340966,264644,36877,71079,2.4514061284226907,0.21171918516157665
478,0.4999321023870805,30,140,30,341106,264504,36907,71049,2.450109303790433,0.21173704303046018
479,0.4999538062678807,0,1,0,341107,264503,36907,71049,2.4501000407573454,0.21173767404157925
480,0.499971775851287,0,2,0,341109,264501,36907,71049,2.4500815146911705,0.21173893607510058
481,0.5000087308909842,2,5,2,341114,264496,36909,71047,2.4500351995257326,0.2117373928229765
482,0.5000133408772588,46,277,46,341391,264219,36955,71001,2.44746933936048,0.21180418829425451
483,0.5000277377972883,33,154,33,341545,264065,36988,70968,2.4460428322649967,0.21182390988350402
484,0.5000392844634498,29,168,29,341713,263897,37017,70939,2.4444866427062877,0.21186192643562818
485,0.5000712704780028,120,767,120,342480,263130,37137,70819,2.4373818963281337,0.2120653153625254
486,0.5000962243436333,103,654,103,343134,262476,37240,70716,2.431323872688873,0.2122379889072967
487,0.5001163304805015,107,669,107,343803,261807,37347,70609,2.4251269035532994,0.2124115566037736
488,0.5002097563902491,352,2033,352,345836,259774,37699,70257,2.406295157286302,0.21288000218161324
489,0.5002340088659685,53,295,53,346131,259479,37752,70204,2.4035625625254733,0.21294394918755288
490,0.5002370209456906,330,1941,330,348072,257538,38082,69874,2.385583015302531,0.2134130697714195
491,0.5002507678574987,102,597,102,348669,256941,38184,69772,2.380052984549261,0.21355746480856286
492,0.5002709497949944,41,129,41,348798,256812,38225,69731,2.3788580532809664,0.21354308620916693
493,0.5002825543069613,548,2862,548,351660,253950,38773,69183,2.3523472525843863,0.21410069537930201
494,0.5002837161066472,200,889,200,352549,253061,38973,68983,2.3441124161695504,0.2142036491907938
495,0.5002852648782158,2,19,2,352568,253042,38975,68981,2.343936418540887,0.2142114072597299
496,0.5002898748644904,114,648,114,353216,252394,39089,68867,2.337933973100152,0.21436464432346286
497,0.5002919379814446,147,810,147,354026,251584,39236,68720,2.330430916299233,0.21454618112792848
498,0.5003277999561806,92,373,92,354399,251211,39328,68628,2.3269758049575753,0.21457045576055453
499,0.5003478043865195,251,1409,251,355808,249802,39579,68377,2.3139241913372115,0.2149010462664098
500,0.5004312741243981,46,188,46,355996,249614,39625,68331,2.3121827411167515,0.21491452924247906
501,0.5004667216215434,6,14,6,356010,249600,39631,68325,2.3120530586535257,0.2149091766926162
502,0.5004688881545201,129,700,129,356710,248900,39760,68196,2.3055689354922375,0.215064207684739
503,0.5004809969697775,174,1003,174,357713,247897,39934,68022,2.2962781133054206,0.21531468509333088
504,0.5005073682510688,194,907,194,358620,246990,40128,67828,2.287876542295009,0.21545146719692013
505,0.5005105428532001,125,789,125,359409,246201,40253,67703,2.280568009188929,0.21568059024415107
506,0.5005283368805201,69,331,69,359740,245870,40322,67634,2.2775019452369483,0.21573568439318158
507,0.500547483782226,79,381,79,360121,245489,40401,67555,2.2739727296305903,0.21580033477721983
508,0.5005684718899613,285,1559,285,361680,243930,40686,67270,2.2595316610470935,0.21616323907455012
509,0.5005758552282763,519,2920,519,364600,241010,41205,66751,2.232483604431435,0.21689232878759818
510,0.5006053828975718,254,1400,254,366000,239610,41459,66497,2.2195153581088594,0.21723449643425338
511,0.5006897516817539,1,0,1,366000,239610,41460,66496,2.2195153581088594,0.2172319392628697
512,0.5006936948743811,173,877,173,366877,238733,41633,66323,2.2113916780910743,0.21741254064827442
513,0.5007128660119211,79,373,79,367250,238360,41712,66244,2.2079365667494164,0.21747580465128494
514,0.500730398602967,359,1958,359,369208,236402,42071,65885,2.189799547963985,0.2179551221190458
515,0.5007477425848947,85,567,85,369775,235835,42156,65800,2.184547408203342,0.218144446102077
516,0.5007636977038887,74,349,74,370124,235486,42230,65726,2.181314609655786,0.21820511798998712
517,0.5007707459032003,587,2973,587,373097,232513,42817,65139,2.1537756122864873,0.21884280972410736
518,0.50078281087454,362,1588,362,374685,230925,43179,64777,2.139065915743451,0.2190617581213519
519,0.5009182412177542,54,348,54,375033,230577,43233,64723,2.1358423802289823,0.21917710802573653
520,0.500931530036109,22,72,22,375105,230505,43255,64701,2.135175441846678,0.21917237454523283
521,0.5009505768030367,22,104,22,375209,230401,43277,64679,2.1342120864055727,0.21919140572048257
522,0.5009650788869819,164,929,164,376138,229472,43441,64515,2.125606728667235,0.2194484790143782
523,0.5009867277640992,255,1465,255,377603,228007,43696,64260,2.112036385193968,0.219867449968693
524,0.5010885906972312,41,194,41,377797,227813,43737,64219,2.1102393567749824,0.21990398312513698
525,0.5010893275046417,73,400,73,378197,227413,43810,64146,2.1065341435399607,0.22001035810933636
526,0.501151897145844,560,2799,560,380996,224614,44370,63586,2.0806069139278964,0.22063150589868147
527,0.5011647609899353,64,305,64,381301,224309,44434,63522,2.0777816888361924,0.22069200329359936
528,0.5011712441939371,26,98,26,381399,224211,44460,63496,2.076873911593612,0.2206967505135433
529,0.5011787555794027,216,1471,216,382870,222740,44676,63280,2.06324798992182,0.22124326970141947
530,0.5011827469315869,201,1032,201,383902,221708,44877,63079,2.053688539775464,0.22149536320126972
531,0.5011857463904237,186,1080,186,384982,220628,45063,62893,2.0436844640409055,0.22182836544735662
532,0.5012027544362829,329,1977,329,386959,218651,45392,62564,2.025371447626811,0.22247746386216952
533,0.5012226833893163,150,886,150,387845,217765,45542,62414,2.017164400311238,0.22276473254597953
534,0.5012416127954986,356,1796,356,389641,215969,45898,62058,2.0005279928859907,0.22320853730033413
535,0.501243326913252,305,1582,305,391223,214387,46203,61753,1.98587387454148,0.22362931846164988
536,0.5012468378777606,244,1441,244,392664,212946,46447,61509,1.9725258438623143,0.22411324260807783
537,0.501248002543152,44,323,44,392987,212623,46491,61465,1.9695338841750343,0.22425279472286272
538,0.5012597979604061,711,3706,711,396693,208917,47202,60754,1.9352050835525585,0.22528933404036772
539,0.501395873169931,325,1591,325,398284,207326,47527,60429,1.9204675979102597,0.22568766222852982
540,0.5013978702879427,187,1013,187,399297,206313,47714,60242,1.9110841453925673,0.2260021383954531
541,0.5014227334368038,116,690,116,399987,205623,47830,60126,1.904692652562155,0.22625108655159568
542,0.5014412949771668,140,696,140,400683,204927,47970,59986,1.8982455815332173,0.22643660371518196
543,0.5014622802989404,376,1922,376,402605,203005,48346,59610,1.880442031938938,0.22698627268053995
544,0.5014663572651502,745,3740,745,406345,199265,49091,58865,1.8457982881914854,0.2280440088327587
545,0.5014939132361206,45,180,45,406525,199085,49136,58820,1.8441309422357257,0.22806847482600182
546,0.501499217297833,325,1617,325,408142,197468,49461,58495,1.8291526177331505,0.22852912334985917
547,0.5015783799217122,118,677,118,408819,196791,49579,58377,1.8228815443328763,0.22877868698269377
548,0.5016542011243547,113,721,113,409540,196070,49692,58264,1.8162028974767497,0.22908458955546643
549,0.5017018492041758,723,3717,723,413257,192353,50415,57541,1.781772203490311,0.23026163093151497
550,0.5017030110038616,181,1001,181,414258,191352,50596,57360,1.7724999073696692,0.23062819646820418
551,0.5017378896343703,18,105,18,414363,191247,50614,57342,1.7715272888954758,0.23066990092079698
552,0.5017437364445382,339,1585,339,415948,189662,50953,57003,1.7568453814517024,0.23109480469462632
553,0.5017470978360177,139,665,139,416613,188997,51092,56864,1.750685464448479,0.23128515706029015
554,0.5017526063634794,34,173,34,416786,188824,51126,56830,1.749082959724332,0.23134164312406882
555,0.5017560576039777,36,91,36,416877,188733,51162,56794,1.7482400237133646,0.23131468229563348
556,0.5018443724934761,28,145,28,417022,188588,51190,56766,1.7468968839156693,0.23136366230018668
557,0.5018505649167324,70,261,70,417283,188327,51260,56696,1.7444792322798177,0.23139052252237546
558,0.5018617617692289,672,3729,672,421012,184598,51932,56024,1.7099373818963282,0.23282991580154766
559,0.5019790867148182,64,274,64,421286,184324,51996,55960,1.7073993108303382,0.2328910788899802
560,0.5020650398843766,32,141,32,421427,184183,52028,55928,1.7060932231649932,0.2329256052409094
561,0.5021019842404607,27,114,27,421541,184069,52055,55901,1.705037237393012,0.232949952077343
562,0.5021057377933159,366,1834,366,423375,182235,52421,55535,1.6880488347104377,0.23356605122597468
563,0.5021164917982953,207,1040,207,424415,181195,52628,55328,1.6784152802993813,0.2339222823995975
564,0.502133828950126,419,1846,419,426261,179349,53047,54909,1.6613157212197562,0.23439541018876622
565,0.5022021057717544,394,1878,394,428139,177471,53441,54515,1.6439197450813294,0.23499262886553499
566,0.5022037764771723,61,269,61,428408,177202,53502,54454,1.6414279891807773,0.2350640605035052
567,0.5022327885017439,384,1931,384,430339,175271,53886,54070,1.6235410722887103,0.23576246724310088
568,0.5022416514308901,65,278,65,430617,174993,53951,54005,1.62096594909037,0.23583175398911782
569,0.5023508208284432,35,126,35,430743,174867,53986,53970,1.6197988069213383,0.23584472790676334
570,0.5023930257068121,381,1816,381,432559,173051,54367,53589,1.60297713883434,0.23644987645605364
571,0.502447752875422,45,152,45,432711,172899,54412,53544,1.6015691578050317,0.23645685669241265
572,0.5026465536215645,38,154,38,432865,172745,54450,53506,1.6001426507095484,0.23648956247707192
573,0.5027255824323852,17,100,17,432965,172645,54467,53489,1.599216347400793,0.23653674370063768
574,0.5029957799309,41,119,41,433084,172526,54508,53448,1.598114046463374,0.23652278580721675
575,0.5030591252158898,0,1,0,433085,172525,54508,53448,1.5981047834302864,0.23652383249326248
576,0.503214627499796,29,152,29,433237,172373,54537,53419,1.5966968024009782,0.23658499858276644
577,0.5032441108195682,77,372,77,433609,172001,54614,53342,1.593250954092408,0.23671469715056603
578,0.5033213604493376,19,71,19,433680,171930,54633,53323,1.5925932787431916,0.23672492708199225
579,0.5034477632426206,3,2,3,433682,171928,54636,53320,1.5925747526770166,0.23671686319079416
580,0.5034880610922636,62,206,62,433888,171722,54698,53258,1.5906665678609804,0.23672326429015914
581,0.5035420161000556,18,87,18,433975,171635,54716,53240,1.5898606839823632,0.2367537520844914
582,0.5035676824770265,88,397,88,434372,171238,54804,53152,1.5861832598466041,0.23687330094924017
583,0.5036158724558315,2,10,2,434382,171228,54806,53150,1.5860906295157287,0.23687705568282094
584,0.5036483670947127,69,359,69,434741,170869,54875,53081,1.5827652006372968,0.2370216566197812
585,0.5036684125476103,0,8,0,434749,170861,54875,53081,1.5826910963725962,0.23703012387135955
586,0.5037099983005726,25,157,25,434906,170704,54900,53056,1.5812368001778503,0.2371111905613157
587,0.5037769520084904,35,178,35,435084,170526,54935,53021,1.5795879802882655,0.23718054816213147
588,0.5037916806437805,0,3,0,435087,170523,54935,53021,1.579560191189003,0.23718373116701857
589,0.5038625983880574,65,367,65,435454,170156,55000,52956,1.5761606580458705,0.2373516440173545
590,0.5039128456184654,57,305,57,435759,169851,55057,52899,1.5733354329541664,0.2374814814814815
591,0.5039129814217114,69,329,69,436088,169522,55126,52830,1.5702878950683612,0.2375962437936245
592,0.5039248613141492,28,178,28,436266,169344,55154,52802,1.5686390751787764,0.2376905278510529
593,0.5039306476055623,33,173,33,436439,169171,55187,52769,1.5670365704546296,0.23776245832206902
594,0.5039467569235623,35,181,35,436620,168990,55222,52734,1.5653599614657823,0.2378362288250257
595,0.5039539183248648,102,465,102,437085,168525,55324,52632,1.5610526510800697,0.23798478004313678
596,0.5039976048125986,35,188,35,437273,168337,55359,52597,1.5593112008596095,0.23806657191740518
597,0.504053467187543,81,429,81,437702,167908,55440,52516,1.5553373596650488,0.2382499183392008
598,0.5040566943981025,97,470,97,438172,167438,55537,52419,1.5509837341138983,0.23842315687014742
599,0.5040886502396001,26,193,26,438365,167245,55563,52393,1.5491959687280004,0.2385425108587767
600,0.5041474265736754,187,914,187,439279,166331,55750,52206,1.5407295564859758,0.23888860925152264
601,0.5041485665260678,51,211,51,439490,166120,55801,52155,1.5387750565045017,0.23894170198144543
602,0.50419786859756,61,235,61,439725,165885,55862,52094,1.5365982437289265,0.23898632437069625
603,0.5042104500062191,1,3,1,439728,165882,55863,52093,1.536570454629664,0.23898612226172727
604,0.5042151219911958,43,149,43,439877,165733,55906,52050,1.5351902626996183,0.2389993709334521
605,0.5042741199916512,115,519,115,440396,165214,56021,51935,1.5303827485271777,0.23916757618041068
606,0.5042832851109305,0,9,0,440405,165205,56021,51935,1.5302993812293897,0.23917748917748918
607,0.504296138134195,31,156,31,440561,165049,56052,51904,1.5288543480677312,0.23924075721469626
608,0.5044131965377704,37,207,37,440768,164842,56089,51867,1.5269369002186075,0.23933939061137285
609,0.5044250703115604,26,67,26,440835,164775,56115,51841,1.5263162770017416,0.23932211840307271
610,0.5044357715103105,57,261,57,441096,164514,56172,51784,1.5238986253658897,0.23941044299993527
611,0.5044357776419137,40,150,40,441246,164364,56212,51744,1.5225091704027567,0.23943583763673718
612,0.5044590878058989,0,1,0,441247,164363,56212,51744,1.5224999073696692,0.2394369455871397
613,0.5044726852396668,18,72,18,441319,164291,56230,51726,1.5218329689873653,0.23945337635463876
614,0.5045079703283265,72,338,72,441657,163953,56302,51654,1.5187020638037718,0.23957478189483644
615,0.5045299976088697,51,215,51,441872,163738,56353,51603,1.5167105116899477,0.2396338830041655
616,0.5045405713269505,64,202,64,442074,163536,56417,51539,1.5148393790062618,0.2396326862722306
617,0.5045613056797487,32,204,32,442278,163332,56449,51507,1.5129497202564008,0.2397469733149009
618,0.5045802582735643,40,196,40,442474,163136,56489,51467,1.51113416577124,0.23982423358480542
619,0.5045984878396402,188,934,188,443408,162202,56677,51279,1.5024824928674645,0.2402040462617282
620,0.5045990683821229,0,3,0,443411,162199,56677,51279,1.502454703768202,0.24020742184206334
621,0.5046037496888605,77,319,77,443730,161880,56754,51202,1.4994997962132721,0.2402924695657071
622,0.5046176426349139,186,996,186,444726,160884,56940,51016,1.4902738152580681,0.2407550731477112
623,0.5046476260050302,111,511,111,445237,160373,57051,50905,1.4855404053503278,0.24093847916015865
624,0.5046561929898916,16,64,16,445301,160309,57067,50889,1.4849475712327245,0.24095398630668852
625,0.5046706782734963,35,209,35,445510,160100,57102,50854,1.4830115973174256,0.2410667728509533
626,0.5047530208501252,102,486,102,445996,159614,57204,50752,1.4785097632368742,0.24125571622790756
627,0.5047560574017185,23,67,23,446063,159547,57227,50729,1.477889140020008,0.24124959576936977
628,0.5047963353914224,16,75,16,446138,159472,57243,50713,1.4771944125384415,0.24127792183076813
629,0.5048032763917014,120,651,120,446789,158821,57363,50593,1.471164177998444,0.24159320771295137
630,0.5048052544246271,18,77,18,446866,158744,57381,50575,1.4704509244507022,0.24161686230108112
631,0.5048243989938502,65,309,65,447175,158435,57446,50510,1.467588647226648,0.24173825647897773
632,0.5048613034400748,44,193,44,447368,158242,57490,50466,1.46580088184075,0.2418019433850164
633,0.5048687307444033,187,908,187,448276,157334,57677,50279,1.4573900477972508,0.24217654963802845
634,0.504876845210705,14,71,14,448347,157263,57691,50265,1.4567323724480343,0.2422082803284376
635,0.5048913310776046,53,265,53,448612,156998,57744,50212,1.4542776686798324,0.24232421215192318
636,0.5049196702949705,20,84,20,448696,156914,57764,50192,1.453499573900478,0.2423493283632536
637,0.5049282533911766,57,179,57,448875,156735,57821,50135,1.4518414909778057,0.24235026828442985
638,0.5049471934525489,113,463,113,449338,156272,57934,50022,1.447552706658268,0.24247918019913328
639,0.5049508142454782,88,354,88,449692,155918,58022,49934,1.444273592945274,0.24257233352117055
640,0.5049790716971262,54,282,54,449974,155636,58076,49880,1.4416614176145837,0.24270616399696374
641,0.5049969775766487,125,578,125,450552,155058,58201,49755,1.4363073844899774,0.242928915645003
642,0.5050295832480265,74,256,74,450808,154802,58275,49681,1.4339360480195635,0.242959072392326
643,0.505067534694094,106,485,106,451293,154317,58381,49575,1.4294434769720998,0.24314342887410983
644,0.5051066545559899,257,1128,257,452421,153189,58638,49318,1.4189947756493386,0.24353726044037985
645,0.5051111777046671,34,146,34,452567,153043,58672,49284,1.4176423728185557,0.24358587830591072
646,0.5051126810170985,149,519,149,453086,152524,58821,49135,1.412834858646115,0.24365389097436763
647,0.5051678462566572,151,649,151,453735,151875,58972,48984,1.4068231501722923,0.24387256732334622
648,0.5051947629039448,41,214,41,453949,151661,59013,48943,1.404840861091556,0.24397818587864648
649,0.5052047685702292,131,521,131,454470,151140,59144,48812,1.4000148208529402,0.2441185884612307
650,0.5052107035827067,39,155,39,454625,150985,59183,48773,1.3985790507243692,0.2441604341252916
651,0.5052658870604527,118,500,118,455125,150485,59301,48655,1.393947534180592,0.24432560008034548
652,0.505271126162915,61,307,61,455432,150178,59362,48594,1.3911037830227129,0.2444710522608818
653,0.5053321526101542,138,577,138,456009,149601,59500,48456,1.3857590129311943,0.24465684121237827
654,0.5053440409916892,59,294,59,456303,149307,59559,48397,1.3830356812034532,0.24479524946384493
655,0.5053664467815251,39,128,39,456431,149179,59598,48358,1.3818500129682463,0.2448047707518085
656,0.5054086848817188,26,135,26,456566,149044,59624,48332,1.3805995035014265,0.24487273022049286
657,0.5054204200709376,64,278,64,456844,148766,59688,48268,1.3780243803030865,0.2449729488311662
658,0.5054546550809583,16,75,16,456919,148691,59704,48252,1.37732965282152,0.24500489989489344
659,0.5054706890468003,80,358,80,457277,148333,59784,48172,1.3740134869761755,0.24514388946846136
660,0.505480865990091,44,193,44,457470,148140,59828,48128,1.3722257215902776,0.24521572543664785
661,0.5054889103017082,261,1242,261,458712,146898,60089,47867,1.3607210344955352,0.24576797679254486
662,0.5055150749077935,37,137,37,458849,146761,60126,47830,1.3594519989625402,0.24579759598337025
663,0.505549879860554,18,98,18,458947,146663,60144,47812,1.35854422171996,0.24585165188327548
664,0.5055665941730567,251,1161,251,460108,145502,60395,47561,1.3477898403053095,0.24634963716507047
665,0.5055677341254489,68,274,68,460382,145228,60463,47493,1.3452517692393198,0.24643396412430404
666,0.5055785382496997,284,1134,284,461516,144094,60747,47209,1.3347474897180334,0.2467760568313095
667,0.5055905314848379,116,492,116,462008,143602,60863,47093,1.3301900774389566,0.24695456094811086
668,0.5055994094879335,28,140,28,462148,143462,60891,47065,1.328893252806699,0.24702535598629066
669,0.5056464788592445,20,142,20,462290,143320,60911,47045,1.3275779021082663,0.2471305124366349
670,0.5056606120022679,143,650,143,462940,142670,61054,46902,1.3215569306013562,0.24740995505665395
671,0.505715288339225,63,243,63,463183,142427,61117,46839,1.3193060135610803,0.247477095727706
672,0.5057550548283629,65,346,65,463529,142081,61182,46774,1.3161010041127867,0.24767149400333588
673,0.5057705320813674,37,145,37,463674,141936,61219,46737,1.3147578643150912,0.24771429934330827
674,0.5057785602460018,25,71,25,463745,141865,61244,46712,1.314100188965875,0.24770783287463477
675,0.505807477371029,21,80,21,463825,141785,61265,46691,1.3133591463188707,0.24772915384452132
676,0.5058219796561826,57,289,57,464114,141496,61322,46634,1.3106821297565674,0.24788178387285387
677,0.505822488522395,161,555,161,464669,140941,61483,46473,1.305541146392975,0.247969735451994
678,0.5058323677262132,62,333,62,465002,140608,61545,46411,1.3024565563748194,0.2481619514594774
679,0.5058442499891005,37,132,37,465134,140476,61582,46374,1.3012338360072622,0.2481883864062082
680,0.5059045606607346,62,377,62,465511,140099,61644,46312,1.2977416725332542,0.2484402744473234
681,0.5059205074150877,64,264,64,465775,139835,61708,46248,1.29529623179814,0.24853425621899905
682,0.5059698732384132,78,353,78,466128,139482,61786,46170,1.2920263811182333,0.2486910994764398
683,0.5060015781498809,46,249,46,466377,139233,61832,46124,1.2897198858794323,0.24883872742869165
684,0.5060667936044115,139,521,139,466898,138712,61971,45985,1.2848938456408165,0.24897534881454492
685,0.5060795434059139,130,558,130,467456,138154,62101,45855,1.2797250731779615,0.24919976740268138
686,0.5060883934612598,55,247,55,467703,137907,62156,45800,1.2774371040053356,0.24931004262221906
687,0.5060984948352352,136,543,136,468246,137364,62292,45664,1.2724072770387935,0.2494918810236685
688,0.5061563095225206,147,542,147,468788,136822,62439,45517,1.2673867131053391,0.2496284393355234
689,0.5061644589133394,17,104,17,468892,136718,62456,45500,1.2664233576642336,0.249700907703959
690,0.5062154855964524,23,131,23,469023,136587,62479,45477,1.2652099003297639,0.24978578961244396
691,0.5065722571456341,17,69,17,469092,136518,62496,45460,1.2645707510467228,0.24981041664377013
692,0.5066689606912156,20,111,20,469203,136407,62516,45440,1.2635425543740042,0.24988039395755773
693,0.5067011642416913,28,88,28,469291,136319,62544,45412,1.2627274074622994,0.24988582025081027
694,0.5069850905092576,0,2,0,469293,136317,62544,45412,1.2627088813961242,0.2498885703437536
695,0.5070266868407846,6,14,6,469307,136303,62550,45406,1.2625791989328985,0.24988305477439202
696,0.5070612411189603,24,138,24,469445,136165,62574,45382,1.261300900366816,0.24997383597635875
697,0.507247310027212,6,12,6,469457,136153,62580,45376,1.2611897439697655,0.24996557023946586
698,0.5073736604305334,1,3,1,469460,136150,62581,45375,1.2611619548705029,0.24996556948078777
699,0.5074152665376561,17,69,17,469529,136081,62598,45358,1.2605228055874615,0.2499903548851129
700,0.5076358782381037,22,85,22,469614,135996,62620,45336,1.2597354477750196,0.25001654423929587
701,0.5076380956253066,2,7,2,469621,135989,62622,45334,1.2596706065434067,0.2500179238155115
702,0.5077774061506354,30,160,30,469781,135829,62652,45304,1.258188521249398,0.25011455670695015
703,0.5077892785238407,6,26,6,469807,135803,62658,45298,1.2579476823891216,0.2501256205101021
704,0.5077932425994758,5,27,5,469834,135776,62663,45293,1.2576975804957575,0.2501422109803445
705,0.507915573404936,0,1,0,469835,135775,62663,45293,1.25768831746267,0.2501435924625003
706,0.5079202971089181,7,21,7,469856,135754,62670,45286,1.2574937937678314,0.250143614670791
707,0.5079350282779775,42,161,42,470017,135593,62712,45244,1.256002445440735,0.2501921620022451
708,0.5079782250460141,23,97,23,470114,135496,62735,45221,1.2551039312312424,0.25023102419805554
709,0.5081108013058643,3,30,3,470144,135466,62738,45218,1.2548260402386158,0.25026012264505987
710,0.5081409202953455,2,28,2,470172,135438,62740,45216,1.2545666753121643,0.25029061078082965
711,0.5081777929228903,5,11,5,470183,135427,62745,45211,1.254464781948201,0.25028510058791614
712,0.5081988351333292,30,140,30,470323,135287,62775,45181,1.2531679573159435,0.2503546335084336
713,0.5082323006352164,102,497,102,470820,134790,62877,45079,1.248564229871429,0.2506212854911074
714,0.5082441727184893,42,241,42,471061,134549,62919,45037,1.2463318388973286,0.25078235497199114
715,0.5082775144487108,23,89,23,471150,134460,62942,45014,1.2455074289525363,0.2508107023858609
716,0.508277650722649,5,28,5,471178,134432,62947,45009,1.2452480640260848,0.2508289632804097
717,0.5082821586046442,12,48,12,471226,134384,62959,44997,1.244803438437882,0.25084596473428067
718,0.5082893757269046,3,23,3,471249,134361,62962,44994,1.2445903886768683,0.2508656017395668
719,0.5083041195346082,1,3,1,471252,134358,62963,44993,1.2445625995776057,0.25086562104476695
720,0.5083053577819849,0,3,0,471255,134355,62963,44993,1.2445348104783431,0.25086981733835895
721,0.5083088569392645,28,143,28,471398,134212,62991,44965,1.2432101967468228,0.25095296829392166
722,0.5083543448108678,29,153,29,471551,134059,63020,44936,1.241792952684427,0.251046118606665
723,0.5083667836414911,46,205,46,471756,133854,63066,44890,1.2398940309014783,0.25114129705053034
724,0.5084145232971622,105,416,105,472172,133438,63171,44785,1.236040609137056,0.251286309847775
725,0.5084474787110708,47,236,47,472408,133202,63218,44738,1.233854533328393,0.2514218275823311
726,0.5085215457320861,5,29,5,472437,133173,63223,44733,1.233585905368854,0.25144177262149675
727,0.5085283443019263,1,0,1,472437,133173,63224,44732,1.233585905368854,0.2514375649925522
728,0.508529468639712,30,156,30,472593,133017,63254,44702,1.2321408722071956,0.2515319127386492
729,0.5085663373421785,16,94,16,472687,132923,63270,44686,1.2312701470969654,0.25159761048145085
730,0.5085873807627491,66,268,66,472955,132655,63336,44620,1.2287876542295009,0.25169933718798476
731,0.5085902820936968,50,239,50,473194,132416,63386,44570,1.2265737893215753,0.2518278281898003
732,0.5086022904346559,20,96,20,473290,132320,63406,44550,1.2256845381451702,0.2518799117996268
733,0.508667092264117,40,151,40,473441,132169,63446,44510,1.2242858201489495,0.2519258089529599
734,0.5087323860194648,83,264,83,473705,131905,63529,44427,1.2218403794138353,0.25195086541297096
735,0.5087442462328872,20,113,20,473818,131792,63549,44407,1.2207936566749416,0.25202753704618075
736,0.5087659597477704,6,28,6,473846,131764,63555,44401,1.22053429174849,0.25204211960378053
737,0.5087780534434566,3,27,3,473873,131737,63558,44398,1.2202841898551262,0.25206801601044654
738,0.5088252769545971,74,316,74,474189,131421,63632,44324,1.217357071399459,0.2522063216592222
739,0.5088432472247304,56,290,56,474479,131131,63688,44268,1.2146707918040682,0.2523845631959133
740,0.508871763945787,27,135,27,474614,130996,63715,44241,1.2134202823372484,0.2524638061596581
741,0.508910987129372,15,83,15,474697,130913,63730,44226,1.2126514505909816,0.25251942742621575
742,0.5089363878356666,64,280,64,474977,130633,63794,44162,1.2100578013264662,0.25265024743270686
743,0.5089604598646265,38,246,38,475223,130387,63832,44124,1.207779095186928,0.25284366028502503
744,0.508987353180568,13,54,13,475277,130333,63845,44111,1.2072788914002002,0.2528662493407626
745,0.5090010333500323,8,53,8,475330,130280,63853,44103,1.2067879506465597,0.2529088271219098
746,0.5090085555457101,101,476,101,475806,129804,63954,44002,1.2023787468968838,0.2531673244882225
747,0.509071403191024,4,20,4,475826,129784,63958,43998,1.202193486235133,0.2531792705803823
748,0.5090817725438366,112,267,112,476093,129517,64070,43886,1.1997202564007559,0.25308674013713717
749,0.5090923740331021,31,114,31,476207,129403,64101,43855,1.1986642706287747,0.25311962506781793
750,0.5091292691138596,22,105,22,476312,129298,64123,43833,1.1976916521545815,0.2531782292021648
751,0.5091962800821495,54,280,54,476592,129018,64177,43779,1.1950980028900664,0.25335509297036407
752,0.5092043417383517,24,87,24,476679,128931,64201,43755,1.194292119011449,0.2533789652896008
753,0.5092081678632411,22,51,22,476730,128880,64223,43733,1.1938197043239838,0.25335866939338286
754,0.509231248190005,6,15,6,476745,128865,64229,43727,1.1936807588276706,0.25335473254843793
755,0.5092548757529387,8,20,8,476765,128845,64237,43719,1.1934954981659194,0.25334948193134144
756,0.5092575210462592,14,102,14,476867,128743,64251,43705,1.192550668790989,0.2534387177583967
757,0.5092603004670304,61,227,61,477094,128516,64312,43644,1.1904479602801141,0.25350836431226764
758,0.5093047560264521,162,505,162,477599,128011,64474,43482,1.1857701285708993,0.2535497075682389
759,0.5093270308666982,25,92,25,477691,127919,64499,43457,1.1849179295268442,0.25357693025861267
760,0.509349881644896,115,441,115,478132,127478,64614,43342,1.1808329319352329,0.25372907153729074
761,0.5093767542490496,65,322,65,478454,127156,64679,43277,1.1778502352810405,0.2539238293053575
762,0.5094201454497067,26,82,26,478536,127074,64705,43251,1.1770906665678609,0.25393218846323207
763,0.5094599277437867,32,145,32,478681,126929,64737,43219,1.1757475267701656,0.25400827514869406
764,0.5094804974520846,60,271,60,478952,126658,64797,43159,1.1732372448034385,0.25415005564813886
765,0.5094808975882884,86,293,86,479245,126365,64883,43073,1.170523176108785,0.2542109798274295
766,0.5094925391112755,43,150,43,479395,126215,64926,43030,1.1691337211456518,0.25424680197347044
767,0.5094974507366213,167,506,167,479901,125709,65093,42863,1.1644466264033495,0.25427117196212895
768,0.5095177881620752,78,317,78,480218,125392,65171,42785,1.1615102449145949,0.25440458564488605
769,0.5095937633635641,78,306,78,480524,125086,65249,42707,1.1586757567898032,0.2545219407245833
770,0.5096206491143047,44,175,44,480699,124911,65293,42663,1.1570547259994812,0.25459200114576247
771,0.5096511388217515,137,531,137,481230,124380,65430,42526,1.15213605542999,0.2547901213856901
772,0.5096630273202918,63,252,63,481482,124128,65493,42463,1.1498017710919264,0.25489372174967434
773,0.5096682854876249,4,14,4,481496,124114,65497,42459,1.1496720886287006,0.25489725225576776
774,0.50967012993091,67,293,67,481789,123821,65564,42392,1.1469580199340472,0.25504623585399455
775,0.5096963883802251,42,153,42,481942,123668,65606,42350,1.1455407758716514,0.25509282126034527
776,0.509708265066305,8,24,8,481966,123644,65614,42342,1.1453184630775501,0.255093803091827
777,0.5098159332805607,39,140,39,482106,123504,65653,42303,1.1440216384452926,0.2551339810743817
778,0.5099090545743026,40,98,40,482204,123406,65693,42263,1.1431138612027123,0.2551050588824705
779,0.5099140118046352,37,119,37,482323,123287,65730,42226,1.1420115602652932,0.2551219541667422
780,0.5099720052731265,92,349,92,482672,122938,65822,42134,1.138778761717737,0.25524619559949596
781,0.5099811884673298,95,287,95,482959,122651,65917,42039,1.1361202712216087,0.2552614002064485
782,0.5100228080136325,37,109,37,483068,122542,65954,42002,1.1351106006150653,0.255263029949436
783,0.5100595069936037,164,588,164,483656,121954,66118,41838,1.1296639371595836,0.2554337208166455
784,0.510147736404647,34,119,34,483775,121835,66152,41804,1.1285616362221647,0.255464773067545
785,0.5101512242060001,108,352,108,484127,121483,66260,41696,1.1253010485753454,0.2555230758859902
786,0.5101631008346896,37,110,37,484237,121373,66297,41659,1.1242821149357145,0.2555265224005103
787,0.5103033887122718,110,323,110,484560,121050,66407,41549,1.1212901552484345,0.2555304768172006
788,0.5103818044551824,2,2,2,484562,121048,66409,41547,1.1212716291822595,0.25552446262185186
789,0.5104113049876146,111,310,111,484872,120738,66520,41436,1.1184000889251176,0.25550334825557736
790,0.5104700836582411,97,352,97,485224,120386,66617,41339,1.1151395012782985,0.2556129231720513
791,0.5105338621401765,48,185,48,485409,120201,66665,41291,1.113425840157101,0.2556844921110643
792,0.5106023681902744,0,3,0,485412,120198,66665,41291,1.1133980510578383,0.2556892419917146
793,0.5106439810084262,31,111,31,485523,120087,66696,41260,1.11236985438512,0.255722139240271
794,0.5106950869175648,2,4,2,485527,120083,66698,41258,1.1123328022527696,0.25571925301070403
795,0.5108645447435182,32,99,32,485626,119984,66730,41226,1.1114157619771017,0.255728552819304
796,0.5109919670998243,54,196,54,485822,119788,66784,41172,1.109600207491941,0.2557902584493042
797,0.5110338443009731,31,103,31,485925,119685,66815,41141,1.108646115083923,0.25581062763483514
798,0.5113621892614234,1,2,1,485927,119683,66816,41140,1.108627589017748,0.2558091815225434
799,0.5113729577345325,360,1395,360,487322,118288,67176,40780,1.09570565786061,0.2563683456131969
800,0.5115325844645189,0,4,0,487326,118284,67176,40780,1.0956686057282596,0.25637479253633755
801,0.5115373286522187,60,149,60,487475,118135,67236,40720,1.094288413798214,0.25633439299990557
802,0.5115992909139866,53,196,53,487671,117939,67289,40667,1.0924728593130535,0.25640265815921215
803,0.5116167637127113,250,851,250,488522,117088,67539,40417,1.0845900181555448,0.2566077267388337
804,0.5116355722734072,61,215,61,488737,116873,67600,40356,1.0825984660417207,0.25667020715008043
805,0.5116590694436829,27,88,27,488825,116785,67627,40329,1.081783319130016,0.25668622783456596
806,0.5116825210248769,10,13,10,488838,116772,67637,40319,1.0816628996998778,0.25666015239574513
807,0.5117345356086479,375,1441,375,490279,115331,68012,39944,1.068314869020712,0.25724682015778455
808,0.5117578923873107,54,179,54,490458,115152,68066,39890,1.06665678609804,0.25728512274093474
809,0.5117947610177627,44,103,44,490561,115049,68110,39846,1.0657026936900218,0.25724523064011107
810,0.5118431341235834,44,114,44,490675,114935,68154,39802,1.0646467079180406,0.2572235470508023
811,0.5118819872935847,108,295,108,490970,114640,68262,39694,1.0619141131572123,0.25719543328106576
812,0.5119030726420872,7,27,7,490997,114613,68269,39687,1.0616640112638482,0.25720674011665584
813,0.511948987767104,351,1483,351,492480,113130,68620,39336,1.0479269331950054,0.2579985045846287
814,0.5119524329486214,109,287,109,492767,112843,68729,39227,1.0452684426988774,0.25795357401196817
815,0.5120336002374246,369,1437,369,494204,111406,69098,38858,1.031957464152062,0.2585982005004525
816,0.5120709688171321,25,89,25,494293,111317,69123,38833,1.0311330542072696,0.2586280386280386
817,0.5120823389537554,417,1051,417,495344,110266,69540,38416,1.02139760643225,0.25837693870138956
818,0.5120956591395152,57,208,57,495552,110058,69597,38359,1.019470895550039,0.258454220203885
819,0.5121075204377188,12,37,12,495589,110021,69609,38347,1.0191281633257994,0.25845869729321685
820,0.5121243581199769,82,315,82,495904,109706,69691,38265,1.0162103079032199,0.2585979685208588
821,0.5121793008032162,151,652,151,496556,109054,69842,38114,1.0101708103301346,0.2589829310719722
822,0.5122232593768674,353,1078,353,497634,107976,70195,37761,1.0001852606617512,0.2591037279482904
823,0.5122915023337999,34,108,34,497742,107868,70229,37727,0.9991848530882952,0.2591229094405714
824,0.5122928387196117,16,50,16,497792,107818,70245,37711,0.9987217014339175,0.2591304825842272
825,0.5123087926260036,86,303,86,498095,107515,70331,37625,0.9959150024083886,0.259232465206008
826,0.5123261449319342,221,604,221,498699,106911,70552,37404,0.9903201304235059,0.2591830371063299
827,0.5123998144147677,186,804,186,499503,106107,70738,37218,0.9828726518211123,0.2596755625327054
828,0.5124355112473523,59,201,59,499704,105906,70797,37159,0.981010782170514,0.25973508545066926
829,0.5124477529210214,786,2809,786,502513,103097,71583,36373,0.9549909222275742,0.2607944360794436
830,0.51244888484239,252,797,252,503310,102300,71835,36121,0.9476082848567935,0.26095028933471076
831,0.512452415109418,64,138,64,503448,102162,71899,36057,0.9463299862907111,0.2608686215353895
832,0.5124556601629896,317,1425,317,504873,100737,72216,35740,0.9331301641409463,0.26187562739509224
833,0.5125490896374433,62,171,62,505044,100566,72278,35678,0.9315461854829745,0.2618684125539473
834,0.5125526358356003,47,164,47,505208,100402,72325,35631,0.9300270480566156,0.26192909073533627
835,0.5125757761193086,10,25,10,505233,100377,72335,35621,0.9297954722294268,0.26192296945543314
836,0.5125955660598375,31,135,31,505368,100242,72366,35590,0.928544962762607,0.2620148418634784
837,0.5126074105185999,5,22,5,505390,100220,72371,35585,0.9283411760346808,0.2620301167114613
838,0.5126079861015048,43,112,43,505502,100108,72414,35542,0.9273037163288748,0.2620125322521194
839,0.5126112091578335,12,51,12,505553,100057,72426,35530,0.9268313016414095,0.26204577134976065
840,0.5126756697331405,13,38,13,505591,100019,72439,35517,0.9264793063840824,0.26204845944988786
841,0.5126761737745411,425,1498,425,507089,98521,72864,35092,0.9126032828189262,0.26263911445742555
842,0.5126881086615552,62,163,62,507252,98358,72926,35030,0.9110934084256549,0.26261732689597267
843,0.5127005876795008,262,820,262,508072,97538,73188,34768,0.9034977212938604,0.2627847565492117
844,0.5127068242199222,271,815,271,508887,96723,73459,34497,0.8959483493275038,0.2628943758573388
845,0.5127690728734592,811,2915,811,511802,93808,74270,33686,0.8689466078772833,0.26421635527946413
846,0.51278158534391,17,43,17,511845,93765,74287,33669,0.8685482974545186,0.26420735439521637
847,0.5127839245734395,781,2875,781,514720,90890,75068,32888,0.8419170773278002,0.2657014978429123
848,0.512796327736519,14,23,14,514743,90867,75082,32874,0.8417040275667864,0.2656678061434771
849,0.5128331946323059,9,14,9,514757,90853,75091,32865,0.8415743451035607,0.26564444947380333
850,0.5128537248130636,55,201,55,514958,90652,75146,32810,0.8397124754529623,0.26574978535905786
851,0.5129194658795342,11,26,11,514984,90626,75157,32799,0.8394716365926859,0.2657403281344946
852,0.5129234904059027,368,1098,368,516082,89528,75525,32431,0.8293008262625514,0.26591723448044013
853,0.5129476499963075,503,1631,503,517713,87897,76028,31928,0.8141928192967506,0.26645524723555186
854,0.5129641921364682,40,117,40,517830,87780,76068,31888,0.8131090444255067,0.2664705685730521
855,0.5129967112176965,776,2956,776,520786,84824,76844,31112,0.7857275186186965,0.2683549544576318
856,0.5130649736959548,46,193,46,520979,84631,76890,31066,0.7839397532327985,0.26851171594769097
857,0.5130724776163108,140,477,140,521456,84154,77030,30926,0.7795212864500352,0.26873479318734794
858,0.5130967719480746,63,164,63,521620,83990,77093,30863,0.7780021490236763,0.26871740398596466
859,0.5131025157210577,30,119,30,521739,83871,77123,30833,0.7768998480862573,0.26880492397823963
860,0.5131847256531362,48,154,48,521893,83717,77171,30785,0.775473340990774,0.2688599325775969
861,0.5131955479881416,202,659,202,522552,83058,77373,30583,0.7693690021860758,0.26911941992766697
862,0.5132215872702095,46,144,46,522696,82914,77419,30537,0.768035125421468,0.26916466139566864
863,0.5132405171958753,475,1627,475,524323,81287,77894,30062,0.7529641705880173,0.2699799728780681
864,0.5132651745605028,5,16,5,524339,81271,77899,30057,0.7528159620586165,0.26998598735268753
865,0.5132726483416589,707,2175,707,526514,79096,78606,29350,0.7326688650931861,0.27064160964904194
866,0.5132781988170791,7,27,7,526541,79069,78613,29343,0.7324187631998221,0.270661919344722
867,0.5132929912278623,197,566,197,527107,78503,78810,29146,0.7271758864722665,0.27075030887421153
868,0.5133087696295997,35,146,35,527253,78357,78845,29111,0.7258234836414835,0.2708806342353072
869,0.5133254451653897,61,243,61,527496,78114,78906,29050,0.723572566601208,0.27107984024485837
870,0.5133298798144925,265,869,265,528365,77245,79171,28785,0.7155229908481233,0.27147976987645006
871,0.5133424512580123,80,234,80,528599,77011,79251,28705,0.7133554411056356,0.2715293806046388
872,0.5133488369760842,348,1009,348,529608,76002,79599,28357,0.7040090407202935,0.27172548606253416
873,0.5133673081135556,346,1150,346,530758,74852,79945,28011,0.6933565526696062,0.27231365991658807
874,0.5133851357975945,19,60,19,530818,74792,79964,27992,0.6928007706843529,0.2723381070983811
875,0.5134360603155355,489,1651,489,532469,73141,80453,27503,0.677507503056801,0.2732701402964906
876,0.513501118397465,15,53,15,532522,73088,80468,27488,0.6770165623031605,0.27330575882914415
877,0.5135140114637988,78,285,78,532807,72803,80546,27410,0.6743765978732076,0.273517407921128
878,0.513525896088123,19,52,19,532859,72751,80565,27391,0.6738949201526547,0.27352159932895287
879,0.5135693505876358,423,1088,423,533947,71663,80988,26968,0.6638167401533959,0.2734231631028784
880,0.513590477847979,190,634,190,534581,71029,81178,26778,0.6579439771758865,0.2737840849836924
881,0.5136062391742661,472,1540,472,536121,69489,81650,26306,0.6436789062210531,0.274607234198027
882,0.5136289319439882,10,29,10,536150,69460,81660,26296,0.643410278261514,0.2746146455574585
883,0.5136589630419374,689,2148,689,538298,67312,82349,25607,0.6235132831894475,0.2755841108922825
884,0.5137060924369194,745,2080,745,540378,65232,83094,24862,0.6042461743673349,0.2759562234999001
885,0.5137264497267378,8,15,8,540393,65217,83102,24854,0.6041072288710215,0.2759378712349147
886,0.513753921184801,13,21,13,540414,65196,83115,24841,0.6039127051761829,0.27589768650665836
887,0.5137562131847137,497,1588,497,542002,63608,83612,24344,0.5892030086331468,0.27678733854829907
888,0.5137743773172104,92,288,92,542290,63320,83704,24252,0.5865352551039312,0.2769378340108711
889,0.513826013472036,27,147,27,542437,63173,83731,24225,0.5851735892400608,0.27718025584109474
890,0.513866073267473,674,2127,674,544564,61046,84405,23551,0.565471117862833,0.2783904866602835
891,0.5138672051888417,202,616,202,545180,60430,84607,23349,0.5597650894808996,0.27869752563291517
892,0.5139498984150982,429,1095,429,546275,59335,85036,22920,0.5496220682500278,0.2786456750349523
893,0.5139924496390952,52,166,52,546441,59169,85088,22868,0.5480844047574938,0.2787522703170521
894,0.5140139183841211,49,154,49,546595,59015,85137,22819,0.5466578976620105,0.2788449788596427
895,0.5140181732508553,54,164,54,546759,58851,85191,22765,0.5451387602356516,0.27892815134287396
896,0.5140257861690042,15,19,15,546778,58832,85206,22750,0.5449627626069881,0.2788605329607021
897,0.5140852826352579,0,2,0,546780,58830,85206,22750,0.5449442365408129,0.2788673694532974
898,0.5141148105895457,42,152,42,546932,58678,85248,22708,0.5435362555115046,0.2790160469859681
899,0.5141681080567106,15,20,15,546952,58658,85263,22693,0.5433509948497536,0.27895170311366796
900,0.5142230566275872,222,639,222,547591,58019,85485,22471,0.5374319167068065,0.27917753758230834
901,0.514244936952933,402,1127,402,548718,56892,85887,22069,0.5269924784171329,0.27949240764428007
902,0.5143057713945979,2,1,2,548719,56891,85889,22067,0.5269832153840454,0.2794776970034702
903,0.514314739916985,41,164,41,548883,56727,85930,22026,0.5254640779576865,0.2796845834444402
904,0.5143259504840135,395,1071,395,549954,55656,86325,21631,0.515543369520916,0.27987889295741847
905,0.514347389638157,17,69,17,550023,55587,86342,21614,0.5149042202378747,0.27997046670379916
906,0.5143659703427591,425,1043,425,551066,54544,86767,21189,0.5052428767275556,0.27978556243645436
907,0.5143964164972458,41,151,41,551217,54393,86808,21148,0.503844158731335,0.279953932301664
908,0.5144994159873606,432,1072,432,552289,53321,87240,20716,0.4939141872614769,0.2798060429244837
909,0.514567878397497,25,74,25,552363,53247,87265,20691,0.4932287228129979,0.2798425708025643
910,0.5147152205629986,0,7,0,552370,53240,87265,20691,0.493163881581385,0.27986906710310966
911,0.514851032773268,79,213,79,552583,53027,87344,20612,0.491190855533736,0.2799060280557857
912,0.5148961819135933,29,87,29,552670,52940,87373,20583,0.49038497165511874,0.27995321192007944
913,0.5150119911681554,42,141,42,552811,52799,87415,20541,0.4890788839897736,0.28007908371966184
914,0.5150873421618586,128,428,128,553239,52371,87543,20413,0.4851143058283004,0.28045999120685866
915,0.5152355992575651,0,2,0,553241,52369,87543,20413,0.4850957797621253,0.28046769805721194
916,0.5152403821899029,39,114,39,553355,52255,87582,20374,0.48403979399014413,0.2805215547508571
917,0.5152983216943887,30,105,30,553460,52150,87612,20344,0.48306717551595096,0.28063012111347146
918,0.5153135475670105,41,138,41,553598,52012,87653,20303,0.48178887694986844,0.28075779575468435
919,0.5153310382317938,99,294,99,553892,51718,87752,20204,0.4790655452221275,0.28091543616695863
920,0.5153507577151157,50,144,50,554036,51574,87802,20154,0.47773166845751974,0.2809781396386348
921,0.5154608709492428,64,179,64,554215,51395,87866,20090,0.4760735855348475,0.2810379799958033
922,0.5154797546360721,36,154,36,554369,51241,87902,20054,0.4746470784393642,0.28128199733501646
923,0.5154911581571106,70,221,70,554590,51020,87972,19984,0.4725999481270147,0.2814489324545096
924,0.5154977062604642,29,86,29,554676,50934,88001,19955,0.47180332728148505,0.28149642398679625
925,0.5155187851165988,40,120,40,554796,50814,88041,19915,0.47069176331097856,0.28156767379716946
926,0.5155572918663622,31,89,31,554885,50725,88072,19884,0.46986735336618624,0.2816071605602685
927,0.5155786854449456,122,408,122,555293,50317,88194,19762,0.46608803586646413,0.2819960330484168
928,0.5156787922041053,28,82,28,555375,50235,88222,19734,0.4653284671532847,0.2820391887836042
929,0.51579642388267,120,312,120,555687,49923,88342,19614,0.4624384008299678,0.2820656628845075
930,0.5158109610370609,138,414,138,556101,49509,88480,19476,0.4586035051317203,0.2823222439660796
931,0.5158143986953918,95,283,95,556384,49226,88575,19381,0.4559820667679425,0.28249304006879766
932,0.5158821197777791,36,192,36,556576,49034,88611,19345,0.4542035644151321,0.28290849529826406
933,0.5159016314208429,81,288,81,556864,48746,88692,19264,0.4515358108859165,0.2832524628731069
934,0.5159683300977156,104,287,104,557151,48459,88796,19160,0.44887732038978845,0.2833523122199382
935,0.5159958891229804,73,225,73,557376,48234,88869,19087,0.44679313794508874,0.28352222931923177
936,0.5160227848437491,86,297,86,557673,47937,88955,19001,0.44404201711808516,0.2838596910573964
937,0.5160401199526051,67,176,67,557849,47761,89022,18934,0.4424117232946756,0.2838893470275133
938,0.5160531812340448,105,431,105,558280,47330,89127,18829,0.4384193560339398,0.2846022461040826
939,0.5160671790188696,114,293,114,558573,47037,89241,18715,0.4357052873392864,0.2846301253193819
940,0.5161025443721353,67,239,67,558812,46798,89308,18648,0.4334914224313609,0.284937200134462
941,0.5161334941817249,70,219,70,559031,46579,89378,18578,0.43146281818518656,0.28512669398529705
942,0.5161579356171575,54,149,54,559180,46430,89432,18524,0.430082626255141,0.28518643963420265
943,0.5161583607288769,138,446,138,559626,45984,89570,18386,0.4259513134980918,0.28562995184091966
944,0.5161911776765653,53,118,53,559744,45866,89623,18333,0.42485827559376044,0.2855651957195595
945,0.5162396117844369,45,135,45,559879,45731,89668,18288,0.4236077661269406,0.28566519314578487
946,0.5162665291431008,55,164,55,560043,45567,89723,18233,0.4220886287005817,0.28578369905956114
947,0.5162689528426846,109,241,109,560284,45326,89832,18124,0.4198562377264812,0.2856422379826635
948,0.5163095094468472,327,999,327,561283,44327,90159,17797,0.4106024676720145,0.28647543622432553
949,0.5163106151705119,102,256,102,561539,44071,90261,17695,0.40823113120160065,0.28648447365864715
950,0.5163141641117395,45,153,45,561692,43918,90306,17650,0.40681388713920486,0.28667489604989604
951,0.516378785323233,188,465,188,562157,43453,90494,17462,0.40250657675349216,0.2866617417713207
952,0.5163807690436863,139,278,139,562435,43175,90633,17323,0.3999314535551521,0.2863400442989851
953,0.51639069881221,47,147,47,562582,43028,90680,17276,0.39856978769128165,0.28648182541788275
954,0.5164116410987755,73,134,73,562716,42894,90753,17203,0.39732854125754935,0.28625388954523523
955,0.5164485229451072,47,145,47,562861,42749,90800,17156,0.395985401459854,0.28638677906685583
956,0.5164517484935162,30,76,30,562937,42673,90830,17126,0.3952814109451999,0.2863927490426261
957,0.5165505169214013,89,262,89,563199,42411,90919,17037,0.3928544962762607,0.2865865966895438
958,0.5165684324567928,58,160,58,563359,42251,90977,16979,0.391372410982252,0.2866621644436941
959,0.5166220569315035,100,297,100,563656,41954,91077,16879,0.38862129015524843,0.2868968096136522
960,0.5166276109095407,331,1019,331,564675,40935,91408,16548,0.3791822594390307,0.28787641563592714
961,0.5167050635920545,109,258,109,564933,40677,91517,16439,0.37679239690244176,0.28781777435394634
962,0.5167103933619348,289,935,289,565868,39742,91806,16150,0.3681314609655786,0.28895011808487797
963,0.516719830477135,80,277,80,566145,39465,91886,16070,0.3655656008003261,0.2893670658143513
964,0.5167686777845322,71,158,71,566303,39307,91957,15999,0.3641020415724925,0.2892814522836582
965,0.5167748906650182,43,108,43,566411,39199,92000,15956,0.36310163399903667,0.28929380835826307
966,0.5167882936470207,323,936,323,567347,38263,92323,15633,0.3544314350290859,0.29005863143832566
967,0.5168091635802983,189,579,189,567926,37684,92512,15444,0.34906813887139204,0.29069417256437285
968,0.5169403239551597,29,174,29,568100,37510,92541,15415,0.3474563711141576,0.29126121870571564
969,0.5169426500857172,121,304,121,568404,37206,92662,15294,0.34464040905554116,0.2913142857142857
970,0.516948786253511,81,163,81,568567,37043,92743,15213,0.34313053466226984,0.2911244641763625
971,0.5169540894318699,239,584,239,569151,36459,92982,14974,0.33772092333913817,0.2911360410631307
972,0.5169953152593744,61,167,61,569318,36292,93043,14913,0.3361739968135166,0.2912410897373303
973,0.5170321771135591,98,253,98,569571,36039,93141,14815,0.3338304494423654,0.29132418295512647
974,0.5170390104953253,80,147,80,569718,35892,93221,14735,0.33246878357849496,0.29105023011436587
975,0.5170475465037333,67,155,67,569873,35737,93288,14668,0.33103301344992403,0.2910028766987402
976,0.5170511316161159,111,299,111,570172,35438,93399,14557,0.3282633665567453,0.2911691169116912
977,0.5171053944068387,49,134,49,570306,35304,93448,14508,0.32702212012301307,0.2912551192483739
978,0.5171161044834648,297,707,297,571013,34597,93745,14211,0.32047315573011226,0.29116128503524014
979,0.5172286129484797,127,318,127,571331,34279,93872,14084,0.31752751120827005,0.291214358083659
980,0.5172715562104722,159,423,159,571754,33856,94031,13925,0.3136092482122346,0.2914338335321571
981,0.5173084180646569,199,530,199,572284,33326,94230,13726,0.3086998406758309,0.2917197993709088
982,0.5173413789272839,64,161,64,572445,33165,94294,13662,0.30720849234873465,0.2917547568710359
983,0.5174194750827461,267,707,267,573152,32458,94561,13395,0.30065952795583384,0.29212919547248817
984,0.517454942890111,200,522,200,573674,31936,94761,13195,0.29582422468413055,0.2923710974718043
985,0.5175939571566174,67,168,67,573842,31768,94828,13128,0.2942680351254215,0.29240912330719887
986,0.5175994423859964,182,582,182,574424,31186,95010,12946,0.2888769498684649,0.2933472310341702
987,0.5176092993288073,73,161,73,574585,31025,95083,12873,0.2873856015413687,0.2932479839628229
988,0.5176631711526813,163,378,163,574963,30647,95246,12710,0.2838841750342732,0.2931475886246742
989,0.5176777624986932,311,768,311,575731,29879,95557,12399,0.2767701656230316,0.293273097119069
990,0.5177271613582659,268,740,268,576471,29139,95825,12131,0.2699155211382415,0.2939423309910347
991,0.5177282670819306,63,187,63,576658,28952,95888,12068,0.26818333395086885,0.29419795221843004
992,0.5179249480007981,80,164,80,576822,28788,95968,11988,0.26666419652451,0.29399646851088873
993,0.5180879359599204,182,417,182,577239,28371,96150,11806,0.2628015117269999,0.293849715011076
994,0.5182011889518959,178,408,178,577647,27963,96328,11628,0.2590221942272778,0.2937031143441691
995,0.5182268154917169,157,401,157,578048,27562,96485,11471,0.25530771795916857,0.2938795378269669
996,0.5183444117417833,163,414,163,578462,27148,96648,11308,0.2514728222609211,0.2940503432494279
997,0.5187116365586295,65,208,65,578670,26940,96713,11243,0.24954611137870986,0.294450409868266
998,0.5189996924757174,28,101,28,578771,26839,96741,11215,0.24861054503686686,0.29471277658064854
999,0.5192110733123844,42,117,42,578888,26722,96783,11173,0.24752677016562302,0.29484100804855523
1000,0.5192200549826188,34,117,34,579005,26605,96817,11139,0.24644299529437919,0.29511975413310726
1001,0.5195089633111036,65,194,65,579199,26411,96882,11074,0.24464596687539367,0.2954248366013072
1002,0.519708088888625,51,171,51,579370,26240,96933,11023,0.24306198821742192,0.29581622520999384
1003,0.5198920612165199,46,103,46,579473,26137,96979,10977,0.24210789580940384,0.2957644015735302
1004,0.5199516807292561,47,110,47,579583,26027,97026,10930,0.24108896216977288,0.2957491138349974
1005,0.5199754874813591,72,197,72,579780,25830,97098,10858,0.2392641446515247,0.29595508068033144
1006,0.5200785095331237,30,145,30,579925,25685,97128,10828,0.23792100485382933,0.2965519130172815
1007,0.5201124237234211,58,142,58,580067,25543,97186,10770,0.23660565415539664,0.2965879987883127
1008,0.5201287798938184,94,223,94,580290,25320,97280,10676,0.23453999777687207,0.29658850983442603
1009,0.5201492790185472,38,107,38,580397,25213,97318,10638,0.23354885323650376,0.296728124738501
1010,0.5201753454521157,38,118,38,580515,25095,97356,10600,0.23245581533217236,0.29696035859364056
1011,0.5202988047619382,41,143,41,580658,24952,97397,10559,0.23113120160065212,0.29734448480752446
1012,0.5203895062479515,189,543,189,581201,24409,97586,10370,0.2261013746341102,0.2981684349751287
1013,0.520398077864661,96,253,96,581454,24156,97682,10274,0.22375782726295898,0.29840255591054315
1014,0.520401352205645,81,280,81,581734,23876,97763,10193,0.22116417799844382,0.2991869441427691
1015,0.5204169131794354,90,262,90,581996,23614,97853,10103,0.2187372633295046,0.29964113058694425
1016,0.5204528379995017,85,281,85,582277,23333,97938,10018,0.21613435103190187,0.3003807981769662
1017,0.5204637761069904,112,288,112,582565,23045,98050,9906,0.2134665975026863,0.30062820551728325
1018,0.5204665458086104,74,230,74,582795,22815,98124,9832,0.2113360998925488,0.301160902992618
1019,0.5205996551588855,187,515,187,583310,22300,98311,9645,0.2065656378524584,0.301925183909845
1020,0.5206282166475733,55,133,55,583443,22167,98366,9590,0.2053336544518137,0.30198066568000753
1021,0.5206605050200666,66,144,66,583587,22023,98432,9524,0.2039997776872059,0.30189875423970586
1022,0.5206868092005899,99,261,99,583848,21762,98531,9425,0.20158212605135425,0.30220925385577324
1023,0.5207751665773381,88,298,88,584146,21464,98619,9337,0.1988217421912631,0.30313950845751764
1024,0.52079712393988,100,277,100,584423,21187,98719,9237,0.1962558820260106,0.3036089929003418
1025,0.520888866053034,138,335,138,584758,20852,98857,9099,0.19315276594167993,0.30379620046075256
1026,0.5209006855393696,47,152,47,584910,20700,98904,9052,0.1917447849123717,0.3042484538854531
1027,0.5209410361696439,79,223,79,585133,20477,98983,8973,0.18967912853384714,0.3046859083191851
1028,0.5209468334731078,38,106,38,585239,20371,99021,8935,0.18869724702656637,0.3048863713915239
1029,0.5209707628358254,40,106,40,585345,20265,99061,8895,0.18771536551928564,0.30504115226337447
1030,0.5210131153215143,197,524,197,585869,19741,99258,8698,0.18286153618140724,0.30584760364288477
1031,0.5210406485246345,49,160,49,586029,19581,99307,8649,0.18137945088739857,0.3063761955366631
1032,0.5210416477593496,49,135,49,586164,19446,99356,8600,0.18012894142057875,0.3066390929187763
1033,0.5210644600056729,50,139,50,586303,19307,99406,8550,0.1788413798214087,0.30692465089564563
1034,0.5211860232954856,178,526,178,586829,18781,99584,8372,0.1739690244173552,0.3083268883732921
1035,0.52119105806464,36,112,36,586941,18669,99620,8336,0.17293156471154916,0.308683577115349
1036,0.5212278713077716,54,147,54,587088,18522,99674,8282,0.17156989884767868,0.30898373377107896
1037,0.5212659038069204,122,321,122,587409,18201,99796,8160,0.1685964652265738,0.30954819619893026
1038,0.5213587466197656,78,176,78,587585,18025,99874,8082,0.16696617140316425,0.3095721454016164
1039,0.5214240826870286,50,158,50,587743,17867,99924,8032,0.1655026121753307,0.3101278041623229
1040,0.5214295475451656,116,355,116,588098,17512,100040,7916,0.16221423542924895,0.3113103665250905
1041,0.521435122098739,51,142,51,588240,17370,100091,7865,0.16089888473081626,0.3116702991876362
1042,0.5214413914218297,38,152,38,588392,17218,100129,7827,0.15949090370150804,0.3125174685565981
1043,0.5214885916557315,160,343,160,588735,16875,100289,7667,0.15631368335247695,0.31240322712085405
1044,0.5215012800261273,165,320,165,589055,16555,100454,7502,0.1533495127644596,0.3118427069044353
1045,0.5215058133676713,91,207,91,589262,16348,100545,7411,0.15143206491533587,0.3119239025211499
1046,0.521579010011745,114,203,114,589465,16145,100659,7297,0.1495516691985624,0.31127890111765205
1047,0.5216158153566558,120,303,120,589768,15842,100779,7177,0.14674497017303345,0.31178591598244926
1048,0.5216640638590725,90,209,90,589977,15633,100869,7087,0.14480899625773463,0.3119278169014085
1049,0.5217493379524258,40,84,40,590061,15549,100909,7047,0.14403090147838007,0.3118693574083909
1050,0.5218062490514334,143,371,143,590432,15178,101052,6904,0.14059431620289747,0.3126528394167195
1051,0.5218181346021545,88,210,88,590642,14968,101140,6816,0.1386490792545111,0.3128901946382666
1052,0.5218946083062789,158,357,158,590999,14611,101298,6658,0.13534217644225424,0.31303775447834875
1053,0.5219122808571708,39,100,39,591099,14511,101337,6619,0.13441587313349884,0.3132513014671084
1054,0.5219842835161603,120,332,120,591431,14179,101457,6499,0.13134054614843085,0.3142953864010059
1055,0.5221201246104734,41,109,41,591540,14070,101498,6458,0.13033087554188744,0.3145946999220577
1056,0.522138132555959,102,220,102,591760,13850,101600,6356,0.12829300826262552,0.3145600316737603
1057,0.5221548403037664,97,217,97,591977,13633,101697,6259,0.12628293008262625,0.3146491051679067
1058,0.5223056088565158,93,178,93,592155,13455,101790,6166,0.1246341101930416,0.31425513480454614
1059,0.5223174679358793,43,98,43,592253,13357,101833,6123,0.1237263329504613,0.3143223819301848
1060,0.5223302887035641,53,102,53,592355,13255,101886,6070,0.12278150357553078,0.31410090556274256
1061,0.5224724482207732,90,217,90,592572,13038,101976,5980,0.12077142539553151,0.31443895257124826
1062,0.522508016167811,83,191,83,592763,12847,102059,5897,0.11900218607580866,0.31460734101579174
1063,0.5237771109280904,11,20,11,592783,12827,102070,5886,0.11881692541405758,0.3145406936354406
1064,0.5239972735842537,9,36,9,592819,12791,102079,5877,0.11848345622290563,0.31481679880008573
1065,0.524164898544323,30,119,30,592938,12672,102109,5847,0.11738115528548668,0.31572979102543336
1066,0.5242467667634706,81,248,81,593186,12424,102190,5766,0.11508392307977323,0.3169873556899395
1067,0.5242585955532485,30,59,30,593245,12365,102220,5736,0.11453740412760754,0.3168885696922822
1068,0.5242921559315565,30,61,30,593306,12304,102250,5706,0.11397235910926674,0.31682398667406997
1069,0.5243850242627908,45,152,45,593458,12152,102295,5661,0.1125643780799585,0.31780160556896647
1070,0.5245064375086052,25,61,25,593519,12091,102320,5636,0.11199933306161769,0.3179330964066114
1071,0.5246141626847891,95,229,95,593748,11862,102415,5541,0.10987809848456778,0.3183933804516463
1072,0.5246687576540021,5,25,5,593773,11837,102420,5536,0.10964652265737893,0.3186553847924941
1073,0.5247457629151249,78,180,78,593953,11657,102498,5458,0.10797917670161918,0.3189015483494011
1074,0.5247497925096974,19,29,19,593982,11628,102517,5439,0.10771054874208011,0.3186851819300404
1075,0.5247575602964061,19,37,19,594019,11591,102536,5420,0.10736781651784061,0.3186173652342602
1076,0.5247800021582536,12,44,12,594063,11547,102548,5408,0.10696024306198822,0.31896195812444705
1077,0.5247895458516955,37,71,37,594134,11476,102585,5371,0.10630256771277187,0.3188104707069508
1078,0.5248520341218814,84,251,84,594385,11225,102669,5287,0.10397754640779577,0.3201913759689923
1079,0.5248889203101654,11,26,11,594411,11199,102680,5276,0.10373670754751936,0.32024279210925644
1080,0.524895085934902,74,255,74,594666,10944,102754,5202,0.10137463411019304,0.3221850613154961
1081,0.5249256934139355,16,27,16,594693,10917,102770,5186,0.10112453221682907,0.3220517915916289
1082,0.5250564831403499,38,81,38,594774,10836,102808,5148,0.1003742265367372,0.32207207207207206
1083,0.5251384405436056,72,167,72,594941,10669,102880,5076,0.09882730001111564,0.32238805970149254
1084,0.5252146812609537,26,42,26,594983,10627,102906,5050,0.09843825262143836,0.3221279581552593
1085,0.525262715445597,16,23,16,595006,10604,102922,5034,0.09822520286042462,0.32190817240056274
1086,0.5252766088588177,36,94,36,595100,10510,102958,4998,0.09735447775019453,0.3222852721176167
1087,0.5252799017300194,73,168,73,595268,10342,103031,4925,0.09579828819148542,0.3225912097989127
1088,0.5253133732986696,85,170,85,595438,10172,103116,4840,0.0942235725666012,0.3224087396749267
1089,0.525339840679097,61,156,61,595594,10016,103177,4779,0.09277853940494275,0.323014531936465
1090,0.5254552566039443,17,29,17,595623,9987,103194,4762,0.09250991144540369,0.3228693470743779
1091,0.525458036262046,6,19,6,595642,9968,103200,4756,0.09233391381674015,0.3230100516164086
1092,0.5255024597355591,95,183,95,595825,9785,103295,4661,0.09063877876171773,0.3226498684757026
1093,0.5256032076564002,72,176,72,596001,9609,103367,4589,0.0890084849383082,0.32321453725876886
1094,0.5256624843913371,73,173,73,596174,9436,103440,4516,0.08740598021416132,0.32368119266055045
1095,0.5256743596388523,19,42,19,596216,9394,103459,4497,0.08701693282448406,0.32373479231156865
1096,0.5256777964270924,23,36,23,596252,9358,103482,4474,0.0866834636333321,0.3234528629265471
1097,0.525750561672294,13,18,13,596270,9340,103495,4461,0.08651672903775612,0.32323744656184333
1098,0.5258173401398472,15,20,15,596290,9320,103510,4446,0.08633146837600504,0.3229696353334302
1099,0.5258225038687206,73,158,73,596448,9162,103583,4373,0.08486790914817148,0.323088289619505
1100,0.5258465622651041,53,92,53,596540,9070,103636,4320,0.08401571010411649,0.32262882748319643
1101,0.5261614805429914,48,86,48,596626,8984,103684,4272,0.08321908925858683,0.32226916113458054
1102,0.5261681987807896,52,85,52,596711,8899,103736,4220,0.08243173144614473,0.32167085905937953
1103,0.5261733243820099,13,29,13,596740,8870,103749,4207,0.08216310348660566,0.32170987229486886
1104,0.5262049578946965,41,92,41,596832,8778,103790,4166,0.08131090444255067,0.3218479604449938
1105,0.5263103104259362,49,89,49,596921,8689,103839,4117,0.08048649449775834,0.3214899265969077
1106,0.5263435071793413,14,30,14,596951,8659,103853,4103,0.08020860350513172,0.32150133207961135
1107,0.526996908545881,169,378,169,597329,8281,104022,3934,0.07670717699803624,0.32206303724928365
1108,0.5273860990722536,64,180,64,597509,8101,104086,3870,0.07503983104227649,0.3232812630523766
1109,0.5274955787552436,115,243,115,597752,7858,104201,3755,0.07278891400200081,0.3233445276844915
1110,0.5276060917081478,94,224,94,597976,7634,104295,3661,0.07071399459038867,0.32412571934484286
1111,0.5276638294124212,158,407,158,598383,7227,104453,3503,0.06694394012375413,0.3264678471575023
1112,0.5278203212628465,153,378,153,598761,6849,104606,3350,0.06344251361665863,0.32846357486028044
1113,0.5280635459841836,112,227,112,598988,6622,104718,3238,0.06133980510578384,0.3283975659229209
1114,0.528125343709346,136,391,136,599379,6231,104854,3102,0.05771795916855015,0.3323690131790421
1115,0.5282770138779469,61,109,61,599488,6122,104915,3041,0.05670828856200674,0.33187820582778566
1116,0.5283291543062056,128,275,128,599763,5847,105043,2913,0.054160954462929345,0.3325342465753425
1117,0.5284118257849223,111,212,111,599975,5635,105154,2802,0.052197191448367854,0.33210856939670497
1118,0.528497006513841,53,107,53,600082,5528,105207,2749,0.051206046907999556,0.3321251661229914
1119,0.5285280211964719,99,239,99,600321,5289,105306,2650,0.0489921820000741,0.3337951883108704
1120,0.5285338164948091,88,233,88,600554,5056,105394,2562,0.04683389529067398,0.33630874245208714
1121,0.5285515278421155,122,232,122,600786,4824,105516,2440,0.0446848716143614,0.33590308370044053
1122,0.5286128469234331,117,222,117,601008,4602,105633,2323,0.04262847826892437,0.33545126353790616
1123,0.5287712459178089,69,99,69,601107,4503,105702,2254,0.04171143799325651,0.33357999112031966
1124,0.5289104959942847,63,117,63,601224,4386,105765,2191,0.04062766312201267,0.3331306066595712
1125,0.5290951198694469,105,263,105,601487,4123,105870,2086,0.03819148541998592,0.3359639233370913
1126,0.5292168527358998,66,122,66,601609,4001,105936,2020,0.03706139538330431,0.3354924431157615
1127,0.5294247313005023,84,123,84,601732,3878,106020,1936,0.035922042313535144,0.33298933608531134
1128,0.5295826230835341,60,117,60,601849,3761,106080,1876,0.03483826744229131,0.3328011353556857
1129,0.5308489397880811,120,305,120,602154,3456,106200,1756,0.03201304235058727,0.33691481197237144
1130,0.531079164659259,63,158,63,602312,3298,106263,1693,0.030549483122753716,0.3392105790422761
1131,0.5312989826081336,56,155,56,602467,3143,106319,1637,0.029113712994182816,0.34246861924686195
1132,0.5313471374813257,93,197,93,602664,2946,106412,1544,0.02728889547593464,0.3438752783964365
1133,0.5315241637166469,143,309,143,602973,2637,106555,1401,0.024426618251880396,0.34695393759286774
1134,0.5316723948617208,92,300,92,603273,2337,106647,1309,0.021647708325614138,0.35902358749314317
1135,0.531767174108216,95,191,95,603464,2146,106742,1214,0.01987846900589129,0.3613095238095238
1136,0.5319584727376365,134,291,134,603755,1855,106876,1080,0.01718292637741302,0.3679727427597956
1137,0.5319692710630839,50,59,50,603814,1796,106926,1030,0.016636407425247322,0.36447275300778487
1138,0.5321890890119585,47,94,47,603908,1702,106973,983,0.01576568231501723,0.3661080074487896
1139,0.5322258604872682,98,178,98,604086,1524,107071,885,0.014116862425432584,0.36737235367372356
1140,0.5322312729086627,95,171,95,604257,1353,107166,790,0.012532883767460817,0.3686420905272982
1141,0.5322625432912248,97,171,97,604428,1182,107263,693,0.010948905109489052,0.3696
1142,0.5323370608336981,93,165,93,604593,1017,107356,600,0.00942050465004261,0.37105751391465674
1143,0.532445513279306,96,182,96,604775,835,107452,504,0.007734632628107747,0.3764002987303958
1144,0.5324742833002318,65,105,65,604880,730,107517,439,0.0067620141539145575,0.37553464499572287
1145,0.532559257900491,97,158,97,605038,572,107614,342,0.005298454926080996,0.3741794310722101
1146,0.5327607409844692,70,88,70,605126,484,107684,272,0.004483308014376228,0.35978835978835977
1147,0.532927342180229,92,202,92,605328,282,107776,180,0.002612175330690281,0.38961038961038963
1148,0.5331159668910932,65,105,65,605433,177,107841,115,0.0016395568564970915,0.3938356164383562
1149,0.5332239238724685,53,86,53,605519,91,107894,62,0.0008429360109674311,0.40522875816993464
1150,0.5334143827218985,62,91,62,605610,0,107956,0,0.0,
