,y_proba,y_test,Neg,Pos,TN,FP,FN,TP,FP/P,Prec
0,0.47214,120,2020,120,2020,603590,120,107836,5.591074141316833,0.15157725469690453
1,0.47224,45,1015,45,3035,602575,165,107791,5.581672162732965,0.151740088911913
2,0.47225,109,2087,109,5122,600488,274,107682,5.562340212679239,0.15205670954714265
3,0.47233,227,4234,227,9356,596254,501,107455,5.523120530586535,0.15269806127248622
4,0.47246,64,1077,64,10433,595177,565,107391,5.513144243951239,0.15285495496521334
5,0.47249,43,1161,43,11594,594016,608,107348,5.502389862536589,0.15305604507787682
6,0.47251,104,1830,104,13424,592186,712,107244,5.485438511986365,0.15333056917775903
7,0.47263,88,1845,88,15269,590341,800,107156,5.468348215939828,0.15362933460645709
8,0.47273,127,1898,127,17167,588443,927,107029,5.450766979139649,0.153894046057929
9,0.47283,268,4806,268,21973,583637,1195,106761,5.406248842120864,0.15463689060512922
10,0.47295,90,1787,90,23760,581850,1285,106671,5.389695801993405,0.15492773640891128
11,0.473,67,1197,67,24957,580653,1352,106604,5.378607951387602,0.15511518980526937
12,0.47307,221,3662,221,28619,576991,1573,106383,5.344686724220979,0.15567317457204985
13,0.47311,63,1055,63,29674,575936,1636,106320,5.334914224313609,0.15583593255317651
14,0.47313,38,864,38,30538,575072,1674,106282,5.326910963725963,0.15598646225016657
15,0.47319,238,3708,238,34246,571364,1912,106044,5.292563637037311,0.15654376682885351
16,0.4732,59,1009,59,35255,570355,1971,105985,5.28321723665197,0.15670372889375167
17,0.47322,89,1894,89,37149,568461,2060,105896,5.265673051984142,0.15703255100784896
18,0.47333,108,1943,108,39092,566518,2168,105788,5.247674978695024,0.15735096816033176
19,0.47335,60,936,60,40028,565582,2228,105728,5.239004779725073,0.1574950469976613
20,0.47339,66,1127,66,41155,564455,2294,105662,5.2285653414354,0.15767694298159873
21,0.4734,121,1939,121,43094,562516,2415,105541,5.210604320278632,0.15798202847960577
22,0.4736,60,1017,60,44111,561499,2475,105481,5.201183815628589,0.15814717082971003
23,0.47362,135,1991,135,46102,559508,2610,105346,5.182741116751269,0.15844982507437724
24,0.47366,125,1991,125,48093,557517,2735,105221,5.164298417873948,0.15876711460637538
25,0.47368,251,3889,251,51982,553628,2986,104970,5.12827448219645,0.15938402485279335
26,0.47373,98,1954,98,53936,551674,3084,104872,5.1101745155433695,0.15973290523436287
27,0.47375,94,1791,94,55727,549883,3178,104778,5.09358442328356,0.1600492468621164
28,0.47387,224,3695,224,59422,546188,3402,104554,5.059357516025047,0.16066889796570685
29,0.47389,52,997,52,60419,545191,3454,104502,5.050122272036756,0.16084827757109896
30,0.47396,227,3714,227,64133,541477,3681,104275,5.01571936714958,0.16147840037661518
31,0.47411,122,1982,122,66115,539495,3803,104153,4.997360035570047,0.16181670726856914
32,0.47416,110,2017,110,68132,537478,3913,104043,4.97867649783245,0.16218175242899296
33,0.47425,304,5013,304,73145,532465,4217,103739,4.9322409129645415,0.16305933316986376
34,0.47428,42,955,42,74100,531510,4259,103697,4.923394716365927,0.16324914555412645
35,0.47455,129,1883,129,75983,529627,4388,103568,4.905952425062062,0.16356414690577153
36,0.47457,224,3961,224,79944,525666,4612,103344,4.8692615510022605,0.16429627509896505
37,0.47462,130,1821,130,81765,523845,4742,103214,4.852393567749824,0.16460014129451933
38,0.47465,146,1924,146,83689,521921,4888,103068,4.83457149208937,0.16491170244596304
39,0.47475,111,1903,111,85592,520018,4999,102957,4.816943940123754,0.1652666639913319
40,0.47482,125,1848,125,87440,518170,5124,102832,4.7998258549779536,0.16559044898406125
41,0.47593,11,194,11,87634,517976,5135,102821,4.798028826558968,0.1656274112149382
42,0.47595,20,471,20,88105,517505,5155,102801,4.793665937974731,0.16572627058258343
43,0.47598,29,398,29,88503,517107,5184,102772,4.789979250805884,0.16579364682462222
44,0.47615,13,215,13,88718,516892,5197,102759,4.78798769869206,0.16583367088893586
45,0.47619,25,419,25,89137,516473,5222,102734,4.7841064878283746,0.1659122070648426
46,0.4762,19,255,19,89392,516218,5241,102715,4.781744414391048,0.16595495796798684
47,0.47621,34,537,34,89929,515681,5275,102681,4.776770165623032,0.16605321801792478
48,0.47635,23,412,23,90341,515269,5298,102658,4.77295379599096,0.16613289272033752
49,0.47643,49,558,49,90899,514711,5347,102609,4.767785023528104,0.16621687293462062
50,0.47647,26,520,26,91419,514191,5373,102583,4.7629682463225755,0.16632186181648384
51,0.47666,36,458,36,91877,513733,5409,102547,4.758725777168476,0.16639676770299214
52,0.47669,91,1328,91,93205,512405,5500,102456,4.746424469228204,0.16663278366980505
53,0.47682,17,247,17,93452,512158,5517,102439,4.744136500055578,0.16667670034185003
54,0.4769,24,239,24,93691,511919,5541,102415,4.741922635147652,0.16670898892133595
55,0.47695,17,271,17,93962,511648,5558,102398,4.739412353180925,0.16675949358842823
56,0.47701,21,265,21,94227,511383,5579,102377,4.736957649412724,0.1668029848800834
57,0.47703,78,1097,78,95324,510286,5657,102299,4.726796102115677,0.1669956006105275
58,0.47704,23,275,23,95599,510011,5680,102276,4.724248768016599,0.1670393132632246
59,0.47708,86,1384,86,96983,508627,5766,102190,4.711428730223425,0.16730051717617553
60,0.4771,53,562,53,97545,508065,5819,102137,4.706222905628219,0.1673822766887031
61,0.47719,51,654,51,98199,507411,5870,102086,4.700164881988958,0.16749221079020898
62,0.47724,39,516,39,98715,506895,5909,102047,4.695385156915781,0.16758082050507273
63,0.47732,44,659,44,99374,506236,5953,102003,4.689280818111082,0.1677021697063161
64,0.47736,57,572,57,99946,505664,6010,101946,4.6839823631850015,0.167781965405441
65,0.47744,17,288,17,100234,505376,6027,101929,4.681314609655786,0.16783823614164217
66,0.47751,91,1319,91,101553,504057,6118,101838,4.669096669013301,0.16807862748496027
67,0.47757,64,1129,64,102682,502928,6182,101774,4.658638704657453,0.16830438794645958
68,0.4776,42,526,42,103208,502402,6224,101732,4.6537663492534,0.168393104840979
69,0.47775,43,588,43,103796,501814,6267,101689,4.648319685797918,0.16849791964580127
70,0.47782,51,583,51,104379,501231,6318,101638,4.642919337507873,0.16859052298260485
71,0.4779,11,257,11,104636,500974,6329,101627,4.6405387380043726,0.16864724751535426
72,0.47797,105,1452,105,106088,499522,6434,101522,4.627088813961244,0.1689094309235264
73,0.478,56,614,56,106702,498908,6490,101466,4.621401311645485,0.1690046537658193
74,0.4781,111,1536,111,108238,497372,6601,101355,4.607173292823002,0.1692841645691609
75,0.47825,45,653,45,108891,496719,6646,101310,4.601124532216829,0.16940650035366178
76,0.47828,106,1254,106,110145,495465,6752,101204,4.5895086887250365,0.16961497915929938
77,0.47849,53,610,53,110755,494855,6805,101151,4.583858238541628,0.16971473441542534
78,0.47853,34,637,34,111392,494218,6839,101117,4.577957686464856,0.1698489085976803
79,0.4786,52,617,52,112009,493601,6891,101065,4.572242395049835,0.16995254478984842
80,0.47864,56,649,56,112658,492952,6947,101009,4.566230686576012,0.17005998710353037
81,0.48013,14,137,14,112795,492815,6961,100995,4.564961651043017,0.1700796551085364
82,0.48035,7,122,7,112917,492693,6968,100988,4.563831561006336,0.17010482060231
83,0.48051,12,187,12,113104,492506,6980,100976,4.562099373818963,0.17014163866806406
84,0.48074,26,199,26,113303,492307,7006,100950,4.56025603023454,0.17016234111017653
85,0.48076,44,401,44,113704,491906,7050,100906,4.556541553966431,0.17021585258058203
86,0.48078,16,215,16,113919,491691,7066,100890,4.554550001852607,0.17025520561745988
87,0.48085,17,226,17,114145,491465,7083,100873,4.552456556374819,0.17029635106982838
88,0.48089,37,450,37,114595,491015,7120,100836,4.54828819148542,0.17037396236552782
89,0.48102,13,114,13,114709,490901,7133,100823,4.5472322057134384,0.17038855953113277
90,0.48107,16,250,16,114959,490651,7149,100807,4.54491644744155,0.17043813761923923
91,0.48124,18,149,18,115108,490502,7167,100789,4.543536255511505,0.17045583308387918
92,0.48126,26,276,26,115384,490226,7193,100763,4.54097965837934,0.17049894329674495
93,0.48128,20,259,20,115643,489967,7213,100743,4.538580532809664,0.17054561459938042
94,0.48134,26,263,26,115906,489704,7239,100717,4.536144355107637,0.1705850571033212
95,0.48141,50,700,50,116606,489004,7289,100667,4.529660231946348,0.17071723045562695
96,0.48156,18,234,18,116840,488770,7307,100649,4.527492682203861,0.1707596802953417
97,0.48163,25,320,25,117160,488450,7332,100624,4.524528511615843,0.17081724876670842
98,0.48166,43,476,43,117636,487974,7375,100581,4.5201193078661674,0.170894818666055
99,0.48173,12,105,12,117741,487869,7387,100569,4.519146689391975,0.17090840496364954
100,0.48178,55,605,55,118346,487264,7442,100514,4.513542554374005,0.17100674064017368
101,0.48182,10,113,10,118459,487151,7452,100504,4.5124958316351105,0.17102551667219712
102,0.4819,65,703,65,119162,486448,7517,100439,4.50598391937456,0.17113856670875313
103,0.48196,31,281,31,119443,486167,7548,100408,4.503381007076957,0.17117674636661978
104,0.48205,33,433,33,119876,485734,7581,100375,4.499370113750047,0.17125654101882073
105,0.48217,8,112,8,119988,485622,7589,100367,4.4983326540442405,0.17127795914257776
106,0.48218,54,567,54,120555,485055,7643,100313,4.493080514283597,0.1713674133194845
107,0.48219,29,277,29,120832,484778,7672,100284,4.4905146541183445,0.1714074747633584
108,0.48229,20,262,20,121094,484516,7692,100264,4.488087739449405,0.1714559321454222
109,0.48231,11,122,11,121216,484394,7703,100253,4.486957649412724,0.17147612148869318
110,0.48237,24,271,24,121487,484123,7727,100229,4.484447367445997,0.17152161710749686
111,0.48238,28,251,28,121738,483872,7755,100201,4.48212234614102,0.17155561034322764
112,0.48245,42,302,42,122040,483570,7797,100159,4.479324910148579,0.1715847593660757
113,0.48256,47,312,47,122352,483258,7844,100112,4.476434843825262,0.17160978452782968
114,0.48261,11,109,11,122461,483149,7855,100101,4.475425173218719,0.1716262323189027
115,0.48262,15,89,15,122550,483060,7870,100086,4.474600763273926,0.1716311181076437
116,0.48268,38,340,38,122890,482720,7908,100048,4.471451332024158,0.17167723691074321
117,0.48269,12,99,12,122989,482621,7920,100036,4.47053429174849,0.171689347248896
118,0.48276,48,552,48,123541,482069,7968,99988,4.46542109748416,0.17178386309244628
119,0.48287,34,295,34,123836,481774,8002,99954,4.462688502723331,0.17182256999834974
120,0.483,33,336,33,124172,481438,8035,99921,4.459576123605913,0.17187486561659834
121,0.48383,2,15,2,124187,481423,8037,99919,4.4594371781096,0.17187645138317892
122,0.48405,3,17,3,124204,481406,8040,99916,4.459279706547112,0.17187720402806017
123,0.48422,3,68,3,124272,481338,8043,99913,4.4586498202971585,0.17189303760337615
124,0.48444,7,106,7,124378,481232,8050,99906,4.457667938789878,0.17191441619718553
125,0.48462,14,177,14,124555,481055,8064,99892,4.45602838193338,0.17194683852399617
126,0.48464,4,39,4,124594,481016,8068,99888,4.455667123642965,0.17195268064947047
127,0.48469,6,37,6,124631,480979,8074,99882,4.455324391418726,0.1719550804753633
128,0.48472,6,22,6,124653,480957,8080,99876,4.4551206046908,0.1719530398582725
129,0.48491,14,185,14,124838,480772,8094,99862,4.453406943569602,0.1719878615444497
130,0.48494,3,12,3,124850,480760,8097,99859,4.453295787172552,0.1719871378649338
131,0.48498,3,23,3,124873,480737,8100,99856,4.453082737411538,0.17198967262781328
132,0.48502,142,1357,142,126230,479380,8242,99714,4.440512801511727,0.17218966178202502
133,0.48508,9,28,9,126258,479352,8251,99705,4.440253436585276,0.17218512167195976
134,0.48511,10,125,10,126383,479227,8261,99695,4.439095557449331,0.17220800038692605
135,0.48512,16,111,16,126494,479116,8277,99679,4.438067360776612,0.1722181428657815
136,0.48514,2,24,2,126518,479092,8279,99677,4.437845047982512,0.17222242379947786
137,0.48518,8,35,8,126553,479057,8287,99669,4.437520841824447,0.17222139665402972
138,0.48525,11,151,11,126704,478906,8298,99658,4.436122123828226,0.17225060667445607
139,0.48527,73,715,73,127419,478191,8371,99585,4.429499055170625,0.17235918418210516
140,0.48533,12,147,12,127566,478044,8383,99573,4.428137389306754,0.17238585429445463
141,0.48534,102,1235,102,128801,476809,8485,99471,4.416697543443625,0.17260880127715694
142,0.48536,123,1419,123,130220,475390,8608,99348,4.403553299492386,0.17285789350973835
143,0.48537,21,145,21,130365,475245,8629,99327,4.4022101596946905,0.1728712850608801
144,0.48544,119,1358,119,131723,473887,8748,99208,4.389630960761792,0.17310917038187387
145,0.48558,8,124,8,131847,473763,8756,99200,4.388482344658935,0.1731350890022567
146,0.48562,3,25,3,131872,473738,8759,99197,4.388250768831746,0.17313831411940273
147,0.48566,3,20,3,131892,473718,8762,99194,4.388065508169995,0.1731400284860502
148,0.48572,70,616,70,132508,473102,8832,99124,4.382359479788062,0.1732252641438872
149,0.48573,222,2354,222,134862,470748,9054,98902,4.36055429989996,0.1736188887913631
150,0.48574,33,260,33,135122,470488,9087,98869,4.358145911297195,0.1736502756618431
151,0.48575,2,20,2,135142,470468,9089,98867,4.3579606506354445,0.17365347291137906
152,0.48576,19,180,19,135322,470288,9108,98848,4.356293304679684,0.17368080739928593
153,0.4858,20,258,20,135580,470030,9128,98828,4.353903442143095,0.17373052677469597
154,0.48583,257,2332,257,137912,467698,9385,98571,4.332302048982919,0.17407098039977467
155,0.48586,365,3387,365,141299,464311,9750,98206,4.300928155915373,0.17458316815314026
156,0.48587,1,22,1,141321,464289,9751,98205,4.300724369187447,0.17458852894430874
157,0.48594,54,665,54,141986,463624,9805,98151,4.294564452184223,0.17471585599216768
158,0.48597,10,36,10,142022,463588,9815,98141,4.294230982993072,0.17471236129877574
159,0.48598,125,1163,125,143185,462425,9940,98016,4.283458075512246,0.17489084488822196
160,0.486,130,1295,130,144480,461130,10070,97886,4.271462447663863,0.17510411151022512
161,0.48601,8,134,8,144614,460996,10078,97878,4.270221201230131,0.17513428787168486
162,0.48604,35,223,35,144837,460773,10113,97843,4.268155544851607,0.17515251979893165
163,0.48605,9,39,9,144876,460734,10122,97834,4.267794286561192,0.17515145873018145
164,0.48608,10,38,10,144914,460696,10132,97824,4.2674422913038645,0.1751486070328726
165,0.4861,61,768,61,145682,459928,10193,97763,4.260328281892623,0.17529958346109226
166,0.48615,4,22,4,145704,459906,10197,97759,4.260124495164697,0.1753005836837528
167,0.48617,311,2429,311,148133,457477,10508,97448,4.237624587795028,0.17560571248366896
168,0.48622,160,1344,160,149477,456133,10668,97288,4.225175071325355,0.17579383507311794
169,0.48623,8,120,8,149597,456013,10676,97280,4.224063507354848,0.17582004471410265
170,0.48626,20,140,20,149737,455873,10696,97260,4.2227666827225905,0.17583474498899904
171,0.48631,70,744,70,150481,455129,10766,97190,4.21587498610545,0.1759671494190857
172,0.48633,228,2339,228,152820,452790,10994,96962,4.194208751713661,0.17637407412797043
173,0.48636,176,1363,176,154183,451427,11170,96786,4.181583237615325,0.1765481664973286
174,0.48639,280,2546,280,156729,448881,11450,96506,4.157999555374412,0.17694957892285662
175,0.48647,39,383,39,157112,448498,11489,96467,4.154451813701878,0.1770150376629692
176,0.48654,12,167,12,157279,448331,11501,96455,4.152904887176257,0.1770511723869556
177,0.48655,6,21,6,157300,448310,11507,96449,4.152710363481418,0.17704893356511778
178,0.48662,123,1122,123,158422,447188,11630,96326,4.142317240357182,0.1772281854745232
179,0.48664,3,23,3,158445,447165,11633,96323,4.142104190596169,0.1772311440178992
180,0.48665,272,2593,272,161038,444572,11905,96051,4.118085145800141,0.17766724686149127
181,0.48671,19,165,19,161203,444407,11924,96032,4.116556745340694,0.17769257955106868
182,0.48672,13,151,13,161354,444256,11937,96019,4.1151580273444734,0.1777224561565869
183,0.48678,197,2391,197,163745,441865,12134,95822,4.093010115232132,0.17821148735230719
184,0.4868,123,1175,123,164920,440690,12257,95699,4.082126051354256,0.17841342756842515
185,0.48684,312,2605,312,167525,438085,12569,95387,4.057995850161177,0.1788041359246596
186,0.48687,75,753,75,168278,437332,12644,95312,4.051020786246249,0.17894128160647638
187,0.48688,472,4451,472,172729,432881,13116,94840,4.009791025973545,0.1797161757822789
188,0.48689,401,3489,401,176218,429392,13517,94439,3.9774723035310684,0.18028524466860496
189,0.48699,126,1143,126,177361,428249,13643,94313,3.966884656711994,0.18048193324428488
190,0.48706,485,4361,485,181722,423888,14128,93828,3.92648856941717,0.1812344992235125
191,0.48711,250,2326,250,184048,421562,14378,93578,3.904942754455519,0.18165547229879256
192,0.48715,177,1390,177,185438,420172,14555,93401,3.8920671384638186,0.18186509025980727
193,0.48728,593,5542,593,190980,414630,15148,92808,3.8407314090925935,0.18289525025717426
194,0.48736,669,5686,669,196666,408944,15817,92139,3.78806180295676,0.18387971653398738
195,0.48738,34,192,34,196858,408752,15851,92105,3.78628330060395,0.18389480430542052
196,0.48744,5,91,5,196949,408661,15856,92100,3.7854403645929824,0.18392007364790788
197,0.4876,271,2164,271,199113,406497,16127,91829,3.765395160991515,0.18427495254110762
198,0.48766,15,107,15,199220,406390,16142,91814,3.764404016451147,0.18428996957069796
199,0.48773,246,2076,246,201296,404314,16388,91568,3.7451739597613845,0.18465683368220664
200,0.48777,123,1231,123,202527,403083,16511,91445,3.733771166030605,0.18491369548337
201,0.48778,280,2085,280,204612,400998,16791,91165,3.7144577420430545,0.18523334748853532
202,0.48785,269,2086,269,206698,398912,17060,90896,3.6951350550224165,0.1855747558226897
203,0.48788,15,107,15,206805,398805,17075,90881,3.6941439104820484,0.18559035790281936
204,0.48796,29,204,29,207009,398601,17104,90852,3.6922542517321872,0.18561945682220765
205,0.48804,270,2111,270,209120,396490,17374,90582,3.6726999888843603,0.1859725050916497
206,0.48834,11,88,11,209208,396402,17385,90571,3.6718848419726555,0.1859877241654055
207,0.48853,18,190,18,209398,396212,17403,90553,3.67012486568602,0.18603021992131727
208,0.48856,17,132,17,209530,396080,17420,90536,3.668902145318463,0.18605224653525573
209,0.48859,16,113,16,209643,395967,17436,90520,3.6678554225795694,0.18606869248304683
210,0.48863,15,129,15,209772,395838,17451,90505,3.666660491311275,0.1860929426351361
211,0.48869,26,203,26,209975,395635,17477,90479,3.6647800955945016,0.18612712244452947
212,0.48874,39,325,39,210300,395310,17516,90440,3.661769609841046,0.18618630983015955
213,0.4888,40,218,40,210518,395092,17556,90400,3.6597502686279597,0.18620286225107727
214,0.48885,37,218,37,210736,394874,17593,90363,3.657730927414873,0.18622446350958397
215,0.48894,18,111,18,210847,394763,17611,90345,3.656702730742154,0.18623687921040263
216,0.48898,25,165,25,211012,394598,17636,90320,3.6551743302827076,0.18625829521692328
217,0.48902,45,215,45,211227,394383,17681,90275,3.6531827781688837,0.186265366505866
218,0.48918,42,330,42,211557,394053,17723,90233,3.6501259772499908,0.18632171898423658
219,0.48923,49,341,49,211898,393712,17772,90184,3.6469672829671347,0.18637062509299518
220,0.4893,26,126,26,212024,393586,17798,90158,3.645800140798103,0.1863754382483297
221,0.4894,38,198,38,212222,393388,17836,90120,3.6439660602467674,0.1863878157134939
222,0.48943,16,145,16,212367,393243,17852,90104,3.642622920449072,0.18641679786985332
223,0.48945,76,551,76,212918,392692,17928,90028,3.6375189892178295,0.18650149154789525
224,0.48946,32,342,32,213260,392350,17960,89996,3.634351031901886,0.18657975809895802
225,0.48949,24,123,24,213383,392227,17984,89972,3.633211678832117,0.18658686558868848
226,0.48951,14,121,14,213504,392106,17998,89958,3.6320908518285226,0.18661007667031762
227,0.48952,22,124,22,213628,391982,18020,89936,3.630942235725666,0.18662096041235232
228,0.48965,44,318,44,213946,391664,18064,89892,3.6279965912038237,0.1866698784772695
229,0.48967,79,520,79,214466,391144,18143,89813,3.623179813998296,0.18673810756470952
230,0.48969,42,290,42,214756,390854,18185,89771,3.620493534402905,0.18677971391417425
231,0.4897,36,395,36,215151,390459,18221,89735,3.616834636333321,0.18687238907608175
232,0.48972,110,799,110,215950,389660,18331,89625,3.6094334728963653,0.1869972980585664
233,0.48973,16,159,16,216109,389501,18347,89609,3.607960650635444,0.18703220554778652
234,0.48992,50,396,50,216505,389105,18397,89559,3.6042924895327726,0.18710201728143333
235,0.48999,33,132,33,216637,388973,18430,89526,3.6030697691652156,0.18709756969189067
236,0.49012,28,161,28,216798,388812,18458,89498,3.6015784208381194,0.1871129602140871
237,0.49016,24,161,24,216959,388651,18482,89474,3.6000870725110232,0.18713516339869282
238,0.49019,92,783,92,217742,387868,18574,89382,3.592834117603468,0.18728548978522785
239,0.49022,69,428,69,218170,387440,18643,89313,3.588869539441995,0.18733599998321981
240,0.49023,96,754,96,218924,386686,18739,89217,3.581885212493979,0.18746887495981324
241,0.49032,24,269,24,219193,386417,18763,89193,3.579393456593427,0.18753390382876728
242,0.49035,92,522,92,219715,385895,18855,89101,3.574558153321724,0.1875826322747981
243,0.49036,106,778,106,220493,385117,18961,88995,3.5673515135796063,0.18770881142008639
244,0.49054,41,290,41,220783,384827,19002,88954,3.5646652339842158,0.18775341349695324
245,0.49058,26,170,26,220953,384657,19028,88928,3.5630905183593318,0.18777621757445864
246,0.4906,81,571,81,221524,384086,19109,88847,3.557801326466338,0.18786382003370455
247,0.49061,78,459,78,221983,383627,19187,88769,3.5535495942791506,0.18791226005300637
248,0.49064,127,859,127,222842,382768,19314,88642,3.5455926488569416,0.18803589232303092
249,0.49072,151,1221,151,224063,381547,19465,88491,3.5342824854570383,0.18826350209983023
250,0.49082,72,675,72,224738,380872,19537,88419,3.528029938122939,0.18840975002716864
251,0.49085,60,421,60,225159,380451,19597,88359,3.5241302011930786,0.18847507519037562
252,0.49086,75,423,75,225582,380028,19672,88284,3.5202119381970434,0.1885153487418644
253,0.49101,39,266,39,225848,379762,19711,88245,3.517747971395754,0.18855487204251217
254,0.49107,153,1301,153,227149,378461,19864,88092,3.505696765348846,0.18881456126099286
255,0.49108,154,1233,154,228382,377228,20018,87938,3.4942754455518914,0.18904649093011958
256,0.49114,208,1452,208,229834,375776,20226,87730,3.4808255215087627,0.18927478824438088
257,0.49115,4,75,4,229909,375701,20230,87726,3.4801307940271964,0.18929842240525477
258,0.49121,72,459,72,230368,375242,20302,87654,3.475879061840009,0.18936002903459956
259,0.49124,19,133,19,230501,375109,20321,87635,3.4746470784393644,0.18938116971802985
260,0.49132,66,566,66,231067,374543,20387,87569,3.4694042017118085,0.1894973512914618
261,0.49137,13,74,13,231141,374469,20400,87556,3.4687187372633295,0.18950489692116226
262,0.49147,51,291,51,231432,374178,20451,87505,3.466023194634851,0.18953481068178815
263,0.49164,84,634,84,232066,373544,20535,87421,3.460150431657342,0.18964780406321521
264,0.49169,80,603,80,232669,372941,20615,87341,3.4545648227055468,0.18975541081337094
265,0.49174,13,84,13,232753,372857,20628,87328,3.4537867279261922,0.18976715886002368
266,0.49175,157,1216,157,233969,371641,20785,87171,3.4425228796917264,0.18999285110241232
267,0.49199,30,150,30,234119,371491,20815,87141,3.441133424728593,0.19000200596556716
268,0.49204,13,71,13,234190,371420,20828,87128,3.440475749379377,0.19000846149149053
269,0.49226,17,111,17,234301,371309,20845,87111,3.439447552706658,0.19002443174381572
270,0.4923,9,90,9,234391,371219,20854,87102,3.4386138797287784,0.19004584123354593
271,0.49238,15,154,15,234545,371065,20869,87087,3.437187372633295,0.19008320382755067
272,0.49241,20,147,20,234692,370918,20889,87067,3.4358257067694247,0.19010884635959693
273,0.49265,31,186,31,234878,370732,20920,87036,3.4341027826151396,0.190131245521749
274,0.49266,41,196,41,235074,370536,20961,86995,3.432287228129979,0.19014012165295904
275,0.49287,51,186,51,235260,370350,21012,86944,3.430564303975694,0.19012713921459717
276,0.49288,45,179,45,235439,370171,21057,86899,3.4289062210530217,0.19012186317194302
277,0.49312,35,193,35,235632,369978,21092,86864,3.4271184556671237,0.19014013597698987
278,0.49316,22,99,22,235731,369879,21114,86842,3.4262014153914557,0.1901423407288038
279,0.49319,20,96,20,235827,369783,21134,86822,3.4253121642150504,0.19014684464690487
280,0.49335,6,85,6,235912,369698,21140,86816,3.4245248064026086,0.19017160481387207
281,0.49336,33,106,33,236018,369592,21173,86783,3.4235429248953277,0.19015721720076692
282,0.49354,24,100,24,236118,369492,21197,86759,3.422616621586572,0.19015629554784538
283,0.49363,14,125,14,236243,369367,21211,86745,3.421458742450628,0.190183551408426
284,0.49381,69,330,69,236573,369037,21280,86676,3.418401941531735,0.19019865573288453
285,0.49382,34,219,34,236792,368818,21314,86642,3.416373337285561,0.19022965792824836
286,0.49384,15,111,15,236903,368707,21329,86627,3.415345140612842,0.19024935541822047
287,0.49385,26,118,26,237021,368589,21355,86601,3.414252102708511,0.1902524220655111
288,0.49401,63,331,63,237352,368258,21418,86538,3.4111860387565303,0.19027871837043422
289,0.49402,20,164,20,237516,368094,21438,86518,3.4096669013301715,0.19031173836150386
290,0.49406,30,237,30,237753,367857,21468,86488,3.4074715624884213,0.19035754767852622
291,0.49418,27,246,27,237999,367611,21495,86461,3.405192856348883,0.1904125336950968
292,0.49424,28,166,28,238165,367445,21523,86433,3.4036551928563488,0.1904322306875416
293,0.49431,44,203,44,238368,367242,21567,86389,3.4017747971395753,0.1904389250293741
294,0.49432,15,104,15,238472,367138,21582,86374,3.40081144169847,0.19045582035315492
295,0.49445,31,221,31,238693,366917,21613,86343,3.3987643113861203,0.1904933150950889
296,0.49452,27,102,27,238795,366815,21640,86316,3.3978194820111898,0.19048796043528252
297,0.49455,39,214,39,239009,366601,21679,86277,3.395837192930453,0.19050826050282857
298,0.49462,59,344,59,239353,366257,21738,86218,3.3926507095483345,0.19054754406320792
299,0.49468,34,204,34,239557,366053,21772,86184,3.3907610507984733,0.19057264222078246
300,0.4947,12,97,12,239654,365956,21784,86172,3.3898625365889807,0.19059204473069574
301,0.49474,18,139,18,239793,365817,21802,86154,3.388574974989811,0.19061842463343887
302,0.49478,16,103,16,239896,365714,21818,86138,3.3876208825817926,0.19063321618583076
303,0.49484,50,353,50,240249,365361,21868,86088,3.384351031901886,0.190692636377531
304,0.49485,14,99,14,240348,365262,21882,86074,3.383433991626218,0.19070936065370367
305,0.4949,87,526,87,240874,364736,21969,85987,3.3785616362221647,0.19077570924936157
306,0.49491,38,238,38,241112,364498,22007,85949,3.376357034347327,0.19080824159113058
307,0.49503,17,106,17,241218,364392,22024,85932,3.375375152840046,0.19082260772243984
308,0.49504,4,32,4,241250,364360,22028,85928,3.375078735781244,0.19082898056355044
309,0.49507,35,235,35,241485,364125,22063,85893,3.372901923005669,0.1908656987053851
310,0.49509,32,205,32,241690,363920,22095,85861,3.3710030012227206,0.19089512451615342
311,0.49511,89,518,89,242208,363402,22184,85772,3.366204750083367,0.19095495286904407
312,0.49513,189,1599,189,243807,361803,22373,85583,3.351393160176368,0.19129565967643153
313,0.49515,3,20,3,243827,361783,22376,85580,3.351207899514617,0.19129878867943928
314,0.49516,29,205,29,244032,361578,22405,85551,3.3493089777316682,0.19133404453748248
315,0.49517,34,221,34,244253,361357,22439,85517,3.347261847419319,0.19136714152087614
316,0.49522,148,1214,148,245467,360143,22587,85369,3.3360165252510283,0.19161997881089624
317,0.49523,86,542,86,246009,359601,22673,85283,3.3309959613175737,0.19169716150726931
318,0.49524,37,217,37,246226,359384,22710,85246,3.3289858831375745,0.19172345545734656
319,0.49534,136,1220,136,247446,358164,22846,85110,3.3176849827707584,0.19200314026990078
320,0.49537,104,750,104,248196,357414,22950,85006,3.310737707955093,0.19213869174087972
321,0.49541,97,684,97,248880,356730,23047,84909,3.3044017933232057,0.19225883583650902
322,0.49543,2,35,2,248915,356695,23049,84907,3.3040775871651413,0.19227041544195905
323,0.49546,143,1308,143,250223,355387,23192,84764,3.2919615398866204,0.19257936480889512
324,0.49552,18,67,18,250290,355320,23210,84746,3.2913409166697543,0.19257565910567961
325,0.49555,86,561,86,250851,354759,23296,84660,3.2861443551076364,0.19266349429587706
326,0.49557,55,293,55,251144,354466,23351,84605,3.283430286412983,0.19269093153499092
327,0.4956,33,197,33,251341,354269,23384,84572,3.281605468894735,0.1927167242805481
328,0.49563,74,663,74,252004,353606,23458,84498,3.2754640779576865,0.1928720121249749
329,0.49565,6,43,6,252047,353563,23464,84492,3.2750657675349215,0.19287988951159102
330,0.49567,12,98,12,252145,353465,23476,84480,3.2741579902923412,0.19290093504892167
331,0.49569,144,1029,144,253174,352436,23620,84336,3.264626329245248,0.19308930059619206
332,0.49571,318,2312,318,255486,350124,23938,84018,3.2432101967468228,0.1935265420069931
333,0.49573,59,272,59,255758,349852,23997,83959,3.240690651747008,0.19353819981512688
334,0.49574,24,188,24,255946,349664,24021,83935,3.2389492015265477,0.19357747596281358
335,0.49578,5,80,5,256026,349584,24026,83930,3.2382081588795435,0.1936038974519854
336,0.4958,53,260,53,256286,349324,24079,83877,3.2357997702767793,0.19362143670028462
337,0.49584,291,2310,291,258596,347014,24370,83586,3.2144021638445293,0.19411518810961448
338,0.49591,152,1122,152,259718,345892,24522,83434,3.2040090407202935,0.19433717035539427
339,0.49596,423,2925,423,262643,342967,24945,83011,3.1769146689391974,0.19487156613721834
340,0.49601,85,705,85,263348,342262,25030,82926,3.1703842306124717,0.19503372625756135
341,0.49606,39,279,39,263627,341983,25069,82887,3.1677998443810442,0.1950879092428272
342,0.49607,285,2166,285,265793,339817,25354,82602,3.147736114713402,0.19554518144306957
343,0.49608,161,1182,161,266975,338635,25515,82441,3.136787209603913,0.1957865088487589
344,0.49609,41,318,41,267293,338317,25556,82400,3.1338415650820703,0.19585612181109868
345,0.49619,92,727,92,268020,337590,25648,82308,3.1271073400274187,0.19601903319377564
346,0.49623,298,2251,298,270271,335339,25946,82010,3.1062562525473343,0.19650220798420506
347,0.49627,335,2193,335,272464,333146,26281,81675,3.0859424209863278,0.1968921534830686
348,0.4963,4,37,4,272501,333109,26285,81671,3.0855996887620885,0.19690197212980376
349,0.49631,132,1159,132,273660,331950,26417,81539,3.074863833413613,0.19719750706790265
350,0.49632,0,1,0,273661,331949,26417,81539,3.0748545703805252,0.19719798398018806
351,0.49644,10,55,10,273716,331894,26427,81529,3.07434510356071,0.19720479992646756
352,0.49646,199,1217,199,274933,330677,26626,81330,3.0630719922931564,0.1973995587453611
353,0.49653,160,1189,160,276122,329488,26786,81170,3.0520582459520544,0.1976583921413926
354,0.49657,93,661,93,276783,328827,26879,81077,3.0459353810811813,0.19779509348530389
355,0.49658,348,2247,348,279030,326580,27227,80729,3.025121345733447,0.1982008745203273
356,0.49668,160,1285,160,280315,325295,27387,80569,3.01321834821594,0.19851230954211263
357,0.49674,212,1090,212,281405,324205,27599,80357,3.003121642150506,0.19862715727132058
358,0.49675,354,2233,354,283638,321972,27953,80003,2.9824372892659974,0.19902481497605573
359,0.49676,712,4649,712,288287,317323,28665,79291,2.939373448441958,0.19991982128719613
360,0.4968,349,2266,349,290553,315057,29014,78942,2.91838341546556,0.2003609146216107
361,0.49684,176,1203,176,291756,313854,29190,78766,2.9072399866612324,0.2006163720645917
362,0.49688,336,2332,336,294088,311522,29526,78430,2.885638593501056,0.20112731823403907
363,0.4969,165,1184,165,295272,310338,29691,78265,2.874671162325392,0.20140091558737322
364,0.49696,761,4733,761,300005,305605,30452,77504,2.8308292267219977,0.20230273890720396
365,0.497,205,1189,205,301194,304416,30657,77299,2.819815480380896,0.2025044863314253
366,0.4972,0,1,0,301195,304415,30657,77299,2.8198062173478085,0.2025050168450725
367,0.49724,227,1193,227,302388,303222,30884,77072,2.808755418874356,0.20266425449783587
368,0.49733,9,24,9,302412,303198,30893,77063,2.808533106080255,0.20265817425399923
369,0.49738,848,5835,848,308247,297363,31741,76215,2.7544833080143762,0.20401361964569648
370,0.49746,828,5885,828,314132,291478,32569,75387,2.6999703582941197,0.20548975781281942
371,0.49747,0,1,0,314133,291477,32569,75387,2.6999610952610325,0.20549031793798248
372,0.49755,5,26,5,314159,291451,32574,75382,2.699720256400756,0.20549405315225183
373,0.49763,353,2400,353,316559,289051,32927,75029,2.6774889769906256,0.20607833443199297
374,0.49767,24,151,24,316710,288900,32951,75005,2.6760902589944053,0.20611148514035257
375,0.49769,5,37,5,316747,288863,32956,75000,2.6757475267701656,0.2061215347534649
376,0.49771,360,2264,360,319011,286599,33316,74640,2.654776019859943,0.20662220856552033
377,0.49772,11,85,11,319096,286514,33327,74629,2.653988662047501,0.20664667458596733
378,0.49773,340,2350,340,321446,284164,33667,74289,2.6322205342917484,0.2072489280324059
379,0.49774,341,2287,341,323733,281877,34008,73948,2.611035977620512,0.20782126045106442
380,0.49788,344,2329,344,326062,279548,34352,73604,2.5894623735595985,0.20842017035157664
381,0.49791,12,27,12,326089,279521,34364,73592,2.5892122716662342,0.2084092061181548
382,0.49794,12,87,12,326176,279434,34376,73580,2.588406387787617,0.20843365985484996
383,0.49803,20,150,20,326326,279284,34396,73560,2.587016932824484,0.2084774007776808
384,0.49817,27,133,27,326459,279151,34423,73533,2.5857849494238394,0.20849542366537752
385,0.49819,5,19,5,326478,279132,34428,73528,2.5856089517951757,0.20849543469630805
386,0.49821,9,36,9,326514,279096,34437,73519,2.585275482604024,0.2084965188661855
387,0.49823,8,13,8,326527,279083,34445,73511,2.5851550631738855,0.20848624763892748
388,0.4984,11,44,11,326571,279039,34456,73500,2.5847474897180334,0.20848757158782433
389,0.49841,1,16,1,326587,279023,34457,73499,2.5845992811886322,0.2084947889777092
390,0.49845,4,24,4,326611,278999,34461,73495,2.584376968394531,0.2085000028369277
391,0.49847,16,169,16,326780,278830,34477,73479,2.5828115158027343,0.20856407301544952
392,0.49848,3,18,3,326798,278812,34480,73476,2.5826447812071587,0.2085679898265056
393,0.49856,23,146,23,326944,278666,34503,73453,2.5812923783763755,0.20860277349418804
394,0.49861,15,122,15,327066,278544,34518,73438,2.580162288339694,0.20864135097817502
395,0.4987,12,101,12,327167,278443,34530,73426,2.579226721997851,0.20867425092861264
396,0.4988,20,101,20,327268,278342,34550,73406,2.578291155656008,0.2086891752049763
397,0.49884,90,414,90,327682,277928,34640,73316,2.5744562599577607,0.20873239115828313
398,0.49886,0,2,0,327684,277926,34640,73316,2.5744377338915854,0.20873357969718884
399,0.49887,23,111,23,327795,277815,34663,73293,2.573409537218867,0.2087477357394306
400,0.49888,6,58,6,327853,277757,34669,73287,2.5728722812997886,0.20876870135937375
401,0.49892,43,263,43,328116,277494,34712,73244,2.570436103597762,0.20882824216366633
402,0.49896,39,246,39,328362,277248,34751,73205,2.568157397458224,0.20888678367712646
403,0.49906,0,7,0,328369,277241,34751,73205,2.568092556226611,0.2088909560959463
404,0.49907,46,298,46,328667,276943,34797,73159,2.56533217236652,0.2089648159679179
405,0.49908,1,8,1,328675,276935,34798,73158,2.5652580681018193,0.20896733153762
406,0.49909,67,428,67,329103,276507,34865,73091,2.561293489940346,0.20907156219429174
407,0.4991,10,51,10,329154,276456,34875,73081,2.5608210752528806,0.20907943937265583
408,0.49911,16,45,16,329199,276411,34891,73065,2.5604042387639407,0.209070150739965
409,0.49912,18,157,18,329356,276254,34909,73047,2.558949942569195,0.2091233635174248
410,0.49913,2,12,2,329368,276242,34911,73045,2.558838786172144,0.20912601957702406
411,0.49927,48,246,48,329614,275996,34959,72997,2.556560080032606,0.20916465373230983
412,0.49933,55,325,55,329939,275671,35014,72942,2.5535495942791506,0.2092348822333074
413,0.49934,26,130,26,330069,275541,35040,72916,2.5523453999777685,0.20925393951047044
414,0.49935,1,12,1,330081,275529,35041,72915,2.552234243580718,0.20925887660570996
415,0.49936,44,316,44,330397,275213,35085,72871,2.549307125125051,0.20934889279599178
416,0.49937,5,18,5,330415,275195,35090,72866,2.549140390529475,0.20934836135045293
417,0.49938,2,15,2,330430,275180,35092,72864,2.5490014450331615,0.20935284044546093
418,0.4994,48,332,48,330762,274848,35140,72816,2.5459261180480937,0.20944360071793455
419,0.49944,20,89,20,330851,274759,35160,72796,2.545101708103301,0.20945174145099338
420,0.49951,32,124,32,330975,274635,35192,72764,2.5439530920004447,0.2094536829409411
421,0.49953,224,1514,224,332489,273121,35416,72540,2.529928859905888,0.20985879228492657
422,0.49955,99,538,99,333027,272583,35515,72441,2.5249453481047834,0.20995930717863104
423,0.49956,98,511,98,333538,272072,35613,72343,2.5202119381970434,0.21004602006300538
424,0.49959,52,299,52,333837,271773,35665,72291,2.5174422913038645,0.21010916573660715
425,0.49961,6,12,6,333849,271761,35671,72285,2.5173311349068137,0.21010271882248305
426,0.49962,59,321,59,334170,271440,35730,72226,2.514357701285709,0.21016335628197144
427,0.49972,235,1512,235,335682,269928,35965,71991,2.500351995257327,0.21054986707378062
428,0.49973,1,8,1,335690,269920,35966,71990,2.5002778909926264,0.21055248457196338
429,0.49976,6,18,6,335708,269902,35972,71984,2.500111156397051,0.2105497154022101
430,0.49977,206,1044,206,336752,268858,36178,71778,2.490440549853644,0.21071759884451438
431,0.49978,235,1510,235,338262,267348,36413,71543,2.4764533698914373,0.21110917669693205
432,0.4998,60,358,60,338620,266990,36473,71483,2.473137204046093,0.21119262097715327
433,0.49983,163,843,163,339463,266147,36636,71320,2.4653284671532845,0.2113391827941695
434,0.49984,241,1503,241,340966,264644,36877,71079,2.4514061284226907,0.21171918516157665
435,0.49993,30,140,30,341106,264504,36907,71049,2.450109303790433,0.21173704303046018
436,0.49995,0,1,0,341107,264503,36907,71049,2.4501000407573454,0.21173767404157925
437,0.49997,0,2,0,341109,264501,36907,71049,2.4500815146911705,0.21173893607510058
438,0.50001,48,282,48,341391,264219,36955,71001,2.44746933936048,0.21180418829425451
439,0.50003,33,154,33,341545,264065,36988,70968,2.4460428322649967,0.21182390988350402
440,0.50004,29,168,29,341713,263897,37017,70939,2.4444866427062877,0.21186192643562818
441,0.50007,120,767,120,342480,263130,37137,70819,2.4373818963281337,0.2120653153625254
442,0.5001,103,654,103,343134,262476,37240,70716,2.431323872688873,0.2122379889072967
443,0.50012,107,669,107,343803,261807,37347,70609,2.4251269035532994,0.2124115566037736
444,0.50021,352,2033,352,345836,259774,37699,70257,2.406295157286302,0.21288000218161324
445,0.50023,53,295,53,346131,259479,37752,70204,2.4035625625254733,0.21294394918755288
446,0.50024,330,1941,330,348072,257538,38082,69874,2.385583015302531,0.2134130697714195
447,0.50025,102,597,102,348669,256941,38184,69772,2.380052984549261,0.21355746480856286
448,0.50027,41,129,41,348798,256812,38225,69731,2.3788580532809664,0.21354308620916693
449,0.50028,748,3751,748,352549,253061,38973,68983,2.3441124161695504,0.2142036491907938
450,0.50029,263,1477,263,354026,251584,39236,68720,2.330430916299233,0.21454618112792848
451,0.50033,92,373,92,354399,251211,39328,68628,2.3269758049575753,0.21457045576055453
452,0.50035,251,1409,251,355808,249802,39579,68377,2.3139241913372115,0.2149010462664098
453,0.50043,46,188,46,355996,249614,39625,68331,2.3121827411167515,0.21491452924247906
454,0.50047,135,714,135,356710,248900,39760,68196,2.3055689354922375,0.215064207684739
455,0.50048,174,1003,174,357713,247897,39934,68022,2.2962781133054206,0.21531468509333088
456,0.50051,319,1696,319,359409,246201,40253,67703,2.280568009188929,0.21568059024415107
457,0.50053,69,331,69,359740,245870,40322,67634,2.2775019452369483,0.21573568439318158
458,0.50055,79,381,79,360121,245489,40401,67555,2.2739727296305903,0.21580033477721983
459,0.50057,285,1559,285,361680,243930,40686,67270,2.2595316610470935,0.21616323907455012
460,0.50058,519,2920,519,364600,241010,41205,66751,2.232483604431435,0.21689232878759818
461,0.50061,254,1400,254,366000,239610,41459,66497,2.2195153581088594,0.21723449643425338
462,0.50069,174,877,174,366877,238733,41633,66323,2.2113916780910743,0.21741254064827442
463,0.50071,79,373,79,367250,238360,41712,66244,2.2079365667494164,0.21747580465128494
464,0.50073,359,1958,359,369208,236402,42071,65885,2.189799547963985,0.2179551221190458
465,0.50075,85,567,85,369775,235835,42156,65800,2.184547408203342,0.218144446102077
466,0.50076,74,349,74,370124,235486,42230,65726,2.181314609655786,0.21820511798998712
467,0.50077,587,2973,587,373097,232513,42817,65139,2.1537756122864873,0.21884280972410736
468,0.50078,362,1588,362,374685,230925,43179,64777,2.139065915743451,0.2190617581213519
469,0.50092,54,348,54,375033,230577,43233,64723,2.1358423802289823,0.21917710802573653
470,0.50093,22,72,22,375105,230505,43255,64701,2.135175441846678,0.21917237454523283
471,0.50095,22,104,22,375209,230401,43277,64679,2.1342120864055727,0.21919140572048257
472,0.50097,164,929,164,376138,229472,43441,64515,2.125606728667235,0.2194484790143782
473,0.50099,255,1465,255,377603,228007,43696,64260,2.112036385193968,0.219867449968693
474,0.50109,114,594,114,378197,227413,43810,64146,2.1065341435399607,0.22001035810933636
475,0.50115,560,2799,560,380996,224614,44370,63586,2.0806069139278964,0.22063150589868147
476,0.50116,64,305,64,381301,224309,44434,63522,2.0777816888361924,0.22069200329359936
477,0.50117,26,98,26,381399,224211,44460,63496,2.076873911593612,0.2206967505135433
478,0.50118,417,2503,417,383902,221708,44877,63079,2.053688539775464,0.22149536320126972
479,0.50119,186,1080,186,384982,220628,45063,62893,2.0436844640409055,0.22182836544735662
480,0.5012,329,1977,329,386959,218651,45392,62564,2.025371447626811,0.22247746386216952
481,0.50122,150,886,150,387845,217765,45542,62414,2.017164400311238,0.22276473254597953
482,0.50124,661,3378,661,391223,214387,46203,61753,1.98587387454148,0.22362931846164988
483,0.50125,288,1764,288,392987,212623,46491,61465,1.9695338841750343,0.22425279472286272
484,0.50126,711,3706,711,396693,208917,47202,60754,1.9352050835525585,0.22528933404036772
485,0.5014,512,2604,512,399297,206313,47714,60242,1.9110841453925673,0.2260021383954531
486,0.50142,116,690,116,399987,205623,47830,60126,1.904692652562155,0.22625108655159568
487,0.50144,140,696,140,400683,204927,47970,59986,1.8982455815332173,0.22643660371518196
488,0.50146,376,1922,376,402605,203005,48346,59610,1.880442031938938,0.22698627268053995
489,0.50147,745,3740,745,406345,199265,49091,58865,1.8457982881914854,0.2280440088327587
490,0.50149,45,180,45,406525,199085,49136,58820,1.8441309422357257,0.22806847482600182
491,0.5015,325,1617,325,408142,197468,49461,58495,1.8291526177331505,0.22852912334985917
492,0.50158,118,677,118,408819,196791,49579,58377,1.8228815443328763,0.22877868698269377
493,0.50165,113,721,113,409540,196070,49692,58264,1.8162028974767497,0.22908458955546643
494,0.5017,904,4718,904,414258,191352,50596,57360,1.7724999073696692,0.23062819646820418
495,0.50174,357,1690,357,415948,189662,50953,57003,1.7568453814517024,0.23109480469462632
496,0.50175,173,838,173,416786,188824,51126,56830,1.749082959724332,0.23134164312406882
497,0.50176,36,91,36,416877,188733,51162,56794,1.7482400237133646,0.23131468229563348
498,0.50184,28,145,28,417022,188588,51190,56766,1.7468968839156693,0.23136366230018668
499,0.50185,70,261,70,417283,188327,51260,56696,1.7444792322798177,0.23139052252237546
500,0.50186,672,3729,672,421012,184598,51932,56024,1.7099373818963282,0.23282991580154766
501,0.50198,64,274,64,421286,184324,51996,55960,1.7073993108303382,0.2328910788899802
502,0.50207,32,141,32,421427,184183,52028,55928,1.7060932231649932,0.2329256052409094
503,0.5021,27,114,27,421541,184069,52055,55901,1.705037237393012,0.232949952077343
504,0.50211,366,1834,366,423375,182235,52421,55535,1.6880488347104377,0.23356605122597468
505,0.50212,207,1040,207,424415,181195,52628,55328,1.6784152802993813,0.2339222823995975
506,0.50213,419,1846,419,426261,179349,53047,54909,1.6613157212197562,0.23439541018876622
507,0.5022,455,2147,455,428408,177202,53502,54454,1.6414279891807773,0.2350640605035052
508,0.50223,384,1931,384,430339,175271,53886,54070,1.6235410722887103,0.23576246724310088
509,0.50224,65,278,65,430617,174993,53951,54005,1.62096594909037,0.23583175398911782
510,0.50235,35,126,35,430743,174867,53986,53970,1.6197988069213383,0.23584472790676334
511,0.50239,381,1816,381,432559,173051,54367,53589,1.60297713883434,0.23644987645605364
512,0.50245,45,152,45,432711,172899,54412,53544,1.6015691578050317,0.23645685669241265
513,0.50265,38,154,38,432865,172745,54450,53506,1.6001426507095484,0.23648956247707192
514,0.50273,17,100,17,432965,172645,54467,53489,1.599216347400793,0.23653674370063768
515,0.503,41,119,41,433084,172526,54508,53448,1.598114046463374,0.23652278580721675
516,0.50306,0,1,0,433085,172525,54508,53448,1.5981047834302864,0.23652383249326248
517,0.50321,29,152,29,433237,172373,54537,53419,1.5966968024009782,0.23658499858276644
518,0.50324,77,372,77,433609,172001,54614,53342,1.593250954092408,0.23671469715056603
519,0.50332,19,71,19,433680,171930,54633,53323,1.5925932787431916,0.23672492708199225
520,0.50345,3,2,3,433682,171928,54636,53320,1.5925747526770166,0.23671686319079416
521,0.50349,62,206,62,433888,171722,54698,53258,1.5906665678609804,0.23672326429015914
522,0.50354,18,87,18,433975,171635,54716,53240,1.5898606839823632,0.2367537520844914
523,0.50357,88,397,88,434372,171238,54804,53152,1.5861832598466041,0.23687330094924017
524,0.50362,2,10,2,434382,171228,54806,53150,1.5860906295157287,0.23687705568282094
525,0.50365,69,359,69,434741,170869,54875,53081,1.5827652006372968,0.2370216566197812
526,0.50367,0,8,0,434749,170861,54875,53081,1.5826910963725962,0.23703012387135955
527,0.50371,25,157,25,434906,170704,54900,53056,1.5812368001778503,0.2371111905613157
528,0.50378,35,178,35,435084,170526,54935,53021,1.5795879802882655,0.23718054816213147
529,0.50379,0,3,0,435087,170523,54935,53021,1.579560191189003,0.23718373116701857
530,0.50386,65,367,65,435454,170156,55000,52956,1.5761606580458705,0.2373516440173545
531,0.50391,126,634,126,436088,169522,55126,52830,1.5702878950683612,0.2375962437936245
532,0.50392,28,178,28,436266,169344,55154,52802,1.5686390751787764,0.2376905278510529
533,0.50393,33,173,33,436439,169171,55187,52769,1.5670365704546296,0.23776245832206902
534,0.50395,137,646,137,437085,168525,55324,52632,1.5610526510800697,0.23798478004313678
535,0.504,35,188,35,437273,168337,55359,52597,1.5593112008596095,0.23806657191740518
536,0.50405,81,429,81,437702,167908,55440,52516,1.5553373596650488,0.2382499183392008
537,0.50406,97,470,97,438172,167438,55537,52419,1.5509837341138983,0.23842315687014742
538,0.50409,26,193,26,438365,167245,55563,52393,1.5491959687280004,0.2385425108587767
539,0.50415,238,1125,238,439490,166120,55801,52155,1.5387750565045017,0.23894170198144543
540,0.5042,61,235,61,439725,165885,55862,52094,1.5365982437289265,0.23898632437069625
541,0.50421,1,3,1,439728,165882,55863,52093,1.536570454629664,0.23898612226172727
542,0.50422,43,149,43,439877,165733,55906,52050,1.5351902626996183,0.2389993709334521
543,0.50427,115,519,115,440396,165214,56021,51935,1.5303827485271777,0.23916757618041068
544,0.50428,0,9,0,440405,165205,56021,51935,1.5302993812293897,0.23917748917748918
545,0.5043,31,156,31,440561,165049,56052,51904,1.5288543480677312,0.23924075721469626
546,0.50441,37,207,37,440768,164842,56089,51867,1.5269369002186075,0.23933939061137285
547,0.50443,26,67,26,440835,164775,56115,51841,1.5263162770017416,0.23932211840307271
548,0.50444,97,411,97,441246,164364,56212,51744,1.5225091704027567,0.23943583763673718
549,0.50446,0,1,0,441247,164363,56212,51744,1.5224999073696692,0.2394369455871397
550,0.50447,18,72,18,441319,164291,56230,51726,1.5218329689873653,0.23945337635463876
551,0.50451,72,338,72,441657,163953,56302,51654,1.5187020638037718,0.23957478189483644
552,0.50453,51,215,51,441872,163738,56353,51603,1.5167105116899477,0.2396338830041655
553,0.50454,64,202,64,442074,163536,56417,51539,1.5148393790062618,0.2396326862722306
554,0.50456,32,204,32,442278,163332,56449,51507,1.5129497202564008,0.2397469733149009
555,0.50458,40,196,40,442474,163136,56489,51467,1.51113416577124,0.23982423358480542
556,0.5046,265,1256,265,443730,161880,56754,51202,1.4994997962132721,0.2402924695657071
557,0.50462,186,996,186,444726,160884,56940,51016,1.4902738152580681,0.2407550731477112
558,0.50465,111,511,111,445237,160373,57051,50905,1.4855404053503278,0.24093847916015865
559,0.50466,16,64,16,445301,160309,57067,50889,1.4849475712327245,0.24095398630668852
560,0.50467,35,209,35,445510,160100,57102,50854,1.4830115973174256,0.2410667728509533
561,0.50475,102,486,102,445996,159614,57204,50752,1.4785097632368742,0.24125571622790756
562,0.50476,23,67,23,446063,159547,57227,50729,1.477889140020008,0.24124959576936977
563,0.5048,136,726,136,446789,158821,57363,50593,1.471164177998444,0.24159320771295137
564,0.50481,18,77,18,446866,158744,57381,50575,1.4704509244507022,0.24161686230108112
565,0.50482,65,309,65,447175,158435,57446,50510,1.467588647226648,0.24173825647897773
566,0.50486,44,193,44,447368,158242,57490,50466,1.46580088184075,0.2418019433850164
567,0.50487,187,908,187,448276,157334,57677,50279,1.4573900477972508,0.24217654963802845
568,0.50488,14,71,14,448347,157263,57691,50265,1.4567323724480343,0.2422082803284376
569,0.50489,53,265,53,448612,156998,57744,50212,1.4542776686798324,0.24232421215192318
570,0.50492,20,84,20,448696,156914,57764,50192,1.453499573900478,0.2423493283632536
571,0.50493,57,179,57,448875,156735,57821,50135,1.4518414909778057,0.24235026828442985
572,0.50495,201,817,201,449692,155918,58022,49934,1.444273592945274,0.24257233352117055
573,0.50498,54,282,54,449974,155636,58076,49880,1.4416614176145837,0.24270616399696374
574,0.505,125,578,125,450552,155058,58201,49755,1.4363073844899774,0.242928915645003
575,0.50503,74,256,74,450808,154802,58275,49681,1.4339360480195635,0.242959072392326
576,0.50507,106,485,106,451293,154317,58381,49575,1.4294434769720998,0.24314342887410983
577,0.50511,440,1793,440,453086,152524,58821,49135,1.412834858646115,0.24365389097436763
578,0.50517,151,649,151,453735,151875,58972,48984,1.4068231501722923,0.24387256732334622
579,0.50519,41,214,41,453949,151661,59013,48943,1.404840861091556,0.24397818587864648
580,0.5052,131,521,131,454470,151140,59144,48812,1.4000148208529402,0.2441185884612307
581,0.50521,39,155,39,454625,150985,59183,48773,1.3985790507243692,0.2441604341252916
582,0.50527,179,807,179,455432,150178,59362,48594,1.3911037830227129,0.2444710522608818
583,0.50533,138,577,138,456009,149601,59500,48456,1.3857590129311943,0.24465684121237827
584,0.50534,59,294,59,456303,149307,59559,48397,1.3830356812034532,0.24479524946384493
585,0.50537,39,128,39,456431,149179,59598,48358,1.3818500129682463,0.2448047707518085
586,0.50541,26,135,26,456566,149044,59624,48332,1.3805995035014265,0.24487273022049286
587,0.50542,64,278,64,456844,148766,59688,48268,1.3780243803030865,0.2449729488311662
588,0.50545,16,75,16,456919,148691,59704,48252,1.37732965282152,0.24500489989489344
589,0.50547,80,358,80,457277,148333,59784,48172,1.3740134869761755,0.24514388946846136
590,0.50548,44,193,44,457470,148140,59828,48128,1.3722257215902776,0.24521572543664785
591,0.50549,261,1242,261,458712,146898,60089,47867,1.3607210344955352,0.24576797679254486
592,0.50552,37,137,37,458849,146761,60126,47830,1.3594519989625402,0.24579759598337025
593,0.50555,18,98,18,458947,146663,60144,47812,1.35854422171996,0.24585165188327548
594,0.50557,319,1435,319,460382,145228,60463,47493,1.3452517692393198,0.24643396412430404
595,0.50558,284,1134,284,461516,144094,60747,47209,1.3347474897180334,0.2467760568313095
596,0.50559,116,492,116,462008,143602,60863,47093,1.3301900774389566,0.24695456094811086
597,0.5056,28,140,28,462148,143462,60891,47065,1.328893252806699,0.24702535598629066
598,0.50565,20,142,20,462290,143320,60911,47045,1.3275779021082663,0.2471305124366349
599,0.50566,143,650,143,462940,142670,61054,46902,1.3215569306013562,0.24740995505665395
600,0.50572,63,243,63,463183,142427,61117,46839,1.3193060135610803,0.247477095727706
601,0.50576,65,346,65,463529,142081,61182,46774,1.3161010041127867,0.24767149400333588
602,0.50577,37,145,37,463674,141936,61219,46737,1.3147578643150912,0.24771429934330827
603,0.50578,25,71,25,463745,141865,61244,46712,1.314100188965875,0.24770783287463477
604,0.50581,21,80,21,463825,141785,61265,46691,1.3133591463188707,0.24772915384452132
605,0.50582,218,844,218,464669,140941,61483,46473,1.305541146392975,0.247969735451994
606,0.50583,62,333,62,465002,140608,61545,46411,1.3024565563748194,0.2481619514594774
607,0.50584,37,132,37,465134,140476,61582,46374,1.3012338360072622,0.2481883864062082
608,0.5059,62,377,62,465511,140099,61644,46312,1.2977416725332542,0.2484402744473234
609,0.50592,64,264,64,465775,139835,61708,46248,1.29529623179814,0.24853425621899905
610,0.50597,78,353,78,466128,139482,61786,46170,1.2920263811182333,0.2486910994764398
611,0.506,46,249,46,466377,139233,61832,46124,1.2897198858794323,0.24883872742869165
612,0.50607,139,521,139,466898,138712,61971,45985,1.2848938456408165,0.24897534881454492
613,0.50608,130,558,130,467456,138154,62101,45855,1.2797250731779615,0.24919976740268138
614,0.50609,55,247,55,467703,137907,62156,45800,1.2774371040053356,0.24931004262221906
615,0.5061,136,543,136,468246,137364,62292,45664,1.2724072770387935,0.2494918810236685
616,0.50616,164,646,164,468892,136718,62456,45500,1.2664233576642336,0.249700907703959
617,0.50622,23,131,23,469023,136587,62479,45477,1.2652099003297639,0.24978578961244396
618,0.50657,17,69,17,469092,136518,62496,45460,1.2645707510467228,0.24981041664377013
619,0.50667,20,111,20,469203,136407,62516,45440,1.2635425543740042,0.24988039395755773
620,0.5067,28,88,28,469291,136319,62544,45412,1.2627274074622994,0.24988582025081027
621,0.50699,0,2,0,469293,136317,62544,45412,1.2627088813961242,0.2498885703437536
622,0.50703,6,14,6,469307,136303,62550,45406,1.2625791989328985,0.24988305477439202
623,0.50706,24,138,24,469445,136165,62574,45382,1.261300900366816,0.24997383597635875
624,0.50725,6,12,6,469457,136153,62580,45376,1.2611897439697655,0.24996557023946586
625,0.50737,1,3,1,469460,136150,62581,45375,1.2611619548705029,0.24996556948078777
626,0.50742,17,69,17,469529,136081,62598,45358,1.2605228055874615,0.2499903548851129
627,0.50764,24,92,24,469621,135989,62622,45334,1.2596706065434067,0.2500179238155115
628,0.50778,30,160,30,469781,135829,62652,45304,1.258188521249398,0.25011455670695015
629,0.50779,11,53,11,469834,135776,62663,45293,1.2576975804957575,0.2501422109803445
630,0.50792,7,22,7,469856,135754,62670,45286,1.2574937937678314,0.250143614670791
631,0.50794,42,161,42,470017,135593,62712,45244,1.256002445440735,0.2501921620022451
632,0.50798,23,97,23,470114,135496,62735,45221,1.2551039312312424,0.25023102419805554
633,0.50811,3,30,3,470144,135466,62738,45218,1.2548260402386158,0.25026012264505987
634,0.50814,2,28,2,470172,135438,62740,45216,1.2545666753121643,0.25029061078082965
635,0.50818,5,11,5,470183,135427,62745,45211,1.254464781948201,0.25028510058791614
636,0.5082,30,140,30,470323,135287,62775,45181,1.2531679573159435,0.2503546335084336
637,0.50823,102,497,102,470820,134790,62877,45079,1.248564229871429,0.2506212854911074
638,0.50824,42,241,42,471061,134549,62919,45037,1.2463318388973286,0.25078235497199114
639,0.50828,40,165,40,471226,134384,62959,44997,1.244803438437882,0.25084596473428067
640,0.50829,3,23,3,471249,134361,62962,44994,1.2445903886768683,0.2508656017395668
641,0.5083,1,3,1,471252,134358,62963,44993,1.2445625995776057,0.25086562104476695
642,0.50831,28,146,28,471398,134212,62991,44965,1.2432101967468228,0.25095296829392166
643,0.50835,29,153,29,471551,134059,63020,44936,1.241792952684427,0.251046118606665
644,0.50837,46,205,46,471756,133854,63066,44890,1.2398940309014783,0.25114129705053034
645,0.50841,105,416,105,472172,133438,63171,44785,1.236040609137056,0.251286309847775
646,0.50845,47,236,47,472408,133202,63218,44738,1.233854533328393,0.2514218275823311
647,0.50852,5,29,5,472437,133173,63223,44733,1.233585905368854,0.25144177262149675
648,0.50853,31,156,31,472593,133017,63254,44702,1.2321408722071956,0.2515319127386492
649,0.50857,16,94,16,472687,132923,63270,44686,1.2312701470969654,0.25159761048145085
650,0.50859,116,507,116,473194,132416,63386,44570,1.2265737893215753,0.2518278281898003
651,0.5086,20,96,20,473290,132320,63406,44550,1.2256845381451702,0.2518799117996268
652,0.50867,40,151,40,473441,132169,63446,44510,1.2242858201489495,0.2519258089529599
653,0.50873,83,264,83,473705,131905,63529,44427,1.2218403794138353,0.25195086541297096
654,0.50874,20,113,20,473818,131792,63549,44407,1.2207936566749416,0.25202753704618075
655,0.50877,6,28,6,473846,131764,63555,44401,1.22053429174849,0.25204211960378053
656,0.50878,3,27,3,473873,131737,63558,44398,1.2202841898551262,0.25206801601044654
657,0.50883,74,316,74,474189,131421,63632,44324,1.217357071399459,0.2522063216592222
658,0.50884,56,290,56,474479,131131,63688,44268,1.2146707918040682,0.2523845631959133
659,0.50887,27,135,27,474614,130996,63715,44241,1.2134202823372484,0.2524638061596581
660,0.50891,15,83,15,474697,130913,63730,44226,1.2126514505909816,0.25251942742621575
661,0.50894,64,280,64,474977,130633,63794,44162,1.2100578013264662,0.25265024743270686
662,0.50896,38,246,38,475223,130387,63832,44124,1.207779095186928,0.25284366028502503
663,0.50899,13,54,13,475277,130333,63845,44111,1.2072788914002002,0.2528662493407626
664,0.509,8,53,8,475330,130280,63853,44103,1.2067879506465597,0.2529088271219098
665,0.50901,101,476,101,475806,129804,63954,44002,1.2023787468968838,0.2531673244882225
666,0.50907,4,20,4,475826,129784,63958,43998,1.202193486235133,0.2531792705803823
667,0.50908,112,267,112,476093,129517,64070,43886,1.1997202564007559,0.25308674013713717
668,0.50909,31,114,31,476207,129403,64101,43855,1.1986642706287747,0.25311962506781793
669,0.50913,22,105,22,476312,129298,64123,43833,1.1976916521545815,0.2531782292021648
670,0.5092,78,367,78,476679,128931,64201,43755,1.194292119011449,0.2533789652896008
671,0.50921,22,51,22,476730,128880,64223,43733,1.1938197043239838,0.25335866939338286
672,0.50923,6,15,6,476745,128865,64229,43727,1.1936807588276706,0.25335473254843793
673,0.50925,8,20,8,476765,128845,64237,43719,1.1934954981659194,0.25334948193134144
674,0.50926,75,329,75,477094,128516,64312,43644,1.1904479602801141,0.25350836431226764
675,0.5093,162,505,162,477599,128011,64474,43482,1.1857701285708993,0.2535497075682389
676,0.50933,25,92,25,477691,127919,64499,43457,1.1849179295268442,0.25357693025861267
677,0.50935,115,441,115,478132,127478,64614,43342,1.1808329319352329,0.25372907153729074
678,0.50938,65,322,65,478454,127156,64679,43277,1.1778502352810405,0.2539238293053575
679,0.50942,26,82,26,478536,127074,64705,43251,1.1770906665678609,0.25393218846323207
680,0.50946,32,145,32,478681,126929,64737,43219,1.1757475267701656,0.25400827514869406
681,0.50948,146,564,146,479245,126365,64883,43073,1.170523176108785,0.2542109798274295
682,0.50949,43,150,43,479395,126215,64926,43030,1.1691337211456518,0.25424680197347044
683,0.5095,167,506,167,479901,125709,65093,42863,1.1644466264033495,0.25427117196212895
684,0.50952,78,317,78,480218,125392,65171,42785,1.1615102449145949,0.25440458564488605
685,0.50959,78,306,78,480524,125086,65249,42707,1.1586757567898032,0.2545219407245833
686,0.50962,44,175,44,480699,124911,65293,42663,1.1570547259994812,0.25459200114576247
687,0.50965,137,531,137,481230,124380,65430,42526,1.15213605542999,0.2547901213856901
688,0.50966,63,252,63,481482,124128,65493,42463,1.1498017710919264,0.25489372174967434
689,0.50967,71,307,71,481789,123821,65564,42392,1.1469580199340472,0.25504623585399455
690,0.5097,42,153,42,481942,123668,65606,42350,1.1455407758716514,0.25509282126034527
691,0.50971,8,24,8,481966,123644,65614,42342,1.1453184630775501,0.255093803091827
692,0.50982,39,140,39,482106,123504,65653,42303,1.1440216384452926,0.2551339810743817
693,0.50991,77,217,77,482323,123287,65730,42226,1.1420115602652932,0.2551219541667422
694,0.50997,92,349,92,482672,122938,65822,42134,1.138778761717737,0.25524619559949596
695,0.50998,95,287,95,482959,122651,65917,42039,1.1361202712216087,0.2552614002064485
696,0.51002,37,109,37,483068,122542,65954,42002,1.1351106006150653,0.255263029949436
697,0.51006,164,588,164,483656,121954,66118,41838,1.1296639371595836,0.2554337208166455
698,0.51015,142,471,142,484127,121483,66260,41696,1.1253010485753454,0.2555230758859902
699,0.51016,37,110,37,484237,121373,66297,41659,1.1242821149357145,0.2555265224005103
700,0.5103,110,323,110,484560,121050,66407,41549,1.1212901552484345,0.2555304768172006
701,0.51038,2,2,2,484562,121048,66409,41547,1.1212716291822595,0.25552446262185186
702,0.51041,111,310,111,484872,120738,66520,41436,1.1184000889251176,0.25550334825557736
703,0.51047,97,352,97,485224,120386,66617,41339,1.1151395012782985,0.2556129231720513
704,0.51053,48,185,48,485409,120201,66665,41291,1.113425840157101,0.2556844921110643
705,0.5106,0,3,0,485412,120198,66665,41291,1.1133980510578383,0.2556892419917146
706,0.51064,31,111,31,485523,120087,66696,41260,1.11236985438512,0.255722139240271
707,0.5107,2,4,2,485527,120083,66698,41258,1.1123328022527696,0.25571925301070403
708,0.51086,32,99,32,485626,119984,66730,41226,1.1114157619771017,0.255728552819304
709,0.51099,54,196,54,485822,119788,66784,41172,1.109600207491941,0.2557902584493042
710,0.51103,31,103,31,485925,119685,66815,41141,1.108646115083923,0.25581062763483514
711,0.51136,1,2,1,485927,119683,66816,41140,1.108627589017748,0.2558091815225434
712,0.51137,360,1395,360,487322,118288,67176,40780,1.09570565786061,0.2563683456131969
713,0.51153,0,4,0,487326,118284,67176,40780,1.0956686057282596,0.25637479253633755
714,0.51154,60,149,60,487475,118135,67236,40720,1.094288413798214,0.25633439299990557
715,0.5116,53,196,53,487671,117939,67289,40667,1.0924728593130535,0.25640265815921215
716,0.51162,250,851,250,488522,117088,67539,40417,1.0845900181555448,0.2566077267388337
717,0.51164,61,215,61,488737,116873,67600,40356,1.0825984660417207,0.25667020715008043
718,0.51166,27,88,27,488825,116785,67627,40329,1.081783319130016,0.25668622783456596
719,0.51168,10,13,10,488838,116772,67637,40319,1.0816628996998778,0.25666015239574513
720,0.51173,375,1441,375,490279,115331,68012,39944,1.068314869020712,0.25724682015778455
721,0.51176,54,179,54,490458,115152,68066,39890,1.06665678609804,0.25728512274093474
722,0.51179,44,103,44,490561,115049,68110,39846,1.0657026936900218,0.25724523064011107
723,0.51184,44,114,44,490675,114935,68154,39802,1.0646467079180406,0.2572235470508023
724,0.51188,108,295,108,490970,114640,68262,39694,1.0619141131572123,0.25719543328106576
725,0.5119,7,27,7,490997,114613,68269,39687,1.0616640112638482,0.25720674011665584
726,0.51195,460,1770,460,492767,112843,68729,39227,1.0452684426988774,0.25795357401196817
727,0.51203,369,1437,369,494204,111406,69098,38858,1.031957464152062,0.2585982005004525
728,0.51207,25,89,25,494293,111317,69123,38833,1.0311330542072696,0.2586280386280386
729,0.51208,417,1051,417,495344,110266,69540,38416,1.02139760643225,0.25837693870138956
730,0.5121,57,208,57,495552,110058,69597,38359,1.019470895550039,0.258454220203885
731,0.51211,12,37,12,495589,110021,69609,38347,1.0191281633257994,0.25845869729321685
732,0.51212,82,315,82,495904,109706,69691,38265,1.0162103079032199,0.2585979685208588
733,0.51218,151,652,151,496556,109054,69842,38114,1.0101708103301346,0.2589829310719722
734,0.51222,353,1078,353,497634,107976,70195,37761,1.0001852606617512,0.2591037279482904
735,0.51229,50,158,50,497792,107818,70245,37711,0.9987217014339175,0.2591304825842272
736,0.51231,86,303,86,498095,107515,70331,37625,0.9959150024083886,0.259232465206008
737,0.51233,221,604,221,498699,106911,70552,37404,0.9903201304235059,0.2591830371063299
738,0.5124,186,804,186,499503,106107,70738,37218,0.9828726518211123,0.2596755625327054
739,0.51244,59,201,59,499704,105906,70797,37159,0.981010782170514,0.25973508545066926
740,0.51245,1102,3744,1102,503448,102162,71899,36057,0.9463299862907111,0.2608686215353895
741,0.51246,317,1425,317,504873,100737,72216,35740,0.9331301641409463,0.26187562739509224
742,0.51255,109,335,109,505208,100402,72325,35631,0.9300270480566156,0.26192909073533627
743,0.51258,10,25,10,505233,100377,72335,35621,0.9297954722294268,0.26192296945543314
744,0.5126,31,135,31,505368,100242,72366,35590,0.928544962762607,0.2620148418634784
745,0.51261,60,185,60,505553,100057,72426,35530,0.9268313016414095,0.26204577134976065
746,0.51268,438,1536,438,507089,98521,72864,35092,0.9126032828189262,0.26263911445742555
747,0.51269,62,163,62,507252,98358,72926,35030,0.9110934084256549,0.26261732689597267
748,0.5127,262,820,262,508072,97538,73188,34768,0.9034977212938604,0.2627847565492117
749,0.51271,271,815,271,508887,96723,73459,34497,0.8959483493275038,0.2628943758573388
750,0.51277,811,2915,811,511802,93808,74270,33686,0.8689466078772833,0.26421635527946413
751,0.51278,798,2918,798,514720,90890,75068,32888,0.8419170773278002,0.2657014978429123
752,0.5128,14,23,14,514743,90867,75082,32874,0.8417040275667864,0.2656678061434771
753,0.51283,9,14,9,514757,90853,75091,32865,0.8415743451035607,0.26564444947380333
754,0.51285,55,201,55,514958,90652,75146,32810,0.8397124754529623,0.26574978535905786
755,0.51292,379,1124,379,516082,89528,75525,32431,0.8293008262625514,0.26591723448044013
756,0.51295,503,1631,503,517713,87897,76028,31928,0.8141928192967506,0.26645524723555186
757,0.51296,40,117,40,517830,87780,76068,31888,0.8131090444255067,0.2664705685730521
758,0.513,776,2956,776,520786,84824,76844,31112,0.7857275186186965,0.2683549544576318
759,0.51306,46,193,46,520979,84631,76890,31066,0.7839397532327985,0.26851171594769097
760,0.51307,140,477,140,521456,84154,77030,30926,0.7795212864500352,0.26873479318734794
761,0.5131,93,283,93,521739,83871,77123,30833,0.7768998480862573,0.26880492397823963
762,0.51318,48,154,48,521893,83717,77171,30785,0.775473340990774,0.2688599325775969
763,0.5132,202,659,202,522552,83058,77373,30583,0.7693690021860758,0.26911941992766697
764,0.51322,46,144,46,522696,82914,77419,30537,0.768035125421468,0.26916466139566864
765,0.51324,475,1627,475,524323,81287,77894,30062,0.7529641705880173,0.2699799728780681
766,0.51327,712,2191,712,526514,79096,78606,29350,0.7326688650931861,0.27064160964904194
767,0.51328,7,27,7,526541,79069,78613,29343,0.7324187631998221,0.270661919344722
768,0.51329,197,566,197,527107,78503,78810,29146,0.7271758864722665,0.27075030887421153
769,0.51331,35,146,35,527253,78357,78845,29111,0.7258234836414835,0.2708806342353072
770,0.51333,326,1112,326,528365,77245,79171,28785,0.7155229908481233,0.27147976987645006
771,0.51334,80,234,80,528599,77011,79251,28705,0.7133554411056356,0.2715293806046388
772,0.51335,348,1009,348,529608,76002,79599,28357,0.7040090407202935,0.27172548606253416
773,0.51337,346,1150,346,530758,74852,79945,28011,0.6933565526696062,0.27231365991658807
774,0.51339,19,60,19,530818,74792,79964,27992,0.6928007706843529,0.2723381070983811
775,0.51344,489,1651,489,532469,73141,80453,27503,0.677507503056801,0.2732701402964906
776,0.5135,15,53,15,532522,73088,80468,27488,0.6770165623031605,0.27330575882914415
777,0.51351,78,285,78,532807,72803,80546,27410,0.6743765978732076,0.273517407921128
778,0.51353,19,52,19,532859,72751,80565,27391,0.6738949201526547,0.27352159932895287
779,0.51357,423,1088,423,533947,71663,80988,26968,0.6638167401533959,0.2734231631028784
780,0.51359,190,634,190,534581,71029,81178,26778,0.6579439771758865,0.2737840849836924
781,0.51361,472,1540,472,536121,69489,81650,26306,0.6436789062210531,0.274607234198027
782,0.51363,10,29,10,536150,69460,81660,26296,0.643410278261514,0.2746146455574585
783,0.51366,689,2148,689,538298,67312,82349,25607,0.6235132831894475,0.2755841108922825
784,0.51371,745,2080,745,540378,65232,83094,24862,0.6042461743673349,0.2759562234999001
785,0.51373,8,15,8,540393,65217,83102,24854,0.6041072288710215,0.2759378712349147
786,0.51375,13,21,13,540414,65196,83115,24841,0.6039127051761829,0.27589768650665836
787,0.51376,497,1588,497,542002,63608,83612,24344,0.5892030086331468,0.27678733854829907
788,0.51377,92,288,92,542290,63320,83704,24252,0.5865352551039312,0.2769378340108711
789,0.51383,27,147,27,542437,63173,83731,24225,0.5851735892400608,0.27718025584109474
790,0.51387,876,2743,876,545180,60430,84607,23349,0.5597650894808996,0.27869752563291517
791,0.51395,429,1095,429,546275,59335,85036,22920,0.5496220682500278,0.2786456750349523
792,0.51399,52,166,52,546441,59169,85088,22868,0.5480844047574938,0.2787522703170521
793,0.51401,49,154,49,546595,59015,85137,22819,0.5466578976620105,0.2788449788596427
794,0.51402,54,164,54,546759,58851,85191,22765,0.5451387602356516,0.27892815134287396
795,0.51403,15,19,15,546778,58832,85206,22750,0.5449627626069881,0.2788605329607021
796,0.51409,0,2,0,546780,58830,85206,22750,0.5449442365408129,0.2788673694532974
797,0.51411,42,152,42,546932,58678,85248,22708,0.5435362555115046,0.2790160469859681
798,0.51417,15,20,15,546952,58658,85263,22693,0.5433509948497536,0.27895170311366796
799,0.51422,222,639,222,547591,58019,85485,22471,0.5374319167068065,0.27917753758230834
800,0.51424,402,1127,402,548718,56892,85887,22069,0.5269924784171329,0.27949240764428007
801,0.51431,43,165,43,548883,56727,85930,22026,0.5254640779576865,0.2796845834444402
802,0.51433,395,1071,395,549954,55656,86325,21631,0.515543369520916,0.27987889295741847
803,0.51435,17,69,17,550023,55587,86342,21614,0.5149042202378747,0.27997046670379916
804,0.51437,425,1043,425,551066,54544,86767,21189,0.5052428767275556,0.27978556243645436
805,0.5144,41,151,41,551217,54393,86808,21148,0.503844158731335,0.279953932301664
806,0.5145,432,1072,432,552289,53321,87240,20716,0.4939141872614769,0.2798060429244837
807,0.51457,25,74,25,552363,53247,87265,20691,0.4932287228129979,0.2798425708025643
808,0.51472,0,7,0,552370,53240,87265,20691,0.493163881581385,0.27986906710310966
809,0.51485,79,213,79,552583,53027,87344,20612,0.491190855533736,0.2799060280557857
810,0.5149,29,87,29,552670,52940,87373,20583,0.49038497165511874,0.27995321192007944
811,0.51501,42,141,42,552811,52799,87415,20541,0.4890788839897736,0.28007908371966184
812,0.51509,128,428,128,553239,52371,87543,20413,0.4851143058283004,0.28045999120685866
813,0.51524,39,116,39,553355,52255,87582,20374,0.48403979399014413,0.2805215547508571
814,0.5153,30,105,30,553460,52150,87612,20344,0.48306717551595096,0.28063012111347146
815,0.51531,41,138,41,553598,52012,87653,20303,0.48178887694986844,0.28075779575468435
816,0.51533,99,294,99,553892,51718,87752,20204,0.4790655452221275,0.28091543616695863
817,0.51535,50,144,50,554036,51574,87802,20154,0.47773166845751974,0.2809781396386348
818,0.51546,64,179,64,554215,51395,87866,20090,0.4760735855348475,0.2810379799958033
819,0.51548,36,154,36,554369,51241,87902,20054,0.4746470784393642,0.28128199733501646
820,0.51549,70,221,70,554590,51020,87972,19984,0.4725999481270147,0.2814489324545096
821,0.5155,29,86,29,554676,50934,88001,19955,0.47180332728148505,0.28149642398679625
822,0.51552,40,120,40,554796,50814,88041,19915,0.47069176331097856,0.28156767379716946
823,0.51556,31,89,31,554885,50725,88072,19884,0.46986735336618624,0.2816071605602685
824,0.51558,122,408,122,555293,50317,88194,19762,0.46608803586646413,0.2819960330484168
825,0.51568,28,82,28,555375,50235,88222,19734,0.4653284671532847,0.2820391887836042
826,0.5158,120,312,120,555687,49923,88342,19614,0.4624384008299678,0.2820656628845075
827,0.51581,233,697,233,556384,49226,88575,19381,0.4559820667679425,0.28249304006879766
828,0.51588,36,192,36,556576,49034,88611,19345,0.4542035644151321,0.28290849529826406
829,0.5159,81,288,81,556864,48746,88692,19264,0.4515358108859165,0.2832524628731069
830,0.51597,104,287,104,557151,48459,88796,19160,0.44887732038978845,0.2833523122199382
831,0.516,73,225,73,557376,48234,88869,19087,0.44679313794508874,0.28352222931923177
832,0.51602,86,297,86,557673,47937,88955,19001,0.44404201711808516,0.2838596910573964
833,0.51604,67,176,67,557849,47761,89022,18934,0.4424117232946756,0.2838893470275133
834,0.51605,105,431,105,558280,47330,89127,18829,0.4384193560339398,0.2846022461040826
835,0.51607,114,293,114,558573,47037,89241,18715,0.4357052873392864,0.2846301253193819
836,0.5161,67,239,67,558812,46798,89308,18648,0.4334914224313609,0.284937200134462
837,0.51613,70,219,70,559031,46579,89378,18578,0.43146281818518656,0.28512669398529705
838,0.51616,192,595,192,559626,45984,89570,18386,0.4259513134980918,0.28562995184091966
839,0.51619,53,118,53,559744,45866,89623,18333,0.42485827559376044,0.2855651957195595
840,0.51624,45,135,45,559879,45731,89668,18288,0.4236077661269406,0.28566519314578487
841,0.51627,164,405,164,560284,45326,89832,18124,0.4198562377264812,0.2856422379826635
842,0.51631,474,1408,474,561692,43918,90306,17650,0.40681388713920486,0.28667489604989604
843,0.51638,327,743,327,562435,43175,90633,17323,0.3999314535551521,0.2863400442989851
844,0.51639,47,147,47,562582,43028,90680,17276,0.39856978769128165,0.28648182541788275
845,0.51641,73,134,73,562716,42894,90753,17203,0.39732854125754935,0.28625388954523523
846,0.51645,77,221,77,562937,42673,90830,17126,0.3952814109451999,0.2863927490426261
847,0.51655,89,262,89,563199,42411,90919,17037,0.3928544962762607,0.2865865966895438
848,0.51657,58,160,58,563359,42251,90977,16979,0.391372410982252,0.2866621644436941
849,0.51662,100,297,100,563656,41954,91077,16879,0.38862129015524843,0.2868968096136522
850,0.51663,331,1019,331,564675,40935,91408,16548,0.3791822594390307,0.28787641563592714
851,0.51671,398,1193,398,565868,39742,91806,16150,0.3681314609655786,0.28895011808487797
852,0.51672,80,277,80,566145,39465,91886,16070,0.3655656008003261,0.2893670658143513
853,0.51677,114,266,114,566411,39199,92000,15956,0.36310163399903667,0.28929380835826307
854,0.51679,323,936,323,567347,38263,92323,15633,0.3544314350290859,0.29005863143832566
855,0.51681,189,579,189,567926,37684,92512,15444,0.34906813887139204,0.29069417256437285
856,0.51694,150,478,150,568404,37206,92662,15294,0.34464040905554116,0.2913142857142857
857,0.51695,320,747,320,569151,36459,92982,14974,0.33772092333913817,0.2911360410631307
858,0.517,61,167,61,569318,36292,93043,14913,0.3361739968135166,0.2912410897373303
859,0.51703,98,253,98,569571,36039,93141,14815,0.3338304494423654,0.29132418295512647
860,0.51704,80,147,80,569718,35892,93221,14735,0.33246878357849496,0.29105023011436587
861,0.51705,178,454,178,570172,35438,93399,14557,0.3282633665567453,0.2911691169116912
862,0.51711,49,134,49,570306,35304,93448,14508,0.32702212012301307,0.2912551192483739
863,0.51712,297,707,297,571013,34597,93745,14211,0.32047315573011226,0.29116128503524014
864,0.51723,127,318,127,571331,34279,93872,14084,0.31752751120827005,0.291214358083659
865,0.51727,159,423,159,571754,33856,94031,13925,0.3136092482122346,0.2914338335321571
866,0.51731,199,530,199,572284,33326,94230,13726,0.3086998406758309,0.2917197993709088
867,0.51734,64,161,64,572445,33165,94294,13662,0.30720849234873465,0.2917547568710359
868,0.51742,267,707,267,573152,32458,94561,13395,0.30065952795583384,0.29212919547248817
869,0.51745,200,522,200,573674,31936,94761,13195,0.29582422468413055,0.2923710974718043
870,0.51759,67,168,67,573842,31768,94828,13128,0.2942680351254215,0.29240912330719887
871,0.5176,182,582,182,574424,31186,95010,12946,0.2888769498684649,0.2933472310341702
872,0.51761,73,161,73,574585,31025,95083,12873,0.2873856015413687,0.2932479839628229
873,0.51766,163,378,163,574963,30647,95246,12710,0.2838841750342732,0.2931475886246742
874,0.51768,311,768,311,575731,29879,95557,12399,0.2767701656230316,0.293273097119069
875,0.51773,331,927,331,576658,28952,95888,12068,0.26818333395086885,0.29419795221843004
876,0.51792,80,164,80,576822,28788,95968,11988,0.26666419652451,0.29399646851088873
877,0.51809,182,417,182,577239,28371,96150,11806,0.2628015117269999,0.293849715011076
878,0.5182,178,408,178,577647,27963,96328,11628,0.2590221942272778,0.2937031143441691
879,0.51823,157,401,157,578048,27562,96485,11471,0.25530771795916857,0.2938795378269669
880,0.51834,163,414,163,578462,27148,96648,11308,0.2514728222609211,0.2940503432494279
881,0.51871,65,208,65,578670,26940,96713,11243,0.24954611137870986,0.294450409868266
882,0.519,28,101,28,578771,26839,96741,11215,0.24861054503686686,0.29471277658064854
883,0.51921,42,117,42,578888,26722,96783,11173,0.24752677016562302,0.29484100804855523
884,0.51922,34,117,34,579005,26605,96817,11139,0.24644299529437919,0.29511975413310726
885,0.51951,65,194,65,579199,26411,96882,11074,0.24464596687539367,0.2954248366013072
886,0.51971,51,171,51,579370,26240,96933,11023,0.24306198821742192,0.29581622520999384
887,0.51989,46,103,46,579473,26137,96979,10977,0.24210789580940384,0.2957644015735302
888,0.51995,47,110,47,579583,26027,97026,10930,0.24108896216977288,0.2957491138349974
889,0.51998,72,197,72,579780,25830,97098,10858,0.2392641446515247,0.29595508068033144
890,0.52008,30,145,30,579925,25685,97128,10828,0.23792100485382933,0.2965519130172815
891,0.52011,58,142,58,580067,25543,97186,10770,0.23660565415539664,0.2965879987883127
892,0.52013,94,223,94,580290,25320,97280,10676,0.23453999777687207,0.29658850983442603
893,0.52015,38,107,38,580397,25213,97318,10638,0.23354885323650376,0.296728124738501
894,0.52018,38,118,38,580515,25095,97356,10600,0.23245581533217236,0.29696035859364056
895,0.5203,41,143,41,580658,24952,97397,10559,0.23113120160065212,0.29734448480752446
896,0.52039,189,543,189,581201,24409,97586,10370,0.2261013746341102,0.2981684349751287
897,0.5204,177,533,177,581734,23876,97763,10193,0.22116417799844382,0.2991869441427691
898,0.52042,90,262,90,581996,23614,97853,10103,0.2187372633295046,0.29964113058694425
899,0.52045,85,281,85,582277,23333,97938,10018,0.21613435103190187,0.3003807981769662
900,0.52046,112,288,112,582565,23045,98050,9906,0.2134665975026863,0.30062820551728325
901,0.52047,74,230,74,582795,22815,98124,9832,0.2113360998925488,0.301160902992618
902,0.5206,187,515,187,583310,22300,98311,9645,0.2065656378524584,0.301925183909845
903,0.52063,55,133,55,583443,22167,98366,9590,0.2053336544518137,0.30198066568000753
904,0.52066,66,144,66,583587,22023,98432,9524,0.2039997776872059,0.30189875423970586
905,0.52069,99,261,99,583848,21762,98531,9425,0.20158212605135425,0.30220925385577324
906,0.52078,88,298,88,584146,21464,98619,9337,0.1988217421912631,0.30313950845751764
907,0.5208,100,277,100,584423,21187,98719,9237,0.1962558820260106,0.3036089929003418
908,0.52089,138,335,138,584758,20852,98857,9099,0.19315276594167993,0.30379620046075256
909,0.5209,47,152,47,584910,20700,98904,9052,0.1917447849123717,0.3042484538854531
910,0.52094,79,223,79,585133,20477,98983,8973,0.18967912853384714,0.3046859083191851
911,0.52095,38,106,38,585239,20371,99021,8935,0.18869724702656637,0.3048863713915239
912,0.52097,40,106,40,585345,20265,99061,8895,0.18771536551928564,0.30504115226337447
913,0.52101,197,524,197,585869,19741,99258,8698,0.18286153618140724,0.30584760364288477
914,0.52104,98,295,98,586164,19446,99356,8600,0.18012894142057875,0.3066390929187763
915,0.52106,50,139,50,586303,19307,99406,8550,0.1788413798214087,0.30692465089564563
916,0.52119,214,638,214,586941,18669,99620,8336,0.17293156471154916,0.308683577115349
917,0.52123,54,147,54,587088,18522,99674,8282,0.17156989884767868,0.30898373377107896
918,0.52127,122,321,122,587409,18201,99796,8160,0.1685964652265738,0.30954819619893026
919,0.52136,78,176,78,587585,18025,99874,8082,0.16696617140316425,0.3095721454016164
920,0.52142,50,158,50,587743,17867,99924,8032,0.1655026121753307,0.3101278041623229
921,0.52143,116,355,116,588098,17512,100040,7916,0.16221423542924895,0.3113103665250905
922,0.52144,89,294,89,588392,17218,100129,7827,0.15949090370150804,0.3125174685565981
923,0.52149,160,343,160,588735,16875,100289,7667,0.15631368335247695,0.31240322712085405
924,0.5215,165,320,165,589055,16555,100454,7502,0.1533495127644596,0.3118427069044353
925,0.52151,91,207,91,589262,16348,100545,7411,0.15143206491533587,0.3119239025211499
926,0.52158,114,203,114,589465,16145,100659,7297,0.1495516691985624,0.31127890111765205
927,0.52162,120,303,120,589768,15842,100779,7177,0.14674497017303345,0.31178591598244926
928,0.52166,90,209,90,589977,15633,100869,7087,0.14480899625773463,0.3119278169014085
929,0.52175,40,84,40,590061,15549,100909,7047,0.14403090147838007,0.3118693574083909
930,0.52181,143,371,143,590432,15178,101052,6904,0.14059431620289747,0.3126528394167195
931,0.52182,88,210,88,590642,14968,101140,6816,0.1386490792545111,0.3128901946382666
932,0.52189,158,357,158,590999,14611,101298,6658,0.13534217644225424,0.31303775447834875
933,0.52191,39,100,39,591099,14511,101337,6619,0.13441587313349884,0.3132513014671084
934,0.52198,120,332,120,591431,14179,101457,6499,0.13134054614843085,0.3142953864010059
935,0.52212,41,109,41,591540,14070,101498,6458,0.13033087554188744,0.3145946999220577
936,0.52214,102,220,102,591760,13850,101600,6356,0.12829300826262552,0.3145600316737603
937,0.52215,97,217,97,591977,13633,101697,6259,0.12628293008262625,0.3146491051679067
938,0.52231,93,178,93,592155,13455,101790,6166,0.1246341101930416,0.31425513480454614
939,0.52232,43,98,43,592253,13357,101833,6123,0.1237263329504613,0.3143223819301848
940,0.52233,53,102,53,592355,13255,101886,6070,0.12278150357553078,0.31410090556274256
941,0.52247,90,217,90,592572,13038,101976,5980,0.12077142539553151,0.31443895257124826
942,0.52251,83,191,83,592763,12847,102059,5897,0.11900218607580866,0.31460734101579174
943,0.52378,11,20,11,592783,12827,102070,5886,0.11881692541405758,0.3145406936354406
944,0.524,9,36,9,592819,12791,102079,5877,0.11848345622290563,0.31481679880008573
945,0.52416,30,119,30,592938,12672,102109,5847,0.11738115528548668,0.31572979102543336
946,0.52425,81,248,81,593186,12424,102190,5766,0.11508392307977323,0.3169873556899395
947,0.52426,30,59,30,593245,12365,102220,5736,0.11453740412760754,0.3168885696922822
948,0.52429,30,61,30,593306,12304,102250,5706,0.11397235910926674,0.31682398667406997
949,0.52439,45,152,45,593458,12152,102295,5661,0.1125643780799585,0.31780160556896647
950,0.52451,25,61,25,593519,12091,102320,5636,0.11199933306161769,0.3179330964066114
951,0.52461,95,229,95,593748,11862,102415,5541,0.10987809848456778,0.3183933804516463
952,0.52467,5,25,5,593773,11837,102420,5536,0.10964652265737893,0.3186553847924941
953,0.52475,97,209,97,593982,11628,102517,5439,0.10771054874208011,0.3186851819300404
954,0.52476,19,37,19,594019,11591,102536,5420,0.10736781651784061,0.3186173652342602
955,0.52478,12,44,12,594063,11547,102548,5408,0.10696024306198822,0.31896195812444705
956,0.52479,37,71,37,594134,11476,102585,5371,0.10630256771277187,0.3188104707069508
957,0.52485,84,251,84,594385,11225,102669,5287,0.10397754640779577,0.3201913759689923
958,0.52489,11,26,11,594411,11199,102680,5276,0.10373670754751936,0.32024279210925644
959,0.5249,74,255,74,594666,10944,102754,5202,0.10137463411019304,0.3221850613154961
960,0.52493,16,27,16,594693,10917,102770,5186,0.10112453221682907,0.3220517915916289
961,0.52506,38,81,38,594774,10836,102808,5148,0.1003742265367372,0.32207207207207206
962,0.52514,72,167,72,594941,10669,102880,5076,0.09882730001111564,0.32238805970149254
963,0.52521,26,42,26,594983,10627,102906,5050,0.09843825262143836,0.3221279581552593
964,0.52526,16,23,16,595006,10604,102922,5034,0.09822520286042462,0.32190817240056274
965,0.52528,109,262,109,595268,10342,103031,4925,0.09579828819148542,0.3225912097989127
966,0.52531,85,170,85,595438,10172,103116,4840,0.0942235725666012,0.3224087396749267
967,0.52534,61,156,61,595594,10016,103177,4779,0.09277853940494275,0.323014531936465
968,0.52546,23,48,23,595642,9968,103200,4756,0.09233391381674015,0.3230100516164086
969,0.5255,95,183,95,595825,9785,103295,4661,0.09063877876171773,0.3226498684757026
970,0.5256,72,176,72,596001,9609,103367,4589,0.0890084849383082,0.32321453725876886
971,0.52566,73,173,73,596174,9436,103440,4516,0.08740598021416132,0.32368119266055045
972,0.52567,19,42,19,596216,9394,103459,4497,0.08701693282448406,0.32373479231156865
973,0.52568,23,36,23,596252,9358,103482,4474,0.0866834636333321,0.3234528629265471
974,0.52575,13,18,13,596270,9340,103495,4461,0.08651672903775612,0.32323744656184333
975,0.52582,88,178,88,596448,9162,103583,4373,0.08486790914817148,0.323088289619505
976,0.52585,53,92,53,596540,9070,103636,4320,0.08401571010411649,0.32262882748319643
977,0.52616,48,86,48,596626,8984,103684,4272,0.08321908925858683,0.32226916113458054
978,0.52617,65,114,65,596740,8870,103749,4207,0.08216310348660566,0.32170987229486886
979,0.5262,41,92,41,596832,8778,103790,4166,0.08131090444255067,0.3218479604449938
980,0.52631,49,89,49,596921,8689,103839,4117,0.08048649449775834,0.3214899265969077
981,0.52634,14,30,14,596951,8659,103853,4103,0.08020860350513172,0.32150133207961135
982,0.527,169,378,169,597329,8281,104022,3934,0.07670717699803624,0.32206303724928365
983,0.52739,64,180,64,597509,8101,104086,3870,0.07503983104227649,0.3232812630523766
984,0.5275,115,243,115,597752,7858,104201,3755,0.07278891400200081,0.3233445276844915
985,0.52761,94,224,94,597976,7634,104295,3661,0.07071399459038867,0.32412571934484286
986,0.52766,158,407,158,598383,7227,104453,3503,0.06694394012375413,0.3264678471575023
987,0.52782,153,378,153,598761,6849,104606,3350,0.06344251361665863,0.32846357486028044
988,0.52806,112,227,112,598988,6622,104718,3238,0.06133980510578384,0.3283975659229209
989,0.52813,136,391,136,599379,6231,104854,3102,0.05771795916855015,0.3323690131790421
990,0.52828,61,109,61,599488,6122,104915,3041,0.05670828856200674,0.33187820582778566
991,0.52833,128,275,128,599763,5847,105043,2913,0.054160954462929345,0.3325342465753425
992,0.52841,111,212,111,599975,5635,105154,2802,0.052197191448367854,0.33210856939670497
993,0.5285,53,107,53,600082,5528,105207,2749,0.051206046907999556,0.3321251661229914
994,0.52853,187,472,187,600554,5056,105394,2562,0.04683389529067398,0.33630874245208714
995,0.52855,122,232,122,600786,4824,105516,2440,0.0446848716143614,0.33590308370044053
996,0.52861,117,222,117,601008,4602,105633,2323,0.04262847826892437,0.33545126353790616
997,0.52877,69,99,69,601107,4503,105702,2254,0.04171143799325651,0.33357999112031966
998,0.52891,63,117,63,601224,4386,105765,2191,0.04062766312201267,0.3331306066595712
999,0.5291,105,263,105,601487,4123,105870,2086,0.03819148541998592,0.3359639233370913
1000,0.52922,66,122,66,601609,4001,105936,2020,0.03706139538330431,0.3354924431157615
1001,0.52942,84,123,84,601732,3878,106020,1936,0.035922042313535144,0.33298933608531134
1002,0.52958,60,117,60,601849,3761,106080,1876,0.03483826744229131,0.3328011353556857
1003,0.53085,120,305,120,602154,3456,106200,1756,0.03201304235058727,0.33691481197237144
1004,0.53108,63,158,63,602312,3298,106263,1693,0.030549483122753716,0.3392105790422761
1005,0.5313,56,155,56,602467,3143,106319,1637,0.029113712994182816,0.34246861924686195
1006,0.53135,93,197,93,602664,2946,106412,1544,0.02728889547593464,0.3438752783964365
1007,0.53152,143,309,143,602973,2637,106555,1401,0.024426618251880396,0.34695393759286774
1008,0.53167,92,300,92,603273,2337,106647,1309,0.021647708325614138,0.35902358749314317
1009,0.53177,95,191,95,603464,2146,106742,1214,0.01987846900589129,0.3613095238095238
1010,0.53196,134,291,134,603755,1855,106876,1080,0.01718292637741302,0.3679727427597956
1011,0.53197,50,59,50,603814,1796,106926,1030,0.016636407425247322,0.36447275300778487
1012,0.53219,47,94,47,603908,1702,106973,983,0.01576568231501723,0.3661080074487896
1013,0.53223,193,349,193,604257,1353,107166,790,0.012532883767460817,0.3686420905272982
1014,0.53226,97,171,97,604428,1182,107263,693,0.010948905109489052,0.3696
1015,0.53234,93,165,93,604593,1017,107356,600,0.00942050465004261,0.37105751391465674
1016,0.53245,96,182,96,604775,835,107452,504,0.007734632628107747,0.3764002987303958
1017,0.53247,65,105,65,604880,730,107517,439,0.0067620141539145575,0.37553464499572287
1018,0.53256,97,158,97,605038,572,107614,342,0.005298454926080996,0.3741794310722101
1019,0.53276,70,88,70,605126,484,107684,272,0.004483308014376228,0.35978835978835977
1020,0.53293,92,202,92,605328,282,107776,180,0.002612175330690281,0.38961038961038963
1021,0.53312,65,105,65,605433,177,107841,115,0.0016395568564970915,0.3938356164383562
1022,0.53322,53,86,53,605519,91,107894,62,0.0008429360109674311,0.40522875816993464
1023,0.53341,62,91,62,605610,0,107956,0,0.0,
