,y_proba,y_test,Neg,Pos,TN,FP,FN,TP,FP/P,Prec
0,0.4367,6,710,6,710,604900,6,107950,5.603208714661529,0.1514343831100512
1,0.4371,7,626,7,1336,604274,13,107943,5.597410055948719,0.15155914559747943
2,0.4374,4,665,4,2001,603609,17,107939,5.5912501389454965,0.15169602050740078
3,0.4377,3,632,3,2633,602977,20,107936,5.585395902034162,0.15182729813634016
4,0.4379,7,752,7,3385,602225,27,107929,5.578430101152321,0.15197971144287015
5,0.4399,2,106,2,3491,602119,29,107927,5.57744821964504,0.15200001126687568
6,0.4401,4,275,4,3766,601844,33,107923,5.574900885545963,0.1520541248043372
7,0.442,5,315,5,4081,601529,38,107918,5.571983030123383,0.15211566191695786
8,0.4428,6,342,6,4423,601187,44,107912,5.56881507280744,0.1521818533096225
9,0.443,1,90,1,4513,601097,45,107911,5.56798139982956,0.15219997517658476
10,0.4446,0,15,0,4528,601082,45,107911,5.567842454333247,0.15220319523606016
11,0.4447,5,124,5,4652,600958,50,107906,5.56669383823039,0.15222383983387505
12,0.4448,1,82,1,4734,600876,51,107905,5.565934269517211,0.15224025474723504
13,0.4449,0,53,0,4787,600823,51,107905,5.56544332876357,0.1522516395570656
14,0.445,21,1016,21,5803,599807,72,107884,5.556032087146615,0.1524450643006623
15,0.4451,11,440,11,6243,599367,83,107873,5.551956352588092,0.15252672360160624
16,0.4455,6,125,6,6368,599242,89,107867,5.550798473452147,0.1525464956604993
17,0.4456,12,338,12,6706,598904,101,107855,5.547667568268554,0.15260506056519973
18,0.4457,22,1433,22,8139,597471,123,107833,5.534393641854089,0.15288868346131598
19,0.4458,6,100,6,8239,597371,129,107827,5.533467338545333,0.15290315627667692
20,0.4459,3,99,3,8338,597272,132,107824,5.5325502982696655,0.15292102068370833
21,0.446,10,370,10,8708,596902,142,107814,5.529122976027271,0.15298928930235725
22,0.4462,13,976,13,9684,595926,155,107801,5.520082255733818,0.15318582347984375
23,0.4466,16,968,16,10652,594958,171,107785,5.511115639705065,0.15337755054123628
24,0.4468,20,1130,20,11782,593828,191,107765,5.500648412316129,0.15360044926331934
25,0.4469,35,1021,35,12803,592807,226,107730,5.491190855533736,0.1537820272162641
26,0.4471,0,16,0,12819,592791,226,107730,5.491042647004335,0.15378553961979727
27,0.4472,0,60,0,12879,592731,226,107730,5.490486865019082,0.1537987125621555
28,0.4479,0,11,0,12890,592720,226,107730,5.490384971655119,0.15380112784638447
29,0.448,1,55,1,12945,592665,227,107729,5.489875504835303,0.1538119972472637
30,0.4481,1,22,1,12967,592643,228,107728,5.489671718107377,0.1538156205782364
31,0.4483,1,43,1,13010,592600,229,107727,5.489273407684612,0.1538238565698595
32,0.4493,11,409,11,13419,592191,240,107716,5.485484827151803,0.15390044677364279
33,0.4495,1,121,1,13540,592070,241,107715,5.484364000148209,0.153925848653515
34,0.45,5,35,5,13575,592035,246,107710,5.484039793990144,0.1539275021615017
35,0.4505,3,59,3,13634,591976,249,107707,5.483493275037978,0.15393685426114398
36,0.4506,18,1324,18,14958,590652,267,107689,5.471229019230057,0.15420689892187342
37,0.4508,3,61,3,15019,590591,270,107686,5.470663974211716,0.15421673633815808
38,0.451,26,1224,26,16243,589367,296,107660,5.45932602171255,0.15445599668305532
39,0.4511,18,1248,18,17491,588119,314,107642,5.447765756419282,0.1547111723709722
40,0.4513,1,69,1,17560,588050,315,107641,5.447126607136241,0.15472530189408804
41,0.4516,29,1688,29,19248,586362,344,107612,5.4314906072844495,0.15506632813333066
42,0.4517,32,1350,32,20598,585012,376,107580,5.418985512616251,0.1553295446669901
43,0.4518,8,522,8,21120,584490,384,107572,5.414150209344548,0.15543694062092703
44,0.4525,1,46,1,21166,584444,385,107571,5.41372410982252,0.1554460524699609
45,0.4527,1,54,1,21220,584390,386,107570,5.4132239060357925,0.1554569628302214
46,0.4528,1,6,1,21226,584384,387,107569,5.413168327837267,0.1554570902937049
47,0.4529,0,5,0,21231,584379,387,107569,5.413122012671829,0.155458213622989
48,0.453,15,740,15,21971,583639,402,107554,5.406267368187039,0.1556063212445728
49,0.4531,2,145,2,22116,583494,404,107552,5.404924228389344,0.15563652781435677
50,0.4534,21,1085,21,23201,582409,425,107531,5.394873837489348,0.1558555816447807
51,0.4537,26,675,26,23876,581734,451,107505,5.388621290155249,0.15597637394285582
52,0.4538,3,87,3,23963,581647,454,107502,5.387815406276631,0.15599239061509196
53,0.4539,2,95,2,24058,581552,456,107500,5.386935418133314,0.15601144761208152
54,0.454,35,1207,35,25265,580345,491,107465,5.3757549371966356,0.15624227620999986
55,0.4541,10,554,10,25819,579791,501,107455,5.3706232168661305,0.1563559482339657
56,0.4542,26,1323,26,27142,578468,527,107429,5.358368224091296,0.1566255574816627
57,0.4543,9,301,9,27443,578167,536,107420,5.355580051131943,0.15668325099513264
58,0.4544,1,71,1,27514,578096,537,107419,5.354922375782726,0.15669824876187977
59,0.4545,9,448,9,27962,577648,546,107410,5.350772536959502,0.15678964408852972
60,0.4546,7,293,7,28255,577355,553,107403,5.348058468264848,0.15684811276392535
61,0.4547,25,428,25,28683,576927,578,107378,5.344093890103376,0.15691541052600813
62,0.4548,14,444,14,29127,576483,592,107364,5.3399811034125015,0.15700003070862342
63,0.4549,25,784,25,29911,575699,617,107339,5.332718885471859,0.15714938261121636
64,0.4551,11,274,11,30185,575425,628,107328,5.330180814405869,0.15719886986948428
65,0.4553,1,3,1,30188,575422,629,107327,5.330153025306607,0.15719832617843454
66,0.4554,1,8,1,30196,575414,630,107326,5.330078921041906,0.15719893370829305
67,0.4559,16,717,16,30913,574697,646,107310,5.32343732631813,0.15734442608360324
68,0.456,1,7,1,30920,574690,647,107309,5.323372485086517,0.15734480549091714
69,0.4562,0,41,0,30961,574649,647,107309,5.322992700729927,0.15735426521867915
70,0.4563,4,89,4,31050,574560,651,107305,5.322168290785135,0.15736986060290525
71,0.4565,23,796,23,31846,573764,674,107282,5.3147949164474415,0.1575253360272287
72,0.4566,2,277,2,32123,573487,676,107280,5.312229056282189,0.15758695706460507
73,0.4575,14,222,14,32345,573265,690,107266,5.310172662936752,0.15762103416302858
74,0.4577,0,24,0,32369,573241,690,107266,5.309950350142651,0.15762659311366378
75,0.4584,4,200,4,32569,573041,694,107262,5.30809774352514,0.1576679802970147
76,0.4586,28,938,28,33507,572103,722,107234,5.299409018489014,0.15785096351295455
77,0.4589,103,3083,103,36590,569020,825,107131,5.270851087480085,0.15844241892713315
78,0.459,11,243,11,36833,568777,836,107120,5.268600170439809,0.15848568642855346
79,0.4591,75,2407,75,39240,566370,911,107045,5.2463040497980655,0.15895844315912178
80,0.4592,27,579,27,39819,565791,938,107018,5.240940753640372,0.15906148698962114
81,0.4593,4,67,4,39886,565724,942,107014,5.240320130423506,0.1590723283061162
82,0.4594,82,2402,82,42288,563322,1024,106932,5.218070324947201,0.15953951785442533
83,0.4596,78,2008,78,44296,561314,1102,106854,5.199470154507392,0.15992085822727217
84,0.4597,156,4746,156,49042,556568,1258,106698,5.15550779947386,0.1608675855539105
85,0.4598,3,146,3,49188,556422,1261,106695,5.154155396643077,0.16089920783210201
86,0.4599,89,1999,89,51187,554423,1350,106606,5.135638593501056,0.16127280346248046
87,0.4601,6,96,6,51283,554327,1356,106600,5.134749342324651,0.16128861432503136
88,0.4605,54,1788,54,53071,552539,1410,106546,5.118187039164104,0.16165744934264928
89,0.4606,57,1770,57,54841,550769,1467,106489,5.101791470599133,0.16202008952344438
90,0.4608,0,12,0,54853,550757,1467,106489,5.101680314202082,0.16202304768686307
91,0.4609,12,258,12,55111,550499,1479,106477,5.099290451665493,0.162071369425976
92,0.461,70,1748,70,56859,548751,1549,106407,5.083098669828448,0.16241425732418746
93,0.4611,6,125,6,56984,548626,1555,106401,5.081940790692505,0.16243757890896102
94,0.4612,3,47,3,57031,548579,1558,106398,5.0815054281373895,0.16244539884606635
95,0.4613,21,728,21,57759,547851,1579,106377,5.07476194004965,0.162599277316165
96,0.4614,6,78,6,57837,547773,1585,106371,5.074039423468821,0.16261098473730554
97,0.4615,20,401,20,58238,547372,1605,106351,5.070324947200711,0.16268511280771825
98,0.4617,13,301,13,58539,547071,1618,106338,5.067536774241358,0.162743396555603
99,0.4618,0,52,0,58591,547019,1618,106338,5.0670550965208045,0.16275634913225082
100,0.4619,7,124,7,58715,546895,1625,106331,5.065906480417948,0.16277827275705498
101,0.462,19,344,19,59059,546551,1644,106312,5.062719997035829,0.16283967693068838
102,0.4621,43,1369,43,60428,545182,1687,106269,5.050038904738968,0.16312662042118287
103,0.4622,32,986,32,61414,544196,1719,106237,5.040905554114639,0.16333273373275956
104,0.4623,35,881,35,62295,543315,1754,106202,5.032744821964504,0.16350919221513832
105,0.4624,72,2156,72,64451,541159,1826,106130,5.012773722627737,0.1639607655931122
106,0.4625,0,16,0,64467,541143,1826,106130,5.012625514098336,0.1639648185541495
107,0.4626,38,1008,38,65475,540135,1864,106092,5.003288376746082,0.16417141345069147
108,0.4627,11,186,11,65661,539949,1875,106081,5.001565452591796,0.16420444870981224
109,0.4629,21,973,21,66634,538976,1896,106060,4.992552521397607,0.16442493132166267
110,0.463,68,1887,68,68521,537089,1964,105992,4.9750731779613915,0.16481905078831438
111,0.4631,31,675,31,69196,536414,1995,105961,4.968820630627293,0.164951936174353
112,0.4632,58,2099,58,71295,534315,2053,105903,4.9493775241765166,0.1654170923029343
113,0.4633,24,1068,24,72363,533247,2077,105879,4.939484604839008,0.16566216990077073
114,0.4634,41,1524,41,73887,531723,2118,105838,4.9253677424135756,0.16600450780395914
115,0.4635,32,960,32,74847,530763,2150,105806,4.916475230649524,0.1662129321408991
116,0.4636,0,9,0,74856,530754,2150,105806,4.916391863351736,0.16621528214151063
117,0.4637,3,25,3,74881,530729,2153,105803,4.916160287524547,0.1662178806407219
118,0.464,11,147,11,75028,530582,2164,105792,4.914798621660677,0.166241864061071
119,0.4643,1,27,1,75055,530555,2165,105791,4.914548519767313,0.16624760743369174
120,0.4644,3,65,3,75120,530490,2168,105788,4.913946422616622,0.16626065964876988
121,0.4645,0,28,0,75148,530462,2168,105788,4.91368705769017,0.1662679764243615
122,0.4646,6,144,6,75292,530318,2174,105782,4.912353180925562,0.16629775192579782
123,0.4647,1,17,1,75309,530301,2175,105781,4.912195709363074,0.16630088573485807
124,0.4648,5,47,5,75356,530254,2180,105776,4.9117603468079585,0.16630662075688254
125,0.4655,86,2040,86,77396,528214,2266,105690,4.892863759309348,0.16672871602009137
126,0.4656,22,474,22,77870,527740,2288,105668,4.888473081625848,0.16682454279074466
127,0.4657,1,8,1,77878,527732,2289,105667,4.888398977361147,0.16682533442585162
128,0.4658,26,568,26,78446,527164,2315,105641,4.883137574567416,0.16694084275566723
129,0.4659,18,383,18,78829,526781,2333,105623,4.879589832894883,0.16701823517877812
130,0.4664,2,51,2,78880,526730,2335,105621,4.879117418207418,0.1670290708799385
131,0.4665,2,41,2,78921,526689,2337,105619,4.878737633850828,0.16703726664853205
132,0.4668,13,120,13,79041,526569,2350,105606,4.877626069880321,0.16705184482144975
133,0.4669,48,548,48,79589,526021,2398,105558,4.8725499277483415,0.1671334860722095
134,0.467,40,941,40,80530,525080,2438,105518,4.863833413612953,0.1673300581352938
135,0.4671,81,1392,81,81922,523688,2519,105437,4.850939271555078,0.16759308563481026
136,0.4673,12,107,12,82029,523581,2531,105425,4.849948127014709,0.1676057144128991
137,0.4674,76,1859,76,83888,521722,2607,105349,4.8327281485049465,0.16800170953528387
138,0.4676,57,836,57,84724,520886,2664,105292,4.824984252843751,0.16815027037040586
139,0.4677,37,656,37,85380,520230,2701,105255,4.818907703138316,0.16827741672462168
140,0.4678,29,454,29,85834,519776,2730,105226,4.814702286116566,0.168361061244604
141,0.4679,52,744,52,86578,519032,2782,105174,4.807810589499426,0.16849245281205244
142,0.468,284,5913,284,92491,513119,3066,104890,4.753038274852718,0.16972244740772383
143,0.4681,25,360,25,92851,512759,3091,104865,4.749703582941199,0.16978776731474166
144,0.4682,166,3431,166,96282,509328,3257,104699,4.7179221164178,0.17051204588723298
145,0.4683,62,1465,62,97747,507863,3319,104637,4.704351772944533,0.17083591836734693
146,0.4685,6,174,6,97921,507689,3325,104631,4.702740005187299,0.17087633916906192
147,0.4686,67,1060,67,98981,506629,3392,104564,4.692921190114491,0.17108180231121756
148,0.4687,312,5855,312,104836,500774,3704,104252,4.638686131386861,0.17230995031618476
149,0.469,126,2888,126,107724,497886,3830,104126,4.611934491830005,0.1729633296346252
150,0.4691,7,84,7,107808,497802,3837,104119,4.61115639705065,0.17297784925264278
151,0.4692,35,576,35,108384,497226,3872,104084,4.605820889992219,0.17309540835841747
152,0.4693,2,10,2,108394,497216,3874,104082,4.605728259661343,0.1730955366557015
153,0.4694,5,124,5,108518,497092,3879,104077,4.604579643558487,0.17312436270000617
154,0.4695,1,22,1,108540,497070,3880,104076,4.60437585683056,0.1731293229930832
155,0.4696,5,54,5,108594,497016,3885,104071,4.603875653043833,0.1731379983263654
156,0.4697,22,434,22,109028,496582,3907,104049,4.599855496683834,0.1732328168209766
157,0.4699,18,398,18,109426,496184,3925,104031,4.596168809514988,0.17332289263014086
158,0.47,2,29,2,109455,496155,3927,104029,4.595900181555448,0.17332851258947257
159,0.4701,24,379,24,109834,495776,3951,104005,4.592389492015266,0.17340495947687573
160,0.4702,4,57,4,109891,495719,3955,104001,4.5918614991292745,0.173415927432802
161,0.4703,23,623,23,110514,495096,3978,103978,4.586090629515729,0.17356453459839685
162,0.4704,92,1233,92,111747,493863,4070,103886,4.574669309718774,0.17379535557566805
163,0.4705,78,1341,78,113088,492522,4148,103808,4.562247582348364,0.17407811111297436
164,0.4706,71,1049,71,114137,491473,4219,103737,4.55253066063952,0.17428638631743418
165,0.4707,87,1360,87,115497,490113,4306,103650,4.539932935640446,0.17456459900667437
166,0.4708,87,1312,87,116809,488801,4393,103563,4.527779836229575,0.17483000317372427
167,0.471,20,395,20,117204,488406,4413,103543,4.524120938159991,0.17491878523318732
168,0.4711,104,1467,104,118671,486939,4517,103439,4.510532068620549,0.17520808702221288
169,0.4712,7,99,7,118770,486840,4524,103432,4.509615028344881,0.17522769164046406
170,0.4713,117,1639,117,120409,485201,4641,103315,4.49443291711438,0.17555172671601113
171,0.4714,92,1266,92,121675,483935,4733,103223,4.482705917225537,0.17580106206506596
172,0.4715,164,3031,164,124706,480904,4897,103059,4.454629663937159,0.17648207163810037
173,0.4716,20,378,20,125084,480526,4917,103039,4.451128237430064,0.1765681629295794
174,0.4717,123,2363,123,127447,478163,5040,102916,4.429239690244174,0.177111890121653
175,0.4718,1,1,1,127448,478162,5041,102915,4.429230427211086,0.1771107787780277
176,0.472,0,8,0,127456,478154,5041,102915,4.429156322946386,0.1771132171910737
177,0.4722,102,2153,102,129609,476001,5143,102813,4.409213012708881,0.17762700971296477
178,0.4724,149,3021,149,132630,472980,5292,102664,4.38122938975138,0.17834633905677816
179,0.4725,99,2113,99,134743,470867,5391,102565,4.361656600837378,0.17886166101647624
180,0.4726,0,2,0,134745,470865,5391,102565,4.361638074771203,0.17886228484732225
181,0.4727,6,57,6,134802,470808,5397,102559,4.361110081885212,0.17887147324488503
182,0.4728,6,89,6,134891,470719,5403,102553,4.36028567194042,0.17889064876707741
183,0.4729,5,37,5,134928,470682,5408,102548,4.359942939716181,0.17889503340718385
184,0.473,24,710,24,135638,469972,5432,102524,4.353366186224017,0.17908247393868254
185,0.4731,0,4,0,135642,469968,5432,102524,4.353329134091667,0.1790837251874262
186,0.4733,0,1,0,135643,469967,5432,102524,4.353319871058579,0.17908403800234415
187,0.4735,2,27,2,135670,469940,5434,102522,4.353069769165216,0.1790896164286887
188,0.4736,42,639,42,136309,469301,5476,102480,4.347150691022268,0.1792294602304029
189,0.4737,1,45,1,136354,469256,5477,102479,4.346733854533328,0.179242131407033
190,0.4739,13,154,13,136508,469102,5490,102466,4.345307347437845,0.17927175769112336
191,0.474,22,143,22,136651,468959,5512,102444,4.343982733706325,0.17928502300477947
192,0.4741,13,227,13,136878,468732,5525,102431,4.34188002519545,0.17933759714827466
193,0.4745,0,3,0,136881,468729,5525,102431,4.341852236096187,0.1793385391133833
194,0.4747,27,583,27,137464,468146,5552,102404,4.3364518878061435,0.1794829550433792
195,0.4749,55,883,55,138347,467263,5607,102349,4.328272629589833,0.17968195894749409
196,0.4751,49,463,49,138810,466800,5656,102300,4.323983845270296,0.17975751186083289
197,0.4753,167,2819,167,141629,463981,5823,102133,4.29787135499648,0.1804106593371653
198,0.4754,24,193,24,141822,463788,5847,102109,4.296083589610582,0.180437429426203
199,0.4755,257,3870,257,145692,459918,6104,101852,4.260235651561747,0.18130551649251472
200,0.4756,26,330,26,146022,459588,6130,101826,4.2571788506428545,0.18137417307014075
201,0.4757,0,2,0,146024,459586,6130,101826,4.257160324576679,0.18137481920585952
202,0.4759,114,1602,114,147626,457984,6244,101712,4.242320945570418,0.18172722334981847
203,0.476,110,1255,110,148881,456729,6354,101602,4.230695839045537,0.1819744918336972
204,0.4761,242,3203,242,152084,453526,6596,101360,4.201026344066101,0.18266815165637626
205,0.4762,148,2024,148,154108,451502,6744,101212,4.182277965096891,0.18311821303603673
206,0.4763,255,3570,255,157678,447932,6999,100957,4.149208936974323,0.18392971985228343
207,0.4764,81,983,81,158661,446949,7080,100876,4.140103375449257,0.1841390955140784
208,0.4765,136,2022,136,160683,444927,7216,100740,4.1213735225462225,0.18461809125345677
209,0.4766,104,1833,104,162516,443094,7320,100636,4.104394382896736,0.18508450885549813
210,0.4767,170,2827,170,165343,440267,7490,100466,4.07820778835822,0.185795947352945
211,0.4768,86,866,86,166209,439401,7576,100380,4.070186001704398,0.18596430774703074
212,0.4769,109,1429,109,167638,437972,7685,100271,4.056949127422283,0.1862931798462776
213,0.477,324,4500,324,172138,433472,8009,99947,4.015265478528289,0.1873705286088422
214,0.4771,112,1939,112,174077,431533,8121,99835,3.9973044573715217,0.18788297375829932
215,0.4772,128,1689,128,175766,429844,8249,99707,3.981659194486643,0.1882859252461047
216,0.4773,116,1878,116,177644,427966,8365,99591,3.964263218348216,0.18877770553703202
217,0.4774,107,1779,107,179423,426187,8472,99484,3.947784282485457,0.1892514519537886
218,0.4775,2,15,2,179438,426172,8474,99482,3.9476453369891438,0.18925376768749025
219,0.4776,219,3233,219,182671,422939,8693,99263,3.917697951017081,0.19008544586194615
220,0.4778,0,31,0,182702,422908,8693,99263,3.917410796991367,0.19009673076444306
221,0.4779,24,525,24,183227,422383,8717,99239,3.9125477046204007,0.19025079463672928
222,0.478,34,510,34,183737,421873,8751,99205,3.9078235577457483,0.19038416513458636
223,0.4781,3,60,3,183797,421813,8754,99202,3.907267775760495,0.19040142798191992
224,0.4782,9,81,9,183878,421732,8763,99193,3.906517470080403,0.19041704659979844
225,0.4783,28,471,28,184349,421261,8791,99165,3.902154581496165,0.19054582207652962
226,0.4784,48,643,48,184992,420618,8839,99117,3.896198451220868,0.1907068025051228
227,0.4785,31,468,31,185460,420150,8870,99086,3.8918633517358923,0.1908303738569745
228,0.4786,24,223,24,185683,419927,8894,99062,3.889797695357368,0.19087495110686353
229,0.4787,113,1417,113,187100,418510,9007,98949,3.8766719774723035,0.19122094697357664
230,0.4788,41,422,41,187522,418088,9048,98908,3.8727629775093555,0.1913128921693785
231,0.4789,17,113,17,187635,417975,9065,98891,3.871716254770462,0.19132811986085368
232,0.479,8,111,8,187746,417864,9073,98883,3.8706880580977434,0.19135669873264866
233,0.4791,7,73,7,187819,417791,9080,98876,3.870011856682352,0.19137277975949693
234,0.4792,24,329,24,188148,417462,9104,98852,3.866964318796547,0.19145713654868937
235,0.4793,58,991,58,189139,416471,9162,98794,3.8577846530067808,0.1917343502857753
236,0.4794,55,713,55,189852,415758,9217,98739,3.8511801104153545,0.19191365547320977
237,0.4795,31,369,31,190221,415389,9248,98708,3.847762051206047,0.1920026765376962
238,0.4796,167,2063,167,192284,413326,9415,98541,3.8286524139464224,0.19251289885849254
239,0.4798,274,3077,274,195361,410249,9689,98267,3.8001500611360184,0.19324269049548096
240,0.4799,56,785,56,196146,409464,9745,98211,3.7928785801622884,0.1934525040626385
241,0.48,112,1376,112,197522,408088,9857,98099,3.7801326466338137,0.19379991979248776
242,0.4801,168,1844,168,199366,406244,10025,97931,3.7630516136203638,0.19424009520503793
243,0.4802,0,1,0,199367,406243,10025,97931,3.763042350587276,0.1942404804690444
244,0.4803,144,1628,144,200995,404615,10169,97787,3.747962132720738,0.1946389544627609
245,0.4804,82,1042,82,202037,403573,10251,97705,3.7383100522435067,0.19491180542533285
246,0.4805,200,1906,200,203943,401667,10451,97505,3.720654711178628,0.1953334722300129
247,0.4807,31,664,31,204607,401003,10482,97474,3.7145040572084924,0.19554362588444402
248,0.4808,0,2,0,204609,401001,10482,97474,3.714485531142317,0.19554441045187823
249,0.4809,3,8,3,204617,400993,10485,97471,3.714411426877617,0.19554270719650768
250,0.4811,17,135,17,204752,400858,10502,97454,3.713160917410797,0.1955682383727464
251,0.4813,1,48,1,204800,400810,10503,97453,3.7127162918225944,0.19558546390159415
252,0.4814,3,11,3,204811,400799,10506,97450,3.7126143984586313,0.19558493845446753
253,0.4815,0,4,0,204815,400795,10506,97450,3.712577346326281,0.19558650864534516
254,0.4816,97,1100,97,205915,399695,10603,97353,3.7023880099299715,0.1958623714409876
255,0.4817,0,1,0,205916,399694,10603,97353,3.702378746896884,0.19586276549300166
256,0.4818,1,12,1,205928,399682,10604,97352,3.7022675904998334,0.19586587637867833
257,0.4819,80,931,80,206859,398751,10684,97272,3.6936437066953203,0.19610380970237268
258,0.482,232,2790,232,209649,395961,10916,97040,3.6677998443810442,0.19683530053691575
259,0.4821,105,1313,105,210962,394648,11021,96935,3.6556374819370854,0.19718948783826942
260,0.4822,4,58,4,211020,394590,11025,96931,3.6551002260180074,0.19720622313187025
261,0.4823,13,142,13,211162,394448,11038,96918,3.6537848753195745,0.19724197441418412
262,0.4824,20,301,20,211463,394147,11058,96898,3.650996702360221,0.1973301835880622
263,0.4825,0,3,0,211466,394144,11058,96898,3.650968913260958,0.19733138916833998
264,0.4826,6,152,6,211618,393992,11064,96892,3.64956093223165,0.19738268104073467
265,0.4827,1,10,1,211628,393982,11065,96891,3.6494683019007743,0.19738506701326006
266,0.4828,0,6,0,211634,393976,11065,96891,3.649412723702249,0.19738747970427833
267,0.4829,10,118,10,211752,393858,11075,96881,3.648319685797918,0.19741858706970508
268,0.483,2,13,2,211765,393845,11077,96879,3.6481992663677794,0.19742054596881342
269,0.4831,14,93,14,211858,393752,11091,96865,3.647337804290637,0.1974350664571346
270,0.4832,68,620,68,212478,393132,11159,96797,3.6415947237763535,0.19757352595988398
271,0.4834,76,554,76,213032,392578,11235,96721,3.6364630034458485,0.19767258874430563
272,0.4835,74,913,74,213945,391665,11309,96647,3.6280058542369114,0.19792059175281376
273,0.4836,51,344,51,214289,391321,11360,96596,3.6248193708547927,0.1979762951485601
274,0.4837,142,1425,142,215714,389896,11502,96454,3.6116195487050278,0.19832219594941913
275,0.4838,0,2,0,215716,389894,11502,96454,3.611601022638853,0.1983230115061643
276,0.4839,2,7,2,215723,389887,11504,96452,3.61153618140724,0.1983225692366847
277,0.484,2,71,2,215794,389816,11506,96450,3.6108785060580235,0.1983482291585264
278,0.4841,49,600,49,216394,389216,11555,96401,3.605320686205491,0.19851240792641114
279,0.4842,45,635,45,217029,388581,11600,96356,3.599438660194894,0.19869797520090238
280,0.4843,485,4663,485,221692,383918,12085,95871,3.556245136907629,0.1998190871403888
281,0.4844,370,4121,370,225813,379797,12455,95501,3.5180721775538184,0.20092868053305504
282,0.4845,382,3326,382,229139,376471,12837,95119,3.487263329504613,0.2016985092983312
283,0.4846,408,3720,408,232859,372751,13245,94711,3.4528048464189114,0.20260684290915626
284,0.4847,357,3736,357,236595,369015,13602,94354,3.418198154803809,0.20362605180752272
285,0.4848,484,4903,484,241498,364112,14086,93870,3.372781503575531,0.20496438724666036
286,0.4849,16,181,16,241679,363931,14102,93854,3.3711048945866833,0.20501763928481712
287,0.485,66,490,66,242169,363441,14168,93788,3.366566008373782,0.20512259721058812
288,0.4851,1249,12356,1249,254525,351085,15417,92539,3.2521119715439624,0.20859782157863416
289,0.4852,325,3315,325,257840,347770,15742,92214,3.22140501685872,0.20958489399614533
290,0.4853,368,3800,368,261640,343970,16110,91846,3.1862054911260143,0.21074490151807185
291,0.4854,374,3798,374,265438,340172,16484,91472,3.1510244914594834,0.21191537470693442
292,0.4855,735,7028,735,272466,333144,17219,90737,3.085923894920153,0.21406243733500677
293,0.4856,661,5817,661,278283,327327,17880,90076,3.03204083144985,0.21580103640845896
294,0.4857,100,779,100,279062,326548,17980,89976,3.0248249286746454,0.21601636400303464
295,0.4858,61,795,61,279857,325753,18041,89915,3.0174608173700395,0.21631446250372893
296,0.486,64,613,64,280470,325140,18105,89851,3.011782578087369,0.21651312920039228
297,0.4861,53,413,53,280883,324727,18158,89798,3.007956945422209,0.21662867137084615
298,0.4862,729,6640,729,287523,318087,18887,89069,2.9464504057208494,0.2187589032213697
299,0.4863,46,478,46,288001,317609,18933,89023,2.9420226759049983,0.21892767908083968
300,0.4864,143,1335,143,289336,316274,19076,88880,2.9296565267331136,0.21937337407504306
301,0.4866,15,119,15,289455,316155,19091,88865,2.9285542257956947,0.2194089180781196
302,0.4867,451,4232,451,293687,311923,19542,88414,2.8893530697691654,0.2208489347724542
303,0.4868,78,746,78,294433,311177,19620,88336,2.8824428470858496,0.22110920045154978
304,0.4869,6,54,6,294487,311123,19626,88330,2.881942643299122,0.2211273917081609
305,0.487,1,8,1,294495,311115,19627,88329,2.8818685390344214,0.22112987052002284
306,0.4871,139,1115,139,295610,310000,19766,88190,2.8715402571417985,0.22147718425877094
307,0.4872,92,1187,92,296797,308813,19858,88098,2.860545036866872,0.22195907898748082
308,0.4873,167,2225,167,299022,306588,20025,87931,2.8399347882470636,0.22288153422268636
309,0.4874,11,32,11,299054,306556,20036,87920,2.839638371188262,0.22287794441233433
310,0.4875,97,811,97,299865,305745,20133,87823,2.8321260513542557,0.22314568257581918
311,0.4876,64,397,64,300262,305348,20197,87759,2.8284486272184965,0.2232445619131687
312,0.4877,77,474,77,300736,304874,20274,87682,2.824057949534996,0.22336176239823108
313,0.4878,53,467,53,301203,304407,20327,87629,2.819732113083108,0.2235228397392076
314,0.4879,88,771,88,301974,303636,20415,87541,2.8125903145726037,0.22378871968443953
315,0.488,147,1369,147,303343,302267,20562,87394,2.799909222275742,0.22428213241766562
316,0.4881,46,315,46,303658,301952,20608,87348,2.7969913668531623,0.22437194965322374
317,0.4882,120,1307,120,304965,300645,20728,87228,2.784884582607729,0.2248880432512704
318,0.4883,133,1086,133,306051,299559,20861,87095,2.7748249286746454,0.22525306863500702
319,0.4884,50,326,50,306377,299233,20911,87045,2.7718051798881027,0.22534288776477046
320,0.4885,41,275,41,306652,298958,20952,87004,2.769257845789025,0.2254211554505366
321,0.4886,52,378,52,307030,298580,21004,86952,2.7657564192819297,0.22553769855679945
322,0.4887,124,1358,124,308388,297222,21128,86828,2.753177220349031,0.22608514516339018
323,0.4888,129,1311,129,309699,295911,21257,86699,2.7410333839712475,0.22659888659470478
324,0.4889,1,12,1,309711,295899,21258,86698,2.7409222275741967,0.22660397232597224
325,0.489,0,2,0,309713,295897,21258,86698,2.7409037015080218,0.22660515688913865
326,0.4891,95,1062,95,310775,294835,21353,86603,2.7310663603690393,0.22704345136037835
327,0.4892,217,1817,217,312592,293018,21570,86386,2.7142354292489532,0.2276886906832822
328,0.4893,0,7,0,312599,293011,21570,86386,2.7141705880173403,0.22769289161485198
329,0.4895,2,8,2,312607,293003,21572,86384,2.71409648375264,0.2276936215526626
330,0.4896,11,40,11,312647,292963,21583,86373,2.713725962429138,0.2276952358858637
331,0.4897,39,250,39,312897,292713,21622,86334,2.711410204157249,0.2277659498690136
332,0.4898,44,460,44,313357,292253,21666,86290,2.707149208936974,0.22795296703412823
333,0.4899,24,92,24,313449,292161,21690,86266,2.7062970098929195,0.22795942150005152
334,0.49,25,203,25,313652,291958,21715,86241,2.7044166141761457,0.22803074571852386
335,0.4901,89,774,89,314426,291184,21804,86152,2.697247026566379,0.2283164076578964
336,0.4902,37,262,37,314688,290922,21841,86115,2.6948201118974398,0.2283993348132942
337,0.4903,0,11,0,314699,290911,21841,86115,2.6947182185334766,0.22840599852530064
338,0.4904,31,232,31,314931,290679,21872,86084,2.692569194857164,0.22848315784724083
339,0.4905,17,82,17,315013,290597,21889,86067,2.691809626143985,0.22849807786249815
340,0.4906,4,15,4,315028,290582,21893,86063,2.6916706806476713,0.22849898445485803
341,0.4907,9,101,9,315129,290481,21902,86054,2.6907351143058285,0.22854183542034606
342,0.4909,9,76,9,315205,290405,21911,86045,2.690031123791174,0.22856953114623457
343,0.491,43,228,43,315433,290177,21954,86002,2.6879191522472117,0.2286198857458816
344,0.4911,23,162,23,315595,290015,21977,85979,2.6864185408870283,0.22867120220003512
345,0.4912,442,3535,442,319130,286480,22419,85537,2.653673718922524,0.22992766459597277
346,0.4913,17,113,17,319243,286367,22436,85520,2.6526269961836304,0.22996232726607813
347,0.4914,89,685,89,319928,285682,22525,85431,2.6462818185186556,0.23020212172572774
348,0.4915,37,328,37,320256,285354,22562,85394,2.643243543665938,0.23032895659585487
349,0.4916,142,1124,142,321380,284230,22704,85252,2.632831894475527,0.2307338381842688
350,0.4917,119,972,119,322352,283258,22823,85133,2.6238282263144246,0.2310941363931258
351,0.4918,10,55,10,322407,283203,22833,85123,2.623318759494609,0.23110776866145752
352,0.4919,23,114,23,322521,283089,22856,85100,2.622262773722628,0.23113129398216678
353,0.492,8,72,8,322593,283017,22864,85092,2.6215958353403237,0.23115979234411546
354,0.4921,75,612,75,323205,282405,22939,85017,2.6159268590907407,0.23138788640854385
355,0.4922,252,2155,252,325360,280250,23191,84765,2.595965022787061,0.2322233332876731
356,0.4923,83,665,83,326025,279585,23274,84682,2.589805105783838,0.2324723348532807
357,0.4924,8,84,8,326109,279501,23282,84674,2.5890270110044833,0.2325090959016956
358,0.4925,353,2480,353,328589,277021,23635,84321,2.566054688947349,0.23335510402887016
359,0.4927,139,844,139,329433,276177,23774,84182,2.558236689021453,0.23360593186239278
360,0.4928,310,1886,310,331319,274291,24084,83872,2.540766608618326,0.23417270907380158
361,0.4929,177,962,177,332281,273329,24261,83695,2.5318555707880988,0.23442401631262885
362,0.493,16,60,16,332341,273269,24277,83679,2.5312997888028455,0.2344291045194258
363,0.4931,225,1839,225,334180,271430,24502,83454,2.5142650709548335,0.23515853067481204
364,0.4932,261,1526,261,335706,269904,24763,83193,2.5001296824632258,0.23560947841527966
365,0.4933,299,1903,299,337609,268001,25062,82894,2.4825021304976103,0.23623591102751534
366,0.4934,324,1973,324,339582,266028,25386,82570,2.4642261662158655,0.2368630915840022
367,0.4935,149,1094,149,340676,264934,25535,82421,2.4540924080180813,0.2372817434613004
368,0.4936,317,2164,317,342840,262770,25852,82104,2.4340472044166144,0.23806955583778425
369,0.4937,272,1975,272,344815,260795,26124,81832,2.4157527140686947,0.2388369859935148
370,0.4938,234,1732,234,346547,259063,26358,81598,2.399709140761051,0.23952844616789123
371,0.4939,1969,12954,1969,359501,246109,28327,79629,2.279715810144874,0.24445720180021982
372,0.494,0,15,0,359516,246094,28327,79629,2.2795768646485604,0.24446845939648107
373,0.4941,11,40,11,359556,246054,28338,79618,2.2792063433250584,0.24447296666584784
374,0.4942,169,1254,169,360810,244800,28507,79449,2.267590499833265,0.24502465697658282
375,0.4943,370,3027,370,363837,241773,28877,79079,2.239551298677239,0.24646566017977137
376,0.4944,1664,10722,1664,374559,231051,30541,77415,2.140233057912483,0.250967691739122
377,0.4945,142,942,142,375501,230109,30683,77273,2.1315072807440067,0.2513907775992088
378,0.4946,1,11,1,375512,230098,30684,77272,2.1314053873800436,0.25139733871230113
379,0.4947,877,5535,877,381047,224563,31561,76395,2.0801344992404314,0.25383940616298617
380,0.4948,184,1053,184,382100,223510,31745,76211,2.0703805253992367,0.25427314068750606
381,0.4949,69,465,69,382565,223045,31814,76142,2.066073215013524,0.2544963517799904
382,0.495,197,1343,197,383908,221702,32011,75945,2.053632961576939,0.25515123619589647
383,0.4951,113,614,113,384522,221088,32124,75832,2.0479454592611805,0.2553953926983699
384,0.4952,54,361,54,384883,220727,32178,75778,2.0446015043165735,0.25557073236539013
385,0.4953,129,729,129,385612,219998,32307,75649,2.0378487531957465,0.2558760954787297
386,0.4954,147,1106,147,386718,218892,32454,75502,2.0276038386009114,0.25646582471110146
387,0.4955,118,420,118,387138,218472,32572,75384,2.0237133647041388,0.25653381247958185
388,0.4956,93,962,93,388100,217510,32665,75291,2.0148023268739115,0.25714051523048076
389,0.4957,40,158,40,388258,217352,32705,75251,2.013338767646078,0.257177814308124
390,0.4958,60,276,60,388534,217076,32765,75191,2.010782170513913,0.25726818286019293
391,0.4959,53,314,53,388848,216762,32818,75138,2.0078735781244212,0.25741007194244603
392,0.496,14,159,14,389007,216603,32832,75124,2.0064007558635,0.25751473123845237
393,0.4961,12,62,12,389069,216541,32844,75112,2.0058264478120718,0.2575389246810422
394,0.4962,39,400,39,389469,216141,32883,75073,2.00212123457705,0.2577932379624606
395,0.4963,36,227,36,389696,215914,32919,75037,2.000018526066175,0.2579025334162797
396,0.4964,157,706,157,390402,215208,33076,74880,1.993478824706362,0.2581285678828493
397,0.4965,300,1912,300,392314,213296,33376,74580,1.9757679054429582,0.2590698773082855
398,0.4966,42,283,42,392597,213013,33418,74538,1.9731464670791805,0.25921662592027156
399,0.4967,120,841,120,393438,212172,33538,74418,1.9653562562525473,0.25966712027635297
400,0.4968,146,758,146,394196,211414,33684,74272,1.9583348771721814,0.25997773779604183
401,0.4969,188,996,188,395192,210418,33872,74084,1.9491088962169774,0.2603988724156596
402,0.497,25,96,25,395288,210322,33897,74059,1.948219645040572,0.2604217581343339
403,0.4971,161,946,161,396234,209376,34058,73898,1.9394568157397458,0.26087110006566083
404,0.4972,1,6,1,396240,209370,34059,73897,1.9394012375412204,0.26087401638736596
405,0.4973,0,4,0,396244,209366,34059,73897,1.9393641854088703,0.2608777002291157
406,0.4974,111,720,111,396964,208646,34170,73786,1.9326948015858312,0.26125226603217766
407,0.4976,0,2,0,396966,208644,34170,73786,1.9326762755196563,0.2612541160641575
408,0.4977,0,3,0,396969,208641,34170,73786,1.9326484864203934,0.26125689116125583
409,0.4978,0,2,0,396971,208639,34170,73786,1.9326299603542183,0.26125874125874127
410,0.4979,2,17,2,396988,208622,34172,73784,1.93247248879173,0.2612692364893097
411,0.498,19,170,19,397158,208452,34191,73765,1.9308977731668457,0.2613768837454866
412,0.4981,8,28,8,397186,208424,34199,73757,1.9306384082403942,0.2613818790067368
413,0.4982,6,68,6,397254,208356,34205,73751,1.9300085219904406,0.26142917403680166
414,0.4983,32,188,32,397442,208168,34237,73719,1.9282670717699804,0.26151968696676325
415,0.4984,126,821,126,398263,207347,34363,73593,1.9206621216050983,0.2619527301203104
416,0.4985,132,690,132,398953,206657,34495,73461,1.914270628774686,0.2622501945608636
417,0.4986,20,135,20,399088,206522,34515,73441,1.9130201193078662,0.26232394995052916
418,0.4987,3,23,3,399111,206499,34518,73438,1.9128070695468524,0.26233759738798373
419,0.4988,22,166,22,399277,206333,34540,73416,1.9112694060543185,0.2624352544602483
420,0.4989,18,83,18,399360,206250,34558,73398,1.9105005743080514,0.2624656711294198
421,0.499,12,68,12,399428,206182,34570,73386,1.9098706880580978,0.26249785383162594
422,0.4991,67,336,67,399764,205846,34637,73319,1.9067583089406794,0.26263679186144395
423,0.4993,328,1868,328,401632,203978,34965,72991,1.8894549631331283,0.2635349082388282
424,0.4994,25,160,25,401792,203818,34990,72966,1.8879728778391196,0.26362072952193766
425,0.4995,10,65,10,401857,203753,35000,72956,1.8873707806884286,0.2636560429910122
426,0.4996,15,65,15,401922,203688,35015,72941,1.8867686835377375,0.26367806701394286
427,0.4997,287,1544,287,403466,202144,35302,72654,1.872466560450554,0.2643905705281698
428,0.4998,194,1007,194,404473,201137,35496,72460,1.8631386861313868,0.26484208525678277
429,0.4999,195,1229,195,405702,199908,35691,72265,1.8517544184667827,0.26551127407935393
430,0.5,16,91,16,405793,199817,35707,72249,1.8509114824558153,0.2655568869318474
431,0.5001,222,1189,222,406982,198628,35929,72027,1.8398977361147133,0.26612107664739243
432,0.5002,216,1134,216,408116,197494,36145,71811,1.829393456593427,0.26665305137297857
433,0.5003,262,1388,262,409504,196106,36407,71549,1.8165363666679017,0.26731800265266853
434,0.5004,57,377,57,409881,195729,36464,71492,1.8130442031938938,0.26753885360806223
435,0.5005,550,2830,550,412711,192899,37014,70942,1.7868298195561154,0.26888163704655454
436,0.5006,6,11,6,412722,192888,37020,70936,1.7867279261921523,0.26887622051064347
437,0.5007,529,2254,529,414976,190634,37549,70407,1.7658490496128052,0.2697162514700756
438,0.5008,52,168,52,415144,190466,37601,70355,1.7642928600540961,0.2697443840795028
439,0.501,2,7,2,415151,190459,37603,70353,1.7642280188224833,0.26974602395595293
440,0.5011,809,4296,809,419447,186163,38412,69544,1.7244340286783504,0.27196752533172736
441,0.5012,24,140,24,419587,186023,38436,69520,1.7231372040460928,0.2720481484525109
442,0.5013,360,2013,360,421600,184010,38796,69160,1.7044907184408462,0.2731761267132757
443,0.5014,22,36,22,421636,183974,38818,69138,1.7041572492496944,0.273151806314991
444,0.5015,329,1517,329,423153,182457,39147,68809,1.6901052280558746,0.27384922751187984
445,0.5016,960,4674,960,427827,177783,40107,67849,1.6468098114046463,0.2762221534653465
446,0.5017,11,100,11,427927,177683,40118,67838,1.645883508095891,0.276302230766411
447,0.5018,483,2495,483,430422,175188,40601,67355,1.6227722405424432,0.2777033350787283
448,0.5019,50,188,50,430610,175000,40651,67305,1.621030790321983,0.27776975299725554
449,0.502,537,2770,537,433380,172230,41188,66768,1.5953721886694578,0.27936635453016345
450,0.5021,367,1959,367,435339,170271,41555,66401,1.5772259068509393,0.2805612831260141
451,0.5022,934,4713,934,440052,165558,42489,65467,1.5335692319092964,0.283376257980738
452,0.5023,21,75,21,440127,165483,42510,65446,1.5328745044277299,0.2834031239038839
453,0.5024,28,128,28,440255,165355,42538,65418,1.531688836192523,0.28347336993495775
454,0.5025,856,4378,856,444633,160977,43394,64562,1.4911352773352107,0.2862564789238225
455,0.5026,532,2762,532,447395,158215,43926,64030,1.465550779947386,0.2881054691894081
456,0.5027,539,2637,539,450032,155578,44465,63491,1.4411241616955055,0.2898219282509164
457,0.5028,133,678,133,450710,154900,44598,63358,1.4348438252621438,0.2902894739253544
458,0.5029,10,82,10,450792,154818,44608,63348,1.4340842565489644,0.29036605153873657
459,0.503,437,2522,437,453314,152296,45045,62911,1.4107228871021527,0.2923278517892076
460,0.5031,90,557,90,453871,151739,45135,62821,1.405563377672385,0.2927898956002983
461,0.5032,18,136,18,454007,151603,45153,62803,1.4043036051724778,0.2929162430155873
462,0.5033,512,2886,512,456893,148717,45665,62291,1.3775704916817963,0.29520681680315436
463,0.5034,36,185,36,457078,148532,45701,62255,1.3758568305605987,0.2953455383870922
464,0.5035,64,329,64,457407,148203,45765,62191,1.3728092926747935,0.29559303021949296
465,0.5036,153,540,153,457947,147663,45918,62038,1.3678072548075142,0.2958402678098817
466,0.5037,310,1514,310,459461,146149,46228,61728,1.353783022712957,0.2969448279511442
467,0.5038,22,245,22,459706,145904,46250,61706,1.3515135796065063,0.29722075044554697
468,0.5039,169,884,169,460590,145020,46419,61537,1.3433250583571084,0.29791776604036657
469,0.504,154,672,154,461262,144348,46573,61383,1.337100300122272,0.29836534114936497
470,0.5041,86,318,86,461580,144030,46659,61297,1.3341546556004298,0.29853355866495884
471,0.5042,72,240,72,461820,143790,46731,61225,1.3319315276594168,0.29863668512060093
472,0.5043,36,101,36,461921,143689,46767,61189,1.330995961317574,0.2986606663477777
473,0.5044,170,567,170,462488,143122,46937,61019,1.3257438215569306,0.2989061482014882
474,0.5045,12,49,12,462537,143073,46949,61007,1.3252899329356405,0.29893669149353197
475,0.5046,125,462,125,462999,142611,47074,60882,1.3210104116491903,0.2991847385413749
476,0.5047,22,82,22,463081,142529,47096,60860,1.320250842936011,0.29922955518735034
477,0.5048,133,474,133,463555,142055,47229,60727,1.3158601652525104,0.29946938091152076
478,0.5049,107,351,107,463906,141704,47336,60620,1.3126088406387788,0.2996184337992527
479,0.505,58,237,58,464143,141467,47394,60562,1.3104135017970284,0.29976884506679735
480,0.5051,160,531,160,464674,140936,47554,60402,1.3054948312275372,0.300002980063376
481,0.5052,58,171,58,464845,140765,47612,60344,1.3039108525695653,0.3000561884351272
482,0.5054,23,97,23,464942,140668,47635,60321,1.3030123383600727,0.300120902138923
483,0.5055,0,2,0,464944,140666,47635,60321,1.3029938122938975,0.30012388860971106
484,0.5057,0,9,0,464953,140657,47635,60321,1.3029104449961095,0.30013732846381197
485,0.5058,366,1506,366,466459,139151,48001,59955,1.288960317166253,0.30112101091880705
486,0.5059,0,3,0,466462,139148,48001,59955,1.2889325280669903,0.30112554808315295
487,0.506,9,27,9,466489,139121,48010,59946,1.2886824261736263,0.3011347938131383
488,0.5061,181,672,181,467161,138449,48191,59765,1.2824576679387898,0.3015175517370115
489,0.5062,1,0,1,467161,138449,48192,59764,1.2824576679387898,0.30151402783873915
490,0.5063,171,645,171,467806,137804,48363,59593,1.2764830115973174,0.3018941523934001
491,0.5064,61,293,61,468099,137511,48424,59532,1.273768942902664,0.3021269469100653
492,0.5065,51,182,51,468281,137329,48475,59481,1.2720830708807291,0.30222549667191706
493,0.5066,83,323,83,468604,137006,48558,59398,1.269091111193449,0.30242764913138226
494,0.5067,3,13,3,468617,136993,48561,59395,1.268970691763311,0.30243701244475224
495,0.5068,3,13,3,468630,136980,48564,59392,1.2688502723331727,0.3024463772839305
496,0.5069,23,90,23,468720,136890,48587,59369,1.268016599355293,0.30250332468829455
497,0.507,21,93,21,468813,136797,48608,59348,1.2671551372781504,0.3025720767799332
498,0.5071,9,40,9,468853,136757,48617,59339,1.266784615954648,0.3026017868798956
499,0.5072,4,24,4,468877,136733,48621,59335,1.2665623031605469,0.30262459962870025
500,0.5073,12,41,12,468918,136692,48633,59323,1.2661825188039573,0.30264520572405174
501,0.5074,136,499,136,469417,136193,48769,59187,1.2615602652932676,0.30293274644282936
502,0.5075,44,173,44,469590,136020,48813,59143,1.2599577605691208,0.3030441220928147
503,0.5076,475,1875,475,471465,134145,49288,58668,1.2425895735299566,0.3042740894026855
504,0.5077,410,1790,410,473255,132355,49698,58258,1.2260087443032346,0.3056349776772833
505,0.5078,109,345,109,473600,132010,49807,58149,1.2228129978880284,0.30579146924415884
506,0.5079,83,212,83,473812,131798,49890,58066,1.220849234873467,0.3058294358066827
507,0.508,40,121,40,473933,131677,49930,58026,1.219728407869873,0.30587813582283885
508,0.5081,243,938,243,474871,130739,50173,57783,1.211039682833747,0.30650534155164916
509,0.5082,65,286,65,475157,130453,50238,57718,1.2083904553707066,0.3067316430268213
510,0.5083,146,530,146,475687,129923,50384,57572,1.2034810478343028,0.3070588549027974
511,0.5084,81,295,81,475982,129628,50465,57491,1.2007484530734744,0.3072429844109898
512,0.5085,87,335,87,476317,129293,50552,57404,1.1976453369891438,0.3074714644584541
513,0.5086,163,743,163,477060,128550,50715,57241,1.190762903405091,0.3080935029145653
514,0.5087,253,1267,253,478327,127283,50968,56988,1.1790266404831597,0.3092619023069284
515,0.5088,742,2444,742,480771,124839,51710,56246,1.1563877876171773,0.3106055167462794
516,0.5089,661,2015,661,482786,122824,52371,55585,1.1377227759457558,0.3115593944251691
517,0.5091,15,84,15,482870,122740,52386,55570,1.136944681166401,0.31164825304245414
518,0.5092,241,1001,241,483871,121739,52627,55329,1.1276723850457593,0.312473174147785
519,0.5093,587,1876,587,485747,119863,53214,54742,1.1102949349735076,0.31351908593682887
520,0.5094,1101,4042,1101,489789,115821,54315,53641,1.0728537552336137,0.3165370407524991
521,0.5095,595,1799,595,491588,114022,54910,53046,1.0561895587091037,0.31751143247061075
522,0.5096,1,5,1,491593,114017,54911,53045,1.056143243543666,0.31751685003172475
523,0.5097,134,450,134,492043,113567,55045,52911,1.0519748786542666,0.31782577878158075
524,0.5098,152,790,152,492833,112777,55197,52759,1.0446570825150987,0.3187161705006766
525,0.5099,53,109,53,492942,112668,55250,52706,1.0436474119085553,0.3187078984604593
526,0.51,107,389,107,493331,112279,55357,52599,1.0400440920374967,0.3190176979342302
527,0.5101,8,29,8,493360,112250,55365,52591,1.0397754640779577,0.3190407726233158
528,0.5102,1382,4264,1382,497624,107986,56747,51209,1.0002778909926267,0.3216746757121769
529,0.5103,106,346,106,497970,107640,56853,51103,0.9970728815443328,0.32192285644091395
530,0.5104,3,9,3,497979,107631,56856,51100,0.9969895142465449,0.32192829378004295
531,0.5105,73,261,73,498240,107370,56929,51027,0.9945718626106932,0.3221462527699388
532,0.5106,1712,6352,1712,504592,101018,58641,49315,0.9357330764385491,0.3280384213712226
533,0.5107,125,458,125,505050,100560,58766,49190,0.9314906072844492,0.3284808013355593
534,0.5108,1473,4756,1473,509806,95804,60239,47717,0.8874356219200416,0.33247399335288913
535,0.5109,1334,4299,1334,514105,91505,61573,46383,0.8476138426766461,0.33638170109074034
536,0.511,164,451,164,514556,91054,61737,46219,0.8434362147541591,0.3366940330582125
537,0.5111,27,116,27,514672,90938,61764,46192,0.8423617029160028,0.33684824618974696
538,0.5112,173,506,173,515178,90432,61937,46019,0.8376746081737004,0.3372565976064668
539,0.5113,1335,4472,1335,519650,85960,63272,44684,0.796250324206158,0.34202871926762807
540,0.5114,271,870,271,520520,85090,63543,44413,0.788191485419986,0.3429495841795171
541,0.5115,26,136,26,520656,84954,63569,44387,0.7869317129200786,0.34317811057591946
542,0.5116,102,423,102,521079,84531,63671,44285,0.7830134499240431,0.3437849335486275
543,0.5117,48,93,48,521172,84438,63719,44237,0.7821519878469005,0.34378861472702543
544,0.5118,446,1199,446,522371,83239,64165,43791,0.7710456111749231,0.3447295914350941
545,0.5119,381,1097,381,523468,82142,64546,43410,0.7608840638778762,0.3457531540716197
546,0.512,61,174,61,523642,81968,64607,43349,0.7592722961206417,0.34591476016821343
547,0.5121,79,418,79,524060,81550,64686,43270,0.7554003482900441,0.3466591892324948
548,0.5122,27,95,27,524155,81455,64713,43243,0.7545203601467264,0.34678182488893167
549,0.5123,176,809,176,524964,80646,64889,43067,0.7470265663788951,0.34812024605336545
550,0.5124,93,274,93,525238,80372,64982,42974,0.7444884953129053,0.3484020560050589
551,0.5125,77,262,77,525500,80110,65059,42897,0.7420615806439661,0.3487362507824758
552,0.5126,71,267,71,525767,79843,65130,42826,0.7395883508095891,0.3491183591616464
553,0.5127,0,1,0,525768,79842,65130,42826,0.7395790877765015,0.34912120520429124
554,0.5128,24,200,24,525968,79642,65154,42802,0.7377264811589908,0.34956388226454543
555,0.5129,100,416,100,526384,79226,65254,42702,0.7338730593945682,0.35022308247490325
556,0.513,240,561,240,526945,78665,65494,42462,0.7286764978324503,0.35055767913016916
557,0.5131,21,166,21,527111,78499,65515,42441,0.7271388343399162,0.35092607904746154
558,0.5132,267,553,267,527664,77946,65782,42174,0.7220163770424988,0.3510989010989011
559,0.5133,1,1,1,527665,77945,65783,42173,0.7220071140094112,0.3510964218518457
560,0.5134,303,589,303,528254,77356,66086,41870,0.7165511875208418,0.3511817892070522
561,0.5135,6,18,6,528272,77338,66092,41864,0.7163844529252659,0.35120216103756646
562,0.5136,12,60,12,528332,77278,66104,41852,0.7158286709400126,0.3513136909258793
563,0.5137,0,5,0,528337,77273,66104,41852,0.7157823557745748,0.35132843651626444
564,0.5139,0,2,0,528339,77271,66104,41852,0.7157638297083997,0.3513343350990153
565,0.514,0,1,0,528340,77270,66104,41852,0.7157545666753121,0.3513372844646665
566,0.5141,237,624,237,528964,76646,66341,41615,0.7099744340286783,0.35189115600240145
567,0.5142,304,779,304,529743,75867,66645,41311,0.7027585312534737,0.35254911331478606
568,0.5143,58,129,58,529872,75738,66703,41253,0.7015635999851791,0.3526168679642024
569,0.5144,65,308,65,530180,75430,66768,41188,0.6987105857942124,0.35318732957176424
570,0.5146,39,101,39,530281,75329,66807,41149,0.6977750194523695,0.3532770136849877
571,0.5147,41,90,41,530371,75239,66848,41108,0.6969413464744896,0.353322389060311
572,0.5148,22,89,22,530460,75150,66870,41086,0.6961169365296973,0.35347052548263874
573,0.5149,20,75,20,530535,75075,66890,41066,0.6954222090481307,0.3535874497378187
574,0.515,16,59,16,530594,75016,66906,41050,0.6948756900959651,0.3536780797132666
575,0.5151,16,60,16,530654,74956,66922,41034,0.6943199081107118,0.3537718768859384
576,0.5152,0,4,0,530658,74952,66922,41034,0.6942828559783616,0.35378407738865036
577,0.5153,0,3,0,530661,74949,66922,41034,0.6942550668790989,0.35379322831794313
578,0.5154,0,1,0,530662,74948,66922,41034,0.6942458038460113,0.3537962787329068
579,0.5155,96,244,96,530906,74704,67018,40938,0.6919856237726482,0.35400632988014735
580,0.5156,120,419,120,531325,74285,67138,40818,0.688104412908963,0.35462151290583216
581,0.5157,107,325,107,531650,73960,67245,40711,0.6850939271555078,0.35502437407888654
582,0.5158,93,253,93,531903,73707,67338,40618,0.6827503797843566,0.35528537065383775
583,0.5159,86,186,86,532089,73521,67424,40532,0.6810274556300715,0.3553786397552015
584,0.516,3,9,3,532098,73512,67427,40529,0.6809440883322835,0.35538972825562737
585,0.5161,1,14,1,532112,73498,67428,40528,0.6808144058690577,0.35542770946977004
586,0.5162,109,374,109,532486,73124,67537,40419,0.6773500314943125,0.35597967289925403
587,0.5163,73,357,73,532843,72767,67610,40346,0.6740431286820556,0.35668756022738324
588,0.5164,7,26,7,532869,72741,67617,40339,0.6738022898217793,0.3567297488503714
589,0.5165,112,276,112,533145,72465,67729,40227,0.6712456926896143,0.35696411457778726
590,0.5166,137,474,137,533619,71991,67866,40090,0.6668550150061135,0.35768774368537043
591,0.5167,169,392,169,534011,71599,68035,39921,0.6632239060357924,0.3579716642754663
592,0.5168,497,1512,497,535523,70087,68532,39424,0.6492182000074104,0.36000036526011087
593,0.5169,421,1407,421,536930,68680,68953,39003,0.6361851124532217,0.3622020188887754
594,0.517,53,179,53,537109,68501,69006,38950,0.6345270295305495,0.36249080976445075
595,0.5171,508,1866,508,538975,66635,69514,38442,0.6172422097891733,0.36584599864861006
596,0.5172,12,56,12,539031,66579,69526,38430,0.6167234799362703,0.3659686312601777
597,0.5173,28,75,28,539106,66504,69554,38402,0.6160287524547038,0.3660610451261129
598,0.5174,276,972,276,540078,65532,69830,38126,0.6070250842936011,0.36780566864110825
599,0.5175,307,998,307,541076,64534,70137,37819,0.597780577272222,0.36949576465760653
600,0.5176,337,1141,337,542217,63393,70474,37482,0.5872114565193227,0.37156877323420073
601,0.5177,51,140,51,542357,63253,70525,37431,0.585914631887065,0.3717671129474395
602,0.5178,589,1872,589,544229,61381,71114,36842,0.5685742339471637,0.3750852651619275
603,0.5179,26,60,26,544289,61321,71140,36816,0.5680184519619104,0.3751490263611074
604,0.518,14,37,14,544326,61284,71154,36802,0.567675719737671,0.3752013539139123
605,0.5181,5,18,5,544344,61266,71159,36797,0.5675089851420949,0.37523836717212405
606,0.5182,297,944,297,545288,60322,71456,36500,0.5587646819074438,0.37698043833013156
607,0.5183,11,24,11,545312,60298,71467,36489,0.5585423691133424,0.37700310992178704
608,0.5184,314,733,314,546045,59565,71781,36175,0.5517525658601653,0.3778462502611239
609,0.5185,7,22,7,546067,59543,71788,36168,0.5515487791322391,0.3778875991265372
610,0.5186,288,771,288,546838,58772,72076,35880,0.5444069806217348,0.37907281409795884
611,0.5187,5,42,5,546880,58730,72081,35875,0.5440179332320575,0.37920828708842025
612,0.5188,82,211,82,547091,58519,72163,35793,0.5420634332505836,0.3795169225549241
613,0.5189,492,1124,492,548215,57395,72655,35301,0.5316517840601727,0.3808254940882023
614,0.519,70,168,70,548383,57227,72725,35231,0.5300955945014636,0.3810486923792425
615,0.5191,81,250,81,548633,56977,72806,35150,0.527779836229575,0.38153852833588414
616,0.5192,36,73,36,548706,56904,72842,35114,0.5271036348141835,0.3815992523201982
617,0.5193,207,350,207,549056,56554,73049,34907,0.5238615732335395,0.38165994248914836
618,0.5194,86,246,86,549302,56308,73135,34821,0.5215828670940013,0.38210668393156955
619,0.5195,82,154,82,549456,56154,73217,34739,0.520156359998518,0.3821966488068388
620,0.5196,372,777,372,550233,55377,73589,34367,0.5129589832894883,0.38294482082367626
621,0.5197,7,16,7,550249,55361,73596,34360,0.5128107747600874,0.3829649691822427
622,0.5198,120,178,120,550427,55183,73716,34240,0.5111619548705028,0.38289925410688525
623,0.5199,153,284,153,550711,54899,73869,34087,0.5085312534736374,0.3830602566695885
624,0.52,126,230,126,550941,54669,73995,33961,0.5064007558635,0.38317725375155137
625,0.5201,7,12,7,550953,54657,74002,33954,0.5062895994664492,0.38318041778108813
626,0.5202,29,106,29,551059,54551,74031,33925,0.5053077179591685,0.38343731633437317
627,0.5203,96,248,96,551307,54303,74127,33829,0.5030104857534551,0.38384468751418327
628,0.5204,29,82,29,551389,54221,74156,33800,0.5022509170402757,0.38399927290078506
629,0.5205,25,73,25,551462,54148,74181,33775,0.5015747156248842,0.3841429432571682
630,0.5206,255,565,255,552027,53583,74436,33520,0.4963411019304161,0.3848317509155827
631,0.5207,66,146,66,552173,53437,74502,33454,0.49498869909963317,0.38501110586827175
632,0.5209,80,190,80,552363,53247,74582,33374,0.4932287228129979,0.38528763232934277
633,0.521,40,102,40,552465,53145,74622,33334,0.4922838934380674,0.3854577411857214
634,0.5211,123,160,123,552625,52985,74745,33211,0.4908018081440587,0.3852963014525036
635,0.5212,29,75,29,552700,52910,74774,33182,0.49010708066249214,0.38542489429912186
636,0.5213,58,141,58,552841,52769,74832,33124,0.48880099299714697,0.38564260184182647
637,0.5214,321,688,321,553529,52081,75153,32803,0.4824280262329097,0.38644503086565196
638,0.5215,173,305,173,553834,51776,75326,32630,0.4796028011412057,0.38658389214036915
639,0.5216,228,724,228,554558,51052,75554,32402,0.47289636518581646,0.3882617969180626
640,0.5217,0,6,0,554564,51046,75554,32402,0.4728407869872911,0.3882897133544243
641,0.5218,57,164,57,554728,50882,75611,32345,0.47132164956093225,0.38863589940764415
642,0.5219,6,15,6,554743,50867,75617,32339,0.47118270406461893,0.388661875345528
643,0.522,0,2,0,554745,50865,75617,32339,0.4711641779984438,0.3886712177299168
644,0.5221,127,142,127,554887,50723,75744,32212,0.4698488273000111,0.3884005546512329
645,0.5222,98,324,98,555211,50399,75842,32114,0.4668476045796436,0.3891992776895762
646,0.5223,71,274,71,555485,50125,75913,32043,0.4643095335136537,0.3899693311264726
647,0.5224,0,1,0,555486,50124,75913,32043,0.46430027048056616,0.3899740771842711
648,0.5225,356,739,356,556225,49385,76269,31687,0.4574548890288636,0.3908501085454904
649,0.5226,1,3,1,556228,49382,76270,31686,0.45742709992960096,0.3908570582720679
650,0.5227,18,64,18,556292,49318,76288,31668,0.4568342658119975,0.39103054848986246
651,0.5228,246,539,246,556831,48779,76534,31422,0.4518414909778058,0.39179062605204423
652,0.5229,5,9,5,556840,48770,76539,31417,0.4517581236800178,0.39179667527155276
653,0.523,45,87,45,556927,48683,76584,31372,0.4509522398014006,0.39188058209980636
654,0.5231,48,88,48,557015,48595,76632,31324,0.4501370928896958,0.391946846181759
655,0.5232,1,9,1,557024,48586,76633,31323,0.4500537255919078,0.3919833810959967
656,0.5233,6,18,6,557042,48568,76639,31317,0.44988699099633184,0.39202603742880393
657,0.5234,2,13,2,557055,48555,76641,31315,0.44976657156619365,0.3920746212595468
658,0.5235,0,2,0,557057,48553,76641,31315,0.4497480455000185,0.39208443932488607
659,0.5236,4,27,4,557084,48526,76645,31311,0.44949794360665457,0.39218658015707003
660,0.5237,6,26,6,557110,48500,76651,31305,0.44925710474637814,0.39226865484618756
661,0.5238,33,53,33,557163,48447,76684,31272,0.4487661639927378,0.3922778760395891
662,0.5239,270,668,270,557831,47779,76954,31002,0.4425784578902516,0.3935212805117985
663,0.524,3,10,3,557841,47769,76957,30999,0.44248582755937604,0.393548141377209
664,0.5241,16,45,16,557886,47724,76973,30983,0.4420689910704361,0.39364986595855517
665,0.5242,27,64,27,557950,47660,77000,30956,0.44147615695283265,0.39376208405413654
666,0.5243,164,372,164,558322,47288,77164,30792,0.43803030864426246,0.39436475409836064
667,0.5244,250,584,250,558906,46704,77414,30542,0.43262069732113084,0.3953861688631127
668,0.5245,25,48,25,558954,46656,77439,30517,0.4321760717329282,0.395436227696215
669,0.5246,181,402,181,559356,46254,77620,30336,0.4284523324317314,0.3960830395613004
670,0.5247,223,596,223,559952,45658,77843,30113,0.42293156471154914,0.3974211769674414
671,0.5248,0,5,0,559957,45653,77843,30113,0.4228852495461114,0.39744740384869204
672,0.5249,131,244,131,560201,45409,77974,29982,0.42062506947274814,0.3976867265323447
673,0.525,747,1554,747,561755,43855,78721,29235,0.40623031605468896,0.399986318237789
674,0.5251,17,32,17,561787,43823,78738,29218,0.4059338989958872,0.4000219055051273
675,0.5252,849,1622,849,563409,42201,79587,28369,0.3909092593278743,0.4019980161541732
676,0.5253,54,165,54,563574,42036,79641,28315,0.3893808588684279,0.4024818410541428
677,0.5254,0,1,0,563575,42035,79641,28315,0.3893715958353403,0.40248756218905474
678,0.5255,1007,2083,1007,565658,39952,80648,27308,0.37007669791396497,0.40600654177817425
679,0.5256,438,944,438,566602,39008,81086,26870,0.3613323946793138,0.40787516318042444
680,0.5257,776,1579,776,568181,37429,81862,26094,0.34670606543406574,0.4107803472757899
681,0.5258,468,950,468,569131,36479,82330,25626,0.33790618400088923,0.4126237823041623
682,0.5259,982,1864,982,570995,34615,83312,24644,0.32063989032568824,0.4158693194282725
683,0.526,353,737,353,571732,33878,83665,24291,0.31381303494016083,0.41759356358197663
684,0.5261,1,3,1,571735,33875,83666,24290,0.3137852458408981,0.4176050889710307
685,0.5262,862,1735,862,573470,32140,84528,23428,0.29771388343399163,0.4216095594586813
686,0.5263,18,60,18,573530,32080,84546,23410,0.2971581014487384,0.42187781582267075
687,0.5264,62,163,62,573693,31917,84608,23348,0.29564822705546706,0.4224735365963992
688,0.5265,96,145,96,573838,31772,84704,23252,0.29430508725777166,0.4225792381506252
689,0.5266,128,297,128,574135,31475,84832,23124,0.2915539664307681,0.42352424037070274
690,0.5267,179,301,179,574436,31174,85011,22945,0.2887657934714143,0.4239730963247658
691,0.5268,127,330,127,574766,30844,85138,22818,0.2857089925525214,0.42521709962356974
692,0.5269,30,47,30,574813,30797,85168,22788,0.28527362999740635,0.42526826537277224
693,0.527,42,59,42,574872,30738,85210,22746,0.2847271110452407,0.42528606686111736
694,0.5271,107,183,107,575055,30555,85317,22639,0.28303197599021823,0.42559311200511335
695,0.5272,44,89,44,575144,30466,85361,22595,0.2822075660454259,0.42583064774504814
696,0.5273,2,7,2,575151,30459,85363,22593,0.28214272481381303,0.4258651888712961
697,0.5274,24,33,24,575184,30426,85387,22569,0.2818370447219237,0.42587036512878573
698,0.5275,48,97,48,575281,30329,85435,22521,0.280938530512431,0.4261305581835383
699,0.5276,66,153,66,575434,30176,85501,22455,0.2795212864500352,0.4266496931466246
700,0.5278,50,104,50,575538,30072,85551,22405,0.27855793100892956,0.4269489490633992
701,0.5279,64,141,64,575679,29931,85615,22341,0.27725184334358444,0.4273989898989899
702,0.528,129,169,129,575848,29762,85744,22212,0.27568639075178775,0.42736752991880556
703,0.5281,0,5,0,575853,29757,85744,22212,0.27564007558635,0.4274086474629106
704,0.5282,163,258,163,576111,29499,85907,22049,0.273250213049761,0.42773725459765655
705,0.5283,162,184,162,576295,29315,86069,21887,0.27154581496165103,0.4274637709464474
706,0.5284,42,166,42,576461,29149,86111,21845,0.27000815146911705,0.4283837314193827
707,0.5285,177,244,177,576705,28905,86288,21668,0.26774797139575385,0.42844996341921576
708,0.5286,69,191,69,576896,28714,86357,21599,0.26597873207603095,0.4292926281477948
709,0.5287,11,13,11,576909,28701,86368,21588,0.26585831264589277,0.4292787687168168
710,0.5288,37,137,37,577046,28564,86405,21551,0.26458927711289787,0.4300309288636137
711,0.5289,33,66,33,577112,28498,86438,21518,0.26397791692911926,0.43022232885476647
712,0.529,51,52,51,577164,28446,86489,21467,0.26349623920856646,0.43008835373549975
713,0.5291,325,416,325,577580,28030,86814,21142,0.2596428174441439,0.429960139917026
714,0.5294,152,292,152,577872,27738,86966,20990,0.2569380117825781,0.43075849614184863
715,0.5295,210,282,210,578154,27456,87176,20780,0.25432583645188783,0.43079857367940955
716,0.5296,48,79,48,578233,27377,87224,20732,0.25359405683797104,0.43093807811428214
717,0.5297,238,357,238,578590,27020,87462,20494,0.25028715402571416,0.4313255040619607
718,0.5298,289,545,289,579135,26475,87751,20205,0.24523880099299714,0.432840616966581
719,0.5299,0,2,0,579137,26473,87751,20205,0.24522027492682205,0.4328591627747547
720,0.53,9,23,9,579160,26450,87760,20196,0.24500722516580828,0.43296316940359303
721,0.5302,0,4,0,579164,26446,87760,20196,0.24497017303345808,0.4330003001586553
722,0.5303,48,129,48,579293,26317,87808,20148,0.24377524176516358,0.43361670074249437
723,0.5304,0,1,0,579294,26316,87808,20148,0.24376597873207603,0.43362603305785125
724,0.5305,268,377,268,579671,25939,88076,19880,0.2402738152580681,0.4338811410113708
725,0.5306,203,322,203,579993,25617,88279,19677,0.23729111860387564,0.4344284011127302
726,0.5308,230,416,230,580409,25201,88509,19447,0.23343769683945312,0.435562623185809
727,0.5309,246,296,246,580705,24905,88755,19201,0.23069583904553706,0.43533759579195574
728,0.531,1,2,1,580707,24903,88756,19200,0.23067731297936198,0.435344534385416
729,0.5311,20,36,20,580743,24867,88776,19180,0.23034384378821002,0.4354439575907553
730,0.5312,79,191,79,580934,24676,88855,19101,0.22857460446848715,0.43632501085044656
731,0.5313,8,8,8,580942,24668,88863,19093,0.22850050020378673,0.43630172985078036
732,0.5314,6,10,6,580952,24658,88869,19087,0.22840786987291117,0.43632415133158076
733,0.5315,142,282,142,581234,24376,89011,18945,0.2257956945422209,0.4373167747743589
734,0.5316,0,4,0,581238,24372,89011,18945,0.22575864240987067,0.4373571576979015
735,0.5317,124,169,124,581407,24203,89135,18821,0.22419318981807404,0.43745351431759016
736,0.5318,128,208,128,581615,23995,89263,18693,0.22226647893586277,0.4378982383808096
737,0.5319,23,51,23,581666,23944,89286,18670,0.22179406424839748,0.43811892805181396
738,0.532,1,4,1,581670,23940,89287,18669,0.2217570121160473,0.4381468703794973
739,0.5321,8,27,8,581697,23913,89295,18661,0.22150691022268332,0.4383191619298163
740,0.5322,4,21,4,581718,23892,89299,18657,0.22131238652784468,0.4384826905450187
741,0.5323,2,6,2,581724,23886,89301,18655,0.22125680832931935,0.4385181354458052
742,0.5324,39,43,39,581767,23843,89340,18616,0.2208584979065545,0.4384465013306955
743,0.5325,15,20,15,581787,23823,89355,18601,0.22067323724480345,0.4384546483122761
744,0.5326,218,350,218,582137,23473,89573,18383,0.21743117566415948,0.4391962920489297
745,0.5328,27,78,27,582215,23395,89600,18356,0.21670865908333026,0.4396541400205983
746,0.5329,14,28,14,582243,23367,89614,18342,0.21644929415687872,0.43976120261813995
747,0.533,9,17,9,582260,23350,89623,18333,0.2162918225943903,0.4398195907204376
748,0.5331,9,37,9,582297,23313,89632,18324,0.2159490903701508,0.44008934361265223
749,0.5332,1,13,1,582310,23300,89633,18323,0.2158286709400126,0.4402133435840761
750,0.5333,747,1068,747,583378,22232,90380,17576,0.2059357516025047,0.4415192926045016
751,0.5334,521,831,521,584209,21401,90901,17055,0.19823817110674719,0.44349386311628874
752,0.5335,151,297,151,584506,21104,91052,16904,0.1954870502797436,0.4447484740054725
753,0.5336,9,19,9,584525,21085,91061,16895,0.19531105265108006,0.44483938915218535
754,0.5337,453,663,453,585188,20422,91514,16442,0.18916966171403166,0.4460177951388889
755,0.5338,239,357,239,585545,20065,91753,16203,0.1858627589017748,0.44675747215175915
756,0.5339,450,687,450,586232,19378,92203,15753,0.17949905517062506,0.44840738948507014
757,0.534,566,879,566,587111,18499,92769,15187,0.17135684908666493,0.4508401116190702
758,0.5341,53,66,53,587177,18433,92822,15134,0.17074548890288635,0.4508594750796914
759,0.5342,189,274,189,587451,18159,93011,14945,0.16820741783689652,0.45145601739971003
760,0.5343,10,22,10,587473,18137,93021,14935,0.16800363110897032,0.45159046927914853
761,0.5344,113,189,113,587662,17948,93134,14822,0.16625291785542257,0.45230393652731155
762,0.5345,0,4,0,587666,17944,93134,14822,0.16621586572307237,0.45235915278032107
763,0.5346,170,216,170,587882,17728,93304,14652,0.16421505057616065,0.4525015441630636
764,0.5347,34,51,34,587933,17677,93338,14618,0.1637426358886954,0.45263972751199877
765,0.5348,90,130,90,588063,17547,93428,14528,0.16253844158731334,0.45293842556508185
766,0.5349,217,287,217,588350,17260,93645,14311,0.1598799510911853,0.45329574609610085
767,0.535,2,16,2,588366,17244,93647,14309,0.15973174256178443,0.4534909517320065
768,0.5351,24,47,24,588413,17197,93671,14285,0.15929638000666937,0.45375134997776506
769,0.5352,32,35,32,588448,17162,93703,14253,0.158972173848605,0.45370046156294763
770,0.5353,9,26,9,588474,17136,93712,14244,0.1587313349883286,0.45391969407265775
771,0.5354,14,20,14,588494,17116,93726,14230,0.1585460743265775,0.4539654182351815
772,0.5355,95,155,95,588649,16961,93821,14135,0.1571103041980066,0.45456007203498844
773,0.5356,5,1,5,588650,16960,93826,14130,0.15710104116491905,0.45448697330331295
774,0.5357,9,5,9,588655,16955,93835,14121,0.15705472599948128,0.4544021109537907
775,0.5358,68,111,68,588766,16844,93903,14053,0.15602652932676275,0.45483380263455997
776,0.5359,18,31,18,588797,16813,93921,14035,0.1557393753010486,0.4549727697095436
777,0.536,141,136,141,588933,16677,94062,13894,0.1544796028011412,0.45448300677112297
778,0.5361,6,9,6,588942,16668,94068,13888,0.1543962355033532,0.4545097525854169
779,0.5362,27,28,27,588970,16640,94095,13861,0.1541368705769017,0.45444411658634143
780,0.5363,143,233,143,589203,16407,94238,13718,0.15197858386750157,0.4553692946058091
781,0.5364,187,197,187,589400,16210,94425,13531,0.1501537663492534,0.4549611647221008
782,0.5365,74,140,74,589540,16070,94499,13457,0.14885694171699582,0.45575236224472515
783,0.5366,66,117,66,589657,15953,94565,13391,0.14777316684575198,0.45634541984732824
784,0.5369,9,14,9,589671,15939,94574,13382,0.14764348438252622,0.4563964394120255
785,0.537,47,96,47,589767,15843,94621,13335,0.14675423320612102,0.4570224141476455
786,0.5371,188,228,188,589995,15615,94809,13147,0.14464226166215866,0.45709616855573326
787,0.5372,51,95,51,590090,15520,94860,13096,0.14376227351884102,0.45764607212748115
788,0.5373,93,82,93,590172,15438,94953,13003,0.14300270480566157,0.45719208185366195
789,0.5374,13,21,13,590193,15417,94966,12990,0.14280818111082294,0.45728165592987646
790,0.5375,10,17,10,590210,15400,94976,12980,0.1426507095483345,0.4573643410852713
791,0.5376,2,6,2,590216,15394,94978,12978,0.14259513134980917,0.45742281122233186
792,0.5377,85,105,85,590321,15289,95063,12893,0.141622512875616,0.45749059683485915
793,0.5378,25,26,25,590347,15263,95088,12868,0.14138167401533958,0.4574313035441328
794,0.5379,231,498,231,590845,14765,95319,12637,0.1367686835377376,0.4611707174658784
795,0.538,204,365,204,591210,14400,95523,12433,0.1333876764607803,0.4633473707747922
796,0.5381,1,2,1,591212,14398,95524,12432,0.1333691503946052,0.4633619083115915
797,0.5383,0,1,0,591213,14397,95524,12432,0.13335988736151766,0.4633791792463379
798,0.5384,0,2,0,591215,14395,95524,12432,0.13334136129534255,0.46341372497856637
799,0.5385,0,2,0,591217,14393,95524,12432,0.13332283522916744,0.463448275862069
800,0.5386,142,282,142,591499,14111,95666,12290,0.13071065989847716,0.46551266997462215
801,0.5388,118,246,118,591745,13865,95784,12172,0.12843195375893882,0.4674885739524523
802,0.5389,1,2,1,591747,13863,95785,12171,0.12841342769276373,0.4675040331873704
803,0.5391,86,148,86,591895,13715,95871,12085,0.1270424987958057,0.4684108527131783
804,0.5392,2,8,2,591903,13707,95873,12083,0.12696839453110526,0.46851492826677005
805,0.5393,53,68,53,591971,13639,95926,12030,0.1263385082811516,0.46865869336553817
806,0.5394,38,41,38,592012,13598,95964,11992,0.12595872392456187,0.46862055490425947
807,0.5395,87,143,87,592155,13455,96051,11905,0.1246341101930416,0.4694400630914827
808,0.5396,53,86,53,592241,13369,96104,11852,0.12383748934751194,0.4699258554379287
809,0.5397,4,6,4,592247,13363,96108,11848,0.12378191114898662,0.46995359168616874
810,0.5398,45,37,45,592284,13326,96153,11803,0.12343917892474712,0.46969636674758247
811,0.5399,347,537,347,592821,12789,96500,11456,0.11846493015673051,0.4725097958341926
812,0.54,312,505,312,593326,12284,96812,11144,0.11378709844751565,0.475670138296056
813,0.5401,6,32,6,593358,12252,96818,11138,0.11349068138871392,0.4761864044463446
814,0.5402,84,133,84,593491,12119,96902,11054,0.11225869798806921,0.4770206706080352
815,0.5405,308,542,308,594033,11577,97210,10746,0.10723813405461484,0.48138691036151054
816,0.5406,61,106,61,594139,11471,97271,10685,0.1062562525473341,0.48226214118071853
817,0.5407,3,4,3,594143,11467,97274,10682,0.10621920041498388,0.4822791096663506
818,0.5408,673,957,673,595100,10510,97947,10009,0.09735447775019453,0.4877918027194308
819,0.5409,28,52,28,595152,10458,97975,9981,0.0968728000296417,0.48833113166006165
820,0.541,9,19,9,595171,10439,97984,9972,0.09669680240097818,0.4885600901474695
821,0.5412,9,24,9,595195,10415,97993,9963,0.09647448960687688,0.488909608401217
822,0.5413,26,62,26,595257,10353,98019,9937,0.09590018155544852,0.4897486446525382
823,0.5414,44,42,44,595299,10311,98063,9893,0.09551113416577124,0.48965551375965155
824,0.5415,17,28,17,595327,10283,98080,9876,0.09525176923931972,0.4899052532367677
825,0.5416,51,92,51,595419,10191,98131,9825,0.09439957019526474,0.49085731414868106
826,0.5418,17,14,17,595433,10177,98148,9808,0.09426988773203898,0.49076807605704276
827,0.5419,41,89,41,595522,10088,98189,9767,0.09344547778724666,0.49191639385545205
828,0.542,7,16,7,595538,10072,98196,9760,0.09329726925784579,0.49213392496974584
829,0.5421,49,36,49,595574,10036,98245,9711,0.09296380006669384,0.49177090190915074
830,0.5422,41,59,41,595633,9977,98286,9670,0.09241728111452814,0.4921871023565939
831,0.5423,6,13,6,595646,9964,98292,9664,0.09229686168438994,0.49235785612390465
832,0.5424,6,9,6,595655,9955,98298,9658,0.09221349438660195,0.49242849130678634
833,0.5425,13,43,13,595698,9912,98311,9645,0.09181518396383712,0.49317379966252495
834,0.5426,24,69,24,595767,9843,98335,9621,0.09117603468079588,0.4942971639950678
835,0.5427,8,21,8,595788,9822,98343,9613,0.09098151098595725,0.4946231026498585
836,0.5428,20,42,20,595830,9780,98363,9593,0.09059246359627997,0.49517369534919736
837,0.5429,6,2,6,595832,9778,98369,9587,0.09057393753010486,0.4950684224115673
838,0.543,39,44,39,595876,9734,98408,9548,0.09016636407425248,0.49517684887459806
839,0.5431,61,96,61,595972,9638,98469,9487,0.08927711289784727,0.49605228758169934
840,0.5432,19,36,19,596008,9602,98488,9468,0.08894364370669532,0.4964866282118511
841,0.5433,217,216,217,596224,9386,98705,9251,0.08694282855978362,0.496378172452648
842,0.5434,0,2,0,596226,9384,98705,9251,0.08692430249360851,0.49643144620338076
843,0.5435,14,19,14,596245,9365,98719,9237,0.08674830486494498,0.4965595097301365
844,0.5436,38,56,38,596301,9309,98757,9199,0.08622957501204194,0.49702831208126214
845,0.5437,18,28,18,596329,9281,98775,9181,0.08597021008559043,0.4972917343733073
846,0.5438,23,27,23,596356,9254,98798,9158,0.08572010819222646,0.497393004562242
847,0.5439,29,31,29,596387,9223,98827,9129,0.08543295416651228,0.4974389712292938
848,0.544,41,38,41,596425,9185,98868,9088,0.08508095890918523,0.4973458107590434
849,0.5441,3,5,3,596430,9180,98871,9085,0.08503464374374746,0.49739939775526965
850,0.5442,17,24,17,596454,9156,98888,9068,0.08481233094964616,0.497585601404741
851,0.5443,116,147,116,596601,9009,99004,8952,0.08345066508577569,0.4984132286621012
852,0.5444,47,61,47,596662,8948,99051,8905,0.08288562006743488,0.49879572060718086
853,0.5445,289,304,289,596966,8644,99340,8616,0.0800696580088184,0.499188876013905
854,0.5446,9,12,9,596978,8632,99349,8607,0.07995850161176776,0.4992748999361912
855,0.5447,129,128,129,597106,8504,99478,8478,0.07877283337656082,0.4992344835708397
856,0.5448,35,39,35,597145,8465,99513,8443,0.07841157508614621,0.4993494203927135
857,0.5451,9,22,9,597167,8443,99522,8434,0.07820778835822001,0.4997333649345263
858,0.5452,43,66,43,597233,8377,99565,8391,0.07759642817444144,0.500417461832061
859,0.5453,62,51,62,597284,8326,99627,8329,0.07712401348697617,0.5000900630441308
860,0.5455,275,298,275,597582,8028,99902,8054,0.07436362962688503,0.5008083571695063
861,0.5456,127,135,127,597717,7893,100029,7927,0.07311312016006521,0.5010745891276864
862,0.5457,3,8,3,597725,7885,100032,7924,0.07303901589536478,0.5012334746030742
863,0.5458,161,181,161,597906,7704,100193,7763,0.07136240690651748,0.5019072864808948
864,0.546,66,75,66,597981,7629,100259,7697,0.0706676794249509,0.5022184523032754
865,0.5461,21,30,21,598011,7599,100280,7676,0.07038978843232428,0.5025204582651391
866,0.5463,2,3,2,598014,7596,100282,7674,0.07036199933306161,0.5025540275049116
867,0.5464,0,3,0,598017,7593,100282,7674,0.07033421023379896,0.5026527805069758
868,0.5465,1,2,1,598019,7591,100283,7673,0.07031568416762385,0.5026860587002097
869,0.5467,33,41,33,598060,7550,100316,7640,0.06993589981103412,0.5029624753127058
870,0.5469,15,36,15,598096,7514,100331,7625,0.06960243061988218,0.503666028139243
871,0.547,1,2,1,598098,7512,100332,7624,0.06958390455370707,0.5036997885835095
872,0.5471,21,32,21,598130,7480,100353,7603,0.06928748749490533,0.5040774381754293
873,0.5472,10,12,10,598142,7468,100363,7593,0.06917633109785468,0.5041497908505411
874,0.5473,4,3,4,598145,7465,100367,7589,0.06914854199859202,0.5041185067091802
875,0.5475,180,195,180,598340,7270,100547,7409,0.06734225054651895,0.5047346549492472
876,0.5477,2,3,2,598343,7267,100549,7407,0.0673144614472563,0.5047703421016765
877,0.548,10,5,10,598348,7262,100559,7397,0.06726814628181851,0.504604679718944
878,0.5481,50,45,50,598393,7217,100609,7347,0.06685130979287858,0.5044630595990113
879,0.5482,656,692,656,599085,6525,101265,6691,0.060441290896291085,0.5062802663438256
880,0.5483,514,504,514,599589,6021,101779,6177,0.05577272222016377,0.5063944909001475
881,0.5484,0,2,0,599591,6019,101779,6177,0.05575419615398866,0.5064775336175795
882,0.5485,21,19,21,599610,6000,101800,6156,0.05557819852532513,0.506416584402764
883,0.5486,488,460,488,600070,5540,102288,5668,0.051317203305050206,0.5057102069950036
884,0.5487,8,12,8,600082,5528,102296,5660,0.051206046907999556,0.5058991776903825
885,0.5488,495,522,495,600604,5006,102791,5165,0.04637074363629627,0.5078163405761479
886,0.5489,514,493,514,601097,4513,103305,4651,0.041804068324132054,0.507529463116543
887,0.5491,2,7,2,601104,4506,103307,4649,0.04173922709251918,0.5078099399235391
888,0.5492,1,6,1,601110,4500,103308,4648,0.04168364889399385,0.5080891998250984
889,0.5493,14,22,14,601132,4478,103322,4634,0.04147986216606766,0.5085601404741001
890,0.5495,1,0,1,601132,4478,103323,4633,0.04147986216606766,0.5085062012951378
891,0.5496,75,108,75,601240,4370,103398,4558,0.040479454592611805,0.5105286738351255
892,0.5499,43,76,43,601316,4294,103441,4515,0.039775464077957685,0.5125439891020547
893,0.55,5,4,5,601320,4290,103446,4510,0.03973841194560747,0.5125
894,0.5501,32,54,32,601374,4236,103478,4478,0.039238208158879545,0.5138857011705302
895,0.5502,3,0,3,601374,4236,103481,4475,0.039238208158879545,0.5137182872230514
896,0.5503,29,54,29,601428,4182,103510,4446,0.038738004372151615,0.5152990264255911
897,0.5504,43,58,43,601486,4124,103553,4403,0.038200748453073474,0.5163597982877918
898,0.5506,39,50,39,601536,4074,103592,4364,0.03773759679869577,0.5171841668641858
899,0.5507,12,28,12,601564,4046,103604,4352,0.03747823187224425,0.5182186234817814
900,0.5508,16,26,16,601590,4020,103620,4336,0.03723739301196784,0.5189085686931546
901,0.5509,0,2,0,601592,4018,103620,4336,0.03721886694579273,0.5190327986593248
902,0.551,1,0,1,601592,4018,103621,4335,0.03721886694579273,0.5189752184843769
903,0.5512,6,9,6,601601,4009,103627,4329,0.03713549964800474,0.5191892540177501
904,0.5513,46,50,46,601651,3959,103673,4283,0.036672347993627036,0.5196554234409124
905,0.5514,25,46,25,601697,3913,103698,4258,0.03624624847159954,0.521111247093379
906,0.5515,0,1,0,601698,3912,103698,4258,0.03623698543851198,0.5211750305997552
907,0.5516,30,21,30,601719,3891,103728,4228,0.03604246174367335,0.5207537874122429
908,0.5517,20,35,20,601754,3856,103748,4208,0.035718255585608955,0.5218253968253969
909,0.5518,6,6,6,601760,3850,103754,4202,0.035662677387083626,0.5218579234972678
910,0.552,64,63,64,601823,3787,103818,4138,0.03507910630256771,0.5221451104100946
911,0.5521,10,13,10,601836,3774,103828,4128,0.034958686872429506,0.5223993925588458
912,0.5522,11,10,11,601846,3764,103839,4117,0.03486605654155397,0.5223956350716914
913,0.5523,151,152,151,601998,3612,103990,3966,0.03345807551224573,0.5233570863024545
914,0.5524,18,22,18,602020,3590,104008,3948,0.03325428878431954,0.5237463518174582
915,0.5525,17,14,17,602034,3576,104025,3931,0.03312460632109378,0.5236445983748501
916,0.5526,170,170,170,602204,3406,104195,3761,0.031549890696209566,0.5247662899400027
917,0.5527,191,159,191,602363,3247,104386,3570,0.03007706843528845,0.5236907730673317
918,0.5528,240,265,240,602628,2982,104626,3330,0.02762236466708659,0.5275665399239544
919,0.5532,4,9,4,602637,2973,104630,3326,0.027538997369298605,0.5280203206858232
920,0.5534,151,147,151,602784,2826,104781,3175,0.02617733150542814,0.5290784869188468
921,0.5535,167,154,167,602938,2672,104948,3008,0.02475082440994479,0.5295774647887324
922,0.5536,106,137,106,603075,2535,105054,2902,0.023481788876949867,0.5337502299061982
923,0.5538,18,18,18,603093,2517,105072,2884,0.023315054281373895,0.5339751897796704
924,0.5541,4,3,4,603096,2514,105076,2880,0.02328726518211123,0.5339265850945495
925,0.5542,1,1,1,603097,2513,105077,2879,0.023278002149023678,0.5339391691394659
926,0.5543,1,1,1,603098,2512,105078,2878,0.023268739115936122,0.5339517625231911
927,0.5546,0,1,0,603099,2511,105078,2878,0.02325947608284857,0.5340508443124884
928,0.5556,1,3,1,603102,2508,105079,2877,0.023231686983585905,0.5342618384401114
929,0.5558,0,1,0,603103,2507,105079,2877,0.023222423950498353,0.5343610698365527
930,0.5559,75,47,75,603150,2460,105154,2802,0.022787061395383303,0.5324971493728621
931,0.5562,24,38,24,603188,2422,105178,2778,0.022435066138056244,0.5342307692307692
932,0.5563,12,6,12,603194,2416,105190,2766,0.02237948793953092,0.5337707448861444
933,0.5564,20,51,20,603245,2365,105210,2746,0.021907073252065656,0.5372725494032479
934,0.5567,7,7,7,603252,2358,105217,2739,0.021842232020452778,0.5373749264273102
935,0.5568,25,42,25,603294,2316,105242,2714,0.0214531846307755,0.5395626242544732
936,0.5571,17,48,17,603342,2268,105259,2697,0.0210085590425729,0.543202416918429
937,0.5572,1,3,1,603345,2265,105260,2696,0.02098076994331024,0.5434388228179803
938,0.5573,13,55,13,603400,2210,105273,2683,0.020471303123494756,0.548334355201308
939,0.5576,62,59,62,603459,2151,105335,2621,0.01992478417132906,0.5492455993294216
940,0.5581,16,15,16,603474,2136,105351,2605,0.019785838675015748,0.549462138789285
941,0.5583,2,1,2,603475,2135,105353,2603,0.019776575641928192,0.5493879273955256
942,0.5584,69,43,69,603518,2092,105422,2534,0.019378265219163363,0.5477734543882404
943,0.5585,12,10,12,603528,2082,105434,2522,0.01928563488828782,0.547784535186794
944,0.5586,1,1,1,603529,2081,105435,2521,0.019276371855200265,0.5478053020425901
945,0.5587,12,15,12,603544,2066,105447,2509,0.019137426358886954,0.548415300546448
946,0.5588,14,18,14,603562,2048,105461,2495,0.018970691763310978,0.5491965661457187
947,0.5589,20,11,20,603573,2037,105481,2475,0.018868798399347884,0.5485372340425532
948,0.5591,9,7,9,603580,2030,105490,2466,0.018803957167735003,0.5484875444839857
949,0.5593,11,10,11,603590,2020,105501,2455,0.01871132683685946,0.5486033519553073
950,0.5594,6,9,6,603599,2011,105507,2449,0.018627959539071474,0.5491031390134529
951,0.5595,3,8,3,603607,2003,105510,2446,0.01855385527437104,0.5497864688694089
952,0.5598,6,22,6,603629,1981,105516,2440,0.01835006854644485,0.5519113322777652
953,0.5599,6,3,6,603632,1978,105522,2434,0.018322279447182184,0.5516772438803264
954,0.5601,82,52,82,603684,1926,105604,2352,0.01784060172662937,0.5497896213183731
955,0.5604,6,11,6,603695,1915,105610,2346,0.01773870836266627,0.550574982398498
956,0.5606,118,107,118,603802,1808,105728,2228,0.016747563822297973,0.5520317145688801
957,0.5607,61,59,61,603861,1749,105789,2167,0.016201044870132277,0.5533707865168539
958,0.5608,27,30,27,603891,1719,105816,2140,0.01592315387750565,0.5545478103135527
959,0.5609,83,83,83,603974,1636,105899,2057,0.015154322131238653,0.5569997292174383
960,0.5613,4,7,4,603981,1629,105903,2053,0.015089480899625774,0.5575774035850082
961,0.5614,45,64,45,604045,1565,105948,2008,0.014496646782022305,0.5619927232017912
962,0.5615,64,69,64,604114,1496,106012,1944,0.013857497498981066,0.5651162790697675
963,0.5617,17,18,17,604132,1478,106029,1927,0.01369076290340509,0.5659324522760646
964,0.5618,3,2,3,604134,1476,106032,1924,0.013672236837229982,0.5658823529411765
965,0.5621,9,17,9,604151,1459,106041,1915,0.01351476527474156,0.5675755779490219
966,0.5623,2,0,2,604151,1459,106043,1913,0.01351476527474156,0.5673190984578885
967,0.5633,1,2,1,604153,1457,106044,1912,0.013496239208566452,0.5675274562184625
968,0.5634,9,7,9,604160,1450,106053,1903,0.013431397976953573,0.5675514464658514
969,0.5637,10,23,10,604183,1427,106063,1893,0.013218348215939828,0.5701807228915663
970,0.5641,0,1,0,604184,1426,106063,1893,0.013209085182852274,0.5703525158180175
971,0.5644,1,5,1,604189,1421,106064,1892,0.013162770017414503,0.5710836100211288
972,0.5645,24,29,24,604218,1392,106088,1868,0.012894142057875431,0.5730061349693252
973,0.5646,30,45,30,604263,1347,106118,1838,0.012477305568935492,0.5770800627943485
974,0.5648,22,31,22,604294,1316,106140,1816,0.012190151543221313,0.5798212005108557
975,0.5652,40,56,40,604350,1260,106180,1776,0.011671421690318278,0.5849802371541502
976,0.5653,3,3,3,604353,1257,106183,1773,0.011643632591055615,0.5851485148514851
977,0.5655,1,1,1,604354,1256,106184,1772,0.011634369557968061,0.5852047556142669
978,0.5662,9,5,9,604359,1251,106193,1763,0.01158805439253029,0.5849369608493696
979,0.5663,12,10,12,604369,1241,106205,1751,0.011495424061654748,0.5852272727272727
980,0.5665,4,5,4,604374,1236,106209,1747,0.011449108896216977,0.5856520281595708
981,0.5667,0,1,0,604375,1235,106209,1747,0.011439845863129423,0.5858484238765929
982,0.5668,15,14,15,604389,1221,106224,1732,0.011310163399903664,0.5865221808330512
983,0.567,7,10,7,604399,1211,106231,1725,0.011217533069028122,0.5875340599455041
984,0.5671,148,105,148,604504,1106,106379,1577,0.010244914594834932,0.58777487886694
985,0.5673,7,1,7,604505,1105,106386,1570,0.010235651561747378,0.5869158878504673
986,0.5674,306,214,306,604719,891,106692,1264,0.008253362481010782,0.5865429234338747
987,0.5675,7,1,7,604720,890,106699,1257,0.008244099447923228,0.5854680950163018
988,0.5676,1,8,1,604728,882,106700,1256,0.008169995183222794,0.587464920486436
989,0.5677,6,2,6,604730,880,106706,1250,0.008151469117047686,0.5868544600938967
990,0.5678,6,2,6,604732,878,106712,1244,0.008132943050872577,0.586239396795476
991,0.5681,130,103,130,604835,775,106842,1114,0.007178850642854497,0.5897300158814187
992,0.5683,159,121,159,604956,654,107001,955,0.00605802363926044,0.5935363579863269
993,0.5684,4,2,4,604958,652,107005,951,0.006039497573085331,0.5932626325639426
994,0.5686,2,3,2,604961,649,107007,949,0.006011708473822669,0.5938673341677096
995,0.5687,16,13,16,604974,636,107023,933,0.005891289043684464,0.5946462715105163
996,0.5688,37,33,37,605007,603,107060,896,0.005585608951795175,0.5977318212141428
997,0.5689,2,4,2,605011,599,107062,894,0.005548556819444959,0.5987943737441394
998,0.5691,0,1,0,605012,598,107062,894,0.005539293786357405,0.599195710455764
999,0.5696,1,2,1,605014,596,107063,893,0.005520767720182297,0.5997313633310947
1000,0.5697,16,14,16,605028,582,107079,877,0.005391085256956538,0.6010966415352982
1001,0.5698,29,11,29,605039,571,107108,848,0.005289191892993442,0.5976039464411558
1002,0.5701,1,0,1,605039,571,107109,847,0.005289191892993442,0.5973201692524682
1003,0.5705,68,28,68,605067,543,107177,779,0.005029826966541925,0.5892586989409985
1004,0.5723,79,37,79,605104,506,107256,700,0.004687094742302419,0.5804311774461028
1005,0.5732,60,30,60,605134,476,107316,640,0.004409203749675794,0.5734767025089605
1006,0.5737,1,8,1,605142,468,107317,639,0.0043350994849753605,0.5772357723577236
1007,0.5746,2,2,2,605144,466,107319,637,0.004316573418800252,0.5775158658204895
1008,0.5749,74,61,74,605205,405,107393,563,0.0037515284004594465,0.5816115702479339
1009,0.5753,139,84,139,605289,321,107532,424,0.0029734336211048947,0.5691275167785235
1010,0.5754,71,46,71,605335,275,107603,353,0.0025473340990774017,0.5621019108280255
1011,0.5755,2,0,2,605335,275,107605,351,0.0025473340990774017,0.560702875399361
1012,0.5756,0,2,0,605337,273,107605,351,0.0025288080329022933,0.5625
1013,0.5757,73,59,73,605396,214,107678,278,0.0019822890807365966,0.5650406504065041
1014,0.5759,60,39,60,605435,175,107738,218,0.001621030790321983,0.55470737913486
1015,0.5762,5,6,5,605441,169,107743,213,0.0015654525917966578,0.5575916230366492
1016,0.5763,77,68,77,605509,101,107820,136,0.0009355663418429731,0.5738396624472574
1017,0.5765,1,0,1,605509,101,107821,135,0.0009355663418429731,0.5720338983050848
1018,0.5768,3,7,3,605516,94,107824,132,0.0008707251102300938,0.584070796460177
1019,0.5769,9,5,9,605521,89,107833,123,0.0008244099447923228,0.5801886792452831
1020,0.577,14,9,14,605530,80,107847,109,0.0007410426470043351,0.5767195767195767
1021,0.5777,14,10,14,605540,70,107861,95,0.0006484123161287932,0.5757575757575758
1022,0.5779,0,1,0,605541,69,107861,95,0.000639149283041239,0.5792682926829268
1023,0.5797,0,1,0,605542,68,107861,95,0.0006298862499536849,0.5828220858895705
1024,0.5804,0,1,0,605543,67,107861,95,0.0006206232168661307,0.5864197530864198
1025,0.5834,18,14,18,605557,53,107879,77,0.000490940753640372,0.5923076923076923
1026,0.5835,9,11,9,605568,42,107888,68,0.0003890473896772759,0.6181818181818182
1027,0.5836,3,3,3,605571,39,107891,65,0.00036125829041461335,0.625
1028,0.5843,21,4,21,605575,35,107912,44,0.0003242061580643966,0.5569620253164557
1029,0.5844,15,6,15,605581,29,107927,29,0.0002686279595390715,0.5
1030,0.5867,3,5,3,605586,24,107930,26,0.00022231279410130054,0.52
1031,0.5883,3,3,3,605589,21,107933,23,0.00019452369483863796,0.5227272727272727
1032,0.5893,4,3,4,605592,18,107937,19,0.0001667345955759754,0.5135135135135135
1033,0.5908,3,4,3,605596,14,107940,16,0.00012968246322575864,0.5333333333333333
1034,0.5914,6,4,6,605600,10,107946,10,9.263033087554189e-05,0.5
1035,0.5915,5,5,5,605605,5,107951,5,4.6315165437770945e-05,0.5
1036,0.5921,4,2,4,605607,3,107955,1,2.7789099262662567e-05,0.25
1037,0.5923,1,3,1,605610,0,107956,0,0.0,
