,y_proba,y_test,Neg,Pos,TN,FP,FN,TP,FP/P,Prec
0,0.4552,8,365,8,365,605245,8,107948,5.606404461076735,0.15135874861362913
1,0.4554,11,408,11,773,604837,19,107937,5.602625143577013,0.15143229130131008
2,0.4557,7,283,7,1056,604554,26,107930,5.600003705213235,0.15148410350267516
3,0.4559,6,56,6,1112,604498,32,107924,5.599484975360332,0.15148886474589499
4,0.4565,0,16,0,1128,604482,32,107924,5.599336766830931,0.1514922670499687
5,0.4567,15,440,15,1568,604042,47,107909,5.595261032272408,0.15156801521453023
6,0.4569,6,159,6,1727,603883,53,107903,5.593788210011486,0.1515947208852099
7,0.457,7,33,7,1760,603850,60,107896,5.593482529919597,0.15159340551264075
8,0.4573,1,27,1,1787,603823,61,107895,5.593232428026233,0.15159796436228956
9,0.4575,6,284,6,2071,603539,67,107889,5.590601726629368,0.15165132662757158
10,0.4577,3,23,3,2094,603516,70,107886,5.590388676868354,0.15165265208700565
11,0.4578,0,9,0,2103,603507,70,107886,5.5903053095705655,0.15165457068034124
12,0.4581,6,169,6,2272,603338,76,107880,5.588739856978769,0.15168345008140963
13,0.4582,0,14,0,2286,603324,76,107880,5.588610174515543,0.1516864359593028
14,0.4588,0,12,0,2298,603312,76,107880,5.588499018118493,0.15168899537677588
15,0.4596,2,32,2,2330,603280,78,107878,5.588202601059691,0.15169343521411557
16,0.4602,0,2,0,2332,603278,78,107878,5.588184074993515,0.1516938618249723
17,0.4604,2,28,2,2360,603250,80,107876,5.587924710067064,0.15169744883466502
18,0.461,5,192,5,2552,603058,85,107871,5.586146207714254,0.15173245148249684
19,0.4612,0,28,0,2580,603030,85,107871,5.585886842787803,0.1517384277135635
20,0.4614,5,215,5,2795,602815,90,107866,5.583895290673978,0.15177836469527115
21,0.4617,0,9,0,2804,602806,90,107866,5.5838119233761905,0.15178028682711575
22,0.4618,1,23,1,2827,602783,91,107865,5.583598873615177,0.15178400558363633
23,0.4619,8,239,8,3066,602544,99,107857,5.581385008707251,0.15182551826362858
24,0.4621,0,21,0,3087,602523,99,107857,5.581190485012413,0.15183000647540754
25,0.4622,3,74,3,3161,602449,102,107854,5.580505020563933,0.1518422419727919
26,0.4625,5,189,5,3350,602260,107,107849,5.578754307310386,0.1518766837203866
27,0.4626,2,134,2,3484,602126,109,107847,5.577513060876654,0.15190295969001638
28,0.4627,1,10,1,3494,602116,110,107846,5.577420430545778,0.15190390471602705
29,0.4628,27,768,27,4262,601348,137,107819,5.570306421134537,0.1520361212521169
30,0.4629,10,406,10,4668,600942,147,107809,5.56654562970099,0.15211124922575064
31,0.463,0,54,0,4722,600888,147,107809,5.566045425914261,0.15212283952098005
32,0.4631,5,110,5,4832,600778,152,107804,5.56502649227463,0.15214047209779533
33,0.4632,200,4926,200,9758,595852,352,107604,5.519396791285338,0.1529647909748442
34,0.4633,21,400,21,10158,595452,373,107583,5.515691578050316,0.1530265207279865
35,0.4634,153,3716,153,13874,591736,526,107430,5.481270147096965,0.1536544969291985
36,0.4635,7,288,7,14162,591448,533,107423,5.4786023935677495,0.1537093397780134
37,0.4636,23,684,23,14846,590764,556,107400,5.472266478935863,0.1538320509221329
38,0.4637,144,3644,144,18490,587120,700,107256,5.438511986364816,0.15446386395843173
39,0.4638,158,3038,158,21528,584082,858,107098,5.410370891844826,0.15494950664081716
40,0.4639,0,49,0,21577,584033,858,107098,5.409917003223535,0.15496049229451436
41,0.464,142,3799,142,25376,580234,1000,106956,5.374726740523917,0.15564254427450924
42,0.4641,0,12,0,25388,580222,1000,106956,5.374615584126866,0.15564526221735853
43,0.4642,17,668,17,26056,579554,1017,106939,5.36842787802438,0.155775805434287
44,0.4643,16,343,16,26399,579211,1033,106923,5.365250657675349,0.15583399161096811
45,0.4644,0,24,0,26423,579187,1033,106923,5.365028344881248,0.15583944265496785
46,0.4645,34,649,34,27072,578538,1067,106889,5.359016636407425,0.15594512617682116
47,0.4646,1,21,1,27093,578517,1068,106888,5.358822112712587,0.15594867268257454
48,0.4647,42,604,42,27697,577913,1110,106846,5.353227240727704,0.15603445883880315
49,0.4648,25,444,25,28141,577469,1135,106821,5.34911445403683,0.15610486781919947
50,0.4649,0,8,0,28149,577461,1135,106821,5.349040349772129,0.15610669285470025
51,0.465,28,372,28,28521,577089,1163,106793,5.345594501463559,0.1561570563342799
52,0.4653,2,53,2,28574,577036,1165,106791,5.345103560709918,0.15616669128302918
53,0.4654,1,22,1,28596,577014,1166,106790,5.344899773981993,0.15617048159999064
54,0.4655,6,211,6,28807,576803,1172,106784,5.3429452740005186,0.15621127961766387
55,0.4656,0,1,0,28808,576802,1172,106784,5.342936010967431,0.1562115081350408
56,0.4658,5,104,5,28912,576698,1177,106779,5.341972655526326,0.15622910500280185
57,0.4659,0,6,0,28918,576692,1177,106779,5.341917077327801,0.15623047649424773
58,0.466,10,143,10,29061,576549,1187,106769,5.34059246359628,0.15625082318920328
59,0.4661,3,64,3,29125,576485,1190,106766,5.339999629478677,0.15626175446505017
60,0.4663,0,4,0,29129,576481,1190,106766,5.339962577346326,0.15626266928358265
61,0.4664,2,34,2,29163,576447,1192,106764,5.3396476342213495,0.1562679757790785
62,0.4666,30,389,30,29552,576058,1222,106734,5.336044314350291,0.15631993344971823
63,0.4667,23,289,23,29841,575769,1245,106711,5.333367297787988,0.15635769546360334
64,0.4669,3,93,3,29934,575676,1248,106708,5.332505835710845,0.1563752960210087
65,0.467,0,3,0,29937,575673,1248,106708,5.332478046611582,0.1563759835048162
66,0.4672,0,35,0,29972,575638,1248,106708,5.332153840453518,0.15638400459590882
67,0.4674,10,295,10,30267,575343,1258,106698,5.329421245692689,0.1564392756447193
68,0.4676,0,7,0,30274,575336,1258,106698,5.329356404461077,0.15644088124638947
69,0.4677,4,54,4,30328,575282,1262,106694,5.328856200674349,0.15644832076202095
70,0.4678,4,117,4,30445,575165,1266,106690,5.327772425803105,0.15647021727493382
71,0.4679,0,16,0,30461,575149,1266,106690,5.327624217273704,0.15647388899725595
72,0.468,0,3,0,30464,575146,1266,106690,5.3275964281744415,0.1564745774643756
73,0.4682,0,2,0,30466,575144,1266,106690,5.327577902108266,0.15647503644582111
74,0.4683,2,28,2,30494,575116,1268,106688,5.327318537181815,0.15647898809628574
75,0.4684,13,327,13,30821,574789,1281,106675,5.324289525362184,0.1565379829308665
76,0.4685,40,1084,40,31905,573705,1321,106635,5.314248397495276,0.15673780756680483
77,0.4686,1,12,1,31917,573693,1322,106634,5.3141372410982255,0.15673933270324417
78,0.4687,5,244,5,32161,573449,1327,106629,5.311877061024862,0.15678936827834455
79,0.4688,2,7,2,32168,573442,1329,106627,5.311812219793249,0.1567885023431446
80,0.4689,10,229,10,32397,573213,1339,106617,5.309690985216199,0.1568289131106306
81,0.469,0,60,0,32457,573153,1339,106617,5.309135203230946,0.15684275563793637
82,0.4691,39,915,39,33372,572238,1378,106578,5.300659527955834,0.15700572761985576
83,0.4692,242,4498,242,37870,567740,1620,106336,5.258994405128015,0.15775075807475714
84,0.4693,217,4124,217,41994,563616,1837,106119,5.2207936566749416,0.15844923738493583
85,0.4694,35,727,35,42721,562889,1872,106084,5.2140594316202895,0.15857740147958138
86,0.4695,178,3525,178,46246,559364,2050,105906,5.181407239986661,0.15919250830489876
87,0.4696,4,101,4,46347,559263,2054,105902,5.180471673644818,0.15921162418347326
88,0.4697,395,7159,395,53506,552104,2449,105507,5.114157619771018,0.16043983449181964
89,0.4698,4,100,4,53606,552004,2453,105503,5.1132313164622625,0.16045912819179112
90,0.4699,2,98,2,53704,551906,2455,105501,5.112323539219682,0.1604804938188976
91,0.47,61,1097,61,54801,550809,2516,105440,5.102161991922635,0.16067072102205107
92,0.4701,35,991,35,55792,549818,2551,105405,5.092982326132869,0.16086889501742155
93,0.4702,69,1033,69,56825,548785,2620,105336,5.083413612953425,0.16103442635231097
94,0.4703,13,372,13,57197,548413,2633,105323,5.079967764644855,0.16110937748571288
95,0.4704,68,1231,68,58428,547182,2701,105255,5.0685649709140765,0.16132592112341881
96,0.4705,51,1102,51,59530,546080,2752,105204,5.058357108451592,0.16153321745966429
97,0.4706,2,3,2,59533,546077,2754,105202,5.058329319352329,0.16153138670216605
98,0.4707,61,1197,61,60730,544880,2815,105141,5.047241468746527,0.16175015884102206
99,0.4708,38,449,38,61179,544431,2853,105103,5.043082366890214,0.16181293050094375
100,0.471,49,833,49,62012,543598,2902,105054,5.035366260328282,0.1619574132200317
101,0.4711,194,3804,194,65816,539794,3096,104860,5.000129682463226,0.16266090026587907
102,0.4712,199,4141,199,69957,535653,3295,104661,4.961771462447664,0.1634526185590195
103,0.4713,191,3745,191,73702,531908,3486,104470,4.927081403534774,0.16416343745384032
104,0.4714,21,335,21,74037,531573,3507,104449,4.923978287450443,0.1642223067755518
105,0.4715,0,1,0,74038,531572,3507,104449,4.923969024417355,0.1642225649782004
106,0.4716,9,114,9,74152,531458,3516,104440,4.922913038645374,0.16424017688371406
107,0.4717,146,2377,146,76529,529081,3662,104294,4.900894808996258,0.16466390369054668
108,0.4718,160,2954,160,79483,526127,3822,104134,4.873531809255622,0.1652236137092411
109,0.4719,9,179,9,79662,525948,3831,104125,4.87187372633295,0.16525862876206407
110,0.472,11,172,11,79834,525776,3842,104114,4.870280484641891,0.16528917747543223
111,0.4721,3,39,3,79873,525737,3845,104111,4.869919226351477,0.1652954363592486
112,0.4722,2,22,2,79895,525715,3847,104109,4.86971543962355,0.16529855959760187
113,0.4723,3,41,3,79936,525674,3850,104106,4.86933565526696,0.16530534472355427
114,0.4724,49,946,49,80882,524728,3899,104057,4.860572825966134,0.16548899862433106
115,0.4725,50,492,50,81374,524236,3949,104007,4.856015413687057,0.16555218283371242
116,0.4726,76,937,76,82311,523299,4025,103931,4.84733595168402,0.16569838815107696
117,0.4727,1,16,1,82327,523283,4026,103930,4.847187743154619,0.16570128489045985
118,0.4728,56,685,56,83012,522598,4082,103874,4.840842565489644,0.1658078892592167
119,0.4729,52,429,52,83441,522169,4134,103822,4.836868724295083,0.16585222471249586
120,0.473,3,62,3,83503,522107,4137,103819,4.836294416243655,0.16586465492725977
121,0.4731,32,166,32,83669,521941,4169,103787,4.834756752751121,0.16586599928403395
122,0.4732,4,96,4,83765,521845,4173,103783,4.833867501574716,0.16588611762900637
123,0.4733,30,344,30,84109,521501,4203,103753,4.830681018192597,0.16593736305565418
124,0.4734,5,54,5,84163,521447,4208,103748,4.830180814405869,0.16594502515215254
125,0.4735,1,25,1,84188,521422,4209,103747,4.82994923857868,0.16595032703157067
126,0.4736,4,29,4,84217,521393,4213,103743,4.829680610619141,0.16595268869493998
127,0.4737,19,350,19,84567,521043,4232,103724,4.826438549038497,0.16602029236499366
128,0.4739,2,5,2,84572,521038,4234,103722,4.82639223387306,0.16601895127729047
129,0.474,8,102,8,84674,520936,4242,103714,4.825447404498129,0.16603537981269512
130,0.4741,3,42,3,84716,520894,4245,103711,4.8250583571084515,0.16604253888457504
131,0.4742,24,217,24,84933,520677,4269,103687,4.823048278928452,0.1660681909911526
132,0.4743,28,557,28,85490,520120,4297,103659,4.817888769498684,0.1661790473869752
133,0.4744,5,153,5,85643,519967,4302,103654,4.816471525436289,0.16621313265589197
134,0.4745,2,24,2,85667,519943,4304,103652,4.816249212642187,0.1662168554911441
135,0.4746,25,317,25,85984,519626,4329,103627,4.813312831153433,0.16626795217993334
136,0.4747,0,5,0,85989,519621,4329,103627,4.813266515987995,0.16626928606269092
137,0.4748,2,20,2,86009,519601,4331,103625,4.813081255326244,0.16627194629235623
138,0.4749,51,679,51,86688,518922,4382,103574,4.8067916558597945,0.16638500488356553
139,0.475,15,276,15,86964,518646,4397,103559,4.80423505872763,0.16643871392868909
140,0.4751,2,35,2,86999,518611,4399,103557,4.803910852569565,0.16644539738462924
141,0.4753,0,1,0,87000,518610,4399,103557,4.803901589536478,0.16644566490990362
142,0.4754,2,52,2,87052,518558,4401,103555,4.803419911815925,0.16645689770186445
143,0.4755,0,37,0,87089,518521,4401,103555,4.803077179591686,0.1664667982690218
144,0.4757,79,1145,79,88234,517376,4480,103476,4.792471006706436,0.16666774045988417
145,0.4758,4,23,4,88257,517353,4484,103472,4.792257956945422,0.16666854588652197
146,0.4759,72,1054,72,89311,516299,4556,103400,4.78249472007114,0.16685519905631604
147,0.476,80,1295,80,90606,515004,4636,103320,4.7704990922227575,0.167096861839424
148,0.4761,2,27,2,90633,514977,4638,103318,4.770248990329393,0.16710146451127697
149,0.4762,68,900,68,91533,514077,4706,103250,4.761912260550595,0.16725333575236462
150,0.4763,17,476,17,92009,513601,4723,103233,4.7575030568009185,0.16735945165149782
151,0.4764,71,1259,71,93268,512342,4794,103162,4.745840898143689,0.16760573448750943
152,0.4765,1,7,1,93275,512335,4795,103161,4.745776056912075,0.1676062882618246
153,0.4766,1,31,1,93306,512304,4796,103160,4.745488902886361,0.16761337787425423
154,0.4767,11,165,11,93471,512139,4807,103149,4.743960502426915,0.16764344502086828
155,0.4768,3,47,3,93518,512092,4810,103146,4.7435251398717995,0.16765219313501442
156,0.4769,146,1929,146,95447,510163,4956,103000,4.725656749045908,0.16798143397432658
157,0.477,0,5,0,95452,510158,4956,103000,4.72561043388047,0.16798280377977617
158,0.4771,920,12471,920,107923,497687,5876,102080,4.610091148245582,0.1701994274443242
159,0.4772,17,352,17,108275,497335,5893,102063,4.6068305605987625,0.17027584342957433
160,0.4773,16,299,16,108574,497036,5909,102047,4.604060913705584,0.17033866759697738
161,0.4774,11,169,11,108743,496867,5920,102036,4.602495461113787,0.17037149588497635
162,0.4775,55,901,55,109644,495966,5975,101981,4.594149468301901,0.1705519051019572
163,0.4776,427,5348,427,114992,490618,6402,101554,4.544610767349661,0.17149409293245882
164,0.4777,7,100,7,115092,490518,6409,101547,4.543684464040906,0.17151326290187732
165,0.4778,30,373,30,115465,490145,6439,101517,4.540229352699248,0.1715793814711778
166,0.4779,59,871,59,116336,489274,6498,101458,4.532161250879988,0.17174962588788148
167,0.478,2,16,2,116352,489258,6500,101456,4.532013042350587,0.17175147364037419
168,0.4781,0,4,0,116356,489254,6500,101456,4.531975990218237,0.17175263665758156
169,0.4782,3,37,3,116393,489217,6503,101453,4.531633257993998,0.17175918871789664
170,0.4783,113,1377,113,117770,487840,6616,101340,4.518878061432435,0.1720017651651448
171,0.4784,13,166,13,117936,487674,6629,101327,4.517340397939901,0.17203196598987097
172,0.4785,64,752,64,118688,486922,6693,101263,4.51037459705806,0.17216181983559595
173,0.4786,125,1101,125,119789,485821,6818,101138,4.500175997628664,0.17230845766058617
174,0.4787,0,2,0,119791,485819,6818,101138,4.500157471562488,0.17230904478522277
175,0.4788,86,1057,86,120848,484762,6904,101052,4.490366445588943,0.17249843807078696
176,0.4789,23,267,23,121115,484495,6927,101029,4.487893215754567,0.17254459253591656
177,0.479,4,95,4,121210,484400,6931,101025,4.487013227611249,0.17256693854891744
178,0.4791,341,4013,341,125223,480387,7272,100684,4.449840675830894,0.17327314562247986
179,0.4792,63,984,63,126207,479403,7335,100621,4.440725851272741,0.17347730438740466
180,0.4793,3,25,3,126232,479378,7338,100618,4.440494275445552,0.1734805067621156
181,0.4794,522,6838,522,133070,472540,7860,100096,4.377153655192856,0.1747986504515958
182,0.4795,33,443,33,133513,472097,7893,100063,4.37305013153507,0.17488639541387024
183,0.4796,7,121,7,133634,471976,7900,100056,4.371929304531476,0.17491329156410831
184,0.4797,278,3650,278,137284,468326,8178,99778,4.338119233761903,0.1756333347415262
185,0.4798,4,86,4,137370,468240,8182,99774,4.337322612916373,0.175654121201238
186,0.4799,12,128,12,137498,468112,8194,99762,4.336136944681167,0.1756762943892483
187,0.48,214,2853,214,140351,465259,8408,99548,4.3097095112823745,0.17625135665811506
188,0.4801,62,789,62,141140,464470,8470,99486,4.302400978176294,0.17640737929909425
189,0.4802,62,1244,62,142384,463226,8532,99424,4.290877765015376,0.1767066560028437
190,0.4803,25,272,25,142656,462954,8557,99399,4.288358220015562,0.17675552544398268
191,0.4804,82,819,82,143475,462135,8639,99317,4.280771795916855,0.17689312710614621
192,0.4805,57,409,57,143884,461726,8696,99260,4.276983215384045,0.17693846192240092
193,0.4806,39,441,39,144325,461285,8735,99221,4.272898217792434,0.17702040656121434
194,0.4807,103,1221,103,145546,460064,8838,99118,4.26158805439253,0.1772553479904575
195,0.4808,73,671,73,146217,459393,8911,99045,4.255372559190781,0.17736078132218797
196,0.4809,58,421,58,146638,458972,8969,98987,4.251472822260921,0.17740909278280304
197,0.481,29,164,29,146802,458808,8998,98958,4.249953684834562,0.17741848732264068
198,0.4811,32,504,32,147306,458304,9030,98926,4.245285116158435,0.17753171939773524
199,0.4812,3,53,3,147359,458251,9033,98923,4.244794175404794,0.1775441782997771
200,0.4813,48,880,48,148239,457371,9081,98875,4.236642706287747,0.17775408722040248
201,0.4814,0,5,0,148244,457366,9081,98875,4.236596391122309,0.17775568503580283
202,0.4815,17,159,17,148403,457207,9098,98858,4.235123568861388,0.1777813744796022
203,0.4816,1,49,1,148452,457158,9099,98857,4.234669680240097,0.17779556306934166
204,0.4817,25,344,25,148796,456814,9124,98832,4.23148319685798,0.17786864298492205
205,0.4818,23,205,23,149001,456609,9147,98809,4.22958427507503,0.1779002481014299
206,0.4819,10,71,10,149072,456538,9157,98799,4.228926599725814,0.1779081890815847
207,0.482,0,1,0,149073,456537,9157,98799,4.228917336692727,0.17790850944293185
208,0.4821,0,3,0,149076,456534,9157,98799,4.228889547593464,0.17790947053389589
209,0.4822,69,1088,69,150164,455446,9226,98730,4.218811367594205,0.17815639796743274
210,0.4823,23,439,23,150603,455007,9249,98707,4.214744896068769,0.17826350787590706
211,0.4824,41,357,41,150960,454650,9290,98666,4.211437993256512,0.17831763404636772
212,0.4825,0,1,0,150961,454649,9290,98666,4.211428730223425,0.17831795631782982
213,0.4826,0,8,0,150969,454641,9290,98666,4.211354625958724,0.17832053453146265
214,0.4827,127,1239,127,152208,453402,9417,98539,4.199877727963244,0.1785317633587648
215,0.4828,20,253,20,152461,453149,9437,98519,4.197534180592093,0.17858385840759297
216,0.4829,73,731,73,153192,452418,9510,98446,4.190762903405091,0.17871198698771384
217,0.483,16,144,16,153336,452274,9526,98430,4.189429026640483,0.17873485574827858
218,0.4831,5,62,5,153398,452212,9531,98425,4.188854718589055,0.17874752332298774
219,0.4832,10,78,10,153476,452134,9541,98415,4.188132202008226,0.17875793072006307
220,0.4833,24,211,24,153687,451923,9565,98391,4.186177702026751,0.17879065406295316
221,0.4834,34,452,34,154139,451471,9599,98357,4.181990811071177,0.17888685188822687
222,0.4835,110,1003,110,155142,450468,9709,98247,4.17269998888436,0.17904923320849622
223,0.4836,30,371,30,155513,450097,9739,98217,4.169263403608878,0.1791254646060469
224,0.4837,3,33,3,155546,450064,9742,98214,4.168957723516988,0.17913175432900827
225,0.4838,115,1136,115,156682,448928,9857,98099,4.158434917929527,0.17933118474956447
226,0.4839,1,35,1,156717,448893,9858,98098,4.158110711771463,0.17934115917812177
227,0.484,86,1076,86,157793,447817,9944,98012,4.148143688169254,0.17956539502298338
228,0.4841,5,51,5,157844,447766,9949,98007,4.147671273481789,0.1795746583286458
229,0.4842,58,785,58,158629,446981,10007,97949,4.140399792508059,0.17974602242489862
230,0.4843,0,11,0,158640,446970,10007,97949,4.1402978991440955,0.17974965086554148
231,0.4844,43,326,43,158966,446644,10050,97906,4.137278150357553,0.17979248921127536
232,0.4845,2,27,2,158993,446617,10052,97904,4.137028048464189,0.1797983916139139
233,0.4846,51,617,51,159610,446000,10103,97853,4.131312757049169,0.17992545779833888
234,0.4847,32,306,32,159916,445694,10135,97821,4.128478268924376,0.17997847345519444
235,0.4848,12,143,12,160059,445551,10147,97809,4.127153655192856,0.1800077296819788
236,0.4849,28,229,28,160288,445322,10175,97781,4.125032420615806,0.18004135495476917
237,0.485,27,234,27,160522,445088,10202,97754,4.122864870873319,0.18007818112821042
238,0.4851,346,4174,346,164696,440914,10548,97408,4.084200970765868,0.18094746267104075
239,0.4852,329,3505,329,168201,437409,10877,97079,4.05173403979399,0.18162989627456558
240,0.4853,288,2986,288,171187,434423,11165,96791,4.024074622994553,0.18220717074474693
241,0.4854,329,3576,329,174763,430847,11494,96462,3.9909500166734597,0.1829325879133487
242,0.4855,10,80,10,174843,430767,11504,96452,3.990208974026455,0.18294484834575386
243,0.4856,135,1080,135,175923,429687,11639,96317,3.9802048982918965,0.18311077482300514
244,0.4857,53,597,53,176520,429090,11692,96264,3.974674867538627,0.1832364462819356
245,0.4858,99,915,99,177435,428175,11791,96165,3.966199192263515,0.18340199107449365
246,0.4859,245,2530,245,179965,425645,12036,95920,3.9427637185520026,0.1839080459770115
247,0.486,52,859,52,180824,424786,12088,95868,3.9348067731297935,0.184129959627699
248,0.4861,223,2304,223,183128,422482,12311,95645,3.9134647448960687,0.18459759865824402
249,0.4862,98,906,98,184034,421576,12409,95547,3.905072436918745,0.18476648688996622
250,0.4863,1,8,1,184042,421568,12410,95546,3.9049983326540443,0.18476776880919873
251,0.4864,59,577,59,184619,420991,12469,95487,3.8996535625625253,0.18488105979344716
252,0.4865,28,279,28,184898,420712,12497,95459,3.897069176331098,0.18493677482849677
253,0.4866,105,969,105,185867,419743,12602,95354,3.8880932972692577,0.18511853107278822
254,0.4867,21,118,21,185985,419625,12623,95333,3.8870002593649264,0.18512771915379506
255,0.4868,80,677,80,186662,418948,12703,95253,3.880729185964652,0.185244680582107
256,0.4869,26,177,26,186839,418771,12729,95227,3.8790896291081554,0.18526725784925233
257,0.487,349,3162,349,190001,415609,13078,94878,3.8497999184853087,0.1858578181226946
258,0.4871,331,3044,331,193045,412565,13409,94547,3.8216032457667937,0.18644204830491096
259,0.4872,362,3648,362,196693,408917,13771,94185,3.7878117010633963,0.1872085581055134
260,0.4873,80,832,80,197525,408085,13851,94105,3.780104857534551,0.1873892351500428
261,0.4874,44,523,44,198048,407562,13895,94061,3.77526029122976,0.18751333172521994
262,0.4875,283,2921,283,200969,404641,14178,93778,3.7482029715810143,0.18815093325093948
263,0.4876,47,386,47,201355,404255,14225,93731,3.7446274408092184,0.18822015076729065
264,0.4877,40,273,40,201628,403982,14265,93691,3.742098632776316,0.18825815344613833
265,0.4879,0,2,0,201630,403980,14265,93691,3.7420801067101412,0.18825891000279302
266,0.488,298,2767,298,204397,401213,14563,93393,3.7164492941568787,0.18882302276963886
267,0.4881,25,219,25,204616,400994,14588,93368,3.714420689910704,0.1888656490587869
268,0.4882,163,1447,163,206063,399547,14751,93205,3.7010170810330134,0.1891519466181771
269,0.4883,50,305,50,206368,399242,14801,93155,3.6981918559413094,0.18918677408676332
270,0.4884,43,311,43,206679,398931,14844,93112,3.69531105265108,0.18923549364588055
271,0.4885,175,1288,175,207967,397643,15019,92937,3.6833802660343102,0.1894431081576909
272,0.4886,34,340,34,208307,397303,15053,92903,3.680230834784542,0.1895182841499288
273,0.4887,82,548,82,208855,396755,15135,92821,3.675154692652562,0.18959466967335
274,0.4888,97,718,97,209573,396037,15232,92724,3.668503834895698,0.18971235429995437
275,0.4889,68,383,68,209956,395654,15300,92656,3.664956093223165,0.18974831561917635
276,0.489,947,7943,947,217899,387711,16247,91709,3.5913798214087223,0.19129156063576822
277,0.4891,1018,9187,1018,227086,378524,17265,90691,3.506280336433362,0.1932823971953156
278,0.4892,981,9230,981,236316,369294,18246,89710,3.4207825410352366,0.19544491986997933
279,0.4893,3,19,3,236335,369275,18249,89707,3.420606543406573,0.19544775176368573
280,0.4894,875,7308,875,243643,361967,19124,88832,3.3529122976027272,0.19705456312014888
281,0.4895,78,819,78,244462,361148,19202,88754,3.34532587350402,0.19727407302034666
282,0.4896,5,108,5,244570,361040,19207,88749,3.3443254659305643,0.19731251764716345
283,0.4897,682,6138,682,250708,354902,19889,88067,3.2874689688391565,0.19881075199393186
284,0.4898,132,1346,132,252054,353556,20021,87935,3.2750009263033086,0.19917733317326966
285,0.4899,109,844,109,252898,352712,20130,87826,3.267182926377413,0.1993607815897834
286,0.49,99,995,99,253893,351717,20229,87727,3.2579662084552967,0.1996318074657977
287,0.4901,0,7,0,253900,351710,20229,87727,3.257901367223684,0.19963498749536338
288,0.4902,198,1212,198,255112,350498,20427,87529,3.246674571121568,0.19982558152807933
289,0.4903,32,277,32,255389,350221,20459,87497,3.2441087109563154,0.19989353876239954
290,0.4904,75,709,75,256098,349512,20534,87422,3.23754122049724,0.20008056136624752
291,0.4905,31,481,31,256579,349031,20565,87391,3.233085701582126,0.2002442589970258
292,0.4906,370,2181,370,258760,346850,20935,87021,3.2128830264181705,0.20056883267146225
293,0.4907,50,421,50,259181,346429,20985,86971,3.20898328948831,0.20067143516382094
294,0.4908,42,282,42,259463,346147,21027,86929,3.2063711141576197,0.20072458413765712
295,0.4909,30,225,30,259688,345922,21057,86899,3.20428693171292,0.20077352993500777
296,0.491,8,67,8,259755,345855,21065,86891,3.203666308496054,0.20078983976743864
297,0.4911,2,13,2,259768,345842,21067,86889,3.2035458890659156,0.2007921780505672
298,0.4912,98,576,98,260344,345266,21165,86791,3.1982103820074843,0.2008785877789273
299,0.4913,12,145,12,260489,345121,21177,86779,3.1968672422097892,0.20092382495948136
300,0.4914,71,621,71,261110,344500,21248,86708,3.191114898662418,0.20108161258603738
301,0.4915,9,115,9,261225,344385,21257,86699,3.1900496498573494,0.2011185754980468
302,0.4916,131,883,131,262108,343502,21388,86568,3.181870391641039,0.2012881623921687
303,0.4917,108,950,108,263058,342552,21496,86460,3.1730705102078627,0.20153282425666416
304,0.4918,26,160,26,263218,342392,21522,86434,3.1715884249138537,0.2015596069268188
305,0.4919,118,963,118,264181,341429,21640,86316,3.162668124050539,0.20179312440823388
306,0.492,131,844,131,265025,340585,21771,86185,3.154850124124643,0.20194718466621364
307,0.4921,171,1413,171,266438,339172,21942,86014,3.141761458371929,0.20229734751379397
308,0.4922,120,797,120,267235,338375,22062,85894,3.1343788210011487,0.20245174641559954
309,0.4923,3,9,3,267244,338366,22065,85891,3.1342954537033605,0.20245040152549046
310,0.4924,11,75,11,267319,338291,22076,85880,3.133600726221794,0.20246551508707572
311,0.4925,10,66,10,267385,338225,22086,85870,3.1329893660380157,0.20247821832372465
312,0.4926,155,780,155,268165,337445,22241,85715,3.1257642002297232,0.2025593156252954
313,0.4927,148,1066,148,269231,336379,22389,85567,3.1158898069583905,0.20279135244794358
314,0.4928,33,266,33,269497,336113,22422,85534,3.113425840157101,0.2028568921396334
315,0.4929,439,3272,439,272769,332841,22861,85095,3.0831171958946237,0.2036077294131159
316,0.493,994,7110,994,279879,325731,23855,84101,3.0172570306421136,0.20520847566807862
317,0.4931,13,90,13,279969,325641,23868,84088,3.0164233576642334,0.20522833384993497
318,0.4932,88,724,88,280693,324917,23956,84000,3.0097169217088444,0.2054206599383249
319,0.4933,564,4043,564,284736,320874,24520,83436,2.972266478935863,0.20636640201825332
320,0.4934,26,240,26,284976,320634,24546,83410,2.9700433509948496,0.20643791270257694
321,0.4935,126,811,126,285787,319823,24672,83284,2.9625310311608435,0.20660519415440565
322,0.4936,4,22,4,285809,319801,24676,83280,2.962327244432917,0.206608597279455
323,0.4937,16,93,16,285902,319708,24692,83264,2.9614657823557744,0.2066247779002015
324,0.4938,12,109,12,286011,319599,24704,83252,2.960456111749231,0.20665705186284755
325,0.4939,400,2960,400,288971,316639,25104,82852,2.933037533810071,0.20739390874888294
326,0.494,356,2682,356,291653,313957,25460,82496,2.9081940790692506,0.20808519547083765
327,0.4941,7,52,7,291705,313905,25467,82489,2.9077124013486975,0.2080985080500714
328,0.4942,27,141,27,291846,313764,25494,82462,2.9064063136833527,0.2081185989813894
329,0.4943,137,1062,137,292908,312702,25631,82325,2.8965689725443697,0.2084034762180813
330,0.4944,72,521,72,293429,312181,25703,82253,2.891742932305754,0.20853425414644783
331,0.4945,164,982,164,294411,311199,25867,82089,2.882646633813776,0.20872490388722767
332,0.4946,198,1064,198,295475,310135,26065,81891,2.8727907666086185,0.20889175717937075
333,0.4947,197,1129,197,296604,309006,26262,81694,2.8623328022527694,0.20909649347325313
334,0.4948,39,309,39,296913,308697,26301,81655,2.8594705250287156,0.20918299381071442
335,0.4949,861,6037,861,302950,302660,27162,80794,2.8035495942791506,0.2107006316272617
336,0.495,132,1019,132,303969,301641,27294,80662,2.794110563562933,0.21098971234858216
337,0.4951,2985,21166,2985,325135,280475,30279,77677,2.598049205231761,0.21688277602805514
338,0.4952,78,585,78,325720,279890,30357,77599,2.592630330875542,0.21706681883918105
339,0.4953,18,119,18,325839,279771,30375,77581,2.591528029938123,0.21709966643533546
340,0.4954,153,1205,153,327044,278566,30528,77428,2.5803660750676203,0.21749804771990539
341,0.4955,345,2320,345,329364,276246,30873,77083,2.5588758383044943,0.21816210953530563
342,0.4956,959,6916,959,336280,269330,31832,76124,2.49481270147097,0.2203592953041505
343,0.4957,248,1648,248,337928,267682,32080,75876,2.4795472229426805,0.2208535385582638
344,0.4958,330,2202,330,340130,265480,32410,75546,2.459150024083886,0.2215256314767789
345,0.4959,597,3918,597,344048,261562,33007,74949,2.4228574604468487,0.2227237742599796
346,0.496,121,892,121,344940,260670,33128,74828,2.41459483493275,0.22303560676963796
347,0.4961,142,931,142,345871,259739,33270,74686,2.4059709511282374,0.2233266053674217
348,0.4962,47,223,47,346094,259516,33317,74639,2.403905294749713,0.2233664018195149
349,0.4963,177,1192,177,347286,258324,33494,74462,2.3928637593093485,0.22375340308787028
350,0.4964,163,773,163,348059,257551,33657,74299,2.385703434732669,0.2238933252975742
351,0.4965,37,308,37,348367,257243,33694,74262,2.3828504205417023,0.22401472074327688
352,0.4966,303,1532,303,349899,255711,33997,73959,2.3686594538515693,0.22434252434252433
353,0.4967,99,498,99,350397,255213,34096,73860,2.3640464633739673,0.2244486785606841
354,0.4968,989,6493,989,356890,248720,35085,72871,2.3039015895364776,0.22659527163384546
355,0.4969,926,5683,926,362573,243037,36011,71945,2.2512597724999073,0.2284098773898191
356,0.497,1195,8133,1195,370706,234904,37206,70750,2.1759235243988293,0.23147087883685474
357,0.4971,271,1559,271,372265,233345,37477,70479,2.161482455815332,0.23197311601453474
358,0.4972,50,370,50,372635,232975,37527,70429,2.158055133572937,0.23212943797708666
359,0.4973,828,5839,828,378474,227136,38355,69601,2.103968283374708,0.2345545044938784
360,0.4974,35,330,35,378804,226806,38390,69566,2.1009114824558153,0.2347252776915498
361,0.4975,10,55,10,378859,226751,38400,69556,2.100402015636,0.23474301990840582
362,0.4976,32,198,32,379057,226553,38432,69524,2.098567935084664,0.23481729414983266
363,0.4977,697,4443,697,383500,222110,39129,68827,2.0574122790766607,0.23657011655444307
364,0.4978,6,36,6,383536,222074,39135,68821,2.057078809885509,0.23658364702040255
365,0.4979,33,274,33,383810,221800,39168,68788,2.054540738819519,0.2367200297328176
366,0.498,213,1160,213,384970,220640,39381,68575,2.0437956204379564,0.23710734228860883
367,0.4981,130,571,130,385541,220069,39511,68445,2.0385064285449626,0.23723285525139162
368,0.4982,12,64,12,385605,220005,39523,68433,2.0379135944273594,0.2372537599068084
369,0.4983,177,849,177,386454,219156,39700,68256,2.030049279336026,0.23748486493257068
370,0.4984,295,1343,295,387797,217813,39995,67961,2.0176090258994406,0.23781379691644447
371,0.4985,550,2807,550,390604,215006,40545,67411,1.991607692022676,0.2386931381609464
372,0.4986,266,1160,266,391764,213846,40811,67145,1.980862573641113,0.23895783138961746
373,0.4987,75,363,75,392127,213483,40886,67070,1.9775000926303308,0.23906356374731333
374,0.4988,20,129,20,392256,213354,40906,67050,1.9763051613620364,0.23911927076646552
375,0.4989,142,498,142,392754,212856,41048,66908,1.9716921708844344,0.23915871949214337
376,0.499,14,104,14,392858,212752,41062,66894,1.9707288154433287,0.23920957210187166
377,0.4991,4,46,4,392904,212706,41066,66890,1.9703027159213014,0.2392380434627105
378,0.4992,3,33,3,392937,212673,41069,66887,1.9699970358294119,0.23925811990270424
379,0.4993,141,814,141,393751,211859,41210,66746,1.962456926896143,0.2395721541250157
380,0.4994,5,51,5,393802,211808,41215,66741,1.9619845122086776,0.23960236798552498
381,0.4995,134,776,134,394578,211032,41349,66607,1.9547963985327355,0.23990505656626052
382,0.4996,5,33,5,394611,210999,41354,66602,1.9544907184408462,0.23991988501482345
383,0.4997,155,850,155,395461,210149,41509,66447,1.9466171403164252,0.2402312397865479
384,0.4998,283,1441,283,396902,208708,41792,66164,1.9332691096372596,0.2407084024564161
385,0.4999,41,165,41,397067,208543,41833,66123,1.9317407091778132,0.24073966198947086
386,0.5,20,107,20,397174,208436,41853,66103,1.9307495646374448,0.24077817723529263
387,0.5001,21,146,21,397320,208290,41874,66082,1.9293971618066619,0.24084819150642195
388,0.5002,125,701,125,398021,207589,41999,65957,1.9229037756122864,0.24111849560951357
389,0.5003,4,16,4,398037,207573,42003,65953,1.9227555670828855,0.2411215021606721
390,0.5004,127,780,127,398817,206793,42130,65826,1.9155304012745933,0.24145785876993167
391,0.5005,68,391,68,399208,206402,42198,65758,1.9119085553373596,0.24161522633744856
392,0.5006,179,840,179,400048,205562,42377,65579,1.904127607543814,0.24186308968396517
393,0.5007,5,46,5,400094,205516,42382,65574,1.9037015080217867,0.24189014718359217
394,0.5008,28,176,28,400270,205340,42410,65546,1.902071214198377,0.24196894634643357
395,0.5009,300,1524,300,401794,203816,42710,65246,1.8879543517729445,0.24249429499520556
396,0.501,18,77,18,401871,203739,42728,65228,1.8872410982252028,0.24251302204359643
397,0.5011,43,207,43,402078,203532,42771,65185,1.885323650376079,0.24257862360773602
398,0.5012,15,114,15,402192,203418,42786,65170,1.884267664604098,0.24263928395907486
399,0.5013,68,246,68,402438,203172,42854,65102,1.8819889584645597,0.24266980773388402
400,0.5014,30,171,30,402609,203001,42884,65072,1.8804049798065878,0.24273985071230597
401,0.5015,735,3863,735,406472,199138,43619,64337,1.8446218829893661,0.24418635544169276
402,0.5016,679,3604,679,410076,195534,44298,63658,1.8112379117418207,0.24560171610234885
403,0.5017,33,138,33,410214,195396,44331,63625,1.8099596131757383,0.24563645418711225
404,0.5018,17,112,17,410326,195284,44348,63608,1.8089221534699322,0.2456931848029294
405,0.5019,399,2428,399,412754,192856,44747,63209,1.7864315091333507,0.24684748013199773
406,0.502,2,35,2,412789,192821,44749,63207,1.7861073029752863,0.24687534175949505
407,0.5021,76,278,76,413067,192543,44825,63131,1.7835321797769461,0.24691990581756457
408,0.5022,47,216,47,413283,192327,44872,63084,1.7815313646300344,0.24699014529523003
409,0.5023,89,364,89,413647,191963,44961,62995,1.7781596205861647,0.24707991120106057
410,0.5024,117,635,117,414282,191328,45078,62878,1.7722775945755678,0.2473505739439667
411,0.5025,421,2092,421,416374,189236,45499,62457,1.7528993293564044,0.2481475448264354
412,0.5026,207,1119,207,417493,188117,45706,62250,1.7425339953314314,0.24863500381440046
413,0.5027,2559,12545,2559,430038,175572,48265,59691,1.626329245248064,0.2537203045102715
414,0.5028,11,26,11,430064,175546,48276,59680,1.6260884063877876,0.2537134500437877
415,0.5029,283,1689,283,431753,173857,48559,59397,1.6104431435029085,0.25464515077983657
416,0.503,2252,11153,2252,442906,162704,50811,57145,1.5071325354774168,0.25992840540552836
417,0.5031,453,2391,453,445297,160313,51264,56692,1.4849846233650748,0.26124743669500705
418,0.5032,824,3812,824,449109,156501,52088,55868,1.4496739412353181,0.26307041046480417
419,0.5033,746,3833,746,452942,152668,52834,55122,1.4141687354107229,0.26527744357283795
420,0.5034,921,4938,921,457880,147730,53755,54201,1.3684278780243804,0.2684134679667807
421,0.5035,19,46,19,457926,147684,53774,54182,1.3680017785023528,0.2684057741273914
422,0.5036,1102,5336,1102,463262,142348,54876,53080,1.3185742339471636,0.27160898131281086
423,0.5037,1117,5962,1117,469224,136386,55993,51963,1.2633480306791656,0.2758867846391539
424,0.5038,494,2224,494,471448,134162,56487,51469,1.2427470450924452,0.27726511196944476
425,0.5039,103,431,103,471879,133731,56590,51366,1.2387546778317091,0.27750854957130583
426,0.504,82,382,82,472261,133349,56672,51284,1.2352161991922634,0.277761830225366
427,0.5041,55,279,55,472540,133070,56727,51229,1.2326318129608358,0.27796678223973
428,0.5042,435,1824,435,474364,131246,57162,50794,1.215736040609137,0.27902658756317295
429,0.5043,122,482,122,474846,130764,57284,50672,1.211271258660936,0.2792830529773584
430,0.5044,427,1782,427,476628,128982,57711,50245,1.1947645336989143,0.28034280549247603
431,0.5045,418,1586,418,478214,127396,58129,49827,1.1800733632220535,0.28115425198760885
432,0.5046,18,78,18,478292,127318,58147,49809,1.1793508466412241,0.281205011093735
433,0.5047,34,184,34,478476,127134,58181,49775,1.1776464485531142,0.28135934293902515
434,0.5048,224,1020,224,479496,126114,58405,49551,1.168198154803809,0.2820766800444027
435,0.5049,112,435,112,479931,125679,58517,49439,1.1641687354107229,0.28231820829383614
436,0.505,39,162,39,480093,125517,58556,49400,1.1626681240505392,0.28241966189678536
437,0.5051,57,210,57,480303,125307,58613,49343,1.1607228871021527,0.2825250501002004
438,0.5052,20,93,20,480396,125214,58633,49323,1.15986142502501,0.28259337561663145
439,0.5053,66,240,66,480636,124974,58699,49257,1.1576382970839971,0.28271088382664394
440,0.5054,42,219,42,480855,124755,58741,49215,1.1556096928378228,0.2828936023452319
441,0.5055,4,11,4,480866,124744,58745,49211,1.1555077994738596,0.2828950015808686
442,0.5056,7,54,7,480920,124690,58752,49204,1.1550075956871317,0.282953983461189
443,0.5057,201,767,201,481687,123923,58953,49003,1.1479028493089778,0.28337554792223263
444,0.5058,4,22,4,481709,123901,58957,48999,1.1476990625810515,0.283395026026605
445,0.5059,65,314,65,482023,123587,59022,48934,1.1447904701915594,0.2836408321305812
446,0.506,120,427,120,482450,123160,59142,48814,1.140835155063174,0.283845232418854
447,0.5061,2,5,2,482455,123155,59144,48812,1.1407888398977362,0.2838451563381346
448,0.5062,33,126,33,482581,123029,59177,48779,1.1396216977287044,0.2839157664369529
449,0.5063,459,1641,459,484222,121388,59636,48320,1.124421060432028,0.2847243500601032
450,0.5064,1,1,1,484223,121387,59637,48319,1.1244117973989403,0.28472181301780725
451,0.5065,308,1187,308,485410,120200,59945,48011,1.1134165771240134,0.28542128636058284
452,0.5066,159,537,159,485947,119663,60104,47852,1.108442328355997,0.2856580007760499
453,0.5067,1,2,1,485949,119661,60105,47851,1.1084238022898218,0.28565714695066624
454,0.5068,339,1296,339,487245,118365,60444,47512,1.0964189114083516,0.2864291010809214
455,0.5069,88,241,88,487486,118124,60532,47424,1.094186520434251,0.28646676492618456
456,0.507,4,7,4,487493,118117,60536,47420,1.094121679202638,0.2864616369754194
457,0.5071,16,61,16,487554,118056,60552,47404,1.0935566341842973,0.2864982473105282
458,0.5072,23,100,23,487654,117956,60575,47381,1.0926303308755418,0.286572273598771
459,0.5073,74,259,74,487913,117697,60649,47307,1.0902312053058654,0.28670214055416837
460,0.5074,130,433,130,488346,117264,60779,47177,1.0862203119789544,0.2868931714110228
461,0.5075,0,6,0,488352,117258,60779,47177,1.086164733780429,0.2869036397360659
462,0.5076,10,49,10,488401,117209,60789,47167,1.0857108451591388,0.28694578283934397
463,0.5077,22,75,22,488476,117134,60811,47145,1.0850161176775723,0.28698129401810335
464,0.5078,3,12,3,488488,117122,60814,47142,1.0849049612805217,0.2869892368382604
465,0.5079,2,31,2,488519,117091,60816,47140,1.0846178072548076,0.2870347254781375
466,0.508,7,24,7,488543,117067,60823,47133,1.0843954944607062,0.2870462850182704
467,0.5081,5,18,5,488561,117049,60828,47128,1.0842287598651303,0.28705604317291705
468,0.5082,17,72,17,488633,116977,60845,47111,1.0835618214828264,0.28710813709716737
469,0.5083,697,2940,697,491573,114037,61542,46414,1.0563285042054171,0.2892721142280198
470,0.5084,165,605,165,492178,113432,61707,46249,1.0507243691874468,0.28963370720373743
471,0.5085,24,76,24,492254,113356,61731,46225,1.0500203786727926,0.28966480972045544
472,0.5086,126,428,126,492682,112928,61857,46099,1.0460558005113194,0.2898815924339892
473,0.5087,34,120,34,492802,112808,61891,46065,1.044944236540813,0.28994857527710816
474,0.5088,31,107,31,492909,112701,61922,46034,1.0439530920004447,0.2900053548366775
475,0.5089,108,424,108,493333,112277,62030,45926,1.0400255659713216,0.29029790838353253
476,0.509,186,692,186,494025,111585,62216,45740,1.0336155470747341,0.29073573812172254
477,0.5091,169,476,169,494501,111109,62385,45571,1.0292063433250584,0.29085396987490425
478,0.5092,1169,4815,1169,499316,106294,63554,44402,0.9846048390084849,0.2946461750809577
479,0.5093,545,2512,545,501828,103782,64099,43857,0.9613360998925489,0.2970556560258468
480,0.5094,909,3237,909,505065,100545,65008,42948,0.9313516617881359,0.2993037987915787
481,0.5095,858,3180,858,508245,97365,65866,42090,0.9018952165697136,0.30181779068516723
482,0.5096,406,1827,406,510072,95538,66272,41684,0.8849716551187521,0.3037705324219149
483,0.5097,544,2113,544,512185,93425,66816,41140,0.86539886620475,0.30572585739233826
484,0.5098,76,350,76,512535,93075,66892,41064,0.8621568046241062,0.30613020821684966
485,0.5099,20,67,20,512602,93008,66912,41044,0.86153618140724,0.3061796914630143
486,0.51,57,243,57,512845,92765,66969,40987,0.8592852643669643,0.30644027752856035
487,0.5101,284,1172,284,514017,91593,67253,40703,0.8484289895883508,0.3076661425893451
488,0.5102,466,1884,466,515901,89709,67719,40237,0.8309774352513987,0.3096440059717113
489,0.5103,272,833,272,516734,88876,67991,39965,0.8232613286894661,0.31018852694406285
490,0.5104,118,378,118,517112,88498,68109,39847,0.8197599021823706,0.31046787954341815
491,0.5105,278,1022,278,518134,87476,68387,39569,0.8102930823668902,0.31145657050651343
492,0.5106,166,541,166,518675,86935,68553,39403,0.8052817814665234,0.31188557678608175
493,0.5107,4,28,4,518703,86907,68557,39399,0.8050224165400719,0.3119329248016721
494,0.5108,249,801,249,519504,86106,68806,39150,0.797602727036941,0.3125598773711439
495,0.5109,198,667,198,520171,85439,69004,38952,0.7914242839675424,0.31314162600188117
496,0.511,1052,3500,1052,523671,81939,70056,37900,0.7590036681611027,0.31625764567461345
497,0.5111,715,2568,715,526239,79371,70771,37185,0.7352161991922636,0.319031195305261
498,0.5112,741,2561,741,528800,76810,71512,36444,0.7114935714550372,0.32178995885355044
499,0.5113,69,242,69,529042,76568,71581,36375,0.7092519174478491,0.32206511249037123
500,0.5114,5,29,5,529071,76539,71586,36370,0.70898328948831,0.32211781168905934
501,0.5115,11,53,11,529124,76486,71597,36359,0.7084923487346697,0.3222030218441225
502,0.5116,1146,3833,1146,532957,72653,72743,35213,0.6729871429100744,0.326451337770938
503,0.5117,96,350,96,533307,72303,72839,35117,0.6697450813294306,0.32691305157326384
504,0.5118,192,512,192,533819,71791,73031,34925,0.6650024083886028,0.3272705123880205
505,0.5119,24,111,24,533930,71680,73055,34901,0.6639742117158842,0.3274598662050459
506,0.512,76,187,76,534117,71493,73131,34825,0.6622420245285117,0.3275550706371452
507,0.5121,164,488,164,534605,71005,73295,34661,0.6577216643817851,0.3280241515719342
508,0.5122,193,624,193,535229,70381,73488,34468,0.6519415317351513,0.3287394252687198
509,0.5123,137,416,137,535645,69965,73625,34331,0.6480881099707289,0.3291689038889315
510,0.5124,209,708,209,536353,69257,73834,34122,0.6415298825447404,0.330067034891032
511,0.5125,212,639,212,536992,68618,74046,33910,0.6356108044017933,0.33073892009987516
512,0.5126,18,45,18,537037,68573,74064,33892,0.6351939679128534,0.3307666032303713
513,0.5127,165,557,165,537594,68016,74229,33727,0.6300344584830857,0.3314920928221106
514,0.5128,267,865,267,538459,67151,74496,33460,0.6220219348623514,0.33256800946218606
515,0.5129,239,872,239,539331,66279,74735,33221,0.613944570010004,0.33387939698492464
516,0.513,5,40,5,539371,66239,74740,33216,0.6135740486865019,0.33398019204665425
517,0.5131,26,79,26,539450,66160,74766,33190,0.6128422690725851,0.33407146451937597
518,0.5132,61,212,61,539662,65948,74827,33129,0.6108785060580236,0.3343762931861078
519,0.5133,24,54,24,539716,65894,74851,33105,0.6103783022712957,0.3343973171446176
520,0.5134,4,17,4,539733,65877,74855,33101,0.6102208307088073,0.33442785265412517
521,0.5135,20,46,20,539779,65831,74875,33081,0.6097947311867798,0.3344488029763831
522,0.5136,7,31,7,539810,65800,74882,33074,0.6095075771610656,0.3345065436818577
523,0.5137,59,171,59,539981,65629,74941,33015,0.6079235985030939,0.334688374356271
524,0.5138,28,56,28,540037,65573,74969,32987,0.6074048686501908,0.3346895292207792
525,0.5139,143,408,143,540445,65165,75112,32844,0.6036255511504687,0.3351120815435317
526,0.514,11,33,11,540478,65132,75123,32833,0.6033198710585794,0.3351503087837493
527,0.5141,1,23,1,540501,65109,75124,32832,0.6031068212975657,0.33522222562563175
528,0.5142,77,220,77,540721,64889,75201,32755,0.6010689540183037,0.3354532792593503
529,0.5143,172,460,172,541181,64429,75373,32583,0.5968079587980288,0.3358656661031625
530,0.5144,5,9,5,541190,64420,75378,32578,0.5967245915002408,0.33586259510505373
531,0.5145,57,174,57,541364,64246,75435,32521,0.5951128237430064,0.33607531493174325
532,0.5146,76,226,76,541590,64020,75511,32445,0.5930193782652191,0.33633960503809673
533,0.5147,14,33,14,541623,63987,75525,32431,0.5927136981733299,0.3363583563235081
534,0.5148,55,177,55,541800,63810,75580,32376,0.5910741413168328,0.3365978416817416
535,0.5149,182,553,182,542353,63257,75762,32194,0.5859516840194153,0.3372830038449047
536,0.515,40,57,40,542410,63200,75802,32154,0.5854236911334247,0.33720661954401493
537,0.5151,37,111,37,542521,63089,75839,32117,0.5843954944607063,0.3373421843161145
538,0.5152,0,7,0,542528,63082,75839,32117,0.5843306532290934,0.33736698914904567
539,0.5153,1,7,1,542535,63075,75840,32116,0.5842658119974804,0.3373848368017985
540,0.5154,9,19,9,542554,63056,75849,32107,0.5840898143688169,0.3373895316457026
541,0.5155,44,83,44,542637,62973,75893,32063,0.5833209826225499,0.3373774148743634
542,0.5156,215,715,215,543352,62258,76108,31848,0.5766979139649486,0.3384268803264404
543,0.5157,269,835,269,544187,61423,76377,31579,0.5689632813368409,0.33955183759489044
544,0.5158,11,43,11,544230,61380,76388,31568,0.5685649709140761,0.33963076128588027
545,0.5159,126,429,126,544659,60951,76514,31442,0.5645911297195153,0.340307166127304
546,0.516,482,1512,482,546171,59439,76996,30960,0.5505854236911334,0.34248166462018387
547,0.5161,18,50,18,546221,59389,77014,30942,0.5501222720367557,0.34254021321583955
548,0.5162,168,527,168,546748,58862,77182,30774,0.5452406535996147,0.34332187960194566
549,0.5163,157,466,157,547214,58396,77339,30617,0.5409240801808144,0.34396099446148315
550,0.5164,19,89,19,547303,58307,77358,30598,0.5400996702360221,0.34416512007198696
551,0.5165,144,390,144,547693,57917,77502,30454,0.536487087331876,0.3446153149788958
552,0.5166,267,754,267,548447,57163,77769,30187,0.5295027603838601,0.3455867200915856
553,0.5167,37,137,37,548584,57026,77806,30150,0.5282337248508652,0.3458520693768927
554,0.5168,665,1856,665,550440,55170,78471,29485,0.5110415354403646,0.34829602504282087
555,0.5169,195,714,195,551154,54456,78666,29290,0.5044277298158509,0.3497480476679483
556,0.517,260,714,260,551868,53742,78926,29030,0.4978139241913372,0.3507224665345769
557,0.5171,1445,4019,1445,555887,49723,80371,27585,0.46058579421245693,0.3568194753453718
558,0.5172,65,167,65,556054,49556,80436,27520,0.4590388676868354,0.3570501842337433
559,0.5173,24,81,24,556135,49475,80460,27496,0.4582885620067435,0.3572254485455561
560,0.5174,632,1740,632,557875,47735,81092,26864,0.4421708844343992,0.3601120658453867
561,0.5175,505,1330,505,559205,46405,81597,26359,0.42985105042795213,0.3622533120774009
562,0.5176,239,710,239,559915,45695,81836,26120,0.42327429693578866,0.3637123163684467
563,0.5177,21,50,21,559965,45645,81857,26099,0.42281114528141095,0.36377954950936664
564,0.5178,51,96,51,560061,45549,81908,26048,0.42192189410500575,0.3638141262902077
565,0.5179,17,31,17,560092,45518,81925,26031,0.4216347400792916,0.3638205984709779
566,0.518,211,581,211,560673,44937,82136,25820,0.41625291785542257,0.3649108922085447
567,0.5181,248,659,248,561332,44278,82384,25572,0.4101485790507244,0.3660987831066571
568,0.5182,33,89,33,561421,44189,82417,25539,0.40932416910593206,0.3662660624139514
569,0.5183,200,560,200,561981,43629,82617,25339,0.4041368705769017,0.36740227351815335
570,0.5184,130,383,130,562364,43246,82747,25209,0.40058912890436843,0.36825651888101674
571,0.5185,218,532,218,562896,42714,82965,24991,0.3956611953017896,0.3691160180193486
572,0.5186,117,264,117,563160,42450,83082,24874,0.3932157545666753,0.36946705483928466
573,0.5187,210,629,210,563789,41821,83292,24664,0.3873893067546037,0.3709708956907573
574,0.5188,167,481,167,564270,41340,83459,24497,0.38293378783949017,0.3720856053586889
575,0.5189,68,119,68,564389,41221,83527,24429,0.3818314869020712,0.3721096725057121
576,0.519,93,223,93,564612,40998,83620,24336,0.3797658305235466,0.37248599504086694
577,0.5191,32,105,32,564717,40893,83652,24304,0.37879321204935346,0.3727778885531543
578,0.5192,0,3,0,564720,40890,83652,24304,0.3787654229500908,0.3727950424885726
579,0.5193,14,41,14,564761,40849,83666,24290,0.37838563859350105,0.3728948863200233
580,0.5194,21,85,21,564846,40764,83687,24269,0.37759828078105895,0.37317977027047805
581,0.5195,132,392,132,565238,40372,83819,24137,0.3739671718107377,0.3741648452153963
582,0.5196,75,196,75,565434,40176,83894,24062,0.3721516173255771,0.3745757962576668
583,0.5197,18,104,18,565538,40072,83912,24044,0.37118826188447146,0.3750077983654626
584,0.5198,107,289,107,565827,39783,84019,23937,0.3685112453221683,0.37565913370998116
585,0.5199,124,318,124,566145,39465,84143,23813,0.3655656008003261,0.376323524763741
586,0.52,114,348,114,566493,39117,84257,23699,0.3623420652858572,0.37727649006622516
587,0.5201,542,1214,542,567707,37903,84799,23157,0.3510967431175664,0.37924991811333114
588,0.5202,199,522,199,568229,37381,84998,22958,0.3462614398458631,0.3804836009877525
589,0.5203,15,22,15,568251,37359,85013,22943,0.34605765311793696,0.38046830950880567
590,0.5204,123,285,123,568536,37074,85136,22820,0.343417688687984,0.3810064447190036
591,0.5205,592,1320,592,569856,35754,85728,22228,0.33119048501241244,0.3833603532130661
592,0.5206,53,118,53,569974,35636,85781,22175,0.3300974471080811,0.38357751984916366
593,0.5207,1242,2613,1242,572587,33023,87023,20933,0.30589314165030196,0.38796426718066573
594,0.5208,289,717,289,573304,32306,87312,20644,0.2992515469265256,0.38987724268177526
595,0.5209,103,208,103,573512,32098,87415,20541,0.29732483604431437,0.39022397841904294
596,0.521,0,12,0,573524,32086,87415,20541,0.2972136796472637,0.39031295722727877
597,0.5211,5,8,5,573532,32078,87420,20536,0.29713957538256325,0.3903143649979093
598,0.5212,4,9,4,573541,32069,87424,20532,0.2970562080847753,0.3903347845098002
599,0.5213,47,77,47,573618,31992,87471,20485,0.29634295453703363,0.3903614917011262
600,0.5214,116,230,116,573848,31762,87587,20369,0.2942124569268961,0.39072720646064724
601,0.5215,169,382,169,574230,31380,87756,20200,0.29067397828745045,0.39162466072120977
602,0.5217,99,227,99,574457,31153,87855,20101,0.28857126977657566,0.3921840246614898
603,0.5218,8,24,8,574481,31129,87863,20093,0.2883489569824743,0.39227285150911717
604,0.5219,15,41,15,574522,31088,87878,20078,0.2879691726258846,0.39240902161591684
605,0.522,143,278,143,574800,30810,88021,19935,0.28539404942754454,0.3928465858705291
606,0.5221,1,5,1,574805,30805,88022,19934,0.2853477342621068,0.392873332150811
607,0.5222,28,35,28,574840,30770,88050,19906,0.2850235281040424,0.39280921935432944
608,0.5223,5,14,5,574854,30756,88055,19901,0.28489384564081666,0.3928578478788716
609,0.5224,253,552,253,575406,30204,88308,19648,0.2797806513764867,0.39412661477974803
610,0.5225,69,129,69,575535,30075,88377,19579,0.2785857201081922,0.394308615620091
611,0.5226,59,117,59,575652,29958,88436,19520,0.2775019452369484,0.3945187760216662
612,0.5227,62,112,62,575764,29846,88498,19458,0.27646448553114233,0.394653577803018
613,0.5228,68,162,68,575926,29684,88566,19390,0.2749638741709585,0.3951175775359661
614,0.5229,5,12,5,575938,29672,88571,19385,0.2748527177739079,0.3951525776137962
615,0.523,15,53,15,575991,29619,88586,19370,0.27436177702026754,0.395394884565923
616,0.5231,36,93,36,576084,29526,88622,19334,0.273500314943125,0.395702005730659
617,0.5232,10,14,10,576098,29512,88632,19324,0.27337063247989923,0.3956917028421656
618,0.5233,64,155,64,576253,29357,88696,19260,0.2719348623513283,0.3961577226073184
619,0.5234,20,35,20,576288,29322,88716,19240,0.2716106561932639,0.39619455541369797
620,0.5235,6,11,6,576299,29311,88722,19234,0.2715087628293008,0.3962097023380369
621,0.5236,448,861,448,577160,28450,89170,18786,0.2635332913409167,0.39770514014734526
622,0.5237,48,67,48,577227,28383,89218,18738,0.26291266812405056,0.39765709556248807
623,0.5238,440,914,440,578141,27469,89658,18298,0.254446255882026,0.3998077217208906
624,0.5239,8,9,8,578150,27460,89666,18290,0.254362888584238,0.3997814207650273
625,0.524,10,14,10,578164,27446,89676,18280,0.25423320612101225,0.39977255828194025
626,0.5241,49,112,49,578276,27334,89725,18231,0.2531957464152062,0.40010973334796446
627,0.5242,23,32,23,578308,27302,89748,18208,0.25289932935640447,0.4000878927708196
628,0.5243,55,96,55,578404,27206,89803,18153,0.25201007817999926,0.40020723560925064
629,0.5244,115,293,115,578697,26913,89918,18038,0.2492960094853459,0.4012813952971013
630,0.5245,18,57,18,578754,26856,89936,18020,0.2487680165993553,0.40155094036901684
631,0.5246,15,53,15,578807,26803,89951,18005,0.24827707584571493,0.40182556686306015
632,0.5247,55,130,55,578937,26673,90006,17950,0.24707288154433288,0.40225892476973757
633,0.5248,11,26,11,578963,26647,90017,17939,0.24683204268405648,0.4023460279011349
634,0.5249,77,124,77,579087,26523,90094,17862,0.24568342658119974,0.40243325447786416
635,0.525,31,65,31,579152,26458,90125,17831,0.24508132943050873,0.40260561313192894
636,0.5251,22,72,22,579224,26386,90147,17809,0.24441439104820484,0.4029641362145039
637,0.5252,34,100,34,579324,26286,90181,17775,0.2434880877394494,0.4034179886974876
638,0.5253,41,111,41,579435,26175,90222,17734,0.24245989106673088,0.40388075337630097
639,0.5254,41,89,41,579524,26086,90263,17693,0.24163548112193856,0.4041435391397702
640,0.5255,21,54,21,579578,26032,90284,17672,0.24113527733521065,0.4043565806333516
641,0.5256,6,22,6,579600,26010,90290,17666,0.24093149060728444,0.4044784320908508
642,0.5257,21,48,21,579648,25962,90311,17645,0.24048686501908184,0.4046368702272571
643,0.5258,34,68,34,579716,25894,90345,17611,0.23985697876912818,0.4048040455120101
644,0.5259,106,239,106,579955,25655,90451,17505,0.2376431138612027,0.40558387395736795
645,0.526,47,182,47,580137,25473,90498,17458,0.23595724183926786,0.4066525354638839
646,0.5261,24,80,24,580217,25393,90522,17434,0.23521619919226353,0.40707964601769914
647,0.5262,63,107,63,580324,25286,90585,17371,0.23422505465189522,0.40722507443092576
648,0.5263,8,14,8,580338,25272,90593,17363,0.23409537218866946,0.4072475665533013
649,0.5264,100,241,100,580579,25031,90693,17263,0.2318629812145689,0.408166643022651
650,0.5265,120,371,120,580950,24660,90813,17143,0.22842639593908629,0.41009018491495824
651,0.5266,75,187,75,581137,24473,90888,17068,0.22669420875171367,0.41087118750150453
652,0.5267,58,100,58,581237,24373,90946,17010,0.22576790544295824,0.4110383490805403
653,0.5268,30,103,30,581340,24270,90976,16980,0.22481381303494016,0.41163636363636363
654,0.5269,160,212,160,581552,24058,91136,16820,0.22285005002037866,0.4114682714418514
655,0.527,134,170,134,581722,23888,91270,16686,0.22127533439549446,0.4112485828362991
656,0.5271,255,390,255,582112,23498,91525,16431,0.21766275149134834,0.4115054221242706
657,0.5272,5,10,5,582122,23488,91530,16426,0.21757012116047278,0.41153479981961216
658,0.5273,86,181,86,582303,23307,91616,16340,0.21589351217162547,0.4121371099957122
659,0.5274,19,31,19,582334,23276,91635,16321,0.2156063581459113,0.41217769022905776
660,0.5275,67,156,67,582490,23120,91702,16254,0.21416132498425283,0.4128104840757861
661,0.5276,7,12,7,582502,23108,91709,16247,0.2140501685872022,0.4128319146233007
662,0.5277,82,174,82,582676,22934,91791,16165,0.21243840082996776,0.41343768382823093
663,0.5278,48,105,48,582781,22829,91839,16117,0.21146578235577457,0.413829404816926
664,0.5279,360,608,360,583389,22221,92199,15757,0.20583385823854164,0.4148980988993628
665,0.528,149,211,149,583600,22010,92348,15608,0.20387935825706768,0.4149077569248764
666,0.5281,38,64,38,583664,21946,92386,15570,0.20328652413946421,0.41502292355261755
667,0.5282,47,94,47,583758,21852,92433,15523,0.20241579902923412,0.4153311036789298
668,0.5283,308,569,308,584327,21283,92741,15215,0.1971451332024158,0.4168721573784865
669,0.5284,430,712,430,585039,20571,93171,14785,0.19054985364407723,0.41817513293358977
670,0.5285,339,521,339,585560,20050,93510,14446,0.18572381340546149,0.4187731910946197
671,0.5286,53,108,53,585668,19942,93563,14393,0.18472340583200564,0.41919324304645406
672,0.5287,227,348,227,586016,19594,93790,14166,0.18149987031753678,0.4196090047393365
673,0.5288,1,2,1,586018,19592,93791,14165,0.18148134425136167,0.41961667209763903
674,0.5289,21,30,21,586048,19562,93812,14144,0.18120345325873505,0.4196285527799205
675,0.529,7,12,7,586060,19550,93819,14137,0.18109229686168438,0.41965743461869565
676,0.5291,15,16,15,586076,19534,93834,14122,0.1809440883322835,0.4195982885666746
677,0.5292,5,5,5,586081,19529,93839,14117,0.18089777316684574,0.41957439220115317
678,0.5293,97,169,97,586250,19360,93936,14020,0.17933232057504908,0.4200119832234871
679,0.5294,27,52,27,586302,19308,93963,13993,0.17885064285449628,0.420197591663914
680,0.5295,82,140,82,586442,19168,94045,13911,0.1775538182222387,0.42053871036004714
681,0.5296,239,441,239,586883,18727,94284,13672,0.1734688206306273,0.4219883329732399
682,0.5297,10,18,10,586901,18709,94294,13662,0.17330208603505132,0.4220444224769083
683,0.5298,613,1129,613,588030,17580,94907,13049,0.16284412167920265,0.42603415064154887
684,0.5299,273,422,273,588452,17158,95180,12776,0.15893512171625476,0.4268056390726264
685,0.53,26,21,26,588473,17137,95206,12750,0.15874059802141613,0.4266068859370295
686,0.5301,13,10,13,588483,17127,95219,12737,0.1586479676905406,0.4265001339405304
687,0.5302,1,0,1,588483,17127,95220,12736,0.1586479676905406,0.42648092957840805
688,0.5303,69,108,69,588591,17019,95289,12667,0.15764756011708475,0.42669945428821665
689,0.5304,37,74,37,588665,16945,95326,12630,0.15696209566860572,0.42704987320371934
690,0.5305,0,1,0,588666,16944,95326,12630,0.15695283263551818,0.42706431324812333
691,0.5306,82,147,82,588813,16797,95408,12548,0.15559116677164772,0.4276026580337366
692,0.5307,88,127,88,588940,16670,95496,12460,0.15441476156952832,0.4277377274287676
693,0.5308,1,3,1,588943,16667,95497,12459,0.15438697247026567,0.42776213692233744
694,0.5309,32,34,32,588977,16633,95529,12427,0.15407202934528882,0.42763248451479696
695,0.531,13,12,13,588989,16621,95542,12414,0.15396087294823818,0.4275529533321853
696,0.5311,14,21,14,589010,16600,95556,12400,0.15376634925339952,0.42758620689655175
697,0.5312,4,11,4,589021,16589,95560,12396,0.15366445588943645,0.4276694842159738
698,0.5313,71,102,71,589123,16487,95631,12325,0.1527196265145059,0.4277731500763571
699,0.5314,26,22,26,589145,16465,95657,12299,0.1525158397865797,0.4275830899735781
700,0.5315,47,47,47,589192,16418,95704,12252,0.15208047723146467,0.4273456574816882
701,0.5316,53,90,53,589282,16328,95757,12199,0.1512468042535848,0.4276299645949451
702,0.5317,6,9,6,589291,16319,95763,12193,0.15116343695579681,0.4276445005611672
703,0.5318,14,12,14,589303,16307,95777,12179,0.15105228055874614,0.4275433546303447
704,0.5319,67,75,67,589378,16232,95844,12112,0.1503575530771796,0.42732147897262207
705,0.532,12,23,12,589401,16209,95856,12100,0.15014450331616586,0.42742590695538524
706,0.5321,8,11,8,589412,16198,95864,12092,0.15004260995220275,0.4274301873453517
707,0.5322,4,5,4,589417,16193,95868,12088,0.149996294786765,0.4274247728156713
708,0.5323,1,2,1,589419,16191,95869,12087,0.14997776872058988,0.4274347549331636
709,0.5324,2,13,2,589432,16178,95871,12085,0.14985734929045166,0.42759084315182394
710,0.5325,2,4,2,589436,16174,95873,12083,0.14982029715810144,0.42761085748664046
711,0.5326,3,3,3,589439,16171,95876,12080,0.14979250805883879,0.4275954833457223
712,0.5327,18,46,18,589485,16125,95894,12062,0.1493664085368113,0.42792776812005534
713,0.5328,15,34,15,589519,16091,95909,12047,0.14905146541183445,0.4281398820100931
714,0.5329,33,69,33,589588,16022,95942,12014,0.14841231612879321,0.4285204736767014
715,0.533,48,49,48,589637,15973,95990,11966,0.14795842750750304,0.42829020365796916
716,0.5331,8,29,8,589666,15944,95998,11958,0.147689799547964,0.42857142857142855
717,0.5332,1,13,1,589679,15931,95999,11957,0.14756938011782578,0.4287507171543316
718,0.5333,18,17,18,589696,15914,96017,11939,0.14741190855533737,0.4286432341219976
719,0.5334,7,15,7,589711,15899,96024,11932,0.14727296305902404,0.42873055226186624
720,0.5335,21,53,21,589764,15846,96045,11911,0.14678202230538367,0.4291169795006665
721,0.5336,7,26,7,589790,15820,96052,11904,0.14654118344510728,0.429375270523734
722,0.5337,8,25,8,589815,15795,96060,11896,0.14630960761791842,0.4295980643530389
723,0.5338,114,209,114,590024,15586,96174,11782,0.14437363370261957,0.43050277696579947
724,0.5339,143,170,143,590194,15416,96317,11639,0.14279891807773537,0.43019774533357974
725,0.534,49,64,49,590258,15352,96366,11590,0.1422060839601319,0.4301833568406206
726,0.5341,72,135,72,590393,15217,96438,11518,0.14095557449331209,0.4308210211333458
727,0.5342,55,122,55,590515,15095,96493,11463,0.13982548445663048,0.43162135702989685
728,0.5343,6,8,6,590523,15087,96499,11457,0.13975138019193004,0.43162296564195296
729,0.5344,87,169,87,590692,14918,96586,11370,0.1381859276001334,0.4325167376749848
730,0.5345,472,784,472,591476,14134,97058,10898,0.1309237096594909,0.4353627356983062
731,0.5346,975,1445,975,592921,12689,98033,9923,0.1175386268479751,0.43883778524677164
732,0.5347,502,770,502,593691,11919,98535,9421,0.11040609137055837,0.4414714151827554
733,0.5348,89,109,89,593800,11810,98624,9332,0.10939642076401497,0.44139627282187116
734,0.5349,6,12,6,593812,11798,98630,9326,0.10928526436696431,0.4414883544783185
735,0.535,503,751,503,594563,11047,99133,8823,0.10232872651821112,0.4440362355309512
736,0.5351,6,7,6,594570,11040,99139,8817,0.10226388528659824,0.4440247771566702
737,0.5352,8,31,8,594601,11009,99147,8809,0.10197673126088407,0.444494903622969
738,0.5353,118,183,118,594784,10826,99265,8691,0.10028159620586165,0.4453040938668853
739,0.5354,70,88,70,594872,10738,99335,8621,0.09946644929415688,0.44532258897670335
740,0.5355,132,228,132,595100,10510,99467,8489,0.09735447775019453,0.4468129901573767
741,0.5356,52,86,52,595186,10424,99519,8437,0.09655785690466487,0.4473251683367796
742,0.5357,114,170,114,595356,10254,99633,8323,0.09498314127978065,0.44802713032244174
743,0.5358,54,148,54,595504,10106,99687,8269,0.09361221238282263,0.4500136054421769
744,0.5359,14,29,14,595533,10077,99701,8255,0.09334358442328355,0.4503054767619463
745,0.536,97,129,97,595662,9948,99798,8158,0.09214865315498907,0.45056887219706176
746,0.5361,119,145,119,595807,9803,99917,8039,0.09080551335729371,0.4505660800358704
747,0.5362,60,86,60,595893,9717,99977,7979,0.09000889251176405,0.45089285714285715
748,0.5363,39,50,39,595943,9667,100016,7940,0.08954574085738634,0.45095700573635483
749,0.5364,37,37,37,595980,9630,100053,7903,0.08920300863314684,0.4507500142588262
750,0.5365,14,30,14,596010,9600,100067,7889,0.08892511764052022,0.4510835382240265
751,0.5366,5,7,5,596017,9593,100072,7884,0.08886027640890733,0.4511071694226698
752,0.5368,51,74,51,596091,9519,100123,7833,0.08817481196042833,0.451417704011065
753,0.5369,13,16,13,596107,9503,100136,7820,0.08802660343102746,0.45142296368989204
754,0.537,22,45,22,596152,9458,100158,7798,0.08760976694208751,0.45190078813166434
755,0.5371,13,16,13,596168,9442,100171,7785,0.08746155841268664,0.451906890346549
756,0.5372,20,19,20,596187,9423,100191,7765,0.08728556078402312,0.45176867582033975
757,0.5373,41,59,41,596246,9364,100232,7724,0.08673904183185742,0.4520131086142322
758,0.5374,221,295,221,596541,9069,100453,7503,0.08400644707102894,0.4527516292541636
759,0.5375,1,13,1,596554,9056,100454,7502,0.08388602764089073,0.45307404275878727
760,0.5376,207,301,207,596855,8755,100661,7295,0.08109785468153692,0.45451713395638627
761,0.5377,213,293,213,597148,8462,100874,7082,0.07838378598688354,0.455609881626351
762,0.5378,102,121,102,597269,8341,100976,6980,0.07726295898328948,0.45558383917498857
763,0.5379,0,1,0,597270,8340,100976,6980,0.07725369595020193,0.4556135770234987
764,0.538,3,0,3,597270,8340,100979,6977,0.07725369595020193,0.45550695305869293
765,0.5381,5,10,5,597280,8330,100984,6972,0.0771610656193264,0.4556267154620311
766,0.5383,50,73,50,597353,8257,101034,6922,0.07648486420393494,0.45602477106528755
767,0.5384,1,6,1,597359,8251,101035,6921,0.07642928600540962,0.4561692591616135
768,0.5385,16,30,16,597389,8221,101051,6905,0.07615139501278298,0.45649874388470185
769,0.5386,0,2,0,597391,8219,101051,6905,0.07613286894660788,0.4565591113462047
770,0.5387,2,8,2,597399,8211,101053,6903,0.07605876468190745,0.45672886065899165
771,0.5388,5,8,5,597407,8203,101058,6898,0.07598466041720701,0.45679094099728496
772,0.5391,2,3,2,597410,8200,101060,6896,0.07595687131794435,0.456809750927398
773,0.5392,44,55,44,597465,8145,101104,6852,0.07544740449812887,0.4568913782756551
774,0.5394,2,3,2,597468,8142,101106,6850,0.0754196153988662,0.4569103521878335
775,0.5395,10,41,10,597509,8101,101116,6840,0.07503983104227649,0.45780068268522855
776,0.5396,3,2,3,597511,8099,101119,6837,0.07502130497610138,0.4577530798071773
777,0.5397,16,24,16,597535,8075,101135,6821,0.07479899218200008,0.45790816326530615
778,0.5398,34,23,34,597558,8052,101169,6787,0.07458594242098633,0.4573758339510749
779,0.5399,0,2,0,597560,8050,101169,6787,0.07456741635481122,0.4574374873626744
780,0.54,24,34,24,597594,8016,101193,6763,0.07425247322983437,0.4576087691995399
781,0.5401,5,7,5,597601,8009,101198,6758,0.0741876319982215,0.45764203968307715
782,0.5402,27,24,27,597625,7985,101225,6731,0.0739653192041202,0.45739331340038053
783,0.5403,24,78,24,597703,7907,101249,6707,0.07324280262329097,0.4589434788558916
784,0.5404,1,2,1,597705,7905,101250,6706,0.07322427655711586,0.4589692697282869
785,0.5405,21,85,21,597790,7820,101271,6685,0.07243691874467376,0.46087556015167186
786,0.5406,60,176,60,597966,7644,101331,6625,0.07080662492126422,0.4642932230709931
787,0.5407,39,72,39,598038,7572,101370,6586,0.07013968653896031,0.465178697556152
788,0.5408,13,23,13,598061,7549,101383,6573,0.06992663677794657,0.46544398810366805
789,0.5409,1,4,1,598065,7545,101384,6572,0.06988958464559636,0.4655380038251753
790,0.541,12,11,12,598076,7534,101396,6560,0.06978769128163326,0.4654462892010785
791,0.5411,357,353,357,598429,7181,101753,6203,0.06651784060172664,0.46346383741781233
792,0.5412,170,154,170,598583,7027,101923,6033,0.06509133350624328,0.4619448698315467
793,0.5413,4,1,4,598584,7026,101927,6029,0.06508207047315573,0.4618153963998468
794,0.5414,165,163,165,598747,6863,102092,5864,0.0635721960798844,0.4607527304156518
795,0.5415,53,50,53,598797,6813,102145,5811,0.06310904442550669,0.46031368821292773
796,0.5416,52,52,52,598849,6761,102197,5759,0.06262736670495388,0.45998402555910545
797,0.5417,20,14,20,598863,6747,102217,5739,0.062497684241728114,0.4596347909658818
798,0.5418,11,19,11,598882,6728,102228,5728,0.06232168661306458,0.4598587026332691
799,0.5419,134,138,134,599020,6590,102362,5594,0.0610433880469821,0.45912672357189754
800,0.542,36,49,36,599069,6541,102398,5558,0.06058949942569195,0.4593768080006612
801,0.5421,46,77,46,599146,6464,102444,5512,0.059876245877950277,0.46025384101536404
802,0.5422,366,448,366,599594,6016,102810,5146,0.055726407054726,0.4610284895180075
803,0.5423,2,2,2,599596,6014,102812,5144,0.05570788098855089,0.4610145187309554
804,0.5424,364,396,364,599992,5618,103176,4780,0.05203971988587943,0.4597037891902289
805,0.5425,404,456,404,600448,5162,103580,4376,0.04781577679795472,0.4587963933738729
806,0.5426,296,331,296,600779,4831,103876,4080,0.04474971284597429,0.45786107058691505
807,0.5427,31,22,31,600801,4809,103907,4049,0.04454592611804809,0.4571009257168661
808,0.5428,381,408,381,601209,4401,104288,3668,0.040766608618325983,0.45457925393481224
809,0.5429,35,63,35,601272,4338,104323,3633,0.04018303753381007,0.45577719232216785
810,0.543,20,8,20,601280,4330,104343,3613,0.04010893326910964,0.4548659196777036
811,0.5432,71,131,71,601411,4199,104414,3542,0.03889547593464004,0.45756362227102443
812,0.5433,1,2,1,601413,4197,104415,3541,0.03887694986846493,0.4576117859912122
813,0.5434,28,54,28,601467,4143,104443,3513,0.038376746081737,0.4588557993730408
814,0.5435,28,45,28,601512,4098,104471,3485,0.03795990959279707,0.4595806409072926
815,0.5436,94,107,94,601619,3991,104565,3391,0.03696876505242877,0.4593606068816039
816,0.5437,8,13,8,601632,3978,104573,3383,0.036848345622290564,0.45958429561200925
817,0.5438,458,571,458,602203,3407,105031,2925,0.03155915372929712,0.4619393556538219
818,0.5439,393,620,393,602823,2787,105424,2532,0.025816073215013523,0.476029328821207
819,0.544,89,106,89,602929,2681,105513,2443,0.02483419170773278,0.476775956284153
820,0.5441,181,294,181,603223,2387,105694,2262,0.022110859979991848,0.48655624865562486
821,0.5443,3,9,3,603232,2378,105697,2259,0.022027492682203862,0.48716842786284237
822,0.5445,20,21,20,603253,2357,105717,2239,0.021832968987365222,0.4871627502175805
823,0.5446,17,18,17,603271,2339,105734,2222,0.021666234391789246,0.48717386538039903
824,0.5447,39,34,39,603305,2305,105773,2183,0.021351291266812403,0.48640819964349374
825,0.5448,20,21,20,603326,2284,105793,2163,0.021156767571973767,0.48639532268945357
826,0.5449,11,14,11,603340,2270,105804,2152,0.021027085108748008,0.4866576209859792
827,0.5451,1,1,1,603341,2269,105805,2151,0.021017822075660456,0.48665158371040723
828,0.5452,12,6,12,603347,2263,105817,2139,0.02096224387713513,0.4859154929577465
829,0.5453,70,76,70,603423,2187,105887,2069,0.02025825336248101,0.4861372180451128
830,0.5454,24,15,24,603438,2172,105911,2045,0.0201193078661677,0.4849419018259426
831,0.5455,46,58,46,603496,2114,105957,1999,0.019582051947089556,0.48601993678580113
832,0.5456,1,7,1,603503,2107,105958,1998,0.019517210715476675,0.48672350791717417
833,0.5458,79,52,79,603555,2055,106037,1919,0.01903553299492386,0.4828887770508304
834,0.5459,1,7,1,603562,2048,106038,1918,0.018970691763310978,0.48361069087241554
835,0.546,7,8,7,603570,2040,106045,1911,0.018896587498610545,0.48367501898253606
836,0.5462,1,3,1,603573,2037,106046,1910,0.018868798399347884,0.4839118317709653
837,0.5463,0,1,0,603574,2036,106046,1910,0.018859535366260328,0.4840344652812975
838,0.5464,0,1,0,603575,2035,106046,1910,0.018850272333172775,0.4841571609632446
839,0.5465,1,4,1,603579,2031,106047,1909,0.01881322020082256,0.4845177664974619
840,0.5467,1,1,1,603580,2030,106048,1908,0.018803957167735003,0.4845099035043169
841,0.5468,3,4,3,603584,2026,106051,1905,0.018766905035384786,0.4846095141185449
842,0.5469,11,40,11,603624,1986,106062,1894,0.018396383711882618,0.4881443298969072
843,0.547,56,62,56,603686,1924,106118,1838,0.01782207566045426,0.4885699096225412
844,0.5471,9,10,9,603696,1914,106127,1829,0.01772944532957872,0.48864547154688753
845,0.5473,9,25,9,603721,1889,106136,1820,0.01749786950238986,0.4906983014289566
846,0.5474,14,10,14,603731,1879,106150,1806,0.01740523917151432,0.49009497964721843
847,0.5478,12,16,12,603747,1863,106162,1794,0.017257030642113452,0.49056603773584906
848,0.5479,84,83,84,603830,1780,106246,1710,0.016488198895846455,0.4899713467048711
849,0.548,16,7,16,603837,1773,106262,1694,0.016423357664233577,0.48860686472454573
850,0.5481,82,116,82,603953,1657,106344,1612,0.015348845826077291,0.4931171612113796
851,0.5482,19,43,19,603996,1614,106363,1593,0.01495053540331246,0.49672591206735267
852,0.5483,3,9,3,604005,1605,106366,1590,0.014867168105524473,0.49765258215962443
853,0.5484,66,81,66,604086,1524,106432,1524,0.014116862425432584,0.5
854,0.5485,17,32,17,604118,1492,106449,1507,0.01382044536663085,0.5025008336112038
855,0.5486,10,18,10,604136,1474,106459,1497,0.013653710771054874,0.5038707505890273
856,0.5487,14,8,14,604144,1466,106473,1483,0.01357960650635444,0.5028823329942353
857,0.5488,5,3,5,604147,1463,106478,1478,0.013551817407091778,0.5025501530091806
858,0.5489,176,124,176,604271,1339,106654,1302,0.012403201304235058,0.4929950776221128
859,0.5491,9,18,9,604289,1321,106663,1293,0.012236466708659082,0.4946442234123948
860,0.5492,83,77,83,604366,1244,106746,1210,0.01152321316091741,0.4930725346373268
861,0.5493,15,13,15,604379,1231,106761,1195,0.011402793730779206,0.4925803792250618
862,0.5494,0,3,0,604382,1228,106761,1195,0.011375004631516543,0.4931902600082542
863,0.5496,46,81,46,604463,1147,106807,1149,0.010624698951424654,0.5004355400696864
864,0.5497,1,0,1,604463,1147,106808,1148,0.010624698951424654,0.5002178649237473
865,0.5498,46,109,46,604572,1038,106854,1102,0.009615028344881248,0.5149532710280373
866,0.5499,12,21,12,604593,1017,106866,1090,0.00942050465004261,0.5173232083531086
867,0.55,13,8,13,604601,1009,106879,1077,0.009346400385342176,0.5162991371045063
868,0.5502,30,19,30,604620,990,106909,1047,0.009170402756678646,0.5139911634756995
869,0.5503,26,23,26,604643,967,106935,1021,0.008957352995664901,0.5135814889336016
870,0.5504,10,5,10,604648,962,106945,1011,0.00891103783022713,0.5124176381145463
871,0.5505,27,24,27,604672,938,106972,984,0.00868872503612583,0.5119667013527576
872,0.5506,28,30,28,604702,908,107000,956,0.008410834043499203,0.5128755364806867
873,0.5507,24,39,24,604741,869,107024,932,0.00804957575308459,0.5174902831760133
874,0.5508,15,10,15,604751,859,107039,917,0.007956945422209049,0.5163288288288288
875,0.551,26,20,26,604771,839,107065,891,0.007771684760457964,0.5150289017341041
876,0.5511,35,28,35,604799,811,107100,856,0.007512319834006447,0.5134973005398921
877,0.5513,9,13,9,604812,798,107109,847,0.0073919004038682425,0.5148936170212766
878,0.5514,116,101,116,604913,697,107225,731,0.00645633406202527,0.5119047619047619
879,0.5516,4,3,4,604916,694,107229,727,0.006428544962762607,0.5116115411681914
880,0.5517,313,347,313,605263,347,107542,414,0.0032142724813813035,0.5440210249671484
881,0.5519,110,105,110,605368,242,107652,304,0.002241654007188114,0.5567765567765568
882,0.5521,2,1,2,605369,241,107654,302,0.0022323909741005597,0.5561694290976059
883,0.5526,2,0,2,605369,241,107656,300,0.0022323909741005597,0.5545286506469501
884,0.5527,0,1,0,605370,240,107656,300,0.0022231279410130055,0.5555555555555556
885,0.5528,4,5,4,605375,235,107660,296,0.0021768127755752344,0.5574387947269304
886,0.5529,1,0,1,605375,235,107661,295,0.0021768127755752344,0.5566037735849056
887,0.5532,0,2,0,605377,233,107661,295,0.002158286709400126,0.5587121212121212
888,0.5537,10,14,10,605391,219,107671,285,0.002028604246174367,0.5654761904761905
889,0.5538,26,14,26,605405,205,107697,259,0.0018989217829486088,0.5581896551724138
890,0.554,3,3,3,605408,202,107700,256,0.0018711326836859461,0.5589519650655022
891,0.5542,6,3,6,605411,199,107706,250,0.0018433435844232835,0.5567928730512249
892,0.5545,5,5,5,605416,194,107711,245,0.0017970284189855125,0.5580865603644647
893,0.5546,1,0,1,605416,194,107712,244,0.0017970284189855125,0.5570776255707762
894,0.5547,12,10,12,605426,184,107724,232,0.0017043980881099707,0.5576923076923077
895,0.5548,2,8,2,605434,176,107726,230,0.0016302938234095373,0.5665024630541872
896,0.5549,17,9,17,605443,167,107743,213,0.0015469265256215494,0.5605263157894737
897,0.555,2,0,2,605443,167,107745,211,0.0015469265256215494,0.5582010582010583
898,0.5554,23,13,23,605456,154,107768,188,0.001426507095483345,0.5497076023391813
899,0.5555,1,0,1,605456,154,107769,187,0.001426507095483345,0.5483870967741935
900,0.5556,1,0,1,605456,154,107770,186,0.001426507095483345,0.5470588235294118
901,0.5557,1,1,1,605457,153,107771,185,0.0014172440623957908,0.5473372781065089
902,0.5559,44,25,44,605482,128,107815,141,0.0011856682352069361,0.5241635687732342
903,0.5561,1,3,1,605485,125,107816,140,0.0011578791359442735,0.5283018867924528
904,0.5562,6,4,6,605489,121,107822,134,0.001120827003594057,0.5254901960784314
905,0.5563,5,0,5,605489,121,107827,129,0.001120827003594057,0.516
906,0.5564,8,8,8,605497,113,107835,121,0.0010467227388936233,0.5170940170940171
907,0.5566,1,4,1,605501,109,107836,120,0.0010096706065434065,0.5240174672489083
908,0.5567,6,3,6,605504,106,107842,114,0.000981881507280744,0.5181818181818182
909,0.5569,7,9,7,605513,97,107849,107,0.0008985142094927563,0.5245098039215687
910,0.557,5,2,5,605515,95,107854,102,0.000879988143317648,0.5177664974619289
911,0.5572,11,14,11,605529,81,107865,91,0.0007503056800918893,0.5290697674418605
912,0.5573,1,1,1,605530,80,107866,90,0.0007410426470043351,0.5294117647058824
913,0.5574,1,0,1,605530,80,107867,89,0.0007410426470043351,0.5266272189349113
914,0.5575,10,21,10,605551,59,107877,79,0.0005465189521656972,0.572463768115942
915,0.5576,24,18,24,605569,41,107901,55,0.00037978435658972176,0.5729166666666666
916,0.5578,2,2,2,605571,39,107903,53,0.00036125829041461335,0.5760869565217391
917,0.558,1,0,1,605571,39,107904,52,0.00036125829041461335,0.5714285714285714
918,0.5581,10,3,10,605574,36,107914,42,0.0003334691911519508,0.5384615384615384
919,0.5583,22,15,22,605589,21,107936,20,0.00019452369483863796,0.4878048780487805
920,0.5596,2,0,2,605589,21,107938,18,0.00019452369483863796,0.46153846153846156
921,0.5604,0,1,0,605590,20,107938,18,0.00018526066175108378,0.47368421052631576
922,0.5607,1,1,1,605591,19,107939,17,0.00017599762866352957,0.4722222222222222
923,0.5611,6,3,6,605594,16,107945,11,0.00014820852940086702,0.4074074074074074
924,0.5616,0,3,0,605597,13,107945,11,0.00012041943013820446,0.4583333333333333
925,0.5618,2,5,2,605602,8,107947,9,7.410426470043351e-05,0.5294117647058824
926,0.5623,0,1,0,605603,7,107947,9,6.484123161287932e-05,0.5625
927,0.5625,1,0,1,605603,7,107948,8,6.484123161287932e-05,0.5333333333333333
928,0.5627,3,1,3,605604,6,107951,5,5.5578198525325135e-05,0.45454545454545453
929,0.5628,0,1,0,605605,5,107951,5,4.6315165437770945e-05,0.5
930,0.5632,1,0,1,605605,5,107952,4,4.6315165437770945e-05,0.4444444444444444
931,0.5633,0,1,0,605606,4,107952,4,3.7052132350216754e-05,0.5
932,0.564,1,1,1,605607,3,107953,3,2.7789099262662567e-05,0.5
933,0.5641,0,2,0,605609,1,107953,3,9.263033087554189e-06,0.75
934,0.565,1,0,1,605609,1,107954,2,9.263033087554189e-06,0.6666666666666666
935,0.5651,1,0,1,605609,1,107955,1,9.263033087554189e-06,0.5
936,0.5706,1,1,1,605610,0,107956,0,0.0,
