,y_proba,y_test,Neg,Pos,TN,FP,FN,TP,FP/P,Prec
0,0.4551546765461164,8,365,8,365,605245,8,107948,5.606404461076735,0.15135874861362913
1,0.4554487108404876,11,408,11,773,604837,19,107937,5.602625143577013,0.15143229130131008
2,0.4557257553753178,7,283,7,1056,604554,26,107930,5.600003705213235,0.15148410350267516
3,0.4559463065539214,6,56,6,1112,604498,32,107924,5.599484975360332,0.15148886474589499
4,0.4564861844304781,0,16,0,1128,604482,32,107924,5.599336766830931,0.1514922670499687
5,0.4566541588315067,1,30,1,1158,604452,33,107923,5.599058875838304,0.1514974556939814
6,0.4566904889791988,13,375,13,1533,604077,46,107910,5.595585238430472,0.15156175604329855
7,0.4566911460777329,1,35,1,1568,604042,47,107909,5.595261032272408,0.15156801521453023
8,0.4569041124699534,6,159,6,1727,603883,53,107903,5.593788210011486,0.1515947208852099
9,0.4569586324478255,7,33,7,1760,603850,60,107896,5.593482529919597,0.15159340551264075
10,0.45727955366709,1,27,1,1787,603823,61,107895,5.593232428026233,0.15159796436228956
11,0.4574827760855379,0,11,0,1798,603812,61,107895,5.5931305346622695,0.15160030742988337
12,0.4574891808574281,1,30,1,1828,603782,62,107894,5.5928526436696435,0.15160550587626953
13,0.4575309894338559,5,243,5,2071,603539,67,107889,5.590601726629368,0.15165132662757158
14,0.4576645415251137,3,23,3,2094,603516,70,107886,5.590388676868354,0.15165265208700565
15,0.4578152301568079,0,9,0,2103,603507,70,107886,5.5903053095705655,0.15165457068034124
16,0.4580667591283287,6,169,6,2272,603338,76,107880,5.588739856978769,0.15168345008140963
17,0.4582483799608183,0,14,0,2286,603324,76,107880,5.588610174515543,0.1516864359593028
18,0.4587841343844491,0,12,0,2298,603312,76,107880,5.588499018118493,0.15168899537677588
19,0.4595894610642704,0,2,0,2300,603310,76,107880,5.588480492052318,0.1516894219547519
20,0.4596258782858282,2,30,2,2330,603280,78,107878,5.588202601059691,0.15169343521411557
21,0.4601836798711888,0,2,0,2332,603278,78,107878,5.588184074993515,0.1516938618249723
22,0.4604262951177403,0,11,0,2343,603267,78,107878,5.588082181629553,0.15169620822757665
23,0.460435126272582,2,17,2,2360,603250,80,107876,5.587924710067064,0.15169744883466502
24,0.4609708959670547,1,12,1,2372,603238,81,107875,5.5878135536700135,0.15169881580002054
25,0.4609714818003203,4,180,4,2552,603058,85,107871,5.586146207714254,0.15173245148249684
26,0.4611533883286028,0,26,0,2578,603032,85,107871,5.585905368853978,0.15173800082430375
27,0.4611543497101826,0,2,0,2580,603030,85,107871,5.585886842787803,0.1517384277135635
28,0.4614088671793962,3,170,3,2750,602860,88,107868,5.584312127162918,0.15177114170259226
29,0.461427890581106,2,45,2,2795,602815,90,107866,5.583895290673978,0.15177836469527115
30,0.4616890648183207,0,7,0,2802,602808,90,107866,5.583830449442366,0.15177985968249857
31,0.4616901041338134,0,2,0,2804,602806,90,107866,5.5838119233761905,0.15178028682711575
32,0.4617646355802209,1,23,1,2827,602783,91,107865,5.583598873615177,0.15178400558363633
33,0.461858932824142,4,122,4,2949,602661,95,107861,5.582468783578495,0.15180529244696153
34,0.4618725952218782,4,117,4,3066,602544,99,107857,5.581385008707251,0.15182551826362858
35,0.4621222146223312,0,21,0,3087,602523,99,107857,5.581190485012413,0.15183000647540754
36,0.4621526043812188,3,71,3,3158,602452,102,107854,5.580532809663196,0.1518416006622498
37,0.4621893714703032,0,3,0,3161,602449,102,107854,5.580505020563933,0.1518422419727919
38,0.4624656349077792,0,14,0,3175,602435,102,107854,5.5803753381007075,0.15184523482695073
39,0.462502041101975,5,157,5,3332,602278,107,107849,5.578921041905962,0.15187283401419746
40,0.4625101917769972,0,18,0,3350,602260,107,107849,5.578754307310386,0.1518766837203866
41,0.4626081899637794,2,134,2,3484,602126,109,107847,5.577513060876654,0.15190295969001638
42,0.4626579690459619,1,10,1,3494,602116,110,107846,5.577420430545778,0.15190390471602705
43,0.4628147995744888,27,768,27,4262,601348,137,107819,5.570306421134537,0.1520361212521169
44,0.4629065023193705,10,381,10,4643,600967,147,107809,5.566777205528179,0.15210588394640903
45,0.4629142121752032,0,3,0,4646,600964,147,107809,5.566749416428915,0.1521065277599457
46,0.462920983930655,0,22,0,4668,600942,147,107809,5.56654562970099,0.15211124922575064
47,0.4629756826504422,0,54,0,4722,600888,147,107809,5.566045425914261,0.15212283952098005
48,0.4630515114119461,5,110,5,4832,600778,152,107804,5.56502649227463,0.15214047209779533
49,0.4631629343597889,0,3,0,4835,600775,152,107804,5.564998703175368,0.15214111623404025
50,0.4632277307923054,20,590,20,5425,600185,172,107784,5.559533513653711,0.15224395418443462
51,0.4632279176356183,180,4333,180,9758,595852,352,107604,5.519396791285338,0.1529647909748442
52,0.4632876381513767,19,343,19,10101,595509,371,107585,5.5162195709363075,0.15301652410630726
53,0.4633022413740064,0,7,0,10108,595502,371,107585,5.516154729704694,0.15301804755314777
54,0.4633033455568979,0,2,0,10110,595500,371,107585,5.51613620363852,0.1530184828292454
55,0.4633330828295325,2,48,2,10158,595452,373,107583,5.515691578050316,0.1530265207279865
56,0.4633696708529768,0,10,0,10168,595442,373,107583,5.515598947719441,0.15302869741474343
57,0.4633849434658575,0,9,0,10177,595433,373,107583,5.515515580421654,0.15303065648576988
58,0.4633978709159954,2,3,2,10180,595430,375,107581,5.515487791322391,0.15302889997453809
59,0.4634148554671592,1,39,1,10219,595391,376,107580,5.515126533031976,0.15303618499198401
60,0.4634437684433419,150,3655,150,13874,591736,526,107430,5.481270147096965,0.1536544969291985
61,0.4634727910664153,2,42,2,13916,591694,528,107428,5.480881099707288,0.1536613066102912
62,0.4635113591401601,5,246,5,14162,591448,533,107423,5.4786023935677495,0.1537093397780134
63,0.4635631398771389,8,228,8,14390,591220,541,107415,5.4764904220237876,0.15374981213366065
64,0.4635752286296489,2,72,2,14462,591148,543,107413,5.475823483641483,0.15376323613829
65,0.463624118599669,13,384,13,14846,590764,556,107400,5.472266478935863,0.1538320509221329
66,0.4636605628196637,144,3638,144,18484,587126,700,107256,5.438567564563341,0.154462529270632
67,0.4636994844174227,0,6,0,18490,587120,700,107256,5.438511986364816,0.15446386395843173
68,0.4637635004867782,158,3038,158,21528,584082,858,107098,5.410370891844826,0.15494950664081716
69,0.4639471823264725,0,49,0,21577,584033,858,107098,5.409917003223535,0.15496049229451436
70,0.463951484433572,0,114,0,21691,583919,858,107098,5.408861017451554,0.1549860567829735
71,0.4639931566691244,142,3685,142,25376,580234,1000,106956,5.374726740523917,0.15564254427450924
72,0.4640616435308519,0,2,0,25378,580232,1000,106956,5.374708214457742,0.15564299725839217
73,0.464094690623517,0,3,0,25381,580229,1000,106956,5.37468042535848,0.1556436767391605
74,0.4641335589324539,0,7,0,25388,580222,1000,106956,5.374615584126866,0.15564526221735853
75,0.4642379819439292,17,668,17,26056,579554,1017,106939,5.36842787802438,0.155775805434287
76,0.4643078130923367,15,326,15,26382,579228,1032,106924,5.365408129237838,0.1558313609812403
77,0.4643249591307326,1,17,1,26399,579211,1033,106923,5.365250657675349,0.15583399161096811
78,0.4644458251685225,0,24,0,26423,579187,1033,106923,5.365028344881248,0.15583944265496785
79,0.4644615069294898,14,348,14,26771,578839,1047,106909,5.361804809366779,0.15590129318641832
80,0.4644829367501032,20,301,20,27072,578538,1067,106889,5.359016636407425,0.15594512617682116
81,0.4645973200205698,0,2,0,27074,578536,1067,106889,5.3589981103412505,0.1559455812087391
82,0.4646080984858676,1,19,1,27093,578517,1068,106888,5.358822112712587,0.15594867268257454
83,0.4646701749858872,0,10,0,27103,578507,1068,106888,5.358729482381711,0.1559509479934928
84,0.4646916168218619,1,23,1,27126,578484,1069,106887,5.358516432620697,0.15595494994681713
85,0.4647378392429564,33,423,33,27549,578061,1102,106854,5.354598169624662,0.1560105998554565
86,0.464744093019333,8,148,8,27697,577913,1110,106846,5.353227240727704,0.15603445883880315
87,0.4647535857242847,23,353,23,28050,577560,1133,106823,5.3499573900477975,0.1560865772527956
88,0.4647953419464565,1,61,1,28111,577499,1134,106822,5.3493923450294565,0.15609925751219092
89,0.4648004127761863,1,30,1,28141,577469,1135,106821,5.34911445403683,0.15610486781919947
90,0.4648506220448248,0,8,0,28149,577461,1135,106821,5.349040349772129,0.15610669285470025
91,0.4649802379749584,28,369,28,28518,577092,1163,106793,5.3456222905628215,0.15615637131973942
92,0.4650323133698456,0,3,0,28521,577089,1163,106793,5.345594501463559,0.1561570563342799
93,0.4653322721509964,2,53,2,28574,577036,1165,106791,5.345103560709918,0.15616669128302918
94,0.4654021136372318,0,2,0,28576,577034,1165,106791,5.345085034643744,0.15616714802763865
95,0.4654419503327492,1,20,1,28596,577014,1166,106790,5.344899773981993,0.15617048159999064
96,0.4654568672547855,6,202,6,28798,576812,1172,106784,5.343028641298306,0.15620922299135748
97,0.4655059122729267,0,9,0,28807,576803,1172,106784,5.3429452740005186,0.15621127961766387
98,0.4655680677934763,0,1,0,28808,576802,1172,106784,5.342936010967431,0.1562115081350408
99,0.4657663961384664,1,26,1,28834,576776,1173,106783,5.342695172107155,0.15621621542544242
100,0.4657744514755456,4,78,4,28912,576698,1177,106779,5.341972655526326,0.15622910500280185
101,0.465881849135183,0,6,0,28918,576692,1177,106779,5.341917077327801,0.15623047649424773
102,0.4659920046155624,1,6,1,28924,576686,1178,106778,5.3418614991292745,0.15623061346318168
103,0.4659937974593253,6,130,6,29054,576556,1184,106772,5.340657304827893,0.156252926852112
104,0.4660318771240629,3,7,3,29061,576549,1187,106769,5.34059246359628,0.15625082318920328
105,0.466071625347985,0,1,0,29062,576548,1187,106769,5.340583200563192,0.15625105185441018
106,0.4661339055846511,3,63,3,29125,576485,1190,106766,5.339999629478677,0.15626175446505017
107,0.466323555666285,0,4,0,29129,576481,1190,106766,5.339962577346326,0.15626266928358265
108,0.4664121274998679,0,1,0,29130,576480,1190,106766,5.339953314313239,0.15626289798988943
109,0.4664175256249009,2,33,2,29163,576447,1192,106764,5.3396476342213495,0.1562679757790785
110,0.4665614461691124,3,33,3,29196,576414,1195,106761,5.33934195412946,0.15627181908003074
111,0.4665672094161414,0,1,0,29197,576413,1195,106761,5.339332691096373,0.15627204782383405
112,0.4665979581417186,27,354,27,29551,576059,1222,106734,5.336053577383378,0.15631970450780838
113,0.4666081754056187,0,1,0,29552,576058,1222,106734,5.336044314350291,0.15631993344971823
114,0.4666532229489132,0,8,0,29560,576050,1222,106734,5.33597021008559,0.15632176500913905
115,0.4666696752791239,23,281,23,29841,575769,1245,106711,5.333367297787988,0.15635769546360334
116,0.4668537731567791,2,82,2,29923,575687,1247,106709,5.332607729074808,0.15637401157099398
117,0.4668547435419252,0,2,0,29925,575685,1247,106709,5.3325892030086335,0.15637446988103648
118,0.4668601846326979,1,9,1,29934,575676,1248,106708,5.332505835710845,0.1563752960210087
119,0.4670430646112136,0,3,0,29937,575673,1248,106708,5.332478046611582,0.1563759835048162
120,0.4671902867956737,0,8,0,29945,575665,1248,106708,5.332403942346882,0.15637781682452265
121,0.4672489615533378,0,27,0,29972,575638,1248,106708,5.332153840453518,0.15638400459590882
122,0.467389449646497,8,230,8,30202,575408,1256,106700,5.330023342843381,0.1564268414972409
123,0.467390497965556,0,27,0,30229,575381,1256,106700,5.329773240950017,0.15643303361330985
124,0.4674002010478789,2,38,2,30267,575343,1258,106698,5.329421245692689,0.1564392756447193
125,0.4675796146688474,0,6,0,30273,575337,1258,106698,5.329365667494164,0.15644065187270448
126,0.4675804348591098,0,1,0,30274,575336,1258,106698,5.329356404461077,0.15644088124638947
127,0.4676878947557403,3,45,3,30319,575291,1261,106695,5.328939567972137,0.15644749305704223
128,0.4677048867663267,1,9,1,30328,575282,1262,106694,5.328856200674349,0.15644832076202095
129,0.4678252728328094,3,75,3,30403,575207,1265,106691,5.328161473192782,0.15646181686997176
130,0.4678446052495005,1,42,1,30445,575165,1266,106690,5.327772425803105,0.15647021727493382
131,0.4678660373655481,0,15,0,30460,575150,1266,106690,5.327633480306791,0.15647365950956235
132,0.4679096354024415,0,1,0,30461,575149,1266,106690,5.327624217273704,0.15647388899725595
133,0.4680136891838786,0,3,0,30464,575146,1266,106690,5.3275964281744415,0.1564745774643756
134,0.4682418169708666,0,2,0,30466,575144,1266,106690,5.327577902108266,0.15647503644582111
135,0.468302025895254,2,28,2,30494,575116,1268,106688,5.327318537181815,0.15647898809628574
136,0.4683610272564402,13,311,13,30805,574805,1281,106675,5.324437733891585,0.15653430768327758
137,0.4683669660022999,0,16,0,30821,574789,1281,106675,5.324289525362184,0.1565379829308665
138,0.4685293850685103,40,1084,40,31905,573705,1321,106635,5.314248397495276,0.15673780756680483
139,0.4685503052373118,1,11,1,31916,573694,1322,106634,5.314146504131313,0.15673910231535376
140,0.4686284794429434,0,1,0,31917,573693,1322,106634,5.3141372410982255,0.15673933270324417
141,0.4686759072853326,2,76,2,31993,573617,1324,106632,5.3134332505835715,0.1567543649457772
142,0.4687371421920276,3,168,3,32161,573449,1327,106629,5.311877061024862,0.15678936827834455
143,0.4688389560997938,2,7,2,32168,573442,1329,106627,5.311812219793249,0.1567885023431446
144,0.4688693183654971,6,106,6,32274,573336,1335,106621,5.310830338285968,0.15680550387745107
145,0.468874183952797,1,45,1,32319,573291,1336,106620,5.310413501797028,0.15681464191636846
146,0.4688979390129468,0,32,0,32351,573259,1336,106620,5.310117084738227,0.15682202274228207
147,0.4689038962068397,2,10,2,32361,573249,1338,106618,5.310024454407351,0.15682184897928567
148,0.4689279112175564,1,36,1,32397,573213,1339,106617,5.309690985216199,0.1568289131106306
149,0.4689832619747256,0,26,0,32423,573187,1339,106617,5.309450146355923,0.15683491123912185
150,0.4690481150860247,0,34,0,32457,573153,1339,106617,5.309135203230946,0.15684275563793637
151,0.4691097009155734,0,35,0,32492,573118,1339,106617,5.308810997072881,0.15685083157406932
152,0.4691217640458518,39,880,39,33372,572238,1378,106578,5.300659527955834,0.15700572761985576
153,0.4692025219508933,240,4454,240,37826,567784,1618,106338,5.259401978583868,0.1577429604730301
154,0.4692128374898724,2,44,2,37870,567740,1620,106336,5.258994405128015,0.15775075807475714
155,0.4692556222031825,14,209,14,38079,567531,1634,106322,5.257058431212716,0.1577821869161375
156,0.4692619988694809,5,170,5,38249,567361,1639,106317,5.2554837155878324,0.15781575173896134
157,0.4692755459635161,177,3554,177,41803,563807,1816,106140,5.222562895994664,0.15843044300519296
158,0.4692787935425061,5,60,5,41863,563747,1821,106135,5.222007114009411,0.1584383518291281
159,0.4692908659577076,14,113,14,41976,563634,1835,106121,5.220960391270518,0.15844749199334085
160,0.4692958289358461,2,18,2,41994,563616,1837,106119,5.2207936566749416,0.15844923738493583
161,0.4693586928520427,0,1,0,41995,563615,1837,106119,5.220784393641854,0.15844947397026282
162,0.4694058684231309,13,264,13,42259,563351,1850,106106,5.218338952906739,0.15849561659673436
163,0.4694480605976397,22,462,22,42721,562889,1872,106084,5.2140594316202895,0.15857740147958138
164,0.4694845641855309,178,3525,178,46246,559364,2050,105906,5.181407239986661,0.15919250830489876
165,0.4696254073181595,4,101,4,46347,559263,2054,105902,5.180471673644818,0.15921162418347326
166,0.4696583930122647,144,2721,144,49068,556542,2198,105758,5.1552669606135835,0.15968292314661028
167,0.4696605260007231,0,2,0,49070,556540,2198,105758,5.155248434547408,0.15968340535529324
168,0.4696671546324569,60,1015,60,50085,555525,2258,105698,5.14584645596354,0.15985227374123404
169,0.4697096844511838,184,3326,184,53411,552199,2442,105514,5.115037607914336,0.1604255959666298
170,0.4697267136198742,7,95,7,53506,552104,2449,105507,5.114157619771018,0.16043983449181964
171,0.4697640686396701,0,7,0,53513,552097,2449,105507,5.114092778539405,0.16044154232638488
172,0.4698105571634199,0,1,0,53514,552096,2449,105507,5.114083515506318,0.1604417863057194
173,0.4698422068705876,4,92,4,53606,552004,2453,105503,5.1132313164622625,0.16045912819179112
174,0.4698824328378627,2,98,2,53704,551906,2455,105501,5.112323539219682,0.1604804938188976
175,0.4700050852532643,2,59,2,53763,551847,2457,105499,5.111777020267517,0.16049234345382796
176,0.4700172299971669,0,12,0,53775,551835,2457,105499,5.111665863870466,0.1604952733313658
177,0.4700352055950075,59,1025,59,54800,550810,2516,105440,5.1021712549557225,0.1606704761904762
178,0.4700414022796719,0,1,0,54801,550809,2516,105440,5.102161991922635,0.16067072102205107
179,0.47007089421434,34,847,34,55648,549962,2550,105406,5.094316202897477,0.16083482867640775
180,0.4700803193848257,0,5,0,55653,549957,2550,105406,5.094269887732039,0.16083605574315304
181,0.4701324354020733,1,139,1,55792,549818,2551,105405,5.092982326132869,0.16086889501742155
182,0.4701652307670761,69,1033,69,56825,548785,2620,105336,5.083413612953425,0.16103442635231097
183,0.4702781479951411,0,10,0,56835,548775,2620,105336,5.08332098262255,0.1610368882345657
184,0.4702839403408513,0,1,0,56836,548774,2620,105336,5.083311719589462,0.16103713442693124
185,0.470286648794756,13,339,13,57175,548435,2633,105323,5.080171551372781,0.161103955898054
186,0.470299745129388,0,22,0,57197,548413,2633,105323,5.079967764644855,0.16110937748571288
187,0.4703788229240208,19,390,19,57587,548023,2652,105304,5.076355181740709,0.16118115430710808
188,0.4704361006514962,49,832,49,58419,547191,2701,105255,5.068648338211864,0.16132369575413139
189,0.4704413955244432,0,7,0,58426,547184,2701,105255,5.068583496980251,0.16132542659160473
190,0.4704423560228897,0,2,0,58428,547182,2701,105255,5.0685649709140765,0.16132592112341881
191,0.470456445823925,9,367,9,58795,546815,2710,105246,5.065165437770943,0.1614051446107036
192,0.4704612591492016,3,108,3,58903,546707,2713,105243,5.064165030197488,0.16142802362144337
193,0.4704711653403811,32,455,32,59358,546252,2745,105211,5.059950350142651,0.16149957864069026
194,0.4705047358709169,7,172,7,59530,546080,2752,105204,5.058357108451592,0.16153321745966429
195,0.4705682084303467,2,3,2,59533,546077,2754,105202,5.058329319352329,0.16153138670216605
196,0.4706682199473773,1,8,1,59541,546069,2755,105201,5.0582552150876285,0.16153208346768622
197,0.4706688144836271,19,631,19,60172,545438,2774,105182,5.052410241209381,0.1616642587070794
198,0.4706915931156941,0,19,0,60191,545419,2774,105182,5.052234243580718,0.16166897991241944
199,0.470714638702152,41,536,41,60727,544883,2815,105141,5.047269257845789,0.1617494123293909
200,0.4707369630464122,0,3,0,60730,544880,2815,105141,5.047241468746527,0.16175015884102206
201,0.4707677855056615,0,2,0,60732,544878,2815,105141,5.047222942680351,0.16175065651927098
202,0.4707764211836779,0,13,0,60745,544865,2815,105141,5.047102523250213,0.16175389150253996
203,0.4708142559401931,38,433,38,61178,544432,2853,105103,5.043091629923302,0.1618126813797563
204,0.470842906372602,0,1,0,61179,544431,2853,105103,5.043082366890214,0.16181293050094375
205,0.4710416660754568,49,833,49,62012,543598,2902,105054,5.035366260328282,0.1619574132200317
206,0.4710568714298661,25,384,25,62396,543214,2927,105029,5.031809255622661,0.16202103223636816
207,0.471085294334526,169,3416,169,65812,539798,3096,104860,5.000166734595576,0.16265989098095424
208,0.4711330860159256,0,4,0,65816,539794,3096,104860,5.000129682463226,0.16266090026587907
209,0.4711665772135728,0,11,0,65827,539783,3096,104860,5.000027789099263,0.16266367586400535
210,0.471167039491527,19,421,19,66248,539362,3115,104841,4.996128052169403,0.1627452837071544
211,0.4711795028764362,4,61,4,66309,539301,3119,104837,4.995563007151062,0.16275549649298754
212,0.4711876864105343,2,37,2,66346,539264,3121,104835,4.995220274926822,0.16276224617644183
213,0.4711977084454807,2,49,2,66395,539215,3123,104833,4.994766386305532,0.16277202941395671
214,0.4712151105222967,169,3518,169,69913,535697,3292,104664,4.9621790359035165,0.16344530663172804
215,0.4712238678863674,0,9,0,69922,535688,3292,104664,4.962095668605728,0.16344760381790016
216,0.4712291806147062,3,30,3,69952,535658,3295,104661,4.961817777613102,0.16345134222161142
217,0.4712365796726351,0,3,0,69955,535655,3295,104661,4.961789988513839,0.1634521080216643
218,0.4712413028445082,0,2,0,69957,535653,3295,104661,4.961771462447664,0.1634526185590195
219,0.471272717470043,4,26,4,69983,535627,3299,104657,4.961530623587388,0.16345402977428766
220,0.4712938341537457,165,3187,165,73170,532440,3464,104492,4.932009337137353,0.1640551895649771
221,0.4712947306647241,0,1,0,73171,532439,3464,104492,4.932000074104264,0.164055447136346
222,0.4713223935480575,22,528,22,73699,531911,3486,104470,4.9271091926340365,0.16416266356160852
223,0.4713311820489186,0,3,0,73702,531908,3486,104470,4.927081403534774,0.16416343745384032
224,0.4713541106482976,4,49,4,73751,531859,3490,104466,4.926627514913483,0.16417082465721133
225,0.4713565327900639,14,234,14,73985,531625,3504,104452,4.924459965170995,0.16421282329026202
226,0.4714306337372207,3,52,3,74037,531573,3507,104449,4.923978287450443,0.1642223067755518
227,0.4714638831329877,0,1,0,74038,531572,3507,104449,4.923969024417355,0.1642225649782004
228,0.4715886804578539,0,1,0,74039,531571,3507,104449,4.923959761384268,0.16422282318166095
229,0.4715931859674875,1,16,1,74055,531555,3508,104448,4.9238115528548665,0.16422564044509225
230,0.471609604191017,8,97,8,74152,531458,3516,104440,4.922913038645374,0.16424017688371406
231,0.4717039696960668,137,2304,137,76456,529154,3653,104303,4.901571010411649,0.1646567959624726
232,0.4717041688589294,9,73,9,76529,529081,3662,104294,4.900894808996258,0.16466390369054668
233,0.4717509184995645,0,7,0,76536,529074,3662,104294,4.900829967764645,0.16466572356039458
234,0.4717797414404011,0,17,0,76553,529057,3662,104294,4.900672496202157,0.16467014341178904
235,0.4717925351546945,0,1,0,76554,529056,3662,104294,4.900663233169069,0.16467040341043657
236,0.4718182851233348,0,2,0,76556,529054,3662,104294,4.900644707102893,0.1646709234101947
237,0.4718497676258213,160,2927,160,79483,526127,3822,104134,4.873531809255622,0.1652236137092411
238,0.4718521818569354,6,90,6,79573,526037,3828,104128,4.872698136277743,0.16523926273277634
239,0.4718916981473097,3,88,3,79661,525949,3831,104125,4.871882989366038,0.16525836647758835
240,0.4719265481353973,0,1,0,79662,525948,3831,104125,4.87187372633295,0.16525862876206407
241,0.4719586725293733,3,67,3,79729,525881,3834,104122,4.871253103116084,0.16527222886240225
242,0.4720321939890303,8,105,8,79834,525776,3842,104114,4.870280484641891,0.16528917747543223
243,0.4721125790635505,0,6,0,79840,525770,3842,104114,4.870224906443366,0.1652907519479777
244,0.4721194277432802,3,27,3,79867,525743,3845,104111,4.869974804550002,0.16529386175208857
245,0.4721256106623938,0,2,0,79869,525741,3845,104111,4.869956278483826,0.16529438661780863
246,0.4721439765256782,0,4,0,79873,525737,3845,104111,4.869919226351477,0.1652954363592486
247,0.472188483331843,2,22,2,79895,525715,3847,104109,4.86971543962355,0.16529855959760187
248,0.4722996736604686,0,1,0,79896,525714,3847,104109,4.869706176590463,0.1652988220500045
249,0.4723162914980348,3,40,3,79936,525674,3850,104106,4.86933565526696,0.16530534472355427
250,0.4723652319499113,4,36,4,79972,525638,3854,104102,4.869002186075809,0.16530949280655508
251,0.4723813533753812,0,9,0,79981,525629,3854,104102,4.86891881877802,0.1653118553795192
252,0.4723814827785835,2,47,2,80028,525582,3856,104100,4.868483456222906,0.1653215432551669
253,0.4723895972524474,2,44,2,80072,525538,3858,104098,4.868075882767053,0.16533044489196932
254,0.4724179866888892,15,404,15,80476,525134,3873,104083,4.864333617399681,0.16541670043879933
255,0.4724261561122632,26,406,26,80882,524728,3899,104057,4.860572825966134,0.16548899862433106
256,0.4724775699266718,0,1,0,80883,524727,3899,104057,4.860563562933047,0.1654892618132777
257,0.4724922393023808,32,240,32,81123,524487,3931,104025,4.858340434992034,0.16550996639682297
258,0.4725394323356312,18,251,18,81374,524236,3949,104007,4.856015413687057,0.16555218283371242
259,0.4725516079147008,0,11,0,81385,524225,3949,104007,4.855913520323095,0.16555508156222543
260,0.4725522318711831,0,2,0,81387,524223,3949,104007,4.85589499425692,0.16555560861467933
261,0.4725688229554432,28,330,28,81717,523893,3977,103979,4.852838193338027,0.16560541001987666
262,0.4725980689593355,32,287,32,82004,523606,4009,103947,4.850179702841898,0.16563859944897083
263,0.472598450075434,1,24,1,82028,523582,4010,103946,4.8499573900477975,0.16564360474751724
264,0.4726115868794149,15,272,15,82300,523310,4025,103931,4.847437845047983,0.16569548227874134
265,0.472649572386855,0,11,0,82311,523299,4025,103931,4.84733595168402,0.16569838815107696
266,0.4727086357277,0,2,0,82313,523297,4025,103931,4.847317425617844,0.16569891650245205
267,0.4727184376829705,1,5,1,82318,523292,4026,103930,4.847271110452406,0.1656989072449627
268,0.4727254135363828,0,9,0,82327,523283,4026,103930,4.847187743154619,0.16570128489045985
269,0.4727530234552463,8,120,8,82447,523163,4034,103922,4.846076179184112,0.1657223502396007
270,0.4727537473671098,0,12,0,82459,523151,4034,103922,4.845965022787062,0.16572552158999032
271,0.4727544333714487,14,275,14,82734,522876,4048,103908,4.843417688687984,0.16577959871343237
272,0.4727549648900123,26,223,26,82957,522653,4074,103882,4.84135203230946,0.16580398541182856
273,0.4728261235469421,1,3,1,82960,522650,4075,103881,4.841324243210197,0.16580344787408763
274,0.4728373588246567,7,52,7,83012,522598,4082,103874,4.840842565489644,0.1658078892592167
275,0.4729022957966718,25,164,25,83176,522434,4107,103849,4.839323428063285,0.1658180087915527
276,0.472920423392671,27,265,27,83441,522169,4134,103822,4.836868724295083,0.16585222471249586
277,0.4729772786567009,3,62,3,83503,522107,4137,103819,4.836294416243655,0.16586465492725977
278,0.4730770501509905,0,6,0,83509,522101,4137,103819,4.836238838045129,0.16586624488752555
279,0.4730899259253543,0,5,0,83514,522096,4137,103819,4.836192522879692,0.16586756987769904
280,0.4731399276086113,32,155,32,83669,521941,4169,103787,4.834756752751121,0.16586599928403395
281,0.4732200774004697,2,43,2,83712,521898,4171,103785,4.834358442328356,0.165874732092769
282,0.4732292645325742,2,53,2,83765,521845,4173,103783,4.833867501574716,0.16588611762900637
283,0.47328957351288,22,280,22,84045,521565,4195,103761,4.831273852310201,0.16593105036413006
284,0.4732903634205431,1,43,1,84088,521522,4196,103760,4.830875541887436,0.16594112736333366
285,0.4733023272888476,7,21,7,84109,521501,4203,103753,4.830681018192597,0.16593736305565418
286,0.4733937605025033,1,7,1,84116,521494,4204,103752,4.830616176960984,0.16593788684773672
287,0.4733978075940572,2,30,2,84146,521464,4206,103750,4.830338285968358,0.16594318105480682
288,0.4734031949007212,1,9,1,84155,521455,4207,103749,4.83025491867057,0.16594423580143441
289,0.4734158721568756,1,8,1,84163,521447,4208,103748,4.830180814405869,0.16594502515215254
290,0.4734795056096132,1,25,1,84188,521422,4209,103747,4.82994923857868,0.16595032703157067
291,0.4735574930671875,2,21,2,84209,521401,4211,103745,4.829754714883841,0.16595323332469536
292,0.4736047392085354,0,2,0,84211,521399,4211,103745,4.829736188817667,0.16595376425271618
293,0.4736232007392182,2,6,2,84217,521393,4213,103743,4.829680610619141,0.16595268869493998
294,0.4737163829375591,3,20,3,84237,521373,4216,103740,4.82949534995739,0.16595399551761042
295,0.4737259119603366,5,119,5,84356,521254,4221,103735,4.828393049019971,0.16597892122901364
296,0.4737321227586658,11,211,11,84567,521043,4232,103724,4.826438549038497,0.16602029236499366
297,0.4738918143328099,2,3,2,84570,521040,4234,103722,4.826410759939234,0.16601841981426527
298,0.4739359913606885,0,2,0,84572,521038,4234,103722,4.82639223387306,0.16601895127729047
299,0.4739528023614155,6,56,6,84628,520982,4240,103716,4.825873504020157,0.1660258236780012
300,0.4740146095394427,1,36,1,84664,520946,4241,103715,4.825540034829005,0.16603405687244763
301,0.4740172201570479,1,10,1,84674,520936,4242,103714,4.825447404498129,0.16603537981269512
302,0.4740787297051298,3,40,3,84714,520896,4245,103711,4.825076883174627,0.16604200721413626
303,0.4741423267075474,0,2,0,84716,520894,4245,103711,4.8250583571084515,0.16604253888457504
304,0.4742029476867624,0,3,0,84719,520891,4245,103711,4.825030568009189,0.16604333639661736
305,0.4742365624728237,24,214,24,84933,520677,4269,103687,4.823048278928452,0.1660681909911526
306,0.4742625280137698,18,350,18,85283,520327,4287,103669,4.819806217347808,0.16613728293130084
307,0.4742676885439735,0,2,0,85285,520325,4287,103669,4.8197876912816335,0.16613781542771244
308,0.4742698914347841,10,205,10,85490,520120,4297,103659,4.817888769498684,0.1661790473869752
309,0.4743888498201213,5,153,5,85643,519967,4302,103654,4.816471525436289,0.16621313265589197
310,0.4744527280655073,1,23,1,85666,519944,4303,103653,4.8162584756752755,0.16621792600028545
311,0.4744738953473675,1,1,1,85667,519943,4304,103652,4.816249212642187,0.1662168554911441
312,0.4745515397439826,8,114,8,85781,519829,4312,103644,4.815193226870206,0.16623654913685115
313,0.4745772699454821,0,10,0,85791,519819,4312,103644,4.815100596539331,0.16623921547870524
314,0.4745989378501936,0,3,0,85794,519816,4312,103644,4.815072807440068,0.16624001539794053
315,0.4746156599096697,17,188,17,85982,519628,4329,103627,4.813331357219608,0.16626741863282285
316,0.4746211632095559,0,2,0,85984,519626,4329,103627,4.813312831153433,0.16626795217993334
317,0.4747405351857745,0,5,0,85989,519621,4329,103627,4.813266515987995,0.16626928606269092
318,0.4748052760429856,0,9,0,85998,519612,4329,103627,4.813183148690207,0.1662716871055887
319,0.4748144297583301,2,11,2,86009,519601,4331,103625,4.813081255326244,0.16627194629235623
320,0.4749106353746302,0,4,0,86013,519597,4331,103625,4.813044203193893,0.1662730134687158
321,0.4749257800246611,50,667,50,86680,518930,4381,103575,4.806865760124495,0.16638420574935142
322,0.4749493648161293,1,8,1,86688,518922,4382,103574,4.8067916558597945,0.16638500488356553
323,0.4749794109420362,15,242,15,86930,518680,4397,103559,4.804550001852607,0.166429619487046
324,0.4749904879154195,0,34,0,86964,518646,4397,103559,4.80423505872763,0.16643871392868909
325,0.4751148574444941,2,32,2,86996,518614,4399,103557,4.803938641668828,0.16644459481396592
326,0.4751368418368727,0,3,0,86999,518611,4399,103557,4.803910852569565,0.16644539738462924
327,0.4753271088164579,0,1,0,87000,518610,4399,103557,4.803901589536478,0.16644566490990362
328,0.4753636679239016,2,52,2,87052,518558,4401,103555,4.803419911815925,0.16645689770186445
329,0.4754657796729285,0,37,0,87089,518521,4401,103555,4.803077179591686,0.1664667982690218
330,0.475651215000095,71,1049,71,88138,517472,4472,103484,4.793360257882841,0.16665270969279627
331,0.4756667645526033,0,17,0,88155,517455,4472,103484,4.793202786320353,0.1666572722924474
332,0.4757105238345512,1,29,1,88184,517426,4473,103483,4.792934158360814,0.1666637140064003
333,0.4757147156374757,5,31,5,88215,517395,4478,103478,4.792647004335099,0.16666532447054389
334,0.4757297369698136,1,6,1,88221,517389,4479,103477,4.792591426136574,0.1666655928976623
335,0.4757418530194314,1,13,1,88234,517376,4480,103476,4.792471006706436,0.16666774045988417
336,0.4758047617054143,0,10,0,88244,517366,4480,103476,4.79237837637556,0.16667042500346305
337,0.4758249879594142,4,13,4,88257,517353,4484,103472,4.792257956945422,0.16666854588652197
338,0.475868233748979,72,1054,72,89311,516299,4556,103400,4.78249472007114,0.16685519905631604
339,0.4759771156520954,8,177,8,89488,516122,4564,103392,4.780855163214643,0.16689211220408257
340,0.4759986996467041,0,1,0,89489,516121,4564,103392,4.780845900181555,0.1668923815965121
341,0.4760065588394979,72,1081,72,90570,515040,4636,103320,4.7708325614139095,0.1670871337085193
342,0.4760128434795478,0,36,0,90606,515004,4636,103320,4.7704990922227575,0.167096861839424
343,0.4760954289038891,2,27,2,90633,514977,4638,103318,4.770248990329393,0.16710146451127697
344,0.4761614886625128,63,839,63,91472,514138,4701,103255,4.762477305568935,0.1672435547536172
345,0.4761667807994943,1,6,1,91478,514132,4702,103254,4.76242172737041,0.1672438312498178
346,0.476203314610237,4,55,4,91533,514077,4706,103250,4.761912260550595,0.16725333575236462
347,0.4762898303794394,17,476,17,92009,513601,4723,103233,4.7575030568009185,0.16735945165149782
348,0.4763942601080882,0,4,0,92013,513597,4723,103233,4.757466004668569,0.16736053693886485
349,0.4763943779451416,53,969,53,92982,512628,4776,103180,4.748490125606729,0.16755222406983994
350,0.4764091449265624,18,286,18,93268,512342,4794,103162,4.745840898143689,0.16760573448750943
351,0.4765356929700085,1,7,1,93275,512335,4795,103161,4.745776056912075,0.1676062882618246
352,0.4766407704793122,1,8,1,93283,512327,4796,103160,4.745701952647375,0.1676071143663473
353,0.4766468838439442,0,23,0,93306,512304,4796,103160,4.745488902886361,0.16761337787425423
354,0.4767363024286736,11,165,11,93471,512139,4807,103149,4.743960502426915,0.16764344502086828
355,0.4767634169566381,0,20,0,93491,512119,4807,103149,4.743775241765164,0.1676488944655012
356,0.4767754304673241,1,0,1,93491,512119,4808,103148,4.743775241765164,0.16764754163639525
357,0.4767956847186562,2,27,2,93518,512092,4810,103146,4.7435251398717995,0.16765219313501442
358,0.4768775568973672,57,853,57,94371,511239,4867,103089,4.735623772648116,0.16780775090830957
359,0.4768990056983422,16,215,16,94586,511024,4883,103073,4.733632220534291,0.16784481930379078
360,0.4769135050639252,2,26,2,94612,510998,4885,103071,4.733391381674015,0.1678492156418904
361,0.476923930739908,8,54,8,94666,510944,4893,103063,4.7328911778872875,0.16785313522484271
362,0.4769287423906001,0,2,0,94668,510942,4893,103063,4.732872651821112,0.16785368197327383
363,0.4769319746555228,0,1,0,94669,510941,4893,103063,4.732863388788025,0.16785395534882508
364,0.4769467324255745,63,778,63,95447,510163,4956,103000,4.725656749045908,0.16798143397432658
365,0.4769722690056339,0,1,0,95448,510162,4956,103000,4.72564748601282,0.1679817079336293
366,0.4770081566957923,0,3,0,95451,510159,4956,103000,4.725619696913557,0.16798252981689904
367,0.4770209365828827,0,1,0,95452,510158,4956,103000,4.72561043388047,0.16798280377977617
368,0.4770577287864436,297,3906,297,99358,506252,5253,102703,4.689429026640483,0.16865449827984005
369,0.4770711657280221,304,4016,304,103374,502236,5557,102399,4.652228685760866,0.16935671934307475
370,0.4770723043042075,48,718,48,104092,501518,5605,102351,4.645577828004002,0.16949205870809728
371,0.4770828144648419,3,80,3,104172,501438,5608,102348,4.644836785356997,0.1695103894426171
372,0.4771187072624477,0,3,0,104175,501435,5608,102348,4.644808996257734,0.16951123168423093
373,0.4771218523387762,3,157,3,104332,501278,5611,102345,4.6433547000629884,0.16955119337732327
374,0.4771284185765557,265,3591,265,107923,497687,5876,102080,4.610091148245582,0.1701994274443242
375,0.4771569866823074,2,90,2,108013,497597,5878,102078,4.609257475267702,0.1702222036936674
376,0.4771653026026372,5,67,5,108080,497530,5883,102073,4.608636852050836,0.1702343050318294
377,0.47717367871902,0,3,0,108083,497527,5883,102073,4.608609062951573,0.17023515677118078
378,0.4771773865327454,3,37,3,108120,497490,5886,102070,4.608266330727333,0.17024151044099006
379,0.4771846525200624,2,24,2,108144,497466,5888,102068,4.608044017933232,0.17024555738290073
380,0.4771952238514267,5,126,5,108270,497340,5893,102063,4.6068768757642005,0.17027442305093568
381,0.4772263022083368,0,5,0,108275,497335,5893,102063,4.6068305605987625,0.17027584342957433
382,0.477303214458731,1,8,1,108283,497327,5894,102062,4.606756456334062,0.17027673180522165
383,0.4773082338138848,15,291,15,108574,497036,5909,102047,4.604060913705584,0.17033866759697738
384,0.4773678685399298,2,22,2,108596,497014,5911,102045,4.603857126977657,0.17034215327705618
385,0.4773685457819486,0,1,0,108597,497013,5911,102045,4.60384786394457,0.17034243762707452
386,0.4774310361690338,9,146,9,108743,496867,5920,102036,4.602495461113787,0.17037149588497635
387,0.4774656725951399,4,5,4,108748,496862,5924,102032,4.602449145948349,0.17036737719863615
388,0.4775093213223718,0,4,0,108752,496858,5924,102032,4.602412093815999,0.17036851508624287
389,0.4775267795077697,0,1,0,108753,496857,5924,102032,4.6024028307829115,0.17036879956051956
390,0.4775365837691342,48,826,48,109579,496031,5972,101984,4.594751565452592,0.17053752832286814
391,0.4775472643484601,3,65,3,109644,495966,5975,101981,4.594149468301901,0.1705519051019572
392,0.4775768435518371,227,3001,227,112645,492965,6202,101754,4.566351106006151,0.17109592933805715
393,0.4776098918032196,200,2347,200,114992,490618,6402,101554,4.544610767349661,0.17149409293245882
394,0.4776767759737,0,2,0,114994,490616,6402,101554,4.544592241283486,0.17149467213806846
395,0.4776857538970948,4,52,4,115046,490564,6406,101550,4.544110563562933,0.1715041360278595
396,0.4776952405774757,3,46,3,115092,490518,6409,101547,4.543684464040906,0.17151326290187732
397,0.4777606541054438,0,1,0,115093,490517,6409,101547,4.543675201007818,0.1715135525889093
398,0.4777737201156375,7,123,7,115216,490394,6416,101540,4.542535847938049,0.17153939459466766
399,0.4777900081663774,10,113,10,115329,490281,6426,101530,4.541489125199155,0.17155814947677553
400,0.4778103179974731,5,78,5,115407,490203,6431,101525,4.540766608618326,0.17157376362112323
401,0.4778401446632708,6,42,6,115449,490161,6437,101519,4.540377561228649,0.1715775419145484
402,0.4778462210543626,2,16,2,115465,490145,6439,101517,4.540229352699248,0.1715793814711778
403,0.4778845525911734,0,5,0,115470,490140,6439,101517,4.54018303753381,0.17158083146147177
404,0.4779038259645798,0,35,0,115505,490105,6439,101517,4.539858831375746,0.1715909820797739
405,0.4779055830873645,2,7,2,115512,490098,6441,101515,4.539793990144132,0.1715902118445673
406,0.47794739439857,0,1,0,115513,490097,6441,101515,4.539784727111045,0.17159050188299088
407,0.4779477332520242,57,823,57,116336,489274,6498,101458,4.532161250879988,0.17174962588788148
408,0.477957810839203,0,8,0,116344,489266,6498,101458,4.532087146615288,0.17175195184214626
409,0.4779791972173627,1,1,1,116345,489265,6499,101457,4.5320778835822,0.17175084049688347
410,0.4780189842147324,0,7,0,116352,489258,6499,101457,4.532013042350587,0.17175287575226633
411,0.4780304168177361,1,0,1,116352,489258,6500,101456,4.532013042350587,0.17175147364037419
412,0.4780548637659653,0,1,0,116353,489257,6500,101456,4.5320037793175,0.1717517643931994
413,0.4780932176274507,0,3,0,116356,489254,6500,101456,4.531975990218237,0.17175263665758156
414,0.4782048850235389,0,1,0,116357,489253,6500,101456,4.531966727185149,0.17175292741434445
415,0.4782169575350243,3,30,3,116387,489223,6503,101453,4.531688836192523,0.1717574440133
416,0.4782250687125183,0,6,0,116393,489217,6503,101453,4.531633257993998,0.17175918871789664
417,0.478250747234007,0,11,0,116404,489206,6503,101453,4.531531364630035,0.17176238743505134
418,0.478253509973683,13,189,13,116593,489017,6516,101440,4.529780651376487,0.17179913185888218
419,0.478266808070345,15,187,15,116780,488830,6531,101425,4.528048464189114,0.17183251306638656
420,0.478271924270618,5,42,5,116822,488788,6536,101420,4.527659416799437,0.17183772500542183
421,0.4783044534960462,43,604,43,117426,488184,6579,101377,4.522064544814554,0.17195336869297664
422,0.4783116875625829,0,1,0,117427,488183,6579,101377,4.5220552817814665,0.17195366035687631
423,0.4783394522890029,35,315,35,117742,487868,6614,101342,4.519137426358887,0.17199640196194904
424,0.4783410909958239,2,28,2,117770,487840,6616,101340,4.518878061432435,0.1720017651651448
425,0.4783617410324178,0,1,0,117771,487839,6616,101340,4.518868798399348,0.1720020570997948
426,0.4784134020440315,0,8,0,117779,487831,6616,101340,4.518794694134647,0.17200439261267103
427,0.4784364728450805,0,4,0,117783,487827,6616,101340,4.5187576420022975,0.1720055603928937
428,0.4784407561691196,9,122,9,117905,487705,6625,101331,4.5176275519656155,0.17202853475848676
429,0.4784416617986897,4,31,4,117936,487674,6629,101327,4.517340397939901,0.17203196598987097
430,0.4784752329476631,36,515,36,118451,487159,6665,101291,4.512569935899811,0.17213187186676862
431,0.4784798123448729,28,223,28,118674,486936,6693,101263,4.510504279521286,0.1721577221314555
432,0.4785389535099983,0,14,0,118688,486922,6693,101263,4.51037459705806,0.17216181983559595
433,0.4785546929692826,0,8,0,118696,486914,6693,101263,4.51030049279336,0.17216416146840152
434,0.4785566221695941,1,19,1,118715,486895,6694,101262,4.510124495164697,0.17216831560280674
435,0.4785737786527463,0,2,0,118717,486893,6694,101262,4.510105969098522,0.172168901054994
436,0.4785855880422192,43,450,43,119167,486443,6737,101219,4.505937604209122,0.17224016526506733
437,0.4785912638093027,34,202,34,119369,486241,6771,101185,4.504066471525436,0.17225148359112466
438,0.478598734589557,47,415,47,119784,485826,6818,101138,4.500222312794102,0.17230698986649948
439,0.4786308051264628,0,5,0,119789,485821,6818,101138,4.500175997628664,0.17230845766058617
440,0.4786612294041887,0,2,0,119791,485819,6818,101138,4.500157471562488,0.17230904478522277
441,0.4787650433590115,23,187,23,119978,485632,6841,101115,4.498425284375116,0.17233151596855203
442,0.4787705956916139,0,2,0,119980,485630,6841,101115,4.498406758308941,0.17233210338392316
443,0.4788050466939507,4,127,4,120107,485503,6845,101111,4.497230353106821,0.1723637690201734
444,0.4788096183247892,22,174,22,120281,485329,6867,101089,4.495618585349587,0.1723838627054422
445,0.4788135889090005,6,78,6,120359,485251,6873,101083,4.494896068768758,0.17239832586887338
446,0.4788242730046576,0,33,0,120392,485218,6873,101083,4.494590388676868,0.17240802932282223
447,0.4788415074749459,31,456,31,120848,484762,6904,101052,4.490366445588943,0.17249843807078696
448,0.4788684639663126,18,199,18,121047,484563,6922,101034,4.48852310200452,0.17253162157593022
449,0.4788788508457361,0,24,0,121071,484539,6922,101034,4.488300789210419,0.1725386928700606
450,0.4789219816708441,1,11,1,121082,484528,6923,101033,4.488198895846456,0.17254052097048814
451,0.4789453448110723,4,33,4,121115,484495,6927,101029,4.487893215754567,0.17254459253591656
452,0.4789720608136353,0,10,0,121125,484485,6927,101029,4.487800585423691,0.1725475394268967
453,0.4789935234992894,0,2,0,121127,484483,6927,101029,4.487782059357516,0.172548128817172
454,0.4789944045364948,2,61,2,121188,484422,6929,101027,4.487217014339175,0.1725632804907003
455,0.4790045369609504,0,2,0,121190,484420,6929,101027,4.487198488273,0.17256387000018789
456,0.4790302146598656,2,20,2,121210,484400,6931,101025,4.487013227611249,0.17256693854891744
457,0.4790511729937683,5,37,5,121247,484363,6936,101020,4.48667049538701,0.17257077844761465
458,0.4790565023434145,1,19,1,121266,484344,6937,101019,4.486494497758346,0.17257496630296074
459,0.4790671537484434,4,44,4,121310,484300,6941,101015,4.4860869243024935,0.17258228475265455
460,0.4791151394347247,0,1,0,121311,484299,6941,101015,4.486077661269406,0.1725825796068435
461,0.4791348766124477,323,3878,323,125189,480421,7264,100692,4.450155618955871,0.17327438897426145
462,0.4791429214963466,8,34,8,125223,480387,7272,100684,4.449840675830894,0.17327314562247986
463,0.4791641546242801,0,1,0,125224,480386,7272,100684,4.449831412797806,0.1732734438191612
464,0.4791941208500679,31,490,31,125714,479896,7303,100653,4.445292526584905,0.17337554625018733
465,0.4792001458974081,3,40,3,125754,479856,7306,100650,4.444922005261403,0.1733832208452626
466,0.479226046359378,20,254,20,126008,479602,7326,100630,4.442569194857164,0.17343062774890045
467,0.479227269358531,1,72,1,126080,479530,7327,100629,4.44190225647486,0.17345072643878662
468,0.4792346200348298,5,36,5,126116,479494,7332,100624,4.441568787283708,0.17345436618067359
469,0.4792378966778233,0,6,0,126122,479488,7332,100624,4.4415132090851825,0.17345616018975646
470,0.4792381279008794,3,75,3,126197,479413,7335,100621,4.440818481603617,0.17347431357472148
471,0.4792398345339288,0,10,0,126207,479403,7335,100621,4.440725851272741,0.17347730438740466
472,0.4792898584617277,1,6,1,126213,479397,7336,100620,4.440670273074216,0.17347767393024688
473,0.4793235716427033,1,11,1,126224,479386,7337,100619,4.440568379710252,0.17347953896949164
474,0.479332760222798,1,8,1,126232,479378,7338,100618,4.440494275445552,0.1734805067621156
475,0.4793806905454439,30,374,30,126606,479004,7368,100588,4.437029901070806,0.17354966942262834
476,0.4793815421181238,232,3218,232,129824,475786,7600,100356,4.407221460595057,0.17418622492371671
477,0.4793872220495986,1,2,1,129826,475784,7601,100355,4.407202934528883,0.1741853962325064
478,0.4793945858439626,6,29,6,129855,475755,7607,100349,4.406934306569343,0.17418556371766208
479,0.4794172654831284,253,3215,253,133070,472540,7860,100096,4.377153655192856,0.1747986504515958
480,0.4794531284040338,26,402,26,133472,472138,7886,100070,4.373429915891659,0.17488395828090483
481,0.4794889031474376,7,37,7,133509,472101,7893,100063,4.37308718366742,0.17488517278262874
482,0.4795312084022674,0,4,0,133513,472097,7893,100063,4.37305013153507,0.17488639541387024
483,0.4795617791423242,3,30,3,133543,472067,7896,100060,4.372772240542443,0.1748912391829087
484,0.4795647932590145,1,4,1,133547,472063,7897,100059,4.372735188410093,0.17489101974753637
485,0.4795962413059791,1,28,1,133575,472035,7898,100058,4.372475823483642,0.17489813719098118
486,0.4796206732174582,2,2,2,133577,472033,7900,100056,4.3724572974174665,0.17489586410506058
487,0.47964013427473,0,57,0,133634,471976,7900,100056,4.371929304531476,0.17491329156410831
488,0.479656464327855,3,30,3,133664,471946,7903,100053,4.371651413538849,0.17491813796877267
489,0.479657480229923,1,7,1,133671,471939,7904,100052,4.371586572307236,0.1749188361355336
490,0.4796581324932304,257,3337,257,137008,468602,8161,99795,4.340675830894068,0.17557270710436543
491,0.4797378604448428,17,276,17,137284,468326,8178,99778,4.338119233761903,0.1756333347415262
492,0.479757865191768,1,4,1,137288,468322,8179,99777,4.338082181629553,0.17563312028361253
493,0.4798228274645238,1,53,1,137341,468269,8180,99776,4.337591240875913,0.1756480560518973
494,0.4798292497222327,2,29,2,137370,468240,8182,99774,4.337322612916373,0.175654121201238
495,0.4798611591417154,8,54,8,137424,468186,8190,99766,4.3368224091296455,0.17565921063751866
496,0.4799230818324106,3,65,3,137489,468121,8193,99763,4.336220311978955,0.1756749617879708
497,0.4799254158576298,1,9,1,137498,468112,8194,99762,4.336136944681167,0.1756762943892483
498,0.479987162823183,4,65,4,137563,468047,8198,99758,4.335534847530475,0.17569059800459666
499,0.4799895923125408,2,14,2,137577,468033,8200,99756,4.335405165067249,0.17569202643939913
500,0.4799908970801521,208,2774,208,140351,465259,8408,99548,4.3097095112823745,0.17625135665811506
501,0.4800658639804172,28,413,28,140764,464846,8436,99520,4.305883878617214,0.17633946765042544
502,0.4800742873149566,34,376,34,141140,464470,8470,99486,4.302400978176294,0.17640737929909425
503,0.4801748787419882,3,46,3,141186,464424,8473,99483,4.301974878654266,0.17641738797354883
504,0.4801783566831757,37,687,37,141873,463737,8510,99446,4.295611174923117,0.17657848337041424
505,0.4801783677192917,5,148,5,142021,463589,8515,99441,4.294240246026159,0.17661758698470775
506,0.4801953842166021,4,27,4,142048,463562,8519,99437,4.293990144132795,0.17662020714068763
507,0.480220659570153,13,336,13,142384,463226,8532,99424,4.290877765015376,0.1767066560028437
508,0.4802845321612042,0,5,0,142389,463221,8532,99424,4.2908314498499385,0.17670822632388095
509,0.4802976850982353,20,250,20,142639,462971,8552,99404,4.28851569157805,0.17675750166703713
510,0.4803209984764258,5,16,5,142655,462955,8557,99399,4.288367483048649,0.1767552111303556
511,0.4803484403678082,0,1,0,142656,462954,8557,99399,4.288358220015562,0.17675552544398268
512,0.4803614972251437,0,6,0,142662,462948,8557,99399,4.288302641817037,0.17675741134922032
513,0.4803661247127519,17,106,17,142768,462842,8574,99382,4.287320760309756,0.17676584421867442
514,0.4803844133145978,4,33,4,142801,462809,8578,99378,4.287015080217866,0.17677036288637055
515,0.4804038486432315,17,96,17,142897,462713,8595,99361,4.286125829041461,0.1767756558744934
516,0.4804103716796558,12,226,12,143123,462487,8607,99349,4.284032383563674,0.17682918146932558
517,0.4804210274464468,32,352,32,143475,462135,8639,99317,4.280771795916855,0.17689312710614621
518,0.4804606693314227,19,144,19,143619,461991,8658,99298,4.279437919152247,0.17691064674347795
519,0.4805079129685044,0,3,0,143622,461988,8658,99298,4.279410130052985,0.1769115923076649
520,0.4805180347189563,4,17,4,143639,461971,8662,99294,4.279252658490496,0.17691108478169848
521,0.4805247503221951,30,223,30,143862,461748,8692,99264,4.277187002111972,0.17693739171354622
522,0.4805492571019985,4,22,4,143884,461726,8696,99260,4.276983215384045,0.17693846192240092
523,0.4806031763318555,3,26,3,143910,461700,8699,99257,4.276742376523769,0.17694226117153364
524,0.4806498418890468,36,415,36,144325,461285,8735,99221,4.272898217792434,0.17702040656121434
525,0.4806778934399728,58,742,58,145067,460543,8793,99163,4.2660250472414685,0.1771697998592118
526,0.4807083083355555,24,116,24,145183,460427,8817,99139,4.264950535403313,0.17717123627954523
527,0.48071043223694,2,37,2,145220,460390,8819,99137,4.264607803179073,0.17718001097355446
528,0.4807126385919004,19,326,19,145546,460064,8838,99118,4.26158805439253,0.1772553479904575
529,0.4808202116452456,0,1,0,145547,460063,8838,99118,4.261578791359443,0.17725566498146397
530,0.4808352725972474,73,670,73,146217,459393,8911,99045,4.255372559190781,0.17736078132218797
531,0.480858902463105,15,84,15,146301,459309,8926,99030,4.254594464411427,0.17736536405302156
532,0.4808997242334208,2,8,2,146309,459301,8928,99028,4.254520360146726,0.17736495865341045
533,0.4809231207636917,41,329,41,146638,458972,8969,98987,4.251472822260921,0.17740909278280304
534,0.4810124283273428,25,96,25,146734,458876,8994,98962,4.250583571084516,0.17740275850695006
535,0.4810257411992798,4,64,4,146798,458812,8998,98958,4.249990736966913,0.1774172149810854
536,0.481046243640268,0,4,0,146802,458808,8998,98958,4.249953684834562,0.17741848732264068
537,0.4810924034153057,32,504,32,147306,458304,9030,98926,4.245285116158435,0.17753171939773524
538,0.48116494693485,0,4,0,147310,458300,9030,98926,4.245248064026085,0.1775329937942594
539,0.4811739176328186,1,23,1,147333,458277,9031,98925,4.245035014265071,0.17753884587636082
540,0.4812015420239217,2,26,2,147359,458251,9033,98923,4.244794175404794,0.1775441782997771
541,0.4812511782308385,48,872,48,148231,457379,9081,98875,4.236716810552447,0.17775153077550904
542,0.4812588178350647,0,3,0,148234,457376,9081,98875,4.236689021453184,0.17775248943372687
543,0.4813411107366696,0,1,0,148235,457375,9081,98875,4.236679758420097,0.17775280898876405
544,0.4813459682591897,0,4,0,148239,457371,9081,98875,4.236642706287747,0.17775408722040248
545,0.4813571418497854,0,5,0,148244,457366,9081,98875,4.236596391122309,0.17775568503580283
546,0.4814745891719504,14,128,14,148372,457238,9095,98861,4.235410722887102,0.17777589961499662
547,0.4814928268408018,0,3,0,148375,457235,9095,98861,4.2353829337878395,0.177776858671884
548,0.4815293979089585,3,28,3,148403,457207,9098,98858,4.235123568861388,0.1777813744796022
549,0.4815641187007447,1,49,1,148452,457158,9099,98857,4.234669680240097,0.17779556306934166
550,0.4816636769032844,2,3,2,148455,457155,9101,98855,4.234641891140835,0.1777935648639413
551,0.4816895199859746,13,201,13,148656,456954,9114,98842,4.232780021490237,0.17783863144031264
552,0.4817025044861686,2,11,2,148667,456943,9116,98840,4.232678128126274,0.17783919263453543
553,0.4817199353287436,3,60,3,148727,456883,9119,98837,4.23212234614102,0.17785395522925215
554,0.4817442545515751,5,69,5,148796,456814,9124,98832,4.23148319685798,0.17786864298492205
555,0.4817533775226882,1,9,1,148805,456805,9125,98831,4.231399829560191,0.17787004441756835
556,0.4817965776849768,0,2,0,148807,456803,9125,98831,4.231381303494016,0.1778706846593261
557,0.4818167718562349,22,194,22,149001,456609,9147,98809,4.22958427507503,0.1779002481014299
558,0.4818560600675624,9,57,9,149058,456552,9156,98800,4.22905628218904,0.177905184459586
559,0.4819090625809032,0,8,0,149066,456544,9156,98800,4.2289821779243395,0.17790774727016048
560,0.4819430449957453,1,6,1,149072,456538,9157,98799,4.228926599725814,0.1779081890815847
561,0.4820052803479398,0,1,0,149073,456537,9157,98799,4.228917336692727,0.17790850944293185
562,0.4821160651571969,0,3,0,149076,456534,9157,98799,4.228889547593464,0.17790947053389589
563,0.4821563821967162,3,94,3,149170,456440,9160,98796,4.228018822483234,0.17793514829730062
564,0.4821747894044739,1,6,1,149176,456434,9161,98795,4.227963244284709,0.17793559054011948
565,0.4821929592398669,41,729,41,149905,455705,9202,98754,4.221210493163881,0.17810875105282808
566,0.4822210082075179,12,75,12,149980,455630,9214,98742,4.220515765682315,0.17811505631597555
567,0.4822278974874395,12,184,12,150164,455446,9226,98730,4.218811367594205,0.17815639796743274
568,0.4822769791086762,17,411,17,150575,455035,9243,98713,4.2150042609952205,0.17826339779105296
569,0.4823275082587658,4,27,4,150602,455008,9247,98709,4.214754159101856,0.17826615401008097
570,0.4823327239698886,2,1,2,150603,455007,9249,98707,4.214744896068769,0.17826350787590706
571,0.482364118779925,38,300,38,150903,454707,9287,98669,4.211965986142502,0.1783037211588504
572,0.4823690518859872,2,37,2,150940,454670,9289,98667,4.211623253918263,0.17831267383167942
573,0.482446700535765,1,20,1,150960,454650,9290,98666,4.211437993256512,0.17831763404636772
574,0.4825074442251086,0,1,0,150961,454649,9290,98666,4.211428730223425,0.17831795631782982
575,0.4825572254687419,0,8,0,150969,454641,9290,98666,4.211354625958724,0.17832053453146265
576,0.4826537797046316,2,24,2,150993,454617,9292,98664,4.211132313164622,0.17832529944097122
577,0.4827180628033892,105,967,105,151960,453650,9397,98559,4.202174960168958,0.17848133587101986
578,0.4827284430946954,20,248,20,152208,453402,9417,98539,4.199877727963244,0.1785317633587648
579,0.4827677322133754,10,94,10,152302,453308,9427,98529,4.199007002853014,0.17854728842031253
580,0.4827875580905111,0,8,0,152310,453300,9427,98529,4.198932898588314,0.17854987686402854
581,0.4828278214893711,10,148,10,152458,453152,9437,98519,4.197561969691356,0.17858288726432964
582,0.4828397592552527,0,2,0,152460,453150,9437,98519,4.197543443625181,0.17858353469199828
583,0.4828425019129948,0,1,0,152461,453149,9437,98519,4.197534180592093,0.17858385840759297
584,0.4828543027556711,26,265,26,152726,452884,9463,98493,4.195079476823891,0.17863095486391345
585,0.4828836018654602,0,2,0,152728,452882,9463,98493,4.195060950757716,0.17863160281115392
586,0.4828899305443383,0,19,0,152747,452863,9463,98493,4.194884953129052,0.17863775854438874
587,0.4829068205621055,29,278,29,153025,452585,9492,98464,4.192309829930712,0.17868465417775914
588,0.4829278530474335,18,167,18,153192,452418,9510,98446,4.190762903405091,0.17871198698771384
589,0.4829963901199917,4,55,4,153247,452363,9514,98442,4.190253436585276,0.17872386779350224
590,0.4830144613875102,3,34,3,153281,452329,9517,98439,4.189938493460299,0.17873042733056388
591,0.4830177039394955,3,14,3,153295,452315,9520,98436,4.189808810997073,0.17873049708488953
592,0.4830406357609328,6,41,6,153336,452274,9526,98430,4.189429026640483,0.17873485574827858
593,0.4830909192826896,4,43,4,153379,452231,9530,98426,4.189030716217719,0.17874284718073138
594,0.4830914061893802,1,1,1,153380,452230,9531,98425,4.189021453184631,0.17874168036247742
595,0.4830954589133037,0,18,0,153398,452212,9531,98425,4.188854718589055,0.17874752332298774
596,0.4831681033465289,6,34,6,153432,452178,9537,98419,4.188539775464078,0.17874961178502607
597,0.4831844762007241,2,32,2,153464,452146,9539,98417,4.188243358405276,0.17875701781630804
598,0.4832145250947769,2,12,2,153476,452134,9541,98415,4.188132202008226,0.17875793072006307
599,0.483278893788418,1,6,1,153482,452128,9542,98414,4.1880766238097005,0.17875838718935158
600,0.4832793677573289,0,2,0,153484,452126,9542,98414,4.188058097743525,0.1787590365822647
601,0.4832802471024057,23,203,23,153687,451923,9565,98391,4.186177702026751,0.17879065406295316
602,0.4833773467542648,2,6,2,153693,451917,9567,98389,4.186122123828226,0.17878961886659422
603,0.4834212867684382,0,7,0,153700,451910,9567,98389,4.186057282596614,0.17879189313445962
604,0.4834283677573833,6,18,6,153718,451892,9573,98383,4.185890548001037,0.17878878742446958
605,0.4834375434168656,26,421,26,154139,451471,9599,98357,4.181990811071177,0.17888685188822687
606,0.4835294878941343,109,987,109,155126,450484,9708,98248,4.172848197413761,0.17904550855426693
607,0.4835432980864855,1,13,1,155139,450471,9709,98247,4.172727777983623,0.17904825429455568
608,0.4835478333594295,0,3,0,155142,450468,9709,98247,4.17269998888436,0.17904923320849622
609,0.4836175736654459,1,11,1,155153,450457,9710,98246,4.172598095520398,0.17905132649174507
610,0.4836286338301243,26,271,26,155424,450186,9736,98220,4.17008781355367,0.17910088511066619
611,0.4836291660392923,1,23,1,155447,450163,9737,98219,4.169874763792656,0.17910689993471704
612,0.4836393112063654,2,66,2,155513,450097,9739,98217,4.169263403608878,0.1791254646060469
613,0.4836801956781764,0,4,0,155517,450093,9739,98217,4.169226351476527,0.1791267713519724
614,0.4836910427209669,2,9,2,155526,450084,9741,98215,4.169142984178739,0.17912671735677066
615,0.4837109886391043,0,2,0,155528,450082,9741,98215,4.169124458112564,0.17912737074979437
616,0.4837229299241821,1,18,1,155546,450064,9742,98214,4.168957723516988,0.17913175432900827
617,0.4837521125937891,10,57,10,155603,450007,9752,98204,4.168429730630998,0.17913540589298646
618,0.4837665314691927,6,55,6,155658,449952,9758,98198,4.167920263811182,0.17914439478245006
619,0.4837974578286965,94,941,94,156599,449011,9852,98104,4.159203749675794,0.17931147930508212
620,0.4838154217514749,4,68,4,156667,448943,9856,98100,4.15857386342584,0.17932776765263425
621,0.4838170875964491,1,15,1,156682,448928,9857,98099,4.158434917929527,0.17933118474956447
622,0.4838890897832065,1,30,1,156712,448898,9858,98098,4.1581570269369,0.17933951985023658
623,0.4839432492632818,0,5,0,156717,448893,9858,98098,4.158110711771463,0.17934115917812177
624,0.4839760260581502,21,331,21,157048,448562,9879,98077,4.155044647819482,0.17941822665415383
625,0.4840380708497828,65,745,65,157793,447817,9944,98012,4.148143688169254,0.17956539502298338
626,0.4840656521272699,3,35,3,157828,447782,9947,98009,4.147819482011189,0.17957240042433825
627,0.4840857373461086,1,10,1,157838,447772,9948,98008,4.147726851680314,0.1795741874015171
628,0.4841469895483936,1,6,1,157844,447766,9949,98007,4.147671273481789,0.1795746583286458
629,0.4841500665885682,0,1,0,157845,447765,9949,98007,4.147662010448701,0.17957498735735802
630,0.4841593061224273,1,56,1,157901,447709,9950,98006,4.147143280595798,0.1795919115289116
631,0.4841973640916253,0,1,0,157902,447708,9950,98006,4.147134017562711,0.17959224062420975
632,0.4842088882350577,57,716,57,158618,446992,10007,97949,4.140501685872022,0.17974239413074075
633,0.4842441182930586,0,11,0,158629,446981,10007,97949,4.140399792508059,0.17974602242489862
634,0.484253168963963,0,8,0,158637,446973,10007,97949,4.140325688243358,0.17974866127629274
635,0.4842738847630466,0,1,0,158638,446972,10007,97949,4.140316425210271,0.17974899113816498
636,0.4843042389302487,0,1,0,158639,446971,10007,97949,4.140307162177184,0.17974932100124788
637,0.4843070506549832,0,1,0,158640,446970,10007,97949,4.1402978991440955,0.17974965086554148
638,0.4843530092504871,31,156,31,158796,446814,10038,97918,4.138852865982437,0.17975444805886198
639,0.4844276849697862,12,168,12,158964,446646,10050,97906,4.137296676423728,0.1797918288795193
640,0.4844438963112281,0,2,0,158966,446644,10050,97906,4.137278150357553,0.17979248921127536
641,0.4844816267647467,0,2,0,158968,446642,10050,97906,4.137259624291378,0.17979314954788192
642,0.4845427773310605,2,25,2,158993,446617,10052,97904,4.137028048464189,0.1797983916139139
643,0.4845782411990169,1,14,1,159007,446603,10053,97903,4.136898366000963,0.17980150815601664
644,0.484603411977182,22,365,22,159372,446238,10075,97881,4.133517358924006,0.17988895811394198
645,0.4846072468252154,4,19,4,159391,446219,10079,97877,4.133341361295343,0.17988921072751868
646,0.4846159389686552,17,160,17,159551,446059,10096,97860,4.131859276001334,0.17991649491928027
647,0.4846470167708715,7,59,7,159610,446000,10103,97853,4.131312757049169,0.17992545779833888
648,0.4846524523343382,0,1,0,159611,445999,10103,97853,4.13130349401608,0.1799257886336724
649,0.4846917171982946,28,241,28,159852,445758,10131,97825,4.12907110304198,0.1799633174694573
650,0.4846977840949942,1,25,1,159877,445733,10132,97824,4.128839527214791,0.1799700859339499
651,0.4847281313886739,3,39,3,159916,445694,10135,97821,4.128478268924376,0.17997847345519444
652,0.4847561547847281,1,43,1,159959,445651,10136,97820,4.128079958501612,0.17999120468249455
653,0.4847642501928323,1,14,1,159973,445637,10137,97819,4.127950276038386,0.179994332567862
654,0.4847913959722401,1,22,1,159995,445615,10138,97818,4.12774648931046,0.1800001104091949
655,0.4848013417595576,7,55,7,160050,445560,10145,97811,4.127237022490644,0.18000776633276344
656,0.4848225213152396,2,8,2,160058,445552,10147,97809,4.1271629182259435,0.18000739839627797
657,0.4848311133886955,0,1,0,160059,445551,10147,97809,4.127153655192856,0.1800077296819788
658,0.4848530400577466,8,32,8,160091,445519,10155,97801,4.126857238134055,0.18000625782227786
659,0.4848982912577737,0,2,0,160093,445517,10155,97801,4.1268387120678796,0.18000692044069955
660,0.484917605976379,7,70,7,160163,445447,10162,97794,4.126190299751751,0.18001954933445746
661,0.4849372351556848,8,100,8,160263,445347,10170,97786,4.125263996442995,0.18004061620266124
662,0.4849395162230486,5,25,5,160288,445322,10175,97781,4.125032420615806,0.18004135495476917
663,0.4849602355374786,7,71,7,160359,445251,10182,97774,4.12437474526659,0.1800543253073063
664,0.4849656083468439,0,1,0,160360,445250,10182,97774,4.124365482233503,0.18005465688441027
665,0.4849722948245783,7,72,7,160432,445178,10189,97767,4.123698543851199,0.1800679626849865
666,0.4849855390552279,4,24,4,160456,445154,10193,97763,4.123476231057097,0.18006988176829977
667,0.4849984748934425,1,0,1,160456,445154,10194,97762,4.123476231057097,0.18006837153445468
668,0.4850452662679199,8,66,8,160522,445088,10202,97754,4.122864870873319,0.18007818112821042
669,0.4850653469339649,2,28,2,160550,445060,10204,97752,4.122605505946868,0.18008444912787486
670,0.4850693194793382,0,40,0,160590,445020,10204,97752,4.122234984623365,0.18009772058986093
671,0.4850730672251385,8,123,8,160713,444897,10212,97744,4.121095631553596,0.18012645561245832
672,0.4850811548325255,0,7,0,160720,444890,10212,97744,4.121030790321983,0.18012877925083942
673,0.4850945382963291,0,3,0,160723,444887,10212,97744,4.121003001222721,0.18012977511421205
674,0.4851054804668721,0,4,0,160727,444883,10212,97744,4.12096594909037,0.18013110294917134
675,0.4851137321166022,2,76,2,160803,444807,10214,97742,4.120261958575716,0.18015331334128346
676,0.4851292135072255,325,3793,325,164596,441014,10539,97417,4.085127274074623,0.18092754689087368
677,0.4851420923709016,9,77,9,164673,440937,10548,97408,4.084414020526881,0.1809397319562734
678,0.4851456243266803,0,23,0,164696,440914,10548,97408,4.084200970765868,0.18094746267104075
679,0.4851819502795586,0,1,0,164697,440913,10548,97408,4.08419170773278,0.18094779880405928
680,0.4851826628882126,1,2,1,164699,440911,10549,97407,4.084173181666605,0.1809469495725575
681,0.4851882065709664,20,222,20,164921,440689,10569,97387,4.0821167883211675,0.18099116109991897
682,0.4852235071120554,42,438,42,165359,440251,10611,97345,4.078059579828819,0.18107463597199383
683,0.4852325087939467,266,2842,266,168201,437409,10877,97079,4.05173403979399,0.18162989627456558
684,0.4852601136429176,276,2912,276,171113,434497,11153,96803,4.024760087443032,0.18220026350461133
685,0.4852832832682676,0,3,0,171116,434494,11153,96803,4.024732298343769,0.18220129230919804
686,0.4853309379890498,6,13,6,171129,434481,11159,96797,4.024611878913632,0.18219651481898366
687,0.4853398348515602,6,58,6,171187,434423,11165,96791,4.024074622994553,0.18220717074474693
688,0.4853669205316341,48,562,48,171749,433861,11213,96743,4.018868798399348,0.18232617922216945
689,0.4853928818405608,281,3007,281,174756,430854,11494,96462,3.9910148579050726,0.182930159524839
690,0.4854075956852821,0,7,0,174763,430847,11494,96462,3.9909500166734597,0.1829325879133487
691,0.485455983477844,5,54,5,174817,430793,11499,96457,3.9904498128867316,0.18294357515410148
692,0.4854918839571717,0,5,0,174822,430788,11499,96457,3.9904034977212937,0.18294531005509773
693,0.4855076533642933,5,21,5,174843,430767,11504,96452,3.990208974026455,0.18294484834575386
694,0.4855640189758493,7,30,7,174873,430737,11511,96445,3.9899310830338286,0.18294441008987408
695,0.4855714020665735,0,7,0,174880,430730,11511,96445,3.9898662418022157,0.18294683928486746
696,0.4855826433754758,9,93,9,174973,430637,11520,96436,3.9890047797250734,0.18296516801278
697,0.4855951972615288,119,950,119,175923,429687,11639,96317,3.9802048982918965,0.18311077482300514
698,0.4856519259246334,21,250,21,176173,429437,11660,96296,3.9778891400200083,0.1831652188468291
699,0.4856542149386005,8,101,8,176274,429336,11668,96288,3.9769535736781654,0.18318798228391397
700,0.4856577921250894,13,113,13,176387,429223,11681,96275,3.9759068509392717,0.18320716729654538
701,0.4856658305595858,5,68,5,176455,429155,11686,96270,3.975276964689318,0.1832231051053909
702,0.4856886022098926,4,57,4,176512,429098,11690,96266,3.974748971803327,0.18323676536648875
703,0.4857006958109581,0,3,0,176515,429095,11690,96266,3.9747211827040645,0.18323781171423079
704,0.4857240282452291,2,5,2,176520,429090,11692,96264,3.974674867538627,0.1832364462819356
705,0.4857631936738514,1,6,1,176526,429084,11693,96263,3.9746192893401013,0.18323698431703236
706,0.4857750090796478,1,5,1,176531,429079,11694,96262,3.974572974174664,0.18323717356916747
707,0.4858122902222049,96,901,96,177432,428178,11790,96166,3.9662269813627775,0.18340249912271334
708,0.48583642977627,1,3,1,177435,428175,11791,96165,3.966199192263515,0.18340199107449365
709,0.4859051539761957,232,2341,232,179776,425834,12023,95933,3.9445144318055503,0.18386176205087712
710,0.4859088642877283,10,184,10,179960,425650,12033,95923,3.9428100337174405,0.18391097698692224
711,0.4859460978373426,3,5,3,179965,425645,12036,95920,3.9427637185520026,0.1839080459770115
712,0.4859702629273217,1,4,1,179969,425641,12037,95919,3.9427266664196523,0.18390789170948693
713,0.4859962061047409,3,12,3,179981,425629,12040,95916,3.942615510022602,0.18390742888916584
714,0.4860087476652778,2,5,2,179986,425624,12042,95914,3.942569194857164,0.18390606245374258
715,0.4860261611551146,0,4,0,179990,425620,12042,95914,3.9425321427248137,0.18390747295478338
716,0.4860298531619644,46,834,46,180824,424786,12088,95868,3.9348067731297935,0.184129959627699
717,0.4860640366311749,19,348,19,181172,424438,12107,95849,3.9315832376153246,0.1842233228967858
718,0.4860891023850293,9,98,9,181270,424340,12116,95840,3.9306754603727443,0.1842439155676881
719,0.4861026251956042,0,10,0,181280,424330,12116,95840,3.930582830041869,0.1842474575619509
720,0.4861097327383371,1,27,1,181307,424303,12117,95839,3.930332728148505,0.18425545331851687
721,0.4861213216947065,90,748,90,182055,423555,12207,95749,3.9234039793990143,0.18437947714633432
722,0.4861247376961647,87,898,87,182953,422657,12294,95662,3.9150857756863906,0.18456201682747497
723,0.4861319418125818,0,5,0,182958,422652,12294,95662,3.915039460520953,0.18456379723488078
724,0.486145219907677,17,170,17,183128,422482,12311,95645,3.9134647448960687,0.18459759865824402
725,0.4861562884300813,54,310,54,183438,422172,12365,95591,3.910593204638927,0.18462308044414144
726,0.4861713197152625,3,23,3,183461,422149,12368,95588,3.910380154877913,0.18462655749927087
727,0.4861970699497371,0,3,0,183464,422146,12368,95588,3.9103523657786505,0.18462762731441243
728,0.4862343918449186,21,381,21,183845,421765,12389,95567,3.9068231501722925,0.18473050188273682
729,0.4862351375150511,1,37,1,183882,421728,12390,95566,3.906480417948053,0.18474213889973592
730,0.4862354924891872,4,19,4,183901,421709,12394,95562,3.9063044203193895,0.18474262040593808
731,0.4862474885599622,15,133,15,184034,421576,12409,95547,3.905072436918745,0.18476648688996622
732,0.4862532331583591,1,5,1,184039,421571,12410,95546,3.905026121753307,0.18476669689838082
733,0.486292483342006,0,3,0,184042,421568,12410,95546,3.9049983326540443,0.18476776880919873
734,0.4863543971548225,31,394,31,184436,421174,12441,95515,3.9013486976175478,0.18485975122365678
735,0.4863556965800869,4,42,4,184478,421132,12445,95511,3.9009596502278705,0.1848684681685419
736,0.486361476480284,19,124,19,184602,421008,12464,95492,3.899811034125014,0.18488286544046467
737,0.4863660963954871,0,2,0,184604,421006,12464,95492,3.8997925080588387,0.18488358134978258
738,0.4863698780174731,0,2,0,184606,421004,12464,95492,3.899773981992664,0.18488429726464484
739,0.486400855372803,5,13,5,184619,420991,12469,95487,3.8996535625625253,0.18488105979344716
740,0.4864524133104194,0,3,0,184622,420988,12469,95487,3.8996257734632627,0.18488213369475773
741,0.486529591635253,25,246,25,184868,420742,12494,95462,3.8973470673237243,0.1849307638065571
742,0.4865298014707362,0,1,0,184869,420741,12494,95462,3.897337804290637,0.18493112205856999
743,0.4865464622127126,3,29,3,184898,420712,12497,95459,3.897069176331098,0.18493677482849677
744,0.4865603251367445,20,140,20,185038,420572,12517,95439,3.8957723516988403,0.18495535947877081
745,0.4865984329227689,5,19,5,185057,420553,12522,95434,3.8955963540701766,0.18495427210375456
746,0.4866273293933064,29,383,29,185440,420170,12551,95405,3.8920486123976437,0.18504582262522426
747,0.4866410789190621,0,3,0,185443,420167,12551,95405,3.8920208232983806,0.1850468993661409
748,0.4866452526979982,51,424,51,185867,419743,12602,95354,3.8880932972692577,0.18511853107278822
749,0.4867050389839271,6,18,6,185885,419725,12608,95348,3.887926562673682,0.18511550789888034
750,0.4867335337811235,0,3,0,185888,419722,12608,95348,3.887898773574419,0.18511658609509388
751,0.486748219348227,15,97,15,185985,419625,12623,95333,3.8870002593649264,0.18512771915379506
752,0.4867538008108895,7,100,7,186085,419525,12630,95326,3.8860739560561712,0.18515259754764
753,0.4867707819820118,4,32,4,186117,419493,12634,95322,3.8857775389973694,0.18515777512310247
754,0.4867738231609507,22,95,22,186212,419398,12656,95300,3.8848975508540518,0.18515712126334277
755,0.4867751648942942,34,328,34,186540,419070,12690,95266,3.8818592760013337,0.1852213339140173
756,0.4868275233657477,5,12,5,186552,419058,12695,95261,3.8817481196042833,0.1852177345188492
757,0.4868280415129722,8,110,8,186662,418948,12703,95253,3.880729185964652,0.185244680582107
758,0.4868736355425012,0,41,0,186703,418907,12703,95253,3.8803494016080626,0.18525945231056481
759,0.4868752509229317,2,8,2,186711,418899,12705,95251,3.880275297343362,0.18525916561314792
760,0.4868847823499799,14,58,14,186769,418841,12719,95237,3.879738041424284,0.18525787915452518
761,0.4868941792213715,6,35,6,186804,418806,12725,95231,3.8794138352662197,0.18526098315879985
762,0.4869090126154275,4,9,4,186813,418797,12729,95227,3.8793304679684315,0.18525788679127822
763,0.4869340708406591,0,3,0,186816,418794,12729,95227,3.879302678869169,0.18525896801881636
764,0.4869405788882446,0,23,0,186839,418771,12729,95227,3.8790896291081554,0.18526725784925233
765,0.4869685264500524,0,3,0,186842,418768,12729,95227,3.8790618400088923,0.18526833918617885
766,0.4869840886974612,1,0,1,186842,418768,12730,95226,3.8790618400088923,0.18526675408662358
767,0.4870172625752051,348,3159,348,190001,415609,13078,94878,3.8497999184853087,0.1858578181226946
768,0.4870645102791145,2,2,2,190003,415607,13080,94876,3.8497813924191338,0.18585535659365737
769,0.4870665797420995,0,1,0,190004,415606,13080,94876,3.849772129386046,0.18585572067183564
770,0.4870682075275499,0,1,0,190005,415605,13080,94876,3.849762866352959,0.1858560847514403
771,0.4870743608696276,309,2881,309,192886,412724,13389,94567,3.823076068027715,0.1864156864600397
772,0.4870776529685576,7,47,7,192933,412677,13396,94560,3.8226407054726,0.1864217318531574
773,0.4870780529545572,0,7,0,192940,412670,13396,94560,3.8225758642409873,0.18642430455611853
774,0.487111335607619,10,68,10,193008,412602,13406,94550,3.8219459779910334,0.18643325866801275
775,0.4871179431079853,1,34,1,193042,412568,13407,94549,3.8216310348660567,0.18644415391319952
776,0.487126095106443,2,3,2,193045,412565,13409,94547,3.8216032457667937,0.18644204830491096
777,0.4871710813918296,0,8,0,193053,412557,13409,94547,3.8215291415020936,0.18644498958793462
778,0.4871774789832397,317,3332,317,196385,409225,13726,94230,3.790664715254363,0.1871666782532699
779,0.4871981309872136,1,1,1,196386,409224,13727,94229,3.790655452221275,0.1871654355024203
780,0.487246917315572,44,307,44,196693,408917,13771,94185,3.7878117010633963,0.1872085581055134
781,0.4872711212801356,0,5,0,196698,408912,13771,94185,3.7877653858979583,0.18721041866677798
782,0.4872921783123544,74,786,74,197484,408126,13845,94111,3.7804846418911406,0.18738364556972106
783,0.487293112063501,0,3,0,197487,408123,13845,94111,3.780456852791878,0.18738476487055836
784,0.4873268568412985,6,38,6,197525,408085,13851,94105,3.780104857534551,0.1873892351500428
785,0.4873734928545056,1,17,1,197542,408068,13852,94104,3.7799473859720627,0.18739396063500155
786,0.4874179889698025,26,277,26,197819,407791,13878,94078,3.77738152580681,0.1874552921180627
787,0.4874218560558151,16,222,16,198041,407569,13894,94062,3.775325132461373,0.18751233476399984
788,0.4874383039383597,1,7,1,198048,407562,13895,94061,3.77526029122976,0.18751333172521994
789,0.4874515327604304,1,9,1,198057,407553,13896,94060,3.7751769239319724,0.18751507636365086
790,0.487476769085534,0,11,0,198068,407542,13896,94060,3.775075030568009,0.18751918851998198
791,0.4874792168667088,4,45,4,198113,407497,13900,94056,3.7746581940790693,0.18752953326966443
792,0.4875218485473733,2,28,2,198141,407469,13902,94054,3.774398829152618,0.18753676301984157
793,0.4875387224751003,276,2828,276,200969,404641,14178,93778,3.7482029715810143,0.18815093325093948
794,0.4875565594847533,18,148,18,201117,404493,14196,93760,3.7468320426840567,0.18817749215759866
795,0.487572509262312,13,87,13,201204,404406,14209,93747,3.746026158805439,0.18818917079692385
796,0.4875918754215479,2,11,2,201215,404395,14211,93745,3.745924265441476,0.18819006704942387
797,0.4875967762768949,4,2,4,201217,404393,14215,93741,3.745905739375301,0.18818430382186319
798,0.4876044837287786,1,1,1,201218,404392,14216,93740,3.7458964763422133,0.18818305188183052
799,0.4876048382574899,3,62,3,201280,404330,14219,93737,3.745322168290785,0.18820158733664347
800,0.4876161066920156,0,15,0,201295,404315,14219,93737,3.7451832227944717,0.1882072554673006
801,0.4876165309271242,1,6,1,201301,404309,14220,93736,3.7451276445959465,0.18820789286108686
802,0.4876374466430282,0,4,0,201305,404305,14220,93736,3.745090592463596,0.18820940444662188
803,0.4876390811110072,0,3,0,201308,404302,14220,93736,3.7450628033643336,0.1882105381517073
804,0.4876476187093188,5,47,5,201355,404255,14225,93731,3.7446274408092184,0.18822015076729065
805,0.4876674897525852,11,54,11,201409,404201,14236,93720,3.7441272370224907,0.18822262969426876
806,0.4877054445073475,1,1,1,201410,404200,14237,93719,3.744117973989403,0.18822137737262487
807,0.4877103566103796,0,6,0,201416,404194,14237,93719,3.744062395790878,0.18822364549630155
808,0.4877130229275979,25,208,25,201624,403986,14262,93694,3.7421356849086664,0.18826153351551198
809,0.4877148025668177,3,4,3,201628,403982,14265,93691,3.742098632776316,0.18825815344613833
810,0.4879257239341681,0,2,0,201630,403980,14265,93691,3.7420801067101412,0.18825891000279302
811,0.4879563664712673,255,2214,255,203844,401766,14520,93436,3.721571751454296,0.18868259821244665
812,0.4879996189185728,0,2,0,203846,401764,14520,93436,3.721553225388121,0.18868336025848143
813,0.4880009366174888,1,26,1,203872,401738,14521,93435,3.7213123865278446,0.1886916289862331
814,0.4880131728092443,18,227,18,204099,401511,14539,93417,3.71920967801697,0.18874866647269906
815,0.4880184141360981,0,4,0,204103,401507,14539,93417,3.7191726258846196,0.18875019194866283
816,0.4880316702473289,0,4,0,204107,401503,14539,93417,3.7191355737522693,0.18875171744928473
817,0.488037544629853,24,289,24,204396,401214,14563,93393,3.7164585571899664,0.18882264100588952
818,0.4880429951379807,0,1,0,204397,401213,14563,93393,3.7164492941568787,0.18882302276963886
819,0.4880524828902607,6,39,6,204436,401174,14569,93387,3.716088035866464,0.18882807176465594
820,0.4880604065656772,1,15,1,204451,401159,14570,93386,3.7159490903701506,0.18883215885308718
821,0.4880687061711273,1,30,1,204481,401129,14571,93385,3.715671199377524,0.18884197414026702
822,0.4880730851068266,4,33,4,204514,401096,14575,93381,3.7153655192856347,0.18884801517563002
823,0.4881434762359542,13,102,13,204616,400994,14588,93368,3.714420689910704,0.1888656490587869
824,0.4881723605865429,6,39,6,204655,400955,14594,93362,3.71405943162029,0.18887070442651174
825,0.4881773724514684,0,2,0,204657,400953,14594,93362,3.7140409055541146,0.18887146859795878
826,0.4882089900814169,43,319,43,204976,400634,14637,93319,3.711085997999185,0.18892283273914726
827,0.4882172006088964,0,2,0,204978,400632,14637,93319,3.71106747193301,0.18892359768479058
828,0.4882224975218658,114,1085,114,206063,399547,14751,93205,3.7010170810330134,0.1891519466181771
829,0.4882848614279704,6,56,6,206119,399491,14757,93199,3.7004983511801104,0.18916357141407375
830,0.4882876909973349,1,5,1,206124,399486,14758,93198,3.7004520360146724,0.18916384538568332
831,0.4883022684282631,40,221,40,206345,399265,14798,93158,3.6984049057023234,0.18918287732295203
832,0.4883204024310751,1,6,1,206351,399259,14799,93157,3.6983493275037977,0.18918353587210815
833,0.4883459496163178,2,17,2,206368,399242,14801,93155,3.6981918559413094,0.18918677408676332
834,0.4883660181320047,0,2,0,206370,399240,14801,93155,3.6981733298751345,0.1891875425217559
835,0.4883991877512986,0,16,0,206386,399224,14801,93155,3.6980251213457334,0.18919369022643126
836,0.4884278478189386,42,283,42,206669,398941,14843,93113,3.6954036829819557,0.18923329553260415
837,0.4884369952832744,1,10,1,206679,398931,14844,93112,3.69531105265108,0.18923549364588055
838,0.4884704275369907,1,6,1,206685,398925,14845,93111,3.6952554744525545,0.18923615345218642
839,0.4884747106457146,76,734,76,207419,398191,14921,93035,3.68845640816629,0.18939347672965193
840,0.4884867150212247,3,20,3,207439,398171,14924,93032,3.688271147504539,0.1893962374008302
841,0.4885025973891522,1,6,1,207445,398165,14925,93031,3.6882155693060135,0.1893969006262266
842,0.4885335739620772,36,266,36,207711,397899,14961,92995,3.685751602504724,0.18944008278773014
843,0.4885392147627017,58,256,58,207967,397643,15019,92937,3.6833802660343102,0.1894431081576909
844,0.4885528545313903,0,1,0,207968,397642,15019,92937,3.6833710030012226,0.189443494319977
845,0.48856986405536,3,45,3,208013,397597,15022,92934,3.6829541665122827,0.1894559161398566
846,0.4885898172511017,23,209,23,208222,397388,15045,92911,3.681018192596984,0.18949865286284492
847,0.4885909608628277,1,36,1,208258,397352,15046,92910,3.680684723405832,0.18951091457220834
848,0.4886071722687758,0,6,0,208264,397346,15046,92910,3.6806291452073068,0.18951323390228778
849,0.4886192971951822,7,43,7,208307,397303,15053,92903,3.680230834784542,0.1895182841499288
850,0.4886728549961118,30,209,30,208516,397094,15083,92873,3.678294860869243,0.18954950027246734
851,0.4887203848228916,46,255,46,208771,396839,15129,92827,3.6759327874319165,0.1895720756597354
852,0.4887417292397306,6,84,6,208855,396755,15135,92821,3.675154692652562,0.18959466967335
853,0.4887558589774787,1,2,1,208857,396753,15136,92820,3.675136166586387,0.1895937888731609
854,0.4887613614282938,8,66,8,208923,396687,15144,92812,3.6745248064026086,0.1896061074690653
855,0.4887638385450491,2,35,2,208958,396652,15146,92810,3.674200600244544,0.1896163542828657
856,0.48877700671782,1,34,1,208992,396618,15147,92809,3.673885657119567,0.18962787095930547
857,0.4888060960996644,2,5,2,208997,396613,15149,92807,3.6738393419541295,0.1896264966695272
858,0.4888230948725322,36,291,36,209288,396322,15185,92771,3.6711437993256513,0.18967967237314784
859,0.4888242367537527,2,5,2,209293,396317,15187,92769,3.6710974841602133,0.1896782978862613
860,0.4888320884765312,44,256,44,209549,396061,15231,92725,3.6687261476897994,0.18970469694303846
861,0.4888414906864232,1,24,1,209573,396037,15232,92724,3.668503834895698,0.18971235429995437
862,0.4888587475491879,4,31,4,209604,396006,15236,92720,3.668216680869984,0.18971775596141804
863,0.4888703503128721,0,5,0,209609,396001,15236,92720,3.668170365704546,0.1897196969231934
864,0.488872618240561,1,2,1,209611,395999,15237,92719,3.668151839638371,0.18971881534954718
865,0.4888871509617406,43,276,43,209887,395723,15280,92676,3.6655952425062064,0.18975468827741251
866,0.4889044241888184,4,10,4,209897,395713,15284,92672,3.665502612175331,0.18975193750831823
867,0.4889138902415132,16,59,16,209956,395654,15300,92656,3.664956093223165,0.18974831561917635
868,0.4889653655422415,3,10,3,209966,395644,15303,92653,3.6648634628922894,0.18974722351355836
869,0.4889741202041286,62,430,62,210396,395214,15365,92591,3.6608803586646412,0.18981150254712437
870,0.4889753727847393,1,9,1,210405,395205,15366,92590,3.660796991366853,0.18981334372021033
871,0.4889861541741225,20,168,20,210573,395037,15386,92570,3.659240801808144,0.18984551083146878
872,0.489007123987637,8,68,8,210641,394969,15394,92562,3.6586109155581905,0.18985869616496182
873,0.4890073687117776,0,5,0,210646,394964,15394,92562,3.6585646003927526,0.18986064332979163
874,0.4890091021189751,5,14,5,210660,394950,15399,92557,3.658434917929527,0.18985778665742237
875,0.4890121653036592,6,80,6,210740,394870,15405,92551,3.6576938752825225,0.18987897525958053
876,0.4890132260960428,10,48,10,210788,394822,15415,92541,3.65724924969432,0.18988105375254175
877,0.4890159279992868,832,7111,832,217899,387711,16247,91709,3.5913798214087223,0.19129156063576822
878,0.4890764330030938,931,8484,931,226383,379227,17178,90778,3.5127922486939123,0.1931426261422751
879,0.4890895672599654,0,1,0,226384,379226,17178,90778,3.5127829856608246,0.19314303708053548
880,0.489100796223694,2,3,2,226387,379223,17180,90776,3.512755196561562,0.19314083646986482
881,0.4891353124599277,85,699,85,227086,378524,17265,90691,3.506280336433362,0.1932823971953156
882,0.4891577344082272,40,234,40,227320,378290,17305,90651,3.504112786690874,0.19331003260538107
883,0.4891667881036763,84,816,84,228136,377474,17389,90567,3.49655415169143,0.19350227864652883
884,0.4891671771762922,84,947,84,229083,376527,17473,90483,3.487782059357516,0.1937495985096679
885,0.489183103566309,2,28,2,229111,376499,17475,90481,3.4875226944310644,0.19375776264508116
886,0.4891880074435679,3,13,3,229124,376486,17478,90478,3.4874022750009264,0.19375797706033013
887,0.489203408727026,766,7182,766,236306,369304,18244,89712,3.420875171366112,0.19544416752357216
888,0.4892299601991366,2,10,2,236316,369294,18246,89710,3.4207825410352366,0.19544491986997933
889,0.4893416348524349,0,1,0,236317,369293,18246,89710,3.420773278002149,0.19544534567312197
890,0.4893433001513171,2,8,2,236325,369285,18248,89708,3.420699173737449,0.19544524644166686
891,0.4893447664568815,1,10,1,236335,369275,18249,89707,3.420606543406573,0.19544775176368573
892,0.4893540439064204,10,96,10,236431,369179,18259,89697,3.419717292230168,0.19547110766307238
893,0.4894070732152363,865,7212,865,243643,361967,19124,88832,3.3529122976027272,0.19705456312014888
894,0.489452343964971,39,475,39,244118,361492,19163,88793,3.348512356886139,0.19719288894811063
895,0.4894645168527276,0,2,0,244120,361490,19163,88793,3.348493830819964,0.1971937648101305
896,0.4895055721860526,2,13,2,244133,361477,19165,88791,3.3483734113898254,0.1971958922241865
897,0.4895453177956681,32,294,32,244427,361183,19197,88759,3.3456500796620845,0.1972676478301648
898,0.4895455957200547,5,35,5,244462,361148,19202,88754,3.34532587350402,0.19727407302034666
899,0.4895844032134203,0,7,0,244469,361141,19202,88754,3.3452610322724072,0.19727714244434813
900,0.4896267237692118,5,86,5,244555,361055,19207,88749,3.344464411426878,0.19730593769730817
901,0.4896278979317291,0,1,0,244556,361054,19207,88749,3.34445514839379,0.19730637634697856
902,0.4896394750908765,0,14,0,244570,361040,19207,88749,3.3443254659305643,0.19731251764716345
903,0.4896720186058422,0,5,0,244575,361035,19207,88749,3.3442791507651264,0.19731471106130943
904,0.4896847185539671,3,26,3,244601,361009,19210,88746,3.3440383119048502,0.19732076352680905
905,0.4897056598175768,671,6067,671,250668,354942,19881,88075,3.287839490162659,0.19880726924700406
906,0.4897312124116896,0,2,0,250670,354940,19881,88075,3.287820964096484,0.19880816676636232
907,0.4897379704901105,8,38,8,250708,354902,19889,88067,3.2874689688391565,0.19881075199393186
908,0.4898134891893831,132,1346,132,252054,353556,20021,87935,3.2750009263033086,0.19917733317326966
909,0.4898521732269348,89,569,89,252623,352987,20110,87846,3.2697302604764906,0.19927274047088125
910,0.4898594438772686,0,1,0,252624,352986,20110,87846,3.269720997443403,0.1992731925087108
911,0.4898800670276432,1,11,1,252635,352975,20111,87845,3.26961910407944,0.19927634862302074
912,0.4898895382315051,7,80,7,252715,352895,20118,87838,3.2688780614324355,0.19929980282846985
913,0.4898927371344852,12,183,12,252898,352712,20130,87826,3.267182926377413,0.1993607815897834
914,0.489982494256064,4,103,4,253001,352609,20134,87822,3.266228833969395,0.1994001330514882
915,0.4899963820045987,0,4,0,253005,352605,20134,87822,3.2661917818370445,0.19940194402250544
916,0.4900028475244912,4,19,4,253024,352586,20138,87818,3.2660157842083812,0.1994032751746124
917,0.4900075390025108,58,570,58,253594,352016,20196,87760,3.260735855348475,0.1995561376700866
918,0.4900182343047034,8,60,8,253654,351956,20204,87752,3.2601800733632222,0.19956880475224467
919,0.4900236986540721,25,239,25,253893,351717,20229,87727,3.2579662084552967,0.1996318074657977
920,0.4900762329289696,0,7,0,253900,351710,20229,87727,3.257901367223684,0.19963498749536338
921,0.4901593791608751,24,297,24,254197,351413,20253,87703,3.25515024639668,0.19972626822980716
922,0.490170729867493,157,788,157,254985,350625,20410,87546,3.2478509763236874,0.19979870872330666
923,0.4901845000497852,7,65,7,255050,350560,20417,87539,3.2472488791729965,0.19981556680111118
924,0.4901933094726162,0,2,0,255052,350558,20417,87539,3.247230353106821,0.19981647899894317
925,0.4902103961073072,10,60,10,255112,350498,20427,87529,3.246674571121568,0.19982558152807933
926,0.4902676225829551,1,26,1,255138,350472,20428,87528,3.2464337322612917,0.19983561643835615
927,0.4902723829737818,2,17,2,255155,350455,20430,87526,3.2462762606988034,0.19983971907457174
928,0.4902822117348532,29,210,29,255365,350245,20459,87497,3.244331023750417,0.1998825792361711
929,0.4903161650912383,0,1,0,255366,350244,20459,87497,3.2443217607173294,0.19988303585910389
930,0.4903364255399938,0,23,0,255389,350221,20459,87497,3.2441087109563154,0.19989353876239954
931,0.4903904244022635,0,3,0,255392,350218,20459,87497,3.2440809218570528,0.19989490878768149
932,0.4903980818557328,1,3,1,255395,350215,20460,87496,3.24405313275779,0.19989445090482075
933,0.4904280162040721,74,703,74,256098,349512,20534,87422,3.23754122049724,0.20008056136624752
934,0.4904595742265812,0,4,0,256102,349508,20534,87422,3.2375041683648895,0.20008239306067332
935,0.4905207212643411,21,409,21,256511,349099,20555,87401,3.2337155878320796,0.20023138602520046
936,0.4905237988956294,0,5,0,256516,349094,20555,87401,3.233669272666642,0.2002336796526879
937,0.4905348357280566,0,2,0,256518,349092,20555,87401,3.2336507466004667,0.20023459711839595
938,0.4905460832411507,10,61,10,256579,349031,20565,87391,3.233085701582126,0.2002442589970258
939,0.4905590427668319,154,817,154,257396,348214,20719,87237,3.2255178035495944,0.20033712174274487
940,0.4905929869856306,168,1017,168,258413,347197,20887,87069,3.2160972988995518,0.20049693045276398
941,0.490602269171691,1,11,1,258424,347186,20888,87068,3.2159954055355886,0.20050016810438132
942,0.4906142559937004,29,222,29,258646,346964,20917,87039,3.2139390121901514,0.20054930495872147
943,0.4906149238887341,2,19,2,258665,346945,20919,87037,3.213763014561488,0.20055440087376897
944,0.4906473591773445,16,95,16,258760,346850,20935,87021,3.2128830264181705,0.20056883267146225
945,0.4906522643113281,11,59,11,258819,346791,20946,87010,3.212336507466005,0.20057584007413537
946,0.4906754654464476,29,211,29,259030,346580,20975,86981,3.210382007484531,0.20061998196332234
947,0.4907320317527547,0,3,0,259033,346577,20975,86981,3.2103542183852682,0.20062137015116777
948,0.4907413048973682,10,148,10,259181,346429,20985,86971,3.20898328948831,0.20067143516382094
949,0.4907868907975922,0,1,0,259182,346428,20985,86971,3.2089740264552225,0.20067189818158326
950,0.4908107604752468,17,107,17,259289,346321,21002,86954,3.2079828819148544,0.20069009289712075
951,0.4908114848705852,24,148,24,259437,346173,21026,86930,3.2066119530178963,0.2007143797202975
952,0.4908345543818673,1,26,1,259463,346147,21027,86929,3.2063711141576197,0.20072458413765712
953,0.4908511846532685,1,4,1,259467,346143,21028,86928,3.2063340620252694,0.20072459250330776
954,0.4908577397887283,0,4,0,259471,346139,21028,86928,3.2062970098929195,0.2007264464851859
955,0.4908748030414587,26,177,26,259648,345962,21054,86902,3.2046574530364222,0.20076051600502698
956,0.4909199388111407,0,11,0,259659,345951,21054,86902,3.204555559672459,0.20076561788875208
957,0.4909232294468569,2,28,2,259687,345923,21056,86900,3.2042961947460076,0.2007749126086183
958,0.4909412584716104,1,1,1,259688,345922,21057,86899,3.20428693171292,0.20077352993500777
959,0.4909510435752219,0,4,0,259692,345918,21057,86899,3.20424987958057,0.20077538544003587
960,0.4909718097635517,0,1,0,259693,345917,21057,86899,3.2042406165474824,0.20077584932165168
961,0.4909820138989218,1,3,1,259696,345914,21058,86898,3.20421282744822,0.20077539439756753
962,0.490987673827025,4,35,4,259731,345879,21062,86894,3.2038886212901554,0.2007842448581589
963,0.4909982122050454,1,7,1,259738,345872,21063,86893,3.2038237800585425,0.20078564578928518
964,0.4910188027006838,2,17,2,259755,345855,21065,86891,3.203666308496054,0.20078983976743864
965,0.4910624368740937,2,13,2,259768,345842,21067,86889,3.2035458890659156,0.2007921780505672
966,0.4911857366788094,98,576,98,260344,345266,21165,86791,3.1982103820074843,0.2008785877789273
967,0.4912800410815587,5,96,5,260440,345170,21170,86786,3.1973211308310794,0.20091398197964608
968,0.491280696804852,0,3,0,260443,345167,21170,86786,3.197293341731817,0.20091537736744508
969,0.4913173153732068,7,46,7,260489,345121,21177,86779,3.1968672422097892,0.20092382495948136
970,0.4913554775556266,0,1,0,260490,345120,21177,86779,3.1968579791767016,0.20092429016969246
971,0.4913566039569281,21,157,21,260647,344963,21198,86758,3.1954036829819557,0.20095848939477115
972,0.4913731923603316,7,32,7,260679,344931,21205,86751,3.195107265923154,0.20096042920483134
973,0.4913894529199146,0,3,0,260682,344928,21205,86751,3.1950794768238913,0.2009618258011161
974,0.4913964620688668,3,5,3,260687,344923,21208,86748,3.1950331616584533,0.2009586004155943
975,0.4914057677896083,32,345,32,261032,344578,21240,86716,3.1918374152432474,0.20106006575560986
976,0.4914271590904883,1,14,1,261046,344564,21241,86715,3.1917077327800216,0.20106473999429603
977,0.4914375649516283,7,54,7,261100,344510,21248,86708,3.1912075289932935,0.20107694947799026
978,0.4914392180149453,0,10,0,261110,344500,21248,86708,3.191114898662418,0.20108161258603738
979,0.4914529265805713,5,33,5,261143,344467,21253,86703,3.1908092185705286,0.20108773801516802
980,0.4915014797299288,0,10,0,261153,344457,21253,86703,3.190716588239653,0.20109240189256888
981,0.4915043606593176,4,48,4,261201,344409,21257,86699,3.1902719626514506,0.20110737912541637
982,0.4915102877361186,0,6,0,261207,344403,21257,86699,3.1902163844529254,0.20111017810170215
983,0.4915400654989071,0,18,0,261225,344385,21257,86699,3.1900496498573494,0.2011185754980468
984,0.4915751855036368,5,5,5,261230,344380,21262,86694,3.1900033346919114,0.20111164208465368
985,0.4915940738990437,121,848,121,262078,343532,21383,86573,3.1821482826336656,0.2012834075400193
986,0.4916140039026684,4,24,4,262102,343508,21387,86569,3.1819259698395643,0.20128721135982627
987,0.4916218671562168,1,6,1,262108,343502,21388,86568,3.181870391641039,0.2012881623921687
988,0.4916528346180396,6,47,6,262155,343455,21394,86562,3.181435029085924,0.20129901841090003
989,0.4916594627570248,101,886,101,263041,342569,21495,86461,3.173227981770351,0.20152669976458523
990,0.4917110899496508,1,17,1,263058,342552,21496,86460,3.1730705102078627,0.20153282425666416
991,0.4917684715556096,16,128,16,263186,342424,21512,86444,3.1718848419726555,0.20156318494268632
992,0.4917919169863392,2,2,2,263188,342422,21514,86442,3.1718663159064806,0.201560401432622
993,0.4918230351495645,2,0,2,263188,342422,21516,86440,3.1718663159064806,0.20155667790571327
994,0.4918254768014859,1,7,1,263195,342415,21517,86439,3.1718014746748677,0.2015581060220961
995,0.4918326819604952,0,11,0,263206,342404,21517,86439,3.1716995813109046,0.20156327607072985
996,0.4918433932595201,5,12,5,263218,342392,21522,86434,3.1715884249138537,0.2015596069268188
997,0.4918602987486359,102,704,102,263922,341688,21624,86332,3.1650672496202157,0.20170085510022895
998,0.4919261522243179,0,8,0,263930,341680,21624,86332,3.164993145355515,0.20170462510396905
999,0.491928127501899,3,3,3,263933,341677,21627,86329,3.1649653562562525,0.2017004434517273
1000,0.4919445039737989,13,248,13,264181,341429,21640,86316,3.162668124050539,0.20179312440823388
1001,0.4919618300040456,1,6,1,264187,341423,21641,86315,3.1626125458520136,0.20179408890489037
1002,0.4919802303019045,127,828,127,265015,340595,21768,86188,3.154942754455519,0.2019480625985571
1003,0.4920252643407419,2,3,2,265018,340592,21770,86186,3.154914965356256,0.20194574228287307
1004,0.4920265222213124,1,4,1,265022,340588,21771,86185,3.154877913223906,0.20194576507885925
1005,0.4920314269848068,0,3,0,265025,340585,21771,86185,3.154850124124643,0.20194718466621364
1006,0.492068266191867,5,30,5,265055,340555,21776,86180,3.1545722331320167,0.20195203112001595
1007,0.4920816359377259,43,451,43,265506,340104,21819,86137,3.15039460520953,0.20208520531811816
1008,0.4920859706864194,13,149,13,265655,339955,21832,86124,3.149014413279484,0.20213152959897107
1009,0.4920933853365165,95,698,95,266353,339257,21927,86029,3.1425488161843713,0.2022850505307017
1010,0.4921051927977974,0,5,0,266358,339252,21927,86029,3.142502501018934,0.20228742878238154
1011,0.4921117420900734,0,2,0,266360,339250,21927,86029,3.1424839749527584,0.20228838009871167
1012,0.4921165472084361,13,69,13,266429,339181,21940,86016,3.1418448256697173,0.20229681771037894
1013,0.492121417527714,0,1,0,266430,339180,21940,86016,3.1418355626366297,0.20229729348347586
1014,0.492130936833438,2,8,2,266438,339172,21942,86014,3.141761458371929,0.20229734751379397
1015,0.4921531829729607,120,794,120,267232,338378,22062,85894,3.1344066101004113,0.20245031489233323
1016,0.4921909967981011,0,3,0,267235,338375,22062,85894,3.1343788210011487,0.20245174641559954
1017,0.4922603088199783,1,2,1,267237,338373,22063,85893,3.1343602949349734,0.20245082094723593
1018,0.4922731906536181,2,7,2,267244,338366,22065,85891,3.1342954537033605,0.20245040152549046
1019,0.4923540681789513,0,1,0,267245,338365,22065,85891,3.1342861906702733,0.20245087871473827
1020,0.4923711356839532,11,74,11,267319,338291,22076,85880,3.133600726221794,0.20246551508707572
1021,0.4924628602663832,4,16,4,267335,338275,22080,85876,3.133452517692393,0.20246563134355453
1022,0.4924643460323491,6,48,6,267383,338227,22086,85870,3.1330078921041906,0.2024772634562376
1023,0.4924748778840694,0,2,0,267385,338225,22086,85870,3.1329893660380157,0.20247821832372465
1024,0.492558619126429,1,1,1,267386,338224,22087,85869,3.132980103004928,0.20247681522684882
1025,0.4926073916565368,3,29,3,267415,338195,22090,85866,3.132711475045389,0.20248501984384323
1026,0.4926125030371538,5,34,5,267449,338161,22095,85861,3.132396531920412,0.20249185183787632
1027,0.492614385434973,0,1,0,267450,338160,22095,85861,3.1323872688873244,0.20249232938934628
1028,0.4926240513171336,15,47,15,267497,338113,22110,85846,3.131951906332209,0.20248656120049344
1029,0.4926244533277041,131,668,131,268165,337445,22241,85715,3.1257642002297232,0.2025593156252954
1030,0.4926504004586557,0,1,0,268166,337444,22241,85715,3.1257549371966356,0.20255979430899496
1031,0.4926706549193789,107,726,107,268892,336718,22348,85608,3.119029975175071,0.20270596648087022
1032,0.4926723824448205,13,168,13,269060,336550,22361,85595,3.117473785616362,0.20276208411801633
1033,0.4926813669727021,25,153,25,269213,336397,22386,85570,3.1160565415539665,0.20278836970663583
1034,0.4927208917950129,0,1,0,269214,336396,22386,85570,3.116047278520879,0.20278885028651597
1035,0.4927401118027705,3,17,3,269231,336379,22389,85567,3.1158898069583905,0.20279135244794358
1036,0.4927699814533615,0,3,0,269234,336376,22389,85567,3.115862017859128,0.20279279428738006
1037,0.4927899125572347,0,2,0,269236,336374,22389,85567,3.1158434917929525,0.20279375552506157
1038,0.4927987148767919,2,3,2,269239,336371,22391,85565,3.11581570269369,0.20279141860376929
1039,0.4928024473745162,11,61,11,269300,336310,22402,85554,3.1152506576753494,0.2027999544877022
1040,0.4928083532563783,5,82,5,269382,336228,22407,85549,3.1144910889621698,0.20282993145667022
1041,0.4928084709512335,2,14,2,269396,336214,22409,85547,3.114361406498944,0.20283288402673552
1042,0.4928118838816829,4,20,4,269416,336194,22413,85543,3.114176145837193,0.20283494215589337
1043,0.4928222507391901,7,70,7,269486,336124,22420,85536,3.1135277335210643,0.20285538111274487
1044,0.4928241052555459,0,1,0,269487,336123,22420,85536,3.1135184704879766,0.20285586220144713
1045,0.4928270342356788,2,10,2,269497,336113,22422,85534,3.113425840157101,0.2028568921396334
1046,0.492857178044267,7,55,7,269552,336058,22429,85527,3.1129163733372858,0.202870121090646
1047,0.4928928107000087,0,2,0,269554,336056,22429,85527,3.1128978472711104,0.2028710835114319
1048,0.4928960424244855,17,123,17,269677,335933,22446,85510,3.111758494201341,0.20289813806374765
1049,0.4929018506887666,0,1,0,269678,335932,22446,85510,3.1117492311682535,0.2028986195016159
1050,0.4929192068287086,1,5,1,269683,335927,22447,85509,3.111702916002816,0.2028991353372754
1051,0.4929221654568455,414,3086,414,272769,332841,22861,85095,3.0831171958946237,0.2036077294131159
1052,0.4929574543953917,15,63,15,272832,332778,22876,85080,3.082533624810108,0.20360983874904873
1053,0.4929810524229137,1,4,1,272836,332774,22877,85079,3.0824965726777576,0.20360988194412868
1054,0.4929860762499994,0,1,0,272837,332773,22877,85079,3.08248730964467,0.20361036922163828
1055,0.4929954800513449,2,8,2,272845,332765,22879,85077,3.0824132053799698,0.20361045562676802
1056,0.4929956947913049,0,1,0,272846,332764,22879,85077,3.082403942346882,0.20361094291847856
1057,0.4930168674459557,451,3527,451,276373,329237,23330,84626,3.0497332246470785,0.2044782935415826
1058,0.4930334858803737,525,3506,525,279879,325731,23855,84101,3.0172570306421136,0.20520847566807862
1059,0.4931108256981185,9,69,9,279948,325662,23864,84092,3.016617881359072,0.20522557436901165
1060,0.4931461400330462,3,20,3,279968,325642,23867,84089,3.016432620697321,0.20522977270453052
1061,0.4931488823945337,1,1,1,279969,325641,23868,84088,3.0164233576642334,0.20522833384993497
1062,0.4931697607108101,2,7,2,279976,325634,23870,84086,3.0163585164326205,0.20522796055843015
1063,0.4931915567907797,0,1,0,279977,325633,23870,84086,3.0163492533995333,0.2052284614577308
1064,0.4932110204232847,83,705,83,280682,324928,23953,84003,3.0098188150728076,0.20542096343881974
1065,0.4932163869601028,2,7,2,280689,324921,23955,84001,3.0097539738411947,0.2054205936584483
1066,0.4932362738985,1,4,1,280693,324917,23956,84000,3.0097169217088444,0.2054206599383249
1067,0.4932776873992824,10,90,10,280783,324827,23966,83990,3.0088832487309647,0.20544644669864512
1068,0.4932783697067149,390,2806,390,283589,322021,24356,83600,2.9828911778872875,0.20610372737111737
1069,0.493296011759898,3,44,3,283633,321977,24359,83597,2.982483604431435,0.20612021480666906
1070,0.4933076587156583,1,20,1,283653,321957,24360,83596,2.982298343769684,0.20612842217909866
1071,0.4933297335683638,0,1,0,283654,321956,24360,83596,2.9822890807365963,0.2061289304454176
1072,0.4933369130778951,88,539,88,284193,321417,24448,83508,2.9772963059024047,0.20623078347842194
1073,0.4933432421504055,0,3,0,284196,321414,24448,83508,2.977268516803142,0.20623231140812304
1074,0.4933468069798363,56,465,56,284661,320949,24504,83452,2.972961206417429,0.20635952927910664
1075,0.4933469489238005,16,75,16,284736,320874,24520,83436,2.972266478935863,0.20636640201825332
1076,0.4933763407447665,0,6,0,284742,320868,24520,83436,2.9722109007373376,0.2063694645613202
1077,0.4933782073493699,0,1,0,284743,320867,24520,83436,2.97220163770425,0.20636997499400203
1078,0.4933871967436268,6,46,6,284789,320821,24526,83430,2.9717755381822224,0.20638167870951463
1079,0.4934073778453017,12,149,12,284938,320672,24538,83418,2.9703953462521766,0.20643421020069785
1080,0.4934400776970437,8,38,8,284976,320634,24546,83410,2.9700433509948496,0.20643791270257694
1081,0.4934831695034216,111,743,111,285719,319891,24657,83299,2.963160917410797,0.20659986606810685
1082,0.4935228460013848,0,1,0,285720,319890,24657,83299,2.963151654377709,0.2066003784825479
1083,0.4935235819837515,12,56,12,285776,319834,24669,83287,2.962632924524806,0.2066054608913949
1084,0.4935341589185276,3,9,3,285785,319825,24672,83284,2.9625495572270184,0.20660416909570364
1085,0.4935343857510694,0,2,0,285787,319823,24672,83284,2.9625310311608435,0.20660519415440565
1086,0.4935523132639553,0,1,0,285788,319822,24672,83284,2.962521768127756,0.206605706687571
1087,0.493566576676229,0,3,0,285791,319819,24672,83284,2.962493979028493,0.20660724430232472
1088,0.4935860618397171,2,6,2,285797,319813,24674,83282,2.9624384008299676,0.2066063831106811
1089,0.4936257538928665,0,1,0,285798,319812,24674,83282,2.9624291377968803,0.206606895662054
1090,0.4936482294278635,2,11,2,285809,319801,24676,83280,2.962327244432917,0.206608597279455
1091,0.493659830358904,3,6,3,285815,319795,24679,83277,2.962271666234392,0.20660576770403302
1092,0.4936606130738329,1,10,1,285825,319785,24680,83276,2.962179035903516,0.2066089251999077
1093,0.4937126587736803,11,72,11,285897,319713,24691,83265,2.9615120975212124,0.2066241829578786
1094,0.4937299342922447,1,5,1,285902,319708,24692,83264,2.9614657823557744,0.2066247779002015
1095,0.493753598745825,0,1,0,285903,319707,24692,83264,2.961456519322687,0.20662529065366986
1096,0.4937735419951731,1,1,1,285904,319706,24693,83263,2.9614472562895995,0.20662383458777225
1097,0.4937743577156167,3,8,3,285912,319698,24696,83260,2.961373152024899,0.2066220300875029
1098,0.4937840012463702,8,99,8,286011,319599,24704,83252,2.960456111749231,0.20665705186284755
1099,0.4938755510563591,297,2168,297,288179,317431,25001,82955,2.940373856015414,0.2071875640007393
1100,0.4939062576065147,2,0,2,288179,317431,25003,82953,2.940373856015414,0.2071836037404092
1101,0.4939165904829166,1,6,1,288185,317425,25004,82952,2.940318277816888,0.20718472839348914
1102,0.4939251396755624,98,765,98,288950,316660,25102,82854,2.9332320575049096,0.20738697517483742
1103,0.4939383809753412,0,1,0,288951,316659,25102,82854,2.933222794471822,0.20738749427427894
1104,0.4939494846841755,2,20,2,288971,316639,25104,82852,2.933037533810071,0.20739390874888294
1105,0.4939623323398543,204,1633,204,290604,315006,25308,82648,2.9179110007780946,0.20783897559184616
1106,0.4939709167566205,0,12,0,290616,314994,25308,82648,2.9177998443810442,0.2078452477354002
1107,0.4939724821749068,4,13,4,290629,314981,25312,82644,2.9176794249509057,0.20784407419050613
1108,0.4940072840717988,82,626,82,291255,314355,25394,82562,2.911880766238097,0.20800822338171457
1109,0.4940095405419413,13,125,13,291380,314230,25407,82549,2.910722887102153,0.20804780494935468
1110,0.4940421624144654,53,273,53,291653,313957,25460,82496,2.9081940790692506,0.20808519547083765
1111,0.4941049541776939,7,44,7,291697,313913,25467,82489,2.907786505613398,0.20809430830318718
1112,0.4941161133558898,0,4,0,291701,313909,25467,82489,2.9077494534810477,0.20809640815543973
1113,0.4941389842930335,0,4,0,291705,313905,25467,82489,2.9077124013486975,0.2080985080500714
1114,0.4941674968984667,4,20,4,291725,313885,25471,82485,2.9075271406869465,0.20810101672679568
1115,0.4941982049324286,3,6,3,291731,313879,25474,82482,2.9074715624884213,0.20809817313005063
1116,0.4941993492580235,2,3,2,291734,313876,25476,82480,2.9074437733891587,0.20809575230348473
1117,0.4942021622300308,3,1,3,291735,313875,25479,82477,2.907434510356071,0.20809028338446633
1118,0.4942028542399526,15,111,15,291846,313764,25494,82462,2.9064063136833527,0.2081185989813894
1119,0.4942522079343114,0,3,0,291849,313761,25494,82462,2.9063785245840896,0.2081201747500776
1120,0.4942569907040924,0,2,0,291851,313759,25494,82462,2.9063599985179147,0.20812122527579305
1121,0.4942610152167641,4,35,4,291886,313724,25498,82458,2.9060357923598503,0.20813161627736748
1122,0.4942853534643309,0,4,0,291890,313720,25498,82458,2.9059987402275,0.2081337176723594
1123,0.4943224792189372,82,680,82,292570,313040,25580,82376,2.8996998777279632,0.2083274323750177
1124,0.4943250946628992,3,27,3,292597,313013,25583,82373,2.8994497758345994,0.20833565174285382
1125,0.4943309764230916,44,271,44,292868,312742,25627,82329,2.896939493867872,0.2083903905880209
1126,0.4943318162641354,4,40,4,292908,312702,25631,82325,2.8965689725443697,0.2084034762180813
1127,0.4943510228652069,2,6,2,292914,312696,25633,82323,2.8965133943458445,0.20840263379736165
1128,0.4943545931389194,0,2,0,292916,312694,25633,82323,2.8964948682796696,0.2084036889551589
1129,0.494387655929442,27,199,27,293115,312495,25660,82296,2.894651524695246,0.20845460002887603
1130,0.4943895747769772,0,1,0,293116,312494,25660,82296,2.8946422616621588,0.2084551280427569
1131,0.4944120489848694,1,0,1,293116,312494,25661,82295,2.8946422616621588,0.20845312306067293
1132,0.4944280767179892,27,226,27,293342,312268,25688,82268,2.8925488161843713,0.2085183608086461
1133,0.4944379235739238,15,87,15,293429,312181,25703,82253,2.891742932305754,0.20853425414644783
1134,0.4944543794863922,0,3,0,293432,312178,25703,82253,2.8917151432064916,0.20853584023568128
1135,0.4944626328374924,1,0,1,293432,312178,25704,82252,2.8917151432064916,0.20853383363334432
1136,0.494469100440149,1,8,1,293440,312170,25705,82251,2.891641038941791,0.20853605665012764
1137,0.494481388515198,8,79,8,293519,312091,25713,82243,2.8909092593278745,0.20856177757941238
1138,0.4944867102006228,1,15,1,293534,312076,25714,82242,2.890770313831561,0.20856770423871088
1139,0.4944881430527578,7,30,7,293564,312046,25721,82235,2.8904924228389346,0.20856952275154014
1140,0.4945096077163849,4,24,4,293588,312022,25725,82231,2.890270110044833,0.20857418967008495
1141,0.4945141856710416,55,388,55,293976,311634,25780,82176,2.886676053206862,0.2086691551763541
1142,0.4945286213440393,1,3,1,293979,311631,25781,82175,2.8866482641075994,0.2086687353671605
1143,0.4945336998589164,74,330,74,294309,311301,25855,82101,2.8835914631887065,0.20869492275077403
1144,0.494538726863542,2,41,2,294350,311260,25857,82099,2.883211678832117,0.20871265180153498
1145,0.4945469705673139,10,61,10,294411,311199,25867,82089,2.882646633813776,0.20872490388722767
1146,0.4945634614847602,0,1,0,294412,311198,25867,82089,2.8826373707806883,0.2087254346062799
1147,0.4945722675236272,24,174,24,294586,311024,25891,82065,2.881025603023454,0.20876951530060622
1148,0.4945769061971303,59,334,59,294920,310690,25950,82006,2.877931749972211,0.20882820298653412
1149,0.4946004818786608,85,396,85,295316,310294,26035,81921,2.8742635888695394,0.20886758538046735
1150,0.4946096337233909,11,45,11,295361,310249,26046,81910,2.8738467523805995,0.20886936166197895
1151,0.494626657714824,0,1,0,295362,310248,26046,81910,2.873837489347512,0.2088698942773066
1152,0.4946360361745798,19,113,19,295475,310135,26065,81891,2.8727907666086185,0.20889175717937075
1153,0.4946591288611274,1,12,1,295487,310123,26066,81890,2.8726796102115677,0.20889613354659156
1154,0.4946912679274503,39,244,39,295731,309879,26105,81851,2.8704194301382047,0.20894748934214893
1155,0.494704856255969,3,54,3,295785,309825,26108,81848,2.8699192263514766,0.20897023792806754
1156,0.4947058743999317,17,117,17,295902,309708,26125,81831,2.8688354514802326,0.20899833733038087
1157,0.4947141469530837,15,89,15,295991,309619,26140,81816,2.8680110415354405,0.20901554536513087
1158,0.4947185016555803,1,9,1,296000,309610,26141,81815,2.8679276742376523,0.20901833045921953
1159,0.49472616624843,37,174,37,296174,309436,26178,81778,2.866315906480418,0.20903648642430997
1160,0.4947415288219369,64,241,64,296415,309195,26242,81714,2.8640835155063176,0.20903586256647966
1161,0.4947438835204677,20,189,20,296604,309006,26262,81694,2.8623328022527694,0.20909649347325313
1162,0.4947531366112033,1,1,1,296605,309005,26263,81693,2.862323539219682,0.20909500432559164
1163,0.4947613803820997,1,6,1,296611,308999,26264,81692,2.8622679610211565,0.20909619110755046
1164,0.4947710951723258,6,39,6,296650,308960,26270,81686,2.8619067027307423,0.20910491851958038
1165,0.4947733707300168,6,39,6,296689,308921,26276,81680,2.8615454444403277,0.2091136479425296
1166,0.4947848536351246,0,1,0,296690,308920,26276,81680,2.86153618140724,0.20911418330773168
1167,0.4947997514009548,3,12,3,296702,308908,26279,81677,2.861425025010189,0.2091145333282128
1168,0.4948000478748714,6,45,6,296747,308863,26285,81671,2.8610081885212493,0.20912647810433918
1169,0.4948210967717483,0,4,0,296751,308859,26285,81671,2.860971136388899,0.20912862008040356
1170,0.4948240072184462,1,19,1,296770,308840,26286,81670,2.8607951387602357,0.20913676986504828
1171,0.4948334597253259,15,143,15,296913,308697,26301,81655,2.8594705250287156,0.20918299381071442
1172,0.4948601822739087,3,24,3,296937,308673,26304,81652,2.859248212234614,0.20918977774931147
1173,0.4948638308470898,4,30,4,296967,308643,26308,81648,2.8589703212419875,0.20919775244625163
1174,0.494867899581828,0,1,0,296968,308642,26308,81648,2.8589610582089,0.20919828845217658
1175,0.4948727085964471,834,5881,834,302849,302761,27142,80814,2.804485160620994,0.21068630645897152
1176,0.4948914021187242,0,1,0,302850,302760,27142,80814,2.8044758975879063,0.2106868557305761
1177,0.4948932311173837,1,5,1,302855,302755,27143,80813,2.8044295824224683,0.21068754432069411
1178,0.4948944105178743,8,39,8,302894,302716,27151,80805,2.8040683241320536,0.2106925044521682
1179,0.4949253082739538,1,7,1,302901,302709,27152,80804,2.8040034829004408,0.21069429197967213
1180,0.4949402194699376,9,48,9,302949,302661,27161,80795,2.8035588573122383,0.21070214053242092
1181,0.4949420477263905,1,1,1,302950,302660,27162,80794,2.8035495942791506,0.2107006316272617
1182,0.4949507999152182,1,6,1,302956,302654,27163,80793,2.8034940160806254,0.2107018701411147
1183,0.4949530373643466,1,1,1,302957,302653,27164,80792,2.8034847530475377,0.21070036119912894
1184,0.4950000359566507,8,51,8,303008,302602,27172,80784,2.8030123383600727,0.2107119195797447
1185,0.4950154699555086,109,881,109,303889,301721,27281,80675,2.7948516062099373,0.21097239510873544
1186,0.4950315946691477,12,41,12,303930,301680,27293,80663,2.7944718218533477,0.21097025445738513
1187,0.495036319254601,0,9,0,303939,301671,27293,80663,2.7943884545555595,0.21097522061862142
1188,0.4950466618291106,1,30,1,303969,301641,27294,80662,2.794110563562933,0.21098971234858216
1189,0.4950521045187283,816,5925,816,309894,295716,28110,79846,2.7392270925191746,0.21260404407261652
1190,0.4950593261114032,25,237,25,310131,295479,28135,79821,2.737031753677424,0.21268585131894485
1191,0.4950769238102685,1000,7270,1000,317401,288209,29135,78821,2.6696895031309054,0.21475356237909707
1192,0.495077397220759,19,148,19,317549,288061,29154,78802,2.6683185742339472,0.21479953006980806
1193,0.4950832956434664,71,346,71,317895,287715,29225,78731,2.665113564785653,0.21485020985356643
1194,0.4950868375136896,174,1281,174,319176,286434,29399,78557,2.6532476194004966,0.21522996457446897
1195,0.495093808026297,0,2,0,319178,286432,29399,78557,2.653229093334321,0.2152311439522835
1196,0.4950955841065337,0,2,0,319180,286430,29399,78557,2.6532105672681463,0.21523232334302317
1197,0.4951119581115527,0,1,0,319181,286429,29399,78557,2.6532013042350586,0.21523291304324002
1198,0.4951355453380158,38,263,38,319444,286166,29437,78519,2.650765126533032,0.21530636028353237
1199,0.4951474636361264,842,5691,842,325135,280475,30279,77677,2.598049205231761,0.21688277602805514
1200,0.4951747723587704,0,80,0,325215,280395,30279,77677,2.5973081625847567,0.21693123170758954
1201,0.4951919206282635,5,19,5,325234,280376,30284,77672,2.597132164956093,0.21693180802573955
1202,0.4951946961846868,42,309,42,325543,280067,30326,77630,2.594269887732039,0.21702726050260415
1203,0.4952226254107679,31,170,31,325713,279897,30357,77599,2.5926951721071547,0.21706256853223532
1204,0.4952295018082043,0,6,0,325719,279891,30357,77599,2.5926395939086295,0.2170662116422837
1205,0.4952451885282295,0,1,0,325720,279890,30357,77599,2.592630330875542,0.21706681883918105
1206,0.4952611847835916,0,1,0,325721,279889,30357,77599,2.592621067842454,0.21706742603947546
1207,0.4952924273318032,0,1,0,325722,279888,30357,77599,2.592611804809367,0.2170680332431669
1208,0.4953012266885557,6,37,6,325759,279851,30363,77593,2.592269072585127,0.21707736036973624
1209,0.4953119104942147,10,74,10,325833,279777,30373,77583,2.591583608136648,0.21710040295500335
1210,0.4953243643100363,2,6,2,325839,279771,30375,77581,2.591528029938123,0.21709966643533546
1211,0.4953624286518446,3,17,3,325856,279754,30378,77578,2.5913705583756346,0.21710342202769414
1212,0.4953721385925084,70,443,70,326299,279311,30448,77508,2.587267034717848,0.21721937452882273
1213,0.4954157863779199,29,288,29,326587,279023,30477,77479,2.5845992811886322,0.21733117906771912
1214,0.4954253081506302,20,164,20,326751,278859,30497,77459,2.5830801437622735,0.2173872776564754
1215,0.4954430802092921,20,115,20,326866,278744,30517,77439,2.582014894957205,0.21741352057790517
1216,0.4954492323155907,11,178,11,327044,278566,30528,77428,2.5803660750676203,0.21749804771990539
1217,0.4954551108737723,4,21,4,327065,278545,30532,77424,2.5801715513727816,0.2175020858557908
1218,0.4954639802821662,1,11,1,327076,278534,30533,77423,2.5800696580088185,0.2175066089443388
1219,0.4954685914065296,9,41,9,327117,278493,30542,77414,2.579689873652229,0.21751187810298758
1220,0.4954779091055119,2,10,2,327127,278483,30544,77412,2.579597243321353,0.21751359249216765
1221,0.4955158407843646,1,5,1,327132,278478,30545,77411,2.5795509281559155,0.21751444973011247
1222,0.4955171960014149,3,12,3,327144,278466,30548,77408,2.5794397717588646,0.21751518795978353
1223,0.4955251504988249,0,2,0,327146,278464,30548,77408,2.5794212456926897,0.21751641039474867
1224,0.4955343044705754,3,24,3,327170,278440,30551,77405,2.5791989328985885,0.2175244839747643
1225,0.4955416191381211,3,33,3,327203,278407,30554,77402,2.578893252806699,0.21753806115078594
1226,0.4955432710493433,319,2161,319,329364,276246,30873,77083,2.5588758383044943,0.21816210953530563
1227,0.4955693143653855,0,1,0,329365,276245,30873,77083,2.558866575271407,0.21816272698455827
1228,0.4955916432284076,2,6,2,329371,276239,30875,77081,2.5588109970728814,0.21816200611343825
1229,0.4956018810669797,20,168,20,329539,276071,30895,77061,2.5572548075141723,0.21822151490094355
1230,0.4956046832753419,299,2050,299,331589,274021,31194,76762,2.5382655896846864,0.2188304450329691
1231,0.4956207754404166,8,48,8,331637,273973,31202,76754,2.537820964096484,0.21884257556447037
1232,0.4956255307417543,625,4592,625,336229,269381,31827,76129,2.495285116158435,0.2203380509970768
1233,0.4956367603247145,5,51,5,336280,269330,31832,76124,2.49481270147097,0.2203592953041505
1234,0.4956704428455394,202,1385,202,337665,267945,32034,75922,2.4819834006447072,0.22078885150363367
1235,0.4956828629984151,5,7,5,337672,267938,32039,75917,2.4819185594130944,0.22078201567521194
1236,0.4957007363428432,40,234,40,337906,267704,32079,75877,2.4797510096706064,0.22084166470206443
1237,0.4957277250165214,0,12,0,337918,267692,32079,75877,2.479639853273556,0.2208493781452925
1238,0.4957319200227714,1,10,1,337928,267682,32080,75876,2.4795472229426805,0.2208535385582638
1239,0.4957655881688758,305,2017,305,339945,265665,32385,75571,2.4608636852050836,0.22146256549719257
1240,0.4957772759107161,0,4,0,339949,265661,32385,75571,2.4608266330727333,0.22146516153232992
1241,0.4957998525027769,1,6,1,339955,265655,32386,75570,2.460771054874208,0.22146677412264634
1242,0.4958092974515886,24,175,24,340130,265480,32410,75546,2.459150024083886,0.2215256314767789
1243,0.4958563756411361,84,621,84,340751,264859,32494,75462,2.453397680536515,0.22173771233629427
1244,0.495857024473202,7,44,7,340795,264815,32501,75455,2.4529901070806623,0.2217503747024422
1245,0.4958724601786476,47,329,47,341124,264486,32548,75408,2.449942569194857,0.2218574026019877
1246,0.4958743147445602,6,38,6,341162,264448,32554,75402,2.44959057393753,0.2218684713844343
1247,0.4958764376824276,249,1877,249,343039,262571,32803,75153,2.4322038608321908,0.2225278629887127
1248,0.4958875641758924,6,57,6,343096,262514,32809,75147,2.4316758679462005,0.22255161241600302
1249,0.4958995249778227,34,170,34,343266,262344,32843,75113,2.430101152321316,0.22258539606527647
1250,0.4959112975447021,163,770,163,344036,261574,33006,74950,2.4229686168438995,0.2227181419452996
1251,0.4959143835793568,0,2,0,344038,261572,33006,74950,2.422950090777724,0.22271946559214553
1252,0.4959265171703368,0,4,0,344042,261568,33006,74950,2.422913038645374,0.22272211293303776
1253,0.495946755198799,1,6,1,344048,261562,33007,74949,2.4228574604468487,0.2227237742599796
1254,0.4959585263727623,13,54,13,344102,261508,33020,74936,2.4223572566601206,0.22272948841411944
1255,0.4960080825513964,3,7,3,344109,261501,33023,74933,2.4222924154285077,0.2227271916631494
1256,0.4960268708132148,99,793,99,344902,260708,33122,74834,2.4149468301900776,0.2230242413766384
1257,0.4960413825404309,6,38,6,344940,260670,33128,74828,2.41459483493275,0.22303560676963796
1258,0.4960553178693833,0,3,0,344943,260667,33128,74828,2.4145670458334876,0.2230376011565001
1259,0.4960576685225967,14,80,14,345023,260587,33142,74814,2.4138260031864833,0.2230583689374808
1260,0.4960703701289442,3,7,3,345030,260580,33145,74811,2.4137611619548704,0.22305607484995124
1261,0.4961094964732698,87,702,87,345732,259878,33232,74724,2.4072585127274073,0.22332203632972905
1262,0.4961173908939839,27,94,27,345826,259784,33259,74697,2.4063877876171773,0.22332210200280433
1263,0.4961302812068718,11,45,11,345871,259739,33270,74686,2.4059709511282374,0.2233266053674217
1264,0.4961759203002386,0,4,0,345875,259735,33270,74686,2.405933898995887,0.2233292765705503
1265,0.4961890387166325,6,10,6,345885,259725,33276,74680,2.4058412686650117,0.22332201970664314
1266,0.4961923099901273,4,58,4,345943,259667,33280,74676,2.4053040127459338,0.2233514684022097
1267,0.4962031314140095,35,145,35,346088,259522,33315,74641,2.4039608729482382,0.22336703943883673
1268,0.496206815693609,1,3,1,346091,259519,33316,74640,2.4039330838489756,0.22336672063299207
1269,0.4962481883903848,0,1,0,346092,259518,33316,74640,2.403923820815888,0.22336738907941753
1270,0.4962490974734901,1,2,1,346094,259516,33317,74639,2.403905294749713,0.2233664018195149
1271,0.4962542843398849,5,15,5,346109,259501,33322,74634,2.4037663492533996,0.2233648076376315
1272,0.4962562695105976,8,41,8,346150,259460,33330,74626,2.40338656489681,0.2233736223607095
1273,0.4962661787399794,17,69,17,346219,259391,33347,74609,2.4027474156137685,0.2233802395209581
1274,0.4962909169019566,14,259,14,346478,259132,33361,74595,2.400348290044092,0.2235210216734037
1275,0.4963160251899772,2,1,2,346479,259131,33363,74593,2.4003390270110043,0.22351703803142717
1276,0.4963168063213562,0,4,0,346483,259127,33363,74593,2.4003019748786545,0.22351971712813137
1277,0.4963174317408484,27,139,27,346622,258988,33390,74566,2.399014413279484,0.22355000989345053
1278,0.4963479884113531,104,664,104,347286,258324,33494,74462,2.3928637593093485,0.22375340308787028
1279,0.4964162020680208,163,768,163,348054,257556,33657,74299,2.385749749898107,0.2238899519368399
1280,0.4964418987414337,0,5,0,348059,257551,33657,74299,2.385703434732669,0.2238933252975742
1281,0.4964530624465393,0,2,0,348061,257549,33657,74299,2.385684908666494,0.223894674670331
1282,0.4964652394504753,3,22,3,348083,257527,33660,74296,2.3854811219385677,0.22390250223763875
1283,0.4964746542955255,28,250,28,348333,257277,33688,74268,2.383165363666679,0.22400579106908564
1284,0.4964805709401402,0,1,0,348334,257276,33688,74268,2.3831561006335913,0.2240064667133171
1285,0.4965468149244686,6,33,6,348367,257243,33694,74262,2.3828504205417023,0.22401472074327688
1286,0.496567359153507,30,167,30,348534,257076,33724,74232,2.3813034940160804,0.22405737259589265
1287,0.4965911479882557,2,20,2,348554,257056,33726,74230,2.3811182333543295,0.22406621469062984
1288,0.4965938450397457,211,978,211,349532,256078,33937,74019,2.3720589869947015,0.22423408876784703
1289,0.4966026155016156,7,23,7,349555,256055,33944,74012,2.371845937233688,0.22423326173170902
1290,0.4966106784751889,10,156,10,349711,255899,33954,74002,2.3704009040720293,0.22431577958235957
1291,0.4966284526118555,6,57,6,349768,255842,33960,73996,2.3698729111860386,0.2243404337887084
1292,0.4966402806287496,37,131,37,349899,255711,33997,73959,2.3686594538515693,0.22434252434252433
1293,0.4966518846081419,0,1,0,349900,255710,33997,73959,2.3686501908184816,0.22434320485092624
1294,0.4966523104368342,5,36,5,349936,255674,34002,73954,2.3683167216273295,0.224355940636111
1295,0.496661281152724,10,38,10,349974,255636,34012,73944,2.3679647263700025,0.22435827416712179
1296,0.4966632871302509,6,26,6,350000,255610,34018,73938,2.3677238875097264,0.22436185320499594
1297,0.4966901952582937,27,133,27,350133,255477,34045,73911,2.3664919041090813,0.22438886662537796
1298,0.4967035140072598,1,6,1,350139,255471,34046,73910,2.366436325910556,0.22439059933633088
1299,0.4967195199326972,26,134,26,350273,255337,34072,73884,2.3651950794768237,0.22442067790329293
1300,0.4967309479685916,23,121,23,350394,255216,34095,73861,2.36407425247323,0.22444898914235878
1301,0.4967370482285552,1,3,1,350397,255213,34096,73860,2.3640464633739673,0.2244486785606841
1302,0.4967659151480413,1,10,1,350407,255203,34097,73859,2.363953833043092,0.2244531425688776
1303,0.4967777596715924,0,5,0,350412,255198,34097,73859,2.363907517877654,0.22445655311997617
1304,0.4967949074890619,51,230,51,350642,254968,34148,73808,2.3617770202675166,0.22449327201498892
1305,0.4968190281883611,937,6246,937,356888,248722,35085,72871,2.303920115602653,0.22659386242859764
1306,0.4968391042067181,0,2,0,356890,248720,35085,72871,2.3039015895364776,0.22659527163384546
1307,0.4968553933457699,2,21,2,356911,248699,35087,72869,2.303707065841639,0.22660525922977412
1308,0.4968668877742584,0,2,0,356913,248697,35087,72869,2.303688539775464,0.22660666861546308
1309,0.4968676217120492,905,5536,905,362449,243161,35992,71964,2.252408388602764,0.2283665212217374
1310,0.4968688997533966,1,3,1,362452,243158,35993,71963,2.2523805995035016,0.2283662466163791
1311,0.4968733467592516,11,84,11,362536,243074,36004,71952,2.251602504724147,0.2284001955394158
1312,0.4968901381114151,0,2,0,362538,243072,36004,71952,2.2515839786579717,0.22840164558890752
1313,0.4969325117364579,6,28,6,362566,243044,36010,71946,2.25132461373152,0.22840725102384202
1314,0.4969342450818342,1,7,1,362573,243037,36011,71945,2.2512597724999073,0.2284098773898191
1315,0.4969663230574115,945,6288,945,368861,236749,36956,71000,2.1930138204453664,0.23070749214457237
1316,0.4969806480206948,2,5,2,368866,236744,36958,70998,2.192967505279929,0.23070624094208786
1317,0.4970131681398502,1,6,1,368872,236738,36959,70997,2.1929119270814037,0.23070823923180658
1318,0.4970133904797161,247,1834,247,370706,234904,37206,70750,2.1759235243988293,0.23147087883685474
1319,0.497060208320882,37,139,37,370845,234765,37243,70713,2.174635962799659,0.23148311826056214
1320,0.4970951784862708,4,19,4,370864,234746,37247,70709,2.1744599651709957,0.23148745314367092
1321,0.4971059971319713,122,602,122,371466,234144,37369,70587,2.168883619252288,0.23163708319796805
1322,0.4971185970301321,4,9,4,371475,234135,37373,70583,2.1688002519545,0.23163383849985889
1323,0.497122269937282,4,28,4,371503,234107,37377,70579,2.1685408870280485,0.23164503784223758
1324,0.4971298702683942,28,116,28,371619,233991,37405,70551,2.167466375189892,0.23166262781488267
1325,0.497134941650915,1,10,1,371629,233981,37406,70550,2.1673737448590167,0.23166771198991234
1326,0.4971393023005229,71,636,71,372265,233345,37477,70479,2.161482455815332,0.23197311601453474
1327,0.4971663039965429,7,30,7,372295,233315,37484,70472,2.1612045648227056,0.23197832691984846
1328,0.4971800613446231,0,1,0,372296,233314,37484,70472,2.161195301789618,0.23197909054400137
1329,0.4971934474603676,2,21,2,372317,233293,37486,70470,2.1610007780947793,0.23199007120682902
1330,0.4971974912257946,1,10,1,372327,233283,37487,70469,2.160908147763904,0.23199518027864838
1331,0.4972000230099804,5,55,5,372382,233228,37492,70464,2.1603986809440885,0.23202455119002147
1332,0.4972139363171129,23,183,23,372565,233045,37515,70441,2.158703545889066,0.23210625860830483
1333,0.4972406762460205,1,9,1,372574,233036,37516,70440,2.1586201785912777,0.23211061171229355
1334,0.4972419919798266,11,61,11,372635,232975,37527,70429,2.158055133572937,0.23212943797708666
1335,0.4972947554300163,776,5607,776,378242,227368,38303,69653,2.106117307051021,0.23450530433875047
1336,0.4973089134949346,0,1,0,378243,227367,38303,69653,2.106108044017933,0.23450609386573296
1337,0.497309097655302,40,136,40,378379,227231,38343,69613,2.104848271518026,0.23451038255784182
1338,0.4973165102101634,0,4,0,378383,227227,38343,69613,2.1048112193856756,0.23451354264923865
1339,0.497325916398282,12,91,12,378474,227136,38355,69601,2.103968283374708,0.2345545044938784
1340,0.4973744090411912,1,15,1,378489,227121,38356,69600,2.1038293378783948,0.23456378213877682
1341,0.4973882430967922,0,2,0,378491,227119,38356,69600,2.10381081181222,0.23456536318874086
1342,0.497388323979684,8,152,8,378643,226967,38364,69592,2.1024028307829115,0.23466494019739748
1343,0.4973921880961723,0,2,0,378645,226965,38364,69592,2.1023843047167365,0.23466652279325728
1344,0.4974003138634145,3,1,3,378646,226964,38367,69589,2.102375041683649,0.2346595718134701
1345,0.497403520203354,20,146,20,378792,226818,38387,69569,2.101022638852866,0.23472352026235968
1346,0.4974075581219789,3,9,3,378801,226809,38390,69566,2.100939271555078,0.23472290172922816
1347,0.4974288290711796,0,3,0,378804,226806,38390,69566,2.1009114824558153,0.2347252776915498
1348,0.4974520726244935,10,35,10,378839,226771,38400,69556,2.100587276297751,0.23472717639634594
1349,0.4974626073462402,0,15,0,378854,226756,38400,69556,2.1004483308014374,0.23473905882988202
1350,0.4974970435538793,0,5,0,378859,226751,38400,69556,2.100402015636,0.23474301990840582
1351,0.4975550133646101,2,2,2,378861,226749,38402,69554,2.1003834895698246,0.23473943902019218
1352,0.4976179015644931,30,189,30,379050,226560,38432,69524,2.098632776316277,0.23481174261358262
1353,0.4976250664032345,0,5,0,379055,226555,38432,69524,2.0985864611508394,0.23481570796983237
1354,0.4976437967946054,0,2,0,379057,226553,38432,69524,2.098567935084664,0.23481729414983266
1355,0.4976609445192664,13,63,13,379120,226490,38445,69511,2.097984364000148,0.23483366610247938
1356,0.4976736900994295,0,9,0,379129,226481,38445,69511,2.0979009967023603,0.234840806508284
1357,0.4976780384847136,682,4368,682,383497,222113,39127,68829,2.0574400681759237,0.23657292518783812
1358,0.4977188785968267,2,3,2,383500,222110,39129,68827,2.0574122790766607,0.23657011655444307
1359,0.4977529324263339,0,20,0,383520,222090,39129,68827,2.0572270184149097,0.2365863803077854
1360,0.4977635103735937,0,1,0,383521,222089,39129,68827,2.057217755381822,0.23658719355415309
1361,0.4978020482497295,1,1,1,383522,222088,39130,68826,2.057208492348735,0.23658538262166826
1362,0.4978100653960716,1,4,1,383526,222084,39131,68825,2.0571714402163845,0.23658601143312857
1363,0.497811499055436,1,1,1,383527,222083,39132,68824,2.057162177183297,0.23658420044894074
1364,0.4978412549177056,0,1,0,383528,222082,39132,68824,2.057152914150209,0.23658501371577073
1365,0.4978446410543024,0,1,0,383529,222081,39132,68824,2.057143651117122,0.23658582698819203
1366,0.4978447088293468,3,7,3,383536,222074,39135,68821,2.057078809885509,0.23658364702040255
1367,0.4978646582555385,25,143,25,383679,221931,39160,68796,2.0557541961539885,0.23663436832492338
1368,0.4979224010989739,1,5,1,383684,221926,39161,68795,2.055707880988551,0.23663581234241765
1369,0.4979255987289964,0,8,0,383692,221918,39161,68795,2.0556337767238504,0.2366423242166673
1370,0.4979270665931001,7,118,7,383810,221800,39168,68788,2.054540738819519,0.2367200297328176
1371,0.4979659086760327,10,97,10,383907,221703,39178,68778,2.053642224610026,0.23677280097493467
1372,0.4979876640658617,10,32,10,383939,221671,39188,68768,2.0533458075512248,0.2367726097390502
1373,0.4979970944261094,1,5,1,383944,221666,39189,68767,2.053299492385787,0.23677405804436824
1374,0.4980017542698605,0,2,0,383946,221664,39189,68767,2.053280966319612,0.23677568854564424
1375,0.4980025457241749,138,779,138,384725,220885,39327,68629,2.046065063544407,0.23704898554128642
1376,0.4980063105450999,33,166,33,384891,220719,39360,68596,2.044527400051873,0.23709797279781553
1377,0.4980337317865502,21,79,21,384970,220640,39381,68575,2.0437956204379564,0.23710734228860883
1378,0.498058605715998,126,544,126,385514,220096,39507,68449,2.038756530438327,0.23722123065726317
1379,0.4980878657204016,1,8,1,385522,220088,39508,68448,2.0386824261736263,0.23722516427759446
1380,0.4980937495488008,0,3,0,385525,220085,39508,68448,2.0386546370743637,0.2372276308082611
1381,0.498110778848411,3,14,3,385539,220071,39511,68445,2.038524954611138,0.23723121074741088
1382,0.4981410762423348,0,1,0,385540,220070,39511,68445,2.0385156915780502,0.2372320329965513
1383,0.4981466497922727,0,1,0,385541,220069,39511,68445,2.0385064285449626,0.23723285525139162
1384,0.4981553454779489,4,19,4,385560,220050,39515,68441,2.0383304309162993,0.23723790343546247
1385,0.4981559721982048,5,34,5,385594,220016,39520,68436,2.0380154877913226,0.2372526451541331
1386,0.498180590536583,1,2,1,385596,220014,39521,68435,2.037996961725147,0.23725164587154055
1387,0.4981825343723889,0,3,0,385599,220011,39521,68435,2.0379691726258846,0.23725411342157632
1388,0.4982039112972136,1,6,1,385605,220005,39522,68434,2.0379135944273594,0.23725640430038933
1389,0.498215919343197,1,0,1,385605,220005,39523,68433,2.0379135944273594,0.2372537599068084
1390,0.4982916112935164,11,74,11,385679,219931,39534,68422,2.0372281299788804,0.23728554930935347
1391,0.4982966785599697,5,32,5,385711,219899,39539,68417,2.0369317129200786,0.23729865841645972
1392,0.4983333158601324,145,619,145,386330,219280,39684,68272,2.0311978954388823,0.2374248831515691
1393,0.4983412643604419,16,124,16,386454,219156,39700,68256,2.030049279336026,0.23748486493257068
1394,0.4983625518473499,133,620,133,387074,218536,39833,68123,2.0243061988217423,0.23764472770783404
1395,0.4983777225242812,146,667,146,387741,217869,39979,67977,2.0181277557523436,0.23780986965009132
1396,0.4983833130625149,0,1,0,387742,217868,39979,67977,2.018118492719256,0.23781070160401616
1397,0.4983833671979291,5,20,5,387762,217848,39984,67972,2.017933232057505,0.2378140088167378
1398,0.4983992007330639,1,10,1,387772,217838,39985,67971,2.0178406017266295,0.23781966278178784
1399,0.4984362083537439,10,25,10,387797,217813,39995,67961,2.0176090258994406,0.23781379691644447
1400,0.4984832749088118,124,629,124,388426,217184,40119,67837,2.011782578087369,0.23800702404384239
1401,0.498520271476157,171,833,171,389259,216351,40290,67666,2.0040664715254364,0.2382463021579694
1402,0.4985278353406466,1,11,1,389270,216340,40291,67665,2.003964578161473,0.23825284766113272
1403,0.4985296444532075,132,710,132,389980,215630,40423,67533,1.9973878246693098,0.2384951423738271
1404,0.4985450037731647,122,624,122,390604,215006,40545,67411,1.991607692022676,0.2386931381609464
1405,0.4985551391986774,41,154,41,390758,214852,40586,67370,1.9901811849271926,0.23871278638802076
1406,0.4985634749623801,22,179,22,390937,214673,40608,67348,1.9885231020045204,0.23880491169097337
1407,0.4985888242009702,147,526,147,391463,214147,40755,67201,1.983650746600467,0.23885366165744915
1408,0.498626608241459,8,26,8,391489,214121,40763,67193,1.9834099077401905,0.2388540918688725
1409,0.4986294652795101,25,115,25,391604,214006,40788,67168,1.9823446589351217,0.2388841073498972
1410,0.498637387263184,22,151,22,391755,213855,40810,67146,1.980945940938901,0.2389528862886609
1411,0.498649522523633,1,9,1,391764,213846,40811,67145,1.980862573641113,0.23895783138961746
1412,0.4986509388071889,7,28,7,391792,213818,40818,67138,1.9806032087146614,0.23896268454847022
1413,0.4986821164997871,1,8,1,391800,213810,40819,67137,1.980529104449961,0.2389667802112142
1414,0.4986829152639043,30,141,30,391941,213669,40849,67107,1.9792230167846159,0.23900547055303872
1415,0.4986947083823952,1,2,1,391943,213667,40850,67106,1.979204490718441,0.23900446267981607
1416,0.4986966490526489,0,1,0,391944,213666,40850,67106,1.9791952276853533,0.23900531392019148
1417,0.4987192442906983,0,9,0,391953,213657,40850,67106,1.9791118603875653,0.23901297535643942
1418,0.4987286307304376,4,15,4,391968,213642,40854,67102,1.978972914891252,0.23901490325705982
1419,0.4987287366449936,30,147,30,392115,213495,40884,67072,1.9776112490273816,0.23905876314748348
1420,0.4987413868320237,2,12,2,392127,213483,40886,67070,1.9775000926303308,0.23906356374731333
1421,0.4987768065788763,0,1,0,392128,213482,40886,67070,1.9774908295972433,0.23906441586586444
1422,0.4988066801017153,17,102,17,392230,213380,40903,67053,1.9765460002223127,0.23910524082401144
1423,0.4988084206362703,0,1,0,392231,213379,40903,67053,1.9765367371892253,0.23910609345581105
1424,0.4988131784514156,0,1,0,392232,213378,40903,67053,1.9765274741561376,0.23910694609369149
1425,0.4988205324191251,1,5,1,392237,213373,40904,67052,1.9764811589906999,0.23910849603280734
1426,0.498837886865158,2,19,2,392256,213354,40906,67050,1.9763051613620364,0.23911927076646552
1427,0.4988800127369511,142,498,142,392754,212856,41048,66908,1.9716921708844344,0.23915871949214337
1428,0.498977196348205,10,81,10,392835,212775,41058,66898,1.9709418652043424,0.23920078091199365
1429,0.4989817969651968,4,23,4,392858,212752,41062,66894,1.9707288154433287,0.23920957210187166
1430,0.4990636916013237,0,3,0,392861,212749,41062,66894,1.970701026344066,0.2392121383335181
1431,0.4990665620152281,2,18,2,392879,212731,41064,66892,1.97053429174849,0.23922209546425008
1432,0.4991117759985708,0,1,0,392880,212730,41064,66892,1.9705250287154026,0.23922295098382818
1433,0.4991375713096055,2,24,2,392904,212706,41066,66890,1.9703027159213014,0.2392380434627105
1434,0.4991564218558437,1,2,1,392906,212704,41067,66889,1.9702841898551262,0.23923703383131908
1435,0.4992044198704551,0,3,0,392909,212701,41067,66889,1.9702564007558634,0.23923960084409313
1436,0.4992353983319099,0,1,0,392910,212700,41067,66889,1.970247137722776,0.23924045652725964
1437,0.4992410575526403,2,27,2,392937,212673,41069,66887,1.9699970358294119,0.23925811990270424
1438,0.4992653111096411,20,184,20,393121,212489,41089,66867,1.968292637741302,0.23936124514955828
1439,0.4992673216902021,13,73,13,393194,212416,41102,66854,1.9676164363259105,0.23938840548573065
1440,0.4992674155121762,85,485,85,393679,211931,41187,66769,1.9631238652784468,0.239573017581629
1441,0.4992973391076016,0,2,0,393681,211929,41187,66769,1.9631053392122717,0.23957473681188957
1442,0.4993273126699929,3,6,3,393687,211923,41190,66766,1.9630497610137463,0.23957170896590824
1443,0.4993273735329335,18,47,18,393734,211876,41208,66748,1.9626143984586313,0.23956299529114505
1444,0.4993406506271031,2,17,2,393751,211859,41210,66746,1.962456926896143,0.2395721541250157
1445,0.4993592044273376,1,18,1,393769,211841,41211,66745,1.962290192300567,0.23958490376400823
1446,0.4993611875650761,0,1,0,393770,211840,41211,66745,1.9622809292674794,0.239585763770483
1447,0.4993892058712889,0,8,0,393778,211832,41211,66745,1.9622068250027789,0.23959264404455502
1448,0.4993941483595888,4,19,4,393797,211813,41215,66741,1.9620308273741154,0.23959806716112494
1449,0.4994012339818875,0,5,0,393802,211808,41215,66741,1.9619845122086776,0.23960236798552498
1450,0.4994685522395874,0,1,0,393803,211807,41215,66741,1.96197524917559,0.23960322816893317
1451,0.4994848675412277,132,767,132,394570,211040,41347,66609,1.954870502797436,0.2399036193179158
1452,0.4994867993120278,2,8,2,394578,211032,41349,66607,1.9547963985327355,0.23990505656626052
1453,0.4995806070415259,1,2,1,394580,211030,41350,66606,1.9547778724665605,0.23990404702560186
1454,0.4995994301402912,1,18,1,394598,211012,41351,66605,1.9546111378709845,0.2399168638808142
1455,0.4996024391120146,3,13,3,394611,210999,41354,66602,1.9544907184408462,0.23991988501482345
1456,0.4996504139770351,2,6,2,394617,210993,41356,66600,1.954435140242321,0.2399195945142709
1457,0.4996723474957847,0,1,0,394618,210992,41356,66600,1.9544258772092333,0.23992045880284735
1458,0.499695089575029,1,10,1,394628,210982,41357,66599,1.9543332468783579,0.23992636383614152
1459,0.4997045743712564,21,188,21,394816,210794,41378,66578,1.9525917966578976,0.24003143792452014
1460,0.4997488189090456,131,645,131,395461,210149,41509,66447,1.9466171403164252,0.2402312397865479
1461,0.4997509901475361,3,31,3,395492,210118,41512,66444,1.946329986290711,0.2402499258755722
1462,0.4997832059660387,159,861,159,396353,209257,41671,66285,1.938354514802327,0.24056223733586893
1463,0.4997964287102964,0,1,0,396354,209256,41671,66285,1.9383452517692392,0.24056311039010528
1464,0.4998181035351605,121,547,121,396901,208709,41792,66164,1.933278372670347,0.24070752674871668
1465,0.4998217856172112,0,1,0,396902,208708,41792,66164,1.9332691096372596,0.2407084024564161
1466,0.499857543802472,0,8,0,396910,208700,41792,66164,1.9331950053725593,0.2407154083474009
1467,0.499870390219447,0,7,0,396917,208693,41792,66164,1.9331301641409464,0.24072153883655864
1468,0.4998999368443372,0,1,0,396918,208692,41792,66164,1.9331209011078587,0.24072241464621474
1469,0.4999157006848678,0,4,0,396922,208688,41792,66164,1.9330838489755084,0.24072591794856868
1470,0.4999161687877785,0,2,0,396924,208686,41792,66164,1.9330653229093335,0.24072766963798437
1471,0.4999328845437795,41,143,41,397067,208543,41833,66123,1.9317407091778132,0.24073966198947086
1472,0.4999854631657035,0,5,0,397072,208538,41833,66123,1.9316943940123754,0.24074404447664577
1473,0.4999937739975989,0,2,0,397074,208536,41833,66123,1.9316758679462003,0.2407457975161928
1474,0.499994911936037,13,44,13,397118,208492,41846,66110,1.9312682944903479,0.24074842863489704
1475,0.500025437290492,6,55,6,397173,208437,41852,66104,1.9307588276705325,0.24078006563682655
1476,0.5000452402338347,1,1,1,397174,208436,41853,66103,1.9307495646374448,0.24077817723529263
1477,0.500054141897382,0,2,0,397176,208434,41853,66103,1.9307310385712697,0.24077993130252023
1478,0.5000588150614125,12,54,12,397230,208380,41865,66091,1.9302308347845418,0.24079410939589246
1479,0.5000731815284757,0,6,0,397236,208374,41865,66091,1.9301752565860166,0.24079937332628934
1480,0.5000875312347528,5,51,5,397287,208323,41870,66086,1.9297028418985513,0.240830293467051
1481,0.5001193488987824,0,5,0,397292,208318,41870,66086,1.9296565267331134,0.24083468171017916
1482,0.5001237905108672,4,28,4,397320,208290,41874,66082,1.9293971618066619,0.24084819150642195
1483,0.5001813198750772,1,5,1,397325,208285,41875,66081,1.9293508466412241,0.2408498137524329
1484,0.500199854305433,2,6,2,397331,208279,41877,66079,1.929295268442699,0.24084954694231625
1485,0.5002041520189543,1,2,1,397333,208277,41878,66078,1.9292767423765238,0.24084853565635764
1486,0.5002432653310209,121,683,121,398016,207594,41999,65957,1.9229500907777242,0.24111408841495735
1487,0.5002451377530767,0,5,0,398021,207589,41999,65957,1.9229037756122864,0.24111849560951357
1488,0.5002578128558944,0,1,0,398022,207588,41999,65957,1.922894512579199,0.24111937706775852
1489,0.5002697224043693,0,1,0,398023,207587,41999,65957,1.9228852495461113,0.24112025853244817
1490,0.5003075248655614,3,13,3,398036,207574,42002,65954,1.9227648301159732,0.2411233950454798
1491,0.5003197277252251,1,0,1,398036,207574,42003,65953,1.9227648301159732,0.24112062063342923
1492,0.500325163511772,0,1,0,398037,207573,42003,65953,1.9227555670828855,0.2411215021606721
1493,0.5003605078973498,5,19,5,398056,207554,42008,65948,1.922579569454222,0.24112437934640332
1494,0.5003632496972972,1,0,1,398056,207554,42009,65947,1.922579569454222,0.24112160467420596
1495,0.5003699520391062,28,168,28,398224,207386,42037,65919,1.921023379895513,0.24119207478824026
1496,0.5003723315934285,5,52,5,398276,207334,42042,65914,1.9205417021749602,0.2412240894718351
1497,0.5003965119731761,1,13,1,398289,207321,42043,65913,1.920421282744822,0.24123278947715146
1498,0.5004091457575957,0,7,0,398296,207314,42043,65913,1.920356441513209,0.24123896979434684
1499,0.500414011266088,21,113,21,398409,207201,42064,65892,1.9193097187743156,0.24128044292603618
1500,0.5004277126204989,0,2,0,398411,207199,42064,65892,1.9192911927081404,0.2412822099593176
1501,0.5004327839456211,66,406,66,398817,206793,42130,65826,1.9155304012745933,0.24145785876993167
1502,0.5004543780394696,2,4,2,398821,206789,42132,65824,1.9154933491422432,0.24145583666222814
1503,0.50048001343421,2,18,2,398839,206771,42134,65822,1.9153266145466672,0.2414662151999501
1504,0.5005028073080715,0,1,0,398840,206770,42134,65822,1.9153173515135795,0.241467101015437
1505,0.5005126566166583,11,46,11,398886,206724,42145,65811,1.9148912519915522,0.24147724145522592
1506,0.5005148120619329,1,9,1,398895,206715,42146,65810,1.9148078846937642,0.24148243280432988
1507,0.5005336481202276,52,313,52,399208,206402,42198,65758,1.9119085553373596,0.24161522633744856
1508,0.500556317802936,3,27,3,399235,206375,42201,65755,1.9116584534439958,0.24163083820232978
1509,0.5005626973961027,3,17,3,399252,206358,42204,65752,1.9115009818815072,0.24163757304031458
1510,0.5005683571171001,3,10,3,399262,206348,42207,65749,1.9114083515506317,0.24163809229796726
1511,0.5005724337681448,23,140,23,399402,206208,42230,65726,1.9101115269183742,0.24169835327689806
1512,0.5005803516516029,3,15,3,399417,206193,42233,65723,1.909972581422061,0.24170332014298535
1513,0.5005928903458965,1,1,1,399418,206192,42234,65722,1.9099633183889733,0.24170142030200725
1514,0.5005975512456029,91,404,91,399822,205788,42325,65631,1.9062210530216015,0.24180694792921645
1515,0.500602336912505,12,95,12,399917,205693,42337,65619,1.9053410648782838,0.24185808220793772
1516,0.500626169213217,39,130,39,400047,205563,42376,65580,1.9041368705769017,0.2418649937486861
1517,0.5006343506126409,1,1,1,400048,205562,42377,65579,1.904127607543814,0.24186308968396517
1518,0.5006607314082473,0,2,0,400050,205560,42377,65579,1.9041090814776391,0.24186487373634924
1519,0.5006625476909436,4,31,4,400081,205529,42381,65575,1.9038219274519248,0.24188134442870632
1520,0.5006831909901936,0,1,0,400082,205528,42381,65575,1.9038126644188373,0.2418822366406864
1521,0.5007200617323336,0,10,0,400092,205518,42381,65575,1.9037200340879619,0.24189115912251516
1522,0.500722007341273,1,0,1,400092,205518,42382,65574,1.9037200340879619,0.24188836262228322
1523,0.5007408412914166,0,2,0,400094,205516,42382,65574,1.9037015080217867,0.24189014718359217
1524,0.5007640154311132,0,3,0,400097,205513,42382,65574,1.903673718922524,0.241892824074928
1525,0.5007838796103331,0,19,0,400116,205494,42382,65574,1.9034977212938604,0.24190977909602018
1526,0.5007847993017716,17,109,17,400225,205385,42399,65557,1.902488050687317,0.2419595337747562
1527,0.5007902523669996,8,13,8,400238,205372,42407,65549,1.902367631257179,0.24194875997061874
1528,0.500801637580116,0,15,0,400253,205357,42407,65549,1.9022286857608655,0.2419621566152097
1529,0.5008088115557215,3,9,3,400262,205348,42410,65546,1.9021453184630774,0.2419618005566753
1530,0.5008461873164572,0,1,0,400263,205347,42410,65546,1.90213605542999,0.24196269375731377
1531,0.5008462674789778,0,7,0,400270,205340,42410,65546,1.902071214198377,0.24196894634643357
1532,0.5008935005050158,0,1,0,400271,205339,42410,65546,1.9020619511652896,0.24196983959983018
1533,0.500896295101106,7,22,7,400293,205317,42417,65539,1.9018581644373633,0.2419699028265942
1534,0.5008967055460721,1,2,1,400295,205315,42418,65538,1.9018396383711882,0.24196889087438575
1535,0.5008992256506148,0,1,0,400296,205314,42418,65538,1.9018303753381007,0.24196978423640955
1536,0.5009086882232968,259,1294,259,401590,204020,42677,65279,1.8898440105228056,0.24240342518910207
1537,0.5009172239923763,10,103,10,401693,203917,42687,65269,1.8888899181147876,0.24246803325581567
1538,0.5009333432859572,7,61,7,401754,203856,42694,65262,1.8883248730964468,0.24250328852027736
1539,0.5009363646896995,16,40,16,401794,203816,42710,65246,1.8879543517729445,0.24249429499520556
1540,0.5009517257481395,0,1,0,401795,203815,42710,65246,1.887945088739857,0.24249519625661095
1541,0.5010017936339982,14,46,14,401841,203769,42724,65232,1.8875189892178295,0.2424972397872127
1542,0.5010299044601039,0,12,0,401853,203757,42724,65232,1.8874078328207788,0.2425080579503251
1543,0.5010429096139738,4,18,4,401871,203739,42728,65228,1.8872410982252028,0.24251302204359643
1544,0.5010687261460857,18,68,18,401939,203671,42746,65210,1.8866112119752492,0.2425236442887374
1545,0.5010737061659647,0,1,0,401940,203670,42746,65210,1.8866019489421617,0.24252454626599226
1546,0.5010805572859381,16,73,16,402013,203597,42762,65194,1.8859257475267701,0.24254532331811704
1547,0.5010950596601924,7,48,7,402061,203549,42769,65187,1.8854811219385677,0.24256891521790902
1548,0.5011190290062045,1,14,1,402075,203535,42770,65186,1.885351439475342,0.24257873407735162
1549,0.5011270905354508,1,3,1,402078,203532,42771,65185,1.885323650376079,0.24257862360773602
1550,0.5011667933815452,7,40,7,402118,203492,42778,65178,1.884953129052577,0.24259500502475156
1551,0.5011700358219782,0,11,0,402129,203481,42778,65178,1.8848512356886138,0.2426049378580282
1552,0.5011845803591766,2,24,2,402153,203457,42780,65176,1.8846289228945126,0.2426209735959469
1553,0.5011965839586526,3,30,3,402183,203427,42783,65173,1.884351031901886,0.2426396128071482
1554,0.5012123608595438,2,4,2,402187,203423,42785,65171,1.8843139797695356,0.2426375868411059
1555,0.501231814463991,0,1,0,402188,203422,42785,65171,1.8843047167364482,0.2426384902063717
1556,0.5012438194219738,1,4,1,402192,203418,42786,65170,1.884267664604098,0.24263928395907486
1557,0.5012583830365267,2,10,2,402202,203408,42788,65168,1.8841750342732224,0.24264267842249493
1558,0.5012652851203939,22,69,22,402271,203339,42810,65146,1.883535884990181,0.24264297819245023
1559,0.5012758953813804,11,27,11,402298,203312,42821,65135,1.8832857830968173,0.24263634907449141
1560,0.5012988164361094,16,85,16,402383,203227,42837,65119,1.882498425284375,0.24266804796792202
1561,0.5013026737996954,1,8,1,402391,203219,42838,65118,1.8824243210196747,0.24267246037631784
1562,0.5013055953985371,0,1,0,402392,203218,42838,65118,1.882415057986587,0.24267336473674797
1563,0.5013266934373242,15,39,15,402431,203179,42853,65103,1.8820537996961726,0.24266629889444688
1564,0.5013300160935841,1,7,1,402438,203172,42854,65102,1.8819889584645597,0.24266980773388402
1565,0.5013849443254803,1,2,1,402440,203170,42855,65101,1.8819704323983846,0.24266879386888632
1566,0.5014079409673048,8,48,8,402488,203122,42863,65093,1.8815258068101819,0.24268963331655574
1567,0.5014174486373542,21,121,21,402609,203001,42884,65072,1.8804049798065878,0.24273985071230597
1568,0.5014547681422268,354,1801,354,404410,201200,43238,64718,1.8637222572159027,0.2433757774953181
1569,0.5014687421265476,5,46,5,404456,201154,43243,64713,1.8632961576938754,0.24340365671557584
1570,0.5014707017635743,7,56,7,404512,201098,43250,64706,1.8627774278409723,0.24343501226467623
1571,0.5014859594137796,30,62,30,404574,201036,43280,64676,1.862203119789544,0.2434063948937195
1572,0.501495010374069,1,14,1,404588,201022,43281,64675,1.8620734373263181,0.24341637278554143
1573,0.5015116776566813,3,24,3,404612,200998,43284,64672,1.861851124532217,0.24342981894831933
1574,0.5015408007686325,0,2,0,404614,200996,43284,64672,1.8618325984660418,0.24343165153499857
1575,0.5015452161833085,334,1856,334,406470,199140,43618,64338,1.844640409055541,0.24418737048254502
1576,0.5015486188587774,1,2,1,406472,199138,43619,64337,1.8446218829893661,0.24418635544169276
1577,0.501563736144975,52,315,52,406787,198823,43671,64285,1.8417040275667864,0.24432932483998968
1578,0.501568642650447,0,1,0,406788,198822,43671,64285,1.841694764533699,0.2443302534710213
1579,0.5015686529086185,0,8,0,406796,198814,43671,64285,1.8416206602689984,0.24433768277340467
1580,0.5015796632389531,4,5,4,406801,198809,43675,64281,1.8415743451035607,0.24433083735603786
1581,0.5015816758235926,0,2,0,406803,198807,43675,64281,1.8415558190373855,0.24433269476372924
1582,0.5016035630011069,13,62,13,406865,198745,43688,64268,1.8409815109859573,0.24435294072916547
1583,0.5016181607009209,267,1356,267,408221,197389,43955,64001,1.8284208381192337,0.2448486935230881
1584,0.5016238472407172,340,1836,340,410057,195553,44295,63661,1.8114139093704842,0.2455924448525157
1585,0.501647968838461,3,19,3,410076,195534,44298,63658,1.8112379117418207,0.24560171610234885
1586,0.5016653926278439,17,51,17,410127,195483,44315,63641,1.8107654970543554,0.2456005618931477
1587,0.5016981605250007,0,3,0,410130,195480,44315,63641,1.8107377079550928,0.2456034053588864
1588,0.5017001866040964,1,15,1,410145,195465,44316,63640,1.8105987624587796,0.24561471218231992
1589,0.5017112889288786,10,46,10,410191,195419,44326,63630,1.810172662936752,0.24562920528548654
1590,0.5017149524917704,3,11,3,410202,195408,44329,63627,1.810070769572789,0.2456308992993225
1591,0.5017375327597955,1,12,1,410214,195396,44330,63626,1.8099596131757383,0.24563936654029386
1592,0.5017397567320188,1,0,1,410214,195396,44331,63625,1.8099596131757383,0.24563645418711225
1593,0.5017945349419088,1,0,1,410214,195396,44332,63624,1.8099596131757383,0.24563354181144312
1594,0.5017968372391748,0,1,0,410215,195395,44332,63624,1.8099503501426506,0.2456344901339284
1595,0.5018015922778287,9,20,9,410235,195375,44341,63615,1.8097650894808996,0.24562724429514654
1596,0.5018101410433697,7,82,7,410317,195293,44348,63608,1.8090055207677203,0.24568464393725786
1597,0.5018475614186733,0,9,0,410326,195284,44348,63608,1.8089221534699322,0.2456931848029294
1598,0.5018511342897527,243,1353,243,411679,193931,44591,63365,1.7963892697024715,0.2462727753249176
1599,0.5018768581970096,115,833,115,412512,193098,44706,63250,1.7886731631405388,0.24673490723547678
1600,0.5018838001490987,8,73,8,412585,193025,44714,63242,1.7879969617251472,0.24678167692289682
1601,0.5018957955506415,12,50,12,412635,192975,44726,63230,1.7875338100707696,0.24679455904451514
1602,0.5018983665120919,13,72,13,412707,192903,44739,63217,1.7868668716884657,0.24682570669998438
1603,0.5019080499625186,4,25,4,412732,192878,44743,63213,1.7866352958612768,0.24683803804116505
1604,0.5019157883260478,2,15,2,412747,192863,44745,63211,1.7864963503649636,0.2468466146504526
1605,0.5019302112621294,2,7,2,412754,192856,44747,63209,1.7864315091333507,0.24684748013199773
1606,0.5019574503859072,0,4,0,412758,192852,44747,63209,1.7863944570010004,0.2468513362050449
1607,0.5019831291590605,0,6,0,412764,192846,44747,63209,1.786338878802475,0.24685712054050887
1608,0.5019838513936129,0,8,0,412772,192838,44747,63209,1.7862647745377747,0.24686483340949122
1609,0.5019952593769927,0,1,0,412773,192837,44747,63209,1.7862555115046872,0.2468657975520024
1610,0.5020049063458616,0,3,0,412776,192834,44747,63209,1.7862277224054244,0.24686869002472242
1611,0.5020057416576,2,13,2,412789,192821,44749,63207,1.7861073029752863,0.24687534175949505
1612,0.5020504269359423,17,49,17,412838,192772,44766,63190,1.7856534143539962,0.24687258264898695
1613,0.5020532586226004,32,108,32,412946,192664,44798,63158,1.7846530067805402,0.24688259805646112
1614,0.5020720997233722,1,3,1,412949,192661,44799,63157,1.7846252176812776,0.24688254931240178
1615,0.5020788798031546,0,3,0,412952,192658,44799,63157,1.784597428582015,0.24688544455954498
1616,0.5020893126694667,1,3,1,412955,192655,44800,63156,1.7845696394827522,0.2468853958586613
1617,0.5021040545609907,4,10,4,412965,192645,44804,63152,1.7844770091518767,0.24688327071857763
1618,0.5021054081926075,0,1,0,412966,192644,44804,63152,1.7844677461187892,0.24688423587546326
1619,0.5021192287124636,2,15,2,412981,192629,44806,63150,1.7843288006224758,0.2468928254469679
1620,0.5021406924080847,19,86,19,413067,192543,44825,63131,1.7835321797769461,0.24691990581756457
1621,0.5021583391106346,11,40,11,413107,192503,44836,63120,1.783161658453444,0.2469261373194118
1622,0.5021763661574054,8,44,8,413151,192459,44844,63112,1.7827540849975916,0.24694507592802
1623,0.5021866477056436,20,87,20,413238,192372,44864,63092,1.7819482011189745,0.2469702188958131
1624,0.5022205065061276,8,42,8,413280,192330,44872,63084,1.7815591537292972,0.2469872442387653
1625,0.5022325099689461,0,3,0,413283,192327,44872,63084,1.7815313646300344,0.24699014529523003
1626,0.5022646806715926,0,1,0,413284,192326,44872,63084,1.781522101596947,0.24699111232919618
1627,0.5022784287402313,1,5,1,413289,192321,44873,63083,1.7814757864315092,0.24699299932655713
1628,0.5023187698683687,59,212,59,413501,192109,44932,63024,1.7795120234169477,0.24702410115508383
1629,0.502319409357624,29,146,29,413647,191963,44961,62995,1.7781596205861647,0.24707991120106057
1630,0.5023519251724206,8,65,8,413712,191898,44969,62987,1.7775575234354737,0.24711928909115877
1631,0.5023697229627304,12,53,12,413765,191845,44981,62975,1.7770665826818333,0.2471352327132878
1632,0.5023819607139525,26,105,26,413870,191740,45007,62949,1.77609396420764,0.2471602621236096
1633,0.5023863119572444,3,12,3,413882,191728,45010,62946,1.7759828078105895,0.24716303980775423
1634,0.5023957457315293,66,392,66,414274,191336,45076,62880,1.7723516988402683,0.24734871133209554
1635,0.502416931951985,1,3,1,414277,191333,45077,62879,1.7723239097410055,0.24734866961433763
1636,0.5024291986156076,1,5,1,414282,191328,45078,62878,1.7722775945755678,0.2473505739439667
1637,0.5024598485869138,5,11,5,414293,191317,45083,62873,1.7721757012116048,0.24734647311066524
1638,0.5024612753983831,25,99,25,414392,191218,45108,62848,1.7712586609359369,0.2473687939354341
1639,0.5024660928233231,305,1559,305,415951,189659,45413,62543,1.7568175923524398,0.2479877241258991
1640,0.5024785978346161,1,3,1,415954,189656,45414,62542,1.7567898032531772,0.2479876922100889
1641,0.5024918373592062,49,235,49,416189,189421,45463,62493,1.754612990477602,0.2480727549878133
1642,0.5025122489994855,8,20,8,416209,189401,45471,62485,1.7544277298158508,0.24806857070261945
1643,0.5025218716801179,3,22,3,416231,189379,45474,62482,1.7542239430879247,0.24808128292987006
1644,0.5025384477434179,2,1,2,416232,189378,45476,62480,1.754214680054837,0.24807629696098596
1645,0.5025444853328219,0,10,0,416242,189368,45476,62480,1.7541220497239616,0.24808614719989835
1646,0.5025484939249868,23,132,23,416374,189236,45499,62457,1.7528993293564044,0.2481475448264354
1647,0.5025623613683694,82,401,82,416775,188835,45581,62375,1.7491848530882952,0.24829823653516978
1648,0.5025801393755661,35,224,35,416999,188611,45616,62340,1.747109933676683,0.2484150292288136
1649,0.502585588858789,2,9,2,417008,188602,45618,62338,1.747026566378895,0.2484179485135889
1650,0.5025878212408929,1,19,1,417027,188583,45619,62337,1.7468505687502316,0.2484337637494022
1651,0.5025907013751822,0,1,0,417028,188582,45619,62337,1.746841305717144,0.24843475384486627
1652,0.5026148964421808,27,119,27,417147,188463,45646,62310,1.745739004779725,0.24847172542498594
1653,0.502623183100184,0,1,0,417148,188462,45646,62310,1.7457297417466375,0.24847271625221318
1654,0.5026236671425648,2,16,2,417164,188446,45648,62308,1.7455815332172366,0.24848257654912784
1655,0.5026327646321624,58,329,58,417493,188117,45706,62250,1.7425339953314314,0.24863500381440046
1656,0.5026541218638272,54,283,54,417776,187834,45760,62196,1.7399125569676535,0.24875414950205976
1657,0.5026591565736391,0,2,0,417778,187832,45760,62196,1.7398940309014783,0.248756139312397
1658,0.502662136628817,1,24,1,417802,187808,45761,62195,1.739671718107377,0.2487770146758239
1659,0.5026773280157224,1286,6287,1286,424089,181521,47047,60909,1.681435029085924,0.25124365796312337
1660,0.5026910386192083,7,42,7,424131,181479,47054,60902,1.6810459816962466,0.25126556949595885
1661,0.5026932793552495,13,80,13,424211,181399,47067,60889,1.6803049390492424,0.25130836029848774
1662,0.5027080409822504,1,1,1,424212,181398,47068,60888,1.6802956760161547,0.25130630742180726
1663,0.5027134925545974,0,5,0,424217,181393,47068,60888,1.680249360850717,0.2513114936788275
1664,0.5027151154366662,26,112,26,424329,181281,47094,60862,1.679211901144911,0.25134734433784994
1665,0.502717763882637,1122,5448,1122,429777,175833,48216,59740,1.6287468968839156,0.25359442720515507
1666,0.5027282953365912,11,43,11,429820,175790,48227,59729,1.6283485864611509,0.25360586619338565
1667,0.5027489523093003,38,218,38,430038,175572,48265,59691,1.626329245248064,0.2537203045102715
1668,0.5027857885513034,6,16,6,430054,175556,48271,59685,1.626181036718663,0.25371852695746067
1669,0.50279225182334,0,4,0,430058,175552,48271,59685,1.626143984586313,0.25372284121970606
1670,0.5028087111291778,5,6,5,430064,175546,48276,59680,1.6260884063877876,0.2537134500437877
1671,0.502863555024872,28,219,28,430283,175327,48304,59652,1.6240598021416133,0.25386098332191387
1672,0.5028694478319828,2,21,2,430304,175306,48306,59650,1.6238652784467746,0.2538773217112991
1673,0.5029141439514946,0,3,0,430307,175303,48306,59650,1.623837489347512,0.2538805633467119
1674,0.502922353090822,0,3,0,430310,175300,48306,59650,1.6238097002482492,0.25388380506490743
1675,0.502933534859124,3,15,3,430325,175285,48309,59647,1.623670754751936,0.25389048746020126
1676,0.5029344875887858,249,1423,249,431748,173862,48558,59398,1.6104894586683465,0.25464288776472604
1677,0.502944904777289,1,5,1,431753,173857,48559,59397,1.6104431435029085,0.25464515077983657
1678,0.5029560480050416,1,4,1,431757,173853,48560,59396,1.6104060913705585,0.2546463221707274
1679,0.5029589550399824,0,1,0,431758,173852,48560,59396,1.6103968283374708,0.2546474139113733
1680,0.5029683172844351,1231,6333,1231,438091,167519,49791,58165,1.55173403979399,0.25772761914889847
1681,0.5029819195756864,0,2,0,438093,167517,49791,58165,1.5517155137278151,0.2577299031380438
1682,0.5030061949673683,0,1,0,438094,167516,49791,58165,1.5517062506947275,0.2577310451477971
1683,0.5030149113318112,0,1,0,438095,167515,49791,58165,1.55169698766164,0.25773218716767105
1684,0.5030365123144916,1017,4799,1017,442894,162716,50808,57148,1.5072436918744674,0.2599243168504166
1685,0.5030432051660267,1,11,1,442905,162705,50809,57147,1.5071417985105042,0.2599339555701108
1686,0.5030472698649624,2,1,2,442906,162704,50811,57145,1.5071325354774168,0.25992840540552836
1687,0.5030509995380565,15,84,15,442990,162620,50826,57130,1.5063544406980622,0.2599772468714448
1688,0.503051190781459,54,350,54,443340,162270,50880,57076,1.5031123791174181,0.2602098966928962
1689,0.5030558179584222,1,5,1,443345,162265,50881,57075,1.5030660639519804,0.26021245554846356
1690,0.5030604275508214,193,1085,193,444430,161180,51074,56882,1.4930156730519841,0.26085241811961735
1691,0.5030620592178325,46,144,46,444574,161036,51120,56836,1.4916817962873763,0.26086876698244843
1692,0.5030808857707092,4,29,4,444603,161007,51124,56832,1.4914131683278373,0.2608899232919725
1693,0.5030837413287912,32,178,32,444781,160829,51156,56800,1.4897643484382526,0.26099462847322735
1694,0.5031152599412956,3,44,3,444825,160785,51159,56797,1.4893567749824002,0.26103721815223685
1695,0.5031153430530048,0,8,0,444833,160777,51159,56797,1.4892826707176998,0.26104681625561876
1696,0.5031196309570893,1,4,1,444837,160773,51160,56796,1.4892456185853495,0.26104821918563764
1697,0.5031228368056675,81,346,81,445183,160427,51241,56715,1.486040609137056,0.2611885310073592
1698,0.5031249232496957,0,7,0,445190,160420,51241,56715,1.485975767905443,0.26119695120547126
1699,0.5031294506544434,1,0,1,445190,160420,51242,56714,1.485975767905443,0.2611935486842226
1700,0.5031331502271887,0,3,0,445193,160417,51242,56714,1.4859479788061802,0.2611971574763622
1701,0.5031451706404291,22,104,22,445297,160313,51264,56692,1.4849846233650748,0.26124743669500705
1702,0.5031623581023293,17,54,17,445351,160259,51281,56675,1.4844844195783466,0.26125457512423134
1703,0.5031672566131831,47,139,47,445490,160120,51328,56628,1.4831968579791768,0.2612619262922841
1704,0.5031803768649868,0,1,0,445491,160119,51328,56628,1.483187594946089,0.2612631316696425
1705,0.5031902848382276,5,20,5,445511,160099,51333,56623,1.4830023342843381,0.2612701986877198
1706,0.5031924041485754,5,54,5,445565,160045,51338,56618,1.48250213049761,0.26131826846300477
1707,0.5032485773727288,750,3544,750,449109,156501,52088,55868,1.4496739412353181,0.26307041046480417
1708,0.5032575770863081,1,3,1,449112,156498,52089,55867,1.4496461521360555,0.26307065665246154
1709,0.5032713603441381,53,285,53,449397,156213,52142,55814,1.4470061877061025,0.2632400590490834
1710,0.503289115116735,2,15,2,449412,156198,52144,55812,1.4468672422097892,0.2632517334088015
1711,0.5033068338489832,28,179,28,449591,156019,52172,55784,1.445209159287117,0.2633768171366789
1712,0.5033079963655562,606,3099,606,452690,152920,52778,55178,1.4165030197487865,0.265153917865621
1713,0.5033092153159363,6,33,6,452723,152887,52784,55172,1.4161973396568972,0.2651747821531393
1714,0.5033140889277343,26,127,26,452850,152760,52810,55146,1.415020934454778,0.26524487027791405
1715,0.5033260919343717,23,78,23,452928,152682,52833,55123,1.4142984178739486,0.26526310723996055
1716,0.5033285612458105,0,1,0,452929,152681,52833,55123,1.4142891548408612,0.2652643837462224
1717,0.5033438748598831,1,13,1,452942,152668,52834,55122,1.4141687354107229,0.26527744357283795
1718,0.5033511360569483,0,3,0,452945,152665,52834,55122,1.4141409463114603,0.2652812736119199
1719,0.5033526629228227,1,7,1,452952,152658,52835,55121,1.4140761050798474,0.265286674784266
1720,0.5033783080020624,6,43,6,452995,152615,52841,55115,1.4136777946570824,0.26532036778510565
1721,0.5033997841006242,1,6,1,453001,152609,52842,55114,1.4136222164585572,0.26532449463949587
1722,0.5034055580984,1,9,1,453010,152600,52843,55113,1.4135388491607692,0.2653324539147766
1723,0.5034057676743475,603,3070,603,456080,149530,53446,54510,1.3851013375819778,0.26715349931386
1724,0.5034081962804973,26,196,26,456276,149334,53472,54484,1.3832857830968173,0.26731691999725243
1725,0.5034178897062255,1,17,1,456293,149317,53473,54483,1.3831283115343287,0.26733562315996073
1726,0.503434690205056,279,1569,279,457862,147748,53752,54204,1.3685946126199562,0.26840041197908415
1727,0.503440260341243,3,18,3,457880,147730,53755,54201,1.3684278780243804,0.2684134679667807
1728,0.5034528801356851,6,11,6,457891,147719,53761,54195,1.3683259846604172,0.2684063512188357
1729,0.5034744925154901,1,1,1,457892,147718,53762,54194,1.3683167216273298,0.2684040572130433
1730,0.5034871045736253,5,5,5,457897,147713,53767,54189,1.3682704064618918,0.26839258650236253
1731,0.5034977025506735,2,21,2,457918,147692,53769,54187,1.3680758827670532,0.2684132574462921
1732,0.5035144928785772,0,1,0,457919,147691,53769,54187,1.3680666197339657,0.26841458702780885
1733,0.5035448329458325,5,7,5,457926,147684,53774,54182,1.3680017785023528,0.2684057741273914
1734,0.5035646985599876,1,1,1,457927,147683,53775,54181,1.3679925154692651,0.26840347957040384
1735,0.5035686541469028,0,2,0,457929,147681,53775,54181,1.3679739894030902,0.26840613884733133
1736,0.5035690926414792,278,1547,278,459476,146134,54053,53903,1.3536440772166438,0.2694651489474447
1737,0.5035819623461033,0,2,0,459478,146132,54053,53903,1.3536255511504687,0.2694678431274527
1738,0.503594441607622,0,4,0,459482,146128,54053,53903,1.3535884990181184,0.26947323164909437
1739,0.5035991694080779,823,3777,823,463259,142351,54876,53080,1.3186020230464264,0.2716048119285067
1740,0.5036383748271824,0,3,0,463262,142348,54876,53080,1.3185742339471636,0.27160898131281086
1741,0.5036615794190837,536,2737,536,465999,139611,55412,52544,1.293221312386528,0.2734459160573495
1742,0.5036636627686539,2,1,2,466000,139610,55414,52542,1.2932120493534403,0.27343977684333237
1743,0.503663667693062,6,3,6,466003,139607,55420,52536,1.2931842602541777,0.2734213580510349
1744,0.5036775485667173,0,1,0,466004,139606,55420,52536,1.29317499722109,0.2734227810681683
1745,0.5037007379012997,8,6,8,466010,139600,55428,52528,1.2931194190225648,0.2734010659560293
1746,0.5037477316929281,565,3214,565,469224,136386,55993,51963,1.2633480306791656,0.2758867846391539
1747,0.5037655117781294,262,1366,262,470590,135020,56255,51701,1.2506947274815665,0.2768890483662791
1748,0.5037728356729474,5,20,5,470610,135000,56260,51696,1.2505094668198156,0.2768993443887389
1749,0.5038002744669198,166,619,166,471229,134381,56426,51530,1.2447756493386195,0.27717563780518634
1750,0.5038104754751302,0,1,0,471230,134380,56426,51530,1.2447663863055318,0.277177128718197
1751,0.5038278513009257,26,92,26,471322,134288,56452,51504,1.243914187261477,0.27721322769548745
1752,0.5038380071058806,1,4,1,471326,134284,56453,51503,1.2438771351291267,0.2772153056995376
1753,0.503844246793707,0,2,0,471328,134282,56453,51503,1.2438586090629515,0.27721828995882336
1754,0.5038450938030973,7,23,7,471351,134259,56460,51496,1.2436455593019378,0.27722537751339127
1755,0.5038456395507972,4,18,4,471369,134241,56464,51492,1.243478824706362,0.27723667845778616
1756,0.5038475114455163,11,31,11,471400,134210,56475,51481,1.2431916706806476,0.27724014626449317
1757,0.5038478185620183,12,48,12,471448,134162,56487,51469,1.2427470450924452,0.27726511196944476
1758,0.5038621284778265,10,50,10,471498,134112,56497,51459,1.2422838934380673,0.277300871364599
1759,0.5038741507387478,2,8,2,471506,134104,56499,51457,1.242209789173367,0.27730503715759236
1760,0.503874644836356,6,30,6,471536,134074,56505,51451,1.2419318981807403,0.2773265058617437
1761,0.503880315722604,0,2,0,471538,134072,56505,51451,1.2419133721145652,0.2773294955342464
1762,0.503883650728029,8,15,8,471553,134057,56513,51443,1.2417744266182518,0.27732075471698114
1763,0.5038896361800115,7,43,7,471596,134014,56520,51436,1.241376116195487,0.277357778376921
1764,0.5038968718631297,1,6,1,471602,134008,56521,51435,1.2413205379969616,0.27736285543266664
1765,0.5039032069855918,37,170,37,471772,133838,56558,51398,1.2397458223720774,0.27747306139195405
1766,0.5039170455798458,32,106,32,471878,133732,56590,51366,1.2387639408647968,0.27750705031929035
1767,0.5039441025341764,0,1,0,471879,133731,56590,51366,1.2387546778317091,0.27750854957130583
1768,0.5039561540876815,30,185,30,472064,133546,56620,51336,1.2370410167105117,0.2776689996862864
1769,0.5039614660788835,3,2,3,472066,133544,56623,51333,1.2370224906443366,0.27766028224170664
1770,0.5040086287983174,10,44,10,472110,133500,56633,51323,1.2366149171884842,0.2776873008229495
1771,0.504008964492518,4,4,4,472114,133496,56637,51319,1.2365778650561339,0.2776776776776777
1772,0.5040132343727467,0,3,0,472117,133493,56637,51319,1.2365500759568713,0.2776821851394931
1773,0.504029352958819,35,139,35,472256,133354,56672,51284,1.2352625143577012,0.2777543084305506
1774,0.504031613227598,0,5,0,472261,133349,56672,51284,1.2352161991922634,0.277761830225366
1775,0.5040752712732165,1,5,1,472266,133344,56673,51283,1.2351698840268257,0.2777654405910295
1776,0.5040773432492504,6,13,6,472279,133331,56679,51277,1.2350494645966876,0.27776152712775176
1777,0.5041023470565846,0,1,0,472280,133330,56679,51277,1.2350402015636,0.2777630317376914
1778,0.504103286401319,2,0,2,472280,133330,56681,51275,1.2350402015636,0.2777552070637307
1779,0.5041120759219816,37,228,37,472508,133102,56718,51238,1.2329282300196376,0.27795378105674295
1780,0.5041467888862179,6,13,6,472521,133089,56724,51232,1.2328078105894995,0.2779498809142745
1781,0.5041495230786472,3,19,3,472540,133070,56727,51229,1.2326318129608358,0.27796678223973
1782,0.5041688997360169,0,1,0,472541,133069,56727,51229,1.2326225499277483,0.27796829048606064
1783,0.5041834241820384,106,444,106,472985,132625,56833,51123,1.2285097632368742,0.27822343644556674
1784,0.5042033619867949,116,492,116,473477,132133,56949,51007,1.2239523509577976,0.27851370536201814
1785,0.5042068887999747,1,2,1,473479,132131,56950,51006,1.2239338248916225,0.27851280735187317
1786,0.5042146100328261,37,144,37,473623,131987,56987,50969,1.2225999481270147,0.27858610813528933
1787,0.5042195087601307,0,2,0,473625,131985,56987,50969,1.2225814220608395,0.2785891535577249
1788,0.5042206663371911,166,728,166,474353,131257,57153,50803,1.2158379339731002,0.2790453696583544
1789,0.5042441720460596,5,10,5,474363,131247,57158,50798,1.2157453036422246,0.27904089648163916
1790,0.5042480661535482,4,1,4,474364,131246,57162,50794,1.215736040609137,0.27902658756317295
1791,0.5042623421423145,18,88,18,474452,131158,57180,50776,1.2149208936974323,0.2790902195301593
1792,0.5042792621721113,0,1,0,474453,131157,57180,50776,1.2149116306643448,0.27909175355762833
1793,0.5043042356224505,0,2,0,474455,131155,57180,50776,1.2148931045981697,0.279094821663158
1794,0.5043305355494004,103,389,103,474844,130766,57283,50673,1.2112897847271111,0.27928394667078194
1795,0.5043491528297319,1,2,1,474846,130764,57284,50672,1.211271258660936,0.2792830529773584
1796,0.5043568527835892,0,1,0,474847,130763,57284,50672,1.2112619956278483,0.2792845922782264
1797,0.5043777625252124,30,131,30,474978,130632,57314,50642,1.2100485382933788,0.27936714586758166
1798,0.5043796671682811,129,533,129,475511,130099,57443,50513,1.2051113416577124,0.2796768763980245
1799,0.5043838374783192,63,268,63,475779,129831,57506,50450,1.202628848790248,0.2798409150160028
1800,0.5043878962216539,101,426,101,476205,129405,57607,50349,1.1986827966949498,0.2800994692746754
1801,0.5044049658257583,40,137,40,476342,129268,57647,50309,1.1974137611619549,0.2801528035327464
1802,0.5044058837639661,4,29,4,476371,129239,57651,50305,1.197145133202416,0.2801820166644388
1803,0.5044283723642021,52,230,52,476601,129009,57703,50253,1.1950146355922784,0.28033269739264316
1804,0.5044309862878652,0,3,0,476604,129006,57703,50253,1.1949868464930156,0.28033738891771126
1805,0.5044361776759316,5,12,5,476616,128994,57708,50248,1.194875690095965,0.28033608194507986
1806,0.5044379132820552,3,12,3,476628,128982,57711,50245,1.1947645336989143,0.28034280549247603
1807,0.5044792257925177,48,179,48,476807,128803,57759,50197,1.1931064507762421,0.28043016759776535
1808,0.5044850823832534,214,717,214,477524,128086,57973,49983,1.1864648560524658,0.28069456222026296
1809,0.504486517974265,1,1,1,477525,128085,57974,49982,1.1864555930193783,0.28069209904137205
1810,0.5044944917716224,0,1,0,477526,128084,57974,49982,1.1864463299862906,0.28069367537879214
1811,0.5044990479746678,10,106,10,477632,127978,57984,49972,1.18546444847901,0.2808204551840405
1812,0.5045114622589304,115,454,115,478086,127524,58099,49857,1.1812590314572604,0.2810729446784041
1813,0.5045140168070703,2,12,2,478098,127512,58101,49855,1.1811478750602098,0.2810838543810292
1814,0.5045292472624463,23,85,23,478183,127427,58124,49832,1.1803605172477676,0.2811253589380511
1815,0.5045361504890028,2,4,2,478187,127423,58126,49830,1.1803234651154173,0.2811235917022561
1816,0.5045476998860245,3,27,3,478214,127396,58129,49827,1.1800733632220535,0.28115425198760885
1817,0.5045702199374703,1,11,1,478225,127385,58130,49826,1.1799714698580903,0.2811676476065256
1818,0.5045740220094326,6,21,6,478246,127364,58136,49820,1.1797769461632517,0.281176629944013
1819,0.5045797666785484,0,3,0,478249,127361,58136,49820,1.179749157063989,0.28118139078117854
1820,0.5045945229158748,4,20,4,478269,127341,58140,49816,1.179563896402238,0.28119690444069384
1821,0.5046080359716328,3,11,3,478280,127330,58143,49813,1.1794620030382748,0.28120219257887696
1822,0.5046140131304729,4,9,4,478289,127321,58147,49809,1.179378635740487,0.2812002484051262
1823,0.5046393225977568,0,3,0,478292,127318,58147,49809,1.1793508466412241,0.281205011093735
1824,0.5046788331164829,0,4,0,478296,127314,58147,49809,1.179313794508874,0.28121136159617893
1825,0.5046874489930213,0,3,0,478299,127311,58147,49809,1.1792860054096113,0.2812161246612466
1826,0.5046970180041344,10,37,10,478336,127274,58157,49799,1.1789432731853717,0.28123429320110915
1827,0.5047181207449281,4,34,4,478370,127240,58161,49795,1.178628330060395,0.2812720648459344
1828,0.5047359966126023,15,83,15,478453,127157,58176,49780,1.177859498314128,0.28134307691438193
1829,0.5047373513072945,1,7,1,478460,127150,58177,49779,1.177794657082515,0.2813501461038044
1830,0.504741277181312,2,1,2,478461,127149,58179,49777,1.1777853940494276,0.2813436125837921
1831,0.5047478821678515,2,15,2,478476,127134,58181,49775,1.1776464485531142,0.28135934293902515
1832,0.5047653027312669,109,479,109,478955,126655,58290,49666,1.1732094557041757,0.2816794369360428
1833,0.5048010688168959,74,343,74,479298,126312,58364,49592,1.1700322353551447,0.2819265053665636
1834,0.5048226065831256,3,18,3,479316,126294,58367,49589,1.1698655007595686,0.2819431099082913
1835,0.5048269281779684,2,12,2,479328,126282,58369,49587,1.169754344362518,0.2819541818057759
1836,0.5048270730819633,11,80,11,479408,126202,58380,49576,1.1690133017155138,0.28203757011685193
1837,0.5048314914679249,5,17,5,479425,126185,58385,49571,1.1688558301530254,0.28204442522588136
1838,0.504846020261963,20,71,20,479496,126114,58405,49551,1.168198154803809,0.2820766800444027
1839,0.5048582621275295,0,4,0,479500,126110,58405,49551,1.1681611026714587,0.28208310325000996
1840,0.5048626841770124,1,8,1,479508,126102,58406,49550,1.1680869984067583,0.28209186345729054
1841,0.504904223644493,1,2,1,479510,126100,58407,49549,1.1680684723405832,0.28209098827775847
1842,0.5049490570645601,110,421,110,479931,125679,58517,49439,1.1641687354107229,0.28231820829383614
1843,0.5049514061682084,26,97,26,480028,125582,58543,49413,1.16327022120123,0.28236806765907596
1844,0.5049697355671262,4,7,4,480035,125575,58547,49409,1.1632053799696171,0.28236295889909935
1845,0.5049845566973186,1,2,1,480037,125573,58548,49408,1.1631868539034422,0.2823620850263743
1846,0.5049874704365267,6,35,6,480072,125538,58554,49402,1.1628626477453778,0.28239396364467817
1847,0.5050186830331127,2,12,2,480084,125526,58556,49400,1.162751491348327,0.28240513131266937
1848,0.5050317535280602,0,8,0,480092,125518,58556,49400,1.1626773870836267,0.2824180473135984
1849,0.5050330712748201,0,1,0,480093,125517,58556,49400,1.1626681240505392,0.28241966189678536
1850,0.5050532434292511,2,1,2,480094,125516,58558,49398,1.1626588610174515,0.28241307156659845
1851,0.5050595036091664,23,64,23,480158,125452,58581,49375,1.1620660268998482,0.2824220515137822
1852,0.505081801182439,7,6,7,480164,125446,58588,49368,1.1620104487013228,0.28240301120047595
1853,0.5050898737366123,4,19,4,480183,125427,58592,49364,1.1618344510726593,0.28241728693124935
1854,0.505095590470299,1,12,1,480195,125415,58593,49363,1.1617232946756086,0.2824325716051219
1855,0.5051123823787526,20,102,20,480297,125313,58613,49343,1.160778465300678,0.28251534444851595
1856,0.5051289977777598,0,6,0,480303,125307,58613,49343,1.1607228871021527,0.2825250501002004
1857,0.5051579780338056,3,22,3,480325,125285,58616,49340,1.1605191003742266,0.2825483178239084
1858,0.505185436082265,14,47,14,480372,125238,58630,49326,1.1600837378191116,0.2825668522719461
1859,0.5052355252303657,3,24,3,480396,125214,58633,49323,1.15986142502501,0.28259337561663145
1860,0.505262302296184,0,11,0,480407,125203,58633,49323,1.1597595316610472,0.2826111868718701
1861,0.5052800341903352,0,1,0,480408,125202,58633,49323,1.1597502686279595,0.2826128061882252
1862,0.5052807657738718,23,84,23,480492,125118,58656,49300,1.158972173848605,0.2826543132016191
1863,0.5052864382549263,7,32,7,480524,125086,58663,49293,1.1586757567898032,0.28267738661192
1864,0.505292391911868,15,60,15,480584,125026,58678,49278,1.15811997480455,0.2827129612630806
1865,0.505314943036845,4,24,4,480608,125002,58682,49274,1.1578976620104486,0.28273543115517913
1866,0.505340952264775,17,28,17,480636,124974,58699,49257,1.1576382970839971,0.28271088382664394
1867,0.5053615881289673,18,88,18,480724,124886,58717,49239,1.1568231501722923,0.2827796123474515
1868,0.5053716539327692,0,1,0,480725,124885,58717,49239,1.1568138871392049,0.28278123636029495
1869,0.5054067114708913,4,6,4,480731,124879,58721,49235,1.1567583089406794,0.28277450406055804
1870,0.5054162689163263,14,101,14,480832,124778,58735,49221,1.1558227425988365,0.2828809360973339
1871,0.5054216409334381,6,23,6,480855,124755,58741,49215,1.1556096928378228,0.2828936023452319
1872,0.5054702452853344,0,1,0,480856,124754,58741,49215,1.1556004298047353,0.2828952284602429
1873,0.5055232849092015,4,10,4,480866,124744,58745,49211,1.1555077994738596,0.2828950015808686
1874,0.5055705028073213,5,14,5,480880,124730,58750,49206,1.1553781170106339,0.28289715757520006
1875,0.5056170573175147,0,4,0,480884,124726,58750,49206,1.1553410648782838,0.2829036635006784
1876,0.50563433974956,1,31,1,480915,124695,58751,49205,1.1550539108525695,0.2829499712478436
1877,0.5056423199176313,1,5,1,480920,124690,58752,49204,1.1550075956871317,0.282953983461189
1878,0.5056500652174899,1,14,1,480934,124676,58753,49203,1.154877913223906,0.2829726418946509
1879,0.5056678445076459,163,637,163,481571,124039,58916,49040,1.1489773611471341,0.28333882215635636
1880,0.5056990545665783,10,35,10,481606,124004,58926,49030,1.1486531549890697,0.28335471641411514
1881,0.5057425739082442,0,2,0,481608,124002,58926,49030,1.1486346289228946,0.2833579915853715
1882,0.5057466513770075,27,79,27,481687,123923,58953,49003,1.1479028493089778,0.28337554792223263
1883,0.5057885304613572,3,5,3,481692,123918,58956,49000,1.14785653414354,0.2833713089441238
1884,0.5057928943211821,1,13,1,481705,123905,58957,48999,1.1477361147134018,0.2833884699023736
1885,0.5058107017792859,0,3,0,481708,123902,58957,48999,1.1477083256141392,0.28339338696710836
1886,0.5058364427675982,0,1,0,481709,123901,58957,48999,1.1476990625810515,0.283395026026605
1887,0.5058536848941015,35,104,35,481813,123797,58992,48964,1.146735707139946,0.2834204479020149
1888,0.5058937294127843,0,3,0,481816,123794,58992,48964,1.1467079180406832,0.28342536959214626
1889,0.5059000953551988,12,71,12,481887,123723,59004,48952,1.146050242691467,0.2834921094541769
1890,0.5059063694973865,0,1,0,481888,123722,59004,48952,1.1460409796583793,0.2834937512306427
1891,0.505915716555659,16,105,16,481993,123617,59020,48936,1.145068361184186,0.28359982150411756
1892,0.5059454607501525,2,30,2,482023,123587,59022,48934,1.1447904701915594,0.2836408321305812
1893,0.5059795203221299,20,93,20,482116,123494,59042,48914,1.143929008114417,0.2837107326806181
1894,0.5059988707834415,85,277,85,482393,123217,59127,48829,1.1413631479491644,0.2838136312381572
1895,0.5060088053329721,0,1,0,482394,123216,59127,48829,1.141353884916077,0.28381528088581476
1896,0.5060419176919723,15,56,15,482450,123160,59142,48814,1.140835155063174,0.283845232418854
1897,0.5060640543430682,2,3,2,482453,123157,59144,48812,1.1408073659639113,0.28384185521809163
1898,0.5061045652286429,0,2,0,482455,123155,59144,48812,1.1407888398977362,0.2838451563381346
1899,0.5061555450249949,1,3,1,482458,123152,59145,48811,1.1407610507984733,0.2838459436041474
1900,0.5061887425720917,13,80,13,482538,123072,59158,48798,1.140020008151469,0.2839238959678827
1901,0.5062213817657589,15,35,15,482573,123037,59173,48783,1.1396958019934047,0.28391921778605517
1902,0.5062214239608461,0,4,0,482577,123033,59173,48783,1.1396587498610544,0.2839258276295572
1903,0.5062274774109257,4,4,4,482581,123029,59177,48779,1.1396216977287044,0.2839157664369529
1904,0.5062580031431866,111,410,111,482991,122619,59288,48668,1.1358238541628072,0.2841313117749742
1905,0.5062689725015544,77,325,77,483316,122294,59365,48591,1.132813368409352,0.28434912367966764
1906,0.5062720310009831,52,166,52,483482,122128,59417,48539,1.131275704916818,0.2844076476413132
1907,0.5062771525299656,0,1,0,483483,122127,59417,48539,1.1312664418837304,0.2844093140988832
1908,0.5062813244468153,2,14,2,483497,122113,59419,48537,1.1311367594205046,0.28442426018165834
1909,0.5062906549956304,95,340,95,483837,121773,59514,48442,1.1279873281707362,0.28459301471668186
1910,0.5063146918766823,13,46,13,483883,121727,59527,48429,1.1275612286487087,0.28461529420061593
1911,0.5063266239304212,0,1,0,483884,121726,59527,48429,1.1275519656156212,0.284616966883136
1912,0.5063272789098716,8,26,8,483910,121700,59535,48421,1.1273111267553448,0.28462682443672443
1913,0.506334123848191,101,312,101,484222,121388,59636,48320,1.124421060432028,0.2847243500601032
1914,0.5063748935258668,1,1,1,484223,121387,59637,48319,1.1244117973989403,0.28472181301780725
1915,0.5064544584129156,89,309,89,484532,121078,59726,48230,1.121549520174886,0.2848654523117632
1916,0.5064776970610223,71,254,71,484786,120824,59797,48159,1.1191967097706472,0.28499316499292826
1917,0.5065009802707912,1,5,1,484791,120819,59798,48158,1.1191503946052095,0.2849973665055007
1918,0.5065182621793862,117,464,117,485255,120355,59915,48041,1.1148523472525844,0.28528587377372383
1919,0.5065262468388505,30,155,30,485410,120200,59945,48011,1.1134165771240134,0.28542128636058284
1920,0.5065633692913696,0,9,0,485419,120191,59945,48011,1.1133332098262254,0.28543655842379995
1921,0.5065741197998881,49,173,49,485592,120018,59994,47962,1.1117307051020786,0.2855220859626146
1922,0.5065806603053884,110,355,110,485947,119663,60104,47852,1.108442328355997,0.2856580007760499
1923,0.5067489758647186,1,2,1,485949,119661,60105,47851,1.1084238022898218,0.28565714695066624
1924,0.5067636393439576,0,2,0,485951,119659,60105,47851,1.1084052762236467,0.285660557578652
1925,0.5067640797109827,3,26,3,485977,119633,60108,47848,1.1081644373633703,0.28569210835856007
1926,0.5067660806570076,0,6,0,485983,119627,60108,47848,1.108108859164845,0.2857023436333781
1927,0.50680755603537,1,0,1,485983,119627,60109,47847,1.108108859164845,0.2856980785077087
1928,0.5068233952027514,3,6,3,485989,119621,60112,47844,1.1080532809663197,0.28569551846654523
1929,0.506829396852887,332,1256,332,487245,118365,60444,47512,1.0964189114083516,0.2864291010809214
1930,0.506853369231284,83,225,83,487470,118140,60527,47429,1.0943347289636518,0.28646062970725195
1931,0.5069048747064477,5,11,5,487481,118129,60532,47424,1.0942328355996889,0.28645811311181313
1932,0.5069496932021845,0,5,0,487486,118124,60532,47424,1.094186520434251,0.28646676492618456
1933,0.5070195197440787,1,0,1,487486,118124,60533,47423,1.094186520434251,0.2864624547711526
1934,0.5070394310290598,3,7,3,487493,118117,60536,47420,1.094121679202638,0.2864616369754194
1935,0.5070615702207173,8,20,8,487513,118097,60544,47412,1.093936418540887,0.2864617634086364
1936,0.5070703198269714,1,16,1,487529,118081,60545,47411,1.0937882100114862,0.2864851473182994
1937,0.5071018234314125,3,13,3,487542,118068,60548,47408,1.0936677905813479,0.2864947182673016
1938,0.50712317040841,4,12,4,487554,118056,60552,47404,1.0935566341842973,0.2864982473105282
1939,0.5072099743870371,22,96,22,487650,117960,60574,47382,1.0926673830078921,0.2865696556228907
1940,0.5072102337386489,0,3,0,487653,117957,60574,47382,1.0926395939086295,0.28657485529729826
1941,0.5072227222603838,1,1,1,487654,117956,60575,47381,1.0926303308755418,0.286572273598771
1942,0.5072568466196232,2,11,2,487665,117945,60577,47379,1.0925284375115787,0.28658271031429194
1943,0.5072572105336857,2,5,2,487670,117940,60579,47377,1.092482122346141,0.28658274708590165
1944,0.507285646318355,0,2,0,487672,117938,60579,47377,1.0924635962799658,0.2865862141971388
1945,0.5072880356331817,0,1,0,487673,117937,60579,47377,1.0924543332468784,0.2865879477842167
1946,0.5072898598027182,2,6,2,487679,117931,60581,47375,1.092398755048353,0.28658971846151987
1947,0.5073023830191795,7,41,7,487720,117890,60588,47368,1.0920189706917633,0.2866306018468092
1948,0.5073028281594973,54,169,54,487889,117721,60642,47314,1.0904535180999666,0.2866907019723089
1949,0.5073356334956369,5,15,5,487904,117706,60647,47309,1.0903145726036534,0.28669514892585524
1950,0.5073462922195604,2,9,2,487913,117697,60649,47307,1.0902312053058654,0.28670214055416837
1951,0.507406673184953,2,7,2,487920,117690,60651,47305,1.0901663640742525,0.28670565774720447
1952,0.5074133646178985,116,401,116,488321,117289,60767,47189,1.0864518878061433,0.2869015917022337
1953,0.507429058955656,3,6,3,488327,117283,60770,47186,1.086396309607618,0.2868990508849692
1954,0.5074323048960899,1,7,1,488334,117276,60771,47185,1.086331468376005,0.28690692626215336
1955,0.5074445287983691,8,12,8,488346,117264,60779,47177,1.0862203119789544,0.2868931714110228
1956,0.5074883168513844,0,6,0,488352,117258,60779,47177,1.086164733780429,0.2869036397360659
1957,0.5075582641874449,2,11,2,488363,117247,60781,47175,1.086062840416466,0.28691415990560876
1958,0.5075687038449337,1,8,1,488371,117239,60782,47174,1.0859887361517655,0.28692378339912294
1959,0.5076036295906298,1,0,1,488371,117239,60783,47173,1.0859887361517655,0.2869194462691288
1960,0.5076150710260464,0,2,0,488373,117237,60783,47173,1.0859702100855904,0.28692293656103646
1961,0.5076368363419345,5,11,5,488384,117226,60788,47168,1.0858683167216274,0.2869204472182683
1962,0.5076395200320483,1,17,1,488401,117209,60789,47167,1.0857108451591388,0.28694578283934397
1963,0.5076511448048973,8,14,8,488415,117195,60797,47159,1.085581162695913,0.28693551723718314
1964,0.5076594012048008,0,1,0,488416,117194,60797,47159,1.0855718996628256,0.2869372630861621
1965,0.5076676224096444,8,30,8,488446,117164,60805,47151,1.085294008670199,0.2869549341204394
1966,0.5077397256820972,5,26,5,488472,117138,60810,47146,1.0850531698099226,0.28697864673370505
1967,0.5077460059792573,1,4,1,488476,117134,60811,47145,1.0850161176775723,0.28698129401810335
1968,0.5077575101569025,0,5,0,488481,117129,60811,47145,1.0849698025121346,0.28699002885423136
1969,0.5077599008218521,1,1,1,488482,117128,60812,47144,1.084960539479047,0.28698743547287425
1970,0.507814984511574,2,6,2,488488,117122,60814,47142,1.0849049612805217,0.2869892368382604
1971,0.5078849615335239,2,21,2,488509,117101,60816,47140,1.084710437585683,0.2870172490425655
1972,0.5079033672849282,0,3,0,488512,117098,60816,47140,1.0846826484864205,0.2870224917497778
1973,0.5079254884713603,0,7,0,488519,117091,60816,47140,1.0846178072548076,0.2870347254781375
1974,0.5079614645658468,2,5,2,488524,117086,60818,47138,1.0845714920893696,0.2870347817614965
1975,0.5079709318011143,1,9,1,488533,117077,60819,47137,1.0844881247915819,0.2870461714591935
1976,0.5079734661505072,2,3,2,488536,117074,60821,47135,1.084460335692319,0.2870427321279589
1977,0.5079852410732812,1,2,1,488538,117072,60822,47134,1.084441809626144,0.28704188641097156
1978,0.5080086811936894,0,1,0,488539,117071,60822,47134,1.0844325465930564,0.2870436344812886
1979,0.5080157028762782,1,4,1,488543,117067,60823,47133,1.0843954944607062,0.2870462850182704
1980,0.5080905458237588,2,3,2,488546,117064,60825,47131,1.0843677053614436,0.28704284539724106
1981,0.5080968657841013,2,15,2,488561,117049,60827,47129,1.0842287598651303,0.2870603856789582
1982,0.5081213030101726,1,0,1,488561,117049,60828,47128,1.0842287598651303,0.28705604317291705
1983,0.5081535782522778,2,1,2,488562,117048,60830,47126,1.0842194968320427,0.28704910643585463
1984,0.5081576391347354,7,14,7,488576,117034,60837,47119,1.084089814368817,0.2870431853210115
1985,0.5081764240294991,2,35,2,488611,116999,60839,47117,1.0837656082107525,0.2870957127885154
1986,0.5082043731073951,3,2,3,488613,116997,60842,47114,1.0837470821445774,0.28708617947608633
1987,0.5082156431475066,0,2,0,488615,116995,60842,47114,1.0837285560784022,0.287089678201683
1988,0.5082159304900182,3,18,3,488633,116977,60845,47111,1.0835618214828264,0.28710813709716737
1989,0.5082784693573192,58,289,58,488922,116688,60903,47053,1.080884804920523,0.2873623588472038
1990,0.5082793730749608,3,8,3,488930,116680,60906,47050,1.0808107006558227,0.28736334208758324
1991,0.5083033497019078,146,662,146,489592,116018,61052,46904,1.074678572751862,0.2878923656719166
1992,0.5083154960702458,390,1570,390,491162,114448,61442,46514,1.0601356108044018,0.2889750375865111
1993,0.508321114595363,91,364,91,491526,114084,61533,46423,1.0567638667605321,0.2892272611163376
1994,0.5083250008395401,2,2,2,491528,114082,61535,46421,1.056745340694357,0.2892220083113711
1995,0.5083286896061001,0,2,0,491530,114080,61535,46421,1.0567268146281819,0.28922561230148097
1996,0.5083466538742348,7,43,7,491573,114037,61542,46414,1.0563285042054171,0.2892721142280198
1997,0.508368347800372,4,13,4,491586,114024,61546,46410,1.0562080847752788,0.2892778338756124
1998,0.5083951758950881,77,280,77,491866,113744,61623,46333,1.0536144355107637,0.28944195605864675
1999,0.5083996650073177,0,2,0,491868,113742,61623,46333,1.0535959094445886,0.28944557238794316
2000,0.5084030165492528,0,1,0,491869,113741,61623,46333,1.053586646411501,0.28944738058647873
2001,0.5084242209854358,81,289,81,492158,113452,61704,46252,1.0509096298491978,0.28961077994289436
2002,0.5084421026784347,3,14,3,492172,113438,61707,46249,1.050779947385972,0.289622824650723
2003,0.5084423899383217,0,6,0,492178,113432,61707,46249,1.0507243691874468,0.28963370720373743
2004,0.5084640951812326,1,4,1,492182,113428,61708,46248,1.0506873170550965,0.28963651394073
2005,0.5084889202307309,1,0,1,492182,113428,61709,46247,1.0506873170550965,0.2896320651323
2006,0.5084931020031316,10,46,10,492228,113382,61719,46237,1.050261217533069,0.2896710291381352
2007,0.5085339190921396,2,0,2,492228,113382,61721,46235,1.050261217533069,0.289662128720625
2008,0.5085423455637218,10,26,10,492254,113356,61731,46225,1.0500203786727926,0.28966480972045544
2009,0.5085501684327328,4,9,4,492263,113347,61735,46221,1.0499370113750046,0.289663341020756
2010,0.5085867039037788,1,4,1,492267,113343,61736,46220,1.0498999592426543,0.28966615067402846
2011,0.5085907314979541,8,26,8,492293,113317,61744,46212,1.049659120382378,0.2896777388437212
2012,0.5085983373706258,5,32,5,492325,113285,61749,46207,1.0493627033235762,0.28971359065031477
2013,0.5086339956444632,105,340,105,492665,112945,61854,46102,1.0462132720738078,0.28986400246468025
2014,0.5086354926891257,3,17,3,492682,112928,61857,46099,1.0460558005113194,0.2898815924339892
2015,0.5086511346185374,9,13,9,492695,112915,61866,46090,1.0459353810811811,0.2898650985818056
2016,0.5086660915547588,2,0,2,492695,112915,61868,46088,1.0459353810811811,0.2898561662358572
2017,0.5086724773114566,2,10,2,492705,112905,61870,46086,1.0458427507503056,0.2898654640828726
2018,0.508691990728907,2,13,2,492718,112892,61872,46084,1.0457223313201676,0.2898802334943639
2019,0.5087207650418579,19,78,19,492796,112814,61891,46065,1.0449998147393382,0.2899376254885794
2020,0.5087292552977524,0,6,0,492802,112808,61891,46065,1.044944236540813,0.28994857527710816
2021,0.5087544377162497,1,8,1,492810,112800,61892,46064,1.0448701322761125,0.28995870681841074
2022,0.5087797963739585,0,1,0,492811,112799,61892,46064,1.044860869243025,0.28996053203074346
2023,0.5087869708860302,11,13,11,492824,112786,61903,46053,1.0447404498128867,0.28993509150775315
2024,0.5087897722064069,11,46,11,492870,112740,61914,46042,1.0443143502908592,0.28996989583202126
2025,0.5088178803011922,1,4,1,492874,112736,61915,46041,1.0442772981585091,0.28997272904765803
2026,0.5088213394722191,4,14,4,492888,112722,61919,46037,1.0441476156952834,0.2899804105594014
2027,0.5088246769486875,3,15,3,492903,112707,61922,46034,1.04400867019897,0.2899943933829319
2028,0.5088339010670216,0,6,0,492909,112701,61922,46034,1.0439530920004447,0.2900053548366775
2029,0.5088637501188013,1,5,1,492914,112696,61923,46033,1.0439067768350068,0.2900100170731246
2030,0.5088789594897287,1,2,1,492916,112694,61924,46032,1.0438882507688318,0.2900091982409939
2031,0.5089083938153631,6,6,6,492922,112688,61930,46026,1.0438326725703064,0.2899933213201104
2032,0.5089086051129516,92,387,92,493309,112301,62022,45934,1.040247878765423,0.2902897589028976
2033,0.5089250993620813,2,7,2,493316,112294,62024,45932,1.0401830375338101,0.2902936306296058
2034,0.5089312001547486,3,8,3,493324,112286,62027,45929,1.0401089332691096,0.2902948519419777
2035,0.5089332294076556,3,9,3,493333,112277,62030,45926,1.0400255659713216,0.29029790838353253
2036,0.508959353388657,13,49,13,493382,112228,62043,45913,1.0395716773500314,0.29032951606477764
2037,0.5089639993487054,6,6,6,493388,112222,62049,45907,1.0395160991515062,0.2903136047151376
2038,0.5089721134493302,2,17,2,493405,112205,62051,45905,1.0393586275890176,0.2903358421352223
2039,0.5090321433345488,26,88,26,493493,112117,62077,45879,1.038543480677313,0.2903807691333958
2040,0.509043086416746,139,530,139,494023,111587,62216,45740,1.0336340731409093,0.29073204217966403
2041,0.5090451675969905,0,2,0,494025,111585,62216,45740,1.0336155470747341,0.29073573812172254
2042,0.5090547689758471,11,31,11,494056,111554,62227,45729,1.03332839304902,0.2907434369893758
2043,0.5090574853069285,0,3,0,494059,111551,62227,45729,1.0333006039497572,0.290748982706002
2044,0.5090667675824921,47,104,47,494163,111447,62274,45682,1.0323372485086517,0.2907292733995634
2045,0.5090679563357717,13,41,13,494204,111406,62287,45669,1.031957464152062,0.2907464586980742
2046,0.5090845418598213,9,28,9,494232,111378,62296,45660,1.0316980992256104,0.29075765101440415
2047,0.5090945249290357,4,14,4,494246,111364,62300,45656,1.0315684167623846,0.2907655075786524
2048,0.5091206045578637,77,228,77,494474,111136,62377,45579,1.0294564452184223,0.2908400599814951
2049,0.5091292387241855,4,19,4,494493,111117,62381,45575,1.0292804475897588,0.2908572230873306
2050,0.5091317927133737,0,3,0,494496,111114,62381,45575,1.0292526584904962,0.2908627918998781
2051,0.509145901495268,4,5,4,494501,111109,62385,45571,1.0292063433250584,0.29085396987490425
2052,0.5091572287928323,542,2132,542,496633,108977,62927,45029,1.009457556782393,0.292384712283937
2053,0.5091586676585582,9,10,9,496643,108967,62936,45020,1.0093649264515172,0.29236234227564667
2054,0.5091954409925152,2,4,2,496647,108963,62938,45018,1.0093278743191672,0.2923607458063008
2055,0.509205897936402,0,4,0,496651,108959,62938,45018,1.0092908221868169,0.2923683407262124
2056,0.5092087011246983,7,30,7,496681,108929,62945,45011,1.0090129311941902,0.2923931401844875
2057,0.5092090018266809,0,3,0,496684,108926,62945,45011,1.0089851420949276,0.2923988384858741
2058,0.5092496332870815,609,2632,609,499316,106294,63554,44402,0.9846048390084849,0.2946461750809577
2059,0.5092631293518214,479,2220,479,501536,104074,64033,43923,0.9640409055541146,0.29678304289951823
2060,0.5092976062374932,3,11,3,501547,104063,64036,43920,0.9639390121901515,0.29679084759735913
2061,0.5092984712340558,4,14,4,501561,104049,64040,43916,0.9638093297269258,0.2967999188997398
2062,0.5093076247690129,21,92,21,501653,103957,64061,43895,0.9629571306828708,0.2968847225603982
2063,0.5093283958556067,38,174,38,501827,103783,64099,43857,0.9613453629256363,0.29705364399891626
2064,0.5093441247182595,0,1,0,501828,103782,64099,43857,0.9613360998925489,0.2970556560258468
2065,0.5093567665306318,9,49,9,501877,103733,64108,43848,0.9608822112712586,0.297111416781293
2066,0.5093637056991227,0,2,0,501879,103731,64108,43848,0.9608636852050836,0.29711544325412154
2067,0.509372642924278,4,13,4,501892,103718,64112,43844,0.9607432657749454,0.2971225654301243
2068,0.509399845951488,1,0,1,501892,103718,64113,43843,0.9607432657749454,0.2971178021292889
2069,0.5094176877016118,5,14,5,501906,103704,64118,43838,0.9606135833117196,0.2971221753805696
2070,0.5094264006670745,436,1529,436,503435,102175,64554,43402,0.9464504057208493,0.29813775527727593
2071,0.5094351752202915,0,1,0,503436,102174,64554,43402,0.9464411426877617,0.2981398032642743
2072,0.5094356877297213,454,1629,454,505065,100545,65008,42948,0.9313516617881359,0.2993037987915787
2073,0.5094638486413423,5,9,5,505074,100536,65013,42943,0.9312682944903479,0.299298155130716
2074,0.5094884814927833,471,1934,471,507008,98602,65484,42472,0.9133535884990182,0.301061854062407
2075,0.509506257198917,381,1233,381,508241,97369,65865,42091,0.9019322687020638,0.3018141402552703
2076,0.5095130643158139,1,1,1,508242,97368,65866,42090,0.9019230056689762,0.3018112980252119
2077,0.5095443536409586,0,3,0,508245,97365,65866,42090,0.9018952165697136,0.30181779068516723
2078,0.5095530854064442,13,50,13,508295,97315,65879,42077,0.9014320649153359,0.3018609389348026
2079,0.509553465288366,11,34,11,508329,97281,65890,42066,0.9011171217903591,0.30187948072079057
2080,0.5095816896628279,366,1673,366,510002,95608,66256,41700,0.8856200674348809,0.3036967984385469
2081,0.5095837768708742,0,6,0,510008,95602,66256,41700,0.8855644892363556,0.3037100697732007
2082,0.509588173465892,0,3,0,510011,95599,66256,41700,0.8855367001370928,0.303716705875498
2083,0.5096122595809671,15,52,15,510063,95547,66271,41685,0.8850550224165401,0.3037556838055264
2084,0.5096147547294336,1,8,1,510071,95539,66272,41684,0.8849809181518397,0.3037683187220801
2085,0.5096265801675246,0,1,0,510072,95538,66272,41684,0.8849716551187521,0.3037705324219149
2086,0.5096619874687851,0,4,0,510076,95534,66272,41684,0.8849346029864019,0.3037793875439082
2087,0.5096738457765138,0,4,0,510080,95530,66272,41684,0.8848975508540516,0.30378824318218256
2088,0.5096818271595367,1,4,1,510084,95526,66273,41683,0.8848604987217015,0.30379202530446253
2089,0.5097081870864779,1,7,1,510091,95519,66274,41682,0.8847956574900886,0.3038024504194576
2090,0.5097096377512653,213,973,213,511064,94546,66487,41469,0.8757827262958984,0.3048854905708929
2091,0.5097158604253815,255,946,255,512010,93600,66742,41214,0.8670198969950721,0.3057100894565846
2092,0.5097191926265611,0,14,0,512024,93586,66742,41214,0.8668902145318463,0.30574183976261127
2093,0.5097233559289367,4,0,4,512024,93586,66746,41210,0.8668902145318463,0.3057212380189323
2094,0.5097239719010069,22,79,22,512103,93507,66768,41188,0.8661584349179295,0.3057871487434574
2095,0.5097474429819548,48,82,48,512185,93425,66816,41140,0.86539886620475,0.30572585739233826
2096,0.5097649589233808,15,70,15,512255,93355,66831,41125,0.8647504538886213,0.30580755502676976
2097,0.509773789192343,7,48,7,512303,93307,66838,41118,0.8643058283004187,0.3058806025664869
2098,0.509783528086538,8,25,8,512328,93282,66846,41110,0.8640742524732299,0.3058961842966843
2099,0.5097955043575466,4,10,4,512338,93272,66850,41106,0.8639816221423543,0.3058982869219664
2100,0.5097996552253804,0,1,0,512339,93271,66850,41106,0.8639723591092667,0.3059005633404526
2101,0.5098048495650037,13,65,13,512404,93206,66863,41093,0.8633702619585757,0.3059814294968689
2102,0.5098087416051157,28,110,28,512514,93096,66891,41065,0.8623513283189448,0.3060874620791437
2103,0.5098174459248377,1,6,1,512520,93090,66892,41064,0.8622957501204195,0.30609597924773024
2104,0.5098370590753871,0,15,0,512535,93075,66892,41064,0.8621568046241062,0.30613020821684966
2105,0.5098568124149366,2,6,2,512541,93069,66894,41062,0.8621012264255808,0.30613355600122266
2106,0.5098741608061197,1,1,1,512542,93068,66895,41061,0.8620919633924933,0.30613066525509025
2107,0.5098865174244834,6,24,6,512566,93044,66901,41055,0.8618696505983919,0.30615440831027824
2108,0.5099040501780068,10,36,10,512602,93008,66911,41045,0.86153618140724,0.3061848671793992
2109,0.5099281572550147,1,0,1,512602,93008,66912,41044,0.86153618140724,0.3061796914630143
2110,0.5099608846038148,52,205,52,512807,92803,66964,40992,0.8596372596242914,0.306379162151052
2111,0.509961437963811,3,24,3,512831,92779,66967,40989,0.85941494683019,0.3064185754440524
2112,0.5099668063609136,0,3,0,512834,92776,66967,40989,0.8593871577309274,0.3064254476133518
2113,0.5100093223659877,2,11,2,512845,92765,66969,40987,0.8592852643669643,0.30644027752856035
2114,0.5100569395226514,75,316,75,513161,92449,67044,40912,0.8563581459112972,0.30677634390863895
2115,0.510060356892916,124,492,124,513653,91957,67168,40788,0.8518007336322205,0.30726581038833856
2116,0.5100635584776364,3,26,3,513679,91931,67171,40785,0.8515598947719442,0.3073103469061756
2117,0.5100830309955604,9,29,9,513708,91902,67180,40776,0.8512912668124051,0.30733052955275175
2118,0.5100929278825096,0,1,0,513709,91901,67180,40776,0.8512820037793175,0.30733284593411064
2119,0.5101183117441672,5,19,5,513728,91882,67185,40771,0.851106006150654,0.30735075723881106
2120,0.5101201081682484,0,4,0,513732,91878,67185,40771,0.8510689540183037,0.3073600253300063
2121,0.510131410074122,68,285,68,514017,91593,67253,40703,0.8484289895883508,0.3076661425893451
2122,0.5101501474750075,5,16,5,514033,91577,67258,40698,0.84828078105895,0.30767718767718766
2123,0.5101557437616012,233,954,233,514987,90623,67491,40465,0.8394438474934233,0.30868576833882583
2124,0.5102172335546166,201,824,201,515811,89799,67692,40264,0.8318111082292786,0.3095730530589022
2125,0.5102205756080512,12,27,12,515838,89772,67704,40252,0.8315610063359147,0.30957361717836707
2126,0.5102280461260691,1,9,1,515847,89763,67705,40251,0.8314776390381267,0.30958973648991645
2127,0.5102390531749534,12,50,12,515897,89713,67717,40239,0.831014487383749,0.30964509972913073
2128,0.5102417777608157,2,3,2,515900,89710,67719,40237,0.8309866982844862,0.3096416231232733
2129,0.5102439850984571,0,1,0,515901,89709,67719,40237,0.8309774352513987,0.3096440059717113
2130,0.5102518993733675,68,266,68,516167,89443,67787,40169,0.8285134684501093,0.30991729160880166
2131,0.5102618664512824,5,10,5,516177,89433,67792,40164,0.8284208381192337,0.30991458135604993
2132,0.5102682997571999,0,1,0,516178,89432,67792,40164,0.8284115750861462,0.3099169727460724
2133,0.5102696844633753,32,84,32,516262,89348,67824,40132,0.8276334803067916,0.30994748223663887
2134,0.5102757505622512,4,7,4,516269,89341,67828,40128,0.8275686390751787,0.3099429206991635
2135,0.5102847981090423,2,1,2,516270,89340,67830,40126,0.8275593760420912,0.3099346546583659
2136,0.5103035656332532,46,172,46,516442,89168,67876,40080,0.8259661343510319,0.3101015102748205
2137,0.5103169102013677,2,3,2,516445,89165,67878,40078,0.8259383452517692,0.31009803238860134
2138,0.5103474834623721,112,284,112,516729,88881,67990,39966,0.8233076438549038,0.31018184358192274
2139,0.5103483007747882,1,5,1,516734,88876,67991,39965,0.8232613286894661,0.31018852694406285
2140,0.510350636379581,1,0,1,516734,88876,67992,39964,0.8232613286894661,0.31018317292766223
2141,0.5103627126333589,4,13,4,516747,88863,67996,39960,0.8231409092593279,0.31019305558789967
2142,0.5103702531569008,1,13,1,516760,88850,67997,39959,0.8230204898291896,0.3102190064358857
2143,0.5103939019689714,2,2,2,516762,88848,67999,39957,0.8230019637630146,0.31021311284499825
2144,0.5104280959779126,1,0,1,516762,88848,68000,39956,0.8230019637630146,0.3102077575230583
2145,0.510428217098834,0,1,0,516763,88847,68000,39956,0.822992700729927,0.3102101659122847
2146,0.5104304030350822,30,92,30,516855,88755,68030,39926,0.822140501685872,0.3102711355988841
2147,0.5104306951487697,1,5,1,516860,88750,68031,39925,0.8220941865204342,0.3102778317466485
2148,0.5104494316507777,0,1,0,516861,88749,68031,39925,0.8220849234873467,0.3102802430949531
2149,0.5104499763838932,78,251,78,517112,88498,68109,39847,0.8197599021823706,0.31046787954341815
2150,0.5104513159094564,5,14,5,517126,88484,68114,39842,0.8196302197191448,0.31047488427910164
2151,0.5104752703544065,1,8,1,517134,88476,68115,39841,0.8195561154544444,0.31048886741429427
2152,0.510475479539637,2,9,2,517143,88467,68117,39839,0.8194727481566564,0.3104998986797188
2153,0.5104813280041206,19,84,19,517227,88383,68136,39820,0.8186946533773019,0.31060115597918925
2154,0.5104872867170622,8,15,8,517242,88368,68144,39812,0.8185557078809885,0.3105944765173974
2155,0.5105038526182542,109,344,109,517586,88024,68253,39703,0.81536922449887,0.3108426566035372
2156,0.5105228266880883,70,315,70,517901,87709,68323,39633,0.8124513690762903,0.3112327433211352
2157,0.5105418181229042,63,233,63,518134,87476,68386,39570,0.8102930823668902,0.3114619901453017
2158,0.5105461126184971,1,0,1,518134,87476,68387,39569,0.8102930823668902,0.31145657050651343
2159,0.5105589698836883,1,0,1,518134,87476,68388,39568,0.8102930823668902,0.3114511507824061
2160,0.5105600496020527,127,427,127,518561,87049,68515,39441,0.8063377672385046,0.3118112103723614
2161,0.51058475710272,23,61,23,518622,86988,68538,39418,0.8057727222201637,0.311836463459013
2162,0.5105939811897391,1,0,1,518622,86988,68539,39417,0.8057727222201637,0.3118310193425893
2163,0.5106106296660913,4,4,4,518626,86984,68543,39413,0.8057356700878135,0.31181910963076653
2164,0.5106159337941797,1,14,1,518640,86970,68544,39412,0.8056059876245878,0.3118482062319001
2165,0.510616559847094,1,14,1,518654,86956,68545,39411,0.805476305161362,0.31187730974067596
2166,0.5106179649010228,7,20,7,518674,86936,68552,39404,0.805291044499611,0.3118885546936837
2167,0.5106195103237715,1,0,1,518674,86936,68553,39403,0.805291044499611,0.31188310814554493
2168,0.5106356065685527,0,1,0,518675,86935,68553,39403,0.8052817814665234,0.31188557678608175
2169,0.5106503016496775,0,1,0,518676,86934,68553,39403,0.8052725184334358,0.31188804546569887
2170,0.5106569360421371,0,1,0,518677,86933,68553,39403,0.8052632554003483,0.31189051418439717
2171,0.5106673782636852,0,1,0,518678,86932,68553,39403,0.8052539923672607,0.31189298294217754
2172,0.5106837099378677,0,3,0,518681,86929,68553,39403,0.8052262032679981,0.3119003894500206
2173,0.510685749730786,0,1,0,518682,86928,68553,39403,0.8052169402349105,0.31190285836413867
2174,0.5106936043340843,1,5,1,518687,86923,68554,39402,0.8051706250694728,0.31190975658024933
2175,0.5106972438580246,0,1,0,518688,86922,68554,39402,0.8051613620363852,0.31191222570532917
2176,0.5107068162540844,0,1,0,518689,86921,68554,39402,0.8051520990032976,0.3119146948695012
2177,0.5107100088060916,1,0,1,518689,86921,68555,39401,0.8051520990032976,0.31190924779531676
2178,0.5107110602420915,1,1,1,518690,86920,68556,39400,0.8051428359702101,0.31190626979100694
2179,0.5107184501834887,1,12,1,518702,86908,68557,39399,0.8050316795731595,0.3119304551608383
2180,0.5107413906612919,0,1,0,518703,86907,68557,39399,0.8050224165400719,0.3119329248016721
2181,0.5107657195088512,112,342,112,519045,86565,68669,39287,0.8018544592241283,0.3121682611321234
2182,0.5107666256292669,15,33,15,519078,86532,68684,39272,0.8015487791322391,0.3121681345585196
2183,0.5107790872532006,2,10,2,519088,86522,68686,39270,0.8014561488013635,0.3121820147545154
2184,0.5107998196634714,12,48,12,519136,86474,68698,39258,0.8010115232131609,0.3122355486272389
2185,0.5108057539463591,89,301,89,519437,86173,68787,39169,0.7982233502538071,0.31249700818560416
2186,0.510822205837103,5,8,5,519445,86165,68792,39164,0.7981492459891066,0.312489527563453
2187,0.5108412372933842,0,1,0,519446,86164,68792,39164,0.7981399829560191,0.31249202093706113
2188,0.5108465305793484,14,53,14,519499,86111,68806,39150,0.7976490422023788,0.31254740102665635
2189,0.5108470239661076,0,5,0,519504,86106,68806,39150,0.797602727036941,0.3125598773711439
2190,0.5108540348850282,7,24,7,519528,86082,68813,39143,0.7973804142428397,0.3125813535635856
2191,0.5108672026072459,0,2,0,519530,86080,68813,39143,0.7973618881766645,0.31258634595880946
2192,0.5108687722118981,0,1,0,519531,86079,68813,39143,0.797352625143577,0.31258884221622396
2193,0.5108892632846054,1,0,1,519531,86079,68814,39142,0.797352625143577,0.31258335263254566
2194,0.5108906567795657,95,334,95,519865,85745,68909,39047,0.7942587720923339,0.3128966600423104
2195,0.510904489453479,0,1,0,519866,85744,68909,39047,0.7942495090592464,0.312899167407906
2196,0.5109089863330615,95,305,95,520171,85439,69004,38952,0.7914242839675424,0.31314162600188117
2197,0.5109517556857037,40,105,40,520276,85334,69044,38912,0.7904516654933491,0.31318513272057047
2198,0.5109677267208482,2,20,2,520296,85314,69046,38910,0.790266404831598,0.31322449768160743
2199,0.5109689102613136,218,843,218,521139,84471,69264,38692,0.7824576679387899,0.31415278939291835
2200,0.5109690264813203,34,108,34,521247,84363,69298,38658,0.781457260365334,0.31423903236032874
2201,0.5109721256519655,632,1983,632,523230,82380,69930,38026,0.7630886657527141,0.3158148265036626
2202,0.5109805945776142,23,81,23,523311,82299,69953,38003,0.7623383600726222,0.3158966600721517
2203,0.511001730123944,2,7,2,523318,82292,69955,38001,0.7622735188410092,0.31590366854264174
2204,0.5110044511113339,1,1,1,523319,82291,69956,38000,0.7622642558079218,0.3159006076930111
2205,0.5110064690687537,2,27,2,523346,82264,69958,37998,0.7620141539145577,0.3159601536644992
2206,0.5110149898075901,0,2,0,523348,82262,69958,37998,0.7619956278483827,0.31596540828205555
2207,0.5110198840911954,81,269,81,523617,81993,70039,37917,0.7595038719478306,0.31621215911933953
2208,0.5110325198720467,17,53,17,523670,81940,70056,37900,0.7590129311941902,0.31625500667556744
2209,0.5110376082254918,0,1,0,523671,81939,70056,37900,0.7590036681611027,0.31625764567461345
2210,0.5110769806948787,1,1,1,523672,81938,70057,37899,0.7589944051280151,0.3162545791366606
2211,0.5110797487371237,9,14,9,523686,81924,70066,37890,0.7588647226647893,0.3162401722670139
2212,0.5110948350602724,50,209,50,523895,81715,70116,37840,0.7569287487494906,0.31650704696583165
2213,0.5111319703569702,1,0,1,523895,81715,70117,37839,0.7569287487494906,0.31650132994295466
2214,0.5111374831815634,21,48,21,523943,81667,70138,37818,0.7564841231612879,0.31650834832824204
2215,0.5111383685263283,633,2296,633,526239,79371,70771,37185,0.7352161991922636,0.319031195305261
2216,0.5111531939464373,1,2,1,526241,79369,70772,37184,0.7351976731260884,0.3190308271773356
2217,0.5111547230348475,5,12,5,526253,79357,70777,37179,0.7350865167290378,0.3190344614539713
2218,0.511184558520718,2,2,2,526255,79355,70779,37177,0.7350679906628627,0.3190282497511413
2219,0.511195679717359,15,35,15,526290,79320,70794,37162,0.7347437845047983,0.3190364176439278
2220,0.5112031040807428,0,7,0,526297,79313,70794,37162,0.7346789432731854,0.3190555913286113
2221,0.5112056181368086,0,5,0,526302,79308,70794,37162,0.7346326281077477,0.31906928822872843
2222,0.5112087612154073,670,2365,670,528667,76943,71464,36492,0.7127255548556819,0.3216996517829594
2223,0.5112132307054094,12,32,12,528699,76911,71476,36480,0.7124291377968802,0.32171865491970264
2224,0.5112242374382662,1,7,1,528706,76904,71477,36479,0.7123642965652673,0.32173253485972325
2225,0.5112279950250362,1,1,1,528707,76903,71478,36478,0.7123550335321798,0.32172939028585035
2226,0.511231844376907,34,91,34,528798,76812,71512,36444,0.7115120975212124,0.3217842763297309
2227,0.5112377812860923,0,2,0,528800,76810,71512,36444,0.7114935714550372,0.32178995885355044
2228,0.5112646239483477,39,102,39,528902,76708,71551,36405,0.7105487420801068,0.3218462952976227
2229,0.5112697968030878,3,10,3,528912,76698,71554,36402,0.7104561117492312,0.3218567639257294
2230,0.511280859316935,5,29,5,528941,76669,71559,36397,0.7101874837896921,0.3219093272955619
2231,0.5112882030820944,1,1,1,528942,76668,71560,36396,0.7101782207566045,0.3219061770324772
2232,0.5112958057330244,2,6,2,528948,76662,71562,36394,0.7101226425580792,0.3219112652136994
2233,0.5113009840670685,15,78,15,529026,76584,71577,36379,0.70940012597725,0.3220435009693439
2234,0.5113051597605209,3,10,3,529036,76574,71580,36376,0.7093074956463744,0.3220540061974325
2235,0.5113232266873949,1,3,1,529039,76571,71581,36375,0.7092797065471118,0.3220565580011687
2236,0.5113260023223085,0,3,0,529042,76568,71581,36375,0.7092519174478491,0.32206511249037123
2237,0.511350174132422,1,13,1,529055,76555,71582,36374,0.7091314980177109,0.3220961843282062
2238,0.5113733404772504,4,15,4,529070,76540,71586,36370,0.7089925525213976,0.3221149588167567
2239,0.5114015169801538,0,1,0,529071,76539,71586,36370,0.70898328948831,0.32211781168905934
2240,0.5114895031734767,3,2,3,529073,76537,71589,36367,0.708964763422135,0.3221055055622476
2241,0.5115021767326231,0,5,0,529078,76532,71589,36367,0.7089184482566971,0.3221197707685631
2242,0.5115065407574971,1,2,1,529080,76530,71590,36366,0.7088999221905221,0.3221194727891156
2243,0.511532426271341,1,11,1,529091,76519,71591,36365,0.708798028826559,0.32214485666702103
2244,0.5115362427931517,0,1,0,529092,76518,71591,36365,0.7087887657934714,0.32214771046127405
2245,0.5115380698686269,4,23,4,529115,76495,71595,36361,0.7085757160324576,0.32218933862621396
2246,0.511547243145497,2,9,2,529124,76486,71597,36359,0.7084923487346697,0.3222030218441225
2247,0.5115502499248827,1,0,1,529124,76486,71598,36358,0.7084923487346697,0.3221970153486229
2248,0.5115536167126145,0,1,0,529125,76485,71598,36358,0.7084830857015821,0.3221998706166975
2249,0.5115693948279911,2,9,2,529134,76476,71600,36356,0.7083997184037941,0.32221355643788996
2250,0.5115954969633758,12,39,12,529173,76437,71612,36344,0.7080384601133796,0.32225286174089607
2251,0.5115983709499645,1,3,1,529176,76434,71613,36343,0.7080106710141169,0.32225542442164623
2252,0.5115993695066062,3,18,3,529194,76416,71616,36340,0.7078439364185409,0.32228883607080777
2253,0.5116029814874536,23,53,23,529247,76363,71639,36317,0.7073529956649005,0.32230209442669505
2254,0.5116333422865038,507,1635,507,530882,74728,72146,35810,0.6922079365667494,0.3239609907904974
2255,0.5116349354308267,597,2075,597,532957,72653,72743,35213,0.6729871429100744,0.326451337770938
2256,0.511659320663538,3,11,3,532968,72642,72746,35210,0.6728852495461114,0.32646589771167894
2257,0.5116711899240042,2,11,2,532979,72631,72748,35208,0.6727833561821482,0.3264867070354881
2258,0.5116723011491168,24,65,24,533044,72566,72772,35184,0.6721812590314573,0.3265336426914153
2259,0.5116942397359974,13,62,13,533106,72504,72785,35171,0.6716069509800289,0.3266403529138612
2260,0.5116982656410543,25,120,25,533226,72384,72810,35146,0.6704953870095224,0.3268483213986794
2261,0.5117076031659723,8,8,8,533234,72376,72818,35138,0.6704212827448219,0.32682255334189036
2262,0.5117303112528072,1,2,1,533236,72374,72819,35137,0.6704027566786469,0.32682237166429484
2263,0.5117416641283806,7,18,7,533254,72356,72826,35130,0.6702360220830709,0.32683326200621476
2264,0.5117433951210197,13,53,13,533307,72303,72839,35117,0.6697450813294306,0.32691305157326384
2265,0.5117686424750805,1,3,1,533310,72300,72840,35116,0.6697172922301678,0.32691591569226186
2266,0.5117926771541917,19,60,19,533370,72240,72859,35097,0.6691615102449145,0.3269795131222225
2267,0.5117999508116112,37,56,37,533426,72184,72896,35060,0.6686427803920115,0.3269180560217821
2268,0.5118190225046886,10,38,10,533464,72146,72906,35050,0.6682907851346845,0.32697115564013585
2269,0.511822118530825,1,8,1,533472,72138,72907,35049,0.6682166808699841,0.3269892804164684
2270,0.5118320447175885,27,65,27,533537,72073,72934,35022,0.667614583719293,0.3270180680704048
2271,0.5118352638565706,2,3,2,533540,72070,72936,35020,0.6675867946200303,0.3270146605658792
2272,0.5118471506190624,95,279,95,533819,71791,73031,34925,0.6650024083886028,0.3272705123880205
2273,0.511864629227333,3,2,3,533821,71789,73034,34922,0.6649838823224277,0.3272577335045122
2274,0.5118783171094663,14,66,14,533887,71723,73048,34908,0.6643725221386491,0.3273719650007971
2275,0.5118886618399023,6,35,6,533922,71688,73054,34902,0.6640483159805847,0.327441598649029
2276,0.5119110588570653,0,2,0,533924,71686,73054,34902,0.6640297899144095,0.3274477427102488
2277,0.5119335327464276,1,6,1,533930,71680,73055,34901,0.6639742117158842,0.3274598662050459
2278,0.5119609141743829,34,79,34,534009,71601,73089,34867,0.6632424321019674,0.3274880715332306
2279,0.5120286343536646,6,10,6,534019,71591,73095,34861,0.663149801771092,0.3274809303723744
2280,0.5120386768688546,5,19,5,534038,71572,73100,34856,0.6629738041424283,0.32750779869959035
2281,0.5120429098795575,0,2,0,534040,71570,73100,34856,0.6629552780762533,0.3275139533572623
2282,0.5120450479837285,0,2,0,534042,71568,73100,34856,0.6629367520100782,0.32752010824626027
2283,0.5120462514089191,31,75,31,534117,71493,73131,34825,0.6622420245285117,0.3275550706371452
2284,0.5120545998094442,1,1,1,534118,71492,73132,34824,0.6622327614954241,0.3275518266300463
2285,0.5120693499397965,13,16,13,534134,71476,73145,34811,0.6620845529660232,0.3275188875403389
2286,0.5120743761195907,0,1,0,534135,71475,73145,34811,0.6620752899329356,0.32752196902696495
2287,0.5120759263115213,45,84,45,534219,71391,73190,34766,0.6612971951535811,0.3274960671458312
2288,0.5121059468915944,93,323,93,534542,71068,73283,34673,0.658305235466301,0.3279049753643336
2289,0.5121068139151592,2,12,2,534554,71056,73285,34671,0.6581940790692504,0.32792947875187983
2290,0.5121078455862598,8,48,8,534602,71008,73293,34663,0.6577494534810479,0.32802755722951427
2291,0.5121322072823176,2,3,2,534605,71005,73295,34661,0.6577216643817851,0.3280241515719342
2292,0.512190416205941,91,310,91,534915,70695,73386,34570,0.6548501241246434,0.3284092528380753
2293,0.5122174491913558,83,232,83,535147,70463,73469,34487,0.6527011004483309,0.3286040971891377
2294,0.5122288647163068,0,1,0,535148,70462,73469,34487,0.6526918374152433,0.3286072282727801
2295,0.5122337694650391,9,52,9,535200,70410,73478,34478,0.6522101596946904,0.32871253146213103
2296,0.5122435057927772,1,0,1,535200,70410,73479,34477,0.6522101596946904,0.32870613136041643
2297,0.5122462268151722,9,29,9,535229,70381,73488,34468,0.6519415317351513,0.3287394252687198
2298,0.512264643980707,19,45,19,535274,70336,73507,34449,0.6515246952462114,0.3287588872453118
2299,0.5122688965025957,96,293,96,535567,70043,73603,34353,0.6488106265515581,0.329064331966742
2300,0.512296144559224,16,52,16,535619,69991,73619,34337,0.6483289488310052,0.3291254505022621
2301,0.5123435585812615,6,26,6,535645,69965,73625,34331,0.6480881099707289,0.3291689038889315
2302,0.5123760492735867,5,9,5,535654,69956,73630,34326,0.6480047426729408,0.32916514834774935
2303,0.5123981897523429,85,268,85,535922,69688,73715,34241,0.6455222498054763,0.32946530804683966
2304,0.5124004411680199,3,20,3,535942,69668,73718,34238,0.6453369891437252,0.3295093642330568
2305,0.5124218315952238,2,3,2,535945,69665,73720,34236,0.6453092000444626,0.329505972031068
2306,0.5124370563477723,114,408,114,536353,69257,73834,34122,0.6415298825447404,0.330067034891032
2307,0.5124684003959874,0,1,0,536354,69256,73834,34122,0.6415206195116528,0.33007022770802297
2308,0.5124821406701282,0,9,0,536363,69247,73834,34122,0.6414372522138649,0.3300989658408227
2309,0.5124945171344782,3,2,3,536365,69245,73837,34119,0.6414187261476898,0.3300859099880036
2310,0.512499517420465,63,192,63,536557,69053,73900,34056,0.6396402237948794,0.33029124518713204
2311,0.5124999408351413,1,3,1,536560,69050,73901,34055,0.6396124346956167,0.33029436011832597
2312,0.5125489968226029,145,432,145,536992,68618,74046,33910,0.6356108044017933,0.33073892009987516
2313,0.512563978985044,1,5,1,536997,68613,74047,33909,0.6355644892363556,0.3307485222683912
2314,0.5125813929171154,7,21,7,537018,68592,74054,33902,0.6353699655415169,0.3307705816925869
2315,0.5125926735282792,3,4,3,537022,68588,74057,33899,0.6353329134091666,0.33076390176315046
2316,0.5125971722742834,5,6,5,537028,68582,74062,33894,0.6352773352106413,0.33075061477809437
2317,0.5126068390706504,2,7,2,537035,68575,74064,33892,0.6352124939790285,0.33076014716933255
2318,0.5126453211413906,0,2,0,537037,68573,74064,33892,0.6351939679128534,0.3307666032303713
2319,0.5126541412604707,91,303,91,537340,68270,74155,33801,0.6323872688873244,0.33115184528416497
2320,0.5126581108648187,22,94,22,537434,68176,74177,33779,0.6315165437770943,0.3313128340934726
2321,0.5126701178661565,0,1,0,537435,68175,74177,33779,0.6315072807440069,0.33131608372403243
2322,0.5126770874961921,24,69,24,537504,68106,74201,33755,0.6308681314609655,0.3313829630574999
2323,0.5126819732734471,1,4,1,537508,68102,74202,33754,0.6308310793286154,0.3313894125039271
2324,0.5126826230114097,9,41,9,537549,68061,74211,33745,0.6304512949720257,0.331463764414671
2325,0.512718807225001,0,2,0,537551,68059,74211,33745,0.6304327689058505,0.3314702762170445
2326,0.5127247954321792,1,3,1,537554,68056,74212,33744,0.6304049798065878,0.33147347740667976
2327,0.5127350022642001,17,40,17,537594,68016,74229,33727,0.6300344584830857,0.3314920928221106
2328,0.5127510899545014,104,311,104,537905,67705,74333,33623,0.6271536551928564,0.331823385441339
2329,0.5127515448405986,1,8,1,537913,67697,74334,33622,0.6270795509281559,0.3318429909493777
2330,0.5127722202233077,59,172,59,538085,67525,74393,33563,0.6254863092370966,0.3320176479898702
2331,0.5128174417889946,0,2,0,538087,67523,74393,33563,0.6254677831709214,0.33202421700334367
2332,0.512834598699267,98,349,98,538436,67174,74491,33465,0.6222349846233651,0.3325251642007572
2333,0.5128433828577335,5,23,5,538459,67151,74496,33460,0.6220219348623514,0.33256800946218606
2334,0.5129088132430968,11,45,11,538504,67106,74507,33449,0.6216050983734114,0.3326438267614738
2335,0.512918418075185,115,435,115,538939,66671,74622,33334,0.6175756789803253,0.3333233338333083
2336,0.512928253470569,97,359,97,539298,66312,74719,33237,0.6142502501018934,0.33387577976674804
2337,0.5129460183233394,16,33,16,539331,66279,74735,33221,0.613944570010004,0.33387939698492464
2338,0.512952517835933,1,15,1,539346,66264,74736,33220,0.6138056245136908,0.3339230429013711
2339,0.5129965342997572,0,1,0,539347,66263,74736,33220,0.6137963614806032,0.3339263994853392
2340,0.5130027758508094,2,11,2,539358,66252,74738,33218,0.6136944681166401,0.3339499346536644
2341,0.5130177109293065,0,2,0,539360,66250,74738,33218,0.613675942050465,0.3339566493746733
2342,0.5130202234853547,2,11,2,539371,66239,74740,33216,0.6135740486865019,0.33398019204665425
2343,0.5130612545932,0,1,0,539372,66238,74740,33216,0.6135647856534143,0.33398355018400466
2344,0.5130657345389077,0,1,0,539373,66237,74740,33216,0.6135555226203268,0.3339869083888872
2345,0.5130800903669452,15,20,15,539393,66217,74755,33201,0.6133702619585757,0.3339536100102597
2346,0.513081636253945,5,36,5,539429,66181,74760,33196,0.6130367927674237,0.3340410759028749
2347,0.513084251977635,4,8,4,539437,66173,74764,33192,0.6129626885027233,0.33404116137472956
2348,0.513105799237659,0,8,0,539445,66165,74764,33192,0.612888584238023,0.3340680576104351
2349,0.5131454864854128,2,5,2,539450,66160,74766,33190,0.6128422690725851,0.33407146451937597
2350,0.5132205799833194,8,14,8,539464,66146,74774,33182,0.6127125866093593,0.33406491623711343
2351,0.5132212466606095,47,179,47,539643,65967,74821,33135,0.6110545036866871,0.33435248531815703
2352,0.5132404378489408,6,19,6,539662,65948,74827,33129,0.6108785060580236,0.3343762931861078
2353,0.5132568809438359,4,14,4,539676,65934,74831,33125,0.6107488235947979,0.334396672690013
2354,0.5132635372894356,8,20,8,539696,65914,74839,33117,0.6105635629330468,0.33441043713584634
2355,0.513292106203161,1,2,1,539698,65912,74840,33116,0.6105450368668717,0.33441046976612676
2356,0.5133401803979687,9,12,9,539710,65900,74849,33107,0.610433880469821,0.3343904976415809
2357,0.5133478814710406,2,6,2,539716,65894,74851,33105,0.6103783022712957,0.3343973171446176
2358,0.5133987648662784,4,17,4,539733,65877,74855,33101,0.6102208307088073,0.33442785265412517
2359,0.5135272919868654,20,45,20,539778,65832,74875,33081,0.6098039942198673,0.3344454217342513
2360,0.5135326994866373,0,1,0,539779,65831,74875,33081,0.6097947311867798,0.3344488029763831
2361,0.5135561699336513,4,14,4,539793,65817,74879,33077,0.6096650487235541,0.3344692296802637
2362,0.5135999319478016,1,2,1,539795,65815,74880,33076,0.609646522657379,0.3344692641393049
2363,0.5136070573034625,0,1,0,539796,65814,74880,33076,0.6096372596242914,0.3344726463747598
2364,0.5136302035854025,2,12,2,539808,65802,74882,33074,0.6095261032272408,0.33449977749908977
2365,0.5136436295154092,0,2,0,539810,65800,74882,33074,0.6095075771610656,0.3345065436818577
2366,0.5136578097283835,18,64,18,539874,65736,74900,33056,0.6089147430434622,0.33460199206413477
2367,0.513666824391348,27,69,27,539943,65667,74927,33029,0.608275593760421,0.3346538866823377
2368,0.5136782829536023,4,4,4,539947,65663,74931,33025,0.6082385416280707,0.3346404831387808
2369,0.5136840659886106,2,13,2,539960,65650,74933,33023,0.6081181221979325,0.334671085301957
2370,0.5137152954750723,8,21,8,539981,65629,74941,33015,0.6079235985030939,0.334688374356271
2371,0.5138023080637856,0,2,0,539983,65627,74941,33015,0.6079050724369187,0.3346951602765556
2372,0.5138064166980556,0,1,0,539984,65626,74941,33015,0.6078958094038311,0.33469855333988907
2373,0.5138389010302229,28,53,28,540037,65573,74969,32987,0.6074048686501908,0.3346895292207792
2374,0.5138691074955752,0,2,0,540039,65571,74969,32987,0.6073863425840157,0.33469632094807117
2375,0.513886388697272,17,78,17,540117,65493,74986,32970,0.6066638260031865,0.3348465921208982
2376,0.5139199167944841,0,3,0,540120,65490,74986,32970,0.6066360369039239,0.3348567946374162
2377,0.5139202788219035,98,255,98,540375,65235,75084,32872,0.6042739634665975,0.3350627376232073
2378,0.5139373209533531,23,52,23,540427,65183,75107,32849,0.6037922857460447,0.33508446221641913
2379,0.5139484284518167,5,18,5,540445,65165,75112,32844,0.6036255511504687,0.3351120815435317
2380,0.5140120454203123,11,33,11,540478,65132,75123,32833,0.6033198710585794,0.3351503087837493
2381,0.5140708626743907,0,2,0,540480,65130,75123,32833,0.6033013449924043,0.33515715116931905
2382,0.5141071189321852,0,2,0,540482,65128,75123,32833,0.6032828189262293,0.33516399383428097
2383,0.5141196712856908,0,3,0,540485,65125,75123,32833,0.6032550298269665,0.3351742583556218
2384,0.514120318784479,1,13,1,540498,65112,75124,32832,0.6031346103968284,0.3352119578534673
2385,0.514133457050643,0,2,0,540500,65110,75124,32832,0.6031160843306532,0.3352188029650201
2386,0.5141374018606407,0,1,0,540501,65109,75124,32832,0.6031068212975657,0.33522222562563175
2387,0.5141566419547412,0,1,0,540502,65108,75124,32832,0.6030975582644781,0.3352256483561364
2388,0.5141811987191057,1,1,1,540503,65107,75125,32831,0.6030882952313905,0.3352222834854704
2389,0.5141907469994116,2,17,2,540520,65090,75127,32829,0.6029308236689022,0.3352669042780257
2390,0.5141937580362448,2,10,2,540530,65080,75129,32827,0.6028381933380266,0.3352875688153043
2391,0.5141964164382558,66,182,66,540712,64898,75195,32761,0.6011523213160918,0.33546319335647506
2392,0.514196608138959,4,6,4,540718,64892,75199,32757,0.6010967431175664,0.3354565842968182
2393,0.5142143487923182,1,0,1,540718,64892,75200,32756,0.6010967431175664,0.3354497787973128
2394,0.5142424953849006,1,3,1,540721,64889,75201,32755,0.6010689540183037,0.3354532792593503
2395,0.5142710546941912,147,363,147,541084,64526,75348,32608,0.5977064730075216,0.3357011962855437
2396,0.514289532643263,2,12,2,541096,64514,75350,32606,0.5975953166104709,0.33572899505766063
2397,0.5143021510389936,5,14,5,541110,64500,75355,32601,0.5974656341472452,0.33574319522970925
2398,0.5143230654877182,18,71,18,541181,64429,75373,32583,0.5968079587980288,0.3358656661031625
2399,0.5144053430787014,3,4,3,541185,64425,75376,32580,0.5967709066656786,0.3358589763414257
2400,0.5144070023136614,0,1,0,541186,64424,75376,32580,0.5967616436325911,0.3358624386623232
2401,0.514410966731711,2,4,2,541190,64420,75378,32578,0.5967245915002408,0.33586259510505373
2402,0.5144579045030658,2,9,2,541199,64411,75380,32576,0.5966412242024528,0.33588006640065166
2403,0.5144675792472378,7,17,7,541216,64394,75387,32569,0.5964837526399644,0.33589100997287624
2404,0.5144703740025655,1,6,1,541222,64388,75388,32568,0.5964281744414391,0.3359049465737035
2405,0.5144840534695106,2,9,2,541231,64379,75390,32566,0.5963448071436511,0.33592243024395274
2406,0.5144869356780482,40,114,40,541345,64265,75430,32526,0.5952888213716699,0.3360436404211135
2407,0.5144977309663326,2,7,2,541352,64258,75432,32524,0.5952239801400571,0.33605422495918663
2408,0.5145079852608421,1,12,1,541364,64246,75433,32523,0.5951128237430064,0.3360890367783071
2409,0.5145332000623078,2,0,2,541364,64246,75435,32521,0.5951128237430064,0.33607531493174325
2410,0.5145505526465437,70,205,70,541569,64041,75505,32451,0.5932139019600579,0.33630767317497823
2411,0.514578347016484,0,1,0,541570,64040,75505,32451,0.5932046389269703,0.3363111585536475
2412,0.5146416584962411,6,19,6,541589,64021,75511,32445,0.5930286412983067,0.3363361184251446
2413,0.51464173211613,0,1,0,541590,64020,75511,32445,0.5930193782652191,0.33633960503809673
2414,0.5146582313333286,2,3,2,541593,64017,75513,32443,0.5929915891659565,0.33633630520422975
2415,0.5146588982876767,8,21,8,541614,63996,75521,32435,0.5927970654711179,0.3363544918127988
2416,0.5146716202383964,1,6,1,541620,63990,75522,32434,0.5927414872725926,0.33636853895295776
2417,0.5147347713267124,2,2,2,541622,63988,75524,32432,0.5927229612064174,0.336361750674134
2418,0.5147422139607399,1,1,1,541623,63987,75525,32431,0.5927136981733299,0.3363583563235081
2419,0.5147523103699745,2,3,2,541626,63984,75527,32429,0.5926859090740673,0.33635505585346376
2420,0.5147630910763565,0,3,0,541629,63981,75527,32429,0.5926581199748046,0.3363655222487294
2421,0.5147705519149023,51,170,51,541799,63811,75578,32378,0.5910834043499203,0.3366081360654545
2422,0.5147811222899251,0,1,0,541800,63810,75578,32378,0.5910741413168328,0.3366116355470537
2423,0.5147957820001402,1,0,1,541800,63810,75579,32377,0.5910741413168328,0.336604738686101
2424,0.5148419395000442,1,0,1,541800,63810,75580,32376,0.5910741413168328,0.3365978416817416
2425,0.5148615727139496,178,532,178,542332,63278,75758,32198,0.586146207714254,0.337236583015627
2426,0.5148700704798533,0,2,0,542334,63276,75758,32198,0.5861276816480788,0.3372436474851792
2427,0.5149228807292434,1,12,1,542346,63264,75759,32197,0.5860165252510282,0.3372790982704979
2428,0.5149491089631204,3,7,3,542353,63257,75762,32194,0.5859516840194153,0.3372830038449047
2429,0.5149579065349144,3,13,3,542366,63244,75765,32191,0.5858312645892771,0.33730811547126316
2430,0.5149704073714402,3,3,3,542369,63241,75768,32188,0.5858034754900144,0.3372978863867378
2431,0.5150054921701928,30,33,30,542402,63208,75798,32158,0.5854977953981252,0.33720613216450307
2432,0.5150461484485956,4,8,4,542410,63200,75802,32154,0.5854236911334247,0.33720661954401493
2433,0.5150710948803939,2,2,2,542412,63198,75804,32152,0.5854051650672496,0.3371997902464604
2434,0.5150950034756188,30,93,30,542505,63105,75834,32122,0.584543702990107,0.3373202978146954
2435,0.5150953767391526,3,8,3,542513,63097,75837,32119,0.5844695987254066,0.3373277600403294
2436,0.5151168347239643,2,4,2,542517,63093,75839,32117,0.5844325465930564,0.3373280117634702
2437,0.5151422217851291,0,4,0,542521,63089,75839,32117,0.5843954944607063,0.3373421843161145
2438,0.5151797275785923,0,2,0,542523,63087,75839,32117,0.5843769683945311,0.33734927103903195
2439,0.5151893404178238,0,2,0,542525,63085,75839,32117,0.584358442328356,0.33735635805970465
2440,0.5151936290858663,0,3,0,542528,63082,75839,32117,0.5843306532290934,0.33736698914904567
2441,0.5152916699331762,1,7,1,542535,63075,75840,32116,0.5842658119974804,0.3373848368017985
2442,0.5153805664050686,1,2,1,542537,63073,75841,32115,0.5842472859313054,0.33738496449132244
2443,0.5153991354074139,8,15,8,542552,63058,75849,32107,0.584108340434992,0.3373824410234855
2444,0.5154000469053267,0,2,0,542554,63056,75849,32107,0.5840898143688169,0.3373895316457026
2445,0.5154616213798763,8,4,8,542558,63052,75857,32099,0.5840527622364667,0.3373480047503442
2446,0.5154620030236163,12,36,12,542594,63016,75869,32087,0.5837192930453148,0.3373920906806305
2447,0.5154665845476734,6,15,6,542609,63001,75875,32081,0.5835803475490015,0.3374035043436192
2448,0.5155073828212766,5,9,5,542618,62992,75880,32076,0.5834969802512134,0.3374005974670762
2449,0.5155214210488296,4,7,4,542625,62985,75884,32072,0.5834321390196006,0.3373975614631221
2450,0.5155333805802853,9,12,9,542637,62973,75893,32063,0.5833209826225499,0.3373774148743634
2451,0.5155530497124987,3,13,3,542650,62960,75896,32060,0.5832005631924118,0.3374026520732477
2452,0.5155560269576559,207,662,207,543312,62298,76103,31853,0.5770684352884509,0.3383182334760119
2453,0.5155708834095102,0,2,0,543314,62296,76103,31853,0.5770499092222757,0.3383254203443478
2454,0.5155943307633103,0,3,0,543317,62293,76103,31853,0.5770221201230131,0.3383362012193827
2455,0.5155983003233691,0,8,0,543325,62285,76103,31853,0.5769480158583127,0.3383649535787886
2456,0.515625492363557,2,4,2,543329,62281,76105,31851,0.5769109637259624,0.3383652742956699
2457,0.5156339367867904,3,21,3,543350,62260,76108,31848,0.5767164400311238,0.33841968801802186
2458,0.5156339832672351,0,2,0,543352,62258,76108,31848,0.5766979139649486,0.3384268803264404
2459,0.5156648147438896,46,144,46,543496,62114,76154,31802,0.5753640372003409,0.3386217470931471
2460,0.5157047779774449,1,1,1,543497,62113,76155,31801,0.5753547741672533,0.33861831036906104
2461,0.5157139705396625,222,688,222,544185,61425,76377,31579,0.5689818074030161,0.3395445357188938
2462,0.5157272614623983,0,2,0,544187,61423,76377,31579,0.5689632813368409,0.33955183759489044
2463,0.5157716298293471,4,18,4,544205,61405,76381,31575,0.568796546741265,0.3395891589589159
2464,0.5157825716323934,0,2,0,544207,61403,76381,31575,0.5687780206750899,0.33959646367958013
2465,0.5158055713125578,7,21,7,544228,61382,76388,31568,0.5685834969802512,0.3396234534696073
2466,0.5158307021426712,0,2,0,544230,61380,76388,31568,0.5685649709140761,0.33963076128588027
2467,0.5158578042353039,3,2,3,544232,61378,76391,31565,0.568546444847901,0.33961675435481964
2468,0.5158721651818337,0,3,0,544235,61375,76391,31565,0.5685186557486384,0.33962771680654186
2469,0.515911273093229,121,415,121,544650,60960,76512,31444,0.5646744970173033,0.3402882992078265
2470,0.5159344381406326,1,2,1,544652,60958,76513,31443,0.5646559709511282,0.340288525015963
2471,0.5159453290615502,1,6,1,544658,60952,76514,31442,0.5646003927526029,0.34030348291014567
2472,0.5159470771555029,0,1,0,544659,60951,76514,31442,0.5645911297195153,0.340307166127304
2473,0.5159550550451868,175,508,175,545167,60443,76689,31267,0.5598855089110378,0.3409333769490786
2474,0.5159774648602979,91,247,91,545414,60196,76780,31176,0.557597539738412,0.3411986166440485
2475,0.5159790870900288,0,1,0,545415,60195,76780,31176,0.5575882767053244,0.3412023508553042
2476,0.5160000721381449,8,20,8,545435,60175,76788,31168,0.5574030160435733,0.34121935999474506
2477,0.5160100312814061,205,726,205,546161,59449,76993,30963,0.550678054022009,0.3424656019112507
2478,0.5160444403746065,3,10,3,546171,59439,76996,30960,0.5505854236911334,0.34248166462018387
2479,0.5160964841751594,2,17,2,546188,59422,76998,30958,0.550427952128645,0.34253153352511617
2480,0.5161089571283451,1,0,1,546188,59422,76999,30957,0.550427952128645,0.34252425895396055
2481,0.5161190168878803,0,1,0,546189,59421,76999,30957,0.5504186890955575,0.3425280488614486
2482,0.5161214837614444,0,1,0,546190,59420,76999,30957,0.5504094260624699,0.34253183885280547
2483,0.5161369239725689,15,27,15,546217,59393,77014,30942,0.550159324169106,0.34252504566336417
2484,0.5161450459294402,0,4,0,546221,59389,77014,30942,0.5501222720367557,0.34254021321583955
2485,0.5161508237518045,1,0,1,546221,59389,77015,30941,0.5501222720367557,0.34253293479464186
2486,0.5161720569860699,3,0,3,546221,59389,77018,30938,0.5501222720367557,0.342511098564106
2487,0.516187571868161,154,509,154,546730,58880,77172,30784,0.5454073881951906,0.3433261955745896
2488,0.5161902774565095,8,10,8,546740,58870,77180,30776,0.545314757864315,0.343305892064342
2489,0.5162127403596893,0,1,0,546741,58869,77180,30776,0.5453054948312276,0.3433097216799598
2490,0.5162247654376947,1,6,1,546747,58863,77181,30775,0.5452499166327022,0.3433253753988264
2491,0.5162300295635304,1,1,1,546748,58862,77182,30774,0.5452406535996147,0.34332187960194566
2492,0.5162794404050398,106,285,106,547033,58577,77288,30668,0.5426006891696618,0.3436382990643734
2493,0.5162799849211415,0,1,0,547034,58576,77288,30668,0.5425914261365742,0.3436421496122989
2494,0.5163266091000278,4,9,4,547043,58567,77292,30664,0.5425080588387862,0.3436473871188264
2495,0.5163472577557642,47,171,47,547214,58396,77339,30617,0.5409240801808144,0.34396099446148315
2496,0.5163579267263891,12,62,12,547276,58334,77351,30605,0.5403497721293861,0.3441122567152768
2497,0.5163679477432914,0,5,0,547281,58329,77351,30605,0.5403034569639483,0.3441316032113702
2498,0.5163877659992855,0,1,0,547282,58328,77351,30605,0.5402941939308608,0.3441354727716371
2499,0.5163981650076872,6,21,6,547303,58307,77357,30599,0.5400996702360221,0.34417249679436707
2500,0.5164349821775098,1,0,1,547303,58307,77358,30598,0.5400996702360221,0.34416512007198696
2501,0.516461773250391,2,1,2,547304,58306,77360,30596,0.5400904072029346,0.3441542372500056
2502,0.5164644861966321,1,1,1,547305,58305,77361,30595,0.540081144169847,0.34415073115860517
2503,0.5164729211781903,6,12,6,547317,58293,77367,30589,0.5399699877727964,0.34415292185144347
2504,0.5164730010454205,1,0,1,547317,58293,77368,30588,0.5399699877727964,0.3441455429169339
2505,0.5164834027803852,0,2,0,547319,58291,77368,30588,0.5399514617066212,0.34415328705318465
2506,0.516520427340416,133,370,133,547689,57921,77501,30455,0.5365241394642262,0.34460713315832353
2507,0.5165393693316324,1,4,1,547693,57917,77502,30454,0.536487087331876,0.3446153149788958
2508,0.5165562487433983,2,9,2,547702,57908,77504,30452,0.536403720034088,0.3446355817111815
2509,0.5165576246365117,21,75,21,547777,57833,77525,30431,0.5357089925525214,0.3447725006797788
2510,0.5165662113093548,223,590,223,548367,57243,77748,30208,0.5302438030308644,0.34542772524042037
2511,0.5165682692213927,0,2,0,548369,57241,77748,30208,0.5302252769646894,0.34543562533591005
2512,0.5165704790962882,1,0,1,548369,57241,77749,30207,0.5302252769646894,0.3454281401518617
2513,0.516572670430844,2,8,2,548377,57233,77751,30205,0.5301511726999889,0.3454447722957982
2514,0.5165752062355743,0,1,0,548378,57232,77751,30205,0.5301419096669013,0.345448723080618
2515,0.5165844588672991,0,1,0,548379,57231,77751,30205,0.5301326466338138,0.3454526739558077
2516,0.516602426202002,1,0,1,548379,57231,77752,30204,0.5301326466338138,0.34544518785383427
2517,0.5166117973897866,6,16,6,548395,57215,77758,30198,0.5299844381044129,0.34546348941232996
2518,0.5166152838771317,0,2,0,548397,57213,77758,30198,0.5299659120382378,0.34547139376051067
2519,0.5166463777333303,11,50,11,548447,57163,77769,30187,0.5295027603838601,0.3455867200915856
2520,0.5166833237579183,2,9,2,548456,57154,77771,30185,0.5294193930860721,0.3456073460882309
2521,0.5166997337558021,1,4,1,548460,57150,77772,30184,0.5293823409537219,0.3456156823230357
2522,0.5167045973018333,2,15,2,548475,57135,77774,30182,0.5292433954574086,0.3456600661955862
2523,0.5167063910911165,0,3,0,548478,57132,77774,30182,0.5292156063581459,0.34567194264379136
2524,0.51671788371057,21,42,21,548520,57090,77795,30161,0.5288265589684686,0.3456808517953949
2525,0.5167363315242617,11,64,11,548584,57026,77806,30150,0.5282337248508652,0.3458520693768927
2526,0.5168003897571414,56,124,56,548708,56902,77862,30094,0.5270851087480084,0.34592395052646097
2527,0.516816953958534,1,3,1,548711,56899,77863,30093,0.5270573196487458,0.3459283612286187
2528,0.5168177449062492,608,1729,608,550440,55170,78471,29485,0.5110415354403646,0.34829602504282087
2529,0.5168578964241528,5,11,5,550451,55159,78476,29480,0.5109396420764015,0.34830279185718166
2530,0.5168854209435176,164,583,164,551034,54576,78640,29316,0.5055392937863574,0.34944929194678875
2531,0.5169092391903816,0,1,0,551035,54575,78640,29316,0.5055300307532699,0.3494534574626599
2532,0.5169157769030062,17,82,17,551117,54493,78657,29299,0.5047704620400905,0.34966345235822033
2533,0.5169364048808106,8,35,8,551152,54458,78665,29291,0.504446255882026,0.3497474596711603
2534,0.5169409637949075,1,2,1,551154,54456,78666,29290,0.5044277298158509,0.3497480476679483
2535,0.5169502488171515,31,73,31,551227,54383,78697,29259,0.5037515284004594,0.34981229525836305
2536,0.5169529508070276,0,1,0,551228,54382,78697,29259,0.5037422653673719,0.34981647756483064
2537,0.5169899064160378,29,130,29,551358,54252,78726,29230,0.5025380710659898,0.3501353585203996
2538,0.5170058158428426,0,2,0,551360,54250,78726,29230,0.5025195449998148,0.35014374700527073
2539,0.5170112807111809,156,442,156,551802,53808,78882,29074,0.4984252843751158,0.3507878670881494
2540,0.5170234951767099,37,55,37,551857,53753,78919,29037,0.4979158175553003,0.35073076458509483
2541,0.5170354164324309,1,4,1,551861,53749,78920,29036,0.49787876542295006,0.3507398683336353
2542,0.517042241164725,6,7,6,551868,53742,78926,29030,0.4978139241913372,0.3507224665345769
2543,0.517062383981428,716,1996,716,553864,51746,79642,28314,0.47932491014857903,0.3536597551836123
2544,0.5170810668975071,1,2,1,553866,51744,79643,28313,0.47930638408240395,0.3536605168817218
2545,0.5170894377398685,1,0,1,553866,51744,79644,28312,0.47930638408240395,0.3536524432896972
2546,0.5170943751323812,0,1,0,553867,51743,79644,28312,0.4792971210493164,0.35365686090812565
2547,0.5171112771407163,7,22,7,553889,51721,79651,28305,0.4790933343213902,0.35369754829680355
2548,0.5171193209909852,1,2,1,553891,51719,79652,28304,0.4790748082552151,0.3536983117353761
2549,0.5171312026352272,1,3,1,553894,51716,79653,28303,0.47904701915595244,0.3537034954198378
2550,0.5171355606627775,717,1992,717,555886,49724,80370,27586,0.4605950572455445,0.35682317940757985
2551,0.5171405595284411,1,1,1,555887,49723,80371,27585,0.46058579421245693,0.3568194753453718
2552,0.5171544285544585,2,13,2,555900,49710,80373,27583,0.46046537478231875,0.35686284657084083
2553,0.5171764728513238,0,1,0,555901,49709,80373,27583,0.4604561117492312,0.3568674636443616
2554,0.5171815007182297,0,1,0,555902,49708,80373,27583,0.4604468487161436,0.35687208083735494
2555,0.5172184529053115,3,14,3,555916,49694,80376,27580,0.46031716625291785,0.35691176851204803
2556,0.5172288549576265,21,56,21,555972,49638,80397,27559,0.45979843640001483,0.356995738176354
2557,0.5172383001613075,4,7,4,555979,49631,80401,27555,0.45973359516840195,0.3569947918016221
2558,0.5172495777955713,0,2,0,555981,49629,80401,27555,0.4597150691022268,0.3570040422885572
2559,0.5172498673543608,35,73,35,556054,49556,80436,27520,0.4590388676868354,0.3570501842337433
2560,0.5172664374336415,0,3,0,556057,49553,80436,27520,0.45901107858757273,0.35706408210397933
2561,0.5172843935232764,1,0,1,556057,49553,80437,27519,0.45901107858757273,0.3570557400871912
2562,0.5172882951852751,23,77,23,556134,49476,80460,27496,0.458297825039831,0.3572208075663878
2563,0.5173178532701341,0,1,0,556135,49475,80460,27496,0.4582885620067435,0.3572254485455561
2564,0.5173544991686269,0,1,0,556136,49474,80460,27496,0.45827929897365594,0.3572300896453164
2565,0.5173718560672673,538,1478,538,557614,47996,80998,26958,0.44458853607025084,0.35966059182965554
2566,0.5173745699103967,24,60,24,557674,47936,81022,26934,0.4440327540849976,0.3597435554961934
2567,0.5173819322139146,0,1,0,557675,47935,81022,26934,0.44402349105191,0.3597483604696203
2568,0.5173829851156732,1,0,1,557675,47935,81023,26933,0.44402349105191,0.35973980873003153
2569,0.5173957158584811,0,1,0,557676,47934,81023,26933,0.4440142280188225,0.359744613781773
2570,0.5174024009590463,5,8,5,557684,47926,81028,26928,0.44394012375412206,0.3597402944398429
2571,0.5174091401474087,1,12,1,557696,47914,81029,26927,0.4438289673570714,0.3597894202375703
2572,0.5174145056611852,0,1,0,557697,47913,81029,26927,0.4438197043239838,0.35979422768572955
2573,0.5174356982452712,43,134,43,557831,47779,81072,26884,0.4425784578902516,0.3600712534990558
2574,0.5174406531066345,17,33,17,557864,47746,81089,26867,0.44227277779836227,0.36008470373795454
2575,0.5174476981947264,3,11,3,557875,47735,81092,26864,0.4421708844343992,0.3601120658453867
2576,0.5174525190669217,9,20,9,557895,47715,81101,26855,0.4419856237726481,0.36013142014214833
2577,0.5174542752555581,1,0,1,557895,47715,81102,26854,0.4419856237726481,0.3601228392495541
2578,0.5174663856623949,0,1,0,557896,47714,81102,26854,0.44197636073956054,0.36012766870507457
2579,0.517471750406903,1,7,1,557903,47707,81103,26853,0.44191151950794766,0.3601528969957081
2580,0.5174801553222388,37,85,37,557988,47622,81140,26816,0.44112416169550556,0.3602461108573578
2581,0.5174978848058845,0,4,0,557992,47618,81140,26816,0.44108710956315533,0.360265470080877
2582,0.5175052728275517,1,0,1,557992,47618,81141,26815,0.44108710956315533,0.36025687531068207
2583,0.5175241644962046,0,3,0,557995,47615,81141,26815,0.4410593204638927,0.3602713959424963
2584,0.5175392203161168,0,21,0,558016,47594,81141,26815,0.44086479676905405,0.36037307314975336
2585,0.5175450926009484,1,1,1,558017,47593,81142,26814,0.44085553373596653,0.36036932009085165
2586,0.5175488556381865,1,2,1,558019,47591,81143,26813,0.4408370076697914,0.36037041019300037
2587,0.5175494438989343,454,1186,454,559205,46405,81597,26359,0.42985105042795213,0.3622533120774009
2588,0.5175514106984427,12,58,12,559263,46347,81609,26347,0.42931379450887397,0.36243706495721795
2589,0.5175592245319487,0,1,0,559264,46346,81609,26347,0.42930453147578646,0.36244205081644726
2590,0.517572055512516,0,4,0,559268,46342,81609,26347,0.42926747934343623,0.36246199562519776
2591,0.5175739959356287,2,2,2,559270,46340,81611,26345,0.4292489532772611,0.3624544266354819
2592,0.5176013964336056,210,584,210,559854,45756,81821,26135,0.4238393419541295,0.3635364649260686
2593,0.517607041334949,14,59,14,559913,45697,81835,26121,0.42329282300196375,0.3637110473697402
2594,0.5176192187634696,1,1,1,559914,45696,81836,26120,0.42328355996887623,0.3637072518658795
2595,0.5176352999681477,0,1,0,559915,45695,81836,26120,0.42327429693578866,0.3637123163684467
2596,0.5176528365360242,0,5,0,559920,45690,81836,26120,0.42322798177035087,0.3637376409970756
2597,0.5176575672217789,0,3,0,559923,45687,81836,26120,0.4232001926710882,0.3637528374670993
2598,0.5176666668877328,1,1,1,559924,45686,81837,26119,0.42319092963800065,0.3637490425457837
2599,0.517666830949754,1,0,1,559924,45686,81838,26118,0.42319092963800065,0.3637401816054816
2600,0.5176783614349653,4,4,4,559928,45682,81842,26114,0.4231538775056505,0.36372499860716473
2601,0.5176852408440892,7,4,7,559932,45678,81849,26107,0.42311682537330025,0.36368322072856446
2602,0.5177094980731696,5,20,5,559952,45658,81854,26102,0.42293156471154914,0.3637402452619844
2603,0.5177233302534465,1,10,1,559962,45648,81855,26101,0.4228389343806736,0.3637820736177508
2604,0.5177391634552967,2,3,2,559965,45645,81857,26099,0.42281114528141095,0.36377954950936664
2605,0.5177526043248727,6,6,6,559971,45639,81863,26093,0.42275556708288564,0.36375676127809065
2606,0.5177768073875388,24,44,24,560015,45595,81887,26069,0.42234799362703324,0.363767023889261
2607,0.5177843486765747,8,13,8,560028,45582,81895,26061,0.42222757419689505,0.3637619865164775
2608,0.5177894080515236,4,14,4,560042,45568,81899,26057,0.4220978917336693,0.3637975567190227
2609,0.5178045707600807,1,7,1,560049,45561,81900,26056,0.4220330505020564,0.36382423167683653
2610,0.5178374636338998,8,12,8,560061,45549,81908,26048,0.42192189410500575,0.3638141262902077
2611,0.5178991279680337,4,17,4,560078,45532,81912,26044,0.42176442254251734,0.36386498267575723
2612,0.5179198451368693,9,11,9,560089,45521,81921,26035,0.42166252917855424,0.3638409078204483
2613,0.5179225116039496,0,1,0,560090,45520,81921,26035,0.42165326614546667,0.3638459925931102
2614,0.5179301641822966,4,2,4,560092,45518,81925,26031,0.4216347400792916,0.3638205984709779
2615,0.5179530781075281,200,548,200,560640,44970,82125,25831,0.41655859794731187,0.3648394796683663
2616,0.5179587002112624,0,5,0,560645,44965,82125,25831,0.4165122827818741,0.3648652466241031
2617,0.517959228618341,1,0,1,560645,44965,82126,25830,0.4165122827818741,0.3648562751606752
2618,0.5179970285324996,0,3,0,560648,44962,82126,25830,0.4164844936826114,0.3648717369194259
2619,0.5180011369308026,1,5,1,560653,44957,82127,25829,0.4164381785171737,0.3648885372813833
2620,0.5180096012327089,0,1,0,560654,44956,82127,25829,0.4164289154840861,0.3648936921664194
2621,0.5180207466234971,3,1,3,560655,44955,82130,25826,0.41641965245099855,0.36487192890747516
2622,0.5180249984492393,1,3,1,560658,44952,82131,25825,0.4163918633517359,0.3648784209559603
2623,0.5180351182715194,5,15,5,560673,44937,82136,25820,0.41625291785542257,0.3649108922085447
2624,0.5180585473555903,1,0,1,560673,44937,82137,25819,0.41625291785542257,0.36490191644524844
2625,0.5180723544372163,4,23,4,560696,44914,82141,25815,0.41603986809440885,0.3649846597576666
2626,0.5180797988226103,2,2,2,560698,44912,82143,25813,0.4160213420282337,0.36497702368328033
2627,0.5180940575085139,1,0,1,560698,44912,82144,25812,0.4160213420282337,0.3649680447938465
2628,0.5180999755373163,170,464,170,561162,44448,82314,25642,0.4117232946756086,0.3658439149664717
2629,0.5181032558587377,0,1,0,561163,44447,82314,25642,0.411714031642521,0.36584913467163177
2630,0.5181238132010674,3,0,3,561163,44447,82317,25639,0.411714031642521,0.36582199012641614
2631,0.5181345330162578,66,161,66,561324,44286,82383,25573,0.41022268331542483,0.36606593280751226
2632,0.5181372432609148,1,8,1,561332,44278,82384,25572,0.4101485790507244,0.3660987831066571
2633,0.5181574106713503,0,1,0,561333,44277,82384,25572,0.4101393160176368,0.3661040243954817
2634,0.5182082239203313,3,5,3,561338,44272,82387,25569,0.410093000852199,0.3661030053979754
2635,0.5182117484858668,25,69,25,561407,44203,82412,25544,0.4094538515691578,0.36623797439316386
2636,0.5182285590603524,1,5,1,561412,44198,82413,25543,0.40940753640372,0.3662551440329218
2637,0.518230654000873,0,3,0,561415,44195,82413,25543,0.40937974730445736,0.36627089965298687
2638,0.5182450897744321,3,6,3,561421,44189,82416,25540,0.40932416910593206,0.3662751509415021
2639,0.5182451445431829,1,0,1,561421,44189,82417,25539,0.40932416910593206,0.3662660624139514
2640,0.5182552004873934,3,6,3,561427,44183,82420,25536,0.40926859090740675,0.3662703136878039
2641,0.5182816772517548,72,223,72,561650,43960,82492,25464,0.4072029345288821,0.36678958285319196
2642,0.5182968580415547,0,1,0,561651,43959,82492,25464,0.4071936714957946,0.3667948662546994
2643,0.5183020411835584,82,259,82,561910,43700,82574,25382,0.404794545926118,0.3674184302712718
2644,0.5183149477209955,4,6,4,561916,43694,82578,25378,0.4047389677275927,0.36741371322677785
2645,0.5183224223954095,39,65,39,561981,43629,82617,25339,0.4041368705769017,0.36740227351815335
2646,0.5183695522666347,5,12,5,561993,43617,82622,25334,0.40402571417985106,0.3674203419819872
2647,0.518370201442646,0,1,0,561994,43616,82622,25334,0.4040164511467635,0.3674256707759246
2648,0.5183759708601312,35,86,35,562080,43530,82657,25299,0.4032198303012338,0.36756309113890945
2649,0.5184159870719192,1,0,1,562080,43530,82658,25298,0.4032198303012338,0.36755390248154823
2650,0.5184166066444512,0,3,0,562083,43527,82658,25298,0.40319204120197116,0.36756992371957864
2651,0.5184448277820115,76,234,76,562317,43293,82734,25222,0.4010244914594835,0.3681237685178428
2652,0.5184482489820785,13,47,13,562364,43246,82747,25209,0.40058912890436843,0.36825651888101674
2653,0.5184515575431419,0,1,0,562365,43245,82747,25209,0.4005798658712809,0.3682618985011833
2654,0.5184906875691392,1,1,1,562366,43244,82748,25208,0.40057060283819335,0.3682580494361012
2655,0.5184968264495324,4,13,4,562379,43231,82752,25204,0.40045018340805516,0.36829107912617814
2656,0.5185022885711973,28,60,28,562439,43171,82780,25176,0.39989440142280186,0.3683555971732483
2657,0.5185077585551915,0,1,0,562440,43170,82780,25176,0.39988513838971435,0.36836098674392065
2658,0.5185380629902865,4,10,4,562450,43160,82784,25172,0.3997925080588388,0.3683779195691623
2659,0.5185446483291318,2,9,2,562459,43151,82786,25170,0.3997091407610508,0.3684079565580129
2660,0.5185451798803495,98,224,98,562683,42927,82884,25072,0.39763422134943865,0.3687113045780085
2661,0.5185481612803466,0,1,0,562684,42926,82884,25072,0.3976249583163511,0.3687167269625577
2662,0.5185497029241386,81,212,81,562896,42714,82965,24991,0.3956611953017896,0.3691160180193486
2663,0.5185589098112506,0,4,0,562900,42710,82965,24991,0.3956241431694394,0.36913782661999084
2664,0.5185758559923341,0,4,0,562904,42706,82965,24991,0.39558709103708917,0.36915963779783445
2665,0.5186027763643091,2,10,2,562914,42696,82967,24989,0.39549446070621364,0.36919553815468714
2666,0.5186034853908523,112,236,112,563150,42460,83079,24877,0.3933083848975509,0.3694402780046631
2667,0.5186114836264885,3,7,3,563157,42453,83082,24874,0.393243543665938,0.36945059188735574
2668,0.5186412174363941,0,3,0,563160,42450,83082,24874,0.3932157545666753,0.36946705483928466
2669,0.5186501417308678,107,237,107,563397,42213,83189,24767,0.39102041572492496,0.3697670946551209
2670,0.5186642808187917,33,180,33,563577,42033,83222,24734,0.3893530697691652,0.37045246903410367
2671,0.5186729579996973,4,8,4,563585,42025,83226,24730,0.3892789655044648,0.3704591416373305
2672,0.5186763285152286,1,2,1,563587,42023,83227,24729,0.3892604394382897,0.37046081016299137
2673,0.5186820338874767,9,27,9,563614,41996,83236,24720,0.3890103375449257,0.370525810899934
2674,0.5186956297961031,2,5,2,563619,41991,83238,24718,0.38896402237948796,0.3705347104588586
2675,0.5187291857529697,0,2,0,563621,41989,83238,24718,0.3889454963133128,0.37054581977903367
2676,0.5187310437701846,15,32,15,563653,41957,83253,24703,0.3886490792545111,0.3705820582058206
2677,0.5187498313010932,39,136,39,563789,41821,83292,24664,0.3873893067546037,0.3709708956907573
2678,0.51877084006418,65,206,65,563995,41615,83357,24599,0.38548112193856754,0.37150753617059834
2679,0.5187909051897754,5,12,5,564007,41603,83362,24594,0.3853699655415169,0.3715274106077315
2680,0.5187910916440804,78,186,78,564193,41417,83440,24516,0.3836470413872318,0.3718320112841824
2681,0.5188078317676612,2,5,2,564198,41412,83442,24514,0.3836007262217941,0.37184115523465705
2682,0.5188335130555786,16,65,16,564263,41347,83458,24498,0.38299862907110305,0.37205558508618725
2683,0.5188411545004585,0,5,0,564268,41342,83458,24498,0.38295231390566525,0.37208383961117864
2684,0.5188466321785234,1,2,1,564270,41340,83459,24497,0.38293378783949017,0.3720856053586889
2685,0.5188576778917414,1,0,1,564270,41340,83460,24496,0.38293378783949017,0.3720760678048484
2686,0.5188625600692754,18,35,18,564305,41305,83478,24478,0.3826095816814258,0.37210221485794204
2687,0.5188853835466893,0,1,0,564306,41304,83478,24478,0.3826003186483382,0.3721078714541972
2688,0.5188993604859464,15,31,15,564337,41273,83493,24463,0.38231316462262405,0.37214007545332844
2689,0.5189240808823302,16,20,16,564357,41253,83509,24447,0.38212790396087293,0.37210045662100455
2690,0.5189280567591629,2,2,2,564359,41251,83511,24445,0.38210937789469784,0.37209266926449097
2691,0.5189326200466421,1,3,1,564362,41248,83512,24444,0.3820815887954352,0.3721001035133654
2692,0.518933927502738,15,27,15,564389,41221,83527,24429,0.3818314869020712,0.3721096725057121
2693,0.5189586671334476,1,0,1,564389,41221,83528,24428,0.3818314869020712,0.37210010815092387
2694,0.5189767798847881,8,13,8,564402,41208,83536,24420,0.381711067471933,0.37209727555311756
2695,0.5189863227009134,60,133,60,564535,41075,83596,24360,0.3804790840712883,0.37227783296401007
2696,0.5190109223600398,24,77,24,564612,40998,83620,24336,0.3797658305235466,0.37248599504086694
2697,0.5190602327693098,0,1,0,564613,40997,83620,24336,0.37975656749045905,0.37249169638620605
2698,0.5190690735035116,0,1,0,564614,40996,83620,24336,0.37974730445737154,0.3724973979060797
2699,0.5190782474842432,0,3,0,564617,40993,83620,24336,0.3797195153581089,0.3725145035129881
2700,0.5190842862607907,5,15,5,564632,40978,83625,24331,0.37958056986179556,0.37255202192653386
2701,0.519115810323357,20,70,20,564702,40908,83645,24311,0.3789321575456667,0.37275947193302567
2702,0.5191385968894368,7,15,7,564717,40893,83652,24304,0.37879321204935346,0.3727778885531543
2703,0.5191911737512955,0,3,0,564720,40890,83652,24304,0.3787654229500908,0.3727950424885726
2704,0.5192546372208062,4,13,4,564733,40877,83656,24300,0.37864500351995256,0.3728309066081593
2705,0.5192623544686452,2,2,2,564735,40875,83658,24298,0.3786264774537775,0.37282310159114973
2706,0.5192625092757439,8,18,8,564753,40857,83666,24290,0.3784597428582015,0.37284909512333647
2707,0.5193133468959497,0,8,0,564761,40849,83666,24290,0.37838563859350105,0.3728948863200233
2708,0.5193922574619305,18,76,18,564837,40773,83684,24272,0.3776816480788469,0.37315704512260744
2709,0.5193984624785996,0,1,0,564838,40772,83684,24272,0.3776723850457594,0.373162782116721
2710,0.5194132522710386,3,4,3,564842,40768,83687,24269,0.37763533291340917,0.37315681842643417
2711,0.5194159714989075,0,4,0,564846,40764,83687,24269,0.37759828078105895,0.37317977027047805
2712,0.5194571729572007,0,1,0,564847,40763,83687,24269,0.3775890177479714,0.3731855086726535
2713,0.5194678753163222,3,6,3,564853,40757,83690,24266,0.37753343954944607,0.37319102471433185
2714,0.5194707101209775,1,2,1,564855,40755,83691,24265,0.377514913483271,0.3731928637342356
2715,0.5194737968776925,85,259,85,565114,40496,83776,24180,0.3751157879135944,0.3738635660832457
2716,0.5194861114193737,0,1,0,565115,40495,83776,24180,0.3751065248805069,0.37386934673366834
2717,0.5194940124729983,20,60,20,565175,40435,83796,24160,0.37455074289525364,0.37402275717934824
2718,0.5195101908349489,2,5,2,565180,40430,83798,24158,0.37450442772981585,0.3740323279866229
2719,0.5195124992892236,21,55,21,565235,40375,83819,24137,0.3739949609100004,0.37414744543650796
2720,0.5195138684429456,0,3,0,565238,40372,83819,24137,0.3739671718107377,0.3741648452153963
2721,0.5195536025757663,17,37,17,565275,40335,83836,24120,0.3736244395864982,0.37421456830346755
2722,0.5195637545891629,1,6,1,565281,40329,83837,24119,0.37356886138797285,0.37423969712015887
2723,0.5195669896473769,11,23,11,565304,40306,83848,24108,0.37335581162695913,0.37426646381221473
2724,0.519596511521008,19,36,19,565340,40270,83867,24089,0.3730223424358072,0.3742910859398064
2725,0.5195975325006061,1,3,1,565343,40267,83868,24088,0.3729945533365445,0.37429881128117476
2726,0.5195985105977879,0,2,0,565345,40265,83868,24088,0.37297602727036944,0.37431044395754665
2727,0.5196161685288179,4,6,4,565351,40259,83872,24084,0.3729204490718441,0.37430645136223056
2728,0.5196245772170072,10,29,10,565380,40230,83882,24074,0.372651821112305,0.37437795471510327
2729,0.5196457024034448,0,2,0,565382,40228,83882,24074,0.3726332950461299,0.3743895990793443
2730,0.519648455591836,10,47,10,565429,40181,83892,24064,0.37219793249101485,0.37456611409448204
2731,0.5196496034518491,0,1,0,565430,40180,83892,24064,0.3721886694579273,0.37457194446173964
2732,0.5196496451973653,2,4,2,565434,40176,83894,24062,0.3721516173255771,0.3745757962576668
2733,0.5196624614730035,13,79,13,565513,40097,83907,24049,0.3714198377116603,0.37491036073956285
2734,0.5196822586424995,5,23,5,565536,40074,83912,24044,0.37120678795064654,0.3749961009388939
2735,0.5197164782375834,0,2,0,565538,40072,83912,24044,0.37118826188447146,0.3750077983654626
2736,0.5197635441856306,76,204,76,565742,39868,83988,23968,0.3692986031346104,0.37546212168682247
2737,0.5198006724634975,12,36,12,565778,39832,84000,23956,0.3689651339434584,0.3755565310089672
2738,0.5198169980777056,1,3,1,565781,39829,84001,23955,0.36893734484419577,0.3755644048664242
2739,0.5198340984934617,1,1,1,565782,39828,84002,23954,0.36892808181110825,0.37556050296321847
2740,0.5198427799523705,17,45,17,565827,39783,84019,23937,0.3685112453221683,0.37565913370998116
2741,0.5198515867690731,3,6,3,565833,39777,84022,23934,0.36845566712364297,0.375665112774874
2742,0.5198541757862222,62,162,62,565995,39615,84084,23872,0.3669550557634592,0.37601398711547246
2743,0.5198626539627723,15,42,15,566037,39573,84099,23857,0.3665660083737819,0.3761154028062431
2744,0.5199116841497513,1,4,1,566041,39569,84100,23856,0.36652895624143167,0.37612928655892786
2745,0.5199261414136414,29,59,29,566100,39510,84129,23827,0.365982437289266,0.37619400982048407
2746,0.5199335033467699,7,15,7,566115,39495,84136,23820,0.36584349179295267,0.37621416725894335
2747,0.5199428637403314,7,30,7,566145,39465,84143,23813,0.3655656008003261,0.376323524763741
2748,0.5199590701633062,17,51,17,566196,39414,84160,23796,0.3650931861128608,0.3764594209776934
2749,0.5199766734580888,2,3,2,566199,39411,84162,23794,0.36506539701359814,0.37645755873744163
2750,0.519990250901766,5,10,5,566209,39401,84167,23789,0.3649727666827226,0.37646779553726856
2751,0.5200101842313551,52,138,52,566347,39263,84219,23737,0.36369446811664013,0.37677777777777777
2752,0.520013256523801,38,141,38,566488,39122,84257,23699,0.36238838045129496,0.3772464621702934
2753,0.5200237101464935,0,2,0,566490,39120,84257,23699,0.36236985438511987,0.3772584727550582
2754,0.5200341682819312,0,3,0,566493,39117,84257,23699,0.3623420652858572,0.37727649006622516
2755,0.5200619598099008,10,18,10,566511,39099,84267,23689,0.36217533069028124,0.37728546856087153
2756,0.5200827429091079,0,5,0,566516,39094,84267,23689,0.36212901552484345,0.377315515346511
2757,0.520083235846799,48,117,48,566633,38977,84315,23641,0.3610452406535996,0.37754319844134276
2758,0.5200946339017272,50,169,50,566802,38808,84365,23591,0.359479788061803,0.37806695620122116
2759,0.5201354273186923,17,55,17,566857,38753,84382,23574,0.35897032124198747,0.37823094325091855
2760,0.5201388087150036,415,846,415,567703,37907,84797,23159,0.3511337952499166,0.37924540660924244
2761,0.5201411296606357,0,1,0,567704,37906,84797,23159,0.3511245322168291,0.37925161712928845
2762,0.5201450487528052,2,3,2,567707,37903,84799,23157,0.3510967431175664,0.37924991811333114
2763,0.520184767838557,2,5,2,567712,37898,84801,23155,0.35105042795212865,0.3792606423926752
2764,0.5201864433004177,53,98,53,567810,37800,84854,23102,0.3501426507095483,0.37933072805490786
2765,0.5201958395094928,64,215,64,568025,37585,84918,23038,0.3481510985957242,0.38002078419081864
2766,0.5202239876878342,2,10,2,568035,37575,84920,23036,0.34805846826484865,0.38006302486347365
2767,0.5202338459251925,5,10,5,568045,37565,84925,23031,0.3479658379339731,0.3800745923823355
2768,0.5202360375340901,16,53,16,568098,37512,84941,23015,0.34747489718033275,0.380243527681861
2769,0.5202369398677582,57,131,57,568229,37381,84998,22958,0.3462614398458631,0.3804836009877525
2770,0.5202612778803913,15,19,15,568248,37362,85013,22943,0.3460854422171996,0.3804493823066081
2771,0.5203206737693337,0,3,0,568251,37359,85013,22943,0.34605765311793696,0.38046830950880567
2772,0.5203812912616615,1,2,1,568253,37357,85014,22942,0.3460391270517618,0.3804706545713859
2773,0.5204008171505258,48,85,48,568338,37272,85062,22894,0.3452517692393197,0.3805139115114849
2774,0.5204318281653492,73,191,73,568529,37081,85135,22821,0.3434825299195969,0.38097225468264834
2775,0.5204468909401592,1,7,1,568536,37074,85136,22820,0.343417688687984,0.3810064447190036
2776,0.5204643046013948,69,138,69,568674,36936,85205,22751,0.34213939012190153,0.38117177944946135
2777,0.5204808253179878,45,95,45,568769,36841,85250,22706,0.34125940197858384,0.3813122407510034
2778,0.5204825361346742,2,5,2,568774,36836,85252,22704,0.3412130868131461,0.38132348001343636
2779,0.5204840460505551,0,1,0,568775,36835,85252,22704,0.34120382378005853,0.38132988461344663
2780,0.5204920162103035,0,2,0,568777,36833,85252,22704,0.34118529771388345,0.3813426944589079
2781,0.5205020624966614,476,1079,476,569856,35754,85728,22228,0.33119048501241244,0.3833603532130661
2782,0.5205594477716369,24,55,24,569911,35699,85752,22204,0.330681018192597,0.38346890489266533
2783,0.5205716025045467,0,1,0,569912,35698,85752,22204,0.3306717551595094,0.3834755276156264
2784,0.5205724461104091,1,4,1,569916,35694,85753,22203,0.3306347030271592,0.3834913726099798
2785,0.520640098808055,28,58,28,569974,35636,85781,22175,0.3300974471080811,0.38357751984916366
2786,0.5206501623597994,0,2,0,569976,35634,85781,22175,0.33007892104190595,0.3835907903613624
2787,0.5206553973538262,0,4,0,569980,35630,85781,22175,0.3300418689095557,0.38361733414064525
2788,0.5206575302832965,428,867,428,570847,34763,86209,21747,0.32201081922264624,0.38483454255883914
2789,0.5206593366938629,2,5,2,570852,34758,86211,21745,0.3219645040572085,0.3848468222926216
2790,0.5206766761942931,410,841,410,571693,33917,86621,21335,0.31417429323057544,0.3861398682400637
2791,0.5206989937155161,2,3,2,571696,33914,86623,21333,0.31414650413131273,0.38613861386138615
2792,0.5207142421990116,81,187,81,571883,33727,86704,21252,0.3124143169439401,0.386547590898343
2793,0.5207337524324476,319,704,319,572587,33023,87023,20933,0.30589314165030196,0.38796426718066573
2794,0.5207514728726645,0,1,0,572588,33022,87023,20933,0.30588387861721444,0.3879714576962283
2795,0.5207751030555117,175,379,175,572967,32643,87198,20758,0.30237318907703137,0.38871931237242746
2796,0.5207991726984775,39,128,39,573095,32515,87237,20719,0.30118752084182443,0.38920614644775897
2797,0.5208061682252774,7,17,7,573112,32498,87244,20712,0.301030049279336,0.38925014095094906
2798,0.5208083430361311,64,168,64,573280,32330,87308,20648,0.2994738597206269,0.389746687304164
2799,0.5208157473162979,3,19,3,573299,32311,87311,20645,0.2992978620919634,0.3898519525643931
2800,0.5208318773596847,1,5,1,573304,32306,87312,20644,0.2992515469265256,0.38987724268177526
2801,0.5208764551365791,1,2,1,573306,32304,87313,20643,0.29923302086035053,0.38988044648422004
2802,0.5209071678840823,1,4,1,573310,32300,87314,20642,0.2991959687280003,0.3898983793585433
2803,0.520916466896443,10,13,10,573323,32287,87324,20632,0.29907554929786206,0.38987887148283223
2804,0.5209186343211893,4,2,4,573325,32285,87328,20628,0.299057023231687,0.38984748549505793
2805,0.5209348126987339,87,187,87,573512,32098,87415,20541,0.29732483604431437,0.39022397841904294
2806,0.5209842106229984,0,2,0,573514,32096,87415,20541,0.2973063099781392,0.3902388054030435
2807,0.5209849700269198,0,5,0,573519,32091,87415,20541,0.2972599948127015,0.3902758777929777
2808,0.5210084433434762,0,2,0,573521,32089,87415,20541,0.29724146874652635,0.39029070872126165
2809,0.5210139489608399,0,1,0,573522,32088,87415,20541,0.29723220571343884,0.3902981246081058
2810,0.5210301495367424,0,2,0,573524,32086,87415,20541,0.2972136796472637,0.39031295722727877
2811,0.5211341688004881,5,8,5,573532,32078,87420,20536,0.29713957538256325,0.3903143649979093
2812,0.5212370674343509,4,9,4,573541,32069,87424,20532,0.2970562080847753,0.3903347845098002
2813,0.5212882168156866,4,8,4,573549,32061,87428,20528,0.29698210382007484,0.39034779136321285
2814,0.5212989886450016,0,5,0,573554,32056,87428,20528,0.2969357886546371,0.3903849079567929
2815,0.5213041956702644,26,18,26,573572,32038,87454,20502,0.2967690540590611,0.3902169775409212
2816,0.5213227065518373,15,41,15,573613,31997,87469,20487,0.29638926970247137,0.39034753448670073
2817,0.5213488547865973,2,5,2,573618,31992,87471,20485,0.29634295453703363,0.3903614917011262
2818,0.5213624734756348,2,15,2,573633,31977,87473,20483,0.2962040090407203,0.3904498665650019
2819,0.5214033305029844,3,4,3,573637,31973,87476,20480,0.2961669569083701,0.3904447791356071
2820,0.5214060158608003,10,22,10,573659,31951,87486,20470,0.2959631701804439,0.3904923599320883
2821,0.5214197709396942,101,189,101,573848,31762,87587,20369,0.2942124569268961,0.39072720646064724
2822,0.5214543879410176,35,49,35,573897,31713,87622,20334,0.293758568305606,0.3906853420946452
2823,0.5214790160385783,41,120,41,574017,31593,87663,20293,0.2926470043350995,0.391107427822534
2824,0.5214947477862817,16,32,16,574049,31561,87679,20277,0.29235058727629776,0.39116092441838035
2825,0.5215068461227453,63,143,63,574192,31418,87742,20214,0.2910259735447775,0.3915013944840409
2826,0.5215157262340252,1,6,1,574198,31412,87743,20213,0.2909703953462522,0.39153510895883775
2827,0.5215392360263815,13,31,13,574229,31381,87756,20200,0.290683241320538,0.39161706830034315
2828,0.5215466895742698,0,1,0,574230,31380,87756,20200,0.29067397828745045,0.39162466072120977
2829,0.5216731717307571,3,9,3,574239,31371,87759,20197,0.29059061098966243,0.3916576171269004
2830,0.521679038301361,96,218,96,574457,31153,87855,20101,0.28857126977657566,0.3921840246614898
2831,0.5217668143075789,1,11,1,574468,31142,87856,20100,0.28846937641261255,0.39225635221107685
2832,0.5218370623638364,5,9,5,574477,31133,87861,20095,0.28838600911482454,0.3922659483095182
2833,0.5218467781554615,2,4,2,574481,31129,87863,20093,0.2883489569824743,0.39227285150911717
2834,0.5218572791047532,0,1,0,574482,31128,87863,20093,0.2883396939493868,0.392280509947092
2835,0.5218831074581582,0,1,0,574483,31127,87863,20093,0.28833043091629923,0.39228816868410776
2836,0.5219005471944697,13,28,13,574511,31099,87876,20080,0.2880710659898477,0.3923484241583462
2837,0.5219236056610295,1,6,1,574517,31093,87877,20079,0.2880154877913224,0.39238255295864927
2838,0.521945929497442,1,5,1,574522,31088,87878,20078,0.2879691726258846,0.39240902161591684
2839,0.5219683078293509,17,43,17,574565,31045,87895,20061,0.2875708622031198,0.392537079794936
2840,0.5220157219998809,124,230,124,574795,30815,88019,19937,0.28544036459298233,0.39283180958385877
2841,0.5220377240821293,2,5,2,574800,30810,88021,19935,0.28539404942754454,0.3928465858705291
2842,0.5220598919177194,0,1,0,574801,30809,88021,19935,0.285384786394457,0.39285432760523414
2843,0.522070530906478,1,2,1,574803,30807,88022,19934,0.2853662603282819,0.39285784671173213
2844,0.5220836024433103,0,1,0,574804,30806,88022,19934,0.2853569972951943,0.3928655892786756
2845,0.5221003345951551,0,1,0,574805,30805,88022,19934,0.2853477342621068,0.392873332150811
2846,0.5221669981998858,1,1,1,574806,30804,88023,19933,0.28533847122901923,0.39286910932849795
2847,0.522211245449592,27,34,27,574840,30770,88050,19906,0.2850235281040424,0.39280921935432944
2848,0.5222728258596707,1,0,1,574840,30770,88051,19905,0.2850235281040424,0.3927972372964973
2849,0.5223011696769047,0,4,0,574844,30766,88051,19905,0.2849864759716922,0.39282824495273433
2850,0.5223038907326587,4,10,4,574854,30756,88055,19901,0.28489384564081666,0.3928578478788716
2851,0.5223849043937314,2,10,2,574864,30746,88057,19899,0.28480121530994107,0.39291144239312864
2852,0.5224074293564149,246,515,246,575379,30231,88303,19653,0.28003075326985066,0.3939740197257638
2853,0.5224202899463803,2,1,2,575380,30230,88305,19651,0.28002149023676315,0.39395761913353783
2854,0.5224301063773944,3,26,3,575406,30204,88308,19648,0.2797806513764867,0.39412661477974803
2855,0.5224518255076605,0,1,0,575407,30203,88308,19648,0.27977138834339915,0.39413452087219913
2856,0.5224750422850913,23,41,23,575448,30162,88331,19625,0.27939160398680946,0.39417920340651175
2857,0.5225153560252996,46,86,46,575534,30076,88377,19579,0.2785949831412798,0.3943006746551203
2858,0.5225259781559182,0,1,0,575535,30075,88377,19579,0.2785857201081922,0.394308615620091
2859,0.5226484546849544,59,117,59,575652,29958,88436,19520,0.2775019452369484,0.3945187760216662
2860,0.5226735243196065,0,1,0,575653,29957,88436,19520,0.2774926822038608,0.3945267498029387
2861,0.5226855077104595,0,1,0,575654,29956,88436,19520,0.2774834191707733,0.39453472390654054
2862,0.522697480701461,15,19,15,575673,29937,88451,19505,0.27730742154210974,0.3945026495691922
2863,0.5227226000579808,47,89,47,575762,29848,88498,19458,0.2764830115973174,0.39463756946416256
2864,0.5227488318803944,0,2,0,575764,29846,88498,19458,0.27646448553114233,0.394653577803018
2865,0.5227751455756222,1,1,1,575765,29845,88499,19457,0.27645522249805476,0.3946493042878585
2866,0.5227854129463825,20,29,20,575794,29816,88519,19437,0.2761865945385157,0.3946358597445841
2867,0.5227929698812522,46,131,46,575925,29685,88565,19391,0.2749731372040461,0.39512185182166437
2868,0.5228206979908411,1,1,1,575926,29684,88566,19390,0.2749638741709585,0.3951175775359661
2869,0.522850192333085,2,6,2,575932,29678,88568,19388,0.2749082959724332,0.39514123833204257
2870,0.5228562018951377,3,6,3,575938,29672,88571,19385,0.2748527177739079,0.3951525776137962
2871,0.5229575159529508,1,0,1,575938,29672,88572,19384,0.2748527177739079,0.3951402478799739
2872,0.5229671828024743,11,29,11,575967,29643,88583,19373,0.2745840898143688,0.39523828953811
2873,0.5230031430495161,2,4,2,575971,29639,88585,19371,0.2745470376820186,0.3952458681901653
2874,0.5230158583017206,1,19,1,575990,29620,88586,19370,0.27437104005335505,0.3953868136354358
2875,0.5230497185959352,0,1,0,575991,29619,88586,19370,0.27436177702026754,0.395394884565923
2876,0.523079152191331,1,0,1,575991,29619,88587,19369,0.27436177702026754,0.3953825426635094
2877,0.5230986222985383,6,13,6,576004,29606,88593,19363,0.2742413575901293,0.3954134248197839
2878,0.5231069107509182,0,8,0,576012,29598,88593,19363,0.2741672533254289,0.3954780335368967
2879,0.5231091717443838,15,47,15,576059,29551,88608,19348,0.27373189077031385,0.39567271314341806
2880,0.5231112245588946,1,0,1,576059,29551,88609,19347,0.27373189077031385,0.395660354206716
2881,0.523128862598752,7,14,7,576073,29537,88616,19340,0.2736022083070881,0.395687133007345
2882,0.5231491319179402,6,11,6,576084,29526,88622,19334,0.273500314943125,0.395702005730659
2883,0.5231844547125262,2,2,2,576086,29524,88624,19332,0.27348178887694985,0.3956934665138366
2884,0.5232374050630388,8,12,8,576098,29512,88632,19324,0.27337063247989923,0.3956917028421656
2885,0.5232535500939047,0,2,0,576100,29510,88632,19324,0.2733521064137241,0.39570790842445835
2886,0.5232825782718298,0,2,0,576102,29508,88632,19324,0.273333580347549,0.3957241153342071
2887,0.5232842401989122,59,128,59,576230,29380,88691,19265,0.27214791211234207,0.39603248021379384
2888,0.5232923709316559,0,3,0,576233,29377,88691,19265,0.2721201230130794,0.3960569055548703
2889,0.5233133087633758,1,7,1,576240,29370,88692,19264,0.27205528178146654,0.3961014927828268
2890,0.5233390917647502,4,13,4,576253,29357,88696,19260,0.2719348623513283,0.3961577226073184
2891,0.5233587880651764,1,3,1,576256,29354,88697,19259,0.27190707325206565,0.3961697488326168
2892,0.5233889093524359,1,3,1,576259,29351,88698,19258,0.271879284152803,0.39618177703717417
2893,0.5233941634727939,16,22,16,576281,29329,88714,19242,0.2716754974248768,0.396162319079286
2894,0.5234102430455161,1,6,1,576287,29323,88715,19241,0.2716199192263515,0.3961988304093567
2895,0.5234238461563911,0,1,0,576288,29322,88715,19241,0.2716106561932639,0.3962069888598316
2896,0.5234462195362991,1,0,1,576288,29322,88716,19240,0.2716106561932639,0.39619455541369797
2897,0.5234706509739449,1,4,1,576292,29318,88717,19239,0.2715736040609137,0.3962147579133802
2898,0.523484533708504,0,4,0,576296,29314,88717,19239,0.27153655192856346,0.3962473997487282
2899,0.5234852875049035,1,1,1,576297,29313,88718,19238,0.27152728889547595,0.3962431257852567
2900,0.5235495678137335,4,2,4,576299,29311,88722,19234,0.2715087628293008,0.3962097023380369
2901,0.5235509667349632,1,0,1,576299,29311,88723,19233,0.2715087628293008,0.39619726433750824
2902,0.523575152291962,0,1,0,576300,29310,88723,19233,0.2714994997962133,0.39620542611705084
2903,0.5235840833817199,9,5,9,576305,29305,88732,19224,0.2714531846307755,0.39613427023017167
2904,0.5235878504400218,1,2,1,576307,29303,88733,19223,0.2714346585646004,0.3961381527428595
2905,0.5235931987900435,244,495,244,576802,28808,88977,18979,0.2668494571862611,0.39715822294766356
2906,0.523620611465443,110,198,110,577000,28610,89087,18869,0.26501537663492536,0.39741780576676006
2907,0.5236295317667483,1,13,1,577013,28597,89088,18868,0.2648949572047871,0.39751395765300745
2908,0.5236470846673387,81,147,81,577160,28450,89169,18787,0.2635332913409167,0.39771789063657725
2909,0.5236491193769808,1,0,1,577160,28450,89170,18786,0.2635332913409167,0.39770514014734526
2910,0.5236692550792934,1,0,1,577160,28450,89171,18785,0.2635332913409167,0.3976923891182386
2911,0.5236822345285203,6,16,6,577176,28434,89177,18779,0.2633850828115158,0.3977506195327558
2912,0.5236872951056937,17,20,17,577196,28414,89194,18762,0.26319982214976473,0.39770222146854334
2913,0.5236952543212124,2,3,2,577199,28411,89196,18760,0.2631720330505021,0.39770197791015666
2914,0.523747405430152,22,28,22,577227,28383,89218,18738,0.26291266812405056,0.39765709556248807
2915,0.5238011645210754,227,533,227,577760,27850,89445,18511,0.2579754714883842,0.39927956687733224
2916,0.523820612404539,0,7,0,577767,27843,89445,18511,0.2579106302567713,0.3993398627950123
2917,0.5238284682663854,0,1,0,577768,27842,89445,18511,0.25790136722368373,0.399348477984165
2918,0.5238294583616929,7,26,7,577794,27816,89452,18504,0.2576605283634073,0.3994818652849741
2919,0.5238297139911837,1,1,1,577795,27815,89453,18503,0.25765126533031973,0.39947752493630984
2920,0.523831630937958,205,346,205,578141,27469,89658,18298,0.254446255882026,0.3998077217208906
2921,0.5238688128003482,0,1,0,578142,27468,89658,18298,0.25443699284893845,0.39981645763230345
2922,0.5239064898620829,1,0,1,578142,27468,89659,18297,0.25443699284893845,0.39980334316617505
2923,0.5239136518630683,0,1,0,578143,27467,89659,18297,0.2544277298158509,0.399812079363692
2924,0.5239396843600034,7,7,7,578150,27460,89666,18290,0.254362888584238,0.3997814207650273
2925,0.5240231823229897,10,14,10,578164,27446,89676,18280,0.25423320612101225,0.39977255828194025
2926,0.524066449362726,3,12,3,578176,27434,89679,18277,0.25412204972396163,0.39983811336439806
2927,0.5241007865776195,0,5,0,578181,27429,89679,18277,0.25407573455852384,0.39988185358596245
2928,0.5241010254654495,7,12,7,578193,27417,89686,18270,0.2539645781614732,0.39989493729069536
2929,0.5241376724427707,25,44,25,578237,27373,89711,18245,0.2535570047056208,0.3999517734227717
2930,0.5241405673541262,4,7,4,578244,27366,89715,18241,0.25349216347400794,0.3999605323744162
2931,0.5241497868560052,10,32,10,578276,27334,89725,18231,0.2531957464152062,0.40010973334796446
2932,0.5241581457131408,0,1,0,578277,27333,89725,18231,0.25318648338211863,0.40011851461680276
2933,0.5241664750341248,12,22,12,578299,27311,89737,18219,0.25298269665419243,0.4001537447836591
2934,0.5242107014137712,1,0,1,578299,27311,89738,18218,0.25298269665419243,0.4001405697467548
2935,0.5242312287272144,1,0,1,578299,27311,89739,18217,0.25298269665419243,0.40012739413108417
2936,0.524232807760551,8,8,8,578307,27303,89747,18209,0.25290859238949204,0.4000922833538407
2937,0.5242463395163898,1,1,1,578308,27302,89748,18208,0.25289932935640447,0.4000878927708196
2938,0.5242562814793891,0,1,0,578309,27301,89748,18208,0.2528900663233169,0.4000966841723615
2939,0.524263145582002,2,3,2,578312,27298,89750,18206,0.25286227722405424,0.40009669479606186
2940,0.5242632913014879,2,0,2,578312,27298,89752,18204,0.25286227722405424,0.40007032657905145
2941,0.5242855686179054,48,86,48,578398,27212,89800,18156,0.25206565637852457,0.40019396931758067
2942,0.5243059187397554,3,6,3,578404,27206,89803,18153,0.25201007817999926,0.40020723560925064
2943,0.5243585120061363,2,11,2,578415,27195,89805,18151,0.25190818481603616,0.40027786353812905
2944,0.5243663893109599,6,7,6,578422,27188,89811,18145,0.2518433435844233,0.40026029603158847
2945,0.5243674199393492,39,71,39,578493,27117,89850,18106,0.25118566823520694,0.4003714923821949
2946,0.5243890543740479,9,34,9,578527,27083,89859,18097,0.2508707251102301,0.4005533421868083
2947,0.524421679855055,13,36,13,578563,27047,89872,18084,0.25053725591907816,0.4007001839090647
2948,0.5244304303584969,36,90,36,578653,26957,89908,18048,0.24970358294119827,0.4010221086545939
2949,0.5244357758783015,9,43,9,578696,26914,89917,18039,0.24930527251843343,0.4012857873779281
2950,0.524443839055256,1,1,1,578697,26913,89918,18038,0.2492960094853459,0.4012813952971013
2951,0.5244506325521009,1,4,1,578701,26909,89919,18037,0.24925895735299566,0.4013037867663418
2952,0.5245220672635419,7,34,7,578735,26875,89926,18030,0.24894401422801882,0.4015143079835208
2953,0.5245226201111292,6,15,6,578750,26860,89932,18024,0.24880506873170552,0.40156848765707154
2954,0.5245288204922204,2,3,2,578753,26857,89934,18022,0.24877727963244284,0.4015686624033512
2955,0.5245386100717313,2,0,2,578753,26857,89936,18020,0.24877727963244284,0.4015419925574348
2956,0.5245405173523233,0,1,0,578754,26856,89936,18020,0.2487680165993553,0.40155094036901684
2957,0.5245845690122704,0,1,0,578755,26855,89936,18020,0.24875875356626773,0.4015598885793872
2958,0.5245934192985197,11,29,11,578784,26826,89947,18009,0.24849012560672867,0.40167280026764807
2959,0.5246226842188675,1,0,1,578784,26826,89948,18008,0.24849012560672867,0.40165945487799437
2960,0.5246301525386737,3,20,3,578804,26806,89951,18005,0.24830486494497758,0.40179866550623733
2961,0.5246379867187638,0,3,0,578807,26803,89951,18005,0.24827707584571493,0.40182556686306015
2962,0.5246725624555465,6,27,6,578834,26776,89957,17999,0.24802697395235096,0.40198771635957564
2963,0.5246772426495344,0,1,0,578835,26775,89957,17999,0.2480177109192634,0.4019966945102068
2964,0.524678238594307,47,102,47,578937,26673,90004,17952,0.24707288154433288,0.4022857142857143
2965,0.5246892979423748,1,0,1,578937,26673,90005,17951,0.24707288154433288,0.4022723198278953
2966,0.5247487751326061,1,0,1,578937,26673,90006,17950,0.24707288154433288,0.40225892476973757
2967,0.5247811093997206,2,4,2,578941,26669,90008,17948,0.24703582941198265,0.4022681937378129
2968,0.5247942769418514,2,3,2,578944,26666,90010,17946,0.24700804031272,0.4022684479512239
2969,0.5248030615178044,3,11,3,578955,26655,90013,17943,0.2469061469487569,0.40232745863043184
2970,0.5248236610431556,4,5,4,578960,26650,90017,17939,0.24685983178331913,0.4023189575904371
2971,0.5248280197083479,0,3,0,578963,26647,90017,17939,0.24683204268405648,0.4023460279011349
2972,0.5248651492404186,44,78,44,579041,26569,90061,17895,0.24610952610322723,0.4024604174163368
2973,0.5248871807848114,0,1,0,579042,26568,90061,17895,0.24610026307013969,0.4024694689966939
2974,0.5248960654454747,9,14,9,579056,26554,90070,17886,0.24597058060691393,0.4024752475247525
2975,0.5249010400672004,24,30,24,579086,26524,90094,17862,0.2456926896142873,0.40242418780696615
2976,0.5249022905715359,0,1,0,579087,26523,90094,17862,0.24568342658119974,0.40243325447786416
2977,0.524965756877566,1,0,1,579087,26523,90095,17861,0.24568342658119974,0.4024197909156453
2978,0.5250012802035968,6,24,6,579111,26499,90101,17855,0.24546111378709845,0.4025567028903819
2979,0.5250394136340019,24,41,24,579152,26458,90125,17831,0.24508132943050873,0.40260561313192894
2980,0.5250585331652673,0,1,0,579153,26457,90125,17831,0.24507206639742118,0.4026147037572254
2981,0.5250931814849339,4,3,4,579156,26454,90129,17827,0.2450442772981585,0.40258801743411393
2982,0.5251059624839728,8,38,8,579194,26416,90137,17819,0.24469228204083146,0.402825816661015
2983,0.5251226377057939,10,26,10,579220,26390,90147,17809,0.24445144318055503,0.40292766804678837
2984,0.5251226427311052,0,4,0,579224,26386,90147,17809,0.24441439104820484,0.4029641362145039
2985,0.5251825778770784,0,1,0,579225,26385,90147,17809,0.24440512801511727,0.40297325428791236
2986,0.5252040163823268,13,73,13,579298,26312,90160,17796,0.2437289265997258,0.40346422417702005
2987,0.5252143190746142,0,2,0,579300,26310,90160,17796,0.2437104005335507,0.40348251938511764
2988,0.5252492987688859,21,24,21,579324,26286,90181,17775,0.2434880877394494,0.4034179886974876
2989,0.5252773165672183,1,1,1,579325,26285,90182,17774,0.24347882470636184,0.40341360448489527
2990,0.5252837620764111,2,8,2,579333,26277,90184,17772,0.24340472044166142,0.4034597834230062
2991,0.5253047465967807,1,0,1,579333,26277,90185,17771,0.24340472044166142,0.4034462404649473
2992,0.5253140990386129,0,1,0,579334,26276,90185,17771,0.24339545740857385,0.40345539991372853
2993,0.5253312446966913,0,1,0,579335,26275,90185,17771,0.2433861943754863,0.4034645597784135
2994,0.5253399160044948,1,1,1,579336,26274,90186,17770,0.24337693134239877,0.4034601761874489
2995,0.5253403958162448,14,36,14,579372,26238,90200,17756,0.2430434621512468,0.40360049097604217
2996,0.525340982562379,22,63,22,579435,26175,90222,17734,0.24245989106673088,0.40388075337630097
2997,0.5253507200901107,12,38,12,579473,26137,90234,17722,0.24210789580940384,0.40406758020018696
2998,0.5253546294462634,23,38,23,579511,26099,90257,17699,0.24175590055207677,0.4041052102835746
2999,0.5253573180297773,0,2,0,579513,26097,90257,17699,0.24173737448590166,0.4041236642615764
3000,0.5253795623628267,0,1,0,579514,26096,90257,17699,0.24172811145281412,0.404132891882635
3001,0.5254101950677506,1,4,1,579518,26092,90258,17698,0.2416910593204639,0.40415620004567254
3002,0.5254425997720845,4,3,4,579521,26089,90262,17694,0.24166327022120124,0.4041294566384213
3003,0.5254465229442258,1,3,1,579524,26086,90263,17693,0.24163548112193856,0.4041435391397702
3004,0.5254589632983365,2,10,2,579534,26076,90265,17691,0.24154285079106302,0.4042086503530057
3005,0.5255065728709105,3,14,3,579548,26062,90268,17688,0.24141316832783727,0.40429714285714285
3006,0.5255088065587322,16,30,16,579578,26032,90284,17672,0.24113527733521065,0.4043565806333516
3007,0.5255574589248517,3,13,3,579591,26019,90287,17669,0.24101485790507243,0.4044360007324666
3008,0.5255718689989214,1,2,1,579593,26017,90288,17668,0.24099633183889732,0.4044408835984892
3009,0.5256135399064771,0,2,0,579595,26015,90288,17668,0.2409778057727222,0.40445940068218755
3010,0.5256267537671544,2,5,2,579600,26010,90290,17666,0.24093149060728444,0.4044784320908508
3011,0.5256510484297781,0,1,0,579601,26009,90290,17666,0.2409222275741969,0.40448769318832284
3012,0.5256811178420863,13,33,13,579634,25976,90303,17653,0.2406165474823076,0.40461619564968254
3013,0.5256887677408321,4,4,4,579638,25972,90307,17649,0.2405794953499574,0.4045987024598244
3014,0.5257206515959132,4,9,4,579647,25963,90311,17645,0.2404961280521694,0.4046275912676573
3015,0.5257225272601038,0,1,0,579648,25962,90311,17645,0.24048686501908184,0.4046368702272571
3016,0.5258064864968123,2,2,2,579650,25960,90313,17643,0.24046833895290673,0.4046281219182166
3017,0.5258128953105802,10,23,10,579673,25937,90323,17633,0.24025528919189298,0.4047050722974524
3018,0.5258143929922982,1,1,1,579674,25936,90324,17632,0.24024602615880544,0.4047006977598237
3019,0.5258145487788831,0,1,0,579675,25935,90324,17632,0.24023676312571787,0.404709986916703
3020,0.5258154862823247,4,2,4,579677,25933,90328,17628,0.2402182370595428,0.40467390555772365
3021,0.5258422477393964,1,2,1,579679,25931,90329,17627,0.24019971099336768,0.4046788190458699
3022,0.5258436231871937,16,37,16,579716,25894,90345,17611,0.23985697876912818,0.4048040455120101
3023,0.5258510918534578,9,32,9,579748,25862,90354,17602,0.23956056171032644,0.40497883305724275
3024,0.5258515709809204,2,11,2,579759,25851,90356,17600,0.23945866834636334,0.40505396883846173
3025,0.5258561622880892,11,23,11,579782,25828,90367,17589,0.2392456185853496,0.40511781099569294
3026,0.5258769924295748,1,2,1,579784,25826,90368,17588,0.23922709251917448,0.4051227714562123
3027,0.5258994197792695,1,0,1,579784,25826,90369,17587,0.23922709251917448,0.4051090687121369
3028,0.5259008951469537,0,2,0,579786,25824,90369,17587,0.23920856645299937,0.4051277326023358
3029,0.5259311027906087,17,35,17,579821,25789,90386,17570,0.23888436029493498,0.40522152263659217
3030,0.5259323779712926,62,120,62,579941,25669,90448,17508,0.23777279632442846,0.4054936656090048
3031,0.5259483209262821,3,14,3,579955,25655,90451,17505,0.2376431138612027,0.40558387395736795
3032,0.5259653720601751,2,17,2,579972,25638,90453,17503,0.2374856422987143,0.40571614009874596
3033,0.5259692461514851,2,5,2,579977,25633,90455,17501,0.2374393271332765,0.4057356145963741
3034,0.5259846461775444,29,128,29,580105,25505,90484,17472,0.2362536588980696,0.4065430346464388
3035,0.5260076112565074,1,6,1,580111,25499,90485,17471,0.23619808069954426,0.4065859902257389
3036,0.5260108691145079,5,5,5,580116,25494,90490,17466,0.2361517655341065,0.40656424581005585
3037,0.5260438925537497,8,21,8,580137,25473,90498,17458,0.23595724183926786,0.4066525354638839
3038,0.526061574821366,0,1,0,580138,25472,90498,17458,0.2359479788061803,0.40666200791986956
3039,0.5260711769705801,1,0,1,580138,25472,90499,17457,0.2359479788061803,0.406648186540567
3040,0.5260816870722607,2,2,2,580140,25470,90501,17455,0.23592945274000518,0.4066394874781596
3041,0.5260860030047948,1,6,1,580146,25464,90502,17454,0.23587387454147987,0.4066825108346149
3042,0.5260948991767506,8,21,8,580167,25443,90510,17446,0.2356793508466412,0.40677096691459347
3043,0.5261042692360354,12,50,12,580217,25393,90522,17434,0.23521619919226353,0.40707964601769914
3044,0.526155883622738,2,10,2,580227,25383,90524,17432,0.23512356886138797,0.40714702791077895
3045,0.5261690978847426,26,43,26,580270,25340,90550,17406,0.23472525843862313,0.4071959949468956
3046,0.5261696246707481,24,40,24,580310,25300,90574,17382,0.23435473711512098,0.4072442715898974
3047,0.5261802757459308,1,1,1,580311,25299,90575,17381,0.23434547408203343,0.4072399250234302
3048,0.5261881248548579,2,6,2,580317,25293,90577,17379,0.2342898958835081,0.4072694038245219
3049,0.5261905436128,6,5,6,580322,25288,90583,17373,0.23424358071807033,0.40723377323550786
3050,0.5262131321973395,2,2,2,580324,25286,90585,17371,0.23422505465189522,0.40722507443092576
3051,0.526308756420674,5,11,5,580335,25275,90590,17366,0.23412316128793212,0.4072606177153444
3052,0.5263320576102142,3,3,3,580338,25272,90593,17363,0.23409537218866946,0.4072475665533013
3053,0.5263865720283618,36,100,36,580438,25172,90629,17327,0.23316906887991404,0.4077037106755453
3054,0.5263889771525807,7,15,7,580453,25157,90636,17320,0.2330301233836007,0.40775007651199474
3055,0.5264021842293369,9,8,9,580461,25149,90645,17311,0.2329560191189003,0.40770136599152146
3056,0.5264133585166333,2,4,2,580465,25145,90647,17309,0.23291896698655007,0.40771187638385076
3057,0.5264206357996497,46,114,46,580579,25031,90693,17263,0.2318629812145689,0.408166643022651
3058,0.5264772508525518,7,11,7,580590,25020,90700,17256,0.2317610878506058,0.408174850979279
3059,0.5264907963394476,38,148,38,580738,24872,90738,17218,0.23039015895364778,0.4090757899738655
3060,0.526496135148366,1,0,1,580738,24872,90739,17217,0.23039015895364778,0.4090617501009765
3061,0.5265137865095616,41,129,41,580867,24743,90780,17176,0.2291952276853533,0.4097425988215368
3062,0.5265372277164292,31,70,31,580937,24673,90811,17145,0.2285468153692245,0.40999091300396956
3063,0.5265399283488513,2,12,2,580949,24661,90813,17143,0.22843565897217386,0.410080375083724
3064,0.5265479213878056,0,1,0,580950,24660,90813,17143,0.22842639593908629,0.41009018491495824
3065,0.5265594591143278,47,104,47,581054,24556,90860,17096,0.22746304049798066,0.4104484778642082
3066,0.5265602293825564,0,2,0,581056,24554,90860,17096,0.22744451443180555,0.41046818727490997
3067,0.5265781670860683,2,1,2,581057,24553,90862,17094,0.227435251398718,0.4104497322736331
3068,0.5266066742696196,0,2,0,581059,24551,90862,17094,0.2274167253325429,0.41046944411093766
3069,0.5266416122955633,26,78,26,581137,24473,90888,17068,0.22669420875171367,0.41087118750150453
3070,0.5266511570832664,1,2,1,581139,24471,90889,17067,0.22667568268553856,0.41087678751986134
3071,0.5266525411743078,0,2,0,581141,24469,90889,17067,0.22665715661936345,0.4108965716486903
3072,0.5266558662436168,1,2,1,581143,24467,90890,17066,0.22663863055318834,0.4109021741747526
3073,0.5266625191956363,7,13,7,581156,24454,90897,17059,0.22651821112305012,0.4109315154289018
3074,0.5266803195190966,4,4,4,581160,24450,90901,17055,0.22648115899069993,0.41091434766895557
3075,0.5266923247615073,3,6,3,581166,24444,90904,17052,0.2264255807921746,0.4109311740890688
3076,0.5267069443535873,37,56,37,581222,24388,90941,17015,0.22590685093927154,0.41096055841364154
3077,0.5267131416024531,0,2,0,581224,24386,90941,17015,0.22588832487309646,0.4109804111011811
3078,0.526739133100843,2,3,2,581227,24383,90943,17013,0.22586053577383378,0.4109817373659291
3079,0.5267466288498088,3,10,3,581237,24373,90946,17010,0.22576790544295824,0.4110383490805403
3080,0.5267523962700438,0,1,0,581238,24372,90946,17010,0.22575864240987067,0.41104828186167897
3081,0.5267718603718053,5,20,5,581258,24352,90951,17005,0.2255733817481196,0.41117585898396886
3082,0.5267796659419548,11,22,11,581280,24330,90962,16994,0.2253695950201934,0.41123802148872324
3083,0.5268146970814119,0,1,0,581281,24329,90962,16994,0.22536033198710587,0.4112479732836435
3084,0.5268239464336857,0,6,0,581287,24323,90962,16994,0.22530475378858053,0.4113076941694702
3085,0.5268272658389852,14,53,14,581340,24270,90976,16980,0.22481381303494016,0.41163636363636363
3086,0.5268750970251747,143,172,143,581512,24098,91119,16837,0.22322057134388085,0.41131061438866495
3087,0.5268857152429065,12,24,12,581536,24074,91131,16825,0.22299825854977953,0.4113792513264383
3088,0.5269071814786164,3,13,3,581549,24061,91134,16822,0.22287783911964135,0.41146686886970135
3089,0.5269320632819491,2,3,2,581552,24058,91136,16820,0.22285005002037866,0.4114682714418514
3090,0.5269558646158329,123,157,123,581709,23901,91259,16697,0.22139575382563267,0.41127641755751515
3091,0.526964490227042,6,6,6,581715,23895,91265,16691,0.22134017562710734,0.4112501847927857
3092,0.5270128665186469,5,7,5,581722,23888,91270,16686,0.22127533439549446,0.4112485828362991
3093,0.5270647914044237,134,195,134,581917,23693,91404,16552,0.2194690429434214,0.4112809044601814
3094,0.5270800087257042,1,5,1,581922,23688,91405,16551,0.21942272777798363,0.41131737866249163
3095,0.5271135219247135,109,145,109,582067,23543,91514,16442,0.21807958798028826,0.41120420157559084
3096,0.5271337240753169,0,1,0,582068,23542,91514,16442,0.21807032494720072,0.41121448579431774
3097,0.5271442277089582,3,1,3,582069,23541,91517,16439,0.21806106191411315,0.4111805902951476
3098,0.5271479277062101,8,39,8,582108,23502,91525,16431,0.21769980362369853,0.41146420253925325
3099,0.5271484086878425,0,4,0,582112,23498,91525,16431,0.21766275149134834,0.4115054221242706
3100,0.5271587768998157,1,2,1,582114,23496,91526,16430,0.21764422542517323,0.4115112958974102
3101,0.5271940294313703,4,6,4,582120,23490,91530,16426,0.2175886472266479,0.4115141797775328
3102,0.5272436307593774,0,2,0,582122,23488,91530,16426,0.21757012116047278,0.41153479981961216
3103,0.5272587273037995,0,1,0,582123,23487,91530,16426,0.21756085812738524,0.4115451106155889
3104,0.5272641495994488,9,29,9,582152,23458,91539,16417,0.21729223016784616,0.4117115987460815
3105,0.5272693892341346,1,2,1,582154,23456,91540,16416,0.21727370410167104,0.4117174959871589
3106,0.5272770946784993,17,14,17,582168,23442,91557,16399,0.2171440216384453,0.41161115433849554
3107,0.5273150468585845,8,23,8,582191,23419,91565,16391,0.21693097187743154,0.41173072092439084
3108,0.5273307211560024,1,5,1,582196,23414,91566,16390,0.21688465671199378,0.4117676615415536
3109,0.5273454734468547,50,107,50,582303,23307,91616,16340,0.21589351217162547,0.4121371099957122
3110,0.5273612999982659,4,6,4,582309,23301,91620,16336,0.21583793397310017,0.41214017206145775
3111,0.5274221568207191,3,4,3,582313,23297,91623,16333,0.21580088184074994,0.4121372697451426
3112,0.5274486297392819,12,21,12,582334,23276,91635,16321,0.2156063581459113,0.41217769022905776
3113,0.527478539928576,6,9,6,582343,23267,91641,16315,0.21552299084812332,0.4121823050881714
3114,0.5274850400761982,35,75,35,582418,23192,91676,16280,0.21482826336655675,0.41244426428860964
3115,0.5274880391478366,17,39,17,582457,23153,91693,16263,0.21446700507614214,0.412598944591029
3116,0.5275229833928157,8,32,8,582489,23121,91701,16255,0.2141705880173404,0.4128149126371394
3117,0.5275312894031101,1,1,1,582490,23120,91702,16254,0.21416132498425283,0.4128104840757861
3118,0.5275797324621977,2,1,2,582491,23119,91704,16252,0.2141520619511653,0.41279114068730793
3119,0.527604220248015,5,11,5,582502,23108,91709,16247,0.2140501685872022,0.4128319146233007
3120,0.527661523257368,35,60,35,582562,23048,91744,16212,0.21349438660194894,0.4129393785022924
3121,0.5276732871070205,1,1,1,582563,23047,91745,16211,0.2134851235688614,0.4129349431962912
3122,0.5277039983251898,8,5,8,582568,23042,91753,16203,0.2134388084034236,0.41286788125875906
3123,0.5277106558435264,0,2,0,582570,23040,91753,16203,0.2134202823372485,0.4128889228652244
3124,0.5277113994720907,1,0,1,582570,23040,91754,16202,0.2134202823372485,0.41287396157178535
3125,0.5277217770504095,0,1,0,582571,23039,91754,16202,0.21341101930416095,0.4128844830661808
3126,0.5277277153670209,20,61,20,582632,22978,91774,16182,0.21284597428582014,0.41322778345250255
3127,0.5277435865115409,1,0,1,582632,22978,91775,16181,0.21284597428582014,0.41321279910110065
3128,0.5277472010796007,16,44,16,582676,22934,91791,16165,0.21243840082996776,0.41343768382823093
3129,0.5277957420917487,1,0,1,582676,22934,91792,16164,0.21243840082996776,0.4134226814670827
3130,0.5277970034680062,29,66,29,582742,22868,91821,16135,0.21182704064618918,0.41368612670820193
3131,0.5278069426734732,1,8,1,582750,22860,91822,16134,0.21175293638148876,0.4137559624557624
3132,0.5278427082663798,17,31,17,582781,22829,91839,16117,0.21146578235577457,0.413829404816926
3133,0.5278605576473229,1,7,1,582788,22822,91840,16116,0.2114009411241617,0.4138887462119267
3134,0.5278669604158767,0,1,0,582789,22821,91840,16116,0.21139167809107415,0.4138993759149395
3135,0.5278747438956121,15,18,15,582807,22803,91855,16101,0.21122494349549817,0.4138648982109809
3136,0.527925434720552,343,581,343,583388,22222,92198,15758,0.20584312127162918,0.41490258030542393
3137,0.5279435977957699,1,1,1,583389,22221,92199,15757,0.20583385823854164,0.4148980988993628
3138,0.5279540925341248,28,47,28,583436,22174,92227,15729,0.20539849568342658,0.4149803445637548
3139,0.5279551567806451,2,2,2,583438,22172,92229,15727,0.20537996961725147,0.41497137127628697
3140,0.5279704336755527,1,2,1,583440,22170,92230,15726,0.20536144355107636,0.41497783407219757
3141,0.5280026061783073,15,40,15,583480,22130,92245,15711,0.2049909222275742,0.4151845881451336
3142,0.5280251155729164,102,119,102,583599,22011,92347,15609,0.20388862129015525,0.4149122807017544
3143,0.5280386973198203,1,1,1,583600,22010,92348,15608,0.20387935825706768,0.4149077569248764
3144,0.5280566088560181,0,3,0,583603,22007,92348,15608,0.20385156915780503,0.4149408480659311
3145,0.5281064557859402,9,16,9,583619,21991,92357,15599,0.20370336062840416,0.41497738760308595
3146,0.5281172859015363,3,3,3,583622,21988,92360,15596,0.2036755715291415,0.41496381438910174
3147,0.528141402736237,25,39,25,583661,21949,92385,15571,0.2033143132387269,0.4150053304904051
3148,0.528145275724372,1,3,1,583664,21946,92386,15570,0.20328652413946421,0.41502292355261755
3149,0.5281508004441973,39,87,39,583751,21859,92425,15531,0.202480640260847,0.41537844343407326
3150,0.5282095910398799,3,1,3,583752,21858,92428,15528,0.20247137722775946,0.4153426416305569
3151,0.5282493205166652,5,6,5,583758,21852,92433,15523,0.20241579902923412,0.4153311036789298
3152,0.5283180031572261,2,11,2,583769,21841,92435,15521,0.20231390566527105,0.41542208661206576
3153,0.5283239573067217,299,542,299,584311,21299,92734,15222,0.19729334173181667,0.4168012924071082
3154,0.528325875804024,1,1,1,584312,21298,92735,15221,0.1972840786987291,0.4167967359456721
3155,0.5283357016859267,6,14,6,584326,21284,92741,15215,0.19715439623550335,0.4168607359105729
3156,0.5283357679111547,0,1,0,584327,21283,92741,15215,0.1971451332024158,0.4168721573784865
3157,0.5283501149791207,86,97,86,584424,21186,92827,15129,0.19624661899292303,0.41660470879801736
3158,0.5283746242375585,319,573,319,584997,20613,93146,14810,0.1909389010337545,0.418089941563391
3159,0.5283979449609721,6,16,6,585013,20597,93152,14804,0.19079069250435363,0.418180277393294
3160,0.5284131916051507,18,22,18,585035,20575,93170,14786,0.19058690577642742,0.4181442832499081
3161,0.5284199568906683,1,0,1,585035,20575,93171,14785,0.19058690577642742,0.41812782805429866
3162,0.5284237178821387,0,3,0,585038,20572,93171,14785,0.19055911667716477,0.4181633057103261
3163,0.5284298824598179,0,1,0,585039,20571,93171,14785,0.19054985364407723,0.41817513293358977
3164,0.5284674300861953,18,28,18,585067,20543,93189,14767,0.1902904887176257,0.4182101387708864
3165,0.528499390667489,0,3,0,585070,20540,93189,14767,0.19026269961836303,0.4182456736624465
3166,0.5285212455935281,0,1,0,585071,20539,93189,14767,0.1902534365852755,0.41825751996827737
3167,0.5285275016198205,320,483,320,585554,20056,93509,14447,0.18577939160398682,0.41871721299597137
3168,0.5285487056618982,1,6,1,585560,20050,93510,14446,0.18572381340546149,0.4187731910946197
3169,0.5286023458914626,0,8,0,585568,20042,93510,14446,0.18564970914076104,0.41887033170958016
3170,0.5286197583498244,1,6,1,585574,20036,93511,14445,0.18559413094223573,0.41892636524462745
3171,0.528620224520078,0,1,0,585575,20035,93511,14445,0.18558486790914816,0.4189385150812065
3172,0.5286281464117798,1,0,1,585575,20035,93512,14444,0.18558486790914816,0.41892166246120827
3173,0.5286354497568372,51,93,51,585668,19942,93563,14393,0.18472340583200564,0.41919324304645406
3174,0.5286816722322724,2,1,2,585669,19941,93565,14391,0.18471414279891807,0.4191716183152744
3175,0.5286838821854651,1,1,1,585670,19940,93566,14390,0.18470487976583053,0.41916690940868045
3176,0.5286878768692773,224,346,224,586016,19594,93790,14166,0.18149987031753678,0.4196090047393365
3177,0.5287613252453568,1,2,1,586018,19592,93791,14165,0.18148134425136167,0.41961667209763903
3178,0.5289127423275989,2,0,2,586018,19592,93793,14163,0.18148134425136167,0.41958228410605836
3179,0.5289342584376395,19,30,19,586048,19562,93812,14144,0.18120345325873505,0.4196285527799205
3180,0.5290140161361032,7,12,7,586060,19550,93819,14137,0.18109229686168438,0.41965743461869565
3181,0.5290715039568337,0,2,0,586062,19548,93819,14137,0.1810737707955093,0.4196823511948939
3182,0.5290886336133491,7,7,7,586069,19541,93826,14130,0.18100892956389641,0.41964895607496067
3183,0.529093991746333,0,1,0,586070,19540,93826,14130,0.18099966653080884,0.4196614196614197
3184,0.5290962698215494,8,5,8,586075,19535,93834,14122,0.18095335136537108,0.41958582167156905
3185,0.5291178445211321,0,1,0,586076,19534,93834,14122,0.1809440883322835,0.4195982885666746
3186,0.5291503344751699,1,1,1,586077,19533,93835,14121,0.18093482529919597,0.4195935104296666
3187,0.5291550036430223,2,0,2,586077,19533,93837,14119,0.18093482529919597,0.41955901580886723
3188,0.5291705719007581,2,4,2,586081,19529,93839,14117,0.18089777316684574,0.41957439220115317
3189,0.5292884839589062,63,72,63,586153,19457,93902,14054,0.18023083478454185,0.41938467965742593
3190,0.5292987314170171,2,4,2,586157,19453,93904,14052,0.18019378265219163,0.4194000895388748
3191,0.5293487661146251,32,93,32,586250,19360,93936,14020,0.17933232057504908,0.4200119832234871
3192,0.5293840777924409,1,5,1,586255,19355,93937,14019,0.17928600540961132,0.4200575298136274
3193,0.5293896842548451,3,5,3,586260,19350,93940,14016,0.17923969024417355,0.42006833303362706
3194,0.5294077274291944,23,41,23,586301,19309,93963,13993,0.17885990588758383,0.4201849738754429
3195,0.5294175827163408,0,1,0,586302,19308,93963,13993,0.17885064285449628,0.420197591663914
3196,0.5294540565570169,11,29,11,586331,19279,93974,13982,0.1785820148949572,0.4203722076906888
3197,0.529463092000032,71,107,71,586438,19172,94045,13911,0.1775908703545889,0.42048786385757037
3198,0.5295337251081706,0,4,0,586442,19168,94045,13911,0.1775538182222387,0.42053871036004714
3199,0.529551359195631,8,25,8,586467,19143,94053,13903,0.17732224239504984,0.42071657689281605
3200,0.529553453351629,0,1,0,586468,19142,94053,13903,0.17731297936196228,0.4207293085186866
3201,0.5296304182292149,220,390,220,586858,18752,94273,13683,0.17370039645781615,0.4218591028210267
3202,0.5296332846094988,11,25,11,586883,18727,94284,13672,0.1734688206306273,0.4219883329732399
3203,0.5296541717865091,0,1,0,586884,18726,94284,13672,0.17345955759753973,0.42200135810852524
3204,0.5296920800681021,1,0,1,586884,18726,94285,13671,0.17345955759753973,0.4219835169923141
3205,0.5297332219747236,2,10,2,586894,18716,94287,13669,0.1733669272666642,0.42207812258761773
3206,0.5297482334155234,7,7,7,586901,18709,94294,13662,0.17330208603505132,0.4220444224769083
3207,0.5297812652290596,232,437,232,587338,18272,94526,13430,0.16925414057579014,0.4236325783862217
3208,0.5297847463229486,182,340,182,587678,17932,94708,13248,0.1661047093260217,0.42488774855676714
3209,0.5297914675910789,1,3,1,587681,17929,94709,13247,0.16607692022675904,0.42491018732358227
3210,0.529817204224273,194,331,194,588012,17598,94903,13053,0.16301085627477863,0.4258588626798473
3211,0.5298382310074592,4,15,4,588027,17583,94907,13049,0.1628719107784653,0.4259924262209454
3212,0.5298438382093229,0,3,0,588030,17580,94907,13049,0.16284412167920265,0.42603415064154887
3213,0.5298655638490672,1,2,1,588032,17578,94908,13048,0.16282559561302754,0.42604323124142884
3214,0.5298857073723998,65,105,65,588137,17473,94973,12983,0.16185297713883434,0.42628710270554243
3215,0.5298857093820016,201,311,201,588448,17162,95174,12782,0.158972173848605,0.4268634784931873
3216,0.5299270039376843,6,4,6,588452,17158,95180,12776,0.15893512171625476,0.4268056390726264
3217,0.5299706372274062,3,7,3,588459,17151,95183,12773,0.15887028048464188,0.4268480149712605
3218,0.5300045068018963,23,14,23,588473,17137,95206,12750,0.15874059802141613,0.4266068859370295
3219,0.5300678179542824,1,1,1,588474,17136,95207,12749,0.1587313349883286,0.42660197423456586
3220,0.5300698689382581,1,1,1,588475,17135,95208,12748,0.15872207195524102,0.42659706187464447
3221,0.5300779881390774,7,6,7,588481,17129,95215,12741,0.1586664937567157,0.42654837629728826
3222,0.5300853884360082,3,2,3,588483,17127,95218,12738,0.1586479676905406,0.4265193370165746
3223,0.5300948229081766,1,0,1,588483,17127,95219,12737,0.1586479676905406,0.4265001339405304
3224,0.5301683051824638,1,0,1,588483,17127,95220,12736,0.1586479676905406,0.42648092957840805
3225,0.5302537718404189,1,5,1,588488,17122,95221,12735,0.15860165252510283,0.4265331413068962
3226,0.5302706281463839,0,6,0,588494,17116,95221,12735,0.1585460743265775,0.4266188737395732
3227,0.5302711932617677,68,97,68,588591,17019,95289,12667,0.15764756011708475,0.42669945428821665
3228,0.5303632243598599,2,1,2,588592,17018,95291,12665,0.15763829708399718,0.42667520129366976
3229,0.5303969958169779,2,3,2,588595,17015,95293,12663,0.15761050798473453,0.42667969539726397
3230,0.5304246942223783,18,48,18,588643,16967,95311,12645,0.15716588239653193,0.4270228285830069
3231,0.5304253320214085,10,8,10,588651,16959,95321,12635,0.15709177813183148,0.4269446509427587
3232,0.5304289740504683,5,13,5,588664,16946,95326,12630,0.1569713587016933,0.42703543413578576
3233,0.5304498125500764,0,1,0,588665,16945,95326,12630,0.15696209566860572,0.42704987320371934
3234,0.5304870933201511,0,1,0,588666,16944,95326,12630,0.15695283263551818,0.42706431324812333
3235,0.5305634527073851,4,11,4,588677,16933,95330,12626,0.15685093927155508,0.42714570858283435
3236,0.5305854326346429,27,36,27,588713,16897,95357,12599,0.15651747008040312,0.4271426634119881
3237,0.5305892375604736,46,88,46,588801,16809,95403,12553,0.15570232316869836,0.42752537293099924
3238,0.5306047731128654,3,5,3,588806,16804,95406,12550,0.1556560080032606,0.42753968794712816
3239,0.5306132770197791,2,2,2,588808,16802,95408,12548,0.1556374819370855,0.4275298126064736
3240,0.530626285022019,0,4,0,588812,16798,95408,12548,0.15560042980473526,0.42758808696244804
3241,0.530646314223799,0,1,0,588813,16797,95408,12548,0.15559116677164772,0.4276026580337366
3242,0.5306618441536171,81,114,81,588927,16683,95489,12467,0.15453518099966654,0.4276843910806175
3243,0.530682800242775,7,9,7,588936,16674,95496,12460,0.15445181370187855,0.4276790004805382
3244,0.5306970807242182,0,1,0,588937,16673,95496,12460,0.15444255066879098,0.4276936807057289
3245,0.5307055974274888,0,3,0,588940,16670,95496,12460,0.15441476156952832,0.4277377274287676
3246,0.5308236731094835,1,3,1,588943,16667,95497,12459,0.15438697247026567,0.42776213692233744
3247,0.5308793879409245,2,8,2,588951,16659,95499,12457,0.15431286820556522,0.4278403626871823
3248,0.5308843420559606,4,14,4,588965,16645,95503,12453,0.15418318574233947,0.42796755790776
3249,0.5309340722420579,26,12,26,588977,16633,95529,12427,0.15407202934528882,0.42763248451479696
3250,0.5309728962143396,6,1,6,588978,16632,95535,12421,0.15406276631220125,0.42752899872646544
3251,0.5309959044296333,7,9,7,588987,16623,95542,12414,0.1539793990144133,0.42752350449426596
3252,0.5310246467594897,0,2,0,588989,16621,95542,12414,0.15396087294823818,0.4275529533321853
3253,0.5310506493500061,0,1,0,588990,16620,95542,12414,0.1539516099151506,0.427567679272577
3254,0.5310591383984835,14,19,14,589009,16601,95556,12400,0.1537756122864871,0.42757146305299815
3255,0.5311157811846918,0,1,0,589010,16600,95556,12400,0.15376634925339952,0.42758620689655175
3256,0.5311789229754541,0,1,0,589011,16599,95556,12400,0.15375708622031198,0.4276009517569571
3257,0.5312168944205753,1,0,1,589011,16599,95557,12399,0.15375708622031198,0.4275812124974136
3258,0.5312412182244719,0,2,0,589013,16597,95557,12399,0.15373856015413687,0.42761070492481723
3259,0.5312429509920691,3,8,3,589021,16589,95560,12396,0.15366445588943645,0.4276694842159738
3260,0.5312629284947435,65,85,65,589106,16504,95625,12331,0.15287709807699434,0.42764002080804575
3261,0.5312900576705177,4,5,4,589111,16499,95629,12327,0.15283078291155655,0.4276347741622147
3262,0.5313033115270954,1,8,1,589119,16491,95630,12326,0.15275667864685613,0.4277336294548357
3263,0.5313139677695964,0,1,0,589120,16490,95630,12326,0.15274741561376856,0.4277484730705164
3264,0.531349815313743,1,3,1,589123,16487,95631,12325,0.1527196265145059,0.4277731500763571
3265,0.5313604032102817,6,1,6,589124,16486,95637,12319,0.15271036348141837,0.4276688074986981
3266,0.5313692465086068,20,21,20,589145,16465,95657,12299,0.1525158397865797,0.4275830899735781
3267,0.5314524463270194,0,1,0,589146,16464,95657,12299,0.15250657675349216,0.42759795570698467
3268,0.5314828165722397,0,2,0,589148,16462,95657,12299,0.15248805068731705,0.42762769027502523
3269,0.5315076619461883,6,10,6,589158,16452,95663,12293,0.15239542035644152,0.4276569838232736
3270,0.531512091419208,9,10,9,589168,16442,95672,12284,0.15230279002556596,0.42762654041634757
3271,0.5315329808547131,32,24,32,589192,16418,95704,12252,0.15208047723146467,0.4273456574816882
3272,0.5315786625233032,1,1,1,589193,16417,95705,12251,0.15207121419837713,0.4273405888098228
3273,0.5315962148235635,50,88,50,589281,16329,95755,12201,0.15125606728667235,0.4276550998948475
3274,0.5316193787490955,0,1,0,589282,16328,95755,12201,0.1512468042535848,0.4276700900837744
3275,0.53162153459075,2,0,2,589282,16328,95757,12199,0.1512468042535848,0.4276299645949451
3276,0.5316537402325161,5,9,5,589291,16319,95762,12194,0.15116343695579681,0.4276645740539403
3277,0.5317334327892356,1,0,1,589291,16319,95763,12193,0.15116343695579681,0.4276445005611672
3278,0.5318041134092008,4,2,4,589293,16317,95767,12189,0.1511449108896217,0.4275941906966954
3279,0.5318077906180806,5,4,5,589297,16313,95772,12184,0.15110785875727148,0.4275537775906236
3280,0.5318396250037627,5,6,5,589303,16307,95777,12179,0.15105228055874614,0.4275433546303447
3281,0.5318999901097639,1,0,1,589303,16307,95778,12178,0.15105228055874614,0.4275232578550114
3282,0.5319063229336869,66,75,66,589378,16232,95844,12112,0.1503575530771796,0.42732147897262207
3283,0.5319676373610085,5,10,5,589388,16222,95849,12107,0.15026492274630404,0.4273712450139433
3284,0.5320047550078849,4,7,4,589395,16215,95853,12103,0.15020008151469116,0.42739600254255244
3285,0.5320072419949269,1,4,1,589399,16211,95854,12102,0.15016302938234094,0.4274361600678134
3286,0.5320216634962189,0,1,0,589400,16210,95854,12102,0.1501537663492534,0.4274512574173495
3287,0.5320225463189809,2,1,2,589401,16209,95856,12100,0.15014450331616586,0.42742590695538524
3288,0.5320676859377211,1,4,1,589405,16205,95857,12099,0.15010745118381563,0.42746608253250423
3289,0.532114448891917,7,7,7,589412,16198,95864,12092,0.15004260995220275,0.4274301873453517
3290,0.5321719923484797,3,3,3,589415,16195,95867,12089,0.15001482085294007,0.4274147928157262
3291,0.5322321957098535,1,2,1,589417,16193,95868,12088,0.149996294786765,0.4274247728156713
3292,0.5322901244956926,1,1,1,589418,16192,95869,12087,0.14998703175367742,0.42741964001555927
3293,0.5323403976914614,0,1,0,589419,16191,95869,12087,0.14997776872058988,0.4274347549331636
3294,0.5323840551463138,0,8,0,589427,16183,95869,12087,0.14990366445588943,0.42755571276972054
3295,0.5323945071447661,0,1,0,589428,16182,95869,12087,0.1498944014228019,0.42757083731295764
3296,0.5324138599674341,1,1,1,589429,16181,95870,12086,0.14988513838971432,0.4275657126684827
3297,0.5324159104271756,1,3,1,589432,16178,95871,12085,0.14985734929045166,0.42759084315182394
3298,0.5324933699252752,2,4,2,589436,16174,95873,12083,0.14982029715810144,0.42761085748664046
3299,0.5325589428268812,2,1,2,589437,16173,95875,12081,0.1498110341250139,0.42758547462306223
3300,0.5325842973023964,1,2,1,589439,16171,95876,12080,0.14979250805883879,0.4275954833457223
3301,0.5326854657379958,9,9,9,589448,16162,95885,12071,0.1497091407610508,0.42754932171572274
3302,0.532712586292479,9,36,9,589484,16126,95894,12062,0.14937567156989884,0.4279125869164183
3303,0.5327360844512203,0,1,0,589485,16125,95894,12062,0.1493664085368113,0.42792776812005534
3304,0.5327650599841822,1,1,1,589486,16124,95895,12061,0.14935714550372373,0.4279226538939152
3305,0.5327694393029646,0,1,0,589487,16123,95895,12061,0.14934788247063618,0.4279378370706784
3306,0.532797623513179,0,2,0,589489,16121,95895,12061,0.14932935640446107,0.42796820665673124
3307,0.5328015089911531,0,1,0,589490,16120,95895,12061,0.14932009337137353,0.42798339306625033
3308,0.5328077232813954,2,4,2,589494,16116,95897,12059,0.1492830412390233,0.42800354924578526
3309,0.5328346361331929,12,20,12,589514,16096,95909,12047,0.14909778057727222,0.4280638169349394
3310,0.5328357976371498,0,1,0,589515,16095,95909,12047,0.14908851754418467,0.42807902778764834
3311,0.5328429785678275,0,4,0,589519,16091,95909,12047,0.14905146541183445,0.4281398820100931
3312,0.5328662668292679,6,10,6,589529,16081,95915,12041,0.14895883508095892,0.42817011592347626
3313,0.5328938774207577,12,26,12,589555,16055,95927,12029,0.1487179962206825,0.4283221763281584
3314,0.5328965098136453,2,11,2,589566,16044,95929,12027,0.14861610285671942,0.4284492893021267
3315,0.5329089557548248,1,1,1,589567,16043,95930,12026,0.14860683982363185,0.42844419110050236
3316,0.5329363198984958,12,21,12,589588,16022,95942,12014,0.14841231612879321,0.4285204736767014
3317,0.5329750049880977,2,5,2,589593,16017,95944,12012,0.14836600096335545,0.42855613828534733
3318,0.5329850628634116,4,10,4,589603,16007,95948,12008,0.1482733706324799,0.42862752097090845
3319,0.5329930580538806,0,1,0,589604,16006,95948,12008,0.14826410759939235,0.42864282144641963
3320,0.5329951151157412,0,1,0,589605,16005,95948,12008,0.14825484456630478,0.4286581230143148
3321,0.5330021161985983,40,31,40,589636,15974,95988,11968,0.1479676905405906,0.4283157970080882
3322,0.5330167728010724,0,1,0,589637,15973,95988,11968,0.14795842750750304,0.42833112630185033
3323,0.5330436577368121,2,0,2,589637,15973,95990,11966,0.14795842750750304,0.42829020365796916
3324,0.5330662026468025,8,23,8,589660,15950,95998,11958,0.1477453777464893,0.42847928909273325
3325,0.533109971242583,0,4,0,589664,15946,95998,11958,0.1477083256141391,0.4285407110091743
3326,0.5331423262531738,0,2,0,589666,15944,95998,11958,0.147689799547964,0.42857142857142855
3327,0.5331759098851088,0,2,0,589668,15942,95998,11958,0.14767127348178888,0.4286021505376344
3328,0.5332191982403157,0,1,0,589669,15941,95998,11958,0.14766201044870134,0.4286175131725151
3329,0.5332387733534845,1,10,1,589679,15931,95999,11957,0.14756938011782578,0.4287507171543316
3330,0.5332719492609121,6,9,6,589688,15922,96005,11951,0.1474860128200378,0.4287661895023858
3331,0.5332853218527757,9,6,9,589694,15916,96014,11942,0.14743043462151248,0.42867398951827124
3332,0.5333134623154476,3,2,3,589696,15914,96017,11939,0.14741190855533737,0.4286432341219976
3333,0.5333777065377925,2,0,2,589696,15914,96019,11937,0.14741190855533737,0.4286022045887042
3334,0.5333872007544226,4,13,4,589709,15901,96023,11933,0.14729148912519915,0.4287202701731695
3335,0.5334296853894365,0,1,0,589710,15900,96023,11933,0.1472822260921116,0.4287356734811195
3336,0.5334331985632227,1,0,1,589710,15900,96024,11932,0.1472822260921116,0.4287151480310434
3337,0.5334453401174963,0,1,0,589711,15899,96024,11932,0.14727296305902404,0.42873055226186624
3338,0.5334772232889767,0,2,0,589713,15897,96024,11932,0.14725443699284893,0.42876136404470155
3339,0.5334897862059267,4,21,4,589734,15876,96028,11928,0.1470599132980103,0.42900302114803623
3340,0.5335032113806488,1,1,1,589735,15875,96029,11927,0.14705065026492276,0.4289979138191497
3341,0.5335120197760469,14,20,14,589755,15855,96043,11913,0.14686538960317166,0.429019014693172
3342,0.5335314423811182,1,6,1,589761,15849,96044,11912,0.14680981140464633,0.42909117106732464
3343,0.5335385347129457,0,1,0,589762,15848,96044,11912,0.1468005483715588,0.4291066282420749
3344,0.5335392248144231,1,2,1,589764,15846,96045,11911,0.14678202230538367,0.4291169795006665
3345,0.5335622826894023,0,1,0,589765,15845,96045,11911,0.14677275927229613,0.42913243983282895
3346,0.5335750296527804,1,7,1,589772,15838,96046,11910,0.14670791804068326,0.42922012397289894
3347,0.5335947558681109,1,2,1,589774,15836,96047,11909,0.14668939197450814,0.42923049198053703
3348,0.5336332015222358,5,16,5,589790,15820,96052,11904,0.14654118344510728,0.429375270523734
3349,0.533674036945005,5,11,5,589801,15809,96057,11899,0.14643929008114417,0.4294427602136567
3350,0.5337070394069976,3,14,3,589815,15795,96060,11896,0.14630960761791842,0.4295980643530389
3351,0.533761445842629,38,70,38,589885,15725,96098,11858,0.14566119530178961,0.42990247616285393
3352,0.5337742804872982,61,109,61,589994,15616,96159,11797,0.14465152469524623,0.43034326779265314
3353,0.5337919273596887,12,21,12,590015,15595,96171,11785,0.14445700100040756,0.4304236669101534
3354,0.5338260383221497,3,9,3,590024,15586,96174,11782,0.14437363370261957,0.43050277696579947
3355,0.5338589388700774,9,12,9,590036,15574,96183,11773,0.14426247730556893,0.4305042600650894
3356,0.5338659930091181,30,19,30,590055,15555,96213,11743,0.1440864796769054,0.43017803502088064
3357,0.5338680440831317,0,1,0,590056,15554,96213,11743,0.14407721664381784,0.4301937941898377
3358,0.5339003336495552,80,98,80,590154,15456,96293,11663,0.14316943940123755,0.43006748036432024
3359,0.5339007259235024,0,1,0,590155,15455,96293,11663,0.14316017636814998,0.43008333947931265
3360,0.5339131969936826,2,0,2,590155,15455,96295,11661,0.14316017636814998,0.43004130402714263
3361,0.5339235046872819,10,14,10,590169,15441,96305,11651,0.14303049390492423,0.4300531522220582
3362,0.5339451600247644,10,22,10,590191,15419,96315,11641,0.14282670717699802,0.4301921655580192
3363,0.5339465531208305,1,0,1,590191,15419,96316,11640,0.14282670717699802,0.4301711075797332
3364,0.5339489769911909,1,3,1,590194,15416,96317,11639,0.14279891807773537,0.43019774533357974
3365,0.5340163810131981,0,4,0,590198,15412,96317,11639,0.14276186594538515,0.43026135817529854
3366,0.5340190278330834,38,29,38,590227,15383,96355,11601,0.1424932379858461,0.42992143492439966
3367,0.5340396436293995,3,10,3,590237,15373,96358,11598,0.14240060765497053,0.4300174261243558
3368,0.5340490137034912,8,21,8,590258,15352,96366,11590,0.1422060839601319,0.4301833568406206
3369,0.5341111420616358,41,101,41,590359,15251,96407,11549,0.14127051761828893,0.43093283582089553
3370,0.5341251530968403,3,6,3,590365,15245,96410,11546,0.1412149394197636,0.43096562278377065
3371,0.5341334059719299,28,27,28,590392,15218,96438,11518,0.14096483752639966,0.43080490724117293
3372,0.534146619821682,0,1,0,590393,15217,96438,11518,0.14095557449331209,0.4308210211333458
3373,0.5341512583214804,28,68,28,590461,15149,96466,11490,0.1403256882433584,0.4313224970907316
3374,0.5341712960002769,2,3,2,590464,15146,96468,11488,0.14029789914409574,0.4313283772621461
3375,0.5342466207950137,21,47,21,590511,15099,96489,11467,0.1398625365889807,0.4316419483550403
3376,0.5342483162237205,4,4,4,590515,15095,96493,11463,0.13982548445663048,0.43162135702989685
3377,0.5342736417272679,1,0,1,590515,15095,96494,11462,0.13982548445663048,0.4315999548141733
3378,0.5342879835446547,4,3,4,590518,15092,96498,11458,0.13979769535736783,0.43156308851224107
3379,0.5342955845350097,1,3,1,590521,15089,96499,11457,0.13976990625810515,0.43159044677164166
3380,0.5343133207990154,0,1,0,590522,15088,96499,11457,0.1397606432250176,0.4316067055942739
3381,0.5343205537962625,0,1,0,590523,15087,96499,11457,0.13975138019193004,0.43162296564195296
3382,0.5343529921841733,27,65,27,590588,15022,96526,11430,0.13914928304123902,0.4321034326326932
3383,0.5343543493932422,8,23,8,590611,14999,96534,11422,0.13893623328022528,0.43230763407895234
3384,0.5343953353779776,49,74,49,590685,14925,96583,11373,0.13825076883174628,0.4324663472507415
3385,0.5343996892699054,2,1,2,590686,14924,96585,11371,0.1382415057986587,0.4324396273055714
3386,0.5344281337378284,0,1,0,590687,14923,96585,11371,0.13823224276557117,0.43245607362896477
3387,0.5344455805799049,1,5,1,590692,14918,96586,11370,0.1381859276001334,0.4325167376749848
3388,0.5344835082794135,2,6,2,590698,14912,96588,11368,0.13813034940160807,0.43257229832572297
3389,0.5344865078007153,443,724,443,591422,14188,97031,10925,0.13142391344621884,0.4350336479114403
3390,0.5345208270096602,5,5,5,591427,14183,97036,10920,0.13137759828078105,0.43500776799585705
3391,0.534521784858173,3,8,3,591435,14175,97039,10917,0.13130349401608063,0.4350789096126255
3392,0.5345242557441898,0,1,0,591436,14174,97039,10917,0.13129423098299306,0.43509624965126936
3393,0.5345339181123809,18,40,18,591476,14134,97057,10899,0.1309237096594909,0.4353852914153318
3394,0.5345439002563054,1,0,1,591476,14134,97058,10898,0.1309237096594909,0.4353627356983062
3395,0.5345515942324438,3,3,3,591479,14131,97061,10895,0.13089592056022825,0.43534723887157356
3396,0.5345787636588384,1,0,1,591479,14131,97062,10894,0.13089592056022825,0.43532467532467534
3397,0.5345853176363506,17,38,17,591517,14093,97079,10877,0.13054392530290118,0.4356027232679215
3398,0.5346110229499295,1,2,1,591519,14091,97080,10876,0.13052539923672607,0.4356150118155966
3399,0.5346258673886186,0,2,0,591521,14089,97080,10876,0.13050687317055096,0.43564990987382335
3400,0.5346319417904001,492,754,492,592275,13335,97572,10384,0.12352254622253511,0.4377924870357098
3401,0.5346474555383032,386,563,386,592838,12772,97958,9998,0.1183074585942421,0.4390865173473869
3402,0.5346490510870141,75,83,75,592921,12689,98033,9923,0.1175386268479751,0.43883778524677164
3403,0.5346884815686994,12,22,12,592943,12667,98045,9911,0.11733484012004891,0.43896713615023475
3404,0.534702250591365,42,61,42,593004,12606,98087,9869,0.11676979510170811,0.43911012235817576
3405,0.5347387125725497,448,687,448,593691,11919,98535,9421,0.11040609137055837,0.4414714151827554
3406,0.5347771865649507,1,0,1,593691,11919,98536,9420,0.11040609137055837,0.44144524110783073
3407,0.5348107181523478,7,4,7,593695,11915,98543,9413,0.11036903923820816,0.44134471117779445
3408,0.5348171643904824,77,99,77,593794,11816,98620,9336,0.10945199896254029,0.4413767019667171
3409,0.5348291210106708,4,3,4,593797,11813,98624,9332,0.10942420986327764,0.4413336486166943
3410,0.5348309830906142,0,3,0,593800,11810,98624,9332,0.10939642076401497,0.44139627282187116
3411,0.5348616782110642,0,1,0,593801,11809,98624,9332,0.10938715773092741,0.44141715150655125
3412,0.5348697768201551,5,9,5,593810,11800,98629,9327,0.10930379043313942,0.4414729966393714
3413,0.5349226015917901,1,2,1,593812,11798,98630,9326,0.10928526436696431,0.4414883544783185
3414,0.5349544695580416,438,670,438,594482,11128,99068,8888,0.10307903219830301,0.4440447641886491
3415,0.5349552616894491,0,1,0,594483,11127,99068,8888,0.10306976916521546,0.44406694978765926
3416,0.5349721654879152,59,61,59,594544,11066,99127,8829,0.10250472414687466,0.44377984418195526
3417,0.5349930646139007,0,3,0,594547,11063,99127,8829,0.10247693504761199,0.4438467725718882
3418,0.5350064564703609,5,15,5,594562,11048,99132,8824,0.10233798955129868,0.4440418679549114
3419,0.5350143803659761,0,1,0,594563,11047,99132,8824,0.10232872651821112,0.44406421418147046
3420,0.5350460563852034,1,0,1,594563,11047,99133,8823,0.10232872651821112,0.4440362355309512
3421,0.5350798068572047,6,7,6,594570,11040,99139,8817,0.10226388528659824,0.4440247771566702
3422,0.5352451729450642,8,31,8,594601,11009,99147,8809,0.10197673126088407,0.444494903622969
3423,0.5352795064531306,1,1,1,594602,11008,99148,8808,0.10196746822779651,0.44448930157448524
3424,0.5352797225283806,107,163,107,594765,10845,99255,8701,0.10045759383452518,0.44515501892970427
3425,0.5352966547466551,10,17,10,594782,10828,99265,8691,0.10030012227203676,0.4452584661099442
3426,0.5353280764237175,0,2,0,594784,10826,99265,8691,0.10028159620586165,0.4453040938668853
3427,0.5353654482760478,40,48,40,594832,10778,99305,8651,0.09983697061765905,0.44526223686242217
3428,0.5353819500746771,11,22,11,594854,10756,99316,8640,0.09963318388973286,0.44545267065374305
3429,0.5354068532452351,19,18,19,594872,10738,99335,8621,0.09946644929415688,0.44532258897670335
3430,0.5354638967341231,37,76,37,594948,10662,99372,8584,0.09876245877950277,0.4460147563130001
3431,0.5354761438432007,3,10,3,594958,10652,99375,8581,0.09866982844862722,0.44616024541153226
3432,0.5355276726861535,3,1,3,594959,10651,99378,8578,0.09866056541553966,0.44609704092776536
3433,0.535529294306396,1,13,1,594972,10638,99379,8577,0.09854014598540146,0.44637002341920373
3434,0.5355344365160034,34,46,34,595018,10592,99413,8543,0.09811404646337396,0.4464593676509015
3435,0.5355381359088021,54,82,54,595100,10510,99467,8489,0.09735447775019453,0.4468129901573767
3436,0.5355734129924853,2,5,2,595105,10505,99469,8487,0.09730816258475675,0.44687236731255264
3437,0.5356098684203721,39,62,39,595167,10443,99508,8448,0.09673385453332839,0.4471970779736382
3438,0.5356474120064194,11,19,11,595186,10424,99519,8437,0.09655785690466487,0.4473251683367796
3439,0.5356685808838002,1,0,1,595186,10424,99520,8436,0.09655785690466487,0.44729586426299045
3440,0.5356768518328059,4,4,4,595190,10420,99524,8432,0.09652080477231464,0.44727349883301504
3441,0.5356991896455582,12,14,12,595204,10406,99536,8420,0.09639112230908889,0.4472537979390205
3442,0.5357141071831244,87,145,87,595349,10261,99623,8333,0.09504798251139353,0.44815531892008176
3443,0.5357318323606701,10,7,10,595356,10254,99633,8323,0.09498314127978065,0.44802713032244174
3444,0.5357574666053859,28,84,28,595440,10170,99661,8295,0.0942050465004261,0.44922826969943136
3445,0.5357813167751516,20,41,20,595481,10129,99681,8275,0.09382526214383638,0.44963051510541185
3446,0.5358093558967864,4,8,4,595489,10121,99685,8271,0.09375115787913595,0.4497063940843845
3447,0.5358100093600109,1,4,1,595493,10117,99686,8270,0.09371410574678572,0.44977429705770383
3448,0.5358141924094242,0,3,0,595496,10114,99686,8270,0.09368631664752307,0.4498476936466493
3449,0.5358290155734892,1,8,1,595504,10106,99687,8269,0.09361221238282263,0.4500136054421769
3450,0.5358616796523858,8,27,8,595531,10079,99695,8261,0.09336211048945867,0.45043620501635767
3451,0.5359023951664712,1,2,1,595533,10077,99696,8260,0.09334358442328355,0.45045536347276
3452,0.5359380313371205,5,0,5,595533,10077,99701,8255,0.09334358442328355,0.4503054767619463
3453,0.5359629683245183,0,1,0,595534,10076,99701,8255,0.09333432139019601,0.45033004200534615
3454,0.5360014917767801,0,2,0,595536,10074,99701,8255,0.0933157953240209,0.45037918053358067
3455,0.5360214082411623,97,126,97,595662,9948,99798,8158,0.09214865315498907,0.45056887219706176
3456,0.5360928459535187,6,17,6,595679,9931,99804,8152,0.09199118159250065,0.45081015318254714
3457,0.5361403776373417,113,128,113,595807,9803,99917,8039,0.09080551335729371,0.4505660800358704
3458,0.5361596130663122,21,29,21,595836,9774,99938,8018,0.09053688539775465,0.4506519784172662
3459,0.5361839538926767,12,13,12,595849,9761,99950,8006,0.09041646596761643,0.45061068272640287
3460,0.5361930156791673,1,9,1,595858,9752,99951,8005,0.09033309866982844,0.45080813200428
3461,0.536211847279859,2,0,2,595858,9752,99953,8003,0.09033309866982844,0.4507462686567164
3462,0.5362214570395517,24,34,24,595892,9718,99977,7979,0.09001815554485161,0.45086737865174886
3463,0.536249322681783,0,1,0,595893,9717,99977,7979,0.09000889251176405,0.45089285714285715
3464,0.5362527818197662,2,2,2,595895,9715,99979,7977,0.08999036644558894,0.45088175446529505
3465,0.5362568318144374,7,13,7,595908,9702,99986,7970,0.08986994701545074,0.45099592575826164
3466,0.5362597076568217,15,19,15,595927,9683,100001,7955,0.08969394938678721,0.4510148542918698
3467,0.5362916094155304,1,1,1,595928,9682,100002,7954,0.08968468635369965,0.45100929916080745
3468,0.5363255434653637,12,10,12,595938,9672,100014,7942,0.08959205602282411,0.4508913364369252
3469,0.5363379636193797,2,5,2,595943,9667,100016,7940,0.08954574085738634,0.45095700573635483
3470,0.5363522227120714,34,27,34,595970,9640,100050,7906,0.08929563896402239,0.45058702838253734
3471,0.5364091309038977,2,6,2,595976,9634,100052,7904,0.08924006076549705,0.4506785266278937
3472,0.5364297168324648,0,1,0,595977,9633,100052,7904,0.0892307977324095,0.4507042253521127
3473,0.5364408454040803,1,3,1,595980,9630,100053,7903,0.08920300863314684,0.4507500142588262
3474,0.5364569112405158,0,4,0,595984,9626,100053,7903,0.08916595650079662,0.45085287238290833
3475,0.5364909502401178,14,24,14,596008,9602,100067,7889,0.08894364370669532,0.4510319592933509
3476,0.5365053653093698,0,1,0,596009,9601,100067,7889,0.08893438067360776,0.45105774728416237
3477,0.5365393010831736,0,1,0,596010,9600,100067,7889,0.08892511764052022,0.4510835382240265
3478,0.5365786159834383,4,5,4,596015,9595,100071,7885,0.08887880247508244,0.45108695652173914
3479,0.5366256654206631,1,2,1,596017,9593,100072,7884,0.08886027640890733,0.4511071694226698
3480,0.5367625417853571,1,4,1,596021,9589,100073,7883,0.08882322427655712,0.4511790293040293
3481,0.536803353988633,1,1,1,596022,9588,100074,7882,0.08881396124346956,0.4511734401831711
3482,0.5368146229688278,22,36,22,596058,9552,100096,7860,0.08848049205231762,0.4514128187456926
3483,0.5368279133483898,4,6,4,596064,9546,100100,7856,0.08842491385379228,0.45144236294678775
3484,0.5368355225381187,15,16,15,596080,9530,100115,7841,0.08827670532439141,0.4513844913937021
3485,0.536839822266834,8,11,8,596091,9519,100123,7833,0.08817481196042833,0.451417704011065
3486,0.5368729590664328,13,13,13,596104,9506,100136,7820,0.08805439253029011,0.4513447997229597
3487,0.5368895925616125,0,3,0,596107,9503,100136,7820,0.08802660343102746,0.45142296368989204
3488,0.5369526825331042,1,8,1,596115,9495,100137,7819,0.08795249916632703,0.4515998613838512
3489,0.5369863439706049,7,13,7,596128,9482,100144,7812,0.08783207973618881,0.4517173586214872
3490,0.5370041786905922,1,0,1,596128,9482,100145,7811,0.08783207973618881,0.4516856531544556
3491,0.5370147355766766,13,24,13,596152,9458,100158,7798,0.08760976694208751,0.45190078813166434
3492,0.5370547816832832,1,2,1,596154,9456,100159,7797,0.08759124087591241,0.45192140497304817
3493,0.5370855118058611,12,14,12,596168,9442,100171,7785,0.08746155841268664,0.451906890346549
3494,0.5371614517892769,20,19,20,596187,9423,100191,7765,0.08728556078402312,0.45176867582033975
3495,0.537262279152168,6,7,6,596194,9416,100197,7759,0.08722071955241024,0.45176128093158663
3496,0.5372869303156114,19,27,19,596221,9389,100216,7740,0.08697061765904628,0.45186525775001457
3497,0.5372989382932574,15,20,15,596241,9369,100231,7725,0.0867853569972952,0.4519129519129519
3498,0.5373381811025659,1,5,1,596246,9364,100232,7724,0.08673904183185742,0.4520131086142322
3499,0.5373999946663033,108,162,108,596408,9202,100340,7616,0.08523843047167365,0.4528481388987989
3500,0.5374158152025579,112,128,112,596536,9074,100452,7504,0.08405276223646671,0.4526480878272409
3501,0.5374258964944718,1,3,1,596539,9071,100453,7503,0.08402497313720404,0.4526969952938337
3502,0.5374413841191851,0,2,0,596541,9069,100453,7503,0.08400644707102894,0.4527516292541636
3503,0.5374889864659635,1,8,1,596549,9061,100454,7502,0.08393234280632851,0.45293726981826965
3504,0.5375333957722167,0,5,0,596554,9056,100454,7502,0.08388602764089073,0.45307404275878727
3505,0.5375510490533437,82,121,82,596675,8935,100536,7420,0.08276520063729667,0.45368388871904614
3506,0.5376361240419272,1,10,1,596685,8925,100537,7419,0.08267257030642114,0.453928046989721
3507,0.5376367996992404,123,169,123,596854,8756,100660,7296,0.08110711771462448,0.45452280089708447
3508,0.5376394004760309,1,1,1,596855,8755,100661,7295,0.08109785468153692,0.45451713395638627
3509,0.5376703251550621,103,130,103,596985,8625,100764,7192,0.07989366038015487,0.45470063855345516
3510,0.5376725073920899,105,154,105,597139,8471,100869,7087,0.07846715328467153,0.4555212752281784
3511,0.537718582315015,1,1,1,597140,8470,100870,7086,0.07845789025158398,0.45551555669838006
3512,0.5377322983517565,4,8,4,597148,8462,100874,7082,0.07838378598688354,0.455609881626351
3513,0.5377985830850271,7,9,7,597157,8453,100881,7075,0.07830041868909556,0.45562854198866565
3514,0.5378162296154874,0,1,0,597158,8452,100881,7075,0.078291155656008,0.45565788626263926
3515,0.5378227166842251,94,111,94,597269,8341,100975,6981,0.07726295898328948,0.45561937083931603
3516,0.5378261583272389,1,0,1,597269,8341,100976,6980,0.07726295898328948,0.45558383917498857
3517,0.5379402872746556,0,1,0,597270,8340,100976,6980,0.07725369595020193,0.4556135770234987
3518,0.5380061639444136,3,0,3,597270,8340,100979,6977,0.07725369595020193,0.45550695305869293
3519,0.5380681940674246,5,10,5,597280,8330,100984,6972,0.0771610656193264,0.4556267154620311
3520,0.5382670494822377,6,11,6,597291,8319,100990,6966,0.0770591722553633,0.45574092247301273
3521,0.5382686948596568,41,51,41,597342,8268,101031,6925,0.07658675756789804,0.4558020140854341
3522,0.5383061526653409,0,2,0,597344,8266,101031,6925,0.07656823150172293,0.4558620235665855
3523,0.5383104960601475,3,9,3,597353,8257,101034,6922,0.07648486420393494,0.45602477106528755
3524,0.5383981402755286,1,6,1,597359,8251,101035,6921,0.07642928600540962,0.4561692591616135
3525,0.5384700183748826,16,30,16,597389,8221,101051,6905,0.07615139501278298,0.45649874388470185
3526,0.5385760257504135,0,2,0,597391,8219,101051,6905,0.07613286894660788,0.4565591113462047
3527,0.5387024804923499,1,8,1,597399,8211,101052,6904,0.07605876468190745,0.4567648031756533
3528,0.5387244388661122,1,0,1,597399,8211,101053,6903,0.07605876468190745,0.45672886065899165
3529,0.5388220539270485,5,8,5,597407,8203,101058,6898,0.07598466041720701,0.45679094099728496
3530,0.539058295068661,0,1,0,597408,8202,101058,6898,0.07597539738411946,0.4568211920529801
3531,0.5391110211974668,1,1,1,597409,8201,101059,6897,0.0759661343510319,0.45681547224797986
3532,0.5391445137348633,1,1,1,597410,8200,101060,6896,0.07595687131794435,0.456809750927398
3533,0.5391744645937765,0,1,0,597411,8199,101060,6896,0.07594760828485679,0.45684001324942036
3534,0.5392362380707263,1,1,1,597412,8198,101061,6895,0.07593834525176923,0.4568342940435964
3535,0.539238807757727,41,52,41,597464,8146,101102,6854,0.07545666753121642,0.45693333333333336
3536,0.5392422024314338,2,1,2,597465,8145,101104,6852,0.07544740449812887,0.4568913782756551
3537,0.5394014371762218,2,3,2,597468,8142,101106,6850,0.0754196153988662,0.4569103521878335
3538,0.5394851485296608,7,32,7,597500,8110,101113,6843,0.07512319834006446,0.457633919614793
3539,0.5395027631271677,3,7,3,597507,8103,101116,6840,0.07505835710845159,0.4577394097570769
3540,0.5395466863535233,0,2,0,597509,8101,101116,6840,0.07503983104227649,0.45780068268522855
3541,0.5395767651317331,3,2,3,597511,8099,101119,6837,0.07502130497610138,0.4577530798071773
3542,0.5397094600408296,2,0,2,597511,8099,101121,6835,0.07502130497610138,0.45768046069371904
3543,0.5397187322042074,13,17,13,597528,8082,101134,6822,0.07486383341361295,0.4577294685990338
3544,0.5397397179923702,0,2,0,597530,8080,101134,6822,0.07484530734743784,0.4577909005502617
3545,0.5397479764532941,1,5,1,597535,8075,101135,6821,0.07479899218200008,0.45790816326530615
3546,0.5397712335177796,2,2,2,597537,8073,101137,6819,0.07478046611582496,0.4578968573730862
3547,0.5397713047190704,0,1,0,597538,8072,101137,6819,0.07477120308273741,0.45792760727956483
3548,0.5398253583778599,32,20,32,597558,8052,101169,6787,0.07458594242098633,0.4573758339510749
3549,0.5398512348681167,0,1,0,597559,8051,101169,6787,0.07457667938789878,0.45740665857932333
3550,0.5399182066065877,0,1,0,597560,8050,101169,6787,0.07456741635481122,0.4574374873626744
3551,0.5399595021209456,7,6,7,597566,8044,101176,6780,0.0745118381562859,0.4573664328116568
3552,0.5399881406843743,3,2,3,597568,8042,101179,6777,0.07449331209011079,0.4573183075781092
3553,0.5399975393371231,1,0,1,597568,8042,101180,6776,0.07449331209011079,0.45728168443784584
3554,0.5399997389462349,13,26,13,597594,8016,101193,6763,0.07425247322983437,0.4576087691995399
3555,0.5400504579628743,0,3,0,597597,8013,101193,6763,0.07422468413057172,0.45770167839740117
3556,0.5400816818005765,4,3,4,597600,8010,101197,6759,0.07419689503130905,0.45764777574649607
3557,0.540142770633257,1,1,1,597601,8009,101198,6758,0.0741876319982215,0.45764203968307715
3558,0.5401613228900541,1,1,1,597602,8008,101199,6757,0.07417836896513394,0.4576363020656959
3559,0.5402095001548533,21,19,21,597621,7989,101220,6736,0.07400237133647042,0.4574533106960951
3560,0.540243419636521,5,4,5,597625,7985,101225,6731,0.0739653192041202,0.45739331340038053
3561,0.5402610678399057,0,1,0,597626,7984,101225,6731,0.07395605617103264,0.45742439687393815
3562,0.5402834723086987,2,6,2,597632,7978,101227,6729,0.07390047797250732,0.45753722717073503
3563,0.5403120392650596,19,69,19,597701,7909,101246,6710,0.07326132868946608,0.45899172310007524
3564,0.5403226243855458,1,2,1,597703,7907,101247,6709,0.07324280262329097,0.45901751505199784
3565,0.5403353087361484,1,0,1,597703,7907,101248,6708,0.07324280262329097,0.4589804994868286
3566,0.5403462828103949,1,0,1,597703,7907,101249,6707,0.07324280262329097,0.4589434788558916
3567,0.5403712692798427,1,2,1,597705,7905,101250,6706,0.07322427655711586,0.4589692697282869
3568,0.5404742816484986,5,13,5,597718,7892,101255,6701,0.07310385712697766,0.4591927636538066
3569,0.5404972319460027,0,2,0,597720,7890,101255,6701,0.07308533106080255,0.4592557055719279
3570,0.5405192850049172,2,2,2,597722,7888,101257,6699,0.07306680499462744,0.4592445328031809
3571,0.5405321567088083,1,3,1,597725,7885,101258,6698,0.07303901589536478,0.4593019269011863
3572,0.5405351375018393,13,65,13,597790,7820,101271,6685,0.07243691874467376,0.46087556015167186
3573,0.5405556799127641,27,73,27,597863,7747,101298,6658,0.0717607173292823,0.46220062478306145
3574,0.5405999595071271,32,101,32,597964,7646,101330,6626,0.07082515098743933,0.46426569506726456
3575,0.5406303567432961,1,2,1,597966,7644,101331,6625,0.07080662492126422,0.4642932230709931
3576,0.5406562357847612,1,0,1,597966,7644,101332,6624,0.07080662492126422,0.464255677039529
3577,0.5406574261116321,1,1,1,597967,7643,101333,6623,0.07079736188817666,0.4642506659189682
3578,0.5406607111767678,2,1,2,597968,7642,101335,6621,0.0707880988550891,0.4642080908644745
3579,0.5406633760727494,27,57,27,598025,7585,101362,6594,0.07026010596909853,0.4650539530291276
3580,0.5406810482856664,7,10,7,598035,7575,101369,6587,0.07016747563822298,0.46511792119757095
3581,0.5406976268229134,1,2,1,598037,7573,101370,6586,0.07014894957204787,0.4651458436330249
3582,0.5407162937400009,0,1,0,598038,7572,101370,6586,0.07013968653896031,0.465178697556152
3583,0.5407540319665742,0,1,0,598039,7571,101370,6586,0.07013042350587276,0.465211556120647
3584,0.5407560525325187,3,2,3,598041,7569,101373,6583,0.07011189743969766,0.4651639344262295
3585,0.5407848394933764,10,19,10,598060,7550,101383,6573,0.06993589981103412,0.4654110316504992
3586,0.5407884363221077,0,1,0,598061,7549,101383,6573,0.06992663677794657,0.46544398810366805
3587,0.5409465435884165,1,4,1,598065,7545,101384,6572,0.06988958464559636,0.4655380038251753
3588,0.540955507718553,2,2,2,598067,7543,101386,6570,0.06987105857942125,0.4655282363778077
3589,0.5409675729954021,1,3,1,598070,7540,101387,6569,0.06984326948015858,0.46558934013750086
3590,0.5409728399723222,0,1,0,598071,7539,101387,6569,0.06983400644707102,0.46562234193365465
3591,0.5410264095639978,1,2,1,598073,7537,101388,6568,0.06981548038089593,0.46565047855370434
3592,0.5410330183146165,8,3,8,598076,7534,101396,6560,0.06978769128163326,0.4654462892010785
3593,0.5410632538163755,156,147,156,598223,7387,101552,6404,0.0684260254177628,0.4643608150242912
3594,0.5411007872562866,29,29,29,598252,7358,101581,6375,0.06815739745822372,0.46421029636641664
3595,0.5411037395117533,7,25,7,598277,7333,101588,6368,0.06792582163103486,0.46478359243850814
3596,0.541104561865,161,147,161,598424,7186,101749,6207,0.0665641557671644,0.46345105652206375
3597,0.5411193570684143,3,4,3,598428,7182,101752,6204,0.06652710363481418,0.4634692962796952
3598,0.5411386855982179,1,0,1,598428,7182,101753,6203,0.06652710363481418,0.4634292118042585
3599,0.5411479362185826,0,1,0,598429,7181,101753,6203,0.06651784060172664,0.46346383741781233
3600,0.5411667532511963,21,14,21,598443,7167,101774,6182,0.06638815813850087,0.463105850625515
3601,0.5411974840129977,1,2,1,598445,7165,101775,6181,0.06636963207232577,0.4631350217293571
3602,0.541199040255093,148,138,148,598583,7027,101923,6033,0.06509133350624328,0.4619448698315467
3603,0.5412517084363552,0,1,0,598584,7026,101923,6033,0.06508207047315573,0.4619802435102228
3604,0.541290163867231,1,0,1,598584,7026,101924,6032,0.06508207047315573,0.46193904120079643
3605,0.5412923564653781,3,0,3,598584,7026,101927,6029,0.06508207047315573,0.4618153963998468
3606,0.5413534698873093,1,7,1,598591,7019,101928,6028,0.06501722924154285,0.4620219207480647
3607,0.5413782267663674,28,13,28,598604,7006,101956,6000,0.06489680981140465,0.4613255420575119
3608,0.541387512456925,122,116,122,598720,6890,102078,5878,0.06382229797324836,0.46036967418546365
3609,0.5414062778548497,0,4,0,598724,6886,102078,5878,0.06378524584089815,0.460513945471639
3610,0.5414216471796095,13,20,13,598744,6866,102091,5865,0.06359998517914706,0.46068651323540966
3611,0.5414393529984044,1,3,1,598747,6863,102092,5864,0.0635721960798844,0.4607527304156518
3612,0.541470545107967,2,1,2,598748,6862,102094,5862,0.06356293304679685,0.4607041810751336
3613,0.5414918018100284,0,1,0,598749,6861,102094,5862,0.06355367001370929,0.4607403914171186
3614,0.5414939789302099,1,0,1,598749,6861,102095,5861,0.06355367001370929,0.4606980034585757
3615,0.5415165822135846,1,0,1,598749,6861,102096,5860,0.06355367001370929,0.4606556088357833
3616,0.5415229373902621,49,48,49,598797,6813,102145,5811,0.06310904442550669,0.46031368821292773
3617,0.5415624861766624,1,1,1,598798,6812,102146,5810,0.06309978139241913,0.4603073997781651
3618,0.5415985371747996,0,1,0,598799,6811,102146,5810,0.06309051835933158,0.4603438713255685
3619,0.5416184163446642,51,50,51,598849,6761,102197,5759,0.06262736670495388,0.45998402555910545
3620,0.541670243041981,0,1,0,598850,6760,102197,5759,0.06261810367186632,0.46002076843198336
3621,0.5416828400948734,1,0,1,598850,6760,102198,5758,0.06261810367186632,0.4599776322096181
3622,0.541709981095515,19,12,19,598862,6748,102217,5739,0.06250694727481566,0.45959798190117723
3623,0.541711372757513,0,1,0,598863,6747,102217,5739,0.062497684241728114,0.4596347909658818
3624,0.5417527309223331,2,0,2,598863,6747,102219,5737,0.062497684241728114,0.4595482217238065
3625,0.5418440220845557,9,19,9,598882,6728,102228,5728,0.06232168661306458,0.4598587026332691
3626,0.5418650043258577,24,29,24,598911,6699,102252,5704,0.06205305865352551,0.45988873659598484
3627,0.5419132222134205,110,109,110,599020,6590,102362,5594,0.0610433880469821,0.45912672357189754
3628,0.5419663272236364,0,5,0,599025,6585,102362,5594,0.06099707288154433,0.4593152147138517
3629,0.5419740169030002,2,3,2,599028,6582,102364,5592,0.06096928378228167,0.45933957614588466
3630,0.5420062676945375,1,2,1,599030,6580,102365,5591,0.060950757716106564,0.45937063511626
3631,0.5420384892518143,33,39,33,599069,6541,102398,5558,0.06058949942569195,0.4593768080006612
3632,0.5420580300431008,0,4,0,599073,6537,102398,5558,0.060552447293341735,0.45952873088052915
3633,0.5420818321903191,0,4,0,599077,6533,102398,5558,0.06051539516099152,0.459680754280043
3634,0.5421055570247472,13,36,13,599113,6497,102411,5545,0.06018192596983957,0.4604716824447766
3635,0.5421302672386455,2,3,2,599116,6494,102413,5543,0.0601541368705769,0.4604968015286201
3636,0.5421348644401766,12,7,12,599123,6487,102425,5531,0.06008929563896402,0.46022632717590284
3637,0.5421455852974738,19,23,19,599146,6464,102444,5512,0.059876245877950277,0.46025384101536404
3638,0.5421573948034967,0,4,0,599150,6460,102444,5512,0.05983919374560006,0.4604076177748079
3639,0.5421743869311413,1,2,1,599152,6458,102445,5511,0.05982066767942495,0.4604394686272872
3640,0.5421865365439574,4,2,4,599154,6456,102449,5507,0.05980214161324984,0.4603360361113433
3641,0.5421970845512064,5,9,5,599163,6447,102454,5502,0.05971877431546185,0.46045694200351495
3642,0.5422451967886114,356,431,356,599594,6016,102810,5146,0.055726407054726,0.4610284895180075
3643,0.5422903715877122,2,2,2,599596,6014,102812,5144,0.05570788098855089,0.4610145187309554
3644,0.5423573197966213,1,2,1,599598,6012,102813,5143,0.05568935492237578,0.4610488570147916
3645,0.5423588227076993,341,380,341,599978,5632,103154,4802,0.05216940234910519,0.46022618363043893
3646,0.5423761379396218,21,12,21,599990,5620,103175,4781,0.05205824595205454,0.459667339678877
3647,0.5423921885966824,1,2,1,599992,5618,103176,4780,0.05203971988587943,0.4597037891902289
3648,0.5424679882539377,1,2,1,599994,5616,103177,4779,0.052021193819704326,0.4597402597402597
3649,0.5424764254068899,397,452,397,600446,5164,103574,4382,0.04783430286412983,0.45904043578462184
3650,0.542509675152715,4,0,4,600446,5164,103578,4378,0.04783430286412983,0.45881366589813455
3651,0.5425209341639713,2,2,2,600448,5162,103580,4376,0.04781577679795472,0.4587963933738729
3652,0.542568491120414,16,20,16,600468,5142,103596,4360,0.047630516136203636,0.4588507682593138
3653,0.5425734846988675,277,302,277,600770,4840,103873,4083,0.04483308014376227,0.45758153087526615
3654,0.5426321025608867,0,1,0,600771,4839,103873,4083,0.04482381711067472,0.4576328177538668
3655,0.5426357223312495,3,3,3,600774,4836,103876,4080,0.044796028011412053,0.4576043068640646
3656,0.5426460960908029,0,3,0,600777,4833,103876,4080,0.04476823891214939,0.4577583305284416
3657,0.542648570138326,0,2,0,600779,4831,103876,4080,0.04474971284597429,0.45786107058691505
3658,0.5426526821411926,1,2,1,600781,4829,103877,4079,0.044731186779799176,0.45790300853165694
3659,0.5426529060396315,2,0,2,600781,4829,103879,4077,0.044731186779799176,0.4577812710532225
3660,0.5426911267143502,0,2,0,600783,4827,103879,4077,0.04471266071362407,0.4578840970350404
3661,0.5427306641792763,28,18,28,600801,4809,103907,4049,0.04454592611804809,0.4571009257168661
3662,0.5427558840930778,2,1,2,600802,4808,103909,4047,0.04453666308496054,0.45702992659514396
3663,0.5427562320569919,1,2,1,600804,4806,103910,4046,0.04451813701878543,0.4570718481699051
3664,0.5427958211320494,378,405,378,601209,4401,104288,3668,0.040766608618325983,0.45457925393481224
3665,0.5428978477612574,2,6,2,601215,4395,104290,3666,0.04071103041980066,0.45478228507629326
3666,0.5429031917897793,32,54,32,601269,4341,104322,3634,0.04021082663307273,0.45567398119122254
3667,0.5429207638485611,1,3,1,601272,4338,104323,3633,0.04018303753381007,0.45577719232216785
3668,0.5429746965610921,1,0,1,601272,4338,104324,3632,0.04018303753381007,0.45570890840652445
3669,0.5429775222318608,11,6,11,601278,4332,104335,3621,0.04012745933528475,0.45529988683515654
3670,0.5429802031432424,4,1,4,601279,4331,104339,3617,0.04011819630219719,0.4550830397584298
3671,0.542994805752295,0,1,0,601280,4330,104339,3617,0.04010893326910964,0.455140304517428
3672,0.5430347606602355,2,0,2,601280,4330,104341,3615,0.04010893326910964,0.4550031466331026
3673,0.5430444613376866,2,0,2,601280,4330,104343,3613,0.04010893326910964,0.4548659196777036
3674,0.543169711210257,2,13,2,601293,4317,104345,3611,0.03998851383897143,0.4554742684157417
3675,0.5432012916030569,2,1,2,601294,4316,104347,3609,0.03997925080588388,0.4553943217665615
3676,0.5432202239304885,15,26,15,601320,4290,104362,3594,0.03973841194560747,0.4558599695585997
3677,0.5432279065080946,22,30,22,601350,4260,104384,3572,0.039460520952980846,0.4560776302349336
3678,0.543231665234664,30,61,30,601411,4199,104414,3542,0.03889547593464004,0.45756362227102443
3679,0.5432661688524846,1,2,1,601413,4197,104415,3541,0.03887694986846493,0.4576117859912122
3680,0.5433697906650465,1,2,1,601415,4195,104416,3540,0.03885842380228982,0.45765998707175176
3681,0.5433743636075825,14,23,14,601438,4172,104430,3526,0.038645374041276076,0.4580410496232788
3682,0.5434029053599725,2,8,2,601446,4164,104432,3524,0.03857126977657564,0.4583766909469303
3683,0.5434147896876886,0,4,0,601450,4160,104432,3524,0.038534217644225426,0.4586153045288912
3684,0.5434155337831736,2,1,2,601451,4159,104434,3522,0.03852495461113787,0.4585340450462179
3685,0.5434332463168619,9,15,9,601466,4144,104443,3513,0.03838600911482456,0.45879587305733316
3686,0.5434475847947728,0,1,0,601467,4143,104443,3513,0.038376746081737,0.4588557993730408
3687,0.543483888753615,9,25,9,601492,4118,104452,3504,0.03814517025454815,0.4597218577801102
3688,0.5435151070195332,19,20,19,601512,4098,104471,3485,0.03795990959279707,0.4595806409072926
3689,0.543553542727007,74,57,74,601569,4041,104545,3411,0.03743191670680648,0.4577294685990338
3690,0.5435697561072889,1,0,1,601569,4041,104546,3410,0.03743191670680648,0.4576566903771306
3691,0.5435910171006357,6,1,6,601570,4040,104552,3404,0.03742265367371892,0.4572810317033853
3692,0.5435991689560078,11,45,11,601615,3995,104563,3393,0.03700581718477899,0.45925825663237685
3693,0.5436138436963074,2,2,2,601617,3993,104565,3391,0.036987291118603875,0.45923618634886243
3694,0.5436483411375379,0,2,0,601619,3991,104565,3391,0.03696876505242877,0.4593606068816039
3695,0.5437044973952286,8,13,8,601632,3978,104573,3383,0.036848345622290564,0.45958429561200925
3696,0.5437664635298718,182,216,182,601848,3762,104755,3201,0.034847530475378856,0.4597156398104265
3697,0.5437761806070478,94,75,94,601923,3687,104849,3107,0.03415280299381229,0.45731527818663525
3698,0.5437773263405484,11,5,11,601928,3682,104860,3096,0.03410648782837452,0.45677190911773385
3699,0.5438136869336038,171,275,171,602203,3407,105031,2925,0.03155915372929712,0.4619393556538219
3700,0.5438697873015153,0,1,0,602204,3406,105031,2925,0.031549890696209566,0.4620123203285421
3701,0.5438773038765519,197,312,197,602516,3094,105228,2728,0.02865982437289266,0.4685675025764342
3702,0.5439334095763597,6,12,6,602528,3082,105234,2722,0.02854866797584201,0.468986905582357
3703,0.5439431362502829,190,294,190,602822,2788,105424,2532,0.02582533624810108,0.47593984962406016
3704,0.5439473277905487,0,1,0,602823,2787,105424,2532,0.025816073215013523,0.476029328821207
3705,0.5439809595173577,73,82,73,602905,2705,105497,2459,0.02505650450183408,0.4761812548412084
3706,0.5440319620071821,16,24,16,602929,2681,105513,2443,0.02483419170773278,0.476775956284153
3707,0.544061995634384,7,12,7,602941,2669,105520,2436,0.02472303531068213,0.477179236043095
3708,0.5440801798635977,161,249,161,603190,2420,105681,2275,0.022416540071881135,0.4845580404685836
3709,0.5440978134966494,5,11,5,603201,2409,105686,2270,0.02231464670791804,0.48514639880316307
3710,0.5441051828809103,7,9,7,603210,2400,105693,2263,0.022231279410130055,0.4853098863392666
3711,0.5441197283803398,0,1,0,603211,2399,105693,2263,0.0222220163770425,0.4854139854139854
3712,0.5441475550190876,0,2,0,603213,2397,105693,2263,0.02220349031086739,0.48562231759656654
3713,0.544149339551712,1,10,1,603223,2387,105694,2262,0.022110859979991848,0.48655624865562486
3714,0.5442751829150779,3,5,3,603228,2382,105697,2259,0.02206454481455408,0.486748545572075
3715,0.5442794975754224,0,4,0,603232,2378,105697,2259,0.022027492682203862,0.48716842786284237
3716,0.5444512459159532,4,13,4,603245,2365,105701,2255,0.021907073252065656,0.4880952380952381
3717,0.5444544621129414,6,3,6,603248,2362,105707,2249,0.021879284152802995,0.48774669269139015
3718,0.5444821435915483,10,5,10,603253,2357,105717,2239,0.021832968987365222,0.4871627502175805
3719,0.54461065028043,17,18,17,603271,2339,105734,2222,0.021666234391789246,0.48717386538039903
3720,0.54473375549287,39,34,39,603305,2305,105773,2183,0.021351291266812403,0.48640819964349374
3721,0.5448101783621311,16,18,16,603323,2287,105789,2167,0.02118455667123643,0.48652896273013024
3722,0.5448218813341719,4,3,4,603326,2284,105793,2163,0.021156767571973767,0.48639532268945357
3723,0.544871792814033,6,4,6,603330,2280,105799,2157,0.02111971543962355,0.4861392832995267
3724,0.5449345459342639,5,10,5,603340,2270,105804,2152,0.021027085108748008,0.4866576209859792
3725,0.5451175756793684,1,1,1,603341,2269,105805,2151,0.021017822075660456,0.48665158371040723
3726,0.5452434455391402,12,6,12,603347,2263,105817,2139,0.02096224387713513,0.4859154929577465
3727,0.5452851402489086,70,76,70,603423,2187,105887,2069,0.02025825336248101,0.4861372180451128
3728,0.5454067882610862,24,14,24,603437,2173,105911,2045,0.020128570899255252,0.4848269321953532
3729,0.5454243357725308,0,1,0,603438,2172,105911,2045,0.0201193078661677,0.4849419018259426
3730,0.5454519651094064,2,3,2,603441,2169,105913,2043,0.020091518766905035,0.48504273504273504
3731,0.5454695413813171,44,55,44,603496,2114,105957,1999,0.019582051947089556,0.48601993678580113
3732,0.5455868170604138,0,1,0,603497,2113,105957,1999,0.019572788914002,0.48613813229571984
3733,0.5456325403883937,1,6,1,603503,2107,105958,1998,0.019517210715476675,0.48672350791717417
3734,0.5457784409861933,79,52,79,603555,2055,106037,1919,0.01903553299492386,0.4828887770508304
3735,0.5459085977160788,1,7,1,603562,2048,106038,1918,0.018970691763310978,0.48361069087241554
3736,0.5459582167105923,0,1,0,603563,2047,106038,1918,0.018961428730223426,0.48373266078184113
3737,0.5459851300254362,7,7,7,603570,2040,106045,1911,0.018896587498610545,0.48367501898253606
3738,0.5462306249529439,1,3,1,603573,2037,106046,1910,0.018868798399347884,0.4839118317709653
3739,0.5462794288637169,0,1,0,603574,2036,106046,1910,0.018859535366260328,0.4840344652812975
3740,0.5463734757810862,0,1,0,603575,2035,106046,1910,0.018850272333172775,0.4841571609632446
3741,0.5465056228228827,0,2,0,603577,2033,106046,1910,0.018831746266997667,0.4844027390311945
3742,0.5465367686531961,1,2,1,603579,2031,106047,1909,0.01881322020082256,0.4845177664974619
3743,0.5466650903455299,1,1,1,603580,2030,106048,1908,0.018803957167735003,0.4845099035043169
3744,0.5467513129192383,1,0,1,603580,2030,106049,1907,0.018803957167735003,0.4843789687579375
3745,0.5468418746986858,2,4,2,603584,2026,106051,1905,0.018766905035384786,0.4846095141185449
3746,0.5468569756265549,1,0,1,603584,2026,106052,1904,0.018766905035384786,0.48447837150127226
3747,0.5469082619660577,0,2,0,603586,2024,106052,1904,0.018748378969209677,0.4847250509164969
3748,0.5469093495502114,6,23,6,603609,2001,106058,1898,0.018535329208195932,0.4867914849961529
3749,0.5469136942443888,3,11,3,603620,1990,106061,1895,0.018433435844232834,0.4877734877734878
3750,0.5469357102571317,1,4,1,603624,1986,106062,1894,0.018396383711882618,0.4881443298969072
3751,0.5469870436394554,0,1,0,603625,1985,106062,1894,0.018387120678795065,0.4882701727249291
3752,0.5470117524093817,17,15,17,603640,1970,106079,1877,0.01824817518248175,0.48791265921497273
3753,0.5470170404120396,26,25,26,603665,1945,106105,1851,0.018016599355292897,0.4876185458377239
3754,0.5470186725059782,13,21,13,603686,1924,106118,1838,0.01782207566045426,0.4885699096225412
3755,0.5470843081243288,8,9,8,603695,1915,106126,1830,0.01773870836266627,0.4886515353805073
3756,0.5470955114961118,1,1,1,603696,1914,106127,1829,0.01772944532957872,0.48864547154688753
3757,0.5472528170059281,3,6,3,603702,1908,106130,1826,0.017673867131053393,0.48901981788966253
3758,0.5473146902022092,5,14,5,603716,1894,106135,1821,0.017544184667827634,0.4901749663526245
3759,0.5473268313201589,1,5,1,603721,1889,106136,1820,0.01749786950238986,0.4906983014289566
3760,0.5473767785749766,12,6,12,603727,1883,106148,1808,0.017442291303864536,0.48984015172040096
3761,0.5474061206159897,2,4,2,603731,1879,106150,1806,0.01740523917151432,0.49009497964721843
3762,0.5477866979439896,6,10,6,603741,1869,106156,1800,0.017312608840638778,0.49059689288634506
3763,0.547808999345992,0,1,0,603742,1868,106156,1800,0.017303345807551225,0.49073064340239914
3764,0.5478187125130569,2,1,2,603743,1867,106158,1798,0.01729408277446367,0.49058663028649385
3765,0.5478408007537798,4,4,4,603747,1863,106162,1794,0.017257030642113452,0.49056603773584906
3766,0.5478846044997587,1,0,1,603747,1863,106163,1793,0.017257030642113452,0.49042669584245074
3767,0.547911137659741,76,71,76,603818,1792,106239,1717,0.016599355292897106,0.48931319464234824
3768,0.5479116976109362,7,12,7,603830,1780,106246,1710,0.016488198895846455,0.4899713467048711
3769,0.5479941149951731,0,1,0,603831,1779,106246,1710,0.016478935862758903,0.4901117798796217
3770,0.5480370359192067,16,6,16,603837,1773,106262,1694,0.016423357664233577,0.48860686472454573
3771,0.5480557406089436,15,62,15,603899,1711,106277,1679,0.015849049612805217,0.4952802359882006
3772,0.548070787965506,3,2,3,603901,1709,106280,1676,0.01583052354663011,0.49512555391432794
3773,0.5480964118135363,32,30,32,603931,1679,106312,1644,0.015552632554003482,0.4947336743906109
3774,0.548110884953013,31,22,31,603953,1657,106343,1613,0.015348845826077291,0.4932721712538226
3775,0.5481339738318013,1,0,1,603953,1657,106344,1612,0.015348845826077291,0.4931171612113796
3776,0.5481519250195614,1,0,1,603953,1657,106345,1611,0.015348845826077291,0.49296205630354956
3777,0.548161016202551,18,43,18,603996,1614,106363,1593,0.01495053540331246,0.49672591206735267
3778,0.5483438151469918,3,9,3,604005,1605,106366,1590,0.014867168105524473,0.49765258215962443
3779,0.548425861181625,32,24,32,604029,1581,106398,1558,0.014644855311423172,0.49633641287034086
3780,0.5484288110373338,14,47,14,604076,1534,106412,1544,0.014209492756308126,0.5016244314489928
3781,0.5484455785489977,20,10,20,604086,1524,106432,1524,0.014116862425432584,0.5
3782,0.5484730908257417,0,2,0,604088,1522,106432,1524,0.014098336359257476,0.5003282994090611
3783,0.5484897077492117,12,22,12,604110,1500,106444,1512,0.013894549631331283,0.50199203187251
3784,0.5485206239206462,4,5,4,604115,1495,106448,1508,0.013848234465893512,0.5021645021645021
3785,0.5485399943249336,1,3,1,604118,1492,106449,1507,0.01382044536663085,0.5025008336112038
3786,0.548579076945269,1,0,1,604118,1492,106450,1506,0.01382044536663085,0.5023348899266178
3787,0.5485968071469667,7,16,7,604134,1476,106457,1499,0.013672236837229982,0.5038655462184874
3788,0.5486143398159171,1,1,1,604135,1475,106458,1498,0.013662973804142428,0.5038681466532122
3789,0.5486178041501397,1,1,1,604136,1474,106459,1497,0.013653710771054874,0.5038707505890273
3790,0.5486689692788544,9,5,9,604141,1469,106468,1488,0.013607395605617103,0.5032127155901251
3791,0.5487266982302769,5,3,5,604144,1466,106473,1483,0.01357960650635444,0.5028823329942353
3792,0.5487783816098761,3,2,3,604146,1464,106476,1480,0.013561080440179332,0.5027173913043478
3793,0.5487929009581668,2,1,2,604147,1463,106478,1478,0.013551817407091778,0.5025501530091806
3794,0.5488510002610028,1,0,1,604147,1463,106479,1477,0.013551817407091778,0.5023809523809524
3795,0.5488513785222852,1,1,1,604148,1462,106480,1476,0.013542554374004223,0.5023825731790333
3796,0.5488670362729342,1,2,1,604150,1460,106481,1475,0.013524028307829115,0.5025553662691652
3797,0.5488908013752182,88,59,88,604209,1401,106569,1387,0.012977509355663419,0.49748923959827834
3798,0.5489391123195875,85,62,85,604271,1339,106654,1302,0.012403201304235058,0.4929950776221128
3799,0.5491022911942272,9,17,9,604288,1322,106663,1293,0.012245729741746637,0.4944550669216061
3800,0.5491083849105275,0,1,0,604289,1321,106663,1293,0.012236466708659082,0.4946442234123948
3801,0.5492106398868083,0,1,0,604290,1320,106663,1293,0.01222720367557153,0.49483352468427094
3802,0.5492117954392993,78,59,78,604349,1261,106741,1215,0.011680684723405832,0.4907108239095315
3803,0.5492458055125085,5,17,5,604366,1244,106746,1210,0.01152321316091741,0.4930725346373268
3804,0.54926169367733,12,9,12,604375,1235,106758,1198,0.011439845863129423,0.4923962186600904
3805,0.5493187770313155,3,2,3,604377,1233,106761,1195,0.011421319796954314,0.492174629324547
3806,0.5493201551265738,0,2,0,604379,1231,106761,1195,0.011402793730779206,0.4925803792250618
3807,0.5493851554998784,0,2,0,604381,1229,106761,1195,0.011384267664604097,0.492986798679868
3808,0.5493986162261608,0,1,0,604382,1228,106761,1195,0.011375004631516543,0.4931902600082542
3809,0.5495764814298998,0,2,0,604384,1226,106761,1195,0.011356478565341435,0.49359768690623707
3810,0.549583260243402,6,8,6,604392,1218,106767,1189,0.011282374300641001,0.4939759036144578
3811,0.5495975122180821,0,1,0,604393,1217,106767,1189,0.011273111267553447,0.4941812136325852
3812,0.5496127594524415,23,42,23,604435,1175,106790,1166,0.010884063877876172,0.4980777445536096
3813,0.549635948495377,17,28,17,604463,1147,106807,1149,0.010624698951424654,0.5004355400696864
3814,0.5496676342563767,1,0,1,604463,1147,106808,1148,0.010624698951424654,0.5002178649237473
3815,0.5497500213628446,7,35,7,604498,1112,106815,1141,0.010300492793360257,0.5064358632933866
3816,0.5497713516477323,15,30,15,604528,1082,106830,1126,0.010022601800733633,0.509963768115942
3817,0.5498265859601643,23,43,23,604571,1039,106853,1103,0.009624291377968802,0.5149393090569561
3818,0.5498302669163792,1,1,1,604572,1038,106854,1102,0.009615028344881248,0.5149532710280373
3819,0.5498824491676151,1,1,1,604573,1037,106855,1101,0.009605765311793694,0.5149672591206735
3820,0.5499116920696057,2,4,2,604577,1033,106857,1099,0.009568713179443477,0.5154784240150094
3821,0.5499299700560691,7,14,7,604591,1019,106864,1092,0.009439030716217718,0.5172903837044055
3822,0.5499390505659963,2,2,2,604593,1017,106866,1090,0.00942050465004261,0.5173232083531086
3823,0.5499533335903489,3,0,3,604593,1017,106869,1087,0.00942050465004261,0.5166349809885932
3824,0.5499676604782593,9,7,9,604600,1010,106878,1078,0.00935566341842973,0.5162835249042146
3825,0.550010854157387,1,1,1,604601,1009,106879,1077,0.009346400385342176,0.5162991371045063
3826,0.5501598273104695,27,17,27,604618,992,106906,1050,0.009188928822853755,0.5142017629774731
3827,0.5502488002607895,3,2,3,604620,990,106909,1047,0.009170402756678646,0.5139911634756995
3828,0.5502518325434538,0,1,0,604621,989,106909,1047,0.009161139723591092,0.5142436149312377
3829,0.5502883230144462,26,22,26,604643,967,106935,1021,0.008957352995664901,0.5135814889336016
3830,0.5503915373350459,9,3,9,604646,964,106944,1012,0.008929563896402239,0.5121457489878543
3831,0.5504077513057064,1,2,1,604648,962,106945,1011,0.00891103783022713,0.5124176381145463
3832,0.5504662107723227,7,4,7,604652,958,106952,1004,0.008873985697876913,0.5117227319062182
3833,0.5504760958890726,2,1,2,604653,957,106954,1002,0.00886472266478936,0.5114854517611026
3834,0.5504930573198323,16,14,16,604667,943,106970,986,0.0087350402015636,0.5111456713322965
3835,0.5505360349568649,1,1,1,604668,942,106971,985,0.008725777168476046,0.5111572392319668
3836,0.550538775708643,1,4,1,604672,938,106972,984,0.00868872503612583,0.5119667013527576
3837,0.550576528267775,6,5,6,604677,933,106978,978,0.008642409870688058,0.5117739403453689
3838,0.5506339367818204,22,25,22,604702,908,107000,956,0.008410834043499203,0.5128755364806867
3839,0.5506598287816129,0,1,0,604703,907,107000,956,0.008401571010411649,0.5131508319914116
3840,0.5506772224669094,1,5,1,604708,902,107001,955,0.008355255844973878,0.5142703284868066
3841,0.5507230071495534,20,31,20,604739,871,107021,935,0.008068101819259698,0.517718715393134
3842,0.550738622941013,3,2,3,604741,869,107024,932,0.00804957575308459,0.5174902831760133
3843,0.5508012036827352,4,1,4,604742,868,107028,928,0.008040312719997035,0.5167037861915368
3844,0.5508144248857889,2,0,2,604742,868,107030,926,0.008040312719997035,0.5161649944258639
3845,0.5508321529285787,9,9,9,604751,859,107039,917,0.007956945422209049,0.5163288288288288
3846,0.5510092608051024,26,20,26,604771,839,107065,891,0.007771684760457964,0.5150289017341041
3847,0.5510807130414391,12,6,12,604777,833,107077,879,0.007716106561932639,0.5134345794392523
3848,0.5510873217800107,0,1,0,604778,832,107077,879,0.0077068435288450855,0.5137346580946814
3849,0.551109377651036,3,1,3,604779,831,107080,876,0.007697580495757531,0.5131810193321616
3850,0.5511342117063566,20,20,20,604799,811,107100,856,0.007512319834006447,0.5134973005398921
3851,0.5512725038790744,2,2,2,604801,809,107102,854,0.007493793767831339,0.5135297654840649
3852,0.5513174736417361,1,0,1,604801,809,107103,853,0.007493793767831339,0.51323706377858
3853,0.5513350846207967,6,11,6,604812,798,107109,847,0.0073919004038682425,0.5148936170212766
3854,0.5514098522076567,116,101,116,604913,697,107225,731,0.00645633406202527,0.5119047619047619
3855,0.5516432585890975,4,3,4,604916,694,107229,727,0.006428544962762607,0.5116115411681914
3856,0.5516673766223864,73,77,73,604993,617,107302,654,0.005715291415020934,0.5145554681353265
3857,0.5516763999859415,122,145,122,605138,472,107424,532,0.004372151617325577,0.5298804780876494
3858,0.5516966107701053,118,125,118,605263,347,107542,414,0.0032142724813813035,0.5440210249671484
3859,0.5518965473461873,110,105,110,605368,242,107652,304,0.002241654007188114,0.5567765567765568
3860,0.5521454355971036,2,1,2,605369,241,107654,302,0.0022323909741005597,0.5561694290976059
3861,0.5526204896508122,2,0,2,605369,241,107656,300,0.0022323909741005597,0.5545286506469501
3862,0.5527039371814816,0,1,0,605370,240,107656,300,0.0022231279410130055,0.5555555555555556
3863,0.5528088737569022,4,5,4,605375,235,107660,296,0.0021768127755752344,0.5574387947269304
3864,0.552894852032887,1,0,1,605375,235,107661,295,0.0021768127755752344,0.5566037735849056
3865,0.5532377141590749,0,2,0,605377,233,107661,295,0.002158286709400126,0.5587121212121212
3866,0.5536687875463189,2,1,2,605378,232,107663,293,0.002149023676312572,0.5580952380952381
3867,0.5537008602865565,7,11,7,605389,221,107670,286,0.0020471303123494756,0.5641025641025641
3868,0.5537192667941095,1,2,1,605391,219,107671,285,0.002028604246174367,0.5654761904761905
3869,0.5537929900602372,1,1,1,605392,218,107672,284,0.002019341213086813,0.5657370517928287
3870,0.5538063380125209,25,13,25,605405,205,107697,259,0.0018989217829486088,0.5581896551724138
3871,0.5539576248132031,1,0,1,605405,205,107698,258,0.0018989217829486088,0.5572354211663066
3872,0.5539926862471023,1,0,1,605405,205,107699,257,0.0018989217829486088,0.5562770562770563
3873,0.5540357917556034,1,3,1,605408,202,107700,256,0.0018711326836859461,0.5589519650655022
3874,0.5542224013251972,6,3,6,605411,199,107706,250,0.0018433435844232835,0.5567928730512249
3875,0.5544907897292328,2,2,2,605413,197,107708,248,0.0018248175182481751,0.5573033707865168
3876,0.5545265671851638,2,3,2,605416,194,107710,246,0.0017970284189855125,0.5590909090909091
3877,0.5545473370676365,1,0,1,605416,194,107711,245,0.0017970284189855125,0.5580865603644647
3878,0.5545836117139331,1,0,1,605416,194,107712,244,0.0017970284189855125,0.5570776255707762
3879,0.5547344472408402,6,9,6,605425,185,107718,238,0.001713661121197525,0.5626477541371159
3880,0.5547431395072391,6,1,6,605426,184,107724,232,0.0017043980881099707,0.5576923076923077
3881,0.5548282149900744,2,8,2,605434,176,107726,230,0.0016302938234095373,0.5665024630541872
3882,0.5548610407062846,12,2,12,605436,174,107738,218,0.0016117677572344289,0.5561224489795918
3883,0.5548913024685391,5,7,5,605443,167,107743,213,0.0015469265256215494,0.5605263157894737
3884,0.5549979798128073,2,0,2,605443,167,107745,211,0.0015469265256215494,0.5582010582010583
3885,0.5553574598213935,23,13,23,605456,154,107768,188,0.001426507095483345,0.5497076023391813
3886,0.5554967771112567,1,0,1,605456,154,107769,187,0.001426507095483345,0.5483870967741935
3887,0.5556453324750333,1,0,1,605456,154,107770,186,0.001426507095483345,0.5470588235294118
3888,0.5557237529238468,1,1,1,605457,153,107771,185,0.0014172440623957908,0.5473372781065089
3889,0.5559024690924994,23,12,23,605469,141,107794,162,0.0013060876653451406,0.5346534653465347
3890,0.5559145491506883,19,10,19,605479,131,107813,143,0.0012134573344695988,0.5218978102189781
3891,0.5559440729248802,2,3,2,605482,128,107815,141,0.0011856682352069361,0.5241635687732342
3892,0.5560512248084536,1,3,1,605485,125,107816,140,0.0011578791359442735,0.5283018867924528
3893,0.5561694804769667,1,2,1,605487,123,107817,139,0.0011393530697691651,0.5305343511450382
3894,0.55622221231363,5,2,5,605489,121,107822,134,0.001120827003594057,0.5254901960784314
3895,0.5562576226211046,1,0,1,605489,121,107823,133,0.001120827003594057,0.5236220472440944
3896,0.5563251336609352,1,0,1,605489,121,107824,132,0.001120827003594057,0.5217391304347826
3897,0.5563296399912414,3,0,3,605489,121,107827,129,0.001120827003594057,0.516
3898,0.5563597162465678,0,1,0,605490,120,107827,129,0.0011115639705065027,0.5180722891566265
3899,0.5563988103998321,6,6,6,605496,114,107833,123,0.0010559857719811775,0.5189873417721519
3900,0.5564250888631819,2,1,2,605497,113,107835,121,0.0010467227388936233,0.5170940170940171
3901,0.5566146340952411,1,4,1,605501,109,107836,120,0.0010096706065434065,0.5240174672489083
3902,0.5566681867547061,4,0,4,605501,109,107840,116,0.0010096706065434065,0.5155555555555555
3903,0.5567211172888185,2,3,2,605504,106,107842,114,0.000981881507280744,0.5181818181818182
3904,0.5568614670090601,0,1,0,605505,105,107842,114,0.0009726184741931898,0.5205479452054794
3905,0.5569418981210228,7,8,7,605513,97,107849,107,0.0008985142094927563,0.5245098039215687
3906,0.5569860986185018,5,2,5,605515,95,107854,102,0.000879988143317648,0.5177664974619289
3907,0.5571909861223745,10,13,10,605528,82,107864,92,0.0007595687131794435,0.5287356321839081
3908,0.5571921223714977,1,1,1,605529,81,107865,91,0.0007503056800918893,0.5290697674418605
3909,0.5572957596958836,1,1,1,605530,80,107866,90,0.0007410426470043351,0.5294117647058824
3910,0.5573984096268185,1,0,1,605530,80,107867,89,0.0007410426470043351,0.5266272189349113
3911,0.5574649358259388,5,11,5,605541,69,107872,84,0.000639149283041239,0.5490196078431373
3912,0.5575179256363207,5,10,5,605551,59,107877,79,0.0005465189521656972,0.572463768115942
3913,0.5575694868032967,10,8,10,605559,51,107887,69,0.00047241468746526364,0.575
3914,0.5576268561029903,14,10,14,605569,41,107901,55,0.00037978435658972176,0.5729166666666666
3915,0.5578334923766737,2,2,2,605571,39,107903,53,0.00036125829041461335,0.5760869565217391
3916,0.5579933028736505,1,0,1,605571,39,107904,52,0.00036125829041461335,0.5714285714285714
3917,0.5580870266393767,10,3,10,605574,36,107914,42,0.0003334691911519508,0.5384615384615384
3918,0.5582887358184413,9,4,9,605578,32,107923,33,0.00029641705880173404,0.5076923076923077
3919,0.5583447120408351,13,11,13,605589,21,107936,20,0.00019452369483863796,0.4878048780487805
3920,0.5595810790403865,2,0,2,605589,21,107938,18,0.00019452369483863796,0.46153846153846156
3921,0.5604086953168117,0,1,0,605590,20,107938,18,0.00018526066175108378,0.47368421052631576
3922,0.5607029844062836,1,1,1,605591,19,107939,17,0.00017599762866352957,0.4722222222222222
3923,0.5611362616787967,6,3,6,605594,16,107945,11,0.00014820852940086702,0.4074074074074074
3924,0.5615770134860154,0,3,0,605597,13,107945,11,0.00012041943013820446,0.4583333333333333
3925,0.5618200829261831,0,1,0,605598,12,107945,11,0.00011115639705065027,0.4782608695652174
3926,0.5618212724899941,2,4,2,605602,8,107947,9,7.410426470043351e-05,0.5294117647058824
3927,0.5623285949422396,0,1,0,605603,7,107947,9,6.484123161287932e-05,0.5625
3928,0.5624879771374947,1,0,1,605603,7,107948,8,6.484123161287932e-05,0.5333333333333333
3929,0.5626541376093905,2,0,2,605603,7,107950,6,6.484123161287932e-05,0.46153846153846156
3930,0.56270827991182,1,1,1,605604,6,107951,5,5.5578198525325135e-05,0.45454545454545453
3931,0.5627775164887633,0,1,0,605605,5,107951,5,4.6315165437770945e-05,0.5
3932,0.5632105799814324,1,0,1,605605,5,107952,4,4.6315165437770945e-05,0.4444444444444444
3933,0.5633129105952048,0,1,0,605606,4,107952,4,3.7052132350216754e-05,0.5
3934,0.5639995413277663,1,1,1,605607,3,107953,3,2.7789099262662567e-05,0.5
3935,0.5641151619958013,0,2,0,605609,1,107953,3,9.263033087554189e-06,0.75
3936,0.5649634321302537,1,0,1,605609,1,107954,2,9.263033087554189e-06,0.6666666666666666
3937,0.5650689958275478,1,0,1,605609,1,107955,1,9.263033087554189e-06,0.5
3938,0.5705996497631993,1,1,1,605610,0,107956,0,0.0,
