,y_proba,y_test,Neg,Pos,TN,FP,FN,TP,FP/P,Prec
0,0.4367297124190962,6,710,6,710,604900,6,107950,5.603208714661529,0.1514343831100512
1,0.4370962075684882,7,626,7,1336,604274,13,107943,5.597410055948719,0.15155914559747943
2,0.4374377195662728,4,665,4,2001,603609,17,107939,5.5912501389454965,0.15169602050740078
3,0.437656389778712,3,632,3,2633,602977,20,107936,5.585395902034162,0.15182729813634016
4,0.437899738742822,7,752,7,3385,602225,27,107929,5.578430101152321,0.15197971144287015
5,0.4399343694308749,2,106,2,3491,602119,29,107927,5.57744821964504,0.15200001126687568
6,0.4401042821692712,4,275,4,3766,601844,33,107923,5.574900885545963,0.1520541248043372
7,0.4420264479540467,5,315,5,4081,601529,38,107918,5.571983030123383,0.15211566191695786
8,0.4428325213339507,6,342,6,4423,601187,44,107912,5.56881507280744,0.1521818533096225
9,0.4429786153878791,1,90,1,4513,601097,45,107911,5.56798139982956,0.15219997517658476
10,0.4446084523114882,0,15,0,4528,601082,45,107911,5.567842454333247,0.15220319523606016
11,0.4446931518345481,5,124,5,4652,600958,50,107906,5.56669383823039,0.15222383983387505
12,0.4447761842106238,1,82,1,4734,600876,51,107905,5.565934269517211,0.15224025474723504
13,0.4448696348026795,0,53,0,4787,600823,51,107905,5.56544332876357,0.1522516395570656
14,0.4449516218811518,4,273,4,5060,600550,55,107901,5.562914520730668,0.1523055228943145
15,0.4449665632925582,17,743,17,5803,599807,72,107884,5.556032087146615,0.1524450643006623
16,0.4450664415805699,5,106,5,5909,599701,77,107879,5.5550502056393345,0.15246191243392973
17,0.4451347575216483,6,334,6,6243,599367,83,107873,5.551956352588092,0.15252672360160624
18,0.4455310784557266,5,101,5,6344,599266,88,107868,5.551020786246249,0.1525425166941485
19,0.445543389942828,1,24,1,6368,599242,89,107867,5.550798473452147,0.1525464956604993
20,0.4455647428933021,12,338,12,6706,598904,101,107855,5.547667568268554,0.15260506056519973
21,0.4457145061683973,18,1087,18,7793,597817,119,107837,5.537598651302383,0.15281852012459363
22,0.4457342952174313,4,346,4,8139,597471,123,107833,5.534393641854089,0.15288868346131598
23,0.4458264827462803,6,100,6,8239,597371,129,107827,5.533467338545333,0.15290315627667692
24,0.4458961240901898,3,99,3,8338,597272,132,107824,5.5325502982696655,0.15292102068370833
25,0.4459629200486077,10,370,10,8708,596902,142,107814,5.529122976027271,0.15298928930235725
26,0.446168973025467,13,976,13,9684,595926,155,107801,5.520082255733818,0.15318582347984375
27,0.4466079766422761,16,968,16,10652,594958,171,107785,5.511115639705065,0.15337755054123628
28,0.446828163623284,20,1130,20,11782,593828,191,107765,5.500648412316129,0.15360044926331934
29,0.4468615836076222,35,1021,35,12803,592807,226,107730,5.491190855533736,0.1537820272162641
30,0.447070809259119,0,16,0,12819,592791,226,107730,5.491042647004335,0.15378553961979727
31,0.4472240766011831,0,60,0,12879,592731,226,107730,5.490486865019082,0.1537987125621555
32,0.4479138359428924,0,11,0,12890,592720,226,107730,5.490384971655119,0.15380112784638447
33,0.4479826487243324,1,55,1,12945,592665,227,107729,5.489875504835303,0.1538119972472637
34,0.4481440742365577,1,22,1,12967,592643,228,107728,5.489671718107377,0.1538156205782364
35,0.4482835915088145,1,43,1,13010,592600,229,107727,5.489273407684612,0.1538238565698595
36,0.4493197095429639,11,409,11,13419,592191,240,107716,5.485484827151803,0.15390044677364279
37,0.4494574037370218,1,121,1,13540,592070,241,107715,5.484364000148209,0.153925848653515
38,0.4500146210742978,5,35,5,13575,592035,246,107710,5.484039793990144,0.1539275021615017
39,0.4505072363908605,3,59,3,13634,591976,249,107707,5.483493275037978,0.15393685426114398
40,0.4506098126300853,18,1324,18,14958,590652,267,107689,5.471229019230057,0.15420689892187342
41,0.4508464747104665,3,61,3,15019,590591,270,107686,5.470663974211716,0.15421673633815808
42,0.4509822360989443,26,1224,26,16243,589367,296,107660,5.45932602171255,0.15445599668305532
43,0.4510842857644342,18,1229,18,17472,588138,314,107642,5.447941754047945,0.1547069475983788
44,0.4510905622944843,0,19,0,17491,588119,314,107642,5.447765756419282,0.1547111723709722
45,0.451294346269953,1,69,1,17560,588050,315,107641,5.447126607136241,0.15472530189408804
46,0.4515591283210362,6,403,6,17963,587647,321,107635,5.443393604801956,0.15480768954179744
47,0.4515803530295482,23,1285,23,19248,586362,344,107612,5.4314906072844495,0.15506632813333066
48,0.4517282467434,28,1218,28,20466,585144,372,107584,5.420208232983808,0.15530482382695662
49,0.4517296812350384,4,132,4,20598,585012,376,107580,5.418985512616251,0.1553295446669901
50,0.4517803931277661,8,522,8,21120,584490,384,107572,5.414150209344548,0.15543694062092703
51,0.4525399527707434,1,46,1,21166,584444,385,107571,5.41372410982252,0.1554460524699609
52,0.4527078131375811,1,54,1,21220,584390,386,107570,5.4132239060357925,0.1554569628302214
53,0.4528024943725787,1,6,1,21226,584384,387,107569,5.413168327837267,0.1554570902937049
54,0.4528663046788229,0,5,0,21231,584379,387,107569,5.413122012671829,0.155458213622989
55,0.4529594181146768,7,121,7,21352,584258,394,107562,5.4120011856682355,0.15547685814229134
56,0.4529701591646212,0,15,0,21367,584243,394,107562,5.411862240171922,0.15548022925535374
57,0.4530491473232761,8,604,8,21971,583639,402,107554,5.406267368187039,0.1556063212445728
58,0.4530718520701564,0,46,0,22017,583593,402,107554,5.405841268665012,0.15561667778345273
59,0.4530855926895947,0,14,0,22031,583579,402,107554,5.405711586201786,0.15561983004718338
60,0.4530983798845119,1,15,1,22046,583564,403,107553,5.405572640705473,0.15562198585767678
61,0.4531335964117186,1,70,1,22116,583494,404,107552,5.404924228389344,0.15563652781435677
62,0.4533704564657025,10,553,10,22669,582941,414,107542,5.399801771091926,0.1557489467517665
63,0.4534178343584994,11,532,11,23201,582409,425,107531,5.394873837489348,0.1558555816447807
64,0.453664532338436,1,0,1,23201,582409,426,107530,5.394873837489348,0.15585435813890794
65,0.4537098120219758,10,277,10,23478,582132,436,107520,5.392307977324095,0.15590471716169893
66,0.4537117968080363,15,398,15,23876,581734,451,107505,5.388621290155249,0.15597637394285582
67,0.4537633698249856,3,57,3,23933,581677,454,107502,5.388093297269258,0.15598560025769792
68,0.4538406281682759,0,30,0,23963,581647,454,107502,5.387815406276631,0.15599239061509196
69,0.4538573132903911,2,56,2,24019,581591,456,107500,5.387296676423728,0.15600261794160714
70,0.4538682660258742,0,39,0,24058,581552,456,107500,5.386935418133314,0.15601144761208152
71,0.4539842347083068,30,1000,30,25058,580552,486,107470,5.377672385045759,0.15620140053661075
72,0.4539876427160145,2,69,2,25127,580483,488,107468,5.377033235762718,0.15621461412222673
73,0.4540077328382265,3,138,3,25265,580345,491,107465,5.3757549371966356,0.15624227620999986
74,0.4540994661586501,10,554,10,25819,579791,501,107455,5.3706232168661305,0.1563559482339657
75,0.4541906036910307,18,695,18,26514,579096,519,107437,5.364185408870281,0.15649211327059295
76,0.4542487879232512,8,628,8,27142,578468,527,107429,5.358368224091296,0.1566255574816627
77,0.4542934258098963,9,261,9,27403,578207,536,107420,5.355950572455445,0.15667410997524894
78,0.4543045497559301,0,40,0,27443,578167,536,107420,5.355580051131943,0.15668325099513264
79,0.4544126577710657,1,71,1,27514,578096,537,107419,5.354922375782726,0.15669824876187977
80,0.4544973657031748,9,448,9,27962,577648,546,107410,5.350772536959502,0.15678964408852972
81,0.4546115855232668,7,293,7,28255,577355,553,107403,5.348058468264848,0.15684811276392535
82,0.4546801849014133,25,428,25,28683,576927,578,107378,5.344093890103376,0.15691541052600813
83,0.4548017616168446,14,444,14,29127,576483,592,107364,5.3399811034125015,0.15700003070862342
84,0.4548556601042438,12,302,12,29429,576181,604,107352,5.33718366742006,0.15705459721769102
85,0.454922709953003,13,482,13,29911,575699,617,107339,5.332718885471859,0.15714938261121636
86,0.4550644730541444,11,274,11,30185,575425,628,107328,5.330180814405869,0.15719886986948428
87,0.4552717910606352,1,3,1,30188,575422,629,107327,5.330153025306607,0.15719832617843454
88,0.4554272679271555,1,8,1,30196,575414,630,107326,5.330078921041906,0.15719893370829305
89,0.4559415667331448,16,717,16,30913,574697,646,107310,5.32343732631813,0.15734442608360324
90,0.4559893016173461,1,7,1,30920,574690,647,107309,5.323372485086517,0.15734480549091714
91,0.4561518037013669,0,3,0,30923,574687,647,107309,5.323344695987254,0.15734549762755207
92,0.456220018414924,0,38,0,30961,574649,647,107309,5.322992700729927,0.15735426521867915
93,0.456273753019525,4,76,4,31037,574573,651,107305,5.322288710215273,0.15736686034745218
94,0.4563106662717399,0,13,0,31050,574560,651,107305,5.322168290785135,0.15736986060290525
95,0.4564658587735682,1,80,1,31130,574480,652,107304,5.32142724813813,0.15738709033946235
96,0.4565417980382039,22,716,22,31846,573764,674,107282,5.3147949164474415,0.1575253360272287
97,0.4565642040876758,2,277,2,32123,573487,676,107280,5.312229056282189,0.15758695706460507
98,0.4574685784961881,0,37,0,32160,573450,676,107280,5.31188632405795,0.15759552245383632
99,0.4575302742638402,8,95,8,32255,573355,684,107272,5.311006335914632,0.15760761768193152
100,0.4575375772482076,6,90,6,32345,573265,690,107266,5.310172662936752,0.15762103416302858
101,0.4576995294186582,0,24,0,32369,573241,690,107266,5.309950350142651,0.15762659311366378
102,0.4583819572478039,4,200,4,32569,573041,694,107262,5.30809774352514,0.1576679802970147
103,0.4586202709006698,14,228,14,32797,572813,708,107248,5.305985771981177,0.15770350012719447
104,0.4586412071993035,14,696,14,33493,572117,722,107234,5.2995387009522394,0.15784771053549637
105,0.4586438238631093,0,14,0,33507,572103,722,107234,5.299409018489014,0.15785096351295455
106,0.458895171402535,101,3006,101,36513,569097,823,107133,5.271564341027826,0.15842686659864247
107,0.4589453054046096,2,77,2,36590,569020,825,107131,5.270851087480085,0.15844241892713315
108,0.4589991980636893,11,243,11,36833,568777,836,107120,5.268600170439809,0.15848568642855346
109,0.4590679096176081,75,2407,75,39240,566370,911,107045,5.2463040497980655,0.15895844315912178
110,0.4592146948928203,8,322,8,39562,566048,919,107037,5.243321353143873,0.15902449170609953
111,0.4592240161771938,19,257,19,39819,565791,938,107018,5.240940753640372,0.15906148698962114
112,0.4592848090634285,4,67,4,39886,565724,942,107014,5.240320130423506,0.1590723283061162
113,0.459428317078396,81,2391,81,42277,563333,1023,106933,5.218172218311164,0.1595381535092038
114,0.4594330046006368,1,11,1,42288,563322,1024,106932,5.218070324947201,0.15953951785442533
115,0.4595776415751366,0,96,0,42384,563226,1024,106932,5.217181073770796,0.15956237185857663
116,0.4596222870538754,12,216,12,42600,563010,1036,106920,5.215180258623884,0.15959876404997536
117,0.4596471371867224,66,1696,66,44296,561314,1102,106854,5.199470154507392,0.15992085822727217
118,0.4596830230150225,77,2321,77,46617,558993,1179,106777,5.177970654711179,0.16038121273112335
119,0.4596894709700585,79,2425,79,49042,556568,1258,106698,5.15550779947386,0.1608675855539105
120,0.4598226335461474,3,146,3,49188,556422,1261,106695,5.154155396643077,0.16089920783210201
121,0.4598652579655015,78,1729,78,50917,554693,1339,106617,5.138139612434696,0.161220910011946
122,0.4598696600070154,1,35,1,50952,554658,1340,106616,5.137815406276631,0.1612281747051903
123,0.4599461707909197,10,235,10,51187,554423,1350,106606,5.135638593501056,0.16127280346248046
124,0.4600740672112675,6,96,6,51283,554327,1356,106600,5.134749342324651,0.16128861432503136
125,0.4605489565134039,54,1788,54,53071,552539,1410,106546,5.118187039164104,0.16165744934264928
126,0.4605591832621075,57,1770,57,54841,550769,1467,106489,5.101791470599133,0.16202008952344438
127,0.4607589102405328,0,12,0,54853,550757,1467,106489,5.101680314202082,0.16202304768686307
128,0.4609266411235782,2,7,2,54860,550750,1469,106487,5.10161547297047,0.1620222233380044
129,0.4609334526985318,10,251,10,55111,550499,1479,106477,5.099290451665493,0.162071369425976
130,0.4609867773988802,70,1748,70,56859,548751,1549,106407,5.083098669828448,0.16241425732418746
131,0.4610665874018299,6,110,6,56969,548641,1555,106401,5.082079736188818,0.16243385920292133
132,0.4610958851567265,0,14,0,56983,548627,1555,106401,5.081950053725592,0.16243733092325824
133,0.4611203804300284,0,1,0,56984,548626,1555,106401,5.081940790692505,0.16243757890896102
134,0.461229202276142,0,2,0,56986,548624,1555,106401,5.081922264626329,0.16243807488263806
135,0.4612413577901008,3,45,3,57031,548579,1558,106398,5.0815054281373895,0.16244539884606635
136,0.4612633382109821,0,83,0,57114,548496,1558,106398,5.080736596391122,0.16246598686199598
137,0.4613416990943323,21,645,21,57759,547851,1579,106377,5.07476194004965,0.162599277316165
138,0.4614417407160142,6,78,6,57837,547773,1585,106371,5.074039423468821,0.16261098473730554
139,0.4615105044490656,18,308,18,58145,547465,1603,106353,5.071186409277854,0.16266453355520955
140,0.4615167626029257,2,86,2,58231,547379,1605,106351,5.070389788432324,0.1626833708105793
141,0.4615265004279837,0,7,0,58238,547372,1605,106351,5.070324947200711,0.16268511280771825
142,0.4617211928284758,13,301,13,58539,547071,1618,106338,5.067536774241358,0.162743396555603
143,0.4617998303148438,0,52,0,58591,547019,1618,106338,5.0670550965208045,0.16275634913225082
144,0.4618588714419173,7,100,7,58691,546919,1625,106331,5.06612879321205,0.1627722923842327
145,0.4618709004042045,0,24,0,58715,546895,1625,106331,5.065906480417948,0.16277827275705498
146,0.4619670858594578,5,75,5,58790,546820,1630,106326,5.065211752936381,0.16279055525104646
147,0.4620042393659397,14,261,14,59051,546559,1644,106312,5.06279410130053,0.1628376815634329
148,0.4620146634963767,0,8,0,59059,546551,1644,106312,5.062719997035829,0.16283967693068838
149,0.4620608223449881,12,297,12,59356,546254,1656,106300,5.059968876208826,0.16289839614805823
150,0.4620631872003021,1,7,1,59363,546247,1657,106299,5.059904034977213,0.1628988607699687
151,0.4620942617609674,30,1065,30,60428,545182,1687,106269,5.050038904738968,0.16312662042118287
152,0.4621584641690228,32,948,32,61376,544234,1719,106237,5.0412575493719665,0.16332319196397688
153,0.4622302868148871,0,38,0,61414,544196,1719,106237,5.040905554114639,0.16333273373275956
154,0.4622506158677213,26,693,26,62107,543503,1745,106211,5.034486272184965,0.1634734667869247
155,0.4622981778561527,5,100,5,62207,543403,1750,106206,5.033559968876209,0.16349219299609458
156,0.4623241753582908,4,88,4,62295,543315,1754,106202,5.032744821964504,0.16350919221513832
157,0.4623654051512528,16,352,16,62647,542963,1770,106186,5.029484234317685,0.16357723727526347
158,0.4623657763366812,21,590,21,63237,542373,1791,106165,5.024019044796028,0.16369896598194708
159,0.4624154674789761,12,145,12,63382,542228,1803,106153,5.022675904998333,0.16372009667155576
160,0.4624379905347163,0,15,0,63397,542213,1803,106153,5.02253695950202,0.16372388434927188
161,0.4624444560554005,23,1054,23,64451,541159,1826,106130,5.012773722627737,0.1639607655931122
162,0.4624521069970447,0,16,0,64467,541143,1826,106130,5.012625514098336,0.1639648185541495
163,0.4625912192165782,30,884,30,65351,540259,1856,106100,5.004436992848938,0.16415026324380105
164,0.462646784762712,8,124,8,65475,540135,1864,106092,5.003288376746082,0.16417141345069147
165,0.462656469299343,1,54,1,65529,540081,1865,106091,5.002788172959354,0.1641838395968875
166,0.4626704619048841,1,17,1,65546,540064,1866,106090,5.002630701396866,0.16418686566979387
167,0.4627075182772719,9,115,9,65661,539949,1875,106081,5.001565452591796,0.16420444870981224
168,0.4628844261966774,21,973,21,66634,538976,1896,106060,4.992552521397607,0.16442493132166267
169,0.4629671648244893,20,644,20,67278,538332,1916,106040,4.986587128089221,0.16456332677397528
170,0.4629739339506772,15,155,15,67433,538177,1931,106025,4.985151357960651,0.16458346916029445
171,0.4629926729626422,27,968,27,68401,537209,1958,105998,4.976184741931898,0.1647960920823312
172,0.4630284211688797,6,120,6,68521,537089,1964,105992,4.9750731779613915,0.16481905078831438
173,0.4631158375584767,31,675,31,69196,536414,1995,105961,4.968820630627293,0.164951936174353
174,0.4631614980828879,30,972,30,70168,535442,2025,105931,4.95981696246619,0.16516286154858406
175,0.4632358476114412,28,1127,28,71295,534315,2053,105903,4.9493775241765166,0.1654170923029343
176,0.4633428847981444,24,1068,24,72363,533247,2077,105879,4.939484604839008,0.16566216990077073
177,0.4633655513691889,24,921,24,73284,532326,2101,105855,4.930953351365371,0.1658698707733386
178,0.4633816537264383,17,603,17,73887,531723,2118,105838,4.9253677424135756,0.16600450780395914
179,0.4634568155023442,32,960,32,74847,530763,2150,105806,4.916475230649524,0.1662129321408991
180,0.4635705757007027,0,9,0,74856,530754,2150,105806,4.916391863351736,0.16621528214151063
181,0.4637280761400077,3,25,3,74881,530729,2153,105803,4.916160287524547,0.1662178806407219
182,0.4639720640345534,11,147,11,75028,530582,2164,105792,4.914798621660677,0.166241864061071
183,0.4642506338800811,1,13,1,75041,530569,2165,105791,4.914678202230538,0.16624394996542838
184,0.4643040765264037,0,14,0,75055,530555,2165,105791,4.914548519767313,0.16624760743369174
185,0.4643731722054845,3,65,3,75120,530490,2168,105788,4.913946422616622,0.16626065964876988
186,0.4645359261230865,0,16,0,75136,530474,2168,105788,4.913798214087221,0.16626484058453908
187,0.4645385931380177,0,12,0,75148,530462,2168,105788,4.91368705769017,0.1662679764243615
188,0.4645969314813954,6,144,6,75292,530318,2174,105782,4.912353180925562,0.16629775192579782
189,0.4646960880245829,1,17,1,75309,530301,2175,105781,4.912195709363074,0.16630088573485807
190,0.4647954044037739,5,47,5,75356,530254,2180,105776,4.9117603468079585,0.16630662075688254
191,0.4654548109350312,7,166,7,75522,530088,2187,105769,4.910222683315425,0.16634085965869685
192,0.4655239913549135,38,933,38,76455,529155,2225,105731,4.901580273444737,0.16653540950658857
193,0.4655351949089212,41,941,41,77396,528214,2266,105690,4.892863759309348,0.16672871602009137
194,0.4655710386102382,4,19,4,77415,528195,2270,105686,4.892687761680684,0.1667284553409867
195,0.4656331538303346,18,455,18,77870,527740,2288,105668,4.888473081625848,0.16682454279074466
196,0.4657338486483889,1,8,1,77878,527732,2289,105667,4.888398977361147,0.16682533442585162
197,0.4658023674305546,0,29,0,77907,527703,2289,105667,4.888130349401608,0.16683297282788892
198,0.465830937419904,7,98,7,78005,527605,2296,105660,4.887222572159028,0.16684958113901763
199,0.4658374670455346,19,441,19,78446,527164,2315,105641,4.883137574567416,0.16694084275566723
200,0.4658535104965775,13,280,13,78726,526884,2328,105628,4.880543925302901,0.16699762217950015
201,0.4658563557786666,5,103,5,78829,526781,2333,105623,4.879589832894883,0.16701823517877812
202,0.4664185298026811,2,51,2,78880,526730,2335,105621,4.879117418207418,0.1670290708799385
203,0.4665185823286054,2,41,2,78921,526689,2337,105619,4.878737633850828,0.16703726664853205
204,0.466801174069095,13,120,13,79041,526569,2350,105606,4.877626069880321,0.16705184482144975
205,0.466927738895358,48,548,48,79589,526021,2398,105558,4.8725499277483415,0.1671334860722095
206,0.4670178740341023,40,941,40,80530,525080,2438,105518,4.863833413612953,0.1673300581352938
207,0.4671013493668908,39,937,39,81467,524143,2477,105479,4.855153951609915,0.16752750062736055
208,0.4671045268047222,1,26,1,81493,524117,2478,105478,4.854913112749639,0.16753309667325822
209,0.4671063390857086,41,429,41,81922,523688,2519,105437,4.850939271555078,0.16759308563481026
210,0.4672764685248333,10,56,10,81978,523632,2529,105427,4.850420541702175,0.16759477250941485
211,0.4673093449567264,2,51,2,82029,523581,2531,105425,4.849948127014709,0.1676057144128991
212,0.467391844784112,39,946,39,82975,522635,2570,105386,4.841185297713883,0.1678064905472906
213,0.4674439126595966,37,907,37,83882,521728,2607,105349,4.832783726703472,0.16800010206083144
214,0.4674451514648576,0,6,0,83888,521722,2607,105349,4.8327281485049465,0.16800170953528387
215,0.4675691996394743,24,423,24,84311,521299,2631,105325,4.828809885508911,0.16808325247676437
216,0.4675903548066223,33,413,33,84724,520886,2664,105292,4.824984252843751,0.16815027037040586
217,0.4676814902008214,32,529,32,85253,520357,2696,105260,4.820084108340435,0.16824990369507223
218,0.4677470473545806,5,127,5,85380,520230,2701,105255,4.818907703138316,0.16827741672462168
219,0.4677526610610187,29,454,29,85834,519776,2730,105226,4.814702286116566,0.168361061244604
220,0.467850278194053,1,6,1,85840,519770,2731,105225,4.81464670791804,0.16836134689077512
221,0.4679221815391252,32,416,32,86256,519354,2763,105193,4.8107932861536185,0.16843087870088239
222,0.4679457247523195,19,322,19,86578,519032,2782,105174,4.807810589499426,0.16849245281205244
223,0.4679546502371315,7,93,7,86671,518939,2789,105167,4.806949127422283,0.16850823417816846
224,0.4679571269793764,190,3907,190,90578,515032,2979,104977,4.770758457149209,0.16931528413297225
225,0.4679714751392219,22,424,22,91002,514608,3001,104955,4.766830931120086,0.16940165891120032
226,0.4680149158226417,33,965,33,91967,513643,3034,104922,4.757892104190597,0.16962162424320806
227,0.4680283411941636,32,524,32,92491,513119,3066,104890,4.753038274852718,0.16972244740772383
228,0.4680953828196034,25,360,25,92851,512759,3091,104865,4.749703582941199,0.16978776731474166
229,0.4682154104897688,28,534,28,93385,512225,3119,104837,4.744757123272445,0.16989702817545077
230,0.4682331708074356,137,2878,137,96263,509347,3256,104700,4.718098114046463,0.1705081207138867
231,0.4682360284959944,1,19,1,96282,509328,3257,104699,4.7179221164178,0.17051204588723298
232,0.4682597572090585,32,928,32,97210,508400,3289,104667,4.70932602171255,0.17072685367178464
233,0.4683225175242135,30,533,30,97743,507867,3319,104637,4.704388825076883,0.17083480271149248
234,0.4683319056634643,0,4,0,97747,507863,3319,104637,4.704351772944533,0.17083591836734693
235,0.4684743658907276,6,163,6,97910,507700,3325,104631,4.702841898551261,0.1708732695225295
236,0.4684856121530498,0,6,0,97916,507694,3325,104631,4.702786320352736,0.17087494386151145
237,0.4684966187244864,0,5,0,97921,507689,3325,104631,4.702740005187299,0.17087633916906192
238,0.4685908416213102,31,556,31,98477,507133,3356,104600,4.697589758790619,0.17098963109722706
239,0.4686243867313894,36,504,36,98981,506629,3392,104564,4.692921190114491,0.17108180231121756
240,0.468659759777349,165,2892,165,101873,503737,3557,104399,4.666132498425284,0.17167048160279938
241,0.4686917551955767,147,2963,147,104836,500774,3704,104252,4.638686131386861,0.17230995031618476
242,0.468960668174622,0,10,0,104846,500764,3704,104252,4.638593501055985,0.17231279833921748
243,0.4689651545574571,126,2878,126,107724,497886,3830,104126,4.611934491830005,0.1729633296346252
244,0.4690730698301436,0,26,0,107750,497860,3830,104126,4.611693652969729,0.17297079998538173
245,0.4690988754209607,7,47,7,107797,497813,3837,104119,4.6112582904146135,0.17297468817075684
246,0.469109121231907,0,11,0,107808,497802,3837,104119,4.61115639705065,0.17297784925264278
247,0.4692290009610448,31,519,31,108327,497283,3868,104088,4.606348882878209,0.1730845019131285
248,0.4692405465475849,4,57,4,108384,497226,3872,104084,4.605820889992219,0.17309540835841747
249,0.4692835953487583,2,6,2,108390,497220,3874,104082,4.605765311793694,0.1730943851841504
250,0.4693369462100231,0,4,0,108394,497216,3874,104082,4.605728259661343,0.1730955366557015
251,0.4693799506232943,5,124,5,108518,497092,3879,104077,4.604579643558487,0.17312436270000617
252,0.4695042930363412,1,13,1,108531,497079,3880,104076,4.604459224128348,0.17312673104274273
253,0.4695166146260219,0,9,0,108540,497070,3880,104076,4.60437585683056,0.1731293229930832
254,0.4695546070646551,5,54,5,108594,497016,3885,104071,4.603875653043833,0.1731379983263654
255,0.4696920863984408,0,2,0,108596,497014,3885,104071,4.603857126977657,0.17313857441127295
256,0.4697419819102849,22,432,22,109028,496582,3907,104049,4.599855496683834,0.1732328168209766
257,0.4698885640073088,8,48,8,109076,496534,3915,104041,4.599410871095632,0.17323564916954584
258,0.4698968613618509,0,30,0,109106,496504,3915,104041,4.599132980103005,0.1732443030913587
259,0.4699498180307825,10,320,10,109426,496184,3925,104031,4.596168809514988,0.17332289263014086
260,0.4700366199771867,0,8,0,109434,496176,3925,104031,4.596094705250287,0.17332520280503227
261,0.4700424927885681,2,21,2,109455,496155,3927,104029,4.595900181555448,0.17332851258947257
262,0.470134178476071,24,379,24,109834,495776,3951,104005,4.592389492015266,0.17340495947687573
263,0.4701756249347412,2,44,2,109878,495732,3953,104003,4.591981918559413,0.1734149249251753
264,0.4702096825644152,2,13,2,109891,495719,3955,104001,4.5918614991292745,0.173415927432802
265,0.4702908720167066,5,78,5,109969,495641,3960,103996,4.591138982548446,0.17343159278029874
266,0.4703055230319196,8,46,8,110015,495595,3968,103988,4.590712883026418,0.173433869872895
267,0.4703268118083256,9,309,9,110324,495286,3977,103979,4.587850605802364,0.17351088416643723
268,0.4703351979908367,0,21,0,110345,495265,3977,103979,4.587656082107525,0.17351696470886652
269,0.4703431367756925,1,169,1,110514,495096,3978,103978,4.586090629515729,0.17356453459839685
270,0.4703802886943267,4,14,4,110528,495082,3982,103974,4.585960947052503,0.17356307256750622
271,0.4703962232765918,0,23,0,110551,495059,3982,103974,4.585747897291489,0.17356973655875385
272,0.4704099789832865,79,1042,79,111593,494017,4061,103895,4.576095816814258,0.17376302867311577
273,0.4704346605404942,7,69,7,111662,493948,4068,103888,4.575456667531216,0.1737734094300109
274,0.4704354105764206,2,85,2,111747,493863,4070,103886,4.574669309718774,0.17379535557566805
275,0.4704694379903055,21,415,21,112162,493448,4091,103865,4.57082515098744,0.17388705753934705
276,0.4704851319893391,11,220,11,112382,493228,4102,103854,4.568787283708177,0.1739359083007024
277,0.4705317427465442,37,462,37,112844,492766,4139,103817,4.564507762421727,0.17401937366636328
278,0.4705345831975053,7,81,7,112925,492685,4146,103810,4.5637574567416355,0.1740333112599435
279,0.4705429392348648,0,26,0,112951,492659,4146,103810,4.563516617881359,0.17404089734755704
280,0.4705472704141297,2,137,2,113088,492522,4148,103808,4.562247582348364,0.17407811111297436
281,0.470563596529226,9,82,9,113170,492440,4157,103799,4.561488013635184,0.17408958488123052
282,0.4705666842105394,54,767,54,113937,491673,4211,103745,4.55438326725703,0.17423893802337181
283,0.4706376617225339,8,200,8,114137,491473,4219,103737,4.55253066063952,0.17428638631743418
284,0.4707066061601085,28,493,28,114630,490980,4247,103709,4.547963985327356,0.1743919931258187
285,0.4707159673820306,1,2,1,114632,490978,4248,103708,4.5479454592611805,0.17439119131777106
286,0.4707344477530347,25,572,25,115204,490406,4273,103683,4.542647004335099,0.17452435577834297
287,0.4707395392222763,33,293,33,115497,490113,4306,103650,4.539932935640446,0.17456459900667437
288,0.4707609600853445,76,1163,76,116660,488950,4382,103574,4.5291600281596205,0.17480135825721826
289,0.4708120723398698,6,61,6,116721,488889,4388,103568,4.5285949831412795,0.17481099894169536
290,0.4708245332979816,1,21,1,116742,488868,4389,103567,4.528400459446441,0.17481580257749796
291,0.4708376971581695,4,67,4,116809,488801,4393,103563,4.527779836229575,0.17483000317372427
292,0.4709605700789957,0,2,0,116811,488799,4393,103563,4.5277613101634,0.17483059345467805
293,0.4710144237400888,1,77,1,116888,488722,4394,103562,4.527048056615659,0.17485192914210074
294,0.4710400011980463,19,316,19,117204,488406,4413,103543,4.524120938159991,0.17491878523318732
295,0.4710543614757635,10,200,10,117404,488206,4423,103533,4.52226833154248,0.17496396215223264
296,0.4710622766285952,2,36,2,117440,488170,4425,103531,4.521934862351328,0.17497181853672716
297,0.4710833805397889,24,319,24,117759,487851,4449,103507,4.518979954796398,0.1750327212957295
298,0.4711089592445296,37,462,37,118221,487389,4486,103470,4.514700433509948,0.1751179215345793
299,0.4711446234995094,31,450,31,118671,486939,4517,103439,4.510532068620549,0.17520808702221288
300,0.4711867060649771,7,98,7,118769,486841,4524,103432,4.5096242913779685,0.17522739478173657
301,0.471199264874876,0,1,0,118770,486840,4524,103432,4.509615028344881,0.17522769164046406
302,0.4712541170329609,32,381,32,119151,486459,4556,103400,4.506085812738523,0.17529613009210676
303,0.4712593433153714,35,478,35,119629,485981,4591,103365,4.501658082922672,0.17538932986734448
304,0.471306964169617,22,348,22,119977,485633,4613,103343,4.498434547408204,0.1754621580505827
305,0.4713491073815706,28,432,28,120409,485201,4641,103315,4.49443291711438,0.17555172671601113
306,0.4713652432600105,26,316,26,120725,484885,4667,103289,4.491505798658713,0.1756095985201658
307,0.4713743667485183,35,536,35,121261,484349,4702,103254,4.486540812923784,0.17572068216125514
308,0.4714086123720029,19,191,19,121452,484158,4721,103235,4.4847715736040605,0.17575115808325942
309,0.4714142203833894,12,223,12,121675,483935,4733,103223,4.482705917225537,0.17580106206506596
310,0.4714816230075011,38,569,38,122244,483366,4771,103185,4.477435251398718,0.17591820660096052
311,0.4715154304206101,126,2462,126,124706,480904,4897,103059,4.454629663937159,0.17648207163810037
312,0.4716131103469217,15,305,15,125011,480599,4912,103044,4.451804438845455,0.1765531326512954
313,0.4716292411570207,5,73,5,125084,480526,4917,103039,4.451128237430064,0.1765681629295794
314,0.4716977155546509,105,2085,105,127169,478441,5022,102934,4.4318148134425135,0.17705267684368953
315,0.4717044068987605,18,278,18,127447,478163,5040,102916,4.429239690244174,0.177111890121653
316,0.4718158013830017,1,1,1,127448,478162,5041,102915,4.429230427211086,0.1771107787780277
317,0.4719755220818243,0,6,0,127454,478156,5041,102915,4.42917484901256,0.1771126075815176
318,0.4719829638557281,0,2,0,127456,478154,5041,102915,4.429156322946386,0.1771132171910737
319,0.4721924049563409,102,2153,102,129609,476001,5143,102813,4.409213012708881,0.17762700971296477
320,0.4723541338628251,111,2409,111,132018,473592,5254,102702,4.386898366000963,0.17821112140678194
321,0.4723760151683188,34,601,34,132619,472991,5288,102668,4.381331283115343,0.17834864042775322
322,0.4724222432671328,4,11,4,132630,472980,5292,102664,4.38122938975138,0.17834633905677816
323,0.4724524642144968,99,2113,99,134743,470867,5391,102565,4.361656600837378,0.17886166101647624
324,0.4725855913602426,0,2,0,134745,470865,5391,102565,4.361638074771203,0.17886228484732225
325,0.4726542886256085,0,18,0,134763,470847,5391,102565,4.361471340175627,0.17886789952076343
326,0.4726547330640422,6,39,6,134802,470808,5397,102559,4.361110081885212,0.17887147324488503
327,0.4728147925231393,6,89,6,134891,470719,5403,102553,4.36028567194042,0.17889064876707741
328,0.4728595494299005,2,17,2,134908,470702,5405,102551,4.360128200377932,0.17889308908980853
329,0.4728754495483326,3,20,3,134928,470682,5408,102548,4.359942939716181,0.17889503340718385
330,0.4730005289539782,14,574,14,135502,470108,5422,102534,4.354625958723925,0.17905427824015702
331,0.4730191860904754,3,63,3,135565,470045,5425,102531,4.354042387639408,0.1790696780864025
332,0.4730354532993651,7,73,7,135638,469972,5432,102524,4.353366186224017,0.17908247393868254
333,0.4731098411232166,0,4,0,135642,469968,5432,102524,4.353329134091667,0.1790837251874262
334,0.4733169473359019,0,1,0,135643,469967,5432,102524,4.353319871058579,0.17908403800234415
335,0.4735059922551716,2,27,2,135670,469940,5434,102522,4.353069769165216,0.1790896164286887
336,0.47357516931726,7,94,7,135764,469846,5441,102515,4.352199044054985,0.17910898890735044
337,0.4735763163416102,14,271,14,136035,469575,5455,102501,4.349688762088258,0.179173746145617
338,0.4736107178359318,21,274,21,136309,469301,5476,102480,4.347150691022268,0.1792294602304029
339,0.4737378218616769,1,45,1,136354,469256,5477,102479,4.346733854533328,0.179242131407033
340,0.4738546148101197,2,12,2,136366,469244,5479,102477,4.346622698136278,0.17924302238329534
341,0.4738828893966101,0,8,0,136374,469236,5479,102477,4.346548593871577,0.17924553053717512
342,0.4738852473796944,7,82,7,136456,469154,5486,102470,4.345789025158398,0.17926119267210613
343,0.4739083996745215,4,48,4,136504,469106,5490,102466,4.3453443995701955,0.17927050310372097
344,0.4739470847271903,0,4,0,136508,469102,5490,102466,4.345307347437845,0.17927175769112336
345,0.4739520765461947,9,69,9,136577,469033,5499,102457,4.344668198154804,0.17928047734868502
346,0.47397759039471,13,74,13,136651,468959,5512,102444,4.343982733706325,0.17928502300477947
347,0.4740899403422941,10,141,10,136792,468818,5522,102434,4.34267664604098,0.17931490830666677
348,0.4740933745481668,0,2,0,136794,468816,5522,102434,4.342658119974804,0.1793155361050328
349,0.4741060270239992,3,33,3,136827,468783,5525,102431,4.342352439882915,0.17932158525526334
350,0.4741148747896748,0,21,0,136848,468762,5525,102431,4.342157916188077,0.17932817804139756
351,0.4741405683659191,0,30,0,136878,468732,5525,102431,4.34188002519545,0.17933759714827466
352,0.4744627732486021,0,3,0,136881,468729,5525,102431,4.341852236096187,0.1793385391133833
353,0.4746942508619806,25,574,25,137455,468155,5550,102406,4.336535255103931,0.17948300006484846
354,0.4746946433551264,2,9,2,137464,468146,5552,102404,4.3364518878061435,0.1794829550433792
355,0.4749296029266484,55,883,55,138347,467263,5607,102349,4.328272629589833,0.17968195894749409
356,0.4750616757072675,28,279,28,138626,466984,5635,102321,4.325688243358405,0.17972967038757784
357,0.4750677977746622,21,184,21,138810,466800,5656,102300,4.323983845270296,0.17975751186083289
358,0.4752798506002373,11,193,11,139003,466607,5667,102289,4.322196079884398,0.179802635279559
359,0.4753383815418434,5,70,5,139073,466537,5672,102284,4.321547667568269,0.17981755244620012
360,0.4753438985458168,151,2556,151,141629,463981,5823,102133,4.29787135499648,0.1804106593371653
361,0.4754479271706322,24,193,24,141822,463788,5847,102109,4.296083589610582,0.180437429426203
362,0.4754850134901016,125,1936,125,143758,461852,5972,101984,4.278150357553077,0.18087528997793684
363,0.4754866228025274,2,12,2,143770,461840,5974,101982,4.278039201156027,0.18087623398874111
364,0.4755169563820273,126,1846,126,145616,459994,6100,101856,4.260939642076401,0.1812868203257097
365,0.475546411418119,4,76,4,145692,459918,6104,101852,4.260235651561747,0.18130551649251472
366,0.4756229000001271,16,264,16,145956,459654,6120,101836,4.2577902108266334,0.18136743307984113
367,0.4756254007396584,10,66,10,146022,459588,6130,101826,4.2571788506428545,0.18137417307014075
368,0.4756754372041223,0,2,0,146024,459586,6130,101826,4.257160324576679,0.18137481920585952
369,0.4759017304890697,5,45,5,146069,459541,6135,101821,4.256743488087739,0.1813820671865926
370,0.4759237811763945,104,1510,104,147579,458031,6239,101717,4.242756308125533,0.1817192736731529
371,0.4759251853045708,5,47,5,147626,457984,6244,101712,4.242320945570418,0.18172722334981847
372,0.4760026021826025,3,32,3,147658,457952,6247,101709,4.242024528511616,0.1817332277932534
373,0.4760087778745759,99,1085,99,148743,456867,6346,101610,4.231974137611619,0.18194124377548224
374,0.476028364477734,8,138,8,148881,456729,6354,101602,4.230695839045537,0.1819744918336972
375,0.4760668857084961,4,100,4,148981,456629,6358,101598,4.229769535736781,0.1820012288907559
376,0.4760919634178607,0,2,0,148983,456627,6358,101598,4.229751009670607,0.1820018809619777
377,0.4760954463431711,15,179,15,149162,456448,6373,101583,4.228092926747935,0.18203827385933757
378,0.4760991106294526,115,1461,115,150623,454987,6488,101468,4.214559635407018,0.18234717991571645
379,0.4761304024294165,6,81,6,150704,454906,6494,101462,4.213809329726926,0.18236490955626491
380,0.4761318131353151,102,1371,102,152075,453535,6596,101360,4.201109711363889,0.18266518890961353
381,0.4761331767385175,0,9,0,152084,453526,6596,101360,4.201026344066101,0.18266815165637626
382,0.4761629343468444,146,1982,146,154066,451544,6742,101214,4.182667012486569,0.18310725489273788
383,0.4761757516849919,2,37,2,154103,451507,6744,101212,4.182324280262329,0.18311655651425046
384,0.4761778804916131,0,5,0,154108,451502,6744,101212,4.182277965096891,0.18311821303603673
385,0.4762527940327404,149,1972,149,156080,449530,6893,101063,4.164011263848234,0.18355300557762266
386,0.4762560114560376,91,1347,91,157427,448183,6984,100972,4.151533958279299,0.18386794256630642
387,0.4762960223700389,10,184,10,157611,447999,6994,100962,4.149829560191189,0.18391470432325793
388,0.4763384096082416,5,67,5,157678,447932,6999,100957,4.149208936974323,0.18392971985228343
389,0.4763896763841341,2,39,2,157717,447893,7001,100955,4.148847678683908,0.18393981575955456
390,0.476403331872027,8,121,8,157838,447772,7009,100947,4.147726851680314,0.18396847931272656
391,0.4764137770312638,71,823,71,158661,446949,7080,100876,4.140103375449257,0.1841390955140784
392,0.4764505232441195,122,1813,122,160474,445136,7202,100754,4.123309496461522,0.18456831962483283
393,0.4764587229640929,0,2,0,160476,445134,7202,100754,4.123290970395346,0.1845689958379741
394,0.4764790601750733,0,3,0,160479,445131,7202,100754,4.123263181296084,0.18457001016697655
395,0.4765170638880734,14,204,14,160683,444927,7216,100740,4.1213735225462225,0.18461809125345677
396,0.47660141358013,104,1833,104,162516,443094,7320,100636,4.104394382896736,0.18508450885549813
397,0.4766522163226454,102,1912,102,164428,441182,7422,100534,4.0866834636333325,0.18558432831963612
398,0.4766537371731356,3,34,3,164462,441148,7425,100531,4.086368520508355,0.185591466532762
399,0.4766776979258615,2,52,2,164514,441096,7427,100529,4.085886842787803,0.1856062774059543
400,0.476684692166204,0,1,0,164515,441095,7427,100529,4.085877579754715,0.18560662009069023
401,0.476718135143086,62,795,62,165310,440300,7489,100467,4.078513468450109,0.18578611490715966
402,0.4767433384596378,1,33,1,165343,440267,7490,100466,4.07820778835822,0.185795947352945
403,0.4767735157244123,86,866,86,166209,439401,7576,100380,4.070186001704398,0.18596430774703074
404,0.4768589884370279,5,106,5,166315,439295,7581,100375,4.069204120197117,0.1859932921970834
405,0.4768829236182449,0,2,0,166317,439293,7581,100375,4.069185594130942,0.18599398148491295
406,0.4769158932506259,97,1280,97,167597,438013,7678,100278,4.057328911778873,0.18628957199730256
407,0.4769331937499239,7,41,7,167638,437972,7685,100271,4.056949127422283,0.1862931798462776
408,0.4769786473850894,95,1339,95,168977,436633,7780,100176,4.044545926118048,0.18661386079592554
409,0.4770042511819434,112,1577,112,170554,435056,7892,100064,4.029938122938975,0.18699357153535656
410,0.4770362818791032,114,1548,114,172102,433508,8006,99950,4.015598947719441,0.18736245402637133
411,0.4770428695689706,3,36,3,172138,433472,8009,99947,4.015265478528289,0.1873705286088422
412,0.4771103584950558,0,2,0,172140,433470,8009,99947,4.015246952462114,0.1873712311381152
413,0.4771436612607072,112,1937,112,174077,431533,8121,99835,3.9973044573715217,0.18788297375829932
414,0.4771816284386426,64,913,64,174990,430620,8185,99771,3.9888473081625846,0.1881083955044486
415,0.4772237541841037,64,776,64,175766,429844,8249,99707,3.981659194486643,0.1882859252461047
416,0.4772893275876068,0,4,0,175770,429840,8249,99707,3.9816221423542926,0.18828734748756956
417,0.4772976586229086,16,335,16,176105,429505,8265,99691,3.9785190262699617,0.18838199835221733
418,0.4773214189121464,24,385,24,176490,429120,8289,99667,3.9749527585312534,0.18848231896775072
419,0.4773218049655682,0,32,0,176522,429088,8289,99667,3.9746563414724516,0.18849372582765175
420,0.4773304257861142,1,6,1,176528,429082,8290,99666,3.9746007632739264,0.18849433000219387
421,0.4773441788750164,75,1116,75,177644,427966,8365,99591,3.964263218348216,0.18877770553703202
422,0.4773572636275457,107,1779,107,179423,426187,8472,99484,3.947784282485457,0.1892514519537886
423,0.477497735311699,2,15,2,179438,426172,8474,99482,3.9476453369891438,0.18925376768749025
424,0.4775620077392676,104,1527,104,180965,424645,8578,99378,3.9335006854644483,0.1896443476717625
425,0.4775781660793794,99,1368,99,182333,423277,8677,99279,3.9208288562006746,0.18998729322790284
426,0.4775973142370875,16,338,16,182671,422939,8693,99263,3.917697951017081,0.19008544586194615
427,0.4777883309937508,0,31,0,182702,422908,8693,99263,3.917410796991367,0.19009673076444306
428,0.4778559201112419,15,316,15,183018,422592,8708,99248,3.9144836785357,0.1901885635443814
429,0.4779251024364443,7,164,7,183182,422428,8715,99241,3.912964541109341,0.19023748775564583
430,0.4779334678201029,1,16,1,183198,422412,8716,99240,3.91281633257994,0.19024177037565274
431,0.4779462816093328,1,29,1,183227,422383,8717,99239,3.9125477046204007,0.19025079463672928
432,0.4779546120566637,17,323,17,183550,422060,8734,99222,3.909555744933121,0.19034227155359287
433,0.4779665536808511,16,140,16,183690,421920,8750,99206,3.9082589203008635,0.1903685481054486
434,0.477983857942148,1,47,1,183737,421873,8751,99205,3.9078235577457483,0.19038416513458636
435,0.4780790161739549,0,7,0,183744,421866,8751,99205,3.9077587165141354,0.19038672273068352
436,0.4781332728268483,3,37,3,183781,421829,8754,99202,3.9074159842898957,0.19039558106907267
437,0.4781416161422889,0,16,0,183797,421813,8754,99202,3.907267775760495,0.19040142798191992
438,0.4781503951300682,0,1,0,183798,421812,8754,99202,3.9072585127274073,0.19040179342589642
439,0.4781705300559936,9,80,9,183878,421732,8763,99193,3.906517470080403,0.19041704659979844
440,0.4782540080375115,20,372,20,184250,421360,8783,99173,3.903071621771833,0.1905220226191231
441,0.4783379499196192,8,99,8,184349,421261,8791,99165,3.902154581496165,0.19054582207652962
442,0.4783754624411923,9,49,9,184398,421212,8800,99156,3.9017006928748748,0.19054976478184668
443,0.4783914749476451,3,39,3,184437,421173,8803,99153,3.9013394345844605,0.19055938008094925
444,0.4784342780913769,33,543,33,184980,420630,8836,99120,3.8963096076179182,0.1907070707070707
445,0.4784348889184896,3,12,3,184992,420618,8839,99117,3.896198451220868,0.1907068025051228
446,0.4784658821846955,20,358,20,185350,420260,8859,99097,3.8928822853755234,0.19080709415681313
447,0.4784955921010628,3,20,3,185370,420240,8862,99094,3.8926970247137724,0.1908097678950348
448,0.478518049241939,1,10,1,185380,420230,8863,99093,3.8926043943828965,0.19081188393350573
449,0.4785424934791142,7,80,7,185460,420150,8870,99086,3.8918633517358923,0.1908303738569745
450,0.4785587916275542,8,63,8,185523,420087,8878,99078,3.8912797806513764,0.19084106209008697
451,0.478602214535906,3,43,3,185566,420044,8881,99075,3.890881470228612,0.1908521938129793
452,0.4786228449258222,12,112,12,185678,419932,8893,99063,3.8898440105228054,0.19087467123960733
453,0.4786398295387291,1,5,1,185683,419927,8894,99062,3.889797695357368,0.19087495110686353
454,0.478653786988836,9,88,9,185771,419839,8903,99053,3.888982548445663,0.190893288005982
455,0.4786558393276582,0,3,0,185774,419836,8903,99053,3.8889547593464004,0.1908943916714365
456,0.4786617355258896,3,38,3,185812,419798,8906,99050,3.8886027640890735,0.19090369433822624
457,0.4786690829166568,14,139,14,185951,419659,8920,99036,3.887315202489903,0.19093301458467885
458,0.4786699827551504,12,139,12,186090,419520,8932,99024,3.8860276408907333,0.1909654725539202
459,0.478702363992445,12,137,12,186227,419383,8944,99012,3.8847586053577383,0.19099721255027538
460,0.4787132180084757,31,628,31,186855,418755,8975,98981,3.8789414205787542,0.19118044717771218
461,0.4787163585876237,22,147,22,187002,418608,8997,98959,3.877579754714884,0.19120036632938345
462,0.4787232286563621,4,57,4,187059,418551,9001,98955,3.877051761828893,0.1912151743168195
463,0.4787261351614891,1,3,1,187062,418548,9002,98954,3.8770239727296305,0.19121471994311134
464,0.4787282496526338,5,38,5,187100,418510,9007,98949,3.8766719774723035,0.19122094697357664
465,0.4787684709621728,23,105,23,187205,418405,9030,98926,3.8756993589981104,0.19122380062281208
466,0.4788067711142973,4,57,4,187262,418348,9034,98922,3.8751713661121197,0.1912386181297968
467,0.4788174372079974,14,251,14,187513,418097,9048,98908,3.8728463448071437,0.19130956180307734
468,0.4788230643745699,0,9,0,187522,418088,9048,98908,3.8727629775093555,0.1913128921693785
469,0.4788728841767937,1,6,1,187528,418082,9049,98907,3.8727073993108303,0.19131354825731303
470,0.4788985432923606,3,26,3,187554,418056,9052,98904,3.8724665604505537,0.19131847725162487
471,0.4789244994094147,7,31,7,187585,418025,9059,98897,3.8721794064248396,0.19131899977172573
472,0.4789313373337827,6,50,6,187635,417975,9065,98891,3.871716254770462,0.19132811986085368
473,0.4789959190610521,8,111,8,187746,417864,9073,98883,3.8706880580977434,0.19135669873264866
474,0.4791056880288838,0,16,0,187762,417848,9073,98883,3.8705398495683427,0.19136262387973627
475,0.4791315594734947,3,19,3,187781,417829,9076,98880,3.870363851939679,0.19136496558023955
476,0.4791458616448382,4,38,4,187819,417791,9080,98876,3.870011856682352,0.19137277975949693
477,0.4791675494935349,12,150,12,187969,417641,9092,98864,3.868622401719219,0.19140957009128662
478,0.4791714925598666,11,158,11,188127,417483,9103,98853,3.8671588424913854,0.1914509156828112
479,0.4792223823598915,1,10,1,188137,417473,9104,98852,3.86706621216051,0.191453057667167
480,0.4792464173836328,0,11,0,188148,417462,9104,98852,3.866964318796547,0.19145713654868937
481,0.4792607120907807,0,6,0,188154,417456,9104,98852,3.8669087405980216,0.19145936146641152
482,0.4792981541079746,50,928,50,189082,416528,9154,98802,3.858312645892771,0.19172569033434886
483,0.4793299286447424,0,1,0,189083,416527,9154,98802,3.8583033828596838,0.19172606237956724
484,0.4793401990630739,8,56,8,189139,416471,9162,98794,3.8577846530067808,0.1917343502857753
485,0.4794069649030297,5,95,5,189234,416376,9167,98789,3.856904664863463,0.19176186270418216
486,0.4794320938304438,38,513,38,189747,415863,9205,98751,3.8521527288895476,0.1918933414170621
487,0.4794451503795322,12,105,12,189852,415758,9217,98739,3.8511801104153545,0.19191365547320977
488,0.4794516408509555,12,105,12,189957,415653,9229,98727,3.8502074919411613,0.19193397877055873
489,0.4794606357019311,16,191,16,190148,415462,9245,98711,3.8484382526214382,0.1919801312009771
490,0.4794801188305288,3,73,3,190221,415389,9248,98708,3.847762051206047,0.1920026765376962
491,0.4795680567795949,17,140,17,190361,415249,9265,98691,3.8464652265737893,0.19202825232517415
492,0.4795731186566389,69,813,69,191174,414436,9334,98622,3.838934380673608,0.19222388112065303
493,0.4796030799058852,35,618,35,191792,413818,9369,98587,3.833209826225499,0.1924005425395927
494,0.4796117864647275,14,154,14,191946,413664,9383,98573,3.831783319130016,0.19243631365949745
495,0.4796279431353663,9,44,9,191990,413620,9392,98564,3.8313757456741637,0.19243865485841025
496,0.4796471813350389,23,294,23,192284,413326,9415,98541,3.8286524139464224,0.19251289885849254
497,0.4798363717568469,84,1021,84,193305,412305,9499,98457,3.81919485716403,0.19276492769626558
498,0.4798494464981234,190,2056,190,195361,410249,9689,98267,3.8001500611360184,0.19324269049548096
499,0.4798842267329415,51,714,51,196075,409535,9740,98216,3.793536255511505,0.19343339550291383
500,0.4798907563220783,5,71,5,196146,409464,9745,98211,3.7928785801622884,0.1934525040626385
501,0.479966330212735,35,508,35,196654,408956,9780,98176,3.788172959353811,0.1935906233485562
502,0.4799807579304919,0,1,0,196655,408955,9780,98176,3.7881636963207233,0.193591005085471
503,0.4800412684748414,77,867,77,197522,408088,9857,98099,3.7801326466338137,0.19379991979248776
504,0.4800525681883546,21,167,21,197689,407921,9878,98078,3.7785857201081923,0.19383042258976796
505,0.4800573923511203,70,836,70,198525,407085,9948,98008,3.770841824446997,0.19403951351533283
506,0.4800895690911906,77,841,77,199366,406244,10025,97931,3.7630516136203638,0.19424009520503793
507,0.4802451856767465,0,1,0,199367,406243,10025,97931,3.763042350587276,0.1942404804690444
508,0.4802566171977811,42,711,42,200078,405532,10067,97889,3.756456334062025,0.19444758959201144
509,0.4802677711614097,3,6,3,200084,405526,10070,97886,3.7564007558635,0.19444510659261202
510,0.4803257067845881,99,911,99,200995,404615,10169,97787,3.747962132720738,0.1946389544627609
511,0.4804340458809111,11,133,11,201128,404482,10180,97776,3.7467301493200935,0.19467285737608958
512,0.4804402632070558,14,104,14,201232,404378,10194,97762,3.7457667938789876,0.19469072370255308
513,0.4804419174425892,57,805,57,202037,403573,10251,97705,3.7383100522435067,0.19491180542533285
514,0.4804524238222322,92,800,92,202837,402773,10343,97613,3.7308996257734632,0.19507540178981825
515,0.4804688260224919,2,66,2,202903,402707,10345,97611,3.7302882655896847,0.19509791772432733
516,0.4805094517644811,106,1040,106,203943,401667,10451,97505,3.720654711178628,0.1953334722300129
517,0.4807121816891781,0,1,0,203944,401666,10451,97505,3.720645448145541,0.19533386354575888
518,0.4807168849501345,31,656,31,204600,401010,10482,97474,3.7145688984401053,0.19554087994800234
519,0.4807183082233713,0,7,0,204607,401003,10482,97474,3.7145040572084924,0.19554362588444402
520,0.4807971701218271,0,1,0,204608,401002,10482,97474,3.7144947941754047,0.19554401816737416
521,0.4808180002170482,0,1,0,204609,401001,10482,97474,3.714485531142317,0.19554441045187823
522,0.4809166312022594,3,8,3,204617,400993,10485,97471,3.714411426877617,0.19554270719650768
523,0.4810788495435975,1,17,1,204634,400976,10486,97470,3.7142539553151286,0.19554776244568117
524,0.4810889810659038,13,108,13,204742,400868,10499,97457,3.7132535477416724,0.19556915667486077
525,0.4811216588308661,3,7,3,204749,400861,10502,97454,3.7131887065100595,0.19556706099555501
526,0.4811376490820337,0,3,0,204752,400858,10502,97454,3.713160917410797,0.1955682383727464
527,0.4812836011096698,0,28,0,204780,400830,10502,97454,3.7129015524843454,0.19557922791018775
528,0.4812907160504933,0,6,0,204786,400824,10502,97454,3.71284597428582,0.19558158297175474
529,0.4812998502415483,1,14,1,204800,400810,10503,97453,3.7127162918225944,0.19558546390159415
530,0.4813826368132577,3,11,3,204811,400799,10506,97450,3.7126143984586313,0.19558493845446753
531,0.4815024551165308,0,4,0,204815,400795,10506,97450,3.712577346326281,0.19558650864534516
532,0.4815944605895802,89,1022,89,205837,399773,10595,97361,3.703110526510801,0.19584458113908926
533,0.4816403121095941,2,11,2,205848,399762,10597,97359,3.7030086331468377,0.19584567942211253
534,0.4816473588864088,6,67,6,205915,399695,10603,97353,3.7023880099299715,0.1958623714409876
535,0.4816946472874141,0,1,0,205916,399694,10603,97353,3.702378746896884,0.19586276549300166
536,0.4818034374775884,1,12,1,205928,399682,10604,97352,3.7022675904998334,0.19586587637867833
537,0.4818723427592021,12,79,12,206007,399603,10616,97340,3.7015358108859164,0.19587759561961834
538,0.4818732946017953,2,15,2,206022,399588,10618,97338,3.701396865389603,0.1958802719117132
539,0.4819101681246369,66,834,66,206856,398754,10684,97272,3.693671495794583,0.1961026236527924
540,0.4819416948305986,0,3,0,206859,398751,10684,97272,3.6936437066953203,0.19610380970237268
541,0.4819620818977455,4,75,4,206934,398676,10688,97268,3.6929489792137535,0.19612698207862178
542,0.481972035616434,76,885,76,207819,397791,10764,97192,3.6847511949312683,0.19635421822567645
543,0.4819977814924422,74,912,74,208731,396879,10838,97118,3.676303308755419,0.19659633560527695
544,0.4820177896039208,2,7,2,208738,396872,10840,97116,3.676238467523806,0.1965958687255561
545,0.4820305674611098,69,864,69,209602,396008,10909,97047,3.668235206936159,0.1968279400878198
546,0.4820369759979082,2,18,2,209620,395990,10911,97045,3.6680684723405834,0.19683186792012738
547,0.4820433783721681,5,29,5,209649,395961,10916,97040,3.6677998443810442,0.19683530053691575
548,0.4821243200471903,14,172,14,209821,395789,10930,97026,3.666206602689985,0.19688118259387397
549,0.4821379875548445,91,1141,91,210962,394648,11021,96935,3.6556374819370854,0.19718948783826942
550,0.4821810115201307,0,3,0,210965,394645,11021,96935,3.6556096928378228,0.19719069124048985
551,0.4822067274016071,0,15,0,210980,394630,11021,96935,3.6554707473415093,0.1971967084719213
552,0.4822499255338227,4,40,4,211020,394590,11025,96931,3.6551002260180074,0.19720622313187025
553,0.4822756398869175,8,55,8,211075,394535,11033,96923,3.6545907591981917,0.1972152249022297
554,0.4822814479898844,1,6,1,211081,394529,11034,96922,3.6545351809996665,0.197215999153527
555,0.4822818652396193,0,6,0,211087,394523,11034,96922,3.6544796028011413,0.19721840694279116
556,0.4823040976626725,4,75,4,211162,394448,11038,96918,3.6537848753195745,0.19724197441418412
557,0.482359905687481,0,6,0,211168,394442,11038,96918,3.6537292971210493,0.19724438293715402
558,0.4824465416293925,20,295,20,211463,394147,11058,96898,3.650996702360221,0.1973301835880622
559,0.4824872955131926,0,3,0,211466,394144,11058,96898,3.650968913260958,0.19733138916833998
560,0.4825911916451068,6,152,6,211618,393992,11064,96892,3.64956093223165,0.19738268104073467
561,0.4826978329654956,1,9,1,211627,393983,11065,96891,3.649477564933862,0.1973846649038246
562,0.4827273151128125,0,1,0,211628,393982,11065,96891,3.6494683019007743,0.19738506701326006
563,0.4827782350875161,0,6,0,211634,393976,11065,96891,3.649412723702249,0.19738747970427833
564,0.4828850955217725,9,107,9,211741,393869,11074,96882,3.6484215791618806,0.19741579742068788
565,0.4829263949182986,1,3,1,211744,393866,11075,96881,3.648393790062618,0.19741536881529587
566,0.4829403914327007,0,8,0,211752,393858,11075,96881,3.648319685797918,0.19741858706970508
567,0.4829786899070615,2,13,2,211765,393845,11077,96879,3.6481992663677794,0.19742054596881342
568,0.4831289114186893,14,93,14,211858,393752,11091,96865,3.647337804290637,0.1974350664571346
569,0.483197412449276,33,281,33,212139,393471,11124,96832,3.6447348919930342,0.19749420256453662
570,0.4831981336745978,18,169,18,212308,393302,11142,96814,3.6431694394012375,0.1975328289629394
571,0.4832490587977291,17,170,17,212478,393132,11159,96797,3.6415947237763535,0.19757352595988398
572,0.483361024555354,8,89,8,212567,393043,11167,96789,3.640770313831561,0.19759631873785297
573,0.4834071697811619,68,465,68,213032,392578,11235,96721,3.6364630034458485,0.19767258874430563
574,0.4834610369800591,6,76,6,213108,392502,11241,96715,3.635759012931194,0.19769345709572644
575,0.4835108379903973,0,1,0,213109,392501,11241,96715,3.635749749898107,0.1976938611983255
576,0.4835289977632852,3,24,3,213133,392477,11244,96712,3.635527437104005,0.19769863999394918
577,0.4835298674516614,65,812,65,213945,391665,11309,96647,3.6280058542369114,0.19792059175281376
578,0.483585944425849,51,344,51,214289,391321,11360,96596,3.6248193708547927,0.1979762951485601
579,0.4836644853335268,7,66,7,214355,391255,11367,96589,3.624208010671014,0.1979915710759997
580,0.4836646146182978,7,64,7,214419,391191,11374,96582,3.6236151765534106,0.19800603969469405
581,0.4836770749691735,52,393,52,214812,390798,11426,96530,3.6199748045500018,0.19808014314794142
582,0.4837372906663539,2,10,2,214822,390788,11428,96528,3.6198821742191263,0.19808091669471145
583,0.4837382095296253,74,892,74,215714,389896,11502,96454,3.6116195487050278,0.19832219594941913
584,0.4837730274621572,0,2,0,215716,389894,11502,96454,3.611601022638853,0.1983230115061643
585,0.4839423327649084,0,1,0,215717,389893,11502,96454,3.611591759605765,0.19832341928705224
586,0.4839426125634943,2,6,2,215723,389887,11504,96452,3.61153618140724,0.1983225692366847
587,0.4840395172444338,2,71,2,215794,389816,11506,96450,3.6108785060580235,0.1983482291585264
588,0.4841164227381843,49,600,49,216394,389216,11555,96401,3.605320686205491,0.19851240792641114
589,0.4841633688071354,39,604,39,216998,388612,11594,96362,3.5997258142206086,0.19869518778326262
590,0.4842422333856289,6,31,6,217029,388581,11600,96356,3.599438660194894,0.19869797520090238
591,0.4842549771601246,2,4,2,217033,388577,11602,96354,3.599401608062544,0.1986963093718488
592,0.4842560998594941,55,398,55,217431,388179,11657,96299,3.5957149208936974,0.19876857153472396
593,0.4842583742886505,1,23,1,217454,388156,11658,96298,3.595501871132684,0.19877635441135794
594,0.4842591832440803,78,1068,78,218522,387088,11736,96220,3.5856089517951757,0.1990862969369429
595,0.4842846805494574,1,10,1,218532,387078,11737,96219,3.5855163214643,0.19908875908602786
596,0.4843204693031814,27,158,27,218690,386920,11764,96192,3.5840527622364666,0.19910910927486794
597,0.4843217770621601,5,32,5,218722,386888,11769,96187,3.583756345177665,0.1991140092118201
598,0.4843218883392346,306,2816,306,221538,384072,12075,95881,3.557671644003112,0.1997716443068384
599,0.4843247287025013,9,143,9,221681,383929,12084,95872,3.556347030271592,0.19981617378871658
600,0.4843326718963873,1,11,1,221692,383918,12085,95871,3.556245136907629,0.1998190871403888
601,0.4844274697848453,23,312,23,222004,383606,12108,95848,3.553355070584312,0.1999107317907453
602,0.4844398782003088,347,3809,347,225813,379797,12455,95501,3.5180721775538184,0.20092868053305504
603,0.4845152264035498,42,467,42,226280,379330,12497,95459,3.5137463411019305,0.20105562681528005
604,0.4845226380658937,46,348,46,226628,378982,12543,95413,3.5105228055874615,0.201125644241613
605,0.4845289119761954,2,9,2,226637,378973,12545,95411,3.5104394382896738,0.20112609194239267
606,0.4845300574414673,2,8,2,226645,378965,12547,95409,3.510365334024973,0.20112611568087627
607,0.484530207719748,290,2494,290,229139,376471,12837,95119,3.487263329504613,0.2016985092983312
608,0.4845861351731796,0,3,0,229142,376468,12837,95119,3.4872355404053503,0.20169979240309846
609,0.4845969849315524,372,3349,372,232491,373119,13209,94747,3.4562136425951313,0.2025088380006241
610,0.4845992245647588,36,368,36,232859,372751,13245,94711,3.4528048464189114,0.20260684290915626
611,0.4846717680102262,52,423,52,233282,372328,13297,94659,3.448886583422876,0.20270157413375534
612,0.4847409059163537,304,3295,304,236577,369033,13601,94355,3.4183648893993848,0.20361986067830845
613,0.4847492031144303,1,18,1,236595,369015,13602,94354,3.418198154803809,0.20362605180752272
614,0.4847917503647575,427,4516,427,241111,364499,14029,93927,3.376366297380414,0.20489021128819046
615,0.4848153708987321,0,3,0,241114,364496,14029,93927,3.3763385082811515,0.20489155212543872
616,0.4848457930810049,57,384,57,241498,364112,14086,93870,3.372781503575531,0.20496438724666036
617,0.484903120143313,15,168,15,241666,363944,14101,93855,3.371225314016822,0.20501355398329835
618,0.4849295691518803,1,13,1,241679,363931,14102,93854,3.3711048945866833,0.20501763928481712
619,0.4849876487629728,7,45,7,241724,363886,14109,93847,3.3706880580977434,0.2050256372164559
620,0.4849884286469277,1,4,1,241728,363882,14110,93846,3.370651005965393,0.20502569211409397
621,0.4849984993879191,25,129,25,241857,363753,14135,93821,3.3694560746970987,0.20504005909426673
622,0.4850100035153257,16,151,16,242008,363602,14151,93805,3.368057356700878,0.20507993974731475
623,0.4850494771766521,17,161,17,242169,363441,14168,93788,3.366566008373782,0.20512259721058812
624,0.4850511978263007,1,24,1,242193,363417,14169,93787,3.3663436955796806,0.2051316261450031
625,0.4850512859726121,298,3226,298,245419,360191,14467,93489,3.336461150839231,0.2060681537647681
626,0.4850751258780821,54,606,54,246025,359585,14521,93435,3.330847752788173,0.20624917222197695
627,0.4850767958584245,4,4,4,246029,359581,14525,93431,3.3308107006558227,0.20624398470680688
628,0.4850776004411468,276,2515,276,248544,357066,14801,93155,3.307514172440624,0.20690949555884777
629,0.4850878298482401,1,6,1,248550,357060,14802,93154,3.3074585942420986,0.20691049145517465
630,0.4851186215402285,268,2566,268,251116,354494,15070,92886,3.2836896513394347,0.20762215566185346
631,0.4851305340594954,60,592,60,251708,353902,15130,92826,3.2782059357516027,0.20779087050733333
632,0.4851442710370978,287,2817,287,254525,351085,15417,92539,3.2521119715439624,0.20859782157863416
633,0.4851550422708935,3,81,3,254606,351004,15420,92536,3.2513616658638704,0.20863056319610407
634,0.4851787671451409,0,2,0,254608,351002,15420,92536,3.2513431397976955,0.20863150395231073
635,0.4851981266313945,268,2772,268,257380,348230,15688,92268,3.225666012078995,0.20946292605187763
636,0.4852046974022997,4,6,4,257386,348224,15692,92264,3.22561043388047,0.20945860046130654
637,0.4852380391764606,50,454,50,257840,347770,15742,92214,3.22140501685872,0.20958489399614533
638,0.4852524672886286,38,308,38,258148,347462,15780,92176,3.2185520026677534,0.20966340489220678
639,0.4852750399235589,0,17,0,258165,347445,15780,92176,3.218394531105265,0.2096715125073643
640,0.4853056318883264,330,3475,330,261640,343970,16110,91846,3.1862054911260143,0.21074490151807185
641,0.4853638564761035,319,3337,319,264977,340633,16429,91527,3.155294749712846,0.21178961495742318
642,0.4853871943348727,10,91,10,265068,340542,16439,91517,3.1544518137018787,0.21181597883622375
643,0.4854314190727395,0,4,0,265072,340538,16439,91517,3.1544147615695284,0.2118179398456215
644,0.4854385279260024,45,366,45,265438,340172,16484,91472,3.1510244914594834,0.21191537470693442
645,0.4854638999760237,4,35,4,265473,340137,16488,91468,3.150700285301419,0.21192525573151377
646,0.4854642470661112,7,130,7,265603,340007,16495,91461,3.149496091000037,0.2119763226936876
647,0.4854677947147884,1,11,1,265614,339996,16496,91460,3.1493941976360738,0.21197990061559
648,0.48549045500411,7,114,7,265728,339882,16503,91453,3.148338211864093,0.21202313746855692
649,0.485490699390336,352,3254,352,268982,336628,16855,91101,3.1181963021971915,0.2129876627490771
650,0.4855162173619175,14,105,14,269087,336523,16869,91087,3.1172236837229983,0.21301419517784898
651,0.4855217678544378,0,1,0,269088,336522,16869,91087,3.1172144206899106,0.21301469332965395
652,0.4855480771972598,350,3378,350,272466,333144,17219,90737,3.085923894920153,0.21406243733500677
653,0.4855688485387359,315,2862,315,275328,330282,17534,90422,3.0594130942235727,0.21493021221571462
654,0.4855850233151887,280,2560,280,277888,327722,17814,90142,3.035699729519434,0.21572090440909003
655,0.4856284910823926,66,395,66,278283,327327,17880,90076,3.03204083144985,0.21580103640845896
656,0.4856637468514916,42,395,42,278678,326932,17922,90034,3.028381933380266,0.21592647841790458
657,0.4856688912283697,7,68,7,278746,326864,17929,90027,3.0277520471303125,0.21594853330966607
658,0.4856959642680448,29,179,29,278925,326685,17958,89998,3.0260939642076403,0.21598673332005386
659,0.4857217233051042,1,4,1,278929,326681,17959,89997,3.02605691207529,0.21598692515563578
660,0.4857380347302172,21,133,21,279062,326548,17980,89976,3.0248249286746454,0.21601636400303464
661,0.4857954453919618,2,9,2,279071,326539,17982,89974,3.024741561376857,0.2160172671681316
662,0.4858132222912907,0,2,0,279073,326537,17982,89974,3.024723035310682,0.21601830443853823
663,0.4858334903061048,43,617,43,279690,325920,18025,89931,3.0190077438956613,0.21625774616389043
664,0.4858496625452074,16,167,16,279857,325753,18041,89915,3.0174608173700395,0.21631446250372893
665,0.4859619196766222,20,124,20,279981,325629,18061,89895,3.016312201267183,0.2163412943656684
666,0.4860182655951324,20,127,20,280108,325502,18081,89875,3.0151357960650635,0.21636970751871193
667,0.4860330940498796,8,33,8,280141,325469,18089,89867,3.014830115973174,0.21637180499643663
668,0.4860432749298266,16,329,16,280470,325140,18105,89851,3.011782578087369,0.21651312920039228
669,0.4860509666392579,10,75,10,280545,325065,18115,89841,3.0110878506058025,0.21653338346517043
670,0.4860562650631237,5,39,5,280584,325026,18120,89836,3.010726592315388,0.21654429665768377
671,0.4860600922415724,14,121,14,280705,324905,18134,89822,3.0096057653117936,0.21658102800155282
672,0.4860792289020946,22,157,22,280862,324748,18156,89800,3.0081514691170477,0.21662147688566824
673,0.4860874212791995,0,3,0,280865,324745,18156,89800,3.008123680017785,0.216623044542812
674,0.4861265606065024,2,6,2,280871,324739,18158,89798,3.00806810181926,0.21662240041299088
675,0.4861468224660714,0,12,0,280883,324727,18158,89798,3.007956945422209,0.21662867137084615
676,0.4861801728945981,374,3331,374,284214,321396,18532,89424,2.977101782207566,0.21767197312691688
677,0.4862265719282811,4,74,4,284288,321322,18536,89420,2.976416317759087,0.21770357061123527
678,0.4862302953062807,351,3235,351,287523,318087,18887,89069,2.9464504057208494,0.2187589032213697
679,0.486256488439243,21,165,21,287688,317922,18908,89048,2.944922005261403,0.2188072830921198
680,0.4862580618677703,0,1,0,287689,317921,18908,89048,2.9449127422283152,0.2188078207431033
681,0.4863096649133605,12,190,12,287879,317731,18920,89036,2.94315276594168,0.21888697952390435
682,0.4863116361056603,2,43,2,287922,317688,18922,89034,2.942754455518915,0.21890627996518505
683,0.4863349279512626,0,1,0,287923,317687,18922,89034,2.9427451924858277,0.21890681818740612
684,0.4863496903837784,11,78,11,288001,317609,18933,89023,2.9420226759049983,0.21892767908083968
685,0.4864172847713163,26,180,26,288181,317429,18959,88997,2.9403553299492384,0.2189746718959909
686,0.4864201494776886,110,1127,110,289308,316302,19069,88887,2.929915891659565,0.21937170061378763
687,0.4864216564637481,2,1,2,289309,316301,19071,88885,2.9299066286264774,0.21936838883870619
688,0.486441295667662,5,27,5,289336,316274,19076,88880,2.9296565267331136,0.21937337407504306
689,0.486608468703806,2,27,2,289363,316247,19078,88878,2.9294064248397493,0.21938414069731565
690,0.4866300077008806,7,51,7,289414,316196,19085,88871,2.9289340101522843,0.21939827238456847
691,0.4866354588821151,1,18,1,289432,316178,19086,88870,2.9287672755567082,0.21940609508008926
692,0.4866463969523605,5,23,5,289455,316155,19091,88865,2.9285542257956947,0.2194089180781196
693,0.4866624772643697,0,6,0,289461,316149,19091,88865,2.928498647597169,0.21941216846825048
694,0.4866748359510709,360,3237,360,292698,312912,19451,88505,2.8985142094927565,0.22048144448291926
695,0.486695960828727,87,957,87,293655,311955,19538,88418,2.8896494868279667,0.22083906756949145
696,0.486742795070863,4,32,4,293687,311923,19542,88414,2.8893530697691654,0.2208489347724542
697,0.4867652394178181,11,28,11,293715,311895,19553,88403,2.889093704842714,0.22084297198587052
698,0.486780613695321,10,76,10,293791,311819,19563,88393,2.8883897143280595,0.22086544131610247
699,0.4867998456076038,2,9,2,293800,311810,19565,88391,2.8883063470302717,0.22086651457642534
700,0.4868119528236918,6,126,6,293926,311684,19571,88385,2.88713920486124,0.22092439054263138
701,0.4868133280811664,4,31,4,293957,311653,19575,88381,2.8868520508355258,0.22093372063374614
702,0.4868295853781462,0,5,0,293962,311648,19575,88381,2.886805735670088,0.22093648210504738
703,0.4868328461810118,3,131,3,294093,311517,19578,88378,2.885592278335618,0.2210030132909889
704,0.4868355355355023,42,340,42,294433,311177,19620,88336,2.8824428470858496,0.22110920045154978
705,0.4868557568381889,0,11,0,294444,311166,19620,88336,2.8823409537218865,0.2211152885342251
706,0.4868983945167394,4,25,4,294469,311141,19624,88332,2.882109377894698,0.221121327348782
707,0.4869178167576818,2,18,2,294487,311123,19626,88330,2.881942643299122,0.2211273917081609
708,0.4870011503991256,1,8,1,294495,311115,19627,88329,2.8818685390344214,0.22112987052002284
709,0.4870572055032582,88,763,88,295258,310352,19715,88241,2.8748008447886177,0.22138120840054892
710,0.4870661186278545,44,225,44,295483,310127,19759,88197,2.872716662343918,0.22142025085106595
711,0.4871039405101321,7,121,7,295604,310006,19766,88190,2.8715958353403237,0.22147384705019638
712,0.4871261545338289,0,6,0,295610,310000,19766,88190,2.8715402571417985,0.22147718425877094
713,0.4871681717668943,6,59,6,295669,309941,19772,88184,2.870993738189633,0.221498273155416
714,0.4871762044122903,7,124,7,295793,309817,19779,88177,2.869845122086776,0.22155359126016974
715,0.4871776638481709,0,4,0,295797,309813,19779,88177,2.8698080699544257,0.22155581798537652
716,0.4872034998058734,2,6,2,295803,309807,19781,88175,2.8697524917559005,0.2215552462171656
717,0.4872275874759014,77,994,77,296797,308813,19858,88098,2.860545036866872,0.22195907898748082
718,0.4872729840513812,80,989,80,297786,307824,19938,88018,2.8513838971432808,0.2223563947231471
719,0.487291938081719,83,1183,83,298969,306641,20021,87935,2.840425729000704,0.22285947447386562
720,0.4873004633642505,4,53,4,299022,306588,20025,87931,2.8399347882470636,0.22288153422268636
721,0.4873568646054687,0,3,0,299025,306585,20025,87931,2.839906999147801,0.22288322907055735
722,0.4874023278546396,1,0,1,299025,306585,20026,87930,2.839906999147801,0.22288125926770846
723,0.4874408879615325,10,29,10,299054,306556,20036,87920,2.839638371188262,0.22287794441233433
724,0.4874678688145865,0,3,0,299057,306553,20036,87920,2.839610582088999,0.22287963941765343
725,0.4874704263230748,4,29,4,299086,306524,20040,87916,2.83934195412946,0.22288814521853767
726,0.4874876152095652,17,139,17,299225,306385,20057,87899,2.83805439253029,0.22293321565166224
727,0.4874946957807078,26,300,26,299525,306085,20083,87873,2.835275482604024,0.22305169586605678
728,0.4875007299594746,2,60,2,299585,306025,20085,87871,2.8347197006187708,0.22308172715640676
729,0.4875057639022561,5,67,5,299652,305958,20090,87866,2.8340990774019046,0.2231098155521248
730,0.4875434511232714,43,213,43,299865,305745,20133,87823,2.8321260513542557,0.22314568257581918
731,0.4875694770597928,1,5,1,299870,305740,20134,87822,2.8320797361888177,0.22314654361955677
732,0.4875749274822563,53,331,53,300201,305409,20187,87769,2.829013672236837,0.22322968223044015
733,0.4876344760951411,6,40,6,300241,305369,20193,87763,2.828643150913335,0.22324054007305436
734,0.487647120228885,4,21,4,300262,305348,20197,87759,2.8284486272184965,0.2232445619131687
735,0.4876546123681013,20,172,20,300434,305176,20217,87739,2.826855385527437,0.22330274995864247
736,0.4877002687130882,12,71,12,300505,305105,20229,87727,2.8261977101782207,0.22331938334962528
737,0.4877075280380374,45,231,45,300736,304874,20274,87682,2.824057949534996,0.22336176239823108
738,0.487752286087085,3,34,3,300770,304840,20277,87679,2.823743006410019,0.22337517419538927
739,0.4877678821199914,50,432,50,301202,304408,20327,87629,2.8197413761161956,0.22352226958169766
740,0.4877762618827438,0,1,0,301203,304407,20327,87629,2.819732113083108,0.2235228397392076
741,0.4879180674040877,80,670,80,301873,303737,20407,87549,2.8135258809144466,0.22374682457333
742,0.4879192296995537,8,101,8,301974,303636,20415,87541,2.8125903145726037,0.22378871968443953
743,0.487975838772389,41,315,41,302289,303321,20456,87500,2.809672459150024,0.22388766212665134
744,0.4880046687276652,106,1054,106,303343,302267,20562,87394,2.799909222275742,0.22428213241766562
745,0.488086657879894,0,30,0,303373,302237,20562,87394,2.7996313312831154,0.2242994012283417
746,0.4881102333661625,41,213,41,303586,302024,20603,87353,2.7976583052354664,0.22434042072336066
747,0.4881256676057677,5,72,5,303658,301952,20608,87348,2.7969913668531623,0.22437194965322374
748,0.4881657229385191,114,1251,114,304909,300701,20722,87234,2.785403312460632,0.2248675680204158
749,0.4882405470198783,6,56,6,304965,300645,20728,87228,2.784884582607729,0.2248880432512704
750,0.4882535260569064,1,0,1,304965,300645,20729,87227,2.784884582607729,0.22488604488078542
751,0.4882871118379109,28,281,28,305246,300364,20757,87199,2.7822816703101263,0.224993097896342
752,0.4882921449426905,15,145,15,305391,300219,20772,87184,2.780938530512431,0.22504730216338026
753,0.4883016749455992,49,234,49,305625,299985,20821,87135,2.778770980769943,0.22508524488530687
754,0.4883153195982418,27,319,27,305944,299666,20848,87108,2.7758160732150134,0.2252167932694545
755,0.4883314722995828,13,107,13,306051,299559,20861,87095,2.7748249286746454,0.22525306863500702
756,0.4883582847458788,4,42,4,306093,299517,20865,87091,2.774435881284968,0.22526952365186442
757,0.4884003068097791,46,284,46,306377,299233,20911,87045,2.7718051798881027,0.22534288776477046
758,0.4884874329643035,33,213,33,306590,299020,20944,87012,2.7698321538404533,0.2254010030256559
759,0.4885420218361121,7,43,7,306633,298977,20951,87005,2.769433843417689,0.2254120658476302
760,0.4885424617605548,1,19,1,306652,298958,20952,87004,2.769257845789025,0.2254211554505366
761,0.4885922417962781,0,1,0,306653,298957,20952,87004,2.7692485827559374,0.22542173950217767
762,0.4886075806040362,44,349,44,307002,298608,20996,86960,2.7660157842083812,0.22553738899493733
763,0.4886116804839041,8,28,8,307030,298580,21004,86952,2.7657564192819297,0.22553769855679945
764,0.4886612148216553,72,1029,72,308059,297551,21076,86880,2.7562247582348363,0.22599634264666482
765,0.4887084976096109,6,37,6,308096,297514,21082,86874,2.755882026010597,0.2260060147559237
766,0.4887271591697238,46,292,46,308388,297222,21128,86828,2.753177220349031,0.22608514516339018
767,0.4887501888013066,116,1256,116,309644,295966,21244,86712,2.741542850791063,0.22659259220545733
768,0.4887746859137867,13,55,13,309699,295911,21257,86699,2.7410333839712475,0.22659888659470478
769,0.4888919391606939,1,11,1,309710,295900,21258,86698,2.7409314906072844,0.2266033800490332
770,0.4889083453782712,0,1,0,309711,295899,21258,86698,2.7409222275741967,0.22660397232597224
771,0.4889611645838626,0,2,0,309713,295897,21258,86698,2.7409037015080218,0.22660515688913865
772,0.4890820933018054,95,1062,95,310775,294835,21353,86603,2.7310663603690393,0.22704345136037835
773,0.4891567990182875,216,1817,216,312592,293018,21569,86387,2.7142354292489532,0.22769072626876294
774,0.4892091572909628,1,0,1,312592,293018,21570,86386,2.7142354292489532,0.2276886906832822
775,0.4893000227057748,0,7,0,312599,293011,21570,86386,2.7141705880173403,0.22769289161485198
776,0.4894840989750483,2,8,2,312607,293003,21572,86384,2.71409648375264,0.2276936215526626
777,0.4895534336467004,0,2,0,312609,293001,21572,86384,2.714077957686465,0.22769482188278398
778,0.4896483831835517,11,38,11,312647,292963,21583,86373,2.713725962429138,0.2276952358858637
779,0.4896700369690082,39,250,39,312897,292713,21622,86334,2.711410204157249,0.2277659498690136
780,0.4897551138182999,44,458,44,313355,292255,21666,86290,2.7071677350031496,0.22795176267022416
781,0.4898137450547238,0,2,0,313357,292253,21666,86290,2.707149208936974,0.22795296703412823
782,0.4898924715545548,0,2,0,313359,292251,21666,86290,2.7071306828707993,0.2279541714107587
783,0.4898940609142282,0,5,0,313364,292246,21666,86290,2.7070843677053613,0.22795718240801402
784,0.4899230173975984,9,5,9,313369,292241,21675,86281,2.707038052539924,0.22794183693418085
785,0.4899438849738784,12,48,12,313417,292193,21687,86269,2.706593426951721,0.22794626673219504
786,0.4899474924298984,3,32,3,313449,292161,21690,86266,2.7062970098929195,0.22795942150005152
787,0.4900092816163278,11,98,11,313547,292063,21701,86255,2.705389232650339,0.22799602450848228
788,0.4900479458423621,14,105,14,313652,291958,21715,86241,2.7044166141761457,0.22803074571852386
789,0.4900736786205001,39,331,39,313983,291627,21754,86202,2.7013505502241655,0.22815083013744314
790,0.4901014489642636,17,123,17,314106,291504,21771,86185,2.7002111971543963,0.2281903894474025
791,0.4901298177893244,33,319,33,314425,291185,21804,86152,2.6972562895994665,0.2283158025849572
792,0.4901395808983621,0,1,0,314426,291184,21804,86152,2.697247026566379,0.2283164076578964
793,0.4902205613572524,1,15,1,314441,291169,21805,86151,2.6971080810700654,0.22832343899077706
794,0.4902352800174938,0,15,0,314456,291154,21805,86151,2.6969691355737524,0.22833251613416203
795,0.4902373468844946,36,232,36,314688,290922,21841,86115,2.6948201118974398,0.2283993348132942
796,0.4903253944758622,0,9,0,314697,290913,21841,86115,2.6947367445996515,0.22840478691237787
797,0.490345113600717,0,2,0,314699,290911,21841,86115,2.6947182185334766,0.22840599852530064
798,0.4903511137268586,2,22,2,314721,290889,21843,86113,2.6945144318055503,0.22841523387143836
799,0.4903795707153607,0,9,0,314730,290880,21843,86113,2.6944310645077625,0.22842068685625463
800,0.4903997571986952,7,59,7,314789,290821,21850,86106,2.693884545555597,0.2284421121331186
801,0.4904296895908541,1,4,1,314793,290817,21851,86105,2.6938474934232466,0.22844248942752082
802,0.490436396389791,11,81,11,314874,290736,21862,86094,2.6930971877431547,0.22846907093384286
803,0.4904487959882944,10,57,10,314931,290679,21872,86084,2.692569194857164,0.22848315784724083
804,0.4904671122691044,0,3,0,314934,290676,21872,86084,2.6925414057579014,0.22848497717379765
805,0.4904810990382198,17,69,17,315003,290607,21889,86067,2.6919022564748603,0.22849201165994998
806,0.4905055836301317,0,8,0,315011,290599,21889,86067,2.6918281522101597,0.2284968645962205
807,0.4905375936547181,0,2,0,315013,290597,21889,86067,2.691809626143985,0.22849807786249815
808,0.4906119847919986,4,15,4,315028,290582,21893,86063,2.6916706806476713,0.22849898445485803
809,0.4906676419803154,4,41,4,315069,290541,21897,86059,2.6912908962910818,0.2285156664896442
810,0.4906855352092455,1,3,1,315072,290538,21898,86058,2.6912631071918187,0.2285154382946181
811,0.4906867091400068,0,8,0,315080,290530,21898,86058,2.6911890029271186,0.22852029273370367
812,0.4907099029403407,1,6,1,315086,290524,21899,86057,2.691133424728593,0.22852188506589552
813,0.4907228829717439,3,43,3,315129,290481,21902,86054,2.6907351143058285,0.22854183542034606
814,0.4908784556321116,7,71,7,315200,290410,21909,86047,2.690077438956612,0.22857059371986707
815,0.49094609093418,2,5,2,315205,290405,21911,86045,2.690031123791174,0.22856953114623457
816,0.4909697443759674,17,88,17,315293,290317,21928,86028,2.6892159768794692,0.2285881305716829
817,0.4909746689688859,8,69,8,315362,290248,21936,86020,2.688576827596428,0.2286136477191789
818,0.4909772806417242,9,32,9,315394,290216,21945,86011,2.6882804105376263,0.2286146395660067
819,0.4910171494328239,9,39,9,315433,290177,21954,86002,2.6879191522472117,0.2286198857458816
820,0.4910725840102993,4,42,4,315475,290135,21958,85998,2.6875301048575344,0.2286372107738486
821,0.4910752526587149,1,0,1,315475,290135,21959,85997,2.6875301048575344,0.22863515999702233
822,0.4910788259830845,8,56,8,315531,290079,21967,85989,2.6870113750046314,0.228652796834615
823,0.4911250573506255,5,21,5,315552,290058,21972,85984,2.6868168513097928,0.2286553097792268
824,0.4911263578071682,5,43,5,315595,290015,21977,85979,2.6864185408870283,0.22867120220003512
825,0.4911798893591115,224,1802,224,317397,288213,22201,85755,2.669726555263255,0.22931106404826082
826,0.4912292244955908,218,1733,218,319130,286480,22419,85537,2.653673718922524,0.22992766459597277
827,0.4912742883115388,10,69,10,319199,286411,22429,85527,2.6530345696394826,0.22994961525845706
828,0.4913306650713884,0,4,0,319203,286407,22429,85527,2.6529975175071328,0.22995208827372599
829,0.4913494117371864,7,40,7,319243,286367,22436,85520,2.6526269961836304,0.22996232726607813
830,0.4913661985177232,86,639,86,319882,285728,22522,85434,2.646707918040683,0.23017981366626972
831,0.4914374284404852,3,46,3,319928,285682,22525,85431,2.6462818185186556,0.23020212172572774
832,0.4915064999136199,12,149,12,320077,285533,22537,85419,2.6449016265886103,0.23026968448748086
833,0.4915352283383507,25,179,25,320256,285354,22562,85394,2.643243543665938,0.23032895659585487
834,0.4915645299640798,63,570,63,320826,284784,22625,85331,2.637963614806032,0.23055266606325062
835,0.4916461976991913,79,554,79,321380,284230,22704,85252,2.632831894475527,0.2307338381842688
836,0.4916516819740078,3,47,3,321427,284183,22707,85249,2.632396531920412,0.23075694579787348
837,0.4916600540768227,3,18,3,321445,284165,22710,85246,2.632229797324836,0.23076194266007238
838,0.491661381931941,66,587,66,322032,283578,22776,85180,2.6267923969024416,0.23099159882633055
839,0.4917304559333433,44,316,44,322348,283262,22820,85136,2.6238652784467744,0.23109788869646414
840,0.4917419680081652,3,4,3,322352,283258,22823,85133,2.6238282263144246,0.2310941363931258
841,0.4917651566403416,3,14,3,322366,283244,22826,85130,2.623698543851199,0.23109665720164832
842,0.4917869036580536,1,1,1,322367,283243,22827,85129,2.623689280818111,0.23109519724626193
843,0.4918210774173123,6,40,6,322407,283203,22833,85123,2.623318759494609,0.23110776866145752
844,0.4918656704501218,7,31,7,322438,283172,22840,85116,2.6230316054688947,0.23111260752454602
845,0.4919389457907682,16,83,16,322521,283089,22856,85100,2.622262773722628,0.23113129398216678
846,0.4919539189958027,0,2,0,322523,283087,22856,85100,2.6222442476564525,0.23113254949251333
847,0.4919957665805515,4,32,4,322555,283055,22860,85096,2.6219478305976507,0.2311442859044251
848,0.4920192362042695,0,1,0,322556,283054,22860,85096,2.6219385675645634,0.23114491375797908
849,0.49202151588417,4,37,4,322593,283017,22864,85092,2.6215958353403237,0.23115979234411546
850,0.4920916787092045,75,612,75,323205,282405,22939,85017,2.6159268590907407,0.23138788640854385
851,0.4921880789772027,62,626,62,323831,281779,23001,84955,2.6101282003779316,0.23165291464658308
852,0.4922004989984694,0,1,0,323832,281778,23001,84955,2.6101189373448443,0.2316535463129852
853,0.4922269372339298,47,446,47,324278,281332,23048,84908,2.605987624587795,0.23183704674530362
854,0.4922391499667721,1,6,1,324284,281326,23049,84907,2.60593204638927,0.23183874746404612
855,0.4922406980351718,142,1076,142,325360,280250,23191,84765,2.595965022787061,0.2322233332876731
856,0.4922920316696375,66,512,66,325872,279738,23257,84699,2.5912223498462335,0.23241054009334947
857,0.4922926626998561,1,0,1,325872,279738,23258,84698,2.5912223498462335,0.23240843385395515
858,0.4923052252978261,16,151,16,326023,279587,23274,84682,2.589823631850013,0.23247105847601635
859,0.4923058582295381,0,2,0,326025,279585,23274,84682,2.589805105783838,0.2324723348532807
860,0.4924053105831601,3,32,3,326057,279553,23277,84679,2.589508688725036,0.23248643721584045
861,0.4924447712416944,5,52,5,326109,279501,23282,84674,2.5890270110044833,0.2325090959016956
862,0.4924603441380032,42,247,42,326356,279254,23324,84632,2.586739041831857,0.232578334973041
863,0.4925053310072242,5,31,5,326387,279223,23329,84627,2.586451887806143,0.23258760478219045
864,0.4925125991235717,172,1255,172,327642,277968,23501,84455,2.5748267812812626,0.23302880887802374
865,0.4925232352322181,134,947,134,328589,277021,23635,84321,2.566054688947349,0.23335510402887016
866,0.4926698227532135,67,406,67,328995,276615,23702,84254,2.562293897513802,0.2334753054432495
867,0.4926820331726383,1,3,1,328998,276612,23703,84253,2.5622661084145393,0.23347512227564324
868,0.4926876830283817,1,1,1,328999,276611,23704,84252,2.5622568453814516,0.2334736451229414
869,0.4927005826296564,9,44,9,329043,276567,23713,84243,2.5618492719255994,0.23348299659100358
870,0.4927077991749493,23,114,23,329157,276453,23736,84220,2.560793286153618,0.23350791437118942
871,0.4927317125658816,38,276,38,329433,276177,23774,84182,2.558236689021453,0.23360593186239278
872,0.4927603401489229,151,1129,151,330562,275048,23925,84031,2.5477787246656045,0.23401814085479797
873,0.4927876704796715,4,26,4,330588,275022,23929,84027,2.547537885805328,0.2340265534787731
874,0.4928193335773196,155,731,155,331319,274291,24084,83872,2.540766608618326,0.23417270907380158
875,0.4928647290635254,171,932,171,332251,273359,24255,83701,2.5321334617807256,0.23441718478687054
876,0.4928938509983788,6,30,6,332281,273329,24261,83695,2.5318555707880988,0.23442401631262885
877,0.4929933097369464,0,3,0,332284,273326,24261,83695,2.531827781688836,0.23442598614647317
878,0.4930001082367528,16,57,16,332341,273269,24277,83679,2.5312997888028455,0.2344291045194258
879,0.493098422833904,0,4,0,332345,273265,24277,83679,2.531262736670495,0.23443173158814828
880,0.4931036391423992,4,50,4,332395,273215,24281,83675,2.530799585016118,0.2344559948443498
881,0.4931056959948129,216,1740,216,334135,271475,24497,83459,2.5146819074437734,0.2351394907222188
882,0.4931312190134281,5,45,5,334180,271430,24502,83454,2.5142650709548335,0.23515853067481204
883,0.4931671783803575,5,34,5,334214,271396,24507,83449,2.513950127829857,0.23517028561766404
884,0.4931796388361694,63,274,63,334488,271122,24570,83386,2.511412056763867,0.23521613052455798
885,0.4931973224349448,59,282,59,334770,270840,24629,83327,2.5087998814331764,0.2352760138578693
886,0.49322299953916,134,936,134,335706,269904,24763,83193,2.5001296824632258,0.23560947841527966
887,0.4932531676756534,126,721,126,336427,269183,24889,83067,2.4934510356070994,0.2358183108587651
888,0.4932648791459911,3,13,3,336440,269170,24892,83064,2.493330616176961,0.23582050568656063
889,0.4932652897519095,5,23,5,336463,269147,24897,83059,2.4931175664159473,0.23582505692691208
890,0.493300245253652,127,948,127,337411,268199,25024,82932,2.4843362110489458,0.23618535532322693
891,0.4933013825878365,10,97,10,337508,268102,25034,82922,2.483437696839453,0.23622886184420439
892,0.4933483588512336,28,101,28,337609,268001,25062,82894,2.4825021304976103,0.23623591102751534
893,0.4933665753079829,5,34,5,337643,267967,25067,82889,2.482187187372633,0.2362479193743302
894,0.4934078215283094,157,731,157,338374,267236,25224,82732,2.4754159101856312,0.23639875645773328
895,0.4934319136657324,2,14,2,338388,267222,25226,82730,2.4752862277224055,0.236403849670812
896,0.4934330243029617,2,33,2,338421,267189,25228,82728,2.474980547630516,0.23642178002211953
897,0.4934388782487366,9,41,9,338462,267148,25237,82719,2.4746007632739264,0.23642984334046938
898,0.4934428997611667,149,1120,149,339582,266028,25386,82570,2.4642261662158655,0.2368630915840022
899,0.4934573359716269,6,35,6,339617,265993,25392,82564,2.463901960057801,0.23687373944577214
900,0.4934839886242274,141,1054,141,340671,264939,25533,82423,2.454138723183519,0.23728271946845078
901,0.4935416448229316,2,5,2,340676,264934,25535,82421,2.4540924080180813,0.2372817434613004
902,0.4935700667539532,6,37,6,340713,264897,25541,82415,2.453749675793842,0.23729384530335837
903,0.4935784773082094,0,5,0,340718,264892,25541,82415,2.453703360628404,0.23729726150063202
904,0.4935961125984049,0,2,0,340720,264890,25541,82415,2.453684834562229,0.23729862800708312
905,0.4936142382857659,31,198,31,340918,264692,25572,82384,2.451850754010893,0.23736587951918312
906,0.4936215841250589,155,1241,155,342159,263451,25727,82229,2.4403553299492384,0.2378760703540847
907,0.4936377137004341,1,4,1,342163,263447,25728,82228,2.440318277816888,0.2378766182107471
908,0.4936415098706949,0,1,0,342164,263446,25728,82228,2.440309014783801,0.23787730636379942
909,0.4936427994684383,124,676,124,342840,262770,25852,82104,2.4340472044166144,0.23806955583778425
910,0.4936610713542264,82,581,82,343421,262189,25934,82022,2.428665382192745,0.23828988614541663
911,0.4936662820783453,5,49,5,343470,262140,25939,82017,2.428211493571455,0.23831274679869943
912,0.4936707940324509,2,37,2,343507,262103,25941,82015,2.4278687613472156,0.2383339435891177
913,0.4936928861510626,168,1209,168,344716,260894,26109,81847,2.4166697543443627,0.23880131061063603
914,0.4937225088849398,1,3,1,344719,260891,26110,81846,2.4166419652450997,0.23880117991346134
915,0.4937373292225374,14,96,14,344815,260795,26124,81832,2.4157527140686947,0.2388369859935148
916,0.4937508341407502,106,719,106,345534,260076,26230,81726,2.4090925932787433,0.23910334053048257
917,0.4937740755490268,2,38,2,345572,260038,26232,81724,2.4087405980214163,0.23912547328257677
918,0.4937910311605969,1,9,1,345581,260029,26233,81723,2.408657230723628,0.2391295442309043
919,0.4938171584981363,6,32,6,345613,259997,26239,81717,2.4083608136648262,0.23913857787506512
920,0.4938479385687994,119,934,119,346547,259063,26358,81598,2.399709140761051,0.23952844616789123
921,0.4938641195071496,52,309,52,346856,258754,26410,81546,2.3968468635369966,0.23962973846605937
922,0.4938911708396611,1,6,1,346862,258748,26411,81545,2.3967912853384714,0.23963172912754596
923,0.493896743733081,12,64,12,346926,258684,26423,81533,2.396198451220868,0.23964998809583296
924,0.4938983256994341,1066,7357,1066,354283,251327,27489,80467,2.3280503167957316,0.2425209618015998
925,0.4938985401195448,831,5183,831,359466,246144,28320,79636,2.280040016302938,0.24444717293879306
926,0.4939240695550998,7,32,7,359498,246112,28327,79629,2.2797435992441364,0.24445495040538343
927,0.4939280974716404,0,3,0,359501,246109,28327,79629,2.279715810144874,0.24445720180021982
928,0.4940497621169224,0,15,0,359516,246094,28327,79629,2.2795768646485604,0.24446845939648107
929,0.4940746926745875,11,40,11,359556,246054,28338,79618,2.2792063433250584,0.24447296666584784
930,0.4941629902515575,1,9,1,359565,246045,28339,79617,2.27912297602727,0.24447740295152642
931,0.4941667688156609,9,42,9,359607,246003,28348,79608,2.278733928637593,0.24448805476473462
932,0.494202991953285,126,1081,126,360688,244922,28474,79482,2.268720589869947,0.2450093093796624
933,0.4942084211006796,1,11,1,360699,244911,28475,79481,2.268618696505984,0.2450152901427902
934,0.4942412745150082,9,39,9,360738,244872,28484,79472,2.2682574382155694,0.24502380188935205
935,0.4942456804623615,9,29,9,360767,244843,28493,79463,2.26798881025603,0.24502476056563863
936,0.4942495597026414,14,43,14,360810,244800,28507,79449,2.267590499833265,0.24502465697658282
937,0.4942501921932939,1,12,1,360822,244788,28508,79448,2.267479343436215,0.24503139688375133
938,0.4942574386644286,2,11,2,360833,244777,28510,79446,2.2673774500722517,0.24503505303448553
939,0.4942829329344169,147,1215,147,362048,243562,28657,79299,2.256122864870873,0.24561343736158905
940,0.4943097226613934,150,1226,150,363274,242336,28807,79149,2.244766386305532,0.24619811188702428
941,0.4943116727874256,56,474,56,363748,241862,28863,79093,2.240375708622031,0.24643018491688867
942,0.4943117103441778,14,89,14,363837,241773,28877,79079,2.239551298677239,0.24646566017977137
943,0.4943505861326777,826,5358,826,369195,236415,29703,78253,2.1899199673941236,0.2486843276087813
944,0.4943789268036296,827,5296,827,374491,231119,30530,77426,2.1408629441624365,0.25093908506052603
945,0.4943836633244866,8,32,8,374523,231087,30538,77418,2.1405665271036347,0.2509456896970876
946,0.4943922191409511,0,1,0,374524,231086,30538,77418,2.1405572640705475,0.2509465031247569
947,0.4944135693411984,2,35,2,374559,231051,30540,77416,2.140233057912483,0.2509701199804193
948,0.4944277730316948,1,0,1,374559,231051,30541,77415,2.140233057912483,0.250967691739122
949,0.4944534504151976,2,37,2,374596,231014,30543,77413,2.1398903256882433,0.2509929416036858
950,0.4944591768533357,9,29,9,374625,230985,30552,77404,2.139621697728704,0.25099468528384605
951,0.4944630354055827,10,63,10,374688,230922,30562,77394,2.1390381266441882,0.25102167905655237
952,0.4944741889027366,19,112,19,374800,230810,30581,77375,2.138000666938382,0.251066729399549
953,0.4944786373417331,23,135,23,374935,230675,30604,77352,2.1367501574715626,0.2511208433026975
954,0.4944942176833415,58,442,58,375377,230233,30662,77294,2.1326558968468636,0.2513405327011937
955,0.4945042954978943,2,17,2,375394,230216,30664,77292,2.1324984252843753,0.2513495583854729
956,0.4945128352988129,5,46,5,375440,230170,30669,77287,2.1320723257623477,0.2513749890228552
957,0.4945142182749488,5,8,5,375448,230162,30674,77282,2.131998221497647,0.2513693550695411
958,0.4945201939816126,9,53,9,375501,230109,30683,77273,2.1315072807440067,0.2513907775992088
959,0.4946204186777202,1,11,1,375512,230098,30684,77272,2.1314053873800436,0.25139733871230113
960,0.4946708565373047,53,302,53,375814,229796,30737,77219,2.128607951387602,0.25151539827044284
961,0.4946898037554342,824,5233,824,381047,224563,31561,76395,2.0801344992404314,0.25383940616298617
962,0.4947709703958893,164,923,164,381970,223640,31725,76231,2.0715847197006187,0.2542126447705847
963,0.4947743099114088,1,0,1,381970,223640,31726,76230,2.0715847197006187,0.2542101577350185
964,0.4948160634471399,18,129,18,382099,223511,31744,76212,2.0703897884323244,0.2542747803805514
965,0.4948368548248549,1,1,1,382100,223510,31745,76211,2.0703805253992367,0.25427314068750606
966,0.4948917471828168,3,20,3,382120,223490,31748,76208,2.0701952647374857,0.2542826445288257
967,0.4948989195168032,50,358,50,382478,223132,31798,76158,2.0668790988921413,0.25446222727120854
968,0.494902742125925,14,66,14,382544,223066,31812,76144,2.0662677387083628,0.254483473145951
969,0.4949360067498253,2,21,2,382565,223045,31814,76142,2.066073215013524,0.2544963517799904
970,0.4949546308365041,165,1235,165,383800,221810,31979,75977,2.0546333691503946,0.25513874010618326
971,0.495014811604552,10,39,10,383839,221771,31989,75967,2.05427211085998,0.2551471427899697
972,0.4950385847019611,15,33,15,383872,221738,32004,75952,2.0539664307680905,0.255137895125802
973,0.4950424527989697,7,36,7,383908,221702,32011,75945,2.053632961576939,0.25515123619589647
974,0.4951010381885716,15,73,15,383981,221629,32026,75930,2.0529567601615475,0.2551762843671339
975,0.4951045853176963,60,369,60,384350,221260,32086,75870,2.04953870095224,0.2553427792548716
976,0.4951316537934035,14,80,14,384430,221180,32100,75856,2.0487976583052356,0.2553764526858697
977,0.4951405726055075,24,92,24,384522,221088,32124,75832,2.0479454592611805,0.2553953926983699
978,0.495159633060915,16,99,16,384621,220989,32140,75816,2.0470284189855126,0.25544044069338456
979,0.4951784348217303,20,113,20,384734,220876,32160,75796,2.045981696246619,0.2554875417970014
980,0.4951816758306132,5,54,5,384788,220822,32165,75791,2.045481492459891,0.25552150445192895
981,0.4951992882198704,13,95,13,384883,220727,32178,75778,2.0446015043165735,0.25557073236539013
982,0.4952883066745032,92,350,92,385233,220377,32270,75686,2.0413594427359296,0.2556415357542145
983,0.4953071436436351,2,23,2,385256,220354,32272,75684,2.0411463929749156,0.2556563684391869
984,0.4953076161790563,35,356,35,385612,219998,32307,75649,2.0378487531957465,0.2558760954787297
985,0.4953768228996433,57,375,57,385987,219623,32364,75592,2.0343751157879137,0.25605744965533594
986,0.4953793629383406,2,5,2,385992,219618,32366,75590,2.034328800622476,0.25605674642963605
987,0.4953953499366268,53,438,53,386430,219180,32419,75537,2.030271592130127,0.2563035047180855
988,0.4954173319266231,30,245,30,386675,218935,32449,75507,2.0280021490236764,0.25644099686865324
989,0.495436720751399,3,34,3,386709,218901,32452,75504,2.0276872058986997,0.2564630356142049
990,0.4954464416461331,2,9,2,386718,218892,32454,75502,2.0276038386009114,0.25646582471110146
991,0.4954562986549937,0,20,0,386738,218872,32454,75502,2.0274185779391605,0.25648324919999727
992,0.4954630045244371,118,400,118,387138,218472,32572,75384,2.0237133647041388,0.25653381247958185
993,0.4955531398402563,34,369,34,387507,218103,32606,75350,2.020295305494831,0.25677024940961585
994,0.4955813297282702,0,5,0,387512,218098,32606,75350,2.0202489903293936,0.2567746244649819
995,0.4956119145931111,1,9,1,387521,218089,32607,75349,2.0201656230316054,0.2567799671480858
996,0.4956210884339208,58,579,58,388100,217510,32665,75291,2.0148023268739115,0.25714051523048076
997,0.4956551684113918,16,35,16,388135,217475,32681,75275,2.014478120715847,0.257130657557643
998,0.4957021059112824,1,19,1,388154,217456,32682,75274,2.014302123087184,0.2571448092098521
999,0.4957137011972239,0,1,0,388155,217455,32682,75274,2.014292860054096,0.25714568764966916
1000,0.4957469002989947,19,89,19,388244,217366,32701,75255,2.0134684501093036,0.2571756640842592
1001,0.4957472193464491,3,7,3,388251,217359,32704,75252,2.0134036088776908,0.25717420055978757
1002,0.4957477864274064,1,7,1,388258,217352,32705,75251,2.013338767646078,0.257177814308124
1003,0.4957663519378761,9,60,9,388318,217292,32714,75242,2.0127829856608246,0.2572077091893592
1004,0.4957680909201852,0,3,0,388321,217289,32714,75242,2.012755196561562,0.25721034693758954
1005,0.4957951909964191,15,109,15,388430,217180,32729,75227,2.0117455259550185,0.25726812285615597
1006,0.4958111732191613,33,93,33,388523,217087,32762,75194,2.010884063877876,0.25726612403816873
1007,0.4958372912377625,0,1,0,388524,217086,32762,75194,2.0108748008447885,0.2572670042425072
1008,0.495849495547324,3,10,3,388534,217076,32765,75191,2.010782170513913,0.25726818286019293
1009,0.4958715781767,20,39,20,388573,217037,32785,75171,2.0104209122234984,0.257251683732136
1010,0.4958788325573969,15,174,15,388747,216863,32800,75156,2.008809144466264,0.2573668151729853
1011,0.4958796592356063,5,20,5,388767,216843,32805,75151,2.0086238838045127,0.25737172681630444
1012,0.4959138393470622,2,10,2,388777,216833,32807,75149,2.0085312534736373,0.2573754546513141
1013,0.4959331706706216,11,71,11,388848,216762,32818,75138,2.0078735781244212,0.25741007194244603
1014,0.4959525748223448,14,159,14,389007,216603,32832,75124,2.0064007558635,0.25751473123845237
1015,0.496121338746225,12,62,12,389069,216541,32844,75112,2.0058264478120718,0.2575389246810422
1016,0.4962083666487157,17,150,17,389219,216391,32861,75095,2.0044369928489383,0.25762815366775765
1017,0.4962119836093531,4,57,4,389276,216334,32865,75091,2.003908999962948,0.25766835377884534
1018,0.4962407705379834,18,193,18,389469,216141,32883,75073,2.00212123457705,0.2577932379624606
1019,0.4962563848535131,6,39,6,389508,216102,32889,75067,2.0017599762866354,0.25781247316850353
1020,0.4962881924274002,30,188,30,389696,215914,32919,75037,2.000018526066175,0.2579025334162797
1021,0.4963822681639823,29,95,29,389791,215819,32948,75008,1.9991385379228575,0.25791277976253923
1022,0.4964140428751982,128,590,128,390381,215229,33076,74880,1.9936733484012006,0.25810988283714054
1023,0.4964375159489854,0,21,0,390402,215208,33076,74880,1.993478824706362,0.2581285678828493
1024,0.4964514797517225,18,169,18,390571,215039,33094,74862,1.9919133721145652,0.2582329829838462
1025,0.4964945219684854,12,47,12,390618,214992,33106,74850,1.9914780095594502,0.2582441468110212
1026,0.4965033793147798,11,154,11,390772,214838,33117,74839,1.990051502463967,0.2583532693310135
1027,0.496517540361268,234,1409,234,392181,213429,33351,74605,1.976999888843603,0.2590145607810189
1028,0.4965351980721867,25,133,25,392314,213296,33376,74580,1.9757679054429582,0.2590698773082855
1029,0.4966467838799436,42,283,42,392597,213013,33418,74538,1.9731464670791805,0.25921662592027156
1030,0.4966859405292075,104,682,104,393279,212331,33522,74434,1.9668290785134686,0.25956445172876746
1031,0.4966913788896712,0,3,0,393282,212328,33522,74434,1.9668012894142057,0.25956716719788536
1032,0.4966913915853206,3,10,3,393292,212318,33525,74431,1.9667086590833303,0.2595684727758423
1033,0.4967419901563285,13,146,13,393438,212172,33538,74418,1.9653562562525473,0.25966712027635297
1034,0.4967682216419193,27,94,27,393532,212078,33565,74391,1.9644855311423173,0.25968254854801043
1035,0.4967945373822589,9,39,9,393571,212039,33574,74382,1.9641242728519026,0.25969464529486314
1036,0.4968112017574479,107,609,107,394180,211430,33681,74275,1.958483085701582,0.25997094905584434
1037,0.4968224803833635,3,16,3,394196,211414,33684,74272,1.9583348771721814,0.25997773779604183
1038,0.4968543623259313,27,177,27,394373,211237,33711,74245,1.9566953203156843,0.2600689360450046
1039,0.4968545116182085,3,11,3,394384,211226,33714,74242,1.9565934269517211,0.2600711813583309
1040,0.4968965463111348,3,14,3,394398,211212,33717,74239,1.9564637444884954,0.26007616018160734
1041,0.4969220244359132,142,729,142,395127,210483,33859,74097,1.9497109933676684,0.2603731815306768
1042,0.4969236537179332,13,64,13,395191,210419,33872,74084,1.9491181592500648,0.26039795713929204
1043,0.4969239699817747,0,1,0,395192,210418,33872,74084,1.9491088962169774,0.2603988724156596
1044,0.4969607671086519,19,74,19,395266,210344,33891,74065,1.9484234317684983,0.2604172160515314
1045,0.496996413790897,4,14,4,395280,210330,33895,74061,1.9482937493052725,0.26041963353270675
1046,0.4970409954534587,2,8,2,395288,210322,33897,74059,1.948219645040572,0.2604217581343339
1047,0.4970931361797673,51,337,51,395625,209985,33948,74008,1.9450980028900664,0.2605979724852373
1048,0.4970983221577618,110,609,110,396234,209376,34058,73898,1.9394568157397458,0.26087110006566083
1049,0.4972040700597301,1,6,1,396240,209370,34059,73897,1.9394012375412204,0.26087401638736596
1050,0.4973276708056126,0,4,0,396244,209366,34059,73897,1.9393641854088703,0.2608777002291157
1051,0.4973631691060015,16,120,16,396364,209246,34075,73881,1.9382526214383637,0.26094650104016925
1052,0.4974119622102798,0,2,0,396366,209244,34075,73881,1.9382340953721886,0.26094834437086095
1053,0.4974376247669131,95,598,95,396964,208646,34170,73786,1.9326948015858312,0.26125226603217766
1054,0.4976175875377448,0,2,0,396966,208644,34170,73786,1.9326762755196563,0.2612541160641575
1055,0.4977133345971634,0,3,0,396969,208641,34170,73786,1.9326484864203934,0.26125689116125583
1056,0.4977623116546412,0,1,0,396970,208640,34170,73786,1.932639223387306,0.26125781620672317
1057,0.4978104138898634,0,1,0,396971,208639,34170,73786,1.9326299603542183,0.26125874125874127
1058,0.4978946995810651,1,7,1,396978,208632,34171,73785,1.9325651191226054,0.26126260104738736
1059,0.4979184857519602,0,1,0,396979,208631,34171,73785,1.932555856089518,0.26126352614582743
1060,0.4979287775979987,1,8,1,396987,208623,34172,73784,1.9324817518248176,0.26126831133789175
1061,0.4979346526136458,0,1,0,396988,208622,34172,73784,1.93247248879173,0.2612692364893097
1062,0.4980361577208073,19,170,19,397158,208452,34191,73765,1.9308977731668457,0.2613768837454866
1063,0.4980573144719355,0,3,0,397161,208449,34191,73765,1.9308699840675831,0.26137966224212833
1064,0.4980984965085423,8,25,8,397186,208424,34199,73757,1.9306384082403942,0.2613818790067368
1065,0.4981818092211464,6,68,6,397254,208356,34205,73751,1.9300085219904406,0.26142917403680166
1066,0.4982509907251714,9,48,9,397302,208308,34214,73742,1.929563896402238,0.2614500975004432
1067,0.498278201858856,9,48,9,397350,208260,34223,73733,1.9291192708140354,0.26147102942271616
1068,0.4982965008852895,14,92,14,397442,208168,34237,73719,1.9282670717699804,0.26151968696676325
1069,0.4983870349953495,2,10,2,397452,208158,34239,73717,1.9281744414391049,0.26152372505543237
1070,0.498397799944838,0,6,0,397458,208152,34239,73717,1.9281188632405795,0.2615292919760598
1071,0.4984004347153675,0,8,0,397466,208144,34239,73717,1.9280447589758791,0.261536714905574
1072,0.4984140634264486,10,68,10,397534,208076,34249,73707,1.9274148727259255,0.2615736222554235
1073,0.4984445865762016,114,729,114,398263,207347,34363,73593,1.9206621216050983,0.2619527301203104
1074,0.4984849081725164,131,680,131,398943,206667,34494,73462,1.9143632591055615,0.26224346640297863
1075,0.4985097917504725,0,1,0,398944,206666,34494,73462,1.914353996072474,0.26224440255883025
1076,0.4985293680016214,1,9,1,398953,206657,34495,73461,1.914270628774686,0.2622501945608636
1077,0.4985717254419107,2,12,2,398965,206645,34497,73459,1.9141594723776354,0.26225616199697255
1078,0.4985871170756682,12,74,12,399039,206571,34509,73447,1.9134740079291563,0.2622938525380511
1079,0.4986034599208507,0,1,0,399040,206570,34509,73447,1.9134647448960687,0.2622947892449387
1080,0.4986039735124271,6,48,6,399088,206522,34515,73441,1.9130201193078662,0.26232394995052916
1081,0.4987411812911766,1,6,1,399094,206516,34516,73440,1.9129645411093408,0.2623269370901142
1082,0.4987439678212544,2,17,2,399111,206499,34518,73438,1.9128070695468524,0.26233759738798373
1083,0.4987616447948658,8,27,8,399138,206472,34526,73430,1.9125569676534884,0.2623418196368729
1084,0.4987706290896746,14,133,14,399271,206339,34540,73416,1.9113249842528437,0.2624296259226824
1085,0.49878721866297,0,6,0,399277,206333,34540,73416,1.9112694060543185,0.2624352544602483
1086,0.4988738296401701,3,13,3,399290,206320,34543,73413,1.9111489866241802,0.26243954056189295
1087,0.498891560163233,15,70,15,399360,206250,34558,73398,1.9105005743080514,0.2624656711294198
1088,0.498991619539426,11,64,11,399424,206186,34569,73387,1.909907740190448,0.2624967360939719
1089,0.4990431611580604,1,4,1,399428,206182,34570,73386,1.9098706880580978,0.26249785383162594
1090,0.4990507165092431,0,2,0,399430,206180,34570,73386,1.9098521619919226,0.26249973172703406
1091,0.4990511376517418,10,76,10,399506,206104,34580,73376,1.9091481714772685,0.2625447259195649
1092,0.4990534882601646,57,258,57,399764,205846,34637,73319,1.9067583089406794,0.26263679186144395
1093,0.4992512488548069,17,37,17,399801,205809,34654,73302,1.9064155767164401,0.2626266969055322
1094,0.4992762769167991,2,9,2,399810,205800,34656,73300,1.9063322094186521,0.26262988176280905
1095,0.499279130976639,51,293,51,400103,205507,34707,73249,1.9036181407239987,0.2627710255564006
1096,0.4992846942153428,97,620,97,400723,204887,34804,73152,1.897875060209715,0.2630997809659796
1097,0.4993107162661244,100,608,100,401331,204279,34904,73052,1.892243136092482,0.26341087004337777
1098,0.4993144380593994,2,10,2,401341,204269,34906,73050,1.8921505057616066,0.26341505630699663
1099,0.4993302722985199,9,45,9,401386,204224,34915,73041,1.8917336692726667,0.2634338989775125
1100,0.4993305318120981,0,4,0,401390,204220,34915,73041,1.8916966171403164,0.2634376994961426
1101,0.499331348873648,50,242,50,401632,203978,34965,72991,1.8894549631331283,0.2635349082388282
1102,0.4993939798340673,0,1,0,401633,203977,34965,72991,1.8894457001000406,0.2635358597383091
1103,0.499428769138756,0,2,0,401635,203975,34965,72991,1.8894271740338657,0.26353776275788365
1104,0.4994425244059065,25,157,25,401792,203818,34990,72966,1.8879728778391196,0.26362072952193766
1105,0.4994544629165415,1,12,1,401804,203806,34991,72965,1.887861721442069,0.2636294987552887
1106,0.4995145964571792,1,13,1,401817,203793,34992,72964,1.8877413020119307,0.26363922141084056
1107,0.4995342072505428,0,6,0,401823,203787,34992,72964,1.8876857238134055,0.2636449371456652
1108,0.4995370392379247,8,34,8,401857,203753,35000,72956,1.8873707806884286,0.2636560429910122
1109,0.4995873714293807,13,39,13,401896,203714,35013,72943,1.8870095223980141,0.26365860975865424
1110,0.4996161024473132,2,24,2,401920,203690,35015,72941,1.8867872096039127,0.26367616066167565
1111,0.4996221857538107,0,2,0,401922,203688,35015,72941,1.8867686835377375,0.26367806701394286
1112,0.4996852752487508,35,111,35,402033,203577,35050,72906,1.8857404868650192,0.2636907151615108
1113,0.4997193089667597,222,1252,222,403285,202325,35272,72684,1.8741431694394013,0.26429680483184187
1114,0.4997280821503935,30,181,30,403466,202144,35302,72654,1.872466560450554,0.2643905705281698
1115,0.4997730991475961,0,5,0,403471,202139,35302,72654,1.8724202452851162,0.2643953812506141
1116,0.4997972994716201,176,860,176,404331,201279,35478,72478,1.8644540368298195,0.2647530474106598
1117,0.4998461913955465,13,79,13,404410,201200,35491,72465,1.8637222572159027,0.26479454807885555
1118,0.4998483528795036,5,63,5,404473,201137,35496,72460,1.8631386861313868,0.26484208525678277
1119,0.4998556778450561,0,4,0,404477,201133,35496,72460,1.8631016339990367,0.2648459573161594
1120,0.499858599237475,110,698,110,405175,200435,35606,72350,1.8566360369039239,0.26522719357735947
1121,0.4998665261019933,29,170,29,405345,200265,35635,72321,1.8550613212790397,0.2653144328762299
1122,0.4999216550844415,17,82,17,405427,200183,35652,72304,1.8543017525658603,0.26534843864110946
1123,0.4999263747848113,39,275,39,405702,199908,35691,72265,1.8517544184667827,0.26551127407935393
1124,0.4999940433001873,7,41,7,405743,199867,35698,72258,1.851374634110193,0.26553238401469914
1125,0.5000387662036593,9,50,9,405793,199817,35707,72249,1.8509114824558153,0.2655568869318474
1126,0.5000692748018637,1,6,1,405799,199811,35708,72248,1.85085590425729,0.26556004396105254
1127,0.5000722174164617,157,887,157,406686,198924,35865,72091,1.8426395939086295,0.26600372673099276
1128,0.5000777436252914,52,254,52,406940,198670,35917,72039,1.8402867835043908,0.26611231987115314
1129,0.500141490698861,1,0,1,406940,198670,35918,72038,1.8402867835043908,0.26610960887746204
1130,0.5001469607956412,11,42,11,406982,198628,35929,72027,1.8398977361147133,0.26612107664739243
1131,0.5001794930349704,5,47,5,407029,198581,35934,72022,1.8394623735595983,0.2661537381329845
1132,0.5001957477857772,0,2,0,407031,198579,35934,72022,1.8394438474934232,0.2661557052634691
1133,0.5001970460936083,29,169,29,407200,198410,35963,71993,1.8378783949016266,0.26624334789185033
1134,0.5002011075387844,4,42,4,407242,198368,35967,71989,1.8374893475119494,0.26627385272066195
1135,0.5002053669404881,178,874,178,408116,197494,36145,71811,1.829393456593427,0.26665305137297857
1136,0.5002647150373956,188,960,188,409076,196534,36333,71623,1.820500944829375,0.26709353102846467
1137,0.500303620344241,53,258,53,409334,196276,36386,71570,1.818111082292786,0.26720578242721565
1138,0.5003082121112075,1,1,1,409335,196275,36387,71569,1.8181018192596985,0.2672040441450994
1139,0.500308680608739,20,169,20,409504,196106,36407,71549,1.8165363666679017,0.26731800265266853
1140,0.5003868819174511,0,1,0,409505,196105,36407,71549,1.8165271036348143,0.2673190013973264
1141,0.5003971765856239,32,214,32,409719,195891,36439,71517,1.8145448145540777,0.2674452521988871
1142,0.5004008353654943,0,2,0,409721,195889,36439,71517,1.8145262884879025,0.26744725249246465
1143,0.5004056715186167,2,23,2,409744,195866,36441,71515,1.8143132387268888,0.2674647787239931
1144,0.5004062920886989,1,0,1,409744,195866,36442,71514,1.8143132387268888,0.26746203904555316
1145,0.5004170170537587,0,1,0,409745,195865,36442,71514,1.814303975693801,0.26746303935612
1146,0.5004459970907463,22,136,22,409881,195729,36464,71492,1.8130442031938938,0.26753885360806223
1147,0.5004702208834424,27,155,27,410036,195574,36491,71465,1.8116084330653228,0.2676200854556825
1148,0.5004763031775039,255,1343,255,411379,194231,36746,71210,1.7991681796287375,0.26827053846240784
1149,0.5005089822721942,8,62,8,411441,194169,36754,71202,1.7985938715773093,0.2683111568332636
1150,0.5005120065950243,260,1270,260,412711,192899,37014,70942,1.7868298195561154,0.26888163704655454
1151,0.5005730114747002,2,3,2,412714,192896,37016,70940,1.7868020304568528,0.2688791522006095
1152,0.5006486687670508,4,8,4,412722,192888,37020,70936,1.7867279261921523,0.26887622051064347
1153,0.5006516885051616,507,2193,507,414915,190695,37527,70429,1.766414094631146,0.26971477152617146
1154,0.5007146395881213,22,61,22,414976,190634,37549,70407,1.7658490496128052,0.2697162514700756
1155,0.5007586909066105,8,25,8,415001,190609,37557,70399,1.7656174737856163,0.2697197020780972
1156,0.5007686507332308,0,1,0,415002,190608,37557,70399,1.7656082107525288,0.2697207354592022
1157,0.5008130211962132,14,25,14,415027,190583,37571,70385,1.76537663492534,0.2697073970755035
1158,0.500837019135173,30,117,30,415144,190466,37601,70355,1.7642928600540961,0.2697443840795028
1159,0.5010452704721062,2,7,2,415151,190459,37603,70353,1.7642280188224833,0.26974602395595293
1160,0.5010511441746837,3,10,3,415161,190449,37606,70350,1.7641353884916078,0.26974796682502616
1161,0.5011138030066571,562,2947,562,418108,187502,38168,69788,1.7368372299825856,0.27124256675346886
1162,0.5011143971570908,0,1,0,418109,187501,38168,69788,1.736827966949498,0.2712436209865171
1163,0.5011399504691558,244,1338,244,419447,186163,38412,69544,1.7244340286783504,0.27196752533172736
1164,0.5011987724674691,3,14,3,419461,186149,38415,69541,1.7243043462151246,0.27197387461379013
1165,0.5012310115700273,21,126,21,419587,186023,38436,69520,1.7231372040460928,0.2720481484525109
1166,0.5012596691483965,0,3,0,419590,186020,38436,69520,1.7231094149468302,0.27205134225561556
1167,0.5012809821211808,4,17,4,419607,186003,38440,69516,1.7229519433843419,0.27205804656405197
1168,0.5012810899329119,2,9,2,419616,185994,38442,69514,1.7228685760865539,0.2720619315246489
1169,0.5012879249148108,262,1300,262,420916,184694,38704,69252,1.7108266330727333,0.2727036456569507
1170,0.5013110492729738,91,682,91,421598,184012,38795,69161,1.7045092445070213,0.2731768395524009
1171,0.5013393571978089,1,2,1,421600,184010,38796,69160,1.7044907184408462,0.2731761267132757
1172,0.5013833572126686,14,25,14,421625,183985,38810,69146,1.7042591426136575,0.2731629077434214
1173,0.5013841208512486,5,4,5,421629,183981,38815,69141,1.7042220904813072,0.2731528669969422
1174,0.5014147980130951,0,1,0,421630,183980,38815,69141,1.7042128274482196,0.2731539461364328
1175,0.5014476336533239,3,6,3,421636,183974,38818,69138,1.7041572492496944,0.273151806314991
1176,0.5015156813097496,44,154,44,421790,183820,38862,69094,1.702730742154211,0.27319167780352216
1177,0.5015173636345298,261,1249,261,423039,182571,39123,68833,1.6911612138278558,0.2737943708135113
1178,0.5015427719000068,0,1,0,423040,182570,39123,68833,1.6911519507947683,0.27379545987915815
1179,0.5015485585029777,24,113,24,423153,182457,39147,68809,1.6901052280558746,0.27384922751187984
1180,0.501566295477253,22,112,22,423265,182345,39169,68787,1.6890677683500686,0.27390774572734655
1181,0.5016162275637809,453,2216,453,425481,180129,39622,68334,1.6685408870280485,0.275026865167047
1182,0.5016199377993388,0,5,0,425486,180124,39622,68334,1.6684945718626107,0.2750323998422269
1183,0.5016355133009041,451,2208,451,427694,177916,40073,67883,1.648041794805291,0.2761728078633355
1184,0.5016361047885165,0,1,0,427695,177915,40073,67883,1.6480325317722035,0.2761739314396374
1185,0.5016385566823711,34,131,34,427826,177784,40107,67849,1.6468190744377338,0.2762210289334088
1186,0.5016411814081482,0,1,0,427827,177783,40107,67849,1.6468098114046463,0.2762221534653465
1187,0.5016729407335733,1,10,1,427837,177773,40108,67848,1.6467171810737709,0.2762304526078796
1188,0.5017430775220373,9,81,9,427918,177692,40117,67839,1.645966875393679,0.27629505031951157
1189,0.5017433881876951,1,9,1,427927,177683,40118,67838,1.645883508095891,0.276302230766411
1190,0.5017812106141222,2,3,2,427930,177680,40120,67836,1.6458557189966283,0.2762997116277554
1191,0.5017924631314684,5,24,5,427954,177656,40125,67831,1.6456334062025268,0.27631198393397616
1192,0.5018135111674752,1,2,1,427956,177654,40126,67830,1.645614880136352,0.27631128708999364
1193,0.5018183085700039,5,24,5,427980,177630,40131,67825,1.6453925673422505,0.2763235623637734
1194,0.501821553167454,466,2429,466,430409,175201,40597,67359,1.6228926599725815,0.2777003627968338
1195,0.5018442476296723,4,11,4,430420,175190,40601,67355,1.6227907666086183,0.27770104516687627
1196,0.5018470815364174,0,2,0,430422,175188,40601,67355,1.6227722405424432,0.2777033350787283
1197,0.5018549683113765,2,7,2,430429,175181,40603,67353,1.6227073993108303,0.2777053938829195
1198,0.5018562212746671,24,97,24,430526,175084,40627,67329,1.6218088851013375,0.27774500542462655
1199,0.5018678849822142,22,71,22,430597,175013,40649,67307,1.6211512097521212,0.27776081214922416
1200,0.5018743911055552,1,11,1,430608,175002,40650,67306,1.621049316388158,0.2777704409264242
1201,0.5019207869813667,1,0,1,430608,175002,40651,67305,1.621049316388158,0.27776746028798177
1202,0.5019464803448861,0,2,0,430610,175000,40651,67305,1.621030790321983,0.27776975299725554
1203,0.5019752003934626,502,2664,502,433274,172336,41153,66803,1.5963540701767387,0.279347994262751
1204,0.5020239582707732,35,106,35,433380,172230,41188,66768,1.5953721886694578,0.27936635453016345
1205,0.5021041538636556,350,1876,350,435256,170354,41538,66418,1.5779947385972062,0.28051458787356615
1206,0.5021321348933672,16,70,16,435326,170284,41554,66402,1.5773463262810774,0.28054891290570627
1207,0.5021322077394806,0,6,0,435332,170278,41554,66402,1.5772907480825522,0.28055602501267535
1208,0.5021446649140091,1,7,1,435339,170271,41555,66401,1.5772259068509393,0.2805612831260141
1209,0.5022013523652251,0,3,0,435342,170268,41555,66401,1.5771981177516765,0.2805648395015824
1210,0.5022045725637548,0,3,0,435345,170265,41555,66401,1.577170328652414,0.2805683959673126
1211,0.5022206486627763,490,2194,490,437539,168071,42045,65911,1.5568472340583202,0.2816926088331581
1212,0.5022229930717339,443,2511,443,440050,165560,42488,65468,1.5335877579754715,0.28337690669529236
1213,0.5022260821622755,1,2,1,440052,165558,42489,65467,1.5335692319092964,0.283376257980738
1214,0.5023279135012422,21,74,21,440126,165484,42510,65446,1.5328837674608173,0.28340189667864724
1215,0.5023282017051528,0,1,0,440127,165483,42510,65446,1.5328745044277299,0.2834031239038839
1216,0.5023686280924957,16,72,16,440199,165411,42526,65430,1.532207566045426,0.28344184958477914
1217,0.5023711242884084,0,1,0,440200,165410,42526,65430,1.5321983030123383,0.28344307745624675
1218,0.5024312535492661,2,16,2,440216,165394,42528,65428,1.5320500944829374,0.2834565162766114
1219,0.5024343414667849,10,39,10,440255,165355,42538,65418,1.531688836192523,0.28347336993495775
1220,0.5024536982170249,2,0,2,440255,165355,42540,65416,1.531688836192523,0.28346716008510603
1221,0.5024563686108875,374,1849,374,442104,163506,42914,65042,1.514561488013635,0.28458792026182683
1222,0.5024613529311404,376,1898,376,444002,161608,43290,64666,1.4969802512134573,0.2857862591371523
1223,0.5024854964095812,13,122,13,444124,161486,43303,64653,1.4958501611767758,0.2858993804695342
1224,0.502490929862588,5,71,5,444195,161415,43308,64648,1.4951924858275594,0.28597337910228565
1225,0.5024945452502153,23,75,23,444270,161340,43331,64625,1.4944977583459929,0.28599561879052066
1226,0.5024979879326665,3,11,3,444281,161329,43334,64622,1.4943958649820297,0.28600006196033656
1227,0.5025101906890587,1,9,1,444290,161320,43335,64621,1.4943124976842417,0.2860082942006984
1228,0.5025172006258293,21,166,21,444456,161154,43356,64600,1.4927748341917078,0.2861521833500182
1229,0.5025197103852613,9,48,9,444504,161106,43365,64591,1.492330208603505,0.28618457489465965
1230,0.5025358796049598,29,129,29,444633,160977,43394,64562,1.4911352773352107,0.2862564789238225
1231,0.5025511236918507,9,21,9,444654,160956,43403,64553,1.490940753640372,0.2862546505904421
1232,0.5025656579764489,0,1,0,444655,160955,43403,64553,1.4909314906072844,0.2862559199673626
1233,0.5025743167637812,0,2,0,444657,160953,43403,64553,1.4909129645411094,0.2862584587549777
1234,0.5025794072969317,0,1,0,444658,160952,43403,64553,1.4909037015080218,0.2862597281656726
1235,0.5025927043504681,7,17,7,444675,160935,43410,64546,1.4907462299455334,0.28625915265587787
1236,0.5025990398003566,477,2552,477,447227,158383,43887,64069,1.467106969506095,0.2880126948735008
1237,0.5026050963272068,1,7,1,447234,158376,43888,64068,1.467042128274482,0.28801855747963534
1238,0.5026186053391855,38,161,38,447395,158215,43926,64030,1.465550779947386,0.2881054691894081
1239,0.5026672858805455,2,14,2,447409,158201,43928,64028,1.4654210974841602,0.28811721242502103
1240,0.5026862760274742,1,8,1,447417,158193,43929,64027,1.4653469932194598,0.28812438124381246
1241,0.5026960999156425,38,120,38,447537,158073,43967,63989,1.4642354292489532,0.28815826210697915
1242,0.502712281672407,0,5,0,447542,158068,43967,63989,1.4641891140835155,0.2881647504919908
1243,0.5027223663961992,483,2417,483,449959,155651,44450,63506,1.441800363110897,0.28977399763639766
1244,0.5027261926235598,15,73,15,450032,155578,44465,63491,1.4411241616955055,0.2898219282509164
1245,0.5027593413894083,9,50,9,450082,155528,44474,63482,1.440661010041128,0.2898589105520296
1246,0.5027865272386072,27,103,27,450185,155425,44501,63455,1.4397069176331099,0.2899077119883041
1247,0.5027938639981228,0,2,0,450187,155423,44501,63455,1.4396883915669347,0.2899103610230357
1248,0.5028279009877258,20,151,20,450338,155272,44521,63435,1.438289673570714,0.29004558610378267
1249,0.5028479363623568,77,372,77,450710,154900,44598,63358,1.4348438252621438,0.2902894739253544
1250,0.5029016412404714,10,82,10,450792,154818,44608,63348,1.4340842565489644,0.29036605153873657
1251,0.5029531281648578,22,111,22,450903,154707,44630,63326,1.4330560598762458,0.2904422725000344
1252,0.5029723634387737,326,1859,326,452762,152848,44956,63000,1.4158360813664825,0.2918720581149698
1253,0.5030140910998155,13,74,13,452836,152774,44969,62987,1.4151506169180037,0.2919294960627732
1254,0.5030217609339771,9,24,9,452860,152750,44978,62978,1.4149283041239022,0.29193243343469555
1255,0.5030277120535709,67,454,67,453314,152296,45045,62911,1.4107228871021527,0.2923278517892076
1256,0.5030559317140414,1,2,1,453316,152294,45046,62910,1.4107043610359775,0.29232728016207876
1257,0.5030957244326647,84,524,84,453840,151770,45130,62826,1.4058505316980991,0.2927640776156126
1258,0.5031069795729897,5,31,5,453871,151739,45135,62821,1.405563377672385,0.2927898956002983
1259,0.5031823480214743,9,29,9,453900,151710,45144,62812,1.405294749712846,0.2927998060804952
1260,0.5032274470854883,9,104,9,454004,151606,45153,62803,1.4043313942717404,0.2929121445461711
1261,0.5032466024566244,0,3,0,454007,151603,45153,62803,1.4043036051724778,0.2929162430155873
1262,0.5032609193011199,14,26,14,454033,151577,45167,62789,1.4040627663122012,0.292905591371766
1263,0.5032958391572342,0,5,0,454038,151572,45167,62789,1.4040164511467634,0.2929124234352331
1264,0.5033051142621459,13,33,13,454071,151539,45180,62776,1.4037107710548742,0.29291463499988335
1265,0.5033103060525745,38,149,38,454220,151390,45218,62738,1.4023305791248286,0.2929929761637899
1266,0.5033126229155319,21,83,21,454303,151307,45239,62717,1.4015617473785615,0.2930372294695922
1267,0.5033274378718197,418,2492,418,456795,148815,45657,62299,1.3784782689243766,0.29509648815332
1268,0.5033301366116467,8,98,8,456893,148717,45665,62291,1.3775704916817963,0.29520681680315436
1269,0.5033652134071266,15,27,15,456920,148690,45680,62276,1.3773203897884323,0.2951944863153304
1270,0.5033727838981238,13,109,13,457029,148581,45693,62263,1.3763107191818889,0.29530363681205063
1271,0.503414483499123,8,49,8,457078,148532,45701,62255,1.3758568305605987,0.2953455383870922
1272,0.5034593222891174,29,168,29,457246,148364,45730,62226,1.3743006410018896,0.2954841160548934
1273,0.5034624627016847,1,12,1,457258,148352,45731,62225,1.374189484604839,0.29549760895064514
1274,0.5034943337865033,27,87,27,457345,148265,45758,62198,1.373383600726222,0.2955293804611737
1275,0.5035380382043633,7,62,7,457407,148203,45765,62191,1.3728092926747935,0.29559303021949296
1276,0.5035688523396505,40,175,40,457582,148028,45805,62151,1.3711882618844715,0.2957050894713554
1277,0.503570905756195,34,167,34,457749,147861,45839,62117,1.36964133535885,0.2958262294145101
1278,0.5035848639506599,79,198,79,457947,147663,45918,62038,1.3678072548075142,0.2958402678098817
1279,0.5036672137820952,75,210,75,458157,147453,45993,61963,1.3658620178591279,0.2958847461512014
1280,0.5036690597932604,13,95,13,458252,147358,46006,61950,1.3649820297158102,0.2959753091138418
1281,0.5036919245574328,6,91,6,458343,147267,46012,61944,1.3641390937048428,0.2960838579233406
1282,0.5036928016185104,1,1,1,458344,147266,46013,61943,1.364129830671755,0.2960819085220999
1283,0.5037115190459753,106,544,106,458888,146722,46119,61837,1.3590907406721258,0.29649643506154133
1284,0.5037203284111229,66,410,66,459298,146312,46185,61771,1.3552928971062284,0.2968575039767785
1285,0.5037421180567507,43,163,43,459461,146149,46228,61728,1.353783022712957,0.2969448279511442
1286,0.5038129487536215,10,114,10,459575,146035,46238,61718,1.3527270369409758,0.29707392913700403
1287,0.5038266780272956,7,80,7,459655,145955,46245,61711,1.3519859942939716,0.29716467789623724
1288,0.5038288847956928,5,51,5,459706,145904,46250,61706,1.3515135796065063,0.29722075044554697
1289,0.5038748118469343,2,2,2,459708,145902,46252,61704,1.3514950535403312,0.2972168434438311
1290,0.5038757296982634,58,201,58,459909,145701,46310,61646,1.3496331838897329,0.2973083767790226
1291,0.5039188169281168,1,0,1,459909,145701,46311,61645,1.3496331838897329,0.2973049877981731
1292,0.5039259749160493,58,462,58,460371,145239,46369,61587,1.345353662603283,0.2977720402657306
1293,0.5039348860207459,0,1,0,460372,145238,46369,61587,1.3453443995701952,0.297773479995165
1294,0.5039370521327953,50,218,50,460590,145020,46419,61537,1.3433250583571084,0.29791776604036657
1295,0.5039510943373482,0,1,0,460591,145019,46419,61537,1.343315795324021,0.2979192083502779
1296,0.5039846903198992,12,48,12,460639,144971,46431,61525,1.3428711697358182,0.29794766000309936
1297,0.5040001906726109,142,623,142,461262,144348,46573,61383,1.337100300122272,0.29836534114936497
1298,0.5040777858013421,10,41,10,461303,144307,46583,61373,1.3367205157656823,0.29839070400622325
1299,0.5041029147692753,0,1,0,461304,144306,46583,61373,1.3367112527325948,0.29839215476543546
1300,0.504127355544268,51,162,51,461466,144144,46634,61322,1.335210641372411,0.2984532720742118
1301,0.5041376109852075,25,114,25,461580,144030,46659,61297,1.3341546556004298,0.29853355866495884
1302,0.5041583155578853,6,47,6,461627,143983,46665,61291,1.3337192930453148,0.2985814082640763
1303,0.5042479666261224,66,193,66,461820,143790,46731,61225,1.3319315276594168,0.29863668512060093
1304,0.5043041932580137,35,99,35,461919,143691,46766,61190,1.3310144873837488,0.29866117404737386
1305,0.5043161528878782,1,2,1,461921,143689,46767,61189,1.330995961317574,0.2986606663477777
1306,0.5043555471124922,64,199,64,462120,143490,46831,61125,1.3291526177331505,0.29873176453339195
1307,0.5043972498166971,44,161,44,462281,143329,46875,61081,1.3276612694060543,0.2988161048872364
1308,0.5044023847779402,1,8,1,462289,143321,46876,61080,1.3275871651413538,0.29882436974378795
1309,0.504416197176622,3,6,3,462295,143315,46879,61077,1.3275315869428286,0.2988228502094015
1310,0.504416938826311,58,193,58,462488,143122,46937,61019,1.3257438215569306,0.2989061482014882
1311,0.5045339773508613,12,49,12,462537,143073,46949,61007,1.3252899329356405,0.29893669149353197
1312,0.5045689787893146,8,28,8,462565,143045,46957,60999,1.325030568009189,0.2989502264217522
1313,0.5045945414555577,59,204,59,462769,142841,47016,60940,1.3231409092593278,0.2990465254366207
1314,0.5046165379883188,7,19,7,462788,142822,47023,60933,1.3229649116306643,0.2990503300532502
1315,0.504619777861508,22,97,22,462885,142725,47045,60911,1.3220663974211715,0.2991170519947357
1316,0.5046218392369701,29,114,29,462999,142611,47074,60882,1.3210104116491903,0.2991847385413749
1317,0.5047289711539927,22,82,22,463081,142529,47096,60860,1.320250842936011,0.29922955518735034
1318,0.5047859704513649,19,46,19,463127,142483,47115,60841,1.3198247434139834,0.29923176801558105
1319,0.5047949716114566,49,177,49,463304,142306,47164,60792,1.3181851865574863,0.2993234793055569
1320,0.5048206624636074,58,206,58,463510,142100,47222,60734,1.3162770017414502,0.2994271177416015
1321,0.50484858096449,7,45,7,463555,142055,47229,60727,1.3158601652525104,0.29946938091152076
1322,0.5048877977557141,0,2,0,463557,142053,47229,60727,1.3158416391863352,0.29947233454975836
1323,0.5048936894775311,29,69,29,463626,141984,47258,60698,1.315202489903294,0.2994740529499413
1324,0.5049196856019276,54,188,54,463814,141796,47312,60644,1.3134610396828337,0.2995653032997431
1325,0.5049280137500758,24,92,24,463906,141704,47336,60620,1.3126088406387788,0.2996184337992527
1326,0.5049682062808959,14,84,14,463990,141620,47350,60606,1.3118307458594243,0.29969440131338204
1327,0.5049736203997452,8,24,8,464014,141596,47358,60598,1.3116084330653228,0.2997022661404394
1328,0.5050050957986502,4,23,4,464037,141573,47362,60594,1.3113953833043093,0.29972250664054967
1329,0.5050054160996221,2,13,2,464050,141560,47364,60592,1.311274963874171,0.2997348529819146
1330,0.5050278576218842,30,93,30,464143,141467,47394,60562,1.3104135017970284,0.29976884506679735
1331,0.505074055195139,3,16,3,464159,141451,47397,60559,1.3102652932676275,0.29978218900054454
1332,0.5050745340850683,0,2,0,464161,141449,47397,60559,1.3102467672014524,0.29978515702348424
1333,0.5050785939705921,20,106,20,464267,141343,47417,60539,1.3092648856941718,0.29987319325150336
1334,0.5051248420265415,76,211,76,464478,141132,47493,60463,1.3073103857126978,0.29992311317244974
1335,0.5051410195684931,61,196,61,464674,140936,47554,60402,1.3054948312275372,0.300002980063376
1336,0.5051787437881128,23,49,23,464723,140887,47577,60379,1.305040942606247,0.29999602516073254
1337,0.5051949364521304,1,5,1,464728,140882,47578,60378,1.3049946274408093,0.3
1338,0.5051986447162506,31,91,31,464819,140791,47609,60347,1.3041516914298419,0.30002784158140183
1339,0.5052423592699593,3,26,3,464845,140765,47612,60344,1.3039108525695653,0.3000561884351272
1340,0.5053546723459227,0,2,0,464847,140763,47612,60344,1.3038923265033904,0.30005917248032143
1341,0.5053808813598482,20,75,20,464922,140688,47632,60324,1.3031975990218236,0.3001014864784192
1342,0.5053834231051726,0,2,0,464924,140686,47632,60324,1.3031790729556485,0.30010447241430777
1343,0.505386980433308,0,2,0,464926,140684,47632,60324,1.3031605468894736,0.30010745840961556
1344,0.5054091498298627,3,16,3,464942,140668,47635,60321,1.3030123383600727,0.300120902138923
1345,0.5054525379352971,0,2,0,464944,140666,47635,60321,1.3029938122938975,0.30012388860971106
1346,0.5056739414543269,0,3,0,464947,140663,47635,60321,1.302966023194635,0.3001283684273375
1347,0.5057295268053331,0,6,0,464953,140657,47635,60321,1.3029104449961095,0.30013732846381197
1348,0.5058100726380218,366,1506,366,466459,139151,48001,59955,1.288960317166253,0.30112101091880705
1349,0.5058823944543004,0,3,0,466462,139148,48001,59955,1.2889325280669903,0.30112554808315295
1350,0.5059507998200371,0,1,0,466463,139147,48001,59955,1.2889232650339026,0.30112706050165244
1351,0.5059942790959546,0,1,0,466464,139146,48001,59955,1.2889140020008152,0.3011285729353444
1352,0.5060148483281871,1,3,1,466467,139143,48002,59954,1.2888862129015526,0.3011296001446531
1353,0.5060185753834993,2,1,2,466468,139142,48004,59952,1.288876949868465,0.30112409213738234
1354,0.5060205999960348,6,21,6,466489,139121,48010,59946,1.2886824261736263,0.3011347938131383
1355,0.5061413939523302,181,672,181,467161,138449,48191,59765,1.2824576679387898,0.3015175517370115
1356,0.5061993313720429,1,0,1,467161,138449,48192,59764,1.2824576679387898,0.30151402783873915
1357,0.5062613456451539,0,1,0,467162,138448,48192,59764,1.2824484049057023,0.3015155490081327
1358,0.5062885844537647,164,617,164,467779,137831,48356,59600,1.2767331134906814,0.30187761800325175
1359,0.5063323490604393,7,27,7,467806,137804,48363,59593,1.2764830115973174,0.3018941523934001
1360,0.5064037966090423,0,7,0,467813,137797,48363,59593,1.2764181703657045,0.30190485840214804
1361,0.5064084967983126,61,286,61,468099,137511,48424,59532,1.273768942902664,0.3021269469100653
1362,0.5064638512206188,24,70,24,468169,137441,48448,59508,1.2731205305865352,0.3021492873789661
1363,0.5064669735415795,0,2,0,468171,137439,48448,59508,1.27310200452036,0.3021523557099118
1364,0.5064953120353717,8,29,8,468200,137410,48456,59500,1.272833376560821,0.3021685033771774
1365,0.5065427270027039,0,2,0,468202,137408,48456,59500,1.272814850494646,0.3021715725110204
1366,0.5065498836465074,19,79,19,468281,137329,48475,59481,1.2720830708807291,0.30222549667191706
1367,0.5065602936515543,7,12,7,468293,137317,48482,59474,1.2719719144836785,0.3022191055485261
1368,0.5065645384332914,23,81,23,468374,137236,48505,59451,1.2712216088035866,0.3022619695251847
1369,0.5065647750104868,0,9,0,468383,137227,48505,59451,1.2711382415057986,0.30227580105553237
1370,0.5065668335496266,14,67,14,468450,137160,48519,59437,1.2705176182889326,0.30232913014949364
1371,0.5065932562955149,25,94,25,468544,137066,48544,59412,1.2696468931787024,0.30238499984731115
1372,0.506605958010661,14,60,14,468604,137006,48558,59398,1.269091111193449,0.30242764913138226
1373,0.5066601388161927,0,1,0,468605,137005,48558,59398,1.2690818481603616,0.3024291889635087
1374,0.5066754205107158,0,2,0,468607,137003,48558,59398,1.2690633220941865,0.3024322686748031
1375,0.5067405877418792,3,10,3,468617,136993,48561,59395,1.268970691763311,0.30243701244475224
1376,0.5068074423027655,0,3,0,468620,136990,48561,59395,1.2689429026640484,0.3024416325075744
1377,0.5068116214144864,2,9,2,468629,136981,48563,59393,1.2688595353662604,0.30244838929797224
1378,0.506842786765574,1,1,1,468630,136980,48564,59392,1.2688502723331727,0.3024463772839305
1379,0.5068832412215286,4,11,4,468641,136969,48568,59388,1.2687483789692098,0.30244911054864354
1380,0.5069206470340784,0,2,0,468643,136967,48568,59388,1.2687298529030346,0.3024521911843345
1381,0.5069463190294905,0,1,0,468644,136966,48568,59388,1.268720589869947,0.30245373152571375
1382,0.5069493194755573,19,76,19,468720,136890,48587,59369,1.268016599355293,0.30250332468829455
1383,0.5069560567993192,19,78,19,468798,136812,48606,59350,1.2672940827744636,0.3025560506112295
1384,0.5070252631846514,2,6,2,468804,136806,48608,59348,1.2672385045759385,0.3025581940720046
1385,0.5070409999847095,0,9,0,468813,136797,48608,59348,1.2671551372781504,0.3025720767799332
1386,0.5070520010788596,2,19,2,468832,136778,48610,59346,1.2669791396494867,0.3025942770900043
1387,0.5071326005779826,7,21,7,468853,136757,48617,59339,1.266784615954648,0.3026017868798956
1388,0.5071968489394538,0,3,0,468856,136754,48617,59339,1.2667568268553855,0.3026064163432657
1389,0.50724709558151,4,21,4,468877,136733,48621,59335,1.2665623031605469,0.30262459962870025
1390,0.5072513182632468,10,36,10,468913,136697,48631,59325,1.266228833969395,0.30264460111620123
1391,0.5073479353531558,2,5,2,468918,136692,48633,59323,1.2661825188039573,0.30264520572405174
1392,0.5074020987905414,22,63,22,468981,136629,48655,59301,1.2655989477194411,0.3026642168121268
1393,0.5074069144135048,87,384,87,469365,136245,48742,59214,1.2620419430138206,0.3029484444308013
1394,0.5074199165141555,27,52,27,469417,136193,48769,59187,1.2615602652932676,0.30293274644282936
1395,0.5074527041769712,0,2,0,469419,136191,48769,59187,1.2615417392270925,0.3029358474342045
1396,0.5074555552313427,0,1,0,469420,136190,48769,59187,1.261532476194005,0.3029373979536998
1397,0.5074598047466641,0,3,0,469423,136187,48769,59187,1.2615046870947424,0.3029420496074196
1398,0.5074843859440089,22,82,22,469505,136105,48791,59165,1.2607451183815628,0.30299073078301836
1399,0.5074875792559882,2,5,2,469510,136100,48793,59163,1.260698803216125,0.3029913501277764
1400,0.5074974319178013,4,36,4,469546,136064,48797,59159,1.2603653340249732,0.3030329418152574
1401,0.5074991530885945,3,2,3,469548,136062,48800,59156,1.260346807958798,0.3030253357784631
1402,0.5075105560193164,0,2,0,469550,136060,48800,59156,1.260328281892623,0.3030284402917794
1403,0.5075362031006991,13,40,13,469590,136020,48813,59143,1.2599577605691208,0.3030441220928147
1404,0.5076001394630317,400,1565,400,471155,134455,49213,58743,1.2454611137870983,0.30405594260810154
1405,0.5076071916400755,22,84,22,471239,134371,49235,58721,1.2446830190077438,0.30410892217181446
1406,0.5076127282554163,19,89,19,471328,134282,49254,58702,1.2438586090629515,0.3041806574638312
1407,0.5076197658647014,19,62,19,471390,134220,49273,58683,1.2432843010115233,0.3042098878711062
1408,0.5076233840086062,14,70,14,471460,134150,49287,58669,1.2426358886953943,0.3042698074359892
1409,0.5076364315308854,1,5,1,471465,134145,49288,58668,1.2425895735299566,0.3042740894026855
1410,0.5076546561823518,0,6,0,471471,134139,49288,58668,1.2425339953314314,0.30428355816956854
1411,0.5077227076824502,342,1530,342,473001,132609,49630,58326,1.2283615547074733,0.30547568544268994
1412,0.5077273422668427,8,25,8,473026,132584,49638,58318,1.2281299788802846,0.30548658473981416
1413,0.5077423454349235,60,229,60,473255,132355,49698,58258,1.2260087443032346,0.3056349776772833
1414,0.5077663893124658,4,10,4,473265,132345,49702,58254,1.2259161139723591,0.3056364409047267
1415,0.5077958622968686,102,318,102,473583,132027,49804,58152,1.2229704694505168,0.30577508557727195
1416,0.507849553094022,3,17,3,473600,132010,49807,58149,1.2228129978880284,0.30579146924415884
1417,0.5078793288858343,82,210,82,473810,131800,49889,58067,1.220867760939642,0.3058298703829523
1418,0.5079292769205641,1,2,1,473812,131798,49890,58066,1.220849234873467,0.3058294358066827
1419,0.5079767808005075,1,9,1,473821,131789,49891,58065,1.220765867575679,0.30584027726568835
1420,0.507981233184447,4,13,4,473834,131776,49895,58061,1.2206454481455409,0.30584659471019876
1421,0.507998508598151,35,99,35,473933,131677,49930,58026,1.219728407869873,0.30587813582283885
1422,0.5080636955997193,14,65,14,473998,131612,49944,58012,1.2191263107191819,0.30593173859848966
1423,0.5080993711537704,50,259,50,474257,131353,49994,57962,1.2167271851495054,0.3061669703932599
1424,0.5081118684906549,4,10,4,474267,131343,49998,57958,1.21663455481863,0.3061684829979768
1425,0.5081256667094743,5,30,5,474297,131313,50003,57953,1.2163566638260033,0.3061986833345662
1426,0.508129692682277,170,574,170,474871,130739,50173,57783,1.211039682833747,0.30650534155164916
1427,0.5082288989837205,65,283,65,475154,130456,50238,57718,1.2084182444699691,0.3067267528989127
1428,0.5082420060400609,0,3,0,475157,130453,50238,57718,1.2083904553707066,0.3067316430268213
1429,0.5082610548379419,2,13,2,475170,130440,50240,57716,1.2082700359405685,0.30674546652777485
1430,0.5082773838290736,74,256,74,475426,130184,50314,57642,1.2058986994701546,0.30689041985667587
1431,0.5083060818329249,5,12,5,475438,130172,50319,57637,1.2057875430731038,0.3068915760160589
1432,0.5083207944154153,65,249,65,475687,129923,50384,57572,1.2034810478343028,0.3070588549027974
1433,0.5083625880076923,8,37,8,475724,129886,50392,57564,1.2031383156100635,0.30708989063750336
1434,0.508369973059481,73,257,73,475981,129629,50465,57491,1.200757716106562,0.30724134245404017
1435,0.5084219371205815,0,1,0,475982,129628,50465,57491,1.2007484530734744,0.3072429844109898
1436,0.5084544768118868,2,19,2,476001,129609,50467,57489,1.200572455444811,0.3072667799762691
1437,0.5084701447018671,5,17,5,476018,129592,50472,57484,1.2004149838823224,0.307276187218029
1438,0.5084873412594964,69,262,69,476280,129330,50541,57415,1.1979880692133833,0.3074513373852044
1439,0.5084898298745358,0,8,0,476288,129322,50541,57415,1.1979139649486827,0.30746450890825067
1440,0.5085155218959775,10,29,10,476317,129293,50551,57405,1.1976453369891438,0.30747517381011047
1441,0.5085368279116829,1,0,1,476317,129293,50552,57404,1.1976453369891438,0.3074714644584541
1442,0.5085526560633771,142,634,142,476951,128659,50694,57262,1.1917725740116343,0.30799102844756643
1443,0.5085883553222347,2,2,2,476953,128657,50696,57260,1.1917540479454594,0.3079868973789379
1444,0.5086116758318703,1,1,1,476954,128656,50697,57259,1.1917447849123717,0.30798483177796304
1445,0.5086219967741026,4,5,4,476959,128651,50701,57255,1.191698469746934,0.3079782255548503
1446,0.5086356247125399,14,101,14,477060,128550,50715,57241,1.190762903405091,0.3080935029145653
1447,0.5086595940673717,6,33,6,477093,128517,50721,57235,1.1904572233132016,0.30812588828114906
1448,0.5086699685236232,6,24,6,477117,128493,50727,57229,1.1902349105191004,0.3081433540452935
1449,0.5086757696287751,0,1,0,477118,128492,50727,57229,1.190225647486013,0.3081450132187529
1450,0.5086920180342224,3,17,3,477135,128475,50730,57226,1.1900681759235243,0.30816204543863523
1451,0.5087123645329991,73,303,73,477438,128172,50803,57153,1.1872614768979954,0.30839336301092674
1452,0.5087170423283807,109,622,109,478060,127550,50912,57044,1.1814998703175368,0.30902412862823275
1453,0.5087203844798652,54,264,54,478324,127286,50966,56990,1.1790544295824226,0.3092643643230806
1454,0.5087220678145852,2,3,2,478327,127283,50968,56988,1.1790266404831597,0.3092619023069284
1455,0.50882935728478,742,2444,742,480771,124839,51710,56246,1.1563877876171773,0.3106055167462794
1456,0.5088566865217141,77,212,77,480983,124627,51787,56169,1.1544240246026158,0.3106761211531229
1457,0.508918101949597,5,32,5,481015,124595,51792,56164,1.154127607543814,0.31071205306513094
1458,0.5089226771859569,579,1771,579,482786,122824,52371,55585,1.1377227759457558,0.3115593944251691
1459,0.5090528664616469,0,7,0,482793,122817,52371,55585,1.137657934714143,0.3115716191522517
1460,0.5091095787119937,0,3,0,482796,122814,52371,55585,1.13763014561488,0.3115768586146783
1461,0.509128056697273,15,74,15,482870,122740,52386,55570,1.136944681166401,0.31164825304245414
1462,0.5091870605901786,0,4,0,482874,122736,52386,55570,1.136907629034051,0.3116552443552096
1463,0.5091899528015343,90,285,90,483159,122451,52476,55480,1.134267664604098,0.31180626197795774
1464,0.5092449281695399,124,640,124,483799,121811,52600,55356,1.1283393234280632,0.31245096434437564
1465,0.5092486638526005,27,72,27,483871,121739,52627,55329,1.1276723850457593,0.312473174147785
1466,0.5092558885141802,19,54,19,483925,121685,52646,55310,1.1271721812590314,0.3124947032402045
1467,0.5093125856920544,568,1822,568,485747,119863,53214,54742,1.1102949349735076,0.31351908593682887
1468,0.5093562288924872,22,93,22,485840,119770,53236,54720,1.1094334728963653,0.31359963321680323
1469,0.509368277363267,1,0,1,485840,119770,53237,54719,1.1094334728963653,0.3135956994423717
1470,0.5093695050774618,149,639,149,486479,119131,53386,54570,1.103514394753418,0.314160540238686
1471,0.5094047767807226,0,2,0,486481,119129,53386,54570,1.103495868687243,0.31416415753688853
1472,0.5094168190276969,20,80,20,486561,119049,53406,54550,1.1027548260402387,0.3142299206792666
1473,0.5094346592287274,5,12,5,486573,119037,53411,54545,1.102643669643188,0.31423189040338284
1474,0.5094387062588195,519,1710,519,488283,117327,53930,54026,1.0868038830634703,0.31529065729809225
1475,0.5094388079317992,385,1506,385,489789,115821,54315,53641,1.0728537552336137,0.3165370407524991
1476,0.5094643260441007,0,1,0,489790,115820,54315,53641,1.0728444922005262,0.3165389086574492
1477,0.5095210277975286,1,5,1,489795,115815,54316,53640,1.0727981770350883,0.3165442152783925
1478,0.509528190635441,2,7,2,489802,115808,54318,53638,1.0727333358034754,0.31654922512186773
1479,0.5095341520769543,592,1786,592,491588,114022,54910,53046,1.0561895587091037,0.31751143247061075
1480,0.5095822913335122,0,3,0,491591,114019,54910,53046,1.056161769609841,0.3175171340496214
1481,0.5096349883662444,1,2,1,491593,114017,54911,53045,1.056143243543666,0.31751685003172475
1482,0.509692445897098,0,2,0,491595,114015,54911,53045,1.0561247174774908,0.31752065126301926
1483,0.5096945665874697,0,4,0,491599,114011,54911,53045,1.0560876653451405,0.31752825399865914
1484,0.5097169863558038,51,218,51,491817,113793,54962,52994,1.0540683241320539,0.31773459562196094
1485,0.5097210553504918,82,224,82,492041,113569,55044,52912,1.0519934047204416,0.31782605822886695
1486,0.5097331685850767,1,2,1,492043,113567,55045,52911,1.0519748786542666,0.31782577878158075
1487,0.5097663254077299,1,1,1,492044,113566,55046,52910,1.051965615621179,0.31782359018717415
1488,0.5097947120075054,21,75,21,492119,113491,55067,52889,1.0512708881396124,0.31788075489842527
1489,0.5097989058996201,114,617,114,492736,112874,55181,52775,1.0455555967245915,0.31859534316536775
1490,0.5098203452881672,16,94,16,492830,112780,55197,52759,1.0446848716143613,0.3187103945293858
1491,0.5098442733544795,0,3,0,492833,112777,55197,52759,1.0446570825150987,0.3187161705006766
1492,0.5098683689758696,47,95,47,492928,112682,55244,52712,1.043777094371781,0.31870563623831577
1493,0.5098997062320472,5,13,5,492941,112669,55249,52707,1.043656674941643,0.31871009094427244
1494,0.5099158139681643,1,1,1,492942,112668,55250,52706,1.0436474119085553,0.3187078984604593
1495,0.5099856962297487,8,22,8,492964,112646,55258,52698,1.0434436251806292,0.3187173408167215
1496,0.5099979952511923,1,1,1,492965,112645,55259,52697,1.0434343621475415,0.3187151479962744
1497,0.5100047168128155,3,6,3,492971,112639,55262,52694,1.0433787839490163,0.31871435224667793
1498,0.5100255696405558,3,10,3,492981,112629,55265,52691,1.0432861536181408,0.318721267844181
1499,0.5100261390979102,75,310,75,493291,112319,55340,52616,1.0404146133609988,0.31901051929548
1500,0.5100348099767247,1,1,1,493292,112318,55341,52615,1.0404053503279114,0.31900832459241024
1501,0.5100488212127552,16,39,16,493331,112279,55357,52599,1.0400440920374967,0.3190176979342302
1502,0.5100702941403755,0,3,0,493334,112276,55357,52599,1.040016302938234,0.3190235026535254
1503,0.5100946162271607,7,23,7,493357,112253,55364,52592,1.0398032531772203,0.3190390973338591
1504,0.5100959546941228,0,2,0,493359,112251,55364,52592,1.0397847271110452,0.31904296815758026
1505,0.5101160719046113,1,1,1,493360,112250,55365,52591,1.0397754640779577,0.3190407726233158
1506,0.5102204335927126,16,54,16,493414,112196,55381,52575,1.0392752602912299,0.3190792068992723
1507,0.5102270092435753,7,15,7,493429,112181,55388,52568,1.0391363147949164,0.31907932673339445
1508,0.5102317546325452,1359,4194,1359,497623,107987,56747,51209,1.000287154025714,0.32167265509183646
1509,0.5102365625474403,0,1,0,497624,107986,56747,51209,1.0002778909926267,0.3216746757121769
1510,0.510257267666603,1,1,1,497625,107985,56748,51208,1.000268627959539,0.3216724353457753
1511,0.510267551454181,0,1,0,497626,107984,56748,51208,1.0002593649264515,0.3216744560028142
1512,0.5102826023861244,9,16,9,497642,107968,56757,51199,1.0001111563970506,0.32166843629646846
1513,0.5102987379540818,96,328,96,497970,107640,56853,51103,0.9970728815443328,0.32192285644091395
1514,0.5103825788183027,0,1,0,497971,107639,56853,51103,0.9970636185112454,0.3219248844036235
1515,0.5104082275993693,3,8,3,497979,107631,56856,51100,0.9969895142465449,0.32192829378004295
1516,0.5105019170054057,66,241,66,498220,107390,56922,51034,0.9947571232724444,0.32213553501994646
1517,0.5105073491776502,7,20,7,498240,107370,56929,51027,0.9945718626106932,0.3221462527699388
1518,0.5105740202744196,1,2,1,498242,107368,56930,51026,0.9945533365445182,0.32214604088538706
1519,0.5105746440808552,0,1,0,498243,107367,56930,51026,0.9945440735114306,0.3221480747255245
1520,0.5105754031527393,1636,6021,1636,504264,101346,58566,49390,0.9387713512912668,0.3276589534019743
1521,0.5106075964363707,11,36,11,504300,101310,58577,49379,0.9384378821001148,0.32768815241988464
1522,0.5106308807441757,3,18,3,504318,101292,58580,49376,0.9382711475045389,0.32771391403615896
1523,0.5106385630438104,4,17,4,504335,101275,58584,49372,0.9381136759420504,0.3277330448000956
1524,0.5106444887000072,57,257,57,504592,101018,58641,49315,0.9357330764385491,0.3280384213712226
1525,0.5106604993321284,1,0,1,504592,101018,58642,49314,0.9357330764385491,0.3280339515206343
1526,0.5106700940907427,0,1,0,504593,101017,58642,49314,0.9357238134054615,0.3280361335985259
1527,0.5106861825004931,16,57,16,504650,100960,58658,49298,0.9351958205194709,0.3280890202185574
1528,0.5107034677974027,90,326,90,504976,100634,58748,49208,0.9321760717329283,0.3283992472070581
1529,0.5107124339301347,14,44,14,505020,100590,58762,49194,0.9317684982770759,0.3284329434385515
1530,0.5107219485458633,2,16,2,505036,100574,58764,49192,0.931620289747675,0.32845906280464193
1531,0.5107286099624831,1,1,1,505037,100573,58765,49191,0.9316110267145874,0.32845677198792766
1532,0.5107411160771498,1,13,1,505050,100560,58766,49190,0.9314906072844492,0.3284808013355593
1533,0.5107711140152033,1343,4351,1343,509401,96209,60109,47847,0.891187150320501,0.33214166712944965
1534,0.5107738795588164,12,29,12,509430,96180,60121,47835,0.8909185223609619,0.3321529007395063
1535,0.5107785939108327,6,16,6,509446,96164,60127,47829,0.890770313831561,0.3321619800962547
1536,0.5107796080964255,0,1,0,509447,96163,60127,47829,0.8907610507984735,0.332164286904828
1537,0.5107906515195532,17,41,17,509488,96122,60144,47812,0.8903812664418838,0.33218002695679966
1538,0.5108033892115489,95,318,95,509806,95804,60239,47717,0.8874356219200416,0.33247399335288913
1539,0.5108725820894537,1310,4234,1310,514040,91570,61549,46407,0.8482159398273371,0.3363386651398422
1540,0.5108981885072567,14,21,14,514061,91549,61563,46393,0.8480214161324984,0.33632251236026733
1541,0.5109033815284955,9,36,9,514097,91513,61572,46384,0.8476879469413465,0.3363669985568939
1542,0.5109332556178562,0,3,0,514100,91510,61572,46384,0.8476601578420838,0.3363743165039813
1543,0.5109362265601839,1,3,1,514103,91507,61573,46383,0.8476323687428211,0.3363768221045761
1544,0.5109470682441547,0,2,0,514105,91505,61573,46383,0.8476138426766461,0.33638170109074034
1545,0.5109624661583334,14,52,14,514157,91453,61587,46369,0.8471321649560932,0.33644120677395484
1546,0.5109770947812912,150,399,150,514556,91054,61737,46219,0.8434362147541591,0.3366940330582125
1547,0.5110673436512153,0,2,0,514558,91052,61737,46219,0.843417688687984,0.3366989385959161
1548,0.5111286864354938,22,96,22,514654,90956,61759,46197,0.8425284375115788,0.33682821374669164
1549,0.5111412544788863,5,18,5,514672,90938,61764,46192,0.8423617029160028,0.33684824618974696
1550,0.5111574506767922,0,2,0,514674,90936,61764,46192,0.8423431768498277,0.336853159092235
1551,0.5111710914082119,13,78,13,514752,90858,61777,46179,0.8416206602689985,0.3369819829681035
1552,0.5111822075088438,0,3,0,514755,90855,61777,46179,0.8415928711697358,0.3369893603047419
1553,0.5112181618707937,129,308,129,515063,90547,61906,46050,0.8387398569787692,0.337123070052783
1554,0.5112190524731853,0,3,0,515066,90544,61906,46050,0.8387120678795065,0.33713047425216336
1555,0.5112317772298453,17,61,17,515127,90483,61923,46033,0.8381470228611657,0.33719857013097365
1556,0.5112326538438597,14,51,14,515178,90432,61937,46019,0.8376746081737004,0.3372565976064668
1557,0.5112537422046722,13,51,13,515229,90381,61950,46006,0.8372021934862351,0.33731953925227476
1558,0.5112837100835502,25,85,25,515314,90296,61975,45981,0.836414835673793,0.3374083667823624
1559,0.5113434820854594,1297,4336,1297,519650,85960,63272,44684,0.796250324206158,0.34202871926762807
1560,0.5114108954868117,5,20,5,519670,85940,63277,44679,0.796065063544407,0.3420559030462643
1561,0.5114237600173162,4,10,4,519680,85930,63281,44675,0.7959724332135314,0.34206194249837296
1562,0.5114314223135102,8,20,8,519700,85910,63289,44667,0.7957871725517803,0.34207402528776126
1563,0.5114373728378002,78,238,78,519938,85672,63367,44589,0.7935825706769425,0.3423050644475323
1564,0.5114477358297476,176,582,176,520520,85090,63543,44413,0.788191485419986,0.3429495841795171
1565,0.5114768521377921,7,22,7,520542,85068,63550,44406,0.7879876986920598,0.342972334213819
1566,0.5114921029749363,10,63,10,520605,85005,63560,44396,0.7874041276075439,0.3430885387284488
1567,0.5114936369864843,2,12,2,520617,84993,63562,44394,0.7872929712104931,0.3431102042709082
1568,0.5115150539726085,7,36,7,520653,84957,63569,44387,0.7869595020193412,0.34317015091538844
1569,0.5115344183372741,0,3,0,520656,84954,63569,44387,0.7869317129200786,0.34317811057591946
1570,0.5115539870150649,8,21,8,520677,84933,63577,44379,0.7867371892252399,0.3431932071269488
1571,0.5115635111704695,2,1,2,520678,84932,63579,44377,0.7867279261921524,0.343185702464639
1572,0.5115919946586593,19,67,19,520745,84865,63598,44358,0.7861073029752862,0.343267065460483
1573,0.5116081944612533,73,334,73,521079,84531,63671,44285,0.7830134499240431,0.3437849335486275
1574,0.5116599910159036,48,93,48,521172,84438,63719,44237,0.7821519878469005,0.34378861472702543
1575,0.5117724935712066,120,321,120,521493,84117,63839,44117,0.7791785542257957,0.34403512329023506
1576,0.5117729618887237,154,362,154,521855,83755,63993,43963,0.7758253362481011,0.3442192956356974
1577,0.5118008837814642,13,62,13,521917,83693,64006,43950,0.7752510281966727,0.34431970417492536
1578,0.5118154165869487,19,75,19,521992,83618,64025,43931,0.7745563007151062,0.3444244956840116
1579,0.5118171722641136,8,26,8,522018,83592,64033,43923,0.7743154618548298,0.34445359369485945
1580,0.5118186932255068,115,298,115,522316,83294,64148,43808,0.7715550779947385,0.34466806187156773
1581,0.5118406127178549,10,26,10,522342,83268,64158,43798,0.7713142391344622,0.3446870130483371
1582,0.5118416784898583,7,29,7,522371,83239,64165,43791,0.7710456111749231,0.3447295914350941
1583,0.5118700741999491,95,243,95,522614,82996,64260,43696,0.7687946941346474,0.3448994411643987
1584,0.5118709637165528,43,93,43,522707,82903,64303,43653,0.7679332320575049,0.3449303075318436
1585,0.5118830636994807,98,293,98,523000,82610,64401,43555,0.7652191633628516,0.34522252605714737
1586,0.5119366248115644,59,222,59,523222,82388,64460,43496,0.7631627700174145,0.34552445108194846
1587,0.5119417306724426,86,246,86,523468,82142,64546,43410,0.7608840638778762,0.3457531540716197
1588,0.5119549383486668,5,24,5,523492,82118,64551,43405,0.7606617510837749,0.3457932012459868
1589,0.5120073114996823,0,2,0,523494,82116,64551,43405,0.7606432250175997,0.3457987109726659
1590,0.512012004540422,31,52,31,523546,82064,64582,43374,0.760161547297047,0.345780385529106
1591,0.5120133851077273,22,92,22,523638,81972,64604,43352,0.759309348252992,0.3459193769748811
1592,0.5120304221230303,3,4,3,523642,81968,64607,43349,0.7592722961206417,0.34591476016821343
1593,0.5120765493577608,32,131,32,523773,81837,64639,43317,0.7580588387861722,0.34610959298144683
1594,0.5120793776472172,7,34,7,523807,81803,64646,43310,0.7577438956611953,0.34616706497326416
1595,0.5120934611631024,6,29,6,523836,81774,64652,43304,0.7574752677016562,0.3462159612401861
1596,0.5120938017216434,34,224,34,524060,81550,64686,43270,0.7554003482900441,0.3466591892324948
1597,0.5121772571246268,4,5,4,524065,81545,64690,43266,0.7553540331246064,0.34665213803270545
1598,0.5122064285508584,14,65,14,524130,81480,64704,43252,0.7547519359739153,0.3467594522656576
1599,0.5122121345245405,2,2,2,524132,81478,64706,43250,0.7547334099077402,0.34675453787441474
1600,0.512230275762281,0,1,0,524133,81477,64706,43250,0.7547241468746526,0.3467573179824737
1601,0.5122310438122942,7,22,7,524155,81455,64713,43243,0.7545203601467264,0.34678182488893167
1602,0.512280256744291,74,304,74,524459,81151,64787,43169,0.75170439808811,0.347240990990991
1603,0.5122849533434326,22,122,22,524581,81029,64809,43147,0.7505743080514283,0.34746649916247907
1604,0.5122886274009992,61,247,61,524828,80782,64870,43086,0.7482863388788025,0.347838021119256
1605,0.5122986814153286,19,136,19,524964,80646,64889,43067,0.7470265663788951,0.34812024605336545
1606,0.5123515814881462,43,75,43,525039,80571,64932,43024,0.7463318388973286,0.34810469679194145
1607,0.5123823501045175,7,11,7,525050,80560,64939,43017,0.7462299455333654,0.3480987562410481
1608,0.5123984687478877,0,1,0,525051,80559,64939,43017,0.7462206825002778,0.3481015731209944
1609,0.5124163867493234,2,17,2,525068,80542,64941,43015,0.7460632109377895,0.34813891564217325
1610,0.5124192225929434,28,147,28,525215,80395,64969,42987,0.7447015450739191,0.3484057642119596
1611,0.5124194390593665,13,23,13,525238,80372,64982,42974,0.7444884953129053,0.3484020560050589
1612,0.5124590979489734,26,60,26,525298,80312,65008,42948,0.743932713327652,0.34843420412136944
1613,0.5124971251768118,26,39,26,525337,80273,65034,42922,0.7435714550372374,0.3484069970372174
1614,0.5125267397988146,25,163,25,525500,80110,65059,42897,0.7420615806439661,0.3487362507824758
1615,0.5125663102110394,30,190,30,525690,79920,65089,42867,0.7403016043573307,0.3491167631752547
1616,0.5125826507895137,8,18,8,525708,79902,65097,42859,0.7401348697617548,0.3491255366117904
1617,0.5126006158999777,33,58,33,525766,79844,65130,42826,0.7395976138426766,0.3491155131654031
1618,0.5126267582170716,0,1,0,525767,79843,65130,42826,0.7395883508095891,0.3491183591616464
1619,0.5127488449559234,0,1,0,525768,79842,65130,42826,0.7395790877765015,0.34912120520429124
1620,0.51280618134538,19,192,19,525960,79650,65149,42807,0.7378005854236911,0.3495676033219824
1621,0.5128235219572427,5,8,5,525968,79642,65154,42802,0.7377264811589908,0.34956388226454543
1622,0.5128749479432111,8,30,8,525998,79612,65162,42794,0.7374485901663641,0.3496070454062709
1623,0.5129006315235473,48,78,48,526076,79534,65210,42746,0.7367260735855349,0.3495747464834805
1624,0.5129269265163242,0,5,0,526081,79529,65210,42746,0.736679758420097,0.3495890410958904
1625,0.5129348979776693,18,175,18,526256,79354,65228,42728,0.7350587276297751,0.3499942661489818
1626,0.5129441275629351,26,128,26,526384,79226,65254,42702,0.7338730593945682,0.35022308247490325
1627,0.5129698107453686,27,144,27,526528,79082,65281,42675,0.7325391826299603,0.35049319546309454
1628,0.513045139138589,213,417,213,526945,78665,65494,42462,0.7286764978324503,0.35055767913016916
1629,0.5130533526367527,1,0,1,526945,78665,65495,42461,0.7286764978324503,0.350552317421528
1630,0.5131103697435593,3,4,3,526949,78661,65498,42458,0.7286394457001001,0.3505478083537678
1631,0.5131399400474713,17,162,17,527111,78499,65515,42441,0.7271388343399162,0.35092607904746154
1632,0.5131533867640427,4,1,4,527112,78498,65519,42437,0.7271295713068288,0.35090751229999584
1633,0.5131561039464575,19,119,19,527231,78379,65538,42418,0.7260272703694097,0.35115110474597877
1634,0.5131995696868757,25,47,25,527278,78332,65563,42393,0.7255919078142947,0.35115344791882375
1635,0.5132236778688212,2,3,2,527281,78329,65565,42391,0.725564118715032,0.3511514247846256
1636,0.5132456691743315,217,383,217,527664,77946,65782,42174,0.7220163770424988,0.3510989010989011
1637,0.5133163146926651,1,1,1,527665,77945,65783,42173,0.7220071140094112,0.3510964218518457
1638,0.5133616857340063,6,11,6,527676,77934,65789,42167,0.7219052206454482,0.35109616073138444
1639,0.5134013767342969,225,419,225,528095,77515,66014,41942,0.718024009781763,0.3511054186862218
1640,0.5134046052629047,51,80,51,528175,77435,66065,41891,0.7172829671347586,0.3510634731743291
1641,0.5134207715987206,8,40,8,528215,77395,66073,41883,0.7169124458112565,0.3511376783648284
1642,0.5134410555224036,13,39,13,528254,77356,66086,41870,0.7165511875208418,0.3511817892070522
1643,0.51346921887872,3,6,3,528260,77350,66089,41867,0.7164956093223165,0.3511831366331983
1644,0.513488131873242,0,3,0,528263,77347,66089,41867,0.7164678202230539,0.35119197409700204
1645,0.513513739000414,3,7,3,528270,77340,66092,41864,0.716402978991441,0.3511962685815912
1646,0.5135483198241476,0,2,0,528272,77338,66092,41864,0.7163844529252659,0.35120216103756646
1647,0.5135569324716156,1,10,1,528282,77328,66093,41863,0.7162918225943903,0.351226183184972
1648,0.5136112083177571,11,50,11,528332,77278,66104,41852,0.7158286709400126,0.3513136909258793
1649,0.5137196659693942,0,5,0,528337,77273,66104,41852,0.7157823557745748,0.35132843651626444
1650,0.5138743885925081,0,2,0,528339,77271,66104,41852,0.7157638297083997,0.3513343350990153
1651,0.5140073555801761,0,1,0,528340,77270,66104,41852,0.7157545666753121,0.3513372844646665
1652,0.5140558639076815,171,411,171,528751,76859,66275,41681,0.7119474600763274,0.3516197064282099
1653,0.5140890509048417,66,211,66,528962,76648,66341,41615,0.7099929600948535,0.3518852050091745
1654,0.5141075703720266,0,2,0,528964,76646,66341,41615,0.7099744340286783,0.35189115600240145
1655,0.5142122061896037,1,0,1,528964,76646,66342,41614,0.7099744340286783,0.35188567562996786
1656,0.5142208526414407,9,37,9,529001,76609,66351,41605,0.7096317018044388,0.3519464699612567
1657,0.5142435714841476,77,317,77,529318,76292,66428,41528,0.7066953203156842,0.3524698692921406
1658,0.5142459234697107,217,425,217,529743,75867,66645,41311,0.7027585312534737,0.35254911331478606
1659,0.5142993824741051,58,129,58,529872,75738,66703,41253,0.7015635999851791,0.3526168679642024
1660,0.5143673043992196,65,306,65,530178,75432,66768,41188,0.6987291118603876,0.3531812725090036
1661,0.5143851550957204,0,2,0,530180,75430,66768,41188,0.6987105857942124,0.35318732957176424
1662,0.5145669429502334,0,2,0,530182,75428,66768,41188,0.6986920597280374,0.3531933868422858
1663,0.5145808956757933,1,1,1,530183,75427,66769,41187,0.6986827966949498,0.35319086902087227
1664,0.5146038545013295,0,1,0,530184,75426,66769,41187,0.6986735336618622,0.3531938977644002
1665,0.5146200383722068,0,1,0,530185,75425,66769,41187,0.6986642706287747,0.3531969265598738
1666,0.5146423228452084,8,41,8,530226,75384,66777,41179,0.698284486272185,0.3532767687859784
1667,0.5146426916732114,30,55,30,530281,75329,66807,41149,0.6977750194523695,0.3532770136849877
1668,0.5146674557684556,1,1,1,530282,75328,66808,41148,0.697765756419282,0.3532744943164257
1669,0.5146712168409592,2,10,2,530292,75318,66810,41146,0.6976731260884064,0.3532937216650639
1670,0.5146870295623931,12,34,12,530326,75284,66822,41134,0.6973581829634296,0.35333024102801974
1671,0.5147116769851268,0,2,0,530328,75282,66822,41134,0.6973396568972544,0.353336311159978
1672,0.5147402108281292,26,43,26,530371,75239,66848,41108,0.6969413464744896,0.353322389060311
1673,0.5147911958265116,0,1,0,530372,75238,66848,41108,0.696932083441402,0.35332542588486066
1674,0.5148138368125041,22,88,22,530460,75150,66870,41086,0.6961169365296973,0.35347052548263874
1675,0.5148609729849809,2,9,2,530469,75141,66872,41084,0.6960335692319093,0.3534867713486771
1676,0.5148657615341624,3,14,3,530483,75127,66875,41081,0.6959038867686835,0.353512666942035
1677,0.5149030857270069,15,52,15,530535,75075,66890,41066,0.6954222090481307,0.3535874497378187
1678,0.5149963455365681,1,0,1,530535,75075,66891,41065,0.6954222090481307,0.35358188393318407
1679,0.5150134466160191,14,59,14,530594,75016,66905,41051,0.6948756900959651,0.35368364823765586
1680,0.5150315758847568,1,0,1,530594,75016,66906,41050,0.6948756900959651,0.3536780797132666
1681,0.5150533229230114,1,3,1,530597,75013,66907,41049,0.6948479009967024,0.35368165290965176
1682,0.5150740711687181,0,1,0,530598,75012,66907,41049,0.6948386379636148,0.35368470028691806
1683,0.5151038222182915,15,56,15,530654,74956,66922,41034,0.6943199081107118,0.3537718768859384
1684,0.5152485487820266,0,4,0,530658,74952,66922,41034,0.6942828559783616,0.35378407738865036
1685,0.5153178437050043,0,3,0,530661,74949,66922,41034,0.6942550668790989,0.35379322831794313
1686,0.5153969042006018,0,1,0,530662,74948,66922,41034,0.6942458038460113,0.3537962787329068
1687,0.5154528122536182,96,244,96,530906,74704,67018,40938,0.6919856237726482,0.35400632988014735
1688,0.5155701401240657,76,274,76,531180,74430,67094,40862,0.6894475527066583,0.3544218159109045
1689,0.5155891186655029,23,68,23,531248,74362,67117,40839,0.6888176664567046,0.35450213105789014
1690,0.5155900833117102,0,3,0,531251,74359,67117,40839,0.6887898773574419,0.3545113630444973
1691,0.5155951567518614,3,6,3,531257,74353,67120,40836,0.6887342991589166,0.3545130177360685
1692,0.5156261715915675,18,68,18,531325,74285,67138,40818,0.688104412908963,0.35462151290583216
1693,0.5156526265364975,2,8,2,531333,74277,67140,40816,0.6880303086442625,0.35463494739037127
1694,0.5156583268949408,10,45,10,531378,74232,67150,40806,0.6876134721553225,0.35471757158504147
1695,0.5156611506410775,6,21,6,531399,74211,67156,40800,0.6874189484604839,0.3547486762135796
1696,0.5156799407689187,13,26,13,531425,74185,67169,40787,0.6871781096002075,0.3547559405768361
1697,0.5157012484043138,73,207,73,531632,73978,67242,40714,0.6852606617510838,0.35498552645345793
1698,0.5157272481038013,3,18,3,531650,73960,67245,40711,0.6850939271555078,0.35502437407888654
1699,0.5158003869826058,78,206,78,531856,73754,67323,40633,0.6831857423394716,0.35522393278956527
1700,0.5158466523806507,15,47,15,531903,73707,67338,40618,0.6827503797843566,0.35528537065383775
1701,0.5158666523639623,0,2,0,531905,73705,67338,40618,0.6827318537181815,0.3552915861200283
1702,0.5158848470835468,15,24,15,531929,73681,67353,40603,0.6825095409240802,0.35528157922368836
1703,0.5159010431897733,3,9,3,531938,73672,67356,40600,0.6824261736262922,0.35529263511621395
1704,0.5159219942974259,68,150,68,532088,73522,67424,40532,0.6810367186631591,0.3553755238746559
1705,0.5159310182759397,0,1,0,532089,73521,67424,40532,0.6810274556300715,0.3553786397552015
1706,0.5160037541352622,0,6,0,532095,73515,67424,40532,0.6809718774315462,0.3553973361859584
1707,0.516041588702643,3,3,3,532098,73512,67427,40529,0.6809440883322835,0.35538972825562737
1708,0.5160752110028481,1,14,1,532112,73498,67428,40528,0.6808144058690577,0.35542770946977004
1709,0.5161782487541446,0,2,0,532114,73496,67428,40528,0.6807958798028827,0.35543394373114434
1710,0.5161821729824312,43,157,43,532271,73339,67471,40485,0.6793415836081367,0.3556807000281136
1711,0.51618959589892,45,146,45,532417,73193,67516,40440,0.6779891807773537,0.35588253412301
1712,0.5161984915526713,6,18,6,532435,73175,67522,40434,0.6778224461817778,0.3559049019003776
1713,0.516234831742415,0,4,0,532439,73171,67522,40434,0.6777853940494275,0.3559174332115664
1714,0.5162484456253151,15,47,15,532486,73124,67537,40419,0.6773500314943125,0.35597967289925403
1715,0.5162514272609326,0,1,0,532487,73123,67537,40419,0.6773407684612249,0.35598280812386607
1716,0.5162587474552082,5,18,5,532505,73105,67542,40414,0.677174033865649,0.35601088804517306
1717,0.5163304146295085,65,317,65,532822,72788,67607,40349,0.6742376523768943,0.3566384118369764
1718,0.5163429641981259,3,21,3,532843,72767,67610,40346,0.6740431286820556,0.35668756022738324
1719,0.5163816387798679,3,5,3,532848,72762,67613,40343,0.6739968135166179,0.3566862649750232
1720,0.5163876615627271,3,16,3,532864,72746,67616,40340,0.673848604987217,0.35671966467997807
1721,0.5164105743363266,1,5,1,532869,72741,67617,40339,0.6738022898217793,0.3567297488503714
1722,0.5164634402987307,95,225,95,533094,72516,67712,40244,0.6717181073770796,0.35689960979070595
1723,0.5164672685685789,6,12,6,533106,72504,67718,40238,0.6716069509800289,0.35690337230136066
1724,0.516531055142725,11,39,11,533145,72465,67729,40227,0.6712456926896143,0.35696411457778726
1725,0.5165672574321564,6,23,6,533168,72442,67735,40221,0.6710326429286005,0.3570027426928095
1726,0.5165709067142887,53,168,53,533336,72274,67788,40168,0.6694764533698915,0.3572330623788264
1727,0.5165929361942971,74,268,74,533604,72006,67862,40094,0.6669939605024269,0.35766280107047277
1728,0.5165958965367528,0,2,0,533606,72004,67862,40094,0.6669754344362518,0.3576691823226106
1729,0.5166364021802553,1,4,1,533610,72000,67863,40093,0.6669383823039016,0.35767621528552185
1730,0.5166385223327982,3,9,3,533619,71991,67866,40090,0.6668550150061135,0.35768774368537043
1731,0.5166620805999059,12,44,12,533663,71947,67878,40078,0.6664474415502613,0.3577594286989511
1732,0.5166722244166891,10,40,10,533703,71907,67888,40068,0.666076920226759,0.35782987273945077
1733,0.5166883847830515,1,2,1,533705,71905,67889,40067,0.666058394160584,0.3578305290608366
1734,0.5167259512825297,96,171,96,533876,71734,67985,39971,0.6644744155026122,0.3578264177968757
1735,0.5167318273603226,50,135,50,534011,71599,68035,39921,0.6632239060357924,0.3579716642754663
1736,0.5167689365496753,57,110,57,534121,71489,68092,39864,0.6622049723961614,0.3579966413118641
1737,0.5167703130236772,78,170,78,534291,71319,68170,39786,0.6606302567712772,0.3580936951532334
1738,0.5167938140608408,14,59,14,534350,71260,68184,39772,0.6600837378191114,0.35820304056488217
1739,0.5167972470559444,10,28,10,534378,71232,68194,39762,0.6598243728926599,0.35823558030163793
1740,0.516812631667469,12,38,12,534416,71194,68206,39750,0.659472377635333,0.35828886645514857
1741,0.516820941689857,22,52,22,534468,71142,68228,39728,0.6589906999147801,0.3583295751781366
1742,0.5168269581474723,20,98,20,534566,71044,68248,39708,0.6580829226721998,0.35853077145333717
1743,0.5168345707747626,3,8,3,534574,71036,68251,39705,0.6580088184074994,0.3585392943896118
1744,0.5168405665028286,281,949,281,535523,70087,68532,39424,0.6492182000074104,0.36000036526011087
1745,0.5169010220207233,339,1162,339,536685,68925,68871,39085,0.6384545555596725,0.3618646421627627
1746,0.5169367749014814,82,245,82,536930,68680,68953,39003,0.6361851124532217,0.3622020188887754
1747,0.5169529384349975,5,22,5,536952,68658,68958,38998,0.6359813257252955,0.36224641450546186
1748,0.5169546653117032,26,89,26,537041,68569,68984,38972,0.6351569157805032,0.36239201792804604
1749,0.5170263377818005,0,1,0,537042,68568,68984,38972,0.6351476527474156,0.362395387762693
1750,0.5170399646005631,21,66,21,537108,68502,69005,38951,0.6345362925636371,0.3624933691939732
1751,0.5170438175734403,1,1,1,537109,68501,69006,38950,0.6345270295305495,0.36249080976445075
1752,0.5170651726563912,0,1,0,537110,68500,69006,38950,0.6345177664974619,0.3624941833410889
1753,0.5170702796094874,0,1,0,537111,68499,69006,38950,0.6345085034643744,0.362497556980521
1754,0.5171228498696311,223,875,223,537986,67624,69229,38727,0.6264033495127644,0.3641432614643962
1755,0.5171485298901729,285,989,285,538975,66635,69514,38442,0.6172422097891733,0.36584599864861006
1756,0.5171864919899088,6,43,6,539018,66592,69520,38436,0.6168438993664085,0.3659595536428381
1757,0.5172279586011637,6,13,6,539031,66579,69526,38430,0.6167234799362703,0.3659686312601777
1758,0.5172556392872582,0,1,0,539032,66578,69526,38430,0.6167142169031827,0.3659721164101783
1759,0.5173297106181921,14,40,14,539072,66538,69540,38416,0.6163436955796806,0.3660270213617394
1760,0.5173484872648092,14,34,14,539106,66504,69554,38402,0.6160287524547038,0.3660610451261129
1761,0.5173788136760724,0,2,0,539108,66502,69554,38402,0.6160102263885286,0.36606802409822314
1762,0.5173869924248315,9,43,9,539151,66459,69563,38393,0.6156119159657638,0.36616373555106246
1763,0.5174126584400432,263,909,263,540060,65550,69826,38130,0.6071918188891771,0.3677662037037037
1764,0.5174394733665527,4,18,4,540078,65532,69830,38126,0.6070250842936011,0.36780566864110825
1765,0.5174545076540695,0,1,0,540079,65531,69830,38126,0.6070158212605136,0.36780921693662755
1766,0.5174559715148745,15,28,15,540107,65503,69845,38111,0.606756456334062,0.36781709035458526
1767,0.5174931216844696,19,20,19,540127,65483,69864,38092,0.606571195672311,0.36777214578807627
1768,0.5175127215985589,28,84,28,540211,65399,69892,38064,0.6057931008929563,0.3678996356185303
1769,0.5175153496165303,243,862,243,541073,64537,70135,37821,0.5978083663714847,0.36949725473338674
1770,0.5175386037916019,2,3,2,541076,64534,70137,37819,0.597780577272222,0.36949576465760653
1771,0.517555149203719,271,944,271,542020,63590,70408,37548,0.5890362740375709,0.37125511677114437
1772,0.5175924492763025,0,1,0,542021,63589,70408,37548,0.5890270110044833,0.3712587875851568
1773,0.5176384033244621,66,194,66,542215,63395,70474,37482,0.5872299825854977,0.37156140646529934
1774,0.5176470824041057,0,2,0,542217,63393,70474,37482,0.5872114565193227,0.37156877323420073
1775,0.5176820955782101,15,42,15,542259,63351,70489,37467,0.5868224091296455,0.3716300660596322
1776,0.5177045654355149,3,2,3,542261,63349,70492,37464,0.5868038830634703,0.3716187396466725
1777,0.5177159164151108,1,1,1,542262,63348,70493,37463,0.5867946200303827,0.3716161926773864
1778,0.5177433331639943,1,5,1,542267,63343,70494,37462,0.586748304864945,0.37162839144883686
1779,0.5177476265478212,31,87,31,542354,63256,70525,37431,0.5859424209863278,0.371756036032457
1780,0.5177497124561046,0,3,0,542357,63253,70525,37431,0.585914631887065,0.3717671129474395
1781,0.517776013611399,282,897,282,543254,62356,70807,37149,0.577605691207529,0.37333802321491383
1782,0.5177777219536416,29,73,29,543327,62283,70836,37120,0.5769294897921375,0.37342937335895293
1783,0.5178105702389921,264,861,264,544188,61422,71100,36856,0.5689540183037534,0.37501780663017154
1784,0.5178263644211828,14,41,14,544229,61381,71114,36842,0.5685742339471637,0.3750852651619275
1785,0.5178706629099394,3,11,3,544240,61370,71117,36839,0.5684723405832005,0.3751081876406439
1786,0.5178962308215058,15,34,15,544274,61336,71132,36824,0.5681573974582237,0.37514262428687856
1787,0.5179095989627363,8,13,8,544287,61323,71140,36816,0.5680369780280855,0.37514138110231404
1788,0.5179256390451731,0,2,0,544289,61321,71140,36816,0.5680184519619104,0.3751490263611074
1789,0.5179657348413704,4,5,4,544294,61316,71144,36812,0.5679721367964726,0.37514267079732594
1790,0.5180316725949509,10,32,10,544326,61284,71154,36802,0.567675719737671,0.3752013539139123
1791,0.5180974324234364,5,18,5,544344,61266,71159,36797,0.5675089851420949,0.37523836717212405
1792,0.518165177677778,286,921,286,545265,60345,71445,36511,0.5589777316684575,0.37696167506401257
1793,0.5181711842372818,0,1,0,545266,60344,71445,36511,0.55896846863537,0.3769655670848175
1794,0.5181836832927036,1,1,1,545267,60343,71446,36510,0.5589592056022824,0.376963026442134
1795,0.5181866038966585,3,8,3,545275,60335,71449,36507,0.558885101337582,0.3769748662770286
1796,0.5182339847845444,6,10,6,545285,60325,71455,36501,0.5587924710067065,0.3769751926135542
1797,0.5182474403526445,1,3,1,545288,60322,71456,36500,0.5587646819074438,0.37698043833013156
1798,0.5182598616883614,11,23,11,545311,60299,71467,36489,0.55855163214643,0.3769992147786916
1799,0.5182787888530502,0,1,0,545312,60298,71467,36489,0.5585423691133424,0.37700310992178704
1800,0.5183755197665313,13,47,13,545359,60251,71480,36476,0.5581070065582274,0.377102567018516
1801,0.5183976373071971,71,132,71,545491,60119,71551,36405,0.5568842861906703,0.37716008453856037
1802,0.51843075333931,229,551,229,546042,59568,71780,36176,0.5517803549594279,0.3778409090909091
1803,0.5184315094365075,0,3,0,546045,59565,71780,36176,0.5517525658601653,0.3778527485612225
1804,0.5184394109838996,1,0,1,546045,59565,71781,36175,0.5517525658601653,0.3778462502611239
1805,0.5184556476481716,0,1,0,546046,59564,71781,36175,0.5517433028270777,0.37785019688945987
1806,0.5184630195450994,0,1,0,546047,59563,71781,36175,0.5517340397939902,0.37785414360024233
1807,0.5184719352039492,0,4,0,546051,59559,71781,36175,0.5516969876616399,0.3778699312678881
1808,0.5185432845066529,7,16,7,546067,59543,71788,36168,0.5515487791322391,0.3778875991265372
1809,0.5185617680637117,1,0,1,546067,59543,71789,36167,0.5515487791322391,0.37788109915369344
1810,0.5185840684537928,2,5,2,546072,59538,71791,36165,0.5515024639668012,0.3778878405065672
1811,0.5186237618674265,14,42,14,546114,59496,71805,36151,0.551113416577124,0.3779627170742417
1812,0.5186455166944458,271,724,271,546838,58772,72076,35880,0.5444069806217348,0.37907281409795884
1813,0.5187138707268426,0,2,0,546840,58770,72076,35880,0.5443884545555596,0.379080824088748
1814,0.5187443135159938,5,40,5,546880,58730,72081,35875,0.5440179332320575,0.37920828708842025
1815,0.5187502137087866,5,3,5,546883,58727,72086,35870,0.5439901441327949,0.3791875006606975
1816,0.5188124948814247,0,1,0,546884,58726,72086,35870,0.5439808810997073,0.3791915091547211
1817,0.5188280574022457,0,2,0,546886,58724,72086,35870,0.5439623550335322,0.3791995263970231
1818,0.5188293766743032,63,134,63,547020,58590,72149,35807,0.5427211085997999,0.37932349545006727
1819,0.518841626371532,7,38,7,547058,58552,72156,35800,0.5423691133424728,0.3794302187552993
1820,0.5188429667432415,2,18,2,547076,58534,72158,35798,0.5422023787468969,0.3794894627485901
1821,0.5188484527083173,5,15,5,547091,58519,72163,35793,0.5420634332505836,0.3795169225549241
1822,0.5188604157936534,31,75,31,547166,58444,72194,35762,0.541368705769017,0.3796148865252744
1823,0.5188698617793585,227,516,227,547682,57928,72421,35535,0.536588980695839,0.3802039309673347
1824,0.5188785806119395,7,12,7,547694,57916,72428,35528,0.5364778242987884,0.38020632678395616
1825,0.5189479108377829,227,521,227,548215,57395,72655,35301,0.5316517840601727,0.3808254940882023
1826,0.5189716054111948,28,73,28,548288,57322,72683,35273,0.5309755826447812,0.3809384955991144
1827,0.5189765809737876,3,3,3,548291,57319,72686,35270,0.5309477935455186,0.38093078011426845
1828,0.5190146728273682,36,67,36,548358,57252,72722,35234,0.5303271703286524,0.380965767791882
1829,0.5190223178118495,0,7,0,548365,57245,72722,35234,0.5302623290970395,0.38099460418040854
1830,0.519031822754881,1,11,1,548376,57234,72723,35233,0.5301604357330765,0.3810332334778894
1831,0.5190390427448809,2,7,2,548383,57227,72725,35231,0.5300955945014636,0.3810486923792425
1832,0.5190508728219574,73,194,73,548577,57033,72798,35158,0.528298566082478,0.3813604364851233
1833,0.5190778396716001,0,1,0,548578,57032,72798,35158,0.5282893030493905,0.3813645731641176
1834,0.519091441278788,0,1,0,548579,57031,72798,35158,0.5282800400163029,0.3813687099328553
1835,0.5190994172746131,0,1,0,548580,57030,72798,35158,0.5282707769832153,0.3813728467913394
1836,0.5191373266131047,8,53,8,548633,56977,72806,35150,0.527779836229575,0.38153852833588414
1837,0.5192109482245638,32,66,32,548699,56911,72838,35118,0.5271684760457964,0.3815971052602984
1838,0.5192359785202731,4,7,4,548706,56904,72842,35114,0.5271036348141835,0.3815992523201982
1839,0.5193093158384138,28,59,28,548765,56845,72870,35086,0.5265571158620178,0.3816558070726958
1840,0.519323197058656,175,267,175,549032,56578,73045,34911,0.5240838860276409,0.38158685743641313
1841,0.5193253596414313,1,7,1,549039,56571,73046,34910,0.524019044796028,0.38160929591937126
1842,0.5193394071344608,3,7,3,549046,56564,73049,34907,0.5239542035644151,0.3816182177958041
1843,0.519342297499372,0,10,0,549056,56554,73049,34907,0.5238615732335395,0.38165994248914836
1844,0.5194017702324863,4,12,4,549068,56542,73053,34903,0.5237504168364889,0.38168297883973973
1845,0.5194129652385936,33,82,33,549150,56460,73086,34870,0.5229908481233095,0.38180225555677216
1846,0.5194155364965698,6,14,6,549164,56446,73092,34864,0.5228611656600838,0.38182017303690724
1847,0.5194157408409452,35,122,35,549286,56324,73127,34829,0.5217310756234022,0.3820938422213202
1848,0.5194291160045637,4,12,4,549298,56312,73131,34825,0.5216199192263514,0.3821170325992736
1849,0.5194319399323899,4,4,4,549302,56308,73135,34821,0.5215828670940013,0.38210668393156955
1850,0.5194683142911785,30,59,30,549361,56249,73165,34791,0.5210363481418355,0.3821507029876977
1851,0.5194815621448193,25,21,25,549382,56228,73190,34766,0.5208418244469969,0.38206914741631315
1852,0.5195170020968286,27,74,27,549456,56154,73217,34739,0.520156359998518,0.3821966488068388
1853,0.5195706224120078,1,4,1,549460,56150,73218,34738,0.5201193078661677,0.38220667194789193
1854,0.5195888968973377,3,6,3,549466,56144,73221,34735,0.5200637296676424,0.3822115120104755
1855,0.519618156178989,237,522,237,549988,55622,73458,34498,0.5152284263959391,0.38280071016422546
1856,0.5196209366753861,1,1,1,549989,55621,73459,34497,0.5152191633628516,0.38279810914578666
1857,0.5196215870087435,57,106,57,550095,55515,73516,34440,0.5142372818555708,0.38285809571452395
1858,0.519634510509325,36,72,36,550167,55443,73552,34404,0.5135703434732669,0.38291762663194095
1859,0.5196351867590557,15,31,15,550198,55412,73567,34389,0.5132831894475527,0.3829467377868843
1860,0.5196370162601294,22,35,22,550233,55377,73589,34367,0.5129589832894883,0.38294482082367626
1861,0.5196655011527807,2,6,2,550239,55371,73591,34365,0.512903405090963,0.38295667290719443
1862,0.5196897266057083,5,10,5,550249,55361,73596,34360,0.5128107747600874,0.3829649691822427
1863,0.5197552369431622,33,55,33,550304,55306,73629,34327,0.512301307940272,0.38297278903975096
1864,0.5198084913741681,3,13,3,550317,55293,73632,34324,0.5121808885101338,0.3830076882734303
1865,0.5198174202220694,1,6,1,550323,55287,73633,34323,0.5121253103116085,0.383026447941078
1866,0.5198284456805243,83,104,83,550427,55183,73716,34240,0.5111619548705028,0.38289925410688525
1867,0.5198683776377366,0,1,0,550428,55182,73716,34240,0.5111526918374153,0.3829035360425846
1868,0.5198965412112824,8,33,8,550461,55149,73724,34232,0.5108470117455259,0.3829896734205256
1869,0.5199160452273244,59,102,59,550563,55047,73783,34173,0.5099021823705955,0.38301950235373233
1870,0.5199382721442654,75,113,75,550676,54934,73858,34098,0.5088554596317018,0.3829858927127325
1871,0.5199444082591155,11,35,11,550711,54899,73869,34087,0.5085312534736374,0.3830602566695885
1872,0.5199806955111888,17,31,17,550742,54868,73886,34070,0.5082440994479233,0.3830758505925476
1873,0.5199915498863348,78,133,78,550875,54735,73964,33992,0.5070121160472785,0.3831077349623001
1874,0.5200053848361696,31,66,31,550941,54669,73995,33961,0.5064007558635,0.38317725375155137
1875,0.5200540071085502,4,8,4,550949,54661,73999,33957,0.5063266515987995,0.3831840032499041
1876,0.5200807083262236,3,3,3,550952,54658,74002,33954,0.5062988624995368,0.3831760935313502
1877,0.520122897704318,0,1,0,550953,54657,74002,33954,0.5062895994664492,0.38318041778108813
1878,0.5201624059583421,5,31,5,550984,54626,74007,33949,0.5060024454407351,0.38327970646344905
1879,0.5201766063276205,1,9,1,550993,54617,74008,33948,0.5059190781429471,0.38331169197764353
1880,0.5201829450751003,2,6,2,550999,54611,74010,33946,0.5058634999444218,0.3833237349955396
1881,0.520210489968961,10,24,10,551023,54587,74020,33936,0.5056411871503205,0.3833579973566192
1882,0.5202157808705354,11,36,11,551059,54551,74031,33925,0.5053077179591685,0.38343731633437317
1883,0.5202527880001064,68,168,68,551227,54383,74099,33857,0.5037515284004594,0.3836922030825023
1884,0.520256430509539,11,36,11,551263,54347,74110,33846,0.5034180592093075,0.3837719546902815
1885,0.5202736946909866,17,44,17,551307,54303,74127,33829,0.5030104857534551,0.38384468751418327
1886,0.5203570252574757,24,64,24,551371,54239,74151,33805,0.5024176516358516,0.38395574939802823
1887,0.5203958810089004,5,18,5,551389,54221,74156,33800,0.5022509170402757,0.38399927290078506
1888,0.5204818804251332,7,15,7,551404,54206,74163,33793,0.5021119715439624,0.3840157274514483
1889,0.5205162870703908,18,58,18,551462,54148,74181,33775,0.5015747156248842,0.3841429432571682
1890,0.5205612131993549,0,1,0,551463,54147,74181,33775,0.5015654525917966,0.38414731239052796
1891,0.520623685505131,18,37,18,551500,54110,74199,33757,0.5012227203675571,0.38418291281140815
1892,0.5206399125544932,11,38,11,551538,54072,74210,33746,0.5008707251102301,0.38427201712632947
1893,0.520643767041848,226,489,226,552027,53583,74436,33520,0.4963411019304161,0.3848317509155827
1894,0.5206587100846409,65,145,65,552172,53438,74501,33455,0.49499796213272074,0.38501375254623504
1895,0.5206589715870437,1,1,1,552173,53437,74502,33454,0.49498869909963317,0.38501110586827175
1896,0.5208538716021867,4,19,4,552192,53418,74506,33450,0.4948127014709697,0.38506699820417184
1897,0.5208548410312315,76,171,76,552363,53247,74582,33374,0.4932287228129979,0.38528763232934277
1898,0.5210025418719444,18,38,18,552401,53209,74600,33356,0.4928767275556708,0.3853289435684168
1899,0.521017317524197,6,13,6,552414,53196,74606,33350,0.4927563081255326,0.3853442100154831
1900,0.5210216353053921,2,3,2,552417,53193,74608,33348,0.49272851902626996,0.38534336326134433
1901,0.5210429760620965,14,48,14,552465,53145,74622,33334,0.4922838934380674,0.3854577411857214
1902,0.5211127240818388,123,160,123,552625,52985,74745,33211,0.4908018081440587,0.3852963014525036
1903,0.5211830385945043,19,55,19,552680,52930,74764,33192,0.4902923413242432,0.3854067485659878
1904,0.5212078551898531,10,20,10,552700,52910,74774,33182,0.49010708066249214,0.38542489429912186
1905,0.5213035071071765,56,139,56,552839,52771,74830,33126,0.4888195190633221,0.38564792716858565
1906,0.5213229366773389,0,2,0,552841,52769,74830,33126,0.48880099299714697,0.38565690668839864
1907,0.5213369451050639,2,0,2,552841,52769,74832,33124,0.48880099299714697,0.38564260184182647
1908,0.5213890121233982,177,460,177,553301,52309,75009,32947,0.48453999777687207,0.38644787463638924
1909,0.5214126682410889,25,35,25,553336,52274,75034,32922,0.4842157916188077,0.3864265927977839
1910,0.521412783472819,0,3,0,553339,52271,75034,32922,0.484188002519545,0.3864402004859554
1911,0.5214288132153144,5,18,5,553357,52253,75039,32917,0.48402126792396905,0.38648585182576023
1912,0.5214415290463579,114,172,114,553529,52081,75153,32803,0.4824280262329097,0.38644503086565196
1913,0.52145716955949,1,3,1,553532,52078,75154,32802,0.48240023713364705,0.38645146088595667
1914,0.5214574096194319,30,109,30,553641,51969,75184,32772,0.48139056652710366,0.3867313343009877
1915,0.5214953620759667,15,34,15,553675,51935,75199,32757,0.4810756234021268,0.38677797194540214
1916,0.5214973523349465,127,159,127,553834,51776,75326,32630,0.4796028011412057,0.38658389214036915
1917,0.5215603593567599,6,4,6,553838,51772,75332,32624,0.47956574900885546,0.38655860467320724
1918,0.5215648357497153,29,61,29,553899,51711,75361,32595,0.47900070399051464,0.38662728631414134
1919,0.5215649214435627,89,286,89,554185,51425,75450,32506,0.47635147652747417,0.3872943251003801
1920,0.5215858952255127,37,98,37,554283,51327,75487,32469,0.47544369928489383,0.38747672919948445
1921,0.5216107496953714,1,5,1,554288,51322,75488,32468,0.4753973841194561,0.38749254087599955
1922,0.521646852083171,66,270,66,554558,51052,75554,32402,0.47289636518581646,0.3882617969180626
1923,0.5217102953643272,0,6,0,554564,51046,75554,32402,0.4728407869872911,0.3882897133544243
1924,0.5217670626590515,57,162,57,554726,50884,75611,32345,0.47134017562710734,0.38862656045368804
1925,0.5218201359314647,0,2,0,554728,50882,75611,32345,0.47132164956093225,0.38863589940764415
1926,0.5218600046268096,2,2,2,554730,50880,75613,32343,0.4713031234947571,0.3886305468440215
1927,0.5218704167799043,1,1,1,554731,50879,75614,32342,0.47129386046166954,0.3886278703692578
1928,0.5218823712440211,3,4,3,554735,50875,75617,32339,0.4712568083293194,0.3886245102987478
1929,0.5218890415752584,0,8,0,554743,50867,75617,32339,0.47118270406461893,0.388661875345528
1930,0.5219906314810152,0,1,0,554744,50866,75617,32339,0.47117344103153136,0.3886665464815816
1931,0.5220001858649279,0,1,0,554745,50865,75617,32339,0.4711641779984438,0.3886712177299168
1932,0.5220667968006725,1,1,1,554746,50864,75618,32338,0.4711549149653563,0.38866854162159564
1933,0.5221277886263773,126,141,126,554887,50723,75744,32212,0.4698488273000111,0.3884005546512329
1934,0.5221790766012165,4,18,4,554905,50705,75748,32208,0.4696820927044351,0.3884553688806339
1935,0.5221968857441412,73,280,73,555185,50425,75821,32135,0.46708844343991995,0.38923207364341084
1936,0.5222331438648249,21,26,21,555211,50399,75842,32114,0.4668476045796436,0.3891992776895762
1937,0.5222530240969514,71,274,71,555485,50125,75913,32043,0.4643095335136537,0.3899693311264726
1938,0.522398440969713,0,1,0,555486,50124,75913,32043,0.46430027048056616,0.3899740771842711
1939,0.5225058837847083,17,24,17,555510,50100,75930,32026,0.46407795768646487,0.38996176606677546
1940,0.522517344453616,121,156,121,555666,49944,76051,31905,0.4626329245248064,0.38980317413774146
1941,0.5225481203533747,218,559,218,556225,49385,76269,31687,0.4574548890288636,0.3908501085454904
1942,0.5225721360850211,1,1,1,556226,49384,76270,31686,0.45744562599577604,0.3908474158134945
1943,0.5225780316837959,0,1,0,556227,49383,76270,31686,0.4574363629626885,0.3908522369833105
1944,0.5226442088055758,0,1,0,556228,49382,76270,31686,0.45742709992960096,0.3908570582720679
1945,0.5226604932654699,0,5,0,556233,49377,76270,31686,0.45738078476416316,0.39088116650012955
1946,0.5226752441871758,5,22,5,556255,49355,76275,31681,0.45717699803623696,0.39094970136729357
1947,0.5227398707739838,13,37,13,556292,49318,76288,31668,0.4568342658119975,0.39103054848986246
1948,0.5227666817553819,2,4,2,556296,49314,76290,31666,0.45679721367964726,0.39103482341318846
1949,0.5227681513900764,221,506,221,556802,48808,76511,31445,0.4521101189373448,0.3918233586283379
1950,0.5227819270901755,16,21,16,556823,48787,76527,31429,0.4519155952425062,0.3918046275057345
1951,0.5227833293818389,2,3,2,556826,48784,76529,31427,0.45188780614324353,0.39180411664235576
1952,0.5228104854985339,4,5,4,556831,48779,76533,31423,0.4518414909778058,0.39179820952095956
1953,0.5228363381373013,1,0,1,556831,48779,76534,31422,0.4518414909778058,0.39179062605204423
1954,0.5229446039267541,5,9,5,556840,48770,76539,31417,0.4517581236800178,0.39179667527155276
1955,0.5229728126110119,4,7,4,556847,48763,76543,31413,0.4516932824484049,0.39180053881460786
1956,0.5229770092068139,0,1,0,556848,48762,76543,31413,0.45168401941531733,0.3918054256314312
1957,0.5229836909234371,3,5,3,556853,48757,76546,31410,0.4516377042498796,0.39180710267316976
1958,0.5229910439511004,1,3,1,556856,48754,76547,31409,0.45160991515061694,0.3918141786110799
1959,0.5230138433813327,1,1,1,556857,48753,76548,31408,0.45160065211752937,0.3918114793977121
1960,0.523042060742308,36,70,36,556927,48683,76584,31372,0.4509522398014006,0.39188058209980636
1961,0.5230595921248702,45,85,45,557012,48598,76629,31327,0.4501648819889585,0.3919549577729121
1962,0.5230901714232126,3,2,3,557014,48596,76632,31324,0.45014635592278335,0.39194194194194193
1963,0.5231323351208429,0,1,0,557015,48595,76632,31324,0.4501370928896958,0.391946846181759
1964,0.5231570894765489,1,8,1,557023,48587,76633,31323,0.4500629886249954,0.3919784757852584
1965,0.5231888737110628,0,1,0,557024,48586,76633,31323,0.4500537255919078,0.3919833810959967
1966,0.523251588432226,1,5,1,557029,48581,76634,31322,0.45000741042647,0.3920003003641916
1967,0.5232676274098041,3,4,3,557033,48577,76637,31319,0.44997035829411985,0.3919970962250926
1968,0.5232841094756352,2,9,2,557042,48568,76639,31317,0.44988699099633184,0.39202603742880393
1969,0.523417082373619,2,10,2,557052,48558,76641,31315,0.4497943606654563,0.39205989508344496
1970,0.5234219172655152,0,1,0,557053,48557,76641,31315,0.44978509763236874,0.3920648036858974
1971,0.5234398612251023,0,2,0,557055,48555,76641,31315,0.44976657156619365,0.3920746212595468
1972,0.5235254739322631,0,2,0,557057,48553,76641,31315,0.4497480455000185,0.39208443932488607
1973,0.5235622337091279,0,4,0,557061,48549,76641,31315,0.4497109933676683,0.3921040769307823
1974,0.5235692711591187,0,1,0,557062,48548,76641,31315,0.4497017303345808,0.39210898663962035
1975,0.5236161072967056,4,15,4,557077,48533,76645,31311,0.44956278483826745,0.39215219678372826
1976,0.5236277342500193,0,7,0,557084,48526,76645,31311,0.44949794360665457,0.39218658015707003
1977,0.5236763655785384,0,5,0,557089,48521,76645,31311,0.4494516284412168,0.3922111434011424
1978,0.5237356387477584,6,21,6,557110,48500,76651,31305,0.44925710474637814,0.39226865484618756
1979,0.5237674079160379,1,0,1,557110,48500,76652,31304,0.44925710474637814,0.3922610395468899
1980,0.5237880703746651,32,53,32,557163,48447,76684,31272,0.4487661639927378,0.3922778760395891
1981,0.5238512456763867,123,264,123,557427,48183,76807,31149,0.44632072325762345,0.3926410527908032
1982,0.5239108862972264,147,404,147,557831,47779,76954,31002,0.4425784578902516,0.3935212805117985
1983,0.5239505598669723,0,2,0,557833,47777,76954,31002,0.4425599318240765,0.39353127102400387
1984,0.5240130980342643,2,1,2,557834,47776,76956,31000,0.4425506687909889,0.3935208693002945
1985,0.5240236293552207,0,5,0,557839,47771,76956,31000,0.44250435362555113,0.39354584809130266
1986,0.5240309603545747,1,2,1,557841,47769,76957,30999,0.44248582755937604,0.393548141377209
1987,0.5240593069555239,7,17,7,557858,47752,76964,30992,0.44232835599688763,0.39357919333536523
1988,0.5240677889934426,9,28,9,557886,47724,76973,30983,0.4420689910704361,0.39364986595855517
1989,0.5241581221592917,1,3,1,557889,47721,76974,30982,0.4420412019711734,0.39365716681702095
1990,0.5242324376811807,0,3,0,557892,47718,76974,30982,0.44201341287191076,0.39367217280813216
1991,0.5242439372822585,25,55,25,557947,47663,76999,30957,0.4415039460520953,0.3937547697786823
1992,0.524245873789589,1,3,1,557950,47660,77000,30956,0.44147615695283265,0.39376208405413654
1993,0.524262271299336,85,218,85,558168,47442,77085,30871,0.4394568157397458,0.3942001966467892
1994,0.5243009720310667,20,23,20,558191,47419,77105,30851,0.4392437659787321,0.394161236744602
1995,0.5243279539374083,59,131,59,558322,47288,77164,30792,0.43803030864426246,0.39436475409836064
1996,0.5243530746040845,3,3,3,558325,47285,77167,30789,0.4380025195449998,0.3943566360119886
1997,0.5244258989308944,20,30,20,558355,47255,77187,30769,0.4377246285523732,0.3943530195837178
1998,0.5244320084004849,6,26,6,558381,47229,77193,30763,0.4374837896920968,0.39443789106575033
1999,0.5244395016682039,3,6,3,558387,47223,77196,30760,0.4374282114935715,0.3944449431286306
2000,0.5244455832968399,218,519,218,558906,46704,77414,30542,0.43262069732113084,0.3953861688631127
2001,0.5244589986494939,14,19,14,558925,46685,77428,30528,0.4324446996924673,0.3953738360120705
2002,0.5245028686988717,7,21,7,558946,46664,77435,30521,0.43225017599762866,0.39542657252056745
2003,0.5245184632550965,4,8,4,558954,46656,77439,30517,0.4321760717329282,0.395436227696215
2004,0.5245796258428228,60,132,60,559086,46524,77499,30457,0.43095335136537105,0.39564308076018756
2005,0.5246231820536038,121,270,121,559356,46254,77620,30336,0.4284523324317314,0.3960830395613004
2006,0.5247051067928049,2,19,2,559375,46235,77622,30334,0.4282763348030679,0.3961655500267732
2007,0.5247305043205338,60,148,60,559523,46087,77682,30274,0.42690540590610987,0.39645892536766153
2008,0.5247307545979322,101,290,101,559813,45797,77783,30173,0.4242191263107192,0.3971699355008556
2009,0.5247327330902428,0,2,0,559815,45795,77783,30173,0.4242006002445441,0.3971803917438922
2010,0.5247358200494666,60,137,60,559952,45658,77843,30113,0.42293156471154914,0.3974211769674414
2011,0.5247654964307438,0,1,0,559953,45657,77843,30113,0.4229223016784616,0.397426422066781
2012,0.5248078236825429,0,4,0,559957,45653,77843,30113,0.4228852495461114,0.39744740384869204
2013,0.524940498196596,131,244,131,560201,45409,77974,29982,0.42062506947274814,0.3976867265323447
2014,0.5249566388219018,5,13,5,560214,45396,77979,29977,0.42050465004260995,0.39771536226500204
2015,0.5249910865535655,1,4,1,560218,45392,77980,29976,0.4204675979102597,0.39772847893004987
2016,0.5249913716412632,4,20,4,560238,45372,77984,29972,0.42028233724850866,0.39780208112125715
2017,0.5249937311405213,52,55,52,560293,45317,78036,29920,0.41977287042869316,0.39767667504020626
2018,0.5250174455405111,314,700,314,560993,44617,78350,29606,0.4132887472674052,0.39887905366261134
2019,0.525018316315633,315,654,315,561647,43963,78665,29291,0.4072307236281448,0.39985529800420455
2020,0.525031909549481,52,104,52,561751,43859,78717,29239,0.4062673681870392,0.39999726394703
2021,0.525044003776159,4,4,4,561755,43855,78721,29235,0.40623031605468896,0.399986318237789
2022,0.5250716070873003,1,0,1,561755,43855,78722,29234,0.40623031605468896,0.39997810888095336
2023,0.5251328961923069,16,32,16,561787,43823,78738,29218,0.4059338989958872,0.4000219055051273
2024,0.5251665852642281,1,1,1,561788,43822,78739,29217,0.40592463596279965,0.40001916784183794
2025,0.5252110482817398,53,128,53,561916,43694,78792,29164,0.4047389677275927,0.4002854868374098
2026,0.5252159983079038,10,11,10,561927,43683,78802,29154,0.4046370743636296,0.4002636022900449
2027,0.5252235144398704,26,79,26,562006,43604,78828,29128,0.4039052947497129,0.40048396854204477
2028,0.5252296187555707,3,4,3,562010,43600,78831,29125,0.40386824261736265,0.40048126503953246
2029,0.5252371022720879,756,1399,756,563409,42201,79587,28369,0.3909092593278743,0.4019980161541732
2030,0.5252749369660185,0,1,0,563410,42200,79587,28369,0.3908999962947868,0.40200371267837154
2031,0.5252935275541877,49,138,49,563548,42062,79636,28320,0.3896216977287043,0.4023756073996192
2032,0.5252946541332678,0,2,0,563550,42060,79636,28320,0.38960317166252917,0.40238704177323104
2033,0.525323505657045,3,15,3,563565,42045,79639,28317,0.38946422616621584,0.40244734373667607
2034,0.5253328975493161,2,9,2,563574,42036,79641,28315,0.3893808588684279,0.4024818410541428
2035,0.5253972715887132,0,1,0,563575,42035,79641,28315,0.3893715958353403,0.40248756218905474
2036,0.525487123474953,1007,2083,1007,565658,39952,80648,27308,0.37007669791396497,0.40600654177817425
2037,0.5255629119784806,4,5,4,565663,39947,80652,27304,0.3700303827485272,0.40600139774873234
2038,0.5255692900170569,3,4,3,565667,39943,80655,27301,0.36999333061617695,0.4059990482422223
2039,0.5256035007391462,351,711,351,566378,39232,81006,26950,0.3634073140909259,0.4072104197515941
2040,0.5256351559147906,9,13,9,566391,39219,81015,26941,0.36328689466078773,0.4072097944377267
2041,0.5256458834339902,41,142,41,566533,39077,81056,26900,0.36197154396235504,0.407717841065826
2042,0.5256489193748463,30,69,30,566602,39008,81086,26870,0.3613323946793138,0.40787516318042444
2043,0.5256710243180615,23,91,23,566693,38917,81109,26847,0.36048945866834636,0.40823246761145915
2044,0.5257133987666692,753,1488,753,568181,37429,81862,26094,0.34670606543406574,0.4107803472757899
2045,0.5257603288629975,1,1,1,568182,37428,81863,26093,0.34669680240097817,0.4107775381369941
2046,0.525777634413233,4,13,4,568195,37415,81867,26089,0.34657638297084,0.41082451499118167
2047,0.5257802951475146,34,68,34,568263,37347,81901,26055,0.3459464967208863,0.4109491814138355
2048,0.5257827433760014,4,17,4,568280,37330,81905,26051,0.3457890251583979,0.41102223063694165
2049,0.5258148020287589,367,698,367,568978,36632,82272,25684,0.339323428063285,0.4121573913601643
2050,0.5258372000972618,2,5,2,568983,36627,82274,25682,0.3392771128978473,0.41217159639859413
2051,0.5258401527755947,8,16,8,568999,36611,82282,25674,0.3391289043684464,0.4122019747932889
2052,0.525843145670507,48,132,48,569131,36479,82330,25626,0.33790618400088923,0.4126237823041623
2053,0.5258838418766013,48,85,48,569216,36394,82378,25578,0.33711882618844713,0.4127347834505906
2054,0.5258879393159104,186,341,186,569557,36053,82564,25392,0.33396013190559115,0.4132476198226056
2055,0.5259121973704881,748,1438,748,570995,34615,83312,24644,0.32063989032568824,0.4158693194282725
2056,0.5260444323101788,353,737,353,571732,33878,83665,24291,0.31381303494016083,0.41759356358197663
2057,0.5260985099561641,1,0,1,571732,33878,83666,24290,0.31381303494016083,0.4175835510933847
2058,0.5261386995230588,0,1,0,571733,33877,83666,24290,0.31380377190707326,0.4175907301390823
2059,0.526147921692789,0,2,0,571735,33875,83666,24290,0.3137852458408981,0.4176050889710307
2060,0.5261639722996712,16,29,16,571764,33846,83682,24274,0.3135166178813591,0.4176531314521679
2061,0.5261672013518568,723,1386,723,573150,32460,84405,23551,0.300678054022009,0.420470978914856
2062,0.526219234222985,0,2,0,573152,32458,84405,23551,0.30065952795583384,0.42048599332250175
2063,0.5262195696167348,0,1,0,573153,32457,84405,23551,0.3006502649227463,0.4204935009284388
2064,0.5262213260023315,123,317,123,573470,32140,84528,23428,0.29771388343399163,0.4216095594586813
2065,0.5262548861154838,0,1,0,573471,32139,84528,23428,0.29770462040090406,0.42161714686774526
2066,0.5262922034906742,18,59,18,573530,32080,84546,23410,0.2971581014487384,0.42187781582267075
2067,0.5263606342860125,1,2,1,573532,32078,84547,23409,0.29713957538256325,0.4218826031322652
2068,0.5263772480502061,6,19,6,573551,32059,84553,23403,0.29696357775389975,0.4219645883668097
2069,0.5263953467440844,5,7,5,573558,32052,84558,23398,0.2968987365222869,0.42196573489630296
2070,0.5264264754093736,8,7,8,573565,32045,84566,23390,0.296833895290674,0.421935600252548
2071,0.5264313202019012,42,128,42,573693,31917,84608,23348,0.29564822705546706,0.4224735365963992
2072,0.5264808619380423,0,2,0,573695,31915,84608,23348,0.2956297009892919,0.42248882615855093
2073,0.5264868750131437,55,57,55,573752,31858,84663,23293,0.29510170810330133,0.4223495494188682
2074,0.5265174037093814,0,2,0,573754,31856,84663,23293,0.29508318203712625,0.422364866090047
2075,0.526523668992635,6,4,6,573758,31852,84669,23287,0.295046129904776,0.4223326502112842
2076,0.5265283766025738,1,5,1,573763,31847,84670,23286,0.29499981473933823,0.42236047376344477
2077,0.5265325814292728,34,74,34,573837,31773,84704,23252,0.29431435029085923,0.4225715583825534
2078,0.5265447649227196,0,1,0,573838,31772,84704,23252,0.29430508725777166,0.4225792381506252
2079,0.5265656839934196,1,0,1,573838,31772,84705,23251,0.29430508725777166,0.4225687439797903
2080,0.5265992965386819,3,3,3,573841,31769,84708,23248,0.294277298158509,0.4225602995437774
2081,0.5266284798029609,3,6,3,573847,31763,84711,23245,0.2942217199599837,0.42257489819662597
2082,0.5266413528907148,121,288,121,574135,31475,84832,23124,0.2915539664307681,0.42352424037070274
2083,0.5266812275661723,1,1,1,574136,31474,84833,23123,0.2915447033976805,0.42352143890689964
2084,0.5267129320127131,178,300,178,574436,31174,85011,22945,0.2887657934714143,0.4239730963247658
2085,0.5267804565536767,9,13,9,574449,31161,85020,22936,0.28864537404127605,0.42397914856646396
2086,0.5268085802471074,0,5,0,574454,31156,85020,22936,0.2885990588758383,0.4240183391259336
2087,0.5268100546810819,115,305,115,574759,30851,85135,22821,0.2857738337841343,0.4251937695632732
2088,0.5268241791850402,1,0,1,574759,30851,85136,22820,0.2857738337841343,0.4251830597529392
2089,0.5268479468659887,2,7,2,574766,30844,85138,22818,0.2857089925525214,0.42521709962356974
2090,0.5268770292550802,0,2,0,574768,30842,85138,22818,0.2856904664863463,0.42523294819232205
2091,0.5268790872626526,5,13,5,574781,30829,85143,22813,0.2855700470562081,0.4252824279482495
2092,0.5268826684402597,1,2,1,574783,30827,85144,22812,0.285551520990033,0.4252875706109361
2093,0.5269204905719949,24,28,24,574811,30799,85168,22788,0.28529215606358144,0.4252523933043462
2094,0.5269410174726825,0,2,0,574813,30797,85168,22788,0.28527362999740635,0.42526826537277224
2095,0.5269972440110725,1,3,1,574816,30794,85169,22787,0.2852458408981437,0.4252813497321812
2096,0.5270137824525412,19,23,19,574839,30771,85188,22768,0.2850327911371299,0.4252600907749491
2097,0.5270144220981008,3,4,3,574843,30767,85191,22765,0.2849957390047797,0.4252596577747889
2098,0.527014533344692,17,25,17,574868,30742,85208,22748,0.28476416317759085,0.42527575247709853
2099,0.5270279570063875,2,4,2,574872,30738,85210,22746,0.2847271110452407,0.42528606686111736
2100,0.5270669846714151,33,61,33,574933,30677,85243,22713,0.28416206602689986,0.42541674470874696
2101,0.5271157641328226,52,46,52,574979,30631,85295,22661,0.2837359665048724,0.4252232980559934
2102,0.527127605592996,22,76,22,575055,30555,85317,22639,0.28303197599021823,0.42559311200511335
2103,0.5271566702659015,1,1,1,575056,30554,85318,22638,0.28302271295713066,0.4255903143329824
2104,0.5271951084370994,1,5,1,575061,30549,85319,22637,0.2829763977916929,0.42561952393487007
2105,0.5271964675183016,36,71,36,575132,30478,85355,22601,0.2823187224424766,0.42579928031801656
2106,0.52723498093232,6,12,6,575144,30466,85361,22595,0.2822075660454259,0.42583064774504814
2107,0.5272720880521667,0,6,0,575150,30460,85361,22595,0.2821519878469006,0.42587880501366504
2108,0.5273426113335888,2,1,2,575151,30459,85363,22593,0.28214272481381303,0.4258651888712961
2109,0.5273676465549256,0,1,0,575152,30458,85363,22593,0.28213346178072546,0.42587321633899455
2110,0.5273974768108676,22,26,22,575178,30432,85385,22571,0.2818926229204491,0.42584382016112293
2111,0.5274002166632534,2,6,2,575184,30426,85387,22569,0.2818370447219237,0.42587036512878573
2112,0.5274649796552817,16,48,16,575232,30378,85403,22553,0.28139241913372115,0.42608301373486235
2113,0.5275271065982563,11,28,11,575260,30350,85414,22542,0.28113305420726964,0.42618921576041746
2114,0.5275329668470115,21,21,21,575281,30329,85435,22521,0.280938530512431,0.4261305581835383
2115,0.5275922251639881,29,67,29,575348,30262,85464,22492,0.2803179072955649,0.4263562952572317
2116,0.5276005575727162,18,29,18,575377,30233,85482,22474,0.2800492793360258,0.42639497599939286
2117,0.5276019984273905,11,29,11,575406,30204,85493,22463,0.2797806513764867,0.4265099587977291
2118,0.5276296326028254,7,26,7,575432,30178,85500,22456,0.2795398125162103,0.4266443743587795
2119,0.5276492896023731,1,2,1,575434,30176,85501,22455,0.2795212864500352,0.4266496931466246
2120,0.5277549169448897,20,51,20,575485,30125,85521,22435,0.27904887176256993,0.4268455098934551
2121,0.5278056320275117,17,32,17,575517,30093,85538,22418,0.2787524547037682,0.4269200738892803
2122,0.5278066324325412,5,9,5,575526,30084,85543,22413,0.27866908740598023,0.42693868221041203
2123,0.5278201770222017,8,12,8,575538,30072,85551,22405,0.27855793100892956,0.4269489490633992
2124,0.5278528754237157,27,62,27,575600,30010,85578,22378,0.27798362295750123,0.4271588913491639
2125,0.5278676664695544,0,1,0,575601,30009,85578,22378,0.27797435992441366,0.42716704525932003
2126,0.5278815435683823,32,66,32,575667,29943,85610,22346,0.27736299974063505,0.42735565797777736
2127,0.5279055641697873,0,5,0,575672,29938,85610,22346,0.2773166845751973,0.42739652666207634
2128,0.527930764979517,4,7,4,575679,29931,85614,22342,0.27725184334358444,0.42740994394811854
2129,0.527949912150938,1,0,1,575679,29931,85615,22341,0.27725184334358444,0.4273989898989899
2130,0.527950550700117,0,1,0,575680,29930,85615,22341,0.27724258031049687,0.4274071664976756
2131,0.5279511682696303,112,144,112,575824,29786,85727,22229,0.2759087035458891,0.42735749303085646
2132,0.5279587858327961,1,3,1,575827,29783,85728,22228,0.2758809144466264,0.42737113302955143
2133,0.5280189466842888,16,18,16,575845,29765,85744,22212,0.2757141798510504,0.42734286318948767
2134,0.528041263814136,0,3,0,575848,29762,85744,22212,0.27568639075178775,0.42736752991880556
2135,0.5281442380684751,0,5,0,575853,29757,85744,22212,0.27564007558635,0.4274086474629106
2136,0.5281676831818535,10,30,10,575883,29727,85754,22202,0.27536218459372336,0.42754530223959636
2137,0.5281782319895232,13,29,13,575912,29698,85767,22189,0.2750935566341843,0.4276408348912059
2138,0.5281819811893069,0,2,0,575914,29696,85767,22189,0.2750750305680092,0.42765731907102245
2139,0.5281856899486612,2,3,2,575917,29693,85769,22187,0.27504724146874654,0.42765998457979953
2140,0.528235174563508,1,2,1,575919,29691,85770,22186,0.2750287154025714,0.42766543940474583
2141,0.5282401734942124,4,26,4,575945,29665,85774,22182,0.27478787654229503,0.4278357474878006
2142,0.528244036102581,133,166,133,576111,29499,85907,22049,0.273250213049761,0.42773725459765655
2143,0.5283091815048019,1,1,1,576112,29498,85908,22048,0.2732409500166735,0.4277344507818259
2144,0.5283107369324764,16,23,16,576135,29475,85924,22032,0.2730279002556597,0.4277476847807094
2145,0.528337455756626,144,158,144,576293,29317,86068,21888,0.2715643410278262,0.4274582560296846
2146,0.5283481949657615,1,2,1,576295,29315,86069,21887,0.27154581496165103,0.4274637709464474
2147,0.5283832943166814,37,136,37,576431,29179,86106,21850,0.27028604246174365,0.4281878931587921
2148,0.5284046793498394,0,3,0,576434,29176,86106,21850,0.270258253362481,0.42821306784776386
2149,0.5284459794111964,5,27,5,576461,29149,86111,21845,0.27000815146911705,0.4283837314193827
2150,0.5285189162792003,177,244,177,576705,28905,86288,21668,0.26774797139575385,0.42844996341921576
2151,0.5285866354528007,69,191,69,576896,28714,86357,21599,0.26597873207603095,0.4292926281477948
2152,0.5287447856451108,11,13,11,576909,28701,86368,21588,0.26585831264589277,0.4292787687168168
2153,0.5288122526485847,37,137,37,577046,28564,86405,21551,0.26458927711289787,0.4300309288636137
2154,0.5289056370459553,33,66,33,577112,28498,86438,21518,0.26397791692911926,0.43022232885476647
2155,0.5290400342557163,51,52,51,577164,28446,86489,21467,0.26349623920856646,0.43008835373549975
2156,0.5290626770738689,131,142,131,577306,28304,86620,21336,0.26218088851013377,0.4298146655922643
2157,0.5290877997317415,113,158,113,577464,28146,86733,21223,0.2607173292823002,0.4298851506005793
2158,0.5291153388021144,81,116,81,577580,28030,86814,21142,0.2596428174441439,0.429960139917026
2159,0.5293568027040518,1,0,1,577580,28030,86815,21141,0.2596428174441439,0.42994854690773016
2160,0.52936526727715,10,14,10,577594,28016,86825,21131,0.25951313498091816,0.4299550328606019
2161,0.529434260686048,36,125,36,577719,27891,86861,21095,0.2583552558449739,0.4306332421508186
2162,0.5294451474920836,105,153,105,577872,27738,86966,20990,0.2569380117825781,0.43075849614184863
2163,0.5295492371249061,210,282,210,578154,27456,87176,20780,0.25432583645188783,0.43079857367940955
2164,0.529649516737849,48,79,48,578233,27377,87224,20732,0.25359405683797104,0.43093807811428214
2165,0.52967116436527,41,51,41,578284,27326,87265,20691,0.25312164215050575,0.43090988608201264
2166,0.5296920798764827,196,302,196,578586,27024,87461,20495,0.2503242061580644,0.4313011637450283
2167,0.5297398411777402,1,4,1,578590,27020,87462,20494,0.25028715402571416,0.4313255040619607
2168,0.5297513914372068,1,1,1,578591,27019,87463,20493,0.25027789099262665,0.4313226132345513
2169,0.5297635616303827,25,147,25,578738,26872,87488,20468,0.24891622512875616,0.43236163920574566
2170,0.5297916687078618,210,293,210,579031,26579,87698,20258,0.2462021564341028,0.43252129726498284
2171,0.5298308424923834,52,103,52,579134,26476,87750,20206,0.2452480640260847,0.4328434942804507
2172,0.5298451947452951,1,1,1,579135,26475,87751,20205,0.24523880099299714,0.432840616966581
2173,0.5298652449189547,0,1,0,579136,26474,87751,20205,0.2452295379599096,0.43284988967201526
2174,0.5299027035320646,0,1,0,579137,26473,87751,20205,0.24522027492682205,0.4328591627747547
2175,0.5299759520475338,0,3,0,579140,26470,87751,20205,0.24519248582755937,0.4328869844670595
2176,0.530017796896107,1,0,1,579140,26470,87752,20204,0.24519248582755937,0.43287483395466425
2177,0.5300274650935873,8,20,8,579160,26450,87760,20196,0.24500722516580828,0.43296316940359303
2178,0.5301718034773627,0,3,0,579163,26447,87760,20196,0.24497943606654562,0.43299101687284264
2179,0.5302380033010982,0,1,0,579164,26446,87760,20196,0.24497017303345808,0.4330003001586553
2180,0.5302571673623044,41,101,41,579265,26345,87801,20155,0.2440346066916151,0.43344086021505374
2181,0.530326238957515,7,28,7,579293,26317,87808,20148,0.24377524176516358,0.43361670074249437
2182,0.5303870077278089,0,1,0,579294,26316,87808,20148,0.24376597873207603,0.43362603305785125
2183,0.5304923196501383,10,9,10,579303,26307,87818,20138,0.24368261143428804,0.43358811497470123
2184,0.5305125845373142,45,105,45,579408,26202,87863,20093,0.24270999296009485,0.43402095258667245
2185,0.53051717244994,213,263,213,579671,25939,88076,19880,0.2402738152580681,0.4338811410113708
2186,0.5305800217007841,3,3,3,579674,25936,88079,19877,0.24024602615880544,0.43387248161002334
2187,0.5305871761381507,3,4,3,579678,25932,88082,19874,0.24020897402645522,0.4338732917085098
2188,0.5305885951963162,165,235,165,579913,25697,88247,19709,0.23803216125087998,0.43406157776505305
2189,0.5306307146321514,32,80,32,579993,25617,88279,19677,0.23729111860387564,0.4344284011127302
2190,0.5307988446899712,164,242,164,580235,25375,88443,19513,0.23504946459668755,0.4347041525574764
2191,0.5308204927366447,36,99,36,580334,25276,88479,19477,0.23413242432101966,0.4352110473040913
2192,0.5308249061539707,1,0,1,580334,25276,88480,19476,0.23413242432101966,0.43519842688594923
2193,0.5308270399296324,29,75,29,580409,25201,88509,19447,0.23343769683945312,0.435562623185809
2194,0.5308662913443702,244,283,244,580692,24918,88753,19203,0.23081625847567527,0.4352349221459169
2195,0.5309188625738599,2,13,2,580705,24905,88755,19201,0.23069583904553706,0.43533759579195574
2196,0.5310298590312301,1,2,1,580707,24903,88756,19200,0.23067731297936198,0.435344534385416
2197,0.5310715669304024,11,17,11,580724,24886,88767,19189,0.23051984141687354,0.4353715258082813
2198,0.5310962121697999,2,8,2,580732,24878,88769,19187,0.23044573715217312,0.43542494042891183
2199,0.5310996647176852,6,9,6,580741,24869,88775,19181,0.23036236985438513,0.43543700340522135
2200,0.5311002578756439,1,2,1,580743,24867,88776,19180,0.23034384378821002,0.4354439575907553
2201,0.5311726934290708,41,100,41,580843,24767,88817,19139,0.2294175404794546,0.4359085318635266
2202,0.5312017270537683,1,5,1,580848,24762,88818,19138,0.22937122531401682,0.4359453302961276
2203,0.5312157100844029,37,83,37,580931,24679,88855,19101,0.22860239356774983,0.43629511192325265
2204,0.5312229819731278,0,3,0,580934,24676,88855,19101,0.22857460446848715,0.43632501085044656
2205,0.531278021590645,3,1,3,580935,24675,88858,19098,0.2285653414353996,0.43629634706325815
2206,0.5312846717655388,5,7,5,580942,24668,88863,19093,0.22850050020378673,0.43630172985078036
2207,0.5313687037255354,3,4,3,580946,24664,88866,19090,0.2284634480714365,0.43630296658591217
2208,0.5313776088795005,3,6,3,580952,24658,88869,19087,0.22840786987291117,0.43632415133158076
2209,0.5314781733143173,0,1,0,580953,24657,88869,19087,0.22839860683982363,0.43633412582297
2210,0.5314984825302418,35,106,35,581059,24551,88904,19052,0.2274167253325429,0.4369424122193427
2211,0.531535408527937,63,83,63,581142,24468,88967,18989,0.22664789358627588,0.4369606737694733
2212,0.5315418272409892,43,89,43,581231,24379,89010,18946,0.22582348364148358,0.4372994806693595
2213,0.5315420078065058,1,3,1,581234,24376,89011,18945,0.2257956945422209,0.4373167747743589
2214,0.5315659279761883,0,4,0,581238,24372,89011,18945,0.22575864240987067,0.4373571576979015
2215,0.5316680799716076,2,9,2,581247,24363,89013,18943,0.2256752751120827,0.43742206622638896
2216,0.5316969010055999,113,135,113,581382,24228,89126,18830,0.2244247656452629,0.43731710715778715
2217,0.5317498725698424,9,25,9,581407,24203,89135,18821,0.22419318981807404,0.43745351431759016
2218,0.5317928320923218,79,110,79,581517,24093,89214,18742,0.22317425617844308,0.4375393953542664
2219,0.5318068075757122,26,48,26,581565,24045,89240,18716,0.22272963059024048,0.4376885479759594
2220,0.5318156312718033,23,50,23,581615,23995,89263,18693,0.22226647893586277,0.4378982383808096
2221,0.5318502310780076,23,49,23,581664,23946,89286,18670,0.2218125903145726,0.43809836681058756
2222,0.5318677057685088,0,1,0,581665,23945,89286,18670,0.22180332728148505,0.43810864718995657
2223,0.5319463271975582,0,1,0,581666,23944,89286,18670,0.22179406424839748,0.43811892805181396
2224,0.5319547746801889,1,4,1,581670,23940,89287,18669,0.2217570121160473,0.4381468703794973
2225,0.5321109921844454,8,27,8,581697,23913,89295,18661,0.22150691022268332,0.4383191619298163
2226,0.532209457776301,4,21,4,581718,23892,89299,18657,0.22131238652784468,0.4384826905450187
2227,0.5323337482128396,1,3,1,581721,23889,89300,18656,0.221284597428582,0.4385004113291809
2228,0.5323436354454847,1,3,1,581724,23886,89301,18655,0.22125680832931935,0.4385181354458052
2229,0.5323805081893781,11,9,11,581733,23877,89312,18644,0.22117344103153136,0.4384656993015216
2230,0.532437535949383,28,34,28,581767,23843,89340,18616,0.2208584979065545,0.4384465013306955
2231,0.5324850876848728,2,3,2,581770,23840,89342,18614,0.22083070880729186,0.4384510293494135
2232,0.5324994419650539,1,8,1,581778,23832,89343,18613,0.22075660454259144,0.4385204382141595
2233,0.5325083853539877,4,2,4,581780,23830,89347,18609,0.22073807847641633,0.43848818303918563
2234,0.5325148723199493,7,7,7,581787,23823,89354,18602,0.22067323724480345,0.4384678845020625
2235,0.5325271476570634,1,0,1,581787,23823,89355,18601,0.22067323724480345,0.4384546483122761
2236,0.5325846638006626,24,40,24,581827,23783,89379,18577,0.22030271592130127,0.4385505193578848
2237,0.5325956426625527,0,1,0,581828,23782,89379,18577,0.22029345288821373,0.4385608725418447
2238,0.532610944354692,163,240,163,582068,23542,89542,18414,0.21807032494720072,0.4388883592334827
2239,0.5326244919313499,30,67,30,582135,23475,89572,18384,0.2174497017303346,0.43918870493800616
2240,0.5326299548613378,1,2,1,582137,23473,89573,18383,0.21743117566415948,0.4391962920489297
2241,0.5327691397114421,19,46,19,582183,23427,89592,18364,0.217005076142132,0.43942475652652485
2242,0.5328444509416899,8,32,8,582215,23395,89600,18356,0.21670865908333026,0.4396541400205983
2243,0.5328630696317419,13,26,13,582241,23369,89613,18343,0.21646782022305383,0.4397535481396241
2244,0.5329118552862282,1,2,1,582243,23367,89614,18342,0.21644929415687872,0.43976120261813995
2245,0.533046381557582,9,17,9,582260,23350,89623,18333,0.2162918225943903,0.4398195907204376
2246,0.5331108315479665,2,3,2,582263,23347,89625,18331,0.21626403349512766,0.43982436777196604
2247,0.533115300001237,0,4,0,582267,23343,89625,18331,0.21622698136277743,0.4398665834813073
2248,0.5331196825147881,3,10,3,582277,23333,89628,18328,0.21613435103190187,0.4399318307289791
2249,0.5331355323304359,0,1,0,582278,23332,89628,18328,0.21612508799881433,0.43994239078252523
2250,0.5331496917830264,4,19,4,582297,23313,89632,18324,0.2159490903701508,0.44008934361265223
2251,0.533164735367088,0,2,0,582299,23311,89632,18324,0.2159305643039757,0.44011048396781555
2252,0.5332211262170329,1,11,1,582310,23300,89633,18323,0.2158286709400126,0.4402133435840761
2253,0.5332849340780663,0,1,0,582311,23299,89633,18323,0.21581940790692505,0.44022392004228533
2254,0.5333155310334002,1,0,1,582311,23299,89634,18322,0.21581940790692505,0.4402104706758607
2255,0.5333193152128936,54,81,54,582392,23218,89688,18268,0.21506910222683315,0.4403413199633611
2256,0.5333279897128621,0,2,0,582394,23216,89688,18268,0.21505057616065804,0.44036254941664255
2257,0.5333378474586208,78,112,78,582506,23104,89766,18190,0.21401311645485196,0.44049983048384755
2258,0.5333427627454421,614,872,614,583378,22232,90380,17576,0.2059357516025047,0.4415192926045016
2259,0.5333858607093814,0,1,0,583379,22231,90380,17576,0.20592648856941717,0.4415303841032984
2260,0.5334010437317015,431,646,431,584025,21585,90811,17145,0.19994256919485717,0.44268009295120064
2261,0.5334146090187167,90,184,90,584209,21401,90901,17055,0.19823817110674719,0.44349386311628874
2262,0.5335359956391527,139,266,139,584475,21135,91040,16916,0.19577420430545778,0.44456124674778585
2263,0.5335485980117649,12,31,12,584506,21104,91052,16904,0.1954870502797436,0.4447484740054725
2264,0.5335509491983971,1,2,1,584508,21102,91053,16903,0.1954685242135685,0.44475726878042365
2265,0.5335894545638888,4,9,4,584517,21093,91057,16899,0.1953851569157805,0.44480416929879973
2266,0.5336493942124086,4,8,4,584525,21085,91061,16895,0.19531105265108006,0.44483938915218535
2267,0.5337258733334409,7,6,7,584531,21079,91068,16888,0.19525547445255476,0.4448073326836463
2268,0.5337293244333365,0,1,0,584532,21078,91068,16888,0.19524621141946719,0.44481904862245164
2269,0.5337408298343908,0,1,0,584533,21077,91068,16888,0.19523694838637964,0.4448307651784538
2270,0.5337482602431682,446,655,446,585188,20422,91514,16442,0.18916966171403166,0.4460177951388889
2271,0.5337905668838603,109,195,109,585383,20227,91623,16333,0.18736337026195857,0.44674507658643325
2272,0.533807038413758,0,1,0,585384,20226,91623,16333,0.18735410722887103,0.44675729642495693
2273,0.5338117956775689,91,116,91,585500,20110,91714,16242,0.18627959539071473,0.4467979753521127
2274,0.5338146157903497,39,45,39,585545,20065,91753,16203,0.1858627589017748,0.44675747215175915
2275,0.533890260449947,7,14,7,585559,20051,91760,16196,0.18573307643854903,0.44682318536706483
2276,0.5339160584490432,4,20,4,585579,20031,91764,16192,0.18554781577679796,0.44700880655936837
2277,0.5339374487932534,439,653,439,586232,19378,92203,15753,0.17949905517062506,0.44840738948507014
2278,0.5339561071018262,3,1,3,586233,19377,92206,15750,0.17948979213753752,0.44837304637458364
2279,0.5339657419571038,99,184,99,586417,19193,92305,15651,0.17778539404942753,0.4491734588451383
2280,0.5340129318219449,15,31,15,586448,19162,92320,15636,0.17749824002371337,0.44933616874533017
2281,0.5340332836380055,449,663,449,587111,18499,92769,15187,0.17135684908666493,0.4508401116190702
2282,0.534067836056362,53,66,53,587177,18433,92822,15134,0.17074548890288635,0.4508594750796914
2283,0.5341915641400149,0,2,0,587179,18431,92822,15134,0.17072696283671127,0.4508863399374348
2284,0.5341971759088494,3,5,3,587184,18426,92825,15131,0.17068064767127347,0.4509044312662038
2285,0.5342115368182102,186,267,186,587451,18159,93011,14945,0.16820741783689652,0.45145601739971003
2286,0.534270957401711,0,1,0,587452,18158,93011,14945,0.16819815480380895,0.4514696553182491
2287,0.5343144276274002,5,8,5,587460,18150,93016,14940,0.16812405053910853,0.4514959202175884
2288,0.5343203698256336,1,2,1,587462,18148,93017,14939,0.16810552447293342,0.45150663402544805
2289,0.5343401350542252,0,2,0,587464,18146,93017,14939,0.1680869984067583,0.4515339277618256
2290,0.5343445090039557,4,9,4,587473,18137,93021,14935,0.16800363110897032,0.45159046927914853
2291,0.534386662679307,4,8,4,587481,18129,93025,14931,0.1679295268442699,0.4516333938294011
2292,0.5343935719498762,4,13,4,587494,18116,93029,14927,0.1678091074141317,0.45174469630481495
2293,0.534419416725038,105,168,105,587662,17948,93134,14822,0.16625291785542257,0.45230393652731155
2294,0.5344581681575895,0,1,0,587663,17947,93134,14822,0.16624365482233502,0.45231773932680275
2295,0.5345191826125173,0,3,0,587666,17944,93134,14822,0.16621586572307237,0.45235915278032107
2296,0.534592969520227,4,12,4,587678,17932,93138,14818,0.1661047093260217,0.45245801526717555
2297,0.534598357908341,0,2,0,587680,17930,93138,14818,0.16608618325984661,0.4524856479785025
2298,0.5346016417222927,79,99,79,587779,17831,93217,14739,0.16516914298417873,0.4525330058335892
2299,0.5346290411607176,87,103,87,587882,17728,93304,14652,0.16421505057616065,0.4525015441630636
2300,0.53465041165277,19,22,19,587904,17706,93323,14633,0.16401126384823447,0.45248770833977553
2301,0.5346558191670712,9,20,9,587924,17686,93332,14624,0.16382600318648338,0.4526152893840916
2302,0.5346603572833573,1,2,1,587926,17684,93333,14623,0.16380747712030827,0.45262636580307675
2303,0.5347332651515189,5,7,5,587933,17677,93338,14618,0.1637426358886954,0.45263972751199877
2304,0.5347714592078805,90,129,90,588062,17548,93428,14528,0.1625477046204009,0.45292430477615664
2305,0.5348021562443372,0,1,0,588063,17547,93428,14528,0.16253844158731334,0.45293842556508185
2306,0.5348548699633431,23,67,23,588130,17480,93451,14505,0.16191781837044722,0.45349382523057685
2307,0.5348555032766789,103,109,103,588239,17371,93554,14402,0.1609081477639038,0.453277940389639
2308,0.5348806113342819,0,2,0,588241,17369,93554,14402,0.1608896216977287,0.4533064744578389
2309,0.5349307373489592,88,104,88,588345,17265,93642,14314,0.15992626625662307,0.45327591120681465
2310,0.5349449620908073,3,5,3,588350,17260,93645,14311,0.1598799510911853,0.45329574609610085
2311,0.5349568254971757,2,6,2,588356,17254,93647,14309,0.15982437289265997,0.45334727370655514
2312,0.5349823747258295,0,5,0,588361,17249,93647,14309,0.1597780577272222,0.45341910133722035
2313,0.5349974615376867,0,5,0,588366,17244,93647,14309,0.15973174256178443,0.4534909517320065
2314,0.5350550586815037,14,19,14,588385,17225,93661,14295,0.1595557449331209,0.4535215736040609
2315,0.5351014621780836,1,1,1,588386,17224,93662,14294,0.15954648190003334,0.45351862427819023
2316,0.5351150333859965,3,14,3,588400,17210,93665,14291,0.1594167994368076,0.45366813751944385
2317,0.5351334360180637,6,13,6,588413,17197,93671,14285,0.15929638000666937,0.45375134997776506
2318,0.5351870331370863,1,0,1,588413,17197,93672,14284,0.15929638000666937,0.45373399828467964
2319,0.5351884320189331,10,6,10,588419,17191,93682,14274,0.15924080180814407,0.4536469092642619
2320,0.5351903988336384,2,2,2,588421,17189,93684,14272,0.15922227574196895,0.45364101586090716
2321,0.5352419811519943,19,27,19,588448,17162,93703,14253,0.158972173848605,0.45370046156294763
2322,0.5352693269710829,6,24,6,588472,17138,93709,14247,0.1587498610545037,0.45394296638521586
2323,0.5352954134889828,3,2,3,588474,17136,93712,14244,0.1587313349883286,0.45391969407265775
2324,0.5354455397311425,14,20,14,588494,17116,93726,14230,0.1585460743265775,0.4539654182351815
2325,0.5354952563365124,82,126,82,588620,16990,93808,14148,0.15737893215754567,0.454364442160704
2326,0.5355312456777498,2,11,2,588631,16979,93810,14146,0.15727703879358257,0.4544899598393574
2327,0.5355386581089359,11,18,11,588649,16961,93821,14135,0.1571103041980066,0.45456007203498844
2328,0.5356157264714446,1,1,1,588650,16960,93822,14134,0.15710104116491905,0.45455714928925195
2329,0.5356382590792738,4,0,4,588650,16960,93826,14130,0.15710104116491905,0.45448697330331295
2330,0.5356521817870143,8,4,8,588654,16956,93834,14122,0.15706398903256882,0.45440504536971493
2331,0.5356832783966674,1,1,1,588655,16955,93835,14121,0.15705472599948128,0.4544021109537907
2332,0.5357649039946314,3,8,3,588663,16947,93838,14118,0.15698062173478083,0.45446644133268954
2333,0.5357672765652544,3,0,3,588663,16947,93841,14115,0.15698062173478083,0.45441375313888355
2334,0.5358305948586999,51,70,51,588733,16877,93892,14064,0.15633220941865206,0.4545425164021848
2335,0.5358381399540995,11,33,11,588766,16844,93903,14053,0.15602652932676275,0.45483380263455997
2336,0.53588350512343,0,2,0,588768,16842,93903,14053,0.15600800326058764,0.454863246480013
2337,0.535904695273463,4,7,4,588775,16835,93907,14049,0.15594316202897476,0.45489573889392565
2338,0.5359496303346702,14,22,14,588797,16813,93921,14035,0.1557393753010486,0.4549727697095436
2339,0.535971124137623,0,2,0,588799,16811,93921,14035,0.15572084923487348,0.4550022693380017
2340,0.5359779826281275,9,10,9,588809,16801,93930,14026,0.15562821890399792,0.4549907548577546
2341,0.535995146947396,110,84,110,588893,16717,94040,13916,0.15485012412464338,0.4542813305911925
2342,0.5360000233240932,10,19,10,588912,16698,94050,13906,0.15467412649597984,0.4543850477061822
2343,0.5360038630471318,10,15,10,588927,16683,94060,13896,0.15453518099966654,0.4544295104483469
2344,0.5360181605328405,2,6,2,588933,16677,94062,13894,0.1544796028011412,0.45448300677112297
2345,0.5360775570713965,2,1,2,588934,16676,94064,13892,0.15447033976805366,0.4544621826746925
2346,0.5361130996008894,4,8,4,588942,16668,94068,13888,0.1543962355033532,0.4545097525854169
2347,0.5361752340237749,6,3,6,588945,16665,94074,13882,0.15436844640409056,0.45444724522866403
2348,0.5361929168878047,21,25,21,588970,16640,94095,13861,0.1541368705769017,0.45444411658634143
2349,0.5362704908587654,111,180,111,589150,16460,94206,13750,0.15246952462114194,0.4551473022178087
2350,0.5362852029247749,5,12,5,589162,16448,94211,13745,0.1523583682240913,0.4552379690656775
2351,0.5362886017017494,27,28,27,589190,16420,94238,13718,0.15209900329763978,0.45517287145796004
2352,0.5363036721037344,0,1,0,589191,16419,94238,13718,0.15208974026455221,0.45518797491455687
2353,0.5363072587694634,0,12,0,589203,16407,94238,13718,0.15197858386750157,0.4553692946058091
2354,0.5363579082748255,3,7,3,589210,16400,94241,13715,0.1519137426358887,0.45542088660136143
2355,0.5364093215390477,95,102,95,589312,16298,94336,13620,0.15096891326095818,0.4552443345143392
2356,0.5364154545008946,86,77,86,589389,16221,94422,13534,0.1502556597132165,0.4548479247185347
2357,0.5364300269040225,3,11,3,589400,16210,94425,13531,0.1501537663492534,0.4549611647221008
2358,0.5364647223588652,0,2,0,589402,16208,94425,13531,0.1501352402830783,0.45499176165977334
2359,0.5364761312945302,19,31,19,589433,16177,94444,13512,0.14984808625736412,0.4551180571928997
2360,0.5364766802668847,55,107,55,589540,16070,94499,13457,0.14885694171699582,0.45575236224472515
2361,0.5365544154174285,6,9,6,589549,16061,94505,13451,0.14877357441920783,0.4557806993765248
2362,0.5366200710144897,49,89,49,589638,15972,94554,13402,0.1479491644744155,0.4562538299176142
2363,0.5366292758880383,11,19,11,589657,15953,94565,13391,0.14777316684575198,0.45634541984732824
2364,0.5368557616918167,3,3,3,589660,15950,94568,13388,0.1477453777464893,0.45633649192173975
2365,0.5368831330807453,6,11,6,589671,15939,94574,13382,0.14764348438252622,0.4563964394120255
2366,0.5370454271143362,47,96,47,589767,15843,94621,13335,0.14675423320612102,0.4570224141476455
2367,0.5371330889476486,92,146,92,589913,15697,94713,13243,0.1454018303753381,0.45760193503800967
2368,0.537134870744433,96,82,96,589995,15615,94809,13147,0.14464226166215866,0.45709616855573326
2369,0.5372037327318476,51,94,51,590089,15521,94860,13096,0.14377153655192856,0.4576300800223643
2370,0.5372378414710078,0,1,0,590090,15520,94860,13096,0.14376227351884102,0.45764607212748115
2371,0.5372541825412063,0,1,0,590091,15519,94860,13096,0.14375301048575345,0.4576620653503407
2372,0.537308815838794,93,81,93,590172,15438,94953,13003,0.14300270480566157,0.45719208185366195
2373,0.5374138608272092,13,21,13,590193,15417,94966,12990,0.14280818111082294,0.45728165592987646
2374,0.5374508413270196,0,4,0,590197,15413,94966,12990,0.14277112897847272,0.45734605499419073
2375,0.5374805854798733,10,13,10,590210,15400,94976,12980,0.1426507095483345,0.4573643410852713
2376,0.5376018332436945,2,6,2,590216,15394,94978,12978,0.14259513134980917,0.45742281122233186
2377,0.5377178330743121,37,42,37,590258,15352,95015,12941,0.1422060839601319,0.45739228784505004
2378,0.5377323658720523,34,43,34,590301,15309,95049,12907,0.14180777353736707,0.45743549759001984
2379,0.5377442691252055,14,20,14,590321,15289,95063,12893,0.141622512875616,0.45749059683485915
2380,0.5377847191504874,20,15,20,590336,15274,95083,12873,0.14148356737930268,0.4573489181795573
2381,0.5378199029045547,5,11,5,590347,15263,95088,12868,0.14138167401533958,0.4574313035441328
2382,0.5378604296597564,34,38,34,590385,15225,95122,12834,0.14102967875801253,0.45739334972736023
2383,0.5379223710132017,101,228,101,590613,14997,95223,12733,0.13891770721405017,0.4591777857915615
2384,0.5379277419030443,87,223,87,590836,14774,95310,12646,0.1368520508355256,0.4611962071480671
2385,0.5379468037483651,9,9,9,590845,14765,95319,12637,0.1367686835377376,0.4611707174658784
2386,0.5380075711683019,195,343,195,591188,14422,95514,12442,0.13359146318870652,0.4631477069684336
2387,0.5380081460408306,4,14,4,591202,14408,95518,12438,0.13346178072548076,0.46330924532518813
2388,0.5380159281119629,1,2,1,591204,14406,95519,12437,0.13344325465930565,0.4633237715605558
2389,0.5380206317946769,4,6,4,591210,14400,95523,12433,0.1333876764607803,0.4633473707747922
2390,0.5380886096341081,1,1,1,591211,14399,95524,12432,0.13337841342769277,0.46334463866423165
2391,0.538107972992048,0,1,0,591212,14398,95524,12432,0.1333691503946052,0.4633619083115915
2392,0.5382578086932697,0,1,0,591213,14397,95524,12432,0.13335988736151766,0.4633791792463379
2393,0.5384390387323228,0,2,0,591215,14395,95524,12432,0.13334136129534255,0.46341372497856637
2394,0.538460965207918,0,2,0,591217,14393,95524,12432,0.13332283522916744,0.463448275862069
2395,0.5385611198940582,46,51,46,591268,14342,95570,12386,0.13285042054170218,0.4634091589344508
2396,0.5386299480717641,96,231,96,591499,14111,95666,12290,0.13071065989847716,0.46551266997462215
2397,0.5387533854266089,20,26,20,591525,14085,95686,12270,0.13046982103820076,0.4655663062037564
2398,0.5388451238263687,98,220,98,591745,13865,95784,12172,0.12843195375893882,0.4674885739524523
2399,0.5388642555637535,0,1,0,591746,13864,95784,12172,0.12842269072585127,0.46750652942080195
2400,0.5389127214856618,1,1,1,591747,13863,95785,12171,0.12841342769276373,0.4675040331873704
2401,0.5391083652509584,38,40,38,591787,13823,95823,12133,0.12804290636926155,0.4674449067652951
2402,0.5391333767463817,48,108,48,591895,13715,95871,12085,0.1270424987958057,0.4684108527131783
2403,0.539170145657664,1,2,1,591897,13713,95872,12084,0.1270239727296306,0.46842656122804976
2404,0.5392106242255823,1,4,1,591901,13709,95873,12083,0.12698692059728037,0.46847859801488834
2405,0.5392423125819363,0,2,0,591903,13707,95873,12083,0.12696839453110526,0.46851492826677005
2406,0.5393269066504816,48,61,48,591964,13646,95921,12035,0.12640334951276447,0.46863439897200265
2407,0.5393292286407567,5,7,5,591971,13639,95926,12030,0.1263385082811516,0.46865869336553817
2408,0.5393724065817883,0,1,0,591972,13638,95926,12030,0.12632924524806402,0.4686769518466573
2409,0.5393867666342274,19,21,19,591993,13617,95945,12011,0.1261347215532254,0.46866708287810205
2410,0.5393948644720952,19,19,19,592012,13598,95964,11992,0.12595872392456187,0.46862055490425947
2411,0.5395191232501563,46,72,46,592084,13526,96010,11946,0.12529178554225795,0.4689855527638191
2412,0.5395420674513602,41,71,41,592155,13455,96051,11905,0.1246341101930416,0.4694400630914827
2413,0.5395661960390418,0,6,0,592161,13449,96051,11905,0.12457853199451628,0.46955115563619154
2414,0.5396306935570224,53,80,53,592241,13369,96104,11852,0.12383748934751194,0.4699258554379287
2415,0.5397038739096407,1,0,1,592241,13369,96105,11851,0.12383748934751194,0.4699048374306106
2416,0.539705048294999,3,6,3,592247,13363,96108,11848,0.12378191114898662,0.46995359168616874
2417,0.5397754327349984,45,37,45,592284,13326,96153,11803,0.12343917892474712,0.46969636674758247
2418,0.5398856764062306,347,537,347,592821,12789,96500,11456,0.11846493015673051,0.4725097958341926
2419,0.5399700173688772,1,2,1,592823,12787,96501,11455,0.11844640409055542,0.4725270192228364
2420,0.539979053523257,311,503,311,593326,12284,96812,11144,0.11378709844751565,0.475670138296056
2421,0.5401178670148921,6,32,6,593358,12252,96818,11138,0.11349068138871392,0.4761864044463446
2422,0.5401606833829373,37,66,37,593424,12186,96855,11101,0.11287932120493534,0.4767037402842788
2423,0.5401617537701973,0,2,0,593426,12184,96855,11101,0.11286079513876024,0.47674468541979814
2424,0.5401731643881602,18,16,18,593442,12168,96873,11083,0.11271258660935937,0.476667670207733
2425,0.5401834635828845,29,49,29,593491,12119,96902,11054,0.11225869798806921,0.4770206706080352
2426,0.5404942974448106,0,2,0,593493,12117,96902,11054,0.1122401719218941,0.47706184454706313
2427,0.5405002590957692,296,504,296,593997,11613,97198,10758,0.1075716032457668,0.48089043851414776
2428,0.5405030355333454,1,1,1,593998,11612,97199,10757,0.10756234021267924,0.48088872993875453
2429,0.5405190323271813,11,35,11,594033,11577,97210,10746,0.10723813405461484,0.48138691036151054
2430,0.5405595618575725,29,41,29,594074,11536,97239,10717,0.10685834969802512,0.4815979867882982
2431,0.5405675413438655,32,65,32,594139,11471,97271,10685,0.1062562525473341,0.48226214118071853
2432,0.5406878915590236,1,3,1,594142,11468,97272,10684,0.10622846344807144,0.4823040808956302
2433,0.5406959195468192,2,1,2,594143,11467,97274,10682,0.10621920041498388,0.4822791096663506
2434,0.5408079134325531,336,488,336,594631,10979,97610,10346,0.10169884026825744,0.485158264947245
2435,0.5408226571120436,337,469,337,595100,10510,97947,10009,0.09735447775019453,0.4877918027194308
2436,0.5408539505312493,1,0,1,595100,10510,97948,10008,0.09735447775019453,0.4877668388731845
2437,0.5408766820270504,26,50,26,595150,10460,97974,9982,0.09689132609581681,0.48830838469817045
2438,0.540920399006166,1,2,1,595152,10458,97975,9981,0.0968728000296417,0.48833113166006165
2439,0.5409734654632541,9,19,9,595171,10439,97984,9972,0.09669680240097818,0.4885600901474695
2440,0.5411532465444052,9,24,9,595195,10415,97993,9963,0.09647448960687688,0.488909608401217
2441,0.541254690225512,1,0,1,595195,10415,97994,9962,0.09647448960687688,0.4888845266722285
2442,0.5412799783821441,25,62,25,595257,10353,98019,9937,0.09590018155544852,0.4897486446525382
2443,0.5413796595969956,44,42,44,595299,10311,98063,9893,0.09551113416577124,0.48965551375965155
2444,0.5414568024978419,1,0,1,595299,10311,98064,9892,0.09551113416577124,0.48963025293273277
2445,0.5414740274191017,0,1,0,595300,10310,98064,9892,0.09550187113268369,0.48965448965448966
2446,0.541484302923156,2,9,2,595309,10301,98066,9890,0.0954185038348957,0.48982219800901394
2447,0.5415212111298717,14,18,14,595327,10283,98080,9876,0.09525176923931972,0.4899052532367677
2448,0.5415735109484796,15,20,15,595347,10263,98095,9861,0.09506650857756864,0.4900119260584377
2449,0.5416202552690941,7,5,7,595352,10258,98102,9854,0.09502019341213087,0.4899562450278441
2450,0.5416207701297516,29,67,29,595419,10191,98131,9825,0.09439957019526474,0.49085731414868106
2451,0.5417848689888753,17,14,17,595433,10177,98148,9808,0.09426988773203898,0.49076807605704276
2452,0.541888052555389,4,0,4,595433,10177,98152,9804,0.09426988773203898,0.4906661328261849
2453,0.5418938631460759,0,3,0,595436,10174,98152,9804,0.09424209863277631,0.4907398137951747
2454,0.5418956235261406,3,19,3,595455,10155,98155,9801,0.09406610100411279,0.49113048707155743
2455,0.5419494959599154,34,67,34,595522,10088,98189,9767,0.09344547778724666,0.49191639385545205
2456,0.541963538489877,5,4,5,595526,10084,98194,9762,0.09340842565489645,0.49188753401189156
2457,0.5419728565860148,0,1,0,595527,10083,98194,9762,0.09339916262180889,0.49191232048374905
2458,0.542016726541761,2,11,2,595538,10072,98196,9760,0.09329726925784579,0.49213392496974584
2459,0.5421030150885947,49,36,49,595574,10036,98245,9711,0.09296380006669384,0.49177090190915074
2460,0.5422213868229915,10,9,10,595583,10027,98255,9701,0.09288043276890585,0.49173763179237634
2461,0.5422324909632197,31,50,31,595633,9977,98286,9670,0.09241728111452814,0.4921871023565939
2462,0.5423012220455817,6,13,6,595646,9964,98292,9664,0.09229686168438994,0.49235785612390465
2463,0.5423572423753875,6,9,6,595655,9955,98298,9658,0.09221349438660195,0.49242849130678634
2464,0.5424776864134453,4,12,4,595667,9943,98302,9654,0.0921023379895513,0.4926264224115936
2465,0.542487352420457,7,29,7,595696,9914,98309,9647,0.09183371003001223,0.4931751955421502
2466,0.542528862395526,2,2,2,595698,9912,98311,9645,0.09181518396383712,0.49317379966252495
2467,0.5426050185045076,0,1,0,595699,9911,98311,9645,0.09180592093074956,0.4931990182041317
2468,0.5426201768244532,24,66,24,595765,9845,98335,9621,0.09119456074697099,0.49424637830062673
2469,0.5426329653655478,0,2,0,595767,9843,98335,9621,0.09117603468079588,0.4942971639950678
2470,0.5426760052227086,3,6,3,595773,9837,98338,9618,0.09112045648227056,0.4943716268311488
2471,0.5426819310373802,0,4,0,595777,9833,98338,9618,0.09108340434992034,0.49447329186160094
2472,0.5427176688078021,5,11,5,595788,9822,98343,9613,0.09098151098595725,0.4946231026498585
2473,0.5427533845346009,6,6,6,595794,9816,98349,9607,0.09092593278743191,0.4946197806723987
2474,0.5427621254537321,1,8,1,595802,9808,98350,9606,0.09085182852273148,0.4947975687648089
2475,0.5428281901430999,12,22,12,595824,9786,98362,9594,0.09064804179480529,0.495046439628483
2476,0.5428359698040377,1,6,1,595830,9780,98363,9593,0.09059246359627997,0.49517369534919736
2477,0.5429124204581928,6,2,6,595832,9778,98369,9587,0.09057393753010486,0.4950684224115673
2478,0.5429729157426191,39,43,39,595875,9735,98408,9548,0.09017562710734003,0.49515116942384485
2479,0.5430110637197882,0,1,0,595876,9734,98408,9548,0.09016636407425248,0.49517684887459806
2480,0.5430539232817196,12,19,12,595895,9715,98420,9536,0.08999036644558894,0.4953508908628123
2481,0.5431021546551063,3,5,3,595900,9710,98423,9533,0.08994405128015118,0.4954009250116926
2482,0.5431125192265749,43,65,43,595965,9645,98466,9490,0.08934195412946015,0.49594983015416777
2483,0.5431211543184749,1,3,1,595968,9642,98467,9489,0.08931416503019748,0.4960012545083895
2484,0.5431290296015525,2,4,2,595972,9638,98469,9487,0.08927711289784727,0.49605228758169934
2485,0.5432143575319721,13,9,13,595981,9629,98482,9474,0.08919374560005928,0.49594304559493274
2486,0.543223226524632,6,22,6,596003,9607,98488,9468,0.0889899588721331,0.4963564875491481
2487,0.5432476501010135,0,5,0,596008,9602,98488,9468,0.08894364370669532,0.4964866282118511
2488,0.5432863625005245,175,174,175,596182,9428,98663,9293,0.08733187594946089,0.4963944233748197
2489,0.5432919453906703,2,3,2,596185,9425,98665,9291,0.08730408685019823,0.49642017525112203
2490,0.5433167256891636,4,1,4,596186,9424,98669,9287,0.08729482381711068,0.4963390518946075
2491,0.5433195216476142,6,7,6,596193,9417,98675,9281,0.0872299825854978,0.4963632474061397
2492,0.5433224866165793,30,31,30,596224,9386,98705,9251,0.08694282855978362,0.496378172452648
2493,0.5434037473066977,0,1,0,596225,9385,98705,9251,0.08693356552669607,0.4964048078986907
2494,0.5434168325623536,0,1,0,596226,9384,98705,9251,0.08692430249360851,0.49643144620338076
2495,0.5434666911489595,4,7,4,596233,9377,98709,9247,0.08685946126199563,0.4965098797250859
2496,0.543526838518766,10,12,10,596245,9365,98719,9237,0.08674830486494498,0.4965595097301365
2497,0.5435815450758273,1,2,1,596247,9363,98720,9236,0.08672977879876986,0.49658583794827676
2498,0.543586345537006,36,53,36,596300,9310,98756,9200,0.0862388380451295,0.4970286331712588
2499,0.5435971808297964,1,1,1,596301,9309,98757,9199,0.08622957501204194,0.49702831208126214
2500,0.5436535533272665,1,4,1,596305,9305,98758,9198,0.08619252287969173,0.49710857698751554
2501,0.5436930810316546,17,24,17,596329,9281,98775,9181,0.08597021008559043,0.4972917343733073
2502,0.5437973466857826,1,0,1,596329,9281,98776,9180,0.08597021008559043,0.49726450354802015
2503,0.5438371118633168,22,27,22,596356,9254,98798,9158,0.08572010819222646,0.497393004562242
2504,0.5439145677321068,29,31,29,596387,9223,98827,9129,0.08543295416651228,0.4974389712292938
2505,0.5439832642986984,0,1,0,596388,9222,98827,9129,0.08542369113342473,0.4974660781428805
2506,0.5439839657760906,41,36,41,596424,9186,98868,9088,0.08509022194227278,0.49731859472474554
2507,0.5440412454185465,0,1,0,596425,9185,98868,9088,0.08508095890918523,0.4973458107590434
2508,0.544052581910121,1,0,1,596425,9185,98869,9087,0.08508095890918523,0.4973183012259194
2509,0.5441413147265137,2,5,2,596430,9180,98871,9085,0.08503464374374746,0.49739939775526965
2510,0.5442005174741762,17,24,17,596454,9156,98888,9068,0.08481233094964616,0.497585601404741
2511,0.5442896837582474,2,8,2,596462,9148,98890,9066,0.08473822668494572,0.4977489842977929
2512,0.5442950697118014,72,71,72,596533,9077,98962,8994,0.08408055133572936,0.49770350284986997
2513,0.5443152223188632,39,55,39,596588,9022,99001,8955,0.08357108451591388,0.49813650775991547
2514,0.5443483577517567,3,13,3,596601,9009,99004,8952,0.08345066508577569,0.4984132286621012
2515,0.5443838988509386,2,2,2,596603,9007,99006,8950,0.08343213901960057,0.49841287520187116
2516,0.5444040856949504,42,53,42,596656,8954,99048,8908,0.0829411982659602,0.4987123502407345
2517,0.5444201407549465,3,6,3,596662,8948,99051,8905,0.08288562006743488,0.49879572060718086
2518,0.5444775728440351,7,13,7,596675,8935,99058,8898,0.08276520063729667,0.4989625974317277
2519,0.5444910895606796,141,138,141,596813,8797,99199,8757,0.0814869020712142,0.49886065853936423
2520,0.5445293441346564,37,40,37,596853,8757,99236,8720,0.08111638074771203,0.49894146592664645
2521,0.5445409103785339,104,113,104,596966,8644,99340,8616,0.0800696580088184,0.499188876013905
2522,0.544605690613788,0,1,0,596967,8643,99340,8616,0.08006039497573085,0.499217799409004
2523,0.5446286482370637,9,11,9,596978,8632,99349,8607,0.07995850161176776,0.4992748999361912
2524,0.5446708528097901,129,128,129,597106,8504,99478,8478,0.07877283337656082,0.4992344835708397
2525,0.5447714412047324,35,39,35,597145,8465,99513,8443,0.07841157508614621,0.4993494203927135
2526,0.5450822917701155,9,22,9,597167,8443,99522,8434,0.07820778835822001,0.4997333649345263
2527,0.5452313358462467,37,48,37,597215,8395,99559,8397,0.07776316277001741,0.5000595521676989
2528,0.5452392636865733,6,18,6,597233,8377,99565,8391,0.07759642817444144,0.500417461832061
2529,0.5452719272861626,45,37,45,597270,8340,99610,8346,0.07725369595020193,0.5001797914419274
2530,0.5452829745149633,17,14,17,597284,8326,99627,8329,0.07712401348697617,0.5000900630441308
2531,0.5454618974882701,8,14,8,597298,8312,99635,8321,0.07699433102375042,0.500270546503938
2532,0.5454637519338392,141,166,141,597464,8146,99776,8180,0.07545666753121642,0.5010412838417249
2533,0.5454901260381471,126,118,126,597582,8028,99902,8054,0.07436362962688503,0.5008083571695063
2534,0.5456240213270436,127,135,127,597717,7893,100029,7927,0.07311312016006521,0.5010745891276864
2535,0.5456757012719499,3,8,3,597725,7885,100032,7924,0.07303901589536478,0.5012334746030742
2536,0.5457700000186412,161,181,161,597906,7704,100193,7763,0.07136240690651748,0.5019072864808948
2537,0.5459765414266251,25,24,25,597930,7680,100218,7738,0.07114009411241617,0.5018809184070567
2538,0.5460275333412881,31,45,31,597975,7635,100249,7707,0.07072325762347623,0.5023464998044583
2539,0.5460401097827811,10,6,10,597981,7629,100259,7697,0.0706676794249509,0.5022184523032754
2540,0.5460686511533951,5,4,5,597985,7625,100264,7692,0.0706306272926007,0.502187112358817
2541,0.5460702094594757,16,26,16,598011,7599,100280,7676,0.07038978843232428,0.5025204582651391
2542,0.5462969048417757,2,3,2,598014,7596,100282,7674,0.07036199933306161,0.5025540275049116
2543,0.5464159715818927,0,1,0,598015,7595,100282,7674,0.07035273629997406,0.5025869408605672
2544,0.5464195254068669,0,2,0,598017,7593,100282,7674,0.07033421023379896,0.5026527805069758
2545,0.5464711136174052,1,2,1,598019,7591,100283,7673,0.07031568416762385,0.5026860587002097
2546,0.54665368643442,25,27,25,598046,7564,100308,7648,0.07006558227425988,0.5027609781751249
2547,0.5466611912558077,8,14,8,598060,7550,100316,7640,0.06993589981103412,0.5029624753127058
2548,0.5468643922084668,10,18,10,598078,7532,100326,7630,0.06976916521545815,0.5032317636195752
2549,0.5469101530342686,5,18,5,598096,7514,100331,7625,0.06960243061988218,0.503666028139243
2550,0.5470427041984897,1,2,1,598098,7512,100332,7624,0.06958390455370707,0.5036997885835095
2551,0.547066621178646,21,32,21,598130,7480,100353,7603,0.06928748749490533,0.5040774381754293
2552,0.547191946733103,10,12,10,598142,7468,100363,7593,0.06917633109785468,0.5041497908505411
2553,0.5472601109492324,4,3,4,598145,7465,100367,7589,0.06914854199859202,0.5041185067091802
2554,0.5474530649276648,1,0,1,598145,7465,100368,7588,0.06914854199859202,0.5040855643393344
2555,0.5474617192947375,3,2,3,598147,7463,100371,7585,0.06913001593241691,0.5040536948431685
2556,0.5475385094465356,176,193,176,598340,7270,100547,7409,0.06734225054651895,0.5047346549492472
2557,0.5476989715214502,2,3,2,598343,7267,100549,7407,0.0673144614472563,0.5047703421016765
2558,0.5480128378251607,5,3,5,598346,7264,100554,7402,0.06728667234799363,0.5047047593072412
2559,0.5480333283875783,2,0,2,598346,7264,100556,7400,0.06728667234799363,0.5046372067648663
2560,0.5480449137244424,3,2,3,598348,7262,100559,7397,0.06726814628181851,0.504604679718944
2561,0.5480834551252916,50,45,50,598393,7217,100609,7347,0.06685130979287858,0.5044630595990113
2562,0.5481746640327537,651,691,651,599084,6526,101260,6696,0.060450553929378634,0.5064286794736046
2563,0.5481807274209258,4,1,4,599085,6525,101264,6692,0.060441290896291085,0.5063176212453658
2564,0.5482370084961019,1,0,1,599085,6525,101265,6691,0.060441290896291085,0.5062802663438256
2565,0.5483249072004683,514,504,514,599589,6021,101779,6177,0.05577272222016377,0.5063944909001475
2566,0.5484201520661824,0,2,0,599591,6019,101779,6177,0.05575419615398866,0.5064775336175795
2567,0.5485443373936906,21,19,21,599610,6000,101800,6156,0.05557819852532513,0.506416584402764
2568,0.5486089317285834,488,460,488,600070,5540,102288,5668,0.051317203305050206,0.5057102069950036
2569,0.5486509773947371,7,11,7,600081,5529,102295,5661,0.05121530994108711,0.5058981233243968
2570,0.5487478242053336,1,1,1,600082,5528,102296,5660,0.051206046907999556,0.5058991776903825
2571,0.548750219676583,2,6,2,600088,5522,102298,5658,0.05115046870947423,0.50608228980322
2572,0.5487760830972517,488,492,488,600580,5030,102786,5170,0.04659305643039757,0.5068627450980392
2573,0.5488357781956816,5,24,5,600604,5006,102791,5165,0.04637074363629627,0.5078163405761479
2574,0.5488709734039378,13,7,13,600611,4999,102804,5152,0.04630590240468339,0.5075362033297212
2575,0.5488940915843092,501,486,501,601097,4513,103305,4651,0.041804068324132054,0.507529463116543
2576,0.5491277058727833,2,6,2,601103,4507,103307,4649,0.041748490125606726,0.5077544779379641
2577,0.5491405744840134,0,1,0,601104,4506,103307,4649,0.04173922709251918,0.5078099399235391
2578,0.5491524804879651,0,5,0,601109,4501,103307,4649,0.041692911927081404,0.5080874316939891
2579,0.5492452760958818,1,1,1,601110,4500,103308,4648,0.04168364889399385,0.5080891998250984
2580,0.5492704756063119,14,22,14,601132,4478,103322,4634,0.04147986216606766,0.5085601404741001
2581,0.5495400620940174,1,0,1,601132,4478,103323,4633,0.04147986216606766,0.5085062012951378
2582,0.5495847745493355,1,2,1,601134,4476,103324,4632,0.04146133609989255,0.5085638998682477
2583,0.5496219140557597,28,57,28,601191,4419,103352,4604,0.04093334321390196,0.5102515792973512
2584,0.5496265472461948,46,49,46,601240,4370,103398,4558,0.040479454592611805,0.5105286738351255
2585,0.5499045549897273,43,76,43,601316,4294,103441,4515,0.039775464077957685,0.5125439891020547
2586,0.5500301615078544,5,4,5,601320,4290,103446,4510,0.03973841194560747,0.5125
2587,0.5500538737266949,32,53,32,601373,4237,103478,4478,0.0392474711919671,0.5138267355134825
2588,0.5501175662811125,0,1,0,601374,4236,103478,4478,0.039238208158879545,0.5138857011705302
2589,0.550183519925053,3,0,3,601374,4236,103481,4475,0.039238208158879545,0.5137182872230514
2590,0.5503144352454944,28,53,28,601427,4183,103509,4447,0.03874726740523917,0.5152954808806489
2591,0.5503473362234013,1,1,1,601428,4182,103510,4446,0.038738004372151615,0.5152990264255911
2592,0.5504154873255084,4,3,4,601431,4179,103514,4442,0.038710215272888954,0.5152534508757685
2593,0.5504434731896788,39,55,39,601486,4124,103553,4403,0.038200748453073474,0.5163597982877918
2594,0.5505683507341584,33,47,33,601533,4077,103586,4370,0.03776538589795843,0.5173434355392447
2595,0.5505956178526911,1,1,1,601534,4076,103587,4369,0.03775612286487087,0.5173475429248076
2596,0.5506058753162362,1,1,1,601535,4075,103588,4368,0.037746859831783316,0.517351652256307
2597,0.5506160389018034,4,1,4,601536,4074,103592,4364,0.03773759679869577,0.5171841668641858
2598,0.5506632355453805,11,26,11,601562,4048,103603,4353,0.037496757938419355,0.5181526008808475
2599,0.5507041678103666,1,1,1,601563,4047,103604,4352,0.0374874949053318,0.518156923443267
2600,0.5507127651549141,0,1,0,601564,4046,103604,4352,0.03747823187224425,0.5182186234817814
2601,0.5507684686771797,11,19,11,601583,4027,103615,4341,0.037302234243580715,0.5187619502868069
2602,0.550815916315573,5,5,5,601588,4022,103620,4336,0.03725591907814295,0.5187843981813831
2603,0.550830189849025,0,2,0,601590,4020,103620,4336,0.03723739301196784,0.5189085686931546
2604,0.5508695091434066,0,2,0,601592,4018,103620,4336,0.03721886694579273,0.5190327986593248
2605,0.5510211145469154,1,0,1,601592,4018,103621,4335,0.03721886694579273,0.5189752184843769
2606,0.5511549579993466,5,6,5,601598,4012,103626,4330,0.0371632887472674,0.5190601774154879
2607,0.551160740291702,1,2,1,601600,4010,103627,4329,0.0371447626810923,0.5191269936443219
2608,0.5511691197097695,0,1,0,601601,4009,103627,4329,0.03713549964800474,0.5191892540177501
2609,0.5512525036513953,39,48,39,601649,3961,103666,4290,0.03669087405980214,0.5199369773360805
2610,0.5513021582022252,7,2,7,601651,3959,103673,4283,0.036672347993627036,0.5196554234409124
2611,0.5513857256690706,7,13,7,601664,3946,103680,4276,0.03655192856348883,0.5200681099489175
2612,0.5514081339526697,5,4,5,601668,3942,103685,4271,0.03651487643113861,0.5200292219651772
2613,0.5514487443741268,13,29,13,601697,3913,103698,4258,0.03624624847159954,0.521111247093379
2614,0.5514977135367738,0,1,0,601698,3912,103698,4258,0.03623698543851198,0.5211750305997552
2615,0.5515664301920603,1,0,1,601698,3912,103699,4257,0.03623698543851198,0.5211164157179581
2616,0.5515836840771507,1,1,1,601699,3911,103700,4256,0.036227722405424434,0.5211215868740051
2617,0.5516009715578256,28,20,28,601719,3891,103728,4228,0.03604246174367335,0.5207537874122429
2618,0.5516550771072501,1,1,1,601720,3890,103729,4227,0.036033198710585794,0.5207589010718245
2619,0.5516857183909709,19,34,19,601754,3856,103748,4208,0.035718255585608955,0.5218253968253969
2620,0.5517921241653817,6,6,6,601760,3850,103754,4202,0.035662677387083626,0.5218579234972678
2621,0.5519913594999561,9,13,9,601773,3837,103763,4193,0.03554225795694542,0.5221668742216687
2622,0.5520242131848523,2,6,2,601779,3831,103765,4191,0.0354866797584201,0.5224382946896036
2623,0.552037652804938,53,44,53,601823,3787,103818,4138,0.03507910630256771,0.5221451104100946
2624,0.5521438911090623,10,13,10,601836,3774,103828,4128,0.034958686872429506,0.5223993925588458
2625,0.5521710140131579,11,10,11,601846,3764,103839,4117,0.03486605654155397,0.5223956350716914
2626,0.5523468343147009,7,26,7,601872,3738,103846,4110,0.034625217681277555,0.5237003058103975
2627,0.5523498326053853,144,126,144,601998,3612,103990,3966,0.03345807551224573,0.5233570863024545
2628,0.552362836971802,0,3,0,602001,3609,103990,3966,0.03343028641298307,0.5235643564356436
2629,0.5523652823754507,2,0,2,602001,3609,103992,3964,0.03343028641298307,0.5234385316255117
2630,0.5523907372938816,16,19,16,602020,3590,104008,3948,0.03325428878431954,0.5237463518174582
2631,0.55254178667576,17,14,17,602034,3576,104025,3931,0.03312460632109378,0.5236445983748501
2632,0.5526059449148415,145,145,145,602179,3431,104170,3786,0.03178146652339842,0.5245947069419427
2633,0.5526194242190406,17,16,17,602195,3415,104187,3769,0.031633257993997556,0.5246380846325167
2634,0.5526235694351705,8,9,8,602204,3406,104195,3761,0.031549890696209566,0.5247662899400027
2635,0.5526577683359789,175,134,175,602338,3272,104370,3586,0.030308644262477306,0.5228929717118693
2636,0.5526979248920898,0,2,0,602340,3270,104370,3586,0.030290118196302198,0.5230455075845974
2637,0.5526998615064153,11,14,11,602354,3256,104381,3575,0.03016043573307644,0.5233494363929146
2638,0.5527247544258574,5,9,5,602363,3247,104386,3570,0.03007706843528845,0.5236907730673317
2639,0.5527668306839952,58,72,58,602435,3175,104444,3512,0.02941013005298455,0.52519814565575
2640,0.5527942519293967,1,0,1,602435,3175,104445,3511,0.02941013005298455,0.5251271313191744
2641,0.5528086799633789,0,1,0,602436,3174,104445,3511,0.029400867019896994,0.525205684367988
2642,0.5528093919149344,3,12,3,602448,3162,104448,3508,0.029289710622846344,0.5259370314842579
2643,0.5528155093385172,130,111,130,602559,3051,104578,3378,0.02826151395012783,0.5254316378908073
2644,0.552822860128921,48,69,48,602628,2982,104626,3330,0.02762236466708659,0.5275665399239544
2645,0.5531585144663383,1,0,1,602628,2982,104627,3329,0.02762236466708659,0.5274916811915703
2646,0.5531794090955068,3,9,3,602637,2973,104630,3326,0.027538997369298605,0.5280203206858232
2647,0.5534412468776149,151,147,151,602784,2826,104781,3175,0.02617733150542814,0.5290784869188468
2648,0.5534653361058325,153,135,153,602919,2691,104934,3022,0.024926822038608323,0.5289690180290565
2649,0.5534934593287509,12,16,12,602935,2675,104946,3010,0.024778613509207455,0.5294635004397538
2650,0.5535337697071452,2,3,2,602938,2672,104948,3008,0.02475082440994479,0.5295774647887324
2651,0.5535619169626127,56,62,56,603000,2610,105004,2952,0.024176516358516434,0.5307443365695793
2652,0.5535629425665015,50,75,50,603075,2535,105054,2902,0.023481788876949867,0.5337502299061982
2653,0.5537917585398995,0,2,0,603077,2533,105054,2902,0.02346326281077476,0.5339466421343146
2654,0.5538247431916548,18,16,18,603093,2517,105072,2884,0.023315054281373895,0.5339751897796704
2655,0.554098610796613,3,3,3,603096,2514,105075,2881,0.02328726518211123,0.5340129749768304
2656,0.5541374594767776,1,0,1,603096,2514,105076,2880,0.02328726518211123,0.5339265850945495
2657,0.5542321160816193,1,1,1,603097,2513,105077,2879,0.023278002149023678,0.5339391691394659
2658,0.5542982754264443,1,1,1,603098,2512,105078,2878,0.023268739115936122,0.5339517625231911
2659,0.5545774744306478,0,1,0,603099,2511,105078,2878,0.02325947608284857,0.5340508443124884
2660,0.5555573045773395,0,1,0,603100,2510,105078,2878,0.023250213049761013,0.5341499628804751
2661,0.5555707662712329,0,2,0,603102,2508,105078,2878,0.023231686983585905,0.5343483104344597
2662,0.5555807163284673,1,0,1,603102,2508,105079,2877,0.023231686983585905,0.5342618384401114
2663,0.5557728333405009,0,1,0,603103,2507,105079,2877,0.023222423950498353,0.5343610698365527
2664,0.5558921662411728,75,47,75,603150,2460,105154,2802,0.022787061395383303,0.5324971493728621
2665,0.5561615172903691,24,38,24,603188,2422,105178,2778,0.022435066138056244,0.5342307692307692
2666,0.5562753422396536,12,6,12,603194,2416,105190,2766,0.02237948793953092,0.5337707448861444
2667,0.5563646598969045,2,4,2,603198,2412,105192,2764,0.0223424358071807,0.5340030911901081
2668,0.5564083984011722,18,47,18,603245,2365,105210,2746,0.021907073252065656,0.5372725494032479
2669,0.5566816409695828,7,7,7,603252,2358,105217,2739,0.021842232020452778,0.5373749264273102
2670,0.5567658294867278,22,38,22,603290,2320,105239,2717,0.021490236763125718,0.5394083780027794
2671,0.5568326866804671,3,4,3,603294,2316,105242,2714,0.0214531846307755,0.5395626242544732
2672,0.5570551129045371,2,4,2,603298,2312,105244,2712,0.021416132498425285,0.5398089171974523
2673,0.5571437000552073,15,44,15,603342,2268,105259,2697,0.0210085590425729,0.543202416918429
2674,0.5572120252229205,1,3,1,603345,2265,105260,2696,0.02098076994331024,0.5434388228179803
2675,0.557316498616482,13,55,13,603400,2210,105273,2683,0.020471303123494756,0.548334355201308
2676,0.5575972429908698,53,53,53,603453,2157,105326,2630,0.019980362369854385,0.5494046375600585
2677,0.5576388344422076,9,6,9,603459,2151,105335,2621,0.01992478417132906,0.5492455993294216
2678,0.5580999689834336,15,15,15,603474,2136,105350,2606,0.019785838675015748,0.5495571488823281
2679,0.5581232120691145,1,0,1,603474,2136,105351,2605,0.019785838675015748,0.549462138789285
2680,0.5582688382591712,2,1,2,603475,2135,105353,2603,0.019776575641928192,0.5493879273955256
2681,0.5583729983850475,0,1,0,603476,2134,105353,2603,0.01976731260884064,0.5495039054253748
2682,0.5584018381696277,60,33,60,603509,2101,105413,2543,0.01946163251695135,0.547588285960379
2683,0.5584296781809226,9,9,9,603518,2092,105422,2534,0.019378265219163363,0.5477734543882404
2684,0.5584989189604377,12,10,12,603528,2082,105434,2522,0.01928563488828782,0.547784535186794
2685,0.5585657468380811,1,0,1,603528,2082,105435,2521,0.01928563488828782,0.5476862915489897
2686,0.5586261303164329,0,1,0,603529,2081,105435,2521,0.019276371855200265,0.5478053020425901
2687,0.5586695412137062,2,0,2,603529,2081,105437,2519,0.019276371855200265,0.547608695652174
2688,0.5587033046031274,10,15,10,603544,2066,105447,2509,0.019137426358886954,0.548415300546448
2689,0.5588155646131729,14,18,14,603562,2048,105461,2495,0.018970691763310978,0.5491965661457187
2690,0.5588838434178558,0,1,0,603563,2047,105461,2495,0.018961428730223426,0.5493174812857772
2691,0.5588873275456118,18,10,18,603573,2037,105479,2477,0.018868798399347884,0.548737261852016
2692,0.558914833625434,2,0,2,603573,2037,105481,2475,0.018868798399347884,0.5485372340425532
2693,0.5591195962632332,9,7,9,603580,2030,105490,2466,0.018803957167735003,0.5484875444839857
2694,0.5592747202894833,3,5,3,603585,2025,105493,2463,0.018757642002297233,0.5487967914438503
2695,0.559339816631266,8,5,8,603590,2020,105501,2455,0.01871132683685946,0.5486033519553073
2696,0.5594287227070357,6,9,6,603599,2011,105507,2449,0.018627959539071474,0.5491031390134529
2697,0.559475224844447,3,8,3,603607,2003,105510,2446,0.01855385527437104,0.5497864688694089
2698,0.5597630813648824,2,16,2,603623,1987,105512,2444,0.018405646744970174,0.5515684946964567
2699,0.5598316230217772,4,6,4,603629,1981,105516,2440,0.01835006854644485,0.5519113322777652
2700,0.5598983748795459,0,1,0,603630,1980,105516,2440,0.018340805513357292,0.5520361990950227
2701,0.5599196719445139,6,2,6,603632,1978,105522,2434,0.018322279447182184,0.5516772438803264
2702,0.5601266486132096,72,50,72,603682,1928,105594,2362,0.017859127792804477,0.5505827505827506
2703,0.5601400390474518,10,2,10,603684,1926,105604,2352,0.01784060172662937,0.5497896213183731
2704,0.5603531907942841,6,11,6,603695,1915,105610,2346,0.01773870836266627,0.550574982398498
2705,0.5605970246881152,113,100,113,603795,1815,105723,2233,0.016812405053910854,0.5516304347826086
2706,0.5606276101412215,4,7,4,603802,1808,105727,2229,0.016747563822297973,0.5521426802080753
2707,0.5606305691602997,1,0,1,603802,1808,105728,2228,0.016747563822297973,0.5520317145688801
2708,0.5606958081885675,1,0,1,603802,1808,105729,2227,0.016747563822297973,0.5519206939281289
2709,0.5607262661709964,60,59,60,603861,1749,105789,2167,0.016201044870132277,0.5533707865168539
2710,0.560768208768713,3,11,3,603872,1738,105792,2164,0.01609915150616918,0.5545873910814967
2711,0.5607882682903031,23,19,23,603891,1719,105815,2141,0.01592315387750565,0.5546632124352332
2712,0.5608411819374204,1,0,1,603891,1719,105816,2140,0.01592315387750565,0.5545478103135527
2713,0.5608667858220056,1,2,1,603893,1717,105817,2139,0.015904627811330542,0.5547199170124482
2714,0.5608737372721683,6,6,6,603899,1711,105823,2133,0.015849049612805217,0.5548907388137357
2715,0.5609089935676732,72,60,72,603959,1651,105895,2061,0.015293267627551966,0.5552262931034483
2716,0.5609224172008642,4,15,4,603974,1636,105899,2057,0.015154322131238653,0.5569997292174383
2717,0.5613320280991096,4,7,4,603981,1629,105903,2053,0.015089480899625774,0.5575774035850082
2718,0.5613533933156478,45,64,45,604045,1565,105948,2008,0.014496646782022305,0.5619927232017912
2719,0.5615093488940512,57,63,57,604108,1502,106005,1951,0.013913075697506392,0.5650159281783956
2720,0.5615373725058129,7,6,7,604114,1496,106012,1944,0.013857497498981066,0.5651162790697675
2721,0.5616953363722844,9,9,9,604123,1487,106021,1935,0.013774130201193079,0.5654587960257159
2722,0.5617030182213224,0,3,0,604126,1484,106021,1935,0.013746341101930416,0.5659549575899385
2723,0.5617354673312064,8,6,8,604132,1478,106029,1927,0.01369076290340509,0.5659324522760646
2724,0.5617662613193927,3,2,3,604134,1476,106032,1924,0.013672236837229982,0.5658823529411765
2725,0.5620715795404465,8,17,8,604151,1459,106040,1916,0.01351476527474156,0.5677037037037037
2726,0.5620886966640094,1,0,1,604151,1459,106041,1915,0.01351476527474156,0.5675755779490219
2727,0.5623382168103064,2,0,2,604151,1459,106043,1913,0.01351476527474156,0.5673190984578885
2728,0.5633157373742536,1,2,1,604153,1457,106044,1912,0.013496239208566452,0.5675274562184625
2729,0.5634248059707501,9,7,9,604160,1450,106053,1903,0.013431397976953573,0.5675514464658514
2730,0.563669683581094,5,14,5,604174,1436,106058,1898,0.013301715513727814,0.5692861427714457
2731,0.5637394441751764,5,9,5,604183,1427,106063,1893,0.013218348215939828,0.5701807228915663
2732,0.5641442212671721,0,1,0,604184,1426,106063,1893,0.013209085182852274,0.5703525158180175
2733,0.5643523024407096,1,5,1,604189,1421,106064,1892,0.013162770017414503,0.5710836100211288
2734,0.5644506023398275,24,29,24,604218,1392,106088,1868,0.012894142057875431,0.5730061349693252
2735,0.5646397562391186,30,45,30,604263,1347,106118,1838,0.012477305568935492,0.5770800627943485
2736,0.5648185872918254,22,31,22,604294,1316,106140,1816,0.012190151543221313,0.5798212005108557
2737,0.5651735180848588,21,20,21,604314,1296,106161,1795,0.012004890881470229,0.5807182141701714
2738,0.565179681057949,0,1,0,604315,1295,106161,1795,0.011995627848382675,0.580906148867314
2739,0.5652139212113132,19,35,19,604350,1260,106180,1776,0.011671421690318278,0.5849802371541502
2740,0.565273408010999,3,3,3,604353,1257,106183,1773,0.011643632591055615,0.5851485148514851
2741,0.5654711857509251,0,1,0,604354,1256,106183,1773,0.011634369557968061,0.5853416969296797
2742,0.5655462981762561,1,0,1,604354,1256,106184,1772,0.011634369557968061,0.5852047556142669
2743,0.5662020555783538,9,5,9,604359,1251,106193,1763,0.01158805439253029,0.5849369608493696
2744,0.5663243933426847,12,10,12,604369,1241,106205,1751,0.011495424061654748,0.5852272727272727
2745,0.5665447120118972,4,5,4,604374,1236,106209,1747,0.011449108896216977,0.5856520281595708
2746,0.5666827416027569,0,1,0,604375,1235,106209,1747,0.011439845863129423,0.5858484238765929
2747,0.5667711291434602,2,2,2,604377,1233,106211,1745,0.011421319796954314,0.5859637340496978
2748,0.5667785042731099,3,7,3,604384,1226,106214,1742,0.011356478565341435,0.5869272237196765
2749,0.5668360050761978,4,1,4,604385,1225,106218,1738,0.01134721553225388,0.5865676679041512
2750,0.5668386470760417,6,4,6,604389,1221,106224,1732,0.011310163399903664,0.5865221808330512
2751,0.5669818692421912,7,10,7,604399,1211,106231,1725,0.011217533069028122,0.5875340599455041
2752,0.5670679817544813,148,105,148,604504,1106,106379,1577,0.010244914594834932,0.58777487886694
2753,0.567339767376468,7,1,7,604505,1105,106386,1570,0.010235651561747378,0.5869158878504673
2754,0.5674041651047119,163,102,163,604607,1003,106549,1407,0.00929082218681685,0.5838174273858922
2755,0.5674136847674254,143,112,143,604719,891,106692,1264,0.008253362481010782,0.5865429234338747
2756,0.5674707011992344,7,1,7,604720,890,106699,1257,0.008244099447923228,0.5854680950163018
2757,0.5675508680771418,0,2,0,604722,888,106699,1257,0.00822557338174812,0.586013986013986
2758,0.5676156769268561,1,6,1,604728,882,106700,1256,0.008169995183222794,0.587464920486436
2759,0.5676938776995585,6,2,6,604730,880,106706,1250,0.008151469117047686,0.5868544600938967
2760,0.5678066783649897,6,2,6,604732,878,106712,1244,0.008132943050872577,0.586239396795476
2761,0.5680666425960557,130,102,130,604834,776,106842,1114,0.00718811367594205,0.5894179894179894
2762,0.5681215641948851,0,1,0,604835,775,106842,1114,0.007178850642854497,0.5897300158814187
2763,0.5683019614452591,159,121,159,604956,654,107001,955,0.00605802363926044,0.5935363579863269
2764,0.5683698989402213,4,2,4,604958,652,107005,951,0.006039497573085331,0.5932626325639426
2765,0.5686431345317573,2,3,2,604961,649,107007,949,0.006011708473822669,0.5938673341677096
2766,0.5686990200312493,16,13,16,604974,636,107023,933,0.005891289043684464,0.5946462715105163
2767,0.5687824597846123,22,19,22,604993,617,107045,911,0.005715291415020934,0.5962041884816754
2768,0.5688362743808851,15,14,15,605007,603,107060,896,0.005585608951795175,0.5977318212141428
2769,0.5689008696808006,0,2,0,605009,601,107060,896,0.005567082885620068,0.5985303941215765
2770,0.5689027249439188,2,2,2,605011,599,107062,894,0.005548556819444959,0.5987943737441394
2771,0.5690539932136642,0,1,0,605012,598,107062,894,0.005539293786357405,0.599195710455764
2772,0.5695826445607166,1,2,1,605014,596,107063,893,0.005520767720182297,0.5997313633310947
2773,0.569709098428606,16,14,16,605028,582,107079,877,0.005391085256956538,0.6010966415352982
2774,0.5698423462910703,29,11,29,605039,571,107108,848,0.005289191892993442,0.5976039464411558
2775,0.5701492404800671,1,0,1,605039,571,107109,847,0.005289191892993442,0.5973201692524682
2776,0.5704989378710255,68,28,68,605067,543,107177,779,0.005029826966541925,0.5892586989409985
2777,0.5722721161082323,8,2,8,605069,541,107185,771,0.0050113009003668165,0.5876524390243902
2778,0.5723065167614794,71,35,71,605104,506,107256,700,0.004687094742302419,0.5804311774461028
2779,0.5732004484837618,60,30,60,605134,476,107316,640,0.004409203749675794,0.5734767025089605
2780,0.5737341476411225,1,8,1,605142,468,107317,639,0.0043350994849753605,0.5772357723577236
2781,0.5746034002025787,2,2,2,605144,466,107319,637,0.004316573418800252,0.5775158658204895
2782,0.574876881537231,74,61,74,605205,405,107393,563,0.0037515284004594465,0.5816115702479339
2783,0.5752525338693284,139,84,139,605289,321,107532,424,0.0029734336211048947,0.5691275167785235
2784,0.5754110597996781,71,46,71,605335,275,107603,353,0.0025473340990774017,0.5621019108280255
2785,0.5754947115685097,2,0,2,605335,275,107605,351,0.0025473340990774017,0.560702875399361
2786,0.5755504226772901,0,2,0,605337,273,107605,351,0.0025288080329022933,0.5625
2787,0.5756529584667502,73,59,73,605396,214,107678,278,0.0019822890807365966,0.5650406504065041
2788,0.5759182189594229,60,39,60,605435,175,107738,218,0.001621030790321983,0.55470737913486
2789,0.5761563951098327,5,6,5,605441,169,107743,213,0.0015654525917966578,0.5575916230366492
2790,0.5762833395507746,77,68,77,605509,101,107820,136,0.0009355663418429731,0.5738396624472574
2791,0.5765380838508566,1,0,1,605509,101,107821,135,0.0009355663418429731,0.5720338983050848
2792,0.5768364099183565,3,7,3,605516,94,107824,132,0.0008707251102300938,0.584070796460177
2793,0.5769320617933202,9,5,9,605521,89,107833,123,0.0008244099447923228,0.5801886792452831
2794,0.5769587764859132,14,9,14,605530,80,107847,109,0.0007410426470043351,0.5767195767195767
2795,0.5776837794668497,7,4,7,605534,76,107854,102,0.0007039905146541183,0.5730337078651685
2796,0.577685654116184,7,6,7,605540,70,107861,95,0.0006484123161287932,0.5757575757575758
2797,0.5778970794326358,0,1,0,605541,69,107861,95,0.000639149283041239,0.5792682926829268
2798,0.5797073891426043,0,1,0,605542,68,107861,95,0.0006298862499536849,0.5828220858895705
2799,0.5804282246100088,0,1,0,605543,67,107861,95,0.0006206232168661307,0.5864197530864198
2800,0.5833678588817898,13,6,13,605549,61,107874,82,0.0005650450183408056,0.5734265734265734
2801,0.5833756922769623,5,8,5,605557,53,107879,77,0.000490940753640372,0.5923076923076923
2802,0.5834513471480026,9,10,9,605567,43,107888,68,0.0003983104227648301,0.6126126126126126
2803,0.5835172216577145,0,1,0,605568,42,107888,68,0.0003890473896772759,0.6181818181818182
2804,0.5835757120741836,1,0,1,605568,42,107889,67,0.0003890473896772759,0.6146788990825688
2805,0.5836369308214953,2,3,2,605571,39,107891,65,0.00036125829041461335,0.625
2806,0.5843340178624541,21,4,21,605575,35,107912,44,0.0003242061580643966,0.5569620253164557
2807,0.5844112713431923,15,6,15,605581,29,107927,29,0.0002686279595390715,0.5
2808,0.5867406565188523,3,5,3,605586,24,107930,26,0.00022231279410130054,0.52
2809,0.5883030266954391,3,3,3,605589,21,107933,23,0.00019452369483863796,0.5227272727272727
2810,0.5892584380914669,4,3,4,605592,18,107937,19,0.0001667345955759754,0.5135135135135135
2811,0.5907618453237662,3,4,3,605596,14,107940,16,0.00012968246322575864,0.5333333333333333
2812,0.5913751375716804,6,4,6,605600,10,107946,10,9.263033087554189e-05,0.5
2813,0.5914662630675841,4,2,4,605602,8,107950,6,7.410426470043351e-05,0.42857142857142855
2814,0.5915298088415962,1,3,1,605605,5,107951,5,4.6315165437770945e-05,0.5
2815,0.5921022283182896,4,2,4,605607,3,107955,1,2.7789099262662567e-05,0.25
2816,0.592308483167551,1,3,1,605610,0,107956,0,0.0,
